{
"metadata": {
    "version": {
        "essentia": "2.1-beta5",
        "essentia_git_sha": "Undefined",
        "extractor": "music 2.0"
    },
    "audio_properties": {
        "analysis": {
            "equal_loudness": 0,
            "length": 29.0017242432,
            "sample_rate": 44100,
            "start_time": 0,
            "downmix": "mix"
        },
        "bit_rate": 192000,
        "length": 199.215606689,
        "lossless": 0,
        "number_channels": 2,
        "replay_gain": -2.02674484253,
        "sample_rate": 48000,
        "codec": "mp3",
        "md5_encoded": "29ec01232b9462dc8c9cab3aa0f2fca8"
    },
    "tags": {
        "file_name": "Greece_Emis Forame To Himona Anixiatika_Marianna Efstratiou.mp3",
        "encoding": ["Lavf58.29.100"]
    }
},
"lowlevel": {
    "average_loudness": 0.0114997047931,
    "barkbands_crest": {
        "max": 22.2941074371,
        "mean": 6.6118555069,
        "min": 2.70023155212,
        "stdev": 2.31052446365
    },
    "barkbands_flatness_db": {
        "max": 0.254196017981,
        "mean": 0.104335561395,
        "min": 0.0409163348377,
        "stdev": 0.0343916602433
    },
    "barkbands_kurtosis": {
        "max": 78.590171814,
        "mean": 2.2868282795,
        "min": -1.55197012424,
        "stdev": 4.22141838074
    },
    "barkbands_skewness": {
        "max": 8.37530994415,
        "mean": -0.253516733646,
        "min": -2.28780055046,
        "stdev": 1.44490551949
    },
    "barkbands_spread": {
        "max": 78.1780395508,
        "mean": 19.2305259705,
        "min": 3.19565606117,
        "stdev": 7.93208026886
    },
    "dissonance": {
        "max": 0.500000059605,
        "mean": 0.488636761904,
        "min": 0.389119893312,
        "stdev": 0.0123838689178
    },
    "dynamic_complexity": 9.11737155914,
    "erbbands_crest": {
        "max": 20.0871639252,
        "mean": 5.70357322693,
        "min": 2.59775066376,
        "stdev": 2.57230019569
    },
    "erbbands_flatness_db": {
        "max": 0.291448950768,
        "mean": 0.161211147904,
        "min": 0.0624469891191,
        "stdev": 0.0598612427711
    },
    "erbbands_kurtosis": {
        "max": 4.90356302261,
        "mean": 0.529707491398,
        "min": -1.74500715733,
        "stdev": 0.937963187695
    },
    "erbbands_skewness": {
        "max": 1.85261571407,
        "mean": -0.0219733472914,
        "min": -1.37157821655,
        "stdev": 0.58757609129
    },
    "erbbands_spread": {
        "max": 152.221557617,
        "mean": 28.0006694794,
        "min": 7.30376434326,
        "stdev": 13.3325805664
    },
    "hfc": {
        "max": 369.412811279,
        "mean": 13.5523357391,
        "min": 1.04948632862e-16,
        "stdev": 34.8954238892
    },
    "loudness_ebu128": {
        "integrated": -19.8547725677,
        "loudness_range": 17.220205307,
        "momentary": {
            "max": -12.8451681137,
            "mean": -125.201293945,
            "min": -300.691009521,
            "stdev": 130.368209839
        },
        "short_term": {
            "max": -16.0920410156,
            "mean": -106.881584167,
            "min": -300.691009521,
            "stdev": 124.341995239
        }
    },
    "melbands_crest": {
        "max": 28.9097614288,
        "mean": 5.87926054001,
        "min": 1.23471665382,
        "stdev": 4.22595119476
    },
    "melbands_flatness_db": {
        "max": 0.354617059231,
        "mean": 0.0837309584022,
        "min": 0.000340193451848,
        "stdev": 0.0669983178377
    },
    "melbands_kurtosis": {
        "max": 294.257507324,
        "mean": 2.76683878899,
        "min": -1.47056794167,
        "stdev": 15.7145519257
    },
    "melbands_skewness": {
        "max": 13.9082803726,
        "mean": 0.715904593468,
        "min": -0.816901147366,
        "stdev": 1.29938971996
    },
    "melbands_spread": {
        "max": 166.929595947,
        "mean": 64.124961853,
        "min": 1.67852950096,
        "stdev": 52.5482940674
    },
    "pitch_salience": {
        "max": 0.980839788914,
        "mean": 0.770584642887,
        "min": 0.262243688107,
        "stdev": 0.0675905644894
    },
    "silence_rate_20dB": {
        "max": 1,
        "mean": 0.994400024414,
        "min": 0,
        "stdev": 0.0746237412095
    },
    "silence_rate_30dB": {
        "max": 1,
        "mean": 0.972000002861,
        "min": 0,
        "stdev": 0.164972737432
    },
    "silence_rate_60dB": {
        "max": 1,
        "mean": 0.612800002098,
        "min": 0,
        "stdev": 0.487110435963
    },
    "spectral_centroid": {
        "max": 11849.9853516,
        "mean": 5094.72705078,
        "min": 524.515075684,
        "stdev": 4502.58691406
    },
    "spectral_complexity": {
        "max": 59,
        "mean": 12.3240003586,
        "min": 0,
        "stdev": 15.7997732162
    },
    "spectral_decrease": {
        "max": 2.30226604443e-28,
        "mean": -2.99065194831e-09,
        "min": -1.43158530364e-07,
        "stdev": 1.08982511904e-08
    },
    "spectral_energy": {
        "max": 0.573818564415,
        "mean": 0.012516643852,
        "min": 9.6298282806e-21,
        "stdev": 0.0438846573234
    },
    "spectral_energyband_high": {
        "max": 0.0323123298585,
        "mean": 0.000383926177165,
        "min": 6.96878421105e-21,
        "stdev": 0.00175929209217
    },
    "spectral_energyband_low": {
        "max": 0.22348600626,
        "mean": 0.00143876124639,
        "min": 1.32228675607e-23,
        "stdev": 0.0102715790272
    },
    "spectral_energyband_middle_high": {
        "max": 0.119557581842,
        "mean": 0.0049636028707,
        "min": 1.07865502983e-21,
        "stdev": 0.00986725371331
    },
    "spectral_energyband_middle_low": {
        "max": 0.493108719587,
        "mean": 0.00600489694625,
        "min": 1.32725430785e-22,
        "stdev": 0.0335256643593
    },
    "spectral_entropy": {
        "max": 9.82459259033,
        "mean": 8.56810665131,
        "min": 7.08001327515,
        "stdev": 0.942508041859
    },
    "spectral_flux": {
        "max": 0.612237811089,
        "mean": 0.041693970561,
        "min": 6.28215326981e-11,
        "stdev": 0.0676430985332
    },
    "spectral_kurtosis": {
        "max": 14.5842170715,
        "mean": 2.70424246788,
        "min": -1.28011667728,
        "stdev": 3.23163485527
    },
    "spectral_rms": {
        "max": 0.0236605796963,
        "mean": 0.00188888132107,
        "min": 3.06511912206e-12,
        "stdev": 0.00293998210691
    },
    "spectral_rolloff": {
        "max": 19832.0800781,
        "mean": 8117.01025391,
        "min": 86.1328125,
        "stdev": 8086.81542969
    },
    "spectral_skewness": {
        "max": 2.81406378746,
        "mean": 1.09343671799,
        "min": -0.0866191908717,
        "stdev": 0.855650067329
    },
    "spectral_spread": {
        "max": 42847348,
        "mean": 17146322,
        "min": 2604184,
        "stdev": 17658386
    },
    "spectral_strongpeak": {
        "max": 9.36469841003,
        "mean": 0.54164069891,
        "min": 0,
        "stdev": 0.967547535896
    },
    "zerocrossingrate": {
        "max": 0.7744140625,
        "mean": 0.233778908849,
        "min": 0.01416015625,
        "stdev": 0.204607143998
    },
    "barkbands": {
        "max": [0.0103079034016, 0.133659794927, 0.118024155498, 0.0481892600656, 0.0686080008745, 0.216546669602, 0.313790440559, 0.102624282241, 0.128501296043, 0.0182117242366, 0.0087338835001, 0.0241931937635, 0.067377269268, 0.026208050549, 0.030286418274, 0.0230357013643, 0.00875876285136, 0.0117496605963, 0.0186758860946, 0.0277903694659, 0.0111002307385, 0.0082849888131, 0.00690730242059, 0.00164557050448, 0.000480420159874, 0.000559543026611, 1.03535121525e-05],
        "mean": [4.17692863266e-05, 0.000606931804214, 0.000602596905082, 0.000337833480444, 0.000910303497221, 0.0016305022873, 0.00172234559432, 0.000600401195697, 0.000649512978271, 0.000632464070804, 0.000296238984447, 0.00046442967141, 0.000693647016305, 0.000657682772726, 0.000738565693609, 0.000612679927144, 0.000348015251802, 0.000218457789742, 0.000220975780394, 0.000232826452702, 0.000106457388029, 7.43470445741e-05, 6.43914099783e-05, 3.31864030159e-05, 1.57038666657e-05, 4.32861179434e-06, 5.13251237066e-08],
        "min": [1.23404099854e-25, 3.71648470142e-25, 7.47693089546e-26, 1.84440067679e-25, 5.61834861966e-24, 2.87797599697e-24, 2.07235968612e-24, 2.73170106919e-24, 9.63853130965e-24, 1.37616090718e-23, 3.45017309913e-24, 1.70569887287e-23, 1.92156056216e-23, 2.0537865872e-23, 2.2799457512e-23, 3.21044394983e-23, 6.53694196059e-23, 7.20768766911e-23, 1.10976586115e-22, 1.23549754145e-22, 2.12632850055e-22, 2.7463166265e-22, 3.69510753133e-22, 5.43807840959e-22, 7.74456330335e-22, 1.15828004951e-21, 1.95659032193e-21],
        "stdev": [0.000465943303425, 0.00584203749895, 0.00456938240677, 0.00251138629392, 0.00528365233913, 0.0118575692177, 0.0159468725324, 0.00473506934941, 0.00437399884686, 0.00163670547772, 0.000641210062895, 0.0013654489303, 0.00318640633486, 0.00143475749064, 0.00173548271414, 0.00139439466875, 0.000704270496499, 0.000627749483101, 0.00102522654925, 0.00130141922273, 0.000558643077966, 0.000421990349423, 0.000390166620491, 0.000108081294456, 2.97055630654e-05, 1.90754326468e-05, 5.81688823331e-07]
    },
    "erbbands": {
        "max": [4.02567720413, 28.7475910187, 126.430557251, 115.547462463, 134.871185303, 259.703613281, 1918.13366699, 1484.24255371, 5520.67529297, 4348.91601562, 2659.58862305, 2196.4621582, 369.440673828, 716.725036621, 405.143188477, 1089.16357422, 2809.38818359, 1025.43286133, 1554.39367676, 1422.49475098, 800.149169922, 492.750518799, 649.464904785, 885.930603027, 1426.50732422, 803.872741699, 652.28527832, 365.798217773, 217.694580078, 367.250305176, 226.938293457, 82.2352294922, 13.8034114838, 7.74538803101, 2.9345741272, 2.83755779266, 0.85494184494, 0.0256494730711, 0.00173506722786, 0.000811532605439],
        "mean": [0.0163594279438, 0.145978093147, 0.641034305096, 1.00188088417, 2.02323365211, 2.97295498848, 9.54869651794, 12.3431615829, 26.5041866302, 15.4677143097, 15.3683185577, 13.9215965271, 18.0491027832, 15.3834114075, 13.4811983109, 20.5866718292, 31.1953277588, 32.556224823, 37.616859436, 38.1851387024, 31.0163593292, 19.558095932, 13.1300449371, 9.53560638428, 13.9344797134, 9.72524166107, 5.75903224945, 3.3941257, 2.51763749123, 2.4950928688, 1.69304788113, 0.991743147373, 0.425020813942, 0.209503665566, 0.0954731851816, 0.0350036472082, 0.00408448046073, 0.00015707280545, 2.03369745577e-05, 1.6778749341e-05],
        "min": [4.46809617649e-23, 2.42516819654e-22, 1.21684377045e-21, 3.23562117137e-21, 6.35965939396e-21, 1.81190633538e-20, 2.99322380924e-20, 7.10812650109e-20, 8.29057084697e-20, 1.49103402542e-19, 1.69855916545e-19, 2.95073625869e-19, 3.46874570959e-19, 6.51072102382e-19, 7.11746575794e-19, 9.42129456184e-19, 1.1140076613e-18, 1.90981238265e-18, 1.77355236791e-18, 2.33482481241e-18, 2.76229582975e-18, 3.97538783772e-18, 4.3996657311e-18, 5.51622803633e-18, 6.16685066945e-18, 6.45880861614e-18, 9.1209715444e-18, 9.08804975602e-18, 1.03765961455e-17, 1.07483435205e-17, 1.00602864152e-17, 1.03136543183e-17, 8.51202682004e-18, 7.21138456848e-18, 6.07378333796e-18, 3.56329927784e-18, 2.12758732444e-18, 8.76508080817e-19, 2.51555783089e-19, 2.77412434449e-20],
        "stdev": [0.18547898531, 1.32880544662, 4.8442864418, 6.73825979233, 11.2540445328, 18.4695224762, 78.9807815552, 86.6308135986, 266.833618164, 149.20602417, 118.710121155, 80.4472198486, 44.9884605408, 39.0734481812, 28.9235134125, 63.7123908997, 137.869903564, 73.2562332153, 88.7650985718, 88.4281539917, 65.7312927246, 39.8624191284, 35.7654418945, 38.8660011292, 75.6438293457, 48.1165313721, 30.0527667999, 15.9340486526, 11.9364490509, 17.2527294159, 10.5407180786, 4.70645904541, 1.00617825985, 0.416785120964, 0.188957169652, 0.104454629123, 0.0295853093266, 0.00104741100222, 0.000113600675832, 5.75022713747e-05]
    },
    "gfcc": {
        "mean": [-523.217407227, 38.1475639343, -112.832771301, 6.17520523071, -46.6126747131, 12.3242778778, -32.0892677307, 5.47760057449, -13.5471715927, 1.82904529572, -9.89852619171, -3.12672424316, -2.04233551025],
        "cov": [[327165.15625, 15596.1347656, -49658.9570312, 2715.76147461, -19858.9042969, 5439.51416016, -13777.3417969, 2450.16381836, -5928.09814453, 808.508789062, -4295.01513672, -1282.00976562, -849.287536621], [15596.1347656, 1620.02929688, -1806.98278809, 379.556976318, -946.918212891, 145.58757019, -705.901977539, 13.2304782867, -281.715698242, -6.87024784088, -169.088867188, -143.879714966, -74.5143432617], [-49658.9570312, -1806.98278809, 8331.26464844, -61.4321632385, 3129.78979492, -912.658508301, 2099.27587891, -448.521881104, 891.499023438, -138.249023438, 683.410339355, 164.566818237, 73.3831787109], [2715.76147461, 379.556976318, -61.4321632385, 276.154266357, -90.7284927368, 25.8230686188, -95.7094192505, -14.3256120682, -40.2048606873, -12.5125837326, -15.8060560226, -26.2296409607, -23.6819572449], [-19858.9042969, -946.918212891, 3129.78979492, -90.7284927368, 1328.82250977, -306.693878174, 871.339782715, -140.978164673, 367.930633545, -44.7787590027, 267.065643311, 87.1641540527, 48.1323738098], [5439.51416016, 145.58757019, -912.658508301, 25.8230686188, -306.693878174, 190.235321045, -181.108581543, 93.4330215454, -83.2530212402, 27.776966095, -78.8483505249, -1.73429501057, -1.99768507481], [-13777.3417969, -705.901977539, 2099.27587891, -95.7094192505, 871.339782715, -181.108581543, 684.524841309, -52.322681427, 275.280731201, -29.9958686829, 188.901702881, 58.7678756714, 42.1194801331], [2450.16381836, 13.2304782867, -448.521881104, -14.3256120682, -140.978164673, 93.4330215454, -52.322681427, 90.1898193359, -20.8472366333, 23.4556865692, -34.8335113525, 9.00992584229, 1.71575605869], [-5928.09814453, -281.715698242, 891.499023438, -40.2048606873, 367.930633545, -83.2530212402, 275.280731201, -20.8472366333, 143.866485596, -2.34101986885, 88.9011688232, 24.7095451355, 21.3472614288], [808.508789062, -6.87024784088, -138.249023438, -12.5125837326, -44.7787590027, 27.776966095, -29.9958686829, 23.4556865692, -2.34101986885, 40.3602752686, 0.469550430775, 10.816567421, -2.28167366982], [-4295.01513672, -169.088867188, 683.410339355, -15.8060560226, 267.065643311, -78.8483505249, 188.901702881, -34.8335113525, 88.9011688232, 0.469550430775, 88.2395782471, 21.6123638153, 14.5951108932], [-1282.00976562, -143.879714966, 164.566818237, -26.2296409607, 87.1641540527, -1.73429501057, 58.7678756714, 9.00992584229, 24.7095451355, 10.816567421, 21.6123638153, 39.4719085693, 14.7946825027], [-849.287536621, -74.5143432617, 73.3831787109, -23.6819572449, 48.1323738098, -1.99768507481, 42.1194801331, 1.71575605869, 21.3472614288, -2.28167366982, 14.5951108932, 14.7946825027, 31.7544841766]],
        "icov": [[0.000251630728599, -0.000489033234771, 0.00101128779352, -0.00128469010815, 0.000257209176198, 0.000144859586726, 0.000170544633875, -0.000749519909732, 0.00142045703251, -0.00107656803448, 0.000513220729772, -0.000447242811788, 0.000661023310386], [-0.000489033234771, 0.00376415345818, -0.00308601325378, 0.00055172300199, 0.00167014752515, -0.00112302799243, 0.00264738290571, -0.000556076818611, -0.0019268442411, 0.00281270896085, -0.00389156234451, 0.0071451771073, -0.00283000292256], [0.00101128779352, -0.00308601325378, 0.00702456478029, -0.00604933826253, -0.0023841932416, 0.00410540960729, -0.00353177590296, 0.000937433447689, 0.00377612560987, -0.00501428591087, 0.00341257150285, -0.00634922925383, 0.00605773366988], [-0.00128469010815, 0.00055172300199, -0.00604933826253, 0.0135851316154, -0.00186383200344, -0.00445124087855, 0.000851133372635, 0.00372487748973, -0.00678024720401, 0.00807711109519, -0.00415892433375, 0.00109437212814, -0.00119861820713], [0.000257209176198, 0.00167014752515, -0.0023841932416, -0.00186383200344, 0.012757233344, -0.00323467468843, -0.00219969940372, 0.00234786840156, -0.00144959019963, 5.10751742695e-05, -0.000194677675609, -0.00138658448122, -0.000117911971756], [0.000144859586726, -0.00112302799243, 0.00410540960729, -0.00445124087855, -0.00323467468843, 0.0218237228692, -0.00567884510383, -0.00860324222594, 0.00331334234215, -0.00681216688827, 0.00860074069351, -0.00529807154089, -0.00149632967077], [0.000170544633875, 0.00264738290571, -0.00353177590296, 0.000851133372635, -0.00219969940372, -0.00567884510383, 0.0229632873088, -0.0153676830232, -0.00390638969839, 0.0090915011242, -0.0111168194562, 0.0120638757944, -0.00431305589154], [-0.000749519909732, -0.000556076818611, 0.000937433447689, 0.00372487748973, 0.00234786840156, -0.00860324222594, -0.0153676830232, 0.0441191010177, -0.0176925361156, -0.00534276058897, 0.0123259862885, -0.0174386762083, 0.00713002961129], [0.00142045703251, -0.0019268442411, 0.00377612560987, -0.00678024720401, -0.00144959019963, 0.00331334234215, -0.00390638969839, -0.0176925361156, 0.0524699836969, -0.0151948742568, -0.0106540527195, 0.0126352244988, -0.00912594236434], [-0.00107656803448, 0.00281270896085, -0.00501428591087, 0.00807711109519, 5.10751742695e-05, -0.00681216688827, 0.0090915011242, -0.00534276058897, -0.0151948742568, 0.0488054193556, -0.0190612599254, -0.00812056101859, 0.00940835289657], [0.000513220729772, -0.00389156234451, 0.00341257150285, -0.00415892433375, -0.000194677675609, 0.00860074069351, -0.0111168194562, 0.0123259862885, -0.0106540527195, -0.0190612599254, 0.0539755821228, -0.0165861994028, -0.00276599265635], [-0.000447242811788, 0.0071451771073, -0.00634922925383, 0.00109437212814, -0.00138658448122, -0.00529807154089, 0.0120638757944, -0.0174386762083, 0.0126352244988, -0.00812056101859, -0.0165861994028, 0.0656890496612, -0.0250563398004], [0.000661023310386, -0.00283000292256, 0.00605773366988, -0.00119861820713, -0.000117911971756, -0.00149632967077, -0.00431305589154, 0.00713002961129, -0.00912594236434, 0.00940835289657, -0.00276599265635, -0.0250563398004, 0.0528136231005]]
    },
    "melbands": {
        "max": [0.0374121777713, 0.0545411594212, 0.0172277558595, 0.0181927904487, 0.0503158681095, 0.0344570614398, 0.0740957036614, 0.0395603999496, 0.0214556828141, 0.0119157740846, 0.00185393809807, 0.00309265241958, 0.00109422113746, 0.00299166562036, 0.00601865537465, 0.00645314902067, 0.00128822796978, 0.00321908760816, 0.0024986914359, 0.00225713080727, 0.000934068462811, 0.000589245639276, 0.000739215873182, 0.00074626901187, 0.000730042112991, 0.00076472904766, 0.00174906593747, 0.000403995712986, 0.000398790609324, 0.000291941367323, 0.000195820161025, 0.000121875986224, 0.000192424849956, 0.00020438588399, 0.000117263669381, 0.000104437916889, 3.16857986036e-05, 8.58879684529e-06, 1.03121083157e-05, 5.48564230485e-06],
        "mean": [0.000157531234436, 0.000281790125882, 0.000196544831851, 0.000189835292986, 0.000278193911072, 0.000315279612551, 0.00037662871182, 0.000149896353832, 0.000129437583382, 8.35105383885e-05, 9.29556699703e-05, 6.69803048368e-05, 4.22592129325e-05, 4.78045294585e-05, 6.56081974739e-05, 6.80226730765e-05, 5.91061289015e-05, 5.97174039285e-05, 5.60272455914e-05, 4.64839213237e-05, 3.37754718203e-05, 2.10001162486e-05, 1.46327165567e-05, 9.43309623835e-06, 7.25607742424e-06, 8.80955394678e-06, 1.11257013486e-05, 5.36658944839e-06, 3.81832614949e-06, 2.60507931671e-06, 1.78609354862e-06, 1.44731154705e-06, 1.36891412694e-06, 1.35103027787e-06, 9.48872298068e-07, 8.73591261552e-07, 5.03939133978e-07, 3.11256115992e-07, 2.14679772625e-07, 1.62496775147e-07],
        "min": [6.15309090186e-25, 1.02746362031e-24, 7.34161684483e-25, 9.93208913224e-25, 1.09086003253e-24, 1.5129197467e-24, 8.64487718306e-25, 1.80400537781e-24, 1.4909306434e-24, 1.29155847416e-24, 1.4417833271e-24, 2.24401266365e-24, 1.43852237334e-24, 2.63539140785e-24, 1.76451993128e-24, 1.72256574454e-24, 2.53651065161e-24, 2.46863252338e-24, 2.08024119543e-24, 2.11158678071e-24, 2.23960628385e-24, 3.52563237788e-24, 3.01527408208e-24, 3.24660931747e-24, 3.656881872e-24, 3.32772571499e-24, 3.29908414767e-24, 3.69835860067e-24, 4.46269894794e-24, 3.33159586659e-24, 4.9430955177e-24, 5.05044804842e-24, 4.52614348068e-24, 4.79120232255e-24, 4.73847722623e-24, 4.6690034296e-24, 4.97724609515e-24, 5.27728855159e-24, 6.0331391778e-24, 4.99937837671e-24],
        "stdev": [0.00162544671912, 0.00211448641494, 0.00108859420288, 0.00114305887837, 0.00217788107693, 0.0022716447711, 0.00361567665823, 0.00141653569881, 0.00102040183265, 0.000440676987637, 0.000233411847148, 0.000174133470864, 8.95090270205e-05, 0.000130109256133, 0.000269228738034, 0.000315642158967, 0.000122385259601, 0.000151808402734, 0.000140222779009, 0.000110688451969, 7.19637901057e-05, 4.34563371527e-05, 3.91506655433e-05, 2.96474609058e-05, 3.15450997732e-05, 4.28315870522e-05, 7.31484833523e-05, 2.54306251009e-05, 1.93538398889e-05, 1.43924153235e-05, 8.28097563499e-06, 6.5016993176e-06, 9.11017286853e-06, 9.13163785299e-06, 5.64802667213e-06, 5.64859283259e-06, 1.91950539374e-06, 7.35251035167e-07, 4.74927503546e-07, 3.18769025398e-07]
    },
    "melbands128": {
        "max": [0.00818799622357, 0.0289434678853, 0.0582529231906, 0.0493111759424, 0.0680523142219, 0.0537619143724, 0.0257864706218, 0.0198952816427, 0.0151155106723, 0.0334247872233, 0.0174627453089, 0.0317934527993, 0.0812942162156, 0.0844732969999, 0.0480152331293, 0.0589572265744, 0.132462561131, 0.108566887677, 0.0655912458897, 0.0690372735262, 0.0246727857739, 0.0301267150789, 0.0263245943934, 0.0534306541085, 0.010418843478, 0.00488711241633, 0.00273250020109, 0.00329024810344, 0.00437198625877, 0.00440687686205, 0.0030768790748, 0.00212095165625, 0.00105404900387, 0.00173766014632, 0.00270130974241, 0.0050079645589, 0.00268513057381, 0.00664675608277, 0.00732665276155, 0.00791592523456, 0.0108221629634, 0.00376804592088, 0.00155167968478, 0.00155241973698, 0.00412024697289, 0.00495824031532, 0.00290366262197, 0.00425736187026, 0.00210189423524, 0.00327591388486, 0.0026935946662, 0.00243436475284, 0.00156548130326, 0.000811129692011, 0.000892632117029, 0.000627148314379, 0.000452439358924, 0.000677238043863, 0.00122431199998, 0.000743466429412, 0.00119334156625, 0.000344630156178, 0.000415484857513, 0.00117190822493, 0.00145309895743, 0.000999083393253, 0.000914522388484, 0.00177661131602, 0.0027632501442, 0.000597653677687, 0.000325676053762, 0.000571616750676, 0.000319368205965, 0.000293135672109, 0.000678038282786, 0.000302671454847, 0.000269057461992, 0.00022563082166, 0.000184961347259, 0.000203370014788, 0.000166722937138, 0.000122249432025, 0.000113667847472, 0.000198426729185, 0.000417830160586, 0.000199573201826, 0.000193750602193, 0.000187716897926, 6.60943915136e-05, 0.000249048636761, 0.000142458695336, 0.00010025640222, 5.55671031179e-05, 2.97894475807e-05, 1.93247069546e-05, 1.07959313027e-05, 8.12915186543e-06, 1.61762054631e-05, 1.16753135444e-05, 6.38071742287e-06, 7.55434393795e-06, 5.43486157767e-06, 3.90156810681e-06, 3.10217706101e-06, 3.87992668038e-06, 3.12696397486e-06, 3.61727006748e-06, 9.22116669244e-06, 3.0790438359e-06, 4.7745224947e-06, 5.50971526536e-06, 4.63815922558e-06, 2.43296699409e-06, 9.4303146625e-07, 1.18821724016e-07, 1.10585162361e-07, 1.01684712206e-07, 8.0871792818e-08, 5.90542441614e-08, 6.90373767043e-08, 5.77095100596e-08, 5.09985298436e-08, 6.22008258233e-08, 5.44106342204e-08, 3.39264403237e-08, 4.40292211579e-08, 5.3907811548e-08, 6.06185537322e-08],
        "mean": [3.4955330193e-05, 0.000124190977658, 0.000197581379325, 0.000243034242885, 0.000330965151079, 0.000275455298834, 0.000205929463846, 0.000154256253154, 0.000200305003091, 0.00024730435689, 0.000132552944706, 0.000135451366077, 0.000355150637915, 0.000425040401751, 0.000211765262065, 0.000252540776273, 0.000555821112357, 0.000378025899408, 0.000202997442102, 0.000171126244823, 0.000111375054985, 0.000115824805107, 0.000139608280733, 0.00014340292546, 7.80594928074e-05, 6.86328494339e-05, 6.7171662522e-05, 8.81466330611e-05, 0.000135269510793, 7.15449132258e-05, 4.73041400255e-05, 4.27358609159e-05, 4.12255540141e-05, 4.12882691307e-05, 4.63462638436e-05, 4.80748276459e-05, 5.23158305441e-05, 6.90893793944e-05, 7.25309510017e-05, 6.73482063576e-05, 7.3479321145e-05, 5.64606561966e-05, 6.04536471656e-05, 5.80081505177e-05, 5.98750993959e-05, 6.04720698902e-05, 5.85389607295e-05, 5.79437546548e-05, 5.5134332797e-05, 5.00548485434e-05, 4.54777546111e-05, 4.35000110883e-05, 3.61471611541e-05, 3.06079018628e-05, 2.52428835665e-05, 2.04549887712e-05, 1.71036863321e-05, 1.55591333169e-05, 1.431070541e-05, 1.13907826744e-05, 9.69439770415e-06, 7.52810774429e-06, 6.56416568745e-06, 7.60047123549e-06, 7.74881300458e-06, 7.49546597945e-06, 1.00665920399e-05, 1.3205642972e-05, 1.21465800476e-05, 7.05188358552e-06, 4.75714887216e-06, 4.98003419125e-06, 4.48446689916e-06, 3.22853020407e-06, 3.69941153622e-06, 2.80588346868e-06, 2.11293559005e-06, 1.7848490188e-06, 1.81025302481e-06, 1.69571455899e-06, 1.60912065894e-06, 1.27371379222e-06, 1.17563070035e-06, 1.28835984015e-06, 1.65954122622e-06, 1.52799361786e-06, 1.23154507037e-06, 1.04216383079e-06, 7.92165280927e-07, 1.0146702607e-06, 1.04718856164e-06, 8.00320322014e-07, 6.57027385387e-07, 5.08876041749e-07, 4.13544569255e-07, 3.40004277177e-07, 2.98114969155e-07, 2.51031906373e-07, 2.18811379682e-07, 1.91715713527e-07, 1.83858929859e-07, 1.56719082156e-07, 1.40044363661e-07, 1.24853144712e-07, 1.06194349314e-07, 9.17768758768e-08, 7.87124605495e-08, 7.88874316981e-08, 6.1892500014e-08, 4.58159767902e-08, 3.58594292038e-08, 1.3278339317e-08, 6.13641448766e-09, 2.08968820026e-09, 5.82068282462e-10, 5.06359731922e-10, 3.81893183743e-10, 3.08147229955e-10, 2.86248025283e-10, 2.55049398268e-10, 1.99697772207e-10, 2.08815548186e-10, 1.92324933757e-10, 1.61352556316e-10, 1.20143339721e-10, 1.18801690707e-10, 1.44760203824e-10, 1.5734312464e-10],
        "min": [2.20071515773e-26, 2.84438344e-25, 1.37834190051e-25, 6.64053742292e-26, 3.64380719275e-25, 3.05964077803e-26, 1.31255718725e-25, 7.76057939248e-26, 1.4056587978e-25, 4.29154729152e-25, 1.94890835322e-25, 1.6906832408e-25, 1.06838082474e-25, 4.49141309046e-25, 2.13740111984e-25, 2.4257154826e-25, 3.16252759181e-25, 3.65403354179e-25, 2.15906102163e-25, 6.4281627552e-25, 4.83897534454e-25, 3.94930639728e-25, 3.5256067399e-25, 1.79299763739e-25, 6.77147551419e-25, 4.09205201068e-25, 4.46914305407e-25, 4.33565447688e-25, 6.9221622452e-25, 5.60966976919e-25, 4.86931049762e-25, 4.8729446812e-25, 5.881392908e-25, 3.27407055166e-25, 5.45554656287e-25, 7.73632044053e-25, 3.23056783096e-25, 5.85971451728e-25, 7.89394865446e-25, 1.01979244105e-24, 9.16792450373e-25, 1.48397101667e-24, 5.49012973192e-25, 7.48980535196e-25, 8.09217658095e-25, 1.00813761282e-24, 7.39271728212e-25, 7.38168111806e-25, 1.07814290448e-24, 1.05200123738e-24, 1.43116654122e-24, 8.77866404828e-25, 9.7023826974e-25, 1.0926690878e-24, 1.03380951326e-24, 1.48091773053e-24, 1.75073064266e-24, 1.96733626723e-24, 1.31270142554e-24, 1.50840213751e-24, 1.58069936593e-24, 1.75704961572e-24, 1.55745153644e-24, 1.81056081194e-24, 1.78100594091e-24, 2.26540302153e-24, 8.12851151425e-25, 2.10206996275e-24, 1.58866705829e-24, 2.02858441398e-24, 1.92341880291e-24, 1.68170117193e-24, 2.00188443057e-24, 2.35624646844e-24, 2.16308578997e-24, 2.39780701358e-24, 2.22380717486e-24, 1.73784321926e-24, 3.23849095268e-24, 2.78591790148e-24, 3.06095642545e-24, 2.35962299033e-24, 1.57722847655e-24, 1.86594476394e-24, 2.85867079568e-24, 3.08773805597e-24, 2.09420699168e-24, 3.03678888276e-24, 2.13823785475e-24, 2.88228199422e-24, 2.67853026645e-24, 3.25505565118e-24, 2.80656574403e-24, 3.24026924238e-24, 2.72484014868e-24, 3.19867734001e-24, 3.46555273134e-24, 3.04364013972e-24, 3.44063064319e-24, 4.3699963531e-24, 4.40587138048e-24, 4.06115454769e-24, 3.90928304622e-24, 3.64694261902e-24, 3.45224622559e-24, 4.05619971235e-24, 3.77477950086e-24, 4.73194743009e-24, 4.26234681625e-24, 3.94900258723e-24, 3.95273981576e-24, 4.19959095909e-24, 4.38011901623e-24, 4.07168662964e-24, 4.25394505318e-24, 4.26873264528e-24, 4.08186056873e-24, 3.61756741106e-24, 5.03462823183e-24, 4.74622975678e-24, 4.87981822348e-24, 5.10717266953e-24, 4.35510029262e-24, 4.67862319391e-24, 5.09684214155e-24, 4.86710296898e-24, 4.50069680003e-24, 4.99875281001e-24],
        "stdev": [0.000393532158341, 0.00146316527389, 0.00238253735006, 0.00216435734183, 0.00259965471923, 0.00208111084066, 0.00156132050324, 0.00108262291178, 0.00123313895892, 0.00183055794332, 0.001041998039, 0.00124181597494, 0.00327722728252, 0.00387799669988, 0.00191024306696, 0.00253982120194, 0.00631649373099, 0.00451215356588, 0.00225011655129, 0.00218197447248, 0.000948887958657, 0.00115618552081, 0.00115072436165, 0.00169755949173, 0.00041398362373, 0.000235741797951, 0.000197577624931, 0.000249420874752, 0.000416822818806, 0.000219832916628, 0.00015518910368, 0.000113614361908, 9.39552410273e-05, 9.86264858511e-05, 0.000132221422973, 0.000169401420862, 0.000154033536091, 0.000316090561682, 0.000344418076565, 0.000341548176948, 0.000464708980871, 0.000165204677614, 0.000132224216941, 0.000132978850161, 0.000184965771041, 0.000191327824723, 0.000148966239067, 0.000188970792806, 0.000143152923556, 0.000144642355735, 0.00011951225315, 0.000112125162559, 8.80320367287e-05, 6.91175519023e-05, 5.54264588573e-05, 4.82219875266e-05, 3.83371880162e-05, 4.40458497906e-05, 4.9194375606e-05, 3.48372050212e-05, 4.10211905546e-05, 2.01212296815e-05, 2.0150495402e-05, 4.43760072812e-05, 4.77702305943e-05, 3.8640031562e-05, 5.51439406991e-05, 9.16805875022e-05, 9.76802257355e-05, 3.65538980986e-05, 2.17385986616e-05, 2.96427406283e-05, 2.22642502195e-05, 1.59669179993e-05, 2.7084208341e-05, 1.53408072947e-05, 1.09320371848e-05, 8.15601742943e-06, 8.99521455722e-06, 8.44406895339e-06, 8.08417826192e-06, 5.4257488955e-06, 5.69387975702e-06, 8.71947668202e-06, 1.56634669111e-05, 1.08050016934e-05, 7.54940356273e-06, 6.92690264259e-06, 3.92604670196e-06, 8.48331728776e-06, 7.72923795012e-06, 4.95780659548e-06, 3.46352589986e-06, 1.87600937807e-06, 1.26021666347e-06, 8.52535151807e-07, 7.01783903878e-07, 6.6038148816e-07, 5.28860084614e-07, 3.90028816355e-07, 3.97322196477e-07, 3.26181293531e-07, 2.7760486887e-07, 2.45318830139e-07, 2.39135999891e-07, 1.97118126266e-07, 1.6914923151e-07, 3.00917150753e-07, 1.44086527598e-07, 1.82693185025e-07, 1.9729327505e-07, 1.55949720693e-07, 9.52494332296e-08, 3.02690352783e-08, 5.71429881191e-09, 4.51124870793e-09, 3.98778610133e-09, 3.79651510229e-09, 3.36453309657e-09, 3.22183457691e-09, 2.52077136942e-09, 2.58046983781e-09, 2.51704812548e-09, 2.15597517617e-09, 1.60461288701e-09, 1.67440727949e-09, 2.13120898707e-09, 2.35898545142e-09]
    },
    "mfcc": {
        "mean": [-916.615783691, 57.4655075073, -29.1159534454, -8.44884490967, -4.27758741379, -1.4007152319, -7.53594589233, -2.96029305458, -0.788284778595, 0.879650771618, -2.3947687149, -1.95065939426, -1.85800588131],
        "cov": [[81113.2734375, 10430.8193359, -7421.38183594, -1979.32324219, -1011.51751709, -231.013442993, -1492.0045166, -468.451660156, -152.607147217, 187.465667725, -592.32421875, -370.345031738, -329.838745117], [10430.8193359, 2504.89526367, -460.866455078, -4.70272397995, -26.1698226929, -26.1664543152, -238.864517212, -149.599884033, -78.9195175171, 36.0416107178, -78.8975601196, -86.0951919556, -46.0867843628], [-7421.38183594, -460.866455078, 1245.81506348, 537.445983887, 225.142532349, 82.9267196655, 160.349197388, 21.6358737946, -38.1429405212, 1.67468488216, 42.6614646912, 21.42070961, 51.7075614929], [-1979.32324219, -4.70272397995, 537.445983887, 358.245727539, 138.260101318, 57.6877632141, 58.4603424072, 5.50252723694, -37.468624115, 7.94578170776, 0.485399007797, -4.40255451202, 26.5107212067], [-1011.51751709, -26.1698226929, 225.142532349, 138.260101318, 120.069740295, 42.0878105164, 25.825548172, -0.237008452415, -9.59139537811, -10.613278389, 2.50752210617, 3.77197194099, 19.0705814362], [-231.013442993, -26.1664543152, 82.9267196655, 57.6877632141, 42.0878105164, 56.0677337646, 31.9126110077, 18.7150230408, 9.72663402557, 7.30510759354, 4.81735134125, 5.5596036911, 6.38178443909], [-1492.0045166, -238.864517212, 160.349197388, 58.4603424072, 25.825548172, 31.9126110077, 84.0923919678, 47.7191963196, 22.923740387, 12.0032091141, 24.8121147156, 15.8223781586, 6.90879106522], [-468.451660156, -149.599884033, 21.6358737946, 5.50252723694, -0.237008452415, 18.7150230408, 47.7191963196, 70.7921066284, 39.8796195984, 16.4919605255, 21.7776813507, 9.82536697388, -4.5689496994], [-152.607147217, -78.9195175171, -38.1429405212, -37.468624115, -9.59139537811, 9.72663402557, 22.923740387, 39.8796195984, 51.2222480774, 17.8571662903, 18.0767784119, 7.83692979813, -3.85846757889], [187.465667725, 36.0416107178, 1.67468488216, 7.94578170776, -10.613278389, 7.30510759354, 12.0032091141, 16.4919605255, 17.8571662903, 39.6176338196, 14.8352355957, 2.24913978577, 0.632270634174], [-592.32421875, -78.8975601196, 42.6614646912, 0.485399007797, 2.50752210617, 4.81735134125, 24.8121147156, 21.7776813507, 18.0767784119, 14.8352355957, 42.091594696, 19.0570774078, 3.99091219902], [-370.345031738, -86.0951919556, 21.42070961, -4.40255451202, 3.77197194099, 5.5596036911, 15.8223781586, 9.82536697388, 7.83692979813, 2.24913978577, 19.0570774078, 31.3065071106, 12.5236291885], [-329.838745117, -46.0867843628, 51.7075614929, 26.5107212067, 19.0705814362, 6.38178443909, 6.90879106522, -4.5689496994, -3.85846757889, 0.632270634174, 3.99091219902, 12.5236291885, 31.4314289093]],
        "icov": [[0.000140983276651, -0.000408397783758, 0.000915574084502, -0.000571376469452, 0.000190370192286, -0.000527990283445, 0.000266492017545, -0.000491974700708, 0.000421950768214, -0.000336332246661, 0.00060846528504, -0.000479606329463, -0.00010962185479], [-0.000408397783758, 0.00189565843903, -0.00228939624503, 0.000962605641689, -0.000684748694766, 0.00093320349697, 0.000953479553573, 0.00215383362956, -0.00109066581354, -0.00030629124376, -0.00202500727028, 0.00191236659884, 0.00114511977881], [0.000915574084502, -0.00228939624503, 0.00946329254657, -0.00867018755525, 0.000618558202405, -0.00164752011187, -0.00204023113474, 0.000234692837694, 0.00127323681954, -0.000875476165675, 0.00148664449807, -0.00299037783407, -0.000385622493923], [-0.000571376469452, 0.000962605641689, -0.00867018755525, 0.0169683452696, -0.00748989870772, -0.000282669236185, -0.000155030502356, -0.00541266659275, 0.00926461722702, -0.00601497897878, 0.00199750973843, 0.00445521855727, -0.00155459204689], [0.000190370192286, -0.000684748694766, 0.000618558202405, -0.00748989870772, 0.0222215764225, -0.0114944018424, 0.00283462018706, 0.0025555298198, -0.00572931114584, 0.0113417543471, -0.00371235981584, 0.00134165724739, -0.00610164226964], [-0.000527990283445, 0.00093320349697, -0.00164752011187, -0.000282669236185, -0.0114944018424, 0.0355162583292, -0.0129869263619, 0.00143529195338, -0.00547905825078, -0.00353305321187, 0.00437243981287, -0.00311170425266, 0.00168564228807], [0.000266492017545, 0.000953479553573, -0.00204023113474, -0.000155030502356, 0.00283462018706, -0.0129869263619, 0.0386847518384, -0.0175803396851, 0.00271531566978, -0.00301550724544, -0.00342632830143, -0.00314682885073, -0.000377063523047], [-0.000491974700708, 0.00215383362956, 0.000234692837694, -0.00541266659275, 0.0025555298198, 0.00143529195338, -0.0175803396851, 0.0436680391431, -0.026178766042, 0.00314118829556, -0.00672066118568, 0.00115266919602, 0.00766175799072], [0.000421950768214, -0.00109066581354, 0.00127323681954, 0.00926461722702, -0.00572931114584, -0.00547905825078, 0.00271531566978, -0.026178766042, 0.0521193630993, -0.0164557024837, -0.00102575996425, -0.000351882859832, 0.000105853694549], [-0.000336332246661, -0.00030629124376, -0.000875476165675, -0.00601497897878, 0.0113417543471, -0.00353305321187, -0.00301550724544, 0.00314118829556, -0.0164557024837, 0.0448017679155, -0.0162713546306, 0.00818786397576, -0.00662735709921], [0.00060846528504, -0.00202500727028, 0.00148664449807, 0.00199750973843, -0.00371235981584, 0.00437243981287, -0.00342632830143, -0.00672066118568, -0.00102575996425, -0.0162713546306, 0.0499261915684, -0.0265002865344, 0.00484738498926], [-0.000479606329463, 0.00191236659884, -0.00299037783407, 0.00445521855727, 0.00134165724739, -0.00311170425266, -0.00314682885073, 0.00115266919602, -0.000351882859832, 0.00818786397576, -0.0265002865344, 0.0598904788494, -0.0210962425917], [-0.00010962185479, 0.00114511977881, -0.000385622493923, -0.00155459204689, -0.00610164226964, 0.00168564228807, -0.000377063523047, 0.00766175799072, 0.000105853694549, -0.00662735709921, 0.00484738498926, -0.0210962425917, 0.0467824973166]]
    },
    "spectral_contrast_coeffs": {
        "max": [-0.249076411128, -0.451248764992, -0.640216171741, -0.639493346214, -0.66743850708, -0.585396885872],
        "mean": [-0.820830583572, -0.880542874336, -0.875079810619, -0.882795631886, -0.871823728085, -0.854026377201],
        "min": [-0.984618425369, -0.982920348644, -0.980614602566, -0.9762814641, -0.970528900623, -0.965058207512],
        "stdev": [0.125713065267, 0.0824509561062, 0.0756767243147, 0.0671565756202, 0.0754092931747, 0.0862724408507]
    },
    "spectral_contrast_valleys": {
        "max": [-5.19209337234, -4.06023931503, -4.83415174484, -5.39558744431, -5.04546499252, -8.43538379669],
        "mean": [-15.5117082596, -14.499121666, -14.6090545654, -14.5369749069, -14.9506950378, -16.669631958],
        "min": [-28.1464519501, -28.0886363983, -28.0793933868, -27.8434925079, -27.5346565247, -27.4819221497],
        "stdev": [8.9167432785, 9.65037155151, 9.63865947723, 9.69076538086, 9.37243652344, 8.06675338745]
    }
},
"rhythm": {
    "beats_count": 49,
    "beats_loudness": {
        "max": 0.36891540885,
        "mean": 0.0238188952208,
        "min": 0,
        "stdev": 0.074303612113
    },
    "bpm": 110.41960144,
    "bpm_histogram_first_peak_bpm": 112,
    "bpm_histogram_first_peak_weight": 0.411764681339,
    "bpm_histogram_second_peak_bpm": 103,
    "bpm_histogram_second_peak_spread": 0.652173876762,
    "bpm_histogram_second_peak_weight": 0.166666671634,
    "danceability": 0.837432980537,
    "onset_rate": 1.58547794819,
    "beats_loudness_band_ratio": {
        "max": [0.969349443913, 0.622470140457, 0.586304843426, 0.620209574699, 0.597562253475, 0.485355377197],
        "mean": [0.053054779768, 0.0842217430472, 0.135810300708, 0.176039993763, 0.171843096614, 0.0401293970644],
        "min": [0, 0, 0, 0, 0, 0],
        "stdev": [0.14797899127, 0.150914296508, 0.154139176011, 0.181435987353, 0.192405954003, 0.0704702585936]
    },
    "beats_position": [0.522448956966, 1.05650794506, 1.59056687355, 2.12462592125, 2.65868473053, 3.19274377823, 3.72680258751, 4.26086139679, 4.79492044449, 5.32897949219, 5.86303853989, 6.420317173, 6.97759628296, 7.56970500946, 8.17342376709, 8.76553249359, 9.41569137573, 10.0658502579, 10.6463489532, 11.2152376175, 11.7841272354, 12.3414058685, 12.8986845016, 13.4675731659, 14.0248527527, 14.6053514481, 15.1858501434, 15.7663488388, 16.3816776276, 16.9853973389, 17.600725174, 18.2160549164, 18.8313827515, 19.4467124939, 20.062040329, 20.6657600403, 21.2694778442, 21.8731975555, 22.4536952972, 23.0341949463, 23.6030826569, 24.1603622437, 24.7176418304, 25.2981395721, 25.8786392212, 26.470746994, 27.0628566742, 27.6549663544, 28.2470741272],
