{
"metadata": {
    "version": {
        "essentia": "2.1-beta5",
        "essentia_git_sha": "Undefined",
        "extractor": "music 2.0"
    },
    "audio_properties": {
        "analysis": {
            "equal_loudness": 0,
            "length": 28.9785041809,
            "sample_rate": 44100,
            "start_time": 158.987030029,
            "downmix": "mix"
        },
        "bit_rate": 192000,
        "length": 187.988769531,
        "lossless": 0,
        "number_channels": 2,
        "replay_gain": -9.44880867004,
        "sample_rate": 48000,
        "codec": "mp3",
        "md5_encoded": "6353889721d156961c9bb452e7249544"
    },
    "tags": {
        "file_name": "Netherlands_De Eerste Keer_Maxine _ Franklin Brown.mp3",
        "encoding": ["Lavf58.29.100"]
    }
},
"lowlevel": {
    "average_loudness": 0.779109835625,
    "barkbands_crest": {
        "max": 19.4874210358,
        "mean": 6.8952832222,
        "min": 2.60447311401,
        "stdev": 2.40511846542
    },
    "barkbands_flatness_db": {
        "max": 0.232965767384,
        "mean": 0.0968586057425,
        "min": 0.0426507480443,
        "stdev": 0.0287126712501
    },
    "barkbands_kurtosis": {
        "max": 21.1261882782,
        "mean": 1.25791692734,
        "min": -1.79018712044,
        "stdev": 2.44333791733
    },
    "barkbands_skewness": {
        "max": 4.35991764069,
        "mean": -0.239844247699,
        "min": -2.17560100555,
        "stdev": 1.34863901138
    },
    "barkbands_spread": {
        "max": 97.1218719482,
        "mean": 29.669128418,
        "min": 5.0754737854,
        "stdev": 11.2922792435
    },
    "dissonance": {
        "max": 0.500000059605,
        "mean": 0.484554201365,
        "min": 0.297559916973,
        "stdev": 0.0142845595255
    },
    "dynamic_complexity": 4.62050485611,
    "erbbands_crest": {
        "max": 26.7614135742,
        "mean": 6.29937601089,
        "min": 2.48081254959,
        "stdev": 3.32470774651
    },
    "erbbands_flatness_db": {
        "max": 0.276833504438,
        "mean": 0.142627537251,
        "min": 0.0795351415873,
        "stdev": 0.0425067469478
    },
    "erbbands_kurtosis": {
        "max": 7.26168823242,
        "mean": 0.106475368142,
        "min": -1.5832246542,
        "stdev": 0.992375910282
    },
    "erbbands_skewness": {
        "max": 1.61383283138,
        "mean": -0.380941063166,
        "min": -1.99360966682,
        "stdev": 0.554251432419
    },
    "erbbands_spread": {
        "max": 86.4677658081,
        "mean": 34.9837608337,
        "min": 8.78563690186,
        "stdev": 11.9892578125
    },
    "hfc": {
        "max": 89.2974624634,
        "mean": 17.365650177,
        "min": 1.07087821188e-16,
        "stdev": 20.531288147
    },
    "loudness_ebu128": {
        "integrated": -13.9199905396,
        "loudness_range": 6.15223884583,
        "momentary": {
            "max": -11.2379646301,
            "mean": -108.853866577,
            "min": -300.691009521,
            "stdev": 132.472290039
        },
        "short_term": {
            "max": -13.1310691833,
            "mean": -90.6476135254,
            "min": -300.691009521,
            "stdev": 123.314483643
        }
    },
    "melbands_crest": {
        "max": 25.6708698273,
        "mean": 7.41259241104,
        "min": 1.39859950542,
        "stdev": 4.67597389221
    },
    "melbands_flatness_db": {
        "max": 0.312289267778,
        "mean": 0.0904596075416,
        "min": 0.00212886976078,
        "stdev": 0.0697613582015
    },
    "melbands_kurtosis": {
        "max": 70.751411438,
        "mean": 2.50677967072,
        "min": -1.61409831047,
        "stdev": 6.99746179581
    },
    "melbands_skewness": {
        "max": 7.18052339554,
        "mean": 1.0758497715,
        "min": -0.530647575855,
        "stdev": 1.23466658592
    },
    "melbands_spread": {
        "max": 191.409255981,
        "mean": 73.2923126221,
        "min": 4.98142242432,
        "stdev": 47.3377685547
    },
    "pitch_salience": {
        "max": 0.918029665947,
        "mean": 0.660739123821,
        "min": 0.276481151581,
        "stdev": 0.117495395243
    },
    "silence_rate_20dB": {
        "max": 1,
        "mean": 1,
        "min": 1,
        "stdev": 0
    },
    "silence_rate_30dB": {
        "max": 1,
        "mean": 1,
        "min": 1,
        "stdev": 0
    },
    "silence_rate_60dB": {
        "max": 1,
        "mean": 0.416333079338,
        "min": 0,
        "stdev": 0.492950081825
    },
    "spectral_centroid": {
        "max": 12063.1738281,
        "mean": 5019.28320312,
        "min": 621.664428711,
        "stdev": 4245.01953125
    },
    "spectral_complexity": {
        "max": 52,
        "mean": 15.5636510849,
        "min": 0,
        "stdev": 14.8214244843
    },
    "spectral_decrease": {
        "max": 2.85235954405e-28,
        "mean": -3.05715897042e-09,
        "min": -1.44806788782e-08,
        "stdev": 3.27226623575e-09
    },
    "spectral_energy": {
        "max": 0.0603417493403,
        "mean": 0.0131135424599,
        "min": 9.9539732208e-21,
        "stdev": 0.0140323350206
    },
    "spectral_energyband_high": {
        "max": 0.00532952090725,
        "mean": 0.00071400788147,
        "min": 6.94139597016e-21,
        "stdev": 0.000966465799138
    },
    "spectral_energyband_low": {
        "max": 0.0243676528335,
        "mean": 0.00265883188695,
        "min": 7.62724996798e-24,
        "stdev": 0.00376394833438
    },
    "spectral_energyband_middle_high": {
        "max": 0.0345573984087,
        "mean": 0.00529533065856,
        "min": 1.00730423965e-21,
        "stdev": 0.00692805321887
    },
    "spectral_energyband_middle_low": {
        "max": 0.0407762043178,
        "mean": 0.00481956498697,
        "min": 1.38148956793e-22,
        "stdev": 0.00601750379428
    },
    "spectral_entropy": {
        "max": 9.83407974243,
        "mean": 8.45012760162,
        "min": 7.15663719177,
        "stdev": 0.969117164612
    },
    "spectral_flux": {
        "max": 0.197478920221,
        "mean": 0.0557099170983,
        "min": 6.34929053778e-11,
        "stdev": 0.0504428595304
    },
    "spectral_kurtosis": {
        "max": 11.1869564056,
        "mean": 2.04956316948,
        "min": -1.28883123398,
        "stdev": 2.67597103119
    },
    "spectral_rms": {
        "max": 0.00767267867923,
        "mean": 0.0026927429717,
        "min": 3.11627871945e-12,
        "stdev": 0.00235431781039
    },
    "spectral_rolloff": {
        "max": 19767.4804688,
        "mean": 8069.74755859,
        "min": 150.732421875,
        "stdev": 7791.28222656
    },
    "spectral_skewness": {
        "max": 2.44915962219,
        "mean": 0.839960157871,
        "min": -0.113494299352,
        "stdev": 0.637370169163
    },
    "spectral_spread": {
        "max": 43626764,
        "mean": 16065837,
        "min": 2483187,
        "stdev": 17205342
    },
    "spectral_strongpeak": {
        "max": 11.6144552231,
        "mean": 0.63395357132,
        "min": 0,
        "stdev": 1.20190942287
    },
    "zerocrossingrate": {
        "max": 0.87109375,
        "mean": 0.233868345618,
        "min": 0.017578125,
        "stdev": 0.212205648422
    },
    "barkbands": {
        "max": [0.000902385509107, 0.0191416330636, 0.0161357950419, 0.00848297774792, 0.0093019399792, 0.0283059496433, 0.0160984601825, 0.00975650735199, 0.032801989466, 0.0130395293236, 0.00943401176482, 0.0159060508013, 0.0072182752192, 0.00966218858957, 0.0147719411179, 0.0141526591033, 0.00875145383179, 0.0085084605962, 0.00841619260609, 0.00552877271548, 0.00200516195036, 0.0016035385197, 0.00224904110655, 0.00172263942659, 0.000671445275657, 0.000216817774344, 1.69535053374e-06],
        "mean": [3.9558744902e-05, 0.0015016826801, 0.00080395641271, 0.000504702853505, 0.000727191683836, 0.00141943164635, 0.000438316434156, 0.00041479463107, 0.00116716348566, 0.000338193640346, 0.000408041931223, 0.000452362612123, 0.000375013391022, 0.000515949621331, 0.000731234264094, 0.000774851767346, 0.000521701120306, 0.000518540618941, 0.00052108860109, 0.000378569529857, 0.000202690775041, 0.000151792104589, 0.000110652239528, 5.88481816521e-05, 2.58828040387e-05, 1.13247951958e-05, 1.53219161803e-08],
        "min": [4.78673771496e-26, 9.22950890245e-25, 6.09504257215e-25, 5.82253846105e-25, 6.52287822726e-24, 4.76358233011e-24, 4.99845698717e-24, 3.45097221522e-24, 1.1453663965e-23, 1.08339190606e-23, 9.89600446506e-24, 1.89582255518e-23, 2.02768049772e-23, 1.65877032648e-23, 3.44865564629e-23, 4.12572770372e-23, 5.05751947646e-23, 8.07204193187e-23, 1.09917644479e-22, 1.47373669027e-22, 2.03090839032e-22, 2.82121878012e-22, 3.35679853678e-22, 4.84220746544e-22, 8.16861302171e-22, 1.22108084966e-21, 1.85938084798e-21],
        "stdev": [9.29569723667e-05, 0.00233458797447, 0.00155493675265, 0.000878003716934, 0.00110229873098, 0.00254943058826, 0.00109065230936, 0.000914968666621, 0.00268844957463, 0.00112829275895, 0.000889852410182, 0.00117915053852, 0.000856267171912, 0.00100894575007, 0.00145734474063, 0.00150790449698, 0.000971947389189, 0.000819920271169, 0.000829181110021, 0.000584568711929, 0.000304640561808, 0.000229620491154, 0.000204715528525, 0.00014370730787, 5.48151474504e-05, 2.53987818724e-05, 6.53648726257e-08]
    },
    "erbbands": {
        "max": [0.376260846853, 5.05214214325, 15.1368398666, 25.9832553864, 28.3107204437, 44.0736122131, 166.204483032, 234.252609253, 283.271911621, 333.744995117, 478.932312012, 528.153198242, 952.681762695, 332.025177002, 320.701507568, 535.2578125, 352.975799561, 584.21484375, 368.441711426, 1743.93322754, 735.982666016, 611.3828125, 448.299316406, 271.540985107, 353.896484375, 222.80897522, 107.281341553, 60.5291976929, 62.8239898682, 67.2634811401, 63.8827972412, 21.4128074646, 44.4499015808, 12.178902626, 3.99437665939, 1.67524385452, 0.347238987684, 0.0102175092325, 0.000305471359752, 7.87140234024e-05],
        "mean": [0.0324312262237, 0.371156960726, 0.878512203693, 1.57438850403, 1.52330207825, 2.61572647095, 7.28959083557, 11.9692659378, 7.39420986176, 7.18846797943, 13.5421228409, 22.1989402771, 19.5180721283, 11.8319263458, 17.2530841827, 15.4907302856, 17.0856590271, 26.7143249512, 23.3283023834, 48.2895812988, 41.5151443481, 31.9371910095, 29.0052013397, 27.6966190338, 23.2907371521, 17.9691371918, 9.55443382263, 7.32945823669, 5.52417755127, 4.25348854065, 2.92657423019, 1.20775318146, 1.05611813068, 0.399382412434, 0.144316256046, 0.0830893069506, 0.0109339747578, 0.000440069445176, 2.31796711887e-05, 1.85178632819e-05],
        "min": [2.54190089873e-23, 2.10949408261e-22, 1.62729357729e-21, 4.2376596067e-21, 8.1939445192e-21, 1.45260508824e-20, 4.02784031679e-20, 5.76430697251e-20, 5.26255278387e-20, 1.63231182115e-19, 1.45715335376e-19, 2.7926677305e-19, 4.44957253598e-19, 6.29959558017e-19, 8.21350385102e-19, 9.06665948577e-19, 1.30087468932e-18, 1.64329096357e-18, 2.16329319597e-18, 1.89092784926e-18, 3.58766305561e-18, 3.53131385792e-18, 5.34111431424e-18, 5.4674152812e-18, 6.28049577303e-18, 7.73117907514e-18, 7.50201034079e-18, 9.05162154903e-18, 9.35234967817e-18, 1.07360416904e-17, 9.81596373199e-18, 9.39494782535e-18, 8.72772905402e-18, 7.75506143378e-18, 4.95088565642e-18, 3.81328235794e-18, 2.25927075565e-18, 8.71696061001e-19, 2.35133352798e-19, 2.67758590466e-20],
        "stdev": [0.0560875870287, 0.583132326603, 1.45966112614, 2.88373637199, 2.57808017731, 4.46707010269, 13.9249668121, 22.2665405273, 16.3625640869, 17.9295864105, 34.2504310608, 52.1740455627, 58.9150161743, 28.3425045013, 36.4614753723, 40.5514678955, 37.1989250183, 54.2610321045, 42.9015426636, 110.820137024, 77.4903945923, 59.1964416504, 46.1093635559, 39.2567367554, 36.9980010986, 26.8804645538, 15.1991863251, 10.6442546844, 8.3740644455, 7.24159479141, 5.66920089722, 2.27911901474, 3.03736186028, 0.997698366642, 0.273533135653, 0.188022360206, 0.0235045775771, 0.000903799780644, 3.39625366905e-05, 1.97640401893e-05]
    },
    "gfcc": {
        "mean": [-434.932434082, 51.8675003052, -98.948387146, 31.4455184937, -41.2858772278, 9.87519550323, -27.7627735138, 9.92479515076, -13.727227211, 2.63106918335, -9.80624389648, -0.409362584352, -3.96336245537],
        "cov": [[364884.0625, 24207.3984375, -41590.1171875, 14088.4326172, -17469.1308594, 3837.98632812, -12145.3144531, 4016.01831055, -5848.52246094, 1151.36157227, -4126.39501953, -99.4454956055, -1728.70788574], [24207.3984375, 2213.84765625, -2647.22436523, 1013.51483154, -1056.84472656, 181.776794434, -787.111206055, 204.499710083, -350.86138916, 21.9390239716, -239.035507202, -76.1041641235, -64.4341125488], [-41590.1171875, -2647.22436523, 5400.33496094, -1329.67419434, 2137.87548828, -484.684844971, 1342.16796875, -475.049163818, 676.763000488, -89.8676223755, 494.375152588, 57.2684402466, 165.34135437], [14088.4326172, 1013.51483154, -1329.67419434, 810.524108887, -563.988342285, 103.464134216, -498.84765625, 144.526138306, -181.708221436, 56.8631134033, -133.678039551, 1.39434027672, -53.8351860046], [-17469.1308594, -1056.84472656, 2137.87548828, -563.988342285, 983.807678223, -193.524246216, 590.798461914, -193.593917847, 295.841827393, -40.2209243774, 194.86050415, -1.25849103928, 88.3513183594], [3837.98632812, 181.776794434, -484.684844971, 103.464134216, -193.524246216, 147.915771484, -82.5093536377, 63.7721672058, -79.1778335571, 9.12735080719, -52.5644836426, -12.8233690262, -29.7487258911], [-12145.3144531, -787.111206055, 1342.16796875, -498.84765625, 590.798461914, -82.5093536377, 501.163909912, -114.560623169, 185.718917847, -38.5765190125, 142.67024231, -8.34781169891, 53.5774612427], [4016.01831055, 204.499710083, -475.049163818, 144.526138306, -193.593917847, 63.7721672058, -114.560623169, 110.576812744, -50.9492645264, 20.933221817, -53.7096977234, 5.54983186722, -23.6167297363], [-5848.52246094, -350.86138916, 676.763000488, -181.708221436, 295.841827393, -79.1778335571, 185.718917847, -50.9492645264, 170.190933228, -7.72098016739, 77.9797363281, 0.472726285458, 39.9737625122], [1151.36157227, 21.9390239716, -89.8676223755, 56.8631134033, -40.2209243774, 9.12735080719, -38.5765190125, 20.933221817, -7.72098016739, 56.6734657288, 0.65645813942, 17.0070590973, -16.3820457458], [-4126.39501953, -239.035507202, 494.375152588, -133.678039551, 194.86050415, -52.5644836426, 142.67024231, -53.7096977234, 77.9797363281, 0.65645813942, 105.095054626, 13.5683526993, 24.7573642731], [-99.4454956055, -76.1041641235, 57.2684402466, 1.39434027672, -1.25849103928, -12.8233690262, -8.34781169891, 5.54983186722, 0.472726285458, 17.0070590973, 13.5683526993, 54.9211540222, 4.98820304871], [-1728.70788574, -64.4341125488, 165.34135437, -53.8351860046, 88.3513183594, -29.7487258911, 53.5774612427, -23.6167297363, 39.9737625122, -16.3820457458, 24.7573642731, 4.98820304871, 55.8984069824]],
        "icov": [[0.000394915143261, -0.00106377725024, 0.000988542567939, -0.00170599878766, 0.00116843124852, -0.000992049463093, 0.000804832729045, -0.000662003294565, 0.00108590954915, -0.00149747694377, 0.00127959519159, -0.00174810644239, 0.00136784929782], [-0.00106377725024, 0.00483267894015, -0.0020613821689, 0.00307239685208, -0.00310913613066, 0.00342643400654, -0.00188416312449, 0.0021023596637, -0.00218423409387, 0.00488596549258, -0.00430469308048, 0.00705611472949, -0.00456861779094], [0.000988542567939, -0.0020613821689, 0.00461995322257, -0.00480359047651, -0.000160222451086, -0.00148813857231, 0.00123897579033, -0.000229689889238, 0.00207118759863, -0.00235712947324, 0.00199949531816, -0.00618982780725, 0.00557533977553], [-0.00170599878766, 0.00307239685208, -0.00480359047651, 0.0121321612969, -0.0058404286392, 0.00309198745526, 0.000555501843337, 0.000747571350075, -0.00468182610348, 0.0047527840361, -0.00604710774496, 0.00706242164597, -0.00587601447478], [0.00116843124852, -0.00310913613066, -0.000160222451086, -0.0058404286392, 0.0140988463536, -0.0019024371868, -0.00204683584161, -0.000793764309492, 0.00141960941255, -0.00715650059283, 0.00665839156136, -0.00165368197486, -0.000184197953786], [-0.000992049463093, 0.00342643400654, -0.00148813857231, 0.00309198745526, -0.0019024371868, 0.0155503246933, -0.00615045288578, -0.00167305150535, 0.000593168544583, 0.00342717440799, -0.00233784434386, 0.00692853285, -0.00188245426398], [0.000804832729045, -0.00188416312449, 0.00123897579033, 0.000555501843337, -0.00204683584161, -0.00615045288578, 0.0158143248409, -0.00454490585253, 0.00248304894194, -0.00135260657407, -0.0030996336136, -6.88629370416e-05, 0.00167948019225], [-0.000662003294565, 0.0021023596637, -0.000229689889238, 0.000747571350075, -0.000793764309492, -0.00167305150535, -0.00454490585253, 0.0208387598395, -0.00645553739741, 0.000245175178861, 0.00326600205153, -0.00212533539161, 0.000305834691972], [0.00108590954915, -0.00218423409387, 0.00207118759863, -0.00468182610348, 0.00141960941255, 0.000593168544583, 0.00248304894194, -0.00645553739741, 0.0191157851368, -0.00620723562315, -0.000792182574514, 0.000212959479541, -0.0017631680239], [-0.00149747694377, 0.00488596549258, -0.00235712947324, 0.0047527840361, -0.00715650059283, 0.00342717440799, -0.00135260657407, 0.000245175178861, -0.00620723562315, 0.0315639041364, -0.00993446540087, -0.000788217352238, 0.00356559641659], [0.00127959519159, -0.00430469308048, 0.00199949531816, -0.00604710774496, 0.00665839156136, -0.00233784434386, -0.0030996336136, 0.00326600205153, -0.000792182574514, -0.00993446540087, 0.0267127286643, -0.0104913795367, 0.00221516261809], [-0.00174810644239, 0.00705611472949, -0.00618982780725, 0.00706242164597, -0.00165368197486, 0.00692853285, -6.88629370416e-05, -0.00212533539161, 0.000212959479541, -0.000788217352238, -0.0104913795367, 0.0370204932988, -0.0143887074664], [0.00136784929782, -0.00456861779094, 0.00557533977553, -0.00587601447478, -0.000184197953786, -0.00188245426398, 0.00167948019225, 0.000305834691972, -0.0017631680239, 0.00356559641659, 0.00221516261809, -0.0143887074664, 0.033192448318]]
    },
    "melbands": {
        "max": [0.00420377217233, 0.00549985095859, 0.00376456230879, 0.00169481744524, 0.00453180680051, 0.00473237689584, 0.00382463773713, 0.00308762048371, 0.00552741065621, 0.00297885015607, 0.00467709824443, 0.00132702488918, 0.00135112938005, 0.00239357491955, 0.00201386865228, 0.000833079800941, 0.00119385286234, 0.000633389747236, 0.00136806024238, 0.00183348881546, 0.000858661485836, 0.000765897741076, 0.000363064813428, 0.000608694681432, 0.000239464337938, 0.000282260647509, 0.00031414986006, 0.000152146749315, 8.54938625707e-05, 4.36311056546e-05, 3.74227529392e-05, 3.82068028557e-05, 4.13214038417e-05, 3.96822142648e-05, 3.70484558516e-05, 2.73828354693e-05, 1.49333327499e-05, 2.87944185402e-05, 2.60660344793e-05, 6.29851274425e-06],
        "mean": [0.00036525473115, 0.00048744873493, 0.000263913156232, 0.000132055298309, 0.000231741229072, 0.000268975971267, 0.000108549829747, 7.83150899224e-05, 0.000129131833091, 0.000146860387758, 9.54310962697e-05, 4.45349905931e-05, 6.0634502006e-05, 5.01943104609e-05, 3.75792551495e-05, 4.31453772762e-05, 4.87201323267e-05, 3.10558934871e-05, 6.6945241997e-05, 5.20598186995e-05, 4.74238659081e-05, 3.27191919496e-05, 2.51328729064e-05, 2.73529512924e-05, 2.19309840759e-05, 2.0574510927e-05, 1.52478096425e-05, 1.0726867913e-05, 6.3207767198e-06, 4.02466184823e-06, 4.35788342656e-06, 3.27598127114e-06, 2.59947137238e-06, 2.28109888667e-06, 1.87245439065e-06, 1.01137891306e-06, 6.42285669983e-07, 7.85882548371e-07, 5.62994443953e-07, 2.651737816e-07],
        "min": [4.95809235516e-25, 9.98198359842e-25, 1.23586400678e-24, 1.07342817868e-24, 1.5036886936e-24, 1.29014256744e-24, 9.31926549624e-25, 1.34603227789e-24, 8.67505702914e-25, 1.66623141236e-24, 1.59858195518e-24, 2.2363222559e-24, 2.23984511149e-24, 2.38629418032e-24, 1.43811749048e-24, 2.71330779111e-24, 2.59636172571e-24, 2.47377629091e-24, 2.42114625232e-24, 2.69258106247e-24, 3.28517278282e-24, 2.88494183598e-24, 3.58954273297e-24, 3.73249616191e-24, 3.0258964886e-24, 3.57497444421e-24, 4.17572870557e-24, 4.27331001068e-24, 3.96809223227e-24, 3.54899567688e-24, 3.54521190554e-24, 4.28127001164e-24, 4.64660017432e-24, 4.80726274172e-24, 4.65739849682e-24, 4.45091533817e-24, 5.08110476092e-24, 5.08183169624e-24, 5.35780758419e-24, 5.20184150018e-24],
        "stdev": [0.00057608744828, 0.000725293008145, 0.000439332303358, 0.000203655887162, 0.000411944201915, 0.000488957215566, 0.000238531429204, 0.00018503695901, 0.000363721948816, 0.000336172175594, 0.000292830663966, 0.000115740920592, 0.000132031345856, 0.000131689215777, 0.000123381541925, 9.40560930758e-05, 0.000101414028904, 6.59675279167e-05, 0.000134737158078, 0.00012348999735, 9.57734227995e-05, 6.85120321577e-05, 4.2686744564e-05, 4.52392960142e-05, 3.25685214193e-05, 3.46275664924e-05, 2.66880924755e-05, 1.65559486049e-05, 1.06865563794e-05, 6.33634135738e-06, 6.47501155981e-06, 5.05292882735e-06, 4.57188207292e-06, 4.07355446441e-06, 3.65556843462e-06, 2.03377885555e-06, 1.29702959839e-06, 2.16995113078e-06, 1.82718974884e-06, 5.83361838835e-07]
    },
    "melbands128": {
        "max": [0.000896015379112, 0.00361227919348, 0.00716884993017, 0.00970222987235, 0.00716748740524, 0.00893819704652, 0.00626927148551, 0.00438938941807, 0.00279949023388, 0.00159753975458, 0.00353341200389, 0.00344356545247, 0.00770316179842, 0.0106253055856, 0.0056271920912, 0.00815378129482, 0.00571910012513, 0.00508641637862, 0.00454103993252, 0.00539826229215, 0.0029596274253, 0.00248305057175, 0.00758365867659, 0.013732037507, 0.00510594760999, 0.00365938199684, 0.0130399642512, 0.0043047121726, 0.00447740545496, 0.00162519142032, 0.00190102634951, 0.00199578143656, 0.00210433430038, 0.00129240727983, 0.0026401381474, 0.00403259741142, 0.00295070069842, 0.00450843339786, 0.00202208245173, 0.00117514072917, 0.00133395101875, 0.00316100218333, 0.00262387399562, 0.00126544106752, 0.00205633928999, 0.00107095146086, 0.0012489304645, 0.00172716891393, 0.00254441425204, 0.00611981935799, 0.00169281766284, 0.000933272123802, 0.00214324262924, 0.00127722963225, 0.00103567936458, 0.00157614401542, 0.000705773301888, 0.000458466820419, 0.000490339938551, 0.000958268123213, 0.000941397389397, 0.000838429026771, 0.000265708076768, 0.000381583493436, 0.000776734785177, 0.000402547535487, 0.000418128736783, 0.000652598857414, 0.000758890935685, 0.000387794949347, 0.000229710436543, 0.000175636785571, 0.000129389780341, 0.000185989119927, 0.000142813121784, 9.51352049015e-05, 4.31281623605e-05, 8.55117177707e-05, 6.46766420687e-05, 7.4888310337e-05, 5.42368325114e-05, 5.59586296731e-05, 6.99454976711e-05, 7.1073322033e-05, 4.65201883344e-05, 7.26763464627e-05, 7.12410037522e-05, 4.54132896266e-05, 3.89621236536e-05, 5.59499676456e-05, 5.64168476558e-05, 1.50440619109e-05, 1.05237213575e-05, 1.68908700289e-05, 1.86514753295e-05, 2.3402773877e-05, 4.41556621809e-05, 6.23522209935e-05, 3.7763016735e-05, 1.76654393726e-05, 8.9501909315e-06, 6.71794987284e-06, 5.41356030226e-06, 1.07033019958e-05, 5.87419754083e-06, 1.94311178348e-06, 3.31230876327e-06, 7.8255079643e-06, 5.46128057977e-06, 1.10263465558e-06, 1.77583183358e-06, 1.73611829268e-06, 1.59090495799e-06, 2.82399838625e-07, 7.49561976932e-08, 1.00809330661e-07, 2.55087204692e-08, 7.36872074469e-09, 7.56705187399e-09, 7.61156027096e-09, 7.5698007862e-09, 7.49419903912e-09, 7.43329930941e-09, 7.36569782944e-09, 7.28213578327e-09, 7.24067517055e-09, 7.19320558673e-09, 7.16837789128e-09],
        "mean": [3.43659339705e-05, 0.000193469619262, 0.000527430558577, 0.000652400194667, 0.000464973680209, 0.000411590939621, 0.000346872751834, 0.000213923427509, 0.000149927160237, 9.24270716496e-05, 0.000149643368786, 0.000177463123691, 0.000237162603298, 0.000332308292855, 0.0002771942236, 0.000260890170466, 0.000147405982716, 6.75536794006e-05, 7.0384980063e-05, 8.67684866535e-05, 7.15981441317e-05, 8.92299212865e-05, 0.000120747186884, 0.000204297612072, 0.000126808532514, 0.000128412997583, 0.000184252203326, 7.16726935934e-05, 5.38463427802e-05, 2.96681246255e-05, 3.97515104851e-05, 7.47761005186e-05, 6.9862617238e-05, 3.30846451106e-05, 7.78565954533e-05, 4.41448537458e-05, 2.44826696871e-05, 4.95517233503e-05, 3.50643204001e-05, 2.92333406833e-05, 3.68898545275e-05, 7.73776264396e-05, 5.14488128829e-05, 3.26496265188e-05, 3.95930510422e-05, 2.16522348637e-05, 3.01339059661e-05, 7.09886153345e-05, 7.94023435446e-05, 7.70230399212e-05, 3.66190797649e-05, 3.72741378669e-05, 7.0519374276e-05, 3.96171781176e-05, 2.52468435065e-05, 3.73208968085e-05, 3.3520940633e-05, 2.56216735579e-05, 2.19724206545e-05, 2.50084085565e-05, 3.11688818329e-05, 2.8521511922e-05, 1.2868851627e-05, 1.91440958588e-05, 3.76968819182e-05, 2.02466580959e-05, 1.07023115561e-05, 1.60672352649e-05, 1.65012224898e-05, 1.37255774462e-05, 1.27997191157e-05, 8.3181721493e-06, 5.33989896212e-06, 7.35760568205e-06, 5.46322644368e-06, 3.44651357409e-06, 3.31286491928e-06, 4.91675882586e-06, 4.38326469521e-06, 4.24780773756e-06, 3.51600806425e-06, 2.79791061075e-06, 2.6096338388e-06, 2.79795472125e-06, 2.36503433371e-06, 2.23147435463e-06, 2.38633333538e-06, 2.15599811781e-06, 1.90893865692e-06, 1.63627873917e-06, 1.27221051116e-06, 8.2432813997e-07, 5.6779742863e-07, 5.8780716472e-07, 7.12789926638e-07, 7.61247349601e-07, 8.31314082461e-07, 7.92795049165e-07, 6.24768802027e-07, 4.17794780105e-07, 3.06156039187e-07, 2.34459662352e-07, 2.22498343305e-07, 1.75886782472e-07, 1.41627069183e-07, 1.07678417294e-07, 1.69782666148e-07, 2.21458662963e-07, 1.84418283311e-07, 8.07202482633e-08, 6.26753120514e-08, 4.472931181e-08, 2.88175741048e-08, 6.67990729397e-09, 2.54323473392e-09, 2.73327072087e-09, 6.35097752166e-10, 8.14714094799e-12, 7.9604387318e-12, 7.93817702543e-12, 7.85523555924e-12, 7.75312886808e-12, 7.66880309255e-12, 7.58047877941e-12, 7.47098390097e-12, 7.38592780686e-12, 7.31625957734e-12, 7.28495128804e-12],
        "min": [2.25996554506e-27, 1.32768137644e-25, 1.27543672106e-25, 3.75502302184e-25, 5.04403283432e-25, 2.50491070799e-25, 3.99147742216e-25, 2.12114269659e-25, 3.17628384689e-25, 3.09911796618e-25, 2.19507646626e-25, 1.71270232082e-25, 4.01334489297e-25, 5.01827208842e-25, 4.44316438535e-25, 2.3091903731e-25, 5.21985415288e-25, 3.97969553802e-25, 2.0667077196e-25, 2.5151806909e-25, 1.32151556564e-25, 5.21053967774e-25, 3.36620013767e-25, 2.79860953946e-25, 5.78341046711e-25, 3.33334260185e-25, 9.27314770165e-25, 6.20916066981e-25, 6.73227307151e-25, 8.18079770809e-25, 8.07117513151e-25, 7.28798071277e-25, 4.17617884932e-25, 8.46139208081e-25, 9.70562787395e-25, 3.87788342396e-25, 7.08201800511e-25, 4.40014089765e-25, 8.38747482791e-25, 9.19760835352e-25, 8.61597923595e-25, 4.536364357e-25, 4.82127478494e-25, 7.84472767828e-25, 1.05195479319e-24, 9.8197730887e-25, 8.13525282372e-25, 1.14174826623e-24, 9.42678526547e-25, 5.09805057785e-25, 9.94649077414e-25, 1.01658996159e-24, 2.22296033268e-24, 1.18912044828e-24, 1.07038297837e-24, 1.08324604568e-24, 1.21428511115e-24, 1.04841477988e-24, 1.6875811439e-24, 1.59473694852e-24, 1.77156130372e-24, 1.45752958242e-24, 1.6984183178e-24, 7.73559863281e-25, 1.67519247782e-24, 1.87612422506e-24, 1.88918933937e-24, 2.44962511708e-24, 1.87946623428e-24, 2.11858890732e-24, 2.37478391085e-24, 1.9467611971e-24, 2.21189912228e-24, 2.55327098762e-24, 1.55544033557e-24, 1.86750394752e-24, 1.68723325624e-24, 1.9791703641e-24, 1.32347588499e-24, 3.15825157128e-24, 2.18819602144e-24, 2.91667317424e-24, 3.04537326713e-24, 2.09158047929e-24, 2.81745320781e-24, 3.15554991989e-24, 2.82952317409e-24, 3.50089606647e-24, 2.48188302e-24, 2.56424660661e-24, 3.27918868121e-24, 3.23430486229e-24, 2.70233493313e-24, 3.09810309662e-24, 3.08841470141e-24, 3.84409986405e-24, 3.33654754649e-24, 4.25792958961e-24, 4.04416169493e-24, 3.50615579656e-24, 3.706665306e-24, 4.14677514376e-24, 3.71595098772e-24, 3.68690118488e-24, 3.02166977187e-24, 4.27084048162e-24, 3.81035831098e-24, 2.96234723458e-24, 4.12004498642e-24, 4.21431504788e-24, 2.26214561764e-24, 4.48161859347e-24, 3.9975952357e-24, 4.76014447428e-24, 3.86820784774e-24, 4.58909773636e-24, 4.03559782094e-24, 4.72100711262e-24, 5.47655402739e-24, 4.92731514415e-24, 5.56804848176e-24, 5.25599719576e-24, 4.8441699936e-24, 5.18168689292e-24, 5.43551787753e-24, 4.90969435811e-24, 4.66091642203e-24, 4.93072499542e-24],
        "stdev": [8.62922825036e-05, 0.000421203119913, 0.000889094255399, 0.00106306641828, 0.000758167298045, 0.000841390632559, 0.000693203532137, 0.000366111518815, 0.00029965522117, 0.000171903360751, 0.000302621658193, 0.000319414801197, 0.000510353886057, 0.000797913875431, 0.000593827106059, 0.000603584456258, 0.000363457336789, 0.000234218416153, 0.000232847232837, 0.000276508333627, 0.000177600857569, 0.000214137719013, 0.000474850356113, 0.000741667521652, 0.000414467183873, 0.00037839091965, 0.000668973370921, 0.000306724192342, 0.000224631789024, 0.000115045790153, 0.000133733643452, 0.000188630918274, 0.000178168600542, 9.76636802079e-05, 0.000223441602429, 0.000163719072589, 0.000125240097987, 0.000227542026551, 0.000118991731142, 9.89090185612e-05, 0.000116406648885, 0.000211099904845, 0.000144403224112, 9.95967639028e-05, 0.000114132781164, 6.7210799898e-05, 9.62898848229e-05, 0.000163316944963, 0.000202015129616, 0.000293944875011, 0.000119165008073, 9.76678056759e-05, 0.000168512386153, 0.000104047328932, 7.52124688006e-05, 0.000108890148113, 7.36402726034e-05, 5.0307768106e-05, 5.09867386427e-05, 6.20062492089e-05, 6.39155841782e-05, 5.69346047996e-05, 2.6197929401e-05, 3.99344244215e-05, 7.53838176024e-05, 4.23046512878e-05, 2.72299585049e-05, 4.08786545449e-05, 3.88912485505e-05, 2.76214614132e-05, 2.28908247664e-05, 1.63979129866e-05, 1.13745782073e-05, 1.48394346979e-05, 1.09958291432e-05, 7.14567977411e-06, 5.47438276044e-06, 9.60045326792e-06, 7.88599390944e-06, 7.69427697378e-06, 6.21214348939e-06, 5.7474658206e-06, 5.54161442778e-06, 5.7837987697e-06, 4.5599817895e-06, 4.72773899673e-06, 5.0411963457e-06, 4.3987488425e-06, 3.92924948756e-06, 3.96706218453e-06, 3.07229379359e-06, 1.58718876264e-06, 1.08472909233e-06, 1.24459961626e-06, 1.68054316418e-06, 2.00949011742e-06, 2.57819465332e-06, 3.03768479171e-06, 2.21721029448e-06, 1.21597804537e-06, 7.36898073228e-07, 5.60309899811e-07, 4.55672960697e-07, 4.78216861666e-07, 3.32852152951e-07, 2.01759178253e-07, 3.41106300539e-07, 6.70396445912e-07, 5.17894193308e-07, 1.45081827441e-07, 1.27852615606e-07, 1.24364717635e-07, 8.82854536144e-08, 1.84995574415e-08, 7.02633418115e-09, 7.87543807945e-09, 1.95879934495e-09, 2.08404751789e-10, 2.14017747968e-10, 2.152757278e-10, 2.14090578599e-10, 2.11953482543e-10, 2.10231554387e-10, 2.08318085004e-10, 2.05956293686e-10, 2.04782482638e-10, 2.03441291591e-10, 2.02739658395e-10]
    },
    "mfcc": {
        "mean": [-846.680664062, 64.1108627319, -14.4146118164, 18.3965873718, 1.48443460464, 1.16425538063, -3.47400665283, 2.78319406509, -0.247891947627, 3.1565489769, -0.0609903074801, -2.21268200874, -0.471663028002],
        "cov": [[97721.5, 14112.4267578, -2904.56005859, 4672.74462891, 464.13671875, 371.853393555, -790.948303223, 576.263549805, -139.725967407, 719.229797363, -16.0142555237, -392.837249756, 41.828327179], [14112.4267578, 2533.75024414, -488.811248779, 704.78137207, 80.2667236328, 62.6643447876, -92.8719406128, 87.9856109619, 0.581150710583, 107.888168335, -9.55864429474, -68.2679824829, -33.3576164246], [-2904.56005859, -488.811248779, 470.473266602, 45.8082504272, 108.922966003, 16.6775379181, 22.874250412, -27.1605377197, -20.016078949, -44.0340003967, -1.25676476955, 64.1868972778, 33.1059303284], [4672.74462891, 704.78137207, 45.8082504272, 518.65246582, 171.85874939, 35.0888786316, -65.0712356567, -0.15171046555, -6.76030302048, 29.4920711517, -15.3317451477, 19.4614715576, 37.0419082642], [464.13671875, 80.2667236328, 108.922966003, 171.85874939, 160.975875854, 22.391122818, -26.30519104, -10.6295490265, 12.1709470749, 7.83773946762, -10.7684698105, 17.1997146606, 19.20170784], [371.853393555, 62.6643447876, 16.6775379181, 35.0888786316, 22.391122818, 71.2625274658, 27.8206348419, 1.16623723507, 1.24722480774, 13.6876535416, 2.57092308998, -2.14926218987, -4.84482336044], [-790.948303223, -92.8719406128, 22.874250412, -65.0712356567, -26.30519104, 27.8206348419, 107.410758972, 16.7026100159, 4.90073919296, 1.80864465237, 4.90065479279, 5.14652061462, -14.2731151581], [576.263549805, 87.9856109619, -27.1605377197, -0.15171046555, -10.6295490265, 1.16623723507, 16.7026100159, 58.7577056885, 20.253993988, 14.258895874, 5.06009912491, -6.75687599182, -0.267677336931], [-139.725967407, 0.581150710583, -20.016078949, -6.76030302048, 12.1709470749, 1.24722480774, 4.90073919296, 20.253993988, 63.7536201477, 15.8480415344, -6.46398830414, -1.60561037064, -0.72881346941], [719.229797363, 107.888168335, -44.0340003967, 29.4920711517, 7.83773946762, 13.6876535416, 1.80864465237, 14.258895874, 15.8480415344, 54.8015708923, 18.4142589569, -6.27833843231, -3.45111465454], [-16.0142555237, -9.55864429474, -1.25676476955, -15.3317451477, -10.7684698105, 2.57092308998, 4.90065479279, 5.06009912491, -6.46398830414, 18.4142589569, 49.0173377991, 13.8219013214, -3.65794324875], [-392.837249756, -68.2679824829, 64.1868972778, 19.4614715576, 17.1997146606, -2.14926218987, 5.14652061462, -6.75687599182, -1.60561037064, -6.27833843231, 13.8219013214, 51.5419998169, 17.7699203491], [41.828327179, -33.3576164246, 33.1059303284, 37.0419082642, 19.20170784, -4.84482336044, -14.2731151581, -0.267677336931, -0.72881346941, -3.45111465454, -3.65794324875, 17.7699203491, 47.9801597595]],
        "icov": [[7.45679426473e-05, -0.000286149792373, 0.000124702637549, -0.000306675618049, 0.000200601687538, -0.000131041786517, 0.000181583644007, -0.000302032596665, 0.000254758808296, -0.000147913044202, -6.96699135005e-06, 7.70747647039e-05, -0.00019025815709], [-0.000286149792373, 0.00238833180629, 0.000780061411206, -0.000867675698828, -0.000254977057921, -6.27692134003e-05, -0.000416369031882, -0.000364051928045, -0.000375290605007, 0.000451208848972, 0.000187925747014, -0.000343689491274, 0.00217973208055], [0.000124702637549, 0.000780061411206, 0.00499035930261, -0.00192066538148, -0.00212697591633, -0.00115725037176, -0.000532065751031, -0.00182488770224, 0.00206685694866, 0.00212038541213, -0.000180880728294, -0.00273587461561, 0.000222390983254], [-0.000306675618049, -0.000867675698828, -0.00192066538148, 0.00818661786616, -0.0053270724602, 0.000194103544345, 0.00038918084465, 0.00216489005834, 0.000243956761551, -0.00104785070289, 0.00159277976491, -0.00191154354252, -0.0022938430775], [0.000200601687538, -0.000254977057921, -0.00212697591633, -0.0053270724602, 0.0142256123945, -0.00280546606518, 0.00267103360966, 0.000791132100858, -0.00319191394374, -0.00222013378516, 0.00161774759181, 3.71311762137e-05, -4.79062764498e-05], [-0.000131041786517, -6.27692134003e-05, -0.00115725037176, 0.000194103544345, -0.00280546606518, 0.0192629154772, -0.00679332623258, 0.00314795458689, -4.20227261202e-05, -0.00362294074148, -0.000663142127451, 0.00268726958893, 0.000476719258586], [0.000181583644007, -0.000416369031882, -0.000532065751031, 0.00038918084465, 0.00267103360966, -0.00679332623258, 0.0144769214094, -0.0055886968039, 0.000996716204099, -0.00112325767986, 0.00210145255551, -0.0039483057335, 0.00369623699225], [-0.000302032596665, -0.000364051928045, -0.00182488770224, 0.00216489005834, 0.000791132100858, 0.00314795458689, -0.0055886968039, 0.0255596861243, -0.00895224232227, -0.00114826159552, -0.00393453007564, 0.00449876487255, -0.00410536117852], [0.000254758808296, -0.000375290605007, 0.00206685694866, 0.000243956761551, -0.00319191394374, -4.20227261202e-05, 0.000996716204099, -0.00895224232227, 0.022923188284, -0.00785334594548, 0.0075023137033, -0.00413710158318, 0.00130976422224], [-0.000147913044202, 0.000451208848972, 0.00212038541213, -0.00104785070289, -0.00222013378516, -0.00362294074148, -0.00112325767986, -0.00114826159552, -0.00785334594548, 0.0308712292463, -0.0145922945812, 0.00558855989948, -0.00111037888564], [-6.96699135005e-06, 0.000187925747014, -0.000180880728294, 0.00159277976491, 0.00161774759181, -0.000663142127451, 0.00210145255551, -0.00393453007564, 0.0075023137033, -0.0145922945812, 0.0322099179029, -0.013535104692, 0.0054535344243], [7.70747647039e-05, -0.000343689491274, -0.00273587461561, -0.00191154354252, 3.71311762137e-05, 0.00268726958893, -0.0039483057335, 0.00449876487255, -0.00413710158318, 0.00558855989948, -0.013535104692, 0.0325807072222, -0.0105949491262], [-0.00019025815709, 0.00217973208055, 0.000222390983254, -0.0022938430775, -4.79062764498e-05, 0.000476719258586, 0.00369623699225, -0.00410536117852, 0.00130976422224, -0.00111037888564, 0.0054535344243, -0.0105949491262, 0.0295644029975]]
    },
    "spectral_contrast_coeffs": {
        "max": [-0.515515089035, -0.505720317364, -0.529168307781, -0.523491740227, -0.652763962746, -0.609070718288],
        "mean": [-0.815117061138, -0.830418169498, -0.826633870602, -0.829585850239, -0.832577884197, -0.811445474625],
        "min": [-0.980368316174, -0.98383897543, -0.977224588394, -0.974759101868, -0.968499481678, -0.96624070406],
        "stdev": [0.116075843573, 0.111067511141, 0.110369853675, 0.107564501464, 0.0978426784277, 0.11245084554]
    },
    "spectral_contrast_valleys": {
        "max": [-5.40527868271, -5.24004364014, -5.7202296257, -5.92472314835, -5.77249860764, -8.23732662201],
        "mean": [-13.8630657196, -13.6979179382, -14.1308908463, -14.0456256866, -13.9464540482, -15.9583339691],
        "min": [-28.0213661194, -27.9357681274, -28.1663398743, -27.7373752594, -27.5892601013, -27.4415245056],
        "stdev": [9.56963443756, 9.58329200745, 9.31046390533, 9.36678600311, 9.44796085358, 8.02681922913]
    }
},
"rhythm": {
    "beats_count": 51,
    "beats_loudness": {
        "max": 0.061927549541,
        "mean": 0.0163543187082,
        "min": 0,
        "stdev": 0.0171180181205
    },
    "bpm": 99.9315948486,
    "bpm_histogram_first_peak_bpm": 99,
    "bpm_histogram_first_peak_weight": 0.413793087006,
    "bpm_histogram_second_peak_bpm": 123,
    "bpm_histogram_second_peak_spread": 0.25,
    "bpm_histogram_second_peak_weight": 0.119999997318,
    "danceability": 0.884025216103,
    "onset_rate": 1.86270391941,
    "beats_loudness_band_ratio": {
        "max": [0.874334096909, 0.392888039351, 0.540850639343, 0.478391975164, 0.426318258047, 0.236544698477],
        "mean": [0.176648721099, 0.0699530094862, 0.0937390252948, 0.102766513824, 0.123310849071, 0.0594525150955],
        "min": [0, 0, 0, 0, 0, 0],
        "stdev": [0.220723122358, 0.0934054553509, 0.110778234899, 0.142479404807, 0.132081151009, 0.0663266479969]
    },
    "beats_position": [0.615328788757, 1.25387752056, 1.89242625237, 2.51936507225, 3.13469386101, 3.73841261864, 4.34213161469, 4.94585037231, 5.53795909882, 6.14167785645, 6.73378658295, 7.33750534058, 7.94122457504, 8.54494285583, 9.13705158234, 9.72916126251, 10.3328800201, 10.9365987778, 11.5403175354, 12.1324262619, 12.7245349884, 13.328253746, 13.9319725037, 14.5240812302, 15.1161899567, 15.7199087143, 16.3236274719, 16.9273471832, 17.5310649872, 18.1231746674, 18.7152824402, 19.3073921204, 19.8762817383, 20.4451694489, 20.9327888489, 21.4204082489, 21.9080276489, 22.3956451416, 22.8832645416, 23.3708839417, 23.8468933105, 24.3229026794, 24.7873020172, 25.2516994476, 25.6928787231, 26.1224479675, 26.5520172119, 26.9815864563, 27.4111557007, 27.8407249451, 28.2702941895],
