{
"metadata": {
    "version": {
        "essentia": "2.1-beta5",
        "essentia_git_sha": "Undefined",
        "extractor": "music 2.0"
    },
    "audio_properties": {
        "analysis": {
            "equal_loudness": 0,
            "length": 19.7950115204,
            "sample_rate": 44100,
            "start_time": 158.987030029,
            "downmix": "mix"
        },
        "bit_rate": 192000,
        "length": 178.805267334,
        "lossless": 0,
        "number_channels": 2,
        "replay_gain": -5.13882064819,
        "sample_rate": 48000,
        "codec": "mp3",
        "md5_encoded": "0228bb6ed64dcdacd85ef1bb4a783ba9"
    },
    "tags": {
        "file_name": "Iceland_Sjúbídú_Anna Mjöll.mp3",
        "encoding": ["Lavf58.29.100"]
    }
},
"lowlevel": {
    "average_loudness": 0.0744619518518,
    "barkbands_crest": {
        "max": 25.0994663239,
        "mean": 10.0517082214,
        "min": 2.65993309021,
        "stdev": 5.50241994858
    },
    "barkbands_flatness_db": {
        "max": 0.317401766777,
        "mean": 0.137163713574,
        "min": 0.0297822374851,
        "stdev": 0.0728992074728
    },
    "barkbands_kurtosis": {
        "max": 80.489364624,
        "mean": 6.312520504,
        "min": -1.87778401375,
        "stdev": 10.2090148926
    },
    "barkbands_skewness": {
        "max": 8.2116394043,
        "mean": 0.0728158056736,
        "min": -2.25167870522,
        "stdev": 2.25205993652
    },
    "barkbands_spread": {
        "max": 85.5508956909,
        "mean": 18.975189209,
        "min": 1.21928119659,
        "stdev": 10.953083992
    },
    "dissonance": {
        "max": 0.500000119209,
        "mean": 0.469306737185,
        "min": 0.254051715136,
        "stdev": 0.0428775474429
    },
    "dynamic_complexity": 6.06873226166,
    "erbbands_crest": {
        "max": 31.1719417572,
        "mean": 8.87357616425,
        "min": 2.48602843285,
        "stdev": 7.47078514099
    },
    "erbbands_flatness_db": {
        "max": 0.332788348198,
        "mean": 0.168018370867,
        "min": 0.0772554948926,
        "stdev": 0.0759631544352
    },
    "erbbands_kurtosis": {
        "max": 38.9024925232,
        "mean": 1.57513213158,
        "min": -1.8437101841,
        "stdev": 4.22237300873
    },
    "erbbands_skewness": {
        "max": 5.60870838165,
        "mean": 0.280651479959,
        "min": -2.13498783112,
        "stdev": 1.27782928944
    },
    "erbbands_spread": {
        "max": 97.4794616699,
        "mean": 30.2763710022,
        "min": 5.15717744827,
        "stdev": 12.9719438553
    },
    "hfc": {
        "max": 67.078338623,
        "mean": 7.00225257874,
        "min": 1.03562456826e-16,
        "stdev": 10.5632266998
    },
    "loudness_ebu128": {
        "integrated": -18.5806350708,
        "loudness_range": 11.8479766846,
        "momentary": {
            "max": -15.5064935684,
            "mean": -161.047439575,
            "min": -300.691009521,
            "stdev": 139.393310547
        },
        "short_term": {
            "max": -16.5536842346,
            "mean": -140.567977905,
            "min": -300.691009521,
            "stdev": 136.973617554
        }
    },
    "melbands_crest": {
        "max": 33.3779373169,
        "mean": 9.45454883575,
        "min": 1.48070657253,
        "stdev": 8.99398231506
    },
    "melbands_flatness_db": {
        "max": 0.358840405941,
        "mean": 0.113803982735,
        "min": 0.00278245075606,
        "stdev": 0.119335159659
    },
    "melbands_kurtosis": {
        "max": 150.109069824,
        "mean": 8.27798843384,
        "min": -1.49971807003,
        "stdev": 18.8116989136
    },
    "melbands_skewness": {
        "max": 9.77154254913,
        "mean": 1.30476427078,
        "min": -0.391602307558,
        "stdev": 1.8641204834
    },
    "melbands_spread": {
        "max": 167.910964966,
        "mean": 74.3830337524,
        "min": 1.38627505302,
        "stdev": 60.2265815735
    },
    "pitch_salience": {
        "max": 0.915877521038,
        "mean": 0.65284204483,
        "min": 0.125812992454,
        "stdev": 0.184617966413
    },
    "silence_rate_20dB": {
        "max": 1,
        "mean": 1,
        "min": 1,
        "stdev": 0
    },
    "silence_rate_30dB": {
        "max": 1,
        "mean": 1,
        "min": 1,
        "stdev": 0
    },
    "silence_rate_60dB": {
        "max": 1,
        "mean": 0.581967234612,
        "min": 0,
        "stdev": 0.49323913455
    },
    "spectral_centroid": {
        "max": 11827.4179688,
        "mean": 6118.19189453,
        "min": 310.953399658,
        "stdev": 5002.66699219
    },
    "spectral_complexity": {
        "max": 31,
        "mean": 6.04449653625,
        "min": 0,
        "stdev": 7.4756398201
    },
    "spectral_decrease": {
        "max": 2.20513513806e-28,
        "mean": -2.95881874557e-09,
        "min": -2.46771367785e-08,
        "stdev": 4.74700589947e-09
    },
    "spectral_energy": {
        "max": 0.0978687033057,
        "mean": 0.0118023781106,
        "min": 9.75482948833e-21,
        "stdev": 0.0187941063195
    },
    "spectral_energyband_high": {
        "max": 0.00652762828395,
        "mean": 0.000103665537608,
        "min": 6.82514559015e-21,
        "stdev": 0.000411039654864
    },
    "spectral_energyband_low": {
        "max": 0.018824795261,
        "mean": 0.000873964920174,
        "min": 1.17072724908e-23,
        "stdev": 0.00261284480803
    },
    "spectral_energyband_middle_high": {
        "max": 0.0290467478335,
        "mean": 0.00169862550683,
        "min": 1.05611153086e-21,
        "stdev": 0.00280762603506
    },
    "spectral_energyband_middle_low": {
        "max": 0.0906098857522,
        "mean": 0.00922062806785,
        "min": 1.42860690452e-22,
        "stdev": 0.0163871385157
    },
    "spectral_entropy": {
        "max": 9.82846546173,
        "mean": 8.51723003387,
        "min": 5.96802425385,
        "stdev": 1.36374986172
    },
    "spectral_flux": {
        "max": 0.266560405493,
        "mean": 0.030050560832,
        "min": 6.26946758397e-11,
        "stdev": 0.0383231379092
    },
    "spectral_kurtosis": {
        "max": 14.7386779785,
        "mean": 2.12155652046,
        "min": -1.28427493572,
        "stdev": 3.81596684456
    },
    "spectral_rms": {
        "max": 0.00977147184312,
        "mean": 0.00210203859024,
        "min": 3.08494852927e-12,
        "stdev": 0.00266383285634
    },
    "spectral_rolloff": {
        "max": 19767.4804688,
        "mean": 10177.7958984,
        "min": 279.931640625,
        "stdev": 8786.84570312
    },
    "spectral_skewness": {
        "max": 2.95471119881,
        "mean": 0.902520000935,
        "min": -0.0969070717692,
        "stdev": 0.962000966072
    },
    "spectral_spread": {
        "max": 43379660,
        "mean": 22509786,
        "min": 2546685.25,
        "stdev": 18416352
    },
    "spectral_strongpeak": {
        "max": 4.69043254852,
        "mean": 0.788164138794,
        "min": 0,
        "stdev": 1.21971428394
    },
    "zerocrossingrate": {
        "max": 0.73681640625,
        "mean": 0.280266016722,
        "min": 0.01318359375,
        "stdev": 0.22776016593
    },
    "barkbands": {
        "max": [0.000214585947106, 0.0108129810542, 0.00660297833383, 0.00495535926893, 0.0246869251132, 0.0481072552502, 0.06741835922, 0.0735178887844, 0.0196994896978, 0.01055272948, 0.00514747528359, 0.0104560554028, 0.00739623280242, 0.0240592416376, 0.0115412231535, 0.0039382618852, 0.000814649043605, 0.0018178379396, 0.0014640786685, 0.000571926357225, 0.001353435684, 0.00332956528291, 0.00166749209166, 0.000964775157627, 0.00035834024311, 0.000123118166812, 7.10901485945e-06],
        "mean": [2.41814746005e-06, 0.000725779042114, 8.34223028505e-05, 9.76623923634e-05, 0.00102709594648, 0.00189258053433, 0.00521976826712, 0.000424733036198, 0.000422492419602, 0.000375167233869, 0.000213412859011, 0.000286990398308, 0.000303935463307, 0.000180106930202, 0.000131871536723, 0.000146534395753, 5.13017876074e-05, 6.77054267726e-05, 3.84858140023e-05, 1.45100038935e-05, 2.12126888073e-05, 3.33894131472e-05, 2.58318395936e-05, 1.05006693047e-05, 4.62191837869e-06, 8.44693090585e-07, 1.54111639006e-08],
        "min": [2.17368600978e-25, 1.55786657589e-24, 3.41482108652e-25, 7.12269413857e-25, 4.19641184964e-24, 2.68803643479e-24, 4.67161061489e-24, 5.53199596067e-24, 6.79419628599e-24, 8.71000258116e-24, 7.13312958505e-24, 1.47100170951e-23, 1.22725552271e-23, 2.0805628929e-23, 4.10688812758e-23, 4.67682750983e-23, 4.35341978224e-23, 7.25732153509e-23, 1.26598064144e-22, 1.19304874681e-22, 2.06388605782e-22, 3.08711917881e-22, 3.74097632198e-22, 5.69255408288e-22, 8.2972844395e-22, 1.15896839061e-21, 1.82416226016e-21],
        "stdev": [1.33301455207e-05, 0.00213827425614, 0.000421045522671, 0.000360335281584, 0.00273131369613, 0.0051038172096, 0.0137811806053, 0.00330940634012, 0.00146139331628, 0.00103035906795, 0.000613784824964, 0.000892625539564, 0.000697788840625, 0.000974438211415, 0.000491030339617, 0.000358252640581, 9.91502238321e-05, 0.000155091198394, 0.000109342479846, 3.71397873096e-05, 7.34291606932e-05, 0.000174622618943, 9.77073796093e-05, 5.57796847716e-05, 2.17828874156e-05, 6.18648755335e-06, 2.43502427111e-07]
    },
    "erbbands": {
        "max": [0.234209805727, 2.66865777969, 5.3761844635, 18.4130077362, 36.5749092102, 119.996490479, 236.517578125, 470.83807373, 1148.6262207, 1580.07629395, 520.880065918, 200.675979614, 870.024291992, 208.925872803, 153.823120117, 513.375, 210.687835693, 1188.88366699, 298.824981689, 439.893341064, 135.507858276, 42.1154212952, 59.2381401062, 149.462188721, 18.7567195892, 26.6757259369, 43.5505256653, 60.1008834839, 109.238479614, 117.639732361, 29.8497867584, 14.1398506165, 19.9591445923, 6.11158132553, 1.41400468349, 0.804235160351, 0.220709234476, 0.00630441121757, 0.00100794283208, 0.000111889938125],
        "mean": [0.0154821043834, 0.180709287524, 0.131020903587, 0.289075106382, 0.731756210327, 4.39310836792, 12.5671768188, 18.1598186493, 80.619354248, 30.9016227722, 5.92866754532, 7.76684951782, 14.2514533997, 10.1049537659, 8.85680389404, 13.7902460098, 12.6818323135, 9.5077753067, 7.74522924423, 8.08870983124, 6.41224431992, 3.00793147087, 3.05091881752, 3.73424243927, 1.10525107384, 0.652884721756, 0.659016251564, 0.968032717705, 1.22565579414, 1.26325201988, 0.555027544498, 0.204128339887, 0.194225296378, 0.0792995765805, 0.0188240651041, 0.00616408279166, 0.00112371030264, 5.0434795412e-05, 9.04627268028e-06, 1.38906234497e-05],
        "min": [3.46557008628e-23, 3.11268231111e-22, 1.6649508939e-21, 4.85372256274e-21, 4.95570124991e-21, 1.48818839486e-20, 2.70875688126e-20, 4.03802207002e-20, 9.41707064159e-20, 1.77777708949e-19, 1.6913420146e-19, 1.92335764612e-19, 4.25174479617e-19, 5.40665410892e-19, 7.45480758933e-19, 9.39994813215e-19, 1.14733270023e-18, 1.72773524737e-18, 2.23110401502e-18, 2.44476828276e-18, 3.36473105628e-18, 3.2565895989e-18, 4.3760629595e-18, 5.04301661945e-18, 6.39571334697e-18, 5.83828543115e-18, 8.612600402e-18, 9.14763157555e-18, 1.01740576638e-17, 1.0205435106e-17, 9.30906662543e-18, 9.9042983496e-18, 8.52415080628e-18, 7.50912988432e-18, 5.56450850073e-18, 3.93033130975e-18, 2.11582998601e-18, 8.77114817796e-19, 2.07042131175e-19, 2.52913186474e-20],
        "stdev": [0.0455756373703, 0.532834351063, 0.434998214245, 1.28538823128, 2.32283592224, 12.2578134537, 30.8001823425, 47.8567008972, 222.156188965, 118.934211731, 25.2250175476, 22.6710987091, 56.5643348694, 22.7726898193, 22.6836833954, 42.3443107605, 25.947725296, 47.5176925659, 22.566488266, 23.6706695557, 13.9399347305, 5.77755451202, 6.20254707336, 10.7056560516, 2.02316355705, 1.7479082346, 2.41047358513, 3.29373311996, 5.95177507401, 6.41339445114, 2.03671789169, 0.862648546696, 1.1313649416, 0.396128892899, 0.084380403161, 0.0370131395757, 0.010271419771, 0.000357207085472, 3.74844530597e-05, 2.18342192966e-05]
    },
    "gfcc": {
        "mean": [-681.874023438, 46.3349113464, -77.9198684692, 8.80701828003, -39.0443687439, 4.73381519318, -23.6948184967, -1.68184411526, -4.02825069427, -0.709759473801, 0.747888207436, 1.16723823547, -0.0571222342551],
        "cov": [[359599.84375, 29338.2539062, -47042.625, 5652.21728516, -23853.5917969, 2931.27001953, -14382.7099609, -1192.50756836, -2251.07348633, -352.973907471, 830.185546875, 811.654663086, 41.285736084], [29338.2539062, 3161.52075195, -3254.82592773, 735.738647461, -1847.82617188, 135.678573608, -1163.75378418, -357.526184082, -9.03182506561, -59.5201225281, 374.375152588, 125.103965759, 42.1956863403], [-47042.625, -3254.82592773, 6982.99658203, -284.450531006, 3221.11669922, -486.961578369, 1815.73254395, -138.572891235, 437.575897217, 26.7514591217, 142.58706665, -54.2195510864, 24.4080429077], [5652.21728516, 735.738647461, -284.450531006, 570.943786621, -282.780395508, -102.841453552, -438.538024902, -267.375762939, 23.3553218842, -114.126960754, 63.1866912842, -24.2821884155, 25.8525543213], [-23853.5917969, -1847.82617188, 3221.11669922, -282.780395508, 1713.22058105, -154.356155396, 948.273376465, 83.9750366211, 155.354873657, -10.7140169144, -72.6355514526, -76.5306015015, 7.76136207581], [2931.27001953, 135.678573608, -486.961578369, -102.841453552, -154.356155396, 205.176315308, 4.3249630928, 132.766830444, -52.8693847656, 50.7870445251, -38.902431488, 5.39900016785, -5.93264770508], [-14382.7099609, -1163.75378418, 1815.73254395, -438.538024902, 948.273376465, 4.3249630928, 794.926208496, 184.05696106, 107.359451294, 105.489120483, 29.8450336456, 20.5596237183, -14.7264003754], [-1192.50756836, -357.526184082, -138.572891235, -267.375762939, 83.9750366211, 132.766830444, 184.05696106, 249.388900757, -44.4368858337, 64.955581665, -92.5743026733, 1.91378509998, -18.1836662292], [-2251.07348633, -9.03182506561, 437.575897217, 23.3553218842, 155.354873657, -52.8693847656, 107.359451294, -44.4368858337, 99.3072891235, 21.519077301, 89.7644805908, 15.4469280243, 11.4714212418], [-352.973907471, -59.5201225281, 26.7514591217, -114.126960754, -10.7140169144, 50.7870445251, 105.489120483, 64.955581665, 21.519077301, 97.4696273804, 54.1589851379, 37.1066398621, -9.43545913696], [830.185546875, 374.375152588, 142.58706665, 63.1866912842, -72.6355514526, -38.902431488, 29.8450336456, -92.5743026733, 89.7644805908, 54.1589851379, 219.080490112, 75.5461196899, 7.17775726318], [811.654663086, 125.103965759, -54.2195510864, -24.2821884155, -76.5306015015, 5.39900016785, 20.5596237183, 1.91378509998, 15.4469280243, 37.1066398621, 75.5461196899, 60.7347717285, 1.83882915974], [41.285736084, 42.1956863403, 24.4080429077, 25.8525543213, 7.76136207581, -5.93264770508, -14.7264003754, -18.1836662292, 11.4714212418, -9.43545913696, 7.17775726318, 1.83882915974, 27.5508003235]],
        "icov": [[0.000514435174409, -0.00185836048331, 0.00119304738473, -0.00171090802178, 0.0021846788004, -0.00109859963413, 0.000596621481236, -0.000966650608461, 0.000705613696482, -0.00123519916087, 0.00137631490361, -0.00113736931235, 0.000453199405456], [-0.00185836048331, 0.0118432911113, -0.00196808227338, 0.00386580708437, -0.00805717986077, -0.00145215773955, -0.00164740055334, 0.00658806972206, -0.00687919510528, 0.0106842815876, -0.0137050459161, 0.00288187060505, -0.00191152293701], [0.00119304738473, -0.00196808227338, 0.0081043234095, -0.00770119111985, -0.000968037988059, -0.00275236042216, -0.00323880231008, 0.00475484225899, -6.17947225692e-05, -0.00444682035595, 0.000461538380478, -0.0056378939189, 0.00111895101145], [-0.00171090802178, 0.00386580708437, -0.00770119111985, 0.0164157897234, -0.00668218173087, 0.00202516652644, 0.00870998576283, 0.0016262892168, -0.00451479479671, 0.00652228202671, -0.00356261967681, 0.00455896463245, 0.000846907787491], [0.0021846788004, -0.00805717986077, -0.000968037988059, -0.00668218173087, 0.0231796335429, -0.0052024461329, 0.000254433893133, -0.0115151638165, 0.00278976652771, 0.00225610588677, 0.00734671205282, 0.00262827728875, -0.00139852031134], [-0.00109859963413, -0.00145215773955, -0.00275236042216, 0.00202516652644, -0.0052024461329, 0.0205757692456, -0.00793351233006, -0.00435490580276, 0.00937477033585, -0.0101116485894, 0.00507514225319, 0.00812725257128, -0.00604123389348], [0.000596621481236, -0.00164740055334, -0.00323880231008, 0.00870998576283, 0.000254433893133, -0.00793351233006, 0.0244690440595, -0.00891003571451, -0.00514870462939, 0.00235266704112, -0.00536211766303, -0.00461723702028, 0.00639839004725], [-0.000966650608461, 0.00658806972206, 0.00475484225899, 0.0016262892168, -0.0115151638165, -0.00435490580276, -0.00891003571451, 0.0269900541753, -0.0060469172895, -0.00328297261149, 0.00271024671383, -0.00760758901015, 0.00217232131399], [0.000705613696482, -0.00687919510528, -6.17947225692e-05, -0.00451479479671, 0.00278976652771, 0.00937477033585, -0.00514870462939, -0.0060469172895, 0.0363506451249, -0.0131680313498, -0.00420686043799, 0.0118637299165, -0.011081488803], [-0.00123519916087, 0.0106842815876, -0.00444682035595, 0.00652228202671, 0.00225610588677, -0.0101116485894, 0.00235266704112, -0.00328297261149, -0.0131680313498, 0.0410719774663, -0.0198954809457, -0.000943740305956, 0.00437976000831], [0.00137631490361, -0.0137050459161, 0.000461538380478, -0.00356261967681, 0.00734671205282, 0.00507514225319, -0.00536211766303, 0.00271024671383, -0.00420686043799, -0.0198954809457, 0.0420256108046, -0.0198431275785, 0.00512106483802], [-0.00113736931235, 0.00288187060505, -0.0056378939189, 0.00455896463245, 0.00262827728875, 0.00812725257128, -0.00461723702028, -0.00760758901015, 0.0118637299165, -0.000943740305956, -0.0198431275785, 0.049511115998, -0.0118697145954], [0.000453199405456, -0.00191152293701, 0.00111895101145, 0.000846907787491, -0.00139852031134, -0.00604123389348, 0.00639839004725, 0.00217232131399, -0.011081488803, 0.00437976000831, 0.00512106483802, -0.0118697145954, 0.0462779738009]]
    },
    "melbands": {
        "max": [0.00279317586683, 0.00308927358128, 0.00270980852656, 0.00632934086025, 0.00737779168412, 0.00977875106037, 0.0160181429237, 0.0188962258399, 0.00268591451459, 0.0021353175398, 0.0042399642989, 0.00100319890771, 0.000469937047455, 0.00123267038725, 0.000578624603804, 0.000727914564777, 0.00270534656011, 0.000601073901635, 0.00128958420828, 0.000330934271915, 0.000159952323884, 5.50817894691e-05, 4.4758340664e-05, 0.000110550550744, 0.000137155278935, 2.35136067204e-05, 1.08792137326e-05, 1.96733344637e-05, 2.6598409022e-05, 3.15711149597e-05, 3.55631382263e-05, 5.21366200701e-05, 8.17159670987e-05, 6.56250485918e-05, 2.11792103073e-05, 1.00033730632e-05, 7.94669722382e-06, 1.64720404427e-05, 9.57053907769e-06, 4.26142833021e-06],
        "mean": [0.000187391997315, 0.000132071028929, 5.436855281e-05, 0.000163912060088, 0.000406193430535, 0.000462285097456, 0.00114025594667, 0.000249355623964, 3.75725612685e-05, 5.60384833079e-05, 7.19266317901e-05, 4.16625734942e-05, 2.78992811218e-05, 3.46190281562e-05, 3.6249148252e-05, 2.29415527429e-05, 1.74596298166e-05, 1.27971516122e-05, 1.13120859169e-05, 1.1153707419e-05, 6.45779618935e-06, 3.15561123898e-06, 2.07844323086e-06, 3.54652138412e-06, 3.10711970997e-06, 9.26441259708e-07, 5.46384057998e-07, 3.99420940767e-07, 3.83193025755e-07, 4.58562453787e-07, 6.08045468198e-07, 6.59473641917e-07, 7.11892653271e-07, 7.24800429452e-07, 3.60446023251e-07, 1.50203675275e-07, 1.12531751029e-07, 1.45288581166e-07, 1.10522002217e-07, 5.16420115559e-08],
        "min": [5.08499739505e-25, 1.0245116042e-24, 1.02054018258e-24, 1.02969106768e-24, 8.49034130388e-25, 1.04838559202e-24, 1.33341543379e-24, 1.3370409399e-24, 1.37839766311e-24, 1.07681199753e-24, 1.67555338168e-24, 2.0502226714e-24, 1.63287186519e-24, 2.01165131744e-24, 2.13768624376e-24, 2.66570397978e-24, 2.25309245267e-24, 2.47201397565e-24, 3.18876688046e-24, 2.79495844467e-24, 2.86583799144e-24, 2.73721362919e-24, 3.48864939535e-24, 3.15707104093e-24, 3.20344699026e-24, 3.49863400783e-24, 3.41457259534e-24, 3.57537124124e-24, 3.47203243481e-24, 3.56805337306e-24, 4.29277042035e-24, 4.74355236287e-24, 4.03573350502e-24, 4.87595635492e-24, 4.47332293219e-24, 5.0307939734e-24, 5.2222816751e-24, 5.10587696549e-24, 5.33468291561e-24, 5.18151097693e-24],
        "stdev": [0.000551886216272, 0.000395566690713, 0.000198162248125, 0.000483308453113, 0.000971120898612, 0.00111259752885, 0.00307359057479, 0.00116726185661, 0.000142781733302, 0.00018122754409, 0.000275893311482, 9.73121204879e-05, 7.61656119721e-05, 0.000109340566269, 7.77233508416e-05, 6.09842682024e-05, 0.000106085273728, 4.35082693002e-05, 5.15598658239e-05, 2.88961527986e-05, 1.47710552483e-05, 6.21470098849e-06, 4.61404442831e-06, 8.43562611408e-06, 9.65917297435e-06, 1.90659136479e-06, 1.07227583612e-06, 1.24005487123e-06, 1.47909497628e-06, 1.67901373516e-06, 2.12643044506e-06, 2.92725349027e-06, 4.44258694188e-06, 3.33479101755e-06, 1.32518334794e-06, 5.64333902275e-07, 5.18228603141e-07, 9.11924018965e-07, 5.59699344649e-07, 2.5933309189e-07]
    },
    "melbands128": {
        "max": [0.000214539642911, 0.00142859865446, 0.00507068401203, 0.00421548075974, 0.0018510047812, 0.00407991930842, 0.00465207500383, 0.00133233610541, 0.00259982515126, 0.0097516188398, 0.00836573075503, 0.00688283145428, 0.0100875794888, 0.0128968236968, 0.0157148092985, 0.0106407217681, 0.0265804901719, 0.0302295405418, 0.0255877580494, 0.0232082139701, 0.0284108091146, 0.00334887718782, 0.000508295139298, 0.00233531696722, 0.00170814583544, 0.00156941218302, 0.0103883352131, 0.00421673199162, 0.00120419589803, 0.00233551533893, 0.00108141824603, 0.00160775333643, 0.000769301725086, 0.00119922542945, 0.000561548920814, 0.00236377492547, 0.0019818849396, 0.000694359652698, 0.00114287633915, 0.000474080530694, 0.00155037594959, 0.00063953344943, 0.00263203959912, 0.00542497355491, 0.00104217894841, 0.00130320992321, 0.000492455787025, 0.00250842189416, 0.0010227226885, 0.000824538292363, 0.000650350877549, 0.00025946344249, 0.000410237465985, 0.000145979807712, 8.69859650265e-05, 7.92097052909e-05, 9.6704432508e-05, 4.38265014964e-05, 3.87011896237e-05, 0.000142889140989, 9.20252641663e-05, 0.000269049720373, 0.000404347345466, 0.000186613309779, 6.59878860461e-05, 2.86148133455e-05, 2.81538668787e-05, 1.64740158652e-05, 1.40309130074e-05, 2.76424852927e-05, 2.05355481739e-05, 2.57544106717e-05, 3.53802352038e-05, 2.64609516307e-05, 2.46708859777e-05, 3.85227467632e-05, 3.81897989428e-05, 2.93263365165e-05, 3.77934884455e-05, 3.80731107725e-05, 4.17623123212e-05, 5.79109910177e-05, 0.000111624634883, 9.79452015599e-05, 9.88295214484e-05, 0.000104025217297, 6.4129839302e-05, 2.81488282781e-05, 2.61511650024e-05, 2.47471252806e-05, 1.00632614703e-05, 9.39295659919e-06, 8.63618606672e-06, 7.7594522736e-06, 1.02819240055e-05, 1.62155811267e-05, 2.09605896089e-05, 1.98874458874e-05, 1.39458761623e-05, 6.68722441333e-06, 8.11453082861e-06, 4.03869671572e-06, 3.0579938084e-06, 2.46404692916e-06, 1.75241200395e-06, 9.85650558505e-07, 2.06438289752e-06, 1.53810822212e-06, 1.20680101645e-06, 1.75819468495e-06, 1.01552916476e-06, 1.5367178321e-06, 7.37782499982e-07, 1.09689139549e-07, 4.979442636e-08, 4.6118799446e-08, 3.49748852102e-08, 3.29506590901e-08, 3.21696767003e-08, 3.14292947223e-08, 3.06738456857e-08, 3.00331279846e-08, 2.9434422899e-08, 2.89313319968e-08, 2.84938970196e-08, 2.82070455881e-08, 2.797087717e-08, 2.78234288942e-08],
        "mean": [1.83340614512e-06, 6.33102899883e-05, 0.000343498890288, 0.000284079753328, 8.31606957945e-05, 5.0719758292e-05, 6.31051152595e-05, 4.06804610975e-05, 5.81605927437e-05, 0.000121779135952, 0.000259976717643, 0.000333001546096, 0.000389331195038, 0.000618293997832, 0.000318431906635, 0.000178436763235, 0.00137458078098, 0.0015746706631, 0.000529966375325, 0.000264797825366, 0.000154193447088, 3.61361453542e-05, 1.74454362423e-05, 3.91590292566e-05, 4.17616029154e-05, 5.17088265042e-05, 0.000116053386591, 6.11644791206e-05, 5.32616650162e-05, 5.54318794457e-05, 2.88930987153e-05, 3.54242292815e-05, 2.40458721237e-05, 2.93403081741e-05, 2.32198635786e-05, 4.97708933835e-05, 3.07319060084e-05, 3.49288602592e-05, 4.54563451058e-05, 1.67174457602e-05, 2.69848933385e-05, 1.48540148075e-05, 1.46584643517e-05, 2.21814607357e-05, 1.44811310747e-05, 1.18141369967e-05, 7.9921383076e-06, 1.46719921759e-05, 9.55427822191e-06, 1.00384449979e-05, 1.3301440049e-05, 1.09167240225e-05, 6.69662767905e-06, 5.22686787008e-06, 3.47931450051e-06, 3.01688237414e-06, 2.93638481708e-06, 1.88772469301e-06, 1.52009101839e-06, 2.92677691505e-06, 2.81236543742e-06, 5.03195951751e-06, 4.66082474304e-06, 2.12972145164e-06, 1.300315148e-06, 9.90141984403e-07, 5.93810568716e-07, 5.88268392221e-07, 5.69758981328e-07, 4.65218505497e-07, 3.1382884913e-07, 4.18351959297e-07, 4.72342833291e-07, 2.98463191939e-07, 3.61117088232e-07, 5.63015248645e-07, 4.06728958069e-07, 4.64991217086e-07, 8.30291071452e-07, 4.78234881029e-07, 5.99265774781e-07, 7.55584494527e-07, 7.5395547583e-07, 6.90442107043e-07, 6.8706589218e-07, 7.43145221804e-07, 8.19138676889e-07, 5.47813783669e-07, 3.20219299965e-07, 2.36937623299e-07, 1.70815965816e-07, 1.33091774046e-07, 9.32820611865e-08, 1.07418131279e-07, 1.20039146623e-07, 1.50703343138e-07, 1.51996644604e-07, 1.37629299957e-07, 1.21113032492e-07, 9.35587181061e-08, 6.88134562665e-08, 4.38586837959e-08, 3.19411377347e-08, 2.43975044611e-08, 1.7270897601e-08, 1.55907589061e-08, 1.45921612571e-08, 1.16095977276e-08, 9.96466997805e-09, 9.28578014481e-09, 7.53565476685e-09, 5.29687937956e-09, 2.81183898387e-09, 5.14801867801e-10, 1.45437051291e-10, 2.39907066435e-10, 2.45343023675e-10, 5.33550668924e-11, 6.95481033874e-11, 4.87623136314e-11, 3.76951525549e-11, 3.76199418839e-11, 3.5949337257e-11, 3.53300826095e-11, 3.47664848299e-11, 3.43534194147e-11, 3.40329743553e-11, 3.38487744778e-11],
        "min": [1.51942891844e-27, 2.41209062217e-25, 1.14688505728e-25, 2.21374412002e-25, 2.16923732731e-25, 1.44552548602e-25, 2.26184762543e-25, 3.45896944056e-25, 1.2003309999e-25, 5.15932781385e-25, 2.33672260477e-25, 1.17394557478e-25, 1.62896794048e-25, 3.22212233542e-25, 1.54712633327e-25, 1.80010663e-25, 4.02597480258e-25, 3.05459564276e-25, 4.90591068539e-25, 1.87020074248e-25, 5.63713494768e-25, 2.29439849157e-25, 5.47960534137e-25, 3.00441669362e-25, 4.00590100426e-25, 3.32445238597e-25, 6.51604136701e-25, 6.44378910366e-25, 8.08380282245e-25, 9.85593348652e-25, 7.84543173664e-25, 6.2431512071e-25, 9.267051779e-25, 7.94173636899e-25, 7.4495088578e-25, 8.92363696113e-25, 8.07457906631e-25, 8.62382544372e-25, 4.65273120128e-25, 2.67963477033e-25, 1.04679929135e-24, 1.01834665622e-24, 9.59344100639e-25, 6.3446840151e-25, 8.3850214705e-25, 3.45129505655e-25, 7.34606010388e-25, 1.14691698149e-24, 1.54242275012e-24, 1.09170263458e-24, 1.18038233464e-24, 1.01502081865e-24, 6.73772508644e-25, 1.07816016082e-24, 1.08618159432e-24, 7.03340100056e-25, 1.59905142603e-24, 1.20769260057e-24, 1.91780586035e-24, 1.35360494815e-24, 1.79590929834e-24, 1.74758999018e-24, 1.55078004116e-24, 1.43661569653e-24, 1.55229278055e-24, 1.78987530128e-24, 1.90310938169e-24, 1.67681023432e-24, 1.54862753557e-24, 1.18112100427e-24, 1.7441773779e-24, 2.03142470767e-24, 1.56190860056e-24, 2.2497640513e-24, 2.2150338583e-24, 2.88735358098e-24, 2.32586861827e-24, 3.08756213999e-24, 2.79797780979e-24, 2.29315830362e-24, 2.4686820244e-24, 1.90622301568e-24, 2.35686809083e-24, 1.62126121317e-24, 3.48391425777e-24, 2.59546301592e-24, 3.00391369618e-24, 3.34411035599e-24, 2.92526308064e-24, 2.84500614708e-24, 3.01110514941e-24, 2.71249980032e-24, 2.60064997359e-24, 3.50356872722e-24, 3.74503786702e-24, 2.60467710851e-24, 3.89846105789e-24, 3.43431383949e-24, 3.73324557977e-24, 3.65526825701e-24, 3.18327916957e-24, 3.67589026437e-24, 4.58337691707e-24, 3.40246397487e-24, 3.19951530751e-24, 3.82468560274e-24, 3.70203311477e-24, 2.69185274664e-24, 4.5130775775e-24, 4.31483564873e-24, 5.05374943131e-24, 4.56765176379e-24, 2.97861788518e-24, 3.71839448437e-24, 4.79355904451e-24, 4.58166942764e-24, 4.78468199274e-24, 4.44140601439e-24, 4.07931175915e-24, 4.97173274628e-24, 4.71560538758e-24, 5.03849088925e-24, 4.54719541722e-24, 4.80737673212e-24, 4.05352626274e-24, 5.16588206468e-24, 4.98541751084e-24, 4.94093403882e-24],
        "stdev": [1.17367071653e-05, 0.000188691818039, 0.00101514463313, 0.000838162435684, 0.000244024457061, 0.000267757422989, 0.0003210780269, 0.000121116616356, 0.000195673419512, 0.000506659795064, 0.00078853830928, 0.000876078906003, 0.0010385379428, 0.00169920700137, 0.00139005109668, 0.000756781781092, 0.00420908210799, 0.00464249681681, 0.00244831573218, 0.00152288982645, 0.00130802043714, 0.000182558884262, 4.99063971802e-05, 0.000135669411975, 0.00014373283193, 0.000167300881003, 0.000619660655502, 0.000302574655507, 0.000136129499879, 0.000180033865036, 9.44300336414e-05, 0.000142238815897, 8.66923146532e-05, 0.000104036051198, 6.8384615588e-05, 0.000193956220755, 0.000160264127771, 8.46198236104e-05, 0.000120332195365, 4.22358534706e-05, 0.000114484064397, 5.64651345485e-05, 0.00010279660637, 0.000211798687815, 5.88303046243e-05, 6.03107400821e-05, 2.52438476309e-05, 9.53454800765e-05, 4.70545419375e-05, 4.52437416243e-05, 4.30027539551e-05, 2.68256098934e-05, 2.33938317251e-05, 1.41052951221e-05, 8.42406279844e-06, 6.80580978951e-06, 8.01469559519e-06, 4.09861149819e-06, 4.14719488617e-06, 1.07557561932e-05, 7.85025986261e-06, 1.84183409146e-05, 2.26846841542e-05, 8.52602079249e-06, 3.79373977921e-06, 2.45036676461e-06, 1.5900524204e-06, 1.42536839576e-06, 1.15426337288e-06, 1.27602402245e-06, 1.17444460557e-06, 1.45106173477e-06, 1.91576600628e-06, 1.40970200846e-06, 1.36054893574e-06, 2.2146828087e-06, 1.81115888154e-06, 1.5900109247e-06, 3.31761111738e-06, 2.05475475923e-06, 2.39014366343e-06, 3.5319608287e-06, 4.89995500175e-06, 5.0906864999e-06, 4.35924130215e-06, 4.31603348261e-06, 3.40100359608e-06, 1.84396014902e-06, 1.43041586398e-06, 1.15303464554e-06, 6.25073766969e-07, 4.95091740049e-07, 3.82268780186e-07, 4.60902043642e-07, 6.30728322903e-07, 1.00559191196e-06, 1.01503576388e-06, 8.63600007506e-07, 6.37106722934e-07, 4.60498057464e-07, 4.00402882406e-07, 2.17850654849e-07, 1.46527384004e-07, 1.1350708462e-07, 8.23359727065e-08, 7.10828444994e-08, 8.68639062901e-08, 6.98899285112e-08, 5.7553361188e-08, 6.86368935021e-08, 5.56607737678e-08, 6.29390797258e-08, 3.26190843225e-08, 5.79715608851e-09, 2.13097450796e-09, 1.99852623339e-09, 1.30964150635e-09, 1.12899700699e-09, 1.11527320712e-09, 1.08155451262e-09, 1.04896469288e-09, 1.02723596296e-09, 1.00658503754e-09, 9.89391679695e-10, 9.74430314216e-10, 9.646160537e-10, 9.56547618891e-10, 9.51508649649e-10]
    },
    "mfcc": {
        "mean": [-987.04864502, 56.4696922302, -10.3220291138, -0.270785421133, -3.79173922539, 0.389412850142, -10.5702571869, -1.10789036751, -6.04730558395, -3.00727343559, 1.15459012985, -1.40888261795, 1.32994103432],
        "cov": [[83863.0234375, 17052.9101562, -2547.03808594, 124.170463562, -1050.40600586, 289.370819092, -3068.70288086, -325.663330078, -1879.64050293, -891.312011719, 506.843261719, -337.634338379, 525.815856934], [17052.9101562, 3913.12231445, -281.369628906, 120.023086548, -169.890274048, 140.801315308, -624.751525879, -55.1374206543, -500.786193848, -231.659393311, 185.428451538, -23.9430580139, 189.793457031], [-2547.03808594, -281.369628906, 807.337097168, 433.8934021, 242.102157593, 167.067504883, -24.9930667877, -87.9328079224, -165.999908447, -79.0555877686, 34.0686149597, 19.9359703064, 63.7191467285], [124.170463562, 120.023086548, 433.8934021, 468.048248291, 252.039001465, 85.4792938232, -185.133590698, -89.3846435547, -167.863372803, -82.3461380005, -55.053768158, -60.4655838013, 3.44290494919], [-1050.40600586, -169.890274048, 242.102157593, 252.039001465, 259.263671875, 59.7441520691, -44.873588562, -20.7279415131, -30.4844074249, 7.02057647705, -79.2805786133, -51.4836425781, -14.9589319229], [289.370819092, 140.801315308, 167.067504883, 85.4792938232, 59.7441520691, 89.674987793, -6.22743701935, -13.3898668289, -46.0167007446, -14.6120519638, 15.5621356964, 3.90841126442, 22.6709270477], [-3068.70288086, -624.751525879, -24.9930667877, -185.133590698, -44.873588562, -6.22743701935, 272.840942383, 87.2151031494, 150.767608643, 85.0193252563, 35.9305381775, 61.5747489929, 3.84207844734], [-325.663330078, -55.1374206543, -87.9328079224, -89.3846435547, -20.7279415131, -13.3898668289, 87.2151031494, 80.5196609497, 67.4935379028, 40.044380188, 7.79934692383, 17.531955719, 5.15051603317], [-1879.64050293, -500.786193848, -165.999908447, -167.863372803, -30.4844074249, -46.0167007446, 150.767608643, 67.4935379028, 176.966567993, 92.8413772583, -27.2087421417, 14.5905761719, -32.2364616394], [-891.312011719, -231.659393311, -79.0555877686, -82.3461380005, 7.02057647705, -14.6120519638, 85.0193252563, 40.044380188, 92.8413772583, 81.3464279175, -9.75084114075, 5.97999715805, -14.9302682877], [506.843261719, 185.428451538, 34.0686149597, -55.053768158, -79.2805786133, 15.5621356964, 35.9305381775, 7.79934692383, -27.2087421417, -9.75084114075, 114.768791199, 57.7164268494, 46.7884979248], [-337.634338379, -23.9430580139, 19.9359703064, -60.4655838013, -51.4836425781, 3.90841126442, 61.5747489929, 17.531955719, 14.5905761719, 5.97999715805, 57.7164268494, 63.880115509, 37.9373588562], [525.815856934, 189.793457031, 63.7191467285, 3.44290494919, -14.9589319229, 22.6709270477, 3.84207844734, 5.15051603317, -32.2364616394, -14.9302682877, 46.7884979248, 37.9373588562, 62.5662231445]],
        "icov": [[0.000189800572116, -0.000798001186922, 0.000254787009908, -0.000202049166546, 0.00035590204061, -0.000192484469153, 0.000468618731247, 0.00036597030703, -0.000615476747043, -0.000159477858688, 6.11971190665e-05, 0.000184895878192, 0.00016013054119], [-0.000798001186922, 0.00526492996141, 0.00111525214743, 0.00101384520531, -0.00106528145261, -0.00398117350414, 0.00214879726991, -0.00538977561519, 0.0064859376289, -0.000291570206173, -0.00221353652887, 0.000154311754159, -0.00412252824754], [0.000254787009908, 0.00111525214743, 0.00910628307611, -0.00573967024684, 0.00021839668625, -0.00966354086995, -2.77132112387e-05, 0.000631036702543, 0.00466769561172, 0.000282132416032, -0.00310188904405, -0.000789001525845, -0.00570866558701], [-0.000202049166546, 0.00101384520531, -0.00573967024684, 0.0154978008941, -0.00915901362896, 0.00270825112239, 0.00660101184621, -0.00291550392285, 0.00354184256867, 0.00306846061721, -0.000350064539816, 6.75935079926e-05, 0.00305660325103], [0.00035590204061, -0.00106528145261, 0.00021839668625, -0.00915901362896, 0.0173007771373, -0.00519711570814, 4.58867434645e-05, -0.00212008832023, -0.00036583194742, -0.00935756135732, 0.00677537173033, 0.00444036070257, -0.00346735236235], [-0.000192484469153, -0.00398117350414, -0.00966354086995, 0.00270825112239, -0.00519711570814, 0.0332948304713, -0.0113882599398, 0.00808232743293, -0.00431968318298, 0.000449161103461, 0.00273053324781, 0.000851592340041, 0.00543726235628], [0.000468618731247, 0.00214879726991, -2.77132112387e-05, 0.00660101184621, 4.58867434645e-05, -0.0113882599398, 0.026757016778, -0.0155708286911, -0.00175052846316, -0.00317532336339, -0.00606234511361, -0.00408040219918, -0.0016674028011], [0.00036597030703, -0.00538977561519, 0.000631036702543, -0.00291550392285, -0.00212008832023, 0.00808232743293, -0.0155708286911, 0.0346192382276, -0.0124828862026, 0.0013204877032, 0.00233909115195, 0.00174334738404, -0.00146021693945], [-0.000615476747043, 0.0064859376289, 0.00466769561172, 0.00354184256867, -0.00036583194742, -0.00431968318298, -0.00175052846316, -0.0124828862026, 0.0422302186489, -0.0198562797159, 0.00630782684311, -0.00724528962746, -0.000141809578054], [-0.000159477858688, -0.000291570206173, 0.000282132416032, 0.00306846061721, -0.00935756135732, 0.000449161103461, -0.00317532336339, 0.0013204877032, -0.0198562797159, 0.038598164916, -0.00661801267415, 0.0029460687656, 0.0015975816641], [6.11971190665e-05, -0.00221353652887, -0.00310188904405, -0.000350064539816, 0.00677537173033, 0.00273053324781, -0.00606234511361, 0.00233909115195, 0.00630782684311, -0.00661801267415, 0.0270076915622, -0.0150743825361, 0.00080315885134], [0.000184895878192, 0.000154311754159, -0.000789001525845, 6.75935079926e-05, 0.00444036070257, 0.000851592340041, -0.00408040219918, 0.00174334738404, -0.00724528962746, 0.0029460687656, -0.0150743825361, 0.0536017082632, -0.0246207676828], [0.00016013054119, -0.00412252824754, -0.00570866558701, 0.00305660325103, -0.00346735236235, 0.00543726235628, -0.0016674028011, -0.00146021693945, -0.000141809578054, 0.0015975816641, 0.00080315885134, -0.0246207676828, 0.0448484495282]]
    },
    "spectral_contrast_coeffs": {
        "max": [-0.308931738138, -0.384097576141, -0.612624526024, -0.570047616959, -0.667571306229, -0.650456428528],
        "mean": [-0.823723256588, -0.82448142767, -0.863324463367, -0.872527062893, -0.87550508976, -0.863232672215],
        "min": [-0.981886684895, -0.985405921936, -0.974565088749, -0.975044190884, -0.969825565815, -0.965830802917],
        "stdev": [0.164041891694, 0.167777881026, 0.107712239027, 0.101941719651, 0.0907604321837, 0.102355375886]
    },
    "spectral_contrast_valleys": {
        "max": [-5.47177600861, -5.89049434662, -5.88861560822, -6.1868596077, -6.76645088196, -8.47206401825],
        "mean": [-17.8506469727, -17.4331569672, -17.6908073425, -17.6859760284, -17.9669265747, -19.1971664429],
        "min": [-28.3012371063, -28.1918296814, -27.9370975494, -27.7408657074, -27.587348938, -27.4105854034],
        "stdev": [9.61189174652, 9.9821395874, 9.78933429718, 9.74199581146, 9.48540401459, 8.23152351379]
    }
},
"rhythm": {
    "beats_count": 32,
    "beats_loudness": {
        "max": 0.0610425882041,
        "mean": 0.0112721202895,
        "min": 0,
        "stdev": 0.0173097047955
    },
    "bpm": 94.5124511719,
    "bpm_histogram_first_peak_bpm": 94,
    "bpm_histogram_first_peak_weight": 0.588235259056,
    "bpm_histogram_second_peak_bpm": 117,
    "bpm_histogram_second_peak_spread": 0,
    "bpm_histogram_second_peak_weight": 0.161290317774,
    "danceability": 0.705201029778,
    "onset_rate": 0.9087870121,
    "beats_loudness_band_ratio": {
        "max": [0.370139926672, 0.790994822979, 0.889120578766, 0.584146201611, 0.359239965677, 0.0535086318851],
        "mean": [0.0373085550964, 0.135462984443, 0.197503075004, 0.0928184241056, 0.0517374910414, 0.0072741759941],
        "min": [0, 0, 0, 0, 0, 0],
        "stdev": [0.0879704207182, 0.261075407267, 0.291199952364, 0.152607217431, 0.0863217189908, 0.011656341143]
    },
    "beats_position": [0.626938760281, 1.27709746361, 1.92725622654, 2.57741498947, 3.21596360207, 3.85451245308, 4.5046710968, 5.14321994781, 5.78176879883, 6.43192720413, 7.07047605515, 7.58131504059, 8.09215450287, 8.60299301147, 9.11383247375, 9.62467098236, 10.1587295532, 10.6927890778, 11.2268476486, 11.7609071732, 12.3297958374, 12.8986845016, 13.5024032593, 14.1061220169, 14.7098407745, 15.3483896255, 15.9869384766, 16.602268219, 17.2175960541, 17.8329238892, 18.4482536316, 19.0635814667],
