{
"metadata": {
    "version": {
        "essentia": "2.1-beta5",
        "essentia_git_sha": "Undefined",
        "extractor": "music 2.0"
    },
    "audio_properties": {
        "analysis": {
            "equal_loudness": 0,
            "length": 25.774148941,
            "sample_rate": 44100,
            "start_time": 191.506576538,
            "downmix": "mix"
        },
        "bit_rate": 192000,
        "length": 217.303955078,
        "lossless": 0,
        "number_channels": 2,
        "replay_gain": -5.7956237793,
        "sample_rate": 48000,
        "codec": "mp3",
        "md5_encoded": "08d045bfb4c2bff6b2a1468aab7d1938"
    },
    "tags": {
        "file_name": "Finland_Niin Kaunis On Taivas_Jasmine.mp3",
        "encoding": ["Lavf58.29.100"]
    }
},
"lowlevel": {
    "average_loudness": 0.238936930895,
    "barkbands_crest": {
        "max": 20.2785835266,
        "mean": 6.87252092361,
        "min": 2.25825572014,
        "stdev": 2.28669214249
    },
    "barkbands_flatness_db": {
        "max": 0.248133718967,
        "mean": 0.10921703279,
        "min": 0.0544503889978,
        "stdev": 0.0373222120106
    },
    "barkbands_kurtosis": {
        "max": 15.4300498962,
        "mean": 1.67431712151,
        "min": -1.75962388515,
        "stdev": 2.06842899323
    },
    "barkbands_skewness": {
        "max": 3.2666079998,
        "mean": -0.387285977602,
        "min": -2.43246388435,
        "stdev": 1.32625246048
    },
    "barkbands_spread": {
        "max": 133.57862854,
        "mean": 21.6448364258,
        "min": 3.73076415062,
        "stdev": 7.78335046768
    },
    "dissonance": {
        "max": 0.500000119209,
        "mean": 0.484344303608,
        "min": 0.341929137707,
        "stdev": 0.0180491898209
    },
    "dynamic_complexity": 4.97457885742,
    "erbbands_crest": {
        "max": 21.7754383087,
        "mean": 6.05259370804,
        "min": 2.55424976349,
        "stdev": 3.18804502487
    },
    "erbbands_flatness_db": {
        "max": 0.346820563078,
        "mean": 0.163407504559,
        "min": 0.0782436281443,
        "stdev": 0.0585138313472
    },
    "erbbands_kurtosis": {
        "max": 7.64606952667,
        "mean": 0.121245153248,
        "min": -1.79067766666,
        "stdev": 0.945725083351
    },
    "erbbands_skewness": {
        "max": 2.52994561195,
        "mean": -0.138751059771,
        "min": -2.03974413872,
        "stdev": 0.615672111511
    },
    "erbbands_spread": {
        "max": 67.2834396362,
        "mean": 29.814289093,
        "min": 5.71414422989,
        "stdev": 9.88349151611
    },
    "hfc": {
        "max": 237.455505371,
        "mean": 13.7556724548,
        "min": 1.05288934966e-16,
        "stdev": 23.9176845551
    },
    "loudness_ebu128": {
        "integrated": -17.700717926,
        "loudness_range": 9.08327198029,
        "momentary": {
            "max": -12.8739700317,
            "mean": -126.172828674,
            "min": -300.691009521,
            "stdev": 135.979263306
        },
        "short_term": {
            "max": -15.2198610306,
            "mean": -107.263893127,
            "min": -300.691009521,
            "stdev": 128.889907837
        }
    },
    "melbands_crest": {
        "max": 27.2456378937,
        "mean": 6.64425897598,
        "min": 1.5444971323,
        "stdev": 4.72686719894
    },
    "melbands_flatness_db": {
        "max": 0.266800731421,
        "mean": 0.0862881913781,
        "min": 0.00235668825917,
        "stdev": 0.0722487568855
    },
    "melbands_kurtosis": {
        "max": 26.2501277924,
        "mean": 1.17600798607,
        "min": -1.59057807922,
        "stdev": 3.55033826828
    },
    "melbands_skewness": {
        "max": 4.36239433289,
        "mean": 0.702528893948,
        "min": -1.56350409985,
        "stdev": 0.91661465168
    },
    "melbands_spread": {
        "max": 172.409957886,
        "mean": 70.3162002563,
        "min": 5.44620752335,
        "stdev": 51.4638557434
    },
    "pitch_salience": {
        "max": 0.860555231571,
        "mean": 0.751621961594,
        "min": 0.400306940079,
        "stdev": 0.0682683140039
    },
    "silence_rate_20dB": {
        "max": 1,
        "mean": 1,
        "min": 1,
        "stdev": 0
    },
    "silence_rate_30dB": {
        "max": 1,
        "mean": 0.999099910259,
        "min": 0,
        "stdev": 0.0299882218242
    },
    "silence_rate_60dB": {
        "max": 1,
        "mean": 0.477947801352,
        "min": 0,
        "stdev": 0.499513924122
    },
    "spectral_centroid": {
        "max": 11945.5166016,
        "mean": 5390.41259766,
        "min": 625.134338379,
        "stdev": 4507.02246094
    },
    "spectral_complexity": {
        "max": 48,
        "mean": 14.5400543213,
        "min": 0,
        "stdev": 13.9942588806
    },
    "spectral_decrease": {
        "max": 2.42057688388e-28,
        "mean": -2.69596878155e-09,
        "min": -2.87998105364e-08,
        "stdev": 3.9580596578e-09
    },
    "spectral_energy": {
        "max": 0.120785020292,
        "mean": 0.0114228911698,
        "min": 9.71462398691e-21,
        "stdev": 0.0165806785226
    },
    "spectral_energyband_high": {
        "max": 0.0219263359904,
        "mean": 0.000436264934251,
        "min": 6.91881652438e-21,
        "stdev": 0.00156569492538
    },
    "spectral_energyband_low": {
        "max": 0.047967761755,
        "mean": 0.00109327491373,
        "min": 8.6499213569e-24,
        "stdev": 0.00339956046082
    },
    "spectral_energyband_middle_high": {
        "max": 0.0554077252746,
        "mean": 0.00461803004146,
        "min": 1.02637735648e-21,
        "stdev": 0.00708045717329
    },
    "spectral_energyband_middle_low": {
        "max": 0.0880345329642,
        "mean": 0.00554989790544,
        "min": 1.37511847483e-22,
        "stdev": 0.00992483273149
    },
    "spectral_entropy": {
        "max": 9.82595729828,
        "mean": 8.5465927124,
        "min": 6.84261703491,
        "stdev": 1.01456212997
    },
    "spectral_flux": {
        "max": 0.287272930145,
        "mean": 0.0480626374483,
        "min": 6.30652821632e-11,
        "stdev": 0.0501059703529
    },
    "spectral_kurtosis": {
        "max": 12.4484395981,
        "mean": 2.50023818016,
        "min": -1.26123201847,
        "stdev": 3.30952477455
    },
    "spectral_rms": {
        "max": 0.0108553692698,
        "mean": 0.00231674383394,
        "min": 3.07858447936e-12,
        "stdev": 0.00240352773108
    },
    "spectral_rolloff": {
        "max": 19681.3476562,
        "mean": 8689.74511719,
        "min": 322.998046875,
        "stdev": 8087.64453125
    },
    "spectral_skewness": {
        "max": 2.48819470406,
        "mean": 0.919262528419,
        "min": -0.113610871136,
        "stdev": 0.80018311739
    },
    "spectral_spread": {
        "max": 51203208,
        "mean": 17760506,
        "min": 1872016.625,
        "stdev": 18110852
    },
    "spectral_strongpeak": {
        "max": 10.0471420288,
        "mean": 0.704807460308,
        "min": 0,
        "stdev": 1.15600717068
    },
    "zerocrossingrate": {
        "max": 0.65283203125,
        "mean": 0.243630811572,
        "min": 0.01611328125,
        "stdev": 0.207109242678
    },
    "barkbands": {
        "max": [0.00193984026555, 0.0284553412348, 0.0257742479444, 0.0133687164634, 0.0217915475368, 0.0808999761939, 0.0302009806037, 0.0407116338611, 0.0342324748635, 0.0174085367471, 0.00629993109033, 0.00891321059316, 0.0190776530653, 0.0159052368253, 0.0158101189882, 0.0330712497234, 0.02747862041, 0.0159682128578, 0.024196702987, 0.0147679336369, 0.00903866626322, 0.00625801086426, 0.00360981794074, 0.000981249497272, 9.55468713073e-05, 5.15106949024e-05, 8.15013038391e-07],
        "mean": [1.64167886396e-05, 0.000462315627374, 0.000509527279064, 0.000193472689716, 0.000840657390654, 0.000813231396023, 0.000885879504494, 0.00102181278635, 0.00133876595646, 0.00104190595448, 0.000360578793334, 0.000295046280371, 0.000464442389784, 0.000518849410582, 0.000477589113871, 0.000544860376976, 0.000332029070705, 0.000286585069261, 0.000358200428309, 0.000327137036948, 0.000137607770739, 9.15680284379e-05, 6.60695659462e-05, 2.65937396762e-05, 8.92864409252e-06, 2.82420978692e-06, 4.0480494512e-09],
        "min": [1.07085612235e-25, 2.57813055854e-25, 7.71315554005e-25, 2.67417905761e-25, 5.50625937363e-24, 5.36686607396e-24, 3.92273785782e-24, 4.56952373072e-24, 1.02602152341e-23, 1.38043763769e-23, 1.24244551276e-23, 1.54944177808e-23, 2.61483093165e-23, 2.34999644181e-23, 4.11910284984e-23, 4.24335349112e-23, 6.03869047088e-23, 8.05982468526e-23, 8.75365625039e-23, 1.5614585278e-22, 1.92056479882e-22, 2.87656803803e-22, 3.30169590836e-22, 5.01430536053e-22, 8.17644256086e-22, 1.16072079778e-21, 1.85966983613e-21],
        "stdev": [8.42124063638e-05, 0.00152156909462, 0.00183538056444, 0.000800277106464, 0.00200616545044, 0.00395876495168, 0.00268358387984, 0.00331694749184, 0.00291079375893, 0.00220941076986, 0.000699575874023, 0.000584498222452, 0.00114427471999, 0.00115711917169, 0.00101408408955, 0.00175563921221, 0.00112423824612, 0.00107094936538, 0.00166866567452, 0.00123642920516, 0.000550694123376, 0.000443058554083, 0.000253179023275, 7.44771168684e-05, 1.3254663827e-05, 5.25596396983e-06, 2.59983163886e-08]
    },
    "erbbands": {
        "max": [0.666953325272, 6.94652366638, 23.5224189758, 46.2946510315, 59.2876396179, 89.9647521973, 196.969650269, 1048.96228027, 579.319580078, 691.309387207, 813.27746582, 572.706970215, 902.459472656, 389.505401611, 246.458984375, 420.869934082, 726.015197754, 434.923492432, 806.000610352, 719.545410156, 2067.2878418, 1824.5904541, 869.85534668, 1532.3425293, 1154.75341797, 550.349731445, 369.36730957, 381.956176758, 241.520492554, 176.648529053, 101.058815002, 46.0461120605, 5.59827899933, 1.29102420807, 0.776314616203, 0.277101814747, 0.139765232801, 0.00387587957084, 0.000132116329041, 0.000152481195983],
        "mean": [0.0169372148812, 0.0985644385219, 0.508873820305, 0.655693590641, 1.3939473629, 3.39165186882, 3.84035015106, 7.6863527298, 11.895234108, 15.8198347092, 24.0143318176, 28.6873092651, 38.7537879944, 24.054561615, 13.6141881943, 12.9588785172, 20.4773597717, 25.4781303406, 26.1746425629, 27.5831546783, 28.4798793793, 18.1112327576, 14.5030612946, 18.0160121918, 21.1046180725, 13.6088724136, 6.82010746002, 4.71724557877, 3.45147061348, 2.36324977875, 1.80705904961, 0.924717664719, 0.295183718204, 0.123463906348, 0.0533574074507, 0.0233280118555, 0.00230970908888, 7.30431129341e-05, 1.08053773147e-05, 1.49473771671e-05],
        "min": [4.48546941797e-23, 4.18542812905e-22, 1.30395875307e-21, 2.54198923222e-21, 5.51644165572e-21, 1.64576371661e-20, 3.95404352769e-20, 4.53718356443e-20, 6.0128825014e-20, 1.45339420562e-19, 1.27471466301e-19, 3.63199910926e-19, 2.54446494987e-19, 5.21564518079e-19, 8.43958420315e-19, 9.33393498337e-19, 1.32442865726e-18, 8.20757555097e-19, 2.45609217855e-18, 2.43812664282e-18, 3.19914831601e-18, 4.40231270906e-18, 4.32528482324e-18, 4.01834911719e-18, 6.61667272732e-18, 7.70289032537e-18, 8.9553857022e-18, 8.72849502326e-18, 8.81514715551e-18, 9.79276876043e-18, 9.57755621738e-18, 1.02130344143e-17, 8.6596777322e-18, 7.23189864767e-18, 5.9731030497e-18, 3.75672843305e-18, 2.17167108801e-18, 9.06995580051e-19, 2.40827896779e-19, 2.49162600943e-20],
        "stdev": [0.0551406443119, 0.335233926773, 1.85907113552, 2.32872724533, 3.72868180275, 8.86458873749, 13.2342395782, 45.0895118713, 40.1873626709, 50.1964111328, 71.0353927612, 61.119594574, 90.5402374268, 48.3005561829, 23.1631278992, 26.0858402252, 46.0504455566, 50.3959770203, 56.5993919373, 58.825843811, 95.1830291748, 63.5854110718, 47.4175338745, 92.3207397461, 78.5052108765, 51.1484565735, 24.0485630035, 21.3118247986, 16.6546669006, 10.2937936783, 7.24108409882, 3.45081496239, 0.530349671841, 0.179898023605, 0.0830699503422, 0.040733627975, 0.00602495064959, 0.000182060874067, 1.56200894708e-05, 2.15372347157e-05]
    },
    "gfcc": {
        "mean": [-510.327514648, 46.5661773682, -109.541412354, 12.9483394623, -45.3820762634, 8.35667037964, -25.7589149475, 7.15203475952, -12.1757326126, -0.136530011892, -10.2624692917, -5.83585929871, -3.49815797806],
        "cov": [[365319.03125, 22909.5996094, -52060.5195312, 6218.81835938, -21613.7324219, 4044.08862305, -12360.6953125, 3484.60961914, -5819.03125, -111.535331726, -4977.55029297, -2769.6237793, -1642.83410645], [22909.5996094, 2472.61181641, -2644.50170898, 486.057220459, -1153.99365234, 61.0492591858, -881.400085449, 126.867790222, -449.479553223, -41.3393096924, -302.845916748, -256.326019287, -136.212875366], [-52060.5195312, -2644.50170898, 8086.72167969, -762.966369629, 3305.16821289, -619.398925781, 1737.73486328, -524.085266113, 784.061401367, -10.3557348251, 702.863037109, 395.919219971, 219.417358398], [6218.81835938, 486.057220459, -762.966369629, 372.99017334, -338.504852295, 12.6835260391, -200.939880371, -13.9108352661, -105.688064575, -25.7944507599, -40.1413459778, -73.4050521851, -40.0104179382], [-21613.7324219, -1153.99365234, 3305.16821289, -338.504852295, 1436.93395996, -182.278091431, 735.624328613, -172.066696167, 340.31652832, 6.38688611984, 273.964935303, 190.615386963, 102.17691803], [4044.08862305, 61.0492591858, -619.398925781, 12.6835260391, -182.278091431, 283.147949219, -67.6203079224, 137.473327637, -36.8277320862, 11.4486179352, -99.3246459961, 41.1131782532, 3.09315514565], [-12360.6953125, -881.400085449, 1737.73486328, -200.939880371, 735.624328613, -67.6203079224, 528.784790039, -54.8709449768, 226.349273682, 0.234560087323, 176.295928955, 103.140235901, 57.0170478821], [3484.60961914, 126.867790222, -524.085266113, -13.9108352661, -172.066696167, 137.473327637, -54.8709449768, 143.171157837, -26.3621292114, 15.3064098358, -62.0241127014, 12.1611852646, -10.0014820099], [-5819.03125, -449.479553223, 784.061401367, -105.688064575, 340.31652832, -36.8277320862, 226.349273682, -26.3621292114, 149.957290649, 14.7660579681, 81.5130462646, 49.1840400696, 26.139377594], [-111.535331726, -41.3393096924, -10.3557348251, -25.7944507599, 6.38688611984, 11.4486179352, 0.234560087323, 15.3064098358, 14.7660579681, 39.8409919739, 5.77885007858, 7.89192533493, -0.289088279009], [-4977.55029297, -302.845916748, 702.863037109, -40.1413459778, 273.964935303, -99.3246459961, 176.295928955, -62.0241127014, 81.5130462646, 5.77885007858, 113.271766663, 31.2559089661, 15.7693481445], [-2769.6237793, -256.326019287, 395.919219971, -73.4050521851, 190.615386963, 41.1131782532, 103.140235901, 12.1611852646, 49.1840400696, 7.89192533493, 31.2559089661, 83.2879333496, 31.4235954285], [-1642.83410645, -136.212875366, 219.417358398, -40.0104179382, 102.17691803, 3.09315514565, 57.0170478821, -10.0014820099, 26.139377594, -0.289088279009, 15.7693481445, 31.4235954285, 40.9477424622]],
        "icov": [[0.000276388804195, -0.000760689319577, 0.000653459574096, -0.000894670141861, 0.001197568723, -0.000308162445435, 0.000545681919903, -0.0011972442735, 0.000182288218639, -0.000160150710144, 0.00111806020141, -0.000706917373464, 0.000159772054758], [-0.000760689319577, 0.00428618025035, -0.00295584183186, 0.00127046403941, -0.00307771097869, 0.000707401137333, 0.00301135866903, -0.00122721202206, 0.00184551323764, 0.00162379746325, -0.00359065341763, 0.00667401449755, -0.000952892063651], [0.000653459574096, -0.00295584183186, 0.00617116037756, -0.0010549420258, -0.00456443149596, 0.0016431408003, -0.003753218567, 0.00290021859109, 0.000257878913544, -0.000473324471386, 0.00319841364399, -0.00613411143422, 0.00279321568087], [-0.000894670141861, 0.00127046403941, -0.0010549420258, 0.0082213897258, -0.00443721702322, -0.00107150548138, -0.00270423525944, 0.00804239045829, -0.00104891217779, 0.00293226982467, -0.00822918210179, 0.00234572240151, 0.000960125820711], [0.001197568723, -0.00307771097869, -0.00456443149596, -0.00443721702322, 0.0223540514708, -0.00415461417288, 0.00335141341202, -0.0085231596604, -0.00182468304411, -0.00251582427882, 0.0064599388279, -0.00403002137318, -0.00253123044968], [-0.000308162445435, 0.000707401137333, 0.0016431408003, -0.00107150548138, -0.00415461417288, 0.0138583602384, -0.00693753780797, -0.00123844225891, 0.0006273384206, -0.00307335401885, 0.0125381210819, -0.0108981598169, 0.00192827021237], [0.000545681919903, 0.00301135866903, -0.003753218567, -0.00270423525944, 0.00335141341202, -0.00693753780797, 0.0267100781202, -0.0181976445019, -0.00290676299483, 0.0100363614038, -0.013469690457, 0.016016613692, -0.00527369556949], [-0.0011972442735, -0.00122721202206, 0.00290021859109, 0.00804239045829, -0.0085231596604, -0.00123844225891, -0.0181976445019, 0.0349658131599, -0.00451813312247, -0.00624632788822, 0.0020981321577, -0.0131112756208, 0.00753606623039], [0.000182288218639, 0.00184551323764, 0.000257878913544, -0.00104891217779, -0.00182468304411, 0.0006273384206, -0.00290676299483, -0.00451813312247, 0.024707717821, -0.0061885244213, -0.000554521335289, 0.0039821784012, -0.000163008298841], [-0.000160150710144, 0.00162379746325, -0.000473324471386, 0.00293226982467, -0.00251582427882, -0.00307335401885, 0.0100363614038, -0.00624632788822, -0.0061885244213, 0.0348951034248, -0.0132596613839, 0.00537525629625, 0.000565247028135], [0.00111806020141, -0.00359065341763, 0.00319841364399, -0.00822918210179, 0.0064599388279, 0.0125381210819, -0.013469690457, 0.0020981321577, -0.000554521335289, -0.0132596613839, 0.0487809367478, -0.0202804300934, 0.00697238044813], [-0.000706917373464, 0.00667401449755, -0.00613411143422, 0.00234572240151, -0.00403002137318, -0.0108981598169, 0.016016613692, -0.0131112756208, 0.0039821784012, 0.00537525629625, -0.0202804300934, 0.0482395589352, -0.0173375550658], [0.000159772054758, -0.000952892063651, 0.00279321568087, 0.000960125820711, -0.00253123044968, 0.00192827021237, -0.00527369556949, 0.00753606623039, -0.000163008298841, 0.000565247028135, 0.00697238044813, -0.0173375550658, 0.0397148095071]]
    },
    "melbands": {
        "max": [0.00705981999636, 0.00984462630004, 0.00680048437789, 0.00521744275466, 0.00508911535144, 0.0200343746692, 0.00733327353373, 0.00670285942033, 0.00527063524351, 0.00356147345155, 0.00438727671281, 0.00167709798552, 0.00084632076323, 0.000882301595993, 0.00153984245844, 0.00257404777221, 0.000976877985522, 0.00136591517366, 0.00149223080371, 0.00211950740777, 0.00224527320825, 0.00173597747926, 0.000985248829238, 0.00101547315717, 0.00132499786559, 0.00101821031421, 0.000834227947053, 0.000327980233124, 0.000261775479885, 0.000174540487933, 0.000224577364861, 0.000164395125466, 0.000125244972878, 7.9966353951e-05, 5.27045776835e-05, 6.13991869614e-05, 2.01130424102e-05, 4.24558902523e-06, 1.52831091782e-06, 1.1079611113e-06],
        "mean": [0.000135747060995, 0.00020797624893, 0.000128578496515, 0.000186074306839, 0.000136113972985, 0.000171929757926, 0.000182580784895, 0.000184838208952, 0.000191931321751, 0.000191516810446, 0.000191333980183, 9.85721053439e-05, 4.74370208394e-05, 3.29334725393e-05, 3.82963735319e-05, 4.82767318317e-05, 4.71903804282e-05, 4.28979619755e-05, 3.57480312232e-05, 3.95797542296e-05, 3.09853639919e-05, 1.89251604752e-05, 1.4136478967e-05, 1.38577333928e-05, 1.45887952385e-05, 1.35147147375e-05, 1.68121241586e-05, 7.06436321707e-06, 4.5952660912e-06, 2.95057861877e-06, 2.63367746811e-06, 2.09533027373e-06, 1.46877357565e-06, 1.21888820104e-06, 1.01845921563e-06, 9.47009198171e-07, 4.16153966398e-07, 2.16516312435e-07, 1.28453947923e-07, 9.50453653559e-08],
        "min": [6.47523655061e-25, 7.08385753013e-25, 1.0241943835e-24, 9.65480353798e-25, 1.73904642936e-24, 1.08581783084e-24, 1.00937612444e-24, 1.32097825276e-24, 1.00709680946e-24, 1.75361747914e-24, 1.17838355832e-24, 1.63409104972e-24, 2.06621820676e-24, 2.42592221346e-24, 1.95881873882e-24, 2.08159783897e-24, 1.19495920227e-24, 3.07343186624e-24, 2.23599625913e-24, 2.7882728485e-24, 2.52437087114e-24, 3.99850597561e-24, 2.91552459277e-24, 3.52197521872e-24, 2.3621457675e-24, 3.31540410208e-24, 3.4121720916e-24, 3.60509394243e-24, 4.25945919091e-24, 4.55729717555e-24, 4.6704320567e-24, 3.67294071344e-24, 4.22378808406e-24, 4.30352298892e-24, 3.62987955764e-24, 4.31410279695e-24, 5.46141460332e-24, 4.52043686089e-24, 4.75462008137e-24, 5.97044011862e-24],
        "stdev": [0.00044232403161, 0.000720946467482, 0.000401802244596, 0.000466523721116, 0.000407068553613, 0.000915775599424, 0.000578667386435, 0.000587376009207, 0.000536771840416, 0.000410652923165, 0.000445758079877, 0.000204068201128, 8.72433010954e-05, 6.02853542659e-05, 8.99226215552e-05, 0.000129744468722, 9.68127205851e-05, 0.00010069659038, 7.83563373261e-05, 0.000115830269351, 0.000101331250335, 6.51809532428e-05, 4.23417186539e-05, 6.35839824099e-05, 8.21316934889e-05, 5.7755245507e-05, 6.43450257485e-05, 2.75725888059e-05, 1.62837932294e-05, 1.15293705676e-05, 1.27740640892e-05, 1.05668332253e-05, 7.13259305485e-06, 4.93808283863e-06, 3.93084746975e-06, 4.22105176767e-06, 1.35841935389e-06, 3.87705540561e-07, 1.89308707377e-07, 1.44916540989e-07]
    },
    "melbands128": {
        "max": [0.00149323558435, 0.00627907644957, 0.0105560813099, 0.0116699179634, 0.0103329978883, 0.0133616635576, 0.0108386669308, 0.00640866160393, 0.00598476082087, 0.00925762858242, 0.00624143145978, 0.00639617629349, 0.00947103183717, 0.0146941337734, 0.0349815152586, 0.0275884084404, 0.0174760762602, 0.00929023977369, 0.00566478213295, 0.0132536264136, 0.0101739512756, 0.0159476362169, 0.00802027434111, 0.0106674712151, 0.00537210423499, 0.00499425269663, 0.0077036684379, 0.00629171682522, 0.00275459513068, 0.00244907080196, 0.00214728689753, 0.00206256634556, 0.00123806961346, 0.00159884616733, 0.000751937855966, 0.00151506799739, 0.00126643374097, 0.00196153344586, 0.00215015141293, 0.00199852325022, 0.00527599686757, 0.00210950174369, 0.0013817504514, 0.00180877209641, 0.00373277533799, 0.00212701945566, 0.00268794642761, 0.00192861887626, 0.00185647059698, 0.00133866630495, 0.00392506970093, 0.00674833031371, 0.00540412217379, 0.00134025746956, 0.00361090409569, 0.00105845998041, 0.00522092543542, 0.000640967860818, 0.00102335563861, 0.000428571511293, 0.00198211148381, 0.00206095050089, 0.00146436272189, 0.00159367069136, 0.0016342990566, 0.000899096718058, 0.00123802421149, 0.000897590420209, 0.00128747662529, 0.00056034384761, 0.000476720684674, 0.00024041038705, 0.000324735068716, 0.000328530499246, 0.000164088036399, 0.000170587212779, 0.0002088494075, 0.000408335850807, 0.000293540564599, 0.000195163549506, 0.000228921242524, 0.000189030615729, 0.000104118422314, 0.00013119893265, 0.000146241887705, 0.000109119835543, 7.3616989539e-05, 2.8876154829e-05, 7.69239341025e-05, 7.36916190363e-05, 0.000103540514829, 6.68283682899e-05, 4.05621467507e-05, 2.26954543905e-05, 1.07486966954e-05, 7.10459880793e-06, 3.05969115288e-06, 2.08117421607e-06, 1.82700193818e-06, 1.58680279583e-06, 1.82907353974e-06, 1.20936465464e-06, 9.88342662822e-07, 1.2735869177e-06, 9.09208097255e-07, 9.70108544607e-07, 8.36782589886e-07, 6.60501143557e-07, 7.86706095823e-07, 7.03192597484e-07, 7.64596961744e-07, 6.98041503711e-07, 7.15217481684e-07, 8.31020017245e-08, 1.9514176941e-08, 1.08812931998e-08, 3.95212351734e-09, 3.84149156929e-09, 3.7038152545e-09, 3.60105523178e-09, 3.52503648493e-09, 3.45575257299e-09, 3.36098748832e-09, 3.33553096254e-09, 3.26864824096e-09, 3.23590176876e-09, 3.20903525974e-09, 3.19231729939e-09],
        "mean": [1.45962303577e-05, 0.000140588075737, 0.000184670410817, 0.000133048131829, 0.000248452211963, 0.000232921855059, 0.000131820270326, 9.08980946406e-05, 0.00011169625941, 0.000247360410867, 0.000192659746972, 0.000128592451802, 0.00012540021271, 0.000132634551846, 0.000168529135408, 0.000197390341782, 0.000194012798602, 0.000183411320904, 0.000160833064001, 0.000173459062353, 0.000190333841601, 0.000236519059399, 0.000189704733202, 0.000153085187776, 0.000168834158103, 0.000197409986868, 0.000264625006821, 0.000203143456019, 0.000117777504784, 0.000123303732835, 8.74137622304e-05, 5.74655350647e-05, 4.64393633592e-05, 4.0416703996e-05, 3.21738225466e-05, 3.07286572934e-05, 3.3226722735e-05, 3.70590059902e-05, 4.22479643021e-05, 4.56632478745e-05, 5.19650966453e-05, 4.84194169985e-05, 4.68228390673e-05, 4.50240404462e-05, 5.01936010551e-05, 4.14150999859e-05, 3.76343450625e-05, 3.30221155309e-05, 3.72814647562e-05, 3.61307902494e-05, 3.99483433284e-05, 4.32976266893e-05, 3.5493325413e-05, 2.40207209572e-05, 2.46225517913e-05, 1.51894400915e-05, 1.88078593055e-05, 1.61532807397e-05, 1.24626076285e-05, 9.76965566224e-06, 1.35167883855e-05, 1.76856956386e-05, 1.51634958456e-05, 1.36582630148e-05, 1.34017800519e-05, 1.18892085084e-05, 1.32671129904e-05, 2.10745893128e-05, 1.87866062333e-05, 9.61081150308e-06, 7.18415367373e-06, 5.53678955839e-06, 4.65638004243e-06, 5.19978948432e-06, 3.42551311405e-06, 2.74543276646e-06, 2.85130249722e-06, 2.86723570753e-06, 2.64534514827e-06, 2.34227218243e-06, 2.31981903198e-06, 1.99804912882e-06, 1.50012454014e-06, 1.42365388456e-06, 1.4498505152e-06, 1.31338276788e-06, 1.19253058983e-06, 8.87614532985e-07, 1.01444334177e-06, 1.07532741822e-06, 1.1229986967e-06, 9.58905957305e-07, 5.82617531109e-07, 4.17431323285e-07, 2.8995563639e-07, 2.46362759526e-07, 2.08029078408e-07, 1.63952321941e-07, 1.28086398377e-07, 1.11495140231e-07, 1.01220138049e-07, 9.62471844446e-08, 8.26467285719e-08, 6.96472639561e-08, 5.76913876671e-08, 4.85166218311e-08, 4.38092833122e-08, 4.6542847798e-08, 4.91549663195e-08, 3.52287727878e-08, 2.19214477681e-08, 6.1966747289e-09, 1.83924064867e-09, 3.9703379473e-10, 2.43788628174e-10, 2.48156967197e-10, 1.05401930239e-10, 1.02266008162e-11, 1.06875359257e-11, 9.33753421806e-12, 5.07220654367e-12, 4.9718024836e-12, 4.85443976683e-12, 4.79363337219e-12, 4.67045282657e-12, 4.55557033069e-12, 4.48164986025e-12, 4.45285041478e-12],
        "min": [3.19885654702e-26, 2.83918016278e-25, 1.47223520694e-25, 5.72729225817e-26, 1.51686944999e-25, 2.41236573741e-25, 8.62812239373e-26, 1.05806092172e-25, 3.36405073822e-25, 1.53034134536e-25, 3.2032907465e-25, 1.85810503961e-25, 7.35197101399e-26, 1.88271454163e-25, 2.85120757987e-25, 8.09386375722e-25, 3.19990184935e-25, 2.45377994886e-25, 2.08393212769e-25, 4.72700787892e-25, 3.76559671619e-25, 5.08843189822e-25, 6.96355229778e-25, 6.16744669122e-25, 8.20892454366e-25, 4.5884740432e-25, 4.69340979993e-25, 4.62145779677e-25, 5.5921259957e-25, 6.26575996065e-25, 7.11341121787e-25, 6.4930159963e-25, 3.76758439916e-25, 6.32895166346e-25, 3.84290582446e-25, 8.53654291494e-25, 5.48528168862e-25, 5.81005227203e-25, 8.72869266816e-25, 5.39923569931e-25, 1.32769629084e-24, 5.52243753029e-25, 2.59977912045e-25, 8.40554072872e-25, 8.4372489928e-25, 1.19070457958e-24, 8.46564404109e-25, 1.32695633931e-24, 6.32556794321e-25, 1.18865008996e-24, 7.32177847218e-25, 1.04198990224e-24, 1.6336996761e-24, 1.39227767074e-24, 1.70828972874e-24, 1.02817467981e-24, 1.2041506151e-24, 1.29475809399e-24, 1.68878021248e-24, 1.61387372801e-24, 1.54611067486e-24, 1.70134637227e-24, 1.28376364095e-24, 1.54690357867e-24, 1.21882332933e-24, 1.52025082831e-24, 1.81277317234e-24, 2.29497347256e-24, 1.66385398281e-24, 2.63889059761e-24, 2.27362137444e-24, 1.8274657067e-24, 2.27987822471e-24, 1.80958045505e-24, 2.72535369713e-24, 2.11751585927e-24, 1.57961793624e-24, 2.01095278111e-24, 2.02105138398e-24, 2.77551598159e-24, 2.53376738781e-24, 2.87925454328e-24, 3.03970175165e-24, 2.40434410669e-24, 2.57286057326e-24, 2.69603489273e-24, 2.00986612521e-24, 3.05270651811e-24, 2.41540985304e-24, 3.32905297346e-24, 2.87660712608e-24, 3.1274384671e-24, 3.49428343993e-24, 2.64242784991e-24, 2.99779864366e-24, 3.26196488942e-24, 3.50034583599e-24, 3.25032899386e-24, 3.06075289934e-24, 3.86717128451e-24, 3.17588004871e-24, 3.94064302821e-24, 3.16704993417e-24, 3.49741521773e-24, 4.21977790965e-24, 4.70058074278e-24, 3.75888355919e-24, 4.18496271689e-24, 4.44841859341e-24, 4.18563443195e-24, 3.24855405682e-24, 3.230785951e-24, 3.90228742771e-24, 5.11433394883e-24, 4.60255530897e-24, 3.80268466653e-24, 5.0113501298e-24, 3.58840677327e-24, 4.71122681512e-24, 4.41065306086e-24, 4.75045884009e-24, 3.67438196232e-24, 4.41425105545e-24, 4.46466873363e-24, 4.21295307953e-24, 5.54704545459e-24, 3.86349598156e-24, 4.97459591694e-24],
        "stdev": [7.13284534868e-05, 0.000463490636321, 0.000622990890406, 0.000504029565491, 0.000948990462348, 0.000824860529974, 0.000511254766025, 0.000373617367586, 0.000332803349011, 0.000700193748344, 0.000574508041609, 0.000468139885925, 0.000550541619305, 0.000663902319502, 0.00141088024247, 0.00119603192434, 0.000935509393457, 0.000694038753863, 0.000578404811677, 0.000767196645029, 0.000783535244409, 0.00102990074083, 0.000654853414744, 0.000509715348016, 0.000462434341898, 0.000499797693919, 0.000762796029449, 0.000561035703868, 0.000262885238044, 0.000290023803245, 0.000214716812479, 0.000145261015859, 0.000102733531094, 8.27765761642e-05, 6.33786185062e-05, 7.03618279658e-05, 8.31004435895e-05, 0.00010920342902, 0.000114515896712, 0.000119022966828, 0.000233896207646, 0.000130566011649, 0.000110370056063, 0.000103389167634, 0.000180211864063, 0.000110290930024, 0.000103700171167, 8.07853648439e-05, 0.000106128958578, 8.83213870111e-05, 0.000153087166836, 0.000239132030401, 0.000183582145837, 6.34440366412e-05, 0.000118372227007, 3.97184085159e-05, 0.000160319978022, 4.43218559667e-05, 4.56755769846e-05, 2.85767528112e-05, 9.12939431146e-05, 0.000109283580969, 8.60281215864e-05, 9.46678919718e-05, 8.08362165117e-05, 5.37092855666e-05, 6.35471660644e-05, 8.09823686723e-05, 8.33684607642e-05, 4.31809930888e-05, 3.33496900566e-05, 1.87668229046e-05, 1.71206229425e-05, 2.14397423406e-05, 1.24874341054e-05, 1.02704916571e-05, 1.27255225379e-05, 1.62530759553e-05, 1.46629427036e-05, 1.11552699309e-05, 1.29229383674e-05, 1.07286050479e-05, 6.71503448757e-06, 7.14198858986e-06, 8.32046316646e-06, 6.01992041993e-06, 4.69883980259e-06, 2.67381165031e-06, 4.22180573878e-06, 4.82840277982e-06, 5.53587187824e-06, 4.35340507465e-06, 2.47203047365e-06, 1.45281251207e-06, 7.14192537998e-07, 5.16430475273e-07, 3.63796914371e-07, 2.70064163033e-07, 2.01886763307e-07, 1.74200422975e-07, 1.65938260466e-07, 1.57236627274e-07, 1.36497106951e-07, 1.22708044614e-07, 1.01234675753e-07, 8.00493040742e-08, 7.47005586277e-08, 8.27095760769e-08, 1.00242409928e-07, 6.95644928328e-08, 4.59858533475e-08, 2.61047770067e-08, 2.38881536774e-08, 2.98940494581e-09, 1.14495968262e-09, 8.87441287123e-10, 3.145584071e-10, 1.17842804959e-10, 1.24865534579e-10, 1.27011970386e-10, 1.0577481252e-10, 1.03695718678e-10, 1.00852493023e-10, 1.00088104471e-10, 9.80819453433e-11, 9.71006677841e-11, 9.62948124017e-11, 9.57938242618e-11]
    },
    "mfcc": {
        "mean": [-888.532531738, 60.9685821533, -27.7115802765, 0.792922377586, -7.4151725769, -2.45884275436, -6.23407316208, 0.153167635202, -0.414583355188, 4.64984273911, -2.58562803268, -2.47901535034, -2.01429247856],
        "cov": [[93512.078125, 14885.7333984, -6485.67626953, 236.752365112, -1702.58984375, -587.756347656, -1506.34411621, 133.049819946, -26.9807891846, 1146.72961426, -625.156494141, -610.003967285, -523.394714355], [14885.7333984, 3425.91015625, -698.666809082, 241.741531372, -42.7914199829, -152.461425781, -214.609359741, -84.993019104, -60.7716636658, 135.749389648, -133.184051514, -172.286972046, -37.1076087952], [-6485.67626953, -698.666809082, 786.874023438, 184.56477356, 254.469421387, 75.010635376, 142.017578125, -22.2080974579, -33.02110672, -105.581192017, 15.1008319855, 28.1076145172, 51.7306632996], [236.752365112, 241.741531372, 184.56477356, 330.510009766, 59.9778137207, -2.34335112572, -6.2173948288, -69.2654647827, -103.491722107, -1.32940638065, -45.6949806213, -26.0367279053, 42.5724449158], [-1702.58984375, -42.7914199829, 254.469421387, 59.9778137207, 198.683670044, 57.5692443848, 50.7525749207, 10.963344574, 17.6718978882, -47.930480957, 13.20662117, -2.1680355072, 3.81198096275], [-587.756347656, -152.461425781, 75.010635376, -2.34335112572, 57.5692443848, 99.0777740479, 40.9165916443, 43.2555084229, 35.4562950134, -7.70026636124, 9.7006855011, 20.4331607819, -16.6524238586], [-1506.34411621, -214.609359741, 142.017578125, -6.2173948288, 50.7525749207, 40.9165916443, 105.935264587, 57.8383674622, 29.7904529572, -3.04289054871, 28.8194694519, 16.3534431458, -3.06647229195], [133.049819946, -84.993019104, -22.2080974579, -69.2654647827, 10.963344574, 43.2555084229, 57.8383674622, 128.804580688, 69.0008773804, 20.8942451477, 43.8498382568, 15.7248659134, -29.1498641968], [-26.9807891846, -60.7716636658, -33.02110672, -103.491722107, 17.6718978882, 35.4562950134, 29.7904529572, 69.0008773804, 93.4089202881, 17.1592750549, 28.8085479736, 18.4144439697, -25.9054546356], [1146.72961426, 135.749389648, -105.581192017, -1.32940638065, -47.930480957, -7.70026636124, -3.04289054871, 20.8942451477, 17.1592750549, 68.5723342896, 15.388879776, 3.35918927193, -1.18689250946], [-625.156494141, -133.184051514, 15.1008319855, -45.6949806213, 13.20662117, 9.7006855011, 28.8194694519, 43.8498382568, 28.8085479736, 15.388879776, 62.9175834656, 24.2395648956, -2.33979225159], [-610.003967285, -172.286972046, 28.1076145172, -26.0367279053, -2.1680355072, 20.4331607819, 16.3534431458, 15.7248659134, 18.4144439697, 3.35918927193, 24.2395648956, 46.3216438293, 8.20393276215], [-523.394714355, -37.1076087952, 51.7306632996, 42.5724449158, 3.81198096275, -16.6524238586, -3.06647229195, -29.1498641968, -25.9054546356, -1.18689250946, -2.33979225159, 8.20393276215, 45.2886619568]],
        "icov": [[0.000196100925677, -0.00063950184267, 0.00079495809041, -0.000325897359289, 0.000419191695983, -0.000511720019858, 0.000770498125348, -0.00100599497091, 0.000363478640793, -0.000433842244092, 0.000776774482802, -0.000790629652329, 0.000701765588019], [-0.00063950184267, 0.00272942543961, -0.00178521545604, 0.000413550791563, -0.00264955265447, 0.00258620944805, -0.00231801439077, 0.0031955963932, -0.00143109692726, 0.000444026954938, -0.00162885256577, 0.00324167869985, -0.00190835923422], [0.00079495809041, -0.00178521545604, 0.0083980159834, -0.00385730294511, -0.00253831851296, -0.000760236056522, -0.00133347942028, -0.00244046398439, 0.000760665338021, 0.00121859344654, 0.00333306612447, -0.00431127659976, 0.00145112432074], [-0.000325897359289, 0.000413550791563, -0.00385730294511, 0.00942464638501, -0.00265499460511, -0.00145728397183, -7.39207607694e-05, -0.000235656174482, 0.00969628058374, -0.0062694568187, 0.00294486549683, 0.00110224075615, -0.00301545602269], [0.000419191695983, -0.00264955265447, -0.00253831851296, -0.00265499460511, 0.0172099433839, -0.00804036390036, 0.00186377367936, 0.000347041146597, -0.00731905922294, 0.00852067861706, -0.00715535599738, 0.00556094525382, -0.00132694409695], [-0.000511720019858, 0.00258620944805, -0.000760236056522, -0.00145728397183, -0.00804036390036, 0.0217394474894, -0.00425695395097, -0.00106942118146, -0.00321464356966, -0.000747135083657, 0.00560447573662, -0.00825200229883, 0.00606309948489], [0.000770498125348, -0.00231801439077, -0.00133347942028, -7.39207607694e-05, 0.00186377367936, -0.00425695395097, 0.0240025855601, -0.0124171106145, 0.00231302296743, -0.00559178227559, 0.00209695380181, -0.00199389341287, 0.00215479149483], [-0.00100599497091, 0.0031955963932, -0.00244046398439, -0.000235656174482, 0.000347041146597, -0.00106942118146, -0.0124171106145, 0.0258309282362, -0.0120804086328, 0.00410345057026, -0.0133854160085, 0.00750793609768, 0.00050997181097], [0.000363478640793, -0.00143109692726, 0.000760665338021, 0.00969628058374, -0.00731905922294, -0.00321464356966, 0.00231302296743, -0.0120804086328, 0.0356424823403, -0.0136652756482, 0.00786844268441, -0.00973355211318, 0.00705899856985], [-0.000433842244092, 0.000444026954938, 0.00121859344654, -0.0062694568187, 0.00852067861706, -0.000747135083657, -0.00559178227559, 0.00410345057026, -0.0136652756482, 0.0333296023309, -0.0141829103231, 0.00473413104191, -0.0074113663286], [0.000776774482802, -0.00162885256577, 0.00333306612447, 0.00294486549683, -0.00715535599738, 0.00560447573662, 0.00209695380181, -0.0133854160085, 0.00786844268441, -0.0141829103231, 0.0373372100294, -0.0176359340549, 0.00450937775895], [-0.000790629652329, 0.00324167869985, -0.00431127659976, 0.00110224075615, 0.00556094525382, -0.00825200229883, -0.00199389341287, 0.00750793609768, -0.00973355211318, 0.00473413104191, -0.0176359340549, 0.0440661422908, -0.0157347675413], [0.000701765588019, -0.00190835923422, 0.00145112432074, -0.00301545602269, -0.00132694409695, 0.00606309948489, 0.00215479149483, 0.00050997181097, 0.00705899856985, -0.0074113663286, 0.00450937775895, -0.0157347675413, 0.0395462848246]]
    },
    "spectral_contrast_coeffs": {
        "max": [-0.356772661209, -0.453546583652, -0.601050078869, -0.639976620674, -0.576409041882, -0.516959249973],
        "mean": [-0.805353403091, -0.845480561256, -0.858029663563, -0.877257466316, -0.85591083765, -0.836989462376],
        "min": [-0.98384976387, -0.981926560402, -0.981332838535, -0.977047324181, -0.969648301601, -0.964851856232],
        "stdev": [0.149398297071, 0.112120509148, 0.0928762331605, 0.0736981332302, 0.0900059044361, 0.10403714329]
    },
    "spectral_contrast_valleys": {
        "max": [-4.9162197113, -4.79680490494, -5.50201940536, -5.59553384781, -5.26589584351, -9.15827655792],
        "mean": [-15.5307664871, -14.6651906967, -14.7557506561, -14.7216281891, -15.0007457733, -16.8939380646],
        "min": [-28.2596340179, -28.0046291351, -28.0117816925, -27.8883266449, -27.5349464417, -27.4448547363],
        "stdev": [9.33067321777, 9.99210357666, 9.9417142868, 9.95333099365, 9.75735759735, 8.25524902344]
    }
},
"rhythm": {
    "beats_count": 54,
    "beats_loudness": {
        "max": 0.0704847276211,
        "mean": 0.0169980302453,
        "min": 0,
        "stdev": 0.0200167112052
    },
    "bpm": 117.81804657,
    "bpm_histogram_first_peak_bpm": 117,
    "bpm_histogram_first_peak_weight": 0.133333384991,
    "bpm_histogram_second_peak_bpm": 140,
    "bpm_histogram_second_peak_spread": 0.33333337307,
    "bpm_histogram_second_peak_weight": 0.188679248095,
    "danceability": 0.937626957893,
    "onset_rate": 1.74514937401,
    "beats_loudness_band_ratio": {
        "max": [0.500969052315, 0.288697481155, 0.66095083952, 0.507897973061, 0.575437963009, 0.774863779545],
        "mean": [0.0540316961706, 0.0641738623381, 0.221394628286, 0.149939671159, 0.116704896092, 0.0694594532251],
        "min": [0, 0, 0, 0, 0, 0],
        "stdev": [0.0900781750679, 0.0838024020195, 0.220670208335, 0.161879494786, 0.131490245461, 0.142863199115]
    },
    "beats_position": [0.383129239082, 0.777868449688, 1.18421769142, 1.60217678547, 2.00852608681, 2.41487526894, 2.82122445107, 3.25079369545, 3.68036270142, 4.1099319458, 4.55111122131, 4.98067998886, 5.41024923325, 5.83981847763, 6.26938772202, 6.67573690414, 7.0936961174, 7.51165533066, 7.94122457504, 8.37079334259, 8.80036258698, 9.25315189362, 9.70594120026, 10.1471195221, 10.6347389221, 11.110748291, 11.6099767685, 12.0859861374, 12.5736055374, 13.0496139526, 13.5372333527, 14.0248527527, 14.512471199, 15.0000905991, 15.4993190765, 16.0101585388, 16.5442180634, 17.0782756805, 17.6123352051, 18.1231746674, 18.6340141296, 19.1448516846, 19.6208610535, 20.0968704224, 20.5612697601, 21.0721092224, 21.5829467773, 22.0937862396, 22.6046257019, 23.1154651642, 23.6263027191, 24.1371421814, 24.6479816437, 25.158821106],
