{
"metadata": {
    "version": {
        "essentia": "2.1-beta5",
        "essentia_git_sha": "Undefined",
        "extractor": "music 2.0"
    },
    "audio_properties": {
        "analysis": {
            "equal_loudness": 0,
            "length": 32.4963264465,
            "sample_rate": 44100,
            "start_time": 77.7404098511,
            "downmix": "mix"
        },
        "bit_rate": 192000,
        "length": 183.878814697,
        "lossless": 0,
        "number_channels": 2,
        "replay_gain": -14.9692459106,
        "sample_rate": 44100,
        "codec": "mp3",
        "md5_encoded": "5e8380f2f8c06163108b3ef8c6d54165"
    },
    "tags": {
        "file_name": "Sweden_Den Vilda_One More Time.mp3",
        "encoding": ["Lavf58.29.100"]
    }
},
"lowlevel": {
    "average_loudness": 0.962047636509,
    "barkbands_crest": {
        "max": 24.6019210815,
        "mean": 9.84687805176,
        "min": 3.34860229492,
        "stdev": 3.66979312897
    },
    "barkbands_flatness_db": {
        "max": 0.34166970849,
        "mean": 0.200903072953,
        "min": 0.0959580466151,
        "stdev": 0.0520680844784
    },
    "barkbands_kurtosis": {
        "max": 70.175163269,
        "mean": 6.00568246841,
        "min": -1.83279848099,
        "stdev": 6.80571603775
    },
    "barkbands_skewness": {
        "max": 6.57890892029,
        "mean": 1.87019145489,
        "min": -0.472327768803,
        "stdev": 0.850821018219
    },
    "barkbands_spread": {
        "max": 104.240539551,
        "mean": 14.3199529648,
        "min": 1.32639396191,
        "stdev": 11.3053588867
    },
    "dissonance": {
        "max": 0.497222989798,
        "mean": 0.444252848625,
        "min": 0.306194990873,
        "stdev": 0.0298463627696
    },
    "dynamic_complexity": 1.93563592434,
    "erbbands_crest": {
        "max": 26.8346710205,
        "mean": 9.47239589691,
        "min": 3.53600621223,
        "stdev": 3.61352014542
    },
    "erbbands_flatness_db": {
        "max": 0.306019634008,
        "mean": 0.202090755105,
        "min": 0.083515278995,
        "stdev": 0.0363914035261
    },
    "erbbands_kurtosis": {
        "max": 17.9264736176,
        "mean": 0.536780297756,
        "min": -1.69302749634,
        "stdev": 2.22895789146
    },
    "erbbands_skewness": {
        "max": 3.8623175621,
        "mean": 0.619506120682,
        "min": -1.93426001072,
        "stdev": 0.824627518654
    },
    "erbbands_spread": {
        "max": 144.693725586,
        "mean": 33.6639328003,
        "min": 9.44700431824,
        "stdev": 15.1978645325
    },
    "hfc": {
        "max": 128.419326782,
        "mean": 15.0107698441,
        "min": 0.838141798973,
        "stdev": 11.9802274704
    },
    "loudness_ebu128": {
        "integrated": -8.88370895386,
        "loudness_range": 3.31881475449,
        "momentary": {
            "max": -5.62769031525,
            "mean": -9.19187927246,
            "min": -13.579744339,
            "stdev": 1.67408907413
        },
        "short_term": {
            "max": -7.40291118622,
            "mean": -9.18657016754,
            "min": -11.434466362,
            "stdev": 1.11858546734
        }
    },
    "melbands_crest": {
        "max": 25.7181491852,
        "mean": 12.4655046463,
        "min": 4.72344827652,
        "stdev": 3.41844296455
    },
    "melbands_flatness_db": {
        "max": 0.43378379941,
        "mean": 0.266869306564,
        "min": 0.0771622210741,
        "stdev": 0.0690727606416
    },
    "melbands_kurtosis": {
        "max": 83.1024703979,
        "mean": 13.3860826492,
        "min": -0.00593686103821,
        "stdev": 11.198141098
    },
    "melbands_skewness": {
        "max": 8.07453346252,
        "mean": 2.69484019279,
        "min": 0.614656090736,
        "stdev": 0.975972831249
    },
    "melbands_spread": {
        "max": 130.365753174,
        "mean": 13.9907960892,
        "min": 1.40865063667,
        "stdev": 11.5182495117
    },
    "pitch_salience": {
        "max": 0.824114561081,
        "mean": 0.579042196274,
        "min": 0.229965165257,
        "stdev": 0.0822627395391
    },
    "silence_rate_20dB": {
        "max": 1,
        "mean": 1,
        "min": 1,
        "stdev": 0
    },
    "silence_rate_30dB": {
        "max": 1,
        "mean": 1,
        "min": 1,
        "stdev": 0
    },
    "silence_rate_60dB": {
        "max": 0,
        "mean": 0,
        "min": 0,
        "stdev": 0
    },
    "spectral_centroid": {
        "max": 3120.64819336,
        "mean": 831.66229248,
        "min": 224.216461182,
        "stdev": 531.549194336
    },
    "spectral_complexity": {
        "max": 38,
        "mean": 15.7751607895,
        "min": 3,
        "stdev": 6.73957490921
    },
    "spectral_decrease": {
        "max": -3.74212050236e-10,
        "mean": -8.11884515173e-09,
        "min": -2.71805706831e-08,
        "stdev": 4.26151602895e-09
    },
    "spectral_energy": {
        "max": 0.105213306844,
        "mean": 0.0320039279759,
        "min": 0.0014883892145,
        "stdev": 0.0166658665985
    },
    "spectral_energyband_high": {
        "max": 0.0139092849568,
        "mean": 0.000321181782056,
        "min": 8.08713878087e-07,
        "stdev": 0.00086556765018
    },
    "spectral_energyband_low": {
        "max": 0.0625638887286,
        "mean": 0.0107844341546,
        "min": 0.000127677078126,
        "stdev": 0.0077312909998
    },
    "spectral_energyband_middle_high": {
        "max": 0.0248952824622,
        "mean": 0.00341687351465,
        "min": 0.000136242349981,
        "stdev": 0.00362471700646
    },
    "spectral_energyband_middle_low": {
        "max": 0.102465331554,
        "mean": 0.0188614856452,
        "min": 0.000658140343148,
        "stdev": 0.0132834268734
    },
    "spectral_entropy": {
        "max": 8.63004112244,
        "mean": 6.99932527542,
        "min": 5.58230638504,
        "stdev": 0.464116126299
    },
    "spectral_flux": {
        "max": 0.197071254253,
        "mean": 0.0816624164581,
        "min": 0.0222497135401,
        "stdev": 0.0284139178693
    },
    "spectral_kurtosis": {
        "max": 43.5960502625,
        "mean": 7.93630409241,
        "min": -1.17531001568,
        "stdev": 6.32046556473
    },
    "spectral_rms": {
        "max": 0.0101314922795,
        "mean": 0.00540206348523,
        "min": 0.00120502570644,
        "stdev": 0.00142866233364
    },
    "spectral_rolloff": {
        "max": 9883.74023438,
        "mean": 836.782470703,
        "min": 129.19921875,
        "stdev": 960.3828125
    },
    "spectral_skewness": {
        "max": 4.68974494934,
        "mean": 1.95853447914,
        "min": 0.123236909509,
        "stdev": 0.70764952898
    },
    "spectral_spread": {
        "max": 18601026,
        "mean": 3276165.5,
        "min": 1399995.75,
        "stdev": 1481756
    },
    "spectral_strongpeak": {
        "max": 6.47341251373,
        "mean": 0.699859976768,
        "min": 0,
        "stdev": 0.617209255695
    },
    "zerocrossingrate": {
        "max": 0.287109375,
        "mean": 0.0347672961652,
        "min": 0.00732421875,
        "stdev": 0.0239251479506
    },
    "barkbands": {
        "max": [0.00409925030544, 0.0303604491055, 0.0393531993032, 0.0285727269948, 0.0932155698538, 0.0734501481056, 0.0136767923832, 0.0190879646689, 0.0162943191826, 0.0104199331254, 0.00580617086962, 0.00549137871712, 0.00997403729707, 0.0129909263924, 0.00743885757402, 0.0122197465971, 0.0100002279505, 0.00318660261109, 0.00527698965743, 0.002627837006, 0.00287610036321, 0.00293727917597, 0.00266421888955, 0.00687471032143, 0.00446890667081, 0.00048837257782, 2.63144579549e-06],
        "mean": [0.000449713465059, 0.00488099874929, 0.00427503418177, 0.00239122658968, 0.008978032507, 0.00369393522851, 0.00121642614249, 0.00162889738567, 0.00059133337345, 0.00056370254606, 0.00035521996324, 0.000236625695834, 0.000342269631801, 0.000461619812995, 0.000343365827575, 0.000355925702024, 0.000347552122548, 0.000204452837352, 0.000231644648011, 0.000223241426283, 2.68850071734e-05, 4.19061252614e-05, 7.78507601353e-05, 5.57063467568e-05, 2.72404668067e-05, 3.14334988616e-06, 3.03735969709e-09],
        "min": [3.88756262737e-08, 2.04158786801e-05, 1.2248294297e-05, 5.09818028149e-06, 5.20707326359e-05, 5.2766114095e-05, 1.68536080309e-05, 1.06315601442e-05, 5.96502104599e-06, 4.54292830909e-06, 3.90674040318e-06, 4.59629518446e-06, 4.03587728215e-06, 2.36813025367e-06, 1.97141275748e-06, 2.82333144241e-06, 1.43987972478e-06, 8.62052047523e-07, 7.59150225349e-07, 6.73351564728e-07, 3.32095709155e-07, 8.09987312778e-08, 4.23500843283e-08, 2.84822547769e-08, 1.5306278911e-08, 8.43369644954e-12, 7.17483928173e-12],
        "stdev": [0.000511011225171, 0.00433663651347, 0.00408354820684, 0.00280343112536, 0.0102613437921, 0.00578205194324, 0.00145347416401, 0.00211742566898, 0.00118876143824, 0.000985207268968, 0.000539574539289, 0.000429069215897, 0.000706600490957, 0.000786185672041, 0.000839574960992, 0.00102381512988, 0.000863909546752, 0.000411423825426, 0.00047314944095, 0.000391420180677, 0.000109137341497, 0.000150929306983, 0.000176866757101, 0.000293841294479, 0.000229868441238, 2.55306113104e-05, 7.03784337475e-08]
    },
    "erbbands": {
        "max": [0.757034182549, 8.14494991302, 36.8568916321, 51.6062393188, 132.062210083, 431.808227539, 503.97543335, 559.337585449, 263.787719727, 319.925170898, 185.59564209, 444.802215576, 386.053497314, 423.840759277, 215.316497803, 283.079345703, 553.037597656, 335.171783447, 674.105957031, 434.077575684, 594.586303711, 527.660705566, 207.823532104, 228.160690308, 205.145843506, 137.840118408, 87.2056121826, 113.339767456, 93.7940673828, 139.288284302, 63.2496871948, 61.928691864, 185.552597046, 98.0441207886, 11.5353918076, 4.08912992477, 0.759671330452, 0.016200710088, 0.000690213986672, 0.000154117471538],
        "mean": [0.128208473325, 1.14026904106, 4.50503206253, 7.11947870255, 14.0482053757, 33.76720047, 35.2427635193, 33.8083152771, 20.4784107208, 34.346572876, 18.5420150757, 15.9640254974, 20.85389328, 9.52779483795, 16.3732051849, 11.9902563095, 16.6916999817, 22.4059562683, 21.2362422943, 17.7265110016, 19.0631713867, 16.4570178986, 12.0920028687, 11.7323770523, 11.7625026703, 10.8349628448, 2.33089470863, 1.01088511944, 1.25595843792, 2.29240131378, 2.09853601456, 1.05782628059, 1.10195291042, 0.483646452427, 0.100766941905, 0.0250558238477, 0.00366125581786, 9.98449249892e-05, 2.15512081922e-05, 3.73326984118e-05],
        "min": [0.000354609335773, 0.00550081627443, 0.0114260772243, 0.0649192631245, 0.226274624467, 0.276845276356, 0.492738455534, 0.943247795105, 0.717017054558, 0.563483774662, 0.410484731197, 0.268076509237, 0.123789839447, 0.221194267273, 0.137020558119, 0.276972413063, 0.299773126841, 0.21117593348, 0.267537146807, 0.225821778178, 0.23479399085, 0.109515078366, 0.0741019174457, 0.107239499688, 0.0476924479008, 0.0341919958591, 0.011046487838, 0.0122366789728, 0.00469394167885, 0.00197587208822, 0.00119083444588, 0.000645705149509, 0.000371640810044, 0.000183622498298, 5.72835997446e-05, 8.18813168735e-06, 2.30774139709e-06, 2.75826295137e-07, 2.41342104346e-06, 3.25711403093e-06],
        "stdev": [0.112932309508, 1.08745586872, 4.06522607803, 6.63977336884, 16.4683990479, 44.9956626892, 43.5603866577, 52.4716873169, 25.6814632416, 41.3635978699, 21.2998733521, 32.1183738708, 36.2102775574, 19.7070083618, 22.8772563934, 21.1643352509, 33.0690879822, 32.2703285217, 47.5444526672, 43.0746498108, 46.5720825195, 40.0654983521, 23.9499874115, 20.621421814, 23.6437473297, 19.1054706573, 4.68509578705, 4.53894424438, 5.12183237076, 6.30545663834, 4.7288312912, 3.41718649864, 7.28812026978, 4.19536876678, 0.739997148514, 0.189729630947, 0.0336097516119, 0.000829446304124, 4.08774285461e-05, 1.98867528525e-05]
    },
    "gfcc": {
        "mean": [-33.1190910339, 160.713165283, -125.971260071, 45.8658370972, -57.4859313965, 7.34209537506, -39.5465393066, -4.39863538742, -11.0556783676, -11.8025751114, 4.44734954834, -15.4154367447, -0.965492010117],
        "cov": [[2674.40112305, -1455.57458496, -216.636230469, 500.73425293, -503.364196777, 260.805450439, -368.396057129, 363.379333496, -97.1938400269, -59.260509491, 8.90703868866, 120.946586609, -83.7357559204], [-1455.57458496, 1241.2109375, -11.2566156387, -303.22543335, 418.131347656, -253.367385864, 326.457122803, -248.513900757, 101.894081116, -36.8830909729, 71.0155563354, -122.705825806, 76.4167938232], [-216.636230469, -11.2566156387, 490.752044678, -14.5082435608, -15.2145204544, 80.7376251221, -80.6680221558, -19.2934322357, -9.43814563751, 19.188369751, -90.0670013428, 66.9019241333, 2.30536317825], [500.73425293, -303.22543335, -14.5082435608, 247.804351807, -63.4322319031, 39.1062316895, -91.7544326782, 56.0989570618, 29.7125473022, -34.4303359985, 0.412392109632, 37.9236984253, 13.8102722168], [-503.364196777, 418.131347656, -15.2145204544, -63.4322319031, 277.775817871, -80.2442245483, 97.8316726685, -63.5329856873, 50.7759094238, 11.3090744019, 2.68310785294, -44.0572776794, 30.5146903992], [260.805450439, -253.367385864, 80.7376251221, 39.1062316895, -80.2442245483, 189.621246338, -20.2226028442, 66.1214981079, -36.0647697449, 15.2678470612, 1.70510327816, 6.80074644089, -21.7195529938], [-368.396057129, 326.457122803, -80.6680221558, -91.7544326782, 97.8316726685, -20.2226028442, 223.882797241, -38.2043571472, -1.89420545101, 22.9042930603, 50.4940834045, -70.0573959351, 2.27217078209], [363.379333496, -248.513900757, -19.2934322357, 56.0989570618, -63.5329856873, 66.1214981079, -38.2043571472, 169.044906616, 5.86268424988, 14.5836715698, 6.01394271851, 18.7511978149, -17.0149745941], [-97.1938400269, 101.894081116, -9.43814563751, 29.7125473022, 50.7759094238, -36.0647697449, -1.89420545101, 5.86268424988, 111.506027222, -3.06045246124, -5.77788829803, 5.24953174591, 17.9771213531], [-59.260509491, -36.8830909729, 19.188369751, -34.4303359985, 11.3090744019, 15.2678470612, 22.9042930603, 14.5836715698, -3.06045246124, 109.815940857, -13.0175304413, -3.42938971519, -18.5319843292], [8.90703868866, 71.0155563354, -90.0670013428, 0.412392109632, 2.68310785294, 1.70510327816, 50.4940834045, 6.01394271851, -5.77788829803, -13.0175304413, 120.588668823, -13.6565446854, 5.31242275238], [120.946586609, -122.705825806, 66.9019241333, 37.9236984253, -44.0572776794, 6.80074644089, -70.0573959351, 18.7511978149, 5.24953174591, -3.42938971519, -13.6565446854, 114.372146606, 23.4780025482], [-83.7357559204, 76.4167938232, 2.30536317825, 13.8102722168, 30.5146903992, -21.7195529938, 2.27217078209, -17.0149745941, 17.9771213531, -18.5319843292, 5.31242275238, 23.4780025482, 69.0776901245]],
        "icov": [[0.00162012246437, 0.000426618906204, 0.000895023986232, -0.00186442118138, 0.000819431326818, -0.000449671875685, 0.000807940552477, -0.00142056448385, 0.00104841543362, 0.000452913896879, 4.94295236422e-05, -0.000304790533846, 0.000903436623048], [0.000426618906204, 0.0142288757488, -0.00454360619187, 0.00929771643132, -0.00870537757874, 0.00845754146576, -0.0102874916047, 0.00640013674274, -0.00882507953793, 0.00799320917577, -0.00665843766183, 0.00404447922483, -0.00493251066655], [0.000895023986232, -0.00454360619187, 0.00515654869378, -0.00372481485829, 0.0029903978575, -0.00502790277824, 0.0046718120575, -0.00209628138691, 0.00348373386078, -0.00255190581083, 0.00405878666788, -0.00316697219387, 0.00228497688659], [-0.00186442118138, 0.00929771643132, -0.00372481485829, 0.0147652728483, -0.00668649747968, 0.00512203574181, -0.00625179987401, 0.00549789052457, -0.00936138816178, 0.00622135866433, -0.00495623936877, 0.00281725707464, -0.00572020327672], [0.000819431326818, -0.00870537757874, 0.0029903978575, -0.00668649747968, 0.0118370763958, -0.00418220134452, 0.00529572274536, -0.00427294336259, 0.00415855040774, -0.00538764148951, 0.00453394837677, -0.00112412369344, 0.00159570388496], [-0.000449671875685, 0.00845754146576, -0.00502790277824, 0.00512203574181, -0.00418220134452, 0.0136572346091, -0.00753405503929, 0.00178079563193, -0.00368346832693, 0.00390027905814, -0.00496336072683, 0.00373250502162, -0.00281128566712], [0.000807940552477, -0.0102874916047, 0.0046718120575, -0.00625179987401, 0.00529572274536, -0.00753405503929, 0.0162038728595, -0.00505715748295, 0.00730586098507, -0.00700136600062, 0.00240197987296, -0.00019727293693, 0.00306964688934], [-0.00142056448385, 0.00640013674274, -0.00209628138691, 0.00549789052457, -0.00427294336259, 0.00178079563193, -0.00505715748295, 0.012734349817, -0.00684692338109, 0.00213879044168, -0.00358029059134, 0.00116430176422, -0.00184553221334], [0.00104841543362, -0.00882507953793, 0.00348373386078, -0.00936138816178, 0.00415855040774, -0.00368346832693, 0.00730586098507, -0.00684692338109, 0.0179905518889, -0.00507192825899, 0.00486199604347, -0.00299595412798, 0.00246858946048], [0.000452913896879, 0.00799320917577, -0.00255190581083, 0.00622135866433, -0.00538764148951, 0.00390027905814, -0.00700136600062, 0.00213879044168, -0.00507192825899, 0.0152694554999, -0.00227152812295, 0.000963470025454, 0.00017498183297], [4.94295236422e-05, -0.00665843766183, 0.00405878666788, -0.00495623936877, 0.00453394837677, -0.00496336072683, 0.00240197987296, -0.00358029059134, 0.00486199604347, -0.00227152812295, 0.0139928273857, -0.0028085957747, 0.00176061259117], [-0.000304790533846, 0.00404447922483, -0.00316697219387, 0.00281725707464, -0.00112412369344, 0.00373250502162, -0.00019727293693, 0.00116430176422, -0.00299595412798, 0.000963470025454, -0.0028085957747, 0.0146364914253, -0.00705822883174], [0.000903436623048, -0.00493251066655, 0.00228497688659, -0.00572020327672, 0.00159570388496, -0.00281128566712, 0.00306964688934, -0.00184553221334, 0.00246858946048, 0.00017498183297, 0.00176061259117, -0.00705822883174, 0.0216191709042]]
    },
    "melbands": {
        "max": [0.00657442584634, 0.0142025873065, 0.0106778331101, 0.013721762225, 0.0168240312487, 0.0129363257438, 0.00354449241422, 0.00418041320518, 0.00178005523048, 0.00309990276583, 0.0018970699748, 0.00179482798558, 0.000852862140164, 0.000710196327418, 0.000683020742144, 0.000983567209914, 0.000742940872442, 0.0013509838609, 0.000781345122959, 0.00109503150452, 0.000847962335683, 0.000775751366746, 0.000307070906274, 0.000215753665543, 0.000202989627724, 0.000198246882064, 0.000113276466436, 8.47388218972e-05, 3.95310999011e-05, 9.77944291662e-05, 5.16217187396e-05, 5.27547526872e-05, 7.54253851483e-05, 7.82363931648e-05, 3.91620997107e-05, 3.94441231037e-05, 3.25343862642e-05, 0.000137810449814, 9.89020845736e-05, 7.72023486206e-05],
        "mean": [0.00123770860955, 0.0020829574205, 0.00141916028224, 0.00162589130923, 0.00149314408191, 0.000730283907615, 0.000283392932033, 0.000398945237976, 0.000127653489471, 9.8020551377e-05, 0.000101189405541, 3.52461829607e-05, 5.11057332915e-05, 3.27282468788e-05, 3.38887693943e-05, 3.25350301864e-05, 4.46296253358e-05, 3.51690723619e-05, 2.47830193985e-05, 2.56820949289e-05, 2.30368605116e-05, 1.85519547813e-05, 1.32200366352e-05, 9.67668711382e-06, 9.47977423493e-06, 8.16639203549e-06, 9.18337809708e-06, 6.6720203904e-06, 1.69422332874e-06, 5.60461273835e-07, 5.56193526791e-07, 6.22007007678e-07, 9.76192950475e-07, 1.40892325362e-06, 1.27646194414e-06, 9.39941571687e-07, 5.06779258558e-07, 8.30506394323e-07, 5.96748463977e-07, 3.44550500131e-07],
        "min": [4.54291421192e-06, 8.37362767925e-06, 2.71227163466e-05, 1.22015608213e-05, 1.71849405888e-05, 1.44753266795e-05, 2.64067125499e-06, 4.38140432379e-06, 2.25734697779e-06, 1.16264095595e-06, 4.05494745337e-07, 4.00084644525e-07, 5.15426336278e-07, 2.92245317723e-07, 5.32442982148e-07, 3.00696427757e-07, 2.76845952385e-07, 3.77061837753e-07, 1.36094868708e-07, 2.79212855503e-07, 2.40456444089e-07, 6.56217480355e-08, 4.91651697132e-08, 4.66258818221e-08, 6.33282652984e-08, 2.06983408191e-08, 1.47130467809e-08, 1.18026202145e-08, 7.4653279114e-09, 4.70635397321e-09, 5.55686474613e-09, 1.92537918942e-09, 1.243685821e-09, 7.85365050771e-10, 5.92788262921e-10, 4.24957957712e-10, 3.35889149827e-10, 2.37945829706e-10, 1.7553343501e-10, 1.4264693593e-10],
        "stdev": [0.00104416988324, 0.00175552407745, 0.00123848987278, 0.0017907427391, 0.00182479689829, 0.00111995730549, 0.000354698713636, 0.000501300615724, 0.000154073553858, 0.000209158461075, 0.00018029223429, 8.19773413241e-05, 7.64537762734e-05, 4.87200049974e-05, 5.96171121288e-05, 7.25106001482e-05, 6.81888341205e-05, 8.36406252347e-05, 6.45122709102e-05, 8.18136977614e-05, 5.92894357396e-05, 4.78247893625e-05, 3.21601073665e-05, 2.01407310669e-05, 1.78334976226e-05, 1.86389952432e-05, 1.71899282577e-05, 1.2266232261e-05, 3.28618966705e-06, 3.11793314722e-06, 2.47640582529e-06, 2.77015465144e-06, 3.34691139869e-06, 3.71255350728e-06, 2.90812704407e-06, 2.44035072683e-06, 1.80831091257e-06, 5.32650574314e-06, 4.73853469884e-06, 3.14139560942e-06]
    },
    "melbands128": {
        "max": [0.003169269301, 0.00690413452685, 0.00864145718515, 0.0162317529321, 0.017220178619, 0.0192760266364, 0.0123370159417, 0.0182061810046, 0.0185356047004, 0.0167904403061, 0.0287261325866, 0.038216792047, 0.0213703922927, 0.0326235219836, 0.0191631726921, 0.0112175382674, 0.00844168290496, 0.005184605252, 0.00352165033109, 0.00492134410888, 0.00789301097393, 0.0015433661174, 0.00294026522897, 0.00208170851693, 0.00343897426501, 0.00606359820813, 0.00211656838655, 0.00349039002322, 0.00154615018982, 0.00259578158148, 0.00241328659467, 0.0010974847246, 0.00155585014727, 0.00160305167083, 0.000507270800881, 0.00152459717356, 0.00141590938438, 0.0010593769839, 0.00142518884968, 0.00289713218808, 0.00123779464047, 0.00118759064935, 0.00110598339234, 0.00163921061903, 0.0028091869317, 0.00266108196229, 0.00138775736559, 0.00129062111955, 0.00116504530888, 0.00116508326028, 0.00192401721142, 0.00116886664182, 0.00104369572364, 0.00128689734265, 0.00133575045038, 0.00124629912898, 0.000654062139802, 0.000697665964253, 0.000484963617055, 0.000345288746757, 0.000478557631141, 0.000290286057862, 0.000609745329712, 0.0003787757596, 0.000315631186822, 0.000307234731736, 0.000354914489435, 0.000201122631552, 0.00018077607092, 0.000294777593808, 0.000157824659254, 0.000147776387166, 4.65524426545e-05, 3.85648963857e-05, 4.20437900175e-05, 0.0001032631626, 0.000152551539941, 4.1737286665e-05, 5.23125381733e-05, 7.75819571572e-05, 3.96369250666e-05, 7.09711821401e-05, 5.93020558881e-05, 8.84245018824e-05, 8.54169848026e-05, 9.90129774436e-05, 8.69749928825e-05, 6.02804320806e-05, 4.61517302028e-05, 4.19283969677e-05, 3.26499975927e-05, 5.25388895767e-05, 6.02494474151e-05, 2.37426374952e-05, 2.75922211586e-05, 0.000100534911326, 0.000225562558626, 0.000168705635588, 7.04472404323e-05, 0.000114174639748, 0.00014194403775, 7.08148436388e-05, 2.64353820967e-05, 1.75799141289e-05, 1.16870141937e-05, 9.2803102234e-06, 9.42578026297e-06, 1.51782032844e-05, 6.81727897245e-06, 6.04403930993e-06, 8.03340935818e-06, 5.44242720935e-06, 1.61648893027e-06, 3.58842697779e-07, 1.37471838357e-08, 1.32191004809e-08, 1.27599735222e-08, 1.23530963236e-08, 1.19804992593e-08, 1.16532596905e-08, 1.13538050073e-08, 1.11092157695e-08, 1.08895141793e-08, 1.0690381913e-08, 1.05209414514e-08, 1.04002566559e-08, 1.02892450116e-08, 1.02403090452e-08],
        "mean": [0.000398581614718, 0.0010471252026, 0.00132749648765, 0.00208139116876, 0.00233435933478, 0.00205978564918, 0.00141914421692, 0.00117583211977, 0.00149087514728, 0.00125150661916, 0.00197624112479, 0.00247113523073, 0.00100524467416, 0.000836366903968, 0.000924309366383, 0.000554151250981, 0.000420225900598, 0.000199085101485, 0.000144496108987, 0.000439812429249, 0.000584651948884, 0.000135629918077, 7.80740083428e-05, 6.82042882545e-05, 0.000118580079288, 9.92447457975e-05, 7.87548269727e-05, 0.000158249575179, 5.33606071258e-05, 3.47149434674e-05, 3.08519120154e-05, 2.66912902589e-05, 5.39568063687e-05, 8.09681951068e-05, 2.08337551157e-05, 2.34391227423e-05, 4.00078642997e-05, 1.95577922568e-05, 4.82444520458e-05, 3.86194478779e-05, 2.97716742352e-05, 1.98570505745e-05, 3.80731289624e-05, 7.69672333263e-05, 2.57096144196e-05, 3.03562410409e-05, 3.78893710149e-05, 2.64743830485e-05, 1.56266160047e-05, 2.34748004004e-05, 3.48462381226e-05, 1.87511977856e-05, 1.57360045705e-05, 2.72124470939e-05, 3.43981191691e-05, 1.11921372081e-05, 1.22134506455e-05, 1.80703846127e-05, 1.12637817438e-05, 8.82614585862e-06, 1.10702058009e-05, 8.36234266899e-06, 9.71391546045e-06, 1.03311103885e-05, 8.20488730824e-06, 7.75181524659e-06, 8.40986649564e-06, 8.59747979121e-06, 9.34341005632e-06, 1.02374797279e-05, 7.0218629844e-06, 5.48477919438e-06, 2.347409918e-06, 1.10104133455e-06, 5.56525321826e-07, 5.39802783805e-07, 5.75906710765e-07, 5.50042443592e-07, 5.40076769084e-07, 5.77701030124e-07, 5.96607662828e-07, 6.16942486431e-07, 7.29640305508e-07, 9.30381872877e-07, 1.29878901589e-06, 1.34879826419e-06, 1.46307468185e-06, 1.45854028233e-06, 1.25508120163e-06, 1.18305194974e-06, 1.12485770387e-06, 8.87632268132e-07, 5.95487165356e-07, 4.5523572112e-07, 4.05067027032e-07, 7.4917238635e-07, 1.03185982425e-06, 8.26413838695e-07, 5.39065467819e-07, 5.3808452094e-07, 4.65369282665e-07, 3.1243655485e-07, 1.989416063e-07, 1.25390471339e-07, 9.59383328336e-08, 6.94282107361e-08, 5.57319381755e-08, 5.35813740044e-08, 3.87071068531e-08, 3.23684545833e-08, 2.66750657119e-08, 1.92979179303e-08, 5.83503245721e-09, 8.89186058117e-10, 2.25096694756e-11, 1.89472326717e-11, 1.58103686393e-11, 1.41616163241e-11, 1.37299503364e-11, 1.33178737136e-11, 1.29597348478e-11, 1.26871933098e-11, 1.24465888984e-11, 1.22289296745e-11, 1.20172604506e-11, 1.18578376285e-11, 1.17420144788e-11, 1.16919841864e-11],
        "min": [1.29143531424e-08, 1.0053324786e-06, 7.84870621828e-07, 5.12621272719e-06, 4.05916671298e-06, 8.18035368866e-06, 4.98055169373e-06, 1.59340936534e-06, 3.05358753394e-06, 5.74740806769e-06, 5.70030942981e-06, 5.32144395038e-06, 2.22415246753e-06, 9.75673742687e-07, 6.94316713634e-06, 1.89323327504e-06, 2.18569675781e-06, 7.25134214008e-07, 9.40561051266e-07, 1.08393919618e-06, 5.99590293859e-07, 1.32287971155e-06, 1.49061250454e-07, 1.1350491036e-07, 1.41597212178e-07, 6.42075903556e-08, 4.80176481688e-07, 2.77411544403e-07, 1.38041571063e-07, 3.57606424473e-08, 1.32972473921e-07, 1.26711739767e-07, 3.14193556505e-07, 3.1757062402e-07, 2.30151144365e-07, 9.48695202396e-08, 1.52103851292e-07, 1.02134301017e-07, 9.53598373599e-08, 1.2377954306e-07, 1.10799874165e-07, 7.17044059684e-08, 1.43661139873e-07, 3.63635592748e-07, 5.68871598716e-08, 7.64839356293e-08, 1.53994065499e-07, 3.03963325621e-08, 7.43387076341e-08, 1.73950951421e-08, 1.26649169374e-07, 1.18651904302e-07, 3.67188874861e-08, 7.5001985067e-08, 5.47777077031e-08, 1.15708500559e-08, 3.38128316457e-08, 6.44775965952e-08, 3.01885876297e-08, 1.45564706955e-08, 1.62306985629e-08, 1.63509064066e-08, 2.93566682075e-08, 2.66315201003e-08, 1.14869331824e-08, 6.01974692316e-09, 8.53519921407e-09, 1.58573065789e-08, 8.772471638e-09, 5.03656316653e-09, 4.79402872955e-09, 4.63862370736e-09, 7.27448989934e-09, 3.77354814063e-09, 3.69614938656e-09, 1.33131228264e-09, 1.48158962876e-09, 2.757922557e-09, 5.85610004933e-09, 2.20785745242e-09, 1.08723918757e-09, 1.16771858849e-09, 8.71186900397e-10, 4.97087038198e-10, 6.50950238157e-10, 6.0305066496e-10, 4.54481036138e-10, 3.84939885523e-10, 4.12122114213e-10, 3.72939124027e-10, 1.97537888824e-10, 2.7904106803e-10, 3.0057084599e-10, 2.12281067724e-10, 1.89472645906e-10, 1.79149417523e-10, 2.04381803148e-10, 1.53030740857e-10, 1.46333958839e-10, 1.3308476543e-10, 6.77488690148e-11, 1.00992200713e-10, 1.13265057056e-10, 5.43520714547e-11, 7.66730689356e-12, 7.31751118033e-12, 1.09997883198e-12, 5.349585995e-14, 3.30588150171e-14, 2.4702645257e-14, 2.31710995741e-14, 2.69569048615e-14, 2.10854351015e-14, 1.91901006262e-14, 2.44599991168e-14, 2.58637512449e-14, 1.70802127053e-14, 2.14003212937e-14, 2.71273617718e-14, 2.31411095256e-14, 2.17339133615e-14, 1.79622027023e-14, 2.33941352076e-14, 2.64861612189e-14, 2.37504192881e-14, 2.12238233444e-14, 1.97302281257e-14, 2.32986847588e-14],
        "stdev": [0.000435117981397, 0.00100245780777, 0.00132824841421, 0.0022141400259, 0.00230602291413, 0.00211098440923, 0.00151785556227, 0.00168006459717, 0.00207403791137, 0.00175406120252, 0.00296406727284, 0.00371031789109, 0.00152101297863, 0.00197658408433, 0.00173063285183, 0.000904959626496, 0.00073561235331, 0.000394451257307, 0.000245446106419, 0.000585577392485, 0.000854596903082, 0.000180254981387, 0.000204405092518, 0.000157016038429, 0.00027788078296, 0.000328000955051, 0.000171030100319, 0.000320547318552, 0.000117130686704, 0.000108310508949, 0.000114407514047, 7.81749913585e-05, 0.000107415668026, 0.000135787544423, 3.51517555828e-05, 6.55144103803e-05, 0.000103953112557, 5.52293276996e-05, 0.000116474082461, 0.000123917052406, 0.000111541077786, 6.87166757416e-05, 7.78853427619e-05, 0.000134570989758, 0.00010522458615, 0.000136411283165, 0.000116311675811, 9.75820003077e-05, 6.60074074403e-05, 8.20084896986e-05, 0.000144288002048, 6.1967097281e-05, 6.37022967567e-05, 9.43156264839e-05, 9.9123113614e-05, 5.15764477313e-05, 3.91438952647e-05, 5.63691210118e-05, 3.73667025997e-05, 2.41965990426e-05, 3.2468502468e-05, 2.11970163946e-05, 2.5976471079e-05, 2.6370104024e-05, 2.23840124818e-05, 2.17919550778e-05, 2.41455745709e-05, 2.03136514756e-05, 2.23961196752e-05, 2.28726185014e-05, 1.50452469825e-05, 1.38342666105e-05, 4.82705218019e-06, 2.94871415463e-06, 2.1790167466e-06, 3.0307162433e-06, 4.65846733277e-06, 2.25907638196e-06, 2.42995565713e-06, 2.82627070192e-06, 2.49084519055e-06, 3.10600717057e-06, 3.39369125868e-06, 3.47164564118e-06, 4.25629741585e-06, 3.89536762668e-06, 4.22492485086e-06, 3.75119202545e-06, 3.19387754644e-06, 2.86985869025e-06, 2.78127595266e-06, 2.71527073892e-06, 2.29869101531e-06, 1.49031643559e-06, 1.70691248513e-06, 4.13502175434e-06, 7.61530282034e-06, 6.36700269752e-06, 4.00879343943e-06, 5.15357760378e-06, 4.90033926326e-06, 2.80346262116e-06, 1.55948862357e-06, 9.72625912254e-07, 7.1170160254e-07, 5.09216818045e-07, 4.46867744586e-07, 5.26618123331e-07, 2.97692110962e-07, 2.68732520681e-07, 2.68951936278e-07, 2.17663938429e-07, 6.13643109659e-08, 1.11999538532e-08, 3.69905883701e-10, 3.54271306735e-10, 3.41324163378e-10, 3.3037689251e-10, 3.20415971533e-10, 3.11664249963e-10, 3.0366190118e-10, 2.9712315941e-10, 2.91255325413e-10, 2.85933943189e-10, 2.81401985047e-10, 2.78173789559e-10, 2.7520838386e-10, 2.73901179515e-10]
    },
    "mfcc": {
        "mean": [-666.346679688, 169.453323364, 0.70444715023, 33.0011825562, 10.0935077667, 5.70061683655, -6.37461042404, 2.52069807053, -13.7911663055, 7.28089046478, -3.86966657639, -3.03503394127, 2.92883753777],
        "cov": [[3225.74829102, -1842.67407227, 99.6518096924, -78.3686828613, 60.086971283, -282.365966797, -109.004196167, 283.00692749, -315.015350342, 346.141235352, -263.345672607, -11.1990566254, -2.5571064949], [-1842.67407227, 1502.43676758, -298.490081787, 110.621070862, -70.8371963501, 143.101013184, 117.749099731, -152.444351196, 165.7527771, -177.958618164, 167.31791687, 21.2172412872, -6.80312013626], [99.6518096924, -298.490081787, 495.85723877, -85.7018890381, 66.2461090088, 27.3907623291, -54.0882911682, 27.0354290009, 18.1629371643, -82.127784729, 7.72008991241, -33.7765083313, -3.57047009468], [-78.3686828613, 110.621070862, -85.7018890381, 191.07359314, 29.9436740875, 10.6906013489, -55.7942008972, -3.37106561661, 26.1977367401, -12.7428150177, -30.0322685242, 13.4450073242, 17.6596240997], [60.086971283, -70.8371963501, 66.2461090088, 29.9436740875, 185.692459106, -14.3112134933, -63.8790664673, 30.2796993256, 22.8078193665, -10.8613328934, -29.0077934265, -0.371422082186, 4.13922929764], [-282.365966797, 143.101013184, 27.3907623291, 10.6906013489, -14.3112134933, 135.95715332, 24.4479885101, -37.8377532959, 38.4431648254, -36.6495170593, 34.2897872925, -20.3680953979, -2.73047780991], [-109.004196167, 117.749099731, -54.0882911682, -55.7942008972, -63.8790664673, 24.4479885101, 202.453552246, -13.3244695663, -27.4896087646, 55.8213500977, 40.0600624084, -4.46129798889, -11.649679184], [283.00692749, -152.444351196, 27.0354290009, -3.37106561661, 30.2796993256, -37.8377532959, -13.3244695663, 115.251426697, -21.6795253754, 24.8208255768, -31.5366230011, 8.19358444214, 6.64592266083], [-315.015350342, 165.7527771, 18.1629371643, 26.1977367401, 22.8078193665, 38.4431648254, -27.4896087646, -21.6795253754, 146.978103638, -42.0815162659, 32.0780067444, 8.63424777985, 1.66903877258], [346.141235352, -177.958618164, -82.127784729, -12.7428150177, -10.8613328934, -36.6495170593, 55.8213500977, 24.8208255768, -42.0815162659, 188.07359314, -22.7761421204, 1.77233028412, 1.72398781776], [-263.345672607, 167.31791687, 7.72008991241, -30.0322685242, -29.0077934265, 34.2897872925, 40.0600624084, -31.5366230011, 32.0780067444, -22.7761421204, 101.541793823, 17.7010097504, -8.79213142395], [-11.1990566254, 21.2172412872, -33.7765083313, 13.4450073242, -0.371422082186, -20.3680953979, -4.46129798889, 8.19358444214, 8.63424777985, 1.77233028412, 17.7010097504, 87.5362243652, 21.1380558014], [-2.5571064949, -6.80312013626, -3.57047009468, 17.6596240997, 4.13922929764, -2.73047780991, -11.649679184, 6.64592266083, 1.66903877258, 1.72398781776, -8.79213142395, 21.1380558014, 61.6451454163]],
        "icov": [[0.00161433336325, 0.00172686681617, 0.000553695717826, -0.000337813486112, 0.000161484174896, 0.000632851733826, 9.68950480456e-05, -0.00132487958763, 0.000906355329789, -0.000619427242782, 0.000190913720871, 8.03846633062e-05, 0.000557166873477], [0.00172686681617, 0.00343110668473, 0.00167678657454, -0.00107140326872, -2.85882506432e-05, 0.000403058569646, -0.000986397266388, -0.000772004830651, -1.30351199914e-05, 0.00101438572165, -0.0014380653156, 0.000499541813042, 0.000366514199413], [0.000553695717826, 0.00167678657454, 0.00374812493101, 0.00103506445885, -0.000989877036773, -0.000649880734272, -2.89653394248e-06, -0.000864650472067, -0.000375246541807, 0.00195241277106, -0.00133097427897, 0.00124042388052, -0.000400671095122], [-0.000337813486112, -0.00107140326872, 0.00103506445885, 0.00772280199453, -0.000796811946202, -0.00157999387011, 0.00209987466224, 0.000177654714207, -0.000674944138154, -0.000197778063011, 0.00289121340029, -0.00109665933996, -0.00111126259435], [0.000161484174896, -2.85882506432e-05, -0.000989877036773, -0.000796811946202, 0.00683605158702, 0.000444998295279, 0.00143259682227, -0.00140172499232, -0.000936862488743, -0.000619994068984, 0.001332436339, -0.000167691207025, 0.000447266065748], [0.000632851733826, 0.000403058569646, -0.000649880734272, -0.00157999387011, 0.000444998295279, 0.0106012271717, -0.00150488794316, 0.00119507743511, -0.00122495822143, 0.000672819151077, -0.00197048461996, 0.0029455088079, -0.000764534866903], [9.68950480456e-05, -0.000986397266388, -2.89653394248e-06, 0.00209987466224, 0.00143259682227, -0.00150488794316, 0.00818029697984, -0.000754360109568, 0.00188412133139, -0.00325586088002, -0.00133573939092, 8.15469102236e-05, 0.00057939440012], [-0.00132487958763, -0.000772004830651, -0.000864650472067, 0.000177654714207, -0.00140172499232, 0.00119507743511, -0.000754360109568, 0.0122331595048, -0.000533413491212, 0.000200609574676, 0.00161717855372, -0.0013250670163, -0.000861636246555], [0.000906355329789, -1.30351199914e-05, -0.000375246541807, -0.000674944138154, -0.000936862488743, -0.00122495822143, 0.00188412133139, -0.000533413491212, 0.00988242588937, -0.00065753160743, -0.00165736617055, -0.000791809288785, 0.000415944756242], [-0.000619427242782, 0.00101438572165, 0.00195241277106, -0.000197778063011, -0.000619994068984, 0.000672819151077, -0.00325586088002, 0.000200609574676, -0.00065753160743, 0.00908885803074, -0.000471930834465, 0.000602007668931, -0.000819609966129], [0.000190913720871, -0.0014380653156, -0.00133097427897, 0.00289121340029, 0.001332436339, -0.00197048461996, -0.00133573939092, 0.00161717855372, -0.00165736617055, -0.000471930834465, 0.0173031147569, -0.00522463396192, 0.00265779858455], [8.03846633062e-05, 0.000499541813042, 0.00124042388052, -0.00109665933996, -0.000167691207025, 0.0029455088079, 8.15469102236e-05, -0.0013250670163, -0.000791809288785, 0.000602007668931, -0.00522463396192, 0.0151487709954, -0.00519059505314], [0.000557166873477, 0.000366514199413, -0.000400671095122, -0.00111126259435, 0.000447266065748, -0.000764534866903, 0.00057939440012, -0.000861636246555, 0.000415944756242, -0.000819609966129, 0.00265779858455, -0.00519059505314, 0.0188896451145]]
    },
    "spectral_contrast_coeffs": {
        "max": [-0.433169454336, -0.448709577322, -0.593177437782, -0.605504870415, -0.619483470917, -0.636541306973],
        "mean": [-0.686510801315, -0.709811389446, -0.744215548038, -0.771413266659, -0.761307060719, -0.76702684164],
        "min": [-0.930734992027, -0.888638675213, -0.902982711792, -0.899364948273, -0.868936955929, -0.901417791843],
        "stdev": [0.0677318945527, 0.0595754794776, 0.0538241155446, 0.0469466894865, 0.0469795055687, 0.0315099842846]
    },
    "spectral_contrast_valleys": {
        "max": [-5.02840518951, -5.28175210953, -6.1103477478, -6.45446062088, -6.48598194122, -7.64063882828],
        "mean": [-6.09263563156, -6.59527444839, -7.69154834747, -7.83171272278, -8.18258571625, -11.2028675079],
        "min": [-8.14846992493, -8.18163967133, -9.24894237518, -9.27436447144, -9.8926782608, -13.4034729004],
        "stdev": [0.453240424395, 0.463624417782, 0.491755843163, 0.521592259407, 0.725747525692, 1.02371919155]
    }
},
"rhythm": {
    "beats_count": 91,
    "beats_loudness": {
        "max": 0.0901088491082,
        "mean": 0.0415444709361,
        "min": 0.0128805078566,
        "stdev": 0.0163993276656
    },
    "bpm": 172.265594482,
    "bpm_histogram_first_peak_bpm": 172,
    "bpm_histogram_first_peak_weight": 0,
    "bpm_histogram_second_peak_bpm": 167,
    "bpm_histogram_second_peak_spread": 0,
    "bpm_histogram_second_peak_weight": 0.266666680574,
    "danceability": 1.04289805889,
    "onset_rate": 2.73779273033,
    "beats_loudness_band_ratio": {
        "max": [0.840961396694, 0.762994170189, 0.475523710251, 0.216201558709, 0.211833298206, 0.114249326289],
        "mean": [0.461158424616, 0.379684448242, 0.129494264722, 0.0462517254055, 0.0398865751922, 0.0164002683014],
        "min": [0.0478377081454, 0.0583191886544, 0.0174638796598, 0.00425352714956, 0.00104429118801, 0.000246590236202],
        "stdev": [0.192307695746, 0.168882161379, 0.0852067470551, 0.043574295938, 0.046471145004, 0.0219667609781]
    },
