{
"metadata": {
    "version": {
        "essentia": "2.1-beta5",
        "essentia_git_sha": "Undefined",
        "extractor": "music 2.0"
    },
    "audio_properties": {
        "analysis": {
            "equal_loudness": 0,
            "length": 48.7502937317,
            "sample_rate": 44100,
            "start_time": 29.0017242432,
            "downmix": "mix"
        },
        "bit_rate": 192000,
        "length": 268.898681641,
        "lossless": 0,
        "number_channels": 1,
        "replay_gain": -10.7349815369,
        "sample_rate": 48000,
        "codec": "mp3",
        "md5_encoded": "9aeef10babde1cb43f97617b21a988ed"
    },
    "tags": {
        "file_name": "Turkey_Besinçi Mevsim_Şebnem Paker.mp3",
        "encoding": ["Lavf58.29.100"]
    }
},
"lowlevel": {
    "average_loudness": 0.854071259499,
    "barkbands_crest": {
        "max": 23.7061138153,
        "mean": 9.84562683105,
        "min": 2.83089852333,
        "stdev": 3.91044378281
    },
    "barkbands_flatness_db": {
        "max": 0.469886273146,
        "mean": 0.233667090535,
        "min": 0.0664713904262,
        "stdev": 0.0664294213057
    },
    "barkbands_kurtosis": {
        "max": 241.900177002,
        "mean": 8.96892929077,
        "min": -1.90886282921,
        "stdev": 15.2082796097
    },
    "barkbands_skewness": {
        "max": 13.0869293213,
        "mean": 1.73946595192,
        "min": -4.34531116486,
        "stdev": 1.6434803009
    },
    "barkbands_spread": {
        "max": 82.179473877,
        "mean": 15.2209129333,
        "min": 0.3806630373,
        "stdev": 14.5216627121
    },
    "dissonance": {
        "max": 0.499999970198,
        "mean": 0.450816005468,
        "min": 0.199569270015,
        "stdev": 0.0474179312587
    },
    "dynamic_complexity": 4.66570520401,
    "erbbands_crest": {
        "max": 28.5669078827,
        "mean": 10.1677751541,
        "min": 2.59915232658,
        "stdev": 3.92977833748
    },
    "erbbands_flatness_db": {
        "max": 0.387706130743,
        "mean": 0.242596015334,
        "min": 0.125543564558,
        "stdev": 0.0444248989224
    },
    "erbbands_kurtosis": {
        "max": 81.8577575684,
        "mean": 2.79055786133,
        "min": -1.91225039959,
        "stdev": 6.03312063217
    },
    "erbbands_skewness": {
        "max": 7.12480163574,
        "mean": 0.668850600719,
        "min": -3.3104839325,
        "stdev": 1.35272812843
    },
    "erbbands_spread": {
        "max": 122.081550598,
        "mean": 33.3421401978,
        "min": 2.28816413879,
        "stdev": 21.8757610321
    },
    "hfc": {
        "max": 173.964752197,
        "mean": 9.76072597504,
        "min": 0.0145693197846,
        "stdev": 16.4410381317
    },
    "loudness_ebu128": {
        "integrated": -19.3093452454,
        "loudness_range": 3.89268112183,
        "momentary": {
            "max": -12.2484455109,
            "mean": -20.7784786224,
            "min": -40.3091278076,
            "stdev": 4.03170919418
        },
        "short_term": {
            "max": -16.6902885437,
            "mean": -19.5864772797,
            "min": -25.529876709,
            "stdev": 1.41194629669
        }
    },
    "melbands_crest": {
        "max": 30.8226318359,
        "mean": 12.9289875031,
        "min": 2.45863890648,
        "stdev": 5.27445173264
    },
    "melbands_flatness_db": {
        "max": 0.585074543953,
        "mean": 0.266654312611,
        "min": 0.0209669601172,
        "stdev": 0.103092938662
    },
    "melbands_kurtosis": {
        "max": 345.351745605,
        "mean": 19.1255569458,
        "min": -1.7901519537,
        "stdev": 30.1330680847
    },
    "melbands_skewness": {
        "max": 12.2640542984,
        "mean": 2.62154841423,
        "min": -2.09193563461,
        "stdev": 2.06028413773
    },
    "melbands_spread": {
        "max": 150.801467896,
        "mean": 20.391368866,
        "min": 0.409816294909,
        "stdev": 25.2591266632
    },
    "pitch_salience": {
        "max": 0.877334177494,
        "mean": 0.645185112953,
        "min": 0.128121748567,
        "stdev": 0.129912078381
    },
    "silence_rate_20dB": {
        "max": 1,
        "mean": 1,
        "min": 1,
        "stdev": 0
    },
    "silence_rate_30dB": {
        "max": 1,
        "mean": 0.995716333389,
        "min": 0,
        "stdev": 0.0653093010187
    },
    "silence_rate_60dB": {
        "max": 1,
        "mean": 0.25702047348,
        "min": 0,
        "stdev": 0.436993300915
    },
    "spectral_centroid": {
        "max": 4497.58398438,
        "mean": 1228.73657227,
        "min": 139.230880737,
        "stdev": 938.806640625
    },
    "spectral_complexity": {
        "max": 48,
        "mean": 10.5411710739,
        "min": 0,
        "stdev": 8.3106508255
    },
    "spectral_decrease": {
        "max": -5.5133354479e-12,
        "mean": -3.20891313521e-09,
        "min": -5.31191091113e-08,
        "stdev": 4.57363036332e-09
    },
    "spectral_energy": {
        "max": 0.208140000701,
        "mean": 0.0129964966327,
        "min": 2.39728487941e-05,
        "stdev": 0.0182413514704
    },
    "spectral_energyband_high": {
        "max": 0.0190298222005,
        "mean": 0.000363216648111,
        "min": 2.38179339362e-07,
        "stdev": 0.00123491545673
    },
    "spectral_energyband_low": {
        "max": 0.0230879243463,
        "mean": 0.00243113911711,
        "min": 4.9568797067e-07,
        "stdev": 0.00278811226599
    },
    "spectral_energyband_middle_high": {
        "max": 0.0461847707629,
        "mean": 0.0020486721769,
        "min": 7.20690309208e-07,
        "stdev": 0.00378727377392
    },
    "spectral_energyband_middle_low": {
        "max": 0.200920134783,
        "mean": 0.00860565062612,
        "min": 4.66551909994e-06,
        "stdev": 0.0157357864082
    },
    "spectral_entropy": {
        "max": 8.68189907074,
        "mean": 7.08606147766,
        "min": 4.82768964767,
        "stdev": 0.630075871944
    },
    "spectral_flux": {
        "max": 0.341270267963,
        "mean": 0.0643080174923,
        "min": 0.00335948914289,
        "stdev": 0.0470958389342
    },
    "spectral_kurtosis": {
        "max": 59.1873664856,
        "mean": 5.9563832283,
        "min": -0.897678136826,
        "stdev": 6.71794223785
    },
    "spectral_rms": {
        "max": 0.0142500326037,
        "mean": 0.0030018161051,
        "min": 0.000152931825141,
        "stdev": 0.00191536697093
    },
    "spectral_rolloff": {
        "max": 7472.02148438,
        "mean": 1322.12451172,
        "min": 86.1328125,
        "stdev": 1525.02697754
    },
    "spectral_skewness": {
        "max": 5.82479286194,
        "mean": 1.48853576183,
        "min": -0.447413742542,
        "stdev": 0.943138122559
    },
    "spectral_spread": {
        "max": 18991154,
        "mean": 3078544,
        "min": 1179490,
        "stdev": 875846.6875
    },
    "spectral_strongpeak": {
        "max": 6.22815942764,
        "mean": 0.637263059616,
        "min": 0.0035789126996,
        "stdev": 0.824713528156
    },
    "zerocrossingrate": {
        "max": 0.23876953125,
        "mean": 0.0488416031003,
        "min": 0.00244140625,
        "stdev": 0.041647426784
    },
    "barkbands": {
        "max": [0.00102158857044, 0.0166642107069, 0.012643860653, 0.0268617831171, 0.0494427606463, 0.18274782598, 0.0652919858694, 0.0641120448709, 0.0242316182703, 0.017010839656, 0.0177315864712, 0.0211087688804, 0.0171190369874, 0.00780634442344, 0.00785557832569, 0.00565449660644, 0.00786662381142, 0.00891021173447, 0.0163298994303, 0.00915462430567, 0.00476337177679, 0.00328400707804, 0.0071164262481, 0.00106311275158, 1.71584306372e-05, 2.54482763751e-08, 2.71513354022e-08],
        "mean": [1.74015494849e-05, 0.000987681210972, 0.00102311372757, 0.00093150162138, 0.00163214758504, 0.00239504524507, 0.00183180056047, 0.00116409442853, 0.000559873355087, 0.000231187557802, 0.000141246913699, 0.000171874416992, 0.000214908068301, 0.000171873049112, 0.000191346509382, 0.000196609005798, 0.000156370777404, 0.000156819980475, 0.000301138847135, 0.000263500900473, 7.78295725468e-05, 7.29690727894e-05, 8.5846229922e-05, 1.99359019462e-05, 3.90255991078e-07, 7.23342774567e-10, 4.93961926917e-10],
        "min": [6.58779808482e-10, 9.36017130471e-08, 3.70107073877e-08, 1.16146079421e-08, 2.97755320844e-07, 3.76194407181e-07, 5.93354201328e-08, 4.91379843481e-08, 6.66689956574e-08, 2.27516334661e-08, 1.09442526153e-08, 1.58764876801e-08, 1.23542971409e-08, 1.11141558179e-08, 3.58663072575e-08, 2.96299003111e-08, 3.41889494493e-09, 3.58065825878e-08, 5.60264830085e-08, 5.57835306836e-08, 1.85103807837e-08, 5.39081774775e-08, 2.88347212773e-08, 2.14555164746e-08, 1.0341623391e-10, 2.63447492987e-11, 2.60175162664e-11],
        "stdev": [5.75398989895e-05, 0.00165571074467, 0.00141091074329, 0.00173183623701, 0.00287287030369, 0.00884433183819, 0.00491135427728, 0.00379116740078, 0.00171445822343, 0.000930189155042, 0.000678188691381, 0.000962445454206, 0.000846021808684, 0.000541387067642, 0.000557966181077, 0.000514393323101, 0.000462738389615, 0.000537374231499, 0.00109667470679, 0.000776105502155, 0.00028161847149, 0.000250847049756, 0.000387625274016, 7.07103681634e-05, 9.77844592853e-07, 1.55123902612e-09, 1.4415639793e-09]
    },
    "erbbands": {
        "max": [0.425956189632, 4.36625623703, 16.119726181, 42.0579833984, 194.900878906, 245.75793457, 318.614654541, 2253.2175293, 1094.39953613, 1032.58776855, 1048.76513672, 631.941650391, 529.43145752, 604.372558594, 488.894744873, 647.079650879, 895.079589844, 441.222320557, 431.555541992, 330.920776367, 395.100250244, 403.042633057, 368.512908936, 814.789672852, 908.083496094, 475.012695312, 217.656463623, 169.8881073, 135.083221436, 140.339691162, 251.785507202, 60.2236633301, 7.29376077652, 0.411424964666, 0.0175082869828, 0.0023478269577, 0.00056459044572, 0.000186205550563, 9.94380170596e-05, 0.000233143873629],
        "mean": [0.0183680448681, 0.264564216137, 1.10971295834, 2.191229105, 4.44790124893, 5.34806966782, 10.3463563919, 22.7369918823, 25.8187999725, 27.2988605499, 22.8925323486, 13.1830615997, 8.80891036987, 6.55577802658, 5.83992433548, 7.22253227234, 9.63990306854, 8.90704727173, 9.54428100586, 10.5161838531, 11.0805978775, 8.72112941742, 8.21439170837, 11.7983150482, 16.8505859375, 12.3675889969, 4.91344356537, 2.58491754532, 2.65826272964, 2.40013122559, 2.46308016777, 0.948262214661, 0.124077938497, 0.0130601087585, 0.000500193738844, 5.707976743e-05, 1.54083809321e-05, 4.66711844638e-06, 7.89283785707e-06, 1.56800979312e-05],
        "min": [7.85887004895e-06, 1.74467513716e-05, 6.94726695656e-05, 0.000278808438452, 0.000303977401927, 0.00100913527422, 0.00177693075966, 0.00378371658735, 0.00168115599081, 0.00241687148809, 0.003456648672, 0.0027857592795, 0.0018408135511, 0.00101455114782, 0.000755257962737, 0.000843653222546, 0.000619664730038, 0.00141909031663, 0.00153520319145, 0.00166661338881, 0.00223921588622, 0.00221416214481, 0.00221261521801, 0.00250970479101, 0.00360922073014, 0.00251981988549, 0.00188108021393, 0.00241741235368, 0.0019862386398, 0.00119036622345, 0.000770833634306, 0.000623246538453, 0.000269393116469, 2.93175653496e-05, 2.25836129175e-06, 4.19535098217e-07, 1.38199453659e-07, 4.22637320696e-08, 2.9800402146e-08, 4.21822861085e-08],
        "stdev": [0.0415185950696, 0.418772757053, 1.44073152542, 3.32734799385, 8.55487442017, 11.7582731247, 27.6292266846, 97.5127792358, 75.7306365967, 75.8245697021, 67.8947906494, 39.0694313049, 29.5783863068, 29.6256275177, 25.8293418884, 37.2323226929, 38.9163894653, 27.7926445007, 27.5789833069, 29.8732795715, 29.5867671967, 24.8186607361, 24.7546672821, 46.6235351562, 54.0141181946, 37.5896606445, 16.5133838654, 9.30981349945, 9.28188037872, 8.74833869934, 12.025554657, 3.72853732109, 0.388264119625, 0.0333179011941, 0.00134444469586, 0.000157204151037, 3.76774260076e-05, 1.24841799334e-05, 1.09776337922e-05, 2.14060364669e-05]
    },
    "gfcc": {
        "mean": [-135.127868652, 147.967697144, -139.858413696, 66.6687011719, -72.6223373413, -11.1154642105, -29.1166343689, -14.723493576, 3.64999723434, -24.0654201508, 9.17427253723, -23.844379425, -3.33728528023],
        "cov": [[6530.61621094, -769.965454102, -1805.60852051, -84.6312561035, -164.335449219, -255.57170105, -158.909042358, -128.52104187, 140.478927612, 98.7707138062, -1.10643899441, -68.1101226807, -216.089370728], [-769.965454102, 2326.37011719, 1133.34375, -742.046569824, 197.405914307, -461.250091553, 155.295501709, -61.569152832, 28.304775238, -100.712890625, 85.9003067017, -84.6077728271, -34.3561019897], [-1805.60852051, 1133.34375, 2073.62304688, 499.839813232, 105.21395874, -206.752609253, 105.655082703, 78.5035171509, -54.1787910461, -148.900817871, 67.0780944824, -10.8261442184, -6.34078741074], [-84.6312561035, -742.046569824, 499.839813232, 1293.99853516, 209.413406372, 28.6578407288, -127.146072388, -16.0506267548, 11.4037857056, -4.40276193619, -24.2240619659, 19.9743156433, -11.5652799606], [-164.335449219, 197.405914307, 105.21395874, 209.413406372, 452.925537109, 77.2115402222, -82.8808517456, -78.5966262817, 59.0547027588, 38.0793914795, -15.3161325455, -25.31599617, 12.1902160645], [-255.57170105, -461.250091553, -206.752609253, 28.6578407288, 77.2115402222, 572.782714844, 33.5501708984, -23.3203983307, -4.99053192139, 87.0253219604, -22.6082553864, 1.1437420845, 26.0747432709], [-158.909042358, 155.295501709, 105.655082703, -127.146072388, -82.8808517456, 33.5501708984, 263.892486572, 85.9604187012, -49.95337677, -24.258518219, 32.6812973022, 8.40780353546, -32.2713356018], [-128.52104187, -61.569152832, 78.5035171509, -16.0506267548, -78.5966262817, -23.3203983307, 85.9604187012, 210.744995117, -6.91117572784, -47.3274383545, 37.7556648254, 25.624168396, 14.4520816803], [140.478927612, 28.304775238, -54.1787910461, 11.4037857056, 59.0547027588, -4.99053192139, -49.95337677, -6.91117572784, 137.685577393, 57.7174949646, -32.4499435425, -4.88284778595, 3.26698303223], [98.7707138062, -100.712890625, -148.900817871, -4.40276193619, 38.0793914795, 87.0253219604, -24.258518219, -47.3274383545, 57.7174949646, 159.770904541, 26.2073554993, -39.5914764404, -1.78423464298], [-1.10643899441, 85.9003067017, 67.0780944824, -24.2240619659, -15.3161325455, -22.6082553864, 32.6812973022, 37.7556648254, -32.4499435425, 26.2073554993, 115.304222107, 19.5651092529, -19.5881500244], [-68.1101226807, -84.6077728271, -10.8261442184, 19.9743156433, -25.31599617, 1.1437420845, 8.40780353546, 25.624168396, -4.88284778595, -39.5914764404, 19.5651092529, 104.366661072, 33.6401748657], [-216.089370728, -34.3561019897, -6.34078741074, -11.5652799606, 12.1902160645, 26.0747432709, -32.2713356018, 14.4520816803, 3.26698303223, -1.78423464298, -19.5881500244, 33.6401748657, 108.452827454]],
        "icov": [[0.000263458729023, -0.000149466795847, 0.000379929231713, -0.000245533621637, 0.00020783272339, 5.26279764017e-05, 4.91123755637e-05, 6.53303723084e-05, -0.000298902916256, 0.000238704145886, -0.000264996255282, 0.000179504146217, 0.000352899747668], [-0.000149466795847, 0.00382200465538, -0.00243415031582, 0.00323889078572, -0.00256438064389, 0.00203034118749, -0.00210435152985, 0.0032182156574, -0.00317660905421, 0.00289383763447, -0.00346755189821, 0.00295910821296, -0.00153976434376], [0.000379929231713, -0.00243415031582, 0.00258012977429, -0.00254891230725, 0.00169006432407, -0.00102925684769, 0.000732209184207, -0.00150655966718, 0.000952361617237, -0.000188204969163, 0.000596940692049, -0.000567707582377, 0.000593190314248], [-0.000245533621637, 0.00323889078572, -0.00254891230725, 0.00389632582664, -0.00268483767286, 0.00163387798239, -0.000943927036133, 0.00199504150078, -0.00160801887978, 0.00124864652753, -0.00154541479424, 0.00119436753448, -0.000415105285356], [0.00020783272339, -0.00256438064389, 0.00169006432407, -0.00268483767286, 0.0047820112668, -0.00189902179409, 0.00151893228758, -0.000677139672916, -8.27967160149e-05, -0.000468028069008, 0.000574569916353, -0.000344685977325, 8.10126148281e-05], [5.26279764017e-05, 0.00203034118749, -0.00102925684769, 0.00163387798239, -0.00189902179409, 0.00347015191801, -0.00162689911667, 0.00134014163632, -0.0003508713271, -0.000650972768199, -0.000275035738014, 0.000560308049899, -0.000645058928058], [4.91123755637e-05, -0.00210435152985, 0.000732209184207, -0.000943927036133, 0.00151893228758, -0.00162689911667, 0.00716009410098, -0.00459069386125, 0.00451374705881, -0.00350779620931, 0.00362971704453, -0.0035360888578, 0.00389483734034], [6.53303723084e-05, 0.0032182156574, -0.00150655966718, 0.00199504150078, -0.000677139672916, 0.00134014163632, -0.00459069386125, 0.0110445190221, -0.00746562564746, 0.00813145097345, -0.00894801411778, 0.00554888602346, -0.00478818826377], [-0.000298902916256, -0.00317660905421, 0.000952361617237, -0.00160801887978, -8.27967160149e-05, -0.0003508713271, 0.00451374705881, -0.00746562564746, 0.0182171519846, -0.0132526550442, 0.0131405089051, -0.00921878311783, 0.00518005248159], [0.000238704145886, 0.00289383763447, -0.000188204969163, 0.00124864652753, -0.000468028069008, -0.000650972768199, -0.00350779620931, 0.00813145097345, -0.0132526550442, 0.0204206518829, -0.0151809882373, 0.0124135250226, -0.00626094825566], [-0.000264996255282, -0.00346755189821, 0.000596940692049, -0.00154541479424, 0.000574569916353, -0.000275035738014, 0.00362971704453, -0.00894801411778, 0.0131405089051, -0.0151809882373, 0.023151660338, -0.0126333180815, 0.00797219481319], [0.000179504146217, 0.00295910821296, -0.000567707582377, 0.00119436753448, -0.000344685977325, 0.000560308049899, -0.0035360888578, 0.00554888602346, -0.00921878311783, 0.0124135250226, -0.0126333180815, 0.0200326181948, -0.00851197075099], [0.000352899747668, -0.00153976434376, 0.000593190314248, -0.000415105285356, 8.10126148281e-05, -0.000645058928058, 0.00389483734034, -0.00478818826377, 0.00518005248159, -0.00626094825566, 0.00797219481319, -0.00851197075099, 0.0151904914528]]
    },
    "melbands": {
        "max": [0.00416157860309, 0.00649036513641, 0.00872847530991, 0.0119234742597, 0.00992640573531, 0.0436250716448, 0.0155715271831, 0.0112754683942, 0.00697556091473, 0.00385037064552, 0.00254957610741, 0.00229967711493, 0.00151581177488, 0.0022721781861, 0.00158084847499, 0.00159155216534, 0.000763286370784, 0.000853843463119, 0.000707585306372, 0.000396614224883, 0.000533387006726, 0.000541018613148, 0.000383468635846, 0.000491356477141, 0.000768350611906, 0.000787587254308, 0.000472362909932, 0.000353535724571, 0.000161832125741, 9.68111125985e-05, 9.19127487577e-05, 8.5911124188e-05, 7.07122744643e-05, 8.03239163361e-05, 0.000136975271744, 0.000110447312181, 2.29074576055e-05, 5.4455413192e-06, 8.64622563768e-07, 1.82426319384e-07],
        "mean": [0.000220725487452, 0.000503915711306, 0.000457298447145, 0.000347077671904, 0.000338401383488, 0.000499521265738, 0.000395360431867, 0.000295475416351, 0.000170596016687, 7.64418073231e-05, 4.22247576353e-05, 2.62984376604e-05, 1.94619497051e-05, 1.86657616723e-05, 2.01842085517e-05, 2.11160368053e-05, 1.58108377946e-05, 1.52944849106e-05, 1.44956838994e-05, 1.32517434395e-05, 1.29539039335e-05, 9.37655022426e-06, 7.18955652701e-06, 7.61882756706e-06, 9.45664214669e-06, 1.24235129988e-05, 1.17321151265e-05, 7.35866478863e-06, 3.41830468642e-06, 1.69122665739e-06, 1.43009367548e-06, 1.62275341609e-06, 1.18105731417e-06, 1.39100325214e-06, 1.47744015067e-06, 1.11759129595e-06, 3.7718848489e-07, 8.15270411181e-08, 2.59637040756e-08, 3.35065242218e-09],
        "min": [6.05806462772e-08, 4.14245953095e-08, 6.24804386007e-08, 6.27231813155e-08, 5.89276005769e-08, 6.9741169284e-08, 1.96460678836e-08, 1.91766957869e-08, 3.11323375968e-08, 1.05323874067e-08, 3.87119092338e-09, 3.29850946557e-09, 1.84155224403e-09, 2.81921574974e-09, 1.47712719833e-09, 1.36862521316e-09, 1.92623494932e-09, 1.65440605659e-09, 2.22521023829e-09, 1.99036742643e-09, 4.65167016017e-10, 1.72856548519e-10, 1.38155864526e-09, 1.10893616512e-09, 9.63410018429e-10, 1.97840099858e-09, 1.69498004521e-09, 1.29617860889e-09, 1.18765774992e-09, 1.30631991335e-10, 1.58862603628e-10, 9.18184250853e-10, 5.5880639005e-10, 6.37272290493e-10, 3.72831987505e-10, 4.59593002544e-10, 2.92644436461e-10, 1.79552858692e-10, 3.05523453759e-11, 5.22999991839e-13],
        "stdev": [0.00040715537034, 0.000618763966486, 0.000669905741233, 0.00062838656595, 0.000816849584226, 0.00199518655427, 0.0011047605658, 0.000846829789225, 0.000503104762174, 0.000230750418268, 0.00014554799418, 0.000119607015222, 8.52017401485e-05, 0.000102412021079, 9.81929479167e-05, 8.21852081572e-05, 5.03092669533e-05, 4.72497085866e-05, 4.4895670726e-05, 3.58403485734e-05, 3.64677252946e-05, 2.95041809295e-05, 2.05577398447e-05, 2.83679437416e-05, 4.02312834922e-05, 4.52934546047e-05, 3.44419131579e-05, 2.37811473198e-05, 1.17588588182e-05, 6.24512313152e-06, 5.28956161361e-06, 5.82103530178e-06, 4.10382108385e-06, 5.26324492967e-06, 7.46629348214e-06, 5.14431167176e-06, 1.37464849104e-06, 2.57540449411e-07, 6.29675227515e-08, 9.3233527565e-09]
    },
    "melbands128": {
        "max": [0.000957726035267, 0.00431080674753, 0.00741545297205, 0.00956019200385, 0.0099934451282, 0.00692516379058, 0.00727537460625, 0.0156079186127, 0.0264067538083, 0.0155899394304, 0.01938871108, 0.0108015341684, 0.0157510768622, 0.0345645099878, 0.0826321542263, 0.0606554932892, 0.0281948726624, 0.02722100541, 0.0188333243132, 0.0171856340021, 0.0236326064914, 0.0177861787379, 0.00808826833963, 0.00761224981397, 0.00656955083832, 0.00554511323571, 0.00298072211444, 0.00402839342132, 0.00308059668168, 0.00251297722571, 0.0038053104654, 0.00508844899014, 0.00210320251063, 0.00291300565004, 0.00400755368173, 0.00285309180617, 0.00305136898533, 0.00301559851505, 0.00224019493908, 0.00345968082547, 0.00163133523893, 0.00176364101935, 0.000904555490706, 0.000874840945471, 0.00104918179568, 0.0012453366071, 0.000854750629514, 0.00140691408888, 0.000651944312267, 0.000840310531203, 0.000419889256591, 0.00102278508712, 0.0007930790307, 0.000859138381202, 0.000927273184061, 0.000855498132296, 0.000334984128131, 0.000377642427338, 0.000606532674283, 0.000420421420131, 0.000494160689414, 0.000782250543125, 0.000693029316608, 0.00130033306777, 0.00117387552746, 0.0010160789825, 0.00111841678154, 0.000780530332122, 0.000439139665104, 0.000408061518101, 0.000491187500302, 0.000593348348048, 0.00028671202017, 0.00019107326807, 0.00013503752416, 9.19585218071e-05, 8.79697763594e-05, 0.000131217355374, 0.000115952818305, 7.54182474338e-05, 0.000108708678454, 0.000162105425261, 8.25030292617e-05, 5.9631660406e-05, 9.32826224016e-05, 9.26716384129e-05, 0.000118748779641, 0.000142432851135, 0.000175221299287, 0.000307640206302, 0.000169151753653, 9.95596856228e-05, 4.03598023695e-05, 2.51208202826e-05, 1.65393503266e-05, 9.40570043895e-06, 2.39670293922e-06, 2.01273724088e-06, 1.52144161802e-06, 9.42338772347e-07, 3.18615946071e-07, 6.23169924552e-08, 8.9811411641e-09, 1.72223491024e-09, 5.41576450352e-10, 1.01479713521e-09, 1.07902564661e-09, 4.71249927969e-10, 1.74355502258e-10, 1.67762817527e-10, 1.61516008901e-10, 1.55046392392e-10, 1.49604606481e-10, 1.44039419281e-10, 1.39190450832e-10, 1.34905822624e-10, 1.30630437023e-10, 1.270633182e-10, 1.23271920449e-10, 1.20220042255e-10, 1.17395607124e-10, 1.14903260517e-10, 1.12490239346e-10, 1.10583077417e-10, 1.0901523434e-10, 1.0756440183e-10, 1.06612149664e-10, 1.06038275383e-10],
        "mean": [1.41924783748e-05, 0.000105760285805, 0.000286596012302, 0.000477425084682, 0.000578178558499, 0.000476052955491, 0.000411197805079, 0.000500205554999, 0.000467605132144, 0.000326450099237, 0.000283005298115, 0.000273340701824, 0.000326850451529, 0.000443936849479, 0.000552130746655, 0.00051555968821, 0.000419321702793, 0.000381905963877, 0.000357622979209, 0.000296855985653, 0.00028136066976, 0.000241901696427, 0.000149116764078, 0.000112415822514, 8.45076792757e-05, 6.21818107902e-05, 5.21413821843e-05, 4.31642547483e-05, 3.08375092573e-05, 2.70420223387e-05, 2.52731115324e-05, 2.34234648815e-05, 1.80895713129e-05, 1.69450577232e-05, 2.0045279598e-05, 1.76906614797e-05, 1.95374068426e-05, 1.91927047126e-05, 2.15264881263e-05, 2.2306216124e-05, 2.17969081859e-05, 1.86671968549e-05, 1.44161685967e-05, 1.53233067977e-05, 1.5970743334e-05, 1.59245610121e-05, 1.33657631523e-05, 1.4520224795e-05, 1.46729462358e-05, 1.5094250557e-05, 1.17232648336e-05, 1.30730104502e-05, 1.41437849379e-05, 1.25518936329e-05, 1.13938967843e-05, 9.2493437478e-06, 7.32893886379e-06, 7.62709760238e-06, 6.79014965499e-06, 7.01326553099e-06, 7.53101903683e-06, 8.27510393719e-06, 8.33344620332e-06, 9.58481723501e-06, 1.13950018203e-05, 1.30400094349e-05, 1.24131329358e-05, 1.3054937881e-05, 1.16748979053e-05, 1.01597206594e-05, 7.91752790974e-06, 5.79677862333e-06, 4.04083220928e-06, 3.19741798194e-06, 2.42121109295e-06, 1.66537427049e-06, 1.42399414926e-06, 1.29264492443e-06, 1.3637821894e-06, 1.66911718225e-06, 1.63142044585e-06, 1.81290590717e-06, 1.15232160169e-06, 9.80771687864e-07, 1.31487001909e-06, 1.34654328576e-06, 1.44436160099e-06, 1.46289744407e-06, 1.36944720452e-06, 1.64545076586e-06, 1.42126452829e-06, 9.59723024607e-07, 6.21888887054e-07, 4.03734759402e-07, 1.93052002828e-07, 1.02968456872e-07, 6.06648953294e-08, 4.20856380856e-08, 2.87706658497e-08, 1.74609606773e-08, 6.4027143587e-09, 2.54061299776e-10, 5.68183937399e-11, 8.30912161992e-12, 5.6588614003e-12, 8.94546069163e-12, 9.14805384222e-12, 1.46884379659e-11, 4.8791270503e-12, 3.13528153092e-12, 3.01672055392e-12, 2.8952899106e-12, 2.79978644435e-12, 2.68903410823e-12, 2.60515220507e-12, 2.54448111886e-12, 2.47184152487e-12, 2.32461966343e-12, 2.25448110701e-12, 2.19619027825e-12, 2.14236506139e-12, 2.1008375161e-12, 2.05736903208e-12, 2.01675568606e-12, 1.94245682907e-12, 1.83172596015e-12, 1.77667787166e-12, 1.76162903709e-12],
        "min": [4.47733655706e-10, 3.71284265555e-08, 2.49201015379e-08, 2.07863593005e-08, 2.73992952771e-08, 2.58700634248e-08, 7.29499705088e-09, 3.30469318577e-09, 9.85820225452e-09, 4.59731275271e-08, 3.852757402e-08, 2.28096510568e-08, 4.26319601843e-08, 3.37158780894e-08, 4.94879266455e-08, 2.88902768375e-08, 9.06155417368e-09, 1.16172396147e-08, 1.21252980989e-08, 1.58557842411e-08, 2.82797563145e-09, 2.83913603738e-09, 5.78173553478e-09, 5.18985077136e-09, 3.61393159842e-09, 4.28516866435e-09, 1.54908874617e-09, 2.2984241177e-09, 1.73674230552e-09, 3.59565099917e-10, 1.21758714222e-09, 6.35821117978e-10, 8.87896423052e-10, 1.08561015733e-09, 6.94714286098e-10, 7.01506464029e-10, 5.69534863715e-10, 1.09368603063e-09, 2.88984225438e-10, 6.94477475527e-10, 9.49006206952e-10, 1.14305576115e-09, 5.83774584229e-10, 8.15751466376e-10, 8.04745881045e-10, 7.62013396827e-10, 1.20353593758e-09, 5.5920951203e-10, 5.67537461471e-10, 1.03021169373e-09, 4.94497220949e-10, 7.51611939354e-10, 4.66342131578e-10, 1.04380899757e-10, 1.0955705787e-10, 1.00630725974e-10, 3.06139724682e-10, 1.56884061298e-10, 4.17079787374e-10, 5.29839450092e-10, 6.6436200985e-10, 5.24864041118e-10, 3.1969882297e-10, 2.05284275689e-10, 2.95246105342e-10, 2.23630802765e-09, 1.03991015798e-09, 8.85332807066e-10, 7.49074580142e-10, 8.32277136098e-10, 5.23048993006e-10, 5.32543287246e-10, 2.95952817808e-10, 1.89275900508e-10, 6.10699615877e-11, 1.71601031995e-11, 2.76032460778e-11, 1.45889758607e-11, 2.50788539241e-11, 5.99384153421e-11, 5.61104357422e-11, 3.88919840777e-10, 3.90605603418e-11, 3.37359751246e-10, 2.26745136556e-10, 3.58540086509e-10, 4.11177036863e-10, 2.09976980248e-10, 2.90170054651e-10, 1.32824376498e-10, 1.13835510462e-10, 2.09700284914e-10, 8.69027974582e-11, 2.35501739637e-11, 3.95479100856e-11, 7.19753492917e-11, 2.43435115815e-11, 2.58745420922e-11, 1.71937572686e-12, 2.68791000742e-12, 3.27045627992e-13, 1.17372447482e-13, 9.34228483961e-14, 7.24616899686e-14, 8.63180580073e-14, 8.03982870405e-14, 1.07858343025e-13, 1.29612358173e-13, 1.04082805471e-13, 9.59603490419e-14, 7.39735963456e-14, 9.53049962625e-14, 8.55670650437e-14, 7.84036125411e-14, 7.31629180525e-14, 5.78474442826e-14, 9.36867432049e-14, 7.24948258975e-14, 8.80197878559e-14, 9.63302381656e-14, 8.14735987551e-14, 5.60660187981e-14, 7.54320922131e-14, 6.69681392046e-14, 6.41455408213e-14, 1.88092237911e-14, 2.24033967681e-15, 1.02882646712e-16],
        "stdev": [5.38338572369e-05, 0.000319140672218, 0.000628208683338, 0.00079025211744, 0.000818607048132, 0.00069788255496, 0.000709940737579, 0.000999123672955, 0.00108550279401, 0.000766648445278, 0.000833514379337, 0.000702231191099, 0.00102591025643, 0.00178299017716, 0.00294953864068, 0.00272287125699, 0.0016518564662, 0.00138866435736, 0.00118695897982, 0.00105247076135, 0.00119781214744, 0.00095450389199, 0.000521296809893, 0.000465139368316, 0.000315324577969, 0.000248245167313, 0.000203504969249, 0.000183075550012, 0.000148624720168, 0.000132183398819, 0.000158194277901, 0.000151280706632, 8.92380849109e-05, 9.88178944681e-05, 0.00013714004308, 0.000111086097604, 0.00013512573787, 0.00011913862545, 0.000114548834972, 0.00012277138012, 9.32824696065e-05, 8.13267542981e-05, 5.48152711417e-05, 5.3909712733e-05, 5.68761352042e-05, 5.92596588831e-05, 4.85698656121e-05, 5.95062992943e-05, 5.01743234054e-05, 5.65429509152e-05, 3.33109128405e-05, 4.1673436499e-05, 4.32847227785e-05, 4.11363944295e-05, 4.23565506935e-05, 3.58233373845e-05, 2.29555898841e-05, 2.47113221121e-05, 2.37622862187e-05, 2.40603330894e-05, 3.00862939184e-05, 4.00643912144e-05, 3.75574636564e-05, 5.06657088408e-05, 5.29529825144e-05, 5.45722941752e-05, 4.5567881898e-05, 4.29934334534e-05, 3.48993125954e-05, 3.35880213242e-05, 2.96318830806e-05, 2.32393776969e-05, 1.46482825585e-05, 1.25126098283e-05, 9.50543017098e-06, 6.60415116727e-06, 5.61254591958e-06, 5.52254414288e-06, 5.54459211344e-06, 6.21439585302e-06, 6.04028718953e-06, 7.43183454688e-06, 4.27521581514e-06, 3.45271837432e-06, 5.24404231328e-06, 5.0411713346e-06, 5.98039150645e-06, 6.87768988428e-06, 7.85963584349e-06, 1.00863353509e-05, 7.14591033102e-06, 4.28653584095e-06, 2.39752603193e-06, 1.52957579758e-06, 7.59253794058e-07, 3.63905144241e-07, 1.87898081094e-07, 1.09309169716e-07, 7.65019763094e-08, 4.55730990723e-08, 2.01004528577e-08, 2.12327555538e-09, 4.80177397844e-10, 5.38066639855e-11, 2.09084746045e-11, 4.62264497514e-11, 3.33475955183e-11, 3.41834963113e-11, 1.05591828684e-11, 9.20089525402e-12, 8.82595906082e-12, 8.44475964851e-12, 8.13675255645e-12, 7.81472109246e-12, 7.57807792212e-12, 7.30053170694e-12, 7.10229878381e-12, 6.75125406968e-12, 6.55450303408e-12, 6.37986625335e-12, 6.24936430729e-12, 6.09626064907e-12, 5.94434527643e-12, 5.84565772524e-12, 5.75658617996e-12, 5.68681039759e-12, 5.63667515441e-12, 5.60576801992e-12]
    },
    "mfcc": {
        "mean": [-756.182189941, 141.805603027, 1.32914674282, 52.2319145203, -6.120241642, 1.61784517765, -17.5412044525, 5.22552537918, -17.9965572357, 13.8440752029, -7.32382011414, 0.34104642272, -1.39391803741],
        "cov": [[7822.51757812, -1402.12011719, -2093.03173828, -303.428131104, -421.537139893, 43.3760261536, -512.13293457, -66.0037384033, -310.916809082, 308.059448242, -98.8644104004, -88.6764221191, 200.250366211], [-1402.12011719, 3210.07202148, 616.159545898, -320.543212891, -75.578956604, -427.135406494, 35.6898345947, -69.0306091309, -87.2427825928, -12.9869089127, 56.8068351746, -155.935073853, 263.52532959], [-2093.03173828, 616.159545898, 1680.08300781, 634.7734375, 148.948410034, -84.7943878174, 193.901016235, 123.665512085, 7.93960571289, -75.8276748657, 33.7031402588, 19.0689640045, -41.5891647339], [-303.428131104, -320.543212891, 634.7734375, 1136.84851074, 303.394439697, -6.03906297684, -62.0872879028, 68.8004226685, -90.835899353, 49.9455757141, -64.8409957886, -17.5314846039, -67.9587173462], [-421.537139893, -75.578956604, 148.948410034, 303.394439697, 556.701416016, 213.542098999, -31.0993728638, -46.1281852722, 61.8484115601, -12.4990434647, -0.564146459103, 16.5155563354, -25.5559272766], [43.3760261536, -427.135406494, -84.7943878174, -6.03906297684, 213.542098999, 481.017303467, 36.1861305237, -65.3152389526, 76.8476333618, 5.57813739777, 22.5711174011, 55.1820335388, -27.9367427826], [-512.13293457, 35.6898345947, 193.901016235, -62.0872879028, -31.0993728638, 36.1861305237, 306.323120117, 82.0639266968, 9.94444656372, -10.5172204971, 61.0114440918, 20.0638179779, -11.766749382], [-66.0037384033, -69.0306091309, 123.665512085, 68.8004226685, -46.1281852722, -65.3152389526, 82.0639266968, 229.542373657, 13.2959508896, -35.4118843079, 10.8101854324, -7.70491743088, -21.6648654938], [-310.916809082, -87.2427825928, 7.93960571289, -90.835899353, 61.8484115601, 76.8476333618, 9.94444656372, 13.2959508896, 191.772705078, -15.6167097092, -1.31653773785, 24.1345005035, -18.8040390015], [308.059448242, -12.9869089127, -75.8276748657, 49.9455757141, -12.4990434647, 5.57813739777, -10.5172204971, -35.4118843079, -15.6167097092, 173.037750244, 27.9056835175, -21.3752708435, 37.7186775208], [-98.8644104004, 56.8068351746, 33.7031402588, -64.8409957886, -0.564146459103, 22.5711174011, 61.0114440918, 10.8101854324, -1.31653773785, 27.9056835175, 145.378311157, 34.2764053345, -10.6613168716], [-88.6764221191, -155.935073853, 19.0689640045, -17.5314846039, 16.5155563354, 55.1820335388, 20.0638179779, -7.70491743088, 24.1345005035, -21.3752708435, 34.2764053345, 123.912757874, -8.76254940033], [200.250366211, 263.52532959, -41.5891647339, -67.9587173462, -25.5559272766, -27.9367427826, -11.766749382, -21.6648654938, -18.8040390015, 37.7186775208, -10.6613168716, -8.76254940033, 156.573364258]],
        "icov": [[0.000275413040072, 8.97839054232e-05, 0.000259994674707, -2.89773433906e-05, 0.000139592215419, -0.000107964217023, 0.000333630654495, -0.00023712492839, 0.000395288021537, -0.000252368045039, -1.957321183e-05, 8.75797122717e-05, -0.000339251448167], [8.97839054232e-05, 0.000626283581369, -0.000270304037258, 0.000356644712156, -0.000208279205253, 0.000442689895863, 0.000169828301296, 0.000224779621931, 0.000290234223939, 8.48111667437e-05, -0.000382477010135, 0.000757104367949, -0.000966305437032], [0.000259994674707, -0.000270304037258, 0.00144552299753, -0.000973747577518, 0.000332487892592, -9.96463131742e-05, -0.000448614300694, -0.00022665495635, -0.000195144224563, 0.00040105546941, -0.000285994319711, -0.000276468577795, -9.98444156721e-05], [-2.89773433906e-05, 0.000356644712156, -0.000973747577518, 0.00218727276661, -0.00121527176816, 0.000333307107212, 0.000722846074495, -0.000730696658138, 0.00141361483838, -0.00133794324938, 0.00104854116216, -2.20744350372e-05, 0.00050408608513], [0.000139592215419, -0.000208279205253, 0.000332487892592, -0.00121527176816, 0.00313441199251, -0.00137122138403, 0.000304450310068, 0.000474086176837, -0.000967747007962, 0.000707810686436, -0.000600516214035, 0.000248507101787, -0.000225441865041], [-0.000107964217023, 0.000442689895863, -9.96463131742e-05, 0.000333307107212, -0.00137122138403, 0.00346021563746, -0.000844572728965, 0.00109727145173, -0.000753164000344, 4.45222849521e-06, -0.000268111005425, -0.00039907527389, -0.000138978386531], [0.000333630654495, 0.000169828301296, -0.000448614300694, 0.000722846074495, 0.000304450310068, -0.000844572728965, 0.00504400208592, -0.00194996409118, 0.000999555573799, -0.000691446359269, -0.00113272271119, -5.12663461905e-07, -0.000300245854305], [-0.00023712492839, 0.000224779621931, -0.00022665495635, -0.000730696658138, 0.000474086176837, 0.00109727145173, -0.00194996409118, 0.00625468278304, -0.00154427601956, 0.00188665592577, -0.000977837829851, 0.00108670908958, -0.000106057828816], [0.000395288021537, 0.000290234223939, -0.000195144224563, 0.00141361483838, -0.000967747007962, -0.000753164000344, 0.000999555573799, -0.00154427601956, 0.00738700153306, -0.00117565400433, 0.00115823664237, -0.000853363715578, 0.000338266720064], [-0.000252368045039, 8.48111667437e-05, 0.00040105546941, -0.00133794324938, 0.000707810686436, 4.45222849521e-06, -0.000691446359269, 0.00188665592577, -0.00117565400433, 0.00831738207489, -0.00301816361025, 0.00215120334178, -0.00219872966409], [-1.957321183e-05, -0.000382477010135, -0.000285994319711, 0.00104854116216, -0.000600516214035, -0.000268111005425, -0.00113272271119, -0.000977837829851, 0.00115823664237, -0.00301816361025, 0.00964072067291, -0.00325093138963, 0.00202232412994], [8.75797122717e-05, 0.000757104367949, -0.000276468577795, -2.20744350372e-05, 0.000248507101787, -0.00039907527389, -5.12663461905e-07, 0.00108670908958, -0.000853363715578, 0.00215120334178, -0.00325093138963, 0.0106610720977, -0.00159504276235], [-0.000339251448167, -0.000966305437032, -9.98444156721e-05, 0.00050408608513, -0.000225441865041, -0.000138978386531, -0.000300245854305, -0.000106057828816, 0.000338266720064, -0.00219872966409, 0.00202232412994, -0.00159504276235, 0.00915921479464]]
    },
    "spectral_contrast_coeffs": {
        "max": [-0.353692978621, -0.405597150326, -0.521238684654, -0.584510743618, -0.505054593086, -0.536449790001],
        "mean": [-0.7033213377, -0.753644585609, -0.810231745243, -0.820951104164, -0.784778892994, -0.71424639225],
        "min": [-0.970415115356, -0.952424824238, -0.936205089092, -0.947860896587, -0.907005250454, -0.896413981915],
        "stdev": [0.085733897984, 0.0820490866899, 0.0700167790055, 0.0577507354319, 0.0636184886098, 0.0583828538656]
    },
    "spectral_contrast_valleys": {
        "max": [-5.37000703812, -4.69005155563, -5.29970216751, -5.8125872612, -5.2756114006, -9.47733211517],
        "mean": [-7.38824653625, -7.29829692841, -8.5674200058, -8.60640335083, -8.45995521545, -12.2948141098],
        "min": [-10.4646911621, -10.1849994659, -11.4965343475, -11.5071640015, -11.3482542038, -14.8262844086],
        "stdev": [1.00214791298, 1.04014122486, 1.129991889, 1.24786794186, 1.1440923214, 1.0193798542]
    }
},
"rhythm": {
    "beats_count": 87,
    "beats_loudness": {
        "max": 0.0852302312851,
        "mean": 0.0173142608255,
        "min": 7.34042696422e-05,
        "stdev": 0.0164616219699
    },
    "bpm": 116.937911987,
    "bpm_histogram_first_peak_bpm": 117,
    "bpm_histogram_first_peak_weight": 0.558823525906,
    "bpm_histogram_second_peak_bpm": 101,
    "bpm_histogram_second_peak_spread": 0.741935491562,
    "bpm_histogram_second_peak_weight": 0.0930232554674,
    "danceability": 1.28291618824,
    "onset_rate": 4.880859375,
    "beats_loudness_band_ratio": {
        "max": [0.926631569862, 0.821516811848, 0.843481242657, 0.582262933254, 0.522956073284, 0.572035312653],
        "mean": [0.349913090467, 0.247326552868, 0.257248342037, 0.0716063380241, 0.0748328715563, 0.0549731254578],
        "min": [0.00140192813706, 0.0039926012978, 0.00079924124293, 0.000159482820891, 0.00017812284932, 0.00024531444069],
        "stdev": [0.263623058796, 0.180341437459, 0.226396843791, 0.118931621313, 0.110327363014, 0.0968985185027]
    },
