{
"metadata": {
    "version": {
        "essentia": "2.1-beta5",
        "essentia_git_sha": "Undefined",
        "extractor": "music 2.0"
    },
    "audio_properties": {
        "analysis": {
            "equal_loudness": 0,
            "length": 35.9909286499,
            "sample_rate": 44100,
            "start_time": 142.744674683,
            "downmix": "mix"
        },
        "bit_rate": 192000,
        "length": 209.002807617,
        "lossless": 0,
        "number_channels": 2,
        "replay_gain": -9.25703239441,
        "sample_rate": 48000,
        "codec": "mp3",
        "md5_encoded": "53efa0b57ae877fce923de74fac25ea3"
    },
    "tags": {
        "file_name": "Spain_¡Ay, Qué Deseo!_Antonio Carbonell.mp3",
        "encoding": ["Lavf58.29.100"]
    }
},
"lowlevel": {
    "average_loudness": 0.961270749569,
    "barkbands_crest": {
        "max": 24.0332374573,
        "mean": 10.0705623627,
        "min": 3.16191124916,
        "stdev": 4.16149759293
    },
    "barkbands_flatness_db": {
        "max": 0.33341255784,
        "mean": 0.192605450749,
        "min": 0.112160682678,
        "stdev": 0.0315883457661
    },
    "barkbands_kurtosis": {
        "max": 41.143863678,
        "mean": 3.36588454247,
        "min": -1.85578227043,
        "stdev": 4.74327230453
    },
    "barkbands_skewness": {
        "max": 5.64305686951,
        "mean": 1.36839699745,
        "min": -1.31344342232,
        "stdev": 0.972263097763
    },
    "barkbands_spread": {
        "max": 72.4611434937,
        "mean": 17.2771205902,
        "min": 1.78721880913,
        "stdev": 9.18215370178
    },
    "dissonance": {
        "max": 0.499999850988,
        "mean": 0.457915008068,
        "min": 0.322570234537,
        "stdev": 0.0289325695485
    },
    "dynamic_complexity": 2.36979603767,
    "erbbands_crest": {
        "max": 31.1491603851,
        "mean": 10.7465782166,
        "min": 2.52146887779,
        "stdev": 5.46770906448
    },
    "erbbands_flatness_db": {
        "max": 0.367865502834,
        "mean": 0.227541416883,
        "min": 0.138624101877,
        "stdev": 0.0312563255429
    },
    "erbbands_kurtosis": {
        "max": 21.9847793579,
        "mean": 0.622786343098,
        "min": -1.75364565849,
        "stdev": 2.65133595467
    },
    "erbbands_skewness": {
        "max": 3.91513752937,
        "mean": 0.470736026764,
        "min": -2.22150945663,
        "stdev": 0.872087717056
    },
    "erbbands_spread": {
        "max": 96.4024047852,
        "mean": 33.3877372742,
        "min": 3.70376634598,
        "stdev": 13.6617879868
    },
    "hfc": {
        "max": 92.9478683472,
        "mean": 18.6799221039,
        "min": 1.39881432056,
        "stdev": 15.4329919815
    },
    "loudness_ebu128": {
        "integrated": -14.4686355591,
        "loudness_range": 1.87823009491,
        "momentary": {
            "max": -11.3140306473,
            "mean": -14.77090168,
            "min": -20.0844421387,
            "stdev": 1.69534444809
        },
        "short_term": {
            "max": -13.2975978851,
            "mean": -14.4070491791,
            "min": -16.8856906891,
            "stdev": 0.71756964922
        }
    },
    "melbands_crest": {
        "max": 29.4405288696,
        "mean": 12.2453079224,
        "min": 4.3273730278,
        "stdev": 4.46393442154
    },
    "melbands_flatness_db": {
        "max": 0.399966567755,
        "mean": 0.2209456563,
        "min": 0.106455616653,
        "stdev": 0.0468279160559
    },
    "melbands_kurtosis": {
        "max": 70.8863372803,
        "mean": 8.9514503479,
        "min": -1.61991727352,
        "stdev": 9.36751556396
    },
    "melbands_skewness": {
        "max": 7.35527229309,
        "mean": 2.12409186363,
        "min": -1.27541434765,
        "stdev": 1.19374287128
    },
    "melbands_spread": {
        "max": 102.858299255,
        "mean": 21.1299819946,
        "min": 2.6831111908,
        "stdev": 13.7135276794
    },
    "pitch_salience": {
        "max": 0.847171127796,
        "mean": 0.586809635162,
        "min": 0.146256029606,
        "stdev": 0.111406862736
    },
    "silence_rate_20dB": {
        "max": 1,
        "mean": 1,
        "min": 1,
        "stdev": 0
    },
    "silence_rate_30dB": {
        "max": 1,
        "mean": 1,
        "min": 1,
        "stdev": 0
    },
    "silence_rate_60dB": {
        "max": 1,
        "mean": 0.00257898122072,
        "min": 0,
        "stdev": 0.0507183820009
    },
    "spectral_centroid": {
        "max": 3494.9387207,
        "mean": 1116.33032227,
        "min": 344.731842041,
        "stdev": 497.997497559
    },
    "spectral_complexity": {
        "max": 44,
        "mean": 17.2346878052,
        "min": 3,
        "stdev": 6.13613796234
    },
    "spectral_decrease": {
        "max": -5.62506541346e-10,
        "mean": -6.09877170987e-09,
        "min": -3.10991978836e-08,
        "stdev": 3.91711907355e-09
    },
    "spectral_energy": {
        "max": 0.121164105833,
        "mean": 0.0247125402093,
        "min": 0.00227710674517,
        "stdev": 0.0158436074853
    },
    "spectral_energyband_high": {
        "max": 0.00505186850205,
        "mean": 0.000395410868805,
        "min": 3.549761459e-06,
        "stdev": 0.000527429918293
    },
    "spectral_energyband_low": {
        "max": 0.0353296399117,
        "mean": 0.00376530643553,
        "min": 7.32788321329e-05,
        "stdev": 0.00419353367761
    },
    "spectral_energyband_middle_high": {
        "max": 0.0663590729237,
        "mean": 0.00601016823202,
        "min": 0.000236557782046,
        "stdev": 0.00760119128972
    },
    "spectral_energyband_middle_low": {
        "max": 0.113353908062,
        "mean": 0.0155690768734,
        "min": 0.000609391776379,
        "stdev": 0.0130387917161
    },
    "spectral_entropy": {
        "max": 8.19333076477,
        "mean": 7.28069448471,
        "min": 5.79028987885,
        "stdev": 0.271797001362
    },
    "spectral_flux": {
        "max": 0.260697335005,
        "mean": 0.0926893427968,
        "min": 0.0188192967325,
        "stdev": 0.0397152416408
    },
    "spectral_kurtosis": {
        "max": 37.4530754089,
        "mean": 3.89388585091,
        "min": -0.830438137054,
        "stdev": 3.42228484154
    },
    "spectral_rms": {
        "max": 0.0108723910525,
        "mean": 0.00467647891492,
        "min": 0.0014904923737,
        "stdev": 0.00149676471483
    },
    "spectral_rolloff": {
        "max": 6416.89453125,
        "mean": 1193.58618164,
        "min": 150.732421875,
        "stdev": 842.15411377
    },
    "spectral_skewness": {
        "max": 4.48419761658,
        "mean": 1.29391300678,
        "min": -0.0346585959196,
        "stdev": 0.442287504673
    },
    "spectral_spread": {
        "max": 5921050.5,
        "mean": 3122493.25,
        "min": 1856376.625,
        "stdev": 625751
    },
    "spectral_strongpeak": {
        "max": 13.0757761002,
        "mean": 1.49538111687,
        "min": 0.0318477712572,
        "stdev": 1.78293299675
    },
    "zerocrossingrate": {
        "max": 0.15576171875,
        "mean": 0.0475235246122,
        "min": 0.0126953125,
        "stdev": 0.0182250496
    },
    "barkbands": {
        "max": [0.00170986657031, 0.0230620186776, 0.0188639499247, 0.0161741729826, 0.0523044131696, 0.052691809833, 0.0788800865412, 0.0405672229826, 0.104049190879, 0.0417019948363, 0.0200656224042, 0.0377468466759, 0.0353487357497, 0.0221809484065, 0.0235730521381, 0.0130578856915, 0.00969231408089, 0.0117231970653, 0.00795885175467, 0.00199079001322, 0.00305148563348, 0.00237154657952, 0.00174651632551, 0.000442644377472, 9.05814340513e-06, 3.05868013584e-07, 3.61899026302e-07],
        "mean": [0.000103952515929, 0.0016964833485, 0.0013759538997, 0.0010320940055, 0.0045800069347, 0.00329166045412, 0.0021909668576, 0.00110293913167, 0.00253103370778, 0.00130538328085, 0.000433528359281, 0.000562551431358, 0.000914159521926, 0.000773413863499, 0.000737648049835, 0.00049260671949, 0.000471311650472, 0.000373762246454, 0.000301044143271, 8.76229969435e-05, 0.000141113443533, 0.000130585875013, 7.22740005585e-05, 1.01918194559e-05, 2.15232944356e-07, 1.78692438624e-09, 1.33937283486e-09],
        "min": [9.16654627758e-08, 7.44116596252e-06, 9.25693802856e-06, 6.45803311272e-07, 0.000123618301586, 5.44180511497e-05, 1.07444211608e-05, 5.92407741351e-06, 1.68225396919e-05, 4.86821954837e-06, 1.75747413778e-06, 3.56997384188e-06, 2.81534221358e-06, 1.81093366791e-06, 8.2383503468e-06, 5.03872797708e-06, 5.08710400027e-06, 1.9201518171e-06, 3.02037233268e-06, 5.23963649357e-07, 6.62021818698e-07, 2.57190862385e-07, 8.97412206768e-08, 3.14607717655e-09, 9.48257167233e-11, 1.26205408971e-11, 1.78214318303e-11],
        "stdev": [0.000163207703736, 0.00226759584621, 0.00173456326593, 0.00150009337813, 0.00576899386942, 0.00494872918352, 0.005518744234, 0.00318410969339, 0.00740344682708, 0.00399974407628, 0.00122380547691, 0.00206380011514, 0.00310236681253, 0.00202803639695, 0.00195848033763, 0.000946027808823, 0.000841426954139, 0.000835754326545, 0.000540825538337, 0.000159898088896, 0.000250814395258, 0.000218450193643, 0.00012946788047, 2.27828440984e-05, 5.8398541114e-07, 1.07711617403e-08, 1.1850516124e-08]
    },
    "erbbands": {
        "max": [0.645273804665, 5.75637340546, 18.0550632477, 42.4821662903, 36.4485321045, 289.555725098, 272.081665039, 663.881347656, 836.947143555, 1242.91760254, 1231.93725586, 2290.56030273, 1490.4744873, 501.727264404, 760.474182129, 1428.64868164, 1298.97912598, 1179.62158203, 1239.26586914, 1436.6418457, 554.855041504, 576.782470703, 438.114562988, 576.41973877, 207.856307983, 100.784309387, 148.601898193, 167.788269043, 97.6672286987, 85.9984207153, 31.7691555023, 10.722776413, 5.2331829071, 0.33821439743, 0.01136476174, 0.0011897868244, 0.000587745569646, 0.000216996340896, 6.03230255365e-05, 0.000135531110573],
        "mean": [0.045301400125, 0.395921468735, 1.3840072155, 2.9879784584, 5.70206785202, 20.6139812469, 21.4365158081, 30.6095504761, 28.9243888855, 27.7939529419, 38.0711669922, 58.2651824951, 53.4698524475, 17.5120697021, 19.9672985077, 22.2264671326, 38.6271095276, 40.0759887695, 45.076259613, 30.7083644867, 27.7571811676, 26.5275268555, 19.620880127, 20.9936771393, 9.8581495285, 4.19627380371, 4.22598266602, 6.54015922546, 4.62966156006, 3.71912717819, 1.73917675018, 0.409789055586, 0.10623229295, 0.00878815818578, 0.000356201344403, 5.53946883883e-05, 2.04950720217e-05, 6.58493354422e-06, 1.40301026477e-05, 2.93622106255e-05],
        "min": [0.000216736079892, 0.00178462523036, 0.00816128682345, 0.0660848245025, 0.134335011244, 0.593218266964, 0.303794085979, 0.400340855122, 0.186667740345, 0.249407872558, 0.260385215282, 0.512358665466, 0.219897136092, 0.270438820124, 0.142787888646, 0.247767359018, 0.222939550877, 0.4340031147, 0.789309263229, 0.64948284626, 0.413819909096, 0.327795356512, 0.241333723068, 0.128574222326, 0.106713347137, 0.0437317676842, 0.05062289536, 0.0240376796573, 0.00962359458208, 0.00787526927888, 0.00258321105503, 0.000622309045866, 7.33140914235e-05, 1.65316960192e-05, 4.20857259087e-06, 2.6589261779e-06, 1.25685085095e-06, 3.46393534301e-07, 1.25221447433e-06, 2.69563497568e-06],
        "stdev": [0.0668069347739, 0.538633465767, 1.71732902527, 3.95244050026, 5.19772052765, 29.6956596375, 26.109287262, 52.6116600037, 55.966217041, 93.4286575317, 105.085319519, 171.151855469, 152.05909729, 35.6702766418, 51.0075874329, 75.311164856, 121.888511658, 94.3730545044, 107.847541809, 73.4484634399, 47.8765945435, 47.0626678467, 31.9014968872, 44.9357337952, 16.0997028351, 6.82047700882, 8.69058895111, 11.3775186539, 7.46100950241, 6.62424898148, 2.89522171021, 0.743302345276, 0.250276476145, 0.0197399612516, 0.000659301353153, 7.21484611859e-05, 2.5892368285e-05, 9.3211838248e-06, 9.02721330931e-06, 1.87381428987e-05]
    },
    "gfcc": {
        "mean": [-41.2319831848, 162.803314209, -167.031387329, 57.5344581604, -68.8835525513, -5.49016427994, -24.3837070465, -26.0806331635, 12.1170415878, -27.0052013397, 2.88107824326, -11.2538709641, -0.264285802841],
        "cov": [[1661.80529785, -562.927246094, -301.683074951, 100.666824341, -161.427352905, 164.97883606, -36.5484275818, 36.0694961548, -14.8588027954, -15.2843313217, 19.6925735474, 17.0962219238, -3.58463740349], [-562.927246094, 515.100158691, 158.13722229, -112.096694946, 168.976486206, -119.795089722, 107.497146606, -9.12863826752, 12.4718761444, -0.0536960139871, -3.16083478928, -26.5565452576, -26.5675621033], [-301.683074951, 158.13722229, 348.335174561, 85.2339401245, -23.4062042236, 1.21019339561, -0.679065644741, 18.4964675903, 2.67996096611, -5.72144031525, 9.11135005951, -1.10527992249, 22.2514362335], [100.666824341, -112.096694946, 85.2339401245, 241.517547607, 32.6905555725, 9.09513092041, -65.9981231689, 18.5314044952, 7.16117525101, -0.44178044796, 14.5573549271, 2.23606276512, 14.4789543152], [-161.427352905, 168.976486206, -23.4062042236, 32.6905555725, 245.26991272, -32.2990608215, -3.09118080139, -9.77301120758, 22.0075397491, 22.1248264313, 1.36419737339, -23.1865215302, -26.860086441], [164.97883606, -119.795089722, 1.21019339561, 9.09513092041, -32.2990608215, 218.955429077, 37.7005958557, -18.0347690582, -16.0939292908, 19.9780921936, 7.41613101959, -9.82297039032, 13.4511556625], [-36.5484275818, 107.497146606, -0.679065644741, -65.9981231689, -3.09118080139, 37.7005958557, 175.825195312, 8.26839256287, -31.4922199249, 1.68655824661, -21.1535835266, 4.53455734253, -3.05557513237], [36.0694961548, -9.12863826752, 18.4964675903, 18.5314044952, -9.77301120758, -18.0347690582, 8.26839256287, 120.177177429, 19.569858551, -25.0729846954, 15.4127368927, -26.4167690277, 1.00370144844], [-14.8588027954, 12.4718761444, 2.67996096611, 7.16117525101, 22.0075397491, -16.0939292908, -31.4922199249, 19.569858551, 127.015174866, 37.2937850952, -34.3617477417, -0.467252463102, -16.1979064941], [-15.2843313217, -0.0536960139871, -5.72144031525, -0.44178044796, 22.1248264313, 19.9780921936, 1.68655824661, -25.0729846954, 37.2937850952, 84.7406387329, 8.94518375397, -7.13990688324, -2.90545511246], [19.6925735474, -3.16083478928, 9.11135005951, 14.5573549271, 1.36419737339, 7.41613101959, -21.1535835266, 15.4127368927, -34.3617477417, 8.94518375397, 90.269569397, 11.809803009, -6.79343938828], [17.0962219238, -26.5565452576, -1.10527992249, 2.23606276512, -23.1865215302, -9.82297039032, 4.53455734253, -26.4167690277, -0.467252463102, -7.13990688324, 11.809803009, 86.2529525757, 18.5970077515], [-3.58463740349, -26.5675621033, 22.2514362335, 14.4789543152, -26.860086441, 13.4511556625, -3.05557513237, 1.00370144844, -16.1979064941, -2.90545511246, -6.79343938828, 18.5970077515, 69.6776428223]],
        "icov": [[0.0011021689279, 0.00109268620145, 0.00056249985937, -0.000320015009493, 9.00708764675e-05, -0.000139479961945, -0.000743607874028, 0.000166925849044, -0.000601171108428, 0.000685924023855, -0.000736301590223, 0.000363300961908, 0.000106929568574], [0.00109268620145, 0.0177051927894, -0.00976699218154, 0.00913677364588, -0.0116096157581, 0.00953624397516, -0.013929951936, 0.0105782486498, -0.0110144903883, 0.0106925535947, -0.01280536782, 0.010514552705, -0.00522158155218], [0.00056249985937, -0.00976699218154, 0.0100664161146, -0.007466559764, 0.00787186156958, -0.0057179229334, 0.0067644752562, -0.00571413198486, 0.00497741019353, -0.00495956512168, 0.00583525840193, -0.00505665782839, 0.00202786922455], [-0.000320015009493, 0.00913677364588, -0.007466559764, 0.0111766783521, -0.00795867014676, 0.00454215425998, -0.00436846539378, 0.00372415082529, -0.00420464761555, 0.00434306077659, -0.00534938788041, 0.00396310538054, -0.00303647969849], [9.00708764675e-05, -0.0116096157581, 0.00787186156958, -0.00795867014676, 0.0131441140547, -0.00572316115722, 0.00806950032711, -0.00572688691318, 0.00585796590894, -0.00704380730167, 0.00712809199467, -0.00506669748574, 0.00444142287597], [-0.000139479961945, 0.00953624397516, -0.0057179229334, 0.00454215425998, -0.00572316115722, 0.011177985929, -0.0097483759746, 0.00815394893289, -0.00703329173848, 0.00565345119685, -0.00897955801338, 0.00822610687464, -0.00486832112074], [-0.000743607874028, -0.013929951936, 0.0067644752562, -0.00436846539378, 0.00806950032711, -0.0097483759746, 0.0208912473172, -0.0141759915277, 0.0158517360687, -0.0138103552163, 0.0174528267235, -0.0134768718854, 0.00791864469647], [0.000166925849044, 0.0105782486498, -0.00571413198486, 0.00372415082529, -0.00572688691318, 0.00815394893289, -0.0141759915277, 0.0236646514386, -0.0175380874425, 0.0172972623259, -0.0188563484699, 0.0163400173187, -0.0092068137601], [-0.000601171108428, -0.0110144903883, 0.00497741019353, -0.00420464761555, 0.00585796590894, -0.00703329173848, 0.0158517360687, -0.0175380874425, 0.0272062364966, -0.0204383973032, 0.0224041864276, -0.0156090157107, 0.0114400461316], [0.000685924023855, 0.0106925535947, -0.00495956512168, 0.00434306077659, -0.00704380730167, 0.00565345119685, -0.0138103552163, 0.0172972623259, -0.0204383973032, 0.0295394230634, -0.0198654234409, 0.014808726497, -0.00927672814578], [-0.000736301590223, -0.01280536782, 0.00583525840193, -0.00534938788041, 0.00712809199467, -0.00897955801338, 0.0174528267235, -0.0188563484699, 0.0224041864276, -0.0198654234409, 0.0327799059451, -0.0180316157639, 0.0122344875708], [0.000363300961908, 0.010514552705, -0.00505665782839, 0.00396310538054, -0.00506669748574, 0.00822610687464, -0.0134768718854, 0.0163400173187, -0.0156090157107, 0.014808726497, -0.0180316157639, 0.0259116254747, -0.0112334564328], [0.000106929568574, -0.00522158155218, 0.00202786922455, -0.00303647969849, 0.00444142287597, -0.00486832112074, 0.00791864469647, -0.0092068137601, 0.0114400461316, -0.00927672814578, 0.0122344875708, -0.0112334564328, 0.0219452567399]]
    },
    "melbands": {
        "max": [0.00594615517184, 0.00739276409149, 0.0063946521841, 0.0108669931069, 0.0116831511259, 0.0127409137785, 0.015163846314, 0.0109575232491, 0.0157820656896, 0.0139323957264, 0.00745952734724, 0.00264430581592, 0.00312342308462, 0.00402067694813, 0.00554917240515, 0.00364198512398, 0.00260637514293, 0.00196037907153, 0.00203531328589, 0.00132623279933, 0.000657427124679, 0.00057870708406, 0.000359913159627, 0.000560963293537, 0.000603109481744, 0.000241240137257, 8.11067366158e-05, 6.61904778099e-05, 0.000111531946459, 6.4440377173e-05, 0.000142004762893, 7.03110708855e-05, 3.60316262231e-05, 5.3539104556e-05, 1.98563302547e-05, 1.02970989246e-05, 6.51537538943e-06, 5.29934823135e-06, 8.12227028746e-07, 8.1633416471e-08],
        "mean": [0.000439687137259, 0.000673177244607, 0.000553400663193, 0.000931260059588, 0.000844237336423, 0.000659856013954, 0.000445601093816, 0.000270915887086, 0.00036725573591, 0.000346600689227, 0.000257827894529, 6.84473561705e-05, 6.42479571979e-05, 5.87875838391e-05, 6.53803799651e-05, 9.63051643339e-05, 7.26554717403e-05, 7.58540263632e-05, 5.0035177992e-05, 3.72731665266e-05, 3.10524155793e-05, 2.85140740743e-05, 2.00146878342e-05, 1.73640073626e-05, 1.75724180735e-05, 9.14251722861e-06, 4.09063795814e-06, 2.40862550527e-06, 2.28782687373e-06, 3.38405084221e-06, 3.94522612623e-06, 2.65207859229e-06, 2.34246704167e-06, 1.93528035197e-06, 1.1510354625e-06, 4.26653116392e-07, 1.87052464184e-07, 8.98723584442e-08, 1.87337239055e-08, 1.67329228251e-09],
        "min": [2.49024469667e-06, 5.4649131016e-06, 1.86932957149e-05, 3.33579409926e-05, 1.25098586068e-05, 5.73062698095e-06, 2.03440708901e-06, 2.01516195375e-06, 2.18703485189e-06, 2.50102243626e-06, 4.3590085852e-07, 7.5477566952e-07, 2.6249460916e-07, 2.96082845352e-07, 4.9990393336e-07, 2.7224101018e-07, 1.67572508758e-07, 8.28253689633e-07, 5.75679450776e-07, 3.76007932346e-07, 3.17108543868e-07, 3.30666637183e-07, 1.69406234818e-07, 7.12943020176e-08, 7.05467400053e-08, 6.80982878976e-08, 1.51084051936e-08, 1.87983388855e-08, 1.00521191371e-08, 9.42299571705e-09, 4.49630954691e-09, 4.27385815627e-09, 2.91273383191e-09, 1.39736988647e-09, 1.42747436094e-09, 1.64527114155e-10, 1.85492177174e-11, 3.48348238276e-12, 1.61607370281e-12, 2.52808489204e-13],
        "stdev": [0.000601888168603, 0.000798450608272, 0.000630366324913, 0.00110382307321, 0.0010582174873, 0.00106575235259, 0.000929194211494, 0.000877421000041, 0.0010900356574, 0.0009936777642, 0.000764545286074, 0.000170572893694, 0.000180869523319, 0.000181477633305, 0.000297976162983, 0.00035953783663, 0.0001859835902, 0.00019035465084, 0.000132487373776, 8.24011585792e-05, 5.85585985391e-05, 5.2771098126e-05, 3.39635407727e-05, 4.11623586842e-05, 3.9904465666e-05, 1.70010171132e-05, 7.87542376202e-06, 4.20006472268e-06, 5.78963727094e-06, 6.26651353741e-06, 7.48513730287e-06, 4.74820399177e-06, 4.07313882533e-06, 3.70689258489e-06, 1.9910996798e-06, 7.93788785813e-07, 4.25065394438e-07, 2.33183669707e-07, 4.61050113643e-08, 4.48907888639e-09]
    },
    "melbands128": {
        "max": [0.00149148819037, 0.00553383585066, 0.00904006231576, 0.0098444763571, 0.00857049226761, 0.0093007851392, 0.0105675086379, 0.00742414686829, 0.00463944626972, 0.00941965077072, 0.0210992936045, 0.0202634632587, 0.0101626832038, 0.0194028019905, 0.0230205003172, 0.0150862270966, 0.00897755566984, 0.0243479479104, 0.0272646956146, 0.0202225428075, 0.00791616737843, 0.0159077551216, 0.0158709641546, 0.0435459502041, 0.0270317550749, 0.0110756382346, 0.014401294291, 0.014146857895, 0.0113140484318, 0.00506877154112, 0.00132532813586, 0.00391085259616, 0.00582475075498, 0.00293039437383, 0.00670641148463, 0.00468031316996, 0.00543930707499, 0.0125571507961, 0.00365834659897, 0.00568714085966, 0.00832352228463, 0.00813584215939, 0.003065232886, 0.00579272443429, 0.00389998662286, 0.00303776538931, 0.0042023435235, 0.00301569420844, 0.00482731079683, 0.00179623183794, 0.00289139896631, 0.00131528498605, 0.0015155703295, 0.00132280471735, 0.00159605173394, 0.000682935700752, 0.00156185112428, 0.000764185504522, 0.000477357796626, 0.00100341753569, 0.000590729992837, 0.00191837828606, 0.00135459552985, 0.00100413418841, 0.000739823270123, 0.000496436550748, 0.00022005183564, 0.000249438046012, 0.000192563704331, 6.74274779158e-05, 8.27444164315e-05, 9.44543207879e-05, 0.000117683273857, 0.000244681170443, 8.4644954768e-05, 9.30522874114e-05, 0.000128664178192, 9.166997188e-05, 0.000243803442572, 0.000197748013306, 8.96096462384e-05, 8.41774963192e-05, 8.49696443765e-05, 7.28276208974e-05, 5.23042872373e-05, 7.84965013736e-05, 4.70824561489e-05, 4.23512246925e-05, 3.56982163794e-05, 2.74494195764e-05, 1.77252659341e-05, 9.79339802143e-06, 7.91321053839e-06, 8.08667300589e-06, 7.76882643549e-06, 1.16592200357e-05, 2.85171176984e-06, 2.77221215583e-06, 9.80745994639e-07, 4.73037516713e-07, 1.30869608483e-07, 4.40992344863e-08, 3.74699293815e-09, 2.48383935642e-09, 2.38285124965e-09, 2.26652052682e-09, 2.16330731106e-09, 2.07321226853e-09, 2.02796623938e-09, 1.98717731159e-09, 1.96609528658e-09, 1.93928650916e-09, 1.76377290551e-09, 1.80889514478e-09, 1.81428316814e-09, 1.65563251997e-09, 1.66722613493e-09, 1.65218982939e-09, 1.62161561956e-09, 1.59490154417e-09, 1.56350687952e-09, 1.54055512791e-09, 1.51834933515e-09, 1.50392387432e-09, 1.48344336814e-09, 1.46796585998e-09, 1.45733558554e-09, 1.45306811028e-09],
        "mean": [8.98060679901e-05, 0.000340471306117, 0.000561545370147, 0.000677869655192, 0.000667431624606, 0.000702617631759, 0.000634790048935, 0.000465743738459, 0.000442551419837, 0.000932524853852, 0.00133436871693, 0.000991159584373, 0.000610247778241, 0.000779336376581, 0.00086282909615, 0.000447215803433, 0.00040309652104, 0.000488091842271, 0.000444253935711, 0.000319765938912, 0.00015177676687, 0.000194867607206, 0.000385404680856, 0.000574733829126, 0.000438350311015, 0.000205458389246, 0.00022667425219, 0.000378492608434, 0.000175600624061, 5.19177447131e-05, 4.28294333688e-05, 6.223780656e-05, 6.70915760566e-05, 6.21753424639e-05, 7.0891204814e-05, 5.01632748637e-05, 4.94783889735e-05, 7.90888952906e-05, 5.49730102648e-05, 8.85223926161e-05, 0.000132910776301, 6.81439196342e-05, 5.10498903168e-05, 9.21731043491e-05, 8.24639791972e-05, 6.79333024891e-05, 7.70974511397e-05, 4.98680419696e-05, 4.2787854909e-05, 3.21131992678e-05, 4.00968710892e-05, 3.78055301553e-05, 3.01694472e-05, 2.80411532003e-05, 3.18889397022e-05, 2.70507589448e-05, 3.01376039715e-05, 1.93910564121e-05, 1.87842033483e-05, 1.57988488354e-05, 1.3716173271e-05, 2.25905350817e-05, 2.07567827601e-05, 1.56180885824e-05, 1.28998790387e-05, 9.14984775591e-06, 7.5518214544e-06, 4.24876316174e-06, 3.76619186682e-06, 2.85898704533e-06, 2.23183315029e-06, 2.25708708967e-06, 2.28420958592e-06, 2.17507499656e-06, 2.33915829995e-06, 3.36367043019e-06, 3.7316306134e-06, 4.20390915679e-06, 4.17399041908e-06, 3.51450808012e-06, 2.81194456875e-06, 2.10042207982e-06, 2.50333573604e-06, 2.32282218349e-06, 2.34075741901e-06, 2.17803517444e-06, 1.76428511622e-06, 1.51528297465e-06, 1.21844129808e-06, 8.24133508104e-07, 5.61601723348e-07, 3.20933594367e-07, 1.65756333104e-07, 1.92432295876e-07, 2.01386953336e-07, 1.23998376012e-07, 6.75786751003e-08, 3.40614825234e-08, 1.99424050606e-08, 1.01574428868e-08, 2.59382648693e-09, 2.39976843952e-10, 4.8800043867e-11, 1.23628477247e-11, 1.15195708875e-11, 1.12453961074e-11, 1.23971085134e-11, 1.23423051293e-11, 1.06174669751e-11, 9.05738678503e-12, 9.02567603989e-12, 1.04683666249e-11, 9.64429491129e-12, 1.07856033132e-11, 1.32527825519e-11, 1.22375503828e-11, 9.34776735184e-12, 6.04579710947e-12, 5.74116231986e-12, 5.59975069786e-12, 5.46496181641e-12, 5.35329549786e-12, 5.25795422826e-12, 5.17229488406e-12, 5.06666843897e-12, 4.95666225078e-12, 4.88967547008e-12, 4.86155256677e-12],
        "min": [1.76233339033e-08, 1.01240715367e-07, 1.47607909184e-06, 9.58969167186e-07, 1.02330693608e-06, 5.28798318555e-06, 7.45272018321e-07, 4.95872768624e-07, 4.15565591538e-06, 1.0832280168e-05, 5.92762171436e-06, 6.59104534861e-06, 2.79687242255e-06, 6.37146695226e-06, 2.01117791221e-06, 4.19940391794e-07, 2.21713639803e-06, 4.72336523671e-07, 6.07763411153e-07, 3.31365470174e-07, 6.32951696389e-07, 4.70823067644e-07, 7.50805384087e-07, 9.64684659266e-07, 7.92065293354e-07, 1.53282144311e-07, 2.04644379664e-07, 2.51346705227e-07, 2.72757830544e-07, 1.40101008128e-07, 3.05700069703e-07, 8.0098580213e-08, 1.30457465275e-07, 8.92238318784e-08, 7.70933183958e-08, 1.91957283846e-07, 2.6481282589e-07, 2.52271604495e-07, 1.04056901762e-07, 1.10085842664e-07, 6.59719674445e-08, 1.03270338059e-07, 8.42719032335e-08, 6.95218815849e-08, 8.91606006803e-08, 6.39766852828e-08, 8.63496580905e-08, 1.01267197294e-07, 2.65070639216e-07, 8.09003282143e-08, 1.6298447747e-07, 2.14322952274e-07, 1.06686201207e-07, 1.31591548325e-07, 1.59268523703e-07, 3.89991683392e-08, 5.07417041717e-08, 3.20163415779e-08, 2.54814338518e-08, 2.06391597146e-08, 3.45521442568e-08, 2.90410913095e-08, 1.33423059268e-08, 1.55999959617e-08, 1.14842340082e-08, 3.09646424057e-08, 1.40775711088e-08, 2.18308704447e-09, 1.70298697366e-09, 2.65780997211e-09, 7.03861635643e-09, 3.21330562159e-09, 1.35916899957e-09, 1.28700761159e-09, 1.49060530585e-09, 1.57959323399e-09, 2.05538586151e-09, 9.63110258212e-10, 2.13172857144e-09, 9.35487687315e-10, 4.39264069563e-10, 3.17667975258e-10, 2.88070040044e-10, 3.62198215864e-10, 3.20536791554e-10, 5.62701385487e-10, 2.32927788169e-10, 2.52842136117e-10, 2.85023032953e-10, 2.08584330363e-11, 1.40885285209e-12, 7.96116731566e-12, 1.59903264674e-12, 5.65610145525e-12, 2.78059996903e-12, 1.39554676409e-12, 2.1009704935e-13, 1.0240202783e-12, 1.70394221736e-12, 5.63407881547e-13, 2.26958344696e-13, 1.04178174605e-13, 7.0435539725e-14, 7.46543059034e-14, 4.90920577302e-14, 7.20798339635e-14, 5.45979141888e-14, 6.6529430348e-14, 4.84776708522e-14, 5.35729162312e-14, 5.079967954e-14, 8.26206236672e-14, 5.69087217129e-14, 6.57085876595e-14, 7.13952077254e-14, 6.08229355011e-14, 5.90459281404e-14, 6.49791432141e-14, 5.58995463308e-14, 6.41247512446e-14, 6.07382254301e-14, 5.47512915268e-14, 4.35551558199e-14, 5.27701085682e-14, 4.37222279865e-14, 1.72600784576e-14, 2.39462990452e-15, 8.31085566789e-17],
        "stdev": [0.000148166291183, 0.00055317528313, 0.000877478916664, 0.000960112607572, 0.000891046016477, 0.000895266130101, 0.000919761951081, 0.000657917931676, 0.000484815594973, 0.00110729038715, 0.00214934535325, 0.00187753431965, 0.000878487946466, 0.00137441593688, 0.00178023683839, 0.000959966972005, 0.000759888440371, 0.00138351763599, 0.00168362958357, 0.0015168574173, 0.000515525403898, 0.000825244758744, 0.00133145519067, 0.00243951566517, 0.00169360649306, 0.000692201952916, 0.000874472723808, 0.00134917243849, 0.000685145438183, 0.00022668238671, 0.000102451078419, 0.000218932254938, 0.00029208092019, 0.000201094095246, 0.000305691821268, 0.000198797453777, 0.00023490843887, 0.000584448804148, 0.000239086060901, 0.000401228724513, 0.000661665515509, 0.000338923360687, 0.000195444488782, 0.000346867309418, 0.000302090862533, 0.000249532604357, 0.000314005010296, 0.000184488773812, 0.000199775691726, 0.00011128285405, 0.000129485182697, 9.4223767519e-05, 8.68048955454e-05, 8.40542925289e-05, 7.77621244197e-05, 7.0529502409e-05, 9.58288073889e-05, 5.17549015058e-05, 3.8636073441e-05, 4.01460638386e-05, 3.78080621886e-05, 0.000112368201371, 6.54950927128e-05, 4.55425652035e-05, 3.75495437765e-05, 2.42738351517e-05, 1.75990207936e-05, 1.23643376355e-05, 1.14819913506e-05, 5.48636126041e-06, 4.60693809146e-06, 5.28244027009e-06, 7.04623653291e-06, 1.01601035567e-05, 6.03716443948e-06, 7.55157680032e-06, 9.45333158597e-06, 8.64161847858e-06, 1.00624292827e-05, 9.41429971135e-06, 6.55174835629e-06, 4.18349600295e-06, 5.53694871996e-06, 4.91715036333e-06, 5.20830099049e-06, 5.48078469365e-06, 3.65911569133e-06, 3.13282134812e-06, 2.4977546218e-06, 1.64662390034e-06, 1.20285665162e-06, 7.26265568574e-07, 4.12258515325e-07, 4.9126850854e-07, 5.32234139428e-07, 4.17139347064e-07, 1.80987839826e-07, 1.10725700608e-07, 4.99913426211e-08, 2.88271255755e-08, 7.78590614203e-09, 1.88460091977e-09, 2.15974155227e-10, 8.61144142106e-11, 8.30210136749e-11, 7.98871524488e-11, 7.68990426891e-11, 7.40751210371e-11, 7.26947321783e-11, 7.00038291224e-11, 6.83458012407e-11, 6.836330807e-11, 6.28493784793e-11, 6.31123348027e-11, 6.60479032577e-11, 6.12747630413e-11, 5.86786175205e-11, 5.47497290559e-11, 5.34144395381e-11, 5.23101770233e-11, 5.11321783525e-11, 5.02285574244e-11, 4.94334018164e-11, 4.88280318955e-11, 4.8007698511e-11, 4.74801725714e-11, 4.71405033065e-11, 4.69569730321e-11]
    },
    "mfcc": {
        "mean": [-656.35534668, 157.26953125, -26.4478912354, 45.44323349, -15.1393918991, 19.220457077, -31.6428203583, 14.160618782, -14.0334196091, 4.8505449295, -6.10697746277, -0.465167343616, -11.0443239212],
        "cov": [[1912.15820312, -745.202758789, -158.519165039, -116.337539673, -82.1369171143, 45.3005104065, -42.7805747986, 80.062210083, -60.1828727722, 4.88850641251, -0.0184201747179, 24.6871948242, -98.0455780029], [-745.202758789, 709.525146484, -80.7784881592, 58.1480102539, -9.15118026733, -23.3146438599, 53.7260551453, -16.0672664642, 31.4837150574, 13.6909637451, 20.504983902, 7.80684614182, 50.1007957458], [-158.519165039, -80.7784881592, 403.292541504, -1.135232687, -7.2339220047, -2.71216082573, 25.1271514893, 5.20494413376, 17.7135601044, -15.9218473434, -28.4007129669, 7.58119773865, 27.5723571777], [-116.337539673, 58.1480102539, -1.135232687, 240.863510132, 74.9613647461, -42.9384765625, -24.8072280884, 5.06147813797, -6.18230772018, 13.4174585342, -30.0249099731, -2.13460659981, 42.0958251953], [-82.1369171143, -9.15118026733, -7.2339220047, 74.9613647461, 242.270721436, -22.0467987061, -26.656124115, -21.6138687134, -17.6594867706, 46.6328468323, -1.63304519653, -15.8905649185, 30.1269874573], [45.3005104065, -23.3146438599, -2.71216082573, -42.9384765625, -22.0467987061, 213.052780151, 3.36480879784, -14.3581399918, 27.9976081848, -19.9674968719, 29.7037467957, 6.79518651962, -24.8956985474], [-42.7805747986, 53.7260551453, 25.1271514893, -24.8072280884, -26.656124115, 3.36480879784, 216.712478638, 0.252922326326, -7.86944723129, -3.91494870186, -24.6801433563, 21.4463024139, 8.93365192413], [80.062210083, -16.0672664642, 5.20494413376, 5.06147813797, -21.6138687134, -14.3581399918, 0.252922326326, 116.682044983, -4.34259080887, 8.82975387573, -8.14578819275, -6.89955091476, -4.64015197754], [-60.1828727722, 31.4837150574, 17.7135601044, -6.18230772018, -17.6594867706, 27.9976081848, -7.86944723129, -4.34259080887, 130.33946228, 2.79474043846, 20.7304096222, -3.84993314743, -21.7105827332], [4.88850641251, 13.6909637451, -15.9218473434, 13.4174585342, 46.6328468323, -19.9674968719, -3.91494870186, 8.82975387573, 2.79474043846, 124.689331055, 5.96160745621, 6.59425163269, -9.74049854279], [-0.0184201747179, 20.504983902, -28.4007129669, -30.0249099731, -1.63304519653, 29.7037467957, -24.6801433563, -8.14578819275, 20.7304096222, 5.96160745621, 98.3151397705, 5.18754768372, -11.2329721451], [24.6871948242, 7.80684614182, 7.58119773865, -2.13460659981, -15.8905649185, 6.79518651962, 21.4463024139, -6.89955091476, -3.84993314743, 6.59425163269, 5.18754768372, 99.3185958862, 3.79900550842], [-98.0455780029, 50.1007957458, 27.5723571777, 42.0958251953, 30.1269874573, -24.8956985474, 8.93365192413, -4.64015197754, -21.7105827332, -9.74049854279, -11.2329721451, 3.79900550842, 108.158531189]],
        "icov": [[0.00112801149953, 0.00124070653692, 0.000688835512847, 0.000109947221063, 0.000358029705239, -8.30959834275e-05, -7.75032603997e-05, -0.000582224747632, 0.000197846835363, -0.00018520996673, -5.96517129452e-05, -0.000370448105969, 0.000121851779113], [0.00124070653692, 0.00301376683637, 0.00116254657041, -0.000304386339849, 0.00069340353366, 7.78806497692e-05, -0.000604041095357, -0.000404122460168, -0.000337735167705, -0.000440777221229, -0.000550691678654, -0.000359206984285, -0.000743948156014], [0.000688835512847, 0.00116254657041, 0.00316347903572, 0.000169963357621, 0.000261346751358, -3.41609702446e-05, -0.00033074428211, -0.000462242751382, -0.000648203422315, 8.63204477355e-05, 0.000669383560307, -0.000448477367172, -0.000896922894754], [0.000109947221063, -0.000304386339849, 0.000169963357621, 0.00533026270568, -0.00141220737714, 0.000501966336742, 0.000779138121288, -0.000534567574505, -0.000419441523263, -5.93932099946e-06, 0.00167307257652, -0.000419027259341, -0.00135186419357], [0.000358029705239, 0.00069340353366, 0.000261346751358, -0.00141220737714, 0.005515598692, -3.99614837079e-05, 0.000275323312962, 0.00108378764708, 0.000650171772577, -0.00217829737812, -0.000427239981946, 0.00094447482843, -0.00117862212937], [-8.30959834275e-05, 7.78806497692e-05, -3.41609702446e-05, 0.000501966336742, -3.99614837079e-05, 0.00533208297566, -0.000221954760491, 0.000518136192113, -0.000875823898241, 0.000918311532587, -0.00126378273126, -0.000317632802762, 0.000767760968301], [-7.75032603997e-05, -0.000604041095357, -0.00033074428211, 0.000779138121288, 0.000275323312962, -0.000221954760491, 0.00521948607638, 1.97836179723e-05, 0.000253568723565, -8.72952950886e-05, 0.00162063410971, -0.00101448467467, -0.000320448481943], [-0.000582224747632, -0.000404122460168, -0.000462242751382, -0.000534567574505, 0.00108378764708, 0.000518136192113, 1.97836179723e-05, 0.00940214283764, 0.000230933670537, -0.000988116837107, 0.000408675230574, 0.00103390682489, 0.000167910882737], [0.000197846835363, -0.000337735167705, -0.000648203422315, -0.000419441523263, 0.000650171772577, -0.000875823898241, 0.000253568723565, 0.000230933670537, 0.00878375768661, -0.000409110507462, -0.00153361854609, 0.000521234818734, 0.00181927985977], [-0.00018520996673, -0.000440777221229, 8.63204477355e-05, -5.93932099946e-06, -0.00217829737812, 0.000918311532587, -8.72952950886e-05, -0.000988116837107, -0.000409110507462, 0.00932743959129, -0.000550565659069, -0.00105236959644, 0.00153720634989], [-5.96517129452e-05, -0.000550691678654, 0.000669383560307, 0.00167307257652, -0.000427239981946, -0.00126378273126, 0.00162063410971, 0.000408675230574, -0.00153361854609, -0.000550565659069, 0.0122153488919, -0.000922716746572, 3.46161505149e-05], [-0.000370448105969, -0.000359206984285, -0.000448477367172, -0.000419027259341, 0.00094447482843, -0.000317632802762, -0.00101448467467, 0.00103390682489, 0.000521234818734, -0.00105236959644, -0.000922716746572, 0.0108378296718, -0.000566694245208], [0.000121851779113, -0.000743948156014, -0.000896922894754, -0.00135186419357, -0.00117862212937, 0.000767760968301, -0.000320448481943, 0.000167910882737, 0.00181927985977, 0.00153720634989, 3.46161505149e-05, -0.000566694245208, 0.0115213682875]]
    },
    "spectral_contrast_coeffs": {
        "max": [-0.436984449625, -0.473368555307, -0.480768918991, -0.565528988838, -0.545482218266, -0.42092692852],
        "mean": [-0.692983269691, -0.731401622295, -0.754048645496, -0.769963562489, -0.753319740295, -0.590950787067],
        "min": [-0.853856384754, -0.887216210365, -0.915228068829, -0.888169646263, -0.863012552261, -0.783944904804],
        "stdev": [0.0678982436657, 0.0679947435856, 0.0672381073236, 0.0585770756006, 0.0514042079449, 0.0545964948833]
    },
    "spectral_contrast_valleys": {
        "max": [-4.84121513367, -4.84005832672, -6.06472635269, -6.25060129166, -6.00939416885, -9.62816905975],
        "mean": [-6.48475265503, -6.42931652069, -7.42409896851, -7.53160619736, -7.88575935364, -12.6176834106],
        "min": [-8.27334594727, -8.21723651886, -8.93678188324, -8.7652015686, -9.62916564941, -15.8592605591],
        "stdev": [0.50804489851, 0.455303102732, 0.464526325464, 0.452582865953, 0.582407176495, 0.845798492432]
    }
},
"rhythm": {
    "beats_count": 62,
    "beats_loudness": {
        "max": 0.0747494772077,
        "mean": 0.0279546324164,
        "min": 0.00377829116769,
        "stdev": 0.0146944029257
    },
    "bpm": 103.030014038,
    "bpm_histogram_first_peak_bpm": 103,
    "bpm_histogram_first_peak_weight": 0.425531864166,
    "bpm_histogram_second_peak_bpm": 115,
    "bpm_histogram_second_peak_spread": 0.444444477558,
    "bpm_histogram_second_peak_weight": 0.0819672122598,
    "danceability": 1.34149420261,
    "onset_rate": 4.11082077026,
    "beats_loudness_band_ratio": {
        "max": [0.579286873341, 0.842560529709, 0.793389439583, 0.643293380737, 0.661527276039, 0.247430577874],
        "mean": [0.209368139505, 0.381238311529, 0.210603550076, 0.115392513573, 0.110022209585, 0.0360005758703],
        "min": [0.0194334965199, 0.0523865744472, 0.0181455891579, 0.00418904656544, 0.00705014774576, 0.00377549463883],
        "stdev": [0.156640261412, 0.218949586153, 0.180713683367, 0.136691376567, 0.128703549504, 0.0376051329076]
    },
    "beats_position": [0.510838985443, 1.02167797089, 1.54412698746, 2.0549659729, 2.55419492722, 3.07664394379, 3.59909296036, 4.1099319458, 4.63238096237, 5.15482997894, 5.6888885498, 6.28099775314, 6.87310647964, 7.47682523727, 8.09215450287, 8.68426322937, 9.27637195587, 9.86848068237, 10.4489793777, 11.0294780731, 11.6099767685, 12.1904764175, 12.7709751129, 13.3514738083, 13.9203624725, 14.5008611679, 15.0697498322, 15.6734695435, 16.2655773163, 16.8809070587, 17.4962348938, 18.1115646362, 18.7036724091, 19.2957820892, 19.8762817383, 20.45677948, 21.037279129, 21.6177768707, 22.1866664886, 22.7671642303, 23.3592739105, 23.9397735596, 24.5086612701, 25.0775508881, 25.6580486298, 26.2385482788, 26.830657959, 27.4227657318, 28.0032653809, 28.5837631226, 29.1642627716, 29.7447605133, 30.3252601624, 30.9057598114, 31.474647522, 32.0435371399, 32.6240348816, 33.204536438, 33.7850341797, 34.3655319214, 34.9460296631, 35.5265312195],
