{
"metadata": {
    "version": {
        "essentia": "2.1-beta5",
        "essentia_git_sha": "Undefined",
        "extractor": "music 2.0"
    },
    "audio_properties": {
        "analysis": {
            "equal_loudness": 0,
            "length": 29.0017242432,
            "sample_rate": 44100,
            "start_time": 113.731338501,
            "downmix": "mix"
        },
        "bit_rate": 192000,
        "length": 167.880981445,
        "lossless": 0,
        "number_channels": 2,
        "replay_gain": -9.75035476685,
        "sample_rate": 48000,
        "codec": "mp3",
        "md5_encoded": "bdb4b0e0b8aeaed57c3914cc4f9df2b2"
    },
    "tags": {
        "file_name": "Portugal_O Meu Coração Não Tem Cor_Lúcia Moniz.mp3",
        "encoding": ["Lavf58.29.100"]
    }
},
"lowlevel": {
    "average_loudness": 0.978546857834,
    "barkbands_crest": {
        "max": 22.8214130402,
        "mean": 7.4748134613,
        "min": 2.65767407417,
        "stdev": 3.09384822845
    },
    "barkbands_flatness_db": {
        "max": 0.256222754717,
        "mean": 0.131778672338,
        "min": 0.0671071708202,
        "stdev": 0.029651587829
    },
    "barkbands_kurtosis": {
        "max": 44.952091217,
        "mean": 0.838918745518,
        "min": -1.77923774719,
        "stdev": 3.46679520607
    },
    "barkbands_skewness": {
        "max": 5.77318286896,
        "mean": 0.780175983906,
        "min": -2.54430794716,
        "stdev": 0.916135311127
    },
    "barkbands_spread": {
        "max": 78.8733520508,
        "mean": 24.4664993286,
        "min": 4.15508270264,
        "stdev": 9.66998100281
    },
    "dissonance": {
        "max": 0.5,
        "mean": 0.476057946682,
        "min": 0.395891934633,
        "stdev": 0.017164606601
    },
    "dynamic_complexity": 1.75714576244,
    "erbbands_crest": {
        "max": 22.950088501,
        "mean": 8.31463432312,
        "min": 2.47159004211,
        "stdev": 3.52869582176
    },
    "erbbands_flatness_db": {
        "max": 0.302940428257,
        "mean": 0.189138427377,
        "min": 0.0893461182714,
        "stdev": 0.0355503894389
    },
    "erbbands_kurtosis": {
        "max": 9.45425510406,
        "mean": -0.145655035973,
        "min": -1.74871957302,
        "stdev": 1.07869648933
    },
    "erbbands_skewness": {
        "max": 2.34826517105,
        "mean": -0.0448380708694,
        "min": -2.96499896049,
        "stdev": 0.621710181236
    },
    "erbbands_spread": {
        "max": 117.780479431,
        "mean": 35.0001449585,
        "min": 8.04213237762,
        "stdev": 13.7032680511
    },
    "hfc": {
        "max": 142.649612427,
        "mean": 23.9169845581,
        "min": 1.39521110058,
        "stdev": 18.3817405701
    },
    "loudness_ebu128": {
        "integrated": -14.0014743805,
        "loudness_range": 1.42442798615,
        "momentary": {
            "max": -11.5725288391,
            "mean": -14.1177692413,
            "min": -16.6947059631,
            "stdev": 1.00028789043
        },
        "short_term": {
            "max": -12.953086853,
            "mean": -13.9826049805,
            "min": -14.9510154724,
            "stdev": 0.512974321842
        }
    },
    "melbands_crest": {
        "max": 27.7956924438,
        "mean": 10.4144983292,
        "min": 3.16860485077,
        "stdev": 3.99775505066
    },
    "melbands_flatness_db": {
        "max": 0.327902644873,
        "mean": 0.14239667356,
        "min": 0.0254006553441,
        "stdev": 0.0526742003858
    },
    "melbands_kurtosis": {
        "max": 126.716537476,
        "mean": 5.31439971924,
        "min": -1.75488257408,
        "stdev": 8.98937320709
    },
    "melbands_skewness": {
        "max": 8.44770431519,
        "mean": 1.72992575169,
        "min": -0.708023667336,
        "stdev": 1.15890645981
    },
    "melbands_spread": {
        "max": 164.614440918,
        "mean": 34.4936256409,
        "min": 2.38580727577,
        "stdev": 18.4847259521
    },
    "pitch_salience": {
        "max": 0.817843496799,
        "mean": 0.607999384403,
        "min": 0.233125239611,
        "stdev": 0.0865438506007
    },
    "silence_rate_20dB": {
        "max": 1,
        "mean": 1,
        "min": 1,
        "stdev": 0
    },
    "silence_rate_30dB": {
        "max": 1,
        "mean": 1,
        "min": 1,
        "stdev": 0
    },
    "silence_rate_60dB": {
        "max": 0,
        "mean": 0,
        "min": 0,
        "stdev": 0
    },
    "spectral_centroid": {
        "max": 4878.74902344,
        "mean": 1834.41479492,
        "min": 342.589508057,
        "stdev": 650.49810791
    },
    "spectral_complexity": {
        "max": 51,
        "mean": 23.4304008484,
        "min": 4,
        "stdev": 8.43784999847
    },
    "spectral_decrease": {
        "max": -6.65327515303e-10,
        "mean": -4.67217287081e-09,
        "min": -1.77024439552e-08,
        "stdev": 2.94119595345e-09
    },
    "spectral_energy": {
        "max": 0.0784118548036,
        "mean": 0.0198032017797,
        "min": 0.00289071002044,
        "stdev": 0.0121849812567
    },
    "spectral_energyband_high": {
        "max": 0.0213700141758,
        "mean": 0.000881411368027,
        "min": 1.54620174726e-05,
        "stdev": 0.00121148023754
    },
    "spectral_energyband_low": {
        "max": 0.0570487007499,
        "mean": 0.00327617675066,
        "min": 4.50951938546e-06,
        "stdev": 0.00487973866984
    },
    "spectral_energyband_middle_high": {
        "max": 0.0467313341796,
        "mean": 0.00777560565621,
        "min": 0.00022792290838,
        "stdev": 0.00740830041468
    },
    "spectral_energyband_middle_low": {
        "max": 0.06136392802,
        "mean": 0.00860009435564,
        "min": 0.000148542079842,
        "stdev": 0.0075467126444
    },
    "spectral_entropy": {
        "max": 8.53785419464,
        "mean": 7.66788291931,
        "min": 6.76490736008,
        "stdev": 0.274259418249
    },
    "spectral_flux": {
        "max": 0.256151795387,
        "mean": 0.0870321467519,
        "min": 0.0295020677149,
        "stdev": 0.0352731272578
    },
    "spectral_kurtosis": {
        "max": 13.1015739441,
        "mean": 3.50149464607,
        "min": -0.729119777679,
        "stdev": 1.96321952343
    },
    "spectral_rms": {
        "max": 0.0087463920936,
        "mean": 0.00420531351119,
        "min": 0.00167934654746,
        "stdev": 0.00127886945847
    },
    "spectral_rolloff": {
        "max": 10680.46875,
        "mean": 2360.38452148,
        "min": 150.732421875,
        "stdev": 1410.8013916
    },
    "spectral_skewness": {
        "max": 2.93192362785,
        "mean": 1.26505160332,
        "min": -0.228722989559,
        "stdev": 0.310937792063
    },
    "spectral_spread": {
        "max": 11725557,
        "mean": 3825082.25,
        "min": 2077184,
        "stdev": 1092598.5
    },
    "spectral_strongpeak": {
        "max": 9.7701997757,
        "mean": 1.29071700573,
        "min": 0.0174768958241,
        "stdev": 1.42188870907
    },
    "zerocrossingrate": {
        "max": 0.28955078125,
        "mean": 0.0806015655398,
        "min": 0.015625,
        "stdev": 0.0356913469732
    },
    "barkbands": {
        "max": [0.000989690190181, 0.0317480638623, 0.0210223589092, 0.020377472043, 0.0475580990314, 0.0329677574337, 0.0508093647659, 0.0176802836359, 0.0246340278536, 0.0178913958371, 0.0122071066871, 0.0155161060393, 0.0156896207482, 0.0189050342888, 0.0151912085712, 0.014060840942, 0.0151871638373, 0.00978654902428, 0.0121297845617, 0.00511563802138, 0.00530010508373, 0.0100524062291, 0.00609472766519, 0.0021824403666, 0.00151738629211, 6.36009935988e-05, 3.26898913272e-07],
        "mean": [5.7286953961e-05, 0.0011620298028, 0.00148201326374, 0.000885092420503, 0.00194908585399, 0.00153430027422, 0.00207503233105, 0.000868076633196, 0.00106217013672, 0.000914117787033, 0.000507699325681, 0.000651109439787, 0.000718473922461, 0.000801871006843, 0.00113791530021, 0.00079317233758, 0.000658080040012, 0.000683742808178, 0.000760754046496, 0.00042176846182, 0.000184222648386, 0.000170909930603, 0.000168295329786, 0.000114612696052, 3.98225420213e-05, 1.55143038683e-06, 1.08606290627e-09],
        "min": [1.27949704165e-07, 3.92613685563e-07, 1.54764649096e-07, 1.19458633208e-07, 3.67463690054e-06, 2.06674644687e-06, 6.39331574348e-06, 6.58460294289e-06, 1.28417768792e-05, 8.60297495819e-06, 3.81214817935e-06, 6.95005246598e-06, 3.33167531608e-06, 4.02823297918e-06, 1.26828772409e-05, 9.63876846072e-06, 4.80687549498e-06, 6.44552028461e-06, 5.83813380217e-06, 2.95452218779e-06, 3.02621151604e-06, 1.69160534824e-06, 9.10660219233e-07, 5.51299933704e-07, 1.61182484248e-07, 3.74383279933e-09, 1.81647041159e-11],
        "stdev": [9.00465674931e-05, 0.0019408656517, 0.00247788988054, 0.00179251492955, 0.00277734268457, 0.00263294507749, 0.00434430176392, 0.00164674816187, 0.00187464605551, 0.00159044098109, 0.00108042452484, 0.00147414009552, 0.00146185047925, 0.0017210021615, 0.00196046056226, 0.0013464972144, 0.00111062277574, 0.000931532355025, 0.00101076217834, 0.000556714250706, 0.000282748165773, 0.000431803811807, 0.000304308079649, 0.00020100454276, 9.71918343566e-05, 3.75093077309e-06, 1.10520934626e-08]
    },
    "erbbands": {
        "max": [0.646811544895, 8.89961147308, 26.4868946075, 73.8231735229, 63.8603363037, 237.455474854, 103.599990845, 424.673736572, 724.26953125, 550.947937012, 372.959625244, 490.986633301, 520.587097168, 611.684448242, 502.13684082, 744.689208984, 876.493286133, 784.886962891, 924.815063477, 836.128173828, 969.55682373, 879.099914551, 656.319274902, 859.960266113, 398.187011719, 350.241424561, 159.887039185, 286.034057617, 331.437805176, 291.227081299, 168.404571533, 72.6894989014, 52.4167366028, 23.4094257355, 15.2530727386, 0.891248524189, 0.0235777851194, 0.00144591066055, 0.000189506798051, 0.00011615738913],
        "mean": [0.0273790918291, 0.294887900352, 1.41170406342, 2.87311840057, 3.85136723518, 7.74488592148, 7.31548690796, 15.7659511566, 28.9486255646, 23.2542057037, 18.5180969238, 25.6963062286, 25.3386306763, 31.1963787079, 20.867773056, 27.3224601746, 35.6324157715, 35.4272460938, 59.3100013733, 50.4972915649, 41.5753173828, 36.2370414734, 40.0357513428, 41.7894287109, 30.7210597992, 19.5491275787, 10.5228729248, 6.34162425995, 5.79681158066, 5.38808202744, 4.65882110596, 2.54395866394, 1.89961349964, 0.647232294083, 0.205607056618, 0.023553410545, 0.00063132197829, 4.41581978521e-05, 1.8268419808e-05, 2.64690897893e-05],
        "min": [1.31189290187e-05, 7.28579179849e-05, 0.000281929882476, 0.000774168351199, 0.00314897834323, 0.0152418538928, 0.0165735986084, 0.0686276331544, 0.145569056273, 0.171868443489, 0.301780253649, 0.314696282148, 0.272434234619, 0.497473299503, 0.237257912755, 0.640629768372, 0.280303746462, 0.294995605946, 0.407718598843, 0.40090316534, 0.532644093037, 0.316027402878, 0.242604598403, 0.451868712902, 0.184566169977, 0.144665673375, 0.18251568079, 0.0431304983795, 0.0724190622568, 0.0474681183696, 0.0248849224299, 0.0126299504191, 0.00756721943617, 0.00311694550328, 0.000745845609345, 0.000146522928844, 7.93597610027e-06, 6.94096002007e-07, 2.08370533983e-06, 3.66769745597e-06],
        "stdev": [0.0451585538685, 0.504969954491, 2.28018188477, 5.42881011963, 5.43354272842, 12.9810771942, 9.61620426178, 30.75922966, 60.3614044189, 42.4755554199, 33.5884094238, 43.9974784851, 43.1808052063, 59.1367149353, 40.450138092, 60.0467758179, 70.873085022, 64.6917495728, 98.2754440308, 77.4309539795, 72.3528518677, 59.5156745911, 55.5577812195, 57.1128845215, 39.1284790039, 28.5563182831, 13.6470489502, 12.2495193481, 14.8429002762, 13.4413232803, 8.02522468567, 4.19501638412, 4.00456476212, 1.54740345478, 0.588033556938, 0.0530316829681, 0.00137199298479, 8.13027145341e-05, 1.4526396626e-05, 1.57384201884e-05]
    },
    "gfcc": {
        "mean": [-4.13728952408, 93.0679473877, -167.283081055, 45.2833824158, -78.0170669556, 13.3406705856, -47.2408981323, 8.21154022217, -15.3212718964, -6.72841930389, -1.27302026749, -13.2824516296, 0.735195219517],
        "cov": [[1164.46142578, -236.101425171, -59.9761886597, 42.858291626, -70.3800735474, 25.0860977173, -40.3651695251, 64.6277542114, -28.3479747772, 9.43407344818, -16.9698562622, -20.350358963, -49.723739624], [-236.101425171, 1682.32080078, 842.407043457, 447.912078857, 515.193237305, -71.720375061, 148.545043945, -277.679870605, -86.1608886719, -170.929962158, 50.3094062805, -55.7734680176, 76.6026229858], [-59.9761886597, 842.407043457, 1053.85754395, 422.902770996, 211.5675354, 118.029785156, 6.6453962326, -111.605644226, -83.5643005371, -56.0790176392, -66.828086853, 0.292565494776, 21.5711994171], [42.858291626, 447.912078857, 422.902770996, 373.431304932, 185.531280518, 20.2272109985, 39.5412063599, -81.9751205444, -2.16494178772, -57.9825935364, -21.5332298279, -17.2147445679, 19.7060852051], [-70.3800735474, 515.193237305, 211.5675354, 185.531280518, 325.988037109, 37.2711219788, 46.8399429321, -60.4844245911, -9.26414203644, -43.8960762024, -21.8409118652, -44.588470459, 39.1431159973], [25.0860977173, -71.720375061, 118.029785156, 20.2272109985, 37.2711219788, 182.478652954, 48.8135681152, 23.7516117096, -29.5583114624, 22.0205421448, -32.2629585266, 0.782830178738, -5.97064161301], [-40.3651695251, 148.545043945, 6.6453962326, 39.5412063599, 46.8399429321, 48.8135681152, 159.654174805, -8.55388641357, -19.693649292, -24.55352211, 42.1522140503, 0.0112099200487, 4.71403217316], [64.6277542114, -277.679870605, -111.605644226, -81.9751205444, -60.4844245911, 23.7516117096, -8.55388641357, 141.585632324, 39.2533149719, 36.9209747314, -20.3973007202, 7.00569915771, -12.2091560364], [-28.3479747772, -86.1608886719, -83.5643005371, -2.16494178772, -9.26414203644, -29.5583114624, -19.693649292, 39.2533149719, 102.428146362, 30.38722229, -3.97212338448, -4.06522035599, 0.959594607353], [9.43407344818, -170.929962158, -56.0790176392, -57.9825935364, -43.8960762024, 22.0205421448, -24.55352211, 36.9209747314, 30.38722229, 85.7167510986, 1.13889956474, 1.5611281395, -10.4913072586], [-16.9698562622, 50.3094062805, -66.828086853, -21.5332298279, -21.8409118652, -32.2629585266, 42.1522140503, -20.3973007202, -3.97212338448, 1.13889956474, 114.935424805, 27.11951828, -1.65555417538], [-20.350358963, -55.7734680176, 0.292565494776, -17.2147445679, -44.588470459, 0.782830178738, 0.0112099200487, 7.00569915771, -4.06522035599, 1.5611281395, 27.11951828, 70.7076034546, 17.020275116], [-49.723739624, 76.6026229858, 21.5711994171, 19.7060852051, 39.1431159973, -5.97064161301, 4.71403217316, -12.2091560364, 0.959594607353, -10.4913072586, -1.65555417538, 17.020275116, 59.1411895752]],
        "icov": [[0.00107439956628, -0.000502456387039, 0.000804177077953, -0.00126857822761, 0.000911370909307, -0.000805493677035, 0.001019830117, -0.00119015737437, 0.00110013585072, -0.000303940294543, -4.30591935583e-05, 0.000262573274085, 0.000523458758835], [-0.000502456387039, 0.0088659003377, -0.00789487920702, 0.00606283452362, -0.0103409104049, 0.00969578325748, -0.00791900325567, 0.0073964651674, -0.0027902261354, 0.00430298224092, -0.0030994429253, 0.00216344348155, -0.000966158404481], [0.000804177077953, -0.00789487920702, 0.0094450218603, -0.00834277365357, 0.0092565594241, -0.00973521731794, 0.0081404959783, -0.00659147836268, 0.00453009968624, -0.00434836745262, 0.00320586771704, -0.00261070742272, 0.00111405306961], [-0.00126857822761, 0.00606283452362, -0.00834277365357, 0.0124130230397, -0.00933127477765, 0.00756389740855, -0.00744157051668, 0.00748129189014, -0.00635340344161, 0.00532573275268, -0.00144193135202, 0.000879442843143, -0.000180996445124], [0.000911370909307, -0.0103409104049, 0.0092565594241, -0.00933127477765, 0.0178933292627, -0.0127323241904, 0.0090459594503, -0.00821506883949, 0.003125799587, -0.00394299998879, 0.00302120461129, 0.00182471401058, -0.00284268031828], [-0.000805493677035, 0.00969578325748, -0.00973521731794, 0.00756389740855, -0.0127323241904, 0.0201286934316, -0.0129441935569, 0.00668613938615, -0.000245651812293, 5.70723677811e-05, 0.000562576926313, -1.40079873745e-05, 0.000699863070622], [0.001019830117, -0.00791900325567, 0.0081404959783, -0.00744157051668, 0.0090459594503, -0.0129441935569, 0.0173379387707, -0.00807526987046, 0.00365381781012, -0.000464861775981, -0.0026343674399, 6.60335208522e-05, 4.744000762e-05], [-0.00119015737437, 0.0073964651674, -0.00659147836268, 0.00748129189014, -0.00821506883949, 0.00668613938615, -0.00807526987046, 0.0175886955112, -0.00714727677405, 0.00239539286122, 0.0003719010856, -0.000350898772012, 0.000369673827663], [0.00110013585072, -0.0027902261354, 0.00453009968624, -0.00635340344161, 0.003125799587, -0.000245651812293, 0.00365381781012, -0.00714727677405, 0.0171824526042, -0.00738621270284, 0.00142199499533, -6.99794763932e-05, -0.000385823688703], [-0.000303940294543, 0.00430298224092, -0.00434836745262, 0.00532573275268, -0.00394299998879, 5.70723677811e-05, -0.000464861775981, 0.00239539286122, -0.00738621270284, 0.0204595867544, -0.00472861016169, 0.00285208714195, -7.43924465496e-05], [-4.30591935583e-05, -0.0030994429253, 0.00320586771704, -0.00144193135202, 0.00302120461129, 0.000562576926313, -0.0026343674399, 0.0003719010856, 0.00142199499533, -0.00472861016169, 0.0153110222891, -0.00745031703264, 0.00334427319467], [0.000262573274085, 0.00216344348155, -0.00261070742272, 0.000879442843143, 0.00182471401058, -1.40079873745e-05, 6.60335208522e-05, -0.000350898772012, -6.99794763932e-05, 0.00285208714195, -0.00745031703264, 0.0223766043782, -0.00935031566769], [0.000523458758835, -0.000966158404481, 0.00111405306961, -0.000180996445124, -0.00284268031828, 0.000699863070622, 4.744000762e-05, 0.000369673827663, -0.000385823688703, -7.43924465496e-05, 0.00334427319467, -0.00935031566769, 0.0230564344674]]
    },
    "melbands": {
        "max": [0.00584120396525, 0.0133104501292, 0.00975337531418, 0.0117111727595, 0.00348563818261, 0.00814313162118, 0.0112725561485, 0.00510314712301, 0.00283579528332, 0.00348273315467, 0.00276822247542, 0.0025482759811, 0.00189659255557, 0.00221861083992, 0.0025235649664, 0.00174950785004, 0.0015423942823, 0.00166785123292, 0.00144605583046, 0.00105043465737, 0.00132618052885, 0.00099259102717, 0.000764523865655, 0.000434563902672, 0.000850328535307, 0.000359989848221, 0.000273538404144, 0.000232187012443, 0.000159437331604, 0.000108277134132, 0.00018728581199, 0.00017063440464, 0.000233612314332, 0.000125428734464, 9.26745997276e-05, 9.39193196245e-05, 2.55245595326e-05, 4.25381876994e-05, 3.91519351979e-05, 1.78397112904e-05],
        "mean": [0.000285639223875, 0.000633814546745, 0.000496156862937, 0.000434031739132, 0.000275582075119, 0.00033716429607, 0.000451565370895, 0.000241712783463, 0.000145325233461, 0.000162828146131, 0.000123656660435, 0.000127498191432, 6.75306946505e-05, 6.63043028908e-05, 7.51204643166e-05, 7.45245779399e-05, 6.55136609566e-05, 9.1606460046e-05, 9.0496512712e-05, 5.48569732928e-05, 4.71770072181e-05, 3.63453764294e-05, 4.09867716371e-05, 3.03309952869e-05, 3.54398544005e-05, 2.36158666667e-05, 1.74829692696e-05, 1.21617340483e-05, 7.2019779509e-06, 4.25956750405e-06, 3.56097325493e-06, 3.32970944328e-06, 3.06235256176e-06, 2.98316763292e-06, 2.7804653655e-06, 2.2731160243e-06, 1.23229665405e-06, 1.46344927998e-06, 9.03907164229e-07, 4.35595808312e-07],
        "min": [2.15116884306e-07, 3.25354648112e-07, 2.61492147047e-07, 6.29685814602e-07, 6.41715757865e-07, 1.35221898745e-06, 1.30642217755e-06, 1.83100678441e-06, 1.81037137281e-06, 1.42839860473e-06, 1.18672858207e-06, 9.78954176389e-07, 5.8940844383e-07, 8.6907732566e-07, 3.8390456325e-07, 4.91790672186e-07, 4.69764302125e-07, 4.95013182444e-07, 7.61231490287e-07, 6.13550753314e-07, 5.02038631112e-07, 2.56063714232e-07, 1.35446242666e-07, 2.8935443197e-07, 3.64237394024e-07, 9.48399332401e-08, 1.16973190245e-07, 8.71135625857e-08, 1.05979999887e-07, 4.36646168112e-08, 1.73100307421e-08, 3.05493443875e-08, 2.97144300276e-08, 2.21996927507e-08, 1.58978359366e-08, 9.32165544754e-09, 4.88842211155e-09, 5.17662401833e-09, 4.09138412039e-09, 1.43031486655e-09],
        "stdev": [0.000455828849226, 0.000993649940938, 0.000824271701276, 0.000658957462292, 0.000351721624611, 0.000622165156528, 0.000935322663281, 0.000431496708188, 0.000256051745964, 0.00028911177651, 0.000223029783228, 0.000244027105509, 0.000143193363328, 0.00015008894843, 0.00016543197853, 0.000155457877554, 0.000132610890432, 0.000166770842043, 0.000157288712217, 9.46729196585e-05, 9.10351227503e-05, 6.6496017098e-05, 6.49186913506e-05, 4.18390191044e-05, 5.32993071829e-05, 3.49383772118e-05, 2.26719985221e-05, 2.01566290343e-05, 1.05071667349e-05, 6.1422510953e-06, 7.77881359681e-06, 7.94219249656e-06, 9.50855792325e-06, 6.76112449582e-06, 4.81090592075e-06, 4.25679991167e-06, 2.01570446734e-06, 3.06727588395e-06, 2.26944280257e-06, 1.06785296339e-06]
    },
    "melbands128": {
        "max": [0.000843569461722, 0.00535676022992, 0.00716554978862, 0.0187030471861, 0.0177097208798, 0.0140617005527, 0.0192391667515, 0.00977880507708, 0.00499956682324, 0.0149178495631, 0.0162993054837, 0.00489224679768, 0.00466834753752, 0.00356070720591, 0.0134379155934, 0.00930969789624, 0.0105142882094, 0.0196174122393, 0.00975216180086, 0.00789526477456, 0.00602261535823, 0.00678848708048, 0.00358296441846, 0.00463360687718, 0.00494137732312, 0.00728226779029, 0.00724728824571, 0.00389769719914, 0.00451281154528, 0.00327918445691, 0.00401008501649, 0.00228142132983, 0.00380407087505, 0.00219205138274, 0.0050483206287, 0.00360449915752, 0.00356635963544, 0.00467895157635, 0.00188442273065, 0.00415650010109, 0.00378351099789, 0.00132038909942, 0.00277506955899, 0.00241673109122, 0.00415206840262, 0.00287273735739, 0.00320430635475, 0.00287497695535, 0.00248923618346, 0.00230472045951, 0.00171565683559, 0.00212381058373, 0.00297943386249, 0.00150119327009, 0.0011008665897, 0.00180880690459, 0.00204799300991, 0.00113796722144, 0.000823894923087, 0.00143498624675, 0.000580524269026, 0.00053410360124, 0.00168317952193, 0.000797455315478, 0.000685261213221, 0.000693890498951, 0.000698477320839, 0.000562691362575, 0.000254879123531, 0.000482413568534, 0.000429275532952, 0.000225578085519, 0.000209809295484, 0.000271590368357, 9.25794156501e-05, 0.000101532816188, 0.000109787310066, 0.000191640196135, 0.000230630044825, 0.000141997530591, 0.00012973457342, 0.000280775188003, 0.000203017392778, 0.00026694018743, 0.000293905148283, 0.00015405305021, 0.000113086287456, 0.000115766371891, 7.75134903961e-05, 9.62274571066e-05, 0.000120075121231, 9.43922059378e-05, 3.794377335e-05, 2.62508419837e-05, 1.6997784769e-05, 5.00807582284e-05, 5.66461239941e-05, 3.83108053938e-05, 4.92872823088e-05, 3.58080360456e-05, 3.39082289429e-05, 1.19292581076e-05, 1.3635477444e-05, 2.25382445933e-05, 3.83535007131e-05, 6.519825547e-06, 4.12604504163e-06, 2.91549667963e-06, 4.79182006075e-07, 7.92443533015e-09, 2.70665845292e-09, 2.44568743035e-09, 2.22534524141e-09, 2.05752015425e-09, 1.91197324639e-09, 1.79294235014e-09, 1.69628433522e-09, 1.61275981458e-09, 1.53096257893e-09, 1.4654814029e-09, 1.4133928472e-09, 1.35398525725e-09, 1.31030264416e-09, 1.28574029201e-09, 1.25243548865e-09, 1.22683296855e-09, 1.21150467436e-09, 1.20262322323e-09],
        "mean": [4.60790179204e-05, 0.00018865551101, 0.000369649467757, 0.00050193577772, 0.000646650150884, 0.000760143972002, 0.00063910119934, 0.000359586323611, 0.000335600459948, 0.000521172187291, 0.000457424641354, 0.000287189614028, 0.000227699492825, 0.000231482219533, 0.000389690540032, 0.000356114818715, 0.00035467982525, 0.000589427771047, 0.000433692301158, 0.000198082110728, 0.000197893896257, 0.000173593594809, 0.000130410320708, 0.000114283539006, 0.000185700206202, 0.000181610215805, 0.000124298647279, 0.000122159821331, 0.000114602051326, 0.000128134095576, 0.000158907991135, 6.72836322337e-05, 5.46300725546e-05, 7.31234176783e-05, 6.1660859501e-05, 5.67511560803e-05, 8.74967663549e-05, 7.14685957064e-05, 6.50269066682e-05, 9.79506585281e-05, 7.30787287466e-05, 4.99387460877e-05, 5.30459037691e-05, 7.96112799435e-05, 9.35168063734e-05, 7.16801368981e-05, 0.000121693446999, 0.0001135985367, 5.8949823142e-05, 6.48504646961e-05, 4.95783278893e-05, 5.37020750926e-05, 5.07443837705e-05, 3.89663946407e-05, 5.12227125e-05, 2.95515619655e-05, 3.07831505779e-05, 4.42118289357e-05, 4.30260879511e-05, 3.89109809475e-05, 2.75582842733e-05, 2.32494367083e-05, 4.07802363043e-05, 4.00217577408e-05, 2.45891587838e-05, 2.13369057747e-05, 2.51460733125e-05, 2.2566789994e-05, 1.39115618367e-05, 1.23966674437e-05, 1.44537370943e-05, 1.08352905954e-05, 8.24589096737e-06, 6.95009384799e-06, 5.39055781701e-06, 4.61547597297e-06, 3.57644853466e-06, 3.14145790981e-06, 3.30670923177e-06, 4.69058204544e-06, 2.86441263597e-06, 3.24513507621e-06, 3.080355782e-06, 3.14083354169e-06, 2.82692030851e-06, 3.09898769046e-06, 2.96220855489e-06, 2.99052112496e-06, 2.81513416667e-06, 2.46421973316e-06, 2.83634244624e-06, 2.07765924642e-06, 1.6965298073e-06, 1.00906254374e-06, 1.00972738437e-06, 1.58811565143e-06, 1.54584074608e-06, 1.38884172429e-06, 9.9873398085e-07, 6.17319301455e-07, 4.54707304698e-07, 4.63066982093e-07, 3.127965158e-07, 3.158714037e-07, 2.51194052225e-07, 1.48319657001e-07, 1.05879443879e-07, 7.03222440279e-08, 1.06829833868e-08, 5.9551377718e-11, 7.82642960856e-12, 9.27239882098e-12, 1.38844239925e-11, 1.24148573366e-11, 1.08725415823e-11, 8.48539554593e-12, 6.09831195958e-12, 5.13147207018e-12, 4.93109676356e-12, 4.76473678221e-12, 4.62326140913e-12, 4.48934509359e-12, 4.37964681882e-12, 4.29553354692e-12, 4.19159542145e-12, 4.08310798367e-12, 4.01714859294e-12, 3.98784998079e-12],
        "min": [1.69810796535e-08, 1.10439941636e-07, 1.71864343201e-07, 5.89154183217e-08, 5.68861722172e-08, 9.62913304647e-08, 5.59920749765e-08, 6.32118641875e-08, 8.52909423088e-08, 2.00825226671e-07, 3.05366370412e-07, 4.65937347371e-07, 2.62618868874e-07, 1.40016254591e-07, 1.63497517747e-07, 3.68631305037e-07, 1.15740272122e-06, 7.08552590822e-07, 1.1549922192e-06, 7.18942715139e-07, 2.26620286981e-07, 8.76191904808e-07, 4.93701463711e-07, 4.63309731913e-07, 6.91388038376e-07, 3.14591716233e-07, 4.06423652066e-07, 3.83869263487e-07, 1.96987230083e-07, 3.06841883457e-07, 3.59214396894e-07, 2.22613266487e-07, 2.91883054615e-07, 6.08883112818e-08, 1.07586096476e-07, 1.38172680408e-07, 4.28032677746e-07, 1.44991389561e-07, 7.6848031938e-08, 2.46252767511e-07, 2.1662563654e-07, 1.5280562593e-07, 5.15815621327e-08, 7.44106785078e-08, 1.15113053312e-07, 1.7536085295e-07, 5.01775218709e-07, 9.56604040425e-08, 4.61267646301e-08, 2.41590015548e-07, 1.05893050772e-07, 3.30029934048e-07, 4.4273249955e-08, 1.44789709111e-07, 2.99712326068e-07, 1.14650852368e-07, 6.01275260692e-08, 5.55607506669e-08, 1.95933154146e-07, 1.15990268057e-07, 1.85066269864e-07, 5.11780555712e-08, 1.21470620229e-07, 1.39784233966e-07, 9.09168136332e-08, 6.53627267866e-08, 9.07004604755e-08, 8.47293577522e-08, 5.15536058288e-08, 1.00388234614e-07, 7.14676318125e-08, 3.38552723633e-08, 6.10694641523e-08, 3.67644545918e-08, 4.94672427465e-08, 1.84520470015e-08, 3.77509934424e-09, 1.4820592753e-08, 9.72913216657e-09, 7.18794135324e-09, 6.54408127687e-09, 1.44864884533e-08, 8.58087734201e-09, 1.60296291796e-08, 4.43590542076e-09, 8.64200622175e-09, 1.05676098983e-08, 6.3906635539e-09, 1.49929313409e-08, 1.03653947647e-08, 6.78603395698e-09, 8.01183297483e-09, 5.05909181214e-09, 1.13591558382e-09, 1.80820969309e-09, 2.64030330932e-09, 2.99114311098e-09, 4.52691217845e-09, 7.17510051373e-10, 5.13807815739e-11, 5.46051093231e-10, 3.66421004649e-10, 3.61360386059e-10, 3.54335616404e-10, 9.69552008123e-11, 4.17135798125e-10, 3.62116420183e-10, 1.35252517519e-10, 8.97908570413e-12, 1.11413394515e-13, 7.38746628974e-14, 6.66660601506e-14, 4.96416906334e-14, 4.67258847445e-14, 6.09525721996e-14, 5.46181989339e-14, 5.44020259613e-14, 5.74233586029e-14, 5.2625387907e-14, 5.26507243565e-14, 5.96387766645e-14, 7.01321935096e-14, 6.95820151172e-14, 6.63173942844e-14, 4.26713413139e-14, 1.71781500428e-14, 2.11711882936e-15, 8.21017984641e-17],
        "stdev": [7.77797758929e-05, 0.000345295818988, 0.000628441106528, 0.000955055060331, 0.00113504042383, 0.00134554132819, 0.00131596671417, 0.000744260731153, 0.000526430783793, 0.000882862659637, 0.000887353380676, 0.000474547239719, 0.000384569197195, 0.00038031800068, 0.000937134784181, 0.000781609152909, 0.0008253394044, 0.00155688484665, 0.00100292870775, 0.000534727878403, 0.000431179854786, 0.000486294389702, 0.000267330004135, 0.000256524625001, 0.000411752989748, 0.000415443646489, 0.000360025122063, 0.000268339237664, 0.000318457954563, 0.000276677921647, 0.00039484014269, 0.000175041219336, 0.000220836867811, 0.000172546700924, 0.000232898470131, 0.000186249133549, 0.000260317028733, 0.00025287270546, 0.000161093033967, 0.000286102469545, 0.000210881611565, 0.000132313522045, 0.000165856545209, 0.000181802097359, 0.000287712406134, 0.000192391482415, 0.000275793892797, 0.000268338073511, 0.000157915143063, 0.000158347887918, 0.000114757509436, 0.000139913827297, 0.000164246579516, 9.4643131888e-05, 0.000113507194328, 8.18657063064e-05, 8.84099499672e-05, 9.09713999135e-05, 8.18569242256e-05, 8.95644843695e-05, 5.24710776517e-05, 4.33659552073e-05, 8.75765908859e-05, 6.95621856721e-05, 4.67956488137e-05, 4.99811212649e-05, 4.58136928501e-05, 3.82582184102e-05, 2.3620106731e-05, 3.08502094413e-05, 3.33334537572e-05, 1.96371656784e-05, 1.44081895996e-05, 1.4543657926e-05, 9.58890814218e-06, 7.11342090653e-06, 6.40447296973e-06, 7.83038012742e-06, 9.20456022868e-06, 8.63858804223e-06, 6.80087805449e-06, 1.03904521893e-05, 8.96941037354e-06, 1.02976600829e-05, 1.0614787243e-05, 7.77486275183e-06, 6.40688313069e-06, 6.50102583677e-06, 5.165984021e-06, 4.72195915791e-06, 5.89415594732e-06, 4.27873283115e-06, 3.24847883348e-06, 1.96110045181e-06, 1.80537278993e-06, 3.23070798913e-06, 3.82115285902e-06, 3.25973974213e-06, 2.64476125267e-06, 1.78712309662e-06, 1.47053185628e-06, 1.08074380023e-06, 8.48693844091e-07, 9.41854125358e-07, 1.18880325317e-06, 3.59700436547e-07, 2.37176138285e-07, 1.69492267332e-07, 2.95512876392e-08, 3.08806619165e-10, 9.14421177667e-11, 8.37712260671e-11, 9.31552057715e-11, 7.94888599387e-11, 7.40976863201e-11, 6.26152393823e-11, 5.83515874508e-11, 5.42678089965e-11, 5.16043041632e-11, 4.94750317104e-11, 4.77654339692e-11, 4.58644580648e-11, 4.44120018539e-11, 4.35404108601e-11, 4.25034139828e-11, 4.16649284518e-11, 4.11542674938e-11, 4.08471763358e-11]
    },
    "mfcc": {
        "mean": [-619.811035156, 99.5895767212, -23.9232769012, 17.4472885132, -2.62550115585, -4.67711925507, -9.58791732788, 0.804510474205, -8.10281467438, 6.27715110779, -3.08557963371, -1.81630766392, -1.71072947979],
        "cov": [[1311.26477051, -492.202423096, -235.698532104, -128.60017395, -115.387825012, -120.945709229, -44.3799209595, 8.4015750885, -40.3388977051, 66.8515777588, 27.4987926483, 19.4981899261, -31.0902194977], [-492.202423096, 1312.03039551, 427.671173096, 505.903076172, 307.30859375, 232.664413452, 186.622253418, 4.6263833046, -24.0895404816, -123.048660278, -108.914283752, -32.3571853638, -1.31745505333], [-235.698532104, 427.671173096, 803.450134277, 293.723144531, 197.170883179, 189.000839233, 84.6125869751, 17.2698402405, 31.1921291351, -97.6769943237, -58.4748420715, -0.340063273907, 23.2580070496], [-128.60017395, 505.903076172, 293.723144531, 439.360900879, 196.950378418, 135.299972534, 50.2267112732, 21.6466293335, 5.00537586212, -44.5213737488, -82.5441665649, -3.7945857048, 7.75463247299], [-115.387825012, 307.30859375, 197.170883179, 196.950378418, 279.118530273, 108.078147888, 26.7072353363, -10.8851671219, 65.5836715698, -20.6878261566, -30.6817893982, -19.630355835, -4.23118972778], [-120.945709229, 232.664413452, 189.000839233, 135.299972534, 108.078147888, 208.480667114, 96.163269043, 9.70488166809, 32.0470581055, -41.6148147583, -6.65090036392, -15.8835220337, -14.4581441879], [-44.3799209595, 186.622253418, 84.6125869751, 50.2267112732, 26.7072353363, 96.163269043, 183.454391479, 44.3748550415, -5.36969327927, -15.2738256454, -10.4554128647, -4.09103345871, -4.12894678116], [8.4015750885, 4.6263833046, 17.2698402405, 21.6466293335, -10.8851671219, 9.70488166809, 44.3748550415, 91.050567627, 10.9759778976, -2.35596942902, -5.39085578918, 3.71990990639, 9.52691268921], [-40.3388977051, -24.0895404816, 31.1921291351, 5.00537586212, 65.5836715698, 32.0470581055, -5.36969327927, 10.9759778976, 133.72277832, 18.3659896851, 13.55493927, -10.4646244049, -3.53574728966], [66.8515777588, -123.048660278, -97.6769943237, -44.5213737488, -20.6878261566, -41.6148147583, -15.2738256454, -2.35596942902, 18.3659896851, 104.53263855, 19.8528690338, 5.26490974426, -2.17508172989], [27.4987926483, -108.914283752, -58.4748420715, -82.5441665649, -30.6817893982, -6.65090036392, -10.4554128647, -5.39085578918, 13.55493927, 19.8528690338, 89.5062637329, 13.623251915, -8.6360168457], [19.4981899261, -32.3571853638, -0.340063273907, -3.7945857048, -19.630355835, -15.8835220337, -4.09103345871, 3.71990990639, -10.4646244049, 5.26490974426, 13.623251915, 64.0087890625, 25.4758892059], [-31.0902194977, -1.31745505333, 23.2580070496, 7.75463247299, -4.23118972778, -14.4581441879, -4.12894678116, 9.52691268921, -3.53574728966, -2.17508172989, -8.6360168457, 25.4758892059, 66.9283676147]],
        "icov": [[0.000971151748672, 0.000493068655487, 0.000112635098048, -0.000381771795219, -0.000152179112774, 0.000362112186849, -0.000362287944881, -2.4778293664e-05, 0.000352550297976, -7.72450948716e-05, 1.34502370202e-05, -0.000233790706261, 0.00062254932709], [0.000493068655487, 0.0021461348515, 6.57455675537e-05, -0.00183069449849, -0.000926409324165, 0.000440031348262, -0.00177900539711, 0.000887447386049, 0.000682775338646, 0.00111047667451, -2.73617242783e-05, 0.000449318409665, 0.000158570866915], [0.000112635098048, 6.57455675537e-05, 0.00202251272276, -0.000747976882849, -0.000461628049379, -0.000832945574075, -0.000198383175302, 5.41048539162e-05, -0.000201530696359, 0.00112538959365, 0.000207569217309, -0.000323351850966, -0.000615822791588], [-0.000381771795219, -0.00183069449849, -0.000747976882849, 0.00653419876471, -0.00174510409124, -0.00227782083675, 0.00239410670474, -0.0023247662466, 0.000911185285076, -0.0014702710323, 0.00328239076771, -0.00177184527274, 0.000264026253717], [-0.000152179112774, -0.000926409324165, -0.000461628049379, -0.00174510409124, 0.00740401446819, -0.00126168504357, 0.000657921540551, 0.00164531683549, -0.00334117631428, -0.000554931233637, 8.38311316329e-05, 0.000967784493696, -0.000276511651464], [0.000362112186849, 0.000440031348262, -0.000832945574075, -0.00227782083675, -0.00126168504357, 0.0105417994782, -0.00504027679563, 0.00172797904816, -0.00172451208346, 0.00257342634723, -0.00270571210422, 0.00124885421246, 0.00153888412751], [-0.000362287944881, -0.00177900539711, -0.000198383175302, 0.00239410670474, 0.000657921540551, -0.00504027679563, 0.0102878343314, -0.00495063653216, 0.00132870220114, -0.00192010833416, 0.0011491405312, -0.000749212980736, 0.000321636063745], [-2.4778293664e-05, 0.000887447386049, 5.41048539162e-05, -0.0023247662466, 0.00164531683549, 0.00172797904816, -0.00495063653216, 0.0144168855622, -0.00254083704203, 0.00115271657705, -0.000146675680298, 0.000366622029105, -0.00187901465688], [0.000352550297976, 0.000682775338646, -0.000201530696359, 0.000911185285076, -0.00334117631428, -0.00172451208346, 0.00132870220114, -0.00254083704203, 0.0105417678133, -0.00212970608845, -0.00117308227345, 0.00127812672872, -0.000148631515913], [-7.72450948716e-05, 0.00111047667451, 0.00112538959365, -0.0014702710323, -0.000554931233637, 0.00257342634723, -0.00192010833416, 0.00115271657705, -0.00212970608845, 0.0127512216568, -0.0018432965735, -0.000293691147817, 0.000179382433998], [1.34502370202e-05, -2.73617242783e-05, 0.000207569217309, 0.00328239076771, 8.38311316329e-05, -0.00270571210422, 0.0011491405312, -0.000146675680298, -0.00117308227345, -0.0018432965735, 0.0158676244318, -0.00494742905721, 0.00287462794222], [-0.000233790706261, 0.000449318409665, -0.000323351850966, -0.00177184527274, 0.000967784493696, 0.00124885421246, -0.000749212980736, 0.000366622029105, 0.00127812672872, -0.000293691147817, -0.00494742905721, 0.0208482574672, -0.00806571356952], [0.00062254932709, 0.000158570866915, -0.000615822791588, 0.000264026253717, -0.000276511651464, 0.00153888412751, 0.000321636063745, -0.00187901465688, -0.000148631515913, 0.000179382433998, 0.00287462794222, -0.00806571356952, 0.0194584056735]]
    },
    "spectral_contrast_coeffs": {
        "max": [-0.440695762634, -0.47768676281, -0.564664423466, -0.599429965019, -0.619965791702, -0.592346549034],
        "mean": [-0.711381435394, -0.748480260372, -0.753533422947, -0.771355688572, -0.761337161064, -0.738241255283],
        "min": [-0.900524377823, -0.913922965527, -0.908154368401, -0.887205541134, -0.879613161087, -0.864634752274],
        "stdev": [0.0699889585376, 0.0673035085201, 0.0583636052907, 0.0531402006745, 0.0468143559992, 0.0358916446567]
    },
    "spectral_contrast_valleys": {
        "max": [-5.24853467941, -4.94808769226, -5.59987354279, -5.63429784775, -5.66313934326, -8.1255197525],
        "mean": [-7.23379850388, -6.5267829895, -7.24740552902, -7.18807411194, -7.17317724228, -10.2219285965],
        "min": [-10.0721845627, -7.82594490051, -8.86205387115, -8.77038574219, -8.76509189606, -12.4590082169],
        "stdev": [1.11301398277, 0.464401960373, 0.498809397221, 0.500593662262, 0.502026855946, 0.730351626873]
    }
},
"rhythm": {
    "beats_count": 81,
    "beats_loudness": {
        "max": 0.057674638927,
        "mean": 0.027197163552,
        "min": 0.00827174540609,
        "stdev": 0.0112989973277
    },
    "bpm": 172.265563965,
    "bpm_histogram_first_peak_bpm": 172,
    "bpm_histogram_first_peak_weight": 0,
    "bpm_histogram_second_peak_bpm": 167,
    "bpm_histogram_second_peak_spread": 0,
    "bpm_histogram_second_peak_weight": 0.41249999404,
    "danceability": 1.94054222107,
    "onset_rate": 4.65303277969,
    "beats_loudness_band_ratio": {
        "max": [0.833468914032, 0.714359283447, 0.763753831387, 0.668408274651, 0.651438951492, 0.373327821493],
        "mean": [0.188266947865, 0.143650189042, 0.200219422579, 0.19275829196, 0.21252900362, 0.105175726116],
        "min": [0.000987772480585, 0.00435334024951, 0.0209847148508, 0.00769665278494, 0.0045904754661, 0.00394044816494],
        "stdev": [0.19694262743, 0.138733014464, 0.12586440146, 0.143760964274, 0.142018616199, 0.0764635428786]
    },
