{
"metadata": {
    "version": {
        "essentia": "2.1-beta5",
        "essentia_git_sha": "Undefined",
        "extractor": "music 2.0"
    },
    "audio_properties": {
        "analysis": {
            "equal_loudness": 0,
            "length": 29.0017242432,
            "sample_rate": 44100,
            "start_time": 0,
            "downmix": "mix"
        },
        "bit_rate": 192000,
        "length": 217.303955078,
        "lossless": 0,
        "number_channels": 2,
        "replay_gain": -6.65833091736,
        "sample_rate": 48000,
        "codec": "mp3",
        "md5_encoded": "08d045bfb4c2bff6b2a1468aab7d1938"
    },
    "tags": {
        "file_name": "Finland_Niin Kaunis On Taivas_Jasmine.mp3",
        "encoding": ["Lavf58.29.100"]
    }
},
"lowlevel": {
    "average_loudness": 0.0118247466162,
    "barkbands_crest": {
        "max": 21.8085365295,
        "mean": 7.88068675995,
        "min": 2.4654481411,
        "stdev": 3.72887086868
    },
    "barkbands_flatness_db": {
        "max": 0.299256533384,
        "mean": 0.113690063357,
        "min": 0.0266616996378,
        "stdev": 0.0461611449718
    },
    "barkbands_kurtosis": {
        "max": 89.0712509155,
        "mean": 3.68535399437,
        "min": -1.78444254398,
        "stdev": 6.01654434204
    },
    "barkbands_skewness": {
        "max": 7.60223150253,
        "mean": 0.0122355595231,
        "min": -2.28805184364,
        "stdev": 1.8104364872
    },
    "barkbands_spread": {
        "max": 80.5564727783,
        "mean": 19.7184677124,
        "min": 1.67455506325,
        "stdev": 8.92125701904
    },
    "dissonance": {
        "max": 0.500000059605,
        "mean": 0.481905698776,
        "min": 0.342371374369,
        "stdev": 0.0221166238189
    },
    "dynamic_complexity": 10.9901638031,
    "erbbands_crest": {
        "max": 20.2956390381,
        "mean": 6.35327911377,
        "min": 2.54546999931,
        "stdev": 3.32241868973
    },
    "erbbands_flatness_db": {
        "max": 0.357394188643,
        "mean": 0.157332479954,
        "min": 0.0782523602247,
        "stdev": 0.0553919039667
    },
    "erbbands_kurtosis": {
        "max": 11.039276123,
        "mean": 0.341056853533,
        "min": -1.71500635147,
        "stdev": 1.16412818432
    },
    "erbbands_skewness": {
        "max": 2.99029660225,
        "mean": -0.0161570701748,
        "min": -1.95374333858,
        "stdev": 0.71603345871
    },
    "erbbands_spread": {
        "max": 115.343536377,
        "mean": 31.914806366,
        "min": 7.31383514404,
        "stdev": 12.2863817215
    },
    "hfc": {
        "max": 197.52772522,
        "mean": 7.16991424561,
        "min": 1.01253921468e-16,
        "stdev": 15.4207620621
    },
    "loudness_ebu128": {
        "integrated": -17.9156398773,
        "loudness_range": 16.4563694,
        "momentary": {
            "max": -12.8754329681,
            "mean": -124.876060486,
            "min": -300.691009521,
            "stdev": 131.656036377
        },
        "short_term": {
            "max": -14.569393158,
            "mean": -106.742172241,
            "min": -300.691009521,
            "stdev": 125.586509705
        }
    },
    "melbands_crest": {
        "max": 28.4828052521,
        "mean": 7.21292591095,
        "min": 1.44122004509,
        "stdev": 5.42631244659
    },
    "melbands_flatness_db": {
        "max": 0.395248740911,
        "mean": 0.10227111727,
        "min": 0.00294814049266,
        "stdev": 0.0951963067055
    },
    "melbands_kurtosis": {
        "max": 180.957275391,
        "mean": 5.32042503357,
        "min": -1.41562533379,
        "stdev": 13.1600837708
    },
    "melbands_skewness": {
        "max": 11.4264249802,
        "mean": 1.10640323162,
        "min": -1.45916748047,
        "stdev": 1.59339463711
    },
    "melbands_spread": {
        "max": 169.189193726,
        "mean": 65.0474777222,
        "min": 1.26943135262,
        "stdev": 53.6300468445
    },
    "pitch_salience": {
        "max": 0.891500532627,
        "mean": 0.735311567783,
        "min": 0.237190157175,
        "stdev": 0.107343584299
    },
    "silence_rate_20dB": {
        "max": 1,
        "mean": 1,
        "min": 1,
        "stdev": 0
    },
    "silence_rate_30dB": {
        "max": 1,
        "mean": 0.995999991894,
        "min": 0,
        "stdev": 0.0631188824773
    },
    "silence_rate_60dB": {
        "max": 1,
        "mean": 0.687200009823,
        "min": 0,
        "stdev": 0.463632017374
    },
    "spectral_centroid": {
        "max": 11867.9501953,
        "mean": 5057.1640625,
        "min": 230.771850586,
        "stdev": 4600.98339844
    },
    "spectral_complexity": {
        "max": 53,
        "mean": 8.39039993286,
        "min": 0,
        "stdev": 11.3225097656
    },
    "spectral_decrease": {
        "max": 2.45532066007e-28,
        "mean": -2.4388762121e-09,
        "min": -3.7201566272e-08,
        "stdev": 5.55911539024e-09
    },
    "spectral_energy": {
        "max": 0.144765555859,
        "mean": 0.00985521543771,
        "min": 9.7225734834e-21,
        "stdev": 0.0218929369003
    },
    "spectral_energyband_high": {
        "max": 0.0164216253906,
        "mean": 0.000273855694104,
        "min": 6.74410046937e-21,
        "stdev": 0.00116389826871
    },
    "spectral_energyband_low": {
        "max": 0.111691690981,
        "mean": 0.00200733542442,
        "min": 1.27129833703e-23,
        "stdev": 0.00724238809198
    },
    "spectral_energyband_middle_high": {
        "max": 0.0433260686696,
        "mean": 0.00173691974487,
        "min": 1.09266883458e-21,
        "stdev": 0.0035819823388
    },
    "spectral_energyband_middle_low": {
        "max": 0.105893529952,
        "mean": 0.00614576647058,
        "min": 1.31452991834e-22,
        "stdev": 0.0155153851956
    },
    "spectral_entropy": {
        "max": 9.83197402954,
        "mean": 8.45698833466,
        "min": 6.29907178879,
        "stdev": 1.07771646976
    },
    "spectral_flux": {
        "max": 0.312199175358,
        "mean": 0.03247269243,
        "min": 6.28708127226e-11,
        "stdev": 0.0477562993765
    },
    "spectral_kurtosis": {
        "max": 23.8895492554,
        "mean": 2.72897815704,
        "min": -1.27813482285,
        "stdev": 3.6770632267
    },
    "spectral_rms": {
        "max": 0.0118842199445,
        "mean": 0.00173248408828,
        "min": 3.0798438886e-12,
        "stdev": 0.00257164076902
    },
    "spectral_rolloff": {
        "max": 19681.3476562,
        "mean": 8151.89208984,
        "min": 129.19921875,
        "stdev": 8202.90429688
    },
    "spectral_skewness": {
        "max": 3.55613446236,
        "mean": 1.0074698925,
        "min": -0.117484197021,
        "stdev": 0.846809864044
    },
    "spectral_spread": {
        "max": 43290640,
        "mean": 17252210,
        "min": 1949322.5,
        "stdev": 17757744
    },
    "spectral_strongpeak": {
        "max": 5.78293895721,
        "mean": 0.413736611605,
        "min": 0,
        "stdev": 0.712512552738
    },
    "zerocrossingrate": {
        "max": 0.7646484375,
        "mean": 0.232024610043,
        "min": 0.01318359375,
        "stdev": 0.209478422999
    },
    "barkbands": {
        "max": [0.00264835380949, 0.0637644678354, 0.077975384891, 0.0307225845754, 0.0806373283267, 0.0524496994913, 0.0337931960821, 0.0535746179521, 0.0484340153635, 0.0170748289675, 0.0133615247905, 0.018201507628, 0.00780544616282, 0.0117316087708, 0.009173264727, 0.00790431071073, 0.00359799317084, 0.00691849133, 0.0267040710896, 0.00856041442603, 0.00646231370047, 0.00410803966224, 0.00352296838537, 0.0017910937313, 0.00014607416233, 0.000155615387484, 9.78746697911e-07],
        "mean": [3.80956444133e-05, 0.0007308810018, 0.000971364788711, 0.000630040362012, 0.00302688358352, 0.000755284039769, 0.0006647760747, 0.000601482985076, 0.000388704211218, 0.000194052248844, 0.000163097982295, 0.0001771615498, 0.000156114881975, 0.000164774042787, 0.000178781454451, 0.000191127313883, 0.000138885297929, 0.000133883586386, 0.000184474920388, 0.000151706379256, 8.54405661812e-05, 5.59003310627e-05, 4.49990548077e-05, 2.08421042771e-05, 4.669457212e-06, 1.7925293605e-06, 4.65382621329e-09],
        "min": [3.57162962467e-25, 1.25579250679e-24, 1.07265706714e-25, 6.12727394962e-25, 6.59169095845e-24, 2.18112230571e-24, 5.28211322489e-24, 7.00085733277e-24, 1.07747939358e-23, 6.47217458701e-24, 1.20220808457e-23, 1.52911330587e-23, 2.09712439652e-23, 2.44134195925e-23, 2.79302514381e-23, 3.17069198664e-23, 6.00223436855e-23, 6.95247538905e-23, 7.09718845112e-23, 1.46276748472e-22, 2.02601959841e-22, 2.73489669738e-22, 3.45375623158e-22, 5.64531229561e-22, 8.86486291883e-22, 1.20127264068e-21, 1.79698970015e-21],
        "stdev": [0.000194728461793, 0.00326125766151, 0.00379972695373, 0.00275994534604, 0.0105667430907, 0.00341275753453, 0.00240621669218, 0.00319205317646, 0.00228109466843, 0.000798220396973, 0.000706588674802, 0.000815335835796, 0.000435120833572, 0.000456177338492, 0.000387410982512, 0.000459209113615, 0.00030191912083, 0.000429664971307, 0.00107283354737, 0.00058448954951, 0.000419020681875, 0.000277795334114, 0.000226384188863, 9.19219528441e-05, 1.05874687506e-05, 8.87654459802e-06, 2.95021163055e-08]
    },
    "erbbands": {
        "max": [1.97754049301, 14.7170953751, 83.6952133179, 64.6840896606, 91.7253341675, 413.845153809, 313.688415527, 684.623046875, 355.267303467, 851.834350586, 963.51751709, 806.273254395, 798.945373535, 364.39743042, 818.337524414, 632.583007812, 372.844726562, 655.500366211, 632.209350586, 376.012390137, 252.237487793, 221.040100098, 352.053955078, 972.894165039, 1019.16607666, 415.927307129, 270.153381348, 195.509399414, 157.331283569, 161.036483765, 103.447105408, 84.0082931519, 7.87688350677, 2.07820439339, 0.886439859867, 0.97680747509, 0.192238911986, 0.0053125876002, 0.000190020553418, 0.000163006247021],
        "mean": [0.0237587019801, 0.170128300786, 1.02374088764, 1.54816758633, 3.25353193283, 14.1095323563, 9.74438667297, 6.73330640793, 7.03337430954, 14.9180421829, 10.5151557922, 8.24978065491, 8.01484966278, 5.1370806694, 8.04278564453, 6.75724124908, 7.47342634201, 8.03846549988, 9.14970970154, 10.1005878448, 9.70825386047, 7.84598922729, 7.61510848999, 6.92342281342, 11.0563573837, 6.92058992386, 3.97164487839, 2.96700906754, 2.09731698036, 1.55265069008, 1.24253880978, 0.74695879221, 0.191908955574, 0.0667183995247, 0.0276944153011, 0.0139464475214, 0.00167483021505, 5.72973076487e-05, 7.96991662355e-06, 1.20392351164e-05],
        "min": [4.93841063056e-23, 3.40465828614e-22, 5.2386255951e-22, 2.92485086926e-21, 3.36856016258e-21, 1.82201312537e-20, 3.66957449944e-20, 2.49766685128e-20, 9.13124419703e-20, 8.30503875287e-20, 1.78491074679e-19, 2.41793475048e-19, 3.27656347745e-19, 6.1339061336e-19, 5.62499049956e-19, 8.33021438256e-19, 1.02961331854e-18, 1.52185650695e-18, 2.14467191281e-18, 2.53618352777e-18, 2.70130387408e-18, 4.01065013364e-18, 3.60073044133e-18, 4.951978362e-18, 5.95922585415e-18, 7.72816648335e-18, 7.88939473808e-18, 9.35021307064e-18, 9.78314120528e-18, 1.03559993482e-17, 1.08436727774e-17, 1.0133645755e-17, 8.58924992049e-18, 8.22807887681e-18, 5.22889857875e-18, 3.86220843682e-18, 2.1193333027e-18, 8.71233977231e-19, 2.34221825612e-19, 2.40553395601e-20],
        "stdev": [0.101602241397, 0.767725408077, 4.04832649231, 5.45300769806, 9.88033866882, 53.0923309326, 34.0252494812, 36.4688148499, 27.5917072296, 56.6266899109, 55.569393158, 44.6512145996, 39.1997947693, 19.7666912079, 37.4932899475, 26.0827121735, 20.2186374664, 23.7743015289, 22.5552406311, 22.6349716187, 19.1299915314, 16.8847465515, 23.0315132141, 36.0722885132, 56.5397987366, 27.6180782318, 17.0988006592, 14.8719882965, 10.296831131, 8.01717853546, 6.42606258392, 3.93364143372, 0.590466439724, 0.153301090002, 0.0656401067972, 0.0593294538558, 0.0103807402775, 0.000328926602378, 1.80006572919e-05, 2.54315928032e-05]
    },
    "gfcc": {
        "mean": [-549.373962402, 50.5110282898, -101.374641418, 14.9848747253, -42.7598114014, 7.39992427826, -29.9118156433, 1.41981899738, -15.0388355255, -1.77314960957, -9.81902694702, -4.7153096199, -3.21426534653],
        "cov": [[313111.21875, 21724.8671875, -43600.2578125, 6924.01757812, -18042.3847656, 3005.99560547, -12591.6826172, 843.096557617, -6341.05664062, -675.828491211, -3908.56054688, -2032.19836426, -1311.50292969], [21724.8671875, 2908.72167969, -2180.95043945, 670.338745117, -929.378295898, -124.571395874, -905.259887695, -103.496696472, -486.077026367, -155.497695923, -186.979003906, -199.442993164, -96.6287231445], [-43600.2578125, -2180.95043945, 7119.31005859, -637.730651855, 2855.00976562, -638.026733398, 1785.64575195, -214.153640747, 846.961486816, 34.999710083, 610.819458008, 289.722930908, 146.142272949], [6924.01757812, 670.338745117, -637.730651855, 450.724945068, -269.692932129, 22.3868217468, -201.27255249, -21.0808677673, -126.162193298, -54.1035194397, -37.0139274597, -51.7586021423, -29.9138069153], [-18042.3847656, -929.378295898, 2855.00976562, -269.692932129, 1315.50793457, -225.301391602, 746.296020508, -64.9948806763, 365.255889893, 24.8748188019, 270.849365234, 146.860794067, 89.1285934448], [3005.99560547, -124.571395874, -638.026733398, 22.3868217468, -225.301391602, 219.907394409, -103.492385864, 63.0976104736, -47.3594551086, 26.9759559631, -72.9444961548, 14.7971878052, 2.30365943909], [-12591.6826172, -905.259887695, 1785.64575195, -201.27255249, 746.296020508, -103.492385864, 627.803894043, 2.83999729156, 295.630523682, 18.758638382, 187.253829956, 70.9480819702, 53.3089103699], [843.096557617, -103.496696472, -214.153640747, -21.0808677673, -64.9948806763, 63.0976104736, 2.83999729156, 95.8632278442, 8.92359828949, 27.6180820465, -11.6570138931, 13.4022760391, 1.11444866657], [-6341.05664062, -486.077026367, 846.961486816, -126.162193298, 365.255889893, -47.3594551086, 295.630523682, 8.92359828949, 184.191635132, 26.7586936951, 96.2684555054, 38.1608200073, 33.4606132507], [-675.828491211, -155.497695923, 34.999710083, -54.1035194397, 24.8748188019, 26.9759559631, 18.758638382, 27.6180820465, 26.7586936951, 61.2453079224, 9.49633312225, 14.8392763138, 0.443261444569], [-3908.56054688, -186.979003906, 610.819458008, -37.0139274597, 270.849365234, -72.9444961548, 187.253829956, -11.6570138931, 96.2684555054, 9.49633312225, 105.29044342, 25.56590271, 21.7659339905], [-2032.19836426, -199.442993164, 289.722930908, -51.7586021423, 146.860794067, 14.7971878052, 70.9480819702, 13.4022760391, 38.1608200073, 14.8392763138, 25.56590271, 62.5670852661, 21.2433414459], [-1311.50292969, -96.6287231445, 146.142272949, -29.9138069153, 89.1285934448, 2.30365943909, 53.3089103699, 1.11444866657, 33.4606132507, 0.443261444569, 21.7659339905, 21.2433414459, 40.5978431702]],
        "icov": [[0.000208071724046, -0.000534876831807, 0.000680866418406, -0.000974230002612, 0.000318840728141, -4.15012036683e-05, 0.000479180365801, -0.000694286718499, 0.000452721258625, -0.000359783414751, 0.000315390643664, -0.000614943739492, 0.000755525252316], [-0.000534876831807, 0.0027212346904, -0.00184588541742, 0.00155166292097, -0.00131257891189, 0.00107808073517, 0.00104418746196, 0.000885205459781, -0.000254853570368, 0.00226913020015, -0.00178952957503, 0.00375059409998, -0.00240687443875], [0.000680866418406, -0.00184588541742, 0.00435932865366, -0.0031337137334, -0.00160055421293, 0.00202738284133, -0.00149529799819, 0.000167742997291, 0.00138660648372, -0.00223862193525, 0.00290404562838, -0.00472711026669, 0.00475605856627], [-0.000974230002612, 0.00155166292097, -0.0031337137334, 0.00861024670303, -0.00120223884005, -0.00171681318898, -0.00296570849605, 0.00374406413175, -0.00123312184587, 0.00351246027276, -0.00411438848823, 0.00301087344997, -0.00201748358086], [0.000318840728141, -0.00131257891189, -0.00160055421293, -0.00120223884005, 0.00840194709599, -0.00104587874375, -9.41818689171e-06, -0.000999376643449, -7.74072832428e-05, -0.000947997556068, -0.00225527887233, -0.00457876408473, -0.00261562922969], [-4.15012036683e-05, 0.00107808073517, 0.00202738284133, -0.00171681318898, -0.00104587874375, 0.0128974532709, -0.0041039600037, -0.000179490743903, 0.000802618393209, -0.00431015901268, 0.00867097824812, -0.00695243058726, -0.00200500222854], [0.000479180365801, 0.00104418746196, -0.00149529799819, -0.00296570849605, -9.41818689171e-06, -0.0041039600037, 0.02029411681, -0.00902535114437, -0.00790530070662, 0.00839322060347, -0.00866424944252, 0.00921997055411, 0.00126037490554], [-0.000694286718499, 0.000885205459781, 0.000167742997291, 0.00374406413175, -0.000999376643449, -0.000179490743903, -0.00902535114437, 0.021665148437, -0.00335568096489, -0.00588249787688, 0.00223022792488, -0.00711757596582, 0.000652356771752], [0.000452721258625, -0.000254853570368, 0.00138660648372, -0.00123312184587, -7.74072832428e-05, 0.000802618393209, -0.00790530070662, -0.00335568096489, 0.029670458287, -0.00698115956038, -0.00384083506651, 0.00301367091015, -0.00518045946956], [-0.000359783414751, 0.00226913020015, -0.00223862193525, 0.00351246027276, -0.000947997556068, -0.00431015901268, 0.00839322060347, -0.00588249787688, -0.00698115956038, 0.0284410696477, -0.00918923690915, 0.0035847434774, 0.00438513653353], [0.000315390643664, -0.00178952957503, 0.00290404562838, -0.00411438848823, -0.00225527887233, 0.00867097824812, -0.00866424944252, 0.00223022792488, -0.00384083506651, -0.00918923690915, 0.0340549871325, -0.00828737951815, -0.0024368527811], [-0.000614943739492, 0.00375059409998, -0.00472711026669, 0.00301087344997, -0.00457876408473, -0.00695243058726, 0.00921997055411, -0.00711757596582, 0.00301367091015, 0.0035847434774, -0.00828737951815, 0.0407776236534, -0.0125855552033], [0.000755525252316, -0.00240687443875, 0.00475605856627, -0.00201748358086, -0.00261562922969, -0.00200500222854, 0.00126037490554, 0.000652356771752, -0.00518045946956, 0.00438513653353, -0.0024368527811, -0.0125855552033, 0.0410001017153]]
    },
    "melbands": {
        "max": [0.0162764936686, 0.0317827351391, 0.0117527851835, 0.0154267093167, 0.014264064841, 0.0130528947338, 0.00492620188743, 0.0105581935495, 0.00845971889794, 0.00623932527378, 0.00406632712111, 0.00158791057765, 0.0026781745255, 0.00213856436312, 0.000646620057523, 0.000797841523308, 0.00123564212117, 0.00111472641584, 0.000466783705633, 0.000674771901686, 0.00020165713795, 0.000236290463363, 0.000799066387117, 0.000288154871669, 0.000835751357954, 0.00119762762915, 0.000500832335092, 0.00025478110183, 0.000186874691281, 0.000200039241463, 9.73307323875e-05, 8.00778871053e-05, 9.9133583717e-05, 8.52324155858e-05, 5.97775615461e-05, 8.93405667739e-05, 3.51943708665e-05, 5.52867413717e-06, 1.93394384951e-06, 1.7024800627e-06],
        "mean": [0.000201469898457, 0.000407344428822, 0.0003099826572, 0.000604544125963, 0.000459178205347, 0.000143197758007, 0.000114802693133, 0.000163416101714, 7.89382320363e-05, 5.24369716004e-05, 3.97681396862e-05, 2.00025915547e-05, 2.5162291422e-05, 2.10952985071e-05, 1.7208254576e-05, 1.51905287566e-05, 1.48783419718e-05, 1.44412633745e-05, 1.37810484375e-05, 1.29542704599e-05, 1.10839400804e-05, 7.34302693672e-06, 9.05686829356e-06, 5.72053659198e-06, 5.3178869166e-06, 7.41095118428e-06, 7.76577962824e-06, 3.91890262108e-06, 2.446607823e-06, 2.19869298235e-06, 1.5341136077e-06, 1.1911998854e-06, 1.02778301425e-06, 7.89704074577e-07, 6.69933911013e-07, 7.31590773739e-07, 3.39402504324e-07, 1.38851092402e-07, 7.5586669368e-08, 4.84360178632e-08],
        "min": [4.51610492984e-25, 8.57435696243e-25, 5.62461819031e-25, 9.17961542235e-25, 1.01283922381e-24, 6.048412511e-25, 1.39209209121e-24, 9.26655775486e-25, 1.18497222321e-24, 1.63313199207e-24, 1.1551003287e-24, 1.81391327357e-24, 1.94122911278e-24, 1.79944773393e-24, 2.1505924026e-24, 1.70831043634e-24, 2.3035730425e-24, 2.31540950596e-24, 2.25659972826e-24, 2.08956217867e-24, 2.75986024806e-24, 3.3194261094e-24, 2.763561189e-24, 3.61490894981e-24, 3.09982182732e-24, 2.78143598825e-24, 3.45605602933e-24, 4.28339007533e-24, 4.14953734022e-24, 4.00422087844e-24, 5.18387006547e-24, 4.50716112072e-24, 5.17651906513e-24, 5.31362979577e-24, 4.70939192466e-24, 4.83008961531e-24, 4.96269673904e-24, 5.40498580505e-24, 5.35139966705e-24, 6.24408689474e-24],
        "stdev": [0.000875946192537, 0.0016046599485, 0.0010540552903, 0.00205082539469, 0.0016204532003, 0.00073221308412, 0.000436810951214, 0.000669531000312, 0.000427462160587, 0.000302023545373, 0.000197703979211, 7.90957928984e-05, 0.000116620998597, 0.000104911821836, 4.05911923735e-05, 4.7836034355e-05, 4.43465833087e-05, 3.84015038435e-05, 2.78972311207e-05, 3.61079910363e-05, 2.09798545256e-05, 1.42382104968e-05, 3.71069036191e-05, 1.81120594789e-05, 3.02176067635e-05, 4.72392894153e-05, 3.46727938449e-05, 1.63691820489e-05, 1.03980746644e-05, 1.15039902084e-05, 7.65391359892e-06, 5.53231484446e-06, 5.97402140556e-06, 4.00606404583e-06, 3.37932965522e-06, 4.23398296334e-06, 1.66268921475e-06, 4.16298291839e-07, 1.87508803151e-07, 1.11806812697e-07]
    },
    "melbands128": {
        "max": [0.00249004899524, 0.0164627227932, 0.0226152576506, 0.0253589861095, 0.0456637740135, 0.0330538377166, 0.0129203107208, 0.0161321461201, 0.0093694422394, 0.0202915556729, 0.0309847388417, 0.0310826525092, 0.016001926735, 0.0151929361746, 0.023206025362, 0.0142812486738, 0.00796653423458, 0.00780985690653, 0.0105862570927, 0.012956654653, 0.0184586998075, 0.0147708719596, 0.0141729339957, 0.00616452330723, 0.00343425292522, 0.0111769735813, 0.0102803716436, 0.00471968390048, 0.00383702805266, 0.00134110613726, 0.00115023367107, 0.00346900429577, 0.00219117896631, 0.00292783183977, 0.00519117107615, 0.00243490468711, 0.00190337898675, 0.000379568926292, 0.000599650666118, 0.00137233315036, 0.000708951323759, 0.00197061756626, 0.00162632367574, 0.000664518913254, 0.000789282028563, 0.00177382561378, 0.000742344418541, 0.00053420488257, 0.000341043167282, 0.00082353677135, 0.000962534977589, 0.000449421408121, 0.000401814439101, 0.000142935066833, 0.000179579452379, 0.000267526542302, 0.000360765698133, 0.00117545609828, 0.000986940576695, 0.00035118102096, 0.000326997280354, 0.000385032617487, 0.000476732762763, 0.000847079092637, 0.00206940807402, 0.00130224996246, 0.000937906326726, 0.000895825331099, 0.000420868018409, 0.000387432373827, 0.000346154003637, 0.00033663152135, 0.000210417594644, 0.000216491665924, 0.00016127237177, 0.000319013430271, 0.000190776991076, 0.00016217121447, 0.000121529810713, 9.7992044175e-05, 7.11550674168e-05, 7.52828927943e-05, 0.000208165991353, 0.000109937391244, 6.2858016463e-05, 0.000175895344, 5.54780745006e-05, 4.14176247432e-05, 7.04468693584e-05, 7.67629680922e-05, 9.65005528997e-05, 0.000107533582195, 6.23292362434e-05, 4.09007116104e-05, 1.07635778477e-05, 4.9556160775e-06, 8.83570555743e-06, 3.41828081218e-06, 2.26969655159e-06, 2.68329881692e-06, 1.96945552489e-06, 1.92823017642e-06, 1.50829737322e-06, 1.24737812257e-06, 1.37577274018e-06, 8.87245164449e-07, 7.69690927882e-07, 3.2763962281e-06, 2.2510666895e-06, 3.46479805557e-06, 1.10383030005e-06, 1.00783790913e-06, 5.71837404095e-07, 8.2384531197e-08, 4.39604761482e-08, 3.1433678771e-08, 6.09345374158e-09, 4.52854509447e-09, 4.43539560635e-09, 4.33233982022e-09, 4.22970858338e-09, 4.14536449611e-09, 4.07557898541e-09, 4.01572242126e-09, 3.95879462545e-09, 3.90699606001e-09, 3.87696097448e-09, 3.85519305368e-09],
        "mean": [3.32760646415e-05, 0.000195585089386, 0.00025194423506, 0.00025235497742, 0.000522272661328, 0.000422275013989, 0.000287575850962, 0.000339996971888, 0.000209945297684, 0.000559629115742, 0.000926210952457, 0.0007681051502, 0.000261949637206, 0.00018595509755, 0.000176321627805, 9.92153727566e-05, 7.99292538431e-05, 0.000123121790239, 0.000140118252602, 0.000195529311895, 0.000169004168129, 9.61468467722e-05, 6.59342331346e-05, 6.27665431239e-05, 4.28555795224e-05, 5.8108173107e-05, 5.34321443411e-05, 3.86952524423e-05, 2.72125744232e-05, 2.01273087441e-05, 1.68774968188e-05, 1.91945873667e-05, 2.58854415733e-05, 3.0114006222e-05, 2.60407960013e-05, 1.67847410921e-05, 1.5141971744e-05, 1.77562451427e-05, 1.84248656296e-05, 1.66929858096e-05, 1.32824961838e-05, 1.46607444549e-05, 1.52857101057e-05, 1.45684853123e-05, 1.50875312102e-05, 1.36438566187e-05, 1.49932775457e-05, 1.40973197631e-05, 1.18334492072e-05, 1.59214177984e-05, 1.26762733998e-05, 1.06316711026e-05, 1.33370085678e-05, 1.01986861409e-05, 7.81369089964e-06, 6.59624492982e-06, 6.66521282255e-06, 1.22796745927e-05, 8.41355358716e-06, 5.17639682585e-06, 6.36013737676e-06, 5.49966671315e-06, 5.18941214978e-06, 4.96576785736e-06, 5.8278378674e-06, 6.56476004224e-06, 8.95198900253e-06, 1.02107769635e-05, 7.45366423871e-06, 4.69602537123e-06, 4.02206705985e-06, 3.56452324013e-06, 2.51031087828e-06, 2.23717142944e-06, 2.32339925788e-06, 2.34017193179e-06, 2.14430815504e-06, 1.73306182205e-06, 1.49203845012e-06, 1.29287559503e-06, 1.19680123589e-06, 1.11150927751e-06, 1.21089942695e-06, 1.06518962184e-06, 8.10868641565e-07, 9.28513998133e-07, 7.82025608714e-07, 5.18396404914e-07, 6.50292520277e-07, 7.66840230426e-07, 8.10562937659e-07, 7.44270494124e-07, 5.81607707772e-07, 3.11817473175e-07, 2.19431314008e-07, 1.53499655653e-07, 1.31544780402e-07, 9.78060441525e-08, 7.63035714613e-08, 6.46708429031e-08, 5.30637862539e-08, 4.66614800132e-08, 4.12936351779e-08, 3.50617703759e-08, 2.96345561424e-08, 2.60193253609e-08, 2.23870255667e-08, 2.66580109098e-08, 3.05381924193e-08, 2.34412649291e-08, 1.25601289369e-08, 5.41563727197e-09, 2.94185387162e-09, 4.92782648021e-10, 1.97785759992e-10, 1.99391475553e-10, 1.32549707321e-10, 9.7741224836e-12, 8.17741447473e-12, 6.13591599405e-12, 5.28432029037e-12, 5.16136829457e-12, 5.0027954869e-12, 4.66350005487e-12, 4.56442305827e-12, 4.45005317318e-12, 4.38472348707e-12, 4.35614001468e-12],
        "min": [2.44344457678e-26, 3.45451212993e-25, 3.35766688134e-26, 1.07219114617e-25, 7.99444830119e-26, 5.48853117925e-26, 2.53741054469e-25, 2.2337239946e-25, 8.97239916539e-26, 3.96150021472e-25, 1.51433757626e-25, 3.03065667252e-25, 2.21523260194e-25, 2.50851309062e-25, 2.48891679965e-25, 1.20523820777e-25, 2.4103386114e-25, 3.55007202828e-25, 4.11273421798e-25, 2.42058714716e-25, 2.36664040112e-25, 2.82845066839e-25, 7.65830505524e-25, 5.00693369203e-25, 2.71585827702e-25, 4.06388030864e-25, 4.93239323902e-25, 6.09909682416e-25, 6.72333281226e-25, 6.35996227868e-25, 9.40433329803e-25, 5.44437382727e-25, 7.18143420069e-25, 2.46234106183e-25, 4.97031526184e-25, 3.31905337263e-25, 5.67301431381e-25, 1.02654311824e-24, 9.6699023357e-25, 3.65942368044e-25, 7.35034066037e-25, 6.07521603241e-25, 1.19544306982e-24, 9.52210924511e-25, 1.08507373779e-24, 3.23998485802e-25, 1.58614576023e-24, 9.33585524108e-25, 1.18441459715e-24, 1.11041895121e-24, 9.44444588899e-25, 3.26582646216e-25, 1.83812321753e-24, 1.47835866576e-24, 1.24201938982e-24, 1.82477135228e-24, 9.15599988507e-25, 1.61110531927e-24, 9.62234585603e-25, 1.18775917018e-24, 1.56410883223e-24, 1.32402631269e-24, 1.66152210997e-24, 8.15450891842e-25, 1.57843286994e-24, 1.87014327889e-24, 2.05490653302e-24, 1.99506827792e-24, 1.92573233473e-24, 1.76233044784e-24, 2.37427489835e-24, 1.53970936443e-24, 1.59580033302e-24, 2.15432687012e-24, 2.90815327925e-24, 1.90516416713e-24, 2.0658289039e-24, 2.14369578613e-24, 2.55912551883e-24, 2.72303720708e-24, 1.88866218307e-24, 2.0142671802e-24, 3.22150776347e-24, 2.65418306069e-24, 2.84701537581e-24, 2.26482064497e-24, 3.33304776509e-24, 3.33270934376e-24, 2.53155680234e-24, 2.18976210756e-24, 3.3896441963e-24, 2.76605852541e-24, 2.3316353887e-24, 3.1644171109e-24, 3.576129731e-24, 3.95704896846e-24, 2.62639523809e-24, 2.28083945172e-24, 2.78324524073e-24, 3.68201024727e-24, 3.50586589017e-24, 3.66437565617e-24, 3.78792665671e-24, 3.40680389314e-24, 3.93856161872e-24, 3.57178468514e-24, 3.0797248069e-24, 4.06593780579e-24, 4.28408742837e-24, 4.41452912892e-24, 4.02795691422e-24, 4.5181483754e-24, 3.73938410091e-24, 4.62828952942e-24, 3.50963782859e-24, 4.47567925971e-24, 5.55360877732e-24, 5.21502139376e-24, 4.25319760747e-24, 4.87607626178e-24, 4.21163489296e-24, 4.94370096845e-24, 4.60972368802e-24, 3.95873358092e-24, 5.43799411191e-24, 4.72169381604e-24, 4.74497310136e-24, 5.7133333891e-24],
        "stdev": [0.00017462510732, 0.000835392216686, 0.00115954305511, 0.00129202555399, 0.00217146449722, 0.00163318344858, 0.00103180634324, 0.0015431685606, 0.000700751435943, 0.00209982786328, 0.00373930553906, 0.00327823334374, 0.00118089432362, 0.000818160711788, 0.00116911064833, 0.000790699617937, 0.000433913170127, 0.00060932978522, 0.000625410873909, 0.000800669018645, 0.0010613296181, 0.000690017477609, 0.000510625599418, 0.000386739440728, 0.00022951309802, 0.000455946923466, 0.000376945739845, 0.00018649714184, 0.000163839198649, 6.95737180649e-05, 6.6869375587e-05, 0.000130543878186, 0.000111789573566, 0.000149184561451, 0.000180563292815, 9.30883688852e-05, 6.92488538334e-05, 4.54980072391e-05, 4.27564518759e-05, 6.77322896081e-05, 4.46876838396e-05, 6.56234187772e-05, 5.45615948795e-05, 4.23618294008e-05, 3.79281045753e-05, 5.43673195352e-05, 3.52624228981e-05, 3.45199841831e-05, 2.75459897239e-05, 4.43814933533e-05, 4.67122445116e-05, 2.88743976853e-05, 3.19142382068e-05, 1.9244489522e-05, 1.67555062944e-05, 1.55443703989e-05, 1.66367044585e-05, 5.98565820837e-05, 4.17705159634e-05, 1.76770718099e-05, 2.34943981923e-05, 2.32507190958e-05, 2.32833353948e-05, 2.94949768431e-05, 6.2687046011e-05, 5.10762765771e-05, 5.05389325554e-05, 5.38655003766e-05, 3.2020467188e-05, 2.15517120523e-05, 1.84332966455e-05, 1.71537794813e-05, 1.04937753349e-05, 1.1158685993e-05, 1.09028896986e-05, 1.34596120915e-05, 1.30473108584e-05, 9.23519655771e-06, 8.02139129519e-06, 6.20931677986e-06, 5.3048920563e-06, 5.62903233003e-06, 8.37612878968e-06, 6.64621211399e-06, 4.1812827476e-06, 6.22063225819e-06, 3.69374311049e-06, 2.27236523642e-06, 3.4447402868e-06, 4.46755529993e-06, 4.74892885904e-06, 4.71491512144e-06, 3.26524968841e-06, 1.68251153809e-06, 8.37016500554e-07, 4.61183219613e-07, 4.44396022203e-07, 2.7961200999e-07, 1.95103581291e-07, 1.72775827423e-07, 1.28278173861e-07, 1.13148828973e-07, 1.00952263438e-07, 8.35180955505e-08, 7.58752349839e-08, 6.88972434659e-08, 5.49384822079e-08, 1.23960873566e-07, 1.4587806163e-07, 1.409684387e-07, 6.47599449621e-08, 4.59271731756e-08, 3.01357410137e-08, 4.69451100216e-09, 2.12346762396e-09, 1.4956617056e-09, 4.29590280016e-10, 1.2971580754e-10, 1.32498581551e-10, 1.24258575651e-10, 1.19678364441e-10, 1.17297838109e-10, 1.1531602756e-10, 1.136104405e-10, 1.12000603236e-10, 1.105365105e-10, 1.09687210703e-10, 1.09071487953e-10]
    },
    "mfcc": {
        "mean": [-943.411071777, 66.3989028931, -20.5658493042, 3.90197277069, -2.04348468781, 0.564091980457, -5.97857809067, -2.39207410812, -2.87613415718, -0.257974654436, -4.73517847061, -2.52630352974, -2.37697839737],
        "cov": [[74946.3671875, 12101.0371094, -5040.33789062, 1053.95690918, -645.026855469, -46.8576164246, -1190.18652344, -317.183837891, -696.502563477, 87.9065093994, -875.322937012, -289.802062988, -312.373199463], [12101.0371094, 3920.71728516, -283.90133667, 640.684753418, 232.834487915, -28.8721446991, -184.671844482, -176.773040771, -211.657470703, -122.498413086, -220.084915161, -119.963233948, -55.3943786621], [-5040.33789062, -283.90133667, 864.175537109, 320.609222412, 201.377120972, 42.3967857361, 132.106079102, 18.8006896973, -12.3422317505, -34.4252700806, 34.7404632568, 18.2041530609, 24.0606479645], [1053.95690918, 640.684753418, 320.609222412, 502.630645752, 171.710861206, 33.1932106018, 50.3619194031, 5.09803962708, -75.3355712891, -25.7428283691, -29.4678401947, 1.6622838974, 5.67151594162], [-645.026855469, 232.834487915, 201.377120972, 171.710861206, 221.563354492, 48.7010803223, 46.2934875488, -1.08707416058, -7.91651678085, -57.7898521423, -2.4356546402, 12.3906183243, 5.02421140671], [-46.8576164246, -28.8721446991, 42.3967857361, 33.1932106018, 48.7010803223, 97.8571777344, 29.08294487, 20.9686145782, 17.9080448151, -5.44107961655, -2.9843878746, 14.3761339188, -10.183508873], [-1190.18652344, -184.671844482, 132.106079102, 50.3619194031, 46.2934875488, 29.08294487, 85.6163330078, 40.5812797546, 18.5173130035, 0.261890590191, 26.1781864166, 18.1479549408, 11.7787103653], [-317.183837891, -176.773040771, 18.8006896973, 5.09803962708, -1.08707416058, 20.9686145782, 40.5812797546, 83.9415283203, 34.6820373535, 13.8917741776, 18.922044754, 16.7389717102, -3.07704758644], [-696.502563477, -211.657470703, -12.3422317505, -75.3355712891, -7.91651678085, 17.9080448151, 18.5173130035, 34.6820373535, 67.5386505127, 18.4283943176, 21.859167099, 15.178401947, -2.79668021202], [87.9065093994, -122.498413086, -34.4252700806, -25.7428283691, -57.7898521423, -5.44107961655, 0.261890590191, 13.8917741776, 18.4283943176, 66.2223052979, 20.4848537445, 7.81036996841, 8.64612007141], [-875.322937012, -220.084915161, 34.7404632568, -29.4678401947, -2.4356546402, -2.9843878746, 26.1781864166, 18.922044754, 21.859167099, 20.4848537445, 53.0125541687, 23.9247608185, 13.7870607376], [-289.802062988, -119.963233948, 18.2041530609, 1.6622838974, 12.3906183243, 14.3761339188, 18.1479549408, 16.7389717102, 15.178401947, 7.81036996841, 23.9247608185, 43.5607948303, 13.9801168442], [-312.373199463, -55.3943786621, 24.0606479645, 5.67151594162, 5.02421140671, -10.183508873, 11.7787103653, -3.07704758644, -2.79668021202, 8.64612007141, 13.7870607376, 13.9801168442, 39.8365211487]],
        "icov": [[0.000101819154224, -0.000228266930208, 0.000533131300472, -0.000284755165922, 0.000224612260354, -0.000288218347123, 0.000311123090796, -0.000373394053895, 0.000405958417105, -0.000316671153996, 0.000310358125716, -0.000408467574744, 0.000109849817818], [-0.000228266930208, 0.00111349357758, -0.000683070917148, -0.000331484072376, -0.00102308520582, 0.000837792118546, -2.24431623792e-05, 0.00139492808376, -0.00101980182808, 0.000865422538482, 5.4679949244e-05, 0.00155110342894, -0.000146916863741], [0.000533131300472, -0.000683070917148, 0.0053035072051, -0.00341743137687, 0.000236980806221, -0.0011506958399, -0.000219369248953, -0.000404902530136, 0.00129277270753, -0.000937555276323, 0.0008344114176, -0.00076069572242, 0.000495908840094], [-0.000284755165922, -0.000331484072376, -0.00341743137687, 0.00730760302395, -0.00330026703887, 0.000803457573056, -0.00264586694539, -0.00220916583203, 0.00555647024885, -0.0035183026921, 0.00180948490743, -0.00153420271818, 0.000629041693173], [0.000224612260354, -0.00102308520582, 0.000236980806221, -0.00330026703887, 0.0119714708999, -0.0040466231294, -0.00102756475098, 0.00146168214269, -0.00375643046573, 0.00884522125125, -0.00284594413824, -0.00153221702203, -0.0021230338607], [-0.000288218347123, 0.000837792118546, -0.0011506958399, 0.000803457573056, -0.0040466231294, 0.0159534309059, -0.00536124361679, 0.0010484935483, -0.00349961151369, -0.00173710694071, 0.00576543109491, -0.00487174186856, 0.00558597641066], [0.000311123090796, -2.24431623792e-05, -0.000219369248953, -0.00264586694539, -0.00102756475098, -0.00536124361679, 0.0273481365293, -0.00997401122004, 8.45029207994e-05, 0.00159985059872, -0.00653694337234, 0.00187421659939, -0.00591655634344], [-0.000373394053895, 0.00139492808376, -0.000404902530136, -0.00220916583203, 0.00146168214269, 0.0010484935483, -0.00997401122004, 0.0231114514172, -0.0108873741701, 0.00156593648717, -0.00126938638277, -0.000971008383203, 0.00406466517597], [0.000405958417105, -0.00101980182808, 0.00129277270753, 0.00555647024885, -0.00375643046573, -0.00349961151369, 8.45029207994e-05, -0.0108873741701, 0.0325710065663, -0.00989338569343, -0.00028276591911, -0.00564752100036, 0.00542017119005], [-0.000316671153996, 0.000865422538482, -0.000937555276323, -0.0035183026921, 0.00884522125125, -0.00173710694071, 0.00159985059872, 0.00156593648717, -0.00989338569343, 0.0291529260576, -0.0113576678559, 0.00419622473419, -0.0066880020313], [0.000310358125716, 5.4679949244e-05, 0.0008344114176, 0.00180948490743, -0.00284594413824, 0.00576543109491, -0.00653694337234, -0.00126938638277, -0.00028276591911, -0.0113576678559, 0.0403959043324, -0.0159707497805, -0.000515095482115], [-0.000408467574744, 0.00155110342894, -0.00076069572242, -0.00153420271818, -0.00153221702203, -0.00487174186856, 0.00187421659939, -0.000971008383203, -0.00564752100036, 0.00419622473419, -0.0159707497805, 0.0403588786721, -0.0119928214699], [0.000109849817818, -0.000146916863741, 0.000495908840094, 0.000629041693173, -0.0021230338607, 0.00558597641066, -0.00591655634344, 0.00406466517597, 0.00542017119005, -0.0066880020313, -0.000515095482115, -0.0119928214699, 0.0353487357497]]
    },
    "spectral_contrast_coeffs": {
        "max": [-0.323969513178, -0.432399839163, -0.598341524601, -0.681300222874, -0.633883118629, -0.547362744808],
        "mean": [-0.80642670393, -0.863746166229, -0.874815523624, -0.883687376976, -0.870490133762, -0.849773466587],
        "min": [-0.986081004143, -0.983328998089, -0.977912604809, -0.973111748695, -0.97117459774, -0.966528773308],
        "stdev": [0.143190801144, 0.106445424259, 0.0808613449335, 0.0702609717846, 0.0801825225353, 0.0944283902645]
    },
    "spectral_contrast_valleys": {
        "max": [-4.7969827652, -4.42117214203, -5.05775308609, -5.75660276413, -5.39673137665, -8.78915119171],
        "mean": [-15.4722995758, -14.8932971954, -15.0560626984, -15.0168027878, -15.2790718079, -17.111661911],
        "min": [-28.3891735077, -27.9846591949, -27.9860076904, -27.903717041, -27.5682621002, -27.4328632355],
        "stdev": [9.04204845428, 9.43768024445, 9.37014198303, 9.38850688934, 9.20602893829, 7.80428504944]
    }
},
"rhythm": {
    "beats_count": 69,
    "beats_loudness": {
        "max": 0.113211944699,
        "mean": 0.0146654779091,
        "min": 0,
        "stdev": 0.0291293412447
    },
    "bpm": 137.179733276,
    "bpm_histogram_first_peak_bpm": 136,
    "bpm_histogram_first_peak_weight": 0.526315748692,
    "bpm_histogram_second_peak_bpm": 144,
    "bpm_histogram_second_peak_spread": 0.307692289352,
    "bpm_histogram_second_peak_weight": 0.132352948189,
    "danceability": 0.84589022398,
    "onset_rate": 2.17141532898,
    "beats_loudness_band_ratio": {
        "max": [0.815442681313, 0.815436720848, 0.633449018002, 0.476716816425, 0.54378092289, 0.875456571579],
        "mean": [0.111327283084, 0.164171174169, 0.124016612768, 0.106009326875, 0.111174948514, 0.0610576979816],
        "min": [0, 0, 0, 0, 0, 0],
        "stdev": [0.186118602753, 0.225860908628, 0.169737204909, 0.142155379057, 0.156013518572, 0.156043723226]
    },
    "beats_position": [0.417959183455, 0.847528338432, 1.27709746361, 1.70666658878, 2.13623571396, 2.56580495834, 2.99537420273, 3.43655323982, 3.87773227692, 4.31891155243, 4.78331041336, 5.24770975113, 5.71210861206, 6.13006782532, 6.54802703857, 6.96598625183, 7.38394546509, 7.74385452271, 8.10376358032, 8.46367359161, 8.92807197571, 9.39247131348, 9.85687065125, 10.4141492844, 10.9714279175, 11.5170974731, 12.051156044, 12.5852155685, 13.1192741394, 13.5604534149, 14.0248527527, 14.4428119659, 14.8607711792, 15.2787294388, 15.7082986832, 16.1378688812, 16.5558280945, 16.9737873077, 17.3453063965, 17.7516555786, 18.1580047607, 18.5643539429, 18.970703125, 19.4118824005, 19.853061676, 20.2942390442, 20.7354183197, 21.1882076263, 21.640996933, 22.0821762085, 22.4188652039, 22.7671642303, 23.1270751953, 23.4753742218, 23.8120632172, 24.1487522125, 24.4854412079, 24.8221302032, 25.1472110748, 25.4722900391, 25.8089790344, 26.1456680298, 26.470746994, 26.7958278656, 27.1209068298, 27.4459857941, 27.7594547272, 28.0729255676, 28.3980045319],
