{
"metadata": {
    "version": {
        "essentia": "2.1-beta5",
        "essentia_git_sha": "Undefined",
        "extractor": "music 2.0"
    },
    "audio_properties": {
        "analysis": {
            "equal_loudness": 0,
            "length": 32.4963264465,
            "sample_rate": 44100,
            "start_time": 45.2440834045,
            "downmix": "mix"
        },
        "bit_rate": 192000,
        "length": 178.805267334,
        "lossless": 0,
        "number_channels": 2,
        "replay_gain": -7.72751235962,
        "sample_rate": 48000,
        "codec": "mp3",
        "md5_encoded": "0228bb6ed64dcdacd85ef1bb4a783ba9"
    },
    "tags": {
        "file_name": "Iceland_Sjúbídú_Anna Mjöll.mp3",
        "encoding": ["Lavf58.29.100"]
    }
},
"lowlevel": {
    "average_loudness": 0.949311852455,
    "barkbands_crest": {
        "max": 24.1264076233,
        "mean": 10.5677289963,
        "min": 3.52457261086,
        "stdev": 3.51203012466
    },
    "barkbands_flatness_db": {
        "max": 0.314356327057,
        "mean": 0.184051647782,
        "min": 0.0701409652829,
        "stdev": 0.0464524701238
    },
    "barkbands_kurtosis": {
        "max": 84.9938278198,
        "mean": 5.80234193802,
        "min": -1.87867820263,
        "stdev": 7.02810573578
    },
    "barkbands_skewness": {
        "max": 8.06695556641,
        "mean": 1.88089966774,
        "min": -0.905992329121,
        "stdev": 1.01645410061
    },
    "barkbands_spread": {
        "max": 102.422744751,
        "mean": 17.0255069733,
        "min": 1.35514569283,
        "stdev": 12.405459404
    },
    "dissonance": {
        "max": 0.4999319911,
        "mean": 0.45518001914,
        "min": 0.290230482817,
        "stdev": 0.0253341142088
    },
    "dynamic_complexity": 2.21487998962,
    "erbbands_crest": {
        "max": 28.5307865143,
        "mean": 10.0340223312,
        "min": 2.59023761749,
        "stdev": 4.06529283524
    },
    "erbbands_flatness_db": {
        "max": 0.285727232695,
        "mean": 0.182512253523,
        "min": 0.0715310424566,
        "stdev": 0.035553522408
    },
    "erbbands_kurtosis": {
        "max": 13.6211853027,
        "mean": 0.138023748994,
        "min": -1.80611729622,
        "stdev": 1.76288962364
    },
    "erbbands_skewness": {
        "max": 3.69255709648,
        "mean": 0.438948899508,
        "min": -3.09794783592,
        "stdev": 0.860547780991
    },
    "erbbands_spread": {
        "max": 133.131286621,
        "mean": 39.7099647522,
        "min": 9.32729148865,
        "stdev": 18.1911964417
    },
    "hfc": {
        "max": 69.4907531738,
        "mean": 17.1554718018,
        "min": 0.621089875698,
        "stdev": 13.7262773514
    },
    "loudness_ebu128": {
        "integrated": -15.7649621964,
        "loudness_range": 2.56234455109,
        "momentary": {
            "max": -12.8357009888,
            "mean": -16.0885982513,
            "min": -23.0528316498,
            "stdev": 1.79333984852
        },
        "short_term": {
            "max": -14.3534765244,
            "mean": -15.806224823,
            "min": -18.1247787476,
            "stdev": 0.987501144409
        }
    },
    "melbands_crest": {
        "max": 29.2040271759,
        "mean": 13.4409170151,
        "min": 5.20533752441,
        "stdev": 3.83204650879
    },
    "melbands_flatness_db": {
        "max": 0.424331367016,
        "mean": 0.246448546648,
        "min": 0.0467895306647,
        "stdev": 0.0633081644773
    },
    "melbands_kurtosis": {
        "max": 147.3775177,
        "mean": 14.7339382172,
        "min": -1.57835376263,
        "stdev": 12.9449596405
    },
    "melbands_skewness": {
        "max": 8.9000415802,
        "mean": 2.85162806511,
        "min": -0.388404935598,
        "stdev": 1.2007638216
    },
    "melbands_spread": {
        "max": 129.496246338,
        "mean": 16.856098175,
        "min": 1.44973015785,
        "stdev": 14.3759403229
    },
    "pitch_salience": {
        "max": 0.816558539867,
        "mean": 0.539652109146,
        "min": 0.246682792902,
        "stdev": 0.0904244855046
    },
    "silence_rate_20dB": {
        "max": 1,
        "mean": 1,
        "min": 1,
        "stdev": 0
    },
    "silence_rate_30dB": {
        "max": 1,
        "mean": 1,
        "min": 1,
        "stdev": 0
    },
    "silence_rate_60dB": {
        "max": 1,
        "mean": 0.00571020692587,
        "min": 0,
        "stdev": 0.0753491595387
    },
    "spectral_centroid": {
        "max": 3652.65478516,
        "mean": 968.880737305,
        "min": 272.014801025,
        "stdev": 544.709350586
    },
    "spectral_complexity": {
        "max": 54,
        "mean": 15.1370449066,
        "min": 1,
        "stdev": 7.33221054077
    },
    "spectral_decrease": {
        "max": -3.34935995605e-10,
        "mean": -7.30960714179e-09,
        "min": -2.3061007326e-08,
        "stdev": 3.7135114983e-09
    },
    "spectral_energy": {
        "max": 0.0916102305055,
        "mean": 0.0291441939771,
        "min": 0.00132045941427,
        "stdev": 0.0148170897737
    },
    "spectral_energyband_high": {
        "max": 0.0080670081079,
        "mean": 0.000411264045397,
        "min": 1.02127023638e-06,
        "stdev": 0.000968260341324
    },
    "spectral_energyband_low": {
        "max": 0.0341552346945,
        "mean": 0.00871715694666,
        "min": 2.50098910328e-05,
        "stdev": 0.00597567018121
    },
    "spectral_energyband_middle_high": {
        "max": 0.0324826352298,
        "mean": 0.00449080299586,
        "min": 6.08271438978e-05,
        "stdev": 0.00533259101212
    },
    "spectral_energyband_middle_low": {
        "max": 0.0620019324124,
        "mean": 0.0163348726928,
        "min": 0.000650920672342,
        "stdev": 0.0111066596583
    },
    "spectral_entropy": {
        "max": 8.653424263,
        "mean": 7.16034603119,
        "min": 5.96354150772,
        "stdev": 0.425502061844
    },
    "spectral_flux": {
        "max": 0.240978494287,
        "mean": 0.0755471661687,
        "min": 0.0130009101704,
        "stdev": 0.0332983806729
    },
    "spectral_kurtosis": {
        "max": 27.9558925629,
        "mean": 6.01571846008,
        "min": -1.19369995594,
        "stdev": 3.67449831963
    },
    "spectral_rms": {
        "max": 0.00945387966931,
        "mean": 0.00514499749988,
        "min": 0.00113501236774,
        "stdev": 0.00140084663872
    },
    "spectral_rolloff": {
        "max": 8957.8125,
        "mean": 1018.73162842,
        "min": 86.1328125,
        "stdev": 1086.80761719
    },
    "spectral_skewness": {
        "max": 3.95502972603,
        "mean": 1.7819994688,
        "min": 0.208230167627,
        "stdev": 0.524329066277
    },
    "spectral_spread": {
        "max": 12526617,
        "mean": 3879925.5,
        "min": 1737072.375,
        "stdev": 1362902.125
    },
    "spectral_strongpeak": {
        "max": 9.60009384155,
        "mean": 0.974680185318,
        "min": 0.0243984907866,
        "stdev": 1.32774460316
    },
    "zerocrossingrate": {
        "max": 0.2216796875,
        "mean": 0.0418384894729,
        "min": 0.00390625,
        "stdev": 0.0264457333833
    },
    "barkbands": {
        "max": [0.00254038791172, 0.0273383837193, 0.0212892256677, 0.0273471865803, 0.0429937951267, 0.0474964007735, 0.0340178795159, 0.00980169977993, 0.0253774486482, 0.0106187481433, 0.00963990483433, 0.00714962603524, 0.0110264373943, 0.0102703291923, 0.0194077193737, 0.0180975403637, 0.00920867454261, 0.00433107884601, 0.00339609244838, 0.0015020025894, 0.002339433413, 0.00493488507345, 0.00252665625885, 0.00341929891147, 0.00116466160398, 0.000314486271236, 1.62500089118e-06],
        "mean": [0.000110018881969, 0.00569980079308, 0.00223295111209, 0.00137745938264, 0.00607365369797, 0.00566057302058, 0.00144497957081, 0.000775099324528, 0.000767574994825, 0.000541987479664, 0.000268316827714, 0.000337197212502, 0.000342381041264, 0.000365242449334, 0.00098305370193, 0.000654486299027, 0.000370971363736, 0.000373286777176, 0.000236562875216, 0.000167340534972, 6.94666669006e-05, 0.000108024272777, 8.59526844579e-05, 6.62640886731e-05, 2.47459702223e-05, 6.80527864461e-06, 2.50288429982e-08],
        "min": [5.74852476731e-09, 1.99902757458e-07, 8.03353373158e-07, 2.10337930184e-06, 8.36664621602e-05, 1.80611114047e-05, 8.45548038342e-06, 1.28536260036e-06, 2.87676562039e-06, 8.94791696737e-07, 1.92095555462e-07, 9.33068236009e-07, 1.03965908238e-06, 1.91271806216e-06, 3.67098937204e-06, 3.28927671944e-06, 1.38112295645e-06, 1.35107677579e-06, 8.71741576702e-07, 4.53332205552e-07, 2.42757437263e-07, 5.2791488514e-08, 7.21803203874e-08, 2.93860047407e-08, 1.61492224038e-08, 1.54264115371e-10, 2.84667289741e-11],
        "stdev": [0.000240004475927, 0.00455665262416, 0.00219752895646, 0.00188018579502, 0.00568720232695, 0.00744945975021, 0.00296560255811, 0.00129765237216, 0.00156191224232, 0.00118709099479, 0.000794583116658, 0.000715122034308, 0.000775921042077, 0.000856729049701, 0.00239305151626, 0.00159592786804, 0.000730661442503, 0.000579920248128, 0.000357936107321, 0.000239866189077, 0.000182415460586, 0.000404425314628, 0.000239679342485, 0.000174120708834, 7.71260456531e-05, 2.03924046218e-05, 7.61844205499e-08]
    },
    "erbbands": {
        "max": [0.838616847992, 5.88231897354, 18.0722961426, 53.5862846375, 136.74331665, 203.900665283, 436.939910889, 602.158447266, 599.521911621, 304.497558594, 288.515930176, 544.38470459, 330.922790527, 390.639404297, 503.834991455, 356.044281006, 399.825958252, 555.08782959, 1361.28881836, 1178.7956543, 907.68939209, 657.682189941, 279.877685547, 235.165283203, 163.088729858, 68.9401397705, 83.9227371216, 78.6295013428, 159.944625854, 144.084991455, 61.7896652222, 42.9293670654, 73.0741729736, 24.7636375427, 4.42593765259, 1.6880120039, 0.616784989834, 0.0375884100795, 0.000796672713477, 0.000107784922875],
        "mean": [0.129291713238, 1.38452744484, 2.81661772728, 3.76188230515, 8.09801197052, 23.8995780945, 40.690776825, 48.351524353, 27.7490463257, 15.9918937683, 16.273267746, 18.1503429413, 19.2474746704, 13.9855937958, 11.1365365982, 15.1685190201, 15.4792613983, 19.7641639709, 48.9825248718, 38.6192741394, 29.8135185242, 21.0615291595, 22.270401001, 14.6095838547, 11.0135860443, 7.81300735474, 2.96742558479, 2.96923971176, 3.73998904228, 3.77596664429, 2.18304133415, 1.24924147129, 1.15752100945, 0.397460341454, 0.122881993651, 0.0453255325556, 0.00995052233338, 0.000394114176743, 2.79257255897e-05, 3.50754817191e-05],
        "min": [2.65305079665e-05, 0.000598485290539, 0.00358721730299, 0.032330326736, 0.154781386256, 0.342273235321, 0.422245323658, 0.172545820475, 0.187804102898, 0.122262053192, 0.108861237764, 0.112727306783, 0.0471683107316, 0.0548156611621, 0.0438696928322, 0.0777913406491, 0.130434080958, 0.139680624008, 0.178825259209, 0.217004731297, 0.136690214276, 0.107436805964, 0.0866573154926, 0.0654505863786, 0.0319731272757, 0.020359756425, 0.00986515171826, 0.00846292544156, 0.00352926715277, 0.00322951655835, 0.00163390033413, 0.000749258906581, 0.000476403452922, 0.000174745044205, 9.82294150162e-05, 8.5677484094e-06, 3.03100318888e-06, 5.96081520143e-07, 1.2582954696e-06, 2.28807130043e-06],
        "stdev": [0.122946299613, 1.13092064857, 2.4442088604, 4.16604661942, 8.91988182068, 25.2067928314, 51.1658096313, 82.0200042725, 53.2435722351, 24.3060359955, 28.3212928772, 35.3463401794, 37.3358688354, 31.0821342468, 35.379573822, 30.8325614929, 31.9640693665, 39.4671401978, 126.82220459, 89.6468658447, 70.1608123779, 44.1132392883, 33.6347732544, 22.6820640564, 15.6805086136, 11.0091753006, 6.44054222107, 8.27620601654, 13.8898611069, 12.7120094299, 5.81226444244, 2.90371799469, 3.37549948692, 1.34657275677, 0.323177099228, 0.117586441338, 0.0370474010706, 0.00171523494646, 4.17828159698e-05, 1.77234396688e-05]
    },
    "gfcc": {
        "mean": [-19.6080989838, 128.66116333, -116.918731689, 47.1394424438, -54.2361488342, 5.49112033844, -53.8913230896, 4.911901474, -16.0504570007, -4.74360561371, -1.73074269295, -8.05543613434, -0.939902126789],
        "cov": [[3007.63330078, -1095.61230469, -479.53616333, 72.7560958862, -329.136413574, 272.529968262, -110.44229126, 330.957519531, -204.520263672, 106.117599487, -173.025177002, 182.831283569, -67.9735565186], [-1095.61230469, 1174.86889648, -10.1638355255, -134.540390015, 313.75289917, -123.710197449, 250.546005249, -136.164413452, 161.267501831, -159.270294189, 264.154815674, -175.495239258, 83.298210144], [-479.53616333, -10.1638355255, 652.452514648, 218.221542358, 3.99485063553, 74.1139450073, 17.9979400635, -21.5321998596, 94.4996643066, 99.5772094727, -39.3305435181, 98.8302001953, -48.0382919312], [72.7560958862, -134.540390015, 218.221542358, 331.068725586, 2.77610325813, 31.8308506012, 4.7743601799, 29.3099918365, 109.517333984, 58.5433158875, -14.8307886124, 45.6781425476, 36.7743263245], [-329.136413574, 313.75289917, 3.99485063553, 2.77610325813, 273.621856689, -54.4350967407, 45.5044250488, 54.4714736938, 54.644744873, -11.8627443314, 44.5276412964, -69.8742523193, 69.300201416], [272.529968262, -123.710197449, 74.1139450073, 31.8308506012, -54.4350967407, 200.138061523, 76.2918624878, 12.5839233398, -19.0009670258, 42.5454559326, -12.5936450958, 44.5530967712, -24.7305431366], [-110.44229126, 250.546005249, 17.9979400635, 4.7743601799, 45.5044250488, 76.2918624878, 269.930633545, -39.5261459351, 0.628137350082, 27.7079658508, 57.707069397, 11.9479446411, -13.441116333], [330.957519531, -136.164413452, -21.5321998596, 29.3099918365, 54.4714736938, 12.5839233398, -39.5261459351, 209.547683716, 13.4810752869, 23.3036365509, -27.255487442, 18.837348938, 35.7461738586], [-204.520263672, 161.267501831, 94.4996643066, 109.517333984, 54.644744873, -19.0009670258, 0.628137350082, 13.4810752869, 177.082839966, -7.19967842102, 46.8673667908, -7.10717487335, 44.3464889526], [106.117599487, -159.270294189, 99.5772094727, 58.5433158875, -11.8627443314, 42.5454559326, 27.7079658508, 23.3036365509, -7.19967842102, 138.765060425, -36.3792076111, 50.1052131653, -18.8704357147], [-173.025177002, 264.154815674, -39.3305435181, -14.8307886124, 44.5276412964, -12.5936450958, 57.707069397, -27.255487442, 46.8673667908, -36.3792076111, 162.409393311, -33.5525283813, 21.0843601227], [182.831283569, -175.495239258, 98.8302001953, 45.6781425476, -69.8742523193, 44.5530967712, 11.9479446411, 18.837348938, -7.10717487335, 50.1052131653, -33.5525283813, 139.515319824, -27.0222206116], [-67.9735565186, 83.298210144, -48.0382919312, 36.7743263245, 69.300201416, -24.7305431366, -13.441116333, 35.7461738586, 44.3464889526, -18.8704357147, 21.0843601227, -27.0222206116, 109.629516602]],
        "icov": [[0.00108543410897, -0.000270229938906, 0.00147447036579, -0.00120638310909, 0.00079627597006, -0.00143227481749, 0.000717784219887, -0.00160355353728, 0.000775770575274, -0.000455848348793, 0.000340343569405, -0.000916060002055, 0.0010299825808], [-0.000270229938906, 0.00777448248118, -0.00288421008736, 0.00492729153484, -0.0045372620225, 0.00358144496568, -0.00669309590012, 0.00339531898499, -0.00504033314064, 0.00523954676464, -0.00505288504064, 0.00342698954046, -0.00248575466685], [0.00147447036579, -0.00288421008736, 0.00553272105753, -0.00445382436737, 0.00137180765159, -0.00375756551512, 0.00362790306099, -0.00225231843069, 0.00154501968063, -0.0030340407975, 0.00247358973138, -0.0036075618118, 0.0039762724191], [-0.00120638310909, 0.00492729153484, -0.00445382436737, 0.00939202774316, -0.00256871012971, 0.00338528142311, -0.0049896738492, 0.0032055596821, -0.00627346197143, 0.00233394699171, -0.00272693531588, 0.00275812344626, -0.00471973884851], [0.00079627597006, -0.0045372620225, 0.00137180765159, -0.00256871012971, 0.00957573018968, -0.000934422074351, 0.00212458241731, -0.00502382498235, 0.00264767976478, -0.00371526926756, 0.00269752251916, 0.000626177818049, -0.00103635410778], [-0.00143227481749, 0.00358144496568, -0.00375756551512, 0.00338528142311, -0.000934422074351, 0.010273068212, -0.0061050420627, 0.00200530793518, -0.00228928402066, 0.00213486584835, -0.00241401745006, 0.00248799473047, -0.00251458724961], [0.000717784219887, -0.00669309590012, 0.00362790306099, -0.0049896738492, 0.00212458241731, -0.0061050420627, 0.0115346321836, -0.00200071302243, 0.00489449035376, -0.00564025714993, 0.00252588861622, -0.00441754423082, 0.00361497909762], [-0.00160355353728, 0.00339531898499, -0.00225231843069, 0.0032055596821, -0.00502382498235, 0.00200530793518, -0.00200071302243, 0.0099526271224, -0.00333993742242, 0.0017443037359, -0.0016244747676, 0.000753420172259, -0.00334926578216], [0.000775770575274, -0.00504033314064, 0.00154501968063, -0.00627346197143, 0.00264767976478, -0.00228928402066, 0.00489449035376, -0.00333993742242, 0.0129094254225, -0.00251776003279, 0.000790774472989, -0.00252514658496, 0.000161229763762], [-0.000455848348793, 0.00523954676464, -0.0030340407975, 0.00233394699171, -0.00371526926756, 0.00213486584835, -0.00564025714993, 0.0017443037359, -0.00251776003279, 0.0136218788102, -0.00203006877564, 0.000594169658143, -0.000906189612579], [0.000340343569405, -0.00505288504064, 0.00247358973138, -0.00272693531588, 0.00269752251916, -0.00241401745006, 0.00252588861622, -0.0016244747676, 0.000790774472989, -0.00203006877564, 0.0117940530181, -0.0016815753188, 0.00128645368386], [-0.000916060002055, 0.00342698954046, -0.0036075618118, 0.00275812344626, 0.000626177818049, 0.00248799473047, -0.00441754423082, 0.000753420172259, -0.00252514658496, 0.000594169658143, -0.0016815753188, 0.0130645213649, -0.00163233105559], [0.0010299825808, -0.00248575466685, 0.0039762724191, -0.00471973884851, -0.00103635410778, -0.00251458724961, 0.00361497909762, -0.00334926578216, 0.000161229763762, -0.000906189612579, 0.00128645368386, -0.00163233105559, 0.0157267022878]]
    },
    "melbands": {
        "max": [0.00789130013436, 0.00768209248781, 0.00925051514059, 0.00991898495704, 0.01248126477, 0.0116312643513, 0.00783367827535, 0.00279421289451, 0.00313691771589, 0.00294078467414, 0.00174152001273, 0.00168644799851, 0.0012889400823, 0.00103538820986, 0.00140936858952, 0.00115781417117, 0.00126150774304, 0.00250349612907, 0.00160318287089, 0.0011707887752, 0.000822400616016, 0.000689870910719, 0.000331479153829, 0.000326751032844, 0.000210827580304, 9.29805610212e-05, 0.000105562146928, 4.79966802232e-05, 5.8436213294e-05, 5.87790527788e-05, 5.12073311256e-05, 8.21142020868e-05, 0.000126656566863, 8.00549969426e-05, 4.55224762845e-05, 2.28403114306e-05, 3.11341209454e-05, 7.13156696293e-05, 2.14297870116e-05, 2.37846725213e-05],
        "mean": [0.0014112413628, 0.00160721654538, 0.000752736465074, 0.00111852586269, 0.0013920677593, 0.00104669539724, 0.000397265132051, 0.000166679601534, 0.000126199505758, 0.000119005831948, 9.54483475653e-05, 5.66320049984e-05, 3.29600698024e-05, 3.86218016502e-05, 3.46021588484e-05, 3.63094113709e-05, 3.47029235854e-05, 7.21823234926e-05, 6.23169617029e-05, 5.56738923478e-05, 2.80127223959e-05, 2.2552549126e-05, 1.91058952623e-05, 1.84568343684e-05, 1.11873114292e-05, 7.79662877903e-06, 7.88186571299e-06, 4.32289198216e-06, 1.78279321972e-06, 1.72103011664e-06, 1.66330039519e-06, 2.06084678211e-06, 2.22257312998e-06, 2.04763227885e-06, 1.41047064517e-06, 7.01110593582e-07, 8.3633540271e-07, 9.68145286606e-07, 4.77427704482e-07, 2.86391554027e-07],
        "min": [6.93793751338e-08, 1.84743191767e-06, 9.95171740215e-06, 1.60036834131e-05, 2.33124410443e-05, 3.61518186764e-06, 2.58199952441e-06, 4.41303370735e-07, 6.38884046111e-07, 5.19379398156e-07, 2.13151082562e-07, 8.84529356426e-08, 8.51383532563e-08, 1.48318562765e-07, 1.13682617098e-07, 1.61510186558e-07, 1.31633214551e-07, 2.18443531708e-07, 2.78626629324e-07, 2.60099426441e-07, 9.09297455109e-08, 7.03144351633e-08, 6.21568716497e-08, 7.03515610212e-08, 4.67413450167e-08, 2.33114381132e-08, 1.32155504318e-08, 1.17238094788e-08, 4.80268447234e-09, 7.07522529453e-09, 1.91615567857e-09, 1.90915880327e-10, 1.21010879095e-09, 1.59631452501e-09, 7.2438927079e-10, 7.85578102569e-10, 3.4325325915e-10, 3.80583509152e-10, 2.13244338854e-10, 1.22870852381e-10],
        "stdev": [0.00117425539065, 0.00117516214959, 0.000735758803785, 0.00110311619937, 0.001537579461, 0.00162307196297, 0.000724850804545, 0.000263077177806, 0.000246848852839, 0.000236599691561, 0.000190199105418, 0.00013248315372, 0.000101721685496, 8.93652468221e-05, 7.80212940299e-05, 8.20114801172e-05, 8.3221719251e-05, 0.000197189234314, 0.000144347111927, 0.000134558955324, 6.56692645862e-05, 5.10478384967e-05, 2.98776722047e-05, 3.33704629156e-05, 1.9399660232e-05, 1.22572100736e-05, 1.17566232802e-05, 6.56627207718e-06, 4.09238418797e-06, 4.48512219009e-06, 5.00771830048e-06, 7.61684896133e-06, 8.76238209457e-06, 6.6661054916e-06, 3.94873541154e-06, 1.659042141e-06, 2.06751337828e-06, 3.00753958982e-06, 1.39228893659e-06, 1.10433643385e-06]
    },
    "melbands128": {
        "max": [0.00241204746999, 0.00750148203224, 0.0133257266134, 0.0112694026902, 0.0106798252091, 0.0112958978862, 0.0114916656166, 0.0131922364235, 0.0162100810558, 0.0132547784597, 0.0144681930542, 0.0177881661803, 0.0202982127666, 0.0187276657671, 0.0203872844577, 0.0157820098102, 0.0131200971082, 0.0108350543305, 0.00599065609276, 0.00496547203511, 0.00417803088203, 0.00317611312494, 0.00514340680093, 0.00929281301796, 0.00458028493449, 0.0050107864663, 0.00309833977371, 0.00274590658955, 0.00298138917424, 0.00291587575339, 0.00209257029928, 0.00148125377018, 0.00151808664668, 0.00394815346226, 0.00143847730942, 0.00174631876871, 0.00126480672043, 0.00145384483039, 0.00291917542927, 0.00178888719529, 0.00271312962286, 0.000933892268222, 0.0016689003678, 0.00188826292288, 0.00163798313588, 0.00579765066504, 0.00492955278605, 0.00321985338815, 0.00264110253192, 0.00307347648777, 0.00261950748973, 0.00415042089298, 0.000924284162465, 0.000362134800525, 0.000923879502807, 0.000969985616393, 0.00136472610757, 0.000647764711175, 0.000453127460787, 0.000620969629381, 0.000756446155719, 0.000391432404285, 0.000448377773864, 0.000463623757241, 0.000236028790823, 0.000204873154871, 0.000223916067625, 0.000238837572397, 0.000222081420361, 0.000136629125336, 7.66709417803e-05, 6.11095092609e-05, 0.000132308152388, 0.000105515639007, 4.19388779846e-05, 6.48121276754e-05, 7.97856337158e-05, 5.64155525353e-05, 8.07562246337e-05, 8.46531474963e-05, 9.1413348855e-05, 0.000120817938296, 0.000138520335895, 0.000147854603711, 0.000126040526084, 0.000122711120639, 0.000109366912511, 6.77535135765e-05, 6.06060239079e-05, 3.66466956621e-05, 2.29836459766e-05, 3.57584540325e-05, 1.95193242689e-05, 2.67970899586e-05, 6.60447913106e-05, 9.28613735596e-05, 8.00292982603e-05, 3.00256506307e-05, 2.15889922401e-05, 2.42933001573e-05, 2.5371540687e-05, 4.17145565734e-05, 9.28474310058e-06, 6.54591349303e-06, 4.86485305373e-06, 4.68214011562e-06, 3.52025404027e-06, 3.17401099892e-06, 3.84352779292e-06, 3.2595992252e-06, 2.27817895393e-06, 3.42545581589e-06, 3.34223955178e-06, 8.47358535339e-07, 8.94956258435e-07, 2.86865770249e-07, 6.83195580109e-08, 7.23735649188e-09, 6.9201018249e-09, 6.74799682798e-09, 6.6035310553e-09, 6.44986153375e-09, 6.29935437146e-09, 6.19188567086e-09, 6.11209394208e-09, 6.04025229833e-09, 5.99029892356e-09, 5.95657212443e-09],
        "mean": [0.000100832548924, 0.000789526675362, 0.00208046706393, 0.00239094067365, 0.00167160027195, 0.00101283343975, 0.000731278734747, 0.000691712542903, 0.000712042150553, 0.0010930208955, 0.00141315418296, 0.00145118392538, 0.00155126338359, 0.00106573058292, 0.00126472499687, 0.000944006023929, 0.000470786326332, 0.00035040624789, 0.000230595323956, 0.000141638753121, 0.000169940278283, 0.000124987229356, 0.000151853018906, 7.93462677393e-05, 8.60880682012e-05, 0.000179835449671, 8.99550650502e-05, 0.000108312873635, 6.46796252113e-05, 6.29241985735e-05, 5.84349145356e-05, 3.47453024006e-05, 1.68738224602e-05, 5.35354265594e-05, 2.57029205386e-05, 3.92275760532e-05, 4.96185057273e-05, 3.27169655066e-05, 2.79331870843e-05, 2.98367122014e-05, 4.93485567858e-05, 2.61277527898e-05, 3.17482990795e-05, 4.503746095e-05, 2.66466613539e-05, 8.27261974337e-05, 0.000126854880364, 5.48615971638e-05, 3.97814583266e-05, 4.44986690127e-05, 6.47750639473e-05, 6.51672526146e-05, 2.31650756177e-05, 1.43860079334e-05, 2.84527377516e-05, 2.45095143327e-05, 1.71663305082e-05, 1.75373370439e-05, 1.81268605957e-05, 2.53587149928e-05, 2.08564779314e-05, 1.06163524833e-05, 1.45984713527e-05, 1.10990895337e-05, 6.04773913437e-06, 7.97198208602e-06, 9.45005012909e-06, 5.87868635193e-06, 9.00337545318e-06, 8.28876181913e-06, 3.82299867852e-06, 2.90170032713e-06, 2.05577634915e-06, 1.56147780217e-06, 1.38150369366e-06, 1.69958855167e-06, 2.00340195988e-06, 1.62519961577e-06, 1.59933301802e-06, 1.61512252816e-06, 2.00094609681e-06, 2.31125704886e-06, 2.14087231143e-06, 2.14011129174e-06, 2.39225460064e-06, 2.18716263589e-06, 1.88369563148e-06, 1.84910322787e-06, 1.46659374423e-06, 1.05912636172e-06, 8.35570119762e-07, 5.87351337344e-07, 4.63210739099e-07, 7.23689765891e-07, 1.15673060463e-06, 1.20731601783e-06, 9.16867463729e-07, 6.62683135033e-07, 4.84221345687e-07, 3.87023533222e-07, 3.15701186082e-07, 2.94699617598e-07, 2.1403258188e-07, 1.62442063356e-07, 1.23577464706e-07, 1.01350295267e-07, 8.7783412539e-08, 8.36837514839e-08, 7.97925636675e-08, 7.09877099325e-08, 6.15179018837e-08, 4.49248673817e-08, 3.14889661013e-08, 6.41787689659e-09, 2.62648192084e-09, 1.66301561411e-09, 8.27121426905e-10, 3.83191291198e-11, 6.17079651266e-11, 2.53789402688e-11, 1.33868758093e-11, 1.2568504397e-11, 1.22595883098e-11, 1.20529263653e-11, 1.18495274357e-11, 1.16420180787e-11, 1.15098729159e-11, 1.14427087597e-11],
        "min": [2.73389311189e-09, 4.01017281604e-08, 9.71080140744e-08, 6.84053560462e-08, 5.09218239131e-07, 2.90976799988e-07, 5.8039677242e-07, 7.56727615681e-07, 2.93880111712e-06, 1.54644976647e-06, 1.78909385795e-06, 9.82003984973e-06, 2.64556206275e-07, 1.5426395521e-06, 1.82282246897e-06, 7.90733565736e-07, 8.01147223228e-07, 5.88187504036e-07, 3.55857991963e-07, 1.85730783642e-07, 5.41580575941e-08, 5.24292502746e-08, 1.0843228182e-07, 1.95527960045e-07, 9.13814091064e-08, 9.84319541431e-08, 3.9820477582e-08, 5.19383753783e-08, 8.36012077343e-08, 3.29871703286e-08, 5.67678561936e-08, 1.83309545321e-08, 8.40996783324e-09, 2.60072727798e-08, 4.44603820426e-08, 2.02827656892e-08, 2.69326676516e-08, 2.0581934379e-08, 1.83723152247e-08, 4.40051941553e-08, 4.8715563139e-08, 2.61724633077e-08, 5.02471593222e-08, 5.29419921236e-08, 2.65078732298e-08, 5.62850637209e-08, 9.89570096976e-08, 3.46078827818e-08, 6.93447574918e-08, 8.55431565583e-08, 1.58536167305e-07, 9.06961403757e-08, 3.7270641684e-08, 5.34434967392e-08, 3.52392746095e-08, 4.04238811313e-08, 1.74133312214e-08, 1.84508870404e-08, 1.68227387576e-08, 4.60817588532e-08, 6.3673837758e-08, 2.90886070786e-08, 1.71085403622e-08, 2.66047255337e-08, 2.30260166489e-08, 1.87957844844e-08, 4.49275150416e-09, 5.18216047851e-09, 1.13446816385e-08, 8.846265942e-09, 7.93678989197e-09, 6.48474873799e-09, 2.0050185956e-09, 2.46005549265e-09, 4.05621536359e-09, 5.51982637376e-09, 1.24055488104e-09, 9.6337249289e-10, 2.0874582618e-10, 6.78555753253e-11, 4.95013717516e-11, 4.96468838262e-11, 1.4076688426e-10, 3.66407404417e-10, 2.46817122296e-10, 1.33377298095e-09, 1.13006337621e-09, 5.7032106815e-10, 6.64330868094e-10, 6.66027233365e-10, 7.55553231091e-10, 4.67826777317e-10, 4.53972803793e-10, 1.91984539377e-10, 4.0323785977e-10, 4.86534923461e-10, 3.87908288824e-10, 2.33469826805e-10, 2.83790241307e-10, 1.2725026588e-10, 1.01108864337e-10, 2.71793230283e-11, 8.26768514761e-12, 3.12484239873e-12, 4.86759244023e-12, 1.67809874069e-12, 3.40644699948e-12, 7.06603991898e-13, 1.02398443186e-13, 1.05259896665e-13, 1.16804325543e-13, 1.15671252958e-13, 9.1417691017e-14, 8.72854916058e-14, 9.34233362871e-14, 9.96811343862e-14, 1.05568880731e-13, 8.52068727532e-14, 9.84036460715e-14, 9.46355353023e-14, 9.12416843468e-14, 9.96061889111e-14, 1.01077254747e-13, 8.23513010713e-14, 7.67917088425e-14, 2.4289813257e-14, 4.36066621993e-15, 7.00837376664e-17],
        "stdev": [0.000228386576055, 0.000981184537522, 0.00201567728072, 0.00212254468352, 0.00154953100719, 0.0010304216994, 0.000973098445684, 0.000972017704044, 0.000997710041702, 0.00143367738929, 0.00176878646016, 0.00199855235405, 0.00242641032673, 0.00159127183724, 0.00261164689437, 0.00198628357612, 0.00121590972412, 0.000927905552089, 0.000447737053037, 0.000319824466715, 0.000406324572396, 0.000259808904957, 0.000379516306566, 0.000360665057087, 0.000241539572016, 0.000429764389992, 0.000244605762418, 0.000313478318276, 0.000225938871154, 0.000206960787182, 0.000169145583641, 0.000129014078993, 8.66440313985e-05, 0.000243399277679, 0.000101564837678, 0.000129192412714, 0.000127589781187, 0.00010604991985, 0.000118826275866, 9.52684786171e-05, 0.0001524197869, 7.1967857366e-05, 0.000109817396151, 0.000137179304147, 9.55446303124e-05, 0.000344028085237, 0.000411644752603, 0.000172263302375, 0.000175809109351, 0.000218534565647, 0.000181582334335, 0.000257758219959, 7.60406474001e-05, 3.09439201374e-05, 6.95608468959e-05, 7.49768223614e-05, 6.57759301248e-05, 3.95249771827e-05, 3.88239532185e-05, 5.59897489438e-05, 5.93385302636e-05, 2.73982186627e-05, 3.41205995937e-05, 2.42366604652e-05, 1.41983200592e-05, 1.64096363733e-05, 1.99126079679e-05, 1.20308650366e-05, 1.94565545826e-05, 1.56126388902e-05, 7.59807562645e-06, 6.55698022456e-06, 5.67233882975e-06, 4.87467696075e-06, 3.69845565729e-06, 4.78973288409e-06, 6.02573254582e-06, 5.00747819387e-06, 5.6720732573e-06, 5.84289955441e-06, 7.34970672056e-06, 9.5138721008e-06, 9.09357277123e-06, 9.05627166503e-06, 9.67499909166e-06, 7.8319626482e-06, 6.33422951068e-06, 6.06998492003e-06, 4.43336512035e-06, 2.79068740383e-06, 2.07729635804e-06, 1.63793356478e-06, 1.04718401417e-06, 1.76415107944e-06, 3.48939579453e-06, 3.92781112168e-06, 3.23269546243e-06, 1.95581515072e-06, 1.37850486226e-06, 1.30196156078e-06, 1.27289445118e-06, 1.45459614487e-06, 6.72096859944e-07, 4.65539358174e-07, 3.32444130891e-07, 2.67381153662e-07, 2.40318598799e-07, 2.20395946826e-07, 2.21819504986e-07, 1.98119863626e-07, 1.78246693849e-07, 1.89968517361e-07, 1.59548378065e-07, 3.59940521832e-08, 3.20938511322e-08, 1.16250440385e-08, 2.8898776705e-09, 2.43492559449e-10, 3.63894664401e-10, 2.30937616252e-10, 2.07678915731e-10, 2.0294808889e-10, 1.98417643427e-10, 1.95097840661e-10, 1.92517862763e-10, 1.90318344417e-10, 1.88787097066e-10, 1.87760168524e-10]
    },
    "mfcc": {
        "mean": [-658.204284668, 144.145324707, 4.82595443726, 34.3576545715, 22.7348842621, -2.45257878304, -9.17950248718, -2.12607479095, -11.1635923386, 5.14719343185, -4.18674182892, -3.65274453163, -2.09718036652],
        "cov": [[3423.49243164, -1169.80834961, -331.474975586, -257.762084961, -202.582702637, -110.045890808, 29.106716156, 159.186523438, -8.14665412903, 66.4924316406, -50.6536369324, -114.789009094, -22.6941757202], [-1169.80834961, 1164.69934082, -201.910751343, 9.60756874084, 60.1426887512, -13.6754264832, 152.434661865, 17.974363327, -50.6597557068, 43.3756065369, 14.782251358, 83.5048904419, -3.93997073174], [-331.474975586, -201.910751343, 606.037658691, 111.757965088, -4.81216716766, 193.683639526, -94.670715332, 40.6692886353, 29.5411052704, -61.0380249023, 96.9656677246, 70.9386444092, 60.7190971375], [-257.762084961, 9.60756874084, 111.757965088, 284.980194092, 75.4041976929, 27.3295841217, -37.1414833069, -7.62038087845, 88.4569549561, 4.00783872604, 20.6796207428, 58.2781028748, 32.0859565735], [-202.582702637, 60.1426887512, -4.81216716766, 75.4041976929, 303.034606934, -128.91255188, -47.8976020813, -10.907084465, 51.2975769043, 80.786239624, -68.7822113037, 11.1325187683, 35.1270561218], [-110.045890808, -13.6754264832, 193.683639526, 27.3295841217, -128.91255188, 275.659912109, 33.3313293457, 12.1981945038, 18.4873409271, -45.9171066284, 93.3502349854, 17.9860191345, -2.49310994148], [29.106716156, 152.434661865, -94.670715332, -37.1414833069, -47.8976020813, 33.3313293457, 219.452255249, 10.4313259125, 5.07541656494, 21.6191177368, 20.6773681641, 12.5097799301, -6.43229722977], [159.186523438, 17.974363327, 40.6692886353, -7.62038087845, -10.907084465, 12.1981945038, 10.4313259125, 134.368347168, 10.6207962036, -1.90705215931, 10.921254158, 32.5158500671, 34.6281890869], [-8.14665412903, -50.6597557068, 29.5411052704, 88.4569549561, 51.2975769043, 18.4873409271, 5.07541656494, 10.6207962036, 171.232421875, 16.6663627625, -5.16929340363, 18.9069576263, 12.3411226273], [66.4924316406, 43.3756065369, -61.0380249023, 4.00783872604, 80.786239624, -45.9171066284, 21.6191177368, -1.90705215931, 16.6663627625, 129.228286743, -7.43889427185, -17.9853000641, -4.86438322067], [-50.6536369324, 14.782251358, 96.9656677246, 20.6796207428, -68.7822113037, 93.3502349854, 20.6773681641, 10.921254158, -5.16929340363, -7.43889427185, 108.839065552, 31.6800689697, -2.77168536186], [-114.789009094, 83.5048904419, 70.9386444092, 58.2781028748, 11.1325187683, 17.9860191345, 12.5097799301, 32.5158500671, 18.9069576263, -17.9853000641, 31.6800689697, 115.066116333, 40.9209480286], [-22.6941757202, -3.93997073174, 60.7190971375, 32.0859565735, 35.1270561218, -2.49310994148, -6.43229722977, 34.6281890869, 12.3411226273, -4.86438322067, -2.77168536186, 40.9209480286, 83.0581130981]],
        "icov": [[0.000833268626593, 0.00106043403503, 0.000779169378802, 0.000290589086944, 0.000355897675036, -4.5098575356e-05, -0.000227488853852, -0.00124595884699, 0.000157382150064, -0.000714938214514, -3.88742409996e-06, -0.000376483221771, 6.61868398311e-05], [0.00106043403503, 0.00252557592466, 0.00154499255586, 0.000215443011257, -0.000174491957296, -0.000519108609296, -0.000876082282048, -0.00177047774196, 0.000889882794581, -0.000948751112446, -0.00013684653095, -0.00158208049834, 0.000512475206051], [0.000779169378802, 0.00154499255586, 0.00415853084996, -8.11056888779e-05, -0.00100963539444, -0.00235959864222, 0.000985454185866, -0.00164874340408, 0.000582771084737, 0.000262684538029, -0.00181015266571, -0.00118924444541, -0.00114837626461], [0.000290589086944, 0.000215443011257, -8.11056888779e-05, 0.00537647213787, -0.000798639724962, -0.000318572943797, 0.000772045110352, 0.000724580895621, -0.00223105866462, -0.000210614118259, -0.000874356774148, -0.00190925493371, -0.000611523748375], [0.000355897675036, -0.000174491957296, -0.00100963539444, -0.000798639724962, 0.0072193518281, 0.00250789592974, 0.000786403135862, 0.000499003916048, -0.0012581871124, -0.00411276519299, 0.00322582060471, -0.000538552412763, -0.00167044904083], [-4.5098575356e-05, -0.000519108609296, -0.00235959864222, -0.000318572943797, 0.00250789592974, 0.00777568528429, -0.0011910883477, 0.000367407628801, -0.00152898428496, 0.000750460894778, -0.00321393320337, 0.00175548449624, 3.74198280042e-05], [-0.000227488853852, -0.000876082282048, 0.000985454185866, 0.000772045110352, 0.000786403135862, -0.0011910883477, 0.00631582317874, 0.00029906956479, -0.000910344882868, -0.00117993273307, -0.000603586668149, -0.000891462899745, -0.000641057675239], [-0.00124595884699, -0.00177047774196, -0.00164874340408, 0.000724580895621, 0.000499003916048, 0.000367407628801, 0.00029906956479, 0.0109397945926, -0.00120219041128, 0.000240691515501, 1.36861699502e-05, -0.00105338811409, -0.00352468481287], [0.000157382150064, 0.000889882794581, 0.000582771084737, -0.00223105866462, -0.0012581871124, -0.00152898428496, -0.000910344882868, -0.00120219041128, 0.00796808023006, -0.000716040900443, 0.00129246502183, -0.000953564653173, 0.000725053308997], [-0.000714938214514, -0.000948751112446, 0.000262684538029, -0.000210614118259, -0.00411276519299, 0.000750460894778, -0.00117993273307, 0.000240691515501, -0.000716040900443, 0.0119254263118, -0.00354654435068, 0.00308113079518, 0.000387615611544], [-3.88742409996e-06, -0.00013684653095, -0.00181015266571, -0.000874356774148, 0.00322582060471, -0.00321393320337, -0.000603586668149, 1.36861699502e-05, 0.00129246502183, -0.00354654435068, 0.0170699730515, -0.00445020245388, 0.00250273267739], [-0.000376483221771, -0.00158208049834, -0.00118924444541, -0.00190925493371, -0.000538552412763, 0.00175548449624, -0.000891462899745, -0.00105338811409, -0.000953564653173, 0.00308113079518, -0.00445020245388, 0.0150315500796, -0.00515246530995], [6.61868398311e-05, 0.000512475206051, -0.00114837626461, -0.000611523748375, -0.00167044904083, 3.74198280042e-05, -0.000641057675239, -0.00352468481287, 0.000725053308997, 0.000387615611544, 0.00250273267739, -0.00515246530995, 0.0178223438561]]
    },
    "spectral_contrast_coeffs": {
        "max": [-0.423787921667, -0.463048398495, -0.50262337923, -0.525478601456, -0.615029811859, -0.633781552315],
        "mean": [-0.68818384409, -0.70299166441, -0.744754314423, -0.756882190704, -0.758023619652, -0.784514248371],
        "min": [-0.883793950081, -0.914864063263, -0.912340581417, -0.889877676964, -0.905208408833, -0.866282939911],
        "stdev": [0.0748856663704, 0.0743522197008, 0.0710622817278, 0.0636643543839, 0.0493678413332, 0.0369736328721]
    },
    "spectral_contrast_valleys": {
        "max": [-5.17319536209, -5.44353437424, -6.125207901, -5.90201234818, -5.90457963943, -8.04632949829],
        "mean": [-6.24152231216, -6.83438301086, -7.97311067581, -7.85022926331, -7.99884843826, -10.6418571472],
        "min": [-8.93626499176, -8.43863487244, -9.91825866699, -9.34943580627, -10.212351799, -13.352973938],
        "stdev": [0.585459887981, 0.534768402576, 0.653424739838, 0.57216835022, 0.686354637146, 0.886802256107]
    }
},
"rhythm": {
    "beats_count": 53,
    "beats_loudness": {
        "max": 0.0778919905424,
        "mean": 0.0360781550407,
        "min": 0.00637587485835,
        "stdev": 0.01438182313
    },
    "bpm": 99.5866546631,
    "bpm_histogram_first_peak_bpm": 99,
    "bpm_histogram_first_peak_weight": 0.469387769699,
    "bpm_histogram_second_peak_bpm": 94,
    "bpm_histogram_second_peak_spread": 0.33333337307,
    "bpm_histogram_second_peak_weight": 0.0384615398943,
    "danceability": 1.19909381866,
    "onset_rate": 2.95312476158,
    "beats_loudness_band_ratio": {
        "max": [0.86223000288, 0.817471325397, 0.446355730295, 0.297671347857, 0.482134878635, 0.0927248522639],
        "mean": [0.3248270154, 0.425258100033, 0.10553380847, 0.058330077678, 0.112181521952, 0.0235016867518],
        "min": [0.0276464112103, 0.0754887834191, 0.0109307421371, 0.00247236783616, 0.00556474132463, 0.000746450736187],
        "stdev": [0.195108830929, 0.195685386658, 0.0810782834888, 0.0673145279288, 0.105996139348, 0.0194479692727]
    },
    "beats_position": [0.650158703327, 1.30031740665, 1.91564619541, 2.53097510338, 3.14630389214, 3.7732424736, 4.38857126236, 5.01551008224, 5.64244890213, 6.24616765976, 6.84988641739, 7.45360517502, 8.05732440948, 8.64943313599, 9.24154186249, 9.83365058899, 10.4373693466, 11.0643081665, 11.6680269241, 12.2833557129, 12.8986845016, 13.5256233215, 14.1641721725, 14.8027210236, 15.4180498123, 16.0217685699, 16.602268219, 17.1827659607, 17.7632656097, 18.3669834137, 18.970703125, 19.5628108978, 20.1665306091, 20.758638382, 21.3507480621, 21.9544658661, 22.5465755463, 23.1502952576, 23.7540130615, 24.369342804, 24.9730606079, 25.5651702881, 26.1804981232, 26.7842178345, 27.3879356384, 27.9800453186, 28.5721530914, 29.1642627716, 29.7447605133, 30.3252601624, 30.9173698425, 31.5094776154, 32.1131973267],
