{
"metadata": {
    "version": {
        "essentia": "2.1-beta5",
        "essentia_git_sha": "Undefined",
        "extractor": "music 2.0"
    },
    "audio_properties": {
        "analysis": {
            "equal_loudness": 0,
            "length": 12.7477550507,
            "sample_rate": 44100,
            "start_time": 0,
            "downmix": "mix"
        },
        "bit_rate": 192000,
        "length": 199.412979126,
        "lossless": 0,
        "number_channels": 2,
        "replay_gain": -3.14819335938,
        "sample_rate": 48000,
        "codec": "mp3",
        "md5_encoded": "aa8ce4928a494c08a29bed7d37a884b2"
    },
    "tags": {
        "file_name": "Austria_Weil_s Dr Guat Got_George Nußbaumer.mp3",
        "encoding": ["Lavf58.29.100"]
    }
},
"lowlevel": {
    "average_loudness": 0.000433666195022,
    "barkbands_crest": {
        "max": 20.5503311157,
        "mean": 7.07360839844,
        "min": 3.0167222023,
        "stdev": 1.95154988766
    },
    "barkbands_flatness_db": {
        "max": 0.21155269444,
        "mean": 0.0901674702764,
        "min": 0.0562140867114,
        "stdev": 0.0357499755919
    },
    "barkbands_kurtosis": {
        "max": 11.4986457825,
        "mean": 3.05222988129,
        "min": -1.35110318661,
        "stdev": 1.27630674839
    },
    "barkbands_skewness": {
        "max": 3.0936498642,
        "mean": -1.26795482635,
        "min": -2.19643187523,
        "stdev": 1.23156261444
    },
    "barkbands_spread": {
        "max": 45.5906677246,
        "mean": 23.9712848663,
        "min": 4.73338031769,
        "stdev": 6.74017238617
    },
    "dissonance": {
        "max": 0.500000059605,
        "mean": 0.488045483828,
        "min": 0.388401985168,
        "stdev": 0.0156631693244
    },
    "dynamic_complexity": 8.74594783783,
    "erbbands_crest": {
        "max": 22.1474571228,
        "mean": 4.74257802963,
        "min": 2.62973356247,
        "stdev": 3.33696842194
    },
    "erbbands_flatness_db": {
        "max": 0.305914849043,
        "mean": 0.123386770487,
        "min": 0.0808756425977,
        "stdev": 0.0531305260956
    },
    "erbbands_kurtosis": {
        "max": 5.79625320435,
        "mean": 0.250596821308,
        "min": -1.52017652988,
        "stdev": 0.790557980537
    },
    "erbbands_skewness": {
        "max": 2.29364514351,
        "mean": -0.373158156872,
        "min": -0.979054450989,
        "stdev": 0.623101949692
    },
    "erbbands_spread": {
        "max": 50.3743247986,
        "mean": 33.6241607666,
        "min": 7.68779325485,
        "stdev": 7.63942527771
    },
    "hfc": {
        "max": 218.08531189,
        "mean": 5.27351665497,
        "min": 1.05402477085e-16,
        "stdev": 20.6250133514
    },
    "loudness_ebu128": {
        "integrated": -17.597864151,
        "loudness_range": 20.0616893768,
        "momentary": {
            "max": -14.193983078,
            "mean": -246.496398926,
            "min": -300.691009521,
            "stdev": 108.791915894
        },
        "short_term": {
            "max": -19.9129943848,
            "mean": -234.068267822,
            "min": -300.691009521,
            "stdev": 115.144973755
        }
    },
    "melbands_crest": {
        "max": 26.1408863068,
        "mean": 4.13798046112,
        "min": 1.51035141945,
        "stdev": 4.23511648178
    },
    "melbands_flatness_db": {
        "max": 0.24460400641,
        "mean": 0.03636752069,
        "min": 0.00326841627248,
        "stdev": 0.0654113963246
    },
    "melbands_kurtosis": {
        "max": 19.7550010681,
        "mean": 0.0378416292369,
        "min": -1.47886765003,
        "stdev": 3.18905830383
    },
    "melbands_skewness": {
        "max": 3.5113863945,
        "mean": 0.304908543825,
        "min": -0.364493459463,
        "stdev": 0.730431616306
    },
    "melbands_spread": {
        "max": 166.022872925,
        "mean": 110.819877625,
        "min": 6.24286651611,
        "stdev": 44.7976913452
    },
    "pitch_salience": {
        "max": 0.929954349995,
        "mean": 0.768092155457,
        "min": 0.423099786043,
        "stdev": 0.0637546926737
    },
    "silence_rate_20dB": {
        "max": 1,
        "mean": 1,
        "min": 1,
        "stdev": 0
    },
    "silence_rate_30dB": {
        "max": 1,
        "mean": 0.976363658905,
        "min": 0,
        "stdev": 0.151913449168
    },
    "silence_rate_60dB": {
        "max": 1,
        "mean": 0.878181815147,
        "min": 0,
        "stdev": 0.327075600624
    },
    "spectral_centroid": {
        "max": 11913.0898438,
        "mean": 9238.87011719,
        "min": 556.628234863,
        "stdev": 3742.64648438
    },
    "spectral_complexity": {
        "max": 56,
        "mean": 3.69636368752,
        "min": 0,
        "stdev": 10.3998498917
    },
    "spectral_decrease": {
        "max": 2.88456759274e-28,
        "mean": -1.56297008669e-09,
        "min": -8.14076912548e-08,
        "stdev": 6.99424829165e-09
    },
    "spectral_energy": {
        "max": 0.327032387257,
        "mean": 0.00637733144686,
        "min": 9.92410263028e-21,
        "stdev": 0.0281370915473
    },
    "spectral_energyband_high": {
        "max": 0.00741431955248,
        "mean": 0.00013791929814,
        "min": 6.96207386989e-21,
        "stdev": 0.000706438615452
    },
    "spectral_energyband_low": {
        "max": 0.0197900347412,
        "mean": 0.000380907178624,
        "min": 8.34685835205e-24,
        "stdev": 0.00185655907262
    },
    "spectral_energyband_middle_high": {
        "max": 0.0474583134055,
        "mean": 0.00146271428093,
        "min": 1.08468339127e-21,
        "stdev": 0.00508718239143
    },
    "spectral_energyband_middle_low": {
        "max": 0.273928493261,
        "mean": 0.00455336133018,
        "min": 1.42624638025e-22,
        "stdev": 0.0228607207537
    },
    "spectral_entropy": {
        "max": 9.82769680023,
        "mean": 9.3926486969,
        "min": 7.06893920898,
        "stdev": 0.856576681137
    },
    "spectral_flux": {
        "max": 0.4700268507,
        "mean": 0.0173874087632,
        "min": 6.11154460373e-11,
        "stdev": 0.0550413280725
    },
    "spectral_kurtosis": {
        "max": 14.3737125397,
        "mean": 0.0388136170805,
        "min": -1.26846909523,
        "stdev": 2.77348160744
    },
    "spectral_rms": {
        "max": 0.0178621374071,
        "mean": 0.000784176634625,
        "min": 3.11159951971e-12,
        "stdev": 0.00236787949689
    },
    "spectral_rolloff": {
        "max": 19896.6796875,
        "mean": 15618.6767578,
        "min": 538.330078125,
        "stdev": 6600.75537109
    },
    "spectral_skewness": {
        "max": 3.18338799477,
        "mean": 0.314655423164,
        "min": -0.0916260927916,
        "stdev": 0.682949006557
    },
    "spectral_spread": {
        "max": 42814168,
        "mean": 33554424,
        "min": 1936623.75,
        "stdev": 14509364
    },
    "spectral_strongpeak": {
        "max": 6.21271133423,
        "mean": 0.238239169121,
        "min": 0,
        "stdev": 0.73201406002
    },
    "zerocrossingrate": {
        "max": 0.734375,
        "mean": 0.42099699378,
        "min": 0.0302734375,
        "stdev": 0.169976919889
    },
    "barkbands": {
        "max": [0.000200110895094, 0.00306098791771, 0.0101373326033, 0.0396884903312, 0.0526483654976, 0.20019286871, 0.0767422318459, 0.138801053166, 0.0179553944618, 0.0119141926989, 0.00748756714165, 0.00543208559975, 0.00653873430565, 0.0117170950398, 0.0208530407399, 0.0161858350039, 0.0106607358903, 0.00403546821326, 0.0121422009543, 0.00635589193553, 0.00325535051525, 0.0022328144405, 0.00164487201255, 0.000794720021077, 5.33267811988e-05, 1.31823062475e-05, 8.74250360994e-07],
        "mean": [2.27512327911e-06, 4.20735232183e-05, 0.000212699233089, 0.000324050168274, 0.000755915767513, 0.00131411198527, 0.000886415014975, 0.000888622133061, 0.000335984979756, 0.00020509478054, 0.000239235349, 7.7783523011e-05, 0.00011590498616, 0.00011957638344, 0.000197576766368, 0.000141547381645, 0.000136724949698, 7.35920111765e-05, 9.56425137701e-05, 0.000114486043458, 3.82587168133e-05, 2.53017187788e-05, 2.2703088689e-05, 9.20904039958e-06, 2.14069086724e-06, 4.07890155429e-07, 3.17538240147e-09],
        "min": [1.50410481773e-25, 8.79632269964e-25, 2.09337503924e-25, 5.1128609483e-25, 4.38805061821e-24, 6.1073686224e-24, 4.75483701811e-24, 6.31784657267e-24, 1.42670985181e-23, 9.11492488381e-24, 5.68991486984e-24, 1.43080451323e-23, 1.68389033983e-23, 2.72307621625e-23, 3.30791497219e-23, 3.88990751798e-23, 6.29054851437e-23, 8.4396738329e-23, 9.39404848454e-23, 1.35146640541e-22, 1.93573364739e-22, 2.87263660771e-22, 3.59009436763e-22, 4.58880110888e-22, 7.85338824295e-22, 1.27140467232e-21, 1.77358650688e-21],
        "stdev": [1.56703827088e-05, 0.0002448388841, 0.00103597296402, 0.00247192988172, 0.0039087231271, 0.00978048332036, 0.00551341613755, 0.00789534393698, 0.00134133698884, 0.000804151582997, 0.000847483926918, 0.000356592179742, 0.000491210608743, 0.000618238875177, 0.00125829235185, 0.000851921678986, 0.000778873334639, 0.000360374018783, 0.00061005668249, 0.000587901566178, 0.000230175050092, 0.000157115558977, 0.00014019520313, 5.80055020691e-05, 7.00987948221e-06, 1.40041572649e-06, 4.35941451826e-08]
    },
    "erbbands": {
        "max": [0.0389912389219, 1.02836465836, 7.75543689728, 55.4332466125, 259.468231201, 79.1316452026, 156.762680054, 2249.19799805, 985.724243164, 1832.66394043, 1945.41540527, 615.064941406, 264.959320068, 377.441589355, 418.194091797, 118.562461853, 340.028137207, 522.472167969, 321.955352783, 1303.46240234, 732.821655273, 651.023254395, 217.476394653, 646.059387207, 361.156463623, 245.551040649, 124.019859314, 195.479644775, 87.3537445068, 45.2639694214, 47.2032051086, 27.8751735687, 9.60125637054, 1.01832520962, 0.327263742685, 0.118709973991, 0.0105543490499, 0.000552181969397, 0.000245712406468, 0.000381875841413],
        "mean": [0.000558494881261, 0.0148654403165, 0.187660217285, 0.707245409489, 2.27436232567, 2.03934907913, 3.41013455391, 13.1685152054, 15.576420784, 17.8029537201, 13.0999612808, 9.33878231049, 5.5645608902, 8.01934623718, 8.70190143585, 3.29134488106, 5.48531961441, 6.18075084686, 6.49951505661, 12.1991348267, 7.23348617554, 7.76448488235, 4.79254961014, 4.00548028946, 5.84059667587, 4.76521587372, 2.17980504036, 1.39053344727, 0.896500527859, 0.72456407547, 0.631405889988, 0.30809366703, 0.104239724576, 0.031952932477, 0.0121265901253, 0.00384696922265, 0.000275812461041, 1.17545041576e-05, 4.55631425211e-06, 7.77958121034e-06],
        "min": [4.28617002116e-23, 2.11803347036e-22, 1.26821459455e-21, 2.72953224128e-21, 8.38767441919e-21, 9.2410291589e-21, 2.13114037536e-20, 4.81034768327e-20, 9.57164678738e-20, 1.13844738459e-19, 2.42090898177e-19, 3.08700909473e-19, 2.81792905092e-19, 5.35993804985e-19, 7.68603248788e-19, 1.04647477494e-18, 1.14659681968e-18, 1.54257614052e-18, 2.01871257144e-18, 2.99416406803e-18, 3.91756874008e-18, 4.19680588973e-18, 5.10196481862e-18, 4.30212293891e-18, 6.72975865682e-18, 6.30269647349e-18, 8.03983821199e-18, 7.66396237856e-18, 9.44255868705e-18, 9.93422739853e-18, 9.99509382954e-18, 7.84147285648e-18, 8.05922567119e-18, 7.03996462141e-18, 5.95746933612e-18, 3.73075413464e-18, 2.25182096025e-18, 9.12764751233e-19, 2.14117588565e-19, 2.63233702489e-20],
        "stdev": [0.00300977914594, 0.08273409307, 0.867589950562, 4.29823255539, 17.0259056091, 9.16722393036, 16.4124164581, 106.712905884, 88.3875045776, 136.544433594, 113.421005249, 40.3832397461, 22.1751689911, 28.3427257538, 33.1116905212, 11.9037780762, 23.6293926239, 30.5916728973, 27.7530136108, 81.2837142944, 41.8158340454, 44.5554618835, 23.0040950775, 30.5139293671, 27.5825767517, 24.2011146545, 10.6158008575, 10.8246049881, 5.63561582565, 4.05241298676, 4.18446826935, 2.11110043526, 0.598910212517, 0.111733831465, 0.0399508886039, 0.0129650700837, 0.00102076074108, 4.80928865727e-05, 1.9059085389e-05, 3.33142161253e-05]
    },
    "gfcc": {
        "mean": [-1047.14672852, 13.9586048126, -34.4178581238, 0.99361038208, -14.7369337082, 2.54893398285, -7.15164613724, 2.30017518997, -3.71640014648, -0.712969183922, -2.69249868393, -1.35656273365, -0.220249637961],
        "cov": [[213791.5, 14318.0126953, -32490.0253906, 1525.27453613, -14108.1943359, 2211.69433594, -7066.69775391, 1959.33679199, -3693.05566406, -789.369140625, -2595.625, -1446.77282715, -196.75177002], [14318.0126953, 1212.17370605, -2001.70874023, 151.045639038, -910.651000977, 49.9308662415, -513.66986084, 58.4749679565, -265.867828369, -65.9497680664, -150.376068115, -127.366630554, -22.7560634613], [-32490.0253906, -2001.70874023, 5314.29492188, -61.2697296143, 2225.1640625, -443.266113281, 1036.61499023, -397.193115234, 535.103088379, 104.759010315, 414.028076172, 190.165649414, 7.51248025894], [1525.27453613, 151.045639038, -61.2697296143, 142.384399414, -49.7979278564, -25.3495159149, -59.3375549316, -36.6330490112, -38.2498054504, -22.8176002502, -8.70484161377, -23.9593524933, -10.5901184082], [-14108.1943359, -910.651000977, 2225.1640625, -49.7979278564, 965.188842773, -163.497573853, 459.243438721, -151.337738037, 237.113525391, 44.404045105, 174.198455811, 91.2900161743, 10.6183433533], [2211.69433594, 49.9308662415, -443.266113281, -25.3495159149, -163.497573853, 99.390914917, -45.8513641357, 64.0203399658, -31.1815013885, -8.09659957886, -43.4261817932, 4.56748199463, 9.4886932373], [-7066.69775391, -513.66986084, 1036.61499023, -59.3375549316, 459.243438721, -45.8513641357, 258.519805908, -43.9286003113, 128.709152222, 28.4838504791, 83.0920181274, 48.9084510803, 8.12270259857], [1959.33679199, 58.4749679565, -397.193115234, -36.6330490112, -151.337738037, 64.0203399658, -43.9286003113, 60.8013420105, -23.259475708, 1.42723238468, -32.5784492493, -3.0200920105, 4.83455610275], [-3693.05566406, -265.867828369, 535.103088379, -38.2498054504, 237.113525391, -31.1815013885, 128.709152222, -23.259475708, 76.568145752, 16.2097663879, 44.0683708191, 24.5830860138, 1.72290015221], [-789.369140625, -65.9497680664, 104.759010315, -22.8176002502, 44.404045105, -8.09659957886, 28.4838504791, 1.42723238468, 16.2097663879, 19.9293441772, 14.2740440369, 5.58348846436, -1.05072939396], [-2595.625, -150.376068115, 414.028076172, -8.70484161377, 174.198455811, -43.4261817932, 83.0920181274, -32.5784492493, 44.0683708191, 14.2740440369, 47.5113983154, 13.6785831451, -0.469650477171], [-1446.77282715, -127.366630554, 190.165649414, -23.9593524933, 91.2900161743, 4.56748199463, 48.9084510803, -3.0200920105, 24.5830860138, 5.58348846436, 13.6785831451, 24.3970241547, 8.02640247345], [-196.75177002, -22.7560634613, 7.51248025894, -10.5901184082, 10.6183433533, 9.4886932373, 8.12270259857, 4.83455610275, 1.72290015221, -1.05072939396, -0.469650477171, 8.02640247345, 15.9881868362]],
        "icov": [[0.00116527371574, -0.00242245057598, 0.00160688476171, -0.00591996219009, 0.00599172431976, -0.0019406110514, 0.00574154779315, -0.00528800534084, 0.00197569117881, -0.00235186819918, 0.00215996662155, 0.000779383815825, 0.00137495691888], [-0.00242245057598, 0.0150658655912, -0.0038394308649, 0.0145437857136, -0.00884839333594, 0.00458306632936, -0.000962727586739, 0.0160736311227, 0.00409836601466, 0.0124551430345, -0.0117666805163, 0.017219658941, -0.00675816135481], [0.00160688476171, -0.0038394308649, 0.0133753949776, -0.00971574895084, -0.0087182559073, 0.00507019273937, -0.00440550642088, 0.00934312492609, 0.00345382536761, -0.0114808799699, 0.00974812358618, -0.00500269886106, 0.00545467995107], [-0.00591996219009, 0.0145437857136, -0.00971574895084, 0.046046923846, -0.030505746603, 0.00193854607642, -0.0224101487547, 0.0390603430569, 0.000999540206976, 0.0221700184047, -0.0163282342255, 0.013925072737, -0.00452324422076], [0.00599172431976, -0.00884839333594, -0.0087182559073, -0.030505746603, 0.0879979431629, -0.00921675469726, 0.0140985930339, -0.0190119575709, -0.00080289732432, 0.000696612696629, 0.00498383445665, -0.0122240893543, -0.0029400663916], [-0.0019406110514, 0.00458306632936, 0.00507019273937, 0.00193854607642, -0.00921675469726, 0.07162989676, -0.0464285761118, -0.0232196934521, 0.0150064732879, 0.0155411325395, 0.0252468846738, -0.0507876649499, 0.00140496832319], [0.00574154779315, -0.000962727586739, -0.00440550642088, -0.0224101487547, 0.0140985930339, -0.0464285761118, 0.130972251296, -0.0660322383046, -0.0128170251846, 0.00374319916591, -0.0310954190791, 0.0634770691395, -0.00302274851128], [-0.00528800534084, 0.0160736311227, 0.00934312492609, 0.0390603430569, -0.0190119575709, -0.0232196934521, -0.0660322383046, 0.18480925262, -0.0310410317034, -0.034815069288, 0.0170780494809, 0.00147789111361, -0.0158267263323], [0.00197569117881, 0.00409836601466, 0.00345382536761, 0.000999540206976, -0.00080289732432, 0.0150064732879, -0.0128170251846, -0.0310410317034, 0.11641112715, 0.0101080266759, -0.00549980672076, 0.0120012098923, 0.0186437964439], [-0.00235186819918, 0.0124551430345, -0.0114808799699, 0.0221700184047, 0.000696612696629, 0.0155411325395, 0.00374319916591, -0.034815069288, 0.0101080266759, 0.110570713878, -0.0487127155066, 0.00859841704369, 0.00823419727385], [0.00215996662155, -0.0117666805163, 0.00974812358618, -0.0163282342255, 0.00498383445665, 0.0252468846738, -0.0310954190791, 0.0170780494809, -0.00549980672076, -0.0487127155066, 0.113987192512, -0.032814823091, 0.00399096403271], [0.000779383815825, 0.017219658941, -0.00500269886106, 0.013925072737, -0.0122240893543, -0.0507876649499, 0.0634770691395, 0.00147789111361, 0.0120012098923, 0.00859841704369, -0.032814823091, 0.174872487783, -0.0382435657084], [0.00137495691888, -0.00675816135481, 0.00545467995107, -0.00452324422076, -0.0029400663916, 0.00140496832319, -0.00302274851128, -0.0158267263323, 0.0186437964439, 0.00823419727385, 0.00399096403271, -0.0382435657084, 0.0895770564675]]
    },
    "melbands": {
        "max": [0.000435893423855, 0.00284387380816, 0.0136625794694, 0.0123935630545, 0.00519692106172, 0.0466123297811, 0.0139298243448, 0.0254281181842, 0.0136195784435, 0.00313532096334, 0.001302831457, 0.00157676590607, 0.00117885274813, 0.000794302672148, 0.000434546731412, 0.000692128494848, 0.00109701754991, 0.000598269863985, 0.00188894220628, 0.0013857842423, 0.000680910190567, 0.000762952375226, 0.000433177716332, 0.000208682526136, 0.000578222796321, 0.000423569639679, 0.000322160456562, 0.00017430713342, 0.000101802637801, 6.27461704426e-05, 0.000148611346958, 6.2587481807e-05, 3.09968017973e-05, 2.43847225647e-05, 2.51497294812e-05, 2.96888592857e-05, 1.254946892e-05, 7.65727963881e-06, 2.34580875258e-06, 6.44723627374e-07],
        "mean": [7.67364235799e-06, 7.44180870242e-05, 0.000172990810825, 0.000159830364282, 0.00011206119234, 0.00029880166403, 0.000221633788897, 0.00020759900508, 9.36869328143e-05, 5.31069636054e-05, 2.62150497292e-05, 3.18121165037e-05, 3.00223182421e-05, 1.21115081129e-05, 9.60319812293e-06, 1.15960529001e-05, 1.15598832053e-05, 9.2004192993e-06, 1.59289229487e-05, 1.36440858114e-05, 7.43239024814e-06, 8.26111772767e-06, 6.25277652944e-06, 2.95129484584e-06, 3.15109173243e-06, 4.02712748837e-06, 4.95561425851e-06, 2.66873348664e-06, 1.55437192007e-06, 8.28368115435e-07, 8.240912166e-07, 5.66558298942e-07, 3.44768722016e-07, 4.1339168888e-07, 3.69743418105e-07, 3.00991899849e-07, 1.44697054338e-07, 7.78448878691e-08, 3.94911801038e-08, 2.24575380514e-08],
        "min": [3.96330621316e-25, 5.71861392539e-25, 1.15777525742e-24, 9.6448875564e-25, 7.42463360827e-25, 1.23156441903e-24, 1.34137573058e-24, 1.07149260984e-24, 1.67838637841e-24, 1.87240908463e-24, 1.36073457441e-24, 1.65149539205e-24, 1.89510974047e-24, 2.53814142432e-24, 1.73001988845e-24, 1.31147198581e-24, 2.23389374761e-24, 2.02337201555e-24, 2.76056726465e-24, 2.97016800159e-24, 3.54024010969e-24, 3.14429918566e-24, 2.79998408028e-24, 2.88850334575e-24, 2.58719969794e-24, 3.91811316076e-24, 4.39240158053e-24, 3.94110017311e-24, 3.74473336671e-24, 4.32744795688e-24, 3.54586232136e-24, 4.72894108118e-24, 4.22027489202e-24, 5.17124079681e-24, 4.73625776607e-24, 4.67102291352e-24, 4.53971464926e-24, 5.28157048858e-24, 4.3196185124e-24, 5.35436341747e-24],
        "stdev": [4.07034276577e-05, 0.000343652704032, 0.00109342671931, 0.000898557598703, 0.000525946554262, 0.00226988480426, 0.00124812673312, 0.00163882644847, 0.000769411155488, 0.000219606052269, 0.000106731160486, 0.000113445043098, 0.000110184111691, 5.2392231737e-05, 3.76172283723e-05, 4.99002126162e-05, 6.11291616224e-05, 4.05540813517e-05, 0.000105087528937, 8.58544008224e-05, 4.1123425035e-05, 4.91316786793e-05, 3.422388545e-05, 1.48796852955e-05, 2.66924998868e-05, 2.32530255744e-05, 2.51821165875e-05, 1.45543044709e-05, 8.11586687632e-06, 5.00279247717e-06, 7.44369435779e-06, 3.70027123608e-06, 2.1217106223e-06, 2.31075887314e-06, 2.41002999246e-06, 2.24588347919e-06, 9.48359343056e-07, 4.63038475118e-07, 1.71307902974e-07, 7.50462305632e-08]
    },
    "melbands128": {
        "max": [0.000152511289343, 0.00032851821743, 0.000413449073676, 0.00213726842776, 0.00433270214126, 0.00629375874996, 0.0100451661274, 0.0254125781357, 0.0366183184087, 0.0120552815497, 0.0052936701104, 0.0071133589372, 0.00689672958106, 0.0097473654896, 0.050260219723, 0.0805427879095, 0.0251940246671, 0.0118502918631, 0.012908956036, 0.0359478630126, 0.0582267232239, 0.0301407650113, 0.010621951893, 0.00244177808054, 0.005014505703, 0.00271611125208, 0.00103961245622, 0.00165207521059, 0.00127753603738, 0.00166671443731, 0.00217837933451, 0.00161409412976, 0.00137524236925, 0.00240032351576, 0.00135624571703, 0.000264720089035, 0.000440318981418, 0.000408154592151, 0.000907958601601, 0.00128938560374, 0.000374730385374, 0.0012621859787, 0.00149949861225, 0.0011974099325, 0.000717545335647, 0.000584537978284, 0.000802751805168, 0.00106663419865, 0.00427124928683, 0.00196652137674, 0.0020399754867, 0.00156044156756, 0.000619411002845, 0.000566264556255, 0.000569316849578, 0.00115622021258, 0.000659732322674, 0.000744399614632, 0.00042966727051, 0.000305089604808, 0.000166083569638, 0.000357505574357, 0.000405488128308, 0.000603518798016, 0.000964780338109, 0.000406972016208, 0.000132013927214, 0.000204558935366, 0.000544767361134, 0.000279913423583, 0.00019347651687, 0.000270755670499, 0.000153141460032, 0.000132681147079, 5.06299402332e-05, 8.99226870388e-05, 7.9376710346e-05, 9.73163259914e-05, 0.000209755336982, 0.000132746412419, 8.79831422935e-05, 2.94730671158e-05, 4.32808046753e-05, 2.26118281716e-05, 4.42447126261e-05, 2.64674054051e-05, 4.07906736655e-05, 3.91289686377e-05, 2.77381004707e-05, 4.18500058004e-05, 3.53707655449e-05, 4.10159336752e-05, 2.05577034649e-05, 1.64309367392e-05, 1.07481118903e-05, 7.91350885265e-06, 9.6081303127e-06, 6.32509181742e-06, 2.34301410273e-06, 9.47010221353e-07, 1.00097486211e-06, 6.56339125271e-07, 5.06744811446e-07, 5.69930477923e-07, 3.82482312489e-07, 3.21904082057e-07, 3.742497654e-07, 2.59510272826e-07, 2.36830501876e-07, 2.1081552859e-07, 1.46249959698e-07, 1.98631440185e-08, 9.28554211299e-09, 7.16250836419e-09, 4.46312187208e-09, 4.91035034855e-09, 3.8401948288e-09, 3.74098574341e-09, 3.73425557143e-09, 3.76905395783e-09, 3.75790643048e-09, 3.76423248127e-09, 3.79303566334e-09, 3.77029563126e-09, 3.75188191626e-09, 3.74670561243e-09, 3.74515396473e-09, 3.7507565942e-09],
        "mean": [1.77962851922e-06, 3.38987206305e-06, 4.72474357593e-06, 2.5478484531e-05, 7.28953600628e-05, 0.000113134097774, 0.000123952981085, 0.000183801603271, 0.000268987496383, 0.000158878625371, 9.00145896594e-05, 0.00010966132686, 9.8854652606e-05, 0.000134173067636, 0.000255004764767, 0.000445777521236, 0.00037004853948, 0.00013348471839, 9.37089862418e-05, 0.000217929991777, 0.000285672897007, 0.000140802265378, 5.30563338543e-05, 5.40457804163e-05, 8.34516395116e-05, 3.93335649278e-05, 1.55691941472e-05, 2.7035113817e-05, 3.42998355336e-05, 2.77670278592e-05, 3.75451563741e-05, 2.70996624749e-05, 2.81436678051e-05, 3.81479512725e-05, 1.26860750242e-05, 5.48357820662e-06, 6.72645501254e-06, 7.9712808656e-06, 1.22010524137e-05, 1.51002204802e-05, 9.66634252109e-06, 9.98212999548e-06, 1.39217127071e-05, 1.04341206679e-05, 9.27129440242e-06, 8.85403642314e-06, 9.24262167246e-06, 1.21521807159e-05, 2.44790535362e-05, 1.59392948262e-05, 1.2998366401e-05, 9.69068787526e-06, 6.76789613863e-06, 6.72805163049e-06, 7.70611404732e-06, 9.07122284843e-06, 8.0961808635e-06, 7.39383585824e-06, 5.51652601644e-06, 4.09577478422e-06, 2.49854178946e-06, 2.43869294536e-06, 2.50103221333e-06, 3.21203333442e-06, 4.55265080745e-06, 4.17915043727e-06, 3.39374946634e-06, 4.58773911305e-06, 6.31722241451e-06, 4.02491059504e-06, 2.13001248994e-06, 2.48468654718e-06, 2.01515877052e-06, 1.31277215587e-06, 1.12977136268e-06, 7.26650966953e-07, 8.24451092285e-07, 6.97996995314e-07, 8.89876901056e-07, 8.49149614623e-07, 6.792411682e-07, 4.18788687284e-07, 3.53109470552e-07, 2.53598017252e-07, 4.35270749222e-07, 4.33127212318e-07, 4.3118077997e-07, 3.52870245024e-07, 3.29494355356e-07, 4.45637908797e-07, 2.99001527537e-07, 3.11105964101e-07, 1.96792967699e-07, 1.43580436429e-07, 1.08785329189e-07, 7.91467584804e-08, 7.99455648348e-08, 6.37255084257e-08, 3.59145282403e-08, 3.10745349452e-08, 2.38346000714e-08, 2.25715162117e-08, 1.80617529821e-08, 1.59058846094e-08, 1.28030190893e-08, 1.16171765541e-08, 9.85517711882e-09, 8.54335446832e-09, 7.47801731649e-09, 3.97637522909e-09, 2.5578152929e-09, 4.83368456372e-10, 8.77206779437e-11, 5.26699101e-11, 3.71247407815e-11, 4.42943286216e-11, 2.67618566197e-11, 1.3437813362e-11, 1.20272307738e-11, 1.18765526927e-11, 1.17647801223e-11, 1.17214597403e-11, 1.1795499473e-11, 1.17828932375e-11, 1.17976418565e-11, 1.18076390679e-11, 1.18468238691e-11, 1.18946614711e-11],
        "min": [1.08096381099e-27, 4.31215652919e-26, 1.19090904247e-25, 1.14067105202e-25, 2.26175025041e-25, 8.10491717761e-26, 4.28422284127e-26, 2.75222427171e-25, 1.94966331776e-25, 1.48990581447e-25, 9.15773155802e-26, 2.14718767893e-25, 3.31230663973e-25, 3.20169798702e-25, 2.53350001327e-25, 1.77884066563e-25, 6.28758872797e-25, 3.67230577902e-25, 4.91236997709e-25, 4.86544705133e-25, 5.12308507867e-25, 5.17699681901e-25, 3.42005862989e-25, 4.08342951446e-25, 6.46949216411e-25, 3.93702186084e-25, 1.94761523763e-25, 6.25871247453e-25, 4.51905379051e-25, 4.68054840895e-25, 5.42279108594e-25, 4.89044013696e-25, 5.66052664568e-25, 6.20183658934e-25, 4.09381536132e-25, 4.99801019607e-25, 6.69011634473e-25, 9.25693365182e-25, 3.57959243595e-25, 8.45766471303e-25, 7.44822301453e-25, 4.96062065436e-25, 6.0132056488e-25, 1.00630745552e-24, 1.01799788109e-24, 1.10672777242e-24, 8.5893384171e-25, 1.07858575127e-24, 8.68233229884e-25, 7.98659790259e-25, 1.27450517493e-24, 6.99146811306e-25, 9.69133272827e-25, 1.16871458881e-24, 1.55676700239e-24, 1.49312771962e-24, 1.03114158567e-24, 8.7018832303e-25, 1.64156757755e-24, 1.43482133379e-24, 1.39225410352e-24, 1.59353502033e-24, 1.39272337715e-24, 1.95845487672e-24, 2.20328200018e-24, 2.12913321661e-24, 1.02344230324e-24, 1.5928507821e-24, 1.80068092074e-24, 1.46719786167e-24, 1.77824354723e-24, 2.31138690699e-24, 1.4217305815e-24, 2.44681874441e-24, 2.2382210441e-24, 2.43515405542e-24, 2.17636291065e-24, 1.01834951584e-24, 2.41463045846e-24, 2.30799519952e-24, 2.36699272612e-24, 2.84254943701e-24, 1.85714482333e-24, 2.24296446473e-24, 2.05746717552e-24, 2.75885977522e-24, 3.3649209011e-24, 2.12043208082e-24, 2.6635969323e-24, 3.22166297185e-24, 3.78918133998e-24, 2.86242005435e-24, 2.75626678942e-24, 2.62507172671e-24, 1.79802719266e-24, 3.56513379885e-24, 3.24814542687e-24, 4.269363734e-24, 3.31271487525e-24, 3.4150798329e-24, 4.31984767649e-24, 3.26218813706e-24, 3.10208644976e-24, 3.96691406851e-24, 4.48541774758e-24, 3.7889640088e-24, 4.19497848937e-24, 4.52912655819e-24, 3.52359908889e-24, 4.04557533367e-24, 4.61264838982e-24, 4.45426760259e-24, 4.00744850283e-24, 3.42862733565e-24, 4.58322979451e-24, 4.82385248656e-24, 4.0030119491e-24, 4.13507791426e-24, 4.61078155049e-24, 4.24450593802e-24, 4.97096045146e-24, 4.8613588783e-24, 5.2770412437e-24, 5.2005335688e-24, 5.28479732412e-24, 5.20707519786e-24, 5.06919256682e-24, 5.59719492005e-24],
        "stdev": [1.23596955746e-05, 2.36790056078e-05, 2.95106310659e-05, 0.000163388322107, 0.000396042945795, 0.000596796686295, 0.000829435593914, 0.00156673789024, 0.00224897940643, 0.000975571980234, 0.000472845480544, 0.000710607913788, 0.000596075493377, 0.000806127209216, 0.00236346712336, 0.00395324453712, 0.0023579467088, 0.000890867784619, 0.000756117689889, 0.00204446283169, 0.00289227510802, 0.00160215888172, 0.000505388947204, 0.000227746582823, 0.000377268821467, 0.000188615536899, 7.13454719516e-05, 0.000138024232001, 0.000133799665491, 0.000112958477985, 0.000156309062731, 0.000124795551528, 0.000110842680442, 0.000159803821589, 7.8255761764e-05, 2.31101257668e-05, 3.0003970096e-05, 3.47592431353e-05, 5.77784812776e-05, 8.16200627014e-05, 3.83885599149e-05, 6.18274643784e-05, 8.70944204507e-05, 6.08751543041e-05, 4.39279901912e-05, 4.22541379521e-05, 4.82934774482e-05, 6.72147798468e-05, 0.00022715103114, 0.00010698614642, 9.50946559897e-05, 7.63440693845e-05, 3.77125652449e-05, 3.81171339541e-05, 4.77914727526e-05, 6.49151115795e-05, 4.92619401484e-05, 4.58450740553e-05, 3.14150347549e-05, 2.06930435525e-05, 1.23626814457e-05, 1.85785829672e-05, 2.03211238841e-05, 2.80596705124e-05, 4.36389673268e-05, 2.43861231866e-05, 1.52099537445e-05, 2.20600686589e-05, 3.61206293746e-05, 2.19462290261e-05, 1.33056155391e-05, 1.66955524037e-05, 1.1726372577e-05, 7.77536479291e-06, 5.63496223549e-06, 5.01203567183e-06, 6.01418605584e-06, 5.95295023231e-06, 9.83849713521e-06, 6.7952983045e-06, 4.77412913824e-06, 2.58427689914e-06, 2.41788688982e-06, 1.46414220126e-06, 2.93284392683e-06, 2.47243974627e-06, 2.74813965007e-06, 2.43070348915e-06, 2.28786643675e-06, 3.39631174029e-06, 2.18717764255e-06, 2.55027362073e-06, 1.44633440868e-06, 1.00341628695e-06, 6.40156883946e-07, 4.72525101713e-07, 5.62397246995e-07, 3.61680321248e-07, 1.58765061542e-07, 1.09258849079e-07, 8.82148469827e-08, 7.79017454988e-08, 6.05507608498e-08, 5.75402765435e-08, 4.30483275693e-08, 3.93720398506e-08, 3.511084401e-08, 2.77651679426e-08, 2.60562309506e-08, 1.67211808844e-08, 1.19838770019e-08, 2.15931694747e-09, 6.89934664955e-10, 4.41664815831e-10, 3.13274878261e-10, 3.64964752864e-10, 2.71378031158e-10, 1.90914450915e-10, 1.87719270683e-10, 1.87239501681e-10, 1.85835555278e-10, 1.84930903924e-10, 1.85414184006e-10, 1.83781836971e-10, 1.82581810781e-10, 1.81884271533e-10, 1.81576420566e-10, 1.816240075e-10]
    },
    "mfcc": {
        "mean": [-1161.46228027, 19.2361392975, -9.03674697876, -2.25349211693, -3.65396547318, -1.68656945229, -1.62609326839, 0.351623088121, 0.0952743217349, 0.557697117329, -1.34617733955, -0.754722058773, -0.20690394938],
        "cov": [[52128.5117188, 9149.82421875, -3847.38378906, -466.1590271, -1555.19873047, -708.626281738, -826.215698242, 49.4965400696, -133.019622803, 242.709732056, -786.176208496, -447.000152588, -93.8809127808], [9149.82421875, 1859.2668457, -689.69543457, -100.523780823, -284.166564941, -165.008712769, -163.18309021, -32.3097686768, -48.2685012817, 26.8922634125, -135.834503174, -82.5087127686, -10.8697681427], [-3847.38378906, -689.69543457, 481.116790771, 193.699142456, 180.242385864, 77.0367507935, 52.3575897217, -50.8406562805, -47.0864028931, -29.9961471558, 37.2774963379, 18.8424034119, 0.780887544155], [-466.1590271, -100.523780823, 193.699142456, 183.324813843, 79.7284927368, 27.406080246, -1.91571056843, -45.7307891846, -58.3749542236, -11.5766963959, -19.3037586212, -11.7623844147, 0.545776128769], [-1555.19873047, -284.166564941, 180.242385864, 79.7284927368, 87.0586471558, 36.3314399719, 19.8879165649, -14.2108011246, -17.8774299622, -17.4415016174, 10.7201557159, 6.23454046249, 1.80862438679], [-708.626281738, -165.008712769, 77.0367507935, 27.406080246, 36.3314399719, 34.0687675476, 19.5756435394, 10.3539352417, 3.84799909592, -5.63073825836, 6.19461774826, 6.23603391647, -2.94256210327], [-826.215698242, -163.18309021, 52.3575897217, -1.91571056843, 19.8879165649, 19.5756435394, 31.5983600616, 11.2322969437, 10.6458530426, 1.79535079002, 16.0905380249, 10.338145256, 1.04176294804], [49.4965400696, -32.3097686768, -50.8406562805, -45.7307891846, -14.2108011246, 10.3539352417, 11.2322969437, 40.8212661743, 27.6769065857, 3.158192873, 5.33212661743, 4.91116905212, -4.81895923615], [-133.019622803, -48.2685012817, -47.0864028931, -58.3749542236, -17.8774299622, 3.84799909592, 10.6458530426, 27.6769065857, 36.5189628601, 5.18921756744, 10.2755231857, 6.76669216156, -2.5349419117], [242.709732056, 26.8922634125, -29.9961471558, -11.5766963959, -17.4415016174, -5.63073825836, 1.79535079002, 3.158192873, 5.18921756744, 17.5350914001, 6.05017614365, 2.37008261681, 0.430999875069], [-786.176208496, -135.834503174, 37.2774963379, -19.3037586212, 10.7201557159, 6.19461774826, 16.0905380249, 5.33212661743, 10.2755231857, 6.05017614365, 27.8799228668, 13.5363502502, 1.77530968189], [-447.000152588, -82.5087127686, 18.8424034119, -11.7623844147, 6.23454046249, 6.23603391647, 10.338145256, 4.91116905212, 6.76669216156, 2.37008261681, 13.5363502502, 13.1249418259, 3.02092456818], [-93.8809127808, -10.8697681427, 0.780887544155, 0.545776128769, 1.80862438679, -2.94256210327, 1.04176294804, -4.81895923615, -2.5349419117, 0.430999875069, 1.77530968189, 3.02092456818, 10.7719049454]],
        "icov": [[0.000420089694671, -0.00129870511591, 0.000849387608469, -0.000978339463472, 0.00195758487098, -0.00283280783333, 0.00218860944733, -0.0013256391976, 0.000519949651789, -0.00315095833503, 0.00270238448866, 0.000742758915294, 2.6245472327e-05], [-0.00129870511591, 0.00747042661533, 0.00147534220014, 0.00135061820038, -0.000673914095387, 0.00876095425338, -0.00429439917207, 0.00707748392597, 0.00412668287754, 0.0120669305325, -0.00615767249838, -8.19729757495e-05, 0.0036582944449], [0.000849387608469, 0.00147534220014, 0.0259392410517, -0.0146176032722, -0.0066752047278, -0.0135032357648, -0.00310224015266, 0.0182597078383, 0.0041073136963, 0.0101855285466, -0.0149038862437, 0.000683046528138, 0.0164762921631], [-0.000978339463472, 0.00135061820038, -0.0146176032722, 0.0386184565723, -0.0196227394044, -0.00559557555243, 0.000217418739339, 0.00192888628226, 0.0251910574734, -0.0273725595325, 0.02719832398, 0.00687042158097, -0.00483853975311], [0.00195758487098, -0.000673914095387, -0.0066752047278, -0.0196227394044, 0.0973603054881, -0.0446920469403, 0.0198739804327, -0.00674590514973, 0.0117359887809, 0.0287296324968, -0.00859163980931, 0.0179723724723, -0.0176482778043], [-0.00283280783333, 0.00876095425338, -0.0135032357648, -0.00559557555243, -0.0446920469403, 0.143684491515, -0.0459795631468, -0.0331154502928, -0.0216176956892, 0.0164908505976, 0.0182072427124, -0.0417745411396, 0.0247679464519], [0.00218860944733, -0.00429439917207, -0.00310224015266, 0.000217418739339, 0.0198739804327, -0.0459795631468, 0.0935522094369, -0.0185585878789, 0.00173719890881, -0.0316214263439, 0.0025514063891, 0.00422987388447, -0.0182248521596], [-0.0013256391976, 0.00707748392597, 0.0182597078383, 0.00192888628226, -0.00674590514973, -0.0331154502928, -0.0185585878789, 0.0904417186975, -0.0278199631721, 0.0222779288888, -0.0173646975309, -0.0028927277308, 0.0247435029596], [0.000519949651789, 0.00412668287754, 0.0041073136963, 0.0251910574734, 0.0117359887809, -0.0216176956892, 0.00173719890881, -0.0278199631721, 0.107246860862, -0.0171248745173, 0.0106080770493, 0.00902181304991, 0.00827722903341], [-0.00315095833503, 0.0120669305325, 0.0101855285466, -0.0273725595325, 0.0287296324968, 0.0164908505976, -0.0316214263439, 0.0222779288888, -0.0171248745173, 0.150464624166, -0.0880276113749, -0.0039086882025, 0.00362252141349], [0.00270238448866, -0.00615767249838, -0.0149038862437, 0.02719832398, -0.00859163980931, 0.0182072427124, 0.0025514063891, -0.0173646975309, 0.0106080770493, -0.0880276113749, 0.169455707073, -0.0682412907481, 0.0126706799492], [0.000742758915294, -8.19729757495e-05, 0.000683046528138, 0.00687042158097, 0.0179723724723, -0.0417745411396, 0.00422987388447, -0.0028927277308, 0.00902181304991, -0.0039086882025, -0.0682412907481, 0.193345844746, -0.050835814327], [2.6245472327e-05, 0.0036582944449, 0.0164762921631, -0.00483853975311, -0.0176482778043, 0.0247679464519, -0.0182248521596, 0.0247435029596, 0.00827722903341, 0.00362252141349, 0.0126706799492, -0.050835814327, 0.132337346673]]
    },
    "spectral_contrast_coeffs": {
        "max": [-0.316572278738, -0.445710122585, -0.699512898922, -0.651000380516, -0.693065464497, -0.590935885906],
        "mean": [-0.914179265499, -0.921051442623, -0.926674127579, -0.934854269028, -0.931488454342, -0.926164269447],
        "min": [-0.986306607723, -0.983695924282, -0.982386350632, -0.974903106689, -0.967566013336, -0.965832471848],
        "stdev": [0.118574842811, 0.100397311151, 0.0730572715402, 0.0584950745106, 0.062273979187, 0.0736815929413]
    },
    "spectral_contrast_valleys": {
        "max": [-5.85759782791, -4.35414457321, -5.54341745377, -5.7086815834, -5.28243017197, -8.93645381927],
        "mean": [-23.7993373871, -23.4547595978, -23.5070285797, -23.5342273712, -23.6289710999, -24.1859722137],
        "min": [-28.1228942871, -28.0156402588, -27.9644622803, -28.0641059875, -27.5242195129, -27.4200325012],
        "stdev": [7.15466356277, 7.8050494194, 7.78601741791, 7.72090435028, 7.57988643646, 6.39806032181]
    }
},
"rhythm": {
    "beats_count": 26,
    "beats_loudness": {
        "max": 0.183274820447,
        "mean": 0.00884734932333,
        "min": 0,
        "stdev": 0.0356422550976
    },
    "bpm": 121.258384705,
    "bpm_histogram_first_peak_bpm": 120,
    "bpm_histogram_first_peak_weight": 0.375,
    "bpm_histogram_second_peak_bpm": 126,
    "bpm_histogram_second_peak_spread": 0.5,
    "bpm_histogram_second_peak_weight": 0.119999997318,
    "danceability": 1.21563768387,
    "onset_rate": 0.783738076687,
    "beats_loudness_band_ratio": {
        "max": [0.269973665476, 0.236209690571, 0.690833389759, 0.691728770733, 0.258408129215, 0.169409841299],
        "mean": [0.0144046060741, 0.012924792245, 0.0530780293047, 0.085706114769, 0.0233015622944, 0.00989419035614],
        "min": [0, 0, 0, 0, 0, 0],
        "stdev": [0.0546141080558, 0.0475890189409, 0.145195364952, 0.211486205459, 0.0595126897097, 0.0333145819604]
    },
    "beats_position": [0.476009070873, 0.96362811327, 1.45124709606, 1.93886613846, 2.42648530006, 2.91410422325, 3.39011335373, 3.86612248421, 4.34213161469, 4.80653047562, 5.27092981339, 5.73532867432, 6.18811798096, 6.64090681076, 7.08208608627, 7.58131504059, 8.08054447174, 8.57977294922, 9.07900238037, 9.57823085785, 10.077460289, 10.5766887665, 11.0759181976, 11.5751476288, 12.0743761063, 12.5619955063],
    "bpm_histogram": [0, 0, 0, 0, 0, 0, 0, 0, 0, 0, 0, 0, 0, 0, 0, 0, 0, 0, 0, 0, 0, 0, 0, 0, 0, 0, 0, 0, 0, 0, 0, 0, 0, 0, 0, 0, 0, 0, 0, 0, 0, 0, 0, 0, 0, 0, 0, 0, 0, 0, 0, 0, 0, 0, 0, 0, 0, 0, 0, 0, 0, 0, 0, 0, 0, 0, 0, 0, 0, 0, 0, 0, 0, 0, 0, 0, 0, 0, 0, 0, 0, 0, 0, 0, 0, 0, 0, 0, 0, 0, 0, 0, 0, 0, 0, 0, 0, 0, 0, 0, 0, 0, 0, 0, 0, 0, 0, 0, 0, 0, 0, 0, 0, 0, 0, 0, 0, 0, 0, 0, 0.40000000596, 0, 0, 0.239999994636, 0, 0, 0.119999997318, 0, 0, 0.119999997318, 0, 0, 0, 0.0799999982119, 0, 0, 0.0399999991059, 0, 0, 0, 0, 0, 0, 0, 0, 0, 0, 0, 0, 0, 0, 0, 0, 0, 0, 0, 0, 0, 0, 0, 0, 0, 0, 0, 0, 0, 0, 0, 0, 0, 0, 0, 0, 0, 0, 0, 0, 0, 0, 0, 0, 0, 0, 0, 0, 0, 0, 0, 0, 0, 0, 0, 0, 0, 0, 0, 0, 0, 0, 0, 0, 0, 0, 0, 0, 0, 0, 0, 0, 0, 0, 0, 0, 0, 0, 0, 0, 0, 0, 0, 0, 0, 0, 0, 0, 0, 0, 0, 0, 0, 0, 0, 0, 0, 0, 0, 0, 0, 0, 0, 0, 0, 0, 0, 0, 0, 0, 0, 0, 0]
},
"tonal": {
