{
"metadata": {
    "version": {
        "essentia": "2.1-beta5",
        "essentia_git_sha": "Undefined",
        "extractor": "music 2.0"
    },
    "audio_properties": {
        "analysis": {
            "equal_loudness": 0,
            "length": 12.7477550507,
            "sample_rate": 44100,
            "start_time": 0,
            "downmix": "mix"
        },
        "bit_rate": 192000,
        "length": 199.250442505,
        "lossless": 0,
        "number_channels": 2,
        "replay_gain": -12.4287548065,
        "sample_rate": 48000,
        "codec": "mp3",
        "md5_encoded": "5789e5ec2a87336ecf0508b0bccf085e"
    },
    "tags": {
        "file_name": "Ireland_The Voice_Eimear Quinn.mp3",
        "encoding": ["Lavf58.29.100"]
    }
},
"lowlevel": {
    "average_loudness": 0.487731128931,
    "barkbands_crest": {
        "max": 21.4440746307,
        "mean": 7.22539949417,
        "min": 2.98154902458,
        "stdev": 3.46072673798
    },
    "barkbands_flatness_db": {
        "max": 0.296243816614,
        "mean": 0.170753493905,
        "min": 0.0485098622739,
        "stdev": 0.0488940738142
    },
    "barkbands_kurtosis": {
        "max": 108.747070312,
        "mean": 7.61381816864,
        "min": -0.930707216263,
        "stdev": 14.1111497879
    },
    "barkbands_skewness": {
        "max": 7.9127163887,
        "mean": 1.13131928444,
        "min": -1.3553442955,
        "stdev": 1.60622310638
    },
    "barkbands_spread": {
        "max": 55.4914894104,
        "mean": 10.482916832,
        "min": 1.29997980595,
        "stdev": 8.99821853638
    },
    "dissonance": {
        "max": 0.499999940395,
        "mean": 0.458393365145,
        "min": 0.299489080906,
        "stdev": 0.0518023893237
    },
    "dynamic_complexity": 7.99331092834,
    "erbbands_crest": {
        "max": 23.346868515,
        "mean": 8.13169956207,
        "min": 2.99049043655,
        "stdev": 3.24673748016
    },
    "erbbands_flatness_db": {
        "max": 0.311266750097,
        "mean": 0.227222472429,
        "min": 0.0859350189567,
        "stdev": 0.0505491122603
    },
    "erbbands_kurtosis": {
        "max": 18.8415203094,
        "mean": 2.59350466728,
        "min": -1.18793725967,
        "stdev": 3.19422125816
    },
    "erbbands_skewness": {
        "max": 3.53893303871,
        "mean": 0.721477210522,
        "min": -0.878857433796,
        "stdev": 0.839280486107
    },
    "erbbands_spread": {
        "max": 74.9747314453,
        "mean": 17.7857990265,
        "min": 5.40639781952,
        "stdev": 11.6689491272
    },
    "hfc": {
        "max": 125.926612854,
        "mean": 21.2700748444,
        "min": 0.0462125092745,
        "stdev": 25.046087265
    },
    "loudness_ebu128": {
        "integrated": -10.7968215942,
        "loudness_range": 16.7339782715,
        "momentary": {
            "max": -7.37556505203,
            "mean": -17.8481025696,
            "min": -39.725769043,
            "stdev": 8.63267230988
        },
        "short_term": {
            "max": -9.05429267883,
            "mean": -16.703704834,
            "min": -26.991859436,
            "stdev": 6.60224628448
        }
    },
    "melbands_crest": {
        "max": 22.2542552948,
        "mean": 8.69342136383,
        "min": 3.36976027489,
        "stdev": 4.15655660629
    },
    "melbands_flatness_db": {
        "max": 0.378361105919,
        "mean": 0.181772023439,
        "min": 0.0543581619859,
        "stdev": 0.0842917338014
    },
    "melbands_kurtosis": {
        "max": 101.675445557,
        "mean": 7.97869777679,
        "min": -0.706897258759,
        "stdev": 13.3088245392
    },
    "melbands_skewness": {
        "max": 6.86119127274,
        "mean": 1.23507809639,
        "min": -1.22431278229,
        "stdev": 1.42351162434
    },
    "melbands_spread": {
        "max": 52.4167442322,
        "mean": 17.3331413269,
        "min": 1.42002499104,
        "stdev": 9.9536523819
    },
    "pitch_salience": {
        "max": 0.924582064152,
        "mean": 0.724858522415,
        "min": 0.294176965952,
        "stdev": 0.121651776135
    },
    "silence_rate_20dB": {
        "max": 1,
        "mean": 1,
        "min": 1,
        "stdev": 0
    },
    "silence_rate_30dB": {
        "max": 1,
        "mean": 1,
        "min": 1,
        "stdev": 0
    },
    "silence_rate_60dB": {
        "max": 1,
        "mean": 0.421818166971,
        "min": 0,
        "stdev": 0.493850260973
    },
    "spectral_centroid": {
        "max": 2547.15087891,
        "mean": 1379.24865723,
        "min": 232.896530151,
        "stdev": 709.516540527
    },
    "spectral_complexity": {
        "max": 49,
        "mean": 19.8727264404,
        "min": 0,
        "stdev": 15.1364059448
    },
    "spectral_decrease": {
        "max": -5.39699491695e-12,
        "mean": -3.31626637262e-09,
        "min": -1.84763297995e-08,
        "stdev": 3.75729092283e-09
    },
    "spectral_energy": {
        "max": 0.0791694968939,
        "mean": 0.0144456159323,
        "min": 2.48658470809e-05,
        "stdev": 0.0164246447384
    },
    "spectral_energyband_high": {
        "max": 0.00208913139068,
        "mean": 0.000263659108896,
        "min": 3.12714178108e-06,
        "stdev": 0.000333325238898
    },
    "spectral_energyband_low": {
        "max": 0.00118530611508,
        "mean": 0.000121736826259,
        "min": 2.9832265227e-06,
        "stdev": 0.000210320271435
    },
    "spectral_energyband_middle_high": {
        "max": 0.0721090883017,
        "mean": 0.0118391104043,
        "min": 4.70416352982e-06,
        "stdev": 0.0144518427551
    },
    "spectral_energyband_middle_low": {
        "max": 0.0180024188012,
        "mean": 0.00247948267497,
        "min": 1.04095333882e-05,
        "stdev": 0.00261009461246
    },
    "spectral_entropy": {
        "max": 8.4310092926,
        "mean": 7.48353052139,
        "min": 6.07518148422,
        "stdev": 0.569514751434
    },
    "spectral_flux": {
        "max": 0.198375090957,
        "mean": 0.0627851262689,
        "min": 0.00274062622339,
        "stdev": 0.051935069263
    },
    "spectral_kurtosis": {
        "max": 15.2754554749,
        "mean": 6.0208773613,
        "min": 0.689108848572,
        "stdev": 2.43599581718
    },
    "spectral_rms": {
        "max": 0.00878854561597,
        "mean": 0.00305318809114,
        "min": 0.0001557541691,
        "stdev": 0.00218433490954
    },
    "spectral_rolloff": {
        "max": 5275.63476562,
        "mean": 1639.73132324,
        "min": 215.33203125,
        "stdev": 900.173339844
    },
    "spectral_skewness": {
        "max": 3.25874471664,
        "mean": 1.93104183674,
        "min": 0.871739208698,
        "stdev": 0.435403615236
    },
    "spectral_spread": {
        "max": 8362065,
        "mean": 3763292.75,
        "min": 1851126.625,
        "stdev": 1480280.375
    },
    "spectral_strongpeak": {
        "max": 7.28293228149,
        "mean": 0.878942966461,
        "min": 0.00272289151326,
        "stdev": 0.993368208408
    },
    "zerocrossingrate": {
        "max": 0.13232421875,
        "mean": 0.0634472668171,
        "min": 0.009765625,
        "stdev": 0.0283575206995
    },
    "barkbands": {
        "max": [1.01496516436e-05, 0.000375316565624, 0.000673129339702, 0.000707012950443, 0.00221653073095, 0.0020696122665, 0.00220271735452, 0.00255515845492, 0.0160650573671, 0.0193935371935, 0.0240725371987, 0.00912248436362, 0.0186969023198, 0.0157625582069, 0.0154116684571, 0.00984355714172, 0.00962906330824, 0.00577996857464, 0.0020898655057, 0.00129043206107, 0.0012012924999, 0.000723170756828, 0.000290451745968, 0.000388623244362, 9.82835481409e-05, 5.05796379002e-06, 4.03502497193e-07],
        "mean": [8.01976796083e-07, 2.98785289488e-05, 5.06125106767e-05, 7.95579617261e-05, 0.000240406123339, 0.000181422932656, 0.000235581988818, 0.000348141620634, 0.00102777220309, 0.00160780374426, 0.00140350346919, 0.00141063297633, 0.00165217521135, 0.00175155582838, 0.00166065176018, 0.00118578074034, 0.000723919598386, 0.000359258148819, 0.000178852671525, 0.000110848370241, 9.3666902103e-05, 5.47013187315e-05, 3.22097221215e-05, 1.96332548512e-05, 5.89932324147e-06, 3.49702531821e-07, 3.04829028686e-09],
        "min": [9.07153685503e-10, 1.95772173583e-07, 9.31682038185e-08, 1.63151327115e-07, 2.31130024986e-06, 4.98847043673e-07, 7.54586665153e-07, 4.4258609222e-08, 1.50380358832e-07, 1.14445725785e-07, 8.60157456373e-08, 2.69211739123e-07, 2.07669188512e-07, 1.14023151809e-07, 1.22448966522e-07, 8.41813303509e-08, 7.27130995415e-08, 8.35563866985e-08, 7.48619441993e-08, 1.13425969062e-07, 1.61679736266e-07, 2.66103484137e-07, 4.17735179781e-07, 7.76614115239e-07, 3.16444698001e-07, 9.54751921967e-09, 9.63840725982e-12],
        "stdev": [8.69008601967e-07, 5.96314821451e-05, 9.68413442024e-05, 0.000137040784466, 0.000378250057111, 0.000189758400666, 0.000310270872433, 0.000436269532656, 0.0017405692488, 0.00280729890801, 0.00250104465522, 0.00189110182691, 0.00234795850702, 0.00233397097327, 0.00234659574926, 0.00158639019355, 0.00118486816064, 0.000596993602812, 0.00027353290352, 0.000155083529535, 0.000129529376864, 7.63892603572e-05, 4.28269704571e-05, 3.11010626319e-05, 9.11291681405e-06, 3.94792266434e-07, 2.44568880703e-08]
    },
    "erbbands": {
        "max": [0.00228855479509, 0.113021470606, 0.743952333927, 1.62788271904, 9.89059257507, 2.9331343174, 9.01656627655, 21.2241706848, 37.4426040649, 46.4374656677, 104.349533081, 432.066436768, 383.130828857, 586.838928223, 1040.8359375, 430.586547852, 991.120361328, 699.858459473, 863.437683105, 636.380554199, 515.606445312, 522.447753906, 375.917358398, 143.180679321, 70.4911727905, 51.3509979248, 59.3540000916, 33.1362571716, 28.1489009857, 15.210896492, 10.5181093216, 10.4241838455, 4.37247276306, 1.79326331615, 0.312020212412, 0.0366425476968, 0.00621514767408, 0.00074308773037, 0.000153151690029, 9.96745802695e-05],
        "mean": [0.0003717012587, 0.00871370173991, 0.054357085377, 0.190612062812, 0.777734518051, 0.490411102772, 1.08811366558, 1.49349987507, 2.9217338562, 4.73634004593, 10.0306119919, 21.9678726196, 42.0983161926, 53.2994308472, 61.2889480591, 57.7294807434, 74.7431335449, 86.1088943481, 94.0292434692, 77.6588745117, 59.8950653076, 40.6056861877, 22.4282093048, 12.7084922791, 7.12167882919, 5.29387950897, 4.27049303055, 3.28347826004, 2.08560752869, 1.2978233099, 0.882707178593, 0.526865959167, 0.261449158192, 0.101021490991, 0.0241343900561, 0.00402545463294, 0.000227501877816, 1.59732226166e-05, 1.0810304957e-05, 1.87775094673e-05],
        "min": [3.72637941837e-06, 6.97660070728e-05, 0.000244916358497, 0.000739991490263, 0.00153340515681, 0.00579743459821, 0.00304792681709, 0.00397175271064, 0.0119560621679, 0.009282104671, 0.00243361503817, 0.00354471406899, 0.00526516558602, 0.00355937890708, 0.00440451921895, 0.0124797513708, 0.0104868626222, 0.0120360786095, 0.0063856029883, 0.0055091814138, 0.00664261868224, 0.00524529628456, 0.00609874911606, 0.00465553207323, 0.00530386250466, 0.00619890214875, 0.00603673001751, 0.00817582570016, 0.00930532626808, 0.00783803500235, 0.0121356518939, 0.0135726109147, 0.0100215328857, 0.00596031546593, 0.0010307963239, 0.000117008254165, 7.13820099918e-06, 4.35979160329e-07, 1.66826211512e-07, 6.32094838693e-08],
        "stdev": [0.000342711777193, 0.0187953095883, 0.109237544239, 0.319368004799, 1.60426580906, 0.545536398888, 1.32320845127, 1.83323431015, 3.76868534088, 6.34957170486, 13.6206464767, 39.600856781, 66.9160461426, 89.1403198242, 101.502342224, 76.2055969238, 107.148200989, 113.29964447, 132.571975708, 101.187911987, 80.8783187866, 65.8009643555, 37.4979324341, 19.859249115, 10.2319154739, 7.23521280289, 6.21742296219, 4.44425296783, 2.9481241703, 1.74154222012, 1.211353302, 0.82937836647, 0.405515342951, 0.167416930199, 0.0306057091802, 0.00381722138263, 0.000444380275439, 4.27065970143e-05, 1.44624955283e-05, 2.13808252738e-05]
    },
    "gfcc": {
        "mean": [-103.415855408, 87.0968704224, -170.227981567, 8.66963291168, -81.4390487671, 23.0778121948, -46.6385650635, 0.860806524754, -21.8349285126, -6.07696533203, -11.3830432892, -10.0526390076, -0.508149445057],
        "cov": [[10173.7558594, -2128.79980469, -6726.88574219, -1090.51477051, 406.492614746, -443.09564209, 507.088287354, -256.719024658, 948.255981445, -280.474609375, 373.422607422, -95.5514221191, 568.791992188], [-2128.79980469, 962.6484375, 1992.83129883, 159.546432495, -188.484466553, 57.4376411438, -56.4007377625, -19.5880184174, -284.18737793, -40.3579788208, -102.737380981, -66.8383331299, -156.422592163], [-6726.88574219, 1992.83129883, 5395.28564453, 688.61730957, -450.733276367, 268.942016602, -296.578948975, 97.8040390015, -753.51776123, 59.4387741089, -289.556762695, -40.7485160828, -437.859741211], [-1090.51477051, 159.546432495, 688.61730957, 209.737380981, 4.51731538773, 66.6605072021, -58.7242240906, 42.274055481, -85.9446411133, 47.5569000244, -36.5073852539, 23.6353435516, -62.8212661743], [406.492614746, -188.484466553, -450.733276367, 4.51731538773, 157.004486084, 20.6517448425, 17.9890918732, 9.23110866547, 66.6207199097, 14.3789234161, 18.0827407837, 24.0947036743, 28.6546382904], [-443.09564209, 57.4376411438, 268.942016602, 66.6605072021, 20.6517448425, 85.5406188965, 0.103703513741, 31.5821380615, -28.613199234, 24.943862915, -11.5333633423, 11.3652296066, -21.2179355621], [507.088287354, -56.4007377625, -296.578948975, -58.7242240906, 17.9890918732, 0.103703513741, 88.2450027466, 6.71043729782, 49.6003074646, -21.3684139252, 13.2387371063, -9.57259464264, 23.7361602783], [-256.719024658, -19.5880184174, 97.8040390015, 42.274055481, 9.23110866547, 31.5821380615, 6.71043729782, 67.0910568237, 7.41814565659, 30.5026760101, -4.06399250031, 22.0294418335, -9.11358642578], [948.255981445, -284.18737793, -753.51776123, -85.9446411133, 66.6207199097, -28.613199234, 49.6003074646, 7.41814565659, 145.368850708, 12.5609607697, 46.5895004272, 11.2887191772, 60.2800636292], [-280.474609375, -40.3579788208, 59.4387741089, 47.5569000244, 14.3789234161, 24.943862915, -21.3684139252, 30.5026760101, 12.5609607697, 76.9932250977, 17.2804222107, 30.8262577057, -5.727663517], [373.422607422, -102.737380981, -289.556762695, -36.5073852539, 18.0827407837, -11.5333633423, 13.2387371063, -4.06399250031, 46.5895004272, 17.2804222107, 51.462146759, 16.5445728302, 28.9960975647], [-95.5514221191, -66.8383331299, -40.7485160828, 23.6353435516, 24.0947036743, 11.3652296066, -9.57259464264, 22.0294418335, 11.2887191772, 30.8262577057, 16.5445728302, 55.9329872131, 16.6977710724], [568.791992188, -156.422592163, -437.859741211, -62.8212661743, 28.6546382904, -21.2179355621, 23.7361602783, -9.11358642578, 60.2800636292, -5.727663517, 28.9960975647, 16.6977710724, 69.1962432861]],
        "icov": [[0.00156511564273, 0.000691553286742, 0.000592767959461, 0.000971014262177, -0.000356056611054, 0.00132793083321, -0.00245902617462, 0.0020757119637, -0.00292454310693, 0.0032947328873, -0.0031282552518, 0.00229025841691, -0.00141929276288], [0.000691553286742, 0.0163037218153, -0.00999575667083, 0.00820140354335, -0.00885389000177, 0.00941755529493, -0.0124267404899, 0.00898513756692, -0.00542906532064, 0.00422223331407, -0.0102036641911, 0.00960904173553, -0.00559792667627], [0.000592767959461, -0.00999575667083, 0.00844968482852, -0.00625652261078, 0.00799709744751, -0.00688983220607, 0.00669142929837, -0.00500123249367, 0.00601463019848, -0.00104454287793, 0.00587998703122, -0.00504234340042, 0.00536755472422], [0.000971014262177, 0.00820140354335, -0.00625652261078, 0.0186119750142, -0.00941086187959, 0.00339473737404, -0.00370992044918, 0.0025993261952, -0.00411223154515, 8.15448147478e-05, -0.00418112659827, 0.00305563723668, -0.00097783759702], [-0.000356056611054, -0.00885389000177, 0.00799709744751, -0.00941086187959, 0.0189506616443, -0.0120391054079, 0.00749995699152, -0.00267508393154, 0.00259841256775, -0.000973186397459, 0.00896583590657, -0.00939842127264, 0.00667465431616], [0.00132793083321, 0.00941755529493, -0.00688983220607, 0.00339473737404, -0.0120391054079, 0.0286654904485, -0.0144320549443, 0.00126504746731, -0.00270928558894, -0.000234492443269, -0.00895304698497, 0.00897182710469, -0.00732207717374], [-0.00245902617462, -0.0124267404899, 0.00669142929837, -0.00370992044918, 0.00749995699152, -0.0144320549443, 0.0318488888443, -0.0147742656991, 0.00302869547158, 0.000357597513357, 0.0087390942499, -0.00684310449287, 0.00607397593558], [0.0020757119637, 0.00898513756692, -0.00500123249367, 0.0025993261952, -0.00267508393154, 0.00126504746731, -0.0147742656991, 0.034273866564, -0.0145502844825, 0.000351565307938, -0.00127325591166, -0.002109475201, -0.00121291447431], [-0.00292454310693, -0.00542906532064, 0.00601463019848, -0.00411223154515, 0.00259841256775, -0.00270928558894, 0.00302869547158, -0.0145502844825, 0.0407867021859, -0.0155695034191, 0.00521717127413, -0.00166202860419, 0.00262576085515], [0.0032947328873, 0.00422223331407, -0.00104454287793, 8.15448147478e-05, -0.000973186397459, -0.000234492443269, 0.000357597513357, 0.000351565307938, -0.0155695034191, 0.035329118371, -0.0190957859159, -0.000659826444462, 0.000829902477562], [-0.0031282552518, -0.0102036641911, 0.00587998703122, -0.00418112659827, 0.00896583590657, -0.00895304698497, 0.0087390942499, -0.00127325591166, 0.00521717127413, -0.0190957859159, 0.0496638305485, -0.0178908873349, 0.00381653080694], [0.00229025841691, 0.00960904173553, -0.00504234340042, 0.00305563723668, -0.00939842127264, 0.00897182710469, -0.00684310449287, -0.002109475201, -0.00166202860419, -0.000659826444462, -0.0178908873349, 0.0417719818652, -0.0187140014023], [-0.00141929276288, -0.00559792667627, 0.00536755472422, -0.00097783759702, 0.00667465431616, -0.00732207717374, 0.00607397593558, -0.00121291447431, 0.00262576085515, 0.000829902477562, 0.00381653080694, -0.0187140014023, 0.0399861484766]]
    },
    "melbands": {
        "max": [5.81277381571e-05, 0.000303891079966, 0.000489401514642, 0.000515000720043, 0.000247936608503, 0.000447456783149, 0.00053172884509, 0.000558854895644, 0.00107138056774, 0.00266387290321, 0.002104194602, 0.00248504290357, 0.00335561553948, 0.00134853890631, 0.00159116729628, 0.00187100050971, 0.00136399990879, 0.00145342492033, 0.00100478751119, 0.000797390704975, 0.000636657292489, 0.000571424257942, 0.00051784387324, 0.000176967136213, 0.000140013347846, 5.21271249454e-05, 4.80540038552e-05, 3.68333130609e-05, 4.62775060441e-05, 2.78590141534e-05, 1.96789151232e-05, 1.25505048345e-05, 1.75562308868e-05, 6.09483095104e-06, 6.096897323e-06, 5.51487937628e-06, 7.26792723071e-06, 3.05264529743e-06, 2.37363747146e-06, 1.11007432224e-06],
        "mean": [5.38879430678e-06, 2.3747983505e-05, 4.94418200105e-05, 4.81820716232e-05, 3.27636043949e-05, 3.49896108673e-05, 4.60331648355e-05, 5.52033779968e-05, 8.88356225914e-05, 0.000147793936776, 0.000218181739911, 0.000219806883251, 0.000199845540919, 0.000165641613421, 0.000152859589434, 0.000166770856595, 0.000158277180162, 0.000153617264004, 0.000121294899145, 8.96543715498e-05, 6.50789297651e-05, 4.43471617473e-05, 2.71285807685e-05, 1.53611672431e-05, 9.83671998256e-06, 5.82794018555e-06, 4.06995877711e-06, 3.36318385052e-06, 2.74259991784e-06, 2.24782911573e-06, 1.79451217264e-06, 1.22372068745e-06, 9.03294107957e-07, 6.47508500151e-07, 5.30278555289e-07, 4.03195997478e-07, 2.89338885295e-07, 1.95263368141e-07, 1.27806913497e-07, 6.98543516364e-08],
        "min": [3.62417509336e-08, 2.57933464809e-07, 2.45286940981e-07, 2.44448045805e-07, 1.2407299721e-07, 8.29640001143e-08, 1.68466641526e-07, 1.05902415726e-07, 2.05797725528e-08, 1.84482935595e-08, 2.66270827609e-08, 1.38939704186e-08, 1.26803696432e-08, 2.7021412663e-08, 2.93311614996e-08, 1.94096099193e-08, 1.45838168208e-08, 7.74246000645e-09, 8.6191951354e-09, 6.47305364865e-09, 6.36278096877e-09, 4.42915082388e-09, 4.55272441968e-09, 3.73469832837e-09, 2.59522003887e-09, 2.70009903325e-09, 4.06238731543e-09, 3.66961749876e-09, 2.95135116346e-09, 3.72405373206e-09, 3.76621267506e-09, 4.39067759928e-09, 4.24643076258e-09, 4.28247126649e-09, 5.33495825294e-09, 6.49589715351e-09, 8.54471160494e-09, 5.89978821353e-09, 4.65005456363e-09, 2.14120809972e-09],
        "stdev": [8.67595190357e-06, 4.65704943053e-05, 8.49896096042e-05, 8.30094359117e-05, 3.7735197111e-05, 4.03255762649e-05, 5.8458015701e-05, 7.22710246919e-05, 0.000132773784571, 0.000261665642029, 0.000354543561116, 0.00037941642222, 0.000341319071595, 0.000227790311328, 0.000211900332943, 0.00024691253202, 0.000211288774153, 0.000222912072786, 0.000168360289535, 0.000118706091598, 9.12665927899e-05, 7.32654079911e-05, 4.84319389216e-05, 2.4780858439e-05, 1.61814568855e-05, 8.65710080689e-06, 5.96472455072e-06, 4.65720904685e-06, 4.26614633398e-06, 3.15047373078e-06, 2.50879770647e-06, 1.71595195297e-06, 1.42348949339e-06, 8.55809787481e-07, 7.30746364752e-07, 5.99966654136e-07, 4.96771860981e-07, 3.03431448856e-07, 2.17623735921e-07, 1.17735751815e-07]
    },
    "melbands128": {
        "max": [6.96149390933e-06, 1.81265331776e-05, 3.27904781443e-05, 0.000249542616075, 0.000407569023082, 0.000293362070806, 0.000420020282036, 0.000482683681184, 0.00137343793176, 0.000536428357009, 0.000158148293849, 0.000236436157138, 0.000458138762042, 0.000359364465112, 0.000588539580349, 0.000546511379071, 0.000727960374206, 0.000639075296931, 0.000523381459061, 0.000600103870966, 0.000745439494494, 0.000742686796002, 0.00167765235528, 0.00255399872549, 0.00377813726664, 0.00265455618501, 0.00291093322448, 0.00279954378493, 0.00380015699193, 0.00502149946988, 0.00266148918308, 0.00336246751249, 0.0036098305136, 0.00547830061987, 0.00194245367311, 0.00173517595977, 0.00204088888131, 0.00177027028985, 0.00185398862232, 0.00399880018085, 0.00373885803856, 0.00199569016695, 0.00151594192721, 0.00169529719278, 0.00185816863086, 0.00318765011616, 0.00174076319672, 0.00166816287674, 0.00123617018107, 0.0010741178412, 0.000871524447575, 0.00100993085653, 0.000660299672745, 0.000737377791665, 0.000795666011982, 0.000649952387903, 0.000697834824678, 0.000465933582745, 0.000633926189039, 0.000339004764101, 0.000192644700292, 0.000157811417012, 0.000160994633916, 0.000309058232233, 8.03246002761e-05, 8.09599441709e-05, 7.79132169555e-05, 7.68058744143e-05, 4.59340481029e-05, 4.33738714491e-05, 3.56392411049e-05, 3.7851928937e-05, 8.17784457467e-05, 5.84672598052e-05, 3.72937356587e-05, 2.49342592724e-05, 3.46257147612e-05, 3.23866916005e-05, 2.99483399431e-05, 1.9663326384e-05, 1.5029370843e-05, 1.36668686537e-05, 3.12987722282e-05, 1.79788403329e-05, 8.14442228148e-06, 7.77630430093e-06, 7.08482139089e-06, 7.39894267099e-06, 7.13001236363e-06, 6.78863989378e-06, 7.78470530349e-06, 5.32553667654e-06, 5.10352128913e-06, 9.75096463662e-06, 7.20855905456e-06, 3.23857534568e-06, 2.22053654397e-06, 3.11636972583e-06, 2.69771589956e-06, 3.83921315006e-06, 1.6413252979e-06, 1.42908356793e-06, 6.30004933555e-07, 6.28506882094e-07, 3.65290077298e-07, 2.1673886863e-07, 1.18795668413e-07, 7.97802357511e-08, 5.94001861032e-08, 1.17708054859e-07, 5.17740730288e-08, 1.81155410672e-08, 1.37226248142e-08, 1.08872661997e-08, 7.65791252633e-09, 1.19156178258e-08, 2.00738226042e-09, 1.35498123832e-09, 2.69661981633e-09, 5.00445018758e-09, 6.47084386074e-09, 3.44931749829e-09, 9.62054547138e-10, 9.39197719596e-10, 9.23342458048e-10, 9.12665276687e-10, 9.04120445178e-10, 8.99658958442e-10],
        "mean": [6.37304651718e-07, 2.37905169342e-06, 3.55838164978e-06, 1.79392427526e-05, 2.64562913799e-05, 2.42930218519e-05, 3.59305959137e-05, 3.92994770664e-05, 0.000102974081528, 4.87871002406e-05, 1.49086999954e-05, 2.78764855466e-05, 4.5394506742e-05, 2.85242495011e-05, 2.7203685022e-05, 4.31111402577e-05, 4.69279766548e-05, 4.41626034444e-05, 4.78567199025e-05, 5.21169349668e-05, 5.55588412681e-05, 7.33729175408e-05, 9.010683425e-05, 0.00010703123553, 0.000129223742988, 0.000168825004948, 0.00018451140204, 0.000200466136448, 0.000274182762951, 0.000254304584814, 0.000173778564204, 0.000207709643291, 0.000192050618352, 0.000214963030885, 0.000182260540896, 0.00014635171101, 0.000143581361044, 0.000147038081195, 0.000161919015227, 0.000171631865669, 0.000167457314092, 0.00016171457537, 0.000161879186635, 0.000148560429807, 0.000162051219377, 0.000160153460456, 0.000138259478263, 0.000129393083625, 0.000111382258183, 9.72887064563e-05, 8.70589137776e-05, 8.33244921523e-05, 6.89422668074e-05, 5.88563270867e-05, 5.06290089106e-05, 4.50998086308e-05, 3.75097661163e-05, 3.06282490783e-05, 2.37228196056e-05, 1.87524783541e-05, 1.53364489961e-05, 1.27074408738e-05, 1.07898104034e-05, 9.62966896623e-06, 7.1900135481e-06, 5.72561111767e-06, 5.04299850945e-06, 4.28968678534e-06, 3.84345048587e-06, 3.70954035134e-06, 3.442774414e-06, 3.20743833981e-06, 2.89539980258e-06, 2.63005836132e-06, 2.59678995462e-06, 2.36762093664e-06, 2.04301704798e-06, 1.97001304514e-06, 1.84110240298e-06, 1.57298632075e-06, 1.20637548662e-06, 1.14365877835e-06, 1.04480272967e-06, 9.08862148208e-07, 7.63478453791e-07, 6.63045454985e-07, 6.23673315658e-07, 5.74842147216e-07, 5.41616145711e-07, 4.85080022372e-07, 4.38862343799e-07, 3.80668609523e-07, 3.43974164707e-07, 2.97190211995e-07, 2.54097045627e-07, 2.13434233842e-07, 1.87190764223e-07, 1.61031081802e-07, 1.33493301746e-07, 1.0943028883e-07, 8.95808938139e-08, 6.37934505221e-08, 4.566991052e-08, 3.44035804289e-08, 2.37203980902e-08, 1.74990173463e-08, 1.32412223408e-08, 8.59153637123e-09, 5.61233504115e-09, 3.43725159446e-09, 9.75908576173e-10, 3.52808476878e-10, 9.66982188766e-11, 7.35022251397e-11, 5.17782240694e-11, 5.43531157582e-11, 2.35080167138e-11, 1.18240642971e-11, 1.5511697829e-11, 2.08931465878e-11, 3.18529889964e-11, 1.49269815258e-11, 4.5421522446e-12, 4.51363642642e-12, 4.05608966553e-12, 3.62566465566e-12, 3.44074421732e-12, 3.40799632438e-12],
        "min": [5.06981068238e-10, 9.14104703043e-09, 1.39245477371e-08, 1.61946189792e-08, 1.01381703033e-08, 6.22895441893e-08, 9.11575739337e-08, 1.07570841124e-07, 1.56092724524e-07, 6.64616379709e-08, 2.32849600934e-07, 1.06057129301e-07, 4.95303922321e-08, 5.19754017603e-08, 4.86330193894e-08, 2.81535914581e-08, 7.83255131864e-08, 1.32295667754e-07, 9.92674671352e-08, 2.77211658073e-08, 1.03580841682e-08, 4.94835372677e-09, 1.17673000233e-08, 1.1423157531e-08, 8.35760793905e-09, 5.6999356346e-09, 1.94537079778e-08, 8.38494162991e-09, 1.25871233436e-08, 8.94875284985e-09, 1.13700950877e-08, 1.62740683152e-08, 1.06678790246e-08, 8.86248496812e-09, 1.00688595239e-08, 2.70516800072e-08, 2.5511297963e-08, 8.83752271363e-09, 9.38723321298e-09, 8.62136051438e-09, 1.80773795933e-08, 4.19138013186e-09, 7.88475151836e-09, 3.74727182617e-09, 1.2028251728e-09, 9.3350740471e-09, 9.72289004864e-09, 1.9914883076e-09, 2.20029905407e-09, 3.38344063877e-09, 4.24762802709e-09, 3.2923119786e-09, 2.55295340423e-09, 1.93105020863e-09, 1.94363747319e-09, 1.59651136755e-09, 1.59448532155e-09, 3.17755843859e-09, 2.80171574829e-09, 1.39153999434e-09, 1.43975986688e-09, 2.62745913915e-09, 1.37248423737e-09, 1.30909327822e-09, 1.53995916019e-09, 2.44644260405e-09, 1.90138882417e-09, 1.80927894888e-09, 2.47269316134e-09, 1.9646433369e-09, 2.13348028133e-09, 2.34296382295e-09, 1.79456982607e-09, 1.76681691499e-09, 2.46592324338e-09, 2.09565498288e-09, 2.56028331869e-09, 2.15196371833e-09, 1.25977661636e-09, 2.17320850204e-09, 2.35062636023e-09, 2.9514608535e-09, 3.91000698485e-09, 3.82797304965e-09, 2.99080360477e-09, 2.43300424252e-09, 2.86802137595e-09, 3.75445363687e-09, 2.59246779599e-09, 4.01578192921e-09, 4.54666393424e-09, 4.61887328385e-09, 3.81276032968e-09, 4.85139972639e-09, 5.88417892189e-09, 3.49700979285e-09, 2.67384003827e-09, 3.07981262715e-09, 3.65062957641e-09, 3.70061448152e-09, 1.48668921618e-09, 1.94541138754e-09, 1.97070737507e-09, 1.81478676531e-09, 1.10808140441e-09, 5.12365538885e-10, 2.25303456447e-10, 1.789018933e-10, 1.68768693465e-10, 1.35153485625e-10, 1.64052343758e-12, 3.254841668e-14, 3.06420402832e-14, 2.76322001847e-14, 3.28609955544e-14, 3.13406222361e-14, 2.96910221832e-14, 2.37630028095e-14, 2.83624594757e-14, 2.88555664823e-14, 3.17470862424e-14, 3.02821597008e-14, 3.15696497806e-14, 2.56974803714e-14, 1.9303779224e-14, 7.59874104015e-15, 1.00682391281e-15, 3.04042608766e-17],
        "stdev": [6.80438404288e-07, 2.18070340452e-06, 4.00742601414e-06, 4.1321349272e-05, 6.10356582911e-05, 4.49194812973e-05, 6.81087039993e-05, 7.31424224796e-05, 0.000225108553423, 8.67436319822e-05, 2.10917078221e-05, 3.45159314747e-05, 6.45728505333e-05, 3.82029393222e-05, 4.61475938209e-05, 5.71716263948e-05, 6.5030202677e-05, 7.29629464331e-05, 7.52579508116e-05, 8.16788815428e-05, 8.47292176331e-05, 9.83866848401e-05, 0.000154850597028, 0.000232477090321, 0.000318741018418, 0.000331294519128, 0.000359544355888, 0.000367622124031, 0.000576629885472, 0.000544944196008, 0.000305215478875, 0.000425584119512, 0.000364361301763, 0.00045794059406, 0.00029228956555, 0.00022590145818, 0.000235748346313, 0.00022837879078, 0.000264297705144, 0.00032037080382, 0.000304689456243, 0.000259117572568, 0.000243676680839, 0.000232416408835, 0.000267363036983, 0.000289832911221, 0.000229158249567, 0.000214027386392, 0.000167227248312, 0.000141842319863, 0.000131332912133, 0.00012882205192, 0.000101216646726, 9.52799528022e-05, 8.82064705365e-05, 8.08372205938e-05, 7.03258192516e-05, 5.61092710996e-05, 4.76470850117e-05, 3.67292414012e-05, 2.60324923147e-05, 2.06965924008e-05, 2.01392358576e-05, 2.11491405935e-05, 1.19812793855e-05, 9.3637036116e-06, 8.62809974933e-06, 7.25252539269e-06, 5.93650474912e-06, 5.76200636715e-06, 5.06736705574e-06, 4.697395525e-06, 5.35770732313e-06, 4.57794203612e-06, 4.12609233535e-06, 3.55893121196e-06, 3.20005756294e-06, 2.94684718938e-06, 2.92424283543e-06, 2.39473752117e-06, 1.71997203324e-06, 1.77409594926e-06, 2.00799718186e-06, 1.57154886438e-06, 1.14042722998e-06, 9.24558833049e-07, 8.80846300788e-07, 8.30840747312e-07, 7.98258611212e-07, 7.31645172891e-07, 6.90872639098e-07, 6.15635769918e-07, 5.7975813661e-07, 5.82722577747e-07, 4.72582485145e-07, 3.49243009623e-07, 2.98452874858e-07, 2.84432275066e-07, 2.38825094812e-07, 2.27623061733e-07, 1.62252547398e-07, 1.21562067079e-07, 6.67322908043e-08, 5.17321581128e-08, 3.24190274625e-08, 2.10011084079e-08, 1.26185142335e-08, 7.66359686821e-09, 5.78301007081e-09, 6.04209615673e-09, 3.53394091768e-09, 1.7329981894e-09, 7.57211460201e-10, 6.77475520128e-10, 4.53255738497e-10, 5.68327274131e-10, 1.50117612785e-10, 8.74972039266e-11, 1.55251630996e-10, 2.51524828743e-10, 3.69414387968e-10, 1.80043105424e-10, 4.29590391038e-11, 4.24184992687e-11, 4.03101649282e-11, 3.91449719861e-11, 3.87180495998e-11, 3.8525068552e-11]
    },
    "mfcc": {
        "mean": [-723.17010498, 111.238014221, -31.439704895, -16.9275760651, -11.9687385559, 1.8441106081, -9.58303356171, -2.57132935524, -4.23153495789, -2.62806034088, -6.72788381577, -1.93332052231, -4.80346059799],
        "cov": [[15062.4716797, -2937.68676758, -7747.43164062, -1610.98449707, -1139.64440918, -253.732894897, -776.405700684, 115.812217712, 271.917449951, 228.695800781, -26.5351715088, 83.9212799072, -31.3477020264], [-2937.68676758, 1085.40429688, 1941.58679199, 320.160644531, 151.483840942, 33.8321762085, 202.723175049, -21.1179161072, -97.0129852295, -71.8251342773, -25.2820549011, -65.9170150757, -46.1892776489], [-7747.43164062, 1941.58679199, 4648.90722656, 861.134460449, 501.137573242, 97.4706115723, 450.221557617, -58.6920776367, -194.489700317, -135.622695923, -20.0558452606, -100.734832764, -42.5599136353], [-1610.98449707, 320.160644531, 861.134460449, 245.504669189, 142.905639648, 32.944606781, 83.3497161865, -8.3881816864, -30.2567481995, -29.040512085, 5.93357610703, -6.06688547134, 1.95961785316], [-1139.64440918, 151.483840942, 501.137573242, 142.905639648, 181.125442505, 49.2615013123, 56.9852256775, -6.06072092056, -12.4668674469, -17.0255813599, 9.22097301483, 7.41089773178, 12.469452858], [-253.732894897, 33.8321762085, 97.4706115723, 32.944606781, 49.2615013123, 61.4992370605, 29.7203197479, 3.96615958214, 3.54389572144, -1.08148097992, 6.64560174942, 5.87384700775, 7.87638473511], [-776.405700684, 202.723175049, 450.221557617, 83.3497161865, 56.9852256775, 29.7203197479, 93.4577255249, 14.1777935028, -11.3821258545, -9.8254776001, 2.96861720085, -10.8709611893, -3.30216193199], [115.812217712, -21.1179161072, -58.6920776367, -8.3881816864, -6.06072092056, 3.96615958214, 14.1777935028, 57.5901832581, 22.8563594818, 7.58554458618, 4.44999408722, -3.01133084297, -2.54059147835], [271.917449951, -97.0129852295, -194.489700317, -30.2567481995, -12.4668674469, 3.54389572144, -11.3821258545, 22.8563594818, 51.2826538086, 21.7256259918, 7.75557851791, 7.18628549576, 6.85089015961], [228.695800781, -71.8251342773, -135.622695923, -29.040512085, -17.0255813599, -1.08148097992, -9.8254776001, 7.58554458618, 21.7256259918, 41.9744262695, 15.4386291504, 7.6944694519, 4.04500770569], [-26.5351715088, -25.2820549011, -20.0558452606, 5.93357610703, 9.22097301483, 6.64560174942, 2.96861720085, 4.44999408722, 7.75557851791, 15.4386291504, 37.1356086731, 18.0303630829, 9.86609840393], [83.9212799072, -65.9170150757, -100.734832764, -6.06688547134, 7.41089773178, 5.87384700775, -10.8709611893, -3.01133084297, 7.18628549576, 7.6944694519, 18.0303630829, 44.8922729492, 26.5109596252], [-31.3477020264, -46.1892776489, -42.5599136353, 1.95961785316, 12.469452858, 7.87638473511, -3.30216193199, -2.54059147835, 6.85089015961, 4.04500770569, 9.86609840393, 26.5109596252, 40.5830726624]],
        "icov": [[0.000853265519254, -0.000435327849118, 0.00131995021366, 0.000523009628523, 0.00144161470234, -0.00021295103943, 0.000525610055774, -0.00066692387918, 0.000821008638013, -0.000645679072477, 0.000576187449042, -0.00019136373885, 0.00103271042462], [-0.000435327849118, 0.00481049017981, -0.00268846610561, 0.000726242840756, 0.000967130705249, -0.000673282367643, -0.00186441629194, 0.000308038986987, 0.000302178988932, 0.00196008384228, 4.187547529e-05, 2.96218277072e-05, 0.00170944991987], [0.00131995021366, -0.00268846610561, 0.00395909370854, -0.00210757786408, 0.00124057068024, 0.00101260724477, -0.0013183420524, -0.000149093044456, 0.00215685297735, -0.00190421089064, 0.00105420604814, 0.00070387951564, 0.000628723122645], [0.000523009628523, 0.000726242840756, -0.00210757786408, 0.0162633229047, -0.00441508553922, -0.000418334064307, 0.00162482855376, -0.00134609232191, -0.000771453778725, 0.00309104798362, -0.00237543089315, -0.00143150938675, 0.00105547811836], [0.00144161470234, 0.000967130705249, 0.00124057068024, -0.00441508553922, 0.0156358610839, -0.0070043229498, 0.000551752978936, -0.000315335433697, 0.000475101289339, 0.000879236846231, 0.000508478435222, -0.00176039698999, 0.00116732204333], [-0.00021295103943, -0.000673282367643, 0.00101260724477, -0.000418334064307, -0.0070043229498, 0.0248316414654, -0.00908864010125, 0.00180511537474, -0.0023756721057, 0.000222156275413, -0.000947351858485, -0.000535196391866, -0.00218355073594], [0.000525610055774, -0.00186441629194, -0.0013183420524, 0.00162482855376, 0.000551752978936, -0.00908864010125, 0.0283436998725, -0.00933166593313, 0.00149189168587, -0.00116653949954, -0.00220751320012, 0.00228811916895, -0.000954133225605], [-0.00066692387918, 0.000308038986987, -0.000149093044456, -0.00134609232191, -0.000315335433697, 0.00180511537474, -0.00933166593313, 0.0254170056432, -0.012002020143, 0.00254348106682, -0.00265511847101, 0.00224179006182, 0.00127608899493], [0.000821008638013, 0.000302178988932, 0.00215685297735, -0.000771453778725, 0.000475101289339, -0.0023756721057, 0.00149189168587, -0.012002020143, 0.0351506061852, -0.0138539429754, 0.00246024830267, 0.000789862999227, -0.00270466529764], [-0.000645679072477, 0.00196008384228, -0.00190421089064, 0.00309104798362, 0.000879236846231, 0.000222156275413, -0.00116653949954, 0.00254348106682, -0.0138539429754, 0.0387505888939, -0.0150869069621, 0.00114712736104, 0.000731667329092], [0.000576187449042, 4.187547529e-05, 0.00105420604814, -0.00237543089315, 0.000508478435222, -0.000947351858485, -0.00220751320012, -0.00265511847101, 0.00246024830267, -0.0150869069621, 0.041530624032, -0.0156879667193, 0.00263493903913], [-0.00019136373885, 2.96218277072e-05, 0.00070387951564, -0.00143150938675, -0.00176039698999, -0.000535196391866, 0.00228811916895, 0.00224179006182, 0.000789862999227, 0.00114712736104, -0.0156879667193, 0.0456131212413, -0.0245661679655], [0.00103271042462, 0.00170944991987, 0.000628723122645, 0.00105547811836, 0.00116732204333, -0.00218355073594, -0.000954133225605, 0.00127608899493, -0.00270466529764, 0.000731667329092, 0.00263493903913, -0.0245661679655, 0.0438508242369]]
    },
    "spectral_contrast_coeffs": {
        "max": [-0.515945374966, -0.633718073368, -0.664522528648, -0.734692692757, -0.65121948719, -0.649226129055],
        "mean": [-0.716762840748, -0.805385231972, -0.801412880421, -0.834979891777, -0.8316218853, -0.790878355503],
        "min": [-0.872309625149, -0.930985450745, -0.931152403355, -0.927409529686, -0.91604667902, -0.887822806835],
        "stdev": [0.0600820966065, 0.0602966062725, 0.0470999106765, 0.0323495529592, 0.0514862909913, 0.06369227916]
    },
    "spectral_contrast_valleys": {
        "max": [-7.09373617172, -5.19176387787, -5.0071554184, -4.77760457993, -5.91156101227, -8.67980480194],
        "mean": [-8.54651737213, -7.27198839188, -7.33307647705, -7.55333518982, -8.17021274567, -10.7741956711],
        "min": [-9.89163303375, -9.95706748962, -10.4805641174, -10.5650558472, -10.5198717117, -11.8251085281],
        "stdev": [0.5806427598, 1.11046767235, 1.65287899971, 1.997169137, 1.57636845112, 0.756895840168]
    }
},
"rhythm": {
    "beats_count": 31,
    "beats_loudness": {
        "max": 0.0479777939618,
        "mean": 0.0133609753102,
        "min": 3.83432743547e-05,
        "stdev": 0.0146472183987
    },
    "bpm": 142.461990356,
    "bpm_histogram_first_peak_bpm": 144,
    "bpm_histogram_first_peak_weight": 0.428571403027,
    "bpm_histogram_second_peak_bpm": 185,
    "bpm_histogram_second_peak_spread": 0,
    "bpm_histogram_second_peak_weight": 0.133333340287,
    "danceability": 0.699948847294,
    "onset_rate": 2.27284026146,
    "beats_loudness_band_ratio": {
        "max": [0.810817718506, 0.722008347511, 0.46809720993, 0.583354949951, 0.693526744843, 0.12806789577],
        "mean": [0.180504769087, 0.156374529004, 0.151202872396, 0.337644964457, 0.240047886968, 0.0282101202756],
        "min": [0.000712189415935, 0.00632186792791, 0.0279567465186, 0.00867142248899, 0.000685341889039, 0.00179623218719],
        "stdev": [0.283504903316, 0.22783254087, 0.105888538063, 0.209494441748, 0.183134779334, 0.0239662714303]
    },
    "beats_position": [0.336689323187, 0.673378646374, 1.01006805897, 1.369977355, 1.69505667686, 2.00852608681, 2.33360528946, 2.67029476166, 2.99537420273, 3.35528349876, 3.7151927948, 4.06349182129, 4.38857126236, 4.81814050674, 5.23609972, 5.64244890213, 6.06040811539, 6.48997735977, 6.91954612732, 7.36072540283, 7.84834432602, 8.32435321808, 8.80036258698, 9.22993183136, 9.65950107574, 10.077460289, 10.4954195023, 10.9133787155, 11.3313379288, 11.749297142, 12.1672563553],
