{
"metadata": {
    "version": {
        "essentia": "2.1-beta5",
        "essentia_git_sha": "Undefined",
        "extractor": "music 2.0"
    },
    "audio_properties": {
        "analysis": {
            "equal_loudness": 0,
            "length": 48.7502937317,
            "sample_rate": 44100,
            "start_time": 110.248344421,
            "downmix": "mix"
        },
        "bit_rate": 192000,
        "length": 202.257415771,
        "lossless": 0,
        "number_channels": 2,
        "replay_gain": -7.18643379211,
        "sample_rate": 48000,
        "codec": "mp3",
        "md5_encoded": "5cd71aa451c2b3daa34632745e370d73"
    },
    "tags": {
        "file_name": "Poland_Chce Znac Swój Grzech_Kasia Kowalska.mp3",
        "encoding": ["Lavf58.29.100"]
    }
},
"lowlevel": {
    "average_loudness": 0.953885912895,
    "barkbands_crest": {
        "max": 22.7519702911,
        "mean": 9.84975528717,
        "min": 3.03912758827,
        "stdev": 3.94956851006
    },
    "barkbands_flatness_db": {
        "max": 0.278024196625,
        "mean": 0.153555706143,
        "min": 0.0485298596323,
        "stdev": 0.0362482592463
    },
    "barkbands_kurtosis": {
        "max": 21.6874485016,
        "mean": 0.848841428757,
        "min": -1.65779829025,
        "stdev": 2.43434977531
    },
    "barkbands_skewness": {
        "max": 3.93188667297,
        "mean": 0.435525745153,
        "min": -3.09624242783,
        "stdev": 0.875889420509
    },
    "barkbands_spread": {
        "max": 67.9876937866,
        "mean": 18.6036453247,
        "min": 2.55277752876,
        "stdev": 8.13369750977
    },
    "dissonance": {
        "max": 0.499815315008,
        "mean": 0.455265760422,
        "min": 0.305369317532,
        "stdev": 0.0279449950904
    },
    "dynamic_complexity": 1.7200974226,
    "erbbands_crest": {
        "max": 30.861492157,
        "mean": 13.1641311646,
        "min": 3.64718770981,
        "stdev": 5.59026241302
    },
    "erbbands_flatness_db": {
        "max": 0.380628734827,
        "mean": 0.22493198514,
        "min": 0.0866347327828,
        "stdev": 0.0393966324627
    },
    "erbbands_kurtosis": {
        "max": 23.3277854919,
        "mean": 1.25396978855,
        "min": -1.65592265129,
        "stdev": 2.36408042908
    },
    "erbbands_skewness": {
        "max": 3.53881192207,
        "mean": 0.113839775324,
        "min": -2.13858318329,
        "stdev": 0.789489805698
    },
    "erbbands_spread": {
        "max": 95.0224914551,
        "mean": 22.794467926,
        "min": 1.91498184204,
        "stdev": 12.0225963593
    },
    "hfc": {
        "max": 97.9497146606,
        "mean": 32.1677856445,
        "min": 0.627611994743,
        "stdev": 17.3840332031
    },
    "loudness_ebu128": {
        "integrated": -15.0482749939,
        "loudness_range": 2.71703720093,
        "momentary": {
            "max": -12.2380390167,
            "mean": -15.3267211914,
            "min": -25.6132946014,
            "stdev": 1.67725896835
        },
        "short_term": {
            "max": -12.9782886505,
            "mean": -15.1054153442,
            "min": -16.6740779877,
            "stdev": 0.769455254078
        }
    },
    "melbands_crest": {
        "max": 31.5447406769,
        "mean": 11.4346132278,
        "min": 3.15219068527,
        "stdev": 4.43708467484
    },
    "melbands_flatness_db": {
        "max": 0.313814789057,
        "mean": 0.182693481445,
        "min": 0.0424611978233,
        "stdev": 0.0428578667343
    },
    "melbands_kurtosis": {
        "max": 39.6685371399,
        "mean": 2.53094005585,
        "min": -1.66019570827,
        "stdev": 4.37656354904
    },
    "melbands_skewness": {
        "max": 5.16458034515,
        "mean": 1.00108373165,
        "min": -2.56975650787,
        "stdev": 0.952134490013
    },
    "melbands_spread": {
        "max": 169.090164185,
        "mean": 29.7656955719,
        "min": 3.84753155708,
        "stdev": 13.4750919342
    },
    "pitch_salience": {
        "max": 0.789446890354,
        "mean": 0.521848022938,
        "min": 0.262122392654,
        "stdev": 0.0885856971145
    },
    "silence_rate_20dB": {
        "max": 1,
        "mean": 1,
        "min": 1,
        "stdev": 0
    },
    "silence_rate_30dB": {
        "max": 1,
        "mean": 1,
        "min": 1,
        "stdev": 0
    },
    "silence_rate_60dB": {
        "max": 1,
        "mean": 0.0176106616855,
        "min": 0,
        "stdev": 0.131528422236
    },
    "spectral_centroid": {
        "max": 3697.61767578,
        "mean": 1385.35717773,
        "min": 461.547821045,
        "stdev": 415.081512451
    },
    "spectral_complexity": {
        "max": 36,
        "mean": 20.6734886169,
        "min": 1,
        "stdev": 4.85927581787
    },
    "spectral_decrease": {
        "max": -1.5626117067e-10,
        "mean": -7.39667305183e-09,
        "min": -1.98357117398e-08,
        "stdev": 3.20061510628e-09
    },
    "spectral_energy": {
        "max": 0.077022626996,
        "mean": 0.0308344494551,
        "min": 0.000649525842164,
        "stdev": 0.0132498759776
    },
    "spectral_energyband_high": {
        "max": 0.00771408015862,
        "mean": 0.000571338110603,
        "min": 1.13312012218e-06,
        "stdev": 0.000621668645181
    },
    "spectral_energyband_low": {
        "max": 0.0457551293075,
        "mean": 0.00268752849661,
        "min": 4.5699885959e-05,
        "stdev": 0.00307750003412
    },
    "spectral_energyband_middle_high": {
        "max": 0.0637250840664,
        "mean": 0.0151450447738,
        "min": 0.000216221334995,
        "stdev": 0.0112520102412
    },
    "spectral_energyband_middle_low": {
        "max": 0.0613197758794,
        "mean": 0.0128246024251,
        "min": 0.000158022361575,
        "stdev": 0.00957210082561
    },
    "spectral_entropy": {
        "max": 8.65855693817,
        "mean": 7.22647285461,
        "min": 6.2734670639,
        "stdev": 0.316949516535
    },
    "spectral_flux": {
        "max": 0.231358036399,
        "mean": 0.0798255875707,
        "min": 0.0142133627087,
        "stdev": 0.0324246510863
    },
    "spectral_kurtosis": {
        "max": 29.853099823,
        "mean": 5.55442619324,
        "min": -0.912215709686,
        "stdev": 3.61660909653
    },
    "spectral_rms": {
        "max": 0.00866856519133,
        "mean": 0.00532885454595,
        "min": 0.00079604255734,
        "stdev": 0.00129833503161
    },
    "spectral_rolloff": {
        "max": 9302.34375,
        "mean": 1612.71008301,
        "min": 344.53125,
        "stdev": 731.753051758
    },
    "spectral_skewness": {
        "max": 3.63947820663,
        "mean": 1.58147156239,
        "min": 0.213904172182,
        "stdev": 0.400220304728
    },
    "spectral_spread": {
        "max": 13832485,
        "mean": 3253240.75,
        "min": 1623082.5,
        "stdev": 1078466.375
    },
    "spectral_strongpeak": {
        "max": 14.7011833191,
        "mean": 3.58782124519,
        "min": 0,
        "stdev": 2.93944501877
    },
    "zerocrossingrate": {
        "max": 0.2626953125,
        "mean": 0.0600632429123,
        "min": 0.01318359375,
        "stdev": 0.01971453242
    },
    "barkbands": {
        "max": [0.00142754695844, 0.0235476754606, 0.011294904165, 0.0121656376868, 0.0260566473007, 0.046763792634, 0.0388310067356, 0.0394236966968, 0.0457812286913, 0.0258259754628, 0.0485263131559, 0.0515041016042, 0.0395017750561, 0.030465375632, 0.0475292690098, 0.0247953142971, 0.0120946289971, 0.00676087802276, 0.00396848330274, 0.00211941031739, 0.00158369273413, 0.00254942243919, 0.00297436700203, 0.00129647343419, 0.000613094540313, 0.000152377659106, 3.84688007671e-07],
        "mean": [0.00011722194904, 0.00161543593276, 0.000615028257016, 0.00090005149832, 0.00247246492654, 0.00403430685401, 0.00192053709179, 0.00193076266441, 0.00142801308539, 0.00138901569881, 0.00178295082878, 0.00272043445148, 0.00126016896684, 0.00282538728788, 0.00301021477208, 0.00111129286233, 0.000351839553332, 0.000338112091413, 0.000380455428967, 0.000145748897921, 0.00018224264204, 0.000135914931889, 0.000126667815493, 2.80507756543e-05, 1.03602424133e-05, 1.7842513671e-06, 1.30534409948e-08],
        "min": [4.10033962339e-09, 3.49321817339e-06, 1.5865862224e-06, 1.47466766975e-06, 1.69202321558e-05, 1.05568178697e-05, 5.99309123572e-06, 3.5073660456e-06, 1.70328792137e-06, 2.33787227444e-06, 7.68875815993e-06, 2.60472461378e-06, 3.99130158257e-06, 3.36574885296e-06, 3.84501299777e-06, 7.04517015038e-06, 2.55211034528e-06, 2.40178428612e-06, 2.05245601137e-06, 4.06416205578e-07, 4.04576809387e-07, 2.23931579058e-07, 1.18369698043e-07, 2.30972556636e-08, 7.33544425202e-09, 1.06898712104e-10, 2.63715351639e-11],
        "stdev": [0.000171186053194, 0.00209709489718, 0.000808708486147, 0.00131148111541, 0.00283369608223, 0.00500459736213, 0.00313456938602, 0.00419558491558, 0.00364127731882, 0.00200387230143, 0.00422021513805, 0.00499471370131, 0.00293658883311, 0.00449494365603, 0.00604693964124, 0.00203278427944, 0.000598574290052, 0.000412457709899, 0.000422217592131, 0.000160537209013, 0.000234451596043, 0.000224568342674, 0.000208626690437, 7.74243308115e-05, 3.69246008631e-05, 7.57574207455e-06, 1.97391152312e-08]
    },
    "erbbands": {
        "max": [0.882449567318, 5.06429386139, 9.48380565643, 40.3437423706, 81.4316177368, 118.665786743, 333.600738525, 596.088439941, 477.591644287, 780.153320312, 926.265869141, 1418.79016113, 588.386230469, 1660.27868652, 2046.95983887, 1725.20031738, 1670.49853516, 940.461975098, 3034.29272461, 1864.43457031, 907.771972656, 696.460205078, 285.326904297, 350.153808594, 206.712799072, 138.448287964, 101.464042664, 48.9993667603, 99.901550293, 102.84437561, 92.8042984009, 34.595500946, 21.5713939667, 9.46229362488, 3.30365228653, 1.17767941952, 0.17384545505, 0.00518998643383, 0.000185318320291, 8.99744190974e-05],
        "mean": [0.0445617102087, 0.359774172306, 0.786477982998, 1.83705043793, 4.37990522385, 8.33561038971, 20.2979354858, 38.203502655, 26.7805728912, 38.2165260315, 42.1312294006, 33.4440612793, 35.1254653931, 55.0789451599, 95.7245101929, 99.7129592896, 63.0355873108, 71.5855789185, 241.351699829, 103.340408325, 44.4704399109, 22.2399482727, 18.3500537872, 16.1094341278, 17.8623332977, 8.46977901459, 9.62109565735, 4.67036247253, 4.26709747314, 6.03293514252, 3.02358675003, 0.626913070679, 0.542810797691, 0.175552278757, 0.048935007304, 0.0141859715804, 0.00199689436704, 8.54649988469e-05, 2.17426950258e-05, 3.82360667572e-05],
        "min": [0.000122484620078, 0.00175399752334, 0.0110132619739, 0.0137243801728, 0.0194838326424, 0.0422677583992, 0.0472158417106, 0.0934601947665, 0.210251405835, 0.0878271088004, 0.286932140589, 0.117328457534, 0.233434140682, 0.354525595903, 0.515986084938, 0.274839907885, 0.169342041016, 0.265798121691, 0.538421928883, 0.556634068489, 0.417442888021, 0.13838416338, 0.102405279875, 0.110308013856, 0.0989116504788, 0.026524649933, 0.0137525936589, 0.00858641974628, 0.00979659706354, 0.00486391503364, 0.00342799746431, 0.000456264999229, 0.000567827024497, 0.000144070872921, 2.32070015045e-05, 2.72893271358e-06, 1.60903687174e-06, 4.33297316249e-07, 6.1942961338e-07, 8.40389134282e-07],
        "stdev": [0.0712098106742, 0.47206941247, 0.909400224686, 2.61730575562, 5.99258899689, 11.183839798, 29.8709125519, 53.7285842896, 37.5603981018, 65.1218719482, 96.1646194458, 107.977371216, 43.0916137695, 86.0026321411, 169.156280518, 166.089141846, 124.395050049, 103.339347839, 363.960235596, 185.652236938, 65.5896072388, 33.7368812561, 21.9729766846, 17.6412811279, 23.0913848877, 8.85758399963, 13.746219635, 6.70005226135, 7.36759710312, 8.73897361755, 5.59531068802, 1.64620280266, 1.48663747311, 0.578386664391, 0.199321106076, 0.056839749217, 0.0098382672295, 0.00030162135954, 1.30208418341e-05, 1.59844239533e-05]
    },
    "gfcc": {
        "mean": [1.07160592079, 125.36592865, -167.693267822, 32.9108734131, -63.603969574, 12.2024040222, -36.6800460815, -8.32350826263, -9.84066963196, -4.76631307602, -1.69152057171, -5.15522289276, 0.642979562283],
        "cov": [[1504.53967285, -477.929595947, -35.560295105, 241.497940063, -110.788711548, 307.534423828, -35.6272087097, -92.209197998, -122.964782715, 36.4492912292, -59.6393547058, 33.4792633057, 13.832616806], [-477.929595947, 778.561584473, 26.5148792267, -117.746955872, 149.793685913, -306.721313477, 86.0318374634, -11.7434158325, 60.7727050781, -59.3048324585, 100.89250946, -88.2497406006, 51.699131012], [-35.560295105, 26.5148792267, 405.173553467, 32.1609573364, -67.4122009277, 3.99944233894, -98.8792953491, 144.886886597, -22.2688751221, 9.63663387299, -41.5791702271, 44.5331993103, -11.3935203552], [241.497940063, -117.746955872, 32.1609573364, 191.20362854, 14.4615192413, 104.516937256, 12.1915426254, -15.8709430695, -1.41477251053, 6.00198936462, -20.495639801, 19.2307491302, 27.566526413], [-110.788711548, 149.793685913, -67.4122009277, 14.4615192413, 175.94291687, -9.29847431183, 53.5747032166, -39.3190116882, -5.59487199783, -1.1891887188, 17.2900695801, -12.8155965805, 27.2456016541], [307.534423828, -306.721313477, 3.99944233894, 104.516937256, -9.29847431183, 292.936004639, 33.9648208618, -49.3944854736, -52.0605316162, 20.885055542, -29.0561218262, 41.8257522583, -6.38026094437], [-35.6272087097, 86.0318374634, -98.8792953491, 12.1915426254, 53.5747032166, 33.9648208618, 148.913803101, -32.2312240601, 16.7474117279, -6.13636255264, 26.4287776947, -9.96044635773, 6.20150661469], [-92.209197998, -11.7434158325, 144.886886597, -15.8709430695, -39.3190116882, -49.3944854736, -32.2312240601, 216.286193848, 60.2737007141, 8.21706581116, -38.754940033, 8.30402946472, -8.26961421967], [-122.964782715, 60.7727050781, -22.2688751221, -1.41477251053, -5.59487199783, -52.0605316162, 16.7474117279, 60.2737007141, 147.113937378, 11.1415405273, 8.56885719299, -15.0223350525, -10.3963775635], [36.4492912292, -59.3048324585, 9.63663387299, 6.00198936462, -1.1891887188, 20.885055542, -6.13636255264, 8.21706581116, 11.1415405273, 81.0153503418, 8.09829902649, 6.89649391174, -10.460398674], [-59.6393547058, 100.89250946, -41.5791702271, -20.495639801, 17.2900695801, -29.0561218262, 26.4287776947, -38.754940033, 8.56885719299, 8.09829902649, 97.8614730835, -3.83886098862, 6.09800815582], [33.4792633057, -88.2497406006, 44.5331993103, 19.2307491302, -12.8155965805, 41.8257522583, -9.96044635773, 8.30402946472, -15.0223350525, 6.89649391174, -3.83886098862, 90.3182525635, 12.0248146057], [13.832616806, 51.699131012, -11.3935203552, 27.566526413, 27.2456016541, -6.38026094437, 6.20150661469, -8.26961421967, -10.3963775635, -10.460398674, 6.09800815582, 12.0248146057, 96.0011138916]],
        "icov": [[0.00119455181994, -0.000391547393519, 0.000839043408632, -0.00146684423089, 0.00117055966984, -0.000987579347566, 0.000726708502043, -0.000292106968118, 0.00104368617758, -0.000622218183707, 0.000323072483297, 2.3691509341e-05, 0.000111304376333], [-0.000391547393519, 0.00801924243569, -0.0058921277523, 0.00315983151086, -0.00530544435605, 0.00705828797072, -0.00615757284686, 0.00385993719101, -0.00290910154581, 0.00369446980767, -0.00377713725902, 0.00468701636419, -0.00342334783636], [0.000839043408632, -0.0058921277523, 0.00904562603682, -0.00417131278664, 0.00471727317199, -0.00540867634118, 0.00671076821163, -0.0060660103336, 0.00429437123239, -0.00289271585643, 0.00238422467373, -0.00456306617707, 0.00323918787763], [-0.00146684423089, 0.00315983151086, -0.00417131278664, 0.0102827325463, -0.0037971988786, 0.000756043067668, -0.00310652912594, 0.00286926887929, -0.00397672690451, 0.00188769621309, -0.000406709994422, 0.00168256263714, -0.00377216096967], [0.00117055966984, -0.00530544435605, 0.00471727317199, -0.0037971988786, 0.0112915458158, -0.00429273210466, 0.00210718438029, -0.00204106117599, 0.00327709363773, -0.00348725123331, 0.00261778873391, -0.00228661647998, 0.000631881994195], [-0.000987579347566, 0.00705828797072, -0.00540867634118, 0.000756043067668, -0.00429273210466, 0.0122586758807, -0.00754103763029, 0.00436459342018, -0.00126348494086, 0.00191344891209, -0.00171693600714, 0.00204637902789, -0.00169725774322], [0.000726708502043, -0.00615757284686, 0.00671076821163, -0.00310652912594, 0.00210718438029, -0.00754103763029, 0.0146086663008, -0.00392167130485, 0.00145444727968, -0.00154112803284, 0.000579319603276, -0.00316824135371, 0.00286869192496], [-0.000292106968118, 0.00385993719101, -0.0060660103336, 0.00286926887929, -0.00204106117599, 0.00436459342018, -0.00392167130485, 0.0105227185413, -0.00525077851489, 0.00106586737093, 0.00134292943403, 0.00196226709522, -0.00233489251696], [0.00104368617758, -0.00290910154581, 0.00429437123239, -0.00397672690451, 0.00327709363773, -0.00126348494086, 0.00145444727968, -0.00525077851489, 0.0114344246686, -0.00298400968313, 0.00024931851658, -0.00100337562617, 0.00253051193431], [-0.000622218183707, 0.00369446980767, -0.00289271585643, 0.00188769621309, -0.00348725123331, 0.00191344891209, -0.00154112803284, 0.00106586737093, -0.00298400968313, 0.0154467141256, -0.0039598303847, 0.00137696159072, -3.80408600904e-05], [0.000323072483297, -0.00377713725902, 0.00238422467373, -0.000406709994422, 0.00261778873391, -0.00171693600714, 0.000579319603276, 0.00134292943403, 0.00024931851658, -0.0039598303847, 0.0147932795808, -0.00290342746302, 0.000628028530627], [2.3691509341e-05, 0.00468701636419, -0.00456306617707, 0.00168256263714, -0.00228661647998, 0.00204637902789, -0.00316824135371, 0.00196226709522, -0.00100337562617, 0.00137696159072, -0.00290342746302, 0.0158907454461, -0.00415816530585], [0.000111304376333, -0.00342334783636, 0.00323918787763, -0.00377216096967, 0.000631881994195, -0.00169725774322, 0.00286869192496, -0.00233489251696, 0.00253051193431, -3.80408600904e-05, 0.000628028530627, -0.00415816530585, 0.0137839382514]]
    },
    "melbands": {
        "max": [0.00734788924456, 0.005971880164, 0.00575835164636, 0.00476390263066, 0.0102823842317, 0.0114424498752, 0.00675068935379, 0.00711821625009, 0.00716632511467, 0.00825431570411, 0.00285573978908, 0.00616556406021, 0.00809320248663, 0.00745506491512, 0.0061275139451, 0.00207755691372, 0.00171798828524, 0.00501250801608, 0.00288326037116, 0.0023682359606, 0.00117514224257, 0.000716560927685, 0.000591363874264, 0.000488383579068, 0.000297870254144, 0.000159745235578, 8.33475278341e-05, 0.00011493654165, 8.67227936396e-05, 2.8581769584e-05, 3.01961281366e-05, 5.22318478033e-05, 6.17875048192e-05, 5.76796410314e-05, 5.83264372835e-05, 4.14692513004e-05, 1.20591084851e-05, 1.70445109688e-05, 1.08770373117e-05, 7.16928661859e-06],
        "mean": [0.000426538143074, 0.000441791780759, 0.000405681785196, 0.000416237220634, 0.000661545549519, 0.000812740880065, 0.000415729387896, 0.000428243976785, 0.000306184316287, 0.000205250762519, 0.000177258712938, 0.000218366360059, 0.000301507272525, 0.000370249705156, 0.000170140949194, 0.00010694842058, 0.000124733764096, 0.000424660684075, 0.000179916940397, 9.06146960915e-05, 4.62793213956e-05, 2.07923239941e-05, 1.78228801815e-05, 1.76782923518e-05, 1.1593076124e-05, 1.83569372894e-05, 5.77902846999e-06, 5.2591626627e-06, 6.90308297635e-06, 3.01443697026e-06, 2.41891666519e-06, 2.18213426706e-06, 3.0228968626e-06, 3.48376534021e-06, 2.12077725337e-06, 6.34591231119e-07, 2.45885530603e-07, 4.21444894982e-07, 2.50754709441e-07, 1.16965715335e-07],
        "min": [9.76872343017e-07, 6.03619355388e-06, 3.27784482579e-06, 2.07130574381e-06, 1.79120991106e-06, 2.43816498369e-06, 2.99012367577e-06, 1.07816549644e-06, 2.03134572985e-06, 2.97496143276e-07, 8.25585914299e-07, 7.33889578441e-07, 1.39965027302e-06, 3.77626690806e-07, 2.25381356245e-07, 4.27440028261e-07, 3.71507866248e-07, 5.73952434024e-07, 5.71475879951e-07, 5.67770086946e-07, 3.35713451705e-07, 1.44743935948e-07, 7.04724882894e-08, 9.84552173122e-08, 5.28171391068e-08, 8.20773990995e-08, 1.61871813731e-08, 1.44763392385e-08, 8.00771093878e-09, 6.36477848204e-09, 3.34850325245e-09, 6.10431127868e-09, 3.02002445274e-09, 1.87405202468e-09, 1.86898341248e-09, 3.3774785746e-10, 1.48578011006e-10, 3.51866730197e-10, 2.35868408138e-10, 8.57245802122e-11],
        "stdev": [0.000606461369898, 0.000500965048559, 0.000517211272381, 0.000472060521133, 0.000886397843715, 0.00108503713273, 0.000562837463804, 0.000699007185176, 0.000681231438648, 0.000634217751212, 0.000225538067752, 0.000349825713784, 0.000647123786621, 0.000723142700735, 0.000428406900028, 0.00019920791965, 0.000205558142625, 0.000626800756436, 0.000356502627255, 0.000210543585126, 8.40519278427e-05, 3.78835866286e-05, 2.50184766628e-05, 2.45233604801e-05, 1.53456203407e-05, 2.15396794374e-05, 8.60638010636e-06, 6.55810163153e-06, 1.0426292647e-05, 3.74434557671e-06, 3.9215083234e-06, 3.866816769e-06, 5.19135664945e-06, 4.91299624628e-06, 3.92415768147e-06, 1.75297986971e-06, 7.08440779817e-07, 1.18531886528e-06, 7.38328992611e-07, 4.35957787204e-07]
    },
    "melbands128": {
        "max": [0.00125365401618, 0.00691182492301, 0.0112870130688, 0.00823007058352, 0.00488438550383, 0.00773937720805, 0.0100043741986, 0.00831928290427, 0.0107094487175, 0.00466386647895, 0.0086618475616, 0.0121278101578, 0.0162839405239, 0.00629356876016, 0.0197552647442, 0.0170512516052, 0.00822476856411, 0.010950432159, 0.00731569668278, 0.014793433249, 0.00533035583794, 0.0163449272513, 0.0129948481917, 0.00688614184037, 0.0182873047888, 0.00511466059834, 0.00802917778492, 0.0033572553657, 0.00643519777805, 0.0061206901446, 0.0127496104687, 0.00934001524001, 0.0165413375944, 0.013462761417, 0.0163621213287, 0.0135685456917, 0.00629777275026, 0.0121023766696, 0.0109718628228, 0.00522654457018, 0.0030121402815, 0.00485867029056, 0.00349537865259, 0.00372272916138, 0.00764949293807, 0.0106975818053, 0.0117381187156, 0.00473909731954, 0.00374234840274, 0.00485121179372, 0.00489823892713, 0.0019720136188, 0.0028164642863, 0.00290822144598, 0.00100979744457, 0.00142310280353, 0.00206712377258, 0.000856328988448, 0.000313250726322, 0.000349892303348, 0.000832854653709, 0.000571297714487, 0.000784236239269, 0.000549316115212, 0.000277702580206, 0.000384435377782, 0.000442630116595, 0.000153411208885, 0.000112488429295, 0.000105425606307, 0.000211156715523, 0.000138492221595, 0.000162427386385, 0.00021896121325, 0.000126484432258, 4.45771802333e-05, 4.92027756991e-05, 7.53552812967e-05, 5.07741351612e-05, 3.06458641717e-05, 4.07023362641e-05, 6.23881205684e-05, 8.40676148073e-05, 0.000110530570964, 6.92829926265e-05, 9.604387742e-05, 6.38540659565e-05, 6.41959632048e-05, 9.68826207099e-05, 8.17220134195e-05, 4.70404265798e-05, 4.48187420261e-05, 2.40384233621e-05, 9.9144754131e-06, 1.07823625513e-05, 1.79719500011e-05, 2.3384245651e-05, 1.63179101946e-05, 1.46397587741e-05, 1.05641129267e-05, 8.14574650576e-06, 6.88805721438e-06, 6.88019508743e-06, 5.77829177928e-06, 3.32660442837e-06, 2.18680884245e-06, 4.25461803388e-06, 4.03770400226e-06, 1.56918861194e-06, 1.17496324492e-06, 1.41237364915e-06, 1.17153126666e-06, 6.41566430204e-07, 1.29268229898e-07, 3.59356171487e-08, 2.76960978596e-08, 1.04287654068e-08, 1.20570853301e-09, 2.72993117001e-09, 1.63716151746e-09, 1.05215958168e-09, 1.01523589535e-09, 9.80703407372e-10, 9.52095624562e-10, 9.29758048329e-10, 9.11927922065e-10, 8.98980445641e-10, 8.9119256419e-10],
        "mean": [0.000101129066024, 0.000343662512023, 0.00053974421462, 0.000630741182249, 0.000456203270005, 0.00028025105712, 0.000325742759742, 0.000504420138896, 0.000462769821752, 0.000287895498332, 0.000460478622699, 0.000659646175336, 0.0007447154494, 0.000607434019912, 0.00092016661074, 0.000980837154202, 0.000414960144553, 0.000331059593009, 0.000306476111291, 0.000540162553079, 0.000336409168085, 0.000556562736165, 0.000236523832427, 0.000155837507918, 0.00027338770451, 0.000151315383846, 0.000231780257309, 9.46986911003e-05, 0.00024461443536, 0.000256787956459, 0.000164719444001, 0.0002140038996, 0.000460671813926, 0.000141298456583, 0.000462086405605, 0.000503976945765, 9.30554888328e-05, 0.000176657034899, 0.000197623667191, 0.000133697903948, 4.00219832954e-05, 0.000146414487972, 9.43056293181e-05, 3.97770345444e-05, 0.000451518804766, 0.000496159889735, 0.000452345528174, 0.000111846980872, 7.90606427472e-05, 0.000216492422624, 5.205972775e-05, 2.63255551545e-05, 7.465845556e-05, 4.08430896641e-05, 1.22762376122e-05, 2.39762593992e-05, 2.08194069273e-05, 2.39414202952e-05, 1.33760422614e-05, 1.24292191686e-05, 2.05975848075e-05, 2.19464727707e-05, 6.55571147945e-06, 7.00842065271e-06, 2.0992150894e-05, 2.21098162001e-05, 1.7461954485e-05, 5.01577778778e-06, 2.85770306618e-06, 5.86518081036e-06, 5.90389072386e-06, 5.23508424521e-06, 3.55292218046e-06, 1.08115245894e-05, 6.04850220043e-06, 1.7568952444e-06, 1.50736718751e-06, 4.41238353233e-06, 2.055888217e-06, 1.29953969008e-06, 2.08248616218e-06, 2.75363254332e-06, 2.01573152481e-06, 2.69064344138e-06, 4.65434595753e-06, 3.02998932966e-06, 3.4535546547e-06, 3.33716684509e-06, 2.20258129957e-06, 1.16278022233e-06, 7.97425116161e-07, 4.96893733271e-07, 3.28622860479e-07, 1.84486665944e-07, 1.94095875372e-07, 4.07126321988e-07, 5.29607291355e-07, 3.81737407906e-07, 2.66768438451e-07, 1.70200578964e-07, 1.24846920357e-07, 1.17835163849e-07, 9.4388290961e-08, 6.87902641516e-08, 4.82612954045e-08, 3.47861117689e-08, 3.30978053853e-08, 3.01782705492e-08, 2.35140920068e-08, 1.82411152849e-08, 1.56124606576e-08, 8.35561841939e-09, 3.8090677279e-09, 6.44127307048e-10, 1.84869064501e-10, 3.07369740771e-10, 4.21621487723e-10, 1.66217092173e-11, 1.83021878902e-11, 1.21118644628e-11, 5.82341423347e-12, 5.57987944044e-12, 5.45958113787e-12, 5.35141115449e-12, 5.21966367698e-12, 5.07179714893e-12, 4.98028181195e-12, 4.94404473958e-12],
        "min": [1.68137259671e-09, 6.64845885012e-08, 4.41458439582e-07, 9.5481345852e-07, 9.08807919586e-07, 7.22648167084e-07, 7.62781041885e-07, 9.39182996262e-07, 5.56881389002e-07, 5.41251210961e-07, 5.41245981367e-07, 5.8939514247e-07, 3.39637892921e-07, 7.97587574652e-07, 1.00233546618e-06, 4.36207869825e-07, 1.57888302965e-06, 9.60438569564e-07, 3.15507975301e-07, 3.43740083508e-07, 3.30433579165e-07, 1.19486145422e-07, 1.37041666903e-07, 9.77953718007e-08, 1.62456814223e-07, 1.08440872282e-07, 1.30826094846e-07, 1.70551217593e-07, 1.861906469e-07, 1.93163799622e-07, 1.18450920183e-07, 1.81064734761e-07, 4.65535720195e-07, 4.32664648997e-07, 7.20584480973e-08, 1.32125336449e-07, 1.11247686618e-07, 8.17365304329e-08, 5.28813259848e-08, 9.88421362536e-08, 1.44269677094e-07, 1.07616656919e-07, 1.24190407291e-07, 7.53031343947e-08, 4.79632653594e-08, 2.26109918344e-07, 2.02582313591e-07, 6.88095056489e-08, 6.52480025565e-08, 7.83429214835e-08, 7.98023123139e-08, 1.77515104838e-07, 1.59251399623e-07, 1.19238663387e-07, 3.83000191562e-08, 6.06479702014e-08, 5.67857121325e-08, 2.77125788983e-08, 5.37982174365e-08, 2.8704917554e-08, 5.07671842342e-08, 4.14740846111e-08, 6.98239777108e-09, 4.21354968694e-08, 5.47736682677e-08, 5.06967694491e-08, 3.64380845497e-08, 2.05960737354e-09, 5.70372638009e-09, 1.28943780098e-08, 9.27993504263e-09, 5.2587911803e-09, 3.20161741563e-09, 8.39379854511e-09, 5.64165603123e-09, 2.45537745691e-09, 1.85625614879e-09, 3.24072324531e-09, 3.50833495588e-09, 1.89072912882e-09, 3.26208327017e-09, 3.29859450865e-09, 1.7290202603e-09, 2.92762725174e-09, 9.01876295867e-10, 8.00290667069e-10, 1.70349090389e-09, 3.25230536946e-10, 4.3724282528e-10, 3.7129813113e-10, 5.66068913965e-10, 1.46620909858e-10, 8.64279967039e-11, 1.39356789997e-10, 1.37581307458e-10, 2.89835905276e-10, 1.95860910823e-10, 1.88757773301e-10, 1.52522869334e-10, 1.32046124035e-10, 8.20840201365e-11, 3.31556761213e-11, 1.24864086085e-11, 2.88633982166e-12, 5.23943247729e-13, 1.65529449956e-12, 3.80787822064e-13, 1.50595451365e-13, 1.27475544768e-13, 8.87773809002e-14, 1.06556819303e-13, 1.20903788825e-13, 9.62791722433e-14, 9.65414136437e-14, 1.13922068935e-13, 1.19650939005e-13, 1.2809157489e-13, 1.1527795862e-13, 9.71039316121e-14, 9.53088112989e-14, 9.72566143831e-14, 7.31262042564e-14, 8.96532875065e-14, 9.16902933245e-14, 7.81038780743e-14, 2.61668907842e-14, 2.57236663949e-15, 1.01815160205e-16],
        "stdev": [0.0001465222158, 0.00058920297306, 0.000960432167631, 0.000793150160462, 0.000561764638405, 0.000434666668298, 0.000586857902817, 0.000784260628279, 0.00076199072646, 0.000484768126626, 0.000780697562732, 0.00100965285674, 0.00146598066203, 0.000743713404518, 0.00142164924182, 0.00179445079993, 0.000648910587188, 0.000753556902055, 0.000545190530829, 0.00120822712779, 0.000666871550493, 0.00161328073591, 0.000771226128563, 0.00048637521104, 0.00132539076731, 0.000423723511631, 0.000472922925837, 0.000197434899746, 0.000430355750723, 0.00049014860997, 0.000527130847331, 0.000587797432672, 0.00125721818767, 0.000559421081562, 0.00107944244519, 0.00111167994328, 0.000379266304662, 0.000710013147909, 0.000609859649558, 0.000387823791243, 0.000156683468958, 0.000428960600402, 0.000280438951449, 0.000197423214559, 0.000967655156273, 0.000884921988472, 0.00140893727075, 0.000390452740248, 0.000237675747485, 0.000621521729045, 0.000191968050785, 9.98944087769e-05, 0.000157058093464, 0.000116291375889, 3.90173663618e-05, 5.96332829446e-05, 6.23388987151e-05, 4.46630911028e-05, 2.12150025618e-05, 3.17796148011e-05, 4.16116017732e-05, 3.53007308149e-05, 2.38741286012e-05, 2.43276499532e-05, 2.99526254821e-05, 3.67367574654e-05, 4.23862657044e-05, 1.22042019939e-05, 5.68405312151e-06, 8.5818601292e-06, 1.08108524728e-05, 1.23440349853e-05, 8.28155043564e-06, 2.27384680329e-05, 1.13494552352e-05, 3.82813777833e-06, 3.0429596336e-06, 9.42032147577e-06, 4.57227224615e-06, 2.36469963966e-06, 3.61722118214e-06, 6.40742382529e-06, 5.09570372742e-06, 5.76911725148e-06, 9.61568912317e-06, 5.93253162151e-06, 5.7397251112e-06, 5.66187463846e-06, 5.35585013495e-06, 3.2098603242e-06, 2.16447551793e-06, 1.71144256456e-06, 1.0396001926e-06, 5.75806780034e-07, 6.00586361088e-07, 1.35494803999e-06, 1.53257894908e-06, 1.03503305127e-06, 9.1553204129e-07, 5.58658939553e-07, 4.39788010453e-07, 4.93498703236e-07, 4.06646478268e-07, 3.17643326753e-07, 2.11412100271e-07, 1.50408268951e-07, 1.62716261798e-07, 1.42708714179e-07, 8.852704525e-08, 7.38774872389e-08, 6.7849065033e-08, 5.26680707935e-08, 2.85341350548e-08, 4.8838475486e-09, 1.49901802082e-09, 1.28214194817e-09, 6.44799436067e-10, 5.46633571741e-11, 1.1163164837e-10, 7.61407395466e-11, 3.36394037626e-11, 3.22615476001e-11, 3.11876531545e-11, 3.03203399887e-11, 2.96227625762e-11, 2.90857078006e-11, 2.86830611346e-11, 2.84422676383e-11]
    },
    "mfcc": {
        "mean": [-622.562072754, 138.571121216, -31.7785358429, 17.3747367859, -6.69053173065, 11.4140300751, -12.3593502045, 1.81288194656, -10.3415803909, 3.34733486176, -2.96166706085, -6.83561134338, 4.09146881104],
        "cov": [[1655.46398926, -643.612976074, 76.8934249878, -50.7569541931, -46.9232406616, 279.427612305, 73.3134613037, 8.12501716614, -53.4272956848, 16.4766368866, -58.2959671021, -117.214096069, -38.3642425537], [-643.612976074, 898.036193848, -155.051483154, 141.601242065, 4.29211187363, -213.995742798, -3.75284910202, -55.1239700317, -20.0052642822, 27.958240509, -20.7228546143, 77.8991012573, -15.9628381729], [76.8934249878, -155.051483154, 394.610626221, -36.6833610535, 62.4188461304, -50.2944068909, -30.6868209839, 35.3921356201, 31.3418636322, -12.6031608582, 3.15542840958, 23.1068382263, -17.9465065002], [-50.7569541931, 141.601242065, -36.6833610535, 152.359527588, 16.9819641113, -18.8280124664, -1.18101167679, -7.65089797974, 11.7725286484, 19.2213478088, -17.9109745026, 9.97857189178, 2.75213193893], [-46.9232406616, 4.29211187363, 62.4188461304, 16.9819641113, 131.545715332, -25.9363994598, -4.04026412964, 8.45515441895, 20.1784954071, 0.090063624084, -9.4736995697, -3.64275717735, -15.4786348343], [279.427612305, -213.995742798, -50.2944068909, -18.8280124664, -25.9363994598, 291.025146484, 84.1292495728, 14.3449983597, -38.0258903503, -15.0807924271, -3.73378825188, -80.3954544067, 2.1661670208], [73.3134613037, -3.75284910202, -30.6868209839, -1.18101167679, -4.04026412964, 84.1292495728, 135.806884766, 0.868480026722, -22.6377696991, 3.06337499619, -29.671245575, -23.7287025452, -3.75954055786], [8.12501716614, -55.1239700317, 35.3921356201, -7.65089797974, 8.45515441895, 14.3449983597, 0.868480026722, 99.8957290649, 40.205291748, -1.57982230186, 13.4687576294, 2.2466301918, 7.85992097855], [-53.4272956848, -20.0052642822, 31.3418636322, 11.7725286484, 20.1784954071, -38.0258903503, -22.6377696991, 40.205291748, 126.677230835, 16.6592617035, 7.41805028915, 8.33294773102, 6.20545911789], [16.4766368866, 27.958240509, -12.6031608582, 19.2213478088, 0.090063624084, -15.0807924271, 3.06337499619, -1.57982230186, 16.6592617035, 111.987533569, 7.78080558777, -10.4950199127, -12.5419378281], [-58.2959671021, -20.7228546143, 3.15542840958, -17.9109745026, -9.4736995697, -3.73378825188, -29.671245575, 13.4687576294, 7.41805028915, 7.78080558777, 100.046813965, 39.270149231, 1.27273452282], [-117.214096069, 77.8991012573, 23.1068382263, 9.97857189178, -3.64275717735, -80.3954544067, -23.7287025452, 2.2466301918, 8.33294773102, -10.4950199127, 39.270149231, 123.17325592, 29.6540966034], [-38.3642425537, -15.9628381729, -17.9465065002, 2.75213193893, -15.4786348343, 2.1661670208, -3.75954055786, 7.85992097855, 6.20545911789, -12.5419378281, 1.27273452282, 29.6540966034, 78.223526001]],
        "icov": [[0.00101360387634, 0.000728884304408, -7.33661217964e-05, -0.000342753803125, 0.00040028479998, -0.000460111477878, -3.3245250961e-05, 4.82415307488e-05, 0.000355623458745, -0.000389244436519, 0.00076964154141, -0.000223756607738, 0.000708268897142], [0.000728884304408, 0.00245542917401, 0.000725163961761, -0.00165619654581, 0.000309274910251, 0.00122051418293, -0.000743282900658, 0.000230388526688, 0.000766602286603, -0.000265256152488, 0.000698741874658, -0.000798451772425, 0.00123969267588], [-7.33661217964e-05, 0.000725163961761, 0.0034091018606, 0.000425120058935, -0.00135082367342, 0.000751916144509, 0.000280759239104, -0.000876407371834, -7.57289672038e-05, 0.000216280430323, 0.000592681637499, -0.0011236963328, 0.00114964449313], [-0.000342753803125, -0.00165619654581, 0.000425120058935, 0.00865521002561, -0.00140659429599, -0.00116956653073, 0.000991897075437, 0.000195551270735, -0.00115530111361, -0.00127741636243, 0.00170704175252, -0.00109381321818, -0.000657260592561], [0.00040028479998, 0.000309274910251, -0.00135082367342, -0.00140659429599, 0.00904527585953, 0.000520867994055, -0.000431873690104, -0.000231144425925, -0.000807237403933, 0.00033789218287, 0.000663651211653, 0.000549496209715, 0.0016760060098], [-0.000460111477878, 0.00122051418293, 0.000751916144509, -0.00116956653073, 0.000520867994055, 0.0073817637749, -0.00382323865779, -0.000889386981726, 0.00143557763658, 0.00133965432178, -0.0027289527934, 0.00407080678269, -0.00135657691862], [-3.3245250961e-05, -0.000743282900658, 0.000280759239104, 0.000991897075437, -0.000431873690104, -0.00382323865779, 0.0104864574969, -0.000790171790868, 0.000766054668929, -0.00120358308777, 0.00372255919501, -0.00170102994889, 0.000795874162577], [4.82415307488e-05, 0.000230388526688, -0.000876407371834, 0.000195551270735, -0.000231144425925, -0.000889386981726, -0.000790171790868, 0.0125434957445, -0.00402338802814, 0.000488002900966, -0.00163628219161, 0.00018101366004, -0.00110131583642], [0.000355623458745, 0.000766602286603, -7.57289672038e-05, -0.00115530111361, -0.000807237403933, 0.00143557763658, 0.000766054668929, -0.00402338802814, 0.0104663437232, -0.00153766514268, 0.000113708643767, 0.00037020383752, -0.000623301137239], [-0.000389244436519, -0.000265256152488, 0.000216280430323, -0.00127741636243, 0.00033789218287, 0.00133965432178, -0.00120358308777, 0.000488002900966, -0.00153766514268, 0.0101876985282, -0.00234378851019, 0.00203161220998, 0.000795798900072], [0.00076964154141, 0.000698741874658, 0.000592681637499, 0.00170704175252, 0.000663651211653, -0.0027289527934, 0.00372255919501, -0.00163628219161, 0.000113708643767, -0.00234378851019, 0.0149136269465, -0.00666930805892, 0.00304702552967], [-0.000223756607738, -0.000798451772425, -0.0011236963328, -0.00109381321818, 0.000549496209715, 0.00407080678269, -0.00170102994889, 0.00018101366004, 0.00037020383752, 0.00203161220998, -0.00666930805892, 0.014715817757, -0.00576973892748], [0.000708268897142, 0.00123969267588, 0.00114964449313, -0.000657260592561, 0.0016760060098, -0.00135657691862, 0.000795874162577, -0.00110131583642, -0.000623301137239, 0.000795798900072, 0.00304702552967, -0.00576973892748, 0.0165039673448]]
    },
    "spectral_contrast_coeffs": {
        "max": [-0.451548784971, -0.421564996243, -0.423926055431, -0.509541869164, -0.612893760204, -0.588141202927],
        "mean": [-0.698640823364, -0.707237899303, -0.680585026741, -0.688875496387, -0.732954800129, -0.714455246925],
        "min": [-0.875288128853, -0.889549136162, -0.877225756645, -0.857061743736, -0.864966273308, -0.852935552597],
        "stdev": [0.0697866752744, 0.074234187603, 0.07045134902, 0.0679351687431, 0.0394131988287, 0.0452879071236]
    },
    "spectral_contrast_valleys": {
        "max": [-5.20254611969, -4.86650276184, -6.11586236954, -6.14361429214, -6.4040145874, -8.36309623718],
        "mean": [-6.83610391617, -6.53488445282, -7.26947784424, -7.4886841774, -7.81740665436, -11.021944046],
        "min": [-8.67164516449, -8.72195053101, -8.98413944244, -9.14517784119, -10.0555934906, -13.7328338623],
        "stdev": [0.55516898632, 0.505664050579, 0.461483418941, 0.4224871099, 0.442920565605, 0.74735981226]
    }
},
"rhythm": {
    "beats_count": 123,
    "beats_loudness": {
        "max": 0.0691941455007,
        "mean": 0.035571500659,
        "min": 0.000950591056608,
        "stdev": 0.0122426953167
    },
    "bpm": 155.049850464,
    "bpm_histogram_first_peak_bpm": 157,
    "bpm_histogram_first_peak_weight": 0.301369845867,
    "bpm_histogram_second_peak_bpm": 152,
    "bpm_histogram_second_peak_spread": 0.133333325386,
    "bpm_histogram_second_peak_weight": 0.213114753366,
    "danceability": 1.08022749424,
    "onset_rate": 2.6455078125,
    "beats_loudness_band_ratio": {
        "max": [0.639226853848, 0.632987618446, 0.87001568079, 0.818705201149, 0.706272304058, 0.248530447483],
        "mean": [0.148399934173, 0.217792242765, 0.186005190015, 0.217725113034, 0.221660241485, 0.0322291888297],
        "min": [0.00379840726964, 0.00213345699012, 0.00599046982825, 0.0197705216706, 0.010675852187, 0.00246524903923],
        "stdev": [0.114964425564, 0.156982600689, 0.179415583611, 0.15764054656, 0.156132429838, 0.029650695622]
    },
