{
"metadata": {
    "version": {
        "essentia": "2.1-beta5",
        "essentia_git_sha": "Undefined",
        "extractor": "music 2.0"
    },
    "audio_properties": {
        "analysis": {
            "equal_loudness": 0,
            "length": 41.1805877686,
            "sample_rate": 44100,
            "start_time": 162.493240356,
            "downmix": "mix"
        },
        "bit_rate": 192000,
        "length": 203.697067261,
        "lossless": 0,
        "number_channels": 2,
        "replay_gain": -7.81356430054,
        "sample_rate": 48000,
        "codec": "mp3",
        "md5_encoded": "f1bc5e73b8d6ad8df26c2fe2df1c274f"
    },
    "tags": {
        "file_name": "Cyprus_Mono Gia Mas_Constantinos.mp3",
        "encoding": ["Lavf58.29.100"]
    }
},
"lowlevel": {
    "average_loudness": 0.188641488552,
    "barkbands_crest": {
        "max": 25.3687229156,
        "mean": 9.65640163422,
        "min": 2.65814733505,
        "stdev": 4.67311382294
    },
    "barkbands_flatness_db": {
        "max": 0.343102961779,
        "mean": 0.162687420845,
        "min": 0.0522202216089,
        "stdev": 0.0727683901787
    },
    "barkbands_kurtosis": {
        "max": 97.7942047119,
        "mean": 4.85277080536,
        "min": -1.7733951807,
        "stdev": 8.8151512146
    },
    "barkbands_skewness": {
        "max": 7.54161930084,
        "mean": 0.597157418728,
        "min": -2.34208536148,
        "stdev": 1.76638734341
    },
    "barkbands_spread": {
        "max": 67.7158432007,
        "mean": 16.1898670197,
        "min": 0.946682989597,
        "stdev": 10.2541046143
    },
    "dissonance": {
        "max": 0.499999761581,
        "mean": 0.446226418018,
        "min": 0.197072163224,
        "stdev": 0.0514852553606
    },
    "dynamic_complexity": 5.89148807526,
    "erbbands_crest": {
        "max": 33.1447029114,
        "mean": 9.64427089691,
        "min": 2.64000821114,
        "stdev": 5.9745182991
    },
    "erbbands_flatness_db": {
        "max": 0.387847930193,
        "mean": 0.201156005263,
        "min": 0.0779968202114,
        "stdev": 0.0687678232789
    },
    "erbbands_kurtosis": {
        "max": 58.5642662048,
        "mean": 1.57310461998,
        "min": -1.6413371563,
        "stdev": 4.11586093903
    },
    "erbbands_skewness": {
        "max": 4.62277269363,
        "mean": 0.440973162651,
        "min": -1.36438155174,
        "stdev": 0.997333407402
    },
    "erbbands_spread": {
        "max": 77.4416656494,
        "mean": 25.7805786133,
        "min": 1.01594412327,
        "stdev": 11.5364818573
    },
    "hfc": {
        "max": 121.881233215,
        "mean": 11.663392067,
        "min": 9.96395229927e-17,
        "stdev": 18.4870948792
    },
    "loudness_ebu128": {
        "integrated": -16.6063632965,
        "loudness_range": 12.5924530029,
        "momentary": {
            "max": -11.7115182877,
            "mean": -86.4561233521,
            "min": -300.691009521,
            "stdev": 118.666130066
        },
        "short_term": {
            "max": -12.7975463867,
            "mean": -71.7805938721,
            "min": -300.691009521,
            "stdev": 108.330307007
        }
    },
    "melbands_crest": {
        "max": 31.7860374451,
        "mean": 11.0914087296,
        "min": 1.47267913818,
        "stdev": 7.13948774338
    },
    "melbands_flatness_db": {
        "max": 0.41227850318,
        "mean": 0.172378271818,
        "min": 0.00268412032165,
        "stdev": 0.117675758898
    },
    "melbands_kurtosis": {
        "max": 106.882415771,
        "mean": 5.60905790329,
        "min": -1.4150428772,
        "stdev": 12.1064023972
    },
    "melbands_skewness": {
        "max": 7.78764629364,
        "mean": 1.26655495167,
        "min": -3.1867647171,
        "stdev": 1.30668926239
    },
    "melbands_spread": {
        "max": 163.891647339,
        "mean": 46.0610198975,
        "min": 1.21341693401,
        "stdev": 50.2134132385
    },
    "pitch_salience": {
        "max": 0.875413298607,
        "mean": 0.623152315617,
        "min": 0.15390817821,
        "stdev": 0.138930872083
    },
    "silence_rate_20dB": {
        "max": 1,
        "mean": 1,
        "min": 1,
        "stdev": 0
    },
    "silence_rate_30dB": {
        "max": 1,
        "mean": 1,
        "min": 1,
        "stdev": 0
    },
    "silence_rate_60dB": {
        "max": 1,
        "mean": 0.442253530025,
        "min": 0,
        "stdev": 0.496658056974
    },
    "spectral_centroid": {
        "max": 11770.4335938,
        "mean": 3477.28881836,
        "min": 225.444244385,
        "stdev": 4291.05273438
    },
    "spectral_complexity": {
        "max": 43,
        "mean": 10.7290143967,
        "min": 0,
        "stdev": 10.8110427856
    },
    "spectral_decrease": {
        "max": 1.96511046132e-28,
        "mean": -2.77227907297e-09,
        "min": -1.90872935235e-08,
        "stdev": 3.46144868324e-09
    },
    "spectral_energy": {
        "max": 0.0790806487203,
        "mean": 0.0115211289376,
        "min": 9.75462673214e-21,
        "stdev": 0.0145656522363
    },
    "spectral_energyband_high": {
        "max": 0.0163708217442,
        "mean": 0.000305636436678,
        "min": 6.98181957584e-21,
        "stdev": 0.00113465683535
    },
    "spectral_energyband_low": {
        "max": 0.0259822215885,
        "mean": 0.000667127140332,
        "min": 6.16237549889e-24,
        "stdev": 0.00173313228879
    },
    "spectral_energyband_middle_high": {
        "max": 0.0420259460807,
        "mean": 0.0043306411244,
        "min": 9.52166876096e-22,
        "stdev": 0.00678828405216
    },
    "spectral_energyband_middle_low": {
        "max": 0.0554522611201,
        "mean": 0.00652781734243,
        "min": 1.30741022779e-22,
        "stdev": 0.00825681071728
    },
    "spectral_entropy": {
        "max": 9.82529354095,
        "mean": 7.68484640121,
        "min": 5.62669372559,
        "stdev": 1.29789555073
    },
    "spectral_flux": {
        "max": 0.211773648858,
        "mean": 0.0395536795259,
        "min": 6.29136603925e-11,
        "stdev": 0.041788648814
    },
    "spectral_kurtosis": {
        "max": 36.7548332214,
        "mean": 5.84712171555,
        "min": -1.28539299965,
        "stdev": 6.06674528122
    },
    "spectral_rms": {
        "max": 0.00878361240029,
        "mean": 0.00253795622848,
        "min": 3.08491643689e-12,
        "stdev": 0.00219062925316
    },
    "spectral_rolloff": {
        "max": 19595.2148438,
        "mean": 5561.45849609,
        "min": 193.798828125,
        "stdev": 7532.47949219
    },
    "spectral_skewness": {
        "max": 4.51976251602,
        "mean": 1.50664889812,
        "min": -0.0906065329909,
        "stdev": 1.01826918125
    },
    "spectral_spread": {
        "max": 42784996,
        "mean": 12154925,
        "min": 1675196.5,
        "stdev": 16053679
    },
    "spectral_strongpeak": {
        "max": 10.0153236389,
        "mean": 0.870763242245,
        "min": 0,
        "stdev": 1.12973546982
    },
    "zerocrossingrate": {
        "max": 0.7265625,
        "mean": 0.157149806619,
        "min": 0.009765625,
        "stdev": 0.197391852736
    },
    "barkbands": {
        "max": [0.00493482593447, 0.0217897854745, 0.00548893632367, 0.00657606869936, 0.0177510362118, 0.022949712351, 0.023817460984, 0.0363778993487, 0.0187416411936, 0.0229864511639, 0.0124901169911, 0.0314949564636, 0.0231278762221, 0.011648462154, 0.0115146115422, 0.0177695136517, 0.00461393222213, 0.00633915234357, 0.00574246793985, 0.00261649279855, 0.00404627621174, 0.00558000430465, 0.00662028277293, 0.002897860948, 0.000868027505931, 8.16246320028e-05, 7.84249277785e-06],
        "mean": [2.20655983867e-05, 0.000310855539283, 0.000236844207393, 0.000418192357756, 0.00129295198712, 0.00121851661243, 0.00108175922651, 0.00139440083876, 0.000765072589274, 0.00101676525082, 0.000599006714765, 0.000458393042209, 0.00046394218225, 0.000321868574247, 0.000310091883875, 0.000557792256586, 0.00020225798653, 0.000241103945882, 0.000245988747338, 9.07648427528e-05, 5.45094408153e-05, 0.000108236628876, 6.41864680802e-05, 3.30604125338e-05, 1.1097496099e-05, 1.39335088534e-06, 9.05823860364e-09],
        "min": [1.69833383573e-25, 1.51509236824e-24, 2.13547605272e-25, 7.14659366577e-25, 1.92832808154e-24, 6.00035017428e-24, 3.39308205213e-24, 8.0948725131e-24, 1.57460943863e-23, 9.2210905733e-24, 9.87865899148e-24, 1.70141882914e-23, 1.64052302711e-23, 2.56589978296e-23, 3.41485611194e-23, 3.08712321778e-23, 6.04928455729e-23, 8.16448191492e-23, 1.19904888597e-22, 1.23179342929e-22, 2.08151236589e-22, 2.94436766671e-22, 3.48613032582e-22, 5.32010167375e-22, 8.11725805056e-22, 1.24865468112e-21, 1.75471321798e-21],
        "stdev": [0.000214989748201, 0.00119539070874, 0.000553499849048, 0.000897207763046, 0.00215392047539, 0.00239102379419, 0.0028078132309, 0.00354069075547, 0.00174250628334, 0.0022015941795, 0.0014174656244, 0.00171134562697, 0.00130682275631, 0.000774133135565, 0.000800210284069, 0.00177087204065, 0.000439756870037, 0.000611456460319, 0.000629257643595, 0.000239954446442, 0.0002101710852, 0.000435482681496, 0.000337487144861, 0.000167840407812, 5.19233872183e-05, 5.22919071955e-06, 1.86180798778e-07]
    },
    "erbbands": {
        "max": [0.918025791645, 5.57924604416, 7.80694150925, 8.55275726318, 51.8708572388, 96.7689666748, 169.198623657, 295.356079102, 313.283172607, 500.403015137, 822.75958252, 488.937255859, 762.74029541, 622.471313477, 479.705322266, 1555.13989258, 1156.42663574, 508.548858643, 253.431472778, 813.59777832, 557.720275879, 278.966247559, 368.202667236, 302.973052979, 299.749298096, 92.7421798706, 76.2163391113, 255.728622437, 234.152099609, 251.639266968, 168.871032715, 85.3919143677, 43.5366744995, 15.531993866, 2.86413764954, 0.71817356348, 0.146503910422, 0.0191411916167, 0.00112849404104, 0.000137691196869],
        "mean": [0.00675084302202, 0.0776849091053, 0.268545597792, 0.744993031025, 3.09549713135, 4.61166572571, 3.98899531364, 14.2174978256, 15.0628585815, 21.8150424957, 26.5110340118, 20.2414093018, 26.277639389, 29.8634109497, 25.33385849, 20.4162559509, 22.5145149231, 18.5614128113, 14.8629779816, 25.2784614563, 22.2602558136, 10.7706413269, 14.5201807022, 11.6527614594, 11.1552038193, 4.32267570496, 2.13296484947, 2.430331707, 3.78389120102, 3.53698754311, 1.44961798191, 0.78916490078, 0.482619434595, 0.197299525142, 0.0432027094066, 0.0114242918789, 0.00158162799198, 7.14821653673e-05, 1.03883330667e-05, 1.4654806364e-05],
        "min": [5.21925173925e-23, 1.96719480869e-22, 5.48566350913e-22, 3.7488067699e-21, 8.71919613023e-21, 1.25710167748e-20, 2.08365875417e-20, 5.69869668653e-20, 9.63592712203e-20, 1.25372211153e-19, 2.84584924003e-19, 3.63912914764e-19, 4.3154263296e-19, 5.25359726127e-19, 4.83708855839e-19, 8.47964559419e-19, 1.26690589708e-18, 1.3146566557e-18, 2.02952464923e-18, 2.57444538739e-18, 3.1269455815e-18, 3.80973292594e-18, 4.37127068862e-18, 6.09307525779e-18, 5.9301215043e-18, 5.98783720436e-18, 7.43015977842e-18, 8.24640919918e-18, 9.94845242352e-18, 1.0266223782e-17, 9.59930114132e-18, 9.2846846497e-18, 9.0458842243e-18, 8.09344696031e-18, 5.77558307277e-18, 4.16865900143e-18, 2.07147697515e-18, 9.36313239104e-19, 2.2202677939e-19, 2.71511664001e-20],
        "stdev": [0.0441720560193, 0.259598523378, 0.627432465553, 1.28644633293, 5.25021219254, 9.50919818878, 8.98262119293, 28.1347923279, 34.7793045044, 49.9019393921, 71.0999221802, 44.3029937744, 58.720161438, 66.9573364258, 51.3399620056, 78.3101806641, 62.4671859741, 39.9722061157, 30.7295818329, 78.1284942627, 60.7924804688, 23.7013206482, 35.3712501526, 27.4627285004, 31.1767845154, 11.1196479797, 5.9356508255, 11.7015123367, 16.351480484, 15.4576473236, 7.40714836121, 4.25319862366, 2.53614854813, 0.971667647362, 0.166674420238, 0.0397352389991, 0.00776172196493, 0.000531554513145, 3.25870205415e-05, 1.94815002033e-05]
    },
    "gfcc": {
        "mean": [-376.156341553, 98.1951675415, -117.150718689, 11.3547048569, -57.2134246826, 0.371375262737, -27.3306598663, -2.1432890892, -11.9327487946, -9.97562408447, -0.746504068375, -5.15822553635, -6.48184537888],
        "cov": [[262634.625, 27060.7285156, -34416.515625, 4188.29785156, -16339.5048828, 870.629394531, -8209.52832031, -88.8605499268, -3495.52148438, -2841.71411133, -641.10748291, -1584.30932617, -1798.22338867], [27060.7285156, 4189.21240234, -3397.36157227, 342.691070557, -1575.08044434, -262.305175781, -738.959716797, -281.762207031, -312.296478271, -553.556396484, 140.008239746, -261.853881836, -293.705383301], [-34416.515625, -3397.36157227, 4919.64697266, -411.575256348, 2128.06811523, -116.867797852, 1087.00854492, -12.7959318161, 477.021362305, 351.08203125, 113.372581482, 231.233901978, 209.74508667], [4188.29785156, 342.691070557, -411.575256348, 396.989074707, -82.5299606323, 73.4656524658, -176.237838745, 19.0423221588, -37.7444343567, -45.5913581848, -41.6825218201, -44.3337631226, -33.1858978271], [-16339.5048828, -1575.08044434, 2128.06811523, -82.5299606323, 1392.88415527, -11.3329744339, 494.898010254, 53.6963386536, 213.528778076, 169.469696045, -3.15953445435, 79.7338027954, 104.191627502], [870.629394531, -262.305175781, -116.867797852, 73.4656524658, -11.3329744339, 239.375839233, -17.0664157867, 86.1798171997, -37.4605789185, 48.5138931274, -76.4672851562, 2.34295320511, 22.0161113739], [-8209.52832031, -738.959716797, 1087.00854492, -176.237838745, 494.898010254, -17.0664157867, 354.018096924, 0.50600117445, 101.397239685, 67.7018814087, 46.914440155, 52.6392936707, 47.5388031006], [-88.8605499268, -281.762207031, -12.7959318161, 19.0423221588, 53.6963386536, 86.1798171997, 0.50600117445, 133.903671265, 3.72592329979, 58.7746925354, -54.8116493225, 22.5699157715, 29.4799365997], [-3495.52148438, -312.296478271, 477.021362305, -37.7444343567, 213.528778076, -37.4605789185, 101.397239685, 3.72592329979, 127.609016418, 45.2497634888, 26.0319194794, 18.8720855713, 32.4596138], [-2841.71411133, -553.556396484, 351.08203125, -45.5913581848, 169.469696045, 48.5138931274, 67.7018814087, 58.7746925354, 45.2497634888, 169.727767944, -12.3294506073, 65.9987030029, 62.5474090576], [-641.10748291, 140.008239746, 113.372581482, -41.6825218201, -3.15953445435, -76.4672851562, 46.914440155, -54.8116493225, 26.0319194794, -12.3294506073, 101.838058472, 15.8782367706, 0.748645305634], [-1584.30932617, -261.853881836, 231.233901978, -44.3337631226, 79.7338027954, 2.34295320511, 52.6392936707, 22.5699157715, 18.8720855713, 65.9987030029, 15.8782367706, 81.2136764526, 46.533996582], [-1798.22338867, -293.705383301, 209.74508667, -33.1858978271, 104.191627502, 22.0161113739, 47.5388031006, 29.4799365997, 32.4596138, 62.5474090576, 0.748645305634, 46.533996582, 90.1678695679]],
        "icov": [[0.000519216002431, -0.00152133789379, 0.00134760094807, -0.00155387318227, 0.0018187800888, -0.00115587981418, 0.00131620687898, -0.00176381925121, 0.000698667136021, -0.000555088045076, 0.000914062024094, -0.00198647030629, 0.000907081004698], [-0.00152133789379, 0.00589847750962, -0.00304225436412, 0.0040936130099, -0.00538141140714, 0.00414506997913, -0.00393754476681, 0.00617585144937, -0.00218287669122, 0.00343401939608, -0.00447488343343, 0.00591073324904, -0.00188996456563], [0.00134760094807, -0.00304225436412, 0.00531317293644, -0.00447394046932, 0.0038189208135, -0.00235398113728, 0.00123881641775, -0.00284843938425, 0.000345528969774, -0.000825601280667, 0.00194707082119, -0.00635637622327, 0.00311238039285], [-0.00155387318227, 0.0040936130099, -0.00447394046932, 0.00910590961576, -0.00649987347424, 0.00135657854844, 1.6030482584e-05, 0.00467820093036, -0.00249801483005, 0.00229018856771, -0.00341590982862, 0.00623734202236, -0.00213469914161], [0.0018187800888, -0.00538141140714, 0.0038189208135, -0.00649987347424, 0.00906777195632, -0.00330643635243, 0.00287270196714, -0.00695870677009, 0.00243020104244, -0.00252140918747, 0.00462995702401, -0.00582188507542, 0.00239752163179], [-0.00115587981418, 0.00414506997913, -0.00235398113728, 0.00135657854844, -0.00330643635243, 0.010659978725, -0.00588967977092, 0.00203918432817, 0.000733804656193, 6.41333754174e-05, 0.0008281491464, 0.00596033968031, -0.00331015209667], [0.00131620687898, -0.00393754476681, 0.00123881641775, 1.6030482584e-05, 0.00287270196714, -0.00588967977092, 0.0169442296028, -0.00614762492478, 0.00225588167086, 0.00079019065015, -0.00289316941053, -0.00467952806503, 0.00282146409154], [-0.00176381925121, 0.00617585144937, -0.00284843938425, 0.00467820093036, -0.00695870677009, 0.00203918432817, -0.00614762492478, 0.0203735381365, -0.00493084639311, 0.000825628405437, 0.00148915837053, 0.00319285108708, -0.00304607558064], [0.000698667136021, -0.00218287669122, 0.000345528969774, -0.00249801483005, 0.00243020104244, 0.000733804656193, 0.00225588167086, -0.00493084639311, 0.0157566312701, -0.00299200857989, -0.00177230790723, 0.00207464653067, -0.00211721216328], [-0.000555088045076, 0.00343401939608, -0.000825601280667, 0.00229018856771, -0.00252140918747, 6.41333754174e-05, 0.00079019065015, 0.000825628405437, -0.00299200857989, 0.0149418860674, -0.00308277457952, -0.00408603809774, -0.00206315447576], [0.000914062024094, -0.00447488343343, 0.00194707082119, -0.00341590982862, 0.00462995702401, 0.0008281491464, -0.00289316941053, 0.00148915837053, -0.00177230790723, -0.00308277457952, 0.0225250758231, -0.00890988204628, 0.000540559121873], [-0.00198647030629, 0.00591073324904, -0.00635637622327, 0.00623734202236, -0.00582188507542, 0.00596033968031, -0.00467952806503, 0.00319285108708, 0.00207464653067, -0.00408603809774, -0.00890988204628, 0.0329372398555, -0.0114230569452], [0.000907081004698, -0.00188996456563, 0.00311238039285, -0.00213469914161, 0.00239752163179, -0.00331015209667, 0.00282146409154, -0.00304607558064, -0.00211721216328, -0.00206315447576, 0.000540559121873, -0.0114230569452, 0.0206288769841]]
    },
    "melbands": {
        "max": [0.00605902727693, 0.00527147389948, 0.00229371828027, 0.00476429751143, 0.00511841382831, 0.00566457025707, 0.00502625061199, 0.00677176332101, 0.00597557844594, 0.00344781391323, 0.00396431749687, 0.0026259534061, 0.00169442384504, 0.00376674369909, 0.00187977019232, 0.00213097431697, 0.00115263310727, 0.000588744645938, 0.00116478372365, 0.00177843007259, 0.000561200780794, 0.000352916074917, 0.00037334204535, 0.000295497942716, 0.000257659063209, 0.000226871794439, 0.000155301575433, 5.33779784746e-05, 4.36010304838e-05, 7.82095012255e-05, 0.000195123517187, 0.000153572313138, 0.000105022467324, 0.000175525186933, 0.00010651507182, 5.7002682297e-05, 4.92943036079e-05, 3.41826780641e-05, 2.23644929065e-05, 1.06638526631e-05],
        "mean": [7.44358403608e-05, 0.000128766856506, 0.000208432291402, 0.000289323856123, 0.000160595067427, 0.000288592156721, 0.000233601473155, 0.000258660613326, 0.000202726456337, 0.0001212594143, 0.000129893232952, 0.000121773729916, 7.98157270765e-05, 6.29580026725e-05, 4.45538789791e-05, 4.44721517852e-05, 3.49388719769e-05, 2.24497907766e-05, 2.53193884419e-05, 4.74523221783e-05, 1.99572677957e-05, 1.03104648588e-05, 1.34580086524e-05, 1.17101935757e-05, 9.16971748666e-06, 8.62222077558e-06, 5.90165927861e-06, 2.23966026169e-06, 1.18119044146e-06, 1.40545762406e-06, 1.4070378711e-06, 2.03460945158e-06, 2.34087315221e-06, 1.84187433661e-06, 8.67998721787e-07, 5.11009204729e-07, 4.76365499935e-07, 3.50097167257e-07, 2.68641286993e-07, 1.32133976649e-07],
        "min": [7.24464168072e-25, 3.35630979407e-25, 9.49071258108e-25, 8.8244544656e-25, 1.09083449316e-24, 1.25004526067e-24, 1.46518173041e-24, 1.56208944692e-24, 1.85590118411e-24, 1.91852944302e-24, 1.88837168504e-24, 1.3374902948e-24, 1.74161141059e-24, 2.09215910877e-24, 2.26426686461e-24, 2.19770061206e-24, 1.81853126531e-24, 2.48825267738e-24, 2.52289787062e-24, 3.05715214374e-24, 3.00404464709e-24, 3.40445939853e-24, 3.16912700493e-24, 2.93124915441e-24, 3.38889990604e-24, 4.18470909811e-24, 2.80544733648e-24, 3.18065620706e-24, 3.64760486775e-24, 4.14098766573e-24, 4.1472354441e-24, 4.24226557305e-24, 4.360120209e-24, 5.12388626553e-24, 4.7988822779e-24, 5.19648395135e-24, 4.71708607949e-24, 5.45537311208e-24, 5.67688367655e-24, 5.86944501794e-24],
        "stdev": [0.000345013482729, 0.000314860983053, 0.000348102039425, 0.000507968768943, 0.000329588394379, 0.000560970336664, 0.000552927958779, 0.000605249369983, 0.000541323854122, 0.000279516360024, 0.000300450541545, 0.000282875116682, 0.000180633433047, 0.000216748274397, 0.000121979683172, 0.000116284747492, 8.13843726064e-05, 4.86124190502e-05, 7.17727671145e-05, 0.000164599492564, 5.17347034474e-05, 2.44953716901e-05, 3.08356175083e-05, 3.0690607673e-05, 2.19521880354e-05, 2.42921069002e-05, 1.73082953552e-05, 6.09255812378e-06, 3.34575202032e-06, 4.54836617791e-06, 8.09633456811e-06, 9.40520021686e-06, 9.07376761461e-06, 9.19735794014e-06, 4.65049333798e-06, 2.59787748291e-06, 2.56439943769e-06, 1.92158495338e-06, 1.43789009144e-06, 6.51670802654e-07]
    },
    "melbands128": {
        "max": [0.00403785938397, 0.00883083976805, 0.00842677429318, 0.0109349349514, 0.00586507888511, 0.00225557736121, 0.00183760630898, 0.00438369531184, 0.00721834832802, 0.00951547827572, 0.00687121553347, 0.00542910862714, 0.00692889932543, 0.00536475889385, 0.00999744515866, 0.0056453384459, 0.00470125162974, 0.00931708607823, 0.00945890042931, 0.00562878418714, 0.0138478744775, 0.012334484607, 0.00866143591702, 0.00548781082034, 0.00519728055224, 0.00703306030482, 0.00339568522759, 0.00654422771186, 0.00513581978157, 0.00360590638593, 0.00369087606668, 0.00424064556137, 0.00314744468778, 0.00274821021594, 0.00435259891674, 0.00775353517383, 0.00533399870619, 0.00136374565773, 0.00529708620161, 0.0045339227654, 0.00434356741607, 0.00250610103831, 0.00112309725955, 0.00322350370698, 0.000672821304761, 0.000826733303256, 0.000928709167056, 0.00199470715597, 0.00138774607331, 0.00268882117234, 0.00388195528649, 0.001665456919, 0.00123024405912, 0.000437975191744, 0.000633147079498, 0.000795846513938, 0.000387080333894, 0.000350813526893, 0.000862722983584, 0.000744087737985, 0.000624456908554, 0.00046742768609, 0.000268365518423, 0.000279689935269, 0.000371614092728, 0.000380934099667, 0.000452255480923, 0.000444396107923, 0.000330914335791, 0.000156411901116, 9.37996810535e-05, 7.98698165454e-05, 4.1425904783e-05, 7.42459669709e-05, 5.46013579878e-05, 7.79458423494e-05, 8.97551508388e-05, 0.000136436690809, 0.000306816888042, 0.000147001512232, 0.000175370703801, 0.000168594764546, 0.000246440962655, 0.000111084489617, 0.000141341384733, 0.000241764981183, 0.00025548945996, 0.000153443426825, 0.000105464852822, 0.000130660017021, 8.69347786647e-05, 3.62030623364e-05, 0.000181452327524, 6.57841010252e-05, 5.45695438632e-05, 4.6121826017e-05, 4.06090439355e-05, 3.44413383573e-05, 4.10774118791e-05, 3.07313821395e-05, 2.33276932704e-05, 1.24022408272e-05, 4.76919012726e-06, 5.43519536222e-06, 2.14615761251e-06, 1.82262988346e-06, 2.63815377366e-06, 1.25735095935e-06, 9.40985557918e-07, 1.45441322275e-06, 6.69922428642e-07, 7.38177902804e-07, 5.01801707742e-07, 8.44158591917e-07, 7.49530840949e-07, 4.38036877881e-08, 3.78448561378e-08, 3.67046411043e-08, 3.57372123005e-08, 3.4814959804e-08, 3.39069501365e-08, 3.31645679807e-08, 3.24554783049e-08, 3.18576987013e-08, 3.13892272175e-08, 3.10180894303e-08, 3.07396774701e-08, 3.05687564151e-08],
        "mean": [1.86652268894e-05, 4.68559483124e-05, 8.90493975021e-05, 0.00014294112043, 0.000142619435792, 0.00011145442113, 0.000100955978269, 0.000271721888566, 0.000318149512168, 0.000314964127028, 0.000259435473708, 0.000191890125279, 9.65707658906e-05, 0.000133517489303, 0.000420720112743, 0.000294268422294, 0.000193657164345, 0.000258603307884, 0.000240290275542, 0.000202613999136, 0.000335390039254, 0.000234812032431, 0.000223453258513, 9.71032568486e-05, 0.000130744068883, 0.000133112989715, 9.06871719053e-05, 0.000167689184309, 0.00010415181896, 0.000148919789353, 0.000122274228488, 7.77822133387e-05, 6.05451677984e-05, 0.000115975461085, 4.86936623929e-05, 6.14778109593e-05, 5.87905451539e-05, 2.25457024499e-05, 5.56006198167e-05, 5.88268267165e-05, 4.57596033812e-05, 1.90051214304e-05, 2.75149159279e-05, 6.06777502981e-05, 1.35826549013e-05, 1.5214418454e-05, 2.96011839964e-05, 2.30613859458e-05, 2.28010667342e-05, 3.20732688124e-05, 6.82619138388e-05, 4.41193187726e-05, 1.81850646186e-05, 1.13865935418e-05, 1.52165102918e-05, 8.25806546345e-06, 6.75832598063e-06, 1.63580680237e-05, 1.214290387e-05, 1.62221149367e-05, 1.18963853311e-05, 8.37283459987e-06, 1.01415344034e-05, 8.90175579116e-06, 8.56517817738e-06, 7.24648407413e-06, 1.0744546671e-05, 7.98480414232e-06, 4.73126920042e-06, 2.93311859423e-06, 2.0121324269e-06, 2.35773813984e-06, 1.12386078399e-06, 7.88567717791e-07, 1.25239421322e-06, 1.82341625532e-06, 1.18430205021e-06, 1.19048456781e-06, 1.54016640863e-06, 1.41604243709e-06, 1.91976164388e-06, 2.1533396648e-06, 2.60516753769e-06, 2.35201423493e-06, 2.23852566705e-06, 1.97226472665e-06, 1.94483322957e-06, 1.09625887035e-06, 7.56423787607e-07, 7.29272642275e-07, 5.82219797707e-07, 3.57236956461e-07, 5.41889278338e-07, 4.63622171765e-07, 4.96892255342e-07, 3.76432723215e-07, 2.96849634651e-07, 3.34816661507e-07, 3.07795374965e-07, 2.1759994695e-07, 1.70488277718e-07, 1.25574104004e-07, 7.34577838557e-08, 5.40293143558e-08, 3.80780598164e-08, 3.65123256074e-08, 3.06265803829e-08, 2.482355832e-08, 1.68005023227e-08, 1.41143221555e-08, 1.10187361457e-08, 6.24371487845e-09, 3.11500780725e-09, 1.31551824989e-09, 6.0529092849e-10, 2.13861622855e-10, 1.75870484842e-10, 2.66716215086e-11, 2.42383977472e-11, 2.18654538919e-11, 2.09099629972e-11, 2.04555417743e-11, 2.00043332593e-11, 1.96131756669e-11, 1.92967569007e-11, 1.90169043707e-11, 1.88188336442e-11, 1.87102919963e-11],
        "min": [1.14658536717e-26, 2.74423286422e-25, 1.49793900694e-25, 1.86777277652e-25, 3.51504832972e-26, 7.43983779288e-26, 1.57267593562e-25, 2.84468764449e-25, 3.65081227758e-25, 3.25021243966e-25, 1.92004085121e-25, 7.78370904074e-26, 1.82634734846e-25, 3.1346295259e-25, 4.11074061856e-25, 3.12120730412e-25, 5.59504231586e-25, 3.75895795864e-25, 3.05980606904e-25, 2.94898491692e-25, 2.9378871231e-25, 4.31323998033e-25, 2.75428812906e-25, 5.34998957818e-25, 4.48641467055e-25, 7.35211954171e-25, 4.09731050817e-25, 6.06836970583e-25, 3.33483552111e-25, 4.58664043464e-25, 2.06944395761e-25, 3.25907825016e-25, 9.22017076148e-25, 8.71607114019e-26, 5.43208238829e-25, 7.90088224878e-25, 9.17792035747e-25, 7.78783305764e-25, 6.98271964562e-25, 8.30744488908e-25, 9.95345148555e-25, 8.66304958008e-25, 6.05254416999e-25, 1.38872010527e-24, 8.95762897754e-25, 9.79526811076e-25, 9.38133504442e-25, 8.85721290076e-25, 9.42651113631e-25, 1.24651855938e-24, 9.72765188434e-25, 9.87263268581e-25, 1.27672335319e-24, 1.99087962373e-24, 1.07232259012e-24, 1.43098362409e-24, 1.17158002744e-24, 1.60392491009e-24, 1.47404290635e-24, 1.35369004652e-24, 1.22119494104e-24, 1.8827977911e-24, 1.61977539365e-24, 9.59626414235e-25, 1.47681476636e-24, 2.21702869031e-24, 1.57005339219e-24, 1.81436371314e-24, 1.88206257274e-24, 1.37204891055e-24, 2.30737791587e-24, 2.06433618185e-24, 2.2936191956e-24, 1.63367660192e-24, 1.2560775814e-24, 2.38958195535e-24, 3.05936805402e-24, 1.57379111377e-24, 2.21363954665e-24, 2.66885350694e-24, 2.28027778276e-24, 2.34109323931e-24, 2.84911867619e-24, 1.64050853179e-24, 2.6102257589e-24, 2.93504160321e-24, 2.37063430527e-24, 2.37903409619e-24, 2.95751447546e-24, 3.077109733e-24, 3.00890481913e-24, 2.4339492676e-24, 1.48005619582e-24, 2.56118523465e-24, 3.41784873467e-24, 2.79261355563e-24, 2.93156548763e-24, 3.19511070264e-24, 3.23115572955e-24, 4.00018506605e-24, 3.78192855282e-24, 3.05962502546e-24, 3.94349831026e-24, 3.78061825485e-24, 4.07633854239e-24, 3.73795389609e-24, 4.26289625787e-24, 4.11568298004e-24, 3.99269207074e-24, 3.74468761277e-24, 3.98404812737e-24, 4.74642539428e-24, 3.24447012391e-24, 5.09273493724e-24, 4.47752401094e-24, 4.74333227067e-24, 4.52852071302e-24, 5.41771210361e-24, 5.24558659839e-24, 4.32066848626e-24, 5.07700110649e-24, 3.19827285158e-24, 4.36302440042e-24, 4.79805752382e-24, 5.53512616074e-24, 5.47106276663e-24, 5.44289057155e-24, 5.03908726809e-24],
        "stdev": [0.000183672163985, 0.000419593066908, 0.000421786797233, 0.000484125339426, 0.000371360976715, 0.000253885344137, 0.000191285595065, 0.000604395230766, 0.000613885233179, 0.00077921274351, 0.00063986616442, 0.000504862167872, 0.000339597201673, 0.000318157690344, 0.00094510440249, 0.000602014129981, 0.00049700087402, 0.000886504421942, 0.000794022344053, 0.000567667069845, 0.00105042534415, 0.000838482286781, 0.000839265587274, 0.000330929149641, 0.000396311079385, 0.000409222615417, 0.000267839350272, 0.000485489028506, 0.000351062102709, 0.00042910760385, 0.000339234306011, 0.000310496659949, 0.000231303580222, 0.000264363363385, 0.000191560015082, 0.000411589629948, 0.000255412422121, 7.68674944993e-05, 0.000225081064855, 0.000213808292756, 0.000146749895066, 9.30382666411e-05, 7.43440396036e-05, 0.000174645610969, 4.53440734418e-05, 5.12452679686e-05, 8.09345001471e-05, 8.57797567733e-05, 9.76367882686e-05, 0.000172162035597, 0.000301335327094, 0.000156663387315, 7.0636800956e-05, 3.52047209162e-05, 4.41495394625e-05, 3.13163436658e-05, 2.227634468e-05, 3.90593486372e-05, 4.03575941164e-05, 5.33079000888e-05, 4.14977366745e-05, 3.07543414237e-05, 2.62885332631e-05, 2.45408227784e-05, 2.90100269922e-05, 2.77499821095e-05, 3.62362516171e-05, 3.04600525851e-05, 1.92368206626e-05, 1.06574570964e-05, 6.54879977446e-06, 7.33887509341e-06, 3.07020673063e-06, 3.37573374054e-06, 4.11692553826e-06, 5.30634406459e-06, 5.02449620399e-06, 6.88416275807e-06, 1.0934155398e-05, 7.6939641076e-06, 9.91024717223e-06, 9.74848171609e-06, 1.21423317978e-05, 9.11215829547e-06, 8.66933260113e-06, 1.05500876089e-05, 1.12242223622e-05, 6.35869673715e-06, 4.17226556237e-06, 4.80145081383e-06, 2.94270057566e-06, 1.74913850515e-06, 6.30247313893e-06, 2.43224894803e-06, 2.74338935924e-06, 2.22729272537e-06, 1.78643358595e-06, 2.1702144295e-06, 1.82693156603e-06, 1.31648903334e-06, 9.81844095804e-07, 6.14024429524e-07, 3.25068015172e-07, 2.70894020105e-07, 1.39385988973e-07, 1.33235801059e-07, 1.16459531796e-07, 8.9593747532e-08, 5.83940007459e-08, 6.24675493555e-08, 4.29063469198e-08, 4.11997440608e-08, 2.40746480529e-08, 2.1813299611e-08, 1.79034778114e-08, 1.65699354238e-09, 9.68159552528e-10, 8.70948091425e-10, 8.48009995558e-10, 8.26101465012e-10, 8.04543320854e-10, 7.86934184482e-10, 7.70113639526e-10, 7.55929097096e-10, 7.44799499852e-10, 7.35981553479e-10, 7.29379501241e-10, 7.25325965956e-10]
    },
    "mfcc": {
        "mean": [-851.633117676, 115.078430176, -16.5931358337, 6.85874652863, -11.9741535187, -3.67413783073, -9.30161762238, 4.15326738358, -12.3218212128, -1.19162714481, -0.305698990822, -4.00134181976, -1.03612542152],
        "cov": [[65011.0664062, 13455.2509766, -2978.03881836, 930.880371094, -1091.76281738, -296.605438232, -1252.83557129, 868.866149902, -1229.50537109, 35.9699401855, -54.1752128601, -707.014526367, -111.212226868], [13455.2509766, 5414.08398438, -483.564697266, 444.851501465, -440.502655029, -166.245437622, -317.734863281, 206.161178589, -652.647949219, -108.861488342, 7.24531269073, -115.381011963, -90.4005432129], [-2978.03881836, -483.564697266, 579.699279785, 25.5890045166, -30.7896347046, 33.9036598206, 7.93102455139, -19.2821369171, -33.2682151794, -4.23789310455, 15.9663171768, 7.23618650436, 28.0149459839], [930.880371094, 444.851501465, 25.5890045166, 315.160064697, 131.44934082, 14.1538124084, -25.273519516, 20.2970161438, -71.9861373901, -11.9888877869, 6.8263130188, -9.20029640198, -27.7514152527], [-1091.76281738, -440.502655029, -30.7896347046, 131.44934082, 330.594818115, 68.7790145874, 65.4808349609, -5.69336891174, 117.075775146, 2.1634478569, 7.72382974625, 25.9197540283, -17.8288803101], [-296.605438232, -166.245437622, 33.9036598206, 14.1538124084, 68.7790145874, 117.909805298, 53.1194419861, 5.5727686882, 30.1241168976, -0.842657148838, 8.17056941986, 16.8449249268, -15.6970062256], [-1252.83557129, -317.734863281, 7.93102455139, -25.273519516, 65.4808349609, 53.1194419861, 146.593383789, 10.7221632004, 62.525138855, -6.42263889313, 1.42742049694, 29.778875351, -14.7185516357], [868.866149902, 206.161178589, -19.2821369171, 20.2970161438, -5.69336891174, 5.5727686882, 10.7221632004, 110.876358032, -31.3040885925, 8.80407619476, 5.75378608704, -24.9488506317, -11.2110309601], [-1229.50537109, -652.647949219, -33.2682151794, -71.9861373901, 117.075775146, 30.1241168976, 62.525138855, -31.3040885925, 202.732177734, 21.4382572174, -10.4909620285, 24.6859321594, 21.4579524994], [35.9699401855, -108.861488342, -4.23789310455, -11.9888877869, 2.1634478569, -0.842657148838, -6.42263889313, 8.80407619476, 21.4382572174, 56.9236946106, 13.0726156235, -6.66051197052, 3.19756650925], [-54.1752128601, 7.24531269073, 15.9663171768, 6.8263130188, 7.72382974625, 8.17056941986, 1.42742049694, 5.75378608704, -10.4909620285, 13.0726156235, 50.6023712158, 10.2107019424, -4.56248664856], [-707.014526367, -115.381011963, 7.23618650436, -9.20029640198, 25.9197540283, 16.8449249268, 29.778875351, -24.9488506317, 24.6859321594, -6.66051197052, 10.2107019424, 59.1557121277, 6.36908102036], [-111.212226868, -90.4005432129, 28.0149459839, -27.7514152527, -17.8288803101, -15.6970062256, -14.7185516357, -11.2110309601, 21.4579524994, 3.19756650925, -4.56248664856, 6.36908102036, 70.5229187012]],
        "icov": [[5.79308289161e-05, -0.000109416570922, 0.000217006585444, -7.66773009673e-05, 0.000114880349429, -0.000270103686489, 0.000269328593276, -0.000179508104338, -0.000145610451, -8.7652435468e-05, -2.89803865599e-05, 0.000328034104314, -0.000151904227096], [-0.000109416570922, 0.000695419672411, 9.71668705461e-05, -0.000593288510572, 0.00044558380614, 0.000443954195362, -8.7345004431e-05, -0.000215590553125, 0.00101887842175, 0.000824170419946, -9.64066930464e-05, -0.000774526619352, 0.000322112988215], [0.000217006585444, 9.71668705461e-05, 0.00326287583448, -0.00139293237589, 0.0014916092623, -0.00190584536176, 0.00104272551835, -0.000662456208374, 0.000591592863202, 0.000375485309632, -0.000903880107217, 0.00138589809649, -0.0016929958947], [-7.66773009673e-05, -0.000593288510572, -0.00139293237589, 0.00713791465387, -0.00521438382566, 0.000716241949704, 0.000119964199257, 0.000769271631725, 0.00301365880296, -0.000999310985208, 0.00102587079164, -6.75952687743e-05, 0.000670063251164], [0.000114880349429, 0.00044558380614, 0.0014916092623, -0.00521438382566, 0.00831800326705, -0.00242385244928, 0.000366415595636, -0.00128800305538, -0.00457450281829, 0.00175441242754, -0.0017632690724, -0.000103374855826, 0.000750579929445], [-0.000270103686489, 0.000443954195362, -0.00190584536176, 0.000716241949704, -0.00242385244928, 0.012784563005, -0.00405266648158, 0.000244005044806, 0.000521657348145, 0.000280348729575, -0.000612105475739, -0.00281913648359, 0.00265143811703], [0.000269328593276, -8.7345004431e-05, 0.00104272551835, 0.000119964199257, 0.000366415595636, -0.00405266648158, 0.0125629613176, -0.00420341454446, -0.00261852517724, 0.00217277230695, 0.000391908601159, -0.00311968335882, 0.00209540547803], [-0.000179508104338, -0.000215590553125, -0.000662456208374, 0.000769271631725, -0.00128800305538, 0.000244005044806, -0.00420341454446, 0.0127741089091, 0.00200280593708, -0.002520569833, -0.0011282779742, 0.00471962802112, -0.000105789164081], [-0.000145610451, 0.00101887842175, 0.000591592863202, 0.00301365880296, -0.00457450281829, 0.000521657348145, -0.00261852517724, 0.00200280593708, 0.0131803900003, -0.00343073089607, 0.00323586585, -0.00148671446368, -0.00275237369351], [-8.7652435468e-05, 0.000824170419946, 0.000375485309632, -0.000999310985208, 0.00175441242754, 0.000280348729575, 0.00217277230695, -0.002520569833, -0.00343073089607, 0.0228764731437, -0.00741189857945, 0.00261565973051, 0.000225444993703], [-2.89803865599e-05, -9.64066930464e-05, -0.000903880107217, 0.00102587079164, -0.0017632690724, -0.000612105475739, 0.000391908601159, -0.0011282779742, 0.00323586585, -0.00741189857945, 0.0244122240692, -0.00654369639233, 0.00143570231739], [0.000328034104314, -0.000774526619352, 0.00138589809649, -6.75952687743e-05, -0.000103374855826, -0.00281913648359, -0.00311968335882, 0.00471962802112, -0.00148671446368, 0.00261565973051, -0.00654369639233, 0.0260235182941, -0.00404693512246], [-0.000151904227096, 0.000322112988215, -0.0016929958947, 0.000670063251164, 0.000750579929445, 0.00265143811703, 0.00209540547803, -0.000105789164081, -0.00275237369351, 0.000225444993703, 0.00143570231739, -0.00404693512246, 0.0177753847092]]
    },
    "spectral_contrast_coeffs": {
        "max": [-0.440322369337, -0.486530184746, -0.483936786652, -0.558617174625, -0.573069810867, -0.629833698273],
        "mean": [-0.754307329655, -0.758477568626, -0.776780843735, -0.811842381954, -0.804502367973, -0.806779325008],
        "min": [-0.983211934566, -0.984319925308, -0.984603941441, -0.973095357418, -0.969522953033, -0.965963542461],
        "stdev": [0.137981444597, 0.13565801084, 0.119898885489, 0.0981454625726, 0.100778058171, 0.0935504287481]
    },
    "spectral_contrast_valleys": {
        "max": [-5.4433465004, -5.08523082733, -5.40496349335, -5.88893604279, -6.22314119339, -7.96739816666],
        "mean": [-12.5632095337, -12.0105657578, -12.5964136124, -12.9248180389, -13.2450265884, -15.4389257431],
        "min": [-28.2130622864, -28.0151538849, -27.8957805634, -27.7577514648, -27.6020965576, -27.4510288239],
        "stdev": [8.34035491943, 8.62897014618, 8.34807872772, 8.15525054932, 7.98967170715, 6.78002405167]
    }
},
"rhythm": {
    "beats_count": 82,
    "beats_loudness": {
        "max": 0.0777373313904,
        "mean": 0.0123063875362,
        "min": 0,
        "stdev": 0.016273342073
    },
    "bpm": 119.995239258,
    "bpm_histogram_first_peak_bpm": 120,
    "bpm_histogram_first_peak_weight": 0.384615421295,
    "bpm_histogram_second_peak_bpm": 129,
    "bpm_histogram_second_peak_spread": 0.439999997616,
    "bpm_histogram_second_peak_weight": 0.172839507461,
    "danceability": 0.790823280811,
    "onset_rate": 1.84500944614,
    "beats_loudness_band_ratio": {
        "max": [0.751134216785, 0.922235488892, 0.912751197815, 0.889909148216, 0.386121541262, 0.346312105656],
        "mean": [0.131723746657, 0.208758592606, 0.212171927094, 0.168344467878, 0.0607004389167, 0.0231128372252],
        "min": [0, 0, 0, 0, 0, 0],
        "stdev": [0.179877445102, 0.216841369867, 0.199484497309, 0.200931921601, 0.0892878174782, 0.050751645118]
    },
