{
"metadata": {
    "version": {
        "essentia": "2.1-beta5",
        "essentia_git_sha": "Undefined",
        "extractor": "music 2.0"
    },
    "audio_properties": {
        "analysis": {
            "equal_loudness": 0,
            "length": 12.7477550507,
            "sample_rate": 44100,
            "start_time": 0,
            "downmix": "mix"
        },
        "bit_rate": 192000,
        "length": 212.78767395,
        "lossless": 0,
        "number_channels": 2,
        "replay_gain": -1.61500167847,
        "sample_rate": 48000,
        "codec": "mp3",
        "md5_encoded": "83f6387df57ab18fa3d1b21a4eef0765"
    },
    "tags": {
        "file_name": "Slovenia_Dan najlepših sanj_Regina.mp3",
        "encoding": ["Lavf58.29.100"]
    }
},
"lowlevel": {
    "average_loudness": 0.000158852315508,
    "barkbands_crest": {
        "max": 20.8469352722,
        "mean": 6.75075721741,
        "min": 3.46385669708,
        "stdev": 1.63330841064
    },
    "barkbands_flatness_db": {
        "max": 0.239086776972,
        "mean": 0.0856896191835,
        "min": 0.0529974140227,
        "stdev": 0.0299521200359
    },
    "barkbands_kurtosis": {
        "max": 11.4545793533,
        "mean": 2.93793797493,
        "min": -1.5523225069,
        "stdev": 1.43900263309
    },
    "barkbands_skewness": {
        "max": 3.25270462036,
        "mean": -1.43892788887,
        "min": -2.59844183922,
        "stdev": 1.00212717056
    },
    "barkbands_spread": {
        "max": 56.2543106079,
        "mean": 24.8826961517,
        "min": 6.65351676941,
        "stdev": 5.72276592255
    },
    "dissonance": {
        "max": 0.499999880791,
        "mean": 0.490996927023,
        "min": 0.358276277781,
        "stdev": 0.0118613867089
    },
    "dynamic_complexity": 10.3217124939,
    "erbbands_crest": {
        "max": 20.0400485992,
        "mean": 4.2636346817,
        "min": 2.57213068008,
        "stdev": 2.14004135132
    },
    "erbbands_flatness_db": {
        "max": 0.298141330481,
        "mean": 0.118681125343,
        "min": 0.0802581086755,
        "stdev": 0.0464290119708
    },
    "erbbands_kurtosis": {
        "max": 3.68687057495,
        "mean": 0.136736109853,
        "min": -1.61876559258,
        "stdev": 0.524677991867
    },
    "erbbands_skewness": {
        "max": 1.30710065365,
        "mean": -0.511796891689,
        "min": -1.25506663322,
        "stdev": 0.379322528839
    },
    "erbbands_spread": {
        "max": 56.0354804993,
        "mean": 34.4879493713,
        "min": 10.3248109818,
        "stdev": 6.98266077042
    },
    "hfc": {
        "max": 404.504760742,
        "mean": 9.23143672943,
        "min": 1.04340152186e-16,
        "stdev": 43.7733459473
    },
    "loudness_ebu128": {
        "integrated": -17.7592601776,
        "loudness_range": 14.7417621613,
        "momentary": {
            "max": -13.8329524994,
            "mean": -251.249389648,
            "min": -300.691009521,
            "stdev": 104.573356628
        },
        "short_term": {
            "max": -19.9789657593,
            "mean": -239.861587524,
            "min": -300.691009521,
            "stdev": 111.154197693
        }
    },
    "melbands_crest": {
        "max": 26.0735378265,
        "mean": 3.50539422035,
        "min": 1.59526920319,
        "stdev": 3.09288787842
    },
    "melbands_flatness_db": {
        "max": 0.269914001226,
        "mean": 0.0287901684642,
        "min": 0.00309061352164,
        "stdev": 0.054933000356
    },
    "melbands_kurtosis": {
        "max": 29.4944610596,
        "mean": -0.301653563976,
        "min": -1.44701492786,
        "stdev": 3.17408156395
    },
    "melbands_skewness": {
        "max": 4.74625015259,
        "mean": 0.208983287215,
        "min": -1.12860929966,
        "stdev": 0.708820044994
    },
    "melbands_spread": {
        "max": 163.059753418,
        "mean": 115.227508545,
        "min": 6.32384490967,
        "stdev": 40.4058761597
    },
    "pitch_salience": {
        "max": 0.988734424114,
        "mean": 0.781380712986,
        "min": 0.417658448219,
        "stdev": 0.0414710603654
    },
    "silence_rate_20dB": {
        "max": 1,
        "mean": 0.992727279663,
        "min": 0,
        "stdev": 0.084969624877
    },
    "silence_rate_30dB": {
        "max": 1,
        "mean": 0.976363658905,
        "min": 0,
        "stdev": 0.151913434267
    },
    "silence_rate_60dB": {
        "max": 1,
        "mean": 0.894545435905,
        "min": 0,
        "stdev": 0.307138234377
    },
    "spectral_centroid": {
        "max": 11906.25,
        "mean": 9464.71582031,
        "min": 555.212219238,
        "stdev": 3435.96411133
    },
    "spectral_complexity": {
        "max": 58,
        "mean": 3.62181806564,
        "min": 0,
        "stdev": 10.8075199127
    },
    "spectral_decrease": {
        "max": 2.21375319308e-28,
        "mean": -2.09489581238e-09,
        "min": -1.36767695835e-07,
        "stdev": 1.15776179754e-08
    },
    "spectral_energy": {
        "max": 0.549510300159,
        "mean": 0.00874393526465,
        "min": 9.64275378547e-21,
        "stdev": 0.0469569191337
    },
    "spectral_energyband_high": {
        "max": 0.0382584109902,
        "mean": 0.00041750096716,
        "min": 7.00610750502e-21,
        "stdev": 0.00276006991044
    },
    "spectral_energyband_low": {
        "max": 0.0308787114918,
        "mean": 0.00035226077307,
        "min": 1.23645932067e-23,
        "stdev": 0.00227896706201
    },
    "spectral_energyband_middle_high": {
        "max": 0.117448888719,
        "mean": 0.00239391857758,
        "min": 1.10203752339e-21,
        "stdev": 0.0112026846036
    },
    "spectral_energyband_middle_low": {
        "max": 0.457430958748,
        "mean": 0.00579418847337,
        "min": 1.42256511351e-22,
        "stdev": 0.0378407128155
    },
    "spectral_entropy": {
        "max": 9.82837772369,
        "mean": 9.45131397247,
        "min": 6.85668373108,
        "stdev": 0.779789030552
    },
    "spectral_flux": {
        "max": 0.626564383507,
        "mean": 0.0195407830179,
        "min": 6.27087062832e-11,
        "stdev": 0.072035163641
    },
    "spectral_kurtosis": {
        "max": 11.8343114853,
        "mean": -0.208213165402,
        "min": -1.27726376057,
        "stdev": 2.3036236763
    },
    "spectral_rms": {
        "max": 0.0231539979577,
        "mean": 0.000797045242507,
        "min": 3.0671754199e-12,
        "stdev": 0.00280987308361
    },
    "spectral_rolloff": {
        "max": 19659.8144531,
        "mean": 15996.7529297,
        "min": 344.53125,
        "stdev": 6117.53662109
    },
    "spectral_skewness": {
        "max": 3.14520931244,
        "mean": 0.251323580742,
        "min": -0.0923278778791,
        "stdev": 0.575574040413
    },
    "spectral_spread": {
        "max": 42837288,
        "mean": 34151532,
        "min": 2318490.25,
        "stdev": 13993808
    },
    "spectral_strongpeak": {
        "max": 8.16229820251,
        "mean": 0.240380272269,
        "min": 0,
        "stdev": 0.907865345478
    },
    "zerocrossingrate": {
        "max": 0.7021484375,
        "mean": 0.432094275951,
        "min": 0.0244140625,
        "stdev": 0.155843064189
    },
    "barkbands": {
        "max": [8.9559238404e-05, 0.0014431005111, 0.0246937610209, 0.0329952016473, 0.0708336383104, 0.242034479976, 0.278169393539, 0.167468458414, 0.0151165556163, 0.00515175797045, 0.0281987711787, 0.0299248192459, 0.0053571248427, 0.0289724729955, 0.0545977577567, 0.02174401097, 0.0145879127085, 0.0147305009887, 0.027904395014, 0.0122475102544, 0.0279420334846, 0.00793829094619, 0.00247691548429, 0.00047755727428, 0.000115741306217, 1.16168857858e-05, 1.40561917306e-06],
        "mean": [1.35943616897e-06, 2.0378982299e-05, 0.00013226288138, 0.000487448531203, 0.000459012488136, 0.00277249864303, 0.00117113615852, 0.000690434710123, 0.000190272796317, 8.48924537422e-05, 0.000251860532444, 0.000142246470205, 0.000106170438812, 0.000229121200391, 0.000468046491733, 0.000407946528867, 0.000193689164007, 0.000171997729922, 0.000276069709798, 0.000161122719874, 0.000192867111764, 9.57567826845e-05, 2.71913886536e-05, 7.20510251995e-06, 2.6417258141e-06, 3.09616126515e-07, 4.71034500293e-09],
        "min": [1.60031601936e-25, 1.56344244198e-24, 8.56642595211e-25, 1.43515307445e-25, 4.39741755259e-24, 4.67474318155e-24, 1.98933897838e-24, 5.91245095348e-24, 1.38662767144e-23, 1.13073618215e-23, 1.31349190361e-23, 1.21887056238e-23, 1.78489751008e-23, 2.46022602714e-23, 3.15465507552e-23, 3.33448286084e-23, 5.90484286337e-23, 8.08153539955e-23, 9.83783007538e-23, 1.36400878893e-22, 2.49792641555e-22, 2.5140560336e-22, 3.45122379874e-22, 5.4690325542e-22, 8.29821289723e-22, 1.18165103202e-21, 1.94604720225e-21],
        "stdev": [7.07406434231e-06, 9.67426167335e-05, 0.00125440175179, 0.00305224815384, 0.00376315461472, 0.0195273365825, 0.0141891855747, 0.00855394080281, 0.00104530819226, 0.000393492460717, 0.00154324236792, 0.00138863129541, 0.000439053110313, 0.00170263263863, 0.0036722025834, 0.00204640254378, 0.00116714916658, 0.00102943554521, 0.00180435425136, 0.000922929088119, 0.00157496950123, 0.0006195641472, 0.000164242985193, 3.48348694388e-05, 1.12880652523e-05, 1.12374311811e-06, 6.45040216796e-08]
    },
    "erbbands": {
        "max": [0.0105421897024, 0.551299750805, 18.2015323639, 59.1588172913, 86.8636322021, 302.079376221, 1194.72961426, 3031.42480469, 3507.11108398, 3505.03442383, 1539.87023926, 467.32019043, 111.561813354, 333.217559814, 1280.41369629, 1078.73681641, 251.125915527, 1341.59875488, 3164.81396484, 1325.14880371, 992.685791016, 773.287780762, 691.219482422, 575.598205566, 1776.4576416, 556.843261719, 861.913696289, 1031.34667969, 333.401641846, 93.3409576416, 59.838809967, 17.6241970062, 5.18445491791, 1.77515292168, 0.428117185831, 0.0870754495263, 0.0156436115503, 0.000897872028872, 0.00038258972927, 0.00064575416036],
        "mean": [0.000287586211925, 0.00765458960086, 0.117484696209, 0.906450390816, 1.44980883598, 1.58360445499, 10.9005861282, 26.0405368805, 15.4981355667, 21.4135360718, 7.95455503464, 4.72087430954, 3.19046330452, 6.4751996994, 8.2002363205, 5.74482822418, 5.32203292847, 10.8060302734, 23.2914848328, 21.4799938202, 19.7153377533, 11.2343463898, 9.3758020401, 9.48866558075, 15.4284410477, 8.24646663666, 7.92777776718, 7.14244604111, 4.04659080505, 1.37514472008, 0.633537650108, 0.228231698275, 0.0891571640968, 0.0396618135273, 0.0123937502503, 0.00295335939154, 0.000237727625063, 1.16821120173e-05, 6.6755555963e-06, 1.10850878627e-05],
        "min": [7.10163194683e-23, 2.55443561453e-22, 1.94687478676e-21, 3.43570598335e-21, 7.8174747507e-21, 2.0648331251e-20, 2.34182327738e-20, 3.4403107298e-20, 3.72626642132e-20, 1.544522755e-19, 1.78896535351e-19, 2.78495556375e-19, 1.85680463274e-19, 5.15402591202e-19, 6.06750007402e-19, 6.51049871903e-19, 1.03582916725e-18, 1.34756190046e-18, 1.76504192017e-18, 2.5940497747e-18, 2.84948087311e-18, 3.83952342211e-18, 4.0874931446e-18, 5.37366428494e-18, 6.93911393395e-18, 7.24638340737e-18, 8.22219844983e-18, 8.86230306787e-18, 8.37342609096e-18, 8.38929472383e-18, 1.06051444944e-17, 9.92251286669e-18, 9.67692956027e-18, 7.21778694642e-18, 5.5912144404e-18, 3.87416450539e-18, 2.02504629339e-18, 8.4364590114e-19, 2.36264961725e-19, 2.6557968041e-20],
        "stdev": [0.00117645657156, 0.0410674922168, 0.935240924358, 5.55710458755, 8.27398777008, 15.0490312576, 84.6768417358, 197.798233032, 164.665283203, 218.451202393, 83.0832443237, 28.3755569458, 12.6931600571, 28.3885879517, 68.8032989502, 50.6443748474, 22.7237262726, 77.8386383057, 199.861465454, 110.140586853, 101.912406921, 66.7331237793, 53.6629295349, 51.2108802795, 112.162254333, 46.5276756287, 58.1830406189, 58.2716178894, 26.8140964508, 7.81966876984, 3.85089468956, 1.20955514908, 0.409685015678, 0.178346350789, 0.0443033762276, 0.0100136389956, 0.00103450135794, 5.64378424315e-05, 3.29214090016e-05, 5.66145135963e-05]
    },
    "gfcc": {
        "mean": [-1064.76159668, 10.9259309769, -31.1184864044, 5.18059110641, -11.7346258163, 2.10454964638, -8.04027175903, 0.80941849947, -3.07112073898, 0.123421572149, -2.09112429619, -1.18136024475, 0.146858379245],
        "cov": [[201024.84375, 11463.6484375, -30562.7792969, 5240.20654297, -11605.7900391, 1817.28686523, -7910.99072266, 626.333190918, -3043.81518555, -40.6115608215, -2104.24389648, -1295.5402832, 140.980316162], [11463.6484375, 1052.58483887, -1487.1451416, 326.673461914, -623.962219238, -16.2410240173, -533.49786377, -49.337802887, -202.419464111, -12.1181335449, -84.5413589478, -121.166778564, -7.6129617691], [-30562.7792969, -1487.1451416, 4899.86767578, -753.994995117, 1805.02941895, -379.295776367, 1162.76025391, -173.433029175, 443.296875, -12.5144777298, 339.911010742, 162.827362061, -37.6069831848], [5240.20654297, 326.673461914, -753.994995117, 236.558105469, -284.671905518, 19.0566482544, -209.494445801, -15.4225063324, -68.7481994629, -12.3231983185, -46.0531578064, -47.1742134094, -0.230460897088], [-11605.7900391, -623.962219238, 1805.02941895, -284.671905518, 693.195129395, -115.952125549, 454.79083252, -48.902671814, 177.76625061, 0.0653613731265, 122.278091431, 69.0041885376, -9.52691173553], [1817.28686523, -16.2410240173, -379.295776367, 19.0566482544, -115.952125549, 113.820388794, -49.8512153625, 52.8330230713, -28.1994686127, 8.43461418152, -41.1958084106, 12.8860673904, 5.03878307343], [-7910.99072266, -533.49786377, 1162.76025391, -209.494445801, 454.79083252, -49.8512153625, 359.575012207, -9.55218696594, 129.006774902, -4.12800168991, 75.5214920044, 56.6000518799, -1.3860976696], [626.333190918, -49.337802887, -173.433029175, -15.4225063324, -48.902671814, 52.8330230713, -9.55218696594, 45.2689781189, -2.46532058716, 9.94389438629, -13.7821140289, 12.3958435059, 4.22469997406], [-3043.81518555, -202.419464111, 443.296875, -68.7481994629, 177.76625061, -28.1994686127, 129.006774902, -2.46532058716, 63.8034286499, 3.55537009239, 31.9844150543, 19.3996620178, -0.439667403698], [-40.6115608215, -12.1181335449, -12.5144777298, -12.3231983185, 0.0653613731265, 8.43461418152, -4.12800168991, 9.94389438629, 3.55537009239, 16.0334091187, 2.10343527794, 3.25229477882, 0.461935847998], [-2104.24389648, -84.5413589478, 339.911010742, -46.0531578064, 122.278091431, -41.1958084106, 75.5214920044, -13.7821140289, 31.9844150543, 2.10343527794, 40.1822090149, 9.29911422729, -3.82965874672], [-1295.5402832, -121.166778564, 162.827362061, -47.1742134094, 69.0041885376, 12.8860673904, 56.6000518799, 12.3958435059, 19.3996620178, 3.25229477882, 9.29911422729, 24.6063518524, 2.49578475952], [140.980316162, -7.6129617691, -37.6069831848, -0.230460897088, -9.52691173553, 5.03878307343, -1.3860976696, 4.22469997406, -0.439667403698, 0.461935847998, -3.82965874672, 2.49578475952, 8.52754306793]],
        "icov": [[0.000738381582778, -0.0022172795143, 0.00287870829925, -0.00160415132996, 0.0022829673253, 0.00159548269585, -0.00101697735954, -0.000170373939909, 0.00154856150039, -0.000333393894834, 0.00378062948585, -0.0018203088548, 0.00232065352611], [-0.0022172795143, 0.0154731478542, -0.0103332512081, 0.00487762177363, -0.00540608307347, -0.00452056806535, 0.0151887042448, 0.00126570207067, 0.00365260383114, 0.00427079340443, -0.0162949059159, 0.0229191817343, -0.0105634760112], [0.00287870829925, -0.0103332512081, 0.0230870991945, -0.000787129742093, -0.0161270722747, 0.0121704265475, -0.00762205058709, 0.00907931197435, 0.00885396730155, 0.00207370752469, 0.0104531077668, -0.0153857106343, 0.0235736612231], [-0.00160415132996, 0.00487762177363, -0.000787129742093, 0.0223994106054, -0.008370407857, -0.0111720347777, 0.00793158169836, 0.0254526454955, -0.0222120154649, 0.0139838596806, -0.0184662733227, 0.00848264526576, 0.00126004347112], [0.0022829673253, -0.00540608307347, -0.0161270722747, -0.008370407857, 0.0831169709563, -0.0144833093509, -0.00934214144945, 0.00896230340004, -0.0270888302475, -0.0121399732307, 0.00954898353666, -0.00351834949106, -0.0138805480674], [0.00159548269585, -0.00452056806535, 0.0121704265475, -0.0111720347777, -0.0144833093509, 0.05012255162, -0.0106003489345, -0.0382535681129, 0.0361999385059, -0.0123736020178, 0.0407974533737, -0.026855841279, 0.0231073666364], [-0.00101697735954, 0.0151887042448, -0.00762205058709, 0.00793158169836, -0.00934214144945, -0.0106003489345, 0.0477066263556, -0.00159357173834, -0.0146823031828, 0.0287502855062, -0.0177616477013, 0.0258713029325, -0.0165189970285], [-0.000170373939909, 0.00126570207067, 0.00907931197435, 0.0254526454955, 0.00896230340004, -0.0382535681129, -0.00159357173834, 0.118921175599, -0.0518397390842, -0.00712997186929, -0.0285039097071, -0.023793162778, 0.00999227818102], [0.00154856150039, 0.00365260383114, 0.00885396730155, -0.0222120154649, -0.0270888302475, 0.0361999385059, -0.0146823031828, -0.0518397390842, 0.122686959803, -0.026684070006, 0.0178738422692, 0.0153844291344, -0.000956380041316], [-0.000333393894834, 0.00427079340443, 0.00207370752469, 0.0139838596806, -0.0121399732307, -0.0123736020178, 0.0287502855062, -0.00712997186929, -0.026684070006, 0.102667346597, -0.0298425704241, 0.0136521589011, -0.00353319104761], [0.00378062948585, -0.0162949059159, 0.0104531077668, -0.0184662733227, 0.00954898353666, 0.0407974533737, -0.0177616477013, -0.0285039097071, 0.0178738422692, -0.0298425704241, 0.113636478782, -0.0348360762, 0.0301126949489], [-0.0018203088548, 0.0229191817343, -0.0153857106343, 0.00848264526576, -0.00351834949106, -0.026855841279, 0.0258713029325, -0.023793162778, 0.0153844291344, 0.0136521589011, -0.0348360762, 0.156496435404, -0.050530128181], [0.00232065352611, -0.0105634760112, 0.0235736612231, 0.00126004347112, -0.0138805480674, 0.0231073666364, -0.0165189970285, 0.00999227818102, -0.000956380041316, -0.00353319104761, 0.0301126949489, -0.050530128181, 0.165123894811]]
    },
    "melbands": {
        "max": [0.00020031441818, 0.00677924556658, 0.0105998711661, 0.00925884116441, 0.0318612456322, 0.0583736971021, 0.0577505640686, 0.035395257175, 0.00930263195187, 0.00291909067892, 0.000462043128209, 0.00108042464126, 0.00399928959087, 0.00395611394197, 0.00105381920002, 0.000656040559988, 0.00281645427458, 0.00499312579632, 0.00285320123658, 0.0016979490174, 0.00101658701897, 0.000959775759839, 0.000526957621332, 0.000798069289885, 0.000505610834807, 0.0013521645451, 0.000721164629795, 0.000407300132792, 0.000471849751193, 0.000417308503529, 0.000767258519772, 0.000225428666454, 6.62357633701e-05, 5.01130707562e-05, 4.04588754463e-05, 1.45323501783e-05, 9.23092011362e-06, 3.8171219785e-06, 2.72670331469e-06, 1.3993437733e-06],
        "mean": [3.81455424758e-06, 5.08335433551e-05, 0.000182464282261, 9.24721025513e-05, 0.000327075715177, 0.000558076135349, 0.000236399413552, 0.000229552824749, 5.09883648192e-05, 2.89611543849e-05, 1.48268318299e-05, 2.42738151428e-05, 3.05281973851e-05, 1.83009015018e-05, 1.17631489047e-05, 1.14892736747e-05, 2.06339173019e-05, 3.5906334233e-05, 2.88491155516e-05, 3.18837119266e-05, 2.00493141165e-05, 1.21514331113e-05, 8.17526961328e-06, 8.48395302455e-06, 6.93084803061e-06, 1.21366856547e-05, 7.45369015931e-06, 5.24410597791e-06, 4.83699932374e-06, 4.16272041548e-06, 4.49988101536e-06, 2.66867414211e-06, 9.90895728137e-07, 6.84211784119e-07, 3.90821099927e-07, 2.04765584044e-07, 1.12282272369e-07, 6.29761558457e-08, 4.85656244109e-08, 2.80260668006e-08],
        "min": [5.3757246861e-25, 1.12351404223e-24, 9.39789323482e-25, 1.18403199961e-24, 9.27184213685e-25, 7.3864221721e-25, 4.76628674251e-25, 1.35698196308e-24, 9.02402838601e-25, 1.64793989734e-24, 5.04449974137e-25, 1.5969644945e-24, 1.51509789027e-24, 1.52385917669e-24, 1.76805974738e-24, 1.88880970006e-24, 1.89789698326e-24, 2.19791025185e-24, 2.80859449706e-24, 2.54591209866e-24, 2.72830798122e-24, 3.70830968656e-24, 3.22360869727e-24, 3.84658517033e-24, 3.06926214471e-24, 4.17378574116e-24, 3.93005257056e-24, 3.43660271941e-24, 4.20849562099e-24, 4.94281626094e-24, 3.44639918856e-24, 4.58826588253e-24, 4.50425535157e-24, 4.41437411775e-24, 5.11127119636e-24, 3.99317643134e-24, 5.08870425245e-24, 5.53375590935e-24, 5.34341560583e-24, 5.76185070136e-24],
        "stdev": [1.60576637427e-05, 0.000370736350305, 0.00105573737528, 0.000588683236856, 0.00243286392651, 0.00405375054106, 0.00270049693063, 0.00234978925437, 0.000513507286087, 0.000169153398019, 5.83360451856e-05, 0.000103522004792, 0.000213032952161, 0.000186292032595, 6.65746993036e-05, 5.16418149346e-05, 0.000156992333359, 0.000311626528855, 0.00018559700402, 0.000156298046932, 0.000106172527012, 7.53635031288e-05, 4.6530392865e-05, 5.1362447266e-05, 4.07617335441e-05, 8.75025434652e-05, 4.68719226774e-05, 3.14611534122e-05, 3.45043663401e-05, 3.16310033668e-05, 3.95402312279e-05, 1.78887603397e-05, 5.89702904108e-06, 3.97109306505e-06, 2.47159550781e-06, 1.168662493e-06, 5.80448329401e-07, 2.81659566781e-07, 2.36720481439e-07, 1.23605957469e-07]
    },
    "melbands128": {
        "max": [4.18187737523e-05, 7.65829900047e-05, 0.000135465204949, 0.00101825641468, 0.00580184720457, 0.0140987467021, 0.0141012147069, 0.0169636085629, 0.0104864705354, 0.00684906356037, 0.019294751808, 0.0297162551433, 0.0577879548073, 0.0781977027655, 0.110677920282, 0.0403852276504, 0.0370515957475, 0.0974963083863, 0.0693361014128, 0.0561768189073, 0.0679566338658, 0.0165096446872, 0.00678114779294, 0.00452114082873, 0.00451977970079, 0.00337970349938, 0.00108973390888, 0.000672891852446, 0.000652953342069, 0.00145958829671, 0.00125184236094, 0.00287564774044, 0.00478717964143, 0.00708746723831, 0.00424759276211, 0.00467348424718, 0.00256922887638, 0.00133133912459, 0.000593809585553, 0.000826313218568, 0.000468041253043, 0.00173231714871, 0.00298302643932, 0.00385484611616, 0.00216883979738, 0.00924692023546, 0.0079696746543, 0.00117671734188, 0.00352345476858, 0.00123995484319, 0.00268247048371, 0.00192440696992, 0.00174450222403, 0.00115950056352, 0.00130564917345, 0.00132915598806, 0.000895100587513, 0.000472973420983, 0.000663582002744, 0.000783293915447, 0.000564539688639, 0.00125184445642, 0.000792268954683, 0.000490807287861, 0.000666205654852, 0.00143535912503, 0.00192109984346, 0.00174370768946, 0.00022186867136, 0.00057446124265, 0.000435166235548, 0.000507551420014, 0.000513490755111, 0.000418421259383, 0.00116407708265, 0.000425442354754, 0.000316619320074, 0.000338800629834, 0.00139527302235, 0.000519037246704, 0.000256498606177, 0.00015705358237, 0.000178914910066, 7.62286508689e-05, 4.94689884363e-05, 6.92441753927e-05, 5.92879405303e-05, 3.39909311151e-05, 5.78258404857e-05, 3.06625515805e-05, 2.04089847102e-05, 9.07157391339e-06, 1.02487001641e-05, 1.07612204374e-05, 8.69686755323e-06, 4.44229772256e-06, 3.26606891576e-06, 4.76142849948e-06, 3.42828866451e-06, 3.52585016117e-06, 2.22866992772e-06, 1.16523108318e-06, 1.03182810562e-06, 7.47225328723e-07, 3.93167994162e-07, 3.09207507598e-07, 2.65937842414e-07, 2.32033897873e-07, 2.48617936904e-07, 1.43413899423e-07, 3.50394799398e-07, 3.38818857415e-08, 1.78270589402e-08, 8.61908322491e-09, 5.90219073615e-09, 6.00646066218e-09, 5.91280135964e-09, 6.02911143233e-09, 6.10879169471e-09, 6.21070617157e-09, 6.18095619132e-09, 6.15304784901e-09, 6.1758451686e-09, 6.07283512366e-09, 5.81943648825e-09, 5.76724978885e-09, 5.75110625789e-09, 5.66691049642e-09],
        "mean": [7.29268720079e-07, 1.45356602843e-06, 3.0040355341e-06, 1.20494160001e-05, 3.61474267265e-05, 7.48034872231e-05, 0.000169475722942, 0.000269642448984, 0.00013373811089, 5.80758205615e-05, 7.29172461433e-05, 0.000113285510452, 0.000271681550657, 0.000743535405491, 0.00080412364332, 0.000297579535982, 0.000199041140149, 0.000245515111601, 0.000259125779849, 0.000243072892772, 0.000259500899119, 6.71817397233e-05, 2.1811145416e-05, 2.25663588935e-05, 3.53400500899e-05, 2.83894933091e-05, 2.07390166906e-05, 1.22268247651e-05, 1.12512407213e-05, 1.3511808902e-05, 2.71063236141e-05, 5.14176972501e-05, 2.29046781897e-05, 2.81249122054e-05, 1.82999683602e-05, 1.71715910255e-05, 1.44617206388e-05, 1.02790518213e-05, 1.11402541734e-05, 1.20089462143e-05, 1.03675592982e-05, 1.17722984214e-05, 2.02225073735e-05, 2.84357374767e-05, 1.8704273316e-05, 4.56801572e-05, 4.86431163154e-05, 1.67825110111e-05, 3.20660983562e-05, 2.38679258473e-05, 3.64030711353e-05, 3.39025282301e-05, 2.21110185521e-05, 1.43893539644e-05, 1.29730033223e-05, 1.39589228638e-05, 9.25542462937e-06, 7.83186351327e-06, 7.7388185673e-06, 8.99994665815e-06, 7.8072425822e-06, 9.28851022763e-06, 8.03510920377e-06, 5.61619799555e-06, 5.68555560676e-06, 1.32114510052e-05, 1.62029136845e-05, 1.02277526821e-05, 4.71781140732e-06, 4.73981799587e-06, 5.31430669071e-06, 5.78986237088e-06, 4.19584557676e-06, 4.37577409684e-06, 6.10145252722e-06, 4.46979993285e-06, 3.30655484504e-06, 3.1278239021e-06, 5.88017292102e-06, 4.51681216873e-06, 2.70102077593e-06, 2.0606180442e-06, 1.66744689523e-06, 7.26234361537e-07, 6.30245381217e-07, 7.4899782021e-07, 7.78097785314e-07, 4.03748657618e-07, 4.12061325505e-07, 3.1843936199e-07, 2.66995982656e-07, 1.47896656699e-07, 1.52154100874e-07, 1.08879980587e-07, 9.89183064348e-08, 6.72414870451e-08, 5.69407845319e-08, 5.10433153522e-08, 5.37424007518e-08, 4.58980018436e-08, 3.04219724967e-08, 2.60027466226e-08, 2.35781119073e-08, 1.79126740107e-08, 1.24770966892e-08, 9.66548618919e-09, 8.17079381932e-09, 6.61429133686e-09, 4.74391770311e-09, 2.84833978625e-09, 2.64643706949e-09, 4.36564118189e-10, 5.78338453516e-11, 3.8383962675e-11, 3.17618639722e-11, 2.89438056855e-11, 1.99683863195e-11, 1.90949513146e-11, 2.07795603641e-11, 2.19263218693e-11, 2.16591605762e-11, 2.10827310471e-11, 2.07606085101e-11, 2.00305258491e-11, 1.89781697302e-11, 1.83007792948e-11, 1.73396262626e-11, 1.58811470918e-11],
        "min": [5.23133294187e-26, 2.34109215463e-25, 2.18519721602e-25, 1.52546285696e-25, 2.07514643588e-25, 2.55355409008e-25, 2.38530978051e-25, 4.3173519178e-26, 3.19602804927e-25, 4.53599162022e-25, 3.4348877358e-25, 8.93701382341e-26, 4.494722855e-25, 2.47209976427e-25, 2.87943795344e-25, 3.24605982655e-25, 3.72347154385e-25, 1.46027792451e-25, 2.85442909059e-25, 3.94751740866e-25, 1.8048639543e-25, 5.68479003497e-25, 2.72992736475e-25, 4.8371925189e-25, 4.575506156e-25, 5.49965424128e-25, 2.44476474783e-25, 1.01526681999e-25, 5.53291015185e-25, 2.8351458788e-25, 6.76438661289e-25, 4.75471415303e-25, 6.574883488e-25, 7.24053023629e-25, 8.04859497417e-25, 5.65243293279e-25, 8.22910114043e-25, 7.23224325248e-25, 1.07772273744e-24, 9.29716161368e-25, 1.15466044014e-24, 4.15590117975e-25, 4.34967352124e-25, 6.49891914106e-25, 1.04268439565e-24, 6.01836874343e-25, 7.55018525868e-25, 9.29292050024e-25, 5.03181633713e-25, 1.08721707287e-24, 9.67753653711e-25, 1.02796671635e-24, 8.00444440146e-25, 1.54756208031e-24, 1.58389316791e-24, 1.60937613616e-24, 9.48376468866e-25, 1.46000216832e-24, 1.18910476966e-24, 6.48101199851e-25, 1.69125763015e-24, 1.59576522871e-24, 1.80594459513e-24, 2.00641663369e-24, 1.76729474951e-24, 1.74750637092e-24, 2.1619425333e-24, 1.74111225885e-24, 1.30122517569e-24, 1.47174919466e-24, 1.46668973664e-24, 1.56666661511e-24, 1.89006122789e-24, 2.37147897809e-24, 2.7101979042e-24, 1.64913403553e-24, 2.53046501885e-24, 2.03386800711e-24, 2.51008262799e-24, 2.68880281316e-24, 2.33438969655e-24, 2.25228623683e-24, 2.40561575047e-24, 2.00755456554e-24, 2.8988839664e-24, 2.51792646919e-24, 2.96087443127e-24, 2.99537664347e-24, 2.90841537829e-24, 2.41236642767e-24, 3.61594827405e-24, 2.71448575765e-24, 3.07298773755e-24, 3.13179278208e-24, 3.5967276781e-24, 2.98405570062e-24, 3.23870138133e-24, 3.00775268778e-24, 3.06339223071e-24, 3.69143003534e-24, 3.98515963239e-24, 3.2499215472e-24, 3.81387386961e-24, 4.00296580074e-24, 3.35522777273e-24, 4.41079426696e-24, 4.59494713997e-24, 3.87324038589e-24, 3.12415917232e-24, 3.90156088682e-24, 3.95631611668e-24, 4.6325182183e-24, 5.02027648538e-24, 4.5775176527e-24, 4.48674658378e-24, 4.23890305344e-24, 4.55594151808e-24, 5.51348100079e-24, 4.72294849931e-24, 5.01690607716e-24, 5.25693712353e-24, 4.53283341558e-24, 4.87827600041e-24, 5.15574244103e-24, 5.46818381875e-24, 5.11592192583e-24, 4.99327929862e-24, 5.32998603778e-24],
        "stdev": [3.68024507225e-06, 6.40606140223e-06, 1.30821199491e-05, 6.34070529486e-05, 0.0003015823022, 0.000734802975785, 0.0011446204735, 0.00172844051849, 0.000815209583379, 0.000443145254394, 0.000935867603403, 0.00145581993274, 0.00286978646182, 0.00600792700425, 0.00691076461226, 0.00254745455459, 0.00194645975716, 0.00418353360146, 0.00385161302984, 0.00285170413554, 0.00348990783095, 0.00083840591833, 0.000293730554404, 0.000216350905248, 0.000247597781708, 0.000186240373296, 0.000100388242572, 5.62211862416e-05, 5.2936738939e-05, 8.70986041264e-05, 0.000119778502267, 0.000253248435911, 0.000225130483159, 0.000345764390659, 0.000203023329959, 0.000208938959986, 0.000127614403027, 7.13252084097e-05, 5.28515120095e-05, 5.85263333051e-05, 4.61301788164e-05, 8.62941378728e-05, 0.000159292772878, 0.000250823039096, 0.000136847273097, 0.00047281573643, 0.000486562115839, 7.9903875303e-05, 0.00020247323846, 0.000117442767078, 0.000197069864953, 0.000187047684449, 0.000135740163387, 8.50330397952e-05, 8.02635404398e-05, 9.77038944256e-05, 6.21115832473e-05, 4.63600663352e-05, 4.75729393656e-05, 5.50045951968e-05, 4.53196480521e-05, 6.8078719778e-05, 5.58685023861e-05, 3.40993428836e-05, 3.77175747417e-05, 9.16747085284e-05, 0.000142876364407, 8.83640241227e-05, 2.35653242271e-05, 3.34645701514e-05, 3.0470711863e-05, 3.65386040357e-05, 3.03145770886e-05, 3.25013570546e-05, 5.86330752412e-05, 3.47750792571e-05, 2.42999631155e-05, 2.49074018939e-05, 6.37416524114e-05, 3.45274565916e-05, 1.86640445463e-05, 1.32753184516e-05, 1.14139857033e-05, 4.72770670967e-06, 3.75061154045e-06, 4.53105894849e-06, 5.00088208355e-06, 2.36707910517e-06, 3.0481749036e-06, 2.04149250749e-06, 1.65360859228e-06, 7.70863380239e-07, 8.50520336826e-07, 6.19382205969e-07, 5.04685147007e-07, 2.98045620184e-07, 2.71313638223e-07, 2.79664391201e-07, 2.68520381042e-07, 2.57211809185e-07, 1.48534041955e-07, 1.09260255954e-07, 9.65440776213e-08, 6.89967194489e-08, 4.40874430296e-08, 3.63163508155e-08, 3.10620293931e-08, 2.46452778185e-08, 1.92828704115e-08, 1.17340350769e-08, 1.76977419386e-08, 2.55055288001e-09, 8.02873934003e-10, 4.5183173869e-10, 3.38592071047e-10, 2.87643603381e-10, 2.66378252789e-10, 2.72200123552e-10, 2.82362966342e-10, 2.92075363895e-10, 2.89868545833e-10, 2.85695411772e-10, 2.84915535609e-10, 2.77981165864e-10, 2.65361788099e-10, 2.60974825084e-10, 2.5636659462e-10, 2.49236242755e-10]
    },
    "mfcc": {
        "mean": [-1168.7434082, 14.5037851334, -8.27698135376, 1.28116309643, -0.744049727917, 0.166370496154, -2.10229253769, -0.701655983925, -0.288778841496, 0.503642380238, -1.32624650002, -0.854205429554, 0.232882767916],
        "cov": [[49691.6484375, 7159.01025391, -3970.02783203, 853.702453613, -491.963867188, 61.5519256592, -1091.15185547, -380.976623535, -199.035949707, 216.292922974, -717.227416992, -526.742553711, 96.3256072998], [7159.01025391, 1427.25195312, -434.168243408, 180.43321228, 11.9827737808, -21.4857463837, -180.395263672, -145.550369263, -108.337684631, 27.6202640533, -133.913192749, -94.1443939209, 44.7809333801], [-3970.02783203, -434.168243408, 460.382995605, 23.4250679016, 77.8436279297, -7.49083471298, 73.4197387695, -14.4058485031, -39.3381843567, -26.0616664886, 34.9851074219, 21.1531772614, 0.795965969563], [853.702453613, 180.43321228, 23.4250679016, 152.051956177, 26.4059696198, 6.1742348671, -41.3656806946, -41.3683242798, -49.4196205139, 6.32817840576, -32.1213645935, -24.029718399, 14.7756977081], [-491.963867188, 11.9827737808, 77.8436279297, 26.4059696198, 51.2066764832, 4.2963385582, 0.0754248872399, -15.7336702347, -16.3350105286, -2.57845020294, 2.12595129013, 1.11732339859, 2.14344286919], [61.5519256592, -21.4857463837, -7.49083471298, 6.1742348671, 4.2963385582, 28.719575882, 5.92611503601, 10.1389846802, 9.79218673706, -1.32022094727, 3.23426914215, -0.192725479603, -8.10711193085], [-1091.15185547, -180.395263672, 73.4197387695, -41.3656806946, 0.0754248872399, 5.92611503601, 43.1591453552, 21.0090389252, 13.3920154572, -4.87033224106, 18.9229431152, 14.770863533, -4.03250169754], [-380.976623535, -145.550369263, -14.4058485031, -41.3683242798, -15.7336702347, 10.1389846802, 21.0090389252, 41.7199363708, 26.8381233215, -1.56451833248, 17.8315010071, 12.2592849731, -10.3643760681], [-199.035949707, -108.337684631, -39.3381843567, -49.4196205139, -16.3350105286, 9.79218673706, 13.3920154572, 26.8381233215, 41.4856185913, 1.20536494255, 15.8251085281, 10.9327173233, -11.1122093201], [216.292922974, 27.6202640533, -26.0616664886, 6.32817840576, -2.57845020294, -1.32022094727, -4.87033224106, -1.56451833248, 1.20536494255, 13.9614048004, -0.49892449379, 1.62996041775, 6.6766705513], [-717.227416992, -133.913192749, 34.9851074219, -32.1213645935, 2.12595129013, 3.23426914215, 18.9229431152, 17.8315010071, 15.8251085281, -0.49892449379, 27.7390060425, 13.9768333435, -9.38116645813], [-526.742553711, -94.1443939209, 21.1531772614, -24.029718399, 1.11732339859, -0.192725479603, 14.770863533, 12.2592849731, 10.9327173233, 1.62996041775, 13.9768333435, 18.6056747437, 0.267481327057], [96.3256072998, 44.7809333801, 0.795965969563, 14.7756977081, 2.14344286919, -8.10711193085, -4.03250169754, -10.3643760681, -11.1122093201, 6.6766705513, -9.38116645813, 0.267481327057, 18.8057041168]],
        "icov": [[0.00068970042048, -0.00227765413001, 0.00278432667255, -0.00193057686556, 0.00310939340852, -0.00158923130948, 0.0018127518706, -0.00240584812127, -4.36599111708e-06, -0.000455653178506, 0.00149498623796, 0.00117284723092, 0.00220144446939], [-0.00227765413001, 0.0117930388078, -0.00475163152441, 0.00870691053569, -0.0143269822001, 0.00289215985686, -0.00292542041279, 0.0156122380868, 0.00829658377916, 0.000454651890323, -0.000871826894581, 0.000617168145254, -0.00790137704462], [0.00278432667255, -0.00475163152441, 0.0244842823595, -0.0110369902104, 0.00109019665979, -0.00173489167355, -0.00829407386482, 0.00320683210157, 0.0117245679721, 0.00866316817701, 0.000946358777583, 0.00860606320202, 0.0080072004348], [-0.00193057686556, 0.00870691053569, -0.0110369902104, 0.0278156064451, -0.00897149369121, -0.0141637464985, 0.0186610966921, 0.00832839496434, 0.0190476328135, -0.0133163863793, 0.00663323095068, 0.00309034949169, -0.0094761652872], [0.00310939340852, -0.0143269822001, 0.00109019665979, -0.00897149369121, 0.0545809604228, -0.0217856448144, 0.0200867149979, -0.00772778922692, -0.00126761686988, -0.00256776949391, -0.00318031571805, -0.00841005146503, 0.00832313857973], [-0.00158923130948, 0.00289215985686, -0.00173489167355, -0.0141637464985, -0.0217856448144, 0.0692418217659, -0.0358441844583, -0.00689375353977, -0.0231149028987, 0.00461263116449, -0.000328808586346, 0.00151458766777, 0.0178213007748], [0.0018127518706, -0.00292542041279, -0.00829407386482, 0.0186610966921, 0.0200867149979, -0.0358441844583, 0.0979446619749, -0.0229150634259, 0.0100537762046, -0.0078917471692, 0.00725010456517, -0.00465463101864, -0.0135733513162], [-0.00240584812127, 0.0156122380868, 0.00320683210157, 0.00832839496434, -0.00772778922692, -0.00689375353977, -0.0229150634259, 0.0845524147153, 0.000700845092069, 0.00954059883952, -0.0149595374241, -0.00910799298435, -0.00224430509843], [-4.36599111708e-06, 0.00829658377916, 0.0117245679721, 0.0190476328135, -0.00126761686988, -0.0231149028987, 0.0100537762046, 0.000700845092069, 0.0863602310419, -0.0157205164433, 0.00110472925007, -0.0058895368129, 0.0147719886154], [-0.000455653178506, 0.000454651890323, 0.00866316817701, -0.0133163863793, -0.00256776949391, 0.00461263116449, -0.0078917471692, 0.00954059883952, -0.0157205164433, 0.126583963633, -0.0416890494525, -0.00717107066885, -0.0577309057117], [0.00149498623796, -0.000871826894581, 0.000946358777583, 0.00663323095068, -0.00318031571805, -0.000328808586346, 0.00725010456517, -0.0149595374241, 0.00110472925007, -0.0416890494525, 0.119223967195, -0.0377031452954, 0.0581620112062], [0.00117284723092, 0.000617168145254, 0.00860606320202, 0.00309034949169, -0.00841005146503, 0.00151458766777, -0.00465463101864, -0.00910799298435, -0.0058895368129, -0.00717107066885, -0.0377031452954, 0.127431228757, -0.036230482161], [0.00220144446939, -0.00790137704462, 0.0080072004348, -0.0094761652872, 0.00832313857973, 0.0178213007748, -0.0135733513162, -0.00224430509843, 0.0147719886154, -0.0577309057117, 0.0581620112062, -0.036230482161, 0.129161924124]]
    },
    "spectral_contrast_coeffs": {
        "max": [-0.372923314571, -0.415709644556, -0.647076010704, -0.623344182968, -0.595916390419, -0.540112435818],
        "mean": [-0.921247065067, -0.932386815548, -0.9374538064, -0.935900986195, -0.933095574379, -0.925206184387],
        "min": [-0.983141899109, -0.996579945087, -0.993559002876, -0.98113900423, -0.969297468662, -0.965772926807],
        "stdev": [0.109506875277, 0.0850660279393, 0.0579085089266, 0.0619092285633, 0.0652687624097, 0.0828500986099]
    },
    "spectral_contrast_valleys": {
        "max": [-5.89471673965, -4.62165594101, -5.31154346466, -5.1038236618, -4.74303770065, -8.68058395386],
        "mean": [-24.0404014587, -23.8193683624, -23.8858661652, -23.8069400787, -23.8799915314, -24.4206218719],
        "min": [-28.1204795837, -28.1664447784, -27.8622589111, -27.66065979, -27.5571174622, -27.4451789856],
        "stdev": [7.0148396492, 7.46262788773, 7.44808244705, 7.53882551193, 7.41831827164, 6.24194812775]
    }
},
"rhythm": {
    "beats_count": 26,
    "beats_loudness": {
        "max": 0.0929078534245,
        "mean": 0.00404633162543,
        "min": 0,
        "stdev": 0.0178771000355
    },
    "bpm": 134.371841431,
    "bpm_histogram_first_peak_bpm": 136,
    "bpm_histogram_first_peak_weight": 0.466666698456,
    "bpm_histogram_second_peak_bpm": 115,
    "bpm_histogram_second_peak_spread": 0.333333313465,
    "bpm_histogram_second_peak_weight": 0.159999996424,
    "danceability": 1.45980811119,
    "onset_rate": 0.626990437508,
    "beats_loudness_band_ratio": {
        "max": [0.210417568684, 0.570524394512, 0.293464690447, 0.369959831238, 0.606575787067, 0.30945828557],
        "mean": [0.00876936689019, 0.0236619282514, 0.0214613340795, 0.0248239599168, 0.066656626761, 0.0226656664163],
        "min": [0, 0, 0, 0, 0, 0],
        "stdev": [0.0403928272426, 0.109537959099, 0.0630929619074, 0.0788909494877, 0.173500999808, 0.0648517459631]
    },
    "beats_position": [0.429569154978, 0.870748281479, 1.31192743778, 1.75310659409, 2.19428563118, 2.63546490669, 3.08825397491, 3.54104304314, 3.99383211136, 4.446621418, 4.8994102478, 5.35219955444, 5.80498838425, 6.24616765976, 6.68734693527, 7.12852573395, 7.60453510284, 8.08054447174, 8.55655288696, 9.07900238037, 9.6014509201, 10.1239004135, 10.6463489532, 11.1571884155, 11.656416893, 12.1672563553],
