{
"metadata": {
    "version": {
        "essentia": "2.1-beta5",
        "essentia_git_sha": "Undefined",
        "extractor": "music 2.0"
    },
    "audio_properties": {
        "analysis": {
            "equal_loudness": 0,
            "length": 24.4390029907,
            "sample_rate": 44100,
            "start_time": 178.735595703,
            "downmix": "mix"
        },
        "bit_rate": 192000,
        "length": 203.1978302,
        "lossless": 0,
        "number_channels": 2,
        "replay_gain": -9.0990447998,
        "sample_rate": 48000,
        "codec": "mp3",
        "md5_encoded": "3471552bd17fedcf3e968dff0e979772"
    },
    "tags": {
        "file_name": "Belgium_Liefde Is Een Kaartspel_Lisa del Bo.mp3",
        "encoding": ["Lavf58.29.100"]
    }
},
"lowlevel": {
    "average_loudness": 0.458696365356,
    "barkbands_crest": {
        "max": 17.2503204346,
        "mean": 6.94020795822,
        "min": 2.93936896324,
        "stdev": 1.89157509804
    },
    "barkbands_flatness_db": {
        "max": 0.217621535063,
        "mean": 0.105021417141,
        "min": 0.0436877384782,
        "stdev": 0.0349074341357
    },
    "barkbands_kurtosis": {
        "max": 20.6234722137,
        "mean": 1.71914935112,
        "min": -1.71281754971,
        "stdev": 2.44252061844
    },
    "barkbands_skewness": {
        "max": 4.24068593979,
        "mean": -0.296634852886,
        "min": -2.25994133949,
        "stdev": 1.45460879803
    },
    "barkbands_spread": {
        "max": 52.2961349487,
        "mean": 25.5527820587,
        "min": 4.37124347687,
        "stdev": 8.20884799957
    },
    "dissonance": {
        "max": 0.5,
        "mean": 0.48506039381,
        "min": 0.414533644915,
        "stdev": 0.013412958011
    },
    "dynamic_complexity": 4.61366415024,
    "erbbands_crest": {
        "max": 20.4385986328,
        "mean": 6.38613891602,
        "min": 2.56760978699,
        "stdev": 3.45341300964
    },
    "erbbands_flatness_db": {
        "max": 0.291401088238,
        "mean": 0.148858889937,
        "min": 0.0810531675816,
        "stdev": 0.0517439842224
    },
    "erbbands_kurtosis": {
        "max": 7.15975475311,
        "mean": 0.342148959637,
        "min": -1.59319198132,
        "stdev": 1.04916465282
    },
    "erbbands_skewness": {
        "max": 2.42475008965,
        "mean": -0.356118381023,
        "min": -2.081335783,
        "stdev": 0.61679059267
    },
    "erbbands_spread": {
        "max": 77.6918640137,
        "mean": 32.6068954468,
        "min": 8.60328197479,
        "stdev": 11.6536474228
    },
    "hfc": {
        "max": 93.0941238403,
        "mean": 14.9829034805,
        "min": 1.04531747068e-16,
        "stdev": 19.232667923
    },
    "loudness_ebu128": {
        "integrated": -13.8391513824,
        "loudness_range": 6.25696563721,
        "momentary": {
            "max": -11.255156517,
            "mean": -129.949142456,
            "min": -300.691009521,
            "stdev": 139.070877075
        },
        "short_term": {
            "max": -12.3142547607,
            "mean": -110.295463562,
            "min": -300.691009521,
            "stdev": 132.713165283
        }
    },
    "melbands_crest": {
        "max": 25.8553409576,
        "mean": 7.32735586166,
        "min": 1.55379188061,
        "stdev": 5.04386901855
    },
    "melbands_flatness_db": {
        "max": 0.299121767282,
        "mean": 0.0941141843796,
        "min": 0.0028339070268,
        "stdev": 0.0788015052676
    },
    "melbands_kurtosis": {
        "max": 43.0313491821,
        "mean": 2.30051732063,
        "min": -1.43276131153,
        "stdev": 6.02617931366
    },
    "melbands_skewness": {
        "max": 5.57965087891,
        "mean": 1.02161371708,
        "min": -0.370854318142,
        "stdev": 1.21212124825
    },
    "melbands_spread": {
        "max": 164.229049683,
        "mean": 74.1972732544,
        "min": 4.55557155609,
        "stdev": 51.2230911255
    },
    "pitch_salience": {
        "max": 0.846865713596,
        "mean": 0.687637269497,
        "min": 0.329980432987,
        "stdev": 0.117541506886
    },
    "silence_rate_20dB": {
        "max": 1,
        "mean": 1,
        "min": 1,
        "stdev": 0
    },
    "silence_rate_30dB": {
        "max": 1,
        "mean": 1,
        "min": 1,
        "stdev": 0
    },
    "silence_rate_60dB": {
        "max": 1,
        "mean": 0.466793179512,
        "min": 0,
        "stdev": 0.498898953199
    },
    "spectral_centroid": {
        "max": 11984.5429688,
        "mean": 5531.35449219,
        "min": 478.370788574,
        "stdev": 4560.40917969
    },
    "spectral_complexity": {
        "max": 52,
        "mean": 14.3785581589,
        "min": 0,
        "stdev": 14.5714616776
    },
    "spectral_decrease": {
        "max": 2.21303000639e-28,
        "mean": -3.39721917264e-09,
        "min": -2.34463488624e-08,
        "stdev": 4.02256539189e-09
    },
    "spectral_energy": {
        "max": 0.0917838960886,
        "mean": 0.0141808874905,
        "min": 9.84776856158e-21,
        "stdev": 0.0167549233884
    },
    "spectral_energyband_high": {
        "max": 0.00299008470029,
        "mean": 0.000365081126802,
        "min": 6.86968813523e-21,
        "stdev": 0.000541363202501
    },
    "spectral_energyband_low": {
        "max": 0.0493223369122,
        "mean": 0.00364045728929,
        "min": 9.4925675875e-24,
        "stdev": 0.0060511645861
    },
    "spectral_energyband_middle_high": {
        "max": 0.0406452380121,
        "mean": 0.00604685675353,
        "min": 1.00988463522e-21,
        "stdev": 0.00846565421671
    },
    "spectral_energyband_middle_low": {
        "max": 0.0448189899325,
        "mean": 0.00501174340025,
        "min": 1.4791249258e-22,
        "stdev": 0.00654185982421
    },
    "spectral_entropy": {
        "max": 9.82724285126,
        "mean": 8.53664875031,
        "min": 7.01010847092,
        "stdev": 1.06112253666
    },
    "spectral_flux": {
        "max": 0.228293702006,
        "mean": 0.0472447164357,
        "min": 6.27801838293e-11,
        "stdev": 0.0494701638818
    },
    "spectral_kurtosis": {
        "max": 10.4957170486,
        "mean": 2.16293001175,
        "min": -1.27290284634,
        "stdev": 3.05681276321
    },
    "spectral_rms": {
        "max": 0.00946283619851,
        "mean": 0.00265645934269,
        "min": 3.09960954473e-12,
        "stdev": 0.00260349293239
    },
    "spectral_rolloff": {
        "max": 19853.6132812,
        "mean": 8870.49414062,
        "min": 129.19921875,
        "stdev": 8300.39941406
    },
    "spectral_skewness": {
        "max": 2.27063035965,
        "mean": 0.836100935936,
        "min": -0.113769799471,
        "stdev": 0.7318405509
    },
    "spectral_spread": {
        "max": 43008276,
        "mean": 18625008,
        "min": 2389210.25,
        "stdev": 18186272
    },
    "spectral_strongpeak": {
        "max": 8.39486217499,
        "mean": 0.729815125465,
        "min": 0,
        "stdev": 1.40235674381
    },
    "zerocrossingrate": {
        "max": 0.80615234375,
        "mean": 0.247106447816,
        "min": 0.02001953125,
        "stdev": 0.213614046574
    },
    "barkbands": {
        "max": [0.00107456115074, 0.0224832445383, 0.0301835201681, 0.0253158286214, 0.0376713871956, 0.018783243373, 0.013753419742, 0.00588068319485, 0.0130774090067, 0.0136294607073, 0.0161992367357, 0.0207929518074, 0.0163643639535, 0.0161267984658, 0.0143042868003, 0.0121351592243, 0.0173281673342, 0.00875961594284, 0.00612451415509, 0.00618226546794, 0.00178759009577, 0.000771645922214, 0.000790508580394, 0.000411086686654, 0.00012695712212, 6.59510769765e-05, 1.29014779304e-05],
        "mean": [6.58088974888e-05, 0.00105057854671, 0.00171730504371, 0.00114525656682, 0.00161657901481, 0.00079754734179, 0.000459748378489, 0.000379291159334, 0.000462304335088, 0.000501791480929, 0.000475808337796, 0.00086109287804, 0.000491238257382, 0.00100456748623, 0.000596196274273, 0.000757922767662, 0.000533801969141, 0.000387110601878, 0.000367111002561, 0.000241228786763, 0.000133984023705, 5.29375574843e-05, 4.28896200901e-05, 2.2936552341e-05, 1.10819155452e-05, 4.75467959404e-06, 1.66105635913e-08],
        "min": [2.10487293346e-25, 7.25248049293e-25, 8.43487254932e-25, 3.81692518359e-25, 6.64688203396e-24, 7.0536408048e-24, 2.74673853298e-24, 3.41895156222e-24, 1.15996371534e-23, 9.8248878656e-24, 7.65036753681e-24, 1.42694367018e-23, 1.35923242547e-23, 2.1231295118e-23, 3.31693827877e-23, 4.65781817082e-23, 5.40677691374e-23, 6.6484080065e-23, 1.1458102412e-22, 1.57696930025e-22, 1.94487559865e-22, 2.29103407475e-22, 2.9231375896e-22, 5.02781166897e-22, 7.36955675193e-22, 1.21001882358e-21, 1.81566285819e-21],
        "stdev": [0.000144340723637, 0.00213776505552, 0.00318540586159, 0.00227489229292, 0.00329712242819, 0.00169035210274, 0.000949632551055, 0.00071720109554, 0.00110177125316, 0.00116171652917, 0.00139442982618, 0.00214640493505, 0.00132163311355, 0.00213739834726, 0.00125244515948, 0.00149590545334, 0.00133368442766, 0.00073070108192, 0.000606438959949, 0.000464948796434, 0.000226527758059, 8.15599923953e-05, 7.45145080145e-05, 3.88468470192e-05, 1.7572163415e-05, 9.64945229498e-06, 3.97706401145e-07]
    },
    "erbbands": {
        "max": [0.651503920555, 6.32521438599, 29.6981334686, 56.9018783569, 50.0839157104, 197.767745972, 191.126800537, 101.087089539, 108.350357056, 175.583145142, 122.730438232, 268.221099854, 450.967376709, 325.092498779, 789.445251465, 435.82723999, 875.379272461, 957.565063477, 725.106750488, 738.530761719, 857.475830078, 788.22869873, 420.240844727, 430.828704834, 129.951461792, 303.150482178, 101.68914032, 50.658782959, 34.6852874756, 30.9805603027, 24.1409397125, 10.6089372635, 5.47754907608, 2.0741186142, 0.658072531223, 0.443459123373, 0.131250828505, 0.00902653764933, 0.00187776284292, 0.00021664306405],
        "mean": [0.0271700136364, 0.262800425291, 1.55663311481, 3.70654559135, 3.07215714455, 6.27088260651, 7.63746118546, 6.82365322113, 6.54568195343, 6.26420402527, 8.3787355423, 10.2711629868, 16.2261352539, 14.3556156158, 34.1058692932, 23.3466472626, 23.1240692139, 35.4359436035, 46.9539146423, 33.6071014404, 43.0936508179, 32.0118408203, 23.8289375305, 21.415895462, 13.7782068253, 10.8279829025, 7.84630537033, 3.29930663109, 2.00544285774, 1.51947319508, 1.14606022835, 0.565636217594, 0.349766939878, 0.162775069475, 0.0619311891496, 0.0340833067894, 0.0054653743282, 0.000180794057087, 1.6134177713e-05, 1.83158172149e-05],
        "min": [2.73117813329e-23, 2.10088843055e-22, 1.56138024756e-21, 4.58071822548e-21, 7.99536543443e-21, 1.28621536542e-20, 3.61800528125e-20, 6.11303856394e-20, 4.05357565048e-20, 9.6945748737e-20, 1.4255980936e-19, 2.67015039105e-19, 3.9556772094e-19, 6.37189736956e-19, 7.35264044392e-19, 9.25177526903e-19, 9.32070009357e-19, 1.46257960688e-18, 2.02261086688e-18, 2.39360302597e-18, 3.4003819203e-18, 3.50349701469e-18, 4.7492351531e-18, 4.35498350236e-18, 6.84379791197e-18, 7.25705817318e-18, 6.92081132213e-18, 8.25313914065e-18, 8.98185300026e-18, 1.0307923611e-17, 8.56152365354e-18, 9.65681831803e-18, 7.01389023414e-18, 7.61069525584e-18, 5.62510775241e-18, 4.18503717756e-18, 2.06303807854e-18, 9.24096401842e-19, 2.33917500695e-19, 2.38600247691e-20],
        "stdev": [0.0562552213669, 0.543421149254, 2.87193441391, 7.25347089767, 5.47031641006, 15.3249835968, 15.1659049988, 13.7598981857, 12.0263175964, 11.7572555542, 14.988278389, 24.2720088959, 39.2789077759, 27.709072113, 87.6189117432, 48.6477737427, 62.8428382874, 78.8506317139, 92.7504882812, 69.8230743408, 85.1848373413, 72.4328689575, 43.3542137146, 37.6697883606, 21.1762866974, 21.6464557648, 14.2970495224, 5.02745962143, 3.12040638924, 2.65082144737, 2.02159428596, 0.955543577671, 0.611442029476, 0.264786869287, 0.101056829095, 0.0627266094089, 0.0139956977218, 0.000538887514267, 6.09537382843e-05, 2.23374972848e-05]
    },
    "gfcc": {
        "mean": [-524.656921387, 51.1536445618, -94.5598678589, 22.0929222107, -33.8189811707, 8.92782306671, -25.7650775909, 5.29805612564, -15.2573099136, 0.312228024006, -9.29080677032, -2.466599226, -4.18256282806],
        "cov": [[388155.3125, 28032.0449219, -47797.4921875, 12566.4482422, -16896.0332031, 4527.5234375, -13398.1816406, 2478.19189453, -8058.63623047, 71.8458480835, -4643.44482422, -1260.78234863, -2181.49169922], [28032.0449219, 2675.61987305, -2910.27319336, 1365.23779297, -960.15234375, 196.487197876, -962.663757324, 50.3177871704, -605.280700684, -30.3849372864, -240.075042725, -102.582008362, -141.519882202], [-47797.4921875, -2910.27319336, 6784.14404297, -935.362243652, 2433.51831055, -662.896118164, 1622.36962891, -429.287200928, 963.075744629, -24.4175949097, 641.059997559, 206.843963623, 253.158828735], [12566.4482422, 1365.23779297, -935.362243652, 945.38873291, -257.443817139, 49.2706375122, -462.007537842, -24.3956890106, -270.725463867, -13.1911430359, -77.6891784668, -16.6812877655, -68.1433334351], [-16896.0332031, -960.15234375, 2433.51831055, -257.443817139, 962.030029297, -220.695846558, 591.900634766, -178.392791748, 331.73147583, -6.98570585251, 243.397888184, 67.3697433472, 95.6403808594], [4527.5234375, 196.487197876, -662.896118164, 49.2706375122, -220.695846558, 163.595932007, -121.293060303, 40.7016983032, -105.314445496, 7.37331485748, -69.1534729004, -21.4729099274, -31.6573619843], [-13398.1816406, -962.663757324, 1622.36962891, -462.007537842, 591.900634766, -121.293060303, 534.543334961, -75.0416793823, 261.30255127, 3.1783349514, 166.265350342, 27.4367542267, 71.8638381958], [2478.19189453, 50.3177871704, -429.287200928, -24.3956890106, -178.392791748, 40.7016983032, -75.0416793823, 88.9953155518, -24.954076767, 7.11023664474, -62.5211372375, -5.33991193771, -14.5454559326], [-8058.63623047, -605.280700684, 963.075744629, -270.725463867, 331.73147583, -105.314445496, 261.30255127, -24.954076767, 215.665771484, -0.0844592303038, 87.203666687, 25.3749160767, 44.4442863464], [71.8458480835, -30.3849372864, -24.4175949097, -13.1911430359, -6.98570585251, 7.37331485748, 3.1783349514, 7.11023664474, -0.0844592303038, 35.6048240662, 1.32671034336, -0.956797361374, -7.34082365036], [-4643.44482422, -240.075042725, 641.059997559, -77.6891784668, 243.397888184, -69.1534729004, 166.265350342, -62.5211372375, 87.203666687, 1.32671034336, 108.528442383, 22.070520401, 31.418554306], [-1260.78234863, -102.582008362, 206.843963623, -16.6812877655, 67.3697433472, -21.4729099274, 27.4367542267, -5.33991193771, 25.3749160767, -0.956797361374, 22.070520401, 48.3195343018, 16.5602550507], [-2181.49169922, -141.519882202, 253.158828735, -68.1433334351, 95.6403808594, -31.6573619843, 71.8638381958, -14.5454559326, 44.4442863464, -7.34082365036, 31.418554306, 16.5602550507, 46.5241241455]],
        "icov": [[0.000472334300866, -0.00129445677157, 0.00131845509168, -0.00144873547833, 0.000845489907078, -0.00139176519588, 0.00145338266157, -0.00137985392939, 0.00182252726518, -0.00088011182379, 0.0011301508639, -0.00130429316778, 0.00137332989834], [-0.00129445677157, 0.00845715589821, -0.00241050031036, -0.00148523272946, -0.00122986768838, 0.00611620675772, -0.00492854602635, 0.00524122826755, -0.00230936403386, 0.00494886329398, -0.00456904200837, 0.00670124450698, -0.00440087262541], [0.00131845509168, -0.00241050031036, 0.00737801427022, -0.00601251563057, -0.00122492830269, -0.00048645681818, -0.000449333863799, 0.000675626448356, 0.00193053472321, -0.0012799797114, 0.00505389366299, -0.00795762240887, 0.0060014128685], [-0.00144873547833, -0.00148523272946, -0.00601251563057, 0.0152784166858, -0.00848702248186, 0.00182079465594, 0.0050362162292, -0.00235269241966, -0.00228105345741, 0.00104257417843, -0.0061059766449, 0.00436605047435, -0.00226933299564], [0.000845489907078, -0.00122986768838, -0.00122492830269, -0.00848702248186, 0.0199661441147, -0.0041676000692, -0.0067592561245, 0.00780712487176, -0.00187509669922, -0.00350559223443, 0.00481808604673, -0.00401479238644, -0.00144747691229], [-0.00139176519588, 0.00611620675772, -0.00048645681818, 0.00182079465594, -0.0041676000692, 0.0186802912503, -0.0102353803813, 0.00795802194625, -0.00202107476071, 0.00286984303966, 0.00123108597472, 0.000925682310481, -0.000541294692084], [0.00145338266157, -0.00492854602635, -0.000449333863799, 0.0050362162292, -0.0067592561245, -0.0102353803813, 0.0325751490891, -0.0228955037892, 0.0152288423851, -0.00203341641463, -0.0119560370222, 0.0119145587087, 0.00139703403693], [-0.00137985392939, 0.00524122826755, 0.000675626448356, -0.00235269241966, 0.00780712487176, 0.00795802194625, -0.0228955037892, 0.0482223704457, -0.0234660729766, -0.00252707931213, 0.0196531880647, -0.0134317912161, -0.00254477094859], [0.00182252726518, -0.00230936403386, 0.00193053472321, -0.00228105345741, -0.00187509669922, -0.00202107476071, 0.0152288423851, -0.0234660729766, 0.036374758929, -0.000778069195803, -0.00541509175673, 0.00651573389769, 0.00267242104746], [-0.00088011182379, 0.00494886329398, -0.0012799797114, 0.00104257417843, -0.00350559223443, 0.00286984303966, -0.00203341641463, -0.00252707931213, -0.000778069195803, 0.0343874171376, -0.00899964570999, 0.00404502823949, 0.00459481589496], [0.0011301508639, -0.00456904200837, 0.00505389366299, -0.0061059766449, 0.00481808604673, 0.00123108597472, -0.0119560370222, 0.0196531880647, -0.00541509175673, -0.00899964570999, 0.0406417027116, -0.017286349088, 0.000655434676446], [-0.00130429316778, 0.00670124450698, -0.00795762240887, 0.00436605047435, -0.00401479238644, 0.000925682310481, 0.0119145587087, -0.0134317912161, 0.00651573389769, 0.00404502823949, -0.017286349088, 0.0436591543257, -0.0142504638061], [0.00137332989834, -0.00440087262541, 0.0060014128685, -0.00226933299564, -0.00144747691229, -0.000541294692084, 0.00139703403693, -0.00254477094859, 0.00267242104746, 0.00459481589496, 0.000655434676446, -0.0142504638061, 0.0389774292707]]
    },
    "melbands": {
        "max": [0.00554778426886, 0.0106128221378, 0.00859385821968, 0.00996032916009, 0.00540420552716, 0.00248457700945, 0.00226587569341, 0.00156332796905, 0.00118995015509, 0.001993608661, 0.0023215545807, 0.00144473277032, 0.0022433262784, 0.00278179696761, 0.00124412600417, 0.00198383582756, 0.00182231713552, 0.00163752061781, 0.00149985437747, 0.000940965779591, 0.00107422354631, 0.00088992464589, 0.00051695498405, 0.000287598290015, 0.000432532164268, 0.000113114823762, 0.000274807040114, 0.00015323239495, 9.25978529267e-05, 4.94582418469e-05, 2.56228249782e-05, 2.00060039788e-05, 1.68834030774e-05, 2.02214378078e-05, 1.43956676766e-05, 9.21626633499e-06, 7.14042289474e-06, 4.67636982648e-06, 2.78257539321e-06, 1.82879693966e-06],
        "mean": [0.000264412985416, 0.000680270604789, 0.000585618545301, 0.000328279769747, 0.000278507563053, 0.000149521278217, 9.75493312581e-05, 7.60823313612e-05, 6.43036037218e-05, 6.76110939821e-05, 8.2459890109e-05, 5.72143217141e-05, 8.64600369823e-05, 0.000117089461128, 3.28755631926e-05, 5.72313838347e-05, 6.95069975336e-05, 8.6185442342e-05, 4.81610477436e-05, 4.65958364657e-05, 4.85538766952e-05, 3.402546281e-05, 2.45889714279e-05, 1.66161080415e-05, 1.81950545084e-05, 1.16452110888e-05, 9.41295456869e-06, 6.36784079688e-06, 6.04554497841e-06, 2.38287861976e-06, 1.65608707903e-06, 1.20253525893e-06, 8.7027092377e-07, 8.34868615129e-07, 7.02696013377e-07, 4.98880922351e-07, 2.80229045302e-07, 2.68720583563e-07, 1.75969674387e-07, 1.24186072981e-07],
        "min": [4.64683742424e-25, 9.87810343619e-25, 9.47300758414e-25, 1.21734677893e-24, 1.42445175719e-24, 1.35418535257e-24, 4.55352898422e-25, 1.28119126414e-24, 1.14939972398e-24, 1.39891632969e-24, 1.49612509524e-24, 2.28280627917e-24, 2.03873449004e-24, 1.92034855627e-24, 2.04236640564e-24, 1.26330709717e-24, 2.49476216035e-24, 3.00319090238e-24, 2.44691104114e-24, 2.44400606085e-24, 3.32849958754e-24, 2.6139300525e-24, 2.94305209127e-24, 2.38612358915e-24, 3.02933414721e-24, 3.62358918078e-24, 3.94025056991e-24, 3.74753579507e-24, 3.03443433018e-24, 4.0921339043e-24, 4.55645546096e-24, 3.59376708312e-24, 4.58912613535e-24, 4.08462473734e-24, 4.4658678022e-24, 4.49026727e-24, 4.94704416096e-24, 4.09214455392e-24, 5.42865754867e-24, 5.54625028279e-24],
        "stdev": [0.000526927702595, 0.00120765622705, 0.00105322583113, 0.000747707672417, 0.000519398017786, 0.000296298094327, 0.000186493125511, 0.000134618734592, 0.000118032046885, 0.000161405318067, 0.000201345304959, 0.00011596884724, 0.000220560890739, 0.000290059804684, 7.77429231675e-05, 0.000159762130352, 0.000160583513207, 0.000187209734577, 0.000110691566078, 9.76013834588e-05, 0.000104441016447, 8.72022137628e-05, 4.80061789858e-05, 3.00148221868e-05, 3.39553298545e-05, 1.83207139344e-05, 1.81507130037e-05, 1.31014994622e-05, 1.1919476492e-05, 4.08859341405e-06, 2.53904659075e-06, 1.8979452534e-06, 1.54177826062e-06, 1.52219945448e-06, 1.29782063141e-06, 8.46772707064e-07, 5.21792856034e-07, 4.95582924032e-07, 3.03276436853e-07, 2.06505035294e-07]
    },
    "melbands128": {
        "max": [0.000996025162749, 0.00486239884049, 0.00900678709149, 0.0123672503978, 0.0145831024274, 0.0134965758771, 0.0142862163484, 0.0104267904535, 0.00419044634327, 0.0141112683341, 0.0138467447832, 0.00565889012069, 0.00862593762577, 0.00539623899385, 0.00279996148311, 0.00197018124163, 0.00177748547867, 0.00263152783737, 0.0057906084694, 0.00135355989914, 0.00147547468077, 0.0021134391427, 0.00123373244423, 0.0037443859037, 0.00238601281308, 0.00269303889945, 0.00288059469312, 0.00379890203476, 0.00266718305647, 0.00241725100204, 0.00174806918949, 0.00107423658483, 0.00280943559483, 0.00558981765062, 0.00694219116122, 0.00158060446847, 0.00070065795444, 0.00139544275589, 0.00250236922875, 0.00465190317482, 0.00244504585862, 0.00245382916182, 0.00419804081321, 0.00214621471241, 0.00401972280815, 0.00142180372495, 0.00133628270123, 0.00153562275227, 0.00275516789407, 0.00179496302735, 0.00161498482339, 0.00145828910172, 0.00235546007752, 0.00183240824845, 0.00306606269442, 0.00137082405854, 0.00149692792911, 0.00103518448304, 0.00105928210542, 0.000896050129086, 0.000358231947757, 0.00038842545473, 0.000623476167675, 0.000555848295335, 0.000422361918027, 0.000162899916177, 0.000163003962371, 0.000153477361891, 0.000348202564055, 0.000701291195583, 0.000124427460833, 0.000233655126067, 0.000170670638909, 0.000165901350556, 5.88226430409e-05, 7.72002604208e-05, 5.40151486348e-05, 7.37717418815e-05, 2.88103547064e-05, 1.65096898854e-05, 2.48231772275e-05, 3.92053989344e-05, 2.00334543479e-05, 2.38561042352e-05, 1.57985123224e-05, 3.38841018674e-05, 1.63507502293e-05, 1.92723637156e-05, 1.64112952916e-05, 1.9674656869e-05, 1.55701727635e-05, 7.44539875086e-06, 5.54302641831e-06, 1.19489877761e-05, 6.58686258248e-06, 7.30293459128e-06, 6.17256273472e-06, 3.38398854183e-06, 3.50047798747e-06, 2.81280586023e-06, 3.0486085052e-06, 2.26644510803e-06, 1.79718324489e-06, 1.3439768054e-06, 8.94178469935e-07, 1.19227854611e-06, 1.33110836487e-06, 1.05677736428e-06, 1.30000705667e-06, 1.21901598504e-06, 1.08843187263e-06, 6.74915725085e-07, 8.7416617589e-07, 1.25828776731e-07, 6.35011048189e-08, 6.66139285954e-08, 6.50791491807e-08, 6.13344326439e-08, 5.90395714539e-08, 5.71105864822e-08, 5.54194521385e-08, 5.40293356721e-08, 5.28464134675e-08, 5.17828979696e-08, 5.09612654298e-08, 5.02877419706e-08, 4.97850258796e-08, 4.94870668888e-08],
        "mean": [5.41305162187e-05, 0.000205844276934, 0.000318471807986, 0.000439767522039, 0.000661665399093, 0.000907027570065, 0.000859976687934, 0.0004305257753, 0.000242199283093, 0.000349017383996, 0.000372692506062, 0.000313044496579, 0.00028528351686, 0.000177643232746, 0.000179742506589, 0.000101711375464, 0.000105333128886, 9.9403951026e-05, 9.38062657951e-05, 4.35567417298e-05, 8.9157561888e-05, 0.000110503860924, 3.8506128476e-05, 5.10453064635e-05, 6.36871554889e-05, 7.48631282477e-05, 7.8709628724e-05, 8.01059868536e-05, 9.84303769656e-05, 5.24067072547e-05, 5.57479615964e-05, 3.89817469113e-05, 4.51563573733e-05, 0.000141002543387, 0.000222554226639, 6.84195911163e-05, 2.15183135879e-05, 3.42323437508e-05, 3.04082113871e-05, 6.22496154392e-05, 6.37280172668e-05, 4.83635230921e-05, 5.33126585651e-05, 7.01113822288e-05, 0.000153000306454, 6.7110377131e-05, 4.60629344161e-05, 5.66498165426e-05, 4.44641809736e-05, 3.68292276107e-05, 4.56079433206e-05, 5.29629505763e-05, 7.11051688995e-05, 3.28037167492e-05, 3.17458689096e-05, 4.05090322602e-05, 3.0753093597e-05, 2.01022376132e-05, 2.61314562522e-05, 2.57757001236e-05, 1.35927039082e-05, 1.20877311929e-05, 1.55762427312e-05, 2.01705006475e-05, 2.30359037232e-05, 9.06654622668e-06, 6.85137547407e-06, 9.29503312364e-06, 1.02282774606e-05, 9.90452463157e-06, 4.10542770624e-06, 7.32018770577e-06, 5.18760180057e-06, 8.08226104709e-06, 3.4398308344e-06, 2.04398406822e-06, 1.85967974176e-06, 2.354062417e-06, 1.44340503994e-06, 1.25072506307e-06, 1.44678313063e-06, 1.07848904918e-06, 8.40742643504e-07, 9.04943647129e-07, 8.32698731301e-07, 8.12686607787e-07, 8.9253404667e-07, 7.76905608291e-07, 7.11032612344e-07, 6.34873970284e-07, 5.47886543245e-07, 4.95341680562e-07, 3.59283347962e-07, 2.23438135549e-07, 2.76072199767e-07, 2.79961852812e-07, 2.94459880479e-07, 2.04712392815e-07, 1.91719948361e-07, 1.37334723149e-07, 1.51454628394e-07, 1.21552886867e-07, 9.89083801528e-08, 7.59922613724e-08, 6.22807405648e-08, 5.74919170049e-08, 5.16375990856e-08, 5.92519278086e-08, 7.24704918298e-08, 6.36190762293e-08, 3.84383440633e-08, 2.17339213293e-08, 1.25050050315e-08, 2.46067854981e-09, 6.50572318239e-10, 6.50695386462e-10, 2.2532564703e-10, 6.04913549807e-11, 5.81805471855e-11, 5.62895285938e-11, 5.46325970574e-11, 5.32694791056e-11, 5.21082274552e-11, 5.10624077743e-11, 5.02371963473e-11, 4.95453088278e-11, 4.90359697292e-11, 4.87409348993e-11],
        "min": [8.65060862731e-27, 1.33194529289e-25, 7.19873416686e-26, 2.11981445204e-25, 2.54263502255e-25, 4.06821682494e-25, 1.70717782929e-25, 1.14301507824e-25, 2.9910691671e-25, 3.54016073056e-25, 2.31042666605e-25, 3.77772175483e-26, 1.02787978142e-25, 3.13154360065e-25, 3.98081646007e-25, 2.52979680436e-25, 5.16254784546e-25, 2.43898017872e-25, 2.98761518893e-25, 7.63308221387e-25, 2.86049000754e-25, 1.75455570593e-25, 3.25343888076e-25, 2.48850388027e-25, 7.4958598594e-25, 4.71072085946e-25, 2.58139348446e-25, 8.22935752022e-25, 5.59994311423e-25, 4.69148103502e-25, 8.33692757933e-25, 4.61341141553e-25, 6.67849790272e-25, 9.17164595505e-25, 3.04884657239e-25, 3.95441673683e-25, 6.22591213113e-25, 7.84906937149e-25, 7.21381496869e-25, 1.12748447778e-24, 9.52904826285e-25, 7.17184115904e-25, 9.4784379054e-25, 5.67953523526e-25, 1.34064918969e-24, 6.4473113676e-25, 1.59724631506e-24, 4.20770321021e-25, 1.13002431407e-24, 1.43463703616e-24, 1.10050859026e-24, 9.62524689201e-25, 7.41074028862e-25, 1.6214455108e-24, 1.45311413071e-24, 8.18474151957e-25, 1.20734116303e-24, 1.460303809e-24, 1.27939976103e-24, 1.86719510847e-24, 1.39596017205e-24, 1.95753171225e-24, 1.15627287183e-24, 1.59399660256e-24, 2.34070630303e-24, 1.23312685666e-24, 1.8774394534e-24, 2.43782139135e-24, 1.34079512895e-24, 2.09539718557e-24, 1.7695211122e-24, 1.95727178258e-24, 1.69365142857e-24, 2.78436562044e-24, 1.92752403506e-24, 2.27132933908e-24, 1.75496505078e-24, 2.30535764309e-24, 3.03044308843e-24, 2.50022975529e-24, 1.40081590675e-24, 1.93676356841e-24, 1.8867456455e-24, 1.86875370041e-24, 2.47272414768e-24, 3.11953191147e-24, 2.5149333337e-24, 3.1805802792e-24, 3.41525574888e-24, 2.51698555535e-24, 2.72215683831e-24, 2.91220624937e-24, 3.33316175549e-24, 3.34849523933e-24, 2.76001920353e-24, 3.22801862695e-24, 3.3465053377e-24, 3.00791420705e-24, 3.42402275455e-24, 4.10960362348e-24, 3.52957904899e-24, 3.81569377171e-24, 3.54900593207e-24, 4.17095215278e-24, 4.31285521343e-24, 3.66412716498e-24, 4.45076111587e-24, 4.3029593478e-24, 4.58257661768e-24, 4.3598638292e-24, 4.05969081628e-24, 4.39339041767e-24, 4.75773884295e-24, 3.48132639957e-24, 4.00420549565e-24, 4.65401901671e-24, 5.26518111442e-24, 4.65835420181e-24, 4.90598907844e-24, 5.14996837364e-24, 4.5093900472e-24, 4.415325484e-24, 5.35191242664e-24, 4.67332757065e-24, 5.12083889585e-24, 5.34381950261e-24, 5.0585520165e-24, 4.94935789e-24],
        "stdev": [0.000121557670354, 0.000448787875939, 0.000729721563403, 0.00100427237339, 0.00137306388933, 0.00172400497831, 0.00179189408664, 0.000816949410364, 0.000472492771223, 0.000950278656092, 0.00105319696013, 0.000621111772489, 0.000637390417978, 0.000461579213152, 0.000420191441663, 0.000209039731999, 0.000225500785746, 0.000210472135223, 0.000302598578855, 0.000102070633147, 0.000180946924957, 0.000244194525294, 9.32861439651e-05, 0.000201172268135, 0.000199029076612, 0.000208016150282, 0.000243992646574, 0.000240067383857, 0.000238711189013, 0.000143849421875, 0.000143160606967, 9.42895931075e-05, 0.000172857093276, 0.000511303311214, 0.000665721076075, 0.000186004937859, 5.51459124836e-05, 9.68175882008e-05, 0.00010695776291, 0.000263286958216, 0.000189488258911, 0.000192130479263, 0.00022349707433, 0.000202329581953, 0.0003922249889, 0.00017668127839, 0.000129981068312, 0.000147277663928, 0.000165997713339, 0.000128176383441, 0.0001181482221, 0.000126137412735, 0.000185164928553, 0.000116129514936, 0.00013528985437, 0.000122435347294, 8.14036320662e-05, 5.35029903403e-05, 6.47113192827e-05, 5.8197092585e-05, 2.99260154861e-05, 3.0634306313e-05, 4.23497986048e-05, 4.68993857794e-05, 4.32276647189e-05, 1.83555475815e-05, 1.48689905473e-05, 1.93536106963e-05, 2.17798078666e-05, 3.7691603211e-05, 1.01527966763e-05, 1.9518111003e-05, 1.43114957609e-05, 1.87163877854e-05, 6.80335870129e-06, 4.73638647236e-06, 3.72265208171e-06, 4.65368384539e-06, 2.49152571996e-06, 2.07366497307e-06, 2.54304563896e-06, 2.25634312301e-06, 1.65654455486e-06, 1.80878362244e-06, 1.57187525929e-06, 1.90086700513e-06, 1.6518213215e-06, 1.63709830758e-06, 1.48478363826e-06, 1.28899648644e-06, 1.09164682272e-06, 8.42005363211e-07, 6.363819125e-07, 5.58339479539e-07, 5.58533372441e-07, 5.73562090267e-07, 6.15640487922e-07, 3.86521605833e-07, 3.6522826008e-07, 2.53803420946e-07, 2.75220003232e-07, 2.26504610623e-07, 1.83714021773e-07, 1.44462120488e-07, 1.13613943142e-07, 1.09345876353e-07, 1.02476626296e-07, 1.22709863604e-07, 1.4590216324e-07, 1.35408541269e-07, 8.55327328964e-08, 6.79124241287e-08, 5.59888491125e-08, 1.0223950575e-08, 2.9321725048e-09, 3.27366311836e-09, 2.16682982668e-09, 1.88828663816e-09, 1.81761783402e-09, 1.75823122728e-09, 1.70616398787e-09, 1.66335467622e-09, 1.62695779071e-09, 1.59419810686e-09, 1.56891821756e-09, 1.54819179699e-09, 1.53268897574e-09, 1.52352286342e-09]
    },
    "mfcc": {
        "mean": [-892.699951172, 63.356098175, -20.5566082001, 11.8990240097, 1.91507840157, 2.08376049995, -1.40879106522, 0.892344355583, -1.5998660326, 1.08503472805, -2.77878046036, -1.63245582581, -1.00345230103],
        "cov": [[102125.054688, 17187.015625, -5054.71533203, 3900.93701172, 933.056030273, 833.829284668, -220.25289917, 236.938842773, -565.610839844, 231.122680664, -809.552124023, -429.515045166, -201.173965454], [17187.015625, 3215.49023438, -703.950134277, 910.240478516, 239.191574097, 171.316650391, -10.3664731979, 17.5649261475, -135.737533569, 19.9582118988, -157.660980225, -64.8802871704, -8.4968662262], [-5054.71533203, -703.950134277, 703.931884766, 253.675567627, 194.560699463, 63.3993339539, 39.9817466736, -16.6729831696, -34.2482070923, -58.3421974182, 10.2754364014, 37.7451324463, 54.0106811523], [3900.93701172, 910.240478516, 253.675567627, 786.84564209, 340.155181885, 141.053146362, 32.3370819092, -17.4301586151, -98.9990463257, -44.2443847656, -72.5293426514, 14.9761762619, 62.2355155945], [933.056030273, 239.191574097, 194.560699463, 340.155181885, 222.405975342, 91.8630065918, 6.14566707611, -3.1469399929, -39.9019470215, -31.3244419098, -37.6209869385, 6.87494039536, 34.1538238525], [833.829284668, 171.316650391, 63.3993339539, 141.053146362, 91.8630065918, 111.523666382, 58.5659942627, -3.84921431541, -28.7643680573, -7.95501232147, -17.593132019, -1.66735100746, 15.0992202759], [-220.25289917, -10.3664731979, 39.9817466736, 32.3370819092, 6.14566707611, 58.5659942627, 99.0435791016, -1.87574148178, -14.0701665878, 0.108411118388, -0.673416733742, 0.566356301308, 9.55749511719], [236.938842773, 17.5649261475, -16.6729831696, -17.4301586151, -3.1469399929, -3.84921431541, -1.87574148178, 46.4144020081, 16.2601337433, 0.163183569908, 0.132452949882, -3.41733360291, -3.86974024773], [-565.610839844, -135.737533569, -34.2482070923, -98.9990463257, -39.9019470215, -28.7643680573, -14.0701665878, 16.2601337433, 57.1616859436, 21.7993240356, 9.99407291412, -3.25528264046, -11.5075283051], [231.122680664, 19.9582118988, -58.3421974182, -44.2443847656, -31.3244419098, -7.95501232147, 0.108411118388, 0.163183569908, 21.7993240356, 45.1402244568, 16.1614665985, -5.14072084427, -14.0737352371], [-809.552124023, -157.660980225, 10.2754364014, -72.5293426514, -37.6209869385, -17.593132019, -0.673416733742, 0.132452949882, 9.99407291412, 16.1614665985, 43.9173126221, 9.47701358795, -7.64682865143], [-429.515045166, -64.8802871704, 37.7451324463, 14.9761762619, 6.87494039536, -1.66735100746, 0.566356301308, -3.41733360291, -3.25528264046, -5.14072084427, 9.47701358795, 30.8014030457, 13.7797746658], [-201.173965454, -8.4968662262, 54.0106811523, 62.2355155945, 34.1538238525, 15.0992202759, 9.55749511719, -3.86974024773, -11.5075283051, -14.0737352371, -7.64682865143, 13.7797746658, 36.2046508789]],
        "icov": [[0.00016847322695, -0.000697464682162, 0.000577738974243, -8.11549180071e-05, -0.000180864270078, -0.000472462677862, 0.00037438198342, -0.000490722828545, 0.000174493296072, -0.000101426201581, 3.46486522176e-05, 3.17001540679e-05, 0.000277737271972], [-0.000697464682162, 0.00525005208328, 0.000723199802451, -0.00390472589061, 0.00320603465661, -0.000606027373578, 0.000289952819003, 0.000226848685998, 0.00119310454465, -0.000464734708657, 0.00161229074001, 0.00102880212944, 0.00031348419725], [0.000577738974243, 0.000723199802451, 0.00871664099395, -0.00556524842978, -0.000985385617241, -0.00332969124429, 0.001706510433, -0.00290812714957, 0.00201076455414, 0.00142249965575, -0.000994242960587, 0.00112700578757, 0.0020530030597], [-8.11549180071e-05, -0.00390472589061, -0.00556524842978, 0.0125160431489, -0.0120363701135, 0.00734428968281, -0.00543793803081, 0.00322194839828, 0.0011277316371, -0.00172498449683, -0.00049964064965, -0.00348535529338, -0.00359954754822], [-0.000180864270078, 0.00320603465661, -0.000985385617241, -0.0120363701135, 0.0290422216058, -0.0179104823619, 0.0128116887063, -0.00333443819545, -0.00224405573681, 0.00246470910497, 0.00531118549407, 0.00234871846624, -0.0012854563538], [-0.000472462677862, -0.000606027373578, -0.00332969124429, 0.00734428968281, -0.0179104823619, 0.0316478982568, -0.0190827343613, 0.00355888484046, 0.003304756945, -0.00303719448857, -0.000834377366118, -9.2430083896e-05, -0.00158120808192], [0.00037438198342, 0.000289952819003, 0.001706510433, -0.00543793803081, 0.0128116887063, -0.0190827343613, 0.0229757018387, -0.00403928989545, 0.00222663697787, -0.00174906046595, 0.00160324212629, 0.00199601752684, -0.00206741155125], [-0.000490722828545, 0.000226848685998, -0.00290812714957, 0.00322194839828, -0.00333443819545, 0.00355888484046, -0.00403928989545, 0.028343854472, -0.0121946269646, 0.00738080497831, -0.0040794108063, 0.00118033809122, -0.000434210378444], [0.000174493296072, 0.00119310454465, 0.00201076455414, 0.0011277316371, -0.00224405573681, 0.003304756945, 0.00222663697787, -0.0121946269646, 0.0350777693093, -0.0179602839053, 0.00739904213697, -0.000897646648809, 0.00123091624118], [-0.000101426201581, -0.000464734708657, 0.00142249965575, -0.00172498449683, 0.00246470910497, -0.00303719448857, -0.00174906046595, 0.00738080497831, -0.0179602839053, 0.0411164686084, -0.0170122217387, 0.00468341214582, 0.00526143424213], [3.46486522176e-05, 0.00161229074001, -0.000994242960587, -0.00049964064965, 0.00531118549407, -0.000834377366118, 0.00160324212629, -0.0040794108063, 0.00739904213697, -0.0170122217387, 0.0419336296618, -0.0147283934057, 0.00759265106171], [3.17001540679e-05, 0.00102880212944, 0.00112700578757, -0.00348535529338, 0.00234871846624, -9.2430083896e-05, 0.00199601752684, 0.00118033809122, -0.000897646648809, 0.00468341214582, -0.0147283934057, 0.0481066517532, -0.0177355930209], [0.000277737271972, 0.00031348419725, 0.0020530030597, -0.00359954754822, -0.0012854563538, -0.00158120808192, -0.00206741155125, -0.000434210378444, 0.00123091624118, 0.00526143424213, 0.00759265106171, -0.0177355930209, 0.0455243997276]]
    },
    "spectral_contrast_coeffs": {
        "max": [-0.552002727985, -0.609892487526, -0.553798019886, -0.591629326344, -0.643046915531, -0.652939736843],
        "mean": [-0.820002257824, -0.843615651131, -0.836201310158, -0.843624532223, -0.847624063492, -0.832397758961],
        "min": [-0.984369218349, -0.984475076199, -0.977622628212, -0.975216627121, -0.970050871372, -0.965461909771],
        "stdev": [0.128021016717, 0.108470402658, 0.114953696728, 0.108968183398, 0.0999499335885, 0.110044397414]
    },
    "spectral_contrast_valleys": {
        "max": [-5.21376419067, -5.53363990784, -5.67333459854, -5.94298410416, -5.97756576538, -8.90191841125],
        "mean": [-15.3534231186, -15.2001791, -15.436589241, -15.3585109711, -15.4232549667, -17.3180427551],
        "min": [-28.1830368042, -28.0999908447, -28.0345726013, -27.7065353394, -27.5304527283, -27.4394741058],
        "stdev": [9.94610023499, 10.0030117035, 9.82728385925, 9.8882932663, 9.84190368652, 8.26958560944]
    }
},
"rhythm": {
    "beats_count": 53,
    "beats_loudness": {
        "max": 0.0688262656331,
        "mean": 0.0168876145035,
        "min": 0,
        "stdev": 0.0174460709095
    },
    "bpm": 140.471221924,
    "bpm_histogram_first_peak_bpm": 140,
    "bpm_histogram_first_peak_weight": 0.400000035763,
    "bpm_histogram_second_peak_bpm": 120,
    "bpm_histogram_second_peak_spread": 0.416666686535,
    "bpm_histogram_second_peak_weight": 0.134615391493,
    "danceability": 0.7777967453,
    "onset_rate": 1.47235572338,
    "beats_loudness_band_ratio": {
        "max": [0.828025221825, 0.465409785509, 0.434656113386, 0.582957863808, 0.454738199711, 0.549602925777],
        "mean": [0.179373979568, 0.0780872404575, 0.091190494597, 0.135189518332, 0.132781594992, 0.0466629676521],
        "min": [0, 0, 0, 0, 0, 0],
        "stdev": [0.229528069496, 0.114521920681, 0.12397095561, 0.168754711747, 0.131510660052, 0.0791086405516]
    },
    "beats_position": [0.417959183455, 0.835918366909, 1.26548755169, 1.69505667686, 2.13623571396, 2.55419492722, 2.9837641716, 3.41333317757, 3.83129239082, 4.2492518425, 4.67882061005, 5.10838985443, 5.52634906769, 5.9675283432, 6.39709758759, 6.82666635513, 7.26784563065, 7.6858048439, 8.11537361145, 8.53333282471, 8.96290206909, 9.38086128235, 9.81043052673, 10.2399997711, 10.6695690155, 11.0991382599, 11.5287075043, 11.9350566864, 12.3414058685, 12.7477550507, 13.1657142639, 13.5952835083, 14.0248527527, 14.4544210434, 14.9420404434, 15.4296598434, 15.9172782898, 16.3932876587, 16.8692970276, 17.3453063965, 17.8329238892, 18.3089332581, 18.784942627, 19.3190021515, 19.8414516449, 20.3522891998, 20.851518631, 21.3507480621, 21.8499774933, 22.3492050171, 22.8484344482, 23.3476638794, 23.8468933105],
