{
"metadata": {
    "version": {
        "essentia": "2.1-beta5",
        "essentia_git_sha": "Undefined",
        "extractor": "music 2.0"
    },
    "audio_properties": {
        "analysis": {
            "equal_loudness": 0,
            "length": 32.4963264465,
            "sample_rate": 44100,
            "start_time": 158.998641968,
            "downmix": "mix"
        },
        "bit_rate": 192000,
        "length": 212.78767395,
        "lossless": 0,
        "number_channels": 2,
        "replay_gain": -9.84538459778,
        "sample_rate": 48000,
        "codec": "mp3",
        "md5_encoded": "83f6387df57ab18fa3d1b21a4eef0765"
    },
    "tags": {
        "file_name": "Slovenia_Dan najlepših sanj_Regina.mp3",
        "encoding": ["Lavf58.29.100"]
    }
},
"lowlevel": {
    "average_loudness": 0.941230177879,
    "barkbands_crest": {
        "max": 19.4300422668,
        "mean": 8.41416454315,
        "min": 2.80646681786,
        "stdev": 3.31064391136
    },
    "barkbands_flatness_db": {
        "max": 0.214081451297,
        "mean": 0.134348899126,
        "min": 0.0506777614355,
        "stdev": 0.0272892154753
    },
    "barkbands_kurtosis": {
        "max": 21.8455562592,
        "mean": 0.411049813032,
        "min": -1.71494650841,
        "stdev": 1.67376756668
    },
    "barkbands_skewness": {
        "max": 4.25425100327,
        "mean": 0.153394296765,
        "min": -2.21764349937,
        "stdev": 0.828742265701
    },
    "barkbands_spread": {
        "max": 81.4068450928,
        "mean": 21.6947956085,
        "min": 4.8729095459,
        "stdev": 8.99248313904
    },
    "dissonance": {
        "max": 0.499999940395,
        "mean": 0.467074692249,
        "min": 0.239919662476,
        "stdev": 0.022667599842
    },
    "dynamic_complexity": 1.97784876823,
    "erbbands_crest": {
        "max": 29.2075271606,
        "mean": 10.9529447556,
        "min": 2.85941934586,
        "stdev": 4.9871468544
    },
    "erbbands_flatness_db": {
        "max": 0.325161606073,
        "mean": 0.199766844511,
        "min": 0.0888205617666,
        "stdev": 0.0429059490561
    },
    "erbbands_kurtosis": {
        "max": 20.8619632721,
        "mean": 1.26765346527,
        "min": -1.5298204422,
        "stdev": 2.33205270767
    },
    "erbbands_skewness": {
        "max": 2.50653529167,
        "mean": -0.121753558517,
        "min": -2.97312545776,
        "stdev": 0.752275466919
    },
    "erbbands_spread": {
        "max": 90.0578460693,
        "mean": 22.8887252808,
        "min": 4.00738573074,
        "stdev": 12.1848230362
    },
    "hfc": {
        "max": 95.1579055786,
        "mean": 28.5939426422,
        "min": 0.167511075735,
        "stdev": 17.7645015717
    },
    "loudness_ebu128": {
        "integrated": -13.500992775,
        "loudness_range": 2.99572753906,
        "momentary": {
            "max": -10.0322408676,
            "mean": -13.8372936249,
            "min": -19.2006244659,
            "stdev": 1.74068903923
        },
        "short_term": {
            "max": -11.6518220901,
            "mean": -13.7127552032,
            "min": -15.6015739441,
            "stdev": 0.929597854614
        }
    },
    "melbands_crest": {
        "max": 26.4927749634,
        "mean": 10.0476198196,
        "min": 3.98739385605,
        "stdev": 3.62187671661
    },
    "melbands_flatness_db": {
        "max": 0.278180599213,
        "mean": 0.15487639606,
        "min": 0.0559037774801,
        "stdev": 0.0321186110377
    },
    "melbands_kurtosis": {
        "max": 46.4123344421,
        "mean": 1.44858753681,
        "min": -1.79728138447,
        "stdev": 3.36047124863
    },
    "melbands_skewness": {
        "max": 5.51597070694,
        "mean": 0.772835314274,
        "min": -1.61144793034,
        "stdev": 0.937524855137
    },
    "melbands_spread": {
        "max": 137.318893433,
        "mean": 36.3619346619,
        "min": 5.1195230484,
        "stdev": 15.0660886765
    },
    "pitch_salience": {
        "max": 0.814104437828,
        "mean": 0.56019449234,
        "min": 0.314471960068,
        "stdev": 0.0804556459188
    },
    "silence_rate_20dB": {
        "max": 1,
        "mean": 1,
        "min": 1,
        "stdev": 0
    },
    "silence_rate_30dB": {
        "max": 1,
        "mean": 1,
        "min": 1,
        "stdev": 0
    },
    "silence_rate_60dB": {
        "max": 1,
        "mean": 0.00499643106014,
        "min": 0,
        "stdev": 0.0705084875226
    },
    "spectral_centroid": {
        "max": 3013.66137695,
        "mean": 1747.19628906,
        "min": 429.910308838,
        "stdev": 447.824676514
    },
    "spectral_complexity": {
        "max": 44,
        "mean": 21.5003566742,
        "min": 0,
        "stdev": 5.72547006607
    },
    "spectral_decrease": {
        "max": -4.06601766145e-11,
        "mean": -5.231783895e-09,
        "min": -1.46206238227e-08,
        "stdev": 2.66621569267e-09
    },
    "spectral_energy": {
        "max": 0.0617382787168,
        "mean": 0.0223395060748,
        "min": 0.000168654791196,
        "stdev": 0.0113850766793
    },
    "spectral_energyband_high": {
        "max": 0.00599360698834,
        "mean": 0.000467369216494,
        "min": 4.08721780332e-06,
        "stdev": 0.000601240957621
    },
    "spectral_energyband_low": {
        "max": 0.026097536087,
        "mean": 0.00241890992038,
        "min": 1.39468356792e-05,
        "stdev": 0.0032394551672
    },
    "spectral_energyband_middle_high": {
        "max": 0.0525688976049,
        "mean": 0.0127058066428,
        "min": 8.74654215295e-05,
        "stdev": 0.0097351744771
    },
    "spectral_energyband_middle_low": {
        "max": 0.0447172187269,
        "mean": 0.00728585524485,
        "min": 6.72749301884e-05,
        "stdev": 0.00601099943742
    },
    "spectral_entropy": {
        "max": 8.42042827606,
        "mean": 7.43613672256,
        "min": 6.50826120377,
        "stdev": 0.272346526384
    },
    "spectral_flux": {
        "max": 0.216642081738,
        "mean": 0.0889512598515,
        "min": 0.0211789887398,
        "stdev": 0.0366759449244
    },
    "spectral_kurtosis": {
        "max": 17.3413066864,
        "mean": 6.13094568253,
        "min": -0.766797542572,
        "stdev": 2.69272708893
    },
    "spectral_rms": {
        "max": 0.00776095781475,
        "mean": 0.00449969898909,
        "min": 0.000405636848882,
        "stdev": 0.00124393368606
    },
    "spectral_rolloff": {
        "max": 9216.2109375,
        "mean": 2017.37670898,
        "min": 236.865234375,
        "stdev": 953.045288086
    },
    "spectral_skewness": {
        "max": 3.13807725906,
        "mean": 1.70584440231,
        "min": 0.561128854752,
        "stdev": 0.350720733404
    },
    "spectral_spread": {
        "max": 12688625,
        "mean": 3634490.25,
        "min": 1838235.375,
        "stdev": 1268701.125
    },
    "spectral_strongpeak": {
        "max": 12.3720521927,
        "mean": 2.77840876579,
        "min": 0.0318505950272,
        "stdev": 2.60531520844
    },
    "zerocrossingrate": {
        "max": 0.2685546875,
        "mean": 0.0734770894051,
        "min": 0.02001953125,
        "stdev": 0.0226598028094
    },
    "barkbands": {
        "max": [0.000163711752975, 0.0127083752304, 0.018192794174, 0.0193097293377, 0.0210181064904, 0.0126603152603, 0.0194029025733, 0.0179963316768, 0.0326262563467, 0.0115877576172, 0.0137906260788, 0.0194015298039, 0.0298701468855, 0.0343947336078, 0.0303301177919, 0.0273093748838, 0.0173321925104, 0.0125015620142, 0.00888970308006, 0.00264917919412, 0.00103361380752, 0.00223243050277, 0.00166655599605, 0.00453858170658, 0.00096399668837, 0.000176609988557, 3.06402444039e-06],
        "mean": [1.60399031301e-05, 0.000968688051216, 0.000958131509833, 0.000826696166769, 0.00132577854674, 0.00136393273715, 0.000825008377433, 0.000990134780295, 0.00177438999526, 0.00080546294339, 0.000905821856577, 0.00192304013763, 0.00138212204911, 0.00215990515426, 0.00248334323987, 0.000909132591914, 0.000727661827113, 0.000706282444298, 0.00062291190261, 0.000353901355993, 7.91194906924e-05, 5.18510641996e-05, 5.38208150829e-05, 6.64468389004e-05, 4.40915246145e-05, 1.57935191964e-05, 4.84503326348e-09],
        "min": [5.12405371467e-08, 3.05048479277e-06, 2.71033741228e-07, 4.2253122956e-07, 1.64782213687e-05, 6.19463162366e-06, 6.31517514194e-06, 4.60375531475e-06, 4.2441183723e-06, 3.03238630295e-06, 5.94348284721e-06, 8.18870285002e-06, 4.26266979048e-06, 3.28097962665e-06, 2.12257850762e-06, 2.93371954285e-06, 1.12055943191e-06, 1.78531752226e-06, 7.55404869324e-07, 7.80153527558e-07, 1.08050107883e-06, 4.90942909437e-07, 1.36399293638e-07, 2.17517936107e-07, 1.94277617993e-07, 4.6184270297e-10, 1.74907952705e-11],
        "stdev": [1.92105853785e-05, 0.00129947776441, 0.00180626078509, 0.00181415630504, 0.00214964733459, 0.00149597343989, 0.00143189483788, 0.00184018258005, 0.00315190129913, 0.00124249246437, 0.00134781503584, 0.00255330791697, 0.00235399138182, 0.00450468063354, 0.00457740668207, 0.00183909269981, 0.00194699305575, 0.000954825489316, 0.000832877994981, 0.000349699985236, 9.25366402953e-05, 0.000133883877425, 0.000100879005913, 0.000243849019171, 8.01949790912e-05, 2.69103493338e-05, 8.50850838674e-08]
    },
    "erbbands": {
        "max": [0.188689798117, 3.36172986031, 16.8653278351, 43.5054588318, 68.6058044434, 92.0946350098, 104.464866638, 131.588500977, 166.404083252, 372.362701416, 417.469268799, 776.882141113, 1034.703125, 475.644378662, 606.154418945, 909.726989746, 1041.15026855, 1287.26245117, 2473.49707031, 1427.49597168, 974.81060791, 976.845397949, 836.903808594, 571.150695801, 298.194213867, 145.407928467, 58.8768348694, 44.1657981873, 66.0088043213, 81.2691040039, 47.2265701294, 30.6427116394, 121.692405701, 22.0490474701, 4.07940196991, 1.15567624569, 0.284167915583, 0.00811815727502, 0.000441034644609, 8.39182685013e-05],
        "mean": [0.0168230626732, 0.262211710215, 0.974918067455, 2.25651311874, 3.01178836823, 4.83292675018, 6.199614048, 13.2727127075, 11.4316167831, 15.430557251, 26.0764904022, 30.877620697, 39.4435768127, 34.8638153076, 47.3045692444, 64.0940933228, 57.7967071533, 94.3897857666, 147.975921631, 76.7524261475, 59.1289024353, 41.5385437012, 38.1198310852, 38.5477676392, 24.4428787231, 16.5493621826, 5.77146244049, 2.18359565735, 1.86070179939, 1.82976186275, 1.47209429741, 1.04918324947, 1.34668445587, 0.58556586504, 0.272622048855, 0.11072986573, 0.0209606401622, 0.000563014182262, 3.39433681802e-05, 3.0321716622e-05],
        "min": [5.58610663575e-05, 0.000601033389103, 0.0012085220078, 0.00210377201438, 0.0179428588599, 0.0654603913426, 0.0836517438293, 0.0396860763431, 0.173860475421, 0.171207413077, 0.122182920575, 0.191521778703, 0.264918088913, 0.30600720644, 0.800403237343, 0.52451723814, 0.523807108402, 0.400912433863, 0.105185553432, 0.0895485505462, 0.204176649451, 0.0708759352565, 0.0901445671916, 0.0809869095683, 0.0302545614541, 0.0372147597373, 0.0536169335246, 0.0232143122703, 0.0211613886058, 0.0250671729445, 0.00355048966594, 0.00495463423431, 0.0030009560287, 0.00368628744036, 0.000931976363063, 7.78210524004e-05, 5.49461310584e-06, 1.08997028292e-06, 1.18542300243e-06, 6.9878768727e-07],
        "stdev": [0.0191965065897, 0.357331484556, 1.60097420216, 4.60250139236, 5.76391029358, 8.439909935, 8.18664550781, 15.3753585815, 15.2595176697, 22.7427387238, 45.1719665527, 57.504901886, 75.9852828979, 44.2708320618, 61.8420715332, 85.442276001, 87.7347946167, 159.02192688, 293.059082031, 128.807449341, 105.610549927, 100.821281433, 56.0487060547, 45.5621261597, 30.06889534, 17.5045089722, 6.19152402878, 3.05648803711, 4.27525043488, 4.30599164963, 2.87026715279, 2.41563010216, 5.95721006393, 1.43279278278, 0.449601113796, 0.181001886725, 0.0399865061045, 0.00110799900722, 3.84714403481e-05, 1.54078607011e-05]
    },
    "gfcc": {
        "mean": [6.11915540695, 96.2630844116, -158.290512085, 25.7720870972, -55.5918693542, 16.6086750031, -45.5027618408, 14.5280380249, -29.2046718597, 2.54331588745, -6.60639047623, -7.73492908478, -5.58141422272],
        "cov": [[1173.41772461, -410.645263672, 153.88911438, -19.9818973541, 33.3389854431, 47.5797615051, -104.001205444, 69.4859466553, -124.877418518, 52.4639015198, -107.388824463, 3.73125767708, -131.237411499], [-410.645263672, 591.983215332, -147.697006226, 34.6595420837, 83.859046936, -53.3288230896, 159.733932495, -62.7649536133, 87.723815918, -89.2460098267, 86.5287780762, -88.0478134155, 86.3110198975], [153.88911438, -147.697006226, 692.046264648, 14.7656698227, -22.9719944, 35.4288139343, -128.963867188, 97.3545761108, -128.914642334, 73.1912307739, -216.919647217, 126.020454407, -140.308746338], [-19.9818973541, 34.6595420837, 14.7656698227, 272.339538574, 49.3660507202, -51.7636833191, -26.8911628723, 5.414290905, 79.2739944458, -54.9040908813, 12.1405887604, -7.04888725281, 44.4429893494], [33.3389854431, 83.859046936, -22.9719944, 49.3660507202, 290.919128418, 35.2824630737, -4.03018569946, 9.43290328979, -39.7610855103, 17.5541706085, -17.2758560181, -54.7255134583, -6.87394046783], [47.5797615051, -53.3288230896, 35.4288139343, -51.7636833191, 35.2824630737, 180.538619995, 60.0691757202, -27.5001754761, -48.5316734314, 33.0394859314, 18.8264465332, -27.793838501, -43.2177696228], [-104.001205444, 159.733932495, -128.963867188, -26.8911628723, -4.03018569946, 60.0691757202, 175.03338623, -15.0570745468, 12.7308931351, -11.3366746902, 64.8448410034, -54.6081466675, 6.95568561554], [69.4859466553, -62.7649536133, 97.3545761108, 5.414290905, 9.43290328979, -27.5001754761, -15.0570745468, 126.134277344, 17.7137184143, 15.2285938263, -42.6848487854, 23.3040714264, -20.6974391937], [-124.877418518, 87.723815918, -128.914642334, 79.2739944458, -39.7610855103, -48.5316734314, 12.7308931351, 17.7137184143, 166.492797852, -22.7734203339, 56.3421669006, -8.00108528137, 70.2249069214], [52.4639015198, -89.2460098267, 73.1912307739, -54.9040908813, 17.5541706085, 33.0394859314, -11.3366746902, 15.2285938263, -22.7734203339, 112.496696472, -10.9993476868, 30.6058197021, -34.4772567749], [-107.388824463, 86.5287780762, -216.919647217, 12.1405887604, -17.2758560181, 18.8264465332, 64.8448410034, -42.6848487854, 56.3421669006, -10.9993476868, 173.144088745, -27.6987476349, 59.4433746338], [3.73125767708, -88.0478134155, 126.020454407, -7.04888725281, -54.7255134583, -27.793838501, -54.6081466675, 23.3040714264, -8.00108528137, 30.6058197021, -27.6987476349, 140.742431641, 22.4748191833], [-131.237411499, 86.3110198975, -140.308746338, 44.4429893494, -6.87394046783, -43.2177696228, 6.95568561554, -20.6974391937, 70.2249069214, -34.4772567749, 59.4433746338, 22.4748191833, 130.719314575]],
        "icov": [[0.00125374109484, 0.000895812991075, 1.27087878354e-06, -6.34553580312e-05, -0.000300242099911, 0.0001916414476, -0.000121318553283, -0.000225930387387, 0.000330281152856, 0.000242361944402, 6.04579945502e-05, 0.000330743205268, 0.000510548823513], [0.000895812991075, 0.00960631202906, -0.00677453214303, 0.00508551765233, -0.0067950990051, 0.00871274154633, -0.011191489175, 0.0080663478002, -0.00738247809932, 0.00656204344705, -0.00408019963652, 0.00355346617289, -0.00310682691634], [1.27087878354e-06, -0.00677453214303, 0.00976163893938, -0.00592284556478, 0.00606109574437, -0.00838510319591, 0.00957581307739, -0.00817523617297, 0.00774099770933, -0.00586359389126, 0.0065048080869, -0.00530157098547, 0.00495667988434], [-6.34553580312e-05, 0.00508551765233, -0.00592284556478, 0.00920952297747, -0.0059201545082, 0.00619179941714, -0.00612605549395, 0.00602837884799, -0.00814741384238, 0.00674769235775, -0.00390188372694, 0.0021679319907, -0.00233550206758], [-0.000300242099911, -0.0067950990051, 0.00606109574437, -0.0059201545082, 0.0101012466475, -0.00773362396285, 0.00910171866417, -0.00777574023232, 0.00848546810448, -0.00712625635788, 0.00435251463205, 5.59697000426e-05, 0.00053558126092], [0.0001916414476, 0.00871274154633, -0.00838510319591, 0.00619179941714, -0.00773362396285, 0.017208058387, -0.0137354983017, 0.0103254877031, -0.00700319604948, 0.00493147410452, -0.00622692238539, 0.00421478087083, -0.00184755190276], [-0.000121318553283, -0.011191489175, 0.00957581307739, -0.00612605549395, 0.00910171866417, -0.0137354983017, 0.0225218497217, -0.011833768338, 0.00982588622719, -0.00742428889498, 0.00362530373968, -0.00210203556344, 0.00397013127804], [-0.000225930387387, 0.0080663478002, -0.00817523617297, 0.00602837884799, -0.00777574023232, 0.0103254877031, -0.011833768338, 0.0189155768603, -0.0112223122269, 0.00584137160331, -0.00297116115689, 0.00165077240672, -0.00111105001997], [0.000330281152856, -0.00738247809932, 0.00774099770933, -0.00814741384238, 0.00848546810448, -0.00700319604948, 0.00982588622719, -0.0112223122269, 0.0188724081963, -0.00785822886974, 0.00301470444538, -0.000792037986685, -0.00132987136021], [0.000242361944402, 0.00656204344705, -0.00586359389126, 0.00674769235775, -0.00712625635788, 0.00493147410452, -0.00742428889498, 0.00584137160331, -0.00785822886974, 0.0179766211659, -0.0049981684424, -0.00152038398664, 0.00139550794847], [6.04579945502e-05, -0.00408019963652, 0.0065048080869, -0.00390188372694, 0.00435251463205, -0.00622692238539, 0.00362530373968, -0.00297116115689, 0.00301470444538, -0.0049981684424, 0.0137202907354, -0.0022181684617, -0.000225453957682], [0.000330743205268, 0.00355346617289, -0.00530157098547, 0.0021679319907, 5.59697000426e-05, 0.00421478087083, -0.00210203556344, 0.00165077240672, -0.000792037986685, -0.00152038398664, -0.0022181684617, 0.015104426071, -0.00823588483036], [0.000510548823513, -0.00310682691634, 0.00495667988434, -0.00233550206758, 0.00053558126092, -0.00184755190276, 0.00397013127804, -0.00111105001997, -0.00132987136021, 0.00139550794847, -0.000225453957682, -0.00823588483036, 0.0179594531655]]
    },
    "melbands": {
        "max": [0.00284707755782, 0.0063702063635, 0.00770310498774, 0.00465891510248, 0.00339431525208, 0.00263820891269, 0.00304546789266, 0.00341248279437, 0.00356204621494, 0.00571564910933, 0.0050797383301, 0.00182613078505, 0.00147864187602, 0.00245354487561, 0.00189250695985, 0.00400063535199, 0.00262840860523, 0.00503870705143, 0.0029665005859, 0.00283047556877, 0.00149053090718, 0.0013567173155, 0.000660921272356, 0.000507404096425, 0.000564845453482, 0.000401675410103, 0.000114757713163, 0.000118239717267, 4.59237962787e-05, 2.63695583271e-05, 2.30299519899e-05, 2.74583744613e-05, 7.21630422049e-05, 4.08669911849e-05, 2.76759255939e-05, 1.96142646018e-05, 1.66184436239e-05, 8.78611244843e-05, 5.43562164239e-05, 1.31833594423e-05],
        "mean": [0.00021757860668, 0.000471373496111, 0.00040090008406, 0.000284067238681, 0.000216420317884, 0.000284027482849, 0.000185397628229, 0.000182126372238, 0.000210934857023, 0.000223798211664, 0.000199027475901, 0.000138001763844, 0.000128604588099, 0.000244069786277, 9.57548181759e-05, 0.000174652785063, 0.000163610107847, 0.000240911671426, 0.000180145128979, 5.24795905221e-05, 7.26265643607e-05, 4.7878267651e-05, 2.5430425012e-05, 3.69288682123e-05, 3.13003147312e-05, 2.13783387153e-05, 1.44881687447e-05, 1.03120728454e-05, 4.08817822972e-06, 1.82205337751e-06, 9.74009026322e-07, 1.00643660517e-06, 1.11406234282e-06, 9.91343767964e-07, 8.66021707679e-07, 7.31705767976e-07, 5.87364013427e-07, 1.02004628388e-06, 7.36174115445e-07, 4.10313646171e-07],
        "min": [6.78311153024e-07, 5.48035131942e-07, 6.0613695041e-07, 3.64836023437e-06, 3.04409513774e-06, 9.64779928836e-07, 2.98659438158e-06, 1.86055763152e-06, 8.53512233334e-07, 8.00291616088e-07, 7.55447103984e-07, 3.75800027541e-07, 2.56450607594e-06, 9.53999347075e-07, 4.17604923086e-07, 5.78531853535e-07, 5.31878015408e-07, 1.4155767758e-07, 1.87730350376e-07, 9.9203468551e-08, 2.56719175695e-07, 6.97304827213e-08, 6.70569590966e-08, 7.69911494558e-08, 6.7784455382e-08, 1.58582036391e-08, 2.99892235489e-08, 2.1203700129e-08, 2.90633863642e-08, 3.41532881976e-08, 6.09382633243e-09, 9.78279324215e-09, 4.84539119938e-09, 8.32828650488e-09, 1.46995127182e-09, 1.78274828233e-09, 3.19723092446e-09, 1.55981338956e-09, 2.72020783676e-09, 1.72660119535e-09],
        "stdev": [0.000277818442555, 0.000671493180562, 0.000771092018113, 0.000492063059937, 0.00029528781306, 0.000320366059896, 0.000250595621765, 0.000272122008028, 0.000375270436052, 0.000438950140961, 0.000382044556318, 0.000177089503268, 0.000167467107531, 0.000351614842657, 0.000156987385708, 0.000311251351377, 0.000307274720399, 0.000552638608497, 0.000334117736202, 0.000142548407894, 0.000149636136484, 0.000135862966999, 4.69190999866e-05, 4.91997379868e-05, 4.2378949729e-05, 3.44781110471e-05, 1.46074025906e-05, 1.33599405672e-05, 5.31879095433e-06, 2.44252169068e-06, 1.54524479967e-06, 1.99780356525e-06, 3.73327043235e-06, 2.03998797588e-06, 1.62064259257e-06, 1.54790541274e-06, 1.3884823602e-06, 4.51918867839e-06, 2.83456256511e-06, 8.4611872353e-07]
    },
    "melbands128": {
        "max": [0.000132121771458, 0.0008694959688, 0.00468654651195, 0.00653678644449, 0.00771342171356, 0.00890284590423, 0.010161165148, 0.0102941151708, 0.00695547787473, 0.00585681758821, 0.00660903379321, 0.00529709737748, 0.00474144984037, 0.00263423426077, 0.00329034309834, 0.00523627083749, 0.0023318217136, 0.00446559302509, 0.00725062796846, 0.00588186504319, 0.00565538695082, 0.00756262382492, 0.00636318931356, 0.0056833550334, 0.00547987781465, 0.0132950786501, 0.0138989314437, 0.00376374227926, 0.00316268275492, 0.00336093315855, 0.00371479522437, 0.00462011108175, 0.00151200883556, 0.00368721061386, 0.00529530178756, 0.00512496801093, 0.00519892200828, 0.00308837555349, 0.00170296151191, 0.00344277755357, 0.0083375973627, 0.00735692027956, 0.00619121594355, 0.00581280700862, 0.00769436825067, 0.0100338570774, 0.00694625312462, 0.00622909562662, 0.00510292127728, 0.00221550534479, 0.00620868988335, 0.00125501386356, 0.00263526872732, 0.00234129675664, 0.0032335401047, 0.00305581325665, 0.00147593126167, 0.000524228846189, 0.00118159386329, 0.00159520190209, 0.000832394522149, 0.00107776909135, 0.000498629233334, 0.00137478776742, 0.00078804907389, 0.000918425153941, 0.000361230166163, 0.000308729708195, 0.000194045191165, 0.000163946810062, 0.000205643620575, 0.000233826300246, 0.000103945218143, 5.7271157857e-05, 7.40360628697e-05, 4.61004565295e-05, 5.01058384543e-05, 2.74524536508e-05, 2.10500766116e-05, 2.02262617677e-05, 2.45792616624e-05, 2.61129898718e-05, 8.42022855068e-05, 0.000101988196548, 6.20295541012e-05, 4.64217737317e-05, 4.25556936534e-05, 1.73472708411e-05, 2.88778446702e-05, 4.03712510888e-05, 2.59141888819e-05, 2.85576043098e-05, 1.9851811885e-05, 1.8279239157e-05, 1.90861137526e-05, 6.73611357342e-05, 0.000121101860714, 0.000157923423103, 5.74965670239e-05, 2.44972125074e-05, 2.53174912359e-05, 1.24637144836e-05, 4.83368330606e-06, 7.42813654142e-06, 4.44711895398e-06, 3.59547834705e-06, 4.02079876949e-06, 3.56705072591e-06, 2.1926196041e-06, 1.69389352322e-06, 1.56030091603e-06, 1.48888659623e-06, 1.74640626938e-06, 3.03497984078e-07, 4.75576591441e-08, 5.84332902065e-08, 2.1762687652e-08, 1.42748781684e-08, 1.39015163825e-08, 1.35446400762e-08, 1.3252424047e-08, 1.29629249557e-08, 1.27330235244e-08, 1.24919781186e-08, 1.23131975727e-08, 1.21716796642e-08, 1.20666321379e-08, 1.20048087027e-08],
        "mean": [1.17448807941e-05, 7.92183491285e-05, 0.000311459589284, 0.000467491307063, 0.000473143416457, 0.000486766453832, 0.000484932825202, 0.00037461949978, 0.000268670351943, 0.000310649833409, 0.000268185831374, 0.000232673875871, 0.000215119027416, 0.000172056737938, 0.000286425231025, 0.000399857439334, 0.000177501657163, 0.000130485103, 0.000216801767237, 0.000141946904478, 0.000182968535228, 0.000256150291534, 0.000214698651689, 0.00019175503985, 9.88273386611e-05, 0.000299673876725, 0.000359425932402, 0.000111484550871, 0.000176176690729, 9.14756892598e-05, 0.000156355294166, 0.000170922459802, 6.18791891611e-05, 0.000115951668704, 0.000350512505975, 0.000271095108474, 8.65827241796e-05, 0.000124750091345, 5.32902740815e-05, 0.000101846482721, 0.000223365277634, 0.00024707740522, 0.000158779177582, 7.93458530097e-05, 0.000263796973741, 0.000275226251688, 0.000213870633161, 0.000255142949754, 0.000131776512717, 3.2126888982e-05, 5.34210812475e-05, 4.74132757518e-05, 9.41579564824e-05, 6.43262465019e-05, 6.56478077872e-05, 5.37232226634e-05, 2.85722799163e-05, 1.56538771989e-05, 2.45931696554e-05, 4.48680402769e-05, 3.60432968591e-05, 3.6871584598e-05, 2.33726423176e-05, 3.49130896211e-05, 3.62572209269e-05, 1.87703808479e-05, 1.25547039715e-05, 1.80081970029e-05, 1.43673996718e-05, 1.1237045328e-05, 1.13192918434e-05, 1.03790234789e-05, 4.50956304121e-06, 3.56119676326e-06, 2.38728216573e-06, 1.86405679869e-06, 1.62217236266e-06, 1.30328749037e-06, 8.37277923438e-07, 6.35312972008e-07, 1.08320944037e-06, 1.01989644463e-06, 1.09817597149e-06, 1.23443362554e-06, 1.06312336356e-06, 8.87688258899e-07, 1.0959984138e-06, 9.32885086513e-07, 8.21480000468e-07, 8.30328247048e-07, 8.25867800813e-07, 7.0894543569e-07, 5.74960779431e-07, 4.92571075483e-07, 5.92910453179e-07, 9.61837713476e-07, 1.19594824355e-06, 1.04113644284e-06, 7.01487294918e-07, 6.45579632419e-07, 4.69129702196e-07, 3.85028442906e-07, 3.07433197122e-07, 2.88903748924e-07, 3.31443004598e-07, 3.04710312093e-07, 2.67991282499e-07, 2.33477592815e-07, 1.6367347655e-07, 1.6456166918e-07, 1.55485736286e-07, 9.15474203111e-08, 6.06261068015e-08, 7.04250036065e-09, 4.56925941528e-10, 3.649378022e-10, 9.33407309778e-11, 1.4010806404e-11, 1.35622901798e-11, 1.31831819766e-11, 1.28649313424e-11, 1.25711047474e-11, 1.23337780961e-11, 1.2093977729e-11, 1.1888400854e-11, 1.17030699368e-11, 1.15749224441e-11, 1.15091417299e-11],
        "min": [1.72267056175e-09, 2.56566494272e-07, 2.19929773948e-07, 2.37159156313e-07, 9.22376557355e-08, 1.62282475458e-07, 2.92460896389e-07, 2.52951736002e-07, 6.81824758431e-07, 1.21839025269e-06, 6.66964410811e-07, 8.43055204314e-07, 7.76157378368e-07, 1.58361444846e-06, 7.27506460407e-07, 4.31626503428e-08, 1.22409460346e-06, 4.33958120993e-07, 1.26885012719e-07, 3.15378827054e-07, 5.98261863161e-07, 1.66368849364e-07, 3.42527528119e-07, 2.90489978738e-08, 1.39849845482e-07, 3.25564826653e-07, 4.50812137842e-07, 1.7618519621e-07, 1.0780088644e-07, 2.21091937647e-07, 2.92127651846e-07, 1.97522254552e-07, 3.93611884419e-07, 2.61369308419e-07, 2.05998730962e-07, 1.60456750109e-07, 2.00509205683e-07, 9.46934335389e-08, 9.37073920682e-08, 7.08179825892e-08, 5.05929961037e-07, 5.75080321141e-07, 2.34287838907e-07, 1.11347858933e-07, 3.16428625524e-08, 9.10220450123e-08, 1.37630237873e-07, 2.39488144871e-07, 1.72018530975e-07, 2.00180387822e-08, 2.54265515309e-08, 1.72268357801e-07, 4.25661170311e-07, 1.32420979071e-07, 1.24993150052e-07, 7.28909981262e-08, 1.80799730742e-08, 4.99752417227e-08, 7.35669303253e-08, 1.3014663125e-07, 4.58328131003e-08, 4.9611319497e-08, 8.45900629542e-08, 3.93011276856e-08, 1.89502387116e-08, 1.51096841705e-08, 1.09072963994e-08, 2.53231249303e-08, 3.77893307757e-08, 3.3165793667e-08, 2.16974829215e-08, 1.29503296975e-08, 1.35164919257e-08, 1.07800364191e-08, 4.11827816293e-09, 7.09800396237e-09, 2.24848051289e-09, 1.60038982067e-10, 1.29373223245e-09, 2.92957014203e-09, 1.37961786439e-09, 2.41806441537e-09, 2.98723712433e-09, 5.79590653249e-10, 5.52375367668e-10, 4.11413703105e-09, 3.01842617567e-09, 1.93160643036e-09, 1.23891852333e-09, 1.11638687184e-09, 1.60124802306e-09, 1.66669600343e-09, 2.27201590874e-09, 3.67660540901e-10, 3.17454507126e-10, 1.30788213593e-09, 8.18525414115e-10, 4.22984702819e-10, 3.00715630175e-09, 1.09580600149e-09, 1.2571728103e-09, 4.24513479924e-11, 1.33828321688e-12, 1.65092439719e-10, 1.02613681441e-10, 5.54896094351e-11, 6.01928090704e-11, 5.08329576349e-12, 1.38300590598e-12, 2.87202173935e-13, 1.66799882825e-13, 1.35392009561e-13, 7.93597297794e-14, 6.37066015718e-14, 5.78700431217e-14, 4.64119065716e-14, 4.88403601958e-14, 5.36787343633e-14, 5.23766753168e-14, 5.51370540479e-14, 4.42022381696e-14, 5.37864871186e-14, 4.88076410071e-14, 5.05972217249e-14, 2.99419167303e-14, 1.56562368186e-14, 2.69385530457e-15, 1.06512447588e-16],
        "stdev": [1.51301701408e-05, 9.02367100934e-05, 0.000440402043751, 0.000686357205268, 0.000735067238566, 0.000967608299106, 0.00104470353108, 0.000838324369397, 0.000566589878872, 0.000587978458498, 0.000524489325471, 0.000415654736571, 0.000324441149132, 0.000254321261309, 0.000356786680641, 0.000566501286812, 0.000296637561405, 0.000271269294899, 0.000487805373268, 0.000272335892078, 0.000397030031309, 0.000607224064879, 0.000526843883563, 0.000469695194624, 0.000316596211633, 0.00081008055713, 0.000992035376839, 0.00026822797372, 0.000334440846927, 0.000161570482305, 0.000271294236882, 0.000326391338604, 0.000148476785398, 0.000282977358438, 0.000596318102907, 0.000484110118123, 0.000286107300781, 0.000279091618722, 0.000124600002891, 0.000274366902886, 0.00052194239106, 0.000574701291043, 0.000487707613502, 0.000316781079164, 0.000883075932506, 0.000917608384043, 0.00064307032153, 0.000575721496716, 0.00036279624328, 0.000105892759166, 0.000282340362901, 0.000110231987492, 0.000223207112867, 0.000196243388928, 0.000273592042504, 0.000202633207664, 8.57830236782e-05, 4.09994245274e-05, 7.11167886038e-05, 9.13939584279e-05, 6.96596689522e-05, 7.68912796048e-05, 4.7077130148e-05, 8.15826642793e-05, 7.05294733052e-05, 6.13777519902e-05, 3.1325409509e-05, 3.06717847707e-05, 1.97550198209e-05, 1.80738516065e-05, 2.06778095162e-05, 1.99816895474e-05, 9.86290979199e-06, 5.74684145249e-06, 3.80169808523e-06, 3.02127250507e-06, 3.34221340381e-06, 2.18770924221e-06, 1.56157466336e-06, 1.07595269583e-06, 2.19729213313e-06, 1.90780724552e-06, 4.13226325691e-06, 4.8312740546e-06, 3.57283647645e-06, 2.01103171094e-06, 2.42255850935e-06, 1.51783353886e-06, 1.54637450578e-06, 2.1998084776e-06, 1.9193191747e-06, 1.53879534537e-06, 1.32038212541e-06, 1.22264646052e-06, 1.53358030275e-06, 3.53327732228e-06, 5.87767772231e-06, 6.7491819209e-06, 2.80045333056e-06, 1.53104838319e-06, 1.15329942219e-06, 8.95928678801e-07, 5.31370233148e-07, 5.70400970901e-07, 5.67344329738e-07, 5.49289666196e-07, 5.046713909e-07, 4.19676780439e-07, 2.80045213685e-07, 2.81679376712e-07, 2.56417024502e-07, 1.97129239154e-07, 1.67386104977e-07, 2.19539799673e-08, 2.64277022488e-09, 2.54459386895e-09, 8.24313228787e-10, 3.81256609616e-10, 3.71267683263e-10, 3.61726620879e-10, 3.53914841877e-10, 3.46179640509e-10, 3.40035916091e-10, 3.33597816038e-10, 3.28821886386e-10, 3.25042465166e-10, 3.22237708739e-10, 3.20586612812e-10]
    },
    "mfcc": {
        "mean": [-624.544250488, 121.763252258, -33.3120918274, 9.95131969452, 6.4035949707, -5.24413871765, 6.04660606384, -1.03952121735, -7.91919994354, 6.26453542709, -2.38843584061, -4.04352664948, 1.42962992191],
        "cov": [[1144.17041016, -336.326843262, -69.5476379395, -38.6629638672, 13.2493095398, -31.9733448029, 15.6048784256, 0.179866418242, -61.5329475403, 61.0503730774, 25.8686656952, -71.3638000488, -38.5204315186], [-336.326843262, 506.038116455, -86.2127761841, 20.3272609711, -23.0074520111, 34.8198509216, 79.5503768921, 8.1190366745, 28.2187862396, 11.737745285, 20.8641986847, -18.1232891083, -27.9848613739], [-69.5476379395, -86.2127761841, 517.698120117, 17.5698642731, 11.1332941055, -6.48497200012, -69.1665267944, 22.97722435, 49.3753852844, -92.1293487549, -2.3310546875, 48.8192062378, 12.0927314758], [-38.6629638672, 20.3272609711, 17.5698642731, 266.293182373, 112.234901428, -53.8184165955, -64.1331558228, 22.5831184387, 63.363079071, -22.8261451721, -68.4957733154, 61.6210174561, 36.8889274597], [13.2493095398, -23.0074520111, 11.1332941055, 112.234901428, 254.614959717, -3.91356825829, -6.59446287155, -5.22869825363, 30.4198265076, 12.1859836578, -53.0572052002, 19.4778079987, 7.7855887413], [-31.9733448029, 34.8198509216, -6.48497200012, -53.8184165955, -3.91356825829, 178.458236694, 88.9426193237, -21.4106655121, -26.6732196808, 13.2529726028, 37.1845855713, -35.347278595, -23.0855789185], [15.6048784256, 79.5503768921, -69.1665267944, -64.1331558228, -6.59446287155, 88.9426193237, 206.164016724, 0.729223310947, -48.0777893066, 58.3384208679, 45.0054397583, -44.0734901428, -37.2840690613], [0.179866418242, 8.1190366745, 22.97722435, 22.5831184387, -5.22869825363, -21.4106655121, 0.729223310947, 81.9844207764, 25.8285064697, -6.01408481598, -0.477448105812, 10.4422502518, 8.60318851471], [-61.5329475403, 28.2187862396, 49.3753852844, 63.363079071, 30.4198265076, -26.6732196808, -48.0777893066, 25.8285064697, 115.804138184, -10.5344257355, -22.7502288818, 30.1096591949, 17.2501354218], [61.0503730774, 11.737745285, -92.1293487549, -22.8261451721, 12.1859836578, 13.2529726028, 58.3384208679, -6.01408481598, -10.5344257355, 116.818725586, 42.6240615845, -24.2541294098, -18.2019634247], [25.8686656952, 20.8641986847, -2.3310546875, -68.4957733154, -53.0572052002, 37.1845855713, 45.0054397583, -0.477448105812, -22.7502288818, 42.6240615845, 107.848999023, -7.95946359634, -28.2466163635], [-71.3638000488, -18.1232891083, 48.8192062378, 61.6210174561, 19.4778079987, -35.347278595, -44.0734901428, 10.4422502518, 30.1096591949, -24.2541294098, -7.95946359634, 103.79385376, 47.1794471741], [-38.5204315186, -27.9848613739, 12.0927314758, 36.8889274597, 7.7855887413, -23.0855789185, -37.2840690613, 8.60318851471, 17.2501354218, -18.2019634247, -28.2466163635, 47.1794471741, 90.3287658691]],
        "icov": [[0.00126890512183, 0.000951529771555, 0.00017746676167, -0.000261582725216, -7.29783714633e-05, 0.000418407376856, -0.000220182337216, -0.000186187986401, 0.000178089932888, -0.000175937617314, -0.000500864640344, 0.000953963666689, 0.000234707360505], [0.000951529771555, 0.00310694449581, 0.000603733060416, -0.000773269275669, 0.000332459516358, 0.000289540796075, -0.00135381298605, 5.97726611886e-05, -0.001150225522, 0.000666298146825, -0.000945003528614, 0.000950350775383, 0.000646198110189], [0.00017746676167, 0.000603733060416, 0.00261309510097, 0.000167636913829, -0.000357385782991, -0.000160308365594, 0.000104924227344, -0.000406044244301, -0.00104020233266, 0.00223103933968, -0.00118309771642, -0.000471187318908, 0.000440610252554], [-0.000261582725216, -0.000773269275669, 0.000167636913829, 0.0065688919276, -0.00202093855478, 0.000177278794581, 0.000929939211346, -0.00115620729048, -0.00116497499403, -0.00037015977432, 0.00267126620747, -0.00297474465333, 0.000194206877495], [-7.29783714633e-05, 0.000332459516358, -0.000357385782991, -0.00202093855478, 0.00561376335099, -0.000745210738387, -0.000538164225873, 0.000820234999992, -0.000488732941449, -0.00192430138122, 0.00275527173653, -0.000765164091717, 0.000937296194024], [0.000418407376856, 0.000289540796075, -0.000160308365594, 0.000177278794581, -0.000745210738387, 0.00838628131896, -0.00352407968603, 0.00223455950618, -0.000569405325223, 0.00198628357612, -0.00277585792355, 0.00238453131169, -0.000847196904942], [-0.000220182337216, -0.00135381298605, 0.000104924227344, 0.000929939211346, -0.000538164225873, -0.00352407968603, 0.00893998146057, -0.00243199476972, 0.00287379813381, -0.00333202537149, 0.0003209860879, -0.000141791955684, 0.00111447181553], [-0.000186187986401, 5.97726611886e-05, -0.000406044244301, -0.00115620729048, 0.000820234999992, 0.00223455950618, -0.00243199476972, 0.014500785619, -0.00340921408497, 0.00135739869438, -0.00155199260917, 0.000665872357786, -0.00132740382105], [0.000178089932888, -0.001150225522, -0.00104020233266, -0.00116497499403, -0.000488732941449, -0.000569405325223, 0.00287379813381, -0.00340921408497, 0.0125359371305, -0.00228540995158, 0.00165034399834, -0.00158593710512, 0.000232002406847], [-0.000175937617314, 0.000666298146825, 0.00223103933968, -0.00037015977432, -0.00192430138122, 0.00198628357612, -0.00333202537149, 0.00135739869438, -0.00228540995158, 0.0146760717034, -0.00685346499085, 0.00266904663295, -0.000990636763163], [-0.000500864640344, -0.000945003528614, -0.00118309771642, 0.00267126620747, 0.00275527173653, -0.00277585792355, 0.0003209860879, -0.00155199260917, 0.00165034399834, -0.00685346499085, 0.0172367095947, -0.00549339456484, 0.0044576311484], [0.000953963666689, 0.000950350775383, -0.000471187318908, -0.00297474465333, -0.000765164091717, 0.00238453131169, -0.000141791955684, 0.000665872357786, -0.00158593710512, 0.00266904663295, -0.00549339456484, 0.0172865502536, -0.00737344566733], [0.000234707360505, 0.000646198110189, 0.000440610252554, 0.000194206877495, 0.000937296194024, -0.000847196904942, 0.00111447181553, -0.00132740382105, 0.000232002406847, -0.000990636763163, 0.0044576311484, -0.00737344566733, 0.0165230147541]]
    },
    "spectral_contrast_coeffs": {
        "max": [-0.468584060669, -0.499944478273, -0.519059419632, -0.559334397316, -0.598432838917, -0.66326546669],
        "mean": [-0.732102096081, -0.731699883938, -0.699938416481, -0.70933920145, -0.73064917326, -0.780856430531],
        "min": [-0.919387638569, -0.897493064404, -0.862162590027, -0.868568599224, -0.904721975327, -0.879151761532],
        "stdev": [0.0606090761721, 0.0580631755292, 0.0592715106905, 0.0590062737465, 0.0470149628818, 0.0373127125204]
    },
    "spectral_contrast_valleys": {
        "max": [-5.38698387146, -5.05391454697, -5.71987009048, -5.96172809601, -5.81151580811, -8.24530982971],
        "mean": [-6.963367939, -6.75781202316, -7.24383831024, -7.3521695137, -7.52860403061, -10.3970918655],
        "min": [-9.58669567108, -8.27029514313, -8.65957927704, -9.17838001251, -9.31414413452, -12.5746831894],
        "stdev": [0.55620008707, 0.492595344782, 0.486001670361, 0.420026272535, 0.427739232779, 0.705363035202]
    }
},
"rhythm": {
    "beats_count": 56,
    "beats_loudness": {
        "max": 0.0485037565231,
        "mean": 0.0255188923329,
        "min": 0.00728819193318,
        "stdev": 0.0115258581936
    },
    "bpm": 105.969703674,
    "bpm_histogram_first_peak_bpm": 105,
    "bpm_histogram_first_peak_weight": 0.489795923233,
    "bpm_histogram_second_peak_bpm": 99,
    "bpm_histogram_second_peak_spread": 0,
    "bpm_histogram_second_peak_weight": 0.0909090936184,
    "danceability": 1.22379481792,
    "onset_rate": 3.81445288658,
    "beats_loudness_band_ratio": {
        "max": [0.431188762188, 0.426645308733, 0.554203093052, 0.687649190426, 0.647872745991, 0.149242714047],
        "mean": [0.132855340838, 0.167017802596, 0.189092293382, 0.239271178842, 0.23062607646, 0.0655036643147],
        "min": [0.0191827937961, 0.0144965341315, 0.0197256002575, 0.0290392581373, 0.0199466384947, 0.0138074941933],
        "stdev": [0.104691490531, 0.103924185038, 0.135190963745, 0.159943416715, 0.170354828238, 0.0362053178251]
    },
    "beats_position": [0.592108845711, 1.18421769142, 1.78793644905, 2.39165520668, 2.99537420273, 3.59909296036, 4.17959165573, 4.76009082794, 5.32897949219, 5.89786815643, 6.47836732864, 7.03564596176, 7.59292507172, 8.16181373596, 8.73070240021, 9.287981987, 9.85687065125, 10.4257593155, 10.9946479797, 11.5635375977, 12.1208162308, 12.6780948639, 13.2469835281, 13.8158731461, 14.3847618103, 14.9536504745, 15.5573692322, 16.1030387878, 16.6603164673, 17.2292060852, 17.786485672, 18.3437633514, 18.9126529694, 19.4815406799, 20.062040329, 20.6193199158, 21.1765975952, 21.733877182, 22.3027667999, 22.8716545105, 23.4405441284, 24.009431839, 24.5783214569, 25.1472110748, 25.7044887543, 26.2617683411, 26.830657959, 27.3995456696, 27.9684352875, 28.537322998, 29.1178226471, 29.6751022339, 30.2323799133, 30.8128795624, 31.3701572418, 31.9274368286],
