{
"metadata": {
    "version": {
        "essentia": "2.1-beta5",
        "essentia_git_sha": "Undefined",
        "extractor": "music 2.0"
    },
    "audio_properties": {
        "analysis": {
            "equal_loudness": 0,
            "length": 12.7477550507,
            "sample_rate": 44100,
            "start_time": 0,
            "downmix": "mix"
        },
        "bit_rate": 192000,
        "length": 203.1978302,
        "lossless": 0,
        "number_channels": 2,
        "replay_gain": 8.52152061462,
        "sample_rate": 48000,
        "codec": "mp3",
        "md5_encoded": "3471552bd17fedcf3e968dff0e979772"
    },
    "tags": {
        "file_name": "Belgium_Liefde Is Een Kaartspel_Lisa del Bo.mp3",
        "encoding": ["Lavf58.29.100"]
    }
},
"lowlevel": {
    "average_loudness": 0.000592339376453,
    "barkbands_crest": {
        "max": 15.7860565186,
        "mean": 6.82616949081,
        "min": 2.6503841877,
        "stdev": 1.36344134808
    },
    "barkbands_flatness_db": {
        "max": 0.206639260054,
        "mean": 0.0851591229439,
        "min": 0.0549603700638,
        "stdev": 0.026285674423
    },
    "barkbands_kurtosis": {
        "max": 6.15521335602,
        "mean": 2.83318829536,
        "min": -1.59462416172,
        "stdev": 1.24809598923
    },
    "barkbands_skewness": {
        "max": 1.7744218111,
        "mean": -1.41932153702,
        "min": -2.27004408836,
        "stdev": 0.986191630363
    },
    "barkbands_spread": {
        "max": 48.337146759,
        "mean": 24.5794677734,
        "min": 6.28877353668,
        "stdev": 5.58247327805
    },
    "dissonance": {
        "max": 0.5,
        "mean": 0.490702688694,
        "min": 0.41765615344,
        "stdev": 0.0108788199723
    },
    "dynamic_complexity": 5.26938533783,
    "erbbands_crest": {
        "max": 20.6326694489,
        "mean": 4.23951148987,
        "min": 2.55360531807,
        "stdev": 2.18600392342
    },
    "erbbands_flatness_db": {
        "max": 0.27426353097,
        "mean": 0.118576936424,
        "min": 0.0828980877995,
        "stdev": 0.0452419742942
    },
    "erbbands_kurtosis": {
        "max": 1.95443964005,
        "mean": 0.083982989192,
        "min": -1.54961383343,
        "stdev": 0.409682124853
    },
    "erbbands_skewness": {
        "max": 1.50690615177,
        "mean": -0.463588148355,
        "min": -1.53977704048,
        "stdev": 0.464562803507
    },
    "erbbands_spread": {
        "max": 45.9765853882,
        "mean": 34.2274398804,
        "min": 11.6582355499,
        "stdev": 6.1389541626
    },
    "hfc": {
        "max": 488.9034729,
        "mean": 8.62569522858,
        "min": 1.05634511173e-16,
        "stdev": 42.4680328369
    },
    "loudness_ebu128": {
        "integrated": -29.1890583038,
        "loudness_range": 14.2121372223,
        "momentary": {
            "max": -25.1958637238,
            "mean": -254.404174805,
            "min": -300.691009521,
            "stdev": 100.464645386
        },
        "short_term": {
            "max": -30.9191093445,
            "mean": -243.814941406,
            "min": -300.691009521,
            "stdev": 106.80632019
        }
    },
    "melbands_crest": {
        "max": 20.3349819183,
        "mean": 3.66691613197,
        "min": 1.40942692757,
        "stdev": 3.30150103569
    },
    "melbands_flatness_db": {
        "max": 0.248290792108,
        "mean": 0.0286920350045,
        "min": 0.00200499547645,
        "stdev": 0.0537073798478
    },
    "melbands_kurtosis": {
        "max": 9.47849655151,
        "mean": -0.546941399574,
        "min": -1.50763916969,
        "stdev": 1.71207630634
    },
    "melbands_skewness": {
        "max": 2.78828001022,
        "mean": 0.202081978321,
        "min": -0.376961320639,
        "stdev": 0.52621781826
    },
    "melbands_spread": {
        "max": 162.804855347,
        "mean": 114.199050903,
        "min": 10.274518013,
        "stdev": 40.5337677002
    },
    "pitch_salience": {
        "max": 0.926907241344,
        "mean": 0.782245755196,
        "min": 0.586574554443,
        "stdev": 0.0318153053522
    },
    "silence_rate_20dB": {
        "max": 1,
        "mean": 1,
        "min": 1,
        "stdev": 0
    },
    "silence_rate_30dB": {
        "max": 1,
        "mean": 0.992727279663,
        "min": 0,
        "stdev": 0.0849696174264
    },
    "silence_rate_60dB": {
        "max": 1,
        "mean": 0.856363654137,
        "min": 0,
        "stdev": 0.350720822811
    },
    "spectral_centroid": {
        "max": 11831.71875,
        "mean": 9480.55957031,
        "min": 615.781188965,
        "stdev": 3440.91894531
    },
    "spectral_complexity": {
        "max": 58,
        "mean": 4.69272708893,
        "min": 0,
        "stdev": 12.2817707062
    },
    "spectral_decrease": {
        "max": 2.14465178964e-28,
        "mean": -1.05813136031e-09,
        "min": -3.02203346791e-08,
        "stdev": 3.46133122164e-09
    },
    "spectral_energy": {
        "max": 0.133156254888,
        "mean": 0.00477600935847,
        "min": 9.4707074882e-21,
        "stdev": 0.0162310879678
    },
    "spectral_energyband_high": {
        "max": 0.0676649957895,
        "mean": 0.000728237908334,
        "min": 6.90979427803e-21,
        "stdev": 0.00607293145731
    },
    "spectral_energyband_low": {
        "max": 0.00928557664156,
        "mean": 0.000128958447021,
        "min": 8.13410335478e-24,
        "stdev": 0.000832227990031
    },
    "spectral_energyband_middle_high": {
        "max": 0.0457394644618,
        "mean": 0.00220239837654,
        "min": 1.18487412835e-21,
        "stdev": 0.00713548297063
    },
    "spectral_energyband_middle_low": {
        "max": 0.0896636992693,
        "mean": 0.00188173505012,
        "min": 1.0514892982e-22,
        "stdev": 0.0068987775594
    },
    "spectral_entropy": {
        "max": 9.82960224152,
        "mean": 9.46383285522,
        "min": 6.94884347916,
        "stdev": 0.768669188023
    },
    "spectral_flux": {
        "max": 0.237319752574,
        "mean": 0.0161218140274,
        "min": 6.2172163251e-11,
        "stdev": 0.0430623032153
    },
    "spectral_kurtosis": {
        "max": 18.8652095795,
        "mean": -0.103568047285,
        "min": -1.28131246567,
        "stdev": 2.69898200035
    },
    "spectral_rms": {
        "max": 0.0113977426663,
        "mean": 0.000757177069318,
        "min": 3.03968981062e-12,
        "stdev": 0.00202143588103
    },
    "spectral_rolloff": {
        "max": 19896.6796875,
        "mean": 16098.265625,
        "min": 689.0625,
        "stdev": 6097.93359375
    },
    "spectral_skewness": {
        "max": 3.17574596405,
        "mean": 0.271984547377,
        "min": -0.105765722692,
        "stdev": 0.637971878052
    },
    "spectral_spread": {
        "max": 43458508,
        "mean": 34445284,
        "min": 2094129.375,
        "stdev": 13731493
    },
    "spectral_strongpeak": {
        "max": 7.60874938965,
        "mean": 0.231078982353,
        "min": 0,
        "stdev": 0.727501571178
    },
    "zerocrossingrate": {
        "max": 0.736328125,
        "mean": 0.433514744043,
        "min": 0.03271484375,
        "stdev": 0.156301021576
    },
    "barkbands": {
        "max": [8.68002971401e-05, 0.0053178537637, 0.00684111006558, 0.00638384232298, 0.0052258563228, 0.00839827209711, 0.0231754425913, 0.036024980247, 0.0323741137981, 0.0208734236658, 0.00591755937785, 0.0087964553386, 0.00638333056122, 0.00873613543808, 0.00567774055526, 0.00961189903319, 0.00492875277996, 0.00511215813458, 0.00234981602989, 0.0229412596673, 0.0332110263407, 0.0158161986619, 0.0176757909358, 0.00829850137234, 0.000277734623523, 4.22646990046e-05, 3.3436188005e-06],
        "mean": [1.18096772894e-06, 4.82444884256e-05, 4.35156725871e-05, 7.48490929254e-05, 7.54818975111e-05, 0.000138944204082, 0.000260895874817, 0.000326725596096, 0.000809405581094, 0.000592891534325, 0.000176101166289, 0.00015761659597, 0.000205716860364, 0.000271819415502, 0.000238929249463, 0.000214182640775, 0.000149221945321, 9.98400864773e-05, 6.56243937556e-05, 0.000216313259443, 0.000332004972734, 0.000123682315461, 9.57997253863e-05, 4.87442157464e-05, 6.83470307195e-06, 1.43628881233e-06, 6.48487930022e-09],
        "min": [1.73771253952e-25, 2.02759656292e-24, 1.05163776971e-24, 4.41118741552e-25, 5.58334843901e-24, 6.78418248566e-24, 4.03065324079e-24, 4.60243540211e-24, 8.73315722645e-24, 1.08250435866e-23, 1.50140645984e-23, 1.51435292947e-23, 2.06403389036e-23, 2.24242515997e-23, 3.55210276332e-23, 3.9979921905e-23, 5.47446370376e-23, 7.23316219655e-23, 1.10783422478e-22, 1.51212897281e-22, 2.43743176507e-22, 3.10776764456e-22, 3.53030274998e-22, 5.71052244104e-22, 8.20502886058e-22, 1.21071231436e-21, 1.85934368948e-21],
        "stdev": [6.10581037108e-06, 0.000359571218723, 0.000367537635611, 0.000499720568769, 0.000372370675905, 0.000689149601385, 0.00155939313117, 0.00211780867539, 0.00310738035478, 0.0021408086177, 0.00071961566573, 0.000641719612759, 0.000715773145203, 0.000950906018261, 0.000781908398494, 0.000835281272884, 0.000536011299118, 0.00037317245733, 0.000238573440583, 0.00170546665322, 0.00289343274198, 0.0010606063297, 0.000946177809965, 0.000472785410238, 2.66410788754e-05, 5.26266740053e-06, 1.42430195638e-07]
    },
    "erbbands": {
        "max": [0.070001102984, 1.42646110058, 5.93012857437, 12.6900033951, 13.5287370682, 30.6100273132, 40.5235328674, 99.4451980591, 159.250106812, 550.10168457, 812.704467773, 805.235717773, 501.424133301, 428.913665771, 207.32258606, 395.024353027, 240.201370239, 351.162658691, 471.745880127, 433.36505127, 351.278045654, 230.029907227, 281.20715332, 205.195983887, 283.899536133, 1366.26818848, 1940.56567383, 1239.22558594, 560.481323242, 290.464080811, 480.878570557, 361.217926025, 69.2249298096, 7.22251701355, 0.906542360783, 0.352844268084, 0.0252948999405, 0.00240285717882, 0.000507247168571, 0.000307679641992],
        "mean": [0.000643328996375, 0.0134227462113, 0.046175211668, 0.163648739457, 0.207555517554, 0.299053519964, 0.550944805145, 1.33943927288, 2.94521450996, 5.75372219086, 7.05576515198, 19.5102291107, 21.1525592804, 12.496922493, 6.34205245972, 6.90028238297, 9.00432777405, 13.0520629883, 14.1559991837, 11.4073400497, 11.7200183868, 8.23878860474, 5.7506570816, 3.91747379303, 4.7890253067, 12.1407737732, 15.3711538315, 9.63352584839, 4.45911931992, 2.70356273651, 2.62630343437, 1.87976515293, 0.457837671041, 0.113668978214, 0.0367484986782, 0.0126637192443, 0.000976435141638, 3.23010317516e-05, 7.05855700289e-06, 7.30950887373e-06],
        "min": [5.79479676709e-23, 4.09292566821e-22, 1.60258771592e-21, 2.2014981853e-21, 3.0772625322e-21, 1.94332255493e-20, 3.48652298418e-20, 6.02492831907e-20, 1.07805958096e-19, 1.11240528321e-19, 2.6376031604e-19, 2.23745014468e-19, 2.99886447016e-19, 5.6717375779e-19, 5.86571143154e-19, 8.21714086077e-19, 1.08651652044e-18, 1.44385306499e-18, 2.39108694934e-18, 2.18391563582e-18, 3.62488535599e-18, 3.9611723253e-18, 4.15008424719e-18, 4.77113393263e-18, 6.17801553976e-18, 7.51958131136e-18, 9.64184634895e-18, 9.64338490489e-18, 9.79487476227e-18, 1.03408793138e-17, 9.55389967904e-18, 1.02735889982e-17, 9.28398568208e-18, 6.83756634682e-18, 6.16282974449e-18, 3.95529065756e-18, 2.15871702602e-18, 8.47580178928e-19, 2.49604903464e-19, 2.66668198397e-20],
        "stdev": [0.00469992263243, 0.0976754054427, 0.329010784626, 1.06139552593, 1.06243181229, 1.82492208481, 2.82832050323, 6.74800205231, 15.8346261978, 36.1674537659, 41.9833335876, 76.3129348755, 70.7749404907, 48.0332145691, 23.4033203125, 27.9481830597, 31.1269016266, 45.7332763672, 47.6474838257, 40.2859268188, 43.0482711792, 28.6801242828, 21.7979068756, 14.0629501343, 24.3340053558, 102.175758362, 137.576278687, 88.2606201172, 37.0239105225, 22.4547252655, 25.9697093964, 19.6560459137, 3.82552409172, 0.553324520588, 0.128445774317, 0.0453269630671, 0.00358988833614, 0.000150227278937, 3.5992332414e-05, 2.85382811853e-05]
    },
    "gfcc": {
        "mean": [-1064.35107422, 10.5991649628, -29.9934558868, 1.57255625725, -12.9461126328, 2.23310995102, -6.55637741089, 2.56376791, -2.43487548828, 0.290789276361, -2.95531201363, -1.73683476448, -0.636478662491],
        "cov": [[209813.75, 11317.5419922, -31128.203125, 1717.29370117, -13441.8496094, 2425.10839844, -6717.66552734, 2656.40380859, -2527.92041016, 257.482116699, -3081.43286133, -1791.0670166, -526.000244141], [11317.5419922, 1103.94055176, -1496.71228027, 140.239379883, -664.306213379, 41.5428123474, -421.838867188, 106.254577637, -113.981292725, -7.46503400803, -145.373428345, -156.792831421, -71.2009963989], [-31128.203125, -1496.71228027, 4739.18896484, -205.112335205, 2019.23583984, -389.147979736, 980.340515137, -415.150695801, 376.522888184, -50.2395973206, 463.36618042, 246.640487671, 68.3866577148], [1717.29370117, 140.239379883, -205.112335205, 67.8600234985, -107.958389282, 7.90586471558, -55.4039573669, 9.32862758636, -22.2512359619, -5.58947992325, -22.9194469452, -24.8336811066, -1.94680070877], [-13441.8496094, -664.306213379, 2019.23583984, -107.958389282, 885.85925293, -157.887329102, 422.478363037, -167.479690552, 163.448501587, -17.4697055817, 196.757492065, 111.816459656, 29.7053089142], [2425.10839844, 41.5428123474, -389.147979736, 7.90586471558, -157.887329102, 68.8173904419, -58.4461593628, 41.2894935608, -34.6142120361, 4.21302843094, -41.8490943909, -6.55886030197, 6.2758898735], [-6717.66552734, -421.838867188, 980.340515137, -55.4039573669, 422.478363037, -58.4461593628, 236.613204956, -80.4623641968, 81.0701217651, -6.25836372375, 98.2944869995, 63.505771637, 26.9784965515], [2656.40380859, 106.254577637, -415.150695801, 9.32862758636, -167.479690552, 41.2894935608, -80.4623641968, 52.1232948303, -33.6253395081, 7.64074039459, -41.3269424438, -13.6811122894, -3.56649708748], [-2527.92041016, -113.981292725, 376.522888184, -22.2512359619, 163.448501587, -34.6142120361, 81.0701217651, -33.6253395081, 44.6069259644, -0.823422074318, 42.2427749634, 14.7350502014, 2.50892090797], [257.482116699, -7.46503400803, -50.2395973206, -5.58947992325, -17.4697055817, 4.21302843094, -6.25836372375, 7.64074039459, -0.823422074318, 10.7298669815, -1.40892875195, -0.110518090427, -0.788278639317], [-3081.43286133, -145.373428345, 463.36618042, -22.9194469452, 196.757492065, -41.8490943909, 98.2944869995, -41.3269424438, 42.2427749634, -1.40892875195, 54.7999534607, 23.7362689972, 6.08654499054], [-1791.0670166, -156.792831421, 246.640487671, -24.8336811066, 111.816459656, -6.55886030197, 63.505771637, -13.6811122894, 14.7350502014, -0.110518090427, 23.7362689972, 32.3650474548, 13.8954820633], [-526.000244141, -71.2009963989, 68.3866577148, -1.94680070877, 29.7053089142, 6.2758898735, 26.9784965515, -3.56649708748, 2.50892090797, -0.788278639317, 6.08654499054, 13.8954820633, 16.9587440491]],
        "icov": [[0.00197113677859, -0.00472694728523, 0.00593706220388, -0.00555676966906, 0.00860807765275, -0.00585473095998, 0.00345727754757, -0.000881829066202, -0.000190584003576, -0.0059552914463, 0.00608846964315, -0.00609826296568, 0.000678493932355], [-0.00472694728523, 0.0188937671483, -0.0167565867305, 0.0132258236408, -0.0213835034519, 0.0118280416355, 0.0125470682979, -0.00520303146914, 0.00152897648513, 0.0231468789279, -0.0255844723433, 0.0387916490436, -0.00792678352445], [0.00593706220388, -0.0167565867305, 0.0416815169156, -0.0285580288619, -0.00877983216196, -0.00222017080523, -0.0162984412163, 0.0213358830661, 0.00490359216928, -0.00942787807435, 0.0109575390816, -0.0381079874933, 0.0151778887957], [-0.00555676966906, 0.0132258236408, -0.0285580288619, 0.0506062246859, -0.00493337074295, 0.013668964617, -0.000241491565248, -0.00592889124528, 0.0129935126752, 0.0227249804884, -0.0191581193358, 0.0516613796353, -0.0294520109892], [0.00860807765275, -0.0213835034519, -0.00877983216196, -0.00493337074295, 0.10763028264, -0.0369182936847, 0.0255171488971, -0.0315019749105, -0.0181710347533, -0.0344209745526, 0.04081075266, -0.0284843370318, -0.000250899989624], [-0.00585473095998, 0.0118280416355, -0.00222017080523, 0.013668964617, -0.0369182936847, 0.0778638347983, -0.0514813549817, 0.00101794418879, 0.00878408178687, 0.0251968130469, 0.00674459012225, -0.0012389178155, -0.00498083187267], [0.00345727754757, 0.0125470682979, -0.0162984412163, -0.000241491565248, 0.0255171488971, -0.0514813549817, 0.139466822147, -0.0243811253458, -0.0227716360241, 0.000350811926182, -0.0325950235128, 0.050871770829, -0.053632132709], [-0.000881829066202, -0.00520303146914, 0.0213358830661, -0.00592889124528, -0.0315019749105, 0.00101794418879, -0.0243811253458, 0.107489556074, -0.00421875575557, -0.0249472372234, 0.0186429582536, -0.060315284878, 0.0224743764848], [-0.000190584003576, 0.00152897648513, 0.00490359216928, 0.0129935126752, -0.0181710347533, 0.00878408178687, -0.0227716360241, -0.00421875575557, 0.124870620668, -0.005415327847, -0.0563676469028, 0.0631464123726, -0.00409260112792], [-0.0059552914463, 0.0231468789279, -0.00942787807435, 0.0227249804884, -0.0344209745526, 0.0251968130469, 0.000350811926182, -0.0249472372234, -0.005415327847, 0.162844628096, -0.0691041946411, 0.0383417345583, 1.62370706676e-05], [0.00608846964315, -0.0255844723433, 0.0109575390816, -0.0191581193358, 0.04081075266, 0.00674459012225, -0.0325950235128, 0.0186429582536, -0.0563676469028, -0.0691041946411, 0.197445482016, -0.0792744755745, 0.0160522144288], [-0.00609826296568, 0.0387916490436, -0.0381079874933, 0.0516613796353, -0.0284843370318, -0.0012389178155, 0.050871770829, -0.060315284878, 0.0631464123726, 0.0383417345583, -0.0792744755745, 0.256275624037, -0.0990314632654], [0.000678493932355, -0.00792678352445, 0.0151778887957, -0.0294520109892, -0.000250899989624, -0.00498083187267, -0.053632132709, 0.0224743764848, -0.00409260112792, 1.62370706676e-05, 0.0160522144288, -0.0990314632654, 0.150461629033]]
    },
    "melbands": {
        "max": [0.00110692484304, 0.00208190712146, 0.00205465429462, 0.00121113669593, 0.00110337825026, 0.00201464165002, 0.003075822955, 0.00706263259053, 0.0054286653176, 0.00560820521787, 0.00286212889478, 0.00216705654748, 0.000656415591948, 0.000706522667315, 0.000920646416489, 0.000790632271674, 0.000749209255446, 0.000863789697178, 0.000366625172319, 0.000806880183518, 0.000400425866246, 0.000244334689341, 0.000181925744982, 0.000278608524241, 0.000162208380061, 8.75228870427e-05, 0.000601286883466, 0.00102387205698, 0.00119979225565, 0.000739276816603, 0.000703958969098, 0.000353733747033, 0.000186578108696, 0.000180301969522, 0.00022865855135, 0.000380718352972, 0.000170843850356, 4.95779604535e-05, 1.38481600516e-05, 2.78220522887e-06],
        "mean": [9.93544017547e-06, 2.37719941651e-05, 3.01080563077e-05, 1.61791231221e-05, 1.86006436707e-05, 3.03553479171e-05, 4.76582099509e-05, 6.87966530677e-05, 5.44021349924e-05, 0.000132965360535, 0.000108879401523, 5.50719705643e-05, 2.18500481424e-05, 1.69984596141e-05, 1.87066816579e-05, 2.14411847992e-05, 2.47012558248e-05, 2.35234856518e-05, 1.71563369804e-05, 1.41235232149e-05, 1.36684766403e-05, 8.79928120412e-06, 5.82094071433e-06, 4.97164046465e-06, 2.91489277515e-06, 2.36686764765e-06, 5.7326096794e-06, 8.0644758782e-06, 9.25942458707e-06, 7.54092479838e-06, 5.14447037858e-06, 2.78439006252e-06, 1.53510723067e-06, 1.43379224937e-06, 1.35406287427e-06, 1.73726732555e-06, 9.62280637395e-07, 3.05249358235e-07, 1.61165914392e-07, 7.09128968879e-08],
        "min": [9.44643579062e-25, 8.63280662513e-25, 5.64334032478e-25, 7.44560054506e-25, 1.36048480132e-24, 1.22801198116e-24, 1.50960584064e-24, 1.33939332312e-24, 1.77410281634e-24, 1.20539208495e-24, 1.32892849157e-24, 1.74128738597e-24, 1.66314203584e-24, 1.68053346057e-24, 1.66832899351e-24, 2.33493519387e-24, 1.98887591703e-24, 2.86124524325e-24, 2.53052990266e-24, 2.9193900112e-24, 3.52588796881e-24, 3.02014608703e-24, 3.41968480843e-24, 3.75725574472e-24, 3.29456791899e-24, 3.7858152705e-24, 3.0188154759e-24, 3.135309524e-24, 3.4497388312e-24, 4.60514119502e-24, 4.77795419251e-24, 4.52340771106e-24, 4.54252496624e-24, 3.79120555706e-24, 4.9327168692e-24, 4.36802972286e-24, 5.6319840804e-24, 4.89102004833e-24, 5.44653234792e-24, 5.38213368792e-24],
        "stdev": [7.52506530262e-05, 0.000153113578563, 0.000176585934241, 8.61245935084e-05, 9.05802662601e-05, 0.000149335348397, 0.000264273607172, 0.000445584213594, 0.000289834977593, 0.000525229261257, 0.000370343856048, 0.000219609966734, 8.3338280092e-05, 6.53826064081e-05, 7.49407699914e-05, 7.79970359872e-05, 8.86944399099e-05, 8.13805236248e-05, 5.65607915632e-05, 5.76389720663e-05, 5.06794858666e-05, 3.07672562485e-05, 2.18881668843e-05, 1.95076936507e-05, 1.06970155684e-05, 8.96012898011e-06, 4.11295404774e-05, 7.04759804648e-05, 8.25133975013e-05, 6.52346716379e-05, 4.98405643157e-05, 2.34813360294e-05, 1.20518907352e-05, 1.22663832371e-05, 1.28421470436e-05, 1.90715800272e-05, 1.00377692434e-05, 2.56131897913e-06, 1.02418812276e-06, 2.79882527821e-07]
    },
    "melbands128": {
        "max": [5.32653139089e-05, 0.000214858562686, 0.00154099287465, 0.00281228264794, 0.00257185730152, 0.00340848043561, 0.00310493586585, 0.00329570379108, 0.00105170009192, 0.00119338510558, 0.00233668275177, 0.000873468990903, 0.00166463549249, 0.00178216409404, 0.00242714211345, 0.00320057477802, 0.00232255272567, 0.00447723222896, 0.00798650830984, 0.00523986620829, 0.00713839428499, 0.0142304254696, 0.00261387531646, 0.00146615947597, 0.00531319063157, 0.0117661589757, 0.00309093855321, 0.00270060123876, 0.00546940742061, 0.00416847318411, 0.00127322727349, 0.00135033077095, 0.000674500828609, 0.000940735102631, 0.000694470072631, 0.000941185629927, 0.00151779793669, 0.00123248016462, 0.00114081054926, 0.000680090510286, 0.00113950809464, 0.0010929654818, 0.000852393452078, 0.00163654191419, 0.000673068629112, 0.000872068107128, 0.000859418010805, 0.000512145401444, 0.000541806221008, 0.0008443230181, 0.00094717432512, 0.00085278833285, 0.000648706918582, 0.000589276547544, 0.000450895779068, 0.000286548223812, 0.000351870316081, 0.000319570419379, 0.000161978037795, 0.000406638107961, 0.000268144358415, 0.000198573645321, 0.000320959923556, 9.26501015783e-05, 7.0019676059e-05, 7.0178815804e-05, 0.000173439082573, 0.000209510471905, 0.000842123990878, 0.00128451886121, 0.00215247133747, 0.000614180404227, 0.000412575172959, 0.001576057286, 0.00222597969696, 0.000785969488788, 0.000731345207896, 0.000991184846498, 0.000665591505822, 0.000907313893549, 0.000320579682011, 0.000312354706693, 0.000212292230572, 0.00012639106717, 0.000225080337259, 0.000195110129425, 0.000187891520909, 0.000278543418972, 0.000133348614327, 0.000216943444684, 0.000683582678903, 0.000288042123429, 0.000179868889973, 0.000247997493716, 0.000106698491436, 4.82275136164e-05, 5.04031886521e-05, 3.05626563204e-05, 1.6862361008e-05, 8.72696091392e-06, 5.37667483513e-06, 3.18669094668e-06, 1.81680331934e-06, 1.934932925e-06, 1.38511802561e-06, 9.485589203e-07, 9.82136953098e-07, 9.24547009618e-07, 7.6603424759e-07, 6.02648356107e-07, 4.22555018531e-07, 7.11067187353e-08, 2.37350903376e-08, 1.948520989e-08, 1.78007031337e-08, 1.68233214026e-08, 1.61595359316e-08, 1.56303787691e-08, 1.51310484142e-08, 1.47506957759e-08, 1.4463304332e-08, 1.4043791019e-08, 1.39143736533e-08, 1.36500828418e-08, 1.34480471203e-08, 1.33010900072e-08, 1.31712765139e-08, 1.31112578572e-08],
        "mean": [7.38016524338e-07, 2.26410429605e-06, 1.30135622385e-05, 2.58729196503e-05, 2.23309743888e-05, 2.28195476666e-05, 3.32676572725e-05, 3.79819393856e-05, 1.85122225957e-05, 1.03485699583e-05, 1.87221303349e-05, 1.65918918356e-05, 1.66716672538e-05, 2.36649902945e-05, 2.74348749372e-05, 3.50630361936e-05, 4.17789269704e-05, 4.80004127894e-05, 5.74470795982e-05, 6.16386823822e-05, 8.05796007626e-05, 7.70448459662e-05, 3.62090904673e-05, 4.53106440546e-05, 0.000113548361696, 0.000213332750718, 9.14509000722e-05, 9.88858519122e-05, 0.00011750205158, 7.02588367858e-05, 3.16372497764e-05, 2.75664115179e-05, 2.03630788747e-05, 1.89697711903e-05, 1.53458167915e-05, 1.64678585861e-05, 1.95876000362e-05, 1.95733191504e-05, 1.754675759e-05, 1.76982321136e-05, 2.55247578025e-05, 2.14809642785e-05, 2.43424092332e-05, 2.65161543211e-05, 2.51659112109e-05, 2.39550881815e-05, 2.03269864869e-05, 1.81653686013e-05, 1.49535962919e-05, 1.46513857544e-05, 1.37798951982e-05, 1.39226867759e-05, 1.49115767272e-05, 1.40888414535e-05, 9.57383599598e-06, 7.97439497546e-06, 8.65691072249e-06, 6.5151916715e-06, 4.51294681625e-06, 4.92535446028e-06, 5.36903507964e-06, 5.0144776651e-06, 3.22307664646e-06, 2.43828026214e-06, 2.03196350412e-06, 1.95236202671e-06, 2.86134309135e-06, 3.30780699187e-06, 5.935021818e-06, 9.54036113399e-06, 1.11708241093e-05, 5.19827017342e-06, 4.10264692619e-06, 1.18854104585e-05, 1.33846288008e-05, 6.89869420967e-06, 5.44437398275e-06, 5.86810756431e-06, 5.11315556651e-06, 4.73827140013e-06, 2.96958751278e-06, 2.20435936171e-06, 1.58667148753e-06, 1.23022368825e-06, 1.82418534678e-06, 1.41645193708e-06, 1.27668181449e-06, 1.5302890688e-06, 9.86410327641e-07, 1.37787947097e-06, 2.53419079854e-06, 1.55165685101e-06, 9.377657193e-07, 1.46531840528e-06, 5.10830545863e-07, 2.9874286156e-07, 3.01746553077e-07, 2.62862641875e-07, 1.63636556749e-07, 1.11978003758e-07, 8.28441883982e-08, 6.52149267921e-08, 5.50128760324e-08, 4.93156555592e-08, 4.00266344514e-08, 2.96746023309e-08, 3.06153502549e-08, 2.78510832175e-08, 2.23293490365e-08, 1.7966851118e-08, 1.02431476634e-08, 1.47690792929e-09, 5.44195834229e-11, 4.26711513346e-11, 4.12422422602e-11, 3.96006942516e-11, 3.29640446883e-11, 3.05613138962e-11, 2.94798040146e-11, 2.87026583057e-11, 2.7962712007e-11, 2.72220093689e-11, 2.69445975948e-11, 2.6279003279e-11, 2.56663891529e-11, 2.49246491502e-11, 2.44433084884e-11, 2.42966324143e-11],
        "min": [8.76459363551e-27, 1.80572294987e-25, 1.39492622193e-25, 1.72513304305e-25, 4.61777874672e-25, 4.36426301065e-25, 2.63839361524e-25, 2.21824062718e-25, 8.90535461662e-26, 3.34313137961e-25, 1.08383719832e-25, 2.21486849333e-25, 2.35427993681e-25, 1.6135200718e-25, 6.38867681563e-25, 1.55051979102e-25, 3.30477252505e-25, 4.19179928132e-25, 1.68183653553e-25, 1.26556474312e-25, 5.30625808783e-25, 3.67859817734e-25, 7.72617815448e-25, 2.70486032341e-25, 6.05767127284e-25, 2.47886745128e-25, 7.29004900746e-25, 6.63546849856e-25, 4.96121082092e-25, 3.79433171422e-25, 4.36901096722e-25, 8.38970040174e-25, 6.1051123816e-25, 4.5754090275e-25, 5.12498130307e-25, 9.45706569132e-25, 9.92879662403e-25, 1.06523151944e-24, 7.29988462383e-25, 2.43897031796e-25, 6.08429582143e-25, 7.25190561054e-25, 1.2823628212e-24, 5.48512835378e-25, 8.69141899039e-25, 9.74467747483e-25, 9.61667591827e-25, 8.52676399795e-25, 9.40031700995e-25, 1.0119155663e-24, 7.03695186071e-25, 1.52657226656e-24, 1.41408523743e-24, 5.7007023455e-25, 1.31299734698e-24, 7.21832577396e-25, 1.48340185352e-24, 1.45572624639e-24, 2.02117661565e-24, 1.51128926982e-24, 1.69272215042e-24, 1.68063778743e-24, 1.96433070718e-24, 2.16048945152e-24, 2.17508613927e-24, 1.81137609968e-24, 1.24190885069e-24, 1.9796030543e-24, 1.36169619585e-24, 2.09517374072e-24, 2.17933139424e-24, 1.62137392167e-24, 1.59182358659e-24, 2.5443440404e-24, 1.21286604899e-24, 1.33798816464e-24, 2.93133001265e-24, 2.60283472386e-24, 2.70745523205e-24, 1.9952597739e-24, 2.26247831972e-24, 2.97737325989e-24, 2.68566176625e-24, 3.14944196712e-24, 2.4062689273e-24, 1.85621100923e-24, 2.4118668815e-24, 2.12583479195e-24, 3.10388643313e-24, 3.22914295095e-24, 2.62152244428e-24, 2.98319958932e-24, 3.37371946121e-24, 2.97635917919e-24, 2.99090419656e-24, 3.61331860623e-24, 3.62925951297e-24, 3.14618752145e-24, 3.40300750003e-24, 3.38778918988e-24, 3.76962784472e-24, 3.50974905798e-24, 3.6156638897e-24, 3.12820681762e-24, 3.3721870989e-24, 4.09230903142e-24, 3.51516103822e-24, 4.79025568947e-24, 4.487062917e-24, 4.6777345421e-24, 4.53970754951e-24, 3.93535213812e-24, 3.54733709682e-24, 4.39712291305e-24, 4.58758549e-24, 4.796686878e-24, 4.280025978e-24, 4.8521122452e-24, 4.8755027599e-24, 4.73950235098e-24, 5.31716389263e-24, 4.25251997595e-24, 4.74502556061e-24, 5.42470377781e-24, 6.04765579618e-24, 5.58351962183e-24, 4.7123793409e-24, 5.26440526972e-24],
        "stdev": [3.84774239137e-06, 1.37268907565e-05, 0.000111165536509, 0.000189786806004, 0.000151225627633, 0.000196735840291, 0.000236588675762, 0.000241904577706, 9.21174869291e-05, 6.70155350235e-05, 0.000131875945954, 7.9299803474e-05, 0.000102126126876, 0.000143165365444, 0.000157574642799, 0.000199794143555, 0.00021570653189, 0.000324922788423, 0.000431398017099, 0.000391376845073, 0.000557378516532, 0.0006758570089, 0.000181283074198, 0.000162014490343, 0.000499116024002, 0.000927258690353, 0.000343891617376, 0.000336187717039, 0.000490465434268, 0.000334471289534, 0.000142450502608, 0.000130615691887, 7.93807557784e-05, 8.14911109046e-05, 6.50865404168e-05, 7.05773636582e-05, 9.55505602178e-05, 9.2313013738e-05, 7.23648045096e-05, 7.09558808012e-05, 0.000103364385723, 8.65890178829e-05, 9.20374877751e-05, 0.000126211278257, 8.85870322236e-05, 9.01755702216e-05, 7.9086261394e-05, 6.68392967782e-05, 5.53221689188e-05, 6.58508070046e-05, 6.15436510998e-05, 6.08195332461e-05, 6.0624552134e-05, 5.4590862419e-05, 3.69281624444e-05, 3.00276169583e-05, 3.38809695677e-05, 2.77806047961e-05, 1.70397579495e-05, 2.40928166022e-05, 2.32023139688e-05, 1.80097176781e-05, 1.64559169207e-05, 8.94616641745e-06, 7.36512765798e-06, 7.18207775208e-06, 1.33629291668e-05, 1.58772036229e-05, 4.66900528409e-05, 8.78164137248e-05, 0.000118527328596, 4.12925292039e-05, 3.12181909976e-05, 0.000110762244731, 0.000133383306093, 6.11419163761e-05, 5.12723527208e-05, 5.92840769968e-05, 4.94913947477e-05, 4.9935428251e-05, 2.41026264121e-05, 1.79754297278e-05, 1.25584156194e-05, 8.86317775439e-06, 1.62563756021e-05, 1.24546604638e-05, 1.09012926259e-05, 1.55161396833e-05, 8.18528314994e-06, 1.35022291943e-05, 3.16524819937e-05, 1.58268812811e-05, 1.02115327536e-05, 1.5627094399e-05, 5.25627046954e-06, 2.5809631552e-06, 2.57969418271e-06, 1.90771947928e-06, 1.0872229268e-06, 6.30972351701e-07, 3.76831224003e-07, 2.64113964477e-07, 2.12556841461e-07, 1.81617409112e-07, 1.49287927798e-07, 1.07503396407e-07, 1.12610976544e-07, 1.06117916232e-07, 8.59355466787e-08, 6.95528257211e-08, 4.13567455837e-08, 6.88892187739e-09, 1.0122995775e-09, 8.33396129885e-10, 7.62777674357e-10, 7.20933257536e-10, 6.88543000393e-10, 6.65838773006e-10, 6.44549524864e-10, 6.28346874532e-10, 6.16102335815e-10, 5.9823018761e-10, 5.92717375181e-10, 5.8146304438e-10, 5.72863423365e-10, 5.66618807429e-10, 5.61097557306e-10, 5.58542101459e-10]
    },
    "mfcc": {
        "mean": [-1164.86279297, 15.4671640396, -7.80422210693, -1.4171615839, -2.88454341888, -1.30812942982, -2.09484124184, -0.00480917841196, 0.772617220879, 1.58394110203, 0.0541181191802, -0.584059238434, -1.17885005474],
        "cov": [[54813.5429688, 7828.81054688, -4263.53173828, -832.244506836, -1624.75756836, -617.55267334, -1055.6854248, 50.0984039307, 480.692230225, 818.907409668, -51.9653816223, -303.447906494, -640.088195801], [7828.81054688, 1632.66430664, -514.326477051, -14.396985054, -138.388442993, -128.623886108, -200.692062378, -31.9444198608, 21.2097930908, 135.799285889, 42.1068382263, -64.8113937378, -72.3283843994], [-4263.53173828, -514.326477051, 417.99307251, 126.572715759, 149.155029297, 54.375328064, 75.8195114136, -14.7677278519, -52.0672187805, -64.0498886108, -0.483504205942, 21.1865367889, 54.4081878662], [-832.244506836, -14.396985054, 126.572715759, 86.0475082397, 49.5520401001, 3.62366509438, 4.76782894135, -16.4191951752, -23.2469558716, -7.53874397278, -4.13032436371, 1.03134155273, 17.177772522], [-1624.75756836, -138.388442993, 149.155029297, 49.5520401001, 82.1979522705, 13.1010055542, 25.0663032532, -5.25488567352, -20.2868347168, -25.8845405579, 9.83418941498, 2.52451944351, 22.0007228851], [-617.55267334, -128.623886108, 54.375328064, 3.62366509438, 13.1010055542, 24.6615848541, 18.2014389038, 2.4981148243, -1.772382617, -10.8209352493, -4.55806684494, 4.50126314163, 2.86521077156], [-1055.6854248, -200.692062378, 75.8195114136, 4.76782894135, 25.0663032532, 18.2014389038, 37.0302848816, 6.91401910782, -2.44172787666, -20.4019584656, -5.41078805923, 8.00648880005, 10.0937862396], [50.0984039307, -31.9444198608, -14.7677278519, -16.4191951752, -5.25488567352, 2.4981148243, 6.91401910782, 13.7496099472, 7.70105266571, -3.88344478607, -0.780914366245, 0.984953343868, -6.02375364304], [480.692230225, 21.2097930908, -52.0672187805, -23.2469558716, -20.2868347168, -1.772382617, -2.44172787666, 7.70105266571, 16.3940315247, 6.18609428406, -4.15061235428, -2.10952711105, -6.8616809845], [818.907409668, 135.799285889, -64.0498886108, -7.53874397278, -25.8845405579, -10.8209352493, -20.4019584656, -3.88344478607, 6.18609428406, 26.0630340576, 4.84155225754, -4.83451557159, -6.46550798416], [-51.9653816223, 42.1068382263, -0.483504205942, -4.13032436371, 9.83418941498, -4.55806684494, -5.41078805923, -0.780914366245, -4.15061235428, 4.84155225754, 18.4895782471, 0.788498520851, 1.89781403542], [-303.447906494, -64.8113937378, 21.1865367889, 1.03134155273, 2.52451944351, 4.50126314163, 8.00648880005, 0.984953343868, -2.10952711105, -4.83451557159, 0.788498520851, 10.7050991058, 5.73889923096], [-640.088195801, -72.3283843994, 54.4081878662, 17.177772522, 22.0007228851, 2.86521077156, 10.0937862396, -6.02375364304, -6.8616809845, -6.46550798416, 1.89781403542, 5.73889923096, 19.9500198364]],
        "icov": [[0.000709253770765, -0.00228467723355, 0.00334060192108, -0.00225426047109, 0.00446376111358, -0.00331353070214, 0.00116441771388, -0.00243404298089, -0.00348814181052, 0.00106215383857, 0.00273957639001, -0.00125421909615, 0.000777395849582], [-0.00228467723355, 0.0106969568878, -0.00660060718656, 0.000820550369099, -0.0146564962342, 0.0122937802225, 0.00272318604402, 0.00814737379551, 0.0119238123298, -0.00421867473051, -0.0154098961502, 0.0103453025222, -0.000522989721503], [0.00334060192108, -0.00660060718656, 0.0466516390443, -0.0392434298992, 0.0110094612464, -0.0412531495094, -0.00165272864979, -0.0150639172643, 0.00642668735236, 0.0190842524171, -0.00264522968791, -0.000255493156146, -0.0113960020244], [-0.00225426047109, 0.000820550369099, -0.0392434298992, 0.0802559033036, -0.0445636659861, 0.0352114774287, 0.00719259353355, 0.0123303085566, 0.0346698723733, -0.0517416708171, 0.0652056708932, -0.0260741021484, 0.00919469259679], [0.00446376111358, -0.0146564962342, 0.0110094612464, -0.0445636659861, 0.107870325446, -0.0241411887109, -0.00843489356339, -0.0145601378754, -0.0443094074726, 0.0634894222021, -0.0566846132278, 0.0475804246962, -0.020151887089], [-0.00331353070214, 0.0122937802225, -0.0412531495094, 0.0352114774287, -0.0241411887109, 0.116361379623, -0.0177897810936, 0.0303438603878, -0.00556286424398, -0.0288024377078, 0.00976977497339, -0.00977909564972, 0.0391554832458], [0.00116441771388, 0.00272318604402, -0.00165272864979, 0.00719259353355, -0.00843489356339, -0.0177897810936, 0.112769506872, -0.0455922856927, -0.00852161459625, 0.00365526555106, 0.0289528369904, -0.013195861131, -0.0141231277958], [-0.00243404298089, 0.00814737379551, -0.0150639172643, 0.0123303085566, -0.0145601378754, 0.0303438603878, -0.0455922856927, 0.192998722196, -0.0795452520251, 0.0325842760503, -0.0455687232316, -0.0178873930126, 0.0676309987903], [-0.00348814181052, 0.0119238123298, 0.00642668735236, 0.0346698723733, -0.0443094074726, -0.00556286424398, -0.00852161459625, -0.0795452520251, 0.220784187317, -0.0612408965826, 0.056303486228, 0.0170293617994, -0.0402735434473], [0.00106215383857, -0.00421867473051, 0.0190842524171, -0.0517416708171, 0.0634894222021, -0.0288024377078, 0.00365526555106, 0.0325842760503, -0.0612408965826, 0.150522619486, -0.0894725173712, 0.0369455739856, -0.0209989603609], [0.00273957639001, -0.0154098961502, -0.00264522968791, 0.0652056708932, -0.0566846132278, 0.00976977497339, 0.0289528369904, -0.0455687232316, 0.056303486228, -0.0894725173712, 0.188716053963, -0.073046952486, 0.00922883860767], [-0.00125421909615, 0.0103453025222, -0.000255493156146, -0.0260741021484, 0.0475804246962, -0.00977909564972, -0.013195861131, -0.0178873930126, 0.0170293617994, 0.0369455739856, -0.073046952486, 0.184212893248, -0.057589981705], [0.000777395849582, -0.000522989721503, -0.0113960020244, 0.00919469259679, -0.020151887089, 0.0391554832458, -0.0141231277958, 0.0676309987903, -0.0402735434473, -0.0209989603609, 0.00922883860767, -0.057589981705, 0.135531559587]]
    },
    "spectral_contrast_coeffs": {
        "max": [-0.548364698887, -0.66271930933, -0.639373719692, -0.73425501585, -0.637750506401, -0.58119314909],
        "mean": [-0.925786435604, -0.933226644993, -0.928213477135, -0.93844884634, -0.932468056679, -0.926984906197],
        "min": [-0.984074115753, -0.983119308949, -0.979780137539, -0.974937140942, -0.970494806767, -0.965537071228],
        "stdev": [0.0887965857983, 0.0725383907557, 0.0778238326311, 0.0543363392353, 0.0647863894701, 0.077740944922]
    },
    "spectral_contrast_valleys": {
        "max": [-5.70147895813, -4.77638101578, -5.14212989807, -5.3828496933, -5.4633731842, -8.0416135788],
        "mean": [-24.1157417297, -23.8174934387, -23.8986854553, -23.8741664886, -23.9768047333, -24.4603214264],
        "min": [-28.090089798, -27.9567127228, -27.9005432129, -27.7239875793, -27.5929317474, -27.4463195801],
        "stdev": [7.00839996338, 7.65055036545, 7.55493021011, 7.57371425629, 7.4005317688, 6.30345535278]
    }
},
"rhythm": {
    "beats_count": 28,
    "beats_loudness": {
        "max": 0.103660643101,
        "mean": 0.00528660742566,
        "min": 0,
        "stdev": 0.0194778498262
    },
    "bpm": 138.690933228,
    "bpm_histogram_first_peak_bpm": 140,
    "bpm_histogram_first_peak_weight": 0.454545497894,
    "bpm_histogram_second_peak_bpm": 123,
    "bpm_histogram_second_peak_spread": 0,
    "bpm_histogram_second_peak_weight": 0.111111111939,
    "danceability": 0.973619818687,
    "onset_rate": 0.54861664772,
    "beats_loudness_band_ratio": {
        "max": [0.112177141011, 0.354345917702, 0.578241288662, 0.36743631959, 0.384778559208, 0.67080360651],
        "mean": [0.00600956333801, 0.0148687902838, 0.0443854667246, 0.0237057935447, 0.0317340381444, 0.0274031963199],
        "min": [0, 0, 0, 0, 0, 0],
        "stdev": [0.0228292047977, 0.06601434201, 0.130258530378, 0.0731875747442, 0.0874638929963, 0.124381661415]
    },
    "beats_position": [0.417959183455, 0.847528338432, 1.27709746361, 1.70666658878, 2.13623571396, 2.56580495834, 2.9837641716, 3.41333317757, 3.84290242195, 4.27247142792, 4.69043064117, 5.0967798233, 5.50312900543, 5.94430828094, 6.38548755646, 6.81505680084, 7.24462556839, 7.73224496841, 8.2198638916, 8.70748329163, 9.14866161346, 9.58984088898, 10.0310201645, 10.47219944, 10.9133787155, 11.3429479599, 11.7841272354, 12.2136955261],
