{
"metadata": {
    "version": {
        "essentia": "2.1-beta5",
        "essentia_git_sha": "Undefined",
        "extractor": "music 2.0"
    },
    "audio_properties": {
        "analysis": {
            "equal_loudness": 0,
            "length": 12.7477550507,
            "sample_rate": 44100,
            "start_time": 0,
            "downmix": "mix"
        },
        "bit_rate": 192000,
        "length": 209.002807617,
        "lossless": 0,
        "number_channels": 2,
        "replay_gain": 14.6059856415,
        "sample_rate": 48000,
        "codec": "mp3",
        "md5_encoded": "53efa0b57ae877fce923de74fac25ea3"
    },
    "tags": {
        "file_name": "Spain_¡Ay, Qué Deseo!_Antonio Carbonell.mp3",
        "encoding": ["Lavf58.29.100"]
    }
},
"lowlevel": {
    "average_loudness": 0.000325008586515,
    "barkbands_crest": {
        "max": 23.647649765,
        "mean": 7.26825809479,
        "min": 4.27071619034,
        "stdev": 2.43759155273
    },
    "barkbands_flatness_db": {
        "max": 0.344175368547,
        "mean": 0.0942505598068,
        "min": 0.05385094136,
        "stdev": 0.0508070737123
    },
    "barkbands_kurtosis": {
        "max": 30.9450340271,
        "mean": 3.55195903778,
        "min": -0.379907131195,
        "stdev": 2.85046863556
    },
    "barkbands_skewness": {
        "max": 4.03192043304,
        "mean": -1.33879590034,
        "min": -2.28872108459,
        "stdev": 1.26152193546
    },
    "barkbands_spread": {
        "max": 43.1658592224,
        "mean": 23.8579387665,
        "min": 1.13095295429,
        "stdev": 7.42282104492
    },
    "dissonance": {
        "max": 0.499999791384,
        "mean": 0.490440905094,
        "min": 0,
        "stdev": 0.0243185460567
    },
    "dynamic_complexity": 7.03218412399,
    "erbbands_crest": {
        "max": 28.7040519714,
        "mean": 5.01119327545,
        "min": 2.6646232605,
        "stdev": 4.56763458252
    },
    "erbbands_flatness_db": {
        "max": 0.442762643099,
        "mean": 0.129299417138,
        "min": 0.0827486366034,
        "stdev": 0.0766907632351
    },
    "erbbands_kurtosis": {
        "max": 30.7730407715,
        "mean": 0.645821809769,
        "min": -1.07202994823,
        "stdev": 2.796459198
    },
    "erbbands_skewness": {
        "max": 4.52167415619,
        "mean": -0.333293288946,
        "min": -0.945413053036,
        "stdev": 0.850780069828
    },
    "erbbands_spread": {
        "max": 45.3141517639,
        "mean": 33.0611877441,
        "min": 1.877784729,
        "stdev": 8.94273471832
    },
    "hfc": {
        "max": 260.134643555,
        "mean": 9.12565612793,
        "min": 1.05002432689e-16,
        "stdev": 34.2863006592
    },
    "loudness_ebu128": {
        "integrated": -32.9286460876,
        "loudness_range": 15.7079925537,
        "momentary": {
            "max": -28.7790641785,
            "mean": -259.50100708,
            "min": -300.691009521,
            "stdev": 94.7176589966
        },
        "short_term": {
            "max": -35.0227203369,
            "mean": -250.22038269,
            "min": -300.691009521,
            "stdev": 100.736801147
        }
    },
    "melbands_crest": {
        "max": 29.6139278412,
        "mean": 4.304043293,
        "min": 1.52891206741,
        "stdev": 5.21657371521
    },
    "melbands_flatness_db": {
        "max": 0.373162925243,
        "mean": 0.0358037389815,
        "min": 0.0025885568466,
        "stdev": 0.0743694528937
    },
    "melbands_kurtosis": {
        "max": 49.3357124329,
        "mean": 0.399714559317,
        "min": -1.40791940689,
        "stdev": 5.44130182266
    },
    "melbands_skewness": {
        "max": 4.43933439255,
        "mean": 0.282958716154,
        "min": -0.374065816402,
        "stdev": 0.735458254814
    },
    "melbands_spread": {
        "max": 166.807342529,
        "mean": 115.273498535,
        "min": 1.61344635487,
        "stdev": 43.7120132446
    },
    "pitch_salience": {
        "max": 0.994450926781,
        "mean": 0.76984590292,
        "min": 0.275461643934,
        "stdev": 0.0732419863343
    },
    "silence_rate_20dB": {
        "max": 1,
        "mean": 1,
        "min": 1,
        "stdev": 0
    },
    "silence_rate_30dB": {
        "max": 1,
        "mean": 0.967272698879,
        "min": 0,
        "stdev": 0.177921876311
    },
    "silence_rate_60dB": {
        "max": 1,
        "mean": 0.872727274895,
        "min": 0,
        "stdev": 0.333278179169
    },
    "spectral_centroid": {
        "max": 11864.0693359,
        "mean": 9598.98046875,
        "min": 874.266601562,
        "stdev": 3424.88574219
    },
    "spectral_complexity": {
        "max": 56,
        "mean": 4.04909086227,
        "min": 0,
        "stdev": 12.0771484375
    },
    "spectral_decrease": {
        "max": 1.92515535944e-28,
        "mean": -1.75856029738e-09,
        "min": -5.03119181872e-08,
        "stdev": 6.32705354775e-09
    },
    "spectral_energy": {
        "max": 0.213483959436,
        "mean": 0.00746493879706,
        "min": 9.83258204252e-21,
        "stdev": 0.026968864724
    },
    "spectral_energyband_high": {
        "max": 0.00507463654503,
        "mean": 0.000147795013618,
        "min": 6.84066249678e-21,
        "stdev": 0.000613930518739
    },
    "spectral_energyband_low": {
        "max": 0.00134494702797,
        "mean": 2.16182797885e-05,
        "min": 9.54688697171e-24,
        "stdev": 0.000103147016489
    },
    "spectral_energyband_middle_high": {
        "max": 0.126622214913,
        "mean": 0.00484969420359,
        "min": 1.1136551095e-21,
        "stdev": 0.0179010052234
    },
    "spectral_energyband_middle_low": {
        "max": 0.0853793472052,
        "mean": 0.00264249648899,
        "min": 1.55515332036e-22,
        "stdev": 0.00970314349979
    },
    "spectral_entropy": {
        "max": 9.82362365723,
        "mean": 9.45163631439,
        "min": 6.21004724503,
        "stdev": 0.855195581913
    },
    "spectral_flux": {
        "max": 0.275408357382,
        "mean": 0.0159683022648,
        "min": 6.22477416834e-11,
        "stdev": 0.0479490496218
    },
    "spectral_kurtosis": {
        "max": 28.1894264221,
        "mean": -0.0136480815709,
        "min": -1.26072478294,
        "stdev": 3.51630115509
    },
    "spectral_rms": {
        "max": 0.0144318062812,
        "mean": 0.000880569103174,
        "min": 3.0972186621e-12,
        "stdev": 0.00255097355694
    },
    "spectral_rolloff": {
        "max": 19789.0136719,
        "mean": 16255.9541016,
        "min": 818.26171875,
        "stdev": 6030.70166016
    },
    "spectral_skewness": {
        "max": 3.73489904404,
        "mean": 0.254466801882,
        "min": -0.105781182647,
        "stdev": 0.652101695538
    },
    "spectral_spread": {
        "max": 42893068,
        "mean": 34935300,
        "min": 1707007,
        "stdev": 13430312
    },
    "spectral_strongpeak": {
        "max": 7.02534914017,
        "mean": 0.35309523344,
        "min": 0,
        "stdev": 1.01629436016
    },
    "zerocrossingrate": {
        "max": 0.62060546875,
        "mean": 0.437022358179,
        "min": 0.03857421875,
        "stdev": 0.154976502061
    },
    "barkbands": {
        "max": [0.000162700351211, 0.00126503268257, 0.000133230001666, 0.000270970282145, 0.000491918181069, 0.0017199604772, 0.00635542580858, 0.0177590940148, 0.0651994347572, 0.0588353127241, 0.0404336825013, 0.0229085609317, 0.0144779579714, 0.0199501290917, 0.0243814960122, 0.0171894710511, 0.00925694871694, 0.00665981741622, 0.00230221729726, 0.00251327920705, 0.00210395851173, 0.0013332690578, 0.00144801905844, 0.000445727695478, 6.58371500322e-05, 5.34524988325e-05, 5.51406119484e-05],
        "mean": [2.67516043095e-06, 1.51862050188e-05, 2.66282813755e-06, 3.0294932003e-06, 1.13001842692e-05, 3.26297849824e-05, 0.000101294608612, 0.000318297301419, 0.0017932257615, 0.00171100383159, 0.000850830867421, 0.000370031630155, 0.000388486834709, 0.000390494795283, 0.000508287805133, 0.000372566428268, 0.000221916779992, 0.000131029679324, 6.41379810986e-05, 5.80723863095e-05, 5.2212682931e-05, 3.45049411408e-05, 2.20883666771e-05, 8.46038801683e-06, 2.86728720766e-07, 9.84404024962e-08, 1.0147137175e-07],
        "min": [2.0114894592e-26, 2.34299143586e-24, 9.8147371979e-25, 1.59509354447e-26, 5.25472476312e-24, 2.9480288175e-24, 3.76668776013e-24, 2.52787873837e-24, 6.51539390942e-24, 1.09764630707e-23, 1.3564759877e-23, 1.08299960553e-23, 1.4678054029e-23, 2.47648587035e-23, 2.94684481617e-23, 5.21841081352e-23, 5.4679300422e-23, 8.81432028509e-23, 1.17590572649e-22, 1.52139651072e-22, 2.17714755115e-22, 2.97882359644e-22, 3.6400127284e-22, 4.78107566778e-22, 8.25850075574e-22, 1.26649470107e-21, 1.85342720745e-21],
        "stdev": [1.30135376821e-05, 8.27944313642e-05, 1.25190836116e-05, 1.8158036255e-05, 4.97105029353e-05, 0.000154978930368, 0.000462216237793, 0.00148419232573, 0.00711698643863, 0.0063816383481, 0.00353590468876, 0.00181799288839, 0.00159657606855, 0.001853424008, 0.00225332984701, 0.00172370800283, 0.000950061366893, 0.000576481921598, 0.000263773690676, 0.00025115601602, 0.000224846444326, 0.000144045785419, 0.000103449834569, 4.11710170738e-05, 3.02298121824e-06, 2.27709847422e-06, 2.34901608565e-06]
    },
    "erbbands": {
        "max": [0.0539056621492, 0.209903985262, 0.106574892998, 0.707976877689, 1.76320171356, 2.02480459213, 4.21228885651, 22.7582626343, 63.3386573792, 123.297561646, 881.402160645, 1158.82263184, 1629.02062988, 2541.09155273, 727.550415039, 1017.87579346, 558.961730957, 1154.55041504, 1286.03625488, 884.068786621, 1001.92193604, 544.81060791, 456.821929932, 116.339179993, 105.703666687, 133.449768066, 93.6968612671, 62.4677886963, 42.3598251343, 40.2324256897, 35.9321517944, 16.2349128723, 4.53723621368, 0.867495894432, 0.418238431215, 0.217455908656, 0.0986148938537, 0.0345419161022, 0.00789658166468, 0.000909818860237],
        "mean": [0.0006791530177, 0.00243818364106, 0.00304715964012, 0.00791439972818, 0.017132204026, 0.0393893048167, 0.115763872862, 0.339373797178, 0.933522045612, 2.83276128769, 15.6404523849, 39.9297981262, 41.0300788879, 64.6403656006, 20.1189727783, 16.0840110779, 17.9384746552, 19.4441642761, 25.4289417267, 24.7118015289, 19.1478252411, 12.6585912704, 8.42479133606, 3.90999555588, 3.10329556465, 2.78775024414, 2.30958199501, 1.88748443127, 1.26222550869, 0.979883372784, 0.540031969547, 0.311502337456, 0.0680717602372, 0.00764997117221, 0.000989327323623, 0.000423637655331, 0.000188256861293, 6.59502620692e-05, 1.90885548363e-05, 1.07723062683e-05],
        "min": [6.55720306408e-23, 4.20166654679e-22, 1.65614554012e-21, 2.68790461929e-21, 7.52321413352e-21, 1.87997570653e-20, 1.63918633827e-20, 4.54734980803e-20, 9.35230110715e-20, 1.24833535628e-19, 1.4296961273e-19, 1.73940456861e-19, 3.91324930632e-19, 5.39025783822e-19, 8.54961835317e-19, 8.18841236111e-19, 9.81447728843e-19, 1.49164776758e-18, 1.3992287389e-18, 2.25860901116e-18, 3.39083439487e-18, 4.16077886533e-18, 4.89203671892e-18, 5.66186724524e-18, 6.35072257986e-18, 7.74642235947e-18, 8.0610041095e-18, 9.47718364031e-18, 1.03487259491e-17, 8.50990344741e-18, 1.03300581371e-17, 9.10405239215e-18, 9.09038157817e-18, 7.64364682272e-18, 5.73901341789e-18, 3.5433079768e-18, 2.13833281419e-18, 8.5369412933e-19, 2.27782870778e-19, 2.37311089937e-20],
        "stdev": [0.00368677568622, 0.0135880047455, 0.013318519108, 0.0458466522396, 0.0984298586845, 0.174986690283, 0.50183069706, 1.72661197186, 4.4152765274, 11.8060035706, 79.0460586548, 156.432876587, 146.164840698, 259.856201172, 82.0534820557, 79.4978256226, 72.6126861572, 89.2464752197, 122.277565002, 105.366600037, 86.7273406982, 55.7661972046, 38.2486457825, 15.4406385422, 12.7565011978, 12.0950269699, 10.0584907532, 7.98809480667, 5.19725227356, 4.3152680397, 2.49793362617, 1.46580922604, 0.349893927574, 0.0526391156018, 0.0178581085056, 0.00926341768354, 0.00420086737722, 0.0014714396093, 0.000336650235113, 5.10223544552e-05]
    },
    "gfcc": {
        "mean": [-1090.03527832, 12.7322740555, -33.2588119507, -0.0750702023506, -10.8343257904, 2.39142227173, -0.0952565670013, 0.476397156715, 2.11956834793, -3.00531363487, -0.680651903152, -1.67414057255, 0.827613174915],
        "cov": [[180855.046875, 13551.390625, -34254.3671875, 126.6407547, -11298.640625, 2411.16601562, -57.2102661133, 349.921691895, 2341.22143555, -3159.8984375, -518.790283203, -1790.59912109, 967.173522949], [13551.390625, 1122.85314941, -2577.49121094, 1.89790427685, -838.794494629, 170.340835571, 25.7735805511, 19.3417510986, 182.234359741, -253.489013672, -40.7981262207, -136.441757202, 83.4793930054], [-34254.3671875, -2577.49121094, 6526.10009766, -21.0833415985, 2138.22631836, -457.284606934, 1.14675033092, -65.8419876099, -443.748962402, 611.714172363, 100.339149475, 335.682067871, -189.32963562], [126.6407547, 1.89790427685, -21.0833415985, 48.8703613281, -20.937713623, 1.25087630749, -16.1999816895, -11.1746244431, 22.9877281189, -6.46825885773, 20.3800907135, -8.83131313324, 5.91760444641], [-11298.640625, -838.794494629, 2138.22631836, -20.937713623, 723.237426758, -148.42098999, 10.5141305923, -17.1879463196, -154.661224365, 197.188705444, 23.3108062744, 117.385734558, -61.8212738037], [2411.16601562, 170.340835571, -457.284606934, 1.25087630749, -148.42098999, 44.0374145508, 0.388481199741, 5.40330600739, 26.9378967285, -44.7247848511, -7.81718111038, -23.2335128784, 12.7973566055], [-57.2102661133, 25.7735805511, 1.14675033092, -16.1999816895, 10.5141305923, 0.388481199741, 24.8455085754, 1.96091353893, -6.6553850174, -7.21417045593, -7.44626903534, 4.29242706299, 4.58910179138], [349.921691895, 19.3417510986, -65.8419876099, -11.1746244431, -17.1879463196, 5.40330600739, 1.96091353893, 11.1914367676, 0.135743305087, -1.93952071667, -7.47345209122, -1.83606159687, -3.12620997429], [2341.22143555, 182.234359741, -443.748962402, 22.9877281189, -154.661224365, 26.9378967285, -6.6553850174, 0.135743305087, 50.902545929, -40.6390800476, 5.2995929718, -26.8234596252, 15.374663353], [-3159.8984375, -253.489013672, 611.714172363, -6.46825885773, 197.188705444, -44.7247848511, -7.21417045593, -1.93952071667, -40.6390800476, 71.5462265015, 9.13931655884, 31.5649547577, -23.0351161957], [-518.790283203, -40.7981262207, 100.339149475, 20.3800907135, 23.3108062744, -7.81718111038, -7.44626903534, -7.47345209122, 5.2995929718, 9.13931655884, 18.6174049377, 2.61507463455, 0.514779806137], [-1790.59912109, -136.441757202, 335.682067871, -8.83131313324, 117.385734558, -23.2335128784, 4.29242706299, -1.83606159687, -26.8234596252, 31.5649547577, 2.61507463455, 24.7849636078, -8.08294963837], [967.173522949, 83.4793930054, -189.32963562, 5.91760444641, -61.8212738037, 12.7973566055, 4.58910179138, -3.12620997429, 15.374663353, -23.0351161957, 0.514779806137, -8.08294963837, 16.5920009613]],
        "icov": [[0.00228897877969, -0.00449513085186, 0.00784994941205, -0.00287946150638, 0.00953099317849, -0.00664885621518, 0.00435473723337, -0.00215458334424, 0.00374232861213, -0.00820405595005, 0.00446946872398, -0.0044399634935, 0.00166088144761], [-0.00449513085186, 0.030264608562, -0.00531643256545, 0.0159117430449, -0.0294901207089, 0.0270237959921, -0.0304493438452, 0.0201387666166, -0.0222392771393, 0.0203194003552, -0.0127247655764, 0.0407242253423, -0.00603728927672], [0.00784994941205, -0.00531643256545, 0.0432773157954, -0.00932791922241, -9.14977281354e-05, -0.00822116434574, 0.00276488694362, 0.00888864323497, 0.0154522461817, -0.0432493574917, -6.99589945725e-05, 0.0151497954503, 0.00625259103253], [-0.00287946150638, 0.0159117430449, -0.00932791922241, 0.0915655344725, -0.0300026349723, 0.000110170549306, 0.0232577119023, 0.0284163001925, -0.0585313029587, 0.0453035272658, -0.0501480922103, 0.0572975613177, -0.0176562163979], [0.00953099317849, -0.0294901207089, -9.14977281354e-05, -0.0300026349723, 0.137732759118, -0.0335142277181, 0.0136986542493, -0.0315664932132, 0.0321896001697, -0.0175946447998, 0.0554508194327, -0.113621324301, 0.0204276144505], [-0.00664885621518, 0.0270237959921, -0.00822116434574, 0.000110170549306, -0.0335142277181, 0.126664549112, -0.0282925572246, -0.0011356692994, 0.0160570144653, 0.0387610681355, -0.0265895668417, 0.0323538780212, -0.00167995807715], [0.00435473723337, -0.0304493438452, 0.00276488694362, 0.0232577119023, 0.0136986542493, -0.0282925572246, 0.117051713169, -0.031149469316, 0.00292069395073, 0.0249972697347, 0.0121919261292, -0.0353715829551, -0.0283826608211], [-0.00215458334424, 0.0201387666166, 0.00888864323497, 0.0284163001925, -0.0315664932132, -0.0011356692994, -0.031149469316, 0.191732570529, -0.03621539101, -0.025220811367, 0.0271642785519, 0.0196165796369, 0.0508208498359], [0.00374232861213, -0.0222392771393, 0.0154522461817, -0.0585313029587, 0.0321896001697, 0.0160570144653, 0.00292069395073, -0.03621539101, 0.140825718641, -0.0395085960627, -0.0287259127945, -0.0177668556571, -0.00224121287465], [-0.00820405595005, 0.0203194003552, -0.0432493574917, 0.0453035272658, -0.0175946447998, 0.0387610681355, 0.0249972697347, -0.025220811367, -0.0395085960627, 0.161733463407, -0.0304000880569, -0.00482404557988, 0.018944978714], [0.00446946872398, -0.0127247655764, -6.99589945725e-05, -0.0501480922103, 0.0554508194327, -0.0265895668417, 0.0121919261292, 0.0271642785519, -0.0287259127945, -0.0304000880569, 0.172852903605, -0.0630588978529, -0.00222989707254], [-0.0044399634935, 0.0407242253423, 0.0151497954503, 0.0572975613177, -0.113621324301, 0.0323538780212, -0.0353715829551, 0.0196165796369, -0.0177668556571, -0.00482404557988, -0.0630588978529, 0.306634396315, -0.067368529737], [0.00166088144761, -0.00603728927672, 0.00625259103253, -0.0176562163979, 0.0204276144505, -0.00167995807715, -0.0283826608211, 0.0508208498359, -0.00224121287465, 0.018944978714, -0.00222989707254, -0.067368529737, 0.161937609315]]
    },
    "melbands": {
        "max": [0.000404836639063, 0.00011074723443, 0.000107703723188, 0.000113612542918, 0.000131666369271, 0.000429901992902, 0.00108548556454, 0.00131774554029, 0.00941792875528, 0.00682672671974, 0.00814130436629, 0.00998240802437, 0.00392490532249, 0.00197512935847, 0.00283286697231, 0.00149956077803, 0.00209563085809, 0.00211877073161, 0.00165084260516, 0.00111309450585, 0.00120437284932, 0.000530259800144, 0.000487722369144, 0.000290543306619, 9.03542895685e-05, 8.38307605591e-05, 8.37983825477e-05, 8.31779834698e-05, 6.53490133118e-05, 8.09683842817e-05, 3.99872551498e-05, 2.76791652141e-05, 1.92138268176e-05, 2.63835572696e-05, 2.42325149884e-05, 1.75660952664e-05, 9.09443406272e-06, 3.81385279979e-06, 1.14904435122e-06, 6.66617950174e-07],
        "mean": [5.087021691e-06, 2.10949201573e-06, 1.55707994054e-06, 1.93956543626e-06, 3.63731328434e-06, 7.40621317163e-06, 1.61888419825e-05, 3.23112908518e-05, 0.000167148318724, 0.000251891295193, 0.000198229012312, 0.000266589166131, 8.90900701052e-05, 3.55945157935e-05, 4.55811859865e-05, 3.79957637051e-05, 3.46219057974e-05, 3.98493211833e-05, 3.77407850465e-05, 2.79599753412e-05, 2.14232604776e-05, 1.3657378986e-05, 8.81282994669e-06, 6.00756766289e-06, 2.81491838905e-06, 2.43946055889e-06, 2.00446515919e-06, 1.79810535883e-06, 1.46840989146e-06, 1.31224578581e-06, 1.01347336567e-06, 7.31130171516e-07, 5.97484245191e-07, 5.20275193594e-07, 3.14996668749e-07, 2.5484595767e-07, 1.63922564411e-07, 5.30152277634e-08, 1.35872344487e-08, 2.86032730834e-09],
        "min": [7.7488914321e-25, 9.62789647857e-25, 7.41820932227e-25, 1.14026560216e-24, 4.79025332288e-25, 8.67464682147e-25, 1.61467067474e-24, 1.10335884332e-24, 1.46340610312e-24, 9.48709170953e-25, 1.79424559069e-24, 1.53650639194e-24, 2.54395118767e-24, 1.3536158936e-24, 1.86916469694e-24, 1.91731025849e-24, 2.46910603713e-24, 1.94150481967e-24, 1.93699707124e-24, 2.66199830568e-24, 2.86872680007e-24, 3.31837929098e-24, 3.27446991249e-24, 3.84577619347e-24, 3.96042687086e-24, 4.00857420734e-24, 4.26219732711e-24, 4.07306358635e-24, 3.95689908489e-24, 4.30478477194e-24, 5.01005758121e-24, 4.60227368563e-24, 4.60464500151e-24, 4.34290134759e-24, 5.15269625465e-24, 4.99330414774e-24, 5.48413458626e-24, 5.06898549083e-24, 5.50564287884e-24, 5.52056457729e-24],
        "stdev": [2.73020650639e-05, 9.60808756645e-06, 8.28565498523e-06, 9.0376870503e-06, 1.56983933266e-05, 3.62256723747e-05, 7.58114547352e-05, 0.000132906832732, 0.000862860528287, 0.000969026179519, 0.000724518264178, 0.00107635417953, 0.000372373207938, 0.000169380611624, 0.000213727806113, 0.000159418748808, 0.000160883893841, 0.000198826761334, 0.000165333418408, 0.000122308716527, 9.96632588794e-05, 5.96143072471e-05, 3.87512991438e-05, 2.67709910986e-05, 1.12064781206e-05, 1.04356786323e-05, 8.34595812194e-06, 8.02936301625e-06, 6.45681666356e-06, 6.18520243734e-06, 4.29203919339e-06, 3.07380855702e-06, 2.48599076258e-06, 2.41777365773e-06, 1.51949893734e-06, 1.22131632452e-06, 7.99949532393e-07, 2.84173410137e-07, 7.76109061462e-08, 3.18021662338e-08]
    },
    "melbands128": {
        "max": [0.000151975094923, 0.000468753423775, 0.000565854366869, 0.000272869248874, 5.95607853029e-05, 9.13176045287e-05, 0.000167752528796, 0.000108331092633, 0.000222165952437, 0.000146648730151, 0.000131578141009, 0.000161853720783, 0.000169335660757, 0.000342885730788, 0.000736839487217, 0.000434627581853, 0.000785745680332, 0.0010813253466, 0.00171033595689, 0.00151277333498, 0.00172959198244, 0.00250497064553, 0.0122081767768, 0.019985018298, 0.0101200798526, 0.00823135674, 0.00781315658242, 0.00985291600227, 0.0121995694935, 0.0121222464368, 0.0180538631976, 0.00894148554653, 0.0028940171469, 0.0019550875295, 0.00126828264911, 0.00205138558522, 0.003941366449, 0.00427293544635, 0.00234971661121, 0.00133886537515, 0.0015996186994, 0.00309146079235, 0.00306371506304, 0.00133460492361, 0.00174113595858, 0.00346740661189, 0.00267337146215, 0.00222270912491, 0.0013744427124, 0.00230304687284, 0.00133750296663, 0.00140432117041, 0.00164313637652, 0.00116206880193, 0.000662877922878, 0.000728601007722, 0.000936615921091, 0.000378997909138, 0.000396436982555, 0.000805943855084, 0.000284453824861, 0.000261865032371, 0.000142771925312, 9.65398794506e-05, 0.000140448057209, 0.00013539637439, 0.000101111771073, 6.64710023557e-05, 0.000101112294942, 0.000192058534594, 8.45246977406e-05, 0.000134594200063, 8.7305008492e-05, 9.29831294343e-05, 5.19486457051e-05, 0.000109465407149, 9.62775593507e-05, 4.00824610551e-05, 5.66056733078e-05, 4.89170306537e-05, 3.89359011024e-05, 2.59381613432e-05, 2.17807792069e-05, 2.61286313616e-05, 2.63387410087e-05, 3.58775359928e-05, 2.70919972536e-05, 5.2054230764e-05, 2.15104046219e-05, 1.2949099073e-05, 2.31393478316e-05, 2.110888272e-05, 1.07681180452e-05, 1.51611884576e-05, 4.60553974335e-06, 5.43689657206e-06, 3.81898325941e-06, 1.97309850591e-06, 1.20280515148e-06, 8.70205667525e-07, 8.16488068267e-07, 6.01896203989e-07, 5.17133798894e-07, 4.91645039347e-07, 4.6385252972e-07, 4.38373149336e-07, 4.15289605371e-07, 3.9283378328e-07, 3.72557678929e-07, 3.52931095904e-07, 3.37288327046e-07, 3.25074722696e-07, 3.13210904324e-07, 2.99525623859e-07, 2.87491417339e-07, 2.7699235261e-07, 2.67032106649e-07, 2.58593161107e-07, 2.52754659869e-07, 2.45629337314e-07, 2.38394591179e-07, 2.3203833166e-07, 2.27208900583e-07, 2.23707289138e-07, 2.20660268724e-07, 2.17200039287e-07, 2.15259319702e-07, 2.14124654008e-07],
        "mean": [2.03691729439e-06, 6.28013776804e-06, 6.1427053879e-06, 3.33280172526e-06, 1.54355404902e-06, 1.38407256145e-06, 1.66043264471e-06, 1.38896768931e-06, 1.73898638423e-06, 1.82369467439e-06, 2.04834600481e-06, 2.88313913188e-06, 3.62120135833e-06, 5.00146734339e-06, 7.41682197258e-06, 8.3947497842e-06, 1.00315046438e-05, 1.56758178491e-05, 2.6175264793e-05, 2.95750396617e-05, 3.09233982989e-05, 5.22096270288e-05, 0.000169643986737, 0.000306206580717, 0.000293973833323, 0.000210377766052, 0.000193508458324, 0.000195566070033, 0.000208124838537, 0.000247784540989, 0.000350814836565, 0.000171920895809, 6.29423229839e-05, 3.36021148541e-05, 3.08286653308e-05, 3.32997551595e-05, 4.71027597087e-05, 5.34281862201e-05, 3.85350540455e-05, 3.7203401007e-05, 3.75295094273e-05, 4.01849974878e-05, 3.80245874112e-05, 2.83955687337e-05, 3.10744217131e-05, 4.94590603921e-05, 3.8344598579e-05, 3.86890242225e-05, 3.97417898057e-05, 2.9431141229e-05, 2.84615161945e-05, 2.33090413531e-05, 2.16614153032e-05, 2.3356944439e-05, 1.39697622217e-05, 1.34261654239e-05, 1.28333786051e-05, 8.30445515021e-06, 7.22944969311e-06, 9.67248979578e-06, 5.95746405452e-06, 3.84655004382e-06, 2.82463679468e-06, 2.54134943134e-06, 2.65118956122e-06, 2.62515209215e-06, 2.17431306737e-06, 2.01183843274e-06, 1.88938065548e-06, 2.18873424274e-06, 1.69031750374e-06, 1.76016806108e-06, 1.56114549554e-06, 1.46314459926e-06, 1.27043313114e-06, 1.36219864544e-06, 1.3468409179e-06, 1.10178598334e-06, 9.9439364476e-07, 9.04781700228e-07, 7.37863445011e-07, 6.82177756062e-07, 6.40524831397e-07, 5.63338687698e-07, 5.7388734831e-07, 6.08631069099e-07, 4.77557932754e-07, 4.20645363874e-07, 2.6944744036e-07, 2.75297026064e-07, 2.79428263639e-07, 2.50807659086e-07, 2.07669089036e-07, 1.95062682451e-07, 1.14017538522e-07, 7.24298132582e-08, 3.77712474631e-08, 2.59136125891e-08, 1.2915744918e-08, 9.0292617827e-09, 4.63095917169e-09, 1.35048960903e-09, 9.77033343119e-10, 9.03567998201e-10, 8.53195292194e-10, 8.06439859335e-10, 7.65633001443e-10, 7.23529292035e-10, 6.86746381984e-10, 6.50958731363e-10, 6.22128404348e-10, 5.9866661628e-10, 5.75832548311e-10, 5.5049637071e-10, 5.2891596658e-10, 5.10409658983e-10, 4.9248799483e-10, 4.76202022259e-10, 4.65094962543e-10, 4.52516718541e-10, 4.39148328812e-10, 4.2772155262e-10, 4.18708012706e-10, 4.11617656626e-10, 4.05096484135e-10, 3.96993937724e-10, 3.9252484596e-10, 3.90329712996e-10],
        "min": [6.77100114995e-27, 1.68611545883e-26, 2.94293213511e-25, 1.43337949327e-25, 8.67512679402e-26, 3.58188555599e-25, 6.94248317886e-26, 6.71670995519e-27, 1.04147807942e-25, 4.18970830688e-25, 1.53115017431e-25, 1.28020513871e-25, 9.35747791849e-26, 8.0440503958e-26, 7.36212698185e-26, 1.27263342987e-25, 3.86796719586e-25, 5.18533458574e-25, 3.58983628784e-25, 5.59749764543e-25, 2.24012905211e-25, 3.13417839607e-25, 4.2182773976e-25, 5.99328789702e-25, 4.19166862623e-25, 1.92174898159e-25, 5.23094257898e-25, 2.39371509346e-25, 7.20150035693e-25, 6.1384294289e-25, 6.12222326768e-25, 7.00933137522e-25, 8.41506129377e-25, 2.26032956122e-25, 2.31729123504e-25, 4.19866385031e-25, 8.23656475067e-25, 9.94470400419e-25, 6.30356759864e-25, 8.85846423137e-25, 9.82421240345e-25, 1.43972617508e-24, 9.74227342122e-25, 1.07188664586e-24, 8.08558219683e-25, 4.8138215285e-25, 8.67465865438e-25, 8.77374155623e-25, 9.26572550661e-25, 1.18405724316e-24, 5.89120239335e-25, 9.30109112706e-25, 1.21437987307e-24, 1.57254067062e-24, 1.30098970071e-24, 1.12591168635e-24, 1.46233611191e-24, 1.2811919544e-24, 1.79382532505e-24, 1.1159171145e-24, 1.83780392608e-24, 1.65046346337e-24, 1.33574888435e-24, 1.93031877203e-24, 1.95183416436e-24, 1.99244176553e-24, 1.26511260257e-24, 1.83161176241e-24, 2.25950707512e-24, 1.80677289908e-24, 2.06363646223e-24, 2.17426671001e-24, 1.31411861415e-24, 2.53212399333e-24, 2.28698408653e-24, 2.29113467818e-24, 2.13654910076e-24, 2.14231153246e-24, 2.0900120266e-24, 1.8892376571e-24, 2.67826323704e-24, 2.97221371514e-24, 2.92622351879e-24, 2.65699988577e-24, 3.01990489281e-24, 2.52762866946e-24, 3.57650483436e-24, 3.09005375716e-24, 3.16962872047e-24, 3.08649402232e-24, 2.88704060042e-24, 3.92760710175e-24, 3.07267515142e-24, 3.15360498333e-24, 3.58340736728e-24, 2.63407164356e-24, 2.62149325642e-24, 2.53364984754e-24, 3.01820331984e-24, 3.44737579836e-24, 3.64124664885e-24, 3.64653162249e-24, 2.78090271828e-24, 3.87831512809e-24, 3.80857982407e-24, 3.81796371897e-24, 4.02460622752e-24, 3.83237581328e-24, 4.55251707289e-24, 4.59307951178e-24, 4.34401009159e-24, 4.8725820024e-24, 4.52171994315e-24, 3.79157237738e-24, 3.62180319969e-24, 4.50674460216e-24, 4.85668724402e-24, 3.5760208682e-24, 4.88683316908e-24, 4.77991687844e-24, 4.58648936777e-24, 4.77369868236e-24, 5.17800488464e-24, 4.91966753211e-24, 4.52567686945e-24, 4.39714421229e-24, 5.70455849482e-24, 5.05833981291e-24],
        "stdev": [1.0389473573e-05, 3.36135490215e-05, 3.61764541594e-05, 1.79963753908e-05, 6.84978112986e-06, 6.93001948093e-06, 1.03849888546e-05, 8.13633141661e-06, 1.15069151434e-05, 1.07211544673e-05, 9.79011747404e-06, 1.3916057469e-05, 1.65412147908e-05, 2.58960208157e-05, 4.5106986363e-05, 4.24049358116e-05, 5.15388237545e-05, 8.03658404038e-05, 0.000127552382764, 0.00013380398741, 0.000138310686452, 0.00023863829847, 0.00100824341644, 0.00170575303491, 0.00128048076294, 0.000875331810676, 0.000775268475991, 0.000738697184715, 0.00103471032344, 0.00110220047645, 0.00155043567065, 0.00078793161083, 0.000290861760732, 0.000174245637027, 0.000135004462209, 0.000168664977537, 0.000282817229163, 0.000279374798993, 0.000179942566319, 0.000161057396326, 0.000168714643223, 0.000219419336645, 0.00020520974067, 0.000123304474982, 0.000154387569637, 0.000282368360786, 0.000203869334655, 0.000195841712411, 0.000166468133102, 0.000151474159793, 0.000136361559271, 0.000109517721285, 0.000110789937025, 0.000116498318675, 5.92689248151e-05, 6.11112773186e-05, 7.20907482901e-05, 3.45579828718e-05, 3.10224204441e-05, 5.5593529396e-05, 2.59543594439e-05, 1.91591188923e-05, 1.25583201225e-05, 1.05205253931e-05, 1.25439246403e-05, 1.28730343931e-05, 9.45036299527e-06, 8.41667952045e-06, 8.19693195808e-06, 1.13792493721e-05, 7.8884040704e-06, 8.83045959199e-06, 7.43433975003e-06, 6.93328411216e-06, 5.80086452828e-06, 7.32874468667e-06, 7.16975227988e-06, 4.73984437122e-06, 4.48766923e-06, 4.23378924097e-06, 3.3246460589e-06, 2.9889436064e-06, 2.69121028396e-06, 2.46987860919e-06, 2.74928765975e-06, 2.97815699923e-06, 2.27262262342e-06, 2.69935276265e-06, 1.38272707773e-06, 1.28455394588e-06, 1.47230184666e-06, 1.29683837713e-06, 1.01784530671e-06, 1.06841935121e-06, 5.31592888819e-07, 4.09010254998e-07, 2.46516663083e-07, 1.50193713466e-07, 7.77323378998e-08, 6.0436342153e-08, 4.8523137508e-08, 2.59766022026e-08, 2.20310170107e-08, 2.09443573596e-08, 1.97603533536e-08, 1.86749140596e-08, 1.76914802807e-08, 1.67348819247e-08, 1.58710893317e-08, 1.50349777073e-08, 1.43685872089e-08, 1.38483180478e-08, 1.33429534088e-08, 1.27599601996e-08, 1.2247275194e-08, 1.17999805482e-08, 1.13756533082e-08, 1.10161790801e-08, 1.07674686944e-08, 1.0463906186e-08, 1.01557073862e-08, 9.88491866138e-09, 9.67918367678e-09, 9.53003809201e-09, 9.40026989582e-09, 9.25293264231e-09, 9.17029474579e-09, 9.12196185254e-09]
    },
    "mfcc": {
        "mean": [-1178.68518066, 16.0641498566, -12.2917032242, -2.55247449875, -6.08028793335, 0.730356097221, -2.21116828918, 3.73903107643, 1.33884596825, 3.00976705551, -0.754692852497, 0.187099516392, -1.5124143362],
        "cov": [[47173.109375, 8055.296875, -6425.36621094, -1269.42993164, -3185.87597656, 418.947113037, -1316.59924316, 1888.77575684, 623.192749023, 1546.85144043, -449.295410156, 231.165222168, -702.194580078], [8055.296875, 1593.05554199, -1184.92297363, -240.436645508, -587.110961914, 69.7315826416, -198.474151611, 367.406433105, 139.537811279, 290.000976562, -72.995300293, 0.0730945467949, -152.867919922], [-6425.36621094, -1184.92297363, 934.550292969, 182.788360596, 454.253662109, -58.2034683228, 167.866455078, -284.230285645, -98.8304443359, -219.609802246, 65.8264389038, -11.1546182632, 111.039733887], [-1269.42993164, -240.436645508, 182.788360596, 50.0504150391, 90.2147903442, -11.7044935226, 28.6991004944, -56.2864875793, -20.4321918488, -44.6039924622, 10.5041484833, 0.944000184536, 23.6271648407], [-3185.87597656, -587.110961914, 454.253662109, 90.2147903442, 234.115447998, -28.1796989441, 84.4012298584, -139.923873901, -49.6759719849, -110.208953857, 32.3608970642, -6.50403928757, 53.7860336304], [418.947113037, 69.7315826416, -58.2034683228, -11.7044935226, -28.1796989441, 11.8016061783, -9.67031288147, 20.2065753937, 5.84651327133, 12.3409461975, -7.34014749527, 0.151168361306, -6.70347309113], [-1316.59924316, -198.474151611, 167.866455078, 28.6991004944, 84.4012298584, -9.67031288147, 51.2494163513, -44.5967826843, -12.0888614655, -41.810874939, 10.3953676224, -15.4391345978, 12.9690971375], [1888.77575684, 367.406433105, -284.230285645, -56.2864875793, -139.923873901, 20.2065753937, -44.5967826843, 99.9569778442, 31.9214057922, 68.198387146, -22.428396225, -2.46277141571, -39.6507034302], [623.192749023, 139.537811279, -98.8304443359, -20.4321918488, -49.6759719849, 5.84651327133, -12.0888614655, 31.9214057922, 20.8922939301, 23.6494522095, -6.60060977936, -5.23821878433, -13.6701335907], [1546.85144043, 290.000976562, -219.609802246, -44.6039924622, -110.208953857, 12.3409461975, -41.810874939, 68.198387146, 23.6494522095, 59.9243659973, -11.9578857422, 4.63775444031, -27.2993621826], [-449.295410156, -72.995300293, 65.8264389038, 10.5041484833, 32.3608970642, -7.34014749527, 10.3953676224, -22.428396225, -6.60060977936, -11.9578857422, 16.6443252563, 4.19818925858, 8.23247146606], [231.165222168, 0.0730945467949, -11.1546182632, 0.944000184536, -6.50403928757, 0.151168361306, -15.4391345978, -2.46277141571, -5.23821878433, 4.63775444031, 4.19818925858, 19.7477359772, 4.75918960571], [-702.194580078, -152.867919922, 111.039733887, 23.6271648407, 53.7860336304, -6.70347309113, 12.9690971375, -39.6507034302, -13.6701335907, -27.2993621826, 8.23247146606, 4.75918960571, 20.8389339447]],
        "icov": [[0.00100479787216, -0.000431129476056, 0.00358701380901, 0.0032748314552, 0.00250793318264, -0.00280555360951, 0.00384258921258, 0.00280200690031, 0.000398828502512, -0.00216833525337, 0.00406216178089, -0.00609284592792, 0.000641246850137], [-0.000431129476056, 0.0283221881837, 0.0196244828403, -0.00264991843142, 0.019482228905, -0.00193785782903, -0.00733680371195, 0.0100929420441, -0.0185056328773, -0.0215103346854, -0.0260615609586, 0.0163752883673, 0.030771099031], [0.00358701380901, 0.0196244828403, 0.0592831224203, -0.00398734724149, -0.000388566753827, -0.0105558652431, -0.00940494984388, 0.0373164080083, -0.000701102486346, -0.0174201633781, -0.0135277537629, -0.00715065328404, 0.011620153673], [0.0032748314552, -0.00264991843142, -0.00398734724149, 0.0954115316272, -0.00658212369308, 0.00773017480969, 0.0281817167997, -0.00522083602846, -0.00931521132588, 0.00765023054555, 0.0383770167828, -0.0367530882359, -0.00687372405082], [0.00250793318264, 0.019482228905, -0.000388566753827, -0.00658212369308, 0.117522455752, -0.0166469495744, -0.0104681299999, 0.0342718213797, 0.0127307660878, 0.0140090193599, -0.0282818134874, 0.00271073216572, 0.0372538082302], [-0.00280555360951, -0.00193785782903, -0.0105558652431, 0.00773017480969, -0.0166469495744, 0.162366017699, -0.0159948598593, -0.0504623688757, -0.00224319146946, 0.0213619582355, 0.0323881059885, -0.00237692683004, -0.0378743596375], [0.00384258921258, -0.00733680371195, -0.00940494984388, 0.0281817167997, -0.0104681299999, -0.0159948598593, 0.128870561719, -0.00735995965078, -0.01644811593, 0.0312656573951, 0.00150726863649, 0.0217623598874, 0.0460922271013], [0.00280200690031, 0.0100929420441, 0.0373164080083, -0.00522083602846, 0.0342718213797, -0.0504623688757, -0.00735995965078, 0.147537529469, -0.00157612899784, -0.0378666371107, 0.0136232515797, -0.00607649423182, 0.101515576243], [0.000398828502512, -0.0185056328773, -0.000701102486346, -0.00931521132588, 0.0127307660878, -0.00224319146946, -0.01644811593, -0.00157612899784, 0.148450538516, 0.00494052190334, -0.00834100786597, 0.0350817590952, -0.0352203138173], [-0.00216833525337, -0.0215103346854, -0.0174201633781, 0.00765023054555, 0.0140090193599, 0.0213619582355, 0.0312656573951, -0.0378666371107, 0.00494052190334, 0.204899415374, -0.0366132110357, -0.00432441476732, 0.0196116641164], [0.00406216178089, -0.0260615609586, -0.0135277537629, 0.0383770167828, -0.0282818134874, 0.0323881059885, 0.00150726863649, 0.0136232515797, -0.00834100786597, -0.0366132110357, 0.173768207431, -0.0896043479443, -0.0189503636211], [-0.00609284592792, 0.0163752883673, -0.00715065328404, -0.0367530882359, 0.00271073216572, -0.00237692683004, 0.0217623598874, -0.00607649423182, 0.0350817590952, -0.00432441476732, -0.0896043479443, 0.172143265605, -0.0248437132686], [0.000641246850137, 0.030771099031, 0.011620153673, -0.00687372405082, 0.0372538082302, -0.0378743596375, 0.0460922271013, 0.101515576243, -0.0352203138173, 0.0196116641164, -0.0189503636211, -0.0248437132686, 0.313078910112]]
    },
    "spectral_contrast_coeffs": {
        "max": [-0.662036120892, -0.58548104763, -0.524317383766, -0.743310332298, -0.707937419415, -0.540843427181],
        "mean": [-0.938854515553, -0.93223965168, -0.921374559402, -0.938958287239, -0.93657118082, -0.914934039116],
        "min": [-0.984611928463, -0.996177375317, -0.976466715336, -0.975704550743, -0.969519376755, -0.9656676054],
        "stdev": [0.0624647848308, 0.081113755703, 0.0988584309816, 0.0541588887572, 0.0585394240916, 0.112108007073]
    },
    "spectral_contrast_valleys": {
        "max": [-6.91156959534, -4.73089742661, -4.66077899933, -4.91026735306, -5.66607570648, -8.27926540375],
        "mean": [-24.4876289368, -24.2111339569, -24.2035903931, -24.2128772736, -24.3231372833, -24.9693756104],
        "min": [-28.2484607697, -28.2354984283, -27.9744815826, -27.7588882446, -27.6029624939, -27.4927349091],
        "stdev": [6.54047822952, 7.2248339653, 7.35837459564, 7.26198863983, 7.0364780426, 5.48325204849]
    }
},
"rhythm": {
    "beats_count": 27,
    "beats_loudness": {
        "max": 0.125120669603,
        "mean": 0.00769184203818,
        "min": 0,
        "stdev": 0.0248396713287
    },
    "bpm": 162.243270874,
    "bpm_histogram_first_peak_bpm": 161,
    "bpm_histogram_first_peak_weight": 0,
    "bpm_histogram_second_peak_bpm": 101,
    "bpm_histogram_second_peak_spread": 0.33333337307,
    "bpm_histogram_second_peak_weight": 0.153846159577,
    "danceability": 0.906511068344,
    "onset_rate": 0.940485656261,
    "beats_loudness_band_ratio": {
        "max": [0.00385206309147, 0.00397822121158, 0.634762346745, 0.909829497337, 0.20438914001, 0.0448108203709],
        "mean": [0.000485724245664, 0.000582871842198, 0.0730259567499, 0.113299779594, 0.0208519529551, 0.00353363901377],
        "min": [0, 0, 0, 0, 0, 0],
        "stdev": [0.00112955784425, 0.00128625333309, 0.169275417924, 0.247265487909, 0.0518972538412, 0.00991859473288]
    },
    "beats_position": [0.580498874187, 1.17260766029, 1.764716506, 2.35682535172, 2.94893407822, 3.52943301201, 4.1099319458, 4.66721057892, 5.22448968887, 5.78176879883, 6.30421733856, 6.82666635513, 7.3491153717, 7.80190467834, 8.25469398499, 8.70748329163, 9.07900238037, 9.45052146912, 9.82204055786, 10.1935596466, 10.5650787354, 10.9365987778, 11.2965078354, 11.6448068619, 11.9931058884, 12.3297958374, 12.6780948639],
