{
"metadata": {
    "version": {
        "essentia": "2.1-beta5",
        "essentia_git_sha": "Undefined",
        "extractor": "music 2.0"
    },
    "audio_properties": {
        "analysis": {
            "equal_loudness": 0,
            "length": 12.7477550507,
            "sample_rate": 44100,
            "start_time": 0,
            "downmix": "mix"
        },
        "bit_rate": 192000,
        "length": 218.406890869,
        "lossless": 0,
        "number_channels": 2,
        "replay_gain": 5.87896156311,
        "sample_rate": 48000,
        "codec": "mp3",
        "md5_encoded": "bb240bc267a83ce5e95e53645dfa1443"
    },
    "tags": {
        "file_name": "France_Diwanit Bugale_Dan Ar Braz et l_Héritage des Celtes.mp3",
        "encoding": ["Lavf58.29.100"]
    }
},
"lowlevel": {
    "average_loudness": 0.000219153153012,
    "barkbands_crest": {
        "max": 18.608789444,
        "mean": 6.84905815125,
        "min": 3.6259522438,
        "stdev": 1.66089463234
    },
    "barkbands_flatness_db": {
        "max": 0.20228202641,
        "mean": 0.0840395465493,
        "min": 0.0539299286902,
        "stdev": 0.0257120076567
    },
    "barkbands_kurtosis": {
        "max": 7.99986743927,
        "mean": 2.90489625931,
        "min": -1.65150499344,
        "stdev": 1.25356769562
    },
    "barkbands_skewness": {
        "max": 2.50727725029,
        "mean": -1.45189940929,
        "min": -2.22936463356,
        "stdev": 0.988932430744
    },
    "barkbands_spread": {
        "max": 47.5158424377,
        "mean": 25.2964515686,
        "min": 5.1240272522,
        "stdev": 5.37457704544
    },
    "dissonance": {
        "max": 0.500000119209,
        "mean": 0.490362107754,
        "min": 0.402536481619,
        "stdev": 0.0127688581124
    },
    "dynamic_complexity": 10.9537248611,
    "erbbands_crest": {
        "max": 17.2029857635,
        "mean": 4.17361879349,
        "min": 2.55843806267,
        "stdev": 2.15362906456
    },
    "erbbands_flatness_db": {
        "max": 0.290359973907,
        "mean": 0.115724295378,
        "min": 0.0814414545894,
        "stdev": 0.0420691780746
    },
    "erbbands_kurtosis": {
        "max": 5.38496494293,
        "mean": 0.0883319750428,
        "min": -1.61044788361,
        "stdev": 0.580481767654
    },
    "erbbands_skewness": {
        "max": 2.14229917526,
        "mean": -0.489217251539,
        "min": -1.20759046078,
        "stdev": 0.447564840317
    },
    "erbbands_spread": {
        "max": 57.8631973267,
        "mean": 35.1378860474,
        "min": 9.49116420746,
        "stdev": 6.34508228302
    },
    "hfc": {
        "max": 562.613647461,
        "mean": 12.3282461166,
        "min": 1.04486629329e-16,
        "stdev": 60.4316139221
    },
    "loudness_ebu128": {
        "integrated": -23.276725769,
        "loudness_range": 15.0682659149,
        "momentary": {
            "max": -19.684343338,
            "mean": -258.333435059,
            "min": -300.691009521,
            "stdev": 97.4547653198
        },
        "short_term": {
            "max": -26.2282142639,
            "mean": -248.731536865,
            "min": -300.691009521,
            "stdev": 103.775512695
        }
    },
    "melbands_crest": {
        "max": 19.4799194336,
        "mean": 3.52322363853,
        "min": 1.01689004898,
        "stdev": 3.29932880402
    },
    "melbands_flatness_db": {
        "max": 0.246467813849,
        "mean": 0.0266855340451,
        "min": 1.02250294276e-06,
        "stdev": 0.0525642037392
    },
    "melbands_kurtosis": {
        "max": 15.6307430267,
        "mean": -0.395334213972,
        "min": -1.48434507847,
        "stdev": 2.5437233448
    },
    "melbands_skewness": {
        "max": 3.4356906414,
        "mean": 0.219755381346,
        "min": -0.402428716421,
        "stdev": 0.660951852798
    },
    "melbands_spread": {
        "max": 168.463226318,
        "mean": 116.626663208,
        "min": 6.85854768753,
        "stdev": 37.5965843201
    },
    "pitch_salience": {
        "max": 0.996965110302,
        "mean": 0.776213765144,
        "min": 0.515085637569,
        "stdev": 0.0477353073657
    },
    "silence_rate_20dB": {
        "max": 1,
        "mean": 0.990909099579,
        "min": 0,
        "stdev": 0.0949118584394
    },
    "silence_rate_30dB": {
        "max": 1,
        "mean": 0.972727298737,
        "min": 0,
        "stdev": 0.162877053022
    },
    "silence_rate_60dB": {
        "max": 1,
        "mean": 0.879999995232,
        "min": 0,
        "stdev": 0.324961453676
    },
    "spectral_centroid": {
        "max": 12014.1240234,
        "mean": 9679.19824219,
        "min": 692.638305664,
        "stdev": 3291.72827148
    },
    "spectral_complexity": {
        "max": 61,
        "mean": 4.10181808472,
        "min": 0,
        "stdev": 11.9115114212
    },
    "spectral_decrease": {
        "max": 2.25416233295e-28,
        "mean": -2.38069430836e-09,
        "min": -1.46023467096e-07,
        "stdev": 1.31551418647e-08
    },
    "spectral_energy": {
        "max": 0.592757761478,
        "mean": 0.0101034902036,
        "min": 9.59455516671e-21,
        "stdev": 0.0541603006423
    },
    "spectral_energyband_high": {
        "max": 0.0821899622679,
        "mean": 0.000655363837723,
        "min": 6.77582090716e-21,
        "stdev": 0.00564639503136
    },
    "spectral_energyband_low": {
        "max": 0.0364826433361,
        "mean": 0.000545260263607,
        "min": 9.96914370389e-24,
        "stdev": 0.00304372305982
    },
    "spectral_energyband_middle_high": {
        "max": 0.141434013844,
        "mean": 0.00287420721725,
        "min": 1.11132391824e-21,
        "stdev": 0.0125953136012
    },
    "spectral_energyband_middle_low": {
        "max": 0.512978136539,
        "mean": 0.00626918999478,
        "min": 1.29445284032e-22,
        "stdev": 0.0412576012313
    },
    "spectral_entropy": {
        "max": 9.83270835876,
        "mean": 9.49568557739,
        "min": 6.99511098862,
        "stdev": 0.73790538311
    },
    "spectral_flux": {
        "max": 0.672971189022,
        "mean": 0.0211868528277,
        "min": 6.20718407229e-11,
        "stdev": 0.0772569999099
    },
    "spectral_kurtosis": {
        "max": 16.0172290802,
        "mean": -0.383463799953,
        "min": -1.27803015709,
        "stdev": 2.18306040764
    },
    "spectral_rms": {
        "max": 0.0240478739142,
        "mean": 0.000881146697793,
        "min": 3.05950013588e-12,
        "stdev": 0.00301341130398
    },
    "spectral_rolloff": {
        "max": 19832.0800781,
        "mean": 16385.3242188,
        "min": 516.796875,
        "stdev": 5752.61962891
    },
    "spectral_skewness": {
        "max": 3.39893221855,
        "mean": 0.210244342685,
        "min": -0.0922908782959,
        "stdev": 0.542453885078
    },
    "spectral_spread": {
        "max": 43016696,
        "mean": 35015184,
        "min": 2385066.5,
        "stdev": 13178423
    },
    "spectral_strongpeak": {
        "max": 13.3421850204,
        "mean": 0.25557616353,
        "min": 0,
        "stdev": 1.03216826916
    },
    "zerocrossingrate": {
        "max": 0.8125,
        "mean": 0.441427558661,
        "min": 0.03564453125,
        "stdev": 0.149518325925
    },
    "barkbands": {
        "max": [0.000973808462732, 0.0031963409856, 0.0322242826223, 0.0943127423525, 0.0911365225911, 0.248897612095, 0.25369104743, 0.170801118016, 0.08016705513, 0.0078202476725, 0.00319683994167, 0.016499876976, 0.0204596873373, 0.0240734163672, 0.0228283554316, 0.0450170226395, 0.0156917758286, 0.0468467697501, 0.0290672723204, 0.0273574665189, 0.0280566997826, 0.0382169112563, 0.0147230317816, 0.0105955041945, 0.00116129789967, 7.47150843381e-05, 6.7966620918e-06],
        "mean": [9.55091582e-06, 6.20100690867e-05, 0.000272554781986, 0.000649192952551, 0.00105058297049, 0.00212967814878, 0.000924720312469, 0.000859808642417, 0.000510468380526, 0.000291775912046, 8.87166315806e-05, 0.000281272281427, 0.000213017410715, 0.000325923407217, 0.00039302080404, 0.000493668427225, 0.000205028714845, 0.000251439487329, 0.000258361425949, 0.000255074119195, 0.000185661614523, 0.00019927577523, 0.000109751643322, 7.07226572558e-05, 1.0643369933e-05, 1.5285719428e-06, 4.40764438281e-08],
        "min": [5.25472944698e-26, 1.14266147134e-24, 7.85571256639e-25, 2.46242192008e-25, 3.72277029581e-24, 3.61335055509e-24, 3.9370071683e-24, 3.92654608384e-24, 7.62055569434e-24, 9.52034416883e-24, 1.33368295625e-23, 1.83782755247e-23, 2.217942704e-23, 2.22165224352e-23, 3.53276525818e-23, 3.80415139561e-23, 2.26970081463e-23, 6.89326980039e-23, 1.02467093043e-22, 1.388406679e-22, 2.18041734805e-22, 2.86505167855e-22, 3.61047424202e-22, 4.8943086359e-22, 8.48945903395e-22, 1.24387284613e-21, 1.80470109949e-21],
        "stdev": [6.63475002511e-05, 0.00033016121597, 0.00199895002879, 0.00622140383348, 0.00730692083016, 0.0174965560436, 0.0114781558514, 0.0104020358995, 0.00368179637007, 0.000996075337753, 0.000357621174771, 0.00131425249856, 0.00108732073568, 0.00168427964672, 0.00161671638489, 0.00321506289765, 0.00100261927582, 0.00232527195476, 0.00190208735876, 0.00179028487764, 0.00175176153425, 0.00210371683352, 0.000986375147477, 0.000651787617244, 6.9631729275e-05, 7.11377197149e-06, 4.64308300252e-07]
    },
    "erbbands": {
        "max": [0.150415167212, 0.95510751009, 25.3098907471, 134.359527588, 450.345001221, 549.186218262, 805.334838867, 3085.86328125, 1480.75268555, 5010.14501953, 2890.7980957, 1543.06945801, 426.332305908, 173.37449646, 256.177764893, 631.544372559, 949.332519531, 1307.15039062, 1024.61889648, 1900.18310547, 2511.87768555, 980.869018555, 3054.25097656, 863.642456055, 2116.20654297, 859.614196777, 564.675170898, 1717.20202637, 1336.28271484, 668.129516602, 434.300079346, 310.390533447, 110.189628601, 24.0774002075, 3.26525020599, 0.613240540028, 0.0869882553816, 0.00519524607807, 0.00131717463955, 0.000739834737033],
        "mean": [0.00120607123245, 0.0200431216508, 0.240086749196, 1.18169176579, 2.68296718597, 4.40607309341, 5.96102714539, 23.4483070374, 12.0957918167, 21.2484340668, 15.2665557861, 10.0757188797, 12.3092536926, 6.60789489746, 6.03938674927, 11.6846857071, 10.1251897812, 16.9756755829, 16.0209636688, 25.6841049194, 24.4879055023, 12.6347455978, 15.5925855637, 7.27810621262, 20.7014389038, 9.55142688751, 5.39255046844, 9.86078739166, 6.78188180923, 4.72797060013, 3.00989031792, 2.17429327965, 0.731953203678, 0.184508427978, 0.050123795867, 0.0134135801345, 0.00131523271557, 7.05612765159e-05, 1.60073559528e-05, 1.42474536915e-05],
        "min": [6.01088343951e-23, 3.70375925287e-22, 1.86592922653e-21, 2.85685747109e-21, 9.68849832737e-21, 1.18981530063e-20, 2.04712629011e-20, 3.60596624904e-20, 5.67882819596e-20, 1.32912867165e-19, 1.7859940949e-19, 1.93264572118e-19, 3.74817404135e-19, 4.03955901038e-19, 5.84415458779e-19, 9.44878797745e-19, 1.23006802888e-18, 1.89454697124e-18, 2.6640941882e-18, 2.10048806039e-18, 3.0290572346e-18, 2.33391367297e-18, 4.79813103988e-18, 4.83241478113e-18, 5.48891329173e-18, 5.77509627698e-18, 6.18637378626e-18, 5.97125430103e-18, 9.54214957844e-18, 1.04043124863e-17, 9.87480026178e-18, 8.7619263549e-18, 7.83999303036e-18, 7.66973692642e-18, 5.78048784021e-18, 3.83352594908e-18, 2.16093697199e-18, 8.65232575092e-19, 2.36558688391e-19, 2.44974175143e-20],
        "stdev": [0.00776648614556, 0.0989246219397, 1.54982221127, 8.98912811279, 26.0656013489, 37.9024391174, 46.127040863, 198.901473999, 97.7114181519, 266.171966553, 182.49520874, 72.4356918335, 45.6817321777, 23.0045909882, 25.0690479279, 52.6402587891, 50.9596328735, 81.9847564697, 68.2905197144, 128.838165283, 160.69303894, 64.47681427, 148.973846436, 46.4592094421, 157.292602539, 57.3520736694, 40.4329948425, 101.068756104, 71.5498962402, 43.2542457581, 27.7075748444, 20.2729225159, 6.48784017563, 1.39994728565, 0.262949317694, 0.0607389360666, 0.00679482379928, 0.000446636491688, 0.000102487763797, 7.38176167943e-05]
    },
    "gfcc": {
        "mean": [-1084.74768066, 9.61077785492, -26.6216983795, 3.3132789135, -10.7281570435, 2.51911973953, -5.79439306259, 1.20235466957, -2.94829010963, -0.746946632862, -2.48967266083, -1.37540078163, -0.153705358505],
        "cov": [[192517.203125, 10951.5488281, -27527.7167969, 3868.91723633, -11103.8974609, 2566.21875, -6247.66650391, 1074.09887695, -3025.97070312, -777.58416748, -2499.29418945, -1501.31884766, -193.493637085], [10951.5488281, 995.267333984, -1419.82189941, 291.360870361, -561.158874512, 42.2777137756, -398.71194458, -0.886867284775, -176.183166504, -77.5266494751, -122.884307861, -127.628929138, -12.959028244], [-27527.7167969, -1419.82189941, 4137.94580078, -456.084838867, 1653.52990723, -430.343994141, 857.132324219, -210.215652466, 445.010131836, 111.433914185, 384.173797607, 204.856994629, 16.150598526], [3868.91723633, 291.360870361, -456.084838867, 174.451583862, -193.455154419, 37.038028717, -134.761383057, -15.0687227249, -49.6787338257, -31.313741684, -39.3801727295, -31.3645763397, 2.63616275787], [-11103.8974609, -561.158874512, 1653.52990723, -193.455154419, 688.955932617, -166.026367188, 346.097625732, -72.0530014038, 171.011611938, 42.1550445557, 148.746383667, 85.2341156006, 7.4905500412], [2566.21875, 42.2777137756, -430.343994141, 37.038028717, -166.026367188, 115.154937744, -48.1134910583, 44.3937301636, -38.7463912964, -3.09399247169, -46.4419288635, -7.22180604935, 7.8356423378], [-6247.66650391, -398.71194458, 857.132324219, -134.761383057, 346.097625732, -48.1134910583, 229.331253052, -19.2107505798, 101.463615417, 29.6835613251, 75.2957458496, 50.631439209, 10.621052742], [1074.09887695, -0.886867284775, -210.215652466, -15.0687227249, -72.0530014038, 44.3937301636, -19.2107505798, 39.8330802917, -16.9267444611, 6.62254190445, -22.4866199493, -0.706046879292, 0.869484066963], [-3025.97070312, -176.183166504, 445.010131836, -49.6787338257, 171.011611938, -38.7463912964, 101.463615417, -16.9267444611, 66.9866867065, 19.8870353699, 47.0254173279, 24.1224403381, 3.81907010078], [-777.58416748, -77.5266494751, 111.433914185, -31.313741684, 42.1550445557, -3.09399247169, 29.6835613251, 6.62254190445, 19.8870353699, 27.2171535492, 13.6132907867, 9.21071815491, -3.66729545593], [-2499.29418945, -122.884307861, 384.173797607, -39.3801727295, 148.746383667, -46.4419288635, 75.2957458496, -22.4866199493, 47.0254173279, 13.6132907867, 44.2161598206, 19.5502529144, 1.3844448328], [-1501.31884766, -127.628929138, 204.856994629, -31.3645763397, 85.2341156006, -7.22180604935, 50.631439209, -0.706046879292, 24.1224403381, 9.21071815491, 19.5502529144, 26.3515739441, 6.98510742188], [-193.493637085, -12.959028244, 16.150598526, 2.63616275787, 7.4905500412, 7.8356423378, 10.621052742, 0.869484066963, 3.81907010078, -3.66729545593, 1.3844448328, 6.98510742188, 10.8946285248]],
        "icov": [[0.00134220090695, -0.00231068860739, 0.00412748288363, -0.00600713351741, 0.00384895200841, -0.0028687256854, 0.00702437898144, -0.00222150818445, 0.00315698492341, -0.00474408781156, -0.00163369462825, -0.00306029198691, 0.00863671675324], [-0.00231068860739, 0.0150690153241, -0.00235271453857, 0.00459862779826, -0.0181180723011, 0.00946735963225, -0.00112612289377, 0.0029281268362, 0.000162907672348, 0.00626602442935, -0.0103448713198, 0.0442811138928, -0.0392516218126], [0.00412748288363, -0.00235271453857, 0.0393577627838, -0.0205847658217, -0.0271197129041, 0.00203487579711, 0.00387312751263, 0.0326729826629, -0.00352849857882, -0.0267930049449, -0.015322922729, -0.00830794405192, 0.0274338107556], [-0.00600713351741, 0.00459862779826, -0.0205847658217, 0.0521481968462, -0.0151991080493, -0.00365417031571, -0.0165447406471, 0.0356677733362, -0.0330446921289, 0.0275425259024, 0.0207644831389, -0.00178699102253, -0.037599183619], [0.00384895200841, -0.0181180723011, -0.0271197129041, -0.0151991080493, 0.0854274556041, -0.0139232072979, 0.0201420057565, -0.0598731078207, 0.0297162905335, 0.00602588988841, 0.00624912092462, -0.0419986695051, 0.0448545664549], [-0.0028687256854, 0.00946735963225, 0.00203487579711, -0.00365417031571, -0.0139232072979, 0.0499339066446, -0.0447461009026, -0.00426450558007, -0.000786810705904, -0.00409754971042, 0.0180126298219, 0.00352754304186, -0.0298529528081], [0.00702437898144, -0.00112612289377, 0.00387312751263, -0.0165447406471, 0.0201420057565, -0.0447461009026, 0.122001647949, -0.034446682781, 0.00172650965396, -0.00949670001864, -0.013517822139, 0.0460213571787, -0.00776760652661], [-0.00222150818445, 0.0029281268362, 0.0326729826629, 0.0356677733362, -0.0598731078207, -0.00426450558007, -0.034446682781, 0.162444621325, -0.051253374666, -0.0323189012706, 0.0508074723184, -0.0398491695523, -0.0020077584777], [0.00315698492341, 0.000162907672348, -0.00352849857882, -0.0330446921289, 0.0297162905335, -0.000786810705904, 0.00172650965396, -0.051253374666, 0.120759777725, -0.026410061866, -0.083051212132, 0.03013943322, -0.00796027854085], [-0.00474408781156, 0.00626602442935, -0.0267930049449, 0.0275425259024, 0.00602588988841, -0.00409754971042, -0.00949670001864, -0.0323189012706, -0.026410061866, 0.100937202573, -0.0212102718651, -0.00104179233313, 0.0134903751314], [-0.00163369462825, -0.0103448713198, -0.015322922729, 0.0207644831389, 0.00624912092462, 0.0180126298219, -0.013517822139, 0.0508074723184, -0.083051212132, -0.0212102718651, 0.227799788117, -0.0753994956613, 0.00961075071245], [-0.00306029198691, 0.0442811138928, -0.00830794405192, -0.00178699102253, -0.0419986695051, 0.00352754304186, 0.0460213571787, -0.0398491695523, 0.03013943322, -0.00104179233313, -0.0753994956613, 0.262685984373, -0.174034446478], [0.00863671675324, -0.0392516218126, 0.0274338107556, -0.037599183619, 0.0448545664549, -0.0298529528081, -0.00776760652661, -0.0020077584777, -0.00796027854085, 0.0134903751314, 0.00961075071245, -0.174034446478, 0.282976835966]]
    },
    "melbands": {
        "max": [0.00107294076588, 0.00896679982543, 0.0359756685793, 0.0209671873599, 0.0234977975488, 0.0602521896362, 0.0326762460172, 0.0471567027271, 0.0246350932866, 0.00788701046258, 0.00205584312789, 0.000715034955647, 0.000478825240862, 0.00195327168331, 0.00110848306213, 0.00239931885153, 0.00267756846733, 0.0020773622673, 0.00178204104304, 0.00312850670889, 0.00247750012204, 0.000817894469947, 0.00201252638362, 0.00220268941484, 0.000464709650259, 0.00126202160027, 0.00173225358594, 0.000407014478697, 0.000304855551803, 0.000612613279372, 0.00120197609067, 0.000857141858432, 0.000542112102266, 0.0003016894334, 0.000250761659117, 0.000222422997467, 0.000180628907401, 9.67114756349e-05, 2.84189645754e-05, 1.60996823979e-05],
        "mean": [1.38143259392e-05, 9.72256166278e-05, 0.000268946401775, 0.000230960460613, 0.000220040397835, 0.000476541579701, 0.000195837739739, 0.000231392739806, 0.000112207992061, 6.66549094603e-05, 5.95615856582e-05, 2.58939453488e-05, 1.48093731696e-05, 3.50003538188e-05, 2.0428587959e-05, 2.42844525928e-05, 3.22416090057e-05, 2.34921990341e-05, 3.06626934616e-05, 3.7835114199e-05, 2.51471356023e-05, 1.24286807477e-05, 1.43163024404e-05, 1.07767336885e-05, 4.70206714454e-06, 1.1598742276e-05, 1.58565180755e-05, 4.48188848168e-06, 3.15522265737e-06, 4.13589623349e-06, 6.44786723569e-06, 4.20326523454e-06, 2.88208821075e-06, 2.41522093347e-06, 1.68898998254e-06, 1.56499538662e-06, 1.27360465285e-06, 5.89740182022e-07, 2.14492544615e-07, 1.27714599785e-07],
        "min": [5.23357096491e-25, 9.06711892688e-25, 1.01647774613e-24, 8.7277697009e-25, 6.76115376229e-25, 6.68672966626e-25, 8.96433725346e-25, 1.18244037413e-24, 1.40277770521e-24, 1.12170607164e-24, 1.91834406071e-24, 1.53170745523e-24, 2.11768822538e-24, 1.96891201688e-24, 2.60007903551e-24, 2.35317977167e-24, 2.22817845035e-24, 2.60049614571e-24, 3.0751371863e-24, 2.22477431833e-24, 2.10577169255e-24, 1.46300674229e-24, 3.14432758465e-24, 2.40247253419e-24, 3.12805949785e-24, 3.51153977224e-24, 4.2276949177e-24, 3.45363107091e-24, 3.13778398344e-24, 4.53056386276e-24, 2.65823405865e-24, 5.13218981542e-24, 4.79934612811e-24, 4.73478496276e-24, 5.2083839181e-24, 3.90995831115e-24, 4.78741263476e-24, 4.64252452446e-24, 4.68841611319e-24, 5.82327890562e-24],
        "stdev": [7.42442789488e-05, 0.000580053485464, 0.00232524704188, 0.00164158665575, 0.00156182690989, 0.00397189427167, 0.00173783896025, 0.00281410198659, 0.00138154742308, 0.000391821289668, 0.000220449772314, 9.24868363654e-05, 5.96835234319e-05, 0.000165572622791, 8.86165580596e-05, 0.000126978920889, 0.000162668016856, 0.000116300281661, 0.000127482315293, 0.000243273112574, 0.000156636349857, 6.00960374868e-05, 0.000112344830995, 0.00010528844723, 2.68710173259e-05, 8.44063906698e-05, 0.000126303100842, 2.59089465544e-05, 2.19346275117e-05, 4.08641099057e-05, 6.95562121109e-05, 4.64428594569e-05, 2.83666286123e-05, 2.15584514081e-05, 1.56667283591e-05, 1.46157044583e-05, 1.21389575725e-05, 5.42609768672e-06, 1.64095433774e-06, 9.40428321883e-07]
    },
    "melbands128": {
        "max": [0.00056486739777, 0.00146121007856, 0.00120282138232, 0.00215103384107, 0.00939266569912, 0.0173461250961, 0.0192190520465, 0.0656580775976, 0.0537311844528, 0.0191641300917, 0.0429120399058, 0.0234746560454, 0.0151244672015, 0.0692168027163, 0.0819880887866, 0.0917310267687, 0.032031878829, 0.0285280756652, 0.0851171314716, 0.0703077688813, 0.0662452951074, 0.047142803669, 0.0352725945413, 0.0299649033695, 0.00693747354671, 0.00253794388846, 0.00387573242188, 0.00259718997404, 0.000833371246699, 0.00133613625076, 0.000982506317087, 0.000429610081483, 0.000695976428688, 0.000789795594756, 0.00194265774917, 0.00307541433722, 0.00135640555527, 0.00124580960255, 0.000860990199726, 0.0035110921599, 0.00311669381335, 0.00151455425657, 0.00439168838784, 0.00247466168366, 0.00318190222606, 0.00182837201282, 0.00115641276352, 0.00124451308511, 0.00310172466561, 0.00342693994753, 0.00323629868217, 0.00941734481603, 0.00152602349408, 0.00110903894529, 0.000643591396511, 0.0010573520558, 0.000637325341813, 0.00157414062414, 0.00228139501996, 0.00597348297015, 0.00142502621748, 0.000624977576081, 0.000453292625025, 0.000254565704381, 0.000746451085433, 0.00141616829205, 0.00178958545439, 0.00369834736921, 0.00192617624998, 0.000174679778866, 0.000556633458473, 0.000452344596852, 0.000409613770898, 0.000391744863009, 0.000155052432092, 0.000641392776743, 0.000774254673161, 0.00117834610865, 0.00119574810378, 0.00171281560324, 0.000943219405599, 0.000735000125133, 0.000451871484984, 0.000692453351803, 0.000577331287786, 0.000278808525763, 0.000391198060242, 0.00019355895347, 0.0002451169712, 0.000253914971836, 0.000276280101389, 0.000195816130145, 0.000241408808506, 0.000207996825338, 0.00020474701887, 0.000134069821797, 6.81461315253e-05, 4.03476296924e-05, 2.73366076726e-05, 2.40907520492e-05, 2.05889555218e-05, 1.67183006852e-05, 8.72047439771e-06, 5.32235253559e-06, 3.04634863824e-06, 2.62467165157e-06, 1.16201636047e-06, 1.80539132089e-06, 1.47136279338e-06, 1.57403940193e-06, 6.82013705955e-07, 2.21699295366e-07, 3.11093458549e-07, 8.75589520888e-08, 7.27538491674e-08, 4.11333971329e-08, 3.25889537578e-08, 3.10259622438e-08, 4.62239668764e-08, 3.68190207212e-08, 2.6357453109e-08, 2.53472265399e-08, 3.69256305532e-08, 2.83742096485e-08, 2.31823626962e-08, 2.90917903101e-08, 2.8587077594e-08, 2.56862016101e-08],
        "mean": [6.66676305627e-06, 8.64983394422e-06, 1.17180170491e-05, 3.27117013512e-05, 8.8104592578e-05, 0.00014769336849, 0.00019348920614, 0.000394294474972, 0.00026949448511, 0.000138717339723, 0.000298128899885, 0.000206435681321, 0.000127676699776, 0.000298107304843, 0.000670932058711, 0.000513758684974, 0.00015191656712, 0.0001370706741, 0.00023382420477, 0.000268329429673, 0.000225156953093, 0.000142376244185, 0.000105309431092, 7.35167050152e-05, 4.48280588898e-05, 6.62356906105e-05, 0.000105032333522, 6.09977068962e-05, 1.85176304512e-05, 3.49083275069e-05, 2.74830472335e-05, 9.397795111e-06, 1.26783597807e-05, 1.82342846529e-05, 2.76582213701e-05, 5.35758445039e-05, 2.5133962481e-05, 1.62182241183e-05, 1.68898895936e-05, 2.39215587499e-05, 2.5004535928e-05, 2.40430563281e-05, 4.34526009485e-05, 2.89503623208e-05, 2.05079959414e-05, 2.18524146476e-05, 2.88876963168e-05, 2.22200087592e-05, 3.93868322135e-05, 3.66137574019e-05, 2.92046679533e-05, 5.50101103727e-05, 2.39841792791e-05, 1.79043727258e-05, 1.28039564515e-05, 1.33722278406e-05, 9.86177656159e-06, 1.18703610497e-05, 1.35556147143e-05, 2.33093724091e-05, 8.23249774839e-06, 5.9433568822e-06, 4.44616989626e-06, 4.05288983529e-06, 5.36296101927e-06, 8.52092671266e-06, 1.6136062186e-05, 2.60778233496e-05, 1.45250187416e-05, 3.98777456212e-06, 4.4602734306e-06, 4.39440555056e-06, 4.15442855228e-06, 3.1072981983e-06, 1.364591526e-06, 4.36511936641e-06, 4.56531915916e-06, 6.04910883339e-06, 6.79191361996e-06, 7.60661441745e-06, 4.07150719184e-06, 3.32347735821e-06, 2.62214030045e-06, 2.63684182755e-06, 3.65403343494e-06, 2.20149718189e-06, 2.60225101556e-06, 1.44625596477e-06, 1.64208370279e-06, 1.70514852016e-06, 1.79134372047e-06, 1.45742058066e-06, 1.34706010613e-06, 1.40649058267e-06, 1.19029846246e-06, 7.21713263374e-07, 4.87804697968e-07, 3.30118552938e-07, 1.96337140324e-07, 1.67395569406e-07, 1.66272670299e-07, 1.17423624602e-07, 8.97938861044e-08, 6.8096234429e-08, 5.37223776576e-08, 3.70483164147e-08, 2.85951688994e-08, 2.50798510848e-08, 2.42736089007e-08, 1.93645419699e-08, 1.21848184875e-08, 3.03604030805e-09, 1.05291397823e-09, 5.47929202011e-10, 4.01626815139e-10, 2.95329483091e-10, 2.16994297531e-10, 1.96882010695e-10, 2.31632726888e-10, 2.03717945291e-10, 1.72180839031e-10, 1.75922429402e-10, 2.07364223015e-10, 1.89058879663e-10, 1.60204419175e-10, 1.46593320816e-10, 1.37143588153e-10, 1.42820089089e-10],
        "min": [2.16740535193e-26, 3.40137988277e-25, 1.44195120656e-25, 2.73267161462e-25, 3.8683096108e-25, 3.31814692214e-25, 8.33760526015e-26, 7.27046812394e-26, 4.37268952423e-25, 1.02726274428e-25, 1.07032585991e-25, 3.71747669401e-25, 1.12256780358e-25, 1.6816554673e-25, 2.03429564368e-25, 1.44522941666e-25, 1.83607104519e-25, 2.72784329284e-25, 2.88367586214e-25, 4.08370216451e-25, 3.0928869511e-25, 5.00504141193e-25, 3.97046783758e-25, 4.17331133993e-25, 3.299739839e-25, 4.2044831786e-25, 5.61302686538e-25, 3.17862084732e-25, 7.13521533329e-25, 6.24306393937e-25, 3.38383561624e-25, 8.01076514946e-25, 8.16526355775e-25, 4.50316613188e-25, 4.27216497908e-25, 6.82772967838e-25, 7.37142691237e-25, 8.50871288828e-25, 1.3716662144e-24, 8.86316781452e-25, 6.65197196174e-25, 7.9449914063e-25, 8.39989051248e-25, 1.30157138702e-24, 9.70687131595e-25, 1.67253480543e-24, 6.96493181829e-25, 1.6367564135e-24, 5.82075859363e-25, 1.09464133867e-24, 6.69834860132e-25, 1.45640476537e-24, 1.22438470011e-24, 8.34319705138e-25, 1.25614088749e-24, 8.6632842662e-25, 8.28122315259e-25, 1.5393139479e-24, 1.80946922566e-24, 1.66140831679e-24, 1.28637960232e-24, 1.63283330961e-24, 1.38009667229e-24, 1.63427258633e-24, 1.66375221975e-24, 1.6484212011e-24, 1.71696364882e-24, 1.54406190448e-24, 2.09463711808e-24, 1.83002003832e-24, 1.8254282762e-24, 1.5194866193e-24, 2.36291885119e-24, 2.02268905922e-24, 2.20375689444e-24, 1.57698876145e-24, 1.75674294604e-24, 2.16729199632e-24, 1.93135513805e-24, 2.20479523261e-24, 2.80976832209e-24, 2.30659950737e-24, 2.99373896823e-24, 2.24795558767e-24, 2.81149158874e-24, 3.19555068981e-24, 2.46217983839e-24, 2.74982929e-24, 3.40339206973e-24, 3.35548928012e-24, 2.55892455651e-24, 3.14153836971e-24, 3.61374774656e-24, 2.89091430189e-24, 3.10134847038e-24, 3.49205569674e-24, 3.20303540208e-24, 2.84288213909e-24, 3.10667663415e-24, 3.05817214089e-24, 4.00819831512e-24, 4.30772722311e-24, 4.50402342646e-24, 3.53926744419e-24, 3.85163033025e-24, 2.49620636746e-24, 3.04893812956e-24, 4.54952531791e-24, 4.48659512249e-24, 4.65557031168e-24, 3.73018756047e-24, 4.5046986914e-24, 3.6239066973e-24, 4.16850510626e-24, 4.22977553833e-24, 4.78593707044e-24, 3.81377644528e-24, 4.63012599761e-24, 5.14029181135e-24, 5.14894758763e-24, 5.56422053422e-24, 5.17668038718e-24, 4.78271102377e-24, 4.01619697027e-24, 4.58764623229e-24, 5.00972270976e-24, 4.68275169746e-24, 5.47893362631e-24],
        "stdev": [4.38337920059e-05, 7.141235983e-05, 6.92171961418e-05, 0.000187616577023, 0.000566282367799, 0.00111912807915, 0.00136369490065, 0.00411228649318, 0.0029906926211, 0.00108970189467, 0.00289546325803, 0.00172850198578, 0.00117270601913, 0.00330740888603, 0.00595975015312, 0.00479127513245, 0.00159428245388, 0.00152186839841, 0.00368837639689, 0.00369789404795, 0.00312922615558, 0.00211677025072, 0.00160761317238, 0.00127913756296, 0.000340122409398, 0.000271502212854, 0.000418396579335, 0.000246924202656, 7.64813885326e-05, 0.000135701557156, 0.000103407357528, 4.15271097154e-05, 5.97761354584e-05, 7.77709501563e-05, 0.000155720656039, 0.00026445381809, 0.000116548362712, 8.69053183123e-05, 7.76825618232e-05, 0.000166853846167, 0.000153054832481, 0.000113738402433, 0.000237888772972, 0.000175764420419, 0.000151001513586, 0.000114139489597, 0.000111688925244, 9.70716719166e-05, 0.000193773928913, 0.000220037007239, 0.000183633237612, 0.000531177036464, 0.000130412023282, 8.33579688333e-05, 5.77522368985e-05, 7.35183057259e-05, 4.98648696521e-05, 7.64401338529e-05, 0.000116903764138, 0.000276376435068, 7.29138046154e-05, 3.93258960685e-05, 2.40699591814e-05, 2.11757796933e-05, 3.85525490856e-05, 6.87145584379e-05, 0.000129555264721, 0.000240615307121, 0.000119879623526, 1.85117551155e-05, 2.98728828056e-05, 2.8431901228e-05, 3.11668482027e-05, 2.24853938562e-05, 9.51282345341e-06, 4.32513552369e-05, 4.69326187158e-05, 6.68704815325e-05, 7.39764218451e-05, 9.29068919504e-05, 4.7247231123e-05, 3.56898381142e-05, 2.49495788012e-05, 3.13929012918e-05, 3.66452695744e-05, 1.8069466023e-05, 2.46709259955e-05, 1.23234831335e-05, 1.65333367477e-05, 1.60421204782e-05, 1.7895579731e-05, 1.33147732413e-05, 1.30586695377e-05, 1.33642706714e-05, 1.26249578898e-05, 7.05959291736e-06, 4.16314878748e-06, 2.65371318164e-06, 1.44732541685e-06, 1.36537335038e-06, 1.34356730541e-06, 9.00071427168e-07, 5.44109241218e-07, 3.66633770454e-07, 2.85015829604e-07, 1.87524932471e-07, 1.2542722061e-07, 1.24121783074e-07, 1.15303556925e-07, 1.02028451465e-07, 6.44293223218e-08, 1.90042488413e-08, 1.39440565761e-08, 5.267919434e-09, 4.30639790494e-09, 2.99361357925e-09, 2.29226793103e-09, 2.07390193907e-09, 2.61822741265e-09, 2.23940177513e-09, 1.80846670972e-09, 1.83939796727e-09, 2.26875096487e-09, 2.01791006127e-09, 1.69735492328e-09, 1.67841340826e-09, 1.61502955454e-09, 1.63653057772e-09]
    },
    "mfcc": {
        "mean": [-1175.72998047, 13.3105278015, -6.48198604584, 0.102347105742, -1.58849000931, 0.0552647337317, -1.27222788334, 0.431289106607, 0.135586991906, 0.917960584164, -1.00585711002, -1.04697942734, -0.965957939625],
        "cov": [[51139.8164062, 7128.00878906, -3302.7043457, 317.81439209, -683.15032959, 136.577987671, -799.099487305, 135.077102661, -79.1016769409, 458.482757568, -579.568237305, -508.768554688, -381.462036133], [7128.00878906, 1320.27990723, -461.939483643, 123.072647095, -62.9338645935, -27.5824222565, -127.744621277, -14.2783975601, -39.3099632263, 66.0249710083, -104.509292603, -105.650482178, -65.9697875977], [-3302.7043457, -461.939483643, 314.633880615, 63.004737854, 80.7270050049, 10.8325328827, 29.021648407, -31.3004283905, -27.7845726013, -36.2010383606, 22.6566448212, 37.6168708801, 42.1763496399], [317.81439209, 123.072647095, 63.004737854, 122.613105774, 49.943649292, 4.99593734741, -30.7337303162, -21.9358444214, -39.5576057434, -7.87985897064, -30.822101593, -12.2118282318, 10.9902467728], [-683.15032959, -62.9338645935, 80.7270050049, 49.943649292, 56.1088638306, 0.435770004988, 3.20675373077, -10.9565162659, -17.1722145081, -15.9213199615, -4.6545791626, 4.59160232544, 18.2875728607], [136.577987671, -27.5824222565, 10.8325328827, 4.99593734741, 0.435770004988, 33.9085464478, 8.09156417847, 12.0688447952, 9.13224124908, 0.55457264185, -4.68534469604, 4.60209703445, -1.68687915802], [-799.099487305, -127.744621277, 29.021648407, -30.7337303162, 3.20675373077, 8.09156417847, 35.958065033, 10.7410583496, 17.5757007599, -5.84786605835, 13.9104709625, 7.39638996124, -0.538313150406], [135.077102661, -14.2783975601, -31.3004283905, -21.9358444214, -10.9565162659, 12.0688447952, 10.7410583496, 27.9008197784, 18.0973911285, 3.04849767685, -2.05517506599, -3.01323962212, -10.1114435196], [-79.1016769409, -39.3099632263, -27.7845726013, -39.5576057434, -17.1722145081, 9.13224124908, 17.5757007599, 18.0973911285, 29.1558551788, 8.35379123688, 8.54858016968, 6.40264415741, -6.64117240906], [458.482757568, 66.0249710083, -36.2010383606, -7.87985897064, -15.9213199615, 0.55457264185, -5.84786605835, 3.04849767685, 8.35379123688, 17.8901557922, 1.87165677547, -0.887743890285, -4.80673217773], [-579.568237305, -104.509292603, 22.6566448212, -30.822101593, -4.6545791626, -4.68534469604, 13.9104709625, -2.05517506599, 8.54858016968, 1.87165677547, 22.0603637695, 13.2967309952, 6.21062135696], [-508.768554688, -105.650482178, 37.6168708801, -12.2118282318, 4.59160232544, 4.60209703445, 7.39638996124, -3.01323962212, 6.40264415741, -0.887743890285, 13.2967309952, 20.3812274933, 12.4170207977], [-381.462036133, -65.9697875977, 42.1763496399, 10.9902467728, 18.2875728607, -1.68687915802, -0.538313150406, -10.1114435196, -6.64117240906, -4.80673217773, 6.21062135696, 12.4170207977, 19.9662055969]],
        "icov": [[0.00044780204189, -0.00065174640622, 0.00396004319191, -0.000529166776687, 0.00065369089134, -0.0051091411151, 0.00264636636712, 0.000115422277304, 0.00377633073367, -0.00204084441066, 0.000742373347748, -0.000451761326985, -0.00175764260348], [-0.00065174640622, 0.00892714969814, 0.00599372154102, -0.00681928219274, -0.00450057862327, 0.00700120907277, -0.00415382860228, 0.0137317832559, -0.00304476800375, -0.011976853013, 0.00963691528887, 0.00672827474773, 0.00861446652561], [0.00396004319191, 0.00599372154102, 0.0635710507631, -0.0246108956635, -0.00263726734556, -0.0481859594584, 0.013503074646, 0.0228010267019, 0.0452942326665, -0.0293445400894, 0.00818369258195, -0.011634901166, -0.00233084964566], [-0.000529166776687, -0.00681928219274, -0.0246108956635, 0.0560421235859, -0.0259376969188, -0.00412804214284, 0.00884824525565, -0.00301092630252, 0.0171188060194, -0.0184279158711, 0.0385268628597, 0.00372243765742, -0.00242093158886], [0.00065369089134, -0.00450057862327, -0.00263726734556, -0.0259376969188, 0.0691163018346, 0.00520695187151, -0.0208469089121, -0.01723677665, 0.00161415990442, 0.0269792489707, -0.000245115137659, 0.000646254047751, -0.0479835271835], [-0.0051091411151, 0.00700120907277, -0.0481859594584, -0.00412804214284, 0.00520695187151, 0.113652028143, -0.0535381920636, -0.0236831773072, -0.0405828654766, 0.0140861887485, 0.0287775341421, -0.0358572229743, 0.0242163445801], [0.00264636636712, -0.00415382860228, 0.013503074646, 0.00884824525565, -0.0208469089121, -0.0535381920636, 0.123624168336, 0.00508382311091, -0.0504433624446, 0.0341884344816, -0.0613280460238, 0.0546435974538, 0.000465420831461], [0.000115422277304, 0.0137317832559, 0.0228010267019, -0.00301092630252, -0.01723677665, -0.0236831773072, 0.00508382311091, 0.113397240639, -0.0475400015712, -0.0147005701438, 0.0318262688816, 0.0347080528736, 0.0215834099799], [0.00377633073367, -0.00304476800375, 0.0452942326665, 0.0171188060194, 0.00161415990442, -0.0405828654766, -0.0504433624446, -0.0475400015712, 0.21578605473, -0.0996641144156, 0.0587720051408, -0.0942376628518, 0.0147500764579], [-0.00204084441066, -0.011976853013, -0.0293445400894, -0.0184279158711, 0.0269792489707, 0.0140861887485, 0.0341884344816, -0.0147005701438, -0.0996641144156, 0.179545879364, -0.10586912185, 0.016858683899, -0.00395591557026], [0.000742373347748, 0.00963691528887, 0.00818369258195, 0.0385268628597, -0.000245115137659, 0.0287775341421, -0.0613280460238, 0.0318262688816, 0.0587720051408, -0.10586912185, 0.238343417645, -0.0769856125116, -0.00754881557077], [-0.000451761326985, 0.00672827474773, -0.011634901166, 0.00372243765742, 0.000646254047751, -0.0358572229743, 0.0546435974538, 0.0347080528736, -0.0942376628518, 0.016858683899, -0.0769856125116, 0.226705551147, -0.0927714407444], [-0.00175764260348, 0.00861446652561, -0.00233084964566, -0.00242093158886, -0.0479835271835, 0.0242163445801, 0.000465420831461, 0.0215834099799, 0.0147500764579, -0.00395591557026, -0.00754881557077, -0.0927714407444, 0.172158241272]]
    },
    "spectral_contrast_coeffs": {
        "max": [-0.361844688654, -0.440369516611, -0.634024977684, -0.661973536015, -0.584691286087, -0.586124539375],
        "mean": [-0.924489378929, -0.935535430908, -0.930263698101, -0.937845468521, -0.933867752552, -0.928602159023],
        "min": [-0.984946370125, -0.992512524128, -0.990996062756, -0.981377124786, -0.984581291676, -0.967212438583],
        "stdev": [0.105588525534, 0.0797111839056, 0.075282536447, 0.0604346096516, 0.0675350278616, 0.0784082636237]
    },
    "spectral_contrast_valleys": {
        "max": [-5.95990848541, -3.99885225296, -5.23217058182, -5.30577373505, -5.31736516953, -7.35361671448],
        "mean": [-24.4024848938, -24.2085456848, -24.2646179199, -24.2227249146, -24.2862892151, -24.7349033356],
        "min": [-28.5171909332, -27.9966888428, -27.9489097595, -27.6828956604, -27.5361633301, -27.448720932],
        "stdev": [6.76948070526, 7.172976017, 7.17261600494, 7.19981622696, 7.0765786171, 6.02680683136]
    }
},
"rhythm": {
    "beats_count": 29,
    "beats_loudness": {
        "max": 0.445522904396,
        "mean": 0.022250553593,
        "min": 0,
        "stdev": 0.0839670524001
    },
    "bpm": 127.93875885,
    "bpm_histogram_first_peak_bpm": 129,
    "bpm_histogram_first_peak_weight": 0.400000035763,
    "bpm_histogram_second_peak_bpm": 144,
    "bpm_histogram_second_peak_spread": 0.5,
    "bpm_histogram_second_peak_weight": 0.214285716414,
    "danceability": 1.32748818398,
    "onset_rate": 0.54861664772,
    "beats_loudness_band_ratio": {
        "max": [0.323082238436, 0.362226068974, 0.260543435812, 0.172597661614, 0.236407741904, 0.837151765823],
        "mean": [0.0269271694124, 0.0330773890018, 0.0206204038113, 0.0146068297327, 0.0235913973302, 0.0567128993571],
        "min": [0, 0, 0, 0, 0, 0],
        "stdev": [0.0774995535612, 0.0968544259667, 0.063069306314, 0.0435934849083, 0.0617959424853, 0.188584327698]
    },
    "beats_position": [0.452789098024, 0.917188167572, 1.38158726692, 1.84598636627, 2.31038546562, 2.77478456497, 3.19274377823, 3.61070299149, 4.02866220474, 4.446621418, 4.85297060013, 5.25931978226, 5.66566896439, 6.07201814651, 6.46675729752, 6.86149644852, 7.25623559952, 7.65097475052, 8.04571437836, 8.44045352936, 8.91646194458, 9.39247131348, 9.86848068237, 10.3444900513, 10.8088884354, 11.2384576797, 11.656416893, 12.0743761063, 12.5039453506],
    "bpm_histogram": [0, 0, 0, 0, 0, 0, 0, 0, 0, 0, 0, 0, 0, 0, 0, 0, 0, 0, 0, 0, 0, 0, 0, 0, 0, 0, 0, 0, 0, 0, 0, 0, 0, 0, 0, 0, 0, 0, 0, 0, 0, 0, 0, 0, 0, 0, 0, 0, 0, 0, 0, 0, 0, 0, 0, 0, 0, 0, 0, 0, 0, 0, 0, 0, 0, 0, 0, 0, 0, 0, 0, 0, 0, 0, 0, 0, 0, 0, 0, 0, 0, 0, 0, 0, 0, 0, 0, 0, 0, 0, 0, 0, 0, 0, 0, 0, 0, 0, 0, 0, 0, 0, 0, 0, 0, 0, 0, 0, 0, 0, 0, 0, 0, 0, 0, 0, 0, 0, 0, 0, 0, 0, 0, 0, 0, 0, 0.142857149243, 0, 0, 0.214285716414, 0, 0, 0, 0, 0, 0, 0, 0, 0, 0, 0.0714285746217, 0, 0, 0, 0.214285716414, 0, 0, 0, 0.142857149243, 0, 0, 0, 0.214285716414, 0, 0, 0, 0, 0, 0, 0, 0, 0, 0, 0, 0, 0, 0, 0, 0, 0, 0, 0, 0, 0, 0, 0, 0, 0, 0, 0, 0, 0, 0, 0, 0, 0, 0, 0, 0, 0, 0, 0, 0, 0, 0, 0, 0, 0, 0, 0, 0, 0, 0, 0, 0, 0, 0, 0, 0, 0, 0, 0, 0, 0, 0, 0, 0, 0, 0, 0, 0, 0, 0, 0, 0, 0, 0, 0, 0, 0, 0, 0, 0, 0, 0, 0, 0, 0, 0, 0, 0, 0, 0, 0, 0, 0, 0, 0, 0, 0]
},
"tonal": {
