{
"metadata": {
    "version": {
        "essentia": "2.1-beta5",
        "essentia_git_sha": "Undefined",
        "extractor": "music 2.0"
    },
    "audio_properties": {
        "analysis": {
            "equal_loudness": 0,
            "length": 25.1356010437,
            "sample_rate": 44100,
            "start_time": 243.739868164,
            "downmix": "mix"
        },
        "bit_rate": 192000,
        "length": 268.898681641,
        "lossless": 0,
        "number_channels": 1,
        "replay_gain": -10.2787857056,
        "sample_rate": 48000,
        "codec": "mp3",
        "md5_encoded": "9aeef10babde1cb43f97617b21a988ed"
    },
    "tags": {
        "file_name": "Turkey_Besinçi Mevsim_Şebnem Paker.mp3",
        "encoding": ["Lavf58.29.100"]
    }
},
"lowlevel": {
    "average_loudness": 0.905920565128,
    "barkbands_crest": {
        "max": 26.8844337463,
        "mean": 7.84226465225,
        "min": 2.77013850212,
        "stdev": 3.70574522018
    },
    "barkbands_flatness_db": {
        "max": 0.509703576565,
        "mean": 0.171989008784,
        "min": 0.0592013448477,
        "stdev": 0.0355778373778
    },
    "barkbands_kurtosis": {
        "max": 1423.64892578,
        "mean": 3.16488385201,
        "min": -1.84011244774,
        "stdev": 46.6122703552
    },
    "barkbands_skewness": {
        "max": 37.1836166382,
        "mean": 0.936591029167,
        "min": -1.69523942471,
        "stdev": 1.57295131683
    },
    "barkbands_spread": {
        "max": 124.674530029,
        "mean": 20.1253852844,
        "min": 0.385468453169,
        "stdev": 10.4958944321
    },
    "dissonance": {
        "max": 0.500000059605,
        "mean": 0.467191934586,
        "min": 0.348165273666,
        "stdev": 0.0241263583302
    },
    "dynamic_complexity": 2.34841585159,
    "erbbands_crest": {
        "max": 22.0127773285,
        "mean": 8.03251457214,
        "min": 2.76690936089,
        "stdev": 3.11620521545
    },
    "erbbands_flatness_db": {
        "max": 0.298607289791,
        "mean": 0.227442264557,
        "min": 0.0327853523195,
        "stdev": 0.0333812497556
    },
    "erbbands_kurtosis": {
        "max": 5.60589408875,
        "mean": -0.224666520953,
        "min": -1.8029333353,
        "stdev": 1.05873572826
    },
    "erbbands_skewness": {
        "max": 2.36650562286,
        "mean": 0.197669893503,
        "min": -1.42862904072,
        "stdev": 0.55106729269
    },
    "erbbands_spread": {
        "max": 98.6973495483,
        "mean": 31.5743923187,
        "min": 8.20416069031,
        "stdev": 14.4550189972
    },
    "hfc": {
        "max": 63.3812255859,
        "mean": 17.2946453094,
        "min": 1.93798861403e-08,
        "stdev": 11.5104408264
    },
    "loudness_ebu128": {
        "integrated": -17.755525589,
        "loudness_range": 3.39659309387,
        "momentary": {
            "max": -13.8505420685,
            "mean": -18.2051372528,
            "min": -26.3856201172,
            "stdev": 2.0886797905
        },
        "short_term": {
            "max": -16.0029563904,
            "mean": -17.951669693,
            "min": -20.2622833252,
            "stdev": 1.15093147755
        }
    },
    "melbands_crest": {
        "max": 39.9301261902,
        "mean": 10.3887710571,
        "min": 2.66006875038,
        "stdev": 4.89799928665
    },
    "melbands_flatness_db": {
        "max": 0.48889029026,
        "mean": 0.181706607342,
        "min": 0.040341001004,
        "stdev": 0.0612791366875
    },
    "melbands_kurtosis": {
        "max": 2106.75317383,
        "mean": 8.14875507355,
        "min": -1.27865564823,
        "stdev": 71.6999740601
    },
    "melbands_skewness": {
        "max": 44.0364646912,
        "mean": 1.69501113892,
        "min": -1.02710592747,
        "stdev": 1.94810903072
    },
    "melbands_spread": {
        "max": 118.691856384,
        "mean": 26.1790237427,
        "min": 0.410975456238,
        "stdev": 12.993927002
    },
    "pitch_salience": {
        "max": 0.865559458733,
        "mean": 0.627722859383,
        "min": 0.00648342492059,
        "stdev": 0.137874484062
    },
    "silence_rate_20dB": {
        "max": 1,
        "mean": 1,
        "min": 1,
        "stdev": 0
    },
    "silence_rate_30dB": {
        "max": 1,
        "mean": 1,
        "min": 1,
        "stdev": 0
    },
    "silence_rate_60dB": {
        "max": 1,
        "mean": 0.0710332095623,
        "min": 0,
        "stdev": 0.256880551577
    },
    "spectral_centroid": {
        "max": 4338.24902344,
        "mean": 1635.52526855,
        "min": 400.492370605,
        "stdev": 640.670898438
    },
    "spectral_complexity": {
        "max": 44,
        "mean": 21.9409599304,
        "min": 0,
        "stdev": 7.31728363037
    },
    "spectral_decrease": {
        "max": -6.96049903433e-18,
        "mean": -5.00213381827e-09,
        "min": -2.20691358521e-08,
        "stdev": 3.43017481086e-09
    },
    "spectral_energy": {
        "max": 0.086336068809,
        "mean": 0.0204479042441,
        "min": 2.80283504739e-11,
        "stdev": 0.0137228788808
    },
    "spectral_energyband_high": {
        "max": 0.00788956135511,
        "mean": 0.000561422260944,
        "min": 1.43942561863e-12,
        "stdev": 0.000912346411496
    },
    "spectral_energyband_low": {
        "max": 0.0293167196214,
        "mean": 0.00421397062019,
        "min": 1.66664494705e-11,
        "stdev": 0.00489924615249
    },
    "spectral_energyband_middle_high": {
        "max": 0.0196310654283,
        "mean": 0.00522825820372,
        "min": 5.45645126304e-13,
        "stdev": 0.00354338157922
    },
    "spectral_energyband_middle_low": {
        "max": 0.0825009942055,
        "mean": 0.0108848372474,
        "min": 6.99585571765e-13,
        "stdev": 0.0107097197324
    },
    "spectral_entropy": {
        "max": 9.00732040405,
        "mean": 7.48324918747,
        "min": 6.44115543365,
        "stdev": 0.363801121712
    },
    "spectral_flux": {
        "max": 0.226174622774,
        "mean": 0.0740299150348,
        "min": 7.77128570917e-06,
        "stdev": 0.0313543975353
    },
    "spectral_kurtosis": {
        "max": 20.9551925659,
        "mean": 4.0679693222,
        "min": -0.894870758057,
        "stdev": 2.86230111122
    },
    "spectral_rms": {
        "max": 0.00917770713568,
        "mean": 0.00417889794335,
        "min": 1.65362422422e-07,
        "stdev": 0.00157669617329
    },
    "spectral_rolloff": {
        "max": 12295.4589844,
        "mean": 1773.94604492,
        "min": 21.533203125,
        "stdev": 1079.07727051
    },
    "spectral_skewness": {
        "max": 2.79748177528,
        "mean": 1.18814921379,
        "min": 0.139323964715,
        "stdev": 0.435903131962
    },
    "spectral_spread": {
        "max": 12606495,
        "mean": 2931744.25,
        "min": 1636411.25,
        "stdev": 940286.75
    },
    "spectral_strongpeak": {
        "max": 6.6899061203,
        "mean": 0.864161074162,
        "min": 0,
        "stdev": 0.745140373707
    },
    "zerocrossingrate": {
        "max": 0.57470703125,
        "mean": 0.0630090013146,
        "min": 0,
        "stdev": 0.0335531793535
    },
    "barkbands": {
        "max": [0.00146699370816, 0.0187816880643, 0.0126723060384, 0.00917418953031, 0.0311438776553, 0.0672354102135, 0.0330839715898, 0.0344971939921, 0.0344319455326, 0.00719116954133, 0.00349236163311, 0.0037263026461, 0.00482832081616, 0.00928307604045, 0.00648147240281, 0.00833689700812, 0.00241414597258, 0.00376118347049, 0.00562014104798, 0.00862161722034, 0.000760422437452, 0.00194521970116, 0.00193065882195, 0.0019128593849, 0.000412415189203, 2.47895673056e-06, 2.54061205851e-06],
        "mean": [8.28126430861e-05, 0.00271445303224, 0.00120996392798, 0.000302696978906, 0.00186592410319, 0.00347435311414, 0.00181162869558, 0.00188587780576, 0.00111571850721, 0.000806827505585, 0.000451955536846, 0.00042669888353, 0.000422383862315, 0.000654050614685, 0.000709248590283, 0.00058984477073, 0.000398947711801, 0.000353994604666, 0.000362740654964, 0.000604847911745, 8.36203034851e-05, 4.82429859403e-05, 4.37874768977e-05, 2.38011925831e-05, 3.47430636793e-06, 5.57343504681e-09, 3.00890423688e-09],
        "min": [1.28721174344e-11, 3.51208905708e-12, 1.06789119783e-14, 2.60202592166e-14, 2.16970098301e-14, 6.44955280588e-14, 1.2150857035e-13, 9.24556451906e-14, 2.00704497509e-13, 8.41151285994e-14, 9.19426684852e-14, 1.19061891964e-13, 9.72165192315e-14, 4.52571973766e-14, 1.1833791427e-14, 2.26624359605e-14, 4.50090844857e-14, 2.43405454483e-14, 1.79378928567e-14, 3.01485859932e-14, 8.52676761663e-14, 9.49224151971e-14, 2.14715696395e-13, 2.30569415557e-13, 1.21119694135e-13, 3.29499096193e-13, 3.52951364966e-13],
        "stdev": [0.000140405463753, 0.0033145584166, 0.0018785696011, 0.000675452873111, 0.00259727914818, 0.00645555416122, 0.00301992008463, 0.00339305168018, 0.00238271802664, 0.00110780715477, 0.000487420067657, 0.000460978917545, 0.000552884186618, 0.000752504449338, 0.000835993036162, 0.000723913719412, 0.000355651223799, 0.000489569676574, 0.000580150692258, 0.00112092751078, 8.60144427861e-05, 0.000105146158603, 0.000130695363623, 9.31230315473e-05, 1.85116114153e-05, 7.76133717295e-08, 7.7116084185e-08]
    },
    "erbbands": {
        "max": [0.615787863731, 4.44121313095, 10.7538137436, 19.9118690491, 32.8319892883, 86.6013717651, 454.159301758, 478.873291016, 431.066986084, 550.046569824, 959.696655273, 600.071594238, 405.822906494, 201.647781372, 146.867919922, 167.469207764, 213.942932129, 423.849731445, 482.968048096, 282.558929443, 359.438720703, 170.254608154, 244.0572052, 208.896469116, 307.36920166, 549.476745605, 125.915748596, 44.5538635254, 69.7131118774, 90.7113647461, 41.1053161621, 37.0508460999, 27.2411766052, 9.00825500488, 0.565042674541, 0.0309882722795, 0.00458456669003, 0.00160504400264, 0.000367023516446, 9.65826257016e-05],
        "mean": [0.091050721705, 0.569947183132, 1.21271896362, 1.47221779823, 1.75499761105, 6.7910490036, 25.6873607635, 22.9649677277, 26.9087238312, 33.6300773621, 37.3603439331, 24.8081550598, 29.7029743195, 16.9547462463, 18.665971756, 18.7540416718, 19.8345432281, 32.1131362915, 32.3284912109, 38.4345283508, 29.6669063568, 21.9028701782, 20.0614700317, 18.6014976501, 20.7103290558, 31.2791786194, 8.32957553864, 2.40074658394, 1.80769145489, 1.6538630724, 1.11693179607, 0.5610922575, 0.360791891813, 0.0848066434264, 0.00326234544627, 0.000201642935281, 3.06078363792e-05, 8.34610000311e-06, 1.25799961097e-05, 2.47741118073e-05],
        "min": [4.42515191157e-10, 2.28555702142e-10, 4.55676607558e-11, 8.23770981984e-11, 6.17159309768e-11, 1.05429422137e-10, 3.18773091257e-10, 5.14715825517e-10, 2.21503970721e-09, 1.21356735772e-09, 2.35886910005e-09, 3.48588535815e-09, 4.53188642169e-09, 2.28331220598e-09, 4.2279091339e-09, 4.88930274045e-09, 4.50896919801e-09, 2.89476997928e-09, 1.25536370188e-09, 6.15766715395e-10, 1.73916969715e-09, 2.52754572827e-09, 1.33599897811e-09, 1.00015384863e-09, 1.09371056656e-09, 1.27928667659e-09, 1.88157200931e-09, 4.36002078885e-09, 3.83366627332e-09, 8.01156030406e-09, 3.95641652773e-09, 5.62640734003e-09, 3.12326697838e-09, 1.57517610067e-09, 7.12850611873e-10, 5.978025297e-10, 5.98410876407e-10, 3.11424552812e-10, 5.38278414897e-11, 4.53997039615e-12],
        "stdev": [0.105101510882, 0.746867537498, 1.5942376852, 2.68594264984, 2.61447811127, 9.46326637268, 49.8876686096, 41.9720306396, 43.0304985046, 55.6090660095, 80.4030075073, 51.0603370667, 45.1652297974, 18.3055667877, 19.9448032379, 19.4920539856, 23.7084941864, 35.7011947632, 38.9594573975, 41.8356704712, 33.8085327148, 19.7656421661, 25.1135292053, 25.4151821136, 33.8354911804, 63.0148468018, 12.6180276871, 2.65411448479, 3.68881917, 4.90937805176, 3.07721662521, 1.73101758957, 1.58298635483, 0.423484146595, 0.0220719110221, 0.00121096521616, 0.00015501116286, 4.97987784911e-05, 1.3342721104e-05, 1.60837953445e-05]
    },
    "gfcc": {
        "mean": [-51.3354492188, 136.420562744, -186.302185059, 46.2849082947, -66.1032791138, 0.585679352283, -25.8944072723, -6.18443632126, 4.75108098984, -13.0071496964, 13.0905179977, -18.6896934509, 8.80796718597],
        "cov": [[9902.54101562, 2021.93969727, -672.863586426, 478.73928833, -379.586151123, -460.548461914, -182.422042847, -48.1347770691, 75.5345840454, -46.9890136719, 299.033721924, -335.947998047, 208.227615356], [2021.93969727, 2261.03613281, 838.639648438, 437.848144531, 472.983123779, -662.092468262, 233.994827271, -137.267944336, 17.1152458191, 29.4465084076, 143.698226929, -58.6396789551, 61.6180305481], [-672.863586426, 838.639648438, 1105.24633789, 389.51184082, 299.975830078, -264.441864014, 111.933357239, 6.44334888458, -48.8298454285, 84.8454055786, 69.2155380249, 43.4897346497, 14.0941038132], [478.73928833, 437.848144531, 389.51184082, 391.891113281, 161.413146973, -158.04019165, 53.7947349548, -3.18245267868, -57.0549201965, 25.56316185, 52.1310577393, -28.0969009399, 24.9158248901], [-379.586151123, 472.983123779, 299.975830078, 161.413146973, 330.311004639, -159.848190308, 143.588607788, 10.4027404785, -21.0677223206, 47.6207847595, 22.130449295, 23.0442409515, 42.8478469849], [-460.548461914, -662.092468262, -264.441864014, -158.04019165, -159.848190308, 452.261932373, -34.339805603, 62.6150512695, 72.0931015015, -21.1328582764, -44.6701698303, 63.7757873535, -17.5680713654], [-182.422042847, 233.994827271, 111.933357239, 53.7947349548, 143.588607788, -34.339805603, 204.044616699, 70.0077133179, 34.3629150391, 40.6738929749, 18.6609344482, 26.8681373596, 24.0534286499], [-48.1347770691, -137.267944336, 6.44334888458, -3.18245267868, 10.4027404785, 62.6150512695, 70.0077133179, 163.625137329, 32.5906715393, 55.3554344177, 20.6633777618, 1.07765638828, 43.4677619934], [75.5345840454, 17.1152458191, -48.8298454285, -57.0549201965, -21.0677223206, 72.0931015015, 34.3629150391, 32.5906715393, 116.538986206, 24.9544734955, 5.21121883392, 36.4047012329, -1.84764170647], [-46.9890136719, 29.4465084076, 84.8454055786, 25.56316185, 47.6207847595, -21.1328582764, 40.6738929749, 55.3554344177, 24.9544734955, 93.3887023926, 49.9325637817, 23.6079330444, 40.7318496704], [299.033721924, 143.698226929, 69.2155380249, 52.1310577393, 22.130449295, -44.6701698303, 18.6609344482, 20.6633777618, 5.21121883392, 49.9325637817, 84.5099182129, 26.8842201233, 34.4526252747], [-335.947998047, -58.6396789551, 43.4897346497, -28.0969009399, 23.0442409515, 63.7757873535, 26.8681373596, 1.07765638828, 36.4047012329, 23.6079330444, 26.8842201233, 119.604705811, 33.9345626831], [208.227615356, 61.6180305481, 14.0941038132, 24.9158248901, 42.8478469849, -17.5680713654, 24.0534286499, 43.4677619934, -1.84764170647, 40.7318496704, 34.4526252747, 33.9345626831, 96.1776809692]],
        "icov": [[0.000674569164403, -0.00160598603543, 0.0015040274011, -0.00155718787573, 0.00201548496261, -0.000478625966934, 0.00113723671529, -0.00135283789132, 0.000558271596674, -0.000871947733685, 8.77580823726e-05, -4.53942011518e-05, -0.000542312860489], [-0.00160598603543, 0.00664344057441, -0.00522860372439, 0.00413201935589, -0.00644771242514, 0.00289731309749, -0.00481467973441, 0.00690738391131, -0.00643066270277, 0.00730101577938, -0.00573715288192, 0.00484076468274, -0.00246780877933], [0.0015040274011, -0.00522860372439, 0.00623845215887, -0.00531095592305, 0.00477721309289, -0.00135632278398, 0.00414848793298, -0.00586509192362, 0.00464485399425, -0.00633052177727, 0.00413794536144, -0.00481399800628, 0.00277889030986], [-0.00155718787573, 0.00413201935589, -0.00531095592305, 0.00890016648918, -0.00614640908316, 0.000884016859345, -0.00325579126365, 0.00427360692993, -0.00134767324198, 0.0046358932741, -0.0044619422406, 0.00379020092078, -0.00074893940473], [0.00201548496261, -0.00644771242514, 0.00477721309289, -0.00614640908316, 0.0142544619739, -0.00115539494436, 0.000261491106357, -0.00461750617251, 0.00583720114082, -0.00803119875491, 0.00667144637555, -0.0041530309245, -0.00129164149985], [-0.000478625966934, 0.00289731309749, -0.00135632278398, 0.000884016859345, -0.00115539494436, 0.00581861007959, -0.0014627733035, 0.000508713535964, -0.00428155995905, 0.00400632526726, -0.000753424013965, -0.00101569737308, -0.000287432223558], [0.00113723671529, -0.00481467973441, 0.00414848793298, -0.00325579126365, 0.000261491106357, -0.0014627733035, 0.0132404975593, -0.00951541308314, 0.0023575797677, -0.00444951141253, 0.00395989511162, -0.00543198268861, 0.00389119796455], [-0.00135283789132, 0.00690738391131, -0.00586509192362, 0.00427360692993, -0.00461750617251, 0.000508713535964, -0.00951541308314, 0.0197989214212, -0.008560474962, 0.00362120452337, -0.00757054192945, 0.011505862698, -0.00920820701867], [0.000558271596674, -0.00643066270277, 0.00464485399425, -0.00134767324198, 0.00583720114082, -0.00428155995905, 0.0023575797677, -0.008560474962, 0.02227650024, -0.0141873192042, 0.0107954926789, -0.0119153726846, 0.00924977380782], [-0.000871947733685, 0.00730101577938, -0.00633052177727, 0.0046358932741, -0.00803119875491, 0.00400632526726, -0.00444951141253, 0.00362120452337, -0.0141873192042, 0.034134555608, -0.0211050789803, 0.0100597124547, -0.00999498646706], [8.77580823726e-05, -0.00573715288192, 0.00413794536144, -0.0044619422406, 0.00667144637555, -0.000753424013965, 0.00395989511162, -0.00757054192945, 0.0107954926789, -0.0211050789803, 0.0337519235909, -0.0151657210663, 0.00576243642718], [-4.53942011518e-05, 0.00484076468274, -0.00481399800628, 0.00379020092078, -0.0041530309245, -0.00101569737308, -0.00543198268861, 0.011505862698, -0.0119153726846, 0.0100597124547, -0.0151657210663, 0.0244876611978, -0.0131530519575], [-0.000542312860489, -0.00246780877933, 0.00277889030986, -0.00074893940473, -0.00129164149985, -0.000287432223558, 0.00389119796455, -0.00920820701867, 0.00924977380782, -0.00999498646706, 0.00576243642718, -0.0131530519575, 0.023638073355]]
    },
    "melbands": {
        "max": [0.00558307860047, 0.00537501461804, 0.00291862362064, 0.00231993570924, 0.0122203556821, 0.0107823591679, 0.00573707511649, 0.00634125526994, 0.0083789229393, 0.00328054046258, 0.00195269566029, 0.000881230924278, 0.000493177853059, 0.000474248052342, 0.000429402629379, 0.000420008553192, 0.000891048635822, 0.000885194342118, 0.000468005659059, 0.000662411737721, 0.000336661469191, 0.000185077049537, 0.000174937202246, 0.000197931425646, 0.000179992290214, 0.000283989997115, 0.000219186636969, 0.000473754509585, 0.000130154425278, 2.19888333959e-05, 2.87443563138e-05, 4.44862125732e-05, 3.36967750627e-05, 5.71351301915e-05, 2.96769267152e-05, 2.73430196103e-05, 3.2662301237e-05, 2.63171132246e-05, 1.41725195135e-05, 5.08933590027e-06],
        "mean": [0.00079429813195, 0.000656706630252, 0.000252035824815, 0.000269621232292, 0.00078694493277, 0.000579307146836, 0.000381407211535, 0.000378486613045, 0.000295850360999, 0.000148117847857, 0.000146345351823, 6.70007721055e-05, 5.99479135417e-05, 4.93753468618e-05, 4.89126650791e-05, 4.23356032115e-05, 6.2634680944e-05, 4.97873807035e-05, 5.52133496967e-05, 4.84498268634e-05, 3.09576134896e-05, 2.3288965167e-05, 1.8288155843e-05, 1.80555507541e-05, 1.45895946844e-05, 1.2996213627e-05, 1.72442614712e-05, 2.26619340538e-05, 5.95974051976e-06, 1.86138481695e-06, 1.12189707124e-06, 1.04082687358e-06, 9.02449016849e-07, 9.4445636023e-07, 7.08280936124e-07, 4.08553432862e-07, 3.32635039513e-07, 2.82907507199e-07, 1.67569695009e-07, 3.54914568845e-08],
        "min": [3.77005935151e-12, 1.11360692125e-14, 1.2514148619e-14, 4.9788888866e-15, 8.96773008906e-15, 1.1294422022e-14, 3.14650886455e-14, 1.54364029697e-14, 2.03600174507e-14, 2.41711879868e-14, 2.17564562964e-14, 8.30497424168e-15, 1.36962279896e-14, 1.33525426772e-14, 1.19681283113e-14, 8.81110099162e-15, 4.93001974422e-15, 2.24258516115e-15, 7.33805712151e-16, 1.25700324647e-15, 2.07111668175e-15, 3.00860808909e-15, 1.10496538524e-15, 1.3452370804e-15, 7.48203737007e-16, 5.57964266339e-16, 9.24870298788e-16, 8.64410834019e-16, 1.03672735222e-15, 2.00287208422e-15, 2.49742201135e-15, 2.28588421487e-15, 1.62016142283e-15, 5.85916237132e-15, 2.24301058345e-15, 1.73446788378e-15, 4.41892853418e-15, 2.4524636201e-15, 1.41147209226e-15, 1.18173939279e-15],
        "stdev": [0.000953805632889, 0.000803961069323, 0.000394330301788, 0.000329828326358, 0.00141860451549, 0.00100907403976, 0.000608897593338, 0.000615083263256, 0.000660813646391, 0.000312126212521, 0.000223837370868, 7.68804166e-05, 6.37545381323e-05, 5.46793125977e-05, 5.26934418303e-05, 5.42022935406e-05, 7.21373726265e-05, 6.61549565848e-05, 6.79469885654e-05, 5.83332985116e-05, 3.70058951376e-05, 2.2091640858e-05, 1.95204011106e-05, 2.61253298959e-05, 2.21147984121e-05, 2.46227373282e-05, 2.74122576229e-05, 5.09327110194e-05, 1.0345782357e-05, 2.01026659852e-06, 1.5428779534e-06, 2.25165854317e-06, 2.16908347284e-06, 3.24555958287e-06, 2.13940006688e-06, 1.10155951916e-06, 1.36002859108e-06, 1.32279478748e-06, 7.77068123625e-07, 2.16154660393e-07]
    },
    "melbands128": {
        "max": [0.00106950697955, 0.00429063104093, 0.00929174106568, 0.00669793691486, 0.0043313857168, 0.00721317576244, 0.00490001030266, 0.00452210241929, 0.00409588869661, 0.0025657247752, 0.00425992207602, 0.0142445713282, 0.0210068672895, 0.0302108041942, 0.0151092149317, 0.0106940176338, 0.0132218133658, 0.0103096850216, 0.0143692921847, 0.00850509107113, 0.00864849425852, 0.0141259096563, 0.0162804462016, 0.0138164460659, 0.00464772898704, 0.00694885617122, 0.00407496327534, 0.00251656328328, 0.00165579619352, 0.00168271525763, 0.000803626317065, 0.000754774548113, 0.000738952483516, 0.00114907545503, 0.000627415720373, 0.000782716146205, 0.000490698614158, 0.00052600633353, 0.000977426185273, 0.000670763722155, 0.000503638002556, 0.000925073458347, 0.00136144738644, 0.00140550301876, 0.000747099227738, 0.00146428542212, 0.000641465419903, 0.000787712808233, 0.00108887534589, 0.000553328311071, 0.000914421631023, 0.00150761427358, 0.000653960276395, 0.000689166481607, 0.000309359747916, 0.000313820986776, 0.000226917880354, 0.000245557981543, 0.000370588153601, 0.000632671173662, 0.000370089517673, 0.000415211572545, 0.000447351427283, 0.000376325973775, 0.000382883736165, 0.000587275833823, 0.000428025756264, 0.00058859155979, 0.000324349355651, 0.000605150009505, 0.00105832424015, 0.000495268090162, 0.000339018297382, 9.70535111264e-05, 2.67698251264e-05, 5.5485208577e-05, 2.37854983425e-05, 3.3245250961e-05, 3.61319725926e-05, 2.01538168767e-05, 5.76905003982e-05, 4.6632347221e-05, 3.40280894306e-05, 4.77952635265e-05, 4.9658883654e-05, 6.37738485239e-05, 7.15224159649e-05, 4.97603323311e-05, 4.03279809689e-05, 2.85627447738e-05, 3.76673197025e-05, 2.73881923931e-05, 8.96872916201e-06, 2.88257251668e-05, 5.02426264575e-05, 5.04031995661e-05, 1.29479321913e-05, 2.056644189e-05, 1.93477517314e-05, 1.35856635097e-05, 7.30691590434e-06, 3.85775092582e-06, 1.94867129721e-06, 1.43183186196e-07, 5.64047475393e-08, 2.21556646807e-07, 1.44084154385e-07, 2.38088659898e-08, 1.7084142101e-08, 1.63101407935e-08, 1.57082329366e-08, 1.50389549702e-08, 1.44141170111e-08, 1.3850215197e-08, 1.33378099676e-08, 1.28387807052e-08, 1.23723040701e-08, 1.19811511823e-08, 1.16112905957e-08, 1.12779323658e-08, 1.09631947964e-08, 1.07347917222e-08, 1.04777884147e-08, 1.02898951582e-08, 1.01143475817e-08, 9.98568516763e-09, 9.88699877524e-09, 9.82898384905e-09],
        "mean": [7.44619392208e-05, 0.000682127603795, 0.00121993792709, 0.000800853362307, 0.000592196709476, 0.000609608017839, 0.000320725841448, 0.000114499256597, 0.000171798281372, 0.000201863687835, 0.000352604169166, 0.000607090943959, 0.000968025182374, 0.0010041561909, 0.000426094600698, 0.000408317922847, 0.000601937877946, 0.00029288281803, 0.000222070724703, 0.000423764227889, 0.000447674217867, 0.000291203701636, 0.000326433044393, 0.000235294006416, 0.000128237050376, 0.000126585669932, 0.000140380885568, 0.000194080304937, 0.000103105048765, 6.3370600401e-05, 5.94298326178e-05, 5.95403107582e-05, 5.12664119015e-05, 7.92360660853e-05, 4.07771185564e-05, 4.36529007857e-05, 5.41465560673e-05, 5.07187869516e-05, 4.70883569506e-05, 3.77720498363e-05, 3.98153970309e-05, 5.01044341945e-05, 5.96054342168e-05, 8.28211996122e-05, 4.33761524619e-05, 4.53958637081e-05, 5.08545635967e-05, 5.63262692594e-05, 5.98807782808e-05, 4.63853066321e-05, 5.08233461005e-05, 4.73123836855e-05, 3.10926880047e-05, 2.43660797423e-05, 2.71096869255e-05, 2.39307337324e-05, 1.80986971827e-05, 2.21853733819e-05, 1.52546908794e-05, 1.79310791282e-05, 1.9985187464e-05, 1.61203060998e-05, 1.69476024894e-05, 1.44693076436e-05, 1.00059251054e-05, 1.21331431728e-05, 1.52636384882e-05, 1.58578459377e-05, 1.71360243257e-05, 1.93797077372e-05, 3.02097669191e-05, 2.03108884307e-05, 8.25852748676e-06, 4.03311787522e-06, 2.15250247493e-06, 2.30537489188e-06, 1.47052776356e-06, 1.18091440982e-06, 1.15346142593e-06, 9.39920994369e-07, 1.08791311959e-06, 1.07476023459e-06, 8.85512122295e-07, 9.02420765669e-07, 9.14256361284e-07, 8.76857882304e-07, 1.06612094442e-06, 8.63396792283e-07, 7.12581027074e-07, 5.56333077384e-07, 5.12917551987e-07, 3.46640348425e-07, 2.68530612857e-07, 3.16812730716e-07, 3.90374282233e-07, 3.49062617033e-07, 2.38099218564e-07, 2.2644670139e-07, 1.90884662743e-07, 1.35788084776e-07, 6.2492198083e-08, 1.52651615792e-08, 3.81938392024e-09, 3.07454034454e-10, 1.48353301865e-10, 4.62873489537e-10, 3.57743640267e-10, 1.43118530915e-10, 3.23987399409e-11, 1.92832104451e-11, 1.84814837045e-11, 1.78629489672e-11, 1.70812686912e-11, 1.63700841077e-11, 1.57921974109e-11, 1.52492983518e-11, 1.46970716847e-11, 1.41774985848e-11, 1.37446339032e-11, 1.33583309345e-11, 1.29928802092e-11, 1.27226285063e-11, 1.24346739502e-11, 1.22080401344e-11, 1.19643383742e-11, 1.17350486967e-11, 1.15804935086e-11, 1.15075744073e-11],
        "min": [6.07114055209e-12, 4.58745194609e-12, 8.27652616581e-13, 3.53481502559e-15, 1.33512276586e-15, 7.30422429626e-15, 1.52557884403e-14, 1.23397098068e-14, 3.94303154309e-15, 3.82438467356e-15, 6.04497090676e-15, 5.32314171109e-15, 7.5462605728e-15, 6.79829194038e-15, 8.88255499698e-15, 6.73147671095e-15, 1.41309879786e-14, 1.36031009523e-14, 1.03161057442e-14, 3.04146640294e-15, 2.88189577183e-14, 1.70635126038e-14, 1.45940151511e-14, 2.47427217739e-14, 1.84043488186e-14, 2.17337066855e-14, 3.30667093641e-14, 2.1414983434e-14, 1.14060431767e-14, 5.11553520626e-15, 7.56751686461e-15, 1.29786606402e-14, 1.51464754503e-14, 1.33133030289e-14, 1.32739363257e-14, 1.40290272346e-14, 1.22888268436e-14, 1.32276925619e-14, 1.04703868663e-14, 9.74530633464e-15, 9.24820048559e-15, 6.23363987246e-15, 5.08616730343e-15, 4.43647990388e-15, 2.84966701522e-15, 1.85053172635e-15, 1.49314915002e-15, 6.67678379354e-16, 3.59644313113e-16, 7.74395054527e-16, 6.98881220247e-16, 2.70662517328e-15, 1.95765577143e-15, 1.61609291182e-15, 3.02486625124e-15, 3.53665139302e-15, 3.04605350986e-15, 6.63058873418e-16, 6.65152527106e-16, 1.18085847853e-15, 1.62880867631e-15, 1.30543796683e-15, 8.93367449414e-16, 6.17385427534e-16, 4.29397582199e-16, 1.55869930928e-16, 1.04098168108e-15, 9.9864739789e-16, 9.9931390694e-16, 7.13245787301e-16, 5.2865983804e-16, 9.90024073091e-16, 1.68782569691e-15, 9.70251359487e-16, 3.84295698266e-16, 1.48711181681e-15, 3.00679501506e-15, 3.06855684593e-15, 2.93976400399e-15, 1.08845533667e-15, 2.20122771871e-15, 3.65322641997e-15, 7.31155875455e-16, 7.43126250944e-16, 1.96205081364e-15, 7.9442449323e-15, 6.06902664246e-15, 3.81159955825e-15, 2.45572448519e-15, 8.00577531141e-16, 1.32560063322e-15, 2.06400668719e-15, 1.97887775841e-15, 5.38509878305e-15, 6.03985271018e-15, 1.96569347883e-15, 2.3654987474e-15, 1.62233755635e-15, 8.16013541935e-16, 1.63197859123e-15, 2.01103176436e-15, 7.86331707518e-16, 7.55172118245e-16, 1.05543227492e-15, 8.50252678305e-16, 4.55665820898e-16, 8.57034765235e-16, 4.99894016816e-16, 9.98774452832e-16, 6.82649580818e-16, 2.83738419045e-15, 2.12912213325e-15, 8.03014868447e-16, 1.7586416747e-15, 4.45642498869e-15, 3.38312095386e-15, 1.71233067771e-15, 1.70813574704e-15, 2.72039327032e-15, 1.85708627905e-15, 9.95919104767e-16, 1.53147294396e-15, 1.23553699637e-15, 1.6943042284e-15, 1.39796339906e-15, 5.41593819386e-16, 7.99996082728e-17, 5.71526547609e-17],
        "stdev": [0.000127395367599, 0.00080437696306, 0.00163403945044, 0.00107319594827, 0.000719645351637, 0.00105735857505, 0.000645635183901, 0.000290092924843, 0.000317462283419, 0.000327154353727, 0.000572082062718, 0.00108932261355, 0.00203383271582, 0.00263972929679, 0.00114497554023, 0.000739199807867, 0.00104652775917, 0.000726559665054, 0.000793924322352, 0.000858757703099, 0.000826877309009, 0.000884780893102, 0.000971380388364, 0.00075621221913, 0.000352835544618, 0.000462779542431, 0.000328063615598, 0.000355050491635, 0.000173409251147, 0.000108456304588, 8.02903232398e-05, 8.72321397765e-05, 7.09461528459e-05, 0.000112966357847, 6.56131378491e-05, 6.81717356201e-05, 6.89792068442e-05, 6.39785066596e-05, 7.80098198447e-05, 6.07705369475e-05, 6.07790752838e-05, 8.67267590365e-05, 8.43658999656e-05, 0.000113507972856, 7.3697323387e-05, 9.03078107513e-05, 7.34421337256e-05, 8.06614407338e-05, 0.000115211689263, 6.31451111985e-05, 8.55718608364e-05, 8.69492214406e-05, 5.45363545825e-05, 4.03589110647e-05, 3.45816624758e-05, 3.08999806293e-05, 2.22367962124e-05, 2.66587830993e-05, 2.4637012757e-05, 4.34128123743e-05, 3.85836683563e-05, 3.93726113543e-05, 3.46394408552e-05, 3.08986745949e-05, 2.34455983446e-05, 3.08289527311e-05, 3.52822935383e-05, 3.5963326809e-05, 3.30168695655e-05, 5.3190622566e-05, 9.05987035367e-05, 5.1382361562e-05, 2.09193312912e-05, 7.55791415941e-06, 2.71729322776e-06, 3.48423509422e-06, 2.25807980314e-06, 1.75107891209e-06, 1.79983965154e-06, 1.5307459762e-06, 2.6105917641e-06, 2.7695477911e-06, 2.09366635318e-06, 2.31699141295e-06, 2.85289252133e-06, 3.01150544146e-06, 4.49177105111e-06, 3.102500159e-06, 2.47424463851e-06, 1.42744397635e-06, 1.57175156801e-06, 1.0685395182e-06, 5.69196629385e-07, 1.19812364119e-06, 2.14911165131e-06, 2.07823154597e-06, 9.09874302124e-07, 1.07301468688e-06, 9.41219184369e-07, 7.05848663074e-07, 3.32936281211e-07, 1.70504833363e-07, 6.65901254138e-08, 5.50189449555e-09, 2.35268093896e-09, 7.64100072104e-09, 4.92336438285e-09, 1.02507724531e-09, 5.21583276569e-10, 4.95068486206e-10, 4.76799322247e-10, 4.5648076985e-10, 4.37515246254e-10, 4.20400325662e-10, 4.04846239865e-10, 3.89698384673e-10, 3.7553971044e-10, 3.63668845038e-10, 3.52442158791e-10, 3.42323197566e-10, 3.3276853495e-10, 3.25837301585e-10, 3.18035986435e-10, 3.12332992802e-10, 3.07005337818e-10, 3.03102848376e-10, 3.001079385e-10, 2.98347430094e-10]
    },
    "mfcc": {
        "mean": [-654.786254883, 134.428710938, -43.8194465637, 26.4962615967, -8.48837184906, 0.639891147614, -10.1228075027, -0.170001998544, -6.27792310715, 11.3523244858, -5.83168935776, 5.5537443161, 0.746800065041],
        "cov": [[5331.21923828, 675.783203125, -68.4209594727, 232.032897949, -78.5194168091, -231.664260864, -35.4218101501, -119.936813354, -46.282951355, 182.520706177, -40.9647026062, 52.086139679, 52.3114280701], [675.783203125, 2045.68493652, 406.2784729, 1042.97509766, 155.704910278, -62.0222320557, 126.370239258, -116.047462463, -32.516620636, 24.118938446, -38.1040534973, 49.6893577576, 49.017490387], [-68.4209594727, 406.2784729, 649.846069336, 368.968261719, 137.623519897, 10.7038640976, 44.7676429749, -25.2959041595, -45.3536911011, -2.74082422256, 16.7132549286, -8.8250169754, 51.6821098328], [232.032897949, 1042.97509766, 368.968261719, 983.80090332, 174.366744995, -79.909614563, 177.455429077, -117.662521362, -55.6695556641, 50.8840255737, -75.1083831787, 26.6632232666, 36.7323303223], [-78.5194168091, 155.704910278, 137.623519897, 174.366744995, 155.314437866, 9.59078884125, 49.1017913818, -28.6770439148, 0.482175260782, -11.6461200714, -12.4088497162, 3.17962479591, 13.3630084991], [-231.664260864, -62.0222320557, 10.7038640976, -79.909614563, 9.59078884125, 177.592849731, -27.2785816193, 77.6538391113, 8.57740974426, -36.8762512207, 23.949048996, 0.342383235693, -17.3164138794], [-35.4218101501, 126.370239258, 44.7676429749, 177.455429077, 49.1017913818, -27.2785816193, 177.656143188, -4.97841930389, 39.9631843567, 38.1516456604, -9.961977005, 25.2273406982, 6.66725254059], [-119.936813354, -116.047462463, -25.2959041595, -117.662521362, -28.6770439148, 77.6538391113, -4.97841930389, 134.672286987, 47.6897201538, -0.113173030317, 34.8973731995, 7.79550170898, -6.2454252243], [-46.282951355, -32.516620636, -45.3536911011, -55.6695556641, 0.482175260782, 8.57740974426, 39.9631843567, 47.6897201538, 121.36706543, 28.6833209991, 29.3957233429, 31.2997093201, -0.657646477222], [182.520706177, 24.118938446, -2.74082422256, 50.8840255737, -11.6461200714, -36.8762512207, 38.1516456604, -0.113173030317, 28.6833209991, 110.050979614, 18.5963802338, 9.42581367493, 3.21220755577], [-40.9647026062, -38.1040534973, 16.7132549286, -75.1083831787, -12.4088497162, 23.949048996, -9.961977005, 34.8973731995, 29.3957233429, 18.5963802338, 76.051651001, 20.2210178375, 11.5954790115], [52.086139679, 49.6893577576, -8.8250169754, 26.6632232666, 3.17962479591, 0.342383235693, 25.2273406982, 7.79550170898, 31.2997093201, 9.42581367493, 20.2210178375, 73.4614028931, 21.0235347748], [52.3114280701, 49.017490387, 51.6821098328, 36.7323303223, 13.3630084991, -17.3164138794, 6.66725254059, -6.2454252243, -0.657646477222, 3.21220755577, 11.5954790115, 21.0235347748, 69.1466293335]],
        "icov": [[0.000230008052313, -0.00012347381562, 2.48654741881e-05, 0.000110441731522, 3.29244103341e-05, 0.000184619944775, 0.000147776969243, -9.32076818572e-06, 0.000157722650329, -0.000453991786344, 0.000259847787675, -0.000222796821618, -9.21966638998e-05], [-0.00012347381562, 0.00124493322801, -2.37341901084e-05, -0.00155819253996, 0.000360070640454, -0.000167566337041, 0.0004599277745, 0.000243972084718, -0.000656519026961, 0.000789405428804, -0.000864128058311, 2.06131408049e-05, 1.82419626071e-05], [2.48654741881e-05, -2.37341901084e-05, 0.00254604336806, -0.00087036320474, -0.00141587492544, -9.00777231436e-05, 0.000162988857483, -0.000438987626694, 0.000764631782658, 0.000245180388447, -0.00187446584459, 0.00120405643247, -0.00130277534481], [0.000110441731522, -0.00155819253996, -0.00087036320474, 0.00408816384152, -0.0014487428125, 0.000236960840994, -0.00190988194663, 0.000345092499629, 0.00174178078305, -0.00200921669602, 0.00292717921548, -0.00123604305554, 4.93295483466e-05], [3.29244103341e-05, 0.000360070640454, -0.00141587492544, -0.0014487428125, 0.0103252530098, -0.00201129820198, -0.00149012345355, 0.00277205603197, -0.00232618954033, 0.00195680535398, 0.000282364198938, 0.000806788913906, -0.000963016995229], [0.000184619944775, -0.000167566337041, -9.00777231436e-05, 0.000236960840994, -0.00201129820198, 0.00944852177054, 0.000968226813711, -0.00556342117488, 0.00145831948612, 0.00212588417344, -0.0015599229373, -0.00101200200152, 0.00256399461068], [0.000147776969243, 0.0004599277745, 0.000162988857483, -0.00190988194663, -0.00149012345355, 0.000968226813711, 0.00905073340982, -0.000900944520254, -0.00278049800545, -0.00179814861622, 0.00135268818121, -0.00172282848507, 0.000385364284739], [-9.32076818572e-06, 0.000243972084718, -0.000438987626694, 0.000345092499629, 0.00277205603197, -0.00556342117488, -0.000900944520254, 0.01361151319, -0.00437811948359, -3.11054245685e-05, -0.00208955397829, 0.00106428156141, -0.00064716784982], [0.000157722650329, -0.000656519026961, 0.000764631782658, 0.00174178078305, -0.00232618954033, 0.00145831948612, -0.00278049800545, -0.00437811948359, 0.0138870924711, -0.00271826423705, -0.00168161967304, -0.00418629078194, 0.00134988257196], [-0.000453991786344, 0.000789405428804, 0.000245180388447, -0.00200921669602, 0.00195680535398, 0.00212588417344, -0.00179814861622, -3.11054245685e-05, -0.00271826423705, 0.013578359969, -0.0052988845855, 0.00174905592576, 0.000692904111929], [0.000259847787675, -0.000864128058311, -0.00187446584459, 0.00292717921548, 0.000282364198938, -0.0015599229373, 0.00135268818121, -0.00208955397829, -0.00168161967304, -0.0052988845855, 0.0214590542018, -0.00497027114034, -0.00235956418328], [-0.000222796821618, 2.06131408049e-05, 0.00120405643247, -0.00123604305554, 0.000806788913906, -0.00101200200152, -0.00172282848507, 0.00106428156141, -0.00418629078194, 0.00174905592576, -0.00497027114034, 0.0192659087479, -0.00538174016401], [-9.21966638998e-05, 1.82419626071e-05, -0.00130277534481, 4.93295483466e-05, -0.000963016995229, 0.00256399461068, 0.000385364284739, -0.00064716784982, 0.00134988257196, 0.000692904111929, -0.00235956418328, -0.00538174016401, 0.0182115789503]]
    },
    "spectral_contrast_coeffs": {
        "max": [-0.399169206619, -0.505933642387, -0.56454116106, -0.563933253288, -0.5889082551, -0.591879010201],
        "mean": [-0.719394922256, -0.741492688656, -0.774356067181, -0.785699486732, -0.76243263483, -0.699613630772],
        "min": [-0.980032384396, -0.958053946495, -0.957496166229, -0.977937757969, -0.943050265312, -0.925109028816],
        "stdev": [0.0884834080935, 0.0784817561507, 0.0653125047684, 0.058054883033, 0.0559025108814, 0.0397471040487]
    },
    "spectral_contrast_valleys": {
        "max": [-5.4206609726, -4.7108836174, -5.62752771378, -5.63117265701, -6.30466556549, -8.53644371033],
        "mean": [-7.33177518845, -6.67591047287, -7.24005031586, -7.26556539536, -7.50853776932, -11.6117963791],
        "min": [-19.4726715088, -19.1451206207, -18.5811767578, -18.1125202179, -18.6759929657, -19.4371128082],
        "stdev": [1.50159692764, 1.15578341484, 1.10335314274, 1.13641226292, 0.976255178452, 1.11304187775]
    }
},
"rhythm": {
    "beats_count": 66,
    "beats_loudness": {
        "max": 0.0587869361043,
        "mean": 0.0236465167254,
        "min": 0.0012960662134,
        "stdev": 0.0151187935844
    },
    "bpm": 162.111938477,
    "bpm_histogram_first_peak_bpm": 161,
    "bpm_histogram_first_peak_weight": 0.400000035763,
    "bpm_histogram_second_peak_bpm": 185,
    "bpm_histogram_second_peak_spread": 0,
    "bpm_histogram_second_peak_weight": 0.169230774045,
    "danceability": 1.18381690979,
    "onset_rate": 2.06782364845,
    "beats_loudness_band_ratio": {
        "max": [0.702258050442, 0.827419102192, 0.741428911686, 0.486649274826, 0.667913556099, 0.361899703741],
        "mean": [0.173507153988, 0.223597630858, 0.268231123686, 0.150621891022, 0.172269895673, 0.0634656101465],
        "min": [0.000402926380048, 0.00593189382926, 0.0532657280564, 0.0139541979879, 0.0131222018972, 0.004442430567],
        "stdev": [0.166656911373, 0.208105847239, 0.184237211943, 0.123816758394, 0.155896559358, 0.0666126161814]
    },
    "beats_position": [0.371519267559, 0.754648506641, 1.13777780533, 1.53251695633, 1.90403628349, 2.27555561066, 2.6470746994, 3.01859402657, 3.39011335373, 3.76163268089, 4.13315200806, 4.48145103455, 4.82975053787, 5.17804956436, 5.52634906769, 5.87464857101, 6.24616765976, 6.60607719421, 6.97759628296, 7.3491153717, 7.75546455383, 8.13859367371, 8.52172279358, 8.90485286713, 9.35764122009, 9.81043052673, 10.2748298645, 10.7276191711, 11.1804075241, 11.6331968307, 12.0627660751, 12.4923353195, 12.9219045639, 13.3514738083, 13.7578229904, 14.1641721725, 14.5821313858, 14.90721035, 15.2322902679, 15.5573692322, 15.8824491501, 16.2075271606, 16.5326080322, 16.8692970276, 17.2059860229, 17.5426750183, 17.8793640137, 18.1928348541, 18.5063037872, 18.8313827515, 19.1564617157, 19.4815406799, 19.8066215515, 20.1200904846, 20.4451694489, 20.8050785065, 21.1765975952, 21.548116684, 21.9312477112, 22.3143768311, 22.6858959198, 23.0574150085, 23.4289340973, 23.8120632172, 24.195192337, 24.5783214569],
