{
"metadata": {
    "version": {
        "essentia": "2.1-beta5",
        "essentia_git_sha": "Undefined",
        "extractor": "music 2.0"
    },
    "audio_properties": {
        "analysis": {
            "equal_loudness": 0,
            "length": 32.4963264465,
            "sample_rate": 44100,
            "start_time": 45.2440834045,
            "downmix": "mix"
        },
        "bit_rate": 192000,
        "length": 200.933898926,
        "lossless": 0,
        "number_channels": 2,
        "replay_gain": -9.00415992737,
        "sample_rate": 48000,
        "codec": "mp3",
        "md5_encoded": "68fcefa391cb5cb5b14aa31c108caf02"
    },
    "tags": {
        "file_name": "Estonia_Kaelakee Hääl_Ivo Linna and Maarja-Liis Ilus.mp3",
        "encoding": ["Lavf58.29.100"]
    }
},
"lowlevel": {
    "average_loudness": 0.933980703354,
    "barkbands_crest": {
        "max": 25.4228916168,
        "mean": 10.5148067474,
        "min": 2.926892519,
        "stdev": 5.02434587479
    },
    "barkbands_flatness_db": {
        "max": 0.337595194578,
        "mean": 0.178313970566,
        "min": 0.0637756064534,
        "stdev": 0.0482903122902
    },
    "barkbands_kurtosis": {
        "max": 173.385681152,
        "mean": 6.25405311584,
        "min": -1.93865096569,
        "stdev": 12.2301092148
    },
    "barkbands_skewness": {
        "max": 10.8079652786,
        "mean": 1.51666009426,
        "min": -2.14551639557,
        "stdev": 1.40391600132
    },
    "barkbands_spread": {
        "max": 90.6704788208,
        "mean": 18.483455658,
        "min": 1.13353550434,
        "stdev": 13.8170003891
    },
    "dissonance": {
        "max": 0.499310135841,
        "mean": 0.447284370661,
        "min": 0.216807991266,
        "stdev": 0.035969953984
    },
    "dynamic_complexity": 2.43955850601,
    "erbbands_crest": {
        "max": 28.4309329987,
        "mean": 11.4302587509,
        "min": 3.51682448387,
        "stdev": 5.33264398575
    },
    "erbbands_flatness_db": {
        "max": 0.315414637327,
        "mean": 0.195804983377,
        "min": 0.0796147733927,
        "stdev": 0.0384703278542
    },
    "erbbands_kurtosis": {
        "max": 58.8072357178,
        "mean": 2.11573338509,
        "min": -1.81965744495,
        "stdev": 5.56479692459
    },
    "erbbands_skewness": {
        "max": 7.28009653091,
        "mean": 0.521079242229,
        "min": -4.14030742645,
        "stdev": 1.40517389774
    },
    "erbbands_spread": {
        "max": 111.900604248,
        "mean": 31.4803066254,
        "min": 5.27306270599,
        "stdev": 16.1504974365
    },
    "hfc": {
        "max": 131.721664429,
        "mean": 19.7101516724,
        "min": 0.432023257017,
        "stdev": 18.1722221375
    },
    "loudness_ebu128": {
        "integrated": -14.6515769958,
        "loudness_range": 4.37918758392,
        "momentary": {
            "max": -11.011182785,
            "mean": -15.1799373627,
            "min": -22.0124797821,
            "stdev": 2.29883289337
        },
        "short_term": {
            "max": -12.3962087631,
            "mean": -14.8759632111,
            "min": -19.0807857513,
            "stdev": 1.62038505077
        }
    },
    "melbands_crest": {
        "max": 27.9837474823,
        "mean": 12.4917201996,
        "min": 4.04583978653,
        "stdev": 4.76938772202
    },
    "melbands_flatness_db": {
        "max": 0.439357429743,
        "mean": 0.22791723907,
        "min": 0.0335469171405,
        "stdev": 0.0648120120168
    },
    "melbands_kurtosis": {
        "max": 194.558364868,
        "mean": 12.4608745575,
        "min": -1.7923425436,
        "stdev": 17.841884613
    },
    "melbands_skewness": {
        "max": 8.10854244232,
        "mean": 2.19706845284,
        "min": -1.00274527073,
        "stdev": 1.36243271828
    },
    "melbands_spread": {
        "max": 259.482086182,
        "mean": 23.8264274597,
        "min": 1.03713846207,
        "stdev": 25.5002689362
    },
    "pitch_salience": {
        "max": 0.842767953873,
        "mean": 0.545667171478,
        "min": 0.195165976882,
        "stdev": 0.119237355888
    },
    "silence_rate_20dB": {
        "max": 1,
        "mean": 1,
        "min": 1,
        "stdev": 0
    },
    "silence_rate_30dB": {
        "max": 1,
        "mean": 1,
        "min": 1,
        "stdev": 0
    },
    "silence_rate_60dB": {
        "max": 1,
        "mean": 0.0085653103888,
        "min": 0,
        "stdev": 0.0921520888805
    },
    "spectral_centroid": {
        "max": 5513.31738281,
        "mean": 1136.46386719,
        "min": 258.298461914,
        "stdev": 696.619384766
    },
    "spectral_complexity": {
        "max": 45,
        "mean": 15.6409711838,
        "min": 1,
        "stdev": 6.79801034927
    },
    "spectral_decrease": {
        "max": -2.19900833653e-10,
        "mean": -6.37617114663e-09,
        "min": -2.51389984385e-08,
        "stdev": 3.99230160042e-09
    },
    "spectral_energy": {
        "max": 0.101864933968,
        "mean": 0.0258529186249,
        "min": 0.000869144685566,
        "stdev": 0.0159207265824
    },
    "spectral_energyband_high": {
        "max": 0.0165173802525,
        "mean": 0.000532790145371,
        "min": 2.94265555567e-06,
        "stdev": 0.00153258664068
    },
    "spectral_energyband_low": {
        "max": 0.0566127933562,
        "mean": 0.00583765748888,
        "min": 4.7094115871e-05,
        "stdev": 0.00675170216709
    },
    "spectral_energyband_middle_high": {
        "max": 0.0477935597301,
        "mean": 0.00596628664061,
        "min": 2.0008021238e-05,
        "stdev": 0.00732124317437
    },
    "spectral_energyband_middle_low": {
        "max": 0.0634533911943,
        "mean": 0.0141147719696,
        "min": 0.000701767858118,
        "stdev": 0.011031893082
    },
    "spectral_entropy": {
        "max": 8.6279668808,
        "mean": 7.17911577225,
        "min": 5.63808107376,
        "stdev": 0.468755275011
    },
    "spectral_flux": {
        "max": 0.225513830781,
        "mean": 0.0724867507815,
        "min": 0.0119442315772,
        "stdev": 0.0371792316437
    },
    "spectral_kurtosis": {
        "max": 32.006111145,
        "mean": 5.78822851181,
        "min": -0.916698455811,
        "stdev": 3.48668718338
    },
    "spectral_rms": {
        "max": 0.00996897276491,
        "mean": 0.00477833067998,
        "min": 0.000920839840546,
        "stdev": 0.00154592748731
    },
    "spectral_rolloff": {
        "max": 9453.07617188,
        "mean": 1305.3314209,
        "min": 107.666015625,
        "stdev": 1361.98205566
    },
    "spectral_skewness": {
        "max": 4.25975894928,
        "mean": 1.72648751736,
        "min": -0.238644406199,
        "stdev": 0.538126587868
    },
    "spectral_spread": {
        "max": 13389018,
        "mean": 3904733.75,
        "min": 2002127.75,
        "stdev": 1340011.375
    },
    "spectral_strongpeak": {
        "max": 11.2553367615,
        "mean": 1.44801032543,
        "min": 0.0290108006448,
        "stdev": 1.66874396801
    },
    "zerocrossingrate": {
        "max": 0.3154296875,
        "mean": 0.0492170788348,
        "min": 0.00537109375,
        "stdev": 0.0369097143412
    },
    "barkbands": {
        "max": [0.00276733678766, 0.0484977439046, 0.0424413532019, 0.0110653480515, 0.0398273654282, 0.0532077178359, 0.0502679347992, 0.0331847704947, 0.0262820385396, 0.0260751396418, 0.0123097961769, 0.0247043501586, 0.0192148070782, 0.0212987381965, 0.0250966884196, 0.0274183358997, 0.0147610912099, 0.00350064388476, 0.00541733112186, 0.00395489670336, 0.00307132536545, 0.0061177900061, 0.00910529587418, 0.00891104340553, 0.00155364419334, 0.00110141909681, 1.60170529853e-05],
        "mean": [0.00013441099145, 0.00304326694459, 0.00216889288276, 0.001106207259, 0.00331611931324, 0.00562178576365, 0.00189566973131, 0.0009814837249, 0.000974714988843, 0.000946635962464, 0.000338647922035, 0.000849524105433, 0.000542404595762, 0.00056254240917, 0.000367951550288, 0.000904982443899, 0.000986355938949, 0.000196329856408, 0.000290300755296, 0.000148639621329, 7.20807802281e-05, 0.000133898036438, 0.000133926718263, 9.2305461294e-05, 3.38979989465e-05, 9.91688921204e-06, 2.40887949587e-08],
        "min": [3.55479414793e-08, 1.18543121062e-05, 4.2647520786e-06, 5.20134835824e-06, 3.52712122549e-05, 3.54087460437e-05, 1.37455106142e-06, 1.22459641716e-06, 6.10805545875e-06, 2.95846518839e-07, 5.62652871849e-07, 1.8070625174e-07, 5.08755078954e-07, 4.11875248574e-07, 1.68100314113e-07, 5.03515423134e-07, 3.94198082176e-07, 7.47972023873e-07, 1.01245291262e-06, 6.08555410508e-07, 4.12517920267e-07, 4.09118911193e-07, 4.64604177353e-08, 6.57799645865e-08, 2.50919782729e-08, 3.62925765829e-11, 2.14929549852e-11],
        "stdev": [0.000240620007389, 0.0042065102607, 0.00361049268395, 0.00148015189916, 0.00498127145693, 0.00907846912742, 0.00479460321367, 0.00262034847401, 0.00188636756502, 0.00208155112341, 0.000879906292539, 0.00247270660475, 0.00161936797667, 0.00169780396391, 0.00108477193862, 0.00236407900229, 0.00189695670269, 0.00033017701935, 0.000574524805415, 0.000291374948574, 0.000165278019267, 0.000472219282528, 0.00049080880126, 0.000483190524392, 0.00012184719526, 5.24121351191e-05, 4.43810336037e-07]
    },
    "erbbands": {
        "max": [1.16905975342, 12.18891716, 36.7403297424, 41.2533073425, 98.7790374756, 190.221694946, 236.441131592, 508.063568115, 886.623413086, 247.011306763, 666.90625, 794.225219727, 825.674804688, 462.732849121, 505.616668701, 1100.00500488, 919.665283203, 643.82598877, 1167.6237793, 1181.16369629, 1047.45568848, 926.381774902, 182.922134399, 174.240722656, 307.336425781, 188.482513428, 111.140724182, 99.8164215088, 226.307617188, 210.841201782, 301.888000488, 181.250167847, 247.389953613, 32.2676887512, 11.2966251373, 4.76153659821, 2.40348005295, 0.138686448336, 0.00305744912475, 0.000206075244932],
        "mean": [0.0822615176439, 0.716356575489, 2.36249995232, 3.1451253891, 5.48036146164, 13.0932359695, 28.0510349274, 50.3899765015, 36.987575531, 15.0733613968, 22.9645633698, 21.5544929504, 29.1667423248, 23.0108661652, 20.1972236633, 32.3509788513, 26.2435264587, 23.6869392395, 26.6458816528, 29.3826751709, 54.5216598511, 53.9391670227, 14.2334699631, 12.9536046982, 12.9843893051, 6.94287824631, 3.71725344658, 2.61815881729, 4.14676904678, 5.22083282471, 3.63690376282, 1.8842972517, 1.64571046829, 0.53902387619, 0.171870052814, 0.0657653361559, 0.0147387459874, 0.000609564478509, 3.22116065945e-05, 3.25403852912e-05],
        "min": [0.000251543504419, 0.00272054132074, 0.012509342283, 0.0225933678448, 0.0533873513341, 0.284269422293, 0.295878946781, 0.227534040809, 0.122217237949, 0.184235602617, 0.184179022908, 0.282052665949, 0.057859506458, 0.0207078363746, 0.0252711642534, 0.0192959886044, 0.0634274706244, 0.0277194194496, 0.0115913515911, 0.0261967033148, 0.0157879181206, 0.0228677541018, 0.0370725244284, 0.0920861586928, 0.0403201803565, 0.0395951122046, 0.018237862736, 0.0196568518877, 0.0171837303787, 0.00388382817619, 0.00167903769761, 0.0021472373046, 0.000763229792938, 0.000445822981419, 0.000124052065075, 1.06546285679e-05, 2.08575374927e-06, 3.23329004459e-07, 1.19025196454e-06, 1.20959487049e-06],
        "stdev": [0.107157617807, 1.02863228321, 3.59841370583, 3.90356993675, 7.69163894653, 23.8708400726, 38.9290733337, 84.7347183228, 85.6458129883, 25.4960784912, 53.1918525696, 48.8506965637, 56.6182060242, 46.1303710938, 45.1438674927, 92.1076202393, 75.4317626953, 57.3317184448, 70.9920501709, 79.3918762207, 126.358772278, 103.417411804, 22.3000221252, 22.2911338806, 26.8863830566, 13.3275327682, 7.09564113617, 6.85266160965, 15.7194690704, 17.3071479797, 14.450961113, 9.48277378082, 9.69351387024, 2.24651551247, 0.583990514278, 0.28051930666, 0.0985375121236, 0.00486875837669, 0.000114589500299, 2.10353082366e-05]
    },
    "gfcc": {
        "mean": [-22.5820217133, 125.47416687, -124.445083618, 43.0230827332, -64.9590606689, 8.39760684967, -43.0387573242, 8.39538097382, -16.0201053619, -6.13200759888, -5.42718267441, -0.661370337009, 1.03914558887],
        "cov": [[2504.74365234, -996.255554199, -400.403656006, 42.055770874, -10.7335681915, 231.749755859, -212.224349976, 186.533782959, 20.6332798004, 77.6795730591, -111.326675415, 115.310066223, -186.002807617], [-996.255554199, 1269.90332031, -291.078948975, -198.3881073, 245.262313843, -121.304428101, 238.411560059, -119.831230164, 116.155952454, -186.706970215, 210.650543213, -170.106079102, 129.245071411], [-400.403656006, -291.078948975, 1106.47290039, 91.6335144043, -200.427947998, -6.87421798706, -36.9810371399, 47.5432853699, -285.935791016, 220.020004272, -60.8672828674, 106.605751038, -12.8884840012], [42.055770874, -198.3881073, 91.6335144043, 398.967193604, 1.63435864449, -20.9798336029, -84.7585754395, -28.1369247437, 130.752853394, -61.6252403259, -59.600944519, -22.5828437805, 22.9421005249], [-10.7335681915, 245.262313843, -200.427947998, 1.63435864449, 263.585510254, 2.55568385124, 17.0706310272, 9.26834106445, 79.8260574341, -50.3880805969, -15.4792327881, -28.4796962738, -16.6555557251], [231.749755859, -121.304428101, -6.87421798706, -20.9798336029, 2.55568385124, 240.438812256, 29.3477535248, -12.0090894699, 33.2361984253, 6.94446229935, -20.3316555023, -6.20510053635, -49.3611030579], [-212.224349976, 238.411560059, -36.9810371399, -84.7585754395, 17.0706310272, 29.3477535248, 185.078140259, -5.28410387039, -42.3040771484, -19.3538608551, 78.9352645874, -20.1312885284, -14.0670509338], [186.533782959, -119.831230164, 47.5432853699, -28.1369247437, 9.26834106445, -12.0090894699, -5.28410387039, 157.583129883, -44.624912262, 44.8969650269, -14.762638092, 37.4202384949, -3.02692723274], [20.6332798004, 116.155952454, -285.935791016, 130.752853394, 79.8260574341, 33.2361984253, -42.3040771484, -44.624912262, 302.979522705, -108.587043762, -38.8879508972, -36.8656234741, 22.1232681274], [77.6795730591, -186.706970215, 220.020004272, -61.6252403259, -50.3880805969, 6.94446229935, -19.3538608551, 44.8969650269, -108.587043762, 195.444107056, 11.1105394363, 29.0564517975, -25.017742157], [-111.326675415, 210.650543213, -60.8672828674, -59.600944519, -15.4792327881, -20.3316555023, 78.9352645874, -14.762638092, -38.8879508972, 11.1105394363, 224.387145996, -48.2412986755, 29.6566638947], [115.310066223, -170.106079102, 106.605751038, -22.5828437805, -28.4796962738, -6.20510053635, -20.1312885284, 37.4202384949, -36.8656234741, 29.0564517975, -48.2412986755, 135.721115112, -35.4226951599], [-186.002807617, 129.245071411, -12.8884840012, 22.9421005249, -16.6555557251, -49.3611030579, -14.0670509338, -3.02692723274, 22.1232681274, -25.017742157, 29.6566638947, -35.4226951599, 164.460586548]],
        "icov": [[0.000942637969274, 0.000472132407594, 0.00067156861769, -0.000184731354238, -7.6966600318e-05, -0.000803219154477, 0.000869819137733, -0.000820685527287, 0.000427570746979, -8.57318518683e-05, -0.000337458885042, -0.000318439590046, 0.000505603908096], [0.000472132407594, 0.00569086335599, -0.0020613418892, 0.0044875619933, -0.00469729816541, 0.0032679643482, -0.00427096895874, 0.00222092773765, -0.00381368538365, 0.00393749959767, -0.00264298450202, 0.00362927466631, -0.00217488943599], [0.00067156861769, -0.0020613418892, 0.0034776085522, -0.00338462507352, 0.00259956065565, -0.00244426704012, 0.00233848905191, -0.00144426140469, 0.0037609138526, -0.0033575699199, 0.00145036936738, -0.00276534399018, 0.000953427457716], [-0.000184731354238, 0.0044875619933, -0.00338462507352, 0.00797024089843, -0.00385817838833, 0.00375983119011, -0.00281238066964, 0.00226178462617, -0.00564524298534, 0.00485409609973, -0.0019380756421, 0.00435965973884, -0.00178754935041], [-7.6966600318e-05, -0.00469729816541, 0.00259956065565, -0.00385817838833, 0.00875346455723, -0.00272985361516, 0.00328866997734, -0.00303057185374, 0.00265281740576, -0.00320457923226, 0.00279891281389, -0.0023419118952, 0.00278556696139], [-0.000803219154477, 0.0032679643482, -0.00244426704012, 0.00375983119011, -0.00272985361516, 0.00806071888655, -0.00497474242002, 0.00263399421237, -0.00439206277952, 0.00228235940449, -0.000692999048624, 0.00357232009992, -0.00059442454949], [0.000869819137733, -0.00427096895874, 0.00233848905191, -0.00281238066964, 0.00328866997734, -0.00497474242002, 0.0126954168081, -0.00319602410309, 0.00478895753622, -0.00134570314549, -0.000764773634728, -0.00295626884326, 0.0034350391943], [-0.000820685527287, 0.00222092773765, -0.00144426140469, 0.00226178462617, -0.00303057185374, 0.00263399421237, -0.00319602410309, 0.00950129143894, -0.001417745254, 0.000321832776535, -0.000418090145104, 0.000162003590958, -0.0023671425879], [0.000427570746979, -0.00381368538365, 0.0037609138526, -0.00564524298534, 0.00265281740576, -0.00439206277952, 0.00478895753622, -0.001417745254, 0.0100156096742, -0.00212250836194, 0.00230666901916, -0.00329744745977, 0.00110048730858], [-8.57318518683e-05, 0.00393749959767, -0.0033575699199, 0.00485409609973, -0.00320457923226, 0.00228235940449, -0.00134570314549, 0.000321832776535, -0.00212250836194, 0.0115326549858, -0.00302800559439, 0.00332360249013, -0.000578538747504], [-0.000337458885042, -0.00264298450202, 0.00145036936738, -0.0019380756421, 0.00279891281389, -0.000692999048624, -0.000764773634728, -0.000418090145104, 0.00230666901916, -0.00302800559439, 0.0075829657726, 2.67715331574e-05, -5.07989861944e-05], [-0.000318439590046, 0.00362927466631, -0.00276534399018, 0.00435965973884, -0.0023419118952, 0.00357232009992, -0.00295626884326, 0.000162003590958, -0.00329744745977, 0.00332360249013, 2.67715331574e-05, 0.0127374324948, 0.000235767030972], [0.000505603908096, -0.00217488943599, 0.000953427457716, -0.00178754935041, 0.00278556696139, -0.00059442454949, 0.0034350391943, -0.0023671425879, 0.00110048730858, -0.000578538747504, -5.07989861944e-05, 0.000235767030972, 0.00886341929436]]
    },
    "melbands": {
        "max": [0.0114048440009, 0.0135477362201, 0.00643811607733, 0.00681986473501, 0.00768370367587, 0.0107118654996, 0.0119508048519, 0.00398446060717, 0.00435086525977, 0.00471480470151, 0.00431939447299, 0.00240324344486, 0.00192480836995, 0.00374700315297, 0.00157448486425, 0.00256395759061, 0.00143560196739, 0.00176992174238, 0.00170562020503, 0.00252644834109, 0.00139949528966, 0.00111761328299, 0.000382486614399, 0.000186230274267, 0.00014675364946, 0.000280037987977, 0.000171978506842, 9.99499752652e-05, 5.1688770327e-05, 9.93657886283e-05, 6.81653036736e-05, 0.000135398920975, 0.000181113719009, 0.000114571688755, 0.000197200497496, 0.000136367962114, 0.000160274561495, 0.000218723565922, 7.57226080168e-05, 2.28889639402e-05],
        "mean": [0.000799100787845, 0.00111387937795, 0.000621996819973, 0.00061921501765, 0.000960698875133, 0.00112513825297, 0.000502013135701, 0.000166881087353, 0.000178994116141, 0.000134463422, 0.000149261410115, 0.000100847551948, 5.80252235522e-05, 0.000101429170172, 5.86129135627e-05, 5.78279177716e-05, 4.27151535405e-05, 4.75785127492e-05, 2.78033858194e-05, 5.56298546144e-05, 6.48506247671e-05, 6.50752917863e-05, 1.97966110136e-05, 9.37950972002e-06, 1.04190021375e-05, 1.15384209494e-05, 7.18374849384e-06, 3.90704963138e-06, 2.43391082222e-06, 1.59621242801e-06, 1.51017297867e-06, 2.04300658879e-06, 3.1926272186e-06, 2.75606157629e-06, 2.25949997912e-06, 1.4570833855e-06, 1.01150658338e-06, 1.27704652186e-06, 7.8254328173e-07, 3.43383788959e-07],
        "min": [3.61318643627e-06, 7.263630323e-06, 6.55564235785e-06, 9.92559398583e-06, 1.43273709909e-05, 5.02933016833e-06, 1.19303797419e-06, 8.21345679469e-07, 1.20290621908e-06, 8.10103188087e-07, 1.26157885916e-07, 7.56013278647e-08, 8.32662223615e-08, 1.60856146181e-08, 8.70693881438e-08, 5.19418819067e-08, 3.82877729521e-08, 1.12611848735e-08, 1.59981539127e-08, 4.91532681224e-08, 1.15306129089e-08, 2.67365933837e-08, 1.07584998688e-08, 3.55307498978e-08, 6.37762624933e-08, 3.15465946699e-08, 2.46862779107e-08, 2.29620571446e-08, 9.74795977271e-09, 8.86479600837e-09, 9.20671183735e-09, 7.86912934814e-09, 1.65476354841e-09, 8.55150616985e-10, 7.23100634925e-10, 1.13407594426e-09, 9.71906444214e-10, 4.30805058294e-10, 3.8361905319e-10, 2.93021967801e-10],
        "stdev": [0.00107913266402, 0.0014772900613, 0.00073592417175, 0.000862396787852, 0.00128241162747, 0.00181157840416, 0.0011395807378, 0.000363458209904, 0.000370431749616, 0.000299517123494, 0.000298402068438, 0.000214833737118, 0.000127151914057, 0.000328381400323, 0.000158627226483, 0.000194963955437, 0.0001172322809, 0.000142060336657, 8.22833026177e-05, 0.000167995298398, 0.000148858205648, 0.000131603548652, 3.6495297536e-05, 1.68517381098e-05, 1.87467376236e-05, 2.52157205978e-05, 1.58006096171e-05, 8.09481389297e-06, 4.60406135971e-06, 4.50568222732e-06, 4.22046741733e-06, 8.27257008496e-06, 1.14812410175e-05, 9.1202882686e-06, 8.92132447916e-06, 6.95224889569e-06, 6.15749149802e-06, 8.09256380307e-06, 4.00330873163e-06, 1.36353958169e-06]
    },
    "melbands128": {
        "max": [0.00254801055416, 0.00879410281777, 0.0178199093789, 0.0220971442759, 0.0160958021879, 0.0210345722735, 0.0089092226699, 0.00758340302855, 0.0141201522201, 0.00706268195063, 0.0145428366959, 0.0177112277597, 0.00872880686074, 0.0230207201093, 0.0187507905066, 0.014094395563, 0.0169400945306, 0.0180884078145, 0.00397183513269, 0.00469964696094, 0.00695933029056, 0.0126879867166, 0.00483466219157, 0.0037141663488, 0.00999280437827, 0.00487778382376, 0.00389368319884, 0.00673436000943, 0.00808892212808, 0.00463480548933, 0.00302630080841, 0.0027016189415, 0.00368380756117, 0.00322536565363, 0.00655237352476, 0.00610218383372, 0.00378961162642, 0.00287358509377, 0.00208812975325, 0.00404379051179, 0.00379047240131, 0.00302087352611, 0.00254835560918, 0.00246008601971, 0.00589055661112, 0.00208276440389, 0.00568752037361, 0.00203963578679, 0.0024174915161, 0.00246848282404, 0.00442160619423, 0.00323118991219, 0.00265315151773, 0.00328373396769, 0.00276244967245, 0.00190740486141, 0.00173900392838, 0.00079700385686, 0.000378417928005, 0.000235974352108, 0.000418048352003, 0.000332976516802, 0.000201451955945, 0.000171394378413, 0.000648364541121, 0.000472128478577, 0.000531233323272, 0.000348231871612, 0.000320036982885, 0.000243943402893, 0.000139734547702, 0.000123186851852, 0.000151987434947, 5.52611309104e-05, 0.000101470708614, 0.000117963863886, 0.000103205522464, 6.05743298365e-05, 6.97003706591e-05, 0.0001280070137, 0.000146881997352, 0.000168731829035, 0.00020414480241, 0.000298665429, 0.000181919225724, 0.000170751227415, 0.000109833948954, 8.55955513543e-05, 0.000312761665555, 0.000165286066476, 0.000173905486008, 0.000148776933202, 8.11421268736e-05, 0.000206134864129, 0.000234087114222, 0.000126172875753, 0.000447313068435, 0.000130944245029, 8.23934460641e-05, 5.12673141202e-05, 3.46422821167e-05, 3.97471631004e-05, 1.64231696544e-05, 2.13458279177e-05, 1.05783810795e-05, 9.12880932447e-06, 1.30454618557e-05, 9.50469348027e-06, 6.72751366437e-06, 1.07495106931e-05, 9.54372080741e-06, 1.52462425831e-05, 1.02379290183e-05, 3.1868366932e-06, 1.27176588194e-06, 9.50761489094e-07, 5.29666692728e-07, 7.11285086386e-10, 4.86782336662e-10, 4.76287120854e-10, 4.64322913452e-10, 4.53529769295e-10, 4.49243892087e-10, 4.39238007077e-10, 4.32657326632e-10, 4.27153090676e-10, 4.24279750222e-10, 4.21698648223e-10],
        "mean": [0.000118707816, 0.000592197990045, 0.00110203470103, 0.0011707781814, 0.00125676207244, 0.000994298490696, 0.000601247651502, 0.000579876825213, 0.000541346031241, 0.000483464857098, 0.000792581820861, 0.00081513740588, 0.000722137629054, 0.00155024370179, 0.00132653175388, 0.000780479458626, 0.000731462263502, 0.000499728019349, 0.000141361961141, 0.000126249913592, 0.000180289760465, 0.000284367997665, 0.000138619114296, 0.000129752763314, 0.000162919503055, 9.31130562094e-05, 0.000178840651643, 0.000121879988001, 0.000179787690286, 0.000135933660204, 5.72010358155e-05, 5.55339356652e-05, 6.93948095432e-05, 2.88176779577e-05, 0.000122173631098, 0.000124298661831, 7.08828956704e-05, 5.7655677665e-05, 4.40595576947e-05, 6.60687728669e-05, 6.16121178609e-05, 4.2342042434e-05, 3.66399071936e-05, 3.47172754118e-05, 8.26531468192e-05, 3.48503381247e-05, 3.63719118468e-05, 1.97810368263e-05, 2.85385267489e-05, 3.80244346161e-05, 6.4374282374e-05, 6.53453171253e-05, 6.54253381072e-05, 6.06200519542e-05, 7.31161562726e-05, 7.83516952652e-05, 4.81201132061e-05, 2.27888722293e-05, 1.19276883197e-05, 7.02455690771e-06, 1.10372866402e-05, 9.14906559046e-06, 7.24169967725e-06, 9.27077417145e-06, 1.842119309e-05, 1.07919040602e-05, 9.26968641579e-06, 7.93091930973e-06, 7.07065873939e-06, 5.46070941709e-06, 4.03922695114e-06, 3.12638894684e-06, 2.48943479164e-06, 2.26904012379e-06, 2.47053708335e-06, 1.57962892899e-06, 1.2248560779e-06, 1.32821173793e-06, 1.45780188632e-06, 1.84816860838e-06, 1.79592825589e-06, 2.07137486541e-06, 2.74682429335e-06, 3.5932564515e-06, 3.32731610797e-06, 2.90651473733e-06, 2.5079466468e-06, 2.43104409492e-06, 2.45951332545e-06, 1.97636018129e-06, 1.68597716765e-06, 1.3176891116e-06, 1.04391028799e-06, 9.87465114122e-07, 9.17167028547e-07, 1.24877317376e-06, 1.5174937289e-06, 1.11156225557e-06, 8.40972802507e-07, 5.88947614233e-07, 3.96189506091e-07, 3.14463875384e-07, 2.41138621959e-07, 2.71132250873e-07, 1.74966729105e-07, 1.24726071249e-07, 1.47923501004e-07, 1.30235363827e-07, 1.01893597559e-07, 1.10741495973e-07, 8.3424829711e-08, 6.43097024522e-08, 4.82785225131e-08, 1.33830164728e-08, 4.14602174814e-09, 2.91775670291e-09, 9.2654861561e-10, 6.0604724364e-12, 5.01294405292e-12, 4.78127606951e-12, 4.64856712151e-12, 4.54775713615e-12, 4.4593560615e-12, 4.37782882862e-12, 4.28553720289e-12, 4.17941722897e-12, 4.11552736335e-12, 4.08846480976e-12],
        "min": [2.96341950978e-09, 5.68468522033e-07, 2.88622732114e-06, 4.4435264499e-06, 5.0113103498e-06, 1.75554214366e-06, 1.26252450627e-06, 2.19100866161e-06, 1.24499013054e-06, 1.30703563173e-06, 6.93742890689e-07, 8.52041068811e-07, 9.49682942064e-07, 2.42469786826e-06, 1.90944797396e-06, 1.22617984744e-06, 1.79239123099e-07, 7.76684174753e-08, 1.17886010287e-07, 1.58548232321e-07, 2.38668377506e-07, 1.41851018043e-07, 4.01076533763e-07, 3.99814922503e-07, 2.57898477685e-07, 2.25650566676e-07, 5.97610139152e-08, 7.06304277287e-08, 2.06215684528e-08, 1.99247569554e-08, 6.89934420706e-09, 4.00909669906e-08, 5.10714173174e-08, 4.14294589746e-08, 8.50295300836e-09, 4.53846027426e-09, 1.06135527034e-08, 3.56485578834e-08, 6.11593886646e-09, 1.57854316285e-08, 1.24691599268e-08, 1.94529956588e-08, 5.26761789743e-09, 6.13275918937e-09, 3.47383077859e-09, 7.07894542984e-09, 7.19326953558e-09, 4.45086767442e-09, 1.1262795141e-08, 3.33897887117e-08, 1.85526030094e-08, 2.83524892453e-09, 2.9981204186e-09, 7.94086396638e-09, 8.30664781404e-09, 6.54961684887e-09, 3.08959235973e-09, 7.48055395405e-09, 5.79565373471e-09, 4.32067936984e-09, 1.41076901272e-08, 3.89929333267e-08, 4.45061809629e-09, 1.40557023798e-08, 6.82825795906e-09, 1.59755444429e-08, 9.24132859126e-09, 1.45035770061e-08, 1.03008934715e-08, 7.65390328894e-09, 1.01811377107e-08, 2.99796232284e-09, 3.69400798839e-09, 3.32701510786e-09, 4.77507500207e-09, 1.6668227909e-09, 8.54259163408e-10, 6.95227875269e-10, 2.93888802183e-09, 5.01710006873e-09, 1.93588967079e-09, 5.59311041926e-10, 9.36333788282e-10, 2.33537189587e-09, 2.70310634987e-10, 3.41851491559e-10, 9.81946968182e-10, 2.46021619743e-10, 6.96460222827e-10, 5.04741914931e-10, 3.22429610788e-10, 5.48798784195e-10, 1.02142988512e-10, 8.57041521085e-11, 3.64070683323e-11, 1.48490560126e-11, 1.29943000804e-10, 2.3628174417e-10, 1.5787554597e-10, 8.01504522474e-12, 2.08714937694e-11, 2.08552203285e-11, 3.37608864476e-11, 1.36962732822e-10, 4.42922018506e-11, 9.63538623888e-12, 1.79159410831e-12, 1.64832438063e-12, 1.47149138577e-13, 6.20625919363e-14, 6.55175715655e-14, 8.81065443585e-14, 7.63505944123e-14, 6.71692925889e-14, 6.22713279596e-14, 7.59055768544e-14, 5.78714864658e-14, 7.35003285448e-14, 7.12268175755e-14, 7.72142834155e-14, 6.65851786685e-14, 7.76793383848e-14, 7.11537220203e-14, 6.91984447174e-14, 3.61058263094e-14, 1.97095808505e-14, 2.54694866305e-15, 1.03665900725e-16],
        "stdev": [0.000220170244575, 0.000788416655269, 0.00169023964554, 0.00179633859079, 0.00188937305938, 0.00167317502201, 0.000821003399324, 0.00083433277905, 0.000998655101284, 0.000651093083434, 0.00174235226586, 0.00179733068217, 0.00116171769332, 0.00342552014627, 0.00285037048161, 0.00156328675803, 0.00191028206609, 0.00149515573867, 0.000268525473075, 0.000315959681757, 0.000607997819316, 0.000947455468122, 0.000282895838609, 0.000344005093211, 0.000534542254172, 0.000286671187496, 0.000407215295127, 0.000373353395844, 0.000565967871808, 0.000358767312719, 0.000198415611521, 0.000174911081558, 0.00018914177781, 0.000123039484606, 0.000502917857375, 0.000506191514432, 0.000296944432193, 0.000234182865825, 0.000149638508447, 0.000290779746138, 0.000269382901024, 0.000152000124217, 0.00014014550834, 0.000156348149176, 0.000375630916096, 0.000108273838123, 0.000184026997886, 8.0751866335e-05, 0.000116337512736, 0.000145975500345, 0.00025092434953, 0.000247808668064, 0.000213715436985, 0.000187343131984, 0.000218781264266, 0.000199148445972, 0.000118971191114, 5.09872588736e-05, 3.17693375109e-05, 1.70720068127e-05, 2.69153242698e-05, 2.19560515688e-05, 1.62578962772e-05, 1.84329564945e-05, 5.32323647349e-05, 3.14152966894e-05, 3.01080599456e-05, 2.39849141508e-05, 1.90996106539e-05, 1.44917685247e-05, 1.08535041363e-05, 7.18674937161e-06, 7.01506178302e-06, 4.80706830785e-06, 6.55907297187e-06, 5.23585458723e-06, 4.58449721918e-06, 3.80271308131e-06, 4.15082331529e-06, 6.37662378722e-06, 7.52617961552e-06, 1.00676661532e-05, 1.25096503325e-05, 1.37641891342e-05, 1.21273515106e-05, 1.1390083273e-05, 8.11921745481e-06, 7.59311888032e-06, 1.21514985949e-05, 8.40242591948e-06, 8.22529364086e-06, 7.31118416297e-06, 5.22379423273e-06, 7.31046247893e-06, 7.2936873039e-06, 6.97075802236e-06, 1.34952770168e-05, 6.52450944472e-06, 4.52678114016e-06, 2.64494224211e-06, 1.72125601239e-06, 1.56866565248e-06, 8.70493352068e-07, 9.52401705945e-07, 5.86104818012e-07, 4.47704252338e-07, 7.38850019388e-07, 5.76393972551e-07, 4.13427159174e-07, 4.77377056995e-07, 5.22210427789e-07, 5.80327252919e-07, 3.47180900917e-07, 1.26493333141e-07, 4.63169804732e-08, 3.22596207525e-08, 1.51311301266e-08, 2.46685432498e-11, 1.50527784681e-11, 1.45359948037e-11, 1.41686992e-11, 1.38451819454e-11, 1.36770022391e-11, 1.3391814567e-11, 1.31962878125e-11, 1.30281341271e-11, 1.29362215384e-11, 1.28594947191e-11]
    },
    "mfcc": {
        "mean": [-659.418395996, 141.133270264, 2.99400186539, 30.2336940765, 4.67016553879, -1.71451771259, -9.07339382172, 6.88327789307, -5.20166683197, 0.0822288841009, -4.72039985657, -4.01424503326, 4.32244920731],
        "cov": [[2968.78222656, -1008.56591797, -621.994567871, -281.343475342, 198.176849365, 10.6248855591, -217.307189941, 188.993728638, 11.9175825119, 79.4064178467, -16.7362270355, 92.4469680786, 53.5981407166], [-1008.56591797, 1273.28540039, -305.313476562, -63.6539344788, -92.2524795532, -38.721862793, 207.118392944, 7.43809843063, -47.9741287231, -9.87691783905, 55.3400611877, -3.22689414024, -28.1600189209], [-621.994567871, -305.313476562, 981.249633789, 145.924530029, -63.9265975952, -3.54610872269, 113.141372681, -161.023422241, -9.39530086517, -59.3153686523, 6.1662478447, -66.5547180176, -23.8766708374], [-281.343475342, -63.6539344788, 145.924530029, 348.609985352, 64.5866241455, -51.4147224426, -59.2370414734, -23.6498413086, 25.7434825897, -13.453660965, -45.8394012451, -4.76205205917, 32.0067062378], [198.176849365, -92.2524795532, -63.9265975952, 64.5866241455, 235.688323975, 30.1090297699, -111.482971191, 26.5524501801, 61.2314720154, 45.3075141907, -34.1601104736, 12.0428657532, 1.11610507965], [10.6248855591, -38.721862793, -3.54610872269, -51.4147224426, 30.1090297699, 236.341445923, -76.5171127319, 54.091217041, 15.5871248245, 25.6167888641, 23.2655086517, 7.07496166229, -13.9284677505], [-217.307189941, 207.118392944, 113.141372681, -59.2370414734, -111.482971191, -76.5171127319, 368.599609375, -84.7661132812, -93.8332290649, -15.5283203125, 59.7250556946, -7.1622877121, -45.9034996033], [188.993728638, 7.43809843063, -161.023422241, -23.6498413086, 26.5524501801, 54.091217041, -84.7661132812, 225.02545166, 16.5436267853, -0.912053585052, -12.5324859619, 27.9242992401, 35.77394104], [11.9175825119, -47.9741287231, -9.39530086517, 25.7434825897, 61.2314720154, 15.5871248245, -93.8332290649, 16.5436267853, 198.944961548, -3.56275105476, -47.5807991028, -13.0713033676, -5.0582280159], [79.4064178467, -9.87691783905, -59.3153686523, -13.453660965, 45.3075141907, 25.6167888641, -15.5283203125, -0.912053585052, -3.56275105476, 115.300231934, 9.97582817078, 6.25800514221, -11.6118984222], [-16.7362270355, 55.3400611877, 6.1662478447, -45.8394012451, -34.1601104736, 23.2655086517, 59.7250556946, -12.5324859619, -47.5807991028, 9.97582817078, 125.295043945, 32.0678138733, -21.6046447754], [92.4469680786, -3.22689414024, -66.5547180176, -4.76205205917, 12.0428657532, 7.07496166229, -7.1622877121, 27.9242992401, -13.0713033676, 6.25800514221, 32.0678138733, 92.0947418213, 14.9667568207], [53.5981407166, -28.1600189209, -23.8766708374, 32.0067062378, 1.11610507965, -13.9284677505, -45.9034996033, 35.77394104, -5.0582280159, -11.6118984222, -21.6046447754, 14.9667568207, 98.9105606079]],
        "icov": [[0.000916795455851, 0.000945573206991, 0.000703482481185, 0.000704406062141, -0.000579924380872, 0.000337611476425, -0.000238647582592, -0.00029264591285, 0.000122986341012, 1.1572380572e-05, -0.00018016701506, -0.000101788988104, -0.000252840429312], [0.000945573206991, 0.00199856329709, 0.00119750911836, 0.000519582186826, -0.000377715710783, 0.000250692886766, -0.000925065483898, -0.000338090001605, 1.82940596005e-06, 0.000167923804838, -0.000486064585857, 0.000267137103947, -0.000216709100641], [0.000703482481185, 0.00119750911836, 0.00214826944284, -0.000239678643993, -0.000125049074995, -0.00030555165722, -0.000851197575685, 0.000565144233406, -5.95426026848e-05, 0.000672351336107, -0.00047223130241, 0.000827071664389, -0.000237590284087], [0.000704406062141, 0.000519582186826, -0.000239678643993, 0.00434187520295, -0.001539173536, 0.00121276522987, 0.000512202794198, 4.51115647593e-06, 0.000216340180486, 0.000226908130571, 0.000595579098444, -0.000516299623996, -0.00102649466135], [-0.000579924380872, -0.000377715710783, -0.000125049074995, -0.001539173536, 0.00642887689173, -0.000580289517529, 0.00108269765042, 0.000114107744594, -0.00111635844223, -0.00209860387258, 0.00103975087404, -0.000894539931323, 0.00104054028634], [0.000337611476425, 0.000250692886766, -0.00030555165722, 0.00121276522987, -0.000580289517529, 0.00561900669709, 0.00132484990172, -0.00140530988574, 3.81705795007e-05, -0.000870909832884, -0.00135267421138, 6.8454486609e-05, 0.000937049626373], [-0.000238647582592, -0.000925065483898, -0.000851197575685, 0.000512202794198, 0.00108269765042, 0.00132484990172, 0.00484430510551, 0.000694678048603, 0.00132185325492, -7.42714037187e-05, -0.000729639141355, -0.000273170589935, 0.00160686695017], [-0.00029264591285, -0.000338090001605, 0.000565144233406, 4.51115647593e-06, 0.000114107744594, -0.00140530988574, 0.000694678048603, 0.00610349792987, -0.000102871337731, 0.000722986645997, 0.000556283979677, -0.00102159625385, -0.00153130211402], [0.000122986341012, 1.82940596005e-06, -5.95426026848e-05, 0.000216340180486, -0.00111635844223, 3.81705795007e-05, 0.00132185325492, -0.000102871337731, 0.00642547942698, 0.000686513027176, 0.00170230679214, 0.000187883430044, 0.0012707245769], [1.1572380572e-05, 0.000167923804838, 0.000672351336107, 0.000226908130571, -0.00209860387258, -0.000870909832884, -7.42714037187e-05, 0.000722986645997, 0.000686513027176, 0.0102243190631, -0.00078562827548, 0.000158462906256, 0.000775339140091], [-0.00018016701506, -0.000486064585857, -0.00047223130241, 0.000595579098444, 0.00103975087404, -0.00135267421138, -0.000729639141355, 0.000556283979677, 0.00170230679214, -0.00078562827548, 0.011570872739, -0.00448117917404, 0.00211077462882], [-0.000101788988104, 0.000267137103947, 0.000827071664389, -0.000516299623996, -0.000894539931323, 6.8454486609e-05, -0.000273170589935, -0.00102159625385, 0.000187883430044, 0.000158462906256, -0.00448117917404, 0.0138899097219, -0.00229197787121], [-0.000252840429312, -0.000216709100641, -0.000237590284087, -0.00102649466135, 0.00104054028634, 0.000937049626373, 0.00160686695017, -0.00153130211402, 0.0012707245769, 0.000775339140091, 0.00211077462882, -0.00229197787121, 0.0128439236432]]
    },
    "spectral_contrast_coeffs": {
        "max": [-0.473499506712, -0.453927695751, -0.447306573391, -0.536148607731, -0.603080511093, -0.610026657581],
        "mean": [-0.699566721916, -0.70469969511, -0.726006925106, -0.756415903568, -0.752324461937, -0.752445340157],
        "min": [-0.958218872547, -0.884128332138, -0.897545337677, -0.880564212799, -0.866947174072, -0.85423797369],
        "stdev": [0.0662149488926, 0.0761420279741, 0.0658344104886, 0.0679204985499, 0.0519466102123, 0.0434619933367]
    },
    "spectral_contrast_valleys": {
        "max": [-5.14627838135, -5.22701931, -5.44948577881, -5.82283639908, -6.27674198151, -7.83927726746],
        "mean": [-6.50874328613, -6.76227998734, -7.78732538223, -8.0225687027, -8.00801086426, -10.8615341187],
        "min": [-8.10344791412, -8.23666381836, -10.4327173233, -10.0344371796, -9.78696155548, -13.6213665009],
        "stdev": [0.502783477306, 0.520036637783, 0.746286332607, 0.739701449871, 0.70288670063, 0.939989447594]
    }
},
"rhythm": {
    "beats_count": 52,
    "beats_loudness": {
        "max": 0.0766972526908,
        "mean": 0.0310468170792,
        "min": 0.00568439252675,
        "stdev": 0.0165659710765
    },
    "bpm": 99.558555603,
    "bpm_histogram_first_peak_bpm": 99,
    "bpm_histogram_first_peak_weight": 0.307692289352,
    "bpm_histogram_second_peak_bpm": 91,
    "bpm_histogram_second_peak_spread": 0.250000059605,
    "bpm_histogram_second_peak_weight": 0.176470592618,
    "danceability": 1.04832136631,
    "onset_rate": 3.22998023033,
    "beats_loudness_band_ratio": {
        "max": [0.81288933754, 0.885702967644, 0.381651729345, 0.501050114632, 0.57792121172, 0.724811732769],
        "mean": [0.30190205574, 0.314921408892, 0.150763213634, 0.107926532626, 0.104662030935, 0.0562901720405],
        "min": [0.0303667597473, 0.0277935601771, 0.0124522568658, 0.00436785444617, 0.000715777627192, 0.00242155906744],
        "stdev": [0.199062421918, 0.216909140348, 0.103485383093, 0.136717438698, 0.138569071889, 0.14058445394]
    },
    "beats_position": [0.650158703327, 1.30031740665, 1.9620860815, 2.62385487556, 3.29723358154, 3.94739222527, 4.60916090012, 5.27092981339, 5.92108821869, 6.57124710083, 7.24462556839, 7.90639448166, 8.57977294922, 9.19510173798, 9.82204055786, 10.4373693466, 11.0526981354, 11.6680269241, 12.2717456818, 12.8754644394, 13.479183197, 14.0829019547, 14.6982307434, 15.301949501, 15.8824491501, 16.4745578766, 17.0666656494, 17.6703853607, 18.2741031647, 18.877822876, 19.4931507111, 20.1084804535, 20.7005901337, 21.3043079376, 21.8964176178, 22.5001354218, 23.1038551331, 23.6959629059, 24.2880725861, 24.8685703278, 25.4722900391, 26.076007843, 26.6797275543, 27.2718353271, 27.8755550385, 28.4908847809, 29.0946025848, 29.6983222961, 30.3020401001, 30.9057598114, 31.4978675842, 32.0899772644],
