{
"metadata": {
    "version": {
        "essentia": "2.1-beta5",
        "essentia_git_sha": "Undefined",
        "extractor": "music 2.0"
    },
    "audio_properties": {
        "analysis": {
            "equal_loudness": 0,
            "length": 32.4963264465,
            "sample_rate": 44100,
            "start_time": 77.7520217896,
            "downmix": "mix"
        },
        "bit_rate": 192000,
        "length": 199.215606689,
        "lossless": 0,
        "number_channels": 2,
        "replay_gain": -9.2430305481,
        "sample_rate": 48000,
        "codec": "mp3",
        "md5_encoded": "29ec01232b9462dc8c9cab3aa0f2fca8"
    },
    "tags": {
        "file_name": "Greece_Emis Forame To Himona Anixiatika_Marianna Efstratiou.mp3",
        "encoding": ["Lavf58.29.100"]
    }
},
"lowlevel": {
    "average_loudness": 0.969232439995,
    "barkbands_crest": {
        "max": 23.9845085144,
        "mean": 8.36646556854,
        "min": 3.03700137138,
        "stdev": 3.36431527138
    },
    "barkbands_flatness_db": {
        "max": 0.26270839572,
        "mean": 0.133942961693,
        "min": 0.0518946684897,
        "stdev": 0.0288716051728
    },
    "barkbands_kurtosis": {
        "max": 22.1561126709,
        "mean": 0.933005452156,
        "min": -1.74787604809,
        "stdev": 2.36625480652
    },
    "barkbands_skewness": {
        "max": 4.43112468719,
        "mean": 0.838977396488,
        "min": -1.26573598385,
        "stdev": 0.757936477661
    },
    "barkbands_spread": {
        "max": 78.3063812256,
        "mean": 21.0667285919,
        "min": 3.5114569664,
        "stdev": 8.64290332794
    },
    "dissonance": {
        "max": 0.499656558037,
        "mean": 0.46015688777,
        "min": 0.285458058119,
        "stdev": 0.0244395341724
    },
    "dynamic_complexity": 1.74039709568,
    "erbbands_crest": {
        "max": 27.6493606567,
        "mean": 10.5195293427,
        "min": 3.01139998436,
        "stdev": 4.67096281052
    },
    "erbbands_flatness_db": {
        "max": 0.337304294109,
        "mean": 0.185159802437,
        "min": 0.0937331467867,
        "stdev": 0.0382710061967
    },
    "erbbands_kurtosis": {
        "max": 7.72655296326,
        "mean": 0.253845602274,
        "min": -1.65565025806,
        "stdev": 1.25854170322
    },
    "erbbands_skewness": {
        "max": 1.93602144718,
        "mean": 0.196765646338,
        "min": -2.23299574852,
        "stdev": 0.554870843887
    },
    "erbbands_spread": {
        "max": 94.6563720703,
        "mean": 29.8893508911,
        "min": 6.24769830704,
        "stdev": 13.8394289017
    },
    "hfc": {
        "max": 98.3503417969,
        "mean": 27.3897209167,
        "min": 1.06986570358,
        "stdev": 15.2474145889
    },
    "loudness_ebu128": {
        "integrated": -13.4730920792,
        "loudness_range": 1.51191520691,
        "momentary": {
            "max": -10.5424232483,
            "mean": -13.6512565613,
            "min": -18.4435501099,
            "stdev": 1.29754221439
        },
        "short_term": {
            "max": -12.3247346878,
            "mean": -13.530295372,
            "min": -14.8108778,
            "stdev": 0.544227600098
        }
    },
    "melbands_crest": {
        "max": 26.2097263336,
        "mean": 10.4217624664,
        "min": 4.65851163864,
        "stdev": 3.52014684677
    },
    "melbands_flatness_db": {
        "max": 0.310169845819,
        "mean": 0.172626450658,
        "min": 0.0633528828621,
        "stdev": 0.0356693267822
    },
    "melbands_kurtosis": {
        "max": 45.2522659302,
        "mean": 4.40412139893,
        "min": -1.55301880836,
        "stdev": 5.84604692459
    },
    "melbands_skewness": {
        "max": 5.71632862091,
        "mean": 1.57005143166,
        "min": -0.749345242977,
        "stdev": 1.03069019318
    },
    "melbands_spread": {
        "max": 109.160972595,
        "mean": 26.9800262451,
        "min": 3.85647034645,
        "stdev": 10.9750156403
    },
    "pitch_salience": {
        "max": 0.844779014587,
        "mean": 0.572216749191,
        "min": 0.231324136257,
        "stdev": 0.0882781520486
    },
    "silence_rate_20dB": {
        "max": 1,
        "mean": 1,
        "min": 1,
        "stdev": 0
    },
    "silence_rate_30dB": {
        "max": 1,
        "mean": 1,
        "min": 1,
        "stdev": 0
    },
    "silence_rate_60dB": {
        "max": 1,
        "mean": 0.00571020692587,
        "min": 0,
        "stdev": 0.0753499269485
    },
    "spectral_centroid": {
        "max": 3427.02197266,
        "mean": 1339.16894531,
        "min": 454.476104736,
        "stdev": 354.896362305
    },
    "spectral_complexity": {
        "max": 44,
        "mean": 22.8187007904,
        "min": 4,
        "stdev": 6.55433416367
    },
    "spectral_decrease": {
        "max": -2.93025576026e-10,
        "mean": -7.61650920111e-09,
        "min": -2.52096779008e-08,
        "stdev": 3.63026453343e-09
    },
    "spectral_energy": {
        "max": 0.0992817804217,
        "mean": 0.0312307719141,
        "min": 0.00120298890397,
        "stdev": 0.0147854750976
    },
    "spectral_energyband_high": {
        "max": 0.00634785648435,
        "mean": 0.000532897829544,
        "min": 1.13683045129e-05,
        "stdev": 0.000592639669776
    },
    "spectral_energyband_low": {
        "max": 0.0405869930983,
        "mean": 0.00576159358025,
        "min": 1.89429920283e-05,
        "stdev": 0.00586061924696
    },
    "spectral_energyband_middle_high": {
        "max": 0.0471796318889,
        "mean": 0.0105558754876,
        "min": 0.000483685231302,
        "stdev": 0.00844794977456
    },
    "spectral_energyband_middle_low": {
        "max": 0.0554503500462,
        "mean": 0.0164111573249,
        "min": 0.000649668741971,
        "stdev": 0.00922025088221
    },
    "spectral_entropy": {
        "max": 8.4405374527,
        "mean": 7.50276660919,
        "min": 6.36068058014,
        "stdev": 0.291426688433
    },
    "spectral_flux": {
        "max": 0.223314493895,
        "mean": 0.0934320613742,
        "min": 0.0256560798734,
        "stdev": 0.0352861396968
    },
    "spectral_kurtosis": {
        "max": 17.4268627167,
        "mean": 4.63031721115,
        "min": -0.468326568604,
        "stdev": 2.20131039619
    },
    "spectral_rms": {
        "max": 0.0098417615518,
        "mean": 0.00533608905971,
        "min": 0.0010833501583,
        "stdev": 0.00141251797322
    },
    "spectral_rolloff": {
        "max": 7708.88671875,
        "mean": 1554.97094727,
        "min": 236.865234375,
        "stdev": 799.319763184
    },
    "spectral_skewness": {
        "max": 3.36992168427,
        "mean": 1.55063891411,
        "min": 0.0192354414612,
        "stdev": 0.305712014437
    },
    "spectral_spread": {
        "max": 19594682,
        "mean": 3712453.5,
        "min": 2361200.25,
        "stdev": 985250.3125
    },
    "spectral_strongpeak": {
        "max": 13.4315767288,
        "mean": 1.99841022491,
        "min": 0,
        "stdev": 1.97163081169
    },
    "zerocrossingrate": {
        "max": 0.2060546875,
        "mean": 0.0571696832776,
        "min": 0.00830078125,
        "stdev": 0.0188958309591
    },
    "barkbands": {
        "max": [0.00142114283517, 0.0307301692665, 0.0184759702533, 0.0239561833441, 0.0269936006516, 0.0357919298112, 0.0267979297787, 0.0331707000732, 0.0336860977113, 0.0368333309889, 0.0327985472977, 0.0168344732374, 0.0123906433582, 0.0357171334326, 0.0399964638054, 0.0273981187493, 0.0111156860366, 0.00685228547081, 0.00323355267756, 0.00232193758711, 0.00108453235589, 0.00384537270293, 0.00197801133618, 0.00186349696014, 0.000931508315261, 0.000149912433699, 2.53422967944e-06],
        "mean": [0.000125847800518, 0.00283027905971, 0.00184942584019, 0.00173823174555, 0.00318356510252, 0.0033860297408, 0.00187683105469, 0.00124673894607, 0.00283317058347, 0.00311527610756, 0.000893325835932, 0.000857812527101, 0.000770718092099, 0.00214812462218, 0.00134578312282, 0.000862530607264, 0.00062198296655, 0.000509710225742, 0.000385221850593, 0.000207983393921, 0.000104883278254, 0.000108613072371, 0.000139159674291, 6.29132482572e-05, 2.09683421417e-05, 5.64753827348e-06, 1.1477691686e-08],
        "min": [5.57104762322e-08, 2.72003990176e-06, 5.53135896553e-06, 5.24813503944e-06, 3.64214720321e-05, 1.38241030072e-05, 1.10792361738e-05, 7.73315059632e-06, 1.79013568413e-05, 6.99010342942e-06, 4.19242587668e-06, 6.05394325248e-06, 1.17086710816e-05, 9.45909050643e-06, 1.4038117115e-05, 1.40282027132e-05, 1.02615786091e-05, 4.17108003603e-06, 1.03325510281e-05, 7.11844359103e-06, 1.69434247255e-06, 1.64918299106e-06, 4.87398665427e-07, 4.05486161981e-07, 9.20138134575e-08, 1.96372051953e-09, 1.99662352623e-11],
        "stdev": [0.000210380516364, 0.00362559966743, 0.00235335109755, 0.00177707220428, 0.00336619326845, 0.00459985109046, 0.00252845697105, 0.00198208913207, 0.00445109512657, 0.00488391378894, 0.00231124530546, 0.00137431756593, 0.00109058583621, 0.00352997123264, 0.00329327723011, 0.00209578941576, 0.000785122974776, 0.000600546889473, 0.000346759654349, 0.000231122932746, 0.000123395875562, 0.000180287286639, 0.00020500581013, 0.000102335317933, 4.33478635387e-05, 1.0739496247e-05, 7.41663299664e-08]
    },
    "erbbands": {
        "max": [1.13927769661, 7.08077478409, 20.3705310822, 46.789806366, 71.9381713867, 138.28817749, 164.361755371, 288.227996826, 344.152618408, 426.030487061, 854.860290527, 957.66003418, 1406.68249512, 912.902709961, 813.610168457, 737.05682373, 664.86340332, 2009.73535156, 1808.69763184, 670.329528809, 1506.0456543, 361.8984375, 230.792800903, 323.515838623, 126.329795837, 137.411834717, 48.2746772766, 50.177947998, 109.411506653, 120.937362671, 64.8489227295, 29.6875038147, 32.6877784729, 11.7830371857, 4.02748441696, 1.24527013302, 0.154469907284, 0.0065133580938, 0.000373641261831, 0.000115794260637],
        "mean": [0.0730216801167, 0.667553007603, 2.01908159256, 4.50110912323, 7.50548219681, 11.8274183273, 14.8101053238, 30.6833572388, 28.7202091217, 30.9443645477, 28.5492134094, 63.4169273376, 127.0207901, 43.3388557434, 36.4430732727, 42.5494651794, 41.0668067932, 110.493690491, 75.796661377, 53.5274467468, 53.9158477783, 30.1517887115, 24.6139640808, 27.9072875977, 15.0030012131, 10.6974115372, 5.43210792542, 3.55991983414, 3.60448074341, 5.0272603035, 3.45115447044, 1.41017222404, 1.0668861866, 0.270220756531, 0.1419031322, 0.0457958728075, 0.0077761085704, 0.000275380618405, 2.75467318716e-05, 3.86813262594e-05],
        "min": [7.64112191973e-05, 0.00114615494385, 0.00403062766418, 0.0145179014653, 0.0741283968091, 0.0930629894137, 0.094398252666, 0.138742625713, 0.303881347179, 0.470411211252, 0.478299587965, 0.527445793152, 0.942279875278, 0.277040034533, 0.244691729546, 0.487900942564, 1.05915260315, 1.3375108242, 0.922804057598, 0.880593597889, 0.942393243313, 0.611913859844, 0.312653034925, 0.54793792963, 0.270441353321, 0.30820313096, 0.131333842874, 0.0516678318381, 0.0460585802794, 0.0489418432117, 0.0123616689816, 0.00509938411415, 0.00656223716214, 0.00277719646692, 0.000756019842811, 9.18842561077e-05, 7.36381525712e-06, 9.64661126091e-07, 1.28732131088e-06, 2.16673720388e-06],
        "stdev": [0.111605599523, 0.83696436882, 2.53511881828, 4.25425100327, 7.6033115387, 14.4954271317, 18.1111621857, 42.9315223694, 37.6172676086, 45.2737541199, 44.5144386292, 101.128364563, 189.765945435, 78.5497817993, 77.5323104858, 67.1567993164, 52.9150543213, 184.053604126, 163.44468689, 83.9297943115, 125.946273804, 36.0533790588, 24.1532382965, 28.2575950623, 13.4523124695, 11.9303407669, 5.80958366394, 4.76832962036, 6.01609230042, 7.325091362, 5.53643608093, 2.13007712364, 1.90017640591, 0.599187374115, 0.247878745198, 0.0786675959826, 0.0175874903798, 0.000616374833044, 2.41510770138e-05, 1.82352268894e-05]
    },
    "gfcc": {
        "mean": [19.6330947876, 115.310333252, -147.905776978, 36.9257125854, -65.2059707642, 16.2500305176, -44.4735908508, 6.22189092636, -17.1685562134, -6.05986499786, -9.43793392181, -7.93686723709, -7.17430496216],
        "cov": [[1593.74047852, -342.774383545, 175.111434937, 80.4434509277, 34.7279472351, 223.536376953, 58.033996582, 145.04864502, -54.9321975708, 101.527229309, -98.8882064819, 72.3069152832, -105.12776947], [-342.774383545, 461.891601562, -56.6753807068, -60.6765785217, 89.9502868652, -72.6564331055, 87.2787017822, -29.9307441711, 29.9775276184, -72.1654052734, 97.7501449585, -73.3558502197, 41.2321166992], [175.111434937, -56.6753807068, 441.797058105, 180.627975464, 49.8155403137, 58.7752494812, -14.2260923386, 58.4930877686, -39.2174377441, 86.5440368652, -84.1600646973, 85.1040725708, -30.3855781555], [80.4434509277, -60.6765785217, 180.627975464, 222.786636353, 53.578994751, 19.7884693146, -39.3468399048, 37.8552856445, 28.2072658539, 26.7170982361, -40.3290367126, 30.3859882355, 20.6617946625], [34.7279472351, 89.9502868652, 49.8155403137, 53.578994751, 160.135894775, 50.6613464355, 23.7159156799, 34.4584465027, 4.85860538483, 22.0135860443, -16.4354381561, -4.09180831909, 6.36255073547], [223.536376953, -72.6564331055, 58.7752494812, 19.7884693146, 50.6613464355, 201.584533691, 75.9457778931, 24.7179794312, -35.574508667, 23.9202766418, -6.26775169373, -4.77665567398, -46.490322113], [58.033996582, 87.2787017822, -14.2260923386, -39.3468399048, 23.7159156799, 75.9457778931, 129.444747925, 20.0182094574, -31.5809268951, -7.58782148361, 37.697555542, -21.8375148773, -24.1220359802], [145.04864502, -29.9307441711, 58.4930877686, 37.8552856445, 34.4584465027, 24.7179794312, 20.0182094574, 89.5306243896, 21.8648586273, 18.8542098999, -23.3360538483, 15.934220314, -4.45246076584], [-54.9321975708, 29.9775276184, -39.2174377441, 28.2072658539, 4.85860538483, -35.574508667, -31.5809268951, 21.8648586273, 107.925498962, -8.56638145447, 11.3553714752, -22.0149517059, 24.6769638062], [101.527229309, -72.1654052734, 86.5440368652, 26.7170982361, 22.0135860443, 23.9202766418, -7.58782148361, 18.8542098999, -8.56638145447, 103.587623596, -25.9362831116, 35.4307174683, -25.0322761536], [-98.8882064819, 97.7501449585, -84.1600646973, -40.3290367126, -16.4354381561, -6.26775169373, 37.697555542, -23.3360538483, 11.3553714752, -25.9362831116, 104.644432068, -16.8586215973, 11.6553840637], [72.3069152832, -73.3558502197, 85.1040725708, 30.3859882355, -4.09180831909, -4.77665567398, -21.8375148773, 15.934220314, -22.0149517059, 35.4307174683, -16.8586215973, 86.0558395386, 13.2484951019], [-105.12776947, 41.2321166992, -30.3855781555, 20.6617946625, 6.36255073547, -46.490322113, -24.1220359802, -4.45246076584, 24.6769638062, -25.0322761536, 11.6553840637, 13.2484951019, 76.6500778198]],
        "icov": [[0.000988719169982, 0.000414266425651, 0.000132743167342, -0.000126496393932, -1.15097427624e-05, -0.000553579477128, -0.000189320882782, -0.00117012416013, 0.000189749916899, -3.92115398427e-05, 0.000195867367438, -0.000436105241533, 0.000729276624043], [0.000414266425651, 0.0105069838464, -0.0050666667521, 0.00434480747208, -0.00879070628434, 0.0072815832682, -0.00835703313351, 0.0047744801268, -0.00346981734037, 0.00425020745024, -0.00600259704515, 0.00572095112875, -0.00304096098989], [0.000132743167342, -0.0050666667521, 0.00795388780534, -0.00614117598161, 0.00434752320871, -0.00361647969112, 0.00311122625135, -0.00337744713761, 0.00318690109998, -0.00336916465312, 0.00483895465732, -0.00619615148753, 0.00415345933288], [-0.000126496393932, 0.00434480747208, -0.00614117598161, 0.0110287880525, -0.00518901739269, 0.00176190340426, -0.000723327917513, 0.0014662835747, -0.0037661162205, 0.00240268325433, -0.00287550198846, 0.00360006652772, -0.00474903360009], [-1.15097427624e-05, -0.00879070628434, 0.00434752320871, -0.00518901739269, 0.0158618371934, -0.00797694455832, 0.00594044663012, -0.0064925882034, 0.00358953000978, -0.0057990453206, 0.00594997685403, -0.00240199663676, -0.000366435910109], [-0.000553579477128, 0.0072815832682, -0.00361647969112, 0.00176190340426, -0.00797694455832, 0.0139212077484, -0.0102885952219, 0.00468752766028, -0.00186952890363, 0.00281172222458, -0.00378134287894, 0.00401723990217, 0.000956143136136], [-0.000189320882782, -0.00835703313351, 0.00311122625135, -0.000723327917513, 0.00594044663012, -0.0102885952219, 0.0233561228961, -0.0109904147685, 0.00852701812983, -0.00269042956643, -0.00249746930785, 0.000326433073496, 0.00234205974266], [-0.00117012416013, 0.0047744801268, -0.00337744713761, 0.0014662835747, -0.0064925882034, 0.00468752766028, -0.0109904147685, 0.0226525831968, -0.0098374709487, 0.00260904920287, 0.00196397490799, -0.00227722292766, -0.000554015103262], [0.000189749916899, -0.00346981734037, 0.00318690109998, -0.0037661162205, 0.00358953000978, -0.00186952890363, 0.00852701812983, -0.0098374709487, 0.0176736116409, -0.0035449154675, -0.0020030294545, 0.00506065925583, -0.00233225431293], [-3.92115398427e-05, 0.00425020745024, -0.00336916465312, 0.00240268325433, -0.0057990453206, 0.00281172222458, -0.00269042956643, 0.00260904920287, -0.0035449154675, 0.0164959076792, -0.00164820172358, -0.00387836596929, 0.00461771758273], [0.000195867367438, -0.00600259704515, 0.00483895465732, -0.00287550198846, 0.00594997685403, -0.00378134287894, -0.00249746930785, 0.00196397490799, -0.0020030294545, -0.00164820172358, 0.018857434392, -0.00627797096968, 0.00105596007779], [-0.000436105241533, 0.00572095112875, -0.00619615148753, 0.00360006652772, -0.00240199663676, 0.00401723990217, 0.000326433073496, -0.00227722292766, 0.00506065925583, -0.00387836596929, -0.00627797096968, 0.0256687570363, -0.0108737898991], [0.000729276624043, -0.00304096098989, 0.00415345933288, -0.00474903360009, -0.000366435910109, 0.000956143136136, 0.00234205974266, -0.000554015103262, -0.00233225431293, 0.00461771758273, 0.00105596007779, -0.0108737898991, 0.0239020157605]]
    },
    "melbands": {
        "max": [0.00930469576269, 0.00951517466456, 0.00935840513557, 0.00632172031328, 0.00481069879606, 0.0063391495496, 0.00478761363775, 0.00425952346995, 0.00616274029016, 0.00553743261844, 0.00702352728695, 0.00395651487634, 0.00429270649329, 0.00237812241539, 0.000897671503481, 0.00177894427907, 0.00360877485946, 0.00252424343489, 0.00295509630814, 0.00170818634797, 0.00211687199771, 0.000558965140954, 0.00031703201239, 0.000352675269824, 0.000253561272984, 7.21749165677e-05, 0.000105986997369, 0.000113177484309, 5.03957598994e-05, 2.76906139334e-05, 2.98944269161e-05, 5.10341560584e-05, 9.42873812164e-05, 5.06581382069e-05, 4.67005920655e-05, 2.83237477561e-05, 1.52903503476e-05, 3.20287290378e-05, 2.15088221012e-05, 5.96702102484e-06],
        "mean": [0.000726907863282, 0.00101641507354, 0.000845478381962, 0.000693881418556, 0.000538761902135, 0.000685267674271, 0.000434333313024, 0.00031777221011, 0.000255063554505, 0.0004169701715, 0.000624529551715, 0.000164195604157, 0.0001273725793, 9.84658108791e-05, 9.69192478806e-05, 9.02840693016e-05, 0.000224690724281, 0.000118700321764, 8.98923317436e-05, 5.58867723157e-05, 6.73241884215e-05, 3.24015345541e-05, 2.35681673075e-05, 2.51061355812e-05, 2.28822191275e-05, 1.1628269931e-05, 8.61003627506e-06, 6.56211022942e-06, 3.3858216284e-06, 2.77275580629e-06, 1.85326143765e-06, 1.97543749891e-06, 2.22648804993e-06, 3.08732501253e-06, 2.1877058316e-06, 1.22591859508e-06, 7.01847852724e-07, 9.19322474147e-07, 3.57452137223e-07, 1.76966793219e-07],
        "min": [5.68321524952e-07, 1.86842544281e-06, 4.50520292361e-06, 7.98249311629e-06, 4.26657334174e-06, 2.76125911114e-06, 4.95906306242e-06, 1.08196456949e-06, 2.35500237977e-06, 2.87988882519e-06, 1.45818762576e-06, 8.81161270172e-07, 6.43103135189e-07, 7.18259457244e-07, 1.09567417894e-06, 1.95497182176e-06, 8.59272006437e-07, 4.9406224889e-07, 1.28870306071e-06, 7.96907045242e-07, 1.05768651792e-06, 6.35253172732e-07, 4.23497425572e-07, 1.11950114956e-07, 4.35413653577e-07, 2.68006658644e-07, 8.84126265532e-08, 7.41084917877e-08, 7.41220134159e-08, 4.78748383159e-08, 1.58844599696e-08, 2.56689851597e-08, 3.50773881053e-08, 2.18470379565e-08, 8.12766831615e-09, 2.53061260835e-09, 3.1519440391e-09, 5.31637489587e-09, 2.21036322579e-09, 5.89922485861e-11],
        "stdev": [0.000978170079179, 0.00115625117905, 0.000742193078622, 0.000761657138355, 0.000588161579799, 0.000932273280341, 0.000560108339414, 0.000469016609713, 0.000401724100811, 0.000638880301267, 0.00095013261307, 0.000329971662723, 0.000319968938129, 0.000164745899383, 0.000121132230561, 0.000164647455676, 0.000376463925932, 0.000232290040003, 0.000209056132007, 0.000109493608761, 0.000161037824, 4.43421195087e-05, 2.76498067251e-05, 3.47312270605e-05, 2.46974741458e-05, 1.06724246507e-05, 9.00552004168e-06, 8.20449167804e-06, 4.28360681326e-06, 3.51205517291e-06, 2.83597159978e-06, 3.38611766892e-06, 4.00799081035e-06, 4.34086314272e-06, 3.60970284419e-06, 2.09721656574e-06, 1.04284731606e-06, 1.65931896845e-06, 8.42750182528e-07, 4.10254699545e-07]
    },
    "melbands128": {
        "max": [0.00139464705717, 0.00925081130117, 0.013520302251, 0.0134673044086, 0.0113256722689, 0.0089973770082, 0.0087521802634, 0.0129685830325, 0.00756363524124, 0.00932734459639, 0.00929490290582, 0.00760556384921, 0.00467721186578, 0.0159362927079, 0.00919145345688, 0.00988845527172, 0.0103718861938, 0.00694720167667, 0.00787402689457, 0.00798543263227, 0.00512982392684, 0.0113704185933, 0.00931404251605, 0.00999805144966, 0.0120223928243, 0.00717311166227, 0.0135854976252, 0.0142833637074, 0.00603989139199, 0.00672835903242, 0.00729124667123, 0.00930195301771, 0.00721426540986, 0.00525200646371, 0.00131892471109, 0.00536486832425, 0.00335390097462, 0.00124516140204, 0.00133438582998, 0.00310543039814, 0.00206764647737, 0.00773471780121, 0.00724875740707, 0.00523685151711, 0.00179518142249, 0.00306904409081, 0.00882294215262, 0.00436014821753, 0.00230535841547, 0.00223292550072, 0.00190811196808, 0.0057982923463, 0.00441232416779, 0.00200179801323, 0.0020354129374, 0.000626031251159, 0.000361074169632, 0.000760979601182, 0.000399659504183, 0.000503419840243, 0.000592204276472, 0.000650368689094, 0.000703899480868, 0.000347605469869, 0.0001943296229, 0.000113535577839, 0.00015990047541, 0.000199139176402, 0.000120163080283, 0.000251382793067, 0.00025541629293, 0.000122938261484, 0.00013059086632, 3.13753298542e-05, 2.45672981691e-05, 5.97048747295e-05, 3.45747139363e-05, 3.77776850655e-05, 3.83068654628e-05, 4.56339876109e-05, 6.42706363578e-05, 7.57711313781e-05, 6.25847969786e-05, 9.37118893489e-05, 0.000138433344546, 6.82938407408e-05, 4.5290995331e-05, 6.42518571112e-05, 4.89401354571e-05, 4.62566786155e-05, 5.04493546032e-05, 2.40208319155e-05, 2.89051495201e-05, 8.30261433293e-06, 1.0309132449e-05, 4.18561030529e-05, 4.42449127149e-05, 1.34667088787e-05, 2.96886137221e-05, 1.92918832909e-05, 6.99567226548e-06, 4.97397195431e-06, 7.33595152269e-06, 7.44629051042e-06, 2.6464158509e-06, 6.19532602286e-06, 6.10595043327e-06, 1.97737449525e-06, 2.16570288103e-06, 2.44442139774e-06, 1.06091999896e-06, 9.73283363237e-07, 5.58560770969e-07, 1.65342314062e-07, 4.12249079318e-08, 5.9482566428e-08, 1.72689791356e-08, 1.1813703793e-08, 1.14845608579e-08, 1.11763229782e-08, 1.09190132491e-08, 1.06987183557e-08, 1.05111004345e-08, 1.03373904992e-08, 1.01895203386e-08, 1.00832187044e-08, 9.99282079306e-09, 9.9391792574e-09],
        "mean": [0.000107046049379, 0.000519640278071, 0.000984886428341, 0.00113265414257, 0.00104021467268, 0.000895635224879, 0.000943040882703, 0.000807997188531, 0.000742400996387, 0.000700402073562, 0.000680153083522, 0.000544022303075, 0.000386393250665, 0.000696457573213, 0.000691305031069, 0.000765981909353, 0.000512702972628, 0.000369210494682, 0.000313301658025, 0.000419971591327, 0.000258308456978, 0.000178198461072, 0.000228365010116, 0.000323944404954, 0.000485400232719, 0.000271926663117, 0.000715357426088, 0.000932393653784, 0.000264565896941, 0.000178590271389, 0.000123703342979, 0.00011948676547, 0.000169777922565, 0.000105424740468, 4.78230431327e-05, 0.000114111644507, 0.000158063179697, 5.79400657443e-05, 0.00010266857862, 8.58648345456e-05, 4.42687342002e-05, 0.000164400262292, 0.000243962655077, 0.000307616195641, 7.28029626771e-05, 8.06578391348e-05, 0.000173742737388, 6.91122986609e-05, 6.9374757004e-05, 8.29352065921e-05, 3.52006572939e-05, 4.99230445712e-05, 8.20623536129e-05, 6.33364106761e-05, 6.27825211268e-05, 1.7955137082e-05, 1.93889773072e-05, 3.22248306475e-05, 2.33017890423e-05, 1.18872048915e-05, 2.55142258538e-05, 3.33770694851e-05, 3.06969413941e-05, 1.78213522304e-05, 1.37388869916e-05, 9.79272226687e-06, 1.29701747937e-05, 9.12859650271e-06, 5.85525503993e-06, 1.05328344944e-05, 7.32808257453e-06, 4.32956358054e-06, 4.00136013923e-06, 3.00101009998e-06, 2.76256764664e-06, 3.7877766772e-06, 2.13619409806e-06, 1.64340326592e-06, 1.85658154805e-06, 2.01530610866e-06, 2.05075798476e-06, 1.83577867574e-06, 2.03862214221e-06, 2.06152617466e-06, 2.56009388977e-06, 3.14552107739e-06, 3.50184791387e-06, 2.61054537987e-06, 2.15878321796e-06, 1.83276767984e-06, 1.47375237702e-06, 1.0363568208e-06, 8.54728796185e-07, 5.31793091341e-07, 6.41265671675e-07, 1.1249766203e-06, 1.07036908048e-06, 5.50046422632e-07, 3.61082811651e-07, 2.37076577037e-07, 1.95488553345e-07, 1.76090196646e-07, 1.40476515753e-07, 1.35762022069e-07, 1.65994507029e-07, 1.9251001504e-07, 1.55965068416e-07, 8.43526350991e-08, 5.85905226558e-08, 6.16604580728e-08, 5.08926945031e-08, 3.48883553158e-08, 2.12870663319e-08, 4.3468979527e-09, 9.76399072705e-10, 1.05657094185e-09, 3.53860912794e-10, 1.89410362395e-11, 1.73954167043e-11, 1.4437423479e-11, 1.35856300168e-11, 1.31707231926e-11, 1.29275921565e-11, 1.27042812034e-11, 1.24934819434e-11, 1.23010716196e-11, 1.2164241836e-11, 1.20940410464e-11],
        "min": [2.68635691469e-09, 5.12699607214e-08, 2.77245078451e-07, 3.20318179092e-07, 6.5728215759e-07, 3.75748504666e-06, 1.32907211992e-06, 2.71303861155e-06, 2.13199291466e-06, 1.9878114017e-06, 2.26249653679e-06, 2.666826731e-06, 9.16657825201e-07, 2.8571173516e-06, 1.90956529877e-06, 3.12537281388e-07, 5.51244056624e-07, 1.63946072007e-06, 1.33948219627e-06, 1.17989770843e-07, 6.39472034436e-07, 1.46382447497e-07, 7.49088883367e-07, 4.69154684879e-07, 7.25331801732e-07, 7.5077468864e-07, 1.74819047061e-06, 1.04305331661e-06, 3.76578839223e-07, 4.40870309149e-08, 3.19071403965e-07, 2.0856182914e-07, 2.27650843954e-07, 1.12345496461e-07, 1.11761409016e-07, 5.36290372111e-07, 3.90110045601e-07, 2.04810220339e-07, 3.82378573249e-07, 1.90977942793e-07, 5.76997479129e-07, 4.16464530417e-07, 4.54227262026e-07, 2.3943425731e-07, 3.13660081019e-07, 2.47561700917e-07, 3.90718525978e-07, 2.49380434525e-07, 3.09650090458e-07, 4.84724751004e-07, 1.35825516168e-07, 2.88658497993e-07, 1.51386117864e-07, 4.03112494496e-07, 8.49847836548e-08, 1.08908103869e-07, 1.9579623256e-07, 4.1340481971e-07, 1.90571554981e-07, 1.27609794731e-07, 1.10475490089e-07, 2.42170408171e-08, 1.03622731729e-07, 1.18108253844e-07, 1.51347052224e-07, 1.68611563822e-07, 1.30734392201e-07, 5.94771591977e-08, 2.38010642306e-08, 5.15991018801e-08, 1.02341957131e-07, 2.8773051497e-08, 3.00221962846e-08, 1.19408172239e-08, 2.724719117e-08, 3.09484526895e-08, 2.02491641232e-08, 1.45268330698e-08, 1.31845467877e-08, 9.988798233e-09, 8.03347077749e-09, 1.54935069219e-08, 1.14719576061e-08, 3.02075839897e-08, 1.79258474731e-08, 9.03504204786e-09, 6.51555920328e-09, 1.6470764308e-08, 7.69429941982e-09, 8.62887761244e-10, 2.78520762009e-09, 1.85682402787e-09, 3.00394398245e-09, 2.15175788298e-09, 3.37435146491e-09, 5.76026826238e-09, 4.39915259776e-09, 3.33823924059e-09, 8.09833311521e-10, 4.93881220642e-11, 2.95537830319e-11, 1.33091437177e-11, 1.31750096943e-11, 1.49214928608e-11, 5.35293753767e-10, 5.89941318019e-10, 6.60456189738e-10, 2.42703739051e-11, 8.07982695507e-13, 3.02679756259e-13, 1.36244043391e-13, 9.11469928396e-14, 1.00693860531e-13, 8.53069107324e-14, 7.96825374238e-14, 8.80069129551e-14, 7.71021633583e-14, 8.39564894928e-14, 6.89657817074e-14, 7.88327533135e-14, 5.9870680733e-14, 6.08418954866e-14, 5.80122023553e-14, 7.35833648787e-14, 4.85093295556e-14, 1.70263854556e-14, 2.43779512703e-15, 1.30392265135e-16],
        "stdev": [0.000186576682609, 0.000906029134057, 0.00142672448419, 0.00147801393177, 0.00142953754403, 0.00110372377094, 0.000965211831499, 0.000893354881555, 0.00090014655143, 0.0010254192166, 0.00097967882175, 0.00071800412843, 0.000519745401107, 0.00159047206398, 0.00122641341295, 0.00127567967866, 0.000847083050758, 0.000763638643548, 0.000573843368329, 0.000761197821703, 0.000509709178004, 0.000424459227361, 0.000540533801541, 0.000744746823329, 0.00115429703146, 0.000688162923325, 0.00135856063571, 0.00174195715226, 0.000563349283766, 0.000502439739648, 0.000437441543909, 0.000475933775306, 0.000519498251379, 0.000365543062799, 0.000110415632662, 0.000278435618384, 0.00030906801112, 0.000109922832053, 0.00016800314188, 0.000190457110875, 0.000117013070849, 0.000583515677135, 0.00052145018708, 0.000653121445794, 0.000154930297867, 0.000227360942517, 0.000713088433258, 0.00024671520805, 0.000185008713743, 0.000178673595656, 0.000109500033432, 0.0002325137757, 0.000315218756441, 0.000141344295116, 0.000118537027447, 4.20991382271e-05, 3.01628388115e-05, 5.20431822224e-05, 3.29940157826e-05, 2.16352691496e-05, 4.98148401675e-05, 6.4437976107e-05, 5.3145649872e-05, 2.64662503469e-05, 2.04142888833e-05, 1.30861526486e-05, 1.73368935066e-05, 1.59471510415e-05, 9.18916430237e-06, 1.62978958542e-05, 1.30390335471e-05, 7.71017039369e-06, 8.5199762907e-06, 4.36545769844e-06, 3.52654365088e-06, 5.66320341022e-06, 3.22254913954e-06, 2.6898114811e-06, 3.13720556733e-06, 3.61731758858e-06, 4.10566963183e-06, 3.7738886931e-06, 3.78667868972e-06, 4.30800537288e-06, 5.28292321178e-06, 5.06707601744e-06, 5.15170813742e-06, 4.62566458737e-06, 3.83265569326e-06, 3.71574083147e-06, 2.87044008473e-06, 1.97932604351e-06, 1.54694987486e-06, 8.55980601955e-07, 9.13236362976e-07, 2.07844936995e-06, 2.27001714848e-06, 1.01443924905e-06, 1.01661794361e-06, 7.13980000455e-07, 5.02118723489e-07, 4.03732769882e-07, 3.4247202052e-07, 3.15998278211e-07, 2.82729331502e-07, 3.76722454121e-07, 3.09169280399e-07, 1.46123824152e-07, 1.09951926675e-07, 1.29435633767e-07, 1.01131348629e-07, 9.53427701234e-08, 6.36800550069e-08, 1.36550832863e-08, 3.5058749237e-09, 4.11305922654e-09, 1.14457532341e-09, 3.17893711355e-10, 3.0987518107e-10, 3.00352603899e-10, 2.93367302673e-10, 2.87396662024e-10, 2.82351864112e-10, 2.77682654648e-10, 2.73710082377e-10, 2.70842709371e-10, 2.68413402615e-10, 2.66971861285e-10]
    },
    "mfcc": {
        "mean": [-608.834594727, 130.750717163, -17.7606887817, 18.7428035736, 2.56045818329, 4.25867891312, -10.6253805161, 7.2457690239, -10.2760353088, 8.52194976807, -2.32444381714, -4.52268075943, -5.68176937103],
        "cov": [[1518.68981934, -346.882598877, 78.6855545044, -80.7947616577, 25.7005462646, 65.803062439, 103.999275208, 72.7114868164, 74.9447250366, 38.4546775818, 49.9453163147, 23.0278186798, 22.8285999298], [-346.882598877, 482.82824707, -121.550292969, 12.3802175522, -34.2718315125, -27.6038417816, 55.7938575745, 22.3997058868, -58.5512657166, 34.3713264465, 18.1571578979, -15.5028610229, -27.3121509552], [78.6855545044, -121.550292969, 328.997283936, 97.2002792358, 54.4463233948, 53.1513214111, 15.4350862503, 7.33760452271, 42.6808624268, -25.5977840424, 9.85481548309, 16.4287700653, 31.7737865448], [-80.7947616577, 12.3802175522, 97.2002792358, 209.241470337, 89.9165878296, -17.1812534332, -47.1360549927, -14.7867298126, 54.8714942932, -10.4821033478, -30.1998462677, 6.52239942551, 37.7768516541], [25.7005462646, -34.2718315125, 54.4463233948, 89.9165878296, 164.325942993, 26.2485580444, -23.649848938, 4.75192308426, 70.0563049316, 10.174656868, -8.07056999207, 5.30561161041, 17.528427124], [65.803062439, -27.6038417816, 53.1513214111, -17.1812534332, 26.2485580444, 119.556632996, 76.4435119629, 6.67081689835, 16.6841621399, -7.03191184998, 31.0553150177, 18.1425647736, -7.28508806229], [103.999275208, 55.7938575745, 15.4350862503, -47.1360549927, -23.649848938, 76.4435119629, 182.442962646, 43.5322380066, -10.1540079117, -1.69098496437, 35.7415962219, 17.8877544403, -15.0782718658], [72.7114868164, 22.3997058868, 7.33760452271, -14.7867298126, 4.75192308426, 6.67081689835, 43.5322380066, 92.9637145996, -0.354183197021, 30.1555213928, 4.68854236603, -12.3527040482, -9.82768058777], [74.9447250366, -58.5512657166, 42.6808624268, 54.8714942932, 70.0563049316, 16.6841621399, -10.1540079117, -0.354183197021, 113.627235413, -4.41052913666, -3.44705605507, 10.1673469543, 20.6781253815], [38.4546775818, 34.3713264465, -25.5977840424, -10.4821033478, 10.174656868, -7.03191184998, -1.69098496437, 30.1555213928, -4.41052913666, 105.621582031, 28.0038394928, -28.770362854, -20.07006073], [49.9453163147, 18.1571578979, 9.85481548309, -30.1998462677, -8.07056999207, 31.0553150177, 35.7415962219, 4.68854236603, -3.44705605507, 28.0038394928, 90.4673690796, 9.54724788666, -15.0454492569], [23.0278186798, -15.5028610229, 16.4287700653, 6.52239942551, 5.30561161041, 18.1425647736, 17.8877544403, -12.3527040482, 10.1673469543, -28.770362854, 9.54724788666, 81.4845809937, 36.9428215027], [22.8285999298, -27.3121509552, 31.7737865448, 37.7768516541, 17.528427124, -7.28508806229, -15.0782718658, -9.82768058777, 20.6781253815, -20.07006073, -15.0454492569, 36.9428215027, 79.2195281982]],
        "icov": [[0.000956315663643, 0.000787596218288, 6.85225750203e-05, 0.00023899738153, -5.22138725501e-05, 0.000256382947555, -0.0007190721808, -0.000473567313747, -0.00039582583122, -0.000416837574448, -0.000343816209352, -1.15660941447e-05, -0.000368169712601], [0.000787596218288, 0.00355389574543, 0.00131913588848, -0.00144732452463, 7.63312564231e-05, 0.000958472082857, -0.00202308269218, -0.000624135427643, 0.00106418621726, -0.000700630364008, -0.00101579946931, 0.000150975902216, 4.95424610563e-05], [6.85225750203e-05, 0.00131913588848, 0.00476164883003, -0.00278418650851, 0.000287223228952, -0.00183073349763, -0.000318068807246, -0.00119112280663, 0.000369953544578, 0.00101082830224, -0.00145846197847, 0.000727577600628, -0.00104408245534], [0.00023899738153, -0.00144732452463, -0.00278418650851, 0.00935316644609, -0.00368293724023, 0.00209476263262, 0.00063409213908, 0.00137760757934, -0.0019761628937, -0.000144209538121, 0.00186576461419, 0.000122026314784, -0.00183548056521], [-5.22138725501e-05, 7.63312564231e-05, 0.000287223228952, -0.00368293724023, 0.0109475580975, -0.00386390602216, 0.00206401268952, -0.0013960620854, -0.00429126340896, -0.0016498984769, 0.000740373332519, -0.00046926032519, 0.000186020071851], [0.000256382947555, 0.000958472082857, -0.00183073349763, 0.00209476263262, -0.00386390602216, 0.0155649092048, -0.00654397066683, 0.00211238930933, -0.00073935702676, 0.000646336760838, -0.00242634862661, -0.0013706915779, 0.00182986643631], [-0.0007190721808, -0.00202308269218, -0.000318068807246, 0.00063409213908, 0.00206401268952, -0.00654397066683, 0.0111583499238, -0.00429422035813, -6.21092185611e-05, 0.0016247194726, -0.000883824832272, -0.0016726978356, 0.000907556444872], [-0.000473567313747, -0.000624135427643, -0.00119112280663, 0.00137760757934, -0.0013960620854, 0.00211238930933, -0.00429422035813, 0.0149045428261, -0.000243236339884, -0.00404829904437, 0.00218831258826, 0.00124419468921, 0.000150174062583], [-0.00039582583122, 0.00106418621726, 0.000369953544578, -0.0019761628937, -0.00429126340896, -0.00073935702676, -6.21092185611e-05, -0.000243236339884, 0.0134244058281, 0.000630322436336, -0.000713607179932, 8.73627141118e-05, -0.00140620989259], [-0.000416837574448, -0.000700630364008, 0.00101082830224, -0.000144209538121, -0.0016498984769, 0.000646336760838, 0.0016247194726, -0.00404829904437, 0.000630322436336, 0.0140900434926, -0.00533827440813, 0.00421729497612, 0.000198057168745], [-0.000343816209352, -0.00101579946931, -0.00145846197847, 0.00186576461419, 0.000740373332519, -0.00242634862661, -0.000883824832272, 0.00218831258826, -0.000713607179932, -0.00533827440813, 0.0158634465188, -0.00386091019027, 0.00280753034167], [-1.15660941447e-05, 0.000150975902216, 0.000727577600628, 0.000122026314784, -0.00046926032519, -0.0013706915779, -0.0016726978356, 0.00124419468921, 8.73627141118e-05, 0.00421729497612, -0.00386091019027, 0.0190802384168, -0.00906627811491], [-0.000368169712601, 4.95424610563e-05, -0.00104408245534, -0.00183548056521, 0.000186020071851, 0.00182986643631, 0.000907556444872, 0.000150174062583, -0.00140620989259, 0.000198057168745, 0.00280753034167, -0.00906627811491, 0.0195372104645]]
    },
    "spectral_contrast_coeffs": {
        "max": [-0.45055180788, -0.496744662523, -0.485591113567, -0.534172475338, -0.60635304451, -0.617634057999],
        "mean": [-0.708346188068, -0.72662037611, -0.70582228899, -0.745565831661, -0.757054388523, -0.742818176746],
        "min": [-0.865410089493, -0.891833662987, -0.885618448257, -0.876484751701, -0.851402997971, -0.905667841434],
        "stdev": [0.0581381842494, 0.0691018179059, 0.075906008482, 0.0553694814444, 0.0406265594065, 0.0254174210131]
    },
    "spectral_contrast_valleys": {
        "max": [-4.84838104248, -4.93188810349, -5.3640165329, -6.00526666641, -6.18638801575, -8.32028388977],
        "mean": [-6.45181083679, -6.36646175385, -7.17126560211, -7.1769900322, -7.39507293701, -10.382897377],
        "min": [-8.73759365082, -7.97331047058, -8.75523853302, -8.78088951111, -8.98923492432, -12.4553413391],
        "stdev": [0.614684760571, 0.484870702028, 0.474573373795, 0.395506709814, 0.444676250219, 0.670943498611]
    }
},
"rhythm": {
    "beats_count": 55,
    "beats_loudness": {
        "max": 0.0636222809553,
        "mean": 0.0344102717936,
        "min": 0.00279300916009,
        "stdev": 0.0124997301027
    },
    "bpm": 102.688323975,
    "bpm_histogram_first_peak_bpm": 103,
    "bpm_histogram_first_peak_weight": 0.388888895512,
    "bpm_histogram_second_peak_bpm": 0,
    "bpm_histogram_second_peak_spread": 0,
    "bpm_histogram_second_peak_weight": 0,
    "danceability": 1.37479579449,
    "onset_rate": 3.07617163658,
    "beats_loudness_band_ratio": {
        "max": [0.697856485844, 0.748495876789, 0.597188055515, 0.628586471081, 0.408262223005, 0.345541834831],
        "mean": [0.242995783687, 0.205573886633, 0.261158913374, 0.185978844762, 0.152037590742, 0.0360278896987],
        "min": [0.00508132437244, 0.0376888588071, 0.0420795492828, 0.0216175373644, 0.0175034869462, 0.00442293193191],
        "stdev": [0.147738143802, 0.149420589209, 0.135992258787, 0.162097468972, 0.0985325723886, 0.0460127405822]
    },
    "beats_position": [0.557278871536, 1.1261677742, 1.69505667686, 2.27555561066, 2.85605430603, 3.43655323982, 4.01705217361, 4.60916090012, 5.18965959549, 5.78176879883, 6.3622674942, 6.94276618958, 7.52326536179, 8.11537361145, 8.6958732605, 9.27637195587, 9.85687065125, 10.4489793777, 11.0294780731, 11.6215867996, 12.2136955261, 12.7941951752, 13.3746938705, 13.9551925659, 14.5356912613, 15.1161899567, 15.696688652, 16.2771873474, 16.8692970276, 17.4497947693, 18.0419044495, 18.6224040985, 19.2029018402, 19.7950115204, 20.3871192932, 20.9676189423, 21.548116684, 22.128616333, 22.7091159821, 23.3012237549, 23.8933334351, 24.4738311768, 25.0543308258, 25.6464385986, 26.2385482788, 26.8190479279, 27.4111557007, 28.0032653809, 28.5837631226, 29.1642627716, 29.7447605133, 30.3368701935, 30.9173698425, 31.5094776154, 32.1131973267],
