{
"metadata": {
    "version": {
        "essentia": "2.1-beta5",
        "essentia_git_sha": "Undefined",
        "extractor": "music 2.0"
    },
    "audio_properties": {
        "analysis": {
            "equal_loudness": 0,
            "length": 20.45677948,
            "sample_rate": 44100,
            "start_time": 178.735595703,
            "downmix": "mix"
        },
        "bit_rate": 192000,
        "length": 199.215606689,
        "lossless": 0,
        "number_channels": 2,
        "replay_gain": -8.47736549377,
        "sample_rate": 48000,
        "codec": "mp3",
        "md5_encoded": "29ec01232b9462dc8c9cab3aa0f2fca8"
    },
    "tags": {
        "file_name": "Greece_Emis Forame To Himona Anixiatika_Marianna Efstratiou.mp3",
        "encoding": ["Lavf58.29.100"]
    }
},
"lowlevel": {
    "average_loudness": 0.882463395596,
    "barkbands_crest": {
        "max": 18.2922267914,
        "mean": 7.81003665924,
        "min": 2.91943383217,
        "stdev": 2.60141992569
    },
    "barkbands_flatness_db": {
        "max": 0.227748930454,
        "mean": 0.12283962965,
        "min": 0.0437285415828,
        "stdev": 0.0334108546376
    },
    "barkbands_kurtosis": {
        "max": 10.4612483978,
        "mean": 0.88674467802,
        "min": -1.73641371727,
        "stdev": 1.76961004734
    },
    "barkbands_skewness": {
        "max": 2.90789175034,
        "mean": 0.179308637977,
        "min": -2.2100212574,
        "stdev": 1.0813781023
    },
    "barkbands_spread": {
        "max": 78.4503173828,
        "mean": 20.6531143188,
        "min": 4.7823972702,
        "stdev": 8.73397636414
    },
    "dissonance": {
        "max": 0.499987274408,
        "mean": 0.474583417177,
        "min": 0.348970144987,
        "stdev": 0.0214595608413
    },
    "dynamic_complexity": 4.44673299789,
    "erbbands_crest": {
        "max": 26.1193752289,
        "mean": 9.9331741333,
        "min": 2.5449693203,
        "stdev": 5.35363435745
    },
    "erbbands_flatness_db": {
        "max": 0.306147187948,
        "mean": 0.183403432369,
        "min": 0.0796293467283,
        "stdev": 0.0532884895802
    },
    "erbbands_kurtosis": {
        "max": 8.34528446198,
        "mean": 0.711941838264,
        "min": -1.60579240322,
        "stdev": 1.38118910789
    },
    "erbbands_skewness": {
        "max": 1.88557326794,
        "mean": 0.0270933080465,
        "min": -1.4672549963,
        "stdev": 0.555289387703
    },
    "erbbands_spread": {
        "max": 97.1522750854,
        "mean": 25.7315292358,
        "min": 6.68821287155,
        "stdev": 12.5401687622
    },
    "hfc": {
        "max": 79.8035202026,
        "mean": 26.1422576904,
        "min": 1.00164412105e-16,
        "stdev": 21.461183548
    },
    "loudness_ebu128": {
        "integrated": -13.8037977219,
        "loudness_range": 9.17633247375,
        "momentary": {
            "max": -11.5936536789,
            "mean": -53.368309021,
            "min": -300.691009521,
            "stdev": 95.899307251
        },
        "short_term": {
            "max": -12.0328483582,
            "mean": -17.9431438446,
            "min": -167.95791626,
            "stdev": 15.3714456558
        }
    },
    "melbands_crest": {
        "max": 21.1369400024,
        "mean": 8.55154895782,
        "min": 1.62700796127,
        "stdev": 3.68179631233
    },
    "melbands_flatness_db": {
        "max": 0.262462735176,
        "mean": 0.134580999613,
        "min": 0.00275823986158,
        "stdev": 0.0600848682225
    },
    "melbands_kurtosis": {
        "max": 29.5925674438,
        "mean": 1.9665030241,
        "min": -1.39301884174,
        "stdev": 4.12606239319
    },
    "melbands_skewness": {
        "max": 4.94555425644,
        "mean": 0.975066661835,
        "min": -0.768764436245,
        "stdev": 0.948106050491
    },
    "melbands_spread": {
        "max": 163.099014282,
        "mean": 44.3993186951,
        "min": 7.15417003632,
        "stdev": 38.2318572998
    },
    "pitch_salience": {
        "max": 0.864405453205,
        "mean": 0.628848135471,
        "min": 0.369174391031,
        "stdev": 0.112645044923
    },
    "silence_rate_20dB": {
        "max": 1,
        "mean": 1,
        "min": 1,
        "stdev": 0
    },
    "silence_rate_30dB": {
        "max": 1,
        "mean": 1,
        "min": 1,
        "stdev": 0
    },
    "silence_rate_60dB": {
        "max": 1,
        "mean": 0.22335600853,
        "min": 0,
        "stdev": 0.416495114565
    },
    "spectral_centroid": {
        "max": 11859.0263672,
        "mean": 2850.99658203,
        "min": 560.067932129,
        "stdev": 3369.96728516
    },
    "spectral_complexity": {
        "max": 50,
        "mean": 20.3492069244,
        "min": 0,
        "stdev": 12.0410737991
    },
    "spectral_decrease": {
        "max": 2.15027550508e-28,
        "mean": -6.18649709239e-09,
        "min": -2.02430712193e-08,
        "stdev": 4.83177498012e-09
    },
    "spectral_energy": {
        "max": 0.0797455459833,
        "mean": 0.0257204473019,
        "min": 9.77462446968e-21,
        "stdev": 0.0199904218316
    },
    "spectral_energyband_high": {
        "max": 0.0053022056818,
        "mean": 0.000492798513733,
        "min": 6.89561830872e-21,
        "stdev": 0.00059731840156
    },
    "spectral_energyband_low": {
        "max": 0.029702231288,
        "mean": 0.00377817545086,
        "min": 9.84952793597e-24,
        "stdev": 0.00504076806828
    },
    "spectral_energyband_middle_high": {
        "max": 0.0462234206498,
        "mean": 0.0116456774995,
        "min": 1.12829303575e-21,
        "stdev": 0.0110320206732
    },
    "spectral_energyband_middle_low": {
        "max": 0.0454159006476,
        "mean": 0.0114122573286,
        "min": 1.49546103608e-22,
        "stdev": 0.00991318840533
    },
    "spectral_entropy": {
        "max": 9.82436084747,
        "mean": 7.92436408997,
        "min": 7.02877569199,
        "stdev": 0.800043344498
    },
    "spectral_flux": {
        "max": 0.215409010649,
        "mean": 0.0754704400897,
        "min": 6.35366689816e-11,
        "stdev": 0.048079714179
    },
    "spectral_kurtosis": {
        "max": 13.3197784424,
        "mean": 4.02334690094,
        "min": -1.27660250664,
        "stdev": 2.83478450775
    },
    "spectral_rms": {
        "max": 0.00882046110928,
        "mean": 0.00429593631998,
        "min": 3.08807688622e-12,
        "stdev": 0.00257644243538
    },
    "spectral_rolloff": {
        "max": 19918.2128906,
        "mean": 4263.13330078,
        "min": 279.931640625,
        "stdev": 6115.31884766
    },
    "spectral_skewness": {
        "max": 2.42768263817,
        "mean": 1.37262713909,
        "min": -0.0916057899594,
        "stdev": 0.62104010582
    },
    "spectral_spread": {
        "max": 43216816,
        "mean": 8944561,
        "min": 1970802.625,
        "stdev": 13026668
    },
    "spectral_strongpeak": {
        "max": 14.3647909164,
        "mean": 2.44036054611,
        "min": 0,
        "stdev": 2.9360165596
    },
    "zerocrossingrate": {
        "max": 0.7333984375,
        "mean": 0.130443617702,
        "min": 0.02001953125,
        "stdev": 0.159107029438
    },
    "barkbands": {
        "max": [0.00158392440062, 0.0217410996556, 0.0185124315321, 0.0121252499521, 0.0377583988011, 0.0229095257819, 0.0183127894998, 0.0170639213175, 0.0185218118131, 0.0185452979058, 0.0128133501858, 0.00781169859692, 0.0133602665737, 0.0296905934811, 0.00964920315892, 0.0153257623315, 0.0137179521844, 0.00369924167171, 0.00381173542701, 0.00118880940136, 0.00158117769752, 0.00199405313469, 0.00250519393012, 0.00133742473554, 0.000898362312, 0.000105955725303, 3.97688921794e-07],
        "mean": [8.97905993043e-05, 0.00167607702315, 0.00130959111266, 0.00115547282621, 0.0027677398175, 0.00168805907015, 0.00157055817544, 0.00116138719022, 0.00129730836488, 0.00267785345204, 0.00080540945055, 0.000973366084509, 0.000761445960961, 0.00445198081434, 0.000561443157494, 0.000758765323553, 0.000676119234413, 0.00038810717524, 0.000342958257534, 0.000202433206141, 0.00012286650599, 9.02814354049e-05, 0.000112902307592, 5.04661511513e-05, 2.17613378481e-05, 6.30017802905e-06, 7.24200788227e-09],
        "min": [2.40304731797e-25, 3.56785931327e-24, 1.10986812908e-24, 1.11141735329e-24, 3.62181306045e-24, 3.36919889379e-24, 4.23456234631e-24, 7.26661826085e-24, 1.87258713053e-23, 7.46058338023e-24, 1.84329672512e-23, 3.34962141716e-23, 2.9339819658e-23, 3.02968025993e-23, 4.4193919042e-23, 4.1745976368e-23, 6.0716320401e-23, 8.6679064389e-23, 1.00893429133e-22, 1.49559962316e-22, 2.05723564485e-22, 3.16384189719e-22, 3.68286087599e-22, 5.74824993471e-22, 8.74983917335e-22, 1.29858470442e-21, 1.86923108274e-21],
        "stdev": [0.000192811421584, 0.00264402106404, 0.00208839983679, 0.00160096108448, 0.00387684372254, 0.00269387080334, 0.00244874716736, 0.00189682026394, 0.00233847601339, 0.00358942640014, 0.00160508905537, 0.001216743025, 0.00114118051715, 0.00690125208348, 0.00102006923407, 0.0019341633888, 0.00113458465785, 0.000476398185128, 0.000405144703109, 0.000208695651963, 0.000173771870323, 0.000130657776026, 0.000184995078598, 9.32470939006e-05, 5.28275959368e-05, 1.2825077647e-05, 2.81892997833e-08]
    },
    "erbbands": {
        "max": [0.5881934762, 5.34145450592, 16.9120903015, 34.1332626343, 69.4590530396, 186.721435547, 123.623199463, 239.585388184, 399.659332275, 317.786895752, 215.869567871, 352.707092285, 707.578796387, 639.914794922, 678.171264648, 371.895904541, 738.664672852, 1618.06164551, 529.04095459, 587.606933594, 1060.38415527, 419.813201904, 165.92527771, 193.404159546, 103.18334198, 73.5029830933, 83.2794952393, 45.0664215088, 85.4131164551, 87.0681228638, 66.5321884155, 25.1535358429, 29.2832508087, 16.0256385803, 1.97191667557, 0.601194262505, 0.193727105856, 0.00607209047303, 0.000192186562344, 9.76759110927e-05],
        "mean": [0.0430536046624, 0.397749304771, 1.38267469406, 3.22976350784, 6.64050483704, 9.54981040955, 9.19683074951, 14.7099637985, 21.0013751984, 29.9863300323, 20.6597614288, 29.4622745514, 95.8301391602, 39.6226539612, 35.9381980896, 48.6745872498, 46.3416671753, 229.854690552, 63.8700675964, 32.9522171021, 49.7186050415, 32.3955688477, 20.7572650909, 23.3912620544, 12.989780426, 10.518497467, 6.33581256866, 3.85816240311, 3.06256461143, 3.82556033134, 2.95188808441, 1.28049683571, 0.788514554501, 0.265000075102, 0.148346155882, 0.0488133206964, 0.00877639371902, 0.000294868950732, 2.50147131737e-05, 3.25363798765e-05],
        "min": [9.17043797235e-23, 3.48922745684e-22, 2.71446668931e-21, 6.86717832061e-21, 9.66025463309e-21, 1.17353898727e-20, 2.6208054486e-20, 4.10163742901e-20, 8.71618693764e-20, 1.9430255454e-19, 1.74336353257e-19, 4.09510832441e-19, 3.7038082092e-19, 7.83378917577e-19, 8.62277679148e-19, 1.36799367518e-18, 1.70273495412e-18, 2.12582212101e-18, 2.08799225647e-18, 2.76233615481e-18, 3.34653370319e-18, 3.75894858582e-18, 5.80484458694e-18, 4.02575527881e-18, 7.27601549846e-18, 7.58680545257e-18, 9.46274520272e-18, 8.79664643393e-18, 1.12655125559e-17, 1.0261300403e-17, 1.05842060715e-17, 1.01532937761e-17, 1.04637603025e-17, 8.7535296445e-18, 5.94425512584e-18, 3.7558859496e-18, 2.15670015289e-18, 9.49498291273e-19, 2.38019696148e-19, 2.74341170996e-20],
        "stdev": [0.0755205154419, 0.629450380802, 2.21877169609, 4.18856048584, 8.64675712585, 16.4788341522, 12.1886501312, 26.3168563843, 36.9999198914, 47.5385131836, 30.197101593, 46.7746772766, 137.081161499, 56.4707946777, 65.5790481567, 59.4139480591, 63.1926307678, 356.609161377, 78.7943649292, 57.903629303, 122.711845398, 50.7707366943, 23.5266284943, 26.9140415192, 14.5673046112, 11.162109375, 8.69326305389, 5.29844331741, 4.84594678879, 6.08229970932, 4.8073682785, 1.97855973244, 1.77997732162, 0.903395712376, 0.269897460938, 0.0878111496568, 0.021475141868, 0.000716369599104, 2.78335992334e-05, 2.5263401767e-05]
    },
    "gfcc": {
        "mean": [-185.615127563, 84.9730072021, -138.644546509, 21.0906715393, -56.8927612305, 16.6027565002, -36.3756790161, 4.66215085983, -18.650428772, -2.65995383263, -10.2895479202, -6.37966537476, -7.39939785004],
        "cov": [[210098.65625, 17639.7851562, -24400.4433594, 5166.96826172, -10333.7978516, 3256.97680664, -6852.91992188, 668.656494141, -3595.83325195, -505.569671631, -1745.43676758, -1230.74499512, -1710.35656738], [17639.7851562, 2249.79711914, -1659.87414551, 674.680480957, -683.451599121, 192.578460693, -543.365966797, -79.0559539795, -247.824707031, -120.650878906, -24.3850097656, -172.645675659, -148.511367798], [-24400.4433594, -1659.87414551, 4035.57543945, -44.3875694275, 1488.87927246, -364.881774902, 824.641235352, -143.77204895, 407.196716309, 115.031318665, 247.303619385, 211.762664795, 94.7639923096], [5166.96826172, 674.680480957, -44.3875694275, 516.116455078, -80.4111557007, 63.5979766846, -174.800262451, -33.0577278137, -65.8799591064, -12.7255706787, -11.7459974289, -4.08986473083, -72.8971405029], [-10333.7978516, -683.451599121, 1488.87927246, -80.4111557007, 683.201904297, -130.182922363, 377.405395508, -63.3022537231, 174.632629395, 31.6544303894, 111.057907104, 58.0162734985, 54.4294967651], [3256.97680664, 192.578460693, -364.881774902, 63.5979766846, -130.182922363, 184.071365356, -44.5111236572, 21.4106578827, -81.9911422729, 6.16084480286, -9.46303462982, -35.6020584106, -52.2034912109], [-6852.91992188, -543.365966797, 824.641235352, -174.800262451, 377.405395508, -44.5111236572, 308.312652588, -10.6179361343, 108.305603027, 18.4314479828, 78.4498062134, 23.2320384979, 39.0505714417], [668.656494141, -79.0559539795, -143.77204895, -33.0577278137, -63.3022537231, 21.4106578827, -10.6179361343, 91.2012710571, 3.77491617203, 32.861831665, -39.625629425, 25.4422969818, 13.0861091614], [-3595.83325195, -247.824707031, 407.196716309, -65.8799591064, 174.632629395, -81.9911422729, 108.305603027, 3.77491617203, 129.632675171, 11.3318338394, 45.3269042969, 17.5886859894, 42.7903671265], [-505.569671631, -120.650878906, 115.031318665, -12.7255706787, 31.6544303894, 6.16084480286, 18.4314479828, 32.861831665, 11.3318338394, 77.3202972412, -4.23591518402, 36.942565918, 0.683571219444], [-1745.43676758, -24.3850097656, 247.303619385, -11.7459974289, 111.057907104, -9.46303462982, 78.4498062134, -39.625629425, 45.3269042969, -4.23591518402, 98.9389953613, -7.88404846191, 6.78950595856], [-1230.74499512, -172.645675659, 211.762664795, -4.08986473083, 58.0162734985, -35.6020584106, 23.2320384979, 25.4422969818, 17.5886859894, 36.942565918, -7.88404846191, 73.6916427612, 26.5677623749], [-1710.35656738, -148.511367798, 94.7639923096, -72.8971405029, 54.4294967651, -52.2034912109, 39.0505714417, 13.0861091614, 42.7903671265, 0.683571219444, 6.78950595856, 26.5677623749, 72.3431930542]],
        "icov": [[0.000428792525781, -0.0012583094649, 0.00100072158966, -0.00147766829468, 0.00146789243445, -0.00138709577732, 0.00102884112857, -0.00117881142069, 0.00126277050003, -0.000825918279588, 0.000690452288836, -0.00097153254319, 0.00186002033297], [-0.0012583094649, 0.00563011318445, -0.00227961991914, 0.00189804600086, -0.00403642188758, 0.00512911286205, -0.00295297172852, 0.00378761836328, -0.00266930717044, 0.00235199229792, -0.00388509151526, 0.00518122967333, -0.00562719069421], [0.00100072158966, -0.00227961991914, 0.00465421378613, -0.00533029111102, 0.00106307014357, -0.00135651347227, -0.000196547378437, -0.00102990039159, 0.00234649190679, -0.00275439675897, 0.00125113688409, -0.00467597739771, 0.00626338459551], [-0.00147766829468, 0.00189804600086, -0.00533029111102, 0.0126222744584, -0.00701906345785, 0.000888092326932, 0.00324098416604, 0.00232295645401, -0.00551140448079, 0.00508438842371, -0.00141330179758, 7.06817081664e-05, -0.00426700664684], [0.00146789243445, -0.00403642188758, 0.00106307014357, -0.00701906345785, 0.0173405148089, -0.00425054971129, -0.00500819040462, 0.000710490508936, 0.0022768843919, -0.00459884153679, 0.00418392848223, -0.00176044250838, 0.00336423818953], [-0.00138709577732, 0.00512911286205, -0.00135651347227, 0.000888092326932, -0.00425054971129, 0.0184145197272, -0.00964316632599, -7.70329133957e-05, 0.00345317926258, -0.00087526277639, -0.00640756962821, 0.00782764796168, -0.00219502765685], [0.00102884112857, -0.00295297172852, -0.000196547378437, 0.00324098416604, -0.00500819040462, -0.00964316632599, 0.0266787707806, -0.0113832484931, 0.00365580338985, 0.00256874319166, -0.0043977801688, 0.00180638337042, 0.00381549284793], [-0.00117881142069, 0.00378761836328, -0.00102990039159, 0.00232295645401, 0.000710490508936, -7.70329133957e-05, -0.0113832484931, 0.0302964095026, -0.0129396757111, -0.00500544533134, 0.00907741021365, -0.00600074417889, -0.00727741839364], [0.00126277050003, -0.00266930717044, 0.00234649190679, -0.00551140448079, 0.0022768843919, 0.00345317926258, 0.00365580338985, -0.0129396757111, 0.0257259514183, -0.00390748586506, -0.0066874884069, 0.00603620475158, 0.000124798229081], [-0.000825918279588, 0.00235199229792, -0.00275439675897, 0.00508438842371, -0.00459884153679, -0.00087526277639, 0.00256874319166, -0.00500544533134, -0.00390748586506, 0.023763531819, -0.00340614002198, -0.00792717933655, 0.00169804191682], [0.000690452288836, -0.00388509151526, 0.00125113688409, -0.00141330179758, 0.00418392848223, -0.00640756962821, -0.0043977801688, 0.00907741021365, -0.0066874884069, -0.00340614002198, 0.0223045349121, -0.00431298324838, 0.0017238688888], [-0.00097153254319, 0.00518122967333, -0.00467597739771, 7.06817081664e-05, -0.00176044250838, 0.00782764796168, 0.00180638337042, -0.00600074417889, 0.00603620475158, -0.00792717933655, -0.00431298324838, 0.0373888611794, -0.0158746130764], [0.00186002033297, -0.00562719069421, 0.00626338459551, -0.00426700664684, 0.00336423818953, -0.00219502765685, 0.00381549284793, -0.00727741839364, 0.000124798229081, 0.00169804191682, 0.0017238688888, -0.0158746130764, 0.0344618782401]]
    },
    "melbands": {
        "max": [0.0055068731308, 0.00665134657174, 0.0061954408884, 0.00933144520968, 0.00355765270069, 0.0052435696125, 0.00539217656478, 0.0039623612538, 0.00197800854221, 0.00265107816085, 0.00350702484138, 0.00242661964148, 0.00189729384147, 0.000929483445361, 0.00109517306555, 0.00113411515485, 0.00363399996422, 0.000999721698463, 0.00101132667623, 0.00108510290738, 0.00146708160173, 0.000668553169817, 0.000267501251074, 0.000223362381803, 0.000184483127668, 7.84964213381e-05, 3.75867821276e-05, 6.1054386606e-05, 5.93892254983e-05, 5.56271152163e-05, 2.81706288661e-05, 4.86404060211e-05, 4.14613678004e-05, 5.91606076341e-05, 4.37189737568e-05, 2.74710691883e-05, 1.03810280052e-05, 1.98663692572e-05, 2.13989515032e-05, 1.16998544399e-05],
        "mean": [0.000426791229984, 0.000673158734571, 0.00062529637944, 0.00060946890153, 0.000341998442309, 0.000336441298714, 0.000324128195643, 0.000312829361064, 0.000160910160048, 0.000198291920242, 0.000476841349155, 0.000153052649694, 0.00011683817138, 0.00011170477228, 0.000112761212222, 8.01651549409e-05, 0.000503882591147, 0.000114875183499, 3.9644572098e-05, 4.55945410067e-05, 6.23519517831e-05, 3.63942308468e-05, 2.36328378378e-05, 1.71015144588e-05, 1.97472418222e-05, 9.38730318012e-06, 7.56375266064e-06, 6.59644092593e-06, 4.10282200392e-06, 3.16827049573e-06, 1.93328969544e-06, 1.7098917624e-06, 1.75226773536e-06, 2.27026725952e-06, 1.82396024684e-06, 1.17430749924e-06, 6.29645455774e-07, 6.43977216441e-07, 3.24502451576e-07, 1.85140606845e-07],
        "min": [1.01827417963e-24, 1.87716059107e-24, 1.46181704144e-24, 1.28735414136e-24, 1.19714434697e-24, 9.0199430726e-25, 1.2459099532e-24, 1.85089566445e-24, 1.15631537171e-24, 2.86020019976e-24, 1.61555765022e-24, 2.61777653827e-24, 2.91809115172e-24, 3.04123016966e-24, 2.79059663551e-24, 2.79764984086e-24, 3.39991398199e-24, 2.89958250273e-24, 3.13678035516e-24, 3.44802936962e-24, 2.59406140731e-24, 3.21624211693e-24, 4.04330854186e-24, 3.92090257292e-24, 2.50777008225e-24, 4.07719485091e-24, 5.20095482053e-24, 4.78574656053e-24, 4.58702737091e-24, 4.43183634275e-24, 5.06998182215e-24, 5.40917938962e-24, 4.3154971086e-24, 5.50972562845e-24, 4.92696883422e-24, 5.0473742519e-24, 5.75671403357e-24, 6.37351648676e-24, 5.70009511982e-24, 6.87521624526e-24],
        "stdev": [0.000681807927322, 0.0010023994837, 0.000758645823225, 0.000919714337215, 0.000441089854576, 0.000586253940128, 0.000546786468476, 0.00050697568804, 0.000242086869548, 0.000326097215293, 0.000685693405103, 0.000236418418353, 0.000231136145885, 0.000141204320244, 0.000135270223836, 0.0001244557061, 0.000803442206234, 0.000167251360836, 7.5257383287e-05, 9.33510236791e-05, 0.00015761287068, 6.49633293506e-05, 2.98257546092e-05, 2.27810960496e-05, 2.41375655605e-05, 1.1087277926e-05, 7.68177324062e-06, 7.40609812055e-06, 6.3570328166e-06, 4.69526003144e-06, 2.75231718661e-06, 2.80714311884e-06, 2.62838511844e-06, 3.96559426008e-06, 3.15397574013e-06, 1.87817124697e-06, 9.82087044576e-07, 1.32045340706e-06, 1.1408710634e-06, 6.74519299082e-07]
    },
    "melbands128": {
        "max": [0.00137681735214, 0.00517235789448, 0.00647692801431, 0.0101877767593, 0.00990936066955, 0.00927063450217, 0.00704209879041, 0.00610089069232, 0.00777643267065, 0.0127032957971, 0.0125917475671, 0.00419035041705, 0.0047236434184, 0.00549794454128, 0.00688592158258, 0.0110433846712, 0.0114930057898, 0.00534549541771, 0.00562616856769, 0.00578238256276, 0.00688892044127, 0.00175179250073, 0.0030528109055, 0.00486051570624, 0.00407281238586, 0.00489023793489, 0.00691422447562, 0.00693771243095, 0.00429889280349, 0.00357671407983, 0.00545467389748, 0.00300965667702, 0.00370609224774, 0.00448811380193, 0.00159046379849, 0.00184864131734, 0.00162416475359, 0.000677857315168, 0.00323584675789, 0.00315937609412, 0.000999210053124, 0.00403240788728, 0.00613801553845, 0.00813475437462, 0.00127169932239, 0.00100613408722, 0.00164752011187, 0.00179061782546, 0.00130051909946, 0.00218469277024, 0.00133758026641, 0.00305425771512, 0.00325923366472, 0.00206743739545, 0.00225041992962, 0.000855829566717, 0.000536267762072, 0.000473825872177, 0.000397729221731, 0.000148304941831, 0.000329059897922, 0.000627090630587, 0.000344009400578, 0.00026559716207, 9.75641451078e-05, 9.55586947384e-05, 0.000199714064365, 6.19599377387e-05, 6.74903640174e-05, 8.33269805298e-05, 0.000117084484373, 5.10122445121e-05, 9.64106220636e-05, 9.64950741036e-05, 4.00268145313e-05, 9.37783916015e-05, 4.82464165543e-05, 2.59403805103e-05, 3.39487814927e-05, 3.06205583911e-05, 4.28328348789e-05, 5.70118681935e-05, 5.29068274773e-05, 5.64961446798e-05, 3.00596784655e-05, 8.80937150214e-05, 9.88421452348e-05, 5.42951165698e-05, 5.51160010218e-05, 3.73520015273e-05, 3.0566323403e-05, 2.51141464105e-05, 1.80286006071e-05, 1.05764720502e-05, 1.30376301968e-05, 1.58515540534e-05, 2.61281693383e-05, 2.06582408282e-05, 3.29903923557e-05, 1.97367498913e-05, 1.3692043467e-05, 1.64082048286e-05, 7.29527755539e-06, 2.4177177238e-06, 2.91025389743e-06, 4.29678766523e-06, 3.6558476495e-06, 1.98592806555e-06, 9.82718347586e-07, 1.0888579709e-06, 1.1902851611e-06, 1.13082512598e-06, 7.20165530765e-07, 1.28720060388e-07, 6.1128133666e-08, 4.3022385654e-08, 1.47925360849e-08, 3.75218023319e-10, 7.67149677117e-10, 6.93565205268e-11, 6.41865727236e-11, 6.07292410804e-11, 5.86479198539e-11, 5.63762161954e-11, 5.53935126935e-11, 5.37021226099e-11, 5.27375469683e-11, 5.22109751266e-11],
        "mean": [7.62770141591e-05, 0.000315546290949, 0.000549967109691, 0.000685573497321, 0.000689647509716, 0.0006450805231, 0.000693838053849, 0.000497675617225, 0.000708948471583, 0.000691892870236, 0.000521261419635, 0.000379144737963, 0.000292816286674, 0.000296862155665, 0.000289367686491, 0.00041799902101, 0.000358351302566, 0.00030034041265, 0.000266958173597, 0.00042310563731, 0.00027991560637, 0.000136236310937, 0.000169275226654, 0.000134299392812, 0.000176214103703, 0.000143403711263, 0.000437866256107, 0.000760230643209, 0.000229557830608, 0.000182178846444, 0.0001209290931, 8.67150301929e-05, 0.000145338344737, 0.000126243394334, 4.98658446304e-05, 0.000130913394969, 0.000183365074918, 5.68179893889e-05, 0.000140362419188, 8.31699580885e-05, 2.82319979306e-05, 0.000119836600788, 0.000577035942115, 0.000826686562505, 6.03908010817e-05, 3.47400527971e-05, 5.72829667362e-05, 2.91732249025e-05, 3.33352327289e-05, 5.75934645894e-05, 3.25072796841e-05, 5.00116730109e-05, 7.53018684918e-05, 5.31435507583e-05, 7.06222635927e-05, 2.39331366174e-05, 2.0790446797e-05, 3.08889211738e-05, 2.4332142857e-05, 1.1630750123e-05, 1.49991365106e-05, 1.78908867383e-05, 3.36424054694e-05, 1.53710934683e-05, 7.03772366251e-06, 7.87613498687e-06, 1.42437866089e-05, 6.08885466136e-06, 4.65308448838e-06, 1.1186845768e-05, 6.71789848639e-06, 4.73823592984e-06, 4.43582439402e-06, 4.22590710514e-06, 3.01761588162e-06, 4.20512924393e-06, 2.67729706138e-06, 1.79335984285e-06, 1.94154335986e-06, 1.90974833458e-06, 1.77799779522e-06, 1.60144577421e-06, 1.57416786806e-06, 1.58595787525e-06, 2.07783273254e-06, 2.41091515818e-06, 2.49480217462e-06, 1.68803353517e-06, 2.0502056941e-06, 1.50077573835e-06, 1.64055154528e-06, 8.87836677066e-07, 8.23545008188e-07, 4.97831535995e-07, 5.73719148633e-07, 8.45773627134e-07, 6.4282897938e-07, 4.28491006232e-07, 3.54482011744e-07, 2.51475341884e-07, 1.88852908423e-07, 1.93010563976e-07, 1.45118931982e-07, 1.50239770846e-07, 1.74847528456e-07, 1.96560264953e-07, 1.56969193199e-07, 9.68124140854e-08, 6.29997813917e-08, 6.42202806489e-08, 5.44018838866e-08, 4.08264995144e-08, 2.59058019481e-08, 4.8292241317e-09, 9.43728317715e-10, 9.08829789203e-10, 2.81496687071e-10, 5.37069867745e-12, 4.9230233605e-12, 3.74939098866e-12, 3.65107553565e-12, 3.57031006322e-12, 3.49972286394e-12, 3.43216514237e-12, 3.35511523078e-12, 3.26019658319e-12, 3.20370899948e-12, 3.18177624005e-12],
        "min": [6.86127303015e-26, 2.38364405141e-25, 3.54320918492e-25, 2.47955967672e-25, 8.03380679043e-25, 6.31877486474e-25, 6.85075997947e-25, 3.66792390321e-25, 4.94065064054e-25, 7.12506121432e-25, 1.81213047257e-25, 2.67775876049e-25, 2.32273758003e-25, 6.7527336582e-25, 1.88274350761e-25, 2.91498008153e-25, 8.62481151986e-25, 5.75508740239e-25, 7.57403005865e-25, 5.81531348123e-25, 2.05910433307e-25, 4.7954292365e-25, 5.08115268422e-25, 7.18026323528e-25, 4.63978500775e-25, 1.02490356946e-24, 6.35986169892e-25, 1.12047061686e-24, 1.26815375996e-24, 4.44688337148e-25, 8.00907895927e-25, 7.72758084778e-25, 1.42837919982e-24, 8.67710215103e-25, 7.68075061318e-25, 4.87690772117e-25, 1.24026575203e-24, 7.97960662282e-25, 1.62347830674e-24, 8.56794056505e-25, 4.05396901092e-25, 9.84192824723e-25, 1.09351829656e-24, 1.3420171731e-24, 2.12652721461e-24, 6.55190890022e-25, 1.12862211381e-24, 1.22558179653e-24, 1.00104042847e-24, 1.28526573072e-24, 1.41872640196e-24, 1.51839769543e-24, 7.7317051112e-25, 2.31316401339e-24, 1.39048478712e-24, 1.30207576496e-24, 1.25296917361e-24, 2.19867741908e-24, 1.72843980006e-24, 2.3226904949e-24, 2.57908192479e-24, 1.83011332112e-24, 1.87433035536e-24, 1.32740362344e-24, 6.95406821755e-25, 1.75712810738e-24, 1.56126696082e-24, 2.74132832768e-24, 2.15419197491e-24, 1.59014834185e-24, 2.82363610237e-24, 3.42651752716e-24, 3.44409965902e-24, 3.62143795709e-24, 1.96846492997e-24, 2.14581328602e-24, 4.26705158269e-24, 2.44843452876e-24, 2.09769730675e-24, 3.61120367014e-24, 2.23141652715e-24, 2.31288416498e-24, 3.50432721698e-24, 3.94075070773e-24, 3.74552696078e-24, 2.31535507455e-24, 3.49874010962e-24, 3.68526350964e-24, 2.8587954357e-24, 2.75920588794e-24, 4.24226083988e-24, 2.73444236083e-24, 3.66759065878e-24, 3.24529014482e-24, 4.558590513e-24, 3.46545609587e-24, 5.1845595299e-24, 4.30876102533e-24, 3.24122376407e-24, 4.60087227423e-24, 4.23298304677e-24, 4.68926177208e-24, 4.18350016877e-24, 4.8065216069e-24, 4.42803363876e-24, 4.34939682828e-24, 4.84925144113e-24, 4.73983170041e-24, 4.00110093356e-24, 4.60249732769e-24, 4.0296249606e-24, 5.41677138698e-24, 5.65560415363e-24, 5.09807670886e-24, 5.09126607824e-24, 5.04867350581e-24, 4.85574337194e-24, 6.01289266824e-24, 5.12853028968e-24, 6.1099059935e-24, 5.82275510197e-24, 5.46272292914e-24, 5.30010043682e-24, 5.87236577544e-24, 5.78452887466e-24, 5.60614099715e-24, 6.21709286343e-24, 5.26879173078e-24],
        "stdev": [0.00017252881662, 0.000626992958132, 0.00091998645803, 0.00115517887753, 0.00122231990099, 0.00100589590147, 0.000947317690589, 0.000735083245672, 0.000980254961178, 0.00125680107158, 0.00107041012961, 0.000551564211491, 0.000478345173178, 0.000536313978955, 0.000611995230429, 0.00101994466968, 0.000846846960485, 0.000693101843353, 0.000519517983776, 0.000766848097555, 0.000640313897748, 0.000228013203014, 0.00035264401231, 0.000348421483068, 0.000405592028983, 0.000436058238847, 0.000762351613957, 0.00128053920344, 0.000428786326665, 0.000371913891286, 0.000311867712298, 0.00021917615959, 0.00037377429544, 0.00036301248474, 0.000132901317556, 0.000201434770133, 0.000267268769676, 9.16651842999e-05, 0.000271796656307, 0.000177556677954, 5.88714356127e-05, 0.000336156546837, 0.00104494194966, 0.00155855854973, 0.000127878796775, 8.84534456418e-05, 0.000141471769894, 9.33523187996e-05, 8.66376140038e-05, 0.000156647700351, 8.42238878249e-05, 0.000183572657988, 0.000303396809613, 0.000156706286361, 0.000151488973643, 6.91315217409e-05, 4.43669196102e-05, 4.99394882354e-05, 3.83805927413e-05, 1.69672603079e-05, 2.81872689811e-05, 4.01485522161e-05, 5.06171272718e-05, 2.48184369411e-05, 1.06246743599e-05, 1.06215875348e-05, 2.24716568482e-05, 8.61228181748e-06, 5.93870208832e-06, 1.41130267366e-05, 1.02502526715e-05, 6.63355285724e-06, 8.3428922153e-06, 9.37681033975e-06, 4.73936233902e-06, 7.0660739766e-06, 4.73414684166e-06, 2.89922877528e-06, 3.01307704831e-06, 3.24030315824e-06, 2.86154886453e-06, 3.32572130901e-06, 2.81173743133e-06, 2.88959995487e-06, 3.14460339723e-06, 4.5581782615e-06, 5.16872796652e-06, 3.96207997255e-06, 3.75778313355e-06, 2.72761644737e-06, 2.68975054496e-06, 1.65786525486e-06, 1.37988524784e-06, 8.51187508033e-07, 9.85142264653e-07, 1.50584560288e-06, 1.55656823608e-06, 1.21232460515e-06, 1.52324628289e-06, 9.32910097617e-07, 7.01630881395e-07, 8.4279560042e-07, 3.99239155513e-07, 3.00440206047e-07, 3.31843324375e-07, 3.96595225993e-07, 3.26277103113e-07, 1.94978454715e-07, 1.21451876112e-07, 1.2771351976e-07, 1.16652387305e-07, 1.16493922064e-07, 8.48431653822e-08, 1.55217954045e-08, 3.85253162705e-09, 3.69183950077e-09, 1.13664289092e-09, 1.52250295704e-11, 2.68545290172e-11, 6.5455822186e-12, 6.34286069848e-12, 6.17928624935e-12, 6.04788354813e-12, 5.92712771225e-12, 5.83410273217e-12, 5.74759814395e-12, 5.68884999871e-12, 5.65453543364e-12]
    },
    "mfcc": {
        "mean": [-717.99432373, 103.349754333, -27.2108955383, 5.43594264984, -3.7455534935, 3.9982881546, -6.19820356369, 4.28708791733, -7.45884084702, 5.1414937973, -2.63570976257, -2.26524949074, -6.08156728745],
        "cov": [[58910.8320312, 10585.8886719, -1555.56616211, 1416.53637695, 52.4051933289, 762.609558105, -455.376403809, 534.31060791, -985.158508301, 543.135559082, -188.863998413, -21.3327293396, -566.68347168], [10585.8886719, 2466.53100586, -302.095275879, 357.665130615, 40.5516204834, 157.821166992, -100.501922607, 93.5087356567, -240.546875, 118.412643433, -37.5089492798, -23.6024265289, -125.321098328], [-1555.56616211, -302.095275879, 714.896362305, 352.942016602, 219.460372925, 116.092269897, 64.4060668945, -3.81745147705, -23.9648571014, -56.1428642273, 31.3001213074, 70.438873291, 74.5548553467], [1416.53637695, 357.665130615, 352.942016602, 446.332366943, 202.118591309, 102.853385925, -26.5038547516, 13.1444807053, -44.9236755371, -29.9767856598, -14.6209220886, 50.6703567505, 46.2454071045], [52.4051933289, 40.5516204834, 219.460372925, 202.118591309, 153.03352356, 69.696472168, 10.2313318253, 6.92723655701, -10.9968852997, -12.7937612534, -2.19973325729, 29.8772640228, 23.7619056702], [762.609558105, 157.821166992, 116.092269897, 102.853385925, 69.696472168, 122.36706543, 62.7149505615, 24.2638530731, -47.4560165405, 13.7220602036, 18.3119907379, 14.5810337067, -21.9988670349], [-455.376403809, -100.501922607, 64.4060668945, -26.5038547516, 10.2313318253, 62.7149505615, 132.551528931, 23.0175533295, -6.95184183121, 6.77987098694, 29.4494686127, 5.20398330688, -22.399274826], [534.31060791, 93.5087356567, -3.81745147705, 13.1444807053, 6.92723655701, 24.2638530731, 23.0175533295, 56.7481422424, -14.392209053, 23.3990955353, 0.828964233398, 0.0669342651963, -15.2557220459], [-985.158508301, -240.546875, -23.9648571014, -44.9236755371, -10.9968852997, -47.4560165405, -6.95184183121, -14.392209053, 132.91166687, -32.9261741638, 0.449215173721, 4.13388442993, 47.8488197327], [543.135559082, 118.412643433, -56.1428642273, -29.9767856598, -12.7937612534, 13.7220602036, 6.77987098694, 23.3990955353, -32.9261741638, 75.6476135254, 16.8368778229, -7.49214220047, -37.9305076599], [-188.863998413, -37.5089492798, 31.3001213074, -14.6209220886, -2.19973325729, 18.3119907379, 29.4494686127, 0.828964233398, 0.449215173721, 16.8368778229, 52.7465019226, 7.17300796509, -11.1165390015], [-21.3327293396, -23.6024265289, 70.438873291, 50.6703567505, 29.8772640228, 14.5810337067, 5.20398330688, 0.0669342651963, 4.13388442993, -7.49214220047, 7.17300796509, 63.3191604614, 37.6709709167], [-566.68347168, -125.321098328, 74.5548553467, 46.2454071045, 23.7619056702, -21.9988670349, -22.399274826, -15.2557220459, 47.8488197327, -37.9305076599, -11.1165390015, 37.6709709167, 92.96534729]],
        "icov": [[8.22768415674e-05, -0.000323553715134, 2.65622929874e-05, -2.55528011621e-05, 0.000191384198843, -0.000259019900113, 0.000164702927577, -0.000221640017116, -9.74013964878e-05, 2.85983151116e-05, 9.44884013734e-05, -0.000211586462683, 0.000108714302769], [-0.000323553715134, 0.00231202645227, 0.00104390084743, -0.00176761101466, 0.000293766875984, -0.00017483420379, -7.71095219534e-05, 0.000288732466288, 0.00128664751537, -0.000577918661293, -0.000525229319464, 0.000973337737378, -0.000256336876191], [2.65622929874e-05, 0.00104390084743, 0.00485069630668, -0.00354210007936, -0.00177622085903, -0.000577572733164, -0.00134451373015, -0.000133049034048, 0.00222892779857, 0.00111253617797, -0.00292106624693, 0.000270113639999, -0.00173943780828], [-2.55528011621e-05, -0.00176761101466, -0.00354210007936, 0.0111817158759, -0.00843271892518, -0.000834389356896, 0.00322401407175, -0.000988320913166, -0.000142094111652, 0.00256812688895, 0.00109679216985, -0.000955230731051, -0.00104851194192], [0.000191384198843, 0.000293766875984, -0.00177622085903, -0.00843271892518, 0.0232361461967, -0.00780139723793, 0.00126488285605, 0.000338416313753, -0.00321039115079, -0.00319916498847, 0.00415142858401, -0.00180548836943, 0.00133210467175], [-0.000259019900113, -0.00017483420379, -0.000577572733164, -0.000834389356896, -0.00780139723793, 0.0233579222113, -0.00989502668381, -0.000672560068779, 0.0038085039705, 0.000354006886482, -0.00339905335568, -0.000868600793183, 0.0022202625405], [0.000164702927577, -7.71095219534e-05, -0.00134451373015, 0.00322401407175, 0.00126488285605, -0.00989502668381, 0.0158722698689, -0.00533286947757, -0.0015275265323, 0.00274672987871, -0.00311445724219, -0.0015837745741, 0.00283509795554], [-0.000221640017116, 0.000288732466288, -0.000133049034048, -0.000988320913166, 0.000338416313753, -0.000672560068779, -0.00533286947757, 0.0247647520155, -0.00134268961847, -0.00784979946911, 0.00464863236994, -0.000152796652401, 0.000275974132819], [-9.74013964878e-05, 0.00128664751537, 0.00222892779857, -0.000142094111652, -0.00321039115079, 0.0038085039705, -0.0015275265323, -0.00134268961847, 0.0135308504105, 0.00338613195345, -0.00437332969159, 0.00284526869655, -0.00670128315687], [2.85983151116e-05, -0.000577918661293, 0.00111253617797, 0.00256812688895, -0.00319916498847, 0.000354006886482, 0.00274672987871, -0.00784979946911, 0.00338613195345, 0.0228416472673, -0.00797893665731, -0.001786149689, 0.00484706275165], [9.44884013734e-05, -0.000525229319464, -0.00292106624693, 0.00109679216985, 0.00415142858401, -0.00339905335568, -0.00311445724219, 0.00464863236994, -0.00437332969159, -0.00797893665731, 0.028147213161, -0.00508259236813, 0.00423271255568], [-0.000211586462683, 0.000973337737378, 0.000270113639999, -0.000955230731051, -0.00180548836943, -0.000868600793183, -0.0015837745741, -0.000152796652401, 0.00284526869655, -0.001786149689, -0.00508259236813, 0.0256921835244, -0.0130816651508], [0.000108714302769, -0.000256336876191, -0.00173943780828, -0.00104851194192, 0.00133210467175, 0.0022202625405, 0.00283509795554, 0.000275974132819, -0.00670128315687, 0.00484706275165, 0.00423271255568, -0.0130816651508, 0.0251374412328]]
    },
    "spectral_contrast_coeffs": {
        "max": [-0.543877959251, -0.499643146992, -0.556311190128, -0.590022742748, -0.674500644207, -0.639993548393],
        "mean": [-0.753212213516, -0.791804730892, -0.757654666901, -0.781992137432, -0.801742315292, -0.778919577599],
        "min": [-0.988758504391, -0.982438147068, -0.975674271584, -0.976724565029, -0.967086434364, -0.966785371304],
        "stdev": [0.102290041745, 0.0930471494794, 0.105240963399, 0.0971388593316, 0.0759410336614, 0.0807565748692]
    },
    "spectral_contrast_valleys": {
        "max": [-5.16795349121, -5.04514122009, -5.85671806335, -5.9876074791, -5.89967632294, -8.24276733398],
        "mean": [-9.97558021545, -9.53092670441, -9.92685699463, -10.0501556396, -10.2650499344, -12.8706216812],
        "min": [-27.9646205902, -28.002325058, -28.0715312958, -27.6883354187, -27.5858097076, -27.4518814087],
        "stdev": [7.25308609009, 7.34972047806, 7.1790933609, 7.10655975342, 7.03019046783, 5.9841966629]
    }
},
"rhythm": {
    "beats_count": 35,
    "beats_loudness": {
        "max": 0.0629390999675,
        "mean": 0.0276394300163,
        "min": 0,
        "stdev": 0.0191665645689
    },
    "bpm": 103.646972656,
    "bpm_histogram_first_peak_bpm": 103,
    "bpm_histogram_first_peak_weight": 0.583333313465,
    "bpm_histogram_second_peak_bpm": 112,
    "bpm_histogram_second_peak_spread": 0.300000011921,
    "bpm_histogram_second_peak_weight": 0.205882355571,
    "danceability": 0.795189380646,
    "onset_rate": 1.95423293114,
    "beats_loudness_band_ratio": {
        "max": [0.783705592155, 0.371839374304, 0.460739850998, 0.738033413887, 0.323692649603, 0.0605954490602],
        "mean": [0.159663453698, 0.121444672346, 0.199676126242, 0.312362134457, 0.126020297408, 0.0274082906544],
        "min": [0, 0, 0, 0, 0, 0],
        "stdev": [0.171035841107, 0.106405436993, 0.129628181458, 0.23322057724, 0.0921256616712, 0.0153688741848]
    },
    "beats_position": [0.557278871536, 1.1261677742, 1.69505667686, 2.27555561066, 2.85605430603, 3.43655323982, 4.00544214249, 4.57433080673, 5.17804956436, 5.7701587677, 6.35065746307, 6.91954612732, 7.50004529953, 8.09215450287, 8.68426322937, 9.25315189362, 9.82204055786, 10.4025392532, 10.9830379486, 11.5519275665, 12.1208162308, 12.7013149261, 13.2818136215, 13.8623123169, 14.4544210434, 14.9884805679, 15.5225391388, 16.0449886322, 16.5674381256, 17.0898857117, 17.6239452362, 18.1580047607, 18.6920623779, 19.2261219025, 19.760181427],
