{
"metadata": {
    "version": {
        "essentia": "2.1-beta5",
        "essentia_git_sha": "Undefined",
        "extractor": "music 2.0"
    },
    "audio_properties": {
        "analysis": {
            "equal_loudness": 0,
            "length": 45.743309021,
            "sample_rate": 44100,
            "start_time": 175.240997314,
            "downmix": "mix"
        },
        "bit_rate": 192000,
        "length": 221.007537842,
        "lossless": 0,
        "number_channels": 2,
        "replay_gain": -9.43174934387,
        "sample_rate": 48000,
        "codec": "mp3",
        "md5_encoded": "d616470adac10ad3e8b765c8339c2fbd"
    },
    "tags": {
        "file_name": "Croatia_Sveta Ljubav_Maja Blagdan.mp3",
        "encoding": ["Lavf58.29.100"]
    }
},
"lowlevel": {
    "average_loudness": 0.426281154156,
    "barkbands_crest": {
        "max": 26.0713768005,
        "mean": 9.42318439484,
        "min": 2.64263296127,
        "stdev": 5.29785919189
    },
    "barkbands_flatness_db": {
        "max": 0.36834743619,
        "mean": 0.1392878443,
        "min": 0.0472621172667,
        "stdev": 0.0594248659909
    },
    "barkbands_kurtosis": {
        "max": 224.833740234,
        "mean": 5.04445314407,
        "min": -1.83034157753,
        "stdev": 15.4266958237
    },
    "barkbands_skewness": {
        "max": 12.7626571655,
        "mean": 0.348139315844,
        "min": -3.59257030487,
        "stdev": 1.79746997356
    },
    "barkbands_spread": {
        "max": 82.9240112305,
        "mean": 18.6894359589,
        "min": 0.476918756962,
        "stdev": 10.0148334503
    },
    "dissonance": {
        "max": 0.5,
        "mean": 0.46245354414,
        "min": 0.263389736414,
        "stdev": 0.0436343252659
    },
    "dynamic_complexity": 4.02754163742,
    "erbbands_crest": {
        "max": 33.4406547546,
        "mean": 10.3822202682,
        "min": 2.52092504501,
        "stdev": 7.46352481842
    },
    "erbbands_flatness_db": {
        "max": 0.365219205618,
        "mean": 0.184299692512,
        "min": 0.0805896893144,
        "stdev": 0.0619087144732
    },
    "erbbands_kurtosis": {
        "max": 71.994354248,
        "mean": 2.58792328835,
        "min": -1.65807271004,
        "stdev": 7.04455375671
    },
    "erbbands_skewness": {
        "max": 7.81577587128,
        "mean": 0.454141318798,
        "min": -2.96912264824,
        "stdev": 1.30974602699
    },
    "erbbands_spread": {
        "max": 100.462638855,
        "mean": 26.2506046295,
        "min": 2.1686732769,
        "stdev": 13.3916578293
    },
    "hfc": {
        "max": 137.053878784,
        "mean": 15.7012138367,
        "min": 1.03350149342e-16,
        "stdev": 21.4840927124
    },
    "loudness_ebu128": {
        "integrated": -14.7210712433,
        "loudness_range": 6.99733066559,
        "momentary": {
            "max": -8.76456451416,
            "mean": -76.9646148682,
            "min": -300.691009521,
            "stdev": 116.104637146
        },
        "short_term": {
            "max": -10.5520877838,
            "mean": -63.6560592651,
            "min": -300.691009521,
            "stdev": 105.250648499
        }
    },
    "melbands_crest": {
        "max": 32.0569877625,
        "mean": 9.90953063965,
        "min": 1.45832717419,
        "stdev": 6.86874485016
    },
    "melbands_flatness_db": {
        "max": 0.424991518259,
        "mean": 0.141545712948,
        "min": 0.00272992881946,
        "stdev": 0.0987506881356
    },
    "melbands_kurtosis": {
        "max": 268.926605225,
        "mean": 6.42356109619,
        "min": -1.67130291462,
        "stdev": 18.8044147491
    },
    "melbands_skewness": {
        "max": 11.4988698959,
        "mean": 1.08593738079,
        "min": -2.62065076828,
        "stdev": 1.38478600979
    },
    "melbands_spread": {
        "max": 249.681747437,
        "mean": 49.1849555969,
        "min": 0.684832215309,
        "stdev": 47.3727149963
    },
    "pitch_salience": {
        "max": 0.862482488155,
        "mean": 0.620147764683,
        "min": 0.114289544523,
        "stdev": 0.188692972064
    },
    "silence_rate_20dB": {
        "max": 1,
        "mean": 1,
        "min": 1,
        "stdev": 0
    },
    "silence_rate_30dB": {
        "max": 1,
        "mean": 1,
        "min": 1,
        "stdev": 0
    },
    "silence_rate_60dB": {
        "max": 1,
        "mean": 0.289700657129,
        "min": 0,
        "stdev": 0.453621566296
    },
    "spectral_centroid": {
        "max": 11911.5966797,
        "mean": 3546.90258789,
        "min": 342.557037354,
        "stdev": 4000.85839844
    },
    "spectral_complexity": {
        "max": 49,
        "mean": 13.9873161316,
        "min": 0,
        "stdev": 11.4409990311
    },
    "spectral_decrease": {
        "max": 2.45792379514e-28,
        "mean": -3.6232155054e-09,
        "min": -2.3765677426e-08,
        "stdev": 3.98741617502e-09
    },
    "spectral_energy": {
        "max": 0.0953339710832,
        "mean": 0.0150989880785,
        "min": 9.63775515887e-21,
        "stdev": 0.0166199002415
    },
    "spectral_energyband_high": {
        "max": 0.00864237360656,
        "mean": 0.000387252337532,
        "min": 6.77066072185e-21,
        "stdev": 0.000824033166282
    },
    "spectral_energyband_low": {
        "max": 0.0266508311033,
        "mean": 0.00150583009236,
        "min": 1.2450206703e-23,
        "stdev": 0.0023055030033
    },
    "spectral_energyband_middle_high": {
        "max": 0.0683289691806,
        "mean": 0.00600084662437,
        "min": 1.07549393165e-21,
        "stdev": 0.0103093441576
    },
    "spectral_energyband_middle_low": {
        "max": 0.0747575461864,
        "mean": 0.00751606095582,
        "min": 1.54382439424e-22,
        "stdev": 0.0108876414597
    },
    "spectral_entropy": {
        "max": 9.82675647736,
        "mean": 7.96817731857,
        "min": 5.23106527328,
        "stdev": 1.094399333
    },
    "spectral_flux": {
        "max": 0.263980358839,
        "mean": 0.056309197098,
        "min": 6.26742130416e-11,
        "stdev": 0.0505667105317
    },
    "spectral_kurtosis": {
        "max": 19.1621017456,
        "mean": 3.52497839928,
        "min": -1.26112473011,
        "stdev": 3.3941180706
    },
    "spectral_rms": {
        "max": 0.00964410509914,
        "mean": 0.00307806092314,
        "min": 3.06638026602e-12,
        "stdev": 0.00229265587404
    },
    "spectral_rolloff": {
        "max": 19853.6132812,
        "mean": 5415.79345703,
        "min": 150.732421875,
        "stdev": 7127.15039062
    },
    "spectral_skewness": {
        "max": 3.41205382347,
        "mean": 1.27706420422,
        "min": -0.0862773507833,
        "stdev": 0.791178405285
    },
    "spectral_spread": {
        "max": 43116880,
        "mean": 11900112,
        "min": 2083498.375,
        "stdev": 15158619
    },
    "spectral_strongpeak": {
        "max": 17.7242984772,
        "mean": 1.45903468132,
        "min": 0,
        "stdev": 2.46518588066
    },
    "zerocrossingrate": {
        "max": 0.77734375,
        "mean": 0.161472707987,
        "min": 0.0146484375,
        "stdev": 0.183395311236
    },
    "barkbands": {
        "max": [0.000552834244445, 0.0234957486391, 0.0118929678574, 0.0106800626963, 0.0134186912328, 0.0503958687186, 0.0397872254252, 0.0561642162502, 0.034535959363, 0.0304611101747, 0.0356140248477, 0.0272095520049, 0.0317078754306, 0.0482056029141, 0.066505394876, 0.0117972819135, 0.0077099641785, 0.00421963864937, 0.012227088213, 0.0046769566834, 0.00301201618277, 0.00245559355244, 0.00334740499966, 0.00375161180273, 0.00143550289795, 0.000126076338347, 3.58571753623e-07],
        "mean": [1.7343516447e-05, 0.00084319873713, 0.000469546183012, 0.000440437463112, 0.000725114892703, 0.00188530376181, 0.00206778664142, 0.00142695521936, 0.00074301334098, 0.000788097619079, 0.000542777357623, 0.0004262329021, 0.000412408466218, 0.00120454863645, 0.00171096657868, 0.000260264845565, 0.000230091900448, 0.000210535290535, 0.000244701106567, 0.000117547766422, 0.000117440205941, 9.39145975281e-05, 6.0880320234e-05, 3.98003649025e-05, 1.65318360814e-05, 3.55638758265e-06, 2.68123612202e-09],
        "min": [2.45123439333e-25, 9.21437263383e-25, 8.62904967507e-25, 7.35029431479e-25, 5.2475528342e-24, 3.34192008369e-24, 5.31952653104e-24, 5.28167698481e-24, 1.24967029536e-23, 1.00026805476e-23, 1.26523373216e-23, 1.82130470303e-23, 1.78006605258e-23, 1.88070040717e-23, 3.37213203641e-23, 3.14805388747e-23, 5.50879745471e-23, 7.72063847738e-23, 1.14068630563e-22, 1.61136729603e-22, 1.96268366027e-22, 2.71512670714e-22, 3.62667327982e-22, 4.63100882762e-22, 6.86484935079e-22, 1.27389499891e-21, 1.84528545609e-21],
        "stdev": [4.28202220064e-05, 0.00159060477745, 0.00081475666957, 0.00075717602158, 0.0012106023496, 0.00494102062657, 0.00570919224992, 0.00465113483369, 0.00204718066379, 0.00193176791072, 0.00159499293659, 0.00120540184435, 0.00116237823386, 0.00472247507423, 0.00692821433768, 0.000482878647745, 0.000432854169048, 0.000355499010766, 0.000637115270365, 0.000299383915262, 0.000297398393741, 0.000242258101935, 0.000203600066015, 0.000204474054044, 7.88856632425e-05, 8.25118331704e-06, 1.2496619739e-08]
    },
    "erbbands": {
        "max": [0.515183031559, 5.73081064224, 14.3855190277, 18.5490531921, 36.0998382568, 61.0170211792, 200.715438843, 517.839538574, 616.744689941, 833.338623047, 1207.06384277, 1039.36938477, 598.053161621, 1357.74719238, 1312.26513672, 937.499389648, 1221.83276367, 2444.97143555, 4144.51318359, 2462.09814453, 313.940460205, 401.102539062, 237.941223145, 566.621337891, 402.269073486, 232.021652222, 136.654327393, 158.968521118, 77.4100189209, 86.5015869141, 90.8142471313, 55.0943069458, 73.6087722778, 27.5894622803, 4.12044000626, 0.922884464264, 0.182536348701, 0.00584345078096, 0.000238732944126, 0.000109726359369],
        "mean": [0.0161300878972, 0.214218333364, 0.528534173965, 1.05215668678, 2.11226248741, 2.39300489426, 3.61071372032, 20.4617080688, 33.1320075989, 28.2147693634, 25.8295993805, 18.8995742798, 20.9530296326, 27.5077056885, 20.7036743164, 16.5814113617, 18.6673069, 46.8594360352, 94.3746261597, 46.8525886536, 14.7429695129, 12.1117591858, 12.3524923325, 11.8527183533, 11.0966100693, 5.43499612808, 4.7562994957, 4.73107481003, 3.49084949493, 2.21730566025, 1.65096771717, 0.873108923435, 0.66844201088, 0.264110922813, 0.0765054151416, 0.0269031636417, 0.00437995046377, 0.000134763351525, 1.42650624184e-05, 1.92430907191e-05],
        "min": [5.06551284624e-23, 2.8103165962e-22, 1.61748019812e-21, 3.72667968851e-21, 8.77914652981e-21, 1.34095355778e-20, 1.98533735238e-20, 3.33375144921e-20, 7.84251425102e-20, 1.1788342195e-19, 1.72319971267e-19, 3.10988658402e-19, 3.9469008231e-19, 5.49014455007e-19, 1.00069953042e-18, 1.06777488251e-18, 8.90704257887e-19, 1.32539180569e-18, 1.9664659828e-18, 2.23906149251e-18, 2.99477762925e-18, 4.13218736745e-18, 4.24419754856e-18, 4.78150801829e-18, 5.58567563902e-18, 7.55659764378e-18, 7.81950790249e-18, 9.39742688565e-18, 8.79702362829e-18, 9.43323884309e-18, 9.8026643221e-18, 1.01867209718e-17, 8.33847357418e-18, 7.22069614063e-18, 4.44320396905e-18, 3.86976059581e-18, 2.24436454742e-18, 9.02794846708e-19, 2.16309306996e-19, 2.4605647312e-20],
        "stdev": [0.0318430364132, 0.403395354748, 0.870150148869, 1.64203763008, 3.47106337547, 4.87846231461, 9.15708065033, 52.7530288696, 93.7375869751, 74.2088623047, 91.1450881958, 49.2001342773, 50.6456985474, 66.635093689, 55.6530723572, 44.4847679138, 46.3610496521, 174.931106567, 318.8359375, 186.515579224, 22.5416431427, 21.9576091766, 19.5284347534, 28.4848937988, 29.2171878815, 13.4272022247, 10.4060344696, 13.1275119781, 8.68684005737, 5.94427251816, 6.01721048355, 3.54037833214, 3.99327111244, 1.49416959286, 0.241689056158, 0.0582445785403, 0.0126383462921, 0.000421703036409, 2.02058836294e-05, 2.08642159123e-05]
    },
    "gfcc": {
        "mean": [-306.306304932, 70.153137207, -119.835746765, 21.4869327545, -55.7542724609, 13.3860225677, -32.8638725281, 6.54057264328, -12.7782287598, 2.72772955894, -9.28478908539, -3.58365702629, -5.44292545319],
        "cov": [[261511.640625, 19398.5214844, -32209.9941406, 6061.06445312, -14815.0810547, 3566.20410156, -8661.00390625, 1716.42651367, -3453.8293457, 721.083984375, -2625.56835938, -1173.59692383, -1591.6640625], [19398.5214844, 2903.32421875, -1400.75708008, 839.142272949, -908.492248535, 100.494422913, -574.5703125, -80.1753005981, -133.633163452, -1.70168888569, 5.52409172058, -156.264694214, -126.678367615], [-32209.9941406, -1400.75708008, 5371.52490234, -274.904815674, 1889.51928711, -525.465698242, 1046.94421387, -356.18460083, 489.823028564, -94.0217056274, 470.777099609, 160.234802246, 139.341751099], [6061.06445312, 839.142272949, -274.904815674, 569.409057617, -215.475067139, 50.1134033203, -167.747894287, -31.9279937744, -16.2726688385, -17.5187454224, -44.8626976013, -71.7953338623, -49.143081665], [-14815.0810547, -908.492248535, 1889.51928711, -215.475067139, 1048.38195801, -157.18031311, 564.308654785, -126.689186096, 210.824630737, -37.1026535034, 114.492927551, 22.2045326233, 87.0989685059], [3566.20410156, 100.494422913, -525.465698242, 50.1134033203, -157.18031311, 243.149856567, -58.3872642517, 77.4092025757, -71.7370300293, 26.5195808411, -74.2879257202, -17.7117500305, -21.3277835846], [-8661.00390625, -574.5703125, 1046.94421387, -167.747894287, 564.308654785, -58.3872642517, 428.484588623, -48.2048187256, 141.735275269, -17.7656669617, 84.3686828613, -3.31374788284, 42.5113258362], [1716.42651367, -80.1753005981, -356.18460083, -31.9279937744, -126.689186096, 77.4092025757, -48.2048187256, 142.92024231, -32.0565986633, -3.68112373352, -62.0522384644, 4.40847063065, -18.5095996857], [-3453.8293457, -133.633163452, 489.823028564, -16.2726688385, 210.824630737, -71.7370300293, 141.735275269, -32.0565986633, 148.035430908, 6.61614370346, 62.9215507507, -4.88181495667, 23.8989467621], [721.083984375, -1.70168888569, -94.0217056274, -17.5187454224, -37.1026535034, 26.5195808411, -17.7656669617, -3.68112373352, 6.61614370346, 88.8476104736, 0.619849205017, 0.151271149516, -17.2017593384], [-2625.56835938, 5.52409172058, 470.777099609, -44.8626976013, 114.492927551, -74.2879257202, 84.3686828613, -62.0522384644, 62.9215507507, 0.619849205017, 156.004318237, 43.5707092285, 11.968503952], [-1173.59692383, -156.264694214, 160.234802246, -71.7953338623, 22.2045326233, -17.7117500305, -3.31374788284, 4.40847063065, -4.88181495667, 0.151271149516, 43.5707092285, 97.5976104736, 32.5651130676], [-1591.6640625, -126.678367615, 139.341751099, -49.143081665, 87.0989685059, -21.3277835846, 42.5113258362, -18.5095996857, 23.8989467621, -17.2017593384, 11.968503952, 32.5651130676, 82.9089431763]],
        "icov": [[0.000296460988466, -0.000841636327095, 0.000782754737884, -0.00085019407561, 0.00131714984309, -0.000680034747347, 0.000357324199285, -4.8386373237e-05, 0.000450845836895, -0.000847097777296, 0.000872930395417, -0.000692542875186, 0.000673563161399], [-0.000841636327095, 0.00338727748021, -0.00218798778951, 0.00137912237551, -0.00332742650062, 0.0017708732048, -0.000441166805103, 0.00057600060245, -0.00106217490975, 0.00256630056538, -0.00388102675788, 0.00331851001829, -0.00208593485877], [0.000782754737884, -0.00218798778951, 0.0028952609282, -0.00259050517343, 0.00240427046083, -0.00123910629191, 0.000558599596843, 0.000205292264582, 0.000858908344526, -0.00193318829406, 0.00149215804413, -0.00296571711078, 0.00249829166569], [-0.00085019407561, 0.00137912237551, -0.00259050517343, 0.00629456574097, -0.00380740407854, 0.000810756522696, 8.1595921074e-05, 0.0012036296539, -0.00313340849243, 0.00374102825299, -0.000393938651541, 0.00210528634489, -0.000785229844041], [0.00131714984309, -0.00332742650062, 0.00240427046083, -0.00380740407854, 0.011685741134, -0.00296654528938, -0.00288668042049, 0.00175793899689, 0.00150401168503, -0.00349571648985, 0.0062984758988, -0.00295334425755, 0.00182983616833], [-0.000680034747347, 0.0017708732048, -0.00123910629191, 0.000810756522696, -0.00296654528938, 0.00884645059705, -0.00348586891778, -0.00279710954055, 0.00218857266009, -0.000883726926986, -0.00137352582533, 0.00105590687599, -0.00226190779358], [0.000357324199285, -0.000441166805103, 0.000558599596843, 8.1595921074e-05, -0.00288668042049, -0.00348586891778, 0.0120074339211, -0.00142273225356, -0.00211037974805, 0.000106256782601, -0.00257070898078, 0.00416364474222, 0.000322811654769], [-4.8386373237e-05, 0.00057600060245, 0.000205292264582, 0.0012036296539, 0.00175793899689, -0.00279710954055, -0.00142273225356, 0.01329076197, -0.00382781075314, 0.00380635121837, 0.00476239761338, -0.00446171499789, 0.00440806988627], [0.000450845836895, -0.00106217490975, 0.000858908344526, -0.00313340849243, 0.00150401168503, 0.00218857266009, -0.00211037974805, -0.00382781075314, 0.0156522169709, -0.00587031338364, -0.00334566854872, 0.00370158092119, -0.00375875271857], [-0.000847097777296, 0.00256630056538, -0.00193318829406, 0.00374102825299, -0.00349571648985, -0.000883726926986, 0.000106256782601, 0.00380635121837, -0.00587031338364, 0.016861744225, -0.00169911480043, -0.000208026714972, 0.00288313534111], [0.000872930395417, -0.00388102675788, 0.00149215804413, -0.000393938651541, 0.0062984758988, -0.00137352582533, -0.00257070898078, 0.00476239761338, -0.00334566854872, -0.00169911480043, 0.018564241007, -0.0107843466103, 0.00566618284211], [-0.000692542875186, 0.00331851001829, -0.00296571711078, 0.00210528634489, -0.00295334425755, 0.00105590687599, 0.00416364474222, -0.00446171499789, 0.00370158092119, -0.000208026714972, -0.0107843466103, 0.0233509261161, -0.01047453098], [0.000673563161399, -0.00208593485877, 0.00249829166569, -0.000785229844041, 0.00182983616833, -0.00226190779358, 0.000322811654769, 0.00440806988627, -0.00375875271857, 0.00288313534111, 0.00566618284211, -0.01047453098, 0.0204332899302]]
    },
    "melbands": {
        "max": [0.00602706242353, 0.00645639188588, 0.00341118476354, 0.00223950692452, 0.00542028620839, 0.0106587754562, 0.00930855795741, 0.00954184029251, 0.00912673026323, 0.00589932641014, 0.0030630256515, 0.00572237325832, 0.00511398585513, 0.00376310897991, 0.00183736055624, 0.00384182343259, 0.00542346341535, 0.00651378277689, 0.00624098116532, 0.00150385033339, 0.000418405456003, 0.000523505266756, 0.000355350930477, 0.000174043598236, 0.000537449668627, 0.000398304371629, 0.000227181211812, 0.000127802253701, 0.000107936153654, 0.00012101122411, 0.0001060757495, 6.65481784381e-05, 4.89544581797e-05, 4.57393580291e-05, 4.21077129431e-05, 6.38037090539e-05, 4.51712912763e-05, 6.15174794802e-05, 3.88720000046e-05, 1.7589683921e-05],
        "mean": [0.000194455395103, 0.000289703253657, 0.000221065449296, 0.000159174494911, 0.000123620251543, 0.000457845831988, 0.000487054290716, 0.000319900602335, 0.000184398755664, 0.000115891663881, 0.000103796264739, 0.000112254594569, 7.09011073923e-05, 5.09393648827e-05, 3.62681676052e-05, 4.39122595708e-05, 9.62279955274e-05, 0.000151303436724, 0.000122989236843, 2.40742319875e-05, 1.54739391292e-05, 1.25853475765e-05, 1.23172858366e-05, 9.67846699496e-06, 9.60330453381e-06, 8.87966234586e-06, 5.81159520152e-06, 3.12012889481e-06, 2.94389178634e-06, 3.09474876303e-06, 2.62203502643e-06, 2.28055455409e-06, 1.2476629081e-06, 1.20387926472e-06, 9.93068056232e-07, 6.7767064138e-07, 4.98813051308e-07, 5.10784957442e-07, 3.48930171867e-07, 1.78624645741e-07],
        "min": [3.86790951041e-25, 9.34030244443e-25, 1.09253212182e-24, 1.1256481082e-24, 6.89076607421e-25, 6.86102946935e-25, 1.04026998825e-24, 1.19591914738e-24, 1.46531534373e-24, 1.57298174248e-24, 1.68754051756e-24, 1.65297953523e-24, 2.43599498114e-24, 2.66928954981e-24, 1.81718487696e-24, 1.89771258702e-24, 1.7023001051e-24, 2.21618717294e-24, 2.72257059586e-24, 2.91387350689e-24, 3.11636384607e-24, 3.14563236059e-24, 3.44830823195e-24, 3.18611137744e-24, 2.60480056524e-24, 4.32141869299e-24, 3.49132876141e-24, 4.74391523888e-24, 3.41801321217e-24, 3.74729085376e-24, 4.93438570445e-24, 3.74861614008e-24, 4.73289209102e-24, 4.57587051113e-24, 4.94575003465e-24, 5.44767777395e-24, 5.75351875248e-24, 5.37266854035e-24, 5.68381263631e-24, 5.12516067032e-24],
        "stdev": [0.000375517178327, 0.000458159891423, 0.000315939396387, 0.000263403780991, 0.00028428886435, 0.0011804929236, 0.00133085425477, 0.000856493832543, 0.000640216458123, 0.000305683381157, 0.000260520522716, 0.00027944118483, 0.000201969058253, 0.000151180240209, 9.64322462096e-05, 0.000143278957694, 0.000395860261051, 0.000514439365361, 0.000565828930121, 7.00562668499e-05, 2.66747829301e-05, 2.62507346633e-05, 2.07403154491e-05, 1.80048555194e-05, 2.54670485447e-05, 2.53072848864e-05, 1.60388754011e-05, 7.73910414864e-06, 6.9538259595e-06, 9.10527705855e-06, 8.06082698546e-06, 6.57875898469e-06, 3.33430557475e-06, 3.36553785019e-06, 3.37631217917e-06, 3.05798494082e-06, 2.3409388632e-06, 3.12302086058e-06, 2.16347280002e-06, 9.65459662439e-07]
    },
    "melbands128": {
        "max": [0.000476527988212, 0.00249843136407, 0.0105702700093, 0.00926441606134, 0.00918032042682, 0.00519648846239, 0.00465829391032, 0.00560726597905, 0.00469557568431, 0.00340758822858, 0.00484944041818, 0.00591739499941, 0.00631585763767, 0.0154298199341, 0.0190848466009, 0.0171249620616, 0.0193655490875, 0.0177966244519, 0.0149904908612, 0.0149306226522, 0.022279990837, 0.0192572437227, 0.0134821711108, 0.0132735716179, 0.012671308592, 0.00629476830363, 0.0068802991882, 0.00596714951098, 0.00488301180303, 0.00778365554288, 0.00821630004793, 0.00519487680867, 0.007722443901, 0.00451591797173, 0.00627949135378, 0.00421471940354, 0.00481216562912, 0.00265570566989, 0.00240217684768, 0.00362284877338, 0.00617825333029, 0.0116161545739, 0.0105791809037, 0.0117308860645, 0.010151446797, 0.0131127508357, 0.0118473190814, 0.0148288365453, 0.0101158525795, 0.00472205737606, 0.000723135832231, 0.000459677510662, 0.000685680599418, 0.000496008316986, 0.00126623129472, 0.000516332976986, 0.000675053917803, 0.000522531627212, 0.000676972907968, 0.000251085642958, 0.000362678256352, 0.000404302874813, 0.000780662172474, 0.000774424173869, 0.000448222737759, 0.000538156542461, 0.00038019780186, 0.00031358434353, 0.00038498750655, 0.000279032712569, 0.000111798915896, 0.000129815467517, 0.000202864510356, 0.000199963324121, 0.000235473038629, 0.000183574607945, 0.000223896742682, 0.000259472697508, 0.000170340092154, 0.000266173097771, 0.000153678338393, 9.38638768275e-05, 7.50332910684e-05, 5.51375378564e-05, 7.08722000127e-05, 7.93100189185e-05, 7.88807592471e-05, 4.15561444242e-05, 4.37062917626e-05, 8.76138874446e-05, 0.000104426406324, 5.65454611205e-05, 2.39066393988e-05, 6.71442830935e-05, 6.43631428829e-05, 5.50521763216e-05, 7.51424813643e-05, 5.06202632096e-05, 5.04412237206e-05, 4.24751706305e-05, 3.57088974852e-05, 2.15518048208e-05, 9.88901410892e-06, 9.52109257923e-06, 4.52238646176e-06, 2.891723625e-06, 2.4384421522e-06, 2.48744913733e-06, 1.16806631922e-06, 1.59891305884e-06, 9.01646842522e-07, 1.07916821435e-06, 6.81216022258e-07, 2.54428783819e-07, 3.54095561761e-08, 4.90763198968e-08, 1.27385337834e-08, 1.42427047933e-09, 1.06333808425e-09, 8.10806366491e-10, 6.28376628509e-10, 4.88491525008e-10, 3.84010989674e-10, 3.10256570435e-10, 2.51258763795e-10, 2.08064940277e-10, 1.78814837937e-10, 1.61136284871e-10],
        "mean": [1.57110571308e-05, 9.03931286302e-05, 0.000268928299192, 0.000394009111915, 0.000287023780402, 0.000237425134401, 0.000194183929125, 0.000244988361374, 0.000223900948185, 0.000142406803207, 0.000129915206344, 0.000119454089145, 8.27787516755e-05, 0.000159890594659, 0.00042250615661, 0.000651092792396, 0.000653832976241, 0.000439480209025, 0.000321843137499, 0.000277617713436, 0.000368061533663, 0.000304085202515, 0.000139772659168, 8.42133376864e-05, 0.000126386454212, 0.000132890505483, 8.7621192506e-05, 0.00011138987611, 9.54787537921e-05, 0.000122981975437, 0.000117742623843, 9.37771983445e-05, 5.29541612195e-05, 7.5310075772e-05, 5.6357072026e-05, 4.14610294683e-05, 4.64029799332e-05, 3.08991002385e-05, 3.48987341567e-05, 3.82827311114e-05, 4.97887194797e-05, 4.62014540972e-05, 5.57792373002e-05, 0.000162420081324, 0.000143345503602, 0.000122695724713, 0.00019246993179, 0.000175750581548, 6.75622868584e-05, 2.89162890112e-05, 1.88087506103e-05, 1.82006606337e-05, 1.43645729622e-05, 1.45847434396e-05, 1.72453801497e-05, 1.09766288006e-05, 9.31102567847e-06, 1.49135375977e-05, 1.08906833702e-05, 1.27066032292e-05, 9.26773191168e-06, 8.00204452389e-06, 9.33447972784e-06, 1.14054573714e-05, 7.81825656304e-06, 8.53486471897e-06, 1.01736022771e-05, 7.23318589735e-06, 4.93715333505e-06, 3.47051945937e-06, 2.68628150479e-06, 3.29699651047e-06, 3.2903576539e-06, 2.82463315671e-06, 2.50401785706e-06, 3.08248513647e-06, 3.63608478438e-06, 2.57676447291e-06, 2.18822833631e-06, 2.95857944366e-06, 2.87242710328e-06, 1.83852841928e-06, 1.30091086703e-06, 1.14275769647e-06, 1.22145172554e-06, 1.30621378958e-06, 1.21778884932e-06, 9.80400386652e-07, 9.60416969065e-07, 1.05704452835e-06, 8.17905061012e-07, 5.77117646117e-07, 4.03509545777e-07, 4.83345900193e-07, 5.63451521884e-07, 5.60299326935e-07, 4.96287213991e-07, 4.46270348675e-07, 3.68085437685e-07, 3.01544844206e-07, 2.21108308551e-07, 1.60627152468e-07, 1.21985920032e-07, 9.45033065136e-08, 7.68138264107e-08, 7.1790424272e-08, 5.88583333183e-08, 5.03504651306e-08, 4.62771438947e-08, 4.1309107246e-08, 3.29113625241e-08, 1.80304020603e-08, 1.05500870262e-08, 1.7983696754e-09, 2.93886776026e-10, 3.08046421704e-10, 9.44846215156e-11, 3.60727441841e-12, 2.99364049175e-12, 2.61040169515e-12, 2.42291538395e-12, 2.30507236562e-12, 2.2130966764e-12, 2.13812040989e-12, 2.0584239608e-12, 1.97618570813e-12, 1.92513734988e-12, 1.90304673062e-12],
        "min": [9.10652092672e-27, 1.70673705326e-25, 2.41506857209e-25, 2.48398173514e-25, 2.04079745991e-25, 3.49842998867e-25, 5.21468859306e-26, 2.64624376733e-25, 1.84130563034e-25, 6.31801854435e-25, 2.98515788721e-25, 8.78076697889e-26, 1.29075935806e-25, 1.90343015226e-25, 3.43682586843e-25, 1.22561929207e-25, 2.76251866001e-25, 3.92422801607e-25, 4.04567315243e-25, 1.10211350312e-25, 3.88686904271e-25, 5.21125310382e-25, 6.12763485349e-25, 3.89494673186e-25, 2.7034692165e-25, 4.25243162353e-25, 3.10338077329e-25, 8.14480543625e-25, 1.72685054116e-25, 6.773493519e-25, 7.11332148494e-25, 6.56272319715e-25, 4.14315910398e-25, 7.31672285986e-25, 8.07444890426e-25, 8.05963212431e-25, 7.88957146251e-25, 7.5863353027e-25, 5.67567376113e-25, 7.45271952169e-25, 8.09175799164e-25, 7.63767387737e-25, 6.33995972435e-25, 6.41133881729e-25, 8.91499794815e-25, 1.21719038726e-24, 1.27097127529e-24, 1.05954126852e-24, 8.51343915118e-25, 5.97804168091e-25, 1.13976122422e-24, 1.31770852292e-24, 7.98257717716e-25, 1.53810787819e-24, 1.71105074191e-24, 9.28116943098e-25, 1.1830306393e-24, 1.65656135817e-24, 8.05305055917e-25, 1.33232128372e-24, 1.30950860963e-24, 1.11406703846e-24, 1.64607148028e-24, 1.59424460071e-24, 1.91172571493e-24, 2.07037550373e-24, 1.34411445843e-24, 1.14046498676e-24, 2.84096343216e-24, 1.80109625601e-24, 1.75528591995e-24, 2.56189718162e-24, 1.80048449438e-24, 1.55952416987e-24, 2.70474687535e-24, 2.77430409402e-24, 2.53040250162e-24, 3.1387353497e-24, 1.67107048237e-24, 1.776906428e-24, 2.38436600705e-24, 2.54095608003e-24, 1.81324688332e-24, 3.31305093e-24, 3.57865369147e-24, 3.11441713457e-24, 2.8809864874e-24, 2.40228675745e-24, 2.30597532118e-24, 1.86070613588e-24, 2.41164836703e-24, 3.69409875178e-24, 3.17437647982e-24, 3.09789858443e-24, 3.2444906343e-24, 3.86245705174e-24, 3.68144581729e-24, 3.60496614696e-24, 3.27256008024e-24, 3.84875650997e-24, 4.38323422795e-24, 3.49261421026e-24, 3.40517331765e-24, 3.53193971524e-24, 3.90973940225e-24, 2.87103106277e-24, 4.84736724685e-24, 3.88387975292e-24, 4.37058760435e-24, 3.96078698586e-24, 4.11673926479e-24, 4.81733886207e-24, 4.56791366561e-24, 4.0453800906e-24, 4.5060638152e-24, 3.77941958071e-24, 3.78603891256e-24, 5.07798244945e-24, 3.45634909115e-24, 3.850528686e-24, 4.1990963433e-24, 5.34242519096e-24, 5.28813972777e-24, 4.04279538784e-24, 4.9159255704e-24, 5.27266109352e-24, 4.93842940545e-24, 4.67399376369e-24],
        "stdev": [3.97912081098e-05, 0.000186691293493, 0.000590004841797, 0.000749551458284, 0.000514454150107, 0.00041752497782, 0.000364768347936, 0.000442768039647, 0.000413957197452, 0.00031027989462, 0.000339505524607, 0.000285998627078, 0.000283026689431, 0.000676877563819, 0.00129235046916, 0.00209268485196, 0.00236203870736, 0.00173467386048, 0.00123330415227, 0.00103685515933, 0.00128774344921, 0.00141074752901, 0.000636107753962, 0.000416280963691, 0.000458642898593, 0.000371837610146, 0.000334732147167, 0.000363760249456, 0.000345133885276, 0.000399779470172, 0.000360354490113, 0.000370913854567, 0.000238271633862, 0.000262278917944, 0.000227163385716, 0.000171543579199, 0.0001700087887, 0.000123806312331, 0.000110736909846, 0.000124026060803, 0.000192405568669, 0.000312523974571, 0.000429806212196, 0.000874964462128, 0.000711551692802, 0.000703570898622, 0.000966256251559, 0.00111432757694, 0.000494289561175, 0.000143476965604, 4.15837967012e-05, 3.3732427255e-05, 3.0855408113e-05, 3.20903418469e-05, 5.08677076141e-05, 2.8576967452e-05, 2.59620719589e-05, 3.14172029903e-05, 2.38951870415e-05, 2.55385475612e-05, 2.37143085542e-05, 2.40919034695e-05, 3.09039569402e-05, 3.91633075196e-05, 2.65783764917e-05, 3.06080146402e-05, 2.83982444671e-05, 2.25910662266e-05, 1.83980137081e-05, 1.28792526084e-05, 7.6157652984e-06, 7.70752922108e-06, 9.92591321847e-06, 8.79183335201e-06, 9.09599384613e-06, 1.11031822598e-05, 1.50163086801e-05, 1.27460616568e-05, 9.10653034225e-06, 1.35253349072e-05, 1.1608432942e-05, 5.8915061345e-06, 4.07566130889e-06, 3.46621936842e-06, 3.88405987906e-06, 4.1128241719e-06, 3.80271421818e-06, 2.74254443866e-06, 2.9631594316e-06, 5.25037285115e-06, 4.23799110649e-06, 2.67387918029e-06, 1.40358804401e-06, 2.5412357445e-06, 3.20407980325e-06, 3.13515988637e-06, 3.45604485119e-06, 2.84566863229e-06, 2.34369690588e-06, 1.91637582247e-06, 1.45058538692e-06, 8.5692988705e-07, 5.04109777921e-07, 3.41431899642e-07, 2.27243177164e-07, 1.78692829422e-07, 1.49424053575e-07, 1.28451958403e-07, 9.45982634448e-08, 8.65530367378e-08, 7.22072286408e-08, 6.45368061214e-08, 4.8318241852e-08, 9.61448876069e-09, 1.62724167474e-09, 2.01883487705e-09, 4.68646066398e-10, 3.26194592171e-11, 2.48962326449e-11, 1.88357697495e-11, 1.48373258124e-11, 1.18448124573e-11, 9.66942758501e-12, 8.18670565367e-12, 7.05489095962e-12, 6.27107827472e-12, 5.77198271817e-12, 5.48713418452e-12]
    },
    "mfcc": {
        "mean": [-796.980163574, 86.7977828979, -16.5535316467, 6.79978179932, -4.47172498703, 2.35794687271, -7.79132938385, 0.502688229084, -1.80509877205, 3.4326736927, 0.96131503582, -1.63396346569, -1.18000710011],
        "cov": [[65493.5195312, 11406.6337891, -2644.81225586, 1062.59594727, -711.639953613, 374.859283447, -908.848754883, 87.5117950439, -131.413375854, 625.670959473, 196.63230896, -334.155761719, -244.413040161], [11406.6337891, 3218.85107422, 252.650253296, 602.187988281, 69.1944656372, 164.155670166, -175.354751587, -28.2348041534, -146.397949219, 61.4181747437, 65.3431243896, -21.0570755005, 25.736574173], [-2644.81225586, 252.650253296, 1293.10656738, 468.853729248, 261.032409668, 96.0045471191, 7.64147901535, -16.5511379242, -114.690704346, -72.2153015137, 11.3100786209, 86.4128036499, 95.7477416992], [1062.59594727, 602.187988281, 468.853729248, 532.076843262, 154.373886108, 112.230026245, -36.5952568054, -9.42603206635, -34.5543746948, 3.85844731331, 25.9329509735, 12.5469617844, 8.44149494171], [-711.639953613, 69.1944656372, 261.032409668, 154.373886108, 169.556930542, 58.0808982849, 15.6469945908, 14.9308786392, 1.45800173283, -16.0607757568, -7.6264629364, -0.469541281462, 18.4695339203], [374.859283447, 164.155670166, 96.0045471191, 112.230026245, 58.0808982849, 170.696228027, 57.2030448914, -0.931967735291, 23.2147064209, 34.4901428223, 23.5601577759, -9.6156873703, -10.1701145172], [-908.848754883, -175.354751587, 7.64147901535, -36.5952568054, 15.6469945908, 57.2030448914, 125.889450073, 33.3145675659, 25.8518257141, 19.3245258331, 8.07941055298, -10.8165025711, -3.33538031578], [87.5117950439, -28.2348041534, -16.5511379242, -9.42603206635, 14.9308786392, -0.931967735291, 33.3145675659, 98.2611694336, 32.0912475586, 10.5046072006, 4.05885696411, -7.36212968826, 2.4826965332], [-131.413375854, -146.397949219, -114.690704346, -34.5543746948, 1.45800173283, 23.2147064209, 25.8518257141, 32.0912475586, 115.40196228, 47.2216300964, 10.9593629837, -28.230009079, -38.1154251099], [625.670959473, 61.4181747437, -72.2153015137, 3.85844731331, -16.0607757568, 34.4901428223, 19.3245258331, 10.5046072006, 47.2216300964, 94.8034591675, 35.5537757874, -24.4896202087, -18.6190738678], [196.63230896, 65.3431243896, 11.3100786209, 25.9329509735, -7.6264629364, 23.5601577759, 8.07941055298, 4.05885696411, 10.9593629837, 35.5537757874, 75.6377792358, 28.9694099426, -7.04277324677], [-334.155761719, -21.0570755005, 86.4128036499, 12.5469617844, -0.469541281462, -9.6156873703, -10.8165025711, -7.36212968826, -28.230009079, -24.4896202087, 28.9694099426, 93.1360092163, 35.5771369934], [-244.413040161, 25.736574173, 95.7477416992, 8.44149494171, 18.4695339203, -10.1701145172, -3.33538031578, 2.4826965332, -38.1154251099, -18.6190738678, -7.04277324677, 35.5771369934, 88.9680938721]],
        "icov": [[8.07475371403e-05, -0.000277268467471, 0.000174311513547, -2.48499836744e-05, 0.000230864083278, -0.000157597271027, 0.000305645080516, -0.000265585491434, 3.16527803079e-05, -0.000267233874183, 0.00023216016416, -9.71648332779e-05, 8.45956747071e-05], [-0.000277268467471, 0.00147449609358, -0.000469243066618, -0.000432540575275, -0.00061506871134, -2.93128887279e-05, -0.000214852771023, 0.000514768064022, 0.000782951305155, 0.000546048104297, -0.00109101308044, 0.000743200245779, -0.000474150088849], [0.000174311513547, -0.000469243066618, 0.00204152567312, -0.00117075862363, -0.00104282528628, -0.000224872070248, 0.000177010006155, -0.000368689477909, 0.00113976094872, -0.00035527269938, 0.000331483257469, -0.000933218514547, -0.000450331193861], [-2.48499836744e-05, -0.000432540575275, -0.00117075862363, 0.00449125142768, -0.00204051914625, -0.00148136506323, 0.00165197986644, -0.000165665711393, 0.000217168199015, -0.000428961997386, -0.000553012650926, -1.47417813423e-05, 0.00117689871695], [0.000230864083278, -0.00061506871134, -0.00104282528628, -0.00204051914625, 0.0120896641165, -0.00265490449965, 0.000758085225243, -0.00216409796849, -0.00251231924631, 0.00202288734727, 0.00149462302215, 0.00162062956952, -0.00177912751678], [-0.000157597271027, -2.93128887279e-05, -0.000224872070248, -0.00148136506323, -0.00265490449965, 0.0111571531743, -0.00660533504561, 0.003491952084, -0.00193085684441, -0.00106124486774, -0.00142167857848, -5.26532676304e-05, 0.000298769882647], [0.000305645080516, -0.000214852771023, 0.000177010006155, 0.00165197986644, 0.000758085225243, -0.00660533504561, 0.0148102212697, -0.00550842797384, 0.00143890676554, -0.00210007443093, 2.85897726826e-06, 0.00112003984395, 8.03674265626e-05], [-0.000265585491434, 0.000514768064022, -0.000368689477909, -0.000165665711393, -0.00216409796849, 0.003491952084, -0.00550842797384, 0.0142146712169, -0.00456331530586, 0.00182344613131, -0.00189053767826, 0.000930394453462, -0.00231586932205], [3.16527803079e-05, 0.000782951305155, 0.00113976094872, 0.000217168199015, -0.00251231924631, -0.00193085684441, 0.00143890676554, -0.00456331530586, 0.0166393965483, -0.00705073261634, 0.000843991176225, -0.000134707428515, 0.00486907316372], [-0.000267233874183, 0.000546048104297, -0.00035527269938, -0.000428961997386, 0.00202288734727, -0.00106124486774, -0.00210007443093, 0.00182344613131, -0.00705073261634, 0.0218340978026, -0.0115485861897, 0.0079577434808, -0.00368757359684], [0.00023216016416, -0.00109101308044, 0.000331483257469, -0.000553012650926, 0.00149462302215, -0.00142167857848, 2.85897726826e-06, -0.00189053767826, 0.000843991176225, -0.0115485861897, 0.024936914444, -0.0124272331595, 0.00511741265655], [-9.71648332779e-05, 0.000743200245779, -0.000933218514547, -1.47417813423e-05, 0.00162062956952, -5.26532676304e-05, 0.00112003984395, 0.000930394453462, -0.000134707428515, 0.0079577434808, -0.0124272331595, 0.0203410666436, -0.00731281656772], [8.45956747071e-05, -0.000474150088849, -0.000450331193861, 0.00117689871695, -0.00177912751678, 0.000298769882647, 8.03674265626e-05, -0.00231586932205, 0.00486907316372, -0.00368757359684, 0.00511741265655, -0.00731281656772, 0.0170973204076]]
    },
    "spectral_contrast_coeffs": {
        "max": [-0.379836767912, -0.356907457113, -0.484723925591, -0.549857795238, -0.610573470592, -0.553613066673],
        "mean": [-0.784285187721, -0.77080309391, -0.79882144928, -0.818486094475, -0.825376093388, -0.801550865173],
        "min": [-0.986195981503, -0.982235968113, -0.975905299187, -0.976634860039, -0.968094587326, -0.965486943722],
        "stdev": [0.111543312669, 0.142292797565, 0.108414307237, 0.0991376489401, 0.0796004012227, 0.094425573945]
    },
    "spectral_contrast_valleys": {
        "max": [-5.55932188034, -4.40565061569, -5.39906311035, -5.95408773422, -5.82532930374, -7.86598110199],
        "mean": [-11.8942108154, -11.4053421021, -11.8004026413, -11.8470888138, -12.0293807983, -14.1541671753],
        "min": [-28.2895851135, -28.1506309509, -28.0036201477, -27.7326850891, -27.57396698, -27.4586772919],
        "stdev": [8.19416904449, 8.37723636627, 8.20571708679, 8.16837882996, 8.07398796082, 6.94963026047]
    }
},
"rhythm": {
    "beats_count": 113,
    "beats_loudness": {
        "max": 0.0754411295056,
        "mean": 0.0172870308161,
        "min": 0,
        "stdev": 0.0181116294116
    },
    "bpm": 154.548828125,
    "bpm_histogram_first_peak_bpm": 157,
    "bpm_histogram_first_peak_weight": 0.162162184715,
    "bpm_histogram_second_peak_bpm": 152,
    "bpm_histogram_second_peak_spread": 0.358974337578,
    "bpm_histogram_second_peak_weight": 0.223214283586,
    "danceability": 0.905075907707,
    "onset_rate": 2.07627940178,
    "beats_loudness_band_ratio": {
        "max": [0.824892103672, 0.909508168697, 0.907335281372, 0.663654565811, 0.826438605785, 0.594792127609],
        "mean": [0.143058359623, 0.138343006372, 0.195663526654, 0.142838597298, 0.155984163284, 0.0445464551449],
        "min": [0, 0, 0, 0, 0, 0],
        "stdev": [0.187907353044, 0.234579563141, 0.224493026733, 0.167241945863, 0.196421161294, 0.0793133080006]
    },
