{
"metadata": {
    "version": {
        "essentia": "2.1-beta5",
        "essentia_git_sha": "Undefined",
        "extractor": "music 2.0"
    },
    "audio_properties": {
        "analysis": {
            "equal_loudness": 0,
            "length": 12.7477550507,
            "sample_rate": 44100,
            "start_time": 0,
            "downmix": "mix"
        },
        "bit_rate": 192000,
        "length": 199.796096802,
        "lossless": 0,
        "number_channels": 2,
        "replay_gain": 7.96816825867,
        "sample_rate": 48000,
        "codec": "mp3",
        "md5_encoded": "c25b4c005b205348a194482d631edbb2"
    },
    "tags": {
        "file_name": "BosniaHerzegovina_Za Našu Ljubav_Amila Glamocak.mp3",
        "encoding": ["Lavf58.29.100"]
    }
},
"lowlevel": {
    "average_loudness": 0.000387109379517,
    "barkbands_crest": {
        "max": 18.8235988617,
        "mean": 6.83269309998,
        "min": 3.36708879471,
        "stdev": 1.45122766495
    },
    "barkbands_flatness_db": {
        "max": 0.209414109588,
        "mean": 0.083063878119,
        "min": 0.0557302124798,
        "stdev": 0.0237064156681
    },
    "barkbands_kurtosis": {
        "max": 9.65724372864,
        "mean": 2.9668982029,
        "min": -1.48174834251,
        "stdev": 1.40638279915
    },
    "barkbands_skewness": {
        "max": 2.46960735321,
        "mean": -1.41580712795,
        "min": -2.43674063683,
        "stdev": 1.01799082756
    },
    "barkbands_spread": {
        "max": 49.9182548523,
        "mean": 24.9341144562,
        "min": 3.46046423912,
        "stdev": 5.55359840393
    },
    "dissonance": {
        "max": 0.499951690435,
        "mean": 0.490935117006,
        "min": 0.429537951946,
        "stdev": 0.00934544485062
    },
    "dynamic_complexity": 6.84858083725,
    "erbbands_crest": {
        "max": 21.5332584381,
        "mean": 4.46532917023,
        "min": 2.59163689613,
        "stdev": 2.9087703228
    },
    "erbbands_flatness_db": {
        "max": 0.303079515696,
        "mean": 0.116373457015,
        "min": 0.0796736329794,
        "stdev": 0.0430772304535
    },
    "erbbands_kurtosis": {
        "max": 7.18400001526,
        "mean": 0.239563927054,
        "min": -1.49763953686,
        "stdev": 0.851363778114
    },
    "erbbands_skewness": {
        "max": 2.34012579918,
        "mean": -0.443776667118,
        "min": -0.955153763294,
        "stdev": 0.54242002964
    },
    "erbbands_spread": {
        "max": 47.5336647034,
        "mean": 34.273765564,
        "min": 6.3692278862,
        "stdev": 6.69605636597
    },
    "hfc": {
        "max": 529.113830566,
        "mean": 8.90655136108,
        "min": 1.06644922218e-16,
        "stdev": 40.7511787415
    },
    "loudness_ebu128": {
        "integrated": -27.0340061188,
        "loudness_range": 15.357503891,
        "momentary": {
            "max": -22.5360641479,
            "mean": -254.335861206,
            "min": -300.691009521,
            "stdev": 100.686012268
        },
        "short_term": {
            "max": -28.9144287109,
            "mean": -243.80291748,
            "min": -300.691009521,
            "stdev": 106.917388916
        }
    },
    "melbands_crest": {
        "max": 20.9372768402,
        "mean": 3.67168974876,
        "min": 1.52072691917,
        "stdev": 3.55222797394
    },
    "melbands_flatness_db": {
        "max": 0.224549904466,
        "mean": 0.0283526964486,
        "min": 0.00243623787537,
        "stdev": 0.0523278638721
    },
    "melbands_kurtosis": {
        "max": 16.4476356506,
        "mean": -0.413087755442,
        "min": -1.42024946213,
        "stdev": 2.35361504555
    },
    "melbands_skewness": {
        "max": 2.93295717239,
        "mean": 0.205198556185,
        "min": -0.353420287371,
        "stdev": 0.546804785728
    },
    "melbands_spread": {
        "max": 167.199905396,
        "mean": 115.361091614,
        "min": 5.99748277664,
        "stdev": 40.5333976746
    },
    "pitch_salience": {
        "max": 0.9486374259,
        "mean": 0.778160154819,
        "min": 0.495242148638,
        "stdev": 0.0444547794759
    },
    "silence_rate_20dB": {
        "max": 1,
        "mean": 0.994545459747,
        "min": 0,
        "stdev": 0.0736532062292
    },
    "silence_rate_30dB": {
        "max": 1,
        "mean": 0.981818199158,
        "min": 0,
        "stdev": 0.133608534932
    },
    "silence_rate_60dB": {
        "max": 1,
        "mean": 0.863636374474,
        "min": 0,
        "stdev": 0.343174487352
    },
    "spectral_centroid": {
        "max": 11910.6748047,
        "mean": 9519.42285156,
        "min": 759.613037109,
        "stdev": 3446.29516602
    },
    "spectral_complexity": {
        "max": 56,
        "mean": 5.01999998093,
        "min": 0,
        "stdev": 13.2869510651
    },
    "spectral_decrease": {
        "max": 2.44574301046e-28,
        "mean": -2.18189177836e-09,
        "min": -1.84770399869e-07,
        "stdev": 1.23870549373e-08
    },
    "spectral_energy": {
        "max": 0.742759823799,
        "mean": 0.00904279667884,
        "min": 9.87306300155e-21,
        "stdev": 0.050263479352
    },
    "spectral_energyband_high": {
        "max": 0.0176385231316,
        "mean": 0.000254323764239,
        "min": 7.04754166045e-21,
        "stdev": 0.00128069752827
    },
    "spectral_energyband_low": {
        "max": 0.0300887506455,
        "mean": 0.000416665745433,
        "min": 1.28757955836e-23,
        "stdev": 0.00229937629774
    },
    "spectral_energyband_middle_high": {
        "max": 0.167986407876,
        "mean": 0.0030989581719,
        "min": 1.03297894843e-21,
        "stdev": 0.0126273464411
    },
    "spectral_energyband_middle_low": {
        "max": 0.590562522411,
        "mean": 0.00541650364175,
        "min": 1.32211396397e-22,
        "stdev": 0.0374266766012
    },
    "spectral_entropy": {
        "max": 9.82714939117,
        "mean": 9.46812915802,
        "min": 7.21021032333,
        "stdev": 0.759216964245
    },
    "spectral_flux": {
        "max": 0.66683191061,
        "mean": 0.0217975173146,
        "min": 6.24564844287e-11,
        "stdev": 0.0739975422621
    },
    "spectral_kurtosis": {
        "max": 8.63859176636,
        "mean": -0.245138049126,
        "min": -1.27911663055,
        "stdev": 2.2878484726
    },
    "spectral_rms": {
        "max": 0.0269192066044,
        "mean": 0.000913736061193,
        "min": 3.10358769934e-12,
        "stdev": 0.00282618589699
    },
    "spectral_rolloff": {
        "max": 19659.8144531,
        "mean": 16076.7275391,
        "min": 775.1953125,
        "stdev": 6130.99316406
    },
    "spectral_skewness": {
        "max": 2.3007338047,
        "mean": 0.249524086714,
        "min": -0.0886709541082,
        "stdev": 0.593014717102
    },
    "spectral_spread": {
        "max": 43064740,
        "mean": 34523428,
        "min": 2734275,
        "stdev": 13693813
    },
    "spectral_strongpeak": {
        "max": 5.76311731339,
        "mean": 0.233964592218,
        "min": 0,
        "stdev": 0.715232849121
    },
    "zerocrossingrate": {
        "max": 0.59130859375,
        "mean": 0.432700634003,
        "min": 0.0400390625,
        "stdev": 0.156071022153
    },
    "barkbands": {
        "max": [0.0012511437526, 0.00613790471107, 0.0235380902886, 0.0135593619198, 0.0487781502306, 0.074002712965, 0.260232388973, 0.262148886919, 0.118321500719, 0.0495568774641, 0.0642994940281, 0.0342395380139, 0.0248733256012, 0.00729599967599, 0.00524686742574, 0.00961681269109, 0.00453844619915, 0.00332048162818, 0.0221214443445, 0.0235252790153, 0.00716165360063, 0.00395529158413, 0.00285805435851, 0.001993608661, 0.000153870903887, 3.85301900678e-05, 8.74590296007e-06],
        "mean": [4.85074315293e-06, 0.000108411695692, 0.000237561820541, 0.000262831163127, 0.000756188645028, 0.000591314805206, 0.0014977499377, 0.00156314868946, 0.000610916409642, 0.000790081277955, 0.000673361588269, 0.000257176783634, 0.000214581872569, 0.000192649677047, 0.000212970335269, 0.000202967334189, 0.000129997628392, 0.000100436460343, 0.00020232697716, 0.000246705050813, 8.39839995024e-05, 4.56674970337e-05, 3.13572272717e-05, 1.85482385859e-05, 5.85745101489e-06, 1.10314374524e-06, 5.99003016077e-08],
        "min": [1.07749648228e-25, 3.33500059026e-24, 3.2616822307e-25, 1.03198401517e-25, 5.32841817673e-24, 6.21254192487e-24, 9.7207684813e-24, 1.33017410294e-24, 1.12658282948e-23, 9.29560558554e-24, 1.15395898502e-23, 8.76988185703e-24, 2.08993818922e-23, 2.32925176659e-23, 3.50314826436e-23, 3.3713936626e-23, 5.6678545324e-23, 6.20726752197e-23, 1.07847130728e-22, 1.35737680374e-22, 2.20783739581e-22, 2.76377657958e-22, 3.69883625595e-22, 5.01009069759e-22, 8.67169928214e-22, 1.21802516855e-21, 1.90057912769e-21],
        "stdev": [6.08269183431e-05, 0.000499226443935, 0.0016735768877, 0.00144633918535, 0.00403013452888, 0.00442173425108, 0.0151281058788, 0.0150082502514, 0.00551591487601, 0.00375306047499, 0.00408031139523, 0.0016353855608, 0.00119998073205, 0.000689117994625, 0.000719731964637, 0.000773515319452, 0.000492060149554, 0.000360651378287, 0.00121050805319, 0.00148038403131, 0.000483922776766, 0.000253609730862, 0.000172636151547, 0.000109980690468, 1.89611928363e-05, 3.92581932829e-06, 5.97086398102e-07]
    },
    "erbbands": {
        "max": [0.03066505678, 2.24291419983, 22.3447303772, 35.9946517944, 70.3491821289, 301.354888916, 170.380340576, 829.575561523, 3013.20166016, 4230.21923828, 5327.07373047, 3747.00634766, 1286.16467285, 2358.01342773, 2739.36645508, 861.375061035, 1065.91638184, 523.670532227, 307.916870117, 377.957733154, 314.365722656, 273.90020752, 182.234344482, 153.385528564, 2020.53564453, 928.660095215, 292.776550293, 215.535797119, 193.189834595, 74.5575790405, 87.2758255005, 73.0254516602, 9.10899543762, 1.97788023949, 0.776881337166, 0.358348846436, 0.0402920469642, 0.0073648262769, 0.00141262938268, 0.000943955557887],
        "mean": [0.000878155929968, 0.0351506695151, 0.250453025103, 0.512757778168, 1.64387357235, 2.66644239426, 3.62417411804, 5.47786331177, 15.7841243744, 28.1007041931, 33.0721282959, 17.5182056427, 15.5610685349, 34.4042549133, 21.3925971985, 9.9038143158, 9.92836284637, 10.5314559937, 10.344037056, 12.0090351105, 9.6177854538, 7.45997047424, 5.702272892, 5.50332355499, 15.9763813019, 9.68533706665, 4.79605484009, 2.75713157654, 1.84782910347, 1.06321823597, 0.862103700638, 0.591691493988, 0.177508786321, 0.0767580270767, 0.0362807698548, 0.010470234789, 0.000807625357993, 7.83215873525e-05, 1.42478465932e-05, 1.19713731692e-05],
        "min": [5.70607389662e-23, 5.02074297038e-22, 1.13395354819e-21, 2.76202291023e-21, 8.3237957195e-21, 1.56802263308e-20, 2.79303963865e-20, 5.94810908956e-20, 9.2319922107e-20, 1.01628702528e-19, 2.09186687386e-19, 2.50727387555e-19, 3.22082210242e-19, 5.78906901189e-19, 7.48232323542e-19, 7.77564303159e-19, 1.27681789896e-18, 1.35871208833e-18, 1.75026682007e-18, 2.64357535272e-18, 3.26401871478e-18, 3.9351078642e-18, 4.25958145359e-18, 5.87077129535e-18, 5.05472453384e-18, 6.76892524523e-18, 8.08905132253e-18, 8.83379759678e-18, 8.75319546353e-18, 9.7025192197e-18, 1.03364323909e-17, 9.61709875938e-18, 8.43006728341e-18, 8.03251435485e-18, 6.12392040924e-18, 3.79854654892e-18, 2.1517548536e-18, 8.50301913336e-19, 2.35519775391e-19, 2.49945902209e-20],
        "stdev": [0.0034394597169, 0.166652873158, 1.61084294319, 2.66200852394, 7.93621444702, 17.8867797852, 18.1485614777, 45.7160682678, 156.706832886, 267.49520874, 324.570587158, 172.20854187, 77.8755569458, 165.715270996, 155.939315796, 50.2697639465, 52.6814079285, 39.6228866577, 35.4904937744, 41.8468894958, 34.4980964661, 27.9866752625, 19.9643630981, 20.2738246918, 106.696311951, 57.2910575867, 26.6204738617, 15.3998613358, 11.2950162888, 5.15599775314, 4.99377155304, 3.94388222694, 0.704309880733, 0.247657611966, 0.119289554656, 0.0356035456061, 0.00334715493955, 0.000552959274501, 0.000104831327917, 6.61002195557e-05]
    },
    "gfcc": {
        "mean": [-1063.26306152, 11.9410820007, -28.5790710449, 2.49470281601, -11.9928846359, 3.34677433968, -5.68061065674, 1.97673249245, -4.18233823776, -0.52630251646, -2.45333456993, -1.12314009666, -0.358341157436],
        "cov": [[214343.765625, 13154.3525391, -29656.3945312, 2905.15234375, -12591.7050781, 3343.59936523, -6011.12792969, 2005.4699707, -4468.67236328, -628.39831543, -2574.46679688, -1276.0201416, -385.007446289], [13154.3525391, 1053.71923828, -1661.07556152, 197.415252686, -726.172363281, 142.182403564, -414.08493042, 94.355140686, -306.070739746, -54.0928001404, -146.193389893, -98.7383422852, -30.7307186127], [-29656.3945312, -1661.07556152, 4313.40722656, -343.868652344, 1789.7199707, -529.452148438, 798.090576172, -305.873626709, 593.693969727, 70.4627380371, 354.889526367, 159.261245728, 44.9566841125], [2905.15234375, 197.415252686, -343.868652344, 100.863288879, -154.724334717, 32.2873191833, -88.8930587769, 14.8330907822, -64.8023529053, -16.9706478119, -35.7662391663, -24.1302471161, -3.79839849472], [-12591.7050781, -726.172363281, 1789.7199707, -154.724334717, 771.947692871, -201.783935547, 336.794036865, -126.291038513, 247.664245605, 28.2263736725, 145.040969849, 70.1958084106, 20.5487327576], [3343.59936523, 142.182403564, -529.452148438, 32.2873191833, -201.783935547, 104.932533264, -84.9766921997, 42.5571327209, -64.4164505005, -8.25783729553, -48.6705436707, -8.98109531403, 1.70536923409], [-6011.12792969, -414.08493042, 798.090576172, -88.8930587769, 336.794036865, -84.9766921997, 195.875427246, -45.3504447937, 136.434783936, 20.5212860107, 75.2677383423, 37.5885429382, 13.8197555542], [2005.4699707, 94.355140686, -305.873626709, 14.8330907822, -126.291038513, 42.5571327209, -45.3504447937, 34.280128479, -34.2933769226, -1.62262904644, -23.8563232422, -8.0661907196, -3.46405768394], [-4468.67236328, -306.070739746, 593.693969727, -64.8023529053, 247.664245605, -64.4164505005, 136.434783936, -34.2933769226, 111.898025513, 22.9092845917, 57.835395813, 27.4312381744, 6.23603725433], [-628.39831543, -54.0928001404, 70.4627380371, -16.9706478119, 28.2263736725, -8.25783729553, 20.5212860107, -1.62262904644, 22.9092845917, 15.6141033173, 11.9513149261, 2.52723574638, -3.44617128372], [-2574.46679688, -146.193389893, 354.889526367, -35.7662391663, 145.040969849, -48.6705436707, 75.2677383423, -23.8563232422, 57.835395813, 11.9513149261, 42.1998138428, 14.4763154984, 3.58498835564], [-1276.0201416, -98.7383422852, 159.261245728, -24.1302471161, 70.1958084106, -8.98109531403, 37.5885429382, -8.0661907196, 27.4312381744, 2.52723574638, 14.4763154984, 18.1968574524, 6.63354063034], [-385.007446289, -30.7307186127, 44.9566841125, -3.79839849472, 20.5487327576, 1.70536923409, 13.8197555542, -3.46405768394, 6.23603725433, -3.44617128372, 3.58498835564, 6.63354063034, 9.48051452637]],
        "icov": [[0.00129435886629, -0.00321620842442, 0.0030867184978, -0.0043913256377, 0.00671165110543, 0.000542451569345, 0.000484361546114, -0.00285249319859, 0.00448961462826, -0.0020642762538, 0.007853070274, -0.0015006698668, 0.00372628937475], [-0.00321620842442, 0.0212903954089, -0.0127548361197, 0.0148570910096, -0.00712975719944, -0.00302659999579, 0.0230314712971, -0.00357684702612, 0.00176288327202, 0.0205432530493, -0.0425672493875, 0.0315229855478, -0.0136977061629], [0.0030867184978, -0.0127548361197, 0.0241680033505, -0.0159598980099, -0.0122292758897, 0.0209131538868, -0.0116496533155, 0.00430571613833, -0.00302734342404, -0.0122219603509, 0.0317675955594, -0.0232018791139, 0.00607929890975], [-0.0043913256377, 0.0148570910096, -0.0159598980099, 0.0383705124259, -0.0111425612122, -0.00760274613276, 0.0147813986987, 0.010815307498, -0.0173864718527, 0.0282886140049, -0.0344713591039, 0.0337570011616, -0.0200613364577], [0.00671165110543, -0.00712975719944, -0.0122292758897, -0.0111425612122, 0.0952043682337, -0.0273701008409, 0.0162673909217, -0.0114594548941, 0.0392457768321, 0.012877359055, 0.0175510309637, 0.0176179390401, 0.0335515663028], [0.000542451569345, -0.00302659999579, 0.0209131538868, -0.00760274613276, -0.0273701008409, 0.0603237971663, -0.00658300332725, -0.00853021629155, -0.0100462874398, -0.0236171670258, 0.0450562350452, -0.0322723612189, -0.0314791947603], [0.000484361546114, 0.0230314712971, -0.0116496533155, 0.0147813986987, 0.0162673909217, -0.00658300332725, 0.104329243302, -0.0451096594334, -0.02285486646, 0.0524558350444, -0.0583015531301, 0.0661251023412, -0.037268076092], [-0.00285249319859, -0.00357684702612, 0.00430571613833, 0.010815307498, -0.0114594548941, -0.00853021629155, -0.0451096594334, 0.129175320268, -0.0224047023803, -0.0118058696389, 0.0145019497722, -0.0385849960148, 0.027768207714], [0.00448961462826, 0.00176288327202, -0.00302734342404, -0.0173864718527, 0.0392457768321, -0.0100462874398, -0.02285486646, -0.0224047023803, 0.144412785769, -0.0681152641773, -0.00771018210799, -0.00108286971226, 0.0212236624211], [-0.0020642762538, 0.0205432530493, -0.0122219603509, 0.0282886140049, 0.012877359055, -0.0236171670258, 0.0524558350444, -0.0118058696389, -0.0681152641773, 0.203730002046, -0.0899890512228, 0.0612380579114, 0.0576486997306], [0.007853070274, -0.0425672493875, 0.0317675955594, -0.0344713591039, 0.0175510309637, 0.0450562350452, -0.0583015531301, 0.0145019497722, -0.00771018210799, -0.0899890512228, 0.225744649768, -0.0792274177074, 0.00305426400155], [-0.0015006698668, 0.0315229855478, -0.0232018791139, 0.0337570011616, 0.0176179390401, -0.0322723612189, 0.0661251023412, -0.0385849960148, -0.00108286971226, 0.0612380579114, -0.0792274177074, 0.214631035924, -0.075330413878], [0.00372628937475, -0.0136977061629, 0.00607929890975, -0.0200613364577, 0.0335515663028, -0.0314791947603, -0.037268076092, 0.027768207714, 0.0212236624211, 0.0576486997306, 0.00305426400155, -0.075330413878, 0.231500536203]]
    },
    "melbands": {
        "max": [0.000879296392668, 0.00804958213121, 0.00570151116699, 0.0108133675531, 0.00628383737057, 0.0179355405271, 0.0513206087053, 0.0489584617317, 0.0347093082964, 0.0213722214103, 0.00551781384274, 0.00942066404969, 0.00976792071015, 0.00458576250821, 0.00121354614384, 0.00250203278847, 0.000777965353336, 0.000564069894608, 0.000441187177785, 0.000714575871825, 0.000294490921078, 0.000315509212669, 0.000154784720507, 0.000181095543667, 0.000120245022117, 0.00080049916869, 0.00201565213501, 0.000291195960017, 0.000204115422093, 0.000233074184507, 0.000105834042188, 0.0001165469439, 5.7661512983e-05, 3.97990152123e-05, 4.7457349865e-05, 6.51436348562e-05, 3.31604969688e-05, 5.49716378373e-06, 2.23160645874e-06, 1.50477569605e-06],
        "mean": [1.81935665751e-05, 0.000100435150671, 0.00013110350119, 0.000149834231706, 0.000131177817821, 0.000125627688249, 0.000263836613158, 0.000323608954204, 0.000237968502915, 9.81138073257e-05, 7.55551154725e-05, 0.000139564741403, 8.31077122712e-05, 3.32963245455e-05, 2.05757260119e-05, 2.22281323659e-05, 1.89401125681e-05, 1.59011469805e-05, 1.6447449525e-05, 1.56542719196e-05, 1.0164007108e-05, 7.85876272857e-06, 5.91320713283e-06, 4.69241285828e-06, 3.94241942558e-06, 8.42278768687e-06, 1.43411634781e-05, 4.51213509223e-06, 3.35986692335e-06, 2.07398647945e-06, 1.40031613682e-06, 1.11705639938e-06, 6.79820630012e-07, 5.71952341488e-07, 4.92498372751e-07, 4.92850915634e-07, 2.97336583799e-07, 1.27554898199e-07, 7.6972597185e-08, 5.97695617444e-08],
        "min": [9.85834740089e-25, 8.6148324294e-25, 7.73791985602e-25, 8.60556725807e-25, 1.05147447551e-24, 1.23483079621e-24, 1.71091624112e-24, 1.20145507739e-24, 1.41295124988e-24, 1.36324827968e-24, 1.57328318595e-24, 1.72693149801e-24, 2.07925117499e-24, 1.01948715188e-24, 1.88745345095e-24, 2.39302296662e-24, 1.90228620534e-24, 2.7258234638e-24, 2.54880366831e-24, 2.3018282794e-24, 2.19930397185e-24, 3.49156029209e-24, 3.2161628364e-24, 3.12236411933e-24, 3.64141862053e-24, 2.87715873707e-24, 3.46701054629e-24, 4.1620632681e-24, 3.93304748099e-24, 4.81579940001e-24, 4.46135117909e-24, 4.19725356423e-24, 5.04040624353e-24, 5.22266348378e-24, 4.93834736391e-24, 4.811693379e-24, 4.9623425405e-24, 5.3313760107e-24, 5.00659329855e-24, 5.26523712354e-24],
        "stdev": [7.95549130999e-05, 0.000592222437263, 0.000623771571554, 0.000852616969496, 0.000651442329399, 0.00104954582639, 0.00267741270363, 0.00301547115669, 0.00228918041103, 0.000972025038209, 0.000363315892173, 0.00066589214839, 0.000567594484892, 0.000228409480769, 8.6464038759e-05, 0.000122416851809, 6.87332067173e-05, 5.54925572942e-05, 5.55117912882e-05, 5.87889153394e-05, 3.67688298866e-05, 3.06687070406e-05, 2.08625988307e-05, 1.77024921868e-05, 1.44159976116e-05, 4.93294246553e-05, 0.000104618935438, 2.38353277382e-05, 1.95829488803e-05, 1.3490423953e-05, 7.69473263063e-06, 6.90264096193e-06, 3.66138101526e-06, 2.77495814771e-06, 2.76174068858e-06, 3.43453530149e-06, 1.87976752386e-06, 4.91679486458e-07, 2.55578498809e-07, 1.94252251617e-07]
    },
    "melbands128": {
        "max": [0.000372174748918, 7.13278786861e-05, 0.000641491904389, 0.00429821386933, 0.0116488682106, 0.0109920799732, 0.008340167813, 0.00916683021933, 0.00986671075225, 0.0176131296903, 0.0240080356598, 0.00910610239953, 0.00655551068485, 0.0080518014729, 0.0154025070369, 0.0321577936411, 0.0368304923177, 0.0834202170372, 0.0743975937366, 0.0698677003384, 0.0535253286362, 0.0920788943768, 0.0315634794533, 0.0119260596111, 0.0340473875403, 0.0211409665644, 0.00307239731774, 0.00592279341072, 0.00584120443091, 0.0106253232807, 0.0114489514381, 0.00781374424696, 0.0154421376064, 0.00995402876288, 0.0076816380024, 0.00281282118522, 0.00229480210692, 0.000707262486685, 0.00301598617807, 0.00237810541876, 0.0031782197766, 0.00110795977525, 0.000762183044571, 0.000662515580188, 0.00070654170122, 0.000667281798087, 0.000796276202891, 0.000721454969607, 0.000643014616799, 0.000957343145274, 0.000926089822315, 0.000557632360142, 0.000436933885794, 0.000319448736263, 0.000502460054122, 0.000483946234453, 0.000398233532906, 0.000193046900677, 0.000153744666022, 0.000142997145304, 0.00025315352832, 0.000370113004465, 0.000152931330376, 0.000189731115825, 0.000224740215344, 0.000595433695707, 0.00126857566647, 0.00322303059511, 0.00198459043168, 0.000896245241165, 0.000155431276653, 0.000205468080821, 0.000372606969904, 0.000232454694924, 0.000181895302376, 0.000284214882413, 0.000255901511991, 8.98228390724e-05, 0.000176383313374, 7.12047039997e-05, 7.87013777881e-05, 0.000205654403544, 8.29884520499e-05, 4.34163848695e-05, 2.64121845248e-05, 2.66872684733e-05, 6.08807677054e-05, 3.58717770723e-05, 6.01849860686e-05, 3.34943506459e-05, 5.74636505917e-05, 7.97701359261e-05, 7.58227834012e-05, 2.77429462585e-05, 1.13651858555e-05, 9.32292732614e-06, 6.9211337177e-06, 3.13561554321e-06, 2.4252494768e-06, 2.47781372309e-06, 2.63048309534e-06, 1.96957466869e-06, 1.1599258869e-06, 1.53798964675e-06, 9.41754933592e-07, 1.3669288137e-06, 9.43272027598e-07, 6.15565227235e-07, 7.81175003794e-07, 6.24767665158e-07, 2.29155517673e-07, 1.92462451309e-07, 1.34734477797e-07, 9.20692855289e-08, 7.98674122393e-08, 6.10536616819e-08, 6.69288553468e-08, 7.02853242274e-08, 4.90624358918e-08, 2.95973912046e-08, 3.21362207956e-08, 4.39307221711e-08, 5.07363075997e-08, 4.51823005676e-08, 4.0457461381e-08, 3.39685364281e-08, 2.47276688015e-08, 3.01120692825e-08],
        "mean": [1.93980713448e-06, 2.194439503e-06, 1.33785333674e-05, 6.91962413839e-05, 0.000128015497467, 0.000108174441266, 7.51426268835e-05, 0.000167640042491, 0.000175910579856, 0.000124210011563, 0.000154981054948, 0.000157934628078, 0.000125963240862, 9.69590473687e-05, 0.000100927827589, 0.000147820624989, 0.000202849725611, 0.000275603088085, 0.000355024414603, 0.000313139491482, 0.000289237475954, 0.00040943940985, 0.000221273192437, 8.41588262119e-05, 0.00013226273586, 8.93962060218e-05, 5.00015594298e-05, 6.99859010638e-05, 9.25095519051e-05, 0.000143736499012, 0.000167908554431, 0.000112220543087, 8.15764069557e-05, 6.01774445386e-05, 3.85898274544e-05, 2.61460045294e-05, 2.27761811402e-05, 1.80626720976e-05, 2.15083473449e-05, 2.2165961127e-05, 2.26887295867e-05, 2.13570037886e-05, 2.05467749765e-05, 1.68740352819e-05, 1.53583678184e-05, 1.46330303323e-05, 1.82580861292e-05, 1.62213254953e-05, 1.53296114149e-05, 1.77093588718e-05, 1.60718827829e-05, 1.37650649776e-05, 1.05771723611e-05, 8.57699706103e-06, 8.70525127539e-06, 7.59548356655e-06, 7.7800177678e-06, 6.37410676063e-06, 5.1944725783e-06, 4.86538738187e-06, 4.79043183077e-06, 4.54380642623e-06, 4.04680667998e-06, 3.44734962709e-06, 4.21873073719e-06, 6.35039532426e-06, 1.12921306936e-05, 1.86949455383e-05, 1.59537703439e-05, 7.78376943344e-06, 3.25463861373e-06, 3.01110367218e-06, 4.84312158733e-06, 3.21087100019e-06, 2.05425976674e-06, 2.44294028562e-06, 1.86624254184e-06, 1.55978614202e-06, 1.38205371059e-06, 1.19245066799e-06, 1.06887569018e-06, 1.28805640998e-06, 8.12134715034e-07, 6.1714979438e-07, 5.27854922439e-07, 5.41173108104e-07, 6.49036849154e-07, 5.07006632233e-07, 5.0015432862e-07, 4.4404382038e-07, 4.81434710764e-07, 5.41393092135e-07, 4.73830368719e-07, 2.97793150139e-07, 1.86945868563e-07, 1.42440285344e-07, 1.24644571997e-07, 9.04860115725e-08, 7.77909434646e-08, 6.87232883934e-08, 6.28080982779e-08, 5.97589249196e-08, 5.42712328411e-08, 4.91719980289e-08, 3.96605805975e-08, 3.631966905e-08, 2.93566468912e-08, 2.2616708506e-08, 1.89574027587e-08, 1.14664508999e-08, 5.65573188283e-09, 1.62625046762e-09, 6.77015388195e-10, 5.67826841102e-10, 4.53119458621e-10, 4.66809091382e-10, 6.31937224771e-10, 3.37990552213e-10, 2.88002788285e-10, 2.1316205745e-10, 1.91232751856e-10, 1.67544339513e-10, 1.893257634e-10, 2.09932127238e-10, 2.04182254437e-10, 1.51021167794e-10, 1.41765266193e-10, 1.61714378e-10],
        "min": [7.2685921141e-26, 2.14284549269e-25, 1.89819827882e-25, 2.5272120523e-25, 2.42605863709e-25, 2.20599824549e-25, 1.41748801359e-25, 3.22533084226e-26, 2.13751205341e-25, 4.13478781066e-25, 1.25159833058e-25, 2.38919516699e-25, 1.34770094058e-25, 3.24323940229e-25, 3.85452796427e-25, 4.30954071573e-25, 6.97628944317e-25, 2.13957443164e-25, 3.17672684159e-25, 4.24758801757e-25, 3.02592153493e-25, 8.61597701727e-26, 4.00880918929e-25, 3.56234645744e-25, 2.82793519709e-25, 5.80406876207e-25, 6.17916472693e-25, 6.22217194437e-25, 7.07281939391e-25, 4.20068727853e-25, 5.17768066281e-25, 1.98386031474e-25, 2.31681175552e-25, 1.11210957873e-24, 3.43310836142e-25, 4.95236769017e-25, 7.16410440571e-25, 7.41650143841e-25, 7.73948525188e-25, 3.23174027548e-25, 9.47014894943e-25, 6.411555261e-25, 1.05138099549e-24, 6.55219289014e-25, 1.05978571679e-24, 6.81982036173e-25, 5.83816924685e-25, 1.5329789018e-24, 5.34717827513e-25, 9.92048203009e-25, 7.65422664436e-25, 8.02897649649e-25, 7.02588364917e-25, 1.15569660894e-24, 1.6309046433e-24, 1.60592674325e-24, 1.38795550184e-24, 1.51362794658e-24, 1.55209428343e-24, 1.23997574704e-24, 1.80452858981e-24, 1.32338171472e-24, 1.95421238278e-24, 1.76341690652e-24, 1.86717834518e-24, 1.72165165197e-24, 1.8437673201e-24, 2.68609997849e-24, 1.7559690735e-24, 2.36614765887e-24, 2.03840356289e-24, 1.67174969161e-24, 2.01166788352e-24, 2.03464542953e-24, 2.04467027392e-24, 2.75222900488e-24, 1.92401991492e-24, 1.86555151678e-24, 3.08794947069e-24, 2.86782868193e-24, 2.22193461628e-24, 2.57332304297e-24, 2.34712881409e-24, 2.3572303752e-24, 2.95750993951e-24, 3.61766207437e-24, 3.12545093205e-24, 2.75474093522e-24, 3.36450359368e-24, 2.34434137409e-24, 2.91483059238e-24, 3.76235257502e-24, 2.93470298466e-24, 2.79407235666e-24, 3.61189392343e-24, 3.55659004081e-24, 2.7531799767e-24, 3.97067338515e-24, 3.68335170524e-24, 4.25891132701e-24, 3.8913400105e-24, 3.81510804249e-24, 3.92329755463e-24, 3.56493342818e-24, 3.44924224326e-24, 4.16675028517e-24, 4.20540723054e-24, 3.92375154408e-24, 2.61300826853e-24, 3.66903900741e-24, 4.07866449877e-24, 5.2299766188e-24, 3.9072959056e-24, 3.88682378182e-24, 4.45606975533e-24, 4.18935706656e-24, 4.67072748511e-24, 5.0868669954e-24, 4.01244002021e-24, 4.99193350191e-24, 4.36145732823e-24, 4.94631209804e-24, 5.13424558694e-24, 5.48253122647e-24, 4.7294581795e-24, 5.06215316653e-24, 3.97690183643e-24, 5.78562065815e-24],
        "stdev": [1.8154778445e-05, 8.32846853882e-06, 6.05776476732e-05, 0.000329535308992, 0.000795636675321, 0.000791131926235, 0.000487988232635, 0.000941919570323, 0.000900800805539, 0.00098123436328, 0.0012595790904, 0.00089012843091, 0.000707260973286, 0.000609288923442, 0.000796814973, 0.00165167474188, 0.00195584981702, 0.00365564459935, 0.00410651462153, 0.00346401054412, 0.00282374629751, 0.00482949009165, 0.00205343146808, 0.000661120633595, 0.00154463853687, 0.000928749854211, 0.000239295259234, 0.000379596429411, 0.000455771310953, 0.000748739112169, 0.00081253767712, 0.000569283380173, 0.000799213594291, 0.000572785618715, 0.000340064172633, 0.000150831430801, 0.000129622974782, 7.08487059455e-05, 0.000140487842145, 0.000122511803056, 0.000148563325638, 9.34646959649e-05, 8.4077786596e-05, 6.13538941252e-05, 6.11147406744e-05, 5.59233849344e-05, 7.58993264753e-05, 5.91516691202e-05, 5.97874422965e-05, 7.55655782996e-05, 6.7758912337e-05, 5.2854167734e-05, 4.21045988332e-05, 3.28945134243e-05, 3.939979797e-05, 3.38233548973e-05, 3.35317017743e-05, 2.41585239564e-05, 1.91905364773e-05, 1.80279530468e-05, 2.01897546503e-05, 2.14419233089e-05, 1.52653865371e-05, 1.40136271511e-05, 1.94602089323e-05, 3.57399767381e-05, 7.28362065274e-05, 0.000153514745762, 0.000116552640975, 5.53714671696e-05, 1.63298318512e-05, 1.55897923833e-05, 3.16362311423e-05, 1.94436415768e-05, 1.16515047921e-05, 1.77622569026e-05, 1.3091488654e-05, 8.52896482684e-06, 9.26628308662e-06, 6.12132089373e-06, 5.92308470004e-06, 1.05577155409e-05, 5.19077184435e-06, 2.99194130093e-06, 2.38186089518e-06, 2.46699914896e-06, 3.61451407116e-06, 2.62631647274e-06, 3.16633850161e-06, 2.39533596869e-06, 3.14643239108e-06, 4.18775061917e-06, 3.78156414627e-06, 1.84827479188e-06, 8.77804438915e-07, 6.10557151504e-07, 4.93825893955e-07, 3.30128983705e-07, 2.69448634072e-07, 2.45217165684e-07, 2.21255191946e-07, 2.06614558351e-07, 1.79079549412e-07, 1.75829597993e-07, 1.35964825176e-07, 1.30992830805e-07, 1.04943246981e-07, 7.84926967867e-08, 6.68837927265e-08, 4.66199843174e-08, 2.30426397962e-08, 1.10658175956e-08, 7.01231561706e-09, 5.48082068619e-09, 4.45384928938e-09, 3.74304409689e-09, 5.14446840683e-09, 3.91679444434e-09, 3.20298254586e-09, 2.26075314025e-09, 2.03685535105e-09, 2.13328266163e-09, 2.4531636722e-09, 2.51382670236e-09, 2.47458475933e-09, 1.81548809319e-09, 1.59578172898e-09, 1.89955340346e-09]
    },
    "mfcc": {
        "mean": [-1163.38989258, 16.2920131683, -6.8607134819, -0.86996036768, -2.49987721443, -0.133006364107, 0.00670497538522, 0.7451171875, 0.0236481055617, 0.812518000603, -1.17223238945, -1.16670501232, -0.174231335521],
        "cov": [[56884.3476562, 8821.92382812, -3484.43066406, -161.648498535, -1325.9954834, -123.083862305, -38.1634788513, 381.544372559, -18.3223800659, 427.162567139, -702.683044434, -619.626281738, -96.6818466187], [8821.92382812, 1627.26086426, -498.997375488, -8.21614837646, -154.384765625, -43.5021934509, 1.07030391693, 29.979259491, -31.7640914917, 50.3970794678, -113.685264587, -125.786300659, 0.0727611705661], [-3484.43066406, -498.997375488, 313.499481201, 82.6018753052, 117.825920105, -3.0867292881, -5.32034873962, -44.7088775635, -18.1236286163, -37.7337150574, 29.9717464447, 32.9742774963, 9.92358112335], [-161.648498535, -8.21614837646, 82.6018753052, 83.2268600464, 34.8676185608, -9.66029548645, -4.73401069641, -19.8508377075, -21.102891922, -7.84605169296, -7.2598938942, -5.68982601166, 3.24020767212], [-1325.9954834, -154.384765625, 117.825920105, 34.8676185608, 83.595161438, 9.88324928284, 3.35826921463, -17.4730415344, -10.0016717911, -22.8286075592, 8.98126506805, -0.260480701923, -0.714703917503], [-123.083862305, -43.5021934509, -3.0867292881, -9.66029548645, 9.88324928284, 21.8304710388, 3.1067044735, 5.4417052269, 6.01705312729, -1.16330206394, -0.493741959333, 0.795771300793, -7.54247331619], [-38.1634788513, 1.07030391693, -5.32034873962, -4.73401069641, 3.35826921463, 3.1067044735, 12.1451969147, 5.80403232574, 1.80346846581, -0.445045292377, -1.78025138378, -5.5247387886, -1.78632891178], [381.544372559, 29.979259491, -44.7088775635, -19.8508377075, -17.4730415344, 5.4417052269, 5.80403232574, 21.1688690186, 10.4530248642, 1.71595466137, -4.55449151993, -4.85666465759, -5.10314893723], [-18.3223800659, -31.7640914917, -18.1236286163, -21.102891922, -10.0016717911, 6.01705312729, 1.80346846581, 10.4530248642, 14.9153375626, 3.24697637558, 2.13816785812, 4.53373670578, -3.82476520538], [427.162567139, 50.3970794678, -37.7337150574, -7.84605169296, -22.8286075592, -1.16330206394, -0.445045292377, 1.71595466137, 3.24697637558, 16.6369304657, 1.39123284817, 1.98332130909, 1.76515305042], [-702.683044434, -113.685264587, 29.9717464447, -7.2598938942, 8.98126506805, -0.493741959333, -1.78025138378, -4.55449151993, 2.13816785812, 1.39123284817, 21.4119796753, 14.4221830368, 3.54902839661], [-619.626281738, -125.786300659, 32.9742774963, -5.68982601166, -0.260480701923, 0.795771300793, -5.5247387886, -4.85666465759, 4.53373670578, 1.98332130909, 14.4221830368, 22.8102474213, 4.2257437706], [-96.6818466187, 0.0727611705661, 9.92358112335, 3.24020767212, -0.714703917503, -7.54247331619, -1.78632891178, -5.10314893723, -3.82476520538, 1.76515305042, 3.54902839661, 4.2257437706, 9.05704021454]],
        "icov": [[0.000689197157044, -0.00253439252265, 0.00311076082289, -0.00382420653477, 0.00134109647479, -0.00118181167636, 0.00349968345836, -0.0040723439306, -0.000477509660413, -0.00266457069665, 0.00464512314647, -0.00386257586069, 0.00315408804454], [-0.00253439252265, 0.0127115994692, -0.00589063763618, 0.0131809161976, -0.00752690481022, 0.00884907972068, -0.00970103126019, 0.0180133376271, 0.00457960506901, 0.00662650680169, -0.00928839761764, 0.0215284433216, -0.0161683242768], [0.00311076082289, -0.00589063763618, 0.0422915071249, -0.031814109534, -0.0105706294999, 0.00738114956766, 0.00791574362665, 0.00337566831149, -0.0103444885463, 0.0077152159065, 0.0281441416591, -0.0321651883423, 0.00518066110089], [-0.00382420653477, 0.0131809161976, -0.031814109534, 0.0583247691393, -0.0170500725508, 0.0203570108861, -0.00446711853147, 0.00575363868847, 0.0428667590022, -0.0203110426664, -0.000927403627429, 0.0218045823276, 0.0032827174291], [0.00134109647479, -0.00752690481022, -0.0105706294999, -0.0170500725508, 0.06457708776, -0.0483274459839, -0.00805796682835, 0.0201187971979, -0.0202606730163, 0.0433392487466, -0.0333696044981, 0.0345439948142, -0.0133890789002], [-0.00118181167636, 0.00884907972068, 0.00738114956766, 0.0203570108861, -0.0483274459839, 0.111753061414, -0.00643314793706, -0.0126341255382, 0.0183088686317, -0.0374306216836, 0.0362230613828, -0.0337364934385, 0.0693802982569], [0.00349968345836, -0.00970103126019, 0.00791574362665, -0.00446711853147, -0.00805796682835, -0.00643314793706, 0.148724302649, -0.0701620131731, 0.0139672691002, -0.0544223859906, 0.031818062067, 0.0314094945788, 0.00355079141445], [-0.0040723439306, 0.0180133376271, 0.00337566831149, 0.00575363868847, 0.0201187971979, -0.0126341255382, -0.0701620131731, 0.177525147796, -0.0874374061823, 0.0850146710873, -0.0423687957227, 0.0494613237679, -0.0320874303579], [-0.000477509660413, 0.00457960506901, -0.0103444885463, 0.0428667590022, -0.0202606730163, 0.0183088686317, 0.0139672691002, -0.0874374061823, 0.203073501587, -0.0658244043589, 0.0332846455276, -0.0458922423422, 0.0649565979838], [-0.00266457069665, 0.00662650680169, 0.0077152159065, -0.0203110426664, 0.0433392487466, -0.0374306216836, -0.0544223859906, 0.0850146710873, -0.0658244043589, 0.187269732356, -0.079950787127, 0.0129970805719, -0.059297978878], [0.00464512314647, -0.00928839761764, 0.0281441416591, -0.000927403627429, -0.0333696044981, 0.0362230613828, 0.031818062067, -0.0423687957227, 0.0332846455276, -0.079950787127, 0.170788541436, -0.0821440815926, 0.0301304161549], [-0.00386257586069, 0.0215284433216, -0.0321651883423, 0.0218045823276, 0.0345439948142, -0.0337364934385, 0.0314094945788, 0.0494613237679, -0.0458922423422, 0.0129970805719, -0.0821440815926, 0.206094741821, -0.0911509022117], [0.00315408804454, -0.0161683242768, 0.00518066110089, 0.0032827174291, -0.0133890789002, 0.0693802982569, 0.00355079141445, -0.0320874303579, 0.0649565979838, -0.059297978878, 0.0301304161549, -0.0911509022117, 0.246411427855]]
    },
    "spectral_contrast_coeffs": {
        "max": [-0.418989688158, -0.465959072113, -0.630846738815, -0.762575984001, -0.638370215893, -0.599107384682],
        "mean": [-0.924409210682, -0.93412399292, -0.928904831409, -0.938705742359, -0.932346284389, -0.927985370159],
        "min": [-0.986793756485, -0.983026146889, -0.979371249676, -0.975769996643, -0.968646228313, -0.966182053089],
        "stdev": [0.0967938527465, 0.073767952621, 0.0760270282626, 0.0533645525575, 0.0660326108336, 0.0755514502525]
    },
    "spectral_contrast_valleys": {
        "max": [-5.05768585205, -3.92779898643, -4.62853574753, -5.46277666092, -5.59435892105, -8.91319942474],
        "mean": [-24.0725059509, -23.849439621, -23.8799877167, -23.9021263123, -23.987909317, -24.4660644531],
        "min": [-28.3729743958, -28.0419235229, -28.177438736, -27.8177528381, -27.6237869263, -27.4694023132],
        "stdev": [7.18986177444, 7.6072010994, 7.64604043961, 7.53532934189, 7.41174030304, 6.33285951614]
    }
},
"rhythm": {
    "beats_count": 31,
    "beats_loudness": {
        "max": 0.159125715494,
        "mean": 0.00719194533303,
        "min": 0,
        "stdev": 0.0285814143717
    },
    "bpm": 144.067398071,
    "bpm_histogram_first_peak_bpm": 144,
    "bpm_histogram_first_peak_weight": 0.125000059605,
    "bpm_histogram_second_peak_bpm": 157,
    "bpm_histogram_second_peak_spread": 0.5,
    "bpm_histogram_second_peak_weight": 0.133333340287,
    "danceability": 1.15488839149,
    "onset_rate": 0.862111866474,
    "beats_loudness_band_ratio": {
        "max": [0.0858115851879, 0.0421015098691, 0.659939646721, 0.791296422482, 0.163646996021, 0.410040944815],
        "mean": [0.00341692217626, 0.00302001694217, 0.0372518636286, 0.0818101093173, 0.0190349593759, 0.0186902880669],
        "min": [0, 0, 0, 0, 0, 0],
        "stdev": [0.0152248879895, 0.00988022424281, 0.12336691469, 0.217705696821, 0.0457374863327, 0.0733058154583]
    },
    "beats_position": [0.406349211931, 0.824308395386, 1.24226760864, 1.66022670269, 2.07818579674, 2.49614500999, 2.91410422325, 3.29723358154, 3.68036270142, 4.06349182129, 4.446621418, 4.81814050674, 5.18965959549, 5.56117916107, 5.93269824982, 6.29260778427, 6.65251684189, 7.01242637634, 7.4303855896, 7.84834432602, 8.26630401611, 8.67265319824, 9.0906124115, 9.50857162476, 9.92653083801, 10.3444900513, 10.7624483109, 11.1687984467, 11.5635375977, 11.9582767487, 12.3530158997],
