{
"metadata": {
    "version": {
        "essentia": "2.1-beta5",
        "essentia_git_sha": "Undefined",
        "extractor": "music 2.0"
    },
    "audio_properties": {
        "analysis": {
            "equal_loudness": 0,
            "length": 24.8685722351,
            "sample_rate": 44100,
            "start_time": 158.987030029,
            "downmix": "mix"
        },
        "bit_rate": 192000,
        "length": 183.878814697,
        "lossless": 0,
        "number_channels": 2,
        "replay_gain": -15.9503545761,
        "sample_rate": 44100,
        "codec": "mp3",
        "md5_encoded": "5e8380f2f8c06163108b3ef8c6d54165"
    },
    "tags": {
        "file_name": "Sweden_Den Vilda_One More Time.mp3",
        "encoding": ["Lavf58.29.100"]
    }
},
"lowlevel": {
    "average_loudness": 0.927635848522,
    "barkbands_crest": {
        "max": 26.2685451508,
        "mean": 10.0171098709,
        "min": 2.94459033012,
        "stdev": 4.85587120056
    },
    "barkbands_flatness_db": {
        "max": 0.414211422205,
        "mean": 0.183956637979,
        "min": 0.0599944330752,
        "stdev": 0.0634159222245
    },
    "barkbands_kurtosis": {
        "max": 248.219192505,
        "mean": 5.44068908691,
        "min": -1.34023404121,
        "stdev": 13.5135145187
    },
    "barkbands_skewness": {
        "max": 13.7060728073,
        "mean": 1.42588555813,
        "min": -2.31436395645,
        "stdev": 1.39148819447
    },
    "barkbands_spread": {
        "max": 36.1960449219,
        "mean": 12.7885665894,
        "min": 0.38924318552,
        "stdev": 7.10334730148
    },
    "dissonance": {
        "max": 0.500000059605,
        "mean": 0.448089271784,
        "min": 0.293946444988,
        "stdev": 0.0395990945399
    },
    "dynamic_complexity": 3.04448676109,
    "erbbands_crest": {
        "max": 26.7296543121,
        "mean": 9.73178005219,
        "min": 2.83614087105,
        "stdev": 4.37815666199
    },
    "erbbands_flatness_db": {
        "max": 0.354197800159,
        "mean": 0.229596868157,
        "min": 0.0865864679217,
        "stdev": 0.0449314042926
    },
    "erbbands_kurtosis": {
        "max": 35.3446044922,
        "mean": 1.32787036896,
        "min": -1.48641693592,
        "stdev": 3.39364981651
    },
    "erbbands_skewness": {
        "max": 5.37640857697,
        "mean": 0.738479435444,
        "min": -0.953648328781,
        "stdev": 0.858109235764
    },
    "erbbands_spread": {
        "max": 52.6652603149,
        "mean": 22.2672042847,
        "min": 4.21007633209,
        "stdev": 7.95130395889
    },
    "hfc": {
        "max": 59.5799980164,
        "mean": 20.3863830566,
        "min": 1.12649068942e-16,
        "stdev": 11.4204368591
    },
    "loudness_ebu128": {
        "integrated": -7.51773452759,
        "loudness_range": 5.3965382576,
        "momentary": {
            "max": -4.99816083908,
            "mean": -11.6420145035,
            "min": -300.691009521,
            "stdev": 29.5279369354
        },
        "short_term": {
            "max": -5.56296777725,
            "mean": -8.06221103668,
            "min": -12.9406471252,
            "stdev": 2.01810908318
        }
    },
    "melbands_crest": {
        "max": 28.9924163818,
        "mean": 11.9851799011,
        "min": 1.61630272865,
        "stdev": 5.14201402664
    },
    "melbands_flatness_db": {
        "max": 0.471587926149,
        "mean": 0.215316742659,
        "min": 0.00313205760904,
        "stdev": 0.0787694081664
    },
    "melbands_kurtosis": {
        "max": 153.261245728,
        "mean": 7.99929857254,
        "min": -1.47755146027,
        "stdev": 13.3154191971
    },
    "melbands_skewness": {
        "max": 7.68892669678,
        "mean": 1.82807815075,
        "min": -0.195482045412,
        "stdev": 1.11193394661
    },
    "melbands_spread": {
        "max": 180.422058105,
        "mean": 19.496679306,
        "min": 0.570306777954,
        "stdev": 21.052324295
    },
    "pitch_salience": {
        "max": 0.843906342983,
        "mean": 0.592948496342,
        "min": 0.127957612276,
        "stdev": 0.125049650669
    },
    "silence_rate_20dB": {
        "max": 1,
        "mean": 1,
        "min": 1,
        "stdev": 0
    },
    "silence_rate_30dB": {
        "max": 1,
        "mean": 1,
        "min": 1,
        "stdev": 0
    },
    "silence_rate_60dB": {
        "max": 1,
        "mean": 0.0559701509774,
        "min": 0,
        "stdev": 0.229863479733
    },
    "spectral_centroid": {
        "max": 11718.8896484,
        "mean": 1279.56347656,
        "min": 270.452362061,
        "stdev": 1619.85180664
    },
    "spectral_complexity": {
        "max": 43,
        "mean": 21.2378730774,
        "min": 0,
        "stdev": 10.0372552872
    },
    "spectral_decrease": {
        "max": 1.47991646748e-28,
        "mean": -7.19894766021e-09,
        "min": -1.99303578086e-08,
        "stdev": 4.05089561895e-09
    },
    "spectral_energy": {
        "max": 0.0790662392974,
        "mean": 0.0290196016431,
        "min": 1.00897520103e-20,
        "stdev": 0.0160608440638
    },
    "spectral_energyband_high": {
        "max": 0.00288678775541,
        "mean": 0.000230096149608,
        "min": 7.32228436947e-21,
        "stdev": 0.000271837867331
    },
    "spectral_energyband_low": {
        "max": 0.0355358794332,
        "mean": 0.00332664535381,
        "min": 1.46576004434e-23,
        "stdev": 0.00483731226996
    },
    "spectral_energyband_middle_high": {
        "max": 0.0306685268879,
        "mean": 0.00747225806117,
        "min": 1.11397216847e-21,
        "stdev": 0.00554879475385
    },
    "spectral_energyband_middle_low": {
        "max": 0.0601806119084,
        "mean": 0.0186576526612,
        "min": 1.80307412751e-22,
        "stdev": 0.0124038439244
    },
    "spectral_entropy": {
        "max": 9.81682872772,
        "mean": 7.21507787704,
        "min": 5.00709342957,
        "stdev": 0.69573622942
    },
    "spectral_flux": {
        "max": 0.171560958028,
        "mean": 0.0781590417027,
        "min": 6.47915956997e-11,
        "stdev": 0.0298653226346
    },
    "spectral_kurtosis": {
        "max": 34.0353507996,
        "mean": 8.11547756195,
        "min": -1.25882267952,
        "stdev": 5.58252906799
    },
    "spectral_rms": {
        "max": 0.0087828123942,
        "mean": 0.00503413332626,
        "min": 3.13746077729e-12,
        "stdev": 0.0017231622478
    },
    "spectral_rolloff": {
        "max": 19444.4824219,
        "mean": 1628.56970215,
        "min": 279.931640625,
        "stdev": 2874.38305664
    },
    "spectral_skewness": {
        "max": 4.55757379532,
        "mean": 1.96844232082,
        "min": -0.0790579169989,
        "stdev": 0.702425122261
    },
    "spectral_spread": {
        "max": 42649588,
        "mean": 3874571.25,
        "min": 1674721,
        "stdev": 5840879
    },
    "spectral_strongpeak": {
        "max": 7.36335229874,
        "mean": 1.29436779022,
        "min": 0,
        "stdev": 0.942967951298
    },
    "zerocrossingrate": {
        "max": 0.5205078125,
        "mean": 0.0564383901656,
        "min": 0.01171875,
        "stdev": 0.0751195028424
    },
    "barkbands": {
        "max": [0.00241465121508, 0.0172979738563, 0.0174138732255, 0.00871412083507, 0.0420672856271, 0.0444065406919, 0.0226177144796, 0.0339093394578, 0.0190796777606, 0.0128436721861, 0.00890087056905, 0.0130171682686, 0.0209397282451, 0.00895016267896, 0.00651569664478, 0.00549621600658, 0.00577765097842, 0.0042452281341, 0.00238351058215, 0.00141558866017, 0.000586936948821, 0.00039301495417, 0.000532055506483, 0.00111911166459, 0.000945761799812, 0.000101840007119, 8.60139243741e-06],
        "mean": [0.00016679536202, 0.00186606682837, 0.00104262377135, 0.000690717250109, 0.00551690347493, 0.00434127636254, 0.00208798260428, 0.00370140816085, 0.00154164980631, 0.00176170712803, 0.0010511779692, 0.000792493112385, 0.00114172964823, 0.000745300261769, 0.00066493707709, 0.000494907435495, 0.000534222752322, 0.000316064571962, 0.000265939917881, 0.000133091481985, 5.46798110008e-05, 3.72110480384e-05, 3.40235346812e-05, 2.32817747019e-05, 1.13671085273e-05, 2.05875880965e-06, 9.3617726904e-09],
        "min": [1.34862043192e-24, 2.50651007417e-24, 3.58426525352e-24, 4.77891778611e-24, 1.68545212665e-23, 1.27232819494e-23, 9.52775788362e-24, 1.34855061773e-23, 1.33255646287e-23, 3.19930965147e-23, 2.3043832421e-23, 4.05155363716e-23, 4.23146093966e-23, 2.92098848005e-23, 4.31830064137e-23, 5.10834357577e-23, 1.05281407965e-22, 9.16726233389e-23, 1.18766455025e-22, 1.91392801736e-22, 2.4856711774e-22, 3.23083398475e-22, 4.62239673846e-22, 6.42736501567e-22, 8.41708224496e-22, 1.41419834115e-21, 2.08626441349e-21],
        "stdev": [0.000334173615556, 0.00287720724009, 0.00183640944306, 0.00115068280138, 0.00641095126048, 0.00650309445336, 0.00315674114972, 0.00504193967208, 0.00206930818968, 0.00189167039935, 0.00128142023459, 0.00119448336773, 0.00194757326972, 0.000953518610913, 0.000778835907113, 0.000625917862635, 0.000720607000403, 0.000383010512451, 0.000267788738711, 0.000179061273229, 6.54106697766e-05, 4.30594009231e-05, 4.80130547658e-05, 5.92893884459e-05, 4.8669793614e-05, 6.92946832714e-06, 2.62609205492e-07]
    },
    "erbbands": {
        "max": [0.589361786842, 5.04919624329, 22.4258995056, 20.1028556824, 102.685661316, 174.425338745, 207.951660156, 576.880737305, 359.761657715, 718.026000977, 315.824432373, 525.546020508, 433.05368042, 379.438232422, 487.468383789, 652.726196289, 1098.89221191, 364.240325928, 327.449737549, 282.746063232, 422.201416016, 228.081939697, 251.238220215, 132.662185669, 102.570220947, 74.2723312378, 42.4343795776, 14.959069252, 14.3392715454, 17.0056056976, 12.9507360458, 9.55998706818, 28.6157283783, 15.573102951, 3.09992051125, 0.807697176933, 0.123463831842, 0.00530015630648, 0.00122350978199, 0.000134933638037],
        "mean": [0.0554025620222, 0.407557368279, 1.23229396343, 1.7649564743, 7.18748092651, 20.4711990356, 25.5890331268, 46.9094467163, 28.5391235352, 74.7967605591, 44.7988815308, 39.9585876465, 54.466003418, 40.1818847656, 47.8868713379, 37.4116516113, 57.8266944885, 38.1788291931, 37.9005126953, 32.378112793, 27.9636993408, 26.2484207153, 18.7432174683, 15.2069301605, 10.8823051453, 6.73716259003, 3.3395717144, 1.72137665749, 1.28267991543, 1.16072642803, 0.916963517666, 0.504803001881, 0.39452162385, 0.170489728451, 0.0591963939369, 0.0181529857218, 0.00163251173217, 5.05693969899e-05, 1.89542497537e-05, 3.43786014128e-05],
        "min": [1.52769540728e-22, 3.37453995543e-22, 5.27210914332e-21, 1.31789767535e-20, 2.53668893512e-20, 5.43976459788e-20, 1.13598884871e-19, 7.59923849416e-20, 1.28806212692e-19, 2.15324096112e-19, 2.70756066823e-19, 3.092245148e-19, 9.13041546546e-19, 9.06048768442e-19, 1.04604412403e-18, 1.46421566673e-18, 1.82853258168e-18, 1.80381249587e-18, 2.55266613545e-18, 2.32756485497e-18, 4.77750901361e-18, 5.44657115695e-18, 5.28819584814e-18, 6.27318970027e-18, 5.88196428981e-18, 7.88438119639e-18, 9.55677165013e-18, 1.03650189256e-17, 1.23728906748e-17, 1.08782803598e-17, 1.33363046255e-17, 1.2417714765e-17, 1.114491624e-17, 8.6215686942e-18, 6.20413624915e-18, 4.60899908795e-18, 2.53867995886e-18, 9.75640920943e-19, 2.51208987617e-19, 2.81922669051e-20],
        "stdev": [0.0835160464048, 0.675229609013, 2.15748262405, 2.69274163246, 12.4603176117, 25.9259357452, 29.4701709747, 77.3630981445, 42.0348205566, 101.682640076, 49.3867340088, 52.1344642639, 59.6681098938, 50.0792160034, 60.7943725586, 56.894241333, 102.203056335, 42.9509963989, 40.9295272827, 41.2697257996, 34.2614326477, 31.9536628723, 21.824174881, 15.3765487671, 12.3707799911, 8.8249540329, 4.26949691772, 1.96562063694, 1.52992558479, 1.54029119015, 1.27381765842, 0.766182303429, 1.42742323875, 0.794409632683, 0.201429605484, 0.0556122623384, 0.00691973790526, 0.000240033579757, 3.89100823668e-05, 1.88028607226e-05]
    },
    "gfcc": {
        "mean": [-59.5170478821, 126.922447205, -160.855743408, 14.8350896835, -72.9924621582, 0.629198551178, -43.6797523499, -0.941508114338, -14.683549881, -10.6347093582, 0.495844602585, -8.82371997833, -0.321785271168],
        "cov": [[43643.9570312, 3539.68920898, -5471.23291016, 1140.27478027, -1805.2520752, 701.894775391, -964.219482422, 631.362792969, -595.807861328, 99.9368286133, -210.095001221, -249.022232056, -182.689056396], [3539.68920898, 2376.27709961, 359.38394165, 579.308227539, 35.4273872375, -360.476776123, -76.7762756348, -405.266723633, 154.477554321, -199.89239502, 432.341156006, -103.710426331, 75.6514892578], [-5471.23291016, 359.38394165, 1442.37231445, 264.721343994, 360.282836914, -173.420211792, 116.881446838, -226.784317017, 162.294418335, -63.1825332642, 201.755996704, 22.1545009613, 4.9922375679], [1140.27478027, 579.308227539, 264.721343994, 464.142272949, 221.72428894, 44.9849128723, 96.1731796265, -5.98558473587, 71.1176986694, 45.8341751099, 105.426330566, -4.02407693863, -12.0265083313], [-1805.2520752, 35.4273872375, 360.282836914, 221.72428894, 469.704528809, 97.2693634033, 233.229598999, 82.9583358765, 68.9323806763, 144.360824585, 8.58358192444, 27.964597702, -9.85474777222], [701.894775391, -360.476776123, -173.420211792, 44.9849128723, 97.2693634033, 247.186386108, 102.033248901, 197.727172852, -29.8873596191, 117.879936218, -96.0448684692, 19.9520645142, -31.4727649689], [-964.219482422, -76.7762756348, 116.881446838, 96.1731796265, 233.229598999, 102.033248901, 230.714813232, 118.795707703, 28.314622879, 95.1815109253, -4.70384979248, 9.54483795166, -8.73585987091], [631.362792969, -405.266723633, -226.784317017, -5.98558473587, 82.9583358765, 197.727172852, 118.795707703, 263.89730835, -20.787902832, 135.455047607, -105.623672485, 15.2827215195, -33.6540298462], [-595.807861328, 154.477554321, 162.294418335, 71.1176986694, 68.9323806763, -29.8873596191, 28.314622879, -20.787902832, 94.7539901733, 14.5914459229, 58.4760665894, -6.01801490784, 12.5176057816], [99.9368286133, -199.89239502, -63.1825332642, 45.8341751099, 144.360824585, 117.879936218, 95.1815109253, 135.455047607, 14.5914459229, 161.674850464, -42.732837677, 20.8887653351, -22.6489963531], [-210.095001221, 432.341156006, 201.755996704, 105.426330566, 8.58358192444, -96.0448684692, -4.70384979248, -105.623672485, 58.4760665894, -42.732837677, 186.477508545, -10.9779453278, 27.9324073792], [-249.022232056, -103.710426331, 22.1545009613, -4.02407693863, 27.964597702, 19.9520645142, 9.54483795166, 15.2827215195, -6.01801490784, 20.8887653351, -10.9779453278, 53.3439865112, 12.4890184402], [-182.689056396, 75.6514892578, 4.9922375679, -12.0265083313, -9.85474777222, -31.4727649689, -8.73585987091, -33.6540298462, 12.5176057816, -22.6489963531, 27.9324073792, 12.4890184402, 58.7263755798]],
        "icov": [[0.000616328965407, -0.00162821065169, 0.00163789722137, -0.00201670499519, 0.00207055802457, -0.00145935406908, 0.00183511537034, -0.00152592803352, 0.00170355185401, -0.00134854461066, 0.00109538575634, -0.000889472605195, 0.00121136929374], [-0.00162821065169, 0.00600280379876, -0.00369045743719, 0.00323140015826, -0.00581945106387, 0.00539315724745, -0.0048799472861, 0.00485221622512, -0.00468708667904, 0.00426161522046, -0.0046453634277, 0.00411695754156, -0.00387738784775], [0.00163789722137, -0.00369045743719, 0.00615431275219, -0.00607205787674, 0.00400096317753, -0.00307409325615, 0.00452919304371, -0.00277047557756, 0.0028805276379, -0.00185187894385, 0.00172933377326, -0.00320714013651, 0.0047239609994], [-0.00201670499519, 0.00323140015826, -0.00607205787674, 0.0129349986091, -0.00824276451021, 0.000960146076977, -0.00530978338793, 0.00457566836849, -0.00634226063266, 0.00431475508958, -0.00387578480877, 0.00116086669732, -0.00169506750535], [0.00207055802457, -0.00581945106387, 0.00400096317753, -0.00824276451021, 0.0151688400656, -0.00529098510742, 0.000525792886037, -0.00299989897758, 0.00521991448477, -0.00990447495133, 0.00648404750973, -0.00399592891335, 0.0028119161725], [-0.00145935406908, 0.00539315724745, -0.00307409325615, 0.000960146076977, -0.00529098510742, 0.0171864256263, -0.00512264622375, -0.00236303173006, -0.00159024831373, 0.00213644490577, -0.0021516403649, 0.00223044422455, -0.00311085116118], [0.00183511537034, -0.0048799472861, 0.00452919304371, -0.00530978338793, 0.000525792886037, -0.00512264622375, 0.0176244899631, -0.00991310086101, 0.0058220224455, -0.0026074484922, 0.000854160985909, -0.000553631747607, 0.00227138982154], [-0.00152592803352, 0.00485221622512, -0.00277047557756, 0.00457566836849, -0.00299989897758, -0.00236303173006, -0.00991310086101, 0.0194898638874, -0.00637267529964, -0.00169920444023, -0.000894653610885, 0.00252108369023, -0.00130809366237], [0.00170355185401, -0.00468708667904, 0.0028805276379, -0.00634226063266, 0.00521991448477, -0.00159024831373, 0.0058220224455, -0.00637267529964, 0.0227693580091, -0.00796991866082, 7.10988315404e-05, 0.00182010070421, -0.00131644948851], [-0.00134854461066, 0.00426161522046, -0.00185187894385, 0.00431475508958, -0.00990447495133, 0.00213644490577, -0.0026074484922, -0.00169920444023, -0.00796991866082, 0.0205941740423, -0.00443867733702, -0.00182463636156, 0.00161796947941], [0.00109538575634, -0.0046453634277, 0.00172933377326, -0.00387578480877, 0.00648404750973, -0.0021516403649, 0.000854160985909, -0.000894653610885, 7.10988315404e-05, -0.00443867733702, 0.0146182132885, -0.0026370792184, -0.000118804528029], [-0.000889472605195, 0.00411695754156, -0.00320714013651, 0.00116086669732, -0.00399592891335, 0.00223044422455, -0.000553631747607, 0.00252108369023, 0.00182010070421, -0.00182463636156, -0.0026370792184, 0.0277014486492, -0.011401431635], [0.00121136929374, -0.00387738784775, 0.0047239609994, -0.00169506750535, 0.0028119161725, -0.00311085116118, 0.00227138982154, -0.00130809366237, -0.00131644948851, 0.00161796947941, -0.000118804528029, -0.011401431635, 0.0268214084208]]
    },
    "melbands": {
        "max": [0.00416075298563, 0.00963808316737, 0.00445524603128, 0.00813093036413, 0.00872229691595, 0.01098838076, 0.00474376697093, 0.00733291264623, 0.00212248973548, 0.00364226847887, 0.00214542727917, 0.00158282963093, 0.00128959561698, 0.00108645402361, 0.00181034754496, 0.00155984854791, 0.000850708398502, 0.000471025326988, 0.000396900635678, 0.00045385863632, 0.000542371417396, 0.000337913865224, 0.00059216626687, 0.000107727122668, 0.000122268873383, 0.000107819498226, 4.4345499191e-05, 6.16362376604e-05, 3.91645116906e-05, 1.93984888028e-05, 9.07020421437e-06, 8.74957004271e-06, 6.89313446856e-06, 1.12240140879e-05, 8.01447549748e-06, 6.05664672548e-06, 5.215508736e-06, 2.33257596847e-05, 2.04395073524e-05, 1.10674245661e-05],
        "mean": [0.000501739734318, 0.000599727965891, 0.000456230947748, 0.000939980032854, 0.001048266422, 0.000959544267971, 0.000417429691879, 0.000889090821147, 0.000313814263791, 0.000246720737778, 0.000269531068625, 0.000162251119036, 0.000150302861584, 0.000101884099422, 0.000117382260214, 0.000101370271295, 7.01315439073e-05, 6.16781180725e-05, 4.64735203423e-05, 3.95255774492e-05, 3.25381552102e-05, 2.85904770863e-05, 2.36778214457e-05, 1.30346406877e-05, 1.23367681226e-05, 9.1585698101e-06, 5.45610009794e-06, 4.26225960837e-06, 2.28652788792e-06, 1.35666653023e-06, 9.07961293706e-07, 7.62209083405e-07, 6.23157291102e-07, 6.62917102545e-07, 5.74446573864e-07, 3.79643608994e-07, 2.72912927812e-07, 3.04225892478e-07, 1.97987432671e-07, 1.24438869875e-07],
        "min": [1.06661094134e-24, 2.16820963876e-24, 3.10237813108e-24, 3.47766411281e-24, 3.27602357405e-24, 1.80363816306e-24, 2.01256856546e-24, 2.42608254944e-24, 1.70602017591e-24, 1.91429720426e-24, 4.10746738815e-24, 2.93822544582e-24, 3.50927100827e-24, 3.61014777982e-24, 3.88125008509e-24, 3.17557515397e-24, 2.84733723106e-24, 4.16372776461e-24, 3.15684700443e-24, 3.2388189216e-24, 6.27493963918e-24, 5.85049342355e-24, 4.40762501828e-24, 5.26865565227e-24, 4.71615956236e-24, 4.29814059096e-24, 4.76026083127e-24, 4.47308311847e-24, 5.23307368671e-24, 4.86450919432e-24, 6.6616416215e-24, 7.06159488931e-24, 5.50052356599e-24, 5.41049284303e-24, 7.13390030216e-24, 6.63738888183e-24, 5.62531307816e-24, 6.33138184809e-24, 6.65288605431e-24, 6.73815008525e-24],
        "stdev": [0.000740725197829, 0.000998946721666, 0.000682409154251, 0.0010762399761, 0.00123226677533, 0.0015329932794, 0.000606268178672, 0.00120394071564, 0.000325860077282, 0.000339582824381, 0.000300330430036, 0.000216199376155, 0.000182114425115, 0.000132712710183, 0.000176592933713, 0.000156605499797, 8.8929249614e-05, 7.04962221789e-05, 5.66177841392e-05, 5.19210552739e-05, 4.36188674939e-05, 3.98669217248e-05, 3.75809831894e-05, 1.53634446178e-05, 1.32912955451e-05, 1.08643289423e-05, 6.14322470938e-06, 6.44674037176e-06, 3.49425272361e-06, 1.8190252149e-06, 1.11748795462e-06, 9.50564981395e-07, 7.87858994045e-07, 9.53967855821e-07, 8.11659958799e-07, 5.8067791997e-07, 4.29773933774e-07, 1.05342530787e-06, 9.41239591157e-07, 5.9243279793e-07]
    },
    "melbands128": {
        "max": [0.00213330145925, 0.00544966291636, 0.00535190990195, 0.0104478867725, 0.0139974039048, 0.00640294048935, 0.00512652006, 0.00544200092554, 0.0146441319957, 0.0140061061829, 0.01071033068, 0.0191460065544, 0.0106277512386, 0.0153828561306, 0.0198608469218, 0.0116023635492, 0.0115564204752, 0.00648496579379, 0.00439383182675, 0.0138815650716, 0.0146557977423, 0.00444203848019, 0.0036313617602, 0.00264223362319, 0.00509605789557, 0.00621268944815, 0.00322033255361, 0.00430560996756, 0.00372847891413, 0.00239021517336, 0.00240131816827, 0.00244657369331, 0.00246251863427, 0.00375582184643, 0.00137383642141, 0.00148470560089, 0.00413550529629, 0.00104701926466, 0.00492203515023, 0.00405588047579, 0.000904421613086, 0.00141763070133, 0.000778032175731, 0.00230542919599, 0.000927931454498, 0.000584316381719, 0.00162479630671, 0.000553401827347, 0.000743470154703, 0.000782800663728, 0.000924271997064, 0.000527129566763, 0.000601473264396, 0.000896655430552, 0.0011115585221, 0.00054173177341, 0.000235690473346, 0.00113140919711, 0.000559235166293, 0.000249670294579, 0.00020943954587, 0.00024115058477, 0.00025928451214, 0.000205753618502, 0.000206454191357, 0.000202439914574, 0.00018396001542, 7.88250326877e-05, 6.11942014075e-05, 9.14668271434e-05, 6.59971337882e-05, 0.000151528729475, 5.05469470227e-05, 5.89776536799e-05, 2.29965153267e-05, 4.49111466878e-05, 1.24667549244e-05, 8.95170251169e-06, 1.14243257485e-05, 2.47657335422e-05, 1.17581830636e-05, 1.17391628009e-05, 7.06069249645e-06, 8.47334558784e-06, 7.70348287915e-06, 1.41557184179e-05, 1.29137088152e-05, 1.25144788399e-05, 1.23726531456e-05, 8.18953867565e-06, 7.10579297447e-06, 6.86033399688e-06, 4.35899028162e-06, 4.43885346613e-06, 5.359102488e-06, 2.6828774935e-05, 2.41729903792e-05, 2.79978048638e-05, 1.98753441509e-05, 2.35455681832e-05, 1.49525740198e-05, 1.17401459647e-05, 7.1605559242e-06, 4.67363270218e-06, 3.71843680114e-06, 2.47606612902e-06, 2.19048456529e-06, 2.2192484721e-06, 1.50511175434e-06, 1.43745114656e-06, 6.87722604198e-07, 9.4624635949e-07, 2.32951848034e-07, 4.50803412377e-08, 4.37557652333e-08, 4.24754418304e-08, 4.12559870711e-08, 4.01115940463e-08, 3.90311285514e-08, 3.805334714e-08, 3.71713504421e-08, 3.63878847054e-08, 3.57078064894e-08, 3.51110571728e-08, 3.46113750993e-08, 3.41893446887e-08, 3.39077885769e-08, 3.37360326341e-08],
        "mean": [0.000148952734889, 0.000461539166281, 0.000577943341341, 0.000713358458597, 0.000699084659573, 0.000458572641946, 0.000295316567644, 0.000389496883145, 0.000806510914117, 0.000707049155608, 0.00117738731205, 0.00162803928833, 0.000666320556775, 0.000769710750319, 0.00144031096715, 0.000770355865825, 0.00042515352834, 0.000370571535314, 0.00032665260369, 0.000937848642934, 0.00132798776031, 0.000381985562854, 0.000165061457665, 0.000181172596058, 0.000299814390019, 0.000242126188823, 0.000215686057345, 0.000356697215466, 0.000214811821934, 0.000190488281078, 0.00013679881522, 0.000106301900814, 0.00014135762467, 0.000227893862757, 8.28150878078e-05, 6.41255683149e-05, 0.000125051825307, 6.09209710092e-05, 0.000175868874067, 0.000162507072673, 5.93646764173e-05, 5.74475743633e-05, 6.34155512671e-05, 9.07629582798e-05, 5.99853810854e-05, 5.03517949255e-05, 7.41609983379e-05, 3.85465318686e-05, 3.65039886674e-05, 5.43264068256e-05, 3.58967954526e-05, 3.21706320392e-05, 2.84182315227e-05, 3.19808459608e-05, 4.46579360869e-05, 2.43634058279e-05, 1.72086965904e-05, 3.37517521984e-05, 2.171072083e-05, 1.27345147121e-05, 1.24915768538e-05, 1.32583318191e-05, 1.3907995708e-05, 1.17071494969e-05, 1.02655376395e-05, 8.78538594407e-06, 9.76803494268e-06, 5.93877166466e-06, 3.87522732126e-06, 5.35428216608e-06, 4.48412947662e-06, 4.10566690334e-06, 2.6420004815e-06, 1.93401888282e-06, 1.75605214281e-06, 1.60857223364e-06, 1.06578931991e-06, 7.95180710611e-07, 8.31022816783e-07, 1.15904106224e-06, 7.68941674778e-07, 6.28236023203e-07, 6.18927742835e-07, 6.32088870134e-07, 6.15753378952e-07, 6.39182644591e-07, 7.01044257312e-07, 6.66860955789e-07, 5.96227835103e-07, 4.89152114369e-07, 4.15821119759e-07, 3.49336119143e-07, 3.15555524821e-07, 2.66198782128e-07, 2.25045525326e-07, 3.2962793739e-07, 3.41338818544e-07, 2.54531755672e-07, 1.89580873666e-07, 1.81466731419e-07, 1.45661559259e-07, 1.19436080581e-07, 8.95287826097e-08, 7.85197755704e-08, 6.50358344956e-08, 5.26501082732e-08, 4.37396892039e-08, 4.13283665068e-08, 3.08393381943e-08, 2.32692478619e-08, 1.39420244238e-08, 5.51678569494e-09, 8.96719476451e-10, 1.82805132143e-10, 8.00453106575e-11, 7.73717895308e-11, 5.47187122002e-11, 4.25936196036e-11, 4.13279375999e-11, 4.02231477292e-11, 3.92260182669e-11, 3.83558740324e-11, 3.76202992369e-11, 3.69772441833e-11, 3.64250331286e-11, 3.59613519518e-11, 3.56469853635e-11, 3.54463125518e-11],
        "min": [8.55416212326e-25, 9.05947880901e-25, 4.21819111594e-25, 2.03475305974e-25, 1.06008075077e-24, 1.98189449802e-24, 2.40194222245e-24, 2.62731859978e-24, 5.85154142527e-25, 1.19641149519e-24, 1.4853417611e-24, 1.56747707108e-24, 4.05543688385e-24, 1.66356644301e-24, 2.85325097614e-25, 2.92206528505e-25, 2.13452547533e-24, 1.03025510323e-24, 1.86527620432e-24, 1.42618537764e-24, 9.26170034384e-25, 2.00977264519e-24, 1.18230823993e-24, 1.7979059546e-25, 7.81828111643e-25, 2.63984068197e-25, 1.24039029344e-24, 4.29536458944e-24, 1.66849149886e-24, 1.17486395678e-24, 1.96597311558e-24, 2.35143244476e-24, 1.88031327368e-24, 2.75716628807e-24, 2.18215531906e-24, 1.40884897595e-24, 1.33445032069e-24, 2.39370276751e-24, 1.96743783307e-24, 5.12142501951e-25, 8.26540747751e-25, 1.7171679638e-24, 1.33831356976e-24, 1.06495236129e-24, 2.22480173124e-24, 8.67296556166e-25, 2.64694467024e-24, 1.05806935267e-24, 2.13235512176e-24, 1.01001036861e-24, 2.43881397559e-24, 2.72708169694e-24, 3.59441947109e-24, 3.0650874928e-24, 2.7922065034e-24, 3.60621451935e-24, 3.23573467268e-24, 5.30265555729e-24, 2.49281978759e-24, 1.35292209043e-24, 4.25969782133e-24, 1.83157350265e-24, 3.13042746107e-24, 1.14894504427e-24, 5.97053083763e-24, 2.68028469311e-24, 2.06781624174e-24, 1.791674693e-24, 4.09444763333e-24, 2.47450204294e-24, 3.40250539007e-24, 2.62459328257e-24, 4.68112388298e-24, 4.08910191741e-24, 2.56872122288e-24, 4.18156233196e-24, 2.95341062382e-24, 3.05844055081e-24, 5.75166019618e-24, 3.39163252021e-24, 4.7528628937e-24, 3.92765246126e-24, 2.64492262252e-24, 3.68908238529e-24, 3.87057916362e-24, 3.53407871159e-24, 5.12126527517e-24, 5.03518911193e-24, 5.15891287301e-24, 6.04117451498e-24, 5.02662011035e-24, 2.80376272402e-24, 4.70303252247e-24, 4.15896935563e-24, 4.27490745401e-24, 4.54453103952e-24, 4.05506493593e-24, 5.24816854013e-24, 5.56546772331e-24, 3.69716071539e-24, 4.96412694387e-24, 5.04914287805e-24, 5.45692835136e-24, 4.76789424382e-24, 5.19662081871e-24, 5.64670935249e-24, 4.34710084862e-24, 6.05854444325e-24, 5.35531912246e-24, 4.34303505951e-24, 5.13009499528e-24, 4.34727321472e-24, 6.40420593698e-24, 6.55270111378e-24, 5.8391543369e-24, 5.59899943937e-24, 6.01904538887e-24, 5.72920527052e-24, 3.92557499606e-24, 6.1069398765e-24, 5.33683729474e-24, 6.06599010691e-24, 6.82662004691e-24, 6.9199746353e-24, 6.8153850899e-24, 4.60655956693e-24, 6.64490909284e-24, 7.07119848197e-24],
        "stdev": [0.000292773998808, 0.000733025721274, 0.000883487402461, 0.00130938447546, 0.00129402417224, 0.00081528472947, 0.000536595820449, 0.000679817167111, 0.00163592665922, 0.00122101104353, 0.00167693919502, 0.00253975065425, 0.00102189020254, 0.00139481970109, 0.00265836110339, 0.00146945286542, 0.00101698096842, 0.000753259053454, 0.000581127824262, 0.00154070381541, 0.00205759215169, 0.000539946078788, 0.000340414320817, 0.000287062459392, 0.000478182977531, 0.000503111223225, 0.000344754138496, 0.000468227459351, 0.000355511612725, 0.000312655582093, 0.000242818350671, 0.000210065452848, 0.000224630421144, 0.000430100248195, 0.000136628455948, 0.000115699869639, 0.000315796176437, 9.3549999292e-05, 0.000383289851015, 0.00037257609074, 0.000102169971797, 0.000109929795144, 8.86758425622e-05, 0.00018150176038, 0.000107020154246, 7.34090644983e-05, 0.000115769711556, 6.48442874081e-05, 6.90162414685e-05, 9.13491021493e-05, 6.45613836241e-05, 4.81694150949e-05, 4.43488061137e-05, 6.55509575154e-05, 8.73645985848e-05, 4.69938859169e-05, 2.48653450399e-05, 6.65439802106e-05, 4.1302468162e-05, 2.14131159737e-05, 1.89611982933e-05, 2.03227500606e-05, 1.96669170691e-05, 1.5956666175e-05, 1.54103363457e-05, 1.42313983815e-05, 1.7343174477e-05, 7.9498922787e-06, 5.87763452131e-06, 8.4145076471e-06, 7.52065761844e-06, 1.12749303298e-05, 5.46958426639e-06, 3.37560732078e-06, 2.76984269476e-06, 2.96133111988e-06, 1.55123848344e-06, 1.15984494187e-06, 1.24918312849e-06, 1.76908747562e-06, 1.13841394977e-06, 9.67250798567e-07, 8.21867502054e-07, 8.65950937623e-07, 9.0573342959e-07, 1.04209959773e-06, 1.14421561648e-06, 1.09247207547e-06, 9.33517355861e-07, 7.39716142562e-07, 7.22057507119e-07, 6.07935305652e-07, 4.78985782593e-07, 4.05841717566e-07, 3.9990749201e-07, 1.09786810754e-06, 1.23733423152e-06, 1.23060658552e-06, 8.66450932335e-07, 1.02542219338e-06, 7.39376673664e-07, 5.91915636505e-07, 3.39960507745e-07, 3.00960579125e-07, 2.23600707727e-07, 1.52411431031e-07, 1.23009783692e-07, 1.44511901112e-07, 9.24254948131e-08, 7.44600114899e-08, 4.37992895286e-08, 4.12056770926e-08, 1.11574145478e-08, 2.06551331594e-09, 1.47514322979e-09, 1.47507328574e-09, 1.27744537171e-09, 1.22440779737e-09, 1.191426513e-09, 1.16157661267e-09, 1.13465170593e-09, 1.11074149878e-09, 1.08997699755e-09, 1.07176667541e-09, 1.05650987958e-09, 1.04362918307e-09, 1.03503727811e-09, 1.02979502703e-09]
    },
    "mfcc": {
        "mean": [-666.476623535, 145.531982422, -30.6879482269, 5.36342048645, -9.35312843323, -8.38557910919, -14.6971340179, -0.566835105419, -14.2334079742, -0.784697175026, -4.78692436218, -1.80826771259, -1.90614390373],
        "cov": [[14711.5830078, 1419.98693848, -1157.51965332, 316.770202637, 18.7442188263, 200.735641479, 414.770721436, 317.196380615, 278.481048584, 501.933013916, 73.2001113892, 175.168151855, -10.3771104813], [1419.98693848, 1929.0501709, 476.885925293, 637.240844727, 184.20324707, 74.0146255493, -119.352363586, -78.5456924438, -303.830413818, -84.0864105225, -57.3161239624, 88.3023071289, 131.723373413], [-1157.51965332, 476.885925293, 777.934631348, 314.861206055, 147.122589111, 22.6596984863, -130.269454956, -42.4888343811, -236.803070068, -93.0435562134, -52.8252220154, 27.6187324524, 77.9108428955], [316.770202637, 637.240844727, 314.861206055, 548.334655762, 207.132354736, 169.03213501, 52.2300720215, 14.3514814377, -60.0409965515, 35.0808181763, 5.84998130798, 113.558403015, 104.236595154], [18.7442188263, 184.20324707, 147.122589111, 207.132354736, 175.797546387, 98.0853729248, 28.8276863098, 5.80591773987, 2.02563762665, 32.099395752, 9.95725250244, 62.2553405762, 50.8944587708], [200.735641479, 74.0146255493, 22.6596984863, 169.03213501, 98.0853729248, 152.910995483, 80.5202941895, 25.8161010742, 55.4029045105, 39.9467430115, 26.4098854065, 58.3595733643, 31.4298763275], [414.770721436, -119.352363586, -130.269454956, 52.2300720215, 28.8276863098, 80.5202941895, 203.199172974, 70.4814682007, 110.748077393, 99.6653060913, 47.5249824524, 59.4817008972, 15.0982971191], [317.196380615, -78.5456924438, -42.4888343811, 14.3514814377, 5.80591773987, 25.8161010742, 70.4814682007, 88.8274917603, 53.7244720459, 49.1876296997, 7.90899658203, 13.5500020981, -2.2820494175], [278.481048584, -303.830413818, -236.803070068, -60.0409965515, 2.02563762665, 55.4029045105, 110.748077393, 53.7244720459, 222.307769775, 80.5355453491, 59.4489212036, 25.2392578125, -15.1153783798], [501.933013916, -84.0864105225, -93.0435562134, 35.0808181763, 32.099395752, 39.9467430115, 99.6653060913, 49.1876296997, 80.5355453491, 146.563690186, 34.441570282, 45.293346405, 14.0492153168], [73.2001113892, -57.3161239624, -52.8252220154, 5.84998130798, 9.95725250244, 26.4098854065, 47.5249824524, 7.90899658203, 59.4489212036, 34.441570282, 72.0895080566, 32.156539917, 0.495156168938], [175.168151855, 88.3023071289, 27.6187324524, 113.558403015, 62.2553405762, 58.3595733643, 59.4817008972, 13.5500020981, 25.2392578125, 45.293346405, 32.156539917, 100.774688721, 52.7104225159], [-10.3771104813, 131.723373413, 77.9108428955, 104.236595154, 50.8944587708, 31.4298763275, 15.0982971191, -2.2820494175, -15.1153783798, 14.0492153168, 0.495156168938, 52.7104225159, 88.6048736572]],
        "icov": [[0.000120024946227, -0.00017663728795, 0.000235805317061, 4.06121107517e-05, 2.07762841455e-05, -8.68261631695e-05, 6.98185685906e-05, -0.000361641636118, 5.81402928219e-05, -0.000314453616738, 6.68358043185e-05, -7.99071713118e-05, 0.000126125232782], [-0.00017663728795, 0.0014463897096, 5.15791689395e-05, -0.00172644574195, 2.80885669781e-05, 0.000689673528541, 0.000311079958919, 0.000724691955838, 0.00105125352275, 0.000764360884205, -0.000239266955759, -5.39352222404e-05, -0.000388828746509], [0.000235805317061, 5.15791689395e-05, 0.00351912714541, -0.00142178719398, -0.00172708253376, 0.000545807532035, 0.00128567544743, -0.00183619232848, 0.00279818987474, 0.000425667647505, -0.000620593316853, 3.22915730067e-06, -0.000527376774698], [4.06121107517e-05, -0.00172644574195, -0.00142178719398, 0.00748102599755, -0.00231599598192, -0.00440418953076, -0.000811503210571, -0.00093039276544, 0.000147017140989, -0.00095386360772, 0.000365955056623, -0.00115731835831, -0.00110965629574], [2.07762841455e-05, 2.80885669781e-05, -0.00172708253376, -0.00231599598192, 0.0137118175626, -0.00507507007569, 0.00149866903666, 0.00139394437429, -0.00168242771178, -0.00234098895453, 0.00118734489661, -0.00208075321279, -0.000776022032369], [-8.68261631695e-05, 0.000689673528541, 0.000545807532035, -0.00440418953076, -0.00507507007569, 0.0166839137673, -0.00352527480572, 0.00057397846831, -0.00275080651045, 0.00269202562049, -0.000262639689026, -0.00116273551248, 0.00107532832772], [6.98185685906e-05, 0.000311079958919, 0.00128567544743, -0.000811503210571, 0.00149866903666, -0.00352527480572, 0.0121704554185, -0.00527401454747, -0.000391567446059, -0.0033462124411, -0.00201326492243, -0.00277717132121, -0.000323003827361], [-0.000361641636118, 0.000724691955838, -0.00183619232848, -0.00093039276544, 0.00139394437429, 0.00057397846831, -0.00527401454747, 0.0190442521125, -0.00319166271947, -0.0020690811798, 0.00397304818034, 0.000664459890686, 0.00134041823912], [5.81402928219e-05, 0.00105125352275, 0.00279818987474, 0.000147017140989, -0.00168242771178, -0.00275080651045, -0.000391567446059, -0.00319166271947, 0.0122249256819, -0.00104538199957, -0.00516540603712, 0.000559121952392, -0.000315284065437], [-0.000314453616738, 0.000764360884205, 0.000425667647505, -0.00095386360772, -0.00234098895453, 0.00269202562049, -0.0033462124411, -0.0020690811798, -0.00104538199957, 0.0131468940526, -0.00151056889445, -0.00183220359031, -0.000683155900333], [6.68358043185e-05, -0.000239266955759, -0.000620593316853, 0.000365955056623, 0.00118734489661, -0.000262639689026, -0.00201326492243, 0.00397304818034, -0.00516540603712, -0.00151056889445, 0.0221007373184, -0.00715815788135, 0.00382841401733], [-7.99071713118e-05, -5.39352222404e-05, 3.22915730067e-06, -0.00115731835831, -0.00208075321279, -0.00116273551248, -0.00277717132121, 0.000664459890686, 0.000559121952392, -0.00183220359031, -0.00715815788135, 0.0229675080627, -0.00970986392349], [0.000126125232782, -0.000388828746509, -0.000527376774698, -0.00110965629574, -0.000776022032369, 0.00107532832772, -0.000323003827361, 0.00134041823912, -0.000315284065437, -0.000683155900333, 0.00382841401733, -0.00970986392349, 0.0196113679558]]
    },
    "spectral_contrast_coeffs": {
        "max": [-0.292527675629, -0.443458020687, -0.513816595078, -0.617532849312, -0.65309458971, -0.679016590118],
        "mean": [-0.646192252636, -0.704863846302, -0.738783419132, -0.778414428234, -0.768398761749, -0.769377291203],
        "min": [-0.977926433086, -0.98772841692, -0.993061482906, -0.989153206348, -0.992302179337, -0.962928533554],
        "stdev": [0.133375167847, 0.0830880627036, 0.0660552680492, 0.0563291497529, 0.0454377941787, 0.0445720553398]
    },
    "spectral_contrast_valleys": {
        "max": [-4.97483444214, -5.08442115784, -5.47333097458, -5.71724557877, -6.46853542328, -8.26519107819],
        "mean": [-7.89419698715, -6.91023349762, -7.60430622101, -7.88679504395, -8.31572437286, -11.3662033081],
        "min": [-27.6785945892, -27.6880264282, -27.6925468445, -27.5138645172, -27.4935398102, -27.3905620575],
        "stdev": [3.38071656227, 3.32249879837, 3.26920056343, 3.25340485573, 3.18742752075, 2.7138710022]
    }
},
"rhythm": {
    "beats_count": 63,
    "beats_loudness": {
        "max": 0.0657052844763,
        "mean": 0.0324972234666,
        "min": 0,
        "stdev": 0.0169409513474
    },
    "bpm": 172.265640259,
    "bpm_histogram_first_peak_bpm": 172,
    "bpm_histogram_first_peak_weight": 0,
    "bpm_histogram_second_peak_bpm": 167,
    "bpm_histogram_second_peak_spread": 0,
    "bpm_histogram_second_peak_weight": 0.177419349551,
    "danceability": 0.857436299324,
    "onset_rate": 1.44693470001,
    "beats_loudness_band_ratio": {
        "max": [0.492365658283, 0.977195501328, 0.699062347412, 0.496084868908, 0.370479375124, 0.0546574033797],
        "mean": [0.151716217399, 0.357879668474, 0.272380799055, 0.164452344179, 0.0861041098833, 0.0174585524946],
        "min": [0, 0, 0, 0, 0, 0],
        "stdev": [0.150853574276, 0.252855062485, 0.134498178959, 0.125533118844, 0.0904949903488, 0.0145673798397]
    },
    "beats_position": [0.348299324512, 0.696598649025, 1.03328800201, 1.369977355, 1.69505667686, 2.02013611794, 2.34521532059, 2.67029476166, 3.00698399544, 3.34367346764, 3.69197273254, 4.04027223587, 4.38857126236, 4.73687076569, 5.06195020676, 5.41024923325, 5.75854873657, 6.10684776306, 6.45514726639, 6.80344676971, 7.1517457962, 7.52326536179, 7.89478445053, 8.26630401611, 8.6146030426, 8.98612213135, 9.35764122009, 9.72916126251, 10.1006803513, 10.47219944, 10.8321084976, 11.1920175552, 11.5519275665, 11.9118366241, 12.2717456818, 12.6316547394, 12.9915647507, 13.3514738083, 13.7113828659, 14.0712919235, 14.4312019348, 14.8839902878, 15.3367795944, 15.7779588699, 16.2191371918, 16.6719264984, 17.1131057739, 17.5658950806, 18.0186843872, 18.4714736938, 18.9242630005, 19.3886623383, 19.8646717072, 20.3406791687, 20.8050785065, 21.2694778442, 21.733877182, 22.1982765198, 22.6626758575, 23.1270751953, 23.5914726257, 24.0558719635, 24.5202713013],
