{
"metadata": {
    "version": {
        "essentia": "2.1-beta5",
        "essentia_git_sha": "Undefined",
        "extractor": "music 2.0"
    },
    "audio_properties": {
        "analysis": {
            "equal_loudness": 0,
            "length": 48.7502937317,
            "sample_rate": 44100,
            "start_time": 110.236732483,
            "downmix": "mix"
        },
        "bit_rate": 192000,
        "length": 199.412979126,
        "lossless": 0,
        "number_channels": 2,
        "replay_gain": -9.41714668274,
        "sample_rate": 48000,
        "codec": "mp3",
        "md5_encoded": "aa8ce4928a494c08a29bed7d37a884b2"
    },
    "tags": {
        "file_name": "Austria_Weil_s Dr Guat Got_George Nußbaumer.mp3",
        "encoding": ["Lavf58.29.100"]
    }
},
"lowlevel": {
    "average_loudness": 0.964816153049,
    "barkbands_crest": {
        "max": 20.7928695679,
        "mean": 8.20311832428,
        "min": 2.49868607521,
        "stdev": 3.09363031387
    },
    "barkbands_flatness_db": {
        "max": 0.274865448475,
        "mean": 0.126857995987,
        "min": 0.0473112426698,
        "stdev": 0.0331048294902
    },
    "barkbands_kurtosis": {
        "max": 35.1325912476,
        "mean": 1.94773292542,
        "min": -1.88391077518,
        "stdev": 3.64825057983
    },
    "barkbands_skewness": {
        "max": 4.92375850677,
        "mean": 1.19554007053,
        "min": -1.09670257568,
        "stdev": 0.944884240627
    },
    "barkbands_spread": {
        "max": 88.2368392944,
        "mean": 23.8587627411,
        "min": 3.06774640083,
        "stdev": 11.0860414505
    },
    "dissonance": {
        "max": 0.499648720026,
        "mean": 0.471373677254,
        "min": 0.333021074533,
        "stdev": 0.0199472922832
    },
    "dynamic_complexity": 2.68727207184,
    "erbbands_crest": {
        "max": 22.7887630463,
        "mean": 7.45302391052,
        "min": 2.32705926895,
        "stdev": 3.15665197372
    },
    "erbbands_flatness_db": {
        "max": 0.265242397785,
        "mean": 0.160571932793,
        "min": 0.0605878308415,
        "stdev": 0.0396278053522
    },
    "erbbands_kurtosis": {
        "max": 7.73244857788,
        "mean": -0.110943444073,
        "min": -1.6720918417,
        "stdev": 1.13429713249
    },
    "erbbands_skewness": {
        "max": 2.18345355988,
        "mean": 0.054516158998,
        "min": -2.4463570118,
        "stdev": 0.595728039742
    },
    "erbbands_spread": {
        "max": 107.367431641,
        "mean": 39.1577568054,
        "min": 9.34418201447,
        "stdev": 16.8705940247
    },
    "hfc": {
        "max": 107.952682495,
        "mean": 22.6312770844,
        "min": 0.356820940971,
        "stdev": 17.6928863525
    },
    "loudness_ebu128": {
        "integrated": -14.1124668121,
        "loudness_range": 2.84808731079,
        "momentary": {
            "max": -10.7900600433,
            "mean": -14.537817955,
            "min": -21.7087955475,
            "stdev": 2.02306246758
        },
        "short_term": {
            "max": -12.3770828247,
            "mean": -14.2412281036,
            "min": -17.308801651,
            "stdev": 1.06782186031
        }
    },
    "melbands_crest": {
        "max": 26.3735332489,
        "mean": 11.3851976395,
        "min": 3.73710346222,
        "stdev": 4.02515506744
    },
    "melbands_flatness_db": {
        "max": 0.368763238192,
        "mean": 0.170631289482,
        "min": 0.0474477894604,
        "stdev": 0.0453831218183
    },
    "melbands_kurtosis": {
        "max": 72.7467269897,
        "mean": 8.79806804657,
        "min": -1.49332082272,
        "stdev": 10.2997837067
    },
    "melbands_skewness": {
        "max": 7.28153181076,
        "mean": 2.26241827011,
        "min": -0.427503019571,
        "stdev": 1.34597325325
    },
    "melbands_spread": {
        "max": 130.474578857,
        "mean": 27.0360851288,
        "min": 2.27111840248,
        "stdev": 14.8323307037
    },
    "pitch_salience": {
        "max": 0.815902650356,
        "mean": 0.61021143198,
        "min": 0.324259251356,
        "stdev": 0.079401396215
    },
    "silence_rate_20dB": {
        "max": 1,
        "mean": 1,
        "min": 1,
        "stdev": 0
    },
    "silence_rate_30dB": {
        "max": 1,
        "mean": 1,
        "min": 1,
        "stdev": 0
    },
    "silence_rate_60dB": {
        "max": 1,
        "mean": 0.00618752976879,
        "min": 0,
        "stdev": 0.0784164816141
    },
    "spectral_centroid": {
        "max": 3656.16088867,
        "mean": 1385.52746582,
        "min": 370.727905273,
        "stdev": 466.2371521
    },
    "spectral_complexity": {
        "max": 46,
        "mean": 21.7758216858,
        "min": 1,
        "stdev": 8.50229454041
    },
    "spectral_decrease": {
        "max": -1.60711235986e-10,
        "mean": -5.91420867835e-09,
        "min": -1.86557596038e-08,
        "stdev": 3.42978201395e-09
    },
    "spectral_energy": {
        "max": 0.0802028551698,
        "mean": 0.0243743211031,
        "min": 0.000654862378724,
        "stdev": 0.0142985852435
    },
    "spectral_energyband_high": {
        "max": 0.0087972804904,
        "mean": 0.000654017261695,
        "min": 3.2537975585e-06,
        "stdev": 0.000773837324232
    },
    "spectral_energyband_low": {
        "max": 0.032046854496,
        "mean": 0.00499386712909,
        "min": 3.41856648447e-05,
        "stdev": 0.00422761496156
    },
    "spectral_energyband_middle_high": {
        "max": 0.0454305969179,
        "mean": 0.00769144808874,
        "min": 8.4638260887e-05,
        "stdev": 0.00814592186362
    },
    "spectral_energyband_middle_low": {
        "max": 0.0597332008183,
        "mean": 0.0117381941527,
        "min": 0.000473118299851,
        "stdev": 0.00869544409215
    },
    "spectral_entropy": {
        "max": 8.53694820404,
        "mean": 7.65672302246,
        "min": 6.77579927444,
        "stdev": 0.279752165079
    },
    "spectral_flux": {
        "max": 0.220648393035,
        "mean": 0.0929846838117,
        "min": 0.0154009927064,
        "stdev": 0.0390838310122
    },
    "spectral_kurtosis": {
        "max": 15.9286956787,
        "mean": 3.90069794655,
        "min": -0.665564775467,
        "stdev": 2.12219619751
    },
    "spectral_rms": {
        "max": 0.00884571578354,
        "mean": 0.00465480703861,
        "min": 0.000799306028057,
        "stdev": 0.00145349581726
    },
    "spectral_rolloff": {
        "max": 8613.28125,
        "mean": 1554.57226562,
        "min": 129.19921875,
        "stdev": 1075.10974121
    },
    "spectral_skewness": {
        "max": 2.70332336426,
        "mean": 1.43047261238,
        "min": 0.14359267056,
        "stdev": 0.299817174673
    },
    "spectral_spread": {
        "max": 9380783,
        "mean": 4164486.25,
        "min": 1995777,
        "stdev": 1310912.125
    },
    "spectral_strongpeak": {
        "max": 8.01078891754,
        "mean": 1.02259194851,
        "min": 0.0215185564011,
        "stdev": 1.25781524181
    },
    "zerocrossingrate": {
        "max": 0.24169921875,
        "mean": 0.0614990368485,
        "min": 0.01171875,
        "stdev": 0.0249666366726
    },
    "barkbands": {
        "max": [0.00108522060327, 0.0216223858297, 0.019744483754, 0.0065244929865, 0.0277545824647, 0.0415919534862, 0.0345581322908, 0.0318339988589, 0.0262093730271, 0.0263924244791, 0.00883078575134, 0.0191601645201, 0.0137705942616, 0.0182367525995, 0.0210685618222, 0.013397837989, 0.00880318135023, 0.0104334307835, 0.00430222507566, 0.00154859141912, 0.00131788884755, 0.00402355799451, 0.00305372686125, 0.00129994621966, 0.00049225112889, 0.00030203993083, 2.07641096495e-06],
        "mean": [0.000117904768558, 0.00238941190764, 0.00193876365665, 0.00112197094131, 0.00342695578001, 0.00226181512699, 0.00117861293256, 0.00162637222093, 0.00182957062498, 0.000965932384133, 0.0006144164945, 0.00102786836214, 0.000709287938662, 0.000736204558052, 0.00130960647948, 0.000778746616561, 0.000720611482393, 0.000607913185377, 0.000296160607832, 0.000147615006426, 0.000157275659149, 0.000127318257, 0.000158702823683, 7.27934530005e-05, 3.57254939445e-05, 1.67481684912e-05, 3.13364409976e-08],
        "min": [4.84791158328e-08, 1.00477782325e-05, 2.92997287943e-06, 2.2618512503e-06, 4.56019479316e-05, 2.1105972337e-05, 6.28389307167e-06, 6.94775098964e-06, 6.61396006763e-06, 3.72480189981e-06, 5.40642133728e-07, 6.33717172605e-06, 6.68977736495e-06, 4.43826093033e-06, 6.90437309459e-06, 3.456505965e-06, 2.87629745799e-06, 2.88140563498e-06, 2.14637793761e-06, 1.23922234252e-06, 1.65400081187e-06, 3.19189553011e-07, 2.75308195796e-07, 1.05996733168e-07, 2.87122858822e-08, 9.02009092418e-11, 1.84997815678e-11],
        "stdev": [0.000156513851834, 0.00249007996172, 0.00215782644227, 0.001048050588, 0.00390166649595, 0.00327285868116, 0.00233946554363, 0.00327915512025, 0.00343442382291, 0.00257165613584, 0.000963533180766, 0.00194524193648, 0.00122528325301, 0.00144428166095, 0.0023901888635, 0.00134490977507, 0.000971507572103, 0.000913533789571, 0.00033139376319, 0.000172599669895, 0.000167309859535, 0.000238381238887, 0.000243220842094, 0.000136229005875, 5.97868238401e-05, 3.37477868015e-05, 1.20526465253e-07]
    },
    "erbbands": {
        "max": [0.584926366806, 5.63558721542, 19.2985286713, 19.939332962, 61.728313446, 142.616912842, 249.969467163, 442.139343262, 320.018188477, 420.657073975, 801.260498047, 663.061157227, 815.799194336, 587.26953125, 383.591247559, 955.199401855, 685.68951416, 1062.74133301, 922.806945801, 860.646850586, 797.61541748, 585.520324707, 649.872802734, 300.949493408, 98.1871566772, 71.0558624268, 56.6351585388, 68.9041748047, 103.873168945, 129.8175354, 91.6185073853, 30.9214401245, 25.9330387115, 8.31219863892, 2.39750981331, 1.22105145454, 0.729456484318, 0.0522524639964, 0.000894940574653, 0.00010269919585],
        "mean": [0.06112062186, 0.572908937931, 2.14908361435, 3.1408700943, 7.56187486649, 12.4768180847, 17.0914154053, 15.7174186707, 14.4616594315, 20.1801662445, 44.6304397583, 41.7832260132, 33.6157302856, 30.9284801483, 24.3371124268, 44.067237854, 32.2496070862, 37.7132911682, 62.8852996826, 51.7932090759, 45.3909263611, 39.323348999, 34.3604812622, 22.8190345764, 10.8984489441, 6.84582567215, 7.14775657654, 5.54026889801, 4.6157875061, 5.08786582947, 4.23020935059, 1.46892094612, 1.36730480194, 0.534378945827, 0.197368919849, 0.0950458571315, 0.0281222518533, 0.00123186467681, 4.50540901511e-05, 3.21023944707e-05],
        "min": [0.000214376530494, 0.00102242711, 0.00421845773235, 0.0156101891771, 0.0760920196772, 0.190052658319, 0.260732859373, 0.157671332359, 0.187910974026, 0.177397966385, 0.273052841425, 0.199213385582, 0.171863690019, 0.217737808824, 0.0854241400957, 0.423283904791, 0.488287687302, 0.226678103209, 0.374418973923, 0.246714651585, 0.356940865517, 0.188948169351, 0.192966014147, 0.100808918476, 0.0826605036855, 0.0572396107018, 0.089769795537, 0.0410143882036, 0.0134618775919, 0.0102291423827, 0.00694609852508, 0.00301619269885, 0.00166098761838, 0.000423897552537, 0.000133857072797, 1.09747861643e-05, 1.32086802296e-06, 4.83032010834e-07, 6.73069564527e-07, 1.43673707953e-06],
        "stdev": [0.0762842446566, 0.582013785839, 2.23736929893, 2.60995078087, 7.78704547882, 17.0100326538, 25.6659889221, 25.2647838593, 24.3403205872, 34.9478149414, 85.9693145752, 78.8561935425, 73.9948348999, 59.242149353, 38.5840873718, 86.6696853638, 52.1198539734, 67.2273864746, 106.835334778, 86.6414489746, 70.5225067139, 52.7156600952, 50.4434089661, 30.3064613342, 9.88560390472, 7.45915174484, 7.63449382782, 6.37546777725, 7.99127864838, 9.15212535858, 6.40961742401, 2.67360019684, 2.63376402855, 0.921046078205, 0.332958221436, 0.172090932727, 0.0633400678635, 0.00364316673949, 7.63685020502e-05, 1.88421672647e-05]
    },
    "gfcc": {
        "mean": [9.32060813904, 108.13584137, -137.682922363, 45.1800231934, -61.3452987671, 18.0570030212, -44.2395744324, 5.13894748688, -18.4701385498, -3.87981176376, -13.0243282318, -3.61387181282, -8.26920509338],
        "cov": [[2387.16357422, -922.837341309, -156.311203003, -332.440338135, -205.122085571, 68.452255249, -206.197265625, 181.813064575, -55.2428398132, 139.520126343, -214.06640625, 186.494659424, -144.240188599], [-922.837341309, 961.761169434, -330.443603516, 110.664649963, 174.546463013, -119.18598175, 206.959503174, -113.856773376, 205.022277832, -185.232681274, 196.879196167, -166.28755188, 136.980056763], [-156.311203003, -330.443603516, 726.825927734, 93.097114563, -14.3542404175, 76.0656738281, -116.168441772, 34.0226097107, -201.127182007, 137.106323242, -104.656867981, 70.9707489014, -72.0476303101], [-332.440338135, 110.664649963, 93.097114563, 217.012008667, 73.2547073364, 10.6505346298, 15.3525390625, -35.1659011841, 37.1971702576, -15.3469705582, 47.2543945312, -39.2382583618, 14.4170808792], [-205.122085571, 174.546463013, -14.3542404175, 73.2547073364, 195.952163696, 24.0127067566, 21.7923107147, 0.19916754961, 36.2577705383, -16.6808986664, 14.0101766586, -41.7035713196, 17.4260520935], [68.452255249, -119.18598175, 76.0656738281, 10.6505346298, 24.0127067566, 159.759246826, 47.0145263672, 15.7776784897, -41.4125289917, 18.1745166779, -29.1755332947, -2.45104670525, -10.649023056], [-206.197265625, 206.959503174, -116.168441772, 15.3525390625, 21.7923107147, 47.0145263672, 179.499923706, -11.5144681931, 26.0547351837, -50.941986084, 47.4267845154, -44.3778114319, 32.4429473877], [181.813064575, -113.856773376, 34.0226097107, -35.1659011841, 0.19916754961, 15.7776784897, -11.5144681931, 97.06590271, 2.27334666252, 29.9241638184, -31.5666809082, 25.8346748352, -25.0675029755], [-55.2428398132, 205.022277832, -201.127182007, 37.1971702576, 36.2577705383, -41.4125289917, 26.0547351837, 2.27334666252, 175.356491089, -37.8840446472, 59.5890808105, -43.692943573, 30.9344749451], [139.520126343, -185.232681274, 137.106323242, -15.3469705582, -16.6808986664, 18.1745166779, -50.941986084, 29.9241638184, -37.8840446472, 119.232048035, -35.3424034119, 28.1449451447, -33.7183189392], [-214.06640625, 196.879196167, -104.656867981, 47.2543945312, 14.0101766586, -29.1755332947, 47.4267845154, -31.5666809082, 59.5890808105, -35.3424034119, 105.579704285, -19.8048477173, 25.5966892242], [186.494659424, -166.28755188, 70.9707489014, -39.2382583618, -41.7035713196, -2.45104670525, -44.3778114319, 25.8346748352, -43.692943573, 28.1449451447, -19.8048477173, 89.0932388306, -12.22813797], [-144.240188599, 136.980056763, -72.0476303101, 14.4170808792, 17.4260520935, -10.649023056, 32.4429473877, -25.0675029755, 30.9344749451, -33.7183189392, 25.5966892242, -12.22813797, 70.1253433228]],
        "icov": [[0.00110698700882, 0.000545946590137, 0.00084655592218, 0.000456992158433, 0.000245627976255, -0.000496100634336, 0.000486272037961, -0.000427599763498, -0.000531429192051, -0.000231822778005, 0.00111898954492, -0.001106026466, 0.000993785331957], [0.000545946590137, 0.00943674426526, -0.00289052817971, 0.00450671976432, -0.00583733106032, 0.00673203216866, -0.00616224436089, 0.00329182110727, -0.00476111564785, 0.00537398131564, -0.00763391610235, 0.00764695182443, -0.00590203609318], [0.00084655592218, -0.00289052817971, 0.00545859429985, -0.00417820177972, 0.00258629210293, -0.00329049373977, 0.00364275882021, -0.00251935934648, 0.00461751269177, -0.00425439188257, 0.0050435247831, -0.00449136039242, 0.0034197808709], [0.000456992158433, 0.00450671976432, -0.00417820177972, 0.010930808261, -0.0047481986694, 0.00233519636095, -0.00260691181757, 0.00376138230786, -0.00537966424599, 0.00382574391551, -0.00699381716549, 0.00528723280877, -0.00263062375598], [0.000245627976255, -0.00583733106032, 0.00258629210293, -0.0047481986694, 0.0105719631538, -0.00572803290561, 0.00489264121279, -0.00402418198064, 0.00269598443992, -0.00337853608653, 0.00575072271749, -0.00310139986686, 0.00288831535727], [-0.000496100634336, 0.00673203216866, -0.00329049373977, 0.00233519636095, -0.00572803290561, 0.0143735846505, -0.00899167358875, 0.00241528078914, -0.00205044215545, 0.00311949080788, -0.0039027039893, 0.00631579430774, -0.00447153160349], [0.000486272037961, -0.00616224436089, 0.00364275882021, -0.00260691181757, 0.00489264121279, -0.00899167358875, 0.0146601740271, -0.00507237995043, 0.00498297857121, -0.00193373381626, 0.0016805898631, -0.00204497063532, 0.00204100064002], [-0.000427599763498, 0.00329182110727, -0.00251935934648, 0.00376138230786, -0.00402418198064, 0.00241528078914, -0.00507237995043, 0.0173359978944, -0.00657464005053, 0.000569547701161, 0.000602826708928, -0.00167760183103, 0.00190072681289], [-0.000531429192051, -0.00476111564785, 0.00461751269177, -0.00537966424599, 0.00269598443992, -0.00205044215545, 0.00498297857121, -0.00657464005053, 0.0151554811746, -0.00355736911297, -4.93539773743e-05, 0.000331646268023, 0.000100103745353], [-0.000231822778005, 0.00537398131564, -0.00425439188257, 0.00382574391551, -0.00337853608653, 0.00311949080788, -0.00193373381626, 0.000569547701161, -0.00355736911297, 0.0161945577711, -0.00537866540253, 0.00469204317778, -0.00158265826758], [0.00111898954492, -0.00763391610235, 0.0050435247831, -0.00699381716549, 0.00575072271749, -0.0039027039893, 0.0016805898631, 0.000602826708928, -4.93539773743e-05, -0.00537866540253, 0.0259342547506, -0.0120242042467, 0.00712182093412], [-0.001106026466, 0.00764695182443, -0.00449136039242, 0.00528723280877, -0.00310139986686, 0.00631579430774, -0.00204497063532, -0.00167760183103, 0.000331646268023, 0.00469204317778, -0.0120242042467, 0.026583969593, -0.00970315560699], [0.000993785331957, -0.00590203609318, 0.0034197808709, -0.00263062375598, 0.00288831535727, -0.00447153160349, 0.00204100064002, 0.00190072681289, 0.000100103745353, -0.00158265826758, 0.00712182093412, -0.00970315560699, 0.0251291655004]]
    },
    "melbands": {
        "max": [0.0055324700661, 0.00763219408691, 0.00331375817768, 0.0070720044896, 0.00715976767242, 0.00901142787188, 0.00614366447553, 0.0043019191362, 0.00672796787694, 0.00466733239591, 0.00422370852903, 0.00301689980552, 0.00140837603249, 0.00201046583243, 0.00188732682727, 0.0017561269924, 0.002261395799, 0.00142302317545, 0.00196250458248, 0.000963032303844, 0.000782003859058, 0.000671433052048, 0.000423342135036, 0.000471017294331, 0.000283838657197, 8.64830581122e-05, 6.95252165315e-05, 6.2482256908e-05, 4.65836965304e-05, 4.43307435489e-05, 4.31403641414e-05, 5.88306102145e-05, 0.000118903313705, 6.7739340011e-05, 5.29186618223e-05, 4.87836477987e-05, 1.52996472025e-05, 2.14779065573e-05, 1.54514036694e-05, 7.32783155399e-06],
        "mean": [0.000602015526965, 0.000985079794191, 0.000657761120237, 0.000767570978496, 0.000564987421967, 0.000370311609004, 0.000236443331232, 0.000234536884818, 0.000371100089978, 0.000260841188719, 0.000166926853126, 0.00012683829118, 7.63324278523e-05, 0.000110865563329, 8.46997427288e-05, 7.72133716964e-05, 6.71847228659e-05, 9.37860822887e-05, 9.73246933427e-05, 5.61261222174e-05, 5.19152199558e-05, 4.39865325461e-05, 3.04500117636e-05, 2.93836674246e-05, 1.792699004e-05, 8.32905425341e-06, 5.8543087107e-06, 4.38310098616e-06, 4.59416787635e-06, 3.84124814445e-06, 3.03429919768e-06, 2.53936991612e-06, 2.48426454164e-06, 3.09991719405e-06, 2.82737914858e-06, 1.32109039441e-06, 7.17491673186e-07, 1.0692175465e-06, 6.77825369166e-07, 3.81144616313e-07],
        "min": [2.19517437472e-06, 2.46666149906e-06, 2.73027535513e-06, 1.14454287541e-05, 1.17217559819e-05, 4.78361334899e-06, 2.64473396783e-06, 2.43178737946e-06, 1.44804459978e-06, 9.88234319266e-07, 5.61163687962e-07, 6.14439159108e-07, 1.45964264675e-07, 4.58684525029e-07, 5.50488948647e-07, 7.15714236321e-07, 3.29961721945e-07, 4.40421956682e-07, 3.61031766261e-07, 3.85028926075e-07, 3.25938458445e-07, 1.63173382361e-07, 3.21010560356e-07, 9.58954942121e-08, 8.05154414252e-08, 7.58611520268e-08, 3.35425589526e-08, 3.87912528765e-08, 5.27607078027e-08, 5.16031803954e-08, 1.39097169338e-08, 7.92849075282e-09, 4.92737228797e-09, 6.04156102924e-09, 3.98293398263e-09, 3.17090398383e-09, 1.36912547966e-09, 1.23572374555e-09, 8.12236167214e-10, 2.04928615744e-10],
        "stdev": [0.000665413856041, 0.000921131693758, 0.000473529653391, 0.000930888636503, 0.000754611741286, 0.000559473701287, 0.00042065262096, 0.000398175528971, 0.000709787593223, 0.000532150093932, 0.000384469691198, 0.000272988661891, 0.000123477962916, 0.000207418634091, 0.000163230550243, 0.000135618902277, 0.000132867629873, 0.000163785007317, 0.000189298240002, 9.98068135232e-05, 8.09941629996e-05, 6.24561071163e-05, 4.47359379905e-05, 4.58545036963e-05, 2.56839230133e-05, 8.46527200338e-06, 6.17406976744e-06, 5.5736259128e-06, 5.39293841939e-06, 4.45057958132e-06, 3.80729284188e-06, 4.33349259765e-06, 5.56312215849e-06, 5.20377625435e-06, 4.00917224397e-06, 2.77190588349e-06, 1.31487865929e-06, 2.12392774301e-06, 1.29329885112e-06, 6.64100582526e-07]
    },
    "melbands128": {
        "max": [0.00104915525299, 0.00414196774364, 0.00842898525298, 0.0107429251075, 0.0104064233601, 0.00913492776453, 0.00468864897266, 0.00425118440762, 0.00803485233337, 0.0112524116412, 0.00992933940142, 0.00670154718682, 0.0118491491303, 0.0142753310502, 0.013567966409, 0.0103203486651, 0.00525764934719, 0.00812272541225, 0.0132768042386, 0.0073046721518, 0.00789286568761, 0.0123636024073, 0.0129277221859, 0.0104034487158, 0.00711708795279, 0.00990172848105, 0.00675668474287, 0.00828848592937, 0.00705310469493, 0.00642562191933, 0.00249744090252, 0.0021372733172, 0.00255047506653, 0.00237495522015, 0.00263446499594, 0.00402218662202, 0.00497227208689, 0.00268327933736, 0.00224414374679, 0.0029882688541, 0.00199059559964, 0.00232223072089, 0.00416626501828, 0.00319511257112, 0.00325541454367, 0.00239108805545, 0.00373128918, 0.00445333356038, 0.00291540962644, 0.00163911096752, 0.00186189357191, 0.00249719130807, 0.00124773569405, 0.00144006276969, 0.00167700613383, 0.00114617357031, 0.000846825016197, 0.000628466776107, 0.00106345245149, 0.00127498980146, 0.000640960817691, 0.000598159793299, 0.000380676734494, 0.000551589007955, 0.000228925608099, 7.63842399465e-05, 0.000109205146146, 0.000128343570395, 0.000153074448463, 0.000109595726826, 8.86517882464e-05, 0.000117338146083, 0.000105012361018, 8.76465273905e-05, 8.73464450706e-05, 6.31834045635e-05, 7.73455321905e-05, 6.992303679e-05, 5.22903610545e-05, 7.28479208192e-05, 5.89970877627e-05, 8.86607012944e-05, 8.43443267513e-05, 0.000144906924106, 0.000173727356014, 8.17097825347e-05, 0.00010328591452, 6.98067888152e-05, 5.41864646948e-05, 7.51830084482e-05, 9.1887122835e-05, 4.22218072345e-05, 2.86098893412e-05, 1.28568708533e-05, 1.63767745107e-05, 2.96381731459e-05, 3.28917994921e-05, 2.70648743026e-05, 2.0124074581e-05, 1.39175144795e-05, 8.32006662677e-06, 9.40776499192e-06, 6.38799883745e-06, 8.46470265969e-06, 3.28859550791e-06, 3.80132223654e-06, 2.40032113652e-06, 4.09083395425e-06, 2.31335161516e-06, 4.57234773421e-06, 3.18140700983e-06, 3.88611761082e-06, 2.73032014775e-06, 2.03351555683e-06, 1.98682323571e-06, 3.28300757246e-07, 6.54106315778e-08, 2.98172686541e-09, 2.99890312583e-09, 2.94420021696e-09, 2.87357559969e-09, 2.80864287383e-09, 2.75056799559e-09, 2.696742607e-09, 2.6552233745e-09, 2.61886023978e-09, 2.5931672365e-09, 2.57711962881e-09],
        "mean": [0.000102687372419, 0.000454957189504, 0.000754651788156, 0.000990052707493, 0.0011568571208, 0.000873928773217, 0.000608968490269, 0.000559812935535, 0.000743807991967, 0.000949157576542, 0.000681726553012, 0.000438577495515, 0.000642187369522, 0.000585961679462, 0.00033873989014, 0.000288664305117, 0.000210583326407, 0.000198013382033, 0.000333900359692, 0.000169636768987, 0.0002055260411, 0.000354796822648, 0.000474529137136, 0.000288790441118, 0.000214488623897, 0.00032498119981, 0.000175915454747, 0.00014752575953, 0.000152309658006, 0.000130446482217, 0.000126886559883, 0.000105540311779, 5.10621794092e-05, 7.80811242294e-05, 8.13870865386e-05, 0.00012838600378, 0.000153318760567, 7.61572737247e-05, 4.90103811899e-05, 6.30941722193e-05, 9.58626987995e-05, 7.8918543295e-05, 5.74099758524e-05, 6.39236168354e-05, 7.98647815827e-05, 8.54695463204e-05, 0.000134423535201, 0.00011697957234, 7.56370282033e-05, 4.64394324808e-05, 5.57649873372e-05, 6.52630915283e-05, 4.74015359941e-05, 4.63874021079e-05, 5.99230661464e-05, 4.38798851974e-05, 3.22620653606e-05, 2.83015669993e-05, 2.97452097584e-05, 3.49240217474e-05, 3.10855357384e-05, 2.496711204e-05, 2.02148203243e-05, 1.67000034708e-05, 1.22601968542e-05, 5.51624680156e-06, 8.59504234541e-06, 7.82276310929e-06, 4.78297624795e-06, 3.85626844945e-06, 3.56885675501e-06, 5.43158830624e-06, 5.01518206875e-06, 3.83156293537e-06, 5.09227220391e-06, 3.89984188587e-06, 3.45516491507e-06, 3.05764297082e-06, 3.22806340591e-06, 2.72092734122e-06, 2.27247414841e-06, 2.74138096756e-06, 2.53015900853e-06, 2.3563668492e-06, 2.55693294093e-06, 2.58108912021e-06, 3.59712953468e-06, 3.54533813152e-06, 2.88047567665e-06, 2.32169963965e-06, 1.63322317803e-06, 1.03598551959e-06, 7.67976644056e-07, 5.46077728814e-07, 7.71256395637e-07, 1.0930168628e-06, 1.22380538414e-06, 9.15278121738e-07, 7.26091343495e-07, 5.46556577774e-07, 3.84305735679e-07, 4.01911989911e-07, 2.70725905693e-07, 2.80715681811e-07, 1.83881482485e-07, 1.94523451569e-07, 1.58631735303e-07, 1.82978965313e-07, 1.39180485803e-07, 1.90114903376e-07, 1.42383584034e-07, 1.40058375564e-07, 9.12678714826e-08, 3.20728794634e-08, 1.40448825903e-08, 5.21584198054e-09, 1.18163812068e-09, 7.47318179561e-12, 6.67955361161e-12, 6.51890607467e-12, 6.35605934204e-12, 6.21265148701e-12, 6.0867140321e-12, 5.97078766637e-12, 5.85416957966e-12, 5.72995557252e-12, 5.65054860541e-12, 5.61370177773e-12],
        "min": [1.53123753677e-08, 4.01700845032e-07, 2.54697624769e-07, 6.35538413007e-07, 1.44794717016e-06, 1.70325233739e-06, 1.99978239834e-06, 4.89073556764e-07, 1.46412310187e-06, 6.80275752529e-06, 4.00456514171e-07, 1.57252202371e-06, 2.44608918365e-06, 1.94803465092e-06, 1.02765773136e-06, 1.07754708267e-07, 3.53787413587e-07, 5.59964007607e-07, 2.18051582124e-07, 5.74032924305e-07, 4.45297501983e-07, 6.34595437532e-07, 6.49157072985e-07, 2.22300585051e-07, 8.74628995007e-07, 3.72949727989e-07, 1.49506803382e-07, 8.22967223257e-08, 9.59521102573e-08, 1.69468592048e-07, 3.786228433e-07, 6.19539690661e-08, 3.70204453759e-08, 1.04820315983e-07, 9.03077506109e-08, 2.02174931019e-07, 4.43257931693e-07, 1.68581706816e-07, 1.60627394052e-07, 2.2290443269e-07, 1.33838710781e-07, 2.00937066097e-07, 1.16046940946e-07, 1.20842685192e-07, 2.27799787922e-07, 8.83834516685e-08, 1.67737056245e-07, 1.6294839611e-07, 1.55435373017e-07, 1.14297819209e-07, 1.43095377325e-07, 1.06897438457e-07, 4.08227585069e-08, 1.99443348947e-07, 3.51281215671e-07, 8.31715070149e-08, 4.0715811167e-08, 1.83810271892e-07, 5.83818433597e-08, 9.17612297258e-08, 4.61970799392e-08, 6.3030313413e-08, 3.63453267482e-09, 4.86007927236e-08, 2.90334831732e-08, 2.13247020042e-08, 6.22850819809e-08, 5.38939417538e-08, 1.22426477844e-08, 2.65341970618e-08, 1.98572092103e-08, 2.48981919526e-08, 4.51369999155e-08, 1.66080145192e-08, 3.75717768009e-08, 3.0406880569e-08, 1.1392000232e-08, 1.73377436852e-08, 5.86440807027e-09, 1.36611333357e-09, 3.99775101911e-09, 9.26486798392e-09, 5.39424371837e-09, 3.87691656556e-09, 5.44480949216e-09, 3.62908703089e-09, 6.41784714261e-09, 6.02039307296e-09, 2.4578679092e-09, 2.73904854353e-09, 3.16314796578e-09, 1.36748201651e-09, 9.243218968e-10, 1.08177367064e-09, 1.24163002102e-09, 1.09994580111e-09, 1.31307298368e-09, 1.03303665622e-09, 7.64811936005e-10, 3.77745806857e-10, 2.08609657326e-10, 1.38564854035e-10, 1.96550886677e-10, 1.82735937493e-10, 1.00237339262e-10, 1.25896732275e-11, 4.02148279954e-12, 1.16747681401e-12, 1.48851322435e-13, 8.40050820789e-14, 7.16899955198e-14, 7.39087407269e-14, 5.21939330406e-14, 4.83659743115e-14, 5.83795639326e-14, 6.0188955057e-14, 6.80226003563e-14, 5.00924138053e-14, 5.89746079662e-14, 6.43499874697e-14, 6.4243972826e-14, 5.78895316557e-14, 6.4236464726e-14, 5.97685014545e-14, 4.34259832954e-14, 1.39567050205e-14, 2.10357879594e-15, 8.86793335543e-17],
        "stdev": [0.00014185544569, 0.000632843119092, 0.000966337509453, 0.00104336906224, 0.00122100650333, 0.000980661134236, 0.000593483739067, 0.000551700475626, 0.000873066252097, 0.0013799139997, 0.00112939625978, 0.000701055687387, 0.00113091734238, 0.00100577902049, 0.000683507532813, 0.000624551496003, 0.000441580021288, 0.00050184095744, 0.000825645285659, 0.000415968854213, 0.000563417212106, 0.000869104405865, 0.00113839132246, 0.00072522344999, 0.000549321819562, 0.000977612566203, 0.00051524740411, 0.000531670870259, 0.000588326016441, 0.000496486725751, 0.000256824452663, 0.000210324069485, 0.000147669124999, 0.00017728524108, 0.000209773614188, 0.000318886013702, 0.000399744953029, 0.000194988388103, 0.000142219651025, 0.000149745217641, 0.000198480658582, 0.000200635840883, 0.000168062048033, 0.000193688480067, 0.000200406459044, 0.000208480778383, 0.000328231049934, 0.000301442691125, 0.00019016956503, 0.000118828844279, 0.000142295510159, 0.000161761199706, 0.000104546081275, 0.000100187928183, 0.000108622953121, 8.9601649961e-05, 7.00157834217e-05, 5.21694564668e-05, 6.57062482787e-05, 7.61506380513e-05, 6.20285063633e-05, 5.09963865625e-05, 3.994258077e-05, 3.07516274916e-05, 2.0361825591e-05, 7.58474425311e-06, 9.93743287836e-06, 9.43159284361e-06, 7.99870394985e-06, 6.27294548394e-06, 5.62769764656e-06, 9.3828602985e-06, 8.87586065801e-06, 6.37756238575e-06, 6.89900116413e-06, 6.04489832767e-06, 5.1118781812e-06, 4.40328858531e-06, 4.62701882498e-06, 4.43045610155e-06, 4.17830779043e-06, 5.49841661268e-06, 5.56869554202e-06, 5.82693746765e-06, 7.22897948435e-06, 5.74341447646e-06, 6.12301391811e-06, 5.32812691745e-06, 4.22410903411e-06, 4.52438280263e-06, 3.95613551518e-06, 2.52714607996e-06, 1.63990023339e-06, 9.68644258137e-07, 1.47717992149e-06, 2.43369481723e-06, 2.57968235928e-06, 1.97145823222e-06, 1.50823734657e-06, 1.05631204406e-06, 6.96237066222e-07, 7.61637068081e-07, 4.92834374199e-07, 5.59706165859e-07, 3.32401810965e-07, 3.66078154457e-07, 2.85653129595e-07, 3.53096680783e-07, 2.59431203631e-07, 4.03768439128e-07, 2.8886560699e-07, 3.40714905178e-07, 2.27706053124e-07, 1.14087555403e-07, 9.06066830453e-08, 2.04479846388e-08, 4.09058653617e-09, 9.17726172833e-11, 9.248290328e-11, 9.08176589487e-11, 8.8653424879e-11, 8.66545168954e-11, 8.48697501166e-11, 8.32027294284e-11, 8.19184858836e-11, 8.08091926707e-11, 8.00072716411e-11, 7.95133126008e-11]
    },
    "mfcc": {
        "mean": [-620.13470459, 122.771713257, -10.343120575, 23.8447685242, 6.99621391296, 9.11331558228, -8.44380378723, 5.70271253586, -4.19669008255, 0.529867887497, -1.42987406254, -0.272003859282, -2.03193259239],
        "cov": [[2418.47875977, -610.155273438, -298.748718262, -380.577697754, -125.824539185, -156.816299438, -200.094970703, 38.8395767212, 16.2885131836, 22.3924102783, 32.2581214905, -14.3450899124, -95.4398574829], [-610.155273438, 637.233215332, -234.068084717, 123.465049744, -3.09712457657, 13.4871797562, 15.8674345016, 49.2769050598, 5.33863925934, 30.4595470428, -3.07862567902, 35.8604164124, 3.06060934067], [-298.748718262, -234.068084717, 552.821899414, 41.6989173889, 52.8823432922, 28.3496284485, 77.4051055908, -85.1529006958, -6.46207618713, -64.070526123, -12.5223026276, -1.65429842472, 14.5347232819], [-380.577697754, 123.465049744, 41.6989173889, 203.135238647, 70.3007125854, 20.4722995758, -3.54669260979, -12.7156829834, -9.94094467163, 7.27230262756, -0.344965279102, 7.83858823776, 42.1623039246], [-125.824539185, -3.09712457657, 52.8823432922, 70.3007125854, 197.021575928, 21.395778656, -16.4474067688, -11.7236089706, 9.62729263306, 26.1872901917, -5.76362752914, -12.5358905792, 16.131313324], [-156.816299438, 13.4871797562, 28.3496284485, 20.4722995758, 21.395778656, 129.268951416, 71.0414810181, 6.0317697525, 8.69006729126, 23.3128204346, -4.36651468277, -12.5768995285, 7.12029266357], [-200.094970703, 15.8674345016, 77.4051055908, -3.54669260979, -16.4474067688, 71.0414810181, 171.51651001, 13.7292366028, 10.7527256012, -5.97241735458, -12.9746198654, -5.43191957474, 5.7546672821], [38.8395767212, 49.2769050598, -85.1529006958, -12.7156829834, -11.7236089706, 6.0317697525, 13.7292366028, 111.491851807, 14.2666006088, 8.18424701691, 0.158989831805, 7.05869531631, 3.55770587921], [16.2885131836, 5.33863925934, -6.46207618713, -9.94094467163, 9.62729263306, 8.69006729126, 10.7527256012, 14.2666006088, 80.3689117432, 22.9167232513, -4.45611476898, 5.06279087067, -11.8911781311], [22.3924102783, 30.4595470428, -64.070526123, 7.27230262756, 26.1872901917, 23.3128204346, -5.97241735458, 8.18424701691, 22.9167232513, 92.3090438843, 26.6402626038, -3.50070524216, 0.637770056725], [32.2581214905, -3.07862567902, -12.5223026276, -0.344965279102, -5.76362752914, -4.36651468277, -12.9746198654, 0.158989831805, -4.45611476898, 26.6402626038, 61.4312362671, 14.9052934647, 4.70311975479], [-14.3450899124, 35.8604164124, -1.65429842472, 7.83858823776, -12.5358905792, -12.5768995285, -5.43191957474, 7.05869531631, 5.06279087067, -3.50070524216, 14.9052934647, 63.221660614, 4.31501865387], [-95.4398574829, 3.06060934067, 14.5347232819, 42.1623039246, 16.131313324, 7.12029266357, 5.7546672821, 3.55770587921, -11.8911781311, 0.637770056725, 4.70311975479, 4.31501865387, 69.5359802246]],
        "icov": [[0.00106122833677, 0.00114727474283, 0.000790560850874, 0.000942890357692, 9.22124381759e-05, 0.000508556957357, 0.000571757613216, -0.000225909607252, -2.93901575787e-05, -0.000266611430561, -1.03031115941e-05, -0.000361975602573, 0.000580460822675], [0.00114727474283, 0.00379545497708, 0.00212656799704, -0.00104009232018, 0.0002992633963, 0.00066285795765, -0.00029235339025, -0.000456728972495, 7.65466538724e-05, -0.000455251894891, 0.000537455023732, -0.00175769207999, 0.00159399968106], [0.000790560850874, 0.00212656799704, 0.00387865351513, -0.000484794494696, -0.000739433686249, 0.000270003743935, -0.00134820886888, 0.00173609063495, -0.00056161521934, 0.00199731811881, -0.000567268405575, -0.0010214248905, 0.000628712587059], [0.000942890357692, -0.00104009232018, -0.000484794494696, 0.0090261483565, -0.0020078716334, -0.000492354505695, 0.00163528113626, 0.000509550853167, 0.000561013410334, -0.000355103198672, 0.000136075119372, -0.000594743469264, -0.00354993646033], [9.22124381759e-05, 0.0002992633963, -0.000739433686249, -0.0020078716334, 0.00671060243621, -0.000703023048118, 0.00143236969598, -0.000199110101676, -0.000609507202171, -0.00230992771685, 0.00142259616405, 0.00102627160959, -0.000350672315108], [0.000508556957357, 0.00066285795765, 0.000270003743935, -0.000492354505695, -0.000703023048118, 0.011630195193, -0.00449939165264, -0.000341274339007, 0.000261302629951, -0.00336351967417, 0.000793564133346, 0.00122407614253, 0.000218841872993], [0.000571757613216, -0.00029235339025, -0.00134820886888, 0.00163528113626, 0.00143236969598, -0.00449939165264, 0.00947024580091, -0.00160122744273, -0.000828670279589, 0.000306699570501, 0.00102005037479, 0.000330878741806, -0.000719529751223], [-0.000225909607252, -0.000456728972495, 0.00173609063495, 0.000509550853167, -0.000199110101676, -0.000341274339007, -0.00160122744273, 0.0111112138256, -0.00185337429866, 0.000895451637916, -0.000126708124299, -0.000960178091191, -0.0015736479545], [-2.93901575787e-05, 7.65466538724e-05, -0.00056161521934, 0.000561013410334, -0.000609507202171, 0.000261302629951, -0.000828670279589, -0.00185337429866, 0.0151364663616, -0.00509580085054, 0.00342756020837, -0.002545471536, 0.00257288408466], [-0.000266611430561, -0.000455251894891, 0.00199731811881, -0.000355103198672, -0.00230992771685, -0.00336351967417, 0.000306699570501, 0.000895451637916, -0.00509580085054, 0.017726637423, -0.00851080100983, 0.00251352996565, -0.000353328039637], [-1.03031115941e-05, 0.000537455023732, -0.000567268405575, 0.000136075119372, 0.00142259616405, 0.000793564133346, 0.00102005037479, -0.000126708124299, 0.00342756020837, -0.00851080100983, 0.0219882056117, -0.00566120212898, -0.000962634512689], [-0.000361975602573, -0.00175769207999, -0.0010214248905, -0.000594743469264, 0.00102627160959, 0.00122407614253, 0.000330878741806, -0.000960178091191, -0.002545471536, 0.00251352996565, -0.00566120212898, 0.019138565287, -0.00145009846892], [0.000580460822675, 0.00159399968106, 0.000628712587059, -0.00354993646033, -0.000350672315108, 0.000218841872993, -0.000719529751223, -0.0015736479545, 0.00257288408466, -0.000353328039637, -0.000962634512689, -0.00145009846892, 0.0179259460419]]
    },
    "spectral_contrast_coeffs": {
        "max": [-0.441373229027, -0.484252244234, -0.511168420315, -0.571860432625, -0.587440907955, -0.629472076893],
        "mean": [-0.71305501461, -0.76231700182, -0.763532817364, -0.777142167091, -0.772351503372, -0.749381482601],
        "min": [-0.86784940958, -0.927013099194, -0.896542370319, -0.891016423702, -0.864575147629, -0.852092325687],
        "stdev": [0.0630461350083, 0.0673418566585, 0.0660619959235, 0.0523776970804, 0.0471600666642, 0.0353369638324]
    },
    "spectral_contrast_valleys": {
        "max": [-5.00666618347, -4.99032831192, -5.43611907959, -5.57300186157, -6.18661308289, -8.2388753891],
        "mean": [-6.39516448975, -6.47257852554, -7.18571662903, -7.22446489334, -7.39531755447, -10.2051019669],
        "min": [-8.49815654755, -8.2929315567, -9.60411930084, -9.07297325134, -9.38473415375, -12.9340028763],
        "stdev": [0.445780485868, 0.508376479149, 0.531091451645, 0.565775871277, 0.542735934258, 0.829332828522]
    }
},
"rhythm": {
    "beats_count": 110,
    "beats_loudness": {
        "max": 0.0517817474902,
        "mean": 0.0263298228383,
        "min": 0.0024395538494,
        "stdev": 0.0115897469223
    },
    "bpm": 143.981277466,
    "bpm_histogram_first_peak_bpm": 144,
    "bpm_histogram_first_peak_weight": 0.202531695366,
    "bpm_histogram_second_peak_bpm": 117,
    "bpm_histogram_second_peak_spread": 0.299999952316,
    "bpm_histogram_second_peak_weight": 0.128440365195,
    "danceability": 1.12611460686,
    "onset_rate": 4.67578125,
    "beats_loudness_band_ratio": {
        "max": [0.8431224823, 0.638334393501, 0.58235013485, 0.544700562954, 0.443473190069, 0.221208363771],
        "mean": [0.279049187899, 0.27306830883, 0.175945997238, 0.122360140085, 0.14088319242, 0.0637851879001],
        "min": [0.0144859198481, 0.0249842368066, 0.029646538198, 0.0150940911844, 0.0156898312271, 0.0190727710724],
        "stdev": [0.184111133218, 0.159194648266, 0.124667555094, 0.105524323881, 0.110372938216, 0.0311326012015]
    },
