{
"metadata": {
    "version": {
        "essentia": "2.1-beta5",
        "essentia_git_sha": "Undefined",
        "extractor": "music 2.0"
    },
    "audio_properties": {
        "analysis": {
            "equal_loudness": 0,
            "length": 32.4963264465,
            "sample_rate": 44100,
            "start_time": 12.7477550507,
            "downmix": "mix"
        },
        "bit_rate": 192000,
        "length": 209.002807617,
        "lossless": 0,
        "number_channels": 2,
        "replay_gain": -7.36416053772,
        "sample_rate": 48000,
        "codec": "mp3",
        "md5_encoded": "53efa0b57ae877fce923de74fac25ea3"
    },
    "tags": {
        "file_name": "Spain_¡Ay, Qué Deseo!_Antonio Carbonell.mp3",
        "encoding": ["Lavf58.29.100"]
    }
},
"lowlevel": {
    "average_loudness": 0.890411496162,
    "barkbands_crest": {
        "max": 25.6012954712,
        "mean": 9.67681598663,
        "min": 3.17543888092,
        "stdev": 4.49712133408
    },
    "barkbands_flatness_db": {
        "max": 0.370328873396,
        "mean": 0.21470105648,
        "min": 0.0910249203444,
        "stdev": 0.0450160466135
    },
    "barkbands_kurtosis": {
        "max": 105.565345764,
        "mean": 6.52180433273,
        "min": -1.87802231312,
        "stdev": 8.83571052551
    },
    "barkbands_skewness": {
        "max": 8.64194869995,
        "mean": 1.52763950825,
        "min": -1.5363329649,
        "stdev": 1.33634519577
    },
    "barkbands_spread": {
        "max": 84.1611709595,
        "mean": 12.7155237198,
        "min": 1.16185450554,
        "stdev": 10.7694625854
    },
    "dissonance": {
        "max": 0.500000059605,
        "mean": 0.458559572697,
        "min": 0.255777448416,
        "stdev": 0.0347319357097
    },
    "dynamic_complexity": 4.040184021,
    "erbbands_crest": {
        "max": 29.887424469,
        "mean": 10.0704126358,
        "min": 3.58085370064,
        "stdev": 4.55441570282
    },
    "erbbands_flatness_db": {
        "max": 0.345786184072,
        "mean": 0.241083487868,
        "min": 0.140975415707,
        "stdev": 0.0354920476675
    },
    "erbbands_kurtosis": {
        "max": 41.1172904968,
        "mean": 1.35286200047,
        "min": -1.8501304388,
        "stdev": 3.04308009148
    },
    "erbbands_skewness": {
        "max": 5.53853464127,
        "mean": 0.751621305943,
        "min": -3.46054649353,
        "stdev": 0.980650305748
    },
    "erbbands_spread": {
        "max": 109.216629028,
        "mean": 29.4320545197,
        "min": 4.56121969223,
        "stdev": 16.8202552795
    },
    "hfc": {
        "max": 144.486557007,
        "mean": 10.1320934296,
        "min": 0.368776887655,
        "stdev": 15.4552173615
    },
    "loudness_ebu128": {
        "integrated": -18.5886898041,
        "loudness_range": 5.64359855652,
        "momentary": {
            "max": -13.2307891846,
            "mean": -19.7958145142,
            "min": -28.0276069641,
            "stdev": 3.26941895485
        },
        "short_term": {
            "max": -15.4291210175,
            "mean": -19.054271698,
            "min": -23.3541908264,
            "stdev": 1.98112010956
        }
    },
    "melbands_crest": {
        "max": 30.934299469,
        "mean": 11.5672311783,
        "min": 3.48317623138,
        "stdev": 5.13575029373
    },
    "melbands_flatness_db": {
        "max": 0.484931111336,
        "mean": 0.238087594509,
        "min": 0.080002464354,
        "stdev": 0.0858375430107
    },
    "melbands_kurtosis": {
        "max": 159.808700562,
        "mean": 13.0341873169,
        "min": -1.78955972195,
        "stdev": 14.9715948105
    },
    "melbands_skewness": {
        "max": 8.33163833618,
        "mean": 2.12702655792,
        "min": -0.781709253788,
        "stdev": 1.55377674103
    },
    "melbands_spread": {
        "max": 156.867889404,
        "mean": 17.2157077789,
        "min": 1.47043097019,
        "stdev": 15.7889060974
    },
    "pitch_salience": {
        "max": 0.856020510197,
        "mean": 0.630554318428,
        "min": 0.129341885448,
        "stdev": 0.132684499025
    },
    "silence_rate_20dB": {
        "max": 1,
        "mean": 1,
        "min": 1,
        "stdev": 0
    },
    "silence_rate_30dB": {
        "max": 1,
        "mean": 0.996431112289,
        "min": 0,
        "stdev": 0.0596334263682
    },
    "silence_rate_60dB": {
        "max": 1,
        "mean": 0.159885793924,
        "min": 0,
        "stdev": 0.366498470306
    },
    "spectral_centroid": {
        "max": 4115.95849609,
        "mean": 1134.97961426,
        "min": 231.971725464,
        "stdev": 739.034606934
    },
    "spectral_complexity": {
        "max": 37,
        "mean": 11.675945282,
        "min": 1,
        "stdev": 6.50605726242
    },
    "spectral_decrease": {
        "max": -1.10633363581e-10,
        "mean": -3.64851748813e-09,
        "min": -3.70939758909e-08,
        "stdev": 4.6305679291e-09
    },
    "spectral_energy": {
        "max": 0.146460026503,
        "mean": 0.0146893588826,
        "min": 0.000475109671243,
        "stdev": 0.0185407940298
    },
    "spectral_energyband_high": {
        "max": 0.0151843940839,
        "mean": 0.000297051970847,
        "min": 3.28825422002e-07,
        "stdev": 0.000983692472801
    },
    "spectral_energyband_low": {
        "max": 0.0566340200603,
        "mean": 0.0026498590596,
        "min": 1.64392659485e-07,
        "stdev": 0.00436161458492
    },
    "spectral_energyband_middle_high": {
        "max": 0.0549210347235,
        "mean": 0.00268362159841,
        "min": 3.05784160446e-05,
        "stdev": 0.00498388055712
    },
    "spectral_energyband_middle_low": {
        "max": 0.130828976631,
        "mean": 0.00945599656552,
        "min": 8.16747851786e-05,
        "stdev": 0.0152484392747
    },
    "spectral_entropy": {
        "max": 8.21652889252,
        "mean": 7.18316316605,
        "min": 5.53387260437,
        "stdev": 0.512533187866
    },
    "spectral_flux": {
        "max": 0.279226988554,
        "mean": 0.0581779517233,
        "min": 0.0112335393205,
        "stdev": 0.041432723403
    },
    "spectral_kurtosis": {
        "max": 44.6268005371,
        "mean": 5.34935712814,
        "min": -1.06961929798,
        "stdev": 5.46744251251
    },
    "spectral_rms": {
        "max": 0.0119535699487,
        "mean": 0.00328827346675,
        "min": 0.000680824217852,
        "stdev": 0.00187572371215
    },
    "spectral_rolloff": {
        "max": 6976.7578125,
        "mean": 1230.17590332,
        "min": 150.732421875,
        "stdev": 1153.21411133
    },
    "spectral_skewness": {
        "max": 5.19584798813,
        "mean": 1.51263344288,
        "min": -0.353375166655,
        "stdev": 0.677514970303
    },
    "spectral_spread": {
        "max": 10621148,
        "mean": 3013815.75,
        "min": 1222936.125,
        "stdev": 812254.0625
    },
    "spectral_strongpeak": {
        "max": 13.4616632462,
        "mean": 0.834913372993,
        "min": 0.0277655590326,
        "stdev": 1.21298420429
    },
    "zerocrossingrate": {
        "max": 0.2119140625,
        "mean": 0.0493275597692,
        "min": 0.00537109375,
        "stdev": 0.0318902358413
    },
    "barkbands": {
        "max": [0.00195951596834, 0.0397199317813, 0.0220338627696, 0.0165343731642, 0.122443318367, 0.0927204936743, 0.0839232355356, 0.056045383215, 0.112095654011, 0.0422773472965, 0.0112883374095, 0.0158582180738, 0.022142091766, 0.0295351222157, 0.0240665003657, 0.00905781518668, 0.00984968524426, 0.010630428791, 0.0220647789538, 0.00172126875259, 0.00253425911069, 0.0048872823827, 0.00787628814578, 0.000655772746541, 1.39651638165e-05, 3.39570163987e-07, 3.5017370692e-07],
        "mean": [5.05464886373e-05, 0.00137697032187, 0.000945223902818, 0.000505341391545, 0.00308202579618, 0.00282865320332, 0.00105793005787, 0.000605079578236, 0.00117228005547, 0.000460832263343, 0.000198554553208, 0.000225989802857, 0.000239687447902, 0.000367458414985, 0.00039053321234, 0.000260580476606, 0.000234869832639, 0.000161180258146, 0.000210886937566, 4.20208998548e-05, 9.61019468377e-05, 9.72764391918e-05, 6.93577749189e-05, 9.77117542789e-06, 2.15586567265e-07, 1.30854616032e-09, 7.93227539209e-10],
        "min": [2.73972555753e-09, 3.26306164311e-08, 2.10099670994e-08, 4.29211510777e-08, 7.50848585085e-07, 1.54058670887e-06, 3.78152981284e-06, 8.19937895358e-07, 2.67526479547e-06, 2.52014501712e-06, 2.07417130582e-07, 8.10431231457e-07, 6.5472136157e-07, 1.4350862898e-07, 9.13419853532e-07, 5.13937095548e-07, 6.06547757798e-07, 3.13972179811e-07, 3.34405200419e-07, 1.60702924745e-07, 7.13851235901e-08, 1.91815985318e-08, 1.28173978098e-08, 2.06019001858e-09, 5.9716190326e-11, 2.09290380165e-11, 2.71710275807e-11],
        "stdev": [0.000143241675687, 0.0023697251454, 0.00184340495616, 0.00106260809116, 0.00718885008246, 0.00833375379443, 0.00424780324101, 0.00321243004873, 0.00638119038194, 0.00205019512214, 0.000575678830501, 0.000643138657324, 0.000900235492736, 0.00147342937998, 0.00149061647244, 0.000563856272493, 0.000643519335426, 0.00067781819962, 0.00108468311373, 0.000109106207674, 0.000262401561486, 0.000338089157594, 0.000392596644815, 4.44668767159e-05, 9.92424475044e-07, 1.01401509411e-08, 9.6301775443e-09]
    },
    "erbbands": {
        "max": [1.43512201309, 7.78643608093, 21.5251102448, 39.943611145, 56.0589561462, 552.2890625, 486.557800293, 952.841552734, 896.492248535, 1477.71264648, 1577.47302246, 2559.75268555, 1529.88452148, 320.740325928, 471.447906494, 653.777099609, 865.80645752, 1042.74353027, 1354.86157227, 439.791625977, 303.279144287, 515.223571777, 748.621459961, 1325.54394531, 270.027526855, 78.2543182373, 88.9939880371, 91.7610092163, 178.582611084, 308.877685547, 142.529571533, 26.2481861115, 6.70348882675, 0.542051851749, 0.0177852939814, 0.00177415832877, 0.000624697597232, 0.000219285619096, 7.73743304308e-05, 0.000168733226019],
        "mean": [0.0363667495549, 0.323319762945, 1.06621778011, 1.51075208187, 4.02231121063, 13.1556577682, 17.7512722015, 23.6959323883, 16.7405891418, 12.3159236908, 19.5651397705, 27.5060424805, 17.5493354797, 9.87527084351, 7.64322423935, 9.76703834534, 10.4116268158, 17.1642055511, 22.4463405609, 16.045797348, 13.810918808, 13.010468483, 9.81944942474, 12.646604538, 5.54361581802, 2.12466263771, 3.16927266121, 3.91561055183, 3.29032301903, 3.23253273964, 1.68623518944, 0.374832540751, 0.110032685101, 0.00907461252064, 0.000342486920999, 4.46989688498e-05, 1.46823413161e-05, 4.54165729025e-06, 8.44268561195e-06, 1.74184169737e-05],
        "min": [7.94012976257e-07, 9.9776461866e-06, 4.94327541674e-05, 0.000172937085154, 0.000697773997672, 0.00181892060209, 0.00438482267782, 0.0203461013734, 0.0414164066315, 0.100723437965, 0.0921510383487, 0.0990709140897, 0.100552096963, 0.0427042618394, 0.0160541664809, 0.043069768697, 0.0394698902965, 0.0203088913113, 0.04255162552, 0.0476377867162, 0.07314350456, 0.0486342087388, 0.0439352244139, 0.0237495396286, 0.0133112315089, 0.00634420057759, 0.00574277993292, 0.00258499849588, 0.00141727610026, 0.000591830292251, 0.000329441914801, 6.98674266459e-05, 2.42356290983e-05, 6.09793687545e-06, 1.92745324057e-06, 8.03112300218e-07, 4.50554836107e-07, 9.62280282124e-08, 3.73932579123e-07, 7.38028745673e-07],
        "stdev": [0.0737345144153, 0.540892720222, 1.90186321735, 2.99353003502, 6.08964729309, 35.3635406494, 46.5185661316, 76.8949203491, 43.8601875305, 71.4888305664, 99.221282959, 146.787384033, 77.753616333, 22.0869407654, 18.539226532, 26.0387687683, 33.8678207397, 53.5112190247, 84.8794403076, 35.7855262756, 27.4093208313, 33.2537002563, 41.9209022522, 65.1546936035, 18.9041824341, 5.34004592896, 8.99786949158, 10.315943718, 10.7144374847, 15.6797199249, 8.97369766235, 1.73170769215, 0.479050636292, 0.0374171435833, 0.00133301061578, 0.000142782082548, 3.95805072912e-05, 1.36765147545e-05, 1.08182075564e-05, 2.17769465962e-05]
    },
    "gfcc": {
        "mean": [-106.156494141, 151.988739014, -168.128372192, 52.7723007202, -69.3995742798, -3.18053889275, -21.8828411102, -24.8105278015, 10.7887449265, -23.4199962616, 5.74217367172, -9.29986000061, 3.95927476883],
        "cov": [[3144.73168945, -462.329833984, 82.6454162598, 370.681793213, -283.250488281, 94.0936508179, -84.3080215454, 34.1578636169, 153.529998779, -21.0719337463, -77.7510910034, 63.0975494385, 18.6697540283], [-462.329833984, 2192.02563477, 1880.41638184, 427.048400879, 501.483032227, -458.429962158, 252.045440674, -228.588821411, -82.7623291016, -41.7961082458, 36.4955101013, 131.506958008, -70.0537185669], [82.6454162598, 1880.41638184, 2412.89550781, 916.028503418, 287.590881348, -413.468200684, 118.545455933, -225.48614502, -66.0995941162, -46.3692131042, 11.062005043, 148.039642334, -31.153421402], [370.681793213, 427.048400879, 916.028503418, 700.105773926, 60.6743087769, -175.319366455, -29.0535964966, -62.6194572449, -12.359172821, -16.1099796295, -2.76688599586, 40.4715042114, 19.8235988617], [-283.250488281, 501.483032227, 287.590881348, 60.6743087769, 308.772827148, -117.680656433, 58.2501068115, -17.7015552521, -27.8385601044, -1.9663285017, 7.24922037125, 7.39978170395, -36.3941841125], [94.0936508179, -458.429962158, -413.468200684, -175.319366455, -117.680656433, 277.328826904, -2.5634264946, 51.3902397156, 20.9972248077, 2.29377698898, 8.27192974091, -38.1308403015, 16.3723506927], [-84.3080215454, 252.045440674, 118.545455933, -29.0535964966, 58.2501068115, -2.5634264946, 176.976150513, 17.0807247162, -38.4849739075, 8.49383068085, 1.37370646, 10.6893186569, -14.7575874329], [34.1578636169, -228.588821411, -225.48614502, -62.6194572449, -17.7015552521, 51.3902397156, 17.0807247162, 119.745689392, 21.7039699554, -0.07652823627, -2.76960420609, -26.410282135, -6.81503152847], [153.529998779, -82.7623291016, -66.0995941162, -12.359172821, -27.8385601044, 20.9972248077, -38.4849739075, 21.7039699554, 111.505226135, 17.9804878235, -34.2420349121, 7.49929046631, -0.790732443333], [-21.0719337463, -41.7961082458, -46.3692131042, -16.1099796295, -1.9663285017, 2.29377698898, 8.49383068085, -0.07652823627, 17.9804878235, 69.7467041016, 21.6652507782, -12.4793386459, 0.812716424465], [-77.7510910034, 36.4955101013, 11.062005043, -2.76688599586, 7.24922037125, 8.27192974091, 1.37370646, -2.76960420609, -34.2420349121, 21.6652507782, 85.3048095703, 4.10137176514, 0.787968933582], [63.0975494385, 131.506958008, 148.039642334, 40.4715042114, 7.39978170395, -38.1308403015, 10.6893186569, -26.410282135, 7.49929046631, -12.4793386459, 4.10137176514, 84.5873947144, 25.3016090393], [18.6697540283, -70.0537185669, -31.153421402, 19.8235988617, -36.3941841125, 16.3723506927, -14.7575874329, -6.81503152847, -0.790732443333, 0.812716424465, 0.787968933582, 25.3016090393, 67.1079330444]],
        "icov": [[0.000435396679677, 1.30402304421e-05, 9.81133998721e-05, -0.00043459207518, 0.000345758919138, -0.00018071764498, -8.67723210831e-05, -1.01587320387e-05, -0.000402834353736, 7.710186037e-05, 0.000192785533727, -0.000513690465596, 0.000463629403384], [1.30402304421e-05, 0.010066896677, -0.00701250974089, 0.00550850806758, -0.00692801130936, 0.00680045364425, -0.0101618384942, 0.00882660783827, -0.00907460227609, 0.00964828021824, -0.00914684962481, 0.00533486483619, -0.00325984531082], [9.81133998721e-05, -0.00701250974089, 0.00638204021379, -0.0055692740716, 0.00452599860728, -0.00425647152588, 0.00575706735253, -0.00438497867435, 0.00566874118522, -0.00581630598754, 0.00582405040041, -0.00475808791816, 0.00343676260673], [-0.00043459207518, 0.00550850806758, -0.0055692740716, 0.00703203538433, -0.00375430192798, 0.0044484869577, -0.00392717029899, 0.00335311703384, -0.00420985324308, 0.0047771288082, -0.0048277368769, 0.00459353392944, -0.00421856157482], [0.000345758919138, -0.00692801130936, 0.00452599860728, -0.00375430192798, 0.00953190587461, -0.00322076538578, 0.00591837847605, -0.00633554765955, 0.00601979298517, -0.00633326964453, 0.00593111338094, -0.00354917277582, 0.00391117436811], [-0.00018071764498, 0.00680045364425, -0.00425647152588, 0.0044484869577, -0.00322076538578, 0.0108280451968, -0.00848633050919, 0.0059764534235, -0.00825990457088, 0.00890412181616, -0.00868545845151, 0.00678232731298, -0.0044488213025], [-8.67723210831e-05, -0.0101618384942, 0.00575706735253, -0.00392717029899, 0.00591837847605, -0.00848633050919, 0.0195529535413, -0.0129234511405, 0.0149027500302, -0.0146810123697, 0.0130677176639, -0.00881044287235, 0.00503817992285], [-1.01587320387e-05, 0.00882660783827, -0.00438497867435, 0.00335311703384, -0.00633554765955, 0.0059764534235, -0.0129234511405, 0.0207361392677, -0.0128097040579, 0.0125371189788, -0.0109549565241, 0.0080156121403, -0.00263564451598], [-0.000402834353736, -0.00907460227609, 0.00566874118522, -0.00420985324308, 0.00601979298517, -0.00825990457088, 0.0149027500302, -0.0128097040579, 0.0255783200264, -0.0183493643999, 0.0176924429834, -0.0113700348884, 0.00637321686372], [7.710186037e-05, 0.00964828021824, -0.00581630598754, 0.0047771288082, -0.00633326964453, 0.00890412181616, -0.0146810123697, 0.0125371189788, -0.0183493643999, 0.0315497741103, -0.018741035834, 0.0123558593914, -0.00665996642783], [0.000192785533727, -0.00914684962481, 0.00582405040041, -0.0048277368769, 0.00593111338094, -0.00868545845151, 0.0130677176639, -0.0109549565241, 0.0176924429834, -0.018741035834, 0.0269937273115, -0.0106804408133, 0.00576987536624], [-0.000513690465596, 0.00533486483619, -0.00475808791816, 0.00459353392944, -0.00354917277582, 0.00678232731298, -0.00881044287235, 0.0080156121403, -0.0113700348884, 0.0123558593914, -0.0106804408133, 0.0238784365356, -0.011717826128], [0.000463629403384, -0.00325984531082, 0.00343676260673, -0.00421856157482, 0.00391117436811, -0.0044488213025, 0.00503817992285, -0.00263564451598, 0.00637321686372, -0.00665996642783, 0.00576987536624, -0.011717826128, 0.0227637831122]]
    },
    "melbands": {
        "max": [0.0122678307816, 0.00939173437655, 0.00572129385546, 0.0181009098887, 0.0233411975205, 0.0196933299303, 0.0161533970386, 0.0137582561001, 0.0160807855427, 0.0137314619496, 0.00784818455577, 0.00187224859837, 0.00125661829952, 0.0013561375672, 0.00263272062875, 0.00296471919864, 0.00222767656669, 0.00261901412159, 0.00158105429728, 0.000856594881043, 0.00048068878823, 0.000450819992693, 0.000651196052786, 0.000699270807672, 0.00126605934929, 0.000485172058688, 2.1431780624e-05, 6.66276464472e-05, 6.60336154397e-05, 8.84690962266e-05, 5.27426709596e-05, 7.36653091735e-05, 0.000147853832459, 0.000222446178668, 0.000106619896542, 3.34003962053e-05, 1.14230315376e-05, 5.01249405715e-06, 1.78710070031e-06, 1.14839338039e-07],
        "mean": [0.00035187083995, 0.000506635056809, 0.000308152608341, 0.000629615096841, 0.000637786230072, 0.000531285942998, 0.000244559283601, 0.000121027580462, 0.000182188814506, 0.000164372831932, 8.49849602673e-05, 4.07349762099e-05, 2.50634711847e-05, 2.41213601839e-05, 2.41132565861e-05, 2.53808866546e-05, 3.33835523634e-05, 3.57884273399e-05, 2.84426496364e-05, 1.91790095414e-05, 1.54595563799e-05, 1.40905685839e-05, 9.69410757534e-06, 7.83146242611e-06, 1.09494758362e-05, 6.333874353e-06, 1.58948728313e-06, 1.31226329358e-06, 1.6206267901e-06, 2.64501954916e-06, 2.1443922833e-06, 1.70442763192e-06, 2.10545363188e-06, 1.74084345872e-06, 1.15479360829e-06, 3.9037556121e-07, 1.71753953282e-07, 9.32119945674e-08, 2.12703046287e-08, 1.50536316745e-09],
        "min": [7.24463511403e-09, 2.48022402616e-08, 7.31060367798e-08, 9.11592934472e-08, 1.72110645735e-07, 3.92000117699e-07, 6.49616993087e-07, 7.05740035301e-07, 4.33711960568e-07, 4.04366915063e-07, 3.3946528788e-07, 1.13322229822e-07, 2.82829226705e-08, 5.87054529433e-08, 8.42582039695e-08, 5.01929768859e-08, 2.03683949707e-08, 2.54884078288e-08, 5.91389728299e-08, 4.53170336812e-08, 3.70095953883e-08, 2.94987962945e-08, 5.41943414589e-08, 1.18001555194e-08, 1.89910380755e-08, 6.14834849699e-09, 3.62477425853e-09, 2.97689584094e-09, 2.30286872904e-10, 3.08991748854e-10, 9.22497411793e-10, 6.33371910475e-10, 2.14333897852e-10, 1.49288317819e-10, 2.59182952878e-10, 2.28002131064e-11, 3.54388458683e-12, 5.43184377685e-12, 1.74762732497e-12, 4.82046965278e-13],
        "stdev": [0.000643815088551, 0.000836651248392, 0.00050886941608, 0.00133488373831, 0.00158476666547, 0.00161439063959, 0.000735752109904, 0.000690001295879, 0.000970725435764, 0.00086900847964, 0.00039797500358, 0.00010244987061, 6.78235082887e-05, 6.22157385806e-05, 8.84773908183e-05, 0.000107978565211, 0.000116297371278, 0.00014167666086, 9.99803087325e-05, 4.82536634081e-05, 3.45783264493e-05, 3.53965988324e-05, 3.45170992659e-05, 3.83010083169e-05, 6.08400987403e-05, 2.97572496493e-05, 2.68856865659e-06, 4.13606130678e-06, 5.04108402311e-06, 8.11656900623e-06, 5.60057424082e-06, 4.98323061038e-06, 9.12364976102e-06, 9.85488713923e-06, 6.44692590868e-06, 1.9341002826e-06, 7.97661130036e-07, 4.09525853229e-07, 9.63844115631e-08, 6.46794129366e-09]
    },
    "melbands128": {
        "max": [0.00194505625404, 0.010699968785, 0.0199146457016, 0.0138735547662, 0.0103230169043, 0.0110606588423, 0.0098800836131, 0.00600332999602, 0.00469757430255, 0.0191655904055, 0.0362533889711, 0.0499399006367, 0.0193846598268, 0.0355921536684, 0.0358993634582, 0.0206768158823, 0.0109472749755, 0.0259849894792, 0.0276558212936, 0.0244795065373, 0.00881413277239, 0.0208481419832, 0.0231723859906, 0.0462935194373, 0.0278667788953, 0.0174205135554, 0.00886971782893, 0.0143754817545, 0.0105855986476, 0.00161009421572, 0.00107090640813, 0.00371396914124, 0.00132383941673, 0.00211850740016, 0.00185811345, 0.00231524487026, 0.00207738555036, 0.00525426957756, 0.00193011225201, 0.00210043624975, 0.00571852969006, 0.00291056022979, 0.00439980812371, 0.00254548015073, 0.00825435202569, 0.00168078613933, 0.00567816570401, 0.00406703585759, 0.000772006227635, 0.00112152448855, 0.00172566529363, 0.0007037128089, 0.000786188815255, 0.000717019836884, 0.00153482204769, 0.000382661179174, 0.00144448049832, 0.000963420548942, 0.00047676792019, 0.00136225030292, 0.00118331576232, 0.00109850754961, 0.00118871685117, 0.00275635858998, 0.00162389688194, 0.000844598980621, 0.00014724736684, 4.41754527856e-05, 3.32508170686e-05, 4.08816886193e-05, 8.27967451187e-05, 0.000116984156193, 8.0775564129e-05, 6.88422805979e-05, 9.51766633079e-05, 0.000143011842738, 0.000136354021379, 7.27506558178e-05, 7.65157310525e-05, 9.60442412179e-05, 6.95189955877e-05, 5.92995347688e-05, 0.000200182737899, 0.000212270213524, 0.000241291665589, 0.00018186820671, 0.000378148310119, 0.000333423318807, 0.000140995267429, 7.40947798477e-05, 6.0540438426e-05, 2.19564226427e-05, 1.37069446282e-05, 1.19300884762e-05, 1.70178936969e-05, 6.83164216753e-06, 4.54580458609e-06, 6.23189453108e-06, 1.93843720808e-06, 8.61910223193e-07, 1.57036666337e-07, 7.67114727296e-08, 2.42966020636e-08, 3.13972403632e-09, 2.94541435686e-09, 2.76411782352e-09, 2.61937627144e-09, 2.49323406365e-09, 2.36696418021e-09, 2.26176899432e-09, 2.15501172462e-09, 2.05983985424e-09, 1.97697658244e-09, 1.89174786946e-09, 1.82774095858e-09, 1.76043146727e-09, 1.69655711701e-09, 1.64994806706e-09, 1.59611091011e-09, 1.54222645765e-09, 1.51798995596e-09, 1.47400136541e-09, 1.4452925523e-09, 1.42958378468e-09, 1.39770839347e-09, 1.382020276e-09, 1.36761812985e-09, 1.35990818606e-09],
        "mean": [4.36428308603e-05, 0.000268445844995, 0.000461963267298, 0.000549383985344, 0.000581337313633, 0.000425022299169, 0.000303245615214, 0.00023454662005, 0.000326588196913, 0.000713137094863, 0.000794775201939, 0.000635525328107, 0.000552169862203, 0.000705453101546, 0.000619081605691, 0.000386030238587, 0.00031200092053, 0.000205328105949, 0.000185800075997, 0.000139596071676, 7.03403711668e-05, 0.000104250982986, 0.000212352955714, 0.000247087213211, 0.000187184894457, 0.000150240623043, 6.74794209772e-05, 9.97576571535e-05, 7.43233176763e-05, 3.72440408682e-05, 3.49487418134e-05, 3.13684504363e-05, 1.9670196707e-05, 2.75776037597e-05, 2.0199084247e-05, 2.30190071306e-05, 2.97883470921e-05, 2.73984678643e-05, 1.84683467523e-05, 1.76806734089e-05, 3.1940118788e-05, 2.83735771518e-05, 2.713037793e-05, 4.06846083933e-05, 3.97763433284e-05, 2.38035790971e-05, 4.9285186833e-05, 3.32661547873e-05, 1.69904633367e-05, 1.74448741745e-05, 2.32412094192e-05, 1.62592477864e-05, 1.48425233419e-05, 1.49818106365e-05, 1.64566481544e-05, 1.30267753775e-05, 1.43036668305e-05, 9.83688005363e-06, 7.6027877185e-06, 1.0037908396e-05, 7.75467560743e-06, 5.84163672102e-06, 8.9534696599e-06, 1.44394070958e-05, 1.18212583402e-05, 6.03599528404e-06, 3.12850602313e-06, 1.68547251178e-06, 1.36263054173e-06, 1.12664417884e-06, 1.30730279579e-06, 1.40493864365e-06, 1.34907497795e-06, 1.5355353753e-06, 1.8658481622e-06, 3.30280886374e-06, 2.53989082921e-06, 2.34503318097e-06, 2.09487961911e-06, 1.99929672817e-06, 1.60189279086e-06, 1.4797105905e-06, 2.10921621147e-06, 2.41244833887e-06, 1.9482913558e-06, 1.47494006342e-06, 1.90308605852e-06, 1.77673052804e-06, 1.06984191461e-06, 7.91098443642e-07, 5.27210147538e-07, 2.74661033473e-07, 1.45758789927e-07, 1.73781245394e-07, 1.92939737076e-07, 1.21702470324e-07, 7.42945189813e-08, 4.43247039073e-08, 2.15215649746e-08, 9.7016545908e-09, 2.27779728412e-09, 2.11695383445e-10, 4.46988938918e-11, 8.983753845e-12, 8.87092309332e-12, 8.89975072804e-12, 9.43215904686e-12, 8.52774621751e-12, 6.79999112574e-12, 5.76211691208e-12, 5.9683182875e-12, 7.14655851858e-12, 7.04238837385e-12, 8.38827791949e-12, 1.01006520856e-11, 1.05243626314e-11, 5.61392772547e-12, 3.83851023883e-12, 3.47396026876e-12, 3.35115203816e-12, 3.26230058592e-12, 3.17054217082e-12, 3.09639705369e-12, 3.03297968338e-12, 2.93305353963e-12, 2.81480481285e-12, 2.74273746076e-12, 2.71875100558e-12],
        "min": [2.8010238573e-10, 5.26254728683e-09, 5.35930810841e-09, 1.55742796437e-08, 3.47111450694e-09, 1.19928635911e-08, 1.58474513512e-08, 1.70905014585e-08, 3.08383292236e-08, 2.12071107342e-08, 2.71761528836e-08, 6.70221282917e-08, 4.58762841049e-08, 8.31266646628e-08, 2.63850346016e-08, 6.104298933e-08, 6.48857962915e-08, 8.12490483781e-08, 1.68914354504e-07, 1.62751263133e-07, 1.43885173998e-07, 7.16586043836e-08, 7.55037845579e-08, 1.68219727925e-07, 2.35454791664e-07, 5.94918034835e-08, 1.62253979141e-08, 1.04085799535e-07, 1.78294101261e-07, 1.69281122453e-08, 4.28755555504e-08, 2.89949060317e-08, 1.23872805347e-08, 1.87279241004e-08, 1.3929062348e-08, 2.5330107789e-08, 1.35306947868e-08, 2.79340319764e-08, 2.18764828475e-08, 3.55921603301e-09, 2.48144402804e-08, 8.8691862743e-09, 7.58358709163e-09, 1.05990416444e-08, 1.34538691299e-08, 8.7349034672e-09, 8.8541431964e-09, 1.85773210148e-08, 1.58371928904e-08, 1.90742799333e-08, 2.32734969074e-08, 5.83599435444e-09, 6.28956886572e-09, 9.29888610557e-09, 9.46500211541e-09, 1.17521645748e-08, 4.86397899735e-09, 1.27824906215e-08, 1.43888074788e-08, 1.57937307677e-09, 3.318174846e-09, 4.03881639244e-09, 5.92118576392e-09, 7.18213399864e-09, 2.62028021503e-09, 4.39468639257e-09, 3.75488973248e-09, 5.61707458324e-10, 2.28402452507e-09, 9.61239532415e-10, 7.67109209487e-10, 2.65573202318e-10, 2.31018496e-10, 9.41861866277e-11, 1.42084732868e-10, 1.30141120103e-10, 2.57495570005e-11, 3.544381455e-10, 7.12168379824e-11, 7.47394368616e-11, 1.33574193373e-10, 3.58690799285e-10, 2.45838793766e-10, 5.15363689224e-11, 2.04873323167e-11, 4.77592201897e-11, 4.34268523919e-11, 5.75761001376e-11, 2.60455181728e-11, 4.89982143401e-12, 9.2597208113e-13, 1.16698057467e-12, 4.6224278745e-12, 3.8865941715e-12, 3.46470248325e-12, 2.40525850105e-12, 4.18000296919e-13, 6.76700232308e-13, 3.15488683355e-13, 6.10435042358e-13, 2.49302802794e-13, 7.92475080783e-14, 7.62965604866e-14, 9.26929973749e-14, 7.37587278038e-14, 6.46020712511e-14, 7.4275194285e-14, 7.27828103233e-14, 9.6586462244e-14, 6.38219268016e-14, 9.14197238961e-14, 8.05958761101e-14, 8.86797281658e-14, 7.26825758325e-14, 5.5924977648e-14, 8.2669182372e-14, 6.62631231894e-14, 8.74231378479e-14, 9.28858972702e-14, 9.05173492042e-14, 9.47012311777e-14, 7.8423921003e-14, 8.80589614356e-14, 9.67667040789e-14, 5.723540538e-14, 2.48960991118e-14, 3.88074539883e-15, 1.43233562548e-16],
        "stdev": [0.000133583584102, 0.000612688600086, 0.000903533014935, 0.000943869352341, 0.00100362114608, 0.000873234937899, 0.000676991883665, 0.000465537479613, 0.000556981307454, 0.00131781073287, 0.00248944899067, 0.00239279842936, 0.00159388536122, 0.00276654423214, 0.0025611363817, 0.00118316325825, 0.000730011553969, 0.000961575191468, 0.00136052048765, 0.00111334701069, 0.000441536307335, 0.000779894995503, 0.00125384051353, 0.00199013482779, 0.00133413565345, 0.00110730237793, 0.000421815377194, 0.000624357315246, 0.000447209255071, 9.43298146012e-05, 8.69509021868e-05, 0.00015557181905, 6.53650058666e-05, 8.07672404335e-05, 7.21312171663e-05, 7.95817322796e-05, 8.84145702003e-05, 0.000160871859407, 8.3422732132e-05, 7.30161918909e-05, 0.000199669986614, 0.000126837359858, 0.000140500182169, 0.000190034072148, 0.000296850979794, 9.41292382777e-05, 0.000320482999086, 0.000176337838639, 4.57593596366e-05, 5.40553082828e-05, 8.895087376e-05, 4.293496022e-05, 4.01049073844e-05, 4.59289840364e-05, 6.49226640235e-05, 3.34932483383e-05, 6.1084254412e-05, 4.36435439042e-05, 2.84841771645e-05, 6.14363671048e-05, 5.38260646863e-05, 3.88052394555e-05, 4.85275268147e-05, 0.000116242343211, 8.5250750999e-05, 3.71651403839e-05, 9.33766477829e-06, 3.74699652639e-06, 2.91524179374e-06, 2.74645549325e-06, 4.55924282505e-06, 5.54051757717e-06, 4.9731843319e-06, 5.14256544193e-06, 6.35562673779e-06, 1.13463847811e-05, 9.34050967771e-06, 7.29752491679e-06, 6.38730716673e-06, 6.20586706646e-06, 4.76110881209e-06, 4.74770831715e-06, 9.02400915948e-06, 1.24821435747e-05, 9.87428029475e-06, 7.10701078788e-06, 1.53363089339e-05, 1.31209208121e-05, 5.79439574722e-06, 4.23106530434e-06, 2.90860793939e-06, 1.25991891764e-06, 7.60771854402e-07, 7.73772228513e-07, 1.02228591459e-06, 5.42922009572e-07, 3.28412767203e-07, 2.50458441542e-07, 1.01049344892e-07, 4.67637555346e-08, 9.85331816139e-09, 2.29432028931e-09, 6.64583443832e-10, 1.01907010608e-10, 9.38916444593e-11, 8.64709623349e-11, 8.09532024748e-11, 7.577021649e-11, 7.08033215391e-11, 6.66048813325e-11, 6.3042335241e-11, 6.08878225616e-11, 5.80073766798e-11, 5.82684803185e-11, 6.57706666907e-11, 7.00052030234e-11, 5.01825560273e-11, 4.58737318965e-11, 4.4114024933e-11, 4.24883982164e-11, 4.169398507e-11, 4.04119966657e-11, 3.95313157209e-11, 3.90218309054e-11, 3.81212839073e-11, 3.76583417228e-11, 3.72387086445e-11, 3.7013756643e-11]
    },
    "mfcc": {
        "mean": [-720.407897949, 148.626998901, -26.9031524658, 38.1384658813, -16.3360118866, 18.489692688, -26.1477661133, 10.7266492844, -11.6943483353, 3.22285413742, -7.74774932861, 1.69235026836, -6.31177425385],
        "cov": [[3334.66894531, -1279.77404785, -316.252044678, -236.832717896, -213.945785522, 68.9713821411, -350.349609375, 156.163635254, 33.3108406067, 83.4523010254, 17.0012683868, 31.0686626434, -176.839202881], [-1279.77404785, 2241.02807617, 1114.41479492, 878.36706543, 263.30279541, 126.057479858, 200.002182007, 8.60657596588, -73.5027008057, -184.725250244, 108.476593018, -116.099601746, 78.930557251], [-316.252044678, 1114.41479492, 1770.10534668, 1095.3503418, 264.112792969, 188.427627563, 20.5630569458, 30.87317276, -74.6020965576, -140.065475464, -7.21173048019, -86.6024627686, 40.8514862061], [-236.832717896, 878.36706543, 1095.3503418, 1093.9197998, 258.393737793, 81.8667373657, 21.5198612213, -3.50363636017, -47.6844367981, -112.293106079, 15.9969596863, -78.1266098022, 3.81850337982], [-213.945785522, 263.30279541, 264.112792969, 258.393737793, 244.527008057, 13.3194561005, -5.22615814209, -7.40453481674, -20.7791786194, -21.3404979706, 18.6279525757, -31.5117549896, -10.9003143311], [68.9713821411, 126.057479858, 188.427627563, 81.8667373657, 13.3194561005, 140.173400879, -1.46163582802, 9.36082744598, -5.21770143509, -6.56906795502, -0.901743352413, -21.5268497467, -1.28210890293], [-350.349609375, 200.002182007, 20.5630569458, 21.5198612213, -5.22615814209, -1.46163582802, 240.821914673, -6.48883914948, -27.3477630615, 13.3931713104, -1.80056917667, 1.39943015575, 22.492816925], [156.163635254, 8.60657596588, 30.87317276, -3.50363636017, -7.40453481674, 9.36082744598, -6.48883914948, 111.532356262, 24.8440227509, -8.63951587677, 14.9508829117, -11.5966663361, -7.29932832718], [33.3108406067, -73.5027008057, -74.6020965576, -47.6844367981, -20.7791786194, -5.21770143509, -27.3477630615, 24.8440227509, 106.274650574, 4.86181879044, 16.4975357056, -8.19469451904, -1.35428833961], [83.4523010254, -184.725250244, -140.065475464, -112.293106079, -21.3404979706, -6.56906795502, 13.3931713104, -8.63951587677, 4.86181879044, 121.007804871, 10.2068843842, 6.45597076416, -22.8684921265], [17.0012683868, 108.476593018, -7.21173048019, 15.9969596863, 18.6279525757, -0.901743352413, -1.80056917667, 14.9508829117, 16.4975357056, 10.2068843842, 104.086204529, -9.42614078522, -21.7364234924], [31.0686626434, -116.099601746, -86.6024627686, -78.1266098022, -31.5117549896, -21.5268497467, 1.39943015575, -11.5966663361, -8.19469451904, 6.45597076416, -9.42614078522, 95.0791168213, 10.9945030212], [-176.839202881, 78.930557251, 40.8514862061, 3.81850337982, -10.9003143311, -1.28210890293, 22.492816925, -7.29932832718, -1.35428833961, -22.8684921265, -21.7364234924, 10.9945030212, 87.1214447021]],
        "icov": [[0.00058368552709, 0.000345697451849, 2.64829413936e-05, -0.000252034282312, 0.000467907666462, -0.000466520199552, 0.000551892328076, -0.00076941458974, 0.000403812184231, 9.56354142545e-07, -0.000317642989103, -7.62190829846e-05, 0.000651821377687], [0.000345697451849, 0.00119774462655, -0.00024342823599, -0.000425401522079, 1.8342228941e-05, -0.000527243828401, -0.000418012612499, -0.000324255670421, 0.000518233049661, 0.000917614088394, -0.00142267358024, 0.000512954487931, -0.000346124084899], [2.64829413936e-05, -0.00024342823599, 0.00189283618238, -0.00157586694695, -7.29635867174e-05, -0.00136572367046, 0.000304695044179, -0.000697012175806, 0.000506034761202, 6.96030701874e-06, 0.000520145753399, -0.000140920819831, -0.000553229125217], [-0.000252034282312, -0.000425401522079, -0.00157586694695, 0.00308158993721, -0.00126192101743, 0.000965243729297, -0.000293170654913, 0.000945148814935, -0.000446749239927, 0.00058678019559, 0.000179192182259, 0.000446806225227, 0.000624287349638], [0.000467907666462, 1.8342228941e-05, -7.29635867174e-05, -0.00126192101743, 0.00614501116797, 0.000159115414135, 0.000921046826988, -0.000215659281821, 0.000948995468207, -0.000362969818525, -0.000763864372857, 0.000693235197105, 0.00117939512711], [-0.000466520199552, -0.000527243828401, -0.00136572367046, 0.000965243729297, 0.000159115414135, 0.00922716595232, -0.000163636330399, 0.000419686344685, -0.000367232190911, -0.000667620101012, 0.000650589819998, 0.00131087831687, 0.000177861962584], [0.000551892328076, -0.000418012612499, 0.000304695044179, -0.000293170654913, 0.000921046826988, -0.000163636330399, 0.00558433076367, -0.000975848699454, 0.00145588291343, -0.00160376902204, 0.000314976670779, -0.00028387689963, -0.000325690372847], [-0.00076941458974, -0.000324255670421, -0.000697012175806, 0.000945148814935, -0.000215659281821, 0.000419686344685, -0.000975848699454, 0.0111120417714, -0.0027597588487, 0.00114213884808, -0.000866514164954, 0.000977946794592, 9.6851377748e-05], [0.000403812184231, 0.000518233049661, 0.000506034761202, -0.000446749239927, 0.000948995468207, -0.000367232190911, 0.00145588291343, -0.0027597588487, 0.0114076482132, -4.75261731481e-05, -0.00212226435542, 0.00134766765404, -0.000896033248864], [9.56354142545e-07, 0.000917614088394, 6.96030701874e-06, 0.00058678019559, -0.000362969818525, -0.000667620101012, -0.00160376902204, 0.00114213884808, -4.75261731481e-05, 0.0108802411705, -0.00179729040246, 0.000352603266947, 0.00195842748508], [-0.000317642989103, -0.00142267358024, 0.000520145753399, 0.000179192182259, -0.000763864372857, 0.000650589819998, 0.000314976670779, -0.000866514164954, -0.00212226435542, -0.00179729040246, 0.0124883027747, -0.000376421579858, 0.00281101767905], [-7.62190829846e-05, 0.000512954487931, -0.000140920819831, 0.000446806225227, 0.000693235197105, 0.00131087831687, -0.00028387689963, 0.000977946794592, 0.00134766765404, 0.000352603266947, -0.000376421579858, 0.0123261604458, -0.00184763153084], [0.000651821377687, -0.000346124084899, -0.000553229125217, 0.000624287349638, 0.00117939512711, 0.000177861962584, -0.000325690372847, 9.6851377748e-05, -0.000896033248864, 0.00195842748508, 0.00281101767905, -0.00184763153084, 0.0150239504874]]
    },
    "spectral_contrast_coeffs": {
        "max": [-0.470566630363, -0.45596370101, -0.46677467227, -0.514667153358, -0.555677056313, -0.441466897726],
        "mean": [-0.721704244614, -0.748469114304, -0.785863757133, -0.80726647377, -0.779363811016, -0.628224790096],
        "min": [-0.912334680557, -0.917941689491, -0.91568762064, -0.900056242943, -0.874371409416, -0.819643199444],
        "stdev": [0.0705084204674, 0.0842747986317, 0.0664381533861, 0.0590687319636, 0.0577112883329, 0.0561393387616]
    },
    "spectral_contrast_valleys": {
        "max": [-5.07416009903, -5.25373363495, -6.22121477127, -6.08733987808, -5.97004652023, -9.36010456085],
        "mean": [-7.29174661636, -7.08479642868, -7.84949016571, -7.97345066071, -8.41140651703, -12.8908367157],
        "min": [-10.6822166443, -8.61153030396, -9.74100017548, -9.98607444763, -10.9571475983, -15.8535604477],
        "stdev": [1.34766077995, 0.515321552753, 0.744634449482, 0.864226877689, 0.839273154736, 1.06591534615]
    }
},
"rhythm": {
    "beats_count": 54,
    "beats_loudness": {
        "max": 0.156570494175,
        "mean": 0.0192587934434,
        "min": 0.000914532109164,
        "stdev": 0.0260032322258
    },
    "bpm": 103.738121033,
    "bpm_histogram_first_peak_bpm": 103,
    "bpm_histogram_first_peak_weight": 0.535714268684,
    "bpm_histogram_second_peak_bpm": 96,
    "bpm_histogram_second_peak_spread": 0.6875,
    "bpm_histogram_second_peak_weight": 0.0943396240473,
    "danceability": 1.08280217648,
    "onset_rate": 2.46093726158,
    "beats_loudness_band_ratio": {
        "max": [0.733309686184, 0.908985435963, 0.829937458038, 0.598295986652, 0.515569865704, 0.700048387051],
        "mean": [0.221996217966, 0.316561847925, 0.19733184576, 0.142980396748, 0.133498981595, 0.0561145842075],
        "min": [0.00126907438971, 0.00388923520222, 0.026562653482, 0.00160965498071, 0.00180006062146, 0.000443459808594],
        "stdev": [0.21561563015, 0.264156579971, 0.166393429041, 0.169753998518, 0.162605330348, 0.118598528206]
    },
    "beats_position": [0.568888902664, 1.14938771725, 1.71827661991, 2.29877543449, 2.87927436829, 3.45977306366, 4.04027223587, 4.62077093124, 5.20126962662, 5.78176879883, 6.3622674942, 6.9543762207, 7.56970500946, 8.19664382935, 8.82358264923, 9.46213150024, 10.1006803513, 10.7392292023, 11.3777770996, 12.0279359818, 12.6780948639, 13.328253746, 13.873922348, 14.4195919037, 14.9652605057, 15.4993190765, 16.0449886322, 16.6487064362, 17.2524261475, 17.8561439514, 18.483083725, 19.0984115601, 19.7253513336, 20.3522891998, 20.9560089111, 21.5713367462, 22.1866664886, 22.7787742615, 23.3592739105, 23.9165534973, 24.4854412079, 25.0543308258, 25.6232185364, 26.1921081543, 26.7726078033, 27.353105545, 27.9452152252, 28.5257129669, 29.0946025848, 29.6518821716, 30.2207698822, 30.778049469, 31.3353290558, 31.9042167664],
