{
"metadata": {
    "version": {
        "essentia": "2.1-beta5",
        "essentia_git_sha": "Undefined",
        "extractor": "music 2.0"
    },
    "audio_properties": {
        "analysis": {
            "equal_loudness": 0,
            "length": 49.9577331543,
            "sample_rate": 44100,
            "start_time": 158.998641968,
            "downmix": "mix"
        },
        "bit_rate": 192000,
        "length": 208.979598999,
        "lossless": 0,
        "number_channels": 2,
        "replay_gain": -7.96685218811,
        "sample_rate": 48000,
        "codec": "mp3",
        "md5_encoded": "9ac1a611ddabc08d95a4a1546baebf51"
    },
    "tags": {
        "file_name": "Switzerland_Mon Coeur L_aime_Cathy Leander.mp3",
        "encoding": ["Lavf58.29.100"]
    }
},
"lowlevel": {
    "average_loudness": 0.815948545933,
    "barkbands_crest": {
        "max": 26.7188282013,
        "mean": 8.8125371933,
        "min": 2.70409178734,
        "stdev": 4.63619470596
    },
    "barkbands_flatness_db": {
        "max": 0.425478905439,
        "mean": 0.146727636456,
        "min": 0.0336066931486,
        "stdev": 0.0734670013189
    },
    "barkbands_kurtosis": {
        "max": 307.627716064,
        "mean": 7.40920305252,
        "min": -1.77508687973,
        "stdev": 26.450302124
    },
    "barkbands_skewness": {
        "max": 14.9564142227,
        "mean": 0.660126328468,
        "min": -2.27764964104,
        "stdev": 2.23813891411
    },
    "barkbands_spread": {
        "max": 110.351211548,
        "mean": 19.5744667053,
        "min": 0.296557664871,
        "stdev": 9.8009185791
    },
    "dissonance": {
        "max": 0.499904692173,
        "mean": 0.455135673285,
        "min": 0.211275801063,
        "stdev": 0.051494024694
    },
    "dynamic_complexity": 3.74244308472,
    "erbbands_crest": {
        "max": 32.1976051331,
        "mean": 10.0248003006,
        "min": 2.56452584267,
        "stdev": 6.60324287415
    },
    "erbbands_flatness_db": {
        "max": 0.414743572474,
        "mean": 0.1954138726,
        "min": 0.0737600252032,
        "stdev": 0.0724028348923
    },
    "erbbands_kurtosis": {
        "max": 72.764755249,
        "mean": 2.52088594437,
        "min": -1.5945019722,
        "stdev": 8.6386423111
    },
    "erbbands_skewness": {
        "max": 7.18440580368,
        "mean": 0.435379803181,
        "min": -2.18440198898,
        "stdev": 1.38832128048
    },
    "erbbands_spread": {
        "max": 87.6979598999,
        "mean": 25.7313899994,
        "min": 1.9027415514,
        "stdev": 11.4626312256
    },
    "hfc": {
        "max": 147.645568848,
        "mean": 20.7426242828,
        "min": 1.04302472455e-16,
        "stdev": 19.6226005554
    },
    "loudness_ebu128": {
        "integrated": -14.613779068,
        "loudness_range": 10.6170272827,
        "momentary": {
            "max": -11.4218864441,
            "mean": -72.042640686,
            "min": -300.691009521,
            "stdev": 112.601051331
        },
        "short_term": {
            "max": -12.7530460358,
            "mean": -59.7870483398,
            "min": -300.691009521,
            "stdev": 101.597312927
        }
    },
    "melbands_crest": {
        "max": 32.8301544189,
        "mean": 9.9021282196,
        "min": 1.4950633049,
        "stdev": 6.64351654053
    },
    "melbands_flatness_db": {
        "max": 0.478949904442,
        "mean": 0.162650585175,
        "min": 0.00228717271239,
        "stdev": 0.107547603548
    },
    "melbands_kurtosis": {
        "max": 203.081329346,
        "mean": 8.92463970184,
        "min": -1.72220528126,
        "stdev": 25.6604919434
    },
    "melbands_skewness": {
        "max": 9.06908035278,
        "mean": 1.4337733984,
        "min": -0.908356785774,
        "stdev": 1.74308466911
    },
    "melbands_spread": {
        "max": 166.384094238,
        "mean": 46.5231399536,
        "min": 0.469498723745,
        "stdev": 45.2112503052
    },
    "pitch_salience": {
        "max": 0.940702319145,
        "mean": 0.580677568913,
        "min": 0.0434319451451,
        "stdev": 0.171538040042
    },
    "silence_rate_20dB": {
        "max": 1,
        "mean": 1,
        "min": 1,
        "stdev": 0
    },
    "silence_rate_30dB": {
        "max": 1,
        "mean": 1,
        "min": 1,
        "stdev": 0
    },
    "silence_rate_60dB": {
        "max": 1,
        "mean": 0.267069220543,
        "min": 0,
        "stdev": 0.44243067503
    },
    "spectral_centroid": {
        "max": 11987.5791016,
        "mean": 3252.03027344,
        "min": 349.002105713,
        "stdev": 3922.265625
    },
    "spectral_complexity": {
        "max": 50,
        "mean": 16.4008369446,
        "min": 0,
        "stdev": 12.1350765228
    },
    "spectral_decrease": {
        "max": 1.78215915367e-28,
        "mean": -5.70549252288e-09,
        "min": -2.17982663031e-08,
        "stdev": 4.77154094014e-09
    },
    "spectral_energy": {
        "max": 0.0890763327479,
        "mean": 0.0234152413905,
        "min": 9.67442252447e-21,
        "stdev": 0.0195839311928
    },
    "spectral_energyband_high": {
        "max": 0.0185658670962,
        "mean": 0.000342706305673,
        "min": 6.5915559244e-21,
        "stdev": 0.000897697929759
    },
    "spectral_energyband_low": {
        "max": 0.0561580657959,
        "mean": 0.00427630217746,
        "min": 7.70169792705e-24,
        "stdev": 0.00545659381896
    },
    "spectral_energyband_middle_high": {
        "max": 0.072172306478,
        "mean": 0.00897808559239,
        "min": 1.10568107627e-21,
        "stdev": 0.00990372803062
    },
    "spectral_energyband_middle_low": {
        "max": 0.051333013922,
        "mean": 0.0107501149178,
        "min": 1.37496512027e-22,
        "stdev": 0.0100578116253
    },
    "spectral_entropy": {
        "max": 9.82441425323,
        "mean": 7.7334523201,
        "min": 4.72769260406,
        "stdev": 1.19075644016
    },
    "spectral_flux": {
        "max": 0.279799163342,
        "mean": 0.062125235796,
        "min": 6.292095317e-11,
        "stdev": 0.0493800453842
    },
    "spectral_kurtosis": {
        "max": 32.8821372986,
        "mean": 5.35391044617,
        "min": -1.26697695255,
        "stdev": 5.75431346893
    },
    "spectral_rms": {
        "max": 0.00932221766561,
        "mean": 0.0039833583869,
        "min": 3.0722078527e-12,
        "stdev": 0.0026413933374
    },
    "spectral_rolloff": {
        "max": 19853.6132812,
        "mean": 4936.9140625,
        "min": 322.998046875,
        "stdev": 6963.89941406
    },
    "spectral_skewness": {
        "max": 4.4492020607,
        "mean": 1.43423306942,
        "min": -0.109689459205,
        "stdev": 0.909870028496
    },
    "spectral_spread": {
        "max": 43035968,
        "mean": 10720555,
        "min": 1747986.25,
        "stdev": 14994350
    },
    "spectral_strongpeak": {
        "max": 14.9625616074,
        "mean": 1.53805685043,
        "min": 0,
        "stdev": 1.87582886219
    },
    "zerocrossingrate": {
        "max": 0.7099609375,
        "mean": 0.143397524953,
        "min": 0.0146484375,
        "stdev": 0.181162491441
    },
    "barkbands": {
        "max": [0.00284286495298, 0.0313466526568, 0.0280504375696, 0.0113525073975, 0.0230184420943, 0.0381123013794, 0.0389706380665, 0.0076973233372, 0.0396277979016, 0.0294555071741, 0.0395583026111, 0.0341028682888, 0.0497957020998, 0.0135619705543, 0.0277050342411, 0.0390206538141, 0.00937120802701, 0.011357691139, 0.00688306754455, 0.0073074279353, 0.00559722585604, 0.00417013280094, 0.00457109929994, 0.00115367234685, 0.00219742325135, 0.000656270538457, 4.68107054985e-06],
        "mean": [0.000133334135171, 0.00233220378868, 0.00131946499459, 0.000919195939787, 0.00203442876227, 0.00249287695624, 0.00170815375168, 0.000809831428342, 0.00209331605583, 0.00177635415457, 0.0017927410081, 0.000941222300753, 0.000848089635838, 0.000615711789578, 0.0010145585984, 0.000884019187652, 0.000336374389008, 0.000521936977748, 0.000407343788538, 0.000174705215613, 8.87188944034e-05, 6.16196339251e-05, 5.80664345762e-05, 3.14348253596e-05, 1.54467579705e-05, 4.09463336837e-06, 1.04316733029e-08],
        "min": [2.15774756822e-25, 9.43218600445e-25, 1.68676297188e-25, 2.70709255325e-25, 5.43798819545e-24, 3.78674612637e-24, 3.8968628257e-24, 2.26936034226e-24, 9.60655088856e-24, 7.66019358824e-24, 9.74867838013e-24, 1.8905979294e-23, 3.28912619869e-23, 2.55568797855e-23, 2.90058001735e-23, 4.83425890296e-23, 4.3644729857e-23, 5.70413960968e-23, 1.13948913032e-22, 1.4085832166e-22, 2.07674007296e-22, 3.24635700031e-22, 3.51353371284e-22, 5.49367429696e-22, 7.3118237457e-22, 1.23174493644e-21, 1.86763447875e-21],
        "stdev": [0.00024173593556, 0.00322220451199, 0.00206107785925, 0.00139320129529, 0.00294072018005, 0.00367135228589, 0.00304128532298, 0.00118126987945, 0.00407188944519, 0.00352213974111, 0.00446088332683, 0.00246582948603, 0.00219326652586, 0.00110914756078, 0.00207994575612, 0.00235574087128, 0.000626116583589, 0.00101177487522, 0.000621875398792, 0.000316884950735, 0.000246103591053, 0.000211956881685, 0.000222565286094, 7.98621258582e-05, 8.20936547825e-05, 2.12089162233e-05, 1.38542247896e-07]
    },
    "erbbands": {
        "max": [0.90142428875, 7.92587709427, 25.7143955231, 51.0744819641, 49.8757209778, 127.307662964, 254.390319824, 288.298919678, 661.260864258, 293.588745117, 436.1199646, 735.206787109, 915.861083984, 1351.33398438, 1795.5135498, 1024.95703125, 2300.53515625, 716.566650391, 711.414916992, 3326.4387207, 1016.26025391, 523.831115723, 811.453491211, 372.348999023, 350.529907227, 386.030334473, 336.337615967, 215.4868927, 141.628692627, 200.605270386, 81.3665618896, 20.435880661, 25.9057292938, 35.2898635864, 10.1529150009, 1.89053750038, 1.529260993, 0.145513668656, 0.00251799658872, 0.000161369345733],
        "mean": [0.0659610554576, 0.522377848625, 1.49278926849, 2.52097988129, 4.23222494125, 7.35264587402, 11.9870624542, 23.2021141052, 27.3123455048, 20.4397754669, 18.1993732452, 51.0017852783, 57.2336006165, 64.1129150391, 59.2215003967, 40.2519454956, 39.4006500244, 33.0970191956, 45.5573883057, 58.3019065857, 34.7382926941, 19.3675003052, 33.2238616943, 24.0073738098, 14.2105426788, 8.08411407471, 4.94816303253, 2.84932255745, 2.33106565475, 2.10285711288, 1.43739068508, 0.664437234402, 0.546999335289, 0.252162486315, 0.0698457509279, 0.0244016423821, 0.00700909271836, 0.000356496893801, 2.22299258894e-05, 2.88948940579e-05],
        "min": [4.6646307736e-23, 2.33574999252e-22, 6.75316431709e-22, 1.05456551494e-21, 7.5009157999e-21, 1.90434409195e-20, 3.30599630848e-20, 5.52048579344e-20, 8.8992697953e-20, 9.00033317157e-20, 1.30664241293e-19, 2.70187018261e-19, 3.97797282883e-19, 5.42741737627e-19, 6.00504018296e-19, 1.03951673842e-18, 1.41911323025e-18, 1.8387970659e-18, 2.03825140469e-18, 2.43527907357e-18, 2.59525001377e-18, 3.87407351552e-18, 3.42899161615e-18, 6.19582846066e-18, 6.35031064391e-18, 7.5364797841e-18, 6.76540890045e-18, 9.50275841049e-18, 1.02276167813e-17, 8.09109528583e-18, 1.03761825552e-17, 9.57080311486e-18, 7.79387109376e-18, 8.05237909726e-18, 5.62896820433e-18, 3.51071954221e-18, 2.24554162543e-18, 8.43032546716e-19, 2.37459927518e-19, 2.50558694409e-20],
        "stdev": [0.0909628495574, 0.760579288006, 2.25411486626, 3.69069838524, 6.26245307922, 11.6531419754, 21.9362754822, 32.4582061768, 48.8795127869, 29.5349349976, 29.3028411865, 97.5780487061, 102.525001526, 120.699234009, 185.227478027, 85.6405105591, 98.3734283447, 53.4962615967, 78.7938461304, 131.834762573, 70.5315704346, 34.2185440063, 65.7964019775, 34.7195549011, 22.0031776428, 15.56432724, 12.9252920151, 8.46203613281, 7.90581464767, 8.97254753113, 4.73910140991, 1.46157252789, 1.67603671551, 1.36224484444, 0.31034937501, 0.08380420506, 0.0473864898086, 0.00415437435731, 7.66442608438e-05, 2.45225328399e-05]
    },
    "gfcc": {
        "mean": [-272.647857666, 97.8780670166, -126.713973999, 19.9485683441, -52.5159606934, 5.70595693588, -29.2483348846, 4.01029109955, -11.6225376129, -4.54610443115, -1.09973275661, -4.51588249207, -0.292266577482],
        "cov": [[257322.109375, 24730.4726562, -31536.8261719, 6565.75732422, -12428.9541016, 2775.2043457, -7172.46484375, 1765.23144531, -3333.72094727, -1163.75036621, -775.370849609, -1372.9407959, -190.610809326], [24730.4726562, 3415.6003418, -2899.16381836, 655.804748535, -1209.05847168, -23.0949573517, -578.05645752, -39.5561981201, -168.079086304, -236.577468872, 169.122573853, -216.641983032, 79.4141311646], [-31536.8261719, -2899.16381836, 4490.04980469, -519.232910156, 1684.45788574, -200.447799683, 928.614013672, -168.730880737, 349.076934814, 157.338607788, 66.4274291992, 179.513931274, -5.56960105896], [6565.75732422, 655.804748535, -519.232910156, 541.625610352, -89.064994812, 289.343658447, -98.1275100708, 139.433151245, -118.876914978, -51.0940132141, -70.1626968384, -92.8646621704, -10.3409013748], [-12428.9541016, -1209.05847168, 1684.45788574, -89.064994812, 865.548522949, 69.1091461182, 414.287078857, 16.9782333374, 116.467750549, 44.4213600159, -27.8985652924, 23.5671787262, -8.06148910522], [2775.2043457, -23.0949573517, -200.447799683, 289.343658447, 69.1091461182, 394.98638916, -11.0628080368, 160.313201904, -129.205032349, 4.08238983154, -120.365501404, -40.7692337036, -30.4726810455], [-7172.46484375, -578.05645752, 928.614013672, -98.1275100708, 414.287078857, -11.0628080368, 340.802947998, -19.1666374207, 105.393486023, 35.7084503174, 34.6872329712, 6.93007183075, 14.8266944885], [1765.23144531, -39.5561981201, -168.730880737, 139.433151245, 16.9782333374, 160.313201904, -19.1666374207, 176.060623169, -47.8524856567, 3.65810060501, -88.4149246216, -24.2321147919, -17.9625148773], [-3333.72094727, -168.079086304, 349.076934814, -118.876914978, 116.467750549, -129.205032349, 105.393486023, -47.8524856567, 146.961090088, 2.41634488106, 66.6445236206, 2.05185198784, 27.9242229462], [-1163.75036621, -236.577468872, 157.338607788, -51.0940132141, 44.4213600159, 4.08238983154, 35.7084503174, 3.65810060501, 2.41634488106, 92.9335632324, -5.95236444473, 25.5292015076, -18.3192806244], [-775.370849609, 169.122573853, 66.4274291992, -70.1626968384, -27.8985652924, -120.365501404, 34.6872329712, -88.4149246216, 66.6445236206, -5.95236444473, 155.160461426, 9.98817825317, 37.3235588074], [-1372.9407959, -216.641983032, 179.513931274, -92.8646621704, 23.5671787262, -40.7692337036, 6.93007183075, -24.2321147919, 2.05185198784, 25.5292015076, 9.98817825317, 84.4957199097, -0.13456825912], [-190.610809326, 79.4141311646, -5.56960105896, -10.3409013748, -8.06148910522, -30.4726810455, 14.8266944885, -17.9625148773, 27.9242229462, -18.3192806244, 37.3235588074, -0.13456825912, 60.0934104919]],
        "icov": [[0.000499572895933, -0.00174315751065, 0.00123572710436, -0.00130305706989, 0.00168710795697, -0.00117576343473, 0.00141390028875, -0.00152088422328, 0.00090012390865, -0.00150429899804, 0.000863952445798, -0.00166702084243, 0.00118797668256], [-0.00174315751065, 0.00791918486357, -0.00368285668083, 0.00238216854632, -0.00487745925784, 0.00535384146497, -0.00548188760877, 0.00617848336697, -0.0025168878492, 0.00674497010186, -0.00470448751003, 0.0071601360105, -0.00450224988163], [0.00123572710436, -0.00368285668083, 0.004716551397, -0.00410684058443, 0.00220701354556, -0.00175980769563, 0.00234638806432, -0.00264584412798, 0.00214650202543, -0.00371370930225, 0.00180871901102, -0.00545237353072, 0.00328574841842], [-0.00130305706989, 0.00238216854632, -0.00410684058443, 0.0101537741721, -0.00539358286187, -0.000903835927602, -0.00218058144674, 0.00180745392572, -0.00210669008084, 0.00344071001746, -0.00151641969569, 0.00577087281272, -0.00303561589681], [0.00168710795697, -0.00487745925784, 0.00220701354556, -0.00539358286187, 0.0132265919819, -0.00531319156289, 0.00222218362615, -0.00563098071143, 0.00248343707062, -0.00288747786544, 0.00297952559777, -0.0032925105188, 0.00402986584231], [-0.00117576343473, 0.00535384146497, -0.00175980769563, -0.000903835927602, -0.00531319156289, 0.0116161089391, -0.00520702963695, 0.00140420079697, 0.00292685511522, 0.00327304564416, -0.00195092696231, 0.00444951467216, -0.0033817361109], [0.00141390028875, -0.00548188760877, 0.00234638806432, -0.00218058144674, 0.00222218362615, -0.00520702963695, 0.0137475710362, -0.00490702409297, 1.05033961972e-06, -0.00627346709371, 0.00101247080602, -0.00235116365366, 0.00182335393038], [-0.00152088422328, 0.00617848336697, -0.00264584412798, 0.00180745392572, -0.00563098071143, 0.00140420079697, -0.00490702409297, 0.0164566263556, -0.0050028078258, 0.00411813193932, 0.00110779376701, 0.00484671862796, -0.00393391400576], [0.00090012390865, -0.0025168878492, 0.00214650202543, -0.00210669008084, 0.00248343707062, 0.00292685511522, 1.05033961972e-06, -0.0050028078258, 0.0177946742624, -0.00218343758024, -0.00227676099166, 0.001076537068, -0.0011786504183], [-0.00150429899804, 0.00674497010186, -0.00371370930225, 0.00344071001746, -0.00288747786544, 0.00327304564416, -0.00627346709371, 0.00411813193932, -0.00218343758024, 0.0197292864323, -0.00458848197013, 0.00323772709817, 0.000500117137562], [0.000863952445798, -0.00470448751003, 0.00180871901102, -0.00151641969569, 0.00297952559777, -0.00195092696231, 0.00101247080602, 0.00110779376701, -0.00227676099166, -0.00458848197013, 0.0153832379729, -0.00545024732128, -0.00155159714632], [-0.00166702084243, 0.0071601360105, -0.00545237353072, 0.00577087281272, -0.0032925105188, 0.00444951467216, -0.00235116365366, 0.00484671862796, 0.001076537068, 0.00323772709817, -0.00545024732128, 0.0253100376576, -0.00649013649672], [0.00118797668256, -0.00450224988163, 0.00328574841842, -0.00303561589681, 0.00402986584231, -0.0033817361109, 0.00182335393038, -0.00393391400576, -0.0011786504183, 0.000500117137562, -0.00155159714632, -0.00649013649672, 0.0249901618809]]
    },
    "melbands": {
        "max": [0.00779508939013, 0.0120207238942, 0.00741049135104, 0.0052625737153, 0.00695420755073, 0.00632426561788, 0.00898541044444, 0.00279856519774, 0.00517630157992, 0.00552361132577, 0.00459469715133, 0.00563698681071, 0.00526909902692, 0.00400709919631, 0.00322921783663, 0.00668665580451, 0.00163213594351, 0.00117330357898, 0.00237711588852, 0.00410443730652, 0.00074189476436, 0.000696001807228, 0.000576622958761, 0.000783106836025, 0.000377604039386, 0.000444472738309, 0.000150037463754, 0.000283235509414, 0.000250561744906, 0.000118710275274, 0.000141106575029, 8.51433287608e-05, 9.88206011243e-05, 0.000123729376355, 6.38872734271e-05, 1.6098119886e-05, 1.03757920442e-05, 1.57859121828e-05, 3.15081160807e-05, 3.30223338096e-05],
        "mean": [0.000615752534941, 0.000753873959184, 0.000479080365039, 0.000405413942644, 0.000415382557549, 0.000523886701558, 0.000401403842261, 0.000212357117562, 0.000149250437971, 0.000345278909663, 0.000285905989585, 0.000253539445112, 0.000204077208764, 0.000121227552881, 8.79276849446e-05, 9.01364692254e-05, 5.81135172979e-05, 6.76721538184e-05, 7.85804004408e-05, 8.55591788422e-05, 2.91113010462e-05, 2.03419531317e-05, 2.51341825788e-05, 2.46452236752e-05, 1.99303158297e-05, 1.12898542284e-05, 7.26827511244e-06, 4.94620007885e-06, 3.41524855685e-06, 2.28267936109e-06, 1.42821420468e-06, 1.380201752e-06, 1.0663914054e-06, 1.25874237256e-06, 9.19539161259e-07, 5.12751228143e-07, 3.65456770623e-07, 4.0205313212e-07, 3.15666625283e-07, 1.7909198391e-07],
        "min": [8.93515038605e-25, 7.38547849724e-25, 3.48283470162e-25, 8.94683637428e-25, 1.13107921831e-24, 1.36238881573e-24, 9.93235833102e-25, 9.3329502608e-25, 1.4322841599e-24, 1.49937007458e-24, 1.43127274162e-24, 1.34413595489e-24, 1.81216851046e-24, 2.01975528552e-24, 2.43566188463e-24, 3.29655584847e-24, 2.76406172124e-24, 2.60603059661e-24, 2.39187596287e-24, 2.95461284783e-24, 2.62833090554e-24, 2.57350645313e-24, 2.60012321172e-24, 2.93015875142e-24, 4.54041752433e-24, 3.48951832564e-24, 3.56412366246e-24, 4.70626014686e-24, 3.58167936747e-24, 3.58201857766e-24, 5.1476325565e-24, 4.66091444988e-24, 5.69401221338e-24, 3.99654960057e-24, 5.27358682179e-24, 4.12210470224e-24, 4.96152646389e-24, 5.16919961922e-24, 4.72256156304e-24, 6.10357459588e-24],
        "stdev": [0.000829915632494, 0.00106752919964, 0.000630928203464, 0.00058656843612, 0.000689192558639, 0.000724245270249, 0.000697225506883, 0.000304529996356, 0.000288495968562, 0.000693298992701, 0.000525327515788, 0.000493348343298, 0.000563211913686, 0.000337358127581, 0.00021834828658, 0.000269537937129, 0.000105842438643, 0.000123319739942, 0.000184116579476, 0.000228438249906, 5.50429649593e-05, 4.22415687353e-05, 4.93908810313e-05, 4.84266747662e-05, 3.21120423905e-05, 2.23375136557e-05, 1.06266461444e-05, 1.1332485883e-05, 9.75595139607e-06, 5.44968952454e-06, 4.95784252053e-06, 4.61568015453e-06, 4.19566276832e-06, 5.76621278014e-06, 3.27689235746e-06, 1.21095354189e-06, 8.22513186449e-07, 1.13966325443e-06, 1.46343654706e-06, 1.13602902729e-06]
    },
    "melbands128": {
        "max": [0.00257444661111, 0.00746929179877, 0.0104218628258, 0.0143510112539, 0.0140208499506, 0.0166668761522, 0.0123140979558, 0.00519918417558, 0.00585145456716, 0.0083971163258, 0.00975087657571, 0.00999616459012, 0.00841462705284, 0.0177762918174, 0.00982415676117, 0.0124130118638, 0.0162271596491, 0.0152689320967, 0.00931497756392, 0.00399981904775, 0.00276016094722, 0.00180908455513, 0.00642988458276, 0.0121377035975, 0.00510668475181, 0.010768737644, 0.0110294958577, 0.00932234246284, 0.00774473836645, 0.00832478702068, 0.00934297870845, 0.00971938855946, 0.00708100758493, 0.0132011761889, 0.0110559016466, 0.00599063653499, 0.00422055320814, 0.00717716291547, 0.00465763872489, 0.0087769869715, 0.0097727868706, 0.00140731688589, 0.00190689298324, 0.00284046027809, 0.00183208740782, 0.0024651591666, 0.00334123917855, 0.00497910613194, 0.00596047239378, 0.0119807776064, 0.0086057735607, 0.00419068522751, 0.00078187888721, 0.00111387157813, 0.00132777704857, 0.00131435494404, 0.000884645269252, 0.000567556126043, 0.00131045887247, 0.00207987590693, 0.00141277245712, 0.000573821249418, 0.000548040727153, 0.000850956421345, 0.000382573052775, 0.000948720087763, 0.000608246366028, 0.000208178651519, 0.000203719187994, 0.000246129726293, 0.000368652952602, 0.000381268473575, 0.000278621213511, 0.000304499932099, 0.000138500283356, 0.000130494532641, 0.000106152365333, 0.000128676343593, 0.000210083017009, 0.000114108595881, 9.23064144445e-05, 9.57755328272e-05, 0.000110346001748, 0.000119062395243, 8.62684755703e-05, 0.000169191975147, 0.000150204825331, 0.000133881680085, 6.75949049764e-05, 3.35184558935e-05, 2.54736551142e-05, 1.72396248672e-05, 1.1168553101e-05, 1.27960938698e-05, 1.59508217621e-05, 1.92555453395e-05, 2.40913359448e-05, 2.65152466454e-05, 4.52086496807e-05, 4.11759065173e-05, 3.09237657348e-05, 4.40639341832e-05, 4.78382353322e-05, 2.17136530409e-05, 6.26918745184e-06, 4.85273267259e-06, 2.63224910668e-06, 4.19170464738e-06, 3.29320869241e-06, 3.73060674974e-06, 2.81066945718e-06, 6.47643992124e-06, 4.19896878157e-06, 7.61370938562e-06, 3.88579292121e-06, 4.28768714755e-07, 1.33577884753e-07, 1.92146281108e-08, 1.87001774066e-08, 1.82010015948e-08, 1.77821846137e-08, 1.7415718645e-08, 1.70598646321e-08, 1.67888796199e-08, 1.65547042741e-08, 1.63745283999e-08, 1.62188751318e-08, 1.61320468095e-08],
        "mean": [0.000121823271911, 0.00051540741697, 0.000777489156462, 0.000896178011317, 0.000809806166217, 0.000617352488916, 0.000517026812304, 0.000434617104474, 0.000429443956818, 0.000377411546651, 0.000415133836213, 0.000422614248237, 0.000385446619475, 0.000439646741142, 0.00053901510546, 0.000554097059648, 0.00055277912179, 0.000327626534272, 0.000311667536153, 0.000191186336451, 0.000216265907511, 0.000109649263322, 0.000149761530338, 0.000169210223248, 0.000252738420386, 0.000589897739701, 0.000178719536052, 0.000328201072989, 0.000251999765169, 0.000213321807678, 0.000287148694042, 0.000280739244772, 0.000119008553156, 0.000275630445685, 0.000101823105069, 8.41283690534e-05, 0.000120336451801, 9.87708554021e-05, 5.56076593057e-05, 8.46461771289e-05, 0.000137842624099, 2.75820420939e-05, 4.49827093689e-05, 8.91293238965e-05, 5.24796632817e-05, 6.04953384027e-05, 9.15249038371e-05, 7.58575697546e-05, 7.48263264541e-05, 6.97002469678e-05, 0.000111962152005, 8.25124370749e-05, 1.37555325637e-05, 1.55583093147e-05, 3.11898875225e-05, 2.09172994801e-05, 1.16681476356e-05, 1.39277844937e-05, 2.81590582745e-05, 5.3446394304e-05, 1.771310599e-05, 9.94011861621e-06, 2.57973060798e-05, 2.30153545999e-05, 9.83720929071e-06, 1.10604705696e-05, 1.39952317113e-05, 6.10300185144e-06, 7.00378723195e-06, 5.68196946915e-06, 4.36722120867e-06, 5.4690676734e-06, 4.26012957178e-06, 2.88593150799e-06, 2.34857134274e-06, 2.89445188173e-06, 1.94191625269e-06, 1.35022014547e-06, 1.45166109178e-06, 1.40849886066e-06, 1.3473998024e-06, 1.52588131641e-06, 1.05542540041e-06, 1.05589754185e-06, 9.53733774622e-07, 1.21009134091e-06, 1.46424611103e-06, 1.22415610804e-06, 8.65717197485e-07, 7.29563339519e-07, 6.10787310507e-07, 4.31933415257e-07, 3.64288439414e-07, 3.26548757812e-07, 4.07500834854e-07, 4.0403384105e-07, 3.99940461193e-07, 4.01522925131e-07, 3.30793170633e-07, 2.75355688473e-07, 2.16482916926e-07, 1.65174256495e-07, 1.32935539909e-07, 8.7344623978e-08, 6.73145947871e-08, 5.84585855279e-08, 5.04318755645e-08, 4.53929338562e-08, 3.97833730403e-08, 3.68722332666e-08, 3.50502027402e-08, 2.86982793085e-08, 2.41601458839e-08, 1.28405996946e-08, 5.1654800437e-09, 9.81864034522e-10, 2.93020274711e-10, 1.39686630318e-11, 1.28153009038e-11, 1.20163609965e-11, 1.16526146371e-11, 1.14149644598e-11, 1.11818471149e-11, 1.09963245107e-11, 1.08119676406e-11, 1.06379453857e-11, 1.05106791326e-11, 1.04500791701e-11],
        "min": [1.53269618761e-26, 1.84086254319e-26, 1.22925027091e-25, 3.10122742954e-25, 1.35596894242e-25, 8.55756556503e-26, 1.0148000362e-25, 1.55333097081e-25, 3.94433731314e-25, 4.18496330854e-25, 3.23821337225e-25, 2.74232825818e-25, 1.90477429728e-25, 3.29784188896e-25, 3.4041364586e-25, 1.67606096437e-25, 5.26347372359e-25, 5.23351278641e-25, 6.1815722318e-25, 6.87036070778e-25, 2.32462024589e-25, 2.37587894839e-25, 3.07035856276e-25, 2.37050680563e-25, 3.20758510805e-25, 4.89212583411e-25, 1.09218445603e-25, 5.22875940642e-25, 4.11707122732e-25, 2.41121301441e-25, 4.64113889028e-25, 6.00914646641e-25, 5.23493322908e-25, 5.37601804375e-25, 4.2768345426e-25, 6.05312694099e-25, 7.95686524203e-25, 8.69419183647e-25, 6.65816945023e-25, 8.17892860078e-25, 8.3550940599e-25, 7.65899530853e-25, 1.29126925803e-24, 8.49578345805e-25, 9.10711121655e-25, 7.52663726762e-25, 9.82365132613e-25, 1.38396258376e-24, 8.28740683601e-25, 1.59744067067e-24, 1.17297256415e-24, 7.56510557663e-25, 1.1966965698e-24, 1.06664831363e-24, 1.48400365579e-24, 6.4677862524e-25, 1.27414121423e-24, 1.68684296731e-24, 1.15833475702e-24, 1.32209458955e-24, 1.80067362378e-24, 1.81187091268e-24, 1.52928762441e-24, 1.82678117265e-24, 1.83526990764e-24, 1.94534144468e-24, 1.67561806827e-24, 1.97685505734e-24, 2.24346203874e-24, 1.84205588636e-24, 1.99414018306e-24, 2.13908134427e-24, 2.45606616637e-24, 1.95665371006e-24, 2.24626091723e-24, 2.24139620925e-24, 2.13132585549e-24, 2.66835790508e-24, 3.05128577962e-24, 3.18447449106e-24, 3.07259271545e-24, 3.01578309458e-24, 3.14935874229e-24, 2.90173964288e-24, 1.88060002462e-24, 2.54593872272e-24, 2.82045817622e-24, 3.27847732589e-24, 2.23668670964e-24, 3.06979423139e-24, 1.83850009583e-24, 2.81178524221e-24, 3.01061921109e-24, 3.31051710877e-24, 2.49480337834e-24, 2.75894023903e-24, 3.10536456125e-24, 3.92483267795e-24, 3.47107870198e-24, 3.19375780619e-24, 3.76032086376e-24, 4.06563882751e-24, 3.83064071372e-24, 3.51620746221e-24, 3.79179246958e-24, 4.57181694937e-24, 4.26582095968e-24, 4.38373831007e-24, 4.26799190489e-24, 3.98944156938e-24, 4.30437061996e-24, 4.78433292179e-24, 3.90296427037e-24, 4.59843784948e-24, 4.67769352133e-24, 3.53873141321e-24, 4.14314480588e-24, 4.19715929535e-24, 4.32584814697e-24, 5.10589944803e-24, 3.99927195955e-24, 4.38766762624e-24, 4.61086083101e-24, 4.48154680712e-24, 5.43328934547e-24, 5.18048230231e-24, 4.39605006221e-24, 4.70455660174e-24],
        "stdev": [0.000217623222852, 0.000765679171309, 0.00111495913006, 0.00140119518619, 0.00129018945154, 0.000986115541309, 0.00085019756807, 0.00067358079832, 0.000737238151487, 0.000633780669887, 0.000764458847698, 0.000829347060062, 0.000814611383248, 0.00114318786655, 0.000924089399632, 0.000980138778687, 0.00118917692453, 0.000880211533513, 0.000741546973586, 0.000303554144921, 0.000386085856007, 0.000197719433345, 0.000382133323001, 0.000552218058147, 0.000527625030372, 0.00143947382458, 0.000498265610076, 0.000907025532797, 0.000642370374408, 0.000658631848637, 0.00069212046219, 0.000774661893956, 0.000555236649234, 0.00118209945504, 0.000569373893086, 0.000346826156601, 0.000323113345075, 0.000410090055084, 0.000171052801306, 0.000362310442142, 0.000440581206931, 7.44488279452e-05, 0.000109652595711, 0.000211696518818, 0.000146285703522, 0.000171824140125, 0.000264943548245, 0.000248565280344, 0.000269393145572, 0.000329037720803, 0.000397405732656, 0.000249202392297, 3.65133564628e-05, 5.18464548804e-05, 8.28316260595e-05, 6.42881786916e-05, 3.28190617438e-05, 3.38159770763e-05, 7.83747964306e-05, 0.000138475807034, 5.5972905102e-05, 3.08719900204e-05, 4.80270500702e-05, 5.05903954036e-05, 2.29713241424e-05, 3.95617353206e-05, 2.75702004728e-05, 1.13364039862e-05, 1.4628531062e-05, 1.21386819956e-05, 1.37495380841e-05, 1.51658041432e-05, 1.22160918181e-05, 1.15418952191e-05, 7.05232741893e-06, 6.33614399703e-06, 5.76112324779e-06, 4.79119034935e-06, 5.89650835536e-06, 5.2829627748e-06, 4.91439504913e-06, 4.92805384056e-06, 4.44444231107e-06, 4.68896951134e-06, 3.67892107533e-06, 6.24746280664e-06, 7.04940521246e-06, 5.81978383707e-06, 3.05436378767e-06, 2.27209557124e-06, 1.55014583925e-06, 1.13156988846e-06, 8.69103359946e-07, 7.86124473962e-07, 1.05275421447e-06, 1.13507621791e-06, 1.31348986088e-06, 1.47420655594e-06, 1.59666194577e-06, 1.68372446296e-06, 1.33917740186e-06, 1.17633226182e-06, 1.14445708732e-06, 5.40031294349e-07, 2.51829675335e-07, 1.95987723828e-07, 1.60126162996e-07, 1.63313984558e-07, 1.40063932008e-07, 1.46028909853e-07, 1.43592103541e-07, 1.87543648167e-07, 1.66168888427e-07, 2.10301251968e-07, 1.08452617553e-07, 1.34507907035e-08, 3.26199023348e-09, 4.14071971155e-10, 4.03095279378e-10, 3.92150784068e-10, 3.83130832615e-10, 3.75236952621e-10, 3.67570418547e-10, 3.61730173593e-10, 3.5667985232e-10, 3.52800538783e-10, 3.49448830983e-10, 3.47578743565e-10]
    },
    "mfcc": {
        "mean": [-772.93182373, 112.201309204, -22.9686489105, 10.9194478989, -4.98035001755, -2.33795928955, -5.38711690903, 2.83857870102, -6.10801839828, 3.46895384789, -2.96192240715, -3.08222985268, -0.196493431926],
        "cov": [[70093.15625, 13377.6054688, -2647.87988281, 1954.86425781, 258.950714111, 352.267883301, 242.403533936, 1001.18005371, -195.910858154, 729.012023926, -267.378326416, -356.154174805, -214.727828979], [13377.6054688, 3933.65429688, -491.841552734, 497.751983643, -195.681259155, -106.068588257, -199.365982056, 41.7810249329, -280.188171387, 99.2332763672, -95.4422912598, -95.3770904541, 14.1338558197], [-2647.87988281, -491.841552734, 507.127563477, 74.3169021606, 78.9962615967, 59.1313171387, 62.3915405273, -17.4666957855, 2.57132816315, -37.3658218384, 20.1221237183, 21.0453147888, 19.3791656494], [1954.86425781, 497.751983643, 74.3169021606, 268.297729492, 69.6091537476, 48.3506317139, 41.4208984375, 47.3583564758, -9.00652694702, 41.5647773743, 1.72118079662, -8.76319694519, -12.5704183578], [258.950714111, -195.681259155, 78.9962615967, 69.6091537476, 212.995422363, 73.2581329346, 105.479545593, 74.1167831421, 58.0704803467, 9.34847259521, 6.05666065216, 10.7137346268, -23.3208503723], [352.267883301, -106.068588257, 59.1313171387, 48.3506317139, 73.2581329346, 163.564987183, 110.449714661, 43.4124641418, 39.0001564026, 12.308339119, 11.0090198517, 9.41338253021, -15.1447134018], [242.403533936, -199.365982056, 62.3915405273, 41.4208984375, 105.479545593, 110.449714661, 197.137115479, 71.1973724365, 67.4972839355, 31.7928924561, 27.6408863068, 3.92580389977, -21.1032810211], [1001.18005371, 41.7810249329, -17.4666957855, 47.3583564758, 74.1167831421, 43.4124641418, 71.1973724365, 124.589363098, 48.1809844971, 30.8171253204, -7.85203456879, -9.58476638794, -14.6579370499], [-195.910858154, -280.188171387, 2.57132816315, -9.00652694702, 58.0704803467, 39.0001564026, 67.4972839355, 48.1809844971, 121.53414917, 28.5958843231, 15.4372291565, 1.48056149483, -18.5135803223], [729.012023926, 99.2332763672, -37.3658218384, 41.5647773743, 9.34847259521, 12.308339119, 31.7928924561, 30.8171253204, 28.5958843231, 89.0344848633, 24.5029830933, -17.4964351654, -10.4377908707], [-267.378326416, -95.4422912598, 20.1221237183, 1.72118079662, 6.05666065216, 11.0090198517, 27.6408863068, -7.85203456879, 15.4372291565, 24.5029830933, 53.8606147766, 9.92876529694, -5.44224643707], [-356.154174805, -95.3770904541, 21.0453147888, -8.76319694519, 10.7137346268, 9.41338253021, 3.92580389977, -9.58476638794, 1.48056149483, -17.4964351654, 9.92876529694, 62.3151931763, 23.4240970612], [-214.727828979, 14.1338558197, 19.3791656494, -12.5704183578, -23.3208503723, -15.1447134018, -21.1032810211, -14.6579370499, -18.5135803223, -10.4377908707, -5.44224643707, 23.4240970612, 65.6782302856]],
        "icov": [[7.75983717176e-05, -0.00027494475944, 0.000186183693586, 1.83287447726e-05, -0.000188355566934, -0.000164074037457, -8.28343181638e-05, -0.000195794913452, -0.000230054865824, -4.33067034464e-05, -1.25741898955e-05, -1.75095810846e-05, 1.98837788048e-05], [-0.00027494475944, 0.00165742379613, 6.65221814415e-05, -0.00156514486298, 0.00117331149522, 0.000641474791337, 0.000403935380746, 0.000367018423276, 0.00201435666531, -6.4407417085e-05, 0.000515200139489, 0.000440771196736, -0.0003554635623], [0.000186183693586, 6.65221814415e-05, 0.00381355010904, -0.00242238305509, -0.00071031023981, -0.00070407637395, -0.000662756850943, 0.000223692011787, 0.00052978732856, 0.00155838730279, -0.000920897000469, 0.00102093839087, -0.00161549204495], [1.83287447726e-05, -0.00156514486298, -0.00242238305509, 0.00851909443736, -0.00245817471296, -0.0011471073376, 0.000309785042191, -0.00059240340488, -0.000400703487685, -0.00279150973074, -5.95866513322e-05, -0.00107859354466, 0.00139512657188], [-0.000188355566934, 0.00117331149522, -0.00071031023981, -0.00245817471296, 0.00910479016602, 0.00023149237677, -0.00199034740217, -0.00249556615017, -0.000248146854574, 0.00134300696664, 0.00102980213705, -0.00170162017457, 0.00179630692583], [-0.000164074037457, 0.000641474791337, -0.00070407637395, -0.0011471073376, 0.00023149237677, 0.010786854662, -0.00515635404736, 0.000379882229026, 0.000214000814594, 0.000456504349131, 0.00124716327991, -0.00167086557485, 0.00114336889237], [-8.28343181638e-05, 0.000403935380746, -0.000662756850943, 0.000309785042191, -0.00199034740217, -0.00515635404736, 0.0119008366019, -0.00301597220823, -0.00126619718503, -0.000771164661273, -0.00415089074522, 0.000774945830926, 5.23582784808e-05], [-0.000195794913452, 0.000367018423276, 0.000223692011787, -0.00059240340488, -0.00249556615017, 0.000379882229026, -0.00301597220823, 0.0149446967989, -0.00278595113195, -0.0028430824168, 0.00547528686002, 0.000672871363349, -0.000354192045052], [-0.000230054865824, 0.00201435666531, 0.00052978732856, -0.000400703487685, -0.000248146854574, 0.000214000814594, -0.00126619718503, -0.00278595113195, 0.0153757045045, -0.00340296677314, -0.000105352017272, -0.000690076034516, 0.00154471374117], [-4.33067034464e-05, -6.4407417085e-05, 0.00155838730279, -0.00279150973074, 0.00134300696664, 0.000456504349131, -0.000771164661273, -0.0028430824168, -0.00340296677314, 0.0195528492332, -0.0103724710643, 0.00614364305511, -0.00232443911955], [-1.25741898955e-05, 0.000515200139489, -0.000920897000469, -5.95866513322e-05, 0.00102980213705, 0.00124716327991, -0.00415089074522, 0.00547528686002, -0.000105352017272, -0.0103724710643, 0.0287976916879, -0.00721889454871, 0.0039325398393], [-1.75095810846e-05, 0.000440771196736, 0.00102093839087, -0.00107859354466, -0.00170162017457, -0.00167086557485, 0.000774945830926, 0.000672871363349, -0.000690076034516, 0.00614364305511, -0.00721889454871, 0.0231166929007, -0.00931097660214], [1.98837788048e-05, -0.0003554635623, -0.00161549204495, 0.00139512657188, 0.00179630692583, 0.00114336889237, 5.23582784808e-05, -0.000354192045052, 0.00154471374117, -0.00232443911955, 0.0039325398393, -0.00931097660214, 0.020662823692]]
    },
    "spectral_contrast_coeffs": {
        "max": [-0.494061797857, -0.385369569063, -0.486335724592, -0.544068932533, -0.631275057793, -0.559883594513],
        "mean": [-0.778416216373, -0.760933756828, -0.753668665886, -0.794722437859, -0.802959859371, -0.795559167862],
        "min": [-0.983820319176, -0.98536580801, -0.975858807564, -0.976450741291, -0.97026771307, -0.965326070786],
        "stdev": [0.107337675989, 0.130142748356, 0.123173639178, 0.10093857348, 0.0894814506173, 0.08810467273]
    },
    "spectral_contrast_valleys": {
        "max": [-5.08654928207, -4.95010662079, -5.78794622421, -5.96251440048, -6.06139850616, -8.27548599243],
        "mean": [-11.0683383942, -10.7762813568, -11.3120613098, -11.5055437088, -11.6737709045, -14.192191124],
        "min": [-28.2011241913, -27.9119968414, -27.8659915924, -27.7390327454, -27.5853004456, -27.4682102203],
        "stdev": [8.20949840546, 8.29064178467, 8.04178905487, 7.93407011032, 7.87183094025, 6.63381958008]
    }
},
"rhythm": {
    "beats_count": 118,
    "beats_loudness": {
        "max": 0.0777963995934,
        "mean": 0.0252475682646,
        "min": 0,
        "stdev": 0.0216008089483
    },
    "bpm": 136.93208313,
    "bpm_histogram_first_peak_bpm": 136,
    "bpm_histogram_first_peak_weight": 0.53623187542,
    "bpm_histogram_second_peak_bpm": 161,
    "bpm_histogram_second_peak_spread": 0.222222268581,
    "bpm_histogram_second_peak_weight": 0.119658119977,
    "danceability": 0.833792984486,
    "onset_rate": 1.74106752872,
    "beats_loudness_band_ratio": {
        "max": [0.679479837418, 0.97438621521, 0.931424558163, 0.701165914536, 0.684315085411, 0.107253484428],
        "mean": [0.16038416326, 0.183337256312, 0.197698622942, 0.157423391938, 0.112161539495, 0.025235036388],
        "min": [0, 0, 0, 0, 0, 0],
        "stdev": [0.176860183477, 0.213685065508, 0.204899206758, 0.161660090089, 0.13167026639, 0.0257546827197]
    },
