{
"metadata": {
    "version": {
        "essentia": "2.1-beta5",
        "essentia_git_sha": "Undefined",
        "extractor": "music 2.0"
    },
    "audio_properties": {
        "analysis": {
            "equal_loudness": 0,
            "length": 12.7477550507,
            "sample_rate": 44100,
            "start_time": 0,
            "downmix": "mix"
        },
        "bit_rate": 192000,
        "length": 208.979598999,
        "lossless": 0,
        "number_channels": 2,
        "replay_gain": 1.75137138367,
        "sample_rate": 48000,
        "codec": "mp3",
        "md5_encoded": "9ac1a611ddabc08d95a4a1546baebf51"
    },
    "tags": {
        "file_name": "Switzerland_Mon Coeur L_aime_Cathy Leander.mp3",
        "encoding": ["Lavf58.29.100"]
    }
},
"lowlevel": {
    "average_loudness": 0.000195400687517,
    "barkbands_crest": {
        "max": 14.4236803055,
        "mean": 6.72188472748,
        "min": 2.94352626801,
        "stdev": 1.3913807869
    },
    "barkbands_flatness_db": {
        "max": 0.184248045087,
        "mean": 0.0846467018127,
        "min": 0.0520668029785,
        "stdev": 0.0227168016136
    },
    "barkbands_kurtosis": {
        "max": 5.69380378723,
        "mean": 2.77113962173,
        "min": -1.29873526096,
        "stdev": 1.29960620403
    },
    "barkbands_skewness": {
        "max": 2.07967448235,
        "mean": -1.35832262039,
        "min": -2.31479406357,
        "stdev": 1.04661345482
    },
    "barkbands_spread": {
        "max": 46.7974281311,
        "mean": 24.5637435913,
        "min": 8.20149517059,
        "stdev": 5.76912546158
    },
    "dissonance": {
        "max": 0.499999910593,
        "mean": 0.49179494381,
        "min": 0.441029280424,
        "stdev": 0.00748501485214
    },
    "dynamic_complexity": 8.93529224396,
    "erbbands_crest": {
        "max": 14.8685426712,
        "mean": 4.19599103928,
        "min": 2.56849265099,
        "stdev": 1.87945866585
    },
    "erbbands_flatness_db": {
        "max": 0.270441919565,
        "mean": 0.119531802833,
        "min": 0.0800669416785,
        "stdev": 0.0439169071615
    },
    "erbbands_kurtosis": {
        "max": 3.28573703766,
        "mean": 0.114396139979,
        "min": -1.59254097939,
        "stdev": 0.47330224514
    },
    "erbbands_skewness": {
        "max": 1.62229812145,
        "mean": -0.452022969723,
        "min": -1.00693511963,
        "stdev": 0.463935524225
    },
    "erbbands_spread": {
        "max": 62.1312217712,
        "mean": 34.176158905,
        "min": 12.996134758,
        "stdev": 7.30773305893
    },
    "hfc": {
        "max": 507.235443115,
        "mean": 13.0098829269,
        "min": 1.06696379469e-16,
        "stdev": 55.8875732422
    },
    "loudness_ebu128": {
        "integrated": -19.6583538055,
        "loudness_range": 17.7292518616,
        "momentary": {
            "max": -14.5382652283,
            "mean": -247.077926636,
            "min": -300.691009521,
            "stdev": 107.637374878
        },
        "short_term": {
            "max": -21.2417068481,
            "mean": -234.924087524,
            "min": -300.691009521,
            "stdev": 113.671279907
        }
    },
    "melbands_crest": {
        "max": 21.9448471069,
        "mean": 3.77776241302,
        "min": 1.49945008755,
        "stdev": 3.50362300873
    },
    "melbands_flatness_db": {
        "max": 0.198685973883,
        "mean": 0.0285470969975,
        "min": 0.00251059955917,
        "stdev": 0.0477328374982
    },
    "melbands_kurtosis": {
        "max": 12.9015140533,
        "mean": -0.39080992341,
        "min": -1.44157338142,
        "stdev": 2.03516459465
    },
    "melbands_skewness": {
        "max": 3.15539741516,
        "mean": 0.250189036131,
        "min": -0.40215086937,
        "stdev": 0.614996194839
    },
    "melbands_spread": {
        "max": 162.862136841,
        "mean": 111.936103821,
        "min": 10.0892009735,
        "stdev": 42.5762405396
    },
    "pitch_salience": {
        "max": 0.966599583626,
        "mean": 0.782001554966,
        "min": 0.57234621048,
        "stdev": 0.0338543392718
    },
    "silence_rate_20dB": {
        "max": 1,
        "mean": 0.983636379242,
        "min": 0,
        "stdev": 0.126869514585
    },
    "silence_rate_30dB": {
        "max": 1,
        "mean": 0.958181798458,
        "min": 0,
        "stdev": 0.200173452497
    },
    "silence_rate_60dB": {
        "max": 1,
        "mean": 0.858181834221,
        "min": 0,
        "stdev": 0.348863631487
    },
    "spectral_centroid": {
        "max": 11920.1201172,
        "mean": 9308.19824219,
        "min": 852.284057617,
        "stdev": 3576.72412109
    },
    "spectral_complexity": {
        "max": 61,
        "mean": 5.36909103394,
        "min": 0,
        "stdev": 13.9493961334
    },
    "spectral_decrease": {
        "max": 2.88256895894e-28,
        "mean": -2.98356894746e-09,
        "min": -1.1703213687e-07,
        "stdev": 1.43826035526e-08
    },
    "spectral_energy": {
        "max": 0.470754265785,
        "mean": 0.0124407103285,
        "min": 9.89198718144e-21,
        "stdev": 0.0590384565294
    },
    "spectral_energyband_high": {
        "max": 0.0394331626594,
        "mean": 0.000319969549309,
        "min": 6.94739141402e-21,
        "stdev": 0.00191484857351
    },
    "spectral_energyband_low": {
        "max": 0.0710824131966,
        "mean": 0.000961372512393,
        "min": 1.41053347009e-23,
        "stdev": 0.00527763972059
    },
    "spectral_energyband_middle_high": {
        "max": 0.130308941007,
        "mean": 0.00372681743465,
        "min": 1.10674988814e-21,
        "stdev": 0.0140386521816
    },
    "spectral_energyband_middle_low": {
        "max": 0.364537626505,
        "mean": 0.0076176840812,
        "min": 1.32701752336e-22,
        "stdev": 0.0418494902551
    },
    "spectral_entropy": {
        "max": 9.8306684494,
        "mean": 9.44093036652,
        "min": 7.38652944565,
        "stdev": 0.752451479435
    },
    "spectral_flux": {
        "max": 0.489595592022,
        "mean": 0.0207667797804,
        "min": 6.27971841194e-11,
        "stdev": 0.0644055455923
    },
    "spectral_kurtosis": {
        "max": 9.9344329834,
        "mean": -0.102844558656,
        "min": -1.26884043217,
        "stdev": 2.35140228271
    },
    "spectral_rms": {
        "max": 0.0214306432754,
        "mean": 0.00104669004213,
        "min": 3.10656058169e-12,
        "stdev": 0.00332290725783
    },
    "spectral_rolloff": {
        "max": 19659.8144531,
        "mean": 15697.6015625,
        "min": 602.9296875,
        "stdev": 6377.55712891
    },
    "spectral_skewness": {
        "max": 2.27973127365,
        "mean": 0.305008292198,
        "min": -0.106358319521,
        "stdev": 0.646868407726
    },
    "spectral_spread": {
        "max": 43175180,
        "mean": 33641364,
        "min": 2967462.75,
        "stdev": 14391119
    },
    "spectral_strongpeak": {
        "max": 6.68971395493,
        "mean": 0.245995432138,
        "min": 0,
        "stdev": 0.850462377071
    },
    "zerocrossingrate": {
        "max": 0.7216796875,
        "mean": 0.424229413271,
        "min": 0.0361328125,
        "stdev": 0.162394195795
    },
    "barkbands": {
        "max": [0.000895542209037, 0.0248240828514, 0.0456596016884, 0.0488188266754, 0.0748926773667, 0.230598822236, 0.141690775752, 0.074029661715, 0.00987194664776, 0.0114251347259, 0.00422939099371, 0.00639266101643, 0.0100206276402, 0.0162556152791, 0.0309096295387, 0.0224199574441, 0.0130615374073, 0.0168851744384, 0.0628510937095, 0.0197220873088, 0.0107667529956, 0.0110560245812, 0.00749806780368, 0.00226887082681, 0.000228718869039, 8.30205681268e-05, 1.41901946336e-05],
        "mean": [3.47189507011e-06, 0.000507375167217, 0.000312124320772, 0.000753558939323, 0.00139583286364, 0.00303893489763, 0.00139452051371, 0.000519528344739, 0.000419863761635, 0.000241517773247, 0.000181454393896, 0.000266627990641, 0.000309145398205, 0.000375397969037, 0.000545117829461, 0.000411034066929, 0.000291283125989, 0.000223497932893, 0.000681813922711, 0.000318818347296, 9.22681792872e-05, 6.24947497272e-05, 5.25851610291e-05, 2.58241652773e-05, 1.31661454361e-05, 3.28697069563e-06, 1.4521731373e-07],
        "min": [1.08223433157e-25, 1.69467320065e-24, 8.54058188278e-25, 3.34760816524e-25, 2.84523964991e-24, 5.09945090456e-24, 3.20846848435e-24, 5.49330706643e-24, 6.95001840287e-24, 9.82711245335e-24, 8.54784038918e-24, 1.79030089174e-23, 1.25006370029e-23, 1.62060444702e-23, 2.89959583448e-23, 5.70144170539e-23, 3.17617267666e-23, 8.22921647189e-23, 1.09156084472e-22, 1.38261770214e-22, 2.06120923189e-22, 2.42701627676e-22, 3.24047247661e-22, 5.27329609499e-22, 8.42586800975e-22, 1.21436626758e-21, 1.81065191275e-21],
        "stdev": [3.99817872676e-05, 0.00268475245684, 0.00235611782409, 0.00441159587353, 0.00812008418143, 0.0206880755723, 0.0104022361338, 0.00384203740396, 0.00130600295961, 0.000794357678387, 0.000586215406656, 0.000854167621583, 0.00106739962939, 0.00141701032408, 0.00247352547012, 0.00166381534655, 0.00120285793673, 0.00109733757563, 0.00459294160828, 0.00180875614751, 0.000547757488675, 0.000495297252201, 0.000353242387064, 0.000118940224638, 3.93898844777e-05, 1.02315316326e-05, 1.22998164898e-06]
    },
    "erbbands": {
        "max": [0.163786992431, 8.2657699585, 56.1153297424, 63.8707084656, 255.050857544, 253.014083862, 419.604522705, 2972.85839844, 2272.52954102, 2009.83703613, 605.159362793, 280.362365723, 357.149780273, 159.581253052, 233.044967651, 286.395996094, 334.26272583, 827.651733398, 764.48840332, 1542.83203125, 821.561950684, 754.028503418, 1142.2310791, 759.208129883, 4316.11669922, 1140.96862793, 490.235931396, 377.582122803, 372.807739258, 260.822692871, 256.744659424, 92.1135635376, 15.4139566422, 3.24097251892, 1.59043562412, 0.649458646774, 0.0625092685223, 0.018954820931, 0.00242960709147, 0.000733681139536],
        "mean": [0.00372040621005, 0.14768730104, 0.482387542725, 1.08829760551, 4.45680522919, 3.44595360756, 8.5993976593, 32.5080032349, 25.0733852386, 18.0212993622, 9.85039901733, 9.98749065399, 8.78943252563, 6.86081552505, 8.44159889221, 11.6340866089, 13.6799058914, 18.5417118073, 23.5808677673, 29.6535129547, 20.487493515, 16.6872768402, 13.7007894516, 11.7874832153, 48.2112197876, 15.0431289673, 5.14319229126, 2.69571995735, 2.17833161354, 1.90555536747, 1.52227830887, 0.703261971474, 0.351603865623, 0.178345784545, 0.0819696635008, 0.027805769816, 0.00275762798265, 0.000201002505491, 3.05766116071e-05, 1.76565717993e-05],
        "min": [4.36597245251e-23, 5.09768732712e-22, 8.98037739891e-22, 2.51074721018e-21, 7.00988393994e-21, 1.16073529767e-20, 1.99882088104e-20, 5.67579670826e-20, 4.98494870847e-20, 1.10434931953e-19, 1.76792743634e-19, 1.45554991584e-19, 3.62833288969e-19, 5.37707568118e-19, 5.28776033755e-19, 1.00411723392e-18, 1.20626714753e-18, 1.19562391798e-18, 1.94041951288e-18, 2.38064317372e-18, 3.95286619118e-18, 2.9883113516e-18, 4.60032775359e-18, 5.80974232335e-18, 4.66461085412e-18, 7.54650273158e-18, 8.19014271956e-18, 9.64458597114e-18, 9.4915070998e-18, 1.03280853113e-17, 9.06359664276e-18, 8.7243376135e-18, 8.89764022364e-18, 7.49544500827e-18, 5.41630048243e-18, 3.86820136035e-18, 1.99740315809e-18, 8.71367670297e-19, 2.29376511777e-19, 2.55264673548e-20],
        "stdev": [0.0197501443326, 0.789267003536, 3.1626291275, 6.05288743973, 25.3931846619, 20.1108055115, 49.9009819031, 228.936218262, 180.428085327, 140.854354858, 52.8317985535, 32.029548645, 26.6203842163, 21.1175251007, 27.5136375427, 37.0841407776, 45.4123802185, 69.3655014038, 88.4821624756, 137.372772217, 75.4864044189, 68.9428634644, 69.6165313721, 57.4042930603, 332.794677734, 88.2122650146, 28.3944015503, 17.6055622101, 16.7495079041, 12.5079021454, 11.6489295959, 4.30999803543, 1.22658741474, 0.546213030815, 0.247231066227, 0.084609888494, 0.00888462923467, 0.00131131359376, 0.000201467424631, 8.46170514706e-05]
    },
    "gfcc": {
        "mean": [-1036.89538574, 8.19147396088, -35.0798034668, 1.26835405827, -14.0899391174, 3.85343527794, -8.09947013855, 3.5407743454, -3.59210944176, 1.43167901039, -2.80224752426, -0.514168739319, -0.411800742149],
        "cov": [[233398.140625, 9025.453125, -34695.109375, 1748.62658691, -13999.0791016, 3581.99658203, -8299.78027344, 3359.18579102, -3714.00488281, 1419.27978516, -2696.89941406, -576.775390625, -524.791748047], [9025.453125, 569.04083252, -1150.54101562, 162.474578857, -478.745452881, 75.7824935913, -338.080963135, 74.426399231, -150.22303772, 40.3041191101, -86.8064727783, -50.242477417, -39.1860847473], [-34695.109375, -1150.54101562, 5515.42382812, -88.357208252, 2196.32788086, -643.424499512, 1210.22705078, -591.034606934, 533.433898926, -224.946914673, 445.016998291, 65.4420928955, 42.9321022034], [1748.62658691, 162.474578857, -88.357208252, 121.771728516, -46.6989631653, -23.9805698395, -70.8229370117, -20.5174942017, -38.0577964783, -1.51364934444, 2.6976852417, -15.6096525192, -20.913351059], [-13999.0791016, -478.745452881, 2196.32788086, -46.6989631653, 883.59765625, -250.276412964, 490.58203125, -232.41619873, 217.397247314, -90.411529541, 176.776702881, 29.8534660339, 19.7205200195], [3581.99658203, 75.7824935913, -643.424499512, -23.9805698395, -250.276412964, 107.270004272, -118.831558228, 80.743888855, -51.3413619995, 26.7299861908, -58.9594535828, -3.09138226509, 2.36687350273], [-8299.78027344, -338.080963135, 1210.22705078, -70.8229370117, 490.58203125, -118.831558228, 306.204864502, -109.851669312, 136.251373291, -49.6086921692, 93.5702514648, 20.5890769958, 20.6338577271], [3359.18579102, 74.426399231, -591.034606934, -20.5174942017, -232.41619873, 80.743888855, -109.851669312, 79.3129119873, -45.3386688232, 25.6437587738, -49.9039878845, -3.08673238754, 2.00397753716], [-3714.00488281, -150.22303772, 533.433898926, -38.0577964783, 217.397247314, -51.3413619995, 136.251373291, -45.3386688232, 68.971862793, -17.9307174683, 40.7376556396, 8.28957843781, 8.42875385284], [1419.27978516, 40.3041191101, -224.946914673, -1.51364934444, -90.411529541, 26.7299861908, -49.6086921692, 25.6437587738, -17.9307174683, 17.7754631042, -16.4151229858, -2.3311920166, -3.7940030098], [-2696.89941406, -86.8064727783, 445.016998291, 2.6976852417, 176.776702881, -58.9594535828, 93.5702514648, -49.9039878845, 40.7376556396, -16.4151229858, 42.7984199524, 7.04224967957, 2.02169251442], [-576.775390625, -50.242477417, 65.4420928955, -15.6096525192, 29.8534660339, -3.09138226509, 20.5890769958, -3.08673238754, 8.28957843781, -2.3311920166, 7.04224967957, 11.341588974, 5.49229574203], [-524.791748047, -39.1860847473, 42.9321022034, -20.913351059, 19.7205200195, 2.36687350273, 20.6338577271, 2.00397753716, 8.42875385284, -3.7940030098, 2.02169251442, 5.49229574203, 10.9206447601]],
        "icov": [[0.0010194015922, -0.00154532131273, 0.00311063206755, -0.00517426012084, 0.00329925329424, 0.0026160152629, 0.00396714964882, -0.00190848531201, 0.00408441526815, -0.00544923404232, 0.00254520820454, -0.00327578838915, 0.00376521330327], [-0.00154532131273, 0.015798650682, -0.00212220312096, 0.00354971713386, -0.00865954346955, 0.000275047204923, 0.0119131756946, 0.0111772082746, -0.0143360765651, 0.0158851947635, -0.00598284509033, 0.0360001511872, -0.0118267433718], [0.00311063206755, -0.00212220312096, 0.0382054634392, -0.0173616185784, -0.0453979447484, 0.0211146343499, 0.000600332103204, 0.0151507062837, 0.0161214508116, -0.0240207519382, 0.00161139108241, 0.0129129402339, 0.00433044694364], [-0.00517426012084, 0.00354971713386, -0.0173616185784, 0.0571417696774, -0.0166190192103, -0.0183081328869, -0.00560824805871, 0.0120739135891, -0.00902448501438, 0.0497939549387, -0.0495340041816, 0.0300295911729, 0.00246089370921], [0.00329925329424, -0.00865954346955, -0.0453979447484, -0.0166190192103, 0.199642702937, -0.00750388484448, -0.018919788301, 0.0498400516808, -0.0493238046765, 0.0253454335034, -0.00319607648998, -0.0828996896744, 0.0309908147901], [0.0026160152629, 0.000275047204923, 0.0211146343499, -0.0183081328869, -0.00750388484448, 0.0770694315434, -0.0142600592226, -0.00873918738216, 0.019302431494, -0.0387871302664, 0.0747212469578, -0.0172167327255, 0.000478302506963], [0.00396714964882, 0.0119131756946, 0.000600332103204, -0.00560824805871, -0.018919788301, -0.0142600592226, 0.159286245704, -0.0578556358814, -0.0428624860942, 0.0422363504767, -0.0401619188488, 0.0508304275572, -0.00317286001518], [-0.00190848531201, 0.0111772082746, 0.0151507062837, 0.0120739135891, 0.0498400516808, -0.00873918738216, -0.0578556358814, 0.221766337752, -0.0823950394988, 0.00926316063851, -0.00441382732242, -0.00309438118711, -0.0383474044502], [0.00408441526815, -0.0143360765651, 0.0161214508116, -0.00902448501438, -0.0493238046765, 0.019302431494, -0.0428624860942, -0.0823950394988, 0.221316725016, -0.110856562853, 0.032758500427, 0.0131342336535, 0.0231666266918], [-0.00544923404232, 0.0158851947635, -0.0240207519382, 0.0497939549387, 0.0253454335034, -0.0387871302664, 0.0422363504767, 0.00926316063851, -0.110856562853, 0.24590086937, -0.111099950969, 0.0285473931581, 0.043262373656], [0.00254520820454, -0.00598284509033, 0.00161139108241, -0.0495340041816, -0.00319607648998, 0.0747212469578, -0.0401619188488, -0.00441382732242, 0.032758500427, -0.111099950969, 0.300701022148, -0.10783649981, 0.00060333305737], [-0.00327578838915, 0.0360001511872, 0.0129129402339, 0.0300295911729, -0.0828996896744, -0.0172167327255, 0.0508304275572, -0.00309438118711, 0.0131342336535, 0.0285473931581, -0.10783649981, 0.270060509443, -0.0796152800322], [0.00376521330327, -0.0118267433718, 0.00433044694364, 0.00246089370921, 0.0309908147901, 0.000478302506963, -0.00317286001518, -0.0383474044502, 0.0231666266918, 0.043262373656, 0.00060333305737, -0.0796152800322, 0.211801663041]]
    },
    "melbands": {
        "max": [0.00349367107265, 0.021565195173, 0.0176169574261, 0.0132253058255, 0.0173740070313, 0.056778203696, 0.0331824459136, 0.0218353737146, 0.00374427111819, 0.00159315019846, 0.00177061697468, 0.000699146126863, 0.000600466795731, 0.000734554487281, 0.000912158575375, 0.00132997566834, 0.0016318623675, 0.00113736919593, 0.00267834868282, 0.00187642418314, 0.00084027153207, 0.000869672920089, 0.00098777806852, 0.000781936687417, 0.000349312729668, 0.00287229800597, 0.00236588856205, 0.000700626987964, 0.000265509675955, 0.000238158696447, 0.000222884205868, 0.000213493185584, 0.000222974485951, 0.000108924570668, 0.000152091175551, 0.000110104185296, 3.51485068677e-05, 1.12463394544e-05, 4.01989154852e-06, 2.7250362109e-06],
        "mean": [8.48466224852e-05, 0.000233736631344, 0.000331105489749, 0.00026275057462, 0.000286550581222, 0.000681476551108, 0.000374108727556, 0.000174184402567, 7.25416102796e-05, 6.30072827335e-05, 4.29895299021e-05, 2.71919852821e-05, 2.6091325708e-05, 2.90992174996e-05, 3.19394821418e-05, 3.07596055791e-05, 3.45952903444e-05, 3.55129668606e-05, 4.39666728198e-05, 3.17511658068e-05, 2.23391325562e-05, 1.72266591107e-05, 1.4547164028e-05, 1.00942897916e-05, 7.42824249755e-06, 2.95356730931e-05, 3.00264728139e-05, 5.85322368352e-06, 3.47449258697e-06, 1.87995124179e-06, 1.45218302805e-06, 1.25372912407e-06, 1.17045226489e-06, 9.88586748463e-07, 9.20372883684e-07, 6.3676981199e-07, 3.47129997635e-07, 2.56744272065e-07, 1.8312938721e-07, 1.39838718383e-07],
        "min": [8.43737028017e-25, 4.65326368239e-25, 7.16058608608e-25, 7.78905973635e-25, 9.49735676205e-25, 1.36999461814e-24, 6.47709776931e-25, 1.45289660232e-24, 1.07465091308e-24, 1.06063650327e-24, 1.51981537709e-24, 1.05820069801e-24, 1.15573486869e-24, 1.33291993054e-24, 2.08483315475e-24, 1.76268464638e-24, 1.77920063272e-24, 2.6171785817e-24, 1.92566725371e-24, 2.57912965088e-24, 3.32341735115e-24, 1.78328436842e-24, 3.22871459948e-24, 4.35986974566e-24, 3.44593533834e-24, 2.90402457849e-24, 3.36374786493e-24, 4.30944141786e-24, 4.24781639281e-24, 4.37931122267e-24, 4.49691145097e-24, 5.04150315461e-24, 4.81813600601e-24, 5.17017189028e-24, 4.19477772427e-24, 4.90218479673e-24, 4.78009003341e-24, 5.50766709592e-24, 5.51075154206e-24, 5.22024444181e-24],
        "stdev": [0.000446156220278, 0.00137713912409, 0.00179585081059, 0.00147220504005, 0.00167605571914, 0.00469391793013, 0.00271656201221, 0.00138313544448, 0.00034594713361, 0.000196374050574, 0.000131343418616, 8.55001489981e-05, 8.41270957608e-05, 9.67254600255e-05, 0.000106814557512, 0.000111935631139, 0.00013122879318, 0.000131488181069, 0.000212118320633, 0.000136319285957, 8.13505102997e-05, 7.10172462277e-05, 7.02725737938e-05, 5.07679724251e-05, 3.37411729561e-05, 0.000203409028472, 0.000201598188141, 3.6685152736e-05, 1.84841774171e-05, 1.16717465062e-05, 1.01762998383e-05, 9.60599300015e-06, 9.91462275124e-06, 5.7324896261e-06, 6.93698029863e-06, 4.96328948429e-06, 1.75574825789e-06, 9.08540755518e-07, 5.84362794598e-07, 4.28722302104e-07]
    },
    "melbands128": {
        "max": [0.000462624797365, 0.000873893033713, 0.00393132073805, 0.0174051262438, 0.0338496975601, 0.0165007859468, 0.00694368919358, 0.0330899767578, 0.0352378152311, 0.0142998704687, 0.014542051591, 0.0268611125648, 0.0178138762712, 0.0201777331531, 0.0990625694394, 0.0962598323822, 0.0622025616467, 0.0606867223978, 0.0347442105412, 0.0310911480337, 0.0260080154985, 0.00706015247852, 0.00421153381467, 0.00286236265674, 0.00231332052499, 0.00307737989351, 0.00183919037227, 0.00272408453748, 0.00147883663885, 0.00118546711747, 0.000614686694462, 0.000970840395894, 0.000795308384113, 0.00126160599757, 0.00121148361359, 0.000999413314275, 0.000870274787303, 0.00158493965864, 0.0012077416759, 0.000926897802856, 0.00143744843081, 0.00318336579949, 0.00157308531925, 0.00249972078018, 0.00203633937053, 0.00149127142504, 0.00191947515123, 0.0031064839568, 0.00555033702403, 0.00496650673449, 0.00115169712808, 0.00111150287557, 0.00140397856012, 0.000892422685865, 0.000724126875866, 0.00113007368054, 0.00104448455386, 0.000757645815611, 0.001019751071, 0.00177893170621, 0.000604602159001, 0.000450609688414, 0.00034546374809, 0.000401232508011, 0.000560048036277, 0.00227259355597, 0.00522996345535, 0.0048484490253, 0.00139760738239, 0.00128309288993, 0.00106954714283, 0.000155465342687, 0.000257501174929, 0.000317587953759, 0.000350973685272, 0.000321227591485, 7.93630752014e-05, 0.000247040181421, 0.000238664782955, 0.000175645734998, 0.000359690980986, 0.000116288989375, 0.00016375942505, 0.000319127488183, 0.000198481080588, 6.40074285911e-05, 8.87600108399e-05, 0.000164383222, 8.27166877571e-05, 0.000267526833341, 0.000100984390883, 7.56655063014e-05, 9.26064531086e-05, 1.66541030922e-05, 1.93029227376e-05, 1.31866581796e-05, 9.31845715968e-06, 8.55507460074e-06, 5.5757723203e-06, 3.96836139771e-06, 4.89739250042e-06, 3.19625837619e-06, 2.32778052123e-06, 2.54204223893e-06, 2.2569788598e-06, 2.0207360194e-06, 1.37292818181e-06, 1.86328759355e-06, 1.1152328625e-06, 1.20315485219e-06, 6.41895667286e-07, 2.2425118118e-07, 1.54038588107e-07, 1.07806030769e-07, 1.36669441986e-07, 1.85457295743e-07, 1.48546533296e-07, 1.58568610686e-07, 8.63622773295e-08, 7.51524851239e-08, 6.68491679789e-08, 4.76351580403e-08, 4.42120118294e-08, 6.55765575175e-08, 6.9897822641e-08, 6.42210196133e-08, 4.98343624145e-08, 4.34317399822e-08],
        "mean": [1.88120213807e-06, 5.63027697353e-06, 7.09282321623e-05, 0.000321611587424, 0.000317486003041, 0.000106214807602, 0.00011233882833, 0.000513662060257, 0.000535985745955, 0.000143516183016, 0.000149214116391, 0.000316235382343, 0.000259378633928, 0.000291103671771, 0.000831086828839, 0.000896427198313, 0.000456415145891, 0.000285594403977, 0.000234888575505, 0.00022828578949, 0.000117656221846, 8.0338009866e-05, 7.30374085833e-05, 5.60841981496e-05, 6.24769600108e-05, 7.24244891899e-05, 5.03802948515e-05, 4.35936999565e-05, 3.06527144858e-05, 2.93816865451e-05, 2.52693826042e-05, 2.36549894908e-05, 2.57220690401e-05, 2.93898010568e-05, 2.6332838388e-05, 2.94249366561e-05, 3.16764671879e-05, 3.45436674252e-05, 3.14392054861e-05, 2.55995892076e-05, 3.22324158333e-05, 3.4481552575e-05, 3.4085187508e-05, 3.59655059583e-05, 3.3555101254e-05, 3.42750136042e-05, 3.94307317038e-05, 4.13095694967e-05, 4.99315428897e-05, 4.29127576353e-05, 2.63571655523e-05, 2.32919628615e-05, 2.62251978711e-05, 2.06447839446e-05, 1.73022199306e-05, 1.6332949599e-05, 1.83518041013e-05, 1.45858475662e-05, 1.34521051223e-05, 1.38657742355e-05, 9.77603212959e-06, 7.78945104685e-06, 7.14588668416e-06, 7.31111322239e-06, 7.23736548025e-06, 1.96667115233e-05, 5.27560878254e-05, 5.14139937877e-05, 1.86873985513e-05, 1.0867551282e-05, 5.86636360822e-06, 2.8849087812e-06, 3.79173980036e-06, 4.01350871471e-06, 2.44669945459e-06, 2.13188081943e-06, 1.39433939239e-06, 1.49895720369e-06, 1.47316995935e-06, 1.35333630169e-06, 1.5464788703e-06, 1.01573982647e-06, 1.04615969576e-06, 1.29823229145e-06, 1.16061312383e-06, 1.04098944576e-06, 9.24308892536e-07, 8.96731364719e-07, 8.48816057442e-07, 1.1100453321e-06, 6.7521375513e-07, 5.23171706845e-07, 5.05629202507e-07, 3.09024017042e-07, 2.87081149963e-07, 2.67995773129e-07, 2.51847012578e-07, 2.40243110738e-07, 1.86609739217e-07, 1.46231357689e-07, 1.61898285e-07, 1.36856243671e-07, 1.19385944686e-07, 1.12895108373e-07, 9.22006648807e-08, 7.66786172335e-08, 6.50829861115e-08, 5.8208883047e-08, 4.80095998512e-08, 3.98364150556e-08, 2.7726057894e-08, 6.73130928774e-09, 1.66525404577e-09, 1.25240740001e-09, 1.17976062253e-09, 1.34275024433e-09, 1.05922892679e-09, 1.14884390889e-09, 8.07922284629e-10, 6.33319841015e-10, 4.46469444748e-10, 3.43432088323e-10, 4.10821654473e-10, 5.38695310581e-10, 5.08438291469e-10, 4.92253127149e-10, 4.31133434509e-10, 4.2618383822e-10],
        "min": [3.42221080268e-26, 1.46456439745e-25, 6.98077313134e-26, 2.94558443338e-25, 2.03154387497e-25, 4.85038424539e-25, 2.64714676654e-25, 8.35344164283e-26, 1.96063008672e-25, 4.07721107186e-25, 3.03816934004e-25, 3.03143444006e-25, 6.89737512622e-26, 4.22727189104e-25, 1.84746318274e-25, 2.91844959039e-25, 3.86882779381e-25, 4.42653125316e-25, 4.11148855731e-25, 6.76657225063e-25, 3.30910756225e-25, 6.24483591817e-25, 3.64974238498e-25, 2.10963716029e-25, 3.99340840575e-25, 5.77488781111e-25, 6.88453900344e-25, 5.37782305611e-25, 7.59129871691e-25, 8.63922006429e-25, 3.98711970522e-25, 5.82703348909e-25, 4.70364724233e-25, 5.32999294031e-25, 4.14282728936e-25, 4.60483945572e-25, 2.37875878374e-25, 6.79421886713e-25, 6.4034186538e-25, 3.46265070928e-25, 6.59089194096e-25, 8.82506681887e-25, 8.7175943813e-25, 6.50772036357e-25, 7.16965700041e-25, 9.7268768285e-25, 5.79891256998e-25, 6.10603633494e-25, 1.17793489368e-24, 1.07655837875e-24, 1.17756038196e-24, 1.30357154385e-24, 1.32015340008e-24, 9.72649225881e-25, 1.18044652819e-24, 1.33816408062e-24, 1.28804962085e-24, 1.8410266201e-24, 1.19052649423e-24, 1.43347080392e-24, 9.95378182105e-25, 1.40867355301e-24, 1.5787885476e-24, 1.48343804252e-24, 1.16372888928e-24, 2.2223984665e-24, 1.08827227294e-24, 1.91200931042e-24, 1.82204761279e-24, 1.66858596495e-24, 2.39892719607e-24, 1.92231893359e-24, 1.9052959069e-24, 2.70051562267e-24, 1.8392159871e-24, 1.71908252921e-24, 1.57755121927e-24, 1.86341922575e-24, 2.17012755684e-24, 2.43027376743e-24, 2.38829059005e-24, 1.67342483774e-24, 2.23927673721e-24, 3.11868842194e-24, 3.1517562878e-24, 1.88717202482e-24, 2.53125802127e-24, 2.27988039408e-24, 1.93458986219e-24, 2.82959594651e-24, 3.96101614995e-24, 2.26854899882e-24, 2.68952580418e-24, 2.5645483459e-24, 3.58368031316e-24, 2.86424804228e-24, 3.1981992903e-24, 3.50874838792e-24, 3.64162727424e-24, 2.99073084438e-24, 3.65264332235e-24, 3.80492345377e-24, 3.16899585681e-24, 3.29244805252e-24, 4.08464643102e-24, 3.39073874081e-24, 4.32118913446e-24, 3.91398307949e-24, 4.17598074662e-24, 4.30380579555e-24, 3.97400947792e-24, 4.89356057488e-24, 4.70747893696e-24, 4.33090829524e-24, 4.08653259744e-24, 3.87780631281e-24, 4.62107657973e-24, 4.72340524978e-24, 3.24057039003e-24, 4.80415344647e-24, 4.6918421361e-24, 5.10898586632e-24, 4.97479707647e-24, 4.92466733253e-24, 4.66131874109e-24, 4.70201804734e-24, 4.88232759002e-24, 5.34226229119e-24],
        "stdev": [2.06266649911e-05, 4.46201629529e-05, 0.000406331935665, 0.001718917978, 0.00200348743238, 0.000832000223454, 0.000695900584105, 0.00299260648899, 0.00323795992881, 0.00103270972613, 0.00101690285373, 0.0020493643824, 0.00171336869244, 0.00183286052197, 0.00656346511096, 0.00733796413988, 0.00371908536181, 0.00296461861581, 0.00206772750244, 0.00199877726845, 0.00119948713109, 0.000526817864738, 0.000365629879525, 0.000245994509896, 0.000228298740694, 0.000255889899563, 0.000156803536811, 0.000164314420545, 0.000109342603537, 0.000109854336188, 8.49944844958e-05, 8.20863861009e-05, 9.09842274268e-05, 0.000115301947517, 0.000102944752143, 0.000108554428152, 0.000110412067443, 0.000129740437842, 0.000115781163913, 9.36458236538e-05, 0.000129724518047, 0.0001736679842, 0.000131443579448, 0.00015901667939, 0.000147643513628, 0.000132579894853, 0.000164871627931, 0.000223537033889, 0.000319182203384, 0.000254643149674, 0.000105509912828, 9.20912862057e-05, 0.00010740543803, 8.00703637651e-05, 6.98636576999e-05, 7.61289848015e-05, 9.65515137068e-05, 6.56343036098e-05, 6.95089474902e-05, 9.47556181927e-05, 4.80062299175e-05, 3.74695300707e-05, 3.33082934958e-05, 3.53045943484e-05, 4.03470367019e-05, 0.000139605515869, 0.000381525314879, 0.000378037511837, 0.000116209877888, 7.2923488915e-05, 4.89876765641e-05, 1.36003836815e-05, 1.92589486687e-05, 2.27886011999e-05, 1.69309714693e-05, 1.53027740453e-05, 6.10984307059e-06, 1.11817280413e-05, 1.07923779069e-05, 8.54152949614e-06, 1.56545393111e-05, 5.75799003855e-06, 7.60262537369e-06, 1.38567893373e-05, 9.03371528693e-06, 4.97240216646e-06, 5.32091371497e-06, 7.38431708669e-06, 4.48437640443e-06, 1.16902483569e-05, 4.75832121083e-06, 3.53909626938e-06, 4.12877761846e-06, 1.17604554362e-06, 1.18859338727e-06, 1.01027865185e-06, 8.9827165084e-07, 8.55253972532e-07, 6.17110174517e-07, 4.66820466727e-07, 5.43097200989e-07, 4.34520075032e-07, 3.66557401321e-07, 3.55510849204e-07, 3.04816069274e-07, 2.43873415684e-07, 2.06564749305e-07, 1.89449380628e-07, 1.48621438711e-07, 1.28823970158e-07, 8.78818795513e-08, 2.42532216532e-08, 1.2678153638e-08, 9.68873781204e-09, 9.40700051189e-09, 1.21724941238e-08, 9.40597022492e-09, 1.06032000957e-08, 7.12480474618e-09, 5.62390267689e-09, 4.0790610889e-09, 3.0067219825e-09, 3.57091889391e-09, 4.68950123178e-09, 4.4247339126e-09, 4.16008116844e-09, 3.60585095116e-09, 3.48780138104e-09]
    },
    "mfcc": {
        "mean": [-1151.41931152, 14.442481041, -10.1981840134, -2.95948982239, -2.45863199234, -1.21540498734, -1.56741964817, -0.120641589165, 0.493053585291, 1.41666579247, -0.0785782560706, -0.369922578335, -0.210415259004],
        "cov": [[61676.8007812, 7515.94921875, -4887.19580078, -966.133850098, -1062.70690918, -611.188842773, -838.055847168, -179.37147522, 17.6948165894, 685.036743164, -117.261611938, -208.79296875, 12.3379240036], [7515.94921875, 1068.1048584, -563.739440918, -81.1485977173, -106.562904358, -68.0849761963, -108.95501709, -37.0511207581, -3.9977543354, 91.1174621582, -15.6787805557, -33.2539787292, 2.34356021881], [-4887.19580078, -563.739440918, 560.816040039, 244.14453125, 161.798461914, 73.0227890015, 69.7725372314, -19.5654888153, -62.4085464478, -65.3959503174, -8.76578712463, 9.86799812317, 25.4196987152], [-966.133850098, -81.1485977173, 244.14453125, 200.830703735, 95.2299423218, 30.4247646332, 16.8420391083, -27.8735389709, -64.0032348633, -21.4101085663, -16.8041114807, -5.99413490295, 27.54895401], [-1062.70690918, -106.562904358, 161.798461914, 95.2299423218, 62.4891204834, 24.2888450623, 14.4284753799, -12.2917709351, -28.8462963104, -19.6422023773, -6.86343002319, 0.501444339752, 11.7240552902], [-611.188842773, -68.0849761963, 73.0227890015, 30.4247646332, 24.2888450623, 21.7821540833, 10.9623603821, -0.692015349865, -6.63986778259, -7.4421877861, -0.492442697287, 2.63621997833, 1.12339127064], [-838.055847168, -108.95501709, 69.7725372314, 16.8420391083, 14.4284753799, 10.9623603821, 17.6459331512, 4.39574384689, -2.05399274826, -9.72754573822, -0.0384711436927, 1.41793453693, -0.534508049488], [-179.37147522, -37.0511207581, -19.5654888153, -27.8735389709, -12.2917709351, -0.692015349865, 4.39574384689, 15.220621109, 13.0928850174, -0.365153372288, 3.38818979263, 1.74140703678, -7.63444709778], [17.6948165894, -3.9977543354, -62.4085464478, -64.0032348633, -28.8462963104, -6.63986778259, -2.05399274826, 13.0928850174, 29.6242370605, 8.01196479797, 7.8885178566, 3.2961204052, -11.4945926666], [685.036743164, 91.1174621582, -65.3959503174, -21.4101085663, -19.6422023773, -7.4421877861, -9.72754573822, -0.365153372288, 8.01196479797, 16.779417038, 3.34610390663, -0.335564494133, -1.38780295849], [-117.261611938, -15.6787805557, -8.76578712463, -16.8041114807, -6.86343002319, -0.492442697287, -0.0384711436927, 3.38818979263, 7.8885178566, 3.34610390663, 9.34392547607, 4.96050071716, -3.04831242561], [-208.79296875, -33.2539787292, 9.86799812317, -5.99413490295, 0.501444339752, 2.63621997833, 1.41793453693, 1.74140703678, 3.2961204052, -0.335564494133, 4.96050071716, 7.82610607147, 0.21320194006], [12.3379240036, 2.34356021881, 25.4196987152, 27.54895401, 11.7240552902, 1.12339127064, -0.534508049488, -7.63444709778, -11.4945926666, -1.38780295849, -3.04831242561, 0.21320194006, 12.411441803]],
        "icov": [[0.000458938302472, -0.000805835647043, 0.00420324504375, -0.00210654246621, 0.000642629573122, -0.00170259864535, 0.00197908468544, 0.00121380225755, 0.00373249407858, -0.00190622278024, 0.00303854839876, -0.00177382910624, 0.000162404379807], [-0.000805835647043, 0.0109395571053, 0.00471910135821, -0.000969102839008, -0.0129345823079, -0.00162501912564, 0.00945117510855, 0.0106611466035, -0.00112770090345, -0.0177924223244, -0.00140496750828, 0.0159980673343, 0.00689774798229], [0.00420324504375, 0.00471910135821, 0.0760565027595, -0.0414532721043, -0.0307732075453, -0.0215869080275, -0.0110320588574, 0.0477628521621, 0.0168622601777, -0.0159761253744, 0.0189906954765, -0.014937502332, 0.00985001772642], [-0.00210654246621, -0.000969102839008, -0.0414532721043, 0.0684330910444, -0.0391538739204, 0.0209989044815, 0.000147974511492, -0.0391948707402, 0.0498332157731, -0.0440729148686, -0.00281884055585, 0.0277756303549, -0.0136837707832], [0.000642629573122, -0.0129345823079, -0.0307732075453, -0.0391538739204, 0.186623349786, -0.0646068453789, 0.0481139570475, 0.00884685106575, -0.0142550747842, 0.0969935357571, 0.0017569969641, -0.0204860400409, -0.0127617968246], [-0.00170259864535, -0.00162501912564, -0.0215869080275, 0.0209989044815, -0.0646068453789, 0.128493160009, -0.0609244480729, -0.0198583044112, -0.00905308313668, -0.0282029211521, 0.00225609308109, -0.0321852006018, 0.0237298551947], [0.00197908468544, 0.00945117510855, -0.0110320588574, 0.000147974511492, 0.0481139570475, -0.0609244480729, 0.251171439886, -0.0579302683473, 0.048663366586, -0.0284721199423, 0.0256773065776, 0.0537856593728, 0.00103000970557], [0.00121380225755, 0.0106611466035, 0.0477628521621, -0.0391948707402, 0.00884685106575, -0.0198583044112, -0.0579302683473, 0.19431425631, -0.0587071590126, 0.0313961692154, 0.00534992618486, -0.017784807831, 0.0471872426569], [0.00373249407858, -0.00112770090345, 0.0168622601777, 0.0498332157731, -0.0142550747842, -0.00905308313668, 0.048663366586, -0.0587071590126, 0.227878019214, -0.12063896656, 0.0201794281602, 0.00503685092553, 0.034049063921], [-0.00190622278024, -0.0177924223244, -0.0159761253744, -0.0440729148686, 0.0969935357571, -0.0282029211521, -0.0284721199423, 0.0313961692154, -0.12063896656, 0.27221134305, -0.0870590433478, -0.0199271645397, -0.037511203438], [0.00303854839876, -0.00140496750828, 0.0189906954765, -0.00281884055585, 0.0017569969641, 0.00225609308109, 0.0256773065776, 0.00534992618486, 0.0201794281602, -0.0870590433478, 0.251672416925, -0.130569711328, 0.0401487462223], [-0.00177382910624, 0.0159980673343, -0.014937502332, 0.0277756303549, -0.0204860400409, -0.0321852006018, 0.0537856593728, -0.017784807831, 0.00503685092553, -0.0199271645397, -0.130569711328, 0.276135921478, -0.0530502833426], [0.000162404379807, 0.00689774798229, 0.00985001772642, -0.0136837707832, -0.0127617968246, 0.0237298551947, 0.00103000970557, 0.0471872426569, 0.034049063921, -0.037511203438, 0.0401487462223, -0.0530502833426, 0.166394814849]]
    },
    "spectral_contrast_coeffs": {
        "max": [-0.491913557053, -0.534884214401, -0.610573709011, -0.717284560204, -0.610453605652, -0.596292316914],
        "mean": [-0.918208539486, -0.928315103054, -0.931918382645, -0.936428308487, -0.92937707901, -0.925788760185],
        "min": [-0.986201584339, -0.985182881355, -0.977549135685, -0.975391149521, -0.968581855297, -0.965998828411],
        "stdev": [0.102682046592, 0.0824693292379, 0.0621894076467, 0.0553913973272, 0.0689831152558, 0.0731665194035]
    },
    "spectral_contrast_valleys": {
        "max": [-5.21499061584, -4.40730381012, -5.40263032913, -5.07461833954, -4.80987167358, -8.38555908203],
        "mean": [-23.7581710815, -23.4074230194, -23.4174900055, -23.3793563843, -23.4983863831, -24.0177154541],
        "min": [-28.2707843781, -27.9987926483, -27.975812912, -27.6932163239, -27.5545024872, -27.4442710876],
        "stdev": [7.23622274399, 7.95962905884, 8.00996112823, 8.01534557343, 7.8259935379, 6.74356174469]
    }
},
"rhythm": {
    "beats_count": 25,
    "beats_loudness": {
        "max": 0.395588755608,
        "mean": 0.0171165466309,
        "min": 0,
        "stdev": 0.0773724317551
    },
    "bpm": 124.333076477,
    "bpm_histogram_first_peak_bpm": 123,
    "bpm_histogram_first_peak_weight": 0.428571462631,
    "bpm_histogram_second_peak_bpm": 112,
    "bpm_histogram_second_peak_spread": 0.428571462631,
    "bpm_histogram_second_peak_weight": 0.166666671634,
    "danceability": 1.22657239437,
    "onset_rate": 0.862111866474,
    "beats_loudness_band_ratio": {
        "max": [0.229626402259, 0.614354193211, 0.443382143974, 0.456968843937, 0.382334172726, 0.0967653915286],
        "mean": [0.00965754128993, 0.026267176494, 0.0619149878621, 0.0617388337851, 0.0425842255354, 0.013218998909],
        "min": [0, 0, 0, 0, 0, 0],
        "stdev": [0.0449218675494, 0.120138220489, 0.138581484556, 0.139178276062, 0.0963706225157, 0.0279137399048]
    },
    "beats_position": [0.522448956966, 1.05650794506, 1.59056687355, 2.12462592125, 2.65868473053, 3.1811337471, 3.70358276367, 4.22603178024, 4.71365070343, 5.20126962662, 5.6888885498, 6.15328788757, 6.6176867485, 7.08208608627, 7.55809497833, 8.03410434723, 8.51011276245, 8.99773216248, 9.4853515625, 9.97297000885, 10.4605894089, 10.9365987778, 11.412607193, 11.900226593, 12.3762359619],
    "bpm_histogram": [0, 0, 0, 0, 0, 0, 0, 0, 0, 0, 0, 0, 0, 0, 0, 0, 0, 0, 0, 0, 0, 0, 0, 0, 0, 0, 0, 0, 0, 0, 0, 0, 0, 0, 0, 0, 0, 0, 0, 0, 0, 0, 0, 0, 0, 0, 0, 0, 0, 0, 0, 0, 0, 0, 0, 0, 0, 0, 0, 0, 0, 0, 0, 0, 0, 0, 0, 0, 0, 0, 0, 0, 0, 0, 0, 0, 0, 0, 0, 0, 0, 0, 0, 0, 0, 0, 0, 0, 0, 0, 0, 0, 0, 0, 0, 0, 0, 0, 0, 0, 0, 0, 0, 0, 0, 0, 0, 0, 0, 0, 0, 0, 0.166666671634, 0, 0, 0.125, 0, 0, 0, 0, 0, 0, 0, 0.333333343267, 0, 0, 0.25, 0, 0, 0.125, 0, 0, 0, 0, 0, 0, 0, 0, 0, 0, 0, 0, 0, 0, 0, 0, 0, 0, 0, 0, 0, 0, 0, 0, 0, 0, 0, 0, 0, 0, 0, 0, 0, 0, 0, 0, 0, 0, 0, 0, 0, 0, 0, 0, 0, 0, 0, 0, 0, 0, 0, 0, 0, 0, 0, 0, 0, 0, 0, 0, 0, 0, 0, 0, 0, 0, 0, 0, 0, 0, 0, 0, 0, 0, 0, 0, 0, 0, 0, 0, 0, 0, 0, 0, 0, 0, 0, 0, 0, 0, 0, 0, 0, 0, 0, 0, 0, 0, 0, 0, 0, 0, 0, 0, 0, 0, 0, 0, 0, 0, 0, 0, 0, 0, 0, 0, 0, 0, 0, 0]
},
"tonal": {
    "chords_changes_rate": 0.0434782616794,
    "chords_number_rate": 0.0217391308397,
    "chords_strength": {
