{
"metadata": {
    "version": {
        "essentia": "2.1-beta5",
        "essentia_git_sha": "Undefined",
        "extractor": "music 2.0"
    },
    "audio_properties": {
        "analysis": {
            "equal_loudness": 0,
            "length": 48.7502937317,
            "sample_rate": 44100,
            "start_time": 61.4980506897,
            "downmix": "mix"
        },
        "bit_rate": 192000,
        "length": 203.697067261,
        "lossless": 0,
        "number_channels": 2,
        "replay_gain": -11.0783176422,
        "sample_rate": 48000,
        "codec": "mp3",
        "md5_encoded": "f1bc5e73b8d6ad8df26c2fe2df1c274f"
    },
    "tags": {
        "file_name": "Cyprus_Mono Gia Mas_Constantinos.mp3",
        "encoding": ["Lavf58.29.100"]
    }
},
"lowlevel": {
    "average_loudness": 0.861523032188,
    "barkbands_crest": {
        "max": 22.9696655273,
        "mean": 10.164147377,
        "min": 2.57448720932,
        "stdev": 3.78380012512
    },
    "barkbands_flatness_db": {
        "max": 0.415261715651,
        "mean": 0.191513255239,
        "min": 0.0493335090578,
        "stdev": 0.0576626434922
    },
    "barkbands_kurtosis": {
        "max": 81.8844680786,
        "mean": 4.64442825317,
        "min": -1.90894579887,
        "stdev": 11.3868284225
    },
    "barkbands_skewness": {
        "max": 7.68918466568,
        "mean": 1.14353120327,
        "min": -5.46635580063,
        "stdev": 1.42794013023
    },
    "barkbands_spread": {
        "max": 91.8554763794,
        "mean": 17.9494915009,
        "min": 0.91795283556,
        "stdev": 13.1906394958
    },
    "dissonance": {
        "max": 0.5,
        "mean": 0.446397840977,
        "min": 0.288926720619,
        "stdev": 0.0388079360127
    },
    "dynamic_complexity": 3.96190214157,
    "erbbands_crest": {
        "max": 26.6936073303,
        "mean": 11.2277927399,
        "min": 3.52595829964,
        "stdev": 4.22552919388
    },
    "erbbands_flatness_db": {
        "max": 0.345012396574,
        "mean": 0.238887935877,
        "min": 0.0928707495332,
        "stdev": 0.0382771678269
    },
    "erbbands_kurtosis": {
        "max": 34.7079544067,
        "mean": 1.539914608,
        "min": -1.82842290401,
        "stdev": 3.76865053177
    },
    "erbbands_skewness": {
        "max": 4.13288354874,
        "mean": 0.341594815254,
        "min": -3.8736448288,
        "stdev": 1.23288178444
    },
    "erbbands_spread": {
        "max": 134.218414307,
        "mean": 27.2370872498,
        "min": 4.00535058975,
        "stdev": 15.4891290665
    },
    "hfc": {
        "max": 118.722137451,
        "mean": 18.7543029785,
        "min": 0.0138618675992,
        "stdev": 17.2110023499
    },
    "loudness_ebu128": {
        "integrated": -13.5045404434,
        "loudness_range": 8.2689666748,
        "momentary": {
            "max": -9.32236194611,
            "mean": -15.7020664215,
            "min": -40.573387146,
            "stdev": 6.09714984894
        },
        "short_term": {
            "max": -10.2272443771,
            "mean": -14.6436481476,
            "min": -35.4607162476,
            "stdev": 3.89698004723
        }
    },
    "melbands_crest": {
        "max": 30.3862018585,
        "mean": 12.965297699,
        "min": 3.07684731483,
        "stdev": 4.67154312134
    },
    "melbands_flatness_db": {
        "max": 0.490548312664,
        "mean": 0.210777923465,
        "min": 0.0260863024741,
        "stdev": 0.0814448297024
    },
    "melbands_kurtosis": {
        "max": 139.043685913,
        "mean": 7.47063398361,
        "min": -1.82929301262,
        "stdev": 13.8210887909
    },
    "melbands_skewness": {
        "max": 8.24148178101,
        "mean": 1.70249021053,
        "min": -2.62891459465,
        "stdev": 1.29578602314
    },
    "melbands_spread": {
        "max": 209.90586853,
        "mean": 28.8535690308,
        "min": 1.10776913166,
        "stdev": 26.1228809357
    },
    "pitch_salience": {
        "max": 0.897793531418,
        "mean": 0.564105093479,
        "min": 0.214934930205,
        "stdev": 0.0939539298415
    },
    "silence_rate_20dB": {
        "max": 1,
        "mean": 1,
        "min": 1,
        "stdev": 0
    },
    "silence_rate_30dB": {
        "max": 1,
        "mean": 1,
        "min": 1,
        "stdev": 0
    },
    "silence_rate_60dB": {
        "max": 1,
        "mean": 0.100904330611,
        "min": 0,
        "stdev": 0.301196604967
    },
    "spectral_centroid": {
        "max": 5149.16845703,
        "mean": 1473.50231934,
        "min": 204.833053589,
        "stdev": 805.345336914
    },
    "spectral_complexity": {
        "max": 32,
        "mean": 14.7705850601,
        "min": 0,
        "stdev": 7.24361944199
    },
    "spectral_decrease": {
        "max": -2.09357487943e-12,
        "mean": -3.72580988284e-09,
        "min": -1.50240140329e-08,
        "stdev": 2.57010213112e-09
    },
    "spectral_energy": {
        "max": 0.0653830096126,
        "mean": 0.0157631468028,
        "min": 1.27611201606e-05,
        "stdev": 0.0109105501324
    },
    "spectral_energyband_high": {
        "max": 0.0168724432588,
        "mean": 0.000325720815454,
        "min": 2.62490633673e-08,
        "stdev": 0.00119938375428
    },
    "spectral_energyband_low": {
        "max": 0.00300884619355,
        "mean": 0.000281066255411,
        "min": 3.11249948481e-07,
        "stdev": 0.000339493330102
    },
    "spectral_energyband_middle_high": {
        "max": 0.0510195791721,
        "mean": 0.0071445745416,
        "min": 4.98489100664e-07,
        "stdev": 0.00772352330387
    },
    "spectral_energyband_middle_low": {
        "max": 0.0472112596035,
        "mean": 0.00830918177962,
        "min": 4.53025631941e-06,
        "stdev": 0.00636526104063
    },
    "spectral_entropy": {
        "max": 8.48562240601,
        "mean": 7.04683494568,
        "min": 5.11966991425,
        "stdev": 0.546192228794
    },
    "spectral_flux": {
        "max": 0.207267686725,
        "mean": 0.0625033825636,
        "min": 0.000869685143698,
        "stdev": 0.0390008501709
    },
    "spectral_kurtosis": {
        "max": 72.8398208618,
        "mean": 7.23170900345,
        "min": -0.679888010025,
        "stdev": 6.66997432709
    },
    "spectral_rms": {
        "max": 0.00798675790429,
        "mean": 0.00361632509157,
        "min": 0.000111579000077,
        "stdev": 0.00151685532182
    },
    "spectral_rolloff": {
        "max": 12446.1914062,
        "mean": 1928.72595215,
        "min": 193.798828125,
        "stdev": 1622.40270996
    },
    "spectral_skewness": {
        "max": 6.96686649323,
        "mean": 1.69703519344,
        "min": -0.0147654563189,
        "stdev": 0.798485398293
    },
    "spectral_spread": {
        "max": 21652268,
        "mean": 3210201.75,
        "min": 1244806.5,
        "stdev": 1389486
    },
    "spectral_strongpeak": {
        "max": 12.9054870605,
        "mean": 1.90086472034,
        "min": 0.00197085482068,
        "stdev": 2.02120804787
    },
    "zerocrossingrate": {
        "max": 0.3330078125,
        "mean": 0.0634695887566,
        "min": 0.00732421875,
        "stdev": 0.0429383441806
    },
    "barkbands": {
        "max": [2.12929571717e-05, 0.0022171062883, 0.00151502818335, 0.00986860971898, 0.0255496520549, 0.0227734502405, 0.0298536140472, 0.0309755746275, 0.0226965583861, 0.0294467341155, 0.0163106974214, 0.0132124936208, 0.0303743351251, 0.0208497010171, 0.0116733284667, 0.0176468268037, 0.0215106345713, 0.00846010353416, 0.00726916687563, 0.00271161505952, 0.00534568214789, 0.00552335288376, 0.0131171867251, 0.00177333434112, 0.000514221377671, 5.86409223615e-05, 8.88076897354e-07],
        "mean": [8.68063750659e-07, 8.62489177962e-05, 7.48924940126e-05, 0.000528122705873, 0.00174389977474, 0.00170233787503, 0.00119219243061, 0.00204257736914, 0.000825038470794, 0.00116529338993, 0.000859495194163, 0.000477138033602, 0.000990010797977, 0.000329045346007, 0.000340782658895, 0.000905555090867, 0.000772377185058, 0.000462429219624, 0.000816840096377, 0.00014357494365, 4.95700696774e-05, 9.90988846752e-05, 0.000114105278044, 3.1668383599e-05, 8.96552137419e-06, 1.01892885596e-06, 3.46618511671e-09],
        "min": [8.53017489977e-10, 3.59809249062e-08, 3.62630707684e-08, 1.23982299982e-08, 5.64610559195e-07, 2.05947728205e-07, 2.60130121887e-07, 7.95354537786e-08, 3.02709892708e-08, 7.72438468744e-08, 3.71915085395e-08, 1.41862042113e-08, 1.27808892358e-08, 2.46045406271e-09, 1.03486437197e-08, 4.58794602309e-09, 3.57640472792e-09, 2.83656542699e-09, 2.79710610229e-09, 3.53959195287e-09, 3.34169270033e-09, 2.44744069455e-09, 2.29448859912e-09, 2.56857246583e-09, 3.08959546835e-09, 3.30096193435e-11, 1.26577489809e-11],
        "stdev": [1.49632933244e-06, 0.000154713343363, 0.000101080397144, 0.0011152602965, 0.00223871436901, 0.0023254849948, 0.00205763615668, 0.00394754484296, 0.00188385788351, 0.00217022304423, 0.00179006729741, 0.00118783768266, 0.00310758617707, 0.000892012612894, 0.000769092235714, 0.00193253916223, 0.00205220491625, 0.00061627861578, 0.00134881411213, 0.000292705983156, 0.000246735784458, 0.000328220165102, 0.000632112380117, 0.000121415563626, 3.84310515074e-05, 3.44533668795e-06, 2.1043158327e-08]
    },
    "erbbands": {
        "max": [0.023339131847, 0.608343243599, 1.28572666645, 13.1720399857, 39.7176551819, 158.238296509, 258.072143555, 221.485778809, 215.428466797, 482.309509277, 628.461547852, 614.586547852, 685.256896973, 745.161560059, 792.422912598, 492.954376221, 1690.95031738, 899.738647461, 475.879394531, 653.550170898, 1064.1541748, 814.185180664, 526.59185791, 333.152038574, 478.437011719, 100.450256348, 94.0626373291, 261.567749023, 185.81590271, 420.665893555, 299.940643311, 41.3372154236, 34.8805580139, 9.56400299072, 1.87667715549, 0.410215705633, 0.072574570775, 0.00380401057191, 0.000177588139195, 8.80743682501e-05],
        "mean": [0.00112577434629, 0.0246169771999, 0.095654219389, 0.791353166103, 3.61075568199, 6.29138803482, 10.383482933, 15.3369560242, 15.6653327942, 30.122335434, 37.1433868408, 22.7032585144, 24.3442325592, 40.7867050171, 39.1322631836, 18.4947776794, 46.3841285706, 22.525806427, 15.8786325455, 27.2356624603, 56.8126373291, 36.2590522766, 27.8144073486, 26.7504043579, 40.9739074707, 7.32129955292, 1.80717539787, 2.41415929794, 3.35288238525, 4.25804376602, 2.80710577965, 0.794806480408, 0.516172885895, 0.157889097929, 0.0367440208793, 0.00933701545, 0.000835433951579, 3.67932552763e-05, 1.21112516354e-05, 2.02623814403e-05],
        "min": [1.11675205972e-06, 8.24369544716e-06, 0.0001054426466, 0.000132825662149, 0.00253531034105, 0.00108333537355, 0.00399152189493, 0.00162481737789, 0.00314230029471, 0.00558116752654, 0.00245072622783, 0.00100727414247, 0.00152930931654, 0.00280739879236, 0.00142411154229, 0.000667975691613, 0.000591593096033, 0.000308358808979, 0.000363124883734, 0.0004546714772, 0.000350953167072, 0.000266521878075, 0.000151807864313, 0.000138801056892, 0.000155472385813, 0.000158042617841, 0.000124691738165, 0.000114631031465, 9.18994192034e-05, 4.8428253649e-05, 6.49180801702e-05, 5.40555738553e-05, 4.25777470809e-05, 3.57472927135e-05, 1.44322257256e-05, 2.01815851142e-06, 6.55910923797e-07, 2.86514989511e-07, 1.36378275783e-07, 4.57254536457e-08],
        "stdev": [0.00237310724333, 0.0415878146887, 0.107149839401, 1.48952877522, 5.85927915573, 10.150103569, 21.9981441498, 21.0274486542, 21.7444610596, 51.9366645813, 74.472984314, 50.3328781128, 53.1742362976, 67.934715271, 78.1730041504, 40.1000900269, 148.975326538, 55.5623397827, 27.2360858917, 60.6422424316, 113.796325684, 80.8949203491, 35.5446052551, 42.4941291809, 66.9669570923, 12.2266511917, 5.90288257599, 12.2481479645, 10.9209985733, 21.75806427, 13.5196285248, 2.9272787571, 2.09013700485, 0.687717199326, 0.140021473169, 0.0285239126533, 0.00428145518526, 0.000162058204296, 1.26215118144e-05, 1.43172983371e-05]
    },
    "gfcc": {
        "mean": [-75.4356231689, 112.687583923, -163.021286011, 24.3256664276, -78.9617919922, -9.46620941162, -51.2150840759, -2.72477483749, -18.0364685059, -21.5342693329, -4.86992788315, -6.30232286453, -6.99177646637],
        "cov": [[9167.65527344, -1109.33117676, -3144.80297852, 176.000228882, -358.50479126, 142.328414917, 142.47177124, 547.864746094, -20.1322422028, -73.067817688, 331.752258301, -40.379486084, -76.806388855], [-1109.33117676, 1474.69677734, 258.908996582, -243.390274048, 369.815917969, -298.600402832, 99.2359237671, -161.001449585, 166.129547119, -199.499526978, 91.4675216675, -65.3490371704, 50.5610771179], [-3144.80297852, 258.908996582, 1514.6463623, 119.07195282, 70.7241363525, -1.96413648129, -126.550102234, -189.284057617, 10.1224327087, 21.2801399231, -168.535125732, 58.6918144226, 5.89660215378], [176.000228882, -243.390274048, 119.07195282, 469.4894104, 60.6610946655, -131.389038086, -189.169494629, -8.1668844223, 11.1779346466, -115.370025635, -57.5204429626, 17.6684913635, 38.6088905334], [-358.50479126, 369.815917969, 70.7241363525, 60.6610946655, 308.101226807, -156.020187378, -61.1046485901, -4.90721702576, 40.9248008728, -81.3159179688, -7.34345293045, 5.25808000565, 39.5639953613], [142.328414917, -298.600402832, -1.96413648129, -131.389038086, -156.020187378, 392.255187988, 183.112640381, 52.619720459, -68.9820632935, 169.17350769, 34.773021698, 7.13554334641, -54.2428016663], [142.47177124, 99.2359237671, -126.550102234, -189.169494629, -61.1046485901, 183.112640381, 302.691619873, 48.8824310303, -41.9482345581, 80.2033538818, 88.5568008423, 8.28868293762, -32.5902671814], [547.864746094, -161.001449585, -189.284057617, -8.1668844223, -4.90721702576, 52.619720459, 48.8824310303, 195.379776001, 6.7437953949, 56.2643051147, 14.867105484, 9.47675800323, 0.029157301411], [-20.1322422028, 166.129547119, 10.1224327087, 11.1779346466, 40.9248008728, -68.9820632935, -41.9482345581, 6.7437953949, 144.904586792, -31.0067806244, -6.07956600189, -17.3095226288, 10.819984436], [-73.067817688, -199.499526978, 21.2801399231, -115.370025635, -81.3159179688, 169.17350769, 80.2033538818, 56.2643051147, -31.0067806244, 209.726638794, -12.1126718521, 8.99427986145, -3.97797393799], [331.752258301, 91.4675216675, -168.535125732, -57.5204429626, -7.34345293045, 34.773021698, 88.5568008423, 14.867105484, -6.07956600189, -12.1126718521, 145.918823242, 13.1784086227, -4.49679660797], [-40.379486084, -65.3490371704, 58.6918144226, 17.6684913635, 5.25808000565, 7.13554334641, 8.28868293762, 9.47675800323, -17.3095226288, 8.99427986145, 13.1784086227, 85.3871688843, 18.1822776794], [-76.806388855, 50.5610771179, 5.89660215378, 38.6088905334, 39.5639953613, -54.2428016663, -32.5902671814, 0.029157301411, 10.819984436, -3.97797393799, -4.49679660797, 18.1822776794, 102.337348938]],
        "icov": [[0.000655512907542, -0.000530953519046, 0.00149716832675, -0.000941349600907, 0.000941028469242, -0.000663297192659, 0.000697029463481, -0.000803451403044, 0.000152540145791, -5.14514067618e-06, 0.000188498946954, -0.00106057722587, 0.000710392429028], [-0.000530953519046, 0.00424430938438, -0.00226512737572, 0.00319298845716, -0.004082523752, 0.00260471645743, -0.0035678751301, 0.00246682879515, -0.00277797062881, 0.00211304076947, -0.00209167296998, 0.00399982975796, -0.0021742710378], [0.00149716832675, -0.00226512737572, 0.0047004269436, -0.00301389209926, 0.00270235794596, -0.00240040244535, 0.00244459183887, -0.00124154647347, 0.00077622756362, -0.000928947876673, 0.00201696180739, -0.00424292357638, 0.00229508685879], [-0.000941349600907, 0.00319298845716, -0.00301389209926, 0.0062664845027, -0.00340396584943, 0.00181786844041, -0.00107858492993, 0.00135429634247, -0.00139635568485, 0.00327603821643, -0.00109817110933, 0.00293010985479, -0.00283275614493], [0.000941028469242, -0.004082523752, 0.00270235794596, -0.00340396584943, 0.00860856566578, -0.0012701980304, 0.00332521181554, -0.00350422924384, 0.00221291277558, -0.00103783165105, 0.00170476885978, -0.00420613540336, 0.00145828234963], [-0.000663297192659, 0.00260471645743, -0.00240040244535, 0.00181786844041, -0.0012701980304, 0.00785411708057, -0.00461921375245, 0.00144281086978, -0.000578543695156, -0.00228290376253, -0.00194233085494, 0.00304483179934, 0.000196485343622], [0.000697029463481, -0.0035678751301, 0.00244459183887, -0.00107858492993, 0.00332521181554, -0.00461921375245, 0.00983775686473, -0.00318507128395, 0.0030173228588, -0.00128184561618, -0.000890210096259, -0.00386938918382, 0.00223139463924], [-0.000803451403044, 0.00246682879515, -0.00124154647347, 0.00135429634247, -0.00350422924384, 0.00144281086978, -0.00318507128395, 0.0090117752552, -0.00266109709628, -0.00129079341423, -0.000508040480781, 0.00141608074773, -0.00120130344294], [0.000152540145791, -0.00277797062881, 0.00077622756362, -0.00139635568485, 0.00221291277558, -0.000578543695156, 0.0030173228588, -0.00266109709628, 0.00995212048292, -0.000992099172436, 0.000838239153381, -0.000564934045542, 0.000814953353256], [-5.14514067618e-06, 0.00211304076947, -0.000928947876673, 0.00327603821643, -0.00103783165105, -0.00228290376253, -0.00128184561618, -0.00129079341423, -0.000992099172436, 0.0107422722504, 0.000945663254242, 0.0012815031223, -0.00311058433726], [0.000188498946954, -0.00209167296998, 0.00201696180739, -0.00109817110933, 0.00170476885978, -0.00194233085494, -0.000890210096259, -0.000508040480781, 0.000838239153381, 0.000945663254242, 0.0112961959094, -0.00429467344657, 0.000708583218511], [-0.00106057722587, 0.00399982975796, -0.00424292357638, 0.00293010985479, -0.00420613540336, 0.00304483179934, -0.00386938918382, 0.00141608074773, -0.000564934045542, 0.0012815031223, -0.00429467344657, 0.0182717554271, -0.0049512940459], [0.000710392429028, -0.0021742710378, 0.00229508685879, -0.00283275614493, 0.00145828234963, 0.000196485343622, 0.00223139463924, -0.00120130344294, 0.000814953353256, -0.00311058433726, 0.000708583218511, -0.0049512940459, 0.0132705438882]]
    },
    "melbands": {
        "max": [0.000434947898611, 0.000580071413424, 0.00342142349109, 0.00587526522577, 0.00720717059448, 0.00447405735031, 0.00455254083499, 0.00543175917119, 0.00490523828194, 0.00430496782064, 0.00355169200338, 0.00332430796698, 0.0024990090169, 0.00156170164701, 0.00231259199791, 0.00327055458911, 0.00209008692764, 0.000950936868321, 0.00114447344095, 0.00169004593045, 0.00169754680246, 0.00118430831935, 0.000323478627251, 0.00042703456711, 0.000279951025732, 0.000370828114683, 0.000196938563022, 6.03154003329e-05, 3.9230013499e-05, 0.000174474538653, 0.000160610012244, 0.000129169784486, 0.000130283879116, 0.000369293702533, 0.000256399594946, 5.25681462022e-05, 2.37985113927e-05, 2.73619898508e-05, 1.4473785086e-05, 7.459108474e-06],
        "mean": [1.75537861651e-05, 4.6552871936e-05, 0.000233726532315, 0.000355705269612, 0.000349783193087, 0.000326725770719, 0.000248685886618, 0.000374845491024, 0.000276704318821, 0.000129696723889, 0.000119169257232, 0.000165723671671, 0.000124200887512, 7.01793978806e-05, 6.36252880213e-05, 9.73883725237e-05, 3.5963668779e-05, 2.3297719963e-05, 2.82124037767e-05, 5.27231131855e-05, 7.12148830644e-05, 4.18573399656e-05, 2.97658680211e-05, 1.98115958483e-05, 2.00827635126e-05, 3.68549772247e-05, 1.54521985678e-05, 2.4494443096e-06, 9.42520728131e-07, 1.16462831556e-06, 1.45417538988e-06, 1.78500692982e-06, 2.13288490158e-06, 2.58321824731e-06, 1.94493827621e-06, 6.6860059178e-07, 4.37469481085e-07, 4.16428974859e-07, 2.20376662696e-07, 1.01926055152e-07],
        "min": [1.35860300787e-08, 7.2408845142e-08, 2.88229848877e-08, 1.62755895872e-07, 1.35287990588e-07, 3.34457048723e-08, 6.17124982227e-08, 2.38014763454e-08, 1.17123786225e-08, 5.16671683215e-09, 7.10735115206e-09, 9.70883728968e-09, 6.14862116777e-09, 1.37122391219e-09, 7.60074281292e-10, 1.39539457766e-09, 2.5470472953e-10, 3.80888820484e-10, 8.78709383034e-10, 3.24139631802e-10, 2.82727979917e-10, 2.03338762494e-10, 1.58761281899e-10, 1.26107790877e-10, 9.77618194731e-11, 9.01343999438e-11, 1.05707137488e-10, 8.68572713753e-11, 6.94376917076e-11, 7.10826120187e-11, 4.94115651173e-11, 4.58679656756e-11, 1.35714581934e-11, 3.2477832923e-11, 3.03559365145e-11, 2.55894298806e-11, 2.81952655667e-11, 2.30887409886e-11, 2.06074168146e-11, 8.09534557444e-12],
        "stdev": [3.32982890541e-05, 5.25267423654e-05, 0.000421131873736, 0.000479208159959, 0.000642782251816, 0.000434074085206, 0.000367488246411, 0.000674711191095, 0.000559745763894, 0.000312358577503, 0.000279237487121, 0.000286343303742, 0.000249579257797, 0.000155505229486, 0.000202147479285, 0.000321204133797, 9.96325834421e-05, 4.80111884826e-05, 6.96728966432e-05, 0.000130683140014, 0.000162579832249, 0.000112199653813, 4.17353403463e-05, 2.86625836452e-05, 3.49197289324e-05, 6.39966092422e-05, 2.75182555924e-05, 5.24418646819e-06, 2.89848344437e-06, 6.84160158926e-06, 7.07148501533e-06, 6.11751738688e-06, 7.15989153832e-06, 1.63069926202e-05, 1.04369628389e-05, 2.4670566745e-06, 1.70863302174e-06, 1.6861702079e-06, 9.9364046946e-07, 4.61945376173e-07]
    },
    "melbands128": {
        "max": [8.02541762823e-06, 0.000104977574665, 0.000598385930061, 0.001238218043, 0.000654017901979, 0.000809654942714, 0.00214138720185, 0.00651207193732, 0.00497876806185, 0.00649420171976, 0.0127063561231, 0.00707004172727, 0.0130809880793, 0.0101368082687, 0.00627226661891, 0.00820109434426, 0.00474421679974, 0.00623477064073, 0.0130154397339, 0.00921143405139, 0.0125181097537, 0.00807218439877, 0.00845306925476, 0.00703105144203, 0.0061150752008, 0.00875158049166, 0.00262907147408, 0.00644939392805, 0.0080376053229, 0.0066776284948, 0.00529540516436, 0.0037657036446, 0.00423064548522, 0.0060184346512, 0.00379699748009, 0.00225141714327, 0.00308051239699, 0.00305218528956, 0.00669302465394, 0.00912603829056, 0.00589090306312, 0.00364348595031, 0.00176787329838, 0.00525276269764, 0.00098770018667, 0.00186437671073, 0.000975397764705, 0.00158545025624, 0.00257071410306, 0.00186956126709, 0.00353306299075, 0.00326050608419, 0.0026362023782, 0.00366723374464, 0.00354433618486, 0.00135731277987, 0.000837679428514, 0.000861185253598, 0.000598352809902, 0.00125223980285, 0.000688988424372, 0.000291403295705, 0.000285344343865, 0.000358976249117, 0.000850773009006, 0.000693311332725, 0.000966986175627, 0.000530359975528, 0.00035481445957, 0.000209516598261, 0.000101675825135, 4.6545661462e-05, 5.13793638675e-05, 4.19422322011e-05, 8.57578997966e-05, 0.000111957058834, 0.000342072802596, 0.000244717404712, 0.000161177871632, 0.000187878089491, 0.000128426909214, 0.000136948467116, 0.000101389909105, 0.000109865191916, 0.000242262962274, 0.000333950127242, 0.000678273732774, 0.000625263899565, 0.000264532747678, 9.93713110802e-05, 0.000101198194898, 4.20756150561e-05, 1.45264712046e-05, 3.13193850161e-05, 3.64722000086e-05, 2.93110933853e-05, 2.56326220551e-05, 3.2505064155e-05, 1.88101366803e-05, 1.2322720977e-05, 1.54780445882e-05, 6.09053722656e-06, 6.26152404948e-06, 3.33766774929e-06, 2.35331140175e-06, 1.44764339893e-06, 1.11262727387e-06, 9.30755959416e-07, 7.18128660537e-07, 6.31336035894e-07, 5.50962056423e-07, 4.81861036405e-07, 3.25837930859e-07, 8.46717256309e-08, 4.20487218378e-08, 3.6538313708e-08, 2.88590289443e-08, 8.82006578884e-10, 8.53669690493e-10, 8.26884172245e-10, 8.03130895122e-10, 7.80392528377e-10, 7.62398533194e-10, 7.48831163744e-10, 7.35277505548e-10, 7.25789761624e-10, 7.1806488533e-10, 7.13644754402e-10],
        "mean": [4.62418228153e-07, 3.40052929459e-06, 2.35759944189e-05, 4.64406257379e-05, 4.56233428849e-05, 3.53969662683e-05, 9.65529761743e-05, 0.000347650900949, 0.000365124433301, 0.000351572671207, 0.000358211429557, 0.000324790744344, 0.000382167025236, 0.000315339071676, 0.000410976674175, 0.00029507590807, 0.000165571953403, 0.000288933428237, 0.000289414863801, 0.000274345802609, 0.000522920687217, 0.000384227168979, 0.000261370616499, 0.000122228753753, 0.000160279334523, 0.000128189334646, 6.58164790366e-05, 0.000140644609928, 0.000117334646347, 0.000205365300644, 0.000178977163159, 9.25651111174e-05, 0.000108311745862, 0.000174461092683, 9.81183766271e-05, 3.16454097629e-05, 3.22325795423e-05, 3.12088450301e-05, 0.000107162755739, 0.000142355973367, 9.5529409009e-05, 3.56931559509e-05, 3.0984316254e-05, 4.4039934437e-05, 2.14753599721e-05, 1.53973815031e-05, 2.97743827105e-05, 2.93725061056e-05, 2.5815117624e-05, 2.99400780932e-05, 6.38501151116e-05, 6.12767544226e-05, 7.52409905544e-05, 6.29733112874e-05, 9.37614313443e-05, 2.65936268988e-05, 1.20302893265e-05, 3.89779524994e-05, 3.02145053865e-05, 2.47067746386e-05, 2.05407559406e-05, 1.55860179802e-05, 1.44267187352e-05, 2.00517151825e-05, 3.18536913255e-05, 3.72802569473e-05, 4.74797816423e-05, 1.86214783753e-05, 9.87373459793e-06, 5.89958517594e-06, 1.79788651167e-06, 1.14264480544e-06, 8.57479960814e-07, 1.00137799564e-06, 8.37065897485e-07, 1.10122721253e-06, 1.32742343339e-06, 1.37594088301e-06, 1.39832968671e-06, 1.65086225934e-06, 1.61035052315e-06, 1.89800243788e-06, 2.06204708775e-06, 2.23735696636e-06, 2.03087256523e-06, 2.36751361626e-06, 2.9433670079e-06, 2.79371988654e-06, 1.95650318346e-06, 1.30249554786e-06, 9.46324234974e-07, 4.40363805865e-07, 2.55224819057e-07, 4.34915875758e-07, 5.56344730285e-07, 5.07780839598e-07, 3.77142384878e-07, 3.02176289324e-07, 2.32916917753e-07, 1.81044228498e-07, 1.1934228894e-07, 9.67259836671e-08, 6.67985062819e-08, 4.72146055586e-08, 3.40710464286e-08, 2.84834253961e-08, 2.65966182411e-08, 2.22313225606e-08, 1.4467097742e-08, 9.53566026141e-09, 6.7061187714e-09, 2.45424702783e-09, 9.47319556133e-10, 2.09932668471e-10, 7.76601213892e-11, 1.16221969548e-10, 1.0373685938e-10, 6.43924020008e-12, 4.8895479679e-12, 3.67434685108e-12, 3.33070311782e-12, 3.31098516659e-12, 3.1949581869e-12, 2.8789319019e-12, 2.80977823473e-12, 2.7422105385e-12, 2.69905972572e-12, 2.68102640782e-12],
        "min": [1.10483136528e-10, 9.49165412933e-10, 4.63823690566e-09, 5.99686789116e-09, 1.31296031824e-08, 1.21129488662e-08, 1.28026267365e-09, 5.58599921874e-09, 1.78685191088e-08, 4.19582129041e-08, 2.37845121376e-08, 6.34329282434e-08, 3.98800352741e-08, 5.18989686782e-08, 4.28103597017e-09, 3.9226524251e-09, 6.67181332403e-09, 5.86763260202e-09, 2.95402742267e-08, 1.73036909246e-08, 1.16115277393e-08, 1.32919106832e-08, 1.95390037483e-09, 8.45236214353e-10, 1.63184821211e-09, 2.18605378244e-09, 2.5251325475e-09, 3.35004179952e-09, 8.15896328277e-09, 2.14131423704e-09, 3.51675577548e-09, 1.31652067026e-09, 7.92300780539e-10, 5.56982848732e-10, 5.50747947248e-10, 6.56655230191e-10, 4.18871465291e-10, 3.00251212781e-10, 8.87633355706e-10, 6.43262720867e-10, 4.26782109653e-10, 2.76301065361e-10, 2.10330947104e-10, 1.12561404642e-10, 2.16077530868e-10, 2.87790680176e-10, 2.8783789241e-10, 3.79783149373e-10, 2.37763697619e-10, 3.64349439508e-10, 1.76051270784e-10, 2.31730815092e-10, 1.01935196395e-10, 1.48645137865e-10, 6.8233682593e-11, 6.78856901248e-11, 8.49224787713e-11, 6.87759432738e-11, 1.31981967022e-10, 1.06078028306e-10, 4.84813231227e-11, 1.02147089398e-10, 6.98324870152e-11, 3.96720399587e-11, 4.81605276492e-11, 5.11225992095e-11, 3.74653467972e-11, 6.95838595077e-11, 5.43678019271e-11, 7.06072283974e-11, 4.00656244293e-11, 2.10203538603e-11, 2.172089765e-11, 3.17356731172e-11, 3.26338470136e-11, 6.01508634568e-11, 3.69473618367e-11, 3.57015007835e-11, 2.38299883298e-11, 3.81522279047e-11, 3.39474177935e-11, 3.42900811912e-11, 1.11425027191e-11, 8.14000342825e-12, 1.86267008762e-11, 1.29267299989e-11, 1.89838162551e-11, 1.71005553468e-11, 9.23876166542e-12, 2.04167169282e-11, 1.91148642054e-11, 1.82179722696e-11, 2.35108668645e-11, 1.11524461541e-11, 1.75398549851e-11, 1.76364634702e-11, 1.77441516341e-11, 1.47972831904e-11, 1.41140259202e-11, 1.27107343748e-11, 3.66948528854e-12, 5.14921764082e-13, 1.55835468228e-13, 5.2015891594e-12, 8.64314175786e-12, 1.16765278002e-12, 4.70074933839e-13, 2.03455375919e-13, 4.44705307735e-14, 5.04297904163e-14, 5.39456446094e-14, 3.98327678892e-14, 3.88679295997e-14, 3.53680538361e-14, 3.84523650713e-14, 4.97301276493e-14, 3.82960400587e-14, 5.18092276166e-14, 3.7796371935e-14, 4.30969618174e-14, 3.96799021592e-14, 3.7488739733e-14, 3.92171883889e-14, 3.30978496834e-14, 2.62114362469e-14, 9.02880455269e-15, 1.39755025874e-15, 3.12905948291e-17],
        "stdev": [7.29627629426e-07, 9.89100499282e-06, 5.31912919541e-05, 8.20950954221e-05, 6.42195591354e-05, 5.15336869285e-05, 0.000199606554816, 0.00075086846482, 0.000723746430594, 0.00060913420748, 0.000731741485652, 0.00066462304676, 0.00106824969407, 0.000656385091133, 0.000643843435682, 0.000569482799619, 0.000324236025335, 0.000536684761755, 0.000702976540197, 0.000641990627628, 0.0012931417441, 0.000974256254267, 0.000818582135253, 0.000386479485314, 0.00048349017743, 0.000473999389214, 0.000178917005542, 0.00042230298277, 0.000467726844363, 0.000412588269683, 0.000397331139538, 0.000291553675197, 0.000346264103428, 0.00044918252388, 0.000317010330036, 0.000131572058308, 0.000143794401083, 0.000162761891261, 0.00044724685722, 0.000607763940934, 0.000438395596575, 0.000189620172023, 0.000120195829368, 0.000173239503056, 6.98522926541e-05, 6.23033120064e-05, 6.24847016297e-05, 9.61959303822e-05, 0.000119602802442, 0.000105683873699, 0.000252802623436, 0.000160794690601, 0.000213416700717, 0.000287003436824, 0.000330646580551, 9.28219742491e-05, 3.65885680367e-05, 7.38958115107e-05, 5.84858025832e-05, 5.27093288838e-05, 4.23741039413e-05, 2.9544267818e-05, 2.67251143669e-05, 3.95160604967e-05, 8.42089793878e-05, 8.75817859196e-05, 0.000105700986751, 5.28453820152e-05, 2.68765797955e-05, 1.63155855262e-05, 5.50726326765e-06, 2.77074241239e-06, 2.75646857517e-06, 3.21946731674e-06, 3.93421305489e-06, 5.70386418985e-06, 1.07018313429e-05, 9.85273254628e-06, 6.66503638058e-06, 6.95945163898e-06, 6.13332258581e-06, 6.74766943121e-06, 6.65234620101e-06, 7.24086930859e-06, 8.88764498086e-06, 1.41857863127e-05, 2.32744205277e-05, 2.20066231122e-05, 1.01803288999e-05, 4.86839917357e-06, 4.03535477744e-06, 1.72737304638e-06, 9.07081300738e-07, 1.81310451808e-06, 2.37633730649e-06, 2.08683422898e-06, 1.62424487371e-06, 1.45520118622e-06, 1.13196699658e-06, 8.76788590176e-07, 6.0130963675e-07, 4.46535523224e-07, 3.14252247335e-07, 2.08045349837e-07, 1.43601766922e-07, 1.00088833221e-07, 8.19340613134e-08, 6.18745801262e-08, 4.51320829598e-08, 4.04205806603e-08, 3.35298295795e-08, 2.10464925487e-08, 1.20067209508e-08, 2.52252085886e-09, 1.04918895794e-09, 1.02036490368e-09, 6.81886436205e-10, 3.09773734442e-11, 2.99868220532e-11, 2.61749094621e-11, 2.52921399102e-11, 2.46319301761e-11, 2.41167225079e-11, 2.35497749773e-11, 2.31370495679e-11, 2.28365659716e-11, 2.2595630228e-11, 2.2457221846e-11]
    },
    "mfcc": {
        "mean": [-700.543212891, 131.850585938, -27.0835456848, 15.5941829681, -7.57100391388, -15.261639595, -23.7918128967, 7.28539180756, -20.3796100616, -7.35938405991, -6.22673368454, -12.8505563736, -0.330681204796],
        "cov": [[11375.6308594, -1679.97351074, -2798.52612305, -345.001403809, -614.020690918, -431.990020752, 26.3898105621, 564.905212402, -417.84564209, 489.396392822, 217.653305054, -190.440048218, 243.798370361], [-1679.97351074, 1642.31274414, 38.1445236206, 50.7282714844, 131.670913696, -26.429271698, -7.02923727036, -4.42493486404, 35.593788147, -80.4431152344, 49.7480392456, -4.47389411926, -37.3760147095], [-2798.52612305, 38.1445236206, 1184.515625, 97.8696594238, 119.597206116, 195.726013184, -19.3560123444, -153.340881348, 123.795387268, -177.573394775, -37.9650764465, 78.489364624, -71.1573944092], [-345.001403809, 50.7282714844, 97.8696594238, 491.64654541, 301.381317139, -135.110458374, -182.933624268, 12.0118913651, 19.2522201538, -146.550262451, -112.55153656, -82.4267349243, 23.305103302], [-614.020690918, 131.670913696, 119.597206116, 301.381317139, 419.413909912, -101.406188965, -172.909286499, -20.0566082001, 39.7712478638, -89.7847747803, -91.3566970825, -69.8781204224, 17.9232807159], [-431.990020752, -26.429271698, 195.726013184, -135.110458374, -101.406188965, 232.27432251, 116.246376038, -39.9668197632, 15.8720312119, 17.5848007202, 37.4745979309, 56.0934333801, -36.4387283325], [26.3898105621, -7.02923727036, -19.3560123444, -182.933624268, -172.909286499, 116.246376038, 294.37020874, 36.3769226074, -20.2394618988, 89.2306137085, 58.7407073975, 53.4338150024, -19.2133636475], [564.905212402, -4.42493486404, -153.340881348, 12.0118913651, -20.0566082001, -39.9668197632, 36.3769226074, 185.475830078, -59.2923126221, 42.1917800903, 32.0736732483, -17.4241714478, 23.2833652496], [-417.84564209, 35.593788147, 123.795387268, 19.2522201538, 39.7712478638, 15.8720312119, -20.2394618988, -59.2923126221, 180.960906982, -0.729356050491, -0.921820819378, 10.9035348892, 13.5567913055], [489.396392822, -80.4431152344, -177.573394775, -146.550262451, -89.7847747803, 17.5848007202, 89.2306137085, 42.1917800903, -0.729356050491, 197.680419922, 61.7282867432, 15.3745412827, 10.0441703796], [217.653305054, 49.7480392456, -37.9650764465, -112.55153656, -91.3566970825, 37.4745979309, 58.7407073975, 32.0736732483, -0.921820819378, 61.7282867432, 128.884124756, 26.6513996124, -1.28323626518], [-190.440048218, -4.47389411926, 78.489364624, -82.4267349243, -69.8781204224, 56.0934333801, 53.4338150024, -17.4241714478, 10.9035348892, 15.3745412827, 26.6513996124, 90.6504211426, -1.7247492075], [243.798370361, -37.3760147095, -71.1573944092, 23.305103302, 17.9232807159, -36.4387283325, -19.2133636475, 23.2833652496, 13.5567913055, 10.0441703796, -1.28323626518, -1.7247492075, 88.8471069336]],
        "icov": [[0.000389365566662, 0.000374696013751, 0.000804813113064, -3.58929210051e-05, 0.000275050464552, -1.83317388291e-05, 0.000235339859501, -0.000386417523259, 0.000118965945148, 0.000144699384691, -0.000525094859768, 0.000228990669711, -0.00020531033806], [0.000374696013751, 0.00105522363447, 0.000862457614858, 8.30576245789e-05, -0.000151298838318, 0.000135338923428, 1.52127977344e-05, -0.000395830604248, -7.22987097106e-05, 0.000661534722894, -0.00110623752698, 0.000108128857391, 0.000200105132535], [0.000804813113064, 0.000862457614858, 0.00316995824687, -0.000307738024276, 4.18866184191e-05, -0.00120056222659, 0.000466463185148, -0.000496018095873, -0.000448818027508, 0.00143140845466, -0.00127935525961, -0.000691749854013, 0.000378706114134], [-3.58929210051e-05, 8.30576245789e-05, -0.000307738024276, 0.00510557880625, -0.00231745932251, 0.00108561140951, 0.000353808427462, -0.00125323631801, -0.000428163126344, 0.00209158263169, 0.00132666015998, 0.00123165687546, -0.000262627203483], [0.000275050464552, -0.000151298838318, 4.18866184191e-05, -0.00231745932251, 0.00540959089994, 0.000227553129662, 0.00141394638922, -7.81200506026e-05, -0.000235887710005, -0.000963381724432, 0.000861831533257, 0.00153339665849, -0.000661563768517], [-1.83317388291e-05, 0.000135338923428, -0.00120056222659, 0.00108561140951, 0.000227553129662, 0.00779218878597, -0.00212381081656, 0.000899572332855, -7.47747544665e-05, 0.000228687073104, -0.000670513836667, -0.00103518762626, 0.00127159699332], [0.000235339859501, 1.52127977344e-05, 0.000466463185148, 0.000353808427462, 0.00141394638922, -0.00212381081656, 0.00611348357052, -0.00160333444364, 0.000242248017457, -0.00148289999925, 0.000180939910933, -0.000918960897252, 0.00034280878026], [-0.000386417523259, -0.000395830604248, -0.000496018095873, -0.00125323631801, -7.81200506026e-05, 0.000899572332855, -0.00160333444364, 0.00824255961925, 0.00217074132524, -0.00118631753139, -0.00166342884768, 0.000771707273088, -0.00150294112973], [0.000118965945148, -7.22987097106e-05, -0.000448818027508, -0.000428163126344, -0.000235887710005, -7.47747544665e-05, 0.000242248017457, 0.00217074132524, 0.00711145857349, -0.00133515498601, -0.000794995692559, -4.96748907608e-05, -0.00205018185079], [0.000144699384691, 0.000661534722894, 0.00143140845466, 0.00209158263169, -0.000963381724432, 0.000228687073104, -0.00148289999925, -0.00118631753139, -0.00133515498601, 0.00900374539196, -0.00237115798518, 8.99893348105e-05, -8.92937023309e-05], [-0.000525094859768, -0.00110623752698, -0.00127935525961, 0.00132666015998, 0.000861831533257, -0.000670513836667, 0.000180939910933, -0.00166342884768, -0.000794995692559, -0.00237115798518, 0.0123994704336, -0.00133525428828, 0.000171604056959], [0.000228990669711, 0.000108128857391, -0.000691749854013, 0.00123165687546, 0.00153339665849, -0.00103518762626, -0.000918960897252, 0.000771707273088, -4.96748907608e-05, 8.99893348105e-05, -0.00133525428828, 0.0160886980593, -0.00230437144637], [-0.00020531033806, 0.000200105132535, 0.000378706114134, -0.000262627203483, -0.000661563768517, 0.00127159699332, 0.00034280878026, -0.00150294112973, -0.00205018185079, -8.92937023309e-05, 0.000171604056959, -0.00230437144637, 0.0136786792427]]
    },
    "spectral_contrast_coeffs": {
        "max": [-0.309572994709, -0.418818086386, -0.477910280228, -0.526382982731, -0.511129140854, -0.608080625534],
        "mean": [-0.626721680164, -0.698854327202, -0.718282997608, -0.744533658028, -0.704805970192, -0.748445570469],
        "min": [-0.889042437077, -0.914501428604, -0.913542091846, -0.927083075047, -0.91895544529, -0.892524600029],
        "stdev": [0.0934367179871, 0.0802895501256, 0.075865663588, 0.0719243362546, 0.0799135491252, 0.0435624569654]
    },
    "spectral_contrast_valleys": {
        "max": [-6.10877418518, -5.08584403992, -5.98510360718, -6.30659151077, -6.6036939621, -8.14063644409],
        "mean": [-8.03641319275, -7.13511800766, -8.03076076508, -8.25042057037, -8.52865982056, -11.3827219009],
        "min": [-10.9009590149, -10.4567747116, -11.4692287445, -12.1510686874, -12.4844207764, -14.4507846832],
        "stdev": [0.74140226841, 0.912967264652, 1.02486109734, 1.07506084442, 1.10090196133, 1.04502344131]
    }
},
"rhythm": {
    "beats_count": 84,
    "beats_loudness": {
        "max": 0.0518551245332,
        "mean": 0.0177244823426,
        "min": 2.54911010416e-05,
        "stdev": 0.0119033232331
    },
    "bpm": 108.736579895,
    "bpm_histogram_first_peak_bpm": 108,
    "bpm_histogram_first_peak_weight": 0.625,
    "bpm_histogram_second_peak_bpm": 115,
    "bpm_histogram_second_peak_spread": 0.333333313465,
    "bpm_histogram_second_peak_weight": 0.096385538578,
    "danceability": 0.921066343784,
    "onset_rate": 2.70703125,
    "beats_loudness_band_ratio": {
        "max": [0.888044416904, 0.822977602482, 0.676201224327, 0.872880876064, 0.655536413193, 0.67806994915],
        "mean": [0.117459535599, 0.24154792726, 0.247218087316, 0.197816461325, 0.15120741725, 0.0906163975596],
        "min": [0.00135050748941, 0.00880185049027, 0.00172488857061, 0.000416132766986, 0.00104286137503, 0.000146895938087],
        "stdev": [0.190971955657, 0.202031776309, 0.196511343122, 0.209567293525, 0.163469046354, 0.122403077781]
    },
