{
"metadata": {
    "version": {
        "essentia": "2.1-beta5",
        "essentia_git_sha": "Undefined",
        "extractor": "music 2.0"
    },
    "audio_properties": {
        "analysis": {
            "equal_loudness": 0,
            "length": 21.3043079376,
            "sample_rate": 44100,
            "start_time": 191.483352661,
            "downmix": "mix"
        },
        "bit_rate": 192000,
        "length": 212.810897827,
        "lossless": 0,
        "number_channels": 2,
        "replay_gain": -8.02720069885,
        "sample_rate": 48000,
        "codec": "mp3",
        "md5_encoded": "19cfad4c633c04b4f75442d8cdfbdd69"
    },
    "tags": {
        "file_name": "Malta_In A Woman_s Heart_Miriam Christine.mp3",
        "encoding": ["Lavf58.29.100"]
    }
},
"lowlevel": {
    "average_loudness": 0.187217995524,
    "barkbands_crest": {
        "max": 19.2028331757,
        "mean": 7.35572576523,
        "min": 3.1851811409,
        "stdev": 2.57101988792
    },
    "barkbands_flatness_db": {
        "max": 0.221392303705,
        "mean": 0.10100183636,
        "min": 0.0476031042635,
        "stdev": 0.0337911844254
    },
    "barkbands_kurtosis": {
        "max": 17.71717453,
        "mean": 1.96901667118,
        "min": -1.54724371433,
        "stdev": 2.16894125938
    },
    "barkbands_skewness": {
        "max": 3.68443465233,
        "mean": -0.50469148159,
        "min": -2.25341629982,
        "stdev": 1.43634712696
    },
    "barkbands_spread": {
        "max": 50.7436904907,
        "mean": 25.3817768097,
        "min": 6.46631526947,
        "stdev": 8.12713432312
    },
    "dissonance": {
        "max": 0.5,
        "mean": 0.484778672457,
        "min": 0.361754447222,
        "stdev": 0.0165350120515
    },
    "dynamic_complexity": 6.08062648773,
    "erbbands_crest": {
        "max": 27.6434612274,
        "mean": 6.24355268478,
        "min": 2.64072656631,
        "stdev": 4.01779603958
    },
    "erbbands_flatness_db": {
        "max": 0.270982772112,
        "mean": 0.138798847795,
        "min": 0.0796361938119,
        "stdev": 0.0514166541398
    },
    "erbbands_kurtosis": {
        "max": 13.9013500214,
        "mean": 0.467341840267,
        "min": -1.46487486362,
        "stdev": 1.07051587105
    },
    "erbbands_skewness": {
        "max": 1.44703710079,
        "mean": -0.272475659847,
        "min": -1.35681045055,
        "stdev": 0.519894063473
    },
    "erbbands_spread": {
        "max": 73.4032211304,
        "mean": 31.5481338501,
        "min": 5.76753330231,
        "stdev": 10.5470190048
    },
    "hfc": {
        "max": 136.496383667,
        "mean": 13.3040676117,
        "min": 1.03470831684e-16,
        "stdev": 21.0351448059
    },
    "loudness_ebu128": {
        "integrated": -14.8216362,
        "loudness_range": 9.38348388672,
        "momentary": {
            "max": -11.1048460007,
            "mean": -154.599380493,
            "min": -300.691009521,
            "stdev": 140.895065308
        },
        "short_term": {
            "max": -13.4408473969,
            "mean": -135.100448608,
            "min": -300.691009521,
            "stdev": 137.965148926
        }
    },
    "melbands_crest": {
        "max": 28.6053657532,
        "mean": 7.11522960663,
        "min": 1.55185186863,
        "stdev": 5.9676527977
    },
    "melbands_flatness_db": {
        "max": 0.285418599844,
        "mean": 0.0811364427209,
        "min": 0.0032864457462,
        "stdev": 0.0805111527443
    },
    "melbands_kurtosis": {
        "max": 47.8516616821,
        "mean": 1.81605947018,
        "min": -1.4586763382,
        "stdev": 5.96990585327
    },
    "melbands_skewness": {
        "max": 6.51227807999,
        "mean": 0.843711555004,
        "min": -0.736162662506,
        "stdev": 1.18566787243
    },
    "melbands_spread": {
        "max": 168.479415894,
        "mean": 80.8777694702,
        "min": 5.74727869034,
        "stdev": 52.2851219177
    },
    "pitch_salience": {
        "max": 0.857309758663,
        "mean": 0.685386180878,
        "min": 0.240290895104,
        "stdev": 0.1514339149
    },
    "silence_rate_20dB": {
        "max": 1,
        "mean": 1,
        "min": 1,
        "stdev": 0
    },
    "silence_rate_30dB": {
        "max": 1,
        "mean": 1,
        "min": 1,
        "stdev": 0
    },
    "silence_rate_60dB": {
        "max": 1,
        "mean": 0.56909686327,
        "min": 0,
        "stdev": 0.495205610991
    },
    "spectral_centroid": {
        "max": 11987.0009766,
        "mean": 6367.07617188,
        "min": 529.763977051,
        "stdev": 4600.47558594
    },
    "spectral_complexity": {
        "max": 54,
        "mean": 11.1414585114,
        "min": 0,
        "stdev": 13.3403577805
    },
    "spectral_decrease": {
        "max": 2.38191022913e-28,
        "mean": -3.3838181146e-09,
        "min": -2.84736092482e-08,
        "stdev": 5.03576025324e-09
    },
    "spectral_energy": {
        "max": 0.115741506219,
        "mean": 0.0139780323952,
        "min": 9.61684138343e-21,
        "stdev": 0.0206709820777
    },
    "spectral_energyband_high": {
        "max": 0.00534400995821,
        "mean": 0.000415202783188,
        "min": 7.04662239137e-21,
        "stdev": 0.000760105554946
    },
    "spectral_energyband_low": {
        "max": 0.0679367631674,
        "mean": 0.00488613219932,
        "min": 7.88446201043e-24,
        "stdev": 0.00974451936781
    },
    "spectral_energyband_middle_high": {
        "max": 0.0605925731361,
        "mean": 0.00558389956132,
        "min": 1.04359214421e-21,
        "stdev": 0.00936383474618
    },
    "spectral_energyband_middle_low": {
        "max": 0.0425476133823,
        "mean": 0.0033679488115,
        "min": 1.5111935731e-22,
        "stdev": 0.00577163649723
    },
    "spectral_entropy": {
        "max": 9.83060264587,
        "mean": 8.76606273651,
        "min": 7.03245162964,
        "stdev": 1.02856087685
    },
    "spectral_flux": {
        "max": 0.255923300982,
        "mean": 0.044844288379,
        "min": 6.27978849477e-11,
        "stdev": 0.0566555298865
    },
    "spectral_kurtosis": {
        "max": 9.47887516022,
        "mean": 1.53963923454,
        "min": -1.2701369524,
        "stdev": 2.87177801132
    },
    "spectral_rms": {
        "max": 0.0106263132766,
        "mean": 0.00235834810883,
        "min": 3.06305133167e-12,
        "stdev": 0.00284171150997
    },
    "spectral_rolloff": {
        "max": 19810.546875,
        "mean": 10226.7236328,
        "min": 129.19921875,
        "stdev": 8434.78417969
    },
    "spectral_skewness": {
        "max": 2.28825926781,
        "mean": 0.765950679779,
        "min": -0.0976397544146,
        "stdev": 0.777812898159
    },
    "spectral_spread": {
        "max": 43261932,
        "mean": 22000648,
        "min": 2430982,
        "stdev": 18217432
    },
    "spectral_strongpeak": {
        "max": 11.3500671387,
        "mean": 0.504291832447,
        "min": 0,
        "stdev": 1.29905533791
    },
    "zerocrossingrate": {
        "max": 0.767578125,
        "mean": 0.285923480988,
        "min": 0.0185546875,
        "stdev": 0.214901998639
    },
    "barkbands": {
        "max": [0.00551240798086, 0.0524016879499, 0.0308034643531, 0.0155997611582, 0.0332459397614, 0.00935630314052, 0.00650242203847, 0.0147155532613, 0.00516390334815, 0.014231604524, 0.0192489754409, 0.0301589295268, 0.017954248935, 0.0362504571676, 0.028914436698, 0.0105209099129, 0.0137524735183, 0.00808079261333, 0.00806494709104, 0.00290978024714, 0.00210301508196, 0.00152903073467, 0.00111240858678, 0.00049811496865, 0.000371918082237, 0.000326717621647, 1.88421608982e-06],
        "mean": [0.000225767449592, 0.00339263188653, 0.00106034683995, 0.000688218628056, 0.00123860430904, 0.000484679156216, 0.000271826429525, 0.00019540458743, 0.000352991221007, 0.000508017838001, 0.000731534033548, 0.000718428869732, 0.0010246403981, 0.000846431299578, 0.00051233661361, 0.000316412450047, 0.000253836915363, 0.000333540549036, 0.00030054882518, 0.000175785884494, 0.000135861817398, 6.37860284769e-05, 6.9518260716e-05, 3.79964985768e-05, 2.37210551859e-05, 1.51500025822e-05, 1.95874019226e-08],
        "min": [1.55396933185e-25, 1.32690003436e-24, 3.58826004514e-25, 5.83058927962e-25, 4.57569893388e-24, 9.18044057085e-24, 3.31496943972e-24, 6.46933192673e-24, 9.15255039355e-24, 1.06020681074e-23, 8.16998153761e-24, 9.40612105406e-24, 2.27128674059e-23, 2.88062278308e-23, 3.67073671496e-23, 5.00706140861e-23, 4.79634814112e-23, 7.42810108582e-23, 9.99164596121e-23, 1.54496325695e-22, 2.06193435283e-22, 2.83596025541e-22, 3.18431239592e-22, 5.29088529504e-22, 8.33002279816e-22, 1.18660916796e-21, 1.85005285177e-21],
        "stdev": [0.000546729250345, 0.00698607508093, 0.00265001761727, 0.00185128161684, 0.00260630995035, 0.00114149902947, 0.000681393838022, 0.000649215653539, 0.000722459924873, 0.00123327423353, 0.00198946683668, 0.00212881993502, 0.00258220359683, 0.00261126947589, 0.00159976317082, 0.000759820046369, 0.00070710334694, 0.00075689755613, 0.000665654835757, 0.000366274354747, 0.000264723290456, 0.000141686177813, 0.000134334753966, 7.26434227545e-05, 5.23768176208e-05, 3.89443957829e-05, 1.19647026509e-07]
    },
    "erbbands": {
        "max": [1.75042629242, 11.1351823807, 30.8523368835, 40.0616264343, 79.5024261475, 170.107818604, 97.5878219604, 103.662223816, 105.984535217, 257.870697021, 181.66595459, 118.110992432, 439.624023438, 1001.08709717, 667.282470703, 1351.06347656, 915.595947266, 2012.64208984, 839.962463379, 1635.07714844, 646.980163574, 570.621765137, 496.367370605, 396.140319824, 290.699920654, 145.658691406, 119.590744019, 69.1884384155, 39.1904754639, 29.9572868347, 25.8155174255, 16.1031341553, 8.18487548828, 5.70475912094, 2.85000896454, 2.38357782364, 0.384465992451, 0.0326381511986, 0.000690206361469, 0.000146557140397],
        "mean": [0.128935903311, 0.630185782909, 1.33758759499, 1.54862225056, 4.30998373032, 3.52232670784, 2.70657300949, 4.68733882904, 4.61458444595, 3.70484876633, 4.7770819664, 6.84754323959, 13.3666362762, 25.7965755463, 29.9863529205, 26.7161636353, 43.3843307495, 57.8521575928, 26.7214984894, 22.1353569031, 17.1295108795, 15.0126304626, 18.0820884705, 15.7110548019, 14.2699337006, 9.08044719696, 6.93216323853, 3.67389917374, 2.24201107025, 2.07598376274, 1.83717679977, 1.00256812572, 0.57128572464, 0.305326551199, 0.153494283557, 0.103974841535, 0.0194382742047, 0.000740676885471, 2.91098331218e-05, 1.88311751117e-05],
        "min": [3.25942432343e-23, 3.20735445498e-22, 9.54752219407e-22, 2.89517677453e-21, 7.41744245166e-21, 1.13978307125e-20, 3.6258622046e-20, 5.95859489629e-20, 9.71558267632e-20, 7.41107299938e-20, 2.25294659797e-19, 2.05513695273e-19, 2.75930676091e-19, 5.69468046616e-19, 8.02719279177e-19, 7.18131893135e-19, 1.33258362412e-18, 1.91271785455e-18, 2.18096115346e-18, 2.96041799417e-18, 3.7437561731e-18, 3.55058385747e-18, 4.54483468783e-18, 4.98096814734e-18, 6.94299258384e-18, 7.04856068234e-18, 7.77759383367e-18, 9.87974514748e-18, 9.87851512991e-18, 1.08197697392e-17, 8.82074385954e-18, 8.7324017973e-18, 8.54086399056e-18, 7.60722936907e-18, 5.47462540101e-18, 4.01297533834e-18, 2.25360498204e-18, 8.79852475431e-19, 2.47567738561e-19, 2.55656889636e-20],
        "stdev": [0.275520592928, 1.32695949078, 3.03764414787, 4.08909082413, 10.1701917648, 9.6033821106, 6.58514595032, 12.0465669632, 11.1077136993, 11.8503551483, 12.2287654877, 14.0207939148, 31.1446323395, 68.6998519897, 68.4637374878, 76.7513580322, 104.07559967, 156.685974121, 72.5449905396, 72.4989471436, 45.696056366, 37.4349060059, 43.1437072754, 34.1872634888, 30.4672985077, 18.1854076385, 13.9077415466, 7.55311965942, 4.75643920898, 3.97168517113, 3.46695041656, 1.91471505165, 1.13048756123, 0.680769383907, 0.339964002371, 0.259179234505, 0.0530316233635, 0.00233686855063, 6.58289209241e-05, 2.80483764072e-05]
    },
    "gfcc": {
        "mean": [-630.225830078, 32.7351913452, -79.8195037842, 14.3520612717, -29.9125385284, 13.6441373825, -20.1333637238, 5.6810669899, -15.0811128616, 2.55086803436, -6.61547899246, 1.10764873028, -4.54087734222],
        "cov": [[400483.125, 22122.078125, -48080.9882812, 10071.4121094, -17884.5117188, 8667.95117188, -12293.7470703, 3377.63232422, -9567.22265625, 1605.80456543, -3888.26416016, 709.536987305, -2964.37768555], [22122.078125, 1806.11450195, -2001.40319824, 1006.78533936, -686.919067383, 512.044006348, -566.621704102, 119.721115112, -537.513061523, 85.4710617065, -93.3369064331, 40.7489891052, -172.959869385], [-48080.9882812, -2001.40319824, 7028.80224609, -500.78704834, 2637.79223633, -974.21875, 1636.7545166, -470.648223877, 1117.54748535, -142.741790771, 607.632263184, -30.9852161407, 294.640960693], [10071.4121094, 1006.78533936, -500.78704834, 764.801147461, -125.49066925, 260.525665283, -207.582565308, 33.5945167542, -249.101242065, 62.9463653564, 11.627450943, 40.230052948, -96.8293685913], [-17884.5117188, -686.919067383, 2637.79223633, -125.49066925, 1064.83752441, -330.857971191, 645.667419434, -184.132232666, 416.71307373, -52.8218078613, 255.007919312, -16.6573944092, 111.400253296], [8667.95117188, 512.044006348, -974.21875, 260.525665283, -330.857971191, 255.227111816, -220.945922852, 70.3235244751, -211.481231689, 35.425907135, -66.3307266235, 18.0684070587, -68.6737670898], [-12293.7470703, -566.621704102, 1636.7545166, -207.582565308, 645.667419434, -220.945922852, 467.829589844, -93.0666275024, 293.745300293, -44.8540000916, 166.299423218, -17.2649478912, 84.1645278931], [3377.63232422, 119.721115112, -470.648223877, 33.5945167542, -184.132232666, 70.3235244751, -93.0666275024, 94.3390884399, -50.6059379578, 30.2271232605, -37.6244850159, 12.9268503189, -22.6774501801], [-9567.22265625, -537.513061523, 1117.54748535, -249.101242065, 416.71307373, -211.481231689, 293.745300293, -50.6059379578, 272.107818604, -19.9180736542, 97.1098251343, -14.5529975891, 79.6915512085], [1605.80456543, 85.4710617065, -142.741790771, 62.9463653564, -52.8218078613, 35.425907135, -44.8540000916, 30.2271232605, -19.9180736542, 46.363243103, -6.62416601181, 12.7506837845, -11.7615833282], [-3888.26416016, -93.3369064331, 607.632263184, 11.627450943, 255.007919312, -66.3307266235, 166.299423218, -37.6244850159, 97.1098251343, -6.62416601181, 99.8132400513, 5.70639944077, 26.1417865753], [709.536987305, 40.7489891052, -30.9852161407, 40.230052948, -16.6573944092, 18.0684070587, -17.2649478912, 12.9268503189, -14.5529975891, 12.7506837845, 5.70639944077, 32.4411621094, -3.08872938156], [-2964.37768555, -172.959869385, 294.640960693, -96.8293685913, 111.400253296, -68.6737670898, 84.1645278931, -22.6774501801, 79.6915512085, -11.7615833282, 26.1417865753, -3.08872938156, 50.1409301758]],
        "icov": [[0.000488149293233, -0.00146542745642, 0.0012828951003, -0.00142353959382, 0.00103255209979, -0.00147215521429, 0.000853199744597, -0.00154695031233, 0.00248498492874, -0.00201685843058, 0.00144979346078, -0.00160099356435, 0.00179794931319], [-0.00146542745642, 0.0101980324835, -0.00396414194256, -0.00183212850243, -0.000570802192669, 0.00276176957414, -0.00129809544887, 0.00396540295333, -0.00500856293365, 0.00769185740501, -0.00946155469865, 0.00931387674063, -0.00740890111774], [0.0012828951003, -0.00396414194256, 0.00750793423504, -0.00529186334461, -0.00312460702844, 0.00134475482628, -0.0029057841748, -0.000628176261671, 0.00385501235723, -0.00610708072782, 0.00884118117392, -0.00961661152542, 0.00844972301275], [-0.00142353959382, -0.00183212850243, -0.00529186334461, 0.0166793689132, -0.00935562700033, 0.000973332789727, 0.0053854030557, 0.000361774145858, -0.0031887406949, 0.00294607807882, -0.00693231122568, 0.00329028908163, -0.00435539195314], [0.00103255209979, -0.000570802192669, -0.00312460702844, -0.00935562700033, 0.0281068328768, -0.00752394180745, -0.00818056892604, 0.0048517966643, 0.000388174579712, -0.00514772208408, -0.00301929493435, 0.00204543187283, 0.0024209485855], [-0.00147215521429, 0.00276176957414, 0.00134475482628, 0.000973332789727, -0.00752394180745, 0.0270476154983, -0.0154387941584, 0.00626370497048, -0.00251508527435, 0.0010674209334, 0.00477199582383, -0.00316895730793, 0.000542514608242], [0.000853199744597, -0.00129809544887, -0.0029057841748, 0.0053854030557, -0.00818056892604, -0.0154387941584, 0.0400866307318, -0.0190676450729, 0.00804998166859, 0.00637033674866, -0.0209536105394, 0.0111506609246, -0.00513090565801], [-0.00154695031233, 0.00396540295333, -0.000628176261671, 0.000361774145858, 0.0048517966643, 0.00626370497048, -0.0190676450729, 0.0372610390186, -0.0231985412538, -0.00371442106552, 0.00610096892342, -0.00767330406234, 0.00561501597986], [0.00248498492874, -0.00500856293365, 0.00385501235723, -0.0031887406949, 0.000388174579712, -0.00251508527435, 0.00804998166859, -0.0231985412538, 0.0490644946694, -0.0176250860095, -0.00282092951238, 0.00338498549536, -0.00792067404836], [-0.00201685843058, 0.00769185740501, -0.00610708072782, 0.00294607807882, -0.00514772208408, 0.0010674209334, 0.00637033674866, -0.00371442106552, -0.0176250860095, 0.0449843741953, -0.0110959913582, 0.00237936829217, -0.00610751705244], [0.00144979346078, -0.00946155469865, 0.00884118117392, -0.00693231122568, -0.00301929493435, 0.00477199582383, -0.0209536105394, 0.00610096892342, -0.00282092951238, -0.0110959913582, 0.0532065220177, -0.0257457494736, 0.0114650754258], [-0.00160099356435, 0.00931387674063, -0.00961661152542, 0.00329028908163, 0.00204543187283, -0.00316895730793, 0.0111506609246, -0.00767330406234, 0.00338498549536, 0.00237936829217, -0.0257457494736, 0.056017331779, -0.0186808016151], [0.00179794931319, -0.00740890111774, 0.00844972301275, -0.00435539195314, 0.0024209485855, 0.000542514608242, -0.00513090565801, 0.00561501597986, -0.00792067404836, -0.00610751705244, 0.0114650754258, -0.0186808016151, 0.0531639494002]]
    },
    "melbands": {
        "max": [0.0148080438375, 0.0127798262984, 0.00618859473616, 0.00612850580364, 0.00509525835514, 0.00208764127456, 0.00158807053231, 0.00330958887935, 0.00124333554413, 0.000761855859309, 0.00222801766358, 0.00394223351032, 0.00283191422932, 0.00315359630622, 0.0030368049629, 0.00235548242927, 0.00346869276837, 0.001430131495, 0.00233474210836, 0.00107614055742, 0.000998070929199, 0.000876779027749, 0.000468176411232, 0.000393528636778, 0.000360331643606, 0.000220233341679, 0.000191198952962, 9.2576854513e-05, 8.20400673547e-05, 4.65308803541e-05, 5.03953888256e-05, 2.753841909e-05, 2.23306305998e-05, 1.7831722289e-05, 1.76212724909e-05, 1.34731944854e-05, 8.44288661028e-06, 5.91147227169e-06, 6.7536361712e-06, 4.68349298899e-06],
        "mean": [0.0010128908325, 0.000712585053407, 0.000375828938559, 0.000278120889561, 0.000108266816824, 9.97094975901e-05, 7.13622575859e-05, 3.9814862248e-05, 3.79970042559e-05, 4.86543940497e-05, 6.48549248581e-05, 9.84559010249e-05, 0.000104675818875, 8.800777141e-05, 5.326993778e-05, 0.000130697473651, 9.76161027211e-05, 3.80263081752e-05, 3.67015454685e-05, 2.14696847252e-05, 2.04963635042e-05, 1.47578612086e-05, 1.60578183568e-05, 1.6614309061e-05, 1.2263665667e-05, 1.08672429633e-05, 8.5929150373e-06, 5.1159549912e-06, 4.59390957985e-06, 2.92644631372e-06, 1.86851343642e-06, 1.2648520169e-06, 1.14501551707e-06, 1.21188747926e-06, 1.10078701709e-06, 9.41597932069e-07, 4.7677875159e-07, 4.26701063816e-07, 2.99748506905e-07, 2.43227816554e-07],
        "min": [3.50022316812e-25, 7.14080244065e-25, 9.38333283466e-25, 6.55745459238e-25, 1.28820157519e-24, 1.55397187099e-24, 1.17211822779e-24, 7.43009449789e-25, 1.5339995892e-24, 1.24269879627e-24, 1.24791770281e-24, 1.94876234e-24, 1.91365329655e-24, 1.2126096692e-24, 1.85756568062e-24, 2.81858265941e-24, 2.38665607026e-24, 2.87240348353e-24, 2.82494107553e-24, 2.44587605563e-24, 3.48957788463e-24, 2.81024656901e-24, 3.58108062204e-24, 2.7782866583e-24, 3.20542742556e-24, 3.90828592603e-24, 2.60546360283e-24, 4.52808092306e-24, 3.63701125465e-24, 3.66719465061e-24, 4.59945193017e-24, 4.14638544647e-24, 4.4988753202e-24, 4.21411822709e-24, 4.67299309363e-24, 4.30559295993e-24, 4.62684709726e-24, 5.1934914075e-24, 3.85195770753e-24, 5.77021657126e-24],
        "stdev": [0.00212247925811, 0.00149982410949, 0.00087443809025, 0.00058531248942, 0.00028610258596, 0.000249828939559, 0.000169713573996, 0.000137122813612, 9.46280706557e-05, 0.000102001722553, 0.00015638829791, 0.000267211726168, 0.000259068241576, 0.000248419470154, 0.000162136508152, 0.000326563022099, 0.00027824024437, 0.00011553416698, 0.000118100993859, 5.80077721679e-05, 6.55858239043e-05, 4.46434023615e-05, 3.94309099647e-05, 3.93679147237e-05, 2.93627890642e-05, 2.39428700297e-05, 1.90935370483e-05, 1.07065470729e-05, 9.51714355324e-06, 6.09465450907e-06, 4.33409377365e-06, 2.92027289106e-06, 2.28040153161e-06, 2.43477506956e-06, 2.17691035687e-06, 1.83753775218e-06, 9.40119377901e-07, 8.35073365124e-07, 6.90201488851e-07, 5.62997570341e-07]
    },
    "melbands128": {
        "max": [0.00526487734169, 0.0155567387119, 0.0236289594322, 0.0169055461884, 0.0156976860017, 0.0145349148661, 0.00920038111508, 0.0090963486582, 0.0107276281342, 0.00419129896909, 0.0123456940055, 0.00935304537416, 0.00279196258634, 0.00265733827837, 0.00232378975488, 0.00411515403539, 0.00199656817131, 0.00261851144023, 0.00163157714996, 0.00320004392415, 0.00558086391538, 0.00268466165289, 0.00136617920361, 0.000973199668806, 0.00109126931056, 0.00171609863173, 0.00285105011426, 0.00418535619974, 0.00185946421698, 0.00262346118689, 0.00784391071647, 0.00395882502198, 0.00592245766893, 0.00339544494636, 0.00715731829405, 0.00394972087815, 0.00794065278023, 0.00369951268658, 0.00214011361822, 0.00407410552725, 0.00491140363738, 0.00932718254626, 0.00488754361868, 0.00291142379865, 0.00277507328428, 0.00286801485345, 0.0031220423989, 0.00247674947605, 0.00318859121762, 0.00311837019399, 0.000615605793428, 0.000375617906684, 0.00107573985588, 0.00173230527434, 0.00281123956665, 0.000522537447978, 0.000502296199556, 0.00073776836507, 0.000996999675408, 0.000760958297178, 0.000838953186758, 0.00046992910211, 0.000622043560725, 0.000535675731953, 0.000456367764855, 0.000275959318969, 0.000385888619348, 0.000470041180961, 0.000302310654661, 0.000242307214648, 0.000155865302077, 7.22821496311e-05, 5.61620545341e-05, 0.000160825016792, 0.000112069086754, 8.3875231212e-05, 7.26137150195e-05, 5.79376101086e-05, 5.77121754759e-05, 0.000105566701677, 3.90982058889e-05, 3.87713735108e-05, 2.88583560177e-05, 3.51217167918e-05, 2.18272980419e-05, 2.0766083253e-05, 2.51472865784e-05, 5.24523311469e-05, 1.55535526574e-05, 1.40528991324e-05, 2.42415007961e-05, 2.13504954445e-05, 2.11511342059e-05, 8.76188823895e-06, 8.52571884025e-06, 9.88227475318e-06, 8.30288900033e-06, 6.95662765793e-06, 1.05202889245e-05, 6.05153218203e-06, 8.07697779237e-06, 6.42328541289e-06, 4.4314160732e-06, 7.04723788658e-06, 4.13882116845e-06, 3.05782941723e-06, 3.12245742862e-06, 4.66700066681e-06, 6.7473274612e-06, 6.67667563903e-06, 2.36613755078e-06, 1.39807332289e-06, 1.99824125957e-06, 8.02415058843e-07, 8.72714338129e-07, 2.51633451853e-07, 5.8912622336e-08, 8.83652973016e-09, 8.57963211587e-09, 8.36934077597e-09, 8.16133827186e-09, 7.95843568824e-09, 7.78778197486e-09, 7.64127960906e-09, 7.51374873431e-09, 7.43801598091e-09, 7.36932470602e-09, 7.32619431787e-09],
        "mean": [0.000213206571061, 0.00114025000948, 0.00124842394143, 0.000972733658273, 0.000788740697317, 0.000438111484982, 0.000242755559157, 0.000415885093389, 0.000516421161592, 0.000218627552385, 0.000192827545106, 0.000147769242176, 8.86572743184e-05, 5.20813809999e-05, 9.64371283771e-05, 0.000151772997924, 6.62687889417e-05, 7.23727571312e-05, 5.1118509873e-05, 3.8838123146e-05, 3.24980392179e-05, 4.32298547821e-05, 4.18405579694e-05, 2.85464775516e-05, 3.2673295209e-05, 5.56936975045e-05, 8.85752378963e-05, 6.45613108645e-05, 4.42252930952e-05, 7.69345715526e-05, 0.00012931539095, 0.000116895644169, 0.000118704207125, 6.50212314213e-05, 0.000118407195259, 8.39760832605e-05, 6.3319617766e-05, 3.61657585017e-05, 4.94592823088e-05, 0.000106832245365, 0.000132896660944, 0.000202998504392, 0.000114538852358, 3.68574874301e-05, 3.08618073177e-05, 3.2299405575e-05, 5.85343623243e-05, 3.50394802808e-05, 2.75405000139e-05, 3.59340010618e-05, 1.67787675309e-05, 9.91889919533e-06, 2.80810236291e-05, 1.92087300093e-05, 1.64743178175e-05, 1.40603524414e-05, 1.33866060423e-05, 1.7249449229e-05, 1.62686919793e-05, 1.54175486387e-05, 1.77116962732e-05, 1.76545127033e-05, 1.22956835185e-05, 1.07711148303e-05, 1.11446424853e-05, 9.79157903203e-06, 1.2412840988e-05, 9.96151811705e-06, 6.90474917064e-06, 7.90917601989e-06, 5.97168718741e-06, 3.14169960802e-06, 3.14555654768e-06, 6.40447979094e-06, 4.19787875217e-06, 2.79905134448e-06, 2.4411965569e-06, 2.20904098569e-06, 1.62126946179e-06, 1.89885281543e-06, 1.17353067708e-06, 1.07189714527e-06, 1.20523407077e-06, 1.21077687254e-06, 1.04112177723e-06, 9.99094709186e-07, 1.34541141961e-06, 1.52748441451e-06, 9.53127937464e-07, 9.11409074433e-07, 1.06411221168e-06, 1.05248579985e-06, 5.91631931002e-07, 4.07271471659e-07, 4.29542353686e-07, 4.38436842387e-07, 4.60071959196e-07, 3.5914032992e-07, 3.04285890707e-07, 2.54844536585e-07, 2.7268876579e-07, 2.4552585387e-07, 2.07788772855e-07, 1.84498063049e-07, 1.75176765538e-07, 1.39527742249e-07, 1.48777218101e-07, 1.54738529545e-07, 2.48318684726e-07, 2.00280936724e-07, 1.08866402115e-07, 7.39673993166e-08, 5.86664832269e-08, 1.71633018908e-08, 4.99705654633e-09, 3.23737170405e-09, 7.28702320707e-10, 1.23766457152e-11, 1.15791551694e-11, 1.12815824391e-11, 1.09961892023e-11, 1.07304842095e-11, 1.04979662116e-11, 1.0299962272e-11, 1.01123692753e-11, 9.97190611335e-12, 9.86224296673e-12, 9.80211831841e-12],
        "min": [1.16142126776e-26, 2.14237981823e-25, 1.36272565933e-25, 2.73891372305e-25, 1.77614066593e-25, 1.5391105204e-25, 2.83938822484e-25, 2.02655395997e-25, 2.11666689703e-25, 3.02968514101e-25, 1.53147545617e-25, 2.25042763123e-25, 1.25262483583e-25, 5.30762380327e-25, 4.3187339035e-25, 2.7127131872e-25, 4.33892529141e-25, 5.29514007944e-25, 2.28660232715e-25, 2.38441836769e-25, 5.35055459981e-25, 3.49021276975e-25, 2.70354687e-25, 6.4964302849e-25, 5.97645163315e-25, 4.74776182326e-25, 3.9838866081e-25, 5.45864037674e-25, 3.59059581298e-25, 4.83590815474e-25, 5.22226215079e-25, 3.55792193384e-25, 6.06319280614e-25, 5.66074358243e-25, 8.10758106228e-25, 5.47577591471e-25, 5.58009685297e-25, 3.86237688376e-25, 3.30432681864e-25, 1.172527548e-24, 4.43880297062e-25, 9.06158013725e-25, 7.12333508806e-25, 8.27631347953e-25, 8.3492486006e-25, 8.60640246456e-25, 5.62646215268e-25, 1.32002915448e-24, 9.92324501541e-25, 1.11968096709e-24, 9.23393441213e-25, 1.55397187099e-24, 1.64880616522e-24, 1.21801898703e-24, 1.02886513032e-24, 2.24961288583e-25, 1.45143237787e-24, 1.03369887551e-24, 1.33427262977e-24, 1.34180565977e-24, 1.7264741559e-24, 2.01753069776e-24, 1.00684378232e-24, 9.87290681497e-25, 1.70750264277e-24, 1.78000862351e-24, 2.14155383156e-24, 1.82892608545e-24, 1.66091527872e-24, 8.21812463397e-25, 1.43375992144e-24, 2.21622346055e-24, 1.83004528186e-24, 2.38190042229e-24, 1.45332919392e-24, 1.87573610549e-24, 2.09138878609e-24, 2.48684298294e-24, 2.5866293515e-24, 2.74172177205e-24, 2.17818399605e-24, 2.56160372536e-24, 2.74243293016e-24, 2.75387575202e-24, 2.10205339667e-24, 1.97952515429e-24, 2.189824822e-24, 3.192610408e-24, 2.1865983809e-24, 3.40897759937e-24, 2.76739051705e-24, 2.69042589447e-24, 2.63415013522e-24, 3.13587375676e-24, 3.19179551469e-24, 3.55373160332e-24, 3.66105455175e-24, 4.31893614772e-24, 2.6784001044e-24, 2.94296334442e-24, 4.15165424846e-24, 3.18668645704e-24, 3.56816184143e-24, 4.28241109894e-24, 2.6325982486e-24, 4.5092397692e-24, 4.49431846518e-24, 4.46307286801e-24, 4.51426126329e-24, 4.14422475645e-24, 4.65351335687e-24, 3.38177925308e-24, 3.29818898776e-24, 4.54858144584e-24, 4.58052676262e-24, 4.52687830461e-24, 5.1622698706e-24, 4.84543138219e-24, 5.32928000727e-24, 4.38513143843e-24, 5.1083366338e-24, 4.80063276025e-24, 4.27870305826e-24, 5.54941243173e-24, 5.40821421831e-24, 4.95880844364e-24, 3.84179441805e-24, 4.58025618333e-24],
        "stdev": [0.000519734108821, 0.00248969881795, 0.00282781454735, 0.00206201174296, 0.00175248226151, 0.00119051721413, 0.000811058736872, 0.00111439346801, 0.00129818008281, 0.000528322067112, 0.000658399076201, 0.000481689377921, 0.000237536543864, 0.000145417725435, 0.00026452424936, 0.00043985832599, 0.000167079415405, 0.000242057911237, 0.000139902273077, 0.000162739466759, 0.000195026950678, 0.000137714887387, 0.000126130296849, 8.1005760876e-05, 8.7438893388e-05, 0.000156368958415, 0.000223993818508, 0.000217761495151, 0.000150730382302, 0.000230505669606, 0.000469273421913, 0.000362880382454, 0.000405485887313, 0.000225209922064, 0.000423070479883, 0.000260136235738, 0.000328003719915, 0.000183417811058, 0.000173217602423, 0.000393028574763, 0.00045643321937, 0.0007229517214, 0.000413144065533, 0.000179718030267, 0.000139408468385, 0.000126468687085, 0.00021531819948, 0.000149585495819, 0.000139922296512, 0.000140046628076, 4.52942440461e-05, 2.28593762586e-05, 8.27088588267e-05, 9.11149691092e-05, 0.000104158352769, 4.19766729465e-05, 3.83127371606e-05, 4.41141382908e-05, 5.98518199695e-05, 5.32878766535e-05, 5.62194800295e-05, 4.47507081844e-05, 3.9969530917e-05, 3.57846038241e-05, 3.25474211422e-05, 2.79275118373e-05, 3.37530873367e-05, 3.09679053316e-05, 2.23380666284e-05, 2.01831953746e-05, 1.40629781527e-05, 8.0742602222e-06, 7.34737886887e-06, 1.5038460333e-05, 1.13692613013e-05, 7.50153640183e-06, 6.14247210251e-06, 5.33575030204e-06, 4.22601260652e-06, 6.72818259773e-06, 2.90767025035e-06, 2.6401210107e-06, 2.7655746635e-06, 2.67751920546e-06, 2.25594249059e-06, 2.20674951379e-06, 2.87676607513e-06, 4.28382145401e-06, 1.96712312572e-06, 1.85894634797e-06, 2.20969468501e-06, 2.28979115491e-06, 1.33458183882e-06, 9.04615319541e-07, 9.06092736841e-07, 9.21786352137e-07, 9.84977873486e-07, 8.2255576217e-07, 8.29939438063e-07, 6.16556974364e-07, 6.98747442129e-07, 5.97776477207e-07, 5.05160812736e-07, 4.7005502779e-07, 4.47243508006e-07, 3.3545316569e-07, 3.58266532885e-07, 4.04042992841e-07, 6.8454932034e-07, 6.04636284152e-07, 2.9851375416e-07, 2.17202710928e-07, 2.00529527206e-07, 7.20849371305e-08, 3.73875401749e-08, 1.55099755261e-08, 3.69904262776e-09, 2.91320967349e-10, 2.82849355049e-10, 2.75916539616e-10, 2.6905877526e-10, 2.62368821113e-10, 2.5674706805e-10, 2.5191504438e-10, 2.47708353829e-10, 2.45215209249e-10, 2.42949688145e-10, 2.41529268807e-10]
    },
    "mfcc": {
        "mean": [-948.116516113, 46.8070831299, -16.1028957367, 3.47839689255, 0.0059194015339, 4.31446838379, 1.62030446529, 2.46778869629, -2.74798154831, 1.35146343708, -1.36936461926, -0.393157720566, -1.35617339611],
        "cov": [[103956.429688, 15316.2568359, -4391.37841797, 1871.80517578, 381.165802002, 1725.85583496, 879.900268555, 913.508850098, -1014.79681396, 477.359375, -375.112792969, -65.7532119751, -404.435394287], [15316.2568359, 2496.80126953, -438.108154297, 496.042175293, 168.306716919, 342.036682129, 194.653427124, 161.075088501, -178.733322144, 80.5276565552, -45.8404350281, 14.1138210297, -48.715221405], [-4391.37841797, -438.108154297, 830.047790527, 445.711364746, 272.347503662, 138.148681641, 125.811256409, 15.8998641968, -14.9082250595, -8.25542354584, 56.365901947, 53.7162742615, 41.6012382507], [1871.80517578, 496.042175293, 445.711364746, 574.749328613, 287.930541992, 226.754837036, 167.603179932, 64.7816772461, -81.6432037354, 33.9153862, 26.3248329163, 47.6868133545, 16.6389122009], [381.165802002, 168.306716919, 272.347503662, 287.930541992, 183.304229736, 128.767745972, 87.1844558716, 30.3795623779, -33.5060272217, 18.1253147125, 19.8000049591, 23.2448482513, 9.85389900208], [1725.85583496, 342.036682129, 138.148681641, 226.754837036, 128.767745972, 167.20425415, 103.009414673, 43.7317199707, -49.9848823547, 25.5728969574, 4.68271303177, 4.19350242615, -7.35459423065], [879.900268555, 194.653427124, 125.811256409, 167.603179932, 87.1844558716, 103.009414673, 125.424682617, 51.392665863, -33.0180244446, 19.1226444244, 16.5473327637, 21.8051147461, 5.06874322891], [913.508850098, 161.075088501, 15.8998641968, 64.7816772461, 30.3795623779, 43.7317199707, 51.392665863, 56.538066864, -12.0001907349, 11.815943718, 10.68658638, 12.9345254898, 3.35463261604], [-1014.79681396, -178.733322144, -14.9082250595, -81.6432037354, -33.5060272217, -49.9848823547, -33.0180244446, -12.0001907349, 58.2661247253, 2.304864645, 8.4879617691, 5.0542550087, 7.42884397507], [477.359375, 80.5276565552, -8.25542354584, 33.9153862, 18.1253147125, 25.5728969574, 19.1226444244, 11.815943718, 2.304864645, 36.3626403809, 13.5559692383, 2.07972240448, 0.370170563459], [-375.112792969, -45.8404350281, 56.365901947, 26.3248329163, 19.8000049591, 4.68271303177, 16.5473327637, 10.68658638, 8.4879617691, 13.5559692383, 37.1241760254, 18.9011516571, 7.65664815903], [-65.7532119751, 14.1138210297, 53.7162742615, 47.6868133545, 23.2448482513, 4.19350242615, 21.8051147461, 12.9345254898, 5.0542550087, 2.07972240448, 18.9011516571, 44.3136062622, 17.69231987], [-404.435394287, -48.715221405, 41.6012382507, 16.6389122009, 9.85389900208, -7.35459423065, 5.06874322891, 3.35463261604, 7.42884397507, 0.370170563459, 7.65664815903, 17.69231987, 36.9671211243]],
        "icov": [[0.000167028250871, -0.00091337156482, 0.000469953345601, -6.80334705976e-05, 1.7028178263e-05, -0.000174579035956, -1.8623761207e-05, -5.11921716679e-05, -2.6175259336e-05, 0.000218764325837, -0.00022677986999, 0.000131238586619, 8.0631369201e-05], [-0.00091337156482, 0.00689496425912, 0.00025020405883, -0.00293533317745, 0.000896444835234, -0.00157814100385, 0.00091471709311, -0.00139107415453, 0.00051953055663, -0.000392232497688, 0.00164196302649, -0.00180340756197, 3.57388330485e-06], [0.000469953345601, 0.00025020405883, 0.00926851667464, -0.00707437517121, -0.00197464926168, -0.00324193923734, -0.000920577032957, 0.000178844653419, -0.00258571840823, 0.00752682937309, -0.00467583816499, 0.00101729040034, -0.000857805309352], [-6.80334705976e-05, -0.00293533317745, -0.00707437517121, 0.017608711496, -0.0140824140981, 0.00356293027289, -0.00188953848556, 0.000820962013677, 0.00669034989551, -0.00744233559817, 0.0050144684501, -0.00427573686466, -0.000191964500118], [1.7028178263e-05, 0.000896444835234, -0.00197464926168, -0.0140824140981, 0.0371562615037, -0.0141365481541, 0.00387463765219, 0.000956297561061, -0.00470626866445, 0.00176487711724, -0.00512907467782, 0.000193409301573, -0.00150865106843], [-0.000174579035956, -0.00157814100385, -0.00324193923734, 0.00356293027289, -0.0141365481541, 0.0298791397363, -0.0114889545366, -0.00069036509376, 0.00558498082682, -0.00880338530988, 0.00552306044847, 0.00657261582091, 0.00408188067377], [-1.8623761207e-05, 0.00091471709311, -0.000920577032957, -0.00188953848556, 0.00387463765219, -0.0114889545366, 0.0247789677233, -0.0124483173713, 0.00429876940325, -0.00255321059376, -0.00110243423842, -0.0064946571365, -0.000199996487936], [-5.11921716679e-05, -0.00139107415453, 0.000178844653419, 0.000820962013677, 0.000956297561061, -0.00069036509376, -0.0124483173713, 0.0334800370038, -0.00289203366265, 0.00139812449925, -0.00654687685892, -0.000811019854154, -0.00237627699971], [-2.6175259336e-05, 0.00051953055663, -0.00258571840823, 0.00669034989551, -0.00470626866445, 0.00558498082682, 0.00429876940325, -0.00289203366265, 0.0319700613618, -0.0126280384138, 0.00124317035079, -0.00679866271093, -0.000966425985098], [0.000218764325837, -0.000392232497688, 0.00752682937309, -0.00744233559817, 0.00176487711724, -0.00880338530988, -0.00255321059376, 0.00139812449925, -0.0126280384138, 0.0492540150881, -0.0232613869011, 0.0105002205819, -0.0034057085868], [-0.00022677986999, 0.00164196302649, -0.00467583816499, 0.0050144684501, -0.00512907467782, 0.00552306044847, -0.00110243423842, -0.00654687685892, 0.00124317035079, -0.0232613869011, 0.0514682084322, -0.0186195224524, 0.00413317745551], [0.000131238586619, -0.00180340756197, 0.00101729040034, -0.00427573686466, 0.000193409301573, 0.00657261582091, -0.0064946571365, -0.000811019854154, -0.00679866271093, 0.0105002205819, -0.0186195224524, 0.0429855138063, -0.0133959660307], [8.0631369201e-05, 3.57388330485e-06, -0.000857805309352, -0.000191964500118, -0.00150865106843, 0.00408188067377, -0.000199996487936, -0.00237627699971, -0.000966425985098, -0.0034057085868, 0.00413317745551, -0.0133959660307, 0.036230456084]]
    },
    "spectral_contrast_coeffs": {
        "max": [-0.444833338261, -0.527957439423, -0.503093957901, -0.595043897629, -0.643044173717, -0.673650741577],
        "mean": [-0.846487760544, -0.867510855198, -0.853302657604, -0.863297522068, -0.865620434284, -0.861709952354],
        "min": [-0.98333376646, -0.982659339905, -0.975977122784, -0.974849820137, -0.969597041607, -0.967597723007],
        "stdev": [0.124545045197, 0.105516441166, 0.119772367179, 0.108779400587, 0.0997590199113, 0.0995220690966]
    },
    "spectral_contrast_valleys": {
        "max": [-4.65962839127, -4.99742698669, -5.68285989761, -5.79476690292, -5.77761268616, -8.4721326828],
        "mean": [-17.227602005, -17.0003547668, -17.052816391, -17.0660552979, -17.1532821655, -18.5183696747],
        "min": [-28.1858882904, -28.266494751, -27.9376239777, -27.7406921387, -27.5720787048, -27.4332237244],
        "stdev": [9.91332626343, 10.0501651764, 10.0441646576, 10.0115537643, 9.94488620758, 8.60222625732]
    }
},
"rhythm": {
    "beats_count": 43,
    "beats_loudness": {
        "max": 0.0916456580162,
        "mean": 0.0172599330544,
        "min": 0,
        "stdev": 0.0277016852051
    },
    "bpm": 133.81968689,
    "bpm_histogram_first_peak_bpm": 133,
    "bpm_histogram_first_peak_weight": 0.375,
    "bpm_histogram_second_peak_bpm": 103,
    "bpm_histogram_second_peak_spread": 0.142857134342,
    "bpm_histogram_second_peak_weight": 0.142857149243,
    "danceability": 0.754169344902,
    "onset_rate": 1.68887865543,
    "beats_loudness_band_ratio": {
        "max": [0.709271669388, 0.446178972721, 0.341164380312, 0.672915458679, 0.483588844538, 0.146624848247],
        "mean": [0.115551769733, 0.0459271334112, 0.0503132082522, 0.163482502103, 0.0788816139102, 0.0298374760896],
        "min": [0, 0, 0, 0, 0, 0],
        "stdev": [0.21255736053, 0.0877991095185, 0.0781170874834, 0.209544748068, 0.115442894399, 0.0385993532836]
    },
    "beats_position": [0.615328788757, 1.25387752056, 1.88081634045, 2.46131515503, 3.04181408882, 3.62231278419, 4.20281171799, 4.77170038223, 5.35219955444, 5.93269824982, 6.38548755646, 6.80344676971, 7.24462556839, 7.6858048439, 8.12698364258, 8.57977294922, 9.03256225586, 9.4853515625, 9.93814086914, 10.3909292221, 10.8088884354, 11.2500677109, 11.6912469864, 12.1092061996, 12.5271654129, 12.9451246262, 13.3746938705, 13.8042631149, 14.2338323593, 14.66340065, 15.1045799255, 15.5341491699, 15.9637184143, 16.4165077209, 16.8692970276, 17.3220863342, 17.7748756409, 18.2508831024, 18.7268924713, 19.2029018402, 19.6789112091, 20.154920578, 20.6309299469],
