{
"metadata": {
    "version": {
        "essentia": "2.1-beta5",
        "essentia_git_sha": "Undefined",
        "extractor": "music 2.0"
    },
    "audio_properties": {
        "analysis": {
            "equal_loudness": 0,
            "length": 32.4963264465,
            "sample_rate": 44100,
            "start_time": 12.7477550507,
            "downmix": "mix"
        },
        "bit_rate": 192000,
        "length": 208.271392822,
        "lossless": 0,
        "number_channels": 2,
        "replay_gain": -8.5781917572,
        "sample_rate": 48000,
        "codec": "mp3",
        "md5_encoded": "e00d21088ce635edd600bdb7d6810655"
    },
    "tags": {
        "file_name": "Norway_I Evighet_Elisabeth Andreasson.mp3",
        "encoding": ["Lavf58.29.100"]
    }
},
"lowlevel": {
    "average_loudness": 0.895224273205,
    "barkbands_crest": {
        "max": 26.2531375885,
        "mean": 12.6341352463,
        "min": 2.57137703896,
        "stdev": 5.99219274521
    },
    "barkbands_flatness_db": {
        "max": 0.416554361582,
        "mean": 0.198868528008,
        "min": 0.0773048475385,
        "stdev": 0.0660352855921
    },
    "barkbands_kurtosis": {
        "max": 212.917297363,
        "mean": 10.9590358734,
        "min": -1.88653469086,
        "stdev": 23.08477211
    },
    "barkbands_skewness": {
        "max": 12.6160678864,
        "mean": 1.77651631832,
        "min": -1.76578521729,
        "stdev": 1.91384005547
    },
    "barkbands_spread": {
        "max": 80.0455245972,
        "mean": 13.5444908142,
        "min": 0.433361440897,
        "stdev": 9.69710922241
    },
    "dissonance": {
        "max": 0.5,
        "mean": 0.437511414289,
        "min": 0.226660504937,
        "stdev": 0.051699090749
    },
    "dynamic_complexity": 3.90266895294,
    "erbbands_crest": {
        "max": 31.2693710327,
        "mean": 12.9151515961,
        "min": 3.44423604012,
        "stdev": 6.3917222023
    },
    "erbbands_flatness_db": {
        "max": 0.401149272919,
        "mean": 0.236907854676,
        "min": 0.115897141397,
        "stdev": 0.049345061183
    },
    "erbbands_kurtosis": {
        "max": 116.1039505,
        "mean": 4.08559370041,
        "min": -1.93111467361,
        "stdev": 10.0726203918
    },
    "erbbands_skewness": {
        "max": 8.18657493591,
        "mean": 1.07687234879,
        "min": -2.43920397758,
        "stdev": 1.51006805897
    },
    "erbbands_spread": {
        "max": 127.757019043,
        "mean": 25.1780223846,
        "min": 1.45146036148,
        "stdev": 14.9531936646
    },
    "hfc": {
        "max": 144.193984985,
        "mean": 16.3116130829,
        "min": 0.0785229206085,
        "stdev": 16.2892150879
    },
    "loudness_ebu128": {
        "integrated": -16.1554508209,
        "loudness_range": 6.44266223907,
        "momentary": {
            "max": -11.4417285919,
            "mean": -17.6097869873,
            "min": -30.1903438568,
            "stdev": 3.88282155991
        },
        "short_term": {
            "max": -14.1769704819,
            "mean": -16.8711853027,
            "min": -22.8846588135,
            "stdev": 2.25555753708
        }
    },
    "melbands_crest": {
        "max": 32.718837738,
        "mean": 14.9900131226,
        "min": 3.49421000481,
        "stdev": 6.52841281891
    },
    "melbands_flatness_db": {
        "max": 0.50851547718,
        "mean": 0.220632702112,
        "min": 0.0465665198863,
        "stdev": 0.0870945900679
    },
    "melbands_kurtosis": {
        "max": 211.856613159,
        "mean": 16.9095115662,
        "min": -1.7485101223,
        "stdev": 28.7385559082
    },
    "melbands_skewness": {
        "max": 11.6286621094,
        "mean": 2.18974351883,
        "min": -1.87506580353,
        "stdev": 1.90851652622
    },
    "melbands_spread": {
        "max": 171.985839844,
        "mean": 20.0001964569,
        "min": 0.560069918633,
        "stdev": 17.1628494263
    },
    "pitch_salience": {
        "max": 0.848351716995,
        "mean": 0.548226594925,
        "min": 0.10799459368,
        "stdev": 0.16951559484
    },
    "silence_rate_20dB": {
        "max": 1,
        "mean": 1,
        "min": 1,
        "stdev": 0
    },
    "silence_rate_30dB": {
        "max": 1,
        "mean": 0.995717346668,
        "min": 0,
        "stdev": 0.0653002038598
    },
    "silence_rate_60dB": {
        "max": 1,
        "mean": 0.129907205701,
        "min": 0,
        "stdev": 0.336201965809
    },
    "spectral_centroid": {
        "max": 4707.66552734,
        "mean": 1293.80895996,
        "min": 216.249938965,
        "stdev": 764.441650391
    },
    "spectral_complexity": {
        "max": 53,
        "mean": 14.1013565063,
        "min": 0,
        "stdev": 10.0645980835
    },
    "spectral_decrease": {
        "max": -5.17291626201e-11,
        "mean": -4.05210975885e-09,
        "min": -4.396379083e-08,
        "stdev": 4.1214240909e-09
    },
    "spectral_energy": {
        "max": 0.174393966794,
        "mean": 0.0167730953544,
        "min": 0.000204857031349,
        "stdev": 0.0167103745043
    },
    "spectral_energyband_high": {
        "max": 0.0100021045655,
        "mean": 0.000328371650539,
        "min": 2.66835399998e-07,
        "stdev": 0.000763519434258
    },
    "spectral_energyband_low": {
        "max": 0.00897308904678,
        "mean": 0.000633938296232,
        "min": 1.38705593145e-06,
        "stdev": 0.00115757330786
    },
    "spectral_energyband_middle_high": {
        "max": 0.0389650166035,
        "mean": 0.00542694283649,
        "min": 1.80112294856e-06,
        "stdev": 0.00655371835455
    },
    "spectral_energyband_middle_low": {
        "max": 0.158016964793,
        "mean": 0.0106319291517,
        "min": 0.000104124170321,
        "stdev": 0.0140658160672
    },
    "spectral_entropy": {
        "max": 8.36458110809,
        "mean": 7.0728635788,
        "min": 4.64411878586,
        "stdev": 0.670210361481
    },
    "spectral_flux": {
        "max": 0.302492797375,
        "mean": 0.0616295412183,
        "min": 0.00410830182955,
        "stdev": 0.0386688746512
    },
    "spectral_kurtosis": {
        "max": 41.8900222778,
        "mean": 6.44850063324,
        "min": -0.471092700958,
        "stdev": 5.01670408249
    },
    "spectral_rms": {
        "max": 0.0130437901244,
        "mean": 0.00364419794641,
        "min": 0.000447057624115,
        "stdev": 0.0017560851993
    },
    "spectral_rolloff": {
        "max": 7579.6875,
        "mean": 1568.10986328,
        "min": 215.33203125,
        "stdev": 1226.37219238
    },
    "spectral_skewness": {
        "max": 5.20400381088,
        "mean": 1.80160713196,
        "min": -0.0281666461378,
        "stdev": 0.6843059659
    },
    "spectral_spread": {
        "max": 21020148,
        "mean": 3753582.75,
        "min": 1414957.75,
        "stdev": 1215066.125
    },
    "spectral_strongpeak": {
        "max": 12.88676548,
        "mean": 1.64631080627,
        "min": 0,
        "stdev": 1.7382992506
    },
    "zerocrossingrate": {
        "max": 0.2578125,
        "mean": 0.0566604919732,
        "min": 0.0087890625,
        "stdev": 0.0320690199733
    },
    "barkbands": {
        "max": [0.000232271471759, 0.00378487166017, 0.0072071030736, 0.0128243314102, 0.0245804656297, 0.0721609815955, 0.0781894624233, 0.0496585480869, 0.0674175918102, 0.0236523486674, 0.0218160990626, 0.0202347543091, 0.0219892878085, 0.0384414680302, 0.0113342292607, 0.00989524368197, 0.0123422760516, 0.0100936638191, 0.0230062995106, 0.0052179726772, 0.00267530465499, 0.00315830879845, 0.00290137482807, 0.00106772291474, 0.000345237698639, 0.000132232002215, 2.62433076159e-07],
        "mean": [9.03665386431e-06, 0.000194321604795, 0.000268250179943, 0.000232737147599, 0.00114769942593, 0.00292945909314, 0.00207456178032, 0.00181517750025, 0.00225715665147, 0.000861955981236, 0.00072915275814, 0.000473730819067, 0.000546573253814, 0.000876943464391, 0.000442298362032, 0.000372379261535, 0.000346450280631, 0.000334727345034, 0.000382220256142, 0.000256545870798, 5.82979700994e-05, 5.60234911973e-05, 5.72975332034e-05, 3.29972426698e-05, 1.38991963468e-05, 3.22401365338e-06, 1.53557033755e-09],
        "min": [6.90565427064e-09, 2.02135353788e-07, 1.13331225293e-07, 1.2749056566e-07, 3.71752616957e-06, 2.67102427642e-06, 8.80037873685e-07, 3.04031289033e-07, 1.42241461276e-07, 7.88126470752e-08, 9.84640067259e-08, 6.01566867431e-08, 5.33202957342e-08, 1.16174312836e-07, 9.77302647698e-08, 8.31728144135e-08, 3.70831259033e-08, 4.80333675057e-08, 2.86359878032e-08, 3.34428840176e-08, 1.88098869813e-08, 2.02334611288e-08, 5.27041805753e-08, 2.23964988777e-08, 1.04488249164e-08, 2.12320837994e-11, 2.05303794798e-11],
        "stdev": [1.75960776687e-05, 0.000379570119549, 0.000617498066276, 0.000767190358602, 0.00227222265676, 0.00623428169638, 0.00658414885402, 0.00532505474985, 0.00659231608734, 0.00184538494796, 0.0022899499163, 0.00168836303055, 0.00181764608715, 0.00295725418255, 0.000913102005143, 0.000839130778331, 0.00104664254468, 0.000900215702131, 0.00109409296419, 0.000657611060888, 0.000185361423064, 0.000197398592718, 0.000186147968634, 7.3480012361e-05, 2.89420240733e-05, 9.61832938629e-06, 1.05329052147e-08]
    },
    "erbbands": {
        "max": [0.118393920362, 0.862599432468, 5.66936731339, 25.7246990204, 36.0871315002, 137.84916687, 611.457397461, 717.655883789, 731.151367188, 1637.3494873, 1199.86938477, 1082.29956055, 1426.33740234, 771.727233887, 604.690795898, 888.581970215, 854.790649414, 855.316162109, 1194.93762207, 431.236785889, 682.219604492, 862.620849609, 293.569946289, 841.812927246, 804.405517578, 277.080993652, 172.913742065, 82.6888427734, 129.358413696, 98.4572067261, 70.3317947388, 49.3925056458, 9.03773593903, 5.48074102402, 2.50619125366, 0.67118036747, 0.254499614239, 0.00661332113668, 0.000193555199075, 0.000198447523871],
        "mean": [0.00539841130376, 0.0466369912028, 0.224943935871, 0.738739967346, 1.34846627712, 3.69336175919, 15.9420423508, 25.4913539886, 31.0178089142, 26.5254173279, 41.0464935303, 48.0605163574, 41.8227958679, 33.8418083191, 24.0952415466, 16.9725456238, 23.4161281586, 30.2910308838, 40.8860778809, 20.5011119843, 21.3847675323, 21.9753112793, 15.9279842377, 21.6487903595, 18.3606872559, 10.9590177536, 4.21220493317, 1.89276456833, 2.02876400948, 1.88366651535, 1.51704609394, 0.879378259182, 0.471138983965, 0.201336547732, 0.0735811591148, 0.0229906141758, 0.00470328424126, 0.000130885251565, 1.46599995787e-05, 2.10053185583e-05],
        "min": [4.16563170802e-06, 2.80890199065e-05, 0.000267500057817, 0.00150223867968, 0.00373197137378, 0.0092931939289, 0.0109849181026, 0.0387086942792, 0.0290346685797, 0.0195761080831, 0.0172744989395, 0.0131859835237, 0.00776014104486, 0.00403026398271, 0.00568343512714, 0.00504426471889, 0.00304026575759, 0.00418263301253, 0.0113635873422, 0.00653459690511, 0.00551129877567, 0.00254858168773, 0.00231405906379, 0.00202872790396, 0.00226596998982, 0.00149698532186, 0.000820106477477, 0.000801677815616, 0.000813529186416, 0.00152347807307, 0.00155677681323, 0.000579441315494, 0.000353237148374, 0.000184967298992, 4.8438902013e-05, 5.01259000885e-06, 4.71996543183e-07, 7.71271970734e-08, 1.23360138105e-07, 2.37748693621e-07],
        "stdev": [0.0112810758874, 0.0902723819017, 0.474881738424, 2.03913497925, 3.04368495941, 8.85707092285, 33.7880783081, 56.9124259949, 83.9259033203, 98.7251815796, 116.256904602, 119.148460388, 111.390968323, 88.3325958252, 52.2433700562, 59.988445282, 71.911529541, 69.9234695435, 105.221893311, 34.7989501953, 51.6331291199, 68.6559829712, 30.7014408112, 53.445098877, 52.4898948669, 27.5508441925, 12.5339021683, 5.9320025444, 7.57233333588, 5.63279485703, 4.97425746918, 2.94124913216, 0.853262543678, 0.397485822439, 0.178674638271, 0.0537182092667, 0.0207377932966, 0.000563898356631, 1.96426371986e-05, 2.00666327146e-05]
    },
    "gfcc": {
        "mean": [-71.206489563, 97.9239196777, -151.703689575, 22.3023529053, -81.2257919312, 4.86369800568, -50.7805099487, 5.77005767822, -19.0688381195, -7.02105093002, -3.26468920708, -9.99229621887, 1.49408578873],
        "cov": [[5714.72265625, -1463.94189453, -1795.77880859, -503.236755371, 244.964370728, 528.251953125, 372.219909668, 565.232177734, -288.458435059, 315.60067749, -296.880859375, -51.3614044189, -430.10824585], [-1463.94189453, 1531.78771973, 934.103393555, 269.611175537, 137.339157104, -385.999969482, -57.9896888733, -227.911956787, 172.890426636, -176.803436279, 329.692565918, -117.946212769, 214.019775391], [-1795.77880859, 934.103393555, 1741.29272461, 251.769256592, -227.705245972, -111.425857544, -241.588684082, -215.752502441, 136.510375977, 38.824596405, 69.8477020264, -13.2033720016, 59.172908783], [-503.236755371, 269.611175537, 251.769256592, 456.353851318, 95.2750320435, -105.119895935, -67.6778030396, -103.488426208, 42.9017791748, -121.889472961, 77.3385696411, 20.6309337616, 120.071495056], [244.964370728, 137.339157104, -227.705245972, 95.2750320435, 289.841247559, -11.4215574265, 20.3609256744, 38.4393730164, 21.6565532684, -52.9345932007, -14.1209220886, -30.7496910095, 22.5801792145], [528.251953125, -385.999969482, -111.425857544, -105.119895935, -11.4215574265, 381.913299561, 101.519989014, 105.755935669, -37.8582954407, 98.2755813599, -208.55645752, -23.4963607788, -92.1170501709], [372.219909668, -57.9896888733, -241.588684082, -67.6778030396, 20.3609256744, 101.519989014, 231.825714111, 54.6849822998, -68.3851165771, -0.536074757576, 6.1641292572, -33.021987915, -22.8857593536], [565.232177734, -227.911956787, -215.752502441, -103.488426208, 38.4393730164, 105.755935669, 54.6849822998, 204.605361938, 51.9775123596, 37.0629196167, -114.978157043, -6.22577238083, -46.9181404114], [-288.458435059, 172.890426636, 136.510375977, 42.9017791748, 21.6565532684, -37.8582954407, -68.3851165771, 51.9775123596, 314.157531738, 17.5083351135, -18.7454376221, -67.3167495728, 14.1727361679], [315.60067749, -176.803436279, 38.824596405, -121.889472961, -52.9345932007, 98.2755813599, -0.536074757576, 37.0629196167, 17.5083351135, 217.23651123, 6.24939155579, -38.3595161438, -98.0427703857], [-296.880859375, 329.692565918, 69.8477020264, 77.3385696411, -14.1209220886, -208.55645752, 6.1641292572, -114.978157043, -18.7454376221, 6.24939155579, 467.239868164, 41.503112793, 97.7462844849], [-51.3614044189, -117.946212769, -13.2033720016, 20.6309337616, -30.7496910095, -23.4963607788, -33.021987915, -6.22577238083, -67.3167495728, -38.3595161438, 41.503112793, 180.917770386, 24.7416572571], [-430.10824585, 214.019775391, 59.172908783, 120.071495056, 22.5801792145, -92.1170501709, -22.8857593536, -46.9181404114, 14.1727361679, -98.0427703857, 97.7462844849, 24.7416572571, 192.591629028]],
        "icov": [[0.000445234472863, -0.000193694460904, 0.000449823099189, -0.000242827169131, 8.56897895574e-05, -0.000222625269089, 0.000185378725291, -0.000980079988949, 0.000532941194251, -0.000477498600958, -5.76519523747e-05, 7.08912775735e-05, 0.00062734837411], [-0.000193694460904, 0.00480202259496, -0.00342401210219, 0.00206337030977, -0.00445599621162, 0.00255278195255, -0.00299410056323, 0.00220771390013, -0.00170532346237, 0.00312245427631, -0.00169554329477, 0.00235741236247, -0.00180505821481], [0.000449823099189, -0.00342401210219, 0.00360016641207, -0.0021123115439, 0.00388560839929, -0.00200198823586, 0.00274994550273, -0.0015711474698, 0.00122838607058, -0.00278838770464, 0.00118505139835, -0.0013797894353, 0.00161716481671], [-0.000242827169131, 0.00206337030977, -0.0021123115439, 0.00470587657765, -0.0034361584112, 0.000776634551585, -0.00106424686965, 0.0025603461545, -0.00141726981383, 0.00278950342909, -0.000925951811951, 0.000535654078703, -0.0019230353646], [8.56897895574e-05, -0.00445599621162, 0.00388560839929, -0.0034361584112, 0.00908762961626, -0.00231138011441, 0.00315694557503, -0.00300478213467, 0.00151456450112, -0.00213613780215, 0.00145661807619, -0.00095058552688, 0.00174765277188], [-0.000222625269089, 0.00255278195255, -0.00200198823586, 0.000776634551585, -0.00231138011441, 0.00678468961269, -0.00407873978838, 0.000722736644093, -0.00053848256357, -0.00114025804214, 0.0016698843101, 0.000508049386553, -0.00144919520244], [0.000185378725291, -0.00299410056323, 0.00274994550273, -0.00106424686965, 0.00315694557503, -0.00407873978838, 0.00926036015153, -0.00329830078408, 0.0026847878471, 0.000239123313804, -0.00103914691135, 0.00104089034721, 0.00185356102884], [-0.000980079988949, 0.00220771390013, -0.0015711474698, 0.0025603461545, -0.00300478213467, 0.000722736644093, -0.00329830078408, 0.0118153775111, -0.00430463440716, 0.000945543171838, 0.00120290624909, -0.00123066862579, -0.00222549960017], [0.000532941194251, -0.00170532346237, 0.00122838607058, -0.00141726981383, 0.00151456450112, -0.00053848256357, 0.0026847878471, -0.00430463440716, 0.00577726680785, -0.00166114908643, 0.000253194535617, 0.00144442147575, 0.000841821194626], [-0.000477498600958, 0.00312245427631, -0.00278838770464, 0.00278950342909, -0.00213613780215, -0.00114025804214, 0.000239123313804, 0.000945543171838, -0.00166114908643, 0.0114935515448, -0.00384062342346, 0.00336505845189, 0.00203539012], [-5.76519523747e-05, -0.00169554329477, 0.00118505139835, -0.000925951811951, 0.00145661807619, 0.0016698843101, -0.00103914691135, 0.00120290624909, 0.000253194535617, -0.00384062342346, 0.0049357758835, -0.00227157236077, -0.00142090208828], [7.08912775735e-05, 0.00235741236247, -0.0013797894353, 0.000535654078703, -0.00095058552688, 0.000508049386553, 0.00104089034721, -0.00123066862579, 0.00144442147575, 0.00336505845189, -0.00227157236077, 0.00882423110306, -0.000567041104659], [0.00062734837411, -0.00180505821481, 0.00161716481671, -0.0019230353646, 0.00174765277188, -0.00144919520244, 0.00185356102884, -0.00222549960017, 0.000841821194626, 0.00203539012, -0.00142090208828, -0.000567041104659, 0.00984956137836]]
    },
    "melbands": {
        "max": [0.00102901656646, 0.00203217891976, 0.00410447223112, 0.00631879270077, 0.0158492140472, 0.0146882673725, 0.00965603441, 0.0143997753039, 0.00795464962721, 0.00851362664253, 0.00724725332111, 0.00289916014299, 0.00217288616113, 0.00293174968101, 0.00055516109569, 0.00301774800755, 0.00225955806673, 0.00289505650289, 0.00126394350082, 0.000571079785004, 0.00090714613907, 0.000896722602192, 0.000341356382705, 0.000520043889992, 0.000738362956326, 0.00103133439552, 0.000470450642752, 0.000199144764338, 0.000117739793495, 6.58545905026e-05, 4.9103913625e-05, 8.28520933283e-05, 4.58577960671e-05, 6.75987757859e-05, 3.93852460547e-05, 5.69097646803e-05, 2.18982113438e-05, 6.4387418206e-06, 6.77174102748e-06, 5.09085793965e-06],
        "mean": [5.18685446877e-05, 0.000105938226625, 0.000133208319312, 0.000170332408743, 0.0004812219413, 0.000583108630963, 0.000454261666164, 0.000330224254867, 0.000289399060421, 0.000336976954713, 0.000210083424463, 0.000137562921736, 8.4918581706e-05, 6.68897409923e-05, 2.65245289484e-05, 6.48698915029e-05, 5.88151451666e-05, 7.9418940004e-05, 3.37992569257e-05, 2.30603000091e-05, 2.3880676963e-05, 2.33917326113e-05, 1.33974481287e-05, 1.70471012098e-05, 1.76618814294e-05, 1.47282171383e-05, 1.1496082152e-05, 6.48587820251e-06, 3.0860167044e-06, 1.327748123e-06, 1.02051365047e-06, 1.18399157145e-06, 1.02002354652e-06, 1.07959453999e-06, 8.7251964942e-07, 7.87670160207e-07, 4.29217607234e-07, 3.32375634571e-07, 2.66572868668e-07, 1.39771557883e-07],
        "min": [6.01658030064e-08, 5.14088966952e-08, 3.85332782571e-07, 9.03095383364e-07, 5.82679717809e-07, 9.26392942802e-07, 3.15919606919e-07, 1.11497421074e-07, 1.36366608672e-07, 2.21790603661e-08, 3.00617628568e-08, 7.68904584447e-09, 1.82762214251e-08, 1.23793162388e-08, 5.00782881829e-09, 5.07784614356e-09, 7.23487092458e-09, 2.13635615864e-08, 7.94419463546e-09, 5.61658319853e-09, 4.85260276406e-09, 2.33460117904e-09, 1.80398507243e-09, 2.59322519014e-09, 1.51950174665e-09, 1.09041087271e-09, 1.40003741933e-09, 8.22691192948e-10, 4.41099018422e-10, 3.45121736745e-10, 7.77837586008e-11, 3.91203791583e-10, 4.34949937178e-10, 7.55723705836e-10, 6.30872909468e-10, 4.70120109508e-10, 1.87957496789e-10, 2.32230609742e-10, 1.46484976926e-10, 1.03466624157e-10],
        "stdev": [0.000101901576272, 0.00019919963961, 0.000310761271976, 0.000379539123969, 0.000949854787905, 0.00122661888599, 0.00123475317378, 0.00103746762034, 0.000799536297563, 0.000935176794883, 0.000575035170186, 0.000354287272785, 0.000216768268729, 0.000248030264629, 5.02402181155e-05, 0.000241832167376, 0.000164349403349, 0.000246698706178, 8.40134525788e-05, 4.13146190112e-05, 6.6441425588e-05, 7.77312307036e-05, 3.0263516237e-05, 4.5127064368e-05, 4.59757829958e-05, 4.8106394388e-05, 3.32638446707e-05, 1.90784558072e-05, 1.00268962342e-05, 4.53659413324e-06, 3.39653729498e-06, 4.80722928842e-06, 3.17609669764e-06, 3.34153264703e-06, 2.67648488261e-06, 3.32532681568e-06, 1.2609151554e-06, 6.18209355707e-07, 5.40414021089e-07, 2.99526163872e-07]
    },
    "melbands128": {
        "max": [0.0002303240326, 0.00115404720418, 0.00138508842792, 0.00130845990498, 0.00209269952029, 0.00389370042831, 0.00581205263734, 0.00577715970576, 0.00460397498682, 0.0082659451291, 0.0104184299707, 0.00968493614346, 0.0253126583993, 0.0331001877785, 0.0160872582346, 0.0284101273865, 0.0168903227895, 0.0133234746754, 0.0304097011685, 0.0271296724677, 0.0147836133838, 0.0208548344672, 0.0101454984397, 0.0130716804415, 0.00633864477277, 0.0194360706955, 0.0242232456803, 0.00306683056988, 0.00553418649361, 0.00583947217092, 0.00626856088638, 0.00700010778382, 0.0034165927209, 0.00313975731842, 0.0040791737847, 0.00657195271924, 0.00136089907028, 0.000548801675905, 0.00145424460061, 0.00314701790921, 0.00632738182321, 0.00208876351826, 0.00134627416264, 0.00358755933121, 0.0093550812453, 0.0016952296719, 0.00150686770212, 0.00242108013481, 0.00107121479232, 0.000727605598513, 0.00120264373254, 0.00165474228561, 0.00228010048158, 0.00106834957842, 0.000921196944546, 0.00126850150991, 0.00203000893816, 0.000749075377826, 0.000360183505109, 0.000563347653951, 0.000410036998801, 0.00161354639567, 0.000651810842101, 0.000643595121801, 0.00207931781188, 0.0012556957081, 0.000612932431977, 0.000878410413861, 0.000620113918558, 0.000263404333964, 0.000410047883634, 0.000512337486725, 0.000186369681614, 0.000114463022328, 0.000181069190148, 8.83617904037e-05, 5.57329512958e-05, 4.84289375891e-05, 6.63519094815e-05, 7.68221798353e-05, 8.33879239508e-05, 9.69490938587e-05, 7.51042025513e-05, 3.81187019229e-05, 4.49903382105e-05, 9.05874330783e-05, 8.65630063345e-05, 3.97691255785e-05, 4.57485439256e-05, 4.36337104475e-05, 9.39283199841e-05, 5.4390708101e-05, 4.56658017356e-05, 2.15953950828e-05, 1.44136320159e-05, 8.43388625071e-06, 1.3594196389e-05, 9.32618786464e-06, 1.06017805592e-05, 7.2704183367e-06, 5.9246890487e-06, 7.36754782338e-06, 4.803610409e-06, 4.44426768809e-06, 5.74315072299e-06, 2.93344555757e-06, 2.33701689467e-06, 9.7820384326e-07, 2.21018467528e-06, 1.02192859686e-06, 4.18202262153e-06, 2.65488529294e-06, 9.43965858369e-07, 1.03540756413e-07, 4.7046594176e-08, 2.7714369466e-08, 9.93339632771e-09, 4.51882059549e-10, 4.31470220663e-10, 4.12536227401e-10, 3.97316290979e-10, 3.82352649542e-10, 3.74367509215e-10, 3.62898461281e-10, 3.52187945474e-10, 3.46397716067e-10, 3.41130984571e-10, 3.38373440378e-10],
        "mean": [7.28474651623e-06, 3.81717254641e-05, 7.40028553992e-05, 7.24120691302e-05, 8.18707048893e-05, 0.000153236527694, 0.000168417507666, 8.87866190169e-05, 0.000131879365654, 0.000171112449607, 0.000161385833053, 0.000342607789207, 0.000559742213227, 0.000686508254148, 0.000577763421461, 0.000504097086377, 0.000576378894038, 0.000432674190961, 0.00034309833427, 0.000206307275221, 0.000353589188308, 0.000618396734353, 0.000175686218427, 0.000131149179651, 0.000237180065596, 0.000524810748175, 0.000356773874955, 0.000105226448795, 0.000165028133779, 0.000123972989968, 0.000144782927237, 0.000136503629619, 5.52221063117e-05, 7.37120135454e-05, 8.38705600472e-05, 7.35687426641e-05, 2.16733733396e-05, 2.14015981328e-05, 2.55373361142e-05, 5.59631225769e-05, 9.76529918262e-05, 3.66704080079e-05, 3.05978392134e-05, 5.95753990638e-05, 0.000166735801031, 5.37170963071e-05, 3.04221612168e-05, 4.39029063273e-05, 2.96894177154e-05, 1.92110874195e-05, 2.20452220674e-05, 2.50157390838e-05, 3.38085701515e-05, 1.75711120391e-05, 1.4449932678e-05, 2.89402669296e-05, 2.87296352326e-05, 1.03564370875e-05, 1.03985630631e-05, 1.27046860143e-05, 1.37766246553e-05, 2.66647130047e-05, 1.65771252796e-05, 1.50828918777e-05, 1.82763451448e-05, 1.51572821778e-05, 1.2432315998e-05, 1.22603541968e-05, 1.3941645193e-05, 6.15969656792e-06, 5.65000618735e-06, 8.21897265268e-06, 3.67443453797e-06, 2.08919914257e-06, 2.18724107981e-06, 1.28328349547e-06, 1.04606294826e-06, 9.06787420263e-07, 9.71453459897e-07, 1.16438684472e-06, 1.26554084545e-06, 1.14667727757e-06, 1.12196937607e-06, 9.92026116364e-07, 9.19194690141e-07, 1.09522329694e-06, 1.22239396205e-06, 9.29406610339e-07, 7.88449085576e-07, 8.46211321459e-07, 9.34990339374e-07, 7.44305793887e-07, 6.26710402685e-07, 3.92436163565e-07, 3.39672510563e-07, 3.18089632856e-07, 3.46220673464e-07, 3.33057442958e-07, 2.98471775295e-07, 2.19831122195e-07, 1.43003575204e-07, 1.25348705637e-07, 1.36194287848e-07, 1.01289003851e-07, 7.87952245673e-08, 6.28424743354e-08, 5.42044666929e-08, 3.74928568192e-08, 4.20366781384e-08, 2.77742184807e-08, 3.61336667254e-08, 2.6153767152e-08, 1.05198161293e-08, 1.20305809759e-09, 2.37446312612e-10, 1.98735847223e-10, 4.74361973313e-11, 3.13688159649e-12, 3.01035238404e-12, 2.91671287816e-12, 2.83584505704e-12, 2.76887692462e-12, 2.72128803866e-12, 2.66504114783e-12, 2.5903168499e-12, 2.50080208278e-12, 2.44630986475e-12, 2.42763990334e-12],
        "min": [1.65913138783e-09, 9.46631395493e-09, 1.33094779642e-08, 6.84946233065e-09, 2.80535097374e-08, 4.93897296394e-08, 5.42795959291e-08, 3.15561621278e-08, 8.20840995175e-08, 1.81171174063e-07, 5.06483743834e-08, 5.43515596974e-08, 1.74797321506e-07, 2.74502497177e-07, 3.61270593885e-07, 3.58466820671e-08, 3.08047617636e-07, 1.25966053588e-07, 2.56716337077e-08, 2.49437466238e-08, 1.60007278538e-08, 2.95479587464e-08, 1.21109602347e-08, 2.06107149126e-08, 1.37906308595e-08, 4.17149825793e-09, 6.7781931179e-09, 1.06993685023e-08, 8.40482172748e-09, 8.93744278585e-09, 1.9272876628e-09, 2.78632339423e-09, 7.63605356724e-09, 3.21860049723e-09, 2.34338548566e-09, 1.12007558783e-09, 2.02302508079e-09, 2.87265899956e-09, 1.50083856454e-09, 7.76592234963e-10, 2.17853735052e-09, 7.08425984541e-10, 1.18915688407e-09, 1.79705228476e-09, 1.14848077715e-08, 1.14898268677e-08, 1.98728988821e-09, 3.14952153246e-09, 2.11797090977e-09, 1.97259431012e-09, 1.97817229264e-09, 2.34234898144e-09, 1.03340758173e-09, 1.49639012292e-09, 1.0031987463e-09, 9.4757979241e-10, 1.88780857613e-09, 7.12961301108e-10, 1.12785369932e-09, 6.91690371646e-10, 1.89447235677e-09, 1.96068539182e-09, 7.18821391299e-10, 9.4520791194e-10, 8.23147772167e-10, 3.01066727104e-10, 7.06907365977e-10, 9.00311047936e-10, 1.24463928053e-09, 3.22606802383e-10, 5.79641779019e-10, 4.60950611014e-10, 1.82961631956e-10, 4.15944056975e-10, 1.88458568195e-10, 2.24262761139e-10, 8.8609668214e-11, 4.14338945098e-11, 3.6040181256e-11, 3.20373658158e-11, 3.49819236078e-11, 5.14463228962e-11, 1.16289845808e-10, 1.07814403238e-10, 2.61108301647e-10, 4.43072301071e-10, 6.23284923673e-10, 3.03320313311e-10, 5.62412338923e-10, 4.62877514096e-10, 2.23753016115e-10, 2.4117499664e-10, 1.3858270087e-10, 1.71842574892e-11, 6.18978479583e-12, 1.11151740589e-10, 1.18965767792e-10, 9.67672192376e-11, 1.69427472052e-10, 6.80904777006e-11, 6.13750578138e-11, 1.57404055068e-11, 6.69520211841e-13, 2.53431251679e-11, 2.57321421115e-12, 2.70317362244e-12, 1.72648896048e-13, 1.22325869052e-13, 1.22344910353e-13, 6.1346930411e-14, 7.77648616074e-14, 9.21379807303e-14, 7.21140879759e-14, 7.3081846835e-14, 6.24378478607e-14, 6.66871343303e-14, 5.95035292198e-14, 7.21654249487e-14, 7.60212408974e-14, 6.82820838174e-14, 7.38747374363e-14, 5.9892405434e-14, 7.39009141425e-14, 6.83742138971e-14, 5.94072723957e-14, 1.3821131468e-14, 2.94195061955e-15, 9.57384465797e-17],
        "stdev": [1.56806599989e-05, 9.07310459297e-05, 0.000158526061568, 0.000153227942064, 0.000197228961042, 0.000373045826564, 0.000500173075125, 0.000320384599036, 0.000342259474564, 0.000482641946292, 0.000584675639402, 0.000857552920934, 0.00130796420854, 0.001911112573, 0.00141005613841, 0.00189921085257, 0.00185870518908, 0.00146030401811, 0.00190565735102, 0.00140844262205, 0.00105131487362, 0.00198713550344, 0.000642881146632, 0.000557630148251, 0.000643020030111, 0.00179292680696, 0.00173394905869, 0.000241029207245, 0.000449883198598, 0.000366363849025, 0.000586092588492, 0.000607074354775, 0.000186451725313, 0.000260278349742, 0.000315489101922, 0.000448645383585, 6.88553263899e-05, 4.43370190624e-05, 7.48773672967e-05, 0.000200692404178, 0.000479463633383, 9.9717413832e-05, 9.27482542465e-05, 0.000225713360123, 0.000759972142987, 0.000142851306009, 8.5517684056e-05, 0.000160425988724, 8.4524115664e-05, 4.61780000478e-05, 5.78254184802e-05, 7.33921260689e-05, 0.000139513227623, 5.64124638913e-05, 4.87320721732e-05, 0.000121546625451, 0.000143121113069, 3.63159051631e-05, 2.37187559833e-05, 3.23013846355e-05, 3.45489243045e-05, 0.000123772042571, 5.23730377608e-05, 4.86498465762e-05, 7.85998927313e-05, 6.09642993368e-05, 4.64664117317e-05, 5.06521573698e-05, 4.96967440995e-05, 1.8618959075e-05, 2.2211805117e-05, 3.58091383532e-05, 1.38538644023e-05, 7.03411524228e-06, 9.64787977864e-06, 5.0837688832e-06, 3.76971456717e-06, 2.96796429211e-06, 3.54169992534e-06, 4.55361941931e-06, 5.75438298256e-06, 5.18843489772e-06, 4.24952077083e-06, 2.84811108031e-06, 2.9963198358e-06, 4.05583978136e-06, 4.15524482378e-06, 2.89523586616e-06, 2.60762362814e-06, 2.89324907499e-06, 4.77036383018e-06, 3.23505878441e-06, 2.30057503359e-06, 1.22000460578e-06, 8.56441715769e-07, 6.24477820566e-07, 8.68358995376e-07, 6.93129038609e-07, 7.01145268067e-07, 5.12440749389e-07, 3.46445347077e-07, 3.2679429296e-07, 3.34303393856e-07, 2.75747254364e-07, 2.74214642104e-07, 1.77744709617e-07, 1.40782674407e-07, 8.15178751168e-08, 1.27233150238e-07, 7.04267506535e-08, 1.66595427231e-07, 1.65092117754e-07, 6.73444375821e-08, 7.90753773572e-09, 2.14716777691e-09, 1.63681701526e-09, 4.30601082568e-10, 1.28700383684e-11, 1.23009562605e-11, 1.17896395771e-11, 1.13754040909e-11, 1.09700954917e-11, 1.07419117004e-11, 1.04329669903e-11, 1.01471036434e-11, 9.9885802754e-12, 9.8469557161e-12, 9.77121335233e-12]
    },
    "mfcc": {
        "mean": [-701.379394531, 117.895812988, -14.3039293289, 7.40572071075, -4.84113550186, -12.5932340622, -11.7082357407, -2.64776968956, -14.5104665756, 5.6270980835, -6.51069116592, -11.1869029999, -4.37566566467],
        "cov": [[6614.36914062, -1502.4251709, -2209.33007812, -785.887573242, -342.263031006, -8.4990272522, 521.978088379, 281.322418213, 290.188049316, 205.596511841, 293.482666016, 133.160003662, -68.7286071777], [-1502.4251709, 1289.62634277, 709.632507324, 385.054138184, 215.900619507, -103.393058777, -48.6949539185, -124.732307434, -161.356567383, 30.1653289795, -46.0578575134, -47.6120986938, 76.6005477905], [-2209.33007812, 709.632507324, 1725.41748047, 291.67098999, 108.736038208, 90.913192749, -228.272003174, -193.670288086, -113.141822815, 3.39993453026, 39.5498008728, -38.8818206787, -37.7557983398], [-785.887573242, 385.054138184, 291.67098999, 541.807617188, 225.084091187, -49.5785713196, -67.5214767456, -25.0530605316, -151.509231567, -43.1847114563, -158.206634521, -42.1415519714, 92.4264984131], [-342.263031006, 215.900619507, 108.736038208, 225.084091187, 319.271575928, -22.8328361511, -84.001121521, 2.92336034775, -10.608880043, 10.3245611191, -68.2682647705, -5.977394104, 36.217540741], [-8.4990272522, -103.393058777, 90.913192749, -49.5785713196, -22.8328361511, 216.280975342, 26.6607055664, 12.5194950104, 111.041687012, -10.2179050446, 25.7484264374, 1.73066079617, -65.6452713013], [521.978088379, -48.6949539185, -228.272003174, -67.5214767456, -84.001121521, 26.6607055664, 349.468078613, -10.2569360733, -110.892608643, 27.3849773407, -23.8240509033, -9.10893535614, 41.5020828247], [281.322418213, -124.732307434, -193.670288086, -25.0530605316, 2.92336034775, 12.5194950104, -10.2569360733, 196.347351074, 100.943656921, -34.9156608582, -14.8486089706, -9.88421630859, 1.2805480957], [290.188049316, -161.356567383, -113.141822815, -151.509231567, -10.608880043, 111.041687012, -110.892608643, 100.943656921, 437.650177002, 20.3562602997, 69.363609314, 19.8127803802, -154.034362793], [205.596511841, 30.1653289795, 3.39993453026, -43.1847114563, 10.3245611191, -10.2179050446, 27.3849773407, -34.9156608582, 20.3562602997, 218.824066162, 106.28793335, 6.90748882294, -18.4223098755], [293.482666016, -46.0578575134, 39.5498008728, -158.206634521, -68.2682647705, 25.7484264374, -23.8240509033, -14.8486089706, 69.363609314, 106.28793335, 270.824127197, 39.1030921936, -55.4571151733], [133.160003662, -47.6120986938, -38.8818206787, -42.1415519714, -5.977394104, 1.73066079617, -9.10893535614, -9.88421630859, 19.8127803802, 6.90748882294, 39.1030921936, 119.730178833, 18.4468994141], [-68.7286071777, 76.6005477905, -37.7557983398, 92.4264984131, 36.217540741, -65.6452713013, 41.5020828247, 1.2805480957, -154.034362793, -18.4223098755, -55.4571151733, 18.4468994141, 161.392990112]],
        "icov": [[0.000366971944459, 0.000211638907786, 0.000306766101858, 4.06967446906e-05, -5.46960363863e-05, 0.000147459839354, -0.00038964219857, -0.000127892228193, -8.59007996041e-05, -0.00015139055904, -0.000334745447617, -0.000134971662192, 7.88847173681e-05], [0.000211638907786, 0.00149844645057, -0.000351155380486, -0.000545362359844, -0.000483682902995, 0.000941962993238, -0.000738727336284, 0.000330480193952, -0.000428861996625, -6.30163049209e-05, -0.000469371705549, 0.000265019538347, -0.000319957034662], [0.000306766101858, -0.000351155380486, 0.00135755515657, -0.000211832331843, 0.000189572907402, -0.000888734357432, 0.000529570737854, 0.000445009238319, 0.000439990166342, -0.000114274844236, -0.000492961553391, 1.35995360324e-05, 0.000428400817327], [4.06967446906e-05, -0.000545362359844, -0.000211832331843, 0.00396973034367, -0.00176680099685, -0.000322132109432, 0.000554304511752, -0.000360012607416, 0.000877523096278, -8.15202729427e-05, 0.00142930971924, 0.000489209021907, -0.000657570024487], [-5.46960363863e-05, -0.000483682902995, 0.000189572907402, -0.00176680099685, 0.00508183240891, -0.000396023242502, 0.00110279442742, -0.000207099597901, -0.000381672201911, -0.00103790545836, 0.000788987381384, -0.000425655598519, -0.00048396125203], [0.000147459839354, 0.000941962993238, -0.000888734357432, -0.000322132109432, -0.000396023242502, 0.0071181175299, -0.00226517789997, 4.64046497655e-05, -0.00203028693795, 0.000910513335839, -0.000611110881437, -0.000174368804437, 0.00113467348274], [-0.00038964219857, -0.000738727336284, 0.000529570737854, 0.000554304511752, 0.00110279442742, -0.00226517789997, 0.00505539542064, 4.4275620894e-05, 0.00186855578795, -0.00105658266693, 0.00127868168056, 0.00038149417378, -0.00041949673323], [-0.000127892228193, 0.000330480193952, 0.000445009238319, -0.000360012607416, -0.000207099597901, 4.64046497655e-05, 4.4275620894e-05, 0.00746462587267, -0.00246885395609, 0.00134206854273, -0.000365483370842, 0.00172525877133, -0.0024321784731], [-8.59007996041e-05, -0.000428861996625, 0.000439990166342, 0.000877523096278, -0.000381672201911, -0.00203028693795, 0.00186855578795, -0.00246885395609, 0.00564533192664, -0.000774962885771, 0.000511420250405, -0.00137806567363, 0.00419901451096], [-0.00015139055904, -6.30163049209e-05, -0.000114274844236, -8.15202729427e-05, -0.00103790545836, 0.000910513335839, -0.00105658266693, 0.00134206854273, -0.000774962885771, 0.00651041511446, -0.00274010212161, 0.000716712384019, -0.000170254716068], [-0.000334745447617, -0.000469371705549, -0.000492961553391, 0.00142930971924, 0.000788987381384, -0.000611110881437, 0.00127868168056, -0.000365483370842, 0.000511420250405, -0.00274010212161, 0.00661782920361, -0.00160219892859, 0.00102728279307], [-0.000134971662192, 0.000265019538347, 1.35995360324e-05, 0.000489209021907, -0.000425655598519, -0.000174368804437, 0.00038149417378, 0.00172525877133, -0.00137806567363, 0.000716712384019, -0.00160219892859, 0.0101854614913, -0.00349557516165], [7.88847173681e-05, -0.000319957034662, 0.000428400817327, -0.000657570024487, -0.00048396125203, 0.00113467348274, -0.00041949673323, -0.0024321784731, 0.00419901451096, -0.000170254716068, 0.00102728279307, -0.00349557516165, 0.012296252884]]
    },
    "spectral_contrast_coeffs": {
        "max": [-0.36055496335, -0.406451970339, -0.43595635891, -0.511116743088, -0.5197250247, -0.615104496479],
        "mean": [-0.664704024792, -0.692945480347, -0.727537989616, -0.772910356522, -0.770874977112, -0.772428870201],
        "min": [-0.878006398678, -0.95304018259, -0.918384432793, -0.904103279114, -0.896729111671, -0.927283525467],
        "stdev": [0.0890576392412, 0.116533376276, 0.0936978831887, 0.0813308432698, 0.073321685195, 0.0335881374776]
    },
    "spectral_contrast_valleys": {
        "max": [-5.96937561035, -4.53992271423, -5.33500432968, -5.58553361893, -5.67611312866, -8.60338973999],
        "mean": [-7.9601650238, -7.33481884003, -7.97937583923, -8.09514331818, -8.20840167999, -11.0149593353],
        "min": [-10.1222257614, -9.47225761414, -10.8058271408, -11.0694351196, -11.2793388367, -13.6560459137],
        "stdev": [0.799047589302, 0.772305846214, 1.17359793186, 1.19672882557, 1.01557457447, 0.984001994133]
    }
},
"rhythm": {
    "beats_count": 75,
    "beats_loudness": {
        "max": 0.0801186561584,
        "mean": 0.0196318216622,
        "min": 0.000368737324607,
        "stdev": 0.0163478627801
    },
    "bpm": 139.963088989,
    "bpm_histogram_first_peak_bpm": 140,
    "bpm_histogram_first_peak_weight": 0.647058844566,
    "bpm_histogram_second_peak_bpm": 133,
    "bpm_histogram_second_peak_spread": 0.444444477558,
    "bpm_histogram_second_peak_weight": 0.0675675645471,
    "danceability": 0.923546612263,
    "onset_rate": 2.46093726158,
    "beats_loudness_band_ratio": {
        "max": [0.451518982649, 0.973625540733, 0.864860057831, 0.655833363533, 0.717135190964, 0.538639068604],
        "mean": [0.0766142532229, 0.34114086628, 0.288741767406, 0.151016801596, 0.14058367908, 0.0586508177221],
        "min": [0.000387439504266, 0.00361418840475, 0.00497366348282, 0.000334875250701, 0.000388163258322, 0.000112549838377],
        "stdev": [0.095688611269, 0.323287785053, 0.265931725502, 0.169125497341, 0.153488382697, 0.0943368151784]
    },
