{
"metadata": {
    "version": {
        "essentia": "2.1-beta5",
        "essentia_git_sha": "Undefined",
        "extractor": "music 2.0"
    },
    "audio_properties": {
        "analysis": {
            "equal_loudness": 0,
            "length": 32.4963264465,
            "sample_rate": 44100,
            "start_time": 12.7477550507,
            "downmix": "mix"
        },
        "bit_rate": 192000,
        "length": 183.878814697,
        "lossless": 0,
        "number_channels": 2,
        "replay_gain": -13.0675392151,
        "sample_rate": 44100,
        "codec": "mp3",
        "md5_encoded": "5e8380f2f8c06163108b3ef8c6d54165"
    },
    "tags": {
        "file_name": "Sweden_Den Vilda_One More Time.mp3",
        "encoding": ["Lavf58.29.100"]
    }
},
"lowlevel": {
    "average_loudness": 0.887526571751,
    "barkbands_crest": {
        "max": 25.7863559723,
        "mean": 13.2918481827,
        "min": 4.08156299591,
        "stdev": 5.06568336487
    },
    "barkbands_flatness_db": {
        "max": 0.388612270355,
        "mean": 0.212919250131,
        "min": 0.0940426811576,
        "stdev": 0.0534564442933
    },
    "barkbands_kurtosis": {
        "max": 127.117401123,
        "mean": 9.287109375,
        "min": -1.91462635994,
        "stdev": 13.3854589462
    },
    "barkbands_skewness": {
        "max": 9.73534965515,
        "mean": 2.2980837822,
        "min": -1.2393296957,
        "stdev": 1.46848118305
    },
    "barkbands_spread": {
        "max": 85.933303833,
        "mean": 12.2453784943,
        "min": 0.785557866096,
        "stdev": 11.6706666946
    },
    "dissonance": {
        "max": 0.499960005283,
        "mean": 0.432888954878,
        "min": 0.28024610877,
        "stdev": 0.0395731590688
    },
    "dynamic_complexity": 3.72162175179,
    "erbbands_crest": {
        "max": 26.3717327118,
        "mean": 10.8062534332,
        "min": 3.55183959007,
        "stdev": 4.28063392639
    },
    "erbbands_flatness_db": {
        "max": 0.38317540288,
        "mean": 0.231903165579,
        "min": 0.118562333286,
        "stdev": 0.0418432839215
    },
    "erbbands_kurtosis": {
        "max": 31.8545036316,
        "mean": 1.39643371105,
        "min": -1.87167727947,
        "stdev": 3.08057188988
    },
    "erbbands_skewness": {
        "max": 5.23377275467,
        "mean": 0.93360376358,
        "min": -1.94517087936,
        "stdev": 0.844387412071
    },
    "erbbands_spread": {
        "max": 132.033889771,
        "mean": 30.2450656891,
        "min": 3.94139122963,
        "stdev": 17.8539905548
    },
    "hfc": {
        "max": 174.577957153,
        "mean": 13.1130123138,
        "min": 0.0919661596417,
        "stdev": 14.8065395355
    },
    "loudness_ebu128": {
        "integrated": -12.2589597702,
        "loudness_range": 7.8110408783,
        "momentary": {
            "max": -8.2305393219,
            "mean": -13.8402681351,
            "min": -26.147851944,
            "stdev": 4.0386762619
        },
        "short_term": {
            "max": -9.90623092651,
            "mean": -13.1385278702,
            "min": -21.750825882,
            "stdev": 3.03080797195
        }
    },
    "melbands_crest": {
        "max": 28.7523326874,
        "mean": 15.1399393082,
        "min": 4.61573648453,
        "stdev": 4.70096254349
    },
    "melbands_flatness_db": {
        "max": 0.453528821468,
        "mean": 0.245634526014,
        "min": 0.0930901914835,
        "stdev": 0.0687731653452
    },
    "melbands_kurtosis": {
        "max": 210.240493774,
        "mean": 17.9430522919,
        "min": -1.16995871067,
        "stdev": 22.4796504974
    },
    "melbands_skewness": {
        "max": 11.2387104034,
        "mean": 3.00882363319,
        "min": -0.670789003372,
        "stdev": 1.66641247272
    },
    "melbands_spread": {
        "max": 179.449462891,
        "mean": 13.8455429077,
        "min": 0.890754163265,
        "stdev": 13.8983478546
    },
    "pitch_salience": {
        "max": 0.886529445648,
        "mean": 0.510789513588,
        "min": 0.147299781442,
        "stdev": 0.116149626672
    },
    "silence_rate_20dB": {
        "max": 1,
        "mean": 1,
        "min": 1,
        "stdev": 0
    },
    "silence_rate_30dB": {
        "max": 1,
        "mean": 1,
        "min": 1,
        "stdev": 0
    },
    "silence_rate_60dB": {
        "max": 1,
        "mean": 0.112776584923,
        "min": 0,
        "stdev": 0.316323906183
    },
    "spectral_centroid": {
        "max": 3663.00341797,
        "mean": 797.819396973,
        "min": 230.363891602,
        "stdev": 451.495758057
    },
    "spectral_complexity": {
        "max": 43,
        "mean": 12.2405424118,
        "min": 0,
        "stdev": 6.80722141266
    },
    "spectral_decrease": {
        "max": -6.40529990159e-11,
        "mean": -4.62741001073e-09,
        "min": -2.52578171711e-08,
        "stdev": 4.10994482891e-09
    },
    "spectral_energy": {
        "max": 0.0995648652315,
        "mean": 0.0186542831361,
        "min": 0.000250091921771,
        "stdev": 0.0164036154747
    },
    "spectral_energyband_high": {
        "max": 0.0178823079914,
        "mean": 0.000362094782759,
        "min": 1.01565760247e-07,
        "stdev": 0.00110656861216
    },
    "spectral_energyband_low": {
        "max": 0.00855736806989,
        "mean": 0.000163044373039,
        "min": 8.53699532399e-07,
        "stdev": 0.000365603511455
    },
    "spectral_energyband_middle_high": {
        "max": 0.0457542724907,
        "mean": 0.00286003039218,
        "min": 9.38164976105e-06,
        "stdev": 0.00416145427153
    },
    "spectral_energyband_middle_low": {
        "max": 0.0939826741815,
        "mean": 0.0154468463734,
        "min": 0.000109730113763,
        "stdev": 0.0144046591595
    },
    "spectral_entropy": {
        "max": 8.66121864319,
        "mean": 6.99923038483,
        "min": 5.30718231201,
        "stdev": 0.53836196661
    },
    "spectral_flux": {
        "max": 0.213740065694,
        "mean": 0.060822032392,
        "min": 0.00358850136399,
        "stdev": 0.0359423346817
    },
    "spectral_kurtosis": {
        "max": 58.3348350525,
        "mean": 8.00190258026,
        "min": -1.31733810902,
        "stdev": 7.35255050659
    },
    "spectral_rms": {
        "max": 0.00985578261316,
        "mean": 0.0038594501093,
        "min": 0.000493955565616,
        "stdev": 0.00181767658796
    },
    "spectral_rolloff": {
        "max": 10443.6035156,
        "mean": 1139.99780273,
        "min": 215.33203125,
        "stdev": 1424.20678711
    },
    "spectral_skewness": {
        "max": 5.97614383698,
        "mean": 2.05884623528,
        "min": -0.0513317212462,
        "stdev": 0.797847509384
    },
    "spectral_spread": {
        "max": 18586372,
        "mean": 3844809.25,
        "min": 1544363.75,
        "stdev": 1885724.375
    },
    "spectral_strongpeak": {
        "max": 8.14949607849,
        "mean": 1.03044378757,
        "min": 0.0106366919354,
        "stdev": 0.834253847599
    },
    "zerocrossingrate": {
        "max": 0.33154296875,
        "mean": 0.0438937321305,
        "min": 0.005859375,
        "stdev": 0.0331198312342
    },
    "barkbands": {
        "max": [0.000259435968474, 0.00157483574003, 0.00374522525817, 0.00553789781407, 0.0802171900868, 0.0390685349703, 0.0417989641428, 0.0378555096686, 0.0282426383346, 0.0129690822214, 0.0067925225012, 0.00570015842095, 0.0358459353447, 0.0212954282761, 0.00966928806156, 0.00485582789406, 0.0110094593838, 0.00585991004482, 0.00362745928578, 0.00180617533624, 0.0014158107806, 0.00244622048922, 0.00298028276302, 0.00605648197234, 0.00887370575219, 0.000525535084307, 2.56399971477e-07],
        "mean": [7.86488817539e-06, 4.43406643171e-05, 6.39680001768e-05, 0.000262672372628, 0.007022974547, 0.00323574640788, 0.00139685010072, 0.00226568477228, 0.000990875414573, 0.000485926924739, 0.000340797589161, 0.000134193760459, 0.00040573431761, 0.000498636509292, 0.000318109989166, 0.000175910419784, 0.000281025655568, 0.000179115028004, 0.000135339534609, 9.07774301595e-05, 2.54178339674e-05, 5.17671178386e-05, 8.56473488966e-05, 0.000100999284768, 4.97330984217e-05, 4.19015213993e-06, 7.90685406038e-10],
        "min": [3.16567261294e-09, 2.61358422904e-07, 2.32537455958e-08, 5.7666795783e-08, 1.72597137862e-05, 8.98649250303e-06, 1.15365992315e-06, 2.59410262515e-06, 1.97351198494e-07, 8.28973014677e-08, 6.38257233732e-07, 2.66467139909e-07, 3.75192001911e-07, 5.66622532006e-07, 2.58132985209e-07, 2.06335002417e-07, 8.86292710334e-08, 5.08676265554e-08, 3.84919971452e-08, 3.39012196093e-08, 2.42338895617e-08, 1.21925420871e-08, 1.5030297007e-08, 1.00470405329e-08, 8.89414142335e-09, 7.82558913504e-12, 9.71100370256e-12],
        "stdev": [1.50952655531e-05, 0.000101249010186, 0.000180030096089, 0.000494751206134, 0.0103947808966, 0.00505671696737, 0.00265460344963, 0.00386144081131, 0.00243782764301, 0.000945842999499, 0.00056680443231, 0.000349904672476, 0.00138863129541, 0.0014184123138, 0.000822418835014, 0.000425088976044, 0.000942323473282, 0.000504456460476, 0.000316024757922, 0.000176453351742, 8.23317968752e-05, 0.000171377279912, 0.000220698158955, 0.000430678017437, 0.000381203979487, 2.88396786345e-05, 6.93292001586e-09]
    },
    "erbbands": {
        "max": [0.0244342740625, 0.464851289988, 3.35665488243, 14.2673597336, 88.0647659302, 420.467437744, 445.698150635, 474.222320557, 840.27722168, 734.427612305, 408.749725342, 816.788879395, 455.675201416, 218.428421021, 224.826828003, 295.647369385, 1686.86791992, 920.088745117, 497.773010254, 598.768371582, 421.627685547, 431.498504639, 253.439285278, 231.424407959, 178.357284546, 91.3136901855, 109.690895081, 83.7108459473, 81.0891113281, 130.981994629, 88.8109054565, 68.9505691528, 151.110839844, 163.821334839, 29.5103645325, 4.53495550156, 0.656472861767, 0.0178226921707, 0.00107785128057, 0.000242144189542],
        "mean": [0.00122150662355, 0.010941253975, 0.0632945522666, 0.504687070847, 5.76551389694, 27.8160495758, 36.3468666077, 27.0561714172, 20.5057220459, 47.361125946, 23.4272422791, 27.1271533966, 18.9352760315, 10.0963764191, 14.3687820435, 8.19441795349, 20.4150257111, 22.2413349152, 20.4377784729, 13.7974205017, 11.5104846954, 12.7085866928, 10.5165863037, 8.8149766922, 5.42277860641, 4.586830616, 1.64493834972, 0.984052538872, 1.51252675056, 2.56539964676, 2.39937925339, 1.45402956009, 2.15074253082, 0.885868608952, 0.197895631194, 0.0386017225683, 0.00386899942532, 0.0001112446771, 1.76590056071e-05, 2.33248265431e-05],
        "min": [9.25456788536e-06, 7.97769171186e-05, 0.000230604360695, 0.00193564209621, 0.0115531962365, 0.0807338953018, 0.136673629284, 0.103273287416, 0.0766588523984, 0.0253218971193, 0.0590446665883, 0.0277680717409, 0.00498156994581, 0.00447835074738, 0.0211029071361, 0.0402221977711, 0.0212392024696, 0.044065952301, 0.0292901005596, 0.0152612440288, 0.0114436652511, 0.0048319902271, 0.00326778460294, 0.00232745078392, 0.00209287810139, 0.00133683672175, 0.00095262582181, 0.000838187115733, 0.000486944481963, 0.000486065691803, 0.000376012496417, 0.000199468064238, 0.000167972160853, 9.50611647568e-05, 6.45899926894e-05, 3.82390908271e-06, 4.41769770987e-07, 5.21715470825e-08, 2.10485964658e-07, 4.12850425846e-07],
        "stdev": [0.00228094845079, 0.027183573693, 0.156577736139, 0.885195910931, 9.34047985077, 46.2671775818, 52.8696174622, 46.5931549072, 48.1363334656, 73.0438766479, 35.493347168, 68.3051757812, 36.5050849915, 18.6459693909, 21.8985061646, 18.7681179047, 67.2323074341, 60.8993721008, 46.6761665344, 37.5537643433, 32.6696128845, 38.9472427368, 29.8715362549, 20.5346698761, 11.8962173462, 9.07186031342, 4.86194038391, 3.98166680336, 5.19171667099, 7.5838842392, 6.18183279037, 4.7069568634, 10.0024385452, 6.56126594543, 1.49815881252, 0.260973334312, 0.0295523665845, 0.000807298463769, 5.13848499395e-05, 2.18151417357e-05]
    },
    "gfcc": {
        "mean": [-78.2153244019, 122.186126709, -149.900131226, 12.1590337753, -90.6259384155, -4.16774511337, -65.5339279175, -11.6756811142, -20.3469734192, -15.6942024231, 2.17840361595, -15.3472757339, 2.66037559509],
        "cov": [[6061.00732422, -1920.56018066, -432.294281006, 496.571746826, -820.864990234, 253.088150024, -303.65246582, 292.258270264, -34.4692230225, -5.12693595886, 13.6403179169, 98.9281616211, -322.145385742], [-1920.56018066, 1491.78234863, -125.627067566, -302.425750732, 518.15057373, -273.438751221, 330.955810547, -152.491104126, 96.0953674316, -117.282936096, 130.671386719, -159.289916992, 89.5283203125], [-432.294281006, -125.627067566, 680.641235352, 40.7779464722, -46.7289505005, 141.999603271, -115.587234497, -18.3293533325, -62.2488288879, 36.695941925, -148.090621948, 33.2477416992, -48.752986908], [496.571746826, -302.425750732, 40.7779464722, 328.244720459, -41.1483383179, 20.9312171936, -85.0732727051, -8.5780506134, 1.85856056213, -47.1546974182, -74.835105896, 30.71459198, -40.1372833252], [-820.864990234, 518.15057373, -46.7289505005, -41.1483383179, 314.46282959, -90.7039489746, 82.0646133423, -52.4856033325, 13.2383499146, -45.9851951599, 1.33035647869, -32.3257331848, 35.7377586365], [253.088150024, -273.438751221, 141.999603271, 20.9312171936, -90.7039489746, 217.621810913, -41.9906654358, 31.2238063812, -39.2684211731, 56.5654144287, -43.1185035706, 4.19758033752, -29.448348999], [-303.65246582, 330.955810547, -115.587234497, -85.0732727051, 82.0646133423, -41.9906654358, 237.697113037, 11.5917654037, 23.980342865, 21.8699455261, 50.1834335327, -38.8402862549, -0.811661124229], [292.258270264, -152.491104126, -18.3293533325, -8.5780506134, -52.4856033325, 31.2238063812, 11.5917654037, 139.406051636, 25.7291469574, 50.3587379456, 7.99036073685, 25.2452316284, -17.7117614746], [-34.4692230225, 96.0953674316, -62.2488288879, 1.85856056213, 13.2383499146, -39.2684211731, 23.980342865, 25.7291469574, 123.743881226, 14.2971000671, 19.3308753967, 2.9920399189, 22.4893684387], [-5.12693595886, -117.282936096, 36.695941925, -47.1546974182, -45.9851951599, 56.5654144287, 21.8699455261, 50.3587379456, 14.2971000671, 130.120071411, 3.0756919384, 18.9210300446, -0.0696640238166], [13.6403179169, 130.671386719, -148.090621948, -74.835105896, 1.33035647869, -43.1185035706, 50.1834335327, 7.99036073685, 19.3308753967, 3.0756919384, 151.240356445, -12.0823993683, 23.1487369537], [98.9281616211, -159.289916992, 33.2477416992, 30.71459198, -32.3257331848, 4.19758033752, -38.8402862549, 25.2452316284, 2.9920399189, 18.9210300446, -12.0823993683, 119.724494934, 34.5870780945], [-322.145385742, 89.5283203125, -48.752986908, -40.1372833252, 35.7377586365, -29.448348999, -0.811661124229, -17.7117614746, 22.4893684387, -0.0696640238166, 23.1487369537, 34.5870780945, 128.431793213]],
        "icov": [[0.000473741267342, 0.0002424006816, 0.000463770265924, -0.000267967872787, 0.000666238833219, -0.000223202368943, 0.000119498799904, -0.000403847632697, -9.56400399446e-05, 0.000519017514307, -0.000171313629835, -0.000178961243364, 0.000916208664421], [0.0002424006816, 0.00981967989355, -0.00313048111275, 0.0050561116077, -0.00977038964629, 0.00358894607052, -0.00737307080999, 0.00431918120012, -0.00640856428072, 0.00613871403039, -0.00440759956837, 0.00549517944455, -0.00131459871773], [0.000463770265924, -0.00313048111275, 0.00388882937841, -0.00165062537417, 0.00397965637967, -0.00243682507426, 0.00337122473866, -0.00132170598954, 0.00237787142396, -0.00201885751449, 0.00304733659141, -0.00275648082606, 0.00225434685126], [-0.000267967872787, 0.0050561116077, -0.00165062537417, 0.00723370211199, -0.00551448063925, 0.00162110512611, -0.00318218348548, 0.00304246763699, -0.0043855397962, 0.004591436591, -0.000400127348257, 0.00163287995383, 0.000145842772326], [0.000666238833219, -0.00977038964629, 0.00397965637967, -0.00551448063925, 0.015926849097, -0.00289456034079, 0.00641836877912, -0.00445859087631, 0.00638165092096, -0.00441803736612, 0.0052385032177, -0.0053169936873, 0.00196722173132], [-0.000223202368943, 0.00358894607052, -0.00243682507426, 0.00162110512611, -0.00289456034079, 0.00866379868239, -0.00255704671144, 0.000905365741346, -0.000374133174773, -0.000661797705106, -0.000824351795018, 0.00352513883263, -0.00131498184055], [0.000119498799904, -0.00737307080999, 0.00337122473866, -0.00318218348548, 0.00641836877912, -0.00255704671144, 0.0116870645434, -0.00400518300012, 0.00447692163289, -0.00586175220087, 0.00254201004282, -0.00321954069659, 0.0024956013076], [-0.000403847632697, 0.00431918120012, -0.00132170598954, 0.00304246763699, -0.00445859087631, 0.000905365741346, -0.00400518300012, 0.0123454490677, -0.00501471338794, -0.000164655793924, -0.00195133301895, 0.000279356027022, 0.000705261365511], [-9.56400399446e-05, -0.00640856428072, 0.00237787142396, -0.0043855397962, 0.00638165092096, -0.000374133174773, 0.00447692163289, -0.00501471338794, 0.014166184701, -0.00566641520709, 0.00256648473442, -0.00264773052186, -0.000998533098027], [0.000519017514307, 0.00613871403039, -0.00201885751449, 0.004591436591, -0.00441803736612, -0.000661797705106, -0.00586175220087, -0.000164655793924, -0.00566641520709, 0.0157101582736, -0.00269082910381, 0.00153506838251, -0.000218599438085], [-0.000171313629835, -0.00440759956837, 0.00304733659141, -0.000400127348257, 0.0052385032177, -0.000824351795018, 0.00254201004282, -0.00195133301895, 0.00256648473442, -0.00269082910381, 0.0117858890444, -0.00217419536784, -0.000214885134483], [-0.000178961243364, 0.00549517944455, -0.00275648082606, 0.00163287995383, -0.0053169936873, 0.00352513883263, -0.00321954069659, 0.000279356027022, -0.00264773052186, 0.00153506838251, -0.00217419536784, 0.0147227467969, -0.0056181224063], [0.000916208664421, -0.00131459871773, 0.00225434685126, 0.000145842772326, 0.00196722173132, -0.00131498184055, 0.0024956013076, 0.000705261365511, -0.000998533098027, -0.000218599438085, -0.000214885134483, -0.0056181224063, 0.0128926401958]]
    },
    "melbands": {
        "max": [0.000289401621558, 0.00149375549518, 0.00352165149525, 0.0132686048746, 0.0154799139127, 0.00921619683504, 0.0107346903533, 0.00894665066153, 0.00245244568214, 0.00550291873515, 0.0023288121447, 0.000978316413239, 0.000922069419175, 0.000571582349949, 0.00341491866857, 0.00219873897731, 0.00213915575296, 0.00116636045277, 0.000766789074987, 0.00057648163056, 0.000705776386894, 0.000511812977493, 0.000426833255915, 0.000213070423342, 0.00021874383674, 0.000193314932403, 4.76193090435e-05, 6.5840438765e-05, 9.23066909309e-05, 2.85206970148e-05, 6.25131215202e-05, 4.70366467198e-05, 6.81808014633e-05, 8.3746148448e-05, 4.8483183491e-05, 4.95506355946e-05, 4.39765135525e-05, 9.82572237263e-05, 0.000135103429784, 0.000138015835546],
        "mean": [1.18684529298e-05, 2.69272804871e-05, 0.000220502726734, 0.00108611444011, 0.00148474157322, 0.000594256503973, 0.00028926433879, 0.00056100031361, 0.000159526593052, 0.00016828608932, 8.87815767783e-05, 3.81328281946e-05, 4.94656633236e-05, 1.94733638637e-05, 3.9741742512e-05, 3.24689463014e-05, 4.56585039501e-05, 3.51115995727e-05, 2.22936614591e-05, 1.38839159263e-05, 1.51638951138e-05, 1.35659720399e-05, 1.29220334202e-05, 7.85484735388e-06, 7.1048011705e-06, 4.44426450485e-06, 3.22642313222e-06, 2.9930540677e-06, 1.16737214739e-06, 5.32218678018e-07, 5.77300284021e-07, 7.68162237819e-07, 1.15688760616e-06, 1.51885899413e-06, 1.41677196552e-06, 1.09391328351e-06, 7.99717611244e-07, 1.6257107518e-06, 1.18421564821e-06, 6.15316992025e-07],
        "min": [8.26182713354e-08, 8.44946086431e-08, 2.46315352115e-07, 3.19032869811e-06, 3.69027907254e-06, 1.55501993504e-06, 4.52320676914e-07, 2.81456493667e-07, 4.53094202157e-07, 2.0358649877e-08, 8.0515754064e-09, 9.28901311426e-09, 8.1047268452e-08, 6.06161094652e-08, 3.97341182179e-08, 3.27901226171e-08, 6.66803856575e-08, 3.99932318373e-08, 2.10220214569e-08, 2.02407210992e-08, 6.41012309899e-09, 4.41110170613e-09, 2.7014777082e-09, 2.42874831358e-09, 1.42062273056e-09, 1.43856038193e-09, 1.19902077156e-09, 6.28267049496e-10, 7.04115543648e-10, 4.71669869828e-10, 4.23223844859e-10, 2.31361041436e-10, 2.7079710696e-10, 2.95671293005e-10, 2.69358757521e-10, 1.05337710776e-10, 1.30150112909e-10, 1.34416602848e-10, 8.80809869486e-11, 7.58423948644e-11],
        "stdev": [2.33836799453e-05, 6.70889930916e-05, 0.000379588687792, 0.00153707980644, 0.00214624311775, 0.00100346305408, 0.000656595220789, 0.000900176819414, 0.000233683225815, 0.000449232989922, 0.000178096524905, 7.7528267866e-05, 8.01656933618e-05, 3.85653365811e-05, 0.000130454427563, 9.30604655878e-05, 0.00013616392971, 8.7657928816e-05, 6.25460088486e-05, 3.62192258763e-05, 5.18806336913e-05, 4.35907677456e-05, 4.24176469096e-05, 2.12423219637e-05, 1.76126286533e-05, 1.16608471217e-05, 6.00838484388e-06, 6.37356242805e-06, 3.9563046812e-06, 1.75625427801e-06, 2.80505992123e-06, 2.81409711533e-06, 3.83573478757e-06, 4.47768843514e-06, 3.63005824511e-06, 2.96335861094e-06, 3.09399001708e-06, 7.33320621293e-06, 6.79177128404e-06, 5.38016729479e-06]
    },
    "melbands128": {
        "max": [0.000151606524014, 0.000219550507609, 0.000408865598729, 0.000929384841584, 0.00128352013417, 0.00207268120721, 0.00315610016696, 0.00340439123102, 0.0124069685116, 0.021442964673, 0.0303308088332, 0.0310857221484, 0.0224901661277, 0.0129295857623, 0.0179068353027, 0.014373681508, 0.0261903889477, 0.0111679341644, 0.00381459784694, 0.0105172470212, 0.0130662871525, 0.00476126605645, 0.00255880970508, 0.00434955302626, 0.00599094526842, 0.00935303699225, 0.00230007106438, 0.00437436299399, 0.00198694691062, 0.00202514696866, 0.00144561647903, 0.00116617849562, 0.00150938681327, 0.00167237606365, 0.000805365620181, 0.000995502341539, 0.00163707649335, 0.00187086709775, 0.00771024730057, 0.00465230178088, 0.000532921694685, 0.00131861702539, 0.00235350104049, 0.00586524326354, 0.00221108645201, 0.00118592719082, 0.00205990113318, 0.00172420882154, 0.00169937638566, 0.00188359653112, 0.00068191770697, 0.000243560585659, 0.000461574149085, 0.00180451094639, 0.00120735436212, 0.000530653342139, 0.000561252469197, 0.00104345160071, 0.000720388488844, 0.00023883805261, 0.000449256709544, 0.000458230264485, 0.000480889895698, 0.000199313348276, 0.000246039649937, 0.000345164182363, 0.000189587037312, 6.23436499154e-05, 8.72811942827e-05, 0.000100809797004, 0.000107428393676, 9.44629427977e-05, 9.61641489994e-05, 0.000133774010465, 5.4715317674e-05, 3.90694840462e-05, 2.66945080512e-05, 5.55901933694e-05, 4.85310338263e-05, 0.000111264322186, 4.95599342685e-05, 4.7877238103e-05, 6.72118694638e-05, 8.85491463123e-05, 7.22120676073e-05, 6.73839458614e-05, 0.000126256039948, 4.51176383649e-05, 4.73939689982e-05, 7.73389765527e-05, 7.77743771323e-05, 3.81525387638e-05, 5.31746882189e-05, 5.4781914514e-05, 6.60192381474e-05, 0.000100926648884, 0.000167710459209, 0.000169883074705, 0.000105091035948, 0.000154552632011, 0.000232984661125, 0.000132001427119, 8.37665356812e-05, 2.96198249998e-05, 4.05161626986e-05, 1.71092797245e-05, 1.26158511193e-05, 9.31365957513e-06, 6.02732188781e-06, 5.19489731232e-06, 5.81384892939e-06, 3.3469484606e-06, 7.81874859968e-07, 2.24855838837e-07, 1.25726407063e-09, 1.23478038905e-09, 1.20621646005e-09, 1.17819376477e-09, 1.15654552602e-09, 1.13216491737e-09, 1.10906905881e-09, 1.08707387536e-09, 1.07110831316e-09, 1.05729613953e-09, 1.0449604515e-09, 1.03175912258e-09, 1.02465935736e-09, 1.01921204809e-09],
        "mean": [5.89254250372e-06, 9.62186550169e-06, 1.31269098347e-05, 1.84338587133e-05, 2.38524680753e-05, 3.46782981069e-05, 4.61267991341e-05, 0.000179024034878, 0.000642385042738, 0.000636890763417, 0.00168006308377, 0.00240255170502, 0.00109838321805, 0.000899146485608, 0.000739127688576, 0.000315817131195, 0.000323499552906, 0.000313526106765, 0.000184012023965, 0.000591702177189, 0.000860717031173, 0.000172826825292, 5.49554024474e-05, 0.000105835140857, 0.000220636255108, 0.000185978569789, 7.70621772972e-05, 0.000117937233881, 4.52805179521e-05, 4.66548117402e-05, 2.85998121399e-05, 3.23922322423e-05, 6.40842408757e-05, 5.7948542235e-05, 1.43573670357e-05, 1.11945773824e-05, 1.92508705368e-05, 2.04571770155e-05, 7.91120328358e-05, 5.18041524629e-05, 1.17702247735e-05, 1.78932441486e-05, 4.26542610512e-05, 7.09321684553e-05, 3.90494242311e-05, 2.45120354521e-05, 3.5024171666e-05, 2.16884200199e-05, 1.7070577087e-05, 2.08326164284e-05, 1.3856588339e-05, 6.48847071716e-06, 8.47318005981e-06, 2.25276198762e-05, 2.36066880461e-05, 7.02673060005e-06, 9.35050957196e-06, 1.98330235435e-05, 1.09716238512e-05, 6.73366275805e-06, 8.83772918314e-06, 6.2491440076e-06, 1.02674530353e-05, 6.01398414801e-06, 4.87518900627e-06, 4.87512852487e-06, 4.03877493227e-06, 2.69309293799e-06, 3.06518131765e-06, 3.86722513213e-06, 3.4971774312e-06, 2.32746447182e-06, 1.55579914463e-06, 1.01716091194e-06, 6.31347404578e-07, 5.28181601567e-07, 4.82446296246e-07, 4.82190614548e-07, 5.40009409633e-07, 7.42745214666e-07, 7.40997506909e-07, 7.59469685363e-07, 8.90102910489e-07, 1.12462635116e-06, 1.43942168052e-06, 1.58559657848e-06, 1.58298462338e-06, 1.34858419187e-06, 1.35079812935e-06, 1.52231405082e-06, 1.4286052874e-06, 9.10993435355e-07, 6.27746999271e-07, 7.05811885382e-07, 8.44689111545e-07, 1.45436467847e-06, 1.98660472961e-06, 1.64038328876e-06, 1.23710253774e-06, 9.4291641517e-07, 7.32656133096e-07, 5.80189464472e-07, 4.63119960159e-07, 2.4143724886e-07, 2.04387035296e-07, 1.22805204228e-07, 9.62861932408e-08, 8.52340704682e-08, 5.95259237457e-08, 3.85861049779e-08, 3.17601589472e-08, 1.47071617107e-08, 4.55945414757e-09, 7.41285977046e-10, 5.38001544356e-12, 4.76183502351e-12, 4.13822058218e-12, 3.63927160976e-12, 3.54448588535e-12, 3.45759358644e-12, 3.37812612085e-12, 3.30797433716e-12, 3.24497438468e-12, 3.19145838229e-12, 3.14628227985e-12, 3.10964101691e-12, 3.08717005952e-12, 3.06853761151e-12],
        "min": [1.60355284606e-09, 1.42327385433e-08, 3.05810310408e-08, 3.39089325507e-08, 1.51981467411e-08, 9.4645784543e-09, 6.55490151047e-09, 1.9084358982e-08, 1.99537680601e-07, 1.00154659322e-06, 1.05383287519e-06, 4.70986691425e-07, 7.37067750833e-07, 2.001393824e-07, 2.26641915901e-07, 1.87793744999e-07, 1.74804029029e-07, 9.53373557877e-08, 6.68246897817e-08, 2.24535185112e-07, 3.10503935452e-07, 2.74517077514e-07, 3.52927358449e-08, 1.61851190228e-08, 1.28782131625e-08, 6.06732175612e-09, 2.34202079952e-09, 7.54425855121e-09, 5.73083758226e-09, 3.64065333436e-09, 3.88420229314e-09, 1.06106359254e-08, 5.75701761818e-08, 4.26840358614e-08, 1.8353141229e-08, 1.24631807097e-08, 1.91642541836e-08, 1.16425233898e-08, 2.81682233094e-08, 1.15198437456e-08, 5.35127719914e-09, 2.48482168175e-09, 1.76914909389e-08, 4.65087062196e-08, 7.32022353844e-09, 1.02529931212e-08, 6.69025590483e-09, 9.39780164799e-09, 9.41578193192e-09, 1.13282290215e-08, 1.50751215955e-08, 5.27178523058e-09, 1.92488469608e-09, 3.62336871618e-09, 7.8512440993e-09, 2.24142859828e-09, 1.58012969376e-09, 2.12928341625e-09, 1.4038280538e-09, 9.39803790345e-10, 9.46622336073e-10, 8.71340166686e-10, 8.31944790836e-10, 5.10858022551e-10, 9.68283231373e-10, 1.11650355628e-09, 7.98120902701e-10, 1.04490582853e-09, 5.60168966768e-10, 3.95886351479e-10, 3.80504877606e-10, 6.72479572028e-10, 4.71647942923e-10, 5.59666202271e-10, 8.5363570379e-11, 3.74053954477e-10, 3.80335679617e-10, 2.23074586581e-10, 2.85330203909e-10, 2.42466241529e-10, 1.42501066502e-10, 2.17212026143e-10, 1.8452799011e-10, 2.39626790632e-10, 1.61655952513e-10, 2.04556011019e-10, 2.42171005471e-10, 2.13268167015e-10, 1.77206804786e-10, 1.27653457249e-10, 6.96395788258e-11, 1.4566640949e-10, 7.55953008524e-11, 1.04680465685e-10, 1.91956187057e-10, 1.52215171023e-10, 1.2083171963e-10, 9.26343377006e-11, 8.63909846438e-11, 9.33758487198e-11, 7.12348652288e-11, 6.84662743167e-11, 8.94633464532e-11, 7.37346642077e-11, 2.291108709e-12, 8.39836772175e-13, 7.07014877416e-14, 5.28022077288e-14, 3.72199185806e-14, 2.29365392104e-14, 2.79150922484e-14, 2.31608928271e-14, 2.78172751896e-14, 2.72388431662e-14, 2.59235822641e-14, 2.32652303455e-14, 3.02503044857e-14, 2.74804051043e-14, 3.11707209794e-14, 2.5979803229e-14, 2.87254080114e-14, 3.27892349231e-14, 2.70854268647e-14, 2.50677537267e-14, 2.708900812e-14, 3.1867778273e-14, 2.36831801186e-14, 3.13848271915e-14],
        "stdev": [1.10994715214e-05, 1.92099923879e-05, 2.86510876322e-05, 5.21816691617e-05, 6.66036867187e-05, 0.000100869227026, 0.000139803989441, 0.00033926506876, 0.00123435398564, 0.00108847511001, 0.00308094685897, 0.00432550348341, 0.00213382067159, 0.00154525099788, 0.0015572225675, 0.000928591936827, 0.00129568972625, 0.00083087728126, 0.00032796911546, 0.000984546612017, 0.00152557319961, 0.000328352674842, 0.000169554521563, 0.000265070644673, 0.000555099744815, 0.000752874766476, 0.00017375779862, 0.000285367656033, 0.000132208107971, 0.000123972480651, 7.74260770413e-05, 8.58998246258e-05, 0.00012844891171, 0.000105980790977, 3.91956491512e-05, 4.04729580623e-05, 7.59433605708e-05, 7.1175811172e-05, 0.000318353442708, 0.000186644363566, 3.32028357661e-05, 7.24997444195e-05, 0.000156045309268, 0.000282739754766, 0.000143550074426, 7.54259672249e-05, 0.000125632970594, 9.26624270505e-05, 7.92940627434e-05, 8.81498417584e-05, 4.0871957026e-05, 1.53584205691e-05, 2.87119419227e-05, 0.000102372832771, 9.64720529737e-05, 2.71593289654e-05, 3.83014012186e-05, 7.73072824813e-05, 5.05904354213e-05, 2.19927896978e-05, 3.48305184161e-05, 2.13980292756e-05, 3.80351448257e-05, 1.60861618497e-05, 1.6878995666e-05, 1.89152087842e-05, 1.21905504784e-05, 5.93002232563e-06, 7.1231165748e-06, 9.61909699981e-06, 9.08869151317e-06, 6.3041256908e-06, 5.78982098887e-06, 4.8511951718e-06, 2.55060012933e-06, 1.91132312466e-06, 1.81592690751e-06, 2.48339824793e-06, 2.62651792582e-06, 4.48899436378e-06, 2.83263921119e-06, 2.71592261925e-06, 3.30532157022e-06, 4.50401603302e-06, 4.57520354757e-06, 5.28229929841e-06, 5.33481943421e-06, 3.54753888132e-06, 3.61510387847e-06, 4.37337439507e-06, 4.30947375207e-06, 2.28160547522e-06, 2.58162458522e-06, 3.02358580484e-06, 3.74665205527e-06, 6.38296796751e-06, 9.6771891549e-06, 9.00924351299e-06, 7.06061337041e-06, 6.84655742589e-06, 7.50083063394e-06, 5.54644748263e-06, 3.97824305765e-06, 1.79836058578e-06, 1.7532114498e-06, 8.97053212157e-07, 6.78996855186e-07, 5.88886166497e-07, 4.04651586905e-07, 2.60056225443e-07, 2.42173939569e-07, 1.33219458576e-07, 4.44172805203e-08, 8.35825275658e-09, 3.74135444847e-11, 3.58680515844e-11, 3.32034434669e-11, 3.18661416698e-11, 3.12720578599e-11, 3.0608647561e-11, 2.99807366433e-11, 2.93839813592e-11, 2.89487427085e-11, 2.85718705639e-11, 2.82357904419e-11, 2.78791885411e-11, 2.76863879045e-11, 2.753914978e-11]
    },
    "mfcc": {
        "mean": [-704.638244629, 140.678604126, -8.51915836334, -2.0830039978, -4.49501514435, -15.6946086884, -23.873960495, -13.9350185394, -25.7907333374, -3.65230512619, -12.4793787003, -9.02572059631, -5.46726512909],
        "cov": [[6877.34130859, -2277.27587891, 43.563041687, -138.908599854, -261.807434082, -280.560455322, -223.656158447, 289.539276123, -389.219726562, 397.353851318, -12.2996778488, -78.249961853, -152.467483521], [-2277.27587891, 1712.1262207, -443.381622314, 91.9666137695, 27.8981342316, 32.2931518555, 189.679794312, -52.3800964355, 93.3987579346, -78.7657394409, 50.4831695557, 89.5807952881, 58.32579422], [43.563041687, -443.381622314, 667.833312988, -95.5567626953, 63.9263076782, 82.1620101929, -55.7886047363, -17.9650821686, 24.7242774963, -41.8659973145, 16.7537937164, -27.2801589966, -8.48323535919], [-138.908599854, 91.9666137695, -95.5567626953, 295.839599609, 44.3819236755, 22.4386768341, -46.44896698, 52.2271385193, 20.0154724121, -50.5092582703, -26.009059906, 6.36795330048, 12.0304536819], [-261.807434082, 27.8981342316, 63.9263076782, 44.3819236755, 207.260513306, 23.6343803406, -47.0013885498, 2.04002094269, 12.9310312271, -40.6337089539, -38.7894821167, -26.3676223755, -4.86463880539], [-280.560455322, 32.2931518555, 82.1620101929, 22.4386768341, 23.6343803406, 160.035568237, 21.0840969086, -10.7989473343, 37.002746582, -24.9181690216, -3.36826205254, -18.6657943726, -5.56223869324], [-223.656158447, 189.679794312, -55.7886047363, -46.44896698, -47.0013885498, 21.0840969086, 174.694473267, -10.1625976562, -8.15119934082, 27.8973751068, 28.7386627197, 13.3665447235, -2.12170052528], [289.539276123, -52.3800964355, -17.9650821686, 52.2271385193, 2.04002094269, -10.7989473343, -10.1625976562, 112.438735962, -13.492603302, 2.53098034859, -4.44792079926, 7.12052822113, -0.713742434978], [-389.219726562, 93.3987579346, 24.7242774963, 20.0154724121, 12.9310312271, 37.002746582, -8.15119934082, -13.492603302, 164.37487793, -35.7802696228, 23.6014957428, 20.7543773651, 19.1138782501], [397.353851318, -78.7657394409, -41.8659973145, -50.5092582703, -40.6337089539, -24.9181690216, 27.8973751068, 2.53098034859, -35.7802696228, 147.735687256, 37.4401130676, -12.9272432327, -10.9288291931], [-12.2996778488, 50.4831695557, 16.7537937164, -26.009059906, -38.7894821167, -3.36826205254, 28.7386627197, -4.44792079926, 23.6014957428, 37.4401130676, 113.535835266, 39.8416137695, 13.1045894623], [-78.249961853, 89.5807952881, -27.2801589966, 6.36795330048, -26.3676223755, -18.6657943726, 13.3665447235, 7.12052822113, 20.7543773651, -12.9272432327, 39.8416137695, 95.0433349609, 36.4033317566], [-152.467483521, 58.32579422, -8.48323535919, 12.0304536819, -4.86463880539, -5.56223869324, -2.12170052528, -0.713742434978, 19.1138782501, -10.9288291931, 13.1045894623, 36.4033317566, 75.3195953369]],
        "icov": [[0.000458936818177, 0.000553273072001, 0.000235672807321, 8.65681286086e-05, 0.00026564579457, 0.000212908445974, 0.000242586247623, -0.000800556445029, 0.000452429580037, -0.000634738069493, -4.49550243502e-05, -0.000293717370369, 0.000488282821607], [0.000553273072001, 0.00166782725137, 0.000983714591712, -1.6677480744e-05, -0.000203731367947, 7.18966621207e-05, -0.000715576694347, -0.000482784293126, 0.00026460152003, -5.74237856199e-05, -0.000568599556573, -0.00066275766585, 0.000253098114626], [0.000235672807321, 0.000983714591712, 0.00258270069025, 0.000955824158154, -0.000695941678714, -0.00110923033208, 0.000308484944981, -0.000310315343086, 0.000156824433361, 0.00090288836509, -0.00132019538432, 0.000165212812135, -2.653762931e-05], [8.65681286086e-05, -1.6677480744e-05, 0.000955824158154, 0.00471371971071, -0.000538051535841, -0.00109476340003, 0.00136916711926, -0.00226641958579, -6.40073485556e-05, 0.00102914881427, 4.30475010944e-05, -6.54636096442e-05, -0.000365878193406], [0.00026564579457, -0.000203731367947, -0.000695941678714, -0.000538051535841, 0.00628823740408, -8.9908739028e-05, 0.00155940838158, -0.000621201412287, 9.55371870077e-05, 1.85094831977e-05, 0.00138445512857, 0.00106282357592, 0.000364481471479], [0.000212908445974, 7.18966621207e-05, -0.00110923033208, -0.00109476340003, -8.9908739028e-05, 0.00816944800317, -0.00170264800545, 0.000169474471477, -0.00136517896317, 0.000298901839415, 5.0735368859e-05, 0.00179944105912, 0.000487659533974], [0.000242586247623, -0.000715576694347, 0.000308484944981, 0.00136916711926, 0.00155940838158, -0.00170264800545, 0.0083112064749, -0.00079446908785, 0.00112964049913, -0.00143155502155, -0.000679325021338, -0.000686882121954, 0.0010186014697], [-0.000800556445029, -0.000482784293126, -0.000310315343086, -0.00226641958579, -0.000621201412287, 0.000169474471477, -0.00079446908785, 0.0117294713855, -0.000111055007437, 0.000634079973679, 0.000286365073407, -0.000926585344132, -0.000340269965818], [0.000452429580037, 0.00026460152003, 0.000156824433361, -6.40073485556e-05, 9.55371870077e-05, -0.00136517896317, 0.00112964049913, -0.000111055007437, 0.00796979572624, 0.000861954817083, -0.00200252514333, -0.00082052993821, -0.000477489666082], [-0.000634738069493, -5.74237856199e-05, 0.00090288836509, 0.00102914881427, 1.85094831977e-05, 0.000298901839415, -0.00143155502155, 0.000634079973679, 0.000861954817083, 0.0109356055036, -0.00442485231906, 0.00340902479365, -0.000823921407573], [-4.49550243502e-05, -0.000568599556573, -0.00132019538432, 4.30475010944e-05, 0.00138445512857, 5.0735368859e-05, -0.000679325021338, 0.000286365073407, -0.00200252514333, -0.00442485231906, 0.0136633887887, -0.00545938592404, 0.000397995667299], [-0.000293717370369, -0.00066275766585, 0.000165212812135, -6.54636096442e-05, 0.00106282357592, 0.00179944105912, -0.000686882121954, -0.000926585344132, -0.00082052993821, 0.00340902479365, -0.00545938592404, 0.0172079466283, -0.00654305657372], [0.000488282821607, 0.000253098114626, -2.653762931e-05, -0.000365878193406, 0.000364481471479, 0.000487659533974, 0.0010186014697, -0.000340269965818, -0.000477489666082, -0.000823921407573, 0.000397995667299, -0.00654305657372, 0.017304411158]]
    },
    "spectral_contrast_coeffs": {
        "max": [-0.268518269062, -0.425052136183, -0.549772799015, -0.598039388657, -0.587272882462, -0.638622999191],
        "mean": [-0.520832180977, -0.69874560833, -0.738642156124, -0.77591496706, -0.782178461552, -0.800729334354],
        "min": [-0.819931209087, -0.908680438995, -0.892339766026, -0.896926283836, -0.905933082104, -0.953011751175],
        "stdev": [0.0873437821865, 0.0678985118866, 0.0584225393832, 0.0458330847323, 0.0493987612426, 0.0392769724131]
    },
    "spectral_contrast_valleys": {
        "max": [-5.44137907028, -5.14805269241, -5.93030643463, -6.18063688278, -6.1992354393, -7.41895246506],
        "mean": [-8.22547531128, -6.91792392731, -8.05037021637, -8.06326580048, -8.50426006317, -10.9740409851],
        "min": [-10.8440465927, -9.42113399506, -10.6593017578, -10.3093900681, -11.0773067474, -13.294002533],
        "stdev": [0.710083663464, 0.765334010124, 0.813997149467, 0.749520003796, 0.917073667049, 1.16464853287]
    }
},
"rhythm": {
    "beats_count": 82,
    "beats_loudness": {
        "max": 0.0862796828151,
        "mean": 0.0226227473468,
        "min": 0.00113762065303,
        "stdev": 0.0180687718093
    },
    "bpm": 153.231948853,
    "bpm_histogram_first_peak_bpm": 152,
    "bpm_histogram_first_peak_weight": 0.120000004768,
    "bpm_histogram_second_peak_bpm": 161,
    "bpm_histogram_second_peak_spread": 0.393939375877,
    "bpm_histogram_second_peak_weight": 0.246913582087,
    "danceability": 0.938592553139,
    "onset_rate": 2.30712866783,
    "beats_loudness_band_ratio": {
        "max": [0.815556943417, 0.953967988491, 0.87221634388, 0.328007936478, 0.405090272427, 0.297372788191],
        "mean": [0.107945419848, 0.489418774843, 0.322504758835, 0.0813225358725, 0.0636415854096, 0.0283885672688],
        "min": [0.00143462372944, 0.0461629703641, 0.0252612549812, 0.00468469457701, 0.00140534609091, 0.000197251531063],
        "stdev": [0.17634794116, 0.220384985209, 0.204882442951, 0.0744644924998, 0.0809143409133, 0.0492636412382]
    },
