{
"metadata": {
    "version": {
        "essentia": "2.1-beta5",
        "essentia_git_sha": "Undefined",
        "extractor": "music 2.0"
    },
    "audio_properties": {
        "analysis": {
            "equal_loudness": 0,
            "length": 12.7477550507,
            "sample_rate": 44100,
            "start_time": 0,
            "downmix": "mix"
        },
        "bit_rate": 192000,
        "length": 221.007537842,
        "lossless": 0,
        "number_channels": 2,
        "replay_gain": 0.266189575195,
        "sample_rate": 48000,
        "codec": "mp3",
        "md5_encoded": "d616470adac10ad3e8b765c8339c2fbd"
    },
    "tags": {
        "file_name": "Croatia_Sveta Ljubav_Maja Blagdan.mp3",
        "encoding": ["Lavf58.29.100"]
    }
},
"lowlevel": {
    "average_loudness": 0.000472541432828,
    "barkbands_crest": {
        "max": 18.9022922516,
        "mean": 6.64795589447,
        "min": 2.34359240532,
        "stdev": 1.44502925873
    },
    "barkbands_flatness_db": {
        "max": 0.20313808322,
        "mean": 0.0831634998322,
        "min": 0.0183479767293,
        "stdev": 0.0251867361367
    },
    "barkbands_kurtosis": {
        "max": 9.18753051758,
        "mean": 2.75856256485,
        "min": -1.49244904518,
        "stdev": 1.38393032551
    },
    "barkbands_skewness": {
        "max": 2.16828393936,
        "mean": -1.38999187946,
        "min": -2.2988474369,
        "stdev": 0.995178997517
    },
    "barkbands_spread": {
        "max": 70.5462722778,
        "mean": 25.223279953,
        "min": 4.83468914032,
        "stdev": 5.92019844055
    },
    "dissonance": {
        "max": 0.499990880489,
        "mean": 0.490810781717,
        "min": 0.37642544508,
        "stdev": 0.0116170793772
    },
    "dynamic_complexity": 12.0538854599,
    "erbbands_crest": {
        "max": 18.8390827179,
        "mean": 4.17736768723,
        "min": 2.68836164474,
        "stdev": 2.01199316978
    },
    "erbbands_flatness_db": {
        "max": 0.299059271812,
        "mean": 0.117528550327,
        "min": 0.0692206695676,
        "stdev": 0.0431792028248
    },
    "erbbands_kurtosis": {
        "max": 4.51445627213,
        "mean": 0.133120834827,
        "min": -1.42528641224,
        "stdev": 0.536142766476
    },
    "erbbands_skewness": {
        "max": 2.00544452667,
        "mean": -0.461029261351,
        "min": -1.42794835567,
        "stdev": 0.469002425671
    },
    "erbbands_spread": {
        "max": 58.0688591003,
        "mean": 34.2459487915,
        "min": 10.3425798416,
        "stdev": 6.54380130768
    },
    "hfc": {
        "max": 539.460510254,
        "mean": 8.67402458191,
        "min": 1.02181224022e-16,
        "stdev": 42.0006484985
    },
    "loudness_ebu128": {
        "integrated": -19.8641853333,
        "loudness_range": 14.0661830902,
        "momentary": {
            "max": -16.2200508118,
            "mean": -247.385177612,
            "min": -300.691009521,
            "stdev": 107.095718384
        },
        "short_term": {
            "max": -22.0395946503,
            "mean": -235.2109375,
            "min": -300.691009521,
            "stdev": 113.287269592
        }
    },
    "melbands_crest": {
        "max": 21.1491355896,
        "mean": 3.55452036858,
        "min": 1.57338857651,
        "stdev": 3.02216506004
    },
    "melbands_flatness_db": {
        "max": 0.262819260359,
        "mean": 0.0281321592629,
        "min": 0.00287175248377,
        "stdev": 0.0494047440588
    },
    "melbands_kurtosis": {
        "max": 13.6576499939,
        "mean": -0.474058836699,
        "min": -1.48062694073,
        "stdev": 1.97056353092
    },
    "melbands_skewness": {
        "max": 3.33236050606,
        "mean": 0.215557232499,
        "min": -0.902835011482,
        "stdev": 0.557105779648
    },
    "melbands_spread": {
        "max": 168.74911499,
        "mean": 113.482269287,
        "min": 6.34671878815,
        "stdev": 40.5244941711
    },
    "pitch_salience": {
        "max": 0.904491901398,
        "mean": 0.781861126423,
        "min": 0.522466242313,
        "stdev": 0.0311572439969
    },
    "silence_rate_20dB": {
        "max": 1,
        "mean": 0.994545459747,
        "min": 0,
        "stdev": 0.0736532136798
    },
    "silence_rate_30dB": {
        "max": 1,
        "mean": 0.980000019073,
        "min": 0,
        "stdev": 0.139999940991
    },
    "silence_rate_60dB": {
        "max": 1,
        "mean": 0.869090914726,
        "min": 0,
        "stdev": 0.337300747633
    },
    "spectral_centroid": {
        "max": 12219.5810547,
        "mean": 9298.66796875,
        "min": 653.490844727,
        "stdev": 3558.55517578
    },
    "spectral_complexity": {
        "max": 55,
        "mean": 4.57636356354,
        "min": 0,
        "stdev": 12.2762365341
    },
    "spectral_decrease": {
        "max": 3.06412276368e-28,
        "mean": -1.84102666445e-09,
        "min": -1.61746498861e-07,
        "stdev": 1.03761204073e-08
    },
    "spectral_energy": {
        "max": 0.645220398903,
        "mean": 0.00773521512747,
        "min": 9.72419472509e-21,
        "stdev": 0.0420326702297
    },
    "spectral_energyband_high": {
        "max": 0.0400722324848,
        "mean": 0.00034889797098,
        "min": 6.88296503029e-21,
        "stdev": 0.00251670111902
    },
    "spectral_energyband_low": {
        "max": 0.0453634113073,
        "mean": 0.000532903824933,
        "min": 5.28939677762e-24,
        "stdev": 0.00305746402591
    },
    "spectral_energyband_middle_high": {
        "max": 0.111534617841,
        "mean": 0.00235061440617,
        "min": 1.03634734663e-21,
        "stdev": 0.00909409206361
    },
    "spectral_energyband_middle_low": {
        "max": 0.579540967941,
        "mean": 0.00471548410133,
        "min": 1.07341022815e-22,
        "stdev": 0.0344437621534
    },
    "spectral_entropy": {
        "max": 9.83212757111,
        "mean": 9.43750953674,
        "min": 6.9975810051,
        "stdev": 0.763474166393
    },
    "spectral_flux": {
        "max": 0.637366235256,
        "mean": 0.0197470095009,
        "min": 6.26334192844e-11,
        "stdev": 0.0652899816632
    },
    "spectral_kurtosis": {
        "max": 15.1392307281,
        "mean": -0.128628149629,
        "min": -1.2633728981,
        "stdev": 2.46284246445
    },
    "spectral_rms": {
        "max": 0.0250895060599,
        "mean": 0.000841568049509,
        "min": 3.08010062768e-12,
        "stdev": 0.00261501758359
    },
    "spectral_rolloff": {
        "max": 20198.1445312,
        "mean": 15753.4599609,
        "min": 559.86328125,
        "stdev": 6306.86523438
    },
    "spectral_skewness": {
        "max": 2.61638522148,
        "mean": 0.283855170012,
        "min": -0.106682516634,
        "stdev": 0.609745502472
    },
    "spectral_spread": {
        "max": 43274988,
        "mean": 33585720,
        "min": 2247858,
        "stdev": 14417914
    },
    "spectral_strongpeak": {
        "max": 9.93207550049,
        "mean": 0.211890622973,
        "min": 0,
        "stdev": 0.8313575387
    },
    "zerocrossingrate": {
        "max": 0.78564453125,
        "mean": 0.425493597984,
        "min": 0.029296875,
        "stdev": 0.16199234128
    },
    "barkbands": {
        "max": [0.000387042731745, 0.0110889887437, 0.0225631184876, 0.0213820766658, 0.0407919362187, 0.0507075712085, 0.156507641077, 0.451710373163, 0.0280764512718, 0.0136375175789, 0.00221977429464, 0.00676559796557, 0.0171361546963, 0.0380448997021, 0.0102120023221, 0.0131836924702, 0.00793462339789, 0.0522077605128, 0.038915451616, 0.0291509460658, 0.0103684952483, 0.0135889891535, 0.00502420822158, 0.00128300650977, 0.000156708672876, 1.69641625689e-05, 7.11713391865e-06],
        "mean": [3.08518951897e-06, 0.000160111711011, 0.00023487440194, 0.000305168214254, 0.000669761444442, 0.000741524272598, 0.00105000846088, 0.00152713991702, 0.000301310472423, 0.000444423611043, 8.26025061542e-05, 0.000173903579707, 0.00017691924586, 0.000303888897179, 0.000220289919525, 0.000187805373571, 0.000155883695697, 0.000250104611041, 0.000265012204181, 0.00022536306642, 8.61768639879e-05, 7.88928227848e-05, 6.62134189042e-05, 2.03752533707e-05, 3.71240298591e-06, 6.41504698251e-07, 2.50504434973e-08],
        "min": [5.9698232294e-26, 1.88028191646e-24, 4.35617718637e-25, 4.74317311798e-25, 3.27009153725e-24, 4.6241756198e-24, 4.71891978667e-24, 4.04553352405e-24, 9.77012908586e-24, 1.08548798837e-23, 1.1472997368e-23, 1.91965167654e-23, 1.98968800989e-23, 2.54878623449e-23, 3.41575762219e-23, 3.40278022921e-23, 5.36320591713e-23, 8.41053709759e-23, 1.05425586495e-22, 1.5401389623e-22, 1.69787845295e-22, 2.35736377158e-22, 3.61559211913e-22, 5.22614316501e-22, 7.42690959031e-22, 1.24395675568e-21, 1.6604332074e-21],
        "stdev": [2.56040875684e-05, 0.000811573467217, 0.00161218701396, 0.00164457771461, 0.00392675073817, 0.00442950287834, 0.00876151863486, 0.0208143442869, 0.00168899132404, 0.00138713221531, 0.000258238957031, 0.000590899609961, 0.000955018389504, 0.0020384369418, 0.00088152824901, 0.000816984567791, 0.000622833613306, 0.0025844052434, 0.00229484052397, 0.00157027237583, 0.000640485261101, 0.000707119645085, 0.000424143567216, 0.00011193008686, 1.30086946228e-05, 2.07008565667e-06, 3.38961257285e-07]
    },
    "erbbands": {
        "max": [0.334412664175, 2.42196726799, 13.6932029724, 77.1212844849, 63.6314582825, 225.898117065, 355.164733887, 552.518615723, 1666.69030762, 6146.67236328, 4995.02490234, 551.559570312, 684.032043457, 247.116271973, 114.166404724, 381.003753662, 487.270202637, 1270.82263184, 1257.94677734, 444.471221924, 736.684753418, 530.503051758, 3098.95166016, 1990.1763916, 1597.39538574, 1763.82531738, 647.435424805, 335.317169189, 596.396728516, 181.88293457, 165.482147217, 61.5656394958, 10.9980020523, 2.73374676704, 0.568850934505, 0.166793555021, 0.0187643263489, 0.00514955446124, 0.00123963516671, 0.000752590713091],
        "mean": [0.00225177244283, 0.0451730936766, 0.222274452448, 0.705451786518, 1.31336915493, 2.31250953674, 3.8838224411, 7.46283483505, 12.9727306366, 29.5907497406, 20.4450340271, 7.46641254425, 11.7332277298, 10.4797830582, 4.21019744873, 7.75180673599, 7.44592571259, 13.9673252106, 14.2210493088, 10.5298748016, 10.6103963852, 9.01994800568, 14.9315624237, 12.6250104904, 12.9191627502, 10.4915542603, 5.04618501663, 2.93387794495, 3.13143444061, 1.92336761951, 1.90238130093, 0.815856277943, 0.19045907259, 0.0569087453187, 0.0200002677739, 0.00612089317292, 0.000459845992737, 3.71942696802e-05, 9.65841081779e-06, 1.02587382571e-05],
        "min": [5.26286186335e-23, 4.14413801331e-22, 1.14289249083e-21, 1.27890119857e-21, 9.47293699844e-21, 1.01821829814e-20, 2.55818480661e-20, 5.5919438586e-20, 1.01675528705e-19, 1.16921346274e-19, 1.8793977787e-19, 2.88381967358e-19, 3.57034830423e-19, 4.33521585027e-19, 6.6353740402e-19, 8.7961186927e-19, 1.11896826344e-18, 1.79455551763e-18, 1.65824121917e-18, 2.21919799087e-18, 3.21558708312e-18, 3.88752429946e-18, 4.41159243476e-18, 5.84520024748e-18, 6.51222959446e-18, 6.68093101244e-18, 8.09316654608e-18, 8.88937834368e-18, 8.88657502859e-18, 9.91145098036e-18, 1.04174547318e-17, 1.02251625364e-17, 8.34927489862e-18, 6.94400918882e-18, 5.91607763186e-18, 3.7192021438e-18, 2.2874364623e-18, 9.36863004019e-19, 1.89177601958e-19, 2.25394131497e-20],
        "stdev": [0.0170426443219, 0.212842553854, 1.1982049942, 4.53819561005, 6.53172159195, 16.0429039001, 24.251083374, 45.5897293091, 96.9137573242, 344.559509277, 256.432281494, 41.2390098572, 46.8109817505, 30.8230266571, 12.552107811, 28.2429656982, 33.9177017212, 83.9665603638, 75.6820449829, 42.661239624, 46.4382972717, 37.3418121338, 156.722091675, 112.582458496, 93.936882019, 85.1635894775, 38.3658103943, 20.7595062256, 29.9407463074, 12.700797081, 12.8629322052, 4.99837636948, 0.918883740902, 0.215526357293, 0.0644130557775, 0.0191172678024, 0.00176370423287, 0.000298815954011, 6.83776816004e-05, 5.25189352629e-05]
    },
    "gfcc": {
        "mean": [-1044.5333252, 11.5164747238, -33.1863212585, 4.36628246307, -13.3483352661, 4.33217382431, -6.85960817337, 2.45712471008, -3.93300151825, -0.625826537609, -2.86412382126, -1.22492003441, -0.468990474939],
        "cov": [[219567.171875, 12267.1845703, -32177.0058594, 4421.13037109, -12977.2871094, 3985.40380859, -6718.99902344, 2215.10571289, -3790.78515625, -673.114440918, -2661.49804688, -1265.69543457, -402.695739746], [12267.1845703, 1061.64733887, -1554.83825684, 261.222412109, -656.971252441, 144.008178711, -440.871002197, 63.3277397156, -213.772857666, -31.3778133392, -142.370056152, -96.1376647949, -25.1421394348], [-32177.0058594, -1554.83825684, 4982.11279297, -598.55090332, 1971.38793945, -667.434631348, 952.827270508, -393.155273438, 558.025817871, 95.7529754639, 405.502197266, 161.218643188, 48.5579376221], [4421.13037109, 261.222412109, -598.55090332, 166.754959106, -245.498321533, 76.8645858765, -132.563064575, 24.9096755981, -76.9491958618, -27.7345790863, -47.766204834, -33.555896759, -9.11763763428], [-12977.2871094, -656.971252441, 1971.38793945, -245.498321533, 803.996276855, -247.490036011, 390.540252686, -148.804138184, 223.890274048, 39.1449661255, 159.456970215, 69.5132446289, 25.7795581818], [3985.40380859, 144.008178711, -667.434631348, 76.8645858765, -247.490036011, 132.058624268, -107.452423096, 65.6501617432, -76.6957626343, -10.6921253204, -61.3025970459, -13.7343196869, -3.38237190247], [-6718.99902344, -440.871002197, 952.827270508, -132.563064575, 390.540252686, -107.452423096, 235.40322876, -57.5008239746, 121.969108582, 15.1239881516, 85.4823989868, 41.3271865845, 15.1494998932], [2215.10571289, 63.3277397156, -393.155273438, 24.9096755981, -148.804138184, 65.6501617432, -57.5008239746, 49.346572876, -37.2470474243, -2.61400961876, -31.4972896576, -4.1315331459, -2.96495485306], [-3790.78515625, -213.772857666, 558.025817871, -76.9491958618, 223.890274048, -76.6957626343, 121.969108582, -37.2470474243, 82.8916015625, 17.1983337402, 53.5920028687, 19.094959259, 3.89589548111], [-673.114440918, -31.3778133392, 95.7529754639, -27.7345790863, 39.1449661255, -10.6921253204, 15.1239881516, -2.61400961876, 17.1983337402, 22.1163234711, 10.2107925415, 5.17687940598, -2.8865032196], [-2661.49804688, -142.370056152, 405.502197266, -47.766204834, 159.456970215, -61.3025970459, 85.4823989868, -31.4972896576, 53.5920028687, 10.2107925415, 45.0122375488, 15.5079441071, 5.70507335663], [-1265.69543457, -96.1376647949, 161.218643188, -33.555896759, 69.5132446289, -13.7343196869, 41.3271865845, -4.1315331459, 19.094959259, 5.17687940598, 15.5079441071, 18.1064128876, 7.06406068802], [-402.695739746, -25.1421394348, 48.5579376221, -9.11763763428, 25.7795581818, -3.38237190247, 15.1494998932, -2.96495485306, 3.89589548111, -2.8865032196, 5.70507335663, 7.06406068802, 15.7846345901]],
        "icov": [[0.000603900873102, -0.0019606903661, 0.00321090919897, -0.00168053712696, 0.00101966015063, 0.00145553285256, -0.00181785726454, 0.00254913978279, 0.00166373723187, -0.0012089140946, 0.000707528961357, -0.000663866521791, 0.00171502167359], [-0.0019606903661, 0.0134164271876, -0.0125471157953, 0.00566209806129, -0.00221400032751, -0.00623860163614, 0.0242901332676, -0.0100485533476, -0.00412731198594, 0.0055516124703, -0.00921664293855, 0.0179001782089, -0.0123487925157], [0.00321090919897, -0.0125471157953, 0.0334152467549, -0.00884247478098, -0.0226862728596, 0.0227701589465, -0.0237210839987, 0.0298759788275, 0.0110841821879, -0.0107729388401, 0.00893670786172, -0.0162557661533, 0.0236768946052], [-0.00168053712696, 0.00566209806129, -0.00884247478098, 0.0264278482646, 0.000253073463682, -0.0211203433573, 0.0143375406042, 0.0114288181067, -0.00513847684488, 0.0220485981554, -0.0267785247415, 0.0151377143338, 0.000263826630544], [0.00101966015063, -0.00221400032751, -0.0226862728596, 0.000253073463682, 0.071897290647, -0.0220516249537, -0.0035064178519, 0.0123231066391, -0.0135954292491, -0.00368471140973, 0.00978487823159, -0.00390401505865, -0.0231535248458], [0.00145553285256, -0.00623860163614, 0.0227701589465, -0.0211203433573, -0.0220516249537, 0.0709880292416, -0.0378135107458, -0.0185760334134, 0.0244300533086, -0.0324862524867, 0.0568854138255, -0.0199902076274, 0.00539393164217], [-0.00181785726454, 0.0242901332676, -0.0237210839987, 0.0143375406042, -0.0035064178519, -0.0378135107458, 0.112010464072, -0.0350695103407, -0.0309240594506, 0.0474330931902, -0.0642029494047, 0.0438065677881, -0.0229926537722], [0.00254913978279, -0.0100485533476, 0.0298759788275, 0.0114288181067, 0.0123231066391, -0.0185760334134, -0.0350695103407, 0.167261704803, -0.0267104934901, -0.0124732907861, 0.0316388569772, -0.0697834566236, 0.0287986919284], [0.00166373723187, -0.00412731198594, 0.0110841821879, -0.00513847684488, -0.0135954292491, 0.0244300533086, -0.0309240594506, -0.0267104934901, 0.119789682329, -0.033881880343, -0.0496176965535, 0.0415963977575, 0.0144624086097], [-0.0012089140946, 0.0055516124703, -0.0107729388401, 0.0220485981554, -0.00368471140973, -0.0324862524867, 0.0474330931902, -0.0124732907861, -0.033881880343, 0.0979567617178, -0.0484421737492, 0.00243206997402, 0.01776256226], [0.000707528961357, -0.00921664293855, 0.00893670786172, -0.0267785247415, 0.00978487823159, 0.0568854138255, -0.0642029494047, 0.0316388569772, -0.0496176965535, -0.0484421737492, 0.212005868554, -0.0794747918844, -0.0134891634807], [-0.000663866521791, 0.0179001782089, -0.0162557661533, 0.0151377143338, -0.00390401505865, -0.0199902076274, 0.0438065677881, -0.0697834566236, 0.0415963977575, 0.00243206997402, -0.0794747918844, 0.205924093723, -0.0559866949916], [0.00171502167359, -0.0123487925157, 0.0236768946052, 0.000263826630544, -0.0231535248458, 0.00539393164217, -0.0229926537722, 0.0287986919284, 0.0144624086097, 0.01776256226, -0.0134891634807, -0.0559866949916, 0.110809333622]]
    },
    "melbands": {
        "max": [0.00308658299036, 0.00629214569926, 0.0101490169764, 0.00946368370205, 0.0120582887903, 0.0111425863579, 0.0232043322176, 0.0870694667101, 0.0316994339228, 0.00377000356093, 0.00349509436637, 0.00105441873893, 0.000336505938321, 0.000566494534723, 0.00191361014731, 0.00212961761281, 0.00259870220907, 0.00253127398901, 0.000708892766852, 0.000707090599462, 0.000839381245896, 0.000302722473862, 0.00181908998638, 0.00285253161564, 0.0014688995434, 0.00154208531603, 0.000911546114367, 0.00113687745761, 0.000513390346896, 0.000198888214072, 0.000190638049389, 0.000292702461593, 0.000313675409416, 8.04660958238e-05, 0.000104206119431, 8.30198987387e-05, 2.19123467105e-05, 1.02555568446e-05, 3.89336901208e-06, 1.70823966528e-06],
        "mean": [3.22576343024e-05, 0.000103553000372, 0.00014240166638, 0.000121530756587, 0.000139316383866, 0.000163992415764, 0.000198706795345, 0.000358670076821, 0.000131206063088, 4.58012800664e-05, 6.03599437454e-05, 4.61239505967e-05, 1.18584130178e-05, 2.01121511054e-05, 1.653637446e-05, 1.9400176825e-05, 2.65562157438e-05, 2.44591301453e-05, 1.56660335051e-05, 1.28142255562e-05, 1.22624769574e-05, 9.088720617e-06, 1.08997464849e-05, 1.27363846332e-05, 9.90893931885e-06, 1.03975098682e-05, 8.8867445811e-06, 6.33202580502e-06, 3.4873792174e-06, 1.86974079952e-06, 1.65547817232e-06, 1.763637556e-06, 1.42966882777e-06, 9.84162511486e-07, 1.0923482705e-06, 9.47371574966e-07, 3.33615531645e-07, 1.39376268748e-07, 6.963411181e-08, 3.87141341207e-08],
        "min": [8.67915023116e-25, 6.10275467357e-25, 6.09507461962e-25, 7.53971707447e-25, 9.82807584973e-25, 1.02317783762e-24, 1.46772107367e-24, 1.7524176217e-24, 1.47949147002e-24, 1.52900590246e-24, 1.57297927729e-24, 1.40299927652e-24, 1.88329812613e-24, 1.89320799404e-24, 2.08393957256e-24, 2.54684610998e-24, 2.97509147972e-24, 1.88384599003e-24, 2.3612080091e-24, 2.16625247486e-24, 3.03787198879e-24, 3.58617311362e-24, 3.13013006051e-24, 4.18614443053e-24, 3.43550068072e-24, 3.94961513772e-24, 3.53641334544e-24, 4.0202099057e-24, 3.91385804504e-24, 3.43681610628e-24, 4.37530025939e-24, 5.12168771019e-24, 3.78663095267e-24, 4.82958158888e-24, 5.13622010578e-24, 5.08278464022e-24, 4.8556080823e-24, 5.36000732282e-24, 5.50692951097e-24, 5.6523761348e-24],
        "stdev": [0.000182321615284, 0.0005233939155, 0.000734367349651, 0.000703100929968, 0.000863391032908, 0.000987029867247, 0.00145605369471, 0.00436461390927, 0.00163467868697, 0.000251358054811, 0.000238470180193, 0.000136045768159, 3.66024432878e-05, 6.34211100987e-05, 9.30255919229e-05, 0.000108879452455, 0.000163740594871, 0.000145079829963, 6.28152556601e-05, 5.40054206795e-05, 5.44304857613e-05, 3.46884953615e-05, 9.28428707994e-05, 0.000139515235787, 8.67795388331e-05, 9.04215412447e-05, 5.65183036088e-05, 5.44432114111e-05, 2.73780424322e-05, 1.30250055008e-05, 1.17533954835e-05, 1.56542882905e-05, 1.4812379959e-05, 5.95933988734e-06, 7.67404799262e-06, 6.31293733022e-06, 1.92381958186e-06, 7.00630948813e-07, 2.84055005295e-07, 1.42582635476e-07]
    },
    "melbands128": {
        "max": [0.000367531785741, 0.00242763222195, 0.00458079390228, 0.00375296571292, 0.00496057793498, 0.0151000712067, 0.0199736692011, 0.00665943138301, 0.00862835627049, 0.0128163732588, 0.0168166514486, 0.0183154623955, 0.0161138158292, 0.0127905178815, 0.0196700189263, 0.0205930136144, 0.0260542966425, 0.0362073741853, 0.0353355519474, 0.0915194004774, 0.178816333413, 0.066099062562, 0.01004609745, 0.00336639606394, 0.00360301719047, 0.00716176908463, 0.00676415488124, 0.0024228875991, 0.00187141750939, 0.00204428611323, 0.000920332153328, 0.000341819715686, 0.000516309519298, 0.000358620483894, 0.000410639273468, 0.00100845447741, 0.000809624500107, 0.00321030267514, 0.00181254791096, 0.000540765409824, 0.00191660714336, 0.00608214223757, 0.00365236331709, 0.00160823680926, 0.00521037587896, 0.00232967920601, 0.000767574529164, 0.000848031835631, 0.00101750215981, 0.000843634537887, 0.000529815035407, 0.00124157755636, 0.00132445932832, 0.000630146882031, 0.000535716302693, 0.000364857609384, 0.000374114402803, 0.00123603560496, 0.00166230357718, 0.00456931069493, 0.00339237833396, 0.001449752599, 0.00061137083685, 0.00207801349461, 0.00215173908509, 0.00155383197125, 0.00139928061981, 0.000475769396871, 0.000876171165146, 0.00203424645588, 0.00177221430931, 0.000801170594059, 0.000566500471905, 0.000527718686499, 0.000367844797438, 0.000233057508012, 0.000143062788993, 0.000221138820052, 0.000190062564798, 0.000177301335498, 0.000119275406178, 0.000382462254493, 0.000637033430394, 0.000324073422235, 9.08166184672e-05, 0.000123515186715, 6.88143845764e-05, 0.000204602518352, 0.000113239555503, 0.000156769252499, 0.000120830482047, 9.07595822355e-05, 5.15524370712e-05, 2.54666920227e-05, 2.21427235374e-05, 1.20480963233e-05, 9.57830707193e-06, 4.76330797028e-06, 4.64155118607e-06, 2.95472045764e-06, 2.67981135949e-06, 1.5502023416e-06, 1.03767627024e-06, 1.07394953375e-06, 6.60316004542e-07, 5.06279434376e-07, 7.25283427983e-07, 4.22043996195e-07, 3.38088511853e-07, 2.25187335445e-07, 1.71032581875e-07, 4.84083848562e-08, 4.43175132148e-08, 4.20959374026e-08, 4.00723862981e-08, 4.36517098024e-08, 3.64782444251e-08, 3.48185515975e-08, 3.33803384933e-08, 3.20263318088e-08, 3.06481311441e-08, 2.9674533053e-08, 2.87537158528e-08, 2.80043490619e-08, 2.73948277396e-08, 2.68225992528e-08, 2.6441586698e-08, 2.62170392062e-08],
        "mean": [2.12596523852e-06, 1.06289016912e-05, 3.71784371964e-05, 8.71328811627e-05, 9.76533337962e-05, 0.000126639497466, 0.00013684440637, 0.000162291529705, 0.000133076275233, 9.16380231502e-05, 0.00012976450671, 0.000170934625203, 0.000127579769469, 0.000113926056656, 0.00017379950441, 0.000179422728252, 0.000197792280233, 0.000207824356039, 0.000177985188202, 0.000345226289937, 0.000507812248543, 0.000265939044766, 4.95893436891e-05, 2.81681113847e-05, 3.82775469916e-05, 6.07436231803e-05, 4.81223942188e-05, 6.13372612861e-05, 6.63675964461e-05, 6.79687072989e-05, 3.46835768141e-05, 1.07186242531e-05, 1.15204538815e-05, 1.09180473373e-05, 1.28558240249e-05, 3.14144199365e-05, 1.81009290827e-05, 1.6643492927e-05, 1.35874506668e-05, 1.34821493702e-05, 1.80414735951e-05, 3.31436531269e-05, 2.56164075836e-05, 2.17608721869e-05, 3.22700761899e-05, 2.49592121691e-05, 1.67351190612e-05, 1.64192042575e-05, 1.43909846884e-05, 1.36779362947e-05, 1.14984804895e-05, 1.36929611472e-05, 1.31956112455e-05, 1.12061670734e-05, 1.08434551294e-05, 8.79385243024e-06, 7.66838911659e-06, 8.33226840768e-06, 9.99443636829e-06, 2.04276639124e-05, 1.36768394441e-05, 7.19588524589e-06, 7.18168485037e-06, 1.17147019409e-05, 1.27570956465e-05, 1.07066025521e-05, 9.14745396585e-06, 7.57168982091e-06, 9.83229074336e-06, 9.03906311578e-06, 6.51256777928e-06, 5.04212857777e-06, 3.98302381655e-06, 3.33784828399e-06, 2.85710461867e-06, 1.69293639374e-06, 1.60278864314e-06, 1.55573206939e-06, 1.65393964835e-06, 1.83109045793e-06, 1.28899102947e-06, 2.15133286474e-06, 2.01204557015e-06, 1.42270334891e-06, 7.56736710628e-07, 1.02854630768e-06, 9.75981038209e-07, 1.08991116576e-06, 9.26803238599e-07, 1.30594457914e-06, 1.23719348721e-06, 8.18535909275e-07, 5.26985104443e-07, 3.11438043354e-07, 2.35863637954e-07, 1.52962726929e-07, 1.32490740157e-07, 8.90640663442e-08, 7.48407984474e-08, 5.39123092835e-08, 4.71650061229e-08, 3.58942138234e-08, 2.94228446052e-08, 2.71793467732e-08, 2.13614903544e-08, 1.73729244324e-08, 1.70620850781e-08, 1.31517001734e-08, 1.16165361774e-08, 6.60760823834e-09, 3.59255114546e-09, 8.73879801855e-10, 2.49300413646e-10, 2.04357600286e-10, 2.26489188515e-10, 2.27803845232e-10, 1.88268067802e-10, 1.47893031155e-10, 1.32781854956e-10, 1.1654904819e-10, 1.03667616158e-10, 8.901306775e-11, 8.11744699236e-11, 7.58990439942e-11, 7.50054601761e-11, 7.69199426376e-11, 7.63682311833e-11, 7.68701699516e-11],
        "min": [5.96934128469e-26, 9.15160247856e-26, 3.38773899861e-25, 1.28905554177e-25, 9.94738625452e-26, 1.49658500115e-25, 7.98226040021e-26, 2.24111340261e-25, 2.96440492895e-25, 1.84764905809e-25, 1.63279477869e-25, 2.13205288943e-25, 1.67505787842e-25, 2.47684895344e-25, 4.67392247038e-25, 2.72004170501e-25, 3.21606634886e-25, 1.85303451288e-25, 2.31364004164e-25, 2.19834111781e-25, 2.71900164121e-25, 1.65941217822e-25, 3.30113932755e-25, 5.22089742143e-25, 5.31762162917e-25, 5.18568957315e-25, 4.55662033289e-25, 5.3242717266e-25, 1.14768967075e-24, 4.70746335696e-25, 5.18785302418e-25, 4.66927016319e-25, 8.43081287389e-25, 5.18809954321e-25, 2.91279592289e-25, 2.39729208463e-25, 6.44080573033e-25, 9.0858740949e-25, 4.85691305545e-25, 7.50182759215e-25, 1.43832259431e-24, 9.45628767725e-25, 7.42596185282e-25, 3.75960531762e-25, 8.60046727232e-25, 7.386161848e-25, 6.46550890957e-25, 8.91029929538e-25, 1.14929243889e-24, 5.2847064079e-25, 9.83800760853e-25, 6.70261436666e-25, 8.20907886458e-25, 1.19431884443e-24, 1.01616870987e-24, 1.46781968128e-24, 8.36932215241e-25, 1.85287136659e-24, 8.33781110355e-25, 1.2487620798e-24, 1.7911501005e-24, 1.72269906203e-24, 1.81861784279e-24, 1.80319344273e-24, 2.11172384529e-24, 1.64420345766e-24, 1.56912194468e-24, 1.54352607071e-24, 2.72379273861e-24, 1.05896964018e-24, 1.76405765879e-24, 2.1713859872e-24, 1.72106158401e-24, 2.77201797512e-24, 2.70567694236e-24, 2.23138300056e-24, 2.65991216301e-24, 1.95902127885e-24, 1.92361917358e-24, 2.26411086737e-24, 3.25211576381e-24, 2.76652927815e-24, 1.98801408649e-24, 2.86156552077e-24, 2.44743997237e-24, 2.49884096566e-24, 2.84791881876e-24, 2.77813874688e-24, 2.64036793687e-24, 2.3192970125e-24, 3.5922773193e-24, 2.98592332881e-24, 3.18912679825e-24, 3.48815122969e-24, 2.89663630447e-24, 3.58015213276e-24, 3.42160686803e-24, 3.28755553719e-24, 3.14504268706e-24, 3.63094096999e-24, 3.39524550316e-24, 3.3390525743e-24, 4.05454783761e-24, 3.99165945182e-24, 3.9292850089e-24, 3.60797920119e-24, 3.84157708687e-24, 4.00077158413e-24, 3.0970653501e-24, 4.16165700474e-24, 4.59059459993e-24, 4.20851258149e-24, 3.73030825619e-24, 4.64455623572e-24, 4.95798566172e-24, 3.633249177e-24, 4.14821244833e-24, 3.954286772e-24, 5.03250856257e-24, 4.70689872976e-24, 4.55835543245e-24, 4.96230033644e-24, 5.04280753612e-24, 4.54007121439e-24, 5.03213779795e-24, 5.22165571397e-24, 5.44029719132e-24, 4.58734054869e-24],
        "stdev": [2.03183753911e-05, 0.000125732185552, 0.000245410599746, 0.000420497730374, 0.000453311600722, 0.0009882429149, 0.00109776342288, 0.000827046227641, 0.000742285104934, 0.000768481346313, 0.00106039515231, 0.00130101281684, 0.000963049882557, 0.000784318661317, 0.00123692885973, 0.00137986673508, 0.00168909574859, 0.00188669923227, 0.00167380250059, 0.00456007895991, 0.00785550940782, 0.003782592481, 0.000465492601506, 0.000180762799573, 0.000225804236834, 0.000399833777919, 0.000320017512422, 0.000252701924182, 0.000222535803914, 0.000223567782086, 0.000114491231216, 3.72924550902e-05, 4.40717158199e-05, 3.83202641387e-05, 4.38420611317e-05, 0.000105165527202, 6.96692950442e-05, 0.000142822987982, 8.75959958648e-05, 5.41753834113e-05, 9.89547042991e-05, 0.000283837813186, 0.000183501761057, 0.000122804776765, 0.000261990702711, 0.000152291904669, 6.58297285554e-05, 7.12336477591e-05, 6.99457959854e-05, 6.08308582741e-05, 4.95087806485e-05, 7.18641458661e-05, 7.02809848008e-05, 4.82403193018e-05, 4.7346798965e-05, 3.61657439498e-05, 3.3867188904e-05, 5.93552431383e-05, 8.63775858306e-05, 0.000246319425059, 0.000161473784829, 6.60522127873e-05, 4.27400191256e-05, 0.000123789781355, 0.00012641910871, 9.24622581806e-05, 7.93727740529e-05, 4.02565601689e-05, 6.10978968325e-05, 9.17230572668e-05, 7.72656858317e-05, 3.89915112464e-05, 3.02944572468e-05, 2.86985396087e-05, 2.30391906371e-05, 1.21809398479e-05, 1.01226050901e-05, 1.19799633467e-05, 1.19688593259e-05, 1.34605052153e-05, 8.46334660309e-06, 2.21970785788e-05, 2.78396619251e-05, 1.51293716044e-05, 5.25509540239e-06, 7.04176636646e-06, 5.50866889171e-06, 9.85366659734e-06, 7.27926135369e-06, 9.84957296168e-06, 8.74593570188e-06, 5.68468476558e-06, 3.36840207638e-06, 1.85859994417e-06, 1.38642462844e-06, 7.72334317389e-07, 6.98934400134e-07, 3.91610598172e-07, 3.21327917163e-07, 2.15674191395e-07, 1.92087242112e-07, 1.30765585027e-07, 1.05396111394e-07, 9.45555882481e-08, 7.21556290273e-08, 5.73903093937e-08, 6.03215539741e-08, 4.07248847978e-08, 3.71394541787e-08, 2.52935965506e-08, 1.5721008495e-08, 4.50205650537e-09, 2.83810575041e-09, 2.25715246494e-09, 2.42384867732e-09, 2.5999393749e-09, 2.1955934848e-09, 1.88969950798e-09, 1.74018088828e-09, 1.57813329071e-09, 1.4358069178e-09, 1.33098920774e-09, 1.26583155069e-09, 1.22549770332e-09, 1.2051299958e-09, 1.19588705605e-09, 1.18897203194e-09, 1.19624743444e-09]
    },
    "mfcc": {
        "mean": [-1158.81335449, 15.8985366821, -8.09882259369, -0.364462792873, -2.00002408028, 0.238127022982, -0.654081106186, 1.28364229202, 0.20022174716, 1.29817867279, -0.918174684048, -0.859894990921, -0.788521945477],
        "cov": [[55861.0585938, 7966.94091797, -3921.20361328, 45.1605186462, -1009.31103516, 96.3913955688, -391.809753418, 558.114807129, -23.1311092377, 654.255859375, -551.213684082, -452.799987793, -331.998046875], [7966.94091797, 1495.42858887, -460.81362915, 38.8092193604, -65.0094528198, 6.0291056633, -85.2323150635, 16.7045154572, -10.0221290588, 68.7799301147, -82.1283493042, -66.9720840454, -29.0133056641], [-3921.20361328, -460.81362915, 408.679901123, 83.6530303955, 120.269256592, 1.25270676613, 11.7823905945, -77.8648681641, -27.5695152283, -54.2830238342, 23.9090213776, 28.7406539917, 37.2530822754], [45.1605186462, 38.8092193604, 83.6530303955, 85.5195846558, 34.8875045776, 8.98522567749, -9.52687835693, -20.3010311127, -24.1119594574, -1.83323967457, -14.2621908188, -4.58545923233, 9.20108127594], [-1009.31103516, -65.0094528198, 120.269256592, 34.8875045776, 62.0461502075, 9.86204528809, 2.14489030838, -27.9541320801, -5.76110076904, -18.4414463043, 1.73103094101, 4.5482416153, 12.4145307541], [96.3913955688, 6.0291056633, 1.25270676613, 8.98522567749, 9.86204528809, 23.5925235748, 8.84784507751, 5.68014287949, 3.01464629173, 5.32910442352, -4.39854669571, -2.7422478199, -3.92468070984], [-391.809753418, -85.2323150635, 11.7823905945, -9.52687835693, 2.14489030838, 8.84784507751, 20.3050861359, 10.1133995056, 6.73542022705, -2.93673396111, 1.43209409714, -0.763911187649, -2.70115661621], [558.114807129, 16.7045154572, -77.8648681641, -20.3010311127, -27.9541320801, 5.68014287949, 10.1133995056, 37.445022583, 10.3319921494, 10.3194961548, -4.5983171463, -7.4891242981, -14.3478326797], [-23.1311092377, -10.0221290588, -27.5695152283, -24.1119594574, -5.76110076904, 3.01464629173, 6.73542022705, 10.3319921494, 16.4684944153, 2.71289920807, 3.94265627861, 1.56559550762, -4.80137205124], [654.255859375, 68.7799301147, -54.2830238342, -1.83323967457, -18.4414463043, 5.32910442352, -2.93673396111, 10.3194961548, 2.71289920807, 20.1529521942, -2.978972435, -3.28727984428, -4.57788610458], [-551.213684082, -82.1283493042, 23.9090213776, -14.2621908188, 1.73103094101, -4.39854669571, 1.43209409714, -4.5983171463, 3.94265627861, -2.978972435, 22.218957901, 15.786192894, 1.05263924599], [-452.799987793, -66.9720840454, 28.7406539917, -4.58545923233, 4.5482416153, -2.7422478199, -0.763911187649, -7.4891242981, 1.56559550762, -3.28727984428, 15.786192894, 18.6156616211, 4.91431951523], [-331.998046875, -29.0133056641, 37.2530822754, 9.20108127594, 12.4145307541, -3.92468070984, -2.70115661621, -14.3478326797, -4.80137205124, -4.57788610458, 1.05263924599, 4.91431951523, 13.950135231]],
        "icov": [[0.000677379430272, -0.0020755243022, 0.00334305665456, -0.00282747135498, 0.00338042224757, -0.00213276292197, 0.000672325608321, -0.000953163485974, 0.00308630173095, -0.00189232733101, 0.0035612215288, -0.00229147798382, 0.00126299168915], [-0.0020755243022, 0.00885657966137, -0.00560552021489, 0.00645825592801, -0.0141784427688, 0.0061293351464, 0.00316970353015, 0.00785101111978, -0.00984075758606, 0.00572074204683, -0.00822234712541, 0.00837307795882, -0.00107405520976], [0.00334305665456, -0.00560552021489, 0.0375411845744, -0.0253752395511, -0.00119565299246, -0.00671074260026, -0.00379111757502, 0.0144177228212, 0.0208448506892, 0.00111958791967, 0.0124659901485, -0.012529601343, 0.00867365021259], [-0.00282747135498, 0.00645825592801, -0.0253752395511, 0.0552927181125, -0.0302459839731, 0.00634925533086, 0.00414781365544, -0.0106092523783, 0.0328934267163, -0.0198669247329, 0.0146506978199, -0.00787446182221, 0.00249939505011], [0.00338042224757, -0.0141784427688, -0.00119565299246, -0.0302459839731, 0.098030179739, -0.0539287813008, 0.0149330664426, 0.00653888471425, -0.0289318300784, 0.0362469702959, -0.00447200005874, 0.0153461322188, -0.0218216814101], [-0.00213276292197, 0.0061293351464, -0.00671074260026, 0.00634925533086, -0.0539287813008, 0.108698680997, -0.0552480630577, 0.00246229278855, -0.00283960113302, -0.0489320233464, 0.0221561547369, -0.0269230809063, 0.0369089618325], [0.000672325608321, 0.00316970353015, -0.00379111757502, 0.00414781365544, 0.0149330664426, -0.0552480630577, 0.130767688155, -0.0355130545795, -0.0251072496176, 0.025909403339, -0.00593290803954, 0.0311079267412, -0.0207063630223], [-0.000953163485974, 0.00785101111978, 0.0144177228212, -0.0106092523783, 0.00653888471425, 0.00246229278855, -0.0355130545795, 0.0988938137889, -0.0236468818039, 0.00622078729793, 0.00634711515158, 0.00334492465481, 0.0440956875682], [0.00308630173095, -0.00984075758606, 0.0208448506892, 0.0328934267163, -0.0289318300784, -0.00283960113302, -0.0251072496176, -0.0236468818039, 0.169915631413, -0.0436600446701, 0.0318805165589, -0.0449934862554, 0.0289878789335], [-0.00189232733101, 0.00572074204683, 0.00111958791967, -0.0198669247329, 0.0362469702959, -0.0489320233464, 0.025909403339, 0.00622078729793, -0.0436600446701, 0.135281682014, -0.0499304644763, 0.0350622013211, -0.0368488095701], [0.0035612215288, -0.00822234712541, 0.0124659901485, 0.0146506978199, -0.00447200005874, 0.0221561547369, -0.00593290803954, 0.00634711515158, 0.0318805165589, -0.0499304644763, 0.194070547819, -0.147015273571, 0.0720255076885], [-0.00229147798382, 0.00837307795882, -0.012529601343, -0.00787446182221, 0.0153461322188, -0.0269230809063, 0.0311079267412, 0.00334492465481, -0.0449934862554, 0.0350622013211, -0.147015273571, 0.193919152021, -0.0714345648885], [0.00126299168915, -0.00107405520976, 0.00867365021259, 0.00249939505011, -0.0218216814101, 0.0369089618325, -0.0207063630223, 0.0440956875682, 0.0289878789335, -0.0368488095701, 0.0720255076885, -0.0714345648885, 0.163458421826]]
    },
    "spectral_contrast_coeffs": {
        "max": [-0.413197994232, -0.449916303158, -0.63592427969, -0.723796844482, -0.685036659241, -0.591161608696],
        "mean": [-0.923351228237, -0.931369423866, -0.927772521973, -0.936973869801, -0.931887209415, -0.923815667629],
        "min": [-0.983363628387, -0.98256456852, -0.978959977627, -0.974037766457, -0.969200611115, -0.965685665607],
        "stdev": [0.0929916277528, 0.0789721831679, 0.0735757574439, 0.0533634126186, 0.0644744187593, 0.0795827135444]
    },
    "spectral_contrast_valleys": {
        "max": [-5.35736179352, -4.35695981979, -5.30570888519, -5.1190161705, -4.71475553513, -8.2954120636],
        "mean": [-23.7175865173, -23.5017719269, -23.5074100494, -23.5023479462, -23.5557842255, -24.1202583313],
        "min": [-28.3802318573, -28.0641365051, -27.9518127441, -27.734336853, -27.5970058441, -27.4181060791],
        "stdev": [7.3639793396, 7.75009679794, 7.8067855835, 7.80410528183, 7.68812561035, 6.53003025055]
    }
},
"rhythm": {
    "beats_count": 30,
    "beats_loudness": {
        "max": 0.61719673872,
        "mean": 0.0225106533617,
        "min": 0,
        "stdev": 0.110590480268
    },
    "bpm": 147.945770264,
    "bpm_histogram_first_peak_bpm": 148,
    "bpm_histogram_first_peak_weight": 0.649999976158,
    "bpm_histogram_second_peak_bpm": 133,
    "bpm_histogram_second_peak_spread": 0.285714328289,
    "bpm_histogram_second_peak_weight": 0.172413796186,
    "danceability": 1.25942373276,
    "onset_rate": 0.940485656261,
    "beats_loudness_band_ratio": {
        "max": [0.086994767189, 0.122785195708, 0.783087015152, 0.476002663374, 0.355589687824, 0.512136220932],
        "mean": [0.00667956518009, 0.00943958945572, 0.0537402704358, 0.0488762594759, 0.0455997847021, 0.041912753135],
        "min": [0, 0, 0, 0, 0, 0],
        "stdev": [0.0191057305783, 0.0304165612906, 0.152678787708, 0.112571716309, 0.104193069041, 0.113846480846]
    },
    "beats_position": [0.441179126501, 0.893968224525, 1.34675729275, 1.79954648018, 2.2523355484, 2.70512461662, 3.13469386101, 3.5758728981, 4.01705217361, 4.446621418, 4.85297060013, 5.24770975113, 5.64244890213, 6.03718805313, 6.43192720413, 6.82666635513, 7.22140598297, 7.6277551651, 8.03410434723, 8.44045352936, 8.84680271149, 9.26476192474, 9.682721138, 10.1006803513, 10.5186395645, 10.9365987778, 11.354557991, 11.7609071732, 12.1672563553, 12.5619955063],
