{
"metadata": {
    "version": {
        "essentia": "2.1-beta5",
        "essentia_git_sha": "Undefined",
        "extractor": "music 2.0"
    },
    "audio_properties": {
        "analysis": {
            "equal_loudness": 0,
            "length": 84.7412261963,
            "sample_rate": 44100,
            "start_time": 45.2440834045,
            "downmix": "mix"
        },
        "bit_rate": 192000,
        "length": 203.1978302,
        "lossless": 0,
        "number_channels": 2,
        "replay_gain": -10.4064807892,
        "sample_rate": 48000,
        "codec": "mp3",
        "md5_encoded": "3471552bd17fedcf3e968dff0e979772"
    },
    "tags": {
        "file_name": "Belgium_Liefde Is Een Kaartspel_Lisa del Bo.mp3",
        "encoding": ["Lavf58.29.100"]
    }
},
"lowlevel": {
    "average_loudness": 0.967463612556,
    "barkbands_crest": {
        "max": 21.6261825562,
        "mean": 7.9512014389,
        "min": 2.27486824989,
        "stdev": 3.09196519852
    },
    "barkbands_flatness_db": {
        "max": 0.239552631974,
        "mean": 0.128872409463,
        "min": 0.0494751743972,
        "stdev": 0.0276098959148
    },
    "barkbands_kurtosis": {
        "max": 30.8757362366,
        "mean": 1.21083116531,
        "min": -1.84515500069,
        "stdev": 3.22110629082
    },
    "barkbands_skewness": {
        "max": 5.17051315308,
        "mean": 1.06099259853,
        "min": -1.43093085289,
        "stdev": 0.940257251263
    },
    "barkbands_spread": {
        "max": 83.7202682495,
        "mean": 26.366689682,
        "min": 5.51327180862,
        "stdev": 9.70721721649
    },
    "dissonance": {
        "max": 0.499999970198,
        "mean": 0.473378300667,
        "min": 0.321833908558,
        "stdev": 0.0157408565283
    },
    "dynamic_complexity": 2.28485631943,
    "erbbands_crest": {
        "max": 25.15666008,
        "mean": 8.05608272552,
        "min": 2.55826759338,
        "stdev": 3.4964594841
    },
    "erbbands_flatness_db": {
        "max": 0.267859488726,
        "mean": 0.166779100895,
        "min": 0.0713662877679,
        "stdev": 0.0326805710793
    },
    "erbbands_kurtosis": {
        "max": 10.682305336,
        "mean": -0.202409818769,
        "min": -1.70082461834,
        "stdev": 1.26014137268
    },
    "erbbands_skewness": {
        "max": 2.30939769745,
        "mean": -0.251855105162,
        "min": -2.45078492165,
        "stdev": 0.567317008972
    },
    "erbbands_spread": {
        "max": 124.397918701,
        "mean": 39.3317337036,
        "min": 7.35632991791,
        "stdev": 15.4941215515
    },
    "hfc": {
        "max": 112.448745728,
        "mean": 19.6820163727,
        "min": 0.304478526115,
        "stdev": 16.2598361969
    },
    "loudness_ebu128": {
        "integrated": -13.8419828415,
        "loudness_range": 3.27481746674,
        "momentary": {
            "max": -10.3295593262,
            "mean": -14.2110261917,
            "min": -19.7209758759,
            "stdev": 1.85666680336
        },
        "short_term": {
            "max": -11.6938505173,
            "mean": -13.9910154343,
            "min": -17.8832378387,
            "stdev": 1.19953513145
        }
    },
    "melbands_crest": {
        "max": 27.3970127106,
        "mean": 11.1051177979,
        "min": 3.49780511856,
        "stdev": 3.8825879097
    },
    "melbands_flatness_db": {
        "max": 0.313979268074,
        "mean": 0.171779170632,
        "min": 0.0464564226568,
        "stdev": 0.0406406894326
    },
    "melbands_kurtosis": {
        "max": 102.758346558,
        "mean": 7.74214887619,
        "min": -1.64724481106,
        "stdev": 9.56440258026
    },
    "melbands_skewness": {
        "max": 8.50194454193,
        "mean": 2.24870300293,
        "min": -0.767277777195,
        "stdev": 1.28469955921
    },
    "melbands_spread": {
        "max": 149.621307373,
        "mean": 30.753452301,
        "min": 3.46296572685,
        "stdev": 16.1755313873
    },
    "pitch_salience": {
        "max": 0.869530558586,
        "mean": 0.589966952801,
        "min": 0.2885427773,
        "stdev": 0.0823686122894
    },
    "silence_rate_20dB": {
        "max": 1,
        "mean": 1,
        "min": 1,
        "stdev": 0
    },
    "silence_rate_30dB": {
        "max": 1,
        "mean": 1,
        "min": 1,
        "stdev": 0
    },
    "silence_rate_60dB": {
        "max": 1,
        "mean": 0.012325390242,
        "min": 0,
        "stdev": 0.11033449322
    },
    "spectral_centroid": {
        "max": 3246.64501953,
        "mean": 1611.66052246,
        "min": 446.876342773,
        "stdev": 498.309020996
    },
    "spectral_complexity": {
        "max": 50,
        "mean": 21.4176940918,
        "min": 1,
        "stdev": 9.11204719543
    },
    "spectral_decrease": {
        "max": -8.09954325831e-11,
        "mean": -5.08196285054e-09,
        "min": -2.0207581386e-08,
        "stdev": 3.17044679399e-09
    },
    "spectral_energy": {
        "max": 0.0807068049908,
        "mean": 0.0209657270461,
        "min": 0.000333312491421,
        "stdev": 0.0131106562912
    },
    "spectral_energyband_high": {
        "max": 0.00634096097201,
        "mean": 0.000573257450014,
        "min": 5.34424452781e-06,
        "stdev": 0.000649593712296
    },
    "spectral_energyband_low": {
        "max": 0.065607920289,
        "mean": 0.00569208618253,
        "min": 1.89458405657e-05,
        "stdev": 0.00619943486527
    },
    "spectral_energyband_middle_high": {
        "max": 0.0495768375695,
        "mean": 0.00675722630695,
        "min": 0.000105354563857,
        "stdev": 0.00689041940495
    },
    "spectral_energyband_middle_low": {
        "max": 0.0476128533483,
        "mean": 0.00898646656424,
        "min": 0.000209868740058,
        "stdev": 0.00629742210731
    },
    "spectral_entropy": {
        "max": 8.61183071136,
        "mean": 7.59477186203,
        "min": 6.77747297287,
        "stdev": 0.222165316343
    },
    "spectral_flux": {
        "max": 0.23708486557,
        "mean": 0.0794641971588,
        "min": 0.0121872508898,
        "stdev": 0.0380088053644
    },
    "spectral_kurtosis": {
        "max": 19.6093864441,
        "mean": 3.9755191803,
        "min": -0.991683244705,
        "stdev": 1.7700432539
    },
    "spectral_rms": {
        "max": 0.008873462677,
        "mean": 0.00430545303971,
        "min": 0.000570248113945,
        "stdev": 0.00138471461833
    },
    "spectral_rolloff": {
        "max": 9130.078125,
        "mean": 1717.31750488,
        "min": 150.732421875,
        "stdev": 1003.91717529
    },
    "spectral_skewness": {
        "max": 3.5643453598,
        "mean": 1.26912903786,
        "min": 0.0720159336925,
        "stdev": 0.271321445704
    },
    "spectral_spread": {
        "max": 16148734,
        "mean": 3680441.75,
        "min": 2205504.25,
        "stdev": 1004985.875
    },
    "spectral_strongpeak": {
        "max": 12.5627479553,
        "mean": 1.02527034283,
        "min": 0,
        "stdev": 1.52257966995
    },
    "zerocrossingrate": {
        "max": 0.265625,
        "mean": 0.0620974451303,
        "min": 0.01513671875,
        "stdev": 0.0210183933377
    },
    "barkbands": {
        "max": [0.00200280104764, 0.0359176695347, 0.0317236185074, 0.0353814102709, 0.0347923636436, 0.0409243404865, 0.0260530021042, 0.0233854427934, 0.0266124699265, 0.0180954486132, 0.0129219535738, 0.0135206440464, 0.0247355364263, 0.0182709805667, 0.0385026745498, 0.0215469207615, 0.0207952819765, 0.0194908566773, 0.00681250961497, 0.00383611721918, 0.00481945369393, 0.00161856296472, 0.00170535210054, 0.00302582932636, 0.00116098183207, 0.0001597875671, 5.11813595949e-07],
        "mean": [0.000147311395267, 0.00241562444717, 0.00228601344861, 0.00143041217234, 0.00358783989213, 0.00132254953496, 0.000872874399647, 0.000829595024697, 0.000598022597842, 0.000768672092818, 0.000551951874513, 0.000427320890594, 0.000516234955285, 0.000742530508433, 0.00102372164838, 0.000784908013884, 0.000787074037362, 0.000597223581281, 0.000590331677813, 0.000262817484327, 0.000207301432965, 8.0040175817e-05, 6.17472396698e-05, 4.62941534352e-05, 2.01384154934e-05, 7.17156990504e-06, 7.3413017887e-09],
        "min": [3.1127669331e-08, 6.53387996863e-06, 3.15934357786e-07, 6.43070791284e-07, 2.0531069822e-05, 1.06878433144e-05, 7.95431697043e-06, 7.16073884632e-07, 2.05967762668e-06, 5.27506745129e-06, 2.20618403546e-06, 1.65949006714e-06, 2.08240294342e-06, 4.08425148635e-06, 2.99112116409e-06, 5.63045341551e-06, 9.59678527579e-06, 5.81025460633e-06, 4.63835749542e-06, 1.21239747841e-06, 9.23446179968e-07, 7.41082885725e-07, 2.17857675011e-07, 1.00320839636e-07, 3.06520817617e-08, 5.29558896734e-11, 1.39400487681e-11],
        "stdev": [0.000202913710382, 0.00337346619926, 0.00280043459497, 0.00182029942516, 0.00355484383181, 0.00210851291195, 0.00157411512919, 0.00166667473968, 0.00157726218458, 0.00157731038053, 0.00113229535054, 0.000947686377913, 0.00129962980282, 0.0014150502393, 0.0023221145384, 0.00152103987057, 0.00146372849122, 0.000881811138242, 0.000721879245248, 0.000336057855748, 0.000339409569278, 0.000123528385302, 0.000109559710836, 0.000106834668259, 4.94809246447e-05, 1.33326348077e-05, 2.80543623887e-08]
    },
    "erbbands": {
        "max": [0.828865468502, 9.93867397308, 32.2902832031, 94.289352417, 61.4007606506, 197.028396606, 345.18838501, 209.768814087, 416.767364502, 409.467132568, 516.974304199, 543.684082031, 728.52331543, 750.123291016, 654.631835938, 527.203857422, 1357.21203613, 957.298339844, 2075.84667969, 1245.76086426, 1383.62963867, 1441.69262695, 1299.39160156, 454.78314209, 346.332275391, 194.232971191, 274.856689453, 164.131118774, 51.4483947754, 46.1172103882, 45.5424766541, 31.9420585632, 68.9141769409, 21.9766082764, 2.91691946983, 1.00137126446, 0.251144200563, 0.0083676641807, 0.000269658630714, 0.000101841476862],
        "mean": [0.0624067783356, 0.577268719673, 2.33750510216, 4.30586624146, 6.00140953064, 13.6925086975, 14.6087255478, 10.1832132339, 13.4714193344, 15.9388084412, 13.5982704163, 15.3392095566, 22.4433078766, 19.2503395081, 27.3249130249, 19.7406978607, 25.480670929, 36.1502761841, 49.0152854919, 51.6895256042, 40.4632453918, 40.6691627502, 34.3299713135, 35.4167709351, 21.9353084564, 13.1613759995, 11.0648365021, 5.95997190475, 3.02541303635, 2.02777218819, 1.74074304104, 0.937489748001, 0.814219295979, 0.322387367487, 0.100592970848, 0.0472469963133, 0.0101301698014, 0.000341993931215, 2.29550114454e-05, 2.66625866061e-05],
        "min": [0.000123209945741, 0.00101027567871, 0.00550201768056, 0.0133187724277, 0.0241326019168, 0.125497370958, 0.158353045583, 0.114484809339, 0.0940074697137, 0.1008586362, 0.0900765657425, 0.0715918764472, 0.186637148261, 0.22573338449, 0.156263679266, 0.165951788425, 0.18277528882, 0.218730956316, 0.222703307867, 0.39518943429, 0.474539577961, 0.536464035511, 0.456702023745, 0.375454157591, 0.112507596612, 0.0499127693474, 0.030968464911, 0.0418491885066, 0.0316241383553, 0.0124433096498, 0.0048769437708, 0.00229918351397, 0.00142833625432, 0.000512682134286, 8.82261447259e-05, 1.16735991469e-05, 2.94005712931e-06, 2.52862236039e-07, 2.12108162145e-07, 4.0698785142e-07],
        "stdev": [0.0873343273997, 0.846772372723, 2.89556884766, 5.5260887146, 5.66770553589, 16.2175483704, 21.7678508759, 13.187376976, 22.641872406, 27.9788513184, 29.9127597809, 37.9488639832, 50.0422706604, 44.3005104065, 56.3203430176, 39.2561340332, 61.0968284607, 67.8062438965, 112.057899475, 104.030403137, 69.5391540527, 78.2200469971, 50.4014663696, 44.8834228516, 27.6785125732, 16.3411808014, 17.6278247833, 9.25976085663, 4.36380290985, 3.45703125, 3.09580492973, 1.81267988682, 2.15855765343, 0.875488400459, 0.197470366955, 0.0821126922965, 0.0217944141477, 0.000764190626796, 2.52067111433e-05, 1.69711147464e-05]
    },
    "gfcc": {
        "mean": [-1.03784584999, 109.174591064, -141.034942627, 53.7244758606, -54.362071991, 9.41519451141, -45.2759780884, 7.68746519089, -25.2825069427, -1.86246645451, -11.933382988, -5.3699965477, -3.20646691322],
        "cov": [[2101.07788086, -588.093933105, -40.1912841797, -34.3574180603, 50.6486053467, 143.871353149, -35.2376022339, 115.721862793, -75.1449432373, 121.293251038, -130.404815674, 31.0739459991, -154.613342285], [-588.093933105, 507.72277832, -105.829933167, -9.48742485046, 52.5338668823, -98.9848709106, 98.5824203491, -59.0464935303, 33.3553009033, -80.3146286011, 85.1044235229, -94.3056945801, 74.7103652954], [-40.1912841797, -105.829933167, 538.718811035, 118.245803833, -9.80020141602, 47.6171569824, -81.1950759888, 50.4805831909, -3.7422375679, 25.0782642365, -73.5315322876, 94.173500061, -77.3260192871], [-34.3574180603, -9.48742485046, 118.245803833, 181.655822754, 45.0812187195, -41.5131645203, -35.7082176208, 4.27910518646, 41.2714309692, -10.1691799164, -11.664683342, 11.4450149536, -9.49133586884], [50.6486053467, 52.5338668823, -9.80020141602, 45.0812187195, 144.925033569, 12.4435596466, 20.5919342041, -0.700729548931, -6.03765487671, 12.6013278961, -13.2188987732, -7.39078855515, -0.646456837654], [143.871353149, -98.9848709106, 47.6171569824, -41.5131645203, 12.4435596466, 162.051879883, 40.8356590271, -3.6048386097, -39.3391532898, 21.157087326, -15.835308075, 5.11603069305, -11.762295723], [-35.2376022339, 98.5824203491, -81.1950759888, -35.7082176208, 20.5919342041, 40.8356590271, 154.540466309, 1.92677140236, -39.5833702087, 6.11534643173, 12.6457910538, -34.726234436, 8.68172645569], [115.721862793, -59.0464935303, 50.4805831909, 4.27910518646, -0.700729548931, -3.6048386097, 1.92677140236, 100.927642822, 33.4300308228, 9.12035560608, -28.0261936188, 11.0361566544, -19.1812057495], [-75.1449432373, 33.3553009033, -3.7422375679, 41.2714309692, -6.03765487671, -39.3391532898, -39.5833702087, 33.4300308228, 106.285186768, -4.06931114197, 5.37150001526, -12.1961717606, 6.64355278015], [121.293251038, -80.3146286011, 25.0782642365, -10.1691799164, 12.6013278961, 21.157087326, 6.11534643173, 9.12035560608, -4.06931114197, 96.539855957, -4.828083992, 14.1034460068, -29.0461082458], [-130.404815674, 85.1044235229, -73.5315322876, -11.664683342, -13.2188987732, -15.835308075, 12.6457910538, -28.0261936188, 5.37150001526, -4.828083992, 87.3293380737, -4.2370967865, 22.9908027649], [31.0739459991, -94.3056945801, 94.173500061, 11.4450149536, -7.39078855515, 5.11603069305, -34.726234436, 11.0361566544, -12.1961717606, 14.1034460068, -4.2370967865, 100.98059082, -7.58200979233], [-154.613342285, 74.7103652954, -77.3260192871, -9.49133586884, -0.646456837654, -11.762295723, 8.68172645569, -19.1812057495, 6.64355278015, -29.0461082458, 22.9908027649, -7.58200979233, 94.0394439697]],
        "icov": [[0.000898740952834, 0.000915547716431, 0.000423330900958, -1.31420592879e-05, -0.000547912088223, -0.000166702127899, 0.000140932097565, -0.000720969750546, 0.00053808564553, -9.14927077247e-05, 0.000203481715289, 0.000429463601904, 0.000830973382108], [0.000915547716431, 0.0130476932973, -0.00606540823355, 0.0080127324909, -0.00866822339594, 0.0101934513077, -0.010701787658, 0.00778712239116, -0.00802442990243, 0.0079459939152, -0.00855258014053, 0.00827148742974, -0.00346851418726], [0.000423330900958, -0.00606540823355, 0.00742828799412, -0.00708074960858, 0.00525814387947, -0.00725978147238, 0.00708817131817, -0.00613304786384, 0.00593285588548, -0.00446396972984, 0.00629559112713, -0.00613229861483, 0.00429941155016], [-1.31420592879e-05, 0.0080127324909, -0.00708074960858, 0.0149351162836, -0.00896498840302, 0.00948752742261, -0.00772735383362, 0.00792053993791, -0.00962538551539, 0.00666981842369, -0.00585866952315, 0.00519865006208, -0.00265670870431], [-0.000547912088223, -0.00866822339594, 0.00525814387947, -0.00896498840302, 0.0143962251022, -0.00796621199697, 0.00642330665141, -0.00560378050432, 0.00665857130662, -0.00682525616139, 0.00729907816276, -0.00532334903255, 0.00197884114459], [-0.000166702127899, 0.0101934513077, -0.00725978147238, 0.00948752742261, -0.00796621199697, 0.0172436013818, -0.0114279575646, 0.00849987752736, -0.00667044287547, 0.00594964250922, -0.00659804651514, 0.00673454487696, -0.00402851775289], [0.000140932097565, -0.010701787658, 0.00708817131817, -0.00772735383362, 0.00642330665141, -0.0114279575646, 0.0195749979466, -0.0111288828775, 0.0124092586339, -0.00792047288269, 0.00582762574777, -0.00367985386401, 0.00327545404434], [-0.000720969750546, 0.00778712239116, -0.00613304786384, 0.00792053993791, -0.00560378050432, 0.00849987752736, -0.0111288828775, 0.0213033538312, -0.0135281076655, 0.00577626796439, -0.00187401555013, 0.00266521400772, -0.00180535926484], [0.00053808564553, -0.00802442990243, 0.00593285588548, -0.00962538551539, 0.00665857130662, -0.00667044287547, 0.0124092586339, -0.0135281076655, 0.0222973637283, -0.00694905640557, 0.0037086578086, -0.00158227153588, 0.00171732879244], [-9.14927077247e-05, 0.0079459939152, -0.00446396972984, 0.00666981842369, -0.00682525616139, 0.00594964250922, -0.00792047288269, 0.00577626796439, -0.00694905640557, 0.017686875537, -0.00638307631016, 0.0031915421132, 0.000917810597457], [0.000203481715289, -0.00855258014053, 0.00629559112713, -0.00585866952315, 0.00729907816276, -0.00659804651514, 0.00582762574777, -0.00187401555013, 0.0037086578086, -0.00638307631016, 0.021619014442, -0.00779258739203, 0.0018719836371], [0.000429463601904, 0.00827148742974, -0.00613229861483, 0.00519865006208, -0.00532334903255, 0.00673454487696, -0.00367985386401, 0.00266521400772, -0.00158227153588, 0.0031915421132, -0.00779258739203, 0.0190618839115, -0.00415430171415], [0.000830973382108, -0.00346851418726, 0.00429941155016, -0.00265670870431, 0.00197884114459, -0.00402851775289, 0.00327545404434, -0.00180535926484, 0.00171732879244, 0.000917810597457, 0.0018719836371, -0.00415430171415, 0.0162314493209]]
    },
    "melbands": {
        "max": [0.00707879615948, 0.014835675247, 0.013323456049, 0.00856944639236, 0.00984180439264, 0.00538594461977, 0.00589132448658, 0.00452411687002, 0.00341692636721, 0.00416788971052, 0.00351100577973, 0.00321713788435, 0.00200981972739, 0.00175176025368, 0.0019321514992, 0.00207941746339, 0.00198607868515, 0.00277575966902, 0.00209636776708, 0.00160206703003, 0.00212573958561, 0.00170201261062, 0.00105336180422, 0.000792520644609, 0.000433759676525, 0.0002641788451, 0.000214647385292, 0.000135095673613, 0.000178089860128, 0.000185916491318, 6.21743602096e-05, 3.39237958542e-05, 2.69717056653e-05, 2.82012570096e-05, 2.4451968784e-05, 2.94414949167e-05, 1.98186626221e-05, 5.74570512981e-05, 2.70678374363e-05, 1.91546314454e-05],
        "mean": [0.000610878807493, 0.00107938272413, 0.000766487675719, 0.000690798042342, 0.000582725566346, 0.000235971383518, 0.000198147507035, 0.000183278651093, 0.000100473283965, 9.74615904852e-05, 0.000110516528366, 7.55245710025e-05, 8.16014435259e-05, 6.02933323535e-05, 5.12788064952e-05, 4.91397622682e-05, 7.10747408448e-05, 7.45197903598e-05, 7.11049942765e-05, 6.6388885898e-05, 4.43840654043e-05, 4.20185024268e-05, 3.97117401008e-05, 2.6771269404e-05, 2.96621183224e-05, 1.79497747013e-05, 1.02955436887e-05, 8.48569015943e-06, 7.54520260671e-06, 5.13597342433e-06, 2.89361855721e-06, 1.838352091e-06, 1.16697060548e-06, 1.1002825886e-06, 1.07210075839e-06, 7.57312420774e-07, 4.99923828556e-07, 6.22783886683e-07, 4.24513871167e-07, 2.22709687137e-07],
        "min": [1.5692019133e-06, 2.58267868958e-06, 2.33955074691e-06, 6.08300297245e-06, 5.42268981008e-06, 3.26453232447e-06, 1.18240927804e-06, 9.99498411147e-07, 6.70609495046e-07, 4.15105063212e-07, 6.5263839133e-07, 4.09173821936e-07, 3.66013580333e-07, 2.00258384098e-07, 3.65753010101e-07, 2.0245461485e-07, 3.74376440959e-07, 3.4174428265e-07, 2.25117972263e-07, 5.6518541669e-07, 3.38550222523e-07, 4.24660356657e-07, 3.7676284137e-07, 2.22804956707e-07, 2.77312608432e-07, 8.61652935669e-08, 4.31061693007e-08, 2.94319146832e-08, 1.61785873587e-08, 1.82168982121e-08, 1.93901996681e-08, 1.60714677122e-08, 7.59483143042e-09, 5.13313658246e-09, 1.77656811484e-09, 1.50224721551e-09, 1.32295630006e-09, 1.03291253328e-09, 5.06551189883e-10, 1.66427621684e-10],
        "stdev": [0.000830889563076, 0.00131323526148, 0.000829858123325, 0.000748181832023, 0.000718321127351, 0.00031835064874, 0.000334109470714, 0.000330093345838, 0.000218921573833, 0.000265573180513, 0.000251910125371, 0.000187776109669, 0.000167635662365, 0.000125340360682, 0.000112373709271, 0.000120424978377, 0.000139062904054, 0.000164236160344, 0.000156385649461, 0.000137688082759, 8.77579223015e-05, 8.64419271238e-05, 7.00065284036e-05, 3.72169015463e-05, 4.05082355428e-05, 2.37690837821e-05, 1.34363735924e-05, 1.1583802916e-05, 1.26226168504e-05, 9.68362928688e-06, 4.55224335383e-06, 2.82035284727e-06, 2.04873344956e-06, 1.94328731595e-06, 1.9097542463e-06, 1.55824625381e-06, 9.91910610537e-07, 1.68570591086e-06, 1.20505296763e-06, 6.23495907348e-07]
    },
    "melbands128": {
        "max": [0.00172855437268, 0.00651610968634, 0.0117888143286, 0.0199098605663, 0.0181465819478, 0.0183276068419, 0.0233995243907, 0.0124658141285, 0.00829901732504, 0.0124703077599, 0.0148303871974, 0.0163434520364, 0.016818754375, 0.0180075783283, 0.00618044100702, 0.0089324535802, 0.00846011005342, 0.0107737779617, 0.00619039917365, 0.00788470264524, 0.00683505600318, 0.00959304813296, 0.00535722495988, 0.00283936457708, 0.00392957078293, 0.00976283662021, 0.00843293219805, 0.00684787845239, 0.00330716744065, 0.00539294630289, 0.00423148460686, 0.00232859840617, 0.0035719263833, 0.00444160355255, 0.00432713609189, 0.00262493663467, 0.00299378484488, 0.00251449597999, 0.00573504948989, 0.00567340338603, 0.00212702597491, 0.00371546042152, 0.00414012512192, 0.00345259485766, 0.00341789447702, 0.00403407448903, 0.010314187035, 0.00238171778619, 0.00368881621398, 0.00418701255694, 0.00346557237208, 0.00339293200523, 0.00312924943864, 0.00263125938363, 0.00305562070571, 0.00302668265067, 0.00326832639985, 0.00145148392767, 0.00140779465437, 0.00244227796793, 0.000552367593627, 0.000759177899454, 0.00113387545571, 0.000679310003761, 0.000525637820829, 0.000420872558607, 0.000627880915999, 0.000499784830026, 0.00018312408065, 0.000256460771197, 0.000199870308279, 0.000264291506028, 0.000340622675139, 0.000417392933741, 0.000268399395281, 0.000277746265056, 0.000389800203266, 0.00012219659402, 6.64409744786e-05, 0.000123808116768, 6.18480480625e-05, 3.92078436562e-05, 5.05375246576e-05, 3.65123960364e-05, 3.54803560185e-05, 3.2137715607e-05, 3.37273377227e-05, 3.19626669807e-05, 2.96864218399e-05, 2.56872481259e-05, 4.55428016721e-05, 3.16090990964e-05, 2.67628984147e-05, 1.20525446619e-05, 2.49280656135e-05, 5.32595513505e-05, 7.55698711146e-05, 5.26275507582e-05, 2.12146933336e-05, 2.54953883996e-05, 2.98078084597e-05, 2.03327053896e-05, 6.59567103867e-06, 4.65942866867e-06, 3.40669134857e-06, 5.22278423887e-06, 2.05893638849e-06, 2.58314685198e-06, 2.32920319831e-06, 3.00611918647e-06, 2.01496163754e-06, 1.31875196985e-06, 1.30330658976e-06, 6.01683836976e-07, 2.35139467009e-07, 6.31249719163e-08, 1.59663464672e-08, 6.38058217373e-10, 6.2069782647e-10, 6.0317939532e-10, 5.86579285144e-10, 5.76296566024e-10, 5.62290158879e-10, 5.55381129974e-10, 5.46090006548e-10, 5.41021116796e-10, 5.33970867522e-10, 5.31047816832e-10],
        "mean": [0.000123785532196, 0.000473528867587, 0.000745536293834, 0.00100338784978, 0.00115923606791, 0.00112207431812, 0.000926044362132, 0.000627653731499, 0.000551142438781, 0.000657722936012, 0.000793828745373, 0.000861043808982, 0.000492820341606, 0.000302747066598, 0.000212726547034, 0.000211256920011, 0.000235139523284, 0.000207450066227, 0.000137722192449, 0.000174102548044, 0.000234067789279, 0.00012617772154, 8.48864074214e-05, 5.91914649704e-05, 0.000101993202406, 0.000114001843031, 8.77087004483e-05, 0.000154191584443, 6.72566020512e-05, 9.87528837868e-05, 7.19261806807e-05, 3.94354719901e-05, 7.69414546085e-05, 0.00013752967061, 4.87699144287e-05, 4.59942457383e-05, 5.99819395575e-05, 2.53221605817e-05, 7.40015311749e-05, 6.51808222756e-05, 3.03833821818e-05, 4.70246195619e-05, 6.72617970849e-05, 0.000100248675153, 5.12315273227e-05, 5.97078615101e-05, 0.000122005563753, 5.32991070941e-05, 5.50315598957e-05, 9.0176363301e-05, 6.5674779762e-05, 5.07568802277e-05, 3.86167157558e-05, 4.35282890976e-05, 5.29005374119e-05, 3.54500371031e-05, 3.70009256585e-05, 5.36453990208e-05, 3.51736052835e-05, 2.50505836448e-05, 2.56233852269e-05, 2.5270779588e-05, 3.92799956899e-05, 2.95451845886e-05, 1.71495103132e-05, 1.70997318492e-05, 2.03799427254e-05, 1.25766355268e-05, 6.71940915709e-06, 8.60220006871e-06, 8.342170986e-06, 9.00389932212e-06, 8.20309378469e-06, 7.60306556913e-06, 5.9217272792e-06, 6.23035975877e-06, 4.29673445979e-06, 3.14007615998e-06, 2.77420440398e-06, 2.60690080722e-06, 1.96880887415e-06, 1.56927080752e-06, 1.30563239509e-06, 1.06172831238e-06, 1.12596239887e-06, 1.08332676518e-06, 1.10710914214e-06, 1.11721078611e-06, 1.12939699193e-06, 9.85883048088e-07, 8.85932593064e-07, 6.99050701769e-07, 5.38631411473e-07, 3.95460659774e-07, 5.38426377261e-07, 6.60494436033e-07, 6.55521773751e-07, 5.63765297557e-07, 4.64650867116e-07, 3.32143486048e-07, 2.62597552592e-07, 2.14427259948e-07, 1.57806894663e-07, 1.23790314888e-07, 9.90555477642e-08, 9.52348244709e-08, 7.88771359339e-08, 8.05488227229e-08, 8.78959909301e-08, 8.76938415217e-08, 6.37803765358e-08, 4.69758383304e-08, 2.86400894112e-08, 6.83338186036e-09, 1.31465816011e-09, 1.15217779761e-09, 2.95043822707e-10, 3.41868829253e-12, 3.20202089669e-12, 3.11251415266e-12, 3.0332216773e-12, 2.96907702417e-12, 2.90772636004e-12, 2.85517508074e-12, 2.7929856778e-12, 2.71942646353e-12, 2.67429329549e-12, 2.65633392019e-12],
        "min": [7.43825057103e-10, 6.19697402726e-07, 1.84422378879e-06, 6.18620049408e-07, 1.5717757833e-06, 1.56731829293e-07, 8.99630833828e-07, 4.53171281833e-07, 5.28202917849e-07, 1.01190414625e-06, 3.48874493739e-07, 1.46993738781e-06, 2.14998090087e-06, 1.0444016425e-06, 4.00268106659e-07, 1.73314106178e-07, 4.30222542036e-07, 3.36145973279e-07, 5.81482254347e-07, 2.53942005202e-07, 5.60787682957e-08, 3.53185178881e-08, 7.80426816505e-08, 9.61795336707e-08, 1.7908367056e-07, 8.71444996164e-08, 8.56243858038e-08, 1.21719565982e-07, 2.90287204052e-07, 3.3551053491e-08, 3.30926042125e-08, 7.01342628417e-08, 1.35308624749e-07, 7.01902607148e-08, 8.54788524407e-08, 9.61413988421e-08, 4.27360760114e-08, 8.27109545298e-08, 5.83114214692e-08, 6.24714857622e-08, 7.45943893321e-08, 6.09512653682e-08, 1.8950395031e-07, 1.6114876189e-07, 1.01102557437e-07, 9.77064829044e-08, 9.73513465397e-08, 1.48463882965e-07, 1.4237504331e-07, 2.73962541542e-07, 3.07903633257e-07, 2.17298605776e-07, 1.58868360245e-07, 1.12871973101e-07, 3.83145419391e-07, 9.99270710622e-08, 8.54742694401e-08, 1.93756974909e-07, 2.21054090588e-08, 1.35985587235e-07, 1.09561149486e-07, 5.79151517854e-08, 1.11854241425e-07, 1.00281035031e-07, 8.95856757666e-08, 7.87475187281e-08, 7.01613771525e-08, 3.48979050102e-08, 3.30080638378e-08, 1.9498555659e-08, 2.49483118608e-08, 1.86463573471e-08, 1.10195541581e-08, 1.71451173259e-08, 1.60557291906e-08, 1.25984227495e-08, 4.32570290698e-09, 1.14003588791e-08, 1.47688075103e-08, 1.20130927428e-08, 8.29997137686e-09, 6.35871710841e-09, 7.51680850897e-09, 1.04273811807e-09, 8.52544812524e-10, 1.30813038179e-09, 1.81674375543e-09, 1.60952606798e-09, 1.37033251413e-09, 5.1706183779e-10, 8.08458300305e-10, 1.41339617787e-09, 1.08816966549e-09, 5.72082825556e-10, 2.58940396902e-10, 4.7075765508e-10, 2.76235312402e-10, 3.18551157674e-10, 3.69097308273e-10, 1.86319345369e-11, 6.56981205549e-11, 1.56056487177e-11, 8.19418838338e-12, 2.26230249811e-11, 1.36185385885e-11, 1.192280389e-11, 6.68203285672e-13, 1.26292842829e-13, 1.34514727373e-13, 7.95690553376e-14, 7.68726242059e-14, 6.94391375997e-14, 4.878349718e-14, 5.32994228451e-14, 4.72363881137e-14, 4.74692882929e-14, 4.4321432646e-14, 4.1180542998e-14, 4.56223126226e-14, 3.27030848961e-14, 4.17044091589e-14, 4.74255305708e-14, 4.30442933087e-14, 4.58146162067e-14, 3.03664428672e-14, 1.2979347584e-14, 1.72093970883e-15, 7.26918182854e-17],
        "stdev": [0.000174199783942, 0.000691306893714, 0.00119813834317, 0.00158732477576, 0.00161814515013, 0.00142321700696, 0.00134176888969, 0.000752614520025, 0.000569181051105, 0.0010174595518, 0.00110325939022, 0.001102362643, 0.000954943709075, 0.000736101355869, 0.000352823961293, 0.00036749150604, 0.000453459273558, 0.000485628697788, 0.000350206071744, 0.000404324615374, 0.000517613836564, 0.000420023890911, 0.000287655013381, 0.00014773150906, 0.000276097853202, 0.000498002918903, 0.000319628103171, 0.000431964144809, 0.00019172867178, 0.000304359156871, 0.000234740873566, 0.000131935143145, 0.000206036580494, 0.000351144117303, 0.000177677546162, 0.0001410922996, 0.000165660225321, 9.49485329329e-05, 0.000231641184655, 0.000224806703045, 0.000112925154099, 0.000214798390516, 0.000170587576577, 0.000227564494708, 0.000160324692843, 0.000172670945176, 0.00046326383017, 0.000167893464095, 0.000181938026799, 0.000276293547358, 0.000184335498489, 0.000136096219649, 0.000123351055663, 0.000126175407786, 0.00012658261403, 0.000108142063254, 0.000131264692754, 0.000115643219033, 8.04380615591e-05, 6.01764804742e-05, 4.48563441751e-05, 5.09708697791e-05, 7.07045182935e-05, 5.30925572093e-05, 3.20255894621e-05, 2.94597321044e-05, 3.76448260795e-05, 2.46459658229e-05, 1.28296096591e-05, 1.4777971046e-05, 1.40494821608e-05, 1.72747295437e-05, 1.53267446876e-05, 1.81688337761e-05, 1.39355443025e-05, 1.35205445986e-05, 1.27975099531e-05, 6.49404682918e-06, 4.72459623779e-06, 5.96151176069e-06, 3.43648753187e-06, 2.89904369311e-06, 2.48360174737e-06, 2.12870418181e-06, 2.20575930143e-06, 2.07030871024e-06, 2.10422103919e-06, 2.23343977268e-06, 2.20588231059e-06, 1.86253623724e-06, 2.08242067856e-06, 1.63223398886e-06, 1.12935788366e-06, 8.13860367543e-07, 1.20412448723e-06, 1.88775061361e-06, 1.95502684619e-06, 1.81383791187e-06, 1.34565777898e-06, 1.11712699891e-06, 8.30285102893e-07, 6.31017314845e-07, 3.73064239056e-07, 2.60859110313e-07, 2.02335655786e-07, 2.08314887118e-07, 1.5241124629e-07, 1.58164269237e-07, 1.71301934415e-07, 1.70467757243e-07, 1.23513373751e-07, 1.20046109942e-07, 8.45106882252e-08, 2.46933922199e-08, 6.11618178326e-09, 4.21265022865e-09, 1.10863007663e-09, 1.17750757062e-11, 1.14328373158e-11, 1.11124364918e-11, 1.08140597171e-11, 1.06124197971e-11, 1.03653162442e-11, 1.02277925712e-11, 1.00626156713e-11, 9.9638257714e-12, 9.84270911303e-12, 9.78892054221e-12]
    },
    "mfcc": {
        "mean": [-630.413513184, 121.748199463, -17.7761001587, 38.1301994324, 11.322936058, 2.97103619576, -1.90611720085, 0.284579724073, -3.48489952087, 0.210467621684, -5.50872898102, -2.4305896759, -4.49231100082],
        "cov": [[2106.98632812, -472.5184021, -201.329559326, -148.382003784, 17.4621543884, 10.3710956573, 70.2940216064, -17.7557659149, 37.7654953003, 76.4586486816, 37.8001670837, 23.3995399475, -42.3439865112], [-472.5184021, 424.106719971, -104.333595276, 37.7913246155, -51.796497345, -11.1682138443, 59.7956352234, -5.57100009918, -9.73379325867, 5.85496330261, -5.85328197479, -10.3219404221, -4.93837738037], [-201.329559326, -104.333595276, 454.47555542, 46.5831680298, 77.1216506958, 10.5584983826, -69.5067977905, 51.6282997131, -5.23232078552, -23.5066070557, 5.21091938019, 4.9082736969, 30.6253700256], [-148.382003784, 37.7913246155, 46.5831680298, 240.263153076, 61.8942375183, -28.8145198822, -56.6465034485, 7.80357551575, 12.6979942322, -14.277466774, -4.1022977829, 30.0993938446, 12.1628293991], [17.4621543884, -51.796497345, 77.1216506958, 61.8942375183, 162.920089722, 0.424152970314, -66.5510177612, 16.2262134552, 11.4932003021, 1.066452384, -10.4267024994, 1.21905827522, 6.36454820633], [10.3710956573, -11.1682138443, 10.5584983826, -28.8145198822, 0.424152970314, 137.738037109, 68.0051040649, -12.9210367203, -7.20512914658, 0.0129498280585, 4.35674619675, -16.5717983246, 1.2388266325], [70.2940216064, 59.7956352234, -69.5067977905, -56.6465034485, -66.5510177612, 68.0051040649, 176.649993896, -1.82498002052, -0.497695475817, 11.9991970062, -1.17582952976, -13.2824163437, -8.98279285431], [-17.7557659149, -5.57100009918, 51.6282997131, 7.80357551575, 16.2262134552, -12.9210367203, -1.82498002052, 88.7879486084, 15.0875473022, -7.33288526535, -1.43660318851, -2.97027134895, 3.77767944336], [37.7654953003, -9.73379325867, -5.23232078552, 12.6979942322, 11.4932003021, -7.20512914658, -0.497695475817, 15.0875473022, 90.6857376099, 27.0761470795, -0.254003167152, -3.63852286339, -12.0865058899], [76.4586486816, 5.85496330261, -23.5066070557, -14.277466774, 1.066452384, 0.0129498280585, 11.9991970062, -7.33288526535, 27.0761470795, 88.7766876221, 18.3534851074, -10.239279747, -13.1064577103], [37.8001670837, -5.85328197479, 5.21091938019, -4.1022977829, -10.4267024994, 4.35674619675, -1.17582952976, -1.43660318851, -0.254003167152, 18.3534851074, 70.9014205933, 19.3541603088, -4.3680062294], [23.3995399475, -10.3219404221, 4.9082736969, 30.0993938446, 1.21905827522, -16.5717983246, -13.2824163437, -2.97027134895, -3.63852286339, -10.239279747, 19.3541603088, 73.8986206055, 20.129863739], [-42.3439865112, -4.93837738037, 30.6253700256, 12.1628293991, 6.36454820633, 1.2388266325, -8.98279285431, 3.77767944336, -12.0865058899, -13.1064577103, -4.3680062294, 20.129863739, 70.9672393799]],
        "icov": [[0.000842517532874, 0.00110584346112, 0.000525315175764, 0.000216775908484, -0.000360628939234, 0.000323091284372, -0.000676050200127, -5.70879674342e-05, 1.1733658539e-05, -0.000493504514452, -0.000227278229431, -0.000359700294212, 0.000258873798884], [0.00110584346112, 0.00428057648242, 0.00118440284859, -0.000699049676768, 0.000128411600599, 0.00101662054658, -0.0019072763389, -0.000215319785639, 0.000537528423592, -0.00084652780788, -0.000287509174086, 0.000272521312581, 0.000147375190863], [0.000525315175764, 0.00118440284859, 0.00318407081068, -0.000188178571989, -0.000817962922156, -0.000520403613336, 0.000426849874202, -0.00160121975932, 0.000343316671206, 3.92928668589e-05, -0.000641227816232, 0.000166712445207, -0.000745274010114], [0.000216775908484, -0.000699049676768, -0.000188178571989, 0.00551174441352, -0.00184724363498, 0.000401703495299, 0.000791039085016, 0.00018167491362, -0.000970015709754, 0.0006115201395, 0.000319460843457, -0.00219041714445, 5.50852273591e-05], [-0.000360628939234, 0.000128411600599, -0.000817962922156, -0.00184724363498, 0.00904949847609, -0.00224900525063, 0.00355319259688, -0.00133579852991, -0.000343686755514, -0.0011784916278, 0.00190881767776, 0.000190261416719, -7.92723426457e-07], [0.000323091284372, 0.00101662054658, -0.000520403613336, 0.000401703495299, -0.00224900525063, 0.0107462657616, -0.0054573728703, 0.00238841259852, 0.0002570830693, 0.00102363154292, -0.00204582698643, 0.00242607598193, -0.000965800252743], [-0.000676050200127, -0.0019072763389, 0.000426849874202, 0.000791039085016, 0.00355319259688, -0.0054573728703, 0.0104700634256, -0.00185112294275, -0.00021275151812, -0.000939253950492, 0.00162843707949, -0.000551604374778, 0.000391524954466], [-5.70879674342e-05, -0.000215319785639, -0.00160121975932, 0.00018167491362, -0.00133579852991, 0.00238841259852, -0.00185112294275, 0.0133995097131, -0.0026749598328, 0.00209904322401, -0.000945999694522, 0.00140405353159, -0.000783068593591], [1.1733658539e-05, 0.000537528423592, 0.000343316671206, -0.000970015709754, -0.000343686755514, 0.0002570830693, -0.00021275151812, -0.0026749598328, 0.0132856937125, -0.0043831449002, 0.00124459154904, -0.000422967568738, 0.00185408152174], [-0.000493504514452, -0.00084652780788, 3.92928668589e-05, 0.0006115201395, -0.0011784916278, 0.00102363154292, -0.000939253950492, 0.00209904322401, -0.0043831449002, 0.0148374121636, -0.00462419306859, 0.00293124956079, 0.000259726570221], [-0.000227278229431, -0.000287509174086, -0.000641227816232, 0.000319460843457, 0.00190881767776, -0.00204582698643, 0.00162843707949, -0.000945999694522, 0.00124459154904, -0.00462419306859, 0.0177106130868, -0.00615808460861, 0.00238213152625], [-0.000359700294212, 0.000272521312581, 0.000166712445207, -0.00219041714445, 0.000190261416719, 0.00242607598193, -0.000551604374778, 0.00140405353159, -0.000422967568738, 0.00293124956079, -0.00615808460861, 0.0184918362647, -0.00525108957663], [0.000258873798884, 0.000147375190863, -0.000745274010114, 5.50852273591e-05, -7.92723426457e-07, -0.000965800252743, 0.000391524954466, -0.000783068593591, 0.00185408152174, 0.000259726570221, 0.00238213152625, -0.00525108957663, 0.0166759043932]]
    },
    "spectral_contrast_coeffs": {
        "max": [-0.458794057369, -0.525045394897, -0.508085072041, -0.584726572037, -0.614094316959, -0.569240391254],
        "mean": [-0.711679399014, -0.747348308563, -0.751544892788, -0.764424800873, -0.766725599766, -0.738100767136],
        "min": [-0.888601243496, -0.931789398193, -0.923652946949, -0.894406557083, -0.872979164124, -0.911427676678],
        "stdev": [0.057648062706, 0.0572504848242, 0.0587529577315, 0.0500408858061, 0.0388889238238, 0.0361921153963]
    },
    "spectral_contrast_valleys": {
        "max": [-5.05638837814, -5.16007566452, -5.64447307587, -5.71783399582, -5.81125926971, -8.06424427032],
        "mean": [-6.4424405098, -6.83824014664, -7.5385184288, -7.39034318924, -7.23913812637, -10.5376195908],
        "min": [-9.04778957367, -8.56319999695, -9.15612125397, -9.08888530731, -9.08611774445, -13.2967281342],
        "stdev": [0.546599507332, 0.501168966293, 0.524834573269, 0.509157240391, 0.520013272762, 0.728462457657]
    }
},
"rhythm": {
    "beats_count": 198,
    "beats_loudness": {
        "max": 0.0565663352609,
        "mean": 0.0290331784636,
        "min": 0.00685813417658,
        "stdev": 0.0102138482034
    },
    "bpm": 140.484359741,
    "bpm_histogram_first_peak_bpm": 140,
    "bpm_histogram_first_peak_weight": 0.259067356586,
    "bpm_histogram_second_peak_bpm": 157,
    "bpm_histogram_second_peak_spread": 0,
    "bpm_histogram_second_peak_weight": 0.0152284260839,
    "danceability": 1.31254172325,
    "onset_rate": 3.87007689476,
    "beats_loudness_band_ratio": {
        "max": [0.894731938839, 0.860407054424, 0.421242803335, 0.617783904076, 0.51013982296, 0.205858111382],
        "mean": [0.420621812344, 0.215030819178, 0.102951407433, 0.10718395561, 0.150970488787, 0.0547600798309],
        "min": [0.0534735955298, 0.0283808298409, 0.0135421492159, 0.00311336573213, 0.00788943376392, 0.00478201080114],
        "stdev": [0.182707667351, 0.133198574185, 0.080582164228, 0.114130206406, 0.112999767065, 0.0327004864812]
    },
