{
"metadata": {
    "version": {
        "essentia": "2.1-beta5",
        "essentia_git_sha": "Undefined",
        "extractor": "music 2.0"
    },
    "audio_properties": {
        "analysis": {
            "equal_loudness": 0,
            "length": 34.1333351135,
            "sample_rate": 44100,
            "start_time": 178.735595703,
            "downmix": "mix"
        },
        "bit_rate": 192000,
        "length": 212.880981445,
        "lossless": 0,
        "number_channels": 2,
        "replay_gain": -5.6125087738,
        "sample_rate": 48000,
        "codec": "mp3",
        "md5_encoded": "266fbd6aaabdae79e2cb9ae99223ecf0"
    },
    "tags": {
        "file_name": "Slovakia_Kým Nás Máš_Marcel Palonder.mp3",
        "encoding": ["Lavf58.29.100"]
    }
},
"lowlevel": {
    "average_loudness": 0.66273277998,
    "barkbands_crest": {
        "max": 19.8063354492,
        "mean": 7.26829576492,
        "min": 2.72976994514,
        "stdev": 2.58025884628
    },
    "barkbands_flatness_db": {
        "max": 0.239735648036,
        "mean": 0.118493840098,
        "min": 0.0545903518796,
        "stdev": 0.0395160540938
    },
    "barkbands_kurtosis": {
        "max": 28.2959747314,
        "mean": 2.69209194183,
        "min": -1.82262206078,
        "stdev": 3.24985265732
    },
    "barkbands_skewness": {
        "max": 4.9361987114,
        "mean": 0.296806126833,
        "min": -2.24044442177,
        "stdev": 1.6333104372
    },
    "barkbands_spread": {
        "max": 82.7521057129,
        "mean": 21.2199935913,
        "min": 4.53623723984,
        "stdev": 7.88251829147
    },
    "dissonance": {
        "max": 0.499999910593,
        "mean": 0.473564386368,
        "min": 0.375110566616,
        "stdev": 0.023375691846
    },
    "dynamic_complexity": 3.71645116806,
    "erbbands_crest": {
        "max": 18.4187717438,
        "mean": 6.38093233109,
        "min": 2.58796167374,
        "stdev": 2.91232347488
    },
    "erbbands_flatness_db": {
        "max": 0.26885202527,
        "mean": 0.151835739613,
        "min": 0.0783980190754,
        "stdev": 0.0446890555322
    },
    "erbbands_kurtosis": {
        "max": 4.90774250031,
        "mean": 0.0945389643312,
        "min": -1.67774927616,
        "stdev": 1.01329517365
    },
    "erbbands_skewness": {
        "max": 1.74071681499,
        "mean": -0.0214714333415,
        "min": -1.8830691576,
        "stdev": 0.608672618866
    },
    "erbbands_spread": {
        "max": 114.314659119,
        "mean": 35.6911010742,
        "min": 8.99820804596,
        "stdev": 13.720872879
    },
    "hfc": {
        "max": 89.747215271,
        "mean": 16.1312427521,
        "min": 1.04675372092e-16,
        "stdev": 18.1038475037
    },
    "loudness_ebu128": {
        "integrated": -16.8755149841,
        "loudness_range": 7.1189956665,
        "momentary": {
            "max": -13.9404239655,
            "mean": -103.772911072,
            "min": -300.691009521,
            "stdev": 129.540740967
        },
        "short_term": {
            "max": -15.280424118,
            "mean": -88.102973938,
            "min": -300.691009521,
            "stdev": 120.906860352
        }
    },
    "melbands_crest": {
        "max": 26.4237861633,
        "mean": 7.91496992111,
        "min": 1.582508564,
        "stdev": 4.88613700867
    },
    "melbands_flatness_db": {
        "max": 0.318764358759,
        "mean": 0.130007117987,
        "min": 0.00267720757984,
        "stdev": 0.0952076911926
    },
    "melbands_kurtosis": {
        "max": 95.6831741333,
        "mean": 5.69505310059,
        "min": -1.46052908897,
        "stdev": 10.0450258255
    },
    "melbands_skewness": {
        "max": 8.21871376038,
        "mean": 1.49313652515,
        "min": -0.325888246298,
        "stdev": 1.50782239437
    },
    "melbands_spread": {
        "max": 168.604293823,
        "mean": 56.3359260559,
        "min": 3.56284308434,
        "stdev": 51.8813247681
    },
    "pitch_salience": {
        "max": 0.875972092152,
        "mean": 0.669109940529,
        "min": 0.29760029912,
        "stdev": 0.111901409924
    },
    "silence_rate_20dB": {
        "max": 1,
        "mean": 1,
        "min": 1,
        "stdev": 0
    },
    "silence_rate_30dB": {
        "max": 1,
        "mean": 1,
        "min": 1,
        "stdev": 0
    },
    "silence_rate_60dB": {
        "max": 1,
        "mean": 0.349422156811,
        "min": 0,
        "stdev": 0.47678565979
    },
    "spectral_centroid": {
        "max": 12008.3154297,
        "mean": 4303.89746094,
        "min": 383.982757568,
        "stdev": 4502.23876953
    },
    "spectral_complexity": {
        "max": 46,
        "mean": 15.4636297226,
        "min": 0,
        "stdev": 12.5954761505
    },
    "spectral_decrease": {
        "max": 2.35113218343e-28,
        "mean": -5.80242343062e-09,
        "min": -3.25850635363e-08,
        "stdev": 5.66706681582e-09
    },
    "spectral_energy": {
        "max": 0.125653669238,
        "mean": 0.0233628042042,
        "min": 9.91726223435e-21,
        "stdev": 0.022740624845
    },
    "spectral_energyband_high": {
        "max": 0.0100579271093,
        "mean": 0.000474761327496,
        "min": 6.73183210457e-21,
        "stdev": 0.000816858664621
    },
    "spectral_energyband_low": {
        "max": 0.0853718444705,
        "mean": 0.00710574025288,
        "min": 1.00724000744e-23,
        "stdev": 0.00942580867559
    },
    "spectral_energyband_middle_high": {
        "max": 0.0472155697644,
        "mean": 0.00568639952689,
        "min": 1.13165335601e-21,
        "stdev": 0.008624128066
    },
    "spectral_energyband_middle_low": {
        "max": 0.0858212411404,
        "mean": 0.0111565971747,
        "min": 1.55399375794e-22,
        "stdev": 0.0116899330169
    },
    "spectral_entropy": {
        "max": 9.83063411713,
        "mean": 8.25039863586,
        "min": 6.72435331345,
        "stdev": 1.06508767605
    },
    "spectral_flux": {
        "max": 0.251070529222,
        "mean": 0.0540249682963,
        "min": 6.22080303936e-11,
        "stdev": 0.0476559922099
    },
    "spectral_kurtosis": {
        "max": 13.2423820496,
        "mean": 2.46374511719,
        "min": -1.26716947556,
        "stdev": 2.99477624893
    },
    "spectral_rms": {
        "max": 0.0110719893128,
        "mean": 0.00372739089653,
        "min": 3.11052681008e-12,
        "stdev": 0.00298321247101
    },
    "spectral_rolloff": {
        "max": 19832.0800781,
        "mean": 6706.10693359,
        "min": 129.19921875,
        "stdev": 8090.10498047
    },
    "spectral_skewness": {
        "max": 2.44799017906,
        "mean": 0.995763897896,
        "min": -0.0997024998069,
        "stdev": 0.716255187988
    },
    "spectral_spread": {
        "max": 42596284,
        "mean": 15119091,
        "min": 2250552.75,
        "stdev": 17029042
    },
    "spectral_strongpeak": {
        "max": 8.95358943939,
        "mean": 0.75568318367,
        "min": 0,
        "stdev": 1.20998764038
    },
    "zerocrossingrate": {
        "max": 0.7431640625,
        "mean": 0.193245187402,
        "min": 0.015625,
        "stdev": 0.207306534052
    },
    "barkbands": {
        "max": [0.00305292475969, 0.0454513169825, 0.0494462326169, 0.0650656074286, 0.0636898502707, 0.0157636050135, 0.0309077091515, 0.0104512833059, 0.0174867771566, 0.0137445488945, 0.0123742762953, 0.0167048089206, 0.0231867730618, 0.0185463745147, 0.00945051107556, 0.0156652014703, 0.00488241901621, 0.0022824339103, 0.00246623833664, 0.00262075127102, 0.00247464934364, 0.00485676946118, 0.00179627456237, 0.00156621204223, 0.000293590972433, 0.000119505151815, 3.7260357999e-07],
        "mean": [0.000175848326762, 0.00340865459293, 0.00259096291848, 0.00184940174222, 0.00393926119432, 0.00139502354432, 0.00173268653452, 0.000604343949817, 0.00144353974611, 0.000745889439713, 0.000610964023508, 0.000837902480271, 0.00113874697126, 0.000730860396288, 0.000473271182273, 0.000372548121959, 0.000329556991346, 0.000170616011019, 0.000225014213356, 0.000237439962802, 0.000100364399259, 0.000127565523144, 6.14347518422e-05, 4.13990128436e-05, 1.6009029423e-05, 3.50206596522e-06, 2.0874711737e-08],
        "min": [2.48005468694e-25, 4.68959812264e-25, 1.79064670864e-25, 4.81133415146e-25, 3.11620686275e-24, 5.64764967469e-24, 6.00595542544e-24, 4.16922651955e-24, 9.7750799769e-24, 6.36818339261e-24, 1.04377184041e-23, 1.88153407538e-23, 2.21306170604e-23, 2.23886092863e-23, 4.23773017504e-23, 4.95229868457e-23, 5.6749959324e-23, 6.55172458287e-23, 1.03025694917e-22, 1.55010978549e-22, 1.83615605087e-22, 2.87917746368e-22, 3.58760358665e-22, 5.31961144403e-22, 8.29379174207e-22, 1.17442501564e-21, 1.91143506544e-21],
        "stdev": [0.000297841645079, 0.00458543235436, 0.00420391838998, 0.00374139542691, 0.00611599208787, 0.00197368487716, 0.00273264315911, 0.00103114778176, 0.00271231797524, 0.00140632654075, 0.00126665772405, 0.00194048369303, 0.00281198089942, 0.00170978787355, 0.000862244225573, 0.000803713744972, 0.000465367163997, 0.000233981889323, 0.000323388230754, 0.000389295135392, 0.000169638966327, 0.000280322594335, 0.000135364491143, 0.000107538704469, 3.77906580979e-05, 9.01893054106e-06, 4.18739247721e-08]
    },
    "erbbands": {
        "max": [1.13265490532, 10.4554843903, 56.2613563538, 127.827232361, 132.659011841, 374.226745605, 254.75680542, 191.808746338, 435.914581299, 561.229064941, 320.426422119, 295.570587158, 252.893981934, 416.878204346, 467.738800049, 865.862609863, 918.308227539, 618.979064941, 875.190490723, 1051.85620117, 473.935089111, 337.158874512, 116.538124084, 121.25163269, 146.494033813, 146.095794678, 76.5149154663, 139.322631836, 160.413040161, 113.843208313, 38.7957458496, 35.2462844849, 22.4250259399, 5.42102336884, 1.34270465374, 0.453107357025, 0.313832968473, 0.0105087701231, 0.000279073341517, 0.000138648916618],
        "mean": [0.0908309444785, 0.807457089424, 2.90011739731, 4.79274749756, 9.06022357941, 13.6432151794, 13.8126010895, 12.2583303452, 28.4095859528, 13.0789613724, 22.6460800171, 27.5696563721, 21.6802139282, 22.0780906677, 24.0159626007, 38.1512451172, 53.0064582825, 41.0626487732, 28.7374954224, 26.963848114, 19.0340557098, 17.6792182922, 10.8834972382, 10.6824674606, 11.1837291718, 10.6667232513, 5.77996206284, 3.72012925148, 4.5851111412, 3.42147731781, 1.43226802349, 0.894240379333, 0.670570909977, 0.249322041869, 0.0799636766315, 0.0245087295771, 0.00503633078188, 0.000197561443201, 1.95045849978e-05, 2.82070723188e-05],
        "min": [6.12433425946e-23, 2.82887489609e-22, 1.62999090098e-21, 2.95002838111e-21, 7.48766071526e-21, 1.05629445571e-20, 2.73427297978e-20, 5.68324908859e-20, 5.2502623663e-20, 1.12039339224e-19, 2.13462642466e-19, 2.98440690402e-19, 2.37090203633e-19, 3.86452966071e-19, 7.01279225528e-19, 9.11785989773e-19, 1.21231952467e-18, 1.60944800618e-18, 2.34288630787e-18, 2.20010211284e-18, 3.60132518419e-18, 3.6961068475e-18, 3.95380131886e-18, 5.63118587555e-18, 6.52107298239e-18, 7.75213486878e-18, 8.13376539773e-18, 9.1861905998e-18, 1.02456087868e-17, 9.07604405661e-18, 1.04425737255e-17, 9.43130075891e-18, 9.04780659204e-18, 7.41386101164e-18, 5.65553559124e-18, 3.75890805397e-18, 2.10724364445e-18, 9.54502837377e-19, 2.36082620099e-19, 2.56661817145e-20],
        "stdev": [0.116067133844, 1.15543878078, 4.56401586533, 8.66920471191, 13.1016769409, 25.4247016907, 23.3946475983, 18.7550735474, 43.9847221375, 27.9607658386, 42.4606285095, 48.7321357727, 37.6284065247, 43.2281494141, 46.3897743225, 89.8962020874, 130.518859863, 91.0836715698, 56.0613365173, 56.4888687134, 31.5750217438, 24.8190803528, 14.2293872833, 14.4539680481, 17.6035614014, 18.2619533539, 8.48334407806, 7.42188596725, 9.80614185333, 7.95497179031, 2.98588824272, 2.34896826744, 1.68013358116, 0.601531267166, 0.183608338237, 0.0537665449083, 0.0173845533282, 0.000583256187383, 2.36382529692e-05, 2.71660974249e-05]
    },
    "gfcc": {
        "mean": [-389.390380859, 78.9833908081, -99.8693161011, 28.7838039398, -42.596282959, 9.78227996826, -26.7102203369, 1.96760368347, -13.1823348999, -1.22846865654, -6.0675573349, -3.57754874229, -2.09407567978],
        "cov": [[348067, 32026.8378906, -38450.1210938, 11914.8066406, -16675.4824219, 3956.79248047, -10332.3154297, 618.436645508, -5196.86132812, -540.616699219, -2328.47119141, -1455.36889648, -826.693725586], [32026.8378906, 4128.9453125, -2988.84521484, 1469.03320312, -1158.29663086, 237.448165894, -726.275512695, -98.4672393799, -375.850158691, -210.769729614, -47.8790664673, -197.172698975, 17.7937259674], [-38450.1210938, -2988.84521484, 5157.51025391, -907.246765137, 2019.65478516, -506.721008301, 1219.78295898, -105.811004639, 619.571594238, 26.6825942993, 286.4140625, 195.261795044, 116.97567749], [11914.8066406, 1469.03320312, -907.246765137, 736.013183594, -412.864654541, 110.349716187, -303.14276123, -51.4494743347, -137.450057983, -62.4078483582, -17.4391689301, -60.1057128906, 12.3551044464], [-16675.4824219, -1158.29663086, 2019.65478516, -412.864654541, 1070.05163574, -198.729187012, 535.106323242, -106.118003845, 270.05380249, -13.7943181992, 165.180892944, 51.9162406921, 52.3360900879], [3956.79248047, 237.448165894, -506.721008301, 110.349716187, -198.729187012, 138.319488525, -94.6761779785, -2.82253074646, -72.9130020142, 10.6346902847, -28.5573577881, -25.07579422, -31.608839035], [-10332.3154297, -726.275512695, 1219.78295898, -303.14276123, 535.106323242, -94.6761779785, 453.580230713, -48.8871002197, 173.489257812, -24.3426837921, 115.122238159, 13.9185361862, 31.0619125366], [618.436645508, -98.4672393799, -105.811004639, -51.4494743347, -106.118003845, -2.82253074646, -48.8871002197, 97.0609893799, -10.2173652649, 28.4115486145, -39.1482048035, 9.88105773926, -17.2806873322], [-5196.86132812, -375.850158691, 619.571594238, -137.450057983, 270.05380249, -72.9130020142, 173.489257812, -10.2173652649, 131.64932251, 3.93628120422, 49.1268424988, 13.8584461212, 17.4832725525], [-540.616699219, -210.769729614, 26.6825942993, -62.4078483582, -13.7943181992, 10.6346902847, -24.3426837921, 28.4115486145, 3.93628120422, 63.3650016785, -15.7152395248, 20.7533321381, -22.8009376526], [-2328.47119141, -47.8790664673, 286.4140625, -17.4391689301, 165.180892944, -28.5573577881, 115.122238159, -39.1482048035, 49.1268424988, -15.7152395248, 84.9136199951, -9.16935539246, 26.6959552765], [-1455.36889648, -197.172698975, 195.261795044, -60.1057128906, 51.9162406921, -25.07579422, 13.9185361862, 9.88105773926, 13.8584461212, 20.7533321381, -9.16935539246, 56.2453536987, 0.423891574144], [-826.693725586, 17.7937259674, 116.97567749, 12.3551044464, 52.3360900879, -31.608839035, 31.0619125366, -17.2806873322, 17.4832725525, -22.8009376526, 26.6959552765, 0.423891574144, 44.0771865845]],
        "icov": [[0.000605004956014, -0.00210427236743, 0.00131017656531, -0.0018465348985, 0.00191890529823, -0.00195784703828, 0.00156600389164, -0.00111647963058, 0.00190338573884, -0.00119678338524, 0.00164176197723, -0.000851330638397, 0.00165322201792], [-0.00210427236743, 0.00918013416231, -0.00342678721063, 0.00321290059946, -0.00692834146321, 0.00918371975422, -0.00680048810318, 0.00392408622429, -0.00640699034557, 0.00608817953616, -0.00617107097059, 0.00290533038788, -0.00443549035117], [0.00131017656531, -0.00342678721063, 0.00522724306211, -0.00683362362906, 0.00221845391206, -0.000814618775621, -0.000403071462642, -0.00292795337737, 0.00361974607222, -0.00375321321189, 0.00528026977554, -0.00402962602675, 0.00338073098101], [-0.0018465348985, 0.00321290059946, -0.00683362362906, 0.0145031940192, -0.00406597647816, -0.000268873292953, 0.00137837522198, 0.00492850737646, -0.00653240084648, 0.00431802077219, -0.00735366391018, 0.00400221254677, -0.00702354731038], [0.00191890529823, -0.00692834146321, 0.00221845391206, -0.00406597647816, 0.0115734180436, -0.00663379672915, 0.00624872045591, -0.000109451466415, 0.0042558372952, -0.00213341484778, 0.00179509585723, -0.00187268678565, 0.00723271863535], [-0.00195784703828, 0.00918371975422, -0.000814618775621, -0.000268873292953, -0.00663379672915, 0.0265572965145, -0.0128460135311, 0.00670670624822, -0.00125432456844, -0.00126255606301, -0.00319496006705, 0.00427670869976, 0.00215150881559], [0.00156600389164, -0.00680048810318, -0.000403071462642, 0.00137837522198, 0.00624872045591, -0.0128460135311, 0.0194046720862, -0.00261900410987, 0.000622462830506, 0.00543908169493, -0.00466864556074, 0.000743814976886, 0.00685383426026], [-0.00111647963058, 0.00392408622429, -0.00292795337737, 0.00492850737646, -0.000109451466415, 0.00670670624822, -0.00261900410987, 0.019488023594, -0.00548620847985, -0.0020933302585, 0.000978463678621, 0.00290692062117, -0.00123721174896], [0.00190338573884, -0.00640699034557, 0.00361974607222, -0.00653240084648, 0.0042558372952, -0.00125432456844, 0.000622462830506, -0.00548620847985, 0.0281653515995, -0.00870915967971, 0.00385425891727, 0.000438069197116, 0.00395232159644], [-0.00119678338524, 0.00608817953616, -0.00375321321189, 0.00431802077219, -0.00213341484778, -0.00126255606301, 0.00543908169493, -0.0020933302585, -0.00870915967971, 0.0377855673432, -0.0126382317394, -0.00549581926316, 0.0115282963961], [0.00164176197723, -0.00617107097059, 0.00528026977554, -0.00735366391018, 0.00179509585723, -0.00319496006705, -0.00466864556074, 0.000978463678621, 0.00385425891727, -0.0126382317394, 0.0344920642674, 0.00196054135449, -0.00839339196682], [-0.000851330638397, 0.00290533038788, -0.00402962602675, 0.00400221254677, -0.00187268678565, 0.00427670869976, 0.000743814976886, 0.00290692062117, 0.000438069197116, -0.00549581926316, 0.00196054135449, 0.0294281542301, -0.00614892411977], [0.00165322201792, -0.00443549035117, 0.00338073098101, -0.00702354731038, 0.00723271863535, 0.00215150881559, 0.00685383426026, -0.00123721174896, 0.00395232159644, 0.0115282963961, -0.00839339196682, -0.00614892411977, 0.0456603430212]]
    },
    "melbands": {
        "max": [0.0113052166998, 0.0226604938507, 0.0228800233454, 0.014658822678, 0.0107924314216, 0.00376549526118, 0.00681373104453, 0.00509926304221, 0.00358352554031, 0.00188078766223, 0.00130169687327, 0.00163389288355, 0.00159483053721, 0.00200246740133, 0.00203381781466, 0.00310989446007, 0.0011876183562, 0.00194194924552, 0.000959248223808, 0.00130613101646, 0.000552578072529, 0.000424540281529, 0.000156338515808, 0.00010143648251, 0.000101233839814, 0.0001022524375, 0.00011495804938, 0.00011883663683, 5.12352344231e-05, 3.83060905733e-05, 9.91774722934e-05, 9.89576583379e-05, 9.20608727029e-05, 5.05143107148e-05, 2.03877152671e-05, 2.28670633078e-05, 2.27417494898e-05, 2.08803630812e-05, 7.7907461673e-06, 4.10441725762e-06],
        "mean": [0.000882852822542, 0.00134460092522, 0.000947980734054, 0.000837551022414, 0.000529464101419, 0.000301160878735, 0.00038881690125, 0.000125475213281, 0.00022787724447, 0.000165654491866, 0.000110989603854, 9.27582514123e-05, 7.37131849746e-05, 8.43971720315e-05, 0.000102596917714, 0.000123950347188, 7.20062671462e-05, 4.91147729917e-05, 3.89340311813e-05, 3.09882198053e-05, 2.06311015063e-05, 2.00197537197e-05, 1.17902891361e-05, 7.90423200669e-06, 8.70543317433e-06, 8.53925757838e-06, 7.9565706983e-06, 7.14877251085e-06, 4.10663324146e-06, 2.37421136262e-06, 2.05503215511e-06, 2.61770969701e-06, 2.61166655946e-06, 1.58402281158e-06, 8.04032879387e-07, 6.50511935874e-07, 5.37490677743e-07, 5.68395762457e-07, 2.77025691275e-07, 1.8498788279e-07],
        "min": [6.48936702157e-25, 9.67186758543e-25, 6.7824150428e-25, 7.5050313535e-25, 1.00145882057e-24, 1.29635119859e-24, 7.32121591575e-25, 1.35269164444e-24, 1.26911331065e-24, 1.51837038112e-24, 9.91572618491e-25, 1.20191163064e-24, 1.6183228049e-24, 2.64797433094e-24, 1.82772326979e-24, 2.42033648661e-24, 2.24524604768e-24, 3.11646797571e-24, 2.79893686743e-24, 3.26972373086e-24, 2.92560564349e-24, 2.9227976931e-24, 2.3095802183e-24, 2.64496147392e-24, 3.48913020607e-24, 3.65566544848e-24, 4.09741375034e-24, 4.64925784671e-24, 4.15669822509e-24, 3.49873103772e-24, 4.276552229e-24, 4.41233412345e-24, 4.99925255339e-24, 4.33116073073e-24, 4.7123884128e-24, 4.77965813207e-24, 5.03284343403e-24, 5.17013639154e-24, 5.63916074249e-24, 5.59468437022e-24],
        "stdev": [0.00113954918925, 0.00196443358436, 0.00153100059833, 0.0012281233212, 0.000969653308857, 0.000420579133788, 0.000598322076257, 0.000273893354461, 0.000471461447887, 0.000296114652883, 0.00019847767544, 0.000178537826287, 0.000145878104377, 0.000183505631867, 0.000251111283433, 0.000333914591465, 0.000165785560966, 0.000111701054266, 7.7407938079e-05, 7.03450496076e-05, 3.55756710633e-05, 2.94473902613e-05, 1.65260098584e-05, 1.10609853436e-05, 1.24352245621e-05, 1.32636187118e-05, 1.39680150824e-05, 1.30812104544e-05, 6.15683757133e-06, 3.99226200898e-06, 4.72270903629e-06, 5.62238119528e-06, 6.29691248832e-06, 3.66301696886e-06, 1.59292176249e-06, 1.70623434315e-06, 1.50825826495e-06, 1.49865923049e-06, 6.74032094139e-07, 4.57889484551e-07]
    },
    "melbands128": {
        "max": [0.00241170707159, 0.00876012630761, 0.0142752192914, 0.0190316438675, 0.0321191102266, 0.0203284285963, 0.0265264529735, 0.0327873937786, 0.0114234015346, 0.0137485470623, 0.029067825526, 0.0214531831443, 0.00941106211394, 0.00433724885806, 0.00613001314923, 0.00474299024791, 0.00950382743031, 0.0121340155602, 0.00596460187808, 0.0103419078514, 0.00426244316623, 0.00294981407933, 0.004575854633, 0.00721623143181, 0.00170917192008, 0.00412105582654, 0.00158675783314, 0.00216613640077, 0.00336316786706, 0.00314619159326, 0.00286698504351, 0.00316882156767, 0.00315467105247, 0.00363290286623, 0.00453047454357, 0.0027554766275, 0.00468110712245, 0.00385987269692, 0.00242488831282, 0.00343736214563, 0.00631656683981, 0.00176711252425, 0.00234489166178, 0.0026678070426, 0.00463915569708, 0.00162554741837, 0.000963263853919, 0.00132047617808, 0.00115194520913, 0.00363260973245, 0.00262503279373, 0.000585458299611, 0.000460110109998, 0.00102762354072, 0.000458880735096, 0.000870738935191, 0.000308031158056, 0.000351842114469, 0.000174866276211, 0.000203014482395, 0.000189483529539, 0.000206657961826, 0.000119124735647, 0.000179449692951, 0.000140551841469, 0.000172276093508, 0.000131208798848, 0.000360842910595, 0.000126712795463, 0.000187016747077, 0.000145638550748, 0.000228462566156, 7.97590837465e-05, 8.44550304464e-05, 9.57496085903e-05, 4.8579142458e-05, 5.36227271368e-05, 8.66599439178e-05, 0.000154873079737, 9.75759248831e-05, 0.00014134668163, 6.52493909001e-05, 0.000105840787, 0.000132409870275, 8.66193149704e-05, 5.42650741409e-05, 4.54344772152e-05, 4.28349922004e-05, 9.93732555798e-06, 2.37061776716e-05, 4.6693810873e-05, 2.45747633016e-05, 2.27742511925e-05, 1.10161781777e-05, 3.9256799937e-05, 3.171903154e-05, 1.75376681e-05, 1.27130906549e-05, 8.1474900071e-06, 8.11135487311e-06, 5.36077186553e-06, 4.33282093582e-06, 4.58441490991e-06, 3.02720059153e-06, 2.66637789537e-06, 2.15972704609e-06, 1.24697771753e-06, 1.1254776382e-06, 9.02348915588e-07, 9.77963850346e-07, 1.03426680198e-06, 1.52837185396e-06, 2.42587884713e-06, 2.22713254061e-07, 3.88237104687e-08, 4.35724949455e-08, 1.31956863214e-08, 2.24607088484e-09, 4.99341723526e-09, 2.69442068657e-09, 1.5225575245e-09, 1.22464302588e-10, 7.29747720585e-11, 7.16392847822e-11, 7.04670488627e-11, 6.94825169623e-11, 6.87890230888e-11, 6.83831741233e-11],
        "mean": [0.000159246861585, 0.000672519148793, 0.0011520688422, 0.00135440251324, 0.00155559193809, 0.00115868647117, 0.000951175694354, 0.000911883078516, 0.000893072399776, 0.000910682138056, 0.000732133048587, 0.00069437676575, 0.000469039165182, 0.000340403494192, 0.000231663565501, 0.000215510081034, 0.000618110992946, 0.000410331471357, 0.000145870508277, 0.000119184805953, 0.000136975315399, 8.45816612127e-05, 0.000240740948357, 0.000417639908846, 0.000119581614854, 0.000145399942994, 5.42774541827e-05, 0.000105280894786, 0.000166921061464, 8.49901334732e-05, 8.09381817817e-05, 7.91418278823e-05, 4.75766173622e-05, 0.000111300774734, 4.98913577758e-05, 7.88940815255e-05, 0.000130493048346, 0.000107856547402, 7.15070636943e-05, 0.000132899804157, 0.000173006192199, 5.10254540131e-05, 6.22459920123e-05, 8.89308576006e-05, 6.82091558701e-05, 4.01045508625e-05, 2.57529118244e-05, 4.55153785879e-05, 3.87075124308e-05, 3.71262976842e-05, 3.11754338327e-05, 2.61569621216e-05, 1.68926981132e-05, 1.9952929506e-05, 2.3876735213e-05, 2.12987779378e-05, 1.55211819219e-05, 1.36701646625e-05, 9.10603557713e-06, 1.10275641418e-05, 7.41207531973e-06, 6.06491994404e-06, 7.34189643481e-06, 9.68615131569e-06, 1.09894417619e-05, 8.50912419992e-06, 6.35183459963e-06, 9.17654870136e-06, 8.43695852382e-06, 6.37705807094e-06, 6.24642734692e-06, 9.53198468778e-06, 5.03858382217e-06, 2.81151778836e-06, 2.97968017549e-06, 2.69793486041e-06, 1.89412082818e-06, 1.97559143089e-06, 2.07846210287e-06, 1.93568166651e-06, 3.11696294375e-06, 2.34794970311e-06, 2.69306792688e-06, 2.92295999316e-06, 2.36023220168e-06, 1.79695234692e-06, 1.40728650422e-06, 9.72728344095e-07, 6.93170250088e-07, 6.57713655983e-07, 9.25811946217e-07, 5.4718299225e-07, 4.15898597339e-07, 4.19046642719e-07, 7.31270461074e-07, 7.21517608326e-07, 5.46526678136e-07, 3.18572773494e-07, 2.87062078996e-07, 2.54041282233e-07, 1.9635619708e-07, 1.97493889686e-07, 1.31871303211e-07, 1.04490915476e-07, 8.53851460647e-08, 6.77785649827e-08, 5.46956009373e-08, 4.88269336074e-08, 3.64459680213e-08, 3.50808306848e-08, 3.51524818143e-08, 2.33958470375e-08, 1.46449936622e-08, 2.28519825285e-09, 6.46958431272e-10, 8.72485861336e-10, 7.12956527149e-10, 2.34738391919e-11, 3.27424094781e-11, 1.46597473744e-11, 5.09789172681e-12, 3.30562638894e-12, 3.10269063046e-12, 3.04623188653e-12, 2.96185797242e-12, 2.84564190788e-12, 2.77917185793e-12, 2.75802015774e-12],
        "min": [2.60941320752e-26, 9.66432724614e-27, 1.0042355709e-26, 1.58734554371e-25, 3.98013113715e-25, 9.1985212135e-26, 2.10262196817e-25, 1.18972156029e-25, 3.66792513581e-25, 2.49293358078e-25, 1.69314251468e-25, 2.6707166978e-25, 2.98881055972e-25, 5.12371173005e-25, 2.49570297559e-25, 1.74302514794e-25, 1.9365704454e-25, 1.71274755706e-25, 4.78184307956e-25, 7.05441822722e-25, 3.49890330522e-25, 1.75144882655e-25, 4.29583770877e-25, 4.66132929211e-25, 6.42010848536e-25, 6.52264018848e-25, 5.06375435695e-25, 5.334211374e-25, 3.6604191243e-25, 4.22143629249e-25, 3.23700000557e-25, 3.46303379986e-25, 3.90007925813e-25, 7.07621889138e-25, 5.99135617388e-25, 4.69449842798e-25, 4.29872444664e-25, 5.19932947124e-25, 6.89242317515e-25, 6.75503663901e-25, 1.24653532268e-24, 8.97947943854e-25, 6.56483685134e-25, 6.48127133653e-25, 1.1087065314e-24, 1.08276947508e-24, 6.46506665443e-25, 4.38509534804e-25, 1.04931556042e-24, 1.26495266102e-24, 9.53685206935e-25, 1.21214187468e-24, 8.32299925397e-25, 1.1079656924e-24, 1.17566780604e-24, 1.47264238242e-24, 1.36785917167e-24, 1.59188679407e-24, 1.48684266758e-24, 1.87831587787e-24, 1.75902255685e-24, 1.45037806527e-24, 1.6865928984e-24, 1.66361653568e-24, 1.89695054739e-24, 1.52762263486e-24, 1.42034435567e-24, 1.46874097221e-24, 1.40113312744e-24, 2.00453421435e-24, 2.00079383037e-24, 1.62162231425e-24, 1.5781408928e-24, 2.65021292097e-24, 1.95834108354e-24, 2.53855143477e-24, 2.29517364602e-24, 2.75906330133e-24, 2.54197035794e-24, 3.02368195882e-24, 1.72501791866e-24, 2.86823948125e-24, 3.02952860142e-24, 2.50929021722e-24, 3.19456402203e-24, 3.28538202818e-24, 1.89704146361e-24, 2.55246595506e-24, 3.33351595403e-24, 3.34534255672e-24, 3.63965906628e-24, 2.12451995804e-24, 3.21184816168e-24, 3.46124910067e-24, 3.14757670551e-24, 2.22676047287e-24, 3.15720889437e-24, 3.93938045633e-24, 2.73638177537e-24, 4.00303443164e-24, 3.29179329797e-24, 3.67774093205e-24, 3.60166673623e-24, 3.40547229593e-24, 3.94256272123e-24, 3.89203460253e-24, 3.47694388281e-24, 4.25862654822e-24, 3.29729658886e-24, 4.7227489175e-24, 3.27870530669e-24, 4.41489318823e-24, 4.01031719551e-24, 5.31858818099e-24, 4.28080300599e-24, 4.05735815458e-24, 5.29152472992e-24, 5.31594707468e-24, 4.08194103254e-24, 4.64193011776e-24, 5.1455097318e-24, 4.73886692352e-24, 5.02417700812e-24, 4.98355619353e-24, 4.65683564457e-24, 4.93450797789e-24, 5.26928595214e-24, 4.64742413954e-24],
        "stdev": [0.000263193243882, 0.000921810045838, 0.00159227265976, 0.00211839121766, 0.00254955189303, 0.00193611823488, 0.00190438679419, 0.00191605789587, 0.0013907343382, 0.0014779024059, 0.00171194644645, 0.0017990997294, 0.000851104327012, 0.000601305859163, 0.000563563255128, 0.00042958551785, 0.0010010007536, 0.000753943691961, 0.000424147030571, 0.000428931700299, 0.000302826636471, 0.000186314893654, 0.000570356904063, 0.0010233951034, 0.000235432555201, 0.000436742731836, 0.000137690309202, 0.000284519017441, 0.000355396274244, 0.000216617947444, 0.000266693212325, 0.000258995249169, 0.000158586539328, 0.000291829695925, 0.000165786375874, 0.000262296729488, 0.000401343859266, 0.000321572879329, 0.000249451637501, 0.000421493226895, 0.000600667961407, 0.000157815229613, 0.000179073875188, 0.000259757915046, 0.000231598591199, 0.000108598163933, 6.44333049422e-05, 0.000121569806652, 8.18541884655e-05, 0.000151395288412, 9.20693128137e-05, 4.85791751998e-05, 4.00847675337e-05, 5.14211096743e-05, 4.47093334515e-05, 4.27154773206e-05, 2.67964460363e-05, 2.65859416686e-05, 1.57800768648e-05, 2.00997583306e-05, 1.24085945572e-05, 1.26290187836e-05, 1.21108296298e-05, 1.71376741491e-05, 1.98346642719e-05, 1.69508184626e-05, 1.27291741592e-05, 2.58565487457e-05, 1.58349266712e-05, 1.39171161209e-05, 1.35529589897e-05, 2.0221057639e-05, 9.10507515073e-06, 5.5153050198e-06, 5.6444191614e-06, 5.05422985952e-06, 4.15213889937e-06, 4.62020716441e-06, 5.91240723224e-06, 4.83207850266e-06, 7.60549301049e-06, 5.06548212797e-06, 7.01237695466e-06, 7.68107838667e-06, 6.23277492195e-06, 4.90767388328e-06, 3.29515887643e-06, 2.29682700592e-06, 1.3172166291e-06, 1.52198219894e-06, 2.89409740617e-06, 1.50796199705e-06, 1.22577773709e-06, 1.14422073239e-06, 2.42418695962e-06, 2.20707374865e-06, 1.40830218243e-06, 8.37794289055e-07, 7.47492094888e-07, 6.80964262756e-07, 5.08828179591e-07, 5.23917265127e-07, 3.49038941749e-07, 2.66468305199e-07, 2.15985537011e-07, 1.69986378751e-07, 1.26366856534e-07, 1.13351248388e-07, 8.16949778937e-08, 8.57396713627e-08, 9.52574694679e-08, 9.37427984127e-08, 8.85728752564e-08, 1.11488835941e-08, 2.9067044327e-09, 2.99839930662e-09, 1.47830059305e-09, 1.08847458824e-10, 2.46770576195e-10, 1.31887792354e-10, 4.41395114903e-11, 6.90720397545e-12, 5.81663796989e-12, 5.71571739591e-12, 5.62046459721e-12, 5.53436810269e-12, 5.47617506896e-12, 5.44474534903e-12]
    },
    "mfcc": {
        "mean": [-822.373046875, 88.904006958, -11.8851051331, 16.51445961, 0.375020980835, 5.55692386627, -2.63590145111, 1.060136199, -2.38010072708, 0.0135811856017, -2.43708229065, -1.14001822472, 0.818066954613],
        "cov": [[91495.4765625, 18087.9355469, -1744.23132324, 3690.91967773, 120.427742004, 1408.9420166, -355.666870117, 248.764984131, -518.004699707, 44.2945632935, -514.140930176, -219.522766113, 185.332565308], [18087.9355469, 4450.81542969, -220.846786499, 1108.2611084, 193.0730896, 346.015899658, 10.4746227264, 124.621536255, -92.6306686401, -47.1211357117, -112.349380493, -2.66529679298, 55.4489707947], [-1744.23132324, -220.846786499, 633.981140137, 262.222412109, 83.4094085693, 10.2308855057, 31.8688106537, 32.537071228, 41.8454437256, -27.239233017, -0.960426807404, 12.0807504654, 40.7245750427], [3690.91967773, 1108.2611084, 262.222412109, 559.984680176, 188.363372803, 138.007766724, 29.1753692627, 44.4585533142, -16.5841083527, -36.2104034424, -42.1438293457, 14.0075893402, 40.0250549316], [120.427742004, 193.0730896, 83.4094085693, 188.363372803, 205.664886475, 60.2816925049, 5.85000276566, -4.55244255066, -8.94785881042, -19.4568824768, -14.1027984619, 13.9335708618, 8.69532585144], [1408.9420166, 346.015899658, 10.2308855057, 138.007766724, 60.2816925049, 170.897964478, 46.6588897705, 13.6373100281, -32.3177528381, -13.624625206, 7.17430639267, 4.4343123436, -1.28068912029], [-355.666870117, 10.4746227264, 31.8688106537, 29.1753692627, 5.85000276566, 46.6588897705, 99.0266723633, 21.1793575287, -13.620434761, 7.52379608154, -2.13682174683, 11.4891557693, -0.961887836456], [248.764984131, 124.621536255, 32.537071228, 44.4585533142, -4.55244255066, 13.6373100281, 21.1793575287, 51.5373191833, 12.8827505112, -3.38834309578, 2.5740749836, 2.55468678474, 4.70086574554], [-518.004699707, -92.6306686401, 41.8454437256, -16.5841083527, -8.94785881042, -32.3177528381, -13.620434761, 12.8827505112, 45.0836486816, 0.607954263687, 7.85078907013, 0.89208304882, 2.10625052452], [44.2945632935, -47.1211357117, -27.239233017, -36.2104034424, -19.4568824768, -13.624625206, 7.52379608154, -3.38834309578, 0.607954263687, 58.9390525818, 0.514665484428, 3.7238972187, 4.62221002579], [-514.140930176, -112.349380493, -0.960426807404, -42.1438293457, -14.1027984619, 7.17430639267, -2.13682174683, 2.5740749836, 7.85078907013, 0.514665484428, 47.8135719299, 7.79292821884, -1.47555267811], [-219.522766113, -2.66529679298, 12.0807504654, 14.0075893402, 13.9335708618, 4.4343123436, 11.4891557693, 2.55468678474, 0.89208304882, 3.7238972187, 7.79292821884, 34.1461105347, 11.1311283112], [185.332565308, 55.4489707947, 40.7245750427, 40.0250549316, 8.69532585144, -1.28068912029, -0.961887836456, 4.70086574554, 2.10625052452, 4.62221002579, -1.47555267811, 11.1311283112, 34.5794792175]],
        "icov": [[9.4950926723e-05, -0.000417227420257, -4.34836510976e-05, 0.000168345286511, 0.000261533627054, -0.000322169827996, 0.000446399179054, 0.000274759135209, 0.000177064634045, -0.000363777304301, 0.000238024891587, 0.000314736535074, -0.000139459152706], [-0.000417227420257, 0.00294628017582, 0.00176494254265, -0.00400373805314, 0.000196580236661, 0.00113569595851, -0.00135749124456, -0.00218312628567, -0.000662758538965, 0.00144791719504, -0.000814467552118, -0.00116127333604, 0.000504945404828], [-4.34836510976e-05, 0.00176494254265, 0.00471725221723, -0.00605716509745, 0.00172542291693, 0.000675937568303, -0.000941410486121, -0.000596340629272, -0.00254175742157, 0.000826696516015, -0.000984606682323, 0.0010405019857, -0.0018281674711], [0.000168345286511, -0.00400373805314, -0.00605716509745, 0.0146503727883, -0.00607095193118, -0.0026098722592, 0.000579921295866, -0.000268149568001, 0.0013967345003, 0.000369779474568, 0.00360045675188, -0.000491963524837, -0.00264609791338], [0.000261533627054, 0.000196580236661, 0.00172542291693, -0.00607095193118, 0.0102444570512, -0.00236216001213, 0.00220476905815, 0.00309040560387, -0.000608494272456, -0.000205048898351, 0.00171879911795, -0.00195759092458, 0.00102364388295], [-0.000322169827996, 0.00113569595851, 0.000675937568303, -0.0026098722592, -0.00236216001213, 0.0122015988454, -0.00572070106864, -0.00144692952745, 0.00502987252548, 0.00234493962489, -0.00669316248968, 0.000725388526917, 0.00207493780181], [0.000446399179054, -0.00135749124456, -0.000941410486121, 0.000579921295866, 0.00220476905815, -0.00572070106864, 0.0177835840732, -0.00650576222688, 0.00622291490436, -0.00477826036513, 0.00457954220474, -0.00435903389007, 0.00269277277403], [0.000274759135209, -0.00218312628567, -0.000596340629272, -0.000268149568001, 0.00309040560387, -0.00144692952745, -0.00650576222688, 0.0304580871016, -0.0116118555889, 0.00105784949847, -0.00174099067226, 0.0020863825921, -0.0022914884612], [0.000177064634045, -0.000662758538965, -0.00254175742157, 0.0013967345003, -0.000608494272456, 0.00502987252548, 0.00622291490436, -0.0116118555889, 0.0350812152028, -0.00190455128904, -0.00410292576998, -0.00054336967878, 0.00169907044619], [-0.000363777304301, 0.00144791719504, 0.000826696516015, 0.000369779474568, -0.000205048898351, 0.00234493962489, -0.00477826036513, 0.00105784949847, -0.00190455128904, 0.0206176750362, -0.000523368595168, -0.00217891694047, -0.00387287815101], [0.000238024891587, -0.000814467552118, -0.000984606682323, 0.00360045675188, 0.00171879911795, -0.00669316248968, 0.00457954220474, -0.00174099067226, -0.00410292576998, -0.000523368595168, 0.0284345429391, -0.00743639748544, 0.000633372517768], [0.000314736535074, -0.00116127333604, 0.0010405019857, -0.000491963524837, -0.00195759092458, 0.000725388526917, -0.00435903389007, 0.0020863825921, -0.00054336967878, -0.00217891694047, -0.00743639748544, 0.0392526946962, -0.0129948798567], [-0.000139459152706, 0.000504945404828, -0.0018281674711, -0.00264609791338, 0.00102364388295, 0.00207493780181, 0.00269277277403, -0.0022914884612, 0.00169907044619, -0.00387287815101, 0.000633372517768, -0.0129948798567, 0.0389026254416]]
    },
    "spectral_contrast_coeffs": {
        "max": [-0.453477442265, -0.523256719112, -0.498804360628, -0.582451343536, -0.671520113945, -0.627182006836],
        "mean": [-0.792204558849, -0.791636705399, -0.808627963066, -0.832549393177, -0.835186839104, -0.809745550156],
        "min": [-0.986207664013, -0.981411576271, -0.981674015522, -0.9741101861, -0.968696653843, -0.96611905098],
        "stdev": [0.124988369644, 0.130181834102, 0.120271421969, 0.10067461431, 0.0882561504841, 0.105689696968]
    },
    "spectral_contrast_valleys": {
        "max": [-4.85524320602, -5.34452342987, -5.81332588196, -5.70636892319, -6.0105266571, -8.36099529266],
        "mean": [-12.913517952, -13.0258588791, -13.4382724762, -13.4114551544, -13.501996994, -15.6316080093],
        "min": [-28.1274032593, -28.4045772552, -27.9860897064, -27.7390861511, -27.6248168945, -27.5018444061],
        "stdev": [9.64792442322, 9.49324893951, 9.25524234772, 9.24900150299, 9.21336746216, 7.79468202591]
    }
},
"rhythm": {
    "beats_count": 60,
    "beats_loudness": {
        "max": 0.0822035595775,
        "mean": 0.0276010148227,
        "min": 0,
        "stdev": 0.0252754669636
    },
    "bpm": 106.664367676,
    "bpm_histogram_first_peak_bpm": 105,
    "bpm_histogram_first_peak_weight": 0.384615361691,
    "bpm_histogram_second_peak_bpm": 126,
    "bpm_histogram_second_peak_spread": 0.272727251053,
    "bpm_histogram_second_peak_weight": 0.135593220592,
    "danceability": 0.824470221996,
    "onset_rate": 0.93718123436,
    "beats_loudness_band_ratio": {
        "max": [0.864110887051, 0.685975670815, 0.582106292248, 0.457524240017, 0.540939092636, 0.268922567368],
        "mean": [0.227139428258, 0.137222826481, 0.140248611569, 0.113414496183, 0.0860741809011, 0.0360491424799],
        "min": [0, 0, 0, 0, 0, 0],
        "stdev": [0.248111575842, 0.161332309246, 0.147223219275, 0.134072855115, 0.121156394482, 0.0512065775692]
    },
    "beats_position": [0.592108845711, 1.20743763447, 1.8575963974, 2.49614500999, 3.13469386101, 3.79646253586, 4.45823097229, 5.11999988556, 5.78176879883, 6.43192720413, 7.08208608627, 7.73224496841, 8.38240337372, 9.03256225586, 9.682721138, 10.3444900513, 11.0062580109, 11.6796369553, 12.2369155884, 12.782585144, 13.328253746, 13.8855323792, 14.4428119659, 14.9420404434, 15.4412698746, 15.9172782898, 16.3932876587, 16.8692970276, 17.3453063965, 17.8097057343, 18.2741031647, 18.7385025024, 19.2145118713, 19.6905212402, 20.1665306091, 20.642539978, 21.0837192535, 21.5365066528, 21.9892959595, 22.5001354218, 23.010974884, 23.5218143463, 24.0326519012, 24.5318813324, 25.0311107635, 25.5419502258, 26.0527877808, 26.563627243, 27.1092967987, 27.6549663544, 28.2354640961, 28.8159637451, 29.3848514557, 29.9537410736, 30.5226306915, 31.0915184021, 31.66040802, 32.2292976379, 32.7981834412, 33.3670730591],
