{
"metadata": {
    "version": {
        "essentia": "2.1-beta5",
        "essentia_git_sha": "Undefined",
        "extractor": "music 2.0"
    },
    "audio_properties": {
        "analysis": {
            "equal_loudness": 0,
            "length": 43.2355537415,
            "sample_rate": 44100,
            "start_time": 158.998641968,
            "downmix": "mix"
        },
        "bit_rate": 192000,
        "length": 202.257415771,
        "lossless": 0,
        "number_channels": 2,
        "replay_gain": -5.2745552063,
        "sample_rate": 48000,
        "codec": "mp3",
        "md5_encoded": "5cd71aa451c2b3daa34632745e370d73"
    },
    "tags": {
        "file_name": "Poland_Chce Znac Swój Grzech_Kasia Kowalska.mp3",
        "encoding": ["Lavf58.29.100"]
    }
},
"lowlevel": {
    "average_loudness": 0.411878705025,
    "barkbands_crest": {
        "max": 25.5923633575,
        "mean": 9.67481422424,
        "min": 3.02340078354,
        "stdev": 4.01474952698
    },
    "barkbands_flatness_db": {
        "max": 0.343943178654,
        "mean": 0.159421190619,
        "min": 0.050554599613,
        "stdev": 0.0656695067883
    },
    "barkbands_kurtosis": {
        "max": 68.3853302002,
        "mean": 2.75074410439,
        "min": -1.70946335793,
        "stdev": 4.3449549675
    },
    "barkbands_skewness": {
        "max": 4.85045003891,
        "mean": 0.238276526332,
        "min": -2.29448032379,
        "stdev": 1.40451204777
    },
    "barkbands_spread": {
        "max": 65.9298171997,
        "mean": 16.0214939117,
        "min": 0.775844812393,
        "stdev": 9.3434047699
    },
    "dissonance": {
        "max": 0.499976634979,
        "mean": 0.458602368832,
        "min": 0.290543347597,
        "stdev": 0.0374681167305
    },
    "dynamic_complexity": 4.39915752411,
    "erbbands_crest": {
        "max": 30.997926712,
        "mean": 9.75014877319,
        "min": 2.63895273209,
        "stdev": 5.56191825867
    },
    "erbbands_flatness_db": {
        "max": 0.364297389984,
        "mean": 0.208767876029,
        "min": 0.0785319507122,
        "stdev": 0.0733105018735
    },
    "erbbands_kurtosis": {
        "max": 42.9905929565,
        "mean": 1.00190913677,
        "min": -1.68842887878,
        "stdev": 2.84007287025
    },
    "erbbands_skewness": {
        "max": 5.57236719131,
        "mean": 0.315654039383,
        "min": -2.01748204231,
        "stdev": 0.877795219421
    },
    "erbbands_spread": {
        "max": 82.0023803711,
        "mean": 24.2381725311,
        "min": 2.53843784332,
        "stdev": 12.0978317261
    },
    "hfc": {
        "max": 135.349563599,
        "mean": 14.4025735855,
        "min": 1.05629442211e-16,
        "stdev": 19.7496204376
    },
    "loudness_ebu128": {
        "integrated": -18.4232978821,
        "loudness_range": 10.8013763428,
        "momentary": {
            "max": -14.0711069107,
            "mean": -87.5943984985,
            "min": -300.691009521,
            "stdev": 119.200256348
        },
        "short_term": {
            "max": -15.1078996658,
            "mean": -74.1611099243,
            "min": -300.691009521,
            "stdev": 109.52684021
        }
    },
    "melbands_crest": {
        "max": 33.3278808594,
        "mean": 10.5037136078,
        "min": 1.55077373981,
        "stdev": 6.25444889069
    },
    "melbands_flatness_db": {
        "max": 0.413373053074,
        "mean": 0.179530993104,
        "min": 0.00264132092707,
        "stdev": 0.115708038211
    },
    "melbands_kurtosis": {
        "max": 60.2157974243,
        "mean": 3.15145206451,
        "min": -1.57400393486,
        "stdev": 5.94050312042
    },
    "melbands_skewness": {
        "max": 5.78304100037,
        "mean": 0.966887950897,
        "min": -1.39209866524,
        "stdev": 1.02063214779
    },
    "melbands_spread": {
        "max": 164.290496826,
        "mean": 46.3033370972,
        "min": 1.19726717472,
        "stdev": 50.3209686279
    },
    "pitch_salience": {
        "max": 0.964641273022,
        "mean": 0.610879659653,
        "min": 0.145494490862,
        "stdev": 0.139048054814
    },
    "silence_rate_20dB": {
        "max": 1,
        "mean": 1,
        "min": 1,
        "stdev": 0
    },
    "silence_rate_30dB": {
        "max": 1,
        "mean": 1,
        "min": 1,
        "stdev": 0
    },
    "silence_rate_60dB": {
        "max": 1,
        "mean": 0.339237779379,
        "min": 0,
        "stdev": 0.47345161438
    },
    "spectral_centroid": {
        "max": 12080.71875,
        "mean": 3445.68139648,
        "min": 315.994689941,
        "stdev": 4328.76074219
    },
    "spectral_complexity": {
        "max": 40,
        "mean": 11.5131511688,
        "min": 0,
        "stdev": 9.06484127045
    },
    "spectral_decrease": {
        "max": 2.24242980847e-28,
        "mean": -4.09578415628e-09,
        "min": -2.21673328582e-08,
        "stdev": 4.34432889662e-09
    },
    "spectral_energy": {
        "max": 0.0959412157536,
        "mean": 0.0167647972703,
        "min": 9.70607106862e-21,
        "stdev": 0.0179147832096
    },
    "spectral_energyband_high": {
        "max": 0.00820866692811,
        "mean": 0.00024384878634,
        "min": 6.69575644777e-21,
        "stdev": 0.000700043747202
    },
    "spectral_energyband_low": {
        "max": 0.0337477214634,
        "mean": 0.00184760091361,
        "min": 9.61667276283e-24,
        "stdev": 0.00360527983867
    },
    "spectral_energyband_middle_high": {
        "max": 0.0641249120235,
        "mean": 0.00701241055503,
        "min": 1.05812243197e-21,
        "stdev": 0.0108527773991
    },
    "spectral_energyband_middle_low": {
        "max": 0.0668832436204,
        "mean": 0.00802094116807,
        "min": 9.25347725776e-23,
        "stdev": 0.00973319914192
    },
    "spectral_entropy": {
        "max": 9.82888317108,
        "mean": 7.67303848267,
        "min": 5.64534759521,
        "stdev": 1.28346562386
    },
    "spectral_flux": {
        "max": 0.249391362071,
        "mean": 0.0456224642694,
        "min": 6.25148960376e-11,
        "stdev": 0.0439415387809
    },
    "spectral_kurtosis": {
        "max": 54.6358413696,
        "mean": 7.98728704453,
        "min": -1.27592539787,
        "stdev": 8.82898044586
    },
    "spectral_rms": {
        "max": 0.00967477075756,
        "mean": 0.00319241499528,
        "min": 3.0772290098e-12,
        "stdev": 0.00248281727545
    },
    "spectral_rolloff": {
        "max": 19939.7460938,
        "mean": 5502.2421875,
        "min": 322.998046875,
        "stdev": 7542.51757812
    },
    "spectral_skewness": {
        "max": 5.30138158798,
        "mean": 1.68378734589,
        "min": -0.0970140993595,
        "stdev": 1.14646291733
    },
    "spectral_spread": {
        "max": 43632608,
        "mean": 12023109,
        "min": 1135740,
        "stdev": 16221369
    },
    "spectral_strongpeak": {
        "max": 14.2706680298,
        "mean": 1.38480937481,
        "min": 0,
        "stdev": 1.97039699554
    },
    "zerocrossingrate": {
        "max": 0.67333984375,
        "mean": 0.156811401248,
        "min": 0.0107421875,
        "stdev": 0.196642428637
    },
    "barkbands": {
        "max": [0.00173380738124, 0.0247652400285, 0.0135070439428, 0.00727120088413, 0.0194742772728, 0.0254688747227, 0.0529104843736, 0.0194561630487, 0.0176704265177, 0.0287884250283, 0.0405324324965, 0.0265492498875, 0.0497259348631, 0.0378361828625, 0.0572835057974, 0.0220694635063, 0.0186634473503, 0.00962137058377, 0.00471713813022, 0.00201723072678, 0.00315359816886, 0.00211236742325, 0.00378309725784, 0.0012745069107, 0.000566884642467, 0.000167670747032, 2.44841157837e-06],
        "mean": [8.99511724128e-05, 0.0010644387221, 0.000453490967629, 0.000448094855528, 0.00126422231551, 0.00227458844893, 0.00268081389368, 0.000484286487335, 0.000630748341791, 0.0024443815928, 0.000770935090259, 0.000603480671998, 0.000659210025333, 0.000917028868571, 0.000775233027525, 0.000499120505992, 0.000179266236955, 0.00014327763347, 0.000114731083158, 5.53744321223e-05, 7.2517854278e-05, 4.18066629209e-05, 7.06737191649e-05, 1.77825859282e-05, 8.15638577478e-06, 1.18248169656e-06, 2.19098925669e-08],
        "min": [3.96580468356e-25, 1.45414083318e-24, 6.14957011703e-25, 4.16895189735e-25, 5.16541387573e-24, 5.33286104135e-24, 2.08835995465e-24, 3.71884255737e-24, 1.15862620168e-23, 1.03079768176e-23, 1.1583873346e-23, 2.17611524777e-23, 1.782766639e-23, 2.25750171182e-23, 2.29342454417e-23, 4.15879170416e-23, 5.63251167058e-23, 7.90728107429e-23, 1.02313296721e-22, 1.61490581051e-22, 2.11703773857e-22, 2.80527848869e-22, 3.83355855243e-22, 5.17740140605e-22, 7.4992550773e-22, 1.22238513335e-21, 1.86889968543e-21],
        "stdev": [0.000182568051969, 0.00230309762992, 0.00125278974883, 0.000808955344837, 0.00211442541331, 0.00330305146053, 0.00605156086385, 0.00113354204223, 0.00125983147882, 0.00457098940387, 0.00344882952049, 0.00197241548449, 0.00269780773669, 0.00296423910186, 0.00294708181173, 0.00174166657962, 0.000802394351922, 0.00050745671615, 0.000295560836094, 0.000155715970322, 0.000278659252217, 0.000141992844874, 0.000226305695833, 6.79681106703e-05, 3.58993311238e-05, 7.00716964275e-06, 6.34031849245e-08]
    },
    "erbbands": {
        "max": [0.909562885761, 4.76363229752, 10.4593334198, 16.5924510956, 36.631893158, 59.683506012, 211.207504272, 239.218078613, 922.782592773, 242.8175354, 424.174072266, 237.916778564, 935.338256836, 1257.25610352, 1532.68896484, 982.877746582, 2574.1027832, 987.912780762, 2666.74975586, 1361.1081543, 1363.55163574, 1143.74597168, 645.509216309, 212.00453186, 338.732025146, 115.385688782, 141.755447388, 168.163833618, 61.7976074219, 123.97719574, 99.3036575317, 35.9639205933, 19.9139480591, 8.53799819946, 2.91050815582, 1.07430684566, 0.218545183539, 0.00649453513324, 0.00037742749555, 0.000123858422739],
        "mean": [0.032627467066, 0.230009958148, 0.487090677023, 1.1724050045, 1.53416776657, 4.18570280075, 11.9974126816, 23.0770072937, 45.9146232605, 17.7909545898, 10.1040897369, 13.2158985138, 52.5960197449, 57.1436576843, 33.6062164307, 24.3503627777, 32.7266235352, 28.9118499756, 56.3481254578, 37.2485275269, 22.2114505768, 10.86444664, 7.84742736816, 6.38851928711, 5.18683576584, 2.72648310661, 2.79783725739, 2.61152672768, 1.37816309929, 2.40757322311, 1.73726320267, 0.413857609034, 0.33592274785, 0.141023263335, 0.0324630178511, 0.00967702548951, 0.00126071379054, 7.47894009692e-05, 1.23576055557e-05, 2.03558902285e-05],
        "min": [7.45675756261e-23, 2.5902355108e-22, 1.86943202139e-21, 3.67601729937e-21, 3.47733683651e-21, 1.49103198978e-20, 2.12995744246e-20, 3.62456714995e-20, 4.77318691737e-20, 1.01186503405e-19, 1.41459245555e-19, 3.00905869573e-19, 4.72422648465e-19, 5.98208488698e-19, 6.99424169607e-19, 1.02441976166e-18, 1.19833634661e-18, 1.57887510055e-18, 2.23385087504e-18, 2.42378312421e-18, 2.94821728693e-18, 3.93902001491e-18, 4.6372969367e-18, 5.08813642673e-18, 6.23132608947e-18, 8.28049483068e-18, 7.95602827233e-18, 8.3669393406e-18, 9.29008696628e-18, 9.95565633947e-18, 1.0419300999e-17, 9.39909530894e-18, 8.91161709445e-18, 7.42546635563e-18, 5.15222224469e-18, 4.03877262011e-18, 2.0546136576e-18, 8.95310619923e-19, 2.40531145735e-19, 2.61551553165e-20],
        "stdev": [0.0783487036824, 0.505338728428, 1.12669229507, 2.23214673996, 3.36460042, 7.01394891739, 21.3181171417, 33.7754135132, 104.967071533, 28.6692333221, 23.8400535583, 23.0939807892, 96.6674194336, 120.158050537, 130.284240723, 71.3441238403, 134.62727356, 82.0541687012, 177.071136475, 118.341560364, 86.097076416, 46.1479415894, 29.0323638916, 16.4974060059, 15.0150909424, 7.86978530884, 9.18113803864, 11.5665540695, 4.28602313995, 7.83810043335, 5.7008600235, 1.51319611073, 1.31336069107, 0.570556223392, 0.177918583155, 0.0532708577812, 0.00897030346096, 0.000279093481367, 1.79088510777e-05, 2.20591355173e-05]
    },
    "gfcc": {
        "mean": [-358.40133667, 105.57068634, -118.633621216, 7.38327074051, -45.3600845337, 1.89500510693, -27.9408760071, -3.6251282692, -7.46741819382, -4.6249294281, -2.29312133789, -3.44567418098, 3.71966266632],
        "cov": [[271889.28125, 30187.6425781, -34780.3789062, 3211.97607422, -13794.4414062, 1549.96228027, -8267.67285156, -849.79486084, -2060.74609375, -1289.1427002, -525.881835938, -876.774108887, 1233.88891602], [30187.6425781, 5047.85888672, -3709.91992188, 4.12385511398, -1237.58728027, -544.552856445, -860.082946777, -360.785430908, -128.909393311, -302.611694336, 18.0916481018, -214.424743652, 109.993461609], [-34780.3789062, -3709.91992188, 4989.71923828, -239.379745483, 1760.60876465, -131.344863892, 1053.73791504, 174.4556427, 366.01550293, 166.533630371, 101.301864624, 156.377731323, -176.685882568], [3211.97607422, 4.12385511398, -239.379745483, 430.660888672, -180.051422119, 256.665618896, -76.8484039307, 65.9552841187, 61.0789413452, 23.099647522, 44.9219055176, 52.4695091248, 22.8737239838], [-13794.4414062, -1237.58728027, 1760.60876465, -180.051422119, 871.069763184, -158.167678833, 465.014923096, -4.84640026093, 109.635719299, 45.5827598572, 35.6384315491, 28.2386512756, -69.2295379639], [1549.96228027, -544.552856445, -131.344863892, 256.665618896, -158.167678833, 540.624755859, 17.3654251099, 176.230773926, -22.5442008972, 65.5745697021, -12.6733074188, 44.331867218, 39.6552009583], [-8267.67285156, -860.082946777, 1053.73791504, -76.8484039307, 465.014923096, 17.3654251099, 374.803497314, 62.4706039429, 82.2281570435, 39.715057373, 31.9527587891, 31.5660266876, -32.473072052], [-849.79486084, -360.785430908, 174.4556427, 65.9552841187, -4.84640026093, 176.230773926, 62.4706039429, 200.657241821, 30.6733665466, 34.0531349182, -44.8948173523, 35.4505119324, 0.0983590707183], [-2060.74609375, -128.909393311, 366.01550293, 61.0789413452, 109.635719299, -22.5442008972, 82.2281570435, 30.6733665466, 137.273651123, 24.5803279877, 50.2469749451, 29.644361496, -2.06423592567], [-1289.1427002, -302.611694336, 166.533630371, 23.099647522, 45.5827598572, 65.5745697021, 39.715057373, 34.0531349182, 24.5803279877, 75.9002838135, 22.9698867798, 29.754573822, -6.84248971939], [-525.881835938, 18.0916481018, 101.301864624, 44.9219055176, 35.6384315491, -12.6733074188, 31.9527587891, -44.8948173523, 50.2469749451, 22.9698867798, 101.705757141, 21.8275432587, 11.122127533], [-876.774108887, -214.424743652, 156.377731323, 52.4695091248, 28.2386512756, 44.331867218, 31.5660266876, 35.4505119324, 29.644361496, 29.754573822, 21.8275432587, 65.3492965698, -1.33778715134], [1233.88891602, 109.993461609, -176.685882568, 22.8737239838, -69.2295379639, 39.6552009583, -32.473072052, 0.0983590707183, -2.06423592567, -6.84248971939, 11.122127533, -1.33778715134, 68.6558609009]],
        "icov": [[0.000476105255075, -0.00163988245185, 0.00117245572619, -0.0010914664017, 0.00168303609826, -0.00142903940286, 0.00121243821923, -0.000188030026038, 0.000856787490193, -0.00099517905619, 0.000904012762476, -0.00139512505848, 0.000300783722196], [-0.00163988245185, 0.00659391935915, -0.00335857411847, 0.00383137562312, -0.0057785701938, 0.00568107143044, -0.00382897048257, 0.000407973566325, -0.00407427828759, 0.00532323727384, -0.00421245768666, 0.00568264815956, -0.000730432977434], [0.00117245572619, -0.00335857411847, 0.00433128653094, -0.00240106834099, 0.00256929150783, -0.00322603434324, 0.00299805076793, -0.000995250535198, 0.000299570616335, -0.0010666459566, 0.00140752759762, -0.00364128430374, 0.00173309608363], [-0.0010914664017, 0.00383137562312, -0.00240106834099, 0.00777537142858, -0.00437233690172, 0.000125094957184, -0.000566588772926, 0.000855342310388, -0.00583473686129, 0.00488287955523, -0.00373980845325, 0.00073544861516, 0.00088910467457], [0.00168303609826, -0.0057785701938, 0.00256929150783, -0.00437233690172, 0.013304294087, -0.00337329995818, -0.00129394547548, 0.00175956171006, 0.00404138164595, -0.005216374062, 0.00518443342298, -0.00398697610945, 0.000512349419296], [-0.00142903940286, 0.00568107143044, -0.00322603434324, 0.000125094957184, -0.00337329995818, 0.0104736983776, -0.00601302646101, -0.0026396154426, 0.000820406829007, 0.000843060435727, -0.0035921826493, 0.00615339167416, -0.00324348988943], [0.00121243821923, -0.00382897048257, 0.00299805076793, -0.000566588772926, -0.00129394547548, -0.00601302646101, 0.0151097457856, -0.00365517660975, 7.24195051589e-05, 0.00071873224806, -0.00214285729453, -0.00329832616262, 0.00192550022621], [-0.000188030026038, 0.000407973566325, -0.000995250535198, 0.000855342310388, 0.00175956171006, -0.0026396154426, -0.00365517660975, 0.0127447424456, -0.0048644291237, -0.0020637747366, 0.00906763970852, -0.00349886808544, -0.000457833521068], [0.000856787490193, -0.00407427828759, 0.000299570616335, -0.00583473686129, 0.00404138164595, 0.000820406829007, 7.24195051589e-05, -0.0048644291237, 0.0188105721027, -0.00591325992718, -0.00326936971396, -0.0023950827308, -0.00205428269692], [-0.00099517905619, 0.00532323727384, -0.0010666459566, 0.00488287955523, -0.005216374062, 0.000843060435727, 0.00071873224806, -0.0020637747366, -0.00591325992718, 0.026897219941, -0.00971806980669, -0.00104277615901, 0.00363814411685], [0.000904012762476, -0.00421245768666, 0.00140752759762, -0.00373980845325, 0.00518443342298, -0.0035921826493, -0.00214285729453, 0.00906763970852, -0.00326936971396, -0.00971806980669, 0.0237876325846, -0.00785348378122, -0.00342734344304], [-0.00139512505848, 0.00568264815956, -0.00364128430374, 0.00073544861516, -0.00398697610945, 0.00615339167416, -0.00329832616262, -0.00349886808544, -0.0023950827308, -0.00104277615901, -0.00785348378122, 0.0285544395447, -0.00112351565622], [0.000300783722196, -0.000730432977434, 0.00173309608363, 0.00088910467457, 0.000512349419296, -0.00324348988943, 0.00192550022621, -0.000457833521068, -0.00205428269692, 0.00363814411685, -0.00342734344304, -0.00112351565622, 0.0186294112355]]
    },
    "melbands": {
        "max": [0.00762216094881, 0.00478518148884, 0.00231635966338, 0.00218741851859, 0.00598065648228, 0.00551027711481, 0.0125065464526, 0.00291309412569, 0.00336876697838, 0.00217042467557, 0.0045730303973, 0.005261012353, 0.00588146690279, 0.00293174711987, 0.00477585988119, 0.00384504371323, 0.00216154707596, 0.00418726075441, 0.00410302123055, 0.00177508872002, 0.00169277668465, 0.00155244942289, 0.000286483060336, 0.000625841494184, 0.000200558584766, 0.000253950362094, 0.000132052009576, 8.41450018925e-05, 6.87884748913e-05, 0.000171626292286, 7.68358804635e-05, 3.09629322146e-05, 5.3802432376e-05, 6.95763592375e-05, 6.62893507979e-05, 3.75905256078e-05, 1.49721063281e-05, 1.75050645339e-05, 1.10853743536e-05, 5.88488182984e-06],
        "mean": [0.000301903026411, 0.000278522406006, 0.000209914709558, 0.000175442051841, 0.000393237714889, 0.000527168100234, 0.000637764460407, 0.000156830094056, 7.54317588871e-05, 8.47034243634e-05, 0.000289715506369, 0.000267310795607, 0.000119514152175, 6.07786132605e-05, 8.9045977802e-05, 5.35572144145e-05, 5.53105310246e-05, 0.000101694051409, 5.27318807144e-05, 4.24395984737e-05, 2.18011482502e-05, 1.12119687401e-05, 6.79120876157e-06, 8.06249136076e-06, 4.66800156573e-06, 4.96447592013e-06, 2.11261613003e-06, 1.74658612195e-06, 1.65326741808e-06, 2.00607200895e-06, 1.21379025586e-06, 6.90053582275e-07, 9.29022519358e-07, 1.56135092766e-06, 1.19589287806e-06, 4.34322544152e-07, 1.70901998331e-07, 2.49449925604e-07, 1.88332180073e-07, 9.5556430324e-08],
        "min": [1.13440140741e-24, 1.23880754264e-24, 1.13539566797e-24, 9.69637354945e-25, 5.79137500403e-25, 1.02265659778e-24, 4.85932450463e-25, 8.02612032698e-25, 1.2126576911e-24, 1.76079591616e-24, 1.87206316912e-24, 1.47685844953e-24, 1.61972599124e-24, 2.37210375592e-24, 2.79709625772e-24, 1.64793112126e-24, 2.47684239603e-24, 2.56355497281e-24, 2.65692809943e-24, 2.95626531422e-24, 3.34298583477e-24, 3.38429848038e-24, 3.10486324015e-24, 2.81740646781e-24, 3.36181200027e-24, 3.90741936233e-24, 3.92829538289e-24, 4.76709946646e-24, 4.41419307417e-24, 4.67641359451e-24, 4.35433273096e-24, 3.86245074086e-24, 4.39773506911e-24, 4.55512465261e-24, 5.13643152051e-24, 5.41119137936e-24, 5.02291877498e-24, 5.42527215209e-24, 5.4469958037e-24, 5.43631186603e-24],
        "stdev": [0.000678005046211, 0.000580544641707, 0.000363044731785, 0.000285639718641, 0.000667671673, 0.000760345254093, 0.00142780411988, 0.000264982780209, 0.000173504988197, 0.000166357625858, 0.000533375539817, 0.000547418778297, 0.000517154403497, 0.000209376899875, 0.000329470611177, 0.000214867264731, 0.000176369212568, 0.000322881329339, 0.000195772925508, 0.000144152189023, 9.81864504865e-05, 5.75959857088e-05, 2.09775298572e-05, 3.22374216921e-05, 1.27306711875e-05, 1.39394187499e-05, 6.58058388581e-06, 5.92882315686e-06, 5.18117303727e-06, 1.04144164652e-05, 5.22225809618e-06, 2.15180421037e-06, 3.47446666638e-06, 5.0638391258e-06, 3.89445312976e-06, 1.66053655448e-06, 6.64919639348e-07, 1.0116774547e-06, 7.15726116596e-07, 4.25773691859e-07]
    },
    "melbands128": {
        "max": [0.00163659302052, 0.0070170504041, 0.0119324102998, 0.00724686402828, 0.00676167011261, 0.00749725243077, 0.00425386615098, 0.00410057930276, 0.00486813206226, 0.00158400111832, 0.00426987651736, 0.00904691126198, 0.010495766066, 0.00622439756989, 0.00708874780685, 0.0123701067641, 0.0200556423515, 0.0221051722765, 0.00453426875174, 0.0043599284254, 0.00612388178706, 0.00547995930538, 0.00479885842651, 0.00217981357127, 0.00178038154263, 0.0035020490177, 0.00909049808979, 0.00759721500799, 0.00935921445489, 0.00873621832579, 0.00910703931004, 0.00976446364075, 0.0113737704232, 0.00862073805183, 0.0055331629701, 0.00450979825109, 0.00342351431027, 0.0108505124226, 0.0125100007281, 0.0105613386258, 0.00292891473509, 0.00324831949547, 0.00334291998297, 0.00578390341252, 0.0108074871823, 0.00793026015162, 0.00961238797754, 0.00513917021453, 0.00514647457749, 0.00429271394387, 0.0025222657714, 0.00481311930344, 0.00361108849756, 0.00304751168005, 0.00221977452748, 0.00290716066957, 0.00123046245426, 0.000330091745127, 0.000499324174598, 0.00113965349738, 0.000973179354332, 0.000514703511726, 0.000245844217716, 0.000311164039886, 0.000326282723108, 0.000579263083637, 0.000706058344804, 0.000167686579516, 0.000167558624526, 9.86515296972e-05, 0.0002048338647, 0.00026536299265, 0.000146696896991, 0.000149568222696, 0.000257839797996, 0.000356962933438, 0.000322026200593, 0.000250893441262, 0.000125056219986, 4.21720942541e-05, 4.04874190281e-05, 3.58841243724e-05, 3.98012671212e-05, 0.000119464726595, 0.000124536192743, 0.000102924888779, 0.000146110760397, 0.000115456052299, 9.56850781222e-05, 9.55105788307e-05, 3.97239200538e-05, 5.07054392074e-05, 1.56863352458e-05, 8.6352283688e-06, 1.51753338287e-05, 2.70329146588e-05, 2.06957283808e-05, 1.54604604177e-05, 1.37214683491e-05, 1.00709094113e-05, 8.04149294709e-06, 5.44471959074e-06, 5.81770609642e-06, 7.06158471075e-06, 3.42413568433e-06, 4.87018405693e-06, 3.45829494108e-06, 1.93704840967e-06, 1.62173694207e-06, 2.67234440798e-06, 2.01223406293e-06, 9.9045053048e-07, 3.89121311173e-07, 6.80837928257e-08, 2.04328873821e-08, 4.54421638096e-08, 1.283634532e-08, 1.21172236689e-08, 1.1505339792e-08, 1.0994778421e-08, 1.05405604245e-08, 1.01670618591e-08, 9.84944747984e-09, 9.5404057987e-09, 9.29738419586e-09, 9.13368580768e-09, 9.0105602979e-09, 8.93048035522e-09],
        "mean": [8.00653651822e-05, 0.000249189441092, 0.000417146278778, 0.000366194872186, 0.000244566821493, 0.000234609353356, 0.000248615804594, 0.000209272911889, 0.000149576051626, 9.41664766287e-05, 0.000220043337322, 0.000432618457125, 0.000434755638707, 0.000351780210622, 0.000464758399175, 0.000582863285672, 0.000892127747647, 0.000743230746593, 0.000176641551661, 0.000209239224205, 0.000105783350591, 0.000114115086035, 4.86548233312e-05, 6.88698346494e-05, 8.72282325872e-05, 6.17640471319e-05, 0.000153891407535, 0.000183217925951, 0.000609991315287, 0.000372179114493, 0.000112926543807, 0.000100668759842, 0.000176099027158, 7.21647884347e-05, 7.94481311459e-05, 4.97524815728e-05, 3.58975376002e-05, 0.000116782270197, 0.000103751975985, 6.63423488731e-05, 3.18579550367e-05, 5.17391999892e-05, 3.45742082573e-05, 4.32320266555e-05, 0.000159842296853, 9.10063245101e-05, 8.02687063697e-05, 4.23651799792e-05, 4.11931032431e-05, 6.83201287757e-05, 3.32936506311e-05, 3.16970763379e-05, 3.08698763547e-05, 1.37095894388e-05, 9.41953658185e-06, 1.32295563162e-05, 1.01146524685e-05, 8.78541868587e-06, 4.0440736484e-06, 5.49363130631e-06, 1.0480972378e-05, 8.93459127838e-06, 3.20990602631e-06, 3.50308846464e-06, 6.48990771879e-06, 5.39405937161e-06, 4.29893043474e-06, 2.47672164733e-06, 1.5410554397e-06, 1.44814782743e-06, 1.85242345196e-06, 1.99073406293e-06, 1.46056629546e-06, 1.75862817287e-06, 1.56852604505e-06, 1.78089908331e-06, 2.45911337515e-06, 2.04248840419e-06, 8.15393832454e-07, 6.75335229516e-07, 7.2617257274e-07, 6.36178299374e-07, 7.23417656445e-07, 8.86163775249e-07, 1.16670855732e-06, 1.35556274472e-06, 1.96934524865e-06, 1.52857637659e-06, 1.22783148981e-06, 8.95554308045e-07, 5.27165582298e-07, 3.19718679975e-07, 2.18802526319e-07, 1.34981846145e-07, 1.34804210461e-07, 2.75274828709e-07, 2.69705708433e-07, 2.42843640308e-07, 1.99172518478e-07, 1.56346416702e-07, 1.26661419131e-07, 8.54724007127e-08, 5.96305866907e-08, 3.97322708068e-08, 3.08579437558e-08, 2.49351916892e-08, 2.37916299994e-08, 1.96061282765e-08, 1.61593742831e-08, 1.31963693306e-08, 9.91914994586e-09, 4.98885288636e-09, 2.16381645934e-09, 3.64851843182e-10, 1.13323475603e-10, 4.51986947869e-10, 7.04299119025e-10, 2.62416234575e-11, 1.94100378131e-11, 1.15923581498e-11, 8.48745032589e-12, 8.35833138813e-12, 7.9841324524e-12, 7.72045361669e-12, 7.50181514131e-12, 7.29281999373e-12, 7.15612074806e-12, 7.09343044372e-12],
        "min": [3.49915216618e-26, 1.94912393411e-25, 2.6691806377e-25, 4.62147012272e-26, 2.07261345281e-25, 3.18176963492e-25, 3.12935746986e-25, 2.20296285664e-25, 9.75139191373e-26, 1.23462857665e-25, 6.55497436439e-26, 1.57969790701e-25, 2.74005165491e-25, 6.25345126534e-25, 3.30602459522e-25, 3.14564374977e-25, 5.08575420849e-25, 1.35562825312e-25, 3.00854884565e-25, 4.8168768854e-25, 1.98632106773e-25, 3.74570361632e-25, 3.19963388316e-25, 3.91388950087e-25, 3.54460152442e-25, 5.89726380333e-25, 3.02649050086e-25, 5.85577563618e-25, 5.52660370195e-25, 8.0502131251e-25, 8.04819068296e-25, 5.03241784357e-25, 2.95364955006e-25, 4.44892701426e-25, 8.12529000353e-25, 6.53776758241e-25, 9.25015043411e-25, 1.51214232428e-24, 8.10723396348e-25, 9.40347442572e-25, 1.03267720203e-24, 1.01922278486e-24, 7.03119662736e-25, 2.29836005243e-25, 6.19360088149e-25, 1.10354294373e-24, 1.14715078014e-24, 9.99485287801e-25, 6.88585738722e-25, 1.15423475107e-24, 7.65925563263e-25, 1.10392928836e-24, 7.98726991347e-25, 1.32275437309e-24, 1.36566357456e-24, 1.0552732352e-24, 9.30086432955e-25, 2.03945057852e-24, 1.91349118563e-24, 1.34107172331e-24, 1.36547898111e-24, 1.34822600146e-24, 1.22563750983e-24, 2.50887981233e-24, 1.12375780025e-24, 1.5768547537e-24, 2.09733107808e-24, 1.22659607444e-24, 2.30004841198e-24, 1.83244499674e-24, 1.98291686175e-24, 2.05885182363e-24, 2.23077005564e-24, 1.96566881249e-24, 2.71834821786e-24, 2.45471780587e-24, 2.69284158378e-24, 2.09850786133e-24, 2.75509789478e-24, 2.90280361902e-24, 2.8215990663e-24, 2.37744986628e-24, 2.622288231e-24, 2.56714428993e-24, 2.94054745789e-24, 2.9021906741e-24, 3.42641655297e-24, 2.57654514534e-24, 3.6955794437e-24, 2.97241724125e-24, 3.36379992975e-24, 2.50609631663e-24, 2.53596416822e-24, 2.59272586579e-24, 3.55433587077e-24, 2.97648796074e-24, 3.0798271616e-24, 3.09620213905e-24, 2.57836366694e-24, 3.72683924036e-24, 4.03127328546e-24, 3.08470784402e-24, 3.09883101802e-24, 3.56517166417e-24, 4.19966787303e-24, 3.70831520859e-24, 4.49091334708e-24, 4.16983985891e-24, 3.82793097651e-24, 3.79993745842e-24, 4.75448281957e-24, 4.51172192004e-24, 4.74169538429e-24, 4.19492563569e-24, 4.56952806945e-24, 5.30198896982e-24, 5.14153623942e-24, 4.08341304699e-24, 4.9924462615e-24, 4.07293657974e-24, 4.99514771567e-24, 5.39469393125e-24, 4.86286363048e-24, 4.00352668084e-24, 4.24157098102e-24, 4.21011554685e-24, 5.30628431745e-24, 3.4208759884e-24],
        "stdev": [0.000162996162544, 0.000625406450126, 0.00107615604065, 0.000776684144512, 0.000544562644791, 0.000685803941451, 0.000534646678716, 0.000403941230616, 0.000432097789599, 0.00017997190298, 0.000425895064836, 0.000810283410829, 0.000965092214756, 0.000676528608892, 0.000774940534029, 0.00112357013859, 0.00207336293533, 0.00209736544639, 0.000389079534216, 0.000427002203651, 0.000250897806836, 0.000370579160517, 0.000184582095244, 0.000167603982845, 0.000196064065676, 0.000183752723387, 0.000507178716362, 0.000502109411173, 0.00130250293296, 0.00088299770141, 0.000542070367374, 0.000533097074367, 0.000924149644561, 0.000450154795544, 0.000374824099708, 0.000231340629398, 0.00016224058345, 0.000545521266758, 0.0005599068827, 0.000420083466452, 0.000191183469724, 0.00023846354452, 0.000158836686751, 0.000250202516327, 0.000682912010234, 0.000375670409994, 0.000470970117021, 0.000236268955632, 0.000208573954296, 0.000320836785249, 0.00014470271708, 0.000217240696657, 0.000178059868631, 0.000102550664451, 8.27059266157e-05, 8.69024297572e-05, 6.29148998996e-05, 2.52796708082e-05, 1.70946386788e-05, 3.88937769458e-05, 5.31539444637e-05, 3.26333320118e-05, 1.35739537654e-05, 1.44983960126e-05, 1.95547727344e-05, 2.12261365959e-05, 2.2926587917e-05, 9.96457492874e-06, 5.78204981139e-06, 4.94624237035e-06, 9.28889858187e-06, 9.87263956631e-06, 6.83411280988e-06, 7.35571347832e-06, 8.33570902614e-06, 1.54134922923e-05, 1.7516729713e-05, 1.38876484925e-05, 4.77642333863e-06, 2.62667435891e-06, 2.74576950687e-06, 2.56021894529e-06, 2.49229447036e-06, 4.52228732684e-06, 6.24335916655e-06, 6.07261017649e-06, 8.15650491859e-06, 6.11962377661e-06, 4.93122661283e-06, 4.58346221421e-06, 2.29641273108e-06, 1.62382900726e-06, 8.71038537298e-07, 5.41687256828e-07, 5.9546363218e-07, 1.2600678474e-06, 1.14423164632e-06, 1.09291090666e-06, 7.74364707468e-07, 6.03558987677e-07, 5.64966171623e-07, 4.16292209593e-07, 3.39514770076e-07, 2.57985959706e-07, 1.92019598444e-07, 1.72204124738e-07, 1.54155955556e-07, 1.10312008417e-07, 8.19315459921e-08, 8.74392540595e-08, 6.7075454524e-08, 4.51676314128e-08, 2.33588934861e-08, 3.64857521973e-09, 1.07133713012e-09, 1.59876900607e-09, 1.05859765398e-09, 2.87490642403e-10, 2.77078637811e-10, 2.57940779846e-10, 2.44141734607e-10, 2.35545111194e-10, 2.28130458968e-10, 2.20970922116e-10, 2.15346282473e-10, 2.11555120644e-10, 2.08705761007e-10, 2.06851577533e-10]
    },
    "mfcc": {
        "mean": [-834.997741699, 124.415931702, -23.7073192596, 5.26554489136, -3.43108820915, 0.0911709144711, -9.08358669281, -2.16993021965, -3.76417565346, 0.445136398077, -4.68997526169, -6.09535598755, 2.08075356483],
        "cov": [[66016.34375, 15550.0820312, -2639.97265625, 714.778381348, -364.268432617, 553.752624512, -1198.90209961, 86.2255554199, -544.328735352, 321.756286621, -472.720977783, -963.453491211, 349.243896484], [15550.0820312, 6859.25146484, -1053.74755859, 505.805023193, -135.534500122, -265.610778809, -469.829833984, -256.774963379, -190.715652466, -114.310081482, -225.560974121, -236.34362793, 95.6486129761], [-2639.97265625, -1053.74755859, 624.348510742, -11.2590703964, 94.8282623291, 39.2705116272, 16.3841724396, 101.574508667, 41.3388786316, 30.0985336304, 108.196647644, 52.4872550964, 9.66328620911], [714.778381348, 505.805023193, -11.2590703964, 228.023864746, 25.7118167877, -21.0294208527, -79.3766784668, -16.0727367401, -33.0935783386, -22.0620136261, 2.18483519554, 13.4114370346, 37.3827857971], [-364.268432617, -135.534500122, 94.8282623291, 25.7118167877, 103.245658875, 30.8950996399, 7.71432733536, 19.5101852417, 10.2290220261, 10.214392662, 16.6297779083, 4.03280258179, -1.1729143858], [553.752624512, -265.610778809, 39.2705116272, -21.0294208527, 30.8950996399, 175.062347412, 64.5936126709, 52.3496704102, -15.0922622681, 45.5515861511, 26.7397174835, -2.14528131485, 9.50333023071], [-1198.90209961, -469.829833984, 16.3841724396, -79.3766784668, 7.71432733536, 64.5936126709, 153.975402832, 47.4181747437, 30.5368404388, 23.1266460419, 15.6790847778, 13.2408761978, -32.4776191711], [86.2255554199, -256.774963379, 101.574508667, -16.0727367401, 19.5101852417, 52.3496704102, 47.4181747437, 146.525192261, 70.3435440063, 42.803314209, 58.5218582153, 15.3800735474, 2.12556362152], [-544.328735352, -190.715652466, 41.3388786316, -33.0935783386, 10.2290220261, -15.0922622681, 30.5368404388, 70.3435440063, 115.909141541, 27.7262802124, 30.3544597626, 3.09345555305, -18.3125610352], [321.756286621, -114.310081482, 30.0985336304, -22.0620136261, 10.214392662, 45.5515861511, 23.1266460419, 42.803314209, 27.7262802124, 78.1904373169, 33.7210083008, -7.73975801468, -1.95384669304], [-472.720977783, -225.560974121, 108.196647644, 2.18483519554, 16.6297779083, 26.7397174835, 15.6790847778, 58.5218582153, 30.3544597626, 33.7210083008, 84.6473083496, 23.2626781464, 7.25516033173], [-963.453491211, -236.34362793, 52.4872550964, 13.4114370346, 4.03280258179, -2.14528131485, 13.2408761978, 15.3800735474, 3.09345555305, -7.73975801468, 23.2626781464, 91.7423400879, 15.5758295059], [349.243896484, 95.6486129761, 9.66328620911, 37.3827857971, -1.1729143858, 9.50333023071, -32.4776191711, 2.12556362152, -18.3125610352, -1.95384669304, 7.25516033173, 15.5758295059, 62.8793640137]],
        "icov": [[7.61152114137e-05, -0.000157454196597, 7.95527084847e-05, 0.000187277590157, 9.64522478171e-05, -0.000462001742562, 0.000507491757162, -0.00052246497944, 0.000238733642618, -0.000307947862893, 0.000269626238151, 0.000214267376577, 2.0367819161e-05], [-0.000157454196597, 0.000645471969619, 0.000312242103973, -0.000868911796715, -0.00021065355395, 0.00119625008665, -0.000510002078954, 0.000825551804155, -0.000260909466306, 0.000579868501518, -0.000512808212079, 0.000143179480801, -0.000149046551087], [7.95527084847e-05, 0.000312242103973, 0.00328185129911, 0.000153278655489, -0.00197469093837, 0.000136108967126, 0.00185388023965, -0.00190541567281, 0.00113211502321, 0.000163673335919, -0.00218533165753, 0.000422551325755, -6.54768227832e-05], [0.000187277590157, -0.000868911796715, 0.000153278655489, 0.00746860262007, -0.00212348857895, -0.00115865259431, 0.00324942055158, -0.00185876630712, 0.00165767385624, 0.000510519195814, -0.000543339410797, -0.0011704924982, -0.00145424169023], [9.64522478171e-05, -0.00021065355395, -0.00197469093837, -0.00212348857895, 0.0129773439839, -0.00325642339885, 0.000350894930307, 0.000434240471805, -0.0016993007157, -0.000495527812745, 0.0011850700248, 0.000608569185715, 0.00145365833305], [-0.000462001742562, 0.00119625008665, 0.000136108967126, -0.00115865259431, -0.00325642339885, 0.01360816136, -0.00684618623927, -0.000626808032393, 0.00429813237861, -0.00260213552974, -0.00188024924137, 0.000489349826239, -0.00295140896924], [0.000507491757162, -0.000510002078954, 0.00185388023965, 0.00324942055158, 0.000350894930307, -0.00684618623927, 0.0160052683204, -0.00571915088221, 0.000790421559941, -0.00140445237048, 0.00209609675221, -0.000630374765024, 0.00534260878339], [-0.00052246497944, 0.000825551804155, -0.00190541567281, -0.00185876630712, 0.000434240471805, -0.000626808032393, -0.00571915088221, 0.0188878979534, -0.00993602909148, 0.00123004300985, -0.00632604025304, -0.00197667442262, -0.00208158139139], [0.000238733642618, -0.000260909466306, 0.00113211502321, 0.00165767385624, -0.0016993007157, 0.00429813237861, 0.000790421559941, -0.00993602909148, 0.0173880644143, -0.00424859346822, -0.000292311538942, 0.00135919242166, 0.00260325497948], [-0.000307947862893, 0.000579868501518, 0.000163673335919, 0.000510519195814, -0.000495527812745, -0.00260213552974, -0.00140445237048, 0.00123004300985, -0.00424859346822, 0.0212473385036, -0.00752645405009, 0.00190402718727, -6.36262484477e-05], [0.000269626238151, -0.000512808212079, -0.00218533165753, -0.000543339410797, 0.0011850700248, -0.00188024924137, 0.00209609675221, -0.00632604025304, -0.000292311538942, -0.00752645405009, 0.0230543203652, -0.00284481002018, -0.000730234431103], [0.000214267376577, 0.000143179480801, 0.000422551325755, -0.0011704924982, 0.000608569185715, 0.000489349826239, -0.000630374765024, -0.00197667442262, 0.00135919242166, 0.00190402718727, -0.00284481002018, 0.015392517671, -0.00412794947624], [2.0367819161e-05, -0.000149046551087, -6.54768227832e-05, -0.00145424169023, 0.00145365833305, -0.00295140896924, 0.00534260878339, -0.00208158139139, 0.00260325497948, -6.36262484477e-05, -0.000730234431103, -0.00412794947624, 0.0220577009022]]
    },
    "spectral_contrast_coeffs": {
        "max": [-0.437211036682, -0.412748456001, -0.449110358953, -0.526093423367, -0.621622085571, -0.59344804287],
        "mean": [-0.762510299683, -0.758039593697, -0.755018115044, -0.795903265476, -0.815834403038, -0.811157226562],
        "min": [-0.984833180904, -0.985104858875, -0.976297497749, -0.975541770458, -0.971871733665, -0.966005682945],
        "stdev": [0.138766974211, 0.140411064029, 0.136094421148, 0.111122593284, 0.0906909182668, 0.0934589877725]
    },
    "spectral_contrast_valleys": {
        "max": [-5.53478717804, -5.34622430801, -5.63792705536, -6.09040689468, -6.52330827713, -8.33630084991],
        "mean": [-12.2786273956, -11.8957710266, -12.4184513092, -12.5824632645, -13.1094799042, -15.4485578537],
        "min": [-28.23097229, -28.1480865479, -28.0204143524, -27.7154521942, -27.6509494781, -27.4640884399],
        "stdev": [8.56304740906, 8.72217559814, 8.46905136108, 8.35141277313, 8.07343482971, 6.79399681091]
    }
},
"rhythm": {
    "beats_count": 74,
    "beats_loudness": {
        "max": 0.067022562027,
        "mean": 0.0218640528619,
        "min": 0,
        "stdev": 0.0201350469142
    },
    "bpm": 89.6917037964,
    "bpm_histogram_first_peak_bpm": 94,
    "bpm_histogram_first_peak_weight": 0.5,
    "bpm_histogram_second_peak_bpm": 89,
    "bpm_histogram_second_peak_spread": 0.315789401531,
    "bpm_histogram_second_peak_weight": 0.178082197905,
    "danceability": 0.780399143696,
    "onset_rate": 1.15614509583,
    "beats_loudness_band_ratio": {
        "max": [0.57465326786, 0.806969881058, 0.915987253189, 0.759799063206, 0.614140212536, 0.209126487374],
        "mean": [0.0965771898627, 0.210415869951, 0.19784103334, 0.201744899154, 0.115794308484, 0.0181686449796],
        "min": [0, 0, 0, 0, 0, 0],
        "stdev": [0.113547846675, 0.208069115877, 0.204412341118, 0.215094015002, 0.155317366123, 0.0336689315736]
    },
