{
"metadata": {
    "version": {
        "essentia": "2.1-beta5",
        "essentia_git_sha": "Undefined",
        "extractor": "music 2.0"
    },
    "audio_properties": {
        "analysis": {
            "equal_loudness": 0,
            "length": 40.402721405,
            "sample_rate": 44100,
            "start_time": 158.987030029,
            "downmix": "mix"
        },
        "bit_rate": 192000,
        "length": 199.412979126,
        "lossless": 0,
        "number_channels": 2,
        "replay_gain": -9.20412063599,
        "sample_rate": 48000,
        "codec": "mp3",
        "md5_encoded": "aa8ce4928a494c08a29bed7d37a884b2"
    },
    "tags": {
        "file_name": "Austria_Weil_s Dr Guat Got_George Nußbaumer.mp3",
        "encoding": ["Lavf58.29.100"]
    }
},
"lowlevel": {
    "average_loudness": 0.775423467159,
    "barkbands_crest": {
        "max": 22.7842464447,
        "mean": 8.2295627594,
        "min": 3.30129957199,
        "stdev": 3.25784492493
    },
    "barkbands_flatness_db": {
        "max": 0.256712526083,
        "mean": 0.117897823453,
        "min": 0.0434470698237,
        "stdev": 0.0393201895058
    },
    "barkbands_kurtosis": {
        "max": 57.2700462341,
        "mean": 1.87196755409,
        "min": -1.85768210888,
        "stdev": 3.18015575409
    },
    "barkbands_skewness": {
        "max": 7.15582323074,
        "mean": 0.196665897965,
        "min": -2.29964709282,
        "stdev": 1.41653835773
    },
    "barkbands_spread": {
        "max": 105.449630737,
        "mean": 22.8181762695,
        "min": 4.20571660995,
        "stdev": 8.92701339722
    },
    "dissonance": {
        "max": 0.500000059605,
        "mean": 0.474509239197,
        "min": 0.340045809746,
        "stdev": 0.0241492167115
    },
    "dynamic_complexity": 4.01031637192,
    "erbbands_crest": {
        "max": 29.0925731659,
        "mean": 7.81160545349,
        "min": 2.45993328094,
        "stdev": 4.73938512802
    },
    "erbbands_flatness_db": {
        "max": 0.308989405632,
        "mean": 0.157836601138,
        "min": 0.0573240742087,
        "stdev": 0.0518232584
    },
    "erbbands_kurtosis": {
        "max": 27.5389385223,
        "mean": 0.539644300938,
        "min": -1.55804288387,
        "stdev": 2.20332145691
    },
    "erbbands_skewness": {
        "max": 3.45819449425,
        "mean": 0.0515987463295,
        "min": -2.50146508217,
        "stdev": 0.705169141293
    },
    "erbbands_spread": {
        "max": 121.738090515,
        "mean": 32.0219802856,
        "min": 3.19242072105,
        "stdev": 14.7733182907
    },
    "hfc": {
        "max": 75.4044570923,
        "mean": 19.6095046997,
        "min": 1.05778639123e-16,
        "stdev": 19.5785446167
    },
    "loudness_ebu128": {
        "integrated": -13.687702179,
        "loudness_range": 4.62094306946,
        "momentary": {
            "max": -11.1371364594,
            "mean": -84.0057983398,
            "min": -300.691009521,
            "stdev": 121.989250183
        },
        "short_term": {
            "max": -11.9084281921,
            "mean": -69.4299697876,
            "min": -300.691009521,
            "stdev": 111.460456848
        }
    },
    "melbands_crest": {
        "max": 25.7749099731,
        "mean": 9.33536720276,
        "min": 1.40770447254,
        "stdev": 5.40545129776
    },
    "melbands_flatness_db": {
        "max": 0.339447587729,
        "mean": 0.129204407334,
        "min": 0.0024975403212,
        "stdev": 0.0798184871674
    },
    "melbands_kurtosis": {
        "max": 266.511566162,
        "mean": 4.21661138535,
        "min": -1.40666127205,
        "stdev": 10.744644165
    },
    "melbands_skewness": {
        "max": 13.6290750504,
        "mean": 1.25415027142,
        "min": -1.36096131802,
        "stdev": 1.4105257988
    },
    "melbands_spread": {
        "max": 161.362472534,
        "mean": 53.6113510132,
        "min": 2.11683869362,
        "stdev": 46.7349357605
    },
    "pitch_salience": {
        "max": 0.957294046879,
        "mean": 0.628496229649,
        "min": 0.268479377031,
        "stdev": 0.127949312329
    },
    "silence_rate_20dB": {
        "max": 1,
        "mean": 1,
        "min": 1,
        "stdev": 0
    },
    "silence_rate_30dB": {
        "max": 1,
        "mean": 1,
        "min": 1,
        "stdev": 0
    },
    "silence_rate_60dB": {
        "max": 1,
        "mean": 0.288340032101,
        "min": 0,
        "stdev": 0.452990144491
    },
    "spectral_centroid": {
        "max": 11781.1962891,
        "mean": 3793.92797852,
        "min": 367.235351562,
        "stdev": 4143.3984375
    },
    "spectral_complexity": {
        "max": 48,
        "mean": 16.4945430756,
        "min": 0,
        "stdev": 12.1362552643
    },
    "spectral_decrease": {
        "max": 2.22235969252e-28,
        "mean": -5.05551600583e-09,
        "min": -2.27991758806e-08,
        "stdev": 4.42863834493e-09
    },
    "spectral_energy": {
        "max": 0.0904166847467,
        "mean": 0.0208593513817,
        "min": 9.91639547186e-21,
        "stdev": 0.0183379873633
    },
    "spectral_energyband_high": {
        "max": 0.00890584290028,
        "mean": 0.000449207640486,
        "min": 6.9243644506e-21,
        "stdev": 0.000645719410386
    },
    "spectral_energyband_low": {
        "max": 0.043242059648,
        "mean": 0.00427566701546,
        "min": 4.26329699921e-24,
        "stdev": 0.00463569816202
    },
    "spectral_energyband_middle_high": {
        "max": 0.0466894172132,
        "mean": 0.00801287312061,
        "min": 1.13822182843e-21,
        "stdev": 0.00947468169034
    },
    "spectral_energyband_middle_low": {
        "max": 0.0726920366287,
        "mean": 0.00890296045691,
        "min": 1.13806236493e-22,
        "stdev": 0.0097206486389
    },
    "spectral_entropy": {
        "max": 9.82465744019,
        "mean": 8.16269207001,
        "min": 6.46709251404,
        "stdev": 0.96980535984
    },
    "spectral_flux": {
        "max": 0.258778184652,
        "mean": 0.0697889402509,
        "min": 6.2758687136e-11,
        "stdev": 0.0538887679577
    },
    "spectral_kurtosis": {
        "max": 13.7563381195,
        "mean": 3.15369415283,
        "min": -1.27419185638,
        "stdev": 3.0734064579
    },
    "spectral_rms": {
        "max": 0.00939209200442,
        "mean": 0.00369279156439,
        "min": 3.11039106797e-12,
        "stdev": 0.00259110587649
    },
    "spectral_rolloff": {
        "max": 19789.0136719,
        "mean": 5822.1171875,
        "min": 129.19921875,
        "stdev": 7458.64160156
    },
    "spectral_skewness": {
        "max": 2.58762264252,
        "mean": 1.18498003483,
        "min": -0.0883943960071,
        "stdev": 0.726425945759
    },
    "spectral_spread": {
        "max": 42957636,
        "mean": 12995127,
        "min": 2030767.25,
        "stdev": 15790373
    },
    "spectral_strongpeak": {
        "max": 7.86409759521,
        "mean": 1.16841137409,
        "min": 0,
        "stdev": 1.57018637657
    },
    "zerocrossingrate": {
        "max": 0.76220703125,
        "mean": 0.170888617635,
        "min": 0.01611328125,
        "stdev": 0.191913753748
    },
    "barkbands": {
        "max": [0.0018717556959, 0.0158898346126, 0.0242252796888, 0.0351205617189, 0.0451194234192, 0.0320966728032, 0.0254508201033, 0.039951685816, 0.0421335026622, 0.0412597432733, 0.0188700370491, 0.024867920205, 0.0112017104402, 0.0153632694855, 0.0179877448827, 0.014589201659, 0.00628741830587, 0.00696480553597, 0.00662410631776, 0.00176887749694, 0.00159808015451, 0.00377380428836, 0.00210267398506, 0.00304118590429, 0.000608155911323, 0.000476725661429, 4.59217380921e-06],
        "mean": [9.32336988626e-05, 0.00182139454409, 0.00184884062037, 0.000955572875682, 0.00189618091099, 0.00115331856068, 0.000699354335666, 0.00108355039265, 0.00272468361072, 0.00182752823457, 0.00086740340339, 0.00124546536244, 0.000836587860249, 0.000550421944354, 0.000909220078029, 0.000503932358697, 0.000547646603081, 0.000556471350137, 0.000239301967667, 0.000116857780085, 0.000114818139991, 8.06679818197e-05, 9.0084184194e-05, 5.05086536577e-05, 2.96995876852e-05, 1.65753153851e-05, 2.37733246422e-08],
        "min": [2.00519727659e-25, 8.61368069248e-25, 3.43072797364e-25, 7.01435987046e-25, 4.36942364008e-24, 4.5558977363e-24, 1.32040859658e-24, 7.25971967224e-24, 9.49127070017e-24, 7.71934947866e-24, 1.16776531304e-23, 1.71643684751e-23, 2.84750798e-23, 2.78385668682e-23, 2.14074856235e-23, 5.06519130654e-23, 5.84231774802e-23, 8.06478882916e-23, 1.02403454056e-22, 1.30389064597e-22, 1.84226587325e-22, 2.57968446464e-22, 2.64503496421e-22, 5.42939917258e-22, 8.01613390801e-22, 1.16964580598e-21, 1.88058139015e-21],
        "stdev": [0.00016995248734, 0.00222664372995, 0.00257932092063, 0.00154049799312, 0.00350226298906, 0.00259519950487, 0.00167988194153, 0.00327096297406, 0.00511215114966, 0.00543646235019, 0.00173179153353, 0.00246058101766, 0.00142037682235, 0.00112304452341, 0.00191487197299, 0.00110143818893, 0.000818239757791, 0.000892228854354, 0.000394091446651, 0.000167584308656, 0.000169679246028, 0.000153669287101, 0.00015211365826, 0.000139966068673, 6.08025329711e-05, 3.76951174985e-05, 1.41790820862e-07]
    },
    "erbbands": {
        "max": [0.577401280403, 3.91953015327, 19.3770236969, 86.2807540894, 73.2268829346, 225.279129028, 218.169464111, 370.625549316, 512.692016602, 703.662780762, 916.155578613, 1142.86096191, 1254.35742188, 675.299926758, 803.237976074, 1250.64367676, 549.466247559, 394.433502197, 720.04083252, 621.432617188, 1014.18890381, 385.065460205, 476.942718506, 463.790405273, 101.757087708, 76.4755325317, 92.8313827515, 47.7322311401, 157.984130859, 78.5207290649, 62.7770080566, 55.4463768005, 45.6325759888, 8.48222160339, 3.88290810585, 2.20660185814, 1.04100239277, 0.0709719136357, 0.00136154633947, 0.000124146405142],
        "mean": [0.0466929450631, 0.445139110088, 1.93709695339, 2.8713414669, 4.53400564194, 7.49246120453, 7.10041713715, 9.34748840332, 8.4197807312, 14.0227689743, 34.2000694275, 62.0469970703, 61.3200378418, 44.9865455627, 32.9498405457, 53.3280639648, 36.9122009277, 33.02967453, 44.8223419189, 33.5404281616, 31.4154872894, 31.6881256104, 32.9104728699, 18.0970344543, 9.10011386871, 5.30779504776, 5.3544254303, 4.10385560989, 2.93289446831, 2.85228896141, 2.43495631218, 1.02447724342, 0.903903365135, 0.422423601151, 0.172723591328, 0.0894305855036, 0.0294392034411, 0.00123055023141, 4.22214106948e-05, 2.75283782685e-05],
        "min": [2.71638415142e-23, 1.07608983087e-22, 8.85455143395e-22, 3.38948605493e-21, 6.58541952057e-21, 1.89458949995e-20, 3.86897026351e-20, 4.56998353754e-20, 6.69763230599e-20, 1.41955217881e-19, 1.68351753224e-19, 2.37971719672e-19, 3.7037226477e-19, 7.23849830818e-19, 5.87353190725e-19, 9.38461530553e-19, 1.48213529393e-18, 1.54087214846e-18, 1.77048414822e-18, 2.82044869477e-18, 3.47874818435e-18, 3.41990234878e-18, 4.20139550135e-18, 4.40792885183e-18, 6.81076238625e-18, 5.84883777423e-18, 7.21991445495e-18, 8.47144533919e-18, 9.39003437251e-18, 9.89766187955e-18, 9.09179522984e-18, 9.58372946629e-18, 8.60059222105e-18, 8.05881621678e-18, 5.10257693228e-18, 3.8990638826e-18, 2.00568344282e-18, 9.47939676204e-19, 2.3361992247e-19, 2.36429690221e-20],
        "stdev": [0.0661472678185, 0.531309664249, 2.51739287376, 4.05283975601, 6.62046527863, 15.741604805, 14.6499261856, 23.6277313232, 21.8034820557, 36.5406150818, 86.6315002441, 116.371559143, 156.186065674, 84.3290100098, 66.2181777954, 108.547172546, 57.5417098999, 51.1967773438, 87.3497390747, 64.6640625, 64.8040771484, 47.5580863953, 52.9821548462, 30.9389286041, 12.5896453857, 7.36209344864, 7.7446846962, 6.24510192871, 5.83054447174, 4.83500957489, 4.21567344666, 2.91263628006, 2.22575521469, 0.873889565468, 0.3633903265, 0.189283803105, 0.0725554153323, 0.00423002196476, 9.07158246264e-05, 2.46495328611e-05]
    },
    "gfcc": {
        "mean": [-309.618438721, 74.895072937, -109.355247498, 26.0758991241, -44.1780815125, 18.0097179413, -28.3744754791, 8.74498176575, -15.7043104172, -3.28156852722, -12.0481262207, -2.83150815964, -7.47867059708],
        "cov": [[305714.375, 24014.2871094, -33812.5546875, 8446.75097656, -13734.7314453, 5727.37402344, -8977.90527344, 2746.4140625, -5121.49462891, -1067.29516602, -3933.69824219, -795.061401367, -2518.70166016], [24014.2871094, 2767.26635742, -2620.13427734, 954.597167969, -978.588867188, 413.518920898, -577.586853027, 61.3369255066, -267.814453125, -237.483657837, -162.173080444, -170.003112793, -88.8406219482], [-33812.5546875, -2620.13427734, 4596.38134766, -639.056884766, 1660.26428223, -623.598632812, 922.178222656, -359.684082031, 494.700042725, 191.206268311, 413.909851074, 145.324279785, 212.262252808], [8446.75097656, 954.597167969, -639.056884766, 592.109130859, -287.205810547, 145.265899658, -267.081451416, -32.0962562561, -91.0698852539, -31.1303787231, -48.0867958069, -52.477848053, -45.6011390686], [-13734.7314453, -978.588867188, 1660.26428223, -287.205810547, 760.578857422, -244.552444458, 409.890625, -137.060623169, 249.020553589, 53.1718902588, 185.724014282, 38.4514503479, 101.171508789], [5727.37402344, 413.518920898, -623.598632812, 145.265899658, -244.552444458, 218.318603516, -104.79070282, 59.5708389282, -128.487289429, -24.9304733276, -82.9677047729, -25.1023082733, -44.4608306885], [-8977.90527344, -577.586853027, 922.178222656, -267.081451416, 409.890625, -104.79070282, 424.924163818, -78.7988586426, 141.014465332, -35.0024642944, 130.231826782, -2.82408738136, 99.1201782227], [2746.4140625, 61.3369255066, -359.684082031, -32.0962562561, -137.060623169, 59.5708389282, -78.7988586426, 130.092285156, -39.7881088257, 16.2260017395, -65.1747665405, 12.4843788147, -53.2982902527], [-5121.49462891, -267.814453125, 494.700042725, -91.0698852539, 249.020553589, -128.487289429, 141.014465332, -39.7881088257, 209.428146362, 27.7540187836, 97.8068695068, -20.0677337646, 53.7963256836], [-1067.29516602, -237.483657837, 191.206268311, -31.1303787231, 53.1718902588, -24.9304733276, -35.0024642944, 16.2260017395, 27.7540187836, 124.221382141, 7.71036958694, 15.1096534729, -31.208032608], [-3933.69824219, -162.173080444, 413.909851074, -48.0867958069, 185.724014282, -82.9677047729, 130.231826782, -65.1747665405, 97.8068695068, 7.71036958694, 122.853637695, 0.57442766428, 45.072052002], [-795.061401367, -170.003112793, 145.324279785, -52.477848053, 38.4514503479, -25.1023082733, -2.82408738136, 12.4843788147, -20.0677337646, 15.1096534729, 0.57442766428, 64.5688018799, -2.99891066551], [-2518.70166016, -88.8406219482, 212.262252808, -45.6011390686, 101.171508789, -44.4608306885, 99.1201782227, -53.2982902527, 53.7963256836, -31.208032608, 45.072052002, -2.99891066551, 89.0891723633]],
        "icov": [[0.000345950276824, -0.00120516913012, 0.00079715042375, -0.000902737781871, 0.000870268093422, -0.0010288982885, 0.000810499710497, -0.000752537336666, 0.000955406809226, -0.000801353133284, 0.00193583487999, -0.00164282438345, 0.00147138081957], [-0.00120516913012, 0.00674058357254, -0.00191164400894, 0.000423273741035, -0.00286521506496, 0.00337743712589, -0.00246642180718, 0.00224281894043, -0.00331542966887, 0.00559869641438, -0.00858244113624, 0.00753565598279, -0.00499489111826], [0.00079715042375, -0.00191164400894, 0.00369290844537, -0.00348425400443, -0.000174600354512, -0.000963208032772, 0.00034413576941, -0.000479911832372, 0.00276311812922, -0.00264639081433, 0.00473254686221, -0.00490458635613, 0.0039410344325], [-0.000902737781871, 0.000423273741035, -0.00348425400443, 0.00922308396548, -0.00197485578246, -0.000212553160964, 0.00114733539522, 0.00485475594178, -0.00358102959581, 0.00101996364538, -0.00485447794199, 0.00408448977396, -0.00319973775186], [0.000870268093422, -0.00286521506496, -0.000174600354512, -0.00197485578246, 0.0112021435052, -0.00324816373177, -0.000109222797619, -0.00031990633579, -0.00183742132504, -0.00161230517551, 0.0045538446866, -0.00592888565734, 0.00478087132797], [-0.0010288982885, 0.00337743712589, -0.000963208032772, -0.000212553160964, -0.00324816373177, 0.016323197633, -0.00732750073075, -0.000971553265117, 0.00348728965037, -0.000894816708751, -0.00317204114981, 0.00746953021735, -0.00469132792205], [0.000810499710497, -0.00246642180718, 0.00034413576941, 0.00114733539522, -0.000109222797619, -0.00732750073075, 0.0137493666261, -0.00397033523768, 0.00235553388484, 0.00431011011824, -0.00163288111798, 0.0019673241768, -3.80310416404e-06], [-0.000752537336666, 0.00224281894043, -0.000479911832372, 0.00485475594178, -0.00031990633579, -0.000971553265117, -0.00397033523768, 0.0217101611197, -0.00906228739768, -0.000398932170356, 0.0032214645762, -0.00539516704157, 0.00539459707215], [0.000955406809226, -0.00331542966887, 0.00276311812922, -0.00358102959581, -0.00183742132504, 0.00348728965037, 0.00235553388484, -0.00906228739768, 0.018719708547, -0.00507696298882, -0.000740423798561, 0.00515570305288, -0.00146109075285], [-0.000801353133284, 0.00559869641438, -0.00264639081433, 0.00101996364538, -0.00161230517551, -0.000894816708751, 0.00431011011824, -0.000398932170356, -0.00507696298882, 0.019098052755, -0.00939506944269, 0.006611937657, 0.000836628780235], [0.00193583487999, -0.00858244113624, 0.00473254686221, -0.00485447794199, 0.0045538446866, -0.00317204114981, -0.00163288111798, 0.0032214645762, -0.000740423798561, -0.00939506944269, 0.0332403369248, -0.0158961080015, 0.00920379627496], [-0.00164282438345, 0.00753565598279, -0.00490458635613, 0.00408448977396, -0.00592888565734, 0.00746953021735, 0.0019673241768, -0.00539516704157, 0.00515570305288, 0.006611937657, -0.0158961080015, 0.0366777516901, -0.0116306385025], [0.00147138081957, -0.00499489111826, 0.0039410344325, -0.00319973775186, 0.00478087132797, -0.00469132792205, -3.80310416404e-06, 0.00539459707215, -0.00146109075285, 0.000836628780235, 0.00920379627496, -0.0116306385025, 0.0284030567855]]
    },
    "melbands": {
        "max": [0.00459529086947, 0.00750199332833, 0.0123085370287, 0.0112205035985, 0.00626288633794, 0.00740810995921, 0.00702260062099, 0.0083153359592, 0.00659632356837, 0.00794036034495, 0.00656893989071, 0.0027944042813, 0.00265237502754, 0.0024854503572, 0.00167387165129, 0.00146025640424, 0.000978879863396, 0.00123820989393, 0.0017731313128, 0.00090950372396, 0.0016592257889, 0.000509204226546, 0.000370906753233, 0.000446185149485, 0.000431640888564, 0.000102511585283, 5.89269002376e-05, 7.07003855496e-05, 7.03549958416e-05, 3.78163022106e-05, 3.63123690477e-05, 7.70275582909e-05, 9.24972337089e-05, 2.99323401123e-05, 3.04651493934e-05, 4.69949482067e-05, 4.40004114353e-05, 4.34557696281e-05, 1.01496934803e-05, 7.12367273081e-06],
        "mean": [0.000460937037133, 0.000856528058648, 0.000535861647222, 0.000459201721242, 0.000253794947639, 0.000211239763303, 0.000137030248879, 0.000163169373991, 0.000313997210469, 0.000396025076043, 0.000310868897941, 0.000196473483811, 0.000108826781798, 0.000127910723677, 0.000106037448859, 8.86306806933e-05, 5.62050481676e-05, 6.78979122313e-05, 6.62831153022e-05, 3.28364949382e-05, 3.6834680941e-05, 3.35069889843e-05, 2.87688490062e-05, 2.76393093372e-05, 1.35409318318e-05, 7.1530371315e-06, 4.7741441449e-06, 3.34285255121e-06, 3.58572583536e-06, 2.76264040622e-06, 2.30160731007e-06, 1.69057921084e-06, 1.40629390444e-06, 1.71650287939e-06, 1.61984553415e-06, 8.17391480723e-07, 5.45683349173e-07, 7.02394231666e-07, 4.72478973279e-07, 3.22480047998e-07],
        "min": [3.67146071178e-25, 5.33901750907e-25, 8.65047710941e-25, 9.25345970561e-25, 1.22164636669e-24, 9.00711027782e-25, 9.66161633797e-25, 1.86179989153e-24, 1.17427674844e-24, 1.36217266784e-24, 1.69420540614e-24, 2.26194544418e-24, 2.01837793438e-24, 1.6757078012e-24, 2.49276515897e-24, 2.57769136023e-24, 1.75200544188e-24, 2.28275638372e-24, 2.59951105565e-24, 2.87870529888e-24, 3.08010168519e-24, 2.23905132021e-24, 3.50819066326e-24, 3.35182817666e-24, 3.12635753045e-24, 3.36521041305e-24, 4.05351916299e-24, 2.68260986063e-24, 3.93944750951e-24, 3.90162241797e-24, 4.61599197677e-24, 4.53150694597e-24, 4.13012741765e-24, 4.68591384639e-24, 3.43867545143e-24, 4.96490081641e-24, 5.56889374622e-24, 5.64962419354e-24, 5.2011500636e-24, 5.93445425628e-24],
        "stdev": [0.00058608368272, 0.00100610905793, 0.000656724325381, 0.000856082653627, 0.000471800769446, 0.000518212560564, 0.00033854029607, 0.0004615461512, 0.00077611283632, 0.000782557181083, 0.000832921767142, 0.000408908206737, 0.000219213528908, 0.000272000703262, 0.000179555485374, 0.000159664166858, 9.63420970947e-05, 0.000133758177981, 0.000146441088873, 6.89990556566e-05, 8.27389667393e-05, 5.42359121027e-05, 4.42856471636e-05, 4.66144265374e-05, 2.64410646196e-05, 1.08088288471e-05, 6.54317773296e-06, 5.30810939381e-06, 5.5127302403e-06, 4.34736557509e-06, 3.71477062799e-06, 3.30260559167e-06, 3.24463258039e-06, 2.84092334368e-06, 2.68164876616e-06, 2.1517262212e-06, 1.8264671553e-06, 1.94831568479e-06, 9.44373766743e-07, 6.95984113008e-07]
    },
    "melbands128": {
        "max": [0.00156793335918, 0.00453184079379, 0.00746460352093, 0.00744870351627, 0.0107408165932, 0.015263791196, 0.0212991274893, 0.0128472642973, 0.00732509000227, 0.0170005261898, 0.0154960062355, 0.00775145925581, 0.00962686911225, 0.009740030393, 0.0119447056204, 0.0156509950757, 0.0156187703833, 0.00510066607967, 0.00690674781799, 0.0105099733919, 0.0130775216967, 0.0142290648073, 0.0107044242322, 0.0117563419044, 0.00760040758178, 0.015411558561, 0.0101157333702, 0.0106655927375, 0.0144450180233, 0.00477928388864, 0.00457626301795, 0.0046707438305, 0.00379315391183, 0.00446123117581, 0.00375519646332, 0.00471687782556, 0.00669916486368, 0.00197608978488, 0.00216722977348, 0.00178738555405, 0.00266882963479, 0.00230881758034, 0.00142405845691, 0.00242573628202, 0.00386874331161, 0.00175934378058, 0.0036098442506, 0.00427780020982, 0.00168415659573, 0.00117224524729, 0.00200036074966, 0.00161944248248, 0.00136094982736, 0.00390270049684, 0.000773010018747, 0.00114560208749, 0.000832549878396, 0.000357575190719, 0.000661458820105, 0.00113456242252, 0.000968021282461, 0.000505529053044, 0.000982873258181, 0.000920849735849, 0.000403996469686, 9.89316395135e-05, 0.00016370243975, 0.000125330785522, 5.14680068591e-05, 0.000118626587209, 7.5618889241e-05, 0.000156688547577, 0.000123076824821, 0.000148329112562, 4.27492523158e-05, 5.71318159928e-05, 8.64460453158e-05, 5.37283449376e-05, 7.03672558302e-05, 5.66387570871e-05, 7.66842858866e-05, 0.000120871816762, 0.000161002579262, 8.85627669049e-05, 6.80924931658e-05, 3.85011662729e-05, 3.56671662303e-05, 4.94420455652e-05, 3.71393034584e-05, 3.84950144507e-05, 5.46582123206e-05, 5.98983860982e-05, 3.45721600752e-05, 2.72978886642e-05, 7.08197258064e-05, 6.86953717377e-05, 3.55189986294e-05, 2.32407746807e-05, 1.1812710909e-05, 1.08445619844e-05, 8.67523613124e-06, 9.70277596934e-06, 7.05558068148e-06, 5.73076295041e-06, 4.83714120492e-06, 4.33234026787e-06, 3.63101662515e-06, 5.12987799084e-06, 3.79379957849e-06, 6.26004612059e-06, 7.64374817663e-06, 4.58942804471e-06, 2.93888206215e-06, 2.79421215055e-06, 2.2614469799e-06, 3.29852923642e-07, 4.1379387028e-08, 2.01888461504e-08, 2.03959995559e-08, 2.00463858846e-08, 1.96162002197e-08, 1.91742177691e-08, 1.87546866925e-08, 1.83977704182e-08, 1.80971024832e-08, 1.78558146047e-08, 1.76754664238e-08, 1.75665277879e-08],
        "mean": [8.26951145427e-05, 0.000344240339473, 0.000583704211749, 0.000752037507482, 0.000993191148154, 0.000861009932123, 0.00058795575751, 0.000451802276075, 0.000402520905482, 0.000574009376578, 0.000437768467236, 0.000193659769138, 0.000230115183513, 0.000284221401671, 0.000227771161008, 0.000169588194694, 0.00012272267486, 0.00011235405691, 0.000193070285604, 0.000128941203002, 0.000164702767506, 0.000213399616769, 0.00034450792009, 0.000414383568568, 0.00035934583866, 0.000507600838318, 0.000212971164729, 0.000280204985756, 0.000438625196693, 0.000155459943926, 0.00015559179883, 0.000156702284585, 7.92329665273e-05, 0.000109381071525, 8.99455844774e-05, 0.000131012551719, 0.000201039409149, 0.000105380655441, 4.92225153721e-05, 6.65429688524e-05, 0.000123149919091, 8.47767223604e-05, 3.67963220924e-05, 5.26964577148e-05, 6.34752504993e-05, 5.45034527022e-05, 0.000101933794213, 7.33157503419e-05, 5.46038936591e-05, 2.85456881102e-05, 2.64903937932e-05, 4.09515487263e-05, 3.81870740966e-05, 3.49372239725e-05, 3.43761093973e-05, 3.46716842614e-05, 3.22503328789e-05, 2.582421439e-05, 2.63509955403e-05, 3.68107430404e-05, 3.07026748487e-05, 1.9713286747e-05, 1.43987253978e-05, 1.2687830349e-05, 1.03591473817e-05, 4.94490723213e-06, 7.40656287235e-06, 6.25060511084e-06, 4.02386513088e-06, 2.954164529e-06, 2.52354107033e-06, 4.14737405663e-06, 4.31892704e-06, 3.14794510814e-06, 3.23024869431e-06, 2.99627436107e-06, 2.46173931373e-06, 2.20901097236e-06, 2.43692784352e-06, 2.3305663035e-06, 1.52667757902e-06, 1.68045050941e-06, 1.40678184835e-06, 1.30919738695e-06, 1.48652145526e-06, 1.40470615406e-06, 1.97626309273e-06, 2.00501676773e-06, 1.68845883763e-06, 1.30271416765e-06, 9.45168380895e-07, 6.92617163622e-07, 5.61147771805e-07, 4.11411235746e-07, 6.58091266814e-07, 7.17625709967e-07, 7.786485412e-07, 5.57878593099e-07, 5.13381223755e-07, 4.1464846845e-07, 3.21034207218e-07, 3.53461757641e-07, 2.22463043542e-07, 2.35176329966e-07, 1.70138733324e-07, 1.73358316147e-07, 1.44306056882e-07, 1.71176580466e-07, 1.3028446233e-07, 1.78927194838e-07, 1.4271621751e-07, 1.48602509853e-07, 1.03002662399e-07, 3.36623742214e-08, 1.31207773535e-08, 4.47135750647e-09, 8.62829752091e-10, 1.57230842929e-11, 1.52996990077e-11, 1.49415254475e-11, 1.46045172483e-11, 1.42780093304e-11, 1.39729330537e-11, 1.37067883085e-11, 1.34664475751e-11, 1.32518839652e-11, 1.310132558e-11, 1.30193225992e-11],
        "min": [3.29014038786e-26, 8.75215043325e-26, 1.7116982488e-25, 7.51725154848e-26, 9.35735958936e-26, 1.09703890883e-25, 3.55427394519e-25, 2.01381866347e-25, 2.68029396222e-25, 2.07938804236e-25, 5.70572577169e-27, 1.46852238378e-25, 2.76086427078e-25, 8.22441629273e-25, 4.88296567988e-25, 1.7096746665e-26, 5.62683488945e-25, 1.12112862546e-25, 3.05935074839e-25, 5.00296917294e-25, 6.91700457399e-25, 2.47354707751e-25, 3.83901180982e-25, 1.60541822379e-25, 3.47646686848e-25, 3.0235598826e-25, 5.02043011604e-25, 3.79428364301e-25, 7.87088531982e-25, 3.44169363326e-25, 7.10505570177e-25, 7.07223810203e-25, 3.33603532924e-25, 6.69892003244e-25, 4.47652136873e-25, 4.35440668667e-25, 1.25002711687e-24, 9.88305846875e-25, 1.01890438088e-24, 4.58399577845e-25, 8.24384396467e-25, 8.08602642412e-25, 7.44140824238e-25, 5.64195636693e-25, 9.97444800462e-25, 8.26572992441e-25, 5.47667916045e-25, 1.20828602118e-24, 7.26357089118e-25, 1.57439745198e-24, 1.24408867058e-24, 8.24204486877e-25, 6.56031519924e-25, 1.38077479684e-24, 1.53464300388e-24, 1.73415943605e-24, 8.55467389677e-25, 2.25526398953e-24, 5.49912471839e-25, 1.42845088755e-24, 1.61134414691e-24, 1.45513775615e-24, 1.13312789008e-24, 1.13235017184e-24, 1.70099158207e-24, 1.52433002805e-24, 2.1828396559e-24, 1.63377471649e-24, 2.00946439779e-24, 2.04693331864e-24, 2.44729107488e-24, 1.33869971717e-24, 2.30496893188e-24, 2.005508852e-24, 2.63547818255e-24, 1.65056552225e-24, 2.47109929143e-24, 2.42707059772e-24, 2.81001937707e-24, 2.46603953758e-24, 3.02549614169e-24, 2.80759599637e-24, 2.60117141064e-24, 2.52146924352e-24, 2.76921022194e-24, 2.73896194217e-24, 2.69496697228e-24, 3.25005052596e-24, 1.72585549173e-24, 2.69847582558e-24, 2.70248363341e-24, 2.76989633371e-24, 3.22225461753e-24, 3.87828239036e-24, 3.30479116189e-24, 3.03365690775e-24, 2.56751860443e-24, 3.51914912453e-24, 4.1973659769e-24, 3.45434775104e-24, 4.09953420845e-24, 3.53816698323e-24, 3.37159190335e-24, 3.74706129524e-24, 3.89018945687e-24, 3.03022832104e-24, 3.3775182209e-24, 3.47462620947e-24, 3.97850716837e-24, 3.92667545703e-24, 4.40661054315e-24, 2.98715967106e-24, 4.89667696989e-24, 3.29244686923e-24, 4.91130245107e-24, 4.16596852402e-24, 4.56747387565e-24, 5.07878195998e-24, 5.21760964639e-24, 3.86764696764e-24, 3.62672450845e-24, 4.31658889209e-24, 4.07797030118e-24, 4.97066541748e-24, 5.46468245962e-24, 4.9118234937e-24, 4.78521960145e-24, 5.20348193644e-24],
        "stdev": [0.000152637469, 0.000552016135771, 0.000820657063741, 0.000959207711276, 0.00129197665956, 0.00123355560936, 0.000947042135522, 0.000694025191478, 0.000647334381938, 0.00123682012782, 0.00103011389729, 0.000443969329353, 0.000580807158258, 0.000670591252856, 0.000658480508719, 0.00065109168645, 0.000538786000106, 0.00030398517265, 0.000556140497793, 0.000464438169729, 0.000757089350373, 0.000898944796063, 0.00108428252861, 0.00119187997188, 0.000832398422062, 0.00142106378917, 0.000708244740963, 0.00101624336094, 0.00170844839886, 0.000440800446086, 0.000378741213353, 0.000366400287021, 0.000248615484452, 0.000332805211656, 0.000271331024123, 0.000389743130654, 0.000489688129164, 0.000218775661779, 0.000123191799503, 0.000171829698957, 0.000266101182206, 0.000192648061784, 8.07532633189e-05, 0.000154545748956, 0.000201433169423, 0.000140675881994, 0.000311439536745, 0.000232235513977, 0.000145510784932, 8.58941566548e-05, 9.73303394858e-05, 0.000122254990856, 0.000115799048217, 0.000129711508635, 7.31070394977e-05, 8.22386500658e-05, 6.71184970997e-05, 4.57551541331e-05, 5.64772453799e-05, 7.87292519817e-05, 6.83529142407e-05, 4.36192385678e-05, 3.8976129872e-05, 3.71372552763e-05, 2.41791367444e-05, 9.90255739453e-06, 1.4272264707e-05, 1.0415475117e-05, 6.49458206681e-06, 5.74974501433e-06, 5.07854019816e-06, 8.67392645887e-06, 8.77841375768e-06, 6.59808983983e-06, 5.25533096152e-06, 5.79277821089e-06, 5.19303330293e-06, 4.1972712097e-06, 4.81030974697e-06, 4.76215791423e-06, 3.58037345904e-06, 4.1023608901e-06, 4.67932568426e-06, 3.19691093864e-06, 3.41850886798e-06, 2.78087895822e-06, 3.6059109334e-06, 3.63680328519e-06, 3.07095365315e-06, 2.52178233495e-06, 2.49437835009e-06, 2.3259790396e-06, 1.82542294169e-06, 1.22542371628e-06, 2.65722565018e-06, 2.66150846073e-06, 1.94706603907e-06, 1.23254881146e-06, 1.06077322926e-06, 8.80574873463e-07, 7.46269620322e-07, 8.36458752929e-07, 4.92813001074e-07, 5.04452032146e-07, 4.06252780749e-07, 4.15783915741e-07, 3.16488439012e-07, 3.82780029895e-07, 3.01511619227e-07, 4.16746019027e-07, 3.5173874835e-07, 3.72212895172e-07, 2.66971028395e-07, 1.52584462398e-07, 1.01492460658e-07, 2.01588079562e-08, 3.42321326841e-09, 4.83664996942e-10, 4.88637796892e-10, 4.80253170565e-10, 4.69951688675e-10, 4.59364712935e-10, 4.49307813177e-10, 4.40760566933e-10, 4.33560437552e-10, 4.27781837731e-10, 4.23451718135e-10, 4.20843027094e-10]
    },
    "mfcc": {
        "mean": [-783.146179199, 89.9496536255, -15.0307588577, 10.3302307129, 2.97754073143, 6.25053787231, -1.10172462463, 8.18579101562, -0.0532144084573, 1.15317106247, 0.563161432743, -0.486789703369, -3.79863977432],
        "cov": [[80752.265625, 14516.6113281, -2188.18310547, 1811.15612793, 589.633666992, 1081.55615234, -79.9864959717, 1390.99182129, -34.4726753235, 107.655586243, 74.3678588867, -42.2744445801, -719.888244629], [14516.6113281, 3147.03857422, -403.780303955, 479.894897461, 132.016082764, 263.16583252, -21.0531291962, 301.614074707, -12.6535272598, 21.1810188293, 7.44092941284, 18.1263065338, -103.046318054], [-2188.18310547, -403.780303955, 605.142822266, 203.140686035, 134.507675171, 73.2486877441, 33.319732666, -94.3176727295, -40.4098587036, -34.7992973328, -20.9564399719, 9.1278295517, 65.7402191162], [1811.15612793, 479.894897461, 203.140686035, 367.212402344, 154.682022095, 119.85319519, -37.8680419922, -2.66333913803, -37.9729347229, -1.0991795063, -7.38305616379, 4.67262077332, 42.9097175598], [589.633666992, 132.016082764, 134.507675171, 154.682022095, 182.653884888, 48.4949569702, -44.6974525452, -24.2685546875, -18.7259578705, 10.1682424545, 16.0168457031, 10.9060258865, 20.5860786438], [1081.55615234, 263.16583252, 73.2486877441, 119.85319519, 48.4949569702, 144.242858887, 51.276966095, 16.7519435883, -8.53926944733, 7.62877607346, -11.5773029327, -13.6505794525, -2.72742938995], [-79.9864959717, -21.0531291962, 33.319732666, -37.8680419922, -44.6974525452, 51.276966095, 143.997512817, 42.1396026611, 1.11090874672, -16.7875175476, -14.4350290298, -11.6045951843, -15.4877634048], [1390.99182129, 301.614074707, -94.3176727295, -2.66333913803, -24.2685546875, 16.7519435883, 42.1396026611, 128.885726929, 20.520986557, -13.0700006485, -5.82327127457, -5.46100997925, -30.2527275085], [-34.4726753235, -12.6535272598, -40.4098587036, -37.9729347229, -18.7259578705, -8.53926944733, 1.11090874672, 20.520986557, 65.2126846313, 21.3711299896, -0.676559925079, 2.03789687157, -16.0208301544], [107.655586243, 21.1810188293, -34.7992973328, -1.0991795063, 10.1682424545, 7.62877607346, -16.7875175476, -13.0700006485, 21.3711299896, 75.3793563843, 29.2174129486, 4.18492555618, 10.3407440186], [74.3678588867, 7.44092941284, -20.9564399719, -7.38305616379, 16.0168457031, -11.5773029327, -14.4350290298, -5.82327127457, -0.676559925079, 29.2174129486, 59.2118988037, 29.7785015106, 7.09970474243], [-42.2744445801, 18.1263065338, 9.1278295517, 4.67262077332, 10.9060258865, -13.6505794525, -11.6045951843, -5.46100997925, 2.03789687157, 4.18492555618, 29.7785015106, 64.5123672485, 9.86014938354], [-719.888244629, -103.046318054, 65.7402191162, 42.9097175598, 20.5860786438, -2.72742938995, -15.4877634048, -30.2527275085, -16.0208301544, 10.3407440186, 7.09970474243, 9.86014938354, 70.3677139282]],
        "icov": [[8.29967320897e-05, -0.000403755955631, -9.40183508646e-06, 0.000101359022665, -0.000105496081233, 9.17812722037e-05, -4.33384557255e-05, 8.55827092892e-05, 2.74247104244e-05, 3.08388166559e-06, -0.000145025856909, 0.000225377691095, 0.000255322083831], [-0.000403755955631, 0.00284552457742, 0.000893961172551, -0.00187780242413, 0.000518823042512, -0.00126468075905, 0.000502268318087, -0.00177704391535, 0.000465562538011, -0.000335942342645, 0.000920192571357, -0.0018593755085, -0.000184880656889], [-9.40183508646e-06, 0.000893961172551, 0.00405059475452, -0.00273877196014, -0.00161525106523, -0.00033652750426, -0.00222662766464, 0.00147465628106, -0.000458135502413, 0.00156170991249, 0.000796916778199, -0.0010748161003, -0.00056139647495], [0.000101359022665, -0.00187780242413, -0.00273877196014, 0.00970783270895, -0.00291170366108, -0.00406611291692, 0.00348480115645, -0.000666236330289, 0.00136019394267, 0.000379174831323, 0.00118752790149, 0.000450096849818, -0.00382814952172], [-0.000105496081233, 0.000518823042512, -0.00161525106523, -0.00291170366108, 0.0106428032741, -0.00187681952957, 0.00339236017317, -0.000216486601857, 0.00045913743088, -0.000303427834297, -0.00325639685616, -1.0912187463e-05, 0.000911547627766], [9.17812722037e-05, -0.00126468075905, -0.00033652750426, -0.00406611291692, -0.00187681952957, 0.0158781372011, -0.00781514588743, 0.0020980744157, 2.5435925636e-05, -0.00387991219759, 0.00183351465967, 0.00225920905359, 0.00230165268295], [-4.33384557255e-05, 0.000502268318087, -0.00222662766464, 0.00348480115645, 0.00339236017317, -0.00781514588743, 0.0138858063146, -0.00534418784082, 0.00177889689803, 0.00107663625386, -0.000328081252519, -0.000267491530394, 2.80150525214e-05], [8.55827092892e-05, -0.00177704391535, 0.00147465628106, -0.000666236330289, -0.000216486601857, 0.0020980744157, -0.00534418784082, 0.0149888899177, -0.005553023424, 0.0044683679007, -0.00213935342617, 0.00194346276112, 0.000736926682293], [2.74247104244e-05, 0.000465562538011, -0.000458135502413, 0.00136019394267, 0.00045913743088, 2.5435925636e-05, 0.00177889689803, -0.005553023424, 0.0226634014398, -0.0104411421344, 0.00661756843328, -0.00423416495323, 0.00505155790597], [3.08388166559e-06, -0.000335942342645, 0.00156170991249, 0.000379174831323, -0.000303427834297, -0.00387991219759, 0.00107663625386, 0.0044683679007, -0.0104411421344, 0.0241471547633, -0.0134674943984, 0.00545321218669, -0.00538521632552], [-0.000145025856909, 0.000920192571357, 0.000796916778199, 0.00118752790149, -0.00325639685616, 0.00183351465967, -0.000328081252519, -0.00213935342617, 0.00661756843328, -0.0134674943984, 0.0320623964071, -0.0140888467431, 0.000651949783787], [0.000225377691095, -0.0018593755085, -0.0010748161003, 0.000450096849818, -1.0912187463e-05, 0.00225920905359, -0.000267491530394, 0.00194346276112, -0.00423416495323, 0.00545321218669, -0.0140888467431, 0.0235466193408, -0.00246338662691], [0.000255322083831, -0.000184880656889, -0.00056139647495, -0.00382814952172, 0.000911547627766, 0.00230165268295, 2.80150525214e-05, 0.000736926682293, 0.00505155790597, -0.00538521632552, 0.000651949783787, -0.00246338662691, 0.0217776242644]]
    },
    "spectral_contrast_coeffs": {
        "max": [-0.519652187824, -0.492826044559, -0.505521953106, -0.607734322548, -0.566025316715, -0.632570147514],
        "mean": [-0.786726593971, -0.801184117794, -0.790304362774, -0.820780158043, -0.81589370966, -0.80849224329],
        "min": [-0.987896502018, -0.98171877861, -0.976605594158, -0.973250210285, -0.96951007843, -0.965464472771],
        "stdev": [0.114251412451, 0.11635338515, 0.120996490121, 0.0943491384387, 0.0939903259277, 0.0922289416194]
    },
    "spectral_contrast_valleys": {
        "max": [-5.21620464325, -5.19536685944, -5.53572368622, -5.81110620499, -6.22980356216, -8.13434123993],
        "mean": [-11.7828149796, -11.7430782318, -12.0668535233, -12.1449298859, -12.3219976425, -14.4075374603],
        "min": [-28.0129261017, -27.8641700745, -27.8801059723, -27.7063655853, -27.5021095276, -27.4170589447],
        "stdev": [8.87624454498, 8.8541431427, 8.70258045197, 8.64592075348, 8.5569562912, 7.37793588638]
    }
},
"rhythm": {
    "beats_count": 89,
    "beats_loudness": {
        "max": 0.0652830228209,
        "mean": 0.0232496690005,
        "min": 0,
        "stdev": 0.0184153337032
    },
    "bpm": 144.429855347,
    "bpm_histogram_first_peak_bpm": 144,
    "bpm_histogram_first_peak_weight": 0.315789461136,
    "bpm_histogram_second_peak_bpm": 120,
    "bpm_histogram_second_peak_spread": 0.526315808296,
    "bpm_histogram_second_peak_weight": 0.102272726595,
    "danceability": 0.839719057083,
    "onset_rate": 2.22693300247,
    "beats_loudness_band_ratio": {
        "max": [0.731146812439, 0.447362720966, 0.644318938255, 0.683042109013, 0.47159153223, 0.125482738018],
        "mean": [0.19829416275, 0.123602643609, 0.166932970285, 0.151636570692, 0.125068515539, 0.0393540151417],
        "min": [0, 0, 0, 0, 0, 0],
        "stdev": [0.18816703558, 0.128570437431, 0.159691363573, 0.168739318848, 0.123785190284, 0.0309770852327]
    },
