{
"metadata": {
    "version": {
        "essentia": "2.1-beta5",
        "essentia_git_sha": "Undefined",
        "extractor": "music 2.0"
    },
    "audio_properties": {
        "analysis": {
            "equal_loudness": 0,
            "length": 32.4963264465,
            "sample_rate": 44100,
            "start_time": 110.248344421,
            "downmix": "mix"
        },
        "bit_rate": 192000,
        "length": 199.250442505,
        "lossless": 0,
        "number_channels": 2,
        "replay_gain": -15.363866806,
        "sample_rate": 48000,
        "codec": "mp3",
        "md5_encoded": "5789e5ec2a87336ecf0508b0bccf085e"
    },
    "tags": {
        "file_name": "Ireland_The Voice_Eimear Quinn.mp3",
        "encoding": ["Lavf58.29.100"]
    }
},
"lowlevel": {
    "average_loudness": 0.837317824364,
    "barkbands_crest": {
        "max": 26.308298111,
        "mean": 13.9340143204,
        "min": 3.56952023506,
        "stdev": 6.33064937592
    },
    "barkbands_flatness_db": {
        "max": 0.440842777491,
        "mean": 0.224452123046,
        "min": 0.088952191174,
        "stdev": 0.0630662068725
    },
    "barkbands_kurtosis": {
        "max": 77.4071731567,
        "mean": 9.29141712189,
        "min": -1.47296929359,
        "stdev": 13.019613266
    },
    "barkbands_skewness": {
        "max": 7.4127035141,
        "mean": 1.57563114166,
        "min": -2.72796320915,
        "stdev": 1.20749247074
    },
    "barkbands_spread": {
        "max": 74.7727890015,
        "mean": 9.38691425323,
        "min": 0.490149915218,
        "stdev": 7.71882867813
    },
    "dissonance": {
        "max": 0.497261166573,
        "mean": 0.420875400305,
        "min": 0.183028683066,
        "stdev": 0.058021184057
    },
    "dynamic_complexity": 2.6386654377,
    "erbbands_crest": {
        "max": 33.2593650818,
        "mean": 16.4102268219,
        "min": 3.47434854507,
        "stdev": 8.25935077667
    },
    "erbbands_flatness_db": {
        "max": 0.460182189941,
        "mean": 0.258997946978,
        "min": 0.0978262275457,
        "stdev": 0.0679209604859
    },
    "erbbands_kurtosis": {
        "max": 71.4110641479,
        "mean": 5.8030538559,
        "min": -1.68076145649,
        "stdev": 11.2415790558
    },
    "erbbands_skewness": {
        "max": 6.55365800858,
        "mean": 1.48175394535,
        "min": -2.1503405571,
        "stdev": 1.52682709694
    },
    "erbbands_spread": {
        "max": 114.191596985,
        "mean": 19.9031848907,
        "min": 1.01124346256,
        "stdev": 14.5109100342
    },
    "hfc": {
        "max": 66.8400497437,
        "mean": 12.6175165176,
        "min": 0.310091912746,
        "stdev": 10.5291509628
    },
    "loudness_ebu128": {
        "integrated": -9.89722251892,
        "loudness_range": 4.25023174286,
        "momentary": {
            "max": -4.72136306763,
            "mean": -10.5651435852,
            "min": -19.3292369843,
            "stdev": 2.46415257454
        },
        "short_term": {
            "max": -6.96365499496,
            "mean": -10.0731277466,
            "min": -13.82533741,
            "stdev": 1.46111607552
        }
    },
    "melbands_crest": {
        "max": 33.9801445007,
        "mean": 17.3590984344,
        "min": 4.40905809402,
        "stdev": 7.54708051682
    },
    "melbands_flatness_db": {
        "max": 0.484944015741,
        "mean": 0.275474250317,
        "min": 0.102212227881,
        "stdev": 0.0662717595696
    },
    "melbands_kurtosis": {
        "max": 103.907608032,
        "mean": 11.1787481308,
        "min": -1.43247878551,
        "stdev": 12.3704624176
    },
    "melbands_skewness": {
        "max": 6.2237238884,
        "mean": 1.57081747055,
        "min": -2.50802254677,
        "stdev": 1.21947443485
    },
    "melbands_spread": {
        "max": 54.0045166016,
        "mean": 11.6801557541,
        "min": 1.0022341013,
        "stdev": 7.86826133728
    },
    "pitch_salience": {
        "max": 0.878488838673,
        "mean": 0.470765024424,
        "min": 0.0886634290218,
        "stdev": 0.163845866919
    },
    "silence_rate_20dB": {
        "max": 1,
        "mean": 1,
        "min": 1,
        "stdev": 0
    },
    "silence_rate_30dB": {
        "max": 1,
        "mean": 1,
        "min": 1,
        "stdev": 0
    },
    "silence_rate_60dB": {
        "max": 1,
        "mean": 0.0385438986123,
        "min": 0,
        "stdev": 0.192503273487
    },
    "spectral_centroid": {
        "max": 2517.67089844,
        "mean": 792.798095703,
        "min": 288.568206787,
        "stdev": 305.260498047
    },
    "spectral_complexity": {
        "max": 26,
        "mean": 11.5567455292,
        "min": 2,
        "stdev": 4.10703849792
    },
    "spectral_decrease": {
        "max": -1.73014449989e-10,
        "mean": -5.31599342324e-09,
        "min": -2.49187692702e-08,
        "stdev": 4.06595646041e-09
    },
    "spectral_energy": {
        "max": 0.10011164099,
        "mean": 0.0212082341313,
        "min": 0.000681122764945,
        "stdev": 0.0162447988987
    },
    "spectral_energyband_high": {
        "max": 0.00386704760604,
        "mean": 4.87032739329e-05,
        "min": 2.83210215457e-06,
        "stdev": 0.00014760857448
    },
    "spectral_energyband_low": {
        "max": 0.0375445634127,
        "mean": 0.00176603300497,
        "min": 4.79791560792e-05,
        "stdev": 0.00222762790509
    },
    "spectral_energyband_middle_high": {
        "max": 0.03204356879,
        "mean": 0.00287695904262,
        "min": 7.12323453627e-05,
        "stdev": 0.00369157223031
    },
    "spectral_energyband_middle_low": {
        "max": 0.0977616906166,
        "mean": 0.0171668641269,
        "min": 0.000435321155237,
        "stdev": 0.0158778093755
    },
    "spectral_entropy": {
        "max": 8.34416007996,
        "mean": 6.7195057869,
        "min": 4.58488607407,
        "stdev": 0.607390522957
    },
    "spectral_flux": {
        "max": 0.222788199782,
        "mean": 0.0564313158393,
        "min": 0.0177515372634,
        "stdev": 0.0270888730884
    },
    "spectral_kurtosis": {
        "max": 48.8645210266,
        "mean": 11.6684341431,
        "min": -1.03656125069,
        "stdev": 7.89932060242
    },
    "spectral_rms": {
        "max": 0.00988280773163,
        "mean": 0.00423994474113,
        "min": 0.000815174833406,
        "stdev": 0.00164736888837
    },
    "spectral_rolloff": {
        "max": 8311.81640625,
        "mean": 851.723510742,
        "min": 172.265625,
        "stdev": 671.11895752
    },
    "spectral_skewness": {
        "max": 5.72101974487,
        "mean": 2.42230606079,
        "min": 0.0422723554075,
        "stdev": 0.853081643581
    },
    "spectral_spread": {
        "max": 17530326,
        "mean": 3019726,
        "min": 1677043.625,
        "stdev": 1286969.75
    },
    "spectral_strongpeak": {
        "max": 7.90142917633,
        "mean": 1.8272061348,
        "min": 0.00614142790437,
        "stdev": 1.65096437931
    },
    "zerocrossingrate": {
        "max": 0.19091796875,
        "mean": 0.0355744771659,
        "min": 0.01123046875,
        "stdev": 0.0167755391449
    },
    "barkbands": {
        "max": [9.81613193289e-05, 0.0141418827698, 0.0177942961454, 0.0233169682324, 0.0314903445542, 0.0278577972203, 0.0448808409274, 0.070808917284, 0.0974286422133, 0.0118616903201, 0.0235313978046, 0.0285017061979, 0.00744619080797, 0.0074160033837, 0.00598202692345, 0.00173301575705, 0.00306481588632, 0.000891868025064, 0.00235161767341, 0.00113364250865, 0.00158455816563, 0.000701719953213, 0.000604928063694, 0.0010055633029, 0.000481915136334, 1.85180033441e-05, 4.16880880039e-07],
        "mean": [7.24161418475e-06, 0.000447511964012, 0.000726091268007, 0.00102162500843, 0.00176907330751, 0.00136618420947, 0.00419485429302, 0.0063865003176, 0.00229031057097, 0.000810634286609, 0.000437866750872, 0.000604214670602, 0.000244519556873, 0.000140368982102, 0.000298769708024, 9.29469752009e-05, 0.000143401979585, 6.18700141786e-05, 8.61795415403e-05, 3.76387506549e-05, 1.41283135235e-05, 7.90596914158e-06, 6.63273931423e-06, 7.34774039302e-06, 4.13549923906e-06, 2.88101603019e-07, 1.36429523234e-09],
        "min": [2.43085218621e-09, 2.46339573096e-06, 3.05885419039e-06, 3.62395394404e-06, 2.35590814555e-05, 1.13473188321e-05, 8.62473098096e-06, 1.97027884496e-06, 5.14723888045e-06, 2.30356818065e-06, 2.5705041935e-06, 1.64096911703e-06, 1.42782641888e-06, 6.68172333462e-07, 1.92165589397e-06, 6.15573071627e-07, 6.90378783474e-07, 5.74739033254e-07, 3.00184581192e-07, 2.45103223051e-07, 2.97363300206e-07, 2.21804825173e-07, 3.39983245112e-07, 3.57764918135e-07, 3.19075837751e-07, 3.39594450338e-08, 4.85415006801e-12],
        "stdev": [9.45326155488e-06, 0.000614684307948, 0.00105992623139, 0.00234461622313, 0.0027029265184, 0.0028076802846, 0.00665156682953, 0.0135882971808, 0.0102066518739, 0.00154799513984, 0.00145298091229, 0.00240536918864, 0.000651222537272, 0.00048497892567, 0.000652390124742, 0.000153150307597, 0.000261272623902, 9.67685482465e-05, 0.000214448169572, 0.000101251949673, 4.74450207548e-05, 2.74427820841e-05, 2.74422600341e-05, 4.3561343773e-05, 2.43537597271e-05, 1.27259295368e-06, 1.57561093062e-08]
    },
    "erbbands": {
        "max": [0.0891249105334, 4.36597824097, 22.1157875061, 41.8267173767, 80.4397506714, 161.676971436, 204.815917969, 325.661804199, 577.126525879, 1287.88476562, 1948.15783691, 2530.33813477, 190.016082764, 482.592437744, 1334.94116211, 1319.04296875, 373.114349365, 410.895294189, 407.159820557, 425.56817627, 100.624832153, 211.748931885, 46.5093383789, 157.859054565, 156.249450684, 69.5816345215, 73.7483901978, 41.7720947266, 26.6646442413, 25.2148017883, 15.8608760834, 22.2277412415, 13.5713853836, 5.93399572372, 3.28704452515, 0.279945224524, 0.012440983206, 0.00048980966676, 6.43123566988e-05, 0.000114830814709],
        "mean": [0.00751157989725, 0.12643443048, 0.724425315857, 2.46584582329, 3.80240440369, 6.43007564545, 9.41333866119, 11.7845954895, 50.7687072754, 80.1964645386, 149.060958862, 71.8545684814, 15.0583047867, 28.0321083069, 23.5838127136, 26.9751930237, 13.3990840912, 7.55725240707, 12.2664270401, 12.9070959091, 5.97660446167, 6.54247236252, 4.52238559723, 3.85213065147, 4.52997922897, 2.00592756271, 0.756171584129, 0.408283770084, 0.266672134399, 0.212064445019, 0.190701946616, 0.17203822732, 0.106391169131, 0.052109953016, 0.0280380900949, 0.00355193484575, 0.000177398775122, 8.4381972556e-06, 1.12933075798e-05, 2.43852337007e-05],
        "min": [0.000111156099592, 0.00120968976989, 0.010904555209, 0.0221110302955, 0.0479314103723, 0.101480394602, 0.113505892456, 0.0919451937079, 0.213515400887, 0.401000022888, 0.100353218615, 0.128074243665, 0.100357361138, 0.205552473664, 0.281876087189, 0.144587695599, 0.118252404034, 0.0702083259821, 0.133845686913, 0.0784198865294, 0.052941404283, 0.0377435386181, 0.0438400022686, 0.0338591821492, 0.0162511784583, 0.0149285830557, 0.0201580449939, 0.0103276772425, 0.00886800698936, 0.00737567106262, 0.00932945590466, 0.007700225804, 0.00560845481232, 0.00373288034461, 0.00203919503838, 0.000480714894366, 2.41309426201e-05, 1.08887138595e-06, 7.61094497648e-07, 1.38893676649e-06],
        "stdev": [0.00795965828001, 0.183718368411, 1.08821547031, 4.59086275101, 7.46248817444, 10.5852909088, 19.0068130493, 26.3601551056, 80.006690979, 158.588226318, 343.716522217, 277.679626465, 23.5257015228, 55.11353302, 76.7937240601, 106.678230286, 31.778263092, 23.8267765045, 32.5027351379, 36.712978363, 8.01534080505, 14.0274162292, 6.23874330521, 10.4110469818, 11.8491640091, 5.54751062393, 2.18195605278, 1.38472080231, 0.934936821461, 0.934959411621, 0.740072727203, 0.949187219143, 0.637531340122, 0.307784616947, 0.17111261189, 0.0167468562722, 0.000802206981461, 3.03482374875e-05, 8.50046581036e-06, 1.8463091692e-05]
    },
    "gfcc": {
        "mean": [-75.004196167, 150.03237915, -138.765441895, 14.7519645691, -68.8490447998, 0.0928405597806, -38.1382522583, 8.93976402283, -14.7728796005, -6.31674385071, -2.45105862617, -17.3666324615, -3.71128082275],
        "cov": [[1037.34020996, 45.9715766907, -325.879974365, 261.063842773, 127.742576599, -172.360168457, -77.2543334961, -120.408729553, -99.3923110962, -147.567459106, -86.4811248779, -32.2205505371, 62.4917869568], [45.9715766907, 378.691833496, -84.8189163208, -61.4978179932, 171.132400513, -159.980819702, 10.8573036194, -62.2916870117, -7.68914890289, -45.6989555359, 18.0799350739, -22.3621788025, 41.5953140259], [-325.879974365, -84.8189163208, 363.986328125, -25.5147457123, -113.428359985, 154.461486816, -21.9666824341, 56.3505744934, 33.8072052002, 64.4626312256, 23.888004303, 48.4375, -35.344165802], [261.063842773, -61.4978179932, -25.5147457123, 455.871551514, 18.0774364471, -44.6425514221, -94.1246643066, -77.6939620972, -77.7422027588, -34.2686767578, -84.5938262939, 53.2661209106, 87.816078186], [127.742576599, 171.132400513, -113.428359985, 18.0774364471, 180.871414185, -78.3450698853, -8.86958122253, -17.9050884247, -18.803483963, -45.5501098633, -23.0603599548, -29.8338508606, 22.1925983429], [-172.360168457, -159.980819702, 154.461486816, -44.6425514221, -78.3450698853, 333.232971191, 44.7573394775, -2.12948131561, -17.1284675598, 79.4875946045, 21.106256485, 12.6525392532, -27.17694664], [-77.2543334961, 10.8573036194, -21.9666824341, -94.1246643066, -8.86958122253, 44.7573394775, 159.1068573, 48.4151878357, 23.7073707581, 18.9474430084, 28.7183895111, -59.6044464111, -46.784236908], [-120.408729553, -62.2916870117, 56.3505744934, -77.6939620972, -17.9050884247, -2.12948131561, 48.4151878357, 157.290740967, 83.5680847168, -2.48504829407, 1.11766934395, -26.0108337402, -54.3598556519], [-99.3923110962, -7.68914890289, 33.8072052002, -77.7422027588, -18.803483963, -17.1284675598, 23.7073707581, 83.5680847168, 139.895767212, 38.7364578247, 14.4207878113, -9.88046646118, -21.5833835602], [-147.567459106, -45.6989555359, 64.4626312256, -34.2686767578, -45.5501098633, 79.4875946045, 18.9474430084, -2.48504829407, 38.7364578247, 100.950454712, 51.2562484741, 24.5239315033, 6.2518658638], [-86.4811248779, 18.0799350739, 23.888004303, -84.5938262939, -23.0603599548, 21.106256485, 28.7183895111, 1.11766934395, 14.4207878113, 51.2562484741, 119.083351135, 46.4642181396, -1.03612244129], [-32.2205505371, -22.3621788025, 48.4375, 53.2661209106, -29.8338508606, 12.6525392532, -59.6044464111, -26.0108337402, -9.88046646118, 24.5239315033, 46.4642181396, 123.844406128, 53.1364936829], [62.4917869568, 41.5953140259, -35.344165802, 87.816078186, 22.1925983429, -27.17694664, -46.784236908, -54.3598556519, -21.5833835602, 6.2518658638, -1.03612244129, 53.1364936829, 99.1276321411]],
        "icov": [[0.00199122121558, 0.000778586312663, 0.00108367193025, -0.000846419134177, -0.000643363862764, -7.85972370068e-05, 0.000359074154403, 0.00145429268014, -0.000918121484574, 0.00274325418286, -0.00108069332782, 0.000789360725321, -0.000163667864399], [0.000778586312663, 0.0115258404985, -0.00444848509505, 0.00223328568973, -0.0103342970833, 0.0048581045121, -0.00473940046504, 0.00889275968075, -0.00358878797852, 0.00540825538337, -0.00296345120296, 0.00133991299663, -0.00447814539075], [0.00108367193025, -0.00444848509505, 0.00763518223539, -0.00166647264268, 0.00551541661844, -0.00379204377532, 0.00417611934245, -0.00484992703423, 0.00114991748706, -0.00205020117573, 0.000864830217324, -0.00144789158367, 0.00358390505426], [-0.000846419134177, 0.00223328568973, -0.00166647264268, 0.0045587089844, -0.00191190023907, 0.00170638936106, -0.00118415651377, 0.00135878671426, 0.00123097037431, -0.00106702221092, 0.00321862683631, -0.00182488269638, -0.00260691973381], [-0.000643363862764, -0.0103342970833, 0.00551541661844, -0.00191190023907, 0.0170110613108, -0.00408184202388, 0.00509555172175, -0.00825446285307, 0.00331612490118, -0.0026281629689, 0.00172195374034, 0.001344410819, 0.00153817981482], [-7.85972370068e-05, 0.0048581045121, -0.00379204377532, 0.00170638936106, -0.00408184202388, 0.00747473584488, -0.00399286486208, 0.00377425085753, 0.00130319327582, -0.00272069289349, 0.00129115022719, -0.000755309360102, -0.000830615521409], [0.000359074154403, -0.00473940046504, 0.00417611934245, -0.00118415651377, 0.00509555172175, -0.00399286486208, 0.0136893093586, -0.0067282137461, 0.00205218140036, -0.00245469738729, -0.00378648866899, 0.00607618223876, 0.00214105821215], [0.00145429268014, 0.00889275968075, -0.00484992703423, 0.00135878671426, -0.00825446285307, 0.00377425085753, -0.0067282137461, 0.0207406785339, -0.0109508493915, 0.0100830793381, -0.00207890360616, -0.000319960119668, 0.000629301532172], [-0.000918121484574, -0.00358878797852, 0.00114991748706, 0.00123097037431, 0.00331612490118, 0.00130319327582, 0.00205218140036, -0.0109508493915, 0.0163712054491, -0.0115591054782, 0.00377760175616, -0.000610686431173, 0.000642788014375], [0.00274325418286, 0.00540825538337, -0.00205020117573, -0.00106702221092, -0.0026281629689, -0.00272069289349, -0.00245469738729, 0.0100830793381, -0.0115591054782, 0.0285044517368, -0.0110613852739, 0.00367834419012, -0.00597307225689], [-0.00108069332782, -0.00296345120296, 0.000864830217324, 0.00321862683631, 0.00172195374034, 0.00129115022719, -0.00378648866899, -0.00207890360616, 0.00377760175616, -0.0110613852739, 0.0199739709496, -0.0113300271332, 0.00422544963658], [0.000789360725321, 0.00133991299663, -0.00144789158367, -0.00182488269638, 0.001344410819, -0.000755309360102, 0.00607618223876, -0.000319960119668, -0.000610686431173, 0.00367834419012, -0.0113300271332, 0.0205945242196, -0.00929818302393], [-0.000163667864399, -0.00447814539075, 0.00358390505426, -0.00260691973381, 0.00153817981482, -0.000830615521409, 0.00214105821215, 0.000629301532172, 0.000642788014375, -0.00597307225689, 0.00422544963658, -0.00929818302393, 0.0219861138612]]
    },
    "melbands": {
        "max": [0.0022256821394, 0.00948324799538, 0.00761199695989, 0.00585843715817, 0.00555767444894, 0.00651115458459, 0.00843200832605, 0.0120566617697, 0.0147659443319, 0.0135318012908, 0.000929480302148, 0.00192975252867, 0.00332945329137, 0.00383560359478, 0.00154595449567, 0.000483351905132, 0.000729347055312, 0.000828968710266, 0.000356754695531, 0.000410782959079, 0.000125514343381, 0.000271235068794, 0.000132643879624, 6.03161352046e-05, 0.000149737112224, 0.000135944705107, 5.48799871467e-05, 4.11310247728e-05, 4.51261512353e-05, 4.24884528911e-05, 1.66683348652e-05, 1.33158864628e-05, 1.49944617078e-05, 1.36472717713e-05, 8.72142118169e-06, 1.04875662146e-05, 1.62988690136e-05, 1.06624402179e-05, 5.46649698663e-06, 4.77741241411e-06],
        "mean": [9.53023845796e-05, 0.000324297143379, 0.00044854808948, 0.000371267728042, 0.000316436169669, 0.000265215814579, 0.000808997720014, 0.000932864262722, 0.0011676941067, 0.000340687925927, 6.28664638498e-05, 0.000117236784718, 6.80739904055e-05, 8.02573049441e-05, 4.50471634394e-05, 1.89202382899e-05, 1.28552464957e-05, 1.87945424841e-05, 1.60783001775e-05, 1.24186417452e-05, 6.24503036306e-06, 6.45120053377e-06, 6.76940680933e-06, 3.40887095263e-06, 2.80472613667e-06, 3.70023167306e-06, 2.08736491913e-06, 1.06268646505e-06, 4.7592598662e-07, 3.30681359628e-07, 2.09959836184e-07, 1.54066455593e-07, 1.37035087278e-07, 1.09558897066e-07, 1.05107105242e-07, 1.13354161613e-07, 1.04428082182e-07, 7.82199762739e-08, 5.4708422681e-08, 4.12529566063e-08],
        "min": [9.37092920594e-07, 6.79116192259e-06, 7.49288074076e-06, 5.34806667929e-06, 4.65476841782e-06, 1.87353111869e-06, 2.15580803342e-06, 3.24894290316e-06, 5.14467558332e-07, 8.20104901322e-07, 4.20668328616e-07, 3.62138166565e-07, 4.55258742704e-07, 2.01150612611e-07, 3.17809025319e-07, 1.05980490162e-07, 8.22456485139e-08, 1.40534581305e-07, 1.28920490283e-07, 5.87765889293e-08, 5.00924990376e-08, 2.69978421841e-08, 4.51369430721e-08, 2.54840148983e-08, 2.24565539497e-08, 1.07241886482e-08, 6.74318778593e-09, 8.49905301692e-09, 1.07361941559e-08, 7.279735037e-09, 4.66138150301e-09, 4.22081303242e-09, 4.13757073048e-09, 3.79303344289e-09, 4.28835766897e-09, 5.2146460483e-09, 3.89942167445e-09, 4.01759425728e-09, 3.40172268132e-09, 3.03356628706e-09],
        "stdev": [0.00011292975978, 0.00044567452278, 0.000818353088107, 0.000564524845686, 0.0005846368731, 0.000573444820475, 0.00124892429449, 0.00177315075416, 0.00266000023112, 0.00149559928104, 0.000111393695988, 0.00024455745006, 0.000217304783291, 0.000295654899674, 0.000133612164063, 4.59082475572e-05, 4.5052740461e-05, 5.71720083826e-05, 3.59287005267e-05, 3.41277300322e-05, 8.94513595995e-06, 1.72463733179e-05, 1.36659382406e-05, 6.43720886728e-06, 9.65102935879e-06, 1.08351805466e-05, 5.19277091371e-06, 3.26109579873e-06, 1.36082383051e-06, 1.26273164369e-06, 6.67087817874e-07, 5.14474720603e-07, 5.71253451653e-07, 5.18067338362e-07, 3.93442292079e-07, 5.17176545145e-07, 6.58985243263e-07, 4.89584408569e-07, 3.03888327835e-07, 2.53911821346e-07]
    },
    "melbands128": {
        "max": [9.37717995839e-05, 0.000459842587588, 0.00142249360215, 0.00930822454393, 0.013151453808, 0.00698006805032, 0.00838582031429, 0.0122485533357, 0.0111643383279, 0.00939735583961, 0.011895943433, 0.0110184503719, 0.0104520097375, 0.00476875109598, 0.00788823422045, 0.0121582476422, 0.00874637998641, 0.0160582512617, 0.0164640024304, 0.0248472765088, 0.0212726704776, 0.0235470961779, 0.0251803994179, 0.0300103928894, 0.0299941711128, 0.00806093961, 0.000914608710445, 0.00173040293157, 0.00242140842602, 0.00419476162642, 0.00385089847259, 0.00238260393962, 0.00323401088826, 0.0102554382756, 0.00861923955381, 0.00884295348078, 0.00632484769449, 0.000864127185196, 0.00213978765532, 0.00109687179793, 0.000865900714416, 0.00135732884519, 0.0013578227954, 0.000900477170944, 0.00113092409447, 0.00177742936648, 0.00127247569617, 0.000288503972115, 0.00059044722002, 0.00142591481563, 9.65528743109e-05, 0.00035118314554, 0.000170507541043, 0.000222268543439, 0.000138683593832, 0.000584976922255, 0.000268617819529, 0.000389619584894, 9.35132993618e-05, 3.79627090297e-05, 0.000107354579086, 0.000102072692243, 0.000377137126634, 8.66841874085e-05, 5.56502418476e-05, 0.000229316501645, 0.000302680797176, 0.000150537845911, 3.53545983671e-05, 0.000161813964951, 5.34981991223e-05, 5.42160341865e-05, 2.49125205301e-05, 5.53419486096e-05, 5.16291220265e-05, 3.85555249522e-05, 4.62204370706e-05, 2.26869760809e-05, 1.53235523612e-05, 1.40066395034e-05, 1.35887130455e-05, 2.20392048504e-05, 1.72356503754e-05, 1.75962613866e-05, 1.88049853023e-05, 1.43465240399e-05, 1.26494251163e-05, 9.83975951385e-06, 6.63225728204e-06, 1.09301190605e-05, 9.96965263766e-06, 1.3626807231e-05, 8.33973444969e-06, 1.42462886288e-05, 2.76825048786e-05, 9.73509304458e-06, 9.74635713646e-06, 1.15798666229e-05, 5.67080724068e-06, 4.36263917436e-06, 5.65014488529e-06, 5.67073220736e-06, 4.94868299938e-06, 8.28599695524e-06, 4.5745468924e-06, 1.15335899409e-06, 9.43531972553e-07, 5.2284656249e-07, 4.13057762216e-07, 2.20203205004e-07, 9.75185727725e-08, 1.12032738642e-08, 2.33343100398e-09, 2.24337437515e-09, 2.16304085754e-09, 2.08587502826e-09, 2.01606531469e-09, 1.95252325419e-09, 1.89791227179e-09, 1.84776138834e-09, 1.80104642311e-09, 1.75949455006e-09, 1.7251896578e-09, 1.69381930704e-09, 1.6699888139e-09, 1.65065372482e-09, 1.635785285e-09, 1.62661151215e-09],
        "mean": [6.69422252031e-06, 4.11706896557e-05, 0.000115195718536, 0.000229324272368, 0.000326441018842, 0.000367382861441, 0.000529865501449, 0.000467502541142, 0.000334762618877, 0.000412604713347, 0.000349006586475, 0.000328520778567, 0.000379885197617, 0.000206667449675, 0.000181155934115, 0.000338956859196, 0.000501002243254, 0.00116453645751, 0.00075967493467, 0.00094786984846, 0.000810671423096, 0.00137019751128, 0.00144513242412, 0.000617262092419, 0.000654756557196, 4.94834057463e-05, 4.63381111331e-05, 5.84041918046e-05, 5.42383641005e-05, 0.000211083824979, 9.20952734305e-05, 3.74810515495e-05, 7.40655814297e-05, 9.01733219507e-05, 6.05132045166e-05, 9.62501071626e-05, 8.57203631313e-05, 1.38166806209e-05, 5.62740606256e-05, 2.54490605585e-05, 3.81983909392e-06, 1.74599990714e-05, 1.52436232383e-05, 9.69372285908e-06, 7.73642295826e-06, 2.68079220405e-05, 2.6195511964e-05, 3.54400049218e-06, 1.6314077584e-05, 3.22352861986e-05, 3.35349773195e-06, 4.56529187431e-06, 8.91216677701e-06, 5.16669979334e-06, 5.66630069443e-06, 6.58429553368e-06, 3.98352540287e-06, 1.51322592501e-05, 3.33335401592e-06, 1.07215089429e-06, 4.72118608741e-06, 2.95541099149e-06, 4.63685455543e-06, 1.99935016099e-06, 1.6620747374e-06, 3.7263316699e-06, 5.70047586734e-06, 2.03941567634e-06, 7.76812782988e-07, 2.7758574106e-06, 1.04382809241e-06, 3.50758000423e-07, 4.19240450356e-07, 6.02599754984e-07, 3.69928955024e-07, 3.93875694726e-07, 3.00277520182e-07, 1.78173479526e-07, 1.92755493345e-07, 2.57524192193e-07, 1.46188952499e-07, 1.14739826529e-07, 1.45995187495e-07, 1.45615430824e-07, 1.30816147248e-07, 9.99278597646e-08, 1.14931950179e-07, 1.01254968854e-07, 9.49692164909e-08, 1.16735243694e-07, 1.17389213017e-07, 1.12341751901e-07, 1.05915837878e-07, 1.0335556766e-07, 1.11750686926e-07, 8.05218292044e-08, 6.84025209807e-08, 7.7173311297e-08, 6.0799230539e-08, 3.95523507279e-08, 3.54144411574e-08, 4.06068316749e-08, 4.82795101675e-08, 5.6876483967e-08, 3.69826267388e-08, 1.43102294459e-08, 9.73011715644e-09, 6.68188082642e-09, 5.19708232005e-09, 3.12828873916e-09, 8.46743619665e-10, 1.47274872853e-10, 1.33592130414e-11, 8.69787835506e-12, 8.1886181863e-12, 7.54759796329e-12, 6.80758964824e-12, 6.38888421334e-12, 6.18818191134e-12, 6.0254171444e-12, 5.87299696722e-12, 5.73775228718e-12, 5.62507375748e-12, 5.52363363382e-12, 5.43539562317e-12, 5.35691456471e-12, 5.30179806307e-12, 5.27104184952e-12],
        "min": [5.6140253557e-10, 3.0237732318e-08, 7.73780413965e-07, 5.74336240788e-07, 1.0522046523e-06, 1.02594822238e-06, 3.17330687949e-07, 1.10584016966e-06, 1.44125488077e-06, 1.04030004877e-06, 1.17938202493e-06, 2.7374520073e-07, 5.08291122969e-07, 9.98241944217e-07, 4.36558480033e-07, 1.94355067151e-07, 5.97741916408e-07, 4.84112092636e-07, 7.09878293037e-07, 3.62237472018e-07, 4.10242648741e-07, 2.10317011806e-07, 2.1056597177e-07, 2.06432872574e-07, 2.79507077039e-07, 5.43539471209e-08, 6.06569585671e-08, 6.95947051099e-08, 2.3579656272e-07, 1.27975866349e-07, 1.11325547891e-07, 1.02026746163e-07, 2.76274533917e-07, 9.72226175122e-08, 1.04395894596e-07, 1.04793805633e-07, 1.25518752725e-07, 4.52188366751e-08, 2.40795714035e-07, 6.51967582144e-08, 2.84737566858e-08, 1.45157645903e-08, 3.31876641724e-08, 2.89346164806e-08, 8.34845721442e-08, 8.04537663157e-08, 2.88565455975e-08, 2.02491605705e-08, 3.68424899477e-08, 3.60907002062e-08, 1.27880905865e-08, 2.50269334146e-08, 1.39972593516e-08, 1.64270268499e-08, 7.86300624611e-09, 8.5213196499e-09, 1.69391451976e-08, 2.39537936153e-08, 1.55378003797e-08, 1.24169492466e-08, 7.14884418329e-09, 1.09389821645e-08, 1.15174927373e-08, 1.12888081105e-08, 7.22991266855e-09, 1.23984751355e-08, 1.32604300873e-08, 6.10933259537e-09, 3.74934572278e-09, 4.1470151757e-09, 6.23691009949e-09, 6.33356789237e-09, 7.33373939354e-09, 6.19049789208e-09, 5.56815615838e-09, 5.96595750579e-09, 4.65455674004e-09, 3.81098352875e-09, 3.02651881334e-09, 2.58996557534e-09, 2.38892128301e-09, 3.14561554582e-09, 1.94631644135e-09, 2.31314079002e-09, 3.00011171461e-09, 2.43335196437e-09, 2.37277575366e-09, 2.88970181117e-09, 2.52777931919e-09, 2.92193957918e-09, 3.38605765648e-09, 3.48970319308e-09, 2.81831535887e-09, 2.48145126669e-09, 3.16633763653e-09, 2.69514832674e-09, 1.9817523178e-09, 1.99302574444e-09, 2.07437356181e-09, 2.20861862132e-09, 2.20877471868e-09, 1.8813977043e-09, 1.72321557024e-09, 1.56361090742e-09, 1.49712131581e-09, 8.03184019293e-10, 9.71041469455e-10, 5.94028104484e-10, 1.53309087647e-10, 2.75930615162e-11, 4.06360145186e-12, 2.32072865157e-14, 1.67822282086e-14, 1.63199667539e-14, 1.94165752134e-14, 2.07534303734e-14, 1.46843613793e-14, 1.8753483941e-14, 1.33858183666e-14, 1.9280411279e-14, 1.58628823645e-14, 1.82841870306e-14, 1.54492456832e-14, 1.58042371914e-14, 1.07098701855e-14, 4.15748588578e-15, 5.47682874546e-16, 4.203850987e-17],
        "stdev": [8.91207764653e-06, 5.26331023138e-05, 0.000135272333864, 0.000377765332814, 0.000585441535804, 0.000523444905411, 0.00100229191594, 0.0012158669997, 0.000887005240656, 0.000647025881335, 0.00070515362313, 0.000696499366313, 0.000916018791031, 0.000380117708119, 0.000545375572983, 0.00108109496068, 0.000933674920816, 0.00226128520444, 0.0015612054849, 0.00268221087754, 0.00244733761065, 0.00356279290281, 0.00416295416653, 0.00278884754516, 0.0032340886537, 0.000313170836307, 9.83412464848e-05, 0.000161887175636, 0.000163455188158, 0.000498952926137, 0.00023916218197, 0.00014303412172, 0.000258559535723, 0.000496470544022, 0.000356132048182, 0.000479557464132, 0.000471248029498, 5.20288958796e-05, 0.000176630652277, 7.9909543274e-05, 2.50049215538e-05, 8.10527781141e-05, 7.26661310182e-05, 4.11206056015e-05, 4.18814379373e-05, 0.000109789078124, 7.0782014518e-05, 1.49274274008e-05, 5.17716944159e-05, 0.000112249741505, 7.13034569344e-06, 1.39308367579e-05, 1.60268646141e-05, 1.11096187538e-05, 1.31617507577e-05, 3.71410715161e-05, 1.23766485558e-05, 3.68119654013e-05, 7.79357560532e-06, 2.14856731873e-06, 1.16347391668e-05, 7.13074541636e-06, 2.42608566623e-05, 6.32960518487e-06, 4.01389752369e-06, 1.48031795106e-05, 2.00122685783e-05, 9.84621965472e-06, 2.49781624007e-06, 1.15431867016e-05, 3.29187218995e-06, 1.54227211624e-06, 9.74107706497e-07, 1.81187760973e-06, 1.4780815718e-06, 1.28413955736e-06, 1.5175783119e-06, 7.8155983374e-07, 6.87485794515e-07, 6.87980161729e-07, 5.70861800497e-07, 6.35757828604e-07, 5.5361857676e-07, 6.14323369064e-07, 7.0959885079e-07, 5.24066933849e-07, 6.05001389431e-07, 4.90778404583e-07, 3.15545349849e-07, 4.80220990084e-07, 4.94423659347e-07, 6.0654298295e-07, 4.94394555517e-07, 6.19267552793e-07, 9.73815417638e-07, 5.11302914674e-07, 3.74671458303e-07, 5.18897934398e-07, 3.43629494637e-07, 1.95688230065e-07, 2.43044013359e-07, 2.76662206034e-07, 2.84116538296e-07, 3.99419462838e-07, 2.40587837652e-07, 6.5052667253e-08, 4.5573003149e-08, 2.99159239603e-08, 2.51134704143e-08, 1.40849634178e-08, 4.88758766792e-09, 8.0065237773e-10, 9.35341595842e-11, 8.55732359972e-11, 8.22486106999e-11, 7.89885726271e-11, 7.62332558191e-11, 7.3806585843e-11, 7.1727193629e-11, 6.98391969256e-11, 6.80707434864e-11, 6.65037608316e-11, 6.51989087719e-11, 6.40212674541e-11, 6.31197316636e-11, 6.2382363164e-11, 6.18262940844e-11, 6.14792383669e-11]
    },
    "mfcc": {
        "mean": [-712.414367676, 171.653152466, -11.1497039795, 14.0490694046, -5.16167116165, -12.2654428482, -7.01452350616, -2.49897193909, -4.90872430801, 4.22625494003, -0.590226531029, 3.97733616829, 1.56196641922],
        "cov": [[1424.07543945, -119.96925354, -391.352813721, 364.060577393, 72.0935287476, 35.384513855, -55.2764434814, -22.1049499512, -29.7352256775, -56.2805862427, -216.793838501, -276.712402344, -53.839630127], [-119.96925354, 521.279663086, -205.511627197, -4.70019817352, 42.2363243103, -83.1110305786, 5.31782627106, -26.9873104095, -18.5544757843, -11.9683828354, -15.6062574387, 5.00915527344, 7.18661880493], [-391.352813721, -205.511627197, 452.562011719, -148.805328369, -22.3006858826, 73.1897354126, 7.26816701889, 30.7439403534, 7.53811788559, -5.51983308792, 60.8488845825, 90.2089080811, 27.9122467041], [364.060577393, -4.70019817352, -148.805328369, 356.74810791, 50.1583480835, -36.0911979675, -53.1579246521, -25.0182647705, 27.9521656036, -62.8027305603, -74.4047698975, -104.404701233, -37.3252067566], [72.0935287476, 42.2363243103, -22.3006858826, 50.1583480835, 125.313919067, -2.12058949471, -25.912946701, 8.01044654846, 11.5591936111, -18.2172813416, -37.2206726074, -33.9560966492, -16.0952167511], [35.384513855, -83.1110305786, 73.1897354126, -36.0911979675, -2.12058949471, 191.123794556, 56.1155357361, -25.4703712463, -18.6986713409, 19.4282035828, -27.3327980042, -60.6835365295, -11.2984704971], [-55.2764434814, 5.31782627106, 7.26816701889, -53.1579246521, -25.912946701, 56.1155357361, 131.590942383, 16.8449993134, -31.8042583466, 44.44947052, 16.9061698914, -9.43324375153, -5.64390945435], [-22.1049499512, -26.9873104095, 30.7439403534, -25.0182647705, 8.01044654846, -25.4703712463, 16.8449993134, 82.9545822144, 21.7368564606, 6.00264978409, 20.3330039978, 29.6408042908, 5.33794927597], [-29.7352256775, -18.5544757843, 7.53811788559, 27.9521656036, 11.5591936111, -18.6986713409, -31.8042583466, 21.7368564606, 98.3000106812, 19.1419315338, 22.0072422028, 13.5537586212, -8.9184885025], [-56.2805862427, -11.9683828354, -5.51983308792, -62.8027305603, -18.2172813416, 19.4282035828, 44.44947052, 6.00264978409, 19.1419315338, 117.420715332, 50.9332695007, 9.96857070923, -7.21975040436], [-216.793838501, -15.6062574387, 60.8488845825, -74.4047698975, -37.2206726074, -27.3327980042, 16.9061698914, 20.3330039978, 22.0072422028, 50.9332695007, 132.3644104, 92.9627380371, 8.67756271362], [-276.712402344, 5.00915527344, 90.2089080811, -104.404701233, -33.9560966492, -60.6835365295, -9.43324375153, 29.6408042908, 13.5537586212, 9.96857070923, 92.9627380371, 195.720855713, 63.2098426819], [-53.839630127, 7.18661880493, 27.9122467041, -37.3252067566, -16.0952167511, -11.2984704971, -5.64390945435, 5.33794927597, -8.9184885025, -7.21975040436, 8.67756271362, 63.2098426819, 86.6213684082]],
        "icov": [[0.00178908230737, 0.000893455930054, 0.00147224136163, -0.000860435829964, -7.03460973455e-05, -0.000510325422511, 0.000921238446608, -0.0012014034437, 0.00095431052614, -0.000429653504398, 0.00114994123578, 0.00100970431231, -0.000542424386367], [0.000893455930054, 0.00332563230768, 0.00207961909473, 0.000480684131617, -0.00144851428922, 0.000986632192507, -0.000784536357969, 0.00103803107049, 0.000145373807754, 0.000689386797603, 0.000474190019304, 0.000260248110862, -0.000604109489359], [0.00147224136163, 0.00207961909473, 0.00513548636809, 0.000662768783513, -0.000666816311423, -0.00195377902128, 0.000967519648839, -0.0013724436285, 0.000340311555192, 0.00147421401925, -0.000220250629354, -0.000297362887068, -0.000460857350845], [-0.000860435829964, 0.000480684131617, 0.000662768783513, 0.00533897057176, -0.00103047350422, 0.00146103405859, -0.000784258823842, 0.00209187273867, -0.00266264006495, 0.00288753723726, -0.000566377304494, 0.00144202413503, 0.0003023869358], [-7.03460973455e-05, -0.00144851428922, -0.000666816311423, -0.00103047350422, 0.0103526292369, -0.00103589240462, 0.00248334300704, -0.00302074244246, -0.000171257299371, -0.000683521735482, 0.00234931427985, 0.00018000639102, 0.00154245609883], [-0.000510325422511, 0.000986632192507, -0.00195377902128, 0.00146103405859, -0.00103589240462, 0.00959582254291, -0.00473298598081, 0.00459211366251, -0.0014985378366, -0.000142347693327, 0.00104374648072, 0.00271988706663, -0.000927618064452], [0.000921238446608, -0.000784536357969, 0.000967519648839, -0.000784258823842, 0.00248334300704, -0.00473298598081, 0.0142575213686, -0.00672794366255, 0.00615647202358, -0.00475434167311, -0.000390150904423, 0.000863228749949, 0.000822398986202], [-0.0012014034437, 0.00103803107049, -0.0013724436285, 0.00209187273867, -0.00302074244246, 0.00459211366251, -0.00672794366255, 0.0183474346995, -0.00576977431774, 0.00237449840643, -0.000853013829328, -0.0013948577689, -0.000313366879709], [0.00095431052614, 0.000145373807754, 0.000340311555192, -0.00266264006495, -0.000171257299371, -0.0014985378366, 0.00615647202358, -0.00576977431774, 0.0155421895906, -0.00478793866932, -0.000842424342409, -0.00046536559239, 0.0014786333777], [-0.000429653504398, 0.000689386797603, 0.00147421401925, 0.00288753723726, -0.000683521735482, -0.000142347693327, -0.00475434167311, 0.00237449840643, -0.00478793866932, 0.0147396093234, -0.00587404565886, 0.00193393859081, -0.000243954214966], [0.00114994123578, 0.000474190019304, -0.000220250629354, -0.000566377304494, 0.00234931427985, 0.00104374648072, -0.000390150904423, -0.000853013829328, -0.000842424342409, -0.00587404565886, 0.0172662008554, -0.00680345622823, 0.0037607755512], [0.00100970431231, 0.000260248110862, -0.000297362887068, 0.00144202413503, 0.00018000639102, 0.00271988706663, 0.000863228749949, -0.0013948577689, -0.00046536559239, 0.00193393859081, -0.00680345622823, 0.0142265120521, -0.00773302046582], [-0.000542424386367, -0.000604109489359, -0.000460857350845, 0.0003023869358, 0.00154245609883, -0.000927618064452, 0.000822398986202, -0.000313366879709, 0.0014786333777, -0.000243954214966, 0.0037607755512, -0.00773302046582, 0.0171729233116]]
    },
    "spectral_contrast_coeffs": {
        "max": [-0.475311905146, -0.390591621399, -0.4693377316, -0.597812175751, -0.653769850731, -0.65611833334],
        "mean": [-0.722397387028, -0.668494999409, -0.726349830627, -0.781541347504, -0.78738540411, -0.808253705502],
        "min": [-0.94633346796, -0.878121912479, -0.906065881252, -0.903456687927, -0.894112765789, -0.901609420776],
        "stdev": [0.0697981566191, 0.101761110127, 0.0660087242723, 0.0518258884549, 0.0492789372802, 0.035073351115]
    },
    "spectral_contrast_valleys": {
        "max": [-5.5392241478, -5.29032373428, -6.74273681641, -7.14707994461, -7.31683492661, -8.56540870667],
        "mean": [-7.01080560684, -6.65022325516, -7.85729312897, -8.262134552, -8.54396915436, -11.3883342743],
        "min": [-8.64413738251, -8.28270053864, -8.98339176178, -9.58587169647, -9.87198925018, -12.0144262314],
        "stdev": [0.494857162237, 0.441472560167, 0.417234003544, 0.486854881048, 0.46680739522, 0.465529322624]
    }
},
"rhythm": {
    "beats_count": 66,
    "beats_loudness": {
        "max": 0.0742865726352,
        "mean": 0.0261743459851,
        "min": 0.00239192368463,
        "stdev": 0.0172261558473
    },
    "bpm": 124.672515869,
    "bpm_histogram_first_peak_bpm": 126,
    "bpm_histogram_first_peak_weight": 0.458333313465,
    "bpm_histogram_second_peak_bpm": 120,
    "bpm_histogram_second_peak_spread": 0.294117689133,
    "bpm_histogram_second_peak_weight": 0.184615388513,
    "danceability": 0.978441119194,
    "onset_rate": 3.22998023033,
    "beats_loudness_band_ratio": {
        "max": [0.524766206741, 0.789527237415, 0.96420276165, 0.666271448135, 0.302145004272, 0.126876145601],
        "mean": [0.134477749467, 0.20014230907, 0.534420371056, 0.119004175067, 0.0402327589691, 0.0104950321838],
        "min": [0.00471977330744, 0.00410320749506, 0.0352921187878, 0.00615843990818, 0.00153228500858, 0.000270962773357],
        "stdev": [0.133148252964, 0.21543431282, 0.298163324594, 0.143523082137, 0.0541505664587, 0.0223461389542]
    },
    "beats_position": [0.49922901392, 0.99845802784, 1.48607707024, 1.97369611263, 2.46131515503, 2.93732428551, 3.41333317757, 3.88934230804, 4.3653512001, 4.841360569, 5.31736946106, 5.80498838425, 6.28099775314, 6.7570066452, 7.24462556839, 7.72063493729, 8.19664382935, 8.67265319824, 9.14866161346, 9.63628101349, 10.1239004135, 10.5999088287, 11.0759181976, 11.5519275665, 12.0279359818, 12.5155553818, 13.0031747818, 13.5024032593, 14.0016326904, 14.512471199, 15.0233106613, 15.5225391388, 16.0217685699, 16.5209980011, 17.0202255249, 17.5194549561, 18.0186843872, 18.5295238495, 19.0403633118, 19.5279808044, 20.0156002045, 20.5032196045, 20.9908390045, 21.4784584045, 21.9660758972, 22.4536952972, 22.9413146973, 23.4289340973, 23.9165534973, 24.40417099, 24.9034004211, 25.4026298523, 25.9134693146, 26.4126987457, 26.8887062073, 27.3647155762, 27.8407249451, 28.316734314, 28.7927436829, 29.2687530518, 29.7447605133, 30.2207698822, 30.7083892822, 31.1843986511, 31.6720180511, 32.1480255127],
