{
"metadata": {
    "version": {
        "essentia": "2.1-beta5",
        "essentia_git_sha": "Undefined",
        "extractor": "music 2.0"
    },
    "audio_properties": {
        "analysis": {
            "equal_loudness": 0,
            "length": 21.2694778442,
            "sample_rate": 44100,
            "start_time": 191.4949646,
            "downmix": "mix"
        },
        "bit_rate": 192000,
        "length": 212.78767395,
        "lossless": 0,
        "number_channels": 2,
        "replay_gain": -8.27404975891,
        "sample_rate": 48000,
        "codec": "mp3",
        "md5_encoded": "83f6387df57ab18fa3d1b21a4eef0765"
    },
    "tags": {
        "file_name": "Slovenia_Dan najlepših sanj_Regina.mp3",
        "encoding": ["Lavf58.29.100"]
    }
},
"lowlevel": {
    "average_loudness": 0.093938075006,
    "barkbands_crest": {
        "max": 21.1117515564,
        "mean": 7.87267112732,
        "min": 3.07385087013,
        "stdev": 3.02378153801
    },
    "barkbands_flatness_db": {
        "max": 0.245749935508,
        "mean": 0.112274758518,
        "min": 0.0545200631022,
        "stdev": 0.0415254570544
    },
    "barkbands_kurtosis": {
        "max": 12.7728977203,
        "mean": 2.04676914215,
        "min": -1.7330956459,
        "stdev": 1.75544369221
    },
    "barkbands_skewness": {
        "max": 3.25280165672,
        "mean": -0.715555012226,
        "min": -2.23299336433,
        "stdev": 1.25519776344
    },
    "barkbands_spread": {
        "max": 65.8026428223,
        "mean": 21.6065807343,
        "min": 6.33216810226,
        "stdev": 7.94953346252
    },
    "dissonance": {
        "max": 0.499990642071,
        "mean": 0.478841841221,
        "min": 0.368831753731,
        "stdev": 0.0221985466778
    },
    "dynamic_complexity": 4.74245691299,
    "erbbands_crest": {
        "max": 27.7831745148,
        "mean": 7.3685503006,
        "min": 2.64315271378,
        "stdev": 5.37639856339
    },
    "erbbands_flatness_db": {
        "max": 0.319913297892,
        "mean": 0.161546200514,
        "min": 0.0796581953764,
        "stdev": 0.0649341493845
    },
    "erbbands_kurtosis": {
        "max": 9.37707328796,
        "mean": 0.512340664864,
        "min": -1.75749135017,
        "stdev": 1.28440594673
    },
    "erbbands_skewness": {
        "max": 1.58254444599,
        "mean": -0.16450420022,
        "min": -2.00491166115,
        "stdev": 0.589416861534
    },
    "erbbands_spread": {
        "max": 88.2330093384,
        "mean": 28.489282608,
        "min": 4.88053798676,
        "stdev": 11.9866991043
    },
    "hfc": {
        "max": 129.411834717,
        "mean": 13.5212831497,
        "min": 1.04764065706e-16,
        "stdev": 21.7260932922
    },
    "loudness_ebu128": {
        "integrated": -15.2617492676,
        "loudness_range": 12.7083492279,
        "momentary": {
            "max": -10.2130746841,
            "mean": -147.616226196,
            "min": -300.691009521,
            "stdev": 140.655960083
        },
        "short_term": {
            "max": -12.9394378662,
            "mean": -127.366020203,
            "min": -300.691009521,
            "stdev": 136.238677979
        }
    },
    "melbands_crest": {
        "max": 29.692363739,
        "mean": 6.80051183701,
        "min": 1.53875279427,
        "stdev": 5.6271238327
    },
    "melbands_flatness_db": {
        "max": 0.266236752272,
        "mean": 0.0871966779232,
        "min": 0.00268636341207,
        "stdev": 0.0788237079978
    },
    "melbands_kurtosis": {
        "max": 27.3057594299,
        "mean": 0.691493749619,
        "min": -1.64076566696,
        "stdev": 3.37573719025
    },
    "melbands_skewness": {
        "max": 4.21632575989,
        "mean": 0.422777682543,
        "min": -1.23656630516,
        "stdev": 0.875840187073
    },
    "melbands_spread": {
        "max": 178.669784546,
        "mean": 77.5344619751,
        "min": 6.91511440277,
        "stdev": 52.8202896118
    },
    "pitch_salience": {
        "max": 0.871764063835,
        "mean": 0.697736799717,
        "min": 0.229537695646,
        "stdev": 0.120341412723
    },
    "silence_rate_20dB": {
        "max": 1,
        "mean": 1,
        "min": 1,
        "stdev": 0
    },
    "silence_rate_30dB": {
        "max": 1,
        "mean": 1,
        "min": 1,
        "stdev": 0
    },
    "silence_rate_60dB": {
        "max": 1,
        "mean": 0.53653216362,
        "min": 0,
        "stdev": 0.498661160469
    },
    "spectral_centroid": {
        "max": 11855.6523438,
        "mean": 6024.17138672,
        "min": 599.901123047,
        "stdev": 4689.47119141
    },
    "spectral_complexity": {
        "max": 41,
        "mean": 9.79607391357,
        "min": 0,
        "stdev": 10.7949085236
    },
    "spectral_decrease": {
        "max": 2.18417114988e-28,
        "mean": -2.52353138386e-09,
        "min": -2.12219557483e-08,
        "stdev": 3.69119357302e-09
    },
    "spectral_energy": {
        "max": 0.0851228833199,
        "mean": 0.0107508031651,
        "min": 9.72827892937e-21,
        "stdev": 0.0157972984016
    },
    "spectral_energyband_high": {
        "max": 0.00933739170432,
        "mean": 0.000248342490522,
        "min": 6.59727914182e-21,
        "stdev": 0.00067953299731
    },
    "spectral_energyband_low": {
        "max": 0.0165574420244,
        "mean": 0.000830957316794,
        "min": 8.64035878501e-24,
        "stdev": 0.00189275899902
    },
    "spectral_energyband_middle_high": {
        "max": 0.0635642111301,
        "mean": 0.00606225850061,
        "min": 1.18451203489e-21,
        "stdev": 0.010801400058
    },
    "spectral_energyband_middle_low": {
        "max": 0.0540706887841,
        "mean": 0.00381121458486,
        "min": 1.41508343046e-22,
        "stdev": 0.00626870570704
    },
    "spectral_entropy": {
        "max": 9.82567214966,
        "mean": 8.523229599,
        "min": 6.58223199844,
        "stdev": 1.22523629665
    },
    "spectral_flux": {
        "max": 0.229023531079,
        "mean": 0.0384914241731,
        "min": 6.20560131059e-11,
        "stdev": 0.0475929714739
    },
    "spectral_kurtosis": {
        "max": 16.0784931183,
        "mean": 2.76852583885,
        "min": -1.26352453232,
        "stdev": 4.21834182739
    },
    "spectral_rms": {
        "max": 0.00911299698055,
        "mean": 0.00213248631917,
        "min": 3.08074724585e-12,
        "stdev": 0.00243744673207
    },
    "spectral_rolloff": {
        "max": 19982.8125,
        "mean": 9822.52441406,
        "min": 495.263671875,
        "stdev": 8437.04199219
    },
    "spectral_skewness": {
        "max": 2.6704928875,
        "mean": 0.935183763504,
        "min": -0.0871097519994,
        "stdev": 0.912994027138
    },
    "spectral_spread": {
        "max": 43318228,
        "mean": 20759548,
        "min": 2010673.25,
        "stdev": 18528374
    },
    "spectral_strongpeak": {
        "max": 13.125377655,
        "mean": 1.33787417412,
        "min": 0,
        "stdev": 2.26911020279
    },
    "zerocrossingrate": {
        "max": 0.7294921875,
        "mean": 0.272056251764,
        "min": 0.0244140625,
        "stdev": 0.216985046864
    },
    "barkbands": {
        "max": [0.000172010433744, 0.011249596253, 0.00885335542262, 0.0195290204138, 0.0254039689898, 0.0244547128677, 0.0101764649153, 0.0120821809396, 0.029640160501, 0.0162998046726, 0.0157932173461, 0.00777110969648, 0.0137567585334, 0.0432777553797, 0.0344738774002, 0.0163149163127, 0.00379195879214, 0.0074752937071, 0.0064380178228, 0.00343010877259, 0.000651738024317, 0.00155019527301, 0.0040400926955, 0.00282770651393, 0.000649229041301, 0.000219368128455, 3.37716613785e-07],
        "mean": [7.93144681666e-06, 0.000383731035981, 0.000291996955639, 0.000254092621617, 0.000424822675996, 0.000929385249037, 0.000445159821538, 0.000313607422868, 0.0013240884291, 0.000497799890582, 0.000404018705012, 0.000586750509683, 0.000991704175249, 0.00156940717716, 0.000951364636421, 0.000383643637178, 0.000124407946714, 0.000284442212433, 0.000241949572228, 0.000201706512598, 3.08447197312e-05, 1.75395034603e-05, 3.43262654496e-05, 3.76373718609e-05, 1.48593453559e-05, 3.60096532859e-06, 8.55997606131e-10],
        "min": [5.3887260999e-26, 2.04632550131e-24, 2.91583993991e-25, 5.31689784929e-25, 5.12734660389e-24, 5.38260542674e-24, 3.69587802755e-24, 5.28007717489e-24, 1.07231014584e-23, 1.08729203438e-23, 1.04872533469e-23, 2.24872847414e-23, 1.89268683308e-23, 2.90539964193e-23, 2.61316548851e-23, 4.01704318136e-23, 6.18499450763e-23, 8.59353894365e-23, 9.61354619152e-23, 1.37202790713e-22, 2.337847479e-22, 2.94400314986e-22, 3.47877486052e-22, 5.01640764329e-22, 6.91091074972e-22, 1.18747976748e-21, 1.77770463848e-21],
        "stdev": [1.57463673531e-05, 0.000862077286001, 0.000857213046402, 0.0010557230562, 0.00133549433667, 0.0023168346379, 0.00115911511239, 0.00091547955526, 0.00330130499788, 0.00128716055769, 0.00130411866121, 0.00107787025627, 0.0021184659563, 0.00488322786987, 0.0033016956877, 0.00116547849029, 0.000281247484963, 0.000631429138593, 0.000631670525763, 0.000451409287052, 7.10150852683e-05, 8.98876896827e-05, 0.000228300501476, 0.000169754610397, 5.3466148529e-05, 1.53066848725e-05, 1.12463292012e-08]
    },
    "erbbands": {
        "max": [0.147295057774, 3.05847430229, 8.49950313568, 32.7814979553, 71.1458969116, 90.5330200195, 78.283821106, 240.512496948, 260.832397461, 141.963424683, 423.75994873, 939.058959961, 594.598022461, 673.73815918, 181.289077759, 291.007965088, 686.85559082, 2571.33691406, 2076.96923828, 1984.59020996, 632.963562012, 138.572784424, 383.713653564, 396.805084229, 139.870956421, 174.127853394, 49.2037811279, 40.9227371216, 45.4428367615, 58.9845809937, 136.430236816, 100.715011597, 37.2725296021, 14.4700107574, 2.92886543274, 1.14268827438, 0.873806357384, 0.0275941248983, 0.000606999848969, 0.000110641667561],
        "mean": [0.00641036313027, 0.102906428277, 0.354189872742, 0.639037370682, 0.866811752319, 1.57205617428, 2.86848139763, 9.54978847504, 6.63133382797, 7.07490682602, 10.3860673904, 26.4910736084, 25.4015846252, 18.9139156342, 16.9086666107, 19.3382034302, 36.5498657227, 86.3907012939, 56.7103881836, 34.5737266541, 21.0388317108, 8.68372058868, 12.8237085342, 18.8931846619, 8.36583614349, 9.71989631653, 2.96318030357, 0.837519109249, 0.614976406097, 0.708403885365, 1.06990265846, 0.745556950569, 0.68524646759, 0.246386483312, 0.0646580606699, 0.0235899500549, 0.00576133420691, 0.000161386444233, 1.23106246974e-05, 1.41801547215e-05],
        "min": [8.00639797605e-23, 3.07009467696e-22, 9.10980309394e-22, 3.04251912893e-21, 5.93301797092e-21, 1.08274347502e-20, 2.69048152116e-20, 3.82818605878e-20, 6.34997217195e-20, 7.84294981331e-20, 2.07571332896e-19, 2.66349856646e-19, 2.81089336282e-19, 6.39420177779e-19, 7.15600151774e-19, 9.69608706325e-19, 1.28182554699e-18, 1.44290677037e-18, 1.80738736368e-18, 1.67286690977e-18, 3.1175587359e-18, 3.97495232713e-18, 4.57726058143e-18, 5.6693652239e-18, 5.98030448411e-18, 6.44901024819e-18, 8.20111527038e-18, 8.67289028813e-18, 9.23507945554e-18, 9.14996505205e-18, 9.03453199757e-18, 1.00502494056e-17, 8.84893665635e-18, 5.37112484046e-18, 5.77373970077e-18, 3.96158715638e-18, 2.1209928338e-18, 8.38986289352e-19, 2.16793931437e-19, 2.27218694827e-20],
        "stdev": [0.0119193475693, 0.238217741251, 0.91094481945, 2.30124354362, 3.90667128563, 5.1466627121, 7.21843624115, 24.7347888947, 17.8861942291, 16.2555618286, 33.7388343811, 87.2300033569, 47.9141082764, 54.3333015442, 26.7664661407, 36.4023284912, 71.6440887451, 231.586700439, 203.109436035, 134.373580933, 57.4894180298, 18.1146373749, 28.4804573059, 43.7893638611, 17.8439712524, 23.3982582092, 6.22265577316, 2.62821245193, 2.95792365074, 3.51544880867, 7.35656738281, 4.78863096237, 2.76282024384, 0.97358417511, 0.231704175472, 0.0918017849326, 0.0355944782495, 0.00107094459236, 3.12978045258e-05, 2.09131612792e-05]
    },
    "gfcc": {
        "mean": [-611.685668945, 51.3757400513, -91.166847229, 8.95928859711, -33.200088501, 10.392873764, -22.5655841827, 8.76609420776, -11.2623291016, -0.0547996908426, -1.17579841614, -7.32173490524, -0.307305067778],
        "cov": [[382437.53125, 30464.1660156, -52262.4804688, 5571.93408203, -18825.3554688, 6087.44238281, -13069.7226562, 5027.81884766, -6694.14990234, -1.94864249229, -499.404907227, -4294.72119141, -160.737854004], [30464.1660156, 2882.12963867, -4091.07714844, 550.06817627, -1407.47521973, 415.77645874, -988.243713379, 342.152160645, -497.259765625, -65.5394668579, 90.6910858154, -372.951477051, 50.8809432983], [-52262.4804688, -4091.07714844, 7633.56298828, -631.480285645, 2643.7980957, -845.71270752, 1777.10839844, -721.347045898, 886.342956543, 6.52674722672, 85.5510406494, 657.380126953, 14.5309095383], [5571.93408203, 550.06817627, -631.480285645, 225.471343994, -241.405700684, 48.6944923401, -185.83921814, 45.6490249634, -79.6036834717, -37.2337913513, 72.7723617554, -87.5256958008, 31.7116622925], [-18825.3554688, -1407.47521973, 2643.7980957, -241.405700684, 1190.4128418, -236.700683594, 698.967956543, -266.640258789, 268.95135498, 34.5743522644, 72.8652267456, 185.941497803, -18.7740898132], [6087.44238281, 415.77645874, -845.71270752, 48.6944923401, -236.700683594, 201.931289673, -187.809844971, 83.9598846436, -137.890945435, 28.4882926941, -29.9168815613, -68.3402481079, -32.1815948486], [-13069.7226562, -988.243713379, 1777.10839844, -185.83921814, 698.967956543, -187.809844971, 500.486755371, -170.71244812, 226.929107666, 6.03305101395, 28.4377212524, 136.118804932, 5.2493519783], [5027.81884766, 342.152160645, -721.347045898, 45.6490249634, -266.640258789, 83.9598846436, -170.71244812, 119.072998047, -81.5587387085, 4.32474136353, -26.8800754547, -64.2481079102, -6.08112335205], [-6694.14990234, -497.259765625, 886.342956543, -79.6036834717, 268.95135498, -137.890945435, 226.929107666, -81.5587387085, 174.42149353, -18.3156585693, 21.2429485321, 72.0777053833, 25.7025642395], [-1.94864249229, -65.5394668579, 6.52674722672, -37.2337913513, 34.5743522644, 28.4882926941, 6.03305101395, 4.32474136353, -18.3156585693, 56.9605827332, -33.7830619812, 26.6450920105, -29.6630191803], [-499.404907227, 90.6910858154, 85.5510406494, 72.7723617554, 72.8652267456, -29.9168815613, 28.4377212524, -26.8800754547, 21.2429485321, -33.7830619812, 128.382568359, -38.8866691589, 35.3710632324], [-4294.72119141, -372.951477051, 657.380126953, -87.5256958008, 185.941497803, -68.3402481079, 136.118804932, -64.2481079102, 72.0777053833, 26.6450920105, -38.8866691589, 136.835189819, -11.9667329788], [-160.737854004, 50.8809432983, 14.5309095383, 31.7116622925, -18.7740898132, -32.1815948486, 5.2493519783, -6.08112335205, 25.7025642395, -29.6630191803, 35.3710632324, -11.9667329788, 53.7879066467]],
        "icov": [[0.000457916088635, -0.00132450531237, 0.000950578367338, -0.00218065269291, 0.00106872164179, -0.00131092197262, 0.00174050987698, -0.0016678358661, 0.00207723304629, -0.00160784763284, 0.000659782846924, -0.000372089474695, 0.000484495336423], [-0.00132450531237, 0.00658054742962, -0.00115339504555, 0.00358417723328, -0.00349339167587, 0.00419522402808, -0.00541585125029, 0.00551796704531, -0.0045730615966, 0.0061849472113, -0.00302421394736, -0.000823121052235, -0.00213971594349], [0.000950578367338, -0.00115339504555, 0.00469436775893, -0.00675154337659, -2.38777261075e-06, -0.000996971968561, 0.0018874569796, -0.00205450924113, 0.00347493775189, -0.00083480234025, 0.00153183238581, -0.00462037185207, 0.00147407641634], [-0.00218065269291, 0.00358417723328, -0.00675154337659, 0.0237950887531, -0.00409337738529, 0.00575113855302, -0.00326246023178, 0.00822572223842, -0.0092804627493, 0.0075724888593, -0.00761506613344, 0.00542264804244, -0.00402651354671], [0.00106872164179, -0.00349339167587, -2.38777261075e-06, -0.00409337738529, 0.0118031911552, -0.00411620223895, -0.00449114060029, -0.00209562014788, 0.010417426005, -0.00877115596086, -0.00220793718472, 0.00265902397223, 0.00299913203344], [-0.00131092197262, 0.00419522402808, -0.000996971968561, 0.00575113855302, -0.00411620223895, 0.0175492409617, -0.00694632995874, 0.00383668020368, 0.000165883262525, 0.0023698057048, -0.00141567585524, 0.00101188500412, 0.00155112089124], [0.00174050987698, -0.00541585125029, 0.0018874569796, -0.00326246023178, -0.00449114060029, -0.00694632995874, 0.0316922701895, -0.00597229925916, -0.00343034067191, -0.00513777788728, 0.00360753457062, 0.000746904232074, -0.00115416268818], [-0.0016678358661, 0.00551796704531, -0.00205450924113, 0.00822572223842, -0.00209562014788, 0.00383668020368, -0.00597229925916, 0.0284695718437, -0.00835689157248, 0.00349547690712, 0.000249403412454, 0.00550058670342, -0.00215204549022], [0.00207723304629, -0.0045730615966, 0.00347493775189, -0.0092804627493, 0.010417426005, 0.000165883262525, -0.00343034067191, -0.00835689157248, 0.036044947803, -0.00572166172788, -0.000134312416776, -0.00262821768411, -0.00268441950902], [-0.00160784763284, 0.0061849472113, -0.00083480234025, 0.0075724888593, -0.00877115596086, 0.0023698057048, -0.00513777788728, 0.00349547690712, -0.00572166172788, 0.0402299910784, -0.000232272548601, -0.00913670659065, 0.00739868870005], [0.000659782846924, -0.00302421394736, 0.00153183238581, -0.00761506613344, -0.00220793718472, -0.00141567585524, 0.00360753457062, 0.000249403412454, -0.000134312416776, -0.000232272548601, 0.0183080285788, 0.00400451757014, -0.00424571335316], [-0.000372089474695, -0.000823121052235, -0.00462037185207, 0.00542264804244, 0.00265902397223, 0.00101188500412, 0.000746904232074, 0.00550058670342, -0.00262821768411, -0.00913670659065, 0.00400451757014, 0.0219333376735, -0.00173609412741], [0.000484495336423, -0.00213971594349, 0.00147407641634, -0.00402651354671, 0.00299913203344, 0.00155112089124, -0.00115416268818, -0.00215204549022, -0.00268441950902, 0.00739868870005, -0.00424571335316, -0.00173609412741, 0.0336520709097]]
    },
    "melbands": {
        "max": [0.00231044064276, 0.00354473036714, 0.00734519539401, 0.00624973746017, 0.00217079254799, 0.00523444870487, 0.00361369992606, 0.00213314476423, 0.00409231428057, 0.0059233889915, 0.00301459315233, 0.00254597724415, 0.00109218398575, 0.00101879646536, 0.00150073471013, 0.00223085400648, 0.00540745863691, 0.00386224850081, 0.00319913472049, 0.00159108417574, 0.00101401342545, 0.000192805542611, 0.000120240641991, 0.000584166147746, 0.000370135065168, 0.000193760351976, 0.000118271782412, 0.000162521275342, 4.30475374742e-05, 1.34104993776e-05, 2.84904072032e-05, 2.86256490654e-05, 4.09745152865e-05, 2.83467270492e-05, 8.2384198322e-05, 0.000128019659314, 3.58288962161e-05, 2.38859502133e-05, 2.73780697171e-05, 7.37193477107e-06],
        "mean": [8.29739874462e-05, 0.000170735656866, 0.000113766735012, 8.64013709361e-05, 9.39477758948e-05, 0.000201320028282, 0.000107371539343, 7.45442666812e-05, 9.05509659788e-05, 0.000187916186405, 0.000126334256493, 7.66926532378e-05, 5.05862699356e-05, 7.30968167773e-05, 4.10093307437e-05, 0.000142745615449, 0.000147623039084, 8.72217788128e-05, 7.22734912415e-05, 2.84426605504e-05, 2.26899319387e-05, 8.18728858576e-06, 6.44567398922e-06, 1.63082222571e-05, 1.58317689056e-05, 6.62691263642e-06, 6.0376496549e-06, 6.75001956552e-06, 2.28643534683e-06, 5.8455935914e-07, 4.1079928792e-07, 3.33857883561e-07, 3.66092251625e-07, 3.84968757317e-07, 5.76513571104e-07, 6.7799203407e-07, 3.50154266471e-07, 4.83459700718e-07, 4.17057577806e-07, 1.40654890401e-07],
        "min": [7.84472767828e-25, 6.90765164188e-25, 8.08762288138e-25, 1.05937827013e-24, 1.16457602729e-24, 9.97851852689e-25, 9.28028393461e-25, 1.41144087707e-24, 1.3274069761e-24, 1.639602032e-24, 1.33516808551e-24, 2.07793772158e-24, 1.72779135639e-24, 2.37170419787e-24, 2.42789673231e-24, 1.73468323969e-24, 2.09836862738e-24, 2.43599005076e-24, 2.33697716032e-24, 1.75026324257e-24, 2.44221830483e-24, 3.34328165761e-24, 3.04986740771e-24, 3.73056305827e-24, 3.4923763687e-24, 3.51236965391e-24, 3.82809782059e-24, 3.37093990981e-24, 4.1128497861e-24, 4.16900248306e-24, 4.01196749253e-24, 3.80840785239e-24, 4.5619400164e-24, 3.77579989245e-24, 4.0457906927e-24, 4.88680555895e-24, 4.96195481536e-24, 5.00420028899e-24, 4.51179488967e-24, 4.53123123909e-24],
        "stdev": [0.000178921953193, 0.000399764801841, 0.000433430803241, 0.000316684076097, 0.000224976116442, 0.000517685315572, 0.000276399165159, 0.000168132974068, 0.000341368460795, 0.000576492864639, 0.000243691232754, 0.00021280364308, 0.00010214332724, 0.000141830270877, 0.000124936384964, 0.000300787825836, 0.000424939731602, 0.000378015538445, 0.000249369506491, 0.00011344855011, 7.07939980202e-05, 1.80630941031e-05, 1.33763433041e-05, 3.92387228203e-05, 3.98598931497e-05, 1.71789070009e-05, 1.29179816213e-05, 1.80043789442e-05, 5.27159909325e-06, 1.40541328619e-06, 1.60256513482e-06, 1.63680510923e-06, 2.05020160138e-06, 1.78492723535e-06, 3.79065227207e-06, 5.52374558538e-06, 1.88805825019e-06, 1.83573979484e-06, 1.86322210993e-06, 5.17335195127e-07]
    },
    "melbands128": {
        "max": [0.000130391985294, 0.000465631921543, 0.00317386072129, 0.00598235055804, 0.00487132743001, 0.0043122805655, 0.0055576520972, 0.0113629940897, 0.00744941970333, 0.0074988650158, 0.00575859006494, 0.00219196430407, 0.00339901493862, 0.00449797697365, 0.00713550951332, 0.0116213578731, 0.00829936750233, 0.00138463987969, 0.00385022978298, 0.00129411136732, 0.00438984064385, 0.00251406384632, 0.00747637730092, 0.00784239266068, 0.00995219871402, 0.0110722985119, 0.00468695210293, 0.00583699624985, 0.0042181010358, 0.00188400549814, 0.00513334898278, 0.00319485599175, 0.000723974313587, 0.000673282367643, 0.00183231709525, 0.00140306376852, 0.000579370593186, 0.00266227778047, 0.00144428620115, 0.00243062525988, 0.00371100264601, 0.00610233051702, 0.011847468093, 0.00453012343496, 0.00823804922402, 0.00677412794903, 0.00856671202928, 0.006165293511, 0.00826184637845, 0.00484600570053, 0.00330080930144, 0.00165364483837, 0.00142379151657, 0.00180123792961, 0.000286868977128, 0.000187406607438, 0.000290066964226, 0.000166157362401, 0.000207132266951, 0.000340776372468, 0.00126839312725, 0.000545156770386, 0.000605231325608, 0.000854675658047, 0.000821799330879, 0.000294164376101, 0.000178895919817, 0.000200920185307, 0.0002275253064, 0.000196326858713, 0.00034374583629, 0.00031906622462, 9.664639947e-05, 4.21007680416e-05, 2.11377955566e-05, 1.19374390124e-05, 1.72620675585e-05, 2.8358781492e-05, 3.0163620977e-05, 3.83224432881e-05, 3.46862871083e-05, 2.28871740546e-05, 2.9243165045e-05, 5.72106800973e-05, 4.00224416808e-05, 4.6329372708e-05, 3.05411449517e-05, 3.49536712747e-05, 0.000100599318102, 0.000120709424664, 0.00018714980979, 0.000140782125527, 6.23407249805e-05, 3.33446187142e-05, 1.59383835125e-05, 2.67423438345e-05, 2.99582134176e-05, 3.2304222259e-05, 3.53413124685e-05, 2.43460654019e-05, 7.40086034057e-06, 6.86828434482e-06, 5.36604875379e-06, 5.45948478248e-06, 3.74422438654e-06, 4.56248972114e-06, 3.662777317e-06, 3.05899789055e-06, 1.59834996794e-06, 2.75506999969e-06, 1.718264798e-06, 3.5131211007e-06, 7.02230636307e-06, 4.69354034749e-07, 1.7078397363e-08, 2.11560493568e-08, 5.57597967799e-09, 2.01584526849e-09, 1.72913861007e-09, 1.51738177578e-09, 1.37419020607e-09, 1.25698318421e-09, 1.17208454053e-09, 1.11118325652e-09, 1.0582746901e-09, 1.02094599441e-09, 9.98326421531e-10, 9.82934844629e-10],
        "mean": [6.47140495857e-06, 3.42319508491e-05, 0.000104912891402, 0.000193940533791, 0.00020154559752, 0.000126558559714, 0.000135596259497, 0.000114495342132, 7.4227755249e-05, 9.11920360522e-05, 8.68999413797e-05, 8.59808787936e-05, 9.19004596653e-05, 0.00010103538807, 0.00022154574981, 0.000286065012915, 0.000110250002763, 6.13186202827e-05, 0.000120461059851, 7.29556559236e-05, 5.29725584784e-05, 7.65282966313e-05, 9.32170732995e-05, 0.000113060945296, 0.000139700554428, 0.000253118982073, 0.000212223894778, 7.16089780326e-05, 0.000116190363769, 5.33396087121e-05, 8.8084510935e-05, 7.55007495172e-05, 2.12498598557e-05, 3.9380742237e-05, 0.000124828206026, 6.79416916682e-05, 1.29298878164e-05, 6.42621671432e-05, 3.35258955602e-05, 3.44535146724e-05, 0.000155589703354, 0.000323049433064, 0.000183307827683, 2.43512095039e-05, 9.02009342099e-05, 9.41326507018e-05, 9.00929517229e-05, 9.39579404076e-05, 6.16885663476e-05, 2.06920049095e-05, 2.6046336643e-05, 3.17670346703e-05, 3.02158186969e-05, 1.79123853741e-05, 4.62495199827e-06, 9.12225277716e-06, 9.72079487838e-06, 4.4687008085e-06, 4.68350435767e-06, 1.08211215775e-05, 1.88454669114e-05, 1.80242932402e-05, 1.80288661795e-05, 1.5843897927e-05, 1.22599585666e-05, 5.50851746084e-06, 3.21038646689e-06, 5.88246302868e-06, 6.86965631758e-06, 5.92261358179e-06, 7.80145091994e-06, 7.40835457691e-06, 2.84886982627e-06, 1.66758093201e-06, 9.736887705e-07, 4.33198209748e-07, 5.22403865943e-07, 4.84094925923e-07, 4.20244361976e-07, 3.05815973434e-07, 3.44307665046e-07, 3.16316146609e-07, 3.26000133555e-07, 3.99444388677e-07, 3.58780681609e-07, 4.19643839678e-07, 3.70671727978e-07, 3.7315723489e-07, 5.65436607758e-07, 7.23246103007e-07, 7.83677592153e-07, 6.75226033309e-07, 5.17575756476e-07, 2.97716468367e-07, 2.37631155642e-07, 4.32591519939e-07, 5.53821337235e-07, 5.56288512144e-07, 4.82444022509e-07, 3.32246287371e-07, 1.5680893739e-07, 1.16040126841e-07, 1.02319248185e-07, 7.18244663744e-08, 6.30777918786e-08, 6.85619667706e-08, 5.33329789221e-08, 4.18486578724e-08, 3.40114247876e-08, 4.06517628448e-08, 3.41445201002e-08, 2.52849972071e-08, 2.23965610502e-08, 1.80178716391e-09, 1.01985968282e-10, 7.92131776839e-11, 1.91936813665e-11, 3.67186012498e-12, 3.31928473422e-12, 3.04761597902e-12, 2.85460457355e-12, 2.69902112812e-12, 2.58169657527e-12, 2.48944311346e-12, 2.39449866185e-12, 2.3060906483e-12, 2.2533999406e-12, 2.22753456305e-12],
        "min": [5.37932340176e-27, 3.51579503587e-25, 3.89249090925e-25, 1.99991499002e-25, 8.97531610185e-26, 1.12403607094e-25, 3.60777584764e-26, 2.21920303749e-25, 2.45555784412e-25, 2.33957606257e-25, 2.30738683985e-25, 3.15016638795e-25, 4.46258367564e-25, 6.80641761495e-25, 2.82246050241e-25, 4.44958324793e-25, 4.00361799149e-25, 3.21763963332e-25, 2.08671951839e-25, 1.33191731298e-25, 3.86002509218e-25, 6.68894488629e-25, 4.98912614317e-25, 3.39227889312e-25, 5.9685176646e-25, 5.26610506775e-25, 6.49910649553e-25, 7.87274900371e-25, 3.46599991686e-25, 7.07147882341e-25, 6.03555407825e-25, 3.86555648624e-25, 6.14626972022e-25, 8.69540964049e-25, 7.70664447936e-25, 2.64690024751e-25, 3.82042821904e-25, 6.78378174432e-25, 1.27890544106e-24, 4.43742049188e-25, 1.00019407932e-24, 7.33489229866e-25, 7.91169605268e-25, 1.58445730207e-24, 6.89595924415e-25, 4.66264471767e-25, 3.49807894557e-25, 9.95270403984e-25, 8.97013242289e-25, 1.12761069552e-24, 6.79615749281e-25, 7.86086185595e-25, 7.81247510017e-25, 1.37848601554e-24, 1.43414094126e-24, 1.06014356382e-24, 1.14747490337e-24, 7.6236430001e-25, 1.74874626305e-24, 1.21392095324e-24, 2.05755197807e-24, 2.07568848193e-24, 1.5849136581e-24, 2.0575291011e-24, 2.09953298608e-24, 1.59320192381e-24, 1.68079437632e-24, 1.90531543121e-24, 1.82249114984e-24, 2.32821764883e-24, 2.21171728984e-24, 1.28803256174e-24, 1.26278536429e-24, 2.66692316431e-24, 2.65568288249e-24, 1.90075364581e-24, 2.04495012232e-24, 2.44596914121e-24, 2.36772873334e-24, 2.29065465632e-24, 2.74851504774e-24, 2.76173990638e-24, 1.75444657195e-24, 2.05079045404e-24, 2.26780313083e-24, 2.14179403971e-24, 2.09450044793e-24, 2.76779638598e-24, 2.42426205569e-24, 3.66592103468e-24, 3.21132849956e-24, 2.69456623094e-24, 3.51653720607e-24, 2.76191187806e-24, 2.9884579389e-24, 2.29189947883e-24, 3.14863496241e-24, 3.91618952344e-24, 3.65526628486e-24, 4.00081378819e-24, 2.44351144506e-24, 3.78805248003e-24, 4.30373716466e-24, 3.41173072392e-24, 3.35608368681e-24, 4.0454668653e-24, 3.61831170133e-24, 4.37474529575e-24, 4.22527824231e-24, 4.14547312884e-24, 3.55878504628e-24, 3.89238564563e-24, 4.80435184498e-24, 4.25340192245e-24, 4.8748409056e-24, 4.82501211209e-24, 4.94700235133e-24, 4.71540659463e-24, 4.44587491142e-24, 3.77193092414e-24, 4.6529284165e-24, 4.79085995692e-24, 4.98896659605e-24, 3.96278004294e-24, 5.5724282375e-24, 4.73929606385e-24, 4.86052584118e-24, 4.66502559849e-24],
        "stdev": [1.30271455419e-05, 5.59793115826e-05, 0.000261094566667, 0.000462219846668, 0.0004890220589, 0.000403946993174, 0.000481870782096, 0.000536695995834, 0.000395555223804, 0.000361241720384, 0.000317047961289, 0.000207144476008, 0.000271320081083, 0.000330154609401, 0.000626287655905, 0.000876202771906, 0.00045307649998, 0.000180216578883, 0.000406172126532, 0.00018543493934, 0.000185929588042, 0.000206333337701, 0.000504897732753, 0.000554685422685, 0.000770106271375, 0.000870465300977, 0.000435311550973, 0.00029408649425, 0.000342174695106, 0.000130040221848, 0.000386779051041, 0.000280678505078, 5.51069970243e-05, 9.49987879721e-05, 0.000264137808699, 0.000163937584148, 3.92490474042e-05, 0.000220088928472, 0.000119320509839, 0.000133076769998, 0.000431235035649, 0.000849548145197, 0.000792904465925, 0.000181088340469, 0.000541329733096, 0.000523882452399, 0.000510273908731, 0.0003305633727, 0.000419928255724, 0.000210734215216, 0.000145453974255, 0.000133654946694, 9.97561437543e-05, 9.79435426416e-05, 1.74906945176e-05, 2.29453962675e-05, 2.68973217317e-05, 1.22646270029e-05, 1.50606183524e-05, 3.19561950164e-05, 6.87804495101e-05, 5.08427474415e-05, 6.51916489005e-05, 6.39493737253e-05, 4.81765528093e-05, 1.98252728296e-05, 1.01519372038e-05, 1.59701139637e-05, 2.05844480661e-05, 2.00387785299e-05, 2.73539753834e-05, 2.66233273578e-05, 9.739741472e-06, 3.89367005482e-06, 2.69416523224e-06, 1.10605276404e-06, 1.53111716372e-06, 1.88884143881e-06, 1.65637607097e-06, 1.79177220616e-06, 1.92146694644e-06, 1.41958923905e-06, 1.84660746072e-06, 2.49733329838e-06, 2.03399918064e-06, 2.19198614104e-06, 1.63721676927e-06, 1.71847443653e-06, 4.02668547395e-06, 5.32079138793e-06, 7.53352924221e-06, 6.01162901148e-06, 3.34554215442e-06, 1.86678721548e-06, 8.91276044968e-07, 1.60545937433e-06, 2.18387754103e-06, 2.44826583184e-06, 2.34408116739e-06, 1.55603379426e-06, 5.54528412522e-07, 4.6946345833e-07, 3.60868114058e-07, 3.11310287771e-07, 2.67858496272e-07, 3.04550667352e-07, 2.44359057433e-07, 1.79613081741e-07, 1.31961300553e-07, 1.75083314957e-07, 1.42837151884e-07, 1.54484467885e-07, 2.47397338171e-07, 1.72844316637e-08, 8.04319055803e-10, 8.07530098346e-10, 2.13393108739e-10, 6.66008984074e-11, 5.71503573632e-11, 5.01728172897e-11, 4.54542410655e-11, 4.15932843723e-11, 3.87967331872e-11, 3.67905358956e-11, 3.50473816635e-11, 3.38177819081e-11, 3.30725412334e-11, 3.25655336031e-11]
    },
    "mfcc": {
        "mean": [-942.75604248, 64.3041534424, -21.1145019531, -1.79033041, 0.851692318916, -4.95739936829, 2.1263756752, -0.277512788773, -3.08137202263, 7.76124477386, -1.82553195953, -1.41690957546, -1.84434688091],
        "cov": [[95723.34375, 18754.8554688, -5847.44335938, -147.554351807, 586.728149414, -1296.29382324, 907.532836914, -120.268165588, -1033.88330078, 2308.12402344, -586.860778809, -415.579864502, -487.378875732], [18754.8554688, 4030.53369141, -1204.88806152, 15.5104913712, 105.714775085, -249.270278931, 179.97366333, -6.19417142868, -215.706100464, 430.268737793, -108.430221558, -69.4956741333, -95.5462722778], [-5847.44335938, -1204.88806152, 725.889831543, 117.387039185, -7.54309558868, 66.1638870239, -103.800064087, 16.5810031891, 28.9035301208, -176.612548828, -23.5772972107, 50.0729560852, 62.7196846008], [-147.554351807, 15.5104913712, 117.387039185, 161.632492065, 55.9159545898, -2.00383090973, 19.9400119781, -2.71896600723, -49.7268218994, 5.45936727524, -29.7903175354, 7.76481676102, 15.1458272934], [586.728149414, 105.714775085, -7.54309558868, 55.9159545898, 122.450538635, 11.4705610275, 87.2448577881, -8.81478214264, -53.8237342834, 48.3017959595, -5.56541013718, -12.0318956375, -6.56246852875], [-1296.29382324, -249.270278931, 66.1638870239, -2.00383090973, 11.4705610275, 127.212432861, 24.7287731171, -0.217036947608, 24.8384361267, -70.9238128662, 37.2228813171, 16.7351036072, 2.14487576485], [907.532836914, 179.97366333, -103.800064087, 19.9400119781, 87.2448577881, 24.7287731171, 140.828903198, -10.4315567017, -44.2147636414, 66.4587783813, 15.0525360107, -22.6154937744, -20.8333511353], [-120.268165588, -6.19417142868, 16.5810031891, -2.71896600723, -8.81478214264, -0.217036947608, -10.4315567017, 34.535068512, 11.6362428665, -10.7896652222, 1.3463987112, 7.12598752975, 1.70226562023], [-1033.88330078, -215.706100464, 28.9035301208, -49.7268218994, -53.8237342834, 24.8384361267, -44.2147636414, 11.6362428665, 92.0093078613, -53.1564559937, 19.7373180389, 3.14808273315, 14.6915788651], [2308.12402344, 430.268737793, -176.612548828, 5.45936727524, 48.3017959595, -70.9238128662, 66.4587783813, -10.7896652222, -53.1564559937, 145.463088989, -11.6844911575, -33.6638717651, -29.4594783783], [-586.860778809, -108.430221558, -23.5772972107, -29.7903175354, -5.56541013718, 37.2228813171, 15.0525360107, 1.3463987112, 19.7373180389, -11.6844911575, 58.1834335327, -2.71561551094, -8.18941116333], [-415.579864502, -69.4956741333, 50.0729560852, 7.76481676102, -12.0318956375, 16.7351036072, -22.6154937744, 7.12598752975, 3.14808273315, -33.6638717651, -2.71561551094, 47.1582069397, 18.5669651031], [-487.378875732, -95.5462722778, 62.7196846008, 15.1458272934, -6.56246852875, 2.14487576485, -20.8333511353, 1.70226562023, 14.6915788651, -29.4594783783, -8.18941116333, 18.5669651031, 39.8117980957]],
        "icov": [[0.000152248176164, -0.000655630370602, 4.6143372856e-07, 0.000333582283929, -0.000186573917745, -0.000182560819667, 0.000174475921085, 0.000263761176029, -6.36250260868e-05, -0.00057844852563, 0.000423660181696, 4.21759505116e-05, -0.000115249575174], [-0.000655630370602, 0.00356997945346, 0.0013152960455, -0.00200380804017, 0.000747663201764, 0.00067844428122, -0.000329737260472, -0.00201684120111, 0.00106756365858, 0.00191747164354, -0.000636402226519, -0.000337503704941, 0.000283468136331], [4.6143372856e-07, 0.0013152960455, 0.00493142334744, -0.00259180227295, -0.00139187439345, -0.000309967319481, 0.00228764279746, -0.00200229301117, 0.00152062531561, 0.00180060078856, 0.00230614026077, 0.00014441573876, -0.00137241824996], [0.000333582283929, -0.00200380804017, -0.00259180227295, 0.0116641866043, -0.00302152661607, -0.00126936787274, 0.000168318438227, 0.000364811363397, 0.00382694741711, -0.00156176264863, 0.00291689531878, 0.00081019999925, -0.00378255918622], [-0.000186573917745, 0.000747663201764, -0.00139187439345, -0.00302152661607, 0.0203863363713, -0.00261813960969, -0.0100094927475, -0.000769037171267, 0.00513871386647, -0.0026192185469, 0.0009742382681, 0.0020838608034, -0.00345689919777], [-0.000182560819667, 0.00067844428122, -0.000309967319481, -0.00126936787274, -0.00261813960969, 0.020373115316, -0.00797227863222, 0.00316423317418, -0.00381917646155, 0.013256422244, -0.00800506398082, -0.00566810648888, 0.00674368208274], [0.000174475921085, -0.000329737260472, 0.00228764279746, 0.000168318438227, -0.0100094927475, -0.00797227863222, 0.0206517335027, -0.000920107006095, 0.00298610585742, -0.0075403326191, -0.00157822831534, 0.0038261320442, -0.0014881141251], [0.000263761176029, -0.00201684120111, -0.00200229301117, 0.000364811363397, -0.000769037171267, 0.00316423317418, -0.000920107006095, 0.0337175615132, -0.00658749043941, 0.00109575176612, -0.00149057223462, -0.00629034591839, 0.00505266292021], [-6.36250260868e-05, 0.00106756365858, 0.00152062531561, 0.00382694741711, 0.00513871386647, -0.00381917646155, 0.00298610585742, -0.00658749043941, 0.0238448362797, 0.00237160827965, -0.00247106910683, 0.00792262982577, -0.0104188313708], [-0.00057844852563, 0.00191747164354, 0.00180060078856, -0.00156176264863, -0.0026192185469, 0.013256422244, -0.0075403326191, 0.00109575176612, 0.00237160827965, 0.0259613189846, -0.00368939130567, 0.0025025755167, 0.00654861796647], [0.000423660181696, -0.000636402226519, 0.00230614026077, 0.00291689531878, 0.0009742382681, -0.00800506398082, -0.00157822831534, -0.00149057223462, -0.00247106910683, -0.00368939130567, 0.0288482271135, 0.000600275641773, 0.00258214632049], [4.21759505116e-05, -0.000337503704941, 0.00014441573876, 0.00081019999925, 0.0020838608034, -0.00566810648888, 0.0038261320442, -0.00629034591839, 0.00792262982577, 0.0025025755167, 0.000600275641773, 0.0330282747746, -0.0142610762268], [-0.000115249575174, 0.000283468136331, -0.00137241824996, -0.00378255918622, -0.00345689919777, 0.00674368208274, -0.0014881141251, 0.00505266292021, -0.0104188313708, 0.00654861796647, 0.00258214632049, -0.0142610762268, 0.0419334806502]]
    },
    "spectral_contrast_coeffs": {
        "max": [-0.564421772957, -0.544337451458, -0.541623353958, -0.552456855774, -0.597628235817, -0.692158162594],
        "mean": [-0.845960617065, -0.84629625082, -0.82744795084, -0.84043186903, -0.84545570612, -0.865818321705],
        "min": [-0.987679600716, -0.9861292243, -0.979324996471, -0.975724697113, -0.970307290554, -0.966256976128],
        "stdev": [0.117603436112, 0.121723927557, 0.135595217347, 0.129616171122, 0.118635259569, 0.0914445221424]
    },
    "spectral_contrast_valleys": {
        "max": [-5.28349399567, -5.32675933838, -5.39034748077, -6.08481740952, -6.32083034515, -8.11626529694],
        "mean": [-16.8079910278, -16.4447383881, -16.668674469, -16.7115116119, -16.9631404877, -18.5140628815],
        "min": [-28.2381706238, -28.327419281, -28.0125617981, -27.7467880249, -27.6872119904, -27.4263954163],
        "stdev": [9.83320999146, 10.1344394684, 9.95157718658, 9.87887859344, 9.66271591187, 8.22190475464]
    }
},
"rhythm": {
    "beats_count": 41,
    "beats_loudness": {
        "max": 0.0765062719584,
        "mean": 0.012499127537,
        "min": 0,
        "stdev": 0.017516836524
    },
    "bpm": 120.683921814,
    "bpm_histogram_first_peak_bpm": 120,
    "bpm_histogram_first_peak_weight": 0.5,
    "bpm_histogram_second_peak_bpm": 129,
    "bpm_histogram_second_peak_spread": 0.416666686535,
    "bpm_histogram_second_peak_weight": 0.17499999702,
    "danceability": 0.785166323185,
    "onset_rate": 1.17475199699,
    "beats_loudness_band_ratio": {
        "max": [0.218460574746, 0.800834834576, 0.740334928036, 0.780424296856, 0.567177414894, 0.474925518036],
        "mean": [0.0307149942964, 0.0715342611074, 0.127149701118, 0.191133528948, 0.0991750210524, 0.0319059640169],
        "min": [0, 0, 0, 0, 0, 0],
        "stdev": [0.0496086105704, 0.156725674868, 0.173661291599, 0.245320916176, 0.131411448121, 0.0740724503994]
    },
    "beats_position": [0.580498874187, 1.18421769142, 1.72988653183, 2.27555561066, 2.83283448219, 3.29723358154, 3.7732424736, 4.23764181137, 4.71365070343, 5.18965959549, 5.66566896439, 6.15328788757, 6.65251684189, 7.1517457962, 7.66258478165, 8.17342376709, 8.67265319824, 9.19510173798, 9.71755123138, 10.22838974, 10.7276191711, 11.2268476486, 11.7609071732, 12.294965744, 12.8290243149, 13.3630838394, 13.8623123169, 14.361541748, 14.8607711792, 15.3599996567, 15.8476190567, 16.3352375031, 16.8228569031, 17.3104763031, 17.7980957031, 18.2741031647, 18.7385025024, 19.2029018402, 19.667301178, 20.1317005157, 20.5960998535],
