{
"metadata": {
    "version": {
        "essentia": "2.1-beta5",
        "essentia_git_sha": "Undefined",
        "extractor": "music 2.0"
    },
    "audio_properties": {
        "analysis": {
            "equal_loudness": 0,
            "length": 21.4668483734,
            "sample_rate": 44100,
            "start_time": 175.240997314,
            "downmix": "mix"
        },
        "bit_rate": 192000,
        "length": 196.731079102,
        "lossless": 0,
        "number_channels": 2,
        "replay_gain": -2.47828674316,
        "sample_rate": 48000,
        "codec": "mp3",
        "md5_encoded": "2ae7085dbae633de5c1590b59e543452"
    },
    "tags": {
        "file_name": "Belarus_Time_Uzari _ Maimuna.mp3",
        "encoding": ["Lavf58.29.100"]
    }
},
"lowlevel": {
    "average_loudness": 0.931658864021,
    "barkbands_crest": {
        "max": 24.1564445496,
        "mean": 7.56684350967,
        "min": 2.39893889427,
        "stdev": 3.50570821762
    },
    "barkbands_flatness_db": {
        "max": 0.291990429163,
        "mean": 0.129496604204,
        "min": 0.0348484031856,
        "stdev": 0.0423052534461
    },
    "barkbands_kurtosis": {
        "max": 16.0514450073,
        "mean": 0.373290628195,
        "min": -1.49511837959,
        "stdev": 1.37854218483
    },
    "barkbands_skewness": {
        "max": 3.958360672,
        "mean": 0.677392303944,
        "min": -0.717561244965,
        "stdev": 0.555087447166
    },
    "barkbands_spread": {
        "max": 56.9774894714,
        "mean": 23.6283969879,
        "min": 4.37236022949,
        "stdev": 11.4515666962
    },
    "dissonance": {
        "max": 0.5,
        "mean": 0.480144560337,
        "min": 0.344809144735,
        "stdev": 0.0190730541945
    },
    "dynamic_complexity": 2.72703719139,
    "erbbands_crest": {
        "max": 29.3954944611,
        "mean": 8.41909599304,
        "min": 3.0446228981,
        "stdev": 3.7135746479
    },
    "erbbands_flatness_db": {
        "max": 0.359038054943,
        "mean": 0.195144221187,
        "min": 0.0768483802676,
        "stdev": 0.0528125986457
    },
    "erbbands_kurtosis": {
        "max": 9.65211582184,
        "mean": 0.606872141361,
        "min": -1.70227110386,
        "stdev": 1.32361137867
    },
    "erbbands_skewness": {
        "max": 3.1004114151,
        "mean": 0.557667374611,
        "min": -1.1521191597,
        "stdev": 0.50978499651
    },
    "erbbands_spread": {
        "max": 90.1572189331,
        "mean": 27.0299301147,
        "min": 9.86091041565,
        "stdev": 12.9332494736
    },
    "hfc": {
        "max": 105.714332581,
        "mean": 30.1992073059,
        "min": 0.15338768065,
        "stdev": 19.8826465607
    },
    "loudness_ebu128": {
        "integrated": -20.3167495728,
        "loudness_range": 3.30205535889,
        "momentary": {
            "max": -17.1608314514,
            "mean": -20.9667053223,
            "min": -26.6158161163,
            "stdev": 2.5555434227
        },
        "short_term": {
            "max": -18.7492733002,
            "mean": -20.4999523163,
            "min": -23.1217594147,
            "stdev": 1.30926787853
        }
    },
    "melbands_crest": {
        "max": 33.0535163879,
        "mean": 10.6328907013,
        "min": 3.50616240501,
        "stdev": 5.09834957123
    },
    "melbands_flatness_db": {
        "max": 0.267909258604,
        "mean": 0.128289029002,
        "min": 0.036382522434,
        "stdev": 0.0338293872774
    },
    "melbands_kurtosis": {
        "max": 43.309753418,
        "mean": 3.09540843964,
        "min": -1.08347558975,
        "stdev": 3.86089205742
    },
    "melbands_skewness": {
        "max": 5.98884677887,
        "mean": 1.34758114815,
        "min": -0.153740361333,
        "stdev": 0.79973846674
    },
    "melbands_spread": {
        "max": 101.513885498,
        "mean": 33.1911964417,
        "min": 4.61441135406,
        "stdev": 14.5551548004
    },
    "pitch_salience": {
        "max": 0.853606462479,
        "mean": 0.643254220486,
        "min": 0.187977313995,
        "stdev": 0.114554196596
    },
    "silence_rate_20dB": {
        "max": 1,
        "mean": 1,
        "min": 1,
        "stdev": 0
    },
    "silence_rate_30dB": {
        "max": 1,
        "mean": 1,
        "min": 1,
        "stdev": 0
    },
    "silence_rate_60dB": {
        "max": 1,
        "mean": 0.0032397408504,
        "min": 0,
        "stdev": 0.0568264462054
    },
    "spectral_centroid": {
        "max": 2960.73364258,
        "mean": 1899.05737305,
        "min": 907.520874023,
        "stdev": 362.597320557
    },
    "spectral_complexity": {
        "max": 52,
        "mean": 25.6144714355,
        "min": 0,
        "stdev": 7.99117326736
    },
    "spectral_decrease": {
        "max": -2.72425138004e-11,
        "mean": -5.40134470484e-09,
        "min": -2.81381726808e-08,
        "stdev": 4.41105152404e-09
    },
    "spectral_energy": {
        "max": 0.112199813128,
        "mean": 0.0231251008809,
        "min": 0.000116731862363,
        "stdev": 0.0181300807744
    },
    "spectral_energyband_high": {
        "max": 0.00848714634776,
        "mean": 0.00128868024331,
        "min": 2.48889409704e-06,
        "stdev": 0.00116362550762
    },
    "spectral_energyband_low": {
        "max": 0.0746147856116,
        "mean": 0.00431780563667,
        "min": 4.19707149035e-08,
        "stdev": 0.0102193178609
    },
    "spectral_energyband_middle_high": {
        "max": 0.0627036988735,
        "mean": 0.0117990598083,
        "min": 8.67233757162e-05,
        "stdev": 0.0091769779101
    },
    "spectral_energyband_middle_low": {
        "max": 0.0620105192065,
        "mean": 0.00648176576942,
        "min": 2.93204902846e-05,
        "stdev": 0.00567944394425
    },
    "spectral_entropy": {
        "max": 8.5563993454,
        "mean": 7.91025209427,
        "min": 7.21231842041,
        "stdev": 0.173515751958
    },
    "spectral_flux": {
        "max": 0.269616514444,
        "mean": 0.0878023579717,
        "min": 0.0299513358623,
        "stdev": 0.0392206534743
    },
    "spectral_kurtosis": {
        "max": 13.5084209442,
        "mean": 3.41929984093,
        "min": -0.4498462677,
        "stdev": 1.7666311264
    },
    "spectral_rms": {
        "max": 0.0104624675587,
        "mean": 0.00440673716366,
        "min": 0.00033746814006,
        "stdev": 0.00177249975968
    },
    "spectral_rolloff": {
        "max": 8419.48242188,
        "mean": 2369.60766602,
        "min": 430.6640625,
        "stdev": 1035.81970215
    },
    "spectral_skewness": {
        "max": 3.18999838829,
        "mean": 1.43657052517,
        "min": 0.434504121542,
        "stdev": 0.299055188894
    },
    "spectral_spread": {
        "max": 8620294,
        "mean": 4513179,
        "min": 2609097.25,
        "stdev": 1083494
    },
    "spectral_strongpeak": {
        "max": 10.5495605469,
        "mean": 1.39434635639,
        "min": 0.038809787482,
        "stdev": 1.470084548
    },
    "zerocrossingrate": {
        "max": 0.23193359375,
        "mean": 0.0901564434171,
        "min": 0.0205078125,
        "stdev": 0.0223621316254
    },
    "barkbands": {
        "max": [0.00274562719278, 0.068193167448, 0.0070101134479, 0.00645994767547, 0.0175570715219, 0.0135835055262, 0.0150324869901, 0.013807519339, 0.02663853392, 0.0734640881419, 0.0202555544674, 0.020847953856, 0.0163156352937, 0.0312477946281, 0.0105944713578, 0.00503778411075, 0.00920080859214, 0.00398981012404, 0.00693096127361, 0.00639474065974, 0.00404631858692, 0.00180665764492, 0.00372033892199, 0.00213074591011, 0.00124689564109, 0.000571323325858, 3.06231572722e-06],
        "mean": [0.000172170024598, 0.00353492912836, 0.000468100770377, 0.00035407737596, 0.000747341895476, 0.000661292811856, 0.00043979784823, 0.000956908159424, 0.00226959655993, 0.00231550028548, 0.00170538853854, 0.00183693994768, 0.00152870640159, 0.00151671061758, 0.000816112791654, 0.000671337649692, 0.000694837595802, 0.00048005732242, 0.000412635039538, 0.000407203187933, 0.000297611200949, 0.00025981766521, 0.000223631810513, 0.000215767024201, 0.000106408384454, 3.22150626744e-05, 1.11226867716e-08],
        "min": [6.73502434378e-11, 4.63391636174e-09, 1.18647092151e-09, 7.36508987131e-09, 4.23378367032e-07, 4.24215159001e-07, 6.75406226947e-07, 6.45824366075e-06, 1.4186514818e-05, 9.11985625862e-06, 1.55649740918e-06, 4.36469690612e-06, 6.26771134193e-06, 1.78086759206e-06, 3.66689323528e-06, 2.70040300165e-06, 2.34650315178e-06, 5.24288316228e-06, 3.04555283037e-06, 8.20692093839e-07, 3.55261249751e-07, 7.73241708885e-07, 3.9721234657e-07, 3.40894899864e-07, 2.66860496367e-07, 7.90388767768e-08, 9.24936238711e-11],
        "stdev": [0.00038306042552, 0.00941709242761, 0.00093119032681, 0.000704455829691, 0.00143507542089, 0.00113573682029, 0.00124476640485, 0.00166180194356, 0.00325496541336, 0.00458305794746, 0.0026192010846, 0.00292896991596, 0.00206991541199, 0.00209440547042, 0.000888734357432, 0.000582068343647, 0.000916803022847, 0.000539658707567, 0.000793831772171, 0.000669272209052, 0.000360430276487, 0.000250093784416, 0.000284944864688, 0.000244351278525, 0.000162204756634, 6.15898024989e-05, 1.20486106425e-07]
    },
    "erbbands": {
        "max": [2.59414172173, 15.9127216339, 12.5418300629, 12.9678134918, 54.2562942505, 79.2310333252, 78.9296722412, 135.872131348, 261.380126953, 450.676513672, 399.65447998, 504.650299072, 2688.26538086, 590.846801758, 1132.28063965, 660.358093262, 738.364562988, 668.577209473, 1257.66333008, 425.290100098, 317.985931396, 604.800170898, 251.50151062, 260.251495361, 453.141113281, 149.668380737, 153.185073853, 121.826316833, 90.797668457, 86.3000869751, 109.871765137, 63.8053817749, 29.7953853607, 17.9382419586, 7.50530815125, 3.49991822243, 0.97108310461, 0.209318757057, 0.00371917895973, 0.000162567826919],
        "mean": [0.126545354724, 0.685096383095, 0.673134505749, 0.886660993099, 1.69316887856, 2.58107662201, 3.64431667328, 6.43154239655, 6.50401544571, 12.3580799103, 23.5004043579, 49.7452163696, 82.7162017822, 55.3367652893, 87.5305252075, 62.5174674988, 68.1173553467, 84.6412963867, 51.2038421631, 40.6931610107, 36.5845413208, 37.774936676, 30.3309135437, 20.4831123352, 24.6981487274, 16.3432235718, 12.1043863297, 11.8734483719, 9.70034694672, 6.65449810028, 6.583319664, 5.17189311981, 3.22338724136, 1.43914091587, 0.619563341141, 0.233774080873, 0.0420240536332, 0.00145027250983, 6.24010717729e-05, 3.47661843989e-05],
        "min": [1.692526439e-07, 1.59734190674e-06, 6.73025078868e-06, 3.21787156281e-05, 0.000533560058102, 0.00196174625307, 0.00358032155782, 0.00339318811893, 0.00925738271326, 0.0677722394466, 0.254920899868, 0.311647772789, 0.336313009262, 0.792434692383, 0.447879344225, 0.292066782713, 0.354760020971, 0.13413952291, 0.14262072742, 0.163435891271, 0.164089843631, 0.142267480493, 0.347792893648, 0.112461991608, 0.15344157815, 0.0414244793355, 0.022616321221, 0.0154459504411, 0.0249669197947, 0.0153119293973, 0.0121251679957, 0.00588737335056, 0.00719766691327, 0.00359007599764, 0.00183773948811, 0.000727054371964, 6.49370122119e-05, 1.73008550064e-06, 1.93047497987e-07, 1.62112527846e-07],
        "stdev": [0.331047743559, 1.94530820847, 1.41678786278, 1.66614854336, 3.64521932602, 5.5564994812, 6.97060823441, 12.0547199249, 19.2514152527, 27.845457077, 34.8323936462, 67.6301193237, 162.781967163, 70.8584213257, 146.118850708, 85.8645095825, 86.8495330811, 95.5726013184, 61.3568916321, 37.5414543152, 30.6882152557, 49.9718589783, 32.4127197266, 27.3707275391, 57.4929656982, 18.5919952393, 13.8900165558, 14.1335926056, 9.5032749176, 6.76183748245, 8.74972629547, 6.36264944077, 3.65191817284, 1.99864304066, 1.04615879059, 0.40835288167, 0.101048141718, 0.0080724703148, 0.000160345356562, 2.73530404229e-05]
    },
    "gfcc": {
        "mean": [6.29528236389, 36.4120941162, -179.129135132, 8.70242977142, -81.2684402466, 29.039308548, -42.2386741638, 16.1106815338, -24.5060214996, 2.01756930351, -20.391084671, -1.1109534502, -7.14899921417],
        "cov": [[3271.49389648, 1312.74060059, 1818.76013184, 1222.89733887, 668.960327148, 569.809448242, 272.025512695, 96.6908340454, 21.358455658, 310.039825439, 344.716766357, 177.521713257, 54.0353927612], [1312.74060059, 1309.88757324, 1334.22692871, 921.254943848, 547.02911377, 381.217559814, 177.784545898, 13.9168815613, -2.90482616425, 127.443954468, 184.514221191, 90.1243057251, 47.6597251892], [1818.76013184, 1334.22692871, 1994.25585938, 1239.80725098, 587.619689941, 450.73739624, 34.8556251526, 22.8669166565, 37.5788841248, 183.725860596, 144.921890259, 168.259185791, 55.0977401733], [1222.89733887, 921.254943848, 1239.80725098, 907.171630859, 422.85546875, 303.028747559, 73.8509063721, 22.8598804474, 49.3725891113, 127.640617371, 129.45350647, 83.025932312, 40.0672035217], [668.960327148, 547.02911377, 587.619689941, 422.85546875, 406.927825928, 264.123352051, 169.645217896, 77.5941772461, -33.3650817871, 79.9893951416, 76.2858123779, 52.7411651611, -13.9765405655], [569.809448242, 381.217559814, 450.73739624, 303.028747559, 264.123352051, 271.171356201, 171.022186279, 58.380645752, 1.32803297043, 71.3999557495, 66.5654754639, 43.5991401672, 14.6018762589], [272.025512695, 177.784545898, 34.8556251526, 73.8509063721, 169.645217896, 171.022186279, 265.355560303, 104.482139587, 7.30351018906, 51.0364608765, 50.6648521423, -5.02244901657, -8.17474365234], [96.6908340454, 13.9168815613, 22.8669166565, 22.8598804474, 77.5941772461, 58.380645752, 104.482139587, 112.467422485, 41.6352424622, 36.0320892334, 6.07763957977, -6.77642440796, -15.8229198456], [21.358455658, -2.90482616425, 37.5788841248, 49.3725891113, -33.3650817871, 1.32803297043, 7.30351018906, 41.6352424622, 126.782493591, 58.107131958, 14.4598503113, -1.01422464848, 28.5473136902], [310.039825439, 127.443954468, 183.725860596, 127.640617371, 79.9893951416, 71.3999557495, 51.0364608765, 36.0320892334, 58.107131958, 121.183288574, 74.4711074829, 37.4360313416, 10.5650148392], [344.716766357, 184.514221191, 144.921890259, 129.45350647, 76.2858123779, 66.5654754639, 50.6648521423, 6.07763957977, 14.4598503113, 74.4711074829, 138.830749512, 59.371421814, 25.4395198822], [177.521713257, 90.1243057251, 168.259185791, 83.025932312, 52.7411651611, 43.5991401672, -5.02244901657, -6.77642440796, -1.01422464848, 37.4360313416, 59.371421814, 92.4725418091, 32.1226005554], [54.0353927612, 47.6597251892, 55.0977401733, 40.0672035217, -13.9765405655, 14.6018762589, -8.17474365234, -15.8229198456, 28.5473136902, 10.5650148392, 25.4395198822, 32.1226005554, 70.2178726196]],
        "icov": [[0.00101711717434, 0.000750228704419, -0.00131365086418, -4.81840615976e-05, -0.000131910899654, 0.000205101605388, -0.00100457901135, 0.000222904025577, 0.000808410521131, -0.000522264803294, -0.00209971587174, 0.0014378716005, -0.000516429252457], [0.000750228704419, 0.00896124262363, -0.0081750517711, 0.0036664318759, -0.00943622086197, 0.00740381423384, -0.00847009196877, 0.0102551439777, -0.00487926602364, 0.00563846435398, -0.0100669432431, 0.00903193745762, -0.00377948652022], [-0.00131365086418, -0.0081750517711, 0.0142967673019, -0.0115488637239, 0.0105784097686, -0.0114149218425, 0.0120168980211, -0.0121922586113, 0.00734513951465, -0.00764476181939, 0.014056510292, -0.0133741125464, 0.00425198953599], [-4.81840615976e-05, 0.0036664318759, -0.0115488637239, 0.0164540167898, -0.0117211509496, 0.00796452909708, -0.0064293560572, 0.0109015563503, -0.0107784345746, 0.00752806756645, -0.0105257313699, 0.0107429791242, -0.00291138747707], [-0.000131910899654, -0.00943622086197, 0.0105784097686, -0.0117211509496, 0.025409437716, -0.0158579275012, 0.0090620694682, -0.0191107280552, 0.0157459955662, -0.0107171833515, 0.012342733331, -0.0129205696285, 0.00664784247056], [0.000205101605388, 0.00740381423384, -0.0114149218425, 0.00796452909708, -0.0158579275012, 0.0258302539587, -0.0174547210336, 0.0144721055403, -0.00809528678656, 0.00606249598786, -0.00851244665682, 0.00810368079692, -0.00631381943822], [-0.00100457901135, -0.00847009196877, 0.0120168980211, -0.0064293560572, 0.0090620694682, -0.0174547210336, 0.0233340151608, -0.019445663318, 0.00827966909856, -0.0069015705958, 0.00792466942221, -0.0059169344604, 0.00203763484024], [0.000222904025577, 0.0102551439777, -0.0121922586113, 0.0109015563503, -0.0191107280552, 0.0144721055403, -0.019445663318, 0.0371742583811, -0.0202938374132, 0.00969696883112, -0.0100087756291, 0.00943509489298, 0.00161516899243], [0.000808410521131, -0.00487926602364, 0.00734513951465, -0.0107784345746, 0.0157459955662, -0.00809528678656, 0.00827966909856, -0.0202938374132, 0.0285645760596, -0.0174395870417, 0.00864809192717, -0.00254668062553, -0.00667222635821], [-0.000522264803294, 0.00563846435398, -0.00764476181939, 0.00752806756645, -0.0107171833515, 0.00606249598786, -0.0069015705958, 0.00969696883112, -0.0174395870417, 0.0269959159195, -0.0149517441168, 0.00367545988411, 0.00302939140238], [-0.00209971587174, -0.0100669432431, 0.014056510292, -0.0105257313699, 0.012342733331, -0.00851244665682, 0.00792466942221, -0.0100087756291, 0.00864809192717, -0.0149517441168, 0.0311041157693, -0.0205404683948, 0.00318077136762], [0.0014378716005, 0.00903193745762, -0.0133741125464, 0.0107429791242, -0.0129205696285, 0.00810368079692, -0.0059169344604, 0.00943509489298, -0.00254668062553, 0.00367545988411, -0.0205404683948, 0.0341889038682, -0.0134087391198], [-0.000516429252457, -0.00377948652022, 0.00425198953599, -0.00291138747707, 0.00664784247056, -0.00631381943822, 0.00203763484024, 0.00161516899243, -0.00667222635821, 0.00302939140238, 0.00318077136762, -0.0134087391198, 0.0260048750788]]
    },
    "melbands": {
        "max": [0.0214445404708, 0.0115683423355, 0.00327789713629, 0.00456224940717, 0.003040071344, 0.00314964004792, 0.0035167413298, 0.00430105114356, 0.0034985432867, 0.00342864752747, 0.0136508727446, 0.0022394452244, 0.00302968523465, 0.00315021118149, 0.00272719818167, 0.00145393784624, 0.00144931406248, 0.00290615810081, 0.00111647683661, 0.000318997190334, 0.000378146476578, 0.000758674810641, 0.00024526915513, 0.000234148363234, 0.000244873197516, 0.000324318185449, 0.000362593040336, 7.25194622646e-05, 8.37544721435e-05, 0.000133599445689, 0.000107564039354, 5.35982544534e-05, 4.58975737274e-05, 5.03328592458e-05, 5.78130566282e-05, 7.0999856689e-05, 2.99225848721e-05, 2.246688382e-05, 1.53184228111e-05, 1.55731195264e-05],
        "mean": [0.00105946650729, 0.000526108022314, 0.000180053597433, 0.000148875420564, 0.000131412001792, 0.000140426229336, 9.53817725531e-05, 0.00015437566617, 0.000206256139791, 0.000335491524311, 0.000415663613239, 0.000218643384869, 0.000259840075159, 0.000226161122555, 0.000136573682539, 0.000160837706062, 0.000159794566571, 8.50472933962e-05, 6.33047820884e-05, 5.17938788107e-05, 4.0255519707e-05, 4.18889176217e-05, 3.04004715872e-05, 2.22513626795e-05, 1.5613173673e-05, 1.68698115885e-05, 1.79947110155e-05, 9.21581977309e-06, 7.38841481507e-06, 7.20942807675e-06, 6.82277232045e-06, 5.78802792006e-06, 4.36175059804e-06, 3.39128496307e-06, 3.66027529708e-06, 3.89188971894e-06, 2.87842408397e-06, 2.41813290813e-06, 1.68484291407e-06, 1.04819264379e-06],
        "min": [1.31455069052e-09, 2.16530460229e-09, 9.01531116426e-09, 7.53461293357e-08, 1.22965147398e-07, 7.28814555373e-08, 1.76861263412e-07, 6.61917795242e-07, 1.99048736249e-06, 1.9068961592e-06, 1.55047450789e-06, 2.45385945163e-06, 1.58909756465e-06, 8.11999882444e-07, 6.80127868691e-07, 5.46384228528e-07, 1.76915790462e-07, 1.99897314701e-07, 3.11603656655e-07, 1.44085532838e-07, 2.06530856417e-07, 9.71997309307e-08, 3.13338318847e-07, 2.47742065085e-07, 6.39867465679e-08, 1.49491228285e-07, 5.75004186487e-08, 1.92494962192e-08, 1.63856110902e-08, 6.06037220408e-09, 1.08618642969e-08, 1.42637386347e-08, 1.48823975366e-08, 5.64373703327e-09, 6.57399734649e-09, 6.00318950106e-09, 3.09436187784e-09, 5.3620330398e-09, 3.5626324113e-09, 2.78705236667e-09],
        "stdev": [0.00280122971162, 0.00127086648718, 0.000321252562571, 0.000307291251374, 0.0002465157595, 0.000260898377746, 0.000266395305516, 0.000329495320329, 0.000314799632179, 0.000473015999887, 0.000829663302284, 0.000299391511362, 0.000396829796955, 0.000379675184377, 0.000239414264797, 0.000223688926781, 0.000197667162865, 0.000131097083795, 7.77975656092e-05, 4.75908673252e-05, 4.09620552091e-05, 6.61871745251e-05, 3.0379898817e-05, 2.75149122899e-05, 2.37225467572e-05, 4.00548051402e-05, 4.12123699789e-05, 9.88450028672e-06, 8.52433549881e-06, 1.02815010905e-05, 8.42029203341e-06, 5.95570372752e-06, 4.51066171081e-06, 3.77755191039e-06, 4.89843387186e-06, 5.63005369258e-06, 3.52733968612e-06, 2.81640882349e-06, 2.16935950448e-06, 1.61757202477e-06]
    },
    "melbands128": {
        "max": [0.00263042841107, 0.0195775032043, 0.0355962850153, 0.0259646065533, 0.00984001625329, 0.00391604145989, 0.00307066412643, 0.00419526454061, 0.00667122518644, 0.00698819058016, 0.00499245384708, 0.0041827885434, 0.00375932687894, 0.00181826169137, 0.00319427810609, 0.00653650425375, 0.00691202096641, 0.00597963202745, 0.00275814393535, 0.00881515070796, 0.00573392817751, 0.00426176888868, 0.00681650545448, 0.00349993887357, 0.00333733600564, 0.00544246099889, 0.00712733808905, 0.0276512596756, 0.00804254133254, 0.00368500361219, 0.00433570332825, 0.00463453773409, 0.00406084768474, 0.00844437070191, 0.00558681692928, 0.00430261110887, 0.00314555247314, 0.00539051555097, 0.00403103744611, 0.00219409540296, 0.00276663620025, 0.00241132383235, 0.00235328846611, 0.00304258568212, 0.00855043996125, 0.00138556933962, 0.000785364129115, 0.00204451638274, 0.00109712174162, 0.000589679460973, 0.000547292060219, 0.000563357432839, 0.000789308862295, 0.000731991487555, 0.00147234729957, 0.00155378633644, 0.000583540007938, 0.000444128963863, 0.000590320501942, 0.000509404868353, 0.000438242452219, 0.000625486660283, 0.000190944498172, 0.000597744132392, 0.000389434426324, 0.000604410131928, 0.00062064640224, 0.000880671665072, 0.000343767984305, 0.00019053350843, 0.000180343849934, 0.000136127040605, 0.000151323969476, 0.00015505994088, 0.000137525610626, 0.000304835877614, 0.000117196352221, 0.000146133970702, 0.000161204967299, 0.000180430128239, 6.11768700765e-05, 0.000130831002025, 4.90772508783e-05, 5.39727952855e-05, 5.24579663761e-05, 3.99923519581e-05, 5.81536551181e-05, 5.74887817493e-05, 4.77600697195e-05, 6.70024237479e-05, 0.000140405332786, 5.61971719435e-05, 4.78263646073e-05, 3.38704703609e-05, 3.91207031498e-05, 2.80507465504e-05, 2.77896288026e-05, 1.93529867829e-05, 2.24241048272e-05, 2.22020462388e-05, 1.60974050232e-05, 2.09370191442e-05, 1.33593330247e-05, 1.39977028084e-05, 1.15494549391e-05, 1.72553682205e-05, 1.24873422465e-05, 6.30347994957e-06, 8.12947837403e-06, 5.66875269215e-06, 4.9122445489e-06, 4.78002948512e-06, 4.10315396948e-06, 4.49230174127e-06, 2.38912912209e-06, 4.66349365524e-06, 2.83262380663e-07, 2.86818846451e-10, 2.66157179629e-10, 2.37373343204e-10, 2.19906121091e-10, 2.07896297399e-10, 1.95255006608e-10, 1.86314852435e-10, 1.79533013456e-10, 1.73377368018e-10, 1.69135927486e-10, 1.67031902198e-10],
        "mean": [0.000157788395882, 0.00101392425131, 0.00153492437676, 0.000993225025013, 0.000415540358517, 0.000216686821659, 0.000166172947502, 0.00018863119476, 0.000174799220986, 0.000130316169816, 0.000145377736771, 0.000154007444507, 0.000123381847516, 0.000102097306808, 0.000160541982041, 0.000148907929542, 0.000125685721287, 7.19301242498e-05, 7.67465899116e-05, 0.000122807119624, 0.000228468998102, 0.000162738680956, 0.000200281632715, 0.000247212417889, 0.000272559205769, 0.000420852389652, 0.000375430361601, 0.000512735161465, 0.000353283423465, 0.000191314451513, 0.000199190079002, 0.000199576563318, 0.000190249076695, 0.000394343456719, 0.000315747631248, 0.000137950017233, 0.00013838520681, 0.000147443992319, 0.000124356447486, 0.000142353819683, 0.000193696876522, 0.000147678118083, 0.000151526619447, 0.000193912128452, 9.93813227979e-05, 6.23443484074e-05, 6.44726242172e-05, 7.77628083597e-05, 5.56583436264e-05, 4.06732906413e-05, 6.11764844507e-05, 5.31213008799e-05, 3.12865304295e-05, 4.05402570323e-05, 4.60828778159e-05, 4.55538465758e-05, 3.35695840477e-05, 3.10992800223e-05, 2.77405706584e-05, 3.36765588145e-05, 2.15338204725e-05, 1.44366631503e-05, 1.64011198649e-05, 1.67133111972e-05, 1.24972484628e-05, 1.91893577721e-05, 1.37173337862e-05, 2.60428823822e-05, 1.73785174411e-05, 1.04319324237e-05, 8.88096474227e-06, 9.43844679568e-06, 7.30168130758e-06, 6.97565974406e-06, 7.1724866757e-06, 7.80343088991e-06, 6.64369235892e-06, 7.11380016583e-06, 6.8307112997e-06, 6.7814266913e-06, 5.9822800722e-06, 5.5696182244e-06, 4.69370888823e-06, 4.49297021987e-06, 3.86462625102e-06, 3.28381247527e-06, 3.33817661158e-06, 3.28598844135e-06, 3.56615828423e-06, 3.94945618609e-06, 4.26999349656e-06, 3.88460739487e-06, 3.36771540788e-06, 2.73596629086e-06, 2.68673011306e-06, 2.61483251052e-06, 2.42173791776e-06, 2.07003608921e-06, 1.74438252998e-06, 1.47873447531e-06, 1.19259686926e-06, 9.36231856485e-07, 9.47786929828e-07, 7.44560509247e-07, 6.94140965152e-07, 6.28030704775e-07, 5.45416241948e-07, 4.30028620713e-07, 3.98089952114e-07, 3.35054380685e-07, 3.36069689411e-07, 2.13428194229e-07, 6.76267433164e-08, 3.2689754903e-08, 8.60052828955e-09, 6.42705311193e-09, 5.89443993615e-10, 4.82835993409e-12, 4.46299637871e-12, 4.30282675809e-12, 4.17104241771e-12, 4.07826983989e-12, 4.00547737339e-12, 3.90225091823e-12, 3.71209400024e-12, 3.43753627993e-12, 3.27986401059e-12, 3.24215220643e-12],
        "min": [3.07667988309e-11, 4.65748717371e-10, 3.14529402523e-10, 7.32347849031e-10, 6.35085151135e-10, 4.92985097189e-10, 1.91021620743e-09, 3.46840756116e-09, 8.13373457476e-09, 6.14831492385e-08, 5.99982996619e-08, 4.08853608747e-08, 4.80735700137e-08, 9.21140781429e-08, 6.40858459633e-08, 4.46035315349e-08, 3.66695331877e-08, 1.12826874954e-07, 1.48285209889e-07, 1.47973679532e-07, 5.95902349687e-07, 5.7600539094e-07, 8.43563839226e-07, 1.56063947543e-06, 9.79527158051e-07, 7.76383899392e-07, 7.4487280699e-07, 1.98363409254e-06, 9.2719147915e-07, 4.37319613411e-07, 2.29848652111e-07, 1.54280314746e-07, 6.05294232514e-08, 9.75514780066e-08, 1.92475354766e-07, 1.55239874289e-07, 2.00159433916e-07, 3.0984216437e-07, 1.51185631125e-07, 1.15454781735e-07, 1.1129052524e-07, 2.03407125809e-07, 1.56125040007e-07, 8.11162408354e-08, 1.75251500423e-07, 2.40008347419e-07, 1.53293512994e-07, 4.51922318234e-07, 3.32843598017e-07, 9.00471874843e-08, 1.3816156752e-07, 1.57047608695e-07, 2.24831069318e-07, 2.70284516546e-07, 6.28041973982e-08, 2.39320669948e-08, 1.4557595307e-07, 3.25224704056e-07, 2.76880314232e-07, 4.91189325658e-07, 2.92637906796e-07, 5.80474015521e-08, 1.87397279916e-08, 2.99795850367e-08, 5.65406885755e-08, 2.02139158745e-08, 2.01679775103e-08, 7.57695985953e-08, 3.91206889105e-08, 3.53571181222e-08, 1.96085423454e-08, 7.4914421333e-09, 1.94702529654e-08, 1.81798576193e-08, 1.52286876443e-08, 3.14730819184e-09, 3.97730159918e-09, 6.29501295535e-09, 7.00434421574e-09, 2.4928370479e-08, 9.65171143008e-09, 1.53044581452e-08, 1.12124132201e-08, 2.15485673749e-08, 9.70817914947e-09, 5.56364732063e-09, 5.0248591954e-09, 4.15437639845e-09, 5.18952747441e-09, 9.89571269372e-09, 8.52369375082e-09, 5.44192513274e-09, 1.09084274946e-09, 1.96843719102e-09, 4.96327956512e-09, 4.8644706041e-09, 4.06616296189e-09, 9.24619847353e-09, 1.24017462966e-09, 1.38785560821e-09, 6.2880061158e-09, 3.34861444129e-11, 4.32186925137e-12, 4.21075757595e-10, 1.52683449217e-10, 1.48933998467e-09, 1.05601005718e-09, 6.27226603989e-10, 1.05726247202e-10, 1.90571725067e-11, 3.13232014111e-12, 1.16884832976e-12, 8.51403799892e-13, 3.35747326208e-13, 3.43442613758e-13, 2.62406416041e-13, 3.23968797752e-13, 2.51680214213e-13, 3.00810754344e-13, 2.66252216672e-13, 2.77126764462e-13, 2.71217727096e-13, 2.78022261246e-13, 2.60825351118e-13, 2.15785898807e-13, 9.84559994839e-14, 1.31713885878e-14, 3.96468885207e-16],
        "stdev": [0.00036014453508, 0.00262412987649, 0.00446394970641, 0.00286258058622, 0.00101097661536, 0.0004450106062, 0.000360453588655, 0.000401341734687, 0.000421181641286, 0.000369814108126, 0.000354272429831, 0.000365673011402, 0.000297240068903, 0.000191662024008, 0.000346180808265, 0.00038603041321, 0.000465028424514, 0.000302806089167, 0.000220952249947, 0.000434438697994, 0.000550629862119, 0.000351710768882, 0.000427145452704, 0.000500155962072, 0.00044844407239, 0.000761962437537, 0.000707890139893, 0.00153055135161, 0.000785356154665, 0.000335254851962, 0.000363314116839, 0.000459026079625, 0.000335787772201, 0.000904926506337, 0.000733148248401, 0.000291112955892, 0.000293657911243, 0.000399999233196, 0.000291412929073, 0.000244294322329, 0.000353047915269, 0.000271125900326, 0.000241156682023, 0.000330502924044, 0.000358663499355, 9.59916505963e-05, 8.47635528771e-05, 0.000134998408612, 9.19943922781e-05, 5.96124918957e-05, 7.52369960537e-05, 6.63946120767e-05, 4.34992180089e-05, 7.19613744877e-05, 9.62684935075e-05, 0.000113381276606, 4.91559876536e-05, 4.50912157248e-05, 4.64505719719e-05, 5.38225540367e-05, 3.77632495656e-05, 3.44537656929e-05, 2.1580084649e-05, 4.33633613284e-05, 2.72728229902e-05, 5.99828490522e-05, 3.78253607778e-05, 8.50354626891e-05, 4.13495690736e-05, 1.59370720212e-05, 1.29739028125e-05, 1.27223256641e-05, 1.06141478682e-05, 1.11147219286e-05, 1.21130788102e-05, 1.65973451658e-05, 9.60597935773e-06, 1.197347774e-05, 1.03516076706e-05, 1.03106394818e-05, 6.97194627719e-06, 7.28341910872e-06, 5.5761161093e-06, 5.53144491278e-06, 4.29449028161e-06, 3.91998219129e-06, 4.34639559899e-06, 4.38606002717e-06, 5.02023931404e-06, 6.34497064311e-06, 7.87678527558e-06, 6.18914600636e-06, 4.96531629324e-06, 3.82280950362e-06, 3.70993643628e-06, 3.35181175615e-06, 3.19933428727e-06, 2.7502796911e-06, 2.65596031568e-06, 2.20642573368e-06, 1.881588787e-06, 1.66177812844e-06, 1.74843216882e-06, 1.36422556807e-06, 1.3095717577e-06, 1.27860732846e-06, 1.19608068871e-06, 7.9443583445e-07, 7.84412634403e-07, 5.92725996285e-07, 5.92690639678e-07, 4.40934769586e-07, 4.07555205584e-07, 2.52141575174e-07, 1.14397060713e-07, 1.53749525111e-07, 9.62294688378e-09, 1.15597522873e-11, 1.0656826116e-11, 9.79690981118e-12, 9.24878056086e-12, 8.85885635682e-12, 8.47073799992e-12, 8.18502991079e-12, 7.9635308764e-12, 7.77573058025e-12, 7.64529325264e-12, 7.57523037354e-12]
    },
    "mfcc": {
        "mean": [-614.519042969, 67.8733978271, -42.1324577332, -20.1414794922, -15.7750682831, -0.603918552399, -6.11394023895, 5.12168741226, 2.78903365135, 2.67419624329, -2.88328409195, -1.17362260818, -7.4010887146],
        "cov": [[2446.16918945, 647.303039551, 1115.9465332, 748.126403809, 547.49230957, 525.672485352, 478.433807373, 107.906433105, 27.092086792, 95.0525894165, 182.821640015, 240.920593262, 131.898330688], [647.303039551, 743.032348633, 715.289550781, 530.227294922, 419.306304932, 370.030273438, 329.674591064, 107.904693604, 34.8823127747, 2.88198471069, 85.0530929565, 97.1199951172, 72.552116394], [1115.9465332, 715.289550781, 1554.49291992, 888.127685547, 717.495117188, 512.699584961, 202.245132446, 68.6785964966, 68.1903839111, -2.4250202179, 33.0107841492, 171.999221802, 95.7531585693], [748.126403809, 530.227294922, 888.127685547, 666.383361816, 478.981262207, 347.338500977, 210.234527588, 74.7866287231, 44.300693512, 30.1869049072, 59.920917511, 118.438400269, 70.5997390747], [547.49230957, 419.306304932, 717.495117188, 478.981262207, 460.313415527, 288.387451172, 171.170028687, 64.41381073, 33.7971191406, -1.56862294674, 36.1166305542, 77.931137085, 57.7024078369], [525.672485352, 370.030273438, 512.699584961, 347.338500977, 288.387451172, 324.120300293, 228.389358521, 82.765625, 58.4191513062, 18.8833045959, 62.3826522827, 87.3704986572, 37.9037971497], [478.433807373, 329.674591064, 202.245132446, 210.234527588, 171.170028687, 228.389358521, 341.889099121, 128.972915649, 38.7304840088, 31.4879016876, 100.417266846, 46.9439735413, 31.5514507294], [107.906433105, 107.904693604, 68.6785964966, 74.7866287231, 64.41381073, 82.765625, 128.972915649, 113.492218018, 53.1147155762, 26.8959579468, 41.5677261353, 9.04466438293, 12.1612081528], [27.092086792, 34.8823127747, 68.1903839111, 44.300693512, 33.7971191406, 58.4191513062, 38.7304840088, 53.1147155762, 116.190750122, 61.1572189331, 22.9605350494, 17.5434341431, 11.4246921539], [95.0525894165, 2.88198471069, -2.4250202179, 30.1869049072, -1.56862294674, 18.8833045959, 31.4879016876, 26.8959579468, 61.1572189331, 103.805076599, 51.4804000854, 18.9241485596, 17.2466373444], [182.821640015, 85.0530929565, 33.0107841492, 59.920917511, 36.1166305542, 62.3826522827, 100.417266846, 41.5677261353, 22.9605350494, 51.4804000854, 100.536483765, 46.2660636902, 26.2400150299], [240.920593262, 97.1199951172, 171.999221802, 118.438400269, 77.931137085, 87.3704986572, 46.9439735413, 9.04466438293, 17.5434341431, 18.9241485596, 46.2660636902, 107.436203003, 50.8728713989], [131.898330688, 72.552116394, 95.7531585693, 70.5997390747, 57.7024078369, 37.9037971497, 31.5514507294, 12.1612081528, 11.4246921539, 17.2466373444, 26.2400150299, 50.8728713989, 71.9041290283]],
        "icov": [[0.00101773545612, 0.000527157681063, -0.000800765759777, -9.57140437094e-05, 0.000253268633969, 5.40838700545e-05, -0.0017479545204, 0.000765366305131, 0.00088972679805, -0.000980870216154, 4.57305468444e-05, -0.000803203496616, -0.000187181023648], [0.000527157681063, 0.00533716101199, -0.000805922609288, -0.00217820075341, 6.55819094391e-05, -0.00114070123527, -0.00374905904755, 0.00140012963675, 0.000208554047276, 0.00137307029217, -0.000792638340499, 0.00112107722089, -0.00204976997338], [-0.000800765759777, -0.000805922609288, 0.00492394622415, -0.00310746114701, -0.00237720971927, -0.00273450789973, 0.00390544673428, -0.000593278207816, -0.00118921720423, 0.00151687208563, 0.000781056820415, -0.000113365837024, 0.000132159344503], [-9.57140437094e-05, -0.00217820075341, -0.00310746114701, 0.0109700895846, -0.00453101471066, 0.000401592784328, -0.000271073367912, -0.00107447977643, 0.00253316597082, -0.00480445986614, 0.00126890826505, -0.0026504797861, 0.00162759935483], [0.000253268633969, 6.55819094391e-05, -0.00237720971927, -0.00453101471066, 0.0120770474896, -0.00273612514138, -0.000349004927557, -0.000378460797947, -5.99164595769e-05, 0.00245510018431, -0.00112195161637, 0.00362831796519, -0.00368548650295], [5.40838700545e-05, -0.00114070123527, -0.00273450789973, 0.000401592784328, -0.00273612514138, 0.0176575239748, -0.00828383117914, 0.00207278761081, -0.00484910001978, 0.00115857389756, 0.00108960829675, -0.00636760471389, 0.00507106073201], [-0.0017479545204, -0.00374905904755, 0.00390544673428, -0.000271073367912, -0.000349004927557, -0.00828383117914, 0.0168321654201, -0.00952697079629, 0.00209305644967, 0.00148084887769, -0.00516713084653, 0.00362231163308, -0.000438130286057], [0.000765366305131, 0.00140012963675, -0.000593278207816, -0.00107447977643, -0.000378460797947, 0.00207278761081, -0.00952697079629, 0.021664980799, -0.00861187558621, 0.00254749204032, -0.00259329471737, 0.00291273696348, -0.00160152837634], [0.00088972679805, 0.000208554047276, -0.00118921720423, 0.00253316597082, -5.99164595769e-05, -0.00484910001978, 0.00209305644967, -0.00861187558621, 0.0198756530881, -0.0126998852938, 0.00457402644679, -0.00240250630304, 0.000315021723509], [-0.000980870216154, 0.00137307029217, 0.00151687208563, -0.00480445986614, 0.00245510018431, 0.00115857389756, 0.00148084887769, 0.00254749204032, -0.0126998852938, 0.0235815960914, -0.0116394804791, 0.00473154848441, -0.00328878220171], [4.57305468444e-05, -0.000792638340499, 0.000781056820415, 0.00126890826505, -0.00112195161637, 0.00108960829675, -0.00516713084653, -0.00259329471737, 0.00457402644679, -0.0116394804791, 0.0244080685079, -0.00946114491671, 0.00131344620604], [-0.000803203496616, 0.00112107722089, -0.000113365837024, -0.0026504797861, 0.00362831796519, -0.00636760471389, 0.00362231163308, 0.00291273696348, -0.00240250630304, 0.00473154848441, -0.00946114491671, 0.0234319362789, -0.0124204205349], [-0.000187181023648, -0.00204976997338, 0.000132159344503, 0.00162759935483, -0.00368548650295, 0.00507106073201, -0.000438130286057, -0.00160152837634, 0.000315021723509, -0.00328878220171, 0.00131344620604, -0.0124204205349, 0.0243394840509]]
    },
    "spectral_contrast_coeffs": {
        "max": [-0.323518395424, -0.486064404249, -0.533380150795, -0.613843560219, -0.611631453037, -0.585992217064],
        "mean": [-0.726917266846, -0.744777977467, -0.753738701344, -0.784796833992, -0.786662101746, -0.739014208317],
        "min": [-0.917899310589, -0.915479719639, -0.886524856091, -0.908191204071, -0.860477030277, -0.846093952656],
        "stdev": [0.0857793837786, 0.0718268454075, 0.066217109561, 0.0500636398792, 0.0387699492276, 0.0337084643543]
    },
    "spectral_contrast_valleys": {
        "max": [-5.36352300644, -5.4516043663, -5.13339662552, -5.61027479172, -5.9714179039, -7.75582504272],
        "mean": [-8.27231311798, -6.87821531296, -6.57932138443, -6.78813552856, -7.04924058914, -9.69623088837],
        "min": [-12.3764896393, -8.99742603302, -8.48035812378, -8.79879283905, -9.3051815033, -11.958070755],
        "stdev": [1.71733427048, 0.56734842062, 0.552883327007, 0.449400365353, 0.399621725082, 0.605481207371]
    }
},
"rhythm": {
    "beats_count": 44,
    "beats_loudness": {
        "max": 0.103238239884,
        "mean": 0.0358082093298,
        "min": 0.0037516686134,
        "stdev": 0.0258860848844
    },
    "bpm": 128.406845093,
    "bpm_histogram_first_peak_bpm": 129,
    "bpm_histogram_first_peak_weight": 0.516129016876,
    "bpm_histogram_second_peak_bpm": 123,
    "bpm_histogram_second_peak_spread": 0.250000059605,
    "bpm_histogram_second_peak_weight": 0.209302321076,
    "danceability": 1.02649235725,
    "onset_rate": 1.86233103275,
    "beats_loudness_band_ratio": {
        "max": [0.798528313637, 0.445924758911, 0.630283534527, 0.635439693928, 0.57193428278, 0.277195692062],
        "mean": [0.263454318047, 0.0339191704988, 0.208489269018, 0.283435255289, 0.162859812379, 0.0740455538034],
        "min": [1.38889154186e-05, 0.000327820889652, 0.0354422219098, 0.0300178844482, 0.0282995700836, 0.0190032161772],
        "stdev": [0.28363391757, 0.0688275024295, 0.173259466887, 0.159310355783, 0.132419273257, 0.0525665320456]
    },
    "beats_position": [0.49922901392, 0.99845802784, 1.47446703911, 1.95047616959, 2.41487526894, 2.87927436829, 3.33206343651, 3.78485250473, 4.2492518425, 4.71365070343, 5.17804956436, 5.64244890213, 6.09523820877, 6.5596370697, 7.01242637634, 7.47682523727, 7.94122457504, 8.40562343597, 8.87002277374, 9.33442115784, 9.79882049561, 10.2632198334, 10.7508392334, 11.2384576797, 11.7260770798, 12.2136955261, 12.7013149261, 13.177324295, 13.6765527725, 14.1757822037, 14.66340065, 15.1277999878, 15.6038093567, 16.0798187256, 16.5558280945, 17.031835556, 17.5078449249, 17.9838542938, 18.4714736938, 18.9590930939, 19.4351024628, 19.9111099243, 20.3871192932, 20.8747386932],
