{
"metadata": {
    "version": {
        "essentia": "2.1-beta5",
        "essentia_git_sha": "Undefined",
        "extractor": "music 2.0"
    },
    "audio_properties": {
        "analysis": {
            "equal_loudness": 0,
            "length": 38.823764801,
            "sample_rate": 44100,
            "start_time": 158.998641968,
            "downmix": "mix"
        },
        "bit_rate": 192000,
        "length": 197.845626831,
        "lossless": 0,
        "number_channels": 2,
        "replay_gain": -1.80162811279,
        "sample_rate": 48000,
        "codec": "mp3",
        "md5_encoded": "2696fc144d76263f776dfb6a066c7f3c"
    },
    "tags": {
        "file_name": "Italy_Grande Amore_Il Volo.mp3",
        "encoding": ["Lavf58.29.100"]
    }
},
"lowlevel": {
    "average_loudness": 0.920858740807,
    "barkbands_crest": {
        "max": 21.8145275116,
        "mean": 7.7761631012,
        "min": 2.75801563263,
        "stdev": 2.7889175415
    },
    "barkbands_flatness_db": {
        "max": 0.273971527815,
        "mean": 0.137697860599,
        "min": 0.0405510701239,
        "stdev": 0.0489481054246
    },
    "barkbands_kurtosis": {
        "max": 13.9728660583,
        "mean": 0.744321405888,
        "min": -1.7898004055,
        "stdev": 1.6665661335
    },
    "barkbands_skewness": {
        "max": 3.27967238426,
        "mean": 0.8946377635,
        "min": -0.666519105434,
        "stdev": 0.614115297794
    },
    "barkbands_spread": {
        "max": 90.6640625,
        "mean": 21.7479286194,
        "min": 4.995449543,
        "stdev": 11.3305015564
    },
    "dissonance": {
        "max": 0.500000178814,
        "mean": 0.480984926224,
        "min": 0.368257075548,
        "stdev": 0.016188826412
    },
    "dynamic_complexity": 1.69873845577,
    "erbbands_crest": {
        "max": 28.5940303802,
        "mean": 9.15861225128,
        "min": 2.81145882607,
        "stdev": 3.38320374489
    },
    "erbbands_flatness_db": {
        "max": 0.331372201443,
        "mean": 0.197425976396,
        "min": 0.0330137908459,
        "stdev": 0.0620189905167
    },
    "erbbands_kurtosis": {
        "max": 18.9971466064,
        "mean": 0.659703433514,
        "min": -1.60273146629,
        "stdev": 1.25612843037
    },
    "erbbands_skewness": {
        "max": 2.54520606995,
        "mean": 0.421576678753,
        "min": -3.39735889435,
        "stdev": 0.719925880432
    },
    "erbbands_spread": {
        "max": 112.530471802,
        "mean": 25.18201828,
        "min": 6.95085859299,
        "stdev": 11.81112957
    },
    "hfc": {
        "max": 99.4613723755,
        "mean": 34.3231010437,
        "min": 1.92085758499e-06,
        "stdev": 14.6484365463
    },
    "loudness_ebu128": {
        "integrated": -20.0299167633,
        "loudness_range": 4.30067253113,
        "momentary": {
            "max": -16.3182525635,
            "mean": -20.3378639221,
            "min": -25.7608966827,
            "stdev": 1.68839144707
        },
        "short_term": {
            "max": -17.7769737244,
            "mean": -20.1497707367,
            "min": -22.7806491852,
            "stdev": 1.3667550087
        }
    },
    "melbands_crest": {
        "max": 30.8024120331,
        "mean": 10.9180240631,
        "min": 3.77604103088,
        "stdev": 3.78434634209
    },
    "melbands_flatness_db": {
        "max": 0.266464650631,
        "mean": 0.152064889669,
        "min": 0.0551652796566,
        "stdev": 0.0282071586698
    },
    "melbands_kurtosis": {
        "max": 46.1295318604,
        "mean": 3.91516232491,
        "min": -1.63613533974,
        "stdev": 4.12262535095
    },
    "melbands_skewness": {
        "max": 6.4567155838,
        "mean": 1.60129630566,
        "min": 0.0215777419508,
        "stdev": 0.799123108387
    },
    "melbands_spread": {
        "max": 108.262168884,
        "mean": 28.0367355347,
        "min": 5.74148893356,
        "stdev": 13.4526052475
    },
    "pitch_salience": {
        "max": 0.875819504261,
        "mean": 0.639525175095,
        "min": 0.274441689253,
        "stdev": 0.102279596031
    },
    "silence_rate_20dB": {
        "max": 1,
        "mean": 1,
        "min": 1,
        "stdev": 0
    },
    "silence_rate_30dB": {
        "max": 1,
        "mean": 1,
        "min": 1,
        "stdev": 0
    },
    "silence_rate_60dB": {
        "max": 1,
        "mean": 0.00119545729831,
        "min": 0,
        "stdev": 0.0345547124743
    },
    "spectral_centroid": {
        "max": 3863.14233398,
        "mean": 1641.35717773,
        "min": 585.416320801,
        "stdev": 265.136871338
    },
    "spectral_complexity": {
        "max": 49,
        "mean": 28.7053203583,
        "min": 0,
        "stdev": 6.18230199814
    },
    "spectral_decrease": {
        "max": -3.15774068025e-16,
        "mean": -7.15706915955e-09,
        "min": -2.74870242123e-08,
        "stdev": 3.37323458055e-09
    },
    "spectral_energy": {
        "max": 0.11276384443,
        "mean": 0.0301256943494,
        "min": 1.36603217626e-09,
        "stdev": 0.013794564642
    },
    "spectral_energyband_high": {
        "max": 0.00715414388105,
        "mean": 0.000811895763036,
        "min": 1.39448994019e-10,
        "stdev": 0.000587565766182
    },
    "spectral_energyband_low": {
        "max": 0.0519467182457,
        "mean": 0.00425008917227,
        "min": 6.14562956081e-10,
        "stdev": 0.00643699197099
    },
    "spectral_energyband_middle_high": {
        "max": 0.0866415128112,
        "mean": 0.0155550027266,
        "min": 1.99862470324e-11,
        "stdev": 0.00971777923405
    },
    "spectral_energyband_middle_low": {
        "max": 0.0742189958692,
        "mean": 0.0110994735733,
        "min": 4.33943263267e-11,
        "stdev": 0.00666332477704
    },
    "spectral_entropy": {
        "max": 8.93534564972,
        "mean": 7.78435850143,
        "min": 7.08755874634,
        "stdev": 0.169092774391
    },
    "spectral_flux": {
        "max": 0.225969865918,
        "mean": 0.104746676981,
        "min": 0.00159880763385,
        "stdev": 0.0283888839185
    },
    "spectral_kurtosis": {
        "max": 12.4872598648,
        "mean": 4.72719049454,
        "min": -0.567860364914,
        "stdev": 1.48657393456
    },
    "spectral_rms": {
        "max": 0.0104887327179,
        "mean": 0.00528045976534,
        "min": 1.15443242521e-06,
        "stdev": 0.00122785428539
    },
    "spectral_rolloff": {
        "max": 9496.14257812,
        "mean": 1968.28674316,
        "min": 129.19921875,
        "stdev": 776.458374023
    },
    "spectral_skewness": {
        "max": 2.54863262177,
        "mean": 1.67864334583,
        "min": 0.456730514765,
        "stdev": 0.224191352725
    },
    "spectral_spread": {
        "max": 11750849,
        "mean": 4112903,
        "min": 2771320.75,
        "stdev": 957332.1875
    },
    "spectral_strongpeak": {
        "max": 8.26819896698,
        "mean": 1.46472895145,
        "min": 0,
        "stdev": 1.31782329082
    },
    "zerocrossingrate": {
        "max": 0.236328125,
        "mean": 0.0753333643079,
        "min": 0.0234375,
        "stdev": 0.0195672232658
    },
    "barkbands": {
        "max": [0.00438349880278, 0.0454241521657, 0.0323011353612, 0.0201203301549, 0.0157469641417, 0.0107618486509, 0.00969096459448, 0.00929628219455, 0.047397442162, 0.0757081359625, 0.014252576977, 0.0217500850558, 0.0188464187086, 0.0200839545578, 0.0146426530555, 0.0102203860879, 0.00908851251006, 0.00415382068604, 0.00498494738713, 0.0012957432773, 0.00105406309012, 0.00100944144651, 0.00184492976405, 0.00325400219299, 0.00178690883331, 0.000869047071319, 1.38422255986e-05],
        "mean": [0.000155076981173, 0.0024523253087, 0.00116764311679, 0.00115386513062, 0.00116016017273, 0.00108460977208, 0.000616613018792, 0.00068466248922, 0.00433673895895, 0.00600537518039, 0.00157672574278, 0.00111924053635, 0.00108005746733, 0.00189105526078, 0.00144748028833, 0.000956431787927, 0.00116758118384, 0.00072035449557, 0.000443291995907, 0.000185759039596, 0.000176950765308, 0.000161257295986, 0.000123372548842, 0.00013424581266, 8.13473452581e-05, 4.33912937297e-05, 4.58910029977e-08],
        "min": [1.25934818129e-10, 2.12410020128e-10, 2.57848638274e-11, 7.88757253956e-12, 1.46068122875e-11, 6.02513351711e-12, 6.53018524671e-12, 4.19788899822e-12, 3.16547092358e-12, 1.28719886312e-12, 3.11645566124e-13, 2.37274262738e-12, 3.37834122656e-12, 4.33479294126e-12, 1.42972732178e-12, 4.96414975099e-13, 1.01165885565e-12, 1.481892083e-12, 2.75356148473e-12, 3.16923895981e-12, 4.8680759944e-12, 6.52219511038e-12, 1.50512380337e-11, 1.16248356427e-11, 1.71333537635e-11, 3.28126414928e-11, 5.21273926801e-11],
        "stdev": [0.000391889188904, 0.00459644617513, 0.00232681166381, 0.0019515727181, 0.00164526526351, 0.0014920491958, 0.00101220223587, 0.000773902400397, 0.00433708261698, 0.00656972033903, 0.0019262052374, 0.0015269073192, 0.00116659142077, 0.0019273601938, 0.00156556221191, 0.000911027367692, 0.000890492636245, 0.0005591782392, 0.000371967762476, 0.000124983562273, 0.000118815718452, 0.00011960149277, 0.000137772134622, 0.000189174359548, 0.00011719379836, 6.49178982712e-05, 5.37557411917e-07]
    },
    "erbbands": {
        "max": [1.76888167858, 11.8562021255, 26.5078639984, 42.9058113098, 85.2929229736, 46.8919906616, 94.6446456909, 124.243865967, 160.398178101, 266.165161133, 172.174957275, 908.25793457, 1283.87939453, 2080.42382812, 618.06072998, 1118.37744141, 792.43359375, 592.584594727, 849.648071289, 892.004394531, 404.25579834, 430.171356201, 245.279815674, 335.802490234, 82.2461090088, 58.307434082, 43.8421592712, 42.4331207275, 36.5621528625, 47.0915260315, 52.0796661377, 52.7391014099, 45.9345436096, 25.2445411682, 9.31420898438, 4.81975317001, 1.42178583145, 0.124948553741, 0.00230570440181, 0.000136840157211],
        "mean": [0.0678052529693, 0.54381519556, 1.28749215603, 2.74421143532, 4.19487142563, 3.56147313118, 4.31691455841, 12.0527515411, 9.4728679657, 11.4739255905, 19.8625221252, 96.6631317139, 187.90335083, 125.597984314, 63.941368103, 43.3379249573, 49.209400177, 77.2333908081, 104.865219116, 62.7324981689, 50.4698829651, 65.3681869507, 43.8164596558, 31.476606369, 15.0377883911, 8.76688098907, 7.4626326561, 6.82761764526, 5.98808288574, 4.51847219467, 3.36994791031, 2.7179620266, 2.21767997742, 1.04857373238, 0.519048452377, 0.283142358065, 0.0607486851513, 0.00218894192949, 8.01451751613e-05, 4.26780825364e-05],
        "min": [1.41831861811e-08, 2.59022900906e-08, 3.43191359775e-08, 2.91403559061e-08, 3.67375569965e-08, 5.12983078238e-08, 4.4881659278e-08, 5.40562723472e-08, 8.62510560751e-08, 1.0125265959e-07, 8.04353845751e-08, 8.26929635878e-08, 5.79376013832e-08, 1.64845701534e-08, 4.8996433577e-08, 6.78168845525e-08, 1.16447580467e-07, 3.12135000513e-07, 6.3475468437e-08, 6.23719955684e-08, 3.09406509302e-08, 6.34347827599e-08, 8.36380777969e-08, 9.17045426263e-08, 1.62116862157e-07, 1.46589712813e-07, 1.27041474229e-07, 2.60081634451e-07, 2.12893993989e-07, 2.80562147736e-07, 4.46295302936e-07, 2.79256710201e-07, 1.99114964516e-07, 1.20251712588e-07, 1.62393206438e-07, 1.20221244515e-07, 5.35020809878e-08, 3.19162225537e-08, 7.74985231544e-09, 6.53172183007e-10],
        "stdev": [0.143328353763, 1.06668961048, 2.38517379761, 4.5239276886, 6.69229507446, 5.32084369659, 6.48405361176, 17.258436203, 15.3376522064, 17.2747497559, 18.1969814301, 96.05834198, 182.528030396, 170.749649048, 76.0479507446, 57.4554328918, 51.7511482239, 63.7085456848, 118.392181396, 68.9838256836, 39.5929946899, 49.3519935608, 31.6845588684, 27.5710887909, 9.77986431122, 5.56987714767, 5.04834127426, 4.60108184814, 4.44645118713, 3.84087991714, 3.97852730751, 3.89113116264, 3.16064667702, 1.49026489258, 0.782903432846, 0.387764811516, 0.110946305096, 0.00709797907621, 0.000142346005305, 1.82227249752e-05]
    },
    "gfcc": {
        "mean": [24.1513061523, 49.1188583374, -171.60559082, 4.95607089996, -72.1117858887, 21.9828357697, -43.7253112793, 21.7736282349, -24.4132919312, -1.12331044674, -25.7504138947, -0.235358044505, -8.52087306976],
        "cov": [[2194.25439453, 1381.94213867, 1446.8671875, 946.202575684, 641.824157715, 169.782516479, -101.735237122, 87.3519210815, -1.05644607544, 43.5078620911, 55.1481437683, 57.3375320435, -77.7134017944], [1381.94213867, 2224.61767578, 2173.62036133, 1500.62792969, 994.368896484, 192.976989746, -87.4175796509, 56.9711608887, 43.530456543, 94.5420913696, 162.210464478, 69.5131454468, -46.8103256226], [1446.8671875, 2173.62036133, 2788.23120117, 1761.16687012, 1095.59912109, 204.385452271, -222.683273315, 57.3323822021, 29.2545833588, 194.755737305, 163.110733032, 141.375411987, -84.5363540649], [946.202575684, 1500.62792969, 1761.16687012, 1258.05908203, 750.512268066, 136.451141357, -141.958892822, 37.2772636414, 52.1612319946, 109.728485107, 123.33366394, 73.8536529541, -27.8149929047], [641.824157715, 994.368896484, 1095.59912109, 750.512268066, 574.001159668, 113.890991211, -58.6352615356, 64.0682220459, 41.7538871765, 61.496673584, 63.4896583557, 47.5624847412, -35.0105705261], [169.782516479, 192.976989746, 204.385452271, 136.451141357, 113.890991211, 104.884025574, 52.5209922791, 34.805355072, 4.55877590179, 5.95167016983, 11.123793602, -7.16442060471, -11.3517284393], [-101.735237122, -87.4175796509, -222.683273315, -141.958892822, -58.6352615356, 52.5209922791, 162.547058105, 37.0592918396, -10.2526817322, -22.9578514099, -18.0812797546, -24.4783420563, 3.55753827095], [87.3519210815, 56.9711608887, 57.3323822021, 37.2772636414, 64.0682220459, 34.805355072, 37.0592918396, 76.2082366943, 32.8815422058, 7.27704668045, 3.63780879974, 3.28735232353, -1.1174955368], [-1.05644607544, 43.530456543, 29.2545833588, 52.1612319946, 41.7538871765, 4.55877590179, -10.2526817322, 32.8815422058, 77.5063323975, 26.4753780365, 7.71367311478, 3.74294161797, 15.830868721], [43.5078620911, 94.5420913696, 194.755737305, 109.728485107, 61.496673584, 5.95167016983, -22.9578514099, 7.27704668045, 26.4753780365, 75.8201293945, 26.115278244, 18.5003929138, -0.594028115273], [55.1481437683, 162.210464478, 163.110733032, 123.33366394, 63.4896583557, 11.123793602, -18.0812797546, 3.63780879974, 7.71367311478, 26.115278244, 73.7977218628, 33.54139328, 8.49353790283], [57.3375320435, 69.5131454468, 141.375411987, 73.8536529541, 47.5624847412, -7.16442060471, -24.4783420563, 3.28735232353, 3.74294161797, 18.5003929138, 33.54139328, 66.7475204468, 11.4436311722], [-77.7134017944, -46.8103256226, -84.5363540649, -27.8149929047, -35.0105705261, -11.3517284393, 3.55753827095, -1.1174955368, 15.830868721, -0.594028115273, 8.49353790283, 11.4436311722, 54.4546012878]],
        "icov": [[0.00102206331212, -0.00118468876462, 0.000611563853454, -0.000442654767539, 0.000998507719487, -0.00158700940665, 0.00170249410439, -0.00196983432397, 0.00129958591424, -0.000716525362805, 0.00184570520651, -0.00158028642181, 0.000981602584943], [-0.00118468876462, 0.00627004774287, -0.0035966176074, 0.000279889529338, -0.00551636097953, 0.00500113097951, -0.00620929803699, 0.00579646695405, -0.00391903799027, 0.00566417677328, -0.00750589650124, 0.00659138197079, -0.0027341383975], [0.000611563853454, -0.0035966176074, 0.00809327885509, -0.00710564665496, 0.00202240631916, -0.00484579056501, 0.00551377981901, -0.00510924961418, 0.00743700424209, -0.00857749674469, 0.00755157414824, -0.00841755233705, 0.00487619638443], [-0.000442654767539, 0.000279889529338, -0.00710564665496, 0.0132221188396, -0.00501597067341, 0.00162441737484, -0.00117222627159, 0.00543826352805, -0.00637002615258, 0.00487835612148, -0.00669950107113, 0.00693888403475, -0.00587458116934], [0.000998507719487, -0.00551636097953, 0.00202240631916, -0.00501597067341, 0.0161362867802, -0.00661926250905, 0.00551288295537, -0.00975219439715, 0.00176993769128, -0.00303247570992, 0.00803415477276, -0.00779771478847, 0.00553281791508], [-0.00158700940665, 0.00500113097951, -0.00484579056501, 0.00162441737484, -0.00661926250905, 0.0243913307786, -0.0132726766169, 0.00296508218162, -0.00410402240232, 0.00598738016561, -0.00945700332522, 0.0106790037826, -0.00241255620494], [0.00170249410439, -0.00620929803699, 0.00551377981901, -0.00117222627159, 0.00551288295537, -0.0132726766169, 0.0190313030034, -0.012119741179, 0.00913625769317, -0.00686468789354, 0.00892089959234, -0.00651852134615, 0.00158595584799], [-0.00196983432397, 0.00579646695405, -0.00510924961418, 0.00543826352805, -0.00975219439715, 0.00296508218162, -0.012119741179, 0.0315029397607, -0.016456766054, 0.00760031957179, -0.0087936334312, 0.00532217090949, -0.00207560975105], [0.00129958591424, -0.00391903799027, 0.00743700424209, -0.00637002615258, 0.00176993769128, -0.00410402240232, 0.00913625769317, -0.016456766054, 0.0289581362158, -0.0144364181906, 0.00854392163455, -0.00471666874364, -0.00279234023765], [-0.000716525362805, 0.00566417677328, -0.00857749674469, 0.00487835612148, -0.00303247570992, 0.00598738016561, -0.00686468789354, 0.00760031957179, -0.0144364181906, 0.0284527447075, -0.0130755268037, 0.00724370637909, -0.0020501750987], [0.00184570520651, -0.00750589650124, 0.00755157414824, -0.00669950107113, 0.00803415477276, -0.00945700332522, 0.00892089959234, -0.0087936334312, 0.00854392163455, -0.0130755268037, 0.0323219746351, -0.0190397184342, 0.00324697815813], [-0.00158028642181, 0.00659138197079, -0.00841755233705, 0.00693888403475, -0.00779771478847, 0.0106790037826, -0.00651852134615, 0.00532217090949, -0.00471666874364, 0.00724370637909, -0.0190397184342, 0.0333795174956, -0.010959316045], [0.000981602584943, -0.0027341383975, 0.00487619638443, -0.00587458116934, 0.00553281791508, -0.00241255620494, 0.00158595584799, -0.00207560975105, -0.00279234023765, -0.0020501750987, 0.00324697815813, -0.010959316045, 0.0274778325111]]
    },
    "melbands": {
        "max": [0.0127216568217, 0.0110891228542, 0.00773840304464, 0.00438594492152, 0.00328063010238, 0.00238525820896, 0.00222743232735, 0.00286726420745, 0.0017006037524, 0.00720406742766, 0.00665505230427, 0.00979518983513, 0.00184257910587, 0.00223810039461, 0.00213058385998, 0.00124118919484, 0.00144677713979, 0.00168753147591, 0.00143778324127, 0.000918405130506, 0.000590493029449, 0.000465405726572, 0.000332321651513, 0.000204924363061, 0.000326083565596, 0.000130044922116, 7.99906774773e-05, 3.99357340939e-05, 3.61160491593e-05, 2.51600140473e-05, 2.53563430306e-05, 2.42340065597e-05, 1.89582606254e-05, 3.22044943459e-05, 2.85255700874e-05, 3.98735610361e-05, 5.49522701476e-05, 5.45281181985e-05, 2.25542771659e-05, 2.17416636588e-05],
        "mean": [0.000643326784484, 0.000713710032869, 0.000540831475519, 0.000265170441708, 0.000165059915162, 0.000250064040301, 0.000136969829327, 0.000129169158754, 0.000183220385225, 0.000673996808473, 0.000961237004958, 0.000548271927983, 0.000213418476051, 0.000139810261317, 0.000101360797998, 0.000110005334136, 0.000148473292938, 0.00018662630464, 9.25344356801e-05, 7.65281438362e-05, 5.5199401686e-05, 7.05082711647e-05, 5.14306702826e-05, 3.18913080264e-05, 2.54612950812e-05, 1.3319197933e-05, 7.33212391424e-06, 5.35555682291e-06, 4.74266425954e-06, 4.16174543716e-06, 3.88942953577e-06, 3.48092521563e-06, 2.86990302811e-06, 2.40709800892e-06, 1.9984638584e-06, 1.6474119775e-06, 1.68415203916e-06, 1.67143832641e-06, 1.19386061215e-06, 7.76728427354e-07],
        "min": [1.38500530489e-10, 2.19474785568e-11, 5.1843902435e-12, 3.28938764248e-12, 1.70658224965e-12, 1.22110026084e-12, 1.30757590085e-12, 1.07713057224e-12, 6.44099248763e-13, 4.87516223138e-13, 2.68831262589e-13, 5.83742106844e-14, 9.88338371647e-14, 2.91783741266e-13, 8.45758399838e-14, 4.89646788827e-13, 5.57205865649e-13, 6.34721767333e-14, 1.34536004841e-13, 4.495443392e-14, 3.49972566931e-14, 6.19636584881e-14, 1.01577736023e-13, 4.3925570104e-14, 7.28829770516e-14, 1.19161394619e-13, 1.13244693299e-13, 9.53108780593e-14, 5.31793677833e-14, 1.53438202356e-13, 1.42585379267e-13, 1.22421549894e-13, 1.15382475709e-13, 1.65764049622e-13, 2.48222639275e-13, 2.59071708314e-13, 1.40497612459e-13, 1.55116859028e-13, 8.73497509133e-14, 1.12683245981e-13],
        "stdev": [0.00124080583919, 0.00121026590932, 0.000814864353742, 0.000381875521271, 0.000239296496147, 0.000346343906131, 0.000219267822104, 0.000189017810044, 0.000182371106348, 0.00067900045542, 0.000943446590099, 0.000761662842706, 0.000259361200733, 0.00019440316828, 0.000120001743198, 0.000115972383355, 0.000134998190333, 0.000232639038586, 0.000108649517642, 8.41961809783e-05, 4.9916896387e-05, 5.84074368817e-05, 4.34429312008e-05, 2.53921753028e-05, 2.51922901953e-05, 1.06138495539e-05, 5.63035609957e-06, 3.77952596864e-06, 3.47487139152e-06, 2.96947155221e-06, 2.82387873085e-06, 2.75369961855e-06, 2.29600755119e-06, 2.38289999288e-06, 2.29901093007e-06, 2.63366746367e-06, 2.61918194155e-06, 2.67078644356e-06, 1.60981312547e-06, 1.21988580304e-06]
    },
    "melbands128": {
        "max": [0.00379126216285, 0.0160675961524, 0.0169812887907, 0.0220273714513, 0.0140076270327, 0.017495656386, 0.0105116907507, 0.0119559578598, 0.00900260359049, 0.00446830736473, 0.00263039767742, 0.00511234393343, 0.00424468889832, 0.00334642292, 0.00465192459524, 0.00295735057443, 0.0049761235714, 0.00343697587959, 0.00304858665913, 0.00435081729665, 0.00378344836645, 0.00196469994262, 0.00254287174903, 0.0038167478051, 0.00507063930854, 0.0148734059185, 0.00966786686331, 0.0106357922778, 0.0142611367628, 0.0214287769049, 0.00860895216465, 0.00240414612927, 0.0023509208113, 0.00363637856208, 0.00292235985398, 0.00345217948779, 0.00559933809564, 0.00212088553235, 0.00532764103264, 0.00273979920894, 0.00202925712802, 0.00107781589031, 0.00141940324102, 0.00280715082772, 0.00352985644713, 0.00357193499804, 0.00330682960339, 0.00242719310336, 0.00327454926446, 0.00254923198372, 0.00159864511807, 0.00112051982433, 0.00106679217424, 0.000808514363598, 0.0016647168668, 0.000815989274997, 0.00122205680236, 0.000797039654572, 0.000493232510053, 0.000473595195217, 0.000322457781294, 0.000231823607464, 0.000795559259132, 0.00029265016201, 0.000458512047771, 0.000184498770977, 0.000156840716954, 0.000104556682345, 0.000113854563097, 5.96435274929e-05, 7.32227854314e-05, 0.000100368553831, 3.5107765143e-05, 6.43998137093e-05, 4.95117565151e-05, 2.97373917419e-05, 5.45843613509e-05, 3.25522159983e-05, 2.72775832855e-05, 5.28292075614e-05, 4.90075108246e-05, 3.88619591831e-05, 4.28119346907e-05, 2.84181642201e-05, 4.38619172201e-05, 2.92655586236e-05, 5.67999086343e-05, 2.86532977043e-05, 4.00992284995e-05, 3.6931829527e-05, 4.3594649469e-05, 6.15143508185e-05, 3.53903415089e-05, 4.87450852233e-05, 0.00014226330677, 0.000120645934658, 3.63502331311e-05, 3.41248705809e-05, 2.55469622061e-05, 2.31477897614e-05, 1.7865708287e-05, 2.64880472969e-05, 1.87046989595e-05, 1.56002133735e-05, 1.09333486762e-05, 8.34032107377e-06, 7.50547042117e-06, 1.30952985273e-05, 9.24669075175e-06, 7.41039411878e-06, 8.62149954628e-06, 7.22134245734e-06, 6.5701992753e-06, 3.1804640912e-06, 3.29092881657e-06, 1.88670708212e-06, 5.17990883964e-07, 1.0242966475e-08, 1.00778585477e-08, 9.84102932478e-09, 9.57705470483e-09, 9.31671628734e-09, 9.07409347661e-09, 8.84225759279e-09, 8.63368931903e-09, 8.52917203531e-09, 8.43183567412e-09, 8.36691160799e-09],
        "mean": [0.000142222532304, 0.000529054552317, 0.00080153538147, 0.000961597834248, 0.00068149541039, 0.000599890074227, 0.000523434544448, 0.000628403620794, 0.000425611360697, 0.000205644028028, 0.000184043979971, 0.000203143863473, 0.000108992848254, 0.000163513075677, 0.000365158513887, 0.000215673600906, 0.000169160048245, 0.000121861921798, 9.64957071119e-05, 0.000129848936922, 0.000151558313519, 0.000110900160507, 0.000149769213749, 0.000269242824288, 0.000582448148634, 0.000865150766913, 0.000854105863255, 0.00104349083267, 0.00100973935332, 0.000702947902028, 0.000375910283765, 0.000229135679547, 0.000201501112315, 0.000210764963413, 0.000168416328961, 0.000113692280138, 9.74854920059e-05, 9.95257723844e-05, 0.000104279482912, 0.00010773834947, 0.000112175155664, 0.000110103559564, 0.000135825728648, 0.000169571736478, 0.000204603027669, 0.000220749425353, 0.000124814192532, 8.71662850841e-05, 7.97525644884e-05, 8.07633332442e-05, 8.58144630911e-05, 6.27618064755e-05, 4.55603039882e-05, 5.2462957683e-05, 7.25239806343e-05, 7.2266710049e-05, 7.30631290935e-05, 5.71583186684e-05, 4.40918229287e-05, 3.7787733163e-05, 3.10074719891e-05, 2.59995922534e-05, 3.2582298445e-05, 2.2994918254e-05, 1.89503462025e-05, 1.35238005896e-05, 9.89771979221e-06, 8.15003750176e-06, 6.75823866914e-06, 6.09521475781e-06, 5.20905132362e-06, 5.2540294746e-06, 4.83499616166e-06, 4.80510834677e-06, 4.38107144873e-06, 4.13512270825e-06, 4.12611598222e-06, 3.97162148147e-06, 3.91689036405e-06, 3.75377408091e-06, 3.50802406501e-06, 3.40708697877e-06, 3.2731952615e-06, 2.84258021566e-06, 2.56561907008e-06, 2.30939849644e-06, 2.50748030339e-06, 2.2581605208e-06, 1.95852885554e-06, 1.83196300441e-06, 1.69678526163e-06, 1.57652311827e-06, 1.58655382165e-06, 1.61056391335e-06, 1.864755518e-06, 1.72728232428e-06, 1.66296445059e-06, 1.53493749622e-06, 1.21721086543e-06, 1.04800528788e-06, 8.49422008287e-07, 7.6110933378e-07, 6.39357608634e-07, 6.09261917361e-07, 5.60580645015e-07, 5.47443391952e-07, 5.52648089069e-07, 5.29666237981e-07, 4.92630476856e-07, 4.94984078614e-07, 4.16512278889e-07, 3.30749770683e-07, 1.15816298774e-07, 5.57577735094e-08, 1.33381261591e-08, 9.75016245519e-09, 2.07195349766e-09, 1.31675894147e-11, 1.09685819455e-11, 1.068424689e-11, 1.03899258988e-11, 1.01518758677e-11, 9.93131445137e-12, 9.68616246239e-12, 9.34560241694e-12, 8.9676226514e-12, 8.72985451289e-12, 8.64915604415e-12],
        "min": [7.062007229e-12, 1.18158705043e-10, 3.78877276774e-11, 3.64411140152e-11, 2.08098260845e-11, 1.13048979899e-11, 5.95797716718e-12, 3.4155809691e-12, 3.65227422958e-12, 3.78878525775e-12, 2.84107936829e-12, 1.88597575057e-12, 1.48933860036e-12, 1.28957597639e-12, 1.25974502097e-12, 1.03610262731e-12, 1.41082989475e-12, 1.38736363977e-12, 1.1635989481e-12, 1.18783238454e-12, 1.0707556803e-12, 6.35629027711e-13, 6.12999343126e-13, 5.77034622341e-13, 6.65374710624e-13, 3.58442577919e-13, 2.61506257187e-13, 4.11234306157e-13, 1.05410417808e-13, 5.77147108317e-14, 4.38872808266e-14, 5.32129272287e-14, 1.90222102257e-14, 1.20647524089e-13, 5.28618219076e-13, 2.54296231425e-13, 7.90751199329e-14, 1.00554032332e-13, 6.32401981259e-14, 1.02131160246e-13, 5.69512644509e-13, 1.10823850097e-12, 7.17671256624e-13, 2.09902679005e-13, 3.78255335853e-14, 2.45803929917e-14, 1.05740238885e-13, 1.92035772592e-13, 1.28630965471e-13, 2.58049722405e-14, 6.23026817311e-14, 2.2368108952e-14, 2.54515392729e-14, 2.09678838691e-14, 9.76334695057e-14, 6.86475344885e-14, 2.83620647584e-14, 8.46402009353e-14, 1.64027943788e-13, 6.50366262581e-14, 2.9415008027e-14, 3.69317952414e-14, 1.03778137884e-14, 1.26327889664e-13, 1.11436942031e-13, 9.80989988135e-14, 1.38325576037e-13, 1.22318984368e-13, 1.15819219449e-13, 8.25633168062e-14, 1.03370931877e-13, 1.08623518708e-13, 5.95613917345e-14, 3.83937571677e-14, 2.91955688954e-14, 1.85335376061e-13, 1.47171066566e-13, 2.29789277884e-13, 6.97398546247e-14, 1.6908557074e-13, 1.36693187693e-13, 1.01516871623e-13, 1.07892929074e-13, 9.13432198803e-14, 1.48408954397e-13, 1.74543647764e-13, 1.56076350845e-13, 1.72927278508e-13, 2.55907003487e-13, 3.08897953874e-13, 2.95684023056e-13, 2.69058348734e-13, 1.41401064577e-13, 1.15008019384e-13, 1.62586822261e-13, 1.48203999528e-13, 1.70362991292e-13, 1.36856468541e-13, 9.98853099841e-14, 5.49630057179e-14, 3.63618335474e-14, 1.4929645519e-13, 1.70531245917e-13, 1.2544129689e-13, 1.35264087257e-13, 2.6150777507e-13, 2.60768701554e-13, 2.59489044835e-13, 1.0027859077e-13, 2.2880948438e-13, 3.16865159328e-13, 2.12636535441e-13, 9.97039229607e-14, 9.49063012423e-14, 2.19965836995e-13, 2.55864123291e-13, 2.37466106891e-13, 2.94352622788e-13, 3.31916894143e-13, 2.73303650761e-13, 1.95330784967e-13, 1.70654899175e-13, 1.80087037947e-13, 2.83483252064e-13, 1.62169011401e-13, 9.36437274837e-14, 9.94038818679e-15, 2.13105482421e-16],
        "stdev": [0.000368056469597, 0.00126887811348, 0.00175037712324, 0.00192335818429, 0.00136535835918, 0.00120492524002, 0.000991069944575, 0.00107933382969, 0.000724060810171, 0.000388484040741, 0.000313710217597, 0.000376508425688, 0.000235367406276, 0.000267430325039, 0.000592938333284, 0.000338447425747, 0.000344871019479, 0.00025537100737, 0.000212191691389, 0.00025671441108, 0.000249405478826, 0.000167148013134, 0.000209980134969, 0.000378753582481, 0.000719674106222, 0.00109129189514, 0.00111302291043, 0.00129552918952, 0.00134728499688, 0.00129719101824, 0.000747934565879, 0.000334580341587, 0.000295718520647, 0.000324774795445, 0.000292486714898, 0.000228705990594, 0.00021475131507, 0.000135028269142, 0.000190382503206, 0.000172236352228, 0.000151308689965, 0.000138278934173, 0.000157832444529, 0.000233200888033, 0.000314128497848, 0.000400641467422, 0.000216713509872, 0.000157197733643, 0.000160821102327, 0.000169319711858, 0.000123420439195, 8.07289470686e-05, 6.71908564982e-05, 7.3381983384e-05, 0.00010079468484, 8.65557522047e-05, 9.69145112322e-05, 7.06615028321e-05, 5.35170984222e-05, 4.04923193855e-05, 3.50926311512e-05, 2.836186286e-05, 5.38106978638e-05, 2.71393400908e-05, 2.654347918e-05, 1.42546368807e-05, 1.24869593492e-05, 7.96353560872e-06, 7.50671961214e-06, 5.51766106582e-06, 5.08426091983e-06, 4.92767185278e-06, 4.24662130172e-06, 4.70234317618e-06, 4.02166006097e-06, 3.53707241629e-06, 3.78287018066e-06, 3.48443609255e-06, 3.40608062288e-06, 3.77183050659e-06, 3.38653944709e-06, 3.28494161295e-06, 3.13928262585e-06, 2.73124260275e-06, 2.68238022727e-06, 2.45550245381e-06, 3.46256933881e-06, 2.62109142568e-06, 2.74075546258e-06, 2.45351316153e-06, 2.8865126751e-06, 3.24620805259e-06, 2.4720750389e-06, 2.49717663792e-06, 4.52490985481e-06, 3.94733888243e-06, 2.75269462691e-06, 2.53750908996e-06, 1.78791412964e-06, 1.47901403125e-06, 1.2603615005e-06, 1.37904453368e-06, 1.17702484204e-06, 1.21764844607e-06, 9.88246256384e-07, 8.45474573907e-07, 7.85185136465e-07, 8.68342965532e-07, 7.4139205708e-07, 7.71346208239e-07, 6.33124273008e-07, 5.99879228957e-07, 4.00795357791e-07, 2.24261768267e-07, 1.27176605247e-07, 8.95052423289e-08, 2.418040701e-08, 2.52165371917e-10, 2.46284465044e-10, 2.40496733639e-10, 2.34045977043e-10, 2.27683497056e-10, 2.21754239971e-10, 2.16089340865e-10, 2.10996428662e-10, 2.08448980299e-10, 2.0607270057e-10, 2.04487024535e-10]
    },
    "mfcc": {
        "mean": [-601.70526123, 85.889541626, -43.7572555542, -14.7195501328, -9.45759296417, -7.64613294601, -7.58892631531, 9.05963420868, 5.91093301773, 2.24879598618, -1.33134043217, -7.21032524109, -10.9884471893],
        "cov": [[1274.95678711, 618.211914062, 562.649780273, 470.785400391, 432.539215088, 162.461410522, 124.810920715, 109.130180359, 0.729813694954, 35.6399726868, 95.6917495728, -22.1460399628, -53.8654060364], [618.211914062, 1347.17297363, 1252.45861816, 1127.96435547, 935.998779297, 375.547576904, 256.885986328, 125.895729065, -0.180721610785, 56.3531570435, 128.448287964, 29.345161438, 55.0212783813], [562.649780273, 1252.45861816, 1745.7232666, 1376.21496582, 1144.76403809, 443.539581299, 236.267608643, 49.487651825, -31.6383190155, 41.9974784851, 96.5443267822, 76.5157241821, 128.759414673], [470.785400391, 1127.96435547, 1376.21496582, 1252.12585449, 1011.57183838, 375.130767822, 190.190856934, 64.6563796997, -4.01833820343, 48.3085098267, 83.5939712524, 60.7141838074, 111.635765076], [432.539215088, 935.998779297, 1144.76403809, 1011.57183838, 943.596374512, 304.993408203, 140.513473511, 63.3741950989, -6.26068544388, 49.4196357727, 78.5871353149, 55.5658798218, 86.1415100098], [162.461410522, 375.547576904, 443.539581299, 375.130767822, 304.993408203, 182.050445557, 100.429023743, 36.8753929138, 9.78976535797, 27.3446235657, 37.8052406311, 11.9309749603, 27.6174087524], [124.810920715, 256.885986328, 236.267608643, 190.190856934, 140.513473511, 100.429023743, 158.665481567, 62.0914230347, 13.6594581604, 12.1997642517, 42.3981208801, 10.190032959, -2.82444000244], [109.130180359, 125.895729065, 49.487651825, 64.6563796997, 63.3741950989, 36.8753929138, 62.0914230347, 107.859657288, 27.1108398438, 19.7822399139, 29.4623260498, -10.0171422958, -15.1052207947], [0.729813694954, -0.180721610785, -31.6383190155, -4.01833820343, -6.26068544388, 9.78976535797, 13.6594581604, 27.1108398438, 77.0348510742, 38.9617958069, 11.953001976, -5.65916967392, -8.18377113342], [35.6399726868, 56.3531570435, 41.9974784851, 48.3085098267, 49.4196357727, 27.3446235657, 12.1997642517, 19.7822399139, 38.9617958069, 68.2930908203, 28.658700943, -4.57925462723, -7.88070249557], [95.6917495728, 128.448287964, 96.5443267822, 83.5939712524, 78.5871353149, 37.8052406311, 42.3981208801, 29.4623260498, 11.953001976, 28.658700943, 79.4879455566, 3.64226293564, -14.477060318], [-22.1460399628, 29.345161438, 76.5157241821, 60.7141838074, 55.5658798218, 11.9309749603, 10.190032959, -10.0171422958, -5.65916967392, -4.57925462723, 3.64226293564, 62.9598693848, 35.68699646], [-53.8654060364, 55.0212783813, 128.759414673, 111.635765076, 86.1415100098, 27.6174087524, -2.82444000244, -15.1052207947, -8.18377113342, -7.88070249557, -14.477060318, 35.68699646, 83.0426254272]],
        "icov": [[0.00114929582924, -0.000400880584493, -0.000276716717053, 0.000271567871096, -0.000196797860553, 9.81401681202e-05, 0.000258375570411, -0.000604773289524, 0.000131588545628, 0.000136230402859, -0.00033235506271, 0.000122266792459, 0.00106077676173], [-0.000400880584493, 0.00450121518224, 0.000266992923571, -0.00300180329941, -0.000798661087174, -0.000645486288704, -0.00201215478592, -0.000982015044428, 0.000984165351838, 0.000188198275282, -0.00161290948745, 0.0012579736067, 0.000468146899948], [-0.000276716717053, 0.000266992923571, 0.0054723569192, -0.00391762284562, -0.00165924278554, -0.00225227512419, -0.0016729531344, 0.00202563754283, 0.00162800762337, 0.000225331386901, -0.000204308773391, -9.12606701604e-05, -0.000607689726166], [0.000271567871096, -0.00300180329941, -0.00391762284562, 0.0122747216374, -0.00512503553182, -0.00176007079426, 0.000963514961768, 0.000547292409465, -0.00230029900558, 0.000696975097526, 0.0012242103694, 0.000281038170215, -0.00229568383656], [-0.000196797860553, -0.000798661087174, -0.00165924278554, -0.00512503553182, 0.00942447967827, -0.000305328663671, 0.00306444405578, -0.00215453491546, 0.000854911631905, -0.00160637986846, -0.000385328894481, -0.00227655866183, 0.000744550139643], [9.81401681202e-05, -0.000645486288704, -0.00225227512419, -0.00176007079426, -0.000305328663671, 0.0203513130546, -0.0062722726725, 0.000389495602576, -0.00096991378814, -0.00336180767044, 0.000207498655072, 0.00299994763918, -0.00191199476831], [0.000258375570411, -0.00201215478592, -0.0016729531344, 0.000963514961768, 0.00306444405578, -0.0062722726725, 0.0148879308254, -0.00553300557658, -0.00140864122659, 0.00284514110535, -0.00212007365189, -0.00399111956358, 0.00268329447135], [-0.000604773289524, -0.000982015044428, 0.00202563754283, 0.000547292409465, -0.00215453491546, 0.000389495602576, -0.00553300557658, 0.015468579717, -0.00352568179369, 4.91410391987e-05, -0.00125490082428, 0.00249413796701, -0.000520659494214], [0.000131588545628, 0.000984165351838, 0.00162800762337, -0.00230029900558, 0.000854911631905, -0.00096991378814, -0.00140864122659, -0.00352568179369, 0.0209357328713, -0.0117840003222, 0.00147642684169, -0.000143859972013, 1.19934738905e-05], [0.000136230402859, 0.000188198275282, 0.000225331386901, 0.000696975097526, -0.00160637986846, -0.00336180767044, 0.00284514110535, 4.91410391987e-05, -0.0117840003222, 0.025715181604, -0.00718682724983, 0.00124270597007, 0.0010595099302], [-0.00033235506271, -0.00161290948745, -0.000204308773391, 0.0012242103694, -0.000385328894481, 0.000207498655072, -0.00212007365189, -0.00125490082428, 0.00147642684169, -0.00718682724983, 0.0196963846684, -0.00366502441466, 0.00402668537572], [0.000122266792459, 0.0012579736067, -9.12606701604e-05, 0.000281038170215, -0.00227655866183, 0.00299994763918, -0.00399111956358, 0.00249413796701, -0.000143859972013, 0.00124270597007, -0.00366502441466, 0.0236170124263, -0.00999316107482], [0.00106077676173, 0.000468146899948, -0.000607689726166, -0.00229568383656, 0.000744550139643, -0.00191199476831, 0.00268329447135, -0.000520659494214, 1.19934738905e-05, 0.0010595099302, 0.00402668537572, -0.00999316107482, 0.0214065648615]]
    },
    "spectral_contrast_coeffs": {
        "max": [-0.49598711729, -0.542367219925, -0.52603495121, -0.592703700066, -0.597581207752, -0.637293636799],
        "mean": [-0.727727413177, -0.74095594883, -0.732914626598, -0.779883205891, -0.771847426891, -0.748973309994],
        "min": [-0.9382340312, -0.954667806625, -0.932459414005, -0.937629818916, -0.92984431982, -0.912768721581],
        "stdev": [0.0587126091123, 0.0608714111149, 0.0618195571005, 0.0487396158278, 0.0422975197434, 0.0290108323097]
    },
    "spectral_contrast_valleys": {
        "max": [-5.267598629, -5.01285791397, -4.80518865585, -5.58266925812, -6.02008152008, -7.78802585602],
        "mean": [-7.81368255615, -6.55979585648, -6.4181060791, -6.64985084534, -6.95201873779, -9.74824047089],
        "min": [-16.7381801605, -16.1924037933, -16.4122829437, -16.6394615173, -16.0662441254, -17.1413097382],
        "stdev": [1.87538743019, 0.564578831196, 0.699302971363, 0.522434353828, 0.402650684118, 0.491638720036]
    }
},
"rhythm": {
    "beats_count": 84,
    "beats_loudness": {
        "max": 0.06425062567,
        "mean": 0.0326213054359,
        "min": 0.0102388709784,
        "stdev": 0.013302590698
    },
    "bpm": 142.317581177,
    "bpm_histogram_first_peak_bpm": 144,
    "bpm_histogram_first_peak_weight": 0.3599999547,
    "bpm_histogram_second_peak_bpm": 112,
    "bpm_histogram_second_peak_spread": 0.222222149372,
    "bpm_histogram_second_peak_weight": 0.168674692512,
    "danceability": 0.856381416321,
    "onset_rate": 1.62223243713,
    "beats_loudness_band_ratio": {
        "max": [0.718381106853, 0.461134314537, 0.722984373569, 0.750827968121, 0.553226113319, 0.135515242815],
        "mean": [0.187452659011, 0.0855754464865, 0.233925417066, 0.290516704321, 0.201222866774, 0.0496784225106],
        "min": [1.61274347192e-05, 0.000574143836275, 0.00987361557782, 0.0129793994129, 0.0153604242951, 0.0139311449602],
        "stdev": [0.183994367719, 0.0863771885633, 0.13062286377, 0.191251814365, 0.114159449935, 0.0247383732349]
    },
