{
"metadata": {
    "version": {
        "essentia": "2.1-beta5",
        "essentia_git_sha": "Undefined",
        "extractor": "music 2.0"
    },
    "audio_properties": {
        "analysis": {
            "equal_loudness": 0,
            "length": 48.7502937317,
            "sample_rate": 44100,
            "start_time": 12.7477550507,
            "downmix": "mix"
        },
        "bit_rate": 192000,
        "length": 189.35874939,
        "lossless": 0,
        "number_channels": 2,
        "replay_gain": 1.29278373718,
        "sample_rate": 48000,
        "codec": "mp3",
        "md5_encoded": "8772a653b6d82ea2a6f0672d1129ed00"
    },
    "tags": {
        "file_name": "France_N’oubliez pas_Lisa Angell.mp3",
        "encoding": ["Lavf58.29.100"]
    }
},
"lowlevel": {
    "average_loudness": 0.748728871346,
    "barkbands_crest": {
        "max": 26.3661785126,
        "mean": 15.3188924789,
        "min": 3.62854123116,
        "stdev": 5.36267280579
    },
    "barkbands_flatness_db": {
        "max": 0.407995343208,
        "mean": 0.225804075599,
        "min": 0.0620001740754,
        "stdev": 0.0576936863363
    },
    "barkbands_kurtosis": {
        "max": 352.027740479,
        "mean": 22.718126297,
        "min": -1.95966517925,
        "stdev": 32.8417701721
    },
    "barkbands_skewness": {
        "max": 15.9293498993,
        "mean": 3.14482164383,
        "min": -3.49146604538,
        "stdev": 2.4811861515
    },
    "barkbands_spread": {
        "max": 91.2886505127,
        "mean": 14.2568330765,
        "min": 0.423590600491,
        "stdev": 18.2469043732
    },
    "dissonance": {
        "max": 0.499104380608,
        "mean": 0.423711150885,
        "min": 0.194427073002,
        "stdev": 0.0439749620855
    },
    "dynamic_complexity": 4.20839071274,
    "erbbands_crest": {
        "max": 31.1691970825,
        "mean": 13.531619072,
        "min": 3.32201075554,
        "stdev": 5.24762058258
    },
    "erbbands_flatness_db": {
        "max": 0.357801169157,
        "mean": 0.214563071728,
        "min": 0.0936315730214,
        "stdev": 0.0444985739887
    },
    "erbbands_kurtosis": {
        "max": 136.731185913,
        "mean": 5.80000114441,
        "min": -1.86735606194,
        "stdev": 9.61749267578
    },
    "erbbands_skewness": {
        "max": 10.6943216324,
        "mean": 1.34197831154,
        "min": -6.15010261536,
        "stdev": 1.83119189739
    },
    "erbbands_spread": {
        "max": 155.824127197,
        "mean": 33.0533485413,
        "min": 2.59082269669,
        "stdev": 22.5360221863
    },
    "hfc": {
        "max": 181.090194702,
        "mean": 14.6953620911,
        "min": 0.0839852839708,
        "stdev": 23.1552124023
    },
    "loudness_ebu128": {
        "integrated": -26.9911022186,
        "loudness_range": 5.67790412903,
        "momentary": {
            "max": -21.940530777,
            "mean": -28.5827045441,
            "min": -39.9873657227,
            "stdev": 3.93340706825
        },
        "short_term": {
            "max": -24.1987094879,
            "mean": -27.5808601379,
            "min": -35.0833282471,
            "stdev": 2.01785039902
        }
    },
    "melbands_crest": {
        "max": 31.7262096405,
        "mean": 17.3560447693,
        "min": 4.10278844833,
        "stdev": 5.632396698
    },
    "melbands_flatness_db": {
        "max": 0.479766100645,
        "mean": 0.272076934576,
        "min": 0.054029263556,
        "stdev": 0.0781272351742
    },
    "melbands_kurtosis": {
        "max": 387.475830078,
        "mean": 40.3055953979,
        "min": -1.93894803524,
        "stdev": 51.9383239746
    },
    "melbands_skewness": {
        "max": 16.8147697449,
        "mean": 4.01910257339,
        "min": -0.81181281805,
        "stdev": 2.60050463676
    },
    "melbands_spread": {
        "max": 257.481506348,
        "mean": 23.1513175964,
        "min": 0.477977871895,
        "stdev": 48.3723640442
    },
    "pitch_salience": {
        "max": 0.84546738863,
        "mean": 0.503143668175,
        "min": 0.100896626711,
        "stdev": 0.152749225497
    },
    "silence_rate_20dB": {
        "max": 1,
        "mean": 1,
        "min": 1,
        "stdev": 0
    },
    "silence_rate_30dB": {
        "max": 1,
        "mean": 0.999524056911,
        "min": 0,
        "stdev": 0.0218116417527
    },
    "silence_rate_60dB": {
        "max": 1,
        "mean": 0.155164211988,
        "min": 0,
        "stdev": 0.362063109875
    },
    "spectral_centroid": {
        "max": 5794.29199219,
        "mean": 882.207214355,
        "min": 186.173675537,
        "stdev": 1016.11956787
    },
    "spectral_complexity": {
        "max": 33,
        "mean": 7.64540672302,
        "min": 0,
        "stdev": 4.09179925919
    },
    "spectral_decrease": {
        "max": -6.07559974553e-11,
        "mean": -4.16805034931e-09,
        "min": -2.77909091295e-08,
        "stdev": 4.5491637124e-09
    },
    "spectral_energy": {
        "max": 0.108505286276,
        "mean": 0.0170640721917,
        "min": 0.000238100677961,
        "stdev": 0.0177978649735
    },
    "spectral_energyband_high": {
        "max": 0.0241773221642,
        "mean": 0.00103713630233,
        "min": 2.68564832595e-07,
        "stdev": 0.00297248386778
    },
    "spectral_energyband_low": {
        "max": 0.0275221765041,
        "mean": 0.000718002032954,
        "min": 1.91590561371e-06,
        "stdev": 0.00154391431715
    },
    "spectral_energyband_middle_high": {
        "max": 0.0556454174221,
        "mean": 0.00161571183708,
        "min": 2.82230121229e-06,
        "stdev": 0.00377656030469
    },
    "spectral_energyband_middle_low": {
        "max": 0.104664184153,
        "mean": 0.0139507399872,
        "min": 4.85740274598e-05,
        "stdev": 0.0165901184082
    },
    "spectral_entropy": {
        "max": 8.63973045349,
        "mean": 6.89817905426,
        "min": 4.80259084702,
        "stdev": 0.726767838001
    },
    "spectral_flux": {
        "max": 0.294661551714,
        "mean": 0.0566268526018,
        "min": 0.00388348195702,
        "stdev": 0.0428344495595
    },
    "spectral_kurtosis": {
        "max": 30.3414611816,
        "mean": 6.23552131653,
        "min": -1.31169581413,
        "stdev": 5.40792655945
    },
    "spectral_rms": {
        "max": 0.0102887712419,
        "mean": 0.00359910889529,
        "min": 0.000481968192616,
        "stdev": 0.00192204897758
    },
    "spectral_rolloff": {
        "max": 10508.203125,
        "mean": 1460.38842773,
        "min": 172.265625,
        "stdev": 2434.0246582
    },
    "spectral_skewness": {
        "max": 4.68417549133,
        "mean": 1.89234864712,
        "min": -0.762826681137,
        "stdev": 0.936389625072
    },
    "spectral_spread": {
        "max": 16157508,
        "mean": 4927515,
        "min": 1894328.125,
        "stdev": 1952485.875
    },
    "spectral_strongpeak": {
        "max": 9.63988304138,
        "mean": 0.977514207363,
        "min": 0.0313431322575,
        "stdev": 0.944987118244
    },
    "zerocrossingrate": {
        "max": 0.35302734375,
        "mean": 0.0568151623011,
        "min": 0.00537109375,
        "stdev": 0.072018109262
    },
    "barkbands": {
        "max": [0.000822391826659, 0.010917916894, 0.0158442948014, 0.0278846882284, 0.0844907313585, 0.0834330320358, 0.0332615673542, 0.0359688326716, 0.0364743024111, 0.056476380676, 0.0132676959038, 0.0221990309656, 0.0105746882036, 0.0123397633433, 0.00535980658606, 0.00461482303217, 0.00845036283135, 0.00620354153216, 0.00397838652134, 0.00477099837735, 0.00403560325503, 0.00773276994005, 0.0100425882265, 0.00868664775044, 0.00234028673731, 0.000434310000855, 1.146411023e-06],
        "mean": [1.92471143237e-05, 0.000201855960768, 0.000336651079124, 0.000452635315014, 0.00649071345106, 0.00539151346311, 0.000584680470638, 0.000507251941599, 0.000361572194379, 0.000497300585266, 0.000229781348025, 0.000158778915647, 6.31745788269e-05, 0.000101520636235, 7.62882991694e-05, 5.37165069545e-05, 0.000274343357887, 0.000165788296727, 3.98548290832e-05, 5.66689705011e-05, 8.08633412817e-05, 0.000188454912859, 0.000275672238786, 0.000357354147127, 9.00184604689e-05, 8.38880714582e-06, 2.35806951743e-09],
        "min": [2.15131334969e-09, 4.03344472488e-07, 5.09375922775e-07, 2.06167101169e-07, 2.30472278417e-06, 3.38342920259e-06, 4.55692713786e-07, 3.08758160372e-07, 3.145313201e-07, 3.84896310379e-07, 1.28371951291e-07, 1.92942721355e-07, 1.15498608011e-07, 1.36852037258e-07, 1.07582451392e-07, 1.03238754434e-07, 1.55296149273e-07, 6.07600796343e-08, 4.80140975867e-08, 4.31624407327e-08, 5.22294882899e-08, 3.74440247697e-08, 3.00443545598e-08, 2.94261415235e-08, 1.30155619615e-08, 2.08916259292e-10, 1.83685067157e-10],
        "stdev": [6.19336497039e-05, 0.000696735281963, 0.000737674767151, 0.00136003480293, 0.0109902694821, 0.0107388943434, 0.00207769987173, 0.00197101710364, 0.00153122772463, 0.00231162155978, 0.000833438884001, 0.00122060801368, 0.000297287042486, 0.000467683625175, 0.000270127435215, 0.000204567579203, 0.000992248533294, 0.000611649535131, 0.000206921962672, 0.000200630835025, 0.000279040046735, 0.000710294989403, 0.000940777419601, 0.00113656464964, 0.000295691250358, 2.51465571637e-05, 2.99631608414e-08]
    },
    "erbbands": {
        "max": [0.186898812652, 3.05259513855, 14.2571697235, 57.3814849854, 123.026855469, 357.292419434, 797.742553711, 804.120117188, 560.110839844, 984.368041992, 770.491149902, 824.83996582, 2090.0546875, 859.863098145, 847.989746094, 943.460205078, 503.047058105, 431.213104248, 421.45904541, 245.111541748, 192.130905151, 568.906921387, 446.658172607, 124.147872925, 209.037750244, 243.634384155, 97.4054412842, 202.258514404, 245.630432129, 358.322235107, 269.880218506, 252.692092896, 128.189453125, 42.3511505127, 11.6819620132, 2.95504450798, 0.430921286345, 0.0145791936666, 0.000413466768805, 0.000144022676977],
        "mean": [0.00318215088919, 0.059223446995, 0.361811637878, 0.975781738758, 5.28613710403, 26.847902298, 42.3443260193, 47.114238739, 10.485830307, 11.5772132874, 8.59649658203, 8.83427143097, 13.9090662003, 11.2728567123, 11.5808420181, 5.07863950729, 3.08294534683, 4.44240999222, 4.96916437149, 3.33099722862, 5.0354719162, 14.9402389526, 11.6054964066, 2.72105336189, 2.21745586395, 2.5475859642, 2.725284338, 4.16134166718, 6.05857372284, 7.71110630035, 8.11336994171, 8.60920906067, 4.79606246948, 1.57438802719, 0.383894264698, 0.0761253014207, 0.00956423487514, 0.000291782111162, 2.84372981696e-05, 2.4345355996e-05],
        "min": [1.70546936715e-05, 0.000204088020837, 0.00056016119197, 0.000775123480707, 0.000679291144479, 0.00846924353391, 0.0320373997092, 0.0215640682727, 0.0108741959557, 0.0148742143065, 0.00795968063176, 0.0130904233083, 0.00633972510695, 0.00692221522331, 0.00855938438326, 0.0100100906566, 0.00582131324336, 0.00877309497446, 0.00810346379876, 0.00585966045037, 0.00753574678674, 0.0077220746316, 0.00493024475873, 0.00270665599965, 0.0031929530669, 0.00244209053926, 0.00209713121876, 0.00193157698959, 0.00130913418252, 0.00105773052201, 0.00124027964193, 0.000755081884563, 0.000385524093872, 0.000201751739951, 4.85653945361e-05, 4.49888602816e-06, 1.05596393496e-06, 2.11502523939e-07, 1.82718949304e-07, 2.73054268973e-07],
        "stdev": [0.0118083516136, 0.182490095496, 0.717477440834, 2.64612102509, 9.82565402985, 47.0883598328, 79.485168457, 104.462814331, 30.72747612, 41.7528648376, 39.4772605896, 33.129283905, 74.3635101318, 39.7706222534, 44.5376319885, 38.6541023254, 14.6757898331, 17.2424449921, 17.8080024719, 12.7123603821, 15.5157308578, 57.1446380615, 42.4726905823, 7.15875816345, 12.1658296585, 9.12239265442, 7.98073673248, 15.1996040344, 22.4952831268, 29.4343795776, 27.3861808777, 27.5507469177, 15.4511480331, 5.12380886078, 1.26277279854, 0.232310801744, 0.027583098039, 0.000878378166817, 5.41378758498e-05, 2.50209013757e-05]
    },
    "gfcc": {
        "mean": [-90.6977310181, 101.578323364, -101.250236511, 31.6655426025, -88.2579193115, 4.33207321167, -64.7872314453, -9.53729629517, -30.2913799286, -16.3468093872, -11.6844806671, -2.22661161423, 1.48880374432],
        "cov": [[5479.46972656, -2148.37109375, -198.223617554, -224.702041626, -683.329345703, 322.116729736, -414.208740234, 644.450195312, -89.1880111694, 136.386810303, -239.744125366, 213.466644287, -134.781967163], [-2148.37109375, 1948.8626709, -301.166870117, -359.766876221, 627.843566895, -353.930084229, 227.983032227, -122.242927551, 97.37084198, -115.526451111, 219.604995728, -106.751403809, 111.470161438], [-198.223617554, -301.166870117, 585.171020508, 157.745361328, -127.511428833, 137.505264282, -61.9245567322, -81.3446807861, 10.4354438782, 50.5705986023, -75.8393936157, -16.3116455078, -63.6641960144], [-224.702041626, -359.766876221, 157.745361328, 731.386047363, -51.8619842529, -30.4194393158, 33.491771698, -56.2449607849, 134.714584351, -18.8292655945, 52.6938323975, -2.14103460312, 43.0570297241], [-683.329345703, 627.843566895, -127.511428833, -51.8619842529, 441.71572876, -116.857894897, 35.968547821, 47.166343689, 39.0651473999, 1.89585578442, 67.9341812134, 6.17671775818, 21.0886611938], [322.116729736, -353.930084229, 137.505264282, -30.4194393158, -116.857894897, 363.577331543, 61.2020645142, -35.3794326782, -47.5257949829, 67.3136291504, -91.1962509155, -32.4971580505, -73.2397918701], [-414.208740234, 227.983032227, -61.9245567322, 33.491771698, 35.968547821, 61.2020645142, 241.272857666, -55.3104743958, -8.85572433472, 1.65018188953, 21.0249938965, -20.4294624329, 13.9928197861], [644.450195312, -122.242927551, -81.3446807861, -56.2449607849, 47.166343689, -35.3794326782, -55.3104743958, 286.107543945, 48.4546127319, 15.4863700867, -0.310027629137, 65.5795669556, 15.9942073822], [-89.1880111694, 97.37084198, 10.4354438782, 134.714584351, 39.0651473999, -47.5257949829, -8.85572433472, 48.4546127319, 161.183700562, 0.718626856804, 47.0556297302, -10.8207292557, 36.3294754028], [136.386810303, -115.526451111, 50.5705986023, -18.8292655945, 1.89585578442, 67.3136291504, 1.65018188953, 15.4863700867, 0.718626856804, 126.833679199, -20.2092723846, 2.46441531181, -41.4164123535], [-239.744125366, 219.604995728, -75.8393936157, 52.6938323975, 67.9341812134, -91.1962509155, 21.0249938965, -0.310027629137, 47.0556297302, -20.2092723846, 163.163360596, 16.4808006287, 71.7697219849], [213.466644287, -106.751403809, -16.3116455078, -2.14103460312, 6.17671775818, -32.4971580505, -20.4294624329, 65.5795669556, -10.8207292557, 2.46441531181, 16.4808006287, 139.224029541, 29.5314807892], [-134.781967163, 111.470161438, -63.6641960144, 43.0570297241, 21.0886611938, -73.2397918701, 13.9928197861, 15.9942073822, 36.3294754028, -41.4164123535, 71.7697219849, 29.5314807892, 138.26550293]],
        "icov": [[0.000657266878989, 0.000559990759939, 0.000498746230733, 0.000310075207381, 0.00043586891843, -0.00021379692771, 0.000414331414504, -0.00102166470606, -0.000155769128469, -2.93893863272e-05, -0.000104833801743, -0.000111383313197, 0.000329182250425], [0.000559990759939, 0.00501720840111, -0.000441370648332, 0.00381858204491, -0.0044117262587, 0.00294417236, -0.00386562291533, 0.00183242151979, -0.00392884667963, 0.00266209268011, -0.00214109453373, 0.00235790014267, -4.22170669481e-05], [0.000498746230733, -0.000441370648332, 0.0029914539773, -0.000959235767368, 0.00147102179471, -0.00148788094521, 0.00203728419729, -0.000481549679535, 0.00012748556037, -0.00107871193904, 0.000928158464376, -0.000884752313141, 0.000705737853423], [0.000310075207381, 0.00381858204491, -0.000959235767368, 0.00483190547675, -0.00323449261487, 0.00254653743468, -0.00356557941996, 0.00210942956619, -0.00473615247756, 0.00238110404462, -0.00188145029824, 0.00147876737174, -0.000145150726894], [0.00043586891843, -0.0044117262587, 0.00147102179471, -0.00323449261487, 0.00814550183713, -0.00256511964835, 0.00405223341659, -0.0038221871946, 0.00336039508693, -0.00330503936857, 0.00136475148611, -0.00256083998829, 0.00106273498386], [-0.00021379692771, 0.00294417236, -0.00148788094521, 0.00254653743468, -0.00256511964835, 0.00663578277454, -0.00462291901931, 0.00195762002841, -0.00206207949668, 0.000259268970694, -0.000148824139615, 0.00230310368352, 0.00029233773239], [0.000414331414504, -0.00386562291533, 0.00203728419729, -0.00356557941996, 0.00405223341659, -0.00462291901931, 0.00949076097459, -0.00212469953112, 0.00377271999605, -0.00262869126163, 0.00130765174981, -0.00204639183357, -0.000233136903262], [-0.00102166470606, 0.00183242151979, -0.000481549679535, 0.00210942956619, -0.0038221871946, 0.00195762002841, -0.00212469953112, 0.00822062324733, -0.00434397533536, 0.00108361849561, -8.33619124023e-05, -0.000789309793618, -0.000790006131865], [-0.000155769128469, -0.00392884667963, 0.00012748556037, -0.00473615247756, 0.00336039508693, -0.00206207949668, 0.00377271999605, -0.00434397533536, 0.0128767350689, -0.00317049608566, 6.45516265649e-05, 0.000485155818751, -0.00140516355168], [-2.93893863272e-05, 0.00266209268011, -0.00107871193904, 0.00238110404462, -0.00330503936857, 0.000259268970694, -0.00262869126163, 0.00108361849561, -0.00317049608566, 0.0114593002945, -0.00184530764818, 0.000551739474759, 0.002474690089], [-0.000104833801743, -0.00214109453373, 0.000928158464376, -0.00188145029824, 0.00136475148611, -0.000148824139615, 0.00130765174981, -8.33619124023e-05, 6.45516265649e-05, -0.00184530764818, 0.0105113917962, -0.00174530013464, -0.0034255546052], [-0.000111383313197, 0.00235790014267, -0.000884752313141, 0.00147876737174, -0.00256083998829, 0.00230310368352, -0.00204639183357, -0.000789309793618, 0.000485155818751, 0.000551739474759, -0.00174530013464, 0.0105195483193, -0.00227154395543], [0.000329182250425, -4.22170669481e-05, 0.000705737853423, -0.000145150726894, 0.00106273498386, 0.00029233773239, -0.000233136903262, -0.000790006131865, -0.00140516355168, 0.002474690089, -0.0034255546052, -0.00227154395543, 0.0114390458912]]
    },
    "melbands": {
        "max": [0.00230034952983, 0.00522205233574, 0.0108872875571, 0.01299667079, 0.0250528268516, 0.0155879529193, 0.00789703428745, 0.0109829958528, 0.00676623499021, 0.00552255706862, 0.0105569297448, 0.00391347473487, 0.00199784478173, 0.00292924465612, 0.00157504947856, 0.000607801543083, 0.00087899522623, 0.000990387634374, 0.000437023991253, 0.00039771819138, 0.000235803556279, 0.000789708283264, 0.000417271425249, 0.000262800545897, 0.0001107559292, 0.00021897496481, 0.000126205966808, 0.000175660752575, 6.3858286012e-05, 0.000111855006253, 0.000114787173516, 0.000120080832858, 0.000233541693888, 0.000200117603526, 0.000157214613864, 0.000179649345228, 0.000183660216862, 0.000106913510535, 7.0176749432e-05, 3.08800008497e-05],
        "mean": [4.31245862273e-05, 0.000150477979332, 0.000263990281383, 0.00108483852819, 0.00159077194985, 0.0010045110248, 0.000137682945933, 0.000125793143525, 6.52093149256e-05, 5.41872723261e-05, 7.07388535375e-05, 4.79223526781e-05, 3.66770036635e-05, 2.2684387659e-05, 7.05841057425e-06, 6.49608182357e-06, 8.68130609888e-06, 8.57108625496e-06, 5.28374266651e-06, 3.66076460523e-06, 6.50247693557e-06, 1.76055000338e-05, 1.33433986775e-05, 6.40223470327e-06, 1.6764040538e-06, 1.63411550602e-06, 1.46892898556e-06, 1.79789776666e-06, 1.72011584709e-06, 1.77868355422e-06, 2.60820615949e-06, 3.09874849336e-06, 4.30597174272e-06, 4.22370794695e-06, 4.50439529232e-06, 5.08152925249e-06, 5.42741099707e-06, 3.66535755347e-06, 2.23842062042e-06, 1.01265015928e-06],
        "min": [1.00133064507e-07, 2.84150843299e-07, 1.2031476615e-07, 2.60714671185e-07, 1.01260775409e-06, 5.01331101077e-07, 2.0243332699e-07, 1.39511456609e-07, 6.65182042781e-08, 5.88605288954e-08, 2.24504184132e-08, 1.81574542069e-08, 2.77882943323e-08, 1.6896176902e-08, 1.91914359959e-08, 1.02192947438e-08, 1.309602915e-08, 1.23869758895e-08, 6.39718766848e-09, 4.79349360205e-09, 8.95547369595e-09, 7.898364629e-09, 5.94239413232e-09, 3.17648551906e-09, 1.75814329761e-09, 2.07300909771e-09, 1.7714489875e-09, 7.75726927138e-10, 8.51925308076e-10, 1.0742322587e-09, 5.5564419732e-10, 6.64869714839e-10, 5.5183252412e-10, 4.77451078673e-10, 6.33782692994e-10, 3.41077222021e-10, 3.10086012423e-10, 1.01122658858e-10, 9.94084398132e-11, 3.09957580436e-11],
        "stdev": [0.000153873828822, 0.000311959913233, 0.000570348347537, 0.00171021232381, 0.00273144501261, 0.0021567014046, 0.000441022071755, 0.000449766172096, 0.000314207893098, 0.000226382093388, 0.000382665341021, 0.000184167496627, 0.000133375564474, 0.000158556242241, 5.51376615476e-05, 2.39265718847e-05, 3.62193241017e-05, 3.5879220377e-05, 2.28507797146e-05, 1.53167566168e-05, 2.17404540308e-05, 7.59437389206e-05, 4.58659524156e-05, 2.13269631786e-05, 4.98849385622e-06, 1.07120167741e-05, 6.69770543027e-06, 6.47294655209e-06, 5.41185954717e-06, 6.35633614365e-06, 9.76688806986e-06, 1.14968961498e-05, 1.78595055331e-05, 1.62272463058e-05, 1.58499733516e-05, 1.68071728694e-05, 1.77242745849e-05, 1.20812210298e-05, 7.42224892747e-06, 3.44502586813e-06]
    },
    "melbands128": {
        "max": [0.000688369967975, 0.00126796646509, 0.00295390188694, 0.00640395423397, 0.00654562562704, 0.00872808229178, 0.0116557199508, 0.0142374727875, 0.0163658671081, 0.0237516313791, 0.0264502484351, 0.0402131825686, 0.0355957224965, 0.0331573300064, 0.0307856369764, 0.0227766670287, 0.0129937371239, 0.0134794302285, 0.00932055711746, 0.0166242718697, 0.0129782389849, 0.00725268246606, 0.012977023609, 0.00832675024867, 0.00654857931659, 0.00919974874705, 0.0117494668812, 0.0207786671817, 0.00641492707655, 0.00906672328711, 0.00372784701176, 0.00187066360377, 0.0034119321499, 0.00414438499138, 0.00687117548659, 0.00493065128103, 0.00388221559115, 0.00239223102108, 0.00278233992867, 0.00101466279011, 0.000385780294891, 0.00131278741173, 0.00139174680226, 0.0011068393942, 0.00275513646193, 0.000488442485221, 0.000655615760479, 0.000868015806191, 0.000465994700789, 0.000663095735945, 0.000599562190473, 0.000664499413688, 0.000439933268353, 0.000612842733972, 0.00103428959846, 0.00183712958824, 0.000488672114443, 0.00113007624168, 0.000974793394562, 0.00108919723425, 0.00029115829966, 0.000170551807969, 0.000137266149977, 0.000156831592903, 0.00019297626568, 0.000353772891685, 0.00024416091037, 0.000158674039994, 0.000108924774395, 0.00015714057372, 0.000264426576905, 0.000122927958728, 0.000187589103007, 7.44313801988e-05, 8.00647976575e-05, 0.00013635175128, 0.000122043958982, 0.000198209556402, 0.000194602573174, 0.000180153598194, 0.000152173655806, 0.000181815994438, 0.000286237976979, 0.00031678006053, 0.000219939494855, 0.000296142650768, 0.000243118352955, 0.000251869496424, 0.000198624969926, 0.000185145181604, 0.000238124353928, 0.000228935328778, 0.000201916147489, 0.000213773004361, 0.000222664573812, 0.000142992998008, 0.000113188572868, 0.000123919206089, 0.000123232210171, 8.87158894329e-05, 5.03075716551e-05, 4.25284415542e-05, 2.41516154347e-05, 1.91385424841e-05, 1.52514376168e-05, 1.42465014505e-05, 1.24358066387e-05, 7.19927538739e-06, 5.63964204048e-06, 6.08628488408e-06, 4.61465651824e-06, 3.60872741112e-06, 1.20022548344e-06, 9.57724296313e-07, 4.89830256356e-07, 1.95315806195e-07, 5.24368495292e-08, 4.21908907811e-09, 3.67747987617e-09, 3.28365779012e-09, 2.95851254606e-09, 2.68184230379e-09, 2.49076159697e-09, 2.30151830927e-09, 2.19535656321e-09, 2.0789752142e-09, 1.99276350976e-09, 1.95110150258e-09],
        "mean": [1.35295322252e-05, 1.78644331754e-05, 4.5767530537e-05, 0.000108425439976, 0.000181488067028, 0.000153730114107, 0.000157250615302, 0.000261206267169, 0.000438152637798, 0.000898521218915, 0.00163391488604, 0.00195595878176, 0.00123198854271, 0.0016230144538, 0.00149741978385, 0.000355036376277, 0.000113155962026, 0.000138012663228, 9.69346947386e-05, 0.000145438389154, 0.000138292452903, 7.27276492398e-05, 5.71367672819e-05, 4.97763539897e-05, 6.27536064712e-05, 4.93459447171e-05, 5.13167215104e-05, 8.29768905533e-05, 7.57808156777e-05, 6.72931346344e-05, 2.89469571726e-05, 2.44537950493e-05, 4.0849801735e-05, 4.4054708269e-05, 3.33552379743e-05, 1.42796070577e-05, 8.64427238412e-06, 5.93413551542e-06, 7.05911770638e-06, 6.4691771513e-06, 5.95459277974e-06, 6.96888446328e-06, 7.60555622037e-06, 1.02782241811e-05, 1.09921375042e-05, 7.55113842388e-06, 7.24763322069e-06, 5.21281708643e-06, 4.58937529402e-06, 4.10536267736e-06, 3.63823460248e-06, 3.27937164002e-06, 2.66036454377e-06, 6.57185773889e-06, 1.81528466783e-05, 2.64715636149e-05, 5.39423399459e-06, 1.60307954502e-05, 1.52259462993e-05, 1.28040128402e-05, 4.55607232652e-06, 3.26567283082e-06, 1.8509919073e-06, 1.21166829103e-06, 1.26938857647e-06, 1.85243209216e-06, 1.72342936366e-06, 1.40308191021e-06, 1.45047988553e-06, 1.49235245317e-06, 1.48691435697e-06, 2.1885350634e-06, 2.28265844271e-06, 1.36880203172e-06, 1.47814091633e-06, 1.53859161856e-06, 1.9007766241e-06, 2.58433533418e-06, 2.58394152297e-06, 2.78983588942e-06, 2.94371170639e-06, 3.09924598696e-06, 3.82660709874e-06, 4.66749861516e-06, 4.37868311565e-06, 4.43200224254e-06, 3.87714999306e-06, 4.44492070528e-06, 4.48649416285e-06, 4.62548405267e-06, 4.81131792185e-06, 5.20838011653e-06, 5.5089271882e-06, 5.64075708098e-06, 5.41913232155e-06, 4.39184123024e-06, 3.00868691738e-06, 3.04784589389e-06, 2.50413654612e-06, 1.738327569e-06, 1.23826146137e-06, 9.36391984396e-07, 6.61998228679e-07, 5.11249254487e-07, 4.01328804855e-07, 3.17154444929e-07, 2.12299710256e-07, 1.37837048442e-07, 9.97698066385e-08, 9.54149186327e-08, 7.55299751631e-08, 4.86912732356e-08, 8.74171313114e-09, 2.97943580918e-09, 9.65996616031e-10, 3.68352903735e-10, 5.55896682852e-11, 6.86504585817e-12, 7.14779190697e-12, 6.11633703754e-12, 5.78284555658e-12, 5.39863596535e-12, 5.20590688613e-12, 5.00403928363e-12, 4.58346945467e-12, 3.9417614138e-12, 3.58386931243e-12, 3.50694646933e-12],
        "min": [2.21283039635e-12, 1.68819069835e-09, 1.19880647631e-08, 5.96682525611e-08, 2.17054591189e-07, 2.4221236572e-07, 1.72467167658e-07, 8.88320812464e-08, 2.50498981558e-08, 1.11955088755e-07, 4.55065276128e-07, 9.2766765647e-07, 9.77947820502e-07, 9.91242814052e-07, 3.0419948871e-07, 1.4596119513e-07, 3.75308353284e-08, 4.51561490422e-08, 2.58706940315e-08, 2.94578779148e-08, 2.54441463454e-08, 1.48759031759e-08, 1.35675426449e-08, 3.30789191594e-08, 3.1961334912e-08, 1.15689005042e-08, 1.97334806273e-08, 1.35098252585e-08, 1.7983403211e-08, 5.61251889408e-09, 1.26376198395e-08, 8.48894821104e-09, 9.85118120411e-09, 8.59191295888e-09, 8.56725002052e-09, 6.0628404519e-09, 3.65738084263e-09, 5.84812287485e-09, 8.61500737415e-09, 6.40370112492e-09, 4.6337862436e-09, 6.47363318507e-09, 5.35242516975e-09, 4.66050575909e-09, 4.46927117537e-09, 2.50492782072e-09, 3.28516258641e-09, 1.69218705715e-09, 3.19778226121e-09, 2.55772714119e-09, 7.87294507365e-10, 2.18179518896e-09, 1.68721969729e-09, 6.9953904891e-09, 4.12059497634e-09, 2.1366342029e-09, 2.39591368967e-09, 3.1580560389e-09, 1.62530089387e-09, 2.04062633458e-09, 1.72902636653e-09, 1.45711442912e-09, 9.19316567316e-10, 1.17939635835e-09, 8.73460359596e-10, 7.88936693752e-10, 1.26260080169e-09, 8.21598789003e-10, 3.83313214503e-10, 6.9709399364e-10, 1.02556969861e-10, 2.48323639429e-10, 5.22388632351e-10, 2.8300611854e-10, 5.9888793924e-10, 6.14884920758e-10, 4.86194862148e-10, 4.23116486292e-10, 6.62207511049e-11, 1.70689656853e-10, 4.22665819011e-10, 2.17029172411e-10, 1.85034904066e-11, 3.23610652164e-11, 9.11773712087e-11, 2.67237981744e-10, 1.36666775119e-10, 2.52019266567e-10, 2.96989044468e-10, 6.81954284709e-11, 1.58881838241e-10, 6.84394763084e-11, 5.79420851576e-11, 8.50273254582e-11, 1.46979425159e-11, 4.00591053384e-11, 4.78847777402e-12, 2.13044599323e-12, 2.05805546216e-11, 1.37665434607e-11, 7.93374914376e-12, 2.15754302445e-12, 1.80965171234e-12, 1.41897420463e-12, 7.75567923685e-13, 1.3400079657e-12, 1.2204828077e-12, 9.52719131884e-13, 7.96303019183e-13, 7.33379448749e-13, 6.95547569193e-13, 5.73311580501e-13, 6.79255696828e-13, 5.14814373857e-13, 5.66051112233e-13, 6.14723278791e-13, 5.47912897778e-13, 6.46075207222e-13, 6.02433142434e-13, 5.30063514782e-13, 6.75757301678e-13, 5.45059765551e-13, 5.92477239145e-13, 6.62744327733e-13, 4.44432874834e-13, 1.48924248584e-13, 2.46736818124e-14, 6.46427699136e-16],
        "stdev": [4.86435128551e-05, 7.20489406376e-05, 0.00019430705288, 0.000363180704881, 0.000370825087884, 0.00037666814751, 0.000542201043572, 0.000749633298256, 0.00107714056503, 0.00184140587226, 0.00320156360976, 0.00452374760062, 0.00339196622372, 0.00360938417725, 0.00369276315905, 0.00134008703753, 0.000549601390958, 0.000617354293354, 0.000431438500527, 0.000687271647621, 0.00055407959735, 0.000383739417884, 0.000501762784552, 0.000252579717198, 0.000266057031695, 0.000327544985339, 0.000406879320508, 0.000633015530184, 0.000447310798336, 0.000352956005372, 0.000123183432152, 0.00011013133917, 0.000184034768608, 0.000213641207665, 0.000302245025523, 0.000182436095201, 0.000113013928058, 6.83211255819e-05, 6.80151861161e-05, 3.12709271384e-05, 2.30697824009e-05, 4.28498751717e-05, 3.87380132452e-05, 5.2322033298e-05, 9.01231614989e-05, 2.81983029708e-05, 2.77735252894e-05, 3.71529458789e-05, 2.26430638577e-05, 2.37548847508e-05, 1.85937624337e-05, 2.04797015613e-05, 1.40742386066e-05, 3.6783170799e-05, 8.6448926595e-05, 0.00014705581998, 2.70214623015e-05, 7.85267184256e-05, 7.36945148674e-05, 6.98111034581e-05, 1.5606323359e-05, 9.66996412899e-06, 6.79998356645e-06, 5.17106354891e-06, 7.44128738006e-06, 1.43692468555e-05, 1.23292102217e-05, 8.50360265758e-06, 6.50043966743e-06, 6.86448856868e-06, 7.73919327912e-06, 7.88870420365e-06, 1.12492034532e-05, 4.95577978654e-06, 5.1406914281e-06, 6.05281093158e-06, 7.50069784772e-06, 1.12159868877e-05, 1.0507578736e-05, 1.11954432214e-05, 1.18401849249e-05, 1.233945477e-05, 1.6709755073e-05, 2.17015749513e-05, 1.79279140866e-05, 1.90937753359e-05, 1.53504188347e-05, 1.81254490599e-05, 1.68574697454e-05, 1.66535737662e-05, 1.70447419805e-05, 1.83860702236e-05, 1.90554328583e-05, 1.9274179067e-05, 1.89295933524e-05, 1.54903918883e-05, 1.03538377516e-05, 1.06589277493e-05, 9.05375873117e-06, 6.30002705293e-06, 4.44705619884e-06, 3.33367188432e-06, 2.36625237449e-06, 1.85117801266e-06, 1.43976433264e-06, 1.12820191589e-06, 7.66973187183e-07, 4.86592227844e-07, 3.70627986968e-07, 3.25515742361e-07, 2.43745574835e-07, 1.68204422835e-07, 6.26390743719e-08, 3.13077137548e-08, 1.47002392481e-08, 5.54618617699e-09, 1.16780507486e-09, 9.33400440273e-11, 8.16968714901e-11, 7.31051885694e-11, 6.60686505505e-11, 6.0085318665e-11, 5.59253025834e-11, 5.19093587559e-11, 4.95907724607e-11, 4.70980823786e-11, 4.52766643622e-11, 4.43848499621e-11]
    },
    "mfcc": {
        "mean": [-733.224182129, 122.993255615, 33.2426986694, 14.8779563904, 2.7691617012, -4.43373775482, -18.6529941559, -4.83133602142, -16.9583950043, -13.8403358459, -18.537197113, -10.0799894333, -13.0549697876],
        "cov": [[5574.72363281, -2031.4987793, 109.737464905, -637.960754395, -144.549224854, -496.4112854, -195.238586426, 158.25390625, 85.1866607666, 150.707946777, -65.721824646, 127.036209106, -84.126121521], [-2031.4987793, 2225.16674805, -790.116577148, -20.6456890106, 155.336181641, -125.66166687, 157.162780762, -19.2313270569, -57.8884887695, 3.70942354202, 56.7232437134, -63.9598197937, 28.8983821869], [109.737464905, -790.116577148, 815.664672852, -18.260263443, -66.5342025757, 195.922424316, -79.4715118408, -44.145450592, 27.5605564117, -25.4803066254, 31.255903244, -14.9090862274, -20.5381374359], [-637.960754395, -20.6456890106, -18.260263443, 604.034851074, 102.964408875, 2.27682423592, -50.8648490906, 31.1144447327, 8.01800537109, -37.8207855225, -20.8114128113, 102.027351379, 40.519153595], [-144.549224854, 155.336181641, -66.5342025757, 102.964408875, 304.678497314, -98.6048278809, -42.7605781555, 12.4805698395, 18.5612678528, 11.300860405, -0.48744854331, 86.3877563477, 12.4408044815], [-496.4112854, -125.66166687, 195.922424316, 2.27682423592, -98.6048278809, 417.474090576, 74.0093765259, -34.9444503784, -13.6276369095, 35.6649017334, 53.2095947266, -84.7204208374, -7.86364746094], [-195.238586426, 157.162780762, -79.4715118408, -50.8648490906, -42.7605781555, 74.0093765259, 183.314056396, 9.22440624237, -1.3237888813, 22.9304065704, 12.4380102158, -33.3229866028, 19.7048225403], [158.25390625, -19.2313270569, -44.145450592, 31.1144447327, 12.4805698395, -34.9444503784, 9.22440624237, 139.046096802, 38.9094314575, -5.99457788467, -4.36871767044, 32.6126403809, 14.2301883698], [85.1866607666, -57.8884887695, 27.5605564117, 8.01800537109, 18.5612678528, -13.6276369095, -1.3237888813, 38.9094314575, 131.685684204, 25.686756134, 5.7356543541, 19.8352012634, 23.600566864], [150.707946777, 3.70942354202, -25.4803066254, -37.8207855225, 11.300860405, 35.6649017334, 22.9304065704, -5.99457788467, 25.686756134, 152.349563599, 29.3166465759, -3.83834075928, 0.157303288579], [-65.721824646, 56.7232437134, 31.255903244, -20.8114128113, -0.48744854331, 53.2095947266, 12.4380102158, -4.36871767044, 5.7356543541, 29.3166465759, 129.157196045, -16.5498008728, -3.33530259132], [127.036209106, -63.9598197937, -14.9090862274, 102.027351379, 86.3877563477, -84.7204208374, -33.3229866028, 32.6126403809, 19.8352012634, -3.83834075928, -16.5498008728, 181.229049683, 28.0407409668], [-84.126121521, 28.8983821869, -20.5381374359, 40.519153595, 12.4408044815, -7.86364746094, 19.7048225403, 14.2301883698, 23.600566864, 0.157303288579, -3.33530259132, 28.0407409668, 93.490562439]],
        "icov": [[0.000673186732456, 0.000827255134936, 0.00052611756837, 0.000738705741242, 0.000137351613375, 0.000808560580481, 0.000208827012102, -0.000520502799191, 0.000114381975436, -0.000636983837467, -0.000278765248368, -0.000198428606382, 0.000252180121606], [0.000827255134936, 0.00182375696022, 0.00140093278605, 0.000930181122385, -0.000276722421404, 0.000991067732684, -0.000135246838909, -0.000333242060151, 0.000235605912167, -0.000473005697131, -0.000856941798702, 0.00014823298261, 0.000150977299199], [0.00052611756837, 0.00140093278605, 0.00277275126427, 0.000766750308685, -7.39153911127e-05, -0.000360959296813, 0.000850762997288, 0.000305016321363, -0.000498333596624, 0.000323427520925, -0.000884756504092, -0.00016229810717, 0.00021329705487], [0.000738705741242, 0.000930181122385, 0.000766750308685, 0.00286027207039, -0.000357873155735, 0.000283997156657, 0.000827839714475, -0.00082638830645, 0.000200455528102, -0.000152326698299, -0.00010962055967, -0.00110671971925, -0.000393526686821], [0.000137351613375, -0.000276722421404, -7.39153911127e-05, -0.000357873155735, 0.00446702726185, 0.000795088009909, 0.000758418638725, 3.12567972287e-05, -0.000348118541297, -0.00079770211596, -0.000241091533098, -0.00165940704755, 0.000234163424466], [0.000808560580481, 0.000991067732684, -0.000360959296813, 0.000283997156657, 0.000795088009909, 0.00474675325677, -0.00135360052809, -0.000286094786134, 0.000581617990974, -0.00162584544159, -0.00124596094247, 0.000968085310888, 0.000362247345038], [0.000208827012102, -0.000135246838909, 0.000850762997288, 0.000827839714475, 0.000758418638725, -0.00135360052809, 0.00747927092016, -0.00102109042928, 0.00012554510613, -0.000785583455581, 5.50960758119e-05, 0.000207316625165, -0.00166851002723], [-0.000520502799191, -0.000333242060151, 0.000305016321363, -0.00082638830645, 3.12567972287e-05, -0.000286094786134, -0.00102109042928, 0.00903443433344, -0.00263221887872, 0.00138756562956, -0.000120508739201, -0.000886450638063, -0.000204621988814], [0.000114381975436, 0.000235605912167, -0.000498333596624, 0.000200455528102, -0.000348118541297, 0.000581617990974, 0.00012554510613, -0.00263221887872, 0.00935641955584, -0.00190867367201, -0.000268214120297, 1.49724419316e-05, -0.00206958409399], [-0.000636983837467, -0.000473005697131, 0.000323427520925, -0.000152326698299, -0.00079770211596, -0.00162584544159, -0.000785583455581, 0.00138756562956, -0.00190867367201, 0.0083962706849, -0.00126451207325, -0.000125300968648, 9.4034417998e-05], [-0.000278765248368, -0.000856941798702, -0.000884756504092, -0.00010962055967, -0.000241091533098, -0.00124596094247, 5.50960758119e-05, -0.000120508739201, -0.000268214120297, -0.00126451207325, 0.0090109044686, 0.000253613427049, 0.000116434777738], [-0.000198428606382, 0.00014823298261, -0.00016229810717, -0.00110671971925, -0.00165940704755, 0.000968085310888, 0.000207316625165, -0.000886450638063, 1.49724419316e-05, -0.000125300968648, 0.000253613427049, 0.00805725809187, -0.00179803883657], [0.000252180121606, 0.000150977299199, 0.00021329705487, -0.000393526686821, 0.000234163424466, 0.000362247345038, -0.00166851002723, -0.000204621988814, -0.00206958409399, 9.4034417998e-05, 0.000116434777738, -0.00179803883657, 0.0125417811796]]
    },
    "spectral_contrast_coeffs": {
        "max": [-0.296787232161, -0.404297590256, -0.431335628033, -0.597610116005, -0.477089703083, -0.518994808197],
        "mean": [-0.586723208427, -0.703969180584, -0.765443742275, -0.815456271172, -0.797153055668, -0.763881385326],
        "min": [-0.847511947155, -0.893443226814, -0.931460678577, -0.91784620285, -0.897760570049, -0.921392977238],
        "stdev": [0.0912282392383, 0.0832722783089, 0.0747344866395, 0.0485489964485, 0.0659803971648, 0.048621032387]
    },
    "spectral_contrast_valleys": {
        "max": [-5.40000772476, -5.42414999008, -6.0629234314, -6.37820243835, -6.44311618805, -7.34215354919],
        "mean": [-7.5398311615, -7.55511856079, -8.44838047028, -8.76149463654, -8.86488437653, -11.1153917313],
        "min": [-9.51412773132, -9.50404644012, -10.6146831512, -10.8392686844, -11.0427970886, -14.0407123566],
        "stdev": [0.551798582077, 0.655681312084, 0.695553421974, 0.648487329483, 0.771666169167, 1.42367374897]
    }
},
"rhythm": {
    "beats_count": 93,
    "beats_loudness": {
        "max": 0.102940574288,
        "mean": 0.0231219101697,
        "min": 0.00129294942599,
        "stdev": 0.0222454611212
    },
    "bpm": 122.584251404,
    "bpm_histogram_first_peak_bpm": 123,
    "bpm_histogram_first_peak_weight": 0.571428537369,
    "bpm_histogram_second_peak_bpm": 92,
    "bpm_histogram_second_peak_spread": 0.230769217014,
    "bpm_histogram_second_peak_weight": 0.108695648611,
    "danceability": 1.02235782146,
    "onset_rate": 2.87109375,
    "beats_loudness_band_ratio": {
        "max": [0.735962808132, 0.939602911472, 0.661002397537, 0.625314772129, 0.286246955395, 0.896188318729],
        "mean": [0.124826215208, 0.604644954205, 0.105177357793, 0.0708478912711, 0.0396430082619, 0.10447229445],
        "min": [0.0049309078604, 0.0298097636551, 0.00244018202648, 0.000936954515055, 0.000230234334595, 0.000300879764836],
        "stdev": [0.147476136684, 0.254739582539, 0.126389250159, 0.115798279643, 0.0548942238092, 0.231413707137]
    },
