{
"metadata": {
    "version": {
        "essentia": "2.1-beta5",
        "essentia_git_sha": "Undefined",
        "extractor": "music 2.0"
    },
    "audio_properties": {
        "analysis": {
            "equal_loudness": 0,
            "length": 50.1551017761,
            "sample_rate": 44100,
            "start_time": 142.744674683,
            "downmix": "mix"
        },
        "bit_rate": 192000,
        "length": 192.92300415,
        "lossless": 0,
        "number_channels": 2,
        "replay_gain": -2.68519592285,
        "sample_rate": 48000,
        "codec": "mp3",
        "md5_encoded": "3d6478af09f99a68281e1cfafcdfefab"
    },
    "tags": {
        "file_name": "Lithuania_This Time_Monika _ Vaidas.mp3",
        "encoding": ["Lavf58.29.100"]
    }
},
"lowlevel": {
    "average_loudness": 0.85352063179,
    "barkbands_crest": {
        "max": 22.0186347961,
        "mean": 7.69189977646,
        "min": 1.83909416199,
        "stdev": 3.40938520432
    },
    "barkbands_flatness_db": {
        "max": 0.245972931385,
        "mean": 0.116930387914,
        "min": 0.0358243174851,
        "stdev": 0.0402291044593
    },
    "barkbands_kurtosis": {
        "max": 23.518245697,
        "mean": 1.21452963352,
        "min": -1.6777472496,
        "stdev": 2.38577103615
    },
    "barkbands_skewness": {
        "max": 4.70154333115,
        "mean": 0.846882462502,
        "min": -1.67183470726,
        "stdev": 0.725657820702
    },
    "barkbands_spread": {
        "max": 73.3055953979,
        "mean": 23.3967838287,
        "min": 3.6692636013,
        "stdev": 10.4266777039
    },
    "dissonance": {
        "max": 0.5,
        "mean": 0.474809557199,
        "min": 0.35148525238,
        "stdev": 0.0226632710546
    },
    "dynamic_complexity": 2.6538567543,
    "erbbands_crest": {
        "max": 28.0365257263,
        "mean": 8.50584888458,
        "min": 2.66106319427,
        "stdev": 3.79179787636
    },
    "erbbands_flatness_db": {
        "max": 0.315650641918,
        "mean": 0.171500712633,
        "min": 0.0768551081419,
        "stdev": 0.0476983748376
    },
    "erbbands_kurtosis": {
        "max": 12.0952510834,
        "mean": 0.985632658005,
        "min": -1.52172446251,
        "stdev": 1.48885071278
    },
    "erbbands_skewness": {
        "max": 2.59824633598,
        "mean": 0.634853899479,
        "min": -1.46168422699,
        "stdev": 0.582815647125
    },
    "erbbands_spread": {
        "max": 91.6271972656,
        "mean": 28.1608181,
        "min": 8.5027551651,
        "stdev": 11.8624982834
    },
    "hfc": {
        "max": 219.121627808,
        "mean": 30.8705673218,
        "min": 0.334464013577,
        "stdev": 22.084236145
    },
    "loudness_ebu128": {
        "integrated": -19.6909885406,
        "loudness_range": 5.982837677,
        "momentary": {
            "max": -14.1252775192,
            "mean": -20.6990146637,
            "min": -34.1520385742,
            "stdev": 3.3250875473
        },
        "short_term": {
            "max": -16.4052066803,
            "mean": -20.1987609863,
            "min": -27.1287384033,
            "stdev": 2.18443346024
        }
    },
    "melbands_crest": {
        "max": 33.804851532,
        "mean": 10.9709777832,
        "min": 2.21805214882,
        "stdev": 5.25037527084
    },
    "melbands_flatness_db": {
        "max": 0.313773602247,
        "mean": 0.135282129049,
        "min": 0.0212906580418,
        "stdev": 0.039743296802
    },
    "melbands_kurtosis": {
        "max": 77.680557251,
        "mean": 4.38458251953,
        "min": -1.56560850143,
        "stdev": 5.65492868423
    },
    "melbands_skewness": {
        "max": 7.81462097168,
        "mean": 1.4715116024,
        "min": -0.367436289787,
        "stdev": 0.973844349384
    },
    "melbands_spread": {
        "max": 183.363571167,
        "mean": 31.3387031555,
        "min": 4.54313468933,
        "stdev": 16.3954772949
    },
    "pitch_salience": {
        "max": 0.868311941624,
        "mean": 0.623827278614,
        "min": 0.202660351992,
        "stdev": 0.100672110915
    },
    "silence_rate_20dB": {
        "max": 1,
        "mean": 1,
        "min": 1,
        "stdev": 0
    },
    "silence_rate_30dB": {
        "max": 1,
        "mean": 0.979176282883,
        "min": 0,
        "stdev": 0.142794951797
    },
    "silence_rate_60dB": {
        "max": 1,
        "mean": 0.0620083287358,
        "min": 0,
        "stdev": 0.241171091795
    },
    "spectral_centroid": {
        "max": 4122.82763672,
        "mean": 1660.53771973,
        "min": 361.485626221,
        "stdev": 449.214385986
    },
    "spectral_complexity": {
        "max": 52,
        "mean": 26.8102722168,
        "min": 0,
        "stdev": 9.89659404755
    },
    "spectral_decrease": {
        "max": -9.88612733344e-11,
        "mean": -7.0552816922e-09,
        "min": -4.39247607176e-08,
        "stdev": 6.34420826984e-09
    },
    "spectral_energy": {
        "max": 0.171375840902,
        "mean": 0.0294283498079,
        "min": 0.000416448077885,
        "stdev": 0.0252601467073
    },
    "spectral_energyband_high": {
        "max": 0.0120734758675,
        "mean": 0.0011693543056,
        "min": 6.17359046373e-06,
        "stdev": 0.00102377403527
    },
    "spectral_energyband_low": {
        "max": 0.124663159251,
        "mean": 0.00774869229645,
        "min": 2.62279584717e-08,
        "stdev": 0.0182133670896
    },
    "spectral_energyband_middle_high": {
        "max": 0.0797883942723,
        "mean": 0.0120563255623,
        "min": 0.000111911191198,
        "stdev": 0.0098307384178
    },
    "spectral_energyband_middle_low": {
        "max": 0.0677135810256,
        "mean": 0.00952202733606,
        "min": 7.35400972189e-05,
        "stdev": 0.00820309668779
    },
    "spectral_entropy": {
        "max": 8.77598667145,
        "mean": 7.90833616257,
        "min": 6.38568782806,
        "stdev": 0.238911941648
    },
    "spectral_flux": {
        "max": 0.316300630569,
        "mean": 0.0992793515325,
        "min": 0.00862085726112,
        "stdev": 0.0526362136006
    },
    "spectral_kurtosis": {
        "max": 11.3817081451,
        "mean": 3.32171535492,
        "min": -0.793351888657,
        "stdev": 1.32402479649
    },
    "spectral_rms": {
        "max": 0.0129304267466,
        "mean": 0.0049357493408,
        "min": 0.000637409451883,
        "stdev": 0.00208541378379
    },
    "spectral_rolloff": {
        "max": 10572.8027344,
        "mean": 1936.65380859,
        "min": 64.599609375,
        "stdev": 1183.8828125
    },
    "spectral_skewness": {
        "max": 2.8869562149,
        "mean": 1.47967660427,
        "min": 0.305570304394,
        "stdev": 0.264952331781
    },
    "spectral_spread": {
        "max": 12488762,
        "mean": 4651563.5,
        "min": 2829904,
        "stdev": 887806.875
    },
    "spectral_strongpeak": {
        "max": 10.4924440384,
        "mean": 1.43615722656,
        "min": 0,
        "stdev": 1.46427798271
    },
    "zerocrossingrate": {
        "max": 0.31396484375,
        "mean": 0.0801434218884,
        "min": 0.01953125,
        "stdev": 0.0304926373065
    },
    "barkbands": {
        "max": [0.0175323523581, 0.105729579926, 0.0446795448661, 0.031495641917, 0.0139402346686, 0.0354174822569, 0.0193954370916, 0.0253989789635, 0.0617719106376, 0.0415990762413, 0.0294527113438, 0.0132330385968, 0.0442396700382, 0.0371127948165, 0.0208297558129, 0.010048981756, 0.0291589144617, 0.0102739129215, 0.00441265571862, 0.0027396697551, 0.00424127886072, 0.00467657484114, 0.00752671854571, 0.00400853250176, 0.00284945988096, 0.000567496637814, 4.33352943219e-06],
        "mean": [0.000606026500463, 0.00548367155716, 0.00126847927459, 0.000851103686728, 0.00107671285514, 0.00102128868457, 0.000947781838477, 0.000951814639848, 0.00301380385645, 0.0032027149573, 0.00223965407349, 0.00133290479425, 0.00133095728233, 0.00168671447318, 0.00107069907244, 0.000566784758121, 0.000644885702059, 0.000485262891743, 0.000316215038765, 0.000327294052113, 0.00020855072944, 0.000229742800002, 0.000236597014009, 0.000191424420336, 9.81887278613e-05, 3.9046521124e-05, 1.1326997118e-08],
        "min": [8.79144312904e-10, 1.97574712146e-09, 3.32603700137e-09, 8.8855953706e-09, 4.41444001353e-07, 2.01507759812e-06, 1.26901886688e-06, 2.34602384808e-06, 1.21729344755e-05, 8.1750758909e-06, 6.5753843046e-06, 8.2002761701e-06, 2.55925942838e-06, 3.47369450537e-06, 3.15302099807e-06, 2.32713227888e-06, 2.03509102903e-06, 2.00799763661e-06, 1.17557954127e-06, 1.67682856045e-06, 1.59892215379e-06, 9.33457670271e-07, 8.7751124056e-07, 5.86392047808e-07, 1.94667109099e-07, 1.26179822146e-08, 7.85504786216e-11],
        "stdev": [0.00188657385297, 0.0144136892632, 0.00369905657135, 0.00217782147229, 0.00138384243473, 0.00155445572454, 0.00176826235838, 0.00161660625599, 0.00384733383544, 0.00479671824723, 0.00325158843771, 0.00148460222408, 0.00206090067513, 0.00223710970022, 0.00156973558478, 0.000771595281549, 0.00148683646694, 0.000668958760798, 0.000300578481983, 0.00030642998172, 0.000211663355003, 0.000280623178696, 0.000317444617394, 0.000243310059886, 0.000142079341458, 5.13495542691e-05, 1.45235460991e-07]
    },
    "erbbands": {
        "max": [5.88151168823, 25.3358726501, 53.0368156433, 77.1704177856, 78.0182571411, 57.0698623657, 94.6492614746, 398.290252686, 311.105895996, 438.425537109, 681.047485352, 1734.1640625, 1767.04125977, 1163.14587402, 977.3359375, 654.123779297, 1785.34106445, 2246.11743164, 960.923095703, 742.502197266, 496.671264648, 1955.22229004, 480.282806396, 406.626281738, 208.860702515, 167.465774536, 264.688293457, 113.215530396, 141.600616455, 122.167625427, 253.209960938, 65.2742233276, 86.7268295288, 35.2774887085, 18.7689323425, 3.54002523422, 1.0256575346, 0.0781824663281, 0.00147206464317, 0.000198126188479],
        "mean": [0.218454927206, 0.981606066227, 1.54177320004, 2.33991408348, 3.46496152878, 3.47357654572, 5.76603937149, 7.88725042343, 11.8351097107, 15.4281387329, 31.7446632385, 66.2811279297, 111.734397888, 95.0869598389, 65.6997299194, 56.6001586914, 61.7319908142, 84.4315948486, 67.3819198608, 46.0112342834, 31.3223991394, 38.0730857849, 28.340221405, 19.7374649048, 14.818860054, 15.3586015701, 11.0509557724, 7.1124625206, 8.12827205658, 7.67761039734, 6.81716489792, 4.39740085602, 2.99247980118, 1.39033317566, 0.550839245319, 0.284447997808, 0.0423448160291, 0.00124308047816, 6.29109999863e-05, 4.14433925471e-05],
        "min": [1.45252130324e-07, 9.00624513633e-07, 7.72222938394e-06, 5.11319412908e-05, 0.000545065558981, 0.00318906921893, 0.00809592846781, 0.0193521138281, 0.0403449051082, 0.0422841720283, 0.167986601591, 0.354811936617, 0.3210105896, 0.314757198095, 0.368572920561, 0.319925576448, 0.218454614282, 0.227070793509, 0.246702209115, 0.149041712284, 0.160509496927, 0.140867069364, 0.0930003225803, 0.0908395126462, 0.0657609924674, 0.0871063992381, 0.0783859342337, 0.0479258559644, 0.0293857064098, 0.0309840459377, 0.0236457102001, 0.0159524623305, 0.00518495030701, 0.00189523154404, 0.00161747087259, 0.000176414338057, 5.33671527592e-06, 3.86827281318e-07, 3.25706736248e-07, 5.50906804619e-07],
        "stdev": [0.658201396465, 2.55763483047, 4.44253540039, 5.89504528046, 6.21085691452, 4.36173152924, 8.11715602875, 14.509519577, 21.9979095459, 31.381729126, 44.08177948, 89.8387069702, 189.223937988, 127.679771423, 90.5303497314, 61.6558074951, 83.7662887573, 115.14831543, 89.2672653198, 58.525642395, 43.4606628418, 90.1748504639, 38.4312095642, 23.4381809235, 14.0084438324, 14.7948961258, 12.0753030777, 6.45138788223, 9.65669631958, 9.63263893127, 9.7754945755, 5.32145547867, 4.18321847916, 2.00622344017, 0.82815438509, 0.367383778095, 0.0675338208675, 0.00431510293856, 9.23191546462e-05, 3.20612052747e-05]
    },
    "gfcc": {
        "mean": [23.6817531586, 60.4875946045, -156.072814941, 17.0724525452, -77.044921875, 29.7630004883, -42.2692718506, 14.4529848099, -28.0027122498, 0.140236750245, -19.8678226471, -1.6481205225, -9.27518367767],
        "cov": [[3109.72485352, 426.735992432, 641.396484375, 544.761230469, 606.873962402, 475.880432129, 268.525268555, 342.350830078, 304.665771484, 327.29586792, 150.142364502, 81.615776062, -1.69854235649], [426.735992432, 1275.95593262, 1023.68725586, 608.799987793, 490.765869141, 271.831604004, 170.088867188, 68.6531600952, 117.31880188, 165.036132812, 161.833251953, 25.5880756378, 19.0150279999], [641.396484375, 1023.68725586, 1426.1619873, 803.24597168, 527.042602539, 277.758636475, 35.7995872498, 97.5158843994, 83.1799545288, 215.485687256, 113.21131897, 88.3575057983, -11.7371263504], [544.761230469, 608.799987793, 803.24597168, 672.530029297, 417.15927124, 235.605621338, 75.9785232544, 91.688369751, 101.049720764, 142.486572266, 87.971786499, 56.1271629333, 26.886264801], [606.873962402, 490.765869141, 527.042602539, 417.15927124, 410.687133789, 257.659179688, 138.381134033, 118.698677063, 102.019432068, 130.959793091, 66.8307037354, 41.6278381348, 18.0647525787], [475.880432129, 271.831604004, 277.758636475, 235.605621338, 257.659179688, 268.733978271, 162.583465576, 101.241661072, 79.6212997437, 77.478263855, 42.971824646, 0.685593545437, 25.0780010223], [268.525268555, 170.088867188, 35.7995872498, 75.9785232544, 138.381134033, 162.583465576, 198.937210083, 92.6129455566, 63.6484947205, 32.8586044312, 28.6939754486, -10.2121572495, 12.5989933014], [342.350830078, 68.6531600952, 97.5158843994, 91.688369751, 118.698677063, 101.241661072, 92.6129455566, 140.074966431, 96.2795562744, 59.5494384766, 20.6398048401, 4.55864095688, 2.67130017281], [304.665771484, 117.31880188, 83.1799545288, 101.049720764, 102.019432068, 79.6212997437, 63.6484947205, 96.2795562744, 139.807556152, 84.2521820068, 39.2708854675, 6.5285487175, 11.4877767563], [327.29586792, 165.036132812, 215.485687256, 142.486572266, 130.959793091, 77.478263855, 32.8586044312, 59.5494384766, 84.2521820068, 137.677703857, 62.9962463379, 34.9535675049, 2.73320508003], [150.142364502, 161.833251953, 113.21131897, 87.971786499, 66.8307037354, 42.971824646, 28.6939754486, 20.6398048401, 39.2708854675, 62.9962463379, 91.6060791016, 34.9684448242, 14.6208353043], [81.615776062, 25.5880756378, 88.3575057983, 56.1271629333, 41.6278381348, 0.685593545437, -10.2121572495, 4.55864095688, 6.5285487175, 34.9535675049, 34.9684448242, 76.1331634521, 15.634180069], [-1.69854235649, 19.0150279999, -11.7371263504, 26.886264801, 18.0647525787, 25.0780010223, 12.5989933014, 2.67130017281, 11.4877767563, 2.73320508003, 14.6208353043, 15.634180069, 60.8225059509]],
        "icov": [[0.000593584089074, 0.00023896813218, -3.77106334781e-05, 7.18458977644e-05, -0.000554308178835, -0.000487128359964, 0.000144396981341, -0.000445877260063, -0.000293123186566, -0.000389560329495, -0.000372863229131, -8.80621810211e-05, 0.000443123048171], [0.00023896813218, 0.00620354665443, -0.00528849009424, 0.00285650603473, -0.00654921401292, 0.00574560416862, -0.00638684816658, 0.00659090932459, -0.00510867778212, 0.00395629554987, -0.00759124942124, 0.00663108332083, -0.0026988547761], [-3.77106334781e-05, -0.00528849009424, 0.00739161856472, -0.00522319227457, 0.00493850093335, -0.00594864785671, 0.00704467250034, -0.00646365666762, 0.00620437785983, -0.00515768583864, 0.00626902934164, -0.00615814048797, 0.00433399993926], [7.18458977644e-05, 0.00285650603473, -0.00522319227457, 0.00877302605659, -0.00776535179466, 0.0031858922448, -0.00215295469388, 0.00432079844177, -0.00491269398481, 0.00406979350373, -0.00480385869741, 0.00372224440798, -0.00358506897464], [-0.000554308178835, -0.00654921401292, 0.00493850093335, -0.00776535179466, 0.0212832130492, -0.0125727038831, 0.00471105473116, -0.00830629374832, 0.00614980934188, -0.00707606226206, 0.0101423440501, -0.0103756552562, 0.00405460875481], [-0.000487128359964, 0.00574560416862, -0.00594864785671, 0.0031858922448, -0.0125727038831, 0.0223882235587, -0.0141319297254, 0.00639639608562, -0.00386406364851, 0.00307340291329, -0.00689902482554, 0.0112428665161, -0.00785628519952], [0.000144396981341, -0.00638684816658, 0.00704467250034, -0.00215295469388, 0.00471105473116, -0.0141319297254, 0.0210167188197, -0.0118936523795, 0.0053630406037, -0.00158418237697, 0.00407133949921, -0.00604965956882, 0.0045429659076], [-0.000445877260063, 0.00659090932459, -0.00646365666762, 0.00432079844177, -0.00830629374832, 0.00639639608562, -0.0118936523795, 0.0263352245092, -0.0160902421921, 0.00523227127269, -0.00472185993567, 0.00535131292418, -0.00153007707559], [-0.000293123186566, -0.00510867778212, 0.00620437785983, -0.00491269398481, 0.00614980934188, -0.00386406364851, 0.0053630406037, -0.0160902421921, 0.0247303619981, -0.0126319313422, 0.00456738984212, -0.00151042779908, -0.000492671038955], [-0.000389560329495, 0.00395629554987, -0.00515768583864, 0.00406979350373, -0.00707606226206, 0.00307340291329, -0.00158418237697, 0.00523227127269, -0.0126319313422, 0.0233761407435, -0.0120647642761, 0.00110858073458, 0.000841335626319], [-0.000372863229131, -0.00759124942124, 0.00626902934164, -0.00480385869741, 0.0101423440501, -0.00689902482554, 0.00407133949921, -0.00472185993567, 0.00456738984212, -0.0120647642761, 0.0288396608084, -0.0137789947912, 0.00118107465096], [-8.80621810211e-05, 0.00663108332083, -0.00615814048797, 0.00372224440798, -0.0103756552562, 0.0112428665161, -0.00604965956882, 0.00535131292418, -0.00151042779908, 0.00110858073458, -0.0137789947912, 0.0276414621621, -0.0090025216341], [0.000443123048171, -0.0026988547761, 0.00433399993926, -0.00358506897464, 0.00405460875481, -0.00785628519952, 0.0045429659076, -0.00153007707559, -0.000492671038955, 0.000841335626319, 0.00118107465096, -0.0090025216341, 0.0229650698602]]
    },
    "melbands": {
        "max": [0.0391243211925, 0.0264200810343, 0.0131336012855, 0.00375030376017, 0.00277850683779, 0.00819271802902, 0.0042660497129, 0.00396859645844, 0.0052858190611, 0.0113522894681, 0.00859240069985, 0.00436003459617, 0.00436498038471, 0.00161590403877, 0.00255509605631, 0.00575797259808, 0.00463218521327, 0.00154274294619, 0.00189380371012, 0.000787770375609, 0.000671599293128, 0.00259631196968, 0.000833536672872, 0.000553934660275, 0.000348016968928, 0.000187515019206, 0.000120126627735, 9.34532727115e-05, 0.000207384975511, 9.94478759822e-05, 4.99963643961e-05, 9.00091836229e-05, 9.01823877939e-05, 8.30063218018e-05, 0.000141620985232, 9.73214118858e-05, 4.26258193329e-05, 6.20826467639e-05, 4.09279455198e-05, 2.84280322376e-05],
        "mean": [0.00172020553146, 0.000949242443312, 0.000436415226432, 0.00025342637673, 0.0001825675281, 0.000189401151147, 0.000185776792932, 0.000161236210261, 0.000298308616038, 0.000444028177299, 0.000547100149561, 0.00036947868648, 0.000254531361861, 0.00014314778673, 0.00014620021102, 0.000137028080644, 0.000162602344062, 0.000112523790449, 8.03748625913e-05, 4.57827663922e-05, 3.37213350576e-05, 4.18110903411e-05, 2.98176928482e-05, 2.07641587622e-05, 1.55950219778e-05, 1.11871131594e-05, 1.06743345896e-05, 9.98554423859e-06, 7.62865147408e-06, 4.63115702587e-06, 3.92305491914e-06, 4.51975120086e-06, 4.58364411315e-06, 4.11944256484e-06, 4.10411576013e-06, 3.19288983519e-06, 2.49207505476e-06, 2.18608693103e-06, 1.65660333096e-06, 1.01159298538e-06],
        "min": [6.01737881745e-10, 3.07485681361e-09, 6.11235062564e-09, 9.75206404519e-08, 2.50618455766e-07, 3.99552988029e-07, 6.25479913197e-07, 3.94506912471e-07, 9.65629624261e-07, 2.28354247156e-06, 1.46624097397e-06, 7.89079251717e-07, 8.67760888923e-07, 6.94871687301e-07, 4.28247318496e-07, 3.08985192987e-07, 3.54184265916e-07, 2.82773100935e-07, 1.97118509959e-07, 1.43785683804e-07, 1.31941149561e-07, 1.24096317222e-07, 9.29901275981e-08, 7.90991521171e-08, 7.02293760924e-08, 5.49093428504e-08, 3.96995183394e-08, 5.22646459444e-08, 3.23712363581e-08, 3.57436853449e-08, 2.63333621575e-08, 1.27845893871e-08, 2.16221422988e-08, 1.47249092919e-08, 1.22798917701e-08, 1.10121289865e-08, 8.22023160651e-09, 4.29153645953e-09, 1.48304313274e-09, 1.42839773343e-09],
        "stdev": [0.0047341492027, 0.00247258367017, 0.00100553210359, 0.00034996130853, 0.000238752807491, 0.000319272192428, 0.000327670626575, 0.000316437188303, 0.000399052776629, 0.000613358512055, 0.000930005684495, 0.000497198838275, 0.000358008692274, 0.000170057392097, 0.000163008706295, 0.000248171156272, 0.000230234669289, 0.000160224139108, 0.000123810052173, 5.99833765591e-05, 5.1108898333e-05, 0.000115992406791, 4.16713082814e-05, 3.19555947499e-05, 1.91873732547e-05, 1.16305118354e-05, 1.07501346065e-05, 1.01065543276e-05, 9.31934846449e-06, 4.74085118185e-06, 3.74965793526e-06, 5.44451086171e-06, 6.23111463938e-06, 5.25556197317e-06, 5.98174119659e-06, 4.3979007387e-06, 3.23829499393e-06, 3.17066519528e-06, 2.42655073635e-06, 1.53689200033e-06]
    },
    "melbands128": {
        "max": [0.0166776105762, 0.0586147345603, 0.0487669222057, 0.0434726402164, 0.0331989265978, 0.017776530236, 0.0163881033659, 0.0149127878249, 0.00825194083154, 0.00390546885319, 0.00374496472068, 0.00307570793666, 0.00449176691473, 0.00387947494164, 0.00934227928519, 0.0133395176381, 0.00555774848908, 0.00680228089914, 0.00768970418721, 0.00755727197975, 0.00424812175333, 0.0054068248719, 0.00849917437881, 0.00534904142842, 0.0160702671856, 0.0135669577867, 0.00934913661331, 0.015618275851, 0.00708006694913, 0.00800573825836, 0.00981789734215, 0.00935629568994, 0.0082648973912, 0.0057206521742, 0.0025333436206, 0.00303101795726, 0.00391062255949, 0.00319122686051, 0.00324329268187, 0.00486349314451, 0.0103890988976, 0.00957793835551, 0.00978969875723, 0.00567323016003, 0.00305379228666, 0.00259189051576, 0.00397302443162, 0.00377325341105, 0.00201789080165, 0.0012454421958, 0.00150706910063, 0.00140738673508, 0.00107957026921, 0.00110481982119, 0.00279973563738, 0.00563726853579, 0.00203227298334, 0.00153304310516, 0.000909165071789, 0.00118911627214, 0.000874713470694, 0.000842144247144, 0.00100322929211, 0.000413135770941, 0.000397513242206, 0.000294498429867, 0.000317994155921, 0.000178236179636, 0.00011977925169, 0.000196306966245, 0.000131656503072, 0.000275172555121, 0.00020101244445, 0.000423341669375, 0.000103846396087, 8.91867020982e-05, 0.000137548675411, 7.12831533747e-05, 6.65166589897e-05, 6.3733306888e-05, 0.000192869236344, 0.000171074352693, 0.000101396770333, 0.000137768714922, 0.00017048123118, 9.82303899946e-05, 0.000136574875796, 7.55984510761e-05, 0.000135237467475, 0.000368207227439, 0.000111352012027, 6.20339196757e-05, 7.80498230597e-05, 5.41520166735e-05, 5.46184346604e-05, 4.99807028973e-05, 8.70383519214e-05, 9.69810789684e-05, 3.81495374313e-05, 3.67518987332e-05, 3.78307740903e-05, 2.27103773796e-05, 1.88970279851e-05, 5.87143331359e-05, 1.20388367577e-05, 1.49121906361e-05, 1.86395627679e-05, 9.4112183433e-06, 7.62220406614e-06, 5.26626172359e-06, 3.61795423487e-06, 4.00348244511e-06, 6.3306742959e-06, 2.50761263487e-06, 2.51197047874e-06, 7.96492201971e-07, 1.39608715699e-07, 1.1935874511e-08, 1.16953629004e-08, 1.14628910808e-08, 1.11742846087e-08, 1.09387174874e-08, 1.08249258446e-08, 1.06859046056e-08, 1.05603694678e-08, 1.04159045833e-08, 1.03324557799e-08, 1.02873478625e-08],
        "mean": [0.000536360079423, 0.00193388888147, 0.00216387491673, 0.00144451099914, 0.000866818241775, 0.000591166783124, 0.00047847541282, 0.000405526981922, 0.000352970615495, 0.000272584555205, 0.000175890352693, 0.000122405632283, 0.000202411669306, 0.000243039583438, 0.000149480532855, 0.000184397387784, 0.00021066237241, 0.000155204397743, 0.000204403841053, 0.000176384506631, 0.000127968174638, 0.000147936472786, 0.000354228366632, 0.000409404630773, 0.000373272428988, 0.000468350888696, 0.000566055765375, 0.000721350719687, 0.000353758077836, 0.000264183065156, 0.000467638950795, 0.000397782685468, 0.000210125013837, 0.000193268992007, 0.000128738567582, 0.000129203588585, 0.000159043396707, 0.000169389750226, 0.000117372452223, 0.000124662241433, 0.000158983748406, 0.00012022703595, 0.000177200970938, 0.00017552668578, 0.000138271570904, 9.76594019448e-05, 8.52805751492e-05, 9.93393550743e-05, 6.89306471031e-05, 4.93125407957e-05, 4.58608847111e-05, 3.86037718272e-05, 3.21643383359e-05, 3.14626486215e-05, 3.70911438949e-05, 5.19324894412e-05, 3.68204018741e-05, 2.64245518338e-05, 3.16603363899e-05, 2.74613958027e-05, 1.90810169443e-05, 1.59085593623e-05, 1.8519040168e-05, 1.48217959577e-05, 1.26315208036e-05, 1.16831624837e-05, 9.84444523056e-06, 9.1165820777e-06, 1.15321599878e-05, 1.19370433822e-05, 9.79497599474e-06, 9.37323693506e-06, 8.49422303872e-06, 7.58412033974e-06, 6.44789452053e-06, 4.5296060307e-06, 3.92068568544e-06, 3.93699201595e-06, 3.84922805097e-06, 3.93870368498e-06, 4.39649465989e-06, 4.82601171825e-06, 4.76965351481e-06, 4.527751571e-06, 4.51231016996e-06, 4.17328101321e-06, 3.96057248508e-06, 4.02875502914e-06, 4.28060320701e-06, 4.09318499806e-06, 3.48945286532e-06, 2.89323361358e-06, 2.71778571914e-06, 2.58788554675e-06, 2.24525956583e-06, 2.26138763537e-06, 2.20755509872e-06, 2.07141670217e-06, 1.73523528701e-06, 1.43618524362e-06, 1.17021534152e-06, 9.74913405116e-07, 7.70722635934e-07, 6.23034111413e-07, 5.37444009296e-07, 5.05911032178e-07, 6.73209797242e-07, 7.54269819936e-07, 4.68845939849e-07, 3.45509363342e-07, 3.13988181233e-07, 2.64468894784e-07, 3.96386461432e-08, 1.40023823647e-08, 8.93772611477e-09, 3.29831206791e-09, 3.24171328669e-10, 1.51319200226e-11, 1.94307573503e-11, 1.94373146051e-11, 1.32625741986e-11, 1.29786468031e-11, 1.27936853819e-11, 1.25628544026e-11, 1.22639528741e-11, 1.18930507803e-11, 1.1669540334e-11, 1.15932315831e-11],
        "min": [1.06866814009e-10, 3.83255482905e-10, 4.43097891711e-10, 6.51102838312e-10, 6.15762552059e-10, 1.06623465612e-09, 4.80301265426e-09, 3.70061226107e-09, 7.1379124833e-09, 2.00051530896e-08, 3.90769585579e-08, 8.62209148522e-09, 7.69110215515e-08, 2.34672242527e-07, 2.01644390074e-08, 2.25068390591e-08, 1.69215979895e-07, 9.97512046297e-08, 9.49573575326e-08, 7.27270474954e-08, 1.0503359249e-07, 1.94574468537e-07, 3.37621514745e-07, 4.7694783234e-07, 5.36446805199e-07, 3.67664341638e-07, 1.27727821564e-06, 1.18878381272e-06, 4.64774615239e-07, 2.72487994835e-07, 5.35012077307e-07, 7.13816007192e-07, 2.0440771209e-07, 9.08109853981e-08, 1.00490488819e-07, 2.49520155648e-07, 2.03005072308e-07, 3.33200489422e-07, 1.23396674212e-07, 1.68215521512e-07, 9.28048464743e-08, 1.12241579586e-07, 1.37755804985e-07, 2.39082936559e-07, 1.27709967046e-07, 9.47523162154e-08, 7.47449462324e-08, 1.25185948718e-07, 1.03356946113e-07, 4.90116427443e-08, 6.82021550347e-08, 4.95117618016e-08, 6.00853624633e-08, 4.94417022878e-08, 3.19927195847e-08, 4.11381400056e-08, 7.67257688494e-08, 4.8028102384e-08, 4.94563998643e-08, 4.26204920245e-08, 2.81620504694e-08, 3.10377359369e-08, 4.83142983398e-08, 3.54352209797e-08, 5.0931731721e-08, 3.42854455937e-08, 1.98100327253e-08, 2.42112037085e-08, 3.54427527327e-08, 9.94556081935e-09, 3.71633035456e-08, 3.37898704572e-08, 2.09462349687e-08, 1.97470146901e-08, 2.08803374591e-08, 2.10268940037e-08, 1.44192568996e-08, 1.62845879004e-08, 2.21527169941e-08, 1.62573030593e-08, 6.17620221632e-09, 8.06246092111e-09, 1.12483302672e-08, 1.40596503329e-08, 1.32220572269e-08, 1.28226940177e-08, 1.43194620605e-08, 8.43196357181e-09, 6.41022745995e-09, 5.63195445835e-09, 1.44004923541e-08, 4.78791362113e-09, 5.36145616792e-09, 7.57368212589e-09, 3.09827652423e-09, 4.83712137012e-09, 1.70461811333e-09, 2.51267784357e-09, 5.29160826268e-10, 1.7919246087e-09, 4.54301624098e-10, 7.45878567243e-11, 7.93449306258e-10, 3.17689485829e-10, 1.61574711943e-11, 2.01889158169e-10, 2.00124555816e-10, 7.47283693259e-11, 4.88128027581e-12, 8.2965656914e-12, 2.97120401199e-12, 5.1755073751e-13, 3.19069179714e-13, 2.75778586165e-13, 2.84038661732e-13, 2.62653234665e-13, 2.50384999192e-13, 2.38098034127e-13, 2.73832795631e-13, 2.95424736107e-13, 2.00822363838e-13, 2.430477152e-13, 2.5753509568e-13, 2.77990331492e-13, 1.74866265673e-13, 7.7578229756e-14, 9.04156764514e-15, 3.26216025501e-16],
        "stdev": [0.00172838452272, 0.00628717849031, 0.00595544883981, 0.00396674219519, 0.00263225054368, 0.00168367067818, 0.00126650149468, 0.00102841469925, 0.000663457612973, 0.000415961345425, 0.000262913352344, 0.000228821270866, 0.000334204436513, 0.000382742495276, 0.0003654830507, 0.000460256036604, 0.000480901682749, 0.00038147388841, 0.000492958992254, 0.000494837411679, 0.000332249124767, 0.000319463579217, 0.000617032172158, 0.000620025792159, 0.000708068837412, 0.000887970614713, 0.00111488474067, 0.00160454772413, 0.00058115972206, 0.000460030365502, 0.000910521543119, 0.000689546053763, 0.000448716280516, 0.000402267905883, 0.000234696752159, 0.000214975239942, 0.000252389814705, 0.000230426332564, 0.00019658599922, 0.000233518323512, 0.000416642549681, 0.000296670070384, 0.000353995012119, 0.000288964307401, 0.000258207845036, 0.000209168560104, 0.000189468715689, 0.000209265970625, 0.000123570469441, 8.48058116389e-05, 7.83462892286e-05, 7.80411792221e-05, 5.79576226301e-05, 6.0772679717e-05, 0.000103976701212, 0.000212522601942, 9.46895670495e-05, 5.1951239584e-05, 5.61426895729e-05, 5.11709113198e-05, 4.4410036935e-05, 3.43760075339e-05, 3.7605426769e-05, 2.02636529139e-05, 1.76585253939e-05, 1.52191769303e-05, 1.42883818626e-05, 1.10751925604e-05, 1.44550022014e-05, 1.71691790456e-05, 1.21982284327e-05, 1.29523004944e-05, 1.29917689264e-05, 1.40927459142e-05, 8.46180864755e-06, 5.39452275916e-06, 5.08927041665e-06, 4.26854239777e-06, 4.17615774495e-06, 4.71197063234e-06, 6.62179672872e-06, 7.25352447262e-06, 7.1136500992e-06, 7.01560929883e-06, 8.01834721642e-06, 5.96693143962e-06, 5.66448989048e-06, 5.58305737286e-06, 6.35938522464e-06, 1.02881849671e-05, 5.17531725563e-06, 4.15322256231e-06, 3.9136543819e-06, 3.85256498703e-06, 3.15115016747e-06, 3.4933796087e-06, 3.75944068765e-06, 3.56735677087e-06, 2.68776921075e-06, 2.44642228608e-06, 1.97605413632e-06, 1.5497636241e-06, 1.25687392938e-06, 1.61397463216e-06, 8.58127691572e-07, 8.81185883372e-07, 1.11758731691e-06, 1.24297480397e-06, 6.76916727116e-07, 4.93666334478e-07, 3.95109907458e-07, 3.98043368932e-07, 2.3975348995e-07, 1.31586006091e-07, 1.03332673973e-07, 3.53799975983e-08, 3.86483289816e-09, 3.19886256372e-10, 3.82234216501e-10, 3.85261128555e-10, 2.96616592399e-10, 2.90314355889e-10, 2.86581675057e-10, 2.82090018011e-10, 2.78300660295e-10, 2.74888389828e-10, 2.72512373778e-10, 2.71222211357e-10]
    },
    "mfcc": {
        "mean": [-603.155944824, 89.0914916992, -23.1604595184, -9.92906761169, -9.63011074066, 2.44231510162, -1.97808206081, 6.67132568359, -1.61775255203, 3.86864805222, -3.59484124184, -4.32677125931, -6.79687356949],
        "cov": [[2841.67797852, 49.0437088013, 80.395362854, 174.792602539, 352.874816895, 271.085144043, 222.122116089, 195.327087402, 233.227264404, 326.047149658, 249.118225098, 161.596984863, 126.913223267], [49.0437088013, 891.610107422, 602.002624512, 404.866943359, 347.868347168, 273.191802979, 201.504867554, 64.5096435547, 37.5964889526, 111.552261353, 106.840270996, 106.10887146, 95.9261474609], [80.395362854, 602.002624512, 924.770507812, 571.164733887, 489.254699707, 281.951782227, 153.507415771, 31.056930542, 28.5422611237, 78.0033035278, 69.9694519043, 105.661865234, 104.851013184], [174.792602539, 404.866943359, 571.164733887, 526.031677246, 395.567474365, 235.430862427, 121.246147156, 50.6254272461, 41.486656189, 73.7602539062, 73.0669937134, 84.7844772339, 90.4486846924], [352.874816895, 347.868347168, 489.254699707, 395.567474365, 428.962402344, 240.290588379, 133.817092896, 61.3206672668, 77.9658508301, 105.981063843, 80.919128418, 83.1967315674, 80.6758117676], [271.085144043, 273.191802979, 281.951782227, 235.430862427, 240.290588379, 263.982208252, 163.209121704, 75.2077178955, 70.8983306885, 91.7794418335, 66.9925003052, 52.741230011, 45.8559799194], [222.122116089, 201.504867554, 153.507415771, 121.246147156, 133.817092896, 163.209121704, 192.281921387, 91.6745681763, 62.1816558838, 77.2704772949, 49.8937568665, 34.8218231201, 20.2461490631], [195.327087402, 64.5096435547, 31.056930542, 50.6254272461, 61.3206672668, 75.2077178955, 91.6745681763, 121.517852783, 72.1789169312, 62.0589065552, 41.0292243958, 20.1757793427, 5.62349176407], [233.227264404, 37.5964889526, 28.5422611237, 41.486656189, 77.9658508301, 70.8983306885, 62.1816558838, 72.1789169312, 135.229415894, 88.0235443115, 53.656867981, 34.6963386536, 11.0583181381], [326.047149658, 111.552261353, 78.0033035278, 73.7602539062, 105.981063843, 91.7794418335, 77.2704772949, 62.0589065552, 88.0235443115, 135.883224487, 77.9437103271, 51.6739311218, 27.6619911194], [249.118225098, 106.840270996, 69.9694519043, 73.0669937134, 80.919128418, 66.9925003052, 49.8937568665, 41.0292243958, 53.656867981, 77.9437103271, 101.8956604, 62.6920585632, 34.5018157959], [161.596984863, 106.10887146, 105.661865234, 84.7844772339, 83.1967315674, 52.741230011, 34.8218231201, 20.1757793427, 34.6963386536, 51.6739311218, 62.6920585632, 94.1970901489, 51.9754066467], [126.913223267, 95.9261474609, 104.851013184, 90.4486846924, 80.6758117676, 45.8559799194, 20.2461490631, 5.62349176407, 11.0583181381, 27.6619911194, 34.5018157959, 51.9754066467, 81.0754928589]],
        "icov": [[0.000600580766331, 0.000300336978398, 0.000179928611033, 0.000229393306654, -0.000635857344605, -7.64627475291e-05, -0.000210595157114, -0.000206165685086, 0.000214697167394, -0.000823503534775, -0.000671423622407, 7.27584483684e-05, -0.000550460885279], [0.000300336978398, 0.00264712702483, -0.00116433110088, -9.06501591089e-05, 0.000183970914804, -0.000536679232027, -0.00136692530941, 0.000105649298348, 0.000966227031313, -0.00091795361368, -0.00134454143699, -1.84743712452e-05, -0.000775317137595], [0.000179928611033, -0.00116433110088, 0.00467068981379, -0.00255212560296, -0.00254375161603, 0.000243471746217, -0.000402413279517, 0.00103639392182, 0.000455327390227, 0.000139654701343, 0.00133332202677, -0.00129872676916, 0.00048028837773], [0.000229393306654, -9.06501591089e-05, -0.00255212560296, 0.00899938307703, -0.00477640656754, -0.00152279390022, 0.00132596376352, -0.00189868244343, 0.00116865034215, 0.00129176327027, -0.00140262907371, 0.000193354528164, -0.00170357245952], [-0.000635857344605, 0.000183970914804, -0.00254375161603, -0.00477640656754, 0.0123584670946, -0.00342675088905, 0.000717469782103, 0.000813533551991, -0.00236762827262, -0.00156117533334, 0.000899707723875, 0.000201838236535, -0.000855652731843], [-7.64627475291e-05, -0.000536679232027, 0.000243471746217, -0.00152279390022, -0.00342675088905, 0.0135613279417, -0.0076311849989, 0.00112169538625, -0.00114825856872, -0.000497278815601, -0.000990611268207, 0.00147321959957, -0.000490474281833], [-0.000210595157114, -0.00136692530941, -0.000402413279517, 0.00132596376352, 0.000717469782103, -0.0076311849989, 0.0155590428039, -0.00711887935176, 0.0010543204844, -0.00137785635889, 0.00150979100727, -0.000855984399095, 0.00143129646312], [-0.000206165685086, 0.000105649298348, 0.00103639392182, -0.00189868244343, 0.000813533551991, 0.00112169538625, -0.00711887935176, 0.017209848389, -0.0058330539614, -0.000382847705623, -0.00147924630437, 0.00123919651378, 0.000876979611348], [0.000214697167394, 0.000966227031313, 0.000455327390227, 0.00116865034215, -0.00236762827262, -0.00114825856872, 0.0010543204844, -0.0058330539614, 0.0162263289094, -0.00732526928186, -0.000523996481206, -0.00184429285582, 0.00146622152533], [-0.000823503534775, -0.00091795361368, 0.000139654701343, 0.00129176327027, -0.00156117533334, -0.000497278815601, -0.00137785635889, -0.000382847705623, -0.00732526928186, 0.0211500674486, -0.00773942423984, -0.000613816897385, 0.00042885117], [-0.000671423622407, -0.00134454143699, 0.00133332202677, -0.00140262907371, 0.000899707723875, -0.000990611268207, 0.00150979100727, -0.00147924630437, -0.000523996481206, -0.00773942423984, 0.0254242829978, -0.010971092619, 0.000798914290499], [7.27584483684e-05, -1.84743712452e-05, -0.00129872676916, 0.000193354528164, 0.000201838236535, 0.00147321959957, -0.000855984399095, 0.00123919651378, -0.00184429285582, -0.000613816897385, -0.010971092619, 0.0248704738915, -0.010348521173], [-0.000550460885279, -0.000775317137595, 0.00048028837773, -0.00170357245952, -0.000855652731843, -0.000490474281833, 0.00143129646312, 0.000876979611348, 0.00146622152533, 0.00042885117, 0.000798914290499, -0.010348521173, 0.0220510605723]]
    },
    "spectral_contrast_coeffs": {
        "max": [-0.379709601402, -0.516607224941, -0.534468173981, -0.617156326771, -0.654747605324, -0.640998184681],
        "mean": [-0.717511117458, -0.757589757442, -0.750336766243, -0.794952273369, -0.802719414234, -0.760766208172],
        "min": [-0.908921301365, -0.918912708759, -0.88789498806, -0.889199495316, -0.874722540379, -0.848987817764],
        "stdev": [0.0920597165823, 0.07134757936, 0.0611863732338, 0.0435820817947, 0.0305424202234, 0.0295836627483]
    },
    "spectral_contrast_valleys": {
        "max": [-4.87626266479, -4.95308065414, -5.06793212891, -5.47005605698, -5.77370452881, -7.99077558517],
        "mean": [-7.40677833557, -6.58731269836, -6.54144477844, -6.81754255295, -7.0003080368, -9.58479118347],
        "min": [-12.3406629562, -8.4975938797, -8.74367046356, -9.11782646179, -9.26804733276, -12.5418920517],
        "stdev": [1.48586201668, 0.612071633339, 0.605284810066, 0.615036904812, 0.555164992809, 0.636168122292]
    }
},
"rhythm": {
    "beats_count": 109,
    "beats_loudness": {
        "max": 0.148944690824,
        "mean": 0.0517954230309,
        "min": 0.000561569584534,
        "stdev": 0.0377660542727
    },
    "bpm": 130.500350952,
    "bpm_histogram_first_peak_bpm": 129,
    "bpm_histogram_first_peak_weight": 0.519480526447,
    "bpm_histogram_second_peak_bpm": 112,
    "bpm_histogram_second_peak_spread": 0.125,
    "bpm_histogram_second_peak_weight": 0.0648148134351,
    "danceability": 0.953803777695,
    "onset_rate": 2.4119579792,
    "beats_loudness_band_ratio": {
        "max": [0.916933774948, 0.657045006752, 0.628616154194, 0.794215977192, 0.633547604084, 0.360576152802],
        "mean": [0.397620409727, 0.0795702338219, 0.174731194973, 0.228167176247, 0.104437172413, 0.0543862320483],
        "min": [5.87895265198e-05, 0.000710092077497, 0.0111006358638, 0.022541359067, 0.00372899137437, 0.00240703811869],
        "stdev": [0.313051223755, 0.123359456658, 0.139407902956, 0.177552223206, 0.0908455327153, 0.049243979156]
    },
