{
"metadata": {
    "version": {
        "essentia": "2.1-beta5",
        "essentia_git_sha": "Undefined",
        "extractor": "music 2.0"
    },
    "audio_properties": {
        "analysis": {
            "equal_loudness": 0,
            "length": 37.9878463745,
            "sample_rate": 44100,
            "start_time": 158.998641968,
            "downmix": "mix"
        },
        "bit_rate": 192000,
        "length": 197.00970459,
        "lossless": 0,
        "number_channels": 2,
        "replay_gain": -1.93193817139,
        "sample_rate": 48000,
        "codec": "mp3",
        "md5_encoded": "1bb8fbb62fb87aa65ae920290efb3845"
    },
    "tags": {
        "file_name": "Sweden_Heroes_Måns Zelmerlöw.mp3",
        "encoding": ["Lavf58.29.100"]
    }
},
"lowlevel": {
    "average_loudness": 0.973711848259,
    "barkbands_crest": {
        "max": 22.9434490204,
        "mean": 9.18660068512,
        "min": 2.43975090981,
        "stdev": 3.63271331787
    },
    "barkbands_flatness_db": {
        "max": 0.276959836483,
        "mean": 0.127662330866,
        "min": 0.0483423694968,
        "stdev": 0.0424906946719
    },
    "barkbands_kurtosis": {
        "max": 41.6940727234,
        "mean": 1.11744058132,
        "min": -1.65844833851,
        "stdev": 2.16315960884
    },
    "barkbands_skewness": {
        "max": 6.09883213043,
        "mean": 1.03080976009,
        "min": -1.08862161636,
        "stdev": 0.615669310093
    },
    "barkbands_spread": {
        "max": 76.5457763672,
        "mean": 25.0048007965,
        "min": 4.89103126526,
        "stdev": 12.0356321335
    },
    "dissonance": {
        "max": 0.499999850988,
        "mean": 0.476853013039,
        "min": 0.370273947716,
        "stdev": 0.0195093285292
    },
    "dynamic_complexity": 1.8172711134,
    "erbbands_crest": {
        "max": 25.8062362671,
        "mean": 8.41801166534,
        "min": 2.25319361687,
        "stdev": 3.77487301826
    },
    "erbbands_flatness_db": {
        "max": 0.342197567225,
        "mean": 0.169755354524,
        "min": 0.0793370828032,
        "stdev": 0.0581594370306
    },
    "erbbands_kurtosis": {
        "max": 14.3998355865,
        "mean": 0.694422662258,
        "min": -1.46146690845,
        "stdev": 1.49379944801
    },
    "erbbands_skewness": {
        "max": 2.91651773453,
        "mean": 0.540494143963,
        "min": -1.71147787571,
        "stdev": 0.629398584366
    },
    "erbbands_spread": {
        "max": 88.7957382202,
        "mean": 30.7856197357,
        "min": 8.61860275269,
        "stdev": 13.511218071
    },
    "hfc": {
        "max": 104.783889771,
        "mean": 32.7414207458,
        "min": 0.00227886415087,
        "stdev": 17.8079490662
    },
    "loudness_ebu128": {
        "integrated": -19.8173618317,
        "loudness_range": 2.71998786926,
        "momentary": {
            "max": -17.4159412384,
            "mean": -20.1084041595,
            "min": -25.1529026031,
            "stdev": 1.69031131268
        },
        "short_term": {
            "max": -18.6489810944,
            "mean": -19.8512592316,
            "min": -22.9853687286,
            "stdev": 1.08630895615
        }
    },
    "melbands_crest": {
        "max": 32.7189331055,
        "mean": 13.4914178848,
        "min": 4.35987472534,
        "stdev": 5.21682262421
    },
    "melbands_flatness_db": {
        "max": 0.320622354746,
        "mean": 0.156698167324,
        "min": 0.0417484864593,
        "stdev": 0.0391593538225
    },
    "melbands_kurtosis": {
        "max": 53.1563415527,
        "mean": 5.39287042618,
        "min": -1.25020420551,
        "stdev": 5.65011978149
    },
    "melbands_skewness": {
        "max": 6.75239706039,
        "mean": 1.82884609699,
        "min": -0.248906672001,
        "stdev": 0.918242514133
    },
    "melbands_spread": {
        "max": 115.588661194,
        "mean": 27.8303642273,
        "min": 4.88473033905,
        "stdev": 13.0509300232
    },
    "pitch_salience": {
        "max": 0.85408103466,
        "mean": 0.581686317921,
        "min": 0.153622210026,
        "stdev": 0.115699522197
    },
    "silence_rate_20dB": {
        "max": 1,
        "mean": 1,
        "min": 1,
        "stdev": 0
    },
    "silence_rate_30dB": {
        "max": 1,
        "mean": 0.998167395592,
        "min": 0,
        "stdev": 0.0427697189152
    },
    "silence_rate_60dB": {
        "max": 1,
        "mean": 0.00122174713761,
        "min": 0,
        "stdev": 0.034932103008
    },
    "spectral_centroid": {
        "max": 2993.23510742,
        "mean": 1582.50280762,
        "min": 619.177246094,
        "stdev": 382.332183838
    },
    "spectral_complexity": {
        "max": 52,
        "mean": 28.9297504425,
        "min": 0,
        "stdev": 7.45426416397
    },
    "spectral_decrease": {
        "max": -7.78173272348e-12,
        "mean": -8.83755113534e-09,
        "min": -3.17786010839e-08,
        "stdev": 5.06472819239e-09
    },
    "spectral_energy": {
        "max": 0.125184133649,
        "mean": 0.0363246947527,
        "min": 2.95768113574e-05,
        "stdev": 0.0202282574028
    },
    "spectral_energyband_high": {
        "max": 0.00917189382017,
        "mean": 0.00129434850533,
        "min": 7.42069445892e-08,
        "stdev": 0.00114803621545
    },
    "spectral_energyband_low": {
        "max": 0.0974433422089,
        "mean": 0.0121694141999,
        "min": 4.31045208416e-08,
        "stdev": 0.013572643511
    },
    "spectral_energyband_middle_high": {
        "max": 0.0596748664975,
        "mean": 0.0115300053731,
        "min": 5.57002351798e-07,
        "stdev": 0.00816490314901
    },
    "spectral_energyband_middle_low": {
        "max": 0.0647796243429,
        "mean": 0.0122656961903,
        "min": 8.02160172952e-07,
        "stdev": 0.00903113931417
    },
    "spectral_entropy": {
        "max": 8.62656402588,
        "mean": 7.88407468796,
        "min": 6.68778944016,
        "stdev": 0.217888593674
    },
    "spectral_flux": {
        "max": 0.266060143709,
        "mean": 0.106084674597,
        "min": 0.0271704085171,
        "stdev": 0.0393072925508
    },
    "spectral_kurtosis": {
        "max": 12.4907112122,
        "mean": 3.36834192276,
        "min": -0.380935192108,
        "stdev": 1.75580835342
    },
    "spectral_rms": {
        "max": 0.011051283218,
        "mean": 0.00571659393609,
        "min": 0.000169868857483,
        "stdev": 0.00166109087877
    },
    "spectral_rolloff": {
        "max": 9065.47851562,
        "mean": 1649.87341309,
        "min": 43.06640625,
        "stdev": 928.924743652
    },
    "spectral_skewness": {
        "max": 2.52012586594,
        "mean": 1.43748807907,
        "min": 0.63176804781,
        "stdev": 0.271687656641
    },
    "spectral_spread": {
        "max": 9762275,
        "mean": 4530347.5,
        "min": 2540803.25,
        "stdev": 1054492.5
    },
    "spectral_strongpeak": {
        "max": 11.6928415298,
        "mean": 1.11776936054,
        "min": 0,
        "stdev": 1.34012770653
    },
    "zerocrossingrate": {
        "max": 0.2216796875,
        "mean": 0.0693198293447,
        "min": 0.01171875,
        "stdev": 0.0218094121665
    },
    "barkbands": {
        "max": [0.00456664385274, 0.0792516097426, 0.0645522028208, 0.0217060297728, 0.0333301648498, 0.0371089912951, 0.0287566315383, 0.0483895465732, 0.0450251698494, 0.0405102074146, 0.0290301777422, 0.0229720473289, 0.0391968414187, 0.0199935752898, 0.037646908313, 0.0211760681123, 0.0180092453957, 0.00363428657874, 0.00481202313676, 0.00353210256435, 0.00144899170846, 0.00211804592982, 0.00216220761649, 0.00247950549237, 0.00173094670754, 0.000503637013026, 4.04633482276e-07],
        "mean": [0.000324509455822, 0.009267273359, 0.00199974980205, 0.000989646068774, 0.00161014986224, 0.00175633199979, 0.00203422014602, 0.00169130065478, 0.00345092546195, 0.00238974904642, 0.00196251552552, 0.00150470959488, 0.0012503399048, 0.00117067201063, 0.00117342919111, 0.000896251003724, 0.000601387408096, 0.000436081900261, 0.000331062037731, 0.00035756957368, 0.00024009658955, 0.00026754141436, 0.000271582597634, 0.000213405073737, 0.000108533655293, 2.56695875578e-05, 2.9576425753e-09],
        "min": [1.51455167852e-10, 4.96462693178e-09, 2.39750719278e-10, 9.76612035686e-09, 2.59463973862e-07, 1.11688933657e-07, 7.03507723188e-08, 5.54773578187e-08, 5.0767521742e-08, 5.99122316203e-08, 2.90594748265e-08, 3.99676238771e-08, 6.1704056975e-08, 1.20546133076e-07, 5.79562424718e-08, 7.21847683849e-08, 5.51382690617e-08, 2.3126652593e-08, 3.37622978464e-08, 1.3082588346e-08, 1.29536834592e-08, 1.1672024236e-08, 1.38995908117e-08, 1.17600560401e-08, 7.85079379284e-09, 4.53107018572e-09, 9.62818158534e-11],
        "stdev": [0.000528423814103, 0.0117265442386, 0.00421182019636, 0.00189754005987, 0.00252051535062, 0.00304504181258, 0.00341236288659, 0.00406946241856, 0.00518694054335, 0.00359488278627, 0.0029914136976, 0.00194311351515, 0.00198748381808, 0.00161086395383, 0.00255485624075, 0.00144526478834, 0.00108575855847, 0.000366516469512, 0.000271656550467, 0.000359921948984, 0.000191791797988, 0.000256173982052, 0.00029052150785, 0.000288688723231, 0.000159137300216, 3.52929055225e-05, 1.16823102303e-08]
    },
    "erbbands": {
        "max": [2.7745859623, 15.9093322754, 65.9727935791, 57.5167236328, 87.7935180664, 123.353286743, 275.120544434, 311.906005859, 488.974914551, 756.905822754, 1239.02392578, 1058.10217285, 1554.85083008, 1240.97790527, 1040.4576416, 657.691650391, 1267.65258789, 1133.19128418, 1546.19445801, 1397.48828125, 1312.80224609, 1273.40270996, 229.007064819, 101.940185547, 298.786956787, 222.868499756, 105.318252563, 61.52003479, 86.4546813965, 78.3254318237, 77.3026580811, 51.7107124329, 48.9409446716, 24.176240921, 10.2262392044, 3.8837761879, 0.713546156883, 0.0239352434874, 0.000677751668263, 0.000168169150129],
        "mean": [0.298887401819, 1.90891718864, 2.78177189827, 2.95713424683, 3.87700510025, 5.68110561371, 9.44504261017, 15.9032316208, 27.7857952118, 29.9171733856, 47.1661109924, 64.4725646973, 87.8970947266, 79.9456939697, 68.2077407837, 57.2333908081, 57.4774589539, 61.388507843, 58.5800132751, 55.1548461914, 48.8142700195, 36.7504501343, 25.410774231, 18.9951839447, 17.2203483582, 16.5194377899, 11.1459503174, 9.06847286224, 9.54608726501, 8.30601406097, 7.97831535339, 5.42896509171, 3.01110315323, 1.50550282001, 0.621891856194, 0.207319110632, 0.0283329449594, 0.000672906753607, 5.30283396074e-05, 4.8494865041e-05],
        "min": [1.64988065876e-07, 9.42963708894e-07, 9.5553959909e-06, 6.70313020237e-05, 0.000256412487943, 0.000792894454207, 0.000949550245423, 0.00103032228071, 0.00106285768561, 0.00113526626956, 0.00121097033843, 0.00112622312736, 0.00163556146435, 0.00159006228205, 0.00127005355898, 0.00174758804496, 0.002862744499, 0.00612480286509, 0.00390447978862, 0.00305921491235, 0.00447180913761, 0.00280365510844, 0.00141185347456, 0.00212881620973, 0.000786902965046, 0.000588543422054, 0.000701184326317, 0.000440782780061, 0.000494044506922, 0.000373151735403, 0.000375934207113, 0.000224031406105, 0.000224665462156, 0.000100442448456, 4.41016927653e-05, 2.29918332479e-05, 8.18981789052e-06, 2.26848328566e-06, 5.29970861862e-07, 8.0304914718e-08],
        "stdev": [0.448078691959, 2.40483021736, 4.81809091568, 5.22507238388, 7.12161302567, 9.69362831116, 16.6930465698, 29.5462379456, 49.3625297546, 62.6128959656, 94.4595947266, 90.3285827637, 126.847679138, 104.329833984, 94.3924407959, 66.9513092041, 82.944770813, 91.5300750732, 94.5545501709, 99.2342071533, 82.1577072144, 68.1608352661, 23.9061489105, 12.6827278137, 16.2917003632, 17.4336986542, 10.3282594681, 7.46555089951, 9.12618732452, 8.73385810852, 8.6146697998, 6.64167451859, 4.53146219254, 2.3357694149, 0.874912619591, 0.27232131362, 0.045341540128, 0.00118489807937, 4.95607455377e-05, 2.61276163656e-05]
    },
    "gfcc": {
        "mean": [36.6768455505, 70.1439361572, -152.054550171, 25.944852829, -70.4647827148, 34.2779388428, -33.9352531433, 21.5041332245, -18.2530059814, 6.1204123497, -14.8098249435, 0.712313532829, -6.39798784256],
        "cov": [[2490.16430664, 931.995117188, 1571.54431152, 1019.07189941, 186.774093628, 207.650665283, -286.932373047, -113.260780334, 30.4119358063, 233.904174805, 274.08303833, 147.112838745, -5.2031083107], [931.995117188, 1028.88952637, 1148.4486084, 756.883544922, 271.176177979, 157.509689331, -7.9235200882, -26.3628196716, 45.9061164856, 102.167221069, 164.416015625, 26.0307025909, -32.4863815308], [1571.54431152, 1148.4486084, 1796.53320312, 1140.71923828, 303.450653076, 248.390716553, -151.474411011, -39.6567459106, 59.3114318848, 204.040344238, 251.173416138, 103.29095459, -22.1645355225], [1019.07189941, 756.883544922, 1140.71923828, 882.361572266, 281.626586914, 172.428756714, -86.7146835327, -7.22825050354, 87.5415344238, 139.58416748, 166.244888306, 62.1014823914, 12.19506073], [186.774093628, 271.176177979, 303.450653076, 281.626586914, 235.163391113, 121.252044678, 46.9925537109, 35.0666122437, 40.0192298889, 26.4780063629, 17.4300537109, 4.7314863205, -0.692180752754], [207.650665283, 157.509689331, 248.390716553, 172.428756714, 121.252044678, 162.962554932, 76.1658630371, 43.2607078552, 27.8436069489, 25.199098587, 34.1876373291, 3.00276875496, -4.21393442154], [-286.932373047, -7.9235200882, -151.474411011, -86.7146835327, 46.9925537109, 76.1658630371, 226.38053894, 100.806732178, 31.129989624, -24.3460273743, -25.5840873718, -49.6575698853, -26.3735103607], [-113.260780334, -26.3628196716, -39.6567459106, -7.22825050354, 35.0666122437, 43.2607078552, 100.806732178, 104.82383728, 63.2500228882, 10.7916097641, 5.99167251587, -11.3567495346, 6.39590883255], [30.4119358063, 45.9061164856, 59.3114318848, 87.5415344238, 40.0192298889, 27.8436069489, 31.129989624, 63.2500228882, 111.666557312, 55.3206748962, 44.1070671082, 11.6468410492, 28.8337192535], [233.904174805, 102.167221069, 204.040344238, 139.58416748, 26.4780063629, 25.199098587, -24.3460273743, 10.7916097641, 55.3206748962, 101.152351379, 82.323928833, 38.7257003784, 19.6449356079], [274.08303833, 164.416015625, 251.173416138, 166.244888306, 17.4300537109, 34.1876373291, -25.5840873718, 5.99167251587, 44.1070671082, 82.323928833, 131.158294678, 59.3915519714, 34.4550666809], [147.112838745, 26.0307025909, 103.29095459, 62.1014823914, 4.7314863205, 3.00276875496, -49.6575698853, -11.3567495346, 11.6468410492, 38.7257003784, 59.3915519714, 80.8494796753, 45.1864051819], [-5.2031083107, -32.4863815308, -22.1645355225, 12.19506073, -0.692180752754, -4.21393442154, -26.3735103607, 6.39590883255, 28.8337192535, 19.6449356079, 34.4550666809, 45.1864051819, 83.3044509888]],
        "icov": [[0.00125932111405, -0.000818345113657, 0.000436827191152, -0.00115392450243, 0.00158377480693, -0.00206949934363, 0.00175537564792, -0.000747396319639, 0.00093503750395, -0.00157016003504, 0.000665691506583, -0.0011518553365, 0.000962369027548], [-0.000818345113657, 0.00926960632205, -0.00782514084131, 0.00373591156676, -0.00817330460995, 0.00873413775116, -0.00817809440196, 0.00952109973878, -0.00548793189228, 0.00787692889571, -0.00833270791918, 0.00633400119841, -0.001958679175], [0.000436827191152, -0.00782514084131, 0.0117804631591, -0.00946641806513, 0.00910340622067, -0.010023381561, 0.00806298665702, -0.00967033114284, 0.00788669660687, -0.00839250534773, 0.00629761908203, -0.00706735812128, 0.00483777979389], [-0.00115392450243, 0.00373591156676, -0.00946641806513, 0.0138164283708, -0.0105747310445, 0.00682774605229, -0.00333843124099, 0.00641599390656, -0.00779663724825, 0.0058774612844, -0.00592801906168, 0.00665758922696, -0.00429529789835], [0.00158377480693, -0.00817330460995, 0.00910340622067, -0.0105747310445, 0.0201114919037, -0.0144295962527, 0.00651002954692, -0.00905621796846, 0.00559700047597, -0.00873607117683, 0.0127047821879, -0.00929614994675, 0.00298585393466], [-0.00206949934363, 0.00873413775116, -0.010023381561, 0.00682774605229, -0.0144295962527, 0.0246020890772, -0.0137642780319, 0.00831963773817, -0.00511103309691, 0.00895000714809, -0.00961418263614, 0.00720689585432, -0.00453570717946], [0.00175537564792, -0.00817809440196, 0.00806298665702, -0.00333843124099, 0.00651002954692, -0.0137642780319, 0.0210073255002, -0.0185684785247, 0.0073607605882, -0.00624399073422, 0.00389438937418, -0.00173388468102, 0.00524313235655], [-0.000747396319639, 0.00952109973878, -0.00967033114284, 0.00641599390656, -0.00905621796846, 0.00831963773817, -0.0185684785247, 0.0379927493632, -0.0208081770688, 0.0106787439436, -0.00744312163442, 0.00505463266745, -0.00327524263412], [0.00093503750395, -0.00548793189228, 0.00788669660687, -0.00779663724825, 0.00559700047597, -0.00511103309691, 0.0073607605882, -0.0208081770688, 0.0293169356883, -0.0167934894562, 0.00422460818663, -0.000191689003259, -0.00295646092854], [-0.00157016003504, 0.00787692889571, -0.00839250534773, 0.0058774612844, -0.00873607117683, 0.00895000714809, -0.00624399073422, 0.0106787439436, -0.0167934894562, 0.0348445847631, -0.0188797190785, 0.00339730340056, 0.00102529930882], [0.000665691506583, -0.00833270791918, 0.00629761908203, -0.00592801906168, 0.0127047821879, -0.00961418263614, 0.00389438937418, -0.00744312163442, 0.00422460818663, -0.0188797190785, 0.031692776829, -0.0153216309845, -0.001048353035], [-0.0011518553365, 0.00633400119841, -0.00706735812128, 0.00665758922696, -0.00929614994675, 0.00720689585432, -0.00173388468102, 0.00505463266745, -0.000191689003259, 0.00339730340056, -0.0153216309845, 0.0335870571434, -0.0137227345258], [0.000962369027548, -0.001958679175, 0.00483777979389, -0.00429529789835, 0.00298585393466, -0.00453570717946, 0.00524313235655, -0.00327524263412, -0.00295646092854, 0.00102529930882, -0.001048353035, -0.0137227345258, 0.0235818494111]]
    },
    "melbands": {
        "max": [0.0242615547031, 0.0282768830657, 0.00987779255956, 0.0079021314159, 0.00726966001093, 0.00606761220843, 0.00691193481907, 0.00707829976454, 0.00854553002864, 0.00779616320506, 0.00763882976025, 0.0051543014124, 0.00422487407923, 0.00337879313156, 0.00325140613131, 0.0045903143473, 0.00195052172057, 0.00206461013295, 0.0037889929954, 0.00111358973663, 0.00134981854353, 0.00135524698999, 0.000709283049218, 0.000174862536369, 8.73774697538e-05, 0.000139711293741, 0.000208294120966, 0.000137799215736, 0.00011039803212, 3.6571866076e-05, 4.14566020481e-05, 6.58789504087e-05, 4.4288161007e-05, 4.74430489703e-05, 4.85998571094e-05, 3.96149516746e-05, 3.56414748239e-05, 3.73770017177e-05, 2.14278461499e-05, 2.45249939326e-05],
        "mean": [0.00261200522073, 0.00179060804658, 0.000524561037309, 0.000348226865754, 0.000310419796733, 0.000372877839254, 0.000410767970607, 0.000335749238729, 0.000412409513956, 0.000438384216977, 0.000442352727987, 0.00032323540654, 0.000251024990575, 0.000161952790222, 0.000148054532474, 0.00012615621381, 0.000110028260679, 9.04222688405e-05, 9.26628054003e-05, 6.29215937806e-05, 5.26975527464e-05, 3.93209775211e-05, 2.40411300183e-05, 2.19066841964e-05, 1.45979802255e-05, 1.21237153508e-05, 1.33629291668e-05, 1.03190777736e-05, 7.43989357943e-06, 5.38352878721e-06, 5.12370479555e-06, 5.36094148629e-06, 5.22937807546e-06, 4.36522941527e-06, 4.68503321827e-06, 4.07453808293e-06, 3.06655647364e-06, 2.21250957111e-06, 1.63547849752e-06, 1.13815963232e-06],
        "min": [1.15603582262e-09, 4.13811340749e-09, 1.2907093172e-08, 5.44198428543e-08, 3.41823067629e-08, 2.17427214011e-08, 1.58734483335e-08, 1.2333245536e-08, 9.52427736678e-09, 6.68468702614e-09, 8.52237924676e-09, 6.77523415149e-09, 3.79212972135e-09, 4.58395099656e-09, 5.43380407336e-09, 6.64777521919e-09, 1.21789680563e-08, 6.48237952205e-09, 3.92584542652e-09, 5.01592278823e-09, 5.11688336147e-09, 3.28176619213e-09, 1.63192737102e-09, 9.64597957065e-10, 1.91509386127e-09, 8.09505462662e-10, 3.23310017647e-10, 4.01845834386e-10, 4.98421581785e-10, 2.59798155211e-10, 2.57769638967e-10, 3.36016575675e-10, 1.39618872019e-10, 2.4982471647e-10, 2.59880283959e-10, 1.32925975782e-10, 1.26595497973e-10, 1.69358846391e-10, 1.16356008162e-10, 7.50741968591e-11],
        "stdev": [0.00355815584771, 0.00231098057702, 0.000873944780324, 0.000592523720115, 0.000498797162436, 0.000635079166386, 0.000691796303727, 0.000742792733945, 0.000827261304948, 0.000643004546873, 0.000650110305287, 0.000433846289525, 0.000356969365384, 0.00024345026759, 0.000219796944293, 0.000217640219489, 0.000171174557181, 0.000131962282467, 0.000216431595618, 0.000102795333078, 8.95458069863e-05, 7.52100386308e-05, 3.57927565346e-05, 1.94186286535e-05, 1.05884755612e-05, 1.0367165487e-05, 1.50270598169e-05, 1.19339347293e-05, 8.14611394162e-06, 4.49584058515e-06, 4.5090750973e-06, 5.44246540812e-06, 5.39501706953e-06, 5.04840727444e-06, 5.2794007388e-06, 4.6882114475e-06, 3.9539950194e-06, 3.40372480423e-06, 2.6135905955e-06, 1.86024533377e-06]
    },
    "melbands128": {
        "max": [0.00407533487305, 0.0219720564783, 0.0412267968059, 0.0316721275449, 0.0423319935799, 0.0301971659064, 0.0134293138981, 0.00971786025912, 0.00941046141088, 0.0089496569708, 0.00727242091671, 0.00499721430242, 0.0107791870832, 0.0139556545764, 0.0114650977775, 0.0107117984444, 0.00951889157295, 0.0119058946148, 0.00856399536133, 0.0140651790425, 0.0126688973978, 0.017746264115, 0.0104769291356, 0.0146572189406, 0.00563337747008, 0.0173880588263, 0.0152338501066, 0.0116632813588, 0.0143526606262, 0.011505914852, 0.010454392992, 0.00914702098817, 0.00790431909263, 0.00718665542081, 0.00597713142633, 0.00408422481269, 0.0028926434461, 0.00604179641232, 0.00330046704039, 0.00580257782713, 0.0092593235895, 0.00535481143743, 0.00272247940302, 0.00316704856232, 0.00149072543718, 0.00288188853301, 0.00670107686892, 0.00683377869427, 0.00458107749, 0.00364281935617, 0.00239677121863, 0.003148162039, 0.00253003486432, 0.000891774136107, 0.00124872394372, 0.00206378870644, 0.00292910658754, 0.000805852701887, 0.000561450840905, 0.00034676931682, 0.000351436669007, 0.000164625496836, 0.000127228078782, 0.000131355714984, 0.000177458743565, 0.000148634775542, 0.00018282115343, 0.000611741037574, 0.000203385279747, 0.000413264177041, 0.000233683735132, 0.000133616718813, 0.000267381197773, 0.000106522689748, 0.000103964150185, 4.77206158394e-05, 4.23572382715e-05, 4.32438973803e-05, 5.92298856645e-05, 4.0141025238e-05, 0.00015845609596, 4.73960171803e-05, 7.2009563155e-05, 5.83789515076e-05, 6.02394684392e-05, 4.60489536636e-05, 7.49612008804e-05, 7.11044776835e-05, 7.98495457275e-05, 6.9485293352e-05, 5.04843446834e-05, 4.52830063296e-05, 5.96668833168e-05, 4.35540932813e-05, 6.27306653769e-05, 4.63061696792e-05, 4.94131272717e-05, 4.01254692406e-05, 2.93110897474e-05, 2.4134216801e-05, 2.64765421889e-05, 3.59195801138e-05, 2.05636570172e-05, 2.38932661887e-05, 8.84846303961e-06, 1.19055657706e-05, 6.64923345539e-06, 6.14832651991e-06, 1.07303530967e-05, 5.1407769206e-06, 7.55614200898e-06, 3.61730212717e-06, 4.17224055127e-06, 1.10394114472e-06, 1.9576875232e-08, 2.60729624557e-08, 3.38106787012e-09, 1.78414338858e-09, 1.77511028099e-09, 1.76733250257e-09, 1.75401271285e-09, 1.74476944004e-09, 1.71776848301e-09, 1.7174562883e-09, 1.7115941997e-09, 1.69632197178e-09, 1.68765157404e-09, 1.6824697191e-09],
        "mean": [0.000297396210954, 0.00233972189017, 0.00367719610222, 0.00300890393555, 0.00173524755519, 0.000856327533256, 0.000617170531768, 0.000431129243225, 0.000367095315596, 0.000389953347621, 0.000301655585645, 0.000260794564383, 0.000324880529661, 0.000359410594683, 0.000329605536535, 0.000355171941919, 0.00054351973813, 0.000376072362997, 0.000321418716339, 0.000322465290083, 0.00034734379733, 0.000382155005354, 0.000395536568249, 0.000525076058693, 0.000298982544336, 0.000469843536848, 0.000590550655033, 0.000387652951758, 0.000416560855228, 0.000266731221927, 0.00032442912925, 0.000357818586053, 0.00023558785324, 0.000180716859177, 0.000209066114621, 0.000124404730741, 0.000134294197778, 0.000195987522602, 0.000114137663331, 0.00010964275134, 0.000132734901854, 0.000144463905599, 0.000111795881821, 8.76338017406e-05, 0.000102689424239, 7.93525614426e-05, 8.94328841241e-05, 0.000121189681522, 7.62192939874e-05, 6.21879808023e-05, 5.70354568481e-05, 6.80459634168e-05, 7.07546641934e-05, 3.71390633518e-05, 3.24486973113e-05, 4.59252478322e-05, 4.173094203e-05, 2.08148121601e-05, 1.97685931198e-05, 2.40932440647e-05, 2.46014897129e-05, 1.87028708751e-05, 1.37866072691e-05, 1.37417991937e-05, 1.53997061716e-05, 1.10070050141e-05, 1.0311371625e-05, 1.43481265695e-05, 1.42629487527e-05, 1.19879059639e-05, 1.12727975647e-05, 8.60610998643e-06, 8.19584238343e-06, 7.78635876486e-06, 5.8795253608e-06, 5.04730314788e-06, 5.42399857295e-06, 5.36541074325e-06, 4.92490107717e-06, 4.96550455864e-06, 5.52640176466e-06, 5.24056486029e-06, 5.68083169128e-06, 5.40355540579e-06, 4.82012683278e-06, 4.14402211391e-06, 4.36320488006e-06, 4.41023439635e-06, 4.77919820696e-06, 4.76543300465e-06, 4.67070367449e-06, 3.75733156943e-06, 3.36286575475e-06, 3.19272703564e-06, 2.80386984741e-06, 2.46222180067e-06, 2.06093045563e-06, 1.88166859516e-06, 1.69415181972e-06, 1.49778190917e-06, 1.3216165371e-06, 1.10060057068e-06, 8.99927897535e-07, 7.20623916095e-07, 7.22946765563e-07, 6.65999323246e-07, 4.61280137642e-07, 3.73347290861e-07, 3.72112822333e-07, 2.90554652338e-07, 2.45172259383e-07, 1.5703288625e-07, 2.01801935162e-08, 2.68568656203e-09, 5.28931065613e-10, 3.74858671881e-10, 6.96756055629e-11, 7.31195139159e-12, 7.13075432035e-12, 6.95196287689e-12, 6.77678052563e-12, 6.66267084906e-12, 6.55912824055e-12, 6.44321575261e-12, 6.21803520132e-12, 5.88302366891e-12, 5.69478752349e-12, 5.64574819187e-12],
        "min": [1.50348733463e-10, 5.10822634192e-11, 3.0663074857e-10, 3.58729046468e-10, 2.7801907998e-10, 1.62836605311e-10, 3.75980802048e-09, 3.48997875044e-09, 6.30919938516e-09, 1.49378323044e-08, 2.13577564523e-08, 2.8987196643e-08, 3.5636031015e-08, 1.9415308472e-08, 2.59265533487e-08, 2.14195150505e-08, 1.3113661268e-08, 2.06729513508e-08, 9.85228254535e-09, 1.51877799226e-08, 9.64178603624e-09, 1.21953487309e-08, 7.792969825e-09, 1.07029833885e-08, 6.22368734327e-09, 6.80102818507e-09, 4.85443774068e-09, 1.04699360293e-08, 8.22176993154e-09, 1.01755359694e-08, 3.87673226854e-09, 5.22143794868e-09, 2.24686136363e-09, 4.84678919221e-09, 4.88972773383e-09, 3.89153287372e-09, 4.62455007622e-09, 4.59500615335e-09, 7.478572428e-09, 5.52401724363e-09, 5.32907407091e-09, 1.00653974044e-08, 1.59123700882e-08, 1.09886508781e-08, 5.89058535283e-09, 7.91370080577e-09, 3.80997233762e-09, 4.1172549814e-09, 4.01868094357e-09, 3.08241721036e-09, 4.42608349971e-09, 8.40171310301e-09, 4.69676431081e-09, 3.96882571252e-09, 5.47692735609e-09, 2.65185029491e-09, 2.48358755783e-09, 1.1899017327e-09, 2.11509210146e-09, 9.77631420263e-10, 4.86341023009e-10, 1.11016706938e-09, 1.86275728176e-09, 2.59992871676e-09, 1.35925193323e-09, 7.78639042132e-10, 3.38150174528e-10, 3.66525171325e-10, 2.59702009897e-10, 3.92697485641e-10, 2.66686395189e-10, 5.57414503444e-10, 4.88904416951e-10, 5.18167730945e-10, 4.99176644464e-10, 2.25017907085e-10, 1.61334182125e-10, 2.41410474944e-10, 2.77066092291e-10, 2.45654857567e-10, 4.37240660345e-10, 3.05178715632e-10, 2.16718740176e-10, 1.00934371972e-10, 1.11485452814e-10, 1.51524570668e-10, 4.10625894398e-10, 2.44579162478e-10, 3.45273198921e-10, 1.4059028941e-10, 1.37084718577e-10, 1.040333375e-10, 1.82730108822e-10, 1.25372087711e-10, 6.91244492201e-11, 1.80777517955e-10, 2.16810264186e-10, 1.45241360605e-10, 1.09649178626e-10, 1.00478618481e-10, 7.55869811186e-11, 7.0288289078e-11, 8.43239228443e-11, 5.83341708271e-11, 4.85577654474e-11, 3.59634232117e-11, 3.02136267394e-11, 4.31117780364e-11, 3.42281931964e-11, 1.54841885841e-11, 7.72253615222e-12, 7.36071739584e-13, 3.80172672856e-13, 3.21952263026e-13, 2.87737580073e-13, 3.31607625473e-13, 3.27929198553e-13, 3.24903813706e-13, 3.11778760361e-13, 3.24984586767e-13, 3.67184337406e-13, 3.32917368803e-13, 3.11877504074e-13, 3.00093581712e-13, 2.41261437911e-13, 8.34324945828e-14, 1.18356887808e-14, 3.39032401616e-16],
        "stdev": [0.000494355801493, 0.00380019028671, 0.00551421334967, 0.00378589145839, 0.00287959771231, 0.00183715904132, 0.00116749876179, 0.000857681850903, 0.000775565975346, 0.000821227848064, 0.000623923260719, 0.000483942305436, 0.00067183788633, 0.000790138088632, 0.000867489085067, 0.000791310623754, 0.0011674357811, 0.000849028932862, 0.000775723485276, 0.000955846218858, 0.00105664972216, 0.00131717231125, 0.000978978234343, 0.00141453742981, 0.000530562305357, 0.00101937470026, 0.00125195551664, 0.00074032403063, 0.000815776467789, 0.000529421842657, 0.000592610856984, 0.000737814523745, 0.00041186469025, 0.000458196300315, 0.000443553028163, 0.00023368478287, 0.000231286656344, 0.000369465589756, 0.000252127007116, 0.000263813242782, 0.000337316974765, 0.000337797479006, 0.000242705733399, 0.000177747977432, 0.000128214785946, 0.000159430244821, 0.000310370931402, 0.000407864747103, 0.000222038681386, 0.000172531494172, 0.000125478298287, 0.000171017032699, 0.000171343577676, 5.655447967e-05, 7.19843519619e-05, 0.000109683875053, 0.000132474873681, 4.24977588409e-05, 3.02330045088e-05, 3.22973937728e-05, 3.07852387778e-05, 1.86341130757e-05, 1.35272230182e-05, 1.29677864606e-05, 1.58139700943e-05, 1.18545858641e-05, 1.2680195141e-05, 2.51849742199e-05, 2.00851100089e-05, 1.94138410734e-05, 1.77696329047e-05, 1.03804841274e-05, 1.4249690139e-05, 9.25152653508e-06, 6.63897026243e-06, 4.78612628285e-06, 5.26286339664e-06, 5.04171384819e-06, 5.09722849529e-06, 5.21508263773e-06, 8.02953945822e-06, 5.61009119338e-06, 6.40639382254e-06, 6.22331617706e-06, 6.0257189034e-06, 4.96731399835e-06, 6.28700581728e-06, 5.96331938141e-06, 6.42079112367e-06, 5.62578316021e-06, 5.53704057893e-06, 5.09264418724e-06, 4.76313471154e-06, 4.37742437498e-06, 4.13479210692e-06, 4.09168569604e-06, 3.4546567349e-06, 3.53315385837e-06, 2.98348800243e-06, 2.38333882407e-06, 2.24738323595e-06, 2.09931681638e-06, 1.54553288212e-06, 1.35344180308e-06, 1.02440310457e-06, 9.57763177212e-07, 6.47975696211e-07, 5.44157558124e-07, 5.64929280245e-07, 4.26362930739e-07, 4.12054106391e-07, 2.46857155162e-07, 1.59831245128e-07, 3.3169218483e-08, 1.6845769224e-09, 1.27398869232e-09, 2.17652340595e-10, 4.48932314934e-11, 4.46236936291e-11, 4.43889126844e-11, 4.40284510239e-11, 4.37694498701e-11, 4.30846434918e-11, 4.30527662132e-11, 4.28935116592e-11, 4.25125733228e-11, 4.22936338729e-11, 4.21609969159e-11]
    },
    "mfcc": {
        "mean": [-590.47076416, 94.8573226929, -20.9999599457, -2.42733359337, -6.78881311417, 6.75745630264, 0.592017889023, 11.6135482788, 4.932035923, 9.6398973465, 1.44186306, 1.03920400143, 0.491520732641],
        "cov": [[1931.54833984, 346.535400391, 1153.14221191, 597.432861328, 507.09967041, 263.363128662, -1.72429716587, -141.700149536, -168.765686035, -36.4483032227, 12.9189577103, 151.491363525, 160.879760742], [346.535400391, 542.972900391, 619.118713379, 399.428192139, 260.739685059, 185.386306763, 113.315193176, 22.2414207458, -42.4839019775, 22.8630466461, 44.6736755371, 72.1848602295, 62.6335716248], [1153.14221191, 619.118713379, 1589.61901855, 855.559082031, 641.985229492, 354.451629639, 107.554191589, -57.0769042969, -142.530563354, 40.2548522949, 47.6768188477, 182.557098389, 188.117507935], [597.432861328, 399.428192139, 855.559082031, 643.57244873, 438.741485596, 236.372360229, 66.320640564, -7.40745401382, -43.2683563232, 49.7693214417, 32.0411338806, 111.500862122, 111.736053467], [507.09967041, 260.739685059, 641.985229492, 438.741485596, 426.712371826, 202.856521606, 43.3000946045, -10.0309000015, -22.3493995667, 26.6130886078, 12.3258552551, 79.3586044312, 87.4916687012], [263.363128662, 185.386306763, 354.451629639, 236.372360229, 202.856521606, 183.128616333, 87.0648193359, 28.9157943726, 3.26638746262, 29.7931308746, 30.9303894043, 46.5244255066, 33.6856460571], [-1.72429716587, 113.315193176, 107.554191589, 66.320640564, 43.3000946045, 87.0648193359, 144.832687378, 79.923210144, 31.0282554626, 42.2027282715, 40.282535553, 14.0261764526, 2.5331864357], [-141.700149536, 22.2414207458, -57.0769042969, -7.40745401382, -10.0309000015, 28.9157943726, 79.923210144, 120.995079041, 72.3020248413, 47.1736335754, 28.9531326294, 4.58981895447, -9.16674995422], [-168.765686035, -42.4839019775, -142.530563354, -43.2683563232, -22.3493995667, 3.26638746262, 31.0282554626, 72.3020248413, 108.563682556, 52.92212677, 21.6357040405, -6.29017734528, -16.6654644012], [-36.4483032227, 22.8630466461, 40.2548522949, 49.7693214417, 26.6130886078, 29.7931308746, 42.2027282715, 47.1736335754, 52.92212677, 98.9298782349, 46.2829437256, 24.9553050995, 17.8075847626], [12.9189577103, 44.6736755371, 47.6768188477, 32.0411338806, 12.3258552551, 30.9303894043, 40.282535553, 28.9531326294, 21.6357040405, 46.2829437256, 72.1281051636, 33.4664001465, 11.3436365128], [151.491363525, 72.1848602295, 182.557098389, 111.500862122, 79.3586044312, 46.5244255066, 14.0261764526, 4.58981895447, -6.29017734528, 24.9553050995, 33.4664001465, 78.935874939, 53.6235466003], [160.879760742, 62.6335716248, 188.117507935, 111.736053467, 87.4916687012, 33.6856460571, 2.5331864357, -9.16674995422, -16.6654644012, 17.8075847626, 11.3436365128, 53.6235466003, 86.3199081421]],
        "icov": [[0.00108292116784, 0.000291441945592, -0.000637870864011, 0.000161415766343, -0.000266850780463, -0.000625801621936, 0.000210780053749, 0.000615247758105, 0.000256892846664, 0.000516585889272, -0.000261127162958, -0.000394364062231, -0.00025243757409], [0.000291441945592, 0.00445396732539, -0.000887811300345, -0.00198784517124, 0.000673066708259, -0.00060717650922, -0.00182730564848, -0.000276667065918, 0.000656691030599, 0.00157532934099, -0.00145620235708, 0.000372315989807, 7.38527305657e-05], [-0.000637870864011, -0.000887811300345, 0.00376563798636, -0.00219787308015, -0.00132350297645, -0.000310310453642, -0.000962642778177, 0.000278304272797, 0.002822924871, -0.00101163447835, 0.000332269992214, -0.00106262345798, -0.000637890479993], [0.000161415766343, -0.00198784517124, -0.00219787308015, 0.00906405597925, -0.00425050361082, -0.00123198295478, 0.00181760103442, -0.000509902543854, 6.77439165884e-05, -0.00245098653249, 0.00120046793018, -0.00124442542437, 1.39848552863e-05], [-0.000266850780463, 0.000673066708259, -0.00132350297645, -0.00425050361082, 0.0113975647837, -0.00631380593404, 0.00237566954456, 0.000381168909371, -0.003190909978, 0.00109321950004, 0.00180933659431, 0.00110197300091, -0.00248621730134], [-0.000625801621936, -0.00060717650922, -0.000310310453642, -0.00123198295478, -0.00631380593404, 0.0202599670738, -0.00909822806716, 0.00134738977067, -0.00220624776557, 0.00128953892272, -0.00150400551502, -0.00231908913702, 0.00372754363343], [0.000210780053749, -0.00182730564848, -0.000962642778177, 0.00181760103442, 0.00237566954456, -0.00909822806716, 0.0193903446198, -0.0107076074928, 0.00320683792233, -0.00201453431509, -0.00353949167766, 0.00410538678989, -0.000935860152822], [0.000615247758105, -0.000276667065918, 0.000278304272797, -0.000509902543854, 0.000381168909371, 0.00134738977067, -0.0107076074928, 0.0225127469748, -0.0111461989582, -0.000161971969646, 0.00124893477187, -0.0032222061418, 0.00061945169], [0.000256892846664, 0.000656691030599, 0.002822924871, 6.77439165884e-05, -0.003190909978, -0.00220624776557, 0.00320683792233, -0.0111461989582, 0.0243571400642, -0.00923347380012, -5.44863360119e-05, 0.000401878089178, 0.00198731734417], [0.000516585889272, 0.00157532934099, -0.00101163447835, -0.00245098653249, 0.00109321950004, 0.00128953892272, -0.00201453431509, -0.000161971969646, -0.00923347380012, 0.0219072084874, -0.0100879473612, 0.00124162412249, -0.00404560239986], [-0.000261127162958, -0.00145620235708, 0.000332269992214, 0.00120046793018, 0.00180933659431, -0.00150400551502, -0.00353949167766, 0.00124893477187, -5.44863360119e-05, -0.0100879473612, 0.027462316677, -0.0125180222094, 0.00449287379161], [-0.000394364062231, 0.000372315989807, -0.00106262345798, -0.00124442542437, 0.00110197300091, -0.00231908913702, 0.00410538678989, -0.0032222061418, 0.000401878089178, 0.00124162412249, -0.0125180222094, 0.0319084003568, -0.0146387293935], [-0.00025243757409, 7.38527305657e-05, -0.000637890479993, 1.39848552863e-05, -0.00248621730134, 0.00372754363343, -0.000935860152822, 0.00061945169, 0.00198731734417, -0.00404560239986, 0.00449287379161, -0.0146387293935, 0.0242540445179]]
    },
    "spectral_contrast_coeffs": {
        "max": [-0.427345693111, -0.465385973454, -0.55884552002, -0.630520820618, -0.62302428484, -0.659080982208],
        "mean": [-0.746469557285, -0.733967244625, -0.756931364536, -0.799225270748, -0.799402058125, -0.746441483498],
        "min": [-0.90752363205, -0.979344010353, -0.933823347092, -0.935603618622, -0.881440877914, -0.866311311722],
        "stdev": [0.0693448036909, 0.0713290423155, 0.0541049875319, 0.039573263377, 0.0298970714211, 0.0265892371535]
    },
    "spectral_contrast_valleys": {
        "max": [-4.94874954224, -4.98432397842, -4.93223619461, -5.73863220215, -5.83102893829, -7.73034954071],
        "mean": [-7.05990028381, -6.46255111694, -6.41509056091, -6.65169477463, -6.90806245804, -9.59257888794],
        "min": [-12.1044149399, -11.0139913559, -11.3188686371, -10.7583656311, -11.6846323013, -14.1251192093],
        "stdev": [1.46561264992, 0.639950692654, 0.471834033728, 0.373899698257, 0.398065537214, 0.654095113277]
    }
},
"rhythm": {
    "beats_count": 79,
    "beats_loudness": {
        "max": 0.107570707798,
        "mean": 0.0518246740103,
        "min": 0.00894588697702,
        "stdev": 0.0248256996274
    },
    "bpm": 123.594825745,
    "bpm_histogram_first_peak_bpm": 123,
    "bpm_histogram_first_peak_weight": 0.328358232975,
    "bpm_histogram_second_peak_bpm": 148,
    "bpm_histogram_second_peak_spread": 0.200000047684,
    "bpm_histogram_second_peak_weight": 0.102564103901,
    "danceability": 1.12335729599,
    "onset_rate": 2.00002861023,
    "beats_loudness_band_ratio": {
        "max": [0.879175186157, 0.249431967735, 0.687190771103, 0.701683104038, 0.473412394524, 0.13220153749],
        "mean": [0.413196474314, 0.0563451685011, 0.21442848444, 0.192752897739, 0.10523198545, 0.0449906475842],
        "min": [4.80044081996e-06, 0.000640578509774, 0.0201594680548, 0.0116199720651, 0.00615483429283, 0.00332167604938],
        "stdev": [0.264277279377, 0.0574429035187, 0.158842518926, 0.167260795832, 0.0906082242727, 0.0279504414648]
    },
    "beats_position": [0.510838985443, 1.02167797089, 1.50929701328, 1.99691605568, 2.48453521729, 2.97215414047, 3.44816327095, 3.92417216301, 4.41179132462, 4.8994102478, 5.38702917099, 5.87464857101, 6.3622674942, 6.84988641739, 7.32589578629, 7.80190467834, 8.28952407837, 8.77714252472, 9.25315189362, 9.72916126251, 10.2167797089, 10.7043991089, 11.1920175552, 11.6796369553, 12.1556463242, 12.6316547394, 13.1192741394, 13.6068935394, 14.0945119858, 14.5821313858, 15.0697498322, 15.5573692322, 16.0333786011, 16.50938797, 16.99700737, 17.4846248627, 17.9722442627, 18.4598636627, 18.9474830627, 19.4351024628, 19.9227199554, 20.3987293243, 20.8747386932, 21.3623580933, 21.8499774933, 22.3259868622, 22.8019943237, 23.3012237549, 23.7888431549, 24.2648525238, 24.7408618927, 25.2168693542, 25.7044887543, 26.1921081543, 26.6797275543, 27.1673469543, 27.6549663544, 28.142583847, 28.5489330292, 28.9552822113, 29.3616313934, 29.7679805756, 30.1743297577, 30.5806789398, 30.9870281219, 31.3933773041, 31.8113365173, 32.2292976379, 32.7169151306, 33.2161445618, 33.7153739929, 34.2029914856, 34.690612793, 35.1782302856, 35.6658477783, 36.1534690857, 36.6526985168, 37.151927948, 37.6395454407],
