{
"metadata": {
    "version": {
        "essentia": "2.1-beta5",
        "essentia_git_sha": "Undefined",
        "extractor": "music 2.0"
    },
    "audio_properties": {
        "analysis": {
            "equal_loudness": 0,
            "length": 52.2448997498,
            "sample_rate": 44100,
            "start_time": 45.2440834045,
            "downmix": "mix"
        },
        "bit_rate": 192000,
        "length": 185.52746582,
        "lossless": 0,
        "number_channels": 2,
        "replay_gain": -1.61018943787,
        "sample_rate": 48000,
        "codec": "mp3",
        "md5_encoded": "e13516d2a55d5ef1db4e6b8e5c571db7"
    },
    "tags": {
        "file_name": "Estonia_Goodbye to Yesterday_Elina Born _ Stig Rästa.mp3",
        "encoding": ["Lavf58.29.100"]
    }
},
"lowlevel": {
    "average_loudness": 0.953548014164,
    "barkbands_crest": {
        "max": 21.648317337,
        "mean": 8.98477745056,
        "min": 2.77121281624,
        "stdev": 3.44087433815
    },
    "barkbands_flatness_db": {
        "max": 0.259390890598,
        "mean": 0.127330809832,
        "min": 0.0540092587471,
        "stdev": 0.0319812297821
    },
    "barkbands_kurtosis": {
        "max": 38.9821472168,
        "mean": 3.278652668,
        "min": -1.80645275116,
        "stdev": 5.20067071915
    },
    "barkbands_skewness": {
        "max": 5.36000823975,
        "mean": 1.41546237469,
        "min": -0.802797019482,
        "stdev": 0.966936886311
    },
    "barkbands_spread": {
        "max": 98.8254470825,
        "mean": 22.3475341797,
        "min": 3.30053257942,
        "stdev": 12.9317541122
    },
    "dissonance": {
        "max": 0.499952554703,
        "mean": 0.462237268686,
        "min": 0.31576409936,
        "stdev": 0.0240478813648
    },
    "dynamic_complexity": 2.22961521149,
    "erbbands_crest": {
        "max": 26.2030944824,
        "mean": 9.15779399872,
        "min": 2.74047684669,
        "stdev": 4.43956327438
    },
    "erbbands_flatness_db": {
        "max": 0.26569968462,
        "mean": 0.150748848915,
        "min": 0.0660165771842,
        "stdev": 0.030800646171
    },
    "erbbands_kurtosis": {
        "max": 15.3117752075,
        "mean": 0.341819137335,
        "min": -1.68369781971,
        "stdev": 1.54302334785
    },
    "erbbands_skewness": {
        "max": 3.36546254158,
        "mean": 0.45750027895,
        "min": -1.65784704685,
        "stdev": 0.638946533203
    },
    "erbbands_spread": {
        "max": 124.117904663,
        "mean": 38.1003112793,
        "min": 7.14626979828,
        "stdev": 16.0505104065
    },
    "hfc": {
        "max": 127.379310608,
        "mean": 22.19830513,
        "min": 1.21352779865,
        "stdev": 17.6655883789
    },
    "loudness_ebu128": {
        "integrated": -21.9430141449,
        "loudness_range": 3.83274650574,
        "momentary": {
            "max": -18.7830944061,
            "mean": -22.2881946564,
            "min": -27.4196834564,
            "stdev": 1.79582059383
        },
        "short_term": {
            "max": -20.0425872803,
            "mean": -22.0898132324,
            "min": -24.8501796722,
            "stdev": 1.28120267391
        }
    },
    "melbands_crest": {
        "max": 30.4576663971,
        "mean": 12.0002889633,
        "min": 3.30032920837,
        "stdev": 4.42485570908
    },
    "melbands_flatness_db": {
        "max": 0.353941231966,
        "mean": 0.173769950867,
        "min": 0.0386041849852,
        "stdev": 0.04679126665
    },
    "melbands_kurtosis": {
        "max": 120.685317993,
        "mean": 9.79981613159,
        "min": -1.27703738213,
        "stdev": 11.4691123962
    },
    "melbands_skewness": {
        "max": 9.33032131195,
        "mean": 2.26531052589,
        "min": -0.440553545952,
        "stdev": 1.24558579922
    },
    "melbands_spread": {
        "max": 153.166107178,
        "mean": 24.2900714874,
        "min": 2.37745594978,
        "stdev": 15.6412191391
    },
    "pitch_salience": {
        "max": 0.823755502701,
        "mean": 0.592087745667,
        "min": 0.248740792274,
        "stdev": 0.0941211506724
    },
    "silence_rate_20dB": {
        "max": 1,
        "mean": 1,
        "min": 1,
        "stdev": 0
    },
    "silence_rate_30dB": {
        "max": 1,
        "mean": 1,
        "min": 1,
        "stdev": 0
    },
    "silence_rate_60dB": {
        "max": 1,
        "mean": 0.007107952144,
        "min": 0,
        "stdev": 0.0840086191893
    },
    "spectral_centroid": {
        "max": 3746.26879883,
        "mean": 1269.97119141,
        "min": 335.486450195,
        "stdev": 541.769165039
    },
    "spectral_complexity": {
        "max": 48,
        "mean": 20.4917812347,
        "min": 3,
        "stdev": 8.3268032074
    },
    "spectral_decrease": {
        "max": -3.24526822082e-10,
        "mean": -6.57176713048e-09,
        "min": -3.46913324734e-08,
        "stdev": 4.5072656718e-09
    },
    "spectral_energy": {
        "max": 0.134728506207,
        "mean": 0.0268168374896,
        "min": 0.00134822248947,
        "stdev": 0.0179670806974
    },
    "spectral_energyband_high": {
        "max": 0.0119687682018,
        "mean": 0.000854056386743,
        "min": 1.72851832758e-05,
        "stdev": 0.0014194851974
    },
    "spectral_energyband_low": {
        "max": 0.0636844560504,
        "mean": 0.00571170402691,
        "min": 1.50691030285e-05,
        "stdev": 0.00806342437863
    },
    "spectral_energyband_middle_high": {
        "max": 0.0515201725066,
        "mean": 0.00661466550082,
        "min": 0.000193243307876,
        "stdev": 0.00711525185034
    },
    "spectral_energyband_middle_low": {
        "max": 0.104530163109,
        "mean": 0.0149580463767,
        "min": 0.000427841499913,
        "stdev": 0.0131363235414
    },
    "spectral_entropy": {
        "max": 8.73250007629,
        "mean": 7.64809656143,
        "min": 6.58853626251,
        "stdev": 0.304911851883
    },
    "spectral_flux": {
        "max": 0.281648993492,
        "mean": 0.085637383163,
        "min": 0.0160110648721,
        "stdev": 0.0439294762909
    },
    "spectral_kurtosis": {
        "max": 11.4613647461,
        "mean": 3.96259379387,
        "min": -1.14606535435,
        "stdev": 1.76653051376
    },
    "spectral_rms": {
        "max": 0.0114648351446,
        "mean": 0.00485548470169,
        "min": 0.00114688230678,
        "stdev": 0.00160843925551
    },
    "spectral_rolloff": {
        "max": 11886.328125,
        "mean": 1550.12390137,
        "min": 86.1328125,
        "stdev": 1532.86035156
    },
    "spectral_skewness": {
        "max": 2.65458607674,
        "mean": 1.57221364975,
        "min": 0.280456900597,
        "stdev": 0.309758931398
    },
    "spectral_spread": {
        "max": 15180162,
        "mean": 4873806,
        "min": 2765979.5,
        "stdev": 1487649.625
    },
    "spectral_strongpeak": {
        "max": 9.47533130646,
        "mean": 1.23230373859,
        "min": 0,
        "stdev": 1.35964179039
    },
    "zerocrossingrate": {
        "max": 0.35888671875,
        "mean": 0.0652607083321,
        "min": 0.00732421875,
        "stdev": 0.0361015349627
    },
    "barkbands": {
        "max": [0.00727287167683, 0.0495273396373, 0.0229058712721, 0.057949796319, 0.0686222985387, 0.0538845919073, 0.0472528189421, 0.0315779224038, 0.0341876670718, 0.0341906808317, 0.0352041199803, 0.0307200048119, 0.0218631587923, 0.0133987218142, 0.0224419888109, 0.0229255687445, 0.00828540511429, 0.00570352235809, 0.00438045989722, 0.00422636186704, 0.00869356188923, 0.00108520500362, 0.00375509448349, 0.00514585571364, 0.00604653777555, 0.002117510885, 1.93169562408e-05],
        "mean": [0.000281592656393, 0.00329486140981, 0.0012581209885, 0.00155007792637, 0.00494482414797, 0.00303450087085, 0.00148249883205, 0.0017013521865, 0.00141039700247, 0.00215700571425, 0.000709885614924, 0.000648458721116, 0.00055343384156, 0.000482423318317, 0.000850027543493, 0.00041414127918, 0.000423613557359, 0.000317844824167, 0.000356551143341, 0.000206302065635, 0.00021349513554, 7.64074284234e-05, 0.000101744226413, 0.000158745519002, 0.000153924222104, 3.45746775565e-05, 2.26935572556e-08],
        "min": [4.44982894976e-08, 1.22695189475e-06, 1.24982898342e-06, 3.3321225601e-06, 5.23080525454e-05, 1.2719676306e-05, 2.23113124775e-06, 3.15825445796e-06, 7.63992466091e-06, 3.93251730202e-06, 1.44972489124e-06, 1.92039215108e-06, 5.58584270038e-06, 5.989953479e-06, 6.86247358317e-06, 4.74934131489e-06, 5.53771587875e-06, 4.93087145514e-06, 6.51154869047e-06, 2.84110501525e-06, 3.44619888892e-06, 2.17920478462e-06, 9.23786444673e-07, 1.4237493815e-06, 5.21863739777e-07, 3.55528251283e-09, 9.38289931862e-11],
        "stdev": [0.000734874571208, 0.00591815402731, 0.0019916635938, 0.00263869389892, 0.00625535659492, 0.00499705644324, 0.00258203153498, 0.00296076876111, 0.00278636044823, 0.00429849978536, 0.00173131586052, 0.00156567979138, 0.00117336236872, 0.00080600817455, 0.00181932759006, 0.000990091939457, 0.000605503446423, 0.000439991737949, 0.000504415365867, 0.000336826778948, 0.000555300794076, 9.89056788967e-05, 0.000244473747443, 0.000431043677963, 0.000401545781642, 0.000112288587843, 4.66240834385e-07]
    },
    "erbbands": {
        "max": [2.44776988029, 9.96041107178, 25.1551437378, 133.315917969, 164.551071167, 303.93347168, 391.461486816, 542.550292969, 584.200195312, 676.903564453, 868.995666504, 932.626159668, 1277.70849609, 1482.5378418, 1199.27246094, 950.195739746, 789.116455078, 445.535461426, 1402.75219727, 702.273925781, 767.574401855, 318.534088135, 298.343414307, 336.80770874, 309.583557129, 228.361755371, 483.877319336, 128.185836792, 32.7711296082, 61.3283309937, 126.621498108, 108.67502594, 96.4457931519, 95.487121582, 34.163860321, 10.919336319, 3.902384758, 0.356514334679, 0.00642033061013, 0.000334195501637],
        "mean": [0.110912911594, 0.667757987976, 1.38179683685, 4.00062227249, 9.09245681763, 18.2649097443, 26.9704093933, 19.7711219788, 21.2826824188, 22.9139919281, 40.6817054749, 35.1426467896, 58.8143196106, 58.2451553345, 23.6440849304, 29.394618988, 26.3694438934, 26.8517990112, 44.4862785339, 27.7828712463, 24.3838176727, 19.9729576111, 17.5932197571, 20.4843540192, 15.2589540482, 9.34884738922, 11.8726482391, 4.99682760239, 2.85855174065, 2.58993124962, 3.06418633461, 3.25276470184, 2.59923052788, 1.86955296993, 1.01830947399, 0.269289523363, 0.0432642474771, 0.00180349918082, 7.1190741437e-05, 3.78759941668e-05],
        "min": [5.64737856621e-05, 0.000420775089879, 0.00564709119499, 0.0360798053443, 0.0655244663358, 0.206115692854, 0.131894335151, 0.207743614912, 0.154229953885, 0.129297241569, 0.18196181953, 0.178839758039, 0.27624887228, 0.130158022046, 0.256107062101, 0.193155139685, 0.349097162485, 0.39794999361, 0.333789855242, 0.357015728951, 0.432140886784, 0.311099290848, 0.268721222878, 0.276287674904, 0.239260226488, 0.147433117032, 0.166005313396, 0.0916129052639, 0.0981872752309, 0.0467061549425, 0.0222735702991, 0.0227060224861, 0.0252687335014, 0.00712306983769, 0.00403543096036, 0.000651688838843, 3.06242145598e-05, 1.71307169694e-06, 2.02532351068e-06, 1.98746920432e-06],
        "stdev": [0.275525569916, 0.997090697289, 1.88739812374, 6.25454187393, 14.242307663, 24.7515678406, 42.075088501, 34.4015655518, 35.4099731445, 43.8385772705, 72.0584182739, 68.2307434082, 118.262054443, 126.910171509, 50.8731689453, 59.0834693909, 48.0181732178, 36.0461502075, 104.304618835, 44.5865974426, 44.1866149902, 25.6101856232, 21.3089523315, 31.3026752472, 23.0936927795, 15.1244907379, 33.8527450562, 7.65692710876, 3.4017701149, 4.90411567688, 7.70836591721, 8.60627365112, 7.27139234543, 5.21867322922, 2.6419403553, 0.777307391167, 0.163193002343, 0.012137291953, 0.00024805337307, 2.93230223178e-05]
    },
    "gfcc": {
        "mean": [19.9758892059, 93.9287185669, -123.233657837, 33.3015823364, -65.9546279907, 19.6974220276, -49.0278244019, 15.2563753128, -32.5832710266, 2.24228549004, -16.7682380676, -3.60437011719, -3.42610478401],
        "cov": [[1733.08972168, -369.305847168, -172.024765015, -214.203033447, -58.2876052856, 19.3919200897, -36.5077209473, 158.040039062, -22.8444595337, 118.146362305, -39.4655838013, 41.0395851135, -18.2201023102], [-369.305847168, 655.19140625, 13.1405639648, 64.3856582642, 137.28302002, -31.8953533173, 164.717987061, -29.7390213013, 68.9029769897, -62.0084037781, 38.7678489685, -63.797416687, 34.3302993774], [-172.024765015, 13.1405639648, 532.338317871, 117.027305603, 14.1639261246, 85.6278839111, -61.2454795837, -13.0511207581, 20.1432151794, -6.30172729492, 1.76880002022, 41.8388557434, -39.5327072144], [-214.203033447, 64.3856582642, 117.027305603, 252.136642456, 91.263092041, 35.9852600098, 26.9300556183, -0.711281716824, 39.2075538635, -9.70055770874, 31.2450275421, -10.180439949, 16.4876346588], [-58.2876052856, 137.28302002, 14.1639261246, 91.263092041, 206.860809326, 50.9192390442, 95.2235946655, 24.1195983887, 16.5772151947, 19.5922527313, -2.11427259445, 1.02716624737, 4.96705293655], [19.3919200897, -31.8953533173, 85.6278839111, 35.9852600098, 50.9192390442, 175.824569702, 71.6426010132, 15.2871999741, -0.520702064037, 0.093977868557, 2.3999350071, -8.68277740479, 3.41429448128], [-36.5077209473, 164.717987061, -61.2454795837, 26.9300556183, 95.2235946655, 71.6426010132, 186.879989624, 31.4408340454, 3.40949678421, 5.17715644836, 8.22126483917, -30.8667507172, 15.9740886688], [158.040039062, -29.7390213013, -13.0511207581, -0.711281716824, 24.1195983887, 15.2871999741, 31.4408340454, 99.2065887451, 35.7398262024, 17.3185787201, 0.875668823719, 2.65573787689, -4.00138998032], [-22.8444595337, 68.9029769897, 20.1432151794, 39.2075538635, 16.5772151947, -0.520702064037, 3.40949678421, 35.7398262024, 94.6156997681, 6.6318655014, 7.27182102203, -8.61064529419, -10.9793748856], [118.146362305, -62.0084037781, -6.30172729492, -9.70055770874, 19.5922527313, 0.093977868557, 5.17715644836, 17.3185787201, 6.6318655014, 90.4453659058, 16.9755573273, 10.8757419586, -8.5402879715], [-39.4655838013, 38.7678489685, 1.76880002022, 31.2450275421, -2.11427259445, 2.3999350071, 8.22126483917, 0.875668823719, 7.27182102203, 16.9755573273, 71.4031829834, 4.08102846146, 17.9448413849], [41.0395851135, -63.797416687, 41.8388557434, -10.180439949, 1.02716624737, -8.68277740479, -30.8667507172, 2.65573787689, -8.61064529419, 10.8757419586, 4.08102846146, 72.7489395142, 8.99689865112], [-18.2201023102, 34.3302993774, -39.5327072144, 16.4876346588, 4.96705293655, 3.41429448128, 15.9740886688, -4.00138998032, -10.9793748856, -8.5402879715, 17.9448413849, 8.99689865112, 80.4323501587]],
        "icov": [[0.000911009090487, 1.66544832609e-05, 0.00027241956559, 0.000400446850108, 0.000164901444805, -0.00044626093586, 0.000512311351486, -0.00156032480299, 0.000532779435162, -0.000995594775304, 0.000496455584653, -0.00019199369126, -4.18133568019e-05], [1.66544832609e-05, 0.00614572502673, -0.00236409157515, 0.00303110689856, -0.00426693959162, 0.00529308849946, -0.0062200720422, 0.00478322431445, -0.00598362646997, 0.00524329347536, -0.00445716828108, 0.00412381766364, -0.00261747930199], [0.00027241956559, -0.00236409157515, 0.00393642485142, -0.00253676320426, 0.00197585485876, -0.0040447008796, 0.00376623356715, -0.00193749694154, 0.00221604574472, -0.00209364062175, 0.00201332988217, -0.00356677942909, 0.00276081217453], [0.000400446850108, 0.00303110689856, -0.00253676320426, 0.00833048857749, -0.00523108616471, 0.00255231931806, -0.00225477362983, 0.00252735707909, -0.00483480794355, 0.00355351390317, -0.00483892299235, 0.00392686994746, -0.00301159010269], [0.000164901444805, -0.00426693959162, 0.00197585485876, -0.00523108616471, 0.0114592351019, -0.00418828288093, 0.000354502495611, -0.00381969450973, 0.00404136162251, -0.00585978711024, 0.00583337899297, -0.00533699430525, 0.00233672303148], [-0.00044626093586, 0.00529308849946, -0.0040447008796, 0.00255231931806, -0.00418828288093, 0.0129187861457, -0.00884814374149, 0.00417839596048, -0.00458381418139, 0.00506881019101, -0.00399728491902, 0.00455387774855, -0.00290115945973], [0.000512311351486, -0.0062200720422, 0.00376623356715, -0.00225477362983, 0.000354502495611, -0.00884814374149, 0.0166628081352, -0.00784477777779, 0.00728320283815, -0.00535206124187, 0.00322530674748, -0.000636289536487, 0.00151589023881], [-0.00156032480299, 0.00478322431445, -0.00193749694154, 0.00252735707909, -0.00381969450973, 0.00417839596048, -0.00784477777779, 0.0197161454707, -0.0110336160287, 0.00409202976152, -0.00361833861098, 0.00154340348672, -0.0017050645547], [0.000532779435162, -0.00598362646997, 0.00221604574472, -0.00483480794355, 0.00404136162251, -0.00458381418139, 0.00728320283815, -0.0110336160287, 0.0202034469694, -0.00582973752171, 0.00354469823651, -0.00207605445758, 0.00428478000686], [-0.000995594775304, 0.00524329347536, -0.00209364062175, 0.00355351390317, -0.00585978711024, 0.00506881019101, -0.00535206124187, 0.00409202976152, -0.00582973752171, 0.0187892522663, -0.00869580451399, 0.00210559880361, 9.60720208241e-05], [0.000496455584653, -0.00445716828108, 0.00201332988217, -0.00483892299235, 0.00583337899297, -0.00399728491902, 0.00322530674748, -0.00361833861098, 0.00354469823651, -0.00869580451399, 0.0211240779608, -0.00434022024274, -0.00168161361944], [-0.00019199369126, 0.00412381766364, -0.00356677942909, 0.00392686994746, -0.00533699430525, 0.00455387774855, -0.000636289536487, 0.00154340348672, -0.00207605445758, 0.00210559880361, -0.00434022024274, 0.0207186471671, -0.0054312585853], [-4.18133568019e-05, -0.00261747930199, 0.00276081217453, -0.00301159010269, 0.00233672303148, -0.00290115945973, 0.00151589023881, -0.0017050645547, 0.00428478000686, 9.60720208241e-05, -0.00168161361944, -0.0054312585853, 0.0166855752468]]
    },
    "melbands": {
        "max": [0.0173284094781, 0.00987035222352, 0.0209770034999, 0.0169456172734, 0.0107311513275, 0.0112400408834, 0.00969642959535, 0.00692309066653, 0.00678962608799, 0.00646419264376, 0.00620124163106, 0.00558828702196, 0.00286154029891, 0.00391749897972, 0.00128801609389, 0.0026525426656, 0.000986630097032, 0.00244899187237, 0.0022198795341, 0.00204088073224, 0.00101660098881, 0.00043393013766, 0.000320898543578, 0.000302570813801, 0.00030844687717, 0.000221760579734, 0.000103657512227, 0.000204397831112, 0.000489940051921, 0.000201263988856, 5.16405743838e-05, 1.94488075067e-05, 2.94745932479e-05, 4.35440415458e-05, 7.00969103491e-05, 6.57538985251e-05, 6.86147395754e-05, 7.51164043322e-05, 6.51021109661e-05, 0.000100910212495],
        "mean": [0.000956442265306, 0.000802872236818, 0.000785694923252, 0.00102777965367, 0.000907434790861, 0.000479445792735, 0.000326316192513, 0.000258915999439, 0.000316829304211, 0.000223293958697, 0.000296304613585, 0.000242729118327, 8.02203358035e-05, 7.5491181633e-05, 6.13260490354e-05, 5.5797634559e-05, 4.78806796309e-05, 6.71044545015e-05, 5.46898954781e-05, 3.11160583806e-05, 2.85759033432e-05, 2.17775723286e-05, 1.89802613022e-05, 1.39093581311e-05, 1.7162246877e-05, 1.17646877698e-05, 7.83089308243e-06, 5.82297025176e-06, 8.14276700112e-06, 5.10230938744e-06, 2.19980643124e-06, 1.64103983025e-06, 1.34343952141e-06, 1.47474838741e-06, 1.7349494783e-06, 1.86286342796e-06, 2.0280579065e-06, 1.89856814359e-06, 1.54382121309e-06, 1.62286289651e-06],
        "min": [3.78795675715e-07, 2.29641068472e-06, 6.94931532053e-06, 1.14194153866e-05, 4.53999382444e-06, 2.67145628641e-06, 1.18091679724e-06, 4.82504901811e-07, 6.31383102245e-07, 1.09238021651e-06, 1.15605951123e-06, 3.70329360067e-07, 6.11700613717e-07, 2.3256522752e-07, 5.74868408876e-07, 6.24281085493e-07, 6.85610473283e-07, 4.95749247875e-07, 5.1846899396e-07, 3.17499058156e-07, 3.53530765551e-07, 2.59275225289e-07, 1.99011836344e-07, 2.07133567187e-07, 1.92560577261e-07, 1.61591756864e-07, 1.27346766021e-07, 6.6887210437e-08, 6.01787704113e-08, 8.21720931299e-08, 3.180933561e-08, 4.86462354843e-08, 3.19216795219e-08, 2.21075300288e-08, 9.53850953778e-09, 6.91058055224e-09, 1.35586795125e-08, 1.49398253768e-08, 8.49426218252e-09, 5.72173908253e-09],
        "stdev": [0.00197405647486, 0.000960322911851, 0.00110897177365, 0.00144512834959, 0.00127583020367, 0.000811140984297, 0.000533850223292, 0.000481458817376, 0.000570905569475, 0.000468962040031, 0.000603935564868, 0.000549257034436, 0.000168453159858, 0.000182456948096, 9.81449484243e-05, 0.000139210023917, 7.0978574513e-05, 0.000173474953044, 0.000115709619422, 8.2363243564e-05, 5.65507216379e-05, 3.26973859046e-05, 2.55421145994e-05, 1.88949707081e-05, 2.91944452329e-05, 1.81537980097e-05, 1.03491674963e-05, 1.18580719572e-05, 2.60694177996e-05, 1.2667755982e-05, 3.10262566927e-06, 1.93751407096e-06, 2.08662208934e-06, 3.16634850606e-06, 4.45570367447e-06, 4.99855241287e-06, 5.45180273548e-06, 5.5908089962e-06, 4.0941044972e-06, 4.95624408359e-06]
    },
    "melbands128": {
        "max": [0.0068209245801, 0.0234675444663, 0.0215355996042, 0.0167019423097, 0.0142348725349, 0.0155772762373, 0.0307540241629, 0.0248840805143, 0.0173845402896, 0.0227465927601, 0.0192833021283, 0.0124653438106, 0.0160007141531, 0.0236152540892, 0.0164403021336, 0.00943481270224, 0.010382049717, 0.0160157941282, 0.0128384996206, 0.0110453255475, 0.00906033068895, 0.0104308407754, 0.0120784761384, 0.00651838164777, 0.00632436899468, 0.0122481305152, 0.0087720407173, 0.0121874017641, 0.00926074292511, 0.0101388338953, 0.0121755916625, 0.00772019568831, 0.00235459930263, 0.00897235795856, 0.00990661978722, 0.00339051289484, 0.00525368843228, 0.00150212796871, 0.00180866080336, 0.00210401276127, 0.00594674469903, 0.00172213243786, 0.00144901173189, 0.00169472722337, 0.00253120437264, 0.00531127443537, 0.00449425121769, 0.00553893577307, 0.00130489515141, 0.000922388280742, 0.0045338193886, 0.00299176177941, 0.000718072464224, 0.00251997914165, 0.000872325501405, 0.000599158753175, 0.000375838222681, 0.000477733847219, 0.000699016090948, 0.000414631329477, 0.000538751890417, 0.000628923589829, 0.000825180381071, 0.000577994913328, 0.000284129666397, 0.00017249728262, 0.000683450838551, 0.000169316117535, 0.000145088793943, 0.000133581794216, 0.000392334011849, 0.000342515006196, 0.000549695105292, 0.000908390269615, 0.00054762174841, 0.000424218334956, 0.000139191484777, 0.000108558473585, 5.25317227584e-05, 4.55105328001e-05, 2.84649449895e-05, 1.98205216293e-05, 2.99232106045e-05, 2.91061005555e-05, 4.49559338449e-05, 3.92584370275e-05, 6.25425309408e-05, 9.32786933845e-05, 9.58422460826e-05, 0.000152652923134, 6.80054363329e-05, 8.42331573949e-05, 8.86007037479e-05, 8.73949393281e-05, 6.73291433486e-05, 9.97639872367e-05, 9.75625807769e-05, 0.000109702858026, 6.75586197758e-05, 5.66849048482e-05, 7.2250921221e-05, 0.000171368927113, 0.000114432375995, 7.29666353436e-05, 5.32882149855e-05, 4.43089193141e-05, 2.4553237381e-05, 2.96677262668e-05, 2.32952461374e-05, 1.86236538866e-05, 1.45879785123e-05, 1.46278161992e-05, 1.15467801152e-05, 1.29777508846e-05, 8.45745307743e-06, 2.79414302895e-06, 2.591613395e-07, 9.04443808736e-08, 8.7861373288e-08, 8.54503738879e-08, 8.34980795617e-08, 8.16993335206e-08, 7.99535513352e-08, 7.86609817283e-08, 7.75463391278e-08, 7.66246657236e-08, 7.5943638933e-08, 7.55202762548e-08],
        "mean": [0.000250281591434, 0.000912587100174, 0.00124976714142, 0.00106072705239, 0.000691101828124, 0.000651290407404, 0.000849085103255, 0.000697923649568, 0.000847621529829, 0.00123749044724, 0.00100829149596, 0.000831011217088, 0.00103487761226, 0.000815013307147, 0.000383613427402, 0.000369638873963, 0.000347153953044, 0.000316952791763, 0.00031983491499, 0.000219512789045, 0.000233409111388, 0.000332449388225, 0.000435870228102, 0.000147650469444, 0.000172992731677, 0.000291581614874, 0.000231646044995, 0.00037069854443, 0.000229975936236, 0.000320588995237, 0.000242143505602, 0.000113711961603, 5.10164827574e-05, 7.69764810684e-05, 5.55464066565e-05, 8.30374119687e-05, 0.00010127855785, 3.8537706132e-05, 6.16055112914e-05, 5.80240157433e-05, 6.17394180153e-05, 3.65976411558e-05, 5.1533250371e-05, 5.43692876818e-05, 3.16502628266e-05, 8.36420076666e-05, 9.02307656361e-05, 6.81820238242e-05, 2.93025204883e-05, 2.49867262028e-05, 3.87276122638e-05, 2.9116832593e-05, 2.2313930458e-05, 3.20845683746e-05, 3.56044583896e-05, 1.56449805218e-05, 1.37154893309e-05, 2.38743941736e-05, 1.95068751054e-05, 1.41820810313e-05, 1.09862003228e-05, 1.35497693918e-05, 2.36548130488e-05, 1.77185320354e-05, 9.08280344447e-06, 9.91066190181e-06, 1.70060502569e-05, 7.70397400629e-06, 6.56818747302e-06, 5.1432652981e-06, 4.79214577354e-06, 6.99723523212e-06, 7.80575282988e-06, 8.81775577e-06, 7.6787046055e-06, 6.60114528728e-06, 2.95068571177e-06, 2.73393561656e-06, 2.10138932744e-06, 1.70278599398e-06, 1.75848117578e-06, 1.62711853591e-06, 1.32471166125e-06, 1.32335298986e-06, 1.33313506012e-06, 1.35491825404e-06, 1.55724285378e-06, 1.66657491718e-06, 1.74505441919e-06, 1.80915867531e-06, 1.69756174273e-06, 1.89540799056e-06, 2.09882045965e-06, 2.06435743166e-06, 1.95132315639e-06, 1.99816054192e-06, 1.92238826457e-06, 1.70804378286e-06, 1.51997971898e-06, 1.49358686485e-06, 1.47649802784e-06, 1.76726359769e-06, 1.61446973834e-06, 1.43092506733e-06, 1.27228088331e-06, 9.3643211585e-07, 6.02636418989e-07, 5.01245381201e-07, 4.32975497233e-07, 3.78377677634e-07, 2.94314816074e-07, 1.9141782559e-07, 7.95959564925e-08, 4.91663278979e-08, 2.38936763708e-08, 5.77854386563e-09, 5.72043412639e-10, 4.73016036062e-11, 4.62096819143e-11, 4.39154893006e-11, 4.26383477137e-11, 4.1672505724e-11, 4.05995098651e-11, 3.99302570175e-11, 3.92142984751e-11, 3.84699216927e-11, 3.79826690933e-11, 3.77507330951e-11],
        "min": [2.00586303123e-08, 3.20807309606e-08, 1.1982878334e-07, 1.46404460111e-07, 1.66839129179e-07, 5.62366381018e-07, 8.14341376554e-07, 1.96902692551e-06, 2.44932289206e-06, 5.11350754095e-06, 1.03735749235e-06, 8.24106223263e-07, 1.05341609924e-06, 3.50365098711e-07, 1.11161330096e-06, 4.56148114836e-07, 6.12856979387e-07, 1.33352145326e-07, 2.19709363591e-07, 2.07671462249e-07, 1.91273286987e-07, 4.15603906845e-08, 8.4803275513e-08, 2.64319965027e-07, 1.6009714443e-07, 1.57152811653e-07, 1.52259985953e-07, 8.96805332218e-08, 1.92330787741e-07, 1.22643754707e-07, 1.34270578656e-07, 1.05299456266e-07, 1.16034662767e-07, 8.9766494682e-08, 9.76884919623e-08, 3.99681745478e-08, 1.13890244791e-07, 9.06100154907e-08, 9.81478152084e-08, 1.09294212791e-07, 1.62071060572e-07, 2.04027372774e-07, 3.57294595688e-07, 2.17326089569e-07, 6.48202558295e-08, 1.4752690447e-07, 1.64891432064e-07, 1.89850396737e-07, 4.60327669316e-08, 7.75757911242e-08, 5.82331445287e-08, 2.42257982563e-07, 5.4723820142e-08, 1.02878402686e-07, 1.13919021771e-07, 7.35831164889e-08, 6.63516459554e-08, 1.14845320809e-07, 6.76251872278e-08, 1.09739637821e-07, 3.1599526551e-08, 1.52948487653e-07, 1.12535531116e-07, 6.84405776497e-08, 1.65483058367e-08, 7.5431977109e-08, 7.01931099911e-08, 7.31812761501e-08, 1.00907513456e-07, 6.66837749463e-08, 1.47948018281e-08, 3.51895046435e-08, 5.42029781059e-08, 2.78499427964e-08, 4.05932354397e-08, 6.59079617549e-08, 1.87566229215e-08, 2.50618104047e-08, 1.34875177693e-08, 2.03825329947e-08, 8.4916251808e-09, 4.67613370247e-09, 8.26291035594e-09, 1.54938228913e-09, 3.8927807644e-09, 7.97486876536e-09, 3.13778780736e-09, 4.6560315603e-09, 1.25814192398e-09, 1.58805613104e-09, 2.77203349164e-09, 3.7199650027e-09, 2.40714359556e-09, 1.09840279094e-08, 5.51133094717e-09, 2.66217092815e-09, 8.88673912236e-10, 1.04054140304e-10, 2.83143175572e-09, 8.03882183043e-10, 9.59397228328e-10, 4.5597733922e-10, 2.61937860291e-10, 3.38932992783e-10, 3.16944283318e-11, 1.54346466164e-10, 3.58560715841e-11, 5.73682421012e-12, 1.75424334347e-12, 2.41373175787e-12, 9.62362242847e-13, 4.91138163125e-13, 3.9625168923e-13, 2.74000223552e-13, 3.10507777259e-13, 3.11732898609e-13, 2.70555902985e-13, 3.40708879295e-13, 3.4462892067e-13, 3.2102312887e-13, 2.85470323595e-13, 2.52260641846e-13, 3.24725896129e-13, 3.32238604033e-13, 2.36949538766e-13, 8.43282082076e-14, 1.23059513087e-14, 4.01933597675e-16],
        "stdev": [0.000683014688548, 0.00261240359396, 0.00253823399544, 0.00143881712575, 0.000943881575949, 0.00106575607788, 0.00143327238038, 0.0012653847225, 0.00157527218107, 0.00206978945062, 0.0015679623466, 0.00139778340235, 0.00180635706056, 0.00183977291454, 0.000895361590665, 0.000871837662999, 0.000834855134599, 0.000695770257153, 0.000752297579311, 0.000616123550572, 0.000645099382382, 0.000724511162844, 0.000954204588197, 0.00040060718311, 0.00046721615945, 0.000811056699604, 0.000548829964828, 0.00106641091406, 0.000699353928212, 0.000969984917901, 0.00073188211536, 0.000372210313799, 0.000106503779534, 0.000280788633972, 0.000338858662872, 0.000188698220882, 0.000290330441203, 7.8208722698e-05, 0.000136110887979, 0.000133409004775, 0.000262058107182, 7.59726608521e-05, 8.99043225218e-05, 0.000108365558845, 0.000117454503197, 0.000338719750289, 0.00025508357794, 0.000229297103942, 5.84078188695e-05, 5.5698928918e-05, 0.000154633729835, 0.000106272702396, 5.25330251548e-05, 0.000115463655675, 7.5944706623e-05, 3.20874241879e-05, 2.14926603803e-05, 4.22665070801e-05, 3.72341455659e-05, 2.42043170147e-05, 2.11337355722e-05, 3.46287852153e-05, 5.48920215806e-05, 4.17251394538e-05, 1.66157115018e-05, 1.57757076522e-05, 4.30382388004e-05, 1.22251794892e-05, 1.02847970993e-05, 8.23830396257e-06, 1.52114926095e-05, 2.3633494493e-05, 2.77659601124e-05, 4.49690196547e-05, 3.26845765812e-05, 2.05065080081e-05, 5.98657879891e-06, 5.79728703087e-06, 3.2617663237e-06, 2.52442896453e-06, 2.27694181376e-06, 2.08919686884e-06, 2.19575349547e-06, 2.17059300667e-06, 2.46157242145e-06, 2.79572736872e-06, 3.87930913348e-06, 4.71275780001e-06, 4.82826226289e-06, 5.73416400584e-06, 4.54281143902e-06, 5.84904228162e-06, 5.84063400311e-06, 5.72353428652e-06, 5.62331933907e-06, 6.25415350441e-06, 6.15353246758e-06, 5.16827503816e-06, 4.31471744378e-06, 3.95140841647e-06, 4.24388326792e-06, 6.48761579214e-06, 5.37767846254e-06, 4.3652507884e-06, 3.44692080034e-06, 2.43476324613e-06, 1.68466374362e-06, 1.59323644766e-06, 1.52062671077e-06, 1.22995868423e-06, 7.60556133628e-07, 6.00524117544e-07, 5.59728221106e-07, 4.42556967073e-07, 3.07047542947e-07, 8.7741597099e-08, 7.74621611299e-09, 1.90651028298e-09, 1.85310833345e-09, 1.80116355164e-09, 1.75986558659e-09, 1.72194969394e-09, 1.68515923438e-09, 1.65792679585e-09, 1.63444113799e-09, 1.61502600182e-09, 1.60068214239e-09, 1.5917610563e-09]
    },
    "mfcc": {
        "mean": [-618.078430176, 118.785942078, 0.474503308535, 15.2237949371, 7.0497174263, -1.60674071312, 2.14910531044, -1.07129609585, -0.878218412399, 0.187994480133, -4.71722269058, -4.8320646286, -6.78903532028],
        "cov": [[1774.03759766, -249.72038269, -285.294250488, -208.285995483, -104.476135254, -147.846725464, -6.09687280655, -31.6583919525, 56.0110664368, 38.0699615479, 5.84973859787, 32.6134910583, 31.6621570587], [-249.72038269, 542.149597168, -58.1875610352, 80.6998443604, -19.3295402527, 38.364566803, 45.4560775757, 40.7820854187, 35.2444725037, 20.285610199, 33.4936408997, -7.84179353714, 4.30719280243], [-285.294250488, -58.1875610352, 489.330230713, 15.9806375504, 105.926292419, 48.7765274048, -41.0043716431, 26.6592216492, -48.5388793945, -5.20244836807, 4.52389478683, 3.02965021133, -21.7641658783], [-208.285995483, 80.6998443604, 15.9806375504, 223.488220215, 72.2594299316, 34.0598678589, 15.2251615524, 14.2597351074, 18.3096923828, 5.97097396851, 7.40459394455, 16.9265575409, 28.5624847412], [-104.476135254, -19.3295402527, 105.926292419, 72.2594299316, 148.590286255, 40.1256446838, -5.21440935135, 29.1594314575, 8.59471797943, 10.4932394028, 5.71128416061, 6.32330274582, 14.3378286362], [-147.846725464, 38.364566803, 48.7765274048, 34.0598678589, 40.1256446838, 154.030212402, 76.1574859619, 30.4465007782, 21.1512832642, 19.3837013245, 13.1095581055, -7.18653011322, -0.767939984798], [-6.09687280655, 45.4560775757, -41.0043716431, 15.2251615524, -5.21440935135, 76.1574859619, 176.968215942, 23.1580963135, 42.8585472107, 18.2300224304, 3.30984687805, 16.4580154419, -2.86931443214], [-31.6583919525, 40.7820854187, 26.6592216492, 14.2597351074, 29.1594314575, 30.4465007782, 23.1580963135, 103.318214417, 34.2304344177, 20.726688385, 10.08801651, -1.54599702358, 1.94520699978], [56.0110664368, 35.2444725037, -48.5388793945, 18.3096923828, 8.59471797943, 21.1512832642, 42.8585472107, 34.2304344177, 89.4793701172, 33.010307312, 10.44302845, 8.22894573212, 5.78843307495], [38.0699615479, 20.285610199, -5.20244836807, 5.97097396851, 10.4932394028, 19.3837013245, 18.2300224304, 20.726688385, 33.010307312, 79.0785217285, 31.6070480347, 7.07207393646, 2.0165822506], [5.84973859787, 33.4936408997, 4.52389478683, 7.40459394455, 5.71128416061, 13.1095581055, 3.30984687805, 10.08801651, 10.44302845, 31.6070480347, 65.1810913086, 23.3278846741, 10.7910346985], [32.6134910583, -7.84179353714, 3.02965021133, 16.9265575409, 6.32330274582, -7.18653011322, 16.4580154419, -1.54599702358, 8.22894573212, 7.07207393646, 23.3278846741, 67.4517974854, 29.8063640594], [31.6621570587, 4.30719280243, -21.7641658783, 28.5624847412, 14.3378286362, -0.767939984798, -2.86931443214, 1.94520699978, 5.78843307495, 2.0165822506, 10.7910346985, 29.8063640594, 72.3163833618]],
        "icov": [[0.000833970610984, 0.000340980797773, 0.000362188700819, 0.000665371597279, -3.51935486833e-05, 0.000645931868348, -0.000151168685989, 4.72373976663e-05, -0.000503271701746, -0.000373545452021, -0.000105065497337, -0.000114678201498, -0.000419027666794], [0.000340980797773, 0.00237848632969, 0.000265144102741, -0.000751275569201, 0.000872397329658, 0.000128652725834, -0.000372979062377, -0.000710897729732, -0.000462637050077, 0.000115213682875, -0.00143885868602, 0.000933124392759, -0.000217784021515], [0.000362188700819, 0.000265144102741, 0.00311644887552, 0.000566731789149, -0.00196190178394, -0.000806412834208, 0.00078025390394, -0.000821865396574, 0.00167351227719, -0.000227037409786, 6.94750779076e-05, -0.00135860883165, 0.00139517313801], [0.000665371597279, -0.000751275569201, 0.000566731789149, 0.0066727292724, -0.00314342952333, -7.88847755757e-05, -7.69112812122e-05, 0.000622957770247, -0.000912560732104, -2.61781394784e-07, 0.000555741426069, -0.00114227179438, -0.00164799194317], [-3.51935486833e-05, 0.000872397329658, -0.00196190178394, -0.00314342952333, 0.0108409086242, -0.00180099299178, 0.00116525555495, -0.00175875611603, -0.000982012483291, -0.000589880393818, 0.000291295786155, 0.000203012561542, -0.00149250251707], [0.000645931868348, 0.000128652725834, -0.000806412834208, -7.88847755757e-05, -0.00180099299178, 0.0109832845628, -0.00507464678958, -0.000640885322355, -0.000355907803169, -0.000652297516353, -0.00255697686225, 0.00393946235999, -0.00140789430588], [-0.000151168685989, -0.000372979062377, 0.00078025390394, -7.69112812122e-05, 0.00116525555495, -0.00507464678958, 0.00920413434505, -0.000480374641484, -0.00235198298469, -0.000336954981321, 0.00243110954762, -0.0043230834417, 0.00206351443194], [4.72373976663e-05, -0.000710897729732, -0.000821865396574, 0.000622957770247, -0.00175875611603, -0.000640885322355, -0.000480374641484, 0.0125689171255, -0.00429944042116, -0.000807247648481, -0.00059694040101, 0.00135279097594, -0.000588833063375], [-0.000503271701746, -0.000462637050077, 0.00167351227719, -0.000912560732104, -0.000982012483291, -0.000355907803169, -0.00235198298469, -0.00429944042116, 0.0176418367773, -0.00539628230035, 0.0014326935634, -0.00139722914901, 0.000425709906267], [-0.000373545452021, 0.000115213682875, -0.000227037409786, -2.61781394784e-07, -0.000589880393818, -0.000652297516353, -0.000336954981321, -0.000807247648481, -0.00539628230035, 0.0188613608479, -0.00866295769811, 0.00160116492771, 0.000745546480175], [-0.000105065497337, -0.00143885868602, 6.94750779076e-05, 0.000555741426069, 0.000291295786155, -0.00255697686225, 0.00243110954762, -0.00059694040101, 0.0014326935634, -0.00866295769811, 0.0235160235316, -0.00862384866923, 0.000133016277687], [-0.000114678201498, 0.000933124392759, -0.00135860883165, -0.00114227179438, 0.000203012561542, 0.00393946235999, -0.0043230834417, 0.00135279097594, -0.00139722914901, 0.00160116492771, -0.00862384866923, 0.0235797967762, -0.00853418186307], [-0.000419027666794, -0.000217784021515, 0.00139517313801, -0.00164799194317, -0.00149250251707, -0.00140789430588, 0.00206351443194, -0.000588833063375, 0.000425709906267, 0.000745546480175, 0.000133016277687, -0.00853418186307, 0.0189168080688]]
    },
    "spectral_contrast_coeffs": {
        "max": [-0.411504864693, -0.442715466022, -0.515703320503, -0.606626152992, -0.578270435333, -0.639128983021],
        "mean": [-0.686317563057, -0.740764081478, -0.744269132614, -0.791331827641, -0.790614068508, -0.776901483536],
        "min": [-0.880284130573, -0.914845407009, -0.893274724483, -0.895147919655, -0.877764999866, -0.876813292503],
        "stdev": [0.0771275907755, 0.070139631629, 0.0664453878999, 0.0466982908547, 0.0378455035388, 0.0332066230476]
    },
    "spectral_contrast_valleys": {
        "max": [-5.03985548019, -4.60587882996, -5.53138017654, -5.96951436996, -5.84285736084, -7.60352039337],
        "mean": [-6.50081539154, -6.61468362808, -7.12891387939, -7.30074214935, -7.33419942856, -9.93587493896],
        "min": [-8.71570777893, -8.45763587952, -9.07455062866, -9.04856300354, -8.82759666443, -12.2191572189],
        "stdev": [0.589015603065, 0.608115255833, 0.601475477219, 0.536181569099, 0.490458995104, 0.729921281338]
    }
},
"rhythm": {
    "beats_count": 119,
    "beats_loudness": {
        "max": 0.0998944267631,
        "mean": 0.0402421914041,
        "min": 0.00886595435441,
        "stdev": 0.0170341599733
    },
    "bpm": 137.996261597,
    "bpm_histogram_first_peak_bpm": 140,
    "bpm_histogram_first_peak_weight": 0.491525411606,
    "bpm_histogram_second_peak_bpm": 0,
    "bpm_histogram_second_peak_spread": 0,
    "bpm_histogram_second_peak_weight": 0,
    "danceability": 1.19523477554,
    "onset_rate": 3.54022884369,
    "beats_loudness_band_ratio": {
        "max": [0.911925196648, 0.793569028378, 0.575475931168, 0.614088892937, 0.362836897373, 0.344176441431],
        "mean": [0.282636582851, 0.349963963032, 0.180176988244, 0.119512841105, 0.0745918825269, 0.0543086118996],
        "min": [0.0122648943216, 0.00787810049951, 0.00687080621719, 0.00488923117518, 0.00622556079179, 0.00373599305749],
        "stdev": [0.227653071284, 0.211854293942, 0.125736624002, 0.104118645191, 0.0633347332478, 0.0630145221949]
    },
