{
"metadata": {
    "version": {
        "essentia": "2.1-beta5",
        "essentia_git_sha": "Undefined",
        "extractor": "music 2.0"
    },
    "audio_properties": {
        "analysis": {
            "equal_loudness": 0,
            "length": 20.8282985687,
            "sample_rate": 44100,
            "start_time": 175.240997314,
            "downmix": "mix"
        },
        "bit_rate": 192000,
        "length": 196.092514038,
        "lossless": 0,
        "number_channels": 2,
        "replay_gain": -3.59725952148,
        "sample_rate": 48000,
        "codec": "mp3",
        "md5_encoded": "c68cb207c9383e4ca2bf74bc4ed31fb9"
    },
    "tags": {
        "file_name": "San Marino_Chain Of Lights_Michele Perniola _ Anita Simoncini.mp3",
        "encoding": ["Lavf58.29.100"]
    }
},
"lowlevel": {
    "average_loudness": 0.87553447485,
    "barkbands_crest": {
        "max": 19.8662605286,
        "mean": 8.10703659058,
        "min": 3.38620615005,
        "stdev": 2.76700329781
    },
    "barkbands_flatness_db": {
        "max": 0.285447388887,
        "mean": 0.144732519984,
        "min": 0.0480146631598,
        "stdev": 0.037102740258
    },
    "barkbands_kurtosis": {
        "max": 13.9824523926,
        "mean": 1.19014072418,
        "min": -1.71724951267,
        "stdev": 1.79986357689
    },
    "barkbands_skewness": {
        "max": 3.56185507774,
        "mean": 0.889923036098,
        "min": -1.09950876236,
        "stdev": 0.648346602917
    },
    "barkbands_spread": {
        "max": 61.118850708,
        "mean": 17.8818321228,
        "min": 5.62227916718,
        "stdev": 8.89810562134
    },
    "dissonance": {
        "max": 0.5,
        "mean": 0.47334203124,
        "min": 0.344048529863,
        "stdev": 0.0248993132263
    },
    "dynamic_complexity": 2.73325681686,
    "erbbands_crest": {
        "max": 24.1119709015,
        "mean": 9.6457901001,
        "min": 3.12968993187,
        "stdev": 3.98767495155
    },
    "erbbands_flatness_db": {
        "max": 0.34022462368,
        "mean": 0.204719811678,
        "min": 0.0758660510182,
        "stdev": 0.0553639307618
    },
    "erbbands_kurtosis": {
        "max": 12.6781349182,
        "mean": 0.993218898773,
        "min": -1.51077163219,
        "stdev": 1.89159083366
    },
    "erbbands_skewness": {
        "max": 2.21764421463,
        "mean": 0.564689934254,
        "min": -1.29753637314,
        "stdev": 0.59707224369
    },
    "erbbands_spread": {
        "max": 81.7701797485,
        "mean": 24.6693115234,
        "min": 5.75915908813,
        "stdev": 13.5899877548
    },
    "hfc": {
        "max": 182.156707764,
        "mean": 27.1798934937,
        "min": 2.38820338249,
        "stdev": 22.8976573944
    },
    "loudness_ebu128": {
        "integrated": -19.2533016205,
        "loudness_range": 6.02290534973,
        "momentary": {
            "max": -13.3626403809,
            "mean": -20.0542984009,
            "min": -27.5744419098,
            "stdev": 2.7100918293
        },
        "short_term": {
            "max": -16.2055263519,
            "mean": -19.5085887909,
            "min": -23.1953830719,
            "stdev": 1.86668562889
        }
    },
    "melbands_crest": {
        "max": 28.3801116943,
        "mean": 10.9439411163,
        "min": 4.3298573494,
        "stdev": 4.06250524521
    },
    "melbands_flatness_db": {
        "max": 0.309843808413,
        "mean": 0.160532653332,
        "min": 0.0698457211256,
        "stdev": 0.0312711596489
    },
    "melbands_kurtosis": {
        "max": 48.0839385986,
        "mean": 4.20261764526,
        "min": -1.46227431297,
        "stdev": 4.91624450684
    },
    "melbands_skewness": {
        "max": 5.93404197693,
        "mean": 1.47019410133,
        "min": -1.12181043625,
        "stdev": 0.950821638107
    },
    "melbands_spread": {
        "max": 79.6262969971,
        "mean": 23.5890350342,
        "min": 5.65528297424,
        "stdev": 9.62396907806
    },
    "pitch_salience": {
        "max": 0.857606053352,
        "mean": 0.610423743725,
        "min": 0.174877256155,
        "stdev": 0.114254407585
    },
    "silence_rate_20dB": {
        "max": 1,
        "mean": 1,
        "min": 1,
        "stdev": 0
    },
    "silence_rate_30dB": {
        "max": 1,
        "mean": 0.994432091713,
        "min": 0,
        "stdev": 0.0744105130434
    },
    "silence_rate_60dB": {
        "max": 1,
        "mean": 0.00668151443824,
        "min": 0,
        "stdev": 0.0814670398831
    },
    "spectral_centroid": {
        "max": 2932.70263672,
        "mean": 1541.59521484,
        "min": 533.773803711,
        "stdev": 355.595916748
    },
    "spectral_complexity": {
        "max": 44,
        "mean": 22.9565696716,
        "min": 6,
        "stdev": 7.01805830002
    },
    "spectral_decrease": {
        "max": -4.13564127388e-10,
        "mean": -6.20296614073e-09,
        "min": -3.75006372622e-08,
        "stdev": 4.64612659457e-09
    },
    "spectral_energy": {
        "max": 0.156610742211,
        "mean": 0.0258767399937,
        "min": 0.00188202538993,
        "stdev": 0.0192788969725
    },
    "spectral_energyband_high": {
        "max": 0.00535715930164,
        "mean": 0.000630453054328,
        "min": 3.69195950043e-05,
        "stdev": 0.000615888973698
    },
    "spectral_energyband_low": {
        "max": 0.0661654099822,
        "mean": 0.00423971796408,
        "min": 1.16359375468e-08,
        "stdev": 0.00780864385888
    },
    "spectral_energyband_middle_high": {
        "max": 0.128979250789,
        "mean": 0.0130743626505,
        "min": 0.000607507769018,
        "stdev": 0.0139712262899
    },
    "spectral_energyband_middle_low": {
        "max": 0.0476682893932,
        "mean": 0.00940359756351,
        "min": 0.000249747885391,
        "stdev": 0.00753983529285
    },
    "spectral_entropy": {
        "max": 8.34886550903,
        "mean": 7.6941280365,
        "min": 6.92379617691,
        "stdev": 0.226323872805
    },
    "spectral_flux": {
        "max": 0.305819392204,
        "mean": 0.0887309387326,
        "min": 0.0226116701961,
        "stdev": 0.0391591526568
    },
    "spectral_kurtosis": {
        "max": 12.5336771011,
        "mean": 4.6681842804,
        "min": 0.1295337677,
        "stdev": 1.7392553091
    },
    "spectral_rms": {
        "max": 0.0123608643189,
        "mean": 0.00469348579645,
        "min": 0.00135503592901,
        "stdev": 0.00179352879059
    },
    "spectral_rolloff": {
        "max": 5986.23046875,
        "mean": 1741.43286133,
        "min": 107.666015625,
        "stdev": 616.637084961
    },
    "spectral_skewness": {
        "max": 2.99300837517,
        "mean": 1.64614701271,
        "min": 0.492263495922,
        "stdev": 0.284233003855
    },
    "spectral_spread": {
        "max": 10058861,
        "mean": 3949936.25,
        "min": 2518803.75,
        "stdev": 934728.875
    },
    "spectral_strongpeak": {
        "max": 10.8226385117,
        "mean": 1.75235998631,
        "min": 0.0244414675981,
        "stdev": 1.81983685493
    },
    "zerocrossingrate": {
        "max": 0.16796875,
        "mean": 0.0695507153869,
        "min": 0.01416015625,
        "stdev": 0.0171616580337
    },
    "barkbands": {
        "max": [0.00119011860806, 0.0355296730995, 0.0365720316768, 0.0177360158414, 0.013291218318, 0.0236234031618, 0.0269357897341, 0.0218015108258, 0.0260493755341, 0.0484200157225, 0.109296113253, 0.0414861850441, 0.0137927327305, 0.012984002009, 0.029563838616, 0.016028046608, 0.0172015056014, 0.0144122373313, 0.00292045460083, 0.00338268745691, 0.00300269038416, 0.00283722253516, 0.00105733436067, 0.000902311643586, 0.000455023924587, 0.00027326340205, 1.40485390148e-05],
        "mean": [5.63621542824e-05, 0.00208787294105, 0.0014899430098, 0.00103630800731, 0.00105436018202, 0.00130238535348, 0.00179188081529, 0.000885049521457, 0.00195503118448, 0.00341774849221, 0.00222912267782, 0.00187153485604, 0.000989269348793, 0.00142320012674, 0.00114994600881, 0.00101523718331, 0.00064441683935, 0.000431482185377, 0.000290579540888, 0.000240348643274, 0.000132885965286, 0.000153848654008, 0.000100489014585, 6.45594336675e-05, 4.44760516984e-05, 1.82883541129e-05, 1.15396566969e-07],
        "min": [1.16577802967e-10, 1.93589411168e-09, 2.79975354012e-09, 1.19812462174e-08, 5.33996853846e-07, 2.12530449062e-06, 3.50240179614e-06, 5.92136666455e-06, 6.98328949511e-06, 2.27146520047e-05, 7.22831509847e-06, 1.51317126438e-05, 1.33326393552e-05, 2.5274215659e-05, 1.81788582267e-05, 1.72888958332e-05, 2.12010127143e-05, 8.38781852508e-06, 1.15621833174e-05, 1.17715508168e-05, 6.89194985171e-06, 6.62924094286e-06, 5.21018773725e-06, 1.99571104531e-06, 1.16694525332e-06, 6.9186860685e-08, 7.19367343471e-11],
        "stdev": [0.000114050984848, 0.00458878045902, 0.00365210254677, 0.00183558277786, 0.00178572710138, 0.00254420656711, 0.00338874990121, 0.00144982896745, 0.00283357081935, 0.00464217038825, 0.00596268195659, 0.00357546168379, 0.0014499600511, 0.00164995086379, 0.00274140480906, 0.00174343388062, 0.00110291666351, 0.00107193842996, 0.00034749484621, 0.000286949158181, 0.000187879326404, 0.000237926869886, 0.000106713850982, 8.83190659806e-05, 6.17223704467e-05, 2.87204566121e-05, 8.26101427265e-07]
    },
    "erbbands": {
        "max": [0.654225885868, 9.95432758331, 45.3327560425, 36.0496826172, 51.9382286072, 50.4916763306, 109.282470703, 223.077972412, 473.718170166, 334.926818848, 607.044006348, 680.61138916, 1040.32824707, 2815.12207031, 2482.32788086, 1173.32397461, 619.911132812, 567.254333496, 1649.04577637, 802.647033691, 1037.63879395, 800.856262207, 927.196777344, 162.477081299, 193.806594849, 141.961898804, 119.061485291, 94.2459487915, 127.120582581, 25.0821475983, 34.9604454041, 22.4239521027, 13.8727416992, 6.04728746414, 3.52908658981, 1.68519461155, 0.471067726612, 0.0492663122714, 0.00278887781315, 0.000191419749171],
        "mean": [0.0487891547382, 0.513383388519, 1.59126245975, 2.97696709633, 3.55696344376, 3.16092658043, 5.01455163956, 12.8034362793, 26.3411121368, 21.0286979675, 21.7552242279, 42.6222801208, 107.960090637, 78.8106536865, 108.080780029, 65.8381881714, 46.7885665894, 72.1312103271, 64.1677246094, 54.9464263916, 52.2309761047, 35.5723800659, 27.3463363647, 16.0945892334, 13.5287599564, 11.2137537003, 6.6963300705, 5.12709760666, 5.63517332077, 3.92513036728, 2.76894569397, 1.81413173676, 0.808839380741, 0.534769654274, 0.292932748795, 0.130195245147, 0.022943014279, 0.000745523662772, 6.14087475697e-05, 3.47190034518e-05],
        "min": [1.54269017116e-07, 8.72881457781e-07, 3.79937273465e-06, 5.95399142185e-05, 0.000469625549158, 0.00222587422468, 0.00631329976022, 0.0213214270771, 0.0635069459677, 0.130241557956, 0.49146258831, 0.459295928478, 0.687519133091, 0.717472434044, 0.685007870197, 1.25162065029, 0.809739232063, 1.89853084087, 2.4809179306, 1.55382490158, 1.33459758759, 1.40375339985, 0.687529265881, 0.705045878887, 0.699127197266, 0.480026513338, 0.218321368098, 0.279887259007, 0.203583195806, 0.217921197414, 0.137298449874, 0.0789906680584, 0.0171832162887, 0.0124051719904, 0.0102792475373, 0.00227087666281, 0.000224538554903, 8.71415250003e-06, 2.16655780605e-06, 2.72591000794e-06],
        "stdev": [0.0875035077333, 1.22855913639, 4.10277366638, 5.08127307892, 6.42025947571, 5.53214979172, 9.71765613556, 26.8281784058, 56.0490264893, 35.3655586243, 31.8626651764, 62.307888031, 137.129821777, 170.839660645, 242.150787354, 117.186180115, 62.4845046997, 80.560333252, 129.930465698, 78.7208099365, 95.6185379028, 53.8160591125, 66.1656417847, 16.0702133179, 20.2745018005, 13.4496498108, 8.21854972839, 7.48760175705, 9.89620780945, 3.67919778824, 3.08914685249, 2.25519442558, 1.23384213448, 0.797417581081, 0.429073661566, 0.19420813024, 0.0410183668137, 0.00239625503309, 0.000193171377759, 2.51369001489e-05]
    },
    "gfcc": {
        "mean": [-0.830652594566, 58.5993003845, -172.447265625, 7.64884328842, -72.7990036011, 24.9903926849, -38.0411376953, 16.0497932434, -22.9909229279, 2.3138988018, -21.0840167999, -1.27432084084, -9.91174411774],
        "cov": [[2258.15356445, 1131.43078613, 1357.96496582, 806.267822266, 255.424575806, -77.6801986694, -176.959350586, -80.5475769043, 38.3796653748, 56.9944076538, 212.143615723, 108.078979492, 37.0026741028], [1131.43078613, 1982.60400391, 1937.50354004, 1256.92456055, 681.413696289, 238.594497681, 62.9222640991, -8.94692611694, 74.8979263306, 38.3688583374, 273.960571289, 23.7469749451, 40.8556556702], [1357.96496582, 1937.50354004, 2503.43334961, 1497.19604492, 720.989135742, 210.1822052, -122.996948242, -34.7646903992, 38.2684288025, 97.8280563354, 229.427581787, 86.9375457764, 5.35913038254], [806.267822266, 1256.92456055, 1497.19604492, 1121.47814941, 500.721710205, 115.261642456, -67.5537872314, -2.58548355103, 85.3588790894, 41.2824134827, 145.549835205, 51.9316558838, 52.6193161011], [255.424575806, 681.413696289, 720.989135742, 500.721710205, 393.571746826, 178.967132568, 98.8386306763, 56.2799301147, 42.4973258972, 34.8208045959, 56.456237793, 0.877265334129, 7.47508239746], [-77.6801986694, 238.594497681, 210.1822052, 115.261642456, 178.967132568, 258.378540039, 189.610336304, 67.7021255493, -3.52327203751, 14.7373342514, 10.583152771, -41.3780250549, -14.8705730438], [-176.959350586, 62.9222640991, -122.996948242, -67.5537872314, 98.8386306763, 189.610336304, 294.856567383, 113.082748413, 12.8994398117, 11.8417062759, 11.6627445221, -39.1422424316, -13.5618696213], [-80.5475769043, -8.94692611694, -34.7646903992, -2.58548355103, 56.2799301147, 67.7021255493, 113.082748413, 118.882156372, 58.351764679, 25.3155174255, -6.72949981689, -0.297252714634, 1.83898675442], [38.3796653748, 74.8979263306, 38.2684288025, 85.3588790894, 42.4973258972, -3.52327203751, 12.8994398117, 58.351764679, 133.215164185, 41.3310966492, 12.7489805222, 23.8821754456, 22.4198474884], [56.9944076538, 38.3688583374, 97.8280563354, 41.2824134827, 34.8208045959, 14.7373342514, 11.8417062759, 25.3155174255, 41.3310966492, 87.4741287231, 36.8587188721, 26.4616794586, -5.42421150208], [212.143615723, 273.960571289, 229.427581787, 145.549835205, 56.456237793, 10.583152771, 11.6627445221, -6.72949981689, 12.7489805222, 36.8587188721, 125.103019714, 30.306219101, 6.39630794525], [108.078979492, 23.7469749451, 86.9375457764, 51.9316558838, 0.877265334129, -41.3780250549, -39.1422424316, -0.297252714634, 23.8821754456, 26.4616794586, 30.306219101, 72.7567825317, 19.018409729], [37.0026741028, 40.8556556702, 5.35913038254, 52.6193161011, 7.47508239746, -14.8705730438, -13.5618696213, 1.83898675442, 22.4198474884, -5.42421150208, 6.39630794525, 19.018409729, 61.4655456543]],
        "icov": [[0.000799822271802, -0.000244942086283, -0.000446036690846, 7.67944293329e-05, 0.000446309073595, 0.000591900141444, -0.000225524097914, 7.9577883298e-05, -4.12308618252e-05, -4.286355761e-05, -0.000231778234593, -0.000242242327658, -0.000198428111617], [-0.000244942086283, 0.00717291003093, -0.00476731359959, 0.000900081766304, -0.00407774467021, 0.00225757295266, -0.00448669167235, 0.00468426197767, -0.00497159548104, 0.00610506348312, -0.00774049200118, 0.00560211855918, -0.00363891758025], [-0.000446036690846, -0.00476731359959, 0.00690603489056, -0.00429667206481, 0.00134746241383, -0.00361986714415, 0.00526318978518, -0.00366666377522, 0.00543993758038, -0.00543857226148, 0.00461285654455, -0.00538294389844, 0.00546616595238], [7.67944293329e-05, 0.000900081766304, -0.00429667206481, 0.00775312120095, -0.00397146819159, 0.00177244690713, -0.000205676580663, 0.00122318393551, -0.0039498899132, 0.00353603251278, -0.0025023072958, 0.00245639844798, -0.00482420064509], [0.000446309073595, -0.00407774467021, 0.00134746241383, -0.00397146819159, 0.0134799806401, -0.00391083071008, -0.000350774731487, -0.00345747731626, 0.00244310265407, -0.00448422180489, 0.00609872816131, -0.00297385081649, 0.00216334289871], [0.000591900141444, 0.00225757295266, -0.00361986714415, 0.00177244690713, -0.00391083071008, 0.0133714778349, -0.00873882975429, 0.00232661096379, -0.000753050378989, 0.000629040296189, -0.00112285488285, 0.00557609507814, -0.00262409239076], [-0.000225524097914, -0.00448669167235, 0.00526318978518, -0.000205676580663, -0.000350774731487, -0.00873882975429, 0.0160265043378, -0.0110075064003, 0.00501700863242, -0.00260160118341, 0.000276283506537, -0.0024058399722, 0.00328520126641], [7.9577883298e-05, 0.00468426197767, -0.00366666377522, 0.00122318393551, -0.00345747731626, 0.00232661096379, -0.0110075064003, 0.0233583077788, -0.0108294552192, 0.00225792382844, -0.0011849431321, 0.00118247978389, -0.00212637195364], [-4.12308618252e-05, -0.00497159548104, 0.00543993758038, -0.0039498899132, 0.00244310265407, -0.000753050378989, 0.00501700863242, -0.0108294552192, 0.0179809425026, -0.00983773358166, 0.00564479269087, -0.00463425228372, 0.000607877795119], [-4.286355761e-05, 0.00610506348312, -0.00543857226148, 0.00353603251278, -0.00448422180489, 0.000629040296189, -0.00260160118341, 0.00225792382844, -0.00983773358166, 0.0238987598568, -0.0112033840269, 0.00019985435938, 0.000272236182354], [-0.000231778234593, -0.00774049200118, 0.00461285654455, -0.0025023072958, 0.00609872816131, -0.00112285488285, 0.000276283506537, -0.0011849431321, 0.00564479269087, -0.0112033840269, 0.0218207482249, -0.00924497097731, 0.00364977843128], [-0.000242242327658, 0.00560211855918, -0.00538294389844, 0.00245639844798, -0.00297385081649, 0.00557609507814, -0.0024058399722, 0.00118247978389, -0.00463425228372, 0.00019985435938, -0.00924497097731, 0.0266959145665, -0.00965696107596], [-0.000198428111617, -0.00363891758025, 0.00546616595238, -0.00482420064509, 0.00216334289871, -0.00262409239076, 0.00328520126641, -0.00212637195364, 0.000607877795119, 0.000272236182354, 0.00364977843128, -0.00965696107596, 0.0247618220747]]
    },
    "melbands": {
        "max": [0.00772861018777, 0.0193102639169, 0.00695682223886, 0.0034004743211, 0.0030251077842, 0.0059901685454, 0.00642329035327, 0.00294658960775, 0.00465490669012, 0.00430670520291, 0.00508879404515, 0.0106276264414, 0.013248603791, 0.00605039438233, 0.00194043223746, 0.00148735463154, 0.00126292265486, 0.00226958165877, 0.00205116556026, 0.0010419205064, 0.00156390061602, 0.000630613591056, 0.00112753896974, 0.000435329799075, 0.000143982673762, 0.000171493607922, 0.000154923109221, 8.14187369542e-05, 0.000103305341327, 4.13877096435e-05, 5.62077002542e-05, 0.00010642655252, 4.26024344051e-05, 1.71780720848e-05, 1.92021125258e-05, 1.87860950973e-05, 1.25095821204e-05, 1.02599396996e-05, 7.6071555668e-06, 5.25262612427e-06],
        "mean": [0.000517142820172, 0.000792380538769, 0.000525203417055, 0.000236118590692, 0.00016627185687, 0.000300710438751, 0.00038864306407, 0.000215250605834, 0.000185193741345, 0.000283870875137, 0.00054992135847, 0.000323226064211, 0.000316886638757, 0.000255433289567, 0.000113512636744, 0.000107047824713, 0.000139093390317, 0.00010287839541, 8.65688780323e-05, 7.46354708099e-05, 5.57325220143e-05, 3.7142632209e-05, 3.38796562573e-05, 1.57359500008e-05, 1.30325706778e-05, 9.32817783905e-06, 9.57031625148e-06, 6.98191979609e-06, 4.62038042315e-06, 2.96871280625e-06, 2.99060070574e-06, 3.44161730936e-06, 2.59699640992e-06, 2.00063709599e-06, 1.62968456152e-06, 1.35985465022e-06, 1.02004923974e-06, 5.98111284944e-07, 4.40367472265e-07, 4.48429801736e-07],
        "min": [7.79466047263e-10, 1.16661735827e-09, 1.06116582188e-08, 6.76561597857e-08, 1.85213281156e-07, 4.37555598864e-07, 7.93257299847e-07, 1.48887920659e-06, 1.79545645551e-06, 1.41082011851e-06, 3.40205133398e-06, 2.63396941591e-06, 1.58575653586e-06, 1.56000544393e-06, 2.16814032683e-06, 1.2828643321e-06, 2.24535938287e-06, 3.25450514538e-06, 1.41756731864e-06, 1.22828396343e-06, 1.16662613436e-06, 1.15646480481e-06, 5.07119068516e-07, 4.54175676623e-07, 3.74047971263e-07, 4.4798079557e-07, 5.0888087344e-07, 1.70104712538e-07, 1.16229855962e-07, 1.35160121317e-07, 6.64454518073e-08, 1.00258787938e-07, 1.41856432379e-07, 1.06245479969e-07, 3.59539953365e-08, 7.36865644058e-08, 3.26753450963e-08, 6.11713613097e-09, 2.19133400314e-09, 9.94091653439e-09],
        "stdev": [0.00102268613409, 0.00183361326344, 0.000844741472974, 0.000408281892305, 0.000300223677186, 0.000614001648501, 0.000781227834523, 0.000356445554644, 0.000268320611212, 0.000424001715146, 0.000704324338585, 0.000685444450937, 0.000759941583965, 0.000507095188368, 0.000195628948859, 0.000152907145093, 0.000162497046404, 0.000183139112778, 0.000195425396669, 0.000121570396004, 0.000112401670776, 5.33373568032e-05, 9.18894074857e-05, 2.84329216811e-05, 1.38064924613e-05, 1.31309952849e-05, 1.49382731252e-05, 8.69753330335e-06, 6.25122765996e-06, 3.81762765755e-06, 4.77322510051e-06, 7.27570886738e-06, 3.14987391903e-06, 1.90183254745e-06, 1.83363408723e-06, 1.69140241724e-06, 1.38896155022e-06, 9.58148120844e-07, 7.14956968295e-07, 6.89650050845e-07]
    },
    "melbands128": {
        "max": [0.000885579269379, 0.00404929043725, 0.0133239664137, 0.0214446503669, 0.0291757583618, 0.0175111014396, 0.0079948361963, 0.0091603808105, 0.00614641373977, 0.00399767514318, 0.00318074272946, 0.00359508395195, 0.00425964500755, 0.00485246349126, 0.0060529303737, 0.0122565999627, 0.0153688024729, 0.0110091129318, 0.00876968447119, 0.00526611506939, 0.00457503180951, 0.00551891839132, 0.0075066331774, 0.0033442848362, 0.00682886177674, 0.00574781838804, 0.00788930524141, 0.00769793102518, 0.0115738324821, 0.01387426164, 0.0163933299482, 0.030206296593, 0.0158987361938, 0.0132523896173, 0.0100760208443, 0.00720912683755, 0.00539086339995, 0.00314186606556, 0.00304588465951, 0.0022067965474, 0.00288163707592, 0.0025833346881, 0.00157767429482, 0.00296466588043, 0.00177848921157, 0.00194013654254, 0.00723362807184, 0.00442687561736, 0.0015371160116, 0.00286857411265, 0.0012986974325, 0.0023897823412, 0.00293503305875, 0.00405849562958, 0.00119054294191, 0.000510866811965, 0.00107098219451, 0.00267556426115, 0.00233891303651, 0.00135436793789, 0.000416459311964, 0.000151991393068, 0.000175850247615, 0.000234133607592, 0.00012632785365, 0.000305227265926, 0.000159094503033, 0.000420474389102, 0.000241787332925, 0.000169699895196, 0.000111896362796, 0.000118711701361, 0.000107769497845, 0.000198480731342, 9.92929053609e-05, 3.86983083445e-05, 7.04432895873e-05, 9.48586530285e-05, 5.27148076799e-05, 9.58077216637e-05, 0.000265632086666, 6.81996534695e-05, 0.000137609924423, 2.78896950476e-05, 2.74397752946e-05, 3.81966092391e-05, 1.85481276276e-05, 1.94341810129e-05, 2.34393810388e-05, 3.64179541066e-05, 1.98918696697e-05, 1.41970203913e-05, 1.6797981516e-05, 1.63912500284e-05, 1.41908330988e-05, 1.84909531527e-05, 8.75369278219e-06, 1.07224523163e-05, 1.03410211523e-05, 1.34858082674e-05, 8.56348651723e-06, 6.86416569806e-06, 1.04645641841e-05, 5.58624469704e-06, 9.51391029957e-06, 4.6051022764e-06, 4.88301066071e-06, 3.87032059734e-06, 3.26845929521e-06, 3.6037904465e-06, 3.42649332197e-06, 2.18756167669e-06, 1.88784781585e-06, 9.37636968956e-07, 1.28860312998e-06, 7.13817087217e-07, 9.17632405617e-08, 1.61761349204e-07, 1.18939489369e-07, 1.35187391948e-07, 1.31042412477e-07, 6.42857713729e-08, 7.04462195245e-08, 8.48429593248e-09, 8.37807156984e-09, 8.27641422063e-09, 8.20684409319e-09, 8.16311285234e-09],
        "mean": [4.49890176242e-05, 0.000314957811497, 0.000732095330022, 0.000876045553014, 0.000817850290332, 0.000727637729142, 0.000639548059553, 0.00046106314403, 0.000368675595382, 0.0002227503428, 0.000155611429363, 0.000150929859956, 0.000161851174198, 0.000190331833437, 0.000248425494647, 0.000356007716618, 0.000522932736203, 0.000362022372428, 0.000289014918962, 0.000223718452617, 0.000190328952158, 0.00015110798995, 0.000186072953511, 0.000210065423744, 0.000243366288487, 0.000300907762721, 0.000407742598327, 0.000702526769601, 0.00056710629724, 0.000313184777042, 0.000273250916507, 0.000244827097049, 0.000188591948245, 0.0005751955905, 0.000293552700896, 0.000156139532919, 0.000173267777427, 0.000101992140117, 8.84633263922e-05, 9.33922347031e-05, 0.000111849156383, 0.000125247126562, 0.000125425300212, 0.000184195669135, 9.85046935966e-05, 7.22657860024e-05, 0.000122943165479, 9.99870753731e-05, 5.96083336859e-05, 6.95589988027e-05, 6.88504223945e-05, 0.000101276578789, 4.90787497256e-05, 4.62598145532e-05, 4.52022177342e-05, 3.52163733623e-05, 2.98051181744e-05, 3.48821777152e-05, 4.06636208936e-05, 2.43310478254e-05, 1.13803334898e-05, 1.02973799585e-05, 1.51969697981e-05, 1.41773107316e-05, 8.83529264684e-06, 8.63114837557e-06, 9.03020463738e-06, 1.22658266264e-05, 8.464478924e-06, 8.37562129163e-06, 6.87123474563e-06, 6.92293497195e-06, 5.43139049114e-06, 4.14950272898e-06, 3.5967061649e-06, 2.90118214252e-06, 2.76494097307e-06, 2.75843171949e-06, 2.8144627322e-06, 3.27453085447e-06, 4.23919800596e-06, 2.99785460811e-06, 2.88922342406e-06, 2.60752130998e-06, 2.35911443269e-06, 2.08676465263e-06, 1.84863495178e-06, 1.87412069863e-06, 1.55713655658e-06, 1.54037718403e-06, 1.47319133248e-06, 1.29180239128e-06, 1.20239826629e-06, 1.02876572328e-06, 9.26512996102e-07, 7.66636048866e-07, 4.83912060645e-07, 4.16185770291e-07, 4.23133570848e-07, 4.50772404292e-07, 5.08393895871e-07, 4.40975156835e-07, 4.07773086408e-07, 3.3633935459e-07, 3.41837022688e-07, 2.92509724886e-07, 3.05672614331e-07, 2.42441416276e-07, 2.14339195281e-07, 2.13657031622e-07, 1.83455384217e-07, 1.2897979218e-07, 2.77092251366e-08, 1.18427232465e-08, 4.00945721069e-09, 2.17109152878e-09, 7.82819309375e-10, 8.99663898934e-10, 8.34537106087e-10, 9.38321420563e-10, 8.56525128601e-10, 5.23303123057e-10, 2.08268943758e-10, 3.1420220592e-11, 1.74411127901e-11, 1.70629552154e-11, 1.682485401e-11, 1.67200402829e-11],
        "min": [4.14416938266e-12, 2.21900262054e-10, 5.93375015789e-10, 4.71689853843e-10, 4.51320258943e-10, 9.71778102432e-10, 1.36312361398e-09, 5.7035078882e-09, 7.0358270321e-09, 1.32127127017e-08, 3.65684371673e-08, 6.27489313842e-08, 2.60002828156e-08, 5.14868148116e-08, 1.68224985941e-07, 5.30779544761e-08, 2.2765161134e-07, 1.95729640495e-07, 2.67195105152e-07, 2.5145615723e-07, 2.86977780206e-07, 3.93448317482e-07, 4.60270030089e-07, 5.15434635417e-07, 1.70996784732e-07, 5.33804154657e-07, 6.38044980406e-07, 1.10411338028e-06, 2.17822184823e-06, 9.36480489599e-07, 2.02092834911e-07, 1.04404023205e-07, 5.47063223166e-07, 8.0058111962e-07, 6.0546142322e-07, 3.49858666482e-08, 9.08340666683e-07, 5.19897696449e-07, 3.28490784796e-07, 1.18857670373e-07, 6.60481191517e-07, 5.01507713579e-07, 3.75973385758e-08, 1.8202223373e-07, 7.69864755057e-07, 3.49515573816e-07, 5.60862247312e-07, 2.9539862112e-07, 4.71574388428e-08, 4.95171207149e-07, 4.61858434164e-07, 1.52186345304e-07, 2.40171544874e-07, 3.9850971234e-07, 5.73127351799e-07, 3.497314367e-07, 1.74381952434e-07, 1.38531902394e-07, 2.84651264337e-07, 1.61034677149e-07, 1.1179047732e-07, 8.17046625912e-08, 1.18610984146e-07, 3.64120296581e-07, 1.59622516094e-07, 3.78413211877e-08, 1.86135338254e-08, 1.15731090489e-07, 2.77332162568e-07, 1.70367854935e-07, 1.22260018998e-07, 7.93877248384e-08, 2.74817715251e-08, 6.47005080623e-08, 2.02534771176e-08, 6.74553888302e-08, 8.69799023917e-08, 1.32708146694e-08, 1.73851297802e-08, 2.31737047329e-08, 1.77748571417e-08, 4.0295610404e-08, 5.14890494685e-08, 7.93459946635e-08, 4.57558329003e-08, 6.25956957379e-08, 4.52389521399e-08, 2.50563338966e-08, 1.3633974838e-08, 1.37718609849e-08, 1.5097654682e-08, 1.51051935404e-08, 2.4674760013e-08, 5.87105963845e-09, 1.51524321979e-08, 2.34433139568e-09, 2.9147798758e-11, 8.57203683036e-11, 2.17097964605e-10, 1.04957753599e-09, 9.34461952262e-10, 2.85290430169e-10, 1.09050923847e-09, 1.17591367199e-10, 1.166780908e-11, 4.4030175339e-11, 4.39209987824e-11, 1.79497472441e-10, 3.40570238677e-10, 2.79226530786e-10, 2.36311248347e-10, 1.66163714732e-11, 5.89291690532e-13, 3.16665096922e-13, 2.27495322927e-13, 2.46682584299e-13, 2.16335887464e-13, 2.15590457812e-13, 1.94636339923e-13, 1.94288595629e-13, 2.28555916597e-13, 2.38360926049e-13, 2.08208450481e-13, 1.71867633515e-13, 1.33950115539e-13, 7.20679009633e-14, 8.44148461256e-15, 3.76706706575e-16],
        "stdev": [9.33509581955e-05, 0.000573579221964, 0.00156286195852, 0.00238609942608, 0.00243206578307, 0.00166926416568, 0.00115809508134, 0.000878000573721, 0.00074737664545, 0.000460401410237, 0.000319649232551, 0.000312001997372, 0.000375770789105, 0.0004418148892, 0.000686089741066, 0.000939044170082, 0.00135581241921, 0.000987411593087, 0.000702771940269, 0.000496139284223, 0.000423177727498, 0.000314347853418, 0.000359594210749, 0.000360810343409, 0.00049779022811, 0.000576243619435, 0.000706834311131, 0.00113676348701, 0.000921266910154, 0.000767294259276, 0.000901838648133, 0.0013140818337, 0.00060630380176, 0.00164123764262, 0.000763259769883, 0.00047089275904, 0.00045535818208, 0.000209557372727, 0.000194467967958, 0.000179519833182, 0.000228502933169, 0.000242418318521, 0.000180535382242, 0.000314295146381, 0.000152305117808, 0.000153328641318, 0.000507161603309, 0.000341635022778, 0.000113640395284, 0.000175523076905, 0.000136577422381, 0.000267148338025, 0.000164863216924, 0.0001753118122, 9.21642349567e-05, 5.87748763792e-05, 6.95740745869e-05, 0.000124466780107, 0.000167443882674, 7.45146753616e-05, 2.04683528864e-05, 1.43604602272e-05, 2.07434350159e-05, 2.03943600354e-05, 1.20228141895e-05, 1.65694091265e-05, 1.64387438417e-05, 3.3384822018e-05, 1.38975501613e-05, 1.46440588651e-05, 1.12363004519e-05, 1.1407427337e-05, 8.42549616209e-06, 8.72592136147e-06, 6.4485529947e-06, 3.77406354346e-06, 4.2424358071e-06, 5.82279380978e-06, 4.37431617684e-06, 6.23126379651e-06, 1.5383668142e-05, 5.31643991053e-06, 6.30467047813e-06, 3.28192891175e-06, 2.64334858002e-06, 2.54092105934e-06, 2.00917133952e-06, 2.25923736252e-06, 1.93629125533e-06, 2.28237013289e-06, 2.09725862987e-06, 1.8049040591e-06, 1.62000151249e-06, 1.5444248902e-06, 1.42188821428e-06, 1.53657595092e-06, 7.5520313203e-07, 7.47556157421e-07, 7.72036230501e-07, 8.6737560423e-07, 8.38448727336e-07, 7.58214525831e-07, 7.88884278791e-07, 5.5857674397e-07, 6.57286591377e-07, 4.83419967168e-07, 5.59911882192e-07, 4.03133356031e-07, 3.60293142876e-07, 3.631240304e-07, 3.00923630903e-07, 2.41164457293e-07, 1.42020525118e-07, 7.28509377268e-08, 5.62283553052e-08, 2.75051554866e-08, 5.76074210556e-09, 8.34060198684e-09, 6.76969325042e-09, 7.4127748384e-09, 6.94985047289e-09, 4.04017530542e-09, 2.67794586506e-09, 3.83763049117e-10, 3.10191511366e-10, 3.06617120582e-10, 3.04064329271e-10, 3.02436187205e-10]
    },
    "mfcc": {
        "mean": [-626.061157227, 92.1789550781, -42.9442405701, -13.1071844101, -14.5570964813, 0.836474895477, -5.69679832458, 7.60063314438, 1.73046875, 5.47299718857, -1.95995688438, -4.02819490433, -2.03290247917],
        "cov": [[1701.97253418, 423.427185059, 669.241577148, 481.752166748, 259.283325195, 14.1721563339, -58.0924987793, -65.1130371094, -106.593193054, -61.5669670105, -106.756752014, 45.8024978638, 193.92666626], [423.427185059, 1146.08789062, 1168.36645508, 811.740722656, 635.551330566, 350.441650391, 289.677612305, 108.136238098, -43.7119560242, 99.2285842896, 1.54809212685, 67.7959976196, 170.270431519], [669.241577148, 1168.36645508, 1870.29101562, 1221.17382812, 952.317077637, 406.250213623, 202.195083618, 26.2946910858, -91.7987289429, 25.0146141052, -75.1455688477, 102.710250854, 231.111984253], [481.752166748, 811.740722656, 1221.17382812, 1033.54040527, 719.261779785, 272.77947998, 108.803314209, 43.9936676025, -15.9753503799, 21.2745723724, -74.5727310181, 106.001342773, 205.228012085], [259.283325195, 635.551330566, 952.317077637, 719.261779785, 626.961975098, 247.176712036, 102.935180664, 35.4163742065, 0.0320961549878, 32.4751014709, -48.2599830627, 60.6485862732, 126.683357239], [14.1721563339, 350.441650391, 406.250213623, 272.77947998, 247.176712036, 242.574447632, 178.695159912, 75.6114501953, 37.5098609924, 65.7710952759, 25.470407486, 24.553609848, 27.7490272522], [-58.0924987793, 289.677612305, 202.195083618, 108.803314209, 102.935180664, 178.695159912, 294.545135498, 112.666748047, 33.5857276917, 90.018989563, 50.1065979004, 7.92793512344, 3.78142690659], [-65.1130371094, 108.136238098, 26.2946910858, 43.9936676025, 35.4163742065, 75.6114501953, 112.666748047, 136.339385986, 80.5608139038, 55.0379981995, 43.1825218201, 16.2625541687, 11.8770475388], [-106.593193054, -43.7119560242, -91.7987289429, -15.9753503799, 0.0320961549878, 37.5098609924, 33.5857276917, 80.5608139038, 160.420883179, 51.3271141052, 40.7872886658, 18.3545761108, -7.63817882538], [-61.5669670105, 99.2285842896, 25.0146141052, 21.2745723724, 32.4751014709, 65.7710952759, 90.018989563, 55.0379981995, 51.3271141052, 98.9941177368, 53.1661949158, 12.2259941101, 3.28527021408], [-106.756752014, 1.54809212685, -75.1455688477, -74.5727310181, -48.2599830627, 25.470407486, 50.1065979004, 43.1825218201, 40.7872886658, 53.1661949158, 107.678665161, 27.5516281128, -3.89678573608], [45.8024978638, 67.7959976196, 102.710250854, 106.001342773, 60.6485862732, 24.553609848, 7.92793512344, 16.2625541687, 18.3545761108, 12.2259941101, 27.5516281128, 76.7450714111, 53.3688354492], [193.92666626, 170.270431519, 231.111984253, 205.228012085, 126.683357239, 27.7490272522, 3.78142690659, 11.8770475388, -7.63817882538, 3.28527021408, -3.89678573608, 53.3688354492, 118.320243835]],
        "icov": [[0.000878236780409, -0.000226710297284, -0.000367112283129, -0.000135618072818, 0.000705354672391, 0.000175979919732, 0.00016665943258, 0.000253623962635, -0.000138823277666, 3.72344293282e-05, 0.000545141170733, 0.000267036142759, -0.00110063224565], [-0.000226710297284, 0.00401732604951, -0.00103629578371, -0.000724825193174, -0.000822981412057, -0.000708134670276, -0.00134692888241, -0.0013962937519, 0.00196689157747, -0.00171333027538, -0.000805230461992, 0.00131047843024, -0.0013408602681], [-0.000367112283129, -0.00103629578371, 0.00423583807424, -0.00201130565256, -0.00276709231548, -0.00106439145748, -0.000446051009931, 0.00112342380453, 0.00129299086984, 0.00157875940204, -0.00135703105479, 0.00031421580934, 0.000274871097645], [-0.000135618072818, -0.000724825193174, -0.00201130565256, 0.00800854153931, -0.00439981464297, 0.000193138825125, 0.000619678408839, -0.0010903859511, -0.000803547038231, -5.19514978805e-05, 0.00326619111001, -0.00340495374985, -0.00234882580116], [0.000705354672391, -0.000822981412057, -0.00276709231548, -0.00439981464297, 0.0125404205173, -0.00352520029992, 0.00223473599181, 0.000839001324493, -0.00199276953936, -0.00156266766135, 0.00208208919503, 0.000976525188889, -0.000148167804582], [0.000175979919732, -0.000708134670276, -0.00106439145748, 0.000193138825125, -0.00352520029992, 0.0149070806801, -0.00577108701691, -1.91369581444e-05, -0.00215384550393, -0.000562932807952, -0.00144197780173, -0.000739733397495, 0.00310207554139], [0.00016665943258, -0.00134692888241, -0.000446051009931, 0.000619678408839, 0.00223473599181, -0.00577108701691, 0.0101121170446, -0.00492231873795, 0.00220839655958, -0.00357924797572, 0.000886609079316, 4.79112604808e-05, 0.000842816545628], [0.000253623962635, -0.0013962937519, 0.00112342380453, -0.0010903859511, 0.000839001324493, -1.91369581444e-05, -0.00492231873795, 0.0171834100038, -0.00731546524912, 0.000971804547589, -0.00201705959626, 0.00119684869424, -0.00227628881112], [-0.000138823277666, 0.00196689157747, 0.00129299086984, -0.000803547038231, -0.00199276953936, -0.00215384550393, 0.00220839655958, -0.00731546524912, 0.0128154223785, -0.00423651980236, -0.000557223567739, -0.0017820779467, 0.00129814154934], [3.72344293282e-05, -0.00171333027538, 0.00157875940204, -5.19514978805e-05, -0.00156266766135, -0.000562932807952, -0.00357924797572, 0.000971804547589, -0.00423651980236, 0.0210489314049, -0.00745297968388, 0.00185705418698, -0.000708116043825], [0.000545141170733, -0.000805230461992, -0.00135703105479, 0.00326619111001, 0.00208208919503, -0.00144197780173, 0.000886609079316, -0.00201705959626, -0.000557223567739, -0.00745297968388, 0.0190050080419, -0.00889937579632, 0.000344741361914], [0.000267036142759, 0.00131047843024, 0.00031421580934, -0.00340495374985, 0.000976525188889, -0.000739733397495, 4.79112604808e-05, 0.00119684869424, -0.0017820779467, 0.00185705418698, -0.00889937579632, 0.0254591703415, -0.00996824447066], [-0.00110063224565, -0.0013408602681, 0.000274871097645, -0.00234882580116, -0.000148167804582, 0.00310207554139, 0.000842816545628, -0.00227628881112, 0.00129814154934, -0.000708116043825, 0.000344741361914, -0.00996824447066, 0.0199660491198]]
    },
    "spectral_contrast_coeffs": {
        "max": [-0.34793061018, -0.496087133884, -0.528457581997, -0.571573376656, -0.628118991852, -0.626187264919],
        "mean": [-0.732580423355, -0.729510605335, -0.744387626648, -0.777723670006, -0.785585403442, -0.733407914639],
        "min": [-0.903470516205, -0.91824221611, -0.894801974297, -0.88952255249, -0.869326770306, -0.839786708355],
        "stdev": [0.0779819488525, 0.073719009757, 0.063921071589, 0.0589478425682, 0.0402363575995, 0.0360687635839]
    },
    "spectral_contrast_valleys": {
        "max": [-5.34520101547, -5.24111938477, -5.01471424103, -5.55064868927, -6.1925406456, -8.37059307098],
        "mean": [-7.94133996964, -6.80495882034, -6.61164712906, -6.90979576111, -7.25383615494, -10.2551002502],
        "min": [-12.0820808411, -8.3236207962, -8.18294620514, -8.38451194763, -8.44443702698, -12.1942987442],
        "stdev": [1.74442791939, 0.569032073021, 0.642858862877, 0.551212251186, 0.427796691656, 0.568744361401]
    }
},
"rhythm": {
    "beats_count": 54,
    "beats_loudness": {
        "max": 0.0924474596977,
        "mean": 0.0335195101798,
        "min": 0.00454379059374,
        "stdev": 0.0221210084856
    },
    "bpm": 155.223266602,
    "bpm_histogram_first_peak_bpm": 157,
    "bpm_histogram_first_peak_weight": 0.176470577717,
    "bpm_histogram_second_peak_bpm": 152,
    "bpm_histogram_second_peak_spread": 0,
    "bpm_histogram_second_peak_weight": 0.226415097713,
    "danceability": 0.856980443001,
    "onset_rate": 2.01536393166,
    "beats_loudness_band_ratio": {
        "max": [0.893482089043, 0.398297786713, 0.726511120796, 0.77023434639, 0.492651939392, 0.101872816682],
        "mean": [0.242834180593, 0.0619314350188, 0.242021203041, 0.326072335243, 0.15232385695, 0.0388948246837],
        "min": [1.4381686924e-05, 0.000293120043352, 0.0301419906318, 0.017269462347, 0.0225755404681, 0.00467985635623],
        "stdev": [0.265993386507, 0.0845315754414, 0.150731265545, 0.21909108758, 0.0952714532614, 0.0201661027968]
    },
    "beats_position": [0.336689323187, 0.696598649025, 1.07972788811, 1.46285712719, 1.84598636627, 2.22911548615, 2.62385487556, 3.00698399544, 3.39011335373, 3.78485250473, 4.17959165573, 4.57433080673, 4.96907043457, 5.35219955444, 5.73532867432, 6.11845779419, 6.5015873909, 6.8963265419, 7.2910656929, 7.6858048439, 8.06893444061, 8.45206356049, 8.84680271149, 9.22993183136, 9.61306095123, 9.99619007111, 10.379319191, 10.7508392334, 11.1223583221, 11.4938774109, 11.8653964996, 12.2485256195, 12.6200447083, 12.9799547195, 13.3514738083, 13.7346029282, 14.117732048, 14.5008611679, 14.8607711792, 15.2090702057, 15.5573692322, 15.9056682587, 16.2539672852, 16.637096405, 17.0202255249, 17.4033565521, 17.7980957031, 18.1928348541, 18.575963974, 18.9590930939, 19.3538322449, 19.7369613647, 20.1200904846, 20.5032196045],
