{
"metadata": {
    "version": {
        "essentia": "2.1-beta5",
        "essentia_git_sha": "Undefined",
        "extractor": "music 2.0"
    },
    "audio_properties": {
        "analysis": {
            "equal_loudness": 0,
            "length": 39.2997741699,
            "sample_rate": 44100,
            "start_time": 64.9926528931,
            "downmix": "mix"
        },
        "bit_rate": 192000,
        "length": 104.304977417,
        "lossless": 0,
        "number_channels": 2,
        "replay_gain": -0.477067947388,
        "sample_rate": 48000,
        "codec": "mp3",
        "md5_encoded": "6a269915387c4c24e38c6db01b8fbd46"
    },
    "tags": {
        "file_name": "Finland_Aina Mun Pit채채_Pertti Kurikan Nimip채iv채t.mp3",
        "encoding": ["Lavf58.29.100"]
    }
},
"lowlevel": {
    "average_loudness": 0.923820853233,
    "barkbands_crest": {
        "max": 22.5220146179,
        "mean": 9.19004440308,
        "min": 3.0853266716,
        "stdev": 3.91853404045
    },
    "barkbands_flatness_db": {
        "max": 0.274643152952,
        "mean": 0.138638198376,
        "min": 0.0550805702806,
        "stdev": 0.0368145778775
    },
    "barkbands_kurtosis": {
        "max": 25.0824966431,
        "mean": 1.18233454227,
        "min": -1.61772334576,
        "stdev": 2.46006631851
    },
    "barkbands_skewness": {
        "max": 4.84127473831,
        "mean": 1.02387547493,
        "min": -1.31448447704,
        "stdev": 0.775773108006
    },
    "barkbands_spread": {
        "max": 62.3840026855,
        "mean": 23.0328960419,
        "min": 4.54523706436,
        "stdev": 10.9656896591
    },
    "dissonance": {
        "max": 0.499998211861,
        "mean": 0.484730362892,
        "min": 0.300514042377,
        "stdev": 0.013980996795
    },
    "dynamic_complexity": 2.1913831234,
    "erbbands_crest": {
        "max": 20.5272827148,
        "mean": 7.53573608398,
        "min": 2.32637667656,
        "stdev": 2.8451488018
    },
    "erbbands_flatness_db": {
        "max": 0.35113966465,
        "mean": 0.182723626494,
        "min": 0.0707888230681,
        "stdev": 0.0587932728231
    },
    "erbbands_kurtosis": {
        "max": 4.88903665543,
        "mean": 0.543166697025,
        "min": -1.43259966373,
        "stdev": 1.31162059307
    },
    "erbbands_skewness": {
        "max": 1.75871253014,
        "mean": 0.338593542576,
        "min": -1.48472034931,
        "stdev": 0.501031279564
    },
    "erbbands_spread": {
        "max": 82.9623260498,
        "mean": 29.5002231598,
        "min": 5.9359126091,
        "stdev": 15.1691350937
    },
    "hfc": {
        "max": 176.014846802,
        "mean": 29.4505786896,
        "min": 0.186843469739,
        "stdev": 20.5436782837
    },
    "loudness_ebu128": {
        "integrated": -22.0779132843,
        "loudness_range": 4.12354850769,
        "momentary": {
            "max": -18.0076885223,
            "mean": -22.4341869354,
            "min": -27.3913669586,
            "stdev": 1.73633944988
        },
        "short_term": {
            "max": -18.976102829,
            "mean": -22.2714328766,
            "min": -24.4518642426,
            "stdev": 1.28971815109
        }
    },
    "melbands_crest": {
        "max": 28.9874038696,
        "mean": 12.4654521942,
        "min": 3.74679350853,
        "stdev": 4.52899646759
    },
    "melbands_flatness_db": {
        "max": 0.28959146142,
        "mean": 0.156322449446,
        "min": 0.0720028206706,
        "stdev": 0.0375653617084
    },
    "melbands_kurtosis": {
        "max": 92.586769104,
        "mean": 6.23262357712,
        "min": -1.27993154526,
        "stdev": 8.06314945221
    },
    "melbands_skewness": {
        "max": 8.44082355499,
        "mean": 1.91086661816,
        "min": -0.562073886395,
        "stdev": 1.1651238203
    },
    "melbands_spread": {
        "max": 68.6301803589,
        "mean": 26.9193153381,
        "min": 4.31393575668,
        "stdev": 12.8221282959
    },
    "pitch_salience": {
        "max": 0.882942020893,
        "mean": 0.601994693279,
        "min": 0.214663788676,
        "stdev": 0.130528658628
    },
    "silence_rate_20dB": {
        "max": 1,
        "mean": 1,
        "min": 1,
        "stdev": 0
    },
    "silence_rate_30dB": {
        "max": 1,
        "mean": 1,
        "min": 1,
        "stdev": 0
    },
    "silence_rate_60dB": {
        "max": 1,
        "mean": 0.000590318755712,
        "min": 0,
        "stdev": 0.0242893043905
    },
    "spectral_centroid": {
        "max": 3295.56176758,
        "mean": 1754.10070801,
        "min": 798.047424316,
        "stdev": 317.508361816
    },
    "spectral_complexity": {
        "max": 53,
        "mean": 28.0035419464,
        "min": 0,
        "stdev": 8.22155666351
    },
    "spectral_decrease": {
        "max": -3.74690278804e-11,
        "mean": -6.86940015981e-09,
        "min": -2.73379416882e-08,
        "stdev": 4.02541688871e-09
    },
    "spectral_energy": {
        "max": 0.107076153159,
        "mean": 0.0285979565233,
        "min": 0.000158364171511,
        "stdev": 0.0164199285209
    },
    "spectral_energyband_high": {
        "max": 0.0057885046117,
        "mean": 0.000945805048104,
        "min": 3.09502320306e-06,
        "stdev": 0.000714354566298
    },
    "spectral_energyband_low": {
        "max": 0.0934680178761,
        "mean": 0.00939922966063,
        "min": 3.3149923695e-08,
        "stdev": 0.0119688473642
    },
    "spectral_energyband_middle_high": {
        "max": 0.0839890688658,
        "mean": 0.0126272458583,
        "min": 9.49633758864e-05,
        "stdev": 0.0114256814122
    },
    "spectral_energyband_middle_low": {
        "max": 0.0533587113023,
        "mean": 0.00647700764239,
        "min": 7.11482716724e-05,
        "stdev": 0.00462571531534
    },
    "spectral_entropy": {
        "max": 8.53291988373,
        "mean": 7.88664340973,
        "min": 7.14621496201,
        "stdev": 0.164726570249
    },
    "spectral_flux": {
        "max": 0.265594393015,
        "mean": 0.0977200120687,
        "min": 0.0314013957977,
        "stdev": 0.037658803165
    },
    "spectral_kurtosis": {
        "max": 17.3582725525,
        "mean": 3.74355578423,
        "min": 0.0602419376373,
        "stdev": 1.77020657063
    },
    "spectral_rms": {
        "max": 0.0102207893506,
        "mean": 0.00507173500955,
        "min": 0.000393066962715,
        "stdev": 0.00147579517215
    },
    "spectral_rolloff": {
        "max": 5017.23632812,
        "mean": 1727.40893555,
        "min": 107.666015625,
        "stdev": 744.941894531
    },
    "spectral_skewness": {
        "max": 3.34488177299,
        "mean": 1.44692659378,
        "min": 0.550033330917,
        "stdev": 0.341284573078
    },
    "spectral_spread": {
        "max": 17272220,
        "mean": 4076619.75,
        "min": 2385037.5,
        "stdev": 881497.6875
    },
    "spectral_strongpeak": {
        "max": 13.0570144653,
        "mean": 0.903675019741,
        "min": 0.0188957415521,
        "stdev": 1.21569824219
    },
    "zerocrossingrate": {
        "max": 0.1591796875,
        "mean": 0.0706941336393,
        "min": 0.013671875,
        "stdev": 0.0203222613782
    },
    "barkbands": {
        "max": [0.00547454692423, 0.0783308967948, 0.0248917676508, 0.0141794122756, 0.0214263312519, 0.0167120732367, 0.0193378850818, 0.018112141639, 0.032238136977, 0.056760109961, 0.0260236468166, 0.0205431133509, 0.0201309453696, 0.0339352861047, 0.0117034781724, 0.0202575456351, 0.0173352789134, 0.0108208321035, 0.0109443757683, 0.00291990977712, 0.00427239062265, 0.00105065933894, 0.00177122023888, 0.000716816110071, 0.000650384637993, 0.000479736161651, 6.89502076057e-06],
        "mean": [0.000118649077194, 0.00731377769262, 0.00152722396888, 0.000688123924192, 0.00104290316813, 0.000522516958881, 0.000904701242689, 0.000734762870707, 0.00167980918195, 0.00246517942287, 0.00159749970771, 0.00174794567283, 0.0013584260596, 0.00162978400476, 0.00125775439665, 0.00101801974233, 0.00103296153247, 0.000530061253812, 0.000369770103134, 0.00025302747963, 0.000293454446364, 0.000180956267286, 0.000141022741445, 0.000102868827526, 6.63402825012e-05, 2.04234656849e-05, 8.94506069216e-09],
        "min": [6.62221166792e-10, 3.74212927312e-09, 1.33772837252e-09, 2.12849027292e-08, 8.92846543366e-08, 4.6247237151e-07, 1.54879285219e-06, 9.94854417513e-06, 3.63853359886e-05, 5.49634714844e-05, 1.24492553368e-05, 3.13450709655e-06, 2.1329547053e-06, 1.20200666061e-05, 5.00521719005e-06, 3.61442062058e-06, 5.87513613937e-06, 3.34794162882e-06, 2.09724453271e-06, 1.50841822233e-06, 4.6194998049e-07, 4.79471111703e-07, 4.20949817226e-07, 3.89201517237e-07, 2.03052692882e-07, 5.39575495395e-09, 1.34628710957e-10],
        "stdev": [0.000388171902159, 0.0100350324064, 0.00272147171199, 0.00126700114924, 0.00160221545957, 0.0010673153447, 0.00162853917573, 0.00124714476988, 0.00227765436284, 0.00354076898657, 0.00226045097224, 0.00251342589036, 0.00195356202312, 0.00286585674621, 0.00161968544126, 0.00147579936311, 0.00150289700832, 0.000737870461307, 0.00066461780807, 0.000237986067077, 0.000319343438605, 0.000146304359077, 0.000143475888763, 9.90984772216e-05, 7.33360066079e-05, 2.96610378427e-05, 1.85690197441e-07]
    },
    "erbbands": {
        "max": [2.28110456467, 19.1199512482, 31.3310413361, 43.1984939575, 56.323097229, 72.0476379395, 58.1897468567, 167.813476562, 336.559997559, 263.755310059, 499.136413574, 706.450622559, 1707.49719238, 1034.03405762, 780.869873047, 867.043579102, 938.851379395, 1891.55065918, 759.116333008, 903.757507324, 1013.72045898, 1148.9901123, 723.376159668, 853.487060547, 223.662231445, 131.250686646, 261.124633789, 63.7395439148, 44.4671096802, 50.0389862061, 42.092464447, 17.2697486877, 10.374294281, 7.81139850616, 4.56341362, 2.54619193077, 0.952443957329, 0.0290742535144, 0.00125808722805, 0.000126101847854],
        "mean": [0.145161762834, 1.82167255878, 2.38934540749, 2.28991055489, 2.68957352638, 3.70865654945, 3.01968955994, 4.71426486969, 12.7354049683, 12.3166065216, 18.926776886, 34.699508667, 76.3676300049, 70.03099823, 65.6696166992, 70.591003418, 64.9770889282, 80.1687469482, 71.0910644531, 63.225692749, 57.0108375549, 57.172744751, 33.1827468872, 23.5037651062, 14.4214372635, 11.7725753784, 13.4688491821, 9.71576595306, 6.60677671432, 5.26287555695, 3.86663460732, 2.50020432472, 1.51679003239, 0.870031654835, 0.399625629187, 0.155370309949, 0.0237347222865, 0.00065151671879, 4.30915315519e-05, 3.8201433199e-05],
        "min": [2.01349578788e-07, 9.46877776187e-07, 6.09131120655e-06, 9.0095680207e-05, 0.000101158155303, 0.000349734909832, 0.00135596725158, 0.00516806729138, 0.0252639316022, 0.0948897004128, 0.324111878872, 0.751502811909, 1.78618514538, 0.977118909359, 0.435164809227, 0.136473461986, 0.123230785131, 0.530582785606, 0.286922454834, 0.405541479588, 0.154653057456, 0.356535583735, 0.200362950563, 0.0785030424595, 0.126761242747, 0.0905743464828, 0.027735453099, 0.0142082329839, 0.0148670813069, 0.0181735996157, 0.00974658783525, 0.00998791586608, 0.00520981475711, 0.00343754747882, 0.00110154878348, 0.000248212483712, 2.22530961764e-05, 3.4994222915e-06, 4.75255137644e-06, 1.32685522658e-06],
        "stdev": [0.25052818656, 2.43494653702, 3.48815774918, 3.86467170715, 4.19431447983, 6.12893104553, 4.41820716858, 10.5768041611, 25.0717372894, 19.4488430023, 29.3663711548, 42.2597732544, 111.932525635, 94.6053543091, 82.8311004639, 98.4420471191, 89.5559997559, 137.426376343, 89.9604263306, 82.3866348267, 77.6711196899, 85.1193695068, 43.4898910522, 46.4776496887, 15.2276916504, 10.9382867813, 17.4526195526, 7.47112369537, 5.33636617661, 4.92404031754, 3.95416593552, 2.40431785583, 1.50779759884, 0.926113963127, 0.478309810162, 0.211633116007, 0.0423288419843, 0.00178367283661, 5.31052355655e-05, 2.10361777135e-05]
    },
    "gfcc": {
        "mean": [16.76130867, 61.0495910645, -167.497024536, 21.2723331451, -71.0245132446, 28.503276825, -34.6560783386, 17.9797363281, -22.1230335236, 1.90739834309, -19.2571907043, -0.65838176012, -4.69361782074],
        "cov": [[1856.13928223, 907.224060059, 1163.44641113, 824.500488281, 536.271057129, 411.769866943, 71.0391616821, 82.7817382812, 105.232269287, 169.254516602, 92.0644073486, 134.227844238, -24.8103752136], [907.224060059, 2395.48974609, 2028.70410156, 1634.98583984, 666.913330078, 285.208557129, 447.314941406, 21.2738895416, 260.458404541, 82.7483596802, 210.026397705, -51.8210678101, 77.1782455444], [1163.44641113, 2028.70410156, 2275.27685547, 1610.55163574, 601.331604004, 334.843902588, 345.257354736, 125.405738831, 217.756790161, 184.991638184, 157.914535522, 54.3511238098, 10.6578073502], [824.500488281, 1634.98583984, 1610.55163574, 1313.07141113, 487.282867432, 244.618682861, 304.621582031, 60.4394569397, 199.128494263, 91.2742614746, 140.990859985, -8.07782077789, 40.5142555237], [536.271057129, 666.913330078, 601.331604004, 487.282867432, 384.295410156, 228.730422974, 126.235374451, 16.2027053833, 88.1692199707, 52.3181114197, 49.6462440491, 5.67273139954, -4.4185962677], [411.769866943, 285.208557129, 334.843902588, 244.618682861, 228.730422974, 254.020614624, 89.508934021, 24.2918357849, 50.3389701843, 34.4405326843, 15.8970394135, 9.1066942215, -24.899023056], [71.0391616821, 447.314941406, 345.257354736, 304.621582031, 126.235374451, 89.508934021, 189.944519043, 33.1975021362, 66.5155258179, 2.96947479248, 37.8498268127, -20.8205432892, 12.6872615814], [82.7817382812, 21.2738895416, 125.405738831, 60.4394569397, 16.2027053833, 24.2918357849, 33.1975021362, 91.5607528687, 44.1530532837, 35.5803146362, -0.646734476089, 27.8596801758, -5.40456104279], [105.232269287, 260.458404541, 217.756790161, 199.128494263, 88.1692199707, 50.3389701843, 66.5155258179, 44.1530532837, 110.333938599, 37.2582054138, 33.687412262, -4.91460990906, 9.62989044189], [169.254516602, 82.7483596802, 184.991638184, 91.2742614746, 52.3181114197, 34.4405326843, 2.96947479248, 35.5803146362, 37.2582054138, 99.8549194336, 43.2283172607, 36.7466697693, -5.01185703278], [92.0644073486, 210.026397705, 157.914535522, 140.990859985, 49.6462440491, 15.8970394135, 37.8498268127, -0.646734476089, 33.687412262, 43.2283172607, 97.638343811, 18.076335907, 25.8789348602], [134.227844238, -51.8210678101, 54.3511238098, -8.07782077789, 5.67273139954, 9.1066942215, -20.8205432892, 27.8596801758, -4.91460990906, 36.7466697693, 18.076335907, 72.8859710693, 4.55767869949], [-24.8103752136, 77.1782455444, 10.6578073502, 40.5142555237, -4.4185962677, -24.899023056, 12.6872615814, -5.40456104279, 9.62989044189, -5.01185703278, 25.8789348602, 4.55767869949, 59.2258987427]],
        "icov": [[0.00169635296334, -0.00077444181079, 0.000971138186287, -0.00151112384629, -0.000204070500331, -0.00221397331916, 0.00235465914011, -0.00125592818949, 0.00130720727611, -0.00114207156003, 0.000593199045397, -0.0026448587887, 0.000648881075904], [-0.00077444181079, 0.00888687744737, -0.00695364410058, 0.00139262969606, -0.00601125042886, 0.00610464951023, -0.00639005517587, 0.00723984418437, -0.00588385714218, 0.00621690787375, -0.00535066844895, 0.00625026039779, -0.00411910144612], [0.000971138186287, -0.00695364410058, 0.0117626711726, -0.00970527902246, 0.00538606522605, -0.00581800378859, 0.00530659593642, -0.00767160532996, 0.00839687976986, -0.00963740795851, 0.00653858762234, -0.00837752968073, 0.00571639603004], [-0.00151112384629, 0.00139262969606, -0.00970527902246, 0.0145655572414, -0.00370267382823, 0.00412008538842, -0.00413750251755, 0.004025766626, -0.00728671997786, 0.00730441976339, -0.00487013766542, 0.00699643325061, -0.00456296885386], [-0.000204070500331, -0.00601125042886, 0.00538606522605, -0.00370267382823, 0.0139912059531, -0.0096641574055, 0.00359664694406, -0.00175640196539, 0.00222254078835, -0.00569214392453, 0.00470930896699, -0.00483297975734, 0.00283280806616], [-0.00221397331916, 0.00610464951023, -0.00581800378859, 0.00412008538842, -0.0096641574055, 0.0159576050937, -0.00861187186092, 0.00529875839129, -0.00516464747488, 0.00499084964395, -0.00331860710867, 0.0054470282048, -4.49250364909e-05], [0.00235465914011, -0.00639005517587, 0.00530659593642, -0.00413750251755, 0.00359664694406, -0.00861187186092, 0.0179891306907, -0.0107939615846, 0.00428437255323, -0.000969830260146, 0.00028092629509, -0.00267040729523, 0.00230206688866], [-0.00125592818949, 0.00723984418437, -0.00767160532996, 0.004025766626, -0.00175640196539, 0.00529875839129, -0.0107939615846, 0.0285594314337, -0.015117533505, 0.00152039830573, 0.00240338151343, -0.00312091689557, -0.00254212273285], [0.00130720727611, -0.00588385714218, 0.00839687976986, -0.00728671997786, 0.00222254078835, -0.00516464747488, 0.00428437255323, -0.015117533505, 0.0252300314605, -0.0106021715328, 0.00183327554259, 0.00030898253317, 0.00156142062042], [-0.00114207156003, 0.00621690787375, -0.00963740795851, 0.00730441976339, -0.00569214392453, 0.00499084964395, -0.000969830260146, 0.00152039830573, -0.0106021715328, 0.0279482249171, -0.0139506300911, 0.00212277867831, 0.000199162575882], [0.000593199045397, -0.00535066844895, 0.00653858762234, -0.00487013766542, 0.00470930896699, -0.00331860710867, 0.00028092629509, 0.00240338151343, 0.00183327554259, -0.0139506300911, 0.0237282663584, -0.0096670249477, -0.00261163921095], [-0.0026448587887, 0.00625026039779, -0.00837752968073, 0.00699643325061, -0.00483297975734, 0.0054470282048, -0.00267040729523, -0.00312091689557, 0.00030898253317, 0.00212277867831, -0.0096670249477, 0.0320580713451, -0.00842813868076], [0.000648881075904, -0.00411910144612, 0.00571639603004, -0.00456296885386, 0.00283280806616, -4.49250364909e-05, 0.00230206688866, -0.00254212273285, 0.00156142062042, 0.000199162575882, -0.00261163921095, -0.00842813868076, 0.0256367325783]]
    },
    "melbands": {
        "max": [0.0212649386376, 0.0195724517107, 0.00659239524975, 0.0056020533666, 0.00161030923482, 0.00383396795951, 0.00456073414534, 0.00308202859014, 0.0039370036684, 0.00499188248068, 0.0082874763757, 0.00514212111011, 0.00299809500575, 0.00275420350954, 0.00258135842159, 0.00203211209737, 0.00377581035718, 0.00193801906426, 0.00116688222624, 0.00215959153138, 0.00157578848302, 0.0014378989581, 0.000441245065304, 0.000729714054614, 0.000789590121713, 0.000314890989102, 0.000101773337519, 9.30228052312e-05, 0.000162546843057, 0.000119333366456, 3.51911439793e-05, 2.87753264274e-05, 2.18208460865e-05, 3.80450110242e-05, 3.39103426086e-05, 1.47200435094e-05, 1.08553031168e-05, 8.17110594653e-06, 9.36575634114e-06, 7.0137602961e-06],
        "mean": [0.00175756087992, 0.00169796147384, 0.000388350163121, 0.000249415927101, 0.000111391702376, 0.000109715314466, 0.000193099287571, 0.000135142399813, 0.000158710085088, 0.000240393637796, 0.000386119529139, 0.000285079266177, 0.000223240524065, 0.000197000030312, 0.000170177838299, 0.00012879249698, 0.000153519707965, 0.000116992217954, 9.3676178949e-05, 7.34637578717e-05, 6.64627732476e-05, 6.38062774669e-05, 3.88130283682e-05, 2.32861439144e-05, 1.88437170436e-05, 1.22093197206e-05, 8.12507460068e-06, 7.58448095439e-06, 8.60454110807e-06, 7.29563953428e-06, 5.07149297846e-06, 3.77451192435e-06, 3.23512244904e-06, 2.80455992652e-06, 2.34181243286e-06, 1.78076061275e-06, 1.43093291172e-06, 1.08359802198e-06, 8.91382228474e-07, 6.83433938775e-07],
        "min": [1.29324684295e-09, 1.58495727653e-09, 3.33138707731e-08, 1.2551646833e-08, 4.13976444236e-08, 1.16609619738e-07, 3.63696074146e-07, 9.41288590184e-07, 3.05987782667e-06, 4.46375270258e-06, 9.09183745534e-06, 4.32128581451e-06, 1.67214432167e-06, 3.91582204884e-07, 4.20202979967e-07, 1.58664335004e-07, 1.17259401122e-06, 5.25524683326e-07, 4.18616394882e-07, 4.34432791963e-07, 1.42325788488e-07, 4.29737383456e-07, 2.19476874008e-07, 1.19270936239e-07, 4.95451359939e-08, 1.04467837048e-07, 5.34887298898e-08, 6.42133457518e-08, 1.70823355461e-08, 8.9034655204e-09, 7.86536347164e-09, 8.13103628872e-09, 1.02730250973e-08, 1.00163504158e-08, 4.90153118093e-09, 7.54388818081e-09, 5.22115906065e-09, 3.29993010695e-09, 3.73638897599e-09, 1.50946566357e-09],
        "stdev": [0.00255228113383, 0.00217778305523, 0.000597586040385, 0.000412155641243, 0.000149635598063, 0.00023993117793, 0.00036390000605, 0.00021218440088, 0.000233987753745, 0.000319750979543, 0.000569460564293, 0.000404967286158, 0.000299754639855, 0.000283824134385, 0.000263974827249, 0.000178093425347, 0.000285339774564, 0.000161693082191, 0.000124788595713, 0.000112422982056, 0.000101383404399, 0.000102475220046, 4.938836355e-05, 3.82052603527e-05, 4.21249824285e-05, 1.75628738361e-05, 6.90385240887e-06, 7.75024636823e-06, 1.18375401144e-05, 8.7863591034e-06, 3.72766430701e-06, 3.11015082843e-06, 2.9458130939e-06, 2.85526130028e-06, 2.57453075392e-06, 1.78167454123e-06, 1.46973297888e-06, 1.12085842829e-06, 9.59745193541e-07, 7.84636597473e-07]
    },
    "melbands128": {
        "max": [0.00501105748117, 0.0183949228376, 0.0365372821689, 0.0365555658937, 0.0234664455056, 0.0112736504525, 0.00979961734265, 0.00566048175097, 0.00572379073128, 0.00873172469437, 0.00355312274769, 0.00157995335758, 0.00177382444963, 0.00405957084149, 0.00445660762489, 0.00859049800783, 0.00717126624659, 0.00772826606408, 0.00495355110615, 0.00389488157816, 0.00570651097223, 0.00413058884442, 0.00664210924879, 0.00262056849897, 0.00372050981969, 0.0101341968402, 0.0187218412757, 0.0139230983332, 0.0142879541963, 0.00934504810721, 0.00454335147515, 0.00792040396482, 0.0039102374576, 0.00330605451018, 0.00541900517419, 0.00453436095268, 0.00397297786549, 0.00492503400892, 0.00582498637959, 0.00281898444518, 0.00300432136282, 0.00847193412483, 0.00678966520354, 0.00869312416762, 0.00427400879562, 0.0012879462447, 0.00222000549547, 0.0016725565074, 0.00244168913923, 0.00204776111059, 0.00452310405672, 0.00143139099237, 0.00199864059687, 0.00386764318682, 0.00335867027752, 0.00298062292859, 0.00127711414825, 0.000765557168052, 0.000763782882132, 0.000987900071777, 0.00136652530637, 0.000590942567214, 0.00208611297421, 0.000971143774223, 0.00105029100087, 0.000741269090213, 0.000188702557352, 0.000202900919248, 8.50358119351e-05, 0.000119031494251, 0.000129737280076, 0.000276940088952, 0.000248602620559, 0.000230364181334, 0.000314655946568, 0.000264131551376, 9.05794076971e-05, 5.8249283029e-05, 5.0600276154e-05, 4.22248849645e-05, 2.7632146157e-05, 5.36867373739e-05, 4.09787353419e-05, 3.31091723638e-05, 4.18985946453e-05, 3.08642156597e-05, 3.98237643822e-05, 8.03851435194e-05, 3.65909072571e-05, 2.09275531233e-05, 2.10061880352e-05, 2.18904806388e-05, 1.46519932969e-05, 1.73270582309e-05, 1.28566498461e-05, 1.30646467369e-05, 1.06326178866e-05, 1.0249062143e-05, 1.17362042147e-05, 1.08575086415e-05, 1.02132353277e-05, 1.10952960313e-05, 8.19824253995e-06, 6.49778121442e-06, 5.61790511711e-06, 6.77696925777e-06, 8.09095490695e-06, 7.07292383595e-06, 5.43163969269e-06, 5.8142945818e-06, 4.98122835779e-06, 5.27279098606e-06, 3.95047982238e-06, 1.37874087613e-06, 1.02777619304e-06, 4.04037422186e-07, 1.42293316685e-07, 1.4206786858e-08, 1.91485476364e-08, 1.34229889426e-08, 4.63144260721e-08, 5.81160612967e-08, 1.26346630935e-08, 1.2446739639e-08, 1.22678480707e-08, 1.20991305863e-08, 1.19907710427e-08, 1.19313012803e-08],
        "mean": [0.00010335836123, 0.000735622423235, 0.00272048148327, 0.00322643108666, 0.00161868566647, 0.00069301656913, 0.000490999955218, 0.000280021311482, 0.000237131374888, 0.000335154007189, 0.000190752049093, 0.000112895781058, 0.000101300487586, 8.98997022887e-05, 8.24448434287e-05, 0.000131445369334, 0.000187675192137, 0.000242673238972, 0.00014248509251, 0.000132432076498, 0.000123360601719, 0.000158478142112, 0.00016000890173, 0.000159201867064, 0.000190468228539, 0.000251894787652, 0.000414284819271, 0.00042759894859, 0.000342930085026, 0.000304785935441, 0.000248830765486, 0.000270122895017, 0.000228571007028, 0.000177375521162, 0.000217767432332, 0.000194074571482, 0.000182037125342, 0.000175990935531, 0.000166493482538, 0.000128321262309, 0.000117964584206, 0.000126760496642, 0.000159907125635, 0.000175347187906, 0.000126621816889, 0.000105052000436, 0.000105061109934, 9.30207461352e-05, 9.15052223718e-05, 8.50300712045e-05, 7.11963948561e-05, 6.16872130195e-05, 6.08645023021e-05, 7.36322253942e-05, 6.85261256876e-05, 6.78222131683e-05, 5.50338409084e-05, 4.29301326221e-05, 3.36883240379e-05, 2.86054055323e-05, 2.36888354266e-05, 1.69560589711e-05, 2.18467503146e-05, 1.895076457e-05, 1.54803365149e-05, 1.25873148136e-05, 1.0046677744e-05, 8.04571118351e-06, 7.67381061451e-06, 8.1714551925e-06, 7.1944255069e-06, 7.17849934517e-06, 8.99064980331e-06, 8.54529116623e-06, 8.74992565514e-06, 8.09679659142e-06, 6.25328084425e-06, 5.80911637371e-06, 4.97142991662e-06, 4.33188279203e-06, 3.80972460334e-06, 3.63044273399e-06, 3.42829457622e-06, 3.13238729177e-06, 3.23896620102e-06, 2.71005228569e-06, 2.77638196167e-06, 2.73540899798e-06, 2.30235195886e-06, 2.10487951335e-06, 1.89848833543e-06, 1.69127656591e-06, 1.5704370071e-06, 1.48772153352e-06, 1.3172701756e-06, 1.13781823075e-06, 1.03869808754e-06, 9.95244704427e-07, 9.32466662107e-07, 8.10657184047e-07, 7.57452880862e-07, 6.64523895466e-07, 6.06500066169e-07, 4.84940471779e-07, 4.53255040611e-07, 3.84068982839e-07, 3.68686471575e-07, 2.88308172003e-07, 2.62361055547e-07, 2.37439294892e-07, 2.09973393339e-07, 1.30485915406e-07, 1.97058387386e-08, 5.71783109748e-09, 3.70939257088e-09, 1.34046029832e-09, 1.93878857413e-10, 2.07423366677e-11, 2.99833803619e-11, 2.46635524503e-11, 4.5064219717e-11, 5.00835761752e-11, 1.58326754485e-11, 1.19139810864e-11, 1.14665082984e-11, 1.09610515109e-11, 1.06684045278e-11, 1.05858455682e-11],
        "min": [1.94490631933e-10, 3.28512328451e-10, 8.16835932227e-10, 6.04959859984e-10, 8.62353410902e-10, 5.55207213537e-10, 4.96408969486e-10, 1.16273728423e-08, 5.61326052306e-09, 4.94295537834e-09, 9.57925205824e-09, 2.63035992987e-08, 3.40693517842e-09, 5.69546045881e-08, 2.94527495726e-08, 4.23609023414e-08, 1.26719200466e-07, 2.03665877052e-07, 1.27391558635e-07, 2.3589282705e-07, 4.91290563787e-07, 3.85838688999e-07, 1.03322315681e-06, 6.85554539359e-07, 1.20871573017e-06, 6.03449052505e-07, 1.48689821344e-06, 4.53077473139e-06, 3.34779224431e-06, 2.05723495128e-06, 1.90497053154e-06, 1.0452567949e-06, 1.47747596202e-06, 1.12111547423e-06, 3.62674654752e-07, 1.31567844619e-07, 3.02021192056e-07, 4.21680795171e-07, 4.87898716983e-07, 1.19789348219e-07, 1.21135634856e-08, 2.21910880782e-07, 7.2313309829e-07, 2.79412375903e-07, 5.13532654622e-07, 2.85686098778e-07, 1.72174438262e-07, 1.86117503631e-07, 1.7750716097e-07, 1.42835787642e-07, 3.54362128974e-07, 5.6221086453e-08, 7.78382300837e-08, 1.25544133311e-07, 4.16416042981e-07, 4.06226774885e-07, 2.99439761875e-07, 8.98692320561e-08, 3.25443807014e-07, 1.95111908852e-07, 8.19666325924e-08, 7.57889679903e-08, 7.63545173754e-08, 3.05628304886e-08, 2.31837038456e-08, 1.21378036511e-07, 1.68097372466e-07, 4.20758645703e-08, 2.63506638731e-08, 5.31905897105e-08, 1.02625321574e-07, 4.6018715949e-08, 1.01622505966e-08, 2.37135910908e-08, 7.18979542569e-09, 1.26010597512e-08, 5.48813572365e-09, 6.66935218163e-09, 1.07225881507e-08, 4.97739627292e-09, 1.10747073734e-08, 7.31007032684e-09, 5.42486278121e-09, 1.16845706444e-08, 1.48974867997e-08, 7.06873981571e-09, 1.08366444707e-08, 1.03518287276e-08, 1.7936973018e-09, 3.20476600812e-09, 7.54115525581e-09, 8.37942160103e-09, 7.79957609609e-09, 4.76764761004e-09, 2.10854289584e-09, 3.81298503882e-09, 2.83452328276e-09, 3.40680172961e-09, 2.67242628027e-09, 2.19236584442e-09, 1.43119105456e-09, 4.49120712842e-10, 4.75245121034e-10, 2.26184321273e-10, 1.29558798585e-12, 2.19632667088e-12, 5.096187361e-12, 8.21703642628e-12, 2.14192916875e-11, 3.57903225286e-12, 1.95423213202e-12, 5.72685670587e-13, 5.9496515787e-13, 4.48916863969e-13, 4.52138679144e-13, 3.9713734688e-13, 4.96019837617e-13, 3.79322062042e-13, 3.8878587307e-13, 3.91143524904e-13, 4.31164977853e-13, 4.20686597537e-13, 3.36605336703e-13, 3.87734142753e-13, 2.89637020964e-13, 1.26260818207e-13, 1.7837815914e-14, 8.04190603117e-16],
        "stdev": [0.000362756749382, 0.00183333957102, 0.00403017969802, 0.00431174365804, 0.00229844893329, 0.00123420218006, 0.000900344282854, 0.000525852607097, 0.000419021438574, 0.000654672679957, 0.000344578438671, 0.000176094879862, 0.000176228539203, 0.000201420320082, 0.000238262495259, 0.000419501273427, 0.00047558292863, 0.000560810090974, 0.000300811167108, 0.00027340350789, 0.000251057354035, 0.000310040224576, 0.000346130371327, 0.000222286063945, 0.00027229913394, 0.000507300486788, 0.000820262474008, 0.000765946693718, 0.000709544634447, 0.000549075892195, 0.000437734095613, 0.000499123416375, 0.000363105820725, 0.000290705560474, 0.00043586382526, 0.00035056003253, 0.000359327968908, 0.000356353062671, 0.000353723182343, 0.000232094462262, 0.000206891694688, 0.000286071561277, 0.000374137889594, 0.000456312176539, 0.000257008970948, 0.000163391567185, 0.000187431200175, 0.000154626162839, 0.000151847285451, 0.00015348996385, 0.00016371467791, 0.000107862215373, 0.000108919251943, 0.000168662008946, 0.000130205502501, 0.000156897163833, 9.8801778222e-05, 6.93608380971e-05, 5.12768128829e-05, 4.92932849738e-05, 6.21561339358e-05, 3.1303443393e-05, 7.62436829973e-05, 5.29780627403e-05, 4.86381250084e-05, 2.38345510297e-05, 1.16796054499e-05, 1.0288275007e-05, 7.75502212491e-06, 9.75590592134e-06, 8.64973662829e-06, 1.19566511785e-05, 1.45394033098e-05, 1.57784670591e-05, 1.66008630913e-05, 1.45010662891e-05, 6.23656342214e-06, 5.07351387569e-06, 4.41711836174e-06, 3.93605932913e-06, 3.40138035426e-06, 3.94363496525e-06, 3.51425524059e-06, 3.26721146848e-06, 3.52119104718e-06, 3.00508349937e-06, 3.33748562298e-06, 3.69227313968e-06, 2.76392711385e-06, 2.4439812023e-06, 2.18560012399e-06, 1.9627148049e-06, 1.73227158484e-06, 1.75694742666e-06, 1.51541485138e-06, 1.34054380396e-06, 1.25266183204e-06, 1.20730112485e-06, 1.11919416668e-06, 1.03420552477e-06, 9.40816732964e-07, 8.96718972854e-07, 8.0360496213e-07, 6.60225964566e-07, 6.09787150552e-07, 5.72153339817e-07, 6.21622007202e-07, 4.62525974854e-07, 4.06728418056e-07, 3.77567175747e-07, 3.27810454337e-07, 2.56523492226e-07, 1.48983460235e-07, 5.14380289474e-08, 4.93676779456e-08, 1.79309100901e-08, 3.72912323243e-09, 3.96819049842e-10, 5.98618488112e-10, 4.74370764891e-10, 1.18278098427e-09, 1.45068990154e-09, 3.30821203764e-10, 3.02471270253e-10, 2.98120694797e-10, 2.94031216042e-10, 2.91402568742e-10, 2.8995714163e-10]
    },
    "mfcc": {
        "mean": [-605.949279785, 87.5871353149, -36.0013885498, -4.42345237732, -10.9357614517, 3.6791844368, -0.692689418793, 9.02706623077, 8.01016235352, 2.82717323303, -1.95556628704, 0.916883349419, -2.80525970459],
        "cov": [[1392.54675293, 332.376525879, 501.122039795, 340.115142822, 468.985961914, 360.244720459, 144.79989624, 120.932655334, 55.2162361145, 35.0197792053, 89.16847229, 135.623809814, 88.550819397], [332.376525879, 1186.3347168, 1202.21496582, 1044.08361816, 490.280975342, 469.542938232, 291.377105713, 163.831481934, 176.423950195, 98.4870910645, 117.576927185, 178.555358887, 161.692245483], [501.122039795, 1202.21496582, 1813.44689941, 1348.39428711, 599.038452148, 522.391174316, 321.274353027, 204.819976807, 216.118118286, 123.721755981, 165.138839722, 237.376266479, 227.750610352], [340.115142822, 1044.08361816, 1348.39428711, 1186.47827148, 474.202636719, 412.736907959, 260.41696167, 157.791259766, 189.180786133, 92.5721435547, 119.349121094, 187.911605835, 176.737930298], [468.985961914, 490.280975342, 599.038452148, 474.202636719, 419.751831055, 313.934173584, 145.288467407, 95.1690139771, 89.8271026611, 66.5732955933, 76.3294296265, 111.358146667, 84.6537017822], [360.244720459, 469.542938232, 522.391174316, 412.736907959, 313.934173584, 353.085205078, 176.402587891, 112.339950562, 86.6136779785, 71.8033065796, 65.8916625977, 88.7213897705, 79.9427719116], [144.79989624, 291.377105713, 321.274353027, 260.41696167, 145.288467407, 176.402587891, 155.353271484, 71.8695602417, 47.712562561, 30.5791549683, 37.3112258911, 53.2024040222, 53.0417518616], [120.932655334, 163.831481934, 204.819976807, 157.791259766, 95.1690139771, 112.339950562, 71.8695602417, 119.893501282, 70.5703201294, 28.5214862823, 35.1154899597, 36.8633804321, 25.5266056061], [55.2162361145, 176.423950195, 216.118118286, 189.180786133, 89.8271026611, 86.6136779785, 47.712562561, 70.5703201294, 107.988166809, 44.6932640076, 36.7943382263, 37.8931388855, 30.4045085907], [35.0197792053, 98.4870910645, 123.721755981, 92.5721435547, 66.5732955933, 71.8033065796, 30.5791549683, 28.5214862823, 44.6932640076, 71.3669052124, 35.4221038818, 28.4639987946, 20.2744083405], [89.16847229, 117.576927185, 165.138839722, 119.349121094, 76.3294296265, 65.8916625977, 37.3112258911, 35.1154899597, 36.7943382263, 35.4221038818, 75.5956497192, 50.5616188049, 29.7682762146], [135.623809814, 178.555358887, 237.376266479, 187.911605835, 111.358146667, 88.7213897705, 53.2024040222, 36.8633804321, 37.8931388855, 28.4639987946, 50.5616188049, 100.882225037, 59.4830513], [88.550819397, 161.692245483, 227.750610352, 176.737930298, 84.6537017822, 79.9427719116, 53.0417518616, 25.5266056061, 30.4045085907, 20.2744083405, 29.7682762146, 59.4830513, 79.2517471313]],
        "icov": [[0.00141104171053, 0.000559576204978, -4.4300173613e-05, 0.000111105029646, -0.00168805359863, -0.000789787678514, 0.000230751102208, -0.000525166396983, 0.000437062320998, 0.00113671692088, -0.0004053247103, -0.000593660748564, -8.48863783176e-05], [0.000559576204978, 0.00509042106569, 0.000147464437759, -0.00342049030587, -0.000752853404265, -0.0022953976877, -0.00160173792392, 0.00054824288236, -0.00027147232322, 0.000710855936632, -0.000262009882135, -0.00062054436421, 0.000694779038895], [-4.4300173613e-05, 0.000147464437759, 0.00411829398945, -0.0041798055172, -0.000711444532499, -2.01020634449e-06, -0.000109046341095, -0.00101160863414, 0.00116008194163, -0.000576757651288, -0.00127411587164, 0.000561159686185, -0.00184437970165], [0.000111105029646, -0.00342049030587, -0.0041798055172, 0.00875414349139, -0.000677181000356, 0.00136496627238, -0.000328832044033, 0.00114739185665, -0.00312214693986, 0.00127786875237, 0.00127225881442, -0.000828704040032, -0.000444254867034], [-0.00168805359863, -0.000752853404265, -0.000711444532499, -0.000677181000356, 0.0112627670169, -0.00668645836413, 0.00246269558556, 0.00178334733937, -0.000978120369837, -0.000388879881939, -0.000222515212954, -0.00249735964462, 0.00190119782928], [-0.000789787678514, -0.0022953976877, -2.01020634449e-06, 0.00136496627238, -0.00668645836413, 0.0165070686489, -0.00791372079402, -0.00352797610685, 0.00153762835544, -0.00584830390289, 0.00138678390067, 0.00248747458681, -0.00203019171022], [0.000230751102208, -0.00160173792392, -0.000109046341095, -0.000328832044033, 0.00246269558556, -0.00791372079402, 0.0186871569604, -0.00415886100382, 0.00240510306321, 0.00170960975811, -0.000724891608115, -7.96811291366e-05, -0.00278644193895], [-0.000525166396983, 0.00054824288236, -0.00101160863414, 0.00114739185665, 0.00178334733937, -0.00352797610685, -0.00415886100382, 0.0184899326414, -0.0106826582924, 0.00324003607966, -0.00177216762677, -0.00140018132515, 0.0032843942754], [0.000437062320998, -0.00027147232322, 0.00116008194163, -0.00312214693986, -0.000978120369837, 0.00153762835544, 0.00240510306321, -0.0106826582924, 0.022107206285, -0.00841953605413, -0.00105160521343, 0.000858522660565, -0.00155750720296], [0.00113671692088, 0.000710855936632, -0.000576757651288, 0.00127786875237, -0.000388879881939, -0.00584830390289, 0.00170960975811, 0.00324003607966, -0.00841953605413, 0.0251812692732, -0.00738763576373, -0.000772932486143, 0.000357391953003], [-0.0004053247103, -0.000262009882135, -0.00127411587164, 0.00127225881442, -0.000222515212954, 0.00138678390067, -0.000724891608115, -0.00177216762677, -0.00105160521343, -0.00738763576373, 0.0244733579457, -0.00902681052685, 0.00158239353914], [-0.000593660748564, -0.00062054436421, 0.000561159686185, -0.000828704040032, -0.00249735964462, 0.00248747458681, -7.96811291366e-05, -0.00140018132515, 0.000858522660565, -0.000772932486143, -0.00902681052685, 0.0250891111791, -0.0127442963421], [-8.48863783176e-05, 0.000694779038895, -0.00184437970165, -0.000444254867034, 0.00190119782928, -0.00203019171022, -0.00278644193895, 0.0032843942754, -0.00155750720296, 0.000357391953003, 0.00158239353914, -0.0127442963421, 0.0278875809163]]
    },
    "spectral_contrast_coeffs": {
        "max": [-0.330964207649, -0.536380290985, -0.560863375664, -0.634616911411, -0.618034005165, -0.623086929321],
        "mean": [-0.735113561153, -0.771077215672, -0.769878268242, -0.807553350925, -0.79937261343, -0.723411142826],
        "min": [-0.890159189701, -0.90839189291, -0.885983526707, -0.899411082268, -0.866410911083, -0.898936748505],
        "stdev": [0.0669003501534, 0.059333819896, 0.0463305450976, 0.0385978557169, 0.0343498773873, 0.0314676053822]
    },
    "spectral_contrast_valleys": {
        "max": [-5.27266693115, -5.09407901764, -4.63688707352, -5.32780170441, -5.88104629517, -8.45562458038],
        "mean": [-7.60497188568, -6.61578989029, -6.38581085205, -6.6493730545, -6.86568212509, -9.94672679901],
        "min": [-12.2447061539, -8.4255695343, -8.3777141571, -9.1438293457, -9.38669490814, -11.9375629425],
        "stdev": [1.75214016438, 0.51608723402, 0.513583540916, 0.584855139256, 0.310778826475, 0.563399076462]
    }
},
"rhythm": {
    "beats_count": 65,
    "beats_loudness": {
        "max": 0.0803296267986,
        "mean": 0.037622153759,
        "min": 0.00510901026428,
        "stdev": 0.017784902826
    },
    "bpm": 96.2495193481,
    "bpm_histogram_first_peak_bpm": 96,
    "bpm_histogram_first_peak_weight": 0.57777774334,
    "bpm_histogram_second_peak_bpm": 117,
    "bpm_histogram_second_peak_spread": 0.363636374474,
    "bpm_histogram_second_peak_weight": 0.109375,
    "danceability": 1.02072489262,
    "onset_rate": 2.34028911591,
    "beats_loudness_band_ratio": {
        "max": [0.839198768139, 0.287089377642, 0.639500200748, 0.724938988686, 0.519115805626, 0.118857361376],
        "mean": [0.353983849287, 0.0358413942158, 0.159870669246, 0.266207844019, 0.169010356069, 0.0459269173443],
        "min": [3.1430117815e-05, 0.000739828392398, 0.0226169694215, 0.0363559536636, 0.0130069954321, 0.00552729284391],
        "stdev": [0.317809849977, 0.0506966859102, 0.13563169539, 0.186104252934, 0.119884625077, 0.0228031780571]
    },
    "beats_position": [0.673378646374, 1.3235373497, 1.97369611263, 2.62385487556, 3.25079369545, 3.86612248421, 4.48145103455, 5.0967798233, 5.70049858093, 6.31582736969, 6.94276618958, 7.56970500946, 8.19664382935, 8.82358264923, 9.43891143799, 10.0542402267, 10.6579589844, 11.2848978043, 11.9118366241, 12.538775444, 13.1541042328, 13.7694330215, 14.3963718414, 15.0233106613, 15.6386394501, 16.2539672852, 16.8925170898, 17.5310649872, 18.1580047607, 18.784942627, 19.4118824005, 20.0388202667, 20.6541500092, 21.2810878754, 21.9080276489, 22.5697956085, 23.219953537, 23.8352832794, 24.4390010834, 25.0543308258, 25.6696586609, 26.2965984344, 26.9235363007, 27.5504760742, 28.1658039093, 28.7811336517, 29.3964614868, 29.9421310425, 30.4878005981, 31.0334682465, 31.474647522, 31.9274368286, 32.3686180115, 32.8794555664, 33.3902931213, 33.901134491, 34.4235839844, 34.9460296631, 35.480091095, 35.9909286499, 36.5017662048, 37.0126075745, 37.5234451294, 38.0458946228, 38.5683441162],
