{
"metadata": {
    "version": {
        "essentia": "2.1-beta5",
        "essentia_git_sha": "Undefined",
        "extractor": "music 2.0"
    },
    "audio_properties": {
        "analysis": {
            "equal_loudness": 0,
            "length": 52.2448997498,
            "sample_rate": 44100,
            "start_time": 45.2440834045,
            "downmix": "mix"
        },
        "bit_rate": 192000,
        "length": 180.929901123,
        "lossless": 0,
        "number_channels": 2,
        "replay_gain": -0.595407485962,
        "sample_rate": 48000,
        "codec": "mp3",
        "md5_encoded": "8a683b3add5b092c9d30a4a1e0881217"
    },
    "tags": {
        "file_name": "United KingdomUK_Still In Love_Electro Velvet.mp3",
        "encoding": ["Lavf58.29.100"]
    }
},
"lowlevel": {
    "average_loudness": 0.977833390236,
    "barkbands_crest": {
        "max": 25.2722988129,
        "mean": 10.9686393738,
        "min": 3.1576898098,
        "stdev": 5.08402395248
    },
    "barkbands_flatness_db": {
        "max": 0.351395815611,
        "mean": 0.1298687011,
        "min": 0.0468864813447,
        "stdev": 0.0422784946859
    },
    "barkbands_kurtosis": {
        "max": 238.647857666,
        "mean": 4.75119400024,
        "min": -1.92898893356,
        "stdev": 12.5399951935
    },
    "barkbands_skewness": {
        "max": 12.731180191,
        "mean": 1.67598521709,
        "min": -1.49218034744,
        "stdev": 1.45214903355
    },
    "barkbands_spread": {
        "max": 112.188560486,
        "mean": 31.7700595856,
        "min": 0.777782320976,
        "stdev": 18.021314621
    },
    "dissonance": {
        "max": 0.499973624945,
        "mean": 0.472084879875,
        "min": 0.32314658165,
        "stdev": 0.0207431279123
    },
    "dynamic_complexity": 2.18775868416,
    "erbbands_crest": {
        "max": 25.4088516235,
        "mean": 8.30620861053,
        "min": 2.44666266441,
        "stdev": 3.91153168678
    },
    "erbbands_flatness_db": {
        "max": 0.271053820848,
        "mean": 0.130304604769,
        "min": 0.0540765784681,
        "stdev": 0.0359172783792
    },
    "erbbands_kurtosis": {
        "max": 16.3743247986,
        "mean": 0.122974127531,
        "min": -1.6993573904,
        "stdev": 1.70132482052
    },
    "erbbands_skewness": {
        "max": 2.59345650673,
        "mean": 0.0130000598729,
        "min": -3.59528470039,
        "stdev": 0.763671934605
    },
    "erbbands_spread": {
        "max": 138.792449951,
        "mean": 51.0038871765,
        "min": 7.30368328094,
        "stdev": 22.1288223267
    },
    "hfc": {
        "max": 112.935958862,
        "mean": 26.8079833984,
        "min": 0.396036714315,
        "stdev": 20.2080211639
    },
    "loudness_ebu128": {
        "integrated": -22.7836399078,
        "loudness_range": 1.95031738281,
        "momentary": {
            "max": -19.4293727875,
            "mean": -22.9754238129,
            "min": -28.2308998108,
            "stdev": 1.31406009197
        },
        "short_term": {
            "max": -21.592874527,
            "mean": -22.8259449005,
            "min": -25.6339740753,
            "stdev": 0.774349689484
        }
    },
    "melbands_crest": {
        "max": 33.3632011414,
        "mean": 15.0675859451,
        "min": 4.03063249588,
        "stdev": 5.83050870895
    },
    "melbands_flatness_db": {
        "max": 0.456385910511,
        "mean": 0.181157782674,
        "min": 0.041771940887,
        "stdev": 0.0584806390107
    },
    "melbands_kurtosis": {
        "max": 442.5625,
        "mean": 20.2988815308,
        "min": -1.54402029514,
        "stdev": 33.5292472839
    },
    "melbands_skewness": {
        "max": 18.434463501,
        "mean": 3.3056306839,
        "min": -0.869031190872,
        "stdev": 2.11240124702
    },
    "melbands_spread": {
        "max": 225.985015869,
        "mean": 28.5241527557,
        "min": 0.592945516109,
        "stdev": 22.0818557739
    },
    "pitch_salience": {
        "max": 0.87323063612,
        "mean": 0.530244410038,
        "min": 0.108219824731,
        "stdev": 0.136818185449
    },
    "silence_rate_20dB": {
        "max": 1,
        "mean": 1,
        "min": 1,
        "stdev": 0
    },
    "silence_rate_30dB": {
        "max": 1,
        "mean": 1,
        "min": 1,
        "stdev": 0
    },
    "silence_rate_60dB": {
        "max": 1,
        "mean": 0.007107952144,
        "min": 0,
        "stdev": 0.0840086340904
    },
    "spectral_centroid": {
        "max": 5142.25146484,
        "mean": 1617.03039551,
        "min": 283.953765869,
        "stdev": 664.833862305
    },
    "spectral_complexity": {
        "max": 52,
        "mean": 18.9480228424,
        "min": 1,
        "stdev": 9.34303474426
    },
    "spectral_decrease": {
        "max": -1.75470346586e-10,
        "mean": -7.58607043849e-09,
        "min": -2.47111575646e-08,
        "stdev": 4.69185401641e-09
    },
    "spectral_energy": {
        "max": 0.0978204458952,
        "mean": 0.0310631766915,
        "min": 0.000705703278072,
        "stdev": 0.0186131335795
    },
    "spectral_energyband_high": {
        "max": 0.0118839507923,
        "mean": 0.00154902017675,
        "min": 8.61052467371e-06,
        "stdev": 0.00167246814817
    },
    "spectral_energyband_low": {
        "max": 0.0714351311326,
        "mean": 0.0146027784795,
        "min": 2.46045292442e-05,
        "stdev": 0.0144756222144
    },
    "spectral_energyband_middle_high": {
        "max": 0.048975802958,
        "mean": 0.00597137818113,
        "min": 5.11748949066e-05,
        "stdev": 0.00703049683943
    },
    "spectral_energyband_middle_low": {
        "max": 0.0648450925946,
        "mean": 0.00983831658959,
        "min": 0.0001269907807,
        "stdev": 0.0080615542829
    },
    "spectral_entropy": {
        "max": 8.8221244812,
        "mean": 7.8829627037,
        "min": 6.89203119278,
        "stdev": 0.287959426641
    },
    "spectral_flux": {
        "max": 0.250383853912,
        "mean": 0.102993763983,
        "min": 0.0130885830149,
        "stdev": 0.0389695242047
    },
    "spectral_kurtosis": {
        "max": 14.9684333801,
        "mean": 2.42048311234,
        "min": -0.990251302719,
        "stdev": 1.76604831219
    },
    "spectral_rms": {
        "max": 0.00976906251162,
        "mean": 0.00522874901071,
        "min": 0.000829753582366,
        "stdev": 0.00172211113386
    },
    "spectral_rolloff": {
        "max": 11369.53125,
        "mean": 1837.87231445,
        "min": 64.599609375,
        "stdev": 1899.54455566
    },
    "spectral_skewness": {
        "max": 2.58730220795,
        "mean": 1.24005222321,
        "min": -0.140471205115,
        "stdev": 0.346233308315
    },
    "spectral_spread": {
        "max": 15242841,
        "mean": 5747972,
        "min": 1971478.875,
        "stdev": 1684348
    },
    "spectral_strongpeak": {
        "max": 10.7034196854,
        "mean": 0.773934364319,
        "min": 0,
        "stdev": 1.12313592434
    },
    "zerocrossingrate": {
        "max": 0.294921875,
        "mean": 0.0753438994288,
        "min": 0.0048828125,
        "stdev": 0.0408885367215
    },
    "barkbands": {
        "max": [0.00899712927639, 0.0689109042287, 0.0274807307869, 0.0201807226986, 0.0307487789541, 0.037028234452, 0.0296459887177, 0.0318675972521, 0.0299008917063, 0.0230662170798, 0.0219139195979, 0.0193288121372, 0.0321774743497, 0.0216580703855, 0.0308788120747, 0.0164873693138, 0.0146115869284, 0.00737031269819, 0.00877075269818, 0.00551869766787, 0.00369354966097, 0.00563437445089, 0.00616251723841, 0.00485602766275, 0.00283643580042, 0.00213324395008, 2.25643725571e-05],
        "mean": [0.000490478414577, 0.0108633767813, 0.00245547993109, 0.00169313023798, 0.00268369866535, 0.00219999579713, 0.00100336933974, 0.00114068004768, 0.000931138521992, 0.000816200452391, 0.000503483228385, 0.000400634453399, 0.00044325881754, 0.000495246786159, 0.00106555828825, 0.000810338882729, 0.000566122296732, 0.000400492135668, 0.000370463676518, 0.000316759716952, 0.000236543157371, 0.000274651392829, 0.000335909397108, 0.000310604576953, 0.000182827337994, 7.26828438928e-05, 3.65234313904e-08],
        "min": [2.1417024243e-07, 3.08946005134e-06, 3.52025381289e-06, 1.31474052978e-06, 7.86547207099e-06, 8.25420556794e-07, 2.19888693209e-06, 1.27147575313e-06, 4.18910349254e-06, 1.76020273557e-06, 1.24883035824e-06, 1.33905746225e-06, 1.61811954058e-06, 1.56270266416e-06, 2.69018369181e-06, 2.80270796793e-06, 2.96937582789e-06, 3.79845141651e-06, 2.87762509288e-06, 2.9826728678e-06, 3.10038603857e-06, 1.57502631737e-06, 1.1255259551e-06, 1.90733103977e-07, 3.04422087538e-07, 2.16274709253e-09, 1.3863150905e-10],
        "stdev": [0.00065632967744, 0.0132732074708, 0.00369127257727, 0.00246588164009, 0.00369613524526, 0.00337415235117, 0.0019533240702, 0.00228099571541, 0.0019984212704, 0.00190809648484, 0.00147017522249, 0.00113432027865, 0.00167803862132, 0.00116610457189, 0.00232328870334, 0.00169153453317, 0.00116549117956, 0.000706558465026, 0.000615669297986, 0.000486630073283, 0.000343975814758, 0.000404302001698, 0.000489343481604, 0.000476011919091, 0.000272159755696, 0.000142524440889, 6.67728272674e-07]
    },
    "erbbands": {
        "max": [3.11980509758, 14.7495527267, 25.7017631531, 54.707824707, 86.1808700562, 141.087677002, 271.876678467, 331.571350098, 449.921203613, 484.180969238, 540.511901855, 699.64630127, 359.671203613, 1158.57763672, 1030.76660156, 870.177612305, 1407.0690918, 715.351379395, 1288.09631348, 2120.01171875, 981.15246582, 843.496398926, 471.18838501, 236.019989014, 604.397644043, 352.486938477, 154.656692505, 151.178237915, 185.049514771, 119.188934326, 257.555541992, 116.512397766, 109.312530518, 40.9917373657, 24.7118225098, 11.6498479843, 3.23614740372, 0.359793692827, 0.00664537586272, 0.000304116139887],
        "mean": [0.3286229074, 2.35107517242, 2.99566984177, 4.86690473557, 6.57879590988, 8.76593971252, 17.2518138885, 16.0766525269, 14.2376699448, 18.7829666138, 25.7079372406, 22.646440506, 19.0270290375, 28.5227012634, 18.2485942841, 18.0253810883, 20.4904937744, 23.5898799896, 41.2056236267, 59.9848327637, 38.109375, 32.626499176, 24.7920188904, 17.5239086151, 19.6629142761, 15.4999570847, 10.5985965729, 8.90414524078, 9.64498806, 10.6132574081, 9.34462451935, 6.90566921234, 4.76675701141, 2.43700313568, 1.11657214165, 0.497389167547, 0.0956066921353, 0.00419289199635, 0.000131212203996, 4.79020091007e-05],
        "min": [0.000120149416034, 0.000952095841058, 0.00469299731776, 0.011118198745, 0.0172811131924, 0.025901041925, 0.0170881785452, 0.00997787155211, 0.0427785031497, 0.0497201196849, 0.0475404411554, 0.0654111877084, 0.0591407567263, 0.11433878541, 0.103756129742, 0.0927361771464, 0.0821745768189, 0.0936613604426, 0.121005810797, 0.162475928664, 0.176761448383, 0.165288940072, 0.204701051116, 0.149108782411, 0.129966467619, 0.139362439513, 0.123002231121, 0.13925331831, 0.0685852617025, 0.0358763821423, 0.0285492818803, 0.00730326306075, 0.00340330507606, 0.0035046513658, 0.00200444296934, 0.000302837637719, 1.6570531443e-05, 1.79391804522e-06, 1.31399508518e-06, 1.03831962406e-06],
        "stdev": [0.434349834919, 2.94240832329, 3.64733886719, 6.97667312622, 9.60885238647, 13.5684528351, 26.3784103394, 27.0811882019, 26.3681964874, 36.6440391541, 51.7445030212, 49.8122329712, 34.3043327332, 76.4070892334, 50.5277481079, 49.4378890991, 74.8163757324, 49.8681182861, 94.488243103, 119.445960999, 78.00440979, 67.2448272705, 43.0737380981, 26.4369239807, 35.2940330505, 24.8559532166, 15.5766124725, 12.5099096298, 14.2105455399, 15.0350284576, 14.9167423248, 10.4468708038, 7.97532558441, 3.6343896389, 1.93636846542, 0.820728778839, 0.250105679035, 0.018968872726, 0.000358883902663, 2.98041286442e-05]
    },
    "gfcc": {
        "mean": [26.8777427673, 75.9350357056, -108.467689514, 52.0101547241, -62.1467208862, 27.8375663757, -46.0959701538, 18.6677360535, -19.1397857666, 8.38660335541, -16.898639679, 1.94161820412, -5.09751653671],
        "cov": [[2087.14575195, -395.646759033, -92.5603713989, -99.3368835449, -1.24188125134, -3.74979090691, -224.050552368, 72.8778686523, -78.3602600098, -14.4163255692, -86.6374740601, 2.89578342438, -146.308319092], [-395.646759033, 674.010192871, -227.012741089, -86.2000350952, 136.21913147, -52.8070449829, 147.278717041, -5.62434673309, 76.240234375, -48.8367385864, 71.4650268555, -8.97121238708, 62.7956314087], [-92.5603713989, -227.012741089, 741.319030762, 177.07510376, -80.2655105591, 57.0041351318, -96.0591125488, -13.316192627, -62.6223182678, 61.5059356689, -34.7793083191, 72.8952484131, -12.3678979874], [-99.3368835449, -86.2000350952, 177.07510376, 297.669006348, 10.368016243, -25.2744274139, -30.0899505615, -7.12263631821, 46.2103614807, 4.32681179047, 34.6647377014, 8.76996040344, 25.630853653], [-1.24188125134, 136.21913147, -80.2655105591, 10.368016243, 288.903381348, 26.9787006378, 61.7369728088, 54.135684967, 12.1473407745, 30.7678604126, -8.09580898285, -0.613792419434, 17.6667976379], [-3.74979090691, -52.8070449829, 57.0041351318, -25.2744274139, 26.9787006378, 211.915283203, 75.0770797729, 10.0043821335, 19.004693985, 19.3023738861, 17.734664917, -21.2004356384, 11.3529529572], [-224.050552368, 147.278717041, -96.0591125488, -30.0899505615, 61.7369728088, 75.0770797729, 227.614730835, 42.2277832031, 24.1952896118, 10.9082174301, 20.8854541779, -13.4668340683, 17.4482288361], [72.8778686523, -5.62434673309, -13.316192627, -7.12263631821, 54.135684967, 10.0043821335, 42.2277832031, 123.097000122, 45.0391540527, 11.3609075546, 8.40625476837, 3.62414479256, 7.50766038895], [-78.3602600098, 76.240234375, -62.6223182678, 46.2103614807, 12.1473407745, 19.004693985, 24.1952896118, 45.0391540527, 157.447463989, 14.1024856567, 49.7904663086, -5.11871385574, 30.0514793396], [-14.4163255692, -48.8367385864, 61.5059356689, 4.32681179047, 30.7678604126, 19.3023738861, 10.9082174301, 11.3609075546, 14.1024856567, 98.2189483643, 9.24043464661, 0.124833725393, 0.242066428065], [-86.6374740601, 71.4650268555, -34.7793083191, 34.6647377014, -8.09580898285, 17.734664917, 20.8854541779, 8.40625476837, 49.7904663086, 9.24043464661, 119.066650391, 9.44766807556, 25.2385025024], [2.89578342438, -8.97121238708, 72.8952484131, 8.76996040344, -0.613792419434, -21.2004356384, -13.4668340683, 3.62414479256, -5.11871385574, 0.124833725393, 9.44766807556, 87.0962295532, 15.4481735229], [-146.308319092, 62.7956314087, -12.3678979874, 25.630853653, 17.6667976379, 11.3529529572, 17.4482288361, 7.50766038895, 30.0514793396, 0.242066428065, 25.2385025024, 15.4481735229, 100.902030945]],
        "icov": [[0.000746078731027, 0.000127003513626, 0.000424545200076, -9.17321303859e-05, 1.21059792946e-05, -0.000540615466889, 0.00100013357587, -0.000901905295905, 0.00040767036262, -7.86423624959e-05, 0.000265580572886, -0.000464067765279, 0.000914377975278], [0.000127003513626, 0.00412665074691, -0.00121653627139, 0.00295506906696, -0.00290789152496, 0.0034200141672, -0.00296457577497, 0.00317072565667, -0.00299298414029, 0.00360281276517, -0.00284911738709, 0.00176744919736, -0.00155792804435], [0.000424545200076, -0.00121653627139, 0.00352584361099, -0.00315162958577, 0.00209505413659, -0.00325283268467, 0.00257824105211, -0.00254083820619, 0.00284860632382, -0.00325202336535, 0.0023665104527, -0.00338456290774, 0.00143347727135], [-9.17321303859e-05, 0.00295506906696, -0.00315162958577, 0.00757738901302, -0.00334090250544, 0.00445037847385, -0.00261073512957, 0.00388257508166, -0.00456150993705, 0.00412910990417, -0.00387258012779, 0.00321500352584, -0.00221131346188], [1.21059792946e-05, -0.00290789152496, 0.00209505413659, -0.00334090250544, 0.00666380627081, -0.00340854842216, 0.00183594564442, -0.00435890257359, 0.00322978734039, -0.00450050784275, 0.00331329554319, -0.00232756370679, 0.000732783577405], [-0.000540615466889, 0.0034200141672, -0.00325283268467, 0.00445037847385, -0.00340854842216, 0.0102090938017, -0.00566795747727, 0.00453461380675, -0.00427935272455, 0.00362423574552, -0.00404376676306, 0.00471836095676, -0.00279575935565], [0.00100013357587, -0.00296457577497, 0.00257824105211, -0.00261073512957, 0.00183594564442, -0.00566795747727, 0.00971868820488, -0.0054417992942, 0.00346378609538, -0.00344699784182, 0.00222677481361, -0.0022736210376, 0.00208273762837], [-0.000901905295905, 0.00317072565667, -0.00254083820619, 0.00388257508166, -0.00435890257359, 0.00453461380675, -0.0054417992942, 0.0145391784608, -0.0066658211872, 0.00347165390849, -0.00266440026462, 0.00198851595633, -0.00212758290581], [0.00040767036262, -0.00299298414029, 0.00284860632382, -0.00456150993705, 0.00322978734039, -0.00427935272455, 0.00346378609538, -0.0066658211872, 0.0123283304274, -0.00458758091554, 0.000247547926847, -0.00180664146319, 0.000328607187839], [-7.86423624959e-05, 0.00360281276517, -0.00325202336535, 0.00412910990417, -0.00450050784275, 0.00362423574552, -0.00344699784182, 0.00347165390849, -0.00458758091554, 0.0155420787632, -0.0041444292292, 0.00322575168684, -0.00121392845176], [0.000265580572886, -0.00284911738709, 0.0023665104527, -0.00387258012779, 0.00331329554319, -0.00404376676306, 0.00222677481361, -0.00266440026462, 0.000247547926847, -0.0041444292292, 0.0131973512471, -0.003871595487, 0.00034796455293], [-0.000464067765279, 0.00176744919736, -0.00338456290774, 0.00321500352584, -0.00232756370679, 0.00471836095676, -0.0022736210376, 0.00198851595633, -0.00180664146319, 0.00322575168684, -0.003871595487, 0.015871444717, -0.00381373520941], [0.000914377975278, -0.00155792804435, 0.00143347727135, -0.00221131346188, 0.000732783577405, -0.00279575935565, 0.00208273762837, -0.00212758290581, 0.000328607187839, -0.00121392845176, 0.00034796455293, -0.00381373520941, 0.013329744339]]
    },
    "melbands": {
        "max": [0.0225944183767, 0.0142327910289, 0.00999576970935, 0.00755221489817, 0.00779069215059, 0.00643782969564, 0.00627061445266, 0.00631271768361, 0.00442574592307, 0.00422095553949, 0.00187435408588, 0.00477031758055, 0.00313651352189, 0.00238271732815, 0.00376134854741, 0.00181078829337, 0.0015875780955, 0.00198639673181, 0.00240964954719, 0.00169446296059, 0.00106965471059, 0.00101731333416, 0.000798777793534, 0.000345733540598, 0.000214928848436, 0.000400260556489, 0.000285856920527, 0.000290065043373, 0.000130953107146, 0.00012595775479, 0.000108068423287, 0.000111915003799, 0.000106574436359, 7.7807722846e-05, 0.000192586274352, 7.02591714798e-05, 8.31689321785e-05, 9.41710313782e-05, 5.8545734646e-05, 2.75462825812e-05],
        "mean": [0.00307359104045, 0.00209373654798, 0.000886948837433, 0.000531669065822, 0.00057765346719, 0.000375843257643, 0.000211628634133, 0.000211338337976, 0.000214329615119, 0.00013015557488, 9.35108109843e-05, 0.000117924239021, 6.53189053992e-05, 4.46722515335e-05, 5.29638091393e-05, 3.74858318537e-05, 4.44213947048e-05, 5.99414997851e-05, 8.05400559329e-05, 7.17404764146e-05, 3.82632133551e-05, 3.26648914779e-05, 2.98488157568e-05, 1.76439007191e-05, 1.33740231831e-05, 1.46150769069e-05, 1.30053576868e-05, 9.37417007663e-06, 6.81743540554e-06, 5.27417842022e-06, 5.12884071213e-06, 5.45305783817e-06, 5.32290323463e-06, 6.21827348368e-06, 5.77945365876e-06, 4.32699380326e-06, 4.12225335822e-06, 3.49287756762e-06, 2.65807148025e-06, 1.84914074453e-06],
        "min": [1.38399286698e-06, 2.96728308058e-06, 2.78186053038e-06, 1.64535606473e-06, 7.6880587585e-07, 2.37066842601e-07, 6.3758733404e-07, 7.29536054678e-07, 4.26497138051e-07, 4.86581882342e-07, 3.0070063417e-07, 3.59047533038e-07, 3.01825110682e-07, 9.73257172632e-08, 2.30017136005e-07, 2.09206305612e-07, 1.47280459828e-07, 1.76542741315e-07, 1.9693463571e-07, 1.73889702637e-07, 1.67740552115e-07, 1.562732308e-07, 1.60735808663e-07, 1.9672930307e-07, 1.11205451958e-07, 7.3204169837e-08, 7.7132810361e-08, 8.66911449293e-08, 7.50598729837e-08, 6.8139378584e-08, 7.130365276e-08, 4.0179966021e-08, 2.41806841217e-08, 1.97216429854e-08, 1.33755593268e-08, 1.0543305784e-08, 1.54451740286e-09, 3.16060244643e-09, 3.09207853766e-10, 3.59382101855e-09],
        "stdev": [0.00379898305982, 0.00226182374172, 0.00115035113413, 0.000762285140809, 0.000819516018964, 0.00059599726228, 0.000397473602789, 0.000413111847593, 0.000429106672527, 0.000296948914183, 0.000177847250598, 0.000323335145367, 0.000189614642295, 0.000126620972878, 0.000200611175387, 0.000108103042294, 0.000102692472865, 0.000148438688484, 0.000177067020559, 0.000146316335304, 8.67851995281e-05, 7.46361183701e-05, 6.18272752035e-05, 3.16953010042e-05, 2.22587659664e-05, 2.84750331048e-05, 2.14024603338e-05, 1.6620992028e-05, 1.07915129774e-05, 8.49969092087e-06, 7.69364396547e-06, 8.27691746963e-06, 8.46329658089e-06, 9.12355608307e-06, 1.01437226476e-05, 6.40957978248e-06, 6.70854342388e-06, 6.30729346085e-06, 4.3092377382e-06, 2.91377773465e-06]
    },
    "melbands128": {
        "max": [0.00690089911222, 0.0283426642418, 0.0356413982809, 0.0258034542203, 0.0170591399074, 0.0161997620016, 0.0121089769527, 0.0102933160961, 0.010749598965, 0.01041381713, 0.0101528419182, 0.0130370231345, 0.0112884761766, 0.0150159671903, 0.0121365599334, 0.00680695287883, 0.00727027654648, 0.00977387838066, 0.0104153612629, 0.00886415876448, 0.0131647288799, 0.00555610470474, 0.00828807707876, 0.0105463378131, 0.00657688826323, 0.00593104213476, 0.00343939079903, 0.00226381770335, 0.00340872397646, 0.0077391997911, 0.0081405537203, 0.00648648338392, 0.00578180886805, 0.00594796892256, 0.00269289128482, 0.00444344803691, 0.00508923036978, 0.00503259338439, 0.00966672692448, 0.00331952003762, 0.00179928622674, 0.00255296332762, 0.00308308121748, 0.00246431073174, 0.00532057275996, 0.00389371532947, 0.00485826097429, 0.00563393114135, 0.00554047292098, 0.00490352930501, 0.00279641686939, 0.00225255312398, 0.00238973018713, 0.00204978510737, 0.0019135841867, 0.00227352930233, 0.00235779560171, 0.00210102135316, 0.000807008007541, 0.00107866746839, 0.000754456734285, 0.000798111374024, 0.000552469457034, 0.000538135063834, 0.000197695146198, 0.000881936168298, 0.000957639596891, 0.000619326659944, 0.000478845293401, 0.00053102435777, 0.000614961551037, 0.000481189374113, 0.000227236479986, 0.000198633104446, 0.000174731016159, 0.000286399299512, 0.000102239246189, 9.81012999546e-05, 0.000152023101691, 0.000147869213833, 0.000147925864439, 0.000120477183373, 0.000119592419651, 0.00016458236496, 9.97466850094e-05, 0.00010544287943, 0.000131876615342, 0.000168586760992, 0.000313643511618, 0.000222331014811, 6.22588340775e-05, 0.000119240998174, 0.000112636989797, 9.1767658887e-05, 9.58446617005e-05, 9.17406650842e-05, 0.000126803570311, 8.69291397976e-05, 8.421477105e-05, 8.43627422e-05, 3.41121776728e-05, 3.84692757507e-05, 3.72817485186e-05, 3.02277858282e-05, 5.85352972848e-05, 6.05720306339e-05, 2.02530300157e-05, 3.22123996739e-05, 3.23170315824e-05, 2.62094472419e-05, 1.81413506652e-05, 1.22784840642e-05, 1.57103277161e-05, 1.08993999675e-05, 6.0573815972e-06, 5.73055513087e-06, 1.05992160115e-06, 2.2347173001e-08, 2.0479934193e-08, 1.02898027876e-08, 2.24047780328e-09, 1.97216154518e-09, 4.11435774339e-09, 1.89692350716e-09, 1.86338966479e-09, 1.83637904883e-09, 1.82366721724e-09, 1.81458403858e-09],
        "mean": [0.000369432964362, 0.0023204383906, 0.00476010423154, 0.00356157775968, 0.00168635684531, 0.00124594871886, 0.00100861920509, 0.000807308184449, 0.000661318306811, 0.000485994620249, 0.00044789412641, 0.000568172894418, 0.000602992833592, 0.000632189097814, 0.000380054290872, 0.0002340744104, 0.000236092746491, 0.000211406470044, 0.000172067360836, 0.000221572292503, 0.000224470539251, 0.00019384972984, 0.000239160654019, 0.000195589876967, 0.000165109944646, 9.08447109396e-05, 7.53701824578e-05, 9.31645918172e-05, 0.000101762831036, 0.00014074423234, 0.000120521464851, 8.08724216768e-05, 6.62877646391e-05, 5.14022867719e-05, 4.0375158278e-05, 4.4393393182e-05, 4.84329066239e-05, 4.84512056573e-05, 6.85240229359e-05, 3.7361838622e-05, 2.84063862637e-05, 3.79897610401e-05, 4.42039454356e-05, 4.93537627335e-05, 4.4541695388e-05, 5.78782019147e-05, 8.4943996626e-05, 7.04997437424e-05, 8.11150748632e-05, 0.000102412886918, 6.26865803497e-05, 5.58511746931e-05, 4.23129640694e-05, 2.978424709e-05, 2.86621288978e-05, 3.2587278838e-05, 3.62734826922e-05, 3.66472922906e-05, 2.56078274106e-05, 2.03146428248e-05, 1.84519776667e-05, 1.43277347888e-05, 1.412326219e-05, 1.34897782118e-05, 1.11559747893e-05, 1.52958127728e-05, 1.70704697666e-05, 1.25849392134e-05, 1.18363795991e-05, 1.38064815474e-05, 9.80659297056e-06, 6.99565407558e-06, 6.62843694954e-06, 7.44232738725e-06, 6.16798615738e-06, 5.32846570422e-06, 4.69903807243e-06, 5.05947400598e-06, 5.14710518473e-06, 5.32156946065e-06, 5.4048673519e-06, 5.66127391721e-06, 5.20919184055e-06, 5.12078304382e-06, 5.48436310055e-06, 6.10073357166e-06, 6.46448688713e-06, 6.54568748359e-06, 6.16411944065e-06, 4.96636494063e-06, 4.05693072025e-06, 4.21095228376e-06, 4.64569802716e-06, 4.20766309617e-06, 3.7270692701e-06, 3.69539520761e-06, 3.45327316609e-06, 3.24273537444e-06, 2.75244042314e-06, 2.3282143502e-06, 2.1061548523e-06, 1.85190208413e-06, 1.44422392623e-06, 1.25549570384e-06, 1.28809199396e-06, 1.13688281544e-06, 1.11036547423e-06, 9.95294954009e-07, 9.25187862322e-07, 6.65311745252e-07, 6.51808250041e-07, 4.17953202714e-07, 2.16451766732e-07, 1.29408448402e-07, 5.01913923756e-08, 1.84153421401e-08, 1.5733627734e-09, 2.11415294993e-11, 2.1177665524e-11, 1.18911963609e-11, 7.98172552358e-12, 6.23867710964e-12, 7.84630953959e-12, 5.71937028987e-12, 5.43771755054e-12, 5.00848884935e-12, 4.77646958444e-12, 4.72202268606e-12],
        "min": [1.05044371423e-07, 1.25320241295e-06, 4.65791259785e-07, 1.44027035276e-06, 2.7631566013e-07, 1.19170795188e-06, 1.32930563268e-06, 2.88403583681e-07, 5.83568692036e-07, 1.15226441721e-06, 3.48308788034e-07, 2.98323527659e-07, 4.00963301672e-07, 1.89656816474e-07, 1.34787370598e-07, 1.45235254934e-08, 5.93646007019e-07, 2.89149284072e-07, 9.28131598243e-08, 1.7544033426e-07, 1.11212656861e-07, 8.29694073445e-08, 1.68126518929e-07, 1.28543788946e-07, 5.75445859852e-08, 1.33202092911e-07, 1.48143868728e-07, 1.46776443444e-07, 2.26824255378e-07, 5.47805782958e-08, 6.16430071432e-08, 8.53021973057e-08, 8.62668017021e-08, 5.72737661741e-08, 5.03312413969e-08, 4.67181706654e-08, 3.86006568931e-08, 9.17673759204e-08, 9.49061416122e-08, 1.30282074906e-07, 1.12433035326e-07, 9.28279604295e-08, 7.24992190726e-08, 7.52234114998e-08, 8.12724678667e-08, 7.70796759753e-08, 6.61703012383e-08, 7.72724462195e-08, 4.85739484191e-08, 6.48194955488e-08, 7.13230505767e-08, 9.03877008795e-08, 6.40425810161e-08, 5.19434735224e-08, 2.94430169134e-08, 8.57903756923e-08, 6.6040975355e-08, 6.49244711326e-08, 6.63515749011e-08, 1.21810401765e-07, 8.31544042512e-08, 3.78368589793e-08, 6.03943917099e-08, 4.88872657911e-08, 2.91135666686e-08, 3.39893659884e-08, 6.01667267119e-08, 6.01442167181e-08, 2.13596536014e-08, 4.7363311495e-08, 5.53675221227e-08, 6.54460592386e-08, 4.87171050167e-08, 4.6471154036e-08, 4.5382464009e-08, 3.78702829096e-08, 4.40452332384e-08, 3.89668173284e-08, 4.51079884556e-08, 9.41664612952e-09, 1.31759581024e-08, 2.73167426457e-08, 1.97754146392e-09, 2.59773624833e-08, 4.04970235124e-09, 1.47285899033e-08, 5.47047562804e-09, 1.06649942211e-08, 9.48004785783e-09, 8.52829806774e-09, 1.44105416489e-09, 1.69157610141e-09, 1.14581744093e-09, 5.82343950839e-10, 2.61535543222e-10, 2.50555487469e-09, 3.5913372276e-09, 3.20939108622e-10, 2.77267375726e-10, 5.05630502745e-11, 7.7833529552e-12, 6.60499016591e-11, 5.37953492516e-12, 3.74098876876e-11, 2.07111107778e-12, 1.23453859982e-11, 1.55480402858e-11, 1.44827314204e-12, 8.92985121612e-13, 2.54457674549e-12, 1.86198582594e-12, 9.07800581668e-13, 5.1423204887e-13, 3.81366352343e-13, 3.94951324249e-13, 4.27840434521e-13, 4.01390048586e-13, 4.0195074374e-13, 3.72411411605e-13, 4.20724571718e-13, 3.34482170693e-13, 3.9513859307e-13, 4.06314305118e-13, 4.08827973645e-13, 2.97079824933e-13, 1.12385347881e-13, 1.55775101883e-14, 5.70056349876e-16],
        "stdev": [0.000518702319823, 0.00336479698308, 0.00624083122239, 0.00473438063636, 0.00222094426863, 0.00199383776635, 0.00163090380374, 0.00119398219977, 0.00111282919534, 0.0009642681689, 0.000830044504255, 0.00108196155634, 0.00113749830052, 0.00120665435679, 0.000866896065418, 0.000525838055182, 0.000535022059921, 0.000564895570278, 0.000486544246087, 0.000554824597202, 0.000619229103904, 0.000491367594805, 0.000677683798131, 0.000521073874552, 0.000490044476464, 0.000317127560265, 0.000216839369386, 0.000200110021979, 0.000283958856016, 0.000527179625351, 0.000442348245997, 0.000291183358058, 0.000282076041913, 0.000212439364986, 0.000142769495142, 0.000193237137864, 0.000195013926714, 0.000234735111007, 0.000430147367297, 0.000156946422067, 9.26430511754e-05, 0.000139459036291, 0.000153601693455, 0.000149101528223, 0.000177494031959, 0.000209984835237, 0.000295707402984, 0.000244830531301, 0.000257385865552, 0.000266779708909, 0.000179748472874, 0.000174141023308, 0.00014661635214, 8.79303115653e-05, 8.46179682412e-05, 0.000117180679808, 0.000111506429676, 0.00010280769493, 6.49292123853e-05, 4.94720989082e-05, 4.54996807093e-05, 3.66655294783e-05, 3.43719984812e-05, 3.23402782669e-05, 1.98169309442e-05, 4.19069256168e-05, 5.23402377439e-05, 2.72652450803e-05, 2.65432190645e-05, 3.19800019497e-05, 2.33750179177e-05, 1.76818230102e-05, 1.21359826153e-05, 1.44886753333e-05, 1.19010155686e-05, 1.23525042e-05, 7.8781222328e-06, 8.36978506413e-06, 8.77545153344e-06, 9.76993396762e-06, 9.1674091891e-06, 9.32811599341e-06, 9.11581355467e-06, 9.72273937805e-06, 9.02648116607e-06, 9.93915182335e-06, 1.10620512714e-05, 1.24439420688e-05, 1.3784479961e-05, 1.08557178464e-05, 6.66039477437e-06, 7.47192007111e-06, 8.42475310492e-06, 7.52684354666e-06, 6.88240970703e-06, 7.68952213548e-06, 7.00291138855e-06, 6.47016122457e-06, 4.92003982799e-06, 4.04674619858e-06, 3.43390252056e-06, 3.24420398101e-06, 2.9280763556e-06, 2.50435800808e-06, 2.77539288618e-06, 2.43440035774e-06, 1.83556448974e-06, 1.77367553533e-06, 1.66167944826e-06, 1.29936734083e-06, 1.17321121706e-06, 9.23174695799e-07, 1.0831201962e-06, 7.14512111699e-07, 4.00825996394e-07, 1.87230043025e-07, 3.24061595336e-08, 4.88949991606e-10, 4.70002037289e-10, 2.23624396778e-10, 6.84698131526e-11, 4.28624878646e-11, 9.61691212775e-11, 4.03303293539e-11, 3.9623589132e-11, 3.90590962351e-11, 3.87904430799e-11, 3.85972087624e-11]
    },
    "mfcc": {
        "mean": [-613.475830078, 96.1861724854, 15.4158201218, 25.8888378143, 13.9281415939, 8.67080879211, -3.8316924572, 5.41275787354, 4.66987609863, 7.10471916199, -1.01990532875, -1.17782831192, 2.87734508514],
        "cov": [[2103.82958984, -293.414642334, -248.858383179, -139.210861206, 84.6222839355, -147.895980835, -105.729782104, 8.76010799408, -105.559394836, 59.0488052368, -45.0649414062, -52.1892204285, 17.4591369629], [-293.414642334, 677.924804688, -304.767120361, -25.5975532532, -38.6574935913, 6.53155326843, 64.1670227051, 56.8366737366, 46.0094718933, -23.9067306519, 53.3634567261, -12.994477272, 0.151495993137], [-248.858383179, -304.767120361, 750.833068848, 62.992729187, 42.4922447205, 50.2289276123, -45.6237411499, -46.6775245667, -44.4230613708, -52.9058303833, -23.4721240997, 22.1341362, 4.85147285461], [-139.210861206, -25.5975532532, 62.992729187, 296.0340271, 66.3962936401, -19.007724762, -21.9140338898, -9.10284328461, 11.4046134949, -36.8617897034, -11.1784877777, 32.0574607849, 24.9357414246], [84.6222839355, -38.6574935913, 42.4922447205, 66.3962936401, 220.952362061, 0.706132948399, -18.0660095215, -6.75869321823, 13.1341676712, 10.9489822388, -11.5030174255, 14.721159935, 28.4160060883], [-147.895980835, 6.53155326843, 50.2289276123, -19.007724762, 0.706132948399, 167.736328125, 59.9221954346, 4.00242757797, 23.1438961029, 21.5403633118, 14.2665452957, -5.67432928085, 1.30088543892], [-105.729782104, 64.1670227051, -45.6237411499, -21.9140338898, -18.0660095215, 59.9221954346, 172.144439697, 28.150598526, 29.5087356567, 32.5107383728, 8.15503692627, 3.50936865807, -4.6343331337], [8.76010799408, 56.8366737366, -46.6775245667, -9.10284328461, -6.75869321823, 4.00242757797, 28.150598526, 128.129501343, 26.3260250092, 11.6580924988, 26.9799976349, 4.74157190323, 3.67165803909], [-105.559394836, 46.0094718933, -44.4230613708, 11.4046134949, 13.1341676712, 23.1438961029, 29.5087356567, 26.3260250092, 128.476715088, 26.8793544769, 12.8321638107, 6.79612922668, 8.94539642334], [59.0488052368, -23.9067306519, -52.9058303833, -36.8617897034, 10.9489822388, 21.5403633118, 32.5107383728, 11.6580924988, 26.8793544769, 150.286849976, 14.2484531403, 5.93497419357, 25.627872467], [-45.0649414062, 53.3634567261, -23.4721240997, -11.1784877777, -11.5030174255, 14.2665452957, 8.15503692627, 26.9799976349, 12.8321638107, 14.2484531403, 95.1654891968, 22.3529396057, 3.01056337357], [-52.1892204285, -12.994477272, 22.1341362, 32.0574607849, 14.721159935, -5.67432928085, 3.50936865807, 4.74157190323, 6.79612922668, 5.93497419357, 22.3529396057, 84.0283203125, 23.2341976166], [17.4591369629, 0.151495993137, 4.85147285461, 24.9357414246, 28.4160060883, 1.30088543892, -4.6343331337, 3.67165803909, 8.94539642334, 25.627872467, 3.01056337357, 23.2341976166, 91.410369873]],
        "icov": [[0.000700545264408, 0.000431919645052, 0.000380110024707, 0.000350490736309, -0.000383969105314, 0.000423808203777, 0.000186583623872, -0.000260538625298, 0.000509725883603, -0.000109218410216, 3.50559457729e-05, 0.000393692957005, -0.000237529835431], [0.000431919645052, 0.00232713646255, 0.00102032267023, 0.00023231774685, -0.000142880162457, 0.000186521239812, -0.000450713909231, -0.000463732983917, -5.7104301959e-05, 0.000904152868316, -0.000972859677859, 0.000708380306605, -0.000562252535019], [0.000380110024707, 0.00102032267023, 0.00204623024911, 4.07481911679e-06, -0.000359723489964, -0.000609025359154, 0.000324025342707, 2.4335244234e-05, 0.00059882667847, 0.000722281693015, -1.64813900483e-05, -0.000160724361194, -0.000267767260084], [0.000350490736309, 0.00023231774685, 4.07481911679e-06, 0.00423383107409, -0.00118207721971, 0.000558603554964, 0.000176005414687, -3.03844626615e-06, -0.000351212103851, 0.00111946358811, 0.000447720929515, -0.00105124083348, -0.000880958919879], [-0.000383969105314, -0.000142880162457, -0.000359723489964, -0.00118207721971, 0.00536883063614, -0.00043910855311, 0.000433456181781, 0.000191081897356, -0.000764138647355, -0.000471009494504, 0.000621576095, -0.000532164587639, -0.000911670154892], [0.000423808203777, 0.000186521239812, -0.000609025359154, 0.000558603554964, -0.00043910855311, 0.00777391064912, -0.00248447293416, 0.000394215050619, -0.000652941700537, -0.000536365085281, -0.00126935646404, 0.00147147930693, -0.000435170572018], [0.000186583623872, -0.000450713909231, 0.000324025342707, 0.000176005414687, 0.000433456181781, -0.00248447293416, 0.00764985196292, -0.00124071270693, -0.000521289941389, -0.00133811088745, 0.00103613780811, -0.000981716439128, 0.000879750703461], [-0.000260538625298, -0.000463732983917, 2.4335244234e-05, -3.03844626615e-06, 0.000191081897356, 0.000394215050619, -0.00124071270693, 0.00906978733838, -0.00148088287096, 4.22710327257e-05, -0.00217112456448, 5.85334055359e-05, -0.000252452882705], [0.000509725883603, -5.7104301959e-05, 0.00059882667847, -0.000351212103851, -0.000764138647355, -0.000652941700537, -0.000521289941389, -0.00148088287096, 0.00939839333296, -0.00131965929177, -0.000197449262487, -5.72972930968e-05, -0.000282026536297], [-0.000109218410216, 0.000904152868316, 0.000722281693015, 0.00111946358811, -0.000471009494504, -0.000536365085281, -0.00133811088745, 4.22710327257e-05, -0.00131965929177, 0.00853308662772, -0.00115621043369, 5.12196093041e-05, -0.00247797463089], [3.50559457729e-05, -0.000972859677859, -1.64813900483e-05, 0.000447720929515, 0.000621576095, -0.00126935646404, 0.00103613780811, -0.00217112456448, -0.000197449262487, -0.00115621043369, 0.0130233354867, -0.00398932630196, 0.000766781158745], [0.000393692957005, 0.000708380306605, -0.000160724361194, -0.00105124083348, -0.000532164587639, 0.00147147930693, -0.000981716439128, 5.85334055359e-05, -5.72972930968e-05, 5.12196093041e-05, -0.00398932630196, 0.0149193005636, -0.0033581785392], [-0.000237529835431, -0.000562252535019, -0.000267767260084, -0.000880958919879, -0.000911670154892, -0.000435170572018, 0.000879750703461, -0.000252452882705, -0.000282026536297, -0.00247797463089, 0.000766781158745, -0.0033581785392, 0.0131354788318]]
    },
    "spectral_contrast_coeffs": {
        "max": [-0.443778514862, -0.530235886574, -0.519493103027, -0.527340948582, -0.581299483776, -0.511256039143],
        "mean": [-0.733873426914, -0.756361246109, -0.781096935272, -0.779539465904, -0.789771318436, -0.75993847847],
        "min": [-0.897973954678, -0.926541745663, -0.91091221571, -0.902072966099, -0.884248793125, -0.858091473579],
        "stdev": [0.066124342382, 0.0672155022621, 0.0672963783145, 0.0608437880874, 0.0487542822957, 0.0418674647808]
    },
    "spectral_contrast_valleys": {
        "max": [-5.0252289772, -5.06771373749, -5.41973686218, -5.84539985657, -5.76379442215, -7.6838145256],
        "mean": [-6.34376764297, -6.67045640945, -7.40962600708, -7.40041303635, -7.27935171127, -9.56070041656],
        "min": [-9.06595611572, -8.77061462402, -9.3400888443, -9.27452754974, -8.80082607269, -12.8783807755],
        "stdev": [0.522186100483, 0.510211706161, 0.586849033833, 0.534151673317, 0.511152386665, 0.827897071838]
    }
},
"rhythm": {
    "beats_count": 101,
    "beats_loudness": {
        "max": 0.0955633074045,
        "mean": 0.0474159345031,
        "min": 0.0209927801043,
        "stdev": 0.0137167870998
    },
    "bpm": 117.08215332,
    "bpm_histogram_first_peak_bpm": 117,
    "bpm_histogram_first_peak_weight": 0.163265347481,
    "bpm_histogram_second_peak_bpm": 112,
    "bpm_histogram_second_peak_spread": 0,
    "bpm_histogram_second_peak_weight": 0.019999999553,
    "danceability": 1.43557178974,
    "onset_rate": 4.68841123581,
    "beats_loudness_band_ratio": {
        "max": [0.932178258896, 0.44019010663, 0.355473846197, 0.358563572168, 0.432862013578, 0.23626114428],
        "mean": [0.611899971962, 0.10083219409, 0.0891301855445, 0.0663465261459, 0.100115515292, 0.0560991205275],
        "min": [0.283184558153, 0.0182039700449, 0.00659911381081, 0.00250247796066, 0.00274606700987, 0.00554468622431],
        "stdev": [0.156228393316, 0.078621968627, 0.0747054293752, 0.0736239925027, 0.0904688835144, 0.0418884567916]
    },
