{
"metadata": {
    "version": {
        "essentia": "2.1-beta5",
        "essentia_git_sha": "Undefined",
        "extractor": "music 2.0"
    },
    "audio_properties": {
        "analysis": {
            "equal_loudness": 0,
            "length": 32.4963264465,
            "sample_rate": 44100,
            "start_time": 12.7477550507,
            "downmix": "mix"
        },
        "bit_rate": 192000,
        "length": 186.607162476,
        "lossless": 0,
        "number_channels": 2,
        "replay_gain": 2.924451828,
        "sample_rate": 48000,
        "codec": "mp3",
        "md5_encoded": "b6a8f05d3e0dd74131382bee7c1e4942"
    },
    "tags": {
        "file_name": "Austria_I Am Yours_The Makemakes.mp3",
        "encoding": ["Lavf58.29.100"]
    }
},
"lowlevel": {
    "average_loudness": 0.957005858421,
    "barkbands_crest": {
        "max": 25.8542900085,
        "mean": 15.0319252014,
        "min": 3.38402819633,
        "stdev": 5.43855857849
    },
    "barkbands_flatness_db": {
        "max": 0.34345266223,
        "mean": 0.217675596476,
        "min": 0.0898284167051,
        "stdev": 0.0521082207561
    },
    "barkbands_kurtosis": {
        "max": 152.603042603,
        "mean": 13.3751850128,
        "min": -1.91062355042,
        "stdev": 21.6146221161
    },
    "barkbands_skewness": {
        "max": 11.394739151,
        "mean": 2.45438742638,
        "min": -1.05191147327,
        "stdev": 1.85916256905
    },
    "barkbands_spread": {
        "max": 84.9154510498,
        "mean": 11.1943244934,
        "min": 0.765340387821,
        "stdev": 11.9611759186
    },
    "dissonance": {
        "max": 0.497439086437,
        "mean": 0.431935429573,
        "min": 0.273293673992,
        "stdev": 0.0391670018435
    },
    "dynamic_complexity": 2.80331254005,
    "erbbands_crest": {
        "max": 25.8665943146,
        "mean": 10.4846582413,
        "min": 3.70674276352,
        "stdev": 3.90206027031
    },
    "erbbands_flatness_db": {
        "max": 0.324476391077,
        "mean": 0.216658398509,
        "min": 0.0897001549602,
        "stdev": 0.0376271009445
    },
    "erbbands_kurtosis": {
        "max": 25.8395690918,
        "mean": 1.78438770771,
        "min": -1.75104618073,
        "stdev": 3.27958989143
    },
    "erbbands_skewness": {
        "max": 4.36235332489,
        "mean": 0.912201106548,
        "min": -1.7014516592,
        "stdev": 0.895690977573
    },
    "erbbands_spread": {
        "max": 136.089874268,
        "mean": 29.0532207489,
        "min": 6.1899266243,
        "stdev": 18.0404682159
    },
    "hfc": {
        "max": 72.929725647,
        "mean": 15.3581438065,
        "min": 0.200773954391,
        "stdev": 14.5972652435
    },
    "loudness_ebu128": {
        "integrated": -26.5429515839,
        "loudness_range": 3.74546813965,
        "momentary": {
            "max": -23.5282974243,
            "mean": -27.0075130463,
            "min": -33.7129745483,
            "stdev": 2.16632938385
        },
        "short_term": {
            "max": -24.8564853668,
            "mean": -26.781879425,
            "min": -29.5805034637,
            "stdev": 1.30855762959
        }
    },
    "melbands_crest": {
        "max": 30.1302833557,
        "mean": 17.6532268524,
        "min": 4.38596010208,
        "stdev": 5.75167179108
    },
    "melbands_flatness_db": {
        "max": 0.450694918633,
        "mean": 0.275514811277,
        "min": 0.0909958258271,
        "stdev": 0.076554775238
    },
    "melbands_kurtosis": {
        "max": 286.494537354,
        "mean": 20.2236366272,
        "min": -1.35296952724,
        "stdev": 27.687997818
    },
    "melbands_skewness": {
        "max": 12.2796421051,
        "mean": 3.03857254982,
        "min": -0.456518024206,
        "stdev": 1.79549443722
    },
    "melbands_spread": {
        "max": 107.970680237,
        "mean": 13.0319795609,
        "min": 1.02362835407,
        "stdev": 13.7374668121
    },
    "pitch_salience": {
        "max": 0.805215835571,
        "mean": 0.493516951799,
        "min": 0.113426975906,
        "stdev": 0.134859785438
    },
    "silence_rate_20dB": {
        "max": 1,
        "mean": 1,
        "min": 1,
        "stdev": 0
    },
    "silence_rate_30dB": {
        "max": 1,
        "mean": 1,
        "min": 1,
        "stdev": 0
    },
    "silence_rate_60dB": {
        "max": 1,
        "mean": 0.0085653103888,
        "min": 0,
        "stdev": 0.0921519845724
    },
    "spectral_centroid": {
        "max": 3104.37475586,
        "mean": 725.641174316,
        "min": 229.303237915,
        "stdev": 532.511108398
    },
    "spectral_complexity": {
        "max": 43,
        "mean": 12.9264812469,
        "min": 1,
        "stdev": 5.1186747551
    },
    "spectral_decrease": {
        "max": -1.31666663683e-10,
        "mean": -6.36341690452e-09,
        "min": -2.08619397313e-08,
        "stdev": 3.83262399595e-09
    },
    "spectral_energy": {
        "max": 0.0806170627475,
        "mean": 0.025410015136,
        "min": 0.000515149906278,
        "stdev": 0.0152707695961
    },
    "spectral_energyband_high": {
        "max": 0.00673825107515,
        "mean": 0.000425388047006,
        "min": 2.10071874562e-07,
        "stdev": 0.000829140248243
    },
    "spectral_energyband_low": {
        "max": 0.0129124131054,
        "mean": 0.00144737609662,
        "min": 3.08793869408e-06,
        "stdev": 0.00193722278345
    },
    "spectral_energyband_middle_high": {
        "max": 0.048555098474,
        "mean": 0.00412052078173,
        "min": 4.20146679971e-05,
        "stdev": 0.00648809224367
    },
    "spectral_energyband_middle_low": {
        "max": 0.0793768689036,
        "mean": 0.019834106788,
        "min": 0.000432107161032,
        "stdev": 0.0137404836714
    },
    "spectral_entropy": {
        "max": 8.5394859314,
        "mean": 6.78614616394,
        "min": 5.43572473526,
        "stdev": 0.52296847105
    },
    "spectral_flux": {
        "max": 0.217523470521,
        "mean": 0.0633004829288,
        "min": 0.00812013912946,
        "stdev": 0.0379666276276
    },
    "spectral_kurtosis": {
        "max": 71.5496063232,
        "mean": 10.9603385925,
        "min": -1.0616042614,
        "stdev": 10.7271795273
    },
    "spectral_rms": {
        "max": 0.00886852853,
        "mean": 0.0047241775319,
        "min": 0.000708932522684,
        "stdev": 0.00157238601241
    },
    "spectral_rolloff": {
        "max": 9345.41015625,
        "mean": 954.961791992,
        "min": 215.33203125,
        "stdev": 1249.91687012
    },
    "spectral_skewness": {
        "max": 6.55946540833,
        "mean": 2.38734745979,
        "min": 0.14734941721,
        "stdev": 1.07294797897
    },
    "spectral_spread": {
        "max": 13777393,
        "mean": 3728425.25,
        "min": 963629.5625,
        "stdev": 1707028.875
    },
    "spectral_strongpeak": {
        "max": 8.66933345795,
        "mean": 1.19469261169,
        "min": 0.0346333086491,
        "stdev": 0.959089338779
    },
    "zerocrossingrate": {
        "max": 0.265625,
        "mean": 0.0363987348974,
        "min": 0.001953125,
        "stdev": 0.0316017866135
    },
    "barkbands": {
        "max": [0.000458349299151, 0.00435894960538, 0.00968345068395, 0.0183668490499, 0.0756345167756, 0.0550636723638, 0.0230636298656, 0.0357964076102, 0.0212415661663, 0.0347473546863, 0.0241532325745, 0.0130016189069, 0.0175471864641, 0.0200835876167, 0.00871202722192, 0.00681695342064, 0.00300965621136, 0.00992438476533, 0.0032963026315, 0.00189859094098, 0.00320147234015, 0.00129578390624, 0.00306233740412, 0.00293945614249, 0.00118340936024, 0.000455311208498, 3.05697039948e-06],
        "mean": [1.60305226018e-05, 0.000447607744718, 0.000877506041434, 0.000657625088934, 0.0124166123569, 0.00228023366071, 0.00127367675304, 0.00119147018995, 0.00148031231947, 0.000984494574368, 0.000711114262231, 0.000346804125002, 0.000511362741236, 0.000626526947599, 0.000300291198073, 0.00018277511117, 0.000125178456074, 0.000327222922351, 0.000198283611098, 6.77496645949e-05, 0.000163851567777, 5.8871886722e-05, 5.45765833522e-05, 6.67840067763e-05, 3.56185046257e-05, 7.44165208744e-06, 3.92877419486e-09],
        "min": [1.90102333875e-08, 9.34050888191e-07, 1.65855922774e-07, 2.12790428122e-06, 7.72532439441e-05, 5.66062681173e-06, 2.26243673751e-06, 1.80595327492e-06, 8.84246674104e-06, 4.13622001361e-06, 3.87728050555e-06, 9.669361134e-07, 1.11881206522e-06, 3.1450986171e-06, 1.07526568627e-06, 8.21256890049e-07, 3.449044641e-07, 1.37213390872e-07, 6.2349975849e-08, 8.17889684868e-08, 4.52112587368e-08, 2.03378096586e-08, 1.98674552365e-08, 8.45552960982e-09, 2.32040209269e-09, 2.88041257512e-10, 3.0506361326e-10],
        "stdev": [3.0135977795e-05, 0.000632744282484, 0.00133281981107, 0.00175806111656, 0.0120993880555, 0.00574453733861, 0.00252215354703, 0.00229326123372, 0.00276953401044, 0.0024490270298, 0.00170710636303, 0.000896496523637, 0.00146323186345, 0.00181006710045, 0.000934493960813, 0.000498434586916, 0.000298838072922, 0.000937745033298, 0.0004401182523, 0.000173176085809, 0.000329383270582, 0.000131755834445, 0.000212978557101, 0.00024444545852, 0.000104450569779, 2.96886191791e-05, 8.20112333599e-08]
    },
    "erbbands": {
        "max": [0.0430397167802, 1.27918052673, 11.0999355316, 26.7136802673, 195.694671631, 327.627380371, 301.051025391, 556.487670898, 176.003707886, 812.424560547, 329.648162842, 655.263122559, 1004.85644531, 460.903259277, 827.41784668, 369.428924561, 874.214233398, 904.518188477, 738.828125, 595.868286133, 224.616500854, 150.739028931, 456.570739746, 382.695648193, 101.727867126, 84.5852203369, 81.7839508057, 111.270599365, 43.3950042725, 72.1889724731, 102.479812622, 63.7554893494, 52.1175346375, 19.0615463257, 6.69082927704, 3.11289143562, 0.679232001305, 0.0134522467852, 0.00046948689851, 9.27969012992e-05],
        "mean": [0.00344454683363, 0.147352218628, 1.06404078007, 1.67740797997, 25.9730377197, 42.788318634, 20.6182727814, 22.2587585449, 15.8736753464, 28.7050971985, 22.438041687, 30.5879859924, 41.1510047913, 21.2891521454, 25.7366256714, 14.6765270233, 23.7476158142, 28.1009635925, 21.2283725739, 14.754901886, 9.29171466827, 7.36456441879, 15.3911104202, 16.5978069305, 5.79689359665, 3.48997759819, 4.9159655571, 6.72846412659, 2.36888599396, 1.53370606899, 1.576790452, 1.39705371857, 1.07458150387, 0.511709928513, 0.194334000349, 0.0612848624587, 0.00786194577813, 0.000195675369469, 2.29942706937e-05, 3.07843802148e-05],
        "min": [9.89225954982e-05, 0.000496331311297, 0.00629898812622, 0.0863370671868, 0.137596800923, 0.298465132713, 0.408162951469, 0.113085977733, 0.0737136080861, 0.0250038653612, 0.0799939632416, 0.187036946416, 0.154478728771, 0.222750499845, 0.191979572177, 0.0312318429351, 0.0421635918319, 0.204689800739, 0.138621389866, 0.0885514765978, 0.049128241837, 0.0299880616367, 0.0120380083099, 0.0050374600105, 0.00375096150674, 0.00439330469817, 0.00265671615489, 0.00155730347615, 0.000812813290395, 0.00082966563059, 0.000421467266278, 0.000276996259345, 6.23663363513e-05, 3.92417787225e-05, 1.79782200576e-05, 4.61484978587e-06, 1.52271820753e-06, 3.61368876156e-07, 1.29945954086e-06, 2.89317745228e-06],
        "stdev": [0.00399421202019, 0.209949240088, 1.5784714222, 2.52284502983, 31.1923656464, 49.5875282288, 34.5357246399, 53.8635826111, 20.0902328491, 58.0013084412, 31.8373527527, 60.4193305969, 87.2695922852, 42.7184906006, 58.0597000122, 33.0759658813, 68.5390853882, 75.6209487915, 62.5979957581, 42.7372245789, 21.4393310547, 16.3849906921, 41.7992553711, 38.6146659851, 12.6926422119, 8.81784915924, 10.8566904068, 14.154507637, 4.67953252792, 5.28442811966, 6.51735258102, 5.35517835617, 3.79611515999, 1.55449461937, 0.584256827831, 0.219275131822, 0.0345183648169, 0.000767841469496, 3.67189131794e-05, 1.84181371878e-05]
    },
    "gfcc": {
        "mean": [-53.3336181641, 132.565887451, -120.925636292, 14.6745643616, -76.790977478, 6.50541687012, -49.5159263611, -8.04270935059, -30.6666660309, -13.5781526566, -15.6009225845, -13.4348011017, -4.56016159058],
        "cov": [[4439.21533203, -2479.63964844, -696.499572754, 412.042022705, -713.300415039, 27.0372219086, -454.243743896, 381.381530762, -413.750976562, 451.17300415, -339.768981934, 135.133651733, -18.7656154633], [-2479.63964844, 1994.39770508, 138.688018799, -338.244812012, 568.983825684, -33.7932281494, 454.655273438, -219.571212769, 342.760925293, -291.780090332, 303.918823242, -126.111625671, 44.3392410278], [-696.499572754, 138.688018799, 1144.04418945, -159.806472778, -30.5786933899, 275.834259033, -169.470809937, 25.3870506287, 29.3395004272, 81.4667358398, -85.5239486694, 34.1298103333, -94.5419311523], [412.042022705, -338.244812012, -159.806472778, 344.484863281, -88.0108566284, -58.5072669983, -0.541055560112, -6.61717891693, 28.2501220703, 8.84049129486, -20.8132858276, 17.3820476532, 16.3342895508], [-713.300415039, 568.983825684, -30.5786933899, -88.0108566284, 320.688598633, -4.46196317673, 115.142097473, -59.5088157654, 64.8721084595, -87.7047576904, 59.2953338623, -33.3313827515, 5.27993011475], [27.0372219086, -33.7932281494, 275.834259033, -58.5072669983, -4.46196317673, 262.640777588, -8.26764965057, 62.4940910339, 4.57866096497, 19.8347034454, -22.3009986877, -9.77484035492, -37.8496322632], [-454.243743896, 454.655273438, -169.470809937, -0.541055560112, 115.142097473, -8.26764965057, 291.229797363, -32.498134613, 70.310798645, -92.8428268433, 101.145729065, -22.8824996948, 11.0178232193], [381.381530762, -219.571212769, 25.3870506287, -6.61717891693, -59.5088157654, 62.4940910339, -32.498134613, 148.298294067, -49.8438835144, 49.2062454224, -18.272731781, 1.58543121815, -20.2694034576], [-413.750976562, 342.760925293, 29.3395004272, 28.2501220703, 64.8721084595, 4.57866096497, 70.310798645, -49.8438835144, 202.688934326, -17.2576370239, 50.4852027893, -18.1117305756, 8.09330940247], [451.17300415, -291.780090332, 81.4667358398, 8.84049129486, -87.7047576904, 19.8347034454, -92.8428268433, 49.2062454224, -17.2576370239, 201.928924561, -39.2122955322, 32.1314163208, -14.7489051819], [-339.768981934, 303.918823242, -85.5239486694, -20.8132858276, 59.2953338623, -22.3009986877, 101.145729065, -18.272731781, 50.4852027893, -39.2122955322, 155.369003296, -23.8763446808, 13.287733078], [135.133651733, -126.111625671, 34.1298103333, 17.3820476532, -33.3313827515, -9.77484035492, -22.8824996948, 1.58543121815, -18.1117305756, 32.1314163208, -23.8763446808, 87.5214309692, -8.52157020569], [-18.7656154633, 44.3392410278, -94.5419311523, 16.3342895508, 5.27993011475, -37.8496322632, 11.0178232193, -20.2694034576, 8.09330940247, -14.7489051819, 13.287733078, -8.52157020569, 86.4713973999]],
        "icov": [[0.00133273622487, 0.000190582228242, 0.00134923344012, -0.000637964752968, 0.00117469625548, -0.00109908496961, 0.000771419552621, -0.00132160016801, 0.00086969678523, -0.00151715881657, 0.00116305146366, -0.000553469348233, 0.000252841797192], [0.000190582228242, 0.00936213042587, -0.00333274621516, 0.00645973626524, -0.00729595730081, 0.00416868878528, -0.007237712387, 0.00273552257568, -0.00814941339195, 0.00389085849747, -0.00595515733585, 0.00392011879012, -0.00306180305779], [0.00134923344012, -0.00333274621516, 0.00425080489367, -0.00257448386401, 0.00406589312479, -0.00422110781074, 0.00443186704069, -0.00186711549759, 0.00341229327023, -0.00315636070445, 0.00368684320711, -0.00266266614199, 0.00235063815489], [-0.000637964752968, 0.00645973626524, -0.00257448386401, 0.00858693569899, -0.0046038934961, 0.00386031880043, -0.00564181338996, 0.00272757397033, -0.00738764880225, 0.00379928713664, -0.00405041547492, 0.00248734187335, -0.00235153315589], [0.00117469625548, -0.00729595730081, 0.00406589312479, -0.0046038934961, 0.011550962925, -0.00443617627025, 0.00552017940208, -0.00245987134986, 0.00653425371274, -0.0036336092744, 0.00577021669596, -0.00305744353682, 0.00296468706802], [-0.00109908496961, 0.00416868878528, -0.00422110781074, 0.00386031880043, -0.00443617627025, 0.00910305045545, -0.00509207742289, -0.000108386928332, -0.00488381786272, 0.00324633764103, -0.00303852278739, 0.0034499077592, -0.00102383457124], [0.000771419552621, -0.007237712387, 0.00443186704069, -0.00564181338996, 0.00552017940208, -0.00509207742289, 0.0121277766302, -0.00303237326443, 0.00589897437021, -0.00253259623423, 0.0029706992209, -0.00420447206125, 0.00311293406412], [-0.00132160016801, 0.00273552257568, -0.00186711549759, 0.00272757397033, -0.00245987134986, -0.000108386928332, -0.00303237326443, 0.0117342537269, -0.0015247205738, 0.00101700751111, -0.00348543608561, 0.00258433655836, 0.000100063371065], [0.00086969678523, -0.00814941339195, 0.00341229327023, -0.00738764880225, 0.00653425371274, -0.00488381786272, 0.00589897437021, -0.0015247205738, 0.0146224582568, -0.00557093694806, 0.00470837764442, -0.00283432356082, 0.00252638477832], [-0.00151715881657, 0.00389085849747, -0.00315636070445, 0.00379928713664, -0.0036336092744, 0.00324633764103, -0.00253259623423, 0.00101700751111, -0.00557093694806, 0.0103356381878, -0.00391358602792, 0.000577331520617, -0.00134646112565], [0.00116305146366, -0.00595515733585, 0.00368684320711, -0.00405041547492, 0.00577021669596, -0.00303852278739, 0.0029706992209, -0.00348543608561, 0.00470837764442, -0.00391358602792, 0.0141796246171, -0.00186183850747, 0.00175357970875], [-0.000553469348233, 0.00392011879012, -0.00266266614199, 0.00248734187335, -0.00305744353682, 0.0034499077592, -0.00420447206125, 0.00258433655836, -0.00283432356082, 0.000577331520617, -0.00186183850747, 0.0151904635131, -0.000526135205291], [0.000252841797192, -0.00306180305779, 0.00235063815489, -0.00235153315589, 0.00296468706802, -0.00102383457124, 0.00311293406412, 0.000100063371065, 0.00252638477832, -0.00134646112565, 0.00175357970875, -0.000526135205291, 0.0144138112664]]
    },
    "melbands": {
        "max": [0.000821728084702, 0.00397725589573, 0.00772097567096, 0.0202694237232, 0.0105348136276, 0.0106940511614, 0.00335033214651, 0.00954707432538, 0.00355772208422, 0.00396510073915, 0.00537316687405, 0.00196096044965, 0.00374872260727, 0.00170033925679, 0.00208666548133, 0.00146602652967, 0.00167763966601, 0.00157657428645, 0.000778841262218, 0.000628235982731, 0.000248189229751, 0.000149290804984, 0.00031712569762, 0.00064347370062, 0.000336408033036, 0.000114746406325, 6.38113997411e-05, 6.85931081534e-05, 6.27978370176e-05, 0.0001692603837, 7.34708883101e-05, 2.39484052145e-05, 3.50532282027e-05, 4.18958516093e-05, 6.53974566376e-05, 5.67767565371e-05, 4.21547556471e-05, 4.2788364226e-05, 2.47382577072e-05, 1.28699903144e-05],
        "mean": [7.1425580245e-05, 0.000402378413128, 0.000897307298146, 0.0028507031966, 0.000945430248976, 0.000470869999845, 0.000243743968895, 0.000317663390888, 0.000189326354302, 0.000198926078156, 0.000205010728678, 8.29418495414e-05, 9.40871104831e-05, 4.32538072346e-05, 4.95759668411e-05, 4.66610072181e-05, 5.53483478143e-05, 3.8821639464e-05, 2.45390456257e-05, 1.54832669068e-05, 9.34828130994e-06, 6.815424058e-06, 9.99020721792e-06, 1.77004294528e-05, 1.34147003337e-05, 5.22507252754e-06, 2.42937335315e-06, 2.19897310672e-06, 2.56216731032e-06, 4.05155969929e-06, 3.82516645914e-06, 1.39800113175e-06, 7.94635639068e-07, 8.63055504396e-07, 9.10816709165e-07, 8.82441270278e-07, 8.46948296385e-07, 7.90358512859e-07, 6.23938660738e-07, 3.65658650026e-07],
        "min": [5.83909809393e-07, 1.47112316995e-07, 2.90178704745e-05, 1.22482488223e-05, 1.83711708814e-05, 1.2973802086e-06, 9.64172386375e-07, 2.56464971926e-07, 8.76353794865e-07, 1.17087597573e-06, 6.83945017954e-07, 4.73045844274e-07, 7.84517112606e-07, 1.67686209807e-07, 2.61406842839e-08, 1.94310089796e-07, 3.03173294469e-07, 1.554018354e-07, 9.553109237e-08, 6.17095992084e-08, 4.22756478713e-08, 2.09472652557e-08, 1.28940493838e-08, 7.31192573156e-09, 3.55259044404e-09, 2.03611572047e-09, 2.40809372443e-09, 2.26199903253e-09, 1.78289405461e-09, 8.61075932779e-10, 7.18276049749e-10, 2.87439211322e-10, 3.9692601983e-10, 4.60572080474e-10, 2.63973259917e-10, 1.32105645867e-10, 1.24075971719e-10, 3.53932681774e-11, 3.37294914221e-11, 1.00148517951e-11],
        "stdev": [9.52055343078e-05, 0.000583893619478, 0.00110665848479, 0.00292826909572, 0.00140589405783, 0.00112409912981, 0.000371928064851, 0.000624766980764, 0.00030056736432, 0.000399671145715, 0.000447444384918, 0.000181730632903, 0.0002215878485, 0.000100378099887, 0.000158394643222, 0.000117735253298, 0.000156790905748, 0.00012933043763, 7.93750659795e-05, 4.42998898507e-05, 2.20905349124e-05, 1.65396741068e-05, 2.75236743619e-05, 5.29107601324e-05, 3.17341073242e-05, 1.25063625092e-05, 6.03225544182e-06, 6.46360831524e-06, 6.58147610011e-06, 1.01204632301e-05, 8.31157285575e-06, 2.78738366433e-06, 2.58032491729e-06, 3.12771021527e-06, 3.93530444853e-06, 3.50145000994e-06, 3.32875447384e-06, 3.00869783132e-06, 1.96149358089e-06, 1.10750647764e-06]
    },
    "melbands128": {
        "max": [0.00024203225621, 0.000297255144687, 0.000986084225588, 0.00269994372502, 0.00635782908648, 0.00363703211769, 0.00345206819475, 0.0118002248928, 0.024422345683, 0.0378742218018, 0.0244678780437, 0.0235182084143, 0.01200955268, 0.015724003315, 0.0179282072932, 0.0114374877885, 0.00290882913396, 0.00400651060045, 0.00958109274507, 0.012300459668, 0.0137037159875, 0.00381355592981, 0.00419838028029, 0.00683896290138, 0.00754785351455, 0.00681546749547, 0.00614233966917, 0.00696790125221, 0.010440739803, 0.00440170615911, 0.00186799024232, 0.0071977339685, 0.00736372545362, 0.00481517333537, 0.00350389047526, 0.00137822283432, 0.00189391430467, 0.0032497656066, 0.00477297976613, 0.00436872337013, 0.00177206995431, 0.00368987396359, 0.00357860932127, 0.00461650034413, 0.00352884898894, 0.00266879959963, 0.00111022091005, 0.00193699391093, 0.00196045683697, 0.00201373570599, 0.000892069016118, 0.000622139079496, 0.000609809940215, 0.000505099946167, 0.000390832283301, 0.000334508193191, 0.00026753655402, 0.000483368639834, 0.000645644555334, 0.000578500214033, 0.0011634612456, 0.000970890047029, 0.000849347910844, 0.000280886684777, 0.000370140012819, 0.000217979875742, 0.000143481665873, 0.000192181541934, 6.82282116031e-05, 6.71859015711e-05, 0.00014084141003, 0.00012295684428, 0.000128967687488, 0.000100128228951, 0.000127062317915, 0.000273350509815, 0.000221534384764, 0.000188451464055, 0.00013722346921, 7.96191161498e-05, 2.87764687528e-05, 3.22038977174e-05, 3.24135362462e-05, 4.47955317213e-05, 4.80479066027e-05, 5.12694423378e-05, 4.14350724895e-05, 6.57865602989e-05, 7.05493148416e-05, 8.6152649601e-05, 9.10603121156e-05, 4.29315950896e-05, 6.03568441875e-05, 6.109214155e-05, 5.15531719429e-05, 6.50790971122e-05, 3.2361898775e-05, 3.44120671798e-05, 3.20001854561e-05, 2.62269622908e-05, 1.6234414943e-05, 1.41149812407e-05, 1.47308583109e-05, 8.35258560983e-06, 1.06211073216e-05, 8.43702036946e-06, 5.86120722801e-06, 9.94524361886e-06, 5.10918789587e-06, 4.26968836109e-06, 4.82843415739e-06, 7.24350684322e-06, 9.73936266746e-07, 2.9057497386e-07, 1.03106671645e-07, 2.89895432104e-08, 1.52645736051e-08, 1.46284984126e-08, 1.40971216922e-08, 1.3619389172e-08, 1.32318662693e-08, 1.27862955779e-08, 1.24471020158e-08, 1.21939471853e-08, 1.2047895126e-08, 1.18523777459e-08, 1.17106031539e-08, 1.1635321151e-08],
        "mean": [8.93889409781e-06, 1.27606990645e-05, 3.4449112718e-05, 0.000295107951388, 0.000613029231317, 0.000328194495523, 0.000128304149257, 0.000453382410342, 0.00280632381327, 0.0039825248532, 0.00215970305726, 0.00138197478373, 0.000516079599038, 0.000517519307323, 0.000599166494794, 0.000370365480194, 0.000255472026765, 0.000186297722394, 0.0002736999013, 0.000342709419783, 0.000381801364711, 0.000152582040755, 0.000145588783198, 0.000252584752161, 0.000165550154634, 0.000208294019103, 0.000205689590075, 0.000259982742136, 0.000153465036419, 5.11390680913e-05, 6.44092506263e-05, 0.000121717035654, 9.26857246668e-05, 9.04634143808e-05, 5.20839676028e-05, 2.53439775406e-05, 3.11398944177e-05, 4.48349092039e-05, 7.13396584615e-05, 5.25819850736e-05, 3.55292650056e-05, 4.61397721665e-05, 4.48531318398e-05, 7.44573626434e-05, 5.87198774156e-05, 2.83900699287e-05, 1.61934676726e-05, 3.23659114656e-05, 2.54719361692e-05, 1.35022592076e-05, 1.47984274008e-05, 1.69423728948e-05, 9.65784511209e-06, 5.9968115238e-06, 8.14885243017e-06, 6.19553520664e-06, 5.94736093262e-06, 1.03702632259e-05, 1.01628493212e-05, 1.14146923806e-05, 2.22168109758e-05, 1.71276533365e-05, 1.82145431609e-05, 1.19903124869e-05, 6.53837787468e-06, 5.89005230722e-06, 3.49469564753e-06, 2.92465097118e-06, 1.84520308721e-06, 2.34294179791e-06, 2.25800908993e-06, 2.25152712119e-06, 1.88924184386e-06, 2.55484587797e-06, 3.28573469233e-06, 4.05375476475e-06, 4.09697258874e-06, 4.93568904858e-06, 4.13202360505e-06, 2.56764883488e-06, 1.4566627442e-06, 1.00853571894e-06, 7.86300972777e-07, 7.69501980358e-07, 7.89296620951e-07, 8.26490520467e-07, 8.96404287687e-07, 9.26478094243e-07, 9.25529491269e-07, 8.74378542903e-07, 9.19659100873e-07, 8.52016569297e-07, 8.78486730471e-07, 8.3076406554e-07, 8.32635294046e-07, 8.9194014663e-07, 7.38279936741e-07, 7.26317352928e-07, 6.79270215187e-07, 5.63398032227e-07, 4.18689438675e-07, 3.30381539015e-07, 3.02682423126e-07, 2.41505375698e-07, 2.06280603265e-07, 2.01290461632e-07, 1.55819577685e-07, 1.27154251572e-07, 9.69566400499e-08, 8.07288031979e-08, 6.36425383505e-08, 4.45593038023e-08, 5.11956166349e-09, 1.41474498783e-09, 2.39091552112e-10, 7.67031160809e-11, 3.11627564031e-11, 1.78077205759e-11, 1.78744762047e-11, 1.64245127915e-11, 1.58719148935e-11, 1.54012323728e-11, 1.50978708702e-11, 1.47562465719e-11, 1.41132045287e-11, 1.31020316124e-11, 1.2544311076e-11, 1.24094389278e-11],
        "min": [2.10325046268e-09, 2.4987320657e-08, 1.40306241292e-07, 1.017650888e-07, 1.62357679301e-07, 5.5136986532e-08, 3.42843549106e-07, 7.66068978919e-07, 4.2698075049e-06, 8.38778487378e-06, 7.03478599462e-06, 2.54894302998e-06, 2.01416423806e-06, 3.15512835414e-07, 6.31780096683e-07, 3.11931188435e-07, 6.75427372698e-07, 4.32007595919e-07, 2.34863961168e-07, 4.04990174729e-08, 3.07055273652e-07, 2.75684698181e-07, 5.94571986312e-07, 4.67044088737e-07, 3.45615831066e-07, 2.95507817327e-07, 1.80649095682e-07, 1.56284315267e-07, 2.65020076995e-07, 1.79696684199e-07, 7.03176112893e-08, 1.37694897262e-07, 2.04720009833e-07, 2.58894857552e-07, 8.29685475878e-08, 5.52362777739e-08, 3.45175337202e-08, 1.45253045147e-08, 3.73061652681e-08, 1.85133171016e-08, 6.28201490827e-08, 7.84335369985e-08, 4.69156518079e-08, 5.63376367779e-08, 3.08289145323e-08, 2.33174830555e-08, 3.95872596926e-08, 9.08925024135e-09, 2.08545483105e-08, 6.16214013149e-09, 1.09691526973e-08, 3.80454032722e-08, 1.31273871773e-08, 1.377219494e-08, 7.66203456237e-09, 9.58554924324e-09, 6.6434946433e-09, 2.64417865381e-09, 4.68060790126e-09, 4.29540758518e-09, 4.75766892549e-09, 1.0000581474e-09, 1.37094791075e-09, 9.24812337821e-10, 1.15878984186e-09, 7.77476860669e-10, 1.21027721178e-09, 8.21580414812e-10, 7.42922334762e-10, 1.28373200958e-09, 5.10923969799e-10, 1.09549827543e-10, 6.71625144388e-10, 5.98305072153e-10, 2.2848595238e-10, 2.44812004002e-10, 8.25813917249e-10, 1.62526492264e-10, 5.74633014783e-11, 1.51488391276e-10, 1.44411774206e-10, 3.14993517381e-11, 4.42542669177e-11, 1.501851421e-11, 5.20545308247e-11, 6.71712893641e-11, 2.27398322394e-10, 1.33660110757e-10, 4.49536068092e-11, 6.47556175348e-11, 9.34723045493e-12, 1.49325985604e-11, 2.07964808568e-11, 2.0197980441e-11, 9.5255634977e-12, 5.1364021543e-12, 5.64761822378e-12, 6.5860554857e-12, 1.76763950699e-11, 6.40562516224e-12, 1.15770023776e-11, 3.37096778442e-12, 3.39450147678e-12, 3.5504082313e-12, 1.34336530615e-12, 1.89580989796e-12, 2.2248244913e-12, 8.18734999502e-13, 1.09507606975e-12, 8.83265628606e-13, 7.96300146048e-13, 1.17293089304e-12, 6.93317256904e-13, 6.23938455156e-13, 8.60953832098e-13, 8.55688566878e-13, 7.69994799258e-13, 9.60198500571e-13, 8.29614317781e-13, 7.91264731688e-13, 9.48664215759e-13, 8.50323284007e-13, 9.17009415451e-13, 1.01776009495e-12, 6.34565154329e-13, 2.13410764212e-13, 3.53102523078e-14, 9.15562889006e-16],
        "stdev": [1.67486887221e-05, 1.87157002074e-05, 6.22976731393e-05, 0.000432532106061, 0.000937162723858, 0.000492207123898, 0.000319547049003, 0.00120078690816, 0.00370048126206, 0.00485279224813, 0.00347043201327, 0.00274198269472, 0.0011893468909, 0.00168801110703, 0.00163759954739, 0.00106245907955, 0.000312183983624, 0.000330510200001, 0.000959359516855, 0.000846593698952, 0.000916847086046, 0.000318343780236, 0.000325886445353, 0.000640627113171, 0.0005428903969, 0.000621809856966, 0.000615576573182, 0.00072313984856, 0.000555052945856, 0.000221608715947, 0.000189226615475, 0.000430046551628, 0.000320769846439, 0.000309818802634, 0.00018928317877, 7.08988736733e-05, 0.000130225031171, 0.00020423924434, 0.00032054935582, 0.000220319299842, 0.00012107641669, 0.000208363111597, 0.00020653156389, 0.000281056738459, 0.000250885292189, 0.000168387719896, 7.53710774006e-05, 0.000142932665767, 0.000109379194328, 7.76685919845e-05, 5.7767771068e-05, 5.21100446349e-05, 3.6008637835e-05, 2.23851984629e-05, 3.03996603179e-05, 2.17115666601e-05, 1.85069402505e-05, 3.31901865138e-05, 4.22953380621e-05, 4.45594123448e-05, 8.39395579533e-05, 6.56191041344e-05, 6.35570904706e-05, 3.18057936965e-05, 2.53747693932e-05, 1.70792372955e-05, 1.04067803477e-05, 1.19969963635e-05, 5.61781143915e-06, 7.1104404924e-06, 9.10222570383e-06, 8.08649474493e-06, 6.68879602017e-06, 8.08403274277e-06, 9.66956213233e-06, 1.49293182403e-05, 1.19114120025e-05, 1.38959730975e-05, 1.04001001091e-05, 5.58263445782e-06, 3.21643119605e-06, 2.45885780714e-06, 2.29589704759e-06, 2.82430096377e-06, 3.09774554808e-06, 3.1153792861e-06, 3.22683195009e-06, 3.90360219171e-06, 4.2833594307e-06, 4.18276476921e-06, 4.16557713834e-06, 3.37275582751e-06, 3.87961108572e-06, 3.46163619724e-06, 3.36735388373e-06, 3.96559016735e-06, 2.86672639049e-06, 2.5237659429e-06, 2.19614412345e-06, 1.87648640804e-06, 1.35587583827e-06, 1.03407671759e-06, 9.70182668425e-07, 7.19992726772e-07, 6.82526604123e-07, 6.90133731496e-07, 5.02413058712e-07, 5.37065943718e-07, 3.65712338635e-07, 3.30848678232e-07, 3.08612044364e-07, 2.61838749793e-07, 3.37506627091e-08, 1.30883544003e-08, 3.71824215861e-09, 9.14965603283e-10, 4.73210581831e-10, 3.91733562255e-10, 3.77510050997e-10, 3.64708679923e-10, 3.54347606812e-10, 3.42446293544e-10, 3.3338118377e-10, 3.26607518808e-10, 3.22682047749e-10, 3.17459669663e-10, 3.13685688536e-10, 3.11676462417e-10]
    },
    "mfcc": {
        "mean": [-694.01385498, 160.319900513, 7.62369394302, 5.7873249054, -5.09533262253, -0.276044726372, -8.01793575287, -5.79437971115, -9.08717918396, -9.87642765045, -7.21612644196, -8.45026874542, -15.3180818558],
        "cov": [[5136.17675781, -2747.26367188, -551.824157715, 78.407585144, -350.706634521, -353.019226074, -74.5163650513, -370.93560791, 74.6661911011, -123.264442444, 108.563148499, -93.5096817017, -428.306243896], [-2747.26367188, 2139.28759766, -43.713470459, -110.349372864, 163.56312561, 201.662628174, 141.36869812, 250.778594971, -16.1348056793, 87.4882965088, 41.4749641418, 55.1629257202, 244.536880493], [-551.824157715, -43.713470459, 973.686950684, -191.569839478, 145.213165283, 92.2436294556, -90.3233566284, -3.94316792488, 22.8483905792, 81.4241104126, -33.3741340637, 78.1706085205, 93.2145996094], [78.407585144, -110.349372864, -191.569839478, 312.193664551, -66.5436096191, 7.07068490982, -57.7868232727, -1.9333190918, -5.84632921219, -22.1136264801, -35.8520889282, 11.6106948853, 23.9738960266], [-350.706634521, 163.56312561, 145.213165283, -66.5436096191, 222.339538574, 28.3293743134, -12.5347156525, 0.253014743328, 19.9834518433, 23.5314979553, -29.526802063, 34.4612617493, 21.6086711884], [-353.019226074, 201.662628174, 92.2436294556, 7.07068490982, 28.3293743134, 189.557861328, -22.6761474609, 59.3817062378, 29.3016433716, 33.4546585083, -8.86353969574, 41.7397842407, 55.5686645508], [-74.5163650513, 141.36869812, -90.3233566284, -57.7868232727, -12.5347156525, -22.6761474609, 237.212493896, 55.4516143799, -12.3552522659, 0.300062566996, 51.8537712097, -32.6330184937, -8.17216587067], [-370.93560791, 250.778594971, -3.94316792488, -1.9333190918, 0.253014743328, 59.3817062378, 55.4516143799, 206.808074951, -4.63016748428, 11.114821434, 25.0428180695, -13.7096738815, 36.5928001404], [74.6661911011, -16.1348056793, 22.8483905792, -5.84632921219, 19.9834518433, 29.3016433716, -12.3552522659, -4.63016748428, 124.444862366, -4.19076156616, -5.69613265991, 33.5627632141, -4.66450881958], [-123.264442444, 87.4882965088, 81.4241104126, -22.1136264801, 23.5314979553, 33.4546585083, 0.300062566996, 11.114821434, -4.19076156616, 139.668365479, 12.5431985855, 7.42912960052, 43.4542961121], [108.563148499, 41.4749641418, -33.3741340637, -35.8520889282, -29.526802063, -8.86353969574, 51.8537712097, 25.0428180695, -5.69613265991, 12.5431985855, 148.912780762, 6.0499830246, -38.5506019592], [-93.5096817017, 55.1629257202, 78.1706085205, 11.6106948853, 34.4612617493, 41.7397842407, -32.6330184937, -13.7096738815, 33.5627632141, 7.42912960052, 6.0499830246, 119.367858887, 21.9772510529], [-428.306243896, 244.536880493, 93.2145996094, 23.9738960266, 21.6086711884, 55.5686645508, -8.17216587067, 36.5928001404, -4.66450881958, 43.4542961121, -38.5506019592, 21.9772510529, 172.907745361]],
        "icov": [[0.00109096744563, 0.00140416889917, 0.000784339383245, 0.000674981623888, 0.00038171838969, 0.000169083228684, 4.66992350994e-05, 0.000312396587105, -0.000656970194541, -0.0003095108259, -0.000836775638163, -0.000236380001297, -6.22808438493e-05], [0.00140416889917, 0.00259926589206, 0.00133543706033, 0.00126782571897, -4.87327160954e-05, -0.000248187221587, -0.000134895584779, -0.000156868787599, -0.000604331027716, -0.000402786216, -0.00135038781445, -0.000582923239563, -0.00112291087862], [0.000784339383245, 0.00133543706033, 0.00221437774599, 0.00168066145852, -0.000351541704731, -0.000348273577401, 0.000594463897869, 4.06204571846e-06, -0.000270241551334, -0.000614637392573, -0.00053432257846, -0.000895871431567, -0.00104757142253], [0.000674981623888, 0.00126782571897, 0.00168066145852, 0.005156846717, 0.00106232985854, -0.000294269499136, 0.00116298673674, -0.000351463677362, 1.95882348635e-05, 4.25952348451e-05, 0.000304034620058, -0.00134730921127, -0.00142208847683], [0.00038171838969, -4.87327160954e-05, -0.000351541704731, 0.00106232985854, 0.00609920080751, 0.000262671586825, 6.95645576343e-05, 0.000277704617474, -0.000721279007848, -0.000686659128405, 0.00135123648215, -0.00131926382892, 0.000776617438532], [0.000169083228684, -0.000248187221587, -0.000348273577401, -0.000294269499136, 0.000262671586825, 0.00762568088248, 0.000777610344812, -0.00182696082629, -0.00150853476953, -0.00107694568578, 0.00029602140421, -0.00165734114125, -0.000555153004825], [4.66992350994e-05, -0.000134895584779, 0.000594463897869, 0.00116298673674, 6.95645576343e-05, 0.000777610344812, 0.00557779567316, -0.00116347079165, -9.11110619199e-05, 3.47137865901e-05, -0.0014033614425, 0.000856044527609, -0.000356892880518], [0.000312396587105, -0.000156868787599, 4.06204571846e-06, -0.000351463677362, 0.000277704617474, -0.00182696082629, -0.00116347079165, 0.006731887348, -0.00018329701561, 0.000340624217642, -0.0012640125351, 0.00154034583829, -0.000453157350421], [-0.000656970194541, -0.000604331027716, -0.000270241551334, 1.95882348635e-05, -0.000721279007848, -0.00150853476953, -9.11110619199e-05, -0.00018329701561, 0.00955171603709, 0.00059033150319, 0.000982153927907, -0.00225213891827, 0.000594268494751], [-0.0003095108259, -0.000402786216, -0.000614637392573, 4.25952348451e-05, -0.000686659128405, -0.00107694568578, 3.47137865901e-05, 0.000340624217642, 0.00059033150319, 0.00858146231622, -0.00131474994123, 0.000706478545908, -0.00203376938589], [-0.000836775638163, -0.00135038781445, -0.00053432257846, 0.000304034620058, 0.00135123648215, 0.00029602140421, -0.0014033614425, -0.0012640125351, 0.000982153927907, -0.00131474994123, 0.00958197657019, -0.00192124035675, 0.00275757350028], [-0.000236380001297, -0.000582923239563, -0.000895871431567, -0.00134730921127, -0.00131926382892, -0.00165734114125, 0.000856044527609, 0.00154034583829, -0.00225213891827, 0.000706478545908, -0.00192124035675, 0.0113833677024, -0.000792902952526], [-6.22808438493e-05, -0.00112291087862, -0.00104757142253, -0.00142208847683, 0.000776617438532, -0.000555153004825, -0.000356892880518, -0.000453157350421, 0.000594268494751, -0.00203376938589, 0.00275757350028, -0.000792902952526, 0.00938230287284]]
    },
    "spectral_contrast_coeffs": {
        "max": [-0.250896811485, -0.514569997787, -0.506931066513, -0.55717587471, -0.516955316067, -0.544129788876],
        "mean": [-0.56172811985, -0.732696950436, -0.746178150177, -0.77271091938, -0.768285095692, -0.733527243137],
        "min": [-0.842900454998, -0.89081299305, -0.913503289223, -0.903062641621, -0.89967083931, -0.871951878071],
        "stdev": [0.0863386765122, 0.0642958134413, 0.078074298799, 0.0684207826853, 0.0747712180018, 0.0674679875374]
    },
    "spectral_contrast_valleys": {
        "max": [-5.95591115952, -5.19687747955, -6.06030893326, -6.24211740494, -6.52707529068, -7.84901666641],
        "mean": [-7.28470802307, -6.68759918213, -7.5422296524, -8.21283912659, -8.79044628143, -11.5408906937],
        "min": [-10.2898731232, -8.44268512726, -9.0179309845, -9.80797672272, -10.7786769867, -14.3539218903],
        "stdev": [0.524098217487, 0.45769315958, 0.499944776297, 0.554593682289, 0.80863493681, 1.20000183582]
    }
},
"rhythm": {
    "beats_count": 43,
    "beats_loudness": {
        "max": 0.0559796616435,
        "mean": 0.0306393764913,
        "min": 0.00496342871338,
        "stdev": 0.0140318823978
    },
    "bpm": 81.2616577148,
    "bpm_histogram_first_peak_bpm": 81,
    "bpm_histogram_first_peak_weight": 0.230769217014,
    "bpm_histogram_second_peak_bpm": 76,
    "bpm_histogram_second_peak_spread": 0,
    "bpm_histogram_second_peak_weight": 0.0714285746217,
    "danceability": 0.987365365028,
    "onset_rate": 2.27636694908,
    "beats_loudness_band_ratio": {
        "max": [0.787943422794, 0.928688824177, 0.58585113287, 0.467595726252, 0.356960952282, 0.23599691689],
        "mean": [0.236241325736, 0.513329684734, 0.206926614046, 0.109408013523, 0.0548007450998, 0.0216252561659],
        "min": [0.0145528344437, 0.0816823989153, 0.0196197703481, 0.010781602934, 0.0013233354548, 0.000149842424435],
        "stdev": [0.203604742885, 0.213850066066, 0.138913065195, 0.118623040617, 0.0820751264691, 0.0382546856999]
    },
    "beats_position": [0.789478421211, 1.59056687355, 2.36843538284, 3.15791368484, 3.94739222527, 4.69043064117, 5.4334692955, 6.1648979187, 6.8963265419, 7.63936471939, 8.38240337372, 9.11383247375, 9.84526062012, 10.5882987976, 11.3313379288, 12.0743761063, 12.8174142838, 13.5604534149, 14.3151016235, 15.0465307236, 15.7895689011, 16.5209980011, 17.2524261475, 17.995464325, 18.7385025024, 19.4815406799, 20.2361907959, 20.9676189423, 21.6990470886, 22.4536952972, 23.1967334747, 23.9397735596, 24.6828117371, 25.4258499146, 26.168888092, 26.8887062073, 27.6085262299, 28.316734314, 29.0249423981, 29.7331504822, 30.4529705048, 31.1611785889, 31.8809967041],
