{
"metadata": {
    "version": {
        "essentia": "2.1-beta5",
        "essentia_git_sha": "Undefined",
        "extractor": "music 2.0"
    },
    "audio_properties": {
        "analysis": {
            "equal_loudness": 0,
            "length": 52.2448997498,
            "sample_rate": 44100,
            "start_time": 12.7477550507,
            "downmix": "mix"
        },
        "bit_rate": 192000,
        "length": 193.758911133,
        "lossless": 0,
        "number_channels": 2,
        "replay_gain": 0.0307025909424,
        "sample_rate": 48000,
        "codec": "mp3",
        "md5_encoded": "faa4408e716df20afac1dbd7d3c5f091"
    },
    "tags": {
        "file_name": "Slovenia_Here for You_Maraaya.mp3",
        "encoding": ["Lavf58.29.100"]
    }
},
"lowlevel": {
    "average_loudness": 0.926028370857,
    "barkbands_crest": {
        "max": 25.0738506317,
        "mean": 12.2379407883,
        "min": 2.91793298721,
        "stdev": 4.70567989349
    },
    "barkbands_flatness_db": {
        "max": 0.432183206081,
        "mean": 0.160684868693,
        "min": 0.0500807948411,
        "stdev": 0.047888211906
    },
    "barkbands_kurtosis": {
        "max": 298.093963623,
        "mean": 6.06614542007,
        "min": -1.90908014774,
        "stdev": 15.851269722
    },
    "barkbands_skewness": {
        "max": 15.4546146393,
        "mean": 1.83897733688,
        "min": -2.38164973259,
        "stdev": 1.45460534096
    },
    "barkbands_spread": {
        "max": 88.5746002197,
        "mean": 21.7754974365,
        "min": 0.688156366348,
        "stdev": 12.7725439072
    },
    "dissonance": {
        "max": 0.500000059605,
        "mean": 0.464808493853,
        "min": 0.310406446457,
        "stdev": 0.0269103925675
    },
    "dynamic_complexity": 2.55590963364,
    "erbbands_crest": {
        "max": 30.4169807434,
        "mean": 9.44288063049,
        "min": 2.59471607208,
        "stdev": 4.61876058578
    },
    "erbbands_flatness_db": {
        "max": 0.297889769077,
        "mean": 0.161994501948,
        "min": 0.0628507062793,
        "stdev": 0.041312970221
    },
    "erbbands_kurtosis": {
        "max": 24.4083042145,
        "mean": 0.72754585743,
        "min": -1.86070561409,
        "stdev": 2.49472260475
    },
    "erbbands_skewness": {
        "max": 4.1126332283,
        "mean": 0.332136958838,
        "min": -2.10253000259,
        "stdev": 0.73038649559
    },
    "erbbands_spread": {
        "max": 128.347961426,
        "mean": 39.8758201599,
        "min": 4.66365242004,
        "stdev": 19.8393383026
    },
    "hfc": {
        "max": 105.50402832,
        "mean": 24.6600837708,
        "min": 0.0832073390484,
        "stdev": 18.0568466187
    },
    "loudness_ebu128": {
        "integrated": -22.0953140259,
        "loudness_range": 6.68352890015,
        "momentary": {
            "max": -18.9235668182,
            "mean": -23.002571106,
            "min": -36.9109954834,
            "stdev": 3.22737455368
        },
        "short_term": {
            "max": -20.6363506317,
            "mean": -22.6376552582,
            "min": -29.7148990631,
            "stdev": 2.44146895409
        }
    },
    "melbands_crest": {
        "max": 36.6189422607,
        "mean": 16.8228931427,
        "min": 3.86547350883,
        "stdev": 6.1172618866
    },
    "melbands_flatness_db": {
        "max": 0.538205087185,
        "mean": 0.213527023792,
        "min": 0.0580671876669,
        "stdev": 0.064128190279
    },
    "melbands_kurtosis": {
        "max": 762.81652832,
        "mean": 18.2984981537,
        "min": -1.73746311665,
        "stdev": 39.9488067627
    },
    "melbands_skewness": {
        "max": 22.0347232819,
        "mean": 3.0283203125,
        "min": -0.637823224068,
        "stdev": 2.03082990646
    },
    "melbands_spread": {
        "max": 216.714157104,
        "mean": 21.0224189758,
        "min": 0.446730524302,
        "stdev": 14.7337369919
    },
    "pitch_salience": {
        "max": 0.855871558189,
        "mean": 0.498091071844,
        "min": 0.0644801259041,
        "stdev": 0.120599515736
    },
    "silence_rate_20dB": {
        "max": 1,
        "mean": 1,
        "min": 1,
        "stdev": 0
    },
    "silence_rate_30dB": {
        "max": 1,
        "mean": 0.936472654343,
        "min": 0,
        "stdev": 0.243908271194
    },
    "silence_rate_60dB": {
        "max": 1,
        "mean": 0.029320301488,
        "min": 0,
        "stdev": 0.168699279428
    },
    "spectral_centroid": {
        "max": 4749.99707031,
        "mean": 1277.64050293,
        "min": 282.725646973,
        "stdev": 518.859191895
    },
    "spectral_complexity": {
        "max": 51,
        "mean": 21.8898258209,
        "min": 0,
        "stdev": 9.85718727112
    },
    "spectral_decrease": {
        "max": -2.51949780483e-11,
        "mean": -1.15928573408e-08,
        "min": -5.71781413328e-08,
        "stdev": 9.25804410912e-09
    },
    "spectral_energy": {
        "max": 0.21790137887,
        "mean": 0.0459908470511,
        "min": 0.000102638696262,
        "stdev": 0.0358347818255
    },
    "spectral_energyband_high": {
        "max": 0.0115032428876,
        "mean": 0.000964845879935,
        "min": 8.99987242065e-07,
        "stdev": 0.00118785782252
    },
    "spectral_energyband_low": {
        "max": 0.210632115602,
        "mean": 0.0254435501993,
        "min": 1.80786071269e-06,
        "stdev": 0.0286714360118
    },
    "spectral_energyband_middle_high": {
        "max": 0.0510654821992,
        "mean": 0.00726641714573,
        "min": 1.75850127562e-05,
        "stdev": 0.00771558145061
    },
    "spectral_energyband_middle_low": {
        "max": 0.0980507433414,
        "mean": 0.013278557919,
        "min": 2.57422288996e-05,
        "stdev": 0.0123533178121
    },
    "spectral_entropy": {
        "max": 8.82980632782,
        "mean": 7.5868639946,
        "min": 5.76955080032,
        "stdev": 0.410130262375
    },
    "spectral_flux": {
        "max": 0.372551143169,
        "mean": 0.10994232446,
        "min": 0.00642053224146,
        "stdev": 0.0596283711493
    },
    "spectral_kurtosis": {
        "max": 33.9080505371,
        "mean": 3.87133193016,
        "min": -1.37830328941,
        "stdev": 3.17039513588
    },
    "spectral_rms": {
        "max": 0.0145803540945,
        "mean": 0.00616076821461,
        "min": 0.000316441641189,
        "stdev": 0.00262946239673
    },
    "spectral_rolloff": {
        "max": 10831.2011719,
        "mean": 1158.06518555,
        "min": 64.599609375,
        "stdev": 1229.11230469
    },
    "spectral_skewness": {
        "max": 4.47868537903,
        "mean": 1.48672413826,
        "min": -0.0481988340616,
        "stdev": 0.527667760849
    },
    "spectral_spread": {
        "max": 15705923,
        "mean": 4559572.5,
        "min": 1762370.25,
        "stdev": 1575286.25
    },
    "spectral_strongpeak": {
        "max": 10.9298439026,
        "mean": 0.822461903095,
        "min": 0,
        "stdev": 1.18277239799
    },
    "zerocrossingrate": {
        "max": 0.31103515625,
        "mean": 0.0521821044385,
        "min": 0.00341796875,
        "stdev": 0.0298559013754
    },
    "barkbands": {
        "max": [0.020373865962, 0.199011564255, 0.0557229742408, 0.0481764003634, 0.0682929083705, 0.0349745973945, 0.0258384160697, 0.0212274044752, 0.0335134267807, 0.0225378293544, 0.033732008189, 0.0407981872559, 0.034565590322, 0.0246969349682, 0.0261650737375, 0.0126158343628, 0.00804397743195, 0.00992668885738, 0.00392947392538, 0.00268930988386, 0.00174770632293, 0.00138582265936, 0.00311810011044, 0.00650666141883, 0.00305097270757, 0.00085982697783, 3.1200822832e-06],
        "mean": [0.00112514116336, 0.0209751892835, 0.00250641838647, 0.0020019384101, 0.00410239817575, 0.00349753233604, 0.00126345723402, 0.000804798561148, 0.00131939142011, 0.000898793747183, 0.000772281375248, 0.00140360149089, 0.000961415469646, 0.000882554624695, 0.000766583485529, 0.000516068015713, 0.000419012474595, 0.000404115737183, 0.000304953544401, 0.000207529083127, 0.00019845814677, 0.000130097105284, 0.000204344600206, 0.000205877237022, 0.000102886217064, 1.60421823239e-05, 4.23839230379e-09],
        "min": [6.08902439581e-09, 3.18965618362e-07, 3.30433778117e-07, 7.12386622581e-07, 1.25804729123e-06, 1.97826537374e-07, 1.78843350795e-07, 2.64372346237e-07, 2.46558738581e-06, 8.21839250875e-07, 2.2815656564e-07, 2.95258701044e-07, 7.87611725173e-07, 5.62773948332e-07, 4.42923010269e-07, 3.2885381529e-07, 2.27799063168e-07, 2.82449889255e-07, 2.57406725268e-07, 2.88442407737e-07, 1.91982806541e-07, 1.01816844733e-07, 6.37499724121e-08, 4.71354901777e-08, 2.4142618571e-08, 1.35916181088e-10, 1.56713420019e-10],
        "stdev": [0.0015836681705, 0.025346595794, 0.00420661456883, 0.00492943264544, 0.00604502530769, 0.00455626100302, 0.00203148135915, 0.00155233417172, 0.00250389333814, 0.00184590741992, 0.00194705359172, 0.00375061924569, 0.00258243572898, 0.00168300420046, 0.00192854972556, 0.00102101487573, 0.000722098746337, 0.000686309707817, 0.000399453070713, 0.000271646073088, 0.000241641988396, 0.000177345966222, 0.000333966803737, 0.000388540094718, 0.000219606605242, 4.68739126518e-05, 6.69312285595e-08]
    },
    "erbbands": {
        "max": [8.04514694214, 46.1278266907, 74.6816635132, 96.8643341064, 201.564117432, 274.455383301, 402.457580566, 361.122283936, 315.155548096, 548.782043457, 382.822540283, 873.25378418, 1060.67956543, 873.51348877, 1592.33288574, 2083.06152344, 1570.01672363, 1087.28503418, 1154.31640625, 1330.24182129, 696.098693848, 521.309387207, 489.52947998, 293.441986084, 140.301422119, 153.453277588, 106.310913086, 76.5094299316, 51.5456161499, 89.1019363403, 93.7350845337, 152.819168091, 92.4203567505, 51.1034164429, 13.7669200897, 3.73482131958, 1.90101885796, 0.0904971957207, 0.00187445955817, 0.000236305495491],
        "mean": [0.762575805187, 3.96472787857, 4.14261054993, 4.61473560333, 9.56320762634, 14.5807628632, 21.7970199585, 29.5196304321, 18.3709011078, 22.0303421021, 18.1999568939, 28.2597503662, 32.3476066589, 29.7866287231, 41.1196327209, 55.9308815002, 42.4709968567, 51.787853241, 41.3336372375, 35.4685783386, 27.0161514282, 22.7775478363, 21.6987190247, 19.6283912659, 12.3682365417, 10.1297521591, 8.80608654022, 6.77954006195, 4.71531152725, 4.30642843246, 6.21013116837, 5.56260156631, 2.75782585144, 1.59042239189, 0.465066999197, 0.121451362967, 0.0210130605847, 0.000596592843067, 4.9274880439e-05, 5.66646340303e-05],
        "min": [8.0179734141e-06, 8.55987746036e-05, 0.000641682592686, 0.00323001435027, 0.0056365178898, 0.00193202274386, 0.00158962863497, 0.00226768385619, 0.00308331660926, 0.005584936589, 0.0279973838478, 0.046320669353, 0.0787421986461, 0.0472243614495, 0.0134900240228, 0.0146409859881, 0.0349598489702, 0.0387427136302, 0.0313917659223, 0.0209676101804, 0.0165475998074, 0.0134580135345, 0.0149832237512, 0.0135937277228, 0.0141040710732, 0.0137177277356, 0.0117313908413, 0.00513802096248, 0.00545132765546, 0.00475811213255, 0.00162114179693, 0.000874361663591, 0.000979808275588, 0.000346800807165, 5.11240505148e-05, 5.70411066292e-06, 1.8768080281e-06, 2.92758784326e-07, 2.78901836737e-07, 1.61424523526e-07],
        "stdev": [0.981305360794, 5.12669181824, 6.20719909668, 9.60793304443, 19.7494354248, 22.4916744232, 34.4217071533, 43.1571006775, 26.4654102325, 42.9512062073, 30.4570274353, 59.5040130615, 67.0438613892, 57.2390899658, 98.1326751709, 156.516296387, 103.394767761, 100.252616882, 84.9021606445, 85.0806884766, 44.6101951599, 37.9254150391, 35.5408172607, 25.9296684265, 14.5850191116, 13.3895282745, 10.884018898, 8.58695602417, 6.32474708557, 6.67490625381, 10.1861906052, 10.0811500549, 5.83780527115, 3.49706268311, 1.01450169086, 0.295657068491, 0.0883642137051, 0.00314818159677, 8.00833659014e-05, 4.11661640101e-05]
    },
    "gfcc": {
        "mean": [10.1460103989, 108.695884705, -124.77960968, 44.1381263733, -62.6135673523, 29.3146686554, -38.8080291748, 10.2655696869, -18.2384643555, 0.682041585445, -1.91620588303, -4.13283395767, 1.78828847408],
        "cov": [[4608.02197266, -820.055969238, 86.621635437, 558.776245117, 191.624969482, 447.907409668, -39.2516975403, 390.399261475, 96.8597869873, 308.281341553, -18.3539466858, 310.958953857, -20.4693622589], [-820.055969238, 1094.45495605, -93.7961578369, 12.8869895935, 312.962524414, -221.804428101, 241.925048828, -195.623687744, 94.8227005005, -137.462814331, 119.486335754, -134.798446655, 77.8458251953], [86.621635437, -93.7961578369, 731.967773438, 52.5860061646, -160.481033325, 110.140266418, -145.320159912, 70.6174316406, -73.547668457, 59.1170539856, -60.9574584961, 53.490398407, -35.205619812], [558.776245117, 12.8869895935, 52.5860061646, 464.966125488, 208.152526855, 15.1755437851, 141.589599609, 73.2319259644, 121.21761322, 4.99877738953, 26.2906665802, 43.1674156189, 52.7339019775], [191.624969482, 312.962524414, -160.481033325, 208.152526855, 474.791656494, 25.7731494904, 261.888061523, 17.2534790039, 96.5856246948, 4.56386089325, 25.8400325775, 11.253408432, 43.5965538025], [447.907409668, -221.804428101, 110.140266418, 15.1755437851, 25.7731494904, 355.645568848, 76.1446838379, 76.2350540161, 0.231349751353, 56.322353363, 9.66996383667, -1.45941257477, 1.29547965527], [-39.2516975403, 241.925048828, -145.320159912, 141.589599609, 261.888061523, 76.1446838379, 354.196166992, 18.4423122406, 79.9636459351, -9.67988395691, 33.7734451294, -45.3362007141, 29.0023994446], [390.399261475, -195.623687744, 70.6174316406, 73.2319259644, 17.2534790039, 76.2350540161, 18.4423122406, 175.248291016, 47.7081832886, 45.5474967957, -24.3222084045, 58.4544715881, 7.30693674088], [96.8597869873, 94.8227005005, -73.547668457, 121.21761322, 96.5856246948, 0.231349751353, 79.9636459351, 47.7081832886, 154.037628174, 0.896915912628, 37.8899803162, 11.268872261, 47.9140701294], [308.281341553, -137.462814331, 59.1170539856, 4.99877738953, 4.56386089325, 56.322353363, -9.67988395691, 45.5474967957, 0.896915912628, 131.986465454, -3.91505074501, 29.262714386, -16.8280963898], [-18.3539466858, 119.486335754, -60.9574584961, 26.2906665802, 25.8400325775, 9.66996383667, 33.7734451294, -24.3222084045, 37.8899803162, -3.91505074501, 131.809066772, -0.0986200273037, 39.7187080383], [310.958953857, -134.798446655, 53.490398407, 43.1674156189, 11.253408432, -1.45941257477, -45.3362007141, 58.4544715881, 11.268872261, 29.262714386, -0.0986200273037, 150.707168579, 11.8788986206], [-20.4693622589, 77.8458251953, -35.205619812, 52.7339019775, 43.5965538025, 1.29547965527, 29.0023994446, 7.30693674088, 47.9140701294, -16.8280963898, 39.7187080383, 11.8788986206, 95.8192672729]],
        "icov": [[0.000507108983584, -0.000473964260891, 0.00062526576221, -0.00100169132929, 0.000268556526862, -0.000959246070124, 0.000756943016313, -0.000805861898698, 0.000576038088184, -0.000939502438996, 0.000315894343657, -0.00079515168909, 0.000512113096192], [-0.000473964260891, 0.00510625587776, -0.00314527912997, 0.00346028897911, -0.00357820652425, 0.00422036321834, -0.00292819133028, 0.00396081712097, -0.00339566217735, 0.00339477974921, -0.00331612396985, 0.00330326287076, -0.00189517799299], [0.00062526576221, -0.00314527912997, 0.00414621084929, -0.00344724208117, 0.0026902880054, -0.00364026334137, 0.00275132828392, -0.00305081554689, 0.00318469130434, -0.00292773009278, 0.00256241182797, -0.00259800604545, 0.00148773612455], [-0.00100169132929, 0.00346028897911, -0.00344724208117, 0.0069136028178, -0.00340942665935, 0.00409110495821, -0.00331121589988, 0.00272708479315, -0.00448311446235, 0.00354018737562, -0.00246247439645, 0.00246728188358, -0.00222809170373], [0.000268556526862, -0.00357820652425, 0.0026902880054, -0.00340942665935, 0.00686697615311, -0.00283500202931, -0.000737599097192, -0.00185445451643, 0.00193178013433, -0.00293769966811, 0.00302985915914, -0.00341025996022, 0.000792770355474], [-0.000959246070124, 0.00422036321834, -0.00364026334137, 0.00409110495821, -0.00283500202931, 0.00798036996275, -0.00421247910708, 0.00214139628224, -0.00236946740188, 0.0024979650043, -0.003556948388, 0.00393811473623, -0.00231919810176], [0.000756943016313, -0.00292819133028, 0.00275132828392, -0.00331121589988, -0.000737599097192, -0.00421247910708, 0.00825431570411, -0.00335167208686, 0.00159509270452, -0.00201091659255, 0.0013355310075, -0.000285744288703, 0.0018546176143], [-0.000805861898698, 0.00396081712097, -0.00305081554689, 0.00272708479315, -0.00185445451643, 0.00214139628224, -0.00335167208686, 0.0130257578567, -0.00612209038809, 0.00149908510502, 0.000194939842913, -7.57899761084e-05, -0.00192261813208], [0.000576038088184, -0.00339566217735, 0.00318469130434, -0.00448311446235, 0.00193178013433, -0.00236946740188, 0.00159509270452, -0.00612209038809, 0.0137075679377, -0.00286992266774, 0.000232678547036, -0.00172746367753, -0.00158442847896], [-0.000939502438996, 0.00339477974921, -0.00292773009278, 0.00354018737562, -0.00293769966811, 0.0024979650043, -0.00201091659255, 0.00149908510502, -0.00286992266774, 0.0124405222014, -0.00302779907361, 0.00181767728645, 0.000464129494503], [0.000315894343657, -0.00331612396985, 0.00256241182797, -0.00246247439645, 0.00302985915914, -0.003556948388, 0.0013355310075, 0.000194939842913, 0.000232678547036, -0.00302779907361, 0.0121130961925, -0.00302158505656, -0.00198588287458], [-0.00079515168909, 0.00330326287076, -0.00259800604545, 0.00246728188358, -0.00341025996022, 0.00393811473623, -0.000285744288703, -7.57899761084e-05, -0.00172746367753, 0.00181767728645, -0.00302158505656, 0.0116602638736, -0.00258528557606], [0.000512113096192, -0.00189517799299, 0.00148773612455, -0.00222809170373, 0.000792770355474, -0.00231919810176, 0.0018546176143, -0.00192261813208, -0.00158442847896, 0.000464129494503, -0.00198588287458, -0.00258528557606, 0.0151316476986]]
    },
    "melbands": {
        "max": [0.0615753717721, 0.0378358289599, 0.0206316970289, 0.017403986305, 0.0113939484581, 0.00716606481001, 0.0041574575007, 0.00496964529157, 0.00329281203449, 0.00478578172624, 0.00520372344181, 0.00356293539517, 0.00510876020417, 0.00517116719857, 0.00316595612094, 0.0042335302569, 0.00184109213296, 0.00249816756696, 0.00278863240965, 0.00122870027553, 0.000851363234688, 0.000612569390796, 0.000937800039537, 0.00079523952445, 0.000277485873085, 0.000166848592926, 0.000129284599097, 0.000138941133628, 6.00935418333e-05, 6.98931908119e-05, 3.92376896343e-05, 3.35071672453e-05, 2.92128934234e-05, 5.0228296459e-05, 5.45184375369e-05, 8.1940277596e-05, 0.000115435206681, 7.60093098506e-05, 5.06859505549e-05, 3.84544109693e-05],
        "mean": [0.00623560138047, 0.00313824159093, 0.000951091526076, 0.000870486197527, 0.000743833719753, 0.000646796193905, 0.000286853173748, 0.000224369257921, 0.000148969556903, 0.000185369135579, 0.000158757742611, 0.000117134462926, 0.000121726981888, 0.000176583140274, 8.55122489156e-05, 0.000111629611638, 8.94025652087e-05, 6.40754733467e-05, 5.68379946344e-05, 3.81052559533e-05, 3.06914334942e-05, 2.26187694352e-05, 2.24776031246e-05, 1.96176406462e-05, 1.56357200467e-05, 1.04798882603e-05, 7.24035908206e-06, 6.55491430734e-06, 5.39711072634e-06, 5.07377444592e-06, 3.52623965227e-06, 2.75248976322e-06, 2.22555331675e-06, 2.41538623413e-06, 3.28620330947e-06, 4.3154436753e-06, 3.00623059957e-06, 1.92851553038e-06, 1.69264035321e-06, 1.20911386148e-06],
        "min": [6.61720349626e-08, 2.56513374097e-07, 7.5045096537e-07, 4.10304608067e-07, 1.08524695008e-07, 4.80284718662e-08, 4.57246969177e-08, 4.55799096244e-08, 2.23779380804e-07, 2.91321811119e-07, 2.41972998083e-07, 1.36011905738e-07, 3.57471385826e-08, 3.64284780119e-08, 5.61555388856e-08, 7.27571531911e-08, 4.71656136369e-08, 5.38240598758e-08, 3.97857888856e-08, 2.4335900406e-08, 1.65814348918e-08, 1.3267268173e-08, 1.1416203094e-08, 1.20525625036e-08, 1.10750200122e-08, 8.23045631648e-09, 1.18238423497e-08, 5.98621996417e-09, 7.43415728977e-09, 4.08864364587e-09, 2.62663313322e-09, 2.64434629749e-09, 2.09081352232e-09, 1.53398649338e-09, 7.21768866896e-10, 6.20620888014e-10, 3.37585598364e-10, 6.47516484875e-10, 3.87489595965e-10, 3.13148423858e-10],
        "stdev": [0.00766893988475, 0.00406490825117, 0.0019814951811, 0.00142715743277, 0.00104869785719, 0.000906669010874, 0.000406319799367, 0.000436526956037, 0.000258798711002, 0.000371204747353, 0.00033705678652, 0.000240125853452, 0.000290961703286, 0.000471110834042, 0.000210454425542, 0.000290814205073, 0.000171953492099, 0.000143960671267, 0.00016860217147, 8.97616846487e-05, 5.4563734011e-05, 4.09353742725e-05, 4.62331299786e-05, 3.47437926393e-05, 2.21481586777e-05, 1.45209769471e-05, 9.72369070951e-06, 9.84803591564e-06, 6.94054097039e-06, 7.1187132562e-06, 4.66936171506e-06, 3.83290034733e-06, 3.33446814693e-06, 3.97149869968e-06, 5.53228574063e-06, 7.89499245002e-06, 5.90108038523e-06, 4.4670191528e-06, 3.55340421265e-06, 2.79953655991e-06]
    },
    "melbands128": {
        "max": [0.0171361546963, 0.0682405382395, 0.089856877923, 0.0779150053859, 0.047706194222, 0.0222365818918, 0.017758551985, 0.0267755351961, 0.0210820734501, 0.0288270302117, 0.0171626601368, 0.0137677788734, 0.0205629821867, 0.0158664546907, 0.0116836559027, 0.0151883736253, 0.010346326977, 0.00470540113747, 0.00894900411367, 0.0089741256088, 0.00882915500551, 0.00467100646347, 0.00655313720927, 0.00683860294521, 0.0105151068419, 0.00483782636002, 0.0157148297876, 0.00839275214821, 0.00592383136973, 0.00516070937738, 0.00634174002334, 0.00423214025795, 0.00745433010161, 0.0116770863533, 0.00970599241555, 0.00919890776277, 0.0123876100406, 0.0023856558837, 0.00688302144408, 0.00868247915059, 0.00991171225905, 0.00703690806404, 0.00430064601824, 0.00188161630649, 0.00619926815853, 0.0029750757385, 0.00335353054106, 0.00588154559955, 0.00536325387657, 0.00312528223731, 0.00276497728191, 0.00146480032708, 0.00216019852087, 0.00136527989525, 0.00113649037667, 0.00107573752757, 0.00147446070332, 0.00145690201316, 0.00127675279509, 0.000852004741319, 0.00173451227602, 0.000617822341155, 0.000365186919225, 0.000586800975725, 0.00046764742001, 0.000295267382171, 0.000186497258255, 0.000191643601283, 0.000247177580604, 0.000116893206723, 0.000250063487329, 0.000278049556073, 0.000110737448267, 8.53715537232e-05, 0.000168371276231, 0.00011050903413, 0.000110922374006, 8.85147528606e-05, 5.13543309353e-05, 6.14157615928e-05, 5.835691627e-05, 5.54762555112e-05, 5.42618035979e-05, 3.62922473869e-05, 5.37349515071e-05, 9.44709681789e-05, 7.50040271669e-05, 8.63577588461e-05, 7.6481999713e-05, 6.63550017634e-05, 0.000135219917865, 0.000109483560664, 0.000164220007719, 0.000159577233717, 0.000120619995869, 8.33265658002e-05, 8.8044522272e-05, 5.67086499359e-05, 6.79646691424e-05, 8.85406698217e-05, 6.48561544949e-05, 4.31945591117e-05, 3.50735499524e-05, 2.27952004934e-05, 1.99963233172e-05, 1.49156630869e-05, 1.24635707834e-05, 1.20321519717e-05, 9.81269113254e-06, 7.73523424868e-06, 6.01731517236e-06, 8.13101269159e-06, 1.02005005829e-05, 7.85949123383e-06, 1.34354706915e-07, 3.20190274294e-08, 1.61206870075e-08, 1.50337324811e-08, 1.44335396968e-08, 1.38076448053e-08, 1.33335138486e-08, 1.30106920793e-08, 1.26438806092e-08, 1.23662635687e-08, 1.20584946472e-08, 1.19099601292e-08, 1.17817018364e-08, 1.16984208987e-08],
        "mean": [0.00105301535223, 0.00638592988253, 0.00843593012542, 0.00603455724195, 0.0027746129781, 0.00101474591065, 0.000847024552058, 0.00105420325417, 0.000936039083172, 0.000894469500054, 0.000808713317383, 0.000714590947609, 0.000776988046709, 0.000704028934706, 0.00071884074714, 0.000650972302537, 0.00028419715818, 0.000219442299567, 0.000259194464888, 0.000297989958199, 0.000159920571605, 0.000147165090311, 0.000141356373206, 0.000144705350976, 0.000208428944461, 0.00015574527788, 0.000254071404925, 0.000141684970004, 0.000102623365819, 0.00013428190141, 0.00011128004553, 0.000102818834421, 0.000132469707751, 0.000108447078674, 0.000183691285201, 0.000210926154978, 0.000156013702508, 4.44344004791e-05, 7.18044902897e-05, 9.48398010223e-05, 0.000105368002551, 0.000169951905264, 9.03854888747e-05, 4.69057231385e-05, 6.58054486848e-05, 6.57032069284e-05, 6.66984706186e-05, 6.35678952676e-05, 4.42803357146e-05, 5.264441279e-05, 3.46045526385e-05, 2.8047894375e-05, 3.42117891705e-05, 3.09779497911e-05, 2.50321572821e-05, 1.9134111426e-05, 2.21071095439e-05, 2.89597483061e-05, 2.1064075554e-05, 1.31108163259e-05, 2.32197162404e-05, 2.08213659789e-05, 1.54425015353e-05, 1.47153041326e-05, 1.4662706235e-05, 1.05864610305e-05, 8.06940533948e-06, 7.16899012332e-06, 7.38372818887e-06, 6.76285935697e-06, 7.14655470802e-06, 6.08772961641e-06, 5.00338319398e-06, 5.54321468371e-06, 5.41114332009e-06, 5.48589969185e-06, 4.94549158248e-06, 3.85850398743e-06, 3.24576876665e-06, 3.36204129781e-06, 2.77107733382e-06, 2.49117442763e-06, 2.56331213677e-06, 2.01477587325e-06, 2.12228133023e-06, 2.43019962909e-06, 2.39854671236e-06, 2.68989060714e-06, 3.19655532621e-06, 3.62901892004e-06, 4.70903160021e-06, 4.35954643763e-06, 4.07134211855e-06, 3.0817213883e-06, 2.31372314374e-06, 2.06496611099e-06, 1.88832825643e-06, 1.65646713413e-06, 1.70855082615e-06, 1.74867375335e-06, 1.48736194205e-06, 1.12182624434e-06, 8.78061882759e-07, 6.85774750764e-07, 4.65295443064e-07, 3.51465445192e-07, 2.59592383145e-07, 2.36845266954e-07, 1.94322922198e-07, 1.67643733562e-07, 1.44962484683e-07, 1.05284527763e-07, 4.48916139817e-08, 1.35169502258e-08, 2.91387969309e-10, 1.54429330435e-10, 5.22576738826e-11, 1.63073131387e-11, 1.62374679674e-11, 1.52312659013e-11, 1.45694897119e-11, 1.46474325724e-11, 1.48748183909e-11, 1.36104599813e-11, 1.31323398336e-11, 1.25528832121e-11, 1.22136918634e-11, 1.2106527586e-11],
        "min": [6.33721131127e-10, 7.59692397878e-09, 2.13223323442e-08, 5.84786441493e-08, 1.94232399053e-07, 1.18627866641e-07, 1.21766731809e-07, 2.18422385956e-07, 3.53808871978e-07, 1.08790949582e-07, 2.54650167619e-08, 1.79510042386e-08, 1.65579923106e-08, 1.6976029471e-08, 4.95656244937e-08, 3.85301213157e-08, 1.62148108274e-08, 3.20623279038e-08, 7.25590698636e-09, 2.21190727956e-08, 1.57494390862e-08, 3.585899222e-08, 7.44534816022e-08, 2.21526363475e-07, 1.53346761067e-07, 1.34991850587e-07, 2.48030520567e-08, 7.1301840876e-08, 9.46942790847e-08, 6.17094713107e-08, 2.99677012094e-08, 5.26270049761e-08, 2.01724361659e-08, 1.12178009104e-08, 2.19011013769e-08, 2.10345838525e-08, 3.55490037407e-08, 2.72283067204e-08, 2.5519959479e-08, 3.14047809979e-08, 3.43808750358e-08, 4.47601067322e-08, 2.22787583937e-08, 1.99528997769e-08, 1.37230795616e-08, 2.5595660702e-08, 2.74691487334e-08, 2.15796340797e-08, 6.57309939811e-09, 1.03732302748e-08, 9.65115631857e-09, 7.66581287337e-09, 8.62777316257e-09, 1.25611983037e-08, 8.30284818676e-09, 1.8659678247e-09, 9.10849351499e-09, 7.11685599342e-09, 9.2872003421e-09, 2.36695307798e-09, 1.00556984961e-08, 3.32016814042e-09, 1.66338476326e-09, 7.57393170403e-09, 4.49567227889e-09, 6.49049702872e-09, 5.88298965098e-09, 2.97111335534e-09, 2.31351116042e-09, 1.64867619556e-09, 1.73499270506e-09, 2.53856802246e-09, 4.75711647852e-09, 1.93420723882e-09, 1.61731517068e-09, 3.39830008578e-09, 2.71678257668e-09, 9.59321289074e-10, 8.5707335673e-10, 5.51897472167e-10, 2.10249942456e-10, 4.37487719662e-11, 7.08339498168e-11, 4.76477468592e-10, 1.08921982545e-10, 6.85959761215e-11, 5.08319442094e-10, 1.79429721081e-10, 1.87204543534e-10, 1.62870814058e-10, 2.27026036859e-10, 8.91800730485e-11, 3.07912667585e-10, 1.13682480096e-10, 4.70371094505e-12, 1.60858271148e-11, 7.63055677672e-12, 1.16710079101e-11, 9.17330447714e-11, 5.24851377637e-11, 1.20520347174e-11, 1.08139332992e-12, 3.83380610244e-12, 8.68573171286e-13, 5.10347840377e-13, 7.79089141291e-13, 5.74974584003e-13, 6.47582248242e-13, 5.52717810756e-13, 7.01783683249e-13, 5.94377899763e-13, 5.06444062034e-13, 4.50556394494e-13, 3.07384109485e-13, 3.62613883148e-13, 4.6254932393e-13, 4.31339073617e-13, 4.44814486893e-13, 3.98758662808e-13, 4.88514881759e-13, 3.94456684113e-13, 5.01981756943e-13, 4.8666913598e-13, 5.21951785178e-13, 2.84816739421e-13, 1.23596852154e-13, 1.69616230105e-14, 7.23713420464e-16],
        "stdev": [0.00150353752542, 0.00863438472152, 0.0112913316116, 0.00819558929652, 0.00429652258754, 0.00170256197453, 0.0018411326455, 0.00275416346267, 0.00214265682735, 0.0018731916789, 0.00142404786311, 0.00120565551333, 0.00162379548419, 0.00128172768746, 0.00125087052584, 0.00135081715416, 0.00059796590358, 0.000445805315394, 0.000552416429855, 0.000702406745404, 0.000461925461423, 0.000306009809719, 0.000380804005545, 0.000375091651222, 0.000675457529724, 0.000341635924997, 0.000690573011525, 0.000474810454762, 0.000292316282867, 0.000346029642969, 0.00032364751678, 0.0002714250586, 0.000395611074055, 0.00051221717149, 0.000666209729388, 0.000688318803441, 0.000678224256262, 0.000123951875139, 0.000244104114245, 0.000400523975259, 0.000444789766334, 0.000506172596943, 0.000225777665037, 0.000125351842144, 0.000257906067418, 0.000192123712623, 0.000212846207432, 0.000287148955977, 0.000209557460039, 0.000176279558218, 0.000124470359879, 7.8294047853e-05, 8.75141558936e-05, 7.09308296791e-05, 6.73746326356e-05, 4.93466905027e-05, 5.86855567235e-05, 6.93765687174e-05, 6.55761832604e-05, 3.05107223539e-05, 5.91298194195e-05, 3.88990010833e-05, 2.91401247523e-05, 2.95908030239e-05, 2.82469427475e-05, 2.06742788578e-05, 1.38876321216e-05, 1.13373953354e-05, 1.43673132698e-05, 1.08264812297e-05, 1.38360446726e-05, 1.1932279449e-05, 7.60734428695e-06, 8.8079023044e-06, 9.62945887295e-06, 9.28939243749e-06, 8.85980807652e-06, 6.35469450572e-06, 4.96598977406e-06, 5.65910977457e-06, 4.62484831587e-06, 4.06071376347e-06, 4.89618651045e-06, 3.2455022847e-06, 3.71035503122e-06, 4.97540395372e-06, 4.30568661614e-06, 5.07857475895e-06, 6.36121740172e-06, 6.5681747401e-06, 1.05842700577e-05, 8.73304998095e-06, 8.99294718693e-06, 6.74604189044e-06, 5.53121208213e-06, 5.3972362366e-06, 4.97251267007e-06, 3.50564596374e-06, 3.78978961635e-06, 4.20101196141e-06, 3.84383884011e-06, 2.80828589894e-06, 2.20688343688e-06, 1.59444039127e-06, 1.17325043902e-06, 8.55083385431e-07, 6.78695698753e-07, 6.67500330565e-07, 5.40046016795e-07, 4.79897721561e-07, 4.02779051001e-07, 4.25966618423e-07, 4.40272202695e-07, 2.00711411935e-07, 3.21144777438e-09, 1.10779707629e-09, 5.09075726018e-10, 3.18188697612e-10, 3.06058928201e-10, 2.92196766782e-10, 2.82043916e-10, 2.75820921658e-10, 2.71029254595e-10, 2.61587640438e-10, 2.55102827751e-10, 2.51945991847e-10, 2.49234410887e-10, 2.47475373527e-10]
    },
    "mfcc": {
        "mean": [-622.88470459, 123.517547607, 4.95941066742, 16.9502887726, 9.01245689392, 10.0458269119, 4.26958322525, 4.65016937256, -2.35538077354, 5.60615777969, -1.97265434265, 3.7253472805, -2.29493093491],
        "cov": [[4783.47216797, -1007.79089355, -101.46421051, 233.425048828, 298.782745361, 203.076126099, 61.7598190308, 237.887695312, 160.61378479, 154.050170898, 129.121673584, 150.331176758, 150.605102539], [-1007.79089355, 1046.45996094, -221.027297974, 136.816329956, -34.3185920715, 40.5989227295, 54.7374458313, -40.2986946106, -36.191696167, -28.8945560455, -21.5689525604, -22.9109153748, 1.46053910255], [-101.46421051, -221.027297974, 844.455993652, -163.978683472, 35.6127510071, -69.419303894, -66.8417282104, -48.7711677551, -49.5605621338, -17.2279624939, -45.9931755066, 6.16207122803, 9.27230548859], [233.425048828, 136.816329956, -163.978683472, 542.994750977, 80.9003067017, 59.744354248, 23.6075668335, 98.4387817383, 100.242263794, -18.0569992065, 63.7818260193, 31.2479019165, 19.1293048859], [298.782745361, -34.3185920715, 35.6127510071, 80.9003067017, 186.247314453, 43.826625824, 11.4824342728, 48.0065536499, 36.7251281738, 8.11488628387, 13.4317378998, 18.8020153046, 9.82697582245], [203.076126099, 40.5989227295, -69.419303894, 59.744354248, 43.826625824, 243.013168335, 134.865661621, 65.1213150024, 57.0175590515, 71.7818756104, 31.8265247345, 24.4681415558, 16.3056030273], [61.7598190308, 54.7374458313, -66.8417282104, 23.6075668335, 11.4824342728, 134.865661621, 217.519454956, 53.4574890137, 50.7783966064, 65.7792739868, 22.4396705627, 30.999584198, 14.3678855896], [237.887695312, -40.2986946106, -48.7711677551, 98.4387817383, 48.0065536499, 65.1213150024, 53.4574890137, 189.776626587, 85.1309967041, 18.8461055756, 42.7127075195, 11.9880456924, 13.7233133316], [160.61378479, -36.191696167, -49.5605621338, 100.242263794, 36.7251281738, 57.0175590515, 50.7783966064, 85.1309967041, 153.305465698, 55.338218689, 33.6626853943, 3.32177424431, 21.831949234], [154.050170898, -28.8945560455, -17.2279624939, -18.0569992065, 8.11488628387, 71.7818756104, 65.7792739868, 18.8461055756, 55.338218689, 139.612365723, 23.387676239, 8.67590808868, 17.9664745331], [129.121673584, -21.5689525604, -45.9931755066, 63.7818260193, 13.4317378998, 31.8265247345, 22.4396705627, 42.7127075195, 33.6626853943, 23.387676239, 96.4319763184, 21.9299678802, 5.6707277298], [150.331176758, -22.9109153748, 6.16207122803, 31.2479019165, 18.8020153046, 24.4681415558, 30.999584198, 11.9880456924, 3.32177424431, 8.67590808868, 21.9299678802, 77.8486404419, 26.4050502777], [150.605102539, 1.46053910255, 9.27230548859, 19.1293048859, 9.82697582245, 16.3056030273, 14.3678855896, 13.7233133316, 21.831949234, 17.9664745331, 5.6707277298, 26.4050502777, 79.5132675171]],
        "icov": [[0.000356089003617, 0.000362574501196, 0.000129992156872, -0.000117063471407, -0.000384576298529, -0.000156850976055, 0.00011182250455, -0.000166566765984, 0.000209630234167, -0.000242020338192, -3.77517353627e-05, -0.000220331508899, -0.000506894430146], [0.000362574501196, 0.00151570048183, 0.000367012369679, -0.000523743918166, -0.000242548543611, -0.000308153685182, -0.00032645300962, 0.000164201599546, 0.000700069882441, -3.88625667256e-05, 0.000242233509198, 0.000376051932108, -0.000833160069305], [0.000129992156872, 0.000367012369679, 0.00145154120401, 0.000289120449452, -0.000615082390141, 0.0001173756973, 0.000234949475271, 4.76526074635e-05, 0.000239225817495, -7.78809844633e-05, 0.00041686266195, -0.0003261132224, -0.000460034963908], [-0.000117063471407, -0.000523743918166, 0.000289120449452, 0.00278703845106, -0.000640649232082, -0.00023085065186, 0.000419916090323, -0.0003090481041, -0.00170720985625, 0.00129290437326, -0.00100571615621, -0.000799040368292, 0.000144789315527], [-0.000384576298529, -0.000242548543611, -0.000615082390141, -0.000640649232082, 0.0068805119954, -0.000948436441831, 0.000577319588047, -0.000747928919736, -0.000824192829896, 0.000333821750246, 0.000510128214955, -0.000898166792467, 0.000740388291888], [-0.000156850976055, -0.000308153685182, 0.0001173756973, -0.00023085065186, -0.000948436441831, 0.00727973040193, -0.00353830331005, -0.000785905169323, 0.000128269239212, -0.00183014315553, -0.000362889288226, 1.91934122995e-05, 0.000141803029692], [0.00011182250455, -0.00032645300962, 0.000234949475271, 0.000419916090323, 0.000577319588047, -0.00353830331005, 0.00807805918157, -0.0010100833606, -0.000873543205671, -0.00163456273731, 0.00055095332209, -0.00269257789478, 0.000498712819535], [-0.000166566765984, 0.000164201599546, 4.76526074635e-05, -0.0003090481041, -0.000747928919736, -0.000785905169323, -0.0010100833606, 0.00823744386435, -0.00353945815004, 0.00168331782334, -0.00185958913062, 0.000561527209356, -6.67016211082e-05], [0.000209630234167, 0.000700069882441, 0.000239225817495, -0.00170720985625, -0.000824192829896, 0.000128269239212, -0.000873543205671, -0.00353945815004, 0.011883860454, -0.0038560400717, -0.000663728278596, 0.00241929967888, -0.00233053835109], [-0.000242020338192, -3.88625667256e-05, -7.78809844633e-05, 0.00129290437326, 0.000333821750246, -0.00183014315553, -0.00163456273731, 0.00168331782334, -0.0038560400717, 0.0109603460878, -0.0017771666171, 0.000611618044786, -0.000998125295155], [-3.77517353627e-05, 0.000242233509198, 0.00041686266195, -0.00100571615621, 0.000510128214955, -0.000362889288226, 0.00055095332209, -0.00185958913062, -0.000663728278596, -0.0017771666171, 0.0134484004229, -0.00341383251362, 0.00125152815599], [-0.000220331508899, 0.000376051932108, -0.0003261132224, -0.000799040368292, -0.000898166792467, 1.91934122995e-05, -0.00269257789478, 0.000561527209356, 0.00241929967888, 0.000611618044786, -0.00341383251362, 0.0174887422472, -0.00522934319451], [-0.000506894430146, -0.000833160069305, -0.000460034963908, 0.000144789315527, 0.000740388291888, 0.000141803029692, 0.000498712819535, -6.67016211082e-05, -0.00233053835109, -0.000998125295155, 0.00125152815599, -0.00522934319451, 0.0158842988312]]
    },
    "spectral_contrast_coeffs": {
        "max": [-0.43325817585, -0.514979243279, -0.497135937214, -0.561742305756, -0.556132018566, -0.549770355225],
        "mean": [-0.723843514919, -0.743861734867, -0.763416171074, -0.787598609924, -0.791497707367, -0.735408961773],
        "min": [-0.921308457851, -0.925052821636, -0.914277672768, -0.90124297142, -0.891049385071, -0.888182222843],
        "stdev": [0.073513880372, 0.0697923600674, 0.0624119564891, 0.0524442568421, 0.0468960739672, 0.0484208613634]
    },
    "spectral_contrast_valleys": {
        "max": [-4.58529043198, -4.73309803009, -5.6689414978, -5.81919050217, -5.68904542923, -7.72741270065],
        "mean": [-6.37261533737, -6.61393928528, -7.06667757034, -7.31351423264, -7.49623966217, -10.4040727615],
        "min": [-9.78845596313, -9.9414024353, -9.99606609344, -9.88554763794, -10.2137384415, -13.671377182],
        "stdev": [0.920386075974, 0.648370325565, 0.678378105164, 0.7775426507, 0.877371311188, 1.15257561207]
    }
},
"rhythm": {
    "beats_count": 127,
    "beats_loudness": {
        "max": 0.154433920979,
        "mean": 0.0586236715317,
        "min": 0.00141711405013,
        "stdev": 0.0369527749717
    },
    "bpm": 156.066802979,
    "bpm_histogram_first_peak_bpm": 157,
    "bpm_histogram_first_peak_weight": 0.313131332397,
    "bpm_histogram_second_peak_bpm": 152,
    "bpm_histogram_second_peak_spread": 0.0999999642372,
    "bpm_histogram_second_peak_weight": 0.0714285746217,
    "danceability": 1.03887093067,
    "onset_rate": 3.29145598412,
    "beats_loudness_band_ratio": {
        "max": [0.989441156387, 0.857369124889, 0.736272573471, 0.646667063236, 0.237822979689, 0.282969474792],
        "mean": [0.519461214542, 0.198924571276, 0.100327663124, 0.120408624411, 0.0580700598657, 0.0356030836701],
        "min": [0.00276429904625, 0.00214345310815, 0.000492296705488, 0.000353321433067, 0.00178948894609, 0.000782150775194],
        "stdev": [0.250599861145, 0.180331364274, 0.11263423413, 0.144908621907, 0.0538500584662, 0.0420973673463]
    },
