{
"metadata": {
    "version": {
        "essentia": "2.1-beta5",
        "essentia_git_sha": "Undefined",
        "extractor": "music 2.0"
    },
    "audio_properties": {
        "analysis": {
            "equal_loudness": 0,
            "length": 12.7477550507,
            "sample_rate": 44100,
            "start_time": 0,
            "downmix": "mix"
        },
        "bit_rate": 192000,
        "length": 188.882736206,
        "lossless": 0,
        "number_channels": 2,
        "replay_gain": 0.281446456909,
        "sample_rate": 48000,
        "codec": "mp3",
        "md5_encoded": "39da63c7c65360112c8a61f281ea7bb6"
    },
    "tags": {
        "file_name": "Poland_In The Name Of Love_Monika Kuszyńska.mp3",
        "encoding": ["Lavf58.29.100"]
    }
},
"lowlevel": {
    "average_loudness": 0.550593852997,
    "barkbands_crest": {
        "max": 22.5420436859,
        "mean": 9.75009155273,
        "min": 2.57812070847,
        "stdev": 4.98021841049
    },
    "barkbands_flatness_db": {
        "max": 0.350364714861,
        "mean": 0.176802650094,
        "min": 0.051265258342,
        "stdev": 0.0582574978471
    },
    "barkbands_kurtosis": {
        "max": 19.1808280945,
        "mean": 2.17432355881,
        "min": -1.25320184231,
        "stdev": 3.13355302811
    },
    "barkbands_skewness": {
        "max": 3.71836447716,
        "mean": 0.807654321194,
        "min": -1.87735712528,
        "stdev": 0.71313303709
    },
    "barkbands_spread": {
        "max": 35.9295120239,
        "mean": 11.6652507782,
        "min": 1.5413081646,
        "stdev": 6.4542388916
    },
    "dissonance": {
        "max": 0.499991089106,
        "mean": 0.453606814146,
        "min": 0.283422827721,
        "stdev": 0.0512039661407
    },
    "dynamic_complexity": 4.64800739288,
    "erbbands_crest": {
        "max": 24.8030204773,
        "mean": 9.54308319092,
        "min": 2.67332410812,
        "stdev": 4.92674446106
    },
    "erbbands_flatness_db": {
        "max": 0.38879019022,
        "mean": 0.238985538483,
        "min": 0.0927813351154,
        "stdev": 0.0438279919326
    },
    "erbbands_kurtosis": {
        "max": 15.7290611267,
        "mean": 1.48416054249,
        "min": -1.28129780293,
        "stdev": 2.42927122116
    },
    "erbbands_skewness": {
        "max": 3.05040884018,
        "mean": 0.870861232281,
        "min": -0.69801735878,
        "stdev": 0.592450559139
    },
    "erbbands_spread": {
        "max": 37.0267944336,
        "mean": 16.8897590637,
        "min": 3.3971991539,
        "stdev": 5.70985031128
    },
    "hfc": {
        "max": 92.9573974609,
        "mean": 13.9821977615,
        "min": 1.16932977778e-16,
        "stdev": 18.0574131012
    },
    "loudness_ebu128": {
        "integrated": -25.1002178192,
        "loudness_range": 8.31843185425,
        "momentary": {
            "max": -18.7209434509,
            "mean": -28.3246879578,
            "min": -38.3374938965,
            "stdev": 5.1638302803
        },
        "short_term": {
            "max": -21.2865791321,
            "mean": -27.5879001617,
            "min": -30.1507072449,
            "stdev": 2.72782945633
        }
    },
    "melbands_crest": {
        "max": 29.4511413574,
        "mean": 12.020781517,
        "min": 1.67263638973,
        "stdev": 6.11541461945
    },
    "melbands_flatness_db": {
        "max": 0.392768055201,
        "mean": 0.194597184658,
        "min": 0.00223643286154,
        "stdev": 0.0956603139639
    },
    "melbands_kurtosis": {
        "max": 25.4348392487,
        "mean": 3.55869054794,
        "min": -1.23865735531,
        "stdev": 3.40278220177
    },
    "melbands_skewness": {
        "max": 3.72976398468,
        "mean": 1.1375644207,
        "min": -0.914915680885,
        "stdev": 0.723893761635
    },
    "melbands_spread": {
        "max": 144.375030518,
        "mean": 19.2952518463,
        "min": 2.73040819168,
        "stdev": 13.8987989426
    },
    "pitch_salience": {
        "max": 0.961035788059,
        "mean": 0.63598304987,
        "min": 0.268788993359,
        "stdev": 0.149079546332
    },
    "silence_rate_20dB": {
        "max": 1,
        "mean": 1,
        "min": 1,
        "stdev": 0
    },
    "silence_rate_30dB": {
        "max": 1,
        "mean": 1,
        "min": 1,
        "stdev": 0
    },
    "silence_rate_60dB": {
        "max": 1,
        "mean": 0.338181823492,
        "min": 0,
        "stdev": 0.473090708256
    },
    "spectral_centroid": {
        "max": 11055.7988281,
        "mean": 1400.68249512,
        "min": 381.52331543,
        "stdev": 939.965393066
    },
    "spectral_complexity": {
        "max": 60,
        "mean": 17.7309093475,
        "min": 0,
        "stdev": 13.1053419113
    },
    "spectral_decrease": {
        "max": 2.25918458648e-29,
        "mean": -2.69620237248e-09,
        "min": -1.41067113546e-08,
        "stdev": 2.92751534126e-09
    },
    "spectral_energy": {
        "max": 0.0553403235972,
        "mean": 0.0114443060011,
        "min": 1.06314309113e-20,
        "stdev": 0.0124805271626
    },
    "spectral_energyband_high": {
        "max": 0.00488834409043,
        "mean": 0.000433164590504,
        "min": 7.6602498498e-21,
        "stdev": 0.000760966795497
    },
    "spectral_energyband_low": {
        "max": 0.0385136306286,
        "mean": 0.000943757419009,
        "min": 3.4211856163e-23,
        "stdev": 0.00397825008258
    },
    "spectral_energyband_middle_high": {
        "max": 0.0388505496085,
        "mean": 0.00543240038678,
        "min": 1.50894394375e-21,
        "stdev": 0.00724148796871
    },
    "spectral_energyband_middle_low": {
        "max": 0.02816195786,
        "mean": 0.00478081312031,
        "min": 2.72303424885e-22,
        "stdev": 0.00538534298539
    },
    "spectral_entropy": {
        "max": 9.8085269928,
        "mean": 7.36411142349,
        "min": 5.55653142929,
        "stdev": 0.754698634148
    },
    "spectral_flux": {
        "max": 0.16373924911,
        "mean": 0.0487689897418,
        "min": 6.67847790958e-11,
        "stdev": 0.0370036177337
    },
    "spectral_kurtosis": {
        "max": 63.1429443359,
        "mean": 11.9587364197,
        "min": -1.21894645691,
        "stdev": 12.7475528717
    },
    "spectral_rms": {
        "max": 0.00734782684594,
        "mean": 0.00288948439993,
        "min": 3.2205787516e-12,
        "stdev": 0.00167811207939
    },
    "spectral_rolloff": {
        "max": 18755.4199219,
        "mean": 1712.75073242,
        "min": 430.6640625,
        "stdev": 1512.16589355
    },
    "spectral_skewness": {
        "max": 6.14846563339,
        "mean": 2.37806606293,
        "min": -0.0234433189034,
        "stdev": 1.17970716953
    },
    "spectral_spread": {
        "max": 41704116,
        "mean": 3278165,
        "min": 1197922.5,
        "stdev": 2503470.25
    },
    "spectral_strongpeak": {
        "max": 6.47376823425,
        "mean": 0.949923336506,
        "min": 0,
        "stdev": 0.827473461628
    },
    "zerocrossingrate": {
        "max": 0.53759765625,
        "mean": 0.0664550811052,
        "min": 0.0107421875,
        "stdev": 0.0515522919595
    },
    "barkbands": {
        "max": [0.00184695364442, 0.0370159968734, 0.00504460232332, 0.000627826782875, 0.00156562391203, 0.00200489535928, 0.00322886859067, 0.0178090017289, 0.024352395907, 0.0172862987965, 0.00798829179257, 0.00822710897774, 0.0063187549822, 0.00494966842234, 0.00519729917869, 0.0039466205053, 0.00502331042662, 0.00413066195324, 0.00362241314724, 0.00335037801415, 0.00286435568705, 0.000993537018076, 0.000530469347723, 0.000125482984004, 7.78380999691e-05, 9.06227287487e-05, 6.25315266234e-08],
        "mean": [2.66980132437e-05, 0.000761062314268, 0.00013156721252, 4.59264374513e-05, 0.000181340990821, 0.000151065003593, 0.000223785347771, 0.00182177114766, 0.00203499686904, 0.00120719638653, 0.00079186266521, 0.000569235009607, 0.000594792189077, 0.000584302353673, 0.000523496419191, 0.000460671668407, 0.000329254486132, 0.000262292538537, 0.000217181092012, 0.000169246210135, 0.000162919197464, 9.3630507763e-05, 5.08822959091e-05, 2.63387173618e-05, 1.64734356076e-05, 6.32236833553e-06, 1.17575205127e-09],
        "min": [1.44806561814e-24, 1.83411643522e-23, 1.25006007153e-23, 4.00934531888e-24, 1.8651521165e-23, 3.12602510446e-23, 6.4708095421e-23, 1.95502025523e-23, 4.25874385184e-23, 7.93121195871e-23, 3.38109034085e-23, 7.46555430834e-23, 1.15771737081e-22, 1.04209560565e-22, 7.38480966152e-23, 1.20748704708e-22, 2.29028206943e-22, 1.44340883811e-22, 2.2536680687e-22, 2.92904836659e-22, 4.48403028325e-22, 4.34688713042e-22, 7.29322682318e-22, 6.21616435837e-22, 1.07916192029e-21, 1.51931772971e-21, 2.4533520636e-21],
        "stdev": [0.000149419021909, 0.00354606495239, 0.000465999561129, 7.58834430599e-05, 0.000253278703894, 0.00024522820604, 0.000426263693953, 0.00360156688839, 0.00380947766826, 0.00231693149544, 0.00114873133134, 0.000827632320579, 0.000808801152743, 0.000806842581369, 0.000704742851667, 0.000647419074085, 0.000578487000894, 0.000556560989935, 0.000523616618011, 0.000434963323642, 0.000354451360181, 0.000159768736921, 6.89895241521e-05, 2.77652980003e-05, 1.74275173777e-05, 7.820924111e-06, 3.45016304415e-09]
    },
    "erbbands": {
        "max": [1.18448328972, 7.84108781815, 7.90514135361, 2.69350981712, 3.29421520233, 6.18126726151, 10.7266178131, 21.6212711334, 38.4030838013, 334.798431396, 319.395843506, 524.043579102, 795.747802734, 451.976074219, 250.587478638, 202.406082153, 340.681549072, 298.08102417, 254.165924072, 187.156799316, 227.739242554, 277.571807861, 233.899963379, 202.603729248, 217.496414185, 179.006072998, 147.341247559, 78.7502975464, 41.048576355, 22.9532985687, 14.57554245, 4.05501127243, 1.9956343174, 1.12803280354, 0.685667455196, 0.384363800287, 0.151339754462, 0.00262858951464, 0.000105216764496, 7.5360374467e-05],
        "mean": [0.0232062172145, 0.161690860987, 0.209638759494, 0.138045027852, 0.242629811168, 0.568037748337, 1.1304847002, 1.50808107853, 2.71090102196, 24.422492981, 27.5645446777, 42.1471214294, 48.5853118896, 36.6594009399, 31.2443504333, 21.2390937805, 27.3271522522, 30.0768013, 28.1731891632, 27.2869930267, 23.773525238, 18.7695159912, 15.4219942093, 12.1435928345, 9.94697761536, 7.97100400925, 7.12694978714, 5.57616329193, 3.59786701202, 2.23533773422, 1.32866811752, 0.683129429817, 0.384221345186, 0.208892926574, 0.103428021073, 0.0455957725644, 0.00747802993283, 0.000167270700331, 1.4228398868e-05, 1.52511756824e-05],
        "min": [1.84304223859e-22, 5.05758138626e-21, 1.47731791683e-20, 1.54361918943e-20, 1.1028639164e-20, 4.54983684287e-20, 2.24442689616e-19, 3.20163306317e-19, 6.5645916782e-19, 1.38193673499e-18, 6.1784063826e-19, 1.23173914052e-18, 1.28350058773e-18, 2.70339209154e-18, 2.53195146496e-18, 2.99967826079e-18, 5.86560927474e-18, 4.94843099795e-18, 4.86560912553e-18, 5.01480769261e-18, 7.89697336685e-18, 1.12146707267e-17, 6.74300760869e-18, 6.66082307893e-18, 1.29858257184e-17, 1.28183596947e-17, 1.48532603975e-17, 1.60319596832e-17, 1.59835150234e-17, 2.17210829432e-17, 1.96408924475e-17, 1.10702664985e-17, 1.39131481246e-17, 1.23237280222e-17, 7.13445677151e-18, 5.33723525076e-18, 2.95580790982e-18, 1.40381338744e-18, 3.53343019952e-19, 3.32554135851e-20],
        "stdev": [0.117456436157, 0.74745285511, 0.74508702755, 0.258736878633, 0.391549438238, 0.846149861813, 1.57571256161, 2.64931488037, 4.57313013077, 56.2436447144, 46.5533638, 75.2304763794, 91.8843994141, 63.8494720459, 42.0093460083, 26.7998905182, 36.561164856, 41.7029075623, 36.72240448, 35.6149597168, 35.1755638123, 32.4015464783, 33.2975692749, 27.7961177826, 24.2888450623, 20.454580307, 16.2795181274, 11.4199800491, 6.39337968826, 3.38967227936, 1.73402607441, 0.763842046261, 0.404475688934, 0.222905755043, 0.113775849342, 0.0513517074287, 0.0106504410505, 0.000219694484258, 1.49739062181e-05, 1.66373629327e-05]
    },
    "gfcc": {
        "mean": [-98.5353775024, 84.6705703735, -171.244766235, -6.52076244354, -76.3490829468, 19.7019138336, -38.7182922363, 8.40993499756, -16.2228546143, -0.0890949442983, -16.0976524353, -5.80038976669, -6.93074321747],
        "cov": [[16028.921875, -4606.578125, -3576.21459961, 518.198669434, -663.534057617, 934.110351562, 227.959091187, 1221.25219727, -450.841064453, 470.895050049, -1082.73937988, 326.828918457, -240.906082153], [-4606.578125, 5817.72119141, 2736.8684082, -191.821517944, 494.209136963, -533.718139648, 130.40663147, -640.523803711, 569.231018066, -384.399169922, 907.571594238, -381.919067383, 167.651016235], [-3576.21459961, 2736.8684082, 1721.72595215, 26.9469032288, 377.212646484, -191.655593872, 96.3562698364, -313.239135742, 292.30947876, -150.541992188, 415.096130371, -185.510665894, 50.4534683228], [518.198669434, -191.821517944, 26.9469032288, 297.556945801, 92.8853225708, 151.875076294, 83.8485488892, 54.8491973877, -33.5229492188, 22.0545978546, -87.053527832, 3.37168502808, 8.5678691864], [-663.534057617, 494.209136963, 377.212646484, 92.8853225708, 212.706588745, 58.2067108154, 121.844787598, 10.7119016647, 76.429069519, 0.106047667563, 97.812171936, 7.5519285202, 43.6793174744], [934.110351562, -533.718139648, -191.655593872, 151.875076294, 58.2067108154, 230.031951904, 89.9821090698, 145.843429565, -29.9497852325, 76.4996948242, -99.2983856201, 61.6487426758, 11.3537979126], [227.959091187, 130.40663147, 96.3562698364, 83.8485488892, 121.844787598, 89.9821090698, 241.137496948, 145.055709839, 81.7350006104, 30.8616580963, 37.9991264343, 24.4112148285, 40.5042419434], [1221.25219727, -640.523803711, -313.239135742, 54.8491973877, 10.7119016647, 145.843429565, 145.055709839, 266.334197998, 17.5105705261, 93.5545654297, -89.1684799194, 62.8898773193, -16.7010002136], [-450.841064453, 569.231018066, 292.30947876, -33.5229492188, 76.429069519, -29.9497852325, 81.7350006104, 17.5105705261, 146.841018677, 12.1058826447, 125.490409851, -25.5151176453, 16.2139148712], [470.895050049, -384.399169922, -150.541992188, 22.0545978546, 0.106047667563, 76.4996948242, 30.8616580963, 93.5545654297, 12.1058826447, 102.587181091, -29.5929336548, 49.6329689026, -17.6634731293], [-1082.73937988, 907.571594238, 415.096130371, -87.053527832, 97.812171936, -99.2983856201, 37.9991264343, -89.1684799194, 125.490409851, -29.5929336548, 238.974105835, -19.2809371948, 59.0056724548], [326.828918457, -381.919067383, -185.510665894, 3.37168502808, 7.5519285202, 61.6487426758, 24.4112148285, 62.8898773193, -25.5151176453, 49.6329689026, -19.2809371948, 86.5232391357, 28.2106170654], [-240.906082153, 167.651016235, 50.4534683228, 8.5678691864, 43.6793174744, 11.3537979126, 40.5042419434, -16.7010002136, 16.2139148712, -17.6634731293, 59.0056724548, 28.2106170654, 90.0797958374]],
        "icov": [[0.000752920168452, -0.00203420454636, 0.00266520841978, -0.0013215392828, 0.00122455193195, -0.00122205109801, 0.00055696174968, -0.00254982360639, 0.00105337088462, -0.00181703548878, 0.00259379926138, -0.0022278255783, 0.00172227004077], [-0.00203420454636, 0.00723664928228, -0.00850405637175, 0.00363204791211, -0.00277885980904, 0.00287876301445, -0.00207466701977, 0.00776505097747, -0.00446018762887, 0.00743115413934, -0.00989142805338, 0.00822300836444, -0.00496983388439], [0.00266520841978, -0.00850405637175, 0.0139855779707, -0.00503171328455, -0.000990306260064, -0.00384150026366, 0.00211510830559, -0.00622524833307, 0.00114337541163, -0.00716176116839, 0.0103792352602, -0.00655500451103, 0.00810335204005], [-0.0013215392828, 0.00363204791211, -0.00503171328455, 0.0102032255381, -0.0052085025236, -0.00143140251748, -0.00302914879285, 0.00632961839437, 0.000559409381822, 0.000856829690747, -0.00118570053019, 0.00862628873438, -0.00506219407544], [0.00122455193195, -0.00277885980904, -0.000990306260064, -0.0052085025236, 0.0217596236616, -0.0067307674326, -0.00309213204309, -0.00554085616022, 0.00338446139358, 0.000227452575928, -0.00100491591729, -0.0116425491869, 0.00389691395685], [-0.00122205109801, 0.00287876301445, -0.00384150026366, -0.00143140251748, -0.0067307674326, 0.0167125035077, 0.000240963476244, -0.000312878779368, 0.000138826595503, -0.00350110884756, 0.000746334495489, 0.00259731104597, -0.00736112752929], [0.00055696174968, -0.00207466701977, 0.00211510830559, -0.00302914879285, -0.00309213204309, 0.000240963476244, 0.0140113327652, -0.0111063625664, -0.00185815256555, 0.000302086526062, 0.00224030250683, -0.00163537438493, -0.00299775204621], [-0.00254982360639, 0.00776505097747, -0.00622524833307, 0.00632961839437, -0.00554085616022, -0.000312878779368, -0.0111063625664, 0.0273640677333, -0.0128221139312, 0.00591844134033, -0.00584372924641, 0.00582426600158, -0.000120487849927], [0.00105337088462, -0.00446018762887, 0.00114337541163, 0.000559409381822, 0.00338446139358, 0.000138826595503, -0.00185815256555, -0.0128221139312, 0.0316948704422, -0.0158207416534, -0.00373068405315, 0.00615095533431, -0.00106556538958], [-0.00181703548878, 0.00743115413934, -0.00716176116839, 0.000856829690747, 0.000227452575928, -0.00350110884756, 0.000302086526062, 0.00591844134033, -0.0158207416534, 0.0356322675943, -0.0127999195829, -0.00795507617295, 0.00724284816533], [0.00259379926138, -0.00989142805338, 0.0103792352602, -0.00118570053019, -0.00100491591729, 0.000746334495489, 0.00224030250683, -0.00584372924641, -0.00373068405315, -0.0127999195829, 0.0326627120376, -0.0141926286742, -0.000841048953589], [-0.0022278255783, 0.00822300836444, -0.00655500451103, 0.00862628873438, -0.0116425491869, 0.00259731104597, -0.00163537438493, 0.00582426600158, 0.00615095533431, -0.00795507617295, -0.0141926286742, 0.0467795692384, -0.0192984342575], [0.00172227004077, -0.00496983388439, 0.00810335204005, -0.00506219407544, 0.00389691395685, -0.00736112752929, -0.00299775204621, -0.000120487849927, -0.00106556538958, 0.00724284816533, -0.000841048953589, -0.0192984342575, 0.0294701252133]]
    },
    "melbands": {
        "max": [0.0109512638301, 0.00610149139538, 0.00044264952885, 0.000266024755547, 0.000370118563296, 0.000446761201601, 0.00047681533033, 0.00418242625892, 0.00207208399661, 0.00381978298537, 0.00399562297389, 0.00197343016043, 0.00110363052227, 0.00117172277533, 0.000459384929854, 0.000661193975247, 0.000556453480385, 0.000365576735931, 0.000370544585166, 0.00028591096634, 0.000332931493176, 0.000275083148153, 0.000246295501711, 0.000200195718207, 0.000168680329807, 0.000153207831318, 0.000176050307346, 0.000103314276203, 0.000107475047116, 6.77888892824e-05, 4.39260002167e-05, 2.90971329377e-05, 1.69997565536e-05, 1.15741540867e-05, 9.86791565083e-06, 5.83410974286e-06, 2.36439382206e-06, 1.44497607835e-06, 1.36415587804e-06, 1.04231162368e-06],
        "mean": [0.000211391583434, 0.000141922704643, 2.66357947112e-05, 2.76395094261e-05, 3.99387499783e-05, 3.30144139298e-05, 3.67448046745e-05, 0.000331830815412, 0.000203690171475, 0.00029597451794, 0.000243867878453, 0.000151529588038, 0.000109666580101, 6.9109373726e-05, 5.34379760211e-05, 6.13986630924e-05, 5.47187264601e-05, 4.54446235381e-05, 3.93653099309e-05, 3.28214482579e-05, 2.72316119663e-05, 1.98452344193e-05, 1.55985126185e-05, 1.20846343634e-05, 9.60068337008e-06, 8.03852799436e-06, 6.56129122945e-06, 4.80195194541e-06, 4.60114597445e-06, 3.79105176762e-06, 3.01619388665e-06, 2.17095953303e-06, 1.48694357449e-06, 1.13205794605e-06, 8.26056634651e-07, 5.28021359969e-07, 3.67643337995e-07, 2.75863897059e-07, 2.1870111766e-07, 1.61662200071e-07],
        "min": [3.43759155655e-24, 7.82887019358e-24, 2.65792364189e-24, 1.53563124938e-24, 7.17928110345e-24, 8.04530364926e-24, 1.10169127025e-23, 1.37734830062e-23, 4.75036417678e-24, 7.59355140783e-24, 6.23310634537e-24, 1.13579451604e-23, 6.00885764471e-24, 9.98022483303e-24, 7.88758905506e-24, 1.19671358948e-23, 8.29890113104e-24, 8.19576308971e-24, 6.38682654238e-24, 6.84443489274e-24, 1.0064626639e-23, 1.17355247553e-23, 6.05492830486e-24, 6.25957183988e-24, 4.57104504897e-24, 1.0914031041e-23, 7.37281629364e-24, 8.73439100491e-24, 6.8544116166e-24, 8.10333935719e-24, 9.70797000197e-24, 8.34396717684e-24, 1.06077171403e-23, 1.25719744835e-23, 1.09811615263e-23, 1.0009245448e-23, 5.19505966298e-24, 9.42636401375e-24, 1.14090286372e-23, 1.01409134328e-23],
        "stdev": [0.00102382176556, 0.000553370977286, 4.42729360657e-05, 3.92330621253e-05, 5.69247094973e-05, 5.51266857656e-05, 6.02420514042e-05, 0.00073666573735, 0.00030946964398, 0.000553579011466, 0.000464826909592, 0.000275701226201, 0.000154008914251, 0.000105428225652, 6.91263121553e-05, 8.4809922555e-05, 7.92742066551e-05, 6.02161380812e-05, 5.26077201357e-05, 4.43062963313e-05, 4.43005592388e-05, 3.40381375281e-05, 3.19860373565e-05, 2.64579193754e-05, 2.27430045925e-05, 1.97356439458e-05, 1.81556060852e-05, 1.21052289614e-05, 1.0814849702e-05, 8.43678390083e-06, 6.11292671238e-06, 4.06084609494e-06, 2.30729756368e-06, 1.72012391886e-06, 1.12949817321e-06, 6.81336132402e-07, 4.03648044767e-07, 2.94959050962e-07, 2.40940210006e-07, 1.78111221771e-07]
    },
    "melbands128": {
        "max": [0.00180773669854, 0.0098785655573, 0.0190487559885, 0.0125185921788, 0.00586989568546, 0.00198324001394, 0.000508430879563, 0.000288972398266, 0.000428501778515, 0.000279363419395, 0.000359389232472, 0.000580261228606, 0.000487303623231, 0.000299222563626, 0.000500534311868, 0.000748975086026, 0.000695589929819, 0.000664249993861, 0.00077944342047, 0.00461209705099, 0.00712083140388, 0.00630242703483, 0.00130031444132, 0.00255667301826, 0.00508347107098, 0.00634393747896, 0.00761102186516, 0.00390253541991, 0.00421861745417, 0.00388479139656, 0.0017185555771, 0.00205809669569, 0.00139525684062, 0.00178408797365, 0.00245717028156, 0.000991356675513, 0.000686729792506, 0.000768820289522, 0.000581892440096, 0.00155260472093, 0.000724755809642, 0.000828544609249, 0.000612161878962, 0.000722764816601, 0.000610665709246, 0.000590531737544, 0.000710260705091, 0.000504108204041, 0.000351903407136, 0.000367330794688, 0.000383226841222, 0.000312941265292, 0.000312614894938, 0.000783605326433, 0.000308485788992, 0.000285663089016, 0.000403517187806, 0.000375164672732, 0.000340160506312, 0.000361180864275, 0.000284368696157, 0.000169809980434, 0.000290553929517, 0.000196559878532, 0.000308381946525, 0.000169434642885, 0.00012749202142, 0.000367373751942, 0.000267317169346, 0.00024060413125, 0.000123585341498, 7.96715612523e-05, 9.85658844002e-05, 0.00017012169701, 0.000134120797156, 7.73899446358e-05, 6.04000633757e-05, 5.46055343875e-05, 6.94348200341e-05, 3.81555182685e-05, 3.81359204766e-05, 2.75791389868e-05, 2.53707930824e-05, 1.61406369443e-05, 1.74097094714e-05, 1.92523202713e-05, 1.90677274077e-05, 1.14980166472e-05, 1.4877868125e-05, 9.72025554802e-06, 1.10241335278e-05, 6.10078177488e-06, 3.75987747248e-06, 4.02452087656e-06, 2.25822213906e-06, 1.57323995609e-06, 2.0768907234e-06, 2.28971975957e-06, 1.87272132735e-06, 1.54379324613e-06, 1.54838255639e-06, 1.31395665903e-06, 9.95673872239e-07, 1.07151879547e-06, 1.31122533276e-06, 1.07047492293e-06, 7.28402540062e-07, 7.69854864302e-07, 4.8722728252e-07, 8.68682832333e-07, 4.19974276156e-06, 5.73013210214e-07, 1.29686270611e-07, 7.82214257811e-08, 1.29953328099e-08, 1.70190848081e-08, 1.97993288431e-09, 1.24044094441e-10, 1.17155757318e-10, 1.12954270937e-10, 1.1200836092e-10, 1.09596019759e-10, 1.08024901524e-10, 1.05144420948e-10, 1.02608865848e-10, 1.03982600308e-10, 1.02457341222e-10, 1.0187656968e-10],
        "mean": [2.54080005107e-05, 0.000174100598088, 0.000304951681755, 0.000257851701463, 0.000141395838, 4.98810295539e-05, 2.60982342297e-05, 2.13695930142e-05, 2.45128394454e-05, 2.38068805629e-05, 2.71722292382e-05, 5.62050372537e-05, 4.22956327384e-05, 2.13995281229e-05, 3.18482598232e-05, 3.88706539525e-05, 3.97773619625e-05, 2.96933067148e-05, 3.6296354665e-05, 0.000260835076915, 0.00056997674983, 0.000300665560644, 0.000114538401249, 0.000142434510053, 0.00023544607393, 0.000388126441976, 0.000385352032026, 0.000171184437932, 0.000193829240743, 0.000182241536095, 0.000112920461106, 0.000138712901389, 0.000108856838779, 9.18473815545e-05, 9.54373681452e-05, 5.15992651344e-05, 4.40462172264e-05, 5.35387298441e-05, 5.84466142755e-05, 6.37157500023e-05, 6.02636355325e-05, 6.09715607425e-05, 5.65780283068e-05, 5.08550401719e-05, 4.87388570036e-05, 4.49873114121e-05, 4.0767929022e-05, 4.04681413784e-05, 3.78248259949e-05, 3.76868410967e-05, 3.29216891259e-05, 2.77471262962e-05, 2.46235358645e-05, 3.28161513607e-05, 2.09287518373e-05, 1.78691552719e-05, 1.91839590116e-05, 1.58176062541e-05, 1.41834425449e-05, 1.52060492837e-05, 1.2427085494e-05, 9.16460339795e-06, 1.0188804481e-05, 8.7205089585e-06, 1.07508421934e-05, 8.33243302623e-06, 6.11689893049e-06, 6.76130639476e-06, 6.78602964399e-06, 6.31668490314e-06, 4.65651555714e-06, 4.13004499933e-06, 4.33862851423e-06, 5.23421158505e-06, 4.15863905801e-06, 3.69905274056e-06, 3.75303147848e-06, 3.39105781677e-06, 3.03860451822e-06, 2.45210617322e-06, 2.45827959588e-06, 1.98898214876e-06, 1.58249531523e-06, 1.50443986513e-06, 1.34622018777e-06, 1.17393881283e-06, 1.11318036033e-06, 9.42476447108e-07, 8.76793251336e-07, 6.70203689879e-07, 5.81466963467e-07, 4.85156647301e-07, 4.40616872766e-07, 3.7947876308e-07, 3.12248033651e-07, 2.93324774248e-07, 2.67647493501e-07, 2.54157498603e-07, 2.2232069341e-07, 2.0604575468e-07, 1.71191189224e-07, 1.57219119501e-07, 1.43793187135e-07, 1.33426382831e-07, 1.15287427604e-07, 1.02583072703e-07, 9.39839637226e-08, 8.45359124924e-08, 7.5144988898e-08, 7.23995228213e-08, 8.18326100216e-08, 4.17001437825e-08, 2.78501310902e-09, 3.54010126769e-10, 1.49903617297e-10, 1.46305967341e-10, 2.89548784255e-11, 3.37939311951e-12, 4.00811632148e-12, 2.87520246327e-12, 2.59033918447e-12, 2.47310050043e-12, 2.44480173953e-12, 2.37957461895e-12, 2.09885277561e-12, 1.66801219104e-12, 1.43005344979e-12, 1.38978444638e-12],
        "min": [1.44272759361e-24, 9.14336036122e-25, 2.54715475181e-24, 1.12759288699e-23, 8.77409595199e-24, 6.2175575025e-24, 3.04483684172e-24, 1.09746723565e-24, 7.85490053269e-25, 4.30446981922e-25, 1.46223612379e-24, 6.76007252981e-24, 8.7094771998e-24, 4.40193851444e-24, 6.17906779564e-24, 6.67133829975e-24, 9.29394818878e-24, 9.92139947533e-24, 1.17876329624e-23, 1.37643748182e-23, 5.25886233857e-24, 3.60185093525e-24, 1.62471090191e-24, 3.58409959273e-24, 1.13868458686e-23, 6.17938491773e-24, 3.96557537155e-24, 5.94715333913e-24, 4.38535665821e-24, 1.66075778264e-23, 1.02117499867e-23, 2.15554427972e-24, 4.02692784517e-24, 1.14725989933e-23, 1.03137205139e-23, 1.07877643868e-23, 3.953957817e-24, 6.68419357706e-24, 6.8923487264e-24, 1.86859297e-23, 4.27405903411e-24, 7.64763176719e-24, 1.25595956781e-23, 3.45868254171e-24, 9.67164690159e-24, 7.84608313853e-24, 5.1427301804e-24, 6.72379991653e-24, 6.20730822719e-24, 7.13866107772e-24, 6.60640163661e-24, 7.376217073e-24, 7.79415636945e-24, 1.1480801569e-23, 1.18538412693e-23, 1.05020602661e-23, 8.33596891612e-24, 9.61642427164e-24, 3.68289258819e-24, 1.76192753713e-24, 4.54852109798e-24, 3.40608090212e-24, 3.05409767431e-24, 5.80065082498e-24, 4.12929083066e-24, 1.43608388595e-23, 5.68900373549e-24, 7.88179881602e-24, 8.57945241224e-24, 5.99749923096e-24, 6.30506860373e-24, 6.3570805698e-24, 7.04335248087e-24, 6.10485807257e-24, 8.19364894248e-24, 7.76036235713e-24, 7.49545892085e-24, 8.51603193976e-24, 8.87876201689e-24, 7.3502114844e-24, 8.19162945857e-24, 7.54782350774e-24, 7.12963572011e-24, 1.20915645031e-23, 5.90174374441e-24, 1.32828825206e-23, 1.05249758866e-23, 1.65001917691e-23, 6.75692813024e-24, 6.43729825753e-24, 1.00967577325e-23, 1.30938367378e-23, 3.9260041364e-24, 4.09208026176e-24, 4.82027224134e-24, 9.56632608214e-24, 9.56566974986e-24, 9.07821839703e-24, 9.93762476642e-24, 9.33983543878e-24, 1.12030578437e-23, 5.24910886233e-24, 7.19530602388e-24, 9.99530785354e-24, 6.6799250507e-24, 5.21854957416e-24, 9.47571041882e-24, 6.99547099051e-24, 9.93860610939e-24, 7.52728709179e-24, 5.95221427627e-24, 7.89463752725e-24, 8.34427404373e-24, 6.96008505689e-24, 9.78858606446e-24, 8.58252660318e-24, 1.30396009729e-23, 1.2330426852e-23, 9.32835199058e-24, 9.67162165804e-24, 1.09243154206e-23, 1.0738955196e-23, 7.99807139142e-24, 9.50090584727e-24, 7.4484104676e-24, 9.45888243799e-24, 1.23367795489e-23, 8.28170238559e-24],
        "stdev": [0.000146026010043, 0.000922389910556, 0.00158005161211, 0.00114676263183, 0.000522531336173, 0.000171587758814, 5.1117320254e-05, 3.48721732735e-05, 4.55866138509e-05, 4.61184790765e-05, 4.64725162601e-05, 9.86595841823e-05, 6.60561854602e-05, 3.15886136377e-05, 6.22627412667e-05, 8.91046001925e-05, 8.08010954643e-05, 6.00460843998e-05, 8.50909709698e-05, 0.000715209229384, 0.00129353662487, 0.000842535577249, 0.000195078595425, 0.000270205608103, 0.000479610898765, 0.00085000868421, 0.000954374147113, 0.000354659889126, 0.000418877258198, 0.000434253714047, 0.000216858112253, 0.000252436526353, 0.000183280208148, 0.000182495437912, 0.000198439214728, 9.3298862339e-05, 7.28977902327e-05, 8.3752143837e-05, 9.07970315893e-05, 0.000111371569801, 9.48104134295e-05, 9.76941737463e-05, 9.0576497314e-05, 9.0625260782e-05, 7.34036730137e-05, 7.19032395864e-05, 6.74177790643e-05, 6.09615271969e-05, 5.72883946006e-05, 5.7508234022e-05, 5.07793556608e-05, 4.32510787505e-05, 3.63558392564e-05, 7.61656920076e-05, 4.0061720938e-05, 3.2260781154e-05, 4.03088197345e-05, 3.46971501131e-05, 3.41944396496e-05, 4.02347795898e-05, 3.05636458506e-05, 1.88493359019e-05, 2.68604217126e-05, 2.27064538194e-05, 3.20785402437e-05, 2.20195161091e-05, 1.40548618219e-05, 2.2553578674e-05, 2.12154009205e-05, 2.15587369894e-05, 1.24945590869e-05, 1.01000232462e-05, 1.04451819425e-05, 1.36568141897e-05, 1.04795735751e-05, 8.89632065082e-06, 8.74597208167e-06, 7.19757326806e-06, 6.91600325808e-06, 4.86244471176e-06, 5.15608371643e-06, 3.74064870812e-06, 2.82410337604e-06, 2.43254612542e-06, 2.34105573327e-06, 2.01507623387e-06, 2.02293676921e-06, 1.42818589666e-06, 1.41793964303e-06, 9.82085680334e-07, 9.10484004635e-07, 7.23724383533e-07, 5.96499546646e-07, 4.82229268073e-07, 3.74837696882e-07, 3.3742705341e-07, 3.33633266791e-07, 3.15109730309e-07, 2.75537956895e-07, 2.55103856261e-07, 2.17904968736e-07, 1.91114196468e-07, 1.81058993576e-07, 1.73385828361e-07, 1.48958747559e-07, 1.32433200406e-07, 1.16699297337e-07, 1.07684776651e-07, 9.50455074644e-08, 9.24666210267e-08, 2.15781966517e-07, 6.22242168902e-08, 7.94498422607e-09, 3.42953843102e-09, 6.38768149486e-10, 7.9622536342e-10, 1.14117985894e-10, 6.13176133132e-12, 6.45231437724e-12, 5.61873854735e-12, 5.29623523857e-12, 5.15875666837e-12, 5.06395836722e-12, 4.94186679426e-12, 4.84780141377e-12, 4.89615856539e-12, 4.83684403293e-12, 4.81065968311e-12]
    },
    "mfcc": {
        "mean": [-720.221923828, 119.90562439, -40.9094581604, -22.1766891479, -17.6007385254, -0.702246367931, -10.8933296204, 2.3952729702, 1.99707365036, 1.17555069923, 1.12621498108, 0.318115979433, -4.11111307144],
        "cov": [[12117.1621094, -5666.59570312, -2761.16015625, -434.726745605, -778.838745117, -10.5432281494, 330.484191895, 586.650268555, 872.68737793, 534.557434082, -51.2531929016, -278.965576172, -212.729629517], [-5666.59570312, 5462.17578125, 2196.41381836, 586.016967773, 568.752319336, 54.3184928894, -25.2457427979, -122.955612183, -377.01663208, -212.973007202, 235.121734619, 349.560760498, 213.271224976], [-2761.16015625, 2196.41381836, 1146.40637207, 326.78717041, 333.857147217, 116.673339844, -2.35368561745, -68.5321121216, -144.367340088, -53.5811233521, 92.0603790283, 124.411247253, 74.7934112549], [-434.726745605, 586.016967773, 326.78717041, 229.431900024, 106.547157288, 77.763381958, 65.2796783447, 32.7824363708, 4.0489821434, 17.6849937439, 32.7524833679, 24.4135360718, 11.5167951584], [-778.838745117, 568.752319336, 333.857147217, 106.547157288, 190.929916382, 87.8590393066, 21.0211544037, -16.2426834106, -35.694355011, -14.6385726929, 19.6982688904, 33.8339805603, 32.2451286316], [-10.5432281494, 54.3184928894, 116.673339844, 77.763381958, 87.8590393066, 137.586791992, 65.5408248901, 22.9061756134, 29.0025463104, 34.8293304443, -3.31391906738, -19.4066734314, -0.625143349171], [330.484191895, -25.2457427979, -2.35368561745, 65.2796783447, 21.0211544037, 65.5408248901, 134.692245483, 98.4333572388, 80.5380477905, 44.8390159607, 22.1475467682, 8.63616943359, 12.5560321808], [586.650268555, -122.955612183, -68.5321121216, 32.7824363708, -16.2426834106, 22.9061756134, 98.4333572388, 132.182113647, 108.102844238, 57.972076416, 36.9092636108, 13.1311035156, 5.58134651184], [872.68737793, -377.01663208, -144.367340088, 4.0489821434, -35.694355011, 29.0025463104, 80.5380477905, 108.102844238, 147.418395996, 85.5640335083, 29.586566925, -6.10665512085, -4.10724496841], [534.557434082, -212.973007202, -53.5811233521, 17.6849937439, -14.6385726929, 34.8293304443, 44.8390159607, 57.972076416, 85.5640335083, 98.4060821533, 38.2835044861, 5.31777954102, 4.60417795181], [-51.2531929016, 235.121734619, 92.0603790283, 32.7524833679, 19.6982688904, -3.31391906738, 22.1475467682, 36.9092636108, 29.586566925, 38.2835044861, 83.8304519653, 64.0081176758, 39.2476158142], [-278.965576172, 349.560760498, 124.411247253, 24.4135360718, 33.8339805603, -19.4066734314, 8.63616943359, 13.1311035156, -6.10665512085, 5.31777954102, 64.0081176758, 99.5637893677, 59.6706008911], [-212.729629517, 213.271224976, 74.7934112549, 11.5167951584, 32.2451286316, -0.625143349171, 12.5560321808, 5.58134651184, -4.10724496841, 4.60417795181, 39.2476158142, 59.6706008911, 69.78515625]],
        "icov": [[0.000360750680557, -8.84005494299e-05, 0.00102918315679, -0.000491015031002, 9.31926260819e-05, -0.000485894473968, 0.000531627156306, -0.00027631392004, -0.00100905983709, -0.00059500063071, 0.000199497080757, -0.00040111420094, 0.000437524868175], [-8.84005494299e-05, 0.00131931295618, -0.00260614231229, 1.02688400148e-05, 0.000457090121927, 0.00106759287883, -0.000659928831737, -0.00106174661778, 0.00168353470508, 0.00155531801283, -0.00114301755093, -0.000205168384127, -0.000693204579875], [0.00102918315679, -0.00260614231229, 0.0104947434738, -0.0042497292161, -0.00382479722612, -0.00349377607927, 0.00357611314394, 0.00152850721497, -0.00363730103709, -0.0035393491853, 0.000113223111839, -0.00189917138778, 0.00310538802296], [-0.000491015031002, 1.02688400148e-05, -0.0042497292161, 0.0109746903181, -0.00033079716377, -8.83728498593e-05, -0.00474732834846, -0.000790404039435, 0.00235126004554, -0.00102957210038, -0.000374147464754, 0.00131126970518, 0.00158032379113], [9.31926260819e-05, 0.000457090121927, -0.00382479722612, -0.00033079716377, 0.0162579081953, -0.00914591830224, 0.00168756442145, -0.000742573989555, -0.000607208989095, 0.00447688810527, 0.000296559126582, -0.00232324237004, -0.00330867897719], [-0.000485894473968, 0.00106759287883, -0.00349377607927, -8.83728498593e-05, -0.00914591830224, 0.0226615797728, -0.0113717103377, 0.00503084575757, 0.00182404951192, -0.00684252381325, 0.0021784612909, 0.00728678423911, -0.00180911342613], [0.000531627156306, -0.000659928831737, 0.00357611314394, -0.00474732834846, 0.00168756442145, -0.0113717103377, 0.0270469523966, -0.0168175194412, -0.00306404731236, 0.00194375810679, 0.00357031472959, -0.00272473320365, -0.00380160752684], [-0.00027631392004, -0.00106174661778, 0.00152850721497, -0.000790404039435, -0.000742573989555, 0.00503084575757, -0.0168175194412, 0.0349605940282, -0.0174713097513, 0.00246779201552, -0.00530649162829, -0.000933366420213, 0.00410409038886], [-0.00100905983709, 0.00168353470508, -0.00363730103709, 0.00235126004554, -0.000607208989095, 0.00182404951192, -0.00306404731236, -0.0174713097513, 0.0348918363452, -0.011780817993, -0.00261735916138, 0.00351343071088, -0.00116653554142], [-0.00059500063071, 0.00155531801283, -0.0035393491853, -0.00102957210038, 0.00447688810527, -0.00684252381325, 0.00194375810679, 0.00246779201552, -0.011780817993, 0.0315847657621, -0.014411861077, 0.00210337061435, -0.00175113405567], [0.000199497080757, -0.00114301755093, 0.000113223111839, -0.000374147464754, 0.000296559126582, 0.0021784612909, 0.00357031472959, -0.00530649162829, -0.00261735916138, -0.014411861077, 0.038794670254, -0.0178806316108, -0.00202630087733], [-0.00040111420094, -0.000205168384127, -0.00189917138778, 0.00131126970518, -0.00232324237004, 0.00728678423911, -0.00272473320365, -0.000933366420213, 0.00351343071088, 0.00210337061435, -0.0178806316108, 0.03699689731, -0.0185834281147], [0.000437524868175, -0.000693204579875, 0.00310538802296, 0.00158032379113, -0.00330867897719, -0.00180911342613, -0.00380160752684, 0.00410409038886, -0.00116653554142, -0.00175113405567, -0.00202630087733, -0.0185834281147, 0.0331377051771]]
    },
    "spectral_contrast_coeffs": {
        "max": [-0.544338643551, -0.510627150536, -0.560037255287, -0.720433354378, -0.673843502998, -0.607031404972],
        "mean": [-0.73632645607, -0.736704289913, -0.778982758522, -0.821308791637, -0.820208072662, -0.755938589573],
        "min": [-0.983607411385, -0.979175567627, -0.968373835087, -0.966234207153, -0.961066961288, -0.96272110939],
        "stdev": [0.0628589466214, 0.0877548381686, 0.0573319718242, 0.0319491662085, 0.0337973535061, 0.0468883365393]
    },
    "spectral_contrast_valleys": {
        "max": [-6.29550266266, -5.94142961502, -5.22085952759, -5.64029979706, -5.58832406998, -9.43814659119],
        "mean": [-8.68988990784, -7.31339550018, -7.27367210388, -7.60153865814, -8.37584877014, -11.3826599121],
        "min": [-27.1541633606, -26.7068195343, -27.4645576477, -27.33735466, -27.3077659607, -27.2087135315],
        "stdev": [1.61908376217, 1.38299584389, 1.63629090786, 1.83933651447, 1.9943523407, 1.82785916328]
    }
},
"rhythm": {
    "beats_count": 22,
    "beats_loudness": {
        "max": 0.0326591283083,
        "mean": 0.0118510937318,
        "min": 0.000960356090218,
        "stdev": 0.0108119202778
    },
    "bpm": 108.7657547,
    "bpm_histogram_first_peak_bpm": 110,
    "bpm_histogram_first_peak_weight": 0.368421018124,
    "bpm_histogram_second_peak_bpm": 105,
    "bpm_histogram_second_peak_spread": 0,
    "bpm_histogram_second_peak_weight": 0.095238097012,
    "danceability": 0.759352684021,
    "onset_rate": 1.25398087502,
    "beats_loudness_band_ratio": {
        "max": [0.416276216507, 0.638499617577, 0.879078149796, 0.585105657578, 0.349211484194, 0.139734908938],
        "mean": [0.0627757608891, 0.110719636083, 0.392151266336, 0.276400029659, 0.135705649853, 0.0466036200523],
        "min": [0.000263521185843, 0.00188759609591, 0.0611266978085, 0.0320666208863, 0.00341296941042, 0.000115738541353],
        "stdev": [0.0921402424574, 0.181744471192, 0.240094348788, 0.166924357414, 0.114500530064, 0.0462056398392]
    },
    "beats_position": [0.53405892849, 1.09133780003, 1.63700675964, 2.19428563118, 2.73995471001, 3.28562355042, 3.83129239082, 4.37696123123, 4.92263031006, 5.46829938889, 6.01396799088, 6.5596370697, 7.10530614853, 7.67419481277, 8.24308395386, 8.80036258698, 9.35764122009, 9.91492080688, 10.4605894089, 11.0062580109, 11.5635375977, 12.1208162308],
