{
"metadata": {
    "version": {
        "essentia": "2.1-beta5",
        "essentia_git_sha": "Undefined",
        "extractor": "music 2.0"
    },
    "audio_properties": {
        "analysis": {
            "equal_loudness": 0,
            "length": 12.7477550507,
            "sample_rate": 44100,
            "start_time": 0,
            "downmix": "mix"
        },
        "bit_rate": 192000,
        "length": 197.845626831,
        "lossless": 0,
        "number_channels": 2,
        "replay_gain": 1.25724983215,
        "sample_rate": 48000,
        "codec": "mp3",
        "md5_encoded": "2696fc144d76263f776dfb6a066c7f3c"
    },
    "tags": {
        "file_name": "Italy_Grande Amore_Il Volo.mp3",
        "encoding": ["Lavf58.29.100"]
    }
},
"lowlevel": {
    "average_loudness": 0.69271671772,
    "barkbands_crest": {
        "max": 18.6910419464,
        "mean": 7.50502204895,
        "min": 2.83947873116,
        "stdev": 2.57242512703
    },
    "barkbands_flatness_db": {
        "max": 0.209809616208,
        "mean": 0.133351743221,
        "min": 0.0783374756575,
        "stdev": 0.0251197982579
    },
    "barkbands_kurtosis": {
        "max": 8.47116661072,
        "mean": 0.86997872591,
        "min": -1.18359398842,
        "stdev": 1.22887706757
    },
    "barkbands_skewness": {
        "max": 2.26226568222,
        "mean": 0.825897157192,
        "min": -2.72316789627,
        "stdev": 0.461033433676
    },
    "barkbands_spread": {
        "max": 42.2423286438,
        "mean": 16.5012302399,
        "min": 6.42724990845,
        "stdev": 5.5920586586
    },
    "dissonance": {
        "max": 0.499999880791,
        "mean": 0.481667637825,
        "min": 0.31887498498,
        "stdev": 0.0185680314898
    },
    "dynamic_complexity": 3.53216266632,
    "erbbands_crest": {
        "max": 19.8304691315,
        "mean": 7.95982599258,
        "min": 2.82972955704,
        "stdev": 2.97728610039
    },
    "erbbands_flatness_db": {
        "max": 0.281533271074,
        "mean": 0.203594490886,
        "min": 0.0992907434702,
        "stdev": 0.0341342538595
    },
    "erbbands_kurtosis": {
        "max": 6.08139610291,
        "mean": 0.603282213211,
        "min": -1.28414213657,
        "stdev": 0.946282088757
    },
    "erbbands_skewness": {
        "max": 2.05970692635,
        "mean": 0.677785277367,
        "min": -0.822031319141,
        "stdev": 0.371381253004
    },
    "erbbands_spread": {
        "max": 48.1828155518,
        "mean": 22.8896179199,
        "min": 10.8513660431,
        "stdev": 5.24340438843
    },
    "hfc": {
        "max": 85.06690979,
        "mean": 19.767206192,
        "min": 1.19460987314e-16,
        "stdev": 18.8448390961
    },
    "loudness_ebu128": {
        "integrated": -25.6728000641,
        "loudness_range": 9.68095207214,
        "momentary": {
            "max": -20.24700737,
            "mean": -27.2995319366,
            "min": -33.9946136475,
            "stdev": 3.86796545982
        },
        "short_term": {
            "max": -21.9433078766,
            "mean": -27.4418849945,
            "min": -32.2682418823,
            "stdev": 3.39082980156
        }
    },
    "melbands_crest": {
        "max": 25.5724182129,
        "mean": 10.2190389633,
        "min": 2.42423844337,
        "stdev": 3.86287665367
    },
    "melbands_flatness_db": {
        "max": 0.212987348437,
        "mean": 0.136684700847,
        "min": 0.00622351281345,
        "stdev": 0.0286598429084
    },
    "melbands_kurtosis": {
        "max": 12.1875686646,
        "mean": 2.91693282127,
        "min": -1.23762226105,
        "stdev": 2.20061898232
    },
    "melbands_skewness": {
        "max": 3.01082372665,
        "mean": 1.25473093987,
        "min": -0.218760475516,
        "stdev": 0.576186358929
    },
    "melbands_spread": {
        "max": 145.402770996,
        "mean": 25.1797828674,
        "min": 9.85251235962,
        "stdev": 10.4167976379
    },
    "pitch_salience": {
        "max": 0.98994320631,
        "mean": 0.697424650192,
        "min": 0.32406014204,
        "stdev": 0.0748060569167
    },
    "silence_rate_20dB": {
        "max": 1,
        "mean": 1,
        "min": 1,
        "stdev": 0
    },
    "silence_rate_30dB": {
        "max": 1,
        "mean": 1,
        "min": 1,
        "stdev": 0
    },
    "silence_rate_60dB": {
        "max": 1,
        "mean": 0.103636361659,
        "min": 0,
        "stdev": 0.304788470268
    },
    "spectral_centroid": {
        "max": 11502.3876953,
        "mean": 1626.88757324,
        "min": 621.444580078,
        "stdev": 646.135559082
    },
    "spectral_complexity": {
        "max": 59,
        "mean": 23.874546051,
        "min": 0,
        "stdev": 11.8748340607
    },
    "spectral_decrease": {
        "max": 8.65917343314e-23,
        "mean": -3.43750694576e-09,
        "min": -1.42673259873e-08,
        "stdev": 2.99375946256e-09
    },
    "spectral_energy": {
        "max": 0.0592638105154,
        "mean": 0.0147668980062,
        "min": 1.09582884223e-20,
        "stdev": 0.0128485066816
    },
    "spectral_energyband_high": {
        "max": 0.00470923865214,
        "mean": 0.000692900095601,
        "min": 7.74550195948e-21,
        "stdev": 0.000818041327875
    },
    "spectral_energyband_low": {
        "max": 0.0364861600101,
        "mean": 0.00101986248046,
        "min": 3.28156354697e-23,
        "stdev": 0.00363481929526
    },
    "spectral_energyband_middle_high": {
        "max": 0.0351138785481,
        "mean": 0.00834808219224,
        "min": 1.66762671009e-21,
        "stdev": 0.00789138674736
    },
    "spectral_energyband_middle_low": {
        "max": 0.0317446812987,
        "mean": 0.00561691680923,
        "min": 3.28962015184e-22,
        "stdev": 0.0054340721108
    },
    "spectral_entropy": {
        "max": 9.7986869812,
        "mean": 7.82091283798,
        "min": 7.15378236771,
        "stdev": 0.204563826323
    },
    "spectral_flux": {
        "max": 0.154125094414,
        "mean": 0.0662727802992,
        "min": 1.04681846524e-10,
        "stdev": 0.0346357822418
    },
    "spectral_kurtosis": {
        "max": 14.6820697784,
        "mean": 3.95911836624,
        "min": -1.23661231995,
        "stdev": 1.31313169003
    },
    "spectral_rms": {
        "max": 0.00760383810848,
        "mean": 0.00346377608366,
        "min": 3.26971154145e-12,
        "stdev": 0.00155208667275
    },
    "spectral_rolloff": {
        "max": 19229.1503906,
        "mean": 1941.74682617,
        "min": 689.0625,
        "stdev": 1202.26538086
    },
    "spectral_skewness": {
        "max": 3.10876846313,
        "mean": 1.53442704678,
        "min": -0.0548262931406,
        "stdev": 0.233716219664
    },
    "spectral_spread": {
        "max": 40360080,
        "mean": 3850903,
        "min": 2711934.5,
        "stdev": 1653382.5
    },
    "spectral_strongpeak": {
        "max": 4.97924184799,
        "mean": 0.974261045456,
        "min": 3.28754223844e-09,
        "stdev": 0.795519590378
    },
    "zerocrossingrate": {
        "max": 0.50830078125,
        "mean": 0.0753870755434,
        "min": 0.033203125,
        "stdev": 0.0338119678199
    },
    "barkbands": {
        "max": [0.00257131527178, 0.0351513549685, 0.00368657894433, 0.00316038774326, 0.0140610355884, 0.00641463138163, 0.00194616895169, 0.00568891689181, 0.0165148880333, 0.02072699368, 0.0077906223014, 0.00550048379228, 0.0069788149558, 0.00578424613923, 0.0042781997472, 0.00546052167192, 0.00489830318838, 0.00354743748903, 0.00427518971264, 0.00364135787822, 0.0026180006098, 0.00103814178146, 0.000489451922476, 0.000587659247685, 0.000600571685936, 0.000207728458918, 5.12365033956e-07],
        "mean": [2.82479195448e-05, 0.000743503740523, 0.000188215097296, 0.000229784171097, 0.00057097140234, 0.00024490969372, 9.66683001025e-05, 0.000424525234848, 0.00242101913318, 0.00305515062064, 0.000943073886447, 0.000686983170453, 0.000834705948364, 0.000866676738951, 0.000687110004947, 0.000742147443816, 0.000589381670579, 0.000330294627929, 0.000262223242316, 0.000252608588198, 0.000230475532589, 0.000151144675328, 9.02736646822e-05, 6.01887841185e-05, 2.82960463664e-05, 8.3182576418e-06, 2.14790407682e-09],
        "min": [3.10873634998e-24, 1.23855390414e-23, 1.77711192626e-23, 4.7650756438e-24, 2.14333634166e-23, 2.1516985828e-23, 5.96216654545e-23, 5.00583678094e-23, 1.19989883626e-22, 1.65648105213e-22, 1.63574562236e-22, 1.35869514809e-22, 1.42746968264e-22, 1.04374527158e-22, 7.37288460899e-23, 1.23679771044e-22, 1.50058459299e-22, 2.63012031817e-22, 2.06120115395e-22, 3.22331822291e-22, 5.03373178607e-22, 5.09151982324e-22, 5.03230098171e-22, 1.1413391038e-21, 1.52196628286e-21, 1.45569065772e-21, 2.34795439016e-21],
        "stdev": [0.000159967923537, 0.00325191649608, 0.000437077862443, 0.000365778978448, 0.00132403383031, 0.000562573142815, 0.000146305057569, 0.000487763609271, 0.00278918631375, 0.00356347975321, 0.00119323667604, 0.000789397163317, 0.00100541964639, 0.000892295618542, 0.000715276109986, 0.000889528368134, 0.000673468864989, 0.000480285671074, 0.000506526092067, 0.000436203874415, 0.000338618818205, 0.000170624087332, 9.14040574571e-05, 6.15427779849e-05, 3.69853660231e-05, 1.32398627102e-05, 2.19052989081e-08]
    },
    "erbbands": {
        "max": [1.29523015022, 7.77645349503, 6.17692995071, 4.72866153717, 59.5202827454, 19.7724552155, 83.7305908203, 17.1788787842, 29.308429718, 58.8892593384, 188.580718994, 267.987304688, 944.958007812, 370.557098389, 433.055999756, 280.486297607, 284.943908691, 357.569549561, 247.327407837, 190.382415771, 303.927825928, 225.522842407, 164.922637939, 230.026184082, 181.739761353, 158.632064819, 125.315582275, 81.1334991455, 41.922580719, 21.2775306702, 14.7237567902, 10.8560781479, 11.081864357, 9.34760379791, 2.5379011631, 1.01974129677, 0.407257497311, 0.0111430436373, 0.000309066206682, 7.75092994445e-05],
        "mean": [0.0221112035215, 0.160558849573, 0.267362684011, 0.428863704205, 1.60389101505, 1.48912703991, 2.49573659897, 2.02001738548, 1.29685044289, 4.50087165833, 12.4003677368, 49.1450996399, 116.14213562, 53.920841217, 36.5079650879, 30.2811794281, 35.4777908325, 48.1682357788, 38.1390571594, 36.9605293274, 41.3763694763, 32.4065361023, 19.8109550476, 14.2139568329, 12.8550357819, 12.0415363312, 10.1650619507, 8.06661891937, 5.60706233978, 3.66147351265, 2.50364995003, 1.51594185829, 0.859367966652, 0.391714602709, 0.161290645599, 0.061302870512, 0.0103080486879, 0.000243140893872, 2.01353850571e-05, 2.02736919164e-05],
        "min": [1.48525671006e-22, 3.44902326809e-21, 1.73564642213e-20, 2.20200858967e-20, 5.86745445619e-20, 5.94639075108e-20, 1.38812151273e-19, 1.83320258492e-19, 6.73614273339e-19, 8.60732815957e-19, 1.3870047672e-18, 2.17894200559e-18, 4.86736068047e-18, 7.81588319705e-18, 4.8786231581e-18, 5.30034961288e-18, 6.64112335905e-18, 5.43762768016e-18, 3.76684361118e-18, 5.88361906462e-18, 6.29324469422e-18, 1.04858212095e-17, 1.39532713474e-17, 1.26481085538e-17, 9.68567203216e-18, 1.30839351293e-17, 2.20692829677e-17, 1.85598881552e-17, 1.85521573252e-17, 1.48183583387e-17, 1.36403935895e-17, 1.65281853326e-17, 2.35963659119e-17, 1.6004149871e-17, 1.14226901072e-17, 6.17310953155e-18, 2.50187703904e-18, 1.24715716675e-18, 2.74065642304e-19, 3.51437538325e-20],
        "stdev": [0.116682335734, 0.666686356068, 0.663087010384, 0.636801123619, 4.80308771133, 2.55092263222, 7.43109273911, 2.45695304871, 1.85360574722, 6.41087675095, 13.7251930237, 52.5865211487, 141.960128784, 55.1096954346, 46.8266677856, 35.0872879028, 41.6276741028, 51.4963722229, 38.2750549316, 39.2928657532, 49.4257545471, 36.2393264771, 26.8835124969, 26.9536075592, 22.8074645996, 20.7491645813, 15.4790496826, 11.1134634018, 6.63894033432, 3.80933403969, 2.48442459106, 1.48754131794, 0.94951415062, 0.524674117565, 0.19981084764, 0.0850877463818, 0.02227678895, 0.000617708661593, 2.29690485867e-05, 1.75692748599e-05]
    },
    "gfcc": {
        "mean": [-33.8717651367, 60.5508537292, -181.9662323, 8.91254138947, -81.3384857178, 26.041425705, -36.731678009, 12.0515928268, -23.9870452881, -5.46278524399, -26.6885814667, -6.44890546799, -3.26372647285],
        "cov": [[8323.83203125, -728.762573242, -1246.57958984, 155.341598511, -72.1725616455, 497.434356689, 200.45765686, 497.189422607, 45.6097412109, 171.628433228, -173.990127563, 84.6776885986, -45.5081481934], [-728.762573242, 2329.07348633, 1366.95727539, 685.080383301, 243.860397339, -89.1586456299, -87.1424636841, -373.235748291, -169.369125366, -247.461807251, 86.053894043, -165.306152344, -34.1978034973], [-1246.57958984, 1366.95727539, 1170.43359375, 501.989013672, 305.236328125, 5.38983678818, -25.3012428284, -178.645065308, -61.5951080322, -89.1596450806, 48.9643936157, -65.5367584229, -27.8503341675], [155.341598511, 685.080383301, 501.989013672, 380.106750488, 215.173675537, 83.6237030029, 65.8882827759, -25.2503147125, -11.4101285934, -29.3998317719, 29.0101585388, -27.9018993378, -16.0087375641], [-72.1725616455, 243.860397339, 305.236328125, 215.173675537, 237.842803955, 125.920852661, 108.240432739, 62.5758323669, 43.1170883179, 38.8934440613, 28.0493221283, 10.3225364685, -6.52836084366], [497.434356689, -89.1586456299, 5.38983678818, 83.6237030029, 125.920852661, 167.123092651, 111.421150208, 119.07384491, 63.2993659973, 67.8945541382, 6.19925403595, 25.8287734985, 0.370088160038], [200.45765686, -87.1424636841, -25.3012428284, 65.8882827759, 108.240432739, 111.421150208, 162.631393433, 108.759376526, 58.7682914734, 45.8116378784, 25.6394748688, 20.7920570374, 3.33984589577], [497.189422607, -373.235748291, -178.645065308, -25.2503147125, 62.5758323669, 119.07384491, 108.759376526, 174.700790405, 93.2581100464, 97.9898071289, 7.75658416748, 53.7468070984, 12.138010025], [45.6097412109, -169.369125366, -61.5951080322, -11.4101285934, 43.1170883179, 63.2993659973, 58.7682914734, 93.2581100464, 87.8528823853, 72.3488769531, 21.9231681824, 35.7551345825, 18.555141449], [171.628433228, -247.461807251, -89.1596450806, -29.3998317719, 38.8934440613, 67.8945541382, 45.8116378784, 97.9898071289, 72.3488769531, 110.903343201, 25.0089817047, 49.7840576172, 15.6052265167], [-173.990127563, 86.053894043, 48.9643936157, 29.0101585388, 28.0493221283, 6.19925403595, 25.6394748688, 7.75658416748, 21.9231681824, 25.0089817047, 62.422958374, 20.1332759857, 15.2722206116], [84.6776885986, -165.306152344, -65.5367584229, -27.9018993378, 10.3225364685, 25.8287734985, 20.7920570374, 53.7468070984, 35.7551345825, 49.7840576172, 20.1332759857, 57.0349960327, 20.4652366638], [-45.5081481934, -34.1978034973, -27.8503341675, -16.0087375641, -6.52836084366, 0.370088160038, 3.33984589577, 12.138010025, 18.555141449, 15.6052265167, 15.2722206116, 20.4652366638, 38.1169052124]],
        "icov": [[0.00083668687148, -0.00171794183552, 0.00269467453472, -0.00195455551147, 0.00111860176548, -0.00182325660717, 0.00144504080527, -0.00376858236268, 0.0032110712491, -0.00199103634804, 0.00317189050838, -0.00220645801164, 0.00105414388236], [-0.00171794183552, 0.00755357462913, -0.00819908455014, -5.16827421961e-05, 0.000652321381494, 0.00210309913382, -0.00261156260967, 0.0106523586437, -0.00744879618287, 0.00716235814616, -0.0116592766717, 0.00868578255177, -0.00365679222159], [0.00269467453472, -0.00819908455014, 0.0143612390384, -0.00645642727613, -0.00304926000535, -0.00353087880649, 0.00643015280366, -0.00981851294637, 0.00871783215553, -0.00819611176848, 0.0131030939519, -0.01009139698, 0.00499772047624], [-0.00195455551147, -5.16827421961e-05, -0.00645642727613, 0.0185666773468, -0.00933017861098, 0.00262807984836, -0.00447484571487, 0.00514593021944, -0.00425567710772, 0.00443823309615, -0.00458064069971, 0.0026458685752, -0.00150028977077], [0.00111860176548, 0.000652321381494, -0.00304926000535, -0.00933017861098, 0.0246688518673, -0.00998522154987, -0.00399573845789, -0.00553889526054, 0.00372047978453, -0.00348277622834, 0.0012600729242, -0.0016296786489, 0.00219504139386], [-0.00182325660717, 0.00210309913382, -0.00353087880649, 0.00262807984836, -0.00998522154987, 0.0263192672282, -0.0070853214711, -0.000905778317247, -0.00561196682975, -0.00195010669995, 2.17090400838e-05, 0.00534772826359, -0.00217216741294], [0.00144504080527, -0.00261156260967, 0.00643015280366, -0.00447484571487, -0.00399573845789, -0.0070853214711, 0.0214599892497, -0.015553092584, 0.00429773749784, 0.00396687397733, -0.00350770540535, 0.000605934474152, 0.00202179490589], [-0.00376858236268, 0.0106523586437, -0.00981851294637, 0.00514593021944, -0.00553889526054, -0.000905778317247, -0.015553092584, 0.0572974905372, -0.0320663414896, 0.00399646675214, -0.00838693510741, 0.000652288435958, -0.000794204417616], [0.0032110712491, -0.00744879618287, 0.00871783215553, -0.00425567710772, 0.00372047978453, -0.00561196682975, 0.00429773749784, -0.0320663414896, 0.0514167509973, -0.020028302446, 0.00796252023429, -0.00331843830645, -0.0059788255021], [-0.00199103634804, 0.00716235814616, -0.00819611176848, 0.00443823309615, -0.00348277622834, -0.00195010669995, 0.00396687397733, 0.00399646675214, -0.020028302446, 0.037663590163, -0.0192665345967, -0.000828284479212, 0.000220754474867], [0.00317189050838, -0.0116592766717, 0.0131030939519, -0.00458064069971, 0.0012600729242, 2.17090400838e-05, -0.00350770540535, -0.00838693510741, 0.00796252023429, -0.0192665345967, 0.0463135279715, -0.0217286124825, 0.00129177083727], [-0.00220645801164, 0.00868578255177, -0.01009139698, 0.0026458685752, -0.0016296786489, 0.00534772826359, 0.000605934474152, 0.000652288435958, -0.00331843830645, -0.000828284479212, -0.0217286124825, 0.0495155081153, -0.0176202952862], [0.00105414388236, -0.00365679222159, 0.00499772047624, -0.00150028977077, 0.00219504139386, -0.00217216741294, 0.00202179490589, -0.000794204417616, -0.0059788255021, 0.000220754474867, 0.00129177083727, -0.0176202952862, 0.039470102638]]
    },
    "melbands": {
        "max": [0.010344626382, 0.00567607488483, 0.00252973800525, 0.00324193318374, 0.00222810474224, 0.00054746348178, 0.000438630726421, 0.000731808308046, 0.00166438415181, 0.00213551940396, 0.00464012194425, 0.00145943462849, 0.00113238347694, 0.000670520530548, 0.000622600666247, 0.000772019498982, 0.000701486424077, 0.000381016463507, 0.000286966358544, 0.000350815826096, 0.000444647448603, 0.000270473479759, 0.00019375870761, 0.000135136986501, 0.000195014290512, 0.000180648770765, 0.000152490698383, 0.000101435231045, 8.95452831173e-05, 7.01208264218e-05, 4.72724459541e-05, 2.95514637401e-05, 1.42043390952e-05, 1.08029826151e-05, 9.96776907414e-06, 7.56042618377e-06, 6.57021064399e-06, 8.22149013402e-06, 1.05081044239e-05, 6.91681225362e-06],
        "mean": [0.000203181611141, 0.000161697083968, 0.000117769646749, 0.0001084294272, 8.84217006387e-05, 4.33917157352e-05, 1.87335081137e-05, 5.77822393097e-05, 0.000113005444291, 0.000357058423106, 0.000584321969654, 0.000220172354602, 0.000122634475701, 8.54426398291e-05, 7.21935939509e-05, 8.79711369635e-05, 8.86842608452e-05, 6.10973293078e-05, 5.06750693603e-05, 4.9947619118e-05, 4.84579322801e-05, 3.63987637684e-05, 2.19413686864e-05, 1.41327582242e-05, 1.11578001452e-05, 9.89466752799e-06, 9.06481363927e-06, 7.61548653827e-06, 6.29383703199e-06, 5.71208693145e-06, 4.37668177256e-06, 3.38168752023e-06, 2.46234208134e-06, 1.82806468274e-06, 1.51800020376e-06, 1.10910627882e-06, 8.54645406889e-07, 6.37471032405e-07, 4.53412440038e-07, 2.86502512381e-07],
        "min": [2.2052444889e-24, 7.81539013843e-24, 4.96242970963e-24, 4.00355310768e-24, 4.37162258985e-24, 4.25446806796e-24, 1.11179271303e-23, 9.31073435998e-24, 1.25236023216e-23, 1.52184363708e-23, 2.37993450203e-23, 3.05714208576e-23, 1.91760316255e-23, 1.47881048584e-23, 1.19098922032e-23, 1.56454089135e-23, 9.74793132885e-24, 6.45042135311e-24, 6.3995161589e-24, 8.80216677844e-24, 6.99798193477e-24, 8.54618772558e-24, 1.93219030509e-23, 7.64191568107e-24, 1.09868318585e-23, 6.14342232678e-24, 1.0263573415e-23, 7.51441840384e-24, 1.43384856969e-23, 1.04598301753e-23, 1.1489376487e-23, 1.15354585856e-23, 8.38740501372e-24, 8.50426686822e-24, 6.94822926634e-24, 9.59122174344e-24, 1.03568530616e-23, 1.62871851252e-23, 1.5721709118e-23, 1.26049993564e-23],
        "stdev": [0.000969725078903, 0.000482155010104, 0.000229322118685, 0.000267477153102, 0.000210783386137, 6.01737774559e-05, 2.84739053313e-05, 7.92412029114e-05, 0.00012834444351, 0.000397437921492, 0.000711866421625, 0.000228446850087, 0.000153090135427, 9.84983053058e-05, 8.53236269904e-05, 0.000109285625513, 9.62608028203e-05, 6.29803034826e-05, 5.36588595423e-05, 5.85067973589e-05, 6.07834335824e-05, 4.14410715166e-05, 2.91548585665e-05, 2.05024989555e-05, 2.28484677791e-05, 1.94016938622e-05, 1.67593261722e-05, 1.3169601516e-05, 1.01228870335e-05, 8.24535709398e-06, 6.07610036241e-06, 4.20049536842e-06, 2.64292793872e-06, 1.96467271962e-06, 1.57284728175e-06, 1.10633311579e-06, 8.76026945207e-07, 7.05003230905e-07, 6.08693198956e-07, 3.96336048425e-07]
    },
    "melbands128": {
        "max": [0.00257052155212, 0.0125920632854, 0.0180612653494, 0.0128576764837, 0.00497981114313, 0.00135914271232, 0.000802260241471, 0.00225781276822, 0.00824905838817, 0.00355618982576, 0.000742784119211, 0.00124956748914, 0.00425407942384, 0.00179110199679, 0.000418872572482, 0.000299596984405, 0.000496296561323, 0.000511087419, 0.000392137124436, 0.000786020245869, 0.00122940563597, 0.0011283303611, 0.00245736516081, 0.00223043281585, 0.00243964837864, 0.00357425096445, 0.00712656695396, 0.00722921267152, 0.00382441258989, 0.00203789491206, 0.00238551711664, 0.00149926601443, 0.00110316963401, 0.00313315889798, 0.000756060588174, 0.00118867470883, 0.00119763286784, 0.000722017139196, 0.000710661697667, 0.000761970528401, 0.00132893736009, 0.00187064253259, 0.000880462292116, 0.000755843415391, 0.000527953205165, 0.00057164800819, 0.000602407206316, 0.000478271307657, 0.00037204081309, 0.000462655851152, 0.000577473081648, 0.000476265791804, 0.00052331504412, 0.000837442057673, 0.000457769318018, 0.000332589755999, 0.000339243357303, 0.000237976200879, 0.000287297414616, 0.000195181841264, 0.00019233461353, 0.000156027585035, 0.000311901530949, 0.000200405629585, 0.000400212913519, 0.000225158393732, 9.92597852019e-05, 0.000190135498997, 0.000287874951027, 0.000152556152898, 0.000190817401744, 0.000138101007906, 9.57320080488e-05, 0.000133374691359, 0.000103115184174, 9.65196741163e-05, 7.3894399975e-05, 6.41345031909e-05, 5.91072748648e-05, 5.01369504491e-05, 4.35512338299e-05, 2.22717717406e-05, 2.05977357837e-05, 2.16412427108e-05, 1.40780011861e-05, 1.62035685207e-05, 1.83602351171e-05, 1.23950640045e-05, 1.49884290295e-05, 9.03518412088e-06, 7.81725520937e-06, 8.30759654491e-06, 8.13173664937e-06, 6.00160819886e-06, 9.37251388677e-06, 9.52177015279e-06, 7.62612671679e-06, 1.16082264867e-05, 7.29922703613e-06, 1.51879348778e-05, 8.3323511717e-06, 6.23838832325e-06, 2.75680872619e-06, 3.42673411069e-06, 2.52101131082e-06, 2.9161551538e-06, 4.18810031988e-06, 1.4850346588e-06, 2.094770025e-06, 2.91484457193e-06, 2.18080208469e-06, 2.37222775468e-06, 1.29136049054e-06, 5.75944454795e-07, 8.46119174724e-09, 1.48352814477e-08, 2.43670150724e-09, 2.39076647368e-09, 2.34126429355e-09, 2.26246976709e-09, 2.20347695645e-09, 2.17560902627e-09, 2.1327304367e-09, 2.09651140892e-09, 2.05830996691e-09, 2.04027106321e-09, 2.03379069141e-09, 2.02000127736e-09],
        "mean": [2.58835316345e-05, 0.00016653057537, 0.00028571713483, 0.000261392153334, 0.000167434613104, 7.69335092627e-05, 5.96616482653e-05, 0.000145317491842, 0.000194550375454, 8.27519179438e-05, 6.49697976769e-05, 0.00012165895896, 9.62656922638e-05, 4.68101643492e-05, 5.71632263018e-05, 3.05644789478e-05, 1.95438442461e-05, 1.59374740178e-05, 1.67707821674e-05, 4.8771406e-05, 8.2052545622e-05, 7.39121605875e-05, 0.000106775965833, 0.000156524998602, 0.000243511793087, 0.00043776066741, 0.000632901326753, 0.000751798856072, 0.000388712855056, 0.000250676268479, 0.000167269332451, 0.000130162821733, 0.000121221404697, 0.000128754894831, 7.40859322832e-05, 8.39816930238e-05, 7.95349333202e-05, 6.96561328368e-05, 7.08999796188e-05, 6.8526918767e-05, 9.74062786554e-05, 0.000106708197563, 9.27315340959e-05, 8.16672327346e-05, 6.1930535594e-05, 5.87335707678e-05, 5.87032045587e-05, 4.82713185193e-05, 4.92145445605e-05, 4.90403508593e-05, 4.93275620101e-05, 5.30009128852e-05, 4.5503682486e-05, 5.05706266267e-05, 4.65867378807e-05, 3.51447888534e-05, 2.87268958346e-05, 2.17711785808e-05, 2.1244670279e-05, 1.80258557521e-05, 1.37145234476e-05, 1.09752090793e-05, 1.18227435451e-05, 1.01127179732e-05, 1.22681640278e-05, 1.02928152046e-05, 7.97069515102e-06, 9.08657148102e-06, 9.55843188422e-06, 8.87771057023e-06, 8.04654609965e-06, 6.6798734224e-06, 6.21321169092e-06, 6.22440575171e-06, 6.24677886663e-06, 6.52867629469e-06, 4.97310384162e-06, 4.59699595012e-06, 4.4012735998e-06, 4.09980020777e-06, 3.76176558348e-06, 3.03146362057e-06, 2.44480884248e-06, 2.61238960775e-06, 2.3226527901e-06, 1.79876428774e-06, 1.77151309799e-06, 1.59883768447e-06, 1.57127192324e-06, 1.43785189266e-06, 1.13344049169e-06, 1.05433059616e-06, 9.73651935965e-07, 8.38967480377e-07, 8.23949335427e-07, 6.90288686656e-07, 6.02531827099e-07, 5.46280830349e-07, 4.67026723072e-07, 4.17477480141e-07, 3.18608073258e-07, 2.70994462426e-07, 2.34258209275e-07, 2.00887384949e-07, 1.81091039053e-07, 1.62248838365e-07, 1.31131798753e-07, 1.08208539018e-07, 9.96188234126e-08, 9.85590276059e-08, 9.76080158921e-08, 6.1193226486e-08, 6.18634921068e-09, 1.9834129894e-09, 1.83640422313e-10, 1.46330572659e-10, 3.29417881861e-11, 7.63293248052e-12, 7.46751618874e-12, 7.27921802696e-12, 7.05985964133e-12, 6.98483111627e-12, 6.87181778494e-12, 6.72457488998e-12, 6.32388585942e-12, 5.72356398387e-12, 5.41010292121e-12, 5.33430461261e-12],
        "min": [3.83289493306e-25, 1.02916992645e-24, 1.22035795962e-24, 7.56321497286e-24, 8.67258059754e-24, 9.20966628967e-24, 4.22367014936e-24, 2.44430563078e-24, 8.28909953429e-24, 2.47091331747e-24, 3.34770282855e-24, 3.19612083903e-24, 5.23606662499e-24, 5.02295703473e-24, 4.1292486266e-24, 2.73512511995e-24, 7.14342895303e-24, 1.43706144238e-23, 1.48887508881e-23, 8.40103731902e-24, 6.38231859674e-24, 1.02395431341e-23, 1.3298039694e-23, 1.56086401067e-23, 1.07479829202e-23, 1.20009504175e-23, 3.30174986644e-23, 2.48452736064e-23, 1.77330157032e-23, 2.0847160878e-23, 4.29129288388e-23, 3.49022798491e-23, 1.41429444334e-23, 8.58944570218e-24, 1.81694987529e-23, 1.48964848805e-23, 1.45821443201e-23, 8.98039017845e-24, 1.37108868933e-23, 1.47547281535e-23, 2.04707132985e-23, 7.49631799037e-24, 7.79181581914e-24, 1.2685994861e-23, 1.16027736644e-23, 1.40211397737e-24, 5.93304968944e-24, 5.77125707879e-24, 6.52500933499e-24, 9.46155115443e-24, 1.07165570683e-23, 5.81079439293e-24, 6.39309325341e-24, 8.45281814884e-24, 6.85333639919e-24, 8.94284434367e-24, 8.1519584325e-24, 1.90460226151e-23, 2.92162745739e-23, 6.93604215422e-24, 4.93533864842e-24, 7.48992032843e-24, 1.23338891625e-23, 9.25758958966e-24, 1.44274218753e-23, 4.61505283786e-24, 1.73389280106e-24, 8.39144634814e-24, 1.5842543676e-23, 6.91360221691e-24, 9.09225538798e-24, 3.43146644605e-24, 1.24070023689e-23, 1.75188683664e-23, 1.63447372614e-23, 1.10909346767e-23, 5.85492918842e-24, 1.11144963742e-23, 1.07851177584e-23, 1.36322516606e-23, 1.54072975601e-23, 8.40542890768e-24, 8.12288338612e-24, 9.90921867409e-24, 7.41096481815e-24, 6.56754195399e-24, 1.16583804696e-23, 6.17799691697e-24, 6.56756049222e-24, 4.64936749838e-24, 1.38856684932e-23, 8.78055435622e-24, 8.41452526278e-24, 8.61848130552e-24, 1.43978285473e-23, 1.02235892111e-23, 1.96927244743e-23, 2.01125357377e-23, 1.296262787e-23, 1.63897938409e-23, 1.55456779624e-23, 1.10179800313e-23, 9.11556780545e-24, 1.08459113241e-23, 1.27103272756e-23, 1.58655500154e-23, 1.43502681233e-23, 1.4549943018e-23, 8.75498816314e-24, 9.37256527774e-24, 6.82447828956e-24, 8.07738346683e-24, 7.81485450188e-24, 7.04936044553e-24, 8.72661993613e-24, 1.0525245677e-23, 1.06825500635e-23, 8.94514860637e-24, 1.18584497947e-23, 9.56340414134e-24, 7.21999263705e-24, 5.84212439821e-24, 7.12143787758e-24, 1.15424676148e-23, 1.19944360041e-23, 1.44964361605e-23, 9.40440764818e-24, 1.02640277989e-23],
        "stdev": [0.00015529547818, 0.000957881216891, 0.00148624670692, 0.00100441498216, 0.000456471694633, 0.000163523829542, 9.68324529822e-05, 0.00024319133081, 0.00066609372152, 0.000280031614238, 0.000116329509183, 0.000215800027945, 0.000370399357053, 0.000145220386912, 7.60722978157e-05, 3.62079772458e-05, 3.37709316227e-05, 3.06864094455e-05, 3.30196417053e-05, 8.74901452335e-05, 0.000129167048726, 0.000102514655737, 0.000165788165759, 0.000215273495996, 0.000304924702505, 0.000587117858231, 0.00091180956224, 0.00109732011333, 0.000495483865961, 0.000284742040094, 0.000240479886997, 0.000199595102458, 0.000170517596416, 0.000258748157648, 0.000100257595477, 0.000119491654914, 0.00012350648467, 9.87990351859e-05, 9.61697296589e-05, 0.000107862011646, 0.000149290062836, 0.000147769096657, 0.000120332646475, 0.000102972568129, 7.77515160735e-05, 7.39557581255e-05, 7.51469779061e-05, 6.30861686659e-05, 6.11591894994e-05, 6.67956992402e-05, 7.0725553087e-05, 7.75383232394e-05, 6.40626531094e-05, 8.1063262769e-05, 6.374566874e-05, 4.56627640233e-05, 4.01258803322e-05, 3.24614375131e-05, 3.53003561031e-05, 2.76545943052e-05, 2.31036465266e-05, 1.82247604243e-05, 2.70327418548e-05, 2.30837522395e-05, 3.24980865116e-05, 2.24851009989e-05, 1.27215989778e-05, 1.74246033566e-05, 2.22635135287e-05, 1.75302393473e-05, 1.67024481925e-05, 1.25503465824e-05, 1.07078440124e-05, 1.18865809782e-05, 1.01887153505e-05, 1.0256432688e-05, 7.78142020863e-06, 7.17474131307e-06, 6.73019576425e-06, 5.71479677092e-06, 5.26426128999e-06, 4.0206768972e-06, 2.9555715173e-06, 3.14451585837e-06, 2.68990447694e-06, 2.22298581321e-06, 2.27406098929e-06, 2.00689532903e-06, 1.86706620298e-06, 1.64875052633e-06, 1.28460544602e-06, 1.21462403513e-06, 1.11208680664e-06, 9.52413358846e-07, 1.04392722733e-06, 8.87022338247e-07, 7.15786939054e-07, 7.65109462009e-07, 6.09708820321e-07, 7.60768784858e-07, 4.76554106399e-07, 4.0947432467e-07, 2.80921881313e-07, 2.89240404072e-07, 2.46138910143e-07, 2.25778947538e-07, 2.20203219214e-07, 1.374027363e-07, 1.50021634227e-07, 1.83358963568e-07, 1.71340658994e-07, 1.30592198389e-07, 5.87766528781e-08, 2.8183707812e-08, 6.25654361652e-10, 7.16240233789e-10, 1.38962202856e-10, 1.0179997123e-10, 9.9690464217e-11, 9.63335869408e-11, 9.38237543213e-11, 9.26354964959e-11, 9.08073408135e-11, 8.92666565666e-11, 8.7651462477e-11, 8.69061905773e-11, 8.66416036138e-11, 8.60559054572e-11]
    },
    "mfcc": {
        "mean": [-649.119384766, 88.3195648193, -44.5456581116, -16.5488395691, -20.6785526276, 1.71858906746, -6.42921304703, 7.35932540894, 8.2065372467, 2.75343489647, -6.67497491837, -5.88051509857, -11.9971122742],
        "cov": [[4457.66308594, -1015.80725098, -855.444702148, -254.932922363, -116.669998169, 50.4207763672, 192.33921814, 317.366790771, 325.328430176, 302.450042725, 140.354217529, 81.211517334, 96.1551513672], [-1015.80725098, 1624.24560547, 1040.83544922, 648.632202148, 349.382659912, 234.621109009, 108.844688416, -44.0570373535, -166.472381592, -169.312225342, -52.1371688843, -44.9195785522, -73.3912734985], [-855.444702148, 1040.83544922, 833.458435059, 488.079223633, 312.114807129, 191.246887207, 82.4292984009, -21.8642959595, -85.9537887573, -95.5410995483, -32.5954589844, -20.3797264099, -26.8931083679], [-254.932922363, 648.632202148, 488.079223633, 405.304016113, 218.121490479, 157.064834595, 108.740837097, 33.3850250244, -32.999130249, -33.9480705261, 3.83892464638, -7.02813243866, -7.76678466797], [-116.669998169, 349.382659912, 312.114807129, 218.121490479, 218.288848877, 125.144477844, 75.0962295532, 31.1631584167, 20.1117019653, 11.6260042191, 15.3637256622, 18.2307910919, 30.5537548065], [50.4207763672, 234.621109009, 191.246887207, 157.064834595, 125.144477844, 129.466110229, 89.7493286133, 49.2380447388, 31.2763366699, 22.4077682495, 24.0157432556, 17.8453578949, 21.9376678467], [192.33921814, 108.844688416, 82.4292984009, 108.740837097, 75.0962295532, 89.7493286133, 121.2056427, 72.207572937, 40.5600204468, 36.5241928101, 38.0088043213, 23.2642841339, 27.1276111603], [317.366790771, -44.0570373535, -21.8642959595, 33.3850250244, 31.1631584167, 49.2380447388, 72.207572937, 95.0190963745, 62.1953125, 46.9092102051, 39.1028594971, 22.8250007629, 20.5508613586], [325.328430176, -166.472381592, -85.9537887573, -32.999130249, 20.1117019653, 31.2763366699, 40.5600204468, 62.1953125, 103.876419067, 74.4878540039, 37.576374054, 33.9267578125, 45.2201499939], [302.450042725, -169.312225342, -95.5410995483, -33.9480705261, 11.6260042191, 22.4077682495, 36.5241928101, 46.9092102051, 74.4878540039, 92.3893585205, 43.5703849792, 29.2633533478, 41.1851997375], [140.354217529, -52.1371688843, -32.5954589844, 3.83892464638, 15.3637256622, 24.0157432556, 38.0088043213, 39.1028594971, 37.576374054, 43.5703849792, 60.4141693115, 31.5920028687, 26.923997879], [81.211517334, -44.9195785522, -20.3797264099, -7.02813243866, 18.2307910919, 17.8453578949, 23.2642841339, 22.8250007629, 33.9267578125, 29.2633533478, 31.5920028687, 54.2222595215, 45.9694633484], [96.1551513672, -73.3912734985, -26.8931083679, -7.76678466797, 30.5537548065, 21.9376678467, 27.1276111603, 20.5508613586, 45.2201499939, 41.1851997375, 26.923997879, 45.9694633484, 80.3532104492]],
        "icov": [[0.0004298419517, -0.000191545012058, 0.00092103035422, -0.000331720890244, -0.000206726501347, -0.000235563595197, -6.03531316301e-06, -0.000792003236711, -0.000304303888697, -0.000517211970873, 0.00049112259876, -1.49282241182e-05, 0.000214716710616], [-0.000191545012058, 0.00417396519333, -0.00429245922714, -0.00139089033473, 0.00129587156698, -0.00124392635189, -0.000818694068585, 0.00106067652814, 0.00177792145405, 0.00197165226564, -0.000770286831539, -0.000739655864891, 0.000992578454316], [0.00092103035422, -0.00429245922714, 0.0127227129415, -0.00458602467552, -0.00618365267292, -0.00181456666905, 0.00231395591982, 0.000394478236558, -0.00159794185311, 0.000677884963807, 0.0023920533713, -0.000815946725197, 0.000973841582891], [-0.000331720890244, -0.00139089033473, -0.00458602467552, 0.0138195939362, -0.00292703509331, -0.00158802163787, -0.00382937374525, -0.00313272606581, 0.00396732753143, -0.000467943871627, -0.0013826553477, 0.00306034623645, -0.000712310720701], [-0.000206726501347, 0.00129587156698, -0.00618365267292, -0.00292703509331, 0.0186889581382, -0.00770294060931, 0.00211603753269, 0.000791836471763, -0.00243448605761, -0.002222773619, -0.000119013631775, 0.000235539439018, -0.00442729284987], [-0.000235563595197, -0.00124392635189, -0.00181456666905, -0.00158802163787, -0.00770294060931, 0.032794367522, -0.0135010676458, 0.000676240364555, -0.00610276777297, -0.00152595050167, 0.000385546241887, -0.00106712302659, 0.00144349748734], [-6.03531316301e-06, -0.000818694068585, 0.00231395591982, -0.00382937374525, 0.00211603753269, -0.0135010676458, 0.028783487156, -0.0138466907665, 0.00456643570215, -0.00230988068506, -0.00320284464397, 0.000998368253931, -0.00451477896422], [-0.000792003236711, 0.00106067652814, 0.000394478236558, -0.00313272606581, 0.000791836471763, 0.000676240364555, -0.0138466907665, 0.0340339243412, -0.0149295357987, 0.00448919134215, -0.00648505473509, -0.00201318576001, 0.00665593706071], [-0.000304303888697, 0.00177792145405, -0.00159794185311, 0.00396732753143, -0.00243448605761, -0.00610276777297, 0.00456643570215, -0.0149295357987, 0.0362056605518, -0.0162844322622, 0.00394887523726, -0.00298308464698, -0.00494007579982], [-0.000517211970873, 0.00197165226564, 0.000677884963807, -0.000467943871627, -0.002222773619, -0.00152595050167, -0.00230988068506, 0.00448919134215, -0.0162844322622, 0.0355516374111, -0.0134076504037, 0.0051933452487, -0.00404139608145], [0.00049112259876, -0.000770286831539, 0.0023920533713, -0.0013826553477, -0.000119013631775, 0.000385546241887, -0.00320284464397, -0.00648505473509, 0.00394887523726, -0.0134076504037, 0.0361966267228, -0.01624013111, 0.00386782619171], [-1.49282241182e-05, -0.000739655864891, -0.000815946725197, 0.00306034623645, 0.000235539439018, -0.00106712302659, 0.000998368253931, -0.00201318576001, -0.00298308464698, 0.0051933452487, -0.01624013111, 0.0458186045289, -0.0220093391836], [0.000214716710616, 0.000992578454316, 0.000973841582891, -0.000712310720701, -0.00442729284987, 0.00144349748734, -0.00451477896422, 0.00665593706071, -0.00494007579982, -0.00404139608145, 0.00386782619171, -0.0220093391836, 0.0306099522859]]
    },
    "spectral_contrast_coeffs": {
        "max": [-0.520893931389, -0.618090689182, -0.606433928013, -0.720736980438, -0.744071245193, -0.630721092224],
        "mean": [-0.719123542309, -0.77284860611, -0.760831713676, -0.823418736458, -0.81342703104, -0.72277456522],
        "min": [-0.951462507248, -0.996716320515, -0.99541246891, -0.975256800652, -0.965287387371, -0.960777163506],
        "stdev": [0.0631051585078, 0.0515559129417, 0.0482019633055, 0.0281743071973, 0.0244904775172, 0.0333471894264]
    },
    "spectral_contrast_valleys": {
        "max": [-6.21096992493, -5.57026815414, -5.23915863037, -5.56098508835, -5.57239246368, -8.47723388672],
        "mean": [-8.34910774231, -7.00681734085, -6.64035606384, -6.91085338593, -7.3707318306, -10.5062170029],
        "min": [-27.7552318573, -27.1091880798, -27.2537441254, -27.3114814758, -27.1905841827, -27.2458076477],
        "stdev": [1.54549014568, 1.13438510895, 1.25429487228, 1.28662204742, 1.29216885567, 1.17780077457]
    }
},
"rhythm": {
    "beats_count": 18,
    "beats_loudness": {
        "max": 0.0385859534144,
        "mean": 0.0136120989919,
        "min": 0.00268908054568,
        "stdev": 0.0106778852642
    },
    "bpm": 90.4375610352,
    "bpm_histogram_first_peak_bpm": 91,
    "bpm_histogram_first_peak_weight": 0,
    "bpm_histogram_second_peak_bpm": 86,
    "bpm_histogram_second_peak_spread": 0,
    "bpm_histogram_second_peak_weight": 0.176470592618,
    "danceability": 0.701893270016,
    "onset_rate": 0.54861664772,
    "beats_loudness_band_ratio": {
        "max": [0.378015846014, 0.466328531504, 0.433059364557, 0.507724702358, 0.460335105658, 0.195596382022],
        "mean": [0.113120406866, 0.113585472107, 0.258511692286, 0.325065851212, 0.185764253139, 0.0602770447731],
        "min": [5.41124136362e-05, 0.00199915189296, 0.104244410992, 0.121546268463, 0.0300907529891, 0.00940502993762],
        "stdev": [0.124170817435, 0.137297332287, 0.0856540426612, 0.124569311738, 0.134135872126, 0.0449395291507]
    },
    "beats_position": [0.673378646374, 1.369977355, 2.06657600403, 2.76317453384, 3.42494320869, 4.08671188354, 4.74848079681, 5.41024923325, 6.06040811539, 6.72217655182, 7.38394546509, 8.03410434723, 8.68426322937, 9.33442115784, 9.99619007111, 10.6579589844, 11.3081178665, 11.9582767487],
