{
"metadata": {
    "version": {
        "essentia": "2.1-beta5",
        "essentia_git_sha": "Undefined",
        "extractor": "music 2.0"
    },
    "audio_properties": {
        "analysis": {
            "equal_loudness": 0,
            "length": 32.4963264465,
            "sample_rate": 44100,
            "start_time": 29.0017242432,
            "downmix": "mix"
        },
        "bit_rate": 192000,
        "length": 195.720993042,
        "lossless": 0,
        "number_channels": 2,
        "replay_gain": 1.20589637756,
        "sample_rate": 48000,
        "codec": "mp3",
        "md5_encoded": "4f0c417c8686ded772dd2f684b61a730"
    },
    "tags": {
        "file_name": "Spain_Amanecer_Edurne.mp3",
        "encoding": ["Lavf58.29.100"]
    }
},
"lowlevel": {
    "average_loudness": 0.809132814407,
    "barkbands_crest": {
        "max": 22.8821640015,
        "mean": 11.0690040588,
        "min": 3.28084492683,
        "stdev": 3.60489416122
    },
    "barkbands_flatness_db": {
        "max": 0.254122376442,
        "mean": 0.156869962811,
        "min": 0.0670650824904,
        "stdev": 0.035593021661
    },
    "barkbands_kurtosis": {
        "max": 16.0315036774,
        "mean": 0.946697473526,
        "min": -1.78391802311,
        "stdev": 1.98190534115
    },
    "barkbands_skewness": {
        "max": 3.31124424934,
        "mean": 0.72032892704,
        "min": -1.88121140003,
        "stdev": 0.76487404108
    },
    "barkbands_spread": {
        "max": 101.250076294,
        "mean": 22.9123096466,
        "min": 5.3555059433,
        "stdev": 10.6893405914
    },
    "dissonance": {
        "max": 0.5,
        "mean": 0.453021913767,
        "min": 0.298618882895,
        "stdev": 0.03330123052
    },
    "dynamic_complexity": 3.01476073265,
    "erbbands_crest": {
        "max": 28.3194217682,
        "mean": 12.2809391022,
        "min": 3.37783789635,
        "stdev": 5.45511627197
    },
    "erbbands_flatness_db": {
        "max": 0.321877807379,
        "mean": 0.195171371102,
        "min": 0.089727923274,
        "stdev": 0.0457101538777
    },
    "erbbands_kurtosis": {
        "max": 19.0086193085,
        "mean": 0.849701583385,
        "min": -1.82503473759,
        "stdev": 1.92612457275
    },
    "erbbands_skewness": {
        "max": 2.74015784264,
        "mean": 0.414302706718,
        "min": -1.74255812168,
        "stdev": 0.638747930527
    },
    "erbbands_spread": {
        "max": 98.5625457764,
        "mean": 26.8878555298,
        "min": 3.56108736992,
        "stdev": 14.0738840103
    },
    "hfc": {
        "max": 98.8144073486,
        "mean": 22.3670921326,
        "min": 0.371610999107,
        "stdev": 18.1637458801
    },
    "loudness_ebu128": {
        "integrated": -24.4568157196,
        "loudness_range": 6.54329299927,
        "momentary": {
            "max": -20.168762207,
            "mean": -25.5412464142,
            "min": -33.1192550659,
            "stdev": 3.20642566681
        },
        "short_term": {
            "max": -21.2160930634,
            "mean": -25.2484111786,
            "min": -28.9243278503,
            "stdev": 2.44015169144
        }
    },
    "melbands_crest": {
        "max": 29.2677669525,
        "mean": 15.1591959,
        "min": 4.63899755478,
        "stdev": 5.00361728668
    },
    "melbands_flatness_db": {
        "max": 0.334373086691,
        "mean": 0.205910697579,
        "min": 0.0862168744206,
        "stdev": 0.0398816391826
    },
    "melbands_kurtosis": {
        "max": 33.4317474365,
        "mean": 3.84076666832,
        "min": -1.50920450687,
        "stdev": 4.71279811859
    },
    "melbands_skewness": {
        "max": 4.99555015564,
        "mean": 1.39001584053,
        "min": -1.23341107368,
        "stdev": 1.01769602299
    },
    "melbands_spread": {
        "max": 82.5249710083,
        "mean": 28.0152072906,
        "min": 5.29929637909,
        "stdev": 11.3624038696
    },
    "pitch_salience": {
        "max": 0.764280974865,
        "mean": 0.50577300787,
        "min": 0.25628131628,
        "stdev": 0.078288435936
    },
    "silence_rate_20dB": {
        "max": 1,
        "mean": 1,
        "min": 1,
        "stdev": 0
    },
    "silence_rate_30dB": {
        "max": 1,
        "mean": 1,
        "min": 1,
        "stdev": 0
    },
    "silence_rate_60dB": {
        "max": 1,
        "mean": 0.0085653103888,
        "min": 0,
        "stdev": 0.0921520590782
    },
    "spectral_centroid": {
        "max": 2858.65087891,
        "mean": 1438.82653809,
        "min": 408.01373291,
        "stdev": 440.769989014
    },
    "spectral_complexity": {
        "max": 45,
        "mean": 17.255531311,
        "min": 1,
        "stdev": 8.18218994141
    },
    "spectral_decrease": {
        "max": -1.90596344263e-10,
        "mean": -6.470894931e-09,
        "min": -2.50453702222e-08,
        "stdev": 4.62635219023e-09
    },
    "spectral_energy": {
        "max": 0.0997417196631,
        "mean": 0.0264513865113,
        "min": 0.000753062136937,
        "stdev": 0.0189070254564
    },
    "spectral_energyband_high": {
        "max": 0.00844453740865,
        "mean": 0.000415725633502,
        "min": 3.84094255423e-06,
        "stdev": 0.000668813649099
    },
    "spectral_energyband_low": {
        "max": 0.0527256764472,
        "mean": 0.00757036684081,
        "min": 0.000192728533875,
        "stdev": 0.00820648297668
    },
    "spectral_energyband_middle_high": {
        "max": 0.0839434489608,
        "mean": 0.011066316627,
        "min": 9.7532167274e-05,
        "stdev": 0.0121115008369
    },
    "spectral_energyband_middle_low": {
        "max": 0.0435500480235,
        "mean": 0.00765951862559,
        "min": 0.000123155361507,
        "stdev": 0.00659020524472
    },
    "spectral_entropy": {
        "max": 8.61910152435,
        "mean": 7.28088665009,
        "min": 6.07425785065,
        "stdev": 0.459244757891
    },
    "spectral_flux": {
        "max": 0.209107980132,
        "mean": 0.0696199387312,
        "min": 0.0161211453378,
        "stdev": 0.0381536521018
    },
    "spectral_kurtosis": {
        "max": 23.9431438446,
        "mean": 6.10361385345,
        "min": -1.34092116356,
        "stdev": 2.87339925766
    },
    "spectral_rms": {
        "max": 0.00986453238875,
        "mean": 0.00476105604321,
        "min": 0.000857143371832,
        "stdev": 0.00177160243038
    },
    "spectral_rolloff": {
        "max": 9108.54492188,
        "mean": 1411.30847168,
        "min": 236.865234375,
        "stdev": 899.430175781
    },
    "spectral_skewness": {
        "max": 3.64707064629,
        "mean": 1.76769709587,
        "min": 0.260744810104,
        "stdev": 0.395420998335
    },
    "spectral_spread": {
        "max": 13301230,
        "mean": 3783633.5,
        "min": 2188937.25,
        "stdev": 1134568.5
    },
    "spectral_strongpeak": {
        "max": 10.8838863373,
        "mean": 1.8629488945,
        "min": 0,
        "stdev": 2.01472306252
    },
    "zerocrossingrate": {
        "max": 0.23193359375,
        "mean": 0.0536311268806,
        "min": 0.00732421875,
        "stdev": 0.0208088438958
    },
    "barkbands": {
        "max": [0.00813297368586, 0.0387775599957, 0.0110207758844, 0.00652179773897, 0.0104833934456, 0.0293104574084, 0.0251874141395, 0.0212737377733, 0.0315916612744, 0.0791811048985, 0.0350562334061, 0.0344704836607, 0.0224291998893, 0.026218559593, 0.0257964823395, 0.0181208681315, 0.0212537050247, 0.00956143066287, 0.00283855642192, 0.00340921012685, 0.00139056297485, 0.00126974575687, 0.00210748263635, 0.00460592517629, 0.00401103403419, 0.000615410681348, 3.12561667215e-07],
        "mean": [0.000909906462766, 0.00572163332254, 0.000783126393799, 0.000395198323531, 0.00078717636643, 0.00248418329284, 0.0015741038369, 0.000450210645795, 0.00166723574512, 0.00207724957727, 0.00353890028782, 0.000810997153167, 0.000837438565213, 0.000815935083665, 0.00142592319753, 0.000455924746348, 0.000476413726574, 0.000378733006073, 0.000253359903581, 0.000334442098392, 6.68937209412e-05, 3.93495538447e-05, 4.13315174228e-05, 5.87739123148e-05, 5.82567699894e-05, 8.7193257059e-06, 1.65481506276e-09],
        "min": [2.62625519554e-07, 6.2569633883e-05, 1.13357782539e-06, 4.06081795745e-07, 2.6965633424e-06, 5.18005845151e-06, 2.72938268608e-06, 1.45384569805e-06, 5.2094410421e-06, 2.60761976278e-06, 6.73551221553e-06, 5.24187544215e-06, 2.53323651123e-06, 2.94923120236e-06, 3.09359461426e-06, 2.88801811621e-06, 7.47393585243e-07, 1.3708501001e-06, 1.89594732092e-06, 2.37199219555e-06, 3.32991390906e-07, 4.09070906926e-07, 2.99059109921e-07, 2.32628195818e-07, 1.97010336933e-07, 1.15890930186e-09, 2.07897310478e-10],
        "stdev": [0.00120906205848, 0.00660122698173, 0.00125942565501, 0.000706186052412, 0.00119800108951, 0.00397044373676, 0.00310603855178, 0.00138848391362, 0.00365711841732, 0.00608665589243, 0.00604402134195, 0.00263642822392, 0.00195973948576, 0.00237060454674, 0.00300863478333, 0.00110852287617, 0.00122689025011, 0.000769206730183, 0.000351658876752, 0.000457531627035, 0.000102057594631, 9.54238203121e-05, 0.000130223270389, 0.000221169757424, 0.00017513212515, 2.78718889604e-05, 9.34024679822e-09]
    },
    "erbbands": {
        "max": [1.82552683353, 7.66752529144, 11.7835187912, 15.8222122192, 18.2819213867, 55.1515083313, 134.826904297, 380.777648926, 428.563659668, 467.958068848, 480.84564209, 662.503479004, 1643.99084473, 1314.5, 1076.86889648, 1003.07208252, 1124.33789062, 1554.86645508, 1451.06530762, 1092.07739258, 1104.15893555, 725.48059082, 555.294677734, 339.197265625, 158.720199585, 147.71206665, 77.6325149536, 54.885219574, 51.0089988708, 67.5301971436, 63.6670837402, 95.7662277222, 60.4196434021, 53.404548645, 22.8562755585, 4.17691755295, 0.727187693119, 0.0149170765653, 0.000609751790762, 0.000147209342686],
        "mean": [0.244510099292, 0.959252297878, 1.03920996189, 1.24817788601, 1.35683524609, 3.61282539368, 10.5880031586, 22.7597084045, 19.8494205475, 19.5571746826, 14.1087312698, 34.6275444031, 54.113609314, 147.686630249, 63.1924972534, 29.6932678223, 35.9021110535, 36.8251800537, 56.0292816162, 61.5107917786, 29.4619998932, 28.1624317169, 19.8222312927, 19.4204368591, 12.7368135452, 13.0063056946, 5.37923717499, 1.96050059795, 1.5130289793, 1.1797015667, 1.21160328388, 1.2802978754, 0.919860243797, 0.757351398468, 0.351464152336, 0.0755309835076, 0.00918194279075, 0.000222195740207, 2.62443081738e-05, 3.31949340762e-05],
        "min": [0.00144977786113, 0.0165184214711, 0.00922597944736, 0.0117234168574, 0.00470579136163, 0.018201071769, 0.0433013811707, 0.0567816458642, 0.209097608924, 0.136568158865, 0.187070816755, 0.121228903532, 0.151692658663, 0.293944358826, 0.383417963982, 0.269404023886, 0.174887120724, 0.106419175863, 0.333060383797, 0.203394323587, 0.141271010041, 0.0560025461018, 0.0742354616523, 0.142533197999, 0.136916726828, 0.118296131492, 0.0499843619764, 0.0273001585156, 0.0140878316015, 0.0116080287844, 0.00797017849982, 0.00481722364202, 0.00392524851486, 0.00283942208625, 0.00096139695961, 0.000148579638335, 5.96019026489e-06, 5.40613029898e-07, 1.44192688367e-06, 1.54035501509e-06],
        "stdev": [0.28668320179, 1.1850143671, 1.41269624233, 1.96451246738, 2.05161714554, 5.99879932404, 16.0095367432, 46.8244552612, 45.7898101807, 36.5343742371, 31.2608222961, 82.1527481079, 136.855209351, 228.711791992, 105.925857544, 78.9451141357, 81.4823532104, 80.5551986694, 135.347381592, 127.181465149, 69.4082641602, 63.5604667664, 37.0836029053, 27.3355140686, 16.5488090515, 17.239812851, 6.94194889069, 3.41825580597, 3.17631816864, 4.12079668045, 3.62604832649, 5.07723093033, 3.09895586967, 2.19809103012, 1.2099583149, 0.233042627573, 0.0307728182524, 0.000704133475665, 3.75697054551e-05, 2.38746615651e-05]
    },
    "gfcc": {
        "mean": [-10.5503864288, 107.087295532, -137.992385864, 28.039522171, -54.7815856934, 22.8576831818, -34.515712738, 27.1616516113, -23.059343338, 11.2789754868, 2.11148142815, 0.0611066073179, 8.22780418396],
        "cov": [[2348.12084961, -415.288848877, -204.725128174, 128.59854126, 196.919067383, 215.898590088, -58.3493118286, 31.0709514618, -81.8932571411, -151.878479004, -321.130615234, -1.06861972809, -49.3213844299], [-415.288848877, 506.854827881, -32.5040245056, -94.5713043213, 99.6503829956, -53.6471252441, 123.869773865, -98.1555023193, -31.2391872406, -28.4485969543, 63.8826408386, -92.0417327881, 27.9722118378], [-204.725128174, -32.5040245056, 334.723022461, 84.6175079346, -86.9065475464, 52.2526283264, -82.1694946289, -11.0529851913, 63.138923645, 19.0867938995, -23.6804790497, 84.8018341064, -39.2109107971], [128.59854126, -94.5713043213, 84.6175079346, 248.932723999, -20.6962966919, -35.2667884827, -83.3779830933, -22.6412296295, 76.0754013062, -67.803894043, -73.0622406006, 65.994720459, -42.7479705811], [196.919067383, 99.6503829956, -86.9065475464, -20.6962966919, 196.885940552, 56.8156318665, 59.9305877686, -31.9426860809, -45.3148841858, 1.01599800587, -57.1536903381, -34.3848609924, 7.12117481232], [215.898590088, -53.6471252441, 52.2526283264, -35.2667884827, 56.8156318665, 229.247894287, 78.958152771, -37.8967247009, -43.6227493286, 35.9454307556, -77.6475143433, -28.3586578369, -5.30804395676], [-58.3493118286, 123.869773865, -82.1694946289, -83.3779830933, 59.9305877686, 78.958152771, 196.31211853, -23.7759075165, -82.0391311646, 24.4143047333, -2.15034484863, -76.7211837769, -10.0693674088], [31.0709514618, -98.1555023193, -11.0529851913, -22.6412296295, -31.9426860809, -37.8967247009, -23.7759075165, 139.652954102, 44.9465026855, -3.41351008415, 44.2755393982, 8.07048034668, 5.05663585663], [-81.8932571411, -31.2391872406, 63.138923645, 76.0754013062, -45.3148841858, -43.6227493286, -82.0391311646, 44.9465026855, 163.152862549, -28.2264404297, -2.42127585411, 77.819480896, 10.3071660995], [-151.878479004, -28.4485969543, 19.0867938995, -67.803894043, 1.01599800587, 35.9454307556, 24.4143047333, -3.41351008415, -28.2264404297, 141.043273926, 43.9008140564, -26.9021034241, 9.45040416718], [-321.130615234, 63.8826408386, -23.6804790497, -73.0622406006, -57.1536903381, -77.6475143433, -2.15034484863, 44.2755393982, -2.42127585411, 43.9008140564, 203.30619812, -18.1994113922, 43.3491744995], [-1.06861972809, -92.0417327881, 84.8018341064, 65.994720459, -34.3848609924, -28.3586578369, -76.7211837769, 8.07048034668, 77.819480896, -26.9021034241, -18.1994113922, 156.523544312, 20.3418197632], [-49.3213844299, 27.9722118378, -39.2109107971, -42.7479705811, 7.12117481232, -5.30804395676, -10.0693674088, 5.05663585663, 10.3071660995, 9.45040416718, 43.3491744995, 20.3418197632, 120.876235962]],
        "icov": [[0.000946973392274, 0.000307288020849, 0.00090212514624, -0.000338854879374, -0.000465392076876, -0.00116636662278, 0.00106282159686, -0.000707096653059, 0.000827577372547, 0.000788278586697, 0.000756820547394, -0.000128895961097, 0.000200483511435], [0.000307288020849, 0.0118262581527, -0.00729246390983, 0.00602042721584, -0.00826861616224, 0.00908311828971, -0.00859513226897, 0.0110569186509, -0.00733607867733, 0.00754677737132, -0.00354765285738, 0.00836816616356, -0.00324082025327], [0.00090212514624, -0.00729246390983, 0.0112562235445, -0.00517974374816, 0.00674526114017, -0.00992390979081, 0.00846116989851, -0.00726821878925, 0.00513489870355, -0.00518980575725, 0.0024916511029, -0.00772097706795, 0.0044246208854], [-0.000338854879374, 0.00602042721584, -0.00517974374816, 0.0104554053396, -0.0043548475951, 0.00631555961445, -0.00370820681565, 0.00788421556354, -0.0063726240769, 0.00553967896849, -0.00078769994434, 0.00391324190423, 0.000115246955829], [-0.000465392076876, -0.00826861616224, 0.00674526114017, -0.0043548475951, 0.0130893103778, -0.00713696377352, 0.00496579753235, -0.00688049988821, 0.00540729332715, -0.00585880782455, 0.00408951332793, -0.00572509644553, 0.00148234900553], [-0.00116636662278, 0.00908311828971, -0.00992390979081, 0.00631555961445, -0.00713696377352, 0.0170321166515, -0.0114060379565, 0.0100849773735, -0.0068058357574, 0.00352286500856, -0.000545673596207, 0.00797906890512, -0.00460938131437], [0.00106282159686, -0.00859513226897, 0.00846116989851, -0.00370820681565, 0.00496579753235, -0.0114060379565, 0.0169266480953, -0.00874752458185, 0.008155900985, -0.00433188863099, 0.00277548749, -0.00534218875691, 0.00438541779295], [-0.000707096653059, 0.0110569186509, -0.00726821878925, 0.00788421556354, -0.00688049988821, 0.0100849773735, -0.00874752458185, 0.0206299237907, -0.0111587382853, 0.0070340805687, -0.00571382697672, 0.00844429899007, -0.00213056523353], [0.000827577372547, -0.00733607867733, 0.00513489870355, -0.0063726240769, 0.00540729332715, -0.0068058357574, 0.008155900985, -0.0111587382853, 0.0163038242608, -0.00379653344862, 0.00339181046002, -0.00837942771614, 0.00107649422716], [0.000788278586697, 0.00754677737132, -0.00518980575725, 0.00553967896849, -0.00585880782455, 0.00352286500856, -0.00433188863099, 0.0070340805687, -0.00379653344862, 0.0146005731076, -0.00391824357212, 0.00594914657995, -0.00171819340903], [0.000756820547394, -0.00354765285738, 0.0024916511029, -0.00078769994434, 0.00408951332793, -0.000545673596207, 0.00277548749, -0.00571382697672, 0.00339181046002, -0.00391824357212, 0.0105463406071, -0.00156503601465, -0.0016368678771], [-0.000128895961097, 0.00836816616356, -0.00772097706795, 0.00391324190423, -0.00572509644553, 0.00797906890512, -0.00534218875691, 0.00844429899007, -0.00837942771614, 0.00594914657995, -0.00156503601465, 0.0166600290686, -0.00521336821839], [0.000200483511435, -0.00324082025327, 0.0044246208854, 0.000115246955829, 0.00148234900553, -0.00460938131437, 0.00438541779295, -0.00213056523353, 0.00107649422716, -0.00171819340903, -0.0016368678771, -0.00521336821839, 0.0122523531318]]
    },
    "melbands": {
        "max": [0.0130038326606, 0.0060532335192, 0.00246574054472, 0.00222466723062, 0.00375144043937, 0.00726488558576, 0.00586113426834, 0.00413759611547, 0.00313957920298, 0.00455790245906, 0.00951552204788, 0.0067282137461, 0.00421283906326, 0.00470548402518, 0.00208331597969, 0.00258854031563, 0.00328988465481, 0.00298359966837, 0.0028572587762, 0.000671924324706, 0.00179327197839, 0.00109417061321, 0.000693499750923, 0.000513204548042, 0.000281410320895, 8.02896320238e-05, 0.0001857226016, 0.000109386324766, 7.85956653999e-05, 3.55444426532e-05, 3.48345820385e-05, 3.37486308126e-05, 3.46083397744e-05, 4.1083429096e-05, 4.19417629018e-05, 5.74912701268e-05, 7.56416775403e-05, 5.43756868865e-05, 2.73010919045e-05, 5.46964802197e-05],
        "mean": [0.00189277925529, 0.000762327748816, 0.000211603546632, 0.000167804013472, 0.000319193757605, 0.000490482780151, 0.000319995713653, 0.000185426775715, 0.000119682226796, 0.000241383560933, 0.00027143486659, 0.000584633613471, 0.00031994987512, 9.75378206931e-05, 5.95459023316e-05, 9.69508982962e-05, 6.10193892499e-05, 8.03073926363e-05, 0.000133884779643, 3.33969474013e-05, 3.44978543581e-05, 3.267518332e-05, 1.66818281286e-05, 1.80538354471e-05, 1.60352337844e-05, 7.62945182942e-06, 1.25030610434e-05, 8.00799261924e-06, 4.29607734986e-06, 1.43062334246e-06, 9.72023144641e-07, 8.72697114573e-07, 7.12072164788e-07, 6.35041374153e-07, 6.65817424306e-07, 7.89226078268e-07, 7.75573028022e-07, 6.16218414962e-07, 6.51643460969e-07, 6.46759247047e-07],
        "min": [1.64833418239e-05, 1.86227498489e-05, 1.48766650909e-06, 7.933566053e-07, 1.10131793463e-06, 1.32407706133e-06, 2.42638384407e-06, 6.03426428825e-07, 1.04763216768e-06, 6.27406393505e-07, 6.2023599412e-07, 9.3887138064e-07, 1.26061786432e-06, 5.14155544806e-07, 4.92291746923e-07, 2.33133221172e-07, 1.75678536607e-07, 3.25525405742e-07, 2.07219429171e-07, 7.93742955807e-08, 5.51852075148e-08, 4.39762004589e-08, 6.79475675724e-08, 6.08550294601e-08, 1.00354483834e-07, 8.4072212303e-08, 8.20366778953e-08, 6.15124235992e-08, 2.50047129668e-08, 5.79052272798e-09, 1.0969694042e-09, 4.62098448395e-09, 6.63357102582e-09, 5.2235606951e-09, 4.80656492385e-09, 2.23851004399e-09, 7.32254326619e-11, 2.26252439006e-09, 1.71130620785e-09, 2.26199436959e-09],
        "stdev": [0.00215924251825, 0.000917790574022, 0.000314630626235, 0.000265338283498, 0.000441368261818, 0.000909718801267, 0.000655495619867, 0.00036399110104, 0.000270264456049, 0.000589627074078, 0.000756552850362, 0.000940081838053, 0.000537452811841, 0.000355043739546, 0.000139937052154, 0.000232129867072, 0.000160720883287, 0.000268349103862, 0.000307676673401, 6.47462074994e-05, 0.000102319638245, 8.14521263237e-05, 4.78320653201e-05, 3.37427882187e-05, 2.42374226218e-05, 9.87321982393e-06, 2.01192924578e-05, 1.16103610708e-05, 6.18933972873e-06, 2.46798549597e-06, 1.99445594262e-06, 1.89316074284e-06, 2.16983448809e-06, 2.45437786361e-06, 2.00832437258e-06, 2.70579494099e-06, 3.40171959579e-06, 2.4483128982e-06, 1.66861764228e-06, 2.08671690416e-06]
    },
    "melbands128": {
        "max": [0.00805223267525, 0.0182330384851, 0.0177973657846, 0.0122879743576, 0.00685128103942, 0.00588528439403, 0.00400105351582, 0.00311431917362, 0.00199797097594, 0.00247116363607, 0.00426369346678, 0.00412968173623, 0.00637495331466, 0.00586928520352, 0.0132938036695, 0.00814811792225, 0.0101507753134, 0.0107126245275, 0.00933030620217, 0.00827804580331, 0.00628401199356, 0.00910545885563, 0.00350579526275, 0.00447210296988, 0.0061016282998, 0.00889342930168, 0.0145745873451, 0.0108566749841, 0.027426218614, 0.0126241948456, 0.0115331271663, 0.0113130947575, 0.00791386514902, 0.00325430464, 0.0113599393517, 0.00647914223373, 0.00242467969656, 0.00293420208618, 0.00628009065986, 0.00245305756107, 0.00515731284395, 0.00289597874507, 0.00700325844809, 0.00321934791282, 0.00534278899431, 0.00630741426721, 0.00279545667581, 0.00582287693396, 0.00452670315281, 0.0012656499166, 0.00128936266992, 0.00178679975215, 0.00198756554164, 0.00466677313671, 0.00400214549154, 0.00126599438954, 0.00147693173494, 0.00119224342052, 0.00107020779978, 0.000873788027093, 0.000682626035996, 0.0014471806353, 0.000666202045977, 0.000419731833972, 0.000218258195673, 9.13191324798e-05, 6.53878887533e-05, 0.000430106738349, 0.000376543699531, 0.000320851802826, 0.000199133253773, 0.000221496709855, 0.000183020136319, 5.81683852943e-05, 5.09539713676e-05, 5.28055243194e-05, 5.96086756559e-05, 4.49030194432e-05, 4.43487660959e-05, 2.5549737984e-05, 2.81284319499e-05, 5.65748741792e-05, 2.59774351434e-05, 3.65003106708e-05, 5.07680233568e-05, 4.11052205891e-05, 5.74803634663e-05, 4.44739089289e-05, 5.02611364936e-05, 4.25645739597e-05, 4.72383435408e-05, 8.28123374959e-05, 8.50449068821e-05, 5.57835883228e-05, 0.000137832787004, 6.33537347312e-05, 3.65700216207e-05, 3.35986696882e-05, 2.47688949457e-05, 2.82223645627e-05, 3.97274634452e-05, 6.80551165715e-05, 6.61798840156e-05, 4.83279691252e-05, 2.80034219031e-05, 1.20688882816e-05, 1.25859241962e-05, 1.02627809611e-05, 9.33115552471e-06, 6.6034494921e-06, 7.24143365005e-06, 4.71171642857e-06, 1.35855043482e-06, 1.50903005647e-07, 3.52903235523e-08, 3.08367020807e-08, 5.27472376888e-09, 1.4778428481e-09, 1.42595546482e-09, 1.385933035e-09, 1.36319278088e-09, 1.31814825721e-09, 1.28360644336e-09, 1.278711248e-09, 1.23577736932e-09, 1.21942556053e-09, 1.20770449197e-09, 1.20129717285e-09],
        "mean": [0.000827789132018, 0.00222816620953, 0.00229933229275, 0.00136425462551, 0.000616042292677, 0.000370393885532, 0.000264765840257, 0.0001743483881, 0.000105571845779, 0.000166043362697, 0.000228495729971, 0.000137375900522, 0.000348166038748, 0.000528781325556, 0.000611373223364, 0.000414350040955, 0.000246017967584, 0.000323277665302, 0.000393316673581, 0.000207430013688, 8.64930116222e-05, 9.43324557738e-05, 0.000121278892038, 0.000158815775649, 0.000174750486622, 0.000326226232573, 0.000266669638222, 0.000166896861629, 0.000407074665418, 0.000327444082359, 0.000817894178908, 0.000830921519082, 0.000150599473272, 8.04810115369e-05, 0.000137148002977, 9.78142634267e-05, 4.27816230513e-05, 7.63997522881e-05, 5.06048818352e-05, 6.48358618491e-05, 0.000147401078721, 6.86871280777e-05, 6.07027468504e-05, 3.96839750465e-05, 9.52511036303e-05, 9.35105708777e-05, 3.71589194401e-05, 0.000203047326067, 0.000148921651999, 2.67691175395e-05, 2.51781038969e-05, 2.63489946519e-05, 3.66512504115e-05, 3.75726194761e-05, 3.17831072607e-05, 4.2596278945e-05, 2.23144434131e-05, 1.28721139845e-05, 1.59814881044e-05, 2.00817248697e-05, 1.62319629453e-05, 1.95535649254e-05, 1.64653374668e-05, 1.65264682437e-05, 1.37667548188e-05, 5.31455089003e-06, 3.37470123668e-06, 1.35389063871e-05, 1.74005763256e-05, 6.71769930705e-06, 6.67803760734e-06, 1.06204033727e-05, 6.18506010142e-06, 2.94658207167e-06, 2.02013529815e-06, 1.4466279481e-06, 1.15689169888e-06, 1.15126533728e-06, 9.73487203737e-07, 7.62885235872e-07, 8.53104097587e-07, 9.71459712673e-07, 7.73801161813e-07, 6.82195718582e-07, 6.90920217039e-07, 5.53118638891e-07, 6.87209308126e-07, 6.41546023417e-07, 6.66242044645e-07, 6.55012854622e-07, 7.43160740058e-07, 8.4069966988e-07, 8.51113270528e-07, 7.9247956819e-07, 7.57820032504e-07, 5.84639053614e-07, 5.87953422837e-07, 6.26089786238e-07, 6.91224613547e-07, 6.30233614629e-07, 6.38723520296e-07, 6.53024812891e-07, 6.51052459943e-07, 6.3643528847e-07, 4.22998283511e-07, 1.986774123e-07, 1.74745366621e-07, 1.41838810919e-07, 1.27092974367e-07, 9.49659337834e-08, 7.63189760278e-08, 5.12393434349e-08, 4.89119544866e-09, 3.98729549378e-10, 1.05476724577e-10, 7.48991840771e-11, 1.94251264379e-11, 6.42515944962e-12, 6.31729564493e-12, 6.17543039275e-12, 5.98424868686e-12, 5.86384196408e-12, 5.79360864839e-12, 5.65791640969e-12, 5.26350144026e-12, 4.66470698873e-12, 4.3425246038e-12, 4.27736318587e-12],
        "min": [5.24546841518e-08, 1.73733980091e-07, 1.9840351797e-06, 2.26991232921e-05, 1.37597658068e-06, 5.21868230408e-07, 3.09034419388e-07, 1.48788089405e-07, 4.72733070467e-08, 8.12281228946e-08, 5.63781270557e-08, 7.47530251033e-08, 2.93997402423e-07, 6.23830885615e-07, 6.76485569784e-07, 1.45481806157e-07, 5.77554999381e-07, 1.99893946728e-07, 8.32102173831e-08, 4.36507093582e-07, 2.1370935599e-07, 7.46519788208e-08, 3.42610690041e-07, 2.13185330722e-07, 1.74007340092e-07, 1.06591166116e-07, 6.72923547995e-08, 2.54586126403e-07, 9.99505118671e-08, 1.53496756639e-07, 1.86589943496e-07, 4.35350898442e-07, 1.18346463296e-07, 7.07756839802e-08, 6.09776833471e-08, 3.43047084073e-08, 1.24343770835e-07, 1.78877783696e-07, 2.79089135802e-07, 3.42802728426e-08, 8.80690862459e-08, 5.48892842289e-08, 1.33975049721e-07, 1.12505759375e-07, 4.13886169781e-08, 2.98587252701e-08, 7.76054775997e-08, 1.58705290687e-07, 1.20220690292e-07, 3.81746048106e-08, 1.60600901467e-08, 5.03358741355e-08, 3.79294000652e-08, 3.23098987565e-08, 5.4136233274e-09, 3.56990419448e-08, 4.71897401155e-08, 1.03375450422e-08, 2.32433396974e-08, 2.6717115631e-08, 1.69325851118e-08, 2.59991175255e-08, 2.31054571032e-08, 3.59889007484e-08, 1.64874194297e-08, 3.16779136256e-09, 1.07511857195e-08, 1.66514837474e-08, 5.96545390863e-08, 5.92446758318e-09, 2.36163835154e-08, 4.0621870312e-08, 2.6491138172e-08, 9.10918784847e-10, 1.03979092003e-09, 1.11989106877e-09, 1.33794353374e-09, 1.37804129219e-10, 1.50796718862e-11, 2.91680186948e-11, 1.27618624002e-10, 6.50222653498e-10, 4.59392107688e-10, 2.88694484984e-10, 5.79851826277e-11, 6.4551683443e-11, 1.13900178178e-09, 1.52974424794e-10, 3.46749053082e-11, 1.02079615594e-10, 4.16463030728e-10, 1.8752155384e-10, 1.0205485762e-11, 1.62637524975e-11, 1.80839319214e-11, 2.02072820282e-11, 6.93364324289e-11, 2.1717402876e-10, 3.0803440354e-10, 1.0784619725e-10, 1.91977142516e-10, 1.60607516869e-11, 1.158365244e-11, 9.16003470991e-12, 2.3371903371e-12, 1.32114479946e-12, 9.15996445361e-13, 2.08680338634e-12, 1.62174342965e-12, 1.783212575e-12, 1.35597143323e-12, 8.42872971939e-13, 8.68538639447e-13, 7.33486242663e-13, 4.99445808062e-13, 5.44766488864e-13, 5.91163131902e-13, 6.11068053796e-13, 6.90192586243e-13, 5.95190942972e-13, 6.69873390698e-13, 6.19748284809e-13, 5.3422468272e-13, 6.17210926465e-13, 4.74089951324e-13, 1.28548444133e-13, 2.18679292204e-14, 7.38868692774e-16],
        "stdev": [0.00108860654291, 0.0027416003868, 0.00270944926888, 0.00186095922254, 0.000873782439157, 0.000618378631771, 0.000450058083516, 0.000319404760376, 0.000207127901376, 0.000302059634123, 0.000446355581516, 0.000306142319459, 0.000654726813082, 0.000873122597113, 0.00166130345315, 0.000867795955855, 0.000820973364171, 0.00102703215089, 0.000702734163497, 0.000570825475734, 0.000354654097464, 0.000459144706838, 0.000322456617141, 0.000438702845713, 0.000575317186303, 0.0010321206646, 0.00105707615148, 0.000665610248689, 0.00181015208364, 0.00112244358752, 0.00152650324162, 0.00161733606365, 0.000531154568307, 0.000261299719568, 0.000693914305884, 0.000461407908006, 0.000137672846904, 0.000177129681106, 0.000287485716399, 0.00020986761956, 0.000427243270678, 0.000190291248146, 0.000276084028883, 0.000167968712049, 0.000417686474975, 0.000454436754808, 0.000127027306007, 0.000529705022927, 0.000425548612839, 8.57446866576e-05, 7.97089669504e-05, 8.42269000714e-05, 0.000127455336042, 0.000188720950973, 0.000163183154655, 0.000127524763229, 7.81879716669e-05, 6.52602611808e-05, 6.59824581817e-05, 4.46372177976e-05, 4.32308697782e-05, 6.30090144114e-05, 4.06718099839e-05, 3.98186275561e-05, 2.66248662228e-05, 9.65834715316e-06, 5.86969235883e-06, 3.12897209369e-05, 3.38924000971e-05, 1.74704837264e-05, 1.51134672706e-05, 2.12121358345e-05, 1.30106864162e-05, 5.91513753534e-06, 4.0541422095e-06, 3.28611304212e-06, 2.98611985272e-06, 2.81754182652e-06, 2.28630142374e-06, 1.92705419977e-06, 2.1478256258e-06, 2.42871897171e-06, 1.80350036771e-06, 2.24914356295e-06, 3.28817623085e-06, 2.2182621251e-06, 3.03427873405e-06, 2.37496192312e-06, 2.07580569622e-06, 2.009604259e-06, 2.38491520577e-06, 3.27355292029e-06, 3.71155397261e-06, 3.29416184286e-06, 4.58615613752e-06, 2.76504374597e-06, 2.23821280088e-06, 2.05539095077e-06, 1.86682075309e-06, 1.56507610427e-06, 1.97717918127e-06, 2.54988299275e-06, 2.43114322984e-06, 2.32210186368e-06, 1.78575498921e-06, 8.58354553657e-07, 6.75901844716e-07, 4.87181864628e-07, 4.80107587464e-07, 2.72737764817e-07, 2.82742689706e-07, 2.03810628818e-07, 4.71056083029e-08, 4.91562390792e-09, 1.10438480583e-09, 8.95056639916e-10, 1.60683535921e-10, 4.04688782485e-11, 3.90625622126e-11, 3.79695337671e-11, 3.73263538134e-11, 3.6094790351e-11, 3.51406855004e-11, 3.49735171379e-11, 3.38449303305e-11, 3.33951651055e-11, 3.30818254735e-11, 3.29054804238e-11]
    },
    "mfcc": {
        "mean": [-649.051635742, 132.641799927, -15.2343540192, 12.9743347168, 7.93148469925, -6.85739803314, 14.9356336594, 1.28575325012, 1.59930193424, 10.2956504822, -1.52398574352, 1.86168730259, 8.87658786774],
        "cov": [[2526.69726562, -472.621246338, -266.61416626, 11.4465475082, 156.03855896, 180.197906494, -44.4627914429, 204.902618408, 177.420883179, -75.8033065796, -128.547149658, -95.2945175171, -99.4687576294], [-472.621246338, 553.291442871, -125.968803406, -32.421787262, -55.2159996033, 36.7961883545, 165.239471436, -88.5299301147, -34.2198448181, 40.9428710938, 11.7576618195, -58.36951828, 21.8995780945], [-266.61416626, -125.968803406, 393.948669434, -9.80181503296, 19.5879993439, 13.1227846146, -139.197753906, 33.8794822693, -20.9659404755, -53.2817192078, 48.0078392029, 60.5846939087, -27.5124492645], [11.4465475082, -32.421787262, -9.80181503296, 191.507537842, 22.6265296936, -16.0891723633, -96.0973892212, 44.0323104858, -2.83605599403, -59.3761062622, -15.2860012054, 45.2315406799, -19.4626598358], [156.03855896, -55.2159996033, 19.5879993439, 22.6265296936, 156.279907227, -33.3634643555, -75.1993484497, 36.2874526978, 13.4049444199, -9.76726341248, -40.812122345, 25.4698696136, -0.116808332503], [180.197906494, 36.7961883545, 13.1227846146, -16.0891723633, -33.3634643555, 340.604553223, 34.4450378418, 20.6127338409, 69.2119903564, -22.955821991, 37.8299102783, -110.859489441, -49.9815139771], [-44.4627914429, 165.239471436, -139.197753906, -96.0973892212, -75.1993484497, 34.4450378418, 318.376983643, -106.73828125, -25.6414699554, 91.5788040161, 13.2083482742, -83.0918579102, 54.3695983887], [204.902618408, -88.5299301147, 33.8794822693, 44.0323104858, 36.2874526978, 20.6127338409, -106.73828125, 178.517593384, 45.5354309082, -53.5473899841, -14.4913921356, 5.95439195633, -12.3495044708], [177.420883179, -34.2198448181, -20.9659404755, -2.83605599403, 13.4049444199, 69.2119903564, -25.6414699554, 45.5354309082, 106.88961792, -2.5767993927, 1.90436911583, -40.6266746521, -22.1945438385], [-75.8033065796, 40.9428710938, -53.2817192078, -59.3761062622, -9.76726341248, -22.955821991, 91.5788040161, -53.5473899841, -2.5767993927, 127.947387695, 20.2430686951, -23.6000423431, 12.7612485886], [-128.547149658, 11.7576618195, 48.0078392029, -15.2860012054, -40.812122345, 37.8299102783, 13.2083482742, -14.4913921356, 1.90436911583, 20.2430686951, 97.1643066406, 0.642728507519, -14.9053735733], [-95.2945175171, -58.36951828, 60.5846939087, 45.2315406799, 25.4698696136, -110.859489441, -83.0918579102, 5.95439195633, -40.6266746521, -23.6000423431, 0.642728507519, 164.596099854, 0.349920123816], [-99.4687576294, 21.8995780945, -27.5124492645, -19.4626598358, -0.116808332503, -49.9815139771, 54.3695983887, -12.3495044708, -22.1945438385, 12.7612485886, -14.9053735733, 0.349920123816, 126.102172852]],
        "icov": [[0.000832850753795, 0.000828834890854, 0.0007994689513, 0.000337836274412, -0.000683460384607, -0.000368173379684, -0.000498436507769, -0.000542813213542, -0.000365665560821, 0.000575181446038, 0.000496048247442, 3.61237994184e-06, 0.000690815737471], [0.000828834890854, 0.00312225357629, 0.001294859685, 0.000233229060541, -0.000604470435064, -0.000564942136407, -0.00120403699111, -3.13768941851e-05, 0.000350723887095, 0.000813727849163, 0.000172458167071, 0.000353759533027, 0.000720417010598], [0.0007994689513, 0.001294859685, 0.00470386259258, 0.00175240158569, -0.00108580687083, -0.000880909734406, 0.00111320568249, -0.000487325654831, 0.00122664112132, 0.00172005582135, -0.0017618770944, -0.00058174575679, 0.000659818004351], [0.000337836274412, 0.000233229060541, 0.00175240158569, 0.00744638266042, -0.00045393378241, -0.00033009951585, 0.00148763391189, -0.000760316848755, 0.000762970477808, 0.00255556521006, -7.28246668587e-05, -0.00123323861044, 0.00078095367644], [-0.000683460384607, -0.000604470435064, -0.00108580687083, -0.00045393378241, 0.00909433141351, 0.00038798848982, 0.00213378435001, -8.41350993142e-05, -0.000699834548868, -0.00223395274952, 0.0033289459534, -0.00065527256811, -0.00100891815964], [-0.000368173379684, -0.000564942136407, -0.000880909734406, -0.00033009951585, 0.00038798848982, 0.00508953025565, -0.00065701600397, 0.000131274719024, -0.00194143364206, 0.00156708073337, -0.00187574978918, 0.00278329476714, 0.00114859594032], [-0.000498436507769, -0.00120403699111, 0.00111320568249, 0.00148763391189, 0.00213378435001, -0.00065701600397, 0.00769242132083, 0.00211321748793, 0.00181312498171, -0.00271198991686, -0.000276108883554, 0.00156517047435, -0.00252311304212], [-0.000542813213542, -3.13768941851e-05, -0.000487325654831, -0.000760316848755, -8.41350993142e-05, 0.000131274719024, 0.00211321748793, 0.00873403158039, -0.00254698493518, 0.00147874967661, -0.000119597156299, 0.000501710339449, -0.00126367004123], [-0.000365665560821, 0.000350723887095, 0.00122664112132, 0.000762970477808, -0.000699834548868, -0.00194143364206, 0.00181312498171, -0.00254698493518, 0.0142444735393, -0.00141136010643, -0.00106208655052, 0.00237573310733, 0.000752501713578], [0.000575181446038, 0.000813727849163, 0.00172005582135, 0.00255556521006, -0.00223395274952, 0.00156708073337, -0.00271198991686, 0.00147874967661, -0.00141136010643, 0.0129971392453, -0.00326684513129, 0.000790444435552, 0.00106322299689], [0.000496048247442, 0.000172458167071, -0.0017618770944, -7.28246668587e-05, 0.0033289459534, -0.00187574978918, -0.000276108883554, -0.000119597156299, -0.00106208655052, -0.00326684513129, 0.0148365693167, -0.00168779015075, 0.00123468390666], [3.61237994184e-06, 0.000353759533027, -0.00058174575679, -0.00123323861044, -0.00065527256811, 0.00278329476714, 0.00156517047435, 0.000501710339449, 0.00237573310733, 0.000790444435552, -0.00168779015075, 0.0102099170908, 0.000211345817661], [0.000690815737471, 0.000720417010598, 0.000659818004351, 0.00078095367644, -0.00100891815964, 0.00114859594032, -0.00252311304212, -0.00126367004123, 0.000752501713578, 0.00106322299689, 0.00123468390666, 0.000211345817661, 0.0102029880509]]
    },
    "spectral_contrast_coeffs": {
        "max": [-0.532823383808, -0.482560247183, -0.46140486002, -0.551957845688, -0.553314208984, -0.632004678249],
        "mean": [-0.758265137672, -0.717497825623, -0.701733529568, -0.753416776657, -0.745219111443, -0.751059234142],
        "min": [-0.926378190517, -0.8975045681, -0.875764191151, -0.880442500114, -0.882483243942, -0.876859068871],
        "stdev": [0.0660106763244, 0.0807049870491, 0.0849411264062, 0.0648032277822, 0.0665453523397, 0.0330787114799]
    },
    "spectral_contrast_valleys": {
        "max": [-5.42531347275, -5.45499944687, -5.63001680374, -6.13972520828, -6.28950881958, -7.8140206337],
        "mean": [-6.8625254631, -6.89415645599, -7.35614156723, -7.65027093887, -7.88206672668, -11.0823278427],
        "min": [-8.64051151276, -8.35678577423, -9.16003036499, -9.12545013428, -9.86708450317, -13.4422111511],
        "stdev": [0.623404443264, 0.477348864079, 0.720427930355, 0.655063033104, 0.678510189056, 0.895064353943]
    }
},
"rhythm": {
    "beats_count": 50,
    "beats_loudness": {
        "max": 0.0742692649364,
        "mean": 0.0292034763843,
        "min": 0.00438597099856,
        "stdev": 0.0191275700927
    },
    "bpm": 100.224464417,
    "bpm_histogram_first_peak_bpm": 99,
    "bpm_histogram_first_peak_weight": 0.375,
    "bpm_histogram_second_peak_bpm": 85,
    "bpm_histogram_second_peak_spread": 0.23076915741,
    "bpm_histogram_second_peak_weight": 0.204081639647,
    "danceability": 0.945461153984,
    "onset_rate": 1.99951159954,
    "beats_loudness_band_ratio": {
        "max": [0.701904058456, 0.602556109428, 0.648578643799, 0.711083889008, 0.626188457012, 0.407764911652],
        "mean": [0.280717492104, 0.130040153861, 0.18332965672, 0.252351641655, 0.123755142093, 0.0470785088837],
        "min": [0.0310815442353, 0.00932163465768, 0.0126675097272, 0.0153978047892, 0.00589530589059, 0.00543038453907],
        "stdev": [0.190259471536, 0.134143188596, 0.169937193394, 0.213940173388, 0.124300666153, 0.0699991211295]
    },
    "beats_position": [0.766258478165, 1.53251695633, 2.31038546562, 3.04181408882, 3.7732424736, 4.5046710968, 5.21287965775, 5.92108821869, 6.62929677963, 7.33750534058, 8.04571437836, 8.75392246246, 9.45052146912, 10.1587295532, 10.866938591, 11.5751476288, 12.2369155884, 12.8870744705, 13.5488433838, 14.1990022659, 14.8491611481, 15.3948297501, 15.9521083832, 16.50938797, 17.0666656494, 17.6239452362, 18.2044448853, 18.784942627, 19.3770523071, 19.96916008, 20.5728797913, 21.1649875641, 21.7570972443, 22.3375968933, 22.918094635, 23.4985942841, 24.1139221191, 24.7292518616, 25.3329696655, 25.9366893768, 26.5404071808, 27.1441268921, 27.747844696, 28.3515644073, 28.9552822113, 29.5706119537, 30.1859397888, 30.7896595001, 31.3933773041, 31.9970970154],
