{
"metadata": {
    "version": {
        "essentia": "2.1-beta5",
        "essentia_git_sha": "Undefined",
        "extractor": "music 2.0"
    },
    "audio_properties": {
        "analysis": {
            "equal_loudness": 0,
            "length": 12.7477550507,
            "sample_rate": 44100,
            "start_time": 0,
            "downmix": "mix"
        },
        "bit_rate": 192000,
        "length": 196.731079102,
        "lossless": 0,
        "number_channels": 2,
        "replay_gain": 4.16645240784,
        "sample_rate": 48000,
        "codec": "mp3",
        "md5_encoded": "2ae7085dbae633de5c1590b59e543452"
    },
    "tags": {
        "file_name": "Belarus_Time_Uzari _ Maimuna.mp3",
        "encoding": ["Lavf58.29.100"]
    }
},
"lowlevel": {
    "average_loudness": 0.179945901036,
    "barkbands_crest": {
        "max": 26.0090351105,
        "mean": 11.0398340225,
        "min": 2.81909561157,
        "stdev": 6.77066278458
    },
    "barkbands_flatness_db": {
        "max": 0.36131927371,
        "mean": 0.183338165283,
        "min": 0.0552697777748,
        "stdev": 0.0737109705806
    },
    "barkbands_kurtosis": {
        "max": 153.865234375,
        "mean": 6.06999969482,
        "min": -1.72834694386,
        "stdev": 17.8192195892
    },
    "barkbands_skewness": {
        "max": 10.5866756439,
        "mean": 0.593295872211,
        "min": -7.12882232666,
        "stdev": 1.96364188194
    },
    "barkbands_spread": {
        "max": 44.9481430054,
        "mean": 11.3873205185,
        "min": 0.571469545364,
        "stdev": 7.71235179901
    },
    "dissonance": {
        "max": 0.499998092651,
        "mean": 0.453915774822,
        "min": 0.187501966953,
        "stdev": 0.0588789582253
    },
    "dynamic_complexity": 6.11571931839,
    "erbbands_crest": {
        "max": 29.713060379,
        "mean": 11.9684095383,
        "min": 3.2549405098,
        "stdev": 7.13954305649
    },
    "erbbands_flatness_db": {
        "max": 0.451894104481,
        "mean": 0.259287565947,
        "min": 0.0931301191449,
        "stdev": 0.0707532688975
    },
    "erbbands_kurtosis": {
        "max": 97.3117828369,
        "mean": 4.4394569397,
        "min": -1.6379005909,
        "stdev": 10.8821172714
    },
    "erbbands_skewness": {
        "max": 5.94127655029,
        "mean": 0.497230947018,
        "min": -4.50706195831,
        "stdev": 1.22538292408
    },
    "erbbands_spread": {
        "max": 43.4280548096,
        "mean": 14.9432172775,
        "min": 0.619882464409,
        "stdev": 7.79890108109
    },
    "hfc": {
        "max": 136.534500122,
        "mean": 10.7642478943,
        "min": 1.20467553622e-16,
        "stdev": 20.2252597809
    },
    "loudness_ebu128": {
        "integrated": -30.313419342,
        "loudness_range": 13.4797534943,
        "momentary": {
            "max": -22.1082954407,
            "mean": -34.7987213135,
            "min": -50.4008102417,
            "stdev": 6.0847287178
        },
        "short_term": {
            "max": -25.8734378815,
            "mean": -34.4909477234,
            "min": -40.0511932373,
            "stdev": 4.6045088768
        }
    },
    "melbands_crest": {
        "max": 34.7403945923,
        "mean": 13.1912136078,
        "min": 1.96844005585,
        "stdev": 8.26861190796
    },
    "melbands_flatness_db": {
        "max": 0.398777335882,
        "mean": 0.189528390765,
        "min": 0.0039643459022,
        "stdev": 0.104601658881
    },
    "melbands_kurtosis": {
        "max": 104.460548401,
        "mean": 6.261302948,
        "min": -1.61793267727,
        "stdev": 13.6052532196
    },
    "melbands_skewness": {
        "max": 7.11225748062,
        "mean": 0.896055042744,
        "min": -4.7506480217,
        "stdev": 1.64695692062
    },
    "melbands_spread": {
        "max": 135.451293945,
        "mean": 21.5135478973,
        "min": 0.89705824852,
        "stdev": 15.8589468002
    },
    "pitch_salience": {
        "max": 0.943888068199,
        "mean": 0.578006803989,
        "min": 0.125105321407,
        "stdev": 0.20575530827
    },
    "silence_rate_20dB": {
        "max": 1,
        "mean": 1,
        "min": 1,
        "stdev": 0
    },
    "silence_rate_30dB": {
        "max": 1,
        "mean": 1,
        "min": 1,
        "stdev": 0
    },
    "silence_rate_60dB": {
        "max": 1,
        "mean": 0.54545456171,
        "min": 0,
        "stdev": 0.497929185629
    },
    "spectral_centroid": {
        "max": 10723.7148438,
        "mean": 1678.11157227,
        "min": 443.18649292,
        "stdev": 835.182250977
    },
    "spectral_complexity": {
        "max": 61,
        "mean": 13.7818183899,
        "min": 0,
        "stdev": 15.1632356644
    },
    "spectral_decrease": {
        "max": -3.15056891164e-29,
        "mean": -1.56320389966e-09,
        "min": -2.37413111392e-08,
        "stdev": 2.80398282371e-09
    },
    "spectral_energy": {
        "max": 0.0913018807769,
        "mean": 0.00687624840066,
        "min": 1.10456601823e-20,
        "stdev": 0.0117634115741
    },
    "spectral_energyband_high": {
        "max": 0.00996081437916,
        "mean": 0.000519341323525,
        "min": 8.07672317132e-21,
        "stdev": 0.0012971132528
    },
    "spectral_energyband_low": {
        "max": 0.0802856981754,
        "mean": 0.00175872212276,
        "min": 7.51869324109e-23,
        "stdev": 0.00833545997739
    },
    "spectral_energyband_middle_high": {
        "max": 0.0400219783187,
        "mean": 0.00396264437586,
        "min": 1.41568680177e-21,
        "stdev": 0.00623598322272
    },
    "spectral_energyband_middle_low": {
        "max": 0.00516206538305,
        "mean": 0.000701605167706,
        "min": 4.39856572386e-22,
        "stdev": 0.000823756388854
    },
    "spectral_entropy": {
        "max": 9.80005931854,
        "mean": 7.32375335693,
        "min": 5.43833017349,
        "stdev": 0.856997430325
    },
    "spectral_flux": {
        "max": 0.173425495625,
        "mean": 0.0376140885055,
        "min": 1.05098332814e-10,
        "stdev": 0.0362396091223
    },
    "spectral_kurtosis": {
        "max": 69.6995315552,
        "mean": 10.0050125122,
        "min": -1.16590797901,
        "stdev": 10.3938179016
    },
    "spectral_rms": {
        "max": 0.00943795591593,
        "mean": 0.00198715273291,
        "min": 3.28272044964e-12,
        "stdev": 0.0016612514155
    },
    "spectral_rolloff": {
        "max": 18453.9550781,
        "mean": 1967.11791992,
        "min": 86.1328125,
        "stdev": 1521.21826172
    },
    "spectral_skewness": {
        "max": 6.38014936447,
        "mean": 2.15478682518,
        "min": 0.0668415799737,
        "stdev": 0.983420848846
    },
    "spectral_spread": {
        "max": 40598388,
        "mean": 3324842.25,
        "min": 1007809.875,
        "stdev": 1964923.125
    },
    "spectral_strongpeak": {
        "max": 5.05192661285,
        "mean": 0.811486065388,
        "min": 0,
        "stdev": 0.792081415653
    },
    "zerocrossingrate": {
        "max": 0.56494140625,
        "mean": 0.0767320692539,
        "min": 0.017578125,
        "stdev": 0.0489520728588
    },
    "barkbands": {
        "max": [0.00489864265546, 0.0728700608015, 0.0100401714444, 0.00114415469579, 0.00155665609054, 0.00225944421254, 0.000737790542189, 0.00103635585401, 0.00306879775599, 0.00270781922154, 0.00365634798072, 0.00423290301114, 0.00511333346367, 0.00450125942007, 0.00513053499162, 0.00583566352725, 0.00580214522779, 0.00695016421378, 0.00549081945792, 0.00775151280686, 0.005700356327, 0.00166554190218, 0.000806380819995, 0.00020389862766, 0.000102784200863, 2.92818313028e-05, 6.83462602069e-08],
        "mean": [5.62917630305e-05, 0.00151161011308, 0.000182258794666, 1.63318127306e-05, 2.91088799713e-05, 8.21069843369e-05, 7.08718944225e-05, 8.00258058007e-05, 0.000328390306095, 0.000264105794486, 0.000392824062146, 0.000411906105001, 0.000553875695914, 0.000426421232987, 0.00046860720613, 0.000430460378993, 0.000334705749992, 0.000288989453111, 0.000298324303003, 0.000254495214904, 0.000201976887183, 0.000102532852907, 4.88833502459e-05, 2.48066426138e-05, 1.26685617943e-05, 3.66928566109e-06, 1.03769193238e-09],
        "min": [1.92846325286e-23, 2.63542304117e-23, 3.94203323779e-23, 6.13586582817e-24, 1.06456226957e-23, 1.18122378495e-22, 1.23578153138e-22, 7.94472861701e-23, 9.56359110138e-23, 1.11851211978e-22, 5.78406952095e-23, 4.04515408195e-23, 7.04037721308e-23, 1.34490851004e-22, 1.11720336798e-22, 1.52767735814e-22, 1.88750408004e-22, 1.70598125352e-22, 2.1469926173e-22, 3.79293133229e-22, 5.93226581413e-22, 7.37367246015e-22, 4.58137142755e-22, 9.57455399604e-22, 9.96181225152e-22, 2.05538327322e-21, 2.24655004422e-21],
        "stdev": [0.000338455633027, 0.00744396541268, 0.000895353325177, 7.84618750913e-05, 8.94397016964e-05, 0.000203075498575, 0.000119229727716, 0.0001321103191, 0.000459323666291, 0.000397866795538, 0.000617613957729, 0.000598239537794, 0.000792451202869, 0.000624610751402, 0.000753183034249, 0.000805019808467, 0.000765739183407, 0.000817771244328, 0.000880091392901, 0.000782795192208, 0.00059187982697, 0.000250872399192, 9.4244373031e-05, 3.21804182022e-05, 1.54420140461e-05, 4.69261385661e-06, 2.99168867457e-09]
    },
    "erbbands": {
        "max": [2.64880943298, 16.4257068634, 13.8357410431, 5.25266504288, 2.68459177017, 6.02935361862, 14.2085676193, 21.9815006256, 11.8489093781, 12.2591199875, 49.214389801, 71.4101028442, 107.202026367, 108.423500061, 157.872848511, 203.586837769, 235.046859741, 265.91583252, 238.275878906, 363.081634521, 375.104064941, 297.821289062, 378.126586914, 280.091552734, 382.458007812, 443.638397217, 305.957611084, 135.679031372, 71.2037963867, 43.4328651428, 17.5970611572, 5.15862178802, 3.71568226814, 1.73084318638, 0.548070907593, 0.212926834822, 0.0276867896318, 0.000558912579436, 6.75270712236e-05, 0.000101456527773],
        "mean": [0.0494780130684, 0.309167355299, 0.314447671175, 0.0961723476648, 0.0519928000867, 0.10938911885, 0.292382121086, 0.795417070389, 0.858757793903, 1.30971419811, 2.94354939461, 7.35870075226, 8.39210128784, 10.0126562119, 16.5905761719, 18.2565975189, 24.4003829956, 24.5824699402, 22.2426834106, 24.521238327, 23.767868042, 18.743188858, 16.75922966, 14.1621484756, 14.4335546494, 11.995642662, 9.56240558624, 6.62888145447, 3.91915297508, 2.30683302879, 1.26483881474, 0.653186321259, 0.347797900438, 0.171987965703, 0.0736611261964, 0.0289134588093, 0.00376298348419, 8.64852772793e-05, 9.26077700569e-06, 9.81101766229e-06],
        "min": [1.04708837574e-21, 5.94576778068e-21, 3.50469187708e-20, 3.53903118161e-20, 3.03040525466e-20, 4.79803626307e-20, 1.09999098243e-19, 1.46097653085e-18, 1.83030378217e-18, 1.633024308e-18, 2.20990378951e-18, 1.95827441319e-18, 1.51079369004e-18, 4.74875497475e-18, 2.65822658252e-18, 1.85168185151e-18, 3.66029571724e-18, 7.57325457977e-18, 5.96987166864e-18, 6.18786147059e-18, 8.79458675421e-18, 9.50234068428e-18, 1.00454484493e-17, 1.08922663296e-17, 1.19526820964e-17, 1.90782243425e-17, 2.39201012426e-17, 2.17653089818e-17, 2.81642623952e-17, 1.87640611458e-17, 1.17704178115e-17, 1.36148196465e-17, 1.81198512304e-17, 1.15186289961e-17, 7.62714622386e-18, 6.26509863311e-18, 3.99578776599e-18, 1.66485514855e-18, 3.12060606928e-19, 3.00242619355e-20],
        "stdev": [0.255320489407, 1.54904842377, 1.48262631893, 0.450840234756, 0.184400051832, 0.340197384357, 1.06913053989, 1.87534427643, 1.32131361961, 1.83064556122, 5.0453877449, 10.0419521332, 12.5972251892, 15.3183965683, 24.881357193, 26.0794582367, 33.3353042603, 33.7127532959, 33.0401573181, 40.8491668701, 47.1749801636, 42.3255958557, 46.7371482849, 40.2067756653, 43.6343345642, 37.6561088562, 29.2980861664, 18.0037574768, 9.7752161026, 5.16221618652, 2.31096339226, 0.881410062313, 0.456129044294, 0.223554968834, 0.0881458446383, 0.0358497090638, 0.00504632946104, 0.000110145294457, 1.22187921079e-05, 1.58621405717e-05]
    },
    "gfcc": {
        "mean": [-160.786407471, 66.6018218994, -184.081039429, -3.11885380745, -70.396270752, 22.4696063995, -36.7755889893, 7.52426147461, -15.1354932785, 4.23408555984, -8.3831243515, -3.84358668327, -5.17800617218],
        "cov": [[22122.6445312, -4528.25683594, -2767.50463867, 2388.85009766, 93.1005630493, 1845.11706543, 66.7660064697, 1042.61035156, -797.114624023, 377.453704834, -1213.86877441, 668.936706543, 280.885040283], [-4528.25683594, 3022.72949219, 1127.99853516, -513.731506348, 368.493499756, -501.692565918, 329.383026123, -297.750213623, 409.638793945, -148.248947144, 633.55480957, -249.372329712, -33.1395988464], [-2767.50463867, 1127.99853516, 1052.75085449, -39.1640510559, 259.541809082, -94.7571640015, 101.51965332, -80.877746582, 223.145797729, 77.263053894, 260.051452637, -50.4235916138, -12.3647098541], [2388.85009766, -513.731506348, -39.1640510559, 668.09979248, 188.694366455, 318.340270996, 119.731987, 139.244125366, -75.459777832, 63.780960083, -106.470466614, 81.5635604858, 38.4834022522], [93.1005630493, 368.493499756, 259.541809082, 188.694366455, 428.651550293, 233.168579102, 269.361877441, 9.99892425537, 45.8557357788, 43.8027038574, 87.6816635132, -23.7629718781, -36.5503082275], [1845.11706543, -501.692565918, -94.7571640015, 318.340270996, 233.168579102, 478.013092041, 135.266967773, 140.866165161, -74.0262298584, 80.7551193237, -136.350524902, 26.8796062469, -21.5772571564], [66.7660064697, 329.383026123, 101.51965332, 119.731987, 269.361877441, 135.266967773, 304.353057861, 44.4597015381, 31.2828865051, -16.1288108826, 62.1254043579, -44.6428108215, -27.8451061249], [1042.61035156, -297.750213623, -80.877746582, 139.244125366, 9.99892425537, 140.866165161, 44.4597015381, 208.801895142, 0.0179856065661, 1.860232234, -113.027122498, 49.4880752563, 26.1036663055], [-797.114624023, 409.638793945, 223.145797729, -75.459777832, 45.8557357788, -74.0262298584, 31.2828865051, 0.0179856065661, 166.235244751, 52.8196907043, 88.8237380981, -43.0818519592, -6.31504678726], [377.453704834, -148.248947144, 77.263053894, 63.780960083, 43.8027038574, 80.7551193237, -16.1288108826, 1.860232234, 52.8196907043, 176.66116333, -2.40024089813, 14.5158033371, -19.5871639252], [-1213.86877441, 633.55480957, 260.051452637, -106.470466614, 87.6816635132, -136.350524902, 62.1254043579, -113.027122498, 88.8237380981, -2.40024089813, 212.904388428, -29.2157688141, -10.0764551163], [668.936706543, -249.372329712, -50.4235916138, 81.5635604858, -23.7629718781, 26.8796062469, -44.6428108215, 49.4880752563, -43.0818519592, 14.5158033371, -29.2157688141, 132.396057129, 59.4395828247], [280.885040283, -33.1395988464, -12.3647098541, 38.4834022522, -36.5503082275, -21.5772571564, -27.8451061249, 26.1036663055, -6.31504678726, -19.5871639252, -10.0764551163, 59.4395828247, 85.9747085571]],
        "icov": [[0.000410920882132, -0.00094358890783, 0.0013871518895, -0.00115098629612, 0.000167431862792, -0.000680126599036, 0.000628095469438, -0.000950573186856, 0.00119672215078, -0.00179324962664, 0.00102345994674, -0.00102952041198, -8.79216822796e-05], [-0.00094358890783, 0.00454474147409, -0.00416439957917, 0.00335401669145, -0.00134934077505, 0.00223562004976, -0.00230008782819, 0.00240955874324, -0.00471654627472, 0.00632866285741, -0.00561683438718, 0.00446584960446, -0.00140518171247], [0.0013871518895, -0.00416439957917, 0.00696881441399, -0.0043283267878, -0.000625984219369, -0.00212197750807, 0.00365159800276, -0.00384708843194, 0.00366348656826, -0.00717315776274, 0.00327835022472, -0.00386158935726, 4.34305329691e-05], [-0.00115098629612, 0.00335401669145, -0.0043283267878, 0.00611667660996, -0.00148865312804, 0.00143778976053, -0.00239063962363, 0.00188555929344, -0.00251939916052, 0.00466850306839, -0.0034867990762, 0.00333644682541, -0.00176281144377], [0.000167431862792, -0.00134934077505, -0.000625984219369, -0.00148865312804, 0.0118397856131, -0.00589822139591, -0.00654464168474, 0.00374471419491, -0.00154063571244, -0.00038905677502, 0.000369353743736, -0.00465706177056, 0.00286691146903], [-0.000680126599036, 0.00223562004976, -0.00212197750807, 0.00143778976053, -0.00589822139591, 0.00920233782381, -0.00024633857538, -0.00206412421539, 0.0015964518534, 0.00010602005932, -1.8210536723e-07, 0.00441410811618, -0.000426389684435], [0.000628095469438, -0.00230008782819, 0.00365159800276, -0.00239063962363, -0.00654464168474, -0.00024633857538, 0.0122899804264, -0.00679906876758, 0.00423678476363, -0.00258299894631, -0.00136915955227, 0.00237959367223, -0.000225644442253], [-0.000950573186856, 0.00240955874324, -0.00384708843194, 0.00188555929344, 0.00374471419491, -0.00206412421539, -0.00679906876758, 0.0169531442225, -0.0122718112543, 0.00864720344543, 0.00574702490121, -0.00528654456139, 0.00175879441667], [0.00119672215078, -0.00471654627472, 0.00366348656826, -0.00251939916052, -0.00154063571244, 0.0015964518534, 0.00423678476363, -0.0122718112543, 0.023758398369, -0.0149729931727, -0.000627183413599, 0.00449728034437, -0.00407820893452], [-0.00179324962664, 0.00632866285741, -0.00717315776274, 0.00466850306839, -0.00038905677502, 0.00010602005932, -0.00258299894631, 0.00864720344543, -0.0149729931727, 0.02070315741, -0.00557675817981, 0.00111301545985, 0.00376973859966], [0.00102345994674, -0.00561683438718, 0.00327835022472, -0.0034867990762, 0.000369353743736, -1.8210536723e-07, -0.00136915955227, 0.00574702490121, -0.000627183413599, -0.00557675817981, 0.0236753672361, -0.0107996156439, 0.00341674429365], [-0.00102952041198, 0.00446584960446, -0.00386158935726, 0.00333644682541, -0.00465706177056, 0.00441410811618, 0.00237959367223, -0.00528654456139, 0.00449728034437, 0.00111301545985, -0.0107996156439, 0.0230749938637, -0.0120951253921], [-8.79216822796e-05, -0.00140518171247, 4.34305329691e-05, -0.00176281144377, 0.00286691146903, -0.000426389684435, -0.000225644442253, 0.00175879441667, -0.00407820893452, 0.00376973859966, 0.00341674429365, -0.0120951253921, 0.0219987835735]]
    },
    "melbands": {
        "max": [0.0204358492047, 0.0119395609945, 0.000923967105336, 0.000187071622349, 0.000500817317516, 0.000474175292766, 0.000151885280502, 0.000160373616382, 0.000531880941708, 0.00046013557585, 0.000542692607269, 0.000456832232885, 0.000551371311303, 0.000449574901722, 0.00046735003707, 0.000521335634403, 0.000449942424893, 0.000403513986384, 0.000456870533526, 0.000491772778332, 0.000513420440257, 0.000288804993033, 0.000340303202393, 0.000287118367851, 0.00023419149511, 0.000255755730905, 0.000312305783154, 0.000312460033456, 0.000209159072256, 0.000129455569549, 6.58755525365e-05, 4.39549985458e-05, 2.79454725387e-05, 2.46144336415e-05, 1.23372374219e-05, 5.06694186697e-06, 2.54224619312e-06, 2.56463295045e-06, 2.01827651836e-06, 1.35789900924e-06],
        "mean": [0.000435192865552, 0.000239300949033, 1.6013671484e-05, 5.09499568579e-06, 9.38434368436e-06, 1.72148647835e-05, 1.44503337651e-05, 1.39956973726e-05, 3.00044703181e-05, 4.70594313811e-05, 4.14150526922e-05, 3.80173732992e-05, 5.54297948838e-05, 4.47309539595e-05, 5.02946095366e-05, 5.85115376452e-05, 4.30074323958e-05, 3.39231082762e-05, 3.62778882845e-05, 2.8564936656e-05, 2.88343471766e-05, 1.99051482923e-05, 1.70404618984e-05, 1.25571241369e-05, 1.11722611109e-05, 1.19477608678e-05, 9.57554766501e-06, 7.40868790672e-06, 6.37070434095e-06, 4.68284270028e-06, 3.53655423169e-06, 2.38554116549e-06, 1.52953145971e-06, 1.17099727959e-06, 7.78371997967e-07, 5.04690888192e-07, 3.52460233444e-07, 2.52368238307e-07, 1.91472921074e-07, 1.28385991616e-07],
        "min": [9.35801473834e-24, 1.37901547925e-23, 6.26166271571e-24, 2.66601617148e-24, 2.90245868959e-24, 2.87157139305e-23, 2.89816704961e-23, 1.6717021233e-23, 1.92534173025e-23, 1.16244957383e-23, 7.29186654299e-24, 1.97860940511e-23, 7.75401912659e-24, 6.07524068431e-24, 4.63324436477e-24, 8.29227075513e-24, 1.51513642612e-23, 8.94188903311e-24, 7.33715110325e-24, 1.03116742087e-23, 1.06462214411e-23, 1.15213521749e-23, 6.37638320728e-24, 1.07319130347e-23, 8.67312648929e-24, 6.10780289033e-24, 1.12025521839e-23, 1.29282548338e-23, 1.53756437275e-23, 1.3948826275e-23, 1.17672645738e-23, 1.44911949686e-23, 1.56914184369e-23, 8.81956195026e-24, 6.13515940323e-24, 8.24878716432e-24, 8.13783940002e-24, 1.06988786954e-23, 1.65334738107e-23, 7.2994916725e-24],
        "stdev": [0.00217527779751, 0.00113321107347, 7.32529078959e-05, 1.36349026434e-05, 3.42052917404e-05, 4.06598010159e-05, 2.2009066015e-05, 1.97017998289e-05, 5.3433192079e-05, 6.29050409771e-05, 6.36718395981e-05, 5.90668641962e-05, 8.85737681529e-05, 6.28519192105e-05, 7.35729190637e-05, 9.0334979177e-05, 6.16126781097e-05, 5.02329712617e-05, 6.00769817538e-05, 4.97238070238e-05, 6.26662222203e-05, 4.41886368208e-05, 4.58187423646e-05, 3.60902558896e-05, 3.20418221236e-05, 3.61837810487e-05, 3.11024487019e-05, 2.38320208155e-05, 2.03183062695e-05, 1.33853509396e-05, 9.498817235e-06, 6.18102012595e-06, 3.43714600604e-06, 2.65901121566e-06, 1.50808614308e-06, 7.76757701715e-07, 4.71151651027e-07, 3.39318006581e-07, 2.54779251918e-07, 1.72742261384e-07]
    },
    "melbands128": {
        "max": [0.00472217099741, 0.0244761407375, 0.0354585535824, 0.0256782546639, 0.0104646254331, 0.00388938351534, 0.00090727978386, 0.000598611833993, 0.000231123529375, 8.47874762258e-05, 0.000355739175575, 0.000625131768174, 0.000494938285556, 0.000605299661402, 0.000601769250352, 0.00043503602501, 0.000324851891492, 0.000159714734764, 0.00032352321432, 0.000146434627823, 0.000297136662994, 0.000278357823845, 0.000793269311544, 0.00090235407697, 0.000602335261647, 0.000584174296819, 0.000659976270981, 0.000935216667131, 0.000465601682663, 0.000694776477758, 0.000812543672509, 0.000652972259559, 0.000924928870518, 0.000600542407483, 0.00053680682322, 0.000573189230636, 0.00122546323109, 0.00089555879822, 0.000923321698792, 0.000591133721173, 0.00100570532959, 0.00127415405586, 0.000459346250864, 0.00068301835563, 0.000632303301245, 0.000341791717801, 0.000467559322715, 0.000673642498441, 0.000812606594991, 0.000586935959291, 0.000641749065835, 0.000436635222286, 0.000271623110166, 0.0011303027859, 0.000324038468534, 0.000306968169753, 0.000371235073544, 0.000569767900743, 0.000523623311892, 0.000457700807601, 0.000431108957855, 0.00025844402262, 0.000321996631101, 0.0002437162766, 0.00060548336478, 0.000371144386008, 0.000182400501217, 0.000505721312948, 0.000263714347966, 0.000284825800918, 0.000528743839823, 0.000174591332325, 0.000195831307792, 0.000274580874247, 0.000220272981096, 0.000144298130181, 0.000111538407509, 0.000102568497823, 7.42170159356e-05, 9.35376738198e-05, 6.29322821624e-05, 6.85318882461e-05, 4.97425899084e-05, 2.36634896282e-05, 2.52681784332e-05, 3.07065893139e-05, 2.84957386611e-05, 2.18126133404e-05, 1.46187176142e-05, 1.23368881759e-05, 1.14381691674e-05, 7.21848527974e-06, 6.1229811763e-06, 3.32180252371e-06, 3.73241323359e-06, 2.25284111366e-06, 2.55605596067e-06, 4.20870264861e-06, 2.15691807171e-06, 1.56605142365e-06, 2.14815622712e-06, 1.59129990607e-06, 9.09085883904e-07, 1.96638143279e-06, 7.56076644848e-07, 5.41165491086e-07, 7.20705088497e-07, 5.16330544542e-07, 6.20686591901e-07, 7.14017517112e-07, 4.43841400966e-07, 2.17284934934e-07, 3.22176241241e-08, 2.78119460795e-09, 2.05557126876e-09, 2.0728840866e-09, 3.50884210576e-10, 3.1313787674e-10, 3.5304001389e-10, 3.07922493059e-10, 2.93002122564e-10, 2.79219619648e-10, 2.76739853255e-10, 2.68573385753e-10, 2.80904299821e-10, 2.67052602254e-10, 2.57866533682e-10, 2.56738796889e-10],
        "mean": [5.45337643416e-05, 0.00037923437776, 0.000638739205897, 0.000470776605653, 0.000219048888539, 6.73236572766e-05, 1.63728254847e-05, 6.920866781e-06, 4.59812190456e-06, 3.73614398086e-06, 6.20312812316e-06, 7.97181564849e-06, 9.08314723347e-06, 1.25027418107e-05, 1.83764732355e-05, 2.15768941416e-05, 1.18410498544e-05, 1.14208778541e-05, 2.12897011806e-05, 1.29124882733e-05, 1.14313006634e-05, 1.28083183881e-05, 2.90256102744e-05, 5.13129889441e-05, 5.11034631927e-05, 4.4583754061e-05, 4.23618876084e-05, 4.53832144558e-05, 3.53444338543e-05, 3.35787844961e-05, 3.6554185499e-05, 5.0923517847e-05, 6.28617417533e-05, 5.72160424781e-05, 3.82238031307e-05, 4.10599677707e-05, 5.25489776919e-05, 5.47169256606e-05, 4.68240432383e-05, 4.81195747852e-05, 7.43525233702e-05, 4.94148443977e-05, 4.43010794697e-05, 4.05681566917e-05, 3.00641058857e-05, 3.33014722855e-05, 3.60679005098e-05, 3.87263389712e-05, 3.525453576e-05, 3.2854393794e-05, 2.87900620606e-05, 2.29615907301e-05, 2.26426836889e-05, 4.28957864642e-05, 2.03875097213e-05, 1.77082092705e-05, 1.68210281117e-05, 1.62158266903e-05, 1.87514287973e-05, 1.57849044626e-05, 1.27360999613e-05, 8.85844383447e-06, 1.05804092527e-05, 9.72621182882e-06, 1.63662643899e-05, 1.31919086925e-05, 7.9506471593e-06, 1.03145066532e-05, 1.02080912256e-05, 8.50541528052e-06, 7.79409583629e-06, 6.50547781333e-06, 6.549565569e-06, 6.77530397297e-06, 5.52775236429e-06, 4.62898196929e-06, 4.56188490716e-06, 3.90601280742e-06, 3.50570280716e-06, 3.01815634884e-06, 2.5848930818e-06, 2.17853698814e-06, 1.69501890923e-06, 1.44620673836e-06, 1.44469424868e-06, 1.18737216326e-06, 1.18158015994e-06, 9.30997657633e-07, 7.80940411005e-07, 6.32321984995e-07, 5.51591710973e-07, 4.68477963977e-07, 4.32139728446e-07, 3.46892591097e-07, 3.12405973091e-07, 2.73822820418e-07, 2.39921348566e-07, 2.20956110297e-07, 1.9758556391e-07, 1.78620950919e-07, 1.45640328242e-07, 1.17972746239e-07, 1.10010120125e-07, 9.47679481555e-08, 8.21322529987e-08, 6.947042408e-08, 6.33110275317e-08, 5.56456107859e-08, 5.15425568892e-08, 4.3816903883e-08, 3.6941180781e-08, 1.97643359456e-08, 9.85045267576e-10, 5.63708038581e-11, 4.96388589954e-11, 3.68052428812e-11, 1.08181684097e-11, 5.43977926939e-12, 6.15069887383e-12, 3.80242625581e-12, 3.62043121177e-12, 3.61855554201e-12, 3.67233760762e-12, 3.5386691407e-12, 2.92687640617e-12, 1.8533998121e-12, 1.25414381571e-12, 1.16778060746e-12],
        "min": [6.54341306548e-24, 8.22376607412e-24, 1.34951586793e-23, 6.27477476725e-24, 1.52676549804e-23, 1.93536073707e-23, 7.07590798157e-24, 3.18295356723e-24, 3.0662234525e-24, 2.36165075728e-24, 3.39472169952e-24, 5.18889234842e-25, 1.73466154602e-24, 5.3085684642e-24, 3.56355355268e-23, 4.38258491654e-23, 1.56821366995e-23, 4.00716538065e-23, 2.4641570788e-23, 1.71669827601e-23, 1.19549369497e-23, 1.39338473841e-23, 2.32726399488e-23, 2.16424494218e-23, 1.23660549659e-23, 7.25128201599e-24, 9.19223483025e-24, 3.34720387403e-24, 7.17735391626e-24, 2.763166443e-23, 2.41691945671e-23, 5.10940632918e-24, 4.07111707206e-24, 1.43648210293e-23, 4.23259492721e-24, 6.33299743522e-24, 3.70778706621e-24, 3.16904338567e-24, 3.60286541037e-24, 1.34106606323e-23, 6.90363732595e-24, 4.82152731904e-24, 1.93842498837e-23, 2.1758462462e-23, 1.5777458707e-24, 1.10597297059e-23, 1.10288260799e-23, 4.59126631499e-24, 7.86057609108e-24, 7.56371511067e-24, 1.16832564094e-23, 1.21899449243e-23, 9.44149357705e-24, 4.72772110779e-24, 2.26660627107e-23, 1.1834157612e-23, 2.63638497816e-24, 9.61189857663e-24, 3.97176635194e-24, 8.16136165449e-24, 1.63669689394e-23, 5.34440010424e-24, 1.36782848498e-23, 8.10937177654e-24, 3.12444868427e-24, 4.12280797174e-24, 1.08173719143e-23, 7.50362284236e-24, 1.47374158121e-23, 1.08151938693e-23, 1.15295618504e-23, 1.62570190842e-23, 1.22013668413e-23, 1.78757222187e-23, 1.22244315565e-23, 1.83857555038e-23, 9.72610196988e-24, 1.47987607915e-23, 1.02250241491e-23, 1.42160292408e-23, 4.25208215815e-24, 2.23613841187e-23, 2.1291758151e-23, 1.53381602127e-23, 9.98794620357e-24, 9.52912340185e-24, 9.26330015375e-24, 5.71171188551e-24, 6.76560875564e-24, 4.95420701798e-24, 6.97258534679e-24, 9.98560723098e-24, 9.08680988115e-24, 5.87882102423e-24, 9.99060782026e-24, 8.93226571893e-24, 1.06612768515e-23, 1.1328019722e-23, 2.70758141035e-23, 9.95307145181e-24, 8.93345532118e-24, 4.70111835148e-24, 7.74501980138e-24, 1.39012390298e-23, 7.37563016048e-24, 7.42591925433e-24, 6.55261749452e-24, 6.57362683258e-24, 1.78685861829e-23, 8.06554108692e-24, 1.12261036262e-23, 1.08079544928e-23, 1.50569076341e-23, 1.16285962373e-23, 1.54541795637e-23, 1.73903376814e-23, 1.02466405157e-23, 1.1172209438e-23, 1.60005509376e-23, 9.13603401278e-24, 6.98231831264e-24, 8.48015139035e-24, 8.27242459248e-24, 9.87884516265e-24, 7.73404990163e-24, 8.69233919663e-24, 8.32064923734e-24, 1.33050274239e-23],
        "stdev": [0.000329620495904, 0.00205211155117, 0.00332640251145, 0.00236553465948, 0.00105136958882, 0.00032911991002, 8.37088809931e-05, 3.39343969245e-05, 1.74527885974e-05, 9.80965523922e-06, 1.99955538847e-05, 3.2675347029e-05, 3.5841785575e-05, 4.91204918944e-05, 4.94616106153e-05, 4.74520784337e-05, 2.77082035609e-05, 2.04464031412e-05, 4.82116593048e-05, 2.0234610929e-05, 2.68174881057e-05, 2.7257405236e-05, 6.56286792946e-05, 0.000101904523035, 8.51806980791e-05, 6.21435756329e-05, 7.70222322899e-05, 8.69056093507e-05, 6.25411557849e-05, 6.3391875301e-05, 7.49501778046e-05, 9.77539893938e-05, 0.000129084379296, 9.49682726059e-05, 6.68722204864e-05, 7.2501541581e-05, 0.000103000144009, 0.000102769583464, 8.60419604578e-05, 7.7756572864e-05, 0.000143471275805, 9.93520370685e-05, 7.15761707397e-05, 7.04549092916e-05, 5.38553649676e-05, 5.5759523093e-05, 6.3975523517e-05, 7.50083127059e-05, 6.69189175824e-05, 6.34669049759e-05, 5.85051784583e-05, 4.08391497331e-05, 4.14210408053e-05, 0.000123521953356, 4.41161137132e-05, 4.05428399972e-05, 4.47189959232e-05, 4.68245198135e-05, 5.80540545343e-05, 4.99864036101e-05, 4.09149179177e-05, 2.56712191913e-05, 3.29919894284e-05, 2.9106364309e-05, 5.55258448003e-05, 4.20635988121e-05, 2.36198156927e-05, 4.04000966228e-05, 3.31027149514e-05, 2.88658175123e-05, 3.10943432851e-05, 2.0346717065e-05, 2.10241178138e-05, 2.44607290369e-05, 1.76363446371e-05, 1.36534581543e-05, 1.383109975e-05, 1.10154487629e-05, 9.58089913183e-06, 8.98534926819e-06, 7.10720178176e-06, 6.15488215772e-06, 4.35696574641e-06, 3.21810716741e-06, 3.5603145534e-06, 2.98510553876e-06, 2.91794594887e-06, 2.19320031647e-06, 1.66412189628e-06, 1.24129508094e-06, 1.04390187516e-06, 7.691202768e-07, 7.13157646715e-07, 5.29331828147e-07, 4.58250951851e-07, 3.92339785549e-07, 3.69976675074e-07, 3.55596199597e-07, 2.96180559189e-07, 2.5494139777e-07, 2.33188529819e-07, 1.79335529538e-07, 1.52352242822e-07, 1.47901673131e-07, 1.10801686048e-07, 9.28645889076e-08, 8.4778086773e-08, 7.75012125587e-08, 7.33549256893e-08, 6.81282443793e-08, 5.77918832789e-08, 3.3581180503e-08, 2.48419906868e-09, 2.11710496356e-10, 1.88403848078e-10, 1.34565927845e-10, 3.14481010677e-11, 1.39734491339e-11, 1.6199021291e-11, 1.31961464325e-11, 1.25641684556e-11, 1.19706770538e-11, 1.18605576749e-11, 1.15085111579e-11, 1.20414494348e-11, 1.14957982369e-11, 1.11292407581e-11, 1.1083261045e-11]
    },
    "mfcc": {
        "mean": [-781.776062012, 100.385360718, -51.6965713501, -21.7112751007, -14.7723960876, 1.42838788033, -7.36295509338, 0.305316984653, -1.42478895187, 2.74530386925, 1.0927400589, 4.31455278397, 0.338589161634],
        "cov": [[21089.2792969, -6106.82763672, -2307.61987305, 513.755432129, 187.261947632, 1158.09863281, 695.942749023, 836.195800781, 1065.79931641, 282.132110596, -385.285705566, -533.818237305, -206.0415802], [-6106.82763672, 3155.03881836, 950.749816895, 125.687728882, 102.188964844, -227.30632019, 5.11891412735, -115.38507843, -277.636993408, -42.1568183899, 176.284561157, 303.851989746, 240.713363647], [-2307.61987305, 950.749816895, 677.952453613, 143.141464233, 162.338989258, -26.5139694214, -28.4774551392, -83.2386550903, -79.7364730835, 34.9362831116, 90.6557312012, 86.5079498291, 60.404586792], [513.755432129, 125.687728882, 143.141464233, 356.960754395, 96.9585037231, 110.470657349, 119.215812683, 73.946144104, 24.1392192841, 30.3913002014, 47.1331672668, 38.4906005859, 30.9242591858], [187.261947632, 102.188964844, 162.338989258, 96.9585037231, 196.943771362, 155.152297974, 97.679725647, 53.4379005432, 49.9325523376, 47.8021583557, 43.2701301575, 39.5300636292, 26.9451942444], [1158.09863281, -227.30632019, -26.5139694214, 110.470657349, 155.152297974, 331.054199219, 223.25, 84.5556716919, 91.342124939, 72.8008575439, 53.105884552, 64.8260803223, 2.93276357651], [695.942749023, 5.11891412735, -28.4774551392, 119.215812683, 97.679725647, 223.25, 300.628540039, 171.601364136, 74.2721176147, 31.9533462524, 27.4565467834, 72.4720001221, 26.1250457764], [836.195800781, -115.38507843, -83.2386550903, 73.946144104, 53.4379005432, 84.5556716919, 171.601364136, 223.198287964, 112.086929321, 15.6024217606, -7.55956315994, 1.97640156746, 21.7137718201], [1065.79931641, -277.636993408, -79.7364730835, 24.1392192841, 49.9325523376, 91.342124939, 74.2721176147, 112.086929321, 168.470901489, 77.9459838867, 7.24816799164, -24.5351791382, 0.229175195098], [282.132110596, -42.1568183899, 34.9362831116, 30.3913002014, 47.8021583557, 72.8008575439, 31.9533462524, 15.6024217606, 77.9459838867, 131.004440308, 89.3242034912, 0.974203169346, -53.8061981201], [-385.285705566, 176.284561157, 90.6557312012, 47.1331672668, 43.2701301575, 53.105884552, 27.4565467834, -7.55956315994, 7.24816799164, 89.3242034912, 157.185714722, 57.1156921387, -53.8509788513], [-533.818237305, 303.851989746, 86.5079498291, 38.4906005859, 39.5300636292, 64.8260803223, 72.4720001221, 1.97640156746, -24.5351791382, 0.974203169346, 57.1156921387, 126.947860718, 63.7912483215], [-206.0415802, 240.713363647, 60.404586792, 30.9242591858, 26.9451942444, 2.93276357651, 26.1250457764, 21.7137718201, 0.229175195098, -53.8061981201, -53.8509788513, 63.7912483215, 172.456222534]],
        "icov": [[0.000248906464549, 0.000234978404478, 0.000571044743992, -0.000520396861248, -0.000262579298578, -0.000364862411516, 9.91135893855e-05, -4.33758941654e-05, -0.000417007686337, -0.000277979735984, 0.000329811038682, 0.000343704712577, -0.00020994633087], [0.000234978404478, 0.00119071244262, -0.000429933978012, -0.000267845927738, -0.000287001515971, 0.000961172860116, -0.000854620127939, -0.000135102352942, 0.000640299986117, -0.000790775928181, -0.000302898319205, -0.000558639876544, -0.00114317471161], [0.000571044743992, -0.000429933978012, 0.00582605553791, -0.00236591347493, -0.00509804673493, 0.00114240357652, 2.43152135226e-05, 0.00192256853916, -0.000757606234401, -0.00174621026963, 0.00101512658875, 0.000691406487022, -0.000285254820483], [-0.000520396861248, -0.000267845927738, -0.00236591347493, 0.0051003145054, 0.000807629781775, -0.000133729219669, -0.000988420913927, -0.00117595400661, 0.00199926015921, 0.000580036139581, -0.00225416268222, 0.00080894731218, -0.000984682352282], [-0.000262579298578, -0.000287001515971, -0.00509804673493, 0.000807629781775, 0.0156532283872, -0.00899135414511, 0.00370197114535, -0.00470901560038, 0.000448824313935, 0.000613336160313, -0.00132998381741, 0.00190410774667, -0.00146186933853], [-0.000364862411516, 0.000961172860116, 0.00114240357652, -0.000133729219669, -0.00899135414511, 0.0169149879366, -0.0115413665771, 0.00828312709928, -0.00264155608602, -0.000951838272158, -0.000900527753402, -0.00441432092339, 0.000727160251699], [9.91135893855e-05, -0.000854620127939, 2.43152135226e-05, -0.000988420913927, 0.00370197114535, -0.0115413665771, 0.0180069729686, -0.0127275595441, 0.00403746357188, -0.00253528030589, 0.00456776004285, -0.00510172359645, 0.00248961802572], [-4.33758941654e-05, -0.000135102352942, 0.00192256853916, -0.00117595400661, -0.00470901560038, 0.00828312709928, -0.0127275595441, 0.0185149610043, -0.0113085480407, 0.00692905625328, -0.00359629280865, 0.00284796138294, -0.000133555615321], [-0.000417007686337, 0.000640299986117, -0.000757606234401, 0.00199926015921, 0.000448824313935, -0.00264155608602, 0.00403746357188, -0.0113085480407, 0.0233783014119, -0.0156470332295, 0.00304107135162, 0.00161746994127, -0.00525969779119], [-0.000277979735984, -0.000790775928181, -0.00174621026963, 0.000580036139581, 0.000613336160313, -0.000951838272158, -0.00253528030589, 0.00692905625328, -0.0156470332295, 0.0288111809641, -0.0141914142296, 0.00473401835188, 0.00353861274198], [0.000329811038682, -0.000302898319205, 0.00101512658875, -0.00225416268222, -0.00132998381741, -0.000900527753402, 0.00456776004285, -0.00359629280865, 0.00304107135162, -0.0141914142296, 0.0231895353645, -0.0136948116124, 0.00872450787574], [0.000343704712577, -0.000558639876544, 0.000691406487022, 0.00080894731218, 0.00190410774667, -0.00441432092339, -0.00510172359645, 0.00284796138294, 0.00161746994127, 0.00473401835188, -0.0136948116124, 0.0267994590104, -0.0117195509374], [-0.00020994633087, -0.00114317471161, -0.000285254820483, -0.000984682352282, -0.00146186933853, 0.000727160251699, 0.00248961802572, -0.000133555615321, -0.00525969779119, 0.00353861274198, 0.00872450787574, -0.0117195509374, 0.0154459495097]]
    },
    "spectral_contrast_coeffs": {
        "max": [-0.583059728146, -0.557704567909, -0.579588770866, -0.549722611904, -0.680737197399, -0.570244848728],
        "mean": [-0.771405935287, -0.777030825615, -0.796655476093, -0.807845115662, -0.823427915573, -0.768437564373],
        "min": [-0.977706551552, -0.972468316555, -0.974850893021, -0.960080385208, -0.963020920753, -0.960579156876],
        "stdev": [0.0622617602348, 0.0787914544344, 0.067202500999, 0.057563778013, 0.0349244214594, 0.0577548779547]
    },
    "spectral_contrast_valleys": {
        "max": [-5.85997772217, -6.24030971527, -5.62195444107, -5.63430786133, -5.14866113663, -9.27749252319],
        "mean": [-9.52046871185, -8.08997821808, -7.95926237106, -8.13363838196, -8.75675868988, -11.7683534622],
        "min": [-26.9617214203, -26.6930198669, -27.4231281281, -27.2523765564, -27.2809944153, -27.1494235992],
        "stdev": [1.47063148022, 1.35981070995, 1.74712765217, 1.98674857616, 2.0583896637, 1.88343334198]
    }
},
"rhythm": {
    "beats_count": 22,
    "beats_loudness": {
        "max": 0.0743195042014,
        "mean": 0.00868170056492,
        "min": 0.000127003368107,
        "stdev": 0.0162645038217
    },
    "bpm": 127.623634338,
    "bpm_histogram_first_peak_bpm": 126,
    "bpm_histogram_first_peak_weight": 0.5,
    "bpm_histogram_second_peak_bpm": 96,
    "bpm_histogram_second_peak_spread": 0.625,
    "bpm_histogram_second_peak_weight": 0.142857149243,
    "danceability": 0.742432355881,
    "onset_rate": 1.95934510231,
    "beats_loudness_band_ratio": {
        "max": [0.890279650688, 0.668280899525, 0.899022459984, 0.904682695866, 0.387395083904, 0.310622006655],
        "mean": [0.0730916187167, 0.0627023503184, 0.210021391511, 0.457375079393, 0.16162520647, 0.0629236027598],
        "min": [0.000545494200196, 0.00207132427022, 0.0187739320099, 0.0297930222005, 0.0036855682265, 0.000394227419747],
        "stdev": [0.195333108306, 0.147242739797, 0.2044159621, 0.233097702265, 0.141152843833, 0.0878525972366]
    },
    "beats_position": [0.626938760281, 1.25387752056, 1.89242625237, 2.53097510338, 3.15791368484, 3.78485250473, 4.40018129349, 5.01551008224, 5.61922883987, 6.21133756638, 6.80344676971, 7.39555549622, 7.87156438828, 8.33596324921, 8.8119726181, 9.287981987, 9.75238037109, 10.2167797089, 10.6811790466, 11.1571884155, 11.6331968307, 12.0975961685],
