{
"metadata": {
    "version": {
        "essentia": "2.1-beta5",
        "essentia_git_sha": "Undefined",
        "extractor": "music 2.0"
    },
    "audio_properties": {
        "analysis": {
            "equal_loudness": 0,
            "length": 12.7477550507,
            "sample_rate": 44100,
            "start_time": 0,
            "downmix": "mix"
        },
        "bit_rate": 192000,
        "length": 186.607162476,
        "lossless": 0,
        "number_channels": 2,
        "replay_gain": -1.22918891907,
        "sample_rate": 48000,
        "codec": "mp3",
        "md5_encoded": "b6a8f05d3e0dd74131382bee7c1e4942"
    },
    "tags": {
        "file_name": "Austria_I Am Yours_The Makemakes.mp3",
        "encoding": ["Lavf58.29.100"]
    }
},
"lowlevel": {
    "average_loudness": 0.582769811153,
    "barkbands_crest": {
        "max": 24.6010723114,
        "mean": 10.1386270523,
        "min": 3.393638134,
        "stdev": 4.94959259033
    },
    "barkbands_flatness_db": {
        "max": 0.324422180653,
        "mean": 0.161249518394,
        "min": 0.0641704648733,
        "stdev": 0.0341475233436
    },
    "barkbands_kurtosis": {
        "max": 87.3204498291,
        "mean": 2.90837073326,
        "min": -1.69955921173,
        "stdev": 7.95578479767
    },
    "barkbands_skewness": {
        "max": 8.28478908539,
        "mean": 1.17552399635,
        "min": -1.96526634693,
        "stdev": 1.10050034523
    },
    "barkbands_spread": {
        "max": 67.0647201538,
        "mean": 13.7108955383,
        "min": 1.10417759418,
        "stdev": 7.29778623581
    },
    "dissonance": {
        "max": 0.49999922514,
        "mean": 0.47314235568,
        "min": 0.346479266882,
        "stdev": 0.0277196522802
    },
    "dynamic_complexity": 4.15817070007,
    "erbbands_crest": {
        "max": 20.3849201202,
        "mean": 7.75907659531,
        "min": 2.89813017845,
        "stdev": 2.65586876869
    },
    "erbbands_flatness_db": {
        "max": 0.297874331474,
        "mean": 0.218897417188,
        "min": 0.0952886790037,
        "stdev": 0.0373314172029
    },
    "erbbands_kurtosis": {
        "max": 12.1542682648,
        "mean": 0.422727912664,
        "min": -1.61081206799,
        "stdev": 1.37821340561
    },
    "erbbands_skewness": {
        "max": 3.11128282547,
        "mean": 0.563936471939,
        "min": -0.968750476837,
        "stdev": 0.540925741196
    },
    "erbbands_spread": {
        "max": 126.7762146,
        "mean": 23.5871067047,
        "min": 8.87621212006,
        "stdev": 12.5481243134
    },
    "hfc": {
        "max": 93.5680770874,
        "mean": 16.4992618561,
        "min": 1.19762120761e-16,
        "stdev": 18.7390708923
    },
    "loudness_ebu128": {
        "integrated": -22.9097194672,
        "loudness_range": 9.88957595825,
        "momentary": {
            "max": -16.7423381805,
            "mean": -24.7388629913,
            "min": -31.0708179474,
            "stdev": 3.98264193535
        },
        "short_term": {
            "max": -18.9632225037,
            "mean": -25.1863441467,
            "min": -29.4072170258,
            "stdev": 3.47852158546
        }
    },
    "melbands_crest": {
        "max": 28.025592804,
        "mean": 12.5170793533,
        "min": 2.1107199192,
        "stdev": 5.24093580246
    },
    "melbands_flatness_db": {
        "max": 0.406457453966,
        "mean": 0.174925848842,
        "min": 0.00264733959921,
        "stdev": 0.05520901829
    },
    "melbands_kurtosis": {
        "max": 128.591659546,
        "mean": 6.05325889587,
        "min": -1.21410024166,
        "stdev": 11.39128685
    },
    "melbands_skewness": {
        "max": 8.07708454132,
        "mean": 1.69144964218,
        "min": -0.208566948771,
        "stdev": 1.16747736931
    },
    "melbands_spread": {
        "max": 140.244308472,
        "mean": 20.5301246643,
        "min": 1.56632435322,
        "stdev": 12.2866954803
    },
    "pitch_salience": {
        "max": 0.910054504871,
        "mean": 0.648198246956,
        "min": 0.241267934442,
        "stdev": 0.133735284209
    },
    "silence_rate_20dB": {
        "max": 1,
        "mean": 1,
        "min": 1,
        "stdev": 0
    },
    "silence_rate_30dB": {
        "max": 1,
        "mean": 1,
        "min": 1,
        "stdev": 0
    },
    "silence_rate_60dB": {
        "max": 1,
        "mean": 0.161818176508,
        "min": 0,
        "stdev": 0.368283510208
    },
    "spectral_centroid": {
        "max": 11528.7109375,
        "mean": 1472.47021484,
        "min": 258.005371094,
        "stdev": 836.248535156
    },
    "spectral_complexity": {
        "max": 52,
        "mean": 19.6636371613,
        "min": 0,
        "stdev": 11.5154237747
    },
    "spectral_decrease": {
        "max": 1.31051215106e-28,
        "mean": -3.29723315318e-09,
        "min": -1.58366688652e-08,
        "stdev": 3.07103897867e-09
    },
    "spectral_energy": {
        "max": 0.0649297609925,
        "mean": 0.0139410477132,
        "min": 1.10606617166e-20,
        "stdev": 0.0131277423352
    },
    "spectral_energyband_high": {
        "max": 0.00278168707155,
        "mean": 0.000313087046379,
        "min": 7.98907272254e-21,
        "stdev": 0.000461900461232
    },
    "spectral_energyband_low": {
        "max": 0.0182784479111,
        "mean": 0.000514620973263,
        "min": 5.44708644382e-23,
        "stdev": 0.00179183215369
    },
    "spectral_energyband_middle_high": {
        "max": 0.0478762574494,
        "mean": 0.00851535052061,
        "min": 1.62192801047e-21,
        "stdev": 0.0104788085446
    },
    "spectral_energyband_middle_low": {
        "max": 0.0396858304739,
        "mean": 0.0049990369007,
        "min": 3.0100327009e-22,
        "stdev": 0.0052098678425
    },
    "spectral_entropy": {
        "max": 9.81351566315,
        "mean": 7.56036949158,
        "min": 5.68415212631,
        "stdev": 0.412716209888
    },
    "spectral_flux": {
        "max": 0.17823509872,
        "mean": 0.0605433098972,
        "min": 7.06394456818e-11,
        "stdev": 0.039055287838
    },
    "spectral_kurtosis": {
        "max": 30.3215484619,
        "mean": 6.252409935,
        "min": -1.1897572279,
        "stdev": 3.11013960838
    },
    "spectral_rms": {
        "max": 0.00795902684331,
        "mean": 0.00330574112013,
        "min": 3.28494891878e-12,
        "stdev": 0.00163495785091
    },
    "spectral_rolloff": {
        "max": 19078.4179688,
        "mean": 1802.01574707,
        "min": 215.33203125,
        "stdev": 1497.39001465
    },
    "spectral_skewness": {
        "max": 4.40812921524,
        "mean": 1.8353947401,
        "min": -0.0732560455799,
        "stdev": 0.421422243118
    },
    "spectral_spread": {
        "max": 41052356,
        "mean": 3568850,
        "min": 2137741,
        "stdev": 2657135
    },
    "spectral_strongpeak": {
        "max": 14.6555843353,
        "mean": 0.990733623505,
        "min": 0,
        "stdev": 1.53040242195
    },
    "zerocrossingrate": {
        "max": 0.57763671875,
        "mean": 0.0655237957835,
        "min": 0.01171875,
        "stdev": 0.0432770177722
    },
    "barkbands": {
        "max": [0.0019972382579, 0.017159152776, 0.00205407571048, 0.00408624764532, 0.0209966674447, 0.00421140575781, 0.00445174239576, 0.00363612221554, 0.0208011120558, 0.0226474329829, 0.0207069031894, 0.00914787035435, 0.00465001631528, 0.00716049550101, 0.00734089827165, 0.0169500745833, 0.00726037472486, 0.00563040561974, 0.00295090698637, 0.00176509644371, 0.0014206803171, 0.000625353830401, 0.000529073935468, 0.000776965811383, 0.000548367679585, 7.71810737206e-05, 1.17515878628e-06],
        "mean": [1.76215744432e-05, 0.000365055457223, 0.000116267314297, 6.24994281679e-05, 0.00196349271573, 0.000178150832653, 0.00019672010967, 0.000290333497105, 0.00160211534239, 0.00252678361721, 0.00172584597021, 0.000853518489748, 0.000547520059627, 0.000618906167801, 0.000547480769455, 0.000902556057554, 0.000405345868785, 0.000405388389481, 0.000242268870352, 0.000116198629257, 0.000107502048195, 6.11543073319e-05, 4.22082885052e-05, 2.47906209552e-05, 1.64378725458e-05, 4.88975911139e-06, 3.36409677892e-09],
        "min": [8.86333189759e-24, 1.20900514678e-23, 2.21773412918e-23, 1.37495568549e-23, 2.45936916642e-23, 3.80526305839e-23, 2.93133297088e-23, 3.99820455186e-23, 4.36840403736e-23, 1.16294556224e-22, 1.07020862038e-23, 8.33706385505e-23, 8.83653460818e-23, 9.68424138149e-23, 1.04597989364e-22, 1.627997115e-22, 1.52623595149e-22, 2.10308651258e-22, 2.13321317366e-22, 4.16212555656e-22, 3.06166030237e-22, 5.58850875685e-22, 5.61563042586e-22, 6.86326456078e-22, 1.00683067067e-21, 1.6645231672e-21, 2.90469460223e-21],
        "stdev": [0.000101207457192, 0.00157500558998, 0.00023254804546, 0.000250242912443, 0.00369424792007, 0.000465153687401, 0.000380092329578, 0.000402402016334, 0.00236219749786, 0.00378699670546, 0.00278224935755, 0.00127354520373, 0.000681274221279, 0.000805503455922, 0.000723861448932, 0.00215007411316, 0.000684109516442, 0.000647440494504, 0.000392410234781, 0.000213437684579, 0.00019942902145, 8.87849164428e-05, 5.64113543078e-05, 6.07599322393e-05, 3.76701827918e-05, 6.37994389763e-06, 5.01836154854e-08]
    },
    "erbbands": {
        "max": [0.673869431019, 3.67093777657, 3.2797973156, 5.00193977356, 63.362247467, 80.4237670898, 61.6319732666, 20.646894455, 35.5965385437, 95.1868743896, 101.440475464, 487.974121094, 792.331665039, 723.040771484, 1018.13043213, 291.291748047, 184.555404663, 382.248321533, 258.164794922, 349.082702637, 1138.80981445, 272.296813965, 163.234909058, 220.083587646, 104.187202454, 86.6390762329, 66.8243255615, 44.5985107422, 24.5136508942, 12.4168558121, 17.4731941223, 15.2504768372, 13.0815477371, 8.05006790161, 2.63678622246, 0.636076688766, 0.0725763887167, 0.00167369935662, 0.000176012559677, 7.76455344749e-05],
        "mean": [0.0111716175452, 0.0788043290377, 0.15927799046, 0.208344504237, 3.37728214264, 7.10964536667, 4.09818696976, 1.1699256897, 2.6976776123, 3.72907757759, 10.8063545227, 34.4027023315, 67.299697876, 75.8091278076, 67.4766998291, 30.482460022, 25.2687683105, 32.9526977539, 28.3311252594, 29.897901535, 54.6239089966, 23.8911151886, 20.354724884, 18.5717792511, 8.65930080414, 5.65447473526, 4.80695533752, 3.6476790905, 2.30087757111, 1.70175409317, 1.05331861973, 0.600732088089, 0.373826086521, 0.221104040742, 0.0974551215768, 0.0368591099977, 0.00565717974678, 0.000134308051202, 1.4483490304e-05, 1.81007235369e-05],
        "min": [3.18153737258e-22, 3.3324695616e-21, 2.72461112248e-20, 3.44285366395e-20, 5.26202060946e-20, 7.95169498329e-20, 4.2949466301e-19, 2.26840789609e-19, 4.57556610195e-19, 5.53056111179e-19, 7.39907422761e-19, 1.05230763903e-18, 2.14280537976e-18, 1.92901641454e-18, 1.32191196025e-18, 3.87636687377e-18, 3.90939454127e-18, 5.15151335091e-18, 6.76453663849e-18, 4.73123777092e-18, 1.05678196236e-17, 8.74596755934e-18, 1.01337656961e-17, 1.02259938529e-17, 1.17225546597e-17, 1.87664897481e-17, 1.30676032753e-17, 1.38652907631e-17, 1.90069329542e-17, 1.67825003576e-17, 1.42333001089e-17, 1.24853450519e-17, 1.27192584942e-17, 1.14099945391e-17, 6.7087466149e-18, 6.66736400962e-18, 3.13572693088e-18, 1.26620568869e-18, 4.1724745271e-19, 3.41787959491e-20],
        "stdev": [0.0553383678198, 0.328290075064, 0.353363215923, 0.436600029469, 5.99058055878, 15.205827713, 9.9456615448, 2.08842039108, 4.42155218124, 7.85318756104, 12.7778844833, 54.0864334106, 96.2465057373, 112.280426025, 109.869995117, 42.9015388489, 30.8988857269, 43.2882499695, 33.6646995544, 38.9656105042, 144.964172363, 36.3165130615, 26.292930603, 29.1362762451, 13.7367305756, 10.4995117188, 9.57072734833, 6.03008460999, 3.46124124527, 2.15950393677, 1.50841128826, 1.27742135525, 0.994157731533, 0.590323507786, 0.19001558423, 0.0489143170416, 0.00729550374672, 0.000186630379176, 1.54390927491e-05, 1.70241237356e-05]
    },
    "gfcc": {
        "mean": [-64.2714996338, 69.0169448853, -179.136230469, 2.96013903618, -72.6932220459, 19.5246810913, -38.6989250183, 12.6403074265, -27.7212963104, -9.21776103973, -24.1320514679, -2.19250130653, -5.20694208145],
        "cov": [[10672.75, -363.157409668, -1758.63989258, -54.7816696167, -283.778137207, 521.895629883, 290.621368408, 539.473022461, -7.47122430801, 175.796798706, -148.640975952, 105.243553162, 21.954044342], [-363.157409668, 2852.06542969, 1928.85058594, 759.728820801, 286.188842773, -319.290344238, -325.742736816, -522.72052002, -164.570877075, -338.899658203, 47.369808197, -213.505081177, -46.4042701721], [-1758.63989258, 1928.85058594, 2054.05834961, 619.765319824, 190.714431763, -253.284042358, -350.635803223, -440.140411377, -163.445632935, -200.40234375, 65.7693023682, -211.701522827, -47.7424354553], [-54.7816696167, 759.728820801, 619.765319824, 408.067779541, 156.779037476, -13.4413127899, -31.0061969757, -90.5058135986, 2.75093412399, -68.8723526001, 16.3461780548, -50.5540847778, -9.61944484711], [-283.778137207, 286.188842773, 190.714431763, 156.779037476, 270.35043335, 100.233970642, 144.780700684, 77.2488479614, 80.4696807861, 6.41956043243, 11.4961652756, 40.519241333, -9.93163490295], [521.895629883, -319.290344238, -253.284042358, -13.4413127899, 100.233970642, 227.801376343, 178.968902588, 191.908660889, 94.4977264404, 87.7942276001, 0.927878141403, 52.217880249, -1.26368844509], [290.621368408, -325.742736816, -350.635803223, -31.0061969757, 144.780700684, 178.968902588, 298.305908203, 220.77003479, 120.131889343, 72.3979568481, 12.0836315155, 90.0701293945, 12.5696649551], [539.473022461, -522.72052002, -440.140411377, -90.5058135986, 77.2488479614, 191.908660889, 220.77003479, 270.108520508, 115.490661621, 103.777542114, -0.815187633038, 81.5491943359, -3.11821317673], [-7.47122430801, -164.570877075, -163.445632935, 2.75093412399, 80.4696807861, 94.4977264404, 120.131889343, 115.490661621, 118.927307129, 56.2984848022, 7.49364423752, 42.1867790222, 7.01781892776], [175.796798706, -338.899658203, -200.40234375, -68.8723526001, 6.41956043243, 87.7942276001, 72.3979568481, 103.777542114, 56.2984848022, 104.340492249, 15.1850004196, 31.5028076172, 9.28718185425], [-148.640975952, 47.369808197, 65.7693023682, 16.3461780548, 11.4961652756, 0.927878141403, 12.0836315155, -0.815187633038, 7.49364423752, 15.1850004196, 61.7463226318, 11.5156545639, 15.7936220169], [105.243553162, -213.505081177, -211.701522827, -50.5540847778, 40.519241333, 52.217880249, 90.0701293945, 81.5491943359, 42.1867790222, 31.5028076172, 11.5156545639, 86.8867797852, 17.5631065369], [21.954044342, -46.4042701721, -47.7424354553, -9.61944484711, -9.93163490295, -1.26368844509, 12.5696649551, -3.11821317673, 7.01781892776, 9.28718185425, 15.7936220169, 17.5631065369, 43.2845497131]],
        "icov": [[0.000369300571037, -0.000894466938917, 0.000720201060176, -0.000594480079599, 0.00141416920815, -0.000969339627773, 0.000184572636499, -0.00129587692209, 0.00149371952284, -0.00139780412428, 0.00104004354216, -0.000557710940484, -0.000430218642578], [-0.000894466938917, 0.00401556026191, -0.00230783550069, 0.000380273850169, -0.00495014386252, 0.00268873362802, -0.000395434646634, 0.00428836792707, -0.00389150809497, 0.00618810020387, -0.00371118797921, 0.00250003882684, 0.00130703486502], [0.000720201060176, -0.00230783550069, 0.00363384047523, -0.00243974034674, 0.00103582080919, -0.00161125313025, 0.00162744522095, -0.00178684981074, 0.00413383962587, -0.00386944576167, 6.74027614878e-05, 0.000743211887311, 4.95747335663e-05], [-0.000594480079599, 0.000380273850169, -0.00243974034674, 0.00779501255602, -0.00314986309968, -0.000267846306087, -0.000246415613219, 0.00188319792505, -0.00438389834017, 0.00353597290814, -0.0008605971816, 0.00155372009613, -0.00113712844905], [0.00141416920815, -0.00495014386252, 0.00103582080919, -0.00314986309968, 0.0182093139738, -0.00613302784041, -0.00462873419747, -0.00454584462568, 0.0019759174902, -0.00633960915729, 0.00706755835563, -0.00882244016975, 0.00147490191739], [-0.000969339627773, 0.00268873362802, -0.00161125313025, -0.000267846306087, -0.00613302784041, 0.016509309411, -0.00236728787422, -0.00311292801052, -0.00288850534707, -0.00113151711412, -0.00159027415793, 0.00387636874802, 0.000793898943812], [0.000184572636499, -0.000395434646634, 0.00162744522095, -0.000246415613219, -0.00462873419747, -0.00236728787422, 0.0140287838876, -0.00759338308126, -0.000747016922105, 0.00277925678529, -0.00233620707877, -0.000766827666666, -0.00384098850191], [-0.00129587692209, 0.00428836792707, -0.00178684981074, 0.00188319792505, -0.00454584462568, -0.00311292801052, -0.00759338308126, 0.0258129257709, -0.00908529665321, 0.00132304930594, -0.00377573817968, -0.00102739629801, 0.00961679313332], [0.00149371952284, -0.00389150809497, 0.00413383962587, -0.00438389834017, 0.0019759174902, -0.00288850534707, -0.000747016922105, -0.00908529665321, 0.0255737062544, -0.0118092009798, 0.00413601333275, -0.00163529720157, -0.00387094845064], [-0.00139780412428, 0.00618810020387, -0.00386944576167, 0.00353597290814, -0.00633960915729, -0.00113151711412, 0.00277925678529, 0.00132304930594, -0.0118092009798, 0.0316299684346, -0.0112457396463, 0.00503018684685, -0.00114811118692], [0.00104004354216, -0.00371118797921, 6.74027614878e-05, -0.0008605971816, 0.00706755835563, -0.00159027415793, -0.00233620707877, -0.00377573817968, 0.00413601333275, -0.0112457396463, 0.0263455286622, -0.006958686281, -0.00768851209432], [-0.000557710940484, 0.00250003882684, 0.000743211887311, 0.00155372009613, -0.00882244016975, 0.00387636874802, -0.000766827666666, -0.00102739629801, -0.00163529720157, 0.00503018684685, -0.006958686281, 0.0257656686008, -0.00636404473335], [-0.000430218642578, 0.00130703486502, 4.95747335663e-05, -0.00113712844905, 0.00147490191739, 0.000793898943812, -0.00384098850191, 0.00961679313332, -0.00387094845064, -0.00114811118692, -0.00768851209432, -0.00636404473335, 0.0329557321966]]
    },
    "melbands": {
        "max": [0.00493594584987, 0.00283076823689, 0.00192653259728, 0.00544404890388, 0.00301815220155, 0.000574837205932, 0.000477399473311, 0.000865258160047, 0.00112540600821, 0.00357396877371, 0.00402174144983, 0.00310867466033, 0.0031990497373, 0.0015235170722, 0.000574488949496, 0.000489320838824, 0.000779469031841, 0.00042271145503, 0.000636302982457, 0.000679880962707, 0.00158531987108, 0.000334208889399, 0.000152671098476, 0.000299000210362, 0.000181583644007, 0.000119687589176, 6.73725735396e-05, 5.34714126843e-05, 4.70212107757e-05, 3.93706759496e-05, 2.53872203757e-05, 1.5949981389e-05, 1.10062446765e-05, 8.28267639008e-06, 1.03218635559e-05, 1.10624059744e-05, 1.02842595879e-05, 9.9382332337e-06, 9.41553662415e-06, 6.79539743942e-06],
        "mean": [0.000101036239357, 8.62060041982e-05, 0.000110306478746, 0.00041971646715, 0.000187631230801, 2.92551521852e-05, 3.88851112803e-05, 4.18321105826e-05, 0.000109027045255, 0.00023185389, 0.000344817788573, 0.000314191216603, 0.000239637549384, 0.000117633739137, 5.57563107577e-05, 5.52814199182e-05, 6.17347832303e-05, 4.41092088295e-05, 4.15566610172e-05, 4.25954822276e-05, 6.80567172822e-05, 2.38704960793e-05, 1.85046519618e-05, 1.89629899978e-05, 1.49988300109e-05, 8.24360176921e-06, 4.34341018263e-06, 3.4616944049e-06, 3.08480048261e-06, 2.52402605838e-06, 1.95841903405e-06, 1.38805819461e-06, 9.68081621977e-07, 9.56479539127e-07, 6.48743707643e-07, 4.42742447149e-07, 3.30208479227e-07, 2.63298090886e-07, 2.2842141334e-07, 1.72262218712e-07],
        "min": [3.92162319736e-24, 1.08570666061e-23, 6.56859823874e-24, 4.81424928833e-24, 1.29254598996e-23, 5.26679670155e-24, 6.46635594897e-24, 6.94515270881e-24, 6.49521997506e-24, 6.17385145291e-24, 1.16415548554e-23, 9.02024343139e-24, 2.54106553448e-24, 6.93798196318e-24, 9.69233793428e-24, 1.02130602846e-23, 9.30392412379e-24, 8.59577394436e-24, 6.05970327992e-24, 1.04368490794e-23, 1.24894391224e-23, 7.37758495781e-24, 9.79989675212e-24, 8.84572452218e-24, 8.14779876895e-24, 8.75655326318e-24, 1.21847834074e-23, 1.28343433096e-23, 9.53413582404e-24, 5.30308272547e-24, 9.46848445292e-24, 9.73880105273e-24, 1.17236318883e-23, 8.06874622878e-24, 8.57744002807e-24, 6.8492319559e-24, 8.07878211721e-24, 8.50583275712e-24, 9.46289221797e-24, 9.22261465257e-24],
        "stdev": [0.000461822579382, 0.000250941549893, 0.00019013666315, 0.00077566242544, 0.00045509764459, 5.77667924517e-05, 6.60611040075e-05, 8.41658911668e-05, 0.000133775291033, 0.000366552441847, 0.000497408036608, 0.000475112407003, 0.000389553693822, 0.000179964365088, 7.13784538675e-05, 6.99942975189e-05, 8.43673988129e-05, 5.30078650627e-05, 5.66139715374e-05, 6.79020959069e-05, 0.000196080989554, 3.80872515962e-05, 2.31552185141e-05, 3.3813284972e-05, 2.41426987486e-05, 1.43306860991e-05, 8.05012859928e-06, 6.56367546981e-06, 6.35736478216e-06, 4.73931095257e-06, 3.18517118103e-06, 2.22701760322e-06, 1.28697945456e-06, 1.28306101033e-06, 9.25208325953e-07, 8.56948133787e-07, 7.64360265748e-07, 7.06987236754e-07, 6.59685554183e-07, 4.54169082786e-07]
    },
    "melbands128": {
        "max": [0.00172434817068, 0.00649364246055, 0.0081985918805, 0.00652428064495, 0.00280166557059, 0.000749098020606, 0.00100376910996, 0.00303391553462, 0.00723486673087, 0.00958633329719, 0.00572917750105, 0.00643354095519, 0.00272274250165, 0.00106988032348, 0.000212098413613, 0.000821249908768, 0.00100748101249, 0.000560440297704, 0.0013461727649, 0.0015468436759, 0.00118680880405, 0.0010871454142, 0.00104004377499, 0.00282085454091, 0.00444229179993, 0.00731674581766, 0.00509098917246, 0.00501536345109, 0.00549594080076, 0.0052109034732, 0.00331926275976, 0.00415140762925, 0.00401618424803, 0.00526444939896, 0.00229515018873, 0.00126784667373, 0.000967126048636, 0.000911294831894, 0.0005533733638, 0.000720626208931, 0.000543470901903, 0.000876155681908, 0.00132678204682, 0.00050807610387, 0.000313606433338, 0.000750211591367, 0.000467785459477, 0.000722602359019, 0.000911321083549, 0.000416255206801, 0.000650770030916, 0.00198778207414, 0.00319439359009, 0.00233473745175, 0.00072726275539, 0.000214594707359, 0.000227940370678, 0.00027732734452, 0.000191661165445, 0.000160827999935, 0.000326174835209, 0.000911674869712, 0.000297720951494, 0.000189567246707, 0.000268929055892, 0.000175087043317, 7.31007821742e-05, 6.04114502494e-05, 8.93132310011e-05, 0.000100887307781, 7.88200195529e-05, 4.44021934527e-05, 4.51671039627e-05, 8.93219475984e-05, 8.13244550955e-05, 5.80651358177e-05, 3.56779164576e-05, 4.32926608482e-05, 2.61712066276e-05, 2.83815388684e-05, 2.4182116249e-05, 1.91381168406e-05, 1.54689223564e-05, 1.25659762489e-05, 7.83031100582e-06, 9.76690080279e-06, 1.65455403476e-05, 1.13330916065e-05, 1.44478890434e-05, 8.58995554154e-06, 1.45803860505e-05, 1.23293084471e-05, 1.33897428896e-05, 1.57963313541e-05, 1.03479178506e-05, 7.85982047091e-06, 1.66250083566e-05, 1.09216507553e-05, 1.10971623144e-05, 9.22193248698e-06, 6.07426318311e-06, 7.29581051928e-06, 6.15181124886e-06, 5.02395096191e-06, 3.1543897876e-06, 1.94938888853e-06, 1.18716093311e-06, 2.06599725061e-06, 5.56102804694e-07, 1.40835106777e-06, 8.07350318155e-07, 4.29941337643e-07, 1.69348254531e-07, 4.99730710146e-08, 3.28541531758e-08, 8.68560867673e-09, 5.88290172132e-09, 5.64077407006e-09, 5.41210187777e-09, 5.22465892772e-09, 5.07428765673e-09, 4.92801532914e-09, 4.81523265705e-09, 4.69739402931e-09, 4.59551419141e-09, 4.5466199694e-09, 4.50005188668e-09, 4.47160219963e-09],
        "mean": [1.49117440742e-05, 8.55201215018e-05, 0.000140754957101, 0.000125707243569, 9.82914498309e-05, 4.45373552793e-05, 2.01566272153e-05, 3.86857827834e-05, 0.000357445183909, 0.000547480012756, 0.000377797929104, 0.000317866099067, 0.000128621933982, 4.41546617367e-05, 1.31048436742e-05, 2.22443177336e-05, 5.54642247153e-05, 3.57969547622e-05, 2.85479254671e-05, 4.06591279898e-05, 5.0405953516e-05, 4.08095984312e-05, 0.000108564956463, 0.000186624689377, 0.00020186250913, 0.000261397683062, 0.000281500921119, 0.000359390076483, 0.000392359303078, 0.000363380560884, 0.000263347988948, 0.00025750027271, 0.00026125551085, 0.000219113164349, 0.000152644584887, 8.60401778482e-05, 5.79756415391e-05, 5.23373200849e-05, 5.71981763642e-05, 5.35784856766e-05, 5.14448620379e-05, 6.20672144578e-05, 7.26353100617e-05, 5.54936923436e-05, 4.27788763773e-05, 4.39308678324e-05, 4.29328101745e-05, 4.34807116108e-05, 4.13286579715e-05, 3.46261658706e-05, 3.63935614587e-05, 4.82151990582e-05, 0.000100952500361, 6.32242881693e-05, 2.88577812171e-05, 1.99284149858e-05, 1.8819284378e-05, 1.87087480299e-05, 1.91670169443e-05, 1.67935904756e-05, 1.68757051142e-05, 2.4869270419e-05, 1.48161125253e-05, 1.25017922983e-05, 1.38511049954e-05, 8.75812565937e-06, 4.36315758634e-06, 4.4466764848e-06, 4.38809047409e-06, 4.19293291998e-06, 3.68208884538e-06, 2.96948769574e-06, 2.84694829134e-06, 3.37781193593e-06, 2.96854341286e-06, 2.50179277828e-06, 2.34796857512e-06, 2.32119782595e-06, 1.86090721854e-06, 1.68068856965e-06, 1.56882595093e-06, 1.23733025248e-06, 9.84537450677e-07, 9.81833409242e-07, 9.08212030026e-07, 8.93150115644e-07, 1.11152371574e-06, 8.29337693631e-07, 6.12037922565e-07, 5.06190247052e-07, 4.83344877011e-07, 4.16939172965e-07, 3.91756202589e-07, 3.45704705751e-07, 2.82652507622e-07, 2.56985998703e-07, 2.72183967809e-07, 2.47872975478e-07, 2.37354257138e-07, 2.16198856151e-07, 1.93230192735e-07, 1.71158504259e-07, 1.36272078066e-07, 1.247442043e-07, 1.11527839408e-07, 9.41612796623e-08, 8.1432119714e-08, 7.03625744336e-08, 5.98997544898e-08, 5.77886005715e-08, 5.17072713535e-08, 3.39963825979e-08, 2.70873146135e-09, 4.49350168186e-10, 1.9866830403e-10, 1.19525653264e-10, 3.82562662105e-11, 1.29782721028e-11, 1.24962904607e-11, 1.21137501072e-11, 1.17521738868e-11, 1.14635263088e-11, 1.12320690943e-11, 1.09596290376e-11, 1.05727787636e-11, 1.01518472448e-11, 9.89140540308e-12, 9.8073120805e-12],
        "min": [8.30519860765e-25, 2.74920293445e-24, 2.24729195844e-24, 6.01643741472e-24, 1.22497942234e-23, 9.30937751923e-24, 6.59145942778e-24, 7.07479726542e-24, 4.14151580811e-24, 6.30244209135e-24, 2.78619676381e-24, 5.64032234017e-24, 1.12733445615e-23, 5.17173265158e-24, 3.58298690442e-24, 5.36740644368e-24, 8.87050264322e-24, 4.87958432622e-24, 5.03759553212e-24, 4.8411896771e-24, 8.83558687069e-24, 1.22822033904e-24, 8.28691754503e-24, 8.83676227344e-24, 6.96563627108e-24, 4.88944548197e-24, 2.8358555578e-24, 3.4534042734e-24, 1.66393704986e-23, 8.23567629607e-24, 6.65170512954e-24, 6.63652409306e-25, 1.15531282811e-24, 3.94640999586e-24, 3.74863980591e-24, 4.02972909024e-24, 1.21860290187e-23, 1.07834272295e-23, 5.46616551813e-24, 4.02020951127e-24, 2.4012616327e-24, 6.61770206908e-24, 9.45548560293e-24, 4.16826884241e-24, 6.85333245489e-24, 6.60392343008e-24, 1.22303164588e-23, 7.99688021145e-24, 1.81297926226e-24, 1.83761321896e-24, 1.36939642492e-23, 3.59305592502e-24, 1.41919311179e-23, 1.13315695961e-23, 5.46586614541e-24, 6.94786954577e-24, 5.95633528564e-24, 5.14612583217e-24, 1.26236346176e-23, 7.98167965067e-24, 4.9807076168e-24, 6.87407160808e-24, 2.32640405761e-24, 8.15342413607e-24, 1.1032109319e-23, 9.63070580947e-24, 2.10540151957e-24, 6.11500874027e-24, 1.07586293869e-23, 9.38418756545e-24, 9.56706208936e-24, 1.0678180563e-23, 1.27810857322e-23, 7.83358442635e-24, 4.70770810105e-24, 6.23948507465e-24, 4.8118476013e-24, 5.0711079211e-24, 1.3680149717e-23, 7.83104744968e-24, 1.17521042449e-23, 7.26881129417e-24, 1.08893373281e-23, 1.31120823017e-23, 9.98991520039e-24, 6.36261719006e-24, 6.65539147655e-24, 1.11060500405e-23, 6.6732118444e-24, 8.15642732953e-24, 5.1025030074e-24, 8.1056838518e-24, 7.17184372284e-24, 6.76773394692e-24, 9.5676000925e-24, 8.24644819173e-24, 7.74105893078e-24, 9.92413603381e-24, 1.01834062144e-23, 6.08035210855e-24, 1.09650135436e-23, 8.74088964105e-24, 5.46433338867e-24, 6.46735504131e-24, 7.11331024367e-24, 7.32988253887e-24, 9.54975211452e-24, 7.84806475713e-24, 1.09833940026e-23, 1.20514785362e-23, 1.25538677591e-23, 9.13964778458e-24, 8.83616905004e-24, 9.71288144997e-24, 1.17596575881e-23, 5.09122426861e-24, 9.78670936437e-24, 1.29513163935e-23, 1.23955354868e-23, 1.04627142508e-23, 1.5355201186e-23, 1.21950094113e-23, 1.19474798476e-23, 7.51810869516e-24, 8.16548581931e-24, 1.16346444338e-23, 7.48970970257e-24, 5.48000371613e-24],
        "stdev": [8.96494093467e-05, 0.000460445357021, 0.000689341919497, 0.00052019773284, 0.000248538388405, 8.94596742e-05, 7.16996146366e-05, 0.000164655502886, 0.000645168474875, 0.00104391202331, 0.000969671935309, 0.000934406532906, 0.00036105903564, 0.000100307704997, 2.10459675145e-05, 6.33216332062e-05, 0.000101126584923, 6.08361915511e-05, 0.000110470500658, 0.000108639193058, 0.000113732232421, 7.85289375926e-05, 0.000138104107464, 0.000278962979792, 0.000393735652324, 0.000527250405867, 0.000501677743159, 0.000578632403631, 0.000691300607286, 0.00066105555743, 0.00043710382306, 0.000469266553409, 0.000489263155032, 0.000444201257778, 0.000258647749433, 0.000150910651428, 0.000105581151729, 8.34129969007e-05, 8.70767107699e-05, 8.51461154525e-05, 7.91289567132e-05, 0.00010102068336, 0.000129688021843, 8.22132351459e-05, 5.59641048312e-05, 6.80906741763e-05, 6.41334117972e-05, 6.95832059137e-05, 6.76832787576e-05, 4.89123231091e-05, 5.98962105869e-05, 0.000121423996461, 0.000356117641786, 0.000220173911657, 6.95647031534e-05, 2.86563790723e-05, 2.80990152532e-05, 2.90570442303e-05, 2.88948594971e-05, 2.43431441049e-05, 3.20665894833e-05, 7.99477129476e-05, 2.86085196421e-05, 2.26042920985e-05, 3.01506061078e-05, 1.75267414306e-05, 7.21286687622e-06, 8.39916901896e-06, 9.72755879047e-06, 9.30512032937e-06, 7.96536642156e-06, 5.53566678718e-06, 5.34142691322e-06, 8.89076363819e-06, 7.14465886631e-06, 5.4776419347e-06, 4.39549421571e-06, 4.51040341432e-06, 3.25935980072e-06, 3.06116089632e-06, 2.77855974673e-06, 2.18841319111e-06, 1.54641850258e-06, 1.44841965266e-06, 1.23792301565e-06, 1.22699134408e-06, 1.91418052964e-06, 1.29979707708e-06, 1.03372360627e-06, 8.06315142654e-07, 1.04137370727e-06, 9.02877047793e-07, 8.74932595707e-07, 9.25663130147e-07, 7.11519646757e-07, 6.26032942819e-07, 9.04347018604e-07, 6.62350089442e-07, 7.33458421109e-07, 7.04566161858e-07, 5.07205243139e-07, 4.48348998816e-07, 3.8670029312e-07, 3.24050290601e-07, 2.32554654644e-07, 1.61053193892e-07, 1.15923732835e-07, 1.24839999671e-07, 7.49354356344e-08, 9.63342756677e-08, 7.49154338564e-08, 4.86200839589e-08, 1.18038361308e-08, 3.46119177763e-09, 1.51421442052e-09, 5.41143740929e-10, 2.83299800286e-10, 2.40223313464e-10, 2.30483659935e-10, 2.22499491054e-10, 2.16096543437e-10, 2.09865722023e-10, 2.05061689851e-10, 2.00043509535e-10, 1.9571137766e-10, 1.93642338275e-10, 1.91665724958e-10, 1.90454943483e-10]
    },
    "mfcc": {
        "mean": [-683.156188965, 103.010848999, -49.8415374756, -14.6162853241, -15.7895441055, -3.2462015152, -5.14658021927, 10.7658653259, 3.02711367607, -3.03670620918, -5.92274475098, -8.84377861023, -10.949133873],
        "cov": [[5397.10253906, -1014.61358643, -1288.43151855, -483.402709961, -409.614807129, 31.857503891, 303.335144043, 406.978668213, 424.824707031, 366.599639893, 184.831268311, 33.3547363281, 212.882507324], [-1014.61358643, 2205.91186523, 1472.65466309, 870.469177246, 559.016235352, 195.348190308, -33.4955291748, -135.063659668, -247.880599976, -273.312988281, -98.1262664795, -39.9689750671, -229.606109619], [-1288.43151855, 1472.65466309, 1638.37133789, 710.501159668, 506.447845459, 113.030517578, -52.9856338501, -282.082824707, -278.914459229, -223.647735596, -97.4993362427, -24.1939506531, -253.218383789], [-483.402709961, 870.469177246, 710.501159668, 530.671386719, 287.153839111, 123.236122131, 2.92957758904, -29.8930053711, -74.1120452881, -111.415542603, -33.5068702698, 2.35504627228, -84.2513656616], [-409.614807129, 559.016235352, 506.447845459, 287.153839111, 275.023620605, 99.1475296021, 14.9319286346, -25.9311237335, -33.7679748535, -52.4752578735, 4.94806432724, 18.2953643799, -56.513671875], [31.857503891, 195.348190308, 113.030517578, 123.236122131, 99.1475296021, 120.268211365, 44.8698654175, 58.520160675, 46.6900482178, 11.2741537094, 17.9236774445, 28.0497989655, 19.9216442108], [303.335144043, -33.4955291748, -52.9856338501, 2.92957758904, 14.9319286346, 44.8698654175, 129.790222168, 89.8978729248, 67.9209823608, 46.9010238647, 61.1176986694, 22.1217308044, 27.8194408417], [406.978668213, -135.063659668, -282.082824707, -29.8930053711, -25.9311237335, 58.520160675, 89.8978729248, 224.345184326, 137.141998291, 79.3343887329, 73.0688018799, 32.1135482788, 84.7421035767], [424.824707031, -247.880599976, -278.914459229, -74.1120452881, -33.7679748535, 46.6900482178, 67.9209823608, 137.141998291, 157.687911987, 98.3187561035, 63.5502281189, 36.3574790955, 80.1104278564], [366.599639893, -273.312988281, -223.647735596, -111.415542603, -52.4752578735, 11.2741537094, 46.9010238647, 79.3343887329, 98.3187561035, 131.882858276, 57.6321144104, 31.6668834686, 58.373752594], [184.831268311, -98.1262664795, -97.4993362427, -33.5068702698, 4.94806432724, 17.9236774445, 61.1176986694, 73.0688018799, 63.5502281189, 57.6321144104, 99.6522903442, 29.2122097015, 17.487827301], [33.3547363281, -39.9689750671, -24.1939506531, 2.35504627228, 18.2953643799, 28.0497989655, 22.1217308044, 32.1135482788, 36.3574790955, 31.6668834686, 29.2122097015, 53.4788665771, 28.862411499], [212.882507324, -229.606109619, -253.218383789, -84.2513656616, -56.513671875, 19.9216442108, 27.8194408417, 84.7421035767, 80.1104278564, 58.373752594, 17.487827301, 28.862411499, 106.352409363]],
        "icov": [[0.000297885853797, -0.000109130705823, 0.000153881948791, -4.97827459185e-05, 0.000404732243624, -8.58555795276e-05, -0.000517435139045, 0.000111871086119, -0.000459768692963, -0.000445860554464, 0.000146797057823, 0.000200514943572, 0.000284919515252], [-0.000109130705823, 0.00196499563754, -0.000561717955861, -0.00131317763589, -0.00113031431101, -0.000919267884456, 0.000351432623575, -0.0012442151783, 0.00167156080715, 0.000756979745347, 0.000226428863243, 0.000759324932005, 0.000636146171018], [0.000153881948791, -0.000561717955861, 0.00422844802961, -0.00229932437651, -0.00317312264815, 7.89461628301e-05, -0.00177197367884, 0.00266034784727, 0.00241872784682, -0.00184300763067, 0.00113503914326, -0.000907748762984, 0.00261761434376], [-4.97827459185e-05, -0.00131317763589, -0.00229932437651, 0.00834426749498, -0.00124592590146, -0.00190803152509, 0.000856917758938, -0.00240099825896, -0.00167916133069, 0.00254735792987, 0.000786751508713, -0.000447911035735, -0.000356515840394], [0.000404732243624, -0.00113031431101, -0.00317312264815, -0.00124592590146, 0.0153669221327, -0.0048914430663, 0.000691903755069, 0.000745583733078, -0.00398972211406, 0.000915645505302, -0.00373173574917, -0.00175202602986, 0.000106259620225], [-8.58555795276e-05, -0.000919267884456, 7.89461628301e-05, -0.00190803152509, -0.0048914430663, 0.0205451734364, -0.00289852824062, -0.00116398686077, -0.00564020499587, 4.24721001764e-05, 0.00314407562837, -0.00394253339618, -0.00312020163983], [-0.000517435139045, 0.000351432623575, -0.00177197367884, 0.000856917758938, 0.000691903755069, -0.00289852824062, 0.0147274788469, -0.00368032697588, -0.000682592857629, 0.000720822717994, -0.00610495917499, 0.00100861513056, -0.000906278495677], [0.000111871086119, -0.0012442151783, 0.00266034784727, -0.00240099825896, 0.000745583733078, -0.00116398686077, -0.00368032697588, 0.014639201574, -0.00642826873809, 0.00013984189718, -0.00378769100644, 0.00171995221172, -0.00364426430315], [-0.000459768692963, 0.00167156080715, 0.00241872784682, -0.00167916133069, -0.00398972211406, -0.00564020499587, -0.000682592857629, -0.00642826873809, 0.0276436917484, -0.00811125990003, -0.00168785755523, -0.000391753477743, -0.00279208319262], [-0.000445860554464, 0.000756979745347, -0.00184300763067, 0.00254735792987, 0.000915645505302, 4.24721001764e-05, 0.000720822717994, 0.00013984189718, -0.00811125990003, 0.0194044131786, -0.00474266801029, -0.00276036607102, -0.00267645181157], [0.000146797057823, 0.000226428863243, 0.00113503914326, 0.000786751508713, -0.00373173574917, 0.00314407562837, -0.00610495917499, -0.00378769100644, -0.00168785755523, -0.00474266801029, 0.0221054702997, -0.0073426947929, 0.00779610313475], [0.000200514943572, 0.000759324932005, -0.000907748762984, -0.000447911035735, -0.00175202602986, -0.00394253339618, 0.00100861513056, 0.00171995221172, -0.000391753477743, -0.00276036607102, -0.0073426947929, 0.0303755421191, -0.00833085551858], [0.000284919515252, 0.000636146171018, 0.00261761434376, -0.000356515840394, 0.000106259620225, -0.00312020163983, -0.000906278495677, -0.00364426430315, -0.00279208319262, -0.00267645181157, 0.00779610313475, -0.00833085551858, 0.0244885887951]]
    },
    "spectral_contrast_coeffs": {
        "max": [-0.370132923126, -0.599969923496, -0.662850618362, -0.668023884296, -0.680488288403, -0.631963729858],
        "mean": [-0.68681114912, -0.766281604767, -0.786577105522, -0.820484697819, -0.792722344398, -0.74648886919],
        "min": [-0.982687652111, -0.963846206665, -0.967653393745, -0.971985816956, -0.958238959312, -0.961236000061],
        "stdev": [0.108540140092, 0.0545869022608, 0.0475436262786, 0.0415893048048, 0.0357181504369, 0.038736987859]
    },
    "spectral_contrast_valleys": {
        "max": [-6.37027454376, -5.51597976685, -4.68246459961, -5.6814160347, -5.89688396454, -8.51904964447],
        "mean": [-8.66140365601, -7.30532932281, -6.80745172501, -7.26295518875, -7.82680416107, -10.9562425613],
        "min": [-27.378900528, -27.5473937988, -27.0757427216, -27.403213501, -27.4411945343, -27.2393474579],
        "stdev": [1.68873214722, 1.402769804, 1.56812679768, 1.5536544323, 1.54338896275, 1.34483659267]
    }
},
"rhythm": {
    "beats_count": 23,
    "beats_loudness": {
        "max": 0.0472305193543,
        "mean": 0.0136570967734,
        "min": 0.001946675824,
        "stdev": 0.0123571623117
    },
    "bpm": 116.379112244,
    "bpm_histogram_first_peak_bpm": 117,
    "bpm_histogram_first_peak_weight": 0.411764681339,
    "bpm_histogram_second_peak_bpm": 98,
    "bpm_histogram_second_peak_spread": 0.333333313465,
    "bpm_histogram_second_peak_weight": 0.0909090936184,
    "danceability": 0.700547039509,
    "onset_rate": 0.626990437508,
    "beats_loudness_band_ratio": {
        "max": [0.359598815441, 0.761871695518, 0.325253456831, 0.618688344955, 0.377592265606, 0.189479127526],
        "mean": [0.120110832155, 0.247265398502, 0.19523075223, 0.330755501986, 0.167227044702, 0.043285369873],
        "min": [0.000202582014026, 0.000895667821169, 0.0736949890852, 0.0185719579458, 0.00706730596721, 0.00497418968007],
        "stdev": [0.125435531139, 0.27722004056, 0.0678031668067, 0.186913877726, 0.118997760117, 0.0426135957241]
    },
    "beats_position": [0.568888902664, 1.16099774837, 1.74149656296, 2.34521532059, 2.96054410934, 3.48299312592, 4.00544214249, 4.51628112793, 5.02712011337, 5.53795909882, 6.04879808426, 6.5596370697, 7.07047605515, 7.59292507172, 8.10376358032, 8.62621307373, 9.14866161346, 9.67111110687, 10.1935596466, 10.7276191711, 11.2384576797, 11.749297142, 12.2601356506],
