{
"metadata": {
    "version": {
        "essentia": "2.1-beta5",
        "essentia_git_sha": "Undefined",
        "extractor": "music 2.0"
    },
    "audio_properties": {
        "analysis": {
            "equal_loudness": 0,
            "length": 34.8879814148,
            "sample_rate": 44100,
            "start_time": 158.998641968,
            "downmix": "mix"
        },
        "bit_rate": 192000,
        "length": 193.909851074,
        "lossless": 0,
        "number_channels": 2,
        "replay_gain": -2.42465209961,
        "sample_rate": 48000,
        "codec": "mp3",
        "md5_encoded": "c72985ffa0876dbb9eec194d4c10ed8f"
    },
    "tags": {
        "file_name": "Ireland_Playing With Numbers_Molly Sterling.mp3",
        "encoding": ["Lavf58.29.100"]
    }
},
"lowlevel": {
    "average_loudness": 0.901571452618,
    "barkbands_crest": {
        "max": 25.7058963776,
        "mean": 8.83145618439,
        "min": 3.09926891327,
        "stdev": 4.175801754
    },
    "barkbands_flatness_db": {
        "max": 0.375996142626,
        "mean": 0.155886352062,
        "min": 0.058884691447,
        "stdev": 0.0442589148879
    },
    "barkbands_kurtosis": {
        "max": 92.8801269531,
        "mean": 2.68574285507,
        "min": -1.83792829514,
        "stdev": 5.96451616287
    },
    "barkbands_skewness": {
        "max": 7.93064785004,
        "mean": 1.19443583488,
        "min": -0.653792500496,
        "stdev": 0.981958806515
    },
    "barkbands_spread": {
        "max": 80.5905532837,
        "mean": 18.9712619781,
        "min": 0.752065837383,
        "stdev": 11.3319101334
    },
    "dissonance": {
        "max": 0.500000059605,
        "mean": 0.467341244221,
        "min": 0.30981117487,
        "stdev": 0.0313375517726
    },
    "dynamic_complexity": 2.5999519825,
    "erbbands_crest": {
        "max": 28.5461196899,
        "mean": 9.08437919617,
        "min": 2.64697384834,
        "stdev": 4.23640966415
    },
    "erbbands_flatness_db": {
        "max": 0.356651186943,
        "mean": 0.194399103522,
        "min": 0.0698223337531,
        "stdev": 0.0548163577914
    },
    "erbbands_kurtosis": {
        "max": 23.6175365448,
        "mean": 0.768747031689,
        "min": -1.6717697382,
        "stdev": 2.02560567856
    },
    "erbbands_skewness": {
        "max": 4.52131843567,
        "mean": 0.564293682575,
        "min": -2.0078895092,
        "stdev": 0.663659393787
    },
    "erbbands_spread": {
        "max": 110.590438843,
        "mean": 29.2669582367,
        "min": 5.41161680222,
        "stdev": 16.7801895142
    },
    "hfc": {
        "max": 68.519241333,
        "mean": 22.2631626129,
        "min": 0.262891829014,
        "stdev": 13.686706543
    },
    "loudness_ebu128": {
        "integrated": -20.5244064331,
        "loudness_range": 5.72250175476,
        "momentary": {
            "max": -17.4618110657,
            "mean": -21.3980293274,
            "min": -30.2504959106,
            "stdev": 3.03395438194
        },
        "short_term": {
            "max": -18.0811748505,
            "mean": -20.8431739807,
            "min": -26.5478477478,
            "stdev": 2.24085569382
        }
    },
    "melbands_crest": {
        "max": 32.3789215088,
        "mean": 12.2291698456,
        "min": 4.35025119781,
        "stdev": 4.90047121048
    },
    "melbands_flatness_db": {
        "max": 0.446620196104,
        "mean": 0.185201868415,
        "min": 0.0703346654773,
        "stdev": 0.0549492388964
    },
    "melbands_kurtosis": {
        "max": 140.086486816,
        "mean": 7.93760061264,
        "min": -1.17609000206,
        "stdev": 13.4327936172
    },
    "melbands_skewness": {
        "max": 8.8695898056,
        "mean": 1.92108166218,
        "min": -0.239197865129,
        "stdev": 1.35617780685
    },
    "melbands_spread": {
        "max": 118.257919312,
        "mean": 22.574426651,
        "min": 0.744753062725,
        "stdev": 12.5740146637
    },
    "pitch_salience": {
        "max": 0.859314858913,
        "mean": 0.58292812109,
        "min": 0.119596265256,
        "stdev": 0.131832122803
    },
    "silence_rate_20dB": {
        "max": 1,
        "mean": 1,
        "min": 1,
        "stdev": 0
    },
    "silence_rate_30dB": {
        "max": 1,
        "mean": 1,
        "min": 1,
        "stdev": 0
    },
    "silence_rate_60dB": {
        "max": 1,
        "mean": 0.0166223403066,
        "min": 0,
        "stdev": 0.127852633595
    },
    "spectral_centroid": {
        "max": 3184.19775391,
        "mean": 1417.8170166,
        "min": 295.662078857,
        "stdev": 533.263793945
    },
    "spectral_complexity": {
        "max": 53,
        "mean": 22.3444156647,
        "min": 0,
        "stdev": 9.38195991516
    },
    "spectral_decrease": {
        "max": -4.06579249435e-11,
        "mean": -6.94231205856e-09,
        "min": -3.01620843857e-08,
        "stdev": 4.92749530068e-09
    },
    "spectral_energy": {
        "max": 0.116725340486,
        "mean": 0.0282212197781,
        "min": 0.000177297901246,
        "stdev": 0.0194885265082
    },
    "spectral_energyband_high": {
        "max": 0.00497455056757,
        "mean": 0.000579874264076,
        "min": 1.06141760625e-06,
        "stdev": 0.000636802811641
    },
    "spectral_energyband_low": {
        "max": 0.103723444045,
        "mean": 0.00837301276624,
        "min": 2.29382060013e-08,
        "stdev": 0.010972879827
    },
    "spectral_energyband_middle_high": {
        "max": 0.0381799973547,
        "mean": 0.00811331812292,
        "min": 5.71075470361e-05,
        "stdev": 0.00639685662463
    },
    "spectral_energyband_middle_low": {
        "max": 0.0612098388374,
        "mean": 0.0121096465737,
        "min": 5.12481055921e-05,
        "stdev": 0.0106042372063
    },
    "spectral_entropy": {
        "max": 8.5681552887,
        "mean": 7.58736085892,
        "min": 5.32826089859,
        "stdev": 0.387586027384
    },
    "spectral_flux": {
        "max": 0.258818924427,
        "mean": 0.0823268145323,
        "min": 0.0105155827478,
        "stdev": 0.0362578965724
    },
    "spectral_kurtosis": {
        "max": 46.1973228455,
        "mean": 4.67343473434,
        "min": -1.14835727215,
        "stdev": 2.82593536377
    },
    "spectral_rms": {
        "max": 0.0106713818386,
        "mean": 0.00492029543966,
        "min": 0.000415900896769,
        "stdev": 0.00182306335773
    },
    "spectral_rolloff": {
        "max": 9366.94335938,
        "mean": 1560.54040527,
        "min": 86.1328125,
        "stdev": 1128.73852539
    },
    "spectral_skewness": {
        "max": 5.05408716202,
        "mean": 1.62680947781,
        "min": 0.314563483,
        "stdev": 0.439373791218
    },
    "spectral_spread": {
        "max": 17848712,
        "mean": 4092797.25,
        "min": 1378472.5,
        "stdev": 1427565
    },
    "spectral_strongpeak": {
        "max": 8.39250850677,
        "mean": 1.12414228916,
        "min": 0.03291278705,
        "stdev": 1.17521643639
    },
    "zerocrossingrate": {
        "max": 0.2626953125,
        "mean": 0.061156578362,
        "min": 0.0078125,
        "stdev": 0.0293698813766
    },
    "barkbands": {
        "max": [0.00964755006135, 0.0639178156853, 0.0545202717185, 0.0211011208594, 0.0238610580564, 0.0228991098702, 0.03097865358, 0.0285358130932, 0.0361169464886, 0.0213850643486, 0.0151688484475, 0.0193156860769, 0.0163555592299, 0.0139424549416, 0.013382143341, 0.00802151486278, 0.0103195533156, 0.0053965752013, 0.00206114514731, 0.0023441594094, 0.00226558349095, 0.00149296596646, 0.000947847031057, 0.000936477736104, 0.000607183785178, 0.000430267537013, 2.9106535294e-05],
        "mean": [0.000218101762584, 0.00502400333062, 0.00257588876411, 0.00132040097378, 0.00210835621692, 0.00216961186379, 0.00147719518282, 0.00186118169222, 0.00234578130767, 0.00191050942522, 0.00121071189642, 0.000901644234546, 0.00102961203083, 0.000879373168573, 0.000647859880701, 0.000510761514306, 0.000498060602695, 0.000506648095325, 0.00034807153861, 0.000208232158911, 0.000132976696477, 0.000107666404801, 8.56539918459e-05, 8.72737509781e-05, 4.18816125602e-05, 1.36813578138e-05, 6.49538449693e-08],
        "min": [2.63092353459e-10, 4.84257356437e-10, 1.38959399543e-09, 7.57061524581e-09, 1.15192548833e-07, 6.8485724114e-07, 1.64776918155e-06, 2.49036315836e-06, 1.02116200651e-06, 8.5340179794e-06, 3.51566950485e-06, 1.30989178615e-06, 1.13317844352e-06, 1.01194927993e-06, 5.72762644424e-07, 1.04964908587e-06, 5.22874643138e-07, 6.43241946818e-07, 4.67822417249e-07, 2.45142985023e-07, 2.07935613616e-07, 1.83858844593e-07, 1.38465367172e-07, 1.1699962954e-07, 6.03876628702e-08, 1.25423060826e-10, 8.83289552611e-11],
        "stdev": [0.000574614387006, 0.00688190478832, 0.00510592432693, 0.00237372214906, 0.00296239205636, 0.00335042132065, 0.00345143792219, 0.00357266096398, 0.00352846528403, 0.00292402110063, 0.00153856875841, 0.00162938795984, 0.00163116003387, 0.00146054348443, 0.000809545803349, 0.000692445377354, 0.000877028447576, 0.000658185046632, 0.000384771235986, 0.000266853312496, 0.000169062812347, 0.000154676294187, 0.000116788716696, 0.000130201413413, 6.85687045916e-05, 3.07222580886e-05, 1.13136161417e-06]
    },
    "erbbands": {
        "max": [2.03825068474, 15.1620054245, 72.0507965088, 58.3591880798, 70.0574569702, 91.2604904175, 226.643966675, 231.157958984, 514.073791504, 585.541442871, 726.799255371, 707.857543945, 1058.45385742, 753.647888184, 596.164245605, 1000.00030518, 836.494750977, 623.272766113, 655.803039551, 534.305297852, 509.880554199, 483.305114746, 323.081085205, 165.176269531, 110.916343689, 111.526596069, 135.291854858, 58.7349739075, 46.5759429932, 26.2629032135, 28.0243816376, 27.7268619537, 14.9464941025, 8.48859977722, 5.21998071671, 1.96765017509, 0.835993528366, 0.132425755262, 0.00466469209641, 0.000229901954299],
        "mean": [0.115743808448, 1.22208726406, 3.21194553375, 3.51536440849, 4.71739006042, 7.12946033478, 15.9416332245, 17.1314373016, 21.030626297, 26.1958198547, 46.7749328613, 56.5526618958, 60.1172828674, 51.681427002, 46.5674819946, 41.4365768433, 48.2983131409, 47.0837364197, 37.644657135, 33.0458145142, 26.3401508331, 26.6738376617, 28.6511497498, 21.4661197662, 14.6925735474, 10.6087808609, 7.05107784271, 4.52254295349, 3.97222805023, 2.89277291298, 2.42471933365, 2.14714598656, 1.21893620491, 0.598638057709, 0.235924333334, 0.0964497625828, 0.0167308244854, 0.000827500538435, 4.21617842221e-05, 3.577706957e-05],
        "min": [1.44056400586e-07, 6.82222434989e-07, 4.59879902337e-06, 2.63321435341e-05, 0.000131638138555, 0.000561513996217, 0.00259812641889, 0.00964027829468, 0.0242512598634, 0.0684597268701, 0.139786809683, 0.0451942160726, 0.20669066906, 0.426277458668, 0.475785523653, 0.091410368681, 0.0679913386703, 0.0537367537618, 0.0833476856351, 0.0962785556912, 0.0567487701774, 0.0269651226699, 0.0351022258401, 0.0296519305557, 0.0205081123859, 0.0134215857834, 0.00845079217106, 0.007299865596, 0.00642919074744, 0.00531686283648, 0.00380911468528, 0.00237408094108, 0.00146987102926, 0.00118869857397, 0.000186109100468, 4.08506093663e-05, 1.69918337178e-06, 2.01455776505e-07, 2.8632757676e-07, 4.07487732446e-07],
        "stdev": [0.176353350282, 1.73258912563, 5.99713945389, 5.97561788559, 8.00149536133, 10.9991292953, 25.428237915, 28.5275993347, 50.1242218018, 54.2498664856, 87.9022064209, 83.4865493774, 104.437278748, 69.5140380859, 56.7609291077, 73.4583282471, 72.4792556763, 68.6001358032, 48.2937355042, 37.593536377, 36.5602073669, 42.9005584717, 39.7649116516, 22.5862979889, 17.1077480316, 13.467874527, 9.58072280884, 5.73966693878, 5.64410305023, 3.64402151108, 3.38418626785, 3.44132566452, 1.79680728912, 0.932945072651, 0.428459495306, 0.194370001554, 0.0461724512279, 0.0056234607473, 0.000173558655661, 2.43730682996e-05]
    },
    "gfcc": {
        "mean": [-5.16131544113, 81.0655441284, -155.697250366, 19.8325271606, -70.4279403687, 24.5995750427, -36.6610031128, 18.1009674072, -21.9184627533, -1.30648648739, -12.6736545563, -4.99941492081, -5.89127063751],
        "cov": [[3624.42114258, 1040.71813965, 1152.5090332, 923.081848145, 434.910461426, 38.322883606, 57.0760345459, 212.538574219, -9.27145004272, 221.291091919, 140.53288269, 28.9370059967, -213.454910278], [1040.71813965, 2917.89282227, 2315.79931641, 1215.68640137, 653.735961914, -93.919418335, 37.5154342651, -95.1371536255, 63.5575523376, 43.4604606628, 480.908050537, -64.6301651001, 92.9250335693], [1152.5090332, 2315.79931641, 2808.09790039, 1276.08691406, 424.474639893, -49.1717300415, -193.678482056, -77.2329177856, -50.5978736877, 76.7403945923, 329.125366211, 38.3500747681, 24.7488689423], [923.081848145, 1215.68640137, 1276.08691406, 999.754760742, 367.259490967, 12.8531513214, 48.9529266357, 11.6841516495, 73.080696106, 66.2421264648, 186.350280762, 23.2237148285, 36.7797470093], [434.910461426, 653.735961914, 424.474639893, 367.259490967, 382.675231934, 104.943435669, 153.410919189, 81.2175827026, 76.5087661743, 55.5904922485, 85.855758667, 4.31538534164, 6.76805877686], [38.322883606, -93.919418335, -49.1717300415, 12.8531513214, 104.943435669, 264.601226807, 180.236312866, 74.0453338623, 36.5668106079, 44.2116241455, -13.3962001801, 15.9298353195, -8.72358608246], [57.0760345459, 37.5154342651, -193.678482056, 48.9529266357, 153.410919189, 180.236312866, 340.163848877, 77.2010726929, 80.1247406006, 93.5831985474, 12.8570194244, 4.61366605759, 6.26573944092], [212.538574219, -95.1371536255, -77.2329177856, 11.6841516495, 81.2175827026, 74.0453338623, 77.2010726929, 156.777587891, 59.7299613953, 34.3365211487, -0.915778696537, 21.6796169281, -22.4156303406], [-9.27145004272, 63.5575523376, -50.5978736877, 73.080696106, 76.5087661743, 36.5668106079, 80.1247406006, 59.7299613953, 107.783233643, 32.7324752808, 33.054359436, 5.53662395477, 12.5339336395], [221.291091919, 43.4604606628, 76.7403945923, 66.2421264648, 55.5904922485, 44.2116241455, 93.5831985474, 34.3365211487, 32.7324752808, 132.574462891, 24.1291980743, 24.7174320221, -10.842382431], [140.53288269, 480.908050537, 329.125366211, 186.350280762, 85.855758667, -13.3962001801, 12.8570194244, -0.915778696537, 33.054359436, 24.1291980743, 164.140823364, 8.03966331482, 26.268945694], [28.9370059967, -64.6301651001, 38.3500747681, 23.2237148285, 4.31538534164, 15.9298353195, 4.61366605759, 21.6796169281, 5.53662395477, 24.7174320221, 8.03966331482, 79.9712219238, 11.7034130096], [-213.454910278, 92.9250335693, 24.7488689423, 36.7797470093, 6.76805877686, -8.72358608246, 6.26573944092, -22.4156303406, 12.5339336395, -10.842382431, 26.268945694, 11.7034130096, 83.0241165161]],
        "icov": [[0.000753032334615, -0.000836359744426, 0.000813748280052, -0.00115562591236, 0.000571288459469, -0.000446532649221, 0.000858790590428, -0.00150395289529, 0.00170000793878, -0.00144228967838, 0.000652933085803, -0.000618871243205, 0.00201281276532], [-0.000836359744426, 0.00695989420637, -0.00502564804628, 0.00271941209212, -0.00663129612803, 0.00477521913126, -0.0047843423672, 0.00495178066194, -0.00327830645256, 0.00477153109387, -0.00811039656401, 0.00605192640796, -0.00407535396516], [0.000813748280052, -0.00502564804628, 0.00512403342873, -0.00378431915306, 0.00424993829802, -0.00406465027481, 0.00496997358277, -0.00364552414976, 0.00451530469581, -0.00460707349703, 0.00448176357895, -0.0043041119352, 0.00363864540122], [-0.00115562591236, 0.00271941209212, -0.00378431915306, 0.00573543226346, -0.00370683334768, 0.00255903671496, -0.00317454291508, 0.00360712269321, -0.00518804835156, 0.00344058405608, -0.00240878178738, 0.00176898564678, -0.00389769906178], [0.000571288459469, -0.00663129612803, 0.00424993829802, -0.00370683334768, 0.0124253304675, -0.00516157969832, 0.00243664113805, -0.00631142454222, 0.00175968010444, -0.00353902531788, 0.00733003998175, -0.00487104803324, 0.00346256606281], [-0.000446532649221, 0.00477521913126, -0.00406465027481, 0.00255903671496, -0.00516157969832, 0.0101749980822, -0.00713649904355, 0.00170207803603, -0.00174473854713, 0.00409168330953, -0.00431279651821, 0.00303944759071, -0.00219285092317], [0.000858790590428, -0.0047843423672, 0.00496997358277, -0.00317454291508, 0.00243664113805, -0.00713649904355, 0.0114766219631, -0.00333341537043, 0.00218636286445, -0.00771888624877, 0.00459435209632, -0.00267986184917, 0.00235905544832], [-0.00150395289529, 0.00495178066194, -0.00364552414976, 0.00360712269321, -0.00631142454222, 0.00170207803603, -0.00333341537043, 0.0156229697168, -0.00923303607851, 0.00440405542031, -0.00483509898186, 0.0011778944172, -0.00142444565427], [0.00170000793878, -0.00327830645256, 0.00451530469581, -0.00518804835156, 0.00175968010444, -0.00174473854713, 0.00218636286445, -0.00923303607851, 0.0214644502848, -0.00597610138357, -3.04435288854e-05, -0.00124759413302, 0.00217233737931], [-0.00144228967838, 0.00477153109387, -0.00460707349703, 0.00344058405608, -0.00353902531788, 0.00409168330953, -0.00771888624877, 0.00440405542031, -0.00597610138357, 0.0159532316029, -0.00543450796977, 0.000549535732716, -0.00208191666752], [0.000652933085803, -0.00811039656401, 0.00448176357895, -0.00240878178738, 0.00733003998175, -0.00431279651821, 0.00459435209632, -0.00483509898186, -3.04435288854e-05, -0.00543450796977, 0.0193132180721, -0.00728308688849, 0.00199535000138], [-0.000618871243205, 0.00605192640796, -0.0043041119352, 0.00176898564678, -0.00487104803324, 0.00303944759071, -0.00267986184917, 0.0011778944172, -0.00124759413302, 0.000549535732716, -0.00728308688849, 0.0203251950443, -0.00692931329831], [0.00201281276532, -0.00407535396516, 0.00363864540122, -0.00389769906178, 0.00346256606281, -0.00219285092317, 0.00235905544832, -0.00142444565427, 0.00217233737931, -0.00208191666752, 0.00199535000138, -0.00692931329831, 0.021093338728]]
    },
    "melbands": {
        "max": [0.0189045220613, 0.0302770845592, 0.00859204027802, 0.00445015542209, 0.00622739596292, 0.00476993760094, 0.0072423084639, 0.00562162138522, 0.00533573701978, 0.00461781769991, 0.00508282613009, 0.00319000706077, 0.00172320776619, 0.00202753162012, 0.00240710820071, 0.00200762762688, 0.00144396990072, 0.000908880960196, 0.000917219556868, 0.000799641478807, 0.000745849916711, 0.000619611993898, 0.000523117545526, 0.000273861835012, 0.000140413743793, 0.000104972008558, 7.85942247603e-05, 9.34660711209e-05, 9.03713807929e-05, 3.68006694771e-05, 3.94037124352e-05, 3.67596803699e-05, 1.98546968022e-05, 1.68869519257e-05, 1.62240230566e-05, 2.01168331841e-05, 1.78608843271e-05, 1.47653208842e-05, 9.98935684038e-06, 6.83760208631e-06],
        "mean": [0.00123403826728, 0.00164155953098, 0.000669523491524, 0.000385869934689, 0.000541408895515, 0.000392704794649, 0.000312565505737, 0.000296814745525, 0.000405036000302, 0.000341366016073, 0.000293272576528, 0.000206880416954, 0.000163847100339, 0.000106022118416, 0.000112013949547, 9.62864069152e-05, 8.73943790793e-05, 6.16370962234e-05, 4.38403221779e-05, 4.21574004577e-05, 2.97497026622e-05, 2.75899801636e-05, 2.62669545918e-05, 2.55633531197e-05, 1.62276155606e-05, 1.29080426632e-05, 7.21820561012e-06, 6.96711231285e-06, 4.82756240672e-06, 2.93984021482e-06, 2.53264147432e-06, 2.38368716055e-06, 1.78362438419e-06, 1.5262614852e-06, 1.34609081215e-06, 1.4304537217e-06, 1.26205111428e-06, 8.79997514858e-07, 6.65368986574e-07, 4.52307631349e-07],
        "min": [5.31963473271e-10, 1.4389918146e-09, 7.41977013163e-09, 2.03730188275e-08, 1.06624625573e-07, 1.36471555834e-07, 1.54725739776e-07, 8.09349785413e-07, 1.39121732445e-06, 1.99903098519e-07, 9.13610961106e-07, 1.81792722742e-06, 8.95907248832e-07, 6.5444652364e-07, 1.21209225767e-07, 1.01613935044e-07, 8.34048492493e-08, 1.18235504942e-07, 7.3730312522e-08, 8.59861444269e-08, 5.55904406951e-08, 2.27455245749e-08, 2.87136376897e-08, 3.19047153141e-08, 1.85679365217e-08, 1.57477195728e-08, 9.86287140847e-09, 7.69064367745e-09, 3.97443811195e-09, 4.22416857049e-09, 3.22112114759e-09, 2.64108557246e-09, 3.72424602268e-09, 2.64676414119e-09, 1.91060856025e-09, 1.9107710969e-09, 1.19873488913e-09, 8.269143148e-10, 1.38998379473e-09, 5.95668736558e-10],
        "stdev": [0.00174943893217, 0.0025756622199, 0.00105400383472, 0.000553410092834, 0.000795507221483, 0.000627410772722, 0.000747529033106, 0.000601718260441, 0.000734920788091, 0.000497468863614, 0.000519331253599, 0.000294298457447, 0.000206513796002, 0.000160104071256, 0.000197130488232, 0.000165487843333, 0.000139371913974, 9.01683306438e-05, 5.57043749723e-05, 5.46518567717e-05, 5.28133314219e-05, 4.74239604955e-05, 4.4928285206e-05, 3.49730762537e-05, 1.7979686163e-05, 1.56636942847e-05, 8.71868360264e-06, 9.43793475017e-06, 6.77904881741e-06, 3.90482091461e-06, 3.596817578e-06, 3.71953842659e-06, 2.37522272073e-06, 2.03368949769e-06, 1.86100180599e-06, 2.32152001445e-06, 2.10049756788e-06, 1.37102756526e-06, 9.82441179076e-07, 7.61611545386e-07]
    },
    "melbands128": {
        "max": [0.00638307258487, 0.0134066008031, 0.0329798199236, 0.0327587798238, 0.04583818838, 0.0220977291465, 0.0141330659389, 0.01121540647, 0.00834706798196, 0.00571904936805, 0.00641569122672, 0.00904487632215, 0.0114234592766, 0.00900255795568, 0.00829488225281, 0.00950763188303, 0.00770274875686, 0.011957982555, 0.00653688702732, 0.0107593378052, 0.00947864446789, 0.00991134345531, 0.00961200054735, 0.0135738281533, 0.00698134209961, 0.00997042842209, 0.0103144943714, 0.00791536644101, 0.00569677818567, 0.004758650437, 0.00431057019159, 0.00501585239545, 0.00320509797893, 0.00383883435279, 0.00248675909825, 0.00336570269428, 0.00550397438928, 0.00520494580269, 0.00239042262547, 0.00404150318354, 0.00387206044979, 0.00258615822531, 0.00262034754269, 0.00351418275386, 0.00266725709662, 0.00141136685852, 0.00296737602912, 0.00139459152706, 0.00112860579975, 0.00120207760483, 0.0017958257813, 0.000458844559034, 0.00114042311907, 0.00100527273025, 0.00224887230434, 0.000774680636823, 0.00125261454377, 0.00129959988408, 0.000701743760146, 0.000698720279615, 0.000550748896785, 0.000249932345469, 0.000378036522307, 0.000158915878274, 0.000190078179003, 0.000210246362258, 0.000219630004722, 8.07586256997e-05, 0.00016710133059, 0.000161710588145, 0.000128446845338, 0.000152712673298, 7.41213661968e-05, 0.000120614349726, 0.000150201361976, 5.00360401929e-05, 4.24653953814e-05, 5.60004918952e-05, 5.01741888002e-05, 0.000108021878987, 3.67676839232e-05, 5.67783972656e-05, 3.69570843759e-05, 2.59726220975e-05, 2.80567383015e-05, 1.79195685632e-05, 2.69866177405e-05, 1.62804117281e-05, 3.17877238558e-05, 2.49099830398e-05, 4.05413884437e-05, 2.24062296184e-05, 2.96575017273e-05, 2.57579740719e-05, 1.85807130038e-05, 2.53790585703e-05, 1.60996496561e-05, 1.62714804901e-05, 1.0727733752e-05, 1.16618139145e-05, 1.17259751278e-05, 8.03243892733e-06, 6.90797605785e-06, 8.43886300572e-06, 1.02834965219e-05, 6.77038360664e-06, 6.16936767983e-06, 3.08921653414e-06, 5.795119705e-06, 3.12679071612e-06, 4.43171575171e-06, 2.76124569609e-06, 2.90143771053e-06, 2.90933985525e-06, 2.40282088271e-06, 1.47351215674e-06, 5.42200268683e-07, 1.67582811628e-07, 8.09876681274e-08, 5.31433528295e-08, 1.20534949133e-07, 5.02023738136e-08, 2.97217450651e-08, 1.58250534898e-09, 1.54030188604e-09, 1.51928281067e-09, 1.50585288683e-09, 1.49641821157e-09],
        "mean": [0.000160068520927, 0.000772024737671, 0.00166456459556, 0.00215847208165, 0.00190812093206, 0.00109483068809, 0.000667261483613, 0.000687451218255, 0.000462848111056, 0.00026689239894, 0.000377204734832, 0.000572984397877, 0.000534518156201, 0.000600104860496, 0.000422931218054, 0.000247114046942, 0.000305648107314, 0.000384186045267, 0.000230339632253, 0.000304902961943, 0.000299304665532, 0.000328333408106, 0.000454199645901, 0.000429205625551, 0.000407309184084, 0.000263476831606, 0.000283305998892, 0.000372230919311, 0.000205777090741, 0.000236623905948, 0.000186375182238, 0.000185947370483, 0.000176359899342, 0.000153046246851, 8.44294409035e-05, 0.000105559665826, 0.000117623334518, 9.38770754146e-05, 0.000133885478135, 0.000105992119643, 8.26632458484e-05, 8.53676610859e-05, 9.47555527091e-05, 8.7813285063e-05, 6.6080589022e-05, 5.49663054699e-05, 6.31555958535e-05, 3.50013069692e-05, 3.89215638279e-05, 5.22163936694e-05, 4.77221219626e-05, 2.74226567853e-05, 2.38642223849e-05, 3.42620733136e-05, 3.33551579388e-05, 2.31040103245e-05, 2.60717260971e-05, 3.01313721138e-05, 2.39615928876e-05, 2.43782124016e-05, 3.20156068483e-05, 1.94142085093e-05, 1.74065989995e-05, 1.6230635083e-05, 1.35233321998e-05, 1.33264202304e-05, 1.34204101414e-05, 6.07855008639e-06, 5.79439938519e-06, 8.31768738863e-06, 7.09716414349e-06, 6.83509051669e-06, 5.0309222388e-06, 4.80639891975e-06, 4.12773579228e-06, 2.8125703011e-06, 2.51228857451e-06, 2.4902608402e-06, 2.45853107117e-06, 2.88371029455e-06, 2.08491633202e-06, 2.64784944193e-06, 1.85532803698e-06, 1.65431822552e-06, 1.80255506166e-06, 1.48942820033e-06, 1.52216614424e-06, 1.36364542414e-06, 1.2631686559e-06, 1.37106974307e-06, 1.49565948959e-06, 1.37433642067e-06, 1.47310743159e-06, 1.36002722684e-06, 1.09086477096e-06, 9.03223053683e-07, 8.42992164962e-07, 8.25164647722e-07, 6.93145238984e-07, 5.8009715076e-07, 5.088855346e-07, 4.45041138164e-07, 3.66811633512e-07, 3.10579736151e-07, 2.5763054623e-07, 2.08011016412e-07, 1.92672388266e-07, 1.7815791864e-07, 1.79629481067e-07, 1.49122911353e-07, 1.29430574702e-07, 8.56249968706e-08, 1.96344274173e-08, 1.45261624951e-08, 1.1958066537e-08, 5.42030598183e-09, 1.51498313894e-09, 1.53422413662e-10, 1.12083231585e-10, 9.35151817094e-11, 1.91620747048e-10, 1.08362027684e-10, 5.67109900707e-11, 6.02554985074e-12, 5.63806553527e-12, 5.34065456789e-12, 5.16997512509e-12, 5.12259722488e-12],
        "min": [1.36903807735e-10, 3.62355534467e-10, 6.23787341225e-11, 1.21112050944e-10, 4.47921422175e-10, 6.48027187466e-10, 1.32749589099e-09, 4.93594498607e-09, 7.83105846835e-09, 5.27811350182e-09, 5.00653873914e-09, 2.5506992074e-08, 1.75274301739e-08, 3.17729842436e-08, 6.14547346345e-08, 4.76104915492e-08, 7.20848873925e-08, 5.98668279395e-08, 1.1903377839e-07, 3.16287753321e-07, 1.454831704e-07, 3.01618030107e-07, 2.00700668529e-07, 3.43518458124e-08, 3.89257479583e-08, 6.96707971315e-08, 7.88064653534e-08, 1.14215680469e-07, 4.24502729857e-07, 2.25542208909e-07, 4.55359156604e-07, 5.34740713931e-08, 5.83631447171e-07, 3.82095237228e-07, 2.41435401449e-07, 2.2474232253e-08, 2.7100966804e-08, 2.48051890139e-08, 1.16308136455e-07, 4.61436471255e-08, 6.09727912604e-09, 1.78089187841e-08, 5.74117358099e-08, 3.80350115847e-08, 1.85270554454e-08, 3.12396117863e-08, 5.62885524857e-08, 5.15841058757e-08, 1.00247907753e-08, 2.30945076396e-08, 6.65281447709e-08, 3.52801627912e-08, 9.28697474478e-09, 1.82707857732e-08, 1.79303327741e-08, 5.46545964042e-09, 1.25391625971e-08, 8.81152217858e-09, 1.4922861169e-08, 2.06207424469e-08, 2.18841922361e-08, 1.29193065135e-08, 1.74552923227e-08, 1.45715439714e-08, 1.00729513619e-08, 1.56938693152e-08, 1.91028259877e-08, 9.02186858553e-09, 5.09843278707e-09, 5.83142956145e-09, 5.83943293719e-09, 3.26823568209e-09, 1.86264370594e-09, 6.01829031055e-10, 6.01137820078e-11, 2.18332418811e-09, 2.18313078726e-09, 2.93473823021e-09, 2.23194684956e-09, 7.28914817394e-10, 7.42337247228e-10, 3.19801429782e-09, 4.18377066325e-09, 6.6689348488e-10, 1.00659136582e-09, 5.95855753627e-10, 2.30150232206e-09, 2.33475905276e-09, 9.15387321498e-10, 1.3009401334e-09, 2.79427120331e-10, 4.50443710109e-10, 8.27688417804e-10, 7.05864811046e-10, 7.34651645073e-11, 6.66788291248e-11, 7.88063947432e-10, 6.26757423738e-10, 1.0143450524e-09, 2.00773134229e-10, 1.73346666882e-11, 1.50497721924e-11, 1.4127703998e-12, 1.04612358272e-12, 1.72963802569e-12, 2.43317518911e-12, 2.51964009552e-12, 7.44205424282e-13, 3.14948398307e-13, 4.21266699909e-13, 3.21844710171e-13, 3.19594367247e-13, 3.66894177799e-13, 2.12742963437e-13, 2.43572740102e-13, 2.85658405567e-13, 2.43871871482e-13, 2.81136306726e-13, 2.94234742907e-13, 2.40792737312e-13, 2.56566062883e-13, 2.39543140098e-13, 2.6885915369e-13, 2.83414486541e-13, 2.09256643588e-13, 7.11458073444e-14, 9.51523016331e-15, 4.85998653075e-16],
        "stdev": [0.000422176468419, 0.00127990497276, 0.00289336871356, 0.00320187699981, 0.00362437660806, 0.00216540927067, 0.00129389273934, 0.00127478595823, 0.000855342834257, 0.000525434268638, 0.000678613083437, 0.00099830806721, 0.00109616410919, 0.001101013273, 0.000878303835634, 0.000578360748477, 0.000794726947788, 0.00120820873417, 0.000662173843011, 0.000809355580714, 0.000815575185698, 0.000856117636431, 0.00110920413863, 0.00104788900353, 0.000795888365246, 0.000533678394277, 0.000675789488014, 0.000882303633261, 0.000414903159253, 0.000457614951301, 0.000348048837623, 0.000331835413817, 0.000285532092676, 0.000271062803222, 0.000188187448657, 0.000231219033594, 0.000320846098475, 0.000305322610075, 0.00025543171796, 0.000255476596067, 0.000221486203372, 0.000209929101402, 0.000196906534256, 0.000221351685468, 0.000189378624782, 9.19813610381e-05, 0.000138112576678, 7.6868062024e-05, 6.28206762485e-05, 8.9730732725e-05, 9.47762891883e-05, 3.93637055822e-05, 6.13162847003e-05, 7.92215723777e-05, 0.000109060812974, 4.64567965537e-05, 6.92871035426e-05, 6.93695474183e-05, 5.74006880925e-05, 5.25313625985e-05, 6.30732974969e-05, 2.94558321912e-05, 2.91542692139e-05, 2.23537899728e-05, 2.14809497265e-05, 2.15793279494e-05, 2.26226511586e-05, 8.78207538335e-06, 9.89759882941e-06, 1.34234705911e-05, 1.11906683742e-05, 1.13288169814e-05, 7.76380238676e-06, 7.77016066422e-06, 7.30204556021e-06, 4.48858463642e-06, 3.740839702e-06, 3.52117126567e-06, 3.48625258084e-06, 7.30830743123e-06, 3.01344948639e-06, 5.05454681843e-06, 2.7824225981e-06, 2.53951156992e-06, 2.73036016551e-06, 2.16275202547e-06, 2.44001216743e-06, 1.92739298654e-06, 2.0459829102e-06, 2.23238316721e-06, 2.96867506222e-06, 2.28367275668e-06, 2.70500686383e-06, 2.52273048318e-06, 1.85334693015e-06, 1.61397338161e-06, 1.47755883972e-06, 1.38447103382e-06, 1.07236769509e-06, 9.93667185867e-07, 9.89313548416e-07, 8.18985427031e-07, 6.40480834591e-07, 6.71881593917e-07, 5.52215340122e-07, 4.29994429396e-07, 4.48047330792e-07, 3.82571556656e-07, 4.28969087807e-07, 3.25547034663e-07, 3.02282813891e-07, 2.05292522537e-07, 1.41179825164e-07, 1.25341401258e-07, 1.26679893242e-07, 6.51713492061e-08, 2.3773482738e-08, 4.36443459151e-09, 2.55975329821e-09, 1.73882008792e-09, 4.35572555801e-09, 1.96546645626e-09, 1.07885611556e-09, 4.93923686673e-11, 4.81602986657e-11, 4.76016968898e-11, 4.71815295167e-11, 4.68920215158e-11]
    },
    "mfcc": {
        "mean": [-632.448120117, 106.87474823, -25.1393203735, -2.31496047974, -6.26867866516, -1.81542432308, 1.20793104172, 8.68827533722, 1.08291101456, 5.61147689819, -0.206069216132, -1.25759863853, -3.97616839409],
        "cov": [[3265.60302734, 200.142303467, 242.391220093, 639.943969727, 244.343795776, 104.350288391, 169.116516113, 105.14515686, -31.219587326, 207.659759521, 170.426559448, 146.889465332, 65.1176986694], [200.142303467, 2028.75537109, 1532.03710938, 1052.99353027, 709.141967773, 200.14944458, 294.199035645, -54.3026771545, -149.978363037, 17.8347797394, 93.5581512451, 91.1195831299, 173.528991699], [242.391220093, 1532.03710938, 2257.48754883, 1191.82568359, 792.539001465, 182.171508789, 175.344192505, -94.5648498535, -209.864852905, -57.220954895, -31.4782848358, 63.2264633179, 218.920578003], [639.943969727, 1052.99353027, 1191.82568359, 1119.2512207, 544.976013184, 197.753738403, 159.299560547, -0.184389278293, -46.9833755493, 23.9851875305, 52.7407531738, 117.128952026, 164.574142456], [244.343795776, 709.141967773, 792.539001465, 544.976013184, 509.796020508, 64.98853302, 89.6799087524, 34.0692901611, -56.7719421387, 10.3514385223, 20.077999115, 33.3189277649, 68.5669174194], [104.350288391, 200.14944458, 182.171508789, 197.753738403, 64.98853302, 271.194946289, 148.897003174, 63.7225799561, 80.8684539795, 62.0523986816, 51.3179283142, 60.9930915833, 38.3461341858], [169.116516113, 294.199035645, 175.344192505, 159.299560547, 89.6799087524, 148.897003174, 201.10710144, 69.744102478, 50.9727210999, 64.89818573, 66.216178894, 51.3415107727, 33.4771308899], [105.14515686, -54.3026771545, -94.5648498535, -0.184389278293, 34.0692901611, 63.7225799561, 69.744102478, 160.090240479, 72.6906738281, 55.9148254395, 38.3965988159, 31.8574562073, 2.41967177391], [-31.219587326, -149.978363037, -209.864852905, -46.9833755493, -56.7719421387, 80.8684539795, 50.9727210999, 72.6906738281, 155.675567627, 52.4239501953, 35.5385513306, 35.2144927979, 0.0958408266306], [207.659759521, 17.8347797394, -57.220954895, 23.9851875305, 10.3514385223, 62.0523986816, 64.89818573, 55.9148254395, 52.4239501953, 112.502243042, 60.9280929565, 29.1375522614, 7.03099250793], [170.426559448, 93.5581512451, -31.4782848358, 52.7407531738, 20.077999115, 51.3179283142, 66.216178894, 38.3965988159, 35.5385513306, 60.9280929565, 106.810401917, 47.2935371399, 13.9598236084], [146.889465332, 91.1195831299, 63.2264633179, 117.128952026, 33.3189277649, 60.9930915833, 51.3415107727, 31.8574562073, 35.2144927979, 29.1375522614, 47.2935371399, 112.251426697, 57.4645309448], [65.1176986694, 173.528991699, 218.920578003, 164.574142456, 68.5669174194, 38.3461341858, 33.4771308899, 2.41967177391, 0.0958408266306, 7.03099250793, 13.9598236084, 57.4645309448, 98.6561965942]],
        "icov": [[0.000491762824822, 0.000291917676805, 0.000141077412991, -0.000569801661186, -9.65041836025e-05, 0.000219948749873, -0.000465465971502, 3.09578354063e-05, 0.000771742023062, -0.000792487116996, -0.000228139848332, -0.00029326468939, 0.000197014596779], [0.000291917676805, 0.00193409889471, -0.000143383775139, -0.000819751934614, -0.00120737310499, 0.000272214994766, -0.00230246828869, 0.00119150185492, 0.0013450155966, -8.23898808449e-05, -0.00113039638381, 0.000167944235727, -0.000356870412361], [0.000141077412991, -0.000143383775139, 0.00198351009749, -0.000900609884411, -0.00153001677245, -0.000633235380519, -0.000693028676324, 0.000852603465319, 0.00148346018977, 0.000130012223963, 0.0010536693735, 0.000554144964553, -0.00169883132912], [-0.000569801661186, -0.000819751934614, -0.000900609884411, 0.00379374506883, -0.00132138421759, -0.00124336464796, 0.00141242635436, 0.000336286175298, -0.00148005713709, 0.000763813732192, -9.36236319831e-05, -0.000812183250673, -0.00116466532927], [-9.65041836025e-05, -0.00120737310499, -0.00153001677245, -0.00132138421759, 0.00701593467966, 0.0012830455089, 0.00122587836813, -0.00352889974602, -0.000417897390435, -0.000426638755016, 6.02935187999e-06, 0.000236509411479, 0.00197473564185], [0.000219948749873, 0.000272214994766, -0.000633235380519, -0.00124336464796, 0.0012830455089, 0.00794893596321, -0.00444443896413, -0.000316723366268, -0.00244210404344, -0.00119631725829, 0.000491334707476, -0.00109891151078, 0.0010480536148], [-0.000465465971502, -0.00230246828869, -0.000693028676324, 0.00141242635436, 0.00122587836813, -0.00444443896413, 0.0137583157048, -0.00350477034226, -0.00201029051095, -0.00116569164675, -0.0021321256645, -0.000188948237337, 0.000328401249135], [3.09578354063e-05, 0.00119150185492, 0.000852603465319, 0.000336286175298, -0.00352889974602, -0.000316723366268, -0.00350477034226, 0.0112567003816, -0.00203226413578, -0.00179917202331, 0.000105649596662, -0.00093604833819, -0.000419740303187], [0.000771742023062, 0.0013450155966, 0.00148346018977, -0.00148005713709, -0.000417897390435, -0.00244210404344, -0.00201029051095, -0.00203226413578, 0.0134744038805, -0.00276944693178, -0.000133144756546, -0.00159296649508, -0.000595405290369], [-0.000792487116996, -8.23898808449e-05, 0.000130012223963, 0.000763813732192, -0.000426638755016, -0.00119631725829, -0.00116569164675, -0.00179917202331, -0.00276944693178, 0.0168538205326, -0.00629813736305, 0.00171270733699, -0.000998337753117], [-0.000228139848332, -0.00113039638381, 0.0010536693735, -9.36236319831e-05, 6.02935187999e-06, 0.000491334707476, -0.0021321256645, 0.000105649596662, -0.000133144756546, -0.00629813736305, 0.0178652927279, -0.00518141686916, 0.00142175040673], [-0.00029326468939, 0.000167944235727, 0.000554144964553, -0.000812183250673, 0.000236509411479, -0.00109891151078, -0.000188948237337, -0.00093604833819, -0.00159296649508, 0.00171270733699, -0.00518141686916, 0.0175314098597, -0.00922572705895], [0.000197014596779, -0.000356870412361, -0.00169883132912, -0.00116466532927, 0.00197473564185, 0.0010480536148, 0.000328401249135, -0.000419740303187, -0.000595405290369, -0.000998337753117, 0.00142175040673, -0.00922572705895, 0.0197097975761]]
    },
    "spectral_contrast_coeffs": {
        "max": [-0.377958238125, -0.492804795504, -0.548225820065, -0.59459400177, -0.587707698345, -0.644227385521],
        "mean": [-0.719568431377, -0.726665019989, -0.757415473461, -0.784965276718, -0.782960116863, -0.756690680981],
        "min": [-0.89359074831, -0.919286370277, -0.886489987373, -0.892252802849, -0.889625906944, -0.880794465542],
        "stdev": [0.0809281244874, 0.068628333509, 0.0562231428921, 0.04962053895, 0.0475627295673, 0.0406000353396]
    },
    "spectral_contrast_valleys": {
        "max": [-4.99162960052, -5.11232423782, -5.33167362213, -5.90321922302, -5.89375495911, -8.3931646347],
        "mean": [-7.43784332275, -6.74755716324, -6.84187936783, -7.22525596619, -7.39803934097, -10.2318878174],
        "min": [-12.1938667297, -9.33646011353, -9.69456672668, -9.609375, -9.98914527893, -13.2660617828],
        "stdev": [1.81839120388, 0.79657971859, 0.749429523945, 0.786663889885, 0.755746483803, 0.742298483849]
    }
},
"rhythm": {
    "beats_count": 78,
    "beats_loudness": {
        "max": 0.0880442783237,
        "mean": 0.0336632803082,
        "min": 0.00331215071492,
        "stdev": 0.020495004952
    },
    "bpm": 155.683868408,
    "bpm_histogram_first_peak_bpm": 157,
    "bpm_histogram_first_peak_weight": 0.151515126228,
    "bpm_histogram_second_peak_bpm": 148,
    "bpm_histogram_second_peak_spread": 0.409090876579,
    "bpm_histogram_second_peak_weight": 0.168831169605,
    "danceability": 0.922970235348,
    "onset_rate": 1.94844675064,
    "beats_loudness_band_ratio": {
        "max": [0.901769578457, 0.767477095127, 0.738091886044, 0.698624253273, 0.310331076384, 0.467608302832],
        "mean": [0.294339090586, 0.16807334125, 0.2380708009, 0.196392759681, 0.100302144885, 0.0450173132122],
        "min": [6.82166319166e-06, 0.00043428762001, 0.0200445372611, 0.00696086883545, 0.00184061552864, 0.00177800119855],
        "stdev": [0.224933534861, 0.165269166231, 0.130981758237, 0.183815076947, 0.0859275311232, 0.0587462522089]
    },
