{
"metadata": {
    "version": {
        "essentia": "2.1-beta5",
        "essentia_git_sha": "Undefined",
        "extractor": "music 2.0"
    },
    "audio_properties": {
        "analysis": {
            "equal_loudness": 0,
            "length": 35.1201820374,
            "sample_rate": 44100,
            "start_time": 158.998641968,
            "downmix": "mix"
        },
        "bit_rate": 192000,
        "length": 194.142044067,
        "lossless": 0,
        "number_channels": 2,
        "replay_gain": -2.70794677734,
        "sample_rate": 48000,
        "codec": "mp3",
        "md5_encoded": "b5a08952f798eed06a1eaa6182cd364f"
    },
    "tags": {
        "file_name": "Portugal_Há um mar que nos Separa_Leonor Andrade.mp3",
        "encoding": ["Lavf58.29.100"]
    }
},
"lowlevel": {
    "average_loudness": 0.954485535622,
    "barkbands_crest": {
        "max": 26.600484848,
        "mean": 8.67147636414,
        "min": 2.8721075058,
        "stdev": 3.7111120224
    },
    "barkbands_flatness_db": {
        "max": 0.35428032279,
        "mean": 0.137475952506,
        "min": 0.0623245388269,
        "stdev": 0.0458910875022
    },
    "barkbands_kurtosis": {
        "max": 103.519706726,
        "mean": 1.60437369347,
        "min": -1.75972151756,
        "stdev": 5.89649391174
    },
    "barkbands_skewness": {
        "max": 9.35424041748,
        "mean": 1.10294210911,
        "min": -1.81812107563,
        "stdev": 0.836070239544
    },
    "barkbands_spread": {
        "max": 74.6452331543,
        "mean": 24.4483623505,
        "min": 1.42008340359,
        "stdev": 11.8061542511
    },
    "dissonance": {
        "max": 0.500000059605,
        "mean": 0.47111594677,
        "min": 0.303518921137,
        "stdev": 0.0230922531337
    },
    "dynamic_complexity": 1.85238754749,
    "erbbands_crest": {
        "max": 28.7672138214,
        "mean": 9.65114402771,
        "min": 2.87727189064,
        "stdev": 4.45132732391
    },
    "erbbands_flatness_db": {
        "max": 0.374356687069,
        "mean": 0.179542735219,
        "min": 0.0481840893626,
        "stdev": 0.0621189326048
    },
    "erbbands_kurtosis": {
        "max": 41.6990318298,
        "mean": 0.673078179359,
        "min": -1.63672447205,
        "stdev": 2.61797761917
    },
    "erbbands_skewness": {
        "max": 5.6674451828,
        "mean": 0.300235897303,
        "min": -1.91875422001,
        "stdev": 0.756787061691
    },
    "erbbands_spread": {
        "max": 86.89868927,
        "mean": 31.5416603088,
        "min": 4.86172962189,
        "stdev": 14.3876085281
    },
    "hfc": {
        "max": 157.631149292,
        "mean": 30.4143619537,
        "min": 9.97302223027e-08,
        "stdev": 19.008934021
    },
    "loudness_ebu128": {
        "integrated": -19.5301856995,
        "loudness_range": 5.87949371338,
        "momentary": {
            "max": -14.5004377365,
            "mean": -20.0785255432,
            "min": -28.9176082611,
            "stdev": 2.41654396057
        },
        "short_term": {
            "max": -17.1965923309,
            "mean": -19.8817405701,
            "min": -25.4658527374,
            "stdev": 2.0129096508
        }
    },
    "melbands_crest": {
        "max": 39.516960144,
        "mean": 12.2149944305,
        "min": 4.46727895737,
        "stdev": 4.78801250458
    },
    "melbands_flatness_db": {
        "max": 0.338770806789,
        "mean": 0.164156377316,
        "min": 0.0388049334288,
        "stdev": 0.0362537875772
    },
    "melbands_kurtosis": {
        "max": 187.288391113,
        "mean": 6.56933259964,
        "min": -1.78708970547,
        "stdev": 11.0153980255
    },
    "melbands_skewness": {
        "max": 11.2980365753,
        "mean": 1.98711180687,
        "min": -0.54489415884,
        "stdev": 1.05581605434
    },
    "melbands_spread": {
        "max": 163.886352539,
        "mean": 27.441991806,
        "min": 1.33301615715,
        "stdev": 14.6370811462
    },
    "pitch_salience": {
        "max": 0.848731935024,
        "mean": 0.558161258698,
        "min": 0.0226755030453,
        "stdev": 0.113329842687
    },
    "silence_rate_20dB": {
        "max": 1,
        "mean": 1,
        "min": 1,
        "stdev": 0
    },
    "silence_rate_30dB": {
        "max": 1,
        "mean": 0.999339520931,
        "min": 0,
        "stdev": 0.025691697374
    },
    "silence_rate_60dB": {
        "max": 1,
        "mean": 0.0165125504136,
        "min": 0,
        "stdev": 0.127435863018
    },
    "spectral_centroid": {
        "max": 4493.91943359,
        "mean": 1595.80773926,
        "min": 569.322814941,
        "stdev": 411.939605713
    },
    "spectral_complexity": {
        "max": 47,
        "mean": 25.1618232727,
        "min": 0,
        "stdev": 8.26530742645
    },
    "spectral_decrease": {
        "max": -3.79424438256e-17,
        "mean": -7.80573028436e-09,
        "min": -3.23230082699e-08,
        "stdev": 4.4346690764e-09
    },
    "spectral_energy": {
        "max": 0.125440150499,
        "mean": 0.0322192646563,
        "min": 1.5224937977e-10,
        "stdev": 0.0179652478546
    },
    "spectral_energyband_high": {
        "max": 0.00443071778864,
        "mean": 0.000924929685425,
        "min": 6.95267888401e-12,
        "stdev": 0.000734805653337
    },
    "spectral_energyband_low": {
        "max": 0.103036515415,
        "mean": 0.00930829439312,
        "min": 8.78218262002e-11,
        "stdev": 0.0115132033825
    },
    "spectral_energyband_middle_high": {
        "max": 0.106531664729,
        "mean": 0.0113771082833,
        "min": 6.68898096634e-12,
        "stdev": 0.00995432119817
    },
    "spectral_energyband_middle_low": {
        "max": 0.0383446775377,
        "mean": 0.011503691785,
        "min": 1.3634014924e-11,
        "stdev": 0.0065213246271
    },
    "spectral_entropy": {
        "max": 8.83274269104,
        "mean": 7.68865537643,
        "min": 6.37833404541,
        "stdev": 0.249824479222
    },
    "spectral_flux": {
        "max": 0.26678442955,
        "mean": 0.0923987999558,
        "min": 9.60079632932e-05,
        "stdev": 0.0389695465565
    },
    "spectral_kurtosis": {
        "max": 15.7256145477,
        "mean": 4.10904121399,
        "min": -1.13933265209,
        "stdev": 1.76115775108
    },
    "spectral_rms": {
        "max": 0.0110625782982,
        "mean": 0.005363042932,
        "min": 3.85403666314e-07,
        "stdev": 0.00163436913863
    },
    "spectral_rolloff": {
        "max": 9474.609375,
        "mean": 1737.87634277,
        "min": 21.533203125,
        "stdev": 995.61907959
    },
    "spectral_skewness": {
        "max": 3.12986564636,
        "mean": 1.53826546669,
        "min": 0.131439432502,
        "stdev": 0.315320551395
    },
    "spectral_spread": {
        "max": 12772031,
        "mean": 4225795,
        "min": 2621370.5,
        "stdev": 982123.6875
    },
    "spectral_strongpeak": {
        "max": 14.7052707672,
        "mean": 1.36616337299,
        "min": 0,
        "stdev": 1.82164776325
    },
    "zerocrossingrate": {
        "max": 0.30712890625,
        "mean": 0.0684003308415,
        "min": 0,
        "stdev": 0.0257480721921
    },
    "barkbands": {
        "max": [0.00233954470605, 0.0959167033434, 0.0347762778401, 0.0190067309886, 0.0200574249029, 0.0158693678677, 0.0233279149979, 0.0194510575384, 0.0188667569309, 0.0223393701017, 0.0168300829828, 0.061355702579, 0.016557732597, 0.0188683290035, 0.0524036362767, 0.0111987004057, 0.00623679812998, 0.0105698583648, 0.00465485267341, 0.00274683791213, 0.00153197371401, 0.000769222911913, 0.00195269158576, 0.00163505028468, 0.00112851429731, 0.000626143300906, 3.24205029756e-05],
        "mean": [0.000225614188821, 0.0068665384315, 0.00179209921043, 0.00112748530228, 0.00267218798399, 0.00199766107835, 0.00161756796297, 0.00159368966706, 0.00152120657731, 0.00257005728781, 0.00105171767063, 0.0011081652483, 0.00127281877212, 0.000971132656559, 0.00182529678568, 0.000921578903217, 0.000661484606098, 0.000892514770385, 0.000396921765059, 0.000387335720006, 0.000150614665472, 0.000104085425846, 0.00020612947992, 0.000182868330739, 8.16791944089e-05, 2.08045512409e-05, 2.41523778755e-08],
        "min": [7.34664135082e-11, 4.46147944977e-11, 9.2357187436e-13, 4.19690541001e-13, 8.51923566414e-13, 1.55958015599e-12, 1.3005842063e-12, 9.07362780831e-13, 1.37869013081e-12, 5.22790686609e-13, 1.69428896911e-13, 1.33979226368e-13, 9.00870903483e-14, 2.28207725069e-13, 2.35555878188e-13, 1.65216863628e-12, 1.99611637983e-12, 3.18860741847e-13, 1.16397679256e-12, 6.64952955979e-13, 3.22912513786e-13, 7.60667679019e-13, 4.00614247721e-13, 1.12916869865e-12, 1.35175811516e-12, 1.62628905568e-12, 1.00295097748e-12],
        "stdev": [0.000320534512866, 0.00935281999409, 0.00315870880149, 0.00174569268711, 0.00291350367479, 0.00224056094885, 0.00290306308307, 0.00208305637352, 0.00207114545628, 0.00335433869623, 0.00157213967759, 0.0032147814054, 0.00212525436655, 0.00158843479585, 0.00399089837447, 0.00127169874031, 0.000660708115902, 0.00129393103998, 0.000344935164321, 0.000372556998627, 0.000140106363688, 9.16222707019e-05, 0.000231491721934, 0.000234427396208, 0.000114219546958, 4.48501923529e-05, 8.32921614347e-07]
    },
    "erbbands": {
        "max": [1.96236729622, 23.6409626007, 37.4252281189, 75.1857376099, 52.8459472656, 89.705291748, 93.9156112671, 204.91192627, 360.443359375, 324.044128418, 438.658813477, 336.113647461, 750.556213379, 826.007629395, 545.714599609, 2815.671875, 779.102661133, 568.218505859, 3233.8918457, 497.130065918, 645.845336914, 247.114578247, 676.397277832, 237.968383789, 205.820678711, 162.526290894, 81.8759613037, 37.5806121826, 27.919380188, 40.2544631958, 61.6478996277, 38.7589912415, 27.7956523895, 14.6746358871, 10.1889209747, 3.41774392128, 1.46591711044, 0.093399271369, 0.0046102842316, 0.000527319556568],
        "mean": [0.194284498692, 1.52894794941, 2.30036449432, 2.9353146553, 6.14955091476, 10.0205373764, 8.52735424042, 23.5826034546, 21.3520965576, 35.8690338135, 22.1500988007, 37.4767990112, 70.5639953613, 64.8262939453, 47.3472633362, 50.5723266602, 60.9378814697, 50.1573143005, 102.544013977, 53.9165763855, 50.2048339844, 35.0477409363, 57.8100090027, 24.1069145203, 20.331987381, 17.5327796936, 9.09791564941, 4.5318775177, 3.64239168167, 4.39901161194, 6.2535443306, 3.78710055351, 3.16235971451, 1.39142823219, 0.359970480204, 0.152767971158, 0.0264778546989, 0.000829765456729, 5.13989725732e-05, 4.31467342423e-05],
        "min": [2.42356179569e-09, 6.26893559286e-09, 2.55851673181e-09, 1.5689457511e-09, 1.6861295693e-09, 3.20726267766e-09, 4.03119670978e-09, 1.82137576132e-08, 1.91996889498e-08, 1.88232380793e-08, 2.22754827917e-08, 3.06086036517e-08, 2.52623308938e-08, 9.49986578291e-09, 7.77237740834e-09, 4.60702453964e-09, 4.21369161785e-09, 9.86804504777e-09, 1.14997158462e-08, 3.10981320695e-08, 1.0926135019e-07, 1.09569683104e-07, 3.40405854615e-08, 2.89242603202e-08, 5.54707213496e-08, 4.32168363318e-08, 1.67397242734e-08, 1.53242076806e-08, 3.17867581145e-08, 1.05051052302e-08, 1.11603055686e-08, 2.85775367814e-08, 1.41842146917e-08, 1.08266169363e-08, 1.09362128242e-08, 7.10222591849e-09, 3.35587002631e-09, 7.67143015779e-10, 1.70596980986e-10, 1.15919010502e-11],
        "stdev": [0.230957075953, 2.29849720001, 3.78598284721, 4.99161863327, 7.82938480377, 12.2839488983, 8.52737617493, 27.0541553497, 37.5322952271, 45.4378051758, 30.6196899414, 47.6415672302, 100.227104187, 96.5507125854, 68.0710525513, 147.745605469, 101.25214386, 60.470993042, 238.762649536, 67.275642395, 70.4002456665, 30.6762619019, 86.3583221436, 19.4594173431, 18.1362762451, 17.8954868317, 8.5896320343, 3.70275735855, 3.07115292549, 4.76294469833, 7.307949543, 4.62392950058, 4.5123500824, 1.9476172924, 0.552771508694, 0.263877660036, 0.0799836441875, 0.00434079114348, 0.000148693405208, 2.66574279522e-05]
    },
    "gfcc": {
        "mean": [21.2606811523, 73.2792205811, -153.531997681, 25.6492996216, -68.69581604, 23.1710243225, -46.0256576538, 19.6447868347, -21.1927680969, 2.54771113396, -10.3141098022, -2.98108959198, -6.01280832291],
        "cov": [[5517.57421875, 1636.80004883, 1520.38891602, 1599.61462402, 741.910461426, 253.66394043, -172.688400269, 18.9874649048, -34.8025436401, 145.796005249, 206.953308105, 141.793151855, 30.9559860229], [1636.80004883, 1932.08654785, 1622.28186035, 1306.38378906, 594.163452148, 4.90757846832, -90.1069259644, -84.7249221802, 48.9730567932, 134.215454102, 279.110473633, 96.3170166016, 122.479827881], [1520.38891602, 1622.28186035, 2019.9206543, 1485.46716309, 639.766723633, 79.5463409424, -188.793640137, -15.4818592072, 49.9135932922, 181.907287598, 271.162536621, 145.515197754, 58.8786506653], [1599.61462402, 1306.38378906, 1485.46716309, 1372.18029785, 594.78125, 42.593875885, -141.599639893, -33.6158943176, 36.5834159851, 119.160873413, 202.663452148, 111.312141418, 68.7325744629], [741.910461426, 594.163452148, 639.766723633, 594.78125, 384.413299561, 45.4961624146, -29.8955745697, -14.0996904373, -15.2558336258, 57.4635620117, 68.5824432373, 73.5234603882, 39.0613288879], [253.66394043, 4.90757846832, 79.5463409424, 42.593875885, 45.4961624146, 129.764144897, 20.8859043121, 2.0456237793, -7.5576210022, -2.53721046448, 23.4889392853, 2.6851978302, -3.79691362381], [-172.688400269, -90.1069259644, -188.793640137, -141.599639893, -29.8955745697, 20.8859043121, 129.082427979, 7.98348903656, -19.5291309357, -17.4458656311, -45.1240348816, -3.75897955894, -7.76795244217], [18.9874649048, -84.7249221802, -15.4818592072, -33.6158943176, -14.0996904373, 2.0456237793, 7.98348903656, 89.4499664307, 38.6114044189, 10.528591156, -2.71282291412, -8.74131774902, -19.3786888123], [-34.8025436401, 48.9730567932, 49.9135932922, 36.5834159851, -15.2558336258, -7.5576210022, -19.5291309357, 38.6114044189, 96.9028549194, 30.5661449432, 35.8962287903, -15.486284256, -4.53303813934], [145.796005249, 134.215454102, 181.907287598, 119.160873413, 57.4635620117, -2.53721046448, -17.4458656311, 10.528591156, 30.5661449432, 75.3749008179, 45.0207824707, 13.8195819855, -3.42991375923], [206.953308105, 279.110473633, 271.162536621, 202.663452148, 68.5824432373, 23.4889392853, -45.1240348816, -2.71282291412, 35.8962287903, 45.0207824707, 146.832199097, 14.9394350052, 20.2264080048], [141.793151855, 96.3170166016, 145.515197754, 111.312141418, 73.5234603882, 2.6851978302, -3.75897955894, -8.74131774902, -15.486284256, 13.8195819855, 14.9394350052, 76.7685394287, 23.0809707642], [30.9559860229, 122.479827881, 58.8786506653, 68.7325744629, 39.0613288879, -3.79691362381, -7.76795244217, -19.3786888123, -4.53303813934, -3.42991375923, 20.2264080048, 23.0809707642, 78.126625061]],
        "icov": [[0.000603106338531, -0.00117201125249, 0.001472295844, -0.00139658304397, 0.000933014147449, -0.00224103196524, 0.0017330206465, -0.00183338753413, 0.00156172586139, -0.00157230067998, 0.00110275100451, -0.00125547405332, 0.000966647639871], [-0.00117201125249, 0.0056646023877, -0.00535658700392, 0.00283442670479, -0.00372523744591, 0.00714861415327, -0.00656645698473, 0.00651938281953, -0.00469071278349, 0.00489081069827, -0.0047566909343, 0.00515582365915, -0.00404781010002], [0.001472295844, -0.00535658700392, 0.00854509416968, -0.00661354931071, 0.00421240180731, -0.00859657209367, 0.00764633063227, -0.00741764996201, 0.00592857832089, -0.00758861098439, 0.00398724060506, -0.00636139744893, 0.00444708298892], [-0.00139658304397, 0.00283442670479, -0.00661354931071, 0.0094282226637, -0.0072655081749, 0.006888799835, -0.0036911284551, 0.00599631574005, -0.00600065616891, 0.00646229600534, -0.00354691152461, 0.00417388696223, -0.0024921593722], [0.000933014147449, -0.00372523744591, 0.00421240180731, -0.0072655081749, 0.0131912855431, -0.00736509915441, 0.00312654278241, -0.00609117932618, 0.00689167203382, -0.00710051320493, 0.00482725771144, -0.00603424338624, 0.00115554442164], [-0.00224103196524, 0.00714861415327, -0.00859657209367, 0.006888799835, -0.00736509915441, 0.0202053338289, -0.0113457357511, 0.00916307512671, -0.0069964681752, 0.0103375548497, -0.00887948088348, 0.0080025633797, -0.00410922197625], [0.0017330206465, -0.00656645698473, 0.00764633063227, -0.0036911284551, 0.00312654278241, -0.0113457357511, 0.0185099616647, -0.00914623681456, 0.00701707182452, -0.00728220678866, 0.00745904678479, -0.00699678203091, 0.00477298395708], [-0.00183338753413, 0.00651938281953, -0.00741764996201, 0.00599631574005, -0.00609117932618, 0.00916307512671, -0.00914623681456, 0.0233922787011, -0.0134799266234, 0.00698887044564, -0.00457215681672, 0.0057508610189, -0.00178614398465], [0.00156172586139, -0.00469071278349, 0.00592857832089, -0.00600065616891, 0.00689167203382, -0.0069964681752, 0.00701707182452, -0.0134799266234, 0.0225965306163, -0.0112936254591, 0.001674098894, -0.00139105785638, 0.00190728378948], [-0.00157230067998, 0.00489081069827, -0.00758861098439, 0.00646229600534, -0.00710051320493, 0.0103375548497, -0.00728220678866, 0.00698887044564, -0.0112936254591, 0.0279105845839, -0.0085285063833, 0.00303751672618, -6.80222656229e-05], [0.00110275100451, -0.0047566909343, 0.00398724060506, -0.00354691152461, 0.00482725771144, -0.00887948088348, 0.00745904678479, -0.00457215681672, 0.001674098894, -0.0085285063833, 0.0157404392958, -0.0043958472088, 0.00084448675625], [-0.00125547405332, 0.00515582365915, -0.00636139744893, 0.00417388696223, -0.00603424338624, 0.0080025633797, -0.00699678203091, 0.0057508610189, -0.00139105785638, 0.00303751672618, -0.0043958472088, 0.023116722703, -0.00796525925398], [0.000966647639871, -0.00404781010002, 0.00444708298892, -0.0024921593722, 0.00115554442164, -0.00410922197625, 0.00477298395708, -0.00178614398465, 0.00190728378948, -6.80222656229e-05, 0.00084448675625, -0.00796525925398, 0.0190998539329]]
    },
    "melbands": {
        "max": [0.0235597733408, 0.0177317224443, 0.0109483432025, 0.00397596135736, 0.00359445391223, 0.00391669664532, 0.00542196072638, 0.00378896575421, 0.00344684207812, 0.00252072466537, 0.00368472491391, 0.00316111370921, 0.00164207431953, 0.0079602515325, 0.00275653041899, 0.00158463104162, 0.00129041261971, 0.00483680982143, 0.00197253911756, 0.00105344830081, 0.000909189169761, 0.000309346447466, 0.000607419467997, 0.000731105392333, 0.000223126800847, 0.000264287140453, 0.000123340505525, 0.00011067554442, 8.35740356706e-05, 5.12741935381e-05, 2.50555131061e-05, 1.78756436071e-05, 2.21523496293e-05, 2.63370675384e-05, 3.38477148034e-05, 3.37141573254e-05, 2.7414820579e-05, 1.93209616555e-05, 3.29811118718e-05, 1.44891955642e-05],
        "mean": [0.00187016348355, 0.00147421343718, 0.000617936020717, 0.000575890589971, 0.000363244325854, 0.000467863545055, 0.000332745927153, 0.000406580482377, 0.000160221592523, 0.000251750811003, 0.00035261575249, 0.000269059382845, 0.000140648335218, 0.000148436010932, 0.000116148366942, 0.000121507211588, 8.85455447133e-05, 0.000158191163791, 0.000112398040073, 6.57796481391e-05, 5.50192562514e-05, 3.28871610691e-05, 5.43140777154e-05, 3.81791323889e-05, 1.78321188287e-05, 1.30344214995e-05, 1.52626798808e-05, 1.09841057565e-05, 6.62836418996e-06, 3.33607044922e-06, 2.3640091058e-06, 2.01502825803e-06, 2.03667764254e-06, 2.52252493738e-06, 3.75151216758e-06, 3.20786034536e-06, 1.93705136553e-06, 2.17510205403e-06, 2.15277532334e-06, 8.34076104184e-07],
        "min": [2.05353459931e-11, 9.35296002973e-13, 2.06152301718e-13, 1.54711258995e-13, 1.50198443635e-13, 4.16058463723e-13, 2.90758519692e-13, 2.02599940405e-13, 1.87152444692e-13, 1.96268131955e-13, 1.22866574228e-13, 3.85097803526e-14, 2.4831626352e-14, 1.73076020882e-14, 7.5841373451e-15, 1.20743691128e-14, 1.85633657019e-14, 1.89287621628e-14, 1.89201580022e-14, 6.93691116918e-14, 1.41747453618e-13, 1.18783401084e-13, 6.53941148194e-14, 1.00931268619e-14, 2.09112343056e-14, 6.06752536127e-14, 1.87912090944e-14, 3.05381364456e-14, 7.88296125153e-15, 7.80870187305e-15, 1.04665404897e-14, 2.07789446999e-14, 1.03568903806e-14, 4.41264482026e-15, 3.88645778903e-15, 1.17819292937e-14, 2.1772848078e-14, 1.03182512786e-14, 8.96408954145e-15, 8.66200964037e-15],
        "stdev": [0.00237238174304, 0.00220704078674, 0.000849639181979, 0.000643884239253, 0.000367719476344, 0.000536949723028, 0.000587341550272, 0.000511019839905, 0.000232812657487, 0.000329245725879, 0.000507607532199, 0.000418021372752, 0.000203310948564, 0.00040445374907, 0.00023092101037, 0.000175607099663, 0.000131383902044, 0.000381400139304, 0.000214511135709, 8.14698141767e-05, 8.31100187497e-05, 2.94073306577e-05, 7.34232162358e-05, 5.89756491536e-05, 1.61340649356e-05, 1.32064878926e-05, 1.51447738972e-05, 1.2595824046e-05, 7.0488649726e-06, 3.50109780811e-06, 2.17096749111e-06, 1.72674424448e-06, 2.12167674363e-06, 3.0397845876e-06, 4.80325115859e-06, 4.0727582018e-06, 2.69621750704e-06, 3.15626880365e-06, 3.8322200453e-06, 1.24255495848e-06]
    },
    "melbands128": {
        "max": [0.00195081776474, 0.0106850033626, 0.0388323701918, 0.0405914671719, 0.0228773653507, 0.0219345744699, 0.0184534471482, 0.00790520012379, 0.007079789415, 0.00575401401147, 0.00671766512096, 0.00661247596145, 0.00371659407392, 0.00232282141224, 0.00687655201182, 0.00441088154912, 0.0108934082091, 0.0100821191445, 0.00815407186747, 0.00566022004932, 0.00786127895117, 0.00746116740629, 0.00574850989506, 0.00273678265512, 0.0030434934888, 0.00362400151789, 0.00574480416253, 0.0056718676351, 0.00646220240742, 0.00559683237225, 0.0062074647285, 0.00295498571359, 0.00204240647145, 0.00373396114446, 0.00544461561367, 0.0166710335761, 0.00945419631898, 0.00235900003463, 0.00455111544579, 0.00351163907908, 0.00215043779463, 0.000901470310055, 0.00184404372703, 0.002833110746, 0.00410431204364, 0.00923119485378, 0.00963186565787, 0.00302666216157, 0.00165490398649, 0.000547266099602, 0.00219120364636, 0.00207992410287, 0.00205826060846, 0.000832217221614, 0.00107459025458, 0.000290059484541, 0.000463458884042, 0.00115530064795, 0.00146665365901, 0.00147822580766, 0.00140889664181, 0.000292836659355, 0.000446512072813, 0.000209993420867, 0.000176449495484, 0.000609150098171, 0.000354073039489, 0.000384679617127, 0.000192619147128, 0.00022486486705, 0.000259834952885, 0.000265834241873, 0.0001636010129, 0.000143774464959, 0.000110600216431, 9.79978503892e-05, 1.91128765437e-05, 6.12911899225e-05, 5.26066614839e-05, 3.20410035783e-05, 2.3647738999e-05, 1.48617582454e-05, 2.45149058173e-05, 3.34749747708e-05, 2.99575040117e-05, 3.77541036869e-05, 5.25892137375e-05, 5.33239253855e-05, 7.61282281019e-05, 6.942384789e-05, 4.09947315347e-05, 7.43920900277e-05, 3.897132774e-05, 3.38538156939e-05, 4.76639252156e-05, 2.97097358271e-05, 4.59396433143e-05, 3.13692507916e-05, 7.17094517313e-05, 3.5965902498e-05, 1.69290196936e-05, 3.38619574904e-05, 1.21010734802e-05, 1.54507033585e-05, 1.4536875824e-05, 9.79669766821e-06, 8.06916523288e-06, 5.77951414016e-06, 6.03216403761e-06, 6.81046276441e-06, 7.44481985748e-06, 4.71704152005e-06, 8.83192024048e-06, 2.38251368501e-06, 2.69688393928e-06, 1.20926085856e-06, 1.48777274944e-07, 1.47331491007e-07, 1.45250893979e-07, 1.43050712609e-07, 1.40689479622e-07, 1.38375284564e-07, 1.36347495072e-07, 1.34651941153e-07, 1.33266524927e-07, 1.31933845182e-07, 1.30995942982e-07, 1.30420900746e-07],
        "mean": [0.000196980196051, 0.00135123473592, 0.00282274931669, 0.00243298802525, 0.00136960309464, 0.000836733554024, 0.000531488214619, 0.00062795181293, 0.000630910450127, 0.000531974481419, 0.000602804881055, 0.000480089627672, 0.00019221821276, 0.000294360768748, 0.000784273899626, 0.000342704704963, 0.000216055690544, 0.000410544598708, 0.000382266443921, 0.000381277379347, 0.00051872181939, 0.00016485186643, 0.00012261683878, 0.000108802996692, 0.000233999904594, 0.000310461822664, 0.00028699633549, 0.000442896329332, 0.000285004818579, 0.000359517987818, 0.00024866629974, 0.000120014236018, 0.000107741951069, 0.00020486608264, 0.000110949367809, 0.000175886380021, 0.000133637120598, 5.50853801542e-05, 0.000167105419678, 0.000151577914949, 0.000125344886328, 4.38874922111e-05, 8.64983594511e-05, 0.000116690549476, 8.37845072965e-05, 0.000199790869374, 0.000209133766475, 0.000129209147417, 6.24914391665e-05, 2.9391321732e-05, 8.66356276674e-05, 8.07250107755e-05, 5.46187293367e-05, 4.57107380498e-05, 4.82755385747e-05, 2.27858217841e-05, 2.55679442489e-05, 4.87496836286e-05, 5.81978238188e-05, 8.53158489917e-05, 2.66540009761e-05, 1.53930996021e-05, 2.55000868492e-05, 1.59045412147e-05, 1.08970252768e-05, 1.21110724649e-05, 1.25391688925e-05, 2.13995408558e-05, 1.27422672449e-05, 1.29068366732e-05, 1.02735311884e-05, 1.23534664453e-05, 7.65575805417e-06, 5.92125979892e-06, 4.18614990849e-06, 3.90031982533e-06, 2.61987588601e-06, 2.42296846409e-06, 2.5007793738e-06, 2.08488222597e-06, 2.01728425964e-06, 1.98774864657e-06, 1.94086942429e-06, 1.89564570974e-06, 2.29255965678e-06, 2.39922110268e-06, 2.64442769549e-06, 2.58116233454e-06, 4.72881083624e-06, 3.36510970556e-06, 4.12147755924e-06, 2.89416243504e-06, 2.24899781642e-06, 1.78879588475e-06, 2.00700151254e-06, 1.63612571669e-06, 2.72057218353e-06, 1.87388809536e-06, 2.94738038065e-06, 1.70369673924e-06, 1.09239954327e-06, 6.75402930028e-07, 5.39148061307e-07, 3.97895178139e-07, 3.43940598668e-07, 3.58292680858e-07, 3.4577635688e-07, 2.57866986431e-07, 2.91724603585e-07, 2.24521443215e-07, 2.14411301158e-07, 1.38752255907e-07, 3.81865596921e-08, 1.43210945325e-08, 5.70287550516e-09, 2.10830397585e-09, 1.70371161623e-10, 1.02176156425e-10, 1.00648774037e-10, 9.90625984021e-11, 9.73800484694e-11, 9.57723275685e-11, 9.4359353664e-11, 9.31429794404e-11, 9.20449549913e-11, 9.08952912937e-11, 9.01253030539e-11, 8.97082547135e-11],
        "min": [3.44889013182e-11, 2.54176350106e-11, 1.5925949795e-11, 1.63227569482e-12, 8.70967469153e-13, 3.53042736104e-13, 2.23392850984e-13, 1.96694006568e-13, 1.26611164586e-13, 1.36758619295e-13, 1.65789799424e-13, 2.39153152577e-13, 1.06118672877e-13, 8.52525312172e-14, 1.95573754674e-13, 3.90891014218e-13, 3.30562373264e-13, 2.68871405175e-13, 2.50469458542e-13, 2.01897580685e-13, 1.83062522389e-13, 1.87976926234e-13, 1.78224229537e-13, 2.00364491708e-13, 1.99985454629e-13, 2.01236542621e-13, 1.04569876521e-13, 1.21234050359e-13, 7.51813569082e-14, 4.15803730423e-14, 2.92751967687e-14, 2.0514379041e-14, 2.40170652598e-14, 2.95238924183e-14, 2.21640028108e-14, 1.31584662532e-14, 1.00789314367e-14, 7.65393540106e-15, 4.69062875157e-15, 8.81900126792e-15, 1.11438517512e-14, 2.09233451826e-14, 2.08268528834e-14, 1.33870143771e-14, 2.31426765365e-14, 2.38099267407e-14, 9.80182630211e-15, 8.17027906241e-15, 2.56829317335e-14, 4.3769312854e-14, 6.66819775937e-14, 9.74671461162e-14, 1.57732591636e-13, 1.59700730288e-13, 1.13486761763e-13, 1.08802798314e-13, 1.34656120889e-13, 9.22656929699e-14, 3.39569714849e-14, 2.46796059609e-14, 5.79623883476e-15, 2.34341850429e-15, 6.10327218452e-15, 1.65420621808e-14, 5.94956958591e-14, 8.80351767505e-14, 4.79733067778e-14, 8.67742140485e-15, 6.96657748172e-15, 3.69585648706e-14, 4.83226841516e-14, 1.68587644116e-14, 2.4289093279e-15, 5.75246205447e-15, 1.56041713974e-14, 1.08308756183e-14, 2.47615873152e-15, 3.04721712137e-15, 9.858742681e-15, 1.9481349517e-14, 2.23789611381e-14, 2.17236659569e-14, 1.75003393531e-14, 1.01050081931e-14, 2.39280603083e-15, 5.81888764874e-15, 4.98323797727e-15, 1.99818163928e-15, 2.28793212877e-15, 3.98147540395e-15, 1.53635903234e-14, 1.06147195864e-14, 1.36220812665e-14, 2.23876703309e-14, 3.08230715528e-14, 1.14825361811e-14, 6.41453392274e-15, 5.42786801765e-15, 7.38667533037e-15, 1.41430522689e-14, 8.12788082823e-15, 8.79615001307e-15, 7.51652039899e-15, 3.62336977913e-15, 1.7933862674e-14, 1.05741721192e-14, 2.03680253002e-14, 1.79425617024e-14, 1.09088992112e-14, 6.85993518663e-15, 1.00162162703e-14, 8.90141164446e-15, 1.57235861023e-14, 1.01742878648e-14, 6.52433141557e-15, 6.24857814552e-15, 6.28930518369e-15, 2.85675689274e-15, 5.63799741011e-15, 4.57680531115e-15, 8.25009921219e-15, 2.8673786859e-15, 4.06150095923e-15, 3.41099786694e-15, 2.42760997936e-15, 2.09813427991e-15, 5.45031661422e-16, 3.92923284699e-16],
        "stdev": [0.000286299909931, 0.00161494512577, 0.00387808005325, 0.0040760487318, 0.00243553542532, 0.00154674705118, 0.00114224362187, 0.000917233584914, 0.000960654579103, 0.000755517976359, 0.000847690331284, 0.000661872560158, 0.000282656721538, 0.000339867168805, 0.000954396440648, 0.000478468631627, 0.000627471599728, 0.000921344733797, 0.000869824783877, 0.000559225911275, 0.000769162958022, 0.000360088597517, 0.000326365872752, 0.000218666085857, 0.000357348879334, 0.000487207580591, 0.000567283364944, 0.000777605047915, 0.000557293882594, 0.000723225879483, 0.000456921639852, 0.000273476587608, 0.000220179441385, 0.000363591942005, 0.000268046511337, 0.000766446813941, 0.000489014957566, 0.000125700273202, 0.000492100720294, 0.000297544524074, 0.00019776901172, 7.05448837834e-05, 0.000180633345735, 0.000230439167353, 0.000254533020779, 0.000662728678435, 0.000645339488983, 0.000336071389029, 0.000154034161824, 4.71040148113e-05, 0.000132127795951, 0.00015439328854, 0.000178929811227, 6.42936647637e-05, 6.5236534283e-05, 2.64173158939e-05, 4.00206954509e-05, 9.14621268748e-05, 0.000111316272523, 0.000177806083229, 7.88150573499e-05, 2.13312468986e-05, 3.10619761876e-05, 1.81075884029e-05, 1.25704409584e-05, 2.20502570301e-05, 1.78510726982e-05, 2.98277063848e-05, 1.70322346094e-05, 2.16943026317e-05, 1.94995773199e-05, 1.72100262716e-05, 1.14655995276e-05, 9.43974737311e-06, 6.32874753137e-06, 6.01609963269e-06, 2.33199330069e-06, 2.98775648844e-06, 3.1095560189e-06, 2.15585760088e-06, 2.05256765184e-06, 1.92716493075e-06, 2.16107059714e-06, 2.4242415293e-06, 2.96132498079e-06, 3.3730721043e-06, 4.25105963586e-06, 3.69456051885e-06, 8.35591708892e-06, 5.96368363404e-06, 5.63725370739e-06, 5.11762118549e-06, 3.55204747393e-06, 3.08399307869e-06, 3.33798061547e-06, 2.5909573651e-06, 5.27944575879e-06, 3.02417856801e-06, 7.15509577276e-06, 3.15264651363e-06, 1.82934729764e-06, 1.51951473981e-06, 9.66453512774e-07, 8.54425536545e-07, 7.16583372196e-07, 6.06245350809e-07, 6.29010855846e-07, 4.87535885441e-07, 5.25755012859e-07, 4.9148547987e-07, 4.84256418076e-07, 3.27755003582e-07, 3.48492847024e-07, 1.36086484304e-07, 9.26417698111e-08, 3.56485116981e-08, 3.83548171001e-09, 3.78508868693e-09, 3.73165498502e-09, 3.6751368615e-09, 3.61443985852e-09, 3.5549607702e-09, 3.50289020012e-09, 3.45935013968e-09, 3.42377282081e-09, 3.38955108425e-09, 3.36545835644e-09, 3.35068528479e-09]
    },
    "mfcc": {
        "mean": [-606.262390137, 97.7812805176, -23.2080478668, 2.04140162468, 1.98775792122, -4.70732975006, -2.90649247169, 4.90322685242, -2.09325814247, 8.09521865845, -3.11654806137, 0.675482749939, -1.42000544071],
        "cov": [[3926.63208008, 735.519165039, 949.638366699, 1159.17407227, 855.283325195, 412.413330078, 237.369628906, 94.5149536133, -23.7305202484, 39.9281387329, -36.8675308228, 126.949775696, 230.876800537], [735.519165039, 1043.70239258, 871.859619141, 861.88458252, 526.709411621, 241.501068115, 126.063461304, -36.9558181763, -47.8866386414, -0.915583848953, 3.38928174973, 87.9343643188, 137.366317749], [949.638366699, 871.859619141, 1493.56164551, 1158.81201172, 856.16394043, 303.857543945, 139.451049805, -35.5289421082, -91.096572876, 20.2739543915, 32.9573822021, 161.450271606, 217.4896698], [1159.17407227, 861.88458252, 1158.81201172, 1331.1192627, 817.876159668, 337.739562988, 146.830947876, -14.3279428482, -43.624004364, -22.9723491669, -4.15331172943, 113.110580444, 202.161315918], [855.283325195, 526.709411621, 856.16394043, 817.876159668, 676.387695312, 222.280899048, 112.035484314, -11.9032211304, -49.8941726685, 11.3660936356, -5.35369682312, 99.1670227051, 148.343093872], [412.413330078, 241.501068115, 303.857543945, 337.739562988, 222.280899048, 207.71522522, 83.2192687988, 18.4633102417, -17.6235637665, -11.5749006271, -12.8860626221, 4.19459867477, 50.2831954956], [237.369628906, 126.063461304, 139.451049805, 146.830947876, 112.035484314, 83.2192687988, 117.441757202, 23.0181884766, -10.1416521072, -3.34420633316, -2.22189021111, 8.84622478485, 22.2649555206], [94.5149536133, -36.9558181763, -35.5289421082, -14.3279428482, -11.9032211304, 18.4633102417, 23.0181884766, 74.4113540649, 22.2683982849, -4.12412834167, 3.41667699814, -4.75049448013, -9.62683582306], [-23.7305202484, -47.8866386414, -91.096572876, -43.624004364, -49.8941726685, -17.6235637665, -10.1416521072, 22.2683982849, 80.8503036499, 4.76882457733, 9.11387729645, -21.3024253845, -16.1616802216], [39.9281387329, -0.915583848953, 20.2739543915, -22.9723491669, 11.3660936356, -11.5749006271, -3.34420633316, -4.12412834167, 4.76882457733, 78.417175293, 18.6890869141, 19.4024162292, 3.11769747734], [-36.8675308228, 3.38928174973, 32.9573822021, -4.15331172943, -5.35369682312, -12.8860626221, -2.22189021111, 3.41667699814, 9.11387729645, 18.6890869141, 68.662109375, 31.0822257996, 6.47853708267], [126.949775696, 87.9343643188, 161.450271606, 113.110580444, 99.1670227051, 4.19459867477, 8.84622478485, -4.75049448013, -21.3024253845, 19.4024162292, 31.0822257996, 99.0768127441, 55.8020401001], [230.876800537, 137.366317749, 217.4896698, 202.161315918, 148.343093872, 50.2831954956, 22.2649555206, -9.62683582306, -16.1616802216, 3.11769747734, 6.47853708267, 55.8020401001, 99.9051055908]],
        "icov": [[0.000415450922446, -3.37471719831e-05, 0.00020226277411, -0.000168963582837, -0.000365121930372, -0.000236775449594, -0.000157225003932, -0.000503692717757, -1.69855593413e-05, -0.000345490378095, 0.000239985776716, -0.000110271452286, -0.000310218398226], [-3.37471719831e-05, 0.00241811037995, -0.000797118409537, -0.00122560258023, 0.000963886734098, -0.00041333961417, -0.000947444117628, 0.0012068223441, -0.000175455439603, -0.000253765087109, 0.000357882963726, -0.000476025190437, 0.000294978905004], [0.00020226277411, -0.000797118409537, 0.00351581256837, -0.000841596862301, -0.00274727167562, -0.000306972506223, 0.000409948959714, -0.000106753803266, 0.00142553739715, -0.000486109260237, -0.00171036715619, -0.000279189145658, -0.000677456555422], [-0.000168963582837, -0.00122560258023, -0.000841596862301, 0.00475072301924, -0.00311802676879, -0.00158528669272, 0.000823133101221, 0.000273168436252, -0.0016272708308, 0.00209210300818, -0.000212848593947, 0.000159116811119, -0.000838553940412], [-0.000365121930372, 0.000963886734098, -0.00274727167562, -0.00311802676879, 0.00924359448254, -0.000380424258765, -0.0015738834627, 0.000645546766464, 0.000212526560063, -0.00166564318351, 0.00264350045472, -0.00158450403251, -0.000512254715431], [-0.000236775449594, -0.00041333961417, -0.000306972506223, -0.00158528669272, -0.000380424258765, 0.0114669529721, -0.00382694113068, -0.00256364489906, 0.00180476019159, 3.58830075129e-05, -5.62947279832e-05, 0.00453302962705, -0.00184649659786], [-0.000157225003932, -0.000947444117628, 0.000409948959714, 0.000823133101221, -0.0015738834627, -0.00382694113068, 0.0133152455091, -0.00364223751239, 0.00131697859615, 0.000299346575048, -0.000755784625653, 0.000143088735058, 0.000225446172408], [-0.000503692717757, 0.0012068223441, -0.000106753803266, 0.000273168436252, 0.000645546766464, -0.00256364489906, -0.00364223751239, 0.0184409283102, -0.00532851554453, 0.00174217554741, -0.000495685497299, -0.00278748874553, 0.00277748983353], [-1.69855593413e-05, -0.000175455439603, 0.00142553739715, -0.0016272708308, 0.000212526560063, 0.00180476019159, 0.00131697859615, -0.00532851554453, 0.0167787168175, -0.00210922094993, -0.0039409827441, 0.00507201207802, -0.00135817925911], [-0.000345490378095, -0.000253765087109, -0.000486109260237, 0.00209210300818, -0.00166564318351, 3.58830075129e-05, 0.000299346575048, 0.00174217554741, -0.00210922094993, 0.015402792953, -0.00292386277579, -0.00248034507968, 0.00128157483414], [0.000239985776716, 0.000357882963726, -0.00171036715619, -0.000212848593947, 0.00264350045472, -5.62947279832e-05, -0.000755784625653, -0.000495685497299, -0.0039409827441, -0.00292386277579, 0.0204145945609, -0.00794278550893, 0.00189759826753], [-0.000110271452286, -0.000476025190437, -0.000279189145658, 0.000159116811119, -0.00158450403251, 0.00453302962705, 0.000143088735058, -0.00278748874553, 0.00507201207802, -0.00248034507968, -0.00794278550893, 0.0217476151884, -0.00976828485727], [-0.000310218398226, 0.000294978905004, -0.000677456555422, -0.000838553940412, -0.000512254715431, -0.00184649659786, 0.000225446172408, 0.00277748983353, -0.00135817925911, 0.00128157483414, 0.00189759826753, -0.00976828485727, 0.0204731449485]]
    },
    "spectral_contrast_coeffs": {
        "max": [-0.50051933527, -0.503366112709, -0.549231410027, -0.582224965096, -0.63485044241, -0.60961741209],
        "mean": [-0.747001230717, -0.704814255238, -0.74230068922, -0.769927382469, -0.774001657963, -0.748846292496],
        "min": [-0.962482750416, -0.965967655182, -0.973275780678, -0.937013745308, -0.939997076988, -0.926436245441],
        "stdev": [0.0519510619342, 0.0642448663712, 0.0622123219073, 0.0528500117362, 0.0389187373221, 0.0380120277405]
    },
    "spectral_contrast_valleys": {
        "max": [-4.94937992096, -5.03350162506, -4.89588069916, -5.72156715393, -6.08202791214, -8.28234767914],
        "mean": [-7.131483078, -6.69412946701, -6.90339851379, -6.97249650955, -7.11199712753, -10.0303764343],
        "min": [-17.2899684906, -17.4584121704, -17.3278484344, -16.7549152374, -16.6356163025, -18.3518238068],
        "stdev": [1.83070206642, 0.741448223591, 0.744580805302, 0.648697018623, 0.676774144173, 0.74458193779]
    }
},
"rhythm": {
    "beats_count": 68,
    "beats_loudness": {
        "max": 0.0958980694413,
        "mean": 0.0358624793589,
        "min": 0.00288470322266,
        "stdev": 0.0213679987937
    },
    "bpm": 111.240470886,
    "bpm_histogram_first_peak_bpm": 112,
    "bpm_histogram_first_peak_weight": 0.377777814865,
    "bpm_histogram_second_peak_bpm": 136,
    "bpm_histogram_second_peak_spread": 0.555555582047,
    "bpm_histogram_second_peak_weight": 0.119402982295,
    "danceability": 0.887932002544,
    "onset_rate": 2.44792532921,
    "beats_loudness_band_ratio": {
        "max": [0.721953630447, 0.50814729929, 0.932668864727, 0.815092921257, 0.731786370277, 0.790206670761],
        "mean": [0.292403846979, 0.105584435165, 0.189666867256, 0.22638848424, 0.165133833885, 0.0575300306082],
        "min": [1.35226991915e-05, 0.000327245739754, 0.00939363334328, 0.0175822619349, 0.0132872704417, 0.00398809835315],
        "stdev": [0.230330571532, 0.103294111788, 0.144330188632, 0.185144022107, 0.139006093144, 0.092558555305]
    },
    "beats_position": [0.53405892849, 1.06811785698, 1.60217678547, 2.13623571396, 2.67029476166, 3.20435357094, 3.73841261864, 4.28408145905, 4.82975053787, 5.36380958557, 5.89786815643, 6.44353723526, 6.98920631409, 7.52326536179, 8.06893444061, 8.60299301147, 9.14866161346, 9.682721138, 10.2167797089, 10.7508392334, 11.2848978043, 11.8189563751, 12.3530158997, 12.8870744705, 13.4327430725, 13.9784126282, 14.512471199, 15.0465307236, 15.5805892944, 16.114648819, 16.6603164673, 17.2059860229, 17.7400455475, 18.2741031647, 18.8081626892, 19.3422222137, 19.8762817383, 20.4219493866, 20.9676189423, 21.5016784668, 22.035736084, 22.5814056396, 23.1386852264, 23.6959629059, 24.2532424927, 24.8105201721, 25.2633094788, 25.7044887543, 26.1456680298, 26.5984573364, 27.0280265808, 27.4575958252, 27.8871650696, 28.3283443451, 28.7695236206, 29.199092865, 29.6402721405, 30.0698413849, 30.5110206604, 30.9289798737, 31.3933773041, 31.8577766418, 32.322177887, 32.7749671936, 33.2277526855, 33.6689338684, 34.1101112366, 34.5629005432],
