{
"metadata": {
    "version": {
        "essentia": "2.1-beta5",
        "essentia_git_sha": "Undefined",
        "extractor": "music 2.0"
    },
    "audio_properties": {
        "analysis": {
            "equal_loudness": 0,
            "length": 48.7502937317,
            "sample_rate": 44100,
            "start_time": 110.248344421,
            "downmix": "mix"
        },
        "bit_rate": 192000,
        "length": 194.095611572,
        "lossless": 0,
        "number_channels": 2,
        "replay_gain": -2.91187095642,
        "sample_rate": 48000,
        "codec": "mp3",
        "md5_encoded": "c7ef328321726f80d998bee500dac085"
    },
    "tags": {
        "file_name": "Hungary_Wars For Nothing_Boggie.mp3",
        "encoding": ["Lavf58.29.100"]
    }
},
"lowlevel": {
    "average_loudness": 0.746748268604,
    "barkbands_crest": {
        "max": 25.9132270813,
        "mean": 11.095621109,
        "min": 2.81410288811,
        "stdev": 4.50518989563
    },
    "barkbands_flatness_db": {
        "max": 0.424920529127,
        "mean": 0.178606435657,
        "min": 0.0441143028438,
        "stdev": 0.0551207587123
    },
    "barkbands_kurtosis": {
        "max": 127.450805664,
        "mean": 11.2189006805,
        "min": -1.93783974648,
        "stdev": 16.8793830872
    },
    "barkbands_skewness": {
        "max": 10.008231163,
        "mean": 2.09006929398,
        "min": -2.15458512306,
        "stdev": 1.76799869537
    },
    "barkbands_spread": {
        "max": 101.722999573,
        "mean": 15.0852155685,
        "min": 0.500018000603,
        "stdev": 14.3888282776
    },
    "dissonance": {
        "max": 0.499999970198,
        "mean": 0.435308933258,
        "min": 0.216500341892,
        "stdev": 0.0407778546214
    },
    "dynamic_complexity": 6.17363071442,
    "erbbands_crest": {
        "max": 31.2363834381,
        "mean": 11.9050197601,
        "min": 2.85597634315,
        "stdev": 5.14347028732
    },
    "erbbands_flatness_db": {
        "max": 0.339648097754,
        "mean": 0.187110632658,
        "min": 0.0755929127336,
        "stdev": 0.0425731763244
    },
    "erbbands_kurtosis": {
        "max": 55.9953727722,
        "mean": 3.3800163269,
        "min": -1.79820418358,
        "stdev": 5.80903291702
    },
    "erbbands_skewness": {
        "max": 6.49697875977,
        "mean": 1.02670121193,
        "min": -4.26613140106,
        "stdev": 1.15071487427
    },
    "erbbands_spread": {
        "max": 150.499740601,
        "mean": 32.0401725769,
        "min": 4.35281562805,
        "stdev": 23.2894458771
    },
    "hfc": {
        "max": 85.452255249,
        "mean": 16.1047515869,
        "min": 0.0127446139231,
        "stdev": 18.6254482269
    },
    "loudness_ebu128": {
        "integrated": -21.4218616486,
        "loudness_range": 10.4429225922,
        "momentary": {
            "max": -16.8934860229,
            "mean": -24.971540451,
            "min": -47.4219360352,
            "stdev": 6.73334026337
        },
        "short_term": {
            "max": -18.0404262543,
            "mean": -23.2473316193,
            "min": -34.3466567993,
            "stdev": 3.83674907684
        }
    },
    "melbands_crest": {
        "max": 31.6182670593,
        "mean": 14.281416893,
        "min": 3.74873757362,
        "stdev": 5.49480962753
    },
    "melbands_flatness_db": {
        "max": 0.536035597324,
        "mean": 0.225411176682,
        "min": 0.029348904267,
        "stdev": 0.075417175889
    },
    "melbands_kurtosis": {
        "max": 256.930511475,
        "mean": 21.8547897339,
        "min": -1.72375905514,
        "stdev": 31.4048709869
    },
    "melbands_skewness": {
        "max": 12.565993309,
        "mean": 2.74521136284,
        "min": -0.872469007969,
        "stdev": 2.24232673645
    },
    "melbands_spread": {
        "max": 239.624313354,
        "mean": 18.6992092133,
        "min": 0.452640175819,
        "stdev": 23.9073791504
    },
    "pitch_salience": {
        "max": 0.819623291492,
        "mean": 0.540154695511,
        "min": 0.162127718329,
        "stdev": 0.10220413655
    },
    "silence_rate_20dB": {
        "max": 1,
        "mean": 1,
        "min": 1,
        "stdev": 0
    },
    "silence_rate_30dB": {
        "max": 1,
        "mean": 1,
        "min": 1,
        "stdev": 0
    },
    "silence_rate_60dB": {
        "max": 1,
        "mean": 0.210376009345,
        "min": 0,
        "stdev": 0.407573640347
    },
    "spectral_centroid": {
        "max": 4843.72167969,
        "mean": 919.243530273,
        "min": 154.532608032,
        "stdev": 622.218322754
    },
    "spectral_complexity": {
        "max": 37,
        "mean": 11.5944786072,
        "min": 0,
        "stdev": 8.49279975891
    },
    "spectral_decrease": {
        "max": -1.17496672114e-11,
        "mean": -4.64119986887e-09,
        "min": -2.42305464582e-08,
        "stdev": 4.47546444349e-09
    },
    "spectral_energy": {
        "max": 0.0980110913515,
        "mean": 0.0189776942134,
        "min": 4.77864487038e-05,
        "stdev": 0.0184157732874
    },
    "spectral_energyband_high": {
        "max": 0.00892964750528,
        "mean": 0.000380451150704,
        "min": 6.83109959709e-08,
        "stdev": 0.000710010761395
    },
    "spectral_energyband_low": {
        "max": 0.0244092643261,
        "mean": 0.00174346647691,
        "min": 2.23399683819e-06,
        "stdev": 0.00249139568768
    },
    "spectral_energyband_middle_high": {
        "max": 0.0573359206319,
        "mean": 0.00642445497215,
        "min": 4.10943812312e-07,
        "stdev": 0.0107060130686
    },
    "spectral_energyband_middle_low": {
        "max": 0.0755365788937,
        "mean": 0.011005455628,
        "min": 2.13297789742e-05,
        "stdev": 0.0105755710974
    },
    "spectral_entropy": {
        "max": 8.86479282379,
        "mean": 7.16279554367,
        "min": 4.96477651596,
        "stdev": 0.563607215881
    },
    "spectral_flux": {
        "max": 0.219276860356,
        "mean": 0.0619672425091,
        "min": 0.00158425362315,
        "stdev": 0.0441419482231
    },
    "spectral_kurtosis": {
        "max": 35.0448608398,
        "mean": 5.80429458618,
        "min": -1.37332975864,
        "stdev": 4.13847446442
    },
    "spectral_rms": {
        "max": 0.00977857783437,
        "mean": 0.00371751585044,
        "min": 0.000215918800677,
        "stdev": 0.00216677552089
    },
    "spectral_rolloff": {
        "max": 12316.9921875,
        "mean": 1280.67077637,
        "min": 150.732421875,
        "stdev": 1684.25305176
    },
    "spectral_skewness": {
        "max": 4.82539081573,
        "mean": 1.97613716125,
        "min": -0.271111130714,
        "stdev": 0.647051632404
    },
    "spectral_spread": {
        "max": 19784158,
        "mean": 4966348.5,
        "min": 1949060.875,
        "stdev": 1854441.5
    },
    "spectral_strongpeak": {
        "max": 8.38698196411,
        "mean": 1.24135565758,
        "min": 0.00774051947519,
        "stdev": 1.43703448772
    },
    "zerocrossingrate": {
        "max": 0.384765625,
        "mean": 0.0553633309901,
        "min": 0.00634765625,
        "stdev": 0.0438643731177
    },
    "barkbands": {
        "max": [0.00022366567282, 0.00328804878518, 0.0206497553736, 0.016264218837, 0.0322022810578, 0.029916126281, 0.0228509455919, 0.0403368212283, 0.0456576868892, 0.0422006100416, 0.0267462674528, 0.0395620428026, 0.0221118181944, 0.0190507359803, 0.0143611347303, 0.0210241898894, 0.00847552716732, 0.00657586194575, 0.0013682275312, 0.0023767775856, 0.00163185654674, 0.00324296811596, 0.00303683313541, 0.00373281375505, 0.00194735394325, 0.000611319963355, 5.86989517615e-06],
        "mean": [5.15942838319e-06, 0.000193898667931, 0.00113442086149, 0.000933050992899, 0.0034654987976, 0.00171010417398, 0.00121258117724, 0.00151686789468, 0.00170305022039, 0.00193785980809, 0.000619351922069, 0.00161980488338, 0.000515955034643, 0.000571040785871, 0.000511136313435, 0.000351016497007, 0.000256181199802, 0.00022566068219, 7.75702428655e-05, 0.000104311286123, 5.38211716048e-05, 4.01861943828e-05, 6.70237932354e-05, 8.64319881657e-05, 5.40404143976e-05, 1.16691471703e-05, 1.2480784406e-08],
        "min": [2.33275154748e-09, 1.75725816121e-07, 3.07319680815e-07, 1.36042069698e-06, 1.28704655822e-07, 5.43692095789e-08, 1.02783261013e-07, 4.01299757868e-08, 1.00349225818e-07, 2.66751118971e-08, 8.84350548347e-09, 2.19666969059e-08, 2.94482589425e-08, 2.11452615417e-08, 2.20498073134e-08, 1.57920414523e-08, 1.61491033879e-08, 1.52288048838e-08, 1.28181412151e-08, 5.47403811169e-09, 8.4654203647e-09, 1.00198036534e-08, 7.41970307416e-09, 9.21042886404e-09, 6.97278190742e-09, 7.53310538948e-11, 7.45785377898e-11],
        "stdev": [1.22759656733e-05, 0.000361925747711, 0.0020276196301, 0.00139216647949, 0.00401870813221, 0.00289327371866, 0.00225789868273, 0.00349257234484, 0.00376460351981, 0.00444261915982, 0.00236358190887, 0.00391691084951, 0.00169671443291, 0.0016255453229, 0.00117498042528, 0.0011754122097, 0.000780492613558, 0.000557611288968, 0.000135424474138, 0.000178059373866, 0.000106609440991, 0.000114994152682, 0.000192270148546, 0.000214884406887, 0.00012978509767, 3.58975376002e-05, 1.72488185513e-07]
    },
    "erbbands": {
        "max": [0.0192310307175, 1.47132337093, 21.6014480591, 23.9702739716, 128.850738525, 97.2715606689, 205.238250732, 306.536346436, 287.863220215, 613.73059082, 946.224365234, 898.892883301, 1254.22131348, 1652.49243164, 1243.05566406, 1363.52380371, 1036.99072266, 976.638183594, 855.864990234, 444.821655273, 1301.20788574, 601.890258789, 353.931915283, 149.35836792, 40.2871170044, 102.23299408, 62.643283844, 52.8536720276, 116.885070801, 107.303115845, 91.0463638306, 98.0545578003, 67.6604156494, 31.1273899078, 10.3076667786, 3.35614967346, 0.934096515179, 0.0954530015588, 0.00186354748439, 0.000129860010929],
        "mean": [0.00159340712707, 0.0779291763902, 1.05089128017, 2.44147109985, 8.80533123016, 11.2096366882, 11.1489715576, 13.9400806427, 18.7478866577, 15.65741539, 38.9423332214, 32.4348678589, 53.6863861084, 62.3070220947, 44.4679527283, 56.3739280701, 25.7357273102, 30.2514228821, 29.5415306091, 17.3757133484, 21.3769493103, 13.9158706665, 12.1720151901, 8.06129741669, 3.57076787949, 5.28739213943, 3.00268888474, 1.76339459419, 1.42171835899, 1.68388831615, 1.99731528759, 1.77368581295, 1.4043585062, 0.742238819599, 0.311474859715, 0.0876503810287, 0.0154721364379, 0.00063627952477, 3.04203585983e-05, 2.47321349889e-05],
        "min": [5.28630152985e-06, 7.33886554372e-05, 0.000778410991188, 0.00397717626765, 0.00151969632134, 0.00135676679201, 0.000602411688305, 0.000580429332331, 0.000659896701109, 0.00111329136416, 0.00104252749588, 0.00176160060801, 0.00241754529998, 0.000686190265696, 0.000796007632744, 0.00101151620038, 0.00120166095439, 0.00130867562257, 0.00149667297956, 0.0011211738456, 0.0010669947369, 0.00108460395131, 0.000810216006357, 0.000724267563783, 0.000635819800664, 0.000339011050528, 0.000445219659014, 0.000335414195433, 0.000316815043334, 0.000268657691777, 0.000216656553675, 0.000196751978365, 0.00017315975856, 9.86781524261e-05, 1.4735228433e-05, 1.36926939831e-06, 2.7736095376e-07, 7.88849732203e-08, 4.47760193367e-08, 5.54628485361e-08],
        "stdev": [0.00212296447717, 0.142132535577, 1.92330574989, 2.79137182236, 13.0925979614, 13.7913475037, 17.0530929565, 27.0294532776, 31.9355583191, 36.73828125, 89.6902999878, 68.5508422852, 120.12827301, 151.162765503, 116.168075562, 134.691452026, 78.6883850098, 76.5148162842, 68.5636520386, 39.7715682983, 73.4586410522, 42.1007995605, 31.0502204895, 15.4508428574, 5.43526697159, 9.27389526367, 5.70419692993, 3.43497371674, 3.92111706734, 5.01307678223, 5.72675991058, 4.84873247147, 3.41927957535, 1.90809297562, 0.679299294949, 0.221045285463, 0.0585492551327, 0.00437374506146, 8.72532837093e-05, 2.35376355704e-05]
    },
    "gfcc": {
        "mean": [-65.8895339966, 97.0697174072, -113.387168884, 20.4073829651, -78.1442489624, 16.8159599304, -58.628742218, 4.53473567963, -35.1759414673, -9.91962337494, -20.7631187439, -12.7981061935, -8.07299232483],
        "cov": [[12450.9013672, -1409.49194336, -1887.13891602, -923.547241211, -626.56854248, 30.2278461456, -222.725631714, 395.797180176, -656.821472168, 273.748382568, -75.9095916748, 205.590133667, -421.547210693], [-1409.49194336, 1023.51879883, 80.3218765259, -94.375579834, 198.838775635, -79.0068054199, 183.222045898, -94.8473815918, 92.5013427734, -142.128509521, 137.488845825, -110.722106934, 61.605381012], [-1887.13891602, 80.3218765259, 1029.49719238, 354.828491211, 72.2612609863, -39.2292327881, -158.555374146, -129.643478394, 69.0055999756, 12.0349283218, -22.3735599518, 70.2314987183, 23.3566570282], [-923.547241211, -94.375579834, 354.828491211, 570.34375, 165.841125488, -37.9184799194, -71.783241272, -65.4545669556, 91.9160385132, -37.4462738037, -71.1703567505, -1.09373545647, 56.8025779724], [-626.56854248, 198.838775635, 72.2612609863, 165.841125488, 274.616485596, 24.4393444061, 69.840965271, -19.3940658569, 22.3926200867, -41.4570922852, -31.4566249847, -32.4911079407, 41.9774093628], [30.2278461456, -79.0068054199, -39.2292327881, -37.9184799194, 24.4393444061, 291.872192383, 175.550003052, -27.4158267975, -55.9469032288, 6.7714548111, 1.92205095291, -30.4869117737, -27.4001598358], [-222.725631714, 183.222045898, -158.555374146, -71.783241272, 69.840965271, 175.550003052, 317.645355225, -2.38986063004, -45.0588569641, -52.5445518494, 41.4681663513, -76.0724639893, -26.6713123322], [395.797180176, -94.8473815918, -129.643478394, -65.4545669556, -19.3940658569, -27.4158267975, -2.38986063004, 174.429107666, 44.0897026062, 27.2826099396, -15.9021558762, 6.54017925262, -8.10054779053], [-656.821472168, 92.5013427734, 69.0055999756, 91.9160385132, 22.3926200867, -55.9469032288, -45.0588569641, 44.0897026062, 189.408859253, -0.944776654243, -13.6010818481, -13.5494966507, 45.512260437], [273.748382568, -142.128509521, 12.0349283218, -37.4462738037, -41.4570922852, 6.7714548111, -52.5445518494, 27.2826099396, -0.944776654243, 112.803886414, 12.9039716721, 25.1952800751, -19.7407360077], [-75.9095916748, 137.488845825, -22.3735599518, -71.1703567505, -31.4566249847, 1.92205095291, 41.4681663513, -15.9021558762, -13.6010818481, 12.9039716721, 117.828430176, -8.40836524963, -11.6255750656], [205.590133667, -110.722106934, 70.2314987183, -1.09373545647, -32.4911079407, -30.4869117737, -76.0724639893, 6.54017925262, -13.5494966507, 25.1952800751, -8.40836524963, 95.2524795532, 8.05114650726], [-421.547210693, 61.605381012, 23.3566570282, 56.8025779724, 41.9774093628, -27.4001598358, -26.6713123322, -8.10054779053, 45.512260437, -19.7407360077, -11.6255750656, 8.05114650726, 88.2340545654]],
        "icov": [[0.000241920628469, -0.000195385538973, 0.000508788332809, -0.000225193609367, 0.000306291156448, -0.000234247461776, 0.00050433044089, -0.000413700996432, 0.000752672203816, -0.000269634736469, 0.000358860619599, -0.000527699885424, 0.000845386995934], [-0.000195385538973, 0.00450801989064, -0.00145915558096, 0.00303479819559, -0.00375089352019, 0.00276536727324, -0.00225086743012, 0.00263323122635, -0.00341258361004, 0.00367579446174, -0.00450134417042, 0.00268837134354, -0.00169959838968], [0.000508788332809, -0.00145915558096, 0.00286474823952, -0.00189904659055, 0.00124378234614, -0.00138507178053, 0.00205857376568, -0.000400761171477, 0.00161642220337, -0.00146231951658, 0.00142469315324, -0.00276630488224, 0.00275661121123], [-0.000225193609367, 0.00303479819559, -0.00189904659055, 0.00519974343479, -0.00400660373271, 0.0019225270953, -0.00119742006063, 0.00263357185759, -0.00351495179348, 0.00291048618965, -0.00195545819588, 0.00228285416961, -0.00165827653836], [0.000306291156448, -0.00375089352019, 0.00124378234614, -0.00400660373271, 0.00877909548581, -0.00191854755394, 0.000184491946129, -0.00261453073472, 0.00379650318064, -0.00318430340849, 0.00498340278864, -0.00141151016578, -0.000509703299031], [-0.000234247461776, 0.00276536727324, -0.00138507178053, 0.0019225270953, -0.00191854755394, 0.00797043647617, -0.00589674152434, 0.00295823160559, -0.00167910871096, -0.000362540333299, -0.000832818914205, 0.00165953778196, -0.00152010854799], [0.00050433044089, -0.00225086743012, 0.00205857376568, -0.00119742006063, 0.000184491946129, -0.00589674152434, 0.0100667681545, -0.00304041360505, 0.00316595821641, 0.00171866815072, -0.000592714000959, 0.000822442234494, 0.00365022500046], [-0.000413700996432, 0.00263323122635, -0.000400761171477, 0.00263357185759, -0.00261453073472, 0.00295823160559, -0.00304041360505, 0.0102529861033, -0.00572315277532, 0.000110723049147, -0.000804190873168, 0.000319902988849, -0.000377905060304], [0.000752672203816, -0.00341258361004, 0.00161642220337, -0.00351495179348, 0.00379650318064, -0.00167910871096, 0.00316595821641, -0.00572315277532, 0.0122067304328, -0.00350701017305, 0.00352222169749, -0.000111322493467, -0.000689233944286], [-0.000269634736469, 0.00367579446174, -0.00146231951658, 0.00291048618965, -0.00318430340849, -0.000362540333299, 0.00171866815072, 0.000110723049147, -0.00350701017305, 0.0155726084486, -0.00636974675581, 0.000867260270752, 0.000965418526903], [0.000358860619599, -0.00450134417042, 0.00142469315324, -0.00195545819588, 0.00498340278864, -0.000832818914205, -0.000592714000959, -0.000804190873168, 0.00352222169749, -0.00636974675581, 0.015606969595, -0.00266288197599, 0.00191401864868], [-0.000527699885424, 0.00268837134354, -0.00276630488224, 0.00228285416961, -0.00141151016578, 0.00165953778196, 0.000822442234494, 0.000319902988849, -0.000111322493467, 0.000867260270752, -0.00266288197599, 0.0174860134721, -0.00536563666537], [0.000845386995934, -0.00169959838968, 0.00275661121123, -0.00165827653836, -0.000509703299031, -0.00152010854799, 0.00365022500046, -0.000377905060304, -0.000689233944286, 0.000965418526903, 0.00191401864868, -0.00536563666537, 0.0190493538976]]
    },
    "melbands": {
        "max": [0.00045790328295, 0.00736010121182, 0.00791760534048, 0.00777474278584, 0.00538217648864, 0.00606669578701, 0.00460740132257, 0.00599504029378, 0.00704047223553, 0.00580850662664, 0.00621725711972, 0.0072210538201, 0.00435900129378, 0.00557543616742, 0.00256001832895, 0.00138893316034, 0.00220233248547, 0.0016073420411, 0.00102023198269, 0.000619349768385, 0.00208309688605, 0.000704960199073, 0.00051715481095, 0.000383871025406, 0.000124737882288, 3.28272981278e-05, 4.36618429376e-05, 9.21219325392e-05, 5.44598151464e-05, 4.37234375568e-05, 2.85045516648e-05, 5.39760440006e-05, 8.33560407045e-05, 5.29770113644e-05, 4.98390254506e-05, 6.01302381256e-05, 6.52304879623e-05, 5.11694161105e-05, 3.77622418455e-05, 2.09203317354e-05],
        "mean": [3.05782377836e-05, 0.000394274189603, 0.000592065858655, 0.000810748490039, 0.000373931747163, 0.000309724040562, 0.000288252253085, 0.000184227290447, 0.000303244363749, 0.000227221302339, 0.000268101401161, 0.00025851483224, 0.000117890187539, 0.00020755463629, 7.55071960157e-05, 5.06371070514e-05, 5.50717923034e-05, 4.59575021523e-05, 3.45680055034e-05, 1.77999390871e-05, 2.59843891399e-05, 1.26345603348e-05, 1.46021038745e-05, 1.05823219201e-05, 6.07546508036e-06, 2.62027742792e-06, 2.51591359302e-06, 3.87621821574e-06, 2.12295026358e-06, 1.14614886115e-06, 9.56364715421e-07, 8.00340558271e-07, 7.68871302625e-07, 1.00044996998e-06, 1.1963883253e-06, 1.03413549368e-06, 1.11534905045e-06, 1.02097089894e-06, 8.41068299451e-07, 5.51087907752e-07],
        "min": [3.76585767015e-08, 3.05302449988e-07, 5.13935617619e-07, 3.40094516105e-07, 1.95580351914e-08, 7.57207363478e-09, 1.28891333162e-08, 1.4709732099e-08, 8.73165273418e-09, 1.25715553523e-08, 1.19362395523e-08, 2.32370900299e-09, 1.75951775372e-09, 2.94872859463e-09, 2.43917974707e-09, 2.71747335745e-09, 2.46181230956e-09, 1.97736826912e-09, 1.56173940447e-09, 9.93991333686e-10, 9.20252374303e-10, 8.5568413466e-10, 6.1736060708e-10, 7.40745187411e-10, 4.81170825406e-10, 3.89848486826e-10, 2.0005941348e-10, 2.12218700946e-10, 2.38290054355e-10, 1.62454577568e-10, 1.57666171785e-10, 1.37407973888e-10, 1.55724960704e-10, 1.05564480768e-10, 1.02738977048e-10, 1.02629321708e-10, 1.22352669663e-10, 1.0421143809e-10, 7.39355451862e-11, 7.02697552923e-11],
        "stdev": [5.16425061505e-05, 0.000676011666656, 0.000748339807615, 0.000987618230283, 0.00052114087157, 0.000578653707635, 0.000492675695568, 0.000416987459175, 0.000698365853168, 0.000509284029249, 0.000601862440817, 0.000652346177958, 0.000375072559109, 0.000513763108756, 0.000231433019508, 0.000130315005663, 0.000150850624777, 0.00012243911624, 8.60610525706e-05, 4.99867237522e-05, 9.65057843132e-05, 4.10839893448e-05, 4.50176776212e-05, 2.52582776739e-05, 1.19816895676e-05, 4.31967373515e-06, 4.1381695155e-06, 7.45537226976e-06, 4.41184283773e-06, 2.39471933128e-06, 1.97570170712e-06, 2.06048093787e-06, 2.73846171694e-06, 2.93942025564e-06, 3.37331107403e-06, 3.2087971249e-06, 2.99848602481e-06, 2.44488228418e-06, 2.24025006901e-06, 1.43030933941e-06]
    },
    "melbands128": {
        "max": [0.000132746019517, 0.000123306133901, 0.000318737118505, 0.0023196300026, 0.0114317098632, 0.00840606167912, 0.00506429281086, 0.0119521832094, 0.0165203846991, 0.0121296308935, 0.00696883676574, 0.00627160491422, 0.00882212817669, 0.0110284425318, 0.0112823396921, 0.0104229468852, 0.00629321113229, 0.00794097781181, 0.0056187370792, 0.0119062224403, 0.00688769388944, 0.0127083528787, 0.0124258827418, 0.00754180457443, 0.00769128929824, 0.00999379530549, 0.0160733573139, 0.0116981081665, 0.00685859564692, 0.013279764913, 0.00715426402166, 0.00538228778169, 0.00914555694908, 0.00653027184308, 0.0126465940848, 0.00822676811367, 0.006223609671, 0.00472485600039, 0.00673930626363, 0.00289388629608, 0.00199668621644, 0.00283506209962, 0.00280512333848, 0.00371148786508, 0.00378299783915, 0.00197046250105, 0.00300956168212, 0.00192731863353, 0.00129841547459, 0.00120516319294, 0.0012870025821, 0.000909679220058, 0.00182445556857, 0.00433968845755, 0.000909502443392, 0.00136805721559, 0.00121847644914, 0.00113878631964, 0.000922772916965, 0.000464885873953, 0.000752987747546, 0.00038992377813, 0.000248600059422, 0.000165897567058, 0.000105212398921, 5.22239788552e-05, 6.38029378024e-05, 5.8085177443e-05, 8.9430330263e-05, 6.10237693763e-05, 0.000144398945849, 0.000192415333004, 0.000107665131509, 8.9983237558e-05, 5.59235013498e-05, 6.43489256618e-05, 5.42833186046e-05, 3.41508057318e-05, 3.88765874959e-05, 3.82679754694e-05, 3.61021266144e-05, 5.98741899012e-05, 0.000124920596136, 8.52254306665e-05, 4.84154807054e-05, 7.06823266228e-05, 6.26991241006e-05, 5.22150548932e-05, 6.44018800813e-05, 6.65968473186e-05, 9.02324536582e-05, 8.61743465066e-05, 6.66023406666e-05, 7.9339974036e-05, 7.01111348462e-05, 3.37081546604e-05, 8.06263196864e-05, 4.03356134484e-05, 4.83497824462e-05, 4.24329045927e-05, 3.84256381949e-05, 2.00727972697e-05, 2.39568507823e-05, 1.5885781977e-05, 1.73478947545e-05, 7.22236700312e-06, 9.50792309595e-06, 1.08654594442e-05, 6.83244206812e-06, 7.71857503423e-06, 5.61819888389e-06, 5.77577748118e-06, 3.48446087628e-06, 3.50250934389e-06, 3.53881182491e-06, 6.19514651135e-07, 2.3813690575e-07, 9.03239261163e-09, 8.77076544725e-09, 8.52003889662e-09, 8.31554114455e-09, 8.13309597447e-09, 7.96290855476e-09, 7.82851561354e-09, 7.71260477705e-09, 7.61331619969e-09, 7.54569207118e-09, 7.50376116798e-09],
        "mean": [2.80864219349e-06, 4.07983816331e-06, 1.54726239998e-05, 0.000128416795633, 0.000461212242953, 0.000559486914426, 0.000448184611741, 0.000497849483509, 0.000929595727939, 0.0011020504171, 0.000546688155737, 0.000295702484436, 0.00043537907186, 0.00030410985346, 0.000298133410979, 0.000353186886059, 0.000230220030062, 0.000371562986402, 0.000222357761231, 0.000130304775666, 0.000148794002598, 0.000356026983354, 0.000415781745687, 0.000120611926832, 0.000142522752867, 0.000246406736551, 0.000466386874905, 0.00021274088067, 0.000131274733576, 0.000407920015277, 0.000248596421443, 8.09119592304e-05, 0.000110021610453, 9.5562369097e-05, 0.00029347720556, 0.000220245521632, 0.000124328842503, 4.52482418041e-05, 7.78201865614e-05, 4.51923478977e-05, 2.90436128125e-05, 8.266914665e-05, 5.9547714045e-05, 4.11572909798e-05, 3.82528378395e-05, 4.69694823551e-05, 5.6396562286e-05, 4.2928604671e-05, 1.8569173335e-05, 1.97512727027e-05, 1.3313715499e-05, 1.79333110282e-05, 3.98624870286e-05, 2.28234875976e-05, 1.24048074213e-05, 8.35031096358e-06, 1.44117611853e-05, 2.28129720199e-05, 1.1026501852e-05, 6.56140855426e-06, 1.19016276585e-05, 1.25778151414e-05, 8.38609958009e-06, 3.34637684318e-06, 3.76242564926e-06, 2.45208934757e-06, 2.22603785005e-06, 2.05687001653e-06, 2.68662734015e-06, 2.68669714387e-06, 4.94912410431e-06, 3.90920649807e-06, 2.32155366575e-06, 2.22822450269e-06, 1.20519018765e-06, 1.21232665151e-06, 1.03258162198e-06, 1.02858598439e-06, 1.00138970538e-06, 8.40806023916e-07, 8.05338345344e-07, 7.66039704558e-07, 7.5852591408e-07, 7.32547221105e-07, 8.02312797532e-07, 9.87724888546e-07, 1.02668514046e-06, 1.11898771138e-06, 1.33170681238e-06, 1.10946348286e-06, 1.08383892439e-06, 9.60034867603e-07, 1.06304867131e-06, 1.14503950499e-06, 1.13033297566e-06, 1.09879442789e-06, 9.86932832348e-07, 9.31955582928e-07, 9.04754642761e-07, 7.74294619532e-07, 6.26208077392e-07, 5.21055142144e-07, 4.46025808287e-07, 3.9756216097e-07, 3.88571578469e-07, 3.0107273119e-07, 2.10192325767e-07, 1.6254105617e-07, 1.36878881563e-07, 1.15518290045e-07, 1.12562041465e-07, 7.91266927536e-08, 2.47771012596e-08, 1.52246197871e-08, 8.55546300471e-09, 2.15114326352e-09, 4.19199869262e-10, 1.61993300718e-11, 1.50581457026e-11, 1.50939052923e-11, 1.41047590274e-11, 1.09946357574e-11, 1.07493363169e-11, 1.02555741677e-11, 9.98517327849e-12, 9.65358955968e-12, 9.45997707252e-12, 9.39257092242e-12],
        "min": [1.86575824235e-10, 4.24043289371e-09, 3.44960753296e-08, 5.65869981983e-08, 2.13887361156e-08, 1.49021119e-07, 1.00937370462e-07, 3.78672666557e-07, 2.61463881657e-08, 1.00245909351e-08, 1.24846630811e-08, 3.43091333121e-09, 3.94182730901e-09, 1.05351034563e-08, 2.44436226815e-09, 2.18727924661e-09, 5.10542186305e-09, 6.22849416487e-09, 1.1192515359e-08, 1.36658329097e-09, 2.92660295997e-09, 2.93049962075e-09, 6.33118180104e-09, 3.24108428984e-09, 1.76244396854e-09, 1.88558568759e-09, 7.1594703499e-09, 4.30572510979e-09, 9.1537533109e-10, 1.01216401927e-09, 8.17768963657e-10, 9.00256702518e-10, 2.12620115958e-10, 9.61733914728e-10, 7.28107296677e-10, 1.46419631974e-09, 8.99772367724e-10, 8.83161155318e-10, 1.10829700972e-09, 1.30037647317e-09, 1.11357478794e-09, 1.6729253538e-09, 9.70391766941e-10, 1.03100239457e-09, 5.97562721527e-10, 5.98070315494e-10, 2.02629649171e-10, 3.05458630612e-10, 4.79950190702e-10, 4.8649440032e-10, 5.44778666622e-10, 4.93245444488e-10, 4.06781525131e-10, 4.43958925178e-10, 3.7225336702e-10, 4.39115188655e-10, 4.71168437599e-10, 4.49760451104e-10, 3.09658909625e-10, 2.90094281929e-10, 4.91156226801e-10, 4.56169851892e-10, 2.09466263779e-10, 7.86731513269e-11, 2.30147054192e-10, 1.79123632593e-10, 2.65211741457e-10, 2.0355879482e-10, 1.18220808143e-10, 1.69245603643e-10, 1.7683840503e-10, 1.52354337479e-10, 1.19529580678e-10, 1.22649126966e-10, 7.3850731086e-11, 6.27251167673e-11, 7.66706975686e-11, 9.83836970225e-11, 4.40914492417e-11, 1.11623696397e-10, 1.48780102821e-11, 5.89072818302e-11, 6.4480067119e-11, 8.65976665376e-11, 2.75112814474e-11, 4.52664503103e-11, 3.20849111168e-11, 6.45534389832e-11, 5.51904008605e-11, 4.83779717675e-11, 5.92194557281e-11, 4.99472546656e-11, 2.94266659651e-11, 5.86415083159e-11, 3.26015152374e-11, 2.42374800785e-11, 5.38792656324e-11, 5.3901036412e-11, 3.6475794607e-11, 2.07145654796e-11, 4.69867617037e-11, 2.03110549213e-11, 6.75451144669e-12, 1.44349159362e-12, 7.36851064106e-13, 1.01118972137e-12, 5.52292803505e-13, 3.21062431198e-13, 2.69905679837e-13, 2.50958054251e-13, 3.21862572402e-13, 2.73853558103e-13, 2.44267984745e-13, 2.43096504298e-13, 2.36291590678e-13, 2.5486519362e-13, 2.54555003378e-13, 1.74183069227e-13, 1.93071145009e-13, 2.55084636139e-13, 2.14813884454e-13, 2.46448152684e-13, 2.10901744202e-13, 2.46354721562e-13, 1.60594492348e-13, 5.86669046134e-14, 7.09225133659e-15, 1.99910006122e-16],
        "stdev": [7.03205341779e-06, 8.61378066475e-06, 2.05368196475e-05, 0.000253484438872, 0.000948658038396, 0.000960483623203, 0.000524650793523, 0.000916503311601, 0.0016725565074, 0.00147160841152, 0.000798915862106, 0.000516777974553, 0.000745399098378, 0.000753394211642, 0.000727000588086, 0.000859495368786, 0.000470071914606, 0.000773174630012, 0.000489825557452, 0.000593345321249, 0.000502593757119, 0.00092457444407, 0.00114945298992, 0.000358785735443, 0.00050474901218, 0.000750892329961, 0.0012610044796, 0.000764584285207, 0.000461807620013, 0.00118156615645, 0.000724108831491, 0.000372341368347, 0.000609257491305, 0.000399920128984, 0.000932927010581, 0.000605195877142, 0.000463530654088, 0.000212317856494, 0.000415974471252, 0.0001850881672, 0.00010648972966, 0.000260076776613, 0.000189659389434, 0.000200463313377, 0.000215517866309, 0.000165508899954, 0.000153268294525, 0.000146192061948, 7.37267619115e-05, 7.23257398931e-05, 5.42722918908e-05, 7.49093378545e-05, 0.000166667232406, 0.000127388746478, 4.76173263451e-05, 4.18771815021e-05, 7.01103926986e-05, 7.69792022766e-05, 5.15317406098e-05, 2.43710910581e-05, 3.68929977412e-05, 3.37884848705e-05, 2.0787194444e-05, 8.4916873675e-06, 8.9960922196e-06, 5.06666583533e-06, 4.63339756607e-06, 4.30009777119e-06, 5.81085760132e-06, 5.74837258682e-06, 1.16529654406e-05, 1.03101401692e-05, 6.73369186188e-06, 5.98255064688e-06, 3.28756891577e-06, 3.07848245029e-06, 2.66954452854e-06, 2.2677297693e-06, 2.44102579927e-06, 2.25458643399e-06, 2.00891895474e-06, 2.23789265874e-06, 3.35260119755e-06, 3.00476062876e-06, 2.70428040494e-06, 3.37295955433e-06, 3.10028804051e-06, 3.48412845597e-06, 3.72323052034e-06, 3.44700947608e-06, 4.08857567891e-06, 3.25813834934e-06, 3.18608249472e-06, 3.2854386518e-06, 3.190004918e-06, 2.44662146542e-06, 2.79680443782e-06, 2.45820115197e-06, 2.53236339631e-06, 2.27248506235e-06, 1.86003933322e-06, 1.36693586228e-06, 1.19937635645e-06, 9.65438289313e-07, 8.58887290178e-07, 6.24048880127e-07, 5.28282214418e-07, 5.05273533236e-07, 3.88540769336e-07, 3.3939264199e-07, 3.25454465155e-07, 2.63562924374e-07, 1.96760453264e-07, 1.55605931695e-07, 1.32665547881e-07, 2.560522816e-08, 6.40078212655e-09, 2.87466078719e-10, 2.97345065237e-10, 2.83018747327e-10, 2.72198347195e-10, 2.50933746004e-10, 2.45802656007e-10, 2.41285991187e-10, 2.37744518516e-10, 2.34636865493e-10, 2.32583632909e-10, 2.31286392816e-10]
    },
    "mfcc": {
        "mean": [-707.900634766, 125.16191864, 16.3458938599, 2.06047105789, 4.54826259613, -5.92153835297, -5.41795921326, -3.86095285416, -7.63823461533, -2.17930650711, -11.9713230133, -9.66977787018, -10.4104213715],
        "cov": [[13411.5419922, -1174.30639648, -1751.84960938, -1037.97302246, -808.60559082, -655.254333496, 179.687973022, -74.1062393188, -318.275848389, -196.716644287, -17.7013931274, 248.159378052, -29.5337944031], [-1174.30639648, 1015.0949707, -50.0569496155, -52.6328125, -21.1598949432, -19.3771915436, 108.061553955, 42.4412612915, -55.9254264832, 11.3007268906, 50.8755111694, -20.0628261566, -20.7364139557], [-1751.84960938, -50.0569496155, 822.489929199, 240.944519043, 204.761001587, 124.869270325, -140.775344849, -46.5902328491, -30.1506633759, -46.5179138184, -17.9474830627, 0.446007698774, 49.5747108459], [-1037.97302246, -52.6328125, 240.944519043, 531.567749023, 276.047424316, 51.8911018372, -126.192604065, -11.2712097168, 82.7807617188, -37.8336372375, -64.4128417969, 10.4243268967, 28.1057662964], [-808.60559082, -21.1598949432, 204.761001587, 276.047424316, 310.170715332, 34.6710548401, -131.918731689, -33.8064002991, 85.8432312012, -18.8070983887, -53.3481903076, 4.00703477859, 27.4082641602], [-655.254333496, -19.3771915436, 124.869270325, 51.8911018372, 34.6710548401, 319.647796631, 129.626953125, 45.1836738586, -0.0849256962538, 31.8486690521, 7.30625534058, -74.9247665405, -22.4523658752], [179.687973022, 108.061553955, -140.775344849, -126.192604065, -131.918731689, 129.626953125, 316.231231689, 82.4253997803, -52.7471389771, 51.8587532043, 35.4014129639, -31.2067813873, -33.9331054688], [-74.1062393188, 42.4412612915, -46.5902328491, -11.2712097168, -33.8064002991, 45.1836738586, 82.4253997803, 137.026229858, 43.423210144, 26.6981506348, 14.4427957535, -7.85545015335, -11.9028406143], [-318.275848389, -55.9254264832, -30.1506633759, 82.7807617188, 85.8432312012, -0.0849256962538, -52.7471389771, 43.423210144, 171.415771484, 36.6358222961, -7.07226848602, 3.45569944382, -2.58316493034], [-196.716644287, 11.3007268906, -46.5179138184, -37.8336372375, -18.8070983887, 31.8486690521, 51.8587532043, 26.6981506348, 36.6358222961, 113.337524414, 39.7920150757, -5.83604574203, -11.7414016724], [-17.7013931274, 50.8755111694, -17.9474830627, -64.4128417969, -53.3481903076, 7.30625534058, 35.4014129639, 14.4427957535, -7.07226848602, 39.7920150757, 87.5649108887, 26.8182029724, -7.15388202667], [248.159378052, -20.0628261566, 0.446007698774, 10.4243268967, 4.00703477859, -74.9247665405, -31.2067813873, -7.85545015335, 3.45569944382, -5.83604574203, 26.8182029724, 105.099655151, 28.5389480591], [-29.5337944031, -20.7364139557, 49.5747108459, 28.1057662964, 27.4082641602, -22.4523658752, -33.9331054688, -11.9028406143, -2.58316493034, -11.7414016724, -7.15388202667, 28.5389480591, 79.3467254639]],
        "icov": [[0.000183963726158, 0.000252069759881, 0.000352141883923, 0.000187911369721, 6.75980982123e-06, 0.000128236482851, -3.21742372762e-05, -6.49845169391e-05, 0.000339444435667, 0.000335383287165, 0.000110639695777, -0.000366927153664, 6.08473710599e-05], [0.000252069759881, 0.00149682653137, 0.000507498160005, 0.000285003508907, -0.000602909713052, 0.000731694570277, -0.000537708285265, -0.00052464188775, 0.000993431429379, 0.000679095683154, -0.000906942295842, 0.000200947688427, 0.000152406515554], [0.000352141883923, 0.000507498160005, 0.00259950128384, 5.56886552658e-05, -0.00083582062507, -0.000823289854452, 0.000998507603072, -0.000420164637035, 0.00189398077782, 0.000829706958029, -0.000447171565611, -0.000799658417236, -0.000528682663571], [0.000187911369721, 0.000285003508907, 5.56886552658e-05, 0.00396482134238, -0.00277616945095, -0.000327026471496, 0.000199074973352, -0.000700058939401, 5.25861069036e-05, 0.000884373439476, 0.00116397766396, -0.00121429224964, 0.000226043484872], [6.75980982123e-06, -0.000602909713052, -0.00083582062507, -0.00277616945095, 0.00858321692795, -0.00133141281549, 0.00139493879396, 0.0020913775079, -0.00311908707954, -0.000656301737763, 0.00288674095646, -0.00105480430648, -0.000639796024188], [0.000128236482851, 0.000731694570277, -0.000823289854452, -0.000327026471496, -0.00133141281549, 0.00627837656066, -0.00318692461587, -0.000576260266826, 0.00012261075608, 0.000194934531464, -0.00202686339617, 0.0039065121673, 0.000101306010038], [-3.21742372762e-05, -0.000537708285265, 0.000998507603072, 0.000199074973352, 0.00139493879396, -0.00318692461587, 0.00719918310642, -0.00294850580394, 0.00263909623027, -0.00216639763676, 0.000928487919737, -0.00107695849147, 0.000642372877337], [-6.49845169391e-05, -0.00052464188775, -0.000420164637035, -0.000700058939401, 0.0020913775079, -0.000576260266826, -0.00294850580394, 0.011179856956, -0.00490467948839, 0.000382604659535, -0.000187687648577, -0.000122244615341, -0.000196148903342], [0.000339444435667, 0.000993431429379, 0.00189398077782, 5.25861069036e-05, -0.00311908707954, 0.00012261075608, 0.00263909623027, -0.00490467948839, 0.0114321326837, -0.00312204682268, 0.000457262562122, -0.000932670896873, 0.000975857139565], [0.000335383287165, 0.000679095683154, 0.000829706958029, 0.000884373439476, -0.000656301737763, 0.000194934531464, -0.00216639763676, 0.000382604659535, -0.00312204682268, 0.0139032360166, -0.00608121883124, 0.00126700755209, -0.000164842043887], [0.000110639695777, -0.000906942295842, -0.000447171565611, 0.00116397766396, 0.00288674095646, -0.00202686339617, 0.000928487919737, -0.000187687648577, 0.000457262562122, -0.00608121883124, 0.0196853671223, -0.00780543126166, 0.00216673780233], [-0.000366927153664, 0.000200947688427, -0.000799658417236, -0.00121429224964, -0.00105480430648, 0.0039065121673, -0.00107695849147, -0.000122244615341, -0.000932670896873, 0.00126700755209, -0.00780543126166, 0.0163820143789, -0.00460226368159], [6.08473710599e-05, 0.000152406515554, -0.000528682663571, 0.000226043484872, -0.000639796024188, 0.000101306010038, 0.000642372877337, -0.000196148903342, 0.000975857139565, -0.000164842043887, 0.00216673780233, -0.00460226368159, 0.01526863873]]
    },
    "spectral_contrast_coeffs": {
        "max": [-0.365289628506, -0.468858867884, -0.440884441137, -0.507181584835, -0.600759267807, -0.642974495888],
        "mean": [-0.647341310978, -0.731294870377, -0.723582565784, -0.773136913776, -0.787348747253, -0.789756238461],
        "min": [-0.931172609329, -0.944442391396, -0.913170576096, -0.924463272095, -0.906970381737, -0.922628283501],
        "stdev": [0.069990105927, 0.086727052927, 0.0906675234437, 0.0733706504107, 0.0588286146522, 0.0387582071126]
    },
    "spectral_contrast_valleys": {
        "max": [-5.52188777924, -5.13853693008, -5.40744781494, -6.21484804153, -6.05594730377, -7.79263210297],
        "mean": [-7.41610574722, -7.33225727081, -8.07919883728, -8.4496421814, -8.66181755066, -10.8393821716],
        "min": [-10.7581396103, -10.7403144836, -11.7030982971, -11.5277891159, -11.7566719055, -14.3645544052],
        "stdev": [0.902620494366, 1.06202292442, 1.18688285351, 1.03693914413, 1.12612736225, 1.22292721272]
    }
},
"rhythm": {
    "beats_count": 105,
    "beats_loudness": {
        "max": 0.0702102258801,
        "mean": 0.0222860109061,
        "min": 5.82338543609e-05,
        "stdev": 0.0203035045415
    },
    "bpm": 128.681442261,
    "bpm_histogram_first_peak_bpm": 129,
    "bpm_histogram_first_peak_weight": 0.434210538864,
    "bpm_histogram_second_peak_bpm": 120,
    "bpm_histogram_second_peak_spread": 0.461538434029,
    "bpm_histogram_second_peak_weight": 0.0673076957464,
    "danceability": 0.862555980682,
    "onset_rate": 2.1943359375,
    "beats_loudness_band_ratio": {
        "max": [0.978571534157, 0.802620589733, 0.718697011471, 0.763911187649, 0.330361932516, 0.546957612038],
        "mean": [0.270253866911, 0.308322876692, 0.226176813245, 0.155811816454, 0.0663544237614, 0.0459204092622],
        "min": [0.0117840981111, 0.0100236497819, 0.00274062901735, 0.000428556959378, 0.000274697580608, 0.000134551868541],
        "stdev": [0.223307937384, 0.230704039335, 0.185745179653, 0.18648570776, 0.0783769413829, 0.0995848402381]
    },
