{
"metadata": {
    "version": {
        "essentia": "2.1-beta5",
        "essentia_git_sha": "Undefined",
        "extractor": "music 2.0"
    },
    "audio_properties": {
        "analysis": {
            "equal_loudness": 0,
            "length": 48.7502937317,
            "sample_rate": 44100,
            "start_time": 12.7477550507,
            "downmix": "mix"
        },
        "bit_rate": 192000,
        "length": 194.72253418,
        "lossless": 0,
        "number_channels": 2,
        "replay_gain": 1.89147758484,
        "sample_rate": 48000,
        "codec": "mp3",
        "md5_encoded": "0a269597b940c8bf891174056e7fe8f4"
    },
    "tags": {
        "file_name": "Azerbaijan_Hour Of The Wolf_Elnur Hüseynov.mp3",
        "encoding": ["Lavf58.29.100"]
    }
},
"lowlevel": {
    "average_loudness": 0.32780739665,
    "barkbands_crest": {
        "max": 24.3510074615,
        "mean": 10.462100029,
        "min": 2.65504980087,
        "stdev": 4.2665104866
    },
    "barkbands_flatness_db": {
        "max": 0.374691873789,
        "mean": 0.178576812148,
        "min": 0.054490160197,
        "stdev": 0.054752074182
    },
    "barkbands_kurtosis": {
        "max": 62.4200897217,
        "mean": 5.71856069565,
        "min": -1.82362151146,
        "stdev": 7.74536323547
    },
    "barkbands_skewness": {
        "max": 7.30721569061,
        "mean": 1.57159614563,
        "min": -2.60963606834,
        "stdev": 1.30481135845
    },
    "barkbands_spread": {
        "max": 80.0018768311,
        "mean": 14.1087503433,
        "min": 0.922592163086,
        "stdev": 11.4893865585
    },
    "dissonance": {
        "max": 0.499915868044,
        "mean": 0.445191174746,
        "min": 0.220834732056,
        "stdev": 0.0408837273717
    },
    "dynamic_complexity": 4.4830827713,
    "erbbands_crest": {
        "max": 27.5324611664,
        "mean": 10.3719968796,
        "min": 2.88825368881,
        "stdev": 4.49048471451
    },
    "erbbands_flatness_db": {
        "max": 0.405197560787,
        "mean": 0.205724030733,
        "min": 0.0786595121026,
        "stdev": 0.0538726113737
    },
    "erbbands_kurtosis": {
        "max": 20.410150528,
        "mean": 1.58608293533,
        "min": -1.69689023495,
        "stdev": 2.67939949036
    },
    "erbbands_skewness": {
        "max": 3.53178143501,
        "mean": 0.696097910404,
        "min": -3.27650690079,
        "stdev": 0.809453785419
    },
    "erbbands_spread": {
        "max": 114.942131042,
        "mean": 28.2819843292,
        "min": 2.95925712585,
        "stdev": 16.8367881775
    },
    "hfc": {
        "max": 113.470046997,
        "mean": 10.2438936234,
        "min": 0.0605546757579,
        "stdev": 17.5927848816
    },
    "loudness_ebu128": {
        "integrated": -27.7696380615,
        "loudness_range": 10.8574352264,
        "momentary": {
            "max": -19.9399662018,
            "mean": -30.2298374176,
            "min": -42.2867355347,
            "stdev": 4.43132257462
        },
        "short_term": {
            "max": -21.3133010864,
            "mean": -29.5712375641,
            "min": -35.1468658447,
            "stdev": 2.99079823494
        }
    },
    "melbands_crest": {
        "max": 30.2769584656,
        "mean": 13.8434877396,
        "min": 2.98904371262,
        "stdev": 5.51599121094
    },
    "melbands_flatness_db": {
        "max": 0.43398925662,
        "mean": 0.229364022613,
        "min": 0.0455518364906,
        "stdev": 0.0738052353263
    },
    "melbands_kurtosis": {
        "max": 164.97026062,
        "mean": 11.2634372711,
        "min": -1.77236461639,
        "stdev": 16.8838634491
    },
    "melbands_skewness": {
        "max": 10.1829051971,
        "mean": 2.10143470764,
        "min": -0.916554450989,
        "stdev": 1.67303919792
    },
    "melbands_spread": {
        "max": 222.966094971,
        "mean": 18.8839111328,
        "min": 1.31724774837,
        "stdev": 21.0417366028
    },
    "pitch_salience": {
        "max": 0.906441748142,
        "mean": 0.567708671093,
        "min": 0.190891608596,
        "stdev": 0.113218694925
    },
    "silence_rate_20dB": {
        "max": 1,
        "mean": 1,
        "min": 1,
        "stdev": 0
    },
    "silence_rate_30dB": {
        "max": 1,
        "mean": 0.998096168041,
        "min": 0,
        "stdev": 0.0435913614929
    },
    "silence_rate_60dB": {
        "max": 1,
        "mean": 0.246549263597,
        "min": 0,
        "stdev": 0.431004971266
    },
    "spectral_centroid": {
        "max": 4786.95996094,
        "mean": 950.807983398,
        "min": 233.905548096,
        "stdev": 614.890625
    },
    "spectral_complexity": {
        "max": 49,
        "mean": 11.3008089066,
        "min": 0,
        "stdev": 8.82293891907
    },
    "spectral_decrease": {
        "max": -3.54406989866e-11,
        "mean": -3.21602211528e-09,
        "min": -4.12976071118e-08,
        "stdev": 4.41854597355e-09
    },
    "spectral_energy": {
        "max": 0.157797664404,
        "mean": 0.0130671719089,
        "min": 0.000139253519592,
        "stdev": 0.0178433861583
    },
    "spectral_energyband_high": {
        "max": 0.00701804971322,
        "mean": 0.000242998066824,
        "min": 1.08031933621e-07,
        "stdev": 0.000620056351181
    },
    "spectral_energyband_low": {
        "max": 0.129518523812,
        "mean": 0.00298412935808,
        "min": 1.30876424009e-06,
        "stdev": 0.0100911902264
    },
    "spectral_energyband_middle_high": {
        "max": 0.0706598907709,
        "mean": 0.00371206528507,
        "min": 1.33935509439e-05,
        "stdev": 0.00873328093439
    },
    "spectral_energyband_middle_low": {
        "max": 0.0634987577796,
        "mean": 0.00683410372585,
        "min": 6.10019378655e-05,
        "stdev": 0.00688737211749
    },
    "spectral_entropy": {
        "max": 8.65390110016,
        "mean": 7.17557764053,
        "min": 5.43430423737,
        "stdev": 0.526979804039
    },
    "spectral_flux": {
        "max": 0.307171195745,
        "mean": 0.055479042232,
        "min": 0.00457316311076,
        "stdev": 0.0459748581052
    },
    "spectral_kurtosis": {
        "max": 67.1238708496,
        "mean": 8.96725463867,
        "min": -1.02160143852,
        "stdev": 9.77824115753
    },
    "spectral_rms": {
        "max": 0.0124076167122,
        "mean": 0.0030353940092,
        "min": 0.000368587963749,
        "stdev": 0.00188011408318
    },
    "spectral_rolloff": {
        "max": 9819.140625,
        "mean": 1175.84069824,
        "min": 86.1328125,
        "stdev": 1292.28491211
    },
    "spectral_skewness": {
        "max": 6.06789064407,
        "mean": 2.12321853638,
        "min": -0.0585292726755,
        "stdev": 0.946055114269
    },
    "spectral_spread": {
        "max": 10443571,
        "mean": 3625131,
        "min": 1017412.25,
        "stdev": 1403830.375
    },
    "spectral_strongpeak": {
        "max": 10.3937921524,
        "mean": 0.802736282349,
        "min": 0.0165369845927,
        "stdev": 1.06086456776
    },
    "zerocrossingrate": {
        "max": 0.306640625,
        "mean": 0.0473212152719,
        "min": 0.0087890625,
        "stdev": 0.0352815501392
    },
    "barkbands": {
        "max": [0.00529578141868, 0.119031310081, 0.0266925767064, 0.0251578092575, 0.0242625512183, 0.0440285205841, 0.023232974112, 0.0296939797699, 0.019775243476, 0.0454987734556, 0.0199917387217, 0.0398956276476, 0.0236456990242, 0.0220467764884, 0.023874970153, 0.0130925793201, 0.0142221283168, 0.00487311044708, 0.0106531465426, 0.00202940939926, 0.00137221033219, 0.00192419870291, 0.00227627367713, 0.00336597906426, 0.0021106924396, 0.000287965434836, 8.72474743119e-07],
        "mean": [6.21235376457e-05, 0.00155523663852, 0.000740902672987, 0.00141329376493, 0.00148236053064, 0.00107439607382, 0.000888564391062, 0.000891345378477, 0.000906924135052, 0.00068586069392, 0.000394380331272, 0.000756430847105, 0.000402306031901, 0.000416409864556, 0.000320942752296, 0.000230586432735, 0.000214204846998, 0.000146332080476, 0.000212674611248, 5.37684609299e-05, 4.06587350881e-05, 4.35421934526e-05, 6.00280982326e-05, 5.16165819135e-05, 1.88935646293e-05, 3.39245025316e-06, 2.6148958554e-09],
        "min": [3.99886568303e-10, 5.95524305425e-08, 1.0748556889e-07, 7.61293676987e-08, 2.10932466871e-06, 4.14253781855e-06, 1.72057139025e-06, 8.99041765479e-07, 8.59141948695e-07, 9.97573579298e-07, 6.86181579113e-07, 9.34290824262e-07, 5.43265628039e-07, 2.37945940285e-07, 3.50036970076e-07, 1.45284104747e-07, 1.316465017e-07, 4.8436529454e-08, 7.55828466481e-08, 3.1805587497e-08, 1.77786620981e-08, 1.29760691081e-08, 1.03307993271e-08, 3.1088815966e-09, 9.89607396029e-10, 1.71184622033e-10, 2.15073264753e-10],
        "stdev": [0.000307530746795, 0.00826800148934, 0.00188450631686, 0.00255106016994, 0.00228223949671, 0.00193704443518, 0.00174516625702, 0.00222117546946, 0.00191181874834, 0.00253055221401, 0.00144459493458, 0.00268241181038, 0.00151965557598, 0.00155111937784, 0.00126651208848, 0.000855029968079, 0.000730413303245, 0.000426089885877, 0.000793132639956, 0.000152123451699, 0.00012447249901, 0.000109712644189, 0.000161769348779, 0.000203274030355, 0.000102626341686, 1.54963872774e-05, 3.23576401229e-08]
    },
    "erbbands": {
        "max": [3.12249493599, 26.959936142, 29.4383354187, 67.7392959595, 87.6181488037, 73.2915420532, 137.02784729, 438.196594238, 419.903961182, 542.377502441, 797.535766602, 533.68359375, 1437.59558105, 1208.20117188, 839.62713623, 1819.6529541, 584.165771484, 1246.26977539, 1475.54882812, 821.830566406, 830.341369629, 767.152954102, 222.68812561, 341.351928711, 549.492980957, 92.9146499634, 52.659740448, 67.6016769409, 91.2646636963, 48.877746582, 67.9572372437, 76.1492767334, 57.9555664062, 30.7600440979, 12.5537748337, 2.42938804626, 0.356935888529, 0.0130707127973, 0.000400150689529, 0.000172158004716],
        "mean": [0.0433505810797, 0.354019373655, 0.79031765461, 2.98852586746, 5.38145971298, 4.74410295486, 4.97361516953, 10.2292823792, 11.4683332443, 17.2658557892, 19.1087284088, 20.080532074, 21.5044345856, 22.2730998993, 20.7714366913, 28.3885307312, 18.110748291, 24.6183815002, 19.4180831909, 11.6208353043, 14.5528039932, 12.1641550064, 8.31106853485, 9.61958408356, 8.54374885559, 2.72588014603, 1.73438978195, 1.57920849323, 1.51468479633, 1.78420519829, 1.63117289543, 1.24919295311, 0.754188537598, 0.284397929907, 0.101943925023, 0.028031360358, 0.00364284985699, 0.000106349747512, 1.24167418107e-05, 1.62933392858e-05],
        "min": [3.63799495062e-06, 4.50714978797e-05, 0.000513738254085, 0.00102346565109, 0.00344089744613, 0.00683866953477, 0.0236675348133, 0.0326795019209, 0.0256011392921, 0.0535912886262, 0.0244095157832, 0.0242575835437, 0.0564171820879, 0.0407240763307, 0.0290730204433, 0.0475229397416, 0.0397272892296, 0.0162696279585, 0.0183278992772, 0.0177830085158, 0.0087598124519, 0.00877768173814, 0.00366647471674, 0.00568152870983, 0.00334998499602, 0.00181765283924, 0.00116189103574, 0.000614709220827, 0.000395950919483, 0.000396232004277, 0.000211882012081, 0.000136041344376, 6.38597412035e-05, 3.58584584319e-05, 6.8187805482e-06, 1.89789375327e-06, 7.51837262669e-07, 1.98967399001e-07, 1.43943765352e-07, 1.62373240187e-07],
        "stdev": [0.215329527855, 1.8968757391, 2.24381518364, 5.30229854584, 8.57661342621, 9.05862426758, 8.55319976807, 19.4713554382, 23.7996330261, 37.9298324585, 49.5397377014, 44.7527008057, 70.0103912354, 73.322555542, 66.8127670288, 105.763298035, 55.4671630859, 94.0516891479, 72.0138320923, 43.4724464417, 52.3418655396, 40.8010444641, 22.0935096741, 30.6391410828, 32.3387527466, 7.95516204834, 4.63301992416, 5.31814813614, 4.1421790123, 4.3506565094, 4.5684595108, 4.56780576706, 3.23410201073, 1.52447652817, 0.530973255634, 0.12364628166, 0.0189408063889, 0.000520174158737, 2.63998790615e-05, 2.21069785766e-05]
    },
    "gfcc": {
        "mean": [-91.2466430664, 124.076004028, -132.934204102, 18.5304393768, -75.1262283325, 13.3547210693, -49.0616264343, 1.83003008366, -18.6070270538, -14.4491186142, -11.046869278, -9.81421756744, -11.8121461868],
        "cov": [[7691.10546875, -2053.8894043, -381.74621582, 1025.33874512, 64.1790008545, 573.786499023, -193.352508545, 360.821899414, -388.088165283, 233.434005737, -321.909423828, 310.164123535, -185.900192261], [-2053.8894043, 1542.48510742, 67.4896316528, -487.478302002, 271.543518066, -256.677825928, 294.684539795, -63.5684165955, 333.459014893, -55.5670509338, 294.973022461, -120.460296631, 131.551391602], [-381.74621582, 67.4896316528, 560.880615234, 67.294090271, -47.1744766235, 34.8777160645, -113.9090271, -15.2383069992, 1.88672673702, -43.9244308472, -68.6060333252, 22.6635570526, -8.86433601379], [1025.33874512, -487.478302002, 67.294090271, 632.214782715, 125.544448853, 104.086036682, -120.173492432, 41.4107170105, -88.9420776367, 22.612285614, -115.91065979, 19.508649826, -6.15419197083], [64.1790008545, 271.543518066, -47.1744766235, 125.544448853, 339.229705811, 0.0350259616971, 88.3097305298, 62.0014533997, 64.8026351929, 47.6489562988, 30.1230182648, -9.28403091431, 35.0334625244], [573.786499023, -256.677825928, 34.8777160645, 104.086036682, 0.0350259616971, 220.392120361, 37.4792671204, 23.1813468933, -68.5601043701, 25.9435749054, -37.2830162048, 26.8074455261, -5.69775533676], [-193.352508545, 294.684539795, -113.9090271, -120.173492432, 88.3097305298, 37.4792671204, 308.646026611, 60.3860778809, 63.1066894531, 66.3704147339, 130.008239746, -6.37302684784, 53.8889923096], [360.821899414, -63.5684165955, -15.2383069992, 41.4107170105, 62.0014533997, 23.1813468933, 60.3860778809, 164.180908203, 44.0758628845, 64.6000823975, 11.4577512741, 19.6559486389, 8.48843097687], [-388.088165283, 333.459014893, 1.88672673702, -88.9420776367, 64.8026351929, -68.5601043701, 63.1066894531, 44.0758628845, 227.329574585, 40.8427886963, 99.2158432007, -28.9298267365, 55.5348396301], [233.434005737, -55.5670509338, -43.9244308472, 22.612285614, 47.6489562988, 25.9435749054, 66.3704147339, 64.6000823975, 40.8427886963, 163.577270508, 60.1362266541, 21.2638339996, 45.889957428], [-321.909423828, 294.973022461, -68.6060333252, -115.91065979, 30.1230182648, -37.2830162048, 130.008239746, 11.4577512741, 99.2158432007, 60.1362266541, 214.110549927, 9.16095161438, 60.4327659607], [310.164123535, -120.460296631, 22.6635570526, 19.508649826, -9.28403091431, 26.8074455261, -6.37302684784, 19.6559486389, -28.9298267365, 21.2638339996, 9.16095161438, 105.967842102, 4.02066802979], [-185.900192261, 131.551391602, -8.86433601379, -6.15419197083, 35.0334625244, -5.69775533676, 53.8889923096, 8.48843097687, 55.5348396301, 45.889957428, 60.4327659607, 4.02066802979, 131.523147583]],
        "icov": [[0.000309910828946, -5.11719408678e-05, 0.000381812598789, -0.000356945354724, 0.000144957302837, -0.000575978541747, 0.000262437562924, -0.000511797261424, 6.65754487272e-05, -0.000260335131316, 0.000182367759407, -0.000671084038913, 0.000359636120265], [-5.11719408678e-05, 0.00604505464435, -0.00274817389436, 0.00332134286873, -0.00556700024754, 0.00382780935615, -0.00341237499379, 0.00321456626989, -0.00280653778464, 0.00419567385688, -0.00358866737224, 0.00352007313631, -0.00204666145146], [0.000381812598789, -0.00274817389436, 0.00375128723681, -0.00196894770488, 0.0028302767314, -0.0029382922221, 0.00247700558975, -0.00198983796872, 0.000588462455198, -0.00165958271828, 0.00219891942106, -0.00290984287858, 0.00109062518459], [-0.000356945354724, 0.00332134286873, -0.00196894770488, 0.004678722471, -0.00442912895232, 0.00166579778306, -0.000718801748008, 0.00165464566089, -0.00076500303112, 0.00216188468039, -0.0017542343121, 0.00280581694096, -0.00201171031222], [0.000144957302837, -0.00556700024754, 0.0028302767314, -0.00442912895232, 0.00927749741822, -0.0031039500609, 0.00174121744931, -0.00355648412369, 0.00150056334678, -0.00407258793712, 0.00375925935805, -0.00334762246348, 0.00182939437218], [-0.000575978541747, 0.00382780935615, -0.0029382922221, 0.00166579778306, -0.0031039500609, 0.00976508297026, -0.0047343140468, 0.00276699801907, -0.000346402084688, 0.00203742994927, -0.00133132271003, 0.00249792658724, -0.00178105104715], [0.000262437562924, -0.00341237499379, 0.00247700558975, -0.000718801748008, 0.00174121744931, -0.0047343140468, 0.00854420196265, -0.00401017349213, 0.00223712599836, -0.00258668814786, -0.000919411482755, -0.00124354357831, 0.000424838246545], [-0.000511797261424, 0.00321456626989, -0.00198983796872, 0.00165464566089, -0.00355648412369, 0.00276699801907, -0.00401017349213, 0.0112996324897, -0.00382079789415, -0.000178467715159, -0.000279962725472, 0.000950432149693, -0.000239158980548], [6.65754487272e-05, -0.00280653778464, 0.000588462455198, -0.00076500303112, 0.00150056334678, -0.000346402084688, 0.00223712599836, -0.00382079789415, 0.00906805880368, -0.00233418983407, -0.0010565671837, 0.000755232700612, -0.000731744978111], [-0.000260335131316, 0.00419567385688, -0.00165958271828, 0.00216188468039, -0.00407258793712, 0.00203742994927, -0.00258668814786, -0.000178467715159, -0.00233418983407, 0.0121115595102, -0.00441128015518, 0.00194421678316, -0.00360359600745], [0.000182367759407, -0.00358866737224, 0.00219891942106, -0.0017542343121, 0.00375925935805, -0.00133132271003, -0.000919411482755, -0.000279962725472, -0.0010565671837, -0.00441128015518, 0.0113299172372, -0.00448682112619, 0.000165606747032], [-0.000671084038913, 0.00352007313631, -0.00290984287858, 0.00280581694096, -0.00334762246348, 0.00249792658724, -0.00124354357831, 0.000950432149693, 0.000755232700612, 0.00194421678316, -0.00448682112619, 0.0146296592429, -0.00246896594763], [0.000359636120265, -0.00204666145146, 0.00109062518459, -0.00201171031222, 0.00182939437218, -0.00178105104715, 0.000424838246545, -0.000239158980548, -0.000731744978111, -0.00360359600745, 0.000165606747032, -0.00246896594763, 0.0109806358814]]
    },
    "melbands": {
        "max": [0.0319255441427, 0.0186894573271, 0.0092301890254, 0.00654660444707, 0.00410536816344, 0.00981460232288, 0.00574806006625, 0.00530065689236, 0.00622505554929, 0.00326925842091, 0.00736816832796, 0.0047815553844, 0.00330004491843, 0.00491019664332, 0.00194911484141, 0.00257592624985, 0.00272267265245, 0.00223236856982, 0.0016773318639, 0.000902936793864, 0.00124466617126, 0.00113203586079, 0.000382115715183, 0.000310253468342, 0.000307119946228, 0.000634577532765, 0.0001240465499, 6.67421118123e-05, 3.97871335736e-05, 4.04860147682e-05, 3.928134538e-05, 6.27886765869e-05, 2.66157330771e-05, 3.30302173097e-05, 4.15235081164e-05, 7.796978025e-05, 4.25726466347e-05, 5.08401280968e-05, 3.03979868477e-05, 2.47926145676e-05],
        "mean": [0.000421544158598, 0.000452023028629, 0.000600750034209, 0.00036543168244, 0.000174222062924, 0.000220304355025, 0.000182593066711, 0.000194006395759, 0.000148440347402, 0.000128192579723, 0.000106587329356, 9.13417752599e-05, 6.19408092462e-05, 8.92598254723e-05, 4.47783386335e-05, 4.60954470327e-05, 4.34940302512e-05, 3.09029164782e-05, 2.01870843739e-05, 1.22520941659e-05, 1.8320604795e-05, 1.26856948555e-05, 9.52464870352e-06, 6.55122494209e-06, 7.73050396674e-06, 9.08894526219e-06, 2.72985312222e-06, 1.55272334723e-06, 1.09498364509e-06, 9.3958016123e-07, 8.98810640138e-07, 8.16939632386e-07, 9.01587043245e-07, 1.03950969788e-06, 9.40569861996e-07, 9.10923006359e-07, 6.99555698702e-07, 5.73324655306e-07, 3.64724343171e-07, 1.95294916239e-07],
        "min": [2.28713155082e-08, 1.53699843963e-07, 2.39939737412e-07, 3.01239424516e-07, 6.89839055212e-07, 5.6130863868e-07, 3.5958890976e-07, 4.95046833748e-07, 5.32922399543e-08, 1.27273338535e-07, 1.6691447513e-07, 1.29783899183e-07, 1.09557490191e-07, 7.71514834241e-08, 8.67116298764e-08, 4.33822862078e-08, 1.5683523813e-08, 1.02186907824e-08, 2.84958012742e-08, 1.17374581166e-08, 4.97426322354e-09, 6.70077238141e-09, 2.52899723385e-09, 2.13283168904e-09, 3.25479199148e-09, 1.54582435741e-09, 1.08409037303e-09, 1.09074749233e-09, 7.73773156659e-10, 3.95465910019e-10, 1.96199834157e-10, 1.66391095346e-10, 2.15465312259e-10, 2.02405925354e-10, 1.00821295757e-10, 9.26265730783e-11, 3.71805364274e-11, 1.83859785036e-11, 4.566582789e-12, 2.41865295153e-12],
        "stdev": [0.00218692352064, 0.0015610299306, 0.000943755381741, 0.000576453574467, 0.000276845181361, 0.0004169625754, 0.000358032732038, 0.00042253031279, 0.000391651818063, 0.000281965214526, 0.000359736761311, 0.000308864575345, 0.00021299047512, 0.000326997658703, 0.000146779115312, 0.000181257433724, 0.000173750479007, 0.0001158636951, 8.66370319272e-05, 4.55340959888e-05, 6.90668675816e-05, 4.81762363052e-05, 2.83240842691e-05, 1.95577413251e-05, 2.59185144387e-05, 3.93755144614e-05, 8.25451843411e-06, 4.84609699924e-06, 2.98586815006e-06, 3.05818366542e-06, 3.18350589623e-06, 2.59061471297e-06, 2.08402639146e-06, 2.66296342488e-06, 2.60038336819e-06, 3.3774658732e-06, 2.74673334388e-06, 2.48323544838e-06, 1.78843856702e-06, 1.13350893116e-06]
    },
    "melbands128": {
        "max": [0.0042389491573, 0.0193507559597, 0.0519769340754, 0.0435335598886, 0.0183639861643, 0.0120683163404, 0.0173198878765, 0.0106462966651, 0.0118208145723, 0.0112089645118, 0.00544503051788, 0.00360309239477, 0.00551977567375, 0.00477308826521, 0.0075698653236, 0.0200249869376, 0.00969048775733, 0.0082072224468, 0.00571629730985, 0.0103560909629, 0.00794232822955, 0.0108888233081, 0.0122543945909, 0.00687306141481, 0.00667747016996, 0.00663509592414, 0.00872465129942, 0.0122185777873, 0.0104372436181, 0.00705805234611, 0.0092402100563, 0.00422746920958, 0.00673044938594, 0.00446773413569, 0.00684241764247, 0.0086717531085, 0.00637412862852, 0.00326149608009, 0.00137339008506, 0.00220733787864, 0.00396003667265, 0.00607805605978, 0.00402059452608, 0.00354774179868, 0.00219754688442, 0.00357066071592, 0.0040484527126, 0.00305207981728, 0.00263614021242, 0.0010425808141, 0.00188947131392, 0.00123356550466, 0.00147504033521, 0.00222744955681, 0.00166684133001, 0.00185811065603, 0.00181306980085, 0.000474042491987, 0.00061436049873, 0.000247344520176, 0.000378167605959, 0.000575431331526, 0.000434393354226, 0.000486021715915, 0.00137652130798, 0.00117653398775, 0.00054659077432, 0.000165601304616, 0.000119899967103, 9.47543885559e-05, 7.69830076024e-05, 0.000137752620503, 7.25371137378e-05, 7.54605862312e-05, 5.45009206689e-05, 6.98464064044e-05, 6.37250195723e-05, 8.51421209518e-05, 5.83218497923e-05, 4.19458046963e-05, 5.26016956428e-05, 0.000109179141873, 2.27505515795e-05, 3.66719032172e-05, 3.92152142012e-05, 4.27147533628e-05, 5.14728853886e-05, 4.98900444654e-05, 3.82861726393e-05, 5.13469676662e-05, 0.000102595950011, 0.000153278364451, 4.55499503005e-05, 5.3021551139e-05, 6.97649229551e-05, 0.000105450562842, 5.6423839851e-05, 3.9406138967e-05, 3.67027751054e-05, 2.95906793326e-05, 4.12809895352e-05, 2.16881890083e-05, 2.60462838924e-05, 3.12975607812e-05, 1.44891719174e-05, 6.80150014887e-06, 7.95207688498e-06, 5.93856520936e-06, 2.80827589449e-06, 5.76794764129e-06, 4.23782012149e-06, 2.8598165045e-06, 1.73232785983e-06, 7.72582268382e-07, 6.84897045744e-08, 8.5704478181e-08, 1.94025417954e-08, 4.34366009827e-09, 4.09102263177e-09, 3.87805654256e-09, 3.72496478107e-09, 3.60252405684e-09, 3.47976336634e-09, 3.39002959038e-09, 3.32433103267e-09, 3.25405702384e-09, 3.21843662832e-09, 3.19313531172e-09],
        "mean": [5.13520062668e-05, 0.000298662838759, 0.000632622221019, 0.000560566026252, 0.00037273374619, 0.000391908659367, 0.00058026885381, 0.000747114245314, 0.000534811581019, 0.000361490470823, 0.000252034893492, 0.000157438058523, 0.000161915304489, 0.000174057131517, 0.000233470753301, 0.000267271068878, 0.000153531189426, 0.000184271251783, 0.00018071870727, 0.000208271347219, 0.000184555130545, 0.000198573150556, 0.000130379048642, 0.000114518770715, 0.000138711940963, 0.000117017953016, 0.000149515952216, 8.96069468581e-05, 8.93275428098e-05, 0.000108827080112, 8.90001610969e-05, 6.22488805675e-05, 5.75417470827e-05, 5.23766611877e-05, 0.000101633631857, 0.000101891804661, 7.47621816117e-05, 3.8797432353e-05, 2.82516739389e-05, 3.39957114193e-05, 4.89499616378e-05, 6.6422704549e-05, 5.17089101777e-05, 2.58735544776e-05, 2.55610993918e-05, 3.76099596906e-05, 3.15633988066e-05, 1.88333888218e-05, 1.68536898855e-05, 1.32922032208e-05, 1.0059377928e-05, 1.13362411867e-05, 2.29671950365e-05, 1.89355778275e-05, 1.36953640322e-05, 1.15596849355e-05, 1.27528810481e-05, 1.09989514385e-05, 8.79580147739e-06, 5.75680587644e-06, 6.2635708673e-06, 7.23103039491e-06, 6.50653646517e-06, 6.896405921e-06, 1.12005554911e-05, 1.1835976693e-05, 6.2069843807e-06, 3.15270312967e-06, 2.05733317671e-06, 1.82328415121e-06, 1.57960732849e-06, 1.4903690726e-06, 1.11329779884e-06, 1.07572236629e-06, 9.50308390202e-07, 1.0005680906e-06, 8.53110407206e-07, 9.62488911682e-07, 9.44472219544e-07, 8.16820488581e-07, 7.45372062738e-07, 8.45182967169e-07, 8.87629198587e-07, 8.912200542e-07, 8.97178267678e-07, 1.08372512386e-06, 1.06355469143e-06, 1.03318154743e-06, 9.35978391681e-07, 8.61833484578e-07, 9.09043535557e-07, 1.0027248436e-06, 7.94056006725e-07, 6.73242311677e-07, 6.6639626084e-07, 5.87635042848e-07, 5.95130302372e-07, 4.82493760501e-07, 3.91234493691e-07, 2.8203746183e-07, 2.44225617507e-07, 1.7210075498e-07, 1.51433823703e-07, 1.45209369862e-07, 1.20410689419e-07, 8.13026375113e-08, 7.75932207375e-08, 5.41549809441e-08, 4.11646716714e-08, 3.89361396458e-08, 3.23055999729e-08, 1.89948661244e-08, 2.26043850304e-09, 7.1437566973e-10, 2.55907101065e-10, 3.96712857009e-10, 5.69850347465e-11, 8.78821408007e-12, 8.82892890741e-12, 7.29247651848e-12, 7.13449178208e-12, 6.65317930956e-12, 6.46283243935e-12, 6.25776860885e-12, 5.80985476742e-12, 5.09120783726e-12, 4.70827283411e-12, 4.62833807738e-12],
        "min": [2.40040959332e-10, 5.41472755522e-10, 3.39914629777e-09, 1.53614614362e-08, 2.4913182628e-08, 3.7110737594e-08, 1.5930314845e-08, 4.97352132811e-08, 1.41541164567e-07, 6.65593233862e-08, 5.52723236069e-08, 4.14735410459e-08, 1.58259538807e-07, 4.60094156551e-07, 1.58350985657e-07, 5.43459464097e-08, 1.1049046833e-07, 8.52164347975e-08, 2.17067480435e-07, 6.12690840285e-08, 1.38875975608e-07, 5.77590064665e-08, 3.35312080324e-08, 3.42850796642e-08, 4.67501202195e-08, 1.16885537693e-07, 6.27454710411e-08, 1.95538820691e-08, 9.43063014347e-08, 2.80145648901e-08, 1.35396938106e-08, 5.54347678872e-08, 2.77833187567e-08, 3.42448487345e-08, 4.21655137472e-08, 5.84830850414e-08, 3.37223085012e-08, 2.49477665193e-08, 2.89832904343e-08, 1.51106327451e-08, 1.40849483188e-08, 4.8068757863e-09, 6.14302431146e-09, 5.10988407143e-09, 6.09048189659e-09, 3.79370934667e-09, 2.76590950143e-09, 2.76027312118e-09, 7.48262429795e-09, 3.9234264726e-09, 7.54596474195e-09, 2.68898370237e-09, 2.92105650779e-09, 5.06025621405e-09, 2.87278023592e-09, 3.04735037204e-09, 1.58511070936e-09, 9.15883757724e-10, 1.37740152617e-09, 8.03459299092e-10, 1.59301150049e-09, 1.46495826581e-09, 1.04206010487e-09, 1.23744892111e-09, 6.18093687343e-10, 1.22020638038e-09, 3.92126608961e-10, 5.46094225395e-10, 5.74936098729e-10, 4.43438424869e-10, 6.34953867262e-10, 4.78822814731e-10, 6.13907188973e-11, 3.17616627443e-10, 6.99069413468e-11, 1.67119998395e-10, 5.44023021076e-11, 8.03482835821e-11, 1.85236478933e-11, 3.42718561863e-11, 1.87696577031e-11, 3.68343411328e-11, 7.39726335741e-11, 5.47494792558e-11, 3.9048413808e-11, 4.72421581021e-11, 1.05063222011e-10, 1.00437873296e-10, 2.82076011854e-11, 3.41572811702e-11, 4.1310635468e-11, 5.79674502843e-11, 1.81129538451e-11, 1.89391627381e-11, 1.20322189712e-11, 3.39458214142e-12, 2.08096062083e-12, 1.43692761682e-12, 1.56586993805e-12, 1.07540896761e-12, 9.63116305458e-13, 1.50440521585e-12, 1.7064774073e-12, 1.72298742114e-12, 8.76528287886e-13, 1.07227378018e-12, 9.34654914228e-13, 7.39788005161e-13, 8.49291177749e-13, 7.55393523341e-13, 6.31792469903e-13, 5.21821789338e-13, 5.87783294259e-13, 5.84693047017e-13, 5.976300726e-13, 5.68861581104e-13, 5.953492907e-13, 4.97277674767e-13, 6.48865509933e-13, 6.45107231523e-13, 6.73488988103e-13, 6.79667585234e-13, 6.48407326095e-13, 6.6495371492e-13, 4.53558252154e-13, 1.9277480545e-13, 2.5911803424e-14, 8.01221276181e-16],
        "stdev": [0.000256644387264, 0.00141220586374, 0.00345415039919, 0.00312276883051, 0.00141266058199, 0.000964291219134, 0.00116478872951, 0.0013536924962, 0.00100700487383, 0.000838456326164, 0.000606830057222, 0.00033199833706, 0.000356985110557, 0.00036832439946, 0.000470828003017, 0.000695252558216, 0.000435387133621, 0.00050368194934, 0.000407871033531, 0.000624350795988, 0.000556715240236, 0.000583063228987, 0.000572786899284, 0.000412407709518, 0.000431407854194, 0.000349616078893, 0.00044624786824, 0.000489863276016, 0.000464071548777, 0.000417009141529, 0.000417740375269, 0.000280054664472, 0.000320486840792, 0.000263513153186, 0.000423810357461, 0.000480290560517, 0.000364106497727, 0.000164981349371, 8.43901798362e-05, 0.000134663772769, 0.000279346539173, 0.000341510225553, 0.000257735984633, 0.000155365065439, 0.000104877304693, 0.000182948992006, 0.000179251132067, 0.000122855271911, 0.000101662524685, 5.72110948269e-05, 6.06663561484e-05, 5.84701592743e-05, 9.14989796001e-05, 9.07917201403e-05, 7.07561994204e-05, 6.189620035e-05, 6.57426062389e-05, 3.69327935914e-05, 3.56374075636e-05, 1.9139422875e-05, 2.09030149563e-05, 3.06402180286e-05, 2.51297296927e-05, 2.67662289843e-05, 6.4482781454e-05, 6.4815802034e-05, 2.84189009108e-05, 9.95759910438e-06, 6.94613709129e-06, 6.80072889736e-06, 5.62605919185e-06, 5.86982423556e-06, 3.75266381525e-06, 3.4163044802e-06, 3.05344929075e-06, 3.90900413549e-06, 3.25527116729e-06, 4.27601025876e-06, 3.83496626455e-06, 2.97681685879e-06, 2.65262133325e-06, 3.51239509655e-06, 2.05687160815e-06, 2.18150285036e-06, 2.48764627031e-06, 3.12110296363e-06, 2.92018353321e-06, 3.05681032842e-06, 2.71492831416e-06, 2.70126088253e-06, 3.52290135197e-06, 5.0045377975e-06, 2.94058190775e-06, 2.67234304374e-06, 3.26089525515e-06, 3.06268702843e-06, 2.67334985438e-06, 2.18058835344e-06, 1.95011102733e-06, 1.52258928665e-06, 1.64193977525e-06, 9.68717586147e-07, 9.86744908005e-07, 9.69178927335e-07, 6.38189249003e-07, 3.80907636099e-07, 3.99807646545e-07, 2.34243202613e-07, 1.61857030889e-07, 2.22930680138e-07, 1.84140660053e-07, 1.12093459848e-07, 3.94276398197e-08, 1.74449414914e-08, 2.76960476775e-09, 4.16740952858e-09, 6.94730717399e-10, 1.37093836283e-10, 1.27946819806e-10, 1.19699597456e-10, 1.15596088257e-10, 1.10994095859e-10, 1.07237399516e-10, 1.04475719742e-10, 1.02443095673e-10, 1.0034306025e-10, 9.9239845508e-11, 9.84668041548e-11]
    },
    "mfcc": {
        "mean": [-725.263671875, 147.171508789, -1.72734332085, 2.27496361732, -1.2734310627, -2.68922901154, -14.482468605, 7.10952091217, -12.6601324081, -0.376241385937, -4.84595489502, -3.24039626122, -4.78866100311],
        "cov": [[8219.04492188, -2423.82788086, -392.045410156, 444.133453369, 236.225219727, 371.92010498, 205.738952637, 269.888336182, 5.36176490784, 94.7043380737, 47.545249939, -150.033538818, -121.564117432], [-2423.82788086, 1832.90356445, -148.241134644, -209.898757935, -101.181167603, -157.919464111, -5.3845911026, 1.41345572472, 21.886100769, 94.9247283936, 121.136917114, 120.268051147, 149.282211304], [-392.045410156, -148.241134644, 592.234985352, -28.0217571259, 61.6594200134, 6.41901397705, -89.7749099731, -13.4906845093, -6.20151042938, -79.0311431885, -94.3076553345, -0.964955329895, -29.0848674774], [444.133453369, -209.898757935, -28.0217571259, 392.369354248, 190.478561401, 51.5629386902, 16.7993469238, 9.56664657593, 53.4001655579, 16.3647594452, -5.35360908508, -35.117729187, 45.8454971313], [236.225219727, -101.181167603, 61.6594200134, 190.478561401, 303.691772461, 32.4862976074, -52.9515190125, 2.92420768738, 48.2467002869, 8.47385120392, -36.0404663086, -30.9446315765, 28.4959106445], [371.92010498, -157.919464111, 6.41901397705, 51.5629386902, 32.4862976074, 185.760437012, 75.0279769897, 16.5746898651, 11.9554233551, -8.5122461319, -5.27636289597, -11.4861707687, -32.4778175354], [205.738952637, -5.3845911026, -89.7749099731, 16.7993469238, -52.9515190125, 75.0279769897, 241.657073975, 22.4227809906, 33.4370918274, 26.1821708679, 47.6258583069, 26.8247585297, 2.19367098808], [269.888336182, 1.41345572472, -13.4906845093, 9.56664657593, 2.92420768738, 16.5746898651, 22.4227809906, 154.727203369, -13.3577575684, 8.88655757904, 17.0663509369, -11.7606124878, -7.82538604736], [5.36176490784, 21.886100769, -6.20151042938, 53.4001655579, 48.2467002869, 11.9554233551, 33.4370918274, -13.3577575684, 153.098052979, 57.3725509644, 10.6215314865, 17.5053462982, 16.6410007477], [94.7043380737, 94.9247283936, -79.0311431885, 16.3647594452, 8.47385120392, -8.5122461319, 26.1821708679, 8.88655757904, 57.3725509644, 145.153762817, 60.1798019409, 34.0846176147, 32.2009468079], [47.545249939, 121.136917114, -94.3076553345, -5.35360908508, -36.0404663086, -5.27636289597, 47.6258583069, 17.0663509369, 10.6215314865, 60.1798019409, 109.66468811, 38.2844429016, 36.3035430908], [-150.033538818, 120.268051147, -0.964955329895, -35.117729187, -30.9446315765, -11.4861707687, 26.8247585297, -11.7606124878, 17.5053462982, 34.0846176147, 38.2844429016, 113.332504272, 48.1612892151], [-121.564117432, 149.282211304, -29.0848674774, 45.8454971313, 28.4959106445, -32.4778175354, 2.19367098808, -7.82538604736, 16.6410007477, 32.2009468079, 36.3035430908, 48.1612892151, 127.780418396]],
        "icov": [[0.000275692669675, 0.000391851790482, 0.000218982691877, 3.39289108524e-05, -0.00014394147729, -0.000201315415325, -2.66538390861e-05, -0.000400382239604, 6.76459821989e-05, -0.000219866080442, -0.000208798475796, 3.9501072024e-05, -0.000109937711386], [0.000391851790482, 0.00128920888528, 0.000423551886342, 0.000523429713212, -0.000287510018097, 7.73558567744e-05, -1.30944281409e-05, -0.000654342526104, -4.92785729875e-05, -0.000350635993527, -0.00066678924486, -0.000118712057883, -0.000851854507346], [0.000218982691877, 0.000423551886342, 0.00234663486481, 0.00038834521547, -0.000548838055693, -0.000323538784869, 0.000545364688151, -0.000490317761432, -0.000277953658951, 0.000614396820311, 0.0011196648702, -0.000908164947759, 1.46325173773e-05], [3.39289108524e-05, 0.000523429713212, 0.00038834521547, 0.00452543282881, -0.00242047710344, -0.00047537550563, -0.000526256335434, -0.000158196548, -0.000692636298481, 0.000129612977616, -0.000409810309066, 0.00136624567676, -0.0020371589344], [-0.00014394147729, -0.000287510018097, -0.000548838055693, -0.00242047710344, 0.00585401011631, -0.000935697986279, 0.00149942282587, -0.00010098463099, -0.00111532304436, -0.000538528664038, 0.00152247783262, 0.000775508233346, -0.00107666524127], [-0.000201315415325, 7.73558567744e-05, -0.000323538784869, -0.00047537550563, -0.000935697986279, 0.007511486765, -0.00248642778024, -3.99271157221e-05, 2.48590786214e-05, 0.000540840730537, 3.38888457918e-05, -0.00043047987856, 0.00198620650917], [-2.66538390861e-05, -1.30944281409e-05, 0.000545364688151, -0.000526256335434, 0.00149942282587, -0.00248642778024, 0.00610657129437, -0.000572738354094, -0.0014300129842, 0.000498734822031, -0.00153896957636, -0.00096041301731, 5.63934081583e-05], [-0.000400382239604, -0.000654342526104, -0.000490317761432, -0.000158196548, -0.00010098463099, -3.99271157221e-05, -0.000572738354094, 0.00753908930346, 0.000937249453273, -0.000244081616984, -0.00101469655056, 0.000984417274594, 0.000669305329211], [6.76459821989e-05, -4.92785729875e-05, -0.000277953658951, -0.000692636298481, -0.00111532304436, 2.48590786214e-05, -0.0014300129842, 0.000937249453273, 0.00886762607843, -0.00372007861733, 0.00118305895012, -0.00075072637992, 0.000373618910089], [-0.000219866080442, -0.000350635993527, 0.000614396820311, 0.000129612977616, -0.000538528664038, 0.000540840730537, 0.000498734822031, -0.000244081616984, -0.00372007861733, 0.0112977437675, -0.00468099955469, -0.00135332776699, 5.26790563526e-06], [-0.000208798475796, -0.00066678924486, 0.0011196648702, -0.000409810309066, 0.00152247783262, 3.38888457918e-05, -0.00153896957636, -0.00101469655056, 0.00118305895012, -0.00468099955469, 0.0161821451038, -0.00237336242571, -0.00206179614179], [3.9501072024e-05, -0.000118712057883, -0.000908164947759, 0.00136624567676, 0.000775508233346, -0.00043047987856, -0.00096041301731, 0.000984417274594, -0.00075072637992, -0.00135332776699, -0.00237336242571, 0.0131876133382, -0.00458361208439], [-0.000109937711386, -0.000851854507346, 1.46325173773e-05, -0.0020371589344, -0.00107666524127, 0.00198620650917, 5.63934081583e-05, 0.000669305329211, 0.000373618910089, 5.26790563526e-06, -0.00206179614179, -0.00458361208439, 0.0124991033226]]
    },
    "spectral_contrast_coeffs": {
        "max": [-0.387185931206, -0.516140341759, -0.527096986771, -0.60965681076, -0.591558396816, -0.501491367817],
        "mean": [-0.679367899895, -0.741267681122, -0.770028531551, -0.799072027206, -0.79246544838, -0.758853375912],
        "min": [-0.886484086514, -0.950652003288, -0.930277526379, -0.90825176239, -0.891497254372, -0.875521183014],
        "stdev": [0.0867162719369, 0.0692372247577, 0.0656338185072, 0.0473039411008, 0.0480380617082, 0.0474499240518]
    },
    "spectral_contrast_valleys": {
        "max": [-5.02924633026, -5.10619878769, -5.19694042206, -5.92196941376, -6.12148571014, -7.83702468872],
        "mean": [-7.56921863556, -7.05634403229, -7.73958683014, -8.25493431091, -8.7198677063, -11.6367254257],
        "min": [-10.1802396774, -9.56209850311, -9.59762763977, -10.488699913, -11.0654811859, -14.6630239487],
        "stdev": [0.868641853333, 0.645841240883, 0.745035886765, 0.898447751999, 1.08255398273, 1.22046101093]
    }
},
"rhythm": {
    "beats_count": 100,
    "beats_loudness": {
        "max": 0.08808401227,
        "mean": 0.0142897665501,
        "min": 0.000398158590542,
        "stdev": 0.0157174393535
    },
    "bpm": 105.915992737,
    "bpm_histogram_first_peak_bpm": 105,
    "bpm_histogram_first_peak_weight": 0.37777775526,
    "bpm_histogram_second_peak_bpm": 144,
    "bpm_histogram_second_peak_spread": 0.318181872368,
    "bpm_histogram_second_peak_weight": 0.151515156031,
    "danceability": 0.95309984684,
    "onset_rate": 2.666015625,
    "beats_loudness_band_ratio": {
        "max": [0.933917582035, 0.604605734348, 0.927134692669, 0.758153855801, 0.54340928793, 0.912272036076],
        "mean": [0.315653383732, 0.224889948964, 0.271353513002, 0.128930687904, 0.0664743185043, 0.0420559234917],
        "min": [0.00329081784002, 0.014672530815, 0.0159474760294, 0.00418840767816, 0.0015259636566, 0.000124743528431],
        "stdev": [0.265718668699, 0.153999134898, 0.228847488761, 0.160613924265, 0.100233055651, 0.109481111169]
    },
