{
"metadata": {
    "version": {
        "essentia": "2.1-beta5",
        "essentia_git_sha": "Undefined",
        "extractor": "music 2.0"
    },
    "audio_properties": {
        "analysis": {
            "equal_loudness": 0,
            "length": 12.7477550507,
            "sample_rate": 44100,
            "start_time": 0,
            "downmix": "mix"
        },
        "bit_rate": 192000,
        "length": 192.040649414,
        "lossless": 0,
        "number_channels": 2,
        "replay_gain": -0.100555419922,
        "sample_rate": 48000,
        "codec": "mp3",
        "md5_encoded": "6eaf3fff2d1e004c6ec6202a576a397e"
    },
    "tags": {
        "file_name": "Montenegro_Adio_Knez.mp3",
        "encoding": ["Lavf58.29.100"]
    }
},
"lowlevel": {
    "average_loudness": 0.127892255783,
    "barkbands_crest": {
        "max": 25.7264938354,
        "mean": 10.4458332062,
        "min": 2.96780896187,
        "stdev": 6.47943639755
    },
    "barkbands_flatness_db": {
        "max": 0.396402239799,
        "mean": 0.177913308144,
        "min": 0.0649989768863,
        "stdev": 0.0695494115353
    },
    "barkbands_kurtosis": {
        "max": 55.1914749146,
        "mean": 4.27417898178,
        "min": -1.67815792561,
        "stdev": 8.10947990417
    },
    "barkbands_skewness": {
        "max": 6.95241308212,
        "mean": 1.33559429646,
        "min": -1.95613884926,
        "stdev": 1.42715299129
    },
    "barkbands_spread": {
        "max": 41.5639381409,
        "mean": 12.519739151,
        "min": 1.98808240891,
        "stdev": 7.32222557068
    },
    "dissonance": {
        "max": 0.499998688698,
        "mean": 0.466172546148,
        "min": 0.28789550066,
        "stdev": 0.0418799333274
    },
    "dynamic_complexity": 6.77865123749,
    "erbbands_crest": {
        "max": 27.7642211914,
        "mean": 10.5025596619,
        "min": 2.99312925339,
        "stdev": 5.81625699997
    },
    "erbbands_flatness_db": {
        "max": 0.360677212477,
        "mean": 0.24131269753,
        "min": 0.0916691347957,
        "stdev": 0.0418852008879
    },
    "erbbands_kurtosis": {
        "max": 15.8718395233,
        "mean": 1.3759932518,
        "min": -1.81669402122,
        "stdev": 2.16755390167
    },
    "erbbands_skewness": {
        "max": 3.815076828,
        "mean": 0.801336586475,
        "min": -1.69107103348,
        "stdev": 0.73391187191
    },
    "erbbands_spread": {
        "max": 71.1580886841,
        "mean": 19.6654052734,
        "min": 8.06478404999,
        "stdev": 7.40292692184
    },
    "hfc": {
        "max": 94.9819793701,
        "mean": 11.6103782654,
        "min": 1.24441779271e-16,
        "stdev": 19.2684631348
    },
    "loudness_ebu128": {
        "integrated": -25.0758419037,
        "loudness_range": 14.1457920074,
        "momentary": {
            "max": -18.3507232666,
            "mean": -30.9201488495,
            "min": -42.7083969116,
            "stdev": 6.6699256897
        },
        "short_term": {
            "max": -21.0403156281,
            "mean": -30.7719364166,
            "min": -36.3038253784,
            "stdev": 5.07034730911
        }
    },
    "melbands_crest": {
        "max": 33.468334198,
        "mean": 14.2521524429,
        "min": 1.85111105442,
        "stdev": 8.93051147461
    },
    "melbands_flatness_db": {
        "max": 0.414894968271,
        "mean": 0.176131233573,
        "min": 0.00445791659877,
        "stdev": 0.0865616649389
    },
    "melbands_kurtosis": {
        "max": 105.444274902,
        "mean": 9.60724449158,
        "min": -1.58746004105,
        "stdev": 16.7857952118
    },
    "melbands_skewness": {
        "max": 8.68764781952,
        "mean": 1.93114078045,
        "min": -0.626165986061,
        "stdev": 1.84375035763
    },
    "melbands_spread": {
        "max": 137.513290405,
        "mean": 20.3290119171,
        "min": 1.98498809338,
        "stdev": 14.4000320435
    },
    "pitch_salience": {
        "max": 0.844531536102,
        "mean": 0.597688913345,
        "min": 0.142031058669,
        "stdev": 0.194701254368
    },
    "silence_rate_20dB": {
        "max": 1,
        "mean": 1,
        "min": 1,
        "stdev": 0
    },
    "silence_rate_30dB": {
        "max": 1,
        "mean": 1,
        "min": 1,
        "stdev": 0
    },
    "silence_rate_60dB": {
        "max": 1,
        "mean": 0.572727262974,
        "min": 0,
        "stdev": 0.494683384895
    },
    "spectral_centroid": {
        "max": 11182.6748047,
        "mean": 1616.42553711,
        "min": 384.184783936,
        "stdev": 877.478942871
    },
    "spectral_complexity": {
        "max": 59,
        "mean": 14.3163633347,
        "min": 0,
        "stdev": 15.2518119812
    },
    "spectral_decrease": {
        "max": 1.84624122256e-28,
        "mean": -1.77205927709e-09,
        "min": -1.41045317648e-08,
        "stdev": 2.64792188176e-09
    },
    "spectral_energy": {
        "max": 0.0552173368633,
        "mean": 0.00774125382304,
        "min": 1.08471021002e-20,
        "stdev": 0.0116005558521
    },
    "spectral_energyband_high": {
        "max": 0.00532620307058,
        "mean": 0.000387399137253,
        "min": 8.03498770889e-21,
        "stdev": 0.000835035985801
    },
    "spectral_energyband_low": {
        "max": 0.043242815882,
        "mean": 0.000798339489847,
        "min": 3.66021804365e-23,
        "stdev": 0.00382684334181
    },
    "spectral_energyband_middle_high": {
        "max": 0.0354346334934,
        "mean": 0.00488419225439,
        "min": 1.51049379668e-21,
        "stdev": 0.00775951333344
    },
    "spectral_energyband_middle_low": {
        "max": 0.017540326342,
        "mean": 0.00178229180165,
        "min": 2.50854284251e-22,
        "stdev": 0.00258267205209
    },
    "spectral_entropy": {
        "max": 9.80707836151,
        "mean": 7.4958691597,
        "min": 5.39236211777,
        "stdev": 0.691866874695
    },
    "spectral_flux": {
        "max": 0.161189451814,
        "mean": 0.0411916486919,
        "min": 7.10748820909e-11,
        "stdev": 0.039134696126
    },
    "spectral_kurtosis": {
        "max": 19.6935958862,
        "mean": 5.6948800087,
        "min": -1.23355400562,
        "stdev": 2.39762783051
    },
    "spectral_rms": {
        "max": 0.00733965728432,
        "mean": 0.00212700478733,
        "min": 3.25308139801e-12,
        "stdev": 0.00174019916449
    },
    "spectral_rolloff": {
        "max": 19315.2832031,
        "mean": 1895.11853027,
        "min": 301.46484375,
        "stdev": 1490.52392578
    },
    "spectral_skewness": {
        "max": 3.28582239151,
        "mean": 1.75955927372,
        "min": -0.0560823865235,
        "stdev": 0.373149931431
    },
    "spectral_spread": {
        "max": 40937764,
        "mean": 3679372.25,
        "min": 2366237.5,
        "stdev": 2300605.75
    },
    "spectral_strongpeak": {
        "max": 4.85900974274,
        "mean": 0.652381777763,
        "min": 0,
        "stdev": 0.598814725876
    },
    "zerocrossingrate": {
        "max": 0.63818359375,
        "mean": 0.0730175748467,
        "min": 0.0166015625,
        "stdev": 0.0507287606597
    },
    "barkbands": {
        "max": [0.0023148804903, 0.0399434939027, 0.00451727164909, 0.000465915654786, 0.00520058022812, 0.0033847973682, 0.00150318071246, 0.00305628916249, 0.0122232846916, 0.00878483429551, 0.00849987752736, 0.00812772475183, 0.00627969484776, 0.00696290889755, 0.00652986345813, 0.0053191636689, 0.00430265394971, 0.00619731005281, 0.00481025595218, 0.00318019161932, 0.00256579206325, 0.00104249292053, 0.000438644667156, 0.00025966350222, 0.000185496814083, 8.39378262754e-05, 7.35106141292e-07],
        "mean": [2.75886995951e-05, 0.000678315176629, 8.82650565472e-05, 9.20723778108e-06, 0.000114902679343, 0.000174302200321, 0.000153149565449, 0.000268605101155, 0.000827335286885, 0.00062498083571, 0.000460177107016, 0.000737705035135, 0.000591739022639, 0.000533443060704, 0.000612942036241, 0.000512266124133, 0.000340394472005, 0.000285430869553, 0.000222722577746, 0.000171864201548, 0.000139976938954, 8.60832224134e-05, 4.22283847001e-05, 1.6327801859e-05, 1.50702844621e-05, 6.23182495474e-06, 2.65994781756e-09],
        "min": [1.09470701134e-23, 2.18680462858e-23, 3.56723137999e-24, 5.78561434727e-24, 1.21862151899e-23, 1.53206096353e-23, 2.69938419891e-23, 1.41405257859e-23, 3.28948244828e-23, 6.63780950246e-23, 5.37676485837e-23, 5.11184075394e-23, 5.64244058947e-23, 4.58174074067e-23, 7.99633905287e-23, 1.37018298235e-22, 2.32279399345e-22, 1.58144169982e-22, 1.96501565932e-22, 3.12052220011e-22, 3.09620433209e-22, 3.03436697723e-22, 5.28333595929e-22, 8.14774216029e-22, 1.16591218411e-21, 1.95974213048e-21, 2.72391444092e-21],
        "stdev": [0.000163314456586, 0.00338954548351, 0.000442409567768, 4.0575316234e-05, 0.000440600153524, 0.000404485937906, 0.000238628665102, 0.000476720859297, 0.00170798727777, 0.00140742398798, 0.000966964755207, 0.00120593374595, 0.00099192885682, 0.000837211613543, 0.00100305082742, 0.000819226785097, 0.000621723069344, 0.00066167791374, 0.000581784406677, 0.000449380575446, 0.000367211265257, 0.000177091584192, 6.86704152031e-05, 2.30323203141e-05, 2.05308751902e-05, 8.48109721119e-06, 3.16560964109e-08]
    },
    "erbbands": {
        "max": [1.08028042316, 8.98010540009, 6.71395492554, 1.95877158642, 1.35687291622, 12.7991266251, 46.5079612732, 40.3916625977, 23.5727024078, 35.1289253235, 86.8688201904, 241.668212891, 397.75579834, 302.276916504, 366.523956299, 286.369384766, 276.596191406, 362.581817627, 269.616699219, 291.013061523, 325.611602783, 239.197998047, 280.43057251, 272.8125, 186.491531372, 138.297332764, 145.665390015, 95.1754455566, 43.5484161377, 27.9605731964, 12.542889595, 8.11879634857, 2.66098451614, 1.92216217518, 1.3271894455, 0.638441562653, 0.0820585861802, 0.00628973823041, 0.000117882642371, 7.44537173887e-05],
        "mean": [0.0223331227899, 0.1382997334, 0.148515075445, 0.0483390316367, 0.0426087081432, 0.301675498486, 1.28453540802, 1.60999429226, 2.1195743084, 2.81304836273, 8.51303100586, 16.6936378479, 23.5523014069, 18.0511207581, 23.9557380676, 29.2121086121, 25.826839447, 29.5496730804, 29.5269966125, 29.9749755859, 27.6061553955, 19.6955032349, 16.7224712372, 12.0322685242, 10.2960672379, 7.98963356018, 6.25145053864, 4.88508796692, 3.25721001625, 2.02524328232, 1.07361662388, 0.449124187231, 0.238305613399, 0.173399910331, 0.102639399469, 0.0463137663901, 0.00727065233514, 0.000187980505871, 1.24137623061e-05, 1.09290549517e-05],
        "min": [6.75113120166e-22, 4.40898939108e-21, 7.67803665635e-21, 1.31029738802e-20, 1.75759094217e-20, 5.57839619113e-20, 6.48028543017e-20, 1.91637688799e-19, 2.85435472468e-19, 6.11464368207e-19, 4.54615052539e-19, 7.98385369756e-19, 1.84907809373e-18, 1.4665124371e-18, 2.37033919163e-18, 2.16082799095e-18, 2.57563735465e-18, 2.47510947442e-18, 3.98207600656e-18, 4.23092874435e-18, 1.04555927212e-17, 1.22914927938e-17, 8.11953871837e-18, 9.23307933282e-18, 1.10771866915e-17, 1.24561927255e-17, 1.04517645293e-17, 1.14732722016e-17, 1.01524136559e-17, 1.57951610348e-17, 1.32928958413e-17, 1.62665315613e-17, 1.49630620064e-17, 1.24500169951e-17, 7.90220197551e-18, 6.72699835511e-18, 3.59173237063e-18, 1.2547496508e-18, 3.46582369408e-19, 4.26710069338e-20],
        "stdev": [0.11471350491, 0.710364341736, 0.710259139538, 0.209836363792, 0.111138857901, 1.06762599945, 4.57496786118, 4.27340221405, 3.28245854378, 4.35979557037, 14.6832075119, 32.5982208252, 56.1117515564, 39.8182868958, 43.7449493408, 48.7061920166, 41.9214744568, 47.8597869873, 45.3552780151, 46.1958427429, 46.0421104431, 35.2256660461, 36.9004707336, 31.0835762024, 26.8156642914, 20.7075767517, 16.8638496399, 12.1457157135, 6.93922948837, 3.75940108299, 1.70382905006, 0.683016836643, 0.318720340729, 0.236697480083, 0.143722131848, 0.0629297196865, 0.0103839309886, 0.00042163208127, 1.75696495717e-05, 1.62949272635e-05]
    },
    "gfcc": {
        "mean": [-142.586791992, 41.9498138428, -196.188613892, -8.86741828918, -87.1649551392, 7.4129948616, -47.6864509583, 4.65753555298, -23.9007606506, 7.62573575974, -10.7909755707, 4.36870527267, -5.3999247551],
        "cov": [[19526.8007812, -1542.94848633, -1589.98608398, 952.13470459, 1391.20727539, 2313.51855469, 938.87512207, 1524.72094727, 119.030883789, 167.112228394, -1642.71862793, -155.716903687, -520.411804199], [-1542.94848633, 1243.27392578, 513.768493652, 126.127006531, -224.384811401, -466.007110596, -44.7196578979, -316.296813965, -15.9968214035, -78.0095901489, 524.243896484, 82.1820068359, 248.077178955], [-1589.98608398, 513.768493652, 631.440185547, 175.844909668, 106.211685181, -106.896835327, 72.8856124878, -59.0664329529, 24.7356796265, 1.85399746895, 203.027618408, 45.7755012512, 77.4883346558], [952.13470459, 126.127006531, 175.844909668, 310.268188477, 221.399246216, 173.209472656, 184.745834351, 143.262512207, 48.5523681641, 5.30562067032, -31.9456748962, -3.31692838669, 4.21346235275], [1391.20727539, -224.384811401, 106.211685181, 221.399246216, 484.193817139, 483.568359375, 221.460281372, 286.711242676, 80.7523956299, 36.2339744568, -286.397369385, -34.6327629089, -105.988105774], [2313.51855469, -466.007110596, -106.896835327, 173.209472656, 483.568359375, 659.634033203, 220.941192627, 373.955413818, 104.032402039, 60.2922058105, -422.892852783, -64.3582458496, -158.060470581], [938.87512207, -44.7196578979, 72.8856124878, 184.745834351, 221.460281372, 220.941192627, 236.137084961, 206.705215454, 77.3038024902, 33.4031715393, -101.984672546, -11.8347091675, -27.4301986694], [1524.72094727, -316.296813965, -59.0664329529, 143.262512207, 286.711242676, 373.955413818, 206.705215454, 381.336853027, 151.960678101, 84.7295303345, -286.358428955, -50.5005912781, -138.566360474], [119.030883789, -15.9968214035, 24.7356796265, 48.5523681641, 80.7523956299, 104.032402039, 77.3038024902, 151.960678101, 163.84753418, 69.7225341797, -46.4415626526, -22.3515663147, -41.9579925537], [167.112228394, -78.0095901489, 1.85399746895, 5.30562067032, 36.2339744568, 60.2922058105, 33.4031715393, 84.7295303345, 69.7225341797, 93.3722839355, -23.3064460754, -1.4424932003, -39.8762893677], [-1642.71862793, 524.243896484, 203.027618408, -31.9456748962, -286.397369385, -422.892852783, -101.984672546, -286.358428955, -46.4415626526, -23.3064460754, 446.435241699, 83.1073226929, 175.411727905], [-155.716903687, 82.1820068359, 45.7755012512, -3.31692838669, -34.6327629089, -64.3582458496, -11.8347091675, -50.5005912781, -22.3515663147, -1.4424932003, 83.1073226929, 56.4532012939, 42.0338287354], [-520.411804199, 248.077178955, 77.4883346558, 4.21346235275, -105.988105774, -158.060470581, -27.4301986694, -138.566360474, -41.9579925537, -39.8762893677, 175.411727905, 42.0338287354, 125.294670105]],
        "icov": [[0.000270760356216, -0.000518551445566, 0.000987212406471, -0.000826681265607, 0.000291931413813, -0.00069032330066, -3.69731787941e-05, -0.000570750387851, 0.000997805269435, -0.000635123404209, 0.000442155695055, -0.000813613238279, 9.13079056772e-05], [-0.000518551445566, 0.0036003193818, -0.00311060855165, 0.000559731037356, -0.000112075766083, 0.00142361409962, 0.000240384353674, 0.00167283869814, -0.0034392667003, 0.00284930691123, -0.00228412821889, 0.00222527212463, -0.00156724383123], [0.000987212406471, -0.00311060855165, 0.00776077248156, -0.00349566526711, -0.00344410981052, 0.000204597788979, -2.74935373454e-05, -0.00170117407106, 0.00360492942855, -0.00362883158959, 0.000729291175958, -0.00325524364598, 0.00115780974738], [-0.000826681265607, 0.000559731037356, -0.00349566526711, 0.0114921936765, -0.0036055939272, 0.00177791900933, -0.00319173838943, -0.00168475159444, -0.000771087710746, 0.00338139920495, -0.00398770533502, 0.00467534177005, -0.00130331981927], [0.000291931413813, -0.000112075766083, -0.00344410981052, -0.0036055939272, 0.0171683002263, -0.0109705142677, -0.00355152669363, 0.00185001362115, 0.000284010922769, 0.00160148786381, 0.00314529961906, -0.00447998940945, 0.00334193394519], [-0.00069032330066, 0.00142361409962, 0.000204597788979, 0.00177791900933, -0.0109705142677, 0.0141434473917, 0.000744801131077, -3.36958109983e-05, -0.00297748507001, -0.00128030520864, 0.00278524588794, 0.00269608502276, -0.00339281489141], [-3.69731787941e-05, 0.000240384353674, -2.74935373454e-05, -0.00319173838943, -0.00355152669363, 0.000744801131077, 0.0157644208521, -0.00966357253492, 0.00179134693462, -0.000215361549635, -0.00240816152655, 0.00180957978591, -0.00651015387848], [-0.000570750387851, 0.00167283869814, -0.00170117407106, -0.00168475159444, 0.00185001362115, -3.36958109983e-05, -0.00966357253492, 0.023157870397, -0.0124347833917, -0.00157166889403, 0.0066609014757, -0.00335553335026, 0.00757987285033], [0.000997805269435, -0.0034392667003, 0.00360492942855, -0.000771087710746, 0.000284010922769, -0.00297748507001, 0.00179134693462, -0.0124347833917, 0.0201556887478, -0.00864112656564, -0.00248953863047, 0.00363042345271, -0.00185829633847], [-0.000635123404209, 0.00284930691123, -0.00362883158959, 0.00338139920495, 0.00160148786381, -0.00128030520864, -0.000215361549635, -0.00157166889403, -0.00864112656564, 0.0234716851264, -0.00701198540628, -0.00240064994432, 0.00700387731194], [0.000442155695055, -0.00228412821889, 0.000729291175958, -0.00398770533502, 0.00314529961906, 0.00278524588794, -0.00240816152655, 0.0066609014757, -0.00248953863047, -0.00701198540628, 0.0174679402262, -0.00839747861028, -0.00564761133865], [-0.000813613238279, 0.00222527212463, -0.00325524364598, 0.00467534177005, -0.00447998940945, 0.00269608502276, 0.00180957978591, -0.00335553335026, 0.00363042345271, -0.00240064994432, -0.00839747861028, 0.0328814350069, -0.00845556613058], [9.13079056772e-05, -0.00156724383123, 0.00115780974738, -0.00130331981927, 0.00334193394519, -0.00339281489141, -0.00651015387848, 0.00757987285033, -0.00185829633847, 0.00700387731194, -0.00564761133865, -0.00845556613058, 0.0286457594484]]
    },
    "melbands": {
        "max": [0.010796056129, 0.00630579981953, 0.000315771874739, 0.00034282868728, 0.00159835629165, 0.000803754024673, 0.000353724404704, 0.000379540811991, 0.000721411197446, 0.0017832837766, 0.00195931969211, 0.00129985949025, 0.00134206283838, 0.00106239737943, 0.000567922776099, 0.000552953861188, 0.000714408408385, 0.000396036106395, 0.000577584491111, 0.000419436488301, 0.000432907108916, 0.000235772749875, 0.000270155142061, 0.000236949912505, 0.000226300529903, 0.000173870692379, 0.000128747924464, 8.59052015585e-05, 0.000119528078358, 6.3768675318e-05, 5.61455490242e-05, 2.95446679957e-05, 1.86243778444e-05, 1.29680583996e-05, 7.47787726141e-06, 6.51516302241e-06, 4.14756823375e-06, 1.82904602752e-06, 1.49693596541e-06, 1.70042903846e-06],
        "mean": [0.00019559757493, 0.000109498127131, 8.4125340436e-06, 9.72565339907e-06, 4.04452985094e-05, 3.4209133446e-05, 3.32314557454e-05, 3.23231543007e-05, 7.7315409726e-05, 0.000114223861601, 0.00011654663831, 7.13959234417e-05, 7.10386157152e-05, 8.98427606444e-05, 5.77821447223e-05, 6.11634022789e-05, 5.23769886058e-05, 4.49757280876e-05, 4.77744833915e-05, 3.49200709024e-05, 3.16016412398e-05, 2.03426698135e-05, 1.82548283192e-05, 1.16208202599e-05, 9.55044106377e-06, 8.3975146481e-06, 6.66352707412e-06, 4.88514388053e-06, 4.05667242376e-06, 3.18159868584e-06, 2.74245030596e-06, 1.96345717995e-06, 1.38418840834e-06, 1.01170167e-06, 6.67704398438e-07, 3.97997155233e-07, 2.19944425339e-07, 1.62060302955e-07, 1.57128738465e-07, 1.4325290465e-07],
        "min": [6.50140267241e-24, 4.95778134674e-24, 2.19589609274e-24, 2.32603940665e-24, 2.55486093677e-24, 4.00663045407e-24, 4.41265873971e-24, 7.13796609126e-24, 3.98657563771e-24, 4.78188981957e-24, 9.67463589556e-24, 6.17434330768e-24, 7.94151085338e-24, 7.34047772969e-24, 4.86237138127e-24, 5.31401791534e-24, 4.40575384021e-24, 5.83647930957e-24, 5.29126756126e-24, 7.05133102007e-24, 1.34802350087e-23, 1.39407167849e-23, 5.74369506762e-24, 8.70346529084e-24, 6.89920234994e-24, 8.86417597876e-24, 7.450620067e-24, 5.11391979685e-24, 5.38461071116e-24, 6.87545290353e-24, 6.78353561971e-24, 5.34169155032e-24, 6.16061121148e-24, 8.90915446099e-24, 6.70300159876e-24, 9.48234631675e-24, 1.06641293725e-23, 1.08673596632e-23, 9.92296299764e-24, 1.07973522022e-23],
        "stdev": [0.000983221339993, 0.000526475894731, 3.46158485627e-05, 2.89148465527e-05, 0.000148283477756, 8.6381987785e-05, 4.87807919853e-05, 4.84933589178e-05, 0.000133959838422, 0.000233143320656, 0.000278096558759, 0.00016125649563, 0.000143720419146, 0.000143814046169, 9.92916538962e-05, 0.000102810197859, 8.56440819916e-05, 6.80051889503e-05, 8.07169781183e-05, 5.52794772375e-05, 5.50596560061e-05, 3.60710255336e-05, 3.92381080019e-05, 2.68724597845e-05, 2.57119809248e-05, 2.20628480747e-05, 1.78934169526e-05, 1.2691093616e-05, 1.14601480163e-05, 8.30965018395e-06, 6.82035579302e-06, 4.30529553341e-06, 2.74856938631e-06, 1.80887798251e-06, 1.06789673282e-06, 6.68914765356e-07, 3.33309344569e-07, 2.21498424935e-07, 2.1346063761e-07, 2.02307660402e-07]
    },
    "melbands128": {
        "max": [0.00230108690448, 0.00914745777845, 0.0173522606492, 0.0142043558881, 0.00529790762812, 0.0015278221108, 0.000466793077067, 0.000254325917922, 0.000136457485496, 9.67201776803e-05, 0.000459512637462, 0.00246899412014, 0.00211814348586, 0.00044537440408, 0.000930440030061, 0.00143284793012, 0.000388446234865, 0.000674713170156, 0.00031028225203, 0.00068917137105, 0.000419069343479, 0.000861453940161, 0.00119923905004, 0.00109169667121, 0.00139640842099, 0.0031605726108, 0.00453093042597, 0.00224062800407, 0.00194049219135, 0.00182710227091, 0.00200860179029, 0.00130179023836, 0.0023525909055, 0.00125042453874, 0.00167832220905, 0.00117307971232, 0.00120474828873, 0.000853952311445, 0.00109010562301, 0.000644501822535, 0.000923996791244, 0.0011828688439, 0.000760851660743, 0.000789796409663, 0.000447033380624, 0.000524069822859, 0.000858840183355, 0.00117279577535, 0.000516280881129, 0.000513292325195, 0.000421282922616, 0.000552401004825, 0.000409651343944, 0.000818536966108, 0.000331465736963, 0.000216107466258, 0.000261048175162, 0.000366909836885, 0.000439530500444, 0.00036659091711, 0.00026434258325, 0.000177474896191, 0.000444622972282, 0.000242646405241, 0.000387040054193, 0.000181136711035, 0.000218320637941, 0.000186995399417, 0.000191451981664, 0.000177291920409, 0.000104867278424, 9.67943633441e-05, 9.28071021917e-05, 0.000200972266612, 8.1269776274e-05, 0.000109779277409, 7.05719285179e-05, 6.0702823248e-05, 6.91932073096e-05, 4.17394985561e-05, 5.20532885275e-05, 2.50918365055e-05, 2.32571601373e-05, 2.27616492339e-05, 2.47641437454e-05, 2.58067884715e-05, 1.36328408189e-05, 1.13474889076e-05, 9.50223420659e-06, 8.5138999566e-06, 7.87349199527e-06, 6.2482681642e-06, 6.28973020866e-06, 5.20771345691e-06, 2.3143263661e-06, 2.63647166321e-06, 2.17149954551e-06, 1.65620974713e-06, 1.74624562987e-06, 1.57376177867e-06, 1.67678990692e-06, 1.88022011116e-06, 2.44577017838e-06, 2.27196164815e-06, 1.18004413707e-06, 1.55660131895e-06, 2.46270224125e-06, 1.90175273929e-06, 9.02131660041e-07, 8.79081994754e-07, 1.06050401882e-06, 4.72305885069e-07, 3.9725856027e-07, 3.16085333907e-07, 2.22903977942e-07, 3.40618271366e-08, 2.91657968887e-08, 2.20812659824e-10, 2.20658574746e-10, 2.15430798201e-10, 2.11611464462e-10, 2.05611791482e-10, 2.00851640875e-10, 1.94562185807e-10, 1.82386133973e-10, 1.85581758294e-10, 1.82983475594e-10, 1.82382206559e-10],
        "mean": [2.64260070253e-05, 0.000172655491042, 0.000284201203613, 0.000211121703614, 0.00010251657659, 3.25317596435e-05, 8.13006954559e-06, 4.18199761043e-06, 3.60052058568e-06, 3.78316826755e-06, 1.14157837743e-05, 4.92089602631e-05, 5.68609357288e-05, 1.73981588887e-05, 3.18409911415e-05, 5.08216835442e-05, 2.66600127361e-05, 3.78757176804e-05, 2.65121052507e-05, 3.0927334592e-05, 2.95403060591e-05, 5.29514436494e-05, 9.23641346162e-05, 8.67453054525e-05, 0.00010249040497, 0.00011044202256, 0.000173239328433, 0.0001132634643, 7.85899246694e-05, 8.10678175185e-05, 6.43363237032e-05, 6.09979651927e-05, 6.73443937558e-05, 7.93390718172e-05, 9.41162652452e-05, 0.000102454258013, 7.02336765244e-05, 5.0200997066e-05, 5.4914962675e-05, 5.32283338543e-05, 5.75171870878e-05, 8.360161155e-05, 4.71901948913e-05, 4.39300929429e-05, 4.12943700212e-05, 4.26100195909e-05, 4.92982435389e-05, 5.97526995989e-05, 3.89183442167e-05, 3.85386520065e-05, 3.27094894601e-05, 3.31452101818e-05, 3.5078421206e-05, 3.18516867992e-05, 2.26470619964e-05, 1.94593776541e-05, 1.75829663931e-05, 1.76991070475e-05, 2.03086583497e-05, 1.58137372637e-05, 1.07691585072e-05, 8.56653332448e-06, 9.23260267882e-06, 9.12661198527e-06, 1.16701812658e-05, 8.32395289763e-06, 6.7553687586e-06, 6.62706543153e-06, 7.34033756089e-06, 5.45918965145e-06, 5.0707731134e-06, 4.58347312815e-06, 3.89487968278e-06, 4.32631031799e-06, 3.64457810065e-06, 3.24767256643e-06, 2.97416636386e-06, 2.81530424218e-06, 2.94080928143e-06, 2.3155123472e-06, 2.30863383877e-06, 1.65309802469e-06, 1.46542299717e-06, 1.42313263041e-06, 1.29909142288e-06, 1.01969260413e-06, 9.86927261692e-07, 8.28447980439e-07, 6.55395695048e-07, 5.5126611187e-07, 4.59302100353e-07, 3.56199876705e-07, 2.92440375915e-07, 2.1485575985e-07, 1.78114845539e-07, 1.66376239008e-07, 1.5751156468e-07, 1.53692994331e-07, 1.65629046478e-07, 1.54486485826e-07, 1.4410601068e-07, 1.45133668639e-07, 1.38008644512e-07, 1.22322830975e-07, 1.11860714469e-07, 1.15042517734e-07, 1.03574549826e-07, 8.36771931745e-08, 8.42771044063e-08, 6.98836757351e-08, 6.61927330725e-08, 4.19584189615e-08, 4.41065894918e-09, 2.16846496315e-09, 6.75943467865e-10, 2.40955561059e-10, 9.05134370233e-11, 2.70929611211e-12, 2.55516224498e-12, 2.45198067579e-12, 2.3647908718e-12, 2.30095543313e-12, 2.25894910416e-12, 2.18925290223e-12, 1.92269702763e-12, 1.52163004419e-12, 1.29979078715e-12, 1.2625043155e-12],
        "min": [7.23804414114e-24, 6.71007215905e-24, 4.3663762704e-24, 6.14677222462e-24, 1.31539686464e-24, 1.1434420492e-24, 2.95443417084e-24, 2.29388326679e-24, 1.69567189856e-24, 1.35152521499e-24, 4.23852795008e-24, 2.23422743577e-24, 1.47562900981e-24, 3.05593355086e-24, 6.18793183121e-24, 1.98088850315e-24, 4.41230454117e-24, 4.60791561882e-24, 4.81935479611e-24, 5.05942567995e-24, 3.08795952867e-24, 4.51155310381e-24, 2.02085357711e-24, 5.28665154167e-24, 4.09726031689e-24, 4.87816516545e-24, 1.90374796459e-24, 1.27675512457e-23, 1.4241441606e-23, 6.0819795286e-24, 2.23166501833e-24, 7.53765351295e-24, 6.09944490904e-24, 7.1982697743e-24, 4.91515248672e-24, 5.81249991021e-24, 3.88352239893e-24, 4.29798676309e-24, 4.41826162429e-24, 4.49967995832e-24, 3.85010348997e-24, 3.96561994219e-24, 5.36846193957e-24, 3.67939083464e-24, 4.26088939573e-24, 4.12651640685e-24, 9.30780058628e-24, 3.99230710662e-24, 3.89195334985e-24, 3.80587876433e-24, 7.14326881427e-24, 4.84779480946e-24, 1.07625058494e-23, 9.74516400479e-24, 1.19672187252e-23, 1.9209693898e-23, 8.53440056594e-24, 6.5789504604e-24, 2.23598344014e-24, 4.59838065706e-24, 1.10060374661e-23, 9.35074617396e-24, 7.84812234397e-24, 3.92389117246e-24, 9.21387644032e-24, 9.04325608171e-24, 1.07970279804e-23, 3.71707748109e-24, 6.45725131083e-24, 6.44666203647e-24, 5.47835657456e-24, 3.23198245578e-24, 4.3761707674e-24, 4.63321714907e-24, 6.67722872413e-24, 7.10238294241e-24, 4.42067435537e-24, 3.76636906032e-24, 9.16316846133e-24, 6.26936318144e-24, 5.26510932807e-24, 3.39749651775e-24, 6.17167183023e-24, 4.6003472873e-24, 8.53157565504e-24, 1.04356271339e-23, 8.09641394731e-24, 5.78095651805e-24, 8.048095428e-24, 5.13217127719e-24, 9.85619775493e-24, 6.57625413383e-24, 8.07708527741e-24, 5.97610413992e-24, 6.29045219445e-24, 9.8392506561e-24, 8.95291809743e-24, 8.83467100318e-24, 6.34875177636e-24, 1.10021294491e-23, 6.4855075196e-24, 1.36843322575e-23, 6.85707165558e-24, 8.79085687964e-24, 5.38560230932e-24, 9.49453106229e-24, 7.6887424644e-24, 9.44581416823e-24, 1.26897735047e-23, 8.43095960202e-24, 1.30584910361e-23, 1.05437586647e-23, 1.14845044821e-23, 1.02510754917e-23, 8.64222759649e-24, 8.68403406902e-24, 7.95857075931e-24, 1.11818161861e-23, 8.30428510672e-24, 6.85816817224e-24, 1.18474041643e-23, 9.79691643562e-24, 1.13657083406e-23, 1.29816851718e-23, 1.41524817617e-23, 8.22453521351e-24, 7.75548167471e-24, 1.05348808241e-23],
        "stdev": [0.000159988732776, 0.00092419271823, 0.00150005624164, 0.00109301914927, 0.00049870373914, 0.000158998562256, 3.8412908907e-05, 1.83810825547e-05, 1.08823487608e-05, 8.19248180051e-06, 3.80840392609e-05, 0.0002092688228, 0.000216731845285, 5.07864169776e-05, 9.58615200943e-05, 0.000157422720804, 4.70441009384e-05, 8.47666160553e-05, 4.54903420177e-05, 7.53750719014e-05, 5.27139382029e-05, 0.0001073096646, 0.000185120181413, 0.000169547449332, 0.000229483062867, 0.00026104436256, 0.000506104493979, 0.000299209583318, 0.000196970810066, 0.000218528904952, 0.00016887304082, 0.000140206684591, 0.000195570581127, 0.000163638207596, 0.000175928493263, 0.000182602772838, 0.000153485321789, 0.000100553341326, 0.000112278590677, 9.48919696384e-05, 0.000110177235911, 0.000172987871338, 8.58523126226e-05, 8.48139752634e-05, 6.61233862047e-05, 7.22086333553e-05, 9.53497656155e-05, 0.000134117362904, 6.72375099384e-05, 6.8019486207e-05, 5.7411925809e-05, 6.1108796217e-05, 6.56678166706e-05, 7.11671891622e-05, 4.35697038483e-05, 3.57095304935e-05, 3.42236889992e-05, 4.0297058149e-05, 4.98323570355e-05, 4.16774309997e-05, 2.53706566582e-05, 2.12164886761e-05, 3.07978116325e-05, 2.56389466813e-05, 3.53399445885e-05, 2.26190477406e-05, 2.02477986022e-05, 1.89971506188e-05, 2.16898824874e-05, 1.62199594342e-05, 1.40582933454e-05, 1.2197743672e-05, 1.11531526272e-05, 1.43507058965e-05, 9.93490903056e-06, 9.52796381171e-06, 8.11573772808e-06, 7.5545249274e-06, 8.14766008261e-06, 5.37235655429e-06, 5.61096294405e-06, 3.67642996935e-06, 3.08211292577e-06, 3.02374724015e-06, 2.81462803287e-06, 2.27993928092e-06, 1.78670313744e-06, 1.58698071573e-06, 1.11414362891e-06, 9.95992877506e-07, 9.05430624698e-07, 6.29763007964e-07, 5.11953714977e-07, 3.94241055801e-07, 2.80652500351e-07, 2.54025991353e-07, 2.48991511853e-07, 2.28836640304e-07, 2.48174529816e-07, 2.32013874779e-07, 2.17025316829e-07, 2.27083177151e-07, 2.21071175588e-07, 2.01232126074e-07, 1.6620883514e-07, 1.89891764535e-07, 1.75795733526e-07, 1.35642082455e-07, 1.25224147496e-07, 9.9371362694e-08, 9.985304672e-08, 6.60854269086e-08, 2.47888376492e-08, 2.04073469234e-08, 9.67461399881e-09, 1.72283165512e-09, 1.25341126367e-09, 1.1094750986e-11, 9.97461054725e-12, 9.73325066378e-12, 9.50592642796e-12, 9.22203372694e-12, 9.01112604673e-12, 8.7470577656e-12, 8.25035612745e-12, 8.37918796848e-12, 8.27451822338e-12, 8.24604360489e-12]
    },
    "mfcc": {
        "mean": [-759.333190918, 79.2500457764, -62.4317169189, -22.3166503906, -27.8506145477, -9.0938205719, -17.4810085297, -8.21472740173, -10.6311092377, -5.32379722595, -2.69043016434, -1.56063592434, 4.64554786682],
        "cov": [[15658.6943359, -1680.87902832, -1476.51037598, -240.646438599, 930.525512695, 1345.29980469, 1053.91101074, 1593.46679688, 2093.47973633, 1028.19421387, 560.146728516, 124.762481689, -627.64666748], [-1680.87902832, 857.760131836, 449.720428467, 262.786651611, -86.7575073242, -150.237365723, -70.6401748657, -189.236495972, -338.041625977, -171.796157837, -81.5461273193, 2.22027921677, 130.613494873], [-1476.51037598, 449.720428467, 448.849945068, 250.104904175, -29.7106628418, -99.3647537231, -19.3297042847, -123.249458313, -241.0990448, -92.2564849854, -46.247592926, 4.84674787521, 101.734771729], [-240.646438599, 262.786651611, 250.104904175, 328.728790283, -20.5161895752, -42.2157249451, 69.9939956665, 6.64697551727, -101.629150391, -8.59879207611, -9.72992134094, -6.39390850067, 53.3674468994], [930.525512695, -86.7575073242, -29.7106628418, -20.5161895752, 271.978424072, 210.613616943, 119.3800354, 188.224380493, 247.195556641, 118.888633728, 84.791015625, 28.6980628967, -62.7012672424], [1345.29980469, -150.237365723, -99.3647537231, -42.2157249451, 210.613616943, 263.048309326, 153.89704895, 193.235183716, 263.909454346, 118.198822021, 73.0476837158, 20.985704422, -70.9638366699], [1053.91101074, -70.6401748657, -19.3297042847, 69.9939956665, 119.3800354, 153.89704895, 193.958709717, 164.75617981, 155.412322998, 88.3129959106, 42.392414093, -5.33997011185, -42.275592804], [1593.46679688, -189.236495972, -123.249458313, 6.64697551727, 188.224380493, 193.235183716, 164.75617981, 298.192321777, 353.187255859, 179.118255615, 119.492301941, 30.7065963745, -76.1017303467], [2093.47973633, -338.041625977, -241.0990448, -101.629150391, 247.195556641, 263.909454346, 155.412322998, 353.187255859, 574.155639648, 280.253479004, 188.256088257, 72.4836654663, -116.212600708], [1028.19421387, -171.796157837, -92.2564849854, -8.59879207611, 118.888633728, 118.198822021, 88.3129959106, 179.118255615, 280.253479004, 201.559020996, 131.685440063, 41.6762046814, -36.7110214233], [560.146728516, -81.5461273193, -46.247592926, -9.72992134094, 84.791015625, 73.0476837158, 42.392414093, 119.492301941, 188.256088257, 131.685440063, 147.223480225, 51.1522865295, -4.1381521225], [124.762481689, 2.22027921677, 4.84674787521, -6.39390850067, 28.6980628967, 20.985704422, -5.33997011185, 30.7065963745, 72.4836654663, 41.6762046814, 51.1522865295, 70.9737548828, 17.1693267822], [-627.64666748, 130.613494873, 101.734771729, 53.3674468994, -62.7012672424, -70.9638366699, -42.275592804, -76.1017303467, -116.212600708, -36.7110214233, -4.1381521225, 17.1693267822, 103.153266907]],
        "icov": [[0.00025553398882, -8.17873660708e-05, 0.00074903992936, -0.000351833470631, 0.000290683208732, -0.000615942000877, -0.000346287939465, -0.000504255236592, 7.06366108716e-06, -0.000267179537332, 0.000200355818379, -0.000344673899235, 0.000318966049235], [-8.17873660708e-05, 0.00287355855107, -0.00229983148165, -0.000720282783732, -0.000155850255396, -3.81850113627e-05, 0.000711059255991, 0.000238409324083, -0.000340844038874, 0.00212095002644, -0.000605265027843, -0.000100322286016, -0.000785771640949], [0.00074903992936, -0.00229983148165, 0.010360580869, -0.00498013291508, -0.00304926279932, -6.48143031867e-05, -0.00185835000593, 0.00131418125238, 0.000805199495517, -0.00108522467781, 0.000810176890809, -0.00240652449429, -0.00090807286324], [-0.000351833470631, -0.000720282783732, -0.00498013291508, 0.00909573957324, 0.00150890403893, 0.00245193019509, -0.00309013365768, -0.00346513465047, 0.00261437543668, -0.00274311378598, 0.0005812990712, 0.000327405257849, -0.000303805019939], [0.000290683208732, -0.000155850255396, -0.00304926279932, 0.00150890403893, 0.0137779684737, -0.0100928470492, 0.00252709328197, -0.00560464896262, 0.000965437677223, -0.00132605363615, -0.000975294737145, -0.00040480933967, 0.00316908652894], [-0.000615942000877, -3.81850113627e-05, -6.48143031867e-05, 0.00245193019509, -0.0100928470492, 0.0201948713511, -0.00975905638188, 0.00496819522232, -0.0046093063429, 0.00340427039191, -1.34361998789e-05, -0.000409488537116, -0.00139391038101], [-0.000346287939465, 0.000711059255991, -0.00185835000593, -0.00309013365768, 0.00252709328197, -0.00975905638188, 0.0196143072098, -0.00900401361287, 0.0044141500257, -0.00299533223733, 0.0017290872056, 0.00367292622104, 7.36800939194e-06], [-0.000504255236592, 0.000238409324083, 0.00131418125238, -0.00346513465047, -0.00560464896262, 0.00496819522232, -0.00900401361287, 0.0253447275609, -0.0123342946172, 0.00376801099628, -0.00360210542567, 0.00286082923412, -0.00102985021658], [7.06366108716e-06, -0.000340844038874, 0.000805199495517, 0.00261437543668, 0.000965437677223, -0.0046093063429, 0.0044141500257, -0.0123342946172, 0.0175618976355, -0.0112340794876, 0.000583384244237, -0.00622137868777, 0.0052992310375], [-0.000267179537332, 0.00212095002644, -0.00108522467781, -0.00274311378598, -0.00132605363615, 0.00340427039191, -0.00299533223733, 0.00376801099628, -0.0112340794876, 0.0265441685915, -0.0120107177645, 0.00316077913158, -0.00295106554404], [0.000200355818379, -0.000605265027843, 0.000810176890809, 0.0005812990712, -0.000975294737145, -1.34361998789e-05, 0.0017290872056, -0.00360210542567, 0.000583384244237, -0.0120107177645, 0.0210024639964, -0.00610090279952, -0.00342442374676], [-0.000344673899235, -0.000100322286016, -0.00240652449429, 0.000327405257849, -0.00040480933967, -0.000409488537116, 0.00367292622104, 0.00286082923412, -0.00622137868777, 0.00316077913158, -0.00610090279952, 0.0247878096998, -0.00693270284683], [0.000318966049235, -0.000785771640949, -0.00090807286324, -0.000303805019939, 0.00316908652894, -0.00139391038101, 7.36800939194e-06, -0.00102985021658, 0.0052992310375, -0.00295106554404, -0.00342442374676, -0.00693270284683, 0.019829839468]]
    },
    "spectral_contrast_coeffs": {
        "max": [-0.316175252199, -0.417692035437, -0.579041302204, -0.650806546211, -0.641174077988, -0.607063651085],
        "mean": [-0.707424819469, -0.737968444824, -0.786554515362, -0.829746603966, -0.809131443501, -0.752245128155],
        "min": [-0.963550508022, -0.96496450901, -0.95966231823, -0.970929980278, -0.960879981518, -0.962187767029],
        "stdev": [0.106501735747, 0.0973049625754, 0.0637572258711, 0.0383379124105, 0.0432838238776, 0.0411781556904]
    },
    "spectral_contrast_valleys": {
        "max": [-6.03935146332, -5.82279348373, -5.20828485489, -5.41534900665, -5.59241390228, -9.25650405884],
        "mean": [-10.2353725433, -8.03556632996, -7.89091968536, -7.90345191956, -8.43526649475, -11.5080890656],
        "min": [-27.3727092743, -27.1541194916, -27.2728366852, -27.1544895172, -27.3188610077, -27.2774848938],
        "stdev": [1.76819336414, 1.6054816246, 1.91757798195, 1.98947358131, 1.92870676517, 1.69772899151]
    }
},
"rhythm": {
    "beats_count": 18,
    "beats_loudness": {
        "max": 0.0388510785997,
        "mean": 0.00676913233474,
        "min": 0.000136490925797,
        "stdev": 0.0108191259205
    },
    "bpm": 90.2420349121,
    "bpm_histogram_first_peak_bpm": 91,
    "bpm_histogram_first_peak_weight": 0.307692289352,
    "bpm_histogram_second_peak_bpm": 86,
    "bpm_histogram_second_peak_spread": 0,
    "bpm_histogram_second_peak_weight": 0.235294118524,
    "danceability": 0.67923605442,
    "onset_rate": 1.64584994316,
    "beats_loudness_band_ratio": {
        "max": [0.43559128046, 0.812608599663, 0.771554946899, 0.539915323257, 0.557097673416, 0.313689500093],
        "mean": [0.0361102595925, 0.142090350389, 0.269620805979, 0.269241213799, 0.24152906239, 0.0652291029692],
        "min": [4.58617323602e-05, 0.00263211550191, 0.048480451107, 0.0429311357439, 0.00346206803806, 0.00479775993153],
        "stdev": [0.106324650347, 0.290149062872, 0.25445613265, 0.133987590671, 0.191951796412, 0.0690265670419]
    },
    "beats_position": [0.696598649025, 1.39319729805, 2.08979582787, 2.79800438881, 3.48299312592, 4.17959165573, 4.85297060013, 5.51473903656, 6.15328788757, 6.79183673859, 7.45360517502, 8.11537361145, 8.76553249359, 9.41569137573, 10.077460289, 10.7392292023, 11.4009971619, 12.051156044],
