{
"metadata": {
    "version": {
        "essentia": "2.1-beta5",
        "essentia_git_sha": "Undefined",
        "extractor": "music 2.0"
    },
    "audio_properties": {
        "analysis": {
            "equal_loudness": 0,
            "length": 12.7477550507,
            "sample_rate": 44100,
            "start_time": 0,
            "downmix": "mix"
        },
        "bit_rate": 192000,
        "length": 194.095611572,
        "lossless": 0,
        "number_channels": 2,
        "replay_gain": 3.72745323181,
        "sample_rate": 48000,
        "codec": "mp3",
        "md5_encoded": "c7ef328321726f80d998bee500dac085"
    },
    "tags": {
        "file_name": "Hungary_Wars For Nothing_Boggie.mp3",
        "encoding": ["Lavf58.29.100"]
    }
},
"lowlevel": {
    "average_loudness": 0.891645371914,
    "barkbands_crest": {
        "max": 24.7871189117,
        "mean": 10.3006896973,
        "min": 2.72476863861,
        "stdev": 5.46152877808
    },
    "barkbands_flatness_db": {
        "max": 0.433217912912,
        "mean": 0.208887055516,
        "min": 0.0536927655339,
        "stdev": 0.0914737358689
    },
    "barkbands_kurtosis": {
        "max": 137.702789307,
        "mean": 14.570690155,
        "min": -1.37778913975,
        "stdev": 20.4412956238
    },
    "barkbands_skewness": {
        "max": 9.14695167542,
        "mean": 2.07148957253,
        "min": -2.22466182709,
        "stdev": 2.05302286148
    },
    "barkbands_spread": {
        "max": 45.9964256287,
        "mean": 10.4665594101,
        "min": 0.75187587738,
        "stdev": 9.51668071747
    },
    "dissonance": {
        "max": 0.499999970198,
        "mean": 0.45675137639,
        "min": 0.0741403773427,
        "stdev": 0.0506170764565
    },
    "dynamic_complexity": 3.82026672363,
    "erbbands_crest": {
        "max": 28.3187904358,
        "mean": 10.0850524902,
        "min": 3.10358715057,
        "stdev": 4.99898958206
    },
    "erbbands_flatness_db": {
        "max": 0.318319767714,
        "mean": 0.215424001217,
        "min": 0.107402175665,
        "stdev": 0.0387189388275
    },
    "erbbands_kurtosis": {
        "max": 25.4992237091,
        "mean": 2.3919479847,
        "min": -1.41643702984,
        "stdev": 3.19093775749
    },
    "erbbands_skewness": {
        "max": 4.36378860474,
        "mean": 1.0023380518,
        "min": -1.11186051369,
        "stdev": 0.919183552265
    },
    "erbbands_spread": {
        "max": 61.4727630615,
        "mean": 21.7874565125,
        "min": 5.45723867416,
        "stdev": 9.0245552063
    },
    "hfc": {
        "max": 120.85559845,
        "mean": 11.2220869064,
        "min": 1.12593826512e-16,
        "stdev": 18.7526683807
    },
    "loudness_ebu128": {
        "integrated": -29.0905513763,
        "loudness_range": 6.51208114624,
        "momentary": {
            "max": -21.850151062,
            "mean": -31.4241981506,
            "min": -40.1759719849,
            "stdev": 4.31027793884
        },
        "short_term": {
            "max": -25.4432754517,
            "mean": -30.7062301636,
            "min": -33.4391403198,
            "stdev": 1.84746539593
        }
    },
    "melbands_crest": {
        "max": 30.1998977661,
        "mean": 14.4309368134,
        "min": 2.14164400101,
        "stdev": 7.9931936264
    },
    "melbands_flatness_db": {
        "max": 0.55892676115,
        "mean": 0.246907815337,
        "min": 0.00646100845188,
        "stdev": 0.146089285612
    },
    "melbands_kurtosis": {
        "max": 208.412918091,
        "mean": 25.4834899902,
        "min": -1.31058979034,
        "stdev": 34.1572723389
    },
    "melbands_skewness": {
        "max": 10.2784280777,
        "mean": 2.8153526783,
        "min": -1.1419634819,
        "stdev": 2.3995578289
    },
    "melbands_spread": {
        "max": 119.207290649,
        "mean": 17.8230705261,
        "min": 0.615955293179,
        "stdev": 19.3078022003
    },
    "pitch_salience": {
        "max": 0.998438954353,
        "mean": 0.589793801308,
        "min": 0.181972697377,
        "stdev": 0.18361325562
    },
    "silence_rate_20dB": {
        "max": 1,
        "mean": 1,
        "min": 1,
        "stdev": 0
    },
    "silence_rate_30dB": {
        "max": 1,
        "mean": 0.996363639832,
        "min": 0,
        "stdev": 0.060192566365
    },
    "silence_rate_60dB": {
        "max": 1,
        "mean": 0.219999998808,
        "min": 0,
        "stdev": 0.414246380329
    },
    "spectral_centroid": {
        "max": 11413.5185547,
        "mean": 1288.22631836,
        "min": 149.8934021,
        "stdev": 1179.17871094
    },
    "spectral_complexity": {
        "max": 64,
        "mean": 15.1472730637,
        "min": 0,
        "stdev": 14.6460571289
    },
    "spectral_decrease": {
        "max": 9.82701420781e-29,
        "mean": -2.9294644488e-09,
        "min": -3.8053197926e-08,
        "stdev": 3.74187214547e-09
    },
    "spectral_energy": {
        "max": 0.146299883723,
        "mean": 0.0120743345469,
        "min": 1.04475262045e-20,
        "stdev": 0.0148318763822
    },
    "spectral_energyband_high": {
        "max": 0.00846245046705,
        "mean": 0.000511661462951,
        "min": 7.71404486239e-21,
        "stdev": 0.00121162924916
    },
    "spectral_energyband_low": {
        "max": 0.0758400559425,
        "mean": 0.0040764589794,
        "min": 3.47220693084e-23,
        "stdev": 0.00833387020975
    },
    "spectral_energyband_middle_high": {
        "max": 0.0341441705823,
        "mean": 0.00368752912618,
        "min": 1.41927047696e-21,
        "stdev": 0.00606059003621
    },
    "spectral_energyband_middle_low": {
        "max": 0.141765803099,
        "mean": 0.00469052931294,
        "min": 2.18103177603e-22,
        "stdev": 0.0109281372279
    },
    "spectral_entropy": {
        "max": 9.80097293854,
        "mean": 7.06276082993,
        "min": 4.95109653473,
        "stdev": 1.00260913372
    },
    "spectral_flux": {
        "max": 0.298852294683,
        "mean": 0.0471803583205,
        "min": 6.69037741874e-11,
        "stdev": 0.0384277887642
    },
    "spectral_kurtosis": {
        "max": 54.9308204651,
        "mean": 9.3241519928,
        "min": -1.226141572,
        "stdev": 9.16794204712
    },
    "spectral_rms": {
        "max": 0.0119470329955,
        "mean": 0.00300696725026,
        "min": 3.19260221558e-12,
        "stdev": 0.00165469152853
    },
    "spectral_rolloff": {
        "max": 19056.8847656,
        "mean": 1471.85217285,
        "min": 86.1328125,
        "stdev": 1797.15661621
    },
    "spectral_skewness": {
        "max": 6.09265232086,
        "mean": 2.21450090408,
        "min": -0.0125628178939,
        "stdev": 0.993031978607
    },
    "spectral_spread": {
        "max": 41672160,
        "mean": 3574578,
        "min": 1388854.25,
        "stdev": 2371963
    },
    "spectral_strongpeak": {
        "max": 5.4686126709,
        "mean": 0.619881272316,
        "min": 1.37220890206e-09,
        "stdev": 0.621893942356
    },
    "zerocrossingrate": {
        "max": 0.51708984375,
        "mean": 0.0589470863342,
        "min": 0.00439453125,
        "stdev": 0.0571907870471
    },
    "barkbands": {
        "max": [0.00326898763888, 0.0687608644366, 0.0346446558833, 0.0313232913613, 0.109754472971, 0.00190361053683, 0.0010033439612, 0.00140642933547, 0.00302371010184, 0.00330271618441, 0.00395451812074, 0.0033151821699, 0.00406631454825, 0.00522049469873, 0.00738500664011, 0.00498994532973, 0.00471341982484, 0.00546011561528, 0.00913556385785, 0.00639276811853, 0.00413382938132, 0.00186122686137, 0.000694972637575, 0.000229038720136, 0.000129579537315, 3.61083184544e-05, 1.17693879531e-07],
        "mean": [6.00737730565e-05, 0.0019456789596, 0.00122433144134, 0.00126579066273, 0.00269233155996, 0.000165396777447, 6.17128607701e-05, 7.0510111982e-05, 0.000359241472324, 0.000300266867271, 0.00036977007403, 0.000317764526699, 0.00044490644359, 0.00041760088061, 0.000486490986077, 0.000402547360864, 0.000317183177685, 0.000258683488937, 0.00027469167253, 0.000240118373767, 0.000197257308173, 0.000103154707176, 5.1362789236e-05, 2.87034326902e-05, 1.46121074067e-05, 4.17389219365e-06, 1.48936663003e-09],
        "min": [2.04871957583e-23, 8.60370594077e-24, 3.68673197422e-24, 3.13699729191e-24, 3.11399434457e-23, 1.02553455957e-23, 2.59078234918e-23, 1.90778799739e-23, 6.11264712737e-23, 9.88000952135e-23, 4.5138245499e-23, 1.02983916843e-22, 1.71645770499e-22, 2.9405970378e-23, 6.57113624093e-23, 8.93588753712e-23, 2.01072680401e-22, 2.14765576533e-22, 2.23351437651e-22, 3.0555248578e-22, 6.42826065679e-22, 4.86357713939e-22, 5.83266638194e-22, 7.93332597972e-22, 9.840891613e-22, 1.55137219013e-21, 2.244895683e-21],
        "stdev": [0.000282087305095, 0.00678577274084, 0.00256516621448, 0.0026348370593, 0.00893395859748, 0.000229184457567, 9.19213998714e-05, 0.000155562869622, 0.000445310433861, 0.00047273025848, 0.000656497315504, 0.000487595913, 0.000678199110553, 0.000633979798295, 0.000842451350763, 0.000697007519193, 0.0006899771397, 0.000702108896803, 0.000845762959216, 0.000725543941371, 0.000552646059077, 0.000243092305027, 8.72555174283e-05, 3.66963795386e-05, 1.80664501386e-05, 5.15900228493e-06, 5.33084065779e-09]
    },
    "erbbands": {
        "max": [2.19945120811, 16.3748912811, 38.6803703308, 50.7280540466, 489.663085938, 159.164886475, 19.3023929596, 13.5361642838, 18.9843845367, 10.7714471817, 38.8891792297, 66.272064209, 90.8842697144, 125.619758606, 172.924911499, 148.578170776, 181.909164429, 328.386260986, 257.618133545, 332.05267334, 315.975463867, 302.041778564, 340.678283691, 406.309356689, 373.854156494, 286.481994629, 209.171005249, 132.943756104, 78.3445358276, 37.1435089111, 17.2907524109, 6.18877696991, 3.46694397926, 2.03775262833, 0.700974404812, 0.170151814818, 0.0697218626738, 0.0100623434409, 0.000175392982783, 0.000160053401487],
        "mean": [0.0510510504246, 0.452741980553, 1.38842391968, 3.5047981739, 8.83740139008, 7.5303478241, 1.45756137371, 1.31229519844, 1.12185621262, 0.769334852695, 2.45029807091, 7.3047914505, 9.80333137512, 11.6504602432, 14.7985725403, 13.8696289062, 19.7327156067, 22.0612411499, 22.907169342, 24.6475543976, 22.5061645508, 18.0231552124, 15.1817789078, 12.8436889648, 13.3190097809, 11.2780542374, 8.96324157715, 6.66156578064, 4.10515737534, 2.33458924294, 1.33461344242, 0.735424041748, 0.402045577765, 0.199311882257, 0.0866474360228, 0.0324833765626, 0.00450222427025, 0.000121738114103, 1.24995103761e-05, 1.54992849275e-05],
        "min": [6.74247316923e-22, 8.9228423021e-22, 4.91024024355e-21, 8.97773207692e-21, 4.4554726602e-20, 1.03013183154e-19, 5.00985653843e-20, 1.06780809898e-19, 3.64146386492e-19, 3.75336485819e-19, 7.20375103559e-19, 1.32859371844e-18, 2.31877688814e-18, 3.3117606846e-18, 1.90329192467e-18, 4.42887430571e-18, 6.47193555887e-18, 4.12644466605e-18, 3.29439816354e-18, 4.10030699947e-18, 6.32511927195e-18, 1.02572496995e-17, 1.31393372052e-17, 1.66153089578e-17, 1.05881161543e-17, 1.49362646632e-17, 2.35457755457e-17, 1.89429819667e-17, 1.50102576234e-17, 1.62737760091e-17, 1.41449671457e-17, 1.55346173399e-17, 1.27542788398e-17, 9.12427778531e-18, 8.16047423253e-18, 5.64230359657e-18, 2.47689866609e-18, 1.03625909437e-18, 2.90336440049e-19, 3.82443337299e-20],
        "stdev": [0.228614151478, 1.46852600574, 3.22739648819, 5.86558008194, 35.129699707, 19.140537262, 2.29845476151, 1.87361657619, 1.58769667149, 1.08228087425, 4.83718824387, 10.0311374664, 11.0504274368, 18.4194793701, 25.5900650024, 21.002412796, 29.8348464966, 34.453994751, 35.0314445496, 42.1335868835, 42.2565307617, 38.9812049866, 40.2603721619, 37.5239524841, 40.6611633301, 33.9939651489, 25.8674736023, 17.8840122223, 10.065993309, 4.73198795319, 2.22101759911, 0.999018251896, 0.510057687759, 0.257925182581, 0.105243965983, 0.0383956208825, 0.00637920433655, 0.000445138604846, 1.42922117448e-05, 1.79866019607e-05]
    },
    "gfcc": {
        "mean": [-112.915626526, 91.8688812256, -137.349060059, 27.9619522095, -59.2491645813, 24.1996688843, -38.9451904297, 0.833498775959, -23.4783687592, -9.3252658844, -20.3582725525, -9.0633430481, -1.55247759819],
        "cov": [[15533.4775391, -3851.04223633, -4573.23632812, -106.725791931, -886.555847168, 1032.19042969, -235.500717163, 746.58807373, -172.799850464, 1164.6628418, -54.3726158142, 758.47479248, -61.7013893127], [-3851.04223633, 5087.91650391, 4030.03955078, 1167.64367676, 919.472900391, -551.803283691, 322.799804688, -669.44720459, 72.361946106, -1093.81689453, -37.5928916931, -810.02935791, 119.205169678], [-4573.23632812, 4030.03955078, 3854.55151367, 988.425231934, 892.708129883, -410.760620117, 253.965927124, -576.009155273, 24.1754207611, -828.338439941, -74.3619232178, -620.359558105, 66.2481765747], [-106.725791931, 1167.64367676, 988.425231934, 571.217773438, 322.033874512, -64.4484100342, 134.867401123, -125.164291382, 2.4528605938, -197.899017334, -7.00656652451, -144.886245728, 28.9745578766], [-886.555847168, 919.472900391, 892.708129883, 322.033874512, 355.166168213, -12.6166172028, 140.552017212, -88.4864044189, 44.5933113098, -115.083457947, 21.2153491974, -108.059921265, 23.8072338104], [1032.19042969, -551.803283691, -410.760620117, -64.4484100342, -12.6166172028, 287.626403809, 49.5763053894, 176.251266479, 55.4068908691, 178.411773682, 23.9175376892, 123.306282043, -16.5406417847], [-235.500717163, 322.799804688, 253.965927124, 134.867401123, 140.552017212, 49.5763053894, 211.427947998, 77.7143478394, 79.6296844482, -35.1568145752, 52.2552032471, -25.3293800354, 19.4539337158], [746.58807373, -669.44720459, -576.009155273, -125.164291382, -88.4864044189, 176.251266479, 77.7143478394, 282.786895752, 76.3500823975, 166.890228271, 41.9282188416, 149.542755127, -27.7988986969], [-172.799850464, 72.361946106, 24.1754207611, 2.4528605938, 44.5933113098, 55.4068908691, 79.6296844482, 76.3500823975, 95.0876998901, 5.33536148071, 39.6321983337, 4.57058000565, 10.6354579926], [1164.6628418, -1093.81689453, -828.338439941, -197.899017334, -115.083457947, 178.411773682, -35.1568145752, 166.890228271, 5.33536148071, 369.499084473, 38.7736587524, 206.085525513, -3.70021796227], [-54.3726158142, -37.5928916931, -74.3619232178, -7.00656652451, 21.2153491974, 23.9175376892, 52.2552032471, 41.9282188416, 39.6321983337, 38.7736587524, 64.8107223511, 26.3798084259, 15.0443277359], [758.47479248, -810.02935791, -620.359558105, -144.886245728, -108.059921265, 123.306282043, -25.3293800354, 149.542755127, 4.57058000565, 206.085525513, 26.3798084259, 185.859390259, -13.2503023148], [-61.7013893127, 119.205169678, 66.2481765747, 28.9745578766, 23.8072338104, -16.5406417847, 19.4539337158, -27.7988986969, 10.6354579926, -3.70021796227, 15.0443277359, -13.2503023148, 58.3083305359]],
        "icov": [[0.000436808448285, -0.0011353091104, 0.00118605839089, -0.00105564296246, 0.00106871419121, -0.00137849710882, -0.000137829643791, 9.09535301616e-05, 0.00115887657739, -0.00144522462506, 0.00155731395353, -0.000773436506279, 0.000341538252542], [-0.0011353091104, 0.00617167400196, -0.00465152179822, 0.0012174990261, -0.00343682989478, 0.00389488902874, 0.00117727578618, -0.000693330192007, -0.00423841690645, 0.00657722633332, -0.00676874257624, 0.00665529258549, -0.0029046938289], [0.00118605839089, -0.00465152179822, 0.00567935220897, -0.00226263189688, -5.8080371673e-05, -0.00343574327417, -0.000564687303267, 0.000805174466223, 0.00351289683022, -0.00373057625256, 0.00677549513057, -0.00318918796256, 0.00170721637551], [-0.00105564296246, 0.0012174990261, -0.00226263189688, 0.00770494760945, -0.00560015393421, 0.00301445182413, -0.00114304409362, -0.000595920428168, 0.000557925959583, 0.00334895309061, -0.00182763778139, -0.000412541849073, -0.00113664346281], [0.00106871419121, -0.00343682989478, -5.8080371673e-05, -0.00560015393421, 0.0180098358542, -0.0055017019622, -0.00482721719891, 0.00466384133324, -0.000689784239512, -0.00844181701541, 0.00173074530903, -0.00477289408445, 0.00398485269397], [-0.00137849710882, 0.00389488902874, -0.00343574327417, 0.00301445182413, -0.0055017019622, 0.0118184741586, 0.000205676115002, -0.00259964470752, -0.00644862931222, 0.0028419571463, -0.00194815115537, 0.0018143922789, -0.000453278975328], [-0.000137829643791, 0.00117727578618, -0.000564687303267, -0.00114304409362, -0.00482721719891, 0.000205676115002, 0.0139305777848, -0.00751003623009, -0.00144107092638, 0.00274133239873, -0.00721403537318, 0.00565299903974, -0.00395928416401], [9.09535301616e-05, -0.000693330192007, 0.000805174466223, -0.000595920428168, 0.00466384133324, -0.00259964470752, -0.00751003623009, 0.016406275332, -0.00889111403376, -0.00120031554252, 0.00378138828091, -0.00944543629885, 0.00700423400849], [0.00115887657739, -0.00423841690645, 0.00351289683022, 0.000557925959583, -0.000689784239512, -0.00644862931222, -0.00144107092638, -0.00889111403376, 0.029741762206, -0.00243235263042, -0.004661727231, 0.00216635735705, -0.00356714869849], [-0.00144522462506, 0.00657722633332, -0.00373057625256, 0.00334895309061, -0.00844181701541, 0.0028419571463, 0.00274133239873, -0.00120031554252, -0.00243235263042, 0.0173416975886, -0.00903942994773, 0.000987211707979, -0.00553445983678], [0.00155731395353, -0.00676874257624, 0.00677549513057, -0.00182763778139, 0.00173074530903, -0.00194815115537, -0.00721403537318, 0.00378138828091, -0.004661727231, -0.00903942994773, 0.0369003936648, -0.011506668292, -0.00021260289941], [-0.000773436506279, 0.00665529258549, -0.00318918796256, -0.000412541849073, -0.00477289408445, 0.0018143922789, 0.00565299903974, -0.00944543629885, 0.00216635735705, 0.000987211707979, -0.011506668292, 0.0311094224453, -0.00481594027951], [0.000341538252542, -0.0029046938289, 0.00170721637551, -0.00113664346281, 0.00398485269397, -0.000453278975328, -0.00395928416401, 0.00700423400849, -0.00356714869849, -0.00553445983678, -0.00021260289941, -0.00481594027951, 0.0242396723479]]
    },
    "melbands": {
        "max": [0.0202548261732, 0.0144755290821, 0.0229890719056, 0.0264902636409, 0.000795987143647, 0.000335559423547, 0.000255559309153, 0.000111906425445, 0.000314216100378, 0.00039855579962, 0.000470518309157, 0.000544823182281, 0.000650778587442, 0.000363686354831, 0.000405985774705, 0.000596243713517, 0.000575751531869, 0.000416649359977, 0.000686975137796, 0.000274631805951, 0.000471409846796, 0.000304002198391, 0.000334847049089, 0.000238487016759, 0.000345023028785, 0.000348448025761, 0.000247927207965, 0.000168797792867, 0.000142388598761, 9.17744182516e-05, 7.73536739871e-05, 4.66310812044e-05, 3.46426604665e-05, 1.4605022443e-05, 1.29924201246e-05, 6.55384474157e-06, 3.1302070056e-06, 2.43178169512e-06, 1.59921285103e-06, 1.85839417099e-06],
        "mean": [0.000494808249641, 0.000701517681591, 0.000707195722498, 0.000693837355357, 6.65821207804e-05, 2.90945044981e-05, 1.65707679116e-05, 8.54039717524e-06, 2.34918079514e-05, 5.06497344759e-05, 4.98720582982e-05, 4.60435367131e-05, 5.29270073457e-05, 3.58969300578e-05, 3.96658942918e-05, 4.45188961748e-05, 4.01324687118e-05, 3.53005852958e-05, 3.73304392269e-05, 2.73598525382e-05, 2.71604531008e-05, 1.9377523131e-05, 1.58742859639e-05, 1.08382046164e-05, 1.01886735138e-05, 1.09961774797e-05, 8.89672264748e-06, 6.97135419614e-06, 5.76618776904e-06, 4.6904337978e-06, 3.57818066732e-06, 2.46845570473e-06, 1.59639114372e-06, 1.17642196074e-06, 8.29784369216e-07, 5.34205184977e-07, 4.13246482367e-07, 2.9075951602e-07, 2.21561720082e-07, 1.49402609395e-07],
        "min": [5.54969247735e-24, 2.28420828222e-24, 2.10613161033e-24, 8.09289404995e-24, 1.72531413593e-24, 2.20599765385e-24, 5.50046321813e-24, 3.85113177016e-24, 7.12321833664e-24, 8.43273532792e-24, 1.16595558724e-23, 1.38364546168e-23, 5.05248528171e-24, 1.16358790012e-23, 9.32271400169e-24, 1.88400857426e-23, 5.4423498074e-24, 4.77788437832e-24, 5.07324928402e-24, 5.78504281754e-24, 8.06606962373e-24, 1.05783849253e-23, 8.35076005809e-24, 1.06089461856e-23, 1.43202882535e-23, 6.50728994134e-24, 7.93829861177e-24, 9.38239764006e-24, 1.30082650511e-23, 1.37042557286e-23, 9.35115164846e-24, 9.02095103962e-24, 8.18250391562e-24, 1.02383795643e-23, 6.9875492493e-24, 9.21982760699e-24, 1.02353818928e-23, 8.75228237024e-24, 8.05993701905e-24, 7.80542366975e-24],
        "stdev": [0.00194225797895, 0.00154092127923, 0.00170699541923, 0.00220668595284, 0.000111343164463, 4.16444963776e-05, 2.25435505854e-05, 1.28280908029e-05, 4.5138909627e-05, 6.50548536214e-05, 5.7430468587e-05, 7.46817604522e-05, 9.59167009569e-05, 5.63481189602e-05, 5.98844162596e-05, 7.03345285729e-05, 6.33052841295e-05, 5.30416764377e-05, 6.75839473843e-05, 4.45104087703e-05, 5.59390391572e-05, 4.17504925281e-05, 4.17472801928e-05, 2.84286707029e-05, 3.06006950268e-05, 3.5076700442e-05, 2.80056501651e-05, 2.12748291233e-05, 1.69370377989e-05, 1.30169801196e-05, 9.6124385891e-06, 6.24376480118e-06, 3.57790167982e-06, 2.26529346037e-06, 1.46530135225e-06, 8.1202608726e-07, 5.53729933017e-07, 3.76253609602e-07, 2.89794087394e-07, 2.0340281992e-07]
    },
    "melbands128": {
        "max": [0.00320370378904, 0.0196320228279, 0.0348429083824, 0.029377438128, 0.0217592380941, 0.0139070944861, 0.00796945951879, 0.0221452321857, 0.0666330605745, 0.0290010794997, 0.0053886231035, 0.000400334305596, 0.00082983635366, 0.000611377006862, 0.000375400588382, 0.000319174927427, 0.00041128549492, 0.000290351104923, 0.00018248205015, 0.000130327709485, 0.000119760603411, 0.000329414062435, 0.00056010071421, 0.000553533085622, 0.000663412618451, 0.000801561342087, 0.000720866024494, 0.000761611270718, 0.00073723110836, 0.000900240265764, 0.000447627244284, 0.000903452630155, 0.0012523047626, 0.000489936384838, 0.000461408577394, 0.00050130917225, 0.000631281116512, 0.000410962093156, 0.000860287516844, 0.000463766220491, 0.000703701458406, 0.00102190393955, 0.000644233310595, 0.000566126487684, 0.000329889502609, 0.000692676694598, 0.000600901199505, 0.00099782331381, 0.000794095685706, 0.000526368443388, 0.000387020787457, 0.000349744601408, 0.000400155200623, 0.00117059680633, 0.000496693013702, 0.000416597700678, 0.000266447954345, 0.000407891435316, 0.000484829768538, 0.000575285230298, 0.000279427273199, 0.000172405489138, 0.000413511967054, 0.000221153561142, 0.000667623593472, 0.000490046280902, 0.000211351594771, 0.000294487108476, 0.000353037845343, 0.000278426130535, 0.00021322981047, 0.000208332101465, 0.00017439405201, 0.00021655515593, 0.000153721237439, 0.000114272246719, 0.000107996682345, 0.000126852755784, 9.30840033107e-05, 6.93019392202e-05, 7.19207309885e-05, 5.17089138157e-05, 5.18433043908e-05, 3.12031697831e-05, 2.84415455098e-05, 2.19987359742e-05, 1.85191329365e-05, 3.35523982358e-05, 2.02788742172e-05, 8.70316216606e-06, 8.48657600727e-06, 6.08887148701e-06, 6.69231121719e-06, 3.71006262867e-06, 3.31921683028e-06, 2.55060217569e-06, 1.89630725345e-06, 5.44720205653e-06, 2.20724223254e-06, 2.51695064435e-06, 2.92741174235e-06, 2.07463540391e-06, 1.06827712898e-06, 1.16594526389e-06, 1.01658065432e-06, 7.83345228683e-07, 5.99991381023e-07, 4.98418103234e-07, 3.67531271195e-07, 3.67830409687e-07, 2.97315125408e-07, 2.77763376744e-07, 1.6279045667e-07, 4.35054488435e-07, 4.20840905235e-07, 2.02833083662e-09, 6.01114991117e-10, 5.69427560659e-10, 5.40801126103e-10, 5.21853005253e-10, 4.95701757419e-10, 5.05069486234e-10, 4.93270368995e-10, 4.74963846031e-10, 4.70135208541e-10, 4.58645815771e-10, 4.56891330325e-10, 4.55053605908e-10],
        "mean": [5.51001576241e-05, 0.000376350770239, 0.000649645051453, 0.000779490103014, 0.000726163736545, 0.000579105806537, 0.000767212943174, 0.000506612472236, 0.000975482689682, 0.00101785885636, 0.000307690963382, 3.13037198794e-05, 4.46006197308e-05, 3.13496602757e-05, 2.7453608709e-05, 3.25048640661e-05, 1.73187345354e-05, 1.74815613718e-05, 9.4506494861e-06, 7.02140687281e-06, 6.9053826337e-06, 1.49965271703e-05, 2.28325752687e-05, 3.40919395967e-05, 4.23613892053e-05, 6.14412347204e-05, 6.76808704156e-05, 3.88584594475e-05, 4.54133332823e-05, 4.70926170237e-05, 3.83840088034e-05, 5.90954987274e-05, 6.45351465209e-05, 3.90309724025e-05, 3.67748689314e-05, 3.46123888448e-05, 3.52756287612e-05, 3.71308269678e-05, 4.63610231236e-05, 4.24592471973e-05, 4.51836895081e-05, 4.53531029052e-05, 4.09554704675e-05, 3.79553566745e-05, 3.3719046769e-05, 3.45149928762e-05, 3.70840389223e-05, 3.86820574931e-05, 3.79577541025e-05, 3.26655936078e-05, 2.55950271821e-05, 2.25213443628e-05, 2.21194295591e-05, 3.83170081477e-05, 2.08446308534e-05, 1.81745144801e-05, 1.54912922881e-05, 1.49046236402e-05, 1.74573870027e-05, 1.46713837239e-05, 1.07324976852e-05, 7.08620473233e-06, 9.33315459406e-06, 9.92102923192e-06, 1.42167964441e-05, 1.21029997899e-05, 8.07919604995e-06, 8.66879327077e-06, 9.60116904025e-06, 8.7171447376e-06, 6.76368836139e-06, 6.41323231321e-06, 5.89985984334e-06, 5.74654814045e-06, 5.43549867871e-06, 4.87287388751e-06, 4.36880372945e-06, 3.8796060835e-06, 3.92704214391e-06, 2.57353372035e-06, 2.80616654891e-06, 2.29238776228e-06, 1.90673756606e-06, 1.53380926804e-06, 1.35661457534e-06, 1.19553010336e-06, 1.21075402149e-06, 9.82103188107e-07, 8.49588900564e-07, 6.6451298153e-07, 5.64622325783e-07, 4.98885981415e-07, 4.84326278638e-07, 3.97950259412e-07, 4.08651544603e-07, 3.03590752537e-07, 2.62067061385e-07, 2.70451096185e-07, 2.27942734909e-07, 2.01647310405e-07, 1.66989067907e-07, 1.48112363263e-07, 1.12074019398e-07, 1.13497236498e-07, 9.76144747256e-08, 8.54851620602e-08, 7.42355794614e-08, 6.38344630488e-08, 5.46944569635e-08, 4.87522875403e-08, 4.00981541304e-08, 2.52262299938e-08, 1.7644892214e-09, 1.00334052178e-09, 9.17458775618e-10, 5.73315492303e-11, 1.69629813668e-11, 6.16306962062e-12, 7.8210901297e-12, 5.3293016701e-12, 5.0825541692e-12, 5.0133547487e-12, 4.67389278322e-12, 4.48462838046e-12, 3.90052486837e-12, 2.90699777618e-12, 2.38322859711e-12, 2.29961145612e-12],
        "min": [1.30773132573e-23, 7.23700363361e-24, 2.53787814199e-24, 4.59321756244e-25, 2.81511029093e-24, 1.19162715241e-24, 1.96805176407e-24, 9.84609441888e-25, 4.05143183703e-24, 8.0195836283e-24, 3.88966092006e-24, 8.05680898835e-25, 1.62313485643e-24, 1.89782519692e-24, 2.58564702246e-24, 1.93546786438e-24, 3.23174382536e-24, 7.91454916536e-24, 3.1426094456e-24, 4.74987311087e-24, 3.43969505415e-24, 2.70022394135e-24, 4.18727723479e-24, 1.26251287201e-23, 7.95357726978e-24, 5.98542098164e-24, 9.46300186963e-24, 1.24380330015e-23, 9.43395364452e-24, 1.76326063317e-23, 1.50097511069e-23, 6.45713022068e-24, 2.3337077263e-24, 5.40058987766e-24, 8.68654816873e-24, 1.03105003837e-23, 9.29925170065e-24, 9.47593524417e-24, 5.08435684e-24, 5.75493830767e-24, 3.16598532693e-23, 1.34292761719e-23, 6.07888078435e-25, 1.77872830226e-24, 3.27754765331e-24, 6.18827380241e-24, 5.80721572543e-24, 5.22254239363e-24, 3.69722185211e-24, 2.32388285815e-24, 7.27648691078e-24, 2.94765529187e-24, 4.30523087278e-24, 6.51955120639e-24, 1.86494496163e-23, 9.15385516949e-24, 3.22738990481e-24, 2.74228166608e-24, 1.11292709501e-23, 1.0482801016e-23, 3.76423045841e-24, 5.76417586887e-24, 1.75875671072e-23, 8.86727777984e-24, 8.38247226648e-24, 5.50952131348e-24, 7.13190763951e-24, 3.98900966803e-24, 9.927741917e-24, 4.01620367559e-24, 8.52724244208e-24, 6.39066237853e-24, 1.39594143661e-23, 1.27911697412e-23, 1.41327775941e-23, 1.31328711531e-23, 1.2496887547e-23, 1.30107846729e-23, 7.3811829524e-24, 8.00846857815e-24, 1.05476390715e-23, 5.48150728501e-24, 3.25618451114e-24, 5.58853441061e-24, 6.79477294331e-24, 7.40378223961e-24, 1.16435798613e-23, 6.14017853074e-24, 6.37238723237e-24, 6.22249261632e-24, 1.0765043615e-23, 8.35886008187e-24, 6.88455004749e-24, 7.76413784542e-24, 1.15535298113e-23, 8.76573087095e-24, 8.26758019766e-24, 6.68889203261e-24, 9.00698741273e-24, 5.51879121797e-24, 5.97718685152e-24, 7.85674301594e-24, 7.10858338913e-24, 1.18500263379e-23, 8.42904740319e-24, 6.99079067876e-24, 7.17250005511e-24, 9.37880280091e-24, 7.9957190082e-24, 7.57289824047e-24, 1.13050331041e-23, 8.84280731456e-24, 5.58641868566e-24, 5.47491161898e-24, 7.53146805459e-24, 6.63348165377e-24, 6.72004099431e-24, 8.90984944745e-24, 1.08113765714e-23, 1.01292848342e-23, 8.25252005412e-24, 5.91360545142e-24, 1.25436764651e-23, 1.25065558263e-23, 8.42710522764e-24, 5.74029902143e-24, 9.94659569264e-24, 9.65886814379e-24],
        "stdev": [0.000274380494375, 0.00184943364002, 0.00296508683823, 0.00242101866752, 0.00204495596699, 0.00103151868097, 0.00124089128803, 0.00151787092909, 0.0046764863655, 0.00297192716971, 0.00069203908788, 5.11150210514e-05, 7.68861063989e-05, 7.31049949536e-05, 4.88451296405e-05, 4.81940005557e-05, 3.3712174627e-05, 2.64984428213e-05, 1.3936653886e-05, 1.38313116622e-05, 1.19783690025e-05, 3.73125585611e-05, 5.5301872635e-05, 7.50122926547e-05, 8.71452866704e-05, 0.000101183446532, 7.94475272414e-05, 6.48424247629e-05, 9.1346395493e-05, 9.32436742005e-05, 6.92262983648e-05, 0.000117008807138, 0.000141822703881, 7.29240346118e-05, 6.65045517962e-05, 6.54999312246e-05, 6.30292852293e-05, 6.3619321736e-05, 8.3365237515e-05, 7.29742750991e-05, 8.05992312962e-05, 8.61955777509e-05, 7.43575437809e-05, 6.8333283707e-05, 5.09195306222e-05, 6.06785579294e-05, 7.20909447409e-05, 8.26336545288e-05, 7.73566862335e-05, 6.31941511529e-05, 4.52730382676e-05, 4.13998677686e-05, 3.97865987907e-05, 0.000110545282951, 4.81437382405e-05, 4.26308542956e-05, 3.59365112672e-05, 3.96050054405e-05, 5.45331058674e-05, 4.41669944848e-05, 2.97599053738e-05, 1.92811112356e-05, 3.14261087624e-05, 3.0067485568e-05, 5.12306833116e-05, 4.05701066484e-05, 2.61838722508e-05, 2.92224467557e-05, 3.36211051035e-05, 2.91350606858e-05, 2.2273261493e-05, 2.21323352889e-05, 1.72804939211e-05, 1.83404372365e-05, 1.72567397385e-05, 1.42581375258e-05, 1.23303479995e-05, 1.14513559311e-05, 1.14716785902e-05, 6.78769583828e-06, 7.64715150581e-06, 6.21055187366e-06, 4.70943905384e-06, 3.55062184099e-06, 3.30417628902e-06, 2.78402876575e-06, 2.37407061832e-06, 2.24526661441e-06, 1.71692113327e-06, 1.19458707104e-06, 1.01321234069e-06, 8.05850163488e-07, 8.25117979275e-07, 6.09777885074e-07, 5.98863152845e-07, 4.28485520843e-07, 3.79822580499e-07, 4.35926722275e-07, 3.26453317712e-07, 3.07072440364e-07, 2.57409766391e-07, 2.38698646626e-07, 1.51938763793e-07, 1.61406248367e-07, 1.35456645012e-07, 1.19662118436e-07, 9.85927215424e-08, 8.48522461183e-08, 7.3330447492e-08, 6.65106298925e-08, 5.7087323313e-08, 4.12239558045e-08, 8.54992698862e-09, 1.85889685866e-08, 1.79630106345e-08, 1.93263308135e-10, 6.00262548001e-11, 2.47705692763e-11, 2.52527113803e-11, 2.26039135326e-11, 2.15202231035e-11, 2.18672805558e-11, 2.12415866147e-11, 2.0459684294e-11, 2.02649182157e-11, 1.98143862429e-11, 1.97560405535e-11, 1.96783995349e-11]
    },
    "mfcc": {
        "mean": [-742.954223633, 116.524650574, -14.0566120148, 7.87311077118, 3.77371358871, 14.1684141159, -1.90029501915, 4.69709396362, 2.52433800697, 0.192781090736, -7.22977161407, -7.6725230217, -9.80742454529],
        "cov": [[12901.0976562, -5226.91210938, -4134.21630859, -1798.19714355, -1217.89868164, -55.3328514099, -66.9734039307, -118.566139221, 171.471282959, 238.080673218, 221.479476929, 551.631347656, 708.975524902], [-5226.91210938, 4189.08691406, 3034.7043457, 1743.93115234, 1023.090271, 371.429626465, 279.683319092, 185.747024536, -5.13156223297, -47.7863311768, -128.001144409, -375.225067139, -480.738220215], [-4134.21630859, 3034.7043457, 2526.44921875, 1368.01806641, 841.091308594, 336.825714111, 223.247070312, 162.494613647, -2.18383932114, -43.3247718811, -100.925476074, -296.931854248, -380.236938477], [-1798.19714355, 1743.93115234, 1368.01806641, 1064.3092041, 484.039550781, 225.143600464, 177.766799927, 78.950340271, -1.12633395195, -24.1689472198, -80.80052948, -156.321350098, -187.575942993], [-1217.89868164, 1023.090271, 841.091308594, 484.039550781, 373.247924805, 173.31980896, 93.7102737427, 69.6702804565, 20.4990100861, -0.0757627487183, -24.9072933197, -74.7889022827, -98.2503204346], [-55.3328514099, 371.429626465, 336.825714111, 225.143600464, 173.31980896, 192.743499756, 86.6852798462, 23.7136192322, 23.4625740051, 29.4822559357, -10.5549964905, -24.9048042297, -18.9862613678], [-66.9734039307, 279.683319092, 223.247070312, 177.766799927, 93.7102737427, 86.6852798462, 129.832397461, 69.8987808228, 51.6497993469, 34.1605873108, 30.2281532288, 17.1215782166, 0.910578429699], [-118.566139221, 185.747024536, 162.494613647, 78.950340271, 69.6702804565, 23.7136192322, 69.8987808228, 175.752182007, 64.2910385132, 30.444852829, 71.7447814941, 17.3362522125, -19.338388443], [171.471282959, -5.13156223297, -2.18383932114, -1.12633395195, 20.4990100861, 23.4625740051, 51.6497993469, 64.2910385132, 87.440574646, 44.5009536743, 39.2315101624, 42.66173172, 28.005443573], [238.080673218, -47.7863311768, -43.3247718811, -24.1689472198, -0.0757627487183, 29.4822559357, 34.1605873108, 30.444852829, 44.5009536743, 81.1950073242, 39.5231933594, 16.5922355652, 26.9317035675], [221.479476929, -128.001144409, -100.925476074, -80.80052948, -24.9072933197, -10.5549964905, 30.2281532288, 71.7447814941, 39.2315101624, 39.5231933594, 93.8139648438, 49.2681045532, 27.0668430328], [551.631347656, -375.225067139, -296.931854248, -156.321350098, -74.7889022827, -24.9048042297, 17.1215782166, 17.3362522125, 42.66173172, 16.5922355652, 49.2681045532, 117.845428467, 87.9108200073], [708.975524902, -480.738220215, -380.236938477, -187.575942993, -98.2503204346, -18.9862613678, 0.910578429699, -19.338388443, 28.005443573, 26.9317035675, 27.0668430328, 87.9108200073, 127.59588623]],
        "icov": [[0.000263711321168, 0.000141973621794, 0.000531486119144, -0.00032139554969, 0.000184511067346, -0.000808412325568, -5.01057984366e-05, -0.000137710812851, -0.000239813263761, -8.71015508892e-05, -2.30056471651e-07, 2.9756101867e-05, 0.000232814316405], [0.000141973621794, 0.00225220434368, -0.00147651042789, -0.000822188914753, -0.00118144473527, 0.000991014065221, -0.000982706900686, 0.000516107364092, -0.000294879748253, -0.000576627033297, -0.000105102109956, 0.000505549833179, 0.00127136835363], [0.000531486119144, -0.00147651042789, 0.00613156287, -0.00142702518497, -0.00390722136945, -0.00142912415322, -0.00117289402988, -0.000479282723973, -0.000765233242419, 0.000638157129288, -8.3774641098e-05, 0.00154086586554, 0.00336200650781], [-0.00032139554969, -0.000822188914753, -0.00142702518497, 0.0045093963854, -0.00119588105008, 0.0010624876013, -0.00312766456045, -5.28153250343e-05, 0.00145821121987, 0.000315760989906, 0.00216703629121, 0.000241803718382, -0.000696728820913], [0.000184511067346, -0.00118144473527, -0.00390722136945, -0.00119588105008, 0.0185227859765, -0.00936779566109, 0.00615854421631, -0.00253915926442, -0.00176969333552, 0.00128039368428, -0.000448464998044, -0.00310889398679, -0.00408278685063], [-0.000808412325568, 0.000991014065221, -0.00142912415322, 0.0010624876013, -0.00936779566109, 0.0166949853301, -0.00799539126456, 0.00256542209536, 0.00207817135379, -0.00371142826043, 0.00226969202049, 0.00230964901857, -0.000499933026731], [-5.01057984366e-05, -0.000982706900686, -0.00117289402988, -0.00312766456045, 0.00615854421631, -0.00799539126456, 0.0223676171154, -0.00360352243297, -0.00451530981809, -0.00106197514106, -0.00299547682516, -0.00488742487505, -0.00345262675546], [-0.000137710812851, 0.000516107364092, -0.000479282723973, -5.28153250343e-05, -0.00253915926442, 0.00256542209536, -0.00360352243297, 0.0137546453625, -0.00706098647788, 0.00291740475222, -0.00965189095587, 0.00226121093147, 0.00316423573531], [-0.000239813263761, -0.000294879748253, -0.000765233242419, 0.00145821121987, -0.00176969333552, 0.00207817135379, -0.00451530981809, -0.00706098647788, 0.0275176055729, -0.0112949926406, 0.00533673167229, -0.00891598314047, -0.000651447335258], [-8.71015508892e-05, -0.000576627033297, 0.000638157129288, 0.000315760989906, 0.00128039368428, -0.00371142826043, -0.00106197514106, 0.00291740475222, -0.0112949926406, 0.0245994850993, -0.0106376241893, 0.009466256015, -0.00541788619012], [-2.30056471651e-07, -0.000105102109956, -8.3774641098e-05, 0.00216703629121, -0.000448464998044, 0.00226969202049, -0.00299547682516, -0.00965189095587, 0.00533673167229, -0.0106376241893, 0.0272609610111, -0.00977988447994, 0.00312152900733], [2.9756101867e-05, 0.000505549833179, 0.00154086586554, 0.000241803718382, -0.00310889398679, 0.00230964901857, -0.00488742487505, 0.00226121093147, -0.00891598314047, 0.009466256015, -0.00977988447994, 0.0283481255174, -0.0124837169424], [0.000232814316405, 0.00127136835363, 0.00336200650781, -0.000696728820913, -0.00408278685063, -0.000499933026731, -0.00345262675546, 0.00316423573531, -0.000651447335258, -0.00541788619012, 0.00312152900733, -0.0124837169424, 0.0268396921456]]
    },
    "spectral_contrast_coeffs": {
        "max": [-0.406441777945, -0.607691049576, -0.565258741379, -0.682563960552, -0.700236260891, -0.593279719353],
        "mean": [-0.694838106632, -0.792170524597, -0.776238679886, -0.829493701458, -0.824333012104, -0.756853222847],
        "min": [-0.961955785751, -0.99773722887, -0.986621201038, -0.967950463295, -0.967329323292, -0.96299302578],
        "stdev": [0.0883605405688, 0.061339456588, 0.0751951038837, 0.0399500504136, 0.0317565575242, 0.0510967485607]
    },
    "spectral_contrast_valleys": {
        "max": [-5.80298757553, -5.91126680374, -5.78330612183, -5.62619590759, -5.30867576599, -9.25655937195],
        "mean": [-8.11353969574, -7.99211835861, -8.04360389709, -8.07940578461, -8.57621002197, -11.5159244537],
        "min": [-27.788110733, -27.364654541, -27.4731407166, -27.330280304, -27.420917511, -27.3329124451],
        "stdev": [1.82580959797, 1.51671648026, 1.8699067831, 2.02111983299, 1.98256623745, 1.76699900627]
    }
},
"rhythm": {
    "beats_count": 32,
    "beats_loudness": {
        "max": 0.112352542579,
        "mean": 0.0141873750836,
        "min": 0.00123563956004,
        "stdev": 0.0204133093357
    },
    "bpm": 172.265609741,
    "bpm_histogram_first_peak_bpm": 172,
    "bpm_histogram_first_peak_weight": 0,
    "bpm_histogram_second_peak_bpm": 161,
    "bpm_histogram_second_peak_spread": 0.300000011921,
    "bpm_histogram_second_peak_weight": 0.225806444883,
    "danceability": 0.940984845161,
    "onset_rate": 1.64584994316,
    "beats_loudness_band_ratio": {
        "max": [0.959426283836, 0.822818696499, 0.677399933338, 0.541646182537, 0.52292817831, 0.397073179483],
        "mean": [0.41994613409, 0.188764289021, 0.0726999863982, 0.16741925478, 0.158386468887, 0.0550875402987],
        "min": [0.00040209692088, 0.003527934663, 0.00163857045118, 0.00206016120501, 0.000170645187609, 3.57237440767e-05],
        "stdev": [0.364861249924, 0.226686581969, 0.114449575543, 0.202405437827, 0.190093562007, 0.0822685211897]
    },
    "beats_position": [0.476009070873, 0.952018141747, 1.42802715302, 1.90403628349, 2.36843538284, 2.8444442749, 3.22757363319, 3.59909296036, 3.98222208023, 4.3653512001, 4.73687076569, 5.10838985443, 5.47990942001, 5.85142850876, 6.21133756638, 6.5596370697, 6.90793657303, 7.25623559952, 7.60453510284, 7.95283412933, 8.3011341095, 8.66104316711, 9.0093421936, 9.35764122009, 9.69433116913, 10.0310201645, 10.379319191, 10.7276191711, 11.0759181976, 11.4358272552, 11.807346344, 12.1788663864],
