{
"metadata": {
    "version": {
        "essentia": "2.1-beta5",
        "essentia_git_sha": "Undefined",
        "extractor": "music 2.0"
    },
    "audio_properties": {
        "analysis": {
            "equal_loudness": 0,
            "length": 51.2812690735,
            "sample_rate": 44100,
            "start_time": 142.744674683,
            "downmix": "mix"
        },
        "bit_rate": 192000,
        "length": 194.049163818,
        "lossless": 0,
        "number_channels": 2,
        "replay_gain": -4.8498210907,
        "sample_rate": 48000,
        "codec": "mp3",
        "md5_encoded": "b75d2ae3667beb9ae5ec98287c98f185"
    },
    "tags": {
        "file_name": "Norway_A Monster Like Me_Mørland _ Debrah Scarlett.mp3",
        "encoding": ["Lavf58.29.100"]
    }
},
"lowlevel": {
    "average_loudness": 0.907870411873,
    "barkbands_crest": {
        "max": 21.714641571,
        "mean": 10.1032991409,
        "min": 2.97763347626,
        "stdev": 3.5393679142
    },
    "barkbands_flatness_db": {
        "max": 0.276209503412,
        "mean": 0.133873850107,
        "min": 0.0459454916418,
        "stdev": 0.0418938882649
    },
    "barkbands_kurtosis": {
        "max": 39.3462677002,
        "mean": 2.36360883713,
        "min": -1.88556361198,
        "stdev": 4.24064874649
    },
    "barkbands_skewness": {
        "max": 5.85045385361,
        "mean": 1.43067383766,
        "min": -0.538037896156,
        "stdev": 0.827909290791
    },
    "barkbands_spread": {
        "max": 97.9932098389,
        "mean": 27.3346099854,
        "min": 4.09498977661,
        "stdev": 13.9101715088
    },
    "dissonance": {
        "max": 0.499999940395,
        "mean": 0.472086548805,
        "min": 0.358541429043,
        "stdev": 0.0210547074676
    },
    "dynamic_complexity": 2.46494245529,
    "erbbands_crest": {
        "max": 22.7316303253,
        "mean": 8.25847530365,
        "min": 2.20219492912,
        "stdev": 3.69380116463
    },
    "erbbands_flatness_db": {
        "max": 0.344878554344,
        "mean": 0.155340090394,
        "min": 0.0647331699729,
        "stdev": 0.0598242506385
    },
    "erbbands_kurtosis": {
        "max": 7.44848442078,
        "mean": 0.0446932315826,
        "min": -1.72798359394,
        "stdev": 1.11254489422
    },
    "erbbands_skewness": {
        "max": 2.36067581177,
        "mean": 0.416089385748,
        "min": -2.12167024612,
        "stdev": 0.644038558006
    },
    "erbbands_spread": {
        "max": 124.933189392,
        "mean": 41.9734535217,
        "min": 9.02480792999,
        "stdev": 17.3002586365
    },
    "hfc": {
        "max": 184.817459106,
        "mean": 30.7527999878,
        "min": 4.30596037404e-06,
        "stdev": 21.3597602844
    },
    "loudness_ebu128": {
        "integrated": -17.2967166901,
        "loudness_range": 4.47933959961,
        "momentary": {
            "max": -12.3762197495,
            "mean": -18.1251068115,
            "min": -29.6782779694,
            "stdev": 2.91656970978
        },
        "short_term": {
            "max": -14.0632867813,
            "mean": -17.9307746887,
            "min": -26.1874427795,
            "stdev": 2.30313420296
        }
    },
    "melbands_crest": {
        "max": 30.3507614136,
        "mean": 14.1647558212,
        "min": 3.91571211815,
        "stdev": 4.7196393013
    },
    "melbands_flatness_db": {
        "max": 0.315310865641,
        "mean": 0.164876446128,
        "min": 0.0536378510296,
        "stdev": 0.0407504066825
    },
    "melbands_kurtosis": {
        "max": 171.692672729,
        "mean": 11.25578022,
        "min": -0.933836460114,
        "stdev": 13.0846824646
    },
    "melbands_skewness": {
        "max": 12.1008739471,
        "mean": 2.61457014084,
        "min": -0.153767332435,
        "stdev": 1.27593183517
    },
    "melbands_spread": {
        "max": 86.7801742554,
        "mean": 25.5276813507,
        "min": 3.00844740868,
        "stdev": 12.5003108978
    },
    "pitch_salience": {
        "max": 0.837815642357,
        "mean": 0.548438668251,
        "min": 0.186418384314,
        "stdev": 0.116141207516
    },
    "silence_rate_20dB": {
        "max": 1,
        "mean": 1,
        "min": 1,
        "stdev": 0
    },
    "silence_rate_30dB": {
        "max": 1,
        "mean": 1,
        "min": 1,
        "stdev": 0
    },
    "silence_rate_60dB": {
        "max": 1,
        "mean": 0.0176470596343,
        "min": 0,
        "stdev": 0.131665885448
    },
    "spectral_centroid": {
        "max": 3530.54199219,
        "mean": 1611.68359375,
        "min": 376.000061035,
        "stdev": 479.428710938
    },
    "spectral_complexity": {
        "max": 50,
        "mean": 24.557466507,
        "min": 0,
        "stdev": 9.44905757904
    },
    "spectral_decrease": {
        "max": -8.69492364664e-15,
        "mean": -7.65993313223e-09,
        "min": -3.6344424359e-08,
        "stdev": 4.48468018277e-09
    },
    "spectral_energy": {
        "max": 0.142663791776,
        "mean": 0.0316997356713,
        "min": 3.32071579123e-08,
        "stdev": 0.0182900168002
    },
    "spectral_energyband_high": {
        "max": 0.0093980235979,
        "mean": 0.00156969961245,
        "min": 1.41114786523e-10,
        "stdev": 0.00142054806929
    },
    "spectral_energyband_low": {
        "max": 0.113440483809,
        "mean": 0.0106916036457,
        "min": 2.08331201179e-08,
        "stdev": 0.011860806495
    },
    "spectral_energyband_middle_high": {
        "max": 0.0742066726089,
        "mean": 0.00973484478891,
        "min": 5.9501692462e-10,
        "stdev": 0.0102527141571
    },
    "spectral_energyband_middle_low": {
        "max": 0.0849526748061,
        "mean": 0.0105810947716,
        "min": 3.35163097276e-09,
        "stdev": 0.00833312608302
    },
    "spectral_entropy": {
        "max": 8.78915786743,
        "mean": 7.86252832413,
        "min": 6.88836193085,
        "stdev": 0.256234496832
    },
    "spectral_flux": {
        "max": 0.270737677813,
        "mean": 0.0901929065585,
        "min": 0.00447869952768,
        "stdev": 0.0414121933281
    },
    "spectral_kurtosis": {
        "max": 16.6908454895,
        "mean": 2.61301636696,
        "min": -0.664444446564,
        "stdev": 1.61723637581
    },
    "spectral_rms": {
        "max": 0.0117976348847,
        "mean": 0.005323771853,
        "min": 5.69185613131e-06,
        "stdev": 0.0016074848827
    },
    "spectral_rolloff": {
        "max": 9280.81054688,
        "mean": 1678.84643555,
        "min": 107.666015625,
        "stdev": 1231.46118164
    },
    "spectral_skewness": {
        "max": 2.83638954163,
        "mean": 1.28970444202,
        "min": 0.197458535433,
        "stdev": 0.292404741049
    },
    "spectral_spread": {
        "max": 15171758,
        "mean": 5106734,
        "min": 2665351.75,
        "stdev": 1251204.125
    },
    "spectral_strongpeak": {
        "max": 10.4902381897,
        "mean": 0.856490433216,
        "min": 0,
        "stdev": 1.05373001099
    },
    "zerocrossingrate": {
        "max": 0.20654296875,
        "mean": 0.0728922188282,
        "min": 0.00048828125,
        "stdev": 0.0263732727617
    },
    "barkbands": {
        "max": [0.0205865763128, 0.0855748876929, 0.0463097169995, 0.0396856293082, 0.0420130081475, 0.0258482638747, 0.0326961912215, 0.0175804588944, 0.0383168570697, 0.0442679487169, 0.043233115226, 0.0161127634346, 0.0440446361899, 0.013665843755, 0.0203918609768, 0.0428918041289, 0.0113814892247, 0.0170760676265, 0.00400542002171, 0.00495619699359, 0.00418261811137, 0.00235257204622, 0.00342049798928, 0.0034873879049, 0.00441412813962, 0.00094644917408, 1.6635245629e-05],
        "mean": [0.000452261389, 0.00751556735486, 0.00227514305152, 0.00108660559636, 0.00245570880361, 0.00124115508515, 0.00110445986502, 0.000719431380276, 0.00308543653227, 0.00319694099016, 0.00147887202911, 0.000729939492885, 0.000912878836971, 0.0010099230567, 0.000577704049647, 0.000512077182066, 0.00059363694163, 0.00070465542376, 0.00031222216785, 0.000367694359738, 0.000260848697508, 0.000275657745078, 0.000392369373003, 0.000286989175947, 0.000120003569464, 3.14933058689e-05, 2.06848227435e-08],
        "min": [4.04165811929e-10, 1.53241486167e-09, 1.38348155154e-09, 5.47335177181e-10, 1.13983189554e-09, 5.49980117004e-10, 3.07526337728e-10, 1.96658717089e-10, 1.88075111041e-10, 1.21929327745e-10, 8.59756432714e-11, 9.15870435048e-11, 6.88217052791e-11, 5.21631314532e-11, 4.93526712553e-11, 4.12127831861e-11, 3.22199350533e-11, 3.09137195009e-11, 2.62218857738e-11, 2.57597710523e-11, 2.48891983412e-11, 2.02677735706e-11, 1.84650662816e-11, 1.58477328482e-11, 1.80870683014e-11, 1.68786408461e-11, 1.67614221114e-11],
        "stdev": [0.00151812843978, 0.00877240207046, 0.00429823249578, 0.00267176283523, 0.00365028204396, 0.00158276420552, 0.00217105657794, 0.00107754371129, 0.00452603725716, 0.00541218137369, 0.00286201830022, 0.00117708090693, 0.00189352559391, 0.00140075664967, 0.00093995052157, 0.00138608692214, 0.00083083595382, 0.000999580835924, 0.000321007159073, 0.000450965744676, 0.000245014001848, 0.000277649174677, 0.000454459950561, 0.000390299537685, 0.000218046669033, 5.71114578634e-05, 4.13612411876e-07]
    },
    "erbbands": {
        "max": [3.24338436127, 21.0142726898, 53.5475158691, 80.756652832, 226.386077881, 154.858901978, 134.728668213, 260.515289307, 620.300720215, 394.494537354, 356.253967285, 820.588562012, 1710.07666016, 1620.99450684, 710.827941895, 865.822509766, 1513.98046875, 696.432128906, 578.234191895, 1863.47399902, 1373.16186523, 558.564758301, 675.463867188, 582.458618164, 251.92124939, 294.777923584, 269.505645752, 108.640167236, 82.6820602417, 80.0718383789, 118.421936035, 95.0390930176, 61.5625190735, 34.6713905334, 39.1760978699, 10.3958129883, 1.34306561947, 0.0547019988298, 0.00143206131179, 0.000214676227188],
        "mean": [0.209761857986, 1.68398201466, 2.94833612442, 3.15149235725, 5.51213312149, 9.26519966125, 9.39189338684, 10.5898923874, 12.5315151215, 19.6938724518, 20.4712696075, 64.6196899414, 104.284744263, 79.7980804443, 50.2425956726, 30.8854389191, 41.6908073425, 44.2931594849, 40.0804519653, 32.9365005493, 26.9485206604, 35.4968681335, 38.8689842224, 24.17927742, 14.6819591522, 17.6016254425, 13.0115346909, 9.35621929169, 9.47435951233, 10.9110164642, 11.3090801239, 7.81093549728, 3.73103427887, 1.6607247591, 0.679357051849, 0.236183434725, 0.0387275330722, 0.00133338128217, 6.58521676087e-05, 4.46514750365e-05],
        "min": [2.39926663426e-07, 7.51866593873e-07, 2.25603548643e-06, 2.8697545531e-06, 3.33557500198e-06, 3.83422775485e-06, 4.18832451032e-06, 4.46269950771e-06, 4.47744332632e-06, 4.44737497673e-06, 4.32244223703e-06, 4.25265170634e-06, 4.06574145018e-06, 3.68549945051e-06, 3.63799790648e-06, 3.66211088476e-06, 3.21640391121e-06, 2.82381938632e-06, 2.55446093433e-06, 2.58149111687e-06, 2.0917357233e-06, 1.87647879102e-06, 1.70543660261e-06, 1.50133689658e-06, 1.30337116389e-06, 1.20706158668e-06, 1.0533619843e-06, 9.05257479644e-07, 7.49888215523e-07, 6.12581175119e-07, 5.16764771419e-07, 3.60212879968e-07, 2.49895634852e-07, 1.83323507486e-07, 1.39234941798e-07, 7.16655534916e-08, 2.64502162395e-08, 1.07094306756e-08, 2.13081197131e-09, 2.9887209374e-10],
        "stdev": [0.317518115044, 1.88998317719, 4.73679018021, 6.31313705444, 11.7667865753, 14.3076953888, 10.6103820801, 15.0265417099, 27.4283504486, 37.7637405396, 24.234834671, 95.3839416504, 173.95274353, 137.400375366, 83.46925354, 52.2723083496, 74.5935668945, 64.5232162476, 54.0208244324, 68.5856246948, 50.6417655945, 48.228187561, 53.3942985535, 28.9164409637, 14.9067726135, 22.0761165619, 14.3069353104, 8.79406261444, 9.48491859436, 11.450003624, 13.7846384048, 10.1212301254, 5.53235578537, 2.59917283058, 1.57981395721, 0.461169958115, 0.078802973032, 0.00428958889097, 0.000103385100374, 2.58850141108e-05]
    },
    "gfcc": {
        "mean": [27.2045917511, 67.3292617798, -139.285583496, 36.2330703735, -73.6809768677, 29.6918048859, -39.5386428833, 18.4461688995, -22.2284355164, 0.301132619381, -15.1192646027, 0.627789914608, -6.71404409409],
        "cov": [[2793.19824219, 148.104263306, 618.229736328, 438.498504639, 92.0942153931, 252.831207275, 64.9785919189, 113.417221069, 48.5738334656, 185.415008545, 17.0106678009, -0.846171379089, -112.134132385], [148.104263306, 1372.16369629, 1401.75488281, 966.629821777, 413.85949707, 116.865936279, -65.8563232422, -115.651313782, 24.1477603912, 70.8385543823, 186.949874878, 45.252948761, 50.3906517029], [618.229736328, 1401.75488281, 2344.00146484, 1477.52490234, 524.458557129, 246.293746948, -198.857589722, -111.604919434, -13.8536205292, 186.762252808, 222.232879639, 132.65802002, 34.5234069824], [438.498504639, 966.629821777, 1477.52490234, 1098.51318359, 371.081756592, 170.393157959, -115.293731689, -74.4181060791, 35.1043357849, 101.901809692, 170.10508728, 73.2422866821, 32.7617607117], [92.0942153931, 413.85949707, 524.458557129, 371.081756592, 295.315612793, 98.5382080078, -5.70755004883, 6.8903503418, 29.5583114624, 90.0147628784, 63.2015838623, 60.4185638428, 15.6761932373], [252.831207275, 116.865936279, 246.293746948, 170.393157959, 98.5382080078, 211.196914673, 102.055252075, 33.6901321411, 13.2378988266, 21.6857051849, 48.8796234131, 22.6681747437, 7.62274074554], [64.9785919189, -65.8563232422, -198.857589722, -115.293731689, -5.70755004883, 102.055252075, 209.401412964, 77.3967437744, 18.2092990875, -5.15824651718, -8.1057844162, -12.1727848053, -8.30951881409], [113.417221069, -115.651313782, -111.604919434, -74.4181060791, 6.8903503418, 33.6901321411, 77.3967437744, 122.330596924, 62.3536453247, 32.2357635498, 3.76117062569, 7.16769218445, -0.170049473643], [48.5738334656, 24.1477603912, -13.8536205292, 35.1043357849, 29.5583114624, 13.2378988266, 18.2092990875, 62.3536453247, 108.204101562, 43.8843803406, 35.160823822, 6.5301156044, 9.02116012573], [185.415008545, 70.8385543823, 186.762252808, 101.901809692, 90.0147628784, 21.6857051849, -5.15824651718, 32.2357635498, 43.8843803406, 134.86781311, 41.4791641235, 38.226764679, -6.57963991165], [17.0106678009, 186.949874878, 222.232879639, 170.10508728, 63.2015838623, 48.8796234131, -8.1057844162, 3.76117062569, 35.160823822, 41.4791641235, 121.881721497, 50.7346382141, 28.9853610992], [-0.846171379089, 45.252948761, 132.65802002, 73.2422866821, 60.4185638428, 22.6681747437, -12.1727848053, 7.16769218445, 6.5301156044, 38.226764679, 50.7346382141, 92.3894195557, 38.3958816528], [-112.134132385, 50.3906517029, 34.5234069824, 32.7617607117, 15.6761932373, 7.62274074554, -8.30951881409, -0.170049473643, 9.02116012573, -6.57963991165, 28.9853610992, 38.3958816528, 72.5808639526]],
        "icov": [[0.000610975024756, -0.000460163544631, 0.000534567807335, -0.000797767890617, 0.00117322744336, -0.00131767289713, 0.000812401529402, -0.00122630235273, 0.000701064651366, -0.0012801066041, 0.00103015790228, -0.000685500097461, 0.00109241972677], [-0.000460163544631, 0.00562890339643, -0.0038974462077, 0.00168805348221, -0.00578125240281, 0.00566575163975, -0.00567191606387, 0.00624548317865, -0.00382135086693, 0.00421246467158, -0.00552848074585, 0.00564349070191, -0.00342895160429], [0.000534567807335, -0.0038974462077, 0.00685238977894, -0.00656264508143, 0.00440990598872, -0.00555790541694, 0.00587219838053, -0.00603163801134, 0.00645297532901, -0.00553698465228, 0.00440712179989, -0.0048421821557, 0.00302163185552], [-0.000797767890617, 0.00168805348221, -0.00656264508143, 0.0101426271722, -0.00506312213838, 0.00290236971341, -0.00284012244083, 0.00566115928814, -0.00663302373141, 0.0053845718503, -0.00463086320087, 0.00411477545276, -0.00239915261045], [0.00117322744336, -0.00578125240281, 0.00440990598872, -0.00506312213838, 0.0146611947566, -0.00825498439372, 0.005804695189, -0.00745400600135, 0.00418395595625, -0.00851105619222, 0.00840449333191, -0.00892838463187, 0.00443690503016], [-0.00131767289713, 0.00566575163975, -0.00555790541694, 0.00290236971341, -0.00825498439372, 0.0170035455376, -0.0121958563104, 0.00693014264107, -0.00414535822347, 0.00706695858389, -0.00858820974827, 0.00596670620143, -0.00458945566788], [0.000812401529402, -0.00567191606387, 0.00587219838053, -0.00284012244083, 0.005804695189, -0.0121958563104, 0.0167347602546, -0.0120160607621, 0.00662809796631, -0.00499010644853, 0.00581877259538, -0.00447356700897, 0.00436333334073], [-0.00122630235273, 0.00624548317865, -0.00603163801134, 0.00566115928814, -0.00745400600135, 0.00693014264107, -0.0120160607621, 0.0257355608046, -0.0153649719432, 0.0047807591036, -0.00473255757242, 0.00420874217525, -0.00434366194531], [0.000701064651366, -0.00382135086693, 0.00645297532901, -0.00663302373141, 0.00418395595625, -0.00414535822347, 0.00662809796631, -0.0153649719432, 0.0234404336661, -0.00866953283548, -0.000290921947453, 0.000216960266698, 0.000217388820602], [-0.0012801066041, 0.00421246467158, -0.00553698465228, 0.0053845718503, -0.00851105619222, 0.00706695858389, -0.00499010644853, 0.0047807591036, -0.00866953283548, 0.0185683257878, -0.00696962326765, 0.000760857132263, 0.000978486146778], [0.00103015790228, -0.00552848074585, 0.00440712179989, -0.00463086320087, 0.00840449333191, -0.00858820974827, 0.00581877259538, -0.00473255757242, -0.000290921947453, -0.00696962326765, 0.0215109121054, -0.0120900617912, 0.00237530260347], [-0.000685500097461, 0.00564349070191, -0.0048421821557, 0.00411477545276, -0.00892838463187, 0.00596670620143, -0.00447356700897, 0.00420874217525, 0.000216960266698, 0.000760857132263, -0.0120900617912, 0.0269674770534, -0.0131276911125], [0.00109241972677, -0.00342895160429, 0.00302163185552, -0.00239915261045, 0.00443690503016, -0.00458945566788, 0.00436333334073, -0.00434366194531, 0.000217388820602, 0.000978486146778, 0.00237530260347, -0.0131276911125, 0.0235626064241]]
    },
    "melbands": {
        "max": [0.0257662832737, 0.0237247645855, 0.0173185355961, 0.0111233098432, 0.00413592765108, 0.00534600717947, 0.00814543943852, 0.00376619980671, 0.00239235255867, 0.00614174176008, 0.00844975374639, 0.00599297462031, 0.00333664356731, 0.00194582366385, 0.00679131178185, 0.00120517821051, 0.0013416436268, 0.00114300870337, 0.00209764367901, 0.00421795854345, 0.00110072188545, 0.000481572875287, 0.0010134234326, 0.000930816167966, 0.000443011755124, 0.000102075864561, 0.000232087710174, 0.000234421531786, 0.0002059029066, 6.79087897879e-05, 7.98775727162e-05, 5.9872501879e-05, 4.91212013003e-05, 4.87855468236e-05, 8.14981613075e-05, 4.7855082812e-05, 6.77687276038e-05, 4.98817971675e-05, 3.79839584639e-05, 3.27511661453e-05],
        "mean": [0.0020374066662, 0.00176159874536, 0.000619739817921, 0.000529509328771, 0.000365923944628, 0.000239084853092, 0.000194120249944, 0.000203182760742, 0.000197235625819, 0.000434289337136, 0.00053375097923, 0.000343220192008, 0.000199632922886, 7.8555480286e-05, 0.000101208795968, 8.2284284872e-05, 8.27280964586e-05, 7.20300231478e-05, 4.35804322478e-05, 3.95973256673e-05, 2.84110828943e-05, 3.51348389813e-05, 3.60787234968e-05, 3.56240561814e-05, 1.7754822693e-05, 1.12982988867e-05, 1.07244768515e-05, 1.18003918033e-05, 9.1289921329e-06, 5.75179819862e-06, 5.1701740631e-06, 5.19894183526e-06, 5.55769929633e-06, 6.30529802947e-06, 6.66661571813e-06, 5.94659059061e-06, 4.27788518209e-06, 2.77523099612e-06, 1.89637478343e-06, 1.21301525269e-06],
        "min": [1.44663669932e-09, 1.4008835203e-09, 5.0559534337e-10, 2.57935450776e-10, 1.51556975303e-10, 1.01175706702e-10, 6.76302347458e-11, 4.75462100247e-11, 3.45169413885e-11, 2.6333480535e-11, 2.00579917259e-11, 1.49214009204e-11, 1.20809213328e-11, 1.06347430862e-11, 8.34032842789e-12, 6.44519897522e-12, 5.05421008865e-12, 4.04641598006e-12, 3.76343357519e-12, 3.11148394376e-12, 2.28306089312e-12, 1.93638291165e-12, 1.70609229869e-12, 1.43243533354e-12, 1.19845442164e-12, 9.20906363319e-13, 9.78773485871e-13, 7.41148949938e-13, 6.4782093535e-13, 6.17259769773e-13, 4.90775009607e-13, 4.23421551727e-13, 3.81565140812e-13, 3.27203785984e-13, 3.0702729855e-13, 2.66328598715e-13, 1.96425924029e-13, 1.73880509058e-13, 1.69838996382e-13, 1.43374963052e-13],
        "stdev": [0.00258194422349, 0.00217564031482, 0.00118352507707, 0.000866436166689, 0.000411123299273, 0.000322598876664, 0.000412877881899, 0.000369239889551, 0.000240540786763, 0.000648437940981, 0.000888354494236, 0.00058901659213, 0.000367934146198, 0.000133030596771, 0.000264170230366, 0.000120483608043, 0.000126012804685, 0.000105489911221, 8.08541735751e-05, 0.000122826415463, 4.83852163597e-05, 4.89408776048e-05, 5.66076196264e-05, 5.30403667653e-05, 2.25017556659e-05, 1.08664025902e-05, 1.33264757096e-05, 1.62768992595e-05, 1.16228029583e-05, 5.57921157451e-06, 5.21946003573e-06, 5.61030219615e-06, 5.7300944718e-06, 7.10459653419e-06, 8.4078128566e-06, 7.52139931137e-06, 6.00159000896e-06, 4.39294944954e-06, 2.94184951599e-06, 1.99948362933e-06]
    },
    "melbands128": {
        "max": [0.016060359776, 0.0352728255093, 0.0336808897555, 0.0407594330609, 0.031041957438, 0.0218457467854, 0.0181764159352, 0.0238629616797, 0.0277351476252, 0.0133968442678, 0.0100321741775, 0.006616409868, 0.00652400357649, 0.00864807143807, 0.00991886854172, 0.00491458922625, 0.0156974159181, 0.0106181995943, 0.00881204847246, 0.00675553549081, 0.00576291093603, 0.00588143849745, 0.00218972656876, 0.00489007681608, 0.00806031934917, 0.0103046847507, 0.0139176817611, 0.0122537016869, 0.0106290578842, 0.00900478009135, 0.0121579226106, 0.00980210211128, 0.00633731670678, 0.00219810754061, 0.00452237948775, 0.00248049292713, 0.00190027954523, 0.0100276898593, 0.00958969816566, 0.00259151356295, 0.00229532807134, 0.00234725652263, 0.00211864733137, 0.00192162382882, 0.00252185482532, 0.0025056861341, 0.00147993559949, 0.0039338846691, 0.00277921394445, 0.00444862805307, 0.00785458274186, 0.00547651294619, 0.00114364956971, 0.000666002044454, 0.000775130931288, 0.000693638343364, 0.001343696611, 0.00223163468763, 0.0008624222246, 0.000929405854549, 0.00182040955406, 0.00270268437453, 0.000731789565179, 0.000360126054147, 0.000360801001079, 0.000166221958352, 0.000154134439072, 0.000658960663714, 0.000274073361652, 0.000376319745556, 0.000363520201063, 0.000295923731755, 0.000478930334793, 0.000460537616163, 8.56650367496e-05, 0.000111235051008, 0.00011991282372, 6.5448373789e-05, 8.78437422216e-05, 0.000116565795906, 7.9086603364e-05, 5.53659483558e-05, 6.77208809066e-05, 5.35297658644e-05, 8.00820198492e-05, 8.2194856077e-05, 0.00010062486399, 9.43707564147e-05, 0.000118891664897, 0.000127247301862, 7.40896139177e-05, 6.76264462527e-05, 8.80619263626e-05, 0.000118169453344, 6.74370385241e-05, 6.92641042406e-05, 8.46924594953e-05, 4.63749020128e-05, 5.18354027008e-05, 3.68814507965e-05, 3.51261114702e-05, 4.37050111941e-05, 3.2254098187e-05, 5.55076549063e-05, 7.39430906833e-05, 4.50394763902e-05, 3.74129813281e-05, 1.75436616701e-05, 1.41458540384e-05, 1.98075358639e-05, 7.63337720855e-06, 5.91890784563e-06, 5.34465925739e-06, 2.14363421946e-06, 2.08902406484e-06, 9.21798232412e-07, 6.31134980722e-07, 1.520658377e-09, 1.46239376164e-09, 1.43431322375e-09, 1.40598299669e-09, 1.38985833953e-09, 1.3513645758e-09, 1.32698940725e-09, 1.30948829558e-09, 1.2977636743e-09, 1.28857624571e-09, 1.28301891333e-09],
        "mean": [0.000379714125302, 0.00150430831127, 0.00290517346002, 0.0027659307234, 0.00178370764479, 0.00101132423151, 0.000602741842158, 0.000556096725632, 0.000551360019017, 0.000518307613675, 0.000550733646378, 0.00042789435247, 0.000259894790361, 0.000373645918444, 0.000266840186669, 0.00013636953372, 0.000187647048733, 0.000205197007745, 0.000179891081643, 0.000283416477032, 0.000160120689543, 0.000135774200317, 0.000130494125187, 0.000332466821419, 0.000464907061541, 0.000388556392863, 0.000607542460784, 0.00047754458501, 0.00061198946787, 0.000400518008973, 0.000225033829338, 0.000256184459431, 0.000263658963377, 8.96537094377e-05, 0.000101018296846, 6.45996333333e-05, 5.98136393819e-05, 0.000117511539429, 0.000119637537864, 8.30541175674e-05, 6.34586322121e-05, 9.65727231232e-05, 8.08427066659e-05, 6.54347168165e-05, 0.000114812137326, 6.77541756886e-05, 3.30784423568e-05, 4.47000420536e-05, 4.37768212578e-05, 5.18153101439e-05, 3.48538342223e-05, 3.38009522238e-05, 3.35479089699e-05, 2.41097695834e-05, 2.1684798412e-05, 4.08615051128e-05, 3.97414150939e-05, 4.03955673391e-05, 3.23507520079e-05, 3.26411209244e-05, 4.15789108956e-05, 3.5513752664e-05, 1.62240212376e-05, 1.39492176459e-05, 1.67835369211e-05, 1.06661109385e-05, 8.31469151308e-06, 9.98410268949e-06, 1.0579067748e-05, 1.28943147502e-05, 1.20888162201e-05, 1.17017671073e-05, 1.01543701021e-05, 9.60825309448e-06, 6.67433869239e-06, 4.64898721475e-06, 6.48862169328e-06, 5.41152530786e-06, 4.73396858069e-06, 5.113500265e-06, 5.08957145939e-06, 5.14878138347e-06, 5.63150570088e-06, 5.37731057193e-06, 5.82309030506e-06, 5.88255579714e-06, 6.99252996128e-06, 6.10901952314e-06, 7.10910308044e-06, 6.25001939625e-06, 6.80206267134e-06, 5.44269960301e-06, 5.57361454412e-06, 4.30914087701e-06, 3.63920457858e-06, 2.91544529318e-06, 2.82786459138e-06, 2.07288780985e-06, 2.02859291676e-06, 1.76529817963e-06, 1.33853018269e-06, 1.13356441034e-06, 1.02587694073e-06, 9.17686293178e-07, 7.78718856509e-07, 6.09688243003e-07, 5.34841831268e-07, 4.34793179238e-07, 3.94278686144e-07, 3.68721799759e-07, 3.01247695234e-07, 1.95581591811e-07, 5.46808252011e-08, 2.37291750693e-08, 1.27475301426e-08, 3.87162968352e-09, 8.63937255069e-10, 6.2208124936e-12, 5.47778966284e-12, 5.32403374859e-12, 5.17942373018e-12, 5.07556236623e-12, 4.96866523619e-12, 4.86811589304e-12, 4.71862609749e-12, 4.52675483903e-12, 4.41454251626e-12, 4.37930030781e-12],
        "min": [5.57515353328e-11, 5.66869440277e-10, 4.96548191453e-10, 1.13832242243e-10, 4.45837755603e-10, 6.13605166677e-10, 3.06495329117e-10, 1.99478475404e-10, 3.24585636147e-10, 2.67937005916e-10, 2.05851100055e-10, 1.64355862253e-10, 1.46087891784e-10, 1.22820711934e-10, 1.01319425072e-10, 9.21579410007e-11, 7.67015964631e-11, 6.26573098961e-11, 5.75477443476e-11, 4.93193957896e-11, 4.3289007795e-11, 3.94479067467e-11, 3.26022230046e-11, 3.1155442809e-11, 2.75260023108e-11, 2.47539107268e-11, 2.25176058355e-11, 1.99374700777e-11, 1.79613476869e-11, 1.54032966937e-11, 1.41119399152e-11, 1.30520559638e-11, 1.2044672551e-11, 1.12814566716e-11, 1.12775925751e-11, 1.07177808295e-11, 9.25194556384e-12, 8.44438234615e-12, 7.7337849666e-12, 6.78688268779e-12, 6.24643262462e-12, 5.81769831962e-12, 5.1715775759e-12, 4.69193477473e-12, 4.20354376307e-12, 3.90512535503e-12, 3.86598262084e-12, 3.83876220741e-12, 3.79190949473e-12, 3.36926276809e-12, 3.14761281275e-12, 2.70649605158e-12, 2.37224324386e-12, 2.14432985257e-12, 1.90356085929e-12, 1.98250855836e-12, 1.88758080347e-12, 1.80917737388e-12, 1.66724978008e-12, 1.4419883473e-12, 1.48475752092e-12, 1.335467327e-12, 1.31359463237e-12, 1.16475969494e-12, 1.02107146523e-12, 8.58125365471e-13, 8.89149593796e-13, 9.78361597466e-13, 1.03988486658e-12, 9.37665635241e-13, 7.51183620515e-13, 6.25817919622e-13, 6.2507871058e-13, 6.76142789761e-13, 6.29661362113e-13, 6.64208271717e-13, 5.93665849986e-13, 5.30033428172e-13, 4.77171579159e-13, 4.60067801997e-13, 4.04624223667e-13, 4.14564731285e-13, 4.42463313167e-13, 3.8486301277e-13, 3.1926929633e-13, 3.39416618726e-13, 3.28224535225e-13, 3.11304747171e-13, 3.31390161623e-13, 2.83018725643e-13, 2.4497149643e-13, 2.97992208166e-13, 2.41816441003e-13, 1.83304529867e-13, 1.68383658254e-13, 1.8526018664e-13, 1.70174285904e-13, 1.68608155866e-13, 1.58915876335e-13, 1.88866432801e-13, 1.64646765731e-13, 1.20107388119e-13, 1.32724330116e-13, 1.65418446627e-13, 1.7325999305e-13, 1.48349119989e-13, 1.6091219069e-13, 1.54638237979e-13, 1.01196476329e-13, 1.26401778042e-13, 9.50249603939e-14, 7.57481981328e-14, 5.67455899435e-14, 1.03220464944e-13, 9.01628760801e-14, 1.18698318318e-13, 6.34221814606e-14, 7.24319692766e-14, 8.28775118195e-14, 6.91042478774e-14, 5.00105057193e-14, 5.67193691916e-14, 7.5790210967e-14, 8.34672161574e-14, 8.24940769449e-14, 4.43532370391e-14, 5.35498464419e-15, 1.58753522248e-16],
        "stdev": [0.00129377946723, 0.00290573853999, 0.00359464529902, 0.00337534910068, 0.00281868386082, 0.00195248844102, 0.00135044381022, 0.00138601486105, 0.00134953751694, 0.00100630230736, 0.00096618727548, 0.000648827350233, 0.00040988335968, 0.000521911191754, 0.000475863576867, 0.000323704676703, 0.000472326675663, 0.000606370042078, 0.000473891850561, 0.000671380199492, 0.000297936756397, 0.000292618206004, 0.000225731710088, 0.000529149605427, 0.000884881941602, 0.000771694700234, 0.00133169349283, 0.00105835567228, 0.00111808232032, 0.00081720383605, 0.0006573589053, 0.000565281952731, 0.00061058200663, 0.000194507840206, 0.00022027407249, 0.000149955638335, 0.000127044680994, 0.000386200117646, 0.000381294288673, 0.000155115834787, 0.000128422601847, 0.000177869893378, 0.000162900192663, 0.000142358941957, 0.000195144210011, 0.000137977578561, 6.84011247358e-05, 0.000122538753203, 9.23937186599e-05, 0.00015307457943, 0.000191271115909, 0.000146526828757, 5.9787184e-05, 4.55458757642e-05, 4.708639608e-05, 6.47306442261e-05, 8.45298854983e-05, 9.03421241674e-05, 6.56688207528e-05, 6.53724273434e-05, 7.97567918198e-05, 8.11816935311e-05, 3.37169403792e-05, 2.15014006244e-05, 2.06894965231e-05, 1.29961963466e-05, 1.10924756882e-05, 2.4186581868e-05, 1.40025294968e-05, 2.02781284315e-05, 2.1284315153e-05, 1.91773960978e-05, 1.9621105821e-05, 1.65766869031e-05, 7.17570719644e-06, 5.62034892937e-06, 8.61668468133e-06, 5.49846254216e-06, 5.47995387024e-06, 6.69120709063e-06, 6.75989804222e-06, 5.89958244746e-06, 6.42568193143e-06, 6.28914176559e-06, 7.39274491934e-06, 7.25997688278e-06, 9.60828219831e-06, 7.72413750383e-06, 1.10348546514e-05, 9.40025802265e-06, 9.94076344796e-06, 7.52212508814e-06, 8.61167518451e-06, 7.23925586499e-06, 5.61069509786e-06, 4.89340118293e-06, 5.56003851671e-06, 3.33346679326e-06, 3.4943366245e-06, 3.02714261124e-06, 2.42329133471e-06, 1.98824409381e-06, 1.83457621006e-06, 2.33095124713e-06, 2.51535470852e-06, 1.62736262155e-06, 1.39078542816e-06, 8.80286052052e-07, 7.67910592003e-07, 7.53697293021e-07, 4.76979494124e-07, 3.55066305247e-07, 2.93486550618e-07, 1.36034557841e-07, 1.13996996731e-07, 3.83976335172e-08, 1.70879683736e-08, 3.55210305614e-11, 3.17546787476e-11, 3.11300811517e-11, 3.05057680505e-11, 3.01392764912e-11, 2.93123199324e-11, 2.87826793649e-11, 2.84016230673e-11, 2.81452708362e-11, 2.79445685342e-11, 2.78225237987e-11]
    },
    "mfcc": {
        "mean": [-602.184020996, 88.331237793, -6.17249822617, 7.12800645828, -3.14264726639, 3.86533522606, -0.74172949791, 11.6401929855, 0.455340057611, 5.32388401031, -0.581193625927, -0.625347554684, -6.23742580414],
        "cov": [[2548.37963867, -177.481506348, 121.67301178, -8.47657966614, -64.9629440308, 94.8667602539, 45.0946464539, 68.0695877075, 5.68826580048, 281.072357178, 115.32509613, 21.7654666901, -1.97390162945], [-177.481506348, 768.627197266, 732.985595703, 577.551269531, 412.204467773, 231.834609985, 115.580673218, -26.658082962, -39.171131134, -9.30706214905, 2.84601211548, 66.9385528564, 96.8959121704], [121.67301178, 732.985595703, 1914.81982422, 1147.12683105, 844.919677734, 470.444732666, 207.425964355, -29.4984397888, -114.072174072, -0.973418712616, -40.2476577759, 138.780670166, 176.121627808], [-8.47657966614, 577.551269531, 1147.12683105, 890.658691406, 607.057861328, 303.750915527, 102.583480835, -44.065952301, -53.1241073608, -16.3426113129, -6.11935138702, 113.930839539, 148.254669189], [-64.9629440308, 412.204467773, 844.919677734, 607.057861328, 565.079162598, 239.201019287, 71.9715194702, -30.0854358673, -44.7458763123, -15.6410617828, -12.2944297791, 99.1253051758, 123.232315063], [94.8667602539, 231.834609985, 470.444732666, 303.750915527, 239.201019287, 249.745223999, 124.429931641, 28.9238624573, -14.836602211, 21.2703056335, 17.0497150421, 31.0742034912, 52.4420509338], [45.0946464539, 115.580673218, 207.425964355, 102.583480835, 71.9715194702, 124.429931641, 158.369857788, 67.212387085, 5.45158243179, 34.4331970215, 17.3923969269, 6.26861953735, 12.3400287628], [68.0695877075, -26.658082962, -29.4984397888, -44.065952301, -30.0854358673, 28.9238624573, 67.212387085, 128.146194458, 34.2371826172, 48.1341590881, 9.77816295624, -4.61533546448, -12.4641065598], [5.68826580048, -39.171131134, -114.072174072, -53.1241073608, -44.7458763123, -14.836602211, 5.45158243179, 34.2371826172, 88.6186294556, 38.0896034241, 25.3503513336, -3.93603897095, -11.8553552628], [281.072357178, -9.30706214905, -0.973418712616, -16.3426113129, -15.6410617828, 21.2703056335, 34.4331970215, 48.1341590881, 38.0896034241, 132.58303833, 58.7067108154, 13.9277067184, -5.26046848297], [115.32509613, 2.84601211548, -40.2476577759, -6.11935138702, -12.2944297791, 17.0497150421, 17.3923969269, 9.77816295624, 25.3503513336, 58.7067108154, 86.9199447632, 31.7633895874, 11.5826559067], [21.7654666901, 66.9385528564, 138.780670166, 113.930839539, 99.1253051758, 31.0742034912, 6.26861953735, -4.61533546448, -3.93603897095, 13.9277067184, 31.7633895874, 86.9573059082, 57.760345459], [-1.97390162945, 96.8959121704, 176.121627808, 148.254669189, 123.232315063, 52.4420509338, 12.3400287628, -12.4641065598, -11.8553552628, -5.26046848297, 11.5826559067, 57.760345459, 96.1243743896]],
        "icov": [[0.000581567815971, 0.000248975877184, -7.7777003753e-05, -0.000135503185447, 0.000316805555485, -0.000432620407082, 0.000302830565488, 6.71726011205e-05, 0.000512923870701, -0.00140149297658, 2.44540533458e-05, 7.92426289991e-05, -0.00015182835341], [0.000248975877184, 0.00286235916428, 0.000348156871041, -0.00180844892748, -0.000361597369192, -0.000270330347121, -0.00123009865638, 0.000653495837469, 0.000503151793964, -0.000618293939624, -7.1139424108e-05, 0.000367251166608, -5.90962808928e-05], [-7.7777003753e-05, 0.000348156871041, 0.00330188381486, -0.00319499359466, -0.0010857002344, -0.000941521138884, -0.00152200588491, 0.000450110092061, 0.00172680406831, -0.0012625886593, 0.00220323749818, -0.000870210118592, 0.00108594610356], [-0.000135503185447, -0.00180844892748, -0.00319499359466, 0.00853907968849, -0.00279886182398, -0.000589942384977, 0.00158930779435, 0.000441067910288, -0.00203297636472, 0.00157409976237, -0.00152884761337, -5.96880511239e-07, -0.00171270000283], [0.000316805555485, -0.000361597369192, -0.0010857002344, -0.00279886182398, 0.00852245744318, -0.00289290584624, 0.00193268677685, 0.000108518761408, -0.000199666596018, -0.00073941599112, 0.00207150378264, -0.00287056621164, -0.00149444164708], [-0.000432620407082, -0.000270330347121, -0.000941521138884, -0.000589942384977, -0.00289290584624, 0.0130588822067, -0.00667694816366, -0.00069822993828, 0.000122819663375, 0.00151420745533, -0.00368345645256, 0.00374498055317, -0.00145900493953], [0.000302830565488, -0.00123009865638, -0.00152200588491, 0.00158930779435, 0.00193268677685, -0.00667694816366, 0.0153207648546, -0.00611259648576, 0.000423816178227, -0.000391373498132, -0.00192159123253, 0.000979482545517, -0.000336965924362], [6.71726011205e-05, 0.000653495837469, 0.000450110092061, 0.000441067910288, 0.000108518761408, -0.00069822993828, -0.00611259648576, 0.0135919479653, -0.00333014619537, -0.0039506549947, 0.00428623287007, -0.00211128988303, 0.000751861662138], [0.000512923870701, 0.000503151793964, 0.00172680406831, -0.00203297636472, -0.000199666596018, 0.000122819663375, 0.000423816178227, -0.00333014619537, 0.0161527078599, -0.00393280386925, -0.00239281635731, 0.00129452638794, 0.00046510194079], [-0.00140149297658, -0.000618293939624, -0.0012625886593, 0.00157409976237, -0.00073941599112, 0.00151420745533, -0.000391373498132, -0.0039506549947, -0.00393280386925, 0.017081592232, -0.00919175986201, 0.000359454541467, 0.00148121034727], [2.44540533458e-05, -7.1139424108e-05, 0.00220323749818, -0.00152884761337, 0.00207150378264, -0.00368345645256, -0.00192159123253, 0.00428623287007, -0.00239281635731, -0.00919175986201, 0.023774119094, -0.0100979171693, 0.000954615592491], [7.92426289991e-05, 0.000367251166608, -0.000870210118592, -5.96880511239e-07, -0.00287056621164, 0.00374498055317, 0.000979482545517, -0.00211128988303, 0.00129452638794, 0.000359454541467, -0.0100979171693, 0.0257356446236, -0.0116040147841], [-0.00015182835341, -5.90962808928e-05, 0.00108594610356, -0.00171270000283, -0.00149444164708, -0.00145900493953, -0.000336965924362, 0.000751861662138, 0.00046510194079, 0.00148121034727, 0.000954615592491, -0.0116040147841, 0.0209602452815]]
    },
    "spectral_contrast_coeffs": {
        "max": [-0.405378997326, -0.522320508957, -0.502268016338, -0.611803472042, -0.634373486042, -0.616490721703],
        "mean": [-0.727228820324, -0.737322330475, -0.738103628159, -0.784287333488, -0.781368494034, -0.752092242241],
        "min": [-0.947159826756, -0.923842012882, -0.934816718102, -0.951730787754, -0.935153663158, -0.93320608139],
        "stdev": [0.0719911530614, 0.067799910903, 0.0699533969164, 0.0441601276398, 0.0336805544794, 0.0312149394304]
    },
    "spectral_contrast_valleys": {
        "max": [-4.91016578674, -5.05812931061, -5.01076984406, -5.63786315918, -5.90241718292, -7.85910987854],
        "mean": [-6.97392129898, -6.71327543259, -6.99149799347, -7.1966509819, -7.10458135605, -9.5387544632],
        "min": [-16.351890564, -17.6429824829, -17.4789199829, -17.3472557068, -17.2971401215, -18.7846775055],
        "stdev": [1.49464666843, 0.638044416904, 0.810157835484, 0.726264119148, 0.603062808514, 0.748228132725]
    }
},
"rhythm": {
    "beats_count": 115,
    "beats_loudness": {
        "max": 0.0887728258967,
        "mean": 0.035433743149,
        "min": 0.00171692017466,
        "stdev": 0.0175706055015
    },
    "bpm": 149.257354736,
    "bpm_histogram_first_peak_bpm": 148,
    "bpm_histogram_first_peak_weight": 0.54545456171,
    "bpm_histogram_second_peak_bpm": 140,
    "bpm_histogram_second_peak_spread": 0.166666686535,
    "bpm_histogram_second_peak_weight": 0.0438596494496,
    "danceability": 0.825420379639,
    "onset_rate": 2.02757191658,
    "beats_loudness_band_ratio": {
        "max": [0.913382053375, 0.829553544521, 0.47294691205, 0.683033943176, 0.552608191967, 0.374604582787],
        "mean": [0.443743824959, 0.150113925338, 0.134597957134, 0.157472670078, 0.0791785418987, 0.0723931342363],
        "min": [6.63292894387e-06, 0.000247601623414, 0.00228792242706, 0.00562716089189, 0.0057215183042, 0.00557655654848],
        "stdev": [0.243137538433, 0.162952512503, 0.104559659958, 0.175015091896, 0.0742458999157, 0.0598168037832]
    },
