{
"metadata": {
    "version": {
        "essentia": "2.1-beta5",
        "essentia_git_sha": "Undefined",
        "extractor": "music 2.0"
    },
    "audio_properties": {
        "analysis": {
            "equal_loudness": 0,
            "length": 30.3368701935,
            "sample_rate": 44100,
            "start_time": 158.998641968,
            "downmix": "mix"
        },
        "bit_rate": 192000,
        "length": 189.35874939,
        "lossless": 0,
        "number_channels": 2,
        "replay_gain": -2.98802947998,
        "sample_rate": 48000,
        "codec": "mp3",
        "md5_encoded": "8772a653b6d82ea2a6f0672d1129ed00"
    },
    "tags": {
        "file_name": "France_N’oubliez pas_Lisa Angell.mp3",
        "encoding": ["Lavf58.29.100"]
    }
},
"lowlevel": {
    "average_loudness": 0.942755222321,
    "barkbands_crest": {
        "max": 23.8231525421,
        "mean": 10.307390213,
        "min": 2.43510246277,
        "stdev": 4.13469982147
    },
    "barkbands_flatness_db": {
        "max": 0.294989168644,
        "mean": 0.13653947413,
        "min": 0.0527086518705,
        "stdev": 0.0433480143547
    },
    "barkbands_kurtosis": {
        "max": 29.8212852478,
        "mean": 1.63305103779,
        "min": -1.75740778446,
        "stdev": 2.43485736847
    },
    "barkbands_skewness": {
        "max": 4.7501616478,
        "mean": 0.424338281155,
        "min": -1.55772471428,
        "stdev": 0.825678110123
    },
    "barkbands_spread": {
        "max": 94.0933609009,
        "mean": 21.6428356171,
        "min": 3.55571889877,
        "stdev": 15.2279291153
    },
    "dissonance": {
        "max": 0.499996781349,
        "mean": 0.467194199562,
        "min": 0.328484773636,
        "stdev": 0.0297260638326
    },
    "dynamic_complexity": 2.13327431679,
    "erbbands_crest": {
        "max": 31.5687217712,
        "mean": 13.7252216339,
        "min": 2.19066309929,
        "stdev": 6.51663208008
    },
    "erbbands_flatness_db": {
        "max": 0.353475391865,
        "mean": 0.201325669885,
        "min": 0.0655812397599,
        "stdev": 0.0590694025159
    },
    "erbbands_kurtosis": {
        "max": 28.6422805786,
        "mean": 3.22774577141,
        "min": -1.5485599041,
        "stdev": 4.13402366638
    },
    "erbbands_skewness": {
        "max": 3.40267682076,
        "mean": 0.777902007103,
        "min": -1.50987243652,
        "stdev": 0.973182499409
    },
    "erbbands_spread": {
        "max": 112.352462769,
        "mean": 22.6096820831,
        "min": 4.07825088501,
        "stdev": 18.5644264221
    },
    "hfc": {
        "max": 110.495292664,
        "mean": 39.9911079407,
        "min": 0.000132235945784,
        "stdev": 20.156665802
    },
    "loudness_ebu128": {
        "integrated": -18.9638748169,
        "loudness_range": 1.86629295349,
        "momentary": {
            "max": -16.6059513092,
            "mean": -19.2077789307,
            "min": -24.0097026825,
            "stdev": 1.51794087887
        },
        "short_term": {
            "max": -17.3223514557,
            "mean": -19.0091362,
            "min": -20.4230117798,
            "stdev": 0.597911298275
        }
    },
    "melbands_crest": {
        "max": 27.881608963,
        "mean": 12.1244306564,
        "min": 4.38817024231,
        "stdev": 4.44377708435
    },
    "melbands_flatness_db": {
        "max": 0.2731975317,
        "mean": 0.151986792684,
        "min": 0.0594602301717,
        "stdev": 0.0322825461626
    },
    "melbands_kurtosis": {
        "max": 44.6082992554,
        "mean": 3.37253689766,
        "min": -1.52995204926,
        "stdev": 4.51945590973
    },
    "melbands_skewness": {
        "max": 5.45159006119,
        "mean": 0.893328666687,
        "min": -1.29703629017,
        "stdev": 1.2189347744
    },
    "melbands_spread": {
        "max": 116.680259705,
        "mean": 31.9483833313,
        "min": 4.08930873871,
        "stdev": 16.7300815582
    },
    "pitch_salience": {
        "max": 0.863059222698,
        "mean": 0.565634846687,
        "min": 0.1799826473,
        "stdev": 0.120151951909
    },
    "silence_rate_20dB": {
        "max": 1,
        "mean": 1,
        "min": 1,
        "stdev": 0
    },
    "silence_rate_30dB": {
        "max": 1,
        "mean": 0.998470962048,
        "min": 0,
        "stdev": 0.0390731878579
    },
    "silence_rate_60dB": {
        "max": 1,
        "mean": 0.000764526019339,
        "min": 0,
        "stdev": 0.0276394914836
    },
    "spectral_centroid": {
        "max": 3386.80322266,
        "mean": 1649.36279297,
        "min": 788.801025391,
        "stdev": 377.655609131
    },
    "spectral_complexity": {
        "max": 45,
        "mean": 22.6131496429,
        "min": 0,
        "stdev": 5.68114900589
    },
    "spectral_decrease": {
        "max": -2.71121178893e-13,
        "mean": -7.18129022914e-09,
        "min": -3.16198516259e-08,
        "stdev": 3.71292419032e-09
    },
    "spectral_energy": {
        "max": 0.129217013717,
        "mean": 0.0307311657816,
        "min": 1.03526895145e-06,
        "stdev": 0.0156440194696
    },
    "spectral_energyband_high": {
        "max": 0.00502685597166,
        "mean": 0.00100389891304,
        "min": 4.30027835563e-09,
        "stdev": 0.000830427801702
    },
    "spectral_energyband_low": {
        "max": 0.062321126461,
        "mean": 0.00274100806564,
        "min": 1.14558647013e-08,
        "stdev": 0.00386994378641
    },
    "spectral_energyband_middle_high": {
        "max": 0.0862791016698,
        "mean": 0.0206446256489,
        "min": 1.85231243677e-08,
        "stdev": 0.015049573034
    },
    "spectral_energyband_middle_low": {
        "max": 0.0457661449909,
        "mean": 0.00693156151101,
        "min": 1.0587405086e-07,
        "stdev": 0.00532831158489
    },
    "spectral_entropy": {
        "max": 8.88894367218,
        "mean": 7.64806509018,
        "min": 6.87720346451,
        "stdev": 0.297437697649
    },
    "spectral_flux": {
        "max": 0.309977650642,
        "mean": 0.104317039251,
        "min": 0.00997260306031,
        "stdev": 0.0375529080629
    },
    "spectral_kurtosis": {
        "max": 12.4547052383,
        "mean": 4.41545963287,
        "min": -0.838125705719,
        "stdev": 1.88520395756
    },
    "spectral_rms": {
        "max": 0.0112278843299,
        "mean": 0.00527998013422,
        "min": 3.17807898682e-05,
        "stdev": 0.00145033025183
    },
    "spectral_rolloff": {
        "max": 9754.54101562,
        "mean": 2016.39868164,
        "min": 107.666015625,
        "stdev": 1320.23730469
    },
    "spectral_skewness": {
        "max": 3.27101111412,
        "mean": 1.67937278748,
        "min": 0.333416134119,
        "stdev": 0.322573959827
    },
    "spectral_spread": {
        "max": 16631727,
        "mean": 4658606.5,
        "min": 2535121.5,
        "stdev": 1529771.375
    },
    "spectral_strongpeak": {
        "max": 13.0548152924,
        "mean": 3.4466881752,
        "min": 0,
        "stdev": 2.9343328476
    },
    "zerocrossingrate": {
        "max": 0.2373046875,
        "mean": 0.0803177878261,
        "min": 0.00048828125,
        "stdev": 0.0282588377595
    },
    "barkbands": {
        "max": [0.0017208121717, 0.0402185022831, 0.0466882400215, 0.0103965187445, 0.0123830810189, 0.0114449458197, 0.028547892347, 0.0356959328055, 0.0349953211844, 0.0327302590013, 0.0683353766799, 0.05853234604, 0.0293822214007, 0.0367578454316, 0.0342975482345, 0.026732634753, 0.0144949760288, 0.00952656473964, 0.00304841692559, 0.00321888900362, 0.00224921200424, 0.00176122761331, 0.00193950801622, 0.00227637705393, 0.00179517967626, 0.000451097468613, 7.76804938596e-07],
        "mean": [0.000107493593532, 0.00186500267591, 0.000616257137153, 0.000408706138842, 0.00118524814025, 0.000751560146455, 0.000652362185065, 0.000970691617113, 0.00209423154593, 0.00224355212413, 0.00551054114476, 0.00453864689916, 0.00139960600063, 0.00257612834685, 0.00159967015497, 0.00135220249649, 0.000684040191118, 0.000692826753948, 0.000369281071471, 0.000271142518613, 0.000155073372298, 0.000102679747215, 0.000195911241462, 0.00022797427664, 0.000124094221974, 3.62549508282e-05, 6.81742129416e-09],
        "min": [5.12813180809e-10, 1.20452392505e-09, 1.86972215488e-09, 6.31594421208e-09, 3.66166403865e-08, 1.70281229117e-08, 9.58463797218e-09, 6.15310069563e-09, 5.87663206986e-09, 3.87885723541e-09, 2.77310352459e-09, 2.64317523424e-09, 2.0785535515e-09, 1.73320269248e-09, 1.47325418531e-09, 1.29090138579e-09, 1.05605257872e-09, 9.32709243173e-10, 8.55910009534e-10, 7.97992949497e-10, 7.59569296349e-10, 6.39239106093e-10, 5.33373956113e-10, 5.04572272852e-10, 4.97400953758e-10, 4.75359696051e-10, 8.00257152211e-11],
        "stdev": [0.000160430805408, 0.00268018897623, 0.00163444061764, 0.000665920146275, 0.00140405178536, 0.00119172839914, 0.0013890148839, 0.00217767991126, 0.00351206632331, 0.0035660401918, 0.00913597270846, 0.00904918834567, 0.00307511677966, 0.004133568611, 0.00335724302568, 0.00310470443219, 0.00140610418748, 0.000824362097774, 0.000356905133231, 0.000299928680761, 0.000187384313904, 0.00017030343588, 0.000208808633033, 0.000256903498666, 0.000175198394572, 5.306325329e-05, 3.84371006135e-08]
    },
    "erbbands": {
        "max": [0.710359156132, 10.126241684, 46.5867958069, 29.6277599335, 58.0010223389, 42.8687820435, 83.6798171997, 144.509887695, 218.305877686, 535.023071289, 689.726928711, 818.961303711, 1119.79248047, 1253.09338379, 3275.58911133, 2705.27490234, 1468.27294922, 2004.00830078, 2005.58435059, 1536.78405762, 1274.98901367, 604.16784668, 539.799743652, 277.109313965, 108.406013489, 174.697845459, 139.740615845, 57.1509246826, 74.0558776855, 73.3950042725, 51.589214325, 61.9019813538, 31.199224472, 25.9371185303, 10.2452421188, 2.46895766258, 1.09446322918, 0.0908649638295, 0.0015302838292, 0.000160499257618],
        "mean": [0.045993745327, 0.437688857317, 0.84228926897, 1.00628077984, 2.78663349152, 3.94248390198, 4.79170274734, 6.66254997253, 7.53633880615, 16.3367576599, 22.7076587677, 46.8005447388, 73.3310699463, 78.320930481, 308.90020752, 156.669754028, 77.4416656494, 125.404243469, 93.6792068481, 95.315788269, 56.104511261, 38.1476287842, 33.9750556946, 32.2576942444, 13.5870780945, 13.8353099823, 8.43515014648, 5.04481697083, 3.59147953987, 4.14805698395, 5.90825653076, 5.67936515808, 3.19150042534, 1.60595107079, 0.774596869946, 0.264672547579, 0.0482136085629, 0.00141717575025, 6.89590742695e-05, 4.4421536586e-05],
        "min": [2.55792571124e-07, 9.69957682173e-07, 8.74649413163e-06, 8.25852985145e-05, 0.000107754654891, 0.000121398014016, 0.000133928857394, 0.00013580317318, 0.000138081537443, 0.000139135227073, 0.000136472837767, 0.0001318907307, 0.000126394646941, 0.000120811571833, 0.000113572161354, 0.000105637416709, 9.7905023722e-05, 9.06594577827e-05, 8.3006118075e-05, 7.49602477299e-05, 6.85129634803e-05, 6.0396931076e-05, 5.1929437177e-05, 4.60074916191e-05, 4.16883885919e-05, 3.77947362722e-05, 3.33474199579e-05, 2.79782379948e-05, 2.31425656239e-05, 1.91092367459e-05, 1.47191376527e-05, 1.10245991891e-05, 8.16205101728e-06, 5.52250776309e-06, 3.57769840775e-06, 1.90823084267e-06, 8.74980401022e-07, 3.15118910521e-07, 7.31251006414e-08, 8.23396195671e-09],
        "stdev": [0.0607985667884, 0.68126809597, 1.8901424408, 1.59242808819, 4.61319732666, 4.60617589951, 6.1147351265, 11.8763418198, 13.7055864334, 30.7354793549, 45.6935157776, 75.8191299438, 128.567504883, 109.643997192, 474.400665283, 325.450012207, 151.258789062, 201.489685059, 146.803192139, 201.870147705, 128.255859375, 68.5254058838, 43.3299026489, 28.628162384, 11.0940742493, 16.2684593201, 10.7566308975, 5.7568769455, 5.8614859581, 6.4790096283, 5.9105386734, 6.34599876404, 3.81977915764, 2.36159133911, 1.06613242626, 0.33107110858, 0.0961116030812, 0.00441274698824, 9.65671715676e-05, 2.0868561478e-05]
    },
    "gfcc": {
        "mean": [25.0078887939, 60.0068969727, -155.522964478, 15.6337041855, -65.1393737793, 35.6185760498, -41.6281204224, 20.1416721344, -28.4569149017, 2.61288714409, -10.2241888046, 0.0375043638051, -7.67704963684],
        "cov": [[1816.78955078, 440.808959961, 871.273742676, 647.003479004, 292.450164795, 207.854751587, -257.78616333, -110.817817688, -162.333786011, 70.8093032837, 209.958129883, -1.5880972147, -31.1863555908], [440.808959961, 906.238830566, 869.643920898, 578.252380371, 327.773223877, 139.96585083, -76.6795959473, -104.246177673, -113.176139832, 28.3020000458, 202.249191284, 37.3061218262, 24.0904884338], [871.273742676, 869.643920898, 1866.17651367, 1006.78863525, 315.056549072, 177.852508545, -317.705108643, -178.313934326, -204.948928833, 123.895202637, 167.253005981, 126.413246155, -49.0314483643], [647.003479004, 578.252380371, 1006.78863525, 775.052307129, 256.88269043, 71.6240463257, -221.058624268, -77.9815139771, -46.4253540039, 53.3987083435, 107.459243774, 29.9755077362, 5.67202997208], [292.450164795, 327.773223877, 315.056549072, 256.88269043, 266.120941162, 118.640396118, -12.1020431519, -24.865530014, -57.2193222046, 22.5482578278, 89.0174331665, -5.52300024033, -11.1319789886], [207.854751587, 139.96585083, 177.852508545, 71.6240463257, 118.640396118, 224.267593384, 89.6172561646, -37.1898269653, -80.8654556274, 3.7872004509, 118.66318512, 17.1535682678, -6.03913068771], [-257.78616333, -76.6795959473, -317.705108643, -221.058624268, -12.1020431519, 89.6172561646, 257.802398682, 70.4644546509, 15.6747274399, -27.9387798309, 3.72699165344, 15.1599721909, 12.7500400543], [-110.817817688, -104.246177673, -178.313934326, -77.9815139771, -24.865530014, -37.1898269653, 70.4644546509, 127.725746155, 96.7102203369, -5.77299261093, -56.0690040588, -14.6850614548, 4.68674230576], [-162.333786011, -113.176139832, -204.948928833, -46.4253540039, -57.2193222046, -80.8654556274, 15.6747274399, 96.7102203369, 169.927307129, 6.72540140152, -86.867729187, -21.7894153595, 18.9639530182], [70.8093032837, 28.3020000458, 123.895202637, 53.3987083435, 22.5482578278, 3.7872004509, -27.9387798309, -5.77299261093, 6.72540140152, 82.5294418335, 33.9976196289, 3.52566409111, -19.9285240173], [209.958129883, 202.249191284, 167.253005981, 107.459243774, 89.0174331665, 118.66318512, 3.72699165344, -56.0690040588, -86.867729187, 33.9976196289, 202.747589111, 26.9279994965, 5.12818431854], [-1.5880972147, 37.3061218262, 126.413246155, 29.9755077362, -5.52300024033, 17.1535682678, 15.1599721909, -14.6850614548, -21.7894153595, 3.52566409111, 26.9279994965, 89.4946670532, 24.4678134918], [-31.1863555908, 24.0904884338, -49.0314483643, 5.67202997208, -11.1319789886, -6.03913068771, 12.7500400543, 4.68674230576, 18.9639530182, -19.9285240173, 5.12818431854, 24.4678134918, 86.2893371582]],
        "icov": [[0.0011524790898, -0.000280413660221, 0.000870229850989, -0.00132080784533, 0.000456370849861, -0.00208546104841, 0.00198417808861, -0.0016225008294, 0.00175491999835, -0.00111951073632, 0.000617640034761, -0.000614190706983, 0.00027719719219], [-0.000280413660221, 0.00664677750319, -0.00524794217199, 0.00233939755708, -0.0064228111878, 0.00763754826039, -0.00635860627517, 0.00601882254705, -0.00589643977582, 0.00655049271882, -0.00738727208227, 0.00542502105236, -0.00306476815604], [0.000870229850989, -0.00524794217199, 0.00917047727853, -0.00805989746004, 0.00671392539516, -0.0103854387999, 0.00812822952867, -0.00729721831158, 0.0103127481416, -0.00977454148233, 0.00918428134173, -0.00929649733007, 0.00442130398005], [-0.00132080784533, 0.00233939755708, -0.00805989746004, 0.0119030755013, -0.00700027635321, 0.00749564077705, -0.00337820546702, 0.00554200261831, -0.0103920204565, 0.0080059748143, -0.00687820743769, 0.00630802335218, -0.00392009830102], [0.000456370849861, -0.0064228111878, 0.00671392539516, -0.00700027635321, 0.0147118289024, -0.0112809641287, 0.00616585835814, -0.00835120864213, 0.00949611142278, -0.00868748035282, 0.00785740930587, -0.00449154805392, 0.00359745137393], [-0.00208546104841, 0.00763754826039, -0.0103854387999, 0.00749564077705, -0.0112809641287, 0.0251996405423, -0.0172327365726, 0.0132024260238, -0.0115209072828, 0.0126950126141, -0.0150925703347, 0.0107832998037, -0.00383922387846], [0.00198417808861, -0.00635860627517, 0.00812822952867, -0.00337820546702, 0.00616585835814, -0.0172327365726, 0.020132496953, -0.0143790524453, 0.0102129671723, -0.00817294511944, 0.00948657747358, -0.0106290793046, 0.00304670352489], [-0.0016225008294, 0.00601882254705, -0.00729721831158, 0.00554200261831, -0.00835120864213, 0.0132024260238, -0.0143790524453, 0.0264478884637, -0.0184878464788, 0.00951413623989, -0.0082201436162, 0.00769883999601, -0.00167683674954], [0.00175491999835, -0.00589643977582, 0.0103127481416, -0.0103920204565, 0.00949611142278, -0.0115209072828, 0.0102129671723, -0.0184878464788, 0.02698947303, -0.0154276732355, 0.0134844239801, -0.00760869216174, 0.000598873128183], [-0.00111951073632, 0.00655049271882, -0.00977454148233, 0.0080059748143, -0.00868748035282, 0.0126950126141, -0.00817294511944, 0.00951413623989, -0.0154276732355, 0.027051653713, -0.0145822744817, 0.00779675645754, 0.000438816729002], [0.000617640034761, -0.00738727208227, 0.00918428134173, -0.00687820743769, 0.00785740930587, -0.0150925703347, 0.00948657747358, -0.0082201436162, 0.0134844239801, -0.0145822744817, 0.0201580692083, -0.00998259987682, 0.00225992919877], [-0.000614190706983, 0.00542502105236, -0.00929649733007, 0.00630802335218, -0.00449154805392, 0.0107832998037, -0.0106290793046, 0.00769883999601, -0.00760869216174, 0.00779675645754, -0.00998259987682, 0.0238940566778, -0.00881521590054], [0.00027719719219, -0.00306476815604, 0.00442130398005, -0.00392009830102, 0.00359745137393, -0.00383922387846, 0.00304670352489, -0.00167683674954, 0.000598873128183, 0.000438816729002, 0.00225992919877, -0.00881521590054, 0.0174860134721]]
    },
    "melbands": {
        "max": [0.00912363175303, 0.0171240400523, 0.00456292554736, 0.00293461116962, 0.00242344080471, 0.00276792887598, 0.00422977423295, 0.00562601396814, 0.00456887064502, 0.00595811009407, 0.00567086180672, 0.00473582744598, 0.00987767055631, 0.00782607682049, 0.00380262755789, 0.00246547535062, 0.00455658882856, 0.00330874533392, 0.00384338339791, 0.00237857573666, 0.00189396704081, 0.00085982226301, 0.000702162855305, 0.000356420554454, 0.0002337214828, 8.33535887068e-05, 0.000128260551719, 0.000118964344438, 8.56799306348e-05, 5.37352934771e-05, 3.93048394471e-05, 4.13047237089e-05, 3.83797014365e-05, 4.36361442553e-05, 3.47844470525e-05, 3.77229662263e-05, 4.1737632273e-05, 2.58227282757e-05, 1.97436893359e-05, 2.47188618232e-05],
        "mean": [0.000478525878862, 0.000487162993522, 0.000229645054787, 0.000244026887231, 0.00018051819643, 0.000147219907376, 0.00011924165301, 0.000187328012544, 0.000193128274987, 0.000313177326461, 0.000364530802472, 0.000266753602773, 0.000907899928279, 0.000661081343424, 0.000213518942473, 0.000138133575092, 0.00025450339308, 0.000157535730978, 0.000113251808216, 0.000119723583339, 5.61270353501e-05, 4.02984187531e-05, 3.07798254653e-05, 3.36311022693e-05, 2.61319310084e-05, 1.03045904325e-05, 8.11114568933e-06, 9.62763533607e-06, 5.51979246666e-06, 3.85384328183e-06, 2.61231457444e-06, 1.97407644009e-06, 1.97053873308e-06, 2.40841154664e-06, 3.27997850036e-06, 3.91574667447e-06, 3.24451025335e-06, 2.28398971558e-06, 1.77657716449e-06, 1.21841742384e-06],
        "min": [4.78163897366e-10, 1.3546466171e-09, 1.56834207843e-08, 8.26837887047e-09, 4.82075535047e-09, 3.0910587423e-09, 2.09714445809e-09, 1.48932333133e-09, 1.08926556663e-09, 8.17190870528e-10, 6.24542417782e-10, 4.89697393746e-10, 3.85319998131e-10, 3.04655495276e-10, 2.46402009907e-10, 1.99053384886e-10, 1.63754204641e-10, 1.35125827194e-10, 1.09648297386e-10, 9.2206971225e-11, 7.72896677215e-11, 6.38171251954e-11, 5.1480344293e-11, 4.3338391903e-11, 3.64751145954e-11, 3.18231760388e-11, 2.76074128835e-11, 2.44492551205e-11, 2.12718002934e-11, 1.82771801166e-11, 1.5475350168e-11, 1.33013365947e-11, 1.16620203078e-11, 1.018634916e-11, 8.66841754626e-12, 7.35760063986e-12, 6.4851761114e-12, 5.84090978709e-12, 5.06582536336e-12, 4.50927012743e-12],
        "stdev": [0.000637470686343, 0.000883418077137, 0.000342321902281, 0.00031335777021, 0.000210064608837, 0.000250437267823, 0.000230184596148, 0.000367782777175, 0.000354382413207, 0.000538012478501, 0.000650619680528, 0.00042421114631, 0.00141363288276, 0.00114549766295, 0.000456489855424, 0.000268263800535, 0.000439334980911, 0.000262834306341, 0.000260241387878, 0.000270719872788, 0.000153701825184, 8.69375653565e-05, 5.30439683644e-05, 4.3704341806e-05, 2.60118085862e-05, 9.32942384679e-06, 9.57946940616e-06, 1.23744730445e-05, 7.91815364209e-06, 4.57661963083e-06, 3.528045454e-06, 3.40691030942e-06, 3.44398381458e-06, 3.74235833078e-06, 3.5107389067e-06, 4.43019689556e-06, 3.90974582842e-06, 2.94441065307e-06, 2.33701007346e-06, 1.97266854229e-06]
    },
    "melbands128": {
        "max": [0.00171298079658, 0.00499699870124, 0.0132281379774, 0.0198389217257, 0.0236293822527, 0.0207918994129, 0.00616659596562, 0.00671668443829, 0.00678924843669, 0.00389864807948, 0.00258669047616, 0.0019511624705, 0.00318048708141, 0.00364870484918, 0.00524080125615, 0.00487631000578, 0.00558216543868, 0.00538543518633, 0.00873392540962, 0.00823615118861, 0.0125973140821, 0.0125753991306, 0.00682502845302, 0.00470937276259, 0.00593561958522, 0.0110643729568, 0.00875450018793, 0.0108373817056, 0.00930885504931, 0.00755899073556, 0.0103828888386, 0.011965405196, 0.0155597692356, 0.0194108262658, 0.018949739635, 0.0180841330439, 0.0115750487894, 0.00554996076971, 0.00892785191536, 0.00749860797077, 0.00418840162456, 0.008844261989, 0.00842684321105, 0.00886663701385, 0.00566991697997, 0.00548067688942, 0.00442362157628, 0.00768479378894, 0.00444128829986, 0.00451286369935, 0.00442618364468, 0.00497312378138, 0.00333101768047, 0.00400832854211, 0.00320101389661, 0.00134204863571, 0.00141570577398, 0.00116286205593, 0.00169317796826, 0.000727815902792, 0.000635879812762, 0.000713483430445, 0.000504602969158, 0.000522498216014, 0.000189109938219, 0.000128975400003, 0.000209086705581, 0.000207441917155, 0.000239798566326, 0.000409606960602, 0.00024555780692, 0.000281103770249, 0.000211211488931, 0.000125695412862, 0.000220665038796, 0.000107873987872, 4.18832532887e-05, 0.000111669789476, 5.84857953072e-05, 7.05836282577e-05, 5.99202903686e-05, 5.04100207763e-05, 7.64843643992e-05, 5.40846958756e-05, 4.86378194182e-05, 9.15854470804e-05, 3.94230701204e-05, 4.5983128075e-05, 4.85618220409e-05, 3.92709662265e-05, 3.62081627827e-05, 8.48065610626e-05, 5.91446769249e-05, 5.67101633351e-05, 3.41533814208e-05, 3.323994315e-05, 3.32443378284e-05, 1.9529434212e-05, 2.94306810247e-05, 3.5112741898e-05, 2.78585994238e-05, 2.89009476546e-05, 2.35557617998e-05, 1.57063568622e-05, 1.34604761115e-05, 1.19821652333e-05, 1.19870037452e-05, 8.85875579115e-06, 4.5263186621e-06, 6.22892684987e-06, 4.77560251966e-06, 5.66455491935e-06, 5.05558318764e-06, 2.89365743811e-06, 4.14595479015e-06, 2.67522182185e-07, 2.07279953202e-08, 2.97854652054e-09, 2.85002621503e-09, 2.7058220109e-09, 2.61125898682e-09, 2.51990295297e-09, 2.44473064015e-09, 2.36910802087e-09, 2.32684427282e-09, 2.28944507796e-09, 2.24695173578e-09, 2.22931872962e-09],
        "mean": [8.70626681717e-05, 0.00031317039975, 0.000663647078909, 0.000759536458645, 0.000526561401784, 0.000259692344116, 0.000177369045559, 0.000222661081352, 0.000311642943416, 0.000235455940128, 0.00021130789537, 0.000219698369619, 0.000136993723572, 0.000182233532541, 0.000173481719685, 0.000114443901111, 0.000104553015262, 0.000119847260066, 0.000125772334286, 0.000207222401514, 0.000204725030926, 0.000172058673343, 0.000184611300938, 0.000207650024095, 0.000299261824694, 0.000344397121808, 0.000386251485907, 0.000413681787904, 0.000294186465908, 0.000271391065326, 0.000213811115827, 0.000324041902786, 0.000911700248253, 0.00152130820788, 0.000774664513301, 0.00044805125799, 0.000378628319595, 0.000109383247036, 0.000207564720768, 0.000179627677426, 7.61253759265e-05, 0.000144061923493, 0.000280925392872, 0.000336793687893, 0.000159961840836, 0.000130696804263, 0.00014311556879, 8.06455282145e-05, 9.22214239836e-05, 0.000203225776204, 0.00010393262346, 7.76707965997e-05, 5.26216390426e-05, 5.19291970704e-05, 4.84847259941e-05, 3.79560187866e-05, 3.50933951268e-05, 3.40207079716e-05, 2.8740034395e-05, 2.52892223216e-05, 3.22344058077e-05, 4.26691658504e-05, 3.4684282582e-05, 2.11521055462e-05, 1.19224578157e-05, 9.3393100542e-06, 9.97565712169e-06, 8.12633788883e-06, 6.72116993883e-06, 9.39615983953e-06, 1.12849975267e-05, 9.07849607756e-06, 6.38105075268e-06, 4.47902220913e-06, 5.16561931363e-06, 4.19604157287e-06, 3.10277528115e-06, 2.9784760045e-06, 2.58294039668e-06, 2.29907686844e-06, 1.89109175608e-06, 1.89144975593e-06, 1.98409975383e-06, 1.85854582924e-06, 2.05719493351e-06, 2.30213299801e-06, 2.41517363975e-06, 2.856790843e-06, 3.62341825166e-06, 3.17569674735e-06, 3.75094259653e-06, 4.29748160968e-06, 3.9124624891e-06, 3.49579840986e-06, 2.60672209151e-06, 2.33478567679e-06, 2.33736636801e-06, 2.02262140192e-06, 1.96880250769e-06, 1.52059465108e-06, 1.28214196593e-06, 1.18860680232e-06, 1.11374231437e-06, 9.76130763775e-07, 8.66188656801e-07, 8.2993523165e-07, 6.49671051178e-07, 5.09909568791e-07, 4.07167703997e-07, 3.71965342083e-07, 3.67377253951e-07, 2.62856246991e-07, 8.00000989898e-08, 3.22153859145e-08, 6.95686530605e-09, 1.30708266433e-09, 2.18197529489e-10, 7.59107273568e-12, 7.20913172908e-12, 6.9355367803e-12, 6.75392337543e-12, 6.58868185704e-12, 6.41096550846e-12, 6.25309396277e-12, 6.05152473271e-12, 5.76162425062e-12, 5.58204567638e-12, 5.53054043534e-12],
        "min": [2.14894317618e-11, 2.08352515796e-10, 3.21519061375e-10, 6.39706204675e-11, 9.5769903119e-10, 8.55315152037e-10, 8.63363130987e-11, 2.60383359318e-09, 9.09777853053e-09, 8.63532267914e-09, 6.43388808896e-09, 5.23755172566e-09, 4.75358952201e-09, 3.80180686932e-09, 3.02784020079e-09, 2.83919110444e-09, 2.34689156997e-09, 1.93520022229e-09, 1.84601245401e-09, 1.52884194193e-09, 1.3425156542e-09, 1.2596762522e-09, 1.02669428514e-09, 9.83072179217e-10, 8.36858360387e-10, 7.78956343872e-10, 7.00514368734e-10, 6.07362826699e-10, 5.71153735418e-10, 5.04546737723e-10, 4.76272410399e-10, 4.16632256472e-10, 3.93684890243e-10, 3.52118112446e-10, 3.23109899947e-10, 2.94345464669e-10, 2.6944910192e-10, 2.5300861406e-10, 2.25629140371e-10, 2.12502224151e-10, 1.94712329593e-10, 1.78016559826e-10, 1.66420044412e-10, 1.57411361723e-10, 1.44823042447e-10, 1.32440614031e-10, 1.21117824103e-10, 1.12722019219e-10, 1.04586561633e-10, 9.7591122683e-11, 9.19578094227e-11, 8.5276258277e-11, 7.98029212157e-11, 7.44950351406e-11, 6.88874304822e-11, 6.41062827822e-11, 5.87984869127e-11, 5.36163197173e-11, 4.93488583331e-11, 4.58040619322e-11, 4.38794417468e-11, 4.11927644772e-11, 3.74857818397e-11, 3.54615781184e-11, 3.41786633717e-11, 3.20207194093e-11, 3.03783317945e-11, 2.88484895694e-11, 2.69276476117e-11, 2.59275604458e-11, 2.49954189291e-11, 2.35999535886e-11, 2.20134084572e-11, 2.11637148778e-11, 2.00610413698e-11, 1.85694359195e-11, 1.76010889891e-11, 1.64099723393e-11, 1.54556471788e-11, 1.429200161e-11, 1.35869527434e-11, 1.30207476745e-11, 1.21071104531e-11, 1.16543753814e-11, 1.13395742449e-11, 1.01650901238e-11, 1.03525530162e-11, 9.02972314976e-12, 8.79823644495e-12, 8.12451841914e-12, 7.64890234484e-12, 7.20632538018e-12, 6.76683448858e-12, 6.52666462542e-12, 6.32342962714e-12, 6.00427650307e-12, 5.81080843165e-12, 5.43604267503e-12, 5.14379424471e-12, 4.86296549904e-12, 4.62763855014e-12, 4.53391057337e-12, 4.21277639509e-12, 4.23243644992e-12, 4.18498092083e-12, 1.74922435477e-12, 1.50166088331e-12, 1.94386325612e-12, 3.21634147267e-12, 1.72477223476e-12, 1.2840920818e-12, 3.99736613168e-13, 5.03682815942e-13, 3.40968816766e-13, 2.85453382936e-13, 2.35586290059e-13, 2.71878304375e-13, 3.04336498494e-13, 3.15848801107e-13, 2.70087825802e-13, 2.73112804074e-13, 2.21703094793e-13, 2.50929539734e-13, 2.24748550933e-13, 2.16331537102e-13, 6.15084087721e-14, 1.07365610407e-14, 2.64087694067e-16],
        "stdev": [0.000136772476253, 0.00045864621643, 0.000933085277211, 0.00130404811352, 0.00113889854401, 0.000705957936589, 0.000315352022881, 0.000393774535041, 0.000579236599151, 0.000362398015568, 0.000279457075521, 0.000279798783595, 0.000224425035412, 0.000302850326989, 0.000379225384677, 0.000262614863459, 0.000232402104302, 0.000302226486383, 0.000391424720874, 0.000442806136562, 0.000565854716115, 0.000609463953879, 0.000460236566141, 0.000387243024306, 0.000541693239938, 0.000845541188028, 0.000867238559294, 0.000857343315147, 0.000628491397947, 0.000507707358338, 0.000524725415744, 0.000990401837043, 0.00199131225236, 0.00294863223098, 0.00200327811763, 0.00165081850719, 0.00136150512844, 0.000357204233296, 0.000648805580568, 0.000564886373468, 0.000246297597187, 0.000445447076345, 0.000661271682475, 0.000764306809288, 0.000444010627689, 0.000388361484511, 0.000390865578083, 0.000397664611228, 0.000336172670359, 0.000587385206018, 0.000323370913975, 0.00034644571133, 0.000204259311431, 0.000205908101634, 0.000178819827852, 0.000103702150227, 9.92344284896e-05, 8.1341699115e-05, 8.15809544292e-05, 6.05470049777e-05, 6.73321555951e-05, 7.35135618015e-05, 4.87644574605e-05, 3.55881638825e-05, 2.0055063942e-05, 1.19532360259e-05, 1.37677725434e-05, 1.270294797e-05, 1.33716202981e-05, 2.20492474909e-05, 2.07414213946e-05, 1.79673934326e-05, 1.40622078106e-05, 9.22606886888e-06, 1.31762199089e-05, 6.56293832435e-06, 3.96122459279e-06, 6.05001241638e-06, 4.10823031416e-06, 4.30655200034e-06, 3.7468607843e-06, 3.74136880055e-06, 3.74393925995e-06, 3.52478855348e-06, 3.83411497751e-06, 5.00172654938e-06, 3.90102559322e-06, 4.12038752984e-06, 4.83151279695e-06, 3.98003794544e-06, 4.66943720312e-06, 7.12068458597e-06, 5.73131501369e-06, 4.89999229103e-06, 3.92378569813e-06, 3.60262902177e-06, 3.52008328264e-06, 2.59025591731e-06, 2.82894939119e-06, 2.59225635091e-06, 2.38187180912e-06, 2.0762429358e-06, 1.87227590231e-06, 1.64646689882e-06, 1.41327814163e-06, 1.17938270705e-06, 9.65636218098e-07, 8.05283661975e-07, 5.76297225052e-07, 5.38735719147e-07, 5.33023296612e-07, 4.76275403116e-07, 4.14036236407e-07, 1.93436861196e-07, 1.26397637246e-07, 1.06433759584e-08, 1.0946605844e-09, 8.25094575996e-11, 7.89486948038e-11, 7.49639794684e-11, 7.23522838864e-11, 6.98287677681e-11, 6.77441991392e-11, 6.56550300238e-11, 6.44875333689e-11, 6.34584398918e-11, 6.22881260459e-11, 6.18008214048e-11]
    },
    "mfcc": {
        "mean": [-606.454284668, 91.1569671631, -26.167678833, -11.2170238495, 0.862113654613, 1.27238857746, 6.58504676819, 8.96313095093, -3.56324148178, 6.54131031036, -3.3777654171, 1.24533414841, -2.06550192833],
        "cov": [[1406.765625, 57.5261688232, 382.774169922, 265.907470703, 381.07901001, 122.263725281, 115.617408752, -72.1530380249, -162.744735718, 50.0831985474, -103.845115662, 86.0049514771, 87.1451797485], [57.5261688232, 541.943481445, 447.688995361, 301.024353027, 288.306152344, 167.52243042, 189.283538818, -11.0371713638, -118.628158569, -16.10505867, -19.599193573, 17.9819831848, 64.2287139893], [382.774169922, 447.688995361, 1547.69396973, 784.772338867, 682.378417969, 307.352142334, 142.378356934, -132.616500854, -223.592437744, -104.604393005, -113.453086853, 84.257484436, 160.062805176], [265.907470703, 301.024353027, 784.772338867, 634.709899902, 471.249511719, 131.78565979, 27.3591899872, -81.1760559082, -63.9185447693, -31.2678642273, -81.9262161255, 80.3853683472, 102.363357544], [381.07901001, 288.306152344, 682.378417969, 471.249511719, 523.848449707, 169.627593994, 101.761390686, -86.6258163452, -133.697998047, -1.93629777431, -78.759727478, 79.384513855, 101.625541687], [122.263725281, 167.52243042, 307.352142334, 131.78565979, 169.627593994, 209.795593262, 155.79473877, 4.52620744705, -94.9940261841, -8.76455974579, -11.958896637, 7.16529846191, 41.863609314], [115.617408752, 189.283538818, 142.378356934, 27.3591899872, 101.761390686, 155.79473877, 278.731872559, 40.612613678, -128.652420044, 16.915184021, 0.919376552105, -1.91369247437, 33.3234634399], [-72.1530380249, -11.0371713638, -132.616500854, -81.1760559082, -86.6258163452, 4.52620744705, 40.612613678, 141.768585205, 71.3494873047, 10.0569925308, 25.6384429932, -16.7050113678, -15.1828746796], [-162.744735718, -118.628158569, -223.592437744, -63.9185447693, -133.697998047, -94.9940261841, -128.652420044, 71.3494873047, 222.40725708, 30.7059459686, 27.3821640015, -14.8059177399, -46.4763679504], [50.0831985474, -16.10505867, -104.604393005, -31.2678642273, -1.93629777431, -8.76455974579, 16.915184021, 10.0569925308, 30.7059459686, 92.2849655151, 34.3280220032, 11.7069711685, -7.85059547424], [-103.845115662, -19.599193573, -113.453086853, -81.9262161255, -78.759727478, -11.958896637, 0.919376552105, 25.6384429932, 27.3821640015, 34.3280220032, 107.631614685, 9.56550979614, -22.5191421509], [86.0049514771, 17.9819831848, 84.257484436, 80.3853683472, 79.384513855, 7.16529846191, -1.91369247437, -16.7050113678, -14.8059177399, 11.7069711685, 9.56550979614, 79.8985595703, 37.6772956848], [87.1451797485, 64.2287139893, 160.062805176, 102.363357544, 101.625541687, 41.863609314, 33.3234634399, -15.1828746796, -46.4763679504, -7.85059547424, -22.5191421509, 37.6772956848, 82.1464157104]],
        "icov": [[0.00107481225859, 0.000436117057689, 4.45135701739e-05, 1.83193913017e-06, -0.000731481821276, -8.73931203387e-05, -9.59960016189e-05, -0.000250350101851, 0.000616535835434, -0.000887974398211, 0.000881764630321, -0.000545365794096, 0.000127735198475], [0.000436117057689, 0.0039154891856, 0.000260163855273, -0.00157518312335, -0.00118738540914, -5.64146830584e-05, -0.00217937747948, -0.000114614449558, 0.000303268723655, 0.000702799006831, -0.00112255674321, 0.00134060787968, -0.000391453242628], [4.45135701739e-05, 0.000260163855273, 0.00269696884789, -0.00226593064144, -0.00106867740396, -0.001581078046, 0.00010751660011, 0.000366106396541, 0.000611260824371, 0.00203385204077, -0.000836196762975, 0.000804678362329, -0.000588308088481], [1.83193913017e-06, -0.00157518312335, -0.00226593064144, 0.00833076518029, -0.00427780393511, 0.000993213849142, 0.001047761878, 0.000532903883141, -0.002911350457, 0.000441455485998, 0.00109466153663, -0.00169847614598, -0.000802584807388], [-0.000731481821276, -0.00118738540914, -0.00106867740396, -0.00427780393511, 0.0104601969942, -0.00226423330605, 0.000401849829359, 0.000933792558499, 0.00179679319263, -0.00394868571311, 0.00298376241699, -0.00303438026458, 0.000189120182768], [-8.73931203387e-05, -5.64146830584e-05, -0.001581078046, 0.000993213849142, -0.00226423330605, 0.0121562657878, -0.00516654225066, -0.000699053634889, -0.000334254524205, 0.00113002641592, -0.00176926574204, 0.0021118845325, -0.000982165453024], [-9.59960016189e-05, -0.00217937747948, 0.00010751660011, 0.001047761878, 0.000401849829359, -0.00516654225066, 0.0115341562778, -0.00532680982724, 0.00606315070763, -0.00434313435107, 0.00111555680633, 0.000305678840959, -5.59827312827e-05], [-0.000250350101851, -0.000114614449558, 0.000366106396541, 0.000532903883141, 0.000933792558499, -0.000699053634889, -0.00532680982724, 0.0132967112586, -0.00736163975671, 0.00300169200636, -0.00143245339859, 0.000284286565147, -0.0016039616894], [0.000616535835434, 0.000303268723655, 0.000611260824371, -0.002911350457, 0.00179679319263, -0.000334254524205, 0.00606315070763, -0.00736163975671, 0.0128680448979, -0.00534219294786, 0.00101849320345, 0.000210751910345, 0.0026253296528], [-0.000887974398211, 0.000702799006831, 0.00203385204077, 0.000441455485998, -0.00394868571311, 0.00113002641592, -0.00434313435107, 0.00300169200636, -0.00534219294786, 0.0185025297105, -0.00629183743149, -0.000217018430703, -0.000374296534574], [0.000881764630321, -0.00112255674321, -0.000836196762975, 0.00109466153663, 0.00298376241699, -0.00176926574204, 0.00111555680633, -0.00143245339859, 0.00101849320345, -0.00629183743149, 0.0153521541506, -0.00655719125643, 0.00389163382351], [-0.000545365794096, 0.00134060787968, 0.000804678362329, -0.00169847614598, -0.00303438026458, 0.0021118845325, 0.000305678840959, 0.000284286565147, 0.000210751910345, -0.000217018430703, -0.00655719125643, 0.0216208957136, -0.00893058255315], [0.000127735198475, -0.000391453242628, -0.000588308088481, -0.000802584807388, 0.000189120182768, -0.000982165453024, -5.59827312827e-05, -0.0016039616894, 0.0026253296528, -0.000374296534574, 0.00389163382351, -0.00893058255315, 0.0210957061499]]
    },
    "spectral_contrast_coeffs": {
        "max": [-0.432071864605, -0.490217506886, -0.457733482122, -0.546278476715, -0.60776257515, -0.658678174019],
        "mean": [-0.758255124092, -0.744558632374, -0.698161840439, -0.743377923965, -0.758822917938, -0.769211351871],
        "min": [-0.926586091518, -0.955384492874, -0.947679340839, -0.938370525837, -0.943827629089, -0.912982225418],
        "stdev": [0.0563380382955, 0.0673708692193, 0.0889685824513, 0.0715315416455, 0.0514534860849, 0.0361063070595]
    },
    "spectral_contrast_valleys": {
        "max": [-5.55030345917, -5.21812057495, -5.20739936829, -5.8308300972, -6.25266742706, -8.00436782837],
        "mean": [-7.25306415558, -6.75136995316, -6.80624103546, -7.08934736252, -7.31080913544, -9.75015354156],
        "min": [-16.8242073059, -17.2790470123, -16.9334659576, -17.1243419647, -16.401922226, -18.4158725739],
        "stdev": [1.36948144436, 0.554278552532, 0.650982141495, 0.558943331242, 0.473511785269, 0.678543746471]
    }
},
"rhythm": {
    "beats_count": 64,
    "beats_loudness": {
        "max": 0.0716492012143,
        "mean": 0.0368737392128,
        "min": 0.00810565426946,
        "stdev": 0.014709145762
    },
    "bpm": 127.973747253,
    "bpm_histogram_first_peak_bpm": 129,
    "bpm_histogram_first_peak_weight": 0.388888895512,
    "bpm_histogram_second_peak_bpm": 123,
    "bpm_histogram_second_peak_spread": 0,
    "bpm_histogram_second_peak_weight": 0.095238097012,
    "danceability": 1.0877674818,
    "onset_rate": 2.3065404892,
    "beats_loudness_band_ratio": {
        "max": [0.737583041191, 0.282774716616, 0.626449465752, 0.822387576103, 0.642398953438, 0.391415417194],
        "mean": [0.157444953918, 0.0597462356091, 0.15588003397, 0.407353848219, 0.195623531938, 0.0580433942378],
        "min": [1.72816762642e-05, 0.000293858407531, 0.010744557716, 0.0325872041285, 0.0213765557855, 0.0160013884306],
        "stdev": [0.164673730731, 0.0631870850921, 0.163187384605, 0.264687299728, 0.181589648128, 0.065768815577]
    },
    "beats_position": [0.441179126501, 0.905578196049, 1.369977355, 1.83437633514, 2.31038546562, 2.7863945961, 3.25079369545, 3.7151927948, 4.17959165573, 4.6439909935, 5.10838985443, 5.5727891922, 6.03718805313, 6.51319694519, 6.98920631409, 7.45360517502, 7.91800451279, 8.38240337372, 8.85841274261, 9.33442115784, 9.79882049561, 10.2748298645, 10.7392292023, 11.2152376175, 11.6796369553, 12.1556463242, 12.6316547394, 13.0960540771, 13.5604534149, 14.0248527527, 14.4892511368, 14.9652605057, 15.4412698746, 15.9056682587, 16.3700675964, 16.8344669342, 17.298866272, 17.7748756409, 18.2508831024, 18.7268924713, 19.2029018402, 19.667301178, 20.1317005157, 20.5960998535, 21.0721092224, 21.548116684, 22.0125160217, 22.4769153595, 22.9413146973, 23.405714035, 23.8701133728, 24.3461227417, 24.8337402344, 25.3445796967, 25.8670291901, 26.3778686523, 26.865486145, 27.353105545, 27.8407249451, 28.3283443451, 28.8159637451, 29.291973114, 29.7679805756, 30.2323799133],
