{
"metadata": {
    "version": {
        "essentia": "2.1-beta5",
        "essentia_git_sha": "Undefined",
        "extractor": "music 2.0"
    },
    "audio_properties": {
        "analysis": {
            "equal_loudness": 0,
            "length": 48.7502937317,
            "sample_rate": 44100,
            "start_time": 93.9943771362,
            "downmix": "mix"
        },
        "bit_rate": 192000,
        "length": 191.669128418,
        "lossless": 0,
        "number_channels": 2,
        "replay_gain": -2.36179924011,
        "sample_rate": 48000,
        "codec": "mp3",
        "md5_encoded": "ba466e0e006f7f54a34d8862ab69f1f7"
    },
    "tags": {
        "file_name": "Georgia_Warrior_Nina Sublatti.mp3",
        "encoding": ["Lavf58.29.100"]
    }
},
"lowlevel": {
    "average_loudness": 0.900536000729,
    "barkbands_crest": {
        "max": 23.6590538025,
        "mean": 9.09201145172,
        "min": 2.44648218155,
        "stdev": 3.59548211098
    },
    "barkbands_flatness_db": {
        "max": 0.287665873766,
        "mean": 0.104200407863,
        "min": 0.0303039476275,
        "stdev": 0.0284315925092
    },
    "barkbands_kurtosis": {
        "max": 39.0803604126,
        "mean": 0.555146217346,
        "min": -1.7977643013,
        "stdev": 2.77045679092
    },
    "barkbands_skewness": {
        "max": 5.60611629486,
        "mean": 0.777761101723,
        "min": -1.51589035988,
        "stdev": 0.863023281097
    },
    "barkbands_spread": {
        "max": 99.6691513062,
        "mean": 33.9047393799,
        "min": 2.4734685421,
        "stdev": 11.6499643326
    },
    "dissonance": {
        "max": 0.500000059605,
        "mean": 0.482455819845,
        "min": 0.357177048922,
        "stdev": 0.0145650785416
    },
    "dynamic_complexity": 3.87761974335,
    "erbbands_crest": {
        "max": 27.0751419067,
        "mean": 8.25122070312,
        "min": 2.28159451485,
        "stdev": 4.38312530518
    },
    "erbbands_flatness_db": {
        "max": 0.277900278568,
        "mean": 0.143056616187,
        "min": 0.0554165877402,
        "stdev": 0.0328289866447
    },
    "erbbands_kurtosis": {
        "max": 11.9971923828,
        "mean": 0.817704379559,
        "min": -1.46719324589,
        "stdev": 1.80345153809
    },
    "erbbands_skewness": {
        "max": 2.58954024315,
        "mean": 0.0788697898388,
        "min": -1.76638889313,
        "stdev": 0.560075223446
    },
    "erbbands_spread": {
        "max": 97.0330886841,
        "mean": 32.8307113647,
        "min": 6.78163003922,
        "stdev": 13.8801898956
    },
    "hfc": {
        "max": 124.14768219,
        "mean": 28.1350288391,
        "min": 0.979792177677,
        "stdev": 24.544380188
    },
    "loudness_ebu128": {
        "integrated": -20.9277591705,
        "loudness_range": 8.14770126343,
        "momentary": {
            "max": -17.2956180573,
            "mean": -22.1009712219,
            "min": -29.6693286896,
            "stdev": 3.50780320168
        },
        "short_term": {
            "max": -18.3488578796,
            "mean": -21.8331317902,
            "min": -27.8704090118,
            "stdev": 3.18479466438
        }
    },
    "melbands_crest": {
        "max": 32.8537788391,
        "mean": 14.0723266602,
        "min": 2.99555492401,
        "stdev": 5.08059501648
    },
    "melbands_flatness_db": {
        "max": 0.344832539558,
        "mean": 0.144904881716,
        "min": 0.0213166940957,
        "stdev": 0.0405474789441
    },
    "melbands_kurtosis": {
        "max": 90.9589996338,
        "mean": 5.38751792908,
        "min": -1.6385833025,
        "stdev": 7.88273239136
    },
    "melbands_skewness": {
        "max": 8.44652271271,
        "mean": 1.86471664906,
        "min": -0.684940576553,
        "stdev": 1.2114777565
    },
    "melbands_spread": {
        "max": 118.710594177,
        "mean": 39.1595344543,
        "min": 2.55691480637,
        "stdev": 17.7166004181
    },
    "pitch_salience": {
        "max": 0.819452404976,
        "mean": 0.553599655628,
        "min": 0.275250762701,
        "stdev": 0.0930528044701
    },
    "silence_rate_20dB": {
        "max": 1,
        "mean": 1,
        "min": 1,
        "stdev": 0
    },
    "silence_rate_30dB": {
        "max": 1,
        "mean": 1,
        "min": 1,
        "stdev": 0
    },
    "silence_rate_60dB": {
        "max": 1,
        "mean": 0.0376011431217,
        "min": 0,
        "stdev": 0.19022756815
    },
    "spectral_centroid": {
        "max": 3416.02661133,
        "mean": 1859.42370605,
        "min": 328.371795654,
        "stdev": 465.679595947
    },
    "spectral_complexity": {
        "max": 53,
        "mean": 23.8100910187,
        "min": 0,
        "stdev": 10.864730835
    },
    "spectral_decrease": {
        "max": -1.4205021881e-10,
        "mean": -5.80019943186e-09,
        "min": -2.65405919464e-08,
        "stdev": 4.35235669727e-09
    },
    "spectral_energy": {
        "max": 0.107735306025,
        "mean": 0.0244431886822,
        "min": 0.000625000626314,
        "stdev": 0.0183438658714
    },
    "spectral_energyband_high": {
        "max": 0.00974512659013,
        "mean": 0.00123247096781,
        "min": 4.25148664362e-06,
        "stdev": 0.00124083657283
    },
    "spectral_energyband_low": {
        "max": 0.0616110600531,
        "mean": 0.00825546868145,
        "min": 5.3777013818e-05,
        "stdev": 0.00797968637198
    },
    "spectral_energyband_middle_high": {
        "max": 0.0633734166622,
        "mean": 0.0100631574169,
        "min": 0.000257784413407,
        "stdev": 0.0111779747531
    },
    "spectral_energyband_middle_low": {
        "max": 0.044439021498,
        "mean": 0.00524939224124,
        "min": 0.000121689408843,
        "stdev": 0.00508349016309
    },
    "spectral_entropy": {
        "max": 8.76878738403,
        "mean": 7.90186023712,
        "min": 6.53431844711,
        "stdev": 0.256306350231
    },
    "spectral_flux": {
        "max": 0.244380548596,
        "mean": 0.0912599042058,
        "min": 0.0230334829539,
        "stdev": 0.0428742282093
    },
    "spectral_kurtosis": {
        "max": 19.2242240906,
        "mean": 3.32634830475,
        "min": -0.724131584167,
        "stdev": 1.56617641449
    },
    "spectral_rms": {
        "max": 0.0102522009984,
        "mean": 0.00450938288122,
        "min": 0.000780869158916,
        "stdev": 0.00187416898552
    },
    "spectral_rolloff": {
        "max": 10443.6035156,
        "mean": 1930.3125,
        "min": 107.666015625,
        "stdev": 1126.55297852
    },
    "spectral_skewness": {
        "max": 2.91398239136,
        "mean": 1.40435898304,
        "min": 0.519245505333,
        "stdev": 0.247739374638
    },
    "spectral_spread": {
        "max": 11251557,
        "mean": 4611169.5,
        "min": 2021277.875,
        "stdev": 1077989.625
    },
    "spectral_strongpeak": {
        "max": 14.0736541748,
        "mean": 1.23739480972,
        "min": 0,
        "stdev": 2.21364164352
    },
    "zerocrossingrate": {
        "max": 0.27099609375,
        "mean": 0.0780766606331,
        "min": 0.01171875,
        "stdev": 0.0273205973208
    },
    "barkbands": {
        "max": [0.0141805913299, 0.0499520152807, 0.0220539681613, 0.0102039640769, 0.0118467044085, 0.0249358098954, 0.0148035539314, 0.0261598415673, 0.0383728742599, 0.0312684811652, 0.0361155569553, 0.0360797829926, 0.0380300432444, 0.0491474717855, 0.0276076961309, 0.0344372093678, 0.0220711957663, 0.00656868470833, 0.00762530649081, 0.00728735886514, 0.00253362162039, 0.00169533712324, 0.00251561705954, 0.00440879398957, 0.00347175332718, 0.00122611853294, 4.33851346315e-06],
        "mean": [0.000754839740694, 0.00586520554498, 0.00138528784737, 0.000680896861013, 0.000807504227851, 0.00121599424165, 0.000867391936481, 0.000708551786374, 0.000800108653493, 0.000809151388239, 0.00109434500337, 0.00119055376854, 0.00142407498788, 0.00166359136347, 0.000888631911948, 0.00139233260415, 0.000577479891945, 0.000417723000282, 0.000451606232673, 0.00050354807172, 0.000170785526279, 0.000145388548844, 0.00026293323026, 0.000215479667531, 0.00011360856297, 3.61887905456e-05, 2.17112638978e-08],
        "min": [1.09491274713e-07, 3.35412323693e-06, 2.67914106189e-06, 1.21147900245e-06, 5.2433356359e-06, 3.53807399733e-06, 3.85114253731e-06, 2.2401179649e-06, 7.38134758649e-06, 4.77615458294e-06, 8.34061120258e-06, 2.91425908472e-06, 1.36283324537e-06, 1.01424320746e-05, 8.07317337603e-06, 9.77885065367e-06, 8.09912944533e-06, 5.2797263379e-06, 3.22374330608e-06, 3.42848261425e-06, 1.20116033031e-06, 1.33594085128e-07, 4.62278961777e-07, 1.54128628083e-07, 3.92263146409e-08, 8.79161743406e-11, 8.95813284663e-11],
        "stdev": [0.00136998854578, 0.00620096782222, 0.00221658521332, 0.000954260351136, 0.00100310239941, 0.00246594776399, 0.00135825877078, 0.00147794024087, 0.00249951588921, 0.00220685009845, 0.00251245941035, 0.0028694185894, 0.00388299790211, 0.00384879973717, 0.00204684096389, 0.00290233758278, 0.00123504770454, 0.000526587478817, 0.000643730978481, 0.00075441156514, 0.00020745024085, 0.000165334553458, 0.000322979874909, 0.000305360066704, 0.000222770904656, 8.17341933725e-05, 2.22435588171e-07]
    },
    "erbbands": {
        "max": [3.01648378372, 8.27614879608, 25.8519458771, 27.9415493011, 40.8258018494, 70.8996963501, 141.69758606, 300.098205566, 265.195343018, 269.139129639, 607.879577637, 1132.99560547, 1168.01428223, 1116.02941895, 2243.63037109, 904.375610352, 1310.35864258, 2045.35473633, 1345.45983887, 1593.91625977, 1269.43701172, 1103.16625977, 422.38168335, 374.660430908, 354.723937988, 338.3175354, 139.604873657, 134.283843994, 65.1837387085, 52.4543914795, 100.189682007, 113.151123047, 56.7866973877, 44.0616188049, 29.2203407288, 6.98641395569, 2.40134477615, 0.32905715704, 0.00559655250981, 0.000282607099507],
        "mean": [0.198221445084, 1.1688554287, 1.89698886871, 1.94790148735, 2.39987230301, 2.83922433853, 4.56339454651, 12.8348960876, 12.6782646179, 15.482632637, 11.5085639954, 19.8360786438, 22.231836319, 25.3159675598, 63.8696212769, 42.4541015625, 59.0096549988, 77.7341537476, 66.7250900269, 66.4415283203, 54.5953636169, 32.3641395569, 24.8129444122, 28.8961963654, 17.8285293579, 22.1157302856, 11.1963624954, 6.40274715424, 5.21835851669, 5.53718090057, 8.07525062561, 6.11352443695, 2.68663883209, 1.56733858585, 0.63905107975, 0.251795649529, 0.0469720028341, 0.00167575804517, 6.77833886584e-05, 3.62132996088e-05],
        "min": [0.000195746528334, 0.00102225656155, 0.00602796301246, 0.00505655631423, 0.0135138174519, 0.0162316188216, 0.00656702416018, 0.0278721675277, 0.042782753706, 0.0674165785313, 0.10164437443, 0.211154729128, 0.132684022188, 0.208947062492, 0.382981151342, 0.0934760347009, 0.100267544389, 0.526104032993, 0.499471724033, 0.747396290302, 0.700784862041, 0.616261899471, 0.369646817446, 0.235189810395, 0.122860684991, 0.162782222033, 0.0701217055321, 0.0367052480578, 0.00624142773449, 0.0110585233197, 0.0130006745458, 0.00455945450813, 0.00200223107822, 0.00077937199967, 0.000107163614302, 8.21060621092e-06, 2.58594445768e-06, 4.13027407831e-07, 1.3272436945e-06, 1.96404471353e-06],
        "stdev": [0.268918037415, 1.22445571423, 2.54656410217, 2.64053797722, 3.1441719532, 4.30511140823, 8.43988227844, 27.5207233429, 19.4292392731, 24.5741920471, 26.8166160583, 64.4453201294, 56.3402519226, 56.9213676453, 151.127731323, 82.0082702637, 146.620239258, 164.156799316, 123.586578369, 143.999160767, 95.8973083496, 65.8904800415, 30.2968158722, 43.0139808655, 22.1890392303, 33.5289916992, 14.1142911911, 7.87863492966, 5.96065568924, 6.06286144257, 10.5515651703, 8.19059944153, 4.02684831619, 2.71142292023, 1.55430150032, 0.527873337269, 0.128629624844, 0.0100611392409, 0.000194762600586, 2.82457749563e-05]
    },
    "gfcc": {
        "mean": [20.388584137, 78.7013549805, -133.239074707, 43.5423812866, -55.7168426514, 36.4335479736, -40.3410148621, 18.5514469147, -20.8554000854, 9.38241195679, -8.53253555298, 2.7074739933, -7.38233327866],
        "cov": [[3221.93701172, -726.399658203, -136.188247681, 42.0889625549, -63.1271591187, 122.713348389, -212.418624878, 168.260131836, 93.1119308472, 224.820632935, 151.447357178, 25.9416637421, -67.2474136353], [-726.399658203, 557.07232666, -38.4374237061, -15.440993309, 39.150894165, -77.0187911987, 73.1670913696, -114.972496033, 1.59057974815, -106.340400696, 18.8117485046, -58.7442893982, 55.0745239258], [-136.188247681, -38.4374237061, 278.484527588, 29.5840358734, 1.2374600172, 18.879114151, 11.1424465179, 12.5599870682, -34.8958053589, 12.3277788162, -67.893989563, 42.9077529907, -24.595785141], [42.0889625549, -15.440993309, 29.5840358734, 140.088531494, 4.61499881744, -18.2351989746, -7.81633853912, 20.3362197876, 20.2482337952, -2.60678577423, -0.820066928864, -13.5808115005, 4.08249521255], [-63.1271591187, 39.150894165, 1.2374600172, 4.61499881744, 131.926330566, 40.5510444641, 35.4789848328, 5.28147697449, -4.62564563751, 8.15022182465, -16.0218200684, 10.9536523819, -8.53435897827], [122.713348389, -77.0187911987, 18.879114151, -18.2351989746, 40.5510444641, 168.972320557, 71.3535766602, 4.46627283096, -20.1012001038, 6.08045816422, -4.33036279678, 16.2275180817, -10.9003601074], [-212.418624878, 73.1670913696, 11.1424465179, -7.81633853912, 35.4789848328, 71.3535766602, 132.1144104, -0.375035345554, -21.9261646271, -11.3072633743, -17.6693134308, 6.3599395752, -3.59081172943], [168.260131836, -114.972496033, 12.5599870682, 20.3362197876, 5.28147697449, 4.46627283096, -0.375035345554, 120.461509705, 49.6720619202, 42.6817359924, -0.120350338519, 6.69993972778, -6.42449378967], [93.1119308472, 1.59057974815, -34.8958053589, 20.2482337952, -4.62564563751, -20.1012001038, -21.9261646271, 49.6720619202, 94.8424987793, 24.4644889832, 30.5535926819, -5.81227302551, 9.40371513367], [224.820632935, -106.340400696, 12.3277788162, -2.60678577423, 8.15022182465, 6.08045816422, -11.3072633743, 42.6817359924, 24.4644889832, 95.8901367188, 24.9535770416, 27.2413883209, -15.5681848526], [151.447357178, 18.8117485046, -67.893989563, -0.820066928864, -16.0218200684, -4.33036279678, -17.6693134308, -0.120350338519, 30.5535926819, 24.9535770416, 109.644500732, 1.10000193119, 15.3788137436], [25.9416637421, -58.7442893982, 42.9077529907, -13.5808115005, 10.9536523819, 16.2275180817, 6.3599395752, 6.69993972778, -5.81227302551, 27.2413883209, 1.10000193119, 78.1713180542, 3.73246073723], [-67.2474136353, 55.0745239258, -24.595785141, 4.08249521255, -8.53435897827, -10.9003601074, -3.59081172943, -6.42449378967, 9.40371513367, -15.5681848526, 15.3788137436, 3.73246073723, 57.9649887085]],
        "icov": [[0.00058459182037, 0.000388245709473, 0.000305452733301, -0.000226175339776, 0.000137292488944, -0.000701535609551, 0.000918550067581, -0.000202307157451, 5.30273573531e-05, -0.000651378184557, -0.000457434100099, 0.000182678297278, 0.000303681677906], [0.000388245709473, 0.00675398064777, -0.00194257881958, 0.0018498019781, -0.00346039049327, 0.00488669751212, -0.00569039303809, 0.00576594704762, -0.00431624846533, 0.00367165799253, -0.00322818872519, 0.00440788734704, -0.00396630493924], [0.000305452733301, -0.00194257881958, 0.00620059994981, -0.00244878442027, 0.00214071245864, -0.00255294656381, 0.00276186340488, -0.00245616375469, 0.00286116776988, -0.00233279680833, 0.00375307700597, -0.00434133503586, 0.00293065793812], [-0.000226175339776, 0.0018498019781, -0.00244878442027, 0.00892911572009, -0.00205625430681, 0.0027597846929, -0.00227466411889, 0.000845055561513, -0.00278457649983, 0.00227353256196, -0.00146643212065, 0.0033186301589, -0.00228118803352], [0.000137292488944, -0.00346039049327, 0.00214071245864, -0.00205625430681, 0.010852497071, -0.00456712441519, 0.00211570109241, -0.00292998133227, 0.00203881436028, -0.00342517485842, 0.00326143437997, -0.00352325290442, 0.00315648363903], [-0.000701535609551, 0.00488669751212, -0.00255294656381, 0.0027597846929, -0.00456712441519, 0.0135727282614, -0.0102394158021, 0.00443751132116, -0.00258079520427, 0.00404702033848, -0.00303384987637, 0.00263784476556, -0.00285640102811], [0.000918550067581, -0.00569039303809, 0.00276186340488, -0.00227466411889, 0.00211570109241, -0.0102394158021, 0.0181223135442, -0.00694320676848, 0.00578498840332, -0.00356886349618, 0.00287796673365, -0.00410709343851, 0.00414735032246], [-0.000202307157451, 0.00576594704762, -0.00245616375469, 0.000845055561513, -0.00292998133227, 0.00443751132116, -0.00694320676848, 0.0184157416224, -0.010618140921, -0.000878993712831, 4.54063447251e-05, 0.00405849888921, -0.00358765642159], [5.30273573531e-05, -0.00431624846533, 0.00286116776988, -0.00278457649983, 0.00203881436028, -0.00258079520427, 0.00578498840332, -0.010618140921, 0.019935855642, -0.00415504770353, -0.00114661129192, -0.00170980591793, 0.000633220479358], [-0.000651378184557, 0.00367165799253, -0.00233279680833, 0.00227353256196, -0.00342517485842, 0.00404702033848, -0.00356886349618, -0.000878993712831, -0.00415504770353, 0.0201026238501, -0.00579111278057, -0.00268765585497, 0.00232673902065], [-0.000457434100099, -0.00322818872519, 0.00375307700597, -0.00146643212065, 0.00326143437997, -0.00303384987637, 0.00287796673365, 4.54063447251e-05, -0.00114661129192, -0.00579111278057, 0.0152323059738, -0.00289274076931, -0.000899095204659], [0.000182678297278, 0.00440788734704, -0.00434133503586, 0.0033186301589, -0.00352325290442, 0.00263784476556, -0.00410709343851, 0.00405849888921, -0.00170980591793, -0.00268765585497, -0.00289274076931, 0.0201134402305, -0.00685142632574], [0.000303681677906, -0.00396630493924, 0.00293065793812, -0.00228118803352, 0.00315648363903, -0.00285640102811, 0.00414735032246, -0.00358765642159, 0.000633220479358, 0.00232673902065, -0.000899095204659, -0.00685142632574, 0.023765610531]]
    },
    "melbands": {
        "max": [0.0191676691175, 0.0108039434999, 0.00442629493773, 0.00295736454427, 0.00396394636482, 0.00579468719661, 0.00366479181685, 0.0037576740142, 0.00487168924883, 0.00738090788946, 0.00574782164767, 0.00500135216862, 0.00566563056782, 0.00456356769428, 0.00511527061462, 0.00459653418511, 0.00478455610573, 0.00281197088771, 0.0024900585413, 0.00332781416364, 0.00114647252485, 0.00135970371775, 0.000365345040336, 0.00036853493657, 0.000343404331943, 0.0004156298819, 0.000282652268652, 0.000322084495565, 0.000150918378495, 7.13608314982e-05, 6.22415464022e-05, 5.11350735906e-05, 4.24565077992e-05, 3.14312528644e-05, 6.93883703207e-05, 6.68586653774e-05, 6.94855334586e-05, 4.89003614348e-05, 3.92664915125e-05, 4.00984754378e-05],
        "mean": [0.00172073324211, 0.00117370649241, 0.000355513126124, 0.00018431537319, 0.000156958281877, 0.000272536126431, 0.000185930737644, 0.000173947395524, 8.52821758599e-05, 0.000130549335154, 0.000114213013148, 0.000101654346508, 0.000178458591108, 0.000147719038068, 0.000127326493384, 0.000129709398607, 0.00015306766727, 0.000123464211356, 6.21881117695e-05, 0.000125159334857, 4.5799632062e-05, 3.45191256201e-05, 2.50884422712e-05, 2.10267589864e-05, 2.46284489549e-05, 1.22602968986e-05, 1.4136819118e-05, 1.56263631652e-05, 8.73174667504e-06, 4.13326552007e-06, 3.45623629983e-06, 3.02245416606e-06, 2.58840054812e-06, 3.26495774061e-06, 4.61745230496e-06, 4.73288127978e-06, 3.34638139066e-06, 1.89803608919e-06, 1.55782026923e-06, 1.21265111375e-06],
        "min": [4.15985277868e-06, 4.45354908152e-06, 1.13164094273e-06, 1.2712030184e-06, 3.32538604653e-07, 7.08342383859e-07, 7.0361949156e-07, 7.56378426559e-07, 8.12429732377e-07, 1.1898109733e-06, 6.26647818081e-07, 7.86935459018e-07, 1.24984364902e-06, 4.66391043119e-07, 1.83983345892e-07, 1.81783263997e-07, 8.85206986823e-07, 6.53060510558e-07, 6.01197712058e-07, 6.1672034235e-07, 6.55185715459e-07, 4.5129277737e-07, 3.06768924929e-07, 2.83740604345e-07, 1.84667612757e-07, 6.84090792902e-08, 8.25280253025e-08, 9.56832266752e-08, 4.28502779926e-08, 2.47790890029e-08, 1.31081510091e-08, 2.59972177119e-09, 2.4321364922e-09, 8.098033355e-09, 7.76425856941e-09, 3.01742630882e-09, 1.65404301367e-09, 1.31187993802e-09, 9.67250612938e-10, 5.24292498305e-10],
        "stdev": [0.0019776339177, 0.0012753122719, 0.000442603603005, 0.000239358574618, 0.000252418190939, 0.00055141519988, 0.000283430359559, 0.000290644849883, 0.000205249874853, 0.000442599470261, 0.000296401733067, 0.000258152314927, 0.00040083762724, 0.000369939458324, 0.000369033921743, 0.00038158078678, 0.000357286538929, 0.000254531594692, 0.000160600815434, 0.000271805183729, 8.50479918881e-05, 8.90483643161e-05, 3.28180321958e-05, 2.84007783193e-05, 3.99474665755e-05, 1.74831493496e-05, 2.20268157136e-05, 2.63975834969e-05, 1.35757927637e-05, 5.6489243434e-06, 4.34135336036e-06, 3.6955516407e-06, 3.04371610582e-06, 3.77007427232e-06, 6.36849199509e-06, 6.34381012787e-06, 5.05968318976e-06, 3.06797437588e-06, 2.39256473833e-06, 2.3128079647e-06]
    },
    "melbands128": {
        "max": [0.0105324909091, 0.0312849245965, 0.02023559995, 0.0156518705189, 0.0157301947474, 0.00868666917086, 0.00638577714562, 0.004275505431, 0.00486302049831, 0.00368303759024, 0.00567716360092, 0.00237520411611, 0.00357152032666, 0.011347672902, 0.0109644010663, 0.00634544575587, 0.00572316069156, 0.00497921044007, 0.00336139672436, 0.00269421143457, 0.00722781475633, 0.0084816776216, 0.0074855228886, 0.00394772831351, 0.01046293322, 0.0142339877784, 0.00805829837918, 0.00876448955387, 0.00938689336181, 0.00995657965541, 0.00367085589096, 0.00607288908213, 0.00567785510793, 0.0166771989316, 0.0118727004156, 0.00710941059515, 0.0029897945933, 0.00739696389064, 0.0075412527658, 0.00499300239608, 0.0101385945454, 0.00644542323425, 0.00504825264215, 0.014010774903, 0.00705592753366, 0.00465165358037, 0.00299388449639, 0.00263585196808, 0.00519323442131, 0.00497593404725, 0.0071284994483, 0.00533797079697, 0.00151142966934, 0.00288898148574, 0.00323366792873, 0.00300137815066, 0.0013772577513, 0.000733148946892, 0.000623336818535, 0.000843902234919, 0.000349198788172, 0.000377321062842, 0.000857492908835, 0.000429822073784, 0.00037018826697, 0.000672411115374, 0.000352053408278, 0.000291855743853, 0.000656737422105, 0.000592417374719, 0.000357284327038, 0.00092901563039, 0.000456268753624, 0.000111328685307, 9.06878703972e-05, 0.000127241757582, 0.000134519374114, 0.00018875830574, 6.05305685895e-05, 0.000143426688737, 0.000101729427115, 4.01676006732e-05, 6.22441220912e-05, 4.61293020635e-05, 3.77380929422e-05, 4.23079545726e-05, 4.3798750994e-05, 0.000102879093902, 0.000113769478048, 0.000135769558256, 0.000123382807942, 9.27988003241e-05, 7.88387478678e-05, 9.23235056689e-05, 0.000100869889138, 7.19490781194e-05, 4.81273673358e-05, 3.72801987396e-05, 4.31733060395e-05, 3.48339563061e-05, 5.44822760276e-05, 5.73433972022e-05, 4.02328878408e-05, 3.47649474861e-05, 6.19138954789e-05, 3.15170036629e-05, 1.9453727873e-05, 2.30352397921e-05, 1.50727228174e-05, 1.33645662572e-05, 9.47967328102e-06, 1.24709195006e-05, 1.05615090433e-05, 5.17661283084e-06, 1.30755279315e-05, 2.12576992453e-06, 2.09855386402e-07, 1.61775370877e-09, 4.6049519753e-10, 4.53534210187e-10, 4.42445996507e-10, 4.36185559893e-10, 4.29752761155e-10, 4.20152440617e-10, 4.18970858007e-10, 4.14514977898e-10, 4.11359196706e-10, 4.08990646905e-10],
        "mean": [0.000654436647892, 0.00168451212812, 0.0020984353032, 0.00193845224567, 0.00118794653099, 0.00060548458714, 0.000384880695492, 0.000334613170708, 0.000226756179472, 0.000179458089406, 0.000156255438924, 0.000125796883367, 0.00012119339226, 0.000222766553634, 0.000371013855329, 0.000222127287998, 0.00021270455909, 0.000186238728929, 0.000146087651956, 0.000169872975675, 0.000218744025915, 0.000102178615634, 6.20440769126e-05, 6.41567821731e-05, 0.000125714330352, 0.000186262579518, 7.86447926657e-05, 9.41062753554e-05, 0.000155275833094, 0.000126011480461, 6.63326936774e-05, 8.53530873428e-05, 0.000125438993564, 0.000336285273079, 0.000212113387533, 6.1132828705e-05, 7.71665654611e-05, 0.000161400137586, 0.000134276648168, 0.000108632928459, 0.000162177559105, 0.000105843042547, 9.64469872997e-05, 0.00024909916101, 0.000155707486556, 0.000109490480099, 6.38957426418e-05, 4.7305940825e-05, 6.95585113135e-05, 7.73864230723e-05, 0.000177055466338, 0.000130794593133, 2.78639417957e-05, 2.53036832873e-05, 3.36464145221e-05, 3.99444215873e-05, 2.81964930764e-05, 3.20281978929e-05, 1.97752851818e-05, 2.16958869714e-05, 1.99834030354e-05, 1.80467686732e-05, 3.41143640981e-05, 2.3564478397e-05, 1.54118806677e-05, 1.2350529687e-05, 8.97068912309e-06, 1.32996083266e-05, 1.70314506249e-05, 1.34068350235e-05, 1.11360759547e-05, 2.35314582824e-05, 1.28327064886e-05, 5.03709725308e-06, 4.17272030973e-06, 4.26313090429e-06, 4.1396024244e-06, 3.66907556781e-06, 3.36687276103e-06, 3.23080030284e-06, 3.14777639687e-06, 2.93676180263e-06, 2.67418772637e-06, 2.32055322158e-06, 2.73800037576e-06, 3.00221563521e-06, 3.06187484966e-06, 4.57598389403e-06, 4.43501630798e-06, 4.87354964207e-06, 5.44153317605e-06, 4.31888793173e-06, 4.45402292826e-06, 3.36457151207e-06, 2.89605941362e-06, 1.93111327462e-06, 1.81332916327e-06, 1.541958909e-06, 1.51214374e-06, 1.59232945407e-06, 1.53349981247e-06, 1.05823448848e-06, 9.86554141491e-07, 9.14343104341e-07, 6.79052902797e-07, 5.97123289481e-07, 4.4004050892e-07, 4.42037588755e-07, 4.6157771294e-07, 4.13990619563e-07, 3.71647445263e-07, 2.38674232378e-07, 7.52260049808e-08, 2.99112770108e-08, 1.78346777346e-08, 6.22861007216e-09, 8.62708238181e-10, 5.78533358372e-12, 4.42686035398e-12, 4.30512136357e-12, 4.18549570003e-12, 4.10379586216e-12, 4.03850737574e-12, 3.94757273744e-12, 3.76646673919e-12, 3.4827028414e-12, 3.3246532697e-12, 3.28734218666e-12],
        "min": [4.87911187008e-08, 6.48071477372e-07, 4.51788224609e-07, 1.29384034153e-06, 1.68656913502e-06, 1.31115211843e-06, 8.28707925393e-07, 2.5560112249e-07, 7.80714572102e-07, 4.00637361508e-07, 1.6434385941e-07, 2.97890039747e-07, 8.4306130077e-08, 1.23320447187e-07, 4.24339077654e-07, 1.58625255153e-07, 2.18814065533e-07, 2.77021968031e-07, 4.63413186935e-07, 3.73112499119e-07, 2.24128925197e-07, 3.74997711106e-07, 2.23444217795e-07, 3.442972627e-07, 3.88207126889e-07, 2.31540312257e-07, 3.76982711714e-07, 3.147856944e-07, 2.15266453552e-07, 4.58518400137e-07, 3.62969785783e-07, 8.59385025365e-08, 3.3164172919e-07, 3.57294851483e-07, 6.61168485294e-07, 6.31700842746e-08, 1.24664168766e-07, 2.74401656952e-07, 1.69387845972e-07, 4.90772507078e-08, 9.8794558312e-08, 2.43245580123e-07, 1.87743523838e-07, 3.9944760033e-07, 4.49249284884e-07, 2.63973134906e-07, 2.35973601548e-07, 2.94577603199e-07, 2.23747832706e-07, 2.66407113259e-07, 1.58127306804e-07, 1.01445671419e-07, 2.01808077804e-07, 1.7259705487e-07, 2.49532433827e-07, 1.80464255095e-07, 2.5109088142e-07, 1.48331437799e-07, 1.68859287442e-07, 1.29894857537e-07, 8.96832261787e-08, 7.24643385297e-08, 8.72570140587e-08, 6.09674088992e-08, 6.33800638639e-08, 5.74664014152e-08, 4.85824216412e-08, 6.89636294737e-08, 2.71212012848e-08, 1.66131481905e-08, 3.72714552554e-08, 3.47577646664e-08, 3.75892987847e-08, 8.31152924263e-09, 1.78139050178e-08, 1.09342259691e-08, 1.17059490989e-08, 1.1162881286e-08, 5.43637046491e-09, 4.42049685745e-09, 5.98960436804e-10, 9.80273751061e-10, 2.17637285971e-09, 1.36463595979e-09, 1.79002382361e-10, 2.23388085807e-09, 3.57045104593e-09, 6.97911328729e-09, 6.0150533443e-09, 3.27774651865e-09, 5.86484250054e-10, 1.37645550513e-09, 1.31379107593e-09, 1.38922207071e-09, 1.63003610609e-10, 3.91344706641e-10, 2.09728553968e-10, 4.73504395415e-11, 4.22610585415e-10, 5.96309890355e-10, 3.83266224313e-10, 1.11083753307e-10, 5.31222114908e-11, 7.31196214687e-11, 1.30289485797e-12, 8.84517882115e-13, 8.09287706294e-12, 1.07803512211e-12, 3.56334997316e-13, 5.21902453979e-13, 4.60662107418e-13, 4.13772694493e-13, 3.54736666474e-13, 3.06029588606e-13, 2.59426215319e-13, 2.56484341144e-13, 2.17647379069e-13, 2.81584949585e-13, 2.62915828431e-13, 2.69971084333e-13, 2.18551156447e-13, 2.50371907451e-13, 2.24605856375e-13, 2.50053477273e-13, 1.75136665695e-13, 7.52203272e-14, 1.07447908128e-14, 2.74195285287e-16],
        "stdev": [0.0011859027436, 0.00265361834317, 0.00247257808223, 0.00209659757093, 0.00154243491124, 0.000992574496195, 0.000587442715187, 0.000484384479932, 0.00034515792504, 0.000298585131532, 0.000298797211144, 0.000186502700672, 0.000243823116762, 0.000648253597319, 0.000939314893913, 0.000462953699753, 0.000368463603081, 0.000370303256204, 0.000316009391099, 0.000311059091473, 0.000463645352283, 0.000311972544296, 0.000238244145294, 0.00018544725026, 0.000483561481815, 0.000784175877925, 0.000331586663378, 0.000362956285244, 0.000521182373632, 0.000470558647066, 0.000187393568922, 0.000323294691043, 0.000336397002684, 0.000972384121269, 0.000769448757637, 0.000242050664383, 0.000205787277082, 0.000557232415304, 0.000539166270755, 0.000376183568733, 0.00064510590164, 0.000455402390799, 0.000278531864751, 0.000814655155409, 0.000465158867883, 0.000292900513159, 0.000192028324818, 0.00016299408162, 0.000302517728414, 0.000307144568069, 0.000494254869409, 0.000305998983094, 7.63370626373e-05, 8.97901045391e-05, 0.000155252360855, 0.000149439438246, 6.34069219814e-05, 6.49780995445e-05, 3.21361767419e-05, 4.39989780716e-05, 3.48414141627e-05, 3.36866069119e-05, 8.0086349044e-05, 4.38226525148e-05, 2.60716733465e-05, 2.42865735345e-05, 1.77630154212e-05, 2.37603035202e-05, 3.80818601116e-05, 3.18985075864e-05, 2.46273521043e-05, 5.56733939447e-05, 3.10096547764e-05, 8.10912115412e-06, 6.26235396339e-06, 7.32590251573e-06, 7.56236704547e-06, 6.44346027912e-06, 4.60573301098e-06, 5.2712730394e-06, 4.90656020702e-06, 3.70601424038e-06, 3.62765058526e-06, 3.23425410897e-06, 3.53205382453e-06, 3.96280347559e-06, 4.15284557675e-06, 7.73229839979e-06, 8.05510080681e-06, 9.38850917009e-06, 9.90497392195e-06, 7.70936821937e-06, 7.04247713657e-06, 6.09823973718e-06, 5.78895560466e-06, 3.58692795999e-06, 3.18337720273e-06, 2.7277276331e-06, 2.60575643551e-06, 2.63950710178e-06, 2.93521611638e-06, 2.44595412369e-06, 2.47544471677e-06, 2.23216193262e-06, 2.13324688048e-06, 1.83047200153e-06, 1.22050812479e-06, 1.19689320854e-06, 1.0138203379e-06, 8.75203738815e-07, 7.5797908039e-07, 6.14437738022e-07, 4.59237355699e-07, 2.35267407334e-07, 3.24926475059e-07, 7.29213240902e-08, 8.72602790025e-09, 3.88939193352e-11, 1.56376977339e-11, 1.53556126148e-11, 1.49872943916e-11, 1.47429100178e-11, 1.45052529016e-11, 1.42039106171e-11, 1.41165308609e-11, 1.39814878425e-11, 1.38716815812e-11, 1.37943519454e-11]
    },
    "mfcc": {
        "mean": [-612.384094238, 99.2343597412, -8.41585063934, 13.358455658, 12.2886390686, 12.6731386185, 5.49698591232, 8.40318584442, -0.496980845928, 8.61875915527, -0.498527616262, 5.45875072479, 4.85218000412],
        "cov": [[3287.11621094, -715.793640137, -63.1546936035, -131.831878662, 130.36340332, -127.550117493, -70.0540313721, -87.4680786133, -130.284927368, 222.307312012, 33.0303878784, 122.844772339, 134.240081787], [-715.793640137, 482.321685791, -52.1760139465, 28.4060726166, -39.700969696, 44.0409927368, 20.3704471588, -1.33007979393, 3.77616906166, -64.6190643311, -22.4774551392, -29.845741272, -39.6830635071], [-63.1546936035, -52.1760139465, 215.159378052, 21.5480270386, -5.76994371414, 6.87484455109, -10.350438118, 4.65847873688, 17.0561752319, -27.7695350647, 9.58648014069, -5.08174657822, -18.4338359833], [-131.831878662, 28.4060726166, 21.5480270386, 154.865203857, 16.5700969696, -27.7828178406, -26.1189575195, -11.6532869339, 20.2970790863, -16.2794570923, 6.74993801117, -1.94942641258, 4.70131969452], [130.36340332, -39.700969696, -5.76994371414, 16.5700969696, 101.89540863, -17.6041889191, -17.5205097198, -3.07028102875, 5.38699293137, 15.8337850571, 3.84549188614, 8.08688926697, 25.332452774], [-127.550117493, 44.0409927368, 6.87484455109, -27.7828178406, -17.6041889191, 156.440460205, 71.7834396362, 37.5292129517, 8.63398456573, -29.5141086578, 0.852203965187, -13.3293581009, -28.3841629028], [-70.0540313721, 20.3704471588, -10.350438118, -26.1189575195, -17.5205097198, 71.7834396362, 112.066955566, 34.4936637878, 5.54302120209, 0.0996551215649, 5.65350532532, -8.67788982391, -14.9869279861], [-87.4680786133, -1.33007979393, 4.65847873688, -11.6532869339, -3.07028102875, 37.5292129517, 34.4936637878, 80.8934707642, 33.3916664124, -0.172266229987, 6.70498037338, -1.8822773695, -5.1751666069], [-130.284927368, 3.77616906166, 17.0561752319, 20.2970790863, 5.38699293137, 8.63398456573, 5.54302120209, 33.3916664124, 95.3223419189, -0.142399266362, 16.446352005, -10.0480899811, -6.92316961288], [222.307312012, -64.6190643311, -27.7695350647, -16.2794570923, 15.8337850571, -29.5141086578, 0.0996551215649, -0.172266229987, -0.142399266362, 100.008956909, 19.4380607605, 10.5536546707, 16.1568069458], [33.0303878784, -22.4774551392, 9.58648014069, 6.74993801117, 3.84549188614, 0.852203965187, 5.65350532532, 6.70498037338, 16.446352005, 19.4380607605, 66.3661117554, 22.4446487427, 5.66135644913], [122.844772339, -29.845741272, -5.08174657822, -1.94942641258, 8.08688926697, -13.3293581009, -8.67788982391, -1.8822773695, -10.0480899811, 10.5536546707, 22.4446487427, 58.8327865601, 28.1066551208], [134.240081787, -39.6830635071, -18.4338359833, 4.70131969452, 25.332452774, -28.3841629028, -14.9869279861, -5.1751666069, -6.92316961288, 16.1568069458, 5.66135644913, 28.1066551208, 76.3860015869]],
        "icov": [[0.000587076938245, 0.000715853995644, 0.000151695669047, 0.000274259189609, -0.000342533108778, -9.54073548201e-05, 9.29650996113e-05, 0.000444535951829, 0.000454461609479, -0.00067803793354, 0.000165401914273, -0.000591975986026, -0.000123435718706], [0.000715853995644, 0.00347286136821, 0.0011611210648, -0.000262891349848, 0.000221183203394, -0.000461449642899, -2.69918891718e-05, 0.00080100260675, 0.000404704798711, 0.00062343722675, 0.000330874638166, -0.000212772880332, 0.000605259789154], [0.000151695669047, 0.0011611210648, 0.00549512216821, -0.000549293064978, 0.000199108937522, -0.000233777667745, 0.000716923212167, -4.91229475301e-05, -0.000426573329605, 0.00172498694155, -0.00104519852903, 0.000147699684021, 0.00130056438502], [0.000274259189609, -0.000262891349848, -0.000549293064978, 0.00776395015419, -0.00133333040867, 0.00115339457989, 0.000732983229682, 0.00122304202523, -0.00148771342356, 0.00114851433318, -0.00108523492236, 0.000308662682073, -0.000542424095329], [-0.000342533108778, 0.000221183203394, 0.000199108937522, -0.00133333040867, 0.0116011733189, -0.000415418617195, 0.00130145263392, -0.000273567886325, -0.000997661147267, -0.000815086707007, 0.000112340967462, 0.000711814675014, -0.00310621457174], [-9.54073548201e-05, -0.000461449642899, -0.000233777667745, 0.00115339457989, -0.000415418617195, 0.0107214152813, -0.00559037690982, -0.00243055517785, 0.000257911044173, 0.00307737244293, -0.000873542332556, 0.000473148887977, 0.00192386785056], [9.29650996113e-05, -2.69918891718e-05, 0.000716923212167, 0.000732983229682, 0.00130145263392, -0.00559037690982, 0.014232727699, -0.00356374448165, 0.00107620644849, -0.00167168304324, -0.0013427734375, 0.00140095292591, 2.77442595689e-05], [0.000444535951829, 0.00080100260675, -4.91229475301e-05, 0.00122304202523, -0.000273567886325, -0.00243055517785, -0.00356374448165, 0.0179642755538, -0.00591207342222, -0.000822986476123, 0.00086303090211, -0.00191788503435, -0.000466818222776], [0.000454461609479, 0.000404704798711, -0.000426573329605, -0.00148771342356, -0.000997661147267, 0.000257911044173, 0.00107620644849, -0.00591207342222, 0.0145699800923, -0.000474169151857, -0.00393184181303, 0.0033535445109, 0.000115790826385], [-0.00067803793354, 0.00062343722675, 0.00172498694155, 0.00114851433318, -0.000815086707007, 0.00307737244293, -0.00167168304324, -0.000822986476123, -0.000474169151857, 0.0143273556605, -0.00417067995295, 0.00161958369426, -0.000469114631414], [0.000165401914273, 0.000330874638166, -0.00104519852903, -0.00108523492236, 0.000112340967462, -0.000873542332556, -0.0013427734375, 0.00086303090211, -0.00393184181303, -0.00417067995295, 0.0205611921847, -0.00917484704405, 0.00150678504724], [-0.000591975986026, -0.000212772880332, 0.000147699684021, 0.000308662682073, 0.000711814675014, 0.000473148887977, 0.00140095292591, -0.00191788503435, 0.0033535445109, 0.00161958369426, -0.00917484704405, 0.0258264094591, -0.00783047359437], [-0.000123435718706, 0.000605259789154, 0.00130056438502, -0.000542424095329, -0.00310621457174, 0.00192386785056, 2.77442595689e-05, -0.000466818222776, 0.000115790826385, -0.000469114631414, 0.00150678504724, -0.00783047359437, 0.0185681600124]]
    },
    "spectral_contrast_coeffs": {
        "max": [-0.464160948992, -0.565832495689, -0.542161941528, -0.577927529812, -0.5806427598, -0.6187748909],
        "mean": [-0.784052073956, -0.794153630733, -0.788975477219, -0.784172058105, -0.791142523289, -0.74788159132],
        "min": [-0.916396081448, -0.93144762516, -0.903244972229, -0.900894939899, -0.879444599152, -0.86913383007],
        "stdev": [0.055133625865, 0.0596923343837, 0.0605853721499, 0.0634606704116, 0.0502100065351, 0.034359768033]
    },
    "spectral_contrast_valleys": {
        "max": [-5.41794490814, -5.24730062485, -5.58220672607, -5.91701316833, -5.85562229156, -7.59108781815],
        "mean": [-6.60464286804, -6.58937978745, -6.89116859436, -7.01823139191, -7.18300771713, -9.96154594421],
        "min": [-8.96033000946, -8.7612695694, -8.53154850006, -8.39095687866, -9.13403320312, -13.2070970535],
        "stdev": [0.521278738976, 0.566166639328, 0.45072388649, 0.478284418583, 0.561606109142, 0.78933095932]
    }
},
"rhythm": {
    "beats_count": 113,
    "beats_loudness": {
        "max": 0.0813208967447,
        "mean": 0.0280304439366,
        "min": 0.00223764148541,
        "stdev": 0.0178793426603
    },
    "bpm": 140.718963623,
    "bpm_histogram_first_peak_bpm": 140,
    "bpm_histogram_first_peak_weight": 0.452830195427,
    "bpm_histogram_second_peak_bpm": 129,
    "bpm_histogram_second_peak_spread": 0.400000035763,
    "bpm_histogram_second_peak_weight": 0.0267857145518,
    "danceability": 0.969141423702,
    "onset_rate": 2.625,
    "beats_loudness_band_ratio": {
        "max": [0.855373740196, 0.463189303875, 0.565523922443, 0.81847435236, 0.572188317776, 0.164638057351],
        "mean": [0.451525390148, 0.0862331986427, 0.0938811600208, 0.179436996579, 0.153519898653, 0.0659803822637],
        "min": [0.0434877835214, 0.0101994667202, 0.0183038990945, 0.0314498469234, 0.0180032569915, 0.00235686078668],
        "stdev": [0.21408239007, 0.0922678858042, 0.0835491865873, 0.158750206232, 0.121027611196, 0.0345390625298]
    },
