{
"metadata": {
    "version": {
        "essentia": "2.1-beta5",
        "essentia_git_sha": "Undefined",
        "extractor": "music 2.0"
    },
    "audio_properties": {
        "analysis": {
            "equal_loudness": 0,
            "length": 35.0737419128,
            "sample_rate": 44100,
            "start_time": 158.998641968,
            "downmix": "mix"
        },
        "bit_rate": 192000,
        "length": 194.095611572,
        "lossless": 0,
        "number_channels": 2,
        "replay_gain": -1.74202919006,
        "sample_rate": 48000,
        "codec": "mp3",
        "md5_encoded": "c7ef328321726f80d998bee500dac085"
    },
    "tags": {
        "file_name": "Hungary_Wars For Nothing_Boggie.mp3",
        "encoding": ["Lavf58.29.100"]
    }
},
"lowlevel": {
    "average_loudness": 0.787180006504,
    "barkbands_crest": {
        "max": 23.911857605,
        "mean": 9.6225605011,
        "min": 3.01693797112,
        "stdev": 3.88840985298
    },
    "barkbands_flatness_db": {
        "max": 0.3357206285,
        "mean": 0.18266056478,
        "min": 0.0747041553259,
        "stdev": 0.0404737554491
    },
    "barkbands_kurtosis": {
        "max": 110.461029053,
        "mean": 5.76846027374,
        "min": -1.92587471008,
        "stdev": 9.88047218323
    },
    "barkbands_skewness": {
        "max": 9.02263832092,
        "mean": 1.52211534977,
        "min": -0.774831771851,
        "stdev": 1.24176597595
    },
    "barkbands_spread": {
        "max": 101.242485046,
        "mean": 13.6498937607,
        "min": 0.713961601257,
        "stdev": 11.9866333008
    },
    "dissonance": {
        "max": 0.499999910593,
        "mean": 0.440821826458,
        "min": 0.195182010531,
        "stdev": 0.0545314028859
    },
    "dynamic_complexity": 4.13095664978,
    "erbbands_crest": {
        "max": 25.8638057709,
        "mean": 10.2388496399,
        "min": 3.3053958416,
        "stdev": 4.18941783905
    },
    "erbbands_flatness_db": {
        "max": 0.331799596548,
        "mean": 0.215478599072,
        "min": 0.0926019251347,
        "stdev": 0.0440588817
    },
    "erbbands_kurtosis": {
        "max": 27.2675094604,
        "mean": 2.31897377968,
        "min": -1.85567259789,
        "stdev": 3.16583323479
    },
    "erbbands_skewness": {
        "max": 4.4844493866,
        "mean": 0.891665518284,
        "min": -1.97592628002,
        "stdev": 0.791115820408
    },
    "erbbands_spread": {
        "max": 163.795349121,
        "mean": 26.1042518616,
        "min": 6.0462436676,
        "stdev": 23.6435375214
    },
    "hfc": {
        "max": 78.1262741089,
        "mean": 19.4231510162,
        "min": 0.0336644984782,
        "stdev": 17.2210483551
    },
    "loudness_ebu128": {
        "integrated": -22.0892944336,
        "loudness_range": 9.37125015259,
        "momentary": {
            "max": -18.3073062897,
            "mean": -23.8933467865,
            "min": -41.0394744873,
            "stdev": 4.50737428665
        },
        "short_term": {
            "max": -19.1552410126,
            "mean": -23.1222000122,
            "min": -30.9440822601,
            "stdev": 2.95352983475
        }
    },
    "melbands_crest": {
        "max": 29.8590679169,
        "mean": 12.5663452148,
        "min": 3.73371124268,
        "stdev": 5.26173448563
    },
    "melbands_flatness_db": {
        "max": 0.435646086931,
        "mean": 0.203444987535,
        "min": 0.0638729557395,
        "stdev": 0.068821914494
    },
    "melbands_kurtosis": {
        "max": 226.246017456,
        "mean": 11.768204689,
        "min": -1.19620656967,
        "stdev": 21.1633701324
    },
    "melbands_skewness": {
        "max": 12.3442707062,
        "mean": 2.0235054493,
        "min": -0.44078323245,
        "stdev": 1.74863016605
    },
    "melbands_spread": {
        "max": 145.402160645,
        "mean": 17.691318512,
        "min": 0.914112269878,
        "stdev": 13.0572929382
    },
    "pitch_salience": {
        "max": 0.886323690414,
        "mean": 0.592623412609,
        "min": 0.106884114444,
        "stdev": 0.126773774624
    },
    "silence_rate_20dB": {
        "max": 1,
        "mean": 1,
        "min": 1,
        "stdev": 0
    },
    "silence_rate_30dB": {
        "max": 1,
        "mean": 1,
        "min": 1,
        "stdev": 0
    },
    "silence_rate_60dB": {
        "max": 1,
        "mean": 0.108465611935,
        "min": 0,
        "stdev": 0.310967087746
    },
    "spectral_centroid": {
        "max": 3492.73901367,
        "mean": 1192.17736816,
        "min": 184.478942871,
        "stdev": 668.690307617
    },
    "spectral_complexity": {
        "max": 43,
        "mean": 15.5992059708,
        "min": 0,
        "stdev": 8.92521572113
    },
    "spectral_decrease": {
        "max": -1.14632643655e-11,
        "mean": -5.13716047479e-09,
        "min": -2.90864772268e-08,
        "stdev": 4.55840121205e-09
    },
    "spectral_energy": {
        "max": 0.111295975745,
        "mean": 0.0211505685002,
        "min": 5.31157456862e-05,
        "stdev": 0.0183710306883
    },
    "spectral_energyband_high": {
        "max": 0.00597347551957,
        "mean": 0.000496494641993,
        "min": 9.02042600615e-08,
        "stdev": 0.000793607905507
    },
    "spectral_energyband_low": {
        "max": 0.10615926981,
        "mean": 0.00275144656189,
        "min": 1.45923113593e-08,
        "stdev": 0.0062977722846
    },
    "spectral_energyband_middle_high": {
        "max": 0.0596794188023,
        "mean": 0.00745807494968,
        "min": 1.00497129552e-06,
        "stdev": 0.0087521597743
    },
    "spectral_energyband_middle_low": {
        "max": 0.0678559169173,
        "mean": 0.0110010821372,
        "min": 4.21347567681e-06,
        "stdev": 0.0123153496534
    },
    "spectral_entropy": {
        "max": 8.64488792419,
        "mean": 7.3528137207,
        "min": 5.51224565506,
        "stdev": 0.576691627502
    },
    "spectral_flux": {
        "max": 0.260025531054,
        "mean": 0.0692377388477,
        "min": 0.00239808042534,
        "stdev": 0.0387992933393
    },
    "spectral_kurtosis": {
        "max": 28.3275260925,
        "mean": 5.68989896774,
        "min": -1.29565548897,
        "stdev": 3.30441498756
    },
    "spectral_rms": {
        "max": 0.0104202413931,
        "mean": 0.00408894149587,
        "min": 0.000227640601224,
        "stdev": 0.0019786960911
    },
    "spectral_rolloff": {
        "max": 9776.07421875,
        "mean": 1620.60168457,
        "min": 107.666015625,
        "stdev": 1508.92944336
    },
    "spectral_skewness": {
        "max": 4.25821065903,
        "mean": 1.97135269642,
        "min": 0.0826620683074,
        "stdev": 0.609543383121
    },
    "spectral_spread": {
        "max": 14921325,
        "mean": 4655133,
        "min": 2049140.375,
        "stdev": 1718511.625
    },
    "spectral_strongpeak": {
        "max": 9.57398509979,
        "mean": 1.34738612175,
        "min": 0.0164197981358,
        "stdev": 1.37975823879
    },
    "zerocrossingrate": {
        "max": 0.2880859375,
        "mean": 0.0641427785158,
        "min": 0.0087890625,
        "stdev": 0.038193166256
    },
    "barkbands": {
        "max": [0.000810810888652, 0.0534858629107, 0.0601902082562, 0.0207738149911, 0.0275441687554, 0.0284005962312, 0.0210365764797, 0.0300350263715, 0.0412899628282, 0.0417209789157, 0.0504344329238, 0.0397783406079, 0.0079273302108, 0.0290475599468, 0.0152102001011, 0.014186036773, 0.00903420243412, 0.00433200364932, 0.00380706251599, 0.00332301133312, 0.00247465609573, 0.00142970273737, 0.00160886126105, 0.00215621688403, 0.00211412739009, 0.000454671971966, 1.63493041327e-05],
        "mean": [5.99364148002e-06, 0.000356151344022, 0.00211462378502, 0.000547482632101, 0.00197465950623, 0.00187514524441, 0.000522985355929, 0.00259150704369, 0.00278948037885, 0.00188288255595, 0.00113798177335, 0.00188920483924, 0.000464819167973, 0.00072031543823, 0.000663566461299, 0.000427029561251, 0.000273432116956, 0.000251911318628, 0.000117596777272, 0.000112907822768, 9.24225605559e-05, 7.15975475032e-05, 8.36522813188e-05, 9.81071934802e-05, 7.22434924683e-05, 1.28485271489e-05, 1.21045271584e-08],
        "min": [2.28218569043e-10, 5.35688382541e-10, 1.83964821154e-09, 7.23616366827e-09, 2.96211251083e-08, 9.61682786738e-08, 4.41522871597e-08, 2.49034144417e-07, 1.43382339957e-06, 2.67258144504e-07, 1.33035218397e-08, 5.42186882058e-08, 6.88138754867e-08, 1.54603512215e-07, 4.7655287716e-08, 3.80839999536e-08, 3.1827500635e-08, 2.19671498769e-08, 2.57600092368e-08, 2.23895302298e-08, 2.22453646614e-08, 1.14916494098e-08, 1.19703704726e-08, 9.16241393867e-09, 5.7161719802e-09, 1.25500651538e-10, 9.88179815753e-11],
        "stdev": [3.47802051692e-05, 0.00209547649138, 0.00480829970911, 0.00117433664855, 0.00287019461393, 0.00326030934229, 0.00152717600577, 0.00448113586754, 0.00486106565222, 0.00364714022726, 0.00308591034263, 0.00355311133899, 0.00074430834502, 0.00162570702378, 0.00164251134265, 0.00113968842197, 0.000616372097284, 0.000448220816907, 0.00023262394825, 0.000199228554266, 0.000153830944328, 0.000136795686558, 0.000180679795449, 0.00021917608683, 0.00017625351029, 3.14965727739e-05, 4.20303848614e-07]
    },
    "erbbands": {
        "max": [0.728291034698, 16.2570705414, 69.4915542603, 48.6036376953, 126.658836365, 132.451217651, 198.813217163, 303.157287598, 191.305343628, 388.63369751, 717.462158203, 847.001098633, 1569.93200684, 690.162963867, 1795.56213379, 1927.36975098, 320.847839355, 1016.14978027, 883.476745605, 609.81262207, 770.789245605, 434.642913818, 322.149932861, 444.525604248, 68.0947875977, 95.7398681641, 87.2772674561, 68.8547439575, 45.3261108398, 53.7559394836, 49.8860855103, 48.7884902954, 39.9450454712, 26.1659240723, 14.3354454041, 3.95410895348, 0.371699512005, 0.0102361552417, 0.00233185617253, 0.000263235939201],
        "mean": [0.00490538636222, 0.136679217219, 1.87873089314, 2.38286685944, 3.63477683067, 7.11670303345, 12.3586568832, 14.7884578705, 7.56438064575, 19.388753891, 64.9363250732, 58.6395072937, 75.1291122437, 52.3901405334, 60.7636451721, 72.8354949951, 24.2262916565, 32.6261711121, 41.8592987061, 28.5478496552, 20.4631652832, 15.4870605469, 14.252322197, 9.83922481537, 4.61746692657, 5.20573282242, 4.57618522644, 3.21223664284, 2.51190018654, 2.42864704132, 2.4485771656, 1.93234145641, 1.71670043468, 1.03329885006, 0.37482124567, 0.105435498059, 0.0145320575684, 0.00034316451638, 3.00997453451e-05, 2.792259329e-05],
        "min": [1.04776560761e-07, 7.7571547763e-07, 3.78598019779e-06, 3.71602218365e-05, 9.66787702055e-05, 7.47521480662e-05, 0.000347983877873, 0.000911817536689, 0.000624988810159, 0.00244271033444, 0.0214311257005, 0.036035720259, 0.0139731327072, 0.00722666317597, 0.00279812165536, 0.00260560191236, 0.00349178561009, 0.00983578898013, 0.00246614660136, 0.00261546066031, 0.0021555761341, 0.00184933829587, 0.00138796085957, 0.00123279425316, 0.00175701233093, 0.000853438919876, 0.00139009952545, 0.000482061266666, 0.00052129116375, 0.000291152158752, 0.000327761314111, 0.000227774173254, 0.000138335046358, 0.000114576061605, 4.2580315494e-05, 5.27321890331e-06, 5.10978509283e-07, 1.32248402451e-07, 9.33668218295e-08, 1.25569002307e-07],
        "stdev": [0.0405589677393, 0.617032289505, 4.66737127304, 4.15630722046, 7.57054519653, 11.1533079147, 19.1747169495, 29.726688385, 16.6581535339, 43.2028923035, 114.119224548, 94.8968582153, 145.222839355, 84.5858688354, 126.75983429, 144.10269165, 34.278881073, 60.841960907, 97.1520843506, 64.1341629028, 54.3470649719, 31.7478237152, 26.2452068329, 21.8055591583, 6.35946369171, 8.58185005188, 7.74274015427, 5.46398353577, 4.5207695961, 5.17710113525, 5.52870082855, 4.55716848373, 3.71512317657, 2.51458287239, 0.92503619194, 0.267114877701, 0.03272119537, 0.000783548748586, 7.10079402779e-05, 2.3143407816e-05]
    },
    "gfcc": {
        "mean": [-45.2506027222, 66.3010787964, -150.011550903, -1.93887782097, -86.8227920532, 22.277765274, -48.5271682739, 12.1313037872, -32.4352760315, -4.72380065918, -20.5820331573, -10.9604625702, -8.49848365784],
        "cov": [[4953.57226562, -361.878265381, -523.81628418, -366.023590088, -156.297103882, 168.078781128, 157.708724976, 280.194061279, -156.148574829, 18.6009521484, 41.9072494507, -92.2484054565, -285.081176758], [-361.878265381, 3492.81201172, 2953.35644531, 781.342834473, 404.177825928, -64.4841690063, -213.374816895, -386.616027832, -238.450927734, -191.359420776, 311.622680664, -386.628692627, 6.47023248672], [-523.81628418, 2953.35644531, 3728.39233398, 1241.96337891, 279.408233643, 80.6035385132, -391.998840332, -484.778533936, -248.876037598, -160.247619629, 178.813644409, -318.54309082, -32.8985862732], [-366.023590088, 781.342834473, 1241.96337891, 779.860046387, 208.775939941, 96.1222610474, -144.060531616, -171.324295044, 18.7366333008, -53.434967041, -40.2438011169, -122.011573792, 28.8297920227], [-156.297103882, 404.177825928, 279.408233643, 208.775939941, 280.384918213, 67.5743560791, -32.4992256165, -0.259468883276, 18.5652866364, -10.7649335861, -19.2174892426, -40.1344680786, 28.8557224274], [168.078781128, -64.4841690063, 80.6035385132, 96.1222610474, 67.5743560791, 206.348052979, 100.093582153, 19.8195819855, 12.3257579803, 6.92528152466, -29.4626159668, 6.24572229385, -27.3006744385], [157.708724976, -213.374816895, -391.998840332, -144.060531616, -32.4992256165, 100.093582153, 273.788909912, 91.127822876, 15.142370224, 14.2743501663, 12.8166437149, 23.2314167023, -43.9215393066], [280.194061279, -386.616027832, -484.778533936, -171.324295044, -0.259468883276, 19.8195819855, 91.127822876, 182.021820068, 63.2293243408, 41.4267158508, -17.2404689789, 43.931224823, -9.45043754578], [-156.148574829, -238.450927734, -248.876037598, 18.7366333008, 18.5652866364, 12.3257579803, 15.142370224, 63.2293243408, 159.481414795, 39.851398468, -45.4584465027, 11.3652238846, 18.6891765594], [18.6009521484, -191.359420776, -160.247619629, -53.434967041, -10.7649335861, 6.92528152466, 14.2743501663, 41.4267158508, 39.851398468, 74.6167678833, -0.333311378956, 31.7774295807, -2.13526964188], [41.9072494507, 311.622680664, 178.813644409, -40.2438011169, -19.2174892426, -29.4626159668, 12.8166437149, -17.2404689789, -45.4584465027, -0.333311378956, 116.856689453, -12.2258558273, -15.5347089767], [-92.2484054565, -386.628692627, -318.54309082, -122.011573792, -40.1344680786, 6.24572229385, 23.2314167023, 43.931224823, 11.3652238846, 31.7774295807, -12.2258558273, 115.356925964, 23.6648349762], [-285.081176758, 6.47023248672, -32.8985862732, 28.8297920227, 28.8557224274, -27.3006744385, -43.9215393066, -9.45043754578, 18.6891765594, -2.13526964188, -15.5347089767, 23.6648349762, 92.7368774414]],
        "icov": [[0.000368871405954, -0.000399053707952, 0.000457982736407, -0.000384306331398, 0.000767890538555, -0.000824962509796, 0.000780792150181, -0.00105296843685, 0.000853862380609, -0.000285946211079, 0.000265003094682, 0.000179788490641, 0.00104427454062], [-0.000399053707952, 0.00508689321578, -0.00428065191954, 0.00366494641639, -0.00633962405846, 0.00422132667154, -0.00434565450996, 0.00321465544403, -0.00260601285845, 0.00310703087598, -0.00564873544499, 0.0057422965765, -0.00456964876503], [0.000457982736407, -0.00428065191954, 0.00493100611493, -0.00479648588225, 0.00555841764435, -0.00439847121015, 0.00486920820549, -0.00244646263309, 0.00360227306373, -0.00253579812124, 0.00258353003301, -0.0036313761957, 0.00455445190892], [-0.000384306331398, 0.00366494641639, -0.00479648588225, 0.00770655088127, -0.00599486380816, 0.0023743705824, -0.00358978891745, 0.00404773373157, -0.00475805951282, 0.00258751702495, -0.00102210533805, 0.00442865863442, -0.00454067392275], [0.000767890538555, -0.00633962405846, 0.00555841764435, -0.00599486380816, 0.0135597679764, -0.00760207232088, 0.00675199134275, -0.00666054198518, 0.0042938599363, -0.00382213480771, 0.00634075142443, -0.00484777102247, 0.0040462044999], [-0.000824962509796, 0.00422132667154, -0.00439847121015, 0.0023743705824, -0.00760207232088, 0.0134113039821, -0.00869390740991, 0.00385630060919, -0.00300825689919, 0.00158123672009, -0.00113285379484, 0.000985727645457, -0.00233869114891], [0.000780792150181, -0.00434565450996, 0.00486920820549, -0.00358978891745, 0.00675199134275, -0.00869390740991, 0.0117643764243, -0.0055547230877, 0.00342954345979, -0.00128592120018, 0.00127660203725, -0.0028266957961, 0.00610657967627], [-0.00105296843685, 0.00321465544403, -0.00244646263309, 0.00404773373157, -0.00666054198518, 0.00385630060919, -0.0055547230877, 0.0149011434987, -0.00606623338535, 0.000241138070123, -0.00301379850134, 0.00121922767721, -0.00307990028523], [0.000853862380609, -0.00260601285845, 0.00360227306373, -0.00475805951282, 0.0042938599363, -0.00300825689919, 0.00342954345979, -0.00606623338535, 0.013601844199, -0.00638610962778, 0.00375928147696, 0.000557522696909, 0.00194744393229], [-0.000285946211079, 0.00310703087598, -0.00253579812124, 0.00258751702495, -0.00382213480771, 0.00158123672009, -0.00128592120018, 0.000241138070123, -0.00638610962778, 0.0210488028824, -0.00608946802095, -0.000994935398921, -0.000723999633919], [0.000265003094682, -0.00564873544499, 0.00258353003301, -0.00102210533805, 0.00634075142443, -0.00113285379484, 0.00127660203725, -0.00301379850134, 0.00375928147696, -0.00608946802095, 0.020744509995, -0.00698711071163, 0.00479420693591], [0.000179788490641, 0.0057422965765, -0.0036313761957, 0.00442865863442, -0.00484777102247, 0.000985727645457, -0.0028266957961, 0.00121922767721, 0.000557522696909, -0.000994935398921, -0.00698711071163, 0.0223943646997, -0.00894922949374], [0.00104427454062, -0.00456964876503, 0.00455445190892, -0.00454067392275, 0.0040462044999, -0.00233869114891, 0.00610657967627, -0.00307990028523, 0.00194744393229, -0.000723999633919, 0.00479420693591, -0.00894922949374, 0.0206479672343]]
    },
    "melbands": {
        "max": [0.00864635780454, 0.0302413310856, 0.00905030965805, 0.00729479081929, 0.00571164861321, 0.00642926245928, 0.00351187773049, 0.0043719727546, 0.00568633293733, 0.00614958163351, 0.00787810515612, 0.00334258750081, 0.00792637187988, 0.00498008541763, 0.00171071058139, 0.000688313273713, 0.00235928781331, 0.00191867118701, 0.000985732884146, 0.00130190432537, 0.000992229091935, 0.000410049629863, 0.00080251210602, 0.000283515983028, 0.000404573103879, 3.77956821467e-05, 7.36289512133e-05, 8.89223665581e-05, 7.76856904849e-05, 0.00012246958795, 3.20855542668e-05, 2.68185467576e-05, 3.23754684359e-05, 2.64838527073e-05, 3.91698667954e-05, 3.04306267935e-05, 3.3358206565e-05, 3.12464835588e-05, 2.28018561756e-05, 2.23347760766e-05],
        "mean": [6.54114192002e-05, 0.000689339940436, 0.000447823811555, 0.000408208521549, 0.000401110533858, 0.000328392634401, 0.000118058764201, 0.000269014708465, 0.000507696706336, 0.000394136819523, 0.000373536837287, 0.000208637284231, 0.000181803829037, 0.000241672722041, 8.62487067934e-05, 4.88418118039e-05, 6.1658967752e-05, 7.11503380444e-05, 4.10447173635e-05, 3.51801718352e-05, 2.10355719901e-05, 1.49414536281e-05, 1.57716767717e-05, 1.16884075396e-05, 7.7139293353e-06, 3.44701629729e-06, 3.18592924486e-06, 3.5500740978e-06, 3.14838143822e-06, 2.1500609364e-06, 1.75293939719e-06, 1.41232078477e-06, 1.34671370233e-06, 1.34723450174e-06, 1.46370030052e-06, 1.20263018744e-06, 1.18605407806e-06, 1.21368077544e-06, 1.14329850476e-06, 7.75599460212e-07],
        "min": [3.12608661179e-10, 1.40039113639e-09, 1.16349863077e-08, 6.02487304491e-09, 1.01833190769e-08, 1.95650713408e-08, 9.47545153451e-09, 2.10956656588e-08, 1.81815266842e-07, 2.11164319808e-07, 5.3837904801e-08, 1.68887464014e-08, 4.14934309134e-09, 7.61645857494e-09, 5.48066836359e-09, 1.19281011735e-08, 1.66793476808e-08, 3.57934371031e-09, 3.70704067443e-09, 3.2106852732e-09, 2.24496154999e-09, 1.70777891828e-09, 1.22850662976e-09, 1.12104603378e-09, 8.69444349849e-10, 9.98977123245e-10, 1.10591680258e-09, 2.74053724159e-10, 9.19112619346e-10, 2.85656831522e-10, 2.49784748441e-10, 2.13617915024e-10, 1.46944942325e-10, 1.68565175707e-10, 1.84822809834e-10, 1.27408777972e-10, 1.41507972007e-10, 9.44541944659e-11, 7.6692249773e-11, 3.68970236309e-11],
        "stdev": [0.000426387588959, 0.00172907533124, 0.00074994150782, 0.000657426367979, 0.000587685033679, 0.000639578618575, 0.000266148388619, 0.0005150801735, 0.000880172767211, 0.000678422104102, 0.000728294951841, 0.000361210491974, 0.000465442135464, 0.000450224324595, 0.000151421496412, 7.37501104595e-05, 0.000131004257128, 0.000169712249772, 9.05697306735e-05, 9.28766676225e-05, 6.2271967181e-05, 2.96643120237e-05, 4.15117101511e-05, 2.14912452066e-05, 1.95416778297e-05, 4.59954799226e-06, 5.01461136082e-06, 6.64841172693e-06, 5.89604587731e-06, 4.54228165836e-06, 3.06281526719e-06, 2.56056682701e-06, 2.95094923786e-06, 2.89506169793e-06, 3.41452050634e-06, 2.76541322819e-06, 2.94551159641e-06, 2.6427467219e-06, 2.72600414064e-06, 1.93389041669e-06]
    },
    "melbands128": {
        "max": [0.000810797268059, 0.00658972607926, 0.00872589275241, 0.0346244126558, 0.0444302633405, 0.0283781997859, 0.0114900162444, 0.0145921064541, 0.0161144118756, 0.0122418953106, 0.00920694787055, 0.00473786145449, 0.00929285772145, 0.010207192041, 0.00779220461845, 0.0124605968595, 0.00409958465025, 0.00508705899119, 0.00633542705327, 0.00670804642141, 0.00746066356078, 0.0117874257267, 0.0102985370904, 0.00682996353135, 0.00672562839463, 0.0136766787618, 0.0144965797663, 0.0156322568655, 0.00582463620231, 0.00770108075812, 0.00280175916851, 0.00976125430316, 0.0156168397516, 0.00635538622737, 0.00468413205817, 0.0108378492296, 0.00580006092787, 0.00113331817556, 0.00159072817769, 0.00152266048826, 0.0011425948469, 0.0018760887906, 0.00287614669651, 0.00631462736055, 0.00546056497842, 0.00312512810342, 0.00334459519945, 0.00060451135505, 0.0023550237529, 0.00184070959222, 0.00247095478699, 0.00195549638011, 0.0022795505356, 0.00165742216632, 0.000900101149455, 0.000348755478626, 0.000819443142973, 0.0018577327719, 0.000480643066112, 0.000341710372595, 0.00047971989261, 0.000397306255763, 0.000976664246991, 0.000586537935305, 0.000111712572107, 5.15854662808e-05, 0.000101027806522, 0.000117401752505, 0.000143639088492, 8.36526814965e-05, 0.000146583275637, 0.000245790783083, 0.000197728149942, 9.10055823624e-05, 6.33404488326e-05, 0.000259960099356, 6.77053903928e-05, 4.79166228615e-05, 5.82574175496e-05, 7.25663849153e-05, 3.35710610671e-05, 4.08498162869e-05, 3.74184091925e-05, 3.46232736774e-05, 5.69148687646e-05, 3.92703987018e-05, 2.99837483908e-05, 6.13801457803e-05, 4.88682962896e-05, 4.01574870921e-05, 4.52866188425e-05, 3.79598386644e-05, 5.3771018429e-05, 6.06941102888e-05, 4.15914910263e-05, 3.44617437804e-05, 3.71233327314e-05, 2.91753058264e-05, 3.89412998629e-05, 3.4916371078e-05, 2.57281335507e-05, 2.61734530795e-05, 2.94203946396e-05, 2.31424073718e-05, 1.62748183357e-05, 1.49414981934e-05, 1.20885806609e-05, 1.23330464703e-05, 9.54430379352e-06, 5.48598245587e-06, 4.07063589591e-06, 3.50882214661e-06, 3.34881320896e-07, 8.88659101861e-08, 1.27257933968e-07, 8.20964487502e-08, 7.91878917994e-08, 7.67402852375e-08, 7.43694101857e-08, 7.24555135889e-08, 7.05717013716e-08, 6.89364867412e-08, 6.76054128235e-08, 6.65131949518e-08, 6.54689387147e-08, 6.46774296342e-08, 6.40998436552e-08, 6.37494039779e-08],
        "mean": [4.05275204685e-06, 2.57322972175e-05, 5.27713891643e-05, 0.000209398407605, 0.000824986782391, 0.00105431315023, 0.000480285292724, 0.000272081408184, 0.000325780361891, 0.000516169820912, 0.000375131639885, 0.000331373506924, 0.000465236516902, 0.000407835992519, 0.000345948355971, 0.000326541950926, 0.000109570122731, 7.76097513153e-05, 0.000107100058813, 0.000193051047972, 0.000301235064398, 0.000635230448097, 0.00063352053985, 0.000240081411903, 0.000301238964312, 0.000456705951365, 0.000610245217104, 0.000332228519255, 0.000209731282666, 0.000264485628577, 0.000179963157279, 0.000150734427734, 0.00019759456336, 0.000171249470441, 0.000246374431299, 0.000297607504763, 0.000197629720788, 4.47344355052e-05, 4.68734360766e-05, 4.66253404738e-05, 4.28358507634e-05, 6.30395661574e-05, 5.75984486204e-05, 6.06637913734e-05, 7.78601752245e-05, 7.65809818404e-05, 6.66707419441e-05, 2.69447245955e-05, 4.25441903644e-05, 3.74056689907e-05, 3.65036903531e-05, 2.90778971248e-05, 2.42472124228e-05, 1.69159266079e-05, 1.40372167152e-05, 1.34361353048e-05, 1.61681291502e-05, 2.0625653633e-05, 1.37182187245e-05, 1.03384845715e-05, 1.34645097205e-05, 1.08622643893e-05, 8.88679005584e-06, 7.48823367758e-06, 4.636327958e-06, 3.03704996441e-06, 2.88364640255e-06, 2.87024613499e-06, 3.41166037288e-06, 3.29774138663e-06, 3.43200008501e-06, 3.77341257263e-06, 3.76785419576e-06, 2.98032637147e-06, 2.51082133218e-06, 2.34838876167e-06, 1.74073704784e-06, 2.02409296435e-06, 1.7144203639e-06, 1.65574988387e-06, 1.3643910961e-06, 1.36208825552e-06, 1.32955904064e-06, 1.36267306061e-06, 1.36237565584e-06, 1.2935072391e-06, 1.31658691771e-06, 1.48148319568e-06, 1.5032991314e-06, 1.4624653204e-06, 1.29337217913e-06, 1.10430460154e-06, 1.07030336949e-06, 1.22181018014e-06, 1.25189899336e-06, 1.16287014862e-06, 1.28103829411e-06, 1.13093540222e-06, 1.19632068163e-06, 1.16457329113e-06, 9.06223306174e-07, 6.95177561738e-07, 6.26153564554e-07, 5.29531860138e-07, 4.15798581344e-07, 3.27312847048e-07, 2.43565153824e-07, 1.81095984431e-07, 1.78549129259e-07, 1.51872896481e-07, 1.29550670636e-07, 8.51581845041e-08, 6.0222022924e-09, 6.65676236355e-10, 2.86215523504e-10, 2.04727873543e-10, 7.98621446751e-11, 5.47373257831e-11, 5.3057155891e-11, 5.16491641123e-11, 5.02693477122e-11, 4.90917410889e-11, 4.81648783357e-11, 4.73664371614e-11, 4.64797401956e-11, 4.56491199008e-11, 4.50951012643e-11, 4.48266701536e-11],
        "min": [4.25154425554e-11, 3.2483435386e-10, 1.0948542073e-10, 1.63797669872e-10, 4.94628893399e-10, 6.50993814411e-10, 1.82258919068e-09, 2.40192221668e-09, 1.01186223844e-08, 5.90521187505e-09, 2.51879539448e-09, 4.92437202126e-09, 1.07420525808e-08, 1.82608168586e-08, 2.37320065821e-08, 3.4785654357e-09, 9.08813380107e-09, 6.72331212925e-09, 1.0702120079e-08, 2.7339752684e-09, 9.87674386721e-09, 5.70081262197e-08, 8.99947849575e-08, 5.52972529988e-08, 3.20215249872e-08, 3.64676395748e-08, 1.58719828391e-08, 2.99328206665e-08, 1.37421860558e-08, 2.23340901329e-08, 6.4107812392e-09, 2.85567436364e-09, 4.95793572863e-10, 2.30337771079e-09, 7.89417775593e-09, 3.63540553217e-09, 1.91675741945e-09, 1.84310144924e-09, 2.16575113399e-09, 6.38366859373e-10, 3.29361338203e-09, 1.23255254891e-08, 4.81854156575e-09, 2.67089039774e-09, 3.66772434646e-09, 1.4833216877e-09, 2.78131251363e-09, 2.47379294827e-09, 2.4131920906e-09, 3.6015177507e-09, 9.09817721162e-10, 2.51645371208e-09, 1.73909064927e-09, 1.15918641352e-09, 1.4328603859e-09, 8.6143331357e-10, 9.455223271e-10, 5.59123913835e-10, 4.62961502468e-10, 9.33673693915e-10, 8.12847456011e-10, 6.900284788e-10, 5.94355675787e-10, 4.51465836937e-10, 3.79912989956e-10, 5.14226494719e-10, 4.55175896974e-10, 1.43450218371e-09, 9.60803880901e-10, 1.16090193014e-10, 1.86932455626e-10, 2.93803925633e-10, 5.50649525977e-10, 1.14714537869e-09, 3.41731254405e-10, 1.56879315094e-10, 1.80960788021e-10, 2.81714547523e-11, 2.33889685397e-10, 1.33223945764e-10, 1.79477460671e-10, 3.95561118582e-11, 1.5323968483e-10, 8.2916298827e-11, 4.9928488427e-11, 5.90323831484e-11, 2.01365868424e-10, 8.59544935228e-11, 1.09547107496e-10, 1.4177187202e-10, 6.22740192746e-11, 3.38474838435e-11, 1.01148638076e-10, 1.07518750847e-10, 8.28853929935e-11, 4.24552788758e-11, 6.77527270398e-11, 6.24547722566e-12, 4.91051817264e-12, 8.10959285835e-11, 1.8399601287e-11, 3.05392829081e-11, 3.16853696058e-11, 1.94290070143e-11, 7.78580845628e-12, 2.66437067721e-12, 7.70899837021e-13, 5.21228188648e-13, 3.95159735012e-13, 3.62833623823e-13, 3.10514390893e-13, 3.25641179603e-13, 2.81945826278e-13, 3.35414964032e-13, 3.36104001618e-13, 2.64699178375e-13, 3.28336126733e-13, 3.36485749203e-13, 2.94440280534e-13, 2.33984950556e-13, 3.05416255437e-13, 2.9010393263e-13, 3.60064381739e-13, 3.1110444082e-13, 1.90754503122e-13, 7.74748510788e-14, 1.12224250685e-14, 4.03429537269e-16],
        "stdev": [3.30218390445e-05, 0.000324037740938, 0.000520692847203, 0.00123264547437, 0.00240669818595, 0.002272763988, 0.000887168105692, 0.000709560001269, 0.000893743592314, 0.000942064332776, 0.000694265763741, 0.000602211453952, 0.000807466683909, 0.000984787824564, 0.000759820570238, 0.00099472887814, 0.000322260224493, 0.000314963923302, 0.000389992172131, 0.00067358330125, 0.00068691506749, 0.0011791655561, 0.00142381188925, 0.000537931511644, 0.000693867041264, 0.00115423125681, 0.00149864214472, 0.00101384380832, 0.000519875786267, 0.000575662241317, 0.000316318677505, 0.000518352549989, 0.000782488437835, 0.000508937810082, 0.000548120646272, 0.000714887515642, 0.000511550577357, 9.30448804866e-05, 0.000113600224722, 0.000103056037915, 8.96168785403e-05, 0.000117723211588, 0.000138797389809, 0.000255902967183, 0.000271720782621, 0.000236661333474, 0.000226869713515, 5.6683231378e-05, 0.000157802322065, 0.000115981740237, 0.000142472126754, 0.000116607581731, 0.000106062732812, 6.03155422141e-05, 3.74166338588e-05, 3.03325741697e-05, 4.93934567203e-05, 8.34144302644e-05, 3.640637442e-05, 2.3941625841e-05, 3.13880518661e-05, 2.61453005805e-05, 3.43860338035e-05, 2.48768574238e-05, 8.03938837635e-06, 4.56587804365e-06, 5.4329516388e-06, 5.69070152778e-06, 7.47961303205e-06, 5.88526290812e-06, 8.12008511275e-06, 1.08084395833e-05, 1.05869958134e-05, 6.33104627923e-06, 4.96322354593e-06, 7.7125559983e-06, 3.88412763641e-06, 4.07586094298e-06, 3.61041429642e-06, 3.54919779966e-06, 2.6797274586e-06, 2.97109613712e-06, 2.81511961475e-06, 3.12965426019e-06, 3.64482548321e-06, 3.04930745187e-06, 2.79631262856e-06, 3.81058157473e-06, 3.70356042367e-06, 3.80305618819e-06, 3.29781391883e-06, 2.59551825366e-06, 2.95106656267e-06, 3.5395728446e-06, 3.31162277689e-06, 2.68273038273e-06, 2.85141413769e-06, 2.52602058026e-06, 2.9882776289e-06, 3.34435162586e-06, 2.46888043876e-06, 1.80747906597e-06, 1.56942371632e-06, 1.44714772432e-06, 1.0702902955e-06, 9.33312435336e-07, 7.27744861706e-07, 5.52786730168e-07, 5.26402914147e-07, 3.72025425577e-07, 3.06786574811e-07, 2.16087713056e-07, 2.14669544363e-08, 4.88983964431e-09, 3.99421162811e-09, 2.71324607226e-09, 2.04427896833e-09, 1.97281568859e-09, 1.91184024168e-09, 1.86265181057e-09, 1.81423975842e-09, 1.7721937251e-09, 1.73795466907e-09, 1.70988978532e-09, 1.68305802628e-09, 1.66272440261e-09, 1.64788194201e-09, 1.63887536875e-09]
    },
    "mfcc": {
        "mean": [-677.798156738, 101.986763, -15.3684530258, -22.5756912231, -13.9603242874, -9.77112007141, -3.68014931679, -1.45270550251, -3.12809514999, 0.986955523491, -6.09331083298, -6.64434480667, -10.7145109177],
        "cov": [[5518.66552734, -1059.8807373, -1349.30456543, -788.748596191, -582.120422363, -340.162780762, 175.59085083, 221.556396484, 100.167625427, 94.389289856, 145.622650146, 214.591201782, 6.14096879959], [-1059.8807373, 2832.37451172, 2150.05419922, 807.66973877, 711.600402832, 118.956161499, 345.478881836, -235.163253784, -377.418029785, -4.98369550705, -44.3314743042, -62.5107192993, -90.5206375122], [-1349.30456543, 2150.05419922, 3229.39282227, 1171.1472168, 907.987670898, 395.523376465, 199.526123047, -272.301361084, -354.741699219, -40.6272735596, -121.445793152, -106.214614868, -45.6285171509], [-788.748596191, 807.66973877, 1171.1472168, 679.366394043, 494.410614014, 200.625137329, 38.3055267334, -110.991859436, -62.9464454651, 16.0675830841, -71.3796691895, -70.1079330444, -34.5523910522], [-582.120422363, 711.600402832, 907.987670898, 494.410614014, 601.549865723, 175.895324707, 2.73875665665, -105.007003784, -31.7033119202, 11.5990819931, -52.9194869995, -79.7663269043, -64.8802108765], [-340.162780762, 118.956161499, 395.523376465, 200.625137329, 175.895324707, 272.857330322, 49.7267227173, 21.9844036102, 25.7544937134, 15.469783783, -3.45892953873, -41.4787025452, -26.3001403809], [175.59085083, 345.478881836, 199.526123047, 38.3055267334, 2.73875665665, 49.7267227173, 209.82989502, 48.2734680176, -53.5671310425, 13.3678646088, 18.5080432892, 15.4219989777, 1.98160386086], [221.556396484, -235.163253784, -272.301361084, -110.991859436, -105.007003784, 21.9844036102, 48.2734680176, 143.395385742, 75.0860595703, 26.2770442963, 39.4908828735, 26.5687141418, 18.9811439514], [100.167625427, -377.418029785, -354.741699219, -62.9464454651, -31.7033119202, 25.7544937134, -53.5671310425, 75.0860595703, 186.028884888, 52.8563919067, 24.5143241882, 5.65856266022, 0.880099475384], [94.389289856, -4.98369550705, -40.6272735596, 16.0675830841, 11.5990819931, 15.469783783, 13.3678646088, 26.2770442963, 52.8563919067, 86.1459732056, 33.674446106, 13.1653242111, -2.86512064934], [145.622650146, -44.3314743042, -121.445793152, -71.3796691895, -52.9194869995, -3.45892953873, 18.5080432892, 39.4908828735, 24.5143241882, 33.674446106, 87.6862564087, 41.8697357178, 5.2596950531], [214.591201782, -62.5107192993, -106.214614868, -70.1079330444, -79.7663269043, -41.4787025452, 15.4219989777, 26.5687141418, 5.65856266022, 13.1653242111, 41.8697357178, 90.1803512573, 38.3926239014], [6.14096879959, -90.5206375122, -45.6285171509, -34.5523910522, -64.8802108765, -26.3001403809, 1.98160386086, 18.9811439514, 0.880099475384, -2.86512064934, 5.2596950531, 38.3926239014, 84.8614349365]],
        "icov": [[0.000281727989204, 0.000190161517821, -8.20572604425e-05, 0.000265018781647, -0.000158048016601, 0.000383683945984, -0.000559181440622, -9.1408883236e-06, 1.54889658006e-05, -0.000297515711281, 8.88541617314e-05, -0.000491384998895, 0.000466016615974], [0.000190161517821, 0.00145772146061, -0.000504435098264, -0.000121646247862, -0.000861516979057, 0.00133187626489, -0.00221257703379, 0.000709802669007, 0.000837405503262, -0.000513891107403, -0.000710943771992, -0.000167600403074, 0.00096128025325], [-8.20572604425e-05, -0.000504435098264, 0.00148630153853, -0.00154195853975, -0.00011475145584, -0.00116246833932, 0.000342416693456, 0.000259233114775, 0.00139704940375, 0.000278621300822, 8.95042740012e-06, -0.000162695549079, -0.000806818541605], [0.000265018781647, -0.000121646247862, -0.00154195853975, 0.00682344147936, -0.00250329007395, -0.000642522005364, -0.000158298062161, 0.000603111286182, -0.00137248728424, -0.00211892509833, 0.00261652166955, -0.000524736999068, -0.000426054815762], [-0.000158048016601, -0.000861516979057, -0.00011475145584, -0.00250329007395, 0.00539853749797, -0.00127503182739, 0.00167987123132, 0.000698704796378, -0.00158374093007, 0.000464976386866, -0.000108007610834, 0.000989781226963, 0.00113929761574], [0.000383683945984, 0.00133187626489, -0.00116246833932, -0.000642522005364, -0.00127503182739, 0.00775654846802, -0.00312549364753, -0.00153364241123, -0.00142576138023, 0.000362097111065, -0.00189253955614, 0.00175940862391, 0.00169970735442], [-0.000559181440622, -0.00221257703379, 0.000342416693456, -0.000158298062161, 0.00167987123132, -0.00312549364753, 0.0114214662462, -0.00585437892005, 0.00300182634965, -0.00122873159125, 0.00106999615673, -0.000236934836721, -0.000873303506523], [-9.1408883236e-06, 0.000709802669007, 0.000259233114775, 0.000603111286182, 0.000698704796378, -0.00153364241123, -0.00585437892005, 0.0154967177659, -0.00528686959296, 0.000716274022125, -0.00282855331898, -3.19565697282e-05, -0.0018590609543], [1.54889658006e-05, 0.000837405503262, 0.00139704940375, -0.00137248728424, -0.00158374093007, -0.00142576138023, 0.00300182634965, -0.00528686959296, 0.0138633940369, -0.00609929626808, 0.000504156632815, -0.000214704545215, 0.000260379136307], [-0.000297515711281, -0.000513891107403, 0.000278621300822, -0.00211892509833, 0.000464976386866, 0.000362097111065, -0.00122873159125, 0.000716274022125, -0.00609929626808, 0.0184786021709, -0.00637424783781, 0.000220392248593, 7.91306811152e-05], [8.88541617314e-05, -0.000710943771992, 8.95042740012e-06, 0.00261652166955, -0.000108007610834, -0.00189253955614, 0.00106999615673, -0.00282855331898, 0.000504156632815, -0.00637424783781, 0.0201934557408, -0.00858201738447, 0.00265456316993], [-0.000491384998895, -0.000167600403074, -0.000162695549079, -0.000524736999068, 0.000989781226963, 0.00175940862391, -0.000236934836721, -3.19565697282e-05, -0.000214704545215, 0.000220392248593, -0.00858201738447, 0.0206118300557, -0.00791319645941], [0.000466016615974, 0.00096128025325, -0.000806818541605, -0.000426054815762, 0.00113929761574, 0.00169970735442, -0.000873303506523, -0.0018590609543, 0.000260379136307, 7.91306811152e-05, 0.00265456316993, -0.00791319645941, 0.0174178127199]]
    },
    "spectral_contrast_coeffs": {
        "max": [-0.378103852272, -0.458252131939, -0.42686933279, -0.563529551029, -0.636859178543, -0.631299257278],
        "mean": [-0.676091790199, -0.706864118576, -0.726525783539, -0.784488797188, -0.795173704624, -0.7923361063],
        "min": [-0.887646794319, -0.933935940266, -0.902596890926, -0.904926359653, -0.901654720306, -0.883420586586],
        "stdev": [0.0788753628731, 0.0868882611394, 0.0926716923714, 0.0613485686481, 0.0466784089804, 0.0373461283743]
    },
    "spectral_contrast_valleys": {
        "max": [-5.24275636673, -5.23594474792, -5.26451349258, -5.84796190262, -6.08878612518, -7.8631772995],
        "mean": [-8.1629447937, -7.20491075516, -7.30184745789, -7.81239748001, -8.08699226379, -10.2719259262],
        "min": [-12.352189064, -10.4439601898, -10.9481658936, -11.2332782745, -11.5708675385, -14.0669078827],
        "stdev": [1.63453805447, 0.79858058691, 1.09770107269, 1.08417260647, 1.0077021122, 0.951426625252]
    }
},
"rhythm": {
    "beats_count": 76,
    "beats_loudness": {
        "max": 0.0934861525893,
        "mean": 0.0235681775957,
        "min": 0.000121737131849,
        "stdev": 0.0196037795395
    },
    "bpm": 125.763710022,
    "bpm_histogram_first_peak_bpm": 126,
    "bpm_histogram_first_peak_weight": 0.526315808296,
    "bpm_histogram_second_peak_bpm": 144,
    "bpm_histogram_second_peak_spread": 0.461538493633,
    "bpm_histogram_second_peak_weight": 0.0933333337307,
    "danceability": 0.931863248348,
    "onset_rate": 1.51060199738,
    "beats_loudness_band_ratio": {
        "max": [0.904319882393, 0.859793901443, 0.769063353539, 0.702534794807, 0.381792515516, 0.512940108776],
        "mean": [0.183612316847, 0.201691508293, 0.260429948568, 0.24553668499, 0.0963947623968, 0.0488698333502],
        "min": [1.69649938471e-05, 0.000308663176838, 0.00592026812956, 0.00346173765138, 0.000526291725691, 0.00223738141358],
        "stdev": [0.238093733788, 0.218967750669, 0.184230670333, 0.205461144447, 0.107846610248, 0.0856649056077]
    },
