{
"metadata": {
    "version": {
        "essentia": "2.1-beta5",
        "essentia_git_sha": "Undefined",
        "extractor": "music 2.0"
    },
    "audio_properties": {
        "analysis": {
            "equal_loudness": 0,
            "length": 29.0017242432,
            "sample_rate": 44100,
            "start_time": 0,
            "downmix": "mix"
        },
        "bit_rate": 192000,
        "length": 188.162918091,
        "lossless": 0,
        "number_channels": 2,
        "replay_gain": -1.49106407166,
        "sample_rate": 48000,
        "codec": "mp3",
        "md5_encoded": "053a0a8b2f2702a2ebdba00e870b56a9"
    },
    "tags": {
        "file_name": "Israel_Golden Boy_Nadav Guedj.mp3",
        "encoding": ["Lavf58.29.100"]
    }
},
"lowlevel": {
    "average_loudness": 0.306639224291,
    "barkbands_crest": {
        "max": 24.3930263519,
        "mean": 9.91321659088,
        "min": 3.20770931244,
        "stdev": 3.88090753555
    },
    "barkbands_flatness_db": {
        "max": 0.306023091078,
        "mean": 0.168926090002,
        "min": 0.0550039969385,
        "stdev": 0.0374478623271
    },
    "barkbands_kurtosis": {
        "max": 49.5475883484,
        "mean": 2.35094642639,
        "min": -1.83633291721,
        "stdev": 5.07810497284
    },
    "barkbands_skewness": {
        "max": 6.27810335159,
        "mean": 0.88144493103,
        "min": -2.31591081619,
        "stdev": 1.0262542963
    },
    "barkbands_spread": {
        "max": 96.2306594849,
        "mean": 16.4667758942,
        "min": 2.09743905067,
        "stdev": 11.5375003815
    },
    "dissonance": {
        "max": 0.499999850988,
        "mean": 0.448258787394,
        "min": 0.176650032401,
        "stdev": 0.0477582141757
    },
    "dynamic_complexity": 3.29681968689,
    "erbbands_crest": {
        "max": 29.9920406342,
        "mean": 10.9565181732,
        "min": 2.97683930397,
        "stdev": 4.47936630249
    },
    "erbbands_flatness_db": {
        "max": 0.342350512743,
        "mean": 0.222223192453,
        "min": 0.0924834534526,
        "stdev": 0.0443832650781
    },
    "erbbands_kurtosis": {
        "max": 29.9435920715,
        "mean": 1.7142945528,
        "min": -1.8471134901,
        "stdev": 3.32855629921
    },
    "erbbands_skewness": {
        "max": 4.67368888855,
        "mean": 0.60297203064,
        "min": -2.17081832886,
        "stdev": 0.757749795914
    },
    "erbbands_spread": {
        "max": 115.724685669,
        "mean": 23.912569046,
        "min": 2.30187296867,
        "stdev": 16.6728248596
    },
    "hfc": {
        "max": 155.175445557,
        "mean": 16.0399475098,
        "min": 1.17122488165e-16,
        "stdev": 19.2914524078
    },
    "loudness_ebu128": {
        "integrated": -23.055891037,
        "loudness_range": 6.83773422241,
        "momentary": {
            "max": -15.1896114349,
            "mean": -24.6940059662,
            "min": -34.5484695435,
            "stdev": 3.63110566139
        },
        "short_term": {
            "max": -17.386598587,
            "mean": -24.4079875946,
            "min": -27.4457244873,
            "stdev": 2.11101388931
        }
    },
    "melbands_crest": {
        "max": 28.9852809906,
        "mean": 12.6097192764,
        "min": 2.23094749451,
        "stdev": 4.90775537491
    },
    "melbands_flatness_db": {
        "max": 0.379665911198,
        "mean": 0.202853396535,
        "min": 0.00580292474478,
        "stdev": 0.0539591051638
    },
    "melbands_kurtosis": {
        "max": 75.1338119507,
        "mean": 5.22074270248,
        "min": -1.34230220318,
        "stdev": 9.04005813599
    },
    "melbands_skewness": {
        "max": 7.59825563431,
        "mean": 1.41639232635,
        "min": -1.6424986124,
        "stdev": 1.3204549551
    },
    "melbands_spread": {
        "max": 181.887573242,
        "mean": 23.5577507019,
        "min": 2.45382285118,
        "stdev": 16.6116466522
    },
    "pitch_salience": {
        "max": 0.992448151112,
        "mean": 0.574238836765,
        "min": 0.202897876501,
        "stdev": 0.120420776308
    },
    "silence_rate_20dB": {
        "max": 1,
        "mean": 1,
        "min": 1,
        "stdev": 0
    },
    "silence_rate_30dB": {
        "max": 1,
        "mean": 1,
        "min": 1,
        "stdev": 0
    },
    "silence_rate_60dB": {
        "max": 1,
        "mean": 0.119999997318,
        "min": 0,
        "stdev": 0.324960231781
    },
    "spectral_centroid": {
        "max": 11201.0166016,
        "mean": 1367.82836914,
        "min": 305.638183594,
        "stdev": 699.552612305
    },
    "spectral_complexity": {
        "max": 55,
        "mean": 15.3280000687,
        "min": 0,
        "stdev": 10.0791492462
    },
    "spectral_decrease": {
        "max": -4.33591258857e-29,
        "mean": -3.67515018418e-09,
        "min": -2.69960587218e-08,
        "stdev": 3.4899905188e-09
    },
    "spectral_energy": {
        "max": 0.115964263678,
        "mean": 0.015325720422,
        "min": 1.10480633682e-20,
        "stdev": 0.0148178264499
    },
    "spectral_energyband_high": {
        "max": 0.00457224017009,
        "mean": 0.000334192096489,
        "min": 8.27010410448e-21,
        "stdev": 0.000512204016559
    },
    "spectral_energyband_low": {
        "max": 0.0280414652079,
        "mean": 0.00152557541151,
        "min": 7.68820619676e-23,
        "stdev": 0.00304373144172
    },
    "spectral_energyband_middle_high": {
        "max": 0.0802252665162,
        "mean": 0.0074576055631,
        "min": 1.48165213322e-21,
        "stdev": 0.00943475216627
    },
    "spectral_energyband_middle_low": {
        "max": 0.0689334049821,
        "mean": 0.00665037240833,
        "min": 2.67756152949e-22,
        "stdev": 0.00682295579463
    },
    "spectral_entropy": {
        "max": 9.82231903076,
        "mean": 7.2713727951,
        "min": 5.58161687851,
        "stdev": 0.489308089018
    },
    "spectral_flux": {
        "max": 0.229127958417,
        "mean": 0.0624029040337,
        "min": 7.07976247072e-11,
        "stdev": 0.0368310399354
    },
    "spectral_kurtosis": {
        "max": 32.9660453796,
        "mean": 6.09659719467,
        "min": -1.24544882774,
        "stdev": 4.10450839996
    },
    "spectral_rms": {
        "max": 0.0106365345418,
        "mean": 0.00352512556128,
        "min": 3.28307758583e-12,
        "stdev": 0.00158914725762
    },
    "spectral_rolloff": {
        "max": 18733.8867188,
        "mean": 1675.24401855,
        "min": 129.19921875,
        "stdev": 1506.20556641
    },
    "spectral_skewness": {
        "max": 4.25849151611,
        "mean": 1.77601194382,
        "min": -0.00140712596476,
        "stdev": 0.577604591846
    },
    "spectral_spread": {
        "max": 41227040,
        "mean": 3837214.25,
        "min": 1551612.75,
        "stdev": 2153231
    },
    "spectral_strongpeak": {
        "max": 10.6974840164,
        "mean": 1.368273139,
        "min": 0,
        "stdev": 1.20461773872
    },
    "zerocrossingrate": {
        "max": 0.50537109375,
        "mean": 0.0606453120708,
        "min": 0.0078125,
        "stdev": 0.039109852165
    },
    "barkbands": {
        "max": [0.00747068785131, 0.026997461915, 0.00431296089664, 0.00640210183337, 0.0214352272451, 0.0117261186242, 0.0132915023714, 0.0118380663916, 0.0463924333453, 0.0489693544805, 0.0158748291433, 0.0150196617469, 0.0131886526942, 0.00937038566917, 0.00504952995107, 0.0061931302771, 0.0036010784097, 0.00436333240941, 0.00565119134262, 0.00686654588208, 0.00226272572763, 0.000784876581747, 0.000502747541759, 0.000851574121043, 0.00112675433047, 0.000172128493432, 5.02794591739e-07],
        "mean": [8.7748056103e-05, 0.000885063433088, 0.000299600418657, 0.00047625193838, 0.000993268913589, 0.00031879087328, 0.000301648891764, 0.00079334230395, 0.00291712488979, 0.00220248172991, 0.00145941739902, 0.000961249344982, 0.000708905630745, 0.00106293335557, 0.000375738396542, 0.00036539073335, 0.000223645300139, 0.000174278990016, 0.000196083565243, 0.000268061383395, 9.30604364839e-05, 8.16942774691e-05, 2.75964521279e-05, 2.36002488236e-05, 2.36450287048e-05, 5.10982226842e-06, 2.31633268122e-09],
        "min": [1.78253869765e-24, 3.53366203526e-23, 6.54174659682e-24, 2.27180044681e-23, 4.90965128631e-23, 4.10731821455e-23, 3.64872023818e-23, 1.94367075561e-23, 2.68346119931e-23, 3.67151106083e-23, 2.75928335408e-23, 9.39225619256e-23, 1.03297018892e-22, 9.09182829868e-23, 1.02452079443e-22, 1.00250545361e-22, 1.72898544726e-22, 2.19953958883e-22, 2.77823154059e-22, 2.49809706194e-22, 4.88314694829e-22, 6.80508070477e-22, 6.1280987037e-22, 8.91895681504e-22, 1.33524207356e-21, 1.77815437755e-21, 2.11277983343e-21],
        "stdev": [0.000339996622643, 0.00263241003267, 0.000528206350282, 0.000723836594261, 0.00189517566469, 0.000656063377392, 0.00069817219628, 0.00139195658267, 0.00510346656665, 0.0042158192955, 0.0020457811188, 0.00164495152421, 0.00125427858438, 0.00167380401399, 0.000690579297952, 0.000667820801027, 0.000446316727903, 0.000437251816038, 0.000484657008201, 0.000629748450592, 0.000200197508093, 0.000120260556287, 4.94713785884e-05, 5.93292243138e-05, 6.03582775511e-05, 9.27619839786e-06, 1.71578946606e-08]
    },
    "erbbands": {
        "max": [0.842537760735, 5.82718801498, 5.85415172577, 14.9091854095, 67.4204483032, 82.4464874268, 48.6084480286, 96.5116882324, 208.100418091, 127.13269043, 367.074798584, 1313.25500488, 1814.86621094, 764.960449219, 559.364013672, 606.080505371, 530.521972656, 557.608703613, 392.478729248, 233.669631958, 298.217590332, 193.851196289, 230.910308838, 265.440826416, 352.81930542, 203.711730957, 128.55166626, 57.2750892639, 31.710855484, 18.2482070923, 13.7986040115, 11.0155420303, 20.457660675, 16.1759796143, 4.25016736984, 1.3788318634, 0.206283628941, 0.0181930232793, 0.000300064304611, 0.000150133797433],
        "mean": [0.0236149597913, 0.20149333775, 0.391416877508, 1.10175657272, 1.9581592083, 4.00581932068, 3.98191356659, 1.78725290298, 2.48797512054, 7.75320720673, 28.5723133087, 59.6985816956, 80.4309310913, 68.9303894043, 44.0088043213, 37.6327590942, 35.4026527405, 57.6014137268, 28.3520946503, 17.405040741, 20.6553478241, 13.2311887741, 10.3543052673, 8.41946983337, 14.077085495, 11.2522201538, 4.12976503372, 3.9189722538, 3.13117051125, 1.42171883583, 0.726744055748, 0.413861870766, 0.462423592806, 0.347426176071, 0.119626305997, 0.0374370701611, 0.00667815096676, 0.000214871746721, 1.64513185155e-05, 1.95864977286e-05],
        "min": [4.85874552411e-22, 7.69962170826e-21, 1.13367930228e-20, 5.70619753448e-20, 1.33745359828e-19, 1.72975951342e-19, 1.66046413782e-19, 3.664137661e-19, 6.06832932259e-19, 3.52446123523e-19, 5.08093519912e-19, 5.91779899471e-19, 1.64630458934e-18, 1.09194510001e-18, 2.14538680366e-18, 3.78731260902e-18, 4.70290311263e-18, 4.86139009081e-18, 5.5876861015e-18, 4.03264279818e-18, 9.45130198612e-18, 1.11495592048e-17, 9.65151691749e-18, 1.19139187585e-17, 1.29444733052e-17, 1.29651511662e-17, 1.50215502931e-17, 2.23915111753e-17, 2.52961211547e-17, 2.03106473545e-17, 1.87980648864e-17, 1.7360851807e-17, 1.4454640406e-17, 1.25981906854e-17, 1.13537379857e-17, 6.42907519543e-18, 3.48638885167e-18, 9.85425950601e-19, 2.90692748098e-19, 3.35138622901e-20],
        "stdev": [0.0780910402536, 0.598565816879, 0.685815036297, 1.69850540161, 5.07704734802, 7.04404354095, 6.02766227722, 4.33542156219, 8.68279933929, 12.3741722107, 48.0960960388, 107.808692932, 162.93208313, 97.1309585571, 69.5526428223, 62.2674789429, 54.3041763306, 91.6007995605, 42.7702102661, 31.6895236969, 36.758934021, 25.5247573853, 24.9005203247, 21.4818706512, 33.803565979, 22.4662818909, 9.45480060577, 6.97217512131, 4.68359041214, 2.19939160347, 1.33865380287, 0.940995335579, 1.26152873039, 0.904091000557, 0.274964421988, 0.0711823329329, 0.0125373089686, 0.000723364471924, 2.01920665859e-05, 1.89753900486e-05]
    },
    "gfcc": {
        "mean": [-59.0831184387, 91.419631958, -155.586227417, 8.87924194336, -73.8250961304, 20.3509712219, -27.312587738, 7.20828342438, -32.2740859985, -1.11953043938, -25.5034484863, -10.6292953491, -5.21804237366],
        "cov": [[7114.10644531, -1083.52661133, -1400.92663574, -158.548782349, -222.00289917, 450.413970947, 238.942733765, 379.66595459, 7.06615304947, 460.950164795, -133.776367188, 87.1439056396, -104.040786743], [-1083.52661133, 1978.02722168, 964.841674805, 353.175231934, 347.34197998, -46.4708633423, 207.2940979, -327.996246338, -66.7327651978, -142.813781738, 88.4254074097, -162.690200806, 26.2660160065], [-1400.92663574, 964.841674805, 1536.0994873, 560.328552246, 56.6284980774, -84.5099487305, -166.068435669, -239.675064087, -225.562927246, -88.5490951538, 13.0928449631, -86.7711715698, 25.353477478], [-158.548782349, 353.175231934, 560.328552246, 568.870117188, 86.7252349854, -52.071434021, -102.981712341, -38.444278717, -83.6806564331, -46.8534545898, 42.2596282959, -82.3709869385, 89.4128265381], [-222.00289917, 347.34197998, 56.6284980774, 86.7252349854, 410.706878662, 149.156707764, 164.017044067, 115.718452454, 128.694671631, -0.284785032272, 21.0946540833, 57.5272827148, 4.08429670334], [450.413970947, -46.4708633423, -84.5099487305, -52.071434021, 149.156707764, 320.375854492, 176.661636353, 93.9214096069, 93.0031814575, 73.6815109253, 16.3538665771, 53.4286499023, -19.9802074432], [238.942733765, 207.2940979, -166.068435669, -102.981712341, 164.017044067, 176.661636353, 453.635314941, 59.8594436646, 72.6005935669, 78.0795974731, 44.9325790405, 26.7906074524, -120.215034485], [379.66595459, -327.996246338, -239.675064087, -38.444278717, 115.718452454, 93.9214096069, 59.8594436646, 324.480529785, 178.983200073, 11.5299692154, 23.6223106384, 89.5878982544, 5.73455953598], [7.06615304947, -66.7327651978, -225.562927246, -83.6806564331, 128.694671631, 93.0031814575, 72.6005935669, 178.983200073, 240.769744873, 7.80851316452, 29.0433311462, 68.7700271606, 9.80677032471], [460.950164795, -142.813781738, -88.5490951538, -46.8534545898, -0.284785032272, 73.6815109253, 78.0795974731, 11.5299692154, 7.80851316452, 161.719406128, 10.2915172577, 4.07466125488, -37.6309013367], [-133.776367188, 88.4254074097, 13.0928449631, 42.2596282959, 21.0946540833, 16.3538665771, 44.9325790405, 23.6223106384, 29.0433311462, 10.2915172577, 110.053314209, -10.6391439438, 6.46336698532], [87.1439056396, -162.690200806, -86.7711715698, -82.3709869385, 57.5272827148, 53.4286499023, 26.7906074524, 89.5878982544, 68.7700271606, 4.07466125488, -10.6391439438, 142.831634521, -5.79642248154], [-104.040786743, 26.2660160065, 25.353477478, 89.4128265381, 4.08429670334, -19.9802074432, -120.215034485, 5.73455953598, 9.80677032471, -37.6309013367, 6.46336698532, -5.79642248154, 143.14100647]],
        "icov": [[0.000555812905077, -0.000975521339569, 0.00124050222803, -0.00108896731399, 0.00142176006921, -0.00122899364214, 0.000792103877757, -0.00167141295969, 0.00136122328695, -0.00169205572456, 0.0013226296287, -0.00100885226857, 0.00092491239775], [-0.000975521339569, 0.00398322334513, -0.00348697020672, 0.00248044217005, -0.00443777535111, 0.00313881668262, -0.00317478156649, 0.00538771552965, -0.00382194248959, 0.00442970078439, -0.00328101962805, 0.00362269836478, -0.00296789547428], [0.00124050222803, -0.00348697020672, 0.00485424604267, -0.00401181448251, 0.00399180455133, -0.0035989661701, 0.00326891010627, -0.00434083025903, 0.00431808782741, -0.00418171286583, 0.00330029358156, -0.00380523502827, 0.00379237579182], [-0.00108896731399, 0.00248044217005, -0.00401181448251, 0.00622307974845, -0.00434352597222, 0.00309143424965, -0.00187319202814, 0.00261299335398, -0.00182642287109, 0.00345799839124, -0.00383562175557, 0.00427275663242, -0.00416529085487], [0.00142176006921, -0.00443777535111, 0.00399180455133, -0.00434352597222, 0.00968269817531, -0.00490158190951, 0.00199957517907, -0.00649547763169, 0.00279198889621, -0.00494394544512, 0.00500043248758, -0.00508196698502, 0.00291033438407], [-0.00122899364214, 0.00313881668262, -0.0035989661701, 0.00309143424965, -0.00490158190951, 0.00825916882604, -0.00404303986579, 0.00423077726737, -0.00415305932984, 0.00251061981544, -0.00299459975213, 0.00245930068195, -0.00385576649569], [0.000792103877757, -0.00317478156649, 0.00326891010627, -0.00187319202814, 0.00199957517907, -0.00404303986579, 0.00715464679524, -0.00395047012717, 0.00327548501082, -0.00392133090645, 0.000901805819012, -0.00250967219472, 0.00589733757079], [-0.00167141295969, 0.00538771552965, -0.00434083025903, 0.00261299335398, -0.00649547763169, 0.00423077726737, -0.00395047012717, 0.0138978362083, -0.0091409329325, 0.00680203689262, -0.00535943405703, 0.00275380862877, -0.00339748524129], [0.00136122328695, -0.00382194248959, 0.00431808782741, -0.00182642287109, 0.00279198889621, -0.00415305932984, 0.00327548501082, -0.0091409329325, 0.0133911361918, -0.00462495023385, 0.00199224450625, -0.0041463826783, 0.00213328725658], [-0.00169205572456, 0.00442970078439, -0.00418171286583, 0.00345799839124, -0.00494394544512, 0.00251061981544, -0.00392133090645, 0.00680203689262, -0.00462495023385, 0.01382791996, -0.0052500134334, 0.0044061858207, -0.00216870382428], [0.0013226296287, -0.00328101962805, 0.00330029358156, -0.00383562175557, 0.00500043248758, -0.00299459975213, 0.000901805819012, -0.00535943405703, 0.00199224450625, -0.0052500134334, 0.0143484184518, -0.00213094498031, 0.00153529772069], [-0.00100885226857, 0.00362269836478, -0.00380523502827, 0.00427275663242, -0.00508196698502, 0.00245930068195, -0.00250967219472, 0.00275380862877, -0.0041463826783, 0.0044061858207, -0.00213094498031, 0.0133543452248, -0.00304333283566], [0.00092491239775, -0.00296789547428, 0.00379237579182, -0.00416529085487, 0.00291033438407, -0.00385576649569, 0.00589733757079, -0.00339748524129, 0.00213328725658, -0.00216870382428, 0.00153529772069, -0.00304333283566, 0.0136919207871]]
    },
    "melbands": {
        "max": [0.0078342128545, 0.00462963432074, 0.00270345318131, 0.00563938496634, 0.00142683309969, 0.0021580781322, 0.00301968469284, 0.00166131847072, 0.0036824408453, 0.00763648143038, 0.00907447189093, 0.00348475738429, 0.00221180776134, 0.00186236284208, 0.00154823472258, 0.00170074275229, 0.00107594789006, 0.000718323630281, 0.00045364460675, 0.0004595714272, 0.000411062530475, 0.000220697213081, 0.000251373654464, 0.00018668496341, 0.000238798704231, 0.000236407417106, 0.000391372508602, 8.6849067884e-05, 9.90653788904e-05, 4.60025512439e-05, 3.92029978684e-05, 2.27041691687e-05, 2.09814152186e-05, 9.60326451604e-06, 7.98097335064e-06, 8.18637909106e-06, 7.21453398e-06, 1.13469241114e-05, 1.89303336811e-05, 1.21456296256e-05],
        "mean": [0.00023712735856, 0.000234732753597, 0.00020514728385, 0.000215805965126, 0.000151043946971, 4.50025618193e-05, 4.34951325587e-05, 8.95075572771e-05, 0.000273850717349, 0.000403983925935, 0.000399001466576, 0.000277587299934, 0.00017232549726, 9.28329536691e-05, 0.000100730074337, 7.52066844143e-05, 0.00011253530829, 4.85386772198e-05, 2.54983478953e-05, 2.20620368054e-05, 2.3882057576e-05, 1.33281128001e-05, 1.13585147119e-05, 7.68242534832e-06, 6.51528853268e-06, 7.80695881986e-06, 1.34217989398e-05, 5.89902901993e-06, 2.57824763139e-06, 1.98413476937e-06, 2.44675084105e-06, 2.01188186111e-06, 1.12399322916e-06, 6.38808899112e-07, 4.29325837104e-07, 3.07065619154e-07, 2.32418258861e-07, 2.94294920877e-07, 3.71151287482e-07, 2.72876661711e-07],
        "min": [7.67772602186e-24, 8.92393850321e-24, 1.35734673236e-23, 9.35793742997e-24, 7.78480047911e-24, 7.99311182291e-24, 9.2552703386e-24, 3.37966668357e-24, 4.33785421551e-24, 3.95106664178e-24, 8.18207635301e-24, 4.27341414032e-24, 5.23999041913e-24, 9.18921743728e-24, 1.41246270832e-23, 8.45077184365e-24, 7.67623744133e-24, 8.24648369047e-24, 6.73013368074e-24, 3.51405623852e-24, 1.35412218453e-23, 1.09303131301e-23, 7.81624447479e-24, 9.71050145662e-24, 8.71573917767e-24, 9.45966262142e-24, 7.39337953085e-24, 7.93492938684e-24, 8.02618323864e-24, 1.00790493829e-23, 1.01216857371e-23, 1.36331462288e-23, 1.29625497728e-23, 1.01455456241e-23, 9.19932668978e-24, 1.35523321623e-23, 9.0400722391e-24, 9.16893582341e-24, 9.95549641023e-24, 1.05150062625e-23],
        "stdev": [0.000724495388567, 0.000482402741909, 0.000301510037389, 0.000467342470074, 0.000208340323297, 0.000103041187685, 0.000129289604956, 0.000152357417392, 0.000474752858281, 0.000748100574128, 0.000819489709102, 0.000405689061154, 0.0002483628341, 0.00017211229715, 0.000167733058333, 0.000136952090543, 0.000187354860827, 7.50809558667e-05, 4.87813776999e-05, 4.24083882535e-05, 4.43897479272e-05, 2.64397804131e-05, 2.54060923908e-05, 1.97663066501e-05, 1.77502060978e-05, 1.84586460819e-05, 3.57601638825e-05, 1.14104368549e-05, 6.57878081256e-06, 4.29134661317e-06, 4.26742553827e-06, 3.15225292979e-06, 1.86837871752e-06, 1.03802233298e-06, 7.90268302353e-07, 6.72736859997e-07, 6.59871659536e-07, 8.00841519322e-07, 1.13179805794e-06, 6.89266698828e-07]
    },
    "melbands128": {
        "max": [0.0053122122772, 0.00816006027162, 0.0136426221579, 0.0104764727876, 0.00479721883312, 0.0027407896705, 0.00381460273638, 0.0043157110922, 0.00893641356379, 0.0102344499901, 0.00479191029444, 0.00216779531911, 0.00227145128883, 0.00472729932517, 0.00310275726952, 0.000380218611099, 0.00265402533114, 0.00512202922255, 0.00282213534229, 0.0023340601474, 0.00346282287501, 0.00485323183239, 0.00648034363985, 0.00720370234922, 0.0146217821166, 0.00892561674118, 0.0166350677609, 0.0101509662345, 0.0105947824195, 0.00620298599824, 0.00381665374152, 0.00422528618947, 0.00268478109501, 0.00380293955095, 0.0036287473049, 0.00224336376414, 0.00362918549217, 0.00245356140658, 0.00196335837245, 0.00197342108004, 0.00232543842867, 0.00267704389989, 0.00235632737167, 0.00218246458098, 0.000943309627473, 0.00112872151658, 0.00110931298696, 0.000835581973661, 0.000516676227562, 0.000488431716803, 0.000915524549782, 0.000434191722888, 0.000504673924297, 0.000665525149088, 0.000368862500181, 0.000236106847296, 0.000234288498177, 0.000338042416843, 0.000426136306487, 0.00031154131284, 0.000219118912355, 0.00019496542518, 0.000176704124897, 0.000264450412942, 0.000720662588719, 0.000226737916819, 0.000290231604595, 0.000898901897017, 0.000742612988688, 0.000238492051722, 0.000147035505506, 0.000105974708276, 0.000132354456582, 0.000120295924717, 7.56674999138e-05, 5.70010524825e-05, 3.90038039768e-05, 4.33591740148e-05, 6.3150189817e-05, 5.56421291549e-05, 4.03713602282e-05, 2.14593655983e-05, 2.29605557251e-05, 2.99113544315e-05, 2.72554934782e-05, 1.64222583408e-05, 1.270834764e-05, 1.03482043414e-05, 9.2174495876e-06, 9.70174460235e-06, 1.17634281196e-05, 1.01699788502e-05, 6.27528106634e-06, 9.44452676777e-06, 1.59576247825e-05, 1.0408696653e-05, 7.27629912944e-06, 2.82266209979e-05, 2.17854267248e-05, 2.76606169791e-05, 1.31203241835e-05, 1.17514800877e-05, 9.75655075308e-06, 5.62346576771e-06, 7.65212826082e-06, 4.01597071686e-06, 5.78749632041e-06, 3.20848084812e-06, 1.32252148433e-06, 1.30754949623e-06, 2.11943051909e-06, 1.44677630942e-06, 4.9725002782e-07, 4.13710779412e-07, 9.63342131399e-07, 1.11746899734e-07, 1.08424123013e-08, 2.3141253358e-09, 2.25437712942e-09, 2.21831530922e-09, 2.17131490565e-09, 2.13004658356e-09, 2.11097939129e-09, 2.08514627786e-09, 2.05642947115e-09, 2.03141570232e-09, 2.01914751585e-09, 2.01205430095e-09],
        "mean": [6.82667159708e-05, 0.0001712187659, 0.000318568549119, 0.000345399079379, 0.000223889612244, 0.000140011383337, 0.000234034247114, 0.00021817011293, 0.000172792904777, 0.000230365229072, 0.000242952592089, 0.000172697706148, 0.000139859097544, 0.000111284898594, 3.33499519911e-05, 1.20892545965e-05, 2.900988693e-05, 3.79078519472e-05, 7.41933836252e-05, 8.61433363752e-05, 8.71270385687e-05, 0.000136432179715, 0.000332972034812, 0.000366938125808, 0.000342013459885, 0.00042808795115, 0.000514878542162, 0.000406357488828, 0.000305940251565, 0.000252035504673, 0.000293715740554, 0.000278649880784, 0.000151194268255, 0.000112818874186, 0.000103300932096, 6.18415069766e-05, 0.000112773479486, 0.000134469199111, 6.59665020066e-05, 6.65730258333e-05, 6.97074065101e-05, 9.72763882601e-05, 0.000138196846819, 0.000112054309284, 5.81465246796e-05, 4.20090691478e-05, 2.94214551104e-05, 2.62433732132e-05, 2.28482367675e-05, 2.20544425247e-05, 1.90276878129e-05, 2.3665077606e-05, 3.38267636835e-05, 1.93154555745e-05, 1.32455870698e-05, 1.28580959426e-05, 1.31864771902e-05, 1.24698099171e-05, 1.06536099338e-05, 9.50881621975e-06, 7.30287274564e-06, 6.44090823698e-06, 6.72040823702e-06, 5.95006440562e-06, 7.29174462322e-06, 6.94365417075e-06, 6.71264660923e-06, 1.69027534866e-05, 1.49235220306e-05, 8.95751509233e-06, 6.84870246914e-06, 3.6918531805e-06, 2.88346996058e-06, 2.46580498242e-06, 2.06037930184e-06, 1.94263293452e-06, 1.96647533812e-06, 2.05666833608e-06, 2.6444076866e-06, 2.64645541392e-06, 2.44238890446e-06, 1.57677493462e-06, 1.3429014416e-06, 1.14579552246e-06, 9.0602588898e-07, 6.84709959842e-07, 5.72051646941e-07, 4.69357701149e-07, 4.31573198512e-07, 3.78656181965e-07, 3.87641790667e-07, 2.63513754817e-07, 2.16212683313e-07, 2.15373560764e-07, 2.63090527142e-07, 2.4647687269e-07, 2.79363035816e-07, 3.89250743638e-07, 4.03520289183e-07, 3.54516004109e-07, 3.05184045146e-07, 2.76735988791e-07, 2.10811919032e-07, 1.53427919258e-07, 1.36923247851e-07, 9.74788036956e-08, 7.78266695534e-08, 6.34129619925e-08, 6.32775183362e-08, 5.86469610653e-08, 5.36012940699e-08, 3.76723576778e-08, 7.76498243482e-09, 3.79397935291e-09, 1.86602777674e-09, 4.94866037037e-10, 6.43769412778e-11, 5.82099429422e-12, 4.67471113902e-12, 4.54069898001e-12, 4.44691896154e-12, 4.3563390742e-12, 4.29622917103e-12, 4.21033303707e-12, 4.00523711419e-12, 3.66622791154e-12, 3.48362267852e-12, 3.44588008301e-12],
        "min": [1.22199053191e-25, 9.16735652388e-25, 1.23454933064e-23, 1.28189770881e-23, 5.06215908299e-24, 3.80722101116e-24, 9.19290062885e-24, 1.43916154788e-23, 8.8060014313e-24, 5.60363715264e-24, 9.13967539471e-24, 7.80128924975e-24, 3.88017486768e-24, 4.12460933562e-24, 7.27150130986e-24, 1.1445111135e-23, 8.25829767139e-24, 9.16472409504e-24, 7.59710049304e-24, 2.34458966806e-24, 2.49968445519e-24, 2.36590212592e-24, 7.30799243761e-24, 2.5704636194e-24, 6.49432205414e-25, 1.65820988025e-24, 5.20070159618e-24, 6.36341827831e-24, 4.93500693241e-24, 4.06398655834e-24, 5.38247526469e-24, 1.54385315216e-24, 1.04492752164e-24, 5.35897115402e-24, 8.14512847479e-24, 5.39316117451e-24, 4.73663484159e-24, 1.1431318691e-23, 1.65426987501e-23, 8.17158055866e-24, 3.25802334591e-24, 1.40397377612e-23, 6.62977952954e-24, 1.7804632046e-24, 5.78825860902e-24, 3.34579023529e-24, 6.54747530471e-24, 6.22240820821e-24, 9.17165423809e-24, 3.05240280666e-24, 1.08291778093e-24, 4.03218520867e-24, 1.39279009506e-23, 1.86194019044e-23, 9.65283178014e-24, 6.5895803611e-24, 1.21071058518e-23, 5.66340441026e-24, 5.53032318112e-24, 9.25010487739e-24, 6.20152706005e-24, 6.93939954623e-24, 8.97048208548e-24, 5.82477458589e-24, 9.75269762644e-24, 9.77327348543e-24, 8.1421962788e-24, 3.23975056633e-24, 7.7814470314e-24, 6.07929779595e-24, 9.35926744946e-24, 5.01248924495e-24, 6.72809289757e-24, 4.7628983877e-24, 6.69268093154e-24, 5.46695082916e-24, 1.19833951069e-23, 1.13468955857e-23, 7.51784127131e-24, 7.34114431715e-24, 8.00605308606e-24, 1.62959020382e-23, 1.90783201583e-23, 6.88914516226e-24, 1.31602067612e-23, 5.78761489852e-24, 8.18084730771e-24, 7.67359396844e-24, 7.06466908026e-24, 4.35064362294e-24, 1.400540969e-23, 1.13946824128e-23, 9.73242863434e-24, 6.56327027219e-24, 1.01082601134e-23, 9.63470533426e-24, 6.67276298254e-24, 8.76380131718e-24, 1.04661071415e-23, 8.49948794886e-24, 8.87168041255e-24, 1.0051384031e-23, 8.31534572547e-24, 8.30298979711e-24, 1.46354129416e-23, 1.39482093858e-23, 1.11609168942e-23, 8.5598862952e-24, 7.62050678496e-24, 1.00685212453e-23, 1.20180907872e-23, 1.14809285756e-23, 9.6116066981e-24, 1.03446691049e-23, 9.55212579698e-24, 7.31815533265e-24, 5.64289994318e-24, 6.05857718098e-24, 4.97023114955e-24, 9.98151225402e-24, 9.74317607531e-24, 6.62673610417e-24, 6.26668578753e-24, 1.17427617652e-23, 1.19222331432e-23, 6.53083310063e-24, 7.83361598079e-24, 8.71276280547e-24],
        "stdev": [0.000262052897597, 0.000632558891084, 0.00106616388075, 0.00103376386687, 0.000491703802254, 0.000281086191535, 0.000407651736168, 0.000345305306837, 0.000591906544287, 0.000744509859942, 0.000451085390523, 0.00030510945362, 0.000252643221756, 0.000269121374004, 0.000128244486405, 3.26574554492e-05, 0.000154517096234, 0.000182783478522, 0.000190232341993, 0.000182580435649, 0.000232644102653, 0.000339768565027, 0.000776805914938, 0.000679401797242, 0.000845720293, 0.000958630058449, 0.00129278062377, 0.000968752836343, 0.000727364618797, 0.000570654287003, 0.000479961163364, 0.000450809602626, 0.000263042951701, 0.000313511991408, 0.000264868460363, 0.000152285836521, 0.00028540493804, 0.000279843690805, 0.0001419204782, 0.000176121029654, 0.000168961196323, 0.000237448533881, 0.000297476159176, 0.000245458708378, 0.000108351516246, 9.53580820351e-05, 7.16446520528e-05, 6.18547855993e-05, 4.88790719828e-05, 4.86954959342e-05, 5.14104758622e-05, 5.10099089297e-05, 6.40443904558e-05, 5.11582074978e-05, 3.16502482747e-05, 2.671513721e-05, 3.07842201437e-05, 3.01845248032e-05, 2.90916505037e-05, 2.8791198929e-05, 2.17984907067e-05, 1.82314615813e-05, 1.85266453627e-05, 1.96879627765e-05, 2.96654161502e-05, 1.79983762791e-05, 1.68369606399e-05, 5.665266508e-05, 4.91561258968e-05, 2.1202446078e-05, 1.64275479619e-05, 9.16769567993e-06, 7.52020696382e-06, 7.50119488657e-06, 5.45041484656e-06, 4.80061453345e-06, 4.27416898674e-06, 4.42744430984e-06, 5.34572473043e-06, 5.15088640896e-06, 4.61458785139e-06, 2.69760175797e-06, 2.41311772697e-06, 2.28669432545e-06, 1.8049256596e-06, 1.26386362354e-06, 1.0644350823e-06, 9.00608199572e-07, 8.43431166686e-07, 8.14010604699e-07, 1.04287494196e-06, 6.10530946688e-07, 4.63816604679e-07, 6.6069856075e-07, 1.07270841454e-06, 7.49465982608e-07, 7.16017098057e-07, 1.3693610299e-06, 1.30393004838e-06, 1.29778686642e-06, 8.18649766643e-07, 7.33655440399e-07, 5.26369944964e-07, 3.60749822903e-07, 3.79943287498e-07, 2.5684545335e-07, 2.32307243664e-07, 1.51788313474e-07, 1.1228419794e-07, 1.00338006348e-07, 1.05521323235e-07, 8.26965020906e-08, 3.3970014357e-08, 2.13148876327e-08, 2.96158741975e-08, 4.63388838412e-09, 4.26877005966e-10, 7.22084267379e-11, 6.37986122265e-11, 6.27762217209e-11, 6.14452308478e-11, 6.02759717139e-11, 5.97341273667e-11, 5.90030177494e-11, 5.81939704758e-11, 5.74940407783e-11, 5.71506730829e-11, 5.69502014991e-11]
    },
    "mfcc": {
        "mean": [-690.702209473, 123.99382782, -26.3802242279, -3.69149684906, -23.1316566467, 5.51290893555, 5.84224081039, -0.0614676512778, 8.01624584198, 0.435148537159, -2.06511735916, -13.567243576, -2.38130831718],
        "cov": [[5118.64746094, -1354.27233887, -1341.72729492, -573.807067871, -398.720489502, 62.4018096924, 102.301292419, 135.390335083, 252.324188232, 338.457336426, 373.094055176, 75.6413345337, -29.4483585358], [-1354.27233887, 1711.72241211, 577.412719727, 408.970672607, 116.475791931, 326.053161621, 206.881027222, 9.54036808014, -30.2241458893, -70.2408294678, 32.4019889832, -68.4856948853, 67.4365463257], [-1341.72729492, 577.412719727, 1448.87683105, 569.079589844, 254.951980591, 79.5746765137, 97.6028213501, -291.060028076, -135.32585144, -197.671646118, -219.55531311, -77.5407028198, 102.263793945], [-573.807067871, 408.970672607, 569.079589844, 586.365661621, 179.124603271, 30.7503261566, 103.318000793, -112.408210754, -28.3063640594, -80.6037521362, -101.783416748, -40.6354942322, 74.5101470947], [-398.720489502, 116.475791931, 254.951980591, 179.124603271, 443.539733887, -39.4210510254, -37.4312858582, 51.6365432739, 72.4212722778, -1.60839784145, -102.774139404, 48.3518600464, -3.21504950523], [62.4018096924, 326.053161621, 79.5746765137, 30.7503261566, -39.4210510254, 331.829376221, 147.861450195, 17.6411590576, 9.5615644455, 23.1986846924, 92.5191879272, -29.7802772522, 8.13949203491], [102.301292419, 206.881027222, 97.6028213501, 103.318000793, -37.4312858582, 147.861450195, 252.674758911, 20.3628959656, 2.45584583282, 30.972486496, 92.1171722412, -6.40435886383, 19.6349754333], [135.390335083, 9.54036808014, -291.060028076, -112.408210754, 51.6365432739, 17.6411590576, 20.3628959656, 381.610015869, 100.828445435, 92.2470321655, 89.0016403198, 139.16444397, -38.8646774292], [252.324188232, -30.2241458893, -135.32585144, -28.3063640594, 72.4212722778, 9.5615644455, 2.45584583282, 100.828445435, 146.2215271, 56.3162918091, 26.468120575, 45.8802108765, -2.63592553139], [338.457336426, -70.2408294678, -197.671646118, -80.6037521362, -1.60839784145, 23.1986846924, 30.972486496, 92.2470321655, 56.3162918091, 138.999694824, 88.247833252, 43.8072433472, -7.67114639282], [373.094055176, 32.4019889832, -219.55531311, -101.783416748, -102.774139404, 92.5191879272, 92.1171722412, 89.0016403198, 26.468120575, 88.247833252, 225.957489014, 46.5587844849, -15.6972284317], [75.6413345337, -68.4856948853, -77.5407028198, -40.6354942322, 48.3518600464, -29.7802772522, -6.40435886383, 139.16444397, 45.8802108765, 43.8072433472, 46.5587844849, 148.427322388, -3.66508865356], [-29.4483585358, 67.4365463257, 102.263793945, 74.5101470947, -3.21504950523, 8.13949203491, 19.6349754333, -38.8646774292, -2.63592553139, -7.67114639282, -15.6972284317, -3.66508865356, 98.7135543823]],
        "icov": [[0.000392341025872, 0.00030124449404, 0.000204655108973, -5.78126200708e-05, 0.000144317644299, -0.000218592947931, -0.000195232205442, 0.000216148837353, -0.000503457908053, -0.000285436835838, -0.000217162305489, 3.17414815072e-05, -0.000179451832082], [0.00030124449404, 0.00119678606279, -4.27480081271e-05, -0.000485779775772, -3.67985230696e-05, -0.000893377931789, -9.18446094147e-05, -0.000377020682208, -0.000241405286943, 0.000212426675716, -0.000606625631917, 0.000617029028945, -0.000437960086856], [0.000204655108973, -4.27480081271e-05, 0.00185263936874, -0.000778983987402, -0.000635991571471, -0.000552098441403, -0.00062737998087, 0.000998735311441, 0.00074011052493, 0.000745487224776, 0.000689472944941, -0.000915035430808, -0.00054485182045], [-5.78126200708e-05, -0.000485779775772, -0.000778983987402, 0.00361667037942, -0.000916548480745, 0.000768114929087, -0.00151250162162, 0.000269510579528, -0.000160671334015, 0.000508838158567, 0.0005068355822, 0.000234863138758, -0.00116994907148], [0.000144317644299, -3.67985230696e-05, -0.000635991571471, -0.000916548480745, 0.00405317731202, 5.47566742171e-05, 0.000707028375473, -0.000328585621901, -0.00222915760241, -0.00136541097891, 0.00148717290722, -0.000986591214314, 0.00131059566047], [-0.000218592947931, -0.000893377931789, -0.000552098441403, 0.000768114929087, 5.47566742171e-05, 0.00533896451816, -0.0019165831618, -0.000347527733538, -0.000519228284247, 2.03986783163e-05, -0.00117563700769, 0.00144569331314, 0.000197680317797], [-0.000195232205442, -9.18446094147e-05, -0.00062737998087, -0.00151250162162, 0.000707028375473, -0.0019165831618, 0.00724924914539, -0.000816035724711, 0.000216477666982, -0.000949057633989, -0.00229678954929, 0.000707202532794, -0.000193005645997], [0.000216148837353, -0.000377020682208, 0.000998735311441, 0.000269510579528, -0.000328585621901, -0.000347527733538, -0.000816035724711, 0.00580605352297, -0.00158645166084, -0.000864663219545, 0.000363897182979, -0.00446584401652, 0.00133264088072], [-0.000503457908053, -0.000241405286943, 0.00074011052493, -0.000160671334015, -0.00222915760241, -0.000519228284247, 0.000216477666982, -0.00158645166084, 0.0112493727356, -0.00171138171572, 0.000646207074169, -0.000594928336795, -0.00108011474367], [-0.000285436835838, 0.000212426675716, 0.000745487224776, 0.000508838158567, -0.00136541097891, 2.03986783163e-05, -0.000949057633989, -0.000864663219545, -0.00171138171572, 0.0129970610142, -0.00340756750666, -0.00027615975705, -0.00117225234862], [-0.000217162305489, -0.000606625631917, 0.000689472944941, 0.0005068355822, 0.00148717290722, -0.00117563700769, -0.00229678954929, 0.000363897182979, 0.000646207074169, -0.00340756750666, 0.00968211237341, -0.00303295324557, 0.00117776542902], [3.17414815072e-05, 0.000617029028945, -0.000915035430808, 0.000234863138758, -0.000986591214314, 0.00144569331314, 0.000707202532794, -0.00446584401652, -0.000594928336795, -0.00027615975705, -0.00303295324557, 0.0125949429348, -0.00174366042484], [-0.000179451832082, -0.000437960086856, -0.00054485182045, -0.00116994907148, 0.00131059566047, 0.000197680317797, -0.000193005645997, 0.00133264088072, -0.00108011474367, -0.00117225234862, 0.00117776542902, -0.00174366042484, 0.0124155795202]]
    },
    "spectral_contrast_coeffs": {
        "max": [-0.4464610219, -0.480671048164, -0.494996339083, -0.584976911545, -0.541014611721, -0.521861195564],
        "mean": [-0.690465629101, -0.708104729652, -0.714702904224, -0.767911970615, -0.769729077816, -0.707488358021],
        "min": [-0.996956169605, -0.985788583755, -0.966196119785, -0.976199805737, -0.959979891777, -0.962961852551],
        "stdev": [0.0884552821517, 0.0776188597083, 0.0750873684883, 0.0686008185148, 0.0581502839923, 0.065202280879]
    },
    "spectral_contrast_valleys": {
        "max": [-5.85382509232, -5.65464258194, -4.80961465836, -5.4075088501, -5.58284091949, -8.54091835022],
        "mean": [-7.95728206635, -7.48942899704, -7.35692882538, -7.95666885376, -8.33481025696, -11.5135450363],
        "min": [-27.1121387482, -27.4079647064, -27.5409908295, -27.265127182, -27.2294464111, -27.2835063934],
        "stdev": [1.26756989956, 1.09082472324, 1.38584637642, 1.41184914112, 1.31404554844, 1.35944747925]
    }
},
"rhythm": {
    "beats_count": 68,
    "beats_loudness": {
        "max": 0.0814529061317,
        "mean": 0.0152924023569,
        "min": 0.00112281413749,
        "stdev": 0.0129882767797
    },
    "bpm": 178.205932617,
    "bpm_histogram_first_peak_bpm": 178,
    "bpm_histogram_first_peak_weight": 0,
    "bpm_histogram_second_peak_bpm": 129,
    "bpm_histogram_second_peak_spread": 0.428571462631,
    "bpm_histogram_second_peak_weight": 0.119402982295,
    "danceability": 0.904219806194,
    "onset_rate": 1.82674622536,
    "beats_loudness_band_ratio": {
        "max": [0.75742071867, 0.785951852798, 0.822416841984, 0.659149467945, 0.224205464125, 0.730950653553],
        "mean": [0.147692382336, 0.149721816182, 0.26579451561, 0.344258487225, 0.0679140686989, 0.0647015050054],
        "min": [6.52587696095e-05, 0.001201449777, 0.0235604960471, 0.0019211670151, 0.00144724687561, 0.00131700758357],
        "stdev": [0.178727075458, 0.184294998646, 0.187411308289, 0.204663917422, 0.0608350858092, 0.127367168665]
    },
