{
"metadata": {
    "version": {
        "essentia": "2.1-beta5",
        "essentia_git_sha": "Undefined",
        "extractor": "music 2.0"
    },
    "audio_properties": {
        "analysis": {
            "equal_loudness": 0,
            "length": 48.7502937317,
            "sample_rate": 44100,
            "start_time": 110.248344421,
            "downmix": "mix"
        },
        "bit_rate": 192000,
        "length": 194.72253418,
        "lossless": 0,
        "number_channels": 2,
        "replay_gain": -1.93365478516,
        "sample_rate": 48000,
        "codec": "mp3",
        "md5_encoded": "0a269597b940c8bf891174056e7fe8f4"
    },
    "tags": {
        "file_name": "Azerbaijan_Hour Of The Wolf_Elnur Hüseynov.mp3",
        "encoding": ["Lavf58.29.100"]
    }
},
"lowlevel": {
    "average_loudness": 0.927038192749,
    "barkbands_crest": {
        "max": 22.9320297241,
        "mean": 8.48630237579,
        "min": 2.8656027317,
        "stdev": 3.27842259407
    },
    "barkbands_flatness_db": {
        "max": 0.250260382891,
        "mean": 0.121362648904,
        "min": 0.045235466212,
        "stdev": 0.0277163404971
    },
    "barkbands_kurtosis": {
        "max": 42.137008667,
        "mean": 1.08858847618,
        "min": -1.72446703911,
        "stdev": 2.86987829208
    },
    "barkbands_skewness": {
        "max": 5.87506341934,
        "mean": 0.768318235874,
        "min": -1.17347598076,
        "stdev": 0.825299322605
    },
    "barkbands_spread": {
        "max": 97.9350738525,
        "mean": 24.6481323242,
        "min": 3.9381043911,
        "stdev": 10.7324266434
    },
    "dissonance": {
        "max": 0.499983042479,
        "mean": 0.467669248581,
        "min": 0.328720390797,
        "stdev": 0.023655841127
    },
    "dynamic_complexity": 2.71123671532,
    "erbbands_crest": {
        "max": 26.5439968109,
        "mean": 9.60995197296,
        "min": 2.51868534088,
        "stdev": 4.40856266022
    },
    "erbbands_flatness_db": {
        "max": 0.266261219978,
        "mean": 0.165286540985,
        "min": 0.07498241961,
        "stdev": 0.0328143164515
    },
    "erbbands_kurtosis": {
        "max": 8.63086891174,
        "mean": 0.916078269482,
        "min": -1.50115561485,
        "stdev": 1.56046974659
    },
    "erbbands_skewness": {
        "max": 2.6081943512,
        "mean": 0.450122594833,
        "min": -1.94532871246,
        "stdev": 0.627134382725
    },
    "erbbands_spread": {
        "max": 109.732398987,
        "mean": 29.1711006165,
        "min": 7.04701566696,
        "stdev": 14.5787229538
    },
    "hfc": {
        "max": 85.2675247192,
        "mean": 27.5748195648,
        "min": 0.469981104136,
        "stdev": 18.621969223
    },
    "loudness_ebu128": {
        "integrated": -20.4945201874,
        "loudness_range": 6.31706047058,
        "momentary": {
            "max": -16.6734466553,
            "mean": -21.21600914,
            "min": -28.1275444031,
            "stdev": 2.63559532166
        },
        "short_term": {
            "max": -17.876159668,
            "mean": -21.0018901825,
            "min": -24.8694515228,
            "stdev": 2.29059696198
        }
    },
    "melbands_crest": {
        "max": 28.2564678192,
        "mean": 11.6216201782,
        "min": 3.87456011772,
        "stdev": 4.19414281845
    },
    "melbands_flatness_db": {
        "max": 0.337922364473,
        "mean": 0.16068585217,
        "min": 0.0684882849455,
        "stdev": 0.0413036458194
    },
    "melbands_kurtosis": {
        "max": 98.4811630249,
        "mean": 4.66772794724,
        "min": -1.49720442295,
        "stdev": 7.66921949387
    },
    "melbands_skewness": {
        "max": 8.4552936554,
        "mean": 1.51511263847,
        "min": -0.746924698353,
        "stdev": 1.17210841179
    },
    "melbands_spread": {
        "max": 90.907875061,
        "mean": 31.2473487854,
        "min": 2.66954302788,
        "stdev": 13.7158536911
    },
    "pitch_salience": {
        "max": 0.779828310013,
        "mean": 0.561514139175,
        "min": 0.201118960977,
        "stdev": 0.082104742527
    },
    "silence_rate_20dB": {
        "max": 1,
        "mean": 1,
        "min": 1,
        "stdev": 0
    },
    "silence_rate_30dB": {
        "max": 1,
        "mean": 0.999524056911,
        "min": 0,
        "stdev": 0.0218115188181
    },
    "silence_rate_60dB": {
        "max": 1,
        "mean": 0.0038077107165,
        "min": 0,
        "stdev": 0.0615884438157
    },
    "spectral_centroid": {
        "max": 3077.59692383,
        "mean": 1491.97338867,
        "min": 336.35067749,
        "stdev": 453.889526367
    },
    "spectral_complexity": {
        "max": 50,
        "mean": 24.6530227661,
        "min": 1,
        "stdev": 9.48131465912
    },
    "spectral_decrease": {
        "max": -1.02703928695e-10,
        "mean": -7.17068360245e-09,
        "min": -3.57667389039e-08,
        "stdev": 4.63703031528e-09
    },
    "spectral_energy": {
        "max": 0.140590801835,
        "mean": 0.029564961791,
        "min": 0.000430256943218,
        "stdev": 0.0188592914492
    },
    "spectral_energyband_high": {
        "max": 0.00421138573438,
        "mean": 0.00077973655425,
        "min": 6.55704525343e-06,
        "stdev": 0.000712751527317
    },
    "spectral_energyband_low": {
        "max": 0.0924412608147,
        "mean": 0.00831459928304,
        "min": 4.36922855442e-05,
        "stdev": 0.00965287908912
    },
    "spectral_energyband_middle_high": {
        "max": 0.0524192228913,
        "mean": 0.0119797596708,
        "min": 0.000149161278387,
        "stdev": 0.0102546894923
    },
    "spectral_energyband_middle_low": {
        "max": 0.0742347538471,
        "mean": 0.00956426095217,
        "min": 0.000130917163915,
        "stdev": 0.0079498142004
    },
    "spectral_entropy": {
        "max": 8.70599651337,
        "mean": 7.71936416626,
        "min": 6.8313536644,
        "stdev": 0.253660976887
    },
    "spectral_flux": {
        "max": 0.2826218009,
        "mean": 0.0986063629389,
        "min": 0.0214303806424,
        "stdev": 0.0416518598795
    },
    "spectral_kurtosis": {
        "max": 15.9595012665,
        "mean": 3.83343076706,
        "min": -0.748074769974,
        "stdev": 1.90268731117
    },
    "spectral_rms": {
        "max": 0.0117116076872,
        "mean": 0.00509636709467,
        "min": 0.000647891080007,
        "stdev": 0.00169438566081
    },
    "spectral_rolloff": {
        "max": 9087.01171875,
        "mean": 1559.38208008,
        "min": 86.1328125,
        "stdev": 1035.01037598
    },
    "spectral_skewness": {
        "max": 2.90993928909,
        "mean": 1.4610478878,
        "min": 0.48284047842,
        "stdev": 0.294209688902
    },
    "spectral_spread": {
        "max": 17709706,
        "mean": 4128460.5,
        "min": 2171419.75,
        "stdev": 1236263.875
    },
    "spectral_strongpeak": {
        "max": 8.1685667038,
        "mean": 1.4805713892,
        "min": 0.00862992741168,
        "stdev": 1.61934959888
    },
    "zerocrossingrate": {
        "max": 0.2236328125,
        "mean": 0.0632908716798,
        "min": 0.01220703125,
        "stdev": 0.0238015707582
    },
    "barkbands": {
        "max": [0.00404601544142, 0.0826603025198, 0.0382758080959, 0.029781524092, 0.0147924078628, 0.0202574133873, 0.0375439710915, 0.0306147746742, 0.0354331433773, 0.0314556434751, 0.0282763838768, 0.029387710616, 0.0210735797882, 0.0153386192396, 0.0141725791618, 0.0131075847894, 0.0107095716521, 0.00457095634192, 0.00940032675862, 0.00268666725606, 0.00189583702013, 0.00119075051043, 0.000995211070403, 0.0017442003591, 0.00172026117798, 0.00022690075275, 7.2627432246e-07],
        "mean": [0.000145897371112, 0.00503830052912, 0.00240113702603, 0.00146541313734, 0.00129823782481, 0.0012624214869, 0.00127884652466, 0.00120780593716, 0.00216608005576, 0.00243438826874, 0.00211304938421, 0.00224468111992, 0.00171453936491, 0.000990511733107, 0.000795116240624, 0.000485303840833, 0.000587439106312, 0.000484430347569, 0.000570581236389, 0.000193897532881, 0.000221916139708, 0.000161846692208, 0.000128110128571, 0.000112869085569, 5.01452232129e-05, 1.19800424727e-05, 2.61098920262e-09],
        "min": [1.6498597688e-07, 2.23524057219e-06, 8.55809776112e-06, 3.03390197587e-06, 3.0136488931e-05, 2.05513006222e-05, 4.47601132691e-06, 5.98635824645e-06, 3.53418818122e-06, 8.77559432411e-06, 5.94365883444e-06, 1.33892563099e-05, 6.56744032312e-06, 7.33274146114e-06, 4.91372293254e-06, 9.80956610874e-06, 4.24668132837e-06, 4.23729352406e-06, 4.05553146265e-06, 2.43539602707e-06, 1.17748879802e-06, 1.28052465698e-06, 5.43705255041e-07, 1.83552259614e-07, 6.65657680088e-08, 9.8164842921e-10, 9.36474925384e-11],
        "stdev": [0.000269363983534, 0.00748669588938, 0.00350444717333, 0.00257243448868, 0.00139981450047, 0.00149079889525, 0.00300494069234, 0.00263857608661, 0.00388125446625, 0.00427414942533, 0.00389593699947, 0.00343060493469, 0.00273652421311, 0.00147357617971, 0.00123872887343, 0.000780365720857, 0.00081830547424, 0.0005723562208, 0.000789438199718, 0.000197782283067, 0.000281266169623, 0.000153963628691, 0.000122796845972, 0.000178611167939, 0.000101662131783, 2.07838165807e-05, 2.33376233894e-08]
    },
    "erbbands": {
        "max": [1.70181655884, 20.2064552307, 33.6932029724, 60.2171707153, 92.7889785767, 39.1631813049, 76.3015060425, 222.884292603, 419.172607422, 516.28338623, 784.794372559, 1003.52075195, 1412.15307617, 1409.4128418, 1071.24035645, 1215.67175293, 1043.51831055, 724.512145996, 735.681213379, 437.434387207, 618.827514648, 662.088195801, 324.505371094, 547.078308105, 310.659057617, 98.3461456299, 65.3004455566, 96.9805145264, 40.7008590698, 27.4640655518, 31.306224823, 40.4869384766, 30.9280185699, 27.4126033783, 10.7503900528, 2.16915130615, 0.287885606289, 0.00951164215803, 0.000283489236608, 0.000163669188623],
        "mean": [0.120948240161, 1.2129226923, 2.8444416523, 4.00433015823, 4.635887146, 4.12210321426, 7.18332433701, 10.9181861877, 15.3232917786, 19.9641532898, 35.3745117188, 48.3938217163, 68.8023834229, 94.1419067383, 73.7196350098, 93.0324630737, 80.2989883423, 62.3325996399, 45.5613937378, 31.6879081726, 29.6544475555, 32.0245552063, 28.7148609161, 29.4748439789, 21.3816871643, 9.06003665924, 8.29592132568, 8.80615711212, 6.01678228378, 4.83777332306, 3.51705551147, 2.61399674416, 1.67423248291, 0.701213598251, 0.292861282825, 0.0968838259578, 0.0131140835583, 0.000310449657263, 3.22234154737e-05, 3.79898665415e-05],
        "min": [8.66820773808e-05, 0.0010208702879, 0.0145636871457, 0.0393295548856, 0.0248157307506, 0.07506339252, 0.117855101824, 0.114641658962, 0.0893016085029, 0.183801338077, 0.112998045981, 0.0886324644089, 0.511532843113, 0.560146927834, 0.526712179184, 0.604219436646, 0.537386655807, 0.336937457323, 0.285239338875, 0.351272076368, 0.450604736805, 0.528347373009, 0.326347917318, 0.152551472187, 0.173247724771, 0.130820438266, 0.0642772689462, 0.0508545227349, 0.0257780421525, 0.0282020252198, 0.0108618941158, 0.00465569319203, 0.00313629675657, 0.00116894335952, 0.000281739165075, 9.48419547058e-05, 5.11948337589e-06, 6.58760484384e-07, 1.20365359635e-06, 2.15822001337e-06],
        "stdev": [0.186539769173, 1.78740346432, 3.6881248951, 5.62615442276, 7.13278007507, 4.52909612656, 7.85613441467, 15.1234912872, 31.6509742737, 42.4380950928, 68.622467041, 88.1317443848, 142.325744629, 165.166992188, 111.693817139, 140.956573486, 121.335632324, 87.2106246948, 65.2614898682, 43.3541870117, 42.9024887085, 45.7753982544, 32.8801422119, 37.9964904785, 28.2469673157, 8.67855167389, 9.58150196075, 12.5419168472, 5.91633844376, 4.40111875534, 3.53398752213, 3.69616746902, 2.96573138237, 1.47635400295, 0.578422546387, 0.165788471699, 0.0233343672007, 0.0005556983524, 2.87895400106e-05, 2.33712617046e-05]
    },
    "gfcc": {
        "mean": [24.4497241974, 100.255439758, -140.017211914, 37.5148124695, -62.2861938477, 32.7447929382, -33.8041305542, 14.9845056534, -22.1715965271, -0.625960886478, -10.461558342, -0.0828194916248, -9.89374828339],
        "cov": [[2087.4465332, -500.017150879, -336.472381592, -18.6665992737, -1.65833687782, 170.282714844, 126.811279297, 73.953918457, -158.192337036, 77.0966033936, -17.5285682678, 70.7596054077, 1.65805065632], [-500.017150879, 466.24017334, 27.9991722107, -10.3963603973, 66.421913147, -117.72958374, 45.4769058228, -34.6299667358, 92.7542648315, -42.5811653137, 24.6362171173, -45.3607444763, -4.35400438309], [-336.472381592, 27.9991722107, 434.592559814, 62.134552002, -21.2616271973, 26.9313774109, -89.4814834595, 39.1950340271, 35.1012420654, 38.1701583862, -33.5450553894, 17.5966663361, 3.52631402016], [-18.6665992737, -10.3963603973, 62.134552002, 153.788253784, 42.7427062988, 8.97393417358, -35.8095703125, -28.8405895233, 10.9600048065, 3.40678358078, 4.26293373108, -15.7571258545, 20.6481285095], [-1.65833687782, 66.421913147, -21.2616271973, 42.7427062988, 144.434143066, 21.1033210754, 19.5374107361, 8.26669883728, 10.9613494873, 8.42209434509, 5.25057411194, -0.450918376446, 0.158988803625], [170.282714844, -117.72958374, 26.9313774109, 8.97393417358, 21.1033210754, 169.45539856, 71.7824325562, 7.22499418259, -37.8413696289, 5.8882060051, 6.07644748688, 20.1289653778, 14.4609174728], [126.811279297, 45.4769058228, -89.4814834595, -35.8095703125, 19.5374107361, 71.7824325562, 190.347717285, 24.7091960907, -34.6091270447, -30.5879764557, 6.07753181458, 14.8372783661, -1.89047288895], [73.953918457, -34.6299667358, 39.1950340271, -28.8405895233, 8.26669883728, 7.22499418259, 24.7091960907, 114.611206055, 30.1920185089, 16.8964118958, -2.08191514015, 13.9607791901, 1.13951563835], [-158.192337036, 92.7542648315, 35.1012420654, 10.9600048065, 10.9613494873, -37.8413696289, -34.6091270447, 30.1920185089, 113.463775635, 34.0542373657, 11.9062585831, -19.9240436554, 1.20566809177], [77.0966033936, -42.5811653137, 38.1701583862, 3.40678358078, 8.42209434509, 5.8882060051, -30.5879764557, 16.8964118958, 34.0542373657, 88.9232177734, 12.4685754776, 7.88178491592, 3.04333209991], [-17.5285682678, 24.6362171173, -33.5450553894, 4.26293373108, 5.25057411194, 6.07644748688, 6.07753181458, -2.08191514015, 11.9062585831, 12.4685754776, 70.7314987183, 14.6190786362, 8.49212265015], [70.7596054077, -45.3607444763, 17.5966663361, -15.7571258545, -0.450918376446, 20.1289653778, 14.8372783661, 13.9607791901, -19.9240436554, 7.88178491592, 14.6190786362, 72.6978530884, 18.0699806213], [1.65805065632, -4.35400438309, 3.52631402016, 20.6481285095, 0.158988803625, 14.4609174728, -1.89047288895, 1.13951563835, 1.20566809177, 3.04333209991, 8.49212265015, 18.0699806213, 72.4212036133]],
        "icov": [[0.00099819607567, -0.000239602552028, 0.0014524445869, -0.00111918547191, 0.00079814333003, -0.00112689041998, 0.000455900386441, -0.00160391593818, 0.00160772004165, -0.00182309141383, 0.00120977463666, -0.000940986152273, 0.000614288204815], [-0.000239602552028, 0.0135609656572, -0.00776796927676, 0.00789096858352, -0.0100213652477, 0.0132186245173, -0.011871824041, 0.0120973717421, -0.0115293916315, 0.0085338326171, -0.008459742181, 0.00758024863899, -0.00523455487564], [0.0014524445869, -0.00776796927676, 0.00974591076374, -0.00763160316274, 0.00769219361246, -0.010222543031, 0.00892628449947, -0.0102419359609, 0.0074237161316, -0.00744067924097, 0.00839017052203, -0.00724815623835, 0.00463329674676], [-0.00111918547191, 0.00789096858352, -0.00763160316274, 0.0152331292629, -0.00976711791009, 0.00815771147609, -0.00615411018953, 0.0110955368727, -0.0082012237981, 0.0072994530201, -0.00745616387576, 0.00810145586729, -0.0067315264605], [0.00079814333003, -0.0100213652477, 0.00769219361246, -0.00976711791009, 0.0162672903389, -0.011271296069, 0.00821046903729, -0.01090758387, 0.00828593969345, -0.00809994712472, 0.00749946665019, -0.00708973314613, 0.00548230158165], [-0.00112689041998, 0.0132186245173, -0.010222543031, 0.00815771147609, -0.011271296069, 0.0224835760891, -0.015595539473, 0.0132366791368, -0.00935537461191, 0.00760003225878, -0.0102272136137, 0.00837701838464, -0.00714225089177], [0.000455900386441, -0.011871824041, 0.00892628449947, -0.00615411018953, 0.00821046903729, -0.015595539473, 0.0191799923778, -0.0133386375383, 0.0108914189041, -0.00502178492025, 0.00752338208258, -0.00767137948424, 0.00546402251348], [-0.00160391593818, 0.0120973717421, -0.0102419359609, 0.0110955368727, -0.01090758387, 0.0132366791368, -0.0133386375383, 0.0245856307447, -0.0158876441419, 0.00893028266728, -0.00802867300808, 0.0060272985138, -0.00592812662944], [0.00160772004165, -0.0115293916315, 0.0074237161316, -0.0082012237981, 0.00828593969345, -0.00935537461191, 0.0108914189041, -0.0158876441419, 0.025707423687, -0.0137013914064, 0.00533622968942, -0.00233391602524, 0.00373539933935], [-0.00182309141383, 0.0085338326171, -0.00744067924097, 0.0072994530201, -0.00809994712472, 0.00760003225878, -0.00502178492025, 0.00893028266728, -0.0137013914064, 0.0229227542877, -0.00889247097075, 0.00409274175763, -0.00364907179028], [0.00120977463666, -0.008459742181, 0.00839017052203, -0.00745616387576, 0.00749946665019, -0.0102272136137, 0.00752338208258, -0.00802867300808, 0.00533622968942, -0.00889247097075, 0.0236436966807, -0.0104537364095, 0.00365012721159], [-0.000940986152273, 0.00758024863899, -0.00724815623835, 0.00810145586729, -0.00708973314613, 0.00837701838464, -0.00767137948424, 0.0060272985138, -0.00233391602524, 0.00409274175763, -0.0104537364095, 0.0240481197834, -0.00833948049694], [0.000614288204815, -0.00523455487564, 0.00463329674676, -0.0067315264605, 0.00548230158165, -0.00714225089177, 0.00546402251348, -0.00592812662944, 0.00373539933935, -0.00364907179028, 0.00365012721159, -0.00833948049694, 0.0185669437051]]
    },
    "melbands": {
        "max": [0.0199249144644, 0.0165688544512, 0.0122619429603, 0.00368011766113, 0.00213920790702, 0.00448030838743, 0.00714803114533, 0.00469419779256, 0.00566080957651, 0.00591419171542, 0.00683811539784, 0.00570762017742, 0.00410098256543, 0.00430040666834, 0.00262492592447, 0.00282473303378, 0.0014114381047, 0.00126736692619, 0.00121228874195, 0.000710019376129, 0.00075373321306, 0.000911798502784, 0.000307778973365, 0.000246589042945, 0.000526485906448, 0.000391372450395, 0.000146632606629, 4.02129844588e-05, 4.11797554989e-05, 5.81643616897e-05, 6.47236302029e-05, 2.45300252573e-05, 2.64295031229e-05, 2.03983199754e-05, 1.74039250851e-05, 2.33616538026e-05, 2.72454690275e-05, 2.49453023571e-05, 2.45629144047e-05, 2.40807130467e-05],
        "mean": [0.00127515476197, 0.001528454246, 0.00072466378333, 0.000305785710225, 0.000232784412219, 0.000241521571297, 0.000251033401582, 0.000219581954298, 0.000311631534714, 0.000307598151267, 0.000335228338372, 0.00037103384966, 0.000256104831351, 0.000254389771726, 0.00019144883845, 0.000178560774657, 0.000105688253825, 7.15660280548e-05, 5.68544674024e-05, 3.36882076226e-05, 3.49524998455e-05, 3.3945801988e-05, 3.02861462842e-05, 2.09937570617e-05, 2.44240509346e-05, 2.11930964724e-05, 8.51284130476e-06, 5.3340309023e-06, 5.02702323502e-06, 5.25671293872e-06, 4.93367224408e-06, 3.31031947098e-06, 3.10905784318e-06, 2.51694291364e-06, 2.06227264243e-06, 1.77029551196e-06, 1.53516202772e-06, 1.27142141082e-06, 8.33986575799e-07, 5.07270556227e-07],
        "min": [8.43093971525e-07, 6.08455138718e-06, 1.088154022e-05, 7.44439330447e-06, 2.99831435768e-06, 2.95912741421e-06, 8.54981749399e-07, 1.92168226931e-06, 7.75869580139e-07, 5.34196033186e-07, 1.29904685764e-06, 1.89330387457e-06, 1.48042329329e-06, 1.62155993166e-06, 1.41980535773e-06, 8.09571417903e-07, 6.32275373391e-07, 5.00485782595e-07, 4.1147049501e-07, 5.02734678776e-07, 2.68626138222e-07, 3.14095615295e-07, 1.89066383882e-07, 2.15660534764e-07, 8.7207340016e-08, 1.35325080919e-07, 7.07345648721e-08, 6.22669631412e-08, 3.7421028054e-08, 2.74637645958e-08, 1.38081279744e-08, 9.22051590635e-09, 2.28509442479e-08, 1.49610510647e-08, 6.99599489451e-09, 3.21686388638e-09, 2.20683360475e-09, 1.100866176e-09, 5.13303080596e-11, 7.56116225187e-10],
        "stdev": [0.001920287963, 0.00183935242239, 0.00100224581547, 0.000362434715498, 0.000238963228185, 0.000313804164762, 0.000540671753697, 0.000442103628302, 0.000593752018176, 0.00056712643709, 0.000707987812348, 0.000663386657834, 0.000435897964053, 0.000389601249481, 0.000299214298138, 0.000306817033561, 0.000161141288118, 0.000106267572846, 9.22854087548e-05, 5.20681824128e-05, 5.36845545867e-05, 5.66121671e-05, 3.83310689358e-05, 2.5123670639e-05, 3.43247484125e-05, 3.29955364577e-05, 9.77821946435e-06, 5.36911966265e-06, 5.95500478084e-06, 7.28309078113e-06, 7.39269626138e-06, 3.46673573404e-06, 3.10212885779e-06, 2.43420231527e-06, 2.08005553759e-06, 2.2365040877e-06, 2.38894358517e-06, 2.23678966904e-06, 1.78609150225e-06, 1.12538623398e-06]
    },
    "melbands128": {
        "max": [0.00323540531099, 0.011251877062, 0.031053090468, 0.0357307344675, 0.0178371220827, 0.0189658813179, 0.0127393379807, 0.0160368233919, 0.00986086577177, 0.00473533663899, 0.00244512106292, 0.00294562079944, 0.00302238203585, 0.00508701289073, 0.0081377280876, 0.00415069097653, 0.0062095047906, 0.0121906017885, 0.0162661150098, 0.00940612796694, 0.00729608535767, 0.0102915335447, 0.00868746638298, 0.011407523416, 0.0121927233413, 0.00967732258141, 0.0108565092087, 0.0117321703583, 0.00914760492742, 0.00796277821064, 0.0100263338536, 0.00820529833436, 0.00777718797326, 0.00620062137023, 0.00448383996263, 0.00938896369189, 0.00689097773284, 0.00425735209137, 0.00390193494968, 0.0053819254972, 0.00493831932545, 0.00493306713179, 0.00255135027692, 0.00368913449347, 0.00212190602906, 0.00249795545824, 0.00326323974878, 0.00298920995556, 0.00111477926839, 0.00109579390846, 0.00134172604885, 0.00124940101523, 0.00111249368638, 0.0010896398453, 0.00136398989707, 0.00205307500437, 0.00124647212215, 0.000730749219656, 0.000614107120782, 0.000815220293589, 0.000524630653672, 0.000313612341415, 0.000351067108568, 0.00129009771626, 0.00120136688929, 0.000825842318591, 0.000348630128428, 0.000133614637889, 0.000316973717418, 8.77091806615e-05, 5.39002576261e-05, 6.59774595988e-05, 7.29604216758e-05, 7.2771734267e-05, 0.000102375204733, 9.21753598959e-05, 0.00014185407781, 0.000141451804666, 0.000127152045025, 5.6479646446e-05, 3.8716931158e-05, 4.37691123807e-05, 4.15904469264e-05, 3.68469118257e-05, 3.58278484782e-05, 2.38129159698e-05, 4.03191806981e-05, 2.57671126747e-05, 2.22505605052e-05, 2.96291655104e-05, 3.09441893478e-05, 2.77397175523e-05, 2.69388947345e-05, 4.29203610111e-05, 2.78007519228e-05, 2.32259226323e-05, 3.80458259315e-05, 3.69598383259e-05, 2.8782436857e-05, 2.71125863947e-05, 2.01318489417e-05, 3.41385457432e-05, 1.3303570995e-05, 1.30359503601e-05, 1.8761764295e-05, 1.33230778374e-05, 6.39525023871e-06, 5.6111084632e-06, 5.0482003644e-06, 4.46793546871e-06, 3.55603310709e-06, 1.5161333522e-06, 8.3275091356e-07, 4.1663449224e-07, 6.78449794123e-08, 2.62947423835e-08, 6.33297725372e-09, 3.00471514336e-09, 3.05964742431e-09, 3.08976066954e-09, 3.11048586887e-09, 3.09561043466e-09, 3.07643110986e-09, 3.06849790022e-09, 3.05079184137e-09, 3.04180680644e-09, 3.03281155745e-09, 3.02530400731e-09],
        "mean": [0.00012029458594, 0.00077396951383, 0.00186646194197, 0.00204860861413, 0.00161010574084, 0.00110224448144, 0.000809342134744, 0.000719899660908, 0.000435945519712, 0.000293197343126, 0.000206762837479, 0.000184420088772, 0.000251985038631, 0.000274002581136, 0.000265345384832, 0.00021457177354, 0.000180297458428, 0.000277648417978, 0.000324600288877, 0.000189871105249, 0.000176517656655, 0.000264685048023, 0.000335427001119, 0.000359794008546, 0.000307594396872, 0.000265480397502, 0.000346766260918, 0.000395454495447, 0.00025929819094, 0.000318042148137, 0.000471697421744, 0.000368069508113, 0.000202730268938, 0.000203919858905, 0.000241627698415, 0.000275956961559, 0.00027691887226, 0.000180180068128, 0.000137012219056, 0.000189371450688, 0.000206544689718, 0.000134792077006, 0.000108066742541, 9.24283958739e-05, 6.88129512127e-05, 6.69951550663e-05, 7.67670717323e-05, 6.63670070935e-05, 4.41291194875e-05, 3.27459529217e-05, 3.39301150234e-05, 3.17836020258e-05, 3.35065633408e-05, 3.77378855774e-05, 3.71116402675e-05, 3.42309722328e-05, 2.93090724881e-05, 3.14714488923e-05, 3.11686053465e-05, 2.81673164864e-05, 1.80832848855e-05, 1.69460545294e-05, 2.25429157581e-05, 2.70698856184e-05, 2.76782684523e-05, 2.43931299337e-05, 1.50957221194e-05, 9.81439552561e-06, 7.53045696911e-06, 5.6723315538e-06, 4.9904710977e-06, 5.54605549041e-06, 5.04228546561e-06, 4.70747090731e-06, 5.2509485613e-06, 5.0671765166e-06, 5.09903247803e-06, 6.33909030512e-06, 5.07719505549e-06, 3.47393574884e-06, 3.13410191666e-06, 3.41525287695e-06, 3.23087897414e-06, 3.19297100759e-06, 2.91751166515e-06, 2.57567262452e-06, 2.43616091211e-06, 2.23709002967e-06, 2.07169114219e-06, 1.90326181837e-06, 1.83354234196e-06, 1.77004415036e-06, 1.61998286785e-06, 1.51658991854e-06, 1.53438838879e-06, 1.3425006955e-06, 1.26269026168e-06, 1.073905878e-06, 8.87348448941e-07, 6.88810700922e-07, 5.73103875467e-07, 4.84514828258e-07, 4.156901241e-07, 3.67824526393e-07, 3.42413954968e-07, 2.81174749261e-07, 2.50630932896e-07, 1.81516725206e-07, 1.51608034571e-07, 1.42929764024e-07, 1.21776949413e-07, 7.32116589575e-08, 4.99492047723e-09, 1.25869914491e-09, 2.75340167333e-10, 1.80425036023e-10, 4.36592324793e-11, 8.50341325132e-12, 8.37104517648e-12, 8.22744997131e-12, 8.07209854514e-12, 7.94387559205e-12, 7.83491414108e-12, 7.70946240874e-12, 7.4778768247e-12, 7.14685081948e-12, 6.95655512362e-12, 6.90487641022e-12],
        "min": [1.28360211349e-09, 2.89160283273e-07, 2.85393326749e-07, 1.07336063593e-06, 1.38484938361e-06, 3.35590993927e-06, 2.41346197072e-06, 9.89309228316e-07, 9.73729811449e-07, 1.1598239098e-06, 2.3225463508e-07, 4.38523699131e-07, 6.56158476886e-07, 2.26831321015e-06, 8.70400072017e-07, 8.93453062645e-08, 4.09902327192e-07, 3.97330069291e-07, 5.43307123735e-07, 2.79858682006e-07, 5.96546726683e-07, 4.7130299663e-07, 2.68637933232e-07, 2.51021731401e-07, 4.00537743417e-07, 3.64239667761e-07, 2.4349759542e-07, 3.51739487314e-07, 3.3995760873e-07, 3.08818698613e-07, 4.040200281e-07, 3.60024074553e-07, 2.92196091323e-07, 2.75444961062e-07, 1.75414669457e-07, 8.69335394782e-07, 1.31317761998e-07, 1.52015488197e-07, 2.72878423857e-07, 1.02433595828e-07, 1.0204099965e-07, 1.62974060913e-07, 2.4437264301e-07, 1.28566995272e-07, 8.97837253433e-08, 1.93065488929e-07, 1.4740186316e-07, 5.4326946497e-08, 1.34088651293e-07, 1.15319991778e-07, 1.1467466976e-07, 1.50959735379e-07, 8.809558949e-08, 2.20046146637e-07, 1.2739080546e-07, 1.00097494737e-07, 8.77315144976e-08, 1.09914090274e-07, 1.14592822342e-07, 1.59593113835e-07, 1.00655270785e-07, 8.45619041456e-08, 7.89623157971e-08, 2.64007660178e-08, 6.63997212769e-08, 4.93605689655e-08, 2.44657503146e-08, 3.5713643598e-08, 3.02065927826e-08, 2.05709635992e-08, 4.52196822209e-08, 6.46071152133e-09, 1.87305015942e-08, 1.89933615502e-08, 1.67233888959e-08, 1.2896395063e-08, 1.35096698273e-08, 2.35772712465e-09, 5.23463805635e-09, 1.42862388586e-09, 3.06954661689e-09, 4.38720482165e-09, 3.11926440233e-09, 9.45068201474e-09, 5.77612047081e-09, 5.3718944848e-09, 1.3927787812e-08, 1.29079289479e-08, 5.18279641426e-09, 1.64248759038e-09, 4.62258481493e-10, 2.06650141443e-09, 1.92968729884e-09, 2.17082796183e-09, 3.29801602694e-11, 3.94298482753e-11, 9.04563091098e-11, 8.88023855838e-12, 2.00117995092e-11, 7.80958739517e-13, 2.85874731006e-12, 1.31766238545e-11, 3.81200244981e-11, 1.47664918487e-11, 1.09924352606e-12, 5.75040449285e-12, 5.64905153905e-12, 6.95421541533e-12, 2.81187117861e-12, 8.51722934802e-13, 4.04015932038e-13, 3.94235317135e-13, 3.49611507279e-13, 3.17508335162e-13, 2.42661413966e-13, 3.65721857095e-13, 2.78759518723e-13, 1.97399659552e-13, 3.00893072394e-13, 3.15139299205e-13, 2.20035944218e-13, 2.75386023664e-13, 3.0565491544e-13, 2.9651682585e-13, 1.9963543351e-13, 8.96518441624e-14, 1.26665120585e-14, 3.57822504062e-16],
        "stdev": [0.000222603950533, 0.00124664930627, 0.00304890796542, 0.00309560727328, 0.00211865152232, 0.00167265627533, 0.00119836279191, 0.00138275208883, 0.000745759345591, 0.000421805598307, 0.00027572788531, 0.000253080041148, 0.000318879581755, 0.000390287372284, 0.0004744323669, 0.000384312297683, 0.000355018739356, 0.000822387984954, 0.000995376263745, 0.000538685359061, 0.000547203759197, 0.000740922463592, 0.000824098184239, 0.00095697742654, 0.000820023647975, 0.000739323382732, 0.000992925604805, 0.00112548761535, 0.000688433763571, 0.000755599758122, 0.0011250518728, 0.000878720951732, 0.000571038981434, 0.000480755552417, 0.000515258114319, 0.000570179428905, 0.000609381415416, 0.000412992550991, 0.00030480735586, 0.000448807433713, 0.000474232889246, 0.00033144428744, 0.000220520130824, 0.000216668777284, 0.000137710929266, 0.000141239579534, 0.000194071966689, 0.000153072440298, 8.99210572243e-05, 7.02568650013e-05, 7.42277770769e-05, 6.70612498652e-05, 7.17264047125e-05, 7.53965796321e-05, 7.5362608186e-05, 9.72130437731e-05, 5.84484914725e-05, 6.32774172118e-05, 5.44842769159e-05, 5.10296704306e-05, 2.96592133964e-05, 2.87499478873e-05, 3.5310669773e-05, 5.68678660784e-05, 6.05970708421e-05, 5.23332928424e-05, 2.73371115327e-05, 1.38148134283e-05, 1.19274245662e-05, 7.01122280589e-06, 5.96558948018e-06, 6.99461043041e-06, 7.36369929655e-06, 6.63250466459e-06, 8.96848359844e-06, 8.44519763632e-06, 1.08211597762e-05, 1.38791892823e-05, 1.00869528978e-05, 5.26616213392e-06, 4.13241059505e-06, 4.1279636207e-06, 4.03367357649e-06, 3.85828025173e-06, 3.42861949321e-06, 2.98058898807e-06, 2.90366597255e-06, 2.4923217552e-06, 2.39991436501e-06, 2.47394336839e-06, 2.41230463871e-06, 2.66841357188e-06, 2.66466622634e-06, 2.7922726531e-06, 2.70977352557e-06, 2.43563317781e-06, 2.52866425399e-06, 2.47481420956e-06, 2.09189738598e-06, 1.64393441082e-06, 1.347189027e-06, 1.22408596326e-06, 8.56312908581e-07, 8.27925020985e-07, 7.71737745708e-07, 6.04442789154e-07, 4.95009260248e-07, 3.50637122892e-07, 2.83108761323e-07, 2.8995114576e-07, 2.43764048946e-07, 1.38217728818e-07, 2.58152557109e-08, 1.64360454136e-08, 2.11470951861e-09, 9.93432891505e-10, 2.42341757772e-10, 9.6908064906e-11, 9.79519382271e-11, 9.83179510028e-11, 9.85462822456e-11, 9.7781768793e-11, 9.69813881979e-11, 9.65623067617e-11, 9.59372442599e-11, 9.5568962466e-11, 9.52298309653e-11, 9.49649386905e-11]
    },
    "mfcc": {
        "mean": [-605.795654297, 118.690238953, -11.7409334183, 11.2196865082, 1.08334219456, 11.4679737091, 4.09222173691, 14.5587902069, -2.25832033157, 3.5560438633, 2.74409461021, 1.59939002991, -0.463197857141],
        "cov": [[2325.86425781, -521.706542969, -391.421447754, -122.064468384, -154.345108032, 83.8081130981, 217.736953735, 18.6513996124, 20.9295158386, -37.1548347473, 9.09392642975, 23.7844619751, -113.296646118], [-521.706542969, 458.967010498, -27.1336040497, 67.8215255737, -8.8877620697, -36.9056129456, -56.432636261, 29.6341667175, -3.31076622009, 32.7428894043, 28.8098182678, -3.91208648682, 39.1927947998], [-391.421447754, -27.1336040497, 409.181915283, 10.7884721756, 80.6667556763, -14.9485883713, -50.8481559753, -35.049243927, 32.4715957642, 5.24714756012, -29.8954353333, 19.9488048553, 42.8886833191], [-122.064468384, 67.8215255737, 10.7884721756, 150.302566528, 54.2339935303, -5.65194034576, -40.9656257629, -21.8425979614, 3.3950521946, 0.0401635281742, -8.64761734009, -6.65467596054, 23.4087314606], [-154.345108032, -8.8877620697, 80.6667556763, 54.2339935303, 182.120269775, -5.09807872772, -54.6831016541, -42.0161170959, 12.7687520981, 25.9711780548, -7.12943077087, -0.813846766949, 39.7351455688], [83.8081130981, -36.9056129456, -14.9485883713, -5.65194034576, -5.09807872772, 145.30607605, 66.7342376709, 10.9601392746, 0.0341710075736, -19.2035541534, -3.57005906105, 8.50470352173, -26.4863853455], [217.736953735, -56.432636261, -50.8481559753, -40.9656257629, -54.6831016541, 66.7342376709, 164.660751343, 64.9300079346, 11.0160646439, -22.4497413635, -3.06289172173, 0.610248923302, -31.1492462158], [18.6513996124, 29.6341667175, -35.049243927, -21.8425979614, -42.0161170959, 10.9601392746, 64.9300079346, 121.1118927, 7.68984651566, -2.9228477478, 9.46493053436, -6.78685712814, -9.56914806366], [20.9295158386, -3.31076622009, 32.4715957642, 3.3950521946, 12.7687520981, 0.0341710075736, 11.0160646439, 7.68984651566, 88.509185791, 25.2084178925, -4.60192394257, 3.29762244225, 6.0255150795], [-37.1548347473, 32.7428894043, 5.24714756012, 0.0401635281742, 25.9711780548, -19.2035541534, -22.4497413635, -2.9228477478, 25.2084178925, 81.6171112061, 20.3536071777, 8.21542358398, 12.3258905411], [9.09392642975, 28.8098182678, -29.8954353333, -8.64761734009, -7.12943077087, -3.57005906105, -3.06289172173, 9.46493053436, -4.60192394257, 20.3536071777, 81.7877807617, 17.5508308411, -0.0187742281705], [23.7844619751, -3.91208648682, 19.9488048553, -6.65467596054, -0.813846766949, 8.50470352173, 0.610248923302, -6.78685712814, 3.29762244225, 8.21542358398, 17.5508308411, 59.9591560364, 10.9648780823], [-113.296646118, 39.1927947998, 42.8886833191, 23.4087314606, 39.7351455688, -26.4863853455, -31.1492462158, -9.56914806366, 6.0255150795, 12.3258905411, -0.0187742281705, 10.9648780823, 72.4252471924]],
        "icov": [[0.000865775335114, 0.000957411190029, 0.000825795345008, -6.03912812949e-05, 0.000335109216394, 0.000129301508423, -0.00058825314045, 0.000292671902571, -0.000437017326476, -9.34302152018e-05, -5.05071584485e-05, -0.000512105005328, 0.000145631696796], [0.000957411190029, 0.00389193720184, 0.00104778830428, -0.00137906428427, 0.00126827007625, 3.41125305567e-05, 0.000447864993475, -0.000903202511836, -0.000224955219892, -0.00105472363066, -0.000727876380552, -0.000137217430165, -0.00117441581097], [0.000825795345008, 0.00104778830428, 0.0038416639436, 0.000432777567767, -0.000687336199917, 9.06005225261e-05, 0.000202443698072, 0.000319715763908, -0.00151026865933, 0.000517081876751, 0.00103517412208, -0.001609269646, -0.000868931878358], [-6.03912812949e-05, -0.00137906428427, 0.000432777567767, 0.00868470221758, -0.00231058616191, -0.000628662644885, 0.00121855037287, 0.000623308413196, -0.000767788966186, 0.0015879914863, 0.00072951632319, 0.000677725416608, -0.00107606814709], [0.000335109216394, 0.00126827007625, -0.000687336199917, -0.00231058616191, 0.00852249283344, -0.00135990872514, 0.00113230862189, 0.00127527699806, -0.00028580633807, -0.00251796841621, -8.04744631751e-05, 0.00134709908161, -0.00327751878649], [0.000129301508423, 3.41125305567e-05, 9.06005225261e-05, -0.000628662644885, -0.00135990872514, 0.00944489333779, -0.00420620664954, 0.000942162878346, 0.000116309223813, 0.00127625826281, 0.000109592649096, -0.00210890662856, 0.00294137536548], [-0.00058825314045, 0.000447864993475, 0.000202443698072, 0.00121855037287, 0.00113230862189, -0.00420620664954, 0.0119513496757, -0.00525571126491, -0.00159733253531, 0.00156353856437, 0.000641221937258, -0.000180381437531, 0.000504222058225], [0.000292671902571, -0.000903202511836, 0.000319715763908, 0.000623308413196, 0.00127527699806, 0.000942162878346, -0.00525571126491, 0.0120082376525, -0.000846482114866, -0.000208489233046, -0.00131750130095, 0.00165806745645, -0.000618594756816], [-0.000437017326476, -0.000224955219892, -0.00151026865933, -0.000767788966186, -0.00028580633807, 0.000116309223813, -0.00159733253531, -0.000846482114866, 0.0138028776273, -0.00495703844354, 0.00152087782044, 1.02876574601e-05, -0.000324776308844], [-9.34302152018e-05, -0.00105472363066, 0.000517081876751, 0.0015879914863, -0.00251796841621, 0.00127625826281, 0.00156353856437, -0.000208489233046, -0.00495703844354, 0.016674131155, -0.00350398360752, -0.00124304695055, -0.000139799696626], [-5.05071584485e-05, -0.000727876380552, 0.00103517412208, 0.00072951632319, -8.04744631751e-05, 0.000109592649096, 0.000641221937258, -0.00131750130095, 0.00152087782044, -0.00350398360752, 0.0150696309283, -0.00462896004319, 0.000826535804663], [-0.000512105005328, -0.000137217430165, -0.001609269646, 0.000677725416608, 0.00134709908161, -0.00210890662856, -0.000180381437531, 0.00165806745645, 1.02876574601e-05, -0.00124304695055, -0.00462896004319, 0.0202868580818, -0.00422358512878], [0.000145631696796, -0.00117441581097, -0.000868931878358, -0.00107606814709, -0.00327751878649, 0.00294137536548, 0.000504222058225, -0.000618594756816, -0.000324776308844, -0.000139799696626, 0.000826535804663, -0.00422358512878, 0.0192324854434]]
    },
    "spectral_contrast_coeffs": {
        "max": [-0.475379645824, -0.507317006588, -0.553866147995, -0.599991381168, -0.557617068291, -0.554994761944],
        "mean": [-0.751147329807, -0.762105047703, -0.743033766747, -0.780466139317, -0.780526041985, -0.719352006912],
        "min": [-0.924263060093, -0.916210472584, -0.924379110336, -0.882961809635, -0.877047300339, -0.864488959312],
        "stdev": [0.0559065453708, 0.0637348219752, 0.0634205117822, 0.0461108610034, 0.0415494963527, 0.0487313307822]
    },
    "spectral_contrast_valleys": {
        "max": [-4.86214160919, -4.79762887955, -5.22922277451, -5.90763664246, -6.07746076584, -8.1820936203],
        "mean": [-6.44610977173, -6.4569478035, -6.74919319153, -7.08867835999, -7.24159431458, -10.3418493271],
        "min": [-8.45013809204, -8.49113750458, -8.82662200928, -8.79520606995, -9.04284954071, -12.9879169464],
        "stdev": [0.459954708815, 0.476408243179, 0.62362074852, 0.542896986008, 0.598052501678, 0.750894546509]
    }
},
"rhythm": {
    "beats_count": 86,
    "beats_loudness": {
        "max": 0.0839266851544,
        "mean": 0.0384965613484,
        "min": 0.00339375669137,
        "stdev": 0.0198762882501
    },
    "bpm": 106.091537476,
    "bpm_histogram_first_peak_bpm": 105,
    "bpm_histogram_first_peak_weight": 0.38271600008,
    "bpm_histogram_second_peak_bpm": 112,
    "bpm_histogram_second_peak_spread": 0.5,
    "bpm_histogram_second_peak_weight": 0.0235294122249,
    "danceability": 1.08129870892,
    "onset_rate": 2.583984375,
    "beats_loudness_band_ratio": {
        "max": [0.803882598877, 0.334619551897, 0.725030183792, 0.640189468861, 0.456478893757, 0.242195889354],
        "mean": [0.395308732986, 0.0861781388521, 0.19397072494, 0.216822206974, 0.0879130661488, 0.0444495975971],
        "min": [0.0436724610627, 0.0161487851292, 0.0196345560253, 0.0199164301157, 0.0114284036681, 0.00491297524422],
        "stdev": [0.186529964209, 0.0677125677466, 0.169030293822, 0.164662912488, 0.0829682201147, 0.0386430434883]
    },
