{
"metadata": {
    "version": {
        "essentia": "2.1-beta5",
        "essentia_git_sha": "Undefined",
        "extractor": "music 2.0"
    },
    "audio_properties": {
        "analysis": {
            "equal_loudness": 0,
            "length": 48.7502937317,
            "sample_rate": 44100,
            "start_time": 61.4980506897,
            "downmix": "mix"
        },
        "bit_rate": 192000,
        "length": 198.321640015,
        "lossless": 0,
        "number_channels": 2,
        "replay_gain": -0.504384994507,
        "sample_rate": 48000,
        "codec": "mp3",
        "md5_encoded": "4c33679c56ef4485d454d254c4518f6e"
    },
    "tags": {
        "file_name": "Cyprus_One Thing I Should Have Done_John Karayiannis.mp3",
        "encoding": ["Lavf58.29.100"]
    }
},
"lowlevel": {
    "average_loudness": 0.813039600849,
    "barkbands_crest": {
        "max": 24.0615921021,
        "mean": 11.9189348221,
        "min": 3.4240758419,
        "stdev": 4.09903049469
    },
    "barkbands_flatness_db": {
        "max": 0.33913642168,
        "mean": 0.166193962097,
        "min": 0.033011674881,
        "stdev": 0.0470253899693
    },
    "barkbands_kurtosis": {
        "max": 120.228347778,
        "mean": 13.8848762512,
        "min": -1.89356374741,
        "stdev": 15.1629514694
    },
    "barkbands_skewness": {
        "max": 9.2341594696,
        "mean": 2.88687515259,
        "min": -0.98112988472,
        "stdev": 1.54995501041
    },
    "barkbands_spread": {
        "max": 89.6047210693,
        "mean": 17.0754337311,
        "min": 1.14138400555,
        "stdev": 16.9514751434
    },
    "dissonance": {
        "max": 0.5,
        "mean": 0.453162431717,
        "min": 0.295212119818,
        "stdev": 0.0287673790008
    },
    "dynamic_complexity": 3.15909218788,
    "erbbands_crest": {
        "max": 26.7579212189,
        "mean": 9.66467475891,
        "min": 2.30084013939,
        "stdev": 4.47192239761
    },
    "erbbands_flatness_db": {
        "max": 0.265743345022,
        "mean": 0.153720319271,
        "min": 0.050131034106,
        "stdev": 0.0363783724606
    },
    "erbbands_kurtosis": {
        "max": 31.2092170715,
        "mean": 1.31261575222,
        "min": -1.81192660332,
        "stdev": 3.24466657639
    },
    "erbbands_skewness": {
        "max": 4.43348789215,
        "mean": 0.935961663723,
        "min": -2.27584576607,
        "stdev": 0.965704977512
    },
    "erbbands_spread": {
        "max": 150.400146484,
        "mean": 48.5250854492,
        "min": 7.49516868591,
        "stdev": 23.6432247162
    },
    "hfc": {
        "max": 84.56690979,
        "mean": 12.8894119263,
        "min": 0.385214447975,
        "stdev": 13.4894828796
    },
    "loudness_ebu128": {
        "integrated": -24.171377182,
        "loudness_range": 4.18501853943,
        "momentary": {
            "max": -19.2636089325,
            "mean": -24.9211959839,
            "min": -32.4834518433,
            "stdev": 2.6297454834
        },
        "short_term": {
            "max": -21.1181926727,
            "mean": -24.5192012787,
            "min": -27.6885471344,
            "stdev": 1.37141346931
        }
    },
    "melbands_crest": {
        "max": 29.9717597961,
        "mean": 15.6262960434,
        "min": 3.73304319382,
        "stdev": 4.71653318405
    },
    "melbands_flatness_db": {
        "max": 0.416059494019,
        "mean": 0.225253090262,
        "min": 0.0362212397158,
        "stdev": 0.0604763180017
    },
    "melbands_kurtosis": {
        "max": 233.052825928,
        "mean": 31.6244125366,
        "min": -0.972994327545,
        "stdev": 26.8477611542
    },
    "melbands_skewness": {
        "max": 11.9733581543,
        "mean": 4.10198640823,
        "min": -0.517376363277,
        "stdev": 1.71289050579
    },
    "melbands_spread": {
        "max": 157.496734619,
        "mean": 14.589600563,
        "min": 1.07585263252,
        "stdev": 17.1496334076
    },
    "pitch_salience": {
        "max": 0.840746819973,
        "mean": 0.567703902721,
        "min": 0.180120185018,
        "stdev": 0.115552328527
    },
    "silence_rate_20dB": {
        "max": 1,
        "mean": 1,
        "min": 1,
        "stdev": 0
    },
    "silence_rate_30dB": {
        "max": 1,
        "mean": 1,
        "min": 1,
        "stdev": 0
    },
    "silence_rate_60dB": {
        "max": 1,
        "mean": 0.0233222283423,
        "min": 0,
        "stdev": 0.150925934315
    },
    "spectral_centroid": {
        "max": 3710.03955078,
        "mean": 821.243225098,
        "min": 213.584182739,
        "stdev": 583.254455566
    },
    "spectral_complexity": {
        "max": 42,
        "mean": 10.8800573349,
        "min": 1,
        "stdev": 5.08367729187
    },
    "spectral_decrease": {
        "max": -1.69517955229e-10,
        "mean": -5.45510170369e-09,
        "min": -3.68566901443e-08,
        "stdev": 4.60146853953e-09
    },
    "spectral_energy": {
        "max": 0.142394900322,
        "mean": 0.0217579193413,
        "min": 0.000689624866936,
        "stdev": 0.018131101504
    },
    "spectral_energyband_high": {
        "max": 0.00640153512359,
        "mean": 0.00059440091718,
        "min": 4.70778195449e-06,
        "stdev": 0.000946574145928
    },
    "spectral_energyband_low": {
        "max": 0.0427919104695,
        "mean": 0.00343539286405,
        "min": 4.7147339501e-05,
        "stdev": 0.00396161200479
    },
    "spectral_energyband_middle_high": {
        "max": 0.049270350486,
        "mean": 0.0021831644699,
        "min": 1.87647619896e-05,
        "stdev": 0.00520011316985
    },
    "spectral_energyband_middle_low": {
        "max": 0.139686495066,
        "mean": 0.0172303300351,
        "min": 0.000336529599736,
        "stdev": 0.0159061569721
    },
    "spectral_entropy": {
        "max": 8.63103961945,
        "mean": 7.36194419861,
        "min": 5.59883642197,
        "stdev": 0.493540287018
    },
    "spectral_flux": {
        "max": 0.307502627373,
        "mean": 0.0621102452278,
        "min": 0.0125015489757,
        "stdev": 0.0347707495093
    },
    "spectral_kurtosis": {
        "max": 16.3331928253,
        "mean": 3.70164394379,
        "min": -1.05524873734,
        "stdev": 2.52281761169
    },
    "spectral_rms": {
        "max": 0.0117865111679,
        "mean": 0.00424081319943,
        "min": 0.000820246757939,
        "stdev": 0.00180076202378
    },
    "spectral_rolloff": {
        "max": 11347.9980469,
        "mean": 1138.93615723,
        "min": 172.265625,
        "stdev": 1738.18286133
    },
    "spectral_skewness": {
        "max": 3.16641497612,
        "mean": 1.59469199181,
        "min": 0.0976519212127,
        "stdev": 0.498920112848
    },
    "spectral_spread": {
        "max": 25551522,
        "mean": 5420776,
        "min": 2656172.25,
        "stdev": 1753498.125
    },
    "spectral_strongpeak": {
        "max": 11.0040979385,
        "mean": 0.847035050392,
        "min": 0.013865089044,
        "stdev": 0.912740588188
    },
    "zerocrossingrate": {
        "max": 0.2861328125,
        "mean": 0.0534485541284,
        "min": 0.00830078125,
        "stdev": 0.0412328056991
    },
    "barkbands": {
        "max": [0.000763447023928, 0.00681034848094, 0.0196555964649, 0.0678234100342, 0.124241568148, 0.0432352535427, 0.0404963716865, 0.0338472649455, 0.0159481652081, 0.0223945546895, 0.0299780908972, 0.0352675840259, 0.0229236688465, 0.0187440831214, 0.02040653117, 0.0111084282398, 0.0124507136643, 0.00817283987999, 0.00103210576344, 0.00211742171086, 0.00149095547386, 0.00297686364502, 0.00259923445992, 0.00283004390076, 0.00116853951477, 0.000932398601435, 5.48319221707e-05],
        "mean": [3.0132552638e-05, 0.000600273197051, 0.00123121356592, 0.00385687034577, 0.00753029203042, 0.00309724523686, 0.00127746828366, 0.00080361100845, 0.000391969515476, 0.000440272386186, 0.000304535904434, 0.000247255753493, 0.000232926540775, 0.000202217153856, 0.000249805976637, 0.000189667116501, 0.000246586510912, 0.00013385611237, 5.71456657781e-05, 8.20961286081e-05, 7.84738658695e-05, 0.000150037667481, 0.000117751216749, 0.000120114920719, 6.02869367867e-05, 2.56330313277e-05, 2.01609211103e-07],
        "min": [7.52394857528e-09, 2.60673891717e-06, 1.82033147667e-06, 5.35950903213e-06, 4.95225831401e-05, 1.63706663443e-05, 6.90644583301e-06, 1.21632069749e-06, 2.28304088523e-06, 1.65688356901e-06, 1.43651664075e-06, 8.12190421584e-07, 1.40286272199e-06, 1.44759997056e-06, 2.45979151714e-07, 9.82782012215e-07, 1.14579552246e-06, 5.45038290056e-07, 1.31763022182e-06, 1.74907040673e-06, 8.87077987954e-07, 5.32719582225e-07, 4.07823051773e-07, 3.60565962865e-07, 1.31486189048e-07, 1.67298341847e-10, 1.34858124667e-10],
        "stdev": [4.54030232504e-05, 0.000781003094744, 0.00164676678833, 0.00616029649973, 0.00980552192777, 0.00469145132229, 0.00305739208125, 0.00297544058412, 0.00107916817069, 0.00170548679307, 0.00122262991499, 0.00137258146424, 0.00128178368323, 0.00103287165985, 0.00108744890895, 0.000613434647676, 0.000802799477242, 0.000413197412854, 9.17355355341e-05, 0.000186927194591, 0.000157518763444, 0.00029855108005, 0.000215431136894, 0.000219503112021, 0.000111041976197, 6.99074953445e-05, 2.03776130547e-06]
    },
    "erbbands": {
        "max": [0.136746376753, 2.04432201385, 18.1963768005, 118.145378113, 419.742950439, 332.700866699, 527.153564453, 407.962127686, 602.684814453, 1029.21875, 713.539367676, 431.011871338, 807.805786133, 932.143249512, 1057.84362793, 1068.44543457, 689.487609863, 722.249694824, 900.867797852, 434.377746582, 755.084594727, 532.059814453, 375.673950195, 45.151550293, 63.9081878662, 95.7747573853, 64.5376052856, 85.6638259888, 112.255447388, 88.7813415527, 86.4365921021, 75.8113937378, 40.1246643066, 13.7116584778, 8.74785709381, 5.56220006943, 3.06376028061, 0.372026264668, 0.00643964065239, 0.000219180932618],
        "mean": [0.00779070658609, 0.184467688203, 1.33845698833, 7.37223958969, 22.4410820007, 24.7885532379, 21.6788482666, 24.2839031219, 19.7863388062, 20.6723766327, 14.1709909439, 9.2653799057, 15.1947622299, 11.9526405334, 10.0769968033, 10.9363527298, 10.3029193878, 11.8045215607, 11.8730669022, 11.0774335861, 11.3510818481, 13.0593347549, 8.91042709351, 2.98469376564, 3.47482442856, 3.80986499786, 2.94912838936, 3.78086590767, 5.4479804039, 4.07880115509, 3.46738123894, 2.76830005646, 1.79667198658, 0.826378643513, 0.354870140553, 0.140560165048, 0.0453425832093, 0.00347735546529, 8.88877475518e-05, 2.97883143503e-05],
        "min": [6.95838753018e-05, 0.00095638318453, 0.0132013568655, 0.0276079438627, 0.199662953615, 0.0785707086325, 0.227686524391, 0.245795398951, 0.20740172267, 0.134641587734, 0.0570655725896, 0.118731662631, 0.147774532437, 0.0790934786201, 0.0764303505421, 0.0397932827473, 0.069541528821, 0.149533256888, 0.0473364628851, 0.0343896523118, 0.0369466133416, 0.0662815049291, 0.0416644401848, 0.102715156972, 0.0887693688273, 0.0819752290845, 0.0469514206052, 0.0509090721607, 0.0221286769956, 0.0150871295482, 0.0129399523139, 0.00732190115377, 0.00332399620675, 0.00176492019091, 0.000464589829789, 0.000117043950013, 4.75684737467e-06, 5.24101551491e-07, 6.77657737924e-07, 9.17484157981e-07],
        "stdev": [0.00981207191944, 0.24437135458, 1.77540409565, 10.5596790314, 32.7360305786, 38.3406295776, 40.2424354553, 42.6639022827, 41.2011566162, 67.0828399658, 43.9306869507, 27.2455711365, 63.1856689453, 50.4890289307, 42.3525924683, 51.9515037537, 46.8417053223, 54.3254852295, 57.9050979614, 31.2463035583, 35.6595726013, 38.5346412659, 24.5825080872, 4.54984855652, 5.94347858429, 8.89626502991, 6.48298692703, 7.93221664429, 11.1476240158, 7.44404983521, 6.52667188644, 5.446413517, 3.35182237625, 1.49433720112, 0.722383141518, 0.351129472256, 0.150837019086, 0.0169138722122, 0.000323401880451, 2.42291935137e-05]
    },
    "gfcc": {
        "mean": [-27.3058052063, 96.8528900146, -100.953689575, 40.9220657349, -75.1554794312, 11.3858880997, -60.987651825, -2.05023789406, -30.8634262085, -8.14187049866, -19.897233963, -3.17076158524, -10.2975645065],
        "cov": [[2422.75634766, -941.30657959, 116.380203247, -38.8627357483, -176.334457397, 171.371368408, -114.954780579, 77.3830795288, 30.3098087311, 72.4866256714, -189.719741821, 135.298721313, -140.484237671], [-941.30657959, 1090.7388916, -232.710983276, -126.139907837, 112.822486877, -144.668746948, 126.459434509, -76.9764251709, 64.617477417, -158.864089966, 154.896469116, -141.830352783, 88.8081054688], [116.380203247, -232.710983276, 554.230529785, 33.1636238098, -6.57220745087, 22.6130542755, -49.2160491943, 5.08421707153, -71.2267532349, 72.9438476562, -45.3914299011, 38.2179145813, -63.7376861572], [-38.8627357483, -126.139907837, 33.1636238098, 283.649688721, -13.0145998001, 3.46173191071, -29.1275959015, -4.65437459946, 27.7392082214, 8.01423835754, 13.7391672134, -4.00155544281, 43.823589325], [-176.334457397, 112.822486877, -6.57220745087, -13.0145998001, 186.242721558, -2.25730895996, 10.7016496658, 25.401638031, -15.7547416687, 0.0248790550977, 2.68664336205, 1.90549445152, -3.18717479706], [171.371368408, -144.668746948, 22.6130542755, 3.46173191071, -2.25730895996, 158.293426514, 37.3555755615, 22.0398368835, -7.6040558815, 18.1707687378, -13.7149477005, 18.0115718842, -17.4518947601], [-114.954780579, 126.459434509, -49.2160491943, -29.1275959015, 10.7016496658, 37.3555755615, 140.132736206, 22.3589820862, -10.1394519806, -16.5035152435, 11.6591739655, -16.4070339203, -1.32066965103], [77.3830795288, -76.9764251709, 5.08421707153, -4.65437459946, 25.401638031, 22.0398368835, 22.3589820862, 104.127052307, 5.99332237244, 11.5912103653, -17.510225296, 16.5831260681, -8.94097423553], [30.3098087311, 64.617477417, -71.2267532349, 27.7392082214, -15.7547416687, -7.6040558815, -10.1394519806, 5.99332237244, 92.6800384521, -6.39197349548, 11.5650339127, -9.74959945679, 18.2844429016], [72.4866256714, -158.864089966, 72.9438476562, 8.01423835754, 0.0248790550977, 18.1707687378, -16.5035152435, 11.5912103653, -6.39197349548, 95.2353439331, -15.2886428833, 24.3714752197, -24.6587257385], [-189.719741821, 154.896469116, -45.3914299011, 13.7391672134, 2.68664336205, -13.7149477005, 11.6591739655, -17.510225296, 11.5650339127, -15.2886428833, 88.0735397339, -0.621976971626, 25.2076721191], [135.298721313, -141.830352783, 38.2179145813, -4.00155544281, 1.90549445152, 18.0115718842, -16.4070339203, 16.5831260681, -9.74959945679, 24.3714752197, -0.621976971626, 90.8254776001, 3.2453725338], [-140.484237671, 88.8081054688, -63.7376861572, 43.823589325, -3.18717479706, -17.4518947601, -1.32066965103, -8.94097423553, 18.2844429016, -24.6587257385, 25.2076721191, 3.2453725338, 75.7208404541]],
        "icov": [[0.000828038726468, 0.000571846263483, 7.37142690923e-05, 0.000275358150247, 0.000378034776077, -0.000337604549713, 0.000218947301619, 4.27563600169e-06, -0.000922872510273, 0.000803911534604, 0.000649520370644, -0.000607860332821, 0.00100515119266], [0.000571846263483, 0.00554990628734, -0.000805572432, 0.00323565886356, -0.00311406701803, 0.00289381365292, -0.00387327512726, 0.00259384443052, -0.00438392115757, 0.00433712638915, -0.00562397809699, 0.00505221774802, -0.00309762172401], [7.37142690923e-05, -0.000805572432, 0.0026709032245, -0.00112331809942, 0.000777075183578, -0.000567108218092, 0.00135568680707, -0.000451215630164, 0.00226814532652, -0.00155723141506, 0.00148966955021, -0.0015307435533, 0.0023671600502], [0.000275358150247, 0.00323565886356, -0.00112331809942, 0.00621687388048, -0.00176144589204, 0.0011248937808, -0.00149936741218, 0.00135107606184, -0.00353319500573, 0.00172828161158, -0.00371947069652, 0.00399653892964, -0.00502618215978], [0.000378034776077, -0.00311406701803, 0.000777075183578, -0.00176144589204, 0.00811121892184, -0.00191531516612, 0.00273058400489, -0.00334750302136, 0.00332107394934, -0.00215382687747, 0.00369863281958, -0.00366394547746, 0.00300193112344], [-0.000337604549713, 0.00289381365292, -0.000567108218092, 0.0011248937808, -0.00191531516612, 0.0095398183912, -0.00495299138129, 0.00104287243448, -0.00193537434097, 0.00121272238903, -0.00305804004893, 0.00186174141709, -0.00119337451179], [0.000218947301619, -0.00387327512726, 0.00135568680707, -0.00149936741218, 0.00273058400489, -0.00495299138129, 0.0124219991267, -0.00438295397907, 0.00448640715331, -0.00177286879625, 0.00306261423975, -0.00217237160541, 0.00304321432486], [4.27563600169e-06, 0.00259384443052, -0.000451215630164, 0.00135107606184, -0.00334750302136, 0.00104287243448, -0.00438295397907, 0.0130014624447, -0.00396966421977, 0.00132287293673, -0.000501135073137, 0.000245818984695, -0.00109211308882], [-0.000922872510273, -0.00438392115757, 0.00226814532652, -0.00353319500573, 0.00332107394934, -0.00193537434097, 0.00448640715331, -0.00396966421977, 0.0172392781824, -0.00433013075963, 0.00253020622768, -0.00171428546309, 0.000344956497429], [0.000803911534604, 0.00433712638915, -0.00155723141506, 0.00172828161158, -0.00215382687747, 0.00121272238903, -0.00177286879625, 0.00132287293673, -0.00433013075963, 0.0170946177095, -0.00327643798664, 0.000400355987949, 0.00209393817931], [0.000649520370644, -0.00562397809699, 0.00148966955021, -0.00371947069652, 0.00369863281958, -0.00305804004893, 0.00306261423975, -0.000501135073137, 0.00253020622768, -0.00327643798664, 0.0213004555553, -0.0081500634551, 0.00223311595619], [-0.000607860332821, 0.00505221774802, -0.0015307435533, 0.00399653892964, -0.00366394547746, 0.00186174141709, -0.00217237160541, 0.000245818984695, -0.00171428546309, 0.000400355987949, -0.0081500634551, 0.0198334977031, -0.00798122677952], [0.00100515119266, -0.00309762172401, 0.0023671600502, -0.00502618215978, 0.00300193112344, -0.00119337451179, 0.00304321432486, -0.00109211308882, 0.000344956497429, 0.00209393817931, 0.00223311595619, -0.00798122677952, 0.0235784091055]]
    },
    "melbands": {
        "max": [0.00158387841657, 0.00703398883343, 0.0256040561944, 0.0308538470417, 0.0142348520458, 0.00950037129223, 0.00792305637151, 0.00961271580309, 0.00582071905956, 0.0028439911548, 0.00390961952507, 0.00381818809547, 0.0028598702047, 0.00440411409363, 0.00142710329965, 0.00269898865372, 0.00151807907969, 0.00193589890841, 0.00166660151444, 0.000647055567242, 0.00100821256638, 0.000784944917541, 0.000845148810185, 0.000185454278835, 3.94695016439e-05, 4.68118741992e-05, 5.49179858353e-05, 7.25139616407e-05, 5.75672456762e-05, 3.26873268932e-05, 5.41097615496e-05, 7.34053173801e-05, 5.61661654501e-05, 4.98527297168e-05, 4.86991521029e-05, 4.9561727792e-05, 5.22258742421e-05, 3.20124854625e-05, 2.66121169261e-05, 1.02569356386e-05],
        "mean": [0.000115554292279, 0.000581301923376, 0.00174420408439, 0.00175465049688, 0.00081533897901, 0.000562190252822, 0.000294829835184, 0.000217112436076, 0.000106289313408, 5.71173295612e-05, 7.36048168619e-05, 4.5110075007e-05, 3.5299690353e-05, 2.91676678899e-05, 2.29888064496e-05, 2.49180684477e-05, 2.13739513129e-05, 1.72338914126e-05, 1.93631913135e-05, 1.44180539792e-05, 1.2885840988e-05, 1.40653683047e-05, 1.18502712212e-05, 4.88609657623e-06, 2.00996169042e-06, 2.31541980611e-06, 2.73063415079e-06, 2.48919081969e-06, 1.88787134903e-06, 1.70720579717e-06, 2.36752157434e-06, 3.10768677991e-06, 2.90565435535e-06, 2.01102716346e-06, 2.02306864594e-06, 1.82177802799e-06, 1.64869254604e-06, 1.33697938054e-06, 9.60796683103e-07, 6.06118362612e-07],
        "min": [4.92778497119e-07, 4.79136315334e-06, 1.1132246982e-05, 1.37631477628e-05, 7.05041065885e-06, 3.44551835951e-06, 2.70429563898e-06, 1.07478638256e-06, 4.62952584712e-07, 4.04285003697e-07, 6.46966327622e-07, 1.26100147213e-07, 3.40968114187e-07, 7.07820149159e-08, 1.3639683516e-07, 1.98811889618e-07, 2.57025533301e-07, 8.62913793753e-08, 1.8425716064e-08, 8.08988502854e-08, 2.68754742905e-08, 5.96542619746e-08, 6.15512618651e-08, 3.01147871085e-08, 4.33921414356e-08, 3.51061189008e-08, 2.79658696201e-08, 3.48557875895e-08, 3.10413064142e-08, 1.52133985409e-08, 1.77010175406e-08, 1.11875886333e-08, 6.0950005043e-09, 7.88713627742e-09, 5.74689096311e-09, 7.00082525285e-09, 3.33292904386e-09, 2.34327401927e-09, 1.13122178291e-09, 1.16934317784e-09],
        "stdev": [0.000140272677527, 0.000705345766619, 0.00231860089116, 0.00226055132225, 0.001359523274, 0.000913877214771, 0.000616123958025, 0.00073875754606, 0.000330891634803, 0.000176733505214, 0.000311395211611, 0.000198978450499, 0.000141697833897, 0.000172788699274, 7.96742460807e-05, 0.000154470093548, 9.91196502582e-05, 9.47050357354e-05, 8.44871101435e-05, 4.18107010773e-05, 4.51830492239e-05, 4.6155826567e-05, 4.33437417087e-05, 1.20193781186e-05, 3.00726060232e-06, 4.04372667617e-06, 5.55288488613e-06, 6.47234901408e-06, 4.7891307986e-06, 3.49782430931e-06, 5.372191481e-06, 6.72796750223e-06, 5.76138654651e-06, 3.67381539945e-06, 3.84068016501e-06, 3.70352859136e-06, 3.32923673341e-06, 2.59899752564e-06, 1.837987611e-06, 1.13264127322e-06]
    },
    "melbands128": {
        "max": [0.000252982834354, 0.000835439772345, 0.00215544993989, 0.00436671311036, 0.00844494812191, 0.00978044513613, 0.0247720479965, 0.0407399982214, 0.0533475540578, 0.0439511574805, 0.0257481019944, 0.0218343548477, 0.0268521755934, 0.0161418039352, 0.0140813067555, 0.0215107351542, 0.020032858476, 0.0114127472043, 0.0161655694246, 0.0201498530805, 0.0138128306717, 0.00615608599037, 0.0109016494825, 0.00241068028845, 0.00546848773956, 0.0063631744124, 0.00646737916395, 0.00777808856219, 0.00700981449336, 0.00557690579444, 0.00556288799271, 0.00845852866769, 0.00567435147241, 0.00422770669684, 0.0114377671853, 0.00666746404022, 0.0045202174224, 0.00288103800267, 0.00384193565696, 0.00354871759191, 0.0063116918318, 0.00395297119394, 0.0032273218967, 0.00388082116842, 0.00467617530376, 0.00287893391214, 0.0030247697141, 0.00326141924597, 0.000882650550921, 0.000846547773108, 0.000986230908893, 0.00118123902939, 0.00217283237725, 0.00122906977776, 0.00228520389646, 0.000750479171984, 0.000674324983265, 0.00133157277014, 0.00109920848627, 0.000659273238853, 0.000287825212581, 6.70537046972e-05, 4.99093839608e-05, 4.07186853408e-05, 0.000148094753968, 7.31691179681e-05, 9.46878717514e-05, 8.45393442432e-05, 9.21970276977e-05, 0.000152871783939, 0.00010127582209, 0.000101725083368, 0.00015919219004, 7.10716922185e-05, 6.70370063744e-05, 5.03263472638e-05, 5.13877203048e-05, 0.000101033147075, 7.03359910403e-05, 9.73393107415e-05, 6.87487263349e-05, 8.71722149896e-05, 7.81845010351e-05, 0.000114511669381, 7.16438735253e-05, 7.91182101239e-05, 3.93657501263e-05, 5.11755970365e-05, 5.39718676009e-05, 5.7205252233e-05, 7.4175572081e-05, 5.40259970876e-05, 5.64489200769e-05, 5.64421497984e-05, 6.75038099871e-05, 4.85949167341e-05, 3.76924908778e-05, 2.54847727774e-05, 4.86320568598e-05, 1.93348550965e-05, 1.45746098497e-05, 1.09242400868e-05, 1.61150510394e-05, 1.42250082718e-05, 1.20000067909e-05, 1.05898370748e-05, 1.18912712423e-05, 1.04073606053e-05, 1.123988568e-05, 9.75141210802e-06, 9.41369398788e-06, 1.00145680335e-05, 1.89831225725e-05, 1.51323456521e-05, 5.68165523873e-06, 5.62590093978e-06, 1.77746824193e-06, 6.30327363638e-08, 8.98409666661e-08, 5.35647650679e-08, 5.43517693075e-08, 3.81240852221e-08, 1.56678297003e-08, 1.53357699872e-08, 1.5072336268e-08, 1.48571865921e-08, 1.46742786811e-08, 1.457406551e-08],
        "mean": [1.82028834388e-05, 3.81858262699e-05, 0.000109632055683, 0.000345724227373, 0.000600042520091, 0.000591831048951, 0.00131502747536, 0.00212656171061, 0.00245527876541, 0.00181347539183, 0.00135545409285, 0.000865485752001, 0.000706114806235, 0.000702847319189, 0.000552803219762, 0.000511747668497, 0.000422881217673, 0.000175380759174, 0.000261128239799, 0.000242252703174, 0.000207231118111, 0.00010144769476, 0.000120932250866, 7.04370831954e-05, 4.5954293455e-05, 5.29395329067e-05, 6.91352688591e-05, 0.000111727596959, 3.45358712366e-05, 3.43636638718e-05, 6.00437560934e-05, 4.61179770355e-05, 2.86336562567e-05, 3.52010247298e-05, 2.10682737816e-05, 3.3246808016e-05, 3.21540937875e-05, 2.12456434383e-05, 1.98459511012e-05, 1.78039317689e-05, 3.45176995324e-05, 1.98639281734e-05, 2.31358771998e-05, 2.16307798837e-05, 1.30568350869e-05, 1.31874057843e-05, 2.4978964575e-05, 2.79034138657e-05, 1.21421580843e-05, 9.51334277488e-06, 1.80190654646e-05, 1.52922948473e-05, 1.0887033568e-05, 1.12912775876e-05, 1.82945968845e-05, 1.33896319312e-05, 1.16617457024e-05, 1.42644194057e-05, 1.13295564006e-05, 8.06177740742e-06, 4.8887459343e-06, 2.09852646549e-06, 2.5516255846e-06, 1.59665614774e-06, 1.90909804587e-06, 2.37699805439e-06, 2.45127739618e-06, 2.85360647467e-06, 2.63137735601e-06, 2.87262651e-06, 2.38842062572e-06, 2.51022493103e-06, 2.13567432183e-06, 1.81562711532e-06, 1.46619856878e-06, 1.68271469647e-06, 1.76140838448e-06, 1.99025998882e-06, 2.41618249675e-06, 2.78333095594e-06, 2.95454992738e-06, 3.4256336221e-06, 3.11559278998e-06, 3.13917462336e-06, 2.43229123953e-06, 1.9563776732e-06, 1.8783825908e-06, 2.04411026061e-06, 2.03269883059e-06, 2.04515822588e-06, 1.88000603885e-06, 1.73362548139e-06, 1.76372884653e-06, 1.70776104369e-06, 1.53761050115e-06, 1.45590558986e-06, 1.32526542984e-06, 1.11788381219e-06, 1.055314101e-06, 8.25316988085e-07, 6.63005209844e-07, 5.90524507516e-07, 5.10603456405e-07, 4.39490776216e-07, 3.93859068026e-07, 3.79872886924e-07, 2.6542917908e-07, 2.57136349546e-07, 2.33949833728e-07, 2.15817777871e-07, 2.06024367344e-07, 2.05217389748e-07, 1.426225964e-07, 9.60150998708e-08, 4.22460146865e-08, 3.7001360198e-08, 7.53785212027e-09, 1.39455419434e-10, 1.89641524706e-10, 1.64680491466e-10, 9.82731951371e-11, 8.46464565107e-11, 1.62996317832e-11, 1.11976651909e-11, 1.0817454571e-11, 1.03061188056e-11, 9.997525377e-12, 9.90425710196e-12],
        "min": [4.42554526359e-09, 7.41133732163e-08, 1.20408785165e-07, 3.22824121213e-07, 1.55394718604e-06, 5.75256308366e-07, 7.37494076475e-07, 2.30291448133e-06, 8.73150929692e-06, 3.62281025446e-06, 1.40178269703e-06, 1.28504234453e-06, 8.30228202631e-07, 2.41904695031e-06, 1.17075796879e-06, 3.12723898332e-07, 4.47919575208e-07, 2.32005277212e-07, 6.04696879236e-07, 3.88013546626e-07, 8.12776477233e-08, 1.94273525267e-07, 1.57166113013e-07, 8.10759388514e-08, 2.45263919396e-07, 9.26216259245e-08, 1.16236094527e-07, 2.06934856806e-07, 4.55321895743e-08, 5.01821384447e-09, 2.46694078498e-08, 1.06073770212e-07, 7.33069427383e-08, 4.86719464732e-08, 4.46339250004e-08, 1.99748093621e-08, 1.18596382492e-07, 9.95742936993e-08, 3.0582306465e-08, 3.08830543361e-08, 1.20796883607e-07, 5.94834581591e-08, 5.26800967293e-08, 9.4209291035e-08, 4.26041850687e-08, 2.70373856637e-08, 2.90023240979e-08, 8.07197597652e-09, 7.57062856849e-09, 1.42479033016e-08, 8.9533891412e-08, 9.88384485368e-08, 2.38415083231e-08, 4.50247616968e-09, 5.38851185894e-09, 4.18750651932e-08, 6.20372730964e-08, 4.06856273116e-08, 1.97731377938e-08, 1.57683999191e-08, 2.46331026688e-08, 1.25489112435e-08, 2.80192562485e-08, 1.99737009154e-08, 1.75890271237e-08, 1.31684165794e-08, 2.13620339196e-08, 1.29489254874e-08, 1.15654090749e-08, 1.73185039642e-08, 1.97174454541e-08, 1.4057505382e-08, 8.59241922058e-09, 6.96787916254e-09, 7.46859729617e-09, 6.54171739001e-09, 1.14729736822e-08, 7.83624809486e-09, 6.5821543771e-09, 5.29866550636e-09, 6.06058714325e-09, 3.71917097119e-09, 5.63427704492e-09, 3.77698228249e-09, 6.00655214456e-09, 4.36535607662e-09, 3.1870326378e-09, 2.13508410951e-09, 4.07456401952e-10, 1.2950297501e-09, 5.63509106044e-09, 1.03358399617e-09, 9.33067512143e-10, 6.96142088419e-10, 1.82538942295e-10, 6.21092011155e-10, 1.2532153093e-10, 8.70767000172e-11, 3.91428174595e-11, 3.14263753909e-11, 2.55597782522e-11, 2.76708413127e-11, 2.30751286134e-11, 7.49913603437e-11, 1.23656475684e-11, 1.03976176627e-11, 7.14109544067e-12, 1.37437424722e-12, 9.55050925497e-13, 1.17326059892e-12, 6.08680152722e-13, 6.09179319402e-13, 4.92315064583e-13, 4.66396940599e-13, 3.30793498062e-13, 4.77283848294e-13, 4.49918612566e-13, 3.80961321517e-13, 3.65801003854e-13, 3.60447321946e-13, 3.89713923025e-13, 3.90605597997e-13, 4.46164589649e-13, 3.69527813297e-13, 3.16538678949e-13, 1.04910383766e-13, 1.53376355399e-14, 3.98165227502e-16],
        "stdev": [2.62459943769e-05, 6.03776825301e-05, 0.000166827405337, 0.000497885805089, 0.000985439983197, 0.000786318443716, 0.00212473282591, 0.00361625989899, 0.00420820107684, 0.002946178196, 0.00269515323453, 0.00207052030601, 0.0018398744287, 0.00126620766241, 0.00139951042365, 0.001235418953, 0.00115959288087, 0.000557685096283, 0.000971411471255, 0.000993684399873, 0.00105482898653, 0.0004070289433, 0.000490519159939, 0.000200891619897, 0.000239816232352, 0.000240905486862, 0.000343951018294, 0.000553081394173, 0.000202228096896, 0.000203882256756, 0.000345113512594, 0.000254337413935, 0.000177185793291, 0.000192161634914, 0.000281850137981, 0.000249846139923, 0.000185959725059, 8.69171999511e-05, 0.000116471157526, 0.000115731781989, 0.000306183530483, 0.000175096254679, 0.000153235188918, 0.000119594536955, 0.000140823205584, 0.000121850280266, 0.000175072258571, 0.000165445890161, 4.24968311563e-05, 3.68790570064e-05, 7.00898162904e-05, 5.72596327402e-05, 7.24693090888e-05, 5.13895429322e-05, 0.000101347519376, 4.83409930894e-05, 4.00812714361e-05, 6.50024521747e-05, 5.2254399634e-05, 2.6571282433e-05, 1.63883687492e-05, 5.36670131623e-06, 3.87350746678e-06, 2.64291043095e-06, 6.04220895184e-06, 4.57595660919e-06, 5.71525924897e-06, 6.62192269374e-06, 6.19314960204e-06, 9.17077250051e-06, 6.85150507707e-06, 7.86924465501e-06, 7.92579521658e-06, 5.1321248975e-06, 3.560832738e-06, 3.75053377866e-06, 4.083366548e-06, 4.83869507661e-06, 6.21711615167e-06, 7.30200190446e-06, 6.77975140206e-06, 8.43832822284e-06, 6.73704880683e-06, 7.03531713953e-06, 5.39065740668e-06, 4.2474835027e-06, 3.44336581293e-06, 3.96511586587e-06, 4.18972649641e-06, 4.46237709184e-06, 4.1506841626e-06, 3.98888869313e-06, 3.96342102249e-06, 3.83908991353e-06, 3.31628348249e-06, 3.04825903186e-06, 2.9123564218e-06, 2.29960619436e-06, 2.31783383242e-06, 1.61515583841e-06, 1.28025044432e-06, 1.18089315038e-06, 1.09796985726e-06, 1.01090847693e-06, 8.66431776103e-07, 8.38611697418e-07, 7.3495863262e-07, 6.7318450192e-07, 6.39722202322e-07, 6.1203451196e-07, 5.69446342524e-07, 6.80536345499e-07, 7.19755689715e-07, 5.42589248198e-07, 2.81908484112e-07, 2.58822609567e-07, 6.97527440252e-08, 1.93189153563e-09, 2.88856494279e-09, 2.13464868004e-09, 1.63922497798e-09, 1.44837086768e-09, 3.69503094788e-10, 3.35198480084e-10, 3.29446359082e-10, 3.24749144243e-10, 3.20756532446e-10, 3.18565757107e-10]
    },
    "mfcc": {
        "mean": [-669.229125977, 118.661689758, 26.2221813202, 22.5249042511, 9.25723934174, 3.04134368896, -13.7821121216, -2.30520749092, -10.5619888306, -9.80212974548, -10.6384210587, -5.61691761017, -5.1427025795],
        "cov": [[2389.69750977, -837.527099609, 69.3251419067, -199.582061768, -34.3571090698, 42.7163619995, -169.534118652, 79.2815628052, 78.5489044189, -6.67127990723, 28.8388290405, 44.7681541443, -48.8743095398], [-837.527099609, 1015.45428467, -223.55947876, -23.0217781067, -32.570110321, -71.1704483032, 68.7079849243, 27.160993576, -60.0220375061, 12.9995307922, -6.97585630417, -22.2528743744, 18.3187541962], [69.3251419067, -223.55947876, 463.304107666, 38.1482429504, 17.9394550323, 28.4851016998, -3.36495757103, -44.7369689941, -8.18512248993, -12.3805971146, -11.7262296677, 14.2009735107, 9.37422275543], [-199.582061768, -23.0217781067, 38.1482429504, 220.413040161, 43.9503211975, -15.2642021179, -9.96866512299, -29.4426841736, 10.0543403625, -7.57399463654, -32.6345100403, 24.1678295135, 28.2705421448], [-34.3571090698, -32.570110321, 17.9394550323, 43.9503211975, 163.428726196, 1.83218038082, -10.1124753952, -10.3261852264, 4.76590108871, -8.7286233902, -5.95846700668, 8.9214925766, 8.27865505219], [42.7163619995, -71.1704483032, 28.4851016998, -15.2642021179, 1.83218038082, 109.971481323, 21.2034435272, -2.02188682556, 2.35146856308, 1.04625403881, 19.5824794769, -7.86596727371, -11.8047361374], [-169.534118652, 68.7079849243, -3.36495757103, -9.96866512299, -10.1124753952, 21.2034435272, 144.500762939, 28.832452774, 1.31630325317, 11.6252183914, 8.37527370453, -9.65345859528, 8.76677417755], [79.2815628052, 27.160993576, -44.7369689941, -29.4426841736, -10.3261852264, -2.02188682556, 28.832452774, 105.379188538, 19.9989452362, 9.91702365875, 0.656841576099, 3.08051514626, 4.72773742676], [78.5489044189, -60.0220375061, -8.18512248993, 10.0543403625, 4.76590108871, 2.35146856308, 1.31630325317, 19.9989452362, 81.0585174561, 22.0412845612, -0.00972091127187, -0.401426643133, -2.94830513], [-6.67127990723, 12.9995307922, -12.3805971146, -7.57399463654, -8.7286233902, 1.04625403881, 11.6252183914, 9.91702365875, 22.0412845612, 79.3340911865, 18.7896347046, -2.33276438713, -1.94231069088], [28.8388290405, -6.97585630417, -11.7262296677, -32.6345100403, -5.95846700668, 19.5824794769, 8.37527370453, 0.656841576099, -0.00972091127187, 18.7896347046, 64.7870407104, 2.67909812927, -12.5503110886], [44.7681541443, -22.2528743744, 14.2009735107, 24.1678295135, 8.9214925766, -7.86596727371, -9.65345859528, 3.08051514626, -0.401426643133, -2.33276438713, 2.67909812927, 64.0575408936, 19.1541652679], [-48.8743095398, 18.3187541962, 9.37422275543, 28.2705421448, 8.27865505219, -11.8047361374, 8.76677417755, 4.72773742676, -2.94830513, -1.94231069088, -12.5503110886, 19.1541652679, 63.1955718994]],
        "icov": [[0.000805191579275, 0.000632911920547, 7.07256112946e-05, 0.000766422017477, 0.000123807651107, -8.5964511527e-06, 0.000785974028986, -0.000676004448906, -0.000270014978014, 7.87209501141e-05, 6.45779800834e-05, -0.000572083808947, 0.000185661934665], [0.000632911920547, 0.00179432961158, 0.000627504778095, 0.000583185057621, 0.000191345709027, 0.000757246918511, -2.33532173297e-05, -0.000605778768659, 0.000897721969523, -0.000293678313028, 0.000178554430022, -5.87910290051e-05, -0.000133538094815], [7.07256112946e-05, 0.000627504778095, 0.00260911067016, -8.80211809999e-05, -3.8179623516e-05, -0.00040854740655, -0.000326602486894, 0.000883524131496, 0.00047331690439, -5.2166677051e-05, 0.000594426877797, -0.000449645274784, -0.000292140350211], [0.000766422017477, 0.000583185057621, -8.80211809999e-05, 0.00660243956372, -0.00105227727909, 0.000206714947126, 0.000517305627, 0.00123175268527, -0.0014286711812, -9.69517495832e-05, 0.00265833246522, -0.00233758613467, -0.00133750203531], [0.000123807651107, 0.000191345709027, -3.8179623516e-05, -0.00105227727909, 0.00659006554633, -0.000278375227936, 0.000418059440563, 0.000128211133415, -0.000470856961329, 0.000681015371811, -0.000196090113604, -0.000361066457117, -0.000396746268962], [-8.5964511527e-06, 0.000757246918511, -0.00040854740655, 0.000206714947126, -0.000278375227936, 0.0108198234811, -0.00189660629258, 0.000259678461589, 3.97501171392e-05, 0.000654504576232, -0.00295771029778, 0.00116193853319, 0.0011256383732], [0.000785974028986, -2.33532173297e-05, -0.000326602486894, 0.000517305627, 0.000418059440563, -0.00189660629258, 0.00902530550957, -0.00291445991024, -0.000164856552146, -0.000581749947742, -0.00084012595471, 0.000991725595668, -0.00150438630953], [-0.000676004448906, -0.000605778768659, 0.000883524131496, 0.00123175268527, 0.000128211133415, 0.000259678461589, -0.00291445991024, 0.0123316403478, -0.00281542469747, -0.000355436146492, 0.00114402489271, -0.00117374130059, -0.00107514380943], [-0.000270014978014, 0.000897721969523, 0.00047331690439, -0.0014286711812, -0.000470856961329, 3.97501171392e-05, -0.000164856552146, -0.00281542469747, 0.0154460407794, -0.00439482601359, 0.00101264903788, 0.000719722476788, 0.000970961002167], [7.87209501141e-05, -0.000293678313028, -5.2166677051e-05, -9.69517495832e-05, 0.000681015371811, 0.000654504576232, -0.000581749947742, -0.000355436146492, -0.00439482601359, 0.015184238553, -0.00472062872723, 0.000692880304996, -0.000548387877643], [6.45779800834e-05, 0.000178554430022, 0.000594426877797, 0.00265833246522, -0.000196090113604, -0.00295771029778, -0.00084012595471, 0.00114402489271, 0.00101264903788, -0.00472062872723, 0.0199793819338, -0.00358810019679, 0.00318244821392], [-0.000572083808947, -5.87910290051e-05, -0.000449645274784, -0.00233758613467, -0.000361066457117, 0.00116193853319, 0.000991725595668, -0.00117374130059, 0.000719722476788, 0.000692880304996, -0.00358810019679, 0.0192195754498, -0.00558143295348], [0.000185661934665, -0.000133538094815, -0.000292140350211, -0.00133750203531, -0.000396746268962, 0.0011256383732, -0.00150438630953, -0.00107514380943, 0.000970961002167, -0.000548387877643, 0.00318244821392, -0.00558143295348, 0.0195513833314]]
    },
    "spectral_contrast_coeffs": {
        "max": [-0.366486251354, -0.47194942832, -0.531027972698, -0.563076853752, -0.556632399559, -0.561570823193],
        "mean": [-0.634145736694, -0.730032980442, -0.784255445004, -0.807793438435, -0.802246212959, -0.770419120789],
        "min": [-0.839781999588, -0.901904463768, -0.924991726875, -0.899585127831, -0.881432116032, -0.874989748001],
        "stdev": [0.0753827467561, 0.0723887458444, 0.0571165755391, 0.0500583536923, 0.0417948588729, 0.0399847701192]
    },
    "spectral_contrast_valleys": {
        "max": [-5.29523038864, -5.53190898895, -5.79845952988, -5.70107316971, -6.41546916962, -8.15441322327],
        "mean": [-6.70167541504, -6.97130060196, -7.83473920822, -8.06231880188, -8.06610870361, -10.3149881363],
        "min": [-8.42410469055, -8.5260925293, -9.27980804443, -9.81078529358, -9.3631734848, -12.535610199],
        "stdev": [0.509436249733, 0.439684361219, 0.476662099361, 0.460499465466, 0.511731386185, 0.962594211102]
    }
},
"rhythm": {
    "beats_count": 146,
    "beats_loudness": {
        "max": 0.125503778458,
        "mean": 0.0286516882479,
        "min": 0.00272679049522,
        "stdev": 0.0197404138744
    },
    "bpm": 178.205841064,
    "bpm_histogram_first_peak_bpm": 178,
    "bpm_histogram_first_peak_weight": 0,
    "bpm_histogram_second_peak_bpm": 185,
    "bpm_histogram_second_peak_spread": 0,
    "bpm_histogram_second_peak_weight": 0.324137926102,
    "danceability": 1.04136359692,
    "onset_rate": 3.4453125,
    "beats_loudness_band_ratio": {
        "max": [0.83942848444, 0.95828294754, 0.634590566158, 0.637151300907, 0.311792910099, 0.475397020578],
        "mean": [0.404383510351, 0.476666897535, 0.128196939826, 0.044975426048, 0.0341062694788, 0.0467254444957],
        "min": [0.0173658765852, 0.0640710368752, 0.008250458166, 0.00220024399459, 0.00185096892528, 0.00183980271686],
        "stdev": [0.21280066669, 0.201600000262, 0.120613500476, 0.0856425762177, 0.0516328960657, 0.087873019278]
    },
