{
"metadata": {
    "version": {
        "essentia": "2.1-beta5",
        "essentia_git_sha": "Undefined",
        "extractor": "music 2.0"
    },
    "audio_properties": {
        "analysis": {
            "equal_loudness": 0,
            "length": 34.9228134155,
            "sample_rate": 44100,
            "start_time": 158.987030029,
            "downmix": "mix"
        },
        "bit_rate": 192000,
        "length": 193.933059692,
        "lossless": 0,
        "number_channels": 2,
        "replay_gain": -1.74838638306,
        "sample_rate": 48000,
        "codec": "mp3",
        "md5_encoded": "03b043b1a1818dcc5ad25d7d584a7152"
    },
    "tags": {
        "file_name": "Romania_De La Capăt All Over Again_Voltaj.mp3",
        "encoding": ["Lavf58.29.100"]
    }
},
"lowlevel": {
    "average_loudness": 0.82289403677,
    "barkbands_crest": {
        "max": 22.6562900543,
        "mean": 9.60057258606,
        "min": 2.99393153191,
        "stdev": 3.54806637764
    },
    "barkbands_flatness_db": {
        "max": 0.28730943799,
        "mean": 0.167780146003,
        "min": 0.0487508997321,
        "stdev": 0.0359650552273
    },
    "barkbands_kurtosis": {
        "max": 51.1078834534,
        "mean": 3.03970074654,
        "min": -1.78982532024,
        "stdev": 4.89930009842
    },
    "barkbands_skewness": {
        "max": 5.54273509979,
        "mean": 1.22285270691,
        "min": -1.20896804333,
        "stdev": 0.799300253391
    },
    "barkbands_spread": {
        "max": 87.8593902588,
        "mean": 14.6433544159,
        "min": 2.40041804314,
        "stdev": 9.96636486053
    },
    "dissonance": {
        "max": 0.499997645617,
        "mean": 0.453978508711,
        "min": 0.224156647921,
        "stdev": 0.0401742570102
    },
    "dynamic_complexity": 2.25271558762,
    "erbbands_crest": {
        "max": 27.9139785767,
        "mean": 11.1561603546,
        "min": 3.5663383007,
        "stdev": 4.85985660553
    },
    "erbbands_flatness_db": {
        "max": 0.319384604692,
        "mean": 0.213650807738,
        "min": 0.0754858627915,
        "stdev": 0.04359074682
    },
    "erbbands_kurtosis": {
        "max": 28.8392066956,
        "mean": 1.68549323082,
        "min": -1.72377049923,
        "stdev": 4.05290126801
    },
    "erbbands_skewness": {
        "max": 4.78618240356,
        "mean": 0.825787305832,
        "min": -1.34868562222,
        "stdev": 0.813898324966
    },
    "erbbands_spread": {
        "max": 139.946212769,
        "mean": 24.7785243988,
        "min": 7.04091787338,
        "stdev": 14.3759975433
    },
    "hfc": {
        "max": 122.106452942,
        "mean": 20.4328861237,
        "min": 0.744792461395,
        "stdev": 17.0198135376
    },
    "loudness_ebu128": {
        "integrated": -21.52277565,
        "loudness_range": 5.20174217224,
        "momentary": {
            "max": -16.2790374756,
            "mean": -22.1320533752,
            "min": -27.9358329773,
            "stdev": 2.31635642052
        },
        "short_term": {
            "max": -17.8584365845,
            "mean": -21.805727005,
            "min": -25.7609901428,
            "stdev": 1.65766942501
        }
    },
    "melbands_crest": {
        "max": 29.9075870514,
        "mean": 12.7535476685,
        "min": 4.45511770248,
        "stdev": 4.75348806381
    },
    "melbands_flatness_db": {
        "max": 0.369115412235,
        "mean": 0.192818805575,
        "min": 0.0579730346799,
        "stdev": 0.0519078820944
    },
    "melbands_kurtosis": {
        "max": 57.8798484802,
        "mean": 5.83877182007,
        "min": -1.46924769878,
        "stdev": 6.28270053864
    },
    "melbands_skewness": {
        "max": 6.26082277298,
        "mean": 1.65923988819,
        "min": -0.554413318634,
        "stdev": 0.907730996609
    },
    "melbands_spread": {
        "max": 83.13306427,
        "mean": 19.3467731476,
        "min": 2.96407866478,
        "stdev": 10.2011871338
    },
    "pitch_salience": {
        "max": 0.824912846088,
        "mean": 0.581338882446,
        "min": 0.190760016441,
        "stdev": 0.099072881043
    },
    "silence_rate_20dB": {
        "max": 1,
        "mean": 1,
        "min": 1,
        "stdev": 0
    },
    "silence_rate_30dB": {
        "max": 1,
        "mean": 0.994019925594,
        "min": 0,
        "stdev": 0.0770965889096
    },
    "silence_rate_60dB": {
        "max": 1,
        "mean": 0.00265780719928,
        "min": 0,
        "stdev": 0.0514856725931
    },
    "spectral_centroid": {
        "max": 3063.93823242,
        "mean": 1240.21972656,
        "min": 256.226379395,
        "stdev": 629.407348633
    },
    "spectral_complexity": {
        "max": 53,
        "mean": 19.1787376404,
        "min": 3,
        "stdev": 8.71424388885
    },
    "spectral_decrease": {
        "max": -4.4636078167e-10,
        "mean": -5.42095168754e-09,
        "min": -4.52380746196e-08,
        "stdev": 4.24078416827e-09
    },
    "spectral_energy": {
        "max": 0.173620820045,
        "mean": 0.0223132669926,
        "min": 0.00175807636697,
        "stdev": 0.0170090124011
    },
    "spectral_energyband_high": {
        "max": 0.00857966765761,
        "mean": 0.000454278284451,
        "min": 3.7242664348e-06,
        "stdev": 0.000687455642037
    },
    "spectral_energyband_low": {
        "max": 0.153602659702,
        "mean": 0.00270245946012,
        "min": 3.31571108347e-08,
        "stdev": 0.00999937858433
    },
    "spectral_energyband_middle_high": {
        "max": 0.0528932288289,
        "mean": 0.00739387236536,
        "min": 6.45081163384e-05,
        "stdev": 0.00781723391265
    },
    "spectral_energyband_middle_low": {
        "max": 0.0714529231191,
        "mean": 0.0124665442854,
        "min": 0.000318623904604,
        "stdev": 0.00956163741648
    },
    "spectral_entropy": {
        "max": 8.48498916626,
        "mean": 7.39791440964,
        "min": 6.03856945038,
        "stdev": 0.415051221848
    },
    "spectral_flux": {
        "max": 0.286374777555,
        "mean": 0.074726767838,
        "min": 0.0096540953964,
        "stdev": 0.0363449305296
    },
    "spectral_kurtosis": {
        "max": 16.927318573,
        "mean": 5.54885149002,
        "min": -1.10042631626,
        "stdev": 2.70554280281
    },
    "spectral_rms": {
        "max": 0.0130148446187,
        "mean": 0.00442285742611,
        "min": 0.00130965514109,
        "stdev": 0.0014857155038
    },
    "spectral_rolloff": {
        "max": 10120.6054688,
        "mean": 1599.94995117,
        "min": 86.1328125,
        "stdev": 1298.65869141
    },
    "spectral_skewness": {
        "max": 2.99048185349,
        "mean": 1.82050895691,
        "min": 0.391679912806,
        "stdev": 0.390614569187
    },
    "spectral_spread": {
        "max": 15041276,
        "mean": 3946491,
        "min": 2056614.375,
        "stdev": 1486889.875
    },
    "spectral_strongpeak": {
        "max": 11.9892559052,
        "mean": 1.61200344563,
        "min": 0.0497681200504,
        "stdev": 1.38299369812
    },
    "zerocrossingrate": {
        "max": 0.25048828125,
        "mean": 0.0592043437064,
        "min": 0.01611328125,
        "stdev": 0.031547922641
    },
    "barkbands": {
        "max": [0.00623263791203, 0.145688936114, 0.0388225317001, 0.00899246893823, 0.0166735909879, 0.0238353256136, 0.0585550554097, 0.0266103632748, 0.0380044803023, 0.0313832648098, 0.0189553909004, 0.0180844720453, 0.0225786492229, 0.0129316244274, 0.00890366174281, 0.018613955006, 0.00906816031784, 0.0106946732849, 0.00961579661816, 0.00368902599439, 0.00185366324149, 0.00338539597578, 0.00434121675789, 0.00203207763843, 0.00134552107193, 0.000366033025784, 8.86890393303e-06],
        "mean": [7.65493314248e-05, 0.0015917433193, 0.00077820988372, 0.000681191100739, 0.00160933495499, 0.00111601466779, 0.00350560224615, 0.0013886494562, 0.00325417239219, 0.00200111442246, 0.000780067406595, 0.00112574396189, 0.00130425754469, 0.000442153977929, 0.000451646716101, 0.000424833822763, 0.000457964517409, 0.000365220679669, 0.000443476485088, 0.000104692502646, 0.000120554956084, 9.77979871095e-05, 7.86249074736e-05, 6.30397116765e-05, 4.03911108151e-05, 1.01914092738e-05, 2.07566301924e-08],
        "min": [6.88936074855e-10, 1.47799306127e-09, 1.18298293383e-09, 1.45798821904e-08, 5.39411757927e-07, 9.50130811361e-07, 2.52328868555e-06, 2.59613943854e-06, 1.59774754138e-05, 5.59545742362e-06, 1.32451214085e-06, 3.34550668413e-06, 3.66822087017e-06, 2.2342514967e-06, 6.85414192958e-07, 8.23194795885e-07, 5.85006500842e-06, 6.5283990125e-07, 5.56270606467e-07, 2.56007240296e-07, 6.47005720111e-07, 5.96002223574e-07, 4.15763537376e-07, 2.82065883539e-07, 1.00140233883e-07, 1.39036296365e-10, 1.03932355777e-10],
        "stdev": [0.000392915302655, 0.00909675471485, 0.00175187445711, 0.00107256474439, 0.00214763684198, 0.00181561987847, 0.00557981058955, 0.00271731731482, 0.00487490510568, 0.0035847669933, 0.00133111618925, 0.0017473725602, 0.00197818106972, 0.000780372472946, 0.000604311353527, 0.0008207616047, 0.000653265044093, 0.000832201447338, 0.0010203398997, 0.000213372841245, 0.000197297660634, 0.000168077051057, 0.000183840311365, 0.000133864275995, 0.000116005641758, 2.46992858592e-05, 2.96999985494e-07]
    },
    "erbbands": {
        "max": [5.85908269882, 27.6761684418, 45.7464752197, 36.4052200317, 72.2112197876, 94.1783065796, 153.081390381, 224.82069397, 595.173828125, 935.130737305, 741.432739258, 1024.10461426, 1058.29992676, 499.137084961, 649.145202637, 841.676757812, 1134.71826172, 495.661712646, 491.97088623, 1006.35516357, 328.903381348, 424.921661377, 292.916046143, 510.115875244, 515.220092773, 76.899772644, 60.601272583, 92.4074859619, 123.082130432, 164.066421509, 78.5164642334, 38.1534042358, 36.9136962891, 14.9430046082, 11.5984916687, 3.22452640533, 0.302920937538, 0.0697042644024, 0.00120262021665, 0.000197061803192],
        "mean": [0.0561790131032, 0.321179658175, 0.846351265907, 1.58286499977, 4.27296447754, 5.33126449585, 4.9033703804, 12.9498386383, 47.4163627625, 37.8253364563, 47.5985374451, 69.9360580444, 69.0641479492, 40.0028305054, 32.7962608337, 48.887676239, 63.4435043335, 25.0572490692, 21.0191001892, 27.053276062, 24.2783660889, 24.6805706024, 18.1221561432, 22.9657001495, 18.7012672424, 5.16533756256, 4.54712581635, 4.60318279266, 3.66465497017, 2.86229038239, 2.10050463676, 1.47018384933, 0.957647383213, 0.52859634161, 0.245827019215, 0.0817287564278, 0.011129016988, 0.000382194790291, 2.71539065579e-05, 2.85709320451e-05],
        "min": [1.12404769936e-07, 7.3660498856e-07, 2.75783168036e-06, 5.27998345206e-05, 0.000424843718065, 0.00150629668497, 0.00513710826635, 0.00997476000339, 0.0270925834775, 0.128525823355, 0.321391433477, 0.69870454073, 0.23980024457, 0.133795320988, 0.0843304097652, 0.180685520172, 0.195192322135, 0.211187362671, 0.0966191142797, 0.0368057340384, 0.0723903700709, 0.304980665445, 0.1042913571, 0.0584860593081, 0.0189652703702, 0.0143169984221, 0.0298532098532, 0.0218465980142, 0.0249291360378, 0.0208523403853, 0.00907337013632, 0.00773802027106, 0.00284769944847, 0.00142567662988, 0.000531403056812, 6.14691671217e-05, 4.47879938292e-06, 6.71788313866e-07, 1.04626076336e-06, 2.00563385988e-06],
        "stdev": [0.360205739737, 1.72414076328, 2.09523177147, 2.24046826363, 5.89314413071, 8.70256328583, 8.51829719543, 20.1471271515, 78.5749969482, 71.69190979, 84.4279327393, 104.147186279, 119.617202759, 62.1647987366, 45.7927589417, 72.2743759155, 93.861038208, 37.9141654968, 31.2001094818, 46.4689826965, 33.9350395203, 35.7267227173, 28.4822940826, 48.7567939758, 49.3957366943, 8.54683303833, 6.82313203812, 7.91108226776, 6.35569143295, 6.84544563293, 4.0553612709, 2.65561175346, 2.40695667267, 1.42679822445, 0.785122156143, 0.209567695856, 0.0249871425331, 0.0021871146746, 4.78262591059e-05, 2.07475004572e-05]
    },
    "gfcc": {
        "mean": [-21.4095592499, 83.5871353149, -158.286865234, 6.98567152023, -83.5406494141, 14.4932098389, -45.1336479187, 10.1616897583, -21.5239315033, -5.07875680923, -16.3289833069, -4.04773855209, -15.1985092163],
        "cov": [[1951.16442871, -229.062576294, -88.4572525024, 164.89440918, 57.1373825073, 135.785873413, 2.1648144722, 101.067962646, -88.985458374, 106.1352005, 37.0661621094, 56.8522949219, 66.3457870483], [-229.062576294, 3452.00805664, 2304.04663086, 919.683532715, 507.05569458, -106.037826538, -161.461868286, -397.304321289, 333.127960205, -0.378739416599, 476.968719482, 38.4473266602, -122.591537476], [-88.4572525024, 2304.04663086, 2301.9777832, 817.730529785, 300.271850586, 22.746717453, -258.275939941, -271.746276855, 215.259262085, 96.967338562, 284.583770752, 90.0704040527, -135.292404175], [164.89440918, 919.683532715, 817.730529785, 494.63269043, 252.817001343, 35.1077613831, -80.6333084106, -81.0590591431, 104.727989197, 57.1375045776, 133.52130127, 39.0802459717, 1.27741324902], [57.1373825073, 507.05569458, 300.271850586, 252.817001343, 307.884399414, 67.3320236206, 12.5164327621, 11.2397632599, 65.9546432495, 43.1061325073, 72.0125732422, 23.6915836334, 40.933265686], [135.785873413, -106.037826538, 22.746717453, 35.1077613831, 67.3320236206, 235.610122681, 119.024093628, 79.40599823, -21.6400299072, 18.8131160736, 25.7918071747, -3.75359368324, 18.2796936035], [2.1648144722, -161.461868286, -258.275939941, -80.6333084106, 12.5164327621, 119.024093628, 236.739074707, 95.7623977661, -14.7050876617, -8.58920955658, 26.6256904602, -25.7980365753, -4.10270404816], [101.067962646, -397.304321289, -271.746276855, -81.0590591431, 11.2397632599, 79.40599823, 95.7623977661, 147.835220337, -10.9181156158, 23.4721164703, -27.6145153046, -2.46847295761, 35.6690559387], [-88.985458374, 333.127960205, 215.259262085, 104.727989197, 65.9546432495, -21.6400299072, -14.7050876617, -10.9181156158, 120.571372986, 41.6861076355, 52.3825416565, 14.6115407944, 5.76612758636], [106.1352005, -0.378739416599, 96.967338562, 57.1375045776, 43.1061325073, 18.8131160736, -8.58920955658, 23.4721164703, 41.6861076355, 99.2722549438, 29.5070381165, 34.8869247437, 18.540719986], [37.0661621094, 476.968719482, 284.583770752, 133.52130127, 72.0125732422, 25.7918071747, 26.6256904602, -27.6145153046, 52.3825416565, 29.5070381165, 181.597961426, 32.4463119507, -5.0528512001], [56.8522949219, 38.4473266602, 90.0704040527, 39.0802459717, 23.6915836334, -3.75359368324, -25.7980365753, -2.46847295761, 14.6115407944, 34.8869247437, 32.4463119507, 72.5184020996, 19.4729137421], [66.3457870483, -122.591537476, -135.292404175, 1.27741324902, 40.933265686, 18.2796936035, -4.10270404816, 35.6690559387, 5.76612758636, 18.540719986, -5.0528512001, 19.4729137421, 93.4591522217]],
        "icov": [[0.000885688350536, -0.000949093606323, 0.00111679919064, -0.00146857684013, 0.00142253644299, -0.000975782983005, 0.00106368563138, -0.00172809581272, 0.00203790189698, -0.00197638431564, 0.000706317310687, -0.000900489743799, 0.00052928191144], [-0.000949093606323, 0.00588853051886, -0.00518299499527, 0.00314267585054, -0.00639875279739, 0.00457550352439, -0.00465386779979, 0.00768390716985, -0.00636924430728, 0.00737511785701, -0.00594787672162, 0.00441800244153, -0.00268961745314], [0.00111679919064, -0.00518299499527, 0.00660704495385, -0.00548655167222, 0.0061525721103, -0.00544095179066, 0.00567407952622, -0.00585874170065, 0.00470429612324, -0.00682299071923, 0.00444997102022, -0.00491045508534, 0.00522964028642], [-0.00146857684013, 0.00314267585054, -0.00548655167222, 0.0115216113627, -0.00817340612411, 0.00273484364152, -0.00249919481575, 0.00564371468499, -0.00494258198887, 0.00435389624909, -0.00381651613861, 0.00381141738035, -0.00371309928596], [0.00142253644299, -0.00639875279739, 0.0061525721103, -0.00817340612411, 0.0142192393541, -0.0057666557841, 0.00436986098066, -0.00949736591429, 0.0063397269696, -0.00827123224735, 0.00643671350554, -0.00511805573478, 0.000995879992843], [-0.000975782983005, 0.00457550352439, -0.00544095179066, 0.00273484364152, -0.0057666557841, 0.0119424602017, -0.00778585439548, 0.00301340408623, -0.00149053044152, 0.00481977453455, -0.00442469678819, 0.00465313065797, -0.00459425803274], [0.00106368563138, -0.00465386779979, 0.00567407952622, -0.00249919481575, 0.00436986098066, -0.00778585439548, 0.013811500743, -0.00966527778655, 0.00378015753813, -0.00457254890352, 0.00103211367968, -0.00206996593624, 0.00645338185132], [-0.00172809581272, 0.00768390716985, -0.00585874170065, 0.00564371468499, -0.00949736591429, 0.00301340408623, -0.00966527778655, 0.0249473750591, -0.0103505216539, 0.0063591520302, -0.00536681991071, 0.00511912535876, -0.00560748204589], [0.00203790189698, -0.00636924430728, 0.00470429612324, -0.00494258198887, 0.0063397269696, -0.00149053044152, 0.00378015753813, -0.0103505216539, 0.0220723766834, -0.0134308701381, 0.00447742734104, -0.00276794470847, 0.000828812655527], [-0.00197638431564, 0.00737511785701, -0.00682299071923, 0.00435389624909, -0.00827123224735, 0.00481977453455, -0.00457254890352, 0.0063591520302, -0.0134308701381, 0.0257160421461, -0.00764544354752, 2.63841116066e-06, -0.00349416257814], [0.000706317310687, -0.00594787672162, 0.00444997102022, -0.00381651613861, 0.00643671350554, -0.00442469678819, 0.00103211367968, -0.00536681991071, 0.00447742734104, -0.00764544354752, 0.0152926985174, -0.00761741073802, 0.00198495108634], [-0.000900489743799, 0.00441800244153, -0.00491045508534, 0.00381141738035, -0.00511805573478, 0.00465313065797, -0.00206996593624, 0.00511912535876, -0.00276794470847, 2.63841116066e-06, -0.00761741073802, 0.0232667271048, -0.00652860291302], [0.00052928191144, -0.00268961745314, 0.00522964028642, -0.00371309928596, 0.000995879992843, -0.00459425803274, 0.00645338185132, -0.00560748204589, 0.000828812655527, -0.00349416257814, 0.00198495108634, -0.00652860291302, 0.0194128286093]]
    },
    "melbands": {
        "max": [0.0466833934188, 0.0214788205922, 0.00541176507249, 0.00377017585561, 0.0047754580155, 0.00536269601434, 0.00806525163352, 0.00829852558672, 0.00701675144956, 0.00589011795819, 0.00547419860959, 0.00247164652683, 0.00229060952552, 0.00142647104803, 0.0033942242153, 0.00154181220569, 0.000936501775868, 0.00107022153679, 0.000582442386076, 0.00161520973779, 0.000391813984606, 0.000594543351326, 0.000403622369049, 0.000473032530863, 0.000425006903242, 0.000628215377219, 0.000304412707919, 4.2448653403e-05, 3.61218408216e-05, 6.96675706422e-05, 6.31554212305e-05, 7.55719593144e-05, 5.9177793446e-05, 0.000126655810163, 5.53613135708e-05, 2.60359556705e-05, 3.54904477717e-05, 3.00034444081e-05, 1.78198351932e-05, 1.32269915412e-05],
        "mean": [0.000465674937004, 0.000424396712333, 0.000359940371709, 0.000370630266843, 0.000182022282388, 0.000300825049635, 0.000709449581336, 0.000369557790691, 0.000468609447125, 0.000413623056374, 0.000339762162184, 0.000166111742146, 0.000110585388029, 0.000101003315649, 0.000193904052139, 8.89875736902e-05, 4.24624049629e-05, 3.31023366016e-05, 3.50154623447e-05, 3.15153447445e-05, 2.81570119114e-05, 2.67712948698e-05, 1.91097842617e-05, 1.65454894159e-05, 1.82984495041e-05, 1.94057211047e-05, 6.20710898147e-06, 2.66490678769e-06, 2.50607081398e-06, 3.30126522385e-06, 2.4006590138e-06, 2.1322421162e-06, 1.74395177055e-06, 1.56445298671e-06, 1.24523251088e-06, 1.02443516425e-06, 8.47939247706e-07, 6.80085804561e-07, 5.85970781231e-07, 3.93319794512e-07],
        "min": [6.74778621867e-10, 8.15725265113e-10, 1.45510830052e-08, 3.54126576951e-08, 1.25303500909e-07, 2.01014771051e-07, 4.12542618733e-07, 1.3449933931e-06, 2.10040707316e-06, 2.52342442764e-06, 7.37663128803e-07, 5.95065046127e-07, 1.88978361848e-07, 4.1467990286e-07, 5.27327927102e-07, 4.75430994129e-07, 3.02730484236e-07, 1.06603053496e-07, 4.44363159602e-08, 4.26814530385e-08, 5.98214029424e-08, 3.07950983824e-07, 2.28026067361e-07, 3.57223512992e-08, 3.9183394307e-08, 1.55917749822e-08, 8.52886916647e-09, 8.05059663378e-09, 1.37322926363e-08, 1.54062558266e-08, 8.01688226915e-09, 1.34493358672e-08, 8.90009221877e-09, 6.71676270159e-09, 3.77027298271e-09, 3.06291370045e-09, 3.5234448692e-09, 1.49861723031e-09, 3.92616966716e-10, 8.9219986954e-10],
        "stdev": [0.00283782952465, 0.00126260751858, 0.000448724051239, 0.000500695721712, 0.00030431576306, 0.000450544263003, 0.00115537189413, 0.000701624259818, 0.000845118076541, 0.000594935147092, 0.00061588967219, 0.000281874090433, 0.000173421722138, 0.0001499534701, 0.000332045456162, 0.000128860556288, 7.30378596927e-05, 5.64249494346e-05, 4.95497006341e-05, 6.66204214212e-05, 4.08222440456e-05, 4.25980506407e-05, 2.92825061479e-05, 3.80646342819e-05, 4.15003269154e-05, 5.50994809601e-05, 2.13439197978e-05, 3.97304074795e-06, 3.65934624824e-06, 6.00257544647e-06, 4.20670448875e-06, 3.86284727938e-06, 3.09024744638e-06, 4.74342732559e-06, 2.6292725579e-06, 1.62439198448e-06, 1.81690586487e-06, 1.82561313977e-06, 1.4998424831e-06, 1.12668726615e-06]
    },
    "melbands128": {
        "max": [0.0059462771751, 0.0464967601001, 0.0742752626538, 0.0388455837965, 0.0311302375048, 0.0198317207396, 0.00819192547351, 0.00475020613521, 0.00985263939947, 0.00611883681267, 0.00753448391333, 0.00436734873801, 0.00648476742208, 0.0044876113534, 0.00600551813841, 0.0119790425524, 0.0127744842321, 0.0118518322706, 0.0230513419956, 0.0143076777458, 0.00554230716079, 0.00972126424313, 0.00946207530797, 0.0155792003497, 0.0124560995027, 0.00387574266642, 0.00532370619476, 0.00970087852329, 0.0102209383622, 0.00308155454695, 0.0027565038763, 0.00390014983714, 0.00318927527405, 0.00302793085575, 0.00156973674893, 0.00224822340533, 0.00388363702223, 0.00720437755808, 0.00575089780614, 0.00280809006654, 0.00174857187085, 0.00136744021438, 0.00185032887384, 0.00136171816848, 0.00260032340884, 0.000744556542486, 0.000844883965328, 0.000575290177949, 0.000889457936864, 0.0032585922163, 0.00195911386982, 0.000398030766519, 0.000826492963824, 0.000426997634349, 0.00169966230169, 0.000842288834974, 0.000445867655799, 0.00088033353677, 0.000442689168267, 0.00034839118598, 0.000388675456634, 0.00148341280874, 0.000766535464209, 0.000728836865164, 0.000578954059165, 0.001465507783, 0.000446242542239, 0.000923023268115, 0.000152968350449, 6.10066417721e-05, 6.33880772511e-05, 4.28563216701e-05, 6.54239047435e-05, 5.35514373041e-05, 6.70306108077e-05, 8.70979420142e-05, 9.42860206123e-05, 6.05914792686e-05, 6.54954492347e-05, 9.27264045458e-05, 7.38177332096e-05, 9.46492291405e-05, 5.93746008235e-05, 6.56204065308e-05, 5.91220778006e-05, 5.84771551075e-05, 0.00021541872411, 0.000133331079269, 3.11245967168e-05, 3.59479636245e-05, 3.49194160663e-05, 2.1867270334e-05, 2.81618486042e-05, 2.45838273258e-05, 7.16007489245e-05, 4.00411881856e-05, 2.44790644501e-05, 4.40166659246e-05, 1.94097337953e-05, 2.12343147723e-05, 1.9110928406e-05, 1.73860516952e-05, 1.47161008499e-05, 1.49429115481e-05, 1.95196789718e-05, 1.89508700714e-05, 1.12336310849e-05, 1.25355618366e-05, 3.38261088473e-06, 3.32665922542e-06, 2.94087976727e-06, 2.20437391363e-06, 9.44181238083e-07, 1.06263371435e-06, 1.67980920196e-06, 1.14620820568e-06, 2.39206798369e-07, 9.63841806367e-09, 8.42772340803e-09, 8.14130274307e-09, 7.89553489255e-09, 7.68914709681e-09, 7.49644168963e-09, 7.32875138354e-09, 7.18460402283e-09, 7.09227254703e-09, 7.01374425205e-09, 6.97052460197e-09],
        "mean": [7.05925922375e-05, 0.000461510382593, 0.000635695585515, 0.000475449021906, 0.000436575297499, 0.000363200932043, 0.000278837309452, 0.000386081752367, 0.000432805449236, 0.00044567513396, 0.000272291887086, 0.000199602436624, 0.000138074858114, 0.00017711656983, 0.0002372598683, 0.000305725203361, 0.000743159092963, 0.0009043525788, 0.000501622795127, 0.000448871811386, 0.000246480602073, 0.000272347591817, 0.000423865712946, 0.00081252749078, 0.000513018399943, 0.000194150125026, 0.000313784403261, 0.000431290769484, 0.000305620749714, 0.000170922125108, 0.000120663789858, 0.000130116517539, 0.000120071250421, 8.10413403087e-05, 0.000111820801976, 9.17552679311e-05, 9.63294733083e-05, 0.000242837544647, 0.000237977248617, 0.000116887917102, 4.90134189022e-05, 5.15029933013e-05, 4.20359392592e-05, 3.77450960514e-05, 3.95874340029e-05, 3.06230285787e-05, 2.9014699976e-05, 3.04306977341e-05, 3.72597933165e-05, 4.82678005937e-05, 2.45605715463e-05, 2.19533903874e-05, 3.31971023115e-05, 2.67006325885e-05, 2.82516866719e-05, 2.91590822599e-05, 2.08810361073e-05, 2.61163240793e-05, 1.56850455824e-05, 1.25040432977e-05, 1.30709586301e-05, 2.49437835009e-05, 1.63835102285e-05, 1.60848630912e-05, 2.13090606849e-05, 2.62717258011e-05, 1.13056667033e-05, 1.04374712464e-05, 3.82491407436e-06, 3.19935179505e-06, 2.67707741841e-06, 2.4551407023e-06, 2.25360713557e-06, 2.39668179347e-06, 2.76665991805e-06, 3.76391722057e-06, 3.38104655384e-06, 2.76288051282e-06, 2.15940781345e-06, 2.14853275793e-06, 2.1824328087e-06, 2.17316392082e-06, 1.90536775335e-06, 1.74300953404e-06, 1.57808847234e-06, 1.47406842643e-06, 1.69718646248e-06, 1.45772935412e-06, 1.17594504445e-06, 1.12503892069e-06, 1.09628683731e-06, 9.76450223789e-07, 9.45553722431e-07, 8.54181166687e-07, 7.96805181835e-07, 7.21744754628e-07, 6.33364606983e-07, 6.51981338251e-07, 6.21903666342e-07, 5.37203220574e-07, 4.73632383091e-07, 3.60134151833e-07, 3.12510621825e-07, 2.93218135994e-07, 3.01809478742e-07, 2.61908581933e-07, 1.9783379912e-07, 1.61779013297e-07, 1.34568864496e-07, 1.10661332542e-07, 9.55262677849e-08, 6.06724341878e-08, 6.5882495015e-09, 3.30180682795e-09, 4.11923251065e-09, 1.32433441991e-09, 5.555549909e-10, 3.15676894347e-11, 2.10564829461e-11, 2.00873068179e-11, 1.52383435731e-11, 1.35821267427e-11, 1.3111230851e-11, 1.28349076159e-11, 1.24539328503e-11, 1.20127692516e-11, 1.17393005039e-11, 1.16476021536e-11],
        "min": [2.10140640999e-10, 1.74132389064e-10, 7.01743940734e-11, 4.34255020831e-10, 3.44109685191e-10, 7.08743286282e-10, 2.47830844735e-09, 5.07878272771e-09, 1.56003654439e-08, 3.31938054821e-09, 1.45573899601e-08, 5.05311215093e-09, 2.14087076955e-08, 3.99559354491e-08, 2.23487681694e-08, 6.66937722826e-08, 1.12736856295e-07, 1.02720989048e-07, 8.49819485893e-08, 4.52708434295e-07, 5.05970433551e-07, 2.44012824169e-07, 4.01546529361e-08, 5.82868324273e-07, 6.61005174152e-07, 2.67243905228e-07, 1.47893075564e-08, 4.83306621391e-07, 1.0278965874e-06, 3.07052658854e-07, 3.97075687886e-08, 1.42151705518e-07, 1.66493009601e-07, 2.2865814131e-08, 3.9850281297e-08, 1.01763546922e-07, 1.93564318351e-07, 9.29586221332e-08, 2.53840795494e-07, 1.45664827755e-07, 3.33352652149e-08, 5.17480245321e-08, 9.1860925977e-08, 4.43961738483e-08, 3.8049847717e-08, 4.33661568877e-08, 3.87806835533e-08, 2.05497752148e-08, 4.82945727853e-09, 3.33016174636e-08, 1.58531392458e-08, 1.95524911817e-08, 2.38302764188e-08, 6.92670028002e-08, 6.29636645044e-08, 1.33281659487e-07, 9.50134548816e-08, 9.24749770093e-08, 3.58656855326e-08, 2.65101114394e-08, 1.59991344617e-08, 2.01054266569e-08, 2.86978973918e-08, 3.2481260348e-08, 8.88294238166e-09, 3.89605236961e-09, 2.30268693002e-09, 3.45489437059e-09, 2.94664204148e-09, 2.7165307781e-09, 4.49952120007e-09, 6.34900487739e-09, 9.70139879541e-09, 6.48111031509e-09, 6.790519258e-09, 7.54453211016e-09, 7.9911774975e-09, 2.72189848438e-09, 5.0251145467e-09, 9.67699520515e-09, 1.04563557812e-08, 9.16268927398e-09, 1.04099502352e-08, 5.58198198775e-09, 8.79367634266e-10, 2.24834950657e-09, 3.71156327894e-09, 5.29651988934e-10, 1.05878417145e-09, 1.15135667667e-09, 1.51316603691e-09, 1.35849154148e-09, 2.87160228929e-09, 2.90394291946e-10, 1.91615057155e-11, 8.62808262336e-12, 1.17743745309e-10, 1.57418147961e-10, 1.64422489513e-10, 2.83822227873e-12, 3.97681844053e-12, 1.00147841409e-10, 2.14157927503e-11, 1.99978037602e-11, 1.39083727174e-11, 2.49824119725e-11, 5.49231146674e-12, 3.02281637221e-12, 8.00007087486e-13, 4.7495113311e-13, 6.45337299224e-13, 5.91965604139e-13, 3.57119607323e-13, 3.1758458168e-13, 2.77566923439e-13, 2.54758318391e-13, 3.19414091531e-13, 3.42405845431e-13, 3.25452826581e-13, 2.7778213757e-13, 2.79298367203e-13, 3.37701166944e-13, 3.16648644154e-13, 3.17459058173e-13, 2.07769741624e-13, 8.22366602441e-14, 1.23444667438e-14, 4.571116532e-16],
        "stdev": [0.000374274124624, 0.003009384498, 0.00429562013596, 0.00245016021654, 0.00131299823988, 0.000786364777014, 0.000458982714918, 0.000617426470853, 0.000720135634765, 0.000740640272852, 0.000587784859817, 0.000442683696747, 0.000341877515893, 0.000338073121384, 0.00048109452473, 0.000693838810548, 0.00139599724207, 0.00181471416727, 0.00124417978805, 0.0011985488236, 0.000559851236176, 0.000837914412841, 0.000991626642644, 0.00167889310978, 0.000989853055216, 0.000433705135947, 0.000635799369775, 0.000923032523133, 0.000818831205834, 0.000346532004187, 0.000234817925957, 0.000289251940558, 0.000227795229875, 0.00014674924023, 0.000204288589885, 0.000190488775843, 0.000198678899324, 0.000594320765231, 0.000465774646727, 0.000216404587263, 0.000118044175906, 0.000110757144284, 8.75267505762e-05, 8.82991589606e-05, 0.000103193640825, 5.19208770129e-05, 5.16224899911e-05, 5.31674304511e-05, 7.00266100466e-05, 0.000126967424876, 8.6622487288e-05, 3.74275514332e-05, 6.78169672028e-05, 4.4640055421e-05, 7.034153532e-05, 5.9155816416e-05, 3.47588793375e-05, 4.56466477772e-05, 3.50916743628e-05, 2.54758997471e-05, 2.69814572675e-05, 0.000102145204437, 5.672064799e-05, 5.39458560525e-05, 5.86134519835e-05, 0.000109772605356, 3.75171766791e-05, 6.04420310992e-05, 9.55046834861e-06, 5.27289057572e-06, 4.58205158793e-06, 4.22453331339e-06, 3.95665483666e-06, 4.1028756641e-06, 4.68503276352e-06, 7.76078832132e-06, 8.1314756244e-06, 5.2525792853e-06, 4.07767174693e-06, 4.36606887888e-06, 4.28869088864e-06, 4.44800525656e-06, 3.54081930709e-06, 3.46167666976e-06, 3.21742368214e-06, 3.29296995005e-06, 7.38470771466e-06, 4.96381790072e-06, 2.00222029889e-06, 2.04565276363e-06, 1.97474105335e-06, 1.5664336388e-06, 1.69592760813e-06, 1.75922548351e-06, 2.66195866061e-06, 2.24354062084e-06, 1.65994447343e-06, 2.00885460799e-06, 1.54566646415e-06, 1.53096664235e-06, 1.45193848766e-06, 1.09474058263e-06, 9.50614889916e-07, 9.45061117363e-07, 1.16026831165e-06, 1.01167381672e-06, 6.13872146005e-07, 5.35788274192e-07, 3.28136422922e-07, 2.64603443156e-07, 2.17823114212e-07, 1.53170688577e-07, 3.94729617881e-08, 3.85029785832e-08, 6.36431138901e-08, 3.02918365946e-08, 8.39422131804e-09, 4.68419081301e-10, 3.5511346641e-10, 3.350056621e-10, 2.85037687897e-10, 2.74716888127e-10, 2.6779162221e-10, 2.62171978571e-10, 2.56959981071e-10, 2.53395249228e-10, 2.50585191486e-10, 2.49028742072e-10]
    },
    "mfcc": {
        "mean": [-649.526184082, 113.429649353, -23.1968231201, -9.85032463074, -15.806227684, -7.11323308945, -13.8451337814, 5.7307715416, -5.67884969711, -4.95778512955, 1.91565263271, 2.13254213333, -5.25597143173],
        "cov": [[2228.66625977, -854.461425781, -634.773376465, -203.017303467, -135.506912231, -59.6739997864, 188.335754395, 25.4460220337, 75.0854415894, 145.345626831, -50.9811592102, -121.509498596, -11.9092006683], [-854.461425781, 2521.56030273, 1704.62194824, 967.685119629, 679.612792969, 329.127838135, -108.338180542, -40.0050811768, -247.221450806, -221.597640991, 164.512084961, 367.637969971, 236.973968506], [-634.773376465, 1704.62194824, 1918.80688477, 775.568725586, 610.935302734, 306.411773682, -116.405815125, -76.5615768433, -217.922836304, -220.750473022, 177.082443237, 292.065368652, 153.525695801], [-203.017303467, 967.685119629, 775.568725586, 601.861328125, 406.031341553, 172.598297119, -72.6186447144, -56.1227760315, -78.251121521, -87.3553314209, 69.5179519653, 140.628265381, 107.300323486], [-135.506912231, 679.612792969, 610.935302734, 406.031341553, 457.595001221, 160.982727051, -27.0661697388, -43.0807533264, -11.290854454, -59.8610725403, 39.8258552551, 101.323104858, 84.8386459351], [-59.6739997864, 329.127838135, 306.411773682, 172.598297119, 160.982727051, 170.968215942, 54.7880859375, 23.6989173889, -5.5117020607, -5.64600992203, 37.7171134949, 69.4138565063, 35.5817985535], [188.335754395, -108.338180542, -116.405815125, -72.6186447144, -27.0661697388, 54.7880859375, 233.995819092, 103.634269714, 24.4355201721, 87.7196731567, 14.6795005798, 5.02699232101, 20.9265136719], [25.4460220337, -40.0050811768, -76.5615768433, -56.1227760315, -43.0807533264, 23.6989173889, 103.634269714, 116.483177185, 21.7659893036, 44.1302528381, 21.2000865936, 3.25194859505, 0.220237717032], [75.0854415894, -247.221450806, -217.922836304, -78.251121521, -11.290854454, -5.5117020607, 24.4355201721, 21.7659893036, 139.409988403, 63.1482467651, -17.4128112793, -42.4701766968, -24.8882064819], [145.345626831, -221.597640991, -220.750473022, -87.3553314209, -59.8610725403, -5.64600992203, 87.7196731567, 44.1302528381, 63.1482467651, 118.299598694, 6.61819791794, -21.3137874603, -0.529526948929], [-50.9811592102, 164.512084961, 177.082443237, 69.5179519653, 39.8258552551, 37.7171134949, 14.6795005798, 21.2000865936, -17.4128112793, 6.61819791794, 98.1596603394, 58.4847793579, 22.1891956329], [-121.509498596, 367.637969971, 292.065368652, 140.628265381, 101.323104858, 69.4138565063, 5.02699232101, 3.25194859505, -42.4701766968, -21.3137874603, 58.4847793579, 123.845664978, 64.6975784302], [-11.9092006683, 236.973968506, 153.525695801, 107.300323486, 84.8386459351, 35.5817985535, 20.9265136719, 0.220237717032, -24.8882064819, -0.529526948929, 22.1891956329, 64.6975784302, 103.086883545]],
        "icov": [[0.000596730853431, 0.00027928527561, 9.59140161285e-05, -0.000344501575455, -7.81716080382e-05, 2.73537680187e-05, -0.00050062884111, 0.000292113400064, 0.000244981813012, -0.000152593114763, -6.48123459541e-05, 0.000206048032851, -0.000258446554653], [0.00027928527561, 0.00188979541417, -0.000490423699375, -0.00167959672399, -0.000176522618858, 4.56074885733e-05, 0.000150634572492, -0.00115041155368, 0.000871455878951, 0.000450731487945, 0.000631700560916, -0.00176507758442, -0.000547413423192], [9.59140161285e-05, -0.000490423699375, 0.00206140545197, -0.000277677696431, -0.000961959187407, -0.00106207362842, 3.68876026187e-05, 0.000484224059619, 0.00108222407289, 0.00129354733508, -0.00167616596445, -0.000466867786599, 0.000428928760812], [-0.000344501575455, -0.00167959672399, -0.000277677696431, 0.00755551178008, -0.00327655021101, -0.00181543105282, 0.00188083853573, 0.000913402473088, 0.000913207768463, -0.00129555596504, -0.00106511893682, 0.0015525361523, -0.0012214507442], [-7.81716080382e-05, -0.000176522618858, -0.000961959187407, -0.00327655021101, 0.00758078461513, -0.00189566775225, -0.00113529025111, 0.00189611979295, -0.00385049101897, 0.00155030039605, 0.000907670590095, 0.000678675889503, -0.00166123535018], [2.73537680187e-05, 4.56074885733e-05, -0.00106207362842, -0.00181543105282, -0.00189566775225, 0.0134893655777, -0.00403346633539, -0.00116779783275, -0.00198435084894, 0.000145403013448, 0.00092728267191, -0.00397088611498, 0.00290924101137], [-0.00050062884111, 0.000150634572492, 3.68876026187e-05, 0.00188083853573, -0.00113529025111, -0.00403346633539, 0.0112604545429, -0.00713858148083, 0.00299855065532, -0.00569815607741, 0.00111918046605, 0.000408001302276, -0.00216313591227], [0.000292113400064, -0.00115041155368, 0.000484224059619, 0.000913402473088, 0.00189611979295, -0.00116779783275, -0.00713858148083, 0.0170365869999, -0.00252349185757, 0.000644719868433, -0.00365333259106, 0.00101999321487, 0.000802027119789], [0.000244981813012, 0.000871455878951, 0.00108222407289, 0.000913207768463, -0.00385049101897, -0.00198435084894, 0.00299855065532, -0.00252349185757, 0.0138130830601, -0.00652182428166, 0.000509312318172, 0.000967134314124, 0.00129802315496], [-0.000152593114763, 0.000450731487945, 0.00129354733508, -0.00129555596504, 0.00155030039605, 0.000145403013448, -0.00569815607741, 0.000644719868433, -0.00652182428166, 0.0194693431258, -0.00426597613841, 0.000235453044297, -0.00250650942326], [-6.48123459541e-05, 0.000631700560916, -0.00167616596445, -0.00106511893682, 0.000907670590095, 0.00092728267191, 0.00111918046605, -0.00365333259106, 0.000509312318172, -0.00426597613841, 0.0173491537571, -0.007872431539, 0.00216631079093], [0.000206048032851, -0.00176507758442, -0.000466867786599, 0.0015525361523, 0.000678675889503, -0.00397088611498, 0.000408001302276, 0.00101999321487, 0.000967134314124, 0.000235453044297, -0.007872431539, 0.0231092255563, -0.00868648476899], [-0.000258446554653, -0.000547413423192, 0.000428928760812, -0.0012214507442, -0.00166123535018, 0.00290924101137, -0.00216313591227, 0.000802027119789, 0.00129802315496, -0.00250650942326, 0.00216631079093, -0.00868648476899, 0.0176479332149]]
    },
    "spectral_contrast_coeffs": {
        "max": [-0.384551912546, -0.504221856594, -0.566712617874, -0.588932991028, -0.647217988968, -0.614515423775],
        "mean": [-0.681760489941, -0.705463469028, -0.759514927864, -0.774956941605, -0.779317855835, -0.736650109291],
        "min": [-0.878422379494, -0.911503374577, -0.891122460365, -0.890011966228, -0.890383183956, -0.866385579109],
        "stdev": [0.0833612084389, 0.0718830227852, 0.0563693791628, 0.0521857999265, 0.035636946559, 0.0361203029752]
    },
    "spectral_contrast_valleys": {
        "max": [-5.10349845886, -4.86311292648, -4.77850437164, -5.6641330719, -6.01738834381, -8.34308433533],
        "mean": [-7.88397979736, -6.56342506409, -6.97190761566, -7.48277282715, -7.76903295517, -10.6107187271],
        "min": [-12.6055135727, -8.33212852478, -9.35887432098, -9.76377105713, -9.83609771729, -12.9393863678],
        "stdev": [1.45145344734, 0.670289993286, 0.714040458202, 0.811381876469, 0.799842476845, 0.867524385452]
    }
},
"rhythm": {
    "beats_count": 56,
    "beats_loudness": {
        "max": 0.150615423918,
        "mean": 0.027294723317,
        "min": 0.0043367492035,
        "stdev": 0.0229004770517
    },
    "bpm": 98.1599349976,
    "bpm_histogram_first_peak_bpm": 98,
    "bpm_histogram_first_peak_weight": 0.114285767078,
    "bpm_histogram_second_peak_bpm": 88,
    "bpm_histogram_second_peak_spread": 0,
    "bpm_histogram_second_peak_weight": 0.127272725105,
    "danceability": 0.894256770611,
    "onset_rate": 1.83200395107,
    "beats_loudness_band_ratio": {
        "max": [0.77415150404, 0.533533871174, 0.833035647869, 0.502320826054, 0.332025080919, 0.237821638584],
        "mean": [0.149778202176, 0.138244122267, 0.432986021042, 0.215354681015, 0.0885510221124, 0.0419707782567],
        "min": [3.2401207136e-05, 0.000506519863848, 0.0761984288692, 0.00686292489991, 0.00214866152965, 0.00242827436887],
        "stdev": [0.170837566257, 0.124047413468, 0.188348039985, 0.153626069427, 0.0883670300245, 0.055286090821]
    },
    "beats_position": [0.580498874187, 1.17260766029, 1.764716506, 2.36843538284, 2.97215414047, 3.58748292923, 4.20281171799, 4.81814050674, 5.4334692955, 6.03718805313, 6.64090681076, 7.24462556839, 7.84834432602, 8.46367359161, 9.07900238037, 9.69433116913, 10.3096599579, 10.9249887466, 11.5403175354, 12.144036293, 12.7593650818, 13.3746938705, 13.9900226593, 14.6053514481, 15.2206802368, 15.8360090256, 16.4397277832, 17.0434455872, 17.6587753296, 18.2741031647, 18.8894329071, 19.5047607422, 20.1317005157, 20.758638382, 21.3623580933, 21.9776859283, 22.5581855774, 23.1386852264, 23.707572937, 24.2880725861, 24.8569602966, 25.4258499146, 25.9947395325, 26.563627243, 27.1441268921, 27.7246246338, 28.2819042206, 28.8507938385, 29.4196815491, 30.1046714783, 30.7896595001, 31.474647522, 32.1596374512, 32.8446235657, 33.5296134949, 34.2146034241],
