{
"metadata": {
    "version": {
        "essentia": "2.1-beta5",
        "essentia_git_sha": "Undefined",
        "extractor": "music 2.0"
    },
    "audio_properties": {
        "analysis": {
            "equal_loudness": 0,
            "length": 48.7502937317,
            "sample_rate": 44100,
            "start_time": 12.7477550507,
            "downmix": "mix"
        },
        "bit_rate": 192000,
        "length": 191.669128418,
        "lossless": 0,
        "number_channels": 2,
        "replay_gain": -2.30121040344,
        "sample_rate": 48000,
        "codec": "mp3",
        "md5_encoded": "ba466e0e006f7f54a34d8862ab69f1f7"
    },
    "tags": {
        "file_name": "Georgia_Warrior_Nina Sublatti.mp3",
        "encoding": ["Lavf58.29.100"]
    }
},
"lowlevel": {
    "average_loudness": 0.832029700279,
    "barkbands_crest": {
        "max": 23.2780838013,
        "mean": 9.86962509155,
        "min": 2.38242721558,
        "stdev": 4.26163244247
    },
    "barkbands_flatness_db": {
        "max": 0.288364708424,
        "mean": 0.119549237192,
        "min": 0.0390211865306,
        "stdev": 0.036954395473
    },
    "barkbands_kurtosis": {
        "max": 58.957359314,
        "mean": 1.40388441086,
        "min": -1.87991201878,
        "stdev": 4.49683523178
    },
    "barkbands_skewness": {
        "max": 7.2979221344,
        "mean": 0.855407714844,
        "min": -2.24066352844,
        "stdev": 1.1320207119
    },
    "barkbands_spread": {
        "max": 111.780647278,
        "mean": 31.6652565002,
        "min": 3.14996051788,
        "stdev": 14.8501272202
    },
    "dissonance": {
        "max": 0.499999940395,
        "mean": 0.479938149452,
        "min": 0.329335927963,
        "stdev": 0.0173306502402
    },
    "dynamic_complexity": 4.38151168823,
    "erbbands_crest": {
        "max": 27.7630310059,
        "mean": 9.04024600983,
        "min": 2.25185084343,
        "stdev": 4.9998216629
    },
    "erbbands_flatness_db": {
        "max": 0.305991292,
        "mean": 0.155719771981,
        "min": 0.0618979074061,
        "stdev": 0.0417515970767
    },
    "erbbands_kurtosis": {
        "max": 22.9916362762,
        "mean": 0.874645292759,
        "min": -1.44866359234,
        "stdev": 2.29810428619
    },
    "erbbands_skewness": {
        "max": 2.9669778347,
        "mean": -0.0170737635344,
        "min": -2.85386538506,
        "stdev": 0.679127335548
    },
    "erbbands_spread": {
        "max": 111.145614624,
        "mean": 33.9922332764,
        "min": 3.63690376282,
        "stdev": 16.9246826172
    },
    "hfc": {
        "max": 107.961730957,
        "mean": 24.1712722778,
        "min": 0.571847319603,
        "stdev": 22.7448539734
    },
    "loudness_ebu128": {
        "integrated": -21.8719558716,
        "loudness_range": 6.79423522949,
        "momentary": {
            "max": -17.1894359589,
            "mean": -23.2880554199,
            "min": -31.4603862762,
            "stdev": 3.78324604034
        },
        "short_term": {
            "max": -18.5785198212,
            "mean": -22.7003936768,
            "min": -26.9097290039,
            "stdev": 2.57484793663
        }
    },
    "melbands_crest": {
        "max": 35.7830429077,
        "mean": 14.6929807663,
        "min": 3.14857697487,
        "stdev": 6.18867206573
    },
    "melbands_flatness_db": {
        "max": 0.365459293127,
        "mean": 0.159304410219,
        "min": 0.0552754327655,
        "stdev": 0.0517516098917
    },
    "melbands_kurtosis": {
        "max": 170.284347534,
        "mean": 7.60343933105,
        "min": -1.77973508835,
        "stdev": 13.0038003922
    },
    "melbands_skewness": {
        "max": 11.5762329102,
        "mean": 2.00848531723,
        "min": -1.73317408562,
        "stdev": 1.61772370338
    },
    "melbands_spread": {
        "max": 156.22756958,
        "mean": 37.8796386719,
        "min": 2.04385209084,
        "stdev": 20.6404762268
    },
    "pitch_salience": {
        "max": 0.826572954655,
        "mean": 0.540422737598,
        "min": 0.153536170721,
        "stdev": 0.113766469061
    },
    "silence_rate_20dB": {
        "max": 1,
        "mean": 1,
        "min": 1,
        "stdev": 0
    },
    "silence_rate_30dB": {
        "max": 1,
        "mean": 1,
        "min": 1,
        "stdev": 0
    },
    "silence_rate_60dB": {
        "max": 1,
        "mean": 0.0909090936184,
        "min": 0,
        "stdev": 0.287481755018
    },
    "spectral_centroid": {
        "max": 3716.67895508,
        "mean": 1887.40881348,
        "min": 493.271392822,
        "stdev": 539.880187988
    },
    "spectral_complexity": {
        "max": 53,
        "mean": 19.2113285065,
        "min": 1,
        "stdev": 11.5095357895
    },
    "spectral_decrease": {
        "max": -1.62398511305e-10,
        "mean": -4.75023931301e-09,
        "min": -2.47357121452e-08,
        "stdev": 3.97021215903e-09
    },
    "spectral_energy": {
        "max": 0.103150747716,
        "mean": 0.0201209094375,
        "min": 0.000730218423996,
        "stdev": 0.0167620778084
    },
    "spectral_energyband_high": {
        "max": 0.00749599421397,
        "mean": 0.00114327622578,
        "min": 1.92208085537e-06,
        "stdev": 0.00136219675187
    },
    "spectral_energyband_low": {
        "max": 0.0594766885042,
        "mean": 0.00651355274022,
        "min": 1.08602644104e-05,
        "stdev": 0.00692933984101
    },
    "spectral_energyband_middle_high": {
        "max": 0.05855756253,
        "mean": 0.00854205992073,
        "min": 0.000136838294566,
        "stdev": 0.0100281117484
    },
    "spectral_energyband_middle_low": {
        "max": 0.0489346981049,
        "mean": 0.00424414873123,
        "min": 5.65283480682e-05,
        "stdev": 0.0050882329233
    },
    "spectral_entropy": {
        "max": 8.78977203369,
        "mean": 7.78972053528,
        "min": 6.61084127426,
        "stdev": 0.323641568422
    },
    "spectral_flux": {
        "max": 0.237505972385,
        "mean": 0.0820413529873,
        "min": 0.0139736868441,
        "stdev": 0.0417685993016
    },
    "spectral_kurtosis": {
        "max": 12.89747715,
        "mean": 3.34900999069,
        "min": -1.26480078697,
        "stdev": 1.87293314934
    },
    "spectral_rms": {
        "max": 0.010031693615,
        "mean": 0.00403707800433,
        "min": 0.00084404280642,
        "stdev": 0.00182541029062
    },
    "spectral_rolloff": {
        "max": 10895.8007812,
        "mean": 2028.39526367,
        "min": 43.06640625,
        "stdev": 1527.00976562
    },
    "spectral_skewness": {
        "max": 2.64140343666,
        "mean": 1.32982563972,
        "min": 0.293984979391,
        "stdev": 0.299049466848
    },
    "spectral_spread": {
        "max": 20219446,
        "mean": 4464248.5,
        "min": 2127081.75,
        "stdev": 1532655.875
    },
    "spectral_strongpeak": {
        "max": 12.7238121033,
        "mean": 1.38770532608,
        "min": 0,
        "stdev": 2.24665689468
    },
    "zerocrossingrate": {
        "max": 0.31640625,
        "mean": 0.0763961449265,
        "min": 0.00927734375,
        "stdev": 0.035068731755
    },
    "barkbands": {
        "max": [0.01455350779, 0.0520223751664, 0.0193416401744, 0.00756394863129, 0.0116433091462, 0.0370497740805, 0.0212876722217, 0.0188380908221, 0.039006523788, 0.0241451188922, 0.029298344627, 0.0391374342144, 0.0328158475459, 0.0522871315479, 0.0185843948275, 0.0276741813868, 0.0124100083485, 0.00916937086731, 0.00711688259616, 0.00803410261869, 0.00270250951871, 0.0016423977213, 0.00352744571865, 0.00357631547377, 0.00327456463128, 0.000952339090873, 1.8976692445e-05],
        "mean": [0.000585661095101, 0.00468176044524, 0.00103469565511, 0.000596550351474, 0.000632225594018, 0.00104820367415, 0.000678437994793, 0.000505907519255, 0.000607874011621, 0.000730658648536, 0.000877128040884, 0.00114473537542, 0.00102117913775, 0.00157300953288, 0.000737140595447, 0.00103841116652, 0.000472242682008, 0.000364892242942, 0.000368854787666, 0.000650086381938, 0.000140998497955, 0.000104595019366, 0.000217278240598, 0.000188921578228, 9.21376195038e-05, 2.73094919976e-05, 1.84078032817e-08],
        "min": [2.2456500659e-08, 1.44053751683e-06, 2.8113524877e-06, 1.23780489503e-06, 6.13949305261e-06, 5.53074551135e-06, 2.01463058147e-06, 1.24886275898e-06, 7.03538717062e-06, 2.39288556259e-06, 3.26492636304e-06, 7.9309920693e-06, 2.72783290711e-06, 6.66275991534e-06, 4.77697403767e-06, 5.95589699515e-06, 3.83335554943e-06, 5.06348169438e-06, 1.21233563277e-06, 1.19929427456e-06, 6.05094726325e-07, 1.62953426752e-07, 1.82239560331e-07, 7.52341122734e-08, 2.68728701514e-08, 6.93519755512e-11, 8.77833708501e-11],
        "stdev": [0.00120276934467, 0.00534815853462, 0.00182352552656, 0.000847143586725, 0.000693927519023, 0.00282212882303, 0.00127656327095, 0.00129345187452, 0.00179261970334, 0.00203220988624, 0.00216673361138, 0.00308779533952, 0.0028400674928, 0.00369873247109, 0.00174324330874, 0.00248149619438, 0.000916566350497, 0.000587755232118, 0.000616607023403, 0.00110019138083, 0.000209594669286, 0.000144340127008, 0.000320155842928, 0.000302404543618, 0.000210835161852, 6.2377032009e-05, 4.36419412608e-07]
    },
    "erbbands": {
        "max": [2.61500453949, 9.36788463593, 22.2026615143, 23.8706893921, 18.5702400208, 25.7302379608, 300.72177124, 418.249298096, 365.713500977, 276.811096191, 413.632659912, 880.559082031, 1128.88513184, 966.25793457, 1618.11279297, 892.752502441, 1496.51000977, 2088.31225586, 1918.15991211, 1297.63110352, 1326.45031738, 478.835845947, 530.015686035, 450.793060303, 255.92489624, 336.168823242, 141.132751465, 153.200836182, 51.0138397217, 63.596282959, 116.869163513, 114.567512512, 62.3771820068, 44.2641143799, 18.6904678345, 6.73875570297, 1.68056356907, 0.28173288703, 0.00484119681641, 0.000222694128752],
        "mean": [0.165997445583, 0.901215851307, 1.4429885149, 1.54947221279, 1.95324444771, 2.07627534866, 4.32256793976, 11.020318985, 10.138835907, 11.072924614, 8.77194213867, 14.7055845261, 20.4177932739, 21.4665260315, 51.4221534729, 41.2916412354, 45.8981018066, 65.5128860474, 68.0936584473, 46.9501190186, 41.7128829956, 26.7161617279, 21.6309299469, 22.06341362, 18.0797595978, 29.497171402, 11.9686126709, 4.77261447906, 3.67962861061, 4.31390142441, 6.78292179108, 5.12969827652, 2.48138928413, 1.29326188564, 0.522603273392, 0.191503211856, 0.035607073456, 0.00126265292056, 5.37820415047e-05, 2.99126731989e-05],
        "min": [1.75471759576e-05, 0.000565504131373, 0.0062904576771, 0.00420274818316, 0.00799428671598, 0.0124889267609, 0.0382831208408, 0.0623493976891, 0.0649007633328, 0.0463675893843, 0.0443946160376, 0.188833028078, 0.310339421034, 0.188928559422, 0.338614016771, 0.387469500303, 0.20454081893, 0.379083544016, 0.350761950016, 0.233440890908, 0.365037858486, 0.30232450366, 0.279404193163, 0.0965795069933, 0.0820659995079, 0.0595010630786, 0.0281131025404, 0.0167978722602, 0.0077176480554, 0.00522133149207, 0.00419905222952, 0.00211258418858, 0.00108590023592, 0.000439488096163, 6.73772519804e-05, 3.75371769223e-06, 8.76600665833e-07, 1.79405532208e-07, 6.43317946469e-07, 1.16338674161e-06],
        "stdev": [0.225326910615, 1.06570410728, 2.14081454277, 2.24835205078, 2.50148701668, 2.41236233711, 11.4100494385, 31.6760864258, 18.996213913, 23.5698299408, 23.3609046936, 41.6338348389, 52.7380638123, 57.3266525269, 139.901611328, 90.5124359131, 119.106536865, 146.3724823, 145.258361816, 102.056259155, 90.4847183228, 45.7890853882, 33.6188697815, 37.2924995422, 26.4835796356, 49.8295669556, 18.265417099, 7.30800819397, 4.89706802368, 6.1017742157, 10.3121423721, 7.70680761337, 4.56958150864, 2.79670143127, 1.3666934967, 0.41235730052, 0.0985127165914, 0.00914684031159, 0.000172807747731, 2.5836225177e-05]
    },
    "gfcc": {
        "mean": [-6.39766788483, 86.5055770874, -136.890472412, 46.6885986328, -55.6474647522, 33.8402824402, -37.7842292786, 14.6497993469, -20.4800395966, 6.31431436539, -5.37201404572, -1.22237312794, -3.7467315197],
        "cov": [[4713.56689453, -1469.75524902, 64.1541366577, -140.317077637, -118.640205383, 248.823059082, -343.635925293, 354.089935303, -177.004135132, 322.807281494, -14.3853273392, 158.559997559, -287.587890625], [-1469.75524902, 977.945007324, -130.585418701, 101.685493469, 135.017410278, -142.887420654, 194.771347046, -166.75743103, 145.274551392, -126.945640564, 96.7190628052, -120.603004456, 155.699951172], [64.1541366577, -130.585418701, 492.527770996, 65.0037155151, -47.5397529602, 71.833770752, -44.6609306335, 68.5365142822, -22.8819561005, 49.8044471741, -92.7217254639, 74.935874939, -20.359916687], [-140.317077637, 101.685493469, 65.0037155151, 204.071853638, 20.2423858643, -35.2918663025, 41.1264457703, 7.55507707596, 59.8132476807, -19.5313472748, 6.25294542313, -13.9067192078, 48.2843933105], [-118.640205383, 135.017410278, -47.5397529602, 20.2423858643, 195.071746826, 27.4004173279, 51.9432983398, -12.9843492508, 32.3467750549, -2.97181653976, 14.4872655869, -8.59175014496, 8.36728382111], [248.823059082, -142.887420654, 71.833770752, -35.2918663025, 27.4004173279, 196.367523193, 33.7323493958, -7.78180885315, -19.8587322235, 13.2615098953, -2.70444536209, 10.9396247864, -28.2307472229], [-343.635925293, 194.771347046, -44.6609306335, 41.1264457703, 51.9432983398, 33.7323493958, 163.033355713, -43.5554962158, 25.8148670197, -22.0378303528, 38.6504707336, -25.0714511871, 27.4148788452], [354.089935303, -166.75743103, 68.5365142822, 7.55507707596, -12.9843492508, -7.78180885315, -43.5554962158, 156.159378052, 22.7374172211, 33.353603363, -19.0148525238, 28.613489151, -3.71572732925], [-177.004135132, 145.274551392, -22.8819561005, 59.8132476807, 32.3467750549, -19.8587322235, 25.8148670197, 22.7374172211, 129.243743896, -11.7668657303, 24.3212738037, -10.4734830856, 50.2558021545], [322.807281494, -126.945640564, 49.8044471741, -19.5313472748, -2.97181653976, 13.2615098953, -22.0378303528, 33.353603363, -11.7668657303, 112.139343262, 11.790307045, 32.2948074341, -29.6522216797], [-14.3853273392, 96.7190628052, -92.7217254639, 6.25294542313, 14.4872655869, -2.70444536209, 38.6504707336, -19.0148525238, 24.3212738037, 11.790307045, 136.734420776, -10.9387025833, 29.0090312958], [158.559997559, -120.603004456, 74.935874939, -13.9067192078, -8.59175014496, 10.9396247864, -25.0714511871, 28.613489151, -10.4734830856, 32.2948074341, -10.9387025833, 96.4015808105, -5.86192417145], [-287.587890625, 155.699951172, -20.359916687, 48.2843933105, 8.36728382111, -28.2307472229, 27.4148788452, -3.71572732925, 50.2558021545, -29.6522216797, 29.0090312958, -5.86192417145, 104.982917786]],
        "icov": [[0.000543640169781, 0.000307281443384, 0.000429619540228, -0.000470692611998, 5.2639941714e-05, -0.00069468060974, 0.000732942076866, -0.000777471461333, 0.000291602365905, -0.000762309122365, -0.000315032200888, -0.000115919850941, 0.000649066932965], [0.000307281443384, 0.00522456876934, -0.00209293374792, 0.00205437280238, -0.00257717911154, 0.00452571548522, -0.00344518083148, 0.00385932391509, -0.00346984923817, 0.00188875757158, -0.00194153492339, 0.00376547244377, -0.00285762851126], [0.000429619540228, -0.00209293374792, 0.00493495771661, -0.00337006244808, 0.00204990617931, -0.00444407528266, 0.00276730465703, -0.00321705336682, 0.00249130744487, -0.00282372697257, 0.00264474726282, -0.00366755644791, 0.00166728219483], [-0.000470692611998, 0.00205437280238, -0.00337006244808, 0.00883188750595, -0.00177636940498, 0.00469985418022, -0.00406022975221, 0.00259087583981, -0.00414780620486, 0.00239109969698, -0.000894825148862, 0.00316087156534, -0.00340976170264], [5.2639941714e-05, -0.00257717911154, 0.00204990617931, -0.00177636940498, 0.00740185147151, -0.00361299538054, 0.000651798560284, -0.00212446413934, 0.000564591551665, -0.00175978254993, 0.00138326454908, -0.00235558883287, 0.00209298171103], [-0.00069468060974, 0.00452571548522, -0.00444407528266, 0.00469985418022, -0.00361299538054, 0.0123720122501, -0.00666934903711, 0.00537988403812, -0.00382176646963, 0.00346351740882, -0.00201493524946, 0.00392302265391, -0.00250802375376], [0.000732942076866, -0.00344518083148, 0.00276730465703, -0.00406022975221, 0.000651798560284, -0.00666934903711, 0.0126987919211, -0.00262620043941, 0.00280066183768, -0.00226116250269, -0.000551256758627, -0.00221534818411, 0.0023162458092], [-0.000777471461333, 0.00385932391509, -0.00321705336682, 0.00259087583981, -0.00212446413934, 0.00537988403812, -0.00262620043941, 0.012956163846, -0.00581874372438, 0.00124095042702, -0.000369361543562, 0.00234796013683, -0.00353954802267], [0.000291602365905, -0.00346984923817, 0.00249130744487, -0.00414780620486, 0.000564591551665, -0.00382176646963, 0.00280066183768, -0.00581874372438, 0.014193511568, -0.00210642535239, 0.000382841215469, -0.0022034633439, -0.00129250716418], [-0.000762309122365, 0.00188875757158, -0.00282372697257, 0.00239109969698, -0.00175978254993, 0.00346351740882, -0.00226116250269, 0.00124095042702, -0.00210642535239, 0.0143098188564, -0.00353456917219, -0.000703023571987, 0.00115676166024], [-0.000315032200888, -0.00194153492339, 0.00264474726282, -0.000894825148862, 0.00138326454908, -0.00201493524946, -0.000551256758627, -0.000369361543562, 0.000382841215469, -0.00353456917219, 0.0109232645482, -0.001425457187, -0.00185976736248], [-0.000115919850941, 0.00376547244377, -0.00366755644791, 0.00316087156534, -0.00235558883287, 0.00392302265391, -0.00221534818411, 0.00234796013683, -0.0022034633439, -0.000703023571987, -0.001425457187, 0.0162442177534, -0.00400571059436], [0.000649066932965, -0.00285762851126, 0.00166728219483, -0.00340976170264, 0.00209298171103, -0.00250802375376, 0.0023162458092, -0.00353954802267, -0.00129250716418, 0.00115676166024, -0.00185976736248, -0.00400571059436, 0.0170974321663]]
    },
    "melbands": {
        "max": [0.0184011589736, 0.0095407217741, 0.0034416213166, 0.00120311731007, 0.00824478920549, 0.00816109683365, 0.00508997868747, 0.00313538592309, 0.00332041899674, 0.00659810891375, 0.00549693079665, 0.0040968824178, 0.00427119154483, 0.00459074601531, 0.00332720438018, 0.00389264617115, 0.00493868114427, 0.00374588556588, 0.00139734928962, 0.00202854978852, 0.00118698948063, 0.000745822675526, 0.00076388916932, 0.000579498300795, 0.000443303608336, 0.000349038833519, 0.000401554629207, 0.000310568080749, 0.000165855468367, 6.35866090306e-05, 9.29922898649e-05, 2.7792133551e-05, 4.35370129708e-05, 3.88015469071e-05, 9.3135444331e-05, 7.16334470781e-05, 5.38189924555e-05, 3.69632180082e-05, 5.75685007789e-05, 3.92363835999e-05],
        "mean": [0.00139234797098, 0.0008943406865, 0.000289709074423, 0.000134493762744, 0.000146399208461, 0.000232421778492, 0.000147382903378, 0.000122972851386, 6.60537116346e-05, 9.67272208072e-05, 0.000105234037619, 8.67233029567e-05, 0.000142438235343, 0.000131602195324, 0.00011255616846, 9.63368947851e-05, 0.000129998414195, 0.000130171974888, 4.40994444943e-05, 9.17669021874e-05, 3.54260519089e-05, 2.76435494015e-05, 2.21992522711e-05, 1.81546402018e-05, 1.81643590622e-05, 1.17656709335e-05, 1.69781978911e-05, 2.11946025956e-05, 1.00095012385e-05, 3.10893983624e-06, 2.4994544674e-06, 2.07401785701e-06, 1.94517065211e-06, 2.54357291851e-06, 3.87745285479e-06, 4.02294608648e-06, 2.75353590951e-06, 1.81228256224e-06, 1.3315814158e-06, 1.00186332475e-06],
        "min": [2.92442734917e-07, 2.25743633564e-06, 1.03492038761e-06, 9.09816662897e-07, 1.13617329589e-06, 1.50204994043e-06, 9.20310696984e-07, 3.93865548176e-07, 3.27103975906e-07, 1.1101507198e-06, 1.26071029172e-06, 6.10485301422e-07, 7.71997633819e-07, 1.01835291844e-06, 6.34888806417e-07, 2.5828879302e-07, 3.92178094444e-07, 6.27939925835e-07, 3.00964074995e-07, 1.17355334339e-07, 2.67367596507e-07, 2.18612626668e-07, 2.16364256289e-07, 2.02831159868e-07, 4.02064195271e-08, 3.82578271285e-08, 4.22264001543e-08, 3.01161691141e-08, 1.78107395499e-08, 1.55708068661e-08, 5.82221115764e-09, 3.99893096414e-09, 2.88256818415e-09, 2.15947681959e-09, 1.86731385909e-09, 2.37568542616e-09, 6.84878154189e-10, 5.93810112193e-10, 3.47027159613e-12, 2.53413848066e-12],
        "stdev": [0.0016870360123, 0.00110005505849, 0.000379405304557, 0.000145404541399, 0.00032488166471, 0.000630518479738, 0.000271468365099, 0.000271987868473, 0.000185387514648, 0.000286771624815, 0.000276889302768, 0.000251023477176, 0.00036704345257, 0.000370357884094, 0.000281679909676, 0.000301232910715, 0.00032471618033, 0.000301540188957, 0.000110469620267, 0.000221942435019, 7.86684686318e-05, 5.51024641027e-05, 4.09435051552e-05, 3.40227525157e-05, 3.40387341566e-05, 2.15238815144e-05, 3.40693295584e-05, 3.88294902223e-05, 1.85323624464e-05, 4.7792004807e-06, 4.21656113758e-06, 2.81202437691e-06, 2.97712699648e-06, 3.76558978132e-06, 6.43202793071e-06, 6.22361994829e-06, 4.26514770879e-06, 3.43461192642e-06, 2.99572275253e-06, 2.27071632253e-06]
    },
    "melbands128": {
        "max": [0.01221603062, 0.024875536561, 0.0230088476092, 0.0129360258579, 0.0141858831048, 0.00874025188386, 0.00579740107059, 0.00383921316825, 0.00211379094981, 0.00136708049104, 0.00141355441883, 0.00515588419512, 0.0147014092654, 0.0113683324307, 0.0159011073411, 0.00653007347137, 0.00572561006993, 0.00808943063021, 0.00369466980919, 0.00387195148505, 0.00463138334453, 0.00637629628181, 0.00520384730771, 0.00732562504709, 0.00533802062273, 0.0148142455146, 0.00792429689318, 0.00877250824124, 0.00707998825237, 0.00744877429679, 0.00629101414233, 0.00698260264471, 0.0076672215946, 0.0114907408133, 0.0107254013419, 0.00484956847504, 0.00421462813392, 0.00541588338092, 0.00734387570992, 0.00772019149736, 0.00871818792075, 0.00464150542393, 0.0040671331808, 0.0141090583056, 0.00650122761726, 0.00717997923493, 0.00289584998973, 0.00260303262621, 0.0026249284856, 0.00414286367595, 0.00410959171131, 0.00624911813065, 0.00206719595008, 0.00102289789356, 0.00272090220824, 0.00122122978792, 0.000832878926303, 0.00192189298104, 0.000507111661136, 0.000860714935698, 0.000966409279499, 0.00119732564781, 0.000709841784555, 0.000843973306473, 0.000972151989117, 0.000802638358437, 0.000228249788051, 0.000229050798225, 0.000855716469232, 0.000612123985775, 0.000430681539001, 0.000951321155299, 0.000473960855743, 0.000236213789321, 8.84349719854e-05, 9.51573747443e-05, 0.000102889251139, 0.000207607066841, 9.67390660662e-05, 4.30898253398e-05, 3.10586874548e-05, 3.50371010427e-05, 2.822213537e-05, 6.60696750856e-05, 6.29543574178e-05, 4.94725500175e-05, 4.60651572212e-05, 0.000124423429952, 0.000183269847184, 0.000110748522275, 9.07353605726e-05, 0.000119710181025, 0.000219647030463, 4.29245556006e-05, 6.68180291541e-05, 5.97032958467e-05, 5.30909419467e-05, 4.87522011099e-05, 7.20397874829e-05, 5.44407630514e-05, 4.87541437906e-05, 3.26791086991e-05, 4.37751004938e-05, 3.86905958294e-05, 2.60937995336e-05, 2.1359339371e-05, 1.98651487153e-05, 1.60330837389e-05, 1.05233048089e-05, 1.10033843157e-05, 1.59366973094e-05, 7.73837473389e-06, 7.49107721276e-06, 8.19209526526e-06, 5.6803219195e-06, 3.98726615458e-06, 6.34147056644e-07, 1.28013608602e-08, 1.22456977891e-08, 1.17952518863e-08, 1.14151363917e-08, 1.10764437622e-08, 1.07952979889e-08, 1.05370574488e-08, 1.03380148886e-08, 1.01961994403e-08, 1.00792956204e-08, 1.0010118956e-08],
        "mean": [0.000514028826728, 0.00144790892955, 0.00166434724815, 0.00148195168003, 0.000909900234547, 0.000443027209258, 0.000297223654343, 0.000307066802634, 0.000188441510545, 0.000104365302832, 0.000109181790322, 0.000130497923237, 0.000123696736409, 0.000193717292859, 0.000326365669025, 0.000179896363989, 0.000167254853295, 0.000152951310156, 0.000106991989014, 0.00012203737424, 0.000147123544593, 8.13949518488e-05, 4.8714595323e-05, 5.2857787523e-05, 9.30703245103e-05, 0.000129242645926, 7.46786172385e-05, 9.41506659728e-05, 0.000145346508361, 9.81499542831e-05, 6.20284990873e-05, 6.87416104483e-05, 9.66835577856e-05, 0.000270236690994, 0.000171638268512, 6.2620958488e-05, 9.98933028313e-05, 0.000144519959576, 9.75793009275e-05, 8.39404310682e-05, 0.000121684402984, 6.9581437856e-05, 9.13174080779e-05, 0.000202892770176, 0.000161879637744, 0.000140040676342, 5.42987290828e-05, 3.452189776e-05, 4.31037879025e-05, 4.96488792123e-05, 0.000131569977384, 0.000103616628621, 2.11204751395e-05, 1.87222794921e-05, 2.60526849161e-05, 2.94431447401e-05, 2.73646110145e-05, 2.77649523923e-05, 1.6930673155e-05, 1.90349892364e-05, 1.91594263015e-05, 1.44547211676e-05, 2.30873411056e-05, 1.73690623342e-05, 1.42576454891e-05, 1.26331860884e-05, 8.52980338095e-06, 1.18895113701e-05, 2.25610256166e-05, 1.97967437998e-05, 1.45808817251e-05, 3.28841306327e-05, 1.39299263537e-05, 5.56342138225e-06, 3.55619545189e-06, 3.07842992697e-06, 2.96052144222e-06, 2.73025375463e-06, 2.52373638432e-06, 2.16089870264e-06, 2.1335515612e-06, 2.02254159376e-06, 1.91108279068e-06, 1.76399692009e-06, 2.15717477658e-06, 2.28831959248e-06, 2.44452417064e-06, 3.53527047992e-06, 3.89761453334e-06, 4.23388155468e-06, 4.31023318015e-06, 3.86489455195e-06, 3.791801646e-06, 2.61579884864e-06, 2.45646242547e-06, 1.69291627117e-06, 1.99502778742e-06, 1.36427456709e-06, 1.39949872846e-06, 1.19891740269e-06, 1.19281548905e-06, 9.11340464427e-07, 8.96309984455e-07, 7.21747596799e-07, 5.76957461362e-07, 4.65033707542e-07, 3.46248299365e-07, 3.14453728834e-07, 3.44031917621e-07, 3.2176131981e-07, 2.93785518579e-07, 1.91486378753e-07, 4.2642138709e-08, 2.46994495967e-08, 1.0194336042e-08, 6.30423535597e-09, 7.0987249412e-10, 1.6166927172e-11, 1.51170690549e-11, 1.45654443368e-11, 1.41062196646e-11, 1.37265693603e-11, 1.34023105114e-11, 1.30856566902e-11, 1.27262506089e-11, 1.23179426728e-11, 1.20522264044e-11, 1.1953929166e-11],
        "min": [9.2390344264e-09, 7.99819854791e-09, 6.56240999319e-08, 4.51422636161e-07, 1.63787092333e-06, 1.32129525809e-06, 5.69746362089e-07, 7.72602732013e-07, 4.3090611257e-07, 1.97674751234e-07, 1.5650266505e-07, 2.13977187968e-07, 3.33488003434e-07, 7.00692510236e-07, 3.43487613463e-07, 4.1004594209e-07, 4.07354491472e-07, 3.20155095324e-07, 1.61811115618e-07, 1.49765440938e-07, 6.11508426118e-08, 1.012401043e-07, 1.19724845149e-07, 1.22717139561e-07, 1.55983343575e-07, 1.38531248695e-07, 1.5401984399e-07, 3.2184311749e-07, 2.62265416495e-07, 2.41351131081e-07, 1.30294210976e-07, 2.55687552908e-07, 3.01106751976e-07, 2.98460577142e-07, 4.3717628273e-07, 1.66050270423e-07, 3.31533414055e-07, 1.21201381376e-07, 1.64689964777e-07, 1.04381584265e-07, 1.18096266988e-07, 1.57446237381e-07, 1.73077594923e-07, 1.59765988883e-07, 2.74824799362e-07, 2.42256248839e-07, 2.09792872852e-07, 1.08473464877e-07, 9.15760693943e-08, 4.96286816087e-08, 5.54381536233e-08, 1.5889688143e-07, 1.00154174731e-07, 8.98786893799e-08, 6.5012166317e-08, 1.03125081807e-07, 8.87986857379e-08, 7.6801910609e-08, 6.5868974275e-08, 1.06196587524e-07, 7.09573129143e-08, 5.21934886422e-08, 1.97027034687e-08, 1.68951252988e-08, 8.97891894169e-09, 7.5923711762e-09, 1.29101120905e-08, 3.56181821815e-08, 1.9407851326e-08, 1.75745391573e-08, 1.06421209622e-08, 7.00098512496e-09, 1.53976742467e-08, 9.56871293312e-09, 6.15828144035e-09, 7.38554639668e-09, 6.48954623372e-09, 4.3039012354e-09, 6.65486277196e-10, 1.0268568218e-09, 8.5181506293e-10, 1.57544075008e-10, 3.13443659916e-10, 5.8701687955e-10, 2.59759963539e-10, 1.1253297183e-09, 2.54303822445e-09, 7.77298225785e-10, 6.31315555388e-10, 1.19357135286e-09, 8.43626668523e-10, 1.17249521203e-09, 4.75298744806e-10, 3.56469541385e-11, 7.29464405547e-12, 1.49981086578e-11, 4.69488120255e-12, 2.30376004731e-12, 3.51362753996e-12, 1.470731089e-12, 2.19485974534e-12, 2.11520406225e-12, 1.92405488243e-12, 3.86698702573e-12, 6.96348252498e-13, 9.70610961396e-13, 6.77990974994e-13, 4.59000079698e-13, 2.52266252592e-13, 3.10468962822e-13, 2.91092453961e-13, 3.4947492491e-13, 3.26107901533e-13, 2.16999879979e-13, 2.57758522642e-13, 2.57924920571e-13, 2.6051985005e-13, 2.92014215543e-13, 2.6481895561e-13, 2.48843534754e-13, 2.91442705472e-13, 3.03536628341e-13, 2.46521471856e-13, 2.60484640585e-13, 1.97656385074e-13, 7.90667851287e-14, 9.56412768129e-15, 2.24520296941e-16],
        "stdev": [0.0010208383901, 0.00219736387953, 0.00212550442666, 0.00183726649266, 0.00131555821281, 0.000813247461338, 0.000497042259667, 0.000440493662609, 0.000268483738182, 0.000156316702487, 0.00014514553186, 0.000207144563319, 0.000447420112323, 0.000651550712064, 0.00110831717029, 0.000488456280436, 0.000338970305165, 0.000364264415111, 0.000276226579444, 0.000315727258567, 0.000396362651372, 0.000294013181701, 0.000193055471755, 0.000249147764407, 0.00031558208866, 0.000521151465364, 0.000340409431374, 0.00036911672214, 0.000474544853205, 0.000376469368348, 0.000290541502181, 0.000309100170853, 0.000315282988595, 0.000881726853549, 0.00076372444164, 0.000266543560429, 0.000364210980479, 0.000438814575318, 0.000395957264118, 0.000360127305612, 0.000514752115123, 0.000289327435894, 0.000310472154524, 0.000714303634595, 0.000513871840667, 0.00045215911814, 0.000168851431226, 0.000131114880787, 0.000175068242243, 0.000216815649765, 0.000377870193915, 0.000341655540979, 7.83826981205e-05, 5.34460996278e-05, 0.00011916965741, 7.50267427065e-05, 6.52578964946e-05, 8.92964089871e-05, 3.48418034264e-05, 4.49802173534e-05, 5.1513168728e-05, 4.02792720706e-05, 5.83383043704e-05, 4.62817806692e-05, 3.95858369302e-05, 3.59871482942e-05, 1.64767807291e-05, 2.28859298659e-05, 6.67112108204e-05, 5.57599487365e-05, 3.47803907061e-05, 9.3797018053e-05, 3.44238324033e-05, 1.31775886985e-05, 6.49996263746e-06, 5.49624701307e-06, 6.01845067649e-06, 6.30740942142e-06, 5.1711526794e-06, 3.47244736076e-06, 3.12386191581e-06, 3.00002602671e-06, 2.87524630949e-06, 3.23115887113e-06, 3.97314170186e-06, 3.80074629902e-06, 4.11048722526e-06, 7.0146957114e-06, 8.77710499481e-06, 8.13810402178e-06, 7.8540206232e-06, 7.44473481973e-06, 8.57420491229e-06, 4.35639913121e-06, 4.72372175864e-06, 3.48429239239e-06, 5.09091296408e-06, 3.18710067404e-06, 3.58614647666e-06, 2.9102791359e-06, 2.90650132229e-06, 2.21522645916e-06, 2.54941255662e-06, 2.18189939005e-06, 1.77890683517e-06, 1.43806448705e-06, 9.78096181825e-07, 7.96940867076e-07, 7.26042799215e-07, 8.07140111192e-07, 7.44911972106e-07, 4.94113351124e-07, 3.00208768067e-07, 2.75334315347e-07, 1.89977612308e-07, 1.25516919525e-07, 1.53411576775e-08, 3.94383581348e-10, 3.77162912013e-10, 3.63343799492e-10, 3.51722595493e-10, 3.41291772621e-10, 3.32703170569e-10, 3.24697602139e-10, 3.18564785662e-10, 3.1426838909e-10, 3.1064015249e-10, 3.08516212577e-10]
    },
    "mfcc": {
        "mean": [-638.160217285, 104.085868835, -10.1610622406, 17.4964485168, 10.4807605743, 13.3232355118, 6.56317949295, 7.530813694, -2.53685474396, 10.7688770294, -4.18199110031, 5.37960386276, 3.17786622047],
        "cov": [[4499.55664062, -1165.4152832, 17.0348300934, -328.122375488, 148.510681152, -224.676147461, 33.76795578, -56.7195205688, -176.953811646, 198.165557861, -5.03000974655, 84.0347900391, 180.86100769], [-1165.4152832, 704.750976562, -146.219116211, 138.645507812, -32.2668266296, 86.4864578247, 10.7907009125, -7.43248939514, 42.9307174683, -35.3496398926, 25.1784725189, -17.1118736267, -28.0939178467], [17.0348300934, -146.219116211, 441.955200195, -7.72145795822, 31.4610309601, 1.08721721172, -13.3611860275, 1.27121937275, 73.5165786743, -65.6195831299, 42.7915687561, -7.98791313171, -3.11605978012], [-328.122375488, 138.645507812, -7.72145795822, 243.121124268, 1.14015877247, -0.756652832031, -21.6395626068, 4.85050535202, 51.5489120483, -22.1338577271, 11.6419458389, 9.16275215149, 9.17463111877], [148.510681152, -32.2668266296, 31.4610309601, 1.14015877247, 142.429763794, -19.1461009979, -7.85982131958, 16.5466880798, 33.2345504761, 13.077457428, 3.6992995739, -1.20313215256, 19.4232959747], [-224.676147461, 86.4864578247, 1.08721721172, -0.756652832031, -19.1461009979, 212.65222168, 47.331325531, 29.0063858032, -9.30773162842, 4.86447238922, 14.9715509415, -15.7707109451, -31.0636882782], [33.76795578, 10.7907009125, -13.3611860275, -21.6395626068, -7.85982131958, 47.331325531, 121.229804993, 12.376121521, -30.2608108521, 32.1426582336, 2.29804778099, 1.53235518932, 0.249315559864], [-56.7195205688, -7.43248939514, 1.27121937275, 4.85050535202, 16.5466880798, 29.0063858032, 12.376121521, 95.9208602905, 23.0649204254, 10.1995391846, -6.24108600616, 2.20938944817, -8.47811317444], [-176.953811646, 42.9307174683, 73.5165786743, 51.5489120483, 33.2345504761, -9.30773162842, -30.2608108521, 23.0649204254, 150.474121094, -34.7749137878, 33.9352645874, -8.48390674591, -4.94935464859], [198.165557861, -35.3496398926, -65.6195831299, -22.1338577271, 13.077457428, 4.86447238922, 32.1426582336, 10.1995391846, -34.7749137878, 118.294242859, -14.0958690643, 6.0578546524, 0.911632418633], [-5.03000974655, 25.1784725189, 42.7915687561, 11.6419458389, 3.6992995739, 14.9715509415, 2.29804778099, -6.24108600616, 33.9352645874, -14.0958690643, 89.5567626953, 9.71343231201, 8.46683120728], [84.0347900391, -17.1118736267, -7.98791313171, 9.16275215149, -1.20313215256, -15.7707109451, 1.53235518932, 2.20938944817, -8.48390674591, 6.0578546524, 9.71343231201, 80.3872070312, 26.4157714844], [180.86100769, -28.0939178467, -3.11605978012, 9.17463111877, 19.4232959747, -31.0636882782, 0.249315559864, -8.47811317444, -4.94935464859, 0.911632418633, 8.46683120728, 26.4157714844, 89.594619751]],
        "icov": [[0.000508238037582, 0.000769106904045, 0.000193732514163, 0.000204185489565, -0.000341444887454, 0.000124189202324, -8.33648227854e-05, 0.000303861394059, 0.000195046959561, -0.000425241683843, -0.000368274544599, -7.06826976966e-05, -0.000582154083531], [0.000769106904045, 0.00317970570177, 0.00118341099005, -0.000669470056891, -0.000404256687034, -0.000547521864064, -0.000481475610286, 0.000973969232291, -0.000302595057292, 9.56926232902e-05, -0.000987715553492, 0.000155449510203, -0.000424671830842], [0.000193732514163, 0.00118341099005, 0.00319903180934, 5.89622795815e-05, -0.00062415341381, -0.000288313574856, -0.000429717911175, 0.000458105583675, -0.00111871410627, 0.0015030996874, -0.00111043185461, 0.000143586963532, 0.000150624458911], [0.000204185489565, -0.000669470056891, 5.89622795815e-05, 0.00517127942294, 8.62708766363e-05, 0.000120435819554, 0.000572755176108, -4.27460363426e-05, -0.00137975811958, -4.96369611938e-05, 0.000149362807861, -0.000755964661948, -0.000999129959382], [-0.000341444887454, -0.000404256687034, -0.00062415341381, 8.62708766363e-05, 0.00847844406962, 0.000378552620532, 0.00047971168533, -0.00137880130205, -0.00198979116976, -0.00140212941915, 0.00046322811977, 0.000823620008305, -0.00168891169596], [0.000124189202324, -0.000547521864064, -0.000288313574856, 0.000120435819554, 0.000378552620532, 0.00619225436822, -0.00191321247257, -0.00189432525076, 0.00102005328517, -5.1944211009e-05, -0.00146935076918, 0.000852423836477, 0.00139060930815], [-8.33648227854e-05, -0.000481475610286, -0.000429717911175, 0.000572755176108, 0.00047971168533, -0.00191321247257, 0.0103446906433, -0.00121709809173, 0.00168249674607, -0.00240534800105, -0.000735386332963, 5.42450470675e-05, -0.000796657288447], [0.000303861394059, 0.000973969232291, 0.000458105583675, -4.27460363426e-05, -0.00137880130205, -0.00189432525076, -0.00121709809173, 0.0126480367035, -0.00283806817606, -0.00105053989682, 0.00181940593757, -0.00143347529229, 0.000659297627863], [0.000195046959561, -0.000302595057292, -0.00111871410627, -0.00137975811958, -0.00198979116976, 0.00102005328517, 0.00168249674607, -0.00283806817606, 0.0104161752388, 0.00125265319366, -0.00346183078364, 0.00119986315258, 0.000661603582557], [-0.000425241683843, 9.56926232902e-05, 0.0015030996874, -4.96369611938e-05, -0.00140212941915, -5.1944211009e-05, -0.00240534800105, -0.00105053989682, 0.00125265319366, 0.011371630244, 0.000551317352802, -0.000520175264683, 0.00119378441013], [-0.000368274544599, -0.000987715553492, -0.00111043185461, 0.000149362807861, 0.00046322811977, -0.00146935076918, -0.000735386332963, 0.00181940593757, -0.00346183078364, 0.000551317352802, 0.0140194324777, -0.00205119443126, -0.00097280315822], [-7.06826976966e-05, 0.000155449510203, 0.000143586963532, -0.000755964661948, 0.000823620008305, 0.000852423836477, 5.42450470675e-05, -0.00143347529229, 0.00119986315258, -0.000520175264683, -0.00205119443126, 0.0145139796659, -0.00375880533829], [-0.000582154083531, -0.000424671830842, 0.000150624458911, -0.000999129959382, -0.00168891169596, 0.00139060930815, -0.000796657288447, 0.000659297627863, 0.000661603582557, 0.00119378441013, -0.00097280315822, -0.00375880533829, 0.0144483977929]]
    },
    "spectral_contrast_coeffs": {
        "max": [-0.587107717991, -0.561111092567, -0.498192071915, -0.551745057106, -0.558158814907, -0.503468811512],
        "mean": [-0.783765852451, -0.801093041897, -0.780744493008, -0.777646124363, -0.783470928669, -0.742892444134],
        "min": [-0.966202676296, -0.958315193653, -0.91488969326, -0.897048413754, -0.886765301228, -0.86639547348],
        "stdev": [0.0506479628384, 0.0583903454244, 0.0674786791205, 0.0661766007543, 0.0585973225534, 0.0422280579805]
    },
    "spectral_contrast_valleys": {
        "max": [-5.22372770309, -5.13207006454, -5.79568099976, -5.8463807106, -5.84541130066, -7.71928977966],
        "mean": [-6.75558757782, -6.83410072327, -7.17623376846, -7.35075807571, -7.45305109024, -10.4052114487],
        "min": [-9.41996192932, -8.69144630432, -8.59998416901, -8.81238651276, -9.38473701477, -14.6928300858],
        "stdev": [0.560428678989, 0.602341353893, 0.552833795547, 0.59859418869, 0.665370106697, 1.07473027706]
    }
},
"rhythm": {
    "beats_count": 112,
    "beats_loudness": {
        "max": 0.0848378911614,
        "mean": 0.024032086134,
        "min": 0.00130669225473,
        "stdev": 0.0170704517514
    },
    "bpm": 140.010437012,
    "bpm_histogram_first_peak_bpm": 140,
    "bpm_histogram_first_peak_weight": 0.356435656548,
    "bpm_histogram_second_peak_bpm": 133,
    "bpm_histogram_second_peak_spread": 0.142857134342,
    "bpm_histogram_second_peak_weight": 0.0540540553629,
    "danceability": 1.03695559502,
    "onset_rate": 3.0966796875,
    "beats_loudness_band_ratio": {
        "max": [0.95986610651, 0.415437668562, 0.491248756647, 0.867710113525, 0.620849192142, 0.538504183292],
        "mean": [0.396285235882, 0.0817208066583, 0.105122327805, 0.193899482489, 0.15446613729, 0.0926631763577],
        "min": [0.00591232068837, 0.00582810910419, 0.00578591646627, 0.00924595165998, 0.00605653366074, 0.00179640762508],
        "stdev": [0.259675502777, 0.0742576569319, 0.0989713743329, 0.210713610053, 0.134439006448, 0.0903463214636]
    },
