{
"metadata": {
    "version": {
        "essentia": "2.1-beta5",
        "essentia_git_sha": "Undefined",
        "extractor": "music 2.0"
    },
    "audio_properties": {
        "analysis": {
            "equal_loudness": 0,
            "length": 32.4963264465,
            "sample_rate": 44100,
            "start_time": 110.236732483,
            "downmix": "mix"
        },
        "bit_rate": 192000,
        "length": 198.089431763,
        "lossless": 0,
        "number_channels": 2,
        "replay_gain": -0.0356693267822,
        "sample_rate": 48000,
        "codec": "mp3",
        "md5_encoded": "ce7953db6083c2aa641d646433d23737"
    },
    "tags": {
        "file_name": "Netherlands_Walk Along_Trijntje Oosterhuis.mp3",
        "encoding": ["Lavf58.29.100"]
    }
},
"lowlevel": {
    "average_loudness": 0.779380738735,
    "barkbands_crest": {
        "max": 26.1879272461,
        "mean": 10.1838951111,
        "min": 2.53787946701,
        "stdev": 5.65530538559
    },
    "barkbands_flatness_db": {
        "max": 0.337449401617,
        "mean": 0.134071961045,
        "min": 0.0488591827452,
        "stdev": 0.0504970923066
    },
    "barkbands_kurtosis": {
        "max": 96.44581604,
        "mean": 1.98635184765,
        "min": -1.63589262962,
        "stdev": 6.73430347443
    },
    "barkbands_skewness": {
        "max": 8.89316558838,
        "mean": 0.771331906319,
        "min": -1.46180820465,
        "stdev": 1.23122763634
    },
    "barkbands_spread": {
        "max": 64.4304962158,
        "mean": 22.2787837982,
        "min": 1.13627302647,
        "stdev": 10.2634496689
    },
    "dissonance": {
        "max": 0.499985605478,
        "mean": 0.468820303679,
        "min": 0.260127574205,
        "stdev": 0.0268224440515
    },
    "dynamic_complexity": 3.83096623421,
    "erbbands_crest": {
        "max": 30.6896419525,
        "mean": 11.2590703964,
        "min": 3.24880003929,
        "stdev": 5.79629135132
    },
    "erbbands_flatness_db": {
        "max": 0.403909057379,
        "mean": 0.196034088731,
        "min": 0.0871632173657,
        "stdev": 0.0498822592199
    },
    "erbbands_kurtosis": {
        "max": 30.9060211182,
        "mean": 1.20534658432,
        "min": -1.51773226261,
        "stdev": 2.59056973457
    },
    "erbbands_skewness": {
        "max": 5.09361791611,
        "mean": 0.449774771929,
        "min": -1.65424263477,
        "stdev": 0.925659477711
    },
    "erbbands_spread": {
        "max": 82.5385513306,
        "mean": 26.4029884338,
        "min": 4.18732786179,
        "stdev": 10.7381248474
    },
    "hfc": {
        "max": 102.292724609,
        "mean": 24.4327106476,
        "min": 1.27749967575,
        "stdev": 21.4488277435
    },
    "loudness_ebu128": {
        "integrated": -24.0094642639,
        "loudness_range": 5.45373916626,
        "momentary": {
            "max": -18.8514938354,
            "mean": -25.2104606628,
            "min": -32.501121521,
            "stdev": 3.46767568588
        },
        "short_term": {
            "max": -20.4037799835,
            "mean": -24.9165916443,
            "min": -28.0388698578,
            "stdev": 1.8849915266
        }
    },
    "melbands_crest": {
        "max": 31.7720680237,
        "mean": 12.9460916519,
        "min": 2.7751967907,
        "stdev": 6.33889532089
    },
    "melbands_flatness_db": {
        "max": 0.350876688957,
        "mean": 0.137506842613,
        "min": 0.0239825416356,
        "stdev": 0.0551970079541
    },
    "melbands_kurtosis": {
        "max": 123.189033508,
        "mean": 5.97373199463,
        "min": -1.54089033604,
        "stdev": 13.1315355301
    },
    "melbands_skewness": {
        "max": 9.19839763641,
        "mean": 1.49175441265,
        "min": -0.981479108334,
        "stdev": 1.46344697475
    },
    "melbands_spread": {
        "max": 142.198425293,
        "mean": 35.6679801941,
        "min": 1.25867176056,
        "stdev": 18.9117946625
    },
    "pitch_salience": {
        "max": 0.797438442707,
        "mean": 0.531053781509,
        "min": 0.100317902863,
        "stdev": 0.133142784238
    },
    "silence_rate_20dB": {
        "max": 1,
        "mean": 1,
        "min": 1,
        "stdev": 0
    },
    "silence_rate_30dB": {
        "max": 1,
        "mean": 0.998572468758,
        "min": 0,
        "stdev": 0.0377559736371
    },
    "silence_rate_60dB": {
        "max": 1,
        "mean": 0.19414703548,
        "min": 0,
        "stdev": 0.39554181695
    },
    "spectral_centroid": {
        "max": 4057.66064453,
        "mean": 1851.01196289,
        "min": 503.107299805,
        "stdev": 557.199523926
    },
    "spectral_complexity": {
        "max": 49,
        "mean": 18.8558177948,
        "min": 2,
        "stdev": 9.02098846436
    },
    "spectral_decrease": {
        "max": -1.51869392062e-10,
        "mean": -4.57063453752e-09,
        "min": -3.59953489237e-08,
        "stdev": 4.65234428759e-09
    },
    "spectral_energy": {
        "max": 0.14334897697,
        "mean": 0.01946673356,
        "min": 0.000887677480932,
        "stdev": 0.0191662814468
    },
    "spectral_energyband_high": {
        "max": 0.00897689349949,
        "mean": 0.000918012810871,
        "min": 1.84902874025e-05,
        "stdev": 0.00100397213828
    },
    "spectral_energyband_low": {
        "max": 0.100278876722,
        "mean": 0.00308472127654,
        "min": 1.56125992135e-08,
        "stdev": 0.00894244387746
    },
    "spectral_energyband_middle_high": {
        "max": 0.0730216130614,
        "mean": 0.01084687002,
        "min": 0.000346103071934,
        "stdev": 0.0126881320029
    },
    "spectral_energyband_middle_low": {
        "max": 0.0816967785358,
        "mean": 0.00493821222335,
        "min": 6.81799501763e-05,
        "stdev": 0.0072994697839
    },
    "spectral_entropy": {
        "max": 8.58029651642,
        "mean": 7.70433092117,
        "min": 6.23852825165,
        "stdev": 0.348311781883
    },
    "spectral_flux": {
        "max": 0.307068169117,
        "mean": 0.0710397735238,
        "min": 0.0144503833726,
        "stdev": 0.0437771379948
    },
    "spectral_kurtosis": {
        "max": 12.616232872,
        "mean": 3.67265820503,
        "min": -0.548552513123,
        "stdev": 1.67279219627
    },
    "spectral_rms": {
        "max": 0.0118259321898,
        "mean": 0.00386701873504,
        "min": 0.000930605630856,
        "stdev": 0.00200950098224
    },
    "spectral_rolloff": {
        "max": 12080.1269531,
        "mean": 2364.62524414,
        "min": 64.599609375,
        "stdev": 1359.63415527
    },
    "spectral_skewness": {
        "max": 2.97704863548,
        "mean": 1.4302983284,
        "min": 0.278345167637,
        "stdev": 0.265849024057
    },
    "spectral_spread": {
        "max": 12262511,
        "mean": 4272707,
        "min": 2163099.5,
        "stdev": 871256.375
    },
    "spectral_strongpeak": {
        "max": 13.0186223984,
        "mean": 2.18209600449,
        "min": 0,
        "stdev": 2.18461847305
    },
    "zerocrossingrate": {
        "max": 0.3232421875,
        "mean": 0.0868018344045,
        "min": 0.01123046875,
        "stdev": 0.0343998000026
    },
    "barkbands": {
        "max": [0.0043463059701, 0.0705051124096, 0.0443238914013, 0.0423811078072, 0.0123613029718, 0.00973581708968, 0.0806992873549, 0.0452754572034, 0.0143966916949, 0.0368626900017, 0.0550647974014, 0.0304366294295, 0.0308696534485, 0.0246743783355, 0.0224417727441, 0.0246291197836, 0.0066660954617, 0.0106419753283, 0.00310494890437, 0.00768032157794, 0.00268224184401, 0.00204728334211, 0.00209804391488, 0.00101033120882, 0.000856011756696, 0.000291224132525, 1.52266120494e-05],
        "mean": [0.000111916007882, 0.00198139925487, 0.000748846214265, 0.00046657625353, 0.000501879607327, 0.000237964821281, 0.00247106491588, 0.000739219947718, 0.000415301125031, 0.00141923490446, 0.00323049607687, 0.00110195192974, 0.000856807106175, 0.000804397510365, 0.00134085898753, 0.000663114071358, 0.000412800553022, 0.000564805814065, 0.000328615220496, 0.000342376268236, 0.000157063201186, 0.000129596126499, 0.000254837796092, 0.000124305704958, 4.78885413031e-05, 1.33970906973e-05, 2.91586630397e-08],
        "min": [9.74980096657e-10, 2.68488919986e-09, 7.45921324707e-10, 7.88630849513e-09, 1.24826044612e-07, 3.65290247828e-07, 3.97781195716e-06, 2.31008812079e-06, 2.3159450393e-06, 4.37365906691e-06, 2.52332893069e-06, 2.77186745734e-06, 7.23358425603e-06, 5.51049060959e-06, 1.31495171445e-05, 4.35996662418e-06, 8.22289530333e-06, 5.51685843675e-06, 6.21458548267e-06, 2.06328468266e-06, 3.28029727825e-06, 2.11607016354e-06, 2.56125895248e-06, 9.72318389358e-07, 1.26509547727e-07, 3.36445510341e-10, 1.41995068481e-10],
        "stdev": [0.000384988554288, 0.0070068850182, 0.00238190568052, 0.00223441794515, 0.000919849728234, 0.000539837812539, 0.00582226505503, 0.00338722812012, 0.000996480695903, 0.00365029112436, 0.00721963401884, 0.00282974401489, 0.00235701678321, 0.00192581722513, 0.00259038293734, 0.00152966042515, 0.000637784949504, 0.000972672598436, 0.000419718271587, 0.000551501638256, 0.000217514272663, 0.000190063714399, 0.000305569177726, 0.000142136559589, 6.24837412033e-05, 2.0489871531e-05, 5.9354510995e-07]
    },
    "erbbands": {
        "max": [3.07378935814, 17.4237213135, 56.8444671631, 86.0241394043, 79.6157226562, 63.1809768677, 30.8787689209, 103.043235779, 711.064575195, 1031.04858398, 1068.83959961, 384.660339355, 661.612548828, 2741.2253418, 1942.91882324, 843.178833008, 1642.5567627, 1082.32055664, 1173.24255371, 1331.4005127, 750.198791504, 447.051849365, 610.613220215, 223.753097534, 176.840698242, 539.56854248, 108.187149048, 79.5053710938, 62.28748703, 82.5986251831, 54.2081451416, 27.4936676025, 21.6998443604, 14.2027206421, 4.61181354523, 2.19771289825, 0.21875692904, 0.0285076070577, 0.00218683970161, 0.000231700774748],
        "mean": [0.0631715655327, 0.416805654764, 0.878091752529, 1.30956494808, 1.6157720089, 1.48472452164, 1.55923116207, 2.99601149559, 25.3826065063, 28.7252750397, 17.4212036133, 9.18467998505, 22.3516483307, 124.732154846, 81.3008041382, 33.2874145508, 40.0518341064, 35.4506225586, 59.8649139404, 58.6397209167, 35.5242614746, 26.701128006, 32.0484428406, 21.4853744507, 14.3795919418, 16.5157051086, 8.4369096756, 5.42970180511, 4.36354875565, 6.92742919922, 6.98999881744, 3.45422387123, 1.65354967117, 0.686101913452, 0.27777993679, 0.101535774767, 0.0147743904963, 0.000420084688812, 3.28592868755e-05, 2.72789293376e-05],
        "min": [2.24052769227e-07, 1.03876311641e-06, 4.64244840259e-06, 3.26960580423e-05, 0.000128642554046, 0.000483303068904, 0.0017580218846, 0.00767903029919, 0.0466276556253, 0.13250143826, 0.118126571178, 0.0998355075717, 0.186312153935, 0.32574981451, 0.313171446323, 0.478517144918, 0.536074876785, 0.500377357006, 0.59454280138, 0.993022382259, 0.545219898224, 0.516718566418, 0.385823637247, 0.367326945066, 0.325456261635, 0.0972301736474, 0.159059822559, 0.113496765494, 0.0761647745967, 0.0802360102534, 0.0689149200916, 0.0264140274376, 0.0145523753017, 0.00187685061246, 0.000587504473515, 3.1896695873e-05, 4.33060586147e-06, 1.12979250844e-06, 7.84387111707e-07, 1.19571586765e-06],
        "stdev": [0.253320246935, 1.45362710953, 2.89583563805, 4.70270586014, 5.03372335434, 3.48975515366, 2.55190038681, 6.57125520706, 58.6215744019, 71.061126709, 78.1409988403, 24.3935375214, 51.8627204895, 280.947479248, 178.398376465, 65.009803772, 107.721115112, 71.7399368286, 111.011535645, 116.860771179, 54.2945861816, 41.0526885986, 57.4956283569, 27.1365280151, 19.4287433624, 31.4797534943, 10.8905754089, 8.20411300659, 6.2243771553, 9.68662071228, 8.1108417511, 3.91488027573, 2.02217435837, 0.907712161541, 0.380792707205, 0.15418766439, 0.0219315271825, 0.00111391104292, 8.33558951854e-05, 2.52148092841e-05]
    },
    "gfcc": {
        "mean": [-17.8473892212, 53.2786636353, -167.937637329, 22.9013652802, -76.2187805176, 20.4473400116, -52.456867218, 7.7032365799, -26.4069576263, -2.43828845024, -14.0445079803, -2.54527306557, -12.4327840805],
        "cov": [[3119.78320312, 113.729072571, 545.039001465, 576.27142334, 488.660125732, 674.113098145, 437.01776123, 329.241149902, 38.901512146, -48.3564567566, 14.3021879196, 93.5728149414, 69.6846618652], [113.729072571, 1052.9173584, 571.223144531, 333.174163818, 367.955963135, 56.0158195496, 78.9626235962, 75.0534286499, 53.2760429382, 4.50365209579, 21.8504219055, -31.9063644409, 14.523680687], [545.039001465, 571.223144531, 827.761352539, 397.444274902, 301.243804932, 122.851760864, 0.392662078142, 127.04964447, 0.921099126339, 82.8587188721, -65.5629119873, 12.2514247894, -66.9164199829], [576.27142334, 333.174163818, 397.444274902, 472.042236328, 308.627532959, 201.68939209, 107.532714844, 109.67502594, 7.26319217682, -18.7777805328, -34.2273139954, 13.7234582901, 34.7375602722], [488.660125732, 367.955963135, 301.243804932, 308.627532959, 366.536468506, 222.306030273, 158.833236694, 114.639396667, -4.4508638382, -12.3885774612, -21.1162471771, 21.1894760132, 38.9560165405], [674.113098145, 56.0158195496, 122.851760864, 201.68939209, 222.306030273, 406.024383545, 283.22567749, 100.431762695, -5.01402425766, -29.7617378235, 20.9625473022, 36.4325027466, 66.6042633057], [437.01776123, 78.9626235962, 0.392662078142, 107.532714844, 158.833236694, 283.22567749, 329.51751709, 118.170715332, 19.8435649872, -32.6554946899, 30.0568275452, 30.3448886871, 80.7554550171], [329.241149902, 75.0534286499, 127.04964447, 109.67502594, 114.639396667, 100.431762695, 118.170715332, 166.031524658, 49.3241615295, 6.70425081253, -7.56510734558, 10.8625640869, 17.3453369141], [38.901512146, 53.2760429382, 0.921099126339, 7.26319217682, -4.4508638382, -5.01402425766, 19.8435649872, 49.3241615295, 127.862922668, 36.7680053711, 40.3724365234, -11.5672035217, -0.158155560493], [-48.3564567566, 4.50365209579, 82.8587188721, -18.7777805328, -12.3885774612, -29.7617378235, -32.6554946899, 6.70425081253, 36.7680053711, 111.752311707, 21.4075870514, -5.51774549484, -41.8428115845], [14.3021879196, 21.8504219055, -65.5629119873, -34.2273139954, -21.1162471771, 20.9625473022, 30.0568275452, -7.56510734558, 40.3724365234, 21.4075870514, 132.825698853, 18.8774452209, 10.0148363113], [93.5728149414, -31.9063644409, 12.2514247894, 13.7234582901, 21.1894760132, 36.4325027466, 30.3448886871, 10.8625640869, -11.5672035217, -5.51774549484, 18.8774452209, 81.3511276245, 34.6182632446], [69.6846618652, 14.523680687, -66.9164199829, 34.7375602722, 38.9560165405, 66.6042633057, 80.7554550171, 17.3453369141, -0.158155560493, -41.8428115845, 10.0148363113, 34.6182632446, 100.641952515]],
        "icov": [[0.000648556044325, 0.000391880283132, -0.000440682400949, -0.000175372566446, -0.000253459904343, -0.000616401724983, -1.5535249986e-05, -0.000423388177296, -0.000279331608908, 0.000615752476733, -0.000377201067749, -7.57997768233e-05, 0.000172558357008], [0.000391880283132, 0.00448739388958, -0.00411166762933, 0.00128367356956, -0.00466698408127, 0.00366771500558, -0.00301891821437, 0.00311308167875, -0.00244838022627, 0.00331915635616, -0.00306167383678, 0.00359896221198, -0.0023879208602], [-0.000440682400949, -0.00411166762933, 0.00711910193786, -0.00325493630953, 0.00319878524169, -0.00357978162356, 0.00390050560236, -0.00403077667579, 0.00287041161209, -0.00526708830148, 0.00363561022095, -0.00445637572557, 0.00443701352924], [-0.000175372566446, 0.00128367356956, -0.00325493630953, 0.00709993112832, -0.00471824128181, 0.00015605527733, 0.000351801601937, 0.00104395963717, -0.00184287771117, 0.00279062334448, -0.000750058330595, 0.00224636844359, -0.00295852008276], [-0.000253459904343, -0.00466698408127, 0.00319878524169, -0.00471824128181, 0.0130178416148, -0.00519586028531, 0.00190204998944, -0.00468690879643, 0.00373379094526, -0.00355582660995, 0.00316316750832, -0.00354784564115, 0.00171876803506], [-0.000616401724983, 0.00366771500558, -0.00357978162356, 0.00015605527733, -0.00519586028531, 0.012518950738, -0.0093904202804, 0.00495953299105, -0.000946821586695, 0.0023267166689, -0.00299784098752, 0.0027353737969, -0.00180689094122], [-1.5535249986e-05, -0.00301891821437, 0.00390050560236, 0.000351801601937, 0.00190204998944, -0.0093904202804, 0.013547421433, -0.00720399338752, 0.00172135746107, -0.00206085015088, 0.000985327293165, -0.00162655406166, -0.00162487057969], [-0.000423388177296, 0.00311308167875, -0.00403077667579, 0.00104395963717, -0.00468690879643, 0.00495953299105, -0.00720399338752, 0.0150699671358, -0.0065119783394, 0.00244682002813, 0.000231108497246, 0.00141922594048, -0.000985353137366], [-0.000279331608908, -0.00244838022627, 0.00287041161209, -0.00184287771117, 0.00373379094526, -0.000946821586695, 0.00172135746107, -0.0065119783394, 0.0137249855325, -0.00567064015195, -0.00202841148712, 0.0011801533401, -0.000526360468939], [0.000615752476733, 0.00331915635616, -0.00526708830148, 0.00279062334448, -0.00355582660995, 0.0023267166689, -0.00206085015088, 0.00244682002813, -0.00567064015195, 0.0166061650962, -0.00416957726702, 0.00146399997175, 0.00250447075814], [-0.000377201067749, -0.00306167383678, 0.00363561022095, -0.000750058330595, 0.00316316750832, -0.00299784098752, 0.000985327293165, 0.000231108497246, -0.00202841148712, -0.00416957726702, 0.0123356012627, -0.00544475158677, 0.00221692514606], [-7.57997768233e-05, 0.00359896221198, -0.00445637572557, 0.00224636844359, -0.00354784564115, 0.0027353737969, -0.00162655406166, 0.00141922594048, 0.0011801533401, 0.00146399997175, -0.00544475158677, 0.019638536498, -0.00918450765312], [0.000172558357008, -0.0023879208602, 0.00443701352924, -0.00295852008276, 0.00171876803506, -0.00180689094122, -0.00162487057969, -0.000985353137366, -0.000526360468939, 0.00250447075814, 0.00221692514606, -0.00918450765312, 0.0201158337295]]
    },
    "melbands": {
        "max": [0.0227456353605, 0.0272381864488, 0.014683377929, 0.0032649806235, 0.00160830293316, 0.00249449815601, 0.0124928764999, 0.00912936776876, 0.0070062209852, 0.0025058358442, 0.0034752546344, 0.0107825547457, 0.00855305697769, 0.0037811845541, 0.00351544539444, 0.00404397817329, 0.00246353726834, 0.00255292071961, 0.00196313299239, 0.00258727534674, 0.00119313166942, 0.000617331184912, 0.000763014599215, 0.000289297022391, 0.000213937179069, 8.32592922961e-05, 0.000151120504597, 0.000406272098189, 9.49511086219e-05, 0.000113750742457, 5.01909744344e-05, 2.80923795799e-05, 7.0203357609e-05, 6.1049751821e-05, 3.53033537976e-05, 2.27237796935e-05, 2.16820062633e-05, 1.46367829075e-05, 2.29298439081e-05, 8.01011628937e-06],
        "mean": [0.000557841500267, 0.000486214150442, 0.000236328720348, 0.000109881824756, 5.82270331506e-05, 7.2117712989e-05, 0.000443293363787, 0.000286000082269, 0.000120963879453, 5.71627897443e-05, 0.000101858509879, 0.000479772279505, 0.000359149649739, 0.000129182633827, 6.54756222502e-05, 9.74872455117e-05, 6.1017133703e-05, 9.12072937354e-05, 0.000111217726953, 5.05412026541e-05, 3.94854905608e-05, 2.76009595837e-05, 2.74938647635e-05, 2.52880545304e-05, 1.71331612364e-05, 9.98453469947e-06, 1.08805779746e-05, 1.12836978587e-05, 5.75057310925e-06, 3.51926723852e-06, 2.93088169201e-06, 2.2463627829e-06, 2.89063837045e-06, 4.37698190581e-06, 4.3470718083e-06, 2.95649670079e-06, 1.78095854153e-06, 1.17772185604e-06, 8.94676929875e-07, 4.61791131556e-07],
        "min": [3.26863824895e-09, 8.8280199817e-10, 1.0640063941e-08, 2.12911857034e-08, 2.42757032254e-08, 8.9987544527e-08, 7.17242983228e-07, 1.44448222272e-06, 2.85083274321e-07, 3.39468755328e-07, 5.12198710112e-07, 5.61861327242e-07, 8.13336555439e-07, 3.19497161172e-07, 6.90453134666e-07, 8.16076351384e-07, 7.11241114004e-07, 4.00520320909e-07, 7.09349933459e-07, 5.75905573896e-07, 3.19501765489e-07, 4.75378186593e-07, 4.26687620347e-07, 2.24319478548e-07, 2.63597684125e-07, 2.33246097991e-07, 7.75553772314e-08, 4.74958845587e-08, 8.27090929079e-08, 5.4408033634e-08, 1.4234618817e-08, 3.15544923524e-08, 2.81931935575e-08, 4.09398843715e-08, 3.51063427217e-08, 1.55567541071e-08, 1.33095545696e-09, 7.28937665784e-09, 4.35820379785e-10, 6.92501278543e-10],
        "stdev": [0.00206171232276, 0.00150367827155, 0.000830519653391, 0.000232164864428, 0.000112733534479, 0.000184416188858, 0.00101247429848, 0.00069713202538, 0.00055378023535, 0.000151005166117, 0.000276685837889, 0.00108224176802, 0.000809713732451, 0.000347098772181, 0.000194601263502, 0.000267260300461, 0.00014194069081, 0.000194925800315, 0.000220023386646, 0.000151904139784, 7.12299224688e-05, 4.97260734846e-05, 6.11117793596e-05, 3.92224028474e-05, 2.42275928031e-05, 1.13601972771e-05, 1.81636041816e-05, 2.41582874878e-05, 8.20316108729e-06, 6.13222118773e-06, 4.52312679045e-06, 3.13075906888e-06, 5.1409142543e-06, 6.25579605185e-06, 5.24112465428e-06, 3.40154224432e-06, 2.25288977163e-06, 1.49643949499e-06, 1.22619007925e-06, 6.65984771331e-07]
    },
    "melbands128": {
        "max": [0.00434001954272, 0.0265533179045, 0.0349075049162, 0.03742152825, 0.0376956574619, 0.0191423390061, 0.0186786204576, 0.0208226349205, 0.00696963816881, 0.00302276061848, 0.00465220678598, 0.00366844632663, 0.00137260730844, 0.00118419178762, 0.00258065294474, 0.00287019112147, 0.0156830400229, 0.0128339715302, 0.0341072529554, 0.00814216677099, 0.0100638186559, 0.0194161962718, 0.0107346624136, 0.00395226385444, 0.00358415138908, 0.00338825955987, 0.00178938859608, 0.00536681059748, 0.00785621628165, 0.00953904446214, 0.0219285227358, 0.012800803408, 0.0162899214774, 0.0093402788043, 0.0104071712121, 0.00206121033989, 0.00268764072098, 0.00733133265749, 0.00938253570348, 0.0063825333491, 0.00587266683578, 0.00329801766202, 0.00384918414056, 0.00592067837715, 0.00610009767115, 0.00476025789976, 0.00410787668079, 0.00473508378491, 0.00424909591675, 0.00325436983258, 0.00567261921242, 0.000483750452986, 0.00138991116546, 0.00195686123334, 0.000693560112268, 0.00141746224836, 0.000584023015108, 0.000870786723681, 0.00203196355142, 0.000962380960118, 0.000484649732243, 0.000488392193802, 0.000438756163931, 0.00042702574865, 0.000171672567376, 0.00014165219909, 0.000108376530989, 0.000456437352113, 0.000146585924085, 0.000344478787156, 0.00100844074041, 0.000409592641518, 0.000223973838729, 0.000103348436824, 0.000112623063615, 0.000233312850469, 0.000117170187877, 5.92707438045e-05, 9.10568342078e-05, 7.00276141288e-05, 4.92061299155e-05, 4.05823921028e-05, 6.05456880294e-05, 0.000140839198139, 4.30931540905e-05, 6.73157410347e-05, 0.000145355181303, 9.61689365795e-05, 6.89211519784e-05, 4.72213869216e-05, 4.52334206784e-05, 3.17850281135e-05, 2.85251971945e-05, 3.66055464838e-05, 2.39249966398e-05, 1.63614731719e-05, 2.13749153772e-05, 1.7238109649e-05, 2.70587661362e-05, 2.89319668809e-05, 7.71896156948e-06, 1.0927803487e-05, 6.85326494931e-06, 9.23146671994e-06, 4.38357710664e-06, 3.34528135681e-06, 5.50115055375e-06, 5.15607780471e-06, 4.81678989672e-06, 4.15902241002e-06, 1.92381457964e-06, 1.6982219222e-06, 9.99175199468e-07, 6.32971591585e-07, 3.69165292113e-07, 4.15730056602e-07, 2.9013071412e-07, 9.33149664206e-08, 1.03484637748e-07, 6.76919995612e-08, 8.45679011263e-08, 6.39820783022e-08, 6.26096934297e-08, 6.13116668546e-08, 6.02225540547e-08, 5.93793068049e-08, 5.87831827659e-08, 5.8392139124e-08],
        "mean": [9.72454363364e-05, 0.000498717708979, 0.000760911731049, 0.000661904341541, 0.000488214340294, 0.000347536959453, 0.000270893331617, 0.000219447902055, 0.000162001961144, 0.000105126935523, 7.15930145816e-05, 8.30332937767e-05, 5.571472866e-05, 2.53256930591e-05, 3.19064092764e-05, 7.89924670244e-05, 0.000265349139227, 0.000505376956426, 0.00075765827205, 0.000219104927965, 0.000124477184727, 0.000216893939069, 0.000114343194582, 4.17806695623e-05, 4.24031168222e-05, 6.75391274854e-05, 7.9195095168e-05, 7.70948972786e-05, 0.000153883054736, 0.000230652804021, 0.000766799668781, 0.000658797274809, 0.000310429022647, 0.000122288533021, 0.000249202013947, 7.13487534085e-05, 5.01283138874e-05, 7.7046417573e-05, 5.54593825655e-05, 0.00010516653856, 0.000114043337817, 7.52688210923e-05, 4.0714538045e-05, 5.1235594583e-05, 0.000121528042655, 6.36527620372e-05, 9.84811340459e-05, 0.000163595148479, 8.9717679657e-05, 5.83772125538e-05, 5.24782008142e-05, 2.53802027146e-05, 4.91475766466e-05, 4.64194527012e-05, 2.04630268854e-05, 3.49386100424e-05, 2.17332544707e-05, 1.44421064761e-05, 4.09914682677e-05, 3.18878664984e-05, 2.59676380665e-05, 1.79011076398e-05, 1.51354051923e-05, 2.07285193028e-05, 1.38461791721e-05, 7.87749831943e-06, 6.25777829555e-06, 1.55085999722e-05, 8.94628101378e-06, 9.91685465124e-06, 1.41853415698e-05, 1.09850489025e-05, 5.9997128119e-06, 5.48394064026e-06, 4.27749864684e-06, 3.07549862555e-06, 3.54888834408e-06, 3.45661101164e-06, 2.80923313767e-06, 2.39276687353e-06, 2.47697880695e-06, 1.88692945358e-06, 2.35809238802e-06, 3.37760616276e-06, 2.58653312812e-06, 4.23760457124e-06, 5.18723663845e-06, 4.43953013018e-06, 4.57165879197e-06, 3.93924619857e-06, 3.61063780474e-06, 2.51910569204e-06, 2.29221041081e-06, 1.79997482519e-06, 1.4812394511e-06, 1.17524143661e-06, 1.12019574772e-06, 1.13275154945e-06, 9.81954144663e-07, 7.65279025927e-07, 5.48644607079e-07, 4.13396804788e-07, 3.27412209344e-07, 4.01520765081e-07, 3.24119724837e-07, 2.65509925157e-07, 1.9403532292e-07, 1.98698955955e-07, 1.94372930196e-07, 1.37284331458e-07, 1.23533268948e-07, 8.76706138797e-08, 9.14218034609e-09, 3.52861051489e-09, 1.87848603339e-09, 8.58982107665e-10, 4.21444212861e-10, 1.48765444408e-10, 1.5113862939e-10, 6.40848277222e-11, 1.28046365178e-10, 6.39601566155e-11, 4.83716539046e-11, 4.73515913979e-11, 4.63017749142e-11, 4.52544876572e-11, 4.45900746882e-11, 4.42654142507e-11],
        "min": [1.41825468036e-10, 1.46964773684e-10, 3.42319256275e-10, 6.11338091261e-10, 1.58435459197e-10, 2.55129639637e-10, 1.83454174074e-09, 3.72348729627e-09, 6.70495570176e-09, 1.95730827102e-08, 1.39399407573e-08, 1.13204139396e-08, 6.03545746714e-09, 1.30826212086e-08, 1.07575264252e-08, 7.53266249376e-08, 1.91815956896e-07, 6.9016107318e-07, 4.8212297088e-07, 1.98736927359e-07, 3.5618964489e-07, 1.21865923575e-07, 6.62689814135e-08, 7.93616763417e-08, 7.92743435341e-08, 1.67153572761e-07, 6.23012326173e-08, 1.71130466242e-07, 1.98759238401e-07, 2.60621249026e-07, 1.28241993025e-07, 2.16383256202e-07, 1.11239415901e-07, 2.82297406784e-07, 2.03682219535e-07, 2.48649655532e-07, 6.38526174157e-08, 9.22155862781e-08, 1.65820537745e-07, 2.55591714904e-07, 2.98773869645e-07, 2.66582222963e-08, 3.62183598668e-08, 1.34029448873e-07, 1.61548712185e-07, 1.80330033572e-07, 1.33207009867e-07, 7.52199866838e-08, 3.38306023195e-07, 4.25912176638e-08, 3.59423850682e-08, 3.96941217673e-08, 1.30039623514e-07, 9.37836333037e-08, 1.95953049342e-07, 4.98694809892e-08, 1.57423585279e-08, 3.17000576899e-08, 2.7907118394e-08, 1.25009947283e-07, 3.93807404464e-08, 7.36638980925e-08, 6.08206391917e-08, 8.41852596523e-08, 2.06814931403e-07, 5.06218711394e-08, 3.30713980645e-08, 3.66714232314e-08, 6.22535623052e-08, 1.90279045853e-08, 2.91276052167e-08, 3.49496183105e-08, 2.82364904791e-08, 4.75443151515e-08, 9.91666393446e-09, 1.05493196401e-08, 1.58530362171e-08, 2.0789383548e-09, 4.75599393202e-10, 7.10849268337e-10, 1.13073843622e-08, 4.37961489297e-09, 5.4734448085e-09, 6.102018002e-09, 6.05714411961e-09, 1.17782370523e-08, 5.52441044022e-08, 1.59313664483e-08, 2.72456501804e-09, 7.4874900724e-10, 1.97579730354e-09, 1.92911597807e-09, 4.72403338669e-10, 2.11496278824e-10, 1.11116470192e-10, 2.52037668513e-10, 1.35218142239e-10, 1.5136998599e-10, 3.39421407647e-10, 2.54105417263e-11, 3.51989032539e-12, 3.05038320991e-11, 1.48984574677e-11, 7.22721969076e-12, 8.56310790505e-13, 1.82396805992e-12, 4.46782368047e-12, 7.38471295832e-13, 9.47438633624e-13, 1.1058200796e-12, 1.11879700383e-12, 7.43334159416e-13, 6.36992249312e-13, 5.42500994214e-13, 4.48092436637e-13, 3.62922962082e-13, 4.81273278608e-13, 5.26010875482e-13, 3.95628896397e-13, 4.00220601018e-13, 4.52080132227e-13, 4.84468639251e-13, 4.23801130908e-13, 4.57176397434e-13, 2.97404164013e-13, 1.32602194741e-13, 1.61859424247e-14, 5.22957347541e-16],
        "stdev": [0.000354534771759, 0.00213424651884, 0.00303594581783, 0.00235299835913, 0.00176641403232, 0.00103870953899, 0.000991410110146, 0.00110811914783, 0.000471884384751, 0.000178924339707, 0.000235856932704, 0.000214454310481, 8.89011716936e-05, 6.8304107117e-05, 9.52993286774e-05, 0.000222578295507, 0.000953765236773, 0.00124080141541, 0.00222450611182, 0.000637600780465, 0.00061284849653, 0.0011848830618, 0.000674528302625, 0.000204478026717, 0.000203302304726, 0.000200545968255, 0.000173071704921, 0.00030784928822, 0.000583568238653, 0.000752569001634, 0.002189445775, 0.00167675653938, 0.00122788536828, 0.000506708340254, 0.000875364756212, 0.000163494187291, 0.00017553626094, 0.000279276777292, 0.000343978463206, 0.000370943947928, 0.00039390072925, 0.000213403778616, 0.000156039648573, 0.000242700829403, 0.000382224505302, 0.000241799774813, 0.000300446728943, 0.000418378040195, 0.000290049472824, 0.00020492101612, 0.000284773559542, 4.59016810055e-05, 8.43931920826e-05, 0.000129224950797, 3.88035150536e-05, 0.000100056546216, 3.83220576623e-05, 4.27261256846e-05, 0.000135063193738, 7.62648924137e-05, 5.38157073606e-05, 4.09852364101e-05, 2.94024139293e-05, 4.09270396631e-05, 1.81990308192e-05, 1.2139215869e-05, 1.00015931821e-05, 4.2092793592e-05, 1.65954825206e-05, 2.54387286986e-05, 5.07115728396e-05, 2.60466676991e-05, 1.48361614265e-05, 8.83597567736e-06, 8.27408712212e-06, 8.38122832647e-06, 8.49657317303e-06, 6.04787555858e-06, 5.87065869695e-06, 4.18744320996e-06, 4.52641643278e-06, 2.96614052786e-06, 4.1754888116e-06, 9.62943431659e-06, 3.91775756725e-06, 7.1087829383e-06, 1.09167422124e-05, 6.82200015945e-06, 6.68469465381e-06, 5.70025849811e-06, 5.05070784129e-06, 3.4832773963e-06, 3.10758082378e-06, 2.93892890113e-06, 2.30753767028e-06, 1.67603798218e-06, 1.68766894149e-06, 1.67160385445e-06, 1.50333733018e-06, 1.26635302422e-06, 8.30205237889e-07, 7.78941853241e-07, 5.39711606962e-07, 7.5419956147e-07, 5.30869897375e-07, 3.96832916749e-07, 3.61927135373e-07, 3.63653214208e-07, 3.63158505934e-07, 2.36597173853e-07, 1.90620113472e-07, 1.45286094266e-07, 4.72934686968e-08, 3.02317388901e-08, 1.86364434995e-08, 1.2340314548e-08, 8.97868268623e-09, 3.30134253268e-09, 3.444820873e-09, 1.85335169434e-09, 2.9235132093e-09, 1.75342462772e-09, 1.67201474888e-09, 1.63736901815e-09, 1.60830082585e-09, 1.58578006282e-09, 1.56985513478e-09, 1.55941737301e-09]
    },
    "mfcc": {
        "mean": [-642.265808105, 78.4465637207, -32.1278800964, -2.64186429977, -4.08874797821, -0.52423542738, -9.58728027344, 2.60500264168, -11.3087072372, 1.3106584549, -9.43679046631, -1.0298614502, 2.39096593857],
        "cov": [[2922.72998047, -222.392883301, 296.165740967, 173.798965454, 287.043457031, 388.331665039, 465.714904785, 499.969696045, 235.958831787, 234.289825439, 26.1815910339, -66.0104370117, -11.7406024933], [-222.392883301, 872.117431641, 276.894378662, 294.195037842, 256.898132324, 58.2137947083, 76.4157791138, 20.5111865997, 53.5172805786, 36.2577552795, 59.0723228455, 30.8380832672, -28.2769393921], [296.165740967, 276.894378662, 467.293670654, 236.623031616, 233.485961914, 96.8231048584, 72.0498962402, 35.6627044678, 72.4730453491, 31.1118545532, 71.1954956055, 53.1950378418, -21.6470031738], [173.798965454, 294.195037842, 236.623031616, 363.229614258, 241.481338501, 77.7286682129, 68.3999786377, 67.034286499, 80.3264923096, 40.8453636169, 10.4654350281, 2.59563446045, -29.6630210876], [287.043457031, 256.898132324, 233.485961914, 241.481338501, 295.898895264, 102.83190918, 91.2761306763, 75.8331298828, 65.0860748291, 46.0078887939, 25.163192749, 9.45752620697, -20.5271205902], [388.331665039, 58.2137947083, 96.8231048584, 77.7286682129, 102.83190918, 262.116577148, 192.237808228, 129.381851196, 82.2764434814, 45.9993667603, 17.7450904846, -13.9845046997, -5.04836034775], [465.714904785, 76.4157791138, 72.0498962402, 68.3999786377, 91.2761306763, 192.237808228, 296.232757568, 192.839904785, 103.977142334, 64.9485778809, 26.7664489746, -20.3275184631, -12.1373672485], [499.969696045, 20.5111865997, 35.6627044678, 67.034286499, 75.8331298828, 129.381851196, 192.839904785, 242.617523193, 117.143447876, 69.2640991211, -2.02263307571, -22.7893505096, -1.90735960007], [235.958831787, 53.5172805786, 72.4730453491, 80.3264923096, 65.0860748291, 82.2764434814, 103.977142334, 117.143447876, 179.316635132, 52.0891227722, 27.5945930481, -1.52825689316, -18.5960769653], [234.289825439, 36.2577552795, 31.1118545532, 40.8453636169, 46.0078887939, 45.9993667603, 64.9485778809, 69.2640991211, 52.0891227722, 122.570304871, 35.7554168701, 3.21091723442, 11.3769178391], [26.1815910339, 59.0723228455, 71.1954956055, 10.4654350281, 25.163192749, 17.7450904846, 26.7664489746, -2.02263307571, 27.5945930481, 35.7554168701, 117.917610168, 59.076965332, 8.20043849945], [-66.0104370117, 30.8380832672, 53.1950378418, 2.59563446045, 9.45752620697, -13.9845046997, -20.3275184631, -22.7893505096, -1.52825689316, 3.21091723442, 59.076965332, 102.504699707, 29.9167022705], [-11.7406024933, -28.2769393921, -21.6470031738, -29.6630210876, -20.5271205902, -5.04836034775, -12.1373672485, -1.90735960007, -18.5960769653, 11.3769178391, 8.20043849945, 29.9167022705, 89.0747451782]],
        "icov": [[0.00073534110561, 0.00047172876657, -0.000498093198985, 0.000171582505573, -0.000441281910753, -0.000185305892956, -0.00016695667, -0.00105639314279, 0.000252795871347, -0.000675265560858, -3.34408787239e-06, 0.000345969601767, 4.8334186431e-05], [0.00047172876657, 0.00206821900792, -0.000523611379322, -0.000795298430603, -0.000990965403616, 0.000261302309809, -0.00068725575693, -0.00012806027371, 0.000248704454862, -0.000386372412322, -0.000474687840324, 0.000197300105356, 9.54052811721e-05], [-0.000498093198985, -0.000523611379322, 0.00471600517631, -0.00128634064458, -0.00174964382313, -0.000523649272509, 0.000106647588836, 0.00132820149884, -0.000633893127088, 0.00103095592931, -0.00130375369918, -0.00160529033747, 0.000491104088724], [0.000171582505573, -0.000795298430603, -0.00128634064458, 0.00725314766169, -0.00419648038223, 0.000136322341859, 0.00057199614821, -0.000481099152239, -0.00125952425878, -0.000689272070304, 0.00162417767569, 0.000134097397677, 0.00061174511211], [-0.000441281910753, -0.000990965403616, -0.00174964382313, -0.00419648038223, 0.0098742172122, -0.00120169785805, 0.00019010847609, -0.000425193429692, 0.000761875184253, -0.000520710833371, 0.00012518731819, -0.00024275368196, 0.000324330234434], [-0.000185305892956, 0.000261302309809, -0.000523649272509, 0.000136322341859, -0.00120169785805, 0.00799836218357, -0.00467308750376, 0.000562209519558, -0.000783576222602, 0.000319106300594, 0.000183384108823, 0.000604856642894, -0.00089604454115], [-0.00016695667, -0.00068725575693, 0.000106647588836, 0.00057199614821, 0.00019010847609, -0.00467308750376, 0.0106910057366, -0.00590824428946, 0.000306447036564, 0.000119887183246, -0.0024296452757, 0.00131458113901, 0.000916258897632], [-0.00105639314279, -0.00012806027371, 0.00132820149884, -0.000481099152239, -0.000425193429692, 0.000562209519558, -0.00590824428946, 0.0132614541799, -0.00445259641856, -0.00139591097832, 0.00309176044539, -0.000833717582282, -0.00136043527164], [0.000252795871347, 0.000248704454862, -0.000633893127088, -0.00125952425878, 0.000761875184253, -0.000783576222602, 0.000306447036564, -0.00445259641856, 0.00969806406647, -0.00136887282133, -0.00188997969963, 4.26346996392e-05, 0.0019755337853], [-0.000675265560858, -0.000386372412322, 0.00103095592931, -0.000689272070304, -0.000520710833371, 0.000319106300594, 0.000119887183246, -0.00139591097832, -0.00136887282133, 0.012355601415, -0.00434752041474, 0.00175561523065, -0.00235939305276], [-3.34408787239e-06, -0.000474687840324, -0.00130375369918, 0.00162417767569, 0.00012518731819, 0.000183384108823, -0.0024296452757, 0.00309176044539, -0.00188997969963, -0.00434752041474, 0.0157827250659, -0.00839405879378, 0.00137423095293], [0.000345969601767, 0.000197300105356, -0.00160529033747, 0.000134097397677, -0.00024275368196, 0.000604856642894, 0.00131458113901, -0.000833717582282, 4.26346996392e-05, 0.00175561523065, -0.00839405879378, 0.0172712169588, -0.00534089375287], [4.8334186431e-05, 9.54052811721e-05, 0.000491104088724, 0.00061174511211, 0.000324330234434, -0.00089604454115, 0.000916258897632, -0.00136043527164, 0.0019755337853, -0.00235939305276, 0.00137423095293, -0.00534089375287, 0.0140869887546]]
    },
    "spectral_contrast_coeffs": {
        "max": [-0.439681202173, -0.383851289749, -0.448733597994, -0.548036932945, -0.570496678352, -0.56965482235],
        "mean": [-0.718653023243, -0.735443472862, -0.733298063278, -0.757297277451, -0.775242328644, -0.741311311722],
        "min": [-0.936303496361, -0.921211242676, -0.89027184248, -0.880255937576, -0.869372069836, -0.880448937416],
        "stdev": [0.0629278868437, 0.0908468961716, 0.0816311091185, 0.057450402528, 0.0470619052649, 0.0429711043835]
    },
    "spectral_contrast_valleys": {
        "max": [-5.47395658493, -5.3694601059, -5.68005228043, -5.84283685684, -5.90174770355, -8.35027885437],
        "mean": [-7.99681663513, -7.20499515533, -7.30481719971, -7.36798143387, -7.41053915024, -10.2570886612],
        "min": [-12.1253547668, -8.8709230423, -8.93921470642, -8.72046756744, -9.28544712067, -12.8691720963],
        "stdev": [1.17680191994, 0.538074553013, 0.561491131783, 0.521811842918, 0.586601138115, 0.868015766144]
    }
},
"rhythm": {
    "beats_count": 91,
    "beats_loudness": {
        "max": 0.142363905907,
        "mean": 0.023446932435,
        "min": 0.0014558036346,
        "stdev": 0.0229100957513
    },
    "bpm": 172.265563965,
    "bpm_histogram_first_peak_bpm": 172,
    "bpm_histogram_first_peak_weight": 0,
    "bpm_histogram_second_peak_bpm": 167,
    "bpm_histogram_second_peak_spread": 0,
    "bpm_histogram_second_peak_weight": 0.20000000298,
    "danceability": 0.971599459648,
    "onset_rate": 3.35302710533,
    "beats_loudness_band_ratio": {
        "max": [0.851706147194, 0.30707141757, 0.924311220646, 0.910194993019, 0.879970669746, 0.419750183821],
        "mean": [0.113765336573, 0.0668961778283, 0.218516230583, 0.311630904675, 0.223635226488, 0.0958654284477],
        "min": [4.06018170906e-06, 3.58660181519e-05, 0.00619115913287, 0.0177257899195, 0.0251218061894, 0.00594026828185],
        "stdev": [0.171678215265, 0.0800049379468, 0.245879754424, 0.22615262866, 0.161800712347, 0.0801048278809]
    },
