{
"metadata": {
    "version": {
        "essentia": "2.1-beta5",
        "essentia_git_sha": "Undefined",
        "extractor": "music 2.0"
    },
    "audio_properties": {
        "analysis": {
            "equal_loudness": 0,
            "length": 32.4963264465,
            "sample_rate": 44100,
            "start_time": 12.7477550507,
            "downmix": "mix"
        },
        "bit_rate": 192000,
        "length": 198.089431763,
        "lossless": 0,
        "number_channels": 2,
        "replay_gain": 0.0647811889648,
        "sample_rate": 48000,
        "codec": "mp3",
        "md5_encoded": "ce7953db6083c2aa641d646433d23737"
    },
    "tags": {
        "file_name": "Netherlands_Walk Along_Trijntje Oosterhuis.mp3",
        "encoding": ["Lavf58.29.100"]
    }
},
"lowlevel": {
    "average_loudness": 0.845431923866,
    "barkbands_crest": {
        "max": 24.1549911499,
        "mean": 8.85011959076,
        "min": 2.29425907135,
        "stdev": 3.90979814529
    },
    "barkbands_flatness_db": {
        "max": 0.301725298166,
        "mean": 0.118963502347,
        "min": 0.0404629297554,
        "stdev": 0.0366079732776
    },
    "barkbands_kurtosis": {
        "max": 114.087921143,
        "mean": 0.74064040184,
        "min": -1.78102850914,
        "stdev": 5.45468235016
    },
    "barkbands_skewness": {
        "max": 9.74200153351,
        "mean": 0.406445622444,
        "min": -2.22612977028,
        "stdev": 1.04025804996
    },
    "barkbands_spread": {
        "max": 80.2126541138,
        "mean": 29.6331939697,
        "min": 1.90484893322,
        "stdev": 13.3174591064
    },
    "dissonance": {
        "max": 0.500000119209,
        "mean": 0.473656952381,
        "min": 0.354256302118,
        "stdev": 0.0201766863465
    },
    "dynamic_complexity": 4.20205497742,
    "erbbands_crest": {
        "max": 29.1785736084,
        "mean": 10.1174650192,
        "min": 2.33086705208,
        "stdev": 4.92782211304
    },
    "erbbands_flatness_db": {
        "max": 0.297501206398,
        "mean": 0.175113603473,
        "min": 0.0672656595707,
        "stdev": 0.0445177257061
    },
    "erbbands_kurtosis": {
        "max": 20.6240520477,
        "mean": 1.30700695515,
        "min": -1.62591958046,
        "stdev": 2.38298654556
    },
    "erbbands_skewness": {
        "max": 4.08943080902,
        "mean": -0.0402318537235,
        "min": -2.5611371994,
        "stdev": 0.82374805212
    },
    "erbbands_spread": {
        "max": 93.8971099854,
        "mean": 29.7878837585,
        "min": 5.95021677017,
        "stdev": 15.9332704544
    },
    "hfc": {
        "max": 101.144073486,
        "mean": 25.8850383759,
        "min": 0.336378514767,
        "stdev": 22.3032398224
    },
    "loudness_ebu128": {
        "integrated": -23.7161026001,
        "loudness_range": 6.14164161682,
        "momentary": {
            "max": -19.5516681671,
            "mean": -25.3466243744,
            "min": -36.0765838623,
            "stdev": 4.01215696335
        },
        "short_term": {
            "max": -21.5768642426,
            "mean": -24.4932575226,
            "min": -28.9133052826,
            "stdev": 2.46670174599
        }
    },
    "melbands_crest": {
        "max": 31.853925705,
        "mean": 12.0868244171,
        "min": 3.73208093643,
        "stdev": 5.0280008316
    },
    "melbands_flatness_db": {
        "max": 0.402211546898,
        "mean": 0.134150207043,
        "min": 0.0380058661103,
        "stdev": 0.0450018122792
    },
    "melbands_kurtosis": {
        "max": 255.092803955,
        "mean": 3.9196896553,
        "min": -1.7225881815,
        "stdev": 12.8941402435
    },
    "melbands_skewness": {
        "max": 13.1020641327,
        "mean": 1.31832277775,
        "min": -1.14166176319,
        "stdev": 1.29875338078
    },
    "melbands_spread": {
        "max": 201.263061523,
        "mean": 45.7069320679,
        "min": 1.13566911221,
        "stdev": 27.0174884796
    },
    "pitch_salience": {
        "max": 0.864169299603,
        "mean": 0.563904702663,
        "min": 0.156345143914,
        "stdev": 0.0998842120171
    },
    "silence_rate_20dB": {
        "max": 1,
        "mean": 1,
        "min": 1,
        "stdev": 0
    },
    "silence_rate_30dB": {
        "max": 1,
        "mean": 0.998572468758,
        "min": 0,
        "stdev": 0.0377558991313
    },
    "silence_rate_60dB": {
        "max": 1,
        "mean": 0.173447534442,
        "min": 0,
        "stdev": 0.378637969494
    },
    "spectral_centroid": {
        "max": 4391.43994141,
        "mean": 1968.62316895,
        "min": 486.605834961,
        "stdev": 567.45513916
    },
    "spectral_complexity": {
        "max": 49,
        "mean": 18.3832969666,
        "min": 0,
        "stdev": 10.3726196289
    },
    "spectral_decrease": {
        "max": -8.19178891387e-11,
        "mean": -4.63234028913e-09,
        "min": -3.97451813683e-08,
        "stdev": 4.98283370121e-09
    },
    "spectral_energy": {
        "max": 0.153881505132,
        "mean": 0.0198313537985,
        "min": 0.000340307626175,
        "stdev": 0.0204511061311
    },
    "spectral_energyband_high": {
        "max": 0.00483771739528,
        "mean": 0.000905255845282,
        "min": 1.0452844208e-06,
        "stdev": 0.000909371708985
    },
    "spectral_energyband_low": {
        "max": 0.113778956234,
        "mean": 0.005231349729,
        "min": 5.0792800721e-07,
        "stdev": 0.0113856084645
    },
    "spectral_energyband_middle_high": {
        "max": 0.0657968446612,
        "mean": 0.0101237036288,
        "min": 0.000108135413029,
        "stdev": 0.0111052813008
    },
    "spectral_energyband_middle_low": {
        "max": 0.0804656893015,
        "mean": 0.00411798898131,
        "min": 0.000124557962408,
        "stdev": 0.00565010402352
    },
    "spectral_entropy": {
        "max": 8.753074646,
        "mean": 7.71434307098,
        "min": 6.50840520859,
        "stdev": 0.372628122568
    },
    "spectral_flux": {
        "max": 0.312989294529,
        "mean": 0.0758084505796,
        "min": 0.00838219933212,
        "stdev": 0.0480250902474
    },
    "spectral_kurtosis": {
        "max": 13.937128067,
        "mean": 3.5746743679,
        "min": -1.11171901226,
        "stdev": 1.92083632946
    },
    "spectral_rms": {
        "max": 0.0122526856139,
        "mean": 0.00386577867903,
        "min": 0.000576200836804,
        "stdev": 0.00209844042547
    },
    "spectral_rolloff": {
        "max": 10874.2675781,
        "mean": 2547.22998047,
        "min": 64.599609375,
        "stdev": 1691.35302734
    },
    "spectral_skewness": {
        "max": 3.28796696663,
        "mean": 1.3790820837,
        "min": 0.116414941847,
        "stdev": 0.318790972233
    },
    "spectral_spread": {
        "max": 12761353,
        "mean": 4420059,
        "min": 2385188.75,
        "stdev": 1335000.25
    },
    "spectral_strongpeak": {
        "max": 14.1950235367,
        "mean": 2.11733675003,
        "min": 0,
        "stdev": 2.6679520607
    },
    "zerocrossingrate": {
        "max": 0.35302734375,
        "mean": 0.0931902751327,
        "min": 0.0068359375,
        "stdev": 0.044778816402
    },
    "barkbands": {
        "max": [0.00494309654459, 0.0918231979012, 0.050893612206, 0.0427636802197, 0.01281321235, 0.0114273000509, 0.0180826187134, 0.0260216295719, 0.036090709269, 0.044130269438, 0.0404699184, 0.0180521328002, 0.0368989780545, 0.0267472416162, 0.0350097715855, 0.0192850381136, 0.0115660587326, 0.00769845489413, 0.00376335834153, 0.00385484006256, 0.00255236891098, 0.0012971109245, 0.00203986186534, 0.00293515669182, 0.00178874237463, 0.00021474584355, 1.58971459996e-07],
        "mean": [0.000188042002264, 0.003366303863, 0.00119227159303, 0.000835842627566, 0.00067134515848, 0.000479140580865, 0.000753851956688, 0.000453130662208, 0.000811615027487, 0.000851871620398, 0.00129706680309, 0.000813498394564, 0.00124588853214, 0.000913963420317, 0.00196069083177, 0.00111228157766, 0.000693907728419, 0.000662082631607, 0.000426567217801, 0.000368480628822, 0.000147238053614, 0.000109351050924, 0.000249244039878, 0.000151807602379, 6.04807646596e-05, 1.54208373715e-05, 2.08787676037e-09],
        "min": [5.21691356781e-10, 6.63634978082e-08, 1.23008021546e-07, 4.52277873819e-07, 2.16993157665e-06, 2.31238914239e-06, 5.78223421144e-07, 9.5062426908e-07, 3.48768435288e-06, 6.56382439956e-07, 1.27651617277e-06, 5.5902432905e-06, 2.49044819611e-06, 1.75035825123e-06, 4.06271874454e-06, 1.95067605091e-06, 1.51915651259e-06, 1.56473629431e-06, 1.20668971704e-06, 1.28925563558e-07, 2.24625239298e-07, 2.3954731887e-07, 1.61046543212e-07, 1.23882344383e-07, 1.20755672128e-07, 3.91117888077e-10, 1.56196583445e-10],
        "stdev": [0.000536487728823, 0.00910037010908, 0.0028221111279, 0.00288509088568, 0.00112769706175, 0.00097418227233, 0.00159396161325, 0.00173868215643, 0.00248863757588, 0.0025513023138, 0.00325094209984, 0.00172195851337, 0.00336546986364, 0.00265639158897, 0.00411977944896, 0.00212978525087, 0.00136328081135, 0.000913759809919, 0.000567090231925, 0.000502921175212, 0.000210346639506, 0.000142494347529, 0.000282237306237, 0.000245524744969, 0.000115366652608, 2.45251139859e-05, 7.3459811567e-09]
    },
    "erbbands": {
        "max": [3.57695055008, 17.7087860107, 63.9628601074, 87.5119552612, 82.7262496948, 67.0575790405, 64.3100128174, 100.491165161, 304.426971436, 389.740692139, 673.285766602, 954.020080566, 783.310974121, 2336.9597168, 1050.14086914, 751.749450684, 1794.87670898, 1154.85974121, 1185.68774414, 1140.76953125, 1126.9765625, 595.098876953, 535.833312988, 236.560958862, 151.717559814, 191.163726807, 114.800201416, 46.0406417847, 37.7302703857, 65.7226333618, 64.6990585327, 77.1262741089, 31.7088298798, 26.0913295746, 8.10874652863, 1.702039361, 0.224782884121, 0.0336769632995, 0.000524718081579, 0.000174883578438],
        "mean": [0.105357721448, 0.712169587612, 1.40494906902, 2.37145614624, 2.39028978348, 2.10287857056, 2.24005126953, 5.14142847061, 8.28455638885, 10.993224144, 11.6248693466, 15.5604858398, 22.2255401611, 52.2659721375, 39.4447364807, 29.2427749634, 54.5404472351, 46.5542221069, 79.1369552612, 82.2194366455, 63.9821205139, 41.2478942871, 40.2612991333, 25.0480880737, 19.4459629059, 17.6414699554, 8.00082111359, 4.87393808365, 3.65971875191, 6.16271734238, 7.11217594147, 4.38726615906, 1.79834127426, 0.847031772137, 0.350298851728, 0.123565502465, 0.0156642775983, 0.000447452068329, 3.24961656588e-05, 2.81577140413e-05],
        "min": [2.15196837416e-06, 3.49722613464e-05, 0.000188480742509, 0.00237744208425, 0.00549643021077, 0.00719324639067, 0.0396207422018, 0.038080945611, 0.0644458383322, 0.0525392591953, 0.0335301831365, 0.0824532210827, 0.124525815248, 0.158118292689, 0.140206307173, 0.250196456909, 0.209722086787, 0.125602483749, 0.388793498278, 0.20275194943, 0.126003682613, 0.121424168348, 0.131613761187, 0.148930341005, 0.0587625205517, 0.00850426964462, 0.011294352822, 0.00911191385239, 0.00750127667561, 0.00683698104694, 0.00389328342862, 0.00338941859081, 0.00167932140175, 0.00122732587624, 0.000844866735861, 9.20106322155e-05, 3.04602804135e-06, 3.12803223323e-07, 4.23313537112e-07, 5.9373996919e-07],
        "stdev": [0.338715344667, 1.85633909702, 3.49272036552, 6.30397033691, 6.13164043427, 4.25976848602, 4.7361035347, 11.0419530869, 18.1889915466, 24.1350135803, 46.9327507019, 54.4392700195, 44.400718689, 139.096206665, 82.8082885742, 59.4360122681, 145.721557617, 110.468551636, 156.415817261, 154.92590332, 120.244606018, 69.475189209, 56.8143692017, 30.1007823944, 23.6236896515, 24.9895019531, 11.3053331375, 6.34616136551, 4.6483039856, 7.69045639038, 8.07849216461, 6.46800470352, 3.09514451027, 1.67800462246, 0.664927780628, 0.196320146322, 0.0264435894787, 0.00128158053849, 3.51194175892e-05, 2.57414139924e-05]
    },
    "gfcc": {
        "mean": [-10.4172735214, 65.9990539551, -150.810089111, 38.8640823364, -64.8078231812, 27.5724849701, -48.3910369873, 12.8722915649, -26.5053958893, -4.74039173126, -14.7338018417, -4.36149787903, -10.9746074677],
        "cov": [[3663.35888672, -222.403488159, -164.506820679, 407.900146484, 487.739105225, 533.928405762, 424.282592773, 322.425262451, 293.409881592, 126.024360657, 141.523956299, 49.5204811096, 4.24578714371], [-222.403488159, 700.962524414, 111.382698059, 126.347999573, 210.025268555, 41.0277328491, 176.453125, 10.5560102463, 47.2941627502, 1.39758443832, 73.8770751953, -40.0796279907, 19.2165660858], [-164.506820679, 111.382698059, 671.711425781, 178.253158569, 18.2055835724, 126.413360596, 53.9448547363, 43.7410850525, -75.0811767578, 98.0833282471, -51.624786377, 17.9514083862, -64.6271209717], [407.900146484, 126.347999573, 178.253158569, 367.146820068, 199.438323975, 125.501525879, 99.8742599487, 72.8079376221, 83.7059936523, 13.2514228821, 24.0233516693, -0.602296292782, 34.5302658081], [487.739105225, 210.025268555, 18.2055835724, 199.438323975, 359.406341553, 183.442123413, 175.966690063, 84.9366760254, 70.7898864746, 44.3416481018, 23.9471149445, 5.10861539841, 16.7782287598], [533.928405762, 41.0277328491, 126.413360596, 125.501525879, 183.442123413, 348.33480835, 241.831680298, 24.4971141815, 26.7505741119, 91.7777328491, 52.1284370422, 5.04766130447, -37.843296051], [424.282592773, 176.453125, 53.9448547363, 99.8742599487, 175.966690063, 241.831680298, 294.569000244, 51.00831604, 30.077041626, 70.1661300659, 49.8060951233, 3.52905440331, -25.4764232635], [322.425262451, 10.5560102463, 43.7410850525, 72.8079376221, 84.9366760254, 24.4971141815, 51.00831604, 166.962539673, 81.6590118408, 17.7722873688, 1.27853536606, 9.8478603363, 20.8812217712], [293.409881592, 47.2941627502, -75.0811767578, 83.7059936523, 70.7898864746, 26.7505741119, 30.077041626, 81.6590118408, 154.917434692, 10.7232685089, 30.983915329, -5.71854114532, 29.7957305908], [126.024360657, 1.39758443832, 98.0833282471, 13.2514228821, 44.3416481018, 91.7777328491, 70.1661300659, 17.7722873688, 10.7232685089, 127.566940308, 22.3037242889, 20.0284004211, -42.0058746338], [141.523956299, 73.8770751953, -51.624786377, 24.0233516693, 23.9471149445, 52.1284370422, 49.8060951233, 1.27853536606, 30.983915329, 22.3037242889, 138.837081909, 9.79773902893, 5.14474153519], [49.5204811096, -40.0796279907, 17.9514083862, -0.602296292782, 5.10861539841, 5.04766130447, 3.52905440331, 9.8478603363, -5.71854114532, 20.0284004211, 9.79773902893, 67.2387237549, 8.27642822266], [4.24578714371, 19.2165660858, -64.6271209717, 34.5302658081, 16.7782287598, -37.843296051, -25.4764232635, 20.8812217712, 29.7957305908, -42.0058746338, 5.14474153519, 8.27642822266, 83.297996521]],
        "icov": [[0.000579802552238, 0.000416472059442, 0.000307514943415, -0.000389181746868, -0.000253596052062, -0.000454388005892, -0.00028383222525, -0.000680834287778, -0.000297338614473, 0.000123997189803, -0.000265093840426, -0.000169799270225, 0.000404927501222], [0.000416472059442, 0.00471994373947, -0.00282996473834, 0.00166333222296, -0.00414806604385, 0.00497179245576, -0.00536718405783, 0.00339253642596, -0.00332569121383, 0.00184264453128, -0.00323525513522, 0.00281025073491, -0.00135356036481], [0.000307514943415, -0.00282996473834, 0.00562044559047, -0.0042708623223, 0.00411866093054, -0.00505892420188, 0.00422702822834, -0.00506409676746, 0.00513804098591, -0.0032996579539, 0.00318136694841, -0.00224491627887, 0.00272735906765], [-0.000389181746868, 0.00166333222296, -0.0042708623223, 0.00766948144883, -0.00460158614442, 0.00252891029231, -0.00230865576304, 0.00344107067212, -0.00476426258683, 0.00286644906737, -0.00216137524694, 0.00171839457471, -0.00323723582551], [-0.000253596052062, -0.00414806604385, 0.00411866093054, -0.00460158614442, 0.0099113220349, -0.00622003618628, 0.00343604083173, -0.00509222503752, 0.00397071195766, -0.00293768499978, 0.0039772298187, -0.0025988414418, 0.000688915723003], [-0.000454388005892, 0.00497179245576, -0.00505892420188, 0.00252891029231, -0.00622003618628, 0.0152568267658, -0.0114333070815, 0.00744415586814, -0.00473003461957, 0.00057267176453, -0.00437250500545, 0.00374481850304, -0.00139715382829], [-0.00028383222525, -0.00536718405783, 0.00422702822834, -0.00230865576304, 0.00343604083173, -0.0114333070815, 0.0154213234782, -0.00650116242468, 0.00532540958375, -0.00278010801412, 0.00270148529671, -0.00285161961801, 0.00275874859653], [-0.000680834287778, 0.00339253642596, -0.00506409676746, 0.00344107067212, -0.00509222503752, 0.00744415586814, -0.00650116242468, 0.0148066105321, -0.00864884350449, 0.00177510723006, -0.00163015653379, 0.00130329327658, -0.00343578727916], [-0.000297338614473, -0.00332569121383, 0.00513804098591, -0.00476426258683, 0.00397071195766, -0.00473003461957, 0.00532540958375, -0.00864884350449, 0.0158077180386, -0.00462021864951, 0.0012689154828, 0.000462144729681, -0.000516746426001], [0.000123997189803, 0.00184264453128, -0.0032996579539, 0.00286644906737, -0.00293768499978, 0.00057267176453, -0.00278010801412, 0.00177510723006, -0.00462021864951, 0.0148371979594, -0.00288091250695, -0.00302717974409, 0.00499043148011], [-0.000265093840426, -0.00323525513522, 0.00318136694841, -0.00216137524694, 0.0039772298187, -0.00437250500545, 0.00270148529671, -0.00163015653379, 0.0012689154828, -0.00288091250695, 0.0111457072198, -0.00317286001518, 0.000291592761641], [-0.000169799270225, 0.00281025073491, -0.00224491627887, 0.00171839457471, -0.0025988414418, 0.00374481850304, -0.00285161961801, 0.00130329327658, 0.000462144729681, -0.00302717974409, -0.00317286001518, 0.0192397348583, -0.00547536276281], [0.000404927501222, -0.00135356036481, 0.00272735906765, -0.00323723582551, 0.000688915723003, -0.00139715382829, 0.00275874859653, -0.00343578727916, -0.000516746426001, 0.00499043148011, 0.000291592761641, -0.00547536276281, 0.01991369389]]
    },
    "melbands": {
        "max": [0.02880548127, 0.0296158026904, 0.0151640912518, 0.00301069556735, 0.00209073768929, 0.00207957648672, 0.00429676705971, 0.00380864343606, 0.00473510893062, 0.00514529738575, 0.00382430618629, 0.00905097275972, 0.0051103788428, 0.00248897029087, 0.0043634600006, 0.00479499157518, 0.00232771760784, 0.0020114632789, 0.00345034780912, 0.00127763731871, 0.00182892428711, 0.000720263866242, 0.000674092036206, 0.000494369480293, 0.000235581057495, 0.000197630390176, 0.000181092749699, 0.000160166164278, 0.000106394581962, 4.49799808848e-05, 3.61861057172e-05, 2.28830595006e-05, 2.71531844191e-05, 3.91169414797e-05, 4.01917823183e-05, 4.0512499254e-05, 5.87795948377e-05, 2.16586140596e-05, 2.78999414149e-05, 2.68849344138e-05],
        "mean": [0.000941881211475, 0.000808282697108, 0.000403601035941, 0.000157762158778, 8.21377179818e-05, 0.000107981504698, 0.000139828320243, 0.00011494201317, 9.34786658036e-05, 0.000108106687549, 0.00010897746688, 0.000205017218832, 0.000158023874974, 8.59684441821e-05, 8.13235965325e-05, 0.000141823329614, 7.70544138504e-05, 0.00011288512178, 0.000166638652445, 6.95710768923e-05, 7.75231019361e-05, 4.35633228335e-05, 3.37696365023e-05, 3.37931087415e-05, 1.89993843378e-05, 1.39864441735e-05, 1.43982406371e-05, 1.12791603897e-05, 5.40069186172e-06, 3.16995146932e-06, 2.61863783635e-06, 1.91996332433e-06, 2.2862741389e-06, 3.99713462684e-06, 4.29922556577e-06, 3.52631923306e-06, 2.32487650464e-06, 1.27107546177e-06, 9.43092913985e-07, 6.31895090919e-07],
        "min": [1.72861636116e-08, 6.92185579965e-08, 6.77605612509e-07, 3.83096619316e-07, 1.17366482755e-06, 8.47956584948e-07, 4.11939510059e-07, 1.61079739769e-07, 2.54973230085e-07, 4.81614563341e-07, 6.17369664724e-07, 1.84027967975e-07, 3.78548179469e-07, 4.96629183999e-07, 1.64181358286e-07, 3.01753487975e-07, 1.28156329993e-07, 4.82098300836e-07, 2.79946817727e-07, 1.0717963761e-07, 9.51190415321e-08, 9.38177535659e-08, 1.02335611984e-07, 5.83349688554e-08, 9.09182986675e-08, 4.08048137501e-08, 1.04927870836e-08, 3.39301897689e-09, 5.5787614528e-09, 4.52681048202e-09, 5.83443249269e-09, 4.81091699811e-09, 3.22647930595e-09, 3.27458105076e-09, 2.10330641792e-09, 2.50731502227e-09, 1.74413228304e-09, 1.64921090673e-10, 4.18227119603e-10, 1.35600784074e-11],
        "stdev": [0.00272491178475, 0.00184759602416, 0.00107876514085, 0.000283259607386, 0.000173362612259, 0.000224649105803, 0.000293769786367, 0.000251017248956, 0.000401569996029, 0.000326783047058, 0.00022877016454, 0.000559032894671, 0.000382885686122, 0.000201482325792, 0.000213398467167, 0.000417561735958, 0.000209202393307, 0.000255332735833, 0.000371639645891, 0.000157065675012, 0.000180731920409, 7.93770377641e-05, 5.92396791035e-05, 5.04507734149e-05, 2.6466059353e-05, 2.09377267311e-05, 2.05180876947e-05, 1.79935577762e-05, 9.1423135018e-06, 4.41806150775e-06, 3.46918250216e-06, 2.52079621532e-06, 3.11363737637e-06, 5.11304870088e-06, 5.06819651491e-06, 4.45909336122e-06, 4.0174923015e-06, 2.14624424189e-06, 2.00073986889e-06, 1.38579900977e-06]
    },
    "melbands128": {
        "max": [0.00492295669392, 0.028457922861, 0.0453746430576, 0.0363711863756, 0.0395634919405, 0.0205655340105, 0.0187175888568, 0.0206887125969, 0.00742097292095, 0.00279400846921, 0.00485094450414, 0.0044582542032, 0.00240272306837, 0.00318987574428, 0.00345419859514, 0.0032266206108, 0.00553864333779, 0.0056739449501, 0.00546541484073, 0.00683368043974, 0.00334421428852, 0.00911228638142, 0.00814818684012, 0.0139763075858, 0.0107488660142, 0.00387461879291, 0.00905170477927, 0.00354963704012, 0.00322314165533, 0.0125917959958, 0.0193984396756, 0.011581974104, 0.00881045591086, 0.00365493446589, 0.0052801463753, 0.00436811335385, 0.00289346394129, 0.00877894926816, 0.00516238901764, 0.00797820650041, 0.00657812412828, 0.00712164817378, 0.00415880605578, 0.00438578007743, 0.00537571310997, 0.00369505467825, 0.00449071032926, 0.00891621503979, 0.00354654458351, 0.00299790245481, 0.00250399624929, 0.00162974908017, 0.00194161047693, 0.00442816503346, 0.00131358450744, 0.00157527753618, 0.00140478159301, 0.00156125868671, 0.00102912180591, 0.00117842375766, 0.00109128851909, 0.00100339890923, 0.000270631862804, 0.000497478526086, 0.000525755633134, 0.00036022166023, 0.000255678140093, 0.000318306672852, 0.000338800047757, 0.00048671636614, 0.000373943621526, 0.000243559494265, 0.000205639982596, 0.000211622580537, 0.000105561703094, 6.06742323725e-05, 9.48670713115e-05, 6.1299164372e-05, 8.39689309942e-05, 2.93250959658e-05, 3.07115733449e-05, 3.42064486176e-05, 3.23488275171e-05, 2.87830935122e-05, 5.42963643966e-05, 5.65184454899e-05, 5.57376479264e-05, 7.83905634307e-05, 4.3289262976e-05, 4.74967237096e-05, 4.72967331007e-05, 6.96269344189e-05, 6.79747681716e-05, 9.06032364583e-05, 6.25305474387e-05, 2.05294309126e-05, 3.05559624394e-05, 3.50649315806e-05, 4.46040758106e-05, 2.23204860959e-05, 2.06429140235e-05, 3.51561538992e-05, 2.44430575549e-05, 1.50956175275e-05, 1.05728859126e-05, 1.52714183059e-05, 5.11132520842e-06, 3.65009282177e-06, 4.45997102361e-06, 2.87464422399e-06, 2.38097868532e-06, 2.28422777582e-06, 9.15932503176e-07, 1.49942218286e-06, 1.27938710648e-06, 1.78793740702e-07, 5.18448883824e-09, 6.4471616934e-10, 2.75878986322e-10, 2.67688149425e-10, 2.61280330704e-10, 2.55492710322e-10, 2.5184679342e-10, 2.47422027311e-10, 2.46028586393e-10, 2.4310931046e-10, 2.40874847846e-10, 2.39614189601e-10],
        "mean": [0.000163130258443, 0.000822627800517, 0.00129207398277, 0.00114162289537, 0.000778380490374, 0.000567742681596, 0.000514259270858, 0.000364897598047, 0.000226778618526, 0.000154789056978, 0.000106280880573, 9.3360315077e-05, 6.90445667715e-05, 6.96605493431e-05, 0.000132384826429, 0.000113035770482, 9.49128734646e-05, 0.000146928286995, 0.000204378331546, 0.00011225311755, 7.21894757589e-05, 0.000106989915366, 9.69019965851e-05, 8.25747047202e-05, 7.48736783862e-05, 0.00013086173567, 0.000162787895533, 7.13256958988e-05, 0.000103899619717, 0.000143071607454, 0.000276882812614, 0.000260239874478, 0.000147664468386, 7.36450892873e-05, 0.000130914369947, 6.19968122919e-05, 5.92008364038e-05, 9.66045554378e-05, 6.39841164229e-05, 0.000148115737829, 0.00016618220252, 0.000129430482048, 4.40924777649e-05, 5.73085417273e-05, 0.000135456924909, 7.06405189703e-05, 0.000142608041642, 0.000269505690085, 0.000117515373859, 7.21006144886e-05, 7.1481190389e-05, 4.69608967251e-05, 8.30658391351e-05, 0.000107328647573, 3.7986515963e-05, 3.9534024836e-05, 4.24983409175e-05, 2.37469866988e-05, 3.67752581951e-05, 4.12028493884e-05, 4.3339226977e-05, 1.789127964e-05, 1.54850877152e-05, 2.27054424613e-05, 1.88584854186e-05, 1.2584074284e-05, 9.07487901713e-06, 1.93650830624e-05, 1.3541755834e-05, 1.2318158042e-05, 1.32793620651e-05, 9.99529947876e-06, 5.44179147255e-06, 5.42934503756e-06, 4.06674826081e-06, 2.8588422083e-06, 2.89220270133e-06, 3.28106966663e-06, 2.56805856225e-06, 2.03473950933e-06, 1.92398670151e-06, 1.78579080057e-06, 2.06296931538e-06, 2.01550483325e-06, 2.68518056146e-06, 3.74886462851e-06, 4.23922028858e-06, 5.04682793689e-06, 4.060880201e-06, 4.09778613175e-06, 3.93792606701e-06, 3.23380459122e-06, 3.24015104525e-06, 2.38404913944e-06, 1.80193751476e-06, 1.26056943373e-06, 1.22828498661e-06, 1.13236444577e-06, 9.72675252342e-07, 8.52623259107e-07, 7.21710023299e-07, 6.03903174579e-07, 5.02605473685e-07, 4.57425500144e-07, 3.90781309534e-07, 3.61538951665e-07, 2.34912974406e-07, 2.44026324481e-07, 2.55282941453e-07, 1.5021356603e-07, 1.23784900552e-07, 8.79729853409e-08, 9.17728382177e-09, 4.30446878141e-09, 3.14988790606e-09, 7.25258908485e-10, 5.17722635596e-11, 5.21274386503e-12, 4.55798940258e-12, 4.40181918693e-12, 4.26843239573e-12, 4.19664736989e-12, 4.14054381059e-12, 4.0444201807e-12, 3.76313737116e-12, 3.31625243759e-12, 3.06600404787e-12, 3.01752351405e-12],
        "min": [4.31499280751e-10, 2.35381270031e-09, 8.89063045406e-09, 2.6950704779e-08, 4.50946480157e-08, 7.2341208579e-08, 2.07725705081e-07, 1.09424249217e-07, 4.44761155904e-07, 4.34882224454e-07, 1.35240568966e-07, 1.17852266612e-07, 6.08865633467e-08, 3.16133508704e-07, 1.81014215173e-07, 6.16236235373e-08, 2.23660265419e-07, 6.18650943807e-08, 1.61645026253e-08, 7.97103183459e-08, 1.1184444304e-07, 2.73149360908e-08, 1.11972639161e-07, 5.08077633299e-08, 1.05771569281e-07, 1.57107024279e-07, 4.11026547908e-07, 1.2702734864e-07, 5.95162248374e-08, 3.30779528213e-08, 7.64909344753e-08, 4.44577246128e-08, 6.49605809144e-08, 1.47483916635e-07, 2.701996209e-07, 4.72885162139e-08, 9.57993435691e-08, 2.152348344e-08, 2.8254694584e-08, 6.53080221014e-08, 9.32806045739e-08, 7.42074703908e-08, 4.23145500861e-08, 5.02156751736e-08, 7.50096447177e-08, 1.38752312751e-07, 1.82449909403e-07, 7.15774817195e-08, 5.12492199789e-08, 6.02455827448e-08, 4.45792878168e-08, 1.71284959549e-08, 8.58866329168e-08, 4.73567283166e-08, 4.39783889306e-08, 5.45339098323e-08, 2.3142224137e-08, 1.13069287266e-08, 3.57772336201e-08, 6.08155019677e-08, 7.47287529634e-08, 1.30526576214e-08, 1.99490770569e-08, 3.00194678005e-08, 1.97783371902e-08, 2.41538415935e-08, 3.0086464875e-08, 5.86698511995e-09, 6.29052543388e-09, 3.83862408526e-09, 4.20614432173e-09, 2.2282389267e-09, 1.38632094693e-09, 3.82647868946e-09, 5.09390529757e-09, 5.0259703066e-09, 1.75665193503e-09, 1.88327908823e-09, 3.89935284062e-09, 5.19067322458e-09, 4.66222216389e-09, 2.68762678779e-09, 1.88423143754e-09, 9.10601760662e-10, 4.44302455938e-10, 2.13824313811e-09, 1.6578991513e-09, 1.35312505645e-09, 8.90469642467e-10, 7.86442966305e-10, 6.25078322436e-10, 8.57152071543e-10, 2.02697347795e-09, 6.1748595126e-10, 2.42314668331e-10, 7.16248935162e-11, 6.28187562732e-12, 8.27425888222e-12, 1.60090038448e-10, 5.24510365696e-11, 4.05871473583e-12, 1.41774690945e-11, 4.89098345158e-12, 3.36777619681e-11, 3.1155861311e-12, 5.59426333382e-12, 5.53579447907e-12, 1.03796387717e-12, 5.58345904234e-13, 8.67788859434e-13, 1.20695228985e-12, 6.04616075088e-13, 4.48662157773e-13, 4.94221905154e-13, 5.07105154309e-13, 4.90690821309e-13, 4.31109602227e-13, 4.32007484256e-13, 4.12846460577e-13, 4.78318122957e-13, 4.97040668172e-13, 4.12901321207e-13, 5.25971518943e-13, 3.28423106852e-13, 3.33833980425e-13, 1.36073227339e-13, 1.59815821736e-14, 6.17346622837e-16],
        "stdev": [0.000495435611811, 0.0028504061047, 0.00407311273739, 0.00296831084415, 0.00217469548807, 0.00125126517378, 0.00136882194784, 0.00138757389504, 0.000563302019145, 0.000252343830653, 0.000285240123048, 0.00027289710124, 0.000179336799192, 0.000189370548469, 0.000353544979589, 0.000250380951911, 0.000313393335091, 0.000390923989471, 0.000507051008753, 0.000353650393663, 0.000227397482377, 0.000524313189089, 0.00054209458176, 0.00067454110831, 0.00052676408086, 0.000319830782246, 0.000481871335069, 0.000196947090444, 0.000309960858431, 0.000664488761686, 0.000932124385145, 0.000810332072433, 0.000531137629878, 0.000216329790419, 0.00036686914973, 0.00023721033358, 0.000193552594283, 0.000336870463798, 0.000305976485834, 0.000538683787454, 0.000611079565715, 0.000470759783639, 0.000199717920623, 0.000280376145383, 0.000520261528436, 0.000269461335847, 0.000426896178396, 0.000798814522568, 0.000376159470761, 0.00025510424166, 0.000254808721365, 0.000131133929244, 0.00019782189338, 0.000405344821047, 0.000111832450784, 0.000110498556751, 0.000126182698295, 8.78058781382e-05, 9.46983636823e-05, 8.91006638994e-05, 8.77219135873e-05, 4.01344150305e-05, 2.62764060608e-05, 4.22258926847e-05, 4.28596904385e-05, 3.12020456477e-05, 1.87963796634e-05, 3.66271087842e-05, 2.79016858258e-05, 3.46991946572e-05, 2.71351509582e-05, 2.07653210964e-05, 1.38397408591e-05, 1.29423842736e-05, 7.57041971156e-06, 4.64451159132e-06, 5.90187755733e-06, 5.85198631597e-06, 4.3213058234e-06, 2.823359182e-06, 2.75566890195e-06, 2.96339044326e-06, 3.2915711472e-06, 3.12790302814e-06, 4.48041919299e-06, 6.17315345153e-06, 6.57706959828e-06, 7.88182205724e-06, 5.38981976206e-06, 5.94933635512e-06, 5.4209094742e-06, 5.19552349942e-06, 5.71083364775e-06, 5.01767453898e-06, 3.68927794625e-06, 2.04743673748e-06, 2.40019471676e-06, 2.40148710873e-06, 2.6192005862e-06, 1.80845756859e-06, 1.52526331476e-06, 1.57448005211e-06, 1.30847251967e-06, 1.03831894194e-06, 8.35122591525e-07, 8.2707083493e-07, 4.56212575273e-07, 4.27153423743e-07, 4.89607884901e-07, 2.71021690423e-07, 2.30427005476e-07, 1.83925806141e-07, 4.70446614997e-08, 4.90937068776e-08, 4.25622559419e-08, 7.87067921948e-09, 2.46483389255e-10, 2.17044680839e-11, 1.2683167884e-11, 1.22723792934e-11, 1.19792700065e-11, 1.17177881981e-11, 1.15156911784e-11, 1.13181686245e-11, 1.12186466714e-11, 1.11046961557e-11, 1.10134080675e-11, 1.0955934944e-11]
    },
    "mfcc": {
        "mean": [-638.663085938, 86.293548584, -19.3852767944, 9.74474525452, 7.06327772141, 4.54216957092, -1.60151076317, 9.58835601807, -7.29188203812, 5.54549646378, -7.75069713593, -2.75029039383, -0.879809439182],
        "cov": [[3847.05883789, -460.392578125, -333.001953125, 81.6201934814, 228.67906189, 312.740203857, 297.457336426, 389.986480713, 191.808074951, 380.409210205, 125.554473877, 112.187843323, 222.383148193], [-460.392578125, 596.118774414, 15.6337823868, 97.3554153442, 16.4433460236, 67.0791397095, 104.251495361, 22.5900650024, 11.6520824432, 22.8844814301, 59.8035392761, 11.5030574799, -5.88051176071], [-333.001953125, 15.6337823868, 557.576538086, 78.839630127, 4.0895113945, 62.2015342712, 68.0436782837, -25.083272934, 8.83934116364, -13.5730171204, 37.2186317444, 54.1108932495, -45.537399292], [81.6201934814, 97.3554153442, 78.839630127, 272.731079102, 135.263687134, 33.207611084, 30.6638889313, 58.0090446472, 79.2797241211, 26.3526611328, 2.61587166786, 30.308221817, 7.20079374313], [228.67906189, 16.4433460236, 4.0895113945, 135.263687134, 214.19380188, 21.8223819733, 27.0851345062, 60.6267585754, 68.3796691895, 43.810256958, 0.0765295177698, 16.5438499451, 17.0730838776], [312.740203857, 67.0791397095, 62.2015342712, 33.207611084, 21.8223819733, 361.778869629, 212.68687439, 81.3980560303, 26.9974269867, 106.95841217, 78.2015533447, 19.4130916595, 4.18030881882], [297.457336426, 104.251495361, 68.0436782837, 30.6638889313, 27.0851345062, 212.68687439, 272.003356934, 91.2112579346, 27.5015125275, 81.5406036377, 82.9633255005, 33.5752410889, 15.7214269638], [389.986480713, 22.5900650024, -25.083272934, 58.0090446472, 60.6267585754, 81.3980560303, 91.2112579346, 146.27645874, 67.2461471558, 74.0330429077, 18.0249919891, 28.2410430908, 30.3449325562], [191.808074951, 11.6520824432, 8.83934116364, 79.2797241211, 68.3796691895, 26.9974269867, 27.5015125275, 67.2461471558, 152.726745605, 50.2717018127, 17.0617084503, 21.784116745, 9.13613319397], [380.409210205, 22.8844814301, -13.5730171204, 26.3526611328, 43.810256958, 106.95841217, 81.5406036377, 74.0330429077, 50.2717018127, 141.091537476, 50.138759613, 25.0604076385, 27.2715148926], [125.554473877, 59.8035392761, 37.2186317444, 2.61587166786, 0.0765295177698, 78.2015533447, 82.9633255005, 18.0249919891, 17.0617084503, 50.138759613, 110.203697205, 44.877155304, 17.1365280151], [112.187843323, 11.5030574799, 54.1108932495, 30.308221817, 16.5438499451, 19.4130916595, 33.5752410889, 28.2410430908, 21.784116745, 25.0604076385, 44.877155304, 106.072006226, 40.8915939331], [222.383148193, -5.88051176071, -45.537399292, 7.20079374313, 17.0730838776, 4.18030881882, 15.7214269638, 30.3449325562, 9.13613319397, 27.2715148926, 17.1365280151, 40.8915939331, 86.5380706787]],
        "icov": [[0.000602453830652, 0.000623221741989, 0.000298379571177, -0.000140902571729, -0.000147380429553, 9.70841665549e-06, -0.000317533616908, -0.00078357977327, 5.19890236319e-05, -0.000820741232019, -0.000330818409566, 0.000110319924715, -0.000709484971594], [0.000623221741989, 0.00268100388348, 0.000551993201952, -0.00123311707284, 0.000244724127697, 0.000250504235737, -0.00114724913146, -0.000614683784079, 0.000304488174152, -0.000737652997486, -0.00134793180041, 0.00039251925773, -0.000380940153264], [0.000298379571177, 0.000551993201952, 0.00255973241292, -0.000962083868217, 0.000189702928765, -0.000148775216076, -0.000959820637945, 0.000649502384476, -2.41457510128e-05, -8.92323078006e-05, -0.000245287432335, -0.00173055147752, 0.00151111499872], [-0.000140902571729, -0.00123311707284, -0.000962083868217, 0.00675606960431, -0.00343992491253, -0.000536394363735, 0.000760458293371, -0.000739007256925, -0.00167825538665, 0.000999525655061, 0.00110823754221, -0.000981163582765, 0.000141780197737], [-0.000147380429553, 0.000244724127697, 0.000189702928765, -0.00343992491253, 0.00767150009051, 0.000461453164462, -0.000316635880154, -0.000529364973772, -0.00101521413308, -0.00110708014108, 0.000632751034573, 0.000302729633404, -0.000323513610056], [9.70841665549e-06, 0.000250504235737, -0.000148775216076, -0.000536394363735, 0.000461453164462, 0.00581644149497, -0.00377456611022, -0.000159096976859, 0.000513111299369, -0.00248961849138, -0.000731325824745, 0.000759043672588, 0.000844481808599], [-0.000317533616908, -0.00114724913146, -0.000959820637945, 0.000760458293371, -0.000316635880154, -0.00377456611022, 0.00937014725059, -0.0036559025757, 0.000832798599731, 0.00105815625284, -0.00327908806503, 0.000441257434431, 1.36043472594e-05], [-0.00078357977327, -0.000614683784079, 0.000649502384476, -0.000739007256925, -0.000529364973772, -0.000159096976859, -0.0036559025757, 0.0151189602911, -0.00355002540164, -0.00284759304486, 0.00422503752634, -0.00208587385714, -0.000728957646061], [5.19890236319e-05, 0.000304488174152, -2.41457510128e-05, -0.00167825538665, -0.00101521413308, 0.000513111299369, 0.000832798599731, -0.00355002540164, 0.0098170330748, -0.0017646785127, -0.00135113077704, -0.000355026859324, 0.00123808765784], [-0.000820741232019, -0.000737652997486, -8.92323078006e-05, 0.000999525655061, -0.00110708014108, -0.00248961849138, 0.00105815625284, -0.00284759304486, -0.0017646785127, 0.014284840785, -0.00355012621731, 0.000558334111702, -0.000802396622021], [-0.000330818409566, -0.00134793180041, -0.000245287432335, 0.00110823754221, 0.000632751034573, -0.000731325824745, -0.00327908806503, 0.00422503752634, -0.00135113077704, -0.00355012621731, 0.0166752375662, -0.00578409619629, 0.000254411250353], [0.000110319924715, 0.00039251925773, -0.00173055147752, -0.000981163582765, 0.000302729633404, 0.000759043672588, 0.000441257434431, -0.00208587385714, -0.000355026859324, 0.000558334111702, -0.00578409619629, 0.0157313495874, -0.00695753283799], [-0.000709484971594, -0.000380940153264, 0.00151111499872, 0.000141780197737, -0.000323513610056, 0.000844481808599, 1.36043472594e-05, -0.000728957646061, 0.00123808765784, -0.000802396622021, 0.000254411250353, -0.00695753283799, 0.0177718810737]]
    },
    "spectral_contrast_coeffs": {
        "max": [-0.471224278212, -0.516369044781, -0.519358634949, -0.50920522213, -0.552800178528, -0.587394118309],
        "mean": [-0.728197097778, -0.760400831699, -0.740640223026, -0.747716128826, -0.764706194401, -0.738175988197],
        "min": [-0.90197634697, -0.929108738899, -0.909756362438, -0.895773530006, -0.872620761395, -0.862557709217],
        "stdev": [0.0606424249709, 0.073591068387, 0.06856880337, 0.0767386630177, 0.0616005137563, 0.0420729368925]
    },
    "spectral_contrast_valleys": {
        "max": [-5.36620235443, -5.19191980362, -5.55611419678, -5.91169214249, -6.0048418045, -8.19049739838],
        "mean": [-7.38308525085, -7.25996923447, -7.40319395065, -7.51288557053, -7.48298835754, -10.3152780533],
        "min": [-10.3511829376, -9.0467300415, -9.21897315979, -9.32295513153, -10.1029586792, -13.2054519653],
        "stdev": [0.782811939716, 0.575994193554, 0.649021983147, 0.640100777149, 0.687575995922, 0.852053761482]
    }
},
"rhythm": {
    "beats_count": 46,
    "beats_loudness": {
        "max": 0.106996431947,
        "mean": 0.027622686699,
        "min": 0.00137183570769,
        "stdev": 0.0280874613672
    },
    "bpm": 86.0450515747,
    "bpm_histogram_first_peak_bpm": 86,
    "bpm_histogram_first_peak_weight": 0.133333325386,
    "bpm_histogram_second_peak_bpm": 0,
    "bpm_histogram_second_peak_spread": 0,
    "bpm_histogram_second_peak_weight": 0,
    "danceability": 0.967071473598,
    "onset_rate": 3.19921851158,
    "beats_loudness_band_ratio": {
        "max": [0.707490205765, 0.47214692831, 0.527627944946, 0.810005843639, 0.75059223175, 0.270441800356],
        "mean": [0.267358720303, 0.0774254798889, 0.100225053728, 0.204474776983, 0.273568600416, 0.0965995565057],
        "min": [0.00318766804412, 0.00261148624122, 0.011953227222, 0.0245249085128, 0.0139849903062, 0.0232294872403],
        "stdev": [0.222028464079, 0.0890003740788, 0.0920469686389, 0.18594263494, 0.201221928, 0.058923766017]
    },
    "beats_position": [0.66176867485, 1.34675729275, 2.04335594177, 2.73995471001, 3.43655323982, 4.13315200806, 4.82975053787, 5.52634906769, 6.2229475975, 6.91954612732, 7.61614513397, 8.31274318695, 9.02095222473, 9.72916126251, 10.4257593155, 11.1223583221, 11.8305664062, 12.5271654129, 13.2121543884, 13.9087524414, 14.6053514481, 15.301949501, 15.9985485077, 16.7067565918, 17.4149665833, 18.1115646362, 18.7965526581, 19.4815406799, 20.1781406403, 20.8747386932, 21.5713367462, 22.2679367065, 22.9761447906, 23.6843528748, 24.3809528351, 25.0891609192, 25.774148941, 26.470746994, 27.1673469543, 27.8523349762, 28.5489330292, 29.2571430206, 29.9537410736, 30.6503391266, 31.3469390869, 32.0435371399],
