{
"metadata": {
    "version": {
        "essentia": "2.1-beta5",
        "essentia_git_sha": "Undefined",
        "extractor": "music 2.0"
    },
    "audio_properties": {
        "analysis": {
            "equal_loudness": 0,
            "length": 32.4963264465,
            "sample_rate": 44100,
            "start_time": 93.9943771362,
            "downmix": "mix"
        },
        "bit_rate": 192000,
        "length": 185.643539429,
        "lossless": 0,
        "number_channels": 2,
        "replay_gain": -2.92379951477,
        "sample_rate": 48000,
        "codec": "mp3",
        "md5_encoded": "470251d7920a4a23119359a7f835918c"
    },
    "tags": {
        "file_name": "Belgium_Rhythm Inside_Loïc Nottet.mp3",
        "encoding": ["Lavf58.29.100"]
    }
},
"lowlevel": {
    "average_loudness": 0.946150004864,
    "barkbands_crest": {
        "max": 25.8825492859,
        "mean": 13.1931037903,
        "min": 2.20551919937,
        "stdev": 5.24119615555
    },
    "barkbands_flatness_db": {
        "max": 0.344610363245,
        "mean": 0.15823161602,
        "min": 0.0658286288381,
        "stdev": 0.0522949062288
    },
    "barkbands_kurtosis": {
        "max": 147.397369385,
        "mean": 3.97569775581,
        "min": -1.88022446632,
        "stdev": 10.2557201385
    },
    "barkbands_skewness": {
        "max": 11.4070634842,
        "mean": 1.38296806812,
        "min": -1.87345957756,
        "stdev": 1.49760973454
    },
    "barkbands_spread": {
        "max": 101.561943054,
        "mean": 28.1166877747,
        "min": 1.2529309988,
        "stdev": 15.5084114075
    },
    "dissonance": {
        "max": 0.499990463257,
        "mean": 0.466668188572,
        "min": 0.307610839605,
        "stdev": 0.0298835318536
    },
    "dynamic_complexity": 2.94740486145,
    "erbbands_crest": {
        "max": 31.1974906921,
        "mean": 11.0478715897,
        "min": 2.785810709,
        "stdev": 5.39969730377
    },
    "erbbands_flatness_db": {
        "max": 0.289043903351,
        "mean": 0.165093109012,
        "min": 0.0609723925591,
        "stdev": 0.0425964929163
    },
    "erbbands_kurtosis": {
        "max": 19.7352199554,
        "mean": 1.22680521011,
        "min": -1.66738784313,
        "stdev": 2.15115404129
    },
    "erbbands_skewness": {
        "max": 3.86132264137,
        "mean": 0.201660379767,
        "min": -2.48596382141,
        "stdev": 0.832298099995
    },
    "erbbands_spread": {
        "max": 133.213317871,
        "mean": 33.2569236755,
        "min": 6.54411220551,
        "stdev": 19.0917377472
    },
    "hfc": {
        "max": 100.791999817,
        "mean": 23.3358783722,
        "min": 0.239448606968,
        "stdev": 20.0485210419
    },
    "loudness_ebu128": {
        "integrated": -20.8213272095,
        "loudness_range": 4.86349868774,
        "momentary": {
            "max": -16.9435901642,
            "mean": -21.3989887238,
            "min": -28.4906272888,
            "stdev": 2.30068254471
        },
        "short_term": {
            "max": -18.4124221802,
            "mean": -21.1713027954,
            "min": -24.324213028,
            "stdev": 1.85511660576
        }
    },
    "melbands_crest": {
        "max": 34.129650116,
        "mean": 17.9345722198,
        "min": 3.74139809608,
        "stdev": 6.30762672424
    },
    "melbands_flatness_db": {
        "max": 0.451594531536,
        "mean": 0.206607878208,
        "min": 0.0258384086192,
        "stdev": 0.0731596276164
    },
    "melbands_kurtosis": {
        "max": 276.190216064,
        "mean": 14.3563976288,
        "min": -1.45258796215,
        "stdev": 24.2666606903
    },
    "melbands_skewness": {
        "max": 13.8547363281,
        "mean": 2.67728805542,
        "min": -1.30940032005,
        "stdev": 2.11947798729
    },
    "melbands_spread": {
        "max": 104.731742859,
        "mean": 29.6247806549,
        "min": 0.897659659386,
        "stdev": 18.7627506256
    },
    "pitch_salience": {
        "max": 0.831668496132,
        "mean": 0.449780136347,
        "min": 0.109763748944,
        "stdev": 0.118112519383
    },
    "silence_rate_20dB": {
        "max": 1,
        "mean": 1,
        "min": 1,
        "stdev": 0
    },
    "silence_rate_30dB": {
        "max": 1,
        "mean": 0.9935759902,
        "min": 0,
        "stdev": 0.0798917487264
    },
    "silence_rate_60dB": {
        "max": 1,
        "mean": 0.0085653103888,
        "min": 0,
        "stdev": 0.0921519175172
    },
    "spectral_centroid": {
        "max": 3945.55200195,
        "mean": 1735.53710938,
        "min": 219.92590332,
        "stdev": 624.210998535
    },
    "spectral_complexity": {
        "max": 47,
        "mean": 17.8786582947,
        "min": 1,
        "stdev": 10.2218523026
    },
    "spectral_decrease": {
        "max": -1.51295490025e-10,
        "mean": -7.41055616871e-09,
        "min": -3.35346648228e-08,
        "stdev": 5.59494717223e-09
    },
    "spectral_energy": {
        "max": 0.132951200008,
        "mean": 0.030085798353,
        "min": 0.000592743977904,
        "stdev": 0.0221889615059
    },
    "spectral_energyband_high": {
        "max": 0.00668456451967,
        "mean": 0.00092031765962,
        "min": 4.84829661218e-06,
        "stdev": 0.00102046085522
    },
    "spectral_energyband_low": {
        "max": 0.0994733273983,
        "mean": 0.0159972887486,
        "min": 6.20379069005e-07,
        "stdev": 0.0168380495161
    },
    "spectral_energyband_middle_high": {
        "max": 0.0705860480666,
        "mean": 0.00885351002216,
        "min": 3.17570484185e-05,
        "stdev": 0.0107794329524
    },
    "spectral_energyband_middle_low": {
        "max": 0.0372325405478,
        "mean": 0.00482746213675,
        "min": 7.68873578636e-05,
        "stdev": 0.00461139250547
    },
    "spectral_entropy": {
        "max": 8.79402732849,
        "mean": 7.66828012466,
        "min": 6.34639263153,
        "stdev": 0.376865565777
    },
    "spectral_flux": {
        "max": 0.294876754284,
        "mean": 0.0873696282506,
        "min": 0.0132396174595,
        "stdev": 0.0446972064674
    },
    "spectral_kurtosis": {
        "max": 12.5400094986,
        "mean": 3.5145111084,
        "min": -1.36618065834,
        "stdev": 2.01174235344
    },
    "spectral_rms": {
        "max": 0.0113889630884,
        "mean": 0.00508993305266,
        "min": 0.000760451715905,
        "stdev": 0.0018559548771
    },
    "spectral_rolloff": {
        "max": 8893.21289062,
        "mean": 1531.21032715,
        "min": 64.599609375,
        "stdev": 1405.09838867
    },
    "spectral_skewness": {
        "max": 2.65390324593,
        "mean": 1.37665879726,
        "min": 0.198672086,
        "stdev": 0.35201472044
    },
    "spectral_spread": {
        "max": 14454398,
        "mean": 4516813,
        "min": 1802085.875,
        "stdev": 1554934.75
    },
    "spectral_strongpeak": {
        "max": 10.2276268005,
        "mean": 0.840506374836,
        "min": 0,
        "stdev": 1.38916301727
    },
    "zerocrossingrate": {
        "max": 0.23681640625,
        "mean": 0.0593740940094,
        "min": 0.005859375,
        "stdev": 0.0334131531417
    },
    "barkbands": {
        "max": [0.0065522827208, 0.0965272709727, 0.0334511399269, 0.007977290079, 0.00895406864583, 0.0124652991071, 0.0169720556587, 0.0135868359357, 0.0193675458431, 0.0634413063526, 0.0323438048363, 0.0262959972024, 0.0281486045569, 0.0223453119397, 0.0209135618061, 0.0267869979143, 0.0186146199703, 0.0109585039318, 0.00421008747071, 0.00291541963816, 0.00130545371212, 0.0021548725199, 0.00244960887358, 0.0031665910501, 0.00167426886037, 0.000814819475636, 2.33163086705e-06],
        "mean": [0.000547631236259, 0.013785068877, 0.00138169282582, 0.000631384726148, 0.000608814414591, 0.000550447555725, 0.000876542006154, 0.000843535060994, 0.000971548375674, 0.00224073976278, 0.000838641426526, 0.000782680523116, 0.000890352937859, 0.00102651200723, 0.000944819883443, 0.000657710479572, 0.000448527134722, 0.000611045164987, 0.000396345363697, 0.00032015904435, 0.000147412400111, 0.000132790199132, 0.000214930332731, 0.000149362138472, 6.90511587891e-05, 1.8035645553e-05, 1.15937268674e-08],
        "min": [9.47409350971e-09, 2.67377430418e-07, 6.64421264673e-08, 2.69069545311e-07, 4.76703326058e-06, 9.63128286458e-07, 7.97204393166e-07, 3.95912024942e-07, 2.43514546128e-06, 1.73579826424e-06, 5.91868229094e-07, 2.20230344894e-06, 2.5919782729e-06, 1.32310651679e-06, 9.34532295105e-07, 1.29288628159e-06, 1.53461382979e-06, 1.96373548533e-06, 1.29139300498e-06, 6.89230091666e-07, 2.63378097998e-07, 5.37405696832e-07, 8.47429930673e-07, 6.70877625453e-07, 1.02841092087e-07, 5.88624926579e-10, 7.42632413897e-11],
        "stdev": [0.000847469316795, 0.0158927198499, 0.00251984409988, 0.000951853289735, 0.000860355969053, 0.00107012840454, 0.00175763980951, 0.0018862511497, 0.00211451807991, 0.00580928800628, 0.00236767856404, 0.00186403188854, 0.00199384777807, 0.00223567662761, 0.00185474264435, 0.00182306196075, 0.00104835047387, 0.000893967109732, 0.000506866723299, 0.000393032154534, 0.000202988579986, 0.000176256158738, 0.000289588904707, 0.000271147087915, 0.000153043220052, 4.95812273584e-05, 1.30312997726e-07]
    },
    "erbbands": {
        "max": [4.1071023941, 21.9322109222, 39.1801338196, 26.8909797668, 28.5463848114, 34.3861503601, 34.0971488953, 125.097549438, 355.823822021, 422.022094727, 368.639221191, 556.915161133, 1798.24328613, 2712.17919922, 914.936340332, 999.260437012, 1064.93469238, 1220.95666504, 1136.42370605, 1452.8807373, 633.247436523, 819.536621094, 487.50692749, 345.014007568, 132.418869019, 165.330749512, 107.42565918, 41.1247024536, 83.2673034668, 74.9745864868, 75.9666595459, 70.5456161499, 49.3208503723, 27.1154060364, 11.516415596, 5.54420757294, 1.7784743309, 0.0904746875167, 0.00194729294162, 0.000159962888574],
        "mean": [0.471947878599, 2.78099632263, 2.13717985153, 2.06836891174, 1.87284910679, 2.10220456123, 2.57106328011, 4.99917173386, 12.5034265518, 13.2920322418, 20.3681545258, 25.952287674, 34.6850662231, 76.8631362915, 33.9936943054, 37.2175636292, 44.705532074, 44.011505127, 65.5641555786, 36.8560791016, 30.0897102356, 25.5539855957, 30.3788356781, 28.8976821899, 16.3000717163, 15.7820205688, 9.96319770813, 4.13552618027, 4.49701690674, 5.93261241913, 6.17834568024, 3.79648995399, 2.11098861694, 0.925117135048, 0.4120426476, 0.140693962574, 0.0213180985302, 0.000667447224259, 4.25117505074e-05, 3.91299618059e-05],
        "min": [4.59362308902e-06, 6.51412774459e-05, 0.00015913178504, 0.00159606523812, 0.00790936127305, 0.0156699791551, 0.00558788934723, 0.0215429719537, 0.036792922765, 0.0455895364285, 0.120554775, 0.0645396560431, 0.0567588880658, 0.0634585395455, 0.124426551163, 0.121141254902, 0.121408000588, 0.115633964539, 0.0677563399076, 0.0950019806623, 0.0884979590774, 0.0808890461922, 0.127690583467, 0.0963752865791, 0.0881343632936, 0.036700386554, 0.023217568174, 0.011626591906, 0.0161851719022, 0.034611992538, 0.0264089331031, 0.0153935579583, 0.00902550760657, 0.00465492159128, 0.000857985462062, 4.29568535765e-05, 4.87633678858e-06, 7.31653756247e-07, 2.32779962062e-06, 2.75066736322e-06],
        "stdev": [0.600064337254, 3.20812249184, 3.12994933128, 2.85164260864, 2.70264148712, 3.44101428986, 4.24325037003, 10.5748262405, 25.2069988251, 29.0070610046, 41.5387001038, 58.3489341736, 100.632408142, 214.70249939, 85.1429824829, 79.9591598511, 93.6966552734, 92.7170028687, 120.335968018, 85.6640625, 64.2239608765, 54.3869857788, 45.3443412781, 38.9176292419, 18.9552326202, 20.2587299347, 13.992975235, 5.19619846344, 6.27612257004, 7.85782957077, 8.52430057526, 6.03071689606, 4.26357889175, 2.09917116165, 0.920258939266, 0.336838066578, 0.0761361047626, 0.00384574639611, 9.22323888517e-05, 2.73190471489e-05]
    },
    "gfcc": {
        "mean": [-0.978544056416, 88.6743927002, -128.755493164, 49.6599349976, -53.7076187134, 39.3808898926, -27.6148376465, 25.9033622742, -13.337433815, 4.08461666107, -2.86773991585, -3.70131754875, -9.3512134552],
        "cov": [[2999.0925293, -761.117248535, -409.872467041, 42.8540344238, -67.5076217651, 133.83001709, -236.830596924, -69.1116256714, -177.657302856, 206.836990356, -148.922775269, 221.556121826, 6.38394880295], [-761.117248535, 932.79107666, 241.113464355, -9.02537822723, 133.674240112, -35.9467735291, 268.269989014, 62.0722923279, 128.453475952, -125.75062561, 175.356201172, -128.90512085, -29.9343280792], [-409.872467041, 241.113464355, 889.540893555, 94.5224914551, -35.901966095, 83.3201446533, -38.0078468323, 17.5588684082, 13.2873287201, -22.8592357635, -17.5930461884, 59.3627891541, -51.8218688965], [42.8540344238, -9.02537822723, 94.5224914551, 248.400131226, 76.7913208008, -0.0115571813658, -31.0957832336, -8.63793563843, 44.1246261597, 1.42778718472, -5.09221458435, -16.5816230774, 45.6830558777], [-67.5076217651, 133.674240112, -35.901966095, 76.7913208008, 244.997528076, 39.837348938, 53.1001777649, 35.773475647, 13.9229240417, 2.89925503731, 15.8246974945, -44.4018592834, 27.8510036469], [133.83001709, -35.9467735291, 83.3201446533, -0.0115571813658, 39.837348938, 228.268615723, 91.5459671021, -12.7888689041, -35.7717285156, -2.4193842411, -5.03147506714, 0.89772182703, 4.30658340454], [-236.830596924, 268.269989014, -38.0078468323, -31.0957832336, 53.1001777649, 91.5459671021, 310.559906006, 54.1197547913, 18.9417572021, -47.5365905762, 81.8515930176, -71.0162963867, -5.89732551575], [-69.1116256714, 62.0722923279, 17.5588684082, -8.63793563843, 35.773475647, -12.7888689041, 54.1197547913, 123.417167664, 50.3935890198, -20.973739624, 14.2595748901, -22.5438327789, -4.91001272202], [-177.657302856, 128.453475952, 13.2873287201, 44.1246261597, 13.9229240417, -35.7717285156, 18.9417572021, 50.3935890198, 164.385040283, -14.6412096024, 10.5850687027, -44.6436805725, -2.28368210793], [206.836990356, -125.75062561, -22.8592357635, 1.42778718472, 2.89925503731, -2.4193842411, -47.5365905762, -20.973739624, -14.6412096024, 101.131385803, -14.0078248978, 27.0568981171, -8.45611000061], [-148.922775269, 175.356201172, -17.5930461884, -5.09221458435, 15.8246974945, -5.03147506714, 81.8515930176, 14.2595748901, 10.5850687027, -14.0078248978, 174.549591064, -15.6207180023, -2.56419944763], [221.556121826, -128.90512085, 59.3627891541, -16.5816230774, -44.4018592834, 0.89772182703, -71.0162963867, -22.5438327789, -44.6436805725, 27.0568981171, -15.6207180023, 126.583473206, 8.91263580322], [6.38394880295, -29.9343280792, -51.8218688965, 45.6830558777, 27.8510036469, 4.30658340454, -5.89732551575, -4.91001272202, -2.28368210793, -8.45611000061, -2.56419944763, 8.91263580322, 94.4959182739]],
        "icov": [[0.000641453778371, -0.000304602755932, 0.000680463679601, -0.00076115608681, 0.000528088014107, -0.000938394397963, 0.000547997304238, -0.000766299315728, 0.00061080645537, -0.000994532369077, 0.000427652295912, -0.00104461994488, 0.000518713786732], [-0.000304602755932, 0.00420601153746, -0.00219270936213, 0.00229341047816, -0.00306598213501, 0.00312860379927, -0.00306445034221, 0.00305887102149, -0.00272361608222, 0.0034179543145, -0.00247879698873, 0.00189242721535, -0.000235220752074], [0.000680463679601, -0.00219270936213, 0.00307579222135, -0.00264926115051, 0.00219672382809, -0.00301052141003, 0.00215828046203, -0.00259161996655, 0.00166944460943, -0.00172544037923, 0.00147941417526, -0.00266541563906, 0.00189422955737], [-0.00076115608681, 0.00229341047816, -0.00264926115051, 0.00780825037509, -0.00378460227512, 0.00265048095025, -0.00130472367164, 0.00368480966426, -0.00355485826731, 0.00222437339835, -0.00166745157912, 0.00282542733476, -0.00354365864769], [0.000528088014107, -0.00306598213501, 0.00219672382809, -0.00378460227512, 0.00797015614808, -0.00363751011901, 0.00216072425246, -0.00448940275237, 0.00294306525029, -0.00389589462429, 0.00164914492052, -0.000231305195484, -0.000465245801024], [-0.000938394397963, 0.00312860379927, -0.00301052141003, 0.00265048095025, -0.00363751011901, 0.00925630144775, -0.00515419431031, 0.00431524775922, -0.00150061224122, 0.0029010635335, -0.00103074335493, 0.00193865376059, -0.00131253420841], [0.000547997304238, -0.00306445034221, 0.00215828046203, -0.00130472367164, 0.00216072425246, -0.00515419431031, 0.00812911149114, -0.00431438954547, 0.00223558954895, -0.0014449848095, -0.000290617957944, 0.000345032894984, 0.000572090852074], [-0.000766299315728, 0.00305887102149, -0.00259161996655, 0.00368480966426, -0.00448940275237, 0.00431524775922, -0.00431438954547, 0.0138424308971, -0.00551860034466, 0.00431825360283, -0.00164400145877, 0.00155980326235, -0.000544042093679], [0.00061080645537, -0.00272361608222, 0.00166944460943, -0.00355485826731, 0.00294306525029, -0.00150061224122, 0.00223558954895, -0.00551860034466, 0.0103763630614, -0.00279815495014, 0.00162797153462, 0.000627545290627, 0.000769139209297], [-0.000994532369077, 0.0034179543145, -0.00172544037923, 0.00222437339835, -0.00389589462429, 0.0029010635335, -0.0014449848095, 0.00431825360283, -0.00279815495014, 0.0155114736408, -0.00217351899482, 0.000215522843064, 0.00151970540173], [0.000427652295912, -0.00247879698873, 0.00147941417526, -0.00166745157912, 0.00164914492052, -0.00103074335493, -0.000290617957944, -0.00164400145877, 0.00162797153462, -0.00217351899482, 0.00832925923169, -0.00202523265034, 0.000522541755345], [-0.00104461994488, 0.00189242721535, -0.00266541563906, 0.00282542733476, -0.000231305195484, 0.00193865376059, 0.000345032894984, 0.00155980326235, 0.000627545290627, 0.000215522843064, -0.00202523265034, 0.0138166537508, -0.00339884962887], [0.000518713786732, -0.000235220752074, 0.00189422955737, -0.00354365864769, -0.000465245801024, -0.00131253420841, 0.000572090852074, -0.000544042093679, 0.000769139209297, 0.00151970540173, 0.000522541755345, -0.00339884962887, 0.0139185646549]]
    },
    "melbands": {
        "max": [0.0316016077995, 0.0171840842813, 0.00479167653248, 0.00245991209522, 0.000979659263976, 0.00342723936774, 0.0047322367318, 0.00419338839129, 0.00308371288702, 0.00330452201888, 0.00927248410881, 0.0115551343188, 0.00302762584761, 0.00304740201682, 0.0035122919362, 0.00142891763244, 0.00264415564016, 0.00164299563039, 0.00112951546907, 0.00253005628474, 0.000682955957018, 0.00120635691565, 0.000570988631807, 0.00068523758091, 0.000303049047943, 0.000172750515048, 7.08087318344e-05, 0.000152589855134, 0.00010037629545, 4.19177304138e-05, 3.02951284539e-05, 5.26415824424e-05, 4.2205228965e-05, 5.10104837304e-05, 4.47742822871e-05, 3.71009446098e-05, 4.78163346997e-05, 3.99586497224e-05, 2.2345697289e-05, 2.39697310462e-05],
        "mean": [0.00411481456831, 0.00191624555737, 0.000343218882335, 0.000144928824739, 8.84468390723e-05, 0.00011828343122, 0.000189198792214, 0.000153276647325, 0.000178653834155, 0.000145233076182, 0.000174859844265, 0.000326274865074, 0.000112366964458, 8.69338982739e-05, 0.000116059964057, 7.14445195626e-05, 8.52518860484e-05, 0.000112099456601, 5.64511828998e-05, 5.08003613504e-05, 3.04883014905e-05, 2.45363335125e-05, 2.9130216717e-05, 2.79876276181e-05, 2.32765341934e-05, 1.33276471388e-05, 9.31826798478e-06, 1.07970463432e-05, 7.38117159926e-06, 3.19947525895e-06, 2.09314589483e-06, 2.40388771999e-06, 2.83777444565e-06, 3.53469681613e-06, 3.78490494768e-06, 2.8191416277e-06, 2.14720557778e-06, 1.63031756983e-06, 1.01349678516e-06, 6.89711782798e-07],
        "min": [6.10149726299e-08, 9.15306799243e-08, 4.70583927381e-07, 1.28309068259e-06, 2.37416927007e-07, 4.27298743944e-07, 6.44783824555e-07, 1.76837772869e-07, 7.78204707785e-07, 3.13865342605e-07, 2.75399628435e-07, 2.37766684563e-07, 1.463964594e-07, 2.75014258477e-07, 1.79305430947e-07, 2.82601405388e-07, 1.17448969661e-07, 1.00640335177e-07, 6.2882421048e-08, 1.0243197579e-07, 9.29056014343e-08, 6.63930279643e-08, 1.019757363e-07, 1.04854088079e-07, 7.40182386494e-08, 5.01276247178e-08, 1.68705263093e-08, 2.39376074518e-08, 1.0309672227e-08, 5.06791231203e-09, 3.91112386922e-09, 8.03825361828e-09, 9.55726875418e-09, 1.68883609319e-08, 1.01147747955e-08, 4.47172654461e-09, 6.66677957284e-09, 3.86507492678e-09, 8.67681204664e-10, 6.0517085787e-10],
        "stdev": [0.00487821735442, 0.0021221798379, 0.000471381965326, 0.000214795494685, 0.000133679524879, 0.000247562304139, 0.000374044961063, 0.000335114134941, 0.00034269344178, 0.000335439690389, 0.000526554125827, 0.000917397264857, 0.000306825852022, 0.000200130496523, 0.000247884483542, 0.000149164246977, 0.000201014641789, 0.000213991675992, 0.000115543691209, 0.00016123878595, 6.58593489788e-05, 6.27291883575e-05, 5.24147690157e-05, 4.61457602796e-05, 3.34653486789e-05, 1.80864972208e-05, 1.0963510249e-05, 1.50117339217e-05, 1.11117151391e-05, 4.75359183838e-06, 2.93714788313e-06, 3.64170546163e-06, 3.84981785828e-06, 4.99381667396e-06, 5.37329333383e-06, 4.08083178627e-06, 3.8471875996e-06, 3.41575105267e-06, 2.14381157093e-06, 1.68599160588e-06]
    },
    "melbands128": {
        "max": [0.00572534184903, 0.0338223800063, 0.0507392138243, 0.0336157269776, 0.0230924226344, 0.0138300154358, 0.00529921334237, 0.00368819315918, 0.00256560975686, 0.00334023474716, 0.00250930851325, 0.00155820383225, 0.00151264853776, 0.00307344272733, 0.0032424791716, 0.00650244997814, 0.010297216475, 0.00477910321206, 0.00556150591001, 0.00679971184582, 0.00429586227983, 0.00529867783189, 0.00599656812847, 0.00443648872897, 0.00676377303898, 0.0037243955303, 0.00448980368674, 0.0171026885509, 0.0120570110157, 0.0174364279956, 0.0150666255504, 0.00704782782122, 0.00510646682233, 0.00548424338922, 0.00344947446138, 0.00366069446318, 0.00386311369948, 0.00318068498746, 0.00776893552393, 0.00323221087456, 0.00295420270413, 0.00208461354487, 0.00382365938276, 0.00370886363089, 0.00310449721292, 0.00302421604283, 0.00421880465001, 0.0022112489678, 0.0017663850449, 0.00392515398562, 0.0046184216626, 0.00215005688369, 0.00178987416439, 0.0011445308337, 0.00353584880941, 0.00127567816526, 0.00103457446676, 0.00137081986759, 0.000837823783513, 0.000503357965499, 0.00113787222654, 0.00107669865247, 0.000906179076992, 0.00037496315781, 0.000267885421636, 0.000405767204938, 0.000221106471145, 0.000151496482431, 0.000129007617943, 0.000196858643903, 0.000276920443866, 0.000185935670743, 0.000264649454039, 0.00011425318371, 0.000113166104711, 8.71325391927e-05, 5.68423238292e-05, 3.25627624989e-05, 3.47720269929e-05, 3.9017155359e-05, 6.44758183626e-05, 5.50067561562e-05, 7.34789427952e-05, 4.27958766522e-05, 4.49900180683e-05, 4.27443046647e-05, 7.85153533798e-05, 6.2723258452e-05, 5.42172820133e-05, 6.50306537864e-05, 5.66554554098e-05, 3.73017464881e-05, 3.69583576685e-05, 6.80377706885e-05, 6.03757762292e-05, 5.56288032385e-05, 5.16297441209e-05, 4.52493113698e-05, 2.78114894172e-05, 2.92035019811e-05, 2.49748263741e-05, 3.41299237334e-05, 2.59447133431e-05, 2.14282426896e-05, 1.55865600391e-05, 1.29280624606e-05, 1.31930601128e-05, 1.22604496937e-05, 8.57744362293e-06, 1.01445866676e-05, 1.02379881355e-05, 6.41181895844e-06, 6.30824024483e-06, 4.91288164994e-06, 1.53273504111e-06, 7.02136219388e-07, 1.02434782434e-07, 1.10129239062e-08, 1.06654374221e-08, 1.0340351686e-08, 1.01004911102e-08, 9.87014736609e-09, 9.58498169723e-09, 9.41478628391e-09, 9.27184640176e-09, 9.151872149e-09, 9.06769237474e-09, 9.01642227547e-09],
        "mean": [0.000437791983131, 0.00352134788409, 0.0064595057629, 0.00388268381357, 0.00135359342676, 0.000639850215521, 0.000438610062702, 0.000271163560683, 0.000162230717251, 0.000168755941559, 0.000107695159386, 7.99184490461e-05, 8.20768400445e-05, 9.98182949843e-05, 8.92282478162e-05, 0.000138531118864, 0.000200620896067, 0.000218423665501, 0.0001552618196, 0.000127223160234, 0.00016957479238, 0.000170808241819, 0.000161738687893, 0.000198189969524, 0.000237837492023, 6.86990097165e-05, 6.77726202412e-05, 0.000179206006578, 0.000230601304793, 0.000464533426566, 0.000340559316101, 9.84837752185e-05, 0.000115052687761, 0.000106935745862, 6.61895246594e-05, 8.77930870047e-05, 0.000106367129774, 0.000101407727925, 0.000148368853843, 0.000103658829175, 4.03247322538e-05, 4.25332982559e-05, 8.00738707767e-05, 0.000117629977467, 9.60614925134e-05, 0.000128230371047, 0.000110682442028, 5.14080929861e-05, 3.19030368701e-05, 4.9097554438e-05, 6.10495844739e-05, 4.40073781647e-05, 3.28722017002e-05, 2.39688288275e-05, 2.57428619079e-05, 2.11356891668e-05, 2.67564864771e-05, 3.20528379234e-05, 2.98780378216e-05, 2.43841914198e-05, 2.52495410678e-05, 3.27993366227e-05, 3.19247446896e-05, 1.80146507773e-05, 1.3757196939e-05, 1.44821697177e-05, 1.31418228193e-05, 7.5321827353e-06, 7.98653127276e-06, 1.20781742226e-05, 1.15958237075e-05, 9.39241999731e-06, 1.00548732007e-05, 6.73396880302e-06, 5.15050896865e-06, 3.33619777848e-06, 2.29570241572e-06, 2.08871051655e-06, 2.08408255276e-06, 2.03738386517e-06, 2.36131245401e-06, 2.55311238107e-06, 2.54130441135e-06, 2.87842726721e-06, 3.04524473904e-06, 3.25246560351e-06, 3.75651052309e-06, 3.99632926928e-06, 3.81041331821e-06, 3.6989470118e-06, 3.22196865454e-06, 2.41152815761e-06, 2.4332441626e-06, 2.16474541048e-06, 1.94545509657e-06, 1.97283611669e-06, 1.55756401909e-06, 1.18344291877e-06, 1.03119168671e-06, 9.39616995765e-07, 7.59647093673e-07, 6.60680655074e-07, 5.79963113978e-07, 5.28120040144e-07, 4.70531318797e-07, 4.19134408958e-07, 3.33884770498e-07, 2.589112853e-07, 2.39416067416e-07, 2.05730756875e-07, 1.66330565321e-07, 1.08134130983e-07, 2.78294134404e-08, 1.18301137775e-08, 3.2202853717e-09, 2.0059240935e-09, 3.36355471253e-10, 1.90073564527e-11, 1.82270084442e-11, 1.76711822258e-11, 1.72233807078e-11, 1.68505383258e-11, 1.6451817339e-11, 1.61440912722e-11, 1.57731726985e-11, 1.53641509237e-11, 1.51133203175e-11, 1.50107200975e-11],
        "min": [1.52761192584e-09, 1.67633462667e-08, 5.65838540467e-08, 6.60844321487e-08, 7.53504920681e-08, 2.4226125106e-08, 4.80095820876e-08, 1.14627312087e-07, 2.49292128274e-07, 2.54107163755e-07, 1.69763637814e-07, 1.67214437852e-07, 7.42001162735e-08, 2.89248198726e-08, 9.21210201454e-08, 7.54233866473e-08, 2.09987589983e-07, 1.06905901021e-07, 8.24803549904e-08, 2.51521932171e-08, 4.33899174368e-08, 4.58407427573e-08, 4.70516106077e-08, 1.94899627104e-07, 2.55416772177e-08, 8.44449417059e-08, 1.79375234666e-08, 7.14374195354e-08, 3.19506369806e-07, 1.17075749984e-07, 1.31613205667e-07, 7.66187469026e-08, 2.31807977258e-08, 1.95158271765e-08, 4.87164300012e-08, 1.16228235925e-07, 2.48828122551e-08, 3.98974187021e-08, 1.02730140839e-07, 1.01649725082e-07, 5.30563468715e-08, 1.73524909997e-08, 4.58365745359e-09, 3.78573723481e-08, 1.45381315875e-08, 5.41227969109e-08, 4.24215507167e-08, 2.5254282221e-08, 2.23773284347e-08, 3.02155918064e-08, 2.95924280636e-08, 2.84218604207e-08, 7.30512006442e-09, 2.771046681e-08, 5.31289074956e-08, 3.35313856681e-08, 2.38284094678e-08, 4.9127091728e-08, 8.04541357979e-08, 4.96333747435e-08, 7.54075202281e-08, 5.39641895614e-08, 2.86550285722e-08, 3.41289023709e-08, 2.32935679634e-08, 4.56178632646e-08, 1.31299824346e-08, 1.31928352687e-08, 1.80864603294e-08, 1.54249146789e-08, 3.06218406187e-09, 4.81888751125e-09, 5.38561106822e-09, 4.90655249763e-09, 2.35164110407e-09, 2.0004666812e-09, 1.89140725304e-09, 1.39496428297e-10, 2.15879453203e-10, 2.05818515009e-10, 1.06436570668e-09, 1.96892879778e-09, 6.37819241867e-10, 2.72472089335e-09, 4.33499502961e-09, 4.24684021283e-09, 2.8462407986e-09, 3.12525449964e-09, 7.37011729424e-10, 4.70375827177e-09, 1.9563648479e-09, 1.1172454073e-09, 9.59747281648e-10, 9.90733384221e-10, 4.55686904877e-10, 2.68218863786e-10, 5.00743474463e-11, 1.37675686823e-11, 2.56446548025e-11, 2.37998318969e-11, 4.00004378578e-12, 4.42132788714e-12, 4.2955744517e-10, 1.75129702407e-11, 1.61185518058e-12, 2.07179911248e-12, 1.58178624279e-12, 6.59238505799e-13, 2.87587499388e-13, 3.89687658227e-13, 8.27495786736e-13, 2.78120489963e-13, 3.69026234267e-13, 2.20515717232e-13, 2.56518466408e-13, 2.65906437494e-13, 2.19662992223e-13, 2.73712530505e-13, 2.8635118365e-13, 2.78353674745e-13, 2.31535277062e-13, 2.83232123735e-13, 2.50612166653e-13, 2.43035870292e-13, 1.93270516236e-13, 8.04717823952e-14, 1.01551584728e-14, 2.80214724927e-16],
        "stdev": [0.000687461928464, 0.00488957995549, 0.00787587743253, 0.00458568800241, 0.00199716095813, 0.0010846350342, 0.000623604981229, 0.000436313537648, 0.000276609673165, 0.00031430015224, 0.000214177649468, 0.000155760470079, 0.000170570652699, 0.000217157998122, 0.000222921938985, 0.000404607300879, 0.000538613996468, 0.000474090687931, 0.000390720902942, 0.000395828043111, 0.000481600727653, 0.000465681310743, 0.000504934752826, 0.000495126412716, 0.000673141621519, 0.000214904022869, 0.000241362300585, 0.000822682515718, 0.000743532844353, 0.00143549218774, 0.00116008601617, 0.000408675172366, 0.000420016644057, 0.000396941555664, 0.000196949462406, 0.000269806769211, 0.00033211169648, 0.000297983904602, 0.00041211018106, 0.000275255151791, 0.000131454973598, 0.000118730451504, 0.000243505419348, 0.000355149357347, 0.000278668128885, 0.00030928873457, 0.00030513521051, 0.000164210461662, 9.95346126729e-05, 0.00018743777764, 0.000263936584815, 0.000132437737193, 0.000101076293504, 6.88368672854e-05, 0.000122306737467, 7.19615418348e-05, 7.51005427446e-05, 8.32472360344e-05, 6.63241080474e-05, 5.38821477676e-05, 6.634460442e-05, 7.05391503288e-05, 6.48843852105e-05, 3.49250876752e-05, 2.64264635916e-05, 3.00766405417e-05, 2.29338893405e-05, 1.24503185361e-05, 1.34557867568e-05, 2.10177058761e-05, 2.34895269386e-05, 1.6946636606e-05, 2.1163292331e-05, 1.28256451717e-05, 1.10930504889e-05, 6.40284179099e-06, 3.86097917726e-06, 3.55986003342e-06, 3.42814087162e-06, 3.4075487747e-06, 4.33436571257e-06, 4.36017990069e-06, 4.50680363429e-06, 4.45021942141e-06, 4.62036723547e-06, 4.93613333674e-06, 6.36372124063e-06, 6.28280031378e-06, 6.31234343018e-06, 6.21477283858e-06, 5.56343093194e-06, 3.81736890631e-06, 4.0270874706e-06, 4.24131030741e-06, 4.21612776336e-06, 4.33357217844e-06, 3.67362849829e-06, 2.61946843239e-06, 2.2830506623e-06, 2.21154459723e-06, 1.90289722468e-06, 1.85599685665e-06, 1.47352932345e-06, 1.35471566409e-06, 1.09191648789e-06, 1.0344151633e-06, 8.20287652914e-07, 7.11643053819e-07, 5.99975010118e-07, 5.53555082661e-07, 4.83757389702e-07, 3.30422636807e-07, 2.58514717189e-07, 1.63909760431e-07, 4.97052603521e-08, 2.62049830724e-08, 4.43335146372e-09, 3.31548177801e-10, 3.20660803466e-10, 3.10736769649e-10, 3.03272212898e-10, 2.96257601784e-10, 2.882243888e-10, 2.83087747688e-10, 2.78616546501e-10, 2.75017342233e-10, 2.72487338249e-10, 2.70929112478e-10]
    },
    "mfcc": {
        "mean": [-635.984008789, 104.860466003, -2.74229264259, 19.5336990356, 11.3879928589, 11.5821437836, 10.7273988724, 19.9846973419, -0.199565917253, 18.6897773743, 7.80509090424, 5.94340276718, 3.05575633049],
        "cov": [[3379.13647461, -876.775817871, -523.233032227, -152.91847229, -54.629119873, 127.271484375, -92.0090789795, -195.559280396, -18.4015140533, -121.986808777, -180.63633728, -95.704284668, 42.5400428772], [-876.775817871, 863.127258301, 169.281982422, 71.8087768555, -2.38515090942, -46.1714248657, 140.723922729, 157.886703491, -34.877204895, 84.3300857544, 158.045822144, 56.5517807007, -7.13573360443], [-523.233032227, 169.281982422, 781.704284668, 30.0584259033, 66.1048126221, 55.354434967, -31.0870265961, 60.2422599792, -12.4543609619, -48.8492355347, 26.9167156219, 18.982793808, 25.2486839294], [-152.91847229, 71.8087768555, 30.0584259033, 246.141159058, 85.2645797729, -26.0317745209, -27.3092765808, -1.06771922112, 24.6028156281, 33.8978652954, -11.3754301071, 23.9940338135, 35.692615509], [-54.629119873, -2.38515090942, 66.1048126221, 85.2645797729, 247.244979858, 11.3644342422, -37.7730407715, -14.7680006027, 33.3905143738, 6.41981315613, -20.7888660431, -11.6989412308, 8.77919006348], [127.271484375, -46.1714248657, 55.354434967, -26.0317745209, 11.3644342422, 206.607162476, 69.1247634888, 0.236601948738, 23.6538391113, -5.84089612961, 3.91858267784, -35.7307319641, -21.8830223083], [-92.0090789795, 140.723922729, -31.0870265961, -27.3092765808, -37.7730407715, 69.1247634888, 284.260101318, 60.6392021179, -13.0338182449, 25.3172340393, 52.8861160278, 12.0277032852, -41.4781417847], [-195.559280396, 157.886703491, 60.2422599792, -1.06771922112, -14.7680006027, 0.236601948738, 60.6392021179, 164.880752563, 22.7288608551, 50.0876235962, 33.9256591797, 22.5922222137, -3.98163151741], [-18.4015140533, -34.877204895, -12.4543609619, 24.6028156281, 33.3905143738, 23.6538391113, -13.0338182449, 22.7288608551, 149.638946533, 26.0682983398, -3.15927863121, -12.76420784, -26.7698097229], [-121.986808777, 84.3300857544, -48.8492355347, 33.8978652954, 6.41981315613, -5.84089612961, 25.3172340393, 50.0876235962, 26.0682983398, 143.697525024, 37.5451889038, 19.0164680481, -16.666223526], [-180.63633728, 158.045822144, 26.9167156219, -11.3754301071, -20.7888660431, 3.91858267784, 52.8861160278, 33.9256591797, -3.15927863121, 37.5451889038, 144.604705811, 29.7063312531, -33.5894851685], [-95.704284668, 56.5517807007, 18.982793808, 23.9940338135, -11.6989412308, -35.7307319641, 12.0277032852, 22.5922222137, -12.76420784, 19.0164680481, 29.7063312531, 113.171173096, 29.7087631226], [42.5400428772, -7.13573360443, 25.2486839294, 35.692615509, 8.77919006348, -21.8830223083, -41.4781417847, -3.98163151741, -26.7698097229, -16.666223526, -33.5894851685, 29.7087631226, 113.287231445]],
        "icov": [[0.000461913383333, 0.000365929241525, 0.000262407644186, 0.000113316833449, 8.34323054733e-06, -0.000288630864816, 2.43926278927e-05, 8.10781693872e-06, 0.000126078331959, 0.000149774816236, 1.87540626939e-05, 9.76302180788e-05, -0.000259987311438], [0.000365929241525, 0.0022720627021, -0.000120915858133, -0.000521972484421, -6.95571361575e-05, 0.000445917306934, -0.000652684888337, -0.00123337993864, 0.000672264315654, -0.000168650454725, -0.00167500297539, 0.000420538097387, -0.000466558849439], [0.000262407644186, -0.000120915858133, 0.00175432732794, -3.8639846025e-05, -0.000402480829507, -0.000915509357583, 0.000605852110311, -0.000758144014981, 0.000313688564347, 0.00104788457975, -0.000197029672563, -0.000286415655864, -0.000190472055692], [0.000113316833449, -0.000521972484421, -3.8639846025e-05, 0.00548067549244, -0.00156364019495, 0.000349482084857, 5.39133798156e-05, 0.000945090374444, -0.000958559801802, -0.00126837647986, 0.000776923669036, -0.000738960574381, -0.0015408990439], [8.34323054733e-06, -6.95571361575e-05, -0.000402480829507, -0.00156364019495, 0.00496956985444, -0.000330736831529, 0.000352108007064, 0.000550356169697, -0.000795369909611, -0.000247542717261, 0.000454275490483, 0.00052309705643, 4.72414176329e-05], [-0.000288630864816, 0.000445917306934, -0.000915509357583, 0.000349482084857, -0.000330736831529, 0.00658361241221, -0.00214516208507, 0.000414897862356, -0.00111613504123, -0.000313896831358, -0.000586245383602, 0.0019450589316, -0.000236900465097], [2.43926278927e-05, -0.000652684888337, 0.000605852110311, 5.39133798156e-05, 0.000352108007064, -0.00214516208507, 0.00514014577493, -0.00141681858804, 0.000967343861703, 0.000297420920106, -0.000282685476122, -0.000965135521255, 0.00162986142095], [8.10781693872e-06, -0.00123337993864, -0.000758144014981, 0.000945090374444, 0.000550356169697, 0.000414897862356, -0.00141681858804, 0.00908500142395, -0.00196269154549, -0.00247955927625, 0.0005625874619, -0.000651178474072, -0.000862462213263], [0.000126078331959, 0.000672264315654, 0.000313688564347, -0.000958559801802, -0.000795369909611, -0.00111613504123, 0.000967343861703, -0.00196269154549, 0.00832663662732, -0.000778027286287, 0.000159913266543, 0.000226175077842, 0.00219955900684], [0.000149774816236, -0.000168650454725, 0.00104788457975, -0.00126837647986, -0.000247542717261, -0.000313896831358, 0.000297420920106, -0.00247955927625, -0.000778027286287, 0.00943147577345, -0.00150442030281, -0.000917818513699, 0.00107780075632], [1.87540626939e-05, -0.00167500297539, -0.000197029672563, 0.000776923669036, 0.000454275490483, -0.000586245383602, -0.000282685476122, 0.0005625874619, 0.000159913266543, -0.00150442030281, 0.0106372954324, -0.00285355187953, 0.00317314220592], [9.76302180788e-05, 0.000420538097387, -0.000286415655864, -0.000738960574381, 0.00052309705643, 0.0019450589316, -0.000965135521255, -0.000651178474072, 0.000226175077842, -0.000917818513699, -0.00285355187953, 0.0117293782532, -0.00375819252804], [-0.000259987311438, -0.000466558849439, -0.000190472055692, -0.0015408990439, 4.72414176329e-05, -0.000236900465097, 0.00162986142095, -0.000862462213263, 0.00219955900684, 0.00107780075632, 0.00317314220592, -0.00375819252804, 0.0125450091437]]
    },
    "spectral_contrast_coeffs": {
        "max": [-0.560342490673, -0.479379147291, -0.479042202234, -0.528195619583, -0.573617041111, -0.572652935982],
        "mean": [-0.772329807281, -0.73338085413, -0.743256270885, -0.764117896557, -0.767075717449, -0.746351063251],
        "min": [-0.931657791138, -0.906058490276, -0.896221399307, -0.906428813934, -0.872871398926, -0.866846203804],
        "stdev": [0.0506618395448, 0.0797911435366, 0.0811992362142, 0.0683673992753, 0.0530289560556, 0.0420533716679]
    },
    "spectral_contrast_valleys": {
        "max": [-5.17960548401, -4.94561433792, -5.23682022095, -5.66281938553, -6.04328632355, -7.83230018616],
        "mean": [-6.74843358994, -7.09942054749, -7.48036766052, -7.56586313248, -7.51677513123, -10.356095314],
        "min": [-10.3649768829, -9.0338344574, -9.60896682739, -9.7554359436, -9.58940696716, -12.9576625824],
        "stdev": [0.710557103157, 0.626572012901, 0.692552387714, 0.719964146614, 0.692629873753, 0.970807552338]
    }
},
"rhythm": {
    "beats_count": 48,
    "beats_loudness": {
        "max": 0.121500439942,
        "mean": 0.0512516237795,
        "min": 0.00660488568246,
        "stdev": 0.0343291498721
    },
    "bpm": 90.1790542603,
    "bpm_histogram_first_peak_bpm": 91,
    "bpm_histogram_first_peak_weight": 0.446808516979,
    "bpm_histogram_second_peak_bpm": 0,
    "bpm_histogram_second_peak_spread": 0,
    "bpm_histogram_second_peak_weight": 0,
    "danceability": 1.21443593502,
    "onset_rate": 3.13769507408,
    "beats_loudness_band_ratio": {
        "max": [0.94823294878, 0.105410888791, 0.429690301418, 0.57119512558, 0.757002770901, 0.144216239452],
        "mean": [0.514397323132, 0.0263407677412, 0.0978509783745, 0.178415060043, 0.150134980679, 0.0489041917026],
        "min": [0.000825557450298, 0.00192320242058, 0.00346718844958, 0.00135967857204, 0.00179869367275, 0.0014580184361],
        "stdev": [0.236679375172, 0.0258003454655, 0.0995525196195, 0.150985851884, 0.142691776156, 0.0335819981992]
    },
    "beats_position": [0.626938760281, 1.26548755169, 1.91564619541, 2.56580495834, 3.21596360207, 3.87773227692, 4.53950119019, 5.21287965775, 5.87464857101, 6.53641700745, 7.19818592072, 7.87156438828, 8.54494285583, 9.2067117691, 9.86848068237, 10.5418596268, 11.2036275864, 11.8653964996, 12.538775444, 13.2121543884, 13.873922348, 14.5356912613, 15.2090702057, 15.870839119, 16.5326080322, 17.1943759918, 17.8561439514, 18.5179138184, 19.179681778, 19.853061676, 20.5264396667, 21.1998176575, 21.8731975555, 22.523355484, 23.1967334747, 23.8817234039, 24.5667114258, 25.2284793854, 25.8902492523, 26.5404071808, 27.2137870789, 27.8871650696, 28.5605430603, 29.2339229584, 29.9073009491, 30.5690689087, 31.2308387756, 31.9042167664],
