{
"metadata": {
    "version": {
        "essentia": "2.1-beta5",
        "essentia_git_sha": "Undefined",
        "extractor": "music 2.0"
    },
    "audio_properties": {
        "analysis": {
            "equal_loudness": 0,
            "length": 12.7477550507,
            "sample_rate": 44100,
            "start_time": 0,
            "downmix": "mix"
        },
        "bit_rate": 192000,
        "length": 190.531356812,
        "lossless": 0,
        "number_channels": 2,
        "replay_gain": -1.73007392883,
        "sample_rate": 48000,
        "codec": "mp3",
        "md5_encoded": "2c51d5d6f6d5056dbbeee6e0f9e5d525"
    },
    "tags": {
        "file_name": "Malta_Warrior_Amber.mp3",
        "encoding": ["Lavf58.29.100"]
    }
},
"lowlevel": {
    "average_loudness": 0.776247322559,
    "barkbands_crest": {
        "max": 24.8657398224,
        "mean": 10.1268053055,
        "min": 3.36908078194,
        "stdev": 5.26527118683
    },
    "barkbands_flatness_db": {
        "max": 0.448294639587,
        "mean": 0.17744268477,
        "min": 0.0622038692236,
        "stdev": 0.0693785622716
    },
    "barkbands_kurtosis": {
        "max": 146.46812439,
        "mean": 10.746840477,
        "min": -1.34614002705,
        "stdev": 23.8215351105
    },
    "barkbands_skewness": {
        "max": 9.99027824402,
        "mean": 1.90147101879,
        "min": -1.86958003044,
        "stdev": 2.13061475754
    },
    "barkbands_spread": {
        "max": 37.1944274902,
        "mean": 12.9028987885,
        "min": 0.661725997925,
        "stdev": 7.79044818878
    },
    "dissonance": {
        "max": 0.499998688698,
        "mean": 0.478785395622,
        "min": 0.264598488808,
        "stdev": 0.0257091652602
    },
    "dynamic_complexity": 5.45866441727,
    "erbbands_crest": {
        "max": 21.3019886017,
        "mean": 7.16990756989,
        "min": 2.4586122036,
        "stdev": 2.56063842773
    },
    "erbbands_flatness_db": {
        "max": 0.282532900572,
        "mean": 0.19508472085,
        "min": 0.0737686231732,
        "stdev": 0.0510960109532
    },
    "erbbands_kurtosis": {
        "max": 6.89944839478,
        "mean": 0.716013133526,
        "min": -1.20945668221,
        "stdev": 1.03452396393
    },
    "erbbands_skewness": {
        "max": 2.05018401146,
        "mean": 0.39100471139,
        "min": -0.832465827465,
        "stdev": 0.488533079624
    },
    "erbbands_spread": {
        "max": 76.7096328735,
        "mean": 24.4131755829,
        "min": 7.97061681747,
        "stdev": 13.4224462509
    },
    "hfc": {
        "max": 101.066192627,
        "mean": 15.8861627579,
        "min": 1.15825521904e-16,
        "stdev": 20.7599964142
    },
    "loudness_ebu128": {
        "integrated": -22.5633449554,
        "loudness_range": 11.5275192261,
        "momentary": {
            "max": -16.3026618958,
            "mean": -25.0698986053,
            "min": -31.7732563019,
            "stdev": 4.6059627533
        },
        "short_term": {
            "max": -17.9896125793,
            "mean": -25.3962726593,
            "min": -30.235534668,
            "stdev": 3.78594851494
        }
    },
    "melbands_crest": {
        "max": 38.5391159058,
        "mean": 16.3705863953,
        "min": 1.83159089088,
        "stdev": 10.5124025345
    },
    "melbands_flatness_db": {
        "max": 0.540967345238,
        "mean": 0.207033857703,
        "min": 0.00574490102008,
        "stdev": 0.107590846717
    },
    "melbands_kurtosis": {
        "max": 310.006164551,
        "mean": 23.5481700897,
        "min": -1.2080180645,
        "stdev": 50.0154151917
    },
    "melbands_skewness": {
        "max": 14.867726326,
        "mean": 2.80511856079,
        "min": -0.576240837574,
        "stdev": 3.02893185616
    },
    "melbands_spread": {
        "max": 130.493621826,
        "mean": 18.1725540161,
        "min": 0.48570138216,
        "stdev": 13.5640573502
    },
    "pitch_salience": {
        "max": 0.938339054585,
        "mean": 0.561808168888,
        "min": 0.0498683527112,
        "stdev": 0.218728810549
    },
    "silence_rate_20dB": {
        "max": 1,
        "mean": 1,
        "min": 1,
        "stdev": 0
    },
    "silence_rate_30dB": {
        "max": 1,
        "mean": 1,
        "min": 1,
        "stdev": 0
    },
    "silence_rate_60dB": {
        "max": 1,
        "mean": 0.136363640428,
        "min": 0,
        "stdev": 0.343175023794
    },
    "spectral_centroid": {
        "max": 11612.9404297,
        "mean": 1561.90698242,
        "min": 285.377441406,
        "stdev": 805.715881348
    },
    "spectral_complexity": {
        "max": 54,
        "mean": 17.4690914154,
        "min": 0,
        "stdev": 12.709113121
    },
    "spectral_decrease": {
        "max": 1.03617391401e-30,
        "mean": -4.38513447776e-09,
        "min": -3.63926986324e-08,
        "stdev": 4.46130066223e-09
    },
    "spectral_energy": {
        "max": 0.138425156474,
        "mean": 0.0179914366454,
        "min": 1.05442683698e-20,
        "stdev": 0.0178531613201
    },
    "spectral_energyband_high": {
        "max": 0.00403891829774,
        "mean": 0.000354997435352,
        "min": 7.4715323089e-21,
        "stdev": 0.000594204524532
    },
    "spectral_energyband_low": {
        "max": 0.130159825087,
        "mean": 0.00721445726231,
        "min": 3.36897154408e-23,
        "stdev": 0.0147484140471
    },
    "spectral_energyband_middle_high": {
        "max": 0.0474834777415,
        "mean": 0.00792217906564,
        "min": 1.49027260324e-21,
        "stdev": 0.010851226747
    },
    "spectral_energyband_middle_low": {
        "max": 0.0318523943424,
        "mean": 0.00273457169533,
        "min": 2.9969292795e-22,
        "stdev": 0.00387597992085
    },
    "spectral_entropy": {
        "max": 9.79843330383,
        "mean": 7.74386358261,
        "min": 6.5720539093,
        "stdev": 0.296060323715
    },
    "spectral_flux": {
        "max": 0.273289203644,
        "mean": 0.0719914659858,
        "min": 7.16350034846e-11,
        "stdev": 0.0389136001468
    },
    "spectral_kurtosis": {
        "max": 16.3266067505,
        "mean": 5.51237773895,
        "min": -1.23417925835,
        "stdev": 2.09291291237
    },
    "spectral_rms": {
        "max": 0.0116210551932,
        "mean": 0.00372872827575,
        "min": 3.20734953353e-12,
        "stdev": 0.00191028334666
    },
    "spectral_rolloff": {
        "max": 19099.9511719,
        "mean": 1488.4161377,
        "min": 43.06640625,
        "stdev": 1557.38439941
    },
    "spectral_skewness": {
        "max": 3.11296010017,
        "mean": 1.75674688816,
        "min": -0.0761623010039,
        "stdev": 0.3158197999
    },
    "spectral_spread": {
        "max": 41510316,
        "mean": 3716388.75,
        "min": 1964579.625,
        "stdev": 2417940.5
    },
    "spectral_strongpeak": {
        "max": 5.55299949646,
        "mean": 0.776945710182,
        "min": 0,
        "stdev": 1.05984914303
    },
    "zerocrossingrate": {
        "max": 0.53955078125,
        "mean": 0.0597931444645,
        "min": 0.00146484375,
        "stdev": 0.0479458868504
    },
    "barkbands": {
        "max": [0.0307956170291, 0.101779602468, 0.00962850917131, 0.00674459477887, 0.00141586479731, 0.00315984198824, 0.000730577739887, 0.0030989733059, 0.02448631078, 0.0190333146602, 0.0185939483345, 0.0102032693103, 0.00735285691917, 0.00519696390256, 0.0119282752275, 0.00596493994817, 0.00383631745353, 0.00396057264879, 0.00350809586234, 0.00217721518129, 0.00185670668725, 0.00108463887591, 0.000402212695917, 0.000101764628198, 8.6815591203e-05, 6.43270250293e-05, 5.48456227989e-07],
        "mean": [0.00168900249992, 0.00516877463087, 0.000422594224801, 0.000166604353581, 9.28351728362e-05, 0.00013654580107, 8.04841329227e-05, 0.000251109187957, 0.00144505104981, 0.00150719366502, 0.00157367612701, 0.000816893007141, 0.000900019076653, 0.000702854071278, 0.00118248397484, 0.000566414033528, 0.000394980626879, 0.000271405791864, 0.000192855921341, 0.00014579272829, 0.000119177959277, 7.92740975157e-05, 4.32078450103e-05, 1.8935144908e-05, 1.5793431885e-05, 7.47686272007e-06, 2.84759793523e-09],
        "min": [1.24222857601e-23, 1.85648947713e-23, 2.89626435655e-24, 1.26452927937e-23, 3.35900002669e-23, 5.36698235206e-23, 6.01547019236e-23, 2.80587347914e-23, 4.74539719298e-23, 4.38674063579e-23, 4.35508995855e-23, 6.31209009688e-23, 6.76062883452e-23, 1.01533302613e-22, 6.32777706929e-23, 1.73147420875e-22, 1.49814758078e-22, 1.34421014725e-22, 2.1444717965e-22, 3.719360271e-22, 2.68039991413e-22, 4.34940845609e-22, 4.43096379948e-22, 6.36532899408e-22, 1.36053106092e-21, 1.6856758476e-21, 2.31497419831e-21],
        "stdev": [0.00430327793583, 0.0110609633848, 0.00101279199589, 0.000552196346689, 0.000156623602379, 0.000324794265907, 9.90646876744e-05, 0.000346231099684, 0.00285625830293, 0.0026393039152, 0.00294399796985, 0.00139226601459, 0.00133129267488, 0.000947047374211, 0.00198000739329, 0.000799863482825, 0.000591127027292, 0.000468587939395, 0.000405642553233, 0.000315544864861, 0.000245173403528, 0.000127341641928, 5.71970304009e-05, 1.91198760149e-05, 1.64704906638e-05, 8.57747454575e-06, 2.38373036865e-08]
    },
    "erbbands": {
        "max": [5.2406873703, 14.9572782516, 9.0296869278, 20.9210891724, 10.1665782928, 5.31958007812, 20.8773441315, 15.5899791718, 9.6019449234, 23.4520549774, 113.373199463, 536.91595459, 732.56842041, 511.514404297, 766.608032227, 296.755096436, 303.548034668, 296.996673584, 669.591369629, 477.961669922, 277.204437256, 239.093490601, 227.452606201, 185.619094849, 111.668998718, 107.954559326, 94.1898040771, 50.5468215942, 46.9933662415, 20.5320110321, 9.87639331818, 3.56094121933, 1.21238005161, 1.06036686897, 0.757196187973, 0.340600252151, 0.163749024272, 0.0369078367949, 0.000626876135357, 0.000165044941241],
        "mean": [0.280345141888, 0.638853728771, 0.582134783268, 0.591006577015, 0.349513143301, 0.305258959532, 0.760012030602, 0.983356356621, 1.10426914692, 2.32610082626, 9.78838729858, 32.4631996155, 50.4642028809, 43.3734664917, 64.0989379883, 33.8124771118, 40.8640975952, 37.8402099609, 54.8110847473, 47.5443115234, 28.9091815948, 22.6514358521, 16.5596160889, 10.839507103, 8.82517910004, 6.79785013199, 5.38568687439, 4.21484041214, 3.0174267292, 1.87445271015, 1.12503743172, 0.521728098392, 0.26569339633, 0.182609200478, 0.107981748879, 0.0506820939481, 0.00981638021767, 0.000392529880628, 2.11097558349e-05, 2.25885687541e-05],
        "min": [1.14589455465e-21, 1.88046244255e-21, 2.82441143274e-21, 2.43444294906e-20, 5.0533096931e-20, 8.52656289079e-20, 2.83103779568e-19, 4.37714098263e-19, 8.6620544289e-19, 7.06443624285e-19, 6.58469630299e-19, 9.32914974353e-19, 1.31752325011e-18, 1.30726641731e-18, 3.31696799335e-18, 1.59093177496e-18, 2.89705430488e-18, 5.34043602614e-18, 2.4943525906e-18, 6.74787018992e-18, 1.14406572972e-17, 7.69338767449e-18, 8.98927777344e-18, 1.11438533129e-17, 9.6825345361e-18, 1.8380667895e-17, 1.12004184048e-17, 1.29990895595e-17, 1.49590187475e-17, 1.65146079901e-17, 1.15251372532e-17, 1.13831359846e-17, 1.2446897697e-17, 1.30624466314e-17, 1.04645841744e-17, 6.04574108801e-18, 2.97072838691e-18, 1.39008477421e-18, 2.99102615837e-19, 3.07961797746e-20],
        "stdev": [0.637708306313, 1.3831512928, 1.19228971004, 1.80089652538, 0.945141851902, 0.46963134408, 2.1070098877, 1.78256690502, 1.2292021513, 2.8447060585, 15.37819767, 64.136100769, 92.2208709717, 72.5405807495, 124.108703613, 51.4990272522, 59.0722389221, 51.392780304, 90.8007125854, 73.8455886841, 39.4923477173, 33.674697876, 28.2532253265, 20.5511016846, 18.200761795, 14.6455545425, 11.7526893616, 7.87699842453, 5.01794147491, 2.68382024765, 1.42574501038, 0.560396611691, 0.260047256947, 0.188990905881, 0.117489270866, 0.0539661124349, 0.014388024807, 0.00196037301794, 3.64751467714e-05, 2.17735814658e-05]
    },
    "gfcc": {
        "mean": [-70.473197937, 69.1931762695, -165.234481812, 12.2506484985, -56.3223419189, 31.1925601959, -27.0023231506, 19.2174224854, -14.9211168289, 5.65554094315, -17.3385047913, 0.922222673893, -3.75201249123],
        "cov": [[12062.2919922, -1392.66467285, -2679.92797852, -406.78314209, -826.425109863, 432.99987793, -201.711242676, 312.111785889, -434.669647217, 94.2738952637, -565.79473877, 114.259979248, -276.577026367], [-1392.66467285, 3204.99951172, 2607.69287109, 1368.71118164, 1075.97375488, 135.951187134, 605.629211426, 79.1627426147, 603.04095459, 33.6328735352, 661.276062012, -89.8005523682, 279.291168213], [-2679.92797852, 2607.69287109, 2922.56201172, 1357.99597168, 999.378173828, 69.7594528198, 407.480773926, 106.677810669, 499.104949951, 72.0624694824, 614.675048828, -10.1125078201, 205.670516968], [-406.78314209, 1368.71118164, 1357.99597168, 843.104309082, 521.49822998, 108.748832703, 246.770523071, 80.1701583862, 241.553588867, 55.1128311157, 291.938323975, -13.436463356, 72.9749450684], [-826.425109863, 1075.97375488, 999.378173828, 521.49822998, 494.127105713, 103.605789185, 279.466674805, 39.6385955811, 222.080230713, 22.9045562744, 222.522064209, -18.6973590851, 85.428894043], [432.99987793, 135.951187134, 69.7594528198, 108.748832703, 103.605789185, 172.389205933, 81.939666748, 66.0842056274, 12.090461731, 30.569480896, -10.9840860367, 7.91479825974, -28.8861923218], [-201.711242676, 605.629211426, 407.480773926, 246.770523071, 279.466674805, 81.939666748, 269.66784668, 37.5044250488, 152.0650177, 8.9609708786, 117.062065125, -21.5471668243, 62.2714080811], [312.111785889, 79.1627426147, 106.677810669, 80.1701583862, 39.6385955811, 66.0842056274, 37.5044250488, 106.042579651, 31.8992767334, 29.9247646332, 17.1450366974, 25.8929042816, 3.00580978394], [-434.669647217, 603.04095459, 499.104949951, 241.553588867, 222.080230713, 12.090461731, 152.0650177, 31.8992767334, 181.296401978, 22.9273204803, 151.582519531, -14.2640104294, 78.006942749], [94.2738952637, 33.6328735352, 72.0624694824, 55.1128311157, 22.9045562744, 30.569480896, 8.9609708786, 29.9247646332, 22.9273204803, 54.0466766357, 23.3307704926, 16.5582141876, -10.3513154984], [-565.79473877, 661.276062012, 614.675048828, 291.938323975, 222.522064209, -10.9840860367, 117.062065125, 17.1450366974, 151.582519531, 23.3307704926, 204.389129639, 5.58067655563, 86.9654846191], [114.259979248, -89.8005523682, -10.1125078201, -13.436463356, -18.6973590851, 7.91479825974, -21.5471668243, 25.8929042816, -14.2640104294, 16.5582141876, 5.58067655563, 58.9094314575, 13.4969148636], [-276.577026367, 279.291168213, 205.670516968, 72.9749450684, 85.428894043, -28.8861923218, 62.2714080811, 3.00580978394, 78.006942749, -10.3513154984, 86.9654846191, 13.4969148636, 97.462600708]],
        "icov": [[0.000251974299317, -0.0004925163812, 0.000683658989146, -0.000687330088113, 0.000507351593114, -4.07393199566e-05, 2.76833343378e-05, -0.000586810638197, 0.00014247938816, -0.000186420918908, 0.00052387919277, -0.000866837333888, 0.000260735600023], [-0.0004925163812, 0.00427358131856, -0.00219888007268, -0.000390457047615, -0.00107014400419, -0.00220646499656, -0.000629528251011, 0.00207087630406, -0.00217376416549, 0.00273733749054, -0.00440290616825, 0.00560687668622, -0.00290637649596], [0.000683658989146, -0.00219888007268, 0.00535556813702, -0.0034642724786, -0.00396603066474, 0.00269535882398, 0.0035406043753, -0.00378343183547, 0.000458992028143, -0.00018556813302, -0.000600466679316, -0.00351826497354, 0.00229914905503], [-0.000687330088113, -0.000390457047615, -0.0034642724786, 0.00910360366106, -0.00297457841225, -8.18223707029e-05, -0.000149297848111, -0.000249715725658, 0.00246536405757, -0.00212166202255, -0.00235434761271, 0.00231578969397, 0.00193025486078], [0.000507351593114, -0.00107014400419, -0.00396603066474, -0.00297457841225, 0.0244101863354, -0.00871477089822, -0.0112398322672, 0.00716178445145, -0.00502586271614, 0.00267380685546, 0.00337663898245, -0.00460723182186, 1.59260234796e-05], [-4.07393199566e-05, -0.00220646499656, 0.00269535882398, -8.18223707029e-05, -0.00871477089822, 0.0173642374575, -0.000778579676989, -0.00844699796289, 0.00604725535959, -0.00641292706132, 0.00501705147326, -0.00275256973691, 0.00450714258477], [2.76833343378e-05, -0.000629528251011, 0.0035406043753, -0.000149297848111, -0.0112398322672, -0.000778579676989, 0.0159664563835, -0.00326026882976, -0.00535325426608, 0.00212719663978, -0.000965611136053, 0.00175766577013, -0.00082801427925], [-0.000586810638197, 0.00207087630406, -0.00378343183547, -0.000249715725658, 0.00716178445145, -0.00844699796289, -0.00326026882976, 0.0208903495222, -0.00828970596194, -0.000390664994484, 0.00222344161011, -0.00515442714095, -0.00144764583092], [0.00014247938816, -0.00217376416549, 0.000458992028143, 0.00246536405757, -0.00502586271614, 0.00604725535959, -0.00535325426608, -0.00828970596194, 0.0324886515737, -0.0137266004458, -0.00684194127098, 0.0108005721122, -0.00915913935751], [-0.000186420918908, 0.00273733749054, -0.00018556813302, -0.00212166202255, 0.00267380685546, -0.00641292706132, 0.00212719663978, -0.000390664994484, -0.0137266004458, 0.0368832089007, -0.00931982323527, -0.00898867379874, 0.0124801481143], [0.00052387919277, -0.00440290616825, -0.000600466679316, -0.00235434761271, 0.00337663898245, 0.00501705147326, -0.000965611136053, 0.00222344161011, -0.00684194127098, -0.00931982323527, 0.0318144522607, -0.00990348216146, -0.00632084673271], [-0.000866837333888, 0.00560687668622, -0.00351826497354, 0.00231578969397, -0.00460723182186, -0.00275256973691, 0.00175766577013, -0.00515442714095, 0.0108005721122, -0.00898867379874, -0.00990348216146, 0.0388547331095, -0.0167211983353], [0.000260735600023, -0.00290637649596, 0.00229914905503, 0.00193025486078, 1.59260234796e-05, 0.00450714258477, -0.00082801427925, -0.00144764583092, -0.00915913935751, 0.0124801481143, -0.00632084673271, -0.0167211983353, 0.0315392799675]]
    },
    "melbands": {
        "max": [0.0373265370727, 0.00817409064621, 0.00303146266378, 0.000366710533854, 0.000552068871912, 0.000428208935773, 0.000148776729475, 0.000265024660621, 0.00117449089885, 0.00359589420259, 0.00361120561138, 0.00198070262559, 0.00264722248539, 0.00144137931056, 0.000711554544978, 0.000869873329066, 0.000558223342523, 0.00093934306642, 0.000841521774419, 0.000598106533289, 0.00036954175448, 0.000262578192633, 0.000226028510951, 0.000191133221961, 0.000165967314388, 0.000125617400045, 9.15282216738e-05, 7.8040495282e-05, 6.60636142129e-05, 5.48335447093e-05, 3.07739574055e-05, 2.94422861771e-05, 1.76601515705e-05, 1.00704846773e-05, 6.94439722793e-06, 3.52027495865e-06, 2.1608886982e-06, 9.31384818159e-07, 9.13412293357e-07, 1.04368541542e-06],
        "mean": [0.00197075121105, 0.000451513391454, 9.28186273086e-05, 2.05676024052e-05, 2.39437467826e-05, 2.40676690737e-05, 1.67778434843e-05, 2.72994911938e-05, 9.79998003459e-05, 0.00021702684171, 0.00025247677695, 0.00017013726756, 0.000216908665607, 0.000111267108878, 8.60720756464e-05, 8.87106361915e-05, 6.63058744976e-05, 8.03437651484e-05, 8.97111385711e-05, 4.49014369224e-05, 3.12321390084e-05, 2.42457736022e-05, 1.81020441232e-05, 1.17883810162e-05, 8.44244095788e-06, 7.14698217053e-06, 5.55386532142e-06, 4.22363973485e-06, 3.54160010829e-06, 2.73784962701e-06, 2.3723907816e-06, 1.84843190709e-06, 1.22455014662e-06, 9.69960410657e-07, 7.04061108081e-07, 4.28546400144e-07, 2.71842054644e-07, 1.82253074854e-07, 1.67957566077e-07, 1.49095328084e-07],
        "min": [7.77350635753e-24, 1.77511413602e-24, 5.81954404366e-24, 5.13923710431e-24, 8.682831845e-24, 1.04949297524e-23, 1.47221071774e-23, 8.23586956699e-24, 4.54237744925e-24, 5.82777107404e-24, 6.42586214098e-24, 5.26603623964e-24, 9.98765195845e-24, 7.0703686003e-24, 4.00033021645e-24, 7.33302220527e-24, 1.02089037765e-23, 3.59602361974e-24, 5.95798203278e-24, 1.18701541239e-23, 1.43190229206e-23, 6.67611643025e-24, 9.1544641701e-24, 7.67702314679e-24, 9.45087471094e-24, 6.48278989378e-24, 8.69940817921e-24, 1.17532977915e-23, 6.86486086816e-24, 7.87084153804e-24, 7.46108115146e-24, 7.66912112711e-24, 6.91302003756e-24, 9.64791007696e-24, 7.02578612624e-24, 5.81120775604e-24, 7.16153015536e-24, 8.71564451436e-24, 1.03170250522e-23, 1.10187144608e-23],
        "stdev": [0.00432621594518, 0.000876635138411, 0.000269767799182, 4.03136946261e-05, 5.76552047278e-05, 4.68233411084e-05, 1.86840261449e-05, 3.33218486048e-05, 0.000162635333254, 0.000441466254415, 0.000463203788968, 0.000287775648758, 0.000406095699873, 0.000199134839932, 0.000128071915242, 0.000135453316034, 9.1315327154e-05, 0.000132410306833, 0.000150623076479, 6.57354976283e-05, 4.43406242994e-05, 3.71686764993e-05, 2.94354849757e-05, 2.11553906411e-05, 1.66199897649e-05, 1.59408464242e-05, 1.1734947293e-05, 9.48111573962e-06, 8.13591577753e-06, 5.7106276472e-06, 4.44129136667e-06, 3.25486303154e-06, 1.82371081792e-06, 1.4265262962e-06, 9.51003300997e-07, 4.98675376548e-07, 3.01219444054e-07, 1.81880253081e-07, 1.73066993625e-07, 1.62847129559e-07]
    },
    "melbands128": {
        "max": [0.029782993719, 0.0523558929563, 0.0440797358751, 0.0181202255189, 0.00649559032172, 0.00511717423797, 0.00501382211223, 0.00239168223925, 0.00109932583291, 0.000302396540064, 0.000326026929542, 0.000223762632231, 0.000717542483471, 0.0013153438922, 0.000260778266238, 0.000254972575931, 0.000210501850233, 0.000134790316224, 0.000179893700988, 0.00035491771996, 0.00040019286098, 0.000404402206186, 0.00164768029936, 0.00220804824494, 0.00455726543441, 0.0053125070408, 0.00682225404307, 0.00394973671064, 0.00528842629865, 0.00174427987076, 0.00304547441192, 0.00220547127537, 0.0048009827733, 0.0050873667933, 0.00202127173543, 0.00162673857994, 0.00124804815277, 0.00115506525617, 0.00129512662534, 0.00131499941926, 0.00173893000465, 0.000868224189617, 0.000880360254087, 0.000674697686918, 0.000905256310944, 0.00124184635933, 0.00288861314766, 0.00129051797558, 0.00117503444199, 0.00074834265979, 0.000759269343689, 0.00032460980583, 0.000402016332373, 0.000478956149891, 0.000353661482222, 0.000413212314015, 0.000434736430179, 0.000460369075881, 0.000262578338152, 0.000238047752646, 0.000268787844107, 0.000121025906992, 0.000150027335621, 0.000198602865566, 0.000197538262, 0.000197386485524, 0.000117950563435, 9.54517599894e-05, 0.000119832686323, 0.000104761347757, 0.000100724784716, 8.72952514328e-05, 8.21026478661e-05, 7.34475470381e-05, 7.27227379684e-05, 8.14101586002e-05, 5.48791322217e-05, 4.00779390475e-05, 5.22594964423e-05, 3.09833885694e-05, 5.41391673323e-05, 3.65809246432e-05, 2.64340178546e-05, 2.99138264381e-05, 1.46907841554e-05, 1.61440329975e-05, 1.47861537698e-05, 1.27418161355e-05, 7.49678883949e-06, 5.34900573257e-06, 4.98770350532e-06, 5.29475119038e-06, 2.54207225225e-06, 3.03625120068e-06, 2.06659615287e-06, 1.19521087072e-06, 1.37896370234e-06, 1.16942737804e-06, 1.17281604162e-06, 1.27364444324e-06, 1.03457534806e-06, 1.19527396691e-06, 1.38303187214e-06, 1.07490245682e-06, 1.0440933238e-06, 1.35877837693e-06, 1.08025903955e-06, 8.19672152375e-07, 5.27988163412e-07, 7.63585376262e-07, 7.50333356336e-07, 6.99566442108e-07, 9.10639016638e-07, 3.99048303734e-07, 9.18931903016e-07, 8.3581051058e-07, 1.19389991227e-08, 1.31737305509e-08, 9.52552370315e-10, 2.47573461731e-10, 2.45605397131e-10, 2.45411330146e-10, 2.37091041244e-10, 2.36919095453e-10, 2.39592984341e-10, 2.35620523092e-10, 2.32633912134e-10, 2.31357849545e-10],
        "mean": [0.00150865421165, 0.00286938506179, 0.00186568475328, 0.000837047235109, 0.000348108180333, 0.000195273722056, 0.00012969369709, 6.53047827655e-05, 3.08792477881e-05, 1.56145179062e-05, 1.55946618179e-05, 1.79504368134e-05, 2.46120889642e-05, 3.67508764612e-05, 1.6453808712e-05, 2.49888635153e-05, 2.14747960854e-05, 1.16980872917e-05, 1.50109372044e-05, 2.57812134805e-05, 3.11465046252e-05, 3.80229685106e-05, 0.000104475817352, 0.000154569148435, 0.000211780017707, 0.00024100363953, 0.000232163991313, 0.000284690613626, 0.000255334016401, 0.000142266697367, 0.000155209607328, 0.00018272161833, 0.000231679427088, 0.000265064765699, 0.00011048043234, 7.70840852056e-05, 7.53942949814e-05, 8.9870467491e-05, 8.55436665006e-05, 9.76516603259e-05, 8.97748032003e-05, 7.84911244409e-05, 6.54793111607e-05, 5.94053672103e-05, 6.30396825727e-05, 7.10716922185e-05, 0.000121983750432, 0.000104846934846, 7.04698977643e-05, 5.35146245966e-05, 4.13009729527e-05, 3.80469027732e-05, 3.12382580887e-05, 3.03385095322e-05, 2.57760584645e-05, 2.53092930507e-05, 2.11794667848e-05, 1.83406518772e-05, 1.78636018973e-05, 1.58384664246e-05, 1.14606100396e-05, 8.82807398739e-06, 8.61912394612e-06, 7.87078079156e-06, 8.90035698831e-06, 7.62517720432e-06, 5.74467367187e-06, 5.86740998187e-06, 5.78959361519e-06, 4.60306227978e-06, 4.26007227361e-06, 4.10669872508e-06, 3.71658575204e-06, 3.57024669029e-06, 3.05785192722e-06, 2.89999024972e-06, 2.51992833e-06, 2.35969537243e-06, 2.48716082751e-06, 2.23037818614e-06, 2.03109493668e-06, 1.71818214767e-06, 1.29478905819e-06, 1.23610266201e-06, 1.09968789275e-06, 9.50754838414e-07, 1.00678300896e-06, 8.60408817971e-07, 6.84236340476e-07, 6.03742989824e-07, 4.73936097478e-07, 3.87060367757e-07, 3.30558037831e-07, 2.8965354204e-07, 2.2174225478e-07, 1.87875329516e-07, 1.74607393433e-07, 1.68680287516e-07, 1.7182490808e-07, 1.6911265277e-07, 1.51217548705e-07, 1.51895946487e-07, 1.36872301937e-07, 1.29110262037e-07, 1.23876347402e-07, 1.15952097701e-07, 1.06562545454e-07, 9.67950626318e-08, 8.54717043808e-08, 7.88068916791e-08, 8.00600190587e-08, 5.75078260567e-08, 1.19261347464e-08, 4.61863969292e-09, 4.50053461165e-09, 3.11582737389e-09, 7.29705879055e-11, 2.94018732971e-11, 5.80298699718e-12, 3.75061657079e-12, 3.65597352739e-12, 3.59773864346e-12, 3.53135511284e-12, 3.46419746187e-12, 3.27451672548e-12, 2.9585511558e-12, 2.78623782032e-12, 2.75010266296e-12],
        "min": [6.94873887049e-24, 1.20004108366e-23, 7.06588865922e-24, 1.77986386753e-24, 8.35307852029e-25, 1.61963596249e-24, 4.38047163706e-24, 6.92548798416e-24, 3.36502897504e-24, 2.92685756575e-24, 4.08551496687e-24, 8.02483270877e-24, 6.52928653882e-24, 7.16763593877e-24, 5.74107171068e-24, 1.68963940033e-23, 8.34802428847e-24, 1.05034660163e-23, 1.4887203143e-23, 2.95818816267e-24, 3.17624213587e-24, 3.10025451752e-24, 3.65565282671e-24, 9.23258644605e-25, 3.82293038723e-24, 1.57419816599e-24, 9.24806488309e-24, 4.13126377178e-24, 3.0274002547e-24, 4.8212456957e-24, 1.62838610626e-24, 4.11614683025e-24, 2.87334676396e-24, 1.23214590812e-23, 1.45191821758e-23, 2.04998147718e-24, 2.13871708775e-24, 3.4095440015e-24, 5.94008672314e-24, 5.63090807413e-24, 1.01909422026e-23, 4.68964910278e-24, 8.63539290561e-24, 7.99127298814e-24, 5.38532778572e-24, 1.6485455453e-24, 2.3441408062e-24, 5.91578034093e-24, 7.77136696675e-24, 7.75335017254e-24, 1.65371988119e-23, 5.88182500656e-24, 1.25631313527e-23, 1.01473434381e-23, 8.75067388285e-24, 2.82935278014e-24, 6.80245329308e-24, 1.64028210899e-23, 5.00014159963e-24, 6.70834060937e-24, 5.72009234934e-24, 6.6885331009e-24, 3.47662873288e-24, 8.00420005179e-24, 4.42400650383e-24, 4.06816436569e-24, 6.01818434719e-24, 7.06036899946e-24, 7.76811922641e-24, 6.87671350326e-24, 1.28003110613e-23, 1.42447974203e-23, 9.2214234726e-24, 4.71617139528e-24, 4.25960000258e-24, 7.78504029282e-24, 3.18909761039e-24, 6.04748343007e-24, 4.51922438168e-24, 9.1155244181e-24, 6.90061046666e-24, 5.7734150078e-24, 8.9700458454e-24, 5.29528680757e-24, 6.05060574153e-24, 7.40963085436e-24, 1.15114322491e-23, 1.03894274949e-23, 6.13171681424e-24, 4.70599982276e-24, 5.4069835953e-24, 6.0591952535e-24, 7.50841122805e-24, 6.17470855028e-24, 7.5033798732e-24, 9.67567088107e-24, 9.46287722961e-24, 5.9138215993e-24, 8.48409885032e-24, 1.3995967025e-23, 8.27422319534e-24, 1.09338850922e-23, 7.37977562454e-24, 1.04189064381e-23, 1.12064941218e-23, 8.41883402105e-24, 8.65552148047e-24, 1.04277401025e-23, 1.07463160571e-23, 8.96940055718e-24, 8.87515061167e-24, 8.62659710651e-24, 8.61204341167e-24, 6.22412910827e-24, 1.16456734982e-23, 1.07351300094e-23, 1.15451134543e-23, 6.87907456395e-24, 9.02809890828e-24, 8.07177624352e-24, 8.4187401466e-24, 8.47276370797e-24, 1.03757281365e-23, 9.40697617928e-24, 7.3517813176e-24, 7.44961979137e-24, 8.00374961221e-24, 7.53653333046e-24],
        "stdev": [0.00379959726706, 0.00668932404369, 0.00420916359872, 0.00181001704186, 0.000737543741707, 0.00051128101768, 0.000425943173468, 0.000212770173675, 8.90132359928e-05, 3.15359466185e-05, 2.70233686024e-05, 2.85805199383e-05, 6.97117648087e-05, 0.000139237788972, 3.32370873366e-05, 3.5039287468e-05, 3.06980327878e-05, 1.63100085047e-05, 2.36347677856e-05, 3.96210161853e-05, 4.51819141745e-05, 5.84495428484e-05, 0.000195638465811, 0.000307474489091, 0.000467160425615, 0.000598091282882, 0.000560015731025, 0.000562194676604, 0.000536208041012, 0.000260595581494, 0.000329152186168, 0.000337892095558, 0.000481259281514, 0.000666239415295, 0.000237933243625, 0.000153872606461, 0.000145299563883, 0.000154230263433, 0.000151091007865, 0.000174657485331, 0.000174390181201, 0.00013943236263, 0.000106647152279, 9.52407644945e-05, 0.000105705526948, 0.000151352243847, 0.000298416038277, 0.000204027164727, 0.000132941437187, 0.000100301214843, 6.64407925797e-05, 5.71052660234e-05, 5.12285150762e-05, 5.07900113007e-05, 4.35324218415e-05, 4.54129331047e-05, 3.65705709555e-05, 3.64011611964e-05, 3.32497002091e-05, 3.26621193381e-05, 2.49052809522e-05, 1.54912268044e-05, 1.77813853952e-05, 1.69004451891e-05, 2.35745119426e-05, 2.00386293727e-05, 1.25194119391e-05, 1.32037803269e-05, 1.38123923534e-05, 1.04961300167e-05, 1.05792005343e-05, 1.03447819129e-05, 9.1040328698e-06, 8.86771795194e-06, 7.00169675838e-06, 7.12800829206e-06, 5.11476173415e-06, 4.40825397163e-06, 5.41735334991e-06, 4.24120980824e-06, 4.50076822744e-06, 3.00094006889e-06, 2.13548582906e-06, 2.17206093112e-06, 1.69308111708e-06, 1.53707014761e-06, 1.76766798177e-06, 1.38004929795e-06, 1.01814441678e-06, 8.07904370959e-07, 6.53299082387e-07, 5.17183593729e-07, 3.90980147813e-07, 3.83547330784e-07, 2.80081565052e-07, 2.11838781183e-07, 2.03161050649e-07, 1.89317830745e-07, 1.98941407348e-07, 1.97520350298e-07, 1.75735237917e-07, 1.91368485503e-07, 1.6949356052e-07, 1.65413226227e-07, 1.5393555941e-07, 1.44883756548e-07, 1.3158232548e-07, 1.16306452469e-07, 1.01670337926e-07, 9.29836900809e-08, 9.84018342365e-08, 8.20956387315e-08, 6.1295345688e-08, 2.9854792416e-08, 5.28002992439e-08, 4.03669560001e-08, 5.31901411804e-10, 5.62085267219e-10, 4.23262154492e-11, 1.17648018064e-11, 1.16365042602e-11, 1.15605398518e-11, 1.12009793801e-11, 1.11487633361e-11, 1.12249194315e-11, 1.1057844744e-11, 1.09309384461e-11, 1.08716889657e-11]
    },
    "mfcc": {
        "mean": [-694.239990234, 103.226531982, -44.8791656494, -7.68155193329, -6.73314714432, 9.53355121613, 0.947650015354, 12.1116437912, 10.9742116928, 8.2164440155, 2.14354419708, 0.784127056599, 1.37391722202],
        "cov": [[7179.86035156, -1971.18188477, -2033.4128418, -1197.72216797, -920.81854248, -198.266876221, -138.789871216, 50.169128418, 51.1711044312, -93.3341369629, -51.1989326477, -303.567840576, -269.4168396], [-1971.18188477, 2310.515625, 1679.69104004, 1273.08435059, 830.470947266, 447.487243652, 395.170379639, 258.781585693, 174.681106567, 254.348617554, 206.748443604, 314.09777832, 308.357696533], [-2033.4128418, 1679.69104004, 1828.49572754, 1225.00817871, 852.871459961, 307.812805176, 310.203399658, 175.010971069, 74.1407089233, 193.801437378, 153.812194824, 329.395141602, 238.113067627], [-1197.72216797, 1273.08435059, 1225.00817871, 995.99395752, 592.855773926, 286.906463623, 261.288543701, 156.197509766, 80.2199859619, 161.577102661, 136.129776001, 223.018615723, 193.671188354], [-920.81854248, 830.470947266, 852.871459961, 592.855773926, 461.446716309, 192.662948608, 173.622406006, 108.428642273, 53.3600692749, 101.204872131, 87.1980209351, 159.402908325, 117.367103577], [-198.266876221, 447.487243652, 307.812805176, 286.906463623, 192.662948608, 222.124313354, 142.564407349, 92.3574295044, 63.0208702087, 69.9638900757, 79.1393127441, 56.0730667114, 87.2507705688], [-138.789871216, 395.170379639, 310.203399658, 261.288543701, 173.622406006, 142.564407349, 152.482727051, 100.695838928, 59.2883987427, 66.6002120972, 63.532119751, 58.4110794067, 67.7265853882], [50.169128418, 258.781585693, 175.010971069, 156.197509766, 108.428642273, 92.3574295044, 100.695838928, 111.422554016, 65.6662979126, 54.0712051392, 43.2565078735, 38.3835525513, 44.8690605164], [51.1711044312, 174.681106567, 74.1407089233, 80.2199859619, 53.3600692749, 63.0208702087, 59.2883987427, 65.6662979126, 82.0536880493, 49.1360588074, 33.3484687805, 17.9191246033, 28.7751579285], [-93.3341369629, 254.348617554, 193.801437378, 161.577102661, 101.204872131, 69.9638900757, 66.6002120972, 54.0712051392, 49.1360588074, 78.5060119629, 50.6814804077, 44.9762649536, 41.3638305664], [-51.1989326477, 206.748443604, 153.812194824, 136.129776001, 87.1980209351, 79.1393127441, 63.532119751, 43.2565078735, 33.3484687805, 50.6814804077, 73.9723739624, 48.6780853271, 41.8689460754], [-303.567840576, 314.09777832, 329.395141602, 223.018615723, 159.402908325, 56.0730667114, 58.4110794067, 38.3835525513, 17.9191246033, 44.9762649536, 48.6780853271, 99.1513442993, 56.5578041077], [-269.4168396, 308.357696533, 238.113067627, 193.671188354, 117.367103577, 87.2507705688, 67.7265853882, 44.8690605164, 28.7751579285, 41.3638305664, 41.8689460754, 56.5578041077, 84.2557754517]],
        "icov": [[0.000268488220172, 0.000161042233231, 0.00030568841612, -0.000226151809329, 0.000325394881656, -0.000117068833788, -0.000191977975192, -0.000659526151139, 2.6113462809e-05, -0.000160056195455, -7.74006475694e-05, -0.000478904839838, 0.000528164906427], [0.000161042233231, 0.00212556147017, -0.000673557457048, -0.000901682476979, -2.9792487112e-05, -0.000614620279521, -0.000244663911872, -0.000207399905776, -0.00145514542237, -0.000650962872896, 0.000279533909634, -1.07171417767e-05, -0.00161809066776], [0.00030568841612, -0.000673557457048, 0.00854727532715, -0.00419797375798, -0.00829828809947, 0.00357864028774, -0.00217913882807, 0.00137657520827, 0.00166880816687, -0.00135408400092, 0.00234891287982, -0.00452811643481, -0.00022392081155], [-0.000226151809329, -0.000901682476979, -0.00419797375798, 0.00825175084174, -0.00036849200842, -0.00168821122497, -0.000931966700591, 0.000411053100834, 0.00130646012258, -0.00172989838757, -0.000480817223433, 0.00145050673746, -0.00206685997546], [0.000325394881656, -2.9792487112e-05, -0.00829828809947, -0.00036849200842, 0.0227132178843, -0.00786690600216, 0.000396765390178, -0.00387859204784, -0.000544367649127, 0.00117739243433, 0.00162251200527, -0.00643578590825, 0.0068237548694], [-0.000117068833788, -0.000614620279521, 0.00357864028774, -0.00168821122497, -0.00786690600216, 0.0184444207698, -0.00915597286075, 0.0023151950445, -0.00129450066015, 0.00221099029295, -0.00825216341764, 0.00835615023971, -0.00852444954216], [-0.000191977975192, -0.000244663911872, -0.00217913882807, -0.000931966700591, 0.000396765390178, -0.00915597286075, 0.0324751548469, -0.017080809921, 0.00198443606496, -0.000615996017586, -0.00471925083548, 0.00384251237847, -0.000106710838736], [-0.000659526151139, -0.000207399905776, 0.00137657520827, 0.000411053100834, -0.00387859204784, 0.0023151950445, -0.017080809921, 0.033280428499, -0.013948331587, -0.000895544944797, 0.00342653202824, -0.00229362584651, -0.00213253102265], [2.6113462809e-05, -0.00145514542237, 0.00166880816687, 0.00130646012258, -0.000544367649127, -0.00129450066015, 0.00198443606496, -0.013948331587, 0.0307728555053, -0.0129386866465, 0.000270016025752, 0.0023685162887, -0.000260219560005], [-0.000160056195455, -0.000650962872896, -0.00135408400092, -0.00172989838757, 0.00117739243433, 0.00221099029295, -0.000615996017586, -0.000895544944797, -0.0129386866465, 0.0362609103322, -0.0143591407686, 0.000324254127918, 0.000251064164331], [-7.74006475694e-05, 0.000279533909634, 0.00234891287982, -0.000480817223433, 0.00162251200527, -0.00825216341764, -0.00471925083548, 0.00342653202824, 0.000270016025752, -0.0143591407686, 0.0380788967013, -0.0171198192984, 0.000977157033049], [-0.000478904839838, -1.07171417767e-05, -0.00452811643481, 0.00145050673746, -0.00643578590825, 0.00835615023971, 0.00384251237847, -0.00229362584651, 0.0023685162887, 0.000324254127918, -0.0171198192984, 0.0397813618183, -0.0127495210618], [0.000528164906427, -0.00161809066776, -0.00022392081155, -0.00206685997546, 0.0068237548694, -0.00852444954216, -0.000106710838736, -0.00213253102265, -0.000260219560005, 0.000251064164331, 0.000977157033049, -0.0127495210618, 0.0334448814392]]
    },
    "spectral_contrast_coeffs": {
        "max": [-0.558489024639, -0.578048050404, -0.643261134624, -0.721217632294, -0.735667586327, -0.634564399719],
        "mean": [-0.77611541748, -0.780775308609, -0.803298711777, -0.827558457851, -0.8195322752, -0.748566508293],
        "min": [-0.969935417175, -0.972117304802, -0.973095715046, -0.967693150043, -0.975939750671, -0.959850251675],
        "stdev": [0.0621541514993, 0.0601614825428, 0.0466083399951, 0.0322015620768, 0.0289690569043, 0.0363007746637]
    },
    "spectral_contrast_valleys": {
        "max": [-5.41211986542, -6.09443902969, -4.91312980652, -5.5060133934, -5.70358657837, -9.54290771484],
        "mean": [-8.32033061981, -7.41923284531, -7.06490325928, -7.25301456451, -7.83582210541, -11.0189685822],
        "min": [-27.2011852264, -27.2391357422, -27.1557769775, -27.5141830444, -27.3086891174, -27.3874397278],
        "stdev": [1.87992703915, 1.42674350739, 1.64564919472, 1.67410755157, 1.59965980053, 1.47964406013]
    }
},
"rhythm": {
    "beats_count": 28,
    "beats_loudness": {
        "max": 0.0770096480846,
        "mean": 0.0171371679753,
        "min": 0.00151779013686,
        "stdev": 0.017738468945
    },
    "bpm": 150.189605713,
    "bpm_histogram_first_peak_bpm": 152,
    "bpm_histogram_first_peak_weight": 0.41666662693,
    "bpm_histogram_second_peak_bpm": 136,
    "bpm_histogram_second_peak_spread": 0.400000035763,
    "bpm_histogram_second_peak_weight": 0.222222223878,
    "danceability": 0.764494180679,
    "onset_rate": 0.783738076687,
    "beats_loudness_band_ratio": {
        "max": [0.986182689667, 0.142825737596, 0.340849220753, 0.588222622871, 0.458254188299, 0.104243412614],
        "mean": [0.41095200181, 0.0187183078378, 0.138667598367, 0.252808123827, 0.169939473271, 0.0333978384733],
        "min": [0.000143102457514, 0.00147819565609, 0.00465189153329, 0.00226962869056, 0.00128023291472, 0.00013665141887],
        "stdev": [0.405878692865, 0.0277315285057, 0.100346185267, 0.196453601122, 0.150274753571, 0.0285460799932]
    },
    "beats_position": [0.487619042397, 0.986848056316, 1.48607707024, 1.98530614376, 2.47292518616, 2.96054410934, 3.40172338486, 3.84290242195, 4.29569149017, 4.73687076569, 5.18965959549, 5.630838871, 6.07201814651, 6.51319694519, 6.96598625183, 7.41877555847, 7.8251247406, 8.23147392273, 8.63782310486, 9.03256225586, 9.42730140686, 9.82204055786, 10.2167797089, 10.6115188599, 11.0062580109, 11.412607193, 11.8189563751, 12.2136955261],
