{
"metadata": {
    "version": {
        "essentia": "2.1-beta5",
        "essentia_git_sha": "Undefined",
        "extractor": "music 2.0"
    },
    "audio_properties": {
        "analysis": {
            "equal_loudness": 0,
            "length": 32.4963264465,
            "sample_rate": 44100,
            "start_time": 45.2440834045,
            "downmix": "mix"
        },
        "bit_rate": 192000,
        "length": 196.731079102,
        "lossless": 0,
        "number_channels": 2,
        "replay_gain": -1.02841949463,
        "sample_rate": 48000,
        "codec": "mp3",
        "md5_encoded": "2ae7085dbae633de5c1590b59e543452"
    },
    "tags": {
        "file_name": "Belarus_Time_Uzari _ Maimuna.mp3",
        "encoding": ["Lavf58.29.100"]
    }
},
"lowlevel": {
    "average_loudness": 0.964236915112,
    "barkbands_crest": {
        "max": 22.3241882324,
        "mean": 8.80162143707,
        "min": 2.40156078339,
        "stdev": 4.03043079376
    },
    "barkbands_flatness_db": {
        "max": 0.210881710052,
        "mean": 0.106759302318,
        "min": 0.0282922107726,
        "stdev": 0.0275944937021
    },
    "barkbands_kurtosis": {
        "max": 25.0239715576,
        "mean": 0.983439743519,
        "min": -1.81972742081,
        "stdev": 2.51064872742
    },
    "barkbands_skewness": {
        "max": 4.04706096649,
        "mean": 0.831064105034,
        "min": -2.31225919724,
        "stdev": 0.766428649426
    },
    "barkbands_spread": {
        "max": 90.6169967651,
        "mean": 30.3396263123,
        "min": 5.2843914032,
        "stdev": 13.4515981674
    },
    "dissonance": {
        "max": 0.4999961555,
        "mean": 0.471212565899,
        "min": 0.260661512613,
        "stdev": 0.0231679044664
    },
    "dynamic_complexity": 2.62761950493,
    "erbbands_crest": {
        "max": 25.3547019958,
        "mean": 9.01772403717,
        "min": 2.65509200096,
        "stdev": 4.38916826248
    },
    "erbbands_flatness_db": {
        "max": 0.261410832405,
        "mean": 0.144666060805,
        "min": 0.0743787065148,
        "stdev": 0.0326887257397
    },
    "erbbands_kurtosis": {
        "max": 12.5723114014,
        "mean": 1.06925606728,
        "min": -1.64401173592,
        "stdev": 1.98557245731
    },
    "erbbands_skewness": {
        "max": 2.50998330116,
        "mean": 0.474086642265,
        "min": -2.57685780525,
        "stdev": 0.678373575211
    },
    "erbbands_spread": {
        "max": 99.4784698486,
        "mean": 34.7634849548,
        "min": 6.17889308929,
        "stdev": 15.7275362015
    },
    "hfc": {
        "max": 138.988586426,
        "mean": 34.1203193665,
        "min": 0.522633910179,
        "stdev": 24.3882694244
    },
    "loudness_ebu128": {
        "integrated": -20.9392604828,
        "loudness_range": 4.78324890137,
        "momentary": {
            "max": -18.4475841522,
            "mean": -21.5824279785,
            "min": -34.1428833008,
            "stdev": 2.65899276733
        },
        "short_term": {
            "max": -19.5712490082,
            "mean": -21.2448196411,
            "min": -26.7907867432,
            "stdev": 1.81920039654
        }
    },
    "melbands_crest": {
        "max": 29.4344177246,
        "mean": 12.5858039856,
        "min": 3.19349122047,
        "stdev": 5.24482011795
    },
    "melbands_flatness_db": {
        "max": 0.26559522748,
        "mean": 0.140136897564,
        "min": 0.0248920936137,
        "stdev": 0.0401402525604
    },
    "melbands_kurtosis": {
        "max": 59.3110847473,
        "mean": 5.19849205017,
        "min": -1.71217131615,
        "stdev": 6.81032514572
    },
    "melbands_skewness": {
        "max": 6.80839538574,
        "mean": 1.69030487537,
        "min": -0.526075184345,
        "stdev": 1.09276759624
    },
    "melbands_spread": {
        "max": 220.325836182,
        "mean": 36.2193565369,
        "min": 5.30589389801,
        "stdev": 22.3706455231
    },
    "pitch_salience": {
        "max": 0.873435854912,
        "mean": 0.575558066368,
        "min": 0.225885689259,
        "stdev": 0.0976266935468
    },
    "silence_rate_20dB": {
        "max": 1,
        "mean": 1,
        "min": 1,
        "stdev": 0
    },
    "silence_rate_30dB": {
        "max": 1,
        "mean": 0.970021426678,
        "min": 0,
        "stdev": 0.170528873801
    },
    "silence_rate_60dB": {
        "max": 1,
        "mean": 0.0335474647582,
        "min": 0,
        "stdev": 0.180060938001
    },
    "spectral_centroid": {
        "max": 4654.28125,
        "mean": 1595.61474609,
        "min": 382.504394531,
        "stdev": 564.363708496
    },
    "spectral_complexity": {
        "max": 56,
        "mean": 24.9635982513,
        "min": 1,
        "stdev": 9.90501117706
    },
    "spectral_decrease": {
        "max": -1.31418279037e-10,
        "mean": -7.96414045823e-09,
        "min": -3.68272168316e-08,
        "stdev": 6.67157840084e-09
    },
    "spectral_energy": {
        "max": 0.145173966885,
        "mean": 0.0331533066928,
        "min": 0.000552133482415,
        "stdev": 0.0267413314432
    },
    "spectral_energyband_high": {
        "max": 0.0138997761533,
        "mean": 0.0017949064495,
        "min": 5.31127670911e-06,
        "stdev": 0.00182619981933
    },
    "spectral_energyband_low": {
        "max": 0.104042515159,
        "mean": 0.0108367251232,
        "min": 7.1072645369e-06,
        "stdev": 0.0179300736636
    },
    "spectral_energyband_middle_high": {
        "max": 0.0575442202389,
        "mean": 0.0111265685409,
        "min": 0.00015513440303,
        "stdev": 0.00991335418075
    },
    "spectral_energyband_middle_low": {
        "max": 0.075204141438,
        "mean": 0.0101856375113,
        "min": 0.000130888700369,
        "stdev": 0.00871492549777
    },
    "spectral_entropy": {
        "max": 8.74938774109,
        "mean": 7.94616127014,
        "min": 6.93058490753,
        "stdev": 0.278852045536
    },
    "spectral_flux": {
        "max": 0.302699118853,
        "mean": 0.101777590811,
        "min": 0.0126390140504,
        "stdev": 0.0505505129695
    },
    "spectral_kurtosis": {
        "max": 10.2694549561,
        "mean": 2.63039922714,
        "min": -1.00818622112,
        "stdev": 1.46506738663
    },
    "spectral_rms": {
        "max": 0.0119009716436,
        "mean": 0.00527354283258,
        "min": 0.000733939232305,
        "stdev": 0.00212941411883
    },
    "spectral_rolloff": {
        "max": 10357.4707031,
        "mean": 2073.13696289,
        "min": 107.666015625,
        "stdev": 1761.17443848
    },
    "spectral_skewness": {
        "max": 2.53527212143,
        "mean": 1.38687431812,
        "min": 0.104298591614,
        "stdev": 0.319918692112
    },
    "spectral_spread": {
        "max": 16366254,
        "mean": 5500528,
        "min": 3107236.25,
        "stdev": 1277875
    },
    "spectral_strongpeak": {
        "max": 9.70515727997,
        "mean": 1.17613601685,
        "min": 0,
        "stdev": 1.37753617764
    },
    "zerocrossingrate": {
        "max": 0.31591796875,
        "mean": 0.0840976461768,
        "min": 0.02001953125,
        "stdev": 0.042528051883
    },
    "barkbands": {
        "max": [0.00603727204725, 0.100539274514, 0.0156144499779, 0.0104715414345, 0.0508656390011, 0.0174628570676, 0.050703112036, 0.0610014721751, 0.0288627091795, 0.0311251562089, 0.0382254384458, 0.0328761897981, 0.0171406138688, 0.0262454021722, 0.00979267433286, 0.00778037169948, 0.00797903724015, 0.00736492639408, 0.00347506860271, 0.00282817031257, 0.0022093099542, 0.00296617369168, 0.0051694996655, 0.00547043140978, 0.00363703514449, 0.00111398310401, 1.01699833976e-05],
        "mean": [0.000438778370153, 0.00888372305781, 0.00104664929677, 0.00105025887024, 0.00256486516446, 0.00141343404539, 0.00147641135845, 0.00163479428738, 0.00144302390981, 0.0018255423056, 0.00228427513503, 0.00173664127942, 0.00125063688029, 0.00162495207042, 0.000717947026715, 0.00047231715871, 0.000601674837526, 0.000486452743644, 0.000263857917162, 0.000297836435493, 0.000296913844068, 0.000345799373463, 0.000332200725097, 0.000342365121469, 0.00025427059154, 6.76637573633e-05, 3.3307841818e-08],
        "min": [9.6161016927e-09, 1.3575452158e-06, 1.28561998736e-06, 1.47970854414e-06, 3.18884713124e-06, 9.76716728474e-06, 2.92471327157e-06, 3.60109379471e-06, 5.6911021602e-06, 1.25956157717e-05, 4.43736371381e-06, 6.39109657641e-06, 7.1293916335e-06, 6.58151111566e-06, 7.6170176726e-06, 3.88696389564e-06, 4.98938288729e-06, 2.18924992623e-06, 1.61768605267e-06, 1.81561551926e-06, 9.41797850373e-07, 7.05800800915e-07, 6.78515732488e-07, 5.47669571915e-07, 5.24649465206e-07, 1.40488420897e-08, 1.22832050087e-10],
        "stdev": [0.000705752812792, 0.0168779939413, 0.00153102248441, 0.0014944144059, 0.00372451450676, 0.00164912000764, 0.00415811734274, 0.00390625698492, 0.00239765224978, 0.00300012342632, 0.00414683204144, 0.0035519390367, 0.00165706791449, 0.00233999197371, 0.000903961190488, 0.000695151567925, 0.000843656307552, 0.000617110694293, 0.000367923581507, 0.000350622169208, 0.000312804157147, 0.000363675062545, 0.000450132647529, 0.000433909299318, 0.000370302732335, 0.000111714813102, 4.12209431033e-07]
    },
    "erbbands": {
        "max": [3.87559008598, 23.1809101105, 23.2080497742, 24.5698986053, 53.7058677673, 292.723144531, 198.704406738, 190.721038818, 535.352905273, 725.069213867, 1257.90869141, 814.567565918, 501.184631348, 1385.88879395, 1658.50439453, 873.596374512, 935.160766602, 1504.80078125, 721.491271973, 398.822692871, 495.216186523, 404.71194458, 485.759979248, 168.0859375, 211.675018311, 128.860046387, 111.054344177, 122.643554688, 93.2782516479, 129.614654541, 167.766845703, 106.131889343, 75.9752349854, 44.7092590332, 22.3170509338, 7.09214115143, 1.5207709074, 0.24960835278, 0.00451327161863, 0.000282752327621],
        "mean": [0.319690644741, 1.712220788, 1.58422160149, 2.49138593674, 4.73756170273, 9.72975730896, 10.8506574631, 12.8851318359, 16.7579917908, 32.5801467896, 31.5851173401, 33.8269309998, 48.231086731, 80.2871170044, 93.6381454468, 59.2050666809, 55.9355278015, 90.2837524414, 49.1956291199, 29.2330284119, 28.5349082947, 32.6592483521, 29.9942150116, 16.8738479614, 12.8058261871, 13.82467556, 12.1673250198, 12.3669424057, 12.4095067978, 10.677321434, 9.49715614319, 7.97610092163, 5.17432641983, 3.33500862122, 1.50205469131, 0.497433871031, 0.0857523009181, 0.00332236615941, 0.000123874240671, 5.16540203535e-05],
        "min": [3.38732679666e-05, 0.000282983965008, 0.00220884918235, 0.00552847981453, 0.0137126771733, 0.0314958915114, 0.0404627919197, 0.0589335970581, 0.0498355217278, 0.104305706918, 0.126515343785, 0.221824541688, 0.252683520317, 0.604189634323, 0.339654266834, 0.438942164183, 0.471248656511, 0.344279378653, 0.447302788496, 0.317855030298, 0.200927883387, 0.253489136696, 0.136954024434, 0.0801540091634, 0.104356713593, 0.0837224945426, 0.052110273391, 0.0423349998891, 0.0238554123789, 0.0266591403633, 0.0199650228024, 0.0121549023315, 0.00584809854627, 0.0052895876579, 0.0029373690486, 0.000368115433957, 3.76737189072e-05, 1.82973303708e-06, 6.24369477009e-07, 8.15028954548e-07],
        "stdev": [0.606187999249, 3.48465752602, 2.52285504341, 3.18721246719, 6.62615919113, 17.4382400513, 16.1331329346, 17.1661682129, 38.3791542053, 68.5099029541, 71.2578048706, 58.1572494507, 62.114490509, 151.471374512, 180.198822021, 98.0199508667, 70.4243927002, 125.989265442, 53.8786354065, 33.0129776001, 41.8256797791, 44.0892791748, 38.8592948914, 20.6353378296, 18.5066928864, 15.8641328812, 13.6646518707, 13.009595871, 12.9277162552, 12.6522531509, 13.3990898132, 10.5361213684, 6.60433149338, 4.62326860428, 2.36576628685, 0.771015107632, 0.166630402207, 0.0140397027135, 0.000285086105578, 4.23931232945e-05]
    },
    "gfcc": {
        "mean": [41.9311828613, 73.9653701782, -128.097213745, 31.8883113861, -70.5914535522, 36.7724151611, -44.5719337463, 14.4504327774, -24.5112953186, 7.06511831284, -14.9591464996, 2.22359275818, -7.55133676529],
        "cov": [[2656.12695312, -373.063964844, 76.9828872681, 213.900039673, 213.558197021, 227.26776123, 210.372543335, 260.604125977, 83.3448638916, 213.654556274, 113.513038635, 198.299865723, 75.6181106567], [-373.063964844, 656.699157715, -109.474411011, -57.0215301514, 86.3209075928, -50.2843856812, 89.5732040405, -29.0140037537, 55.2651824951, -32.256362915, 91.6635131836, -17.6548709869, 57.1293678284], [76.9828872681, -109.474411011, 318.428894043, 103.348670959, 6.07074213028, 9.31742858887, -74.0317611694, 19.1956005096, 5.20583248138, 34.1846466064, -35.1460533142, 25.5087909698, -27.3881130219], [213.900039673, -57.0215301514, 103.348670959, 237.105026245, 66.9104995728, -10.6228685379, -33.1163291931, 37.4212608337, 77.6426620483, 52.6589660645, 26.5510883331, 24.4116954803, 32.2958564758], [213.558197021, 86.3209075928, 6.07074213028, 66.9104995728, 191.613800049, 74.9658203125, 75.6112594604, 67.2971115112, 11.0718202591, 36.0073242188, 33.0572776794, 52.2673492432, 19.3127269745], [227.26776123, -50.2843856812, 9.31742858887, -10.6228685379, 74.9658203125, 189.023666382, 121.547645569, 33.6614227295, -20.8642139435, 21.1901130676, 30.6487388611, 35.3248329163, 7.67828464508], [210.372543335, 89.5732040405, -74.0317611694, -33.1163291931, 75.6112594604, 121.547645569, 196.460159302, 52.2416687012, -7.98056936264, 31.587020874, 49.0421981812, 29.3218421936, 16.3832015991], [260.604125977, -29.0140037537, 19.1956005096, 37.4212608337, 67.2971115112, 33.6614227295, 52.2416687012, 107.153808594, 41.5802612305, 43.8507194519, 21.5508155823, 30.7642250061, 6.2161154747], [83.3448638916, 55.2651824951, 5.20583248138, 77.6426620483, 11.0718202591, -20.8642139435, -7.98056936264, 41.5802612305, 123.474876404, 54.0027732849, 38.4816360474, 12.1778697968, 29.4765205383], [213.654556274, -32.256362915, 34.1846466064, 52.6589660645, 36.0073242188, 21.1901130676, 31.587020874, 43.8507194519, 54.0027732849, 104.202430725, 51.336227417, 41.1269645691, 14.9224300385], [113.513038635, 91.6635131836, -35.1460533142, 26.5510883331, 33.0572776794, 30.6487388611, 49.0421981812, 21.5508155823, 38.4816360474, 51.336227417, 112.992141724, 49.8695983887, 40.6528778076], [198.299865723, -17.6548709869, 25.5087909698, 24.4116954803, 52.2673492432, 35.3248329163, 29.3218421936, 30.7642250061, 12.1778697968, 41.1269645691, 49.8695983887, 96.9052429199, 40.2316131592], [75.6181106567, 57.1293678284, -27.3881130219, 32.2958564758, 19.3127269745, 7.67828464508, 16.3832015991, 6.2161154747, 29.4765205383, 14.9224300385, 40.6528778076, 40.2316131592, 78.6631774902]],
        "icov": [[0.000651031557936, 0.000315746845445, 0.000114210219181, -0.00035276755807, 7.4314102676e-06, -0.00017406961706, -0.000339605758199, -0.000914721109439, 0.000192558247363, -0.000455083703855, 3.09759452648e-05, -0.000503791728988, -0.000256540399278], [0.000315746845445, 0.00735074654222, -0.00413012690842, 0.00583730917424, -0.00885354727507, 0.00793724879622, -0.00754810124636, 0.00686414353549, -0.00774258375168, 0.00711804069579, -0.00834985077381, 0.00639389874414, -0.00445198081434], [0.000114210219181, -0.00413012690842, 0.00811769347638, -0.00622812146321, 0.00641705049202, -0.00681682536379, 0.00701669743285, -0.00547503214329, 0.00589838298038, -0.00635617505759, 0.00725164683536, -0.00678921351209, 0.00505447061732], [-0.00035276755807, 0.00583730917424, -0.00622812146321, 0.013344746083, -0.0108461352065, 0.00734538258985, -0.00457973731682, 0.00696125021204, -0.0100537165999, 0.00533824879676, -0.00786397606134, 0.00818096566945, -0.00656325602904], [7.4314102676e-06, -0.00885354727507, 0.00641705049202, -0.0108461352065, 0.0204325467348, -0.0117046851665, 0.00779948756099, -0.0129211079329, 0.0116301169619, -0.00869306083769, 0.0108340540901, -0.0115269543603, 0.00622009765357], [-0.00017406961706, 0.00793724879622, -0.00681682536379, 0.00734538258985, -0.0117046851665, 0.0194352548569, -0.0146267740056, 0.00933867506683, -0.00784977991134, 0.00897869002074, -0.0100847650319, 0.00675536878407, -0.00470631709322], [-0.000339605758199, -0.00754810124636, 0.00701669743285, -0.00457973731682, 0.00779948756099, -0.0146267740056, 0.0205943509936, -0.0112196095288, 0.0100944200531, -0.00994861498475, 0.00657288916409, -0.00474972371012, 0.00337884505279], [-0.000914721109439, 0.00686414353549, -0.00547503214329, 0.00696125021204, -0.0129211079329, 0.00933867506683, -0.0112196095288, 0.0255610402673, -0.0141430217773, 0.0063466578722, -0.00637195724994, 0.0045232581906, -0.00121715781279], [0.000192558247363, -0.00774258375168, 0.00589838298038, -0.0100537165999, 0.0116301169619, -0.00784977991134, 0.0100944200531, -0.0141430217773, 0.0248947236687, -0.0140197873116, 0.00669169938192, -0.00351148564368, 0.000214098137803], [-0.000455083703855, 0.00711804069579, -0.00635617505759, 0.00533824879676, -0.00869306083769, 0.00897869002074, -0.00994861498475, 0.0063466578722, -0.0140197873116, 0.0266816150397, -0.0136992326006, 0.00260983617045, -0.000371506583178], [3.09759452648e-05, -0.00834985077381, 0.00725164683536, -0.00786397606134, 0.0108340540901, -0.0100847650319, 0.00657288916409, -0.00637195724994, 0.00669169938192, -0.0136992326006, 0.0265952032059, -0.0133683690801, 0.0024308944121], [-0.000503791728988, 0.00639389874414, -0.00678921351209, 0.00818096566945, -0.0115269543603, 0.00675536878407, -0.00474972371012, 0.0045232581906, -0.00351148564368, 0.00260983617045, -0.0133683690801, 0.0278553981334, -0.0135964052752], [-0.000256540399278, -0.00445198081434, 0.00505447061732, -0.00656325602904, 0.00622009765357, -0.00470631709322, 0.00337884505279, -0.00121715781279, 0.000214098137803, -0.000371506583178, 0.0024308944121, -0.0135964052752, 0.0246591977775]]
    },
    "melbands": {
        "max": [0.0312251783907, 0.0147120077163, 0.00387079874054, 0.0121714193374, 0.00799966603518, 0.00386645644903, 0.00968478433788, 0.00987812876701, 0.0084230620414, 0.00453271344304, 0.00265868543647, 0.00538173364475, 0.00464173825458, 0.00470063416287, 0.00183391326573, 0.00142799527384, 0.0027512954548, 0.00124775560107, 0.000830796721857, 0.000410703010857, 0.000532949052285, 0.0004813853011, 0.000638219586108, 0.000233410130022, 0.000146567137563, 0.000206312412047, 0.000146258316818, 7.22880286048e-05, 9.5688708825e-05, 7.13914851076e-05, 8.15528619569e-05, 6.21502258582e-05, 6.35159594822e-05, 6.80537996232e-05, 0.000108394531708, 6.421807484e-05, 8.78032224136e-05, 5.27672382304e-05, 4.773011824e-05, 4.25542093581e-05],
        "mean": [0.0026673451066, 0.00128708954435, 0.000493754516356, 0.000498081906699, 0.000427650636993, 0.000282972760033, 0.000279680738458, 0.000374646799173, 0.000246226729359, 0.000215592197492, 0.000236868290813, 0.000312025978928, 0.000301525142277, 0.000230023477343, 0.000105439619801, 0.000139177049277, 0.000173893015017, 8.14159939182e-05, 5.21017391293e-05, 3.34383403242e-05, 3.24342654494e-05, 3.36900884577e-05, 3.34959077009e-05, 2.08724777622e-05, 1.28947276608e-05, 9.16998760658e-06, 9.56806343311e-06, 8.99104998098e-06, 7.8098182712e-06, 6.88086765877e-06, 7.30764622858e-06, 7.17186321708e-06, 6.32983983451e-06, 5.77274613534e-06, 5.49916558157e-06, 5.16055661137e-06, 4.7495450417e-06, 3.65625237464e-06, 3.20340905091e-06, 2.69476595349e-06],
        "min": [3.41637843349e-07, 9.96363610284e-07, 1.25995006783e-06, 1.19266337606e-06, 2.40260919782e-06, 1.381650236e-06, 7.12550672688e-07, 9.06407194634e-07, 8.85578685939e-07, 1.02666535895e-06, 9.07359265057e-07, 2.2256124339e-06, 5.87384420214e-07, 6.12755684415e-07, 1.338402285e-06, 7.60610305406e-07, 4.69932558644e-07, 6.42505654014e-07, 4.68308058998e-07, 3.41482120803e-07, 1.7578399536e-07, 2.35467211951e-07, 1.48109393194e-07, 9.01560994748e-08, 4.30493507508e-08, 6.89420645017e-08, 6.59664962654e-08, 4.10275191598e-08, 3.38248788978e-08, 1.22030980876e-08, 2.08696722126e-08, 1.22983037087e-08, 1.39083962125e-08, 1.25110668492e-08, 1.14023928077e-08, 9.94385196407e-09, 6.28589758023e-09, 3.21366355749e-09, 4.35850688874e-09, 6.29475194192e-10],
        "stdev": [0.00505340704694, 0.00224107760005, 0.000573771540076, 0.000775877851993, 0.000626811466645, 0.000361378013622, 0.000686511571985, 0.000775163876824, 0.000529456476215, 0.000357681128662, 0.000320739432937, 0.000607570225839, 0.000525304989424, 0.000490610662382, 0.000164688084624, 0.000188472346053, 0.000256180181168, 9.81710472843e-05, 6.93784677424e-05, 4.49117396784e-05, 4.8592202802e-05, 4.74012013001e-05, 4.97506007378e-05, 2.70368345809e-05, 1.74184569914e-05, 1.49348361447e-05, 1.37621500471e-05, 1.034502111e-05, 9.74370868789e-06, 7.82362894824e-06, 7.86522014096e-06, 7.65275035519e-06, 7.20483103578e-06, 7.27283622837e-06, 7.96777476353e-06, 7.47566173231e-06, 6.41517181066e-06, 4.77648245578e-06, 4.32920796811e-06, 3.97246685679e-06]
    },
    "melbands128": {
        "max": [0.00541088590398, 0.0306507702917, 0.0504886396229, 0.0354956798255, 0.0155128501356, 0.00651288265362, 0.00610070023686, 0.00637012766674, 0.00730528216809, 0.0134290251881, 0.0223015584052, 0.0145107824355, 0.00780651718378, 0.00350503600203, 0.00601109536365, 0.00345454830676, 0.00969794392586, 0.0152141358703, 0.0189719125628, 0.010110642761, 0.0193199291825, 0.0219746567309, 0.0102414935827, 0.00696105649695, 0.00949203595519, 0.00531458389014, 0.00300130131654, 0.00489121070132, 0.00631947536021, 0.00971118360758, 0.0104614561424, 0.00859158672392, 0.00558783020824, 0.0119295138866, 0.0100263776258, 0.00420891446993, 0.00446395250037, 0.00360049074516, 0.00311071774922, 0.00347493239678, 0.00242594163865, 0.00488955387846, 0.00587941939011, 0.00360321928747, 0.00180212268606, 0.00232903053984, 0.00152882887051, 0.00137979141437, 0.00133452005684, 0.000584393215831, 0.000743368407711, 0.00129064684734, 0.0012890038779, 0.000670225941576, 0.00113058055285, 0.00102389662061, 0.000659654615447, 0.00100252276752, 0.000811832083855, 0.000673275790177, 0.000425665872172, 0.000233370272326, 0.00030054608942, 0.000303983280901, 0.000246069248533, 0.000291175500024, 0.000292397424346, 0.000204634401598, 0.000325235858327, 0.000226221265621, 0.000109889188025, 0.000127199600684, 0.000172331288923, 0.000139190276968, 0.000157669099281, 0.000147874074173, 7.64877186157e-05, 0.0001087384735, 6.67599961162e-05, 0.000123280551634, 7.32882253942e-05, 6.83291218593e-05, 7.9874684161e-05, 6.95144990459e-05, 0.000129206542624, 8.36772742332e-05, 6.73719769111e-05, 8.44110836624e-05, 0.00012572434207, 0.000110499582661, 0.000120318240079, 0.000117333300295, 6.65871848469e-05, 0.000113864502055, 0.000111393550469, 8.72220261954e-05, 5.26910116605e-05, 5.61643319088e-05, 6.51719165035e-05, 5.67059396417e-05, 4.57184069091e-05, 3.99846212531e-05, 7.88144316175e-05, 4.06777398894e-05, 2.9074255508e-05, 2.81017164525e-05, 1.86926336028e-05, 1.98150682991e-05, 1.72325144376e-05, 9.85543101706e-06, 1.437370247e-05, 1.37953620651e-05, 5.7204388213e-06, 8.60693762661e-06, 5.36963034392e-06, 4.74959051644e-06, 9.50000980993e-07, 1.46142502544e-08, 1.42930645097e-08, 1.40040334884e-08, 1.36229978409e-08, 1.34175444089e-08, 1.31938335812e-08, 1.30062209891e-08, 1.28069226335e-08, 1.26758221697e-08, 1.25369403747e-08, 1.24761019293e-08],
        "mean": [0.000400189339416, 0.00257130363025, 0.00385359395295, 0.00248276931234, 0.000991938402876, 0.000481397320982, 0.000483861542307, 0.000536095292773, 0.000460960931377, 0.000422433571657, 0.000580554362386, 0.000603177177254, 0.000354665186023, 0.000251635821769, 0.000307418114971, 0.000292328506475, 0.000239650093135, 0.000225743089686, 0.000429235369666, 0.000322864070768, 0.000434060435509, 0.000286961556412, 0.000220670859562, 0.000198702968191, 0.000197792978724, 0.000247163232416, 0.000195445070858, 0.00027952156961, 0.000202835100936, 0.000261910783593, 0.000395049341023, 0.000341066654073, 0.000194992782781, 0.000388046319131, 0.000322044506902, 0.000154705834575, 0.000127771156258, 9.57984375418e-05, 9.65949220699e-05, 0.000116193928989, 0.000158743234351, 0.000152505861479, 0.000192331048311, 0.00019535246247, 8.66481495905e-05, 6.37458142592e-05, 6.44909960101e-05, 6.60401710775e-05, 3.96840987378e-05, 2.60071101366e-05, 3.39514917869e-05, 3.99555610784e-05, 3.08325143124e-05, 2.88669689326e-05, 3.74015253328e-05, 3.15999059239e-05, 3.21937732224e-05, 3.77218930225e-05, 3.31240044034e-05, 2.95408790407e-05, 1.99475234695e-05, 1.36437729452e-05, 1.63852892001e-05, 1.16669461931e-05, 9.77436229732e-06, 9.00499435375e-06, 9.06343757379e-06, 8.19157867227e-06, 1.05286717371e-05, 1.01899322544e-05, 8.56992573972e-06, 8.6991030912e-06, 8.70260009833e-06, 7.62023364587e-06, 6.76172248859e-06, 6.89365242579e-06, 6.89041098667e-06, 7.00555801814e-06, 7.39288452678e-06, 7.56845793148e-06, 7.35652020012e-06, 6.92209641784e-06, 6.88243790137e-06, 6.13703332419e-06, 6.18976446276e-06, 5.70139673073e-06, 5.8007331063e-06, 5.42588759345e-06, 5.673841315e-06, 5.33337242814e-06, 5.20273124494e-06, 5.06357673657e-06, 5.19684363098e-06, 5.02673674418e-06, 4.3994027692e-06, 3.6740214e-06, 3.56488476427e-06, 3.46162732967e-06, 3.18264255839e-06, 3.08611743094e-06, 3.03703404825e-06, 2.5161434678e-06, 2.54245742326e-06, 1.85890212379e-06, 1.73292312411e-06, 1.45958858866e-06, 1.12622831239e-06, 9.02416104509e-07, 8.40889697429e-07, 6.83953885527e-07, 7.34544528314e-07, 4.29690913961e-07, 1.09976880935e-07, 6.96686370816e-08, 2.98530764553e-08, 1.88591098294e-08, 2.56186050152e-09, 1.73348193439e-11, 1.63101667588e-11, 1.59472400563e-11, 1.55205535923e-11, 1.52799457115e-11, 1.50307700314e-11, 1.48036739117e-11, 1.44059330437e-11, 1.39334446758e-11, 1.36241929197e-11, 1.3533237031e-11],
        "min": [2.57914223312e-09, 1.89516899951e-08, 2.98534423848e-08, 2.83325476857e-07, 9.40855443332e-07, 3.8717897155e-07, 6.52746123819e-08, 5.97005850977e-07, 7.04794786088e-07, 1.09140592031e-06, 1.1184967974e-07, 2.13698854168e-08, 3.7682502807e-07, 5.52857216007e-07, 2.75818933915e-07, 3.64314757917e-07, 2.06848156381e-07, 1.85347602155e-07, 3.16599056305e-07, 6.4104960984e-07, 2.78288098343e-07, 1.88634572851e-07, 1.95563032435e-07, 1.77833811676e-07, 5.06215030782e-07, 2.151159606e-07, 1.32659906171e-07, 7.89597578432e-08, 7.21141134363e-07, 4.28679811648e-07, 4.54539701877e-07, 4.53794768873e-07, 1.95987382767e-07, 3.58232881581e-07, 1.39221484119e-07, 1.71880500943e-07, 1.43188415791e-07, 3.92237353708e-07, 9.32171104751e-08, 3.31222651084e-07, 5.02082855292e-07, 3.44308176636e-07, 7.87084530884e-08, 2.12106726849e-07, 2.86576607778e-07, 1.60800524895e-07, 2.75818479167e-07, 1.92682506395e-07, 1.27776985437e-07, 2.09530909956e-07, 3.00293692135e-07, 1.46717368921e-07, 8.83823503273e-08, 6.95066404433e-08, 1.10695616229e-07, 2.66362558676e-08, 8.43069400958e-08, 1.29264535076e-07, 2.57720174091e-08, 3.2366436642e-08, 4.71206931252e-08, 5.33425783544e-08, 3.77647317862e-08, 2.13121200687e-08, 5.13763751542e-08, 6.78887772665e-08, 2.8282805431e-08, 4.11150651303e-08, 4.52598527545e-08, 3.7469966685e-08, 2.32196288863e-08, 3.78270783585e-08, 2.37051835938e-08, 2.23482494732e-08, 2.13427657769e-08, 8.2319742134e-09, 7.01607438813e-09, 2.04008543392e-08, 2.0160728198e-08, 8.45365644153e-09, 1.31019444183e-08, 8.11478262364e-09, 1.06934168187e-08, 1.26959927016e-08, 1.46330698669e-08, 1.11465476849e-08, 8.20820922343e-09, 1.16312337539e-08, 9.00412100435e-09, 1.05365032255e-08, 5.94181193136e-09, 3.81297216023e-09, 7.67163754745e-09, 3.18803916599e-09, 5.4750541878e-09, 1.85391813012e-09, 8.57715176661e-10, 6.37892938471e-09, 1.17437048974e-09, 6.78543388144e-10, 6.90527190983e-10, 2.54041537806e-10, 3.56015304043e-12, 1.47237957937e-10, 1.34997904782e-12, 1.39000692467e-12, 5.0995514235e-12, 2.87524084402e-11, 1.39720344669e-11, 1.18024800003e-11, 2.67667615503e-12, 7.49356414594e-13, 6.36733396044e-13, 2.94369021346e-13, 4.18134141677e-13, 3.92317390597e-13, 4.37839461952e-13, 4.26430727752e-13, 3.37589304384e-13, 4.14576576194e-13, 3.85754362481e-13, 3.58885447402e-13, 3.31925621971e-13, 3.2318174829e-13, 2.99624393222e-13, 1.22435603865e-13, 1.17269941248e-14, 3.28116396858e-16],
        "stdev": [0.000661109166685, 0.00489479163662, 0.00805345270783, 0.00515690539032, 0.00187706586439, 0.000680887431372, 0.000725623394828, 0.000804451468866, 0.000764123047702, 0.000947302905843, 0.00123807508498, 0.00111553806346, 0.000660160731059, 0.000393363065086, 0.000550653552637, 0.000431243417552, 0.000608149392065, 0.000807347765658, 0.00157659768593, 0.000743081560358, 0.00118364277296, 0.00107775663491, 0.000550524739083, 0.000562920526136, 0.000539354514331, 0.000470122438855, 0.000316392804962, 0.000505007861648, 0.000480523478473, 0.000741175957955, 0.000985271413811, 0.000901325198356, 0.000434717017924, 0.00104779237881, 0.000962342193816, 0.000369752116967, 0.000309711263981, 0.00021574429411, 0.000212840706808, 0.000224478440941, 0.000273519748589, 0.000343952560797, 0.000400078046368, 0.000376965850592, 0.000162019001436, 0.000120354641695, 0.000114583825052, 0.000119678072224, 6.73225076753e-05, 4.16576949647e-05, 5.6295964896e-05, 8.32647783682e-05, 7.8135766671e-05, 4.88931837026e-05, 7.11524917278e-05, 6.47977940389e-05, 6.18395060883e-05, 8.31222132547e-05, 6.07521178608e-05, 5.36752922926e-05, 3.61020647688e-05, 2.04696643777e-05, 2.67150862783e-05, 2.1749170628e-05, 1.94367494259e-05, 1.72770505742e-05, 1.88577469089e-05, 1.4329163605e-05, 2.16012140299e-05, 1.60416057042e-05, 1.1469725905e-05, 1.21181246868e-05, 1.31111519295e-05, 1.23485233416e-05, 9.73133319349e-06, 9.89598902379e-06, 8.42659937916e-06, 9.5110899565e-06, 8.65979109221e-06, 9.15253440326e-06, 8.71282281878e-06, 8.45458725962e-06, 8.7281996457e-06, 7.47295007386e-06, 8.94516324479e-06, 7.8415405369e-06, 7.95940104581e-06, 7.63467505749e-06, 9.22173239815e-06, 8.68161441758e-06, 8.86829730007e-06, 8.0143163359e-06, 7.56849385652e-06, 7.49639048081e-06, 6.54377799947e-06, 5.30564921064e-06, 4.98965800944e-06, 4.82052291773e-06, 4.81752522319e-06, 4.63000469608e-06, 4.62676916868e-06, 3.9928931983e-06, 4.75515798826e-06, 3.2245031889e-06, 2.96971325042e-06, 2.72186912298e-06, 2.12271720557e-06, 1.52911047735e-06, 1.45774174598e-06, 1.07263440441e-06, 1.25774056414e-06, 8.4433122538e-07, 4.9136343705e-07, 4.64008877543e-07, 2.64261245775e-07, 2.22989868348e-07, 3.97815362874e-08, 3.90912330284e-10, 3.82285203493e-10, 3.74583669638e-10, 3.64424296295e-10, 3.58949092671e-10, 3.52984252938e-10, 3.47994799643e-10, 3.42683742494e-10, 3.39198197308e-10, 3.35500571769e-10, 3.33879590642e-10]
    },
    "mfcc": {
        "mean": [-592.151916504, 97.9080429077, 2.28824949265, 1.01563346386, 3.54830789566, 11.0750875473, -0.207069560885, 4.50620222092, 1.02883279324, 0.797618687153, 1.94893050194, 2.056599617, -4.44793462753],
        "cov": [[2627.94970703, -366.697631836, -77.3505096436, 111.704452515, 78.4072799683, 117.36995697, 198.380218506, 157.375457764, 129.228500366, 128.169143677, 108.652877808, 129.167449951, 153.361175537], [-366.697631836, 590.489929199, -132.088348389, -20.479631424, -32.4844322205, -8.22694015503, 52.4279136658, 21.5270557404, -9.18999767303, -26.8958950043, 30.6385650635, 2.58541941643, -17.8901920319], [-77.3505096436, -132.088348389, 286.740478516, 47.2061157227, 47.4052619934, 1.41554629803, -75.5419616699, -36.2590141296, -11.5393104553, 5.22093582153, -26.3637313843, 3.88287353516, 26.4390735626], [111.704452515, -20.479631424, 47.2061157227, 218.68321228, 99.5982131958, -13.6290035248, -58.4478797913, -17.213350296, 21.9906978607, 38.510974884, -19.5303478241, 50.4980583191, 60.397403717], [78.4072799683, -32.4844322205, 47.4052619934, 99.5982131958, 159.217605591, 9.97228908539, -27.6662025452, 13.5901823044, 15.1137514114, 19.6562957764, -11.2052135468, 18.6871566772, 39.8733215332], [117.36995697, -8.22694015503, 1.41554629803, -13.6290035248, 9.97228908539, 122.333984375, 82.7730102539, 37.6807403564, 16.7032394409, 9.92194366455, 19.4053287506, 5.09266805649, 13.9409790039], [198.380218506, 52.4279136658, -75.5419616699, -58.4478797913, -27.6662025452, 82.7730102539, 198.744125366, 79.0270767212, 16.1499996185, 1.49048197269, 42.2033233643, -2.67186975479, 7.1835398674], [157.375457764, 21.5270557404, -36.2590141296, -17.213350296, 13.5901823044, 37.6807403564, 79.0270767212, 94.6912841797, 31.3033905029, 5.27445793152, 24.3531723022, 5.16110897064, 12.8196592331], [129.228500366, -9.18999767303, -11.5393104553, 21.9906978607, 15.1137514114, 16.7032394409, 16.1499996185, 31.3033905029, 80.1856231689, 28.6138858795, 12.5415878296, 13.2766475677, 12.7995796204], [128.169143677, -26.8958950043, 5.22093582153, 38.510974884, 19.6562957764, 9.92194366455, 1.49048197269, 5.27445793152, 28.6138858795, 78.4422607422, 30.9560604095, 25.729637146, 19.5631828308], [108.652877808, 30.6385650635, -26.3637313843, -19.5303478241, -11.2052135468, 19.4053287506, 42.2033233643, 24.3531723022, 12.5415878296, 30.9560604095, 83.187828064, 22.752363205, 3.51271033287], [129.167449951, 2.58541941643, 3.88287353516, 50.4980583191, 18.6871566772, 5.09266805649, -2.67186975479, 5.16110897064, 13.2766475677, 25.729637146, 22.752363205, 80.3326873779, 53.9408607483], [153.361175537, -17.8901920319, 26.4390735626, 60.397403717, 39.8733215332, 13.9409790039, 7.1835398674, 12.8196592331, 12.7995796204, 19.5631828308, 3.51271033287, 53.9408607483, 108.358436584]],
        "icov": [[0.000599506311119, 0.000467177131213, 0.000245725677814, -0.000243106798735, 3.59195837518e-06, 1.85447188414e-05, -0.000426297250669, -0.00043333962094, -0.00030883049476, -0.000223542316235, -0.000348798872437, -0.000372288894141, -0.000346517539583], [0.000467177131213, 0.00235590944067, 0.000966790074017, -0.000582108856179, 0.000123302990687, 0.000298900704365, -0.000615036697127, -0.000382192665711, -4.11607543356e-05, 0.000859486928675, -0.00112349900883, -0.000455531699117, -6.8635577918e-05], [0.000245725677814, 0.000966790074017, 0.00474244030192, -0.000200127760763, -0.000700698816217, -0.00130246870685, 0.0015211320715, 0.00051380135119, 0.000481373514049, -4.33133664046e-06, -0.00010220400145, 0.00055730168242, -0.00130015914328], [-0.000243106798735, -0.000582108856179, -0.000200127760763, 0.0090439626947, -0.00424852175638, 0.000566497910768, 0.000885345390998, 0.00186106795445, -0.00114072917495, -0.002745738253, 0.00304141035303, -0.00327775767073, -0.00136903871316], [3.59195837518e-06, 0.000123302990687, -0.000700698816217, -0.00424852175638, 0.0100885815918, -0.00140482001007, 0.00187791581266, -0.0036386277061, 0.000593853823375, -0.000459204544313, 0.000193773099454, 0.00176304217894, -0.00154249661136], [1.85447188414e-05, 0.000298900704365, -0.00130246870685, 0.000566497910768, -0.00140482001007, 0.0124955074862, -0.0056978915818, 3.44164595845e-06, -0.00120636657812, -0.000558824453037, -0.000113462236186, -0.000422039447585, -0.000231051148148], [-0.000426297250669, -0.000615036697127, 0.0015211320715, 0.000885345390998, 0.00187791581266, -0.0056978915818, 0.0120030036196, -0.00634722225368, 0.00159403344151, 0.000336813245667, -0.00204257341102, 0.00207592151128, -0.00158187106717], [-0.00043333962094, -0.000382192665711, 0.00051380135119, 0.00186106795445, -0.0036386277061, 3.44164595845e-06, -0.00634722225368, 0.0202529095113, -0.00619162805378, 0.00247350661084, -0.00193003867753, 0.000347847410012, -0.00107508723158], [-0.00030883049476, -4.11607543356e-05, 0.000481373514049, -0.00114072917495, 0.000593853823375, -0.00120636657812, 0.00159403344151, -0.00619162805378, 0.0172858349979, -0.00539299100637, 0.00110345869325, -0.00020327490347, 0.00050942361122], [-0.000223542316235, 0.000859486928675, -4.33133664046e-06, -0.002745738253, -0.000459204544313, -0.000558824453037, 0.000336813245667, 0.00247350661084, -0.00539299100637, 0.0203034486622, -0.00792240258306, -0.00111225654837, -0.000302387867123], [-0.000348798872437, -0.00112349900883, -0.00010220400145, 0.00304141035303, 0.000193773099454, -0.000113462236186, -0.00204257341102, -0.00193003867753, 0.00110345869325, -0.00792240258306, 0.0196296740323, -0.00635900907218, 0.00277406093664], [-0.000372288894141, -0.000455531699117, 0.00055730168242, -0.00327775767073, 0.00176304217894, -0.000422039447585, 0.00207592151128, 0.000347847410012, -0.00020327490347, -0.00111225654837, -0.00635900907218, 0.0236431881785, -0.00996916648], [-0.000346517539583, -6.8635577918e-05, -0.00130015914328, -0.00136903871316, -0.00154249661136, -0.000231051148148, -0.00158187106717, -0.00107508723158, 0.00050942361122, -0.000302387867123, 0.00277406093664, -0.00996916648, 0.0164845790714]]
    },
    "spectral_contrast_coeffs": {
        "max": [-0.464718401432, -0.520906805992, -0.53280377388, -0.625191092491, -0.627858757973, -0.638375043869],
        "mean": [-0.725876629353, -0.755365371704, -0.749586045742, -0.78368216753, -0.798371374607, -0.765554964542],
        "min": [-0.915847122669, -0.947616696358, -0.891990244389, -0.904262065887, -0.890897989273, -0.869482755661],
        "stdev": [0.072295665741, 0.0641405582428, 0.0669344440103, 0.0444566495717, 0.0356650836766, 0.0332077406347]
    },
    "spectral_contrast_valleys": {
        "max": [-5.31995296478, -4.88037252426, -5.26643228531, -5.5848031044, -5.80738973618, -7.63808250427],
        "mean": [-6.64464759827, -6.46314001083, -6.79882335663, -6.96989679337, -7.15901947021, -9.31431770325],
        "min": [-9.20751953125, -8.54045772552, -8.90390110016, -8.68483257294, -9.25144672394, -12.0527915955],
        "stdev": [0.658268034458, 0.503778576851, 0.589642286301, 0.516563594341, 0.570743203163, 0.77134770155]
    }
},
"rhythm": {
    "beats_count": 70,
    "beats_loudness": {
        "max": 0.130764588714,
        "mean": 0.0721225067973,
        "min": 0.00192868616432,
        "stdev": 0.0350824259222
    },
    "bpm": 129.810821533,
    "bpm_histogram_first_peak_bpm": 129,
    "bpm_histogram_first_peak_weight": 0.184615373611,
    "bpm_histogram_second_peak_bpm": 136,
    "bpm_histogram_second_peak_spread": 0,
    "bpm_histogram_second_peak_weight": 0.0579710155725,
    "danceability": 1.13426423073,
    "onset_rate": 3.41455054283,
    "beats_loudness_band_ratio": {
        "max": [0.841606914997, 0.512317121029, 0.432696521282, 0.562703669071, 0.300611317158, 0.518078386784],
        "mean": [0.546198606491, 0.067446231842, 0.109899587929, 0.181094571948, 0.0644726455212, 0.0587006360292],
        "min": [0.0160865709186, 0.00909722037613, 0.00506887212396, 0.0190447755158, 0.0161107629538, 0.00964957661927],
        "stdev": [0.204978719354, 0.0714880228043, 0.0983199775219, 0.141662105918, 0.0493988245726, 0.0794781595469]
    },
    "beats_position": [0.441179126501, 0.893968224525, 1.34675729275, 1.79954648018, 2.24072551727, 2.69351458549, 3.15791368484, 3.62231278419, 4.08671188354, 4.55111122131, 5.01551008224, 5.47990942001, 5.94430828094, 6.40870714188, 6.87310647964, 7.31428575516, 7.77868461609, 8.24308395386, 8.70748329163, 9.17188167572, 9.63628101349, 10.1006803513, 10.5534696579, 11.0062580109, 11.4706573486, 11.9350566864, 12.3994560242, 12.8638544083, 13.328253746, 13.7926530838, 14.2570514679, 14.7214508057, 15.1858501434, 15.6270294189, 16.0914287567, 16.5558280945, 17.0202255249, 17.4846248627, 17.9490242004, 18.4018135071, 18.8546028137, 19.3190021515, 19.7834014893, 20.247800827, 20.7121982574, 21.1765975952, 21.640996933, 22.0821762085, 22.5465755463, 23.010974884, 23.4753742218, 23.9397735596, 24.40417099, 24.8685703278, 25.3329696655, 25.7973690033, 26.2617683411, 26.7261676788, 27.1789569855, 27.6317462921, 28.0961437225, 28.5605430603, 29.0249423981, 29.4893417358, 29.9421310425, 30.3949203491, 30.8593196869, 31.3237190247, 31.7881164551, 32.2525177002],
