{
"metadata": {
    "version": {
        "essentia": "2.1-beta5",
        "essentia_git_sha": "Undefined",
        "extractor": "music 2.0"
    },
    "audio_properties": {
        "analysis": {
            "equal_loudness": 0,
            "length": 29.0017242432,
            "sample_rate": 44100,
            "start_time": 64.9926528931,
            "downmix": "mix"
        },
        "bit_rate": 192000,
        "length": 193.758911133,
        "lossless": 0,
        "number_channels": 2,
        "replay_gain": 0.430503845215,
        "sample_rate": 48000,
        "codec": "mp3",
        "md5_encoded": "faa4408e716df20afac1dbd7d3c5f091"
    },
    "tags": {
        "file_name": "Slovenia_Here for You_Maraaya.mp3",
        "encoding": ["Lavf58.29.100"]
    }
},
"lowlevel": {
    "average_loudness": 0.958593606949,
    "barkbands_crest": {
        "max": 23.9294185638,
        "mean": 11.6901359558,
        "min": 2.66153621674,
        "stdev": 4.67380285263
    },
    "barkbands_flatness_db": {
        "max": 0.309298813343,
        "mean": 0.132158055902,
        "min": 0.0523451976478,
        "stdev": 0.0398442558944
    },
    "barkbands_kurtosis": {
        "max": 57.5462112427,
        "mean": 3.36562371254,
        "min": -1.67501425743,
        "stdev": 6.01117944717
    },
    "barkbands_skewness": {
        "max": 6.88579511642,
        "mean": 1.61044073105,
        "min": -0.462531387806,
        "stdev": 1.05160617828
    },
    "barkbands_spread": {
        "max": 94.0998687744,
        "mean": 27.0431537628,
        "min": 2.68253850937,
        "stdev": 12.4093542099
    },
    "dissonance": {
        "max": 0.499853312969,
        "mean": 0.47394913435,
        "min": 0.373762518167,
        "stdev": 0.0177497919649
    },
    "dynamic_complexity": 1.35365855694,
    "erbbands_crest": {
        "max": 30.9169025421,
        "mean": 8.68354511261,
        "min": 2.63243579865,
        "stdev": 4.42684936523
    },
    "erbbands_flatness_db": {
        "max": 0.261402636766,
        "mean": 0.136108621955,
        "min": 0.0724357590079,
        "stdev": 0.0269574895501
    },
    "erbbands_kurtosis": {
        "max": 24.6587295532,
        "mean": 0.122266918421,
        "min": -1.66886639595,
        "stdev": 1.82681298256
    },
    "erbbands_skewness": {
        "max": 2.79606342316,
        "mean": 0.122294969857,
        "min": -1.48630404472,
        "stdev": 0.530727505684
    },
    "erbbands_spread": {
        "max": 122.648170471,
        "mean": 41.5495262146,
        "min": 6.06060409546,
        "stdev": 16.0933494568
    },
    "hfc": {
        "max": 141.75970459,
        "mean": 29.443769455,
        "min": 4.33698129654,
        "stdev": 17.803194046
    },
    "loudness_ebu128": {
        "integrated": -22.1443386078,
        "loudness_range": 1.7857170105,
        "momentary": {
            "max": -19.4844226837,
            "mean": -22.2613925934,
            "min": -25.6269035339,
            "stdev": 1.01406133175
        },
        "short_term": {
            "max": -20.9768257141,
            "mean": -22.2328548431,
            "min": -23.4352855682,
            "stdev": 0.616607606411
        }
    },
    "melbands_crest": {
        "max": 32.5454902649,
        "mean": 17.0492134094,
        "min": 4.51285266876,
        "stdev": 5.7828540802
    },
    "melbands_flatness_db": {
        "max": 0.400171786547,
        "mean": 0.186349749565,
        "min": 0.0724940821528,
        "stdev": 0.0533752590418
    },
    "melbands_kurtosis": {
        "max": 141.148162842,
        "mean": 13.6151628494,
        "min": -0.941015958786,
        "stdev": 16.0063266754
    },
    "melbands_skewness": {
        "max": 10.8312835693,
        "mean": 2.90445160866,
        "min": -0.0233592856675,
        "stdev": 1.48969852924
    },
    "melbands_spread": {
        "max": 70.8768005371,
        "mean": 24.6893482208,
        "min": 1.98954749107,
        "stdev": 13.2489671707
    },
    "pitch_salience": {
        "max": 0.762035608292,
        "mean": 0.482710242271,
        "min": 0.152734875679,
        "stdev": 0.114567250013
    },
    "silence_rate_20dB": {
        "max": 1,
        "mean": 1,
        "min": 1,
        "stdev": 0
    },
    "silence_rate_30dB": {
        "max": 1,
        "mean": 0.931200027466,
        "min": 0,
        "stdev": 0.253114044666
    },
    "silence_rate_60dB": {
        "max": 0,
        "mean": 0,
        "min": 0,
        "stdev": 0
    },
    "spectral_centroid": {
        "max": 3136.55151367,
        "mean": 1540.38208008,
        "min": 432.603088379,
        "stdev": 477.908233643
    },
    "spectral_complexity": {
        "max": 55,
        "mean": 26.6471996307,
        "min": 10,
        "stdev": 7.94407558441
    },
    "spectral_decrease": {
        "max": -1.43958711618e-09,
        "mean": -1.25547154894e-08,
        "min": -5.11839033379e-08,
        "stdev": 8.52044124144e-09
    },
    "spectral_energy": {
        "max": 0.198120221496,
        "mean": 0.0500550456345,
        "min": 0.00614188611507,
        "stdev": 0.0327362827957
    },
    "spectral_energyband_high": {
        "max": 0.0151180773973,
        "mean": 0.00133384543005,
        "min": 3.36497432727e-05,
        "stdev": 0.00147148000542
    },
    "spectral_energyband_low": {
        "max": 0.172630593181,
        "mean": 0.028277663514,
        "min": 0.0001121043897,
        "stdev": 0.0283695422113
    },
    "spectral_energyband_middle_high": {
        "max": 0.0617373436689,
        "mean": 0.00797590985894,
        "min": 0.000610079267062,
        "stdev": 0.00722110783681
    },
    "spectral_energyband_middle_low": {
        "max": 0.12136259675,
        "mean": 0.0133745679632,
        "min": 0.000389060383895,
        "stdev": 0.012034714222
    },
    "spectral_entropy": {
        "max": 8.68241691589,
        "mean": 7.80861091614,
        "min": 7.037068367,
        "stdev": 0.243144392967
    },
    "spectral_flux": {
        "max": 0.369961380959,
        "mean": 0.121074184775,
        "min": 0.0333294868469,
        "stdev": 0.0528576560318
    },
    "spectral_kurtosis": {
        "max": 10.3258924484,
        "mean": 3.08053708076,
        "min": -0.588792085648,
        "stdev": 1.40274643898
    },
    "spectral_rms": {
        "max": 0.0139028066769,
        "mean": 0.00667074834928,
        "min": 0.00244787335396,
        "stdev": 0.00208214554004
    },
    "spectral_rolloff": {
        "max": 9022.41210938,
        "mean": 1331.62976074,
        "min": 64.599609375,
        "stdev": 1076.98010254
    },
    "spectral_skewness": {
        "max": 2.21469712257,
        "mean": 1.35002422333,
        "min": 0.416145592928,
        "stdev": 0.252688080072
    },
    "spectral_spread": {
        "max": 26179198,
        "mean": 4729467.5,
        "min": 2615894.5,
        "stdev": 1234404.75
    },
    "spectral_strongpeak": {
        "max": 10.2533092499,
        "mean": 0.720130980015,
        "min": 0,
        "stdev": 1.11168766022
    },
    "zerocrossingrate": {
        "max": 0.1982421875,
        "mean": 0.0587835945189,
        "min": 0.0068359375,
        "stdev": 0.0259579177946
    },
    "barkbands": {
        "max": [0.0108349891379, 0.162644535303, 0.0452500842512, 0.0513067170978, 0.0787825584412, 0.0407438986003, 0.0278551615775, 0.0275530256331, 0.0323542580009, 0.044636901468, 0.0289902761579, 0.0540161877871, 0.0167930591851, 0.0358311161399, 0.0207052715123, 0.0117557225749, 0.00601933710277, 0.00562392128631, 0.00285247177817, 0.00397508079186, 0.00250044721179, 0.00200231326744, 0.00519581791013, 0.00690178852528, 0.00465756189078, 0.000781547802035, 5.70947486267e-06],
        "mean": [0.0011888636509, 0.0227636452764, 0.00355041539297, 0.00188458408229, 0.00413971440867, 0.0028952921275, 0.00119296426419, 0.000973699789029, 0.00198359228671, 0.000868676172104, 0.00140839174856, 0.0011659131851, 0.000576061254833, 0.000682835583575, 0.00106443860568, 0.000784948759247, 0.000521153328009, 0.000511982128955, 0.00038494283217, 0.000335888762493, 0.000292071461445, 0.000203931806027, 0.000271158467513, 0.000243251473876, 0.000130615037051, 3.60442936653e-05, 1.47304151099e-08],
        "min": [3.19372702506e-07, 2.74984449788e-06, 3.46004321727e-06, 6.41363840259e-06, 4.4670272473e-05, 5.97116159042e-05, 8.84127803147e-06, 1.09945876829e-05, 3.91296998714e-05, 1.99258938665e-05, 7.29867861082e-06, 1.35878672154e-05, 1.44786727105e-05, 2.49325221375e-05, 3.955772263e-05, 1.32222930915e-05, 1.14548238344e-05, 1.11515837489e-05, 1.0316517546e-05, 1.02388430605e-05, 8.78013634065e-06, 5.55558835913e-06, 4.72497958981e-06, 8.09548737379e-07, 2.00998499622e-07, 4.46689851774e-10, 1.70323699589e-10],
        "stdev": [0.00150776375085, 0.0253155119717, 0.00494516640902, 0.00417681131512, 0.00734367361292, 0.00398189108819, 0.00193135021254, 0.00191773660481, 0.0027885704767, 0.00226107635535, 0.00279448600486, 0.00408339733258, 0.000989934662357, 0.00158696051221, 0.00179808831308, 0.0010653459467, 0.000608434493188, 0.000504512805492, 0.000367067288607, 0.000381543359254, 0.000275885919109, 0.000215522901271, 0.000432615022874, 0.000441957148723, 0.000265531474724, 6.91092427587e-05, 2.04091179512e-07]
    },
    "erbbands": {
        "max": [5.42648410797, 37.661567688, 73.6133270264, 98.705947876, 252.620834351, 273.46572876, 257.006652832, 474.773773193, 331.612701416, 771.780700684, 747.002624512, 656.346496582, 846.435913086, 1766.04907227, 1325.1854248, 2748.24267578, 842.391296387, 1988.79016113, 1208.59729004, 1043.57922363, 518.59161377, 309.256591797, 239.956253052, 171.095596313, 152.734725952, 214.272140503, 125.247047424, 95.4077072144, 63.7210235596, 95.8252487183, 148.987869263, 126.624588013, 126.953567505, 75.312286377, 20.095451355, 4.38569355011, 1.21709907055, 0.0221505127847, 0.000804195122328, 0.000226005635341],
        "mean": [0.790993988514, 4.44331932068, 5.52187013626, 4.82346153259, 10.2596445084, 13.9860668182, 16.9939727783, 25.5655021667, 15.6371746063, 24.7683601379, 23.7920475006, 41.7968482971, 39.3193054199, 34.2226676941, 56.5801315308, 51.2070159912, 27.0277709961, 39.85338974, 39.9956245422, 63.1546630859, 38.0879707336, 28.2981681824, 27.0424118042, 23.8166217804, 18.7090110779, 15.9074020386, 12.993188858, 10.0614538193, 7.45864629745, 6.13826990128, 8.07886600494, 6.37519693375, 3.51824808121, 1.92182445526, 0.658789157867, 0.254011511803, 0.0437856279314, 0.00101420772262, 7.11264365236e-05, 6.39639256406e-05],
        "min": [0.000125143516925, 0.00180185120553, 0.0379369519651, 0.0455579198897, 0.0672675818205, 0.119301728904, 0.29703193903, 0.596542775631, 0.299237161875, 0.315287351608, 0.699344098568, 0.734909772873, 1.3095767498, 1.03878414631, 1.0492221117, 0.848733305931, 1.04792582989, 1.28890287876, 1.72962033749, 1.66124212742, 0.542405605316, 0.707416236401, 0.820016682148, 0.607015430927, 0.826709508896, 0.560951054096, 0.482880204916, 0.217590495944, 0.211340814829, 0.104311943054, 0.154122948647, 0.0327782221138, 0.0140211256221, 0.00542268855497, 0.000699708121829, 6.29886635579e-05, 1.78122209036e-05, 3.18392130794e-06, 6.54994983051e-06, 8.02974591352e-06],
        "stdev": [0.952879846096, 5.34751749039, 7.4102025032, 8.23907184601, 22.6236000061, 24.9738540649, 26.4025306702, 39.5168113708, 24.4269237518, 49.5644721985, 43.3112754822, 58.6978759766, 67.4346237183, 74.1335906982, 116.111427307, 186.433654785, 43.1361808777, 90.7237854004, 72.5321807861, 91.9175796509, 48.1476707458, 32.0961265564, 25.5759086609, 22.1152667999, 17.9454498291, 18.2714004517, 13.2142753601, 9.45981311798, 7.69116830826, 8.54030799866, 13.0241336823, 10.7631521225, 7.52298688889, 4.29666662216, 1.23850774765, 0.432567298412, 0.0932564884424, 0.00196566339582, 7.86904201959e-05, 3.78502445528e-05]
    },
    "gfcc": {
        "mean": [49.3565330505, 94.3138198853, -121.30065155, 49.0464286804, -59.3505859375, 30.6196727753, -37.3555107117, 20.2373790741, -17.7865180969, 5.27847862244, -10.2925128937, 1.4820176363, -0.412119567394],
        "cov": [[782.900512695, -346.533538818, 67.7419204712, 32.4476089478, -37.1799812317, 65.9035339355, -88.5933151245, 34.5031852722, -80.1784362793, 26.700006485, -83.4028015137, 18.9801940918, -66.4159622192], [-346.533538818, 575.221313477, -27.4691696167, -1.9906270504, 83.1517868042, -52.2860832214, 99.9382324219, -66.5043106079, 98.4615402222, -76.8085174561, 136.693359375, -90.0924835205, 65.6235198975], [67.7419204712, -27.4691696167, 273.215179443, 89.3970336914, -7.7052321434, 25.8962020874, -26.3863754272, 3.5918610096, 1.58162462711, 6.32586479187, -3.92762613297, -3.46977901459, -14.4862470627], [32.4476089478, -1.9906270504, 89.3970336914, 168.258712769, -4.28854513168, -9.70977306366, -9.12077236176, -8.82386493683, 24.9730358124, -25.887758255, 25.8449325562, -22.4635105133, 22.3132858276], [-37.1799812317, 83.1517868042, -7.7052321434, -4.28854513168, 154.4453125, 2.63446569443, 53.369972229, 16.1279296875, 16.7977790833, 11.7975387573, -27.0242099762, 12.4202280045, -3.87662363052], [65.9035339355, -52.2860832214, 25.8962020874, -9.70977306366, 2.63446569443, 155.904525757, 26.0664730072, -0.421009063721, 5.87597227097, -1.46211981773, 47.6378707886, -26.5967521667, 22.3539867401], [-88.5933151245, 99.9382324219, -26.3863754272, -9.12077236176, 53.369972229, 26.0664730072, 125.677368164, 15.1224241257, 26.6500797272, 11.0472421646, 16.6401977539, -6.95198011398, 11.5105867386], [34.5031852722, -66.5043106079, 3.5918610096, -8.82386493683, 16.1279296875, -0.421009063721, 15.1224241257, 92.2229003906, 39.3704223633, 19.3515720367, -31.8118934631, 33.4161720276, -5.22248363495], [-80.1784362793, 98.4615402222, 1.58162462711, 24.9730358124, 16.7977790833, 5.87597227097, 26.6500797272, 39.3704223633, 118.808036804, 4.00611591339, 43.9765625, -9.92418479919, 31.4497032166], [26.700006485, -76.8085174561, 6.32586479187, -25.887758255, 11.7975387573, -1.46211981773, 11.0472421646, 19.3515720367, 4.00611591339, 96.8749847412, -15.3571767807, 24.3129730225, -19.1436634064], [-83.4028015137, 136.693359375, -3.92762613297, 25.8449325562, -27.0242099762, 47.6378707886, 16.6401977539, -31.8118934631, 43.9765625, -15.3571767807, 180.302825928, -21.3358478546, 60.648349762], [18.9801940918, -90.0924835205, -3.46977901459, -22.4635105133, 12.4202280045, -26.5967521667, -6.95198011398, 33.4161720276, -9.92418479919, 24.3129730225, -21.3358478546, 108.362129211, 6.67370605469], [-66.4159622192, 65.6235198975, -14.4862470627, 22.3132858276, -3.87662363052, 22.3539867401, 11.5105867386, -5.22248363495, 31.4497032166, -19.1436634064, 60.648349762, 6.67370605469, 90.3804321289]],
        "icov": [[0.00195976928808, 0.000600833853241, 4.09802960348e-05, -0.000687547842972, -0.00017683020269, -0.000985543476418, 0.000990641885437, -0.000854435085785, 0.000871320837177, -8.54015233926e-05, 4.93094776175e-05, 0.000175339795533, 0.000873507931828], [0.000600833853241, 0.0105139315128, -0.00325824762695, 0.00656402343884, -0.00578703870997, 0.00924326758832, -0.00612175138667, 0.00657708616927, -0.00659497547895, 0.00721113942564, -0.00609679752961, 0.00718604866415, -0.00332709797658], [4.09802960348e-05, -0.00325824762695, 0.00609311135486, -0.00534015940502, 0.00186098529957, -0.00468102796003, 0.00307920668274, -0.00224413396791, 0.00210822513327, -0.00306807085872, 0.00215598940849, -0.00296686310321, 0.00279549881816], [-0.000687547842972, 0.00656402343884, -0.00534015940502, 0.0134530412033, -0.00399915734306, 0.00848285946995, -0.00442917086184, 0.00498647429049, -0.00589589308947, 0.00643091043457, -0.00450781593099, 0.00634527392685, -0.00489578722045], [-0.00017683020269, -0.00578703870997, 0.00186098529957, -0.00399915734306, 0.011453022249, -0.00560896005481, -0.000113160836918, -0.00271393498406, 0.00217780913226, -0.00409790733829, 0.00537399016321, -0.00537166045979, 0.00225834408775], [-0.000985543476418, 0.00924326758832, -0.00468102796003, 0.00848285946995, -0.00560896005481, 0.0177808590233, -0.0076842722483, 0.00451707839966, -0.00479759322479, 0.00646435609087, -0.00794737692922, 0.00950275175273, -0.00600890628994], [0.000990641885437, -0.00612175138667, 0.00307920668274, -0.00442917086184, -0.000113160836918, -0.0076842722483, 0.0151464836672, -0.00617940630764, 0.00402062246576, -0.00565187679604, 0.00279274489731, -0.00302303116769, 0.00212251604535], [-0.000854435085785, 0.00657708616927, -0.00224413396791, 0.00498647429049, -0.00271393498406, 0.00451707839966, -0.00617940630764, 0.0238434784114, -0.0137846283615, 0.00425593229011, 0.000809991499409, -0.00175962969661, -0.000778520479798], [0.000871320837177, -0.00659497547895, 0.00210822513327, -0.00589589308947, 0.00217780913226, -0.00479759322479, 0.00402062246576, -0.0137846283615, 0.0196802653372, -0.00609833979979, 1.96028177015e-05, -0.000477352936286, -0.000924048945308], [-8.54015233926e-05, 0.00721113942564, -0.00306807085872, 0.00643091043457, -0.00409790733829, 0.00646435609087, -0.00565187679604, 0.00425593229011, -0.00609833979979, 0.0174447167665, -0.00445901136845, 0.0022479170002, 0.00045626386418], [4.93094776175e-05, -0.00609679752961, 0.00215598940849, -0.00450781593099, 0.00537399016321, -0.00794737692922, 0.00279274489731, 0.000809991499409, 1.96028177015e-05, -0.00445901136845, 0.0132873058319, -0.00485700881109, -0.00170014740434], [0.000175339795533, 0.00718604866415, -0.00296686310321, 0.00634527392685, -0.00537166045979, 0.00950275175273, -0.00302303116769, -0.00175962969661, -0.000477352936286, 0.0022479170002, -0.00485700881109, 0.0186098515987, -0.00690097687766], [0.000873507931828, -0.00332709797658, 0.00279549881816, -0.00489578722045, 0.00225834408775, -0.00600890628994, 0.00212251604535, -0.000778520479798, -0.000924048945308, 0.00045626386418, -0.00170014740434, -0.00690097687766, 0.0191150940955]]
    },
    "melbands": {
        "max": [0.0436968356371, 0.0414758995175, 0.0225198771805, 0.021396862343, 0.00901300553232, 0.00944442953914, 0.00462288269773, 0.00720990262926, 0.00597703782842, 0.00366457737982, 0.00438703550026, 0.00767299998552, 0.00470999721438, 0.00575787993148, 0.00405793963, 0.0017987487372, 0.003512670286, 0.00173512951005, 0.0021766317077, 0.00107432436198, 0.000636619282886, 0.000333160802256, 0.000422859680839, 0.000434983550804, 0.000168473750819, 0.000144780802657, 0.000178267931915, 0.000156022200827, 0.0001134254926, 8.24006929179e-05, 4.17003939219e-05, 4.70155900985e-05, 4.09517087974e-05, 6.05480927334e-05, 8.46462571644e-05, 8.52474040585e-05, 7.62372364989e-05, 8.03664515843e-05, 7.80680638854e-05, 6.76460331306e-05],
        "mean": [0.00662130815908, 0.00381438550539, 0.00100340333302, 0.000916797434911, 0.000596286961809, 0.000555879087187, 0.000250427081482, 0.000254021491855, 0.000204548807233, 0.000274095422355, 0.000191621744307, 0.000127132327179, 0.000213594219531, 0.000136084621772, 7.94545921963e-05, 7.07101862645e-05, 6.87963038217e-05, 5.70538577449e-05, 7.89142795838e-05, 6.92352259648e-05, 4.16388975282e-05, 2.9637983971e-05, 2.36009382206e-05, 2.73394762189e-05, 1.80777642527e-05, 1.49893239723e-05, 1.21045604828e-05, 1.00643292171e-05, 8.07682772574e-06, 7.20990692571e-06, 5.3803710216e-06, 4.35629135609e-06, 3.52438883056e-06, 3.33012781084e-06, 4.29842611993e-06, 5.32887997906e-06, 3.32564422934e-06, 2.49173535849e-06, 2.09987933886e-06, 1.45747173974e-06],
        "min": [1.83076463145e-06, 2.01003458642e-05, 6.40664393359e-06, 1.32849399961e-05, 9.05475644686e-06, 1.210316168e-05, 4.27961867899e-06, 2.71466683444e-06, 3.22456207869e-06, 4.98174858876e-06, 4.17406636188e-06, 3.00442889056e-06, 1.98107704819e-06, 1.26350471419e-06, 2.05389028451e-06, 1.36770506742e-06, 2.28179260375e-06, 1.88535022971e-06, 2.59446369455e-06, 7.5075223549e-07, 3.35875029123e-07, 6.89028013312e-07, 6.33676847883e-07, 4.52105666682e-07, 3.79193551225e-07, 2.11726842281e-07, 3.45784286537e-07, 3.09133241672e-07, 2.19699415993e-07, 2.05617851634e-07, 9.93365674162e-08, 1.12145521314e-07, 4.5556376449e-08, 6.35095318557e-08, 9.60191144372e-08, 4.02689757095e-08, 1.18105969449e-08, 4.15543466303e-09, 3.9188372547e-09, 1.20910881307e-09],
        "stdev": [0.00750325899571, 0.0045456122607, 0.00177461234853, 0.0017764485674, 0.000898690137547, 0.000830686825793, 0.000365921441698, 0.000497728411574, 0.00035651633516, 0.000382325175451, 0.000341711711371, 0.000318345089909, 0.000436840957263, 0.000437399634393, 0.000276979728369, 0.000129825231852, 0.000162010197528, 0.000112629306386, 0.000154586101416, 9.62586855167e-05, 5.97331563768e-05, 3.46056185663e-05, 3.30298571498e-05, 2.9055379855e-05, 1.87741516129e-05, 1.52360271386e-05, 1.49710303958e-05, 1.31487504405e-05, 9.35706702876e-06, 7.46203568269e-06, 5.26801977685e-06, 4.70829081678e-06, 4.13168663727e-06, 5.18036677022e-06, 7.06563287167e-06, 9.16309909371e-06, 5.8309369706e-06, 5.43316673429e-06, 4.45811474492e-06, 3.46975411958e-06]
    },
    "melbands128": {
        "max": [0.0103326635435, 0.0487222895026, 0.073530241847, 0.069988027215, 0.052201833576, 0.0167493857443, 0.0171572100371, 0.0294423922896, 0.0327839255333, 0.0421577319503, 0.019617466256, 0.0141781568527, 0.0110469199717, 0.0116885034367, 0.0140312351286, 0.0192476715893, 0.00959397107363, 0.00436138594523, 0.00799329765141, 0.0144677544013, 0.00538638234138, 0.00507112871855, 0.0107492757961, 0.0077453320846, 0.00840506888926, 0.00551566202193, 0.0128230312839, 0.00728425942361, 0.00514883780852, 0.0136356763542, 0.00799346715212, 0.00382076110691, 0.0097421547398, 0.00604256195948, 0.0100943092257, 0.00645635509863, 0.0161435864866, 0.0027289793361, 0.00382748479024, 0.00234932824969, 0.00174465216696, 0.00729193352163, 0.00603070389479, 0.00232242466882, 0.00196938286535, 0.00288226432167, 0.00444714725018, 0.00368212303147, 0.00440136529505, 0.00273090950213, 0.00203701481223, 0.00125981133897, 0.00131680921186, 0.000749142025597, 0.000649280613288, 0.000712745764758, 0.000682819518261, 0.00102002092171, 0.000355861498974, 0.000232623831835, 0.000828034069855, 0.000439354946138, 0.000242751659243, 0.000238180175074, 0.000251226156252, 0.000296487094602, 0.000271282246104, 0.000381569057936, 0.000198387235287, 0.000178796908585, 0.000183243857464, 0.000176699089934, 0.000112215617264, 0.000237786342041, 0.000100928395113, 8.47047922434e-05, 0.000119540585729, 6.8220848334e-05, 6.25403408776e-05, 7.99188637757e-05, 5.312436042e-05, 4.47115780844e-05, 3.85105813621e-05, 4.30697582487e-05, 4.78748988826e-05, 8.59509600559e-05, 7.18246010365e-05, 0.000102191414044, 8.90856827027e-05, 9.32176553761e-05, 0.00015282696404, 0.000118101073895, 0.000127642240841, 0.000101141326013, 8.50933211041e-05, 5.57556522836e-05, 0.000112599489512, 0.000185360244359, 5.08355260536e-05, 5.43001224287e-05, 0.000113687980047, 5.40915389138e-05, 5.74396617594e-05, 4.81169481645e-05, 1.96630971914e-05, 8.87914484338e-06, 8.18682747195e-06, 1.16277979032e-05, 6.11569203102e-06, 2.43894464802e-05, 2.1852685677e-05, 5.95422307015e-06, 9.60681973083e-07, 8.78092066614e-07, 1.78696708986e-07, 3.90817575635e-07, 1.67396351003e-07, 1.64922262513e-08, 1.58065365241e-08, 1.52499790573e-08, 1.45720733258e-08, 1.41249980601e-08, 1.38611966349e-08, 1.35317144156e-08, 1.32585249446e-08, 1.30851640634e-08, 1.29234871693e-08, 1.28321282489e-08],
        "mean": [0.00111009902321, 0.00653264904395, 0.00891369953752, 0.00695607811213, 0.00365595892072, 0.00141997681931, 0.000869028677698, 0.000993599300273, 0.00100915925577, 0.0010755736148, 0.000716363079846, 0.000617861340288, 0.000580265070312, 0.000538854568731, 0.000599846767727, 0.000627699948382, 0.000257769657765, 0.000147518047015, 0.000244282273343, 0.000367471395293, 0.000173982334672, 0.000178519752808, 0.000191761937458, 0.000235511994106, 0.000309509661747, 0.000230174438911, 0.00036138665746, 0.000151012340211, 9.73034329945e-05, 0.000130147178425, 8.79834406078e-05, 0.000209649515455, 0.000332787894877, 0.000104760896647, 0.000107135856524, 0.000151983927935, 0.000190653663594, 4.46278172603e-05, 4.78846668557e-05, 4.61156705569e-05, 5.55848164367e-05, 0.000145319820149, 7.13326298865e-05, 3.12676711474e-05, 4.07061852457e-05, 6.5804728365e-05, 7.42638585507e-05, 5.82482280151e-05, 7.87656317698e-05, 0.000135555732413, 4.80286653328e-05, 3.28031201207e-05, 5.08603698108e-05, 4.02699515689e-05, 3.3969656215e-05, 2.90375683107e-05, 2.32999791479e-05, 3.08798989863e-05, 2.00357389986e-05, 1.7579039195e-05, 3.49297297362e-05, 2.83052831946e-05, 1.66758836713e-05, 1.59581795742e-05, 1.87036621355e-05, 1.53789333126e-05, 1.21182547446e-05, 1.29782392833e-05, 1.19723717944e-05, 1.14598751679e-05, 1.06972065623e-05, 9.37743789109e-06, 6.97182258591e-06, 8.71919201018e-06, 7.84389794717e-06, 7.74587988417e-06, 6.88009095029e-06, 5.74403748033e-06, 4.92292474519e-06, 5.48851357962e-06, 4.33819650425e-06, 3.8658727135e-06, 4.21749427915e-06, 3.360355322e-06, 3.09216193273e-06, 3.35791264661e-06, 3.35569416166e-06, 3.44122508977e-06, 4.07035850003e-06, 4.92375602335e-06, 6.1216251197e-06, 5.43711439605e-06, 4.21958930019e-06, 3.35748563884e-06, 2.68213079835e-06, 2.50776520261e-06, 2.57855981545e-06, 2.26533779824e-06, 2.14258284359e-06, 2.05088213079e-06, 1.68803535416e-06, 1.34851711664e-06, 1.18965556339e-06, 9.76095861915e-07, 6.31188072475e-07, 5.60718660836e-07, 4.43267595074e-07, 4.12461162114e-07, 3.68304256426e-07, 5.12690348842e-07, 5.25187772382e-07, 2.04309571927e-07, 1.69184488641e-08, 7.76573472194e-09, 1.14121379013e-09, 1.10553255439e-09, 3.1137933898e-10, 3.23667724567e-11, 3.11686787491e-11, 3.02348181214e-11, 2.92138292723e-11, 2.85233590219e-11, 2.79249661589e-11, 2.73424356073e-11, 2.66732486792e-11, 2.58939172187e-11, 2.53742946793e-11, 2.51827170228e-11],
        "min": [6.64042261178e-08, 1.22040864881e-06, 6.55264273064e-07, 1.35696609505e-06, 3.36651714861e-06, 1.17075990147e-06, 3.69493022845e-06, 3.17082185575e-06, 1.11637950795e-06, 1.7877848677e-06, 8.41025155296e-07, 5.00058661146e-07, 1.65635083249e-06, 4.84386191602e-06, 3.01539012071e-06, 6.82065092406e-07, 7.00506745943e-07, 2.85121586785e-07, 1.01624220861e-06, 3.82972871193e-07, 4.13113127706e-07, 5.07828644913e-07, 1.24334815155e-06, 8.84106839294e-07, 1.27738178435e-06, 1.1567879028e-06, 1.74405113285e-06, 2.36223058891e-06, 3.23982732198e-07, 6.71304462685e-07, 5.527972462e-07, 6.26385030955e-07, 4.11608539252e-07, 9.84394432635e-07, 5.31158150352e-07, 4.87157819862e-07, 4.00176134008e-07, 1.23251567175e-07, 3.06091550328e-07, 4.43332226041e-07, 6.47603314974e-07, 6.99719123531e-07, 6.19840989202e-07, 3.42375500395e-07, 2.92558439696e-07, 5.12148346843e-07, 5.2919369864e-07, 3.62545335975e-07, 4.95457186389e-07, 3.81038773867e-07, 4.34554181084e-07, 5.84424526551e-07, 2.97359434853e-07, 4.15810674781e-08, 2.46904590995e-07, 2.01862974336e-07, 2.32816461221e-07, 4.248852008e-07, 2.35466018239e-07, 1.66082188002e-07, 1.91035283592e-07, 2.20478796109e-07, 1.31678291382e-07, 2.58190567592e-07, 2.38498103045e-07, 8.40298213234e-08, 6.87962611323e-08, 1.32235143724e-07, 2.11250210214e-07, 1.41990113889e-07, 2.36450787838e-07, 6.64138823936e-08, 9.15631019893e-08, 1.31488164357e-07, 9.99082558906e-08, 2.02669014016e-07, 2.71893156878e-08, 4.10138589757e-08, 9.10958917189e-08, 4.58978277607e-08, 2.88122059544e-08, 1.68657923183e-08, 4.78864343734e-08, 2.0970967185e-08, 1.28349766371e-08, 5.47708900456e-09, 3.56130840373e-08, 1.87434672227e-08, 6.54052234594e-09, 3.78179834115e-08, 8.05202837739e-09, 2.34208119565e-09, 1.93026163942e-08, 3.63909280487e-09, 4.82304252092e-10, 3.90429077957e-10, 1.13667242285e-09, 1.90560640184e-11, 5.87303095045e-10, 7.74132979942e-10, 3.56130472334e-11, 1.78536820744e-11, 2.69021305233e-10, 1.77817777863e-11, 2.02371171036e-12, 2.05783176957e-12, 1.06598063709e-11, 3.00632977714e-12, 2.55172901038e-12, 1.10527082278e-12, 1.281619884e-12, 9.89649334704e-13, 1.01686996497e-12, 6.61447838776e-13, 3.96524718442e-13, 5.25369136216e-13, 6.48899662302e-13, 5.40472126689e-13, 6.52959674177e-13, 5.05212028896e-13, 5.17629613218e-13, 4.3535804844e-13, 4.79413438201e-13, 5.47013606286e-13, 4.03585774826e-13, 1.61475243983e-13, 1.62231796871e-14, 4.43850081861e-16],
        "stdev": [0.0014408697607, 0.00841032713652, 0.0111457901075, 0.00895441137254, 0.00520152738318, 0.00189339416102, 0.00158323603682, 0.00234072795138, 0.00252686138265, 0.00267609278671, 0.00143660872709, 0.00132875959389, 0.00114665215369, 0.0010223207064, 0.00113637174945, 0.00125426473096, 0.0006295350031, 0.000282948982203, 0.00052830443019, 0.000876013946254, 0.000441581563791, 0.000378608470783, 0.000571527169086, 0.000437543378212, 0.000624920416158, 0.000427572667832, 0.000798415974714, 0.000435622030636, 0.000263774039922, 0.000576191407163, 0.000303681852529, 0.000422005745349, 0.000785320065916, 0.000401622615755, 0.000510997138917, 0.000549775664695, 0.00103176117409, 0.00017130136257, 0.000123131801956, 0.000121877048514, 0.000127091567265, 0.000403431506129, 0.000253204052569, 8.76092162798e-05, 0.000114840884635, 0.000165811637999, 0.000218054803554, 0.00025228242157, 0.000210095371585, 0.00024339047377, 0.000115750262921, 7.18948795111e-05, 0.00010649554315, 6.67762724333e-05, 5.44018876099e-05, 4.48012651759e-05, 4.49170256616e-05, 6.21130529908e-05, 3.13087512041e-05, 2.17856868403e-05, 4.68552570965e-05, 3.88629596273e-05, 2.47113093792e-05, 2.22303533519e-05, 2.8039312383e-05, 2.19298399315e-05, 1.73537300725e-05, 2.4255594326e-05, 1.9060980776e-05, 1.74069937202e-05, 1.57345257321e-05, 1.5542800611e-05, 9.63369438978e-06, 1.50421374201e-05, 9.98625182547e-06, 9.23934840102e-06, 8.9726445367e-06, 6.88929321768e-06, 5.57269004275e-06, 7.46713612898e-06, 5.28998452864e-06, 4.90277943754e-06, 5.28346663486e-06, 4.25756616096e-06, 4.42619648311e-06, 6.0386964833e-06, 5.80303958486e-06, 5.8547543631e-06, 7.5063821896e-06, 9.05677643459e-06, 1.21366592793e-05, 1.01450077636e-05, 8.11278459878e-06, 6.51269874652e-06, 5.27122665517e-06, 5.05404705109e-06, 6.48507148071e-06, 7.29356452212e-06, 4.04124330089e-06, 4.13118095821e-06, 5.42561610928e-06, 3.17912849823e-06, 2.61119657807e-06, 2.44441525865e-06, 1.38056805099e-06, 8.37413551835e-07, 7.04302692611e-07, 7.64305411849e-07, 6.46526871151e-07, 1.31018384764e-06, 1.4142776763e-06, 4.62178377347e-07, 5.79610492935e-08, 4.88923070918e-08, 8.45698711061e-09, 1.19777867624e-08, 4.82447592987e-09, 5.93012694505e-10, 5.7127580444e-10, 5.53148249427e-10, 5.32621224902e-10, 5.18468545874e-10, 5.07244801717e-10, 4.96489571677e-10, 4.88194373816e-10, 4.82099915544e-10, 4.76551187401e-10, 4.73453609651e-10]
    },
    "mfcc": {
        "mean": [-585.653503418, 111.457977295, 4.47618293762, 22.5738601685, 9.92494106293, 8.86565876007, 3.17733645439, 9.77505588531, 5.29301643372, 8.42168521881, -1.52700662613, 2.7451171875, 0.327075630426],
        "cov": [[778.08404541, -333.044921875, 51.44713974, -44.3130226135, 37.355796814, -11.6525831223, -0.629244685173, -11.4880666733, -19.4616107941, -3.32790732384, -13.9536676407, -18.7725849152, -19.3954277039], [-333.044921875, 505.021270752, -103.873558044, 36.0236244202, -8.81384468079, 13.7334852219, 22.5795116425, 14.840423584, -3.52052974701, 30.1026668549, 12.7524614334, 22.3839035034, 1.62215805054], [51.44713974, -103.873558044, 315.867584229, 10.2849626541, 52.7089309692, 8.79287242889, 7.53297328949, -12.2262182236, -31.7525577545, -7.80371332169, 10.1869411469, 30.6752243042, -11.6672525406], [-44.3130226135, 36.0236244202, 10.2849626541, 194.789016724, 7.85625696182, -13.6461029053, -30.82670784, 8.0985212326, 21.2109527588, -18.6028614044, 11.2170248032, -14.1570940018, 1.79491186142], [37.355796814, -8.81384468079, 52.7089309692, 7.85625696182, 112.33757019, 7.63972091675, -0.066885329783, 14.368637085, 2.41031384468, 2.42808508873, -2.26464986801, 11.3547487259, -3.20304489136], [-11.6525831223, 13.7334852219, 8.79287242889, -13.6461029053, 7.63972091675, 97.6427764893, 50.0597305298, -8.06665039062, 0.161139965057, 22.2532615662, -5.20703220367, 7.83377504349, 0.202834531665], [-0.629244685173, 22.5795116425, 7.53297328949, -30.82670784, -0.066885329783, 50.0597305298, 106.378974915, -1.63559699059, -16.3788146973, 17.119966507, -9.38897705078, 19.2981853485, -1.63296115398], [-11.4880666733, 14.840423584, -12.2262182236, 8.0985212326, 14.368637085, -8.06665039062, -1.63559699059, 89.4541091919, 34.094039917, -2.31370687485, 3.23043417931, 2.13644552231, 2.83702230453], [-19.4616107941, -3.52052974701, -31.7525577545, 21.2109527588, 2.41031384468, 0.161139965057, -16.3788146973, 34.094039917, 107.409286499, 18.5707263947, 12.2905063629, -21.6805896759, 13.6607570648], [-3.32790732384, 30.1026668549, -7.80371332169, -18.6028614044, 2.42808508873, 22.2532615662, 17.119966507, -2.31370687485, 18.5707263947, 87.6949157715, 20.212141037, 8.68247795105, -0.178662329912], [-13.9536676407, 12.7524614334, 10.1869411469, 11.2170248032, -2.26464986801, -5.20703220367, -9.38897705078, 3.23043417931, 12.2905063629, 20.212141037, 71.956451416, 15.4605665207, 1.85983943939], [-18.7725849152, 22.3839035034, 30.6752243042, -14.1570940018, 11.3547487259, 7.83377504349, 19.2981853485, 2.13644552231, -21.6805896759, 8.68247795105, 15.4605665207, 69.3268203735, 17.9581489563], [-19.3954277039, 1.62215805054, -11.6672525406, 1.79491186142, -3.20304489136, 0.202834531665, -1.63296115398, 2.83702230453, 13.6607570648, -0.178662329912, 1.85983943939, 17.9581489563, 66.1810913086]],
        "icov": [[0.00189805333503, 0.00130885001272, 0.000253939040704, 9.47997104959e-05, -0.000690710206982, 0.000322391599184, -0.000296342332149, -4.32004344475e-05, 0.000523189955857, -0.000485368218506, 2.6184876333e-05, 0.00028995636967, 0.000337773468345], [0.00130885001272, 0.00325277657248, 0.0011161378352, -0.000657238357235, -0.000512143305968, 0.000102910162241, -0.000560998218134, -0.000417887116782, 0.000833630212583, -0.00108904775698, -0.000120101271023, -0.000799297064077, 0.000542662281077], [0.000253939040704, 0.0011161378352, 0.00415070913732, -0.00053766410565, -0.00177346658893, -0.000242037203861, -0.000182374758879, 0.000438696559286, 0.000842995592393, 0.000178509726538, -0.000609766400885, -0.00176676898263, 0.00100801058579], [9.47997104959e-05, -0.000657238357235, -0.00053766410565, 0.00592224486172, -0.000408173538744, -0.00012781227997, 0.00121658307035, 3.40039478033e-05, -0.00101044704206, 0.00159158406314, -0.00110929820221, 0.0012347814627, -0.000293329998385], [-0.000690710206982, -0.000512143305968, -0.00177346658893, -0.000408173538744, 0.0105001879856, -0.00110811402556, 0.00101515895221, -0.00176863011438, -0.000640049169306, -0.000336510449415, 0.0013000924373, -0.00177128589712, 0.000696309027262], [0.000322391599184, 0.000102910162241, -0.000242037203861, -0.00012781227997, -0.00110811402556, 0.0144419418648, -0.0065556759946, 0.00171080871951, -0.00117095129099, -0.00238485820591, 0.00100719882175, 0.000197540241061, -0.000126873550471], [-0.000296342332149, -0.000560998218134, -0.000182374758879, 0.00121658307035, 0.00101515895221, -0.0065556759946, 0.0140875065699, -0.00117968418635, 0.00142796325963, -0.00120096211322, 0.00203120545484, -0.00293626636267, 0.000770822807681], [-4.32004344475e-05, -0.000417887116782, 0.000438696559286, 3.40039478033e-05, -0.00176863011438, 0.00171080871951, -0.00117968418635, 0.0138077884912, -0.00533607974648, 0.00171217182651, 0.000182503426913, -0.00226796651259, 0.0010784920305], [0.000523189955857, 0.000833630212583, 0.000842995592393, -0.00101044704206, -0.000640049169306, -0.00117095129099, 0.00142796325963, -0.00533607974648, 0.014352792874, -0.00360670266673, -0.00226139440201, 0.00575879216194, -0.00392595073208], [-0.000485368218506, -0.00108904775698, 0.000178509726538, 0.00159158406314, -0.000336510449415, -0.00238485820591, -0.00120096211322, 0.00171217182651, -0.00360670266673, 0.0147947436199, -0.00387659063563, -0.00130510202143, 0.00100824167021], [2.6184876333e-05, -0.000120101271023, -0.000609766400885, -0.00110929820221, 0.0013000924373, 0.00100719882175, 0.00203120545484, 0.000182503426913, -0.00226139440201, -0.00387659063563, 0.0171125754714, -0.00521603599191, 0.00142611772753], [0.00028995636967, -0.000799297064077, -0.00176676898263, 0.0012347814627, -0.00177128589712, 0.000197540241061, -0.00293626636267, -0.00226796651259, 0.00575879216194, -0.00130510202143, -0.00521603599191, 0.0219709780067, -0.00730938510969], [0.000337773468345, 0.000542662281077, 0.00100801058579, -0.000293329998385, 0.000696309027262, -0.000126873550471, 0.000770822807681, 0.0010784920305, -0.00392595073208, 0.00100824167021, 0.00142611772753, -0.00730938510969, 0.018144691363]]
    },
    "spectral_contrast_coeffs": {
        "max": [-0.471809983253, -0.524329841137, -0.521657049656, -0.602537810802, -0.667255401611, -0.634211540222],
        "mean": [-0.743246376514, -0.754018425941, -0.749545156956, -0.779720842838, -0.788754761219, -0.733916580677],
        "min": [-0.883964538574, -0.90311652422, -0.88080072403, -0.875129103661, -0.863745212555, -0.907704949379],
        "stdev": [0.0607272572815, 0.0618529058993, 0.0577435530722, 0.0441585108638, 0.0330893397331, 0.0343180634081]
    },
    "spectral_contrast_valleys": {
        "max": [-4.63973999023, -4.97653198242, -5.77543783188, -5.96226119995, -5.90162229538, -7.35097169876],
        "mean": [-6.07343673706, -6.33640432358, -6.8768529892, -7.03875303268, -6.99006652832, -9.82870388031],
        "min": [-7.91704463959, -7.7186255455, -8.28074169159, -8.14816093445, -8.37594509125, -12.6093921661],
        "stdev": [0.449615985155, 0.423985689878, 0.371174246073, 0.358829408884, 0.417888998985, 0.745654702187]
    }
},
"rhythm": {
    "beats_count": 76,
    "beats_loudness": {
        "max": 0.175840675831,
        "mean": 0.0567781217396,
        "min": 0.00803215801716,
        "stdev": 0.0322947539389
    },
    "bpm": 156.166412354,
    "bpm_histogram_first_peak_bpm": 157,
    "bpm_histogram_first_peak_weight": 0.432835817337,
    "bpm_histogram_second_peak_bpm": 152,
    "bpm_histogram_second_peak_spread": 0,
    "bpm_histogram_second_peak_weight": 0.0533333346248,
    "danceability": 1.26321983337,
    "onset_rate": 3.6879594326,
    "beats_loudness_band_ratio": {
        "max": [0.912316799164, 0.572097599506, 0.649536848068, 0.472110748291, 0.298930436373, 0.19277882576],
        "mean": [0.550341308117, 0.153597801924, 0.10268830508, 0.0853750631213, 0.0863152816892, 0.0571285784245],
        "min": [0.082832172513, 0.00517644546926, 0.0101109826937, 0.00616856571287, 0.00558244390413, 0.00460948888212],
        "stdev": [0.207404047251, 0.142443224788, 0.101162336767, 0.0873959586024, 0.0668296143413, 0.0460892990232]
    },
    "beats_position": [0.336689323187, 0.696598649025, 1.04489791393, 1.4164172411, 1.77632653713, 2.14784574509, 2.50775504112, 2.87927436829, 3.25079369545, 3.63392281532, 4.01705217361, 4.38857126236, 4.76009082794, 5.14321994781, 5.52634906769, 5.90947818756, 6.29260778427, 6.66412687302, 7.03564596176, 7.41877555847, 7.80190467834, 8.19664382935, 8.59138298035, 8.96290206909, 9.34603118896, 9.71755123138, 10.0890703201, 10.47219944, 10.8553285599, 11.2384576797, 11.6099767685, 11.9931058884, 12.3762359619, 12.7477550507, 13.1308841705, 13.5140132904, 13.8971424103, 14.268661499, 14.6517915726, 15.0349206924, 15.4180498123, 15.7895689011, 16.1726989746, 16.5442180634, 16.9273471832, 17.3104763031, 17.693605423, 18.0651245117, 18.4482536316, 18.8313827515, 19.2029018402, 19.574420929, 19.9575500488, 20.3406791687, 20.7121982574, 21.0837192535, 21.4668483734, 21.8383674622, 22.221496582, 22.5930156708, 22.9761447906, 23.3476638794, 23.7307929993, 24.1255321503, 24.497051239, 24.8685703278, 25.2633094788, 25.6464385986, 26.0179595947, 26.3894786835, 26.7726078033, 27.1557369232, 27.5388660431, 27.921995163, 28.3051242828, 28.6766433716],
