{
"metadata": {
    "version": {
        "essentia": "2.1-beta5",
        "essentia_git_sha": "Undefined",
        "extractor": "music 2.0"
    },
    "audio_properties": {
        "analysis": {
            "equal_loudness": 0,
            "length": 20.45677948,
            "sample_rate": 44100,
            "start_time": 175.240997314,
            "downmix": "mix"
        },
        "bit_rate": 192000,
        "length": 195.720993042,
        "lossless": 0,
        "number_channels": 2,
        "replay_gain": -1.69390869141,
        "sample_rate": 48000,
        "codec": "mp3",
        "md5_encoded": "4f0c417c8686ded772dd2f684b61a730"
    },
    "tags": {
        "file_name": "Spain_Amanecer_Edurne.mp3",
        "encoding": ["Lavf58.29.100"]
    }
},
"lowlevel": {
    "average_loudness": 0.967882096767,
    "barkbands_crest": {
        "max": 26.8813457489,
        "mean": 9.89757633209,
        "min": 3.08559370041,
        "stdev": 3.76624035835
    },
    "barkbands_flatness_db": {
        "max": 0.477421820164,
        "mean": 0.163475006819,
        "min": 0.0590336211026,
        "stdev": 0.0448190271854
    },
    "barkbands_kurtosis": {
        "max": 1297.26977539,
        "mean": 2.57088971138,
        "min": -1.40188729763,
        "stdev": 43.8371582031
    },
    "barkbands_skewness": {
        "max": 35.3836250305,
        "mean": 0.773504376411,
        "min": -1.65991544724,
        "stdev": 1.43947768211
    },
    "barkbands_spread": {
        "max": 70.3702163696,
        "mean": 17.7257957458,
        "min": 0.421671062708,
        "stdev": 9.03260326385
    },
    "dissonance": {
        "max": 0.499999761581,
        "mean": 0.474203139544,
        "min": 0.314348071814,
        "stdev": 0.0293361824006
    },
    "dynamic_complexity": 1.86564040184,
    "erbbands_crest": {
        "max": 29.3113937378,
        "mean": 10.93338871,
        "min": 2.01373791695,
        "stdev": 5.36558866501
    },
    "erbbands_flatness_db": {
        "max": 0.373970836401,
        "mean": 0.22598695755,
        "min": 0.0418008193374,
        "stdev": 0.0582580529153
    },
    "erbbands_kurtosis": {
        "max": 12.7108268738,
        "mean": 0.961122393608,
        "min": -1.39003062248,
        "stdev": 1.70993936062
    },
    "erbbands_skewness": {
        "max": 2.24760627747,
        "mean": 0.574911296368,
        "min": -1.22612762451,
        "stdev": 0.544584929943
    },
    "erbbands_spread": {
        "max": 88.7189941406,
        "mean": 21.1145648956,
        "min": 3.86531376839,
        "stdev": 10.1145534515
    },
    "hfc": {
        "max": 100.640769958,
        "mean": 32.2087020874,
        "min": 7.32304715712e-06,
        "stdev": 15.7387132645
    },
    "loudness_ebu128": {
        "integrated": -20.4316368103,
        "loudness_range": 2.17611885071,
        "momentary": {
            "max": -17.6076965332,
            "mean": -20.6737194061,
            "min": -27.1935176849,
            "stdev": 1.52127695084
        },
        "short_term": {
            "max": -18.9313259125,
            "mean": -20.3805828094,
            "min": -22.1845569611,
            "stdev": 0.652378439903
        }
    },
    "melbands_crest": {
        "max": 39.8876876831,
        "mean": 13.3279104233,
        "min": 4.52412366867,
        "stdev": 5.11621522903
    },
    "melbands_flatness_db": {
        "max": 0.461129456758,
        "mean": 0.172653436661,
        "min": 0.0757659003139,
        "stdev": 0.0450508221984
    },
    "melbands_kurtosis": {
        "max": 1693.72973633,
        "mean": 5.57504081726,
        "min": -1.3764449358,
        "stdev": 57.2022247314
    },
    "melbands_skewness": {
        "max": 38.5614891052,
        "mean": 1.3740452528,
        "min": -1.23186683655,
        "stdev": 1.64993679523
    },
    "melbands_spread": {
        "max": 66.607749939,
        "mean": 24.476934433,
        "min": 0.446558743715,
        "stdev": 9.6545381546
    },
    "pitch_salience": {
        "max": 0.873526334763,
        "mean": 0.597920238972,
        "min": 0.0104492465034,
        "stdev": 0.141815721989
    },
    "silence_rate_20dB": {
        "max": 1,
        "mean": 1,
        "min": 1,
        "stdev": 0
    },
    "silence_rate_30dB": {
        "max": 1,
        "mean": 0.997732400894,
        "min": 0,
        "stdev": 0.0475648753345
    },
    "silence_rate_60dB": {
        "max": 1,
        "mean": 0.00226757372729,
        "min": 0,
        "stdev": 0.0475650243461
    },
    "spectral_centroid": {
        "max": 4117.78076172,
        "mean": 1647.20629883,
        "min": 690.717651367,
        "stdev": 360.01675415
    },
    "spectral_complexity": {
        "max": 46,
        "mean": 25.8809528351,
        "min": 0,
        "stdev": 7.25378417969
    },
    "spectral_decrease": {
        "max": -3.30155553504e-14,
        "mean": -7.26829085806e-09,
        "min": -3.15764161485e-08,
        "stdev": 4.42917347243e-09
    },
    "spectral_energy": {
        "max": 0.12155598402,
        "mean": 0.0303536839783,
        "min": 1.2527243598e-07,
        "stdev": 0.0175878442824
    },
    "spectral_energyband_high": {
        "max": 0.00643666321412,
        "mean": 0.000662052247208,
        "min": 3.36216193775e-10,
        "stdev": 0.000553318823222
    },
    "spectral_energyband_low": {
        "max": 0.110680885613,
        "mean": 0.00604595663026,
        "min": 1.90838722602e-08,
        "stdev": 0.012320196256
    },
    "spectral_energyband_middle_high": {
        "max": 0.0606151148677,
        "mean": 0.015981387347,
        "min": 1.64980917816e-10,
        "stdev": 0.0110487705097
    },
    "spectral_energyband_middle_low": {
        "max": 0.0472883060575,
        "mean": 0.00872442219406,
        "min": 9.58186308075e-11,
        "stdev": 0.00747596146539
    },
    "spectral_entropy": {
        "max": 9.23145008087,
        "mean": 7.66754865646,
        "min": 6.41041946411,
        "stdev": 0.371355623007
    },
    "spectral_flux": {
        "max": 0.268328756094,
        "mean": 0.101419635117,
        "min": 0.000528860895429,
        "stdev": 0.0392136052251
    },
    "spectral_kurtosis": {
        "max": 22.0042819977,
        "mean": 5.72904777527,
        "min": 0.665929794312,
        "stdev": 3.26667499542
    },
    "spectral_rms": {
        "max": 0.0108899585903,
        "mean": 0.00522979069501,
        "min": 1.1055180039e-05,
        "stdev": 0.00150420644786
    },
    "spectral_rolloff": {
        "max": 6955.22460938,
        "mean": 1831.22631836,
        "min": 21.533203125,
        "stdev": 666.553833008
    },
    "spectral_skewness": {
        "max": 3.43734073639,
        "mean": 1.79038226604,
        "min": 1.04254579544,
        "stdev": 0.394559860229
    },
    "spectral_spread": {
        "max": 26876376,
        "mean": 3843957.5,
        "min": 1996751.875,
        "stdev": 1147339.375
    },
    "spectral_strongpeak": {
        "max": 13.7763538361,
        "mean": 2.12442946434,
        "min": 0,
        "stdev": 2.01865983009
    },
    "zerocrossingrate": {
        "max": 0.1513671875,
        "mean": 0.0702128484845,
        "min": 0.00048828125,
        "stdev": 0.0202289428562
    },
    "barkbands": {
        "max": [0.01805896312, 0.0673461556435, 0.0597760975361, 0.0180041976273, 0.0194956231862, 0.013781087473, 0.0260048285127, 0.0319721587002, 0.0367817617953, 0.051644410938, 0.0364820845425, 0.0197758469731, 0.0246779043227, 0.0329673662782, 0.0206586029381, 0.0300159323961, 0.00736191729084, 0.00400455808267, 0.00247079133987, 0.00187363661826, 0.00142870773561, 0.000886487192474, 0.00153165287338, 0.00131599523593, 0.00277742929757, 0.000226328513236, 1.38902396429e-06],
        "mean": [0.000755073910113, 0.00357207423076, 0.00154005188961, 0.000590499432292, 0.000568337505683, 0.000493342347909, 0.000514692277648, 0.000878988939803, 0.00370576884598, 0.00521371327341, 0.00339668593369, 0.00096524041146, 0.00130042026285, 0.0016232697526, 0.00165154621936, 0.00124095520005, 0.000678210053593, 0.000564283633139, 0.000281560234725, 0.000266545801423, 0.000153371001943, 0.000118609452329, 9.25766580622e-05, 8.50995784276e-05, 8.58060375322e-05, 1.69331888173e-05, 3.32547744897e-09],
        "min": [7.28929472338e-10, 1.23238419469e-09, 6.22153023544e-11, 2.19836267246e-11, 3.92785699799e-11, 1.436296828e-11, 2.00831018482e-12, 7.40992770615e-12, 8.30021641696e-12, 5.76441195124e-12, 1.68841485931e-11, 2.95285913776e-11, 3.8701222782e-11, 1.53291719596e-11, 1.2127963564e-11, 1.59906272251e-11, 9.43145908594e-12, 8.41741693708e-12, 1.02312732939e-11, 1.63237444395e-11, 2.82925072259e-11, 2.69407916115e-11, 2.15015713567e-11, 4.80948544879e-11, 4.53234116904e-11, 5.12395958996e-11, 6.7566056916e-11],
        "stdev": [0.00207557831891, 0.00776694528759, 0.00497671542689, 0.00131508999038, 0.00123455561697, 0.00100520753767, 0.00153410958592, 0.00246144761331, 0.00449758488685, 0.0077640581876, 0.00589279225096, 0.00159971881658, 0.00213897204958, 0.00279937102459, 0.00213979161344, 0.00198331614956, 0.000730943167582, 0.000536131148692, 0.000246206793236, 0.000255585066043, 0.000127719569718, 0.000111897883471, 0.000105949075078, 0.000104301740066, 0.000158756971359, 2.11943788599e-05, 4.68051553071e-08]
    },
    "erbbands": {
        "max": [3.85513019562, 15.6905117035, 76.4922866821, 66.469367981, 69.8642349243, 51.3068008423, 18.6589317322, 140.358886719, 345.512237549, 620.468566895, 470.574523926, 532.35357666, 1750.91027832, 1621.66772461, 1640.21020508, 800.26940918, 1053.80456543, 1815.84033203, 1100.20690918, 1177.05041504, 895.846679688, 390.787811279, 233.35458374, 183.363922119, 82.9933700562, 107.328453064, 92.5279312134, 30.6516609192, 39.1491203308, 32.588634491, 49.8346748352, 27.7360153198, 21.6280174255, 40.2346992493, 14.660779953, 1.98242509365, 0.322686076164, 0.0128066018224, 0.000470213941298, 0.000136234404636],
        "mean": [0.169998064637, 0.543906569481, 1.67938232422, 1.77137720585, 2.32718133926, 1.69767212868, 1.85313165188, 5.17611503601, 6.49016284943, 13.234120369, 21.0424594879, 72.8067932129, 173.380126953, 166.834396362, 84.51927948, 39.5609436035, 56.3263893127, 90.9163894653, 70.7391281128, 86.2216567993, 61.9190635681, 39.4684715271, 30.8325366974, 21.5168399811, 13.9451637268, 11.9333190918, 7.58332014084, 5.22846746445, 4.35801696777, 3.32363009453, 2.57416987419, 1.9205121994, 1.35522389412, 1.08283400536, 0.538151681423, 0.140591561794, 0.0176008399576, 0.000420792232035, 3.84942977689e-05, 3.99840064347e-05],
        "min": [2.70190014362e-07, 1.67744303781e-07, 8.58555040395e-08, 5.82836214846e-08, 9.33758599331e-08, 1.24077217833e-07, 1.88800740375e-07, 1.10517156315e-07, 4.00868422901e-08, 1.10256891617e-07, 1.70103930941e-07, 2.01941048772e-07, 1.69810050465e-07, 3.35556393338e-07, 8.3962993358e-07, 1.33413232106e-06, 1.73667638137e-06, 1.06918582787e-06, 4.92974493227e-07, 8.32899331726e-07, 8.32220166558e-07, 6.34828211332e-07, 4.75905039821e-07, 4.15525249764e-07, 5.28635780483e-07, 7.19367506008e-07, 1.49994821186e-06, 8.79933566011e-07, 8.93066783192e-07, 6.75781905102e-07, 6.11545601714e-07, 8.03765715318e-07, 6.61347712594e-07, 4.93176855798e-07, 3.60818546596e-07, 1.9195850598e-07, 9.3541807189e-08, 4.06033784373e-08, 1.05421342766e-08, 1.08824460554e-09],
        "stdev": [0.434347867966, 1.24285614491, 5.44725608826, 4.48840808868, 5.06270551682, 3.90477871895, 2.91377949715, 11.3820705414, 20.1759796143, 41.3687896729, 37.8850212097, 81.0020523071, 230.54725647, 223.624145508, 140.390197754, 59.4564476013, 81.5237503052, 160.086120605, 79.8312301636, 110.394645691, 79.2468414307, 36.6505699158, 26.7608890533, 21.3829574585, 11.1119813919, 11.50187397, 6.69974088669, 4.41405439377, 4.19122695923, 3.31465506554, 3.1858932972, 2.29236221313, 1.72151243687, 2.06372785568, 1.0160626173, 0.172264844179, 0.0236196126789, 0.000644935294986, 3.07747759507e-05, 2.09875324799e-05]
    },
    "gfcc": {
        "mean": [-0.0985107421875, 46.8429679871, -184.631195068, 0.693701446056, -69.4486999512, 29.0801887512, -36.0979232788, 26.5489120483, -21.8537635803, 1.41326749325, -22.0994358063, -5.59545326233, -1.91613137722],
        "cov": [[2507.54711914, 899.872314453, 757.82989502, 722.58605957, 246.551834106, 103.921234131, 7.0113363266, 153.334655762, 10.0761518478, 18.3736095428, 33.7496643066, -23.6891803741, 44.914100647], [899.872314453, 3308.86938477, 2494.11938477, 1581.29016113, 1300.40087891, 293.097290039, 169.896530151, -30.3966426849, 25.8779621124, -9.61111164093, 282.656738281, -0.58294481039, 426.611602783], [757.82989502, 2494.11938477, 2396.79077148, 1572.53125, 1033.29626465, 328.647460938, 138.043579102, 52.7611923218, 27.6409797668, 50.6562385559, 188.735153198, 31.5374126434, 236.152633667], [722.58605957, 1581.29016113, 1572.53125, 1185.2512207, 669.31451416, 219.387451172, 106.775444031, 80.4839019775, 47.3909225464, 32.754573822, 104.840293884, 19.3784332275, 131.377975464], [246.551834106, 1300.40087891, 1033.29626465, 669.31451416, 629.198364258, 210.90284729, 119.295188904, 19.9747772217, 24.8257369995, 8.77085590363, 107.565284729, 2.86231350899, 168.73324585], [103.921234131, 293.097290039, 328.647460938, 219.387451172, 210.90284729, 220.235641479, 117.468658447, 40.1215934753, 8.92248725891, 5.83463716507, 9.75389862061, -9.50533103943, 21.6460342407], [7.0113363266, 169.896530151, 138.043579102, 106.775444031, 119.295188904, 117.468658447, 137.026916504, 52.127204895, 28.558391571, -8.4014043808, -1.35961127281, -1.14425456524, 23.6137676239], [153.334655762, -30.3966426849, 52.7611923218, 80.4839019775, 19.9747772217, 40.1215934753, 52.127204895, 106.790733337, 56.5039558411, 22.01212883, 0.393937259912, 0.971689164639, -11.2046775818], [10.0761518478, 25.8779621124, 27.6409797668, 47.3909225464, 24.8257369995, 8.92248725891, 28.558391571, 56.5039558411, 79.6947631836, 32.9931297302, 14.1196470261, 8.77882575989, 5.7818570137], [18.3736095428, -9.61111164093, 50.6562385559, 32.754573822, 8.77085590363, 5.83463716507, -8.4014043808, 22.01212883, 32.9931297302, 76.6848983765, 38.5412940979, 22.5768947601, -10.0420045853], [33.7496643066, 282.656738281, 188.735153198, 104.840293884, 107.565284729, 9.75389862061, -1.35961127281, 0.393937259912, 14.1196470261, 38.5412940979, 102.527854919, 25.8254032135, 62.8274421692], [-23.6891803741, -0.58294481039, 31.5374126434, 19.3784332275, 2.86231350899, -9.50533103943, -1.14425456524, 0.971689164639, 8.77882575989, 22.5768947601, 25.8254032135, 64.5797271729, 22.9143466949], [44.914100647, 426.611602783, 236.152633667, 131.377975464, 168.73324585, 21.6460342407, 23.6137676239, -11.2046775818, 5.7818570137, -10.0420045853, 62.8274421692, 22.9143466949, 141.898925781]],
        "icov": [[0.00100880605169, -0.00197187997401, 0.00185628863983, -0.00144608714618, 0.00211376044899, -0.0019034758443, 0.00213948031887, -0.00351342768408, 0.00240198126994, -0.00135109724943, 0.00136528548319, -0.000929218425881, 0.000354098563548], [-0.00197187997401, 0.00987103674561, -0.00763852056116, 0.00297895330004, -0.00954709481448, 0.00839680898935, -0.00748471077532, 0.0115952929482, -0.00718679651618, 0.00569750694558, -0.00669391546398, 0.00673979381099, -0.00429415656254], [0.00185628863983, -0.00763852056116, 0.0112634431571, -0.00805726833642, 0.0046703601256, -0.00697143189609, 0.00699068047106, -0.00879557151347, 0.0082591297105, -0.00605768477544, 0.00460003037006, -0.00528411986306, 0.00279554235749], [-0.00144608714618, 0.00297895330004, -0.00805726833642, 0.0100877489895, -0.00368215958588, 0.00334667833522, -0.0026849550195, 0.00215406599455, -0.00528437783942, 0.00382325192913, -0.00114323862363, 0.000474234489957, 0.000971362518612], [0.00211376044899, -0.00954709481448, 0.0046703601256, -0.00368215958588, 0.0193831715733, -0.0116557078436, 0.00523901218548, -0.00860072951764, 0.00456041563302, -0.00486811157316, 0.00432090321556, -0.00309667596593, -0.00109467143193], [-0.0019034758443, 0.00839680898935, -0.00697143189609, 0.00334667833522, -0.0116557078436, 0.019723854959, -0.0154067371041, 0.00889719370753, -0.00174994708505, 0.000956239295192, -0.00411000754684, 0.00674650119618, -0.00115171913058], [0.00213948031887, -0.00748471077532, 0.00699068047106, -0.0026849550195, 0.00523901218548, -0.0154067371041, 0.0252919401973, -0.0154690882191, 0.00244838115759, 0.00118017406203, 0.00616970332339, -0.00757643161342, 0.00184258271474], [-0.00351342768408, 0.0115952929482, -0.00879557151347, 0.00215406599455, -0.00860072951764, 0.00889719370753, -0.0154690882191, 0.0360620841384, -0.0216324143112, 0.00611421233043, -0.0085981823504, 0.00867809541523, -0.00309355859645], [0.00240198126994, -0.00718679651618, 0.0082591297105, -0.00528437783942, 0.00456041563302, -0.00174994708505, 0.00244838115759, -0.0216324143112, 0.033724527806, -0.0156152648851, 0.00701822433621, -0.00355106126517, -0.000290744064841], [-0.00135109724943, 0.00569750694558, -0.00605768477544, 0.00382325192913, -0.00486811157316, 0.000956239295192, 0.00118017406203, 0.00611421233043, -0.0156152648851, 0.0316536724567, -0.0157061684877, -0.00317923980765, 0.00611308915541], [0.00136528548319, -0.00669391546398, 0.00460003037006, -0.00114323862363, 0.00432090321556, -0.00411000754684, 0.00616970332339, -0.0085981823504, 0.00701822433621, -0.0157061684877, 0.0259949211031, -0.00608933297917, -0.00504469731823], [-0.000929218425881, 0.00673979381099, -0.00528411986306, 0.000474234489957, -0.00309667596593, 0.00674650119618, -0.00757643161342, 0.00867809541523, -0.00355106126517, -0.00317923980765, -0.00608933297917, 0.0255631413311, -0.00852679740638], [0.000354098563548, -0.00429415656254, 0.00279554235749, 0.000971362518612, -0.00109467143193, -0.00115171913058, 0.00184258271474, -0.00309355859645, -0.000290744064841, 0.00611308915541, -0.00504469731823, -0.00852679740638, 0.0192750412971]]
    },
    "melbands": {
        "max": [0.025360526517, 0.0320188775659, 0.00975799188018, 0.0048970580101, 0.000639362726361, 0.00318756815977, 0.00492457533255, 0.00640146853402, 0.00362973450683, 0.00409661792219, 0.00878482032567, 0.00735042383894, 0.00579303689301, 0.00274409539998, 0.00301144854166, 0.00317282299511, 0.00317129632458, 0.00154304003809, 0.00201810617, 0.00282612419687, 0.00108206411824, 0.000407532526879, 0.000585663074162, 0.000272248260444, 0.000164091819897, 7.65420118114e-05, 8.43992529553e-05, 6.53630922898e-05, 7.39016177249e-05, 1.98431425815e-05, 1.79300277523e-05, 2.14114570554e-05, 1.82844869414e-05, 1.93431715161e-05, 3.30466828018e-05, 2.18878903979e-05, 1.54702720465e-05, 1.35947002491e-05, 3.23213680531e-05, 3.36744524247e-05],
        "mean": [0.00121914839838, 0.000780885864515, 0.000345791690052, 0.000138642048114, 6.58360149828e-05, 0.000110044289613, 0.000102295001852, 0.000162163792993, 0.000175536377355, 0.000537608284503, 0.000878551392816, 0.000678704993334, 0.000365224288544, 0.000120633390907, 9.31748509174e-05, 0.000152030654135, 0.000167008882272, 0.00010105464753, 0.000140345349791, 9.18573350646e-05, 6.79651348037e-05, 4.10788961744e-05, 3.1561608921e-05, 2.5589382858e-05, 1.67549624166e-05, 9.54415827437e-06, 1.07508049041e-05, 7.12691507943e-06, 5.05532671013e-06, 3.51030780621e-06, 2.83390841105e-06, 2.53099483416e-06, 2.13047769648e-06, 1.73224009359e-06, 1.49824700202e-06, 1.33513867695e-06, 1.09972825157e-06, 9.29195550725e-07, 8.98474297628e-07, 9.47658122641e-07],
        "min": [1.32269839526e-09, 2.7293292626e-11, 1.15618790583e-11, 8.23338446032e-12, 6.57185634037e-12, 2.46795921373e-12, 5.88058844241e-13, 1.33063633896e-12, 1.4106768054e-12, 1.19822424552e-12, 8.23680912972e-13, 1.19411208352e-12, 2.58899022013e-12, 2.88854834149e-12, 4.4407606932e-12, 3.38750728857e-12, 1.74753722777e-12, 7.49498932969e-13, 8.9220558025e-13, 1.02674433625e-12, 9.97711353638e-13, 6.21556300352e-13, 5.70279283865e-13, 3.27207634902e-13, 3.1353730918e-13, 4.61849037747e-13, 2.46405733274e-13, 5.19120662255e-13, 9.57085430874e-13, 7.56548903386e-13, 4.32984485939e-13, 5.2442777768e-13, 4.35050324758e-13, 3.48830529349e-13, 3.01344696809e-13, 4.65964831824e-13, 4.62643270048e-13, 4.34165724206e-13, 4.33460748848e-13, 4.18761325529e-13],
        "stdev": [0.00283594219945, 0.00223242118955, 0.0007614166243, 0.000313337921398, 0.000103528764157, 0.000236698790104, 0.000298834231216, 0.000507826276589, 0.000282946100924, 0.000626862980425, 0.0011843420798, 0.000957524753176, 0.000611290277448, 0.000202453826205, 0.000161675343406, 0.000252765836194, 0.000306823494611, 0.000130957894726, 0.000200294001843, 0.000170561208506, 9.67322557699e-05, 4.13102243328e-05, 3.99986965931e-05, 2.69386255241e-05, 1.80183742486e-05, 7.79757010605e-06, 1.10583641799e-05, 7.00817645338e-06, 5.16345880897e-06, 2.84848351839e-06, 2.57359511124e-06, 2.47524098995e-06, 2.2204551442e-06, 1.85323631285e-06, 2.00397039407e-06, 1.63222705396e-06, 1.3492922335e-06, 1.13733358376e-06, 1.55242719302e-06, 1.93446317098e-06]
    },
    "melbands128": {
        "max": [0.0179814007133, 0.0417789332569, 0.0281878393143, 0.0331109762192, 0.0477107875049, 0.024144988507, 0.0159365050495, 0.00708942115307, 0.00838012900203, 0.00587387755513, 0.00265608960763, 0.000971160945483, 0.000812595244497, 0.0016103272792, 0.00393327744678, 0.00667014764622, 0.00442273635417, 0.00906503014266, 0.00802620220929, 0.0102951219305, 0.0134763503447, 0.00680870935321, 0.00597085151821, 0.00412333244458, 0.0039011631161, 0.00849246792495, 0.0153294056654, 0.0177409965545, 0.0155888665468, 0.0164414402097, 0.00951240211725, 0.00985372811556, 0.0102324355394, 0.00929027423263, 0.00437800260261, 0.00520872324705, 0.00348270614631, 0.00485445233062, 0.00422973698005, 0.00340989790857, 0.00699729146436, 0.0068703587167, 0.00666408240795, 0.00346995401196, 0.00273290742189, 0.00256241182797, 0.00422966433689, 0.00373336393386, 0.00325387553312, 0.00415884377435, 0.00566479470581, 0.00265379576012, 0.00217767804861, 0.00187633268069, 0.000781837967224, 0.000702053715941, 0.000678737007547, 0.00138550042175, 0.00052176520694, 0.000330066075549, 0.000631254108157, 0.000541528512258, 0.000360878853826, 0.000256783387158, 0.000130473432364, 9.42455299082e-05, 0.00010469420522, 8.70483854669e-05, 0.000171589243109, 0.000173813445144, 9.16623102967e-05, 7.67268938944e-05, 0.000161448057042, 0.000165825375007, 3.99203599954e-05, 3.15088109346e-05, 3.08690978272e-05, 3.11203148158e-05, 2.66650713456e-05, 1.78266345756e-05, 3.39324942615e-05, 2.8128763006e-05, 3.35597760568e-05, 2.1023563022e-05, 2.18888453674e-05, 2.06970216823e-05, 2.81264892692e-05, 5.85015332035e-05, 4.53839638794e-05, 4.10237225879e-05, 3.05268295051e-05, 1.38930718094e-05, 2.59413427557e-05, 1.53197797772e-05, 1.85946664715e-05, 1.2741899809e-05, 1.48591770994e-05, 1.69612139871e-05, 2.96572961815e-05, 4.59295297333e-05, 4.56783927802e-05, 2.5587332857e-05, 3.62929858966e-05, 5.42359521205e-05, 1.87849364011e-05, 1.01137520687e-05, 6.56322299619e-06, 9.49616878643e-06, 3.11243888973e-06, 2.02663568416e-06, 2.88076830657e-06, 1.85005103503e-06, 1.93206210497e-06, 6.13773352143e-07, 6.84731649159e-09, 6.71210820258e-09, 6.59012133752e-09, 6.42339870183e-09, 6.30445562422e-09, 6.1417835262e-09, 6.0022617987e-09, 5.8937885683e-09, 5.77485215203e-09, 5.70044944581e-09, 5.62366508916e-09, 5.55546764147e-09, 5.50692824675e-09, 5.48152589985e-09],
        "mean": [0.00069812691072, 0.00169923913199, 0.00117305957247, 0.000807239732239, 0.000898271333426, 0.000689679465722, 0.00032501280657, 0.000329677888658, 0.000242630456341, 0.000109670130769, 9.3906543043e-05, 6.04727865721e-05, 5.67936222069e-05, 6.50688743917e-05, 0.000128058512928, 0.000129752137582, 9.40733007155e-05, 9.5809904451e-05, 0.00011278076272, 0.000135747701279, 0.000210036349017, 0.000182953299372, 0.000135335430969, 0.000198594148969, 0.000362037768355, 0.000650405767374, 0.00101710634772, 0.000929226516746, 0.000757084751967, 0.000657519034576, 0.00067532074172, 0.00071581726661, 0.000286929775029, 0.000195352127776, 0.000132652188768, 0.000103905775177, 8.79280851223e-05, 8.94419572433e-05, 9.60486213444e-05, 0.000113392889034, 0.000168453989318, 0.000195850429009, 0.000208710916922, 0.000124824640807, 0.00010187629232, 9.03585823835e-05, 0.000104870625364, 0.000165121862665, 0.00014915355132, 9.16247008718e-05, 9.59558383329e-05, 7.59951144573e-05, 7.61344417697e-05, 6.60048535792e-05, 4.27351915278e-05, 4.10844368162e-05, 3.65981541108e-05, 3.30895127263e-05, 3.03137094306e-05, 2.71107692242e-05, 2.3060651074e-05, 2.89468389383e-05, 1.96836390387e-05, 1.32650948217e-05, 1.1147695659e-05, 8.74250054039e-06, 8.91440140549e-06, 1.05261342469e-05, 1.24263206089e-05, 9.14720658329e-06, 6.88459613229e-06, 6.56112024444e-06, 5.12927408636e-06, 5.22594154972e-06, 4.29090005127e-06, 3.48548746842e-06, 3.18566480928e-06, 3.13836358146e-06, 2.75100751423e-06, 2.56231533058e-06, 2.67333689408e-06, 2.49171944233e-06, 2.25291410061e-06, 2.15598083741e-06, 2.00732506528e-06, 1.6999458694e-06, 1.70177384007e-06, 1.64396169566e-06, 1.43932220453e-06, 1.44585885664e-06, 1.41808868648e-06, 1.2605117945e-06, 1.26766201447e-06, 1.14076772206e-06, 9.77557647275e-07, 9.17271108847e-07, 9.06564650904e-07, 9.54032429945e-07, 9.35421439863e-07, 8.3244964344e-07, 8.73184262673e-07, 9.7968541013e-07, 1.04240427845e-06, 8.64627793362e-07, 6.01140357048e-07, 3.99413750074e-07, 3.23699481442e-07, 2.87663425524e-07, 2.32510402043e-07, 1.79521180144e-07, 1.51709016905e-07, 9.82656018778e-08, 8.72202488011e-09, 1.99110528065e-09, 2.36238362206e-10, 1.57083859809e-10, 3.86531466556e-11, 1.3036732284e-11, 1.25268797072e-11, 1.22171708514e-11, 1.20415335689e-11, 1.17378962453e-11, 1.14733804055e-11, 1.10127367295e-11, 1.06984525405e-11, 1.02920987705e-11, 1.00543445097e-11, 9.98322778611e-12],
        "min": [1.06801158195e-10, 5.69857994126e-10, 3.42794959085e-10, 1.87105088367e-11, 3.45678798086e-11, 2.46663696413e-11, 7.0042895095e-12, 1.50447466984e-11, 5.79250449689e-12, 1.12241370712e-11, 4.95117835619e-12, 8.1127517898e-12, 6.91875549907e-12, 4.55220973763e-12, 1.94861444688e-12, 2.40569586821e-12, 6.84340767648e-13, 2.20255427395e-13, 2.60179979774e-13, 1.58343889216e-12, 1.56121524129e-12, 1.41088811641e-12, 1.41751020644e-12, 1.32768698379e-12, 1.43103226751e-12, 1.36166035045e-12, 4.01196762444e-13, 1.11268394672e-12, 5.19779748756e-13, 9.37524472118e-13, 1.37414504688e-12, 1.88341139559e-12, 3.01254420715e-12, 2.64769716568e-12, 2.85118803567e-12, 2.49928441658e-12, 3.75012087356e-12, 5.07214149154e-12, 4.53053610253e-12, 3.68358989145e-12, 3.25778249863e-12, 2.6065761962e-12, 2.11894672815e-12, 1.10978338064e-12, 7.59232629023e-13, 7.96662323783e-13, 6.10930522751e-13, 4.80483166275e-13, 1.24045652222e-12, 1.5706451981e-12, 8.96124754263e-13, 4.52989018908e-13, 1.44603328877e-12, 1.0176836587e-12, 4.44595369634e-13, 6.57351506127e-13, 7.49885179993e-13, 4.53260421817e-13, 7.24023434522e-13, 3.54934696e-13, 2.29627542024e-13, 3.64073517427e-13, 3.43563149935e-13, 3.10217861598e-13, 2.10600403761e-13, 6.06586937797e-13, 5.63338384187e-13, 1.53611566284e-13, 1.73607899974e-13, 2.73665177975e-13, 6.04008759241e-13, 3.98593349082e-13, 1.08924121892e-12, 4.81648141509e-13, 7.06166191061e-13, 8.92549380759e-13, 4.0845888412e-13, 4.36100862453e-13, 2.41526145871e-13, 4.6208029807e-13, 1.93210627619e-13, 4.85392108451e-13, 2.83860798365e-13, 3.77216758263e-13, 3.00051785718e-13, 4.95001880197e-13, 2.70208361979e-13, 2.90142611542e-13, 2.57946414879e-13, 3.7888702592e-13, 2.78826956098e-13, 4.92640704706e-13, 4.44277102087e-13, 4.67928864059e-13, 3.95111840381e-13, 3.76748708186e-13, 3.57106542687e-13, 5.12182798344e-13, 4.70539134999e-13, 3.27088155823e-13, 4.37944548248e-13, 4.31937173745e-13, 4.29236263503e-13, 3.37949882922e-13, 3.11513700035e-13, 4.33757576298e-13, 2.5397175682e-13, 2.08467547695e-13, 3.25458030751e-13, 3.77137963871e-13, 2.99634313672e-13, 2.83534887192e-13, 3.14355095773e-13, 2.30920751271e-13, 2.69822792581e-13, 3.74056173405e-13, 3.30234510527e-13, 2.41806493448e-13, 2.68784316635e-13, 3.24273160407e-13, 3.25794187635e-13, 3.17862706642e-13, 3.27747296533e-13, 2.99175479312e-13, 2.22335808076e-13, 9.17675766106e-14, 1.50678877334e-14, 6.21176376429e-16],
        "stdev": [0.00198145559989, 0.00460654962808, 0.00262853689492, 0.0022491987329, 0.00310939759947, 0.00218829442747, 0.000965714920312, 0.000695728813298, 0.000568482792005, 0.000341670500347, 0.00023211989901, 0.000120806886116, 0.000104726168502, 0.00013466848759, 0.000333529780619, 0.000350674497895, 0.000346946966602, 0.000438581977505, 0.000334432726959, 0.000571858196054, 0.000877280661371, 0.000500815396663, 0.000345371256117, 0.000318343460094, 0.000534272170626, 0.00105355866253, 0.00180116028059, 0.00177867931779, 0.00160584051628, 0.00165721378289, 0.00123345013708, 0.00155344756786, 0.000796989537776, 0.000624294392765, 0.000305452704197, 0.000253997714026, 0.0002195603156, 0.000212471393752, 0.000200910770218, 0.000228271033848, 0.000415746617364, 0.000479892361909, 0.000599652470555, 0.000233262922848, 0.000196898457943, 0.000157143367687, 0.000261569715803, 0.000327402725816, 0.000275811500615, 0.000250039040111, 0.000289947289275, 0.000176615780219, 0.000154838329763, 0.000134535264806, 6.52526141494e-05, 5.48804782738e-05, 5.06728174514e-05, 7.71749328123e-05, 4.28823186667e-05, 2.99593102682e-05, 3.6694254959e-05, 5.8089979575e-05, 3.18116362905e-05, 1.70107614395e-05, 1.23353011077e-05, 8.7509797595e-06, 1.06321231215e-05, 1.14524309538e-05, 1.7561189452e-05, 1.62322357937e-05, 8.50719879963e-06, 7.51746347305e-06, 7.54828124627e-06, 7.85257361713e-06, 4.4316052481e-06, 3.23532435687e-06, 3.25872201756e-06, 3.31430919687e-06, 2.8549959552e-06, 2.64027585217e-06, 2.88792330139e-06, 2.88815499516e-06, 2.8887488952e-06, 2.42623082158e-06, 2.3562242859e-06, 1.88772526144e-06, 2.11052588384e-06, 2.87525153908e-06, 2.28399517255e-06, 2.17754518417e-06, 1.94659992303e-06, 1.5810877585e-06, 1.8251171241e-06, 1.44277373693e-06, 1.42806493386e-06, 1.1555821402e-06, 1.18879995625e-06, 1.38968039209e-06, 1.75940340341e-06, 1.83964118605e-06, 1.95109100787e-06, 2.03053832593e-06, 2.73273667517e-06, 2.77057438325e-06, 1.19555556921e-06, 5.60258229143e-07, 4.53033521808e-07, 5.29375029146e-07, 3.10581242502e-07, 2.32542902268e-07, 2.20747125468e-07, 1.50248439468e-07, 6.88053205522e-08, 2.43375755105e-08, 6.77990497078e-10, 4.5075210231e-10, 2.35924474401e-10, 2.16705514644e-10, 2.12288700507e-10, 2.06834466221e-10, 2.02330277532e-10, 1.98521629691e-10, 1.94441268642e-10, 1.91771404312e-10, 1.89193674616e-10, 1.86908558075e-10, 1.85280166209e-10, 1.84426501848e-10]
    },
    "mfcc": {
        "mean": [-622.842712402, 82.9495315552, -54.6080627441, -21.3916931152, -11.592622757, -6.91248559952, -0.0928859040141, 8.44920635223, 11.9241695404, 8.85295295715, -1.35855519772, -5.55151224136, -4.69983053207],
        "cov": [[1732.42895508, 34.9861412048, 236.352020264, 244.846817017, 69.2783584595, -15.0239925385, 23.2841014862, 64.0880813599, 30.6034221649, 62.175579071, 34.2707366943, 20.3730316162, 10.2050971985], [34.9861412048, 2205.90795898, 1434.14355469, 1305.23413086, 1096.13269043, 499.545654297, 486.564941406, 54.8539581299, 142.646377563, 57.9272117615, -197.100830078, -8.5982465744, 313.495605469], [236.352020264, 1434.14355469, 1557.95544434, 1265.98693848, 937.449035645, 473.082336426, 396.32409668, 118.267539978, 125.466926575, 82.19480896, -43.9203262329, 29.6053104401, 216.39112854], [244.846817017, 1305.23413086, 1265.98693848, 1187.35314941, 827.29864502, 376.163513184, 318.443603516, 103.115074158, 121.145202637, 71.7612380981, -60.9396743774, 29.8848457336, 203.342407227], [69.2783584595, 1096.13269043, 937.449035645, 827.29864502, 713.075622559, 327.432739258, 295.880310059, 68.411529541, 97.5887756348, 66.1281356812, -62.5865631104, 19.0944824219, 164.469284058], [-15.0239925385, 499.545654297, 473.082336426, 376.163513184, 327.432739258, 272.854217529, 195.994445801, 81.9108581543, 73.1464080811, 39.3553352356, -3.66306996346, -0.694684565067, 51.6915512085], [23.2841014862, 486.564941406, 396.32409668, 318.443603516, 295.880310059, 195.994445801, 223.863571167, 74.7593307495, 65.2881851196, 45.8129310608, -21.5511398315, 0.0381974242628, 55.0861244202], [64.0880813599, 54.8539581299, 118.267539978, 103.115074158, 68.411529541, 81.9108581543, 74.7593307495, 118.116973877, 69.5205841064, 43.5293045044, 23.1506099701, 5.65719938278, -5.87442350388], [30.6034221649, 142.646377563, 125.466926575, 121.145202637, 97.5887756348, 73.1464080811, 65.2881851196, 69.5205841064, 95.5694351196, 48.8118553162, 4.32666063309, 7.33154678345, 17.07903862], [62.175579071, 57.9272117615, 82.19480896, 71.7612380981, 66.1281356812, 39.3553352356, 45.8129310608, 43.5293045044, 48.8118553162, 80.0767593384, 30.0558624268, 21.848077774, 4.63444662094], [34.2707366943, -197.100830078, -43.9203262329, -60.9396743774, -62.5865631104, -3.66306996346, -21.5511398315, 23.1506099701, 4.32666063309, 30.0558624268, 100.952850342, 31.3724479675, -26.0313949585], [20.3730316162, -8.5982465744, 29.6053104401, 29.8848457336, 19.0944824219, -0.694684565067, 0.0381974242628, 5.65719938278, 7.33154678345, 21.848077774, 31.3724479675, 68.0829467773, 32.4780921936], [10.2050971985, 313.495605469, 216.39112854, 203.342407227, 164.469284058, 51.6915512085, 55.0861244202, -5.87442350388, 17.07903862, 4.63444662094, -26.0313949585, 32.4780921936, 118.104492188]],
        "icov": [[0.000665835046675, 6.75999472151e-05, -0.000112634064863, -0.000406598002883, 0.000339355319738, 0.000503120478243, -0.000195371801965, -0.000280862004729, 0.000196431690711, -0.000488008401589, -3.72070317098e-05, 0.000121317418234, 2.99968678519e-06], [6.75999472151e-05, 0.00311069423333, 0.000344590953318, -0.0012152926065, -0.00215779105201, -0.000478460773593, -0.00199221866205, 0.00197016750462, -0.000845267728437, -5.50698605366e-05, 0.00226950808428, 0.00135844876058, -0.00230926508084], [-0.000112634064863, 0.000344590953318, 0.00645801983774, -0.00520501565188, -0.00184478214942, -0.00210489006713, -0.00122959224973, 0.000549119838979, 0.00147214333992, 0.000431094842497, -0.00180399639066, 0.00079189077951, -0.000529888551682], [-0.000406598002883, -0.0012152926065, -0.00520501565188, 0.0097798332572, -0.00439313892275, 0.00140543852467, 0.00371299916878, -0.00318352761678, -0.000875021098182, 0.000995105714537, 0.000256454572082, -0.000875008467119, -4.33435343439e-05], [0.000339355319738, -0.00215779105201, -0.00184478214942, -0.00439313892275, 0.0155654745176, -0.00305033219047, -0.00346990139224, 0.00293970876373, 9.50782050495e-05, -0.00412786891684, 0.0016659705434, -0.001218704856, -0.00108376378193], [0.000503120478243, -0.000478460773593, -0.00210489006713, 0.00140543852467, -0.00305033219047, 0.0152108864859, -0.00659526558593, -0.00269250781275, -0.00286190677434, 0.00398803083226, -0.00418682768941, 0.00123854633421, 0.0021899191197], [-0.000195371801965, -0.00199221866205, -0.00122959224973, 0.00371299916878, -0.00346990139224, -0.00659526558593, 0.0184276755899, -0.00651917653158, 0.00238922191784, -0.00356434891, 0.00188997550867, 9.30867827265e-05, 0.000149892061017], [-0.000280862004729, 0.00197016750462, 0.000549119838979, -0.00318352761678, 0.00293970876373, -0.00269250781275, -0.00651917653158, 0.021729009226, -0.0118596646935, -0.000513529288583, -0.00117904762737, -0.000124170008348, 0.00198528170586], [0.000196431690711, -0.000845267728437, 0.00147214333992, -0.000875021098182, 9.50782050495e-05, -0.00286190677434, 0.00238922191784, -0.0118596646935, 0.025605071336, -0.0106219053268, 0.00260845245793, 0.00118975585792, -0.00258628744632], [-0.000488008401589, -5.50698605366e-05, 0.000431094842497, 0.000995105714537, -0.00412786891684, 0.00398803083226, -0.00356434891, -0.000513529288583, -0.0106219053268, 0.0255158208311, -0.0068918983452, -0.00486556533724, 0.00367877981625], [-3.72070317098e-05, 0.00226950808428, -0.00180399639066, 0.000256454572082, 0.0016659705434, -0.00418682768941, 0.00188997550867, -0.00117904762737, 0.00260845245793, -0.0068918983452, 0.0200539082289, -0.00762405106798, 0.00182500039227], [0.000121317418234, 0.00135844876058, 0.00079189077951, -0.000875008467119, -0.001218704856, 0.00123854633421, 9.30867827265e-05, -0.000124170008348, 0.00118975585792, -0.00486556533724, -0.00762405106798, 0.0254805311561, -0.0111238108948], [2.99968678519e-06, -0.00230926508084, -0.000529888551682, -4.33435343439e-05, -0.00108376378193, 0.0021899191197, 0.000149892061017, 0.00198528170586, -0.00258628744632, 0.00367877981625, 0.00182500039227, -0.0111238108948, 0.0199124626815]]
    },
    "spectral_contrast_coeffs": {
        "max": [-0.481645673513, -0.480380892754, -0.487002342939, -0.597151875496, -0.648643493652, -0.663364350796],
        "mean": [-0.749072313309, -0.734219968319, -0.705198049545, -0.774354815483, -0.788144052029, -0.754118144512],
        "min": [-0.941166460514, -0.94617575407, -0.935434818268, -0.933760404587, -0.932326614857, -0.924137175083],
        "stdev": [0.0615198351443, 0.0635733753443, 0.07598772645, 0.0544532574713, 0.0322695448995, 0.0243194252253]
    },
    "spectral_contrast_valleys": {
        "max": [-5.29180288315, -5.11059474945, -5.13820362091, -5.70055246353, -6.07402801514, -7.90794372559],
        "mean": [-8.26045703888, -6.93656873703, -6.58660125732, -6.70394563675, -7.07644939423, -10.0518770218],
        "min": [-17.0341491699, -16.6900024414, -16.3703918457, -15.7002859116, -15.5515899658, -16.690864563],
        "stdev": [1.79240477085, 0.620142877102, 0.715012729168, 0.663280308247, 0.64836615324, 0.790529549122]
    }
},
"rhythm": {
    "beats_count": 34,
    "beats_loudness": {
        "max": 0.0766594856977,
        "mean": 0.031411845237,
        "min": 0.0039953161031,
        "stdev": 0.0175728909671
    },
    "bpm": 127.480377197,
    "bpm_histogram_first_peak_bpm": 126,
    "bpm_histogram_first_peak_weight": 0.45454543829,
    "bpm_histogram_second_peak_bpm": 89,
    "bpm_histogram_second_peak_spread": 0.333333313465,
    "bpm_histogram_second_peak_weight": 0.242424249649,
    "danceability": 1.13037443161,
    "onset_rate": 1.90537703037,
    "beats_loudness_band_ratio": {
        "max": [0.749189198017, 0.262785494328, 0.697190403938, 0.703063547611, 0.544854223728, 0.0858251601458],
        "mean": [0.247667402029, 0.0443662367761, 0.229203343391, 0.311632812023, 0.167429059744, 0.038296200335],
        "min": [3.84920058423e-05, 0.000218916349695, 0.012268521823, 0.036233112216, 0.0396717451513, 0.00219897320494],
        "stdev": [0.255588650703, 0.0629681199789, 0.167011514306, 0.190236121416, 0.106726743281, 0.0215106662363]
    },
    "beats_position": [0.46439909935, 0.940408170223, 1.4164172411, 1.88081634045, 2.34521532059, 2.82122445107, 3.29723358154, 3.76163268089, 4.22603178024, 4.7020406723, 5.17804956436, 5.64244890213, 6.21133756638, 6.78022670746, 7.3491153717, 7.94122457504, 8.54494285583, 9.14866161346, 9.75238037109, 10.3560991287, 10.9365987778, 11.5287075043, 12.2253055573, 12.933514595, 13.6417226791, 14.3499317169, 15.0233106613, 15.7082986832, 16.3932876587, 17.0666656494, 17.7400455475, 18.4134235382, 19.0868015289, 19.7717914581],
