{
"metadata": {
    "version": {
        "essentia": "2.1-beta5",
        "essentia_git_sha": "Undefined",
        "extractor": "music 2.0"
    },
    "audio_properties": {
        "analysis": {
            "equal_loudness": 0,
            "length": 12.7477550507,
            "sample_rate": 44100,
            "start_time": 0,
            "downmix": "mix"
        },
        "bit_rate": 192000,
        "length": 193.758911133,
        "lossless": 0,
        "number_channels": 2,
        "replay_gain": 0.687509536743,
        "sample_rate": 48000,
        "codec": "mp3",
        "md5_encoded": "faa4408e716df20afac1dbd7d3c5f091"
    },
    "tags": {
        "file_name": "Slovenia_Here for You_Maraaya.mp3",
        "encoding": ["Lavf58.29.100"]
    }
},
"lowlevel": {
    "average_loudness": 0.794672071934,
    "barkbands_crest": {
        "max": 24.5358524323,
        "mean": 9.70032405853,
        "min": 2.77963066101,
        "stdev": 4.05950546265
    },
    "barkbands_flatness_db": {
        "max": 0.31395637989,
        "mean": 0.169539496303,
        "min": 0.0690987855196,
        "stdev": 0.0343348756433
    },
    "barkbands_kurtosis": {
        "max": 128.435974121,
        "mean": 4.04585027695,
        "min": -1.55043160915,
        "stdev": 10.3012390137
    },
    "barkbands_skewness": {
        "max": 10.067741394,
        "mean": 1.41048109531,
        "min": -1.9255348444,
        "stdev": 1.25030601025
    },
    "barkbands_spread": {
        "max": 69.8425674438,
        "mean": 14.4802436829,
        "min": 1.27460253239,
        "stdev": 8.75013446808
    },
    "dissonance": {
        "max": 0.5,
        "mean": 0.464343607426,
        "min": 0.310700297356,
        "stdev": 0.0342060513794
    },
    "dynamic_complexity": 3.39106297493,
    "erbbands_crest": {
        "max": 25.7695236206,
        "mean": 9.58998584747,
        "min": 3.10149788857,
        "stdev": 4.04328966141
    },
    "erbbands_flatness_db": {
        "max": 0.313084483147,
        "mean": 0.231086537242,
        "min": 0.0985310971737,
        "stdev": 0.0350517742336
    },
    "erbbands_kurtosis": {
        "max": 34.3095703125,
        "mean": 1.30295968056,
        "min": -1.81418001652,
        "stdev": 2.64285826683
    },
    "erbbands_skewness": {
        "max": 5.24478244781,
        "mean": 0.969631016254,
        "min": -0.822645366192,
        "stdev": 0.642337858677
    },
    "erbbands_spread": {
        "max": 126.236610413,
        "mean": 24.9801483154,
        "min": 6.34653234482,
        "stdev": 16.414484024
    },
    "hfc": {
        "max": 100.186477661,
        "mean": 20.5924453735,
        "min": 1.15950207801e-16,
        "stdev": 18.7523498535
    },
    "loudness_ebu128": {
        "integrated": -24.3548488617,
        "loudness_range": 7.82695770264,
        "momentary": {
            "max": -19.1626396179,
            "mean": -26.2916049957,
            "min": -38.1639022827,
            "stdev": 4.2079076767
        },
        "short_term": {
            "max": -21.1083316803,
            "mean": -25.922542572,
            "min": -30.0508079529,
            "stdev": 2.68653392792
        }
    },
    "melbands_crest": {
        "max": 29.4887161255,
        "mean": 12.3887205124,
        "min": 2.1867620945,
        "stdev": 5.24488353729
    },
    "melbands_flatness_db": {
        "max": 0.371409893036,
        "mean": 0.169625222683,
        "min": 0.00315726385452,
        "stdev": 0.0504110381007
    },
    "melbands_kurtosis": {
        "max": 169.176086426,
        "mean": 9.75040435791,
        "min": -1.19205057621,
        "stdev": 17.1867408752
    },
    "melbands_skewness": {
        "max": 9.30694770813,
        "mean": 2.04959845543,
        "min": -0.658633112907,
        "stdev": 1.46121025085
    },
    "melbands_spread": {
        "max": 133.129547119,
        "mean": 20.0785903931,
        "min": 1.10399484634,
        "stdev": 12.8488292694
    },
    "pitch_salience": {
        "max": 0.967933833599,
        "mean": 0.627066075802,
        "min": 0.22208917141,
        "stdev": 0.127524554729
    },
    "silence_rate_20dB": {
        "max": 1,
        "mean": 1,
        "min": 1,
        "stdev": 0
    },
    "silence_rate_30dB": {
        "max": 1,
        "mean": 1,
        "min": 1,
        "stdev": 0
    },
    "silence_rate_60dB": {
        "max": 1,
        "mean": 0.107272729278,
        "min": 0,
        "stdev": 0.309459924698
    },
    "spectral_centroid": {
        "max": 11232.3242188,
        "mean": 1544.76330566,
        "min": 253.542800903,
        "stdev": 799.612304688
    },
    "spectral_complexity": {
        "max": 57,
        "mean": 19.8709087372,
        "min": 0,
        "stdev": 12.598115921
    },
    "spectral_decrease": {
        "max": 7.83882015203e-29,
        "mean": -3.7783975948e-09,
        "min": -1.73596390596e-08,
        "stdev": 3.06976000175e-09
    },
    "spectral_energy": {
        "max": 0.0681700482965,
        "mean": 0.0161283388734,
        "min": 1.03599807689e-20,
        "stdev": 0.0130434185266
    },
    "spectral_energyband_high": {
        "max": 0.0069694831036,
        "mean": 0.000609406153671,
        "min": 7.45687651021e-21,
        "stdev": 0.000865036912728
    },
    "spectral_energyband_low": {
        "max": 0.0479407683015,
        "mean": 0.000928401539568,
        "min": 4.15760809726e-23,
        "stdev": 0.00432528369129
    },
    "spectral_energyband_middle_high": {
        "max": 0.0423597097397,
        "mean": 0.00952608324587,
        "min": 1.41881064047e-21,
        "stdev": 0.00963966455311
    },
    "spectral_energyband_middle_low": {
        "max": 0.0235322099179,
        "mean": 0.00539300218225,
        "min": 2.07795895772e-22,
        "stdev": 0.00432772841305
    },
    "spectral_entropy": {
        "max": 9.79874515533,
        "mean": 7.58825826645,
        "min": 6.01202821732,
        "stdev": 0.390690326691
    },
    "spectral_flux": {
        "max": 0.168174877763,
        "mean": 0.0680559128523,
        "min": 6.66886823542e-11,
        "stdev": 0.0369172133505
    },
    "spectral_kurtosis": {
        "max": 15.2112617493,
        "mean": 4.55845355988,
        "min": -1.25150585175,
        "stdev": 2.25049638748
    },
    "spectral_rms": {
        "max": 0.00815520528704,
        "mean": 0.00363055896014,
        "min": 3.17919779044e-12,
        "stdev": 0.00159812322818
    },
    "spectral_rolloff": {
        "max": 19013.8183594,
        "mean": 1960.65539551,
        "min": 215.33203125,
        "stdev": 1664.64025879
    },
    "spectral_skewness": {
        "max": 3.14373397827,
        "mean": 1.6468051672,
        "min": -0.00208261492662,
        "stdev": 0.399951905012
    },
    "spectral_spread": {
        "max": 40309724,
        "mean": 4245972,
        "min": 2543453.25,
        "stdev": 2647478.25
    },
    "spectral_strongpeak": {
        "max": 5.52613592148,
        "mean": 1.39796161652,
        "min": 0,
        "stdev": 1.0688303709
    },
    "zerocrossingrate": {
        "max": 0.58935546875,
        "mean": 0.074818007648,
        "min": 0.01318359375,
        "stdev": 0.043148022145
    },
    "barkbands": {
        "max": [0.00231822719797, 0.0427764393389, 0.00419425126165, 0.00316089135595, 0.00660654064268, 0.0207846034318, 0.00694225449115, 0.00973268412054, 0.0215880125761, 0.0191865582019, 0.0232954621315, 0.0132865486667, 0.0145197706297, 0.00745081948116, 0.00789224449545, 0.00666985148564, 0.00317729008384, 0.00435169134289, 0.00368550000712, 0.00372251099907, 0.00427897693589, 0.00126953632571, 0.0007200842374, 0.00182156590745, 0.00248901592568, 0.000204339055927, 3.11144219722e-07],
        "mean": [3.2248597563e-05, 0.000777353183366, 0.000108031963464, 4.1562543629e-05, 0.000376606622012, 0.000956100877374, 0.000327608926455, 0.000600701547228, 0.00248770532198, 0.00176821020432, 0.00266480701976, 0.00123767042533, 0.000905035529286, 0.000687056512106, 0.000636225391645, 0.000566529342905, 0.000419190095272, 0.000525938463397, 0.000282314955257, 0.000216626518522, 0.000194663924049, 0.000107720217784, 8.31331708468e-05, 8.00301859272e-05, 3.92285073758e-05, 6.03818398304e-06, 1.64672142589e-09],
        "min": [2.55579857684e-23, 8.05661039261e-24, 5.73086976703e-24, 4.55957540584e-24, 2.53435102655e-23, 2.66510913922e-23, 2.53423869276e-23, 1.6109569937e-23, 6.11906403752e-23, 4.16029811294e-23, 7.22838674817e-23, 1.30564835429e-22, 1.18523561597e-22, 7.11959083865e-23, 1.34433800583e-22, 6.80327591723e-23, 1.16642955065e-22, 2.07798142448e-22, 1.76737608896e-22, 3.77409686797e-22, 3.60840679536e-22, 2.93673527968e-22, 6.55838660787e-22, 5.94067645978e-22, 1.31900865404e-21, 1.38762092306e-21, 1.91981652954e-21],
        "stdev": [0.00016925894306, 0.00385322747752, 0.000480534974486, 0.000176227476913, 0.000909591442905, 0.00216930033639, 0.000667593325488, 0.00124942627735, 0.00304043642245, 0.00259101763368, 0.00389381800778, 0.00171698105987, 0.00141218362842, 0.000951667723712, 0.000791557948105, 0.000765165546909, 0.000596539000981, 0.000811501930002, 0.000522809044924, 0.000472424173495, 0.000396256305976, 0.000182533534826, 0.000109107437311, 0.000163751625223, 0.00014996479149, 1.05793578768e-05, 1.33691946402e-08]
    },
    "erbbands": {
        "max": [1.15011799335, 9.98031139374, 9.350897789, 5.46739721298, 23.0967273712, 25.1080551147, 115.934844971, 228.755889893, 79.2728500366, 233.72052002, 241.340530396, 512.826293945, 544.986206055, 781.36517334, 768.193908691, 311.947540283, 678.667419434, 366.216491699, 337.992462158, 486.281463623, 449.024108887, 180.792175293, 277.65435791, 224.804351807, 197.149246216, 178.44569397, 198.022399902, 109.291526794, 54.2295188904, 30.0391254425, 21.471113205, 30.5309925079, 37.1316986084, 43.8796081543, 9.56283950806, 1.6554107666, 0.220200672746, 0.00500163435936, 0.00029128807364, 7.79664114816e-05],
        "mean": [0.0252771805972, 0.159768506885, 0.175954967737, 0.113436989486, 0.52906948328, 0.892077982426, 5.50444984436, 7.76579380035, 5.16889333725, 6.57633638382, 21.5583190918, 58.4745826721, 58.1951789856, 88.3961715698, 79.2033081055, 46.009513855, 41.7739257812, 36.8641891479, 33.7051544189, 33.1323738098, 30.6046028137, 24.3253269196, 30.2590274811, 17.4998817444, 13.151974678, 10.1336011887, 8.21883392334, 7.00579929352, 4.14695215225, 2.50371599197, 2.42246437073, 2.21725964546, 1.00843119621, 0.612828493118, 0.173267021775, 0.0490564480424, 0.00680921273306, 0.000171027262695, 1.89277816389e-05, 2.17550605157e-05],
        "min": [3.98953213061e-22, 1.67116585565e-21, 6.95099417333e-21, 1.51309089339e-20, 7.18744795195e-20, 6.46392728732e-20, 1.0591547558e-19, 2.48626995034e-19, 3.48749996203e-19, 5.41716240463e-19, 5.76595086473e-19, 1.06788996401e-18, 1.48823936987e-18, 1.65670566176e-18, 4.71166254172e-18, 5.09154730599e-18, 5.02743501825e-18, 4.17121747107e-18, 4.62422500148e-18, 8.10292562295e-18, 4.38849300257e-18, 6.82540431027e-18, 1.04390242935e-17, 1.06990725073e-17, 1.06734183278e-17, 1.86370078581e-17, 1.35310899433e-17, 1.09428542143e-17, 1.05491989608e-17, 1.46256318735e-17, 1.74151611773e-17, 1.29582475168e-17, 1.19078125113e-17, 1.191817543e-17, 1.06334473062e-17, 5.22149448509e-18, 2.6858794372e-18, 1.25007018667e-18, 2.54901521872e-19, 2.64521777799e-20],
        "stdev": [0.128305822611, 0.815298199654, 0.809892714024, 0.353772222996, 2.04599475861, 2.14095687866, 14.1824674606, 21.0090236664, 10.1520938873, 15.3902606964, 33.828502655, 71.5442962646, 80.8837280273, 127.360015869, 107.527458191, 57.6254463196, 62.9220352173, 45.5436973572, 37.8437957764, 43.6644210815, 42.7421035767, 33.6254844666, 45.8457260132, 30.1964092255, 25.5507240295, 22.1310272217, 17.5858802795, 13.2165279388, 7.22020435333, 3.50690436363, 3.32549834251, 4.09372806549, 2.63307499886, 2.51300930977, 0.542259097099, 0.0898317024112, 0.0125744398683, 0.000322119769407, 2.03183226404e-05, 1.70827988768e-05]
    },
    "gfcc": {
        "mean": [-55.3969802856, 45.6390838623, -187.927581787, -6.83361291885, -91.8908462524, 18.2939453125, -44.1620330811, 11.5302124023, -24.303609848, -2.81167888641, -17.6487388611, -4.31909894943, -3.18782067299],
        "cov": [[10941.5097656, -176.450561523, -1881.3170166, 119.750556946, -26.4337921143, 642.786132812, 586.276123047, 585.053588867, 11.6089010239, 118.586372375, -165.389068604, 200.558120728, 13.6536064148], [-176.450561523, 1256.34240723, 902.639770508, 331.034729004, -15.7751665115, -162.872650146, -220.131271362, -188.081069946, 39.9534683228, -51.3480148315, 190.947250366, -81.740486145, -4.4879488945], [-1881.3170166, 902.639770508, 1635.96252441, 347.883270264, -167.16053772, -183.105133057, -518.137084961, -273.752319336, 18.3203735352, 13.2595558167, 229.848892212, -130.338546753, 11.559961319], [119.750556946, 331.034729004, 347.883270264, 412.237457275, 163.73248291, 40.0376586914, 59.24477005, 11.9662704468, 59.825756073, -31.7546920776, 0.819751501083, 11.086856842, -5.38630867004], [-26.4337921143, -15.7751665115, -167.16053772, 163.73248291, 572.713317871, 269.914550781, 462.395721436, 245.651245117, 52.6930580139, -36.9370994568, -126.832794189, 167.028442383, -38.4017295837], [642.786132812, -162.872650146, -183.105133057, 40.0376586914, 269.914550781, 341.627410889, 331.470458984, 197.543838501, 49.9075965881, 44.3092460632, -45.5273780823, 82.128616333, -13.6603975296], [586.276123047, -220.131271362, -518.137084961, 59.24477005, 462.395721436, 331.470458984, 660.745483398, 296.642089844, 71.7578887939, 33.2788238525, -105.503738403, 163.178497314, -48.8972625732], [585.053588867, -188.081069946, -273.752319336, 11.9662704468, 245.651245117, 197.543838501, 296.642089844, 256.925079346, 54.9871940613, -0.222322463989, -61.3363647461, 107.723129272, -20.0783882141], [11.6089010239, 39.9534683228, 18.3203735352, 59.825756073, 52.6930580139, 49.9075965881, 71.7578887939, 54.9871940613, 107.892356873, 31.0969200134, 20.1099319458, 9.10025215149, 12.9130468369], [118.586372375, -51.3480148315, 13.2595558167, -31.7546920776, -36.9370994568, 44.3092460632, 33.2788238525, -0.222322463989, 31.0969200134, 138.69631958, 67.96484375, 5.0755853653, 35.8029670715], [-165.389068604, 190.947250366, 229.848892212, 0.819751501083, -126.832794189, -45.5273780823, -105.503738403, -61.3363647461, 20.1099319458, 67.96484375, 195.164932251, -35.1701393127, 46.453666687], [200.558120728, -81.740486145, -130.338546753, 11.086856842, 167.028442383, 82.128616333, 163.178497314, 107.723129272, 9.10025215149, 5.0755853653, -35.1701393127, 125.196594238, 6.85268354416], [13.6536064148, -4.4879488945, 11.559961319, -5.38630867004, -38.4017295837, -13.6603975296, -48.8972625732, -20.0783882141, 12.9130468369, 35.8029670715, 46.453666687, 6.85268354416, 100.507904053]],
        "icov": [[0.000378652737709, -0.000768571335357, 0.000930231413804, -0.000887031434104, 0.00122436450329, -0.00122605531942, 0.00074932561256, -0.00124019093346, 0.000859500723891, -0.000842766603455, 0.000549845513888, -0.000682714045979, 0.000159873525263], [-0.000768571335357, 0.00346126803197, -0.00252982438542, 0.00121923454572, -0.00311403023079, 0.00312745501287, -0.00198793201707, 0.0035307481885, -0.00231591123156, 0.00294579914771, -0.00281648314558, 0.00166165956762, 2.53840316873e-05], [0.000930231413804, -0.00252982438542, 0.00423898966983, -0.00321489525959, 0.00196691299789, -0.00377517961897, 0.00418169563636, -0.00255409069359, 0.00200435006991, -0.0031053472776, 0.000266895163804, -0.0018832370406, 0.00171713344753], [-0.000887031434104, 0.00121923454572, -0.00321489525959, 0.00658221449703, -0.00364586431533, 0.00292382901534, -0.00273600663058, 0.00334004499018, -0.00374838500284, 0.00303398398682, -0.000271431752481, 0.00207397365011, -0.0013771278318], [0.00122436450329, -0.00311403023079, 0.00196691299789, -0.00364586431533, 0.0119329616427, -0.00551925832406, -0.00162412342615, -0.00498880958185, 0.00292907166295, -0.000442275108071, 0.00466365320608, -0.00636363215744, -0.00064495857805], [-0.00122605531942, 0.00312745501287, -0.00377517961897, 0.00292382901534, -0.00551925832406, 0.0118451556191, -0.00479372823611, 0.000426974089351, -0.00192354165483, 0.000576350372285, -0.00172705180012, 0.00499563943595, -0.00134917907417], [0.00074932561256, -0.00198793201707, 0.00418169563636, -0.00273600663058, -0.00162412342615, -0.00479372823611, 0.00991970673203, -0.00368346623145, 0.000887909380253, -0.00473166164011, -8.80426960066e-05, -0.00245517166331, 0.00377941853367], [-0.00124019093346, 0.0035307481885, -0.00255409069359, 0.00334004499018, -0.00498880958185, 0.000426974089351, -0.00368346623145, 0.0174096953124, -0.00776651827618, 0.00598428538069, -0.00332260481082, -0.00314616365358, 0.00125300185755], [0.000859500723891, -0.00231591123156, 0.00200435006991, -0.00374838500284, 0.00292907166295, -0.00192354165483, 0.000887909380253, -0.00776651827618, 0.0159480832517, -0.00518521945924, 0.00105009181425, 0.0018495322438, -0.00172676832881], [-0.000842766603455, 0.00294579914771, -0.0031053472776, 0.00303398398682, -0.000442275108071, 0.000576350372285, -0.00473166164011, 0.00598428538069, -0.00518521945924, 0.0151964109391, -0.00494312448427, -0.000469303835416, -0.00286178244278], [0.000549845513888, -0.00281648314558, 0.000266895163804, -0.000271431752481, 0.00466365320608, -0.00172705180012, -8.80426960066e-05, -0.00332260481082, 0.00105009181425, -0.00494312448427, 0.0117641193792, -0.00093173404457, -0.0031529397238], [-0.000682714045979, 0.00166165956762, -0.0018832370406, 0.00207397365011, -0.00636363215744, 0.00499563943595, -0.00245517166331, -0.00314616365358, 0.0018495322438, -0.000469303835416, -0.00093173404457, 0.0189842134714, -0.00401484780014], [0.000159873525263, 2.53840316873e-05, 0.00171713344753, -0.0013771278318, -0.00064495857805, -0.00134917907417, 0.00377941853367, 0.00125300185755, -0.00172676832881, -0.00286178244278, -0.0031529397238, -0.00401484780014, 0.0142890578136]]
    },
    "melbands": {
        "max": [0.0111122243106, 0.0077259093523, 0.00125178613234, 0.00141629308928, 0.00328369857743, 0.00468198163435, 0.00103126175236, 0.00248431041837, 0.00181159842759, 0.00319115701132, 0.00280129024759, 0.00303392019123, 0.00253176712431, 0.00176399899647, 0.00229503377341, 0.000804805546068, 0.000747670710552, 0.000555126345716, 0.000657553551719, 0.000403902580729, 0.000570871983655, 0.000205938980798, 0.000267141062068, 0.000271066674031, 0.000194588588784, 0.000138171497383, 0.000136878210469, 0.000121306547953, 0.000109961532871, 0.000110728236905, 6.58363715047e-05, 3.69968256564e-05, 1.75519853656e-05, 1.4954256585e-05, 1.28019100885e-05, 2.69841402769e-05, 1.8775674107e-05, 2.52594836638e-05, 3.74071096303e-05, 3.34988762916e-05],
        "mean": [0.000223278751946, 0.000128489162307, 3.28085225192e-05, 4.57062633359e-05, 0.000163735981914, 0.000175877605216, 7.6006836025e-05, 7.55544169806e-05, 0.000209153076867, 0.000376204174245, 0.000282325490844, 0.0003429982753, 0.000320479710354, 0.000155551388161, 9.54508286668e-05, 8.77790225786e-05, 6.5717358666e-05, 5.50026416022e-05, 4.73034378956e-05, 3.81438767363e-05, 3.65428604709e-05, 2.43166396103e-05, 2.72633806162e-05, 2.50873381447e-05, 1.2778735254e-05, 1.06591396616e-05, 8.43821726448e-06, 6.16894067207e-06, 5.15102556164e-06, 4.70543272968e-06, 3.83962287742e-06, 2.54040651271e-06, 1.61320122061e-06, 1.26830366298e-06, 1.2695170426e-06, 1.69943007222e-06, 1.17796537324e-06, 6.59068120967e-07, 6.94220204878e-07, 4.47352874744e-07],
        "min": [4.50777919323e-24, 3.63134723336e-24, 3.86463785772e-24, 5.67996812269e-24, 3.13479558112e-24, 5.28134053563e-24, 5.22366257611e-24, 5.69367891965e-24, 6.07985709833e-24, 6.85063928376e-24, 7.70117412341e-24, 5.96806170299e-24, 1.32965156148e-23, 1.50503616663e-23, 1.36518390769e-23, 6.58000201199e-24, 7.5239959641e-24, 6.03378091615e-24, 1.1165994003e-23, 6.85895861086e-24, 5.40898532984e-24, 5.10525494867e-24, 6.22665622418e-24, 1.16736551833e-23, 7.90342938204e-24, 7.68087436573e-24, 7.74360458492e-24, 1.26536586636e-23, 7.17658951004e-24, 8.64341088785e-24, 5.13130826336e-24, 5.23094652328e-24, 7.11557033017e-24, 7.67899529906e-24, 8.4208203728e-24, 1.30747218492e-23, 5.58056770432e-24, 8.74988817739e-24, 7.01720016414e-24, 1.11617491424e-23],
        "stdev": [0.00111177912913, 0.000610000977758, 0.000106022409454, 0.000125554128317, 0.000410232518334, 0.000442106509581, 0.000147607293911, 0.000171829000465, 0.000298191822367, 0.000450123567134, 0.000406748760724, 0.000496320484672, 0.00043946900405, 0.000228056014748, 0.00016635490465, 0.000120330281788, 8.89073562576e-05, 6.87843057676e-05, 6.28668494755e-05, 5.08038210683e-05, 5.49776814296e-05, 3.4767203033e-05, 4.17322880821e-05, 4.2415351345e-05, 2.42103033088e-05, 2.04603020393e-05, 1.91691469809e-05, 1.36889693749e-05, 1.13270207294e-05, 9.75036255113e-06, 7.20870502846e-06, 4.69000951853e-06, 2.52511472354e-06, 1.72185332303e-06, 1.66134964275e-06, 3.15637339554e-06, 2.32860065807e-06, 1.71785643488e-06, 2.41693464886e-06, 1.95565507966e-06]
    },
    "melbands128": {
        "max": [0.00231808959506, 0.0102770617232, 0.0180015228689, 0.0166149232537, 0.00723435916007, 0.00167368352413, 0.000940006226301, 0.00183119357098, 0.00328328786418, 0.00193856179249, 0.00162651983555, 0.00309207476676, 0.00585186760873, 0.0070255342871, 0.0085798446089, 0.00262929080054, 0.0026893611066, 0.00153207941912, 0.0026671118103, 0.00411079684272, 0.00239514373243, 0.00291502848268, 0.00292594986968, 0.00404696259648, 0.00616869702935, 0.00451751612127, 0.0042814258486, 0.00349801569246, 0.00350402086042, 0.00321308802813, 0.00497215706855, 0.00682250643149, 0.00375567236915, 0.00444035185501, 0.00411061570048, 0.00136366847437, 0.00179300049786, 0.00345293665305, 0.00377098261379, 0.00232648127712, 0.00122888258193, 0.000981694553047, 0.00158104905859, 0.0016949797282, 0.00142462551594, 0.000964047387242, 0.000854100217111, 0.000605180452112, 0.00175483629573, 0.000600302126259, 0.000762286770623, 0.000679348304402, 0.00129999779165, 0.000677627918776, 0.000470791244879, 0.000332741939928, 0.000389769760659, 0.00035876603215, 0.000388620916056, 0.000387492676964, 0.000477870227769, 0.000295008037938, 0.000356283504516, 0.000262503075646, 0.000221103691729, 0.000189087790204, 0.000141686890856, 0.000205509219086, 0.000223665701924, 0.000192994368263, 0.000158728449605, 0.000128287021653, 0.000114520349598, 0.00012245112157, 0.000229142984608, 0.000114457609016, 7.27855222067e-05, 9.40831887419e-05, 9.61880286923e-05, 7.4145696999e-05, 4.58134636574e-05, 3.7977926695e-05, 3.21110710502e-05, 1.9284998416e-05, 1.86115885299e-05, 3.17167105095e-05, 1.54864246724e-05, 1.25475007735e-05, 1.80477600225e-05, 1.67271209648e-05, 3.94505877921e-05, 4.07668194384e-05, 3.20769977407e-05, 2.71415483439e-05, 2.21341761062e-05, 2.21007539949e-05, 2.2124770112e-05, 4.08899104514e-05, 2.9572755011e-05, 6.98986041243e-05, 6.39693316771e-05, 2.05103224289e-05, 2.10284088098e-05, 1.67917860381e-05, 1.10141854748e-05, 7.14209591024e-06, 3.72815657101e-06, 3.24718598677e-06, 1.8762397076e-06, 1.90796731658e-06, 2.61193940787e-06, 1.08270876353e-06, 3.40496598028e-07, 1.87607454905e-07, 3.56766127751e-09, 1.75133985092e-09, 1.57773039078e-09, 1.49794632254e-09, 1.42388145719e-09, 1.41098877027e-09, 1.35506394994e-09, 1.30754818084e-09, 1.2604971511e-09, 1.23655552464e-09, 1.20697529749e-09, 1.18417653461e-09, 1.17574583403e-09, 1.16748910539e-09],
        "mean": [3.06078982248e-05, 0.000193838379346, 0.000325469969539, 0.000244860828388, 0.000119076481496, 4.18419185735e-05, 1.55778288899e-05, 2.5621824534e-05, 6.84854385327e-05, 3.35248441843e-05, 2.74226676993e-05, 0.00011755455489, 0.000209614154301, 0.000206077442272, 0.000194863183424, 0.000157194968779, 0.000108662061393, 4.5101493015e-05, 5.06553042214e-05, 8.26639079605e-05, 6.06729699939e-05, 0.000131325534312, 0.000196703447727, 0.000316272635246, 0.000421733711846, 0.000402782985475, 0.000298746541375, 0.000295353529509, 0.000228774253628, 0.000234702849411, 0.000368915323634, 0.00060062808916, 0.000268021569354, 0.000187933881534, 0.000207240736927, 0.000131724984385, 9.57304873737e-05, 9.65467988863e-05, 9.24000269151e-05, 9.49253226281e-05, 8.6985208327e-05, 7.85663796705e-05, 6.1737082433e-05, 6.29068235867e-05, 6.2382001488e-05, 5.41832960153e-05, 4.61459567305e-05, 4.50801126135e-05, 4.99352026964e-05, 4.67497338832e-05, 3.54313669959e-05, 3.04783516185e-05, 3.46354390786e-05, 4.61004892713e-05, 2.72442557616e-05, 2.08429682971e-05, 2.07770899578e-05, 2.68481362582e-05, 2.82697510556e-05, 3.00155825244e-05, 3.07023547066e-05, 1.64956109074e-05, 1.23818417705e-05, 1.19151472973e-05, 1.30425923999e-05, 1.13387332021e-05, 8.62711567606e-06, 8.28322026791e-06, 9.03907130123e-06, 7.80172558734e-06, 5.75179547013e-06, 5.92034712099e-06, 5.18058777743e-06, 4.92725894219e-06, 5.12695532962e-06, 4.68293819722e-06, 4.73051386507e-06, 4.20565038439e-06, 3.96080758946e-06, 3.11742587655e-06, 2.95378390547e-06, 2.16093417293e-06, 1.74028593847e-06, 1.59011653977e-06, 1.55220641318e-06, 1.20543916182e-06, 1.25277892948e-06, 1.1876006738e-06, 1.18579760056e-06, 1.32706202294e-06, 1.72496515916e-06, 1.79183859927e-06, 1.74026888544e-06, 1.24578195937e-06, 7.95953269517e-07, 6.52906635423e-07, 6.28281156878e-07, 6.44920760351e-07, 7.22449556179e-07, 7.36915808375e-07, 5.81848212278e-07, 3.93837808588e-07, 2.93456935196e-07, 2.22606288958e-07, 1.81588092119e-07, 1.49225328983e-07, 1.15462420069e-07, 9.24383982692e-08, 7.70980079778e-08, 7.01850382256e-08, 6.08209731467e-08, 3.70543133954e-08, 4.28722479739e-09, 1.33984534578e-09, 1.12584615242e-10, 8.03294306073e-11, 2.19068617413e-11, 6.00290173472e-12, 5.79920356528e-12, 5.68278844121e-12, 5.48024733232e-12, 5.3589957992e-12, 5.2608663953e-12, 5.12694444191e-12, 4.76511755401e-12, 4.23908434397e-12, 3.95869665173e-12, 3.89724667468e-12],
        "min": [1.13827193372e-23, 4.05734632167e-24, 3.29564846121e-24, 2.201057018e-24, 3.01782920255e-24, 2.70924081871e-24, 3.1855552305e-24, 1.61162162873e-24, 8.81237621628e-24, 8.20148154241e-24, 1.36381300548e-24, 5.44280498014e-25, 2.26667190429e-24, 7.1332700023e-24, 4.99223090247e-24, 2.33738914293e-24, 2.91232280357e-24, 8.4772002617e-24, 3.44836345221e-24, 4.83391401298e-24, 4.31572587826e-24, 2.92448763037e-24, 3.81077325182e-24, 1.41170697957e-23, 6.50450131804e-24, 2.92357689046e-24, 9.6247325547e-24, 4.75899431508e-24, 4.16720624678e-24, 4.05612003739e-24, 1.91291196451e-24, 3.32474894836e-24, 7.73934710261e-24, 7.97116886797e-24, 2.90638445589e-23, 4.33735959973e-24, 3.48849990621e-24, 1.95916540374e-23, 1.46871858828e-23, 3.45438640522e-24, 3.9604935296e-24, 3.85755861995e-24, 2.34479694126e-24, 4.77533596317e-24, 3.11540163298e-24, 3.92107020586e-24, 7.28431714412e-24, 8.10071639468e-24, 1.36192670101e-23, 8.43313685812e-24, 3.64083999106e-24, 1.08638512044e-24, 3.38798088308e-24, 3.28909204102e-24, 3.96845195284e-24, 2.4617875773e-24, 7.23123469381e-24, 4.65660648047e-24, 5.5321466331e-24, 8.95921715176e-24, 1.26154549188e-23, 1.3182434495e-23, 4.7103756342e-24, 3.98748440547e-24, 8.1245565601e-24, 7.16027744425e-24, 8.77699817126e-24, 4.75196595885e-24, 1.00885764561e-23, 7.81784191812e-24, 1.11666108922e-23, 9.49194517624e-24, 4.11305015677e-24, 5.42379658777e-24, 3.85268898159e-24, 6.60103935461e-24, 7.85383527465e-24, 7.51958623163e-24, 4.72806465671e-24, 2.748645407e-24, 4.12419045047e-24, 7.13166861466e-24, 5.9173276916e-24, 6.43042925119e-24, 8.14565858932e-24, 7.74315177876e-24, 8.22245262072e-24, 5.4266128212e-24, 5.17417614824e-24, 9.36479105351e-24, 1.46623825182e-23, 1.24882290098e-23, 6.11189352855e-24, 4.62363367236e-24, 5.18146640629e-24, 7.93740719895e-24, 8.96154823573e-24, 8.02476802217e-24, 5.84885495945e-24, 5.90065393307e-24, 1.03969832047e-23, 9.85693218443e-24, 1.36003375038e-23, 9.72557737738e-24, 1.28337437754e-23, 1.32161196445e-23, 6.22419931689e-24, 7.99256750888e-24, 1.0089665873e-23, 9.03138056964e-24, 8.34064686129e-24, 7.78136972303e-24, 9.48643261624e-24, 8.95957056144e-24, 6.36051882005e-24, 8.79247088906e-24, 1.11701686549e-23, 8.55974745568e-24, 7.36038700121e-24, 5.21408186042e-24, 7.9128594253e-24, 8.39239929211e-24, 8.98655828187e-24, 6.85780687394e-24, 5.31679983332e-24, 8.91458261288e-24, 1.00331605552e-23, 1.12810753984e-23],
        "stdev": [0.000166118858033, 0.00101918005385, 0.00170297524892, 0.00127020129003, 0.000580686493777, 0.000175592984306, 5.83056280448e-05, 0.00011529114272, 0.000282695284113, 0.000126654631458, 9.66470033745e-05, 0.000355786381988, 0.00065785786137, 0.0006363511784, 0.000724739511497, 0.000376050244085, 0.000268289353698, 0.00012727030844, 0.000148238963448, 0.000248935131822, 0.000167611797224, 0.000350725575117, 0.000371933798306, 0.000585294736084, 0.000669698347338, 0.000594718265347, 0.000511660124175, 0.000525746494532, 0.00039536631084, 0.000426035869168, 0.000675975286867, 0.00105260685086, 0.000421259348514, 0.000430613144999, 0.000405323196901, 0.000207010176382, 0.000163291129866, 0.000227076103329, 0.000240433044382, 0.000194989144802, 0.00013498115004, 0.000123603371321, 0.000122624216601, 0.000132180735818, 0.000132256915094, 8.18554399302e-05, 6.88352447469e-05, 6.97799769114e-05, 0.000109540807898, 7.51712141209e-05, 6.521713658e-05, 5.5770335166e-05, 7.2714232374e-05, 8.94606928341e-05, 4.824269854e-05, 3.69907575077e-05, 3.86948049709e-05, 4.97739601997e-05, 5.25700306753e-05, 5.81868407608e-05, 6.2753133534e-05, 3.61521342711e-05, 2.88348564936e-05, 2.50972680078e-05, 2.88482424367e-05, 2.43840549956e-05, 1.83046649909e-05, 1.96609144041e-05, 2.40338576987e-05, 2.09935933526e-05, 1.439387961e-05, 1.42782037074e-05, 1.15520861073e-05, 1.22833034766e-05, 1.36672724693e-05, 1.06253664853e-05, 9.94646143226e-06, 9.46514046518e-06, 8.23969639896e-06, 6.19960383119e-06, 6.12607573203e-06, 4.2793603825e-06, 2.96871439787e-06, 2.7279634196e-06, 2.62126764028e-06, 2.15146155824e-06, 1.9370870632e-06, 1.70508621977e-06, 1.73482726495e-06, 2.12609779737e-06, 3.66704443877e-06, 3.87435102311e-06, 3.77853325517e-06, 2.71528392659e-06, 1.85784494988e-06, 1.74304409484e-06, 1.72507282059e-06, 2.23461870519e-06, 2.21277264245e-06, 3.73336820303e-06, 3.2248133266e-06, 1.50094467699e-06, 1.20665504255e-06, 8.44486407914e-07, 5.51755988454e-07, 4.47687710903e-07, 2.45122691922e-07, 1.73621856447e-07, 1.21530575825e-07, 1.18807037097e-07, 1.33946684855e-07, 7.03571743088e-08, 2.3280314565e-08, 1.19145049382e-08, 3.37836841835e-10, 2.22823329232e-10, 8.91044044105e-11, 6.37998126551e-11, 6.06480282661e-11, 6.00941171824e-11, 5.77143020875e-11, 5.56910247085e-11, 5.36863227485e-11, 5.26686819158e-11, 5.1418966307e-11, 5.04684558034e-11, 5.01192524982e-11, 4.97690430534e-11]
    },
    "mfcc": {
        "mean": [-671.354492188, 80.6081085205, -48.205783844, -29.1407165527, -26.5952358246, -10.7349500656, -11.9429349899, 0.339317053556, -1.98654937744, 0.828969359398, -7.55583620071, -3.23479366302, -8.02961349487],
        "cov": [[5732.08349609, -528.002319336, -1420.20935059, -103.680686951, -318.928192139, 371.821838379, 579.041381836, 728.117858887, 593.859558105, 250.017562866, 299.992034912, 61.4186935425, 81.8372802734], [-528.002319336, 960.238952637, 681.85925293, 274.580932617, 204.581253052, -12.7641305923, -76.3059234619, -120.513832092, -184.371368408, -79.4930419922, 5.77435350418, 53.1422462463, 6.77947378159], [-1420.20935059, 681.85925293, 1708.84472656, 249.988876343, 371.370300293, -201.794052124, -354.618560791, -561.996582031, -453.200683594, -17.6994571686, -176.118286133, 91.0917739868, -3.68181276321], [-103.680686951, 274.580932617, 249.988876343, 424.480133057, 147.93548584, 80.4314346313, -5.31504201889, 78.0105056763, 12.4466457367, -36.4366569519, 33.2525672913, -22.2335758209, -4.38478279114], [-318.928192139, 204.581253052, 371.370300293, 147.93548584, 272.912750244, 9.32668972015, -30.3496379852, 10.3349113464, -18.5982627869, -19.0786113739, -29.6281280518, 15.063044548, -0.0399872399867], [371.821838379, -12.7641305923, -201.794052124, 80.4314346313, 9.32668972015, 262.029785156, 187.976821899, 207.812759399, 171.23425293, 43.8708190918, 89.9381027222, 4.40384340286, 35.0465927124], [579.041381836, -76.3059234619, -354.618560791, -5.31504201889, -30.3496379852, 187.976821899, 321.188568115, 287.755371094, 192.010101318, 45.3989181519, 118.283126831, 24.3949260712, 64.6518096924], [728.117858887, -120.513832092, -561.996582031, 78.0105056763, 10.3349113464, 207.812759399, 287.755371094, 530.631713867, 319.176208496, -9.49647521973, 174.886367798, -28.4494628906, 41.9761390686], [593.859558105, -184.371368408, -453.200683594, 12.4466457367, -18.5982627869, 171.23425293, 192.010101318, 319.176208496, 302.025634766, 37.4945907593, 110.815086365, -19.1097793579, 33.3234405518], [250.017562866, -79.4930419922, -17.6994571686, -36.4366569519, -19.0786113739, 43.8708190918, 45.3989181519, -9.49647521973, 37.4945907593, 121.194374084, 6.33439064026, 37.1651496887, 22.3878364563], [299.992034912, 5.77435350418, -176.118286133, 33.2525672913, -29.6281280518, 89.9381027222, 118.283126831, 174.886367798, 110.815086365, 6.33439064026, 162.465789795, 18.8057765961, 32.3432846069], [61.4186935425, 53.1422462463, 91.0917739868, -22.2335758209, 15.063044548, 4.40384340286, 24.3949260712, -28.4494628906, -19.1097793579, 37.1651496887, 18.8057765961, 89.5840377808, 37.7995948792], [81.8372802734, 6.77947378159, -3.68181276321, -4.38478279114, -0.0399872399867, 35.0465927124, 64.6518096924, 41.9761390686, 33.3234405518, 22.3878364563, 32.3432846069, 37.7995948792, 81.7504501343]],
        "icov": [[0.000272633944405, -2.766149737e-05, 9.63785641943e-05, -8.11270001577e-05, 0.000219269946683, 9.2013135145e-05, -0.000119511641969, -0.000201022718102, -0.000145967089338, -0.000465049030026, 2.25481180678e-05, -0.000288217503112, 0.000198954847292], [-2.766149737e-05, 0.00196073832922, -0.000493586645462, -0.000708104576916, -0.000331127695972, -0.000419413176132, -0.000297882594168, -7.76083106757e-06, 0.000957873824518, 0.00125596835278, -0.000641254649963, -0.000915513490327, 0.000166692974744], [9.63785641943e-05, -0.000493586645462, 0.00251676887274, -0.000594906276092, -0.00263074645773, -0.000125919192214, 0.000485150376335, 0.00161921733525, 0.00166880863253, -0.000939253950492, -0.000652855087537, -0.000270418066066, -0.00117620488163], [-8.11270001577e-05, -0.000708104576916, -0.000594906276092, 0.00413078721613, -0.000902793428395, -0.00155964423902, 0.00115746294614, -0.00117608602159, 0.000335608987371, 0.000138807896292, -0.000622794148512, 0.00182431645226, -8.05478193797e-05], [0.000219269946683, -0.000331127695972, -0.00263074645773, -0.000902793428395, 0.00875056069344, 0.000204200201551, 0.000245445786277, -0.00331672979519, -0.00239616562612, 0.000584244669881, 0.00336915417574, -0.00223324820399, 0.00158310087863], [9.2013135145e-05, -0.000419413176132, -0.000125919192214, -0.00155964423902, 0.000204200201551, 0.00897780898958, -0.00392754143104, 0.000737188442145, -0.00351375318132, -0.0018277480267, -0.000562806322705, 0.000629824353382, 0.000596466648858], [-0.000119511641969, -0.000297882594168, 0.000485150376335, 0.00115746294614, 0.000245445786277, -0.00392754143104, 0.0100144185126, -0.00415422860533, 0.00157245772425, -0.00157692318317, -0.000266028597252, -0.00138865457848, -0.00333642866462], [-0.000201022718102, -7.76083106757e-06, 0.00161921733525, -0.00117608602159, -0.00331672979519, 0.000737188442145, -0.00415422860533, 0.0106390947476, -0.00523463077843, 0.00324976933189, -0.00375920487568, 0.00170315185096, -0.000339845893905], [-0.000145967089338, 0.000957873824518, 0.00166880863253, 0.000335608987371, -0.00239616562612, -0.00351375318132, 0.00157245772425, -0.00523463077843, 0.0144308432937, -0.00347382528707, -0.00154431257397, 0.00218397052959, -0.00222059804946], [-0.000465049030026, 0.00125596835278, -0.000939253950492, 0.000138807896292, 0.000584244669881, -0.0018277480267, -0.00157692318317, 0.00324976933189, -0.00347382528707, 0.0140073094517, 0.000886647438165, -0.00477505568415, 0.000125949518406], [2.25481180678e-05, -0.000641254649963, -0.000652855087537, -0.000622794148512, 0.00336915417574, -0.000562806322705, -0.000266028597252, -0.00375920487568, -0.00154431257397, 0.000886647438165, 0.0122544029728, -0.00393258593976, -0.000291899370495], [-0.000288217503112, -0.000915513490327, -0.000270418066066, 0.00182431645226, -0.00223324820399, 0.000629824353382, -0.00138865457848, 0.00170315185096, 0.00218397052959, -0.00477505568415, -0.00393258593976, 0.02008266747, -0.00690976250917], [0.000198954847292, 0.000166692974744, -0.00117620488163, -8.05478193797e-05, 0.00158310087863, 0.000596466648858, -0.00333642866462, -0.000339845893905, -0.00222059804946, 0.000125949518406, -0.000291899370495, -0.00690976250917, 0.0187013093382]]
    },
    "spectral_contrast_coeffs": {
        "max": [-0.34432002902, -0.503497004509, -0.541240513325, -0.552963256836, -0.589620530605, -0.584569394588],
        "mean": [-0.679555356503, -0.732809662819, -0.766713380814, -0.805501580238, -0.792594909668, -0.73215675354],
        "min": [-0.963392555714, -0.971137106419, -0.974097073078, -0.969082951546, -0.957695126534, -0.962672829628],
        "stdev": [0.119680672884, 0.066487967968, 0.0531695000827, 0.0555524528027, 0.0451981015503, 0.0539397336543]
    },
    "spectral_contrast_valleys": {
        "max": [-6.36580228806, -5.6261138916, -5.14717340469, -5.64417600632, -5.62626218796, -8.43378639221],
        "mean": [-9.20295238495, -7.15159034729, -6.92747449875, -7.28443002701, -7.74880695343, -10.6548471451],
        "min": [-27.4994087219, -27.0677719116, -27.6230754852, -27.0646381378, -27.4211120605, -27.1665458679],
        "stdev": [1.55055320263, 1.40066969395, 1.6750715971, 1.5881010294, 1.57424402237, 1.29335093498]
    }
},
"rhythm": {
    "beats_count": 28,
    "beats_loudness": {
        "max": 0.0459597446024,
        "mean": 0.0175849609077,
        "min": 0.000720292446204,
        "stdev": 0.0119855608791
    },
    "bpm": 147.399887085,
    "bpm_histogram_first_peak_bpm": 148,
    "bpm_histogram_first_peak_weight": 0.0624999403954,
    "bpm_histogram_second_peak_bpm": 115,
    "bpm_histogram_second_peak_spread": 0.571428596973,
    "bpm_histogram_second_peak_weight": 0.111111111939,
    "danceability": 0.801220297813,
    "onset_rate": 1.56747615337,
    "beats_loudness_band_ratio": {
        "max": [0.453906655312, 0.823610424995, 0.725855946541, 0.691106796265, 0.333077132702, 0.175663858652],
        "mean": [0.0338557548821, 0.118935160339, 0.297514945269, 0.352292746305, 0.174395546317, 0.0623591728508],
        "min": [0.000139657160616, 0.000997094204649, 0.0556751191616, 0.0357136689126, 0.00751260761172, 0.00297933467664],
        "stdev": [0.0904117971659, 0.218556955457, 0.167099893093, 0.191782295704, 0.102487698197, 0.0471604652703]
    },
    "beats_position": [0.417959183455, 0.847528338432, 1.27709746361, 1.69505667686, 2.14784574509, 2.60063481331, 3.00698399544, 3.41333317757, 3.8196823597, 4.22603178024, 4.63238096237, 5.0387301445, 5.44507932663, 5.85142850876, 6.25777769089, 6.66412687302, 7.07047605515, 7.47682523727, 7.8831744194, 8.28952407837, 8.6958732605, 9.21832180023, 9.75238037109, 10.2864398956, 10.8088884354, 11.3313379288, 11.8421764374, 12.3530158997],
