{
"metadata": {
    "version": {
        "essentia": "2.1-beta5",
        "essentia_git_sha": "Undefined",
        "extractor": "music 2.0"
    },
    "audio_properties": {
        "analysis": {
            "equal_loudness": 0,
            "length": 31.5210876465,
            "sample_rate": 44100,
            "start_time": 158.987030029,
            "downmix": "mix"
        },
        "bit_rate": 192000,
        "length": 190.531356812,
        "lossless": 0,
        "number_channels": 2,
        "replay_gain": -1.92681121826,
        "sample_rate": 48000,
        "codec": "mp3",
        "md5_encoded": "2c51d5d6f6d5056dbbeee6e0f9e5d525"
    },
    "tags": {
        "file_name": "Malta_Warrior_Amber.mp3",
        "encoding": ["Lavf58.29.100"]
    }
},
"lowlevel": {
    "average_loudness": 0.952773034573,
    "barkbands_crest": {
        "max": 21.3566169739,
        "mean": 8.94339370728,
        "min": 2.8480079174,
        "stdev": 3.1693277359
    },
    "barkbands_flatness_db": {
        "max": 0.23406368494,
        "mean": 0.137984484434,
        "min": 0.0547531321645,
        "stdev": 0.032471768558
    },
    "barkbands_kurtosis": {
        "max": 28.4938297272,
        "mean": 0.405884325504,
        "min": -1.68534731865,
        "stdev": 1.59218204021
    },
    "barkbands_skewness": {
        "max": 4.89059019089,
        "mean": 0.49074202776,
        "min": -1.39634668827,
        "stdev": 0.709760665894
    },
    "barkbands_spread": {
        "max": 46.8798828125,
        "mean": 22.2048969269,
        "min": 5.19991254807,
        "stdev": 10.2375230789
    },
    "dissonance": {
        "max": 0.499996781349,
        "mean": 0.478724241257,
        "min": 0.373389571905,
        "stdev": 0.0193636287004
    },
    "dynamic_complexity": 1.67313861847,
    "erbbands_crest": {
        "max": 26.5231075287,
        "mean": 11.3588323593,
        "min": 2.15946865082,
        "stdev": 4.70151042938
    },
    "erbbands_flatness_db": {
        "max": 0.309654414654,
        "mean": 0.206167146564,
        "min": 0.0477676540613,
        "stdev": 0.0425848290324
    },
    "erbbands_kurtosis": {
        "max": 9.73501491547,
        "mean": 1.70512068272,
        "min": -0.866754055023,
        "stdev": 1.69130063057
    },
    "erbbands_skewness": {
        "max": 2.33182168007,
        "mean": 0.593266963959,
        "min": -1.23136651516,
        "stdev": 0.541511297226
    },
    "erbbands_spread": {
        "max": 67.6897659302,
        "mean": 18.1234035492,
        "min": 6.09531402588,
        "stdev": 6.22764015198
    },
    "hfc": {
        "max": 104.425811768,
        "mean": 38.3004570007,
        "min": 4.10260270201e-07,
        "stdev": 17.7330493927
    },
    "loudness_ebu128": {
        "integrated": -19.5224590302,
        "loudness_range": 2.15123748779,
        "momentary": {
            "max": -17.4350528717,
            "mean": -19.7206840515,
            "min": -24.439043045,
            "stdev": 1.36996853352
        },
        "short_term": {
            "max": -18.3019676208,
            "mean": -19.4951820374,
            "min": -22.1470127106,
            "stdev": 0.804497003555
        }
    },
    "melbands_crest": {
        "max": 29.6402339935,
        "mean": 12.6214056015,
        "min": 4.41926574707,
        "stdev": 4.87054872513
    },
    "melbands_flatness_db": {
        "max": 0.298669844866,
        "mean": 0.155205637217,
        "min": 0.0706764981151,
        "stdev": 0.0313502810895
    },
    "melbands_kurtosis": {
        "max": 58.2530860901,
        "mean": 2.13185167313,
        "min": -1.41871356964,
        "stdev": 3.64386844635
    },
    "melbands_skewness": {
        "max": 6.15843963623,
        "mean": 1.09480035305,
        "min": -1.03373074532,
        "stdev": 0.859719157219
    },
    "melbands_spread": {
        "max": 68.1964797974,
        "mean": 32.9726295471,
        "min": 6.01640033722,
        "stdev": 14.8563127518
    },
    "pitch_salience": {
        "max": 0.840552389622,
        "mean": 0.573757171631,
        "min": 0.21730735898,
        "stdev": 0.12259658426
    },
    "silence_rate_20dB": {
        "max": 1,
        "mean": 1,
        "min": 1,
        "stdev": 0
    },
    "silence_rate_30dB": {
        "max": 1,
        "mean": 1,
        "min": 1,
        "stdev": 0
    },
    "silence_rate_60dB": {
        "max": 1,
        "mean": 0.00147167034447,
        "min": 0,
        "stdev": 0.0383341163397
    },
    "spectral_centroid": {
        "max": 3274.60131836,
        "mean": 1777.18005371,
        "min": 806.579711914,
        "stdev": 275.24017334
    },
    "spectral_complexity": {
        "max": 48,
        "mean": 27.9565849304,
        "min": 0,
        "stdev": 5.42026376724
    },
    "spectral_decrease": {
        "max": -5.28179676238e-16,
        "mean": -8.44628900154e-09,
        "min": -3.24183808686e-08,
        "stdev": 4.42011494073e-09
    },
    "spectral_energy": {
        "max": 0.128859460354,
        "mean": 0.0353521518409,
        "min": 2.0306878401e-09,
        "stdev": 0.0179155636579
    },
    "spectral_energyband_high": {
        "max": 0.00376416486688,
        "mean": 0.000969198648818,
        "min": 2.26094490352e-11,
        "stdev": 0.000641269783955
    },
    "spectral_energyband_low": {
        "max": 0.0838353484869,
        "mean": 0.00904521532357,
        "min": 1.24448373828e-09,
        "stdev": 0.0113009167835
    },
    "spectral_energyband_middle_high": {
        "max": 0.0639134719968,
        "mean": 0.019817745313,
        "min": 3.83317162733e-11,
        "stdev": 0.0106458328664
    },
    "spectral_energyband_middle_low": {
        "max": 0.0755467936397,
        "mean": 0.00646211532876,
        "min": 2.09877892843e-10,
        "stdev": 0.0056083695963
    },
    "spectral_entropy": {
        "max": 8.88101387024,
        "mean": 7.69485330582,
        "min": 7.1400437355,
        "stdev": 0.187102302909
    },
    "spectral_flux": {
        "max": 0.25253868103,
        "mean": 0.114312298596,
        "min": 0.00344594730996,
        "stdev": 0.0379266031086
    },
    "spectral_kurtosis": {
        "max": 11.2172727585,
        "mean": 4.76277303696,
        "min": 1.23206138611,
        "stdev": 1.61461126804
    },
    "spectral_rms": {
        "max": 0.0112123386934,
        "mean": 0.00567681528628,
        "min": 1.40753650157e-06,
        "stdev": 0.00150457466953
    },
    "spectral_rolloff": {
        "max": 3789.84375,
        "mean": 1790.61584473,
        "min": 86.1328125,
        "stdev": 435.384399414
    },
    "spectral_skewness": {
        "max": 2.6927344799,
        "mean": 1.62644183636,
        "min": 0.998601198196,
        "stdev": 0.234328433871
    },
    "spectral_spread": {
        "max": 14386407,
        "mean": 3739374.75,
        "min": 2447817.5,
        "stdev": 673044.625
    },
    "spectral_strongpeak": {
        "max": 11.1623659134,
        "mean": 2.22780132294,
        "min": 0,
        "stdev": 2.19197916985
    },
    "zerocrossingrate": {
        "max": 0.11083984375,
        "mean": 0.0696528330445,
        "min": 0.00048828125,
        "stdev": 0.0136991627514
    },
    "barkbands": {
        "max": [0.00923254247755, 0.0703711658716, 0.0255971215665, 0.00826933421195, 0.00872865598649, 0.00673883361742, 0.00828014314175, 0.016680534929, 0.0657757073641, 0.0332686752081, 0.0407026968896, 0.0441074110568, 0.0351621210575, 0.0334233678877, 0.032448142767, 0.00393241131678, 0.00705278106034, 0.00536445342004, 0.00396045576781, 0.00314952875488, 0.00139521737583, 0.000652560556773, 0.000707043800503, 0.000881439307705, 0.000570901029278, 0.000112307148811, 2.15058594222e-06],
        "mean": [0.00066249986412, 0.00651746569201, 0.00153407128528, 0.000612263916992, 0.000676349154674, 0.000556492304895, 0.000477395253256, 0.00058153970167, 0.00230130669661, 0.00336285145022, 0.00425770273432, 0.00293219368905, 0.00194495171309, 0.00278550805524, 0.0025687860325, 0.000666092149913, 0.000690883665811, 0.000680101569742, 0.000376718584448, 0.000522104208358, 0.00019444708596, 0.000114966285764, 0.000122844634461, 0.00013857743761, 6.01634819759e-05, 1.39230405694e-05, 3.78408371304e-09],
        "min": [5.76223346815e-10, 6.20207996072e-10, 1.04788289157e-10, 6.1837826526e-11, 7.76487069087e-11, 2.60901491383e-11, 1.73226086253e-11, 1.35257959347e-11, 1.11874572106e-11, 7.20510283381e-12, 6.32124691133e-12, 6.87201857918e-12, 6.16442747542e-12, 3.20905346567e-12, 3.30594969802e-12, 1.74640434492e-12, 1.32793580819e-12, 7.44817673249e-13, 1.48445904007e-12, 2.05488100494e-12, 1.46115584909e-12, 2.31772717338e-12, 2.7189849764e-12, 4.44789127405e-12, 4.26508741519e-12, 2.56812279775e-12, 3.8491471295e-12],
        "stdev": [0.00106426910497, 0.00888686440885, 0.00322505971417, 0.00105047726538, 0.000873759505339, 0.000701155746356, 0.000693284848239, 0.000875322846696, 0.00404195208102, 0.00438036117703, 0.00636929925531, 0.00461126072332, 0.00354197621346, 0.00397829385474, 0.00392015744001, 0.000605791981798, 0.000635668460745, 0.000564561225474, 0.000370080379071, 0.000520131085068, 0.000157523812959, 9.840248822e-05, 0.000113518231956, 0.000130784421344, 6.17138794041e-05, 1.2858887203e-05, 5.84819552785e-08]
    },
    "erbbands": {
        "max": [3.04309439659, 13.3968992233, 31.8621025085, 29.6813678741, 25.5060787201, 29.9134902954, 35.3571014404, 67.0878143311, 84.2252655029, 222.749526978, 436.704376221, 1823.03857422, 1729.22045898, 1321.83984375, 1769.81274414, 1920.27294922, 1510.00622559, 1402.24084473, 1998.26611328, 1181.91662598, 194.159698486, 466.779785156, 201.200149536, 291.887878418, 151.588912964, 193.789749146, 67.3603591919, 44.6500358582, 22.9697990417, 26.6198062897, 22.0298900604, 20.9671001434, 14.2283363342, 6.64995193481, 4.57830810547, 0.893422544003, 0.197171121836, 0.00381550355814, 0.000311885523843, 0.000149170155055],
        "mean": [0.248180150986, 1.20860564709, 2.00007462502, 1.98009431362, 2.09606575966, 2.16652321815, 3.25713729858, 4.42213106155, 5.66101026535, 9.50051784515, 18.1837310791, 48.7121391296, 101.056808472, 137.447921753, 151.862365723, 124.247169495, 94.5504150391, 140.79258728, 143.187240601, 82.2712860107, 36.4563331604, 38.7036895752, 33.9183349609, 31.1256084442, 18.0980453491, 24.4679546356, 12.6643466949, 6.18990564346, 4.23666858673, 3.45479679108, 3.5854780674, 3.64672589302, 1.74206161499, 0.859914839268, 0.326320230961, 0.103066891432, 0.0168815646321, 0.000392371235648, 3.90661225538e-05, 4.60021219624e-05],
        "min": [3.38254437793e-08, 8.69441620921e-08, 1.27238067194e-07, 1.78861981226e-07, 2.49155135634e-07, 2.47167974976e-07, 2.13056054577e-07, 2.08336615515e-07, 2.35736820287e-07, 2.87454298586e-07, 2.8386887152e-07, 2.54049297155e-07, 2.4354164907e-07, 2.3848539854e-07, 2.65147065193e-07, 2.84688496777e-07, 2.71869112112e-07, 2.00708953457e-07, 1.65848476286e-07, 1.58038346854e-07, 9.56466337243e-08, 7.34619902687e-08, 4.78316763974e-08, 5.01737567049e-08, 8.376008509e-08, 1.02081905595e-07, 7.89505492094e-08, 5.41903268925e-08, 7.48459072497e-08, 1.09966528328e-07, 6.14091106854e-08, 8.93311025152e-08, 6.86149661533e-08, 6.39506438915e-08, 2.03563850221e-08, 7.62247154285e-09, 5.98210814218e-09, 1.90997573313e-09, 3.56263685219e-10, 7.38643313181e-11],
        "stdev": [0.35968285799, 1.72867953777, 3.91701507568, 3.17769479752, 3.07909417152, 2.9648194313, 4.38418626785, 6.21776247025, 7.88698196411, 14.2432346344, 22.9265727997, 84.3298187256, 151.198272705, 199.522186279, 216.030731201, 192.249404907, 141.275039673, 176.015090942, 216.038360596, 97.1244888306, 26.4705944061, 36.996547699, 27.5844421387, 30.3594837189, 15.5053653717, 26.1481781006, 10.4321632385, 4.8367061615, 3.48449921608, 3.17081189156, 3.32240509987, 3.56959867477, 1.77672481537, 0.841745316982, 0.391503065825, 0.0944171696901, 0.0168429221958, 0.000372355658328, 2.11388432945e-05, 2.20115925913e-05]
    },
    "gfcc": {
        "mean": [26.287940979, 66.2385635376, -172.355102539, 17.1968193054, -61.5132064819, 35.6887550354, -32.9276847839, 18.1687602997, -25.607049942, 2.71110415459, -12.051197052, -3.65294671059, -3.56485772133],
        "cov": [[2311.38110352, 955.005432129, 1049.27453613, 986.840026855, 522.495239258, 440.792327881, 43.3930397034, 54.8506813049, 25.8367996216, 146.190567017, 368.446350098, -63.1358146667, 33.2001113892], [955.005432129, 1290.59155273, 1165.92651367, 974.453063965, 612.950134277, 397.418212891, 160.289886475, 44.1326065063, 85.3319625854, 126.699180603, 392.058319092, -91.5522003174, 86.1943054199], [1049.27453613, 1165.92651367, 1353.42272949, 1054.57861328, 620.760803223, 441.242736816, 94.3966522217, 62.0291786194, 72.9691848755, 165.239685059, 355.705047607, -43.7961997986, 21.7242488861], [986.840026855, 974.453063965, 1054.57861328, 952.116333008, 553.706726074, 394.606140137, 90.3317642212, 37.5882835388, 61.4351081848, 132.545394897, 343.932617188, -63.0630989075, 40.4341621399], [522.495239258, 612.950134277, 620.760803223, 553.706726074, 411.332946777, 259.85534668, 72.499671936, 29.0908298492, 41.4616317749, 96.1050109863, 219.213806152, -42.1899604797, 28.573677063], [440.792327881, 397.418212891, 441.242736816, 394.606140137, 259.85534668, 239.005661011, 72.2967453003, 28.4593353271, 38.9041404724, 59.238079071, 163.199234009, -34.2185440063, 31.3880825043], [43.3930397034, 160.289886475, 94.3966522217, 90.3317642212, 72.499671936, 72.2967453003, 125.673095703, 36.0672187805, 18.2945613861, 9.85681247711, 52.7447776794, -9.54051971436, 39.0090713501], [54.8506813049, 44.1326065063, 62.0291786194, 37.5882835388, 29.0908298492, 28.4593353271, 36.0672187805, 67.0929794312, 27.9003295898, 9.74094104767, 20.6606216431, 8.059466362, 11.6147556305], [25.8367996216, 85.3319625854, 72.9691848755, 61.4351081848, 41.4616317749, 38.9041404724, 18.2945613861, 27.9003295898, 66.3656692505, 23.0211753845, 29.0205993652, -6.60300779343, 11.8743305206], [146.190567017, 126.699180603, 165.239685059, 132.545394897, 96.1050109863, 59.238079071, 9.85681247711, 9.74094104767, 23.0211753845, 76.8501815796, 67.9283599854, 0.738244891167, -8.51740646362], [368.446350098, 392.058319092, 355.705047607, 343.932617188, 219.213806152, 163.199234009, 52.7447776794, 20.6606216431, 29.0205993652, 67.9283599854, 222.622543335, -25.4756412506, 34.7568016052], [-63.1358146667, -91.5522003174, -43.7961997986, -63.0630989075, -42.1899604797, -34.2185440063, -9.54051971436, 8.059466362, -6.60300779343, 0.738244891167, -25.4756412506, 71.2121810913, 1.80336344242], [33.2001113892, 86.1943054199, 21.7242488861, 40.4341621399, 28.573677063, 31.3880825043, 39.0090713501, 11.6147556305, 11.8743305206, -8.51740646362, 34.7568016052, 1.80336344242, 85.1363143921]],
        "icov": [[0.00106326979585, -0.00143090425991, 0.00154863949865, -0.00172889104579, 0.00180744752288, -0.00254835188389, 0.00178787286859, -0.00193933758419, 0.00204468821175, -0.00163523771334, 0.000890152354259, -0.00065637921216, 0.000440000643721], [-0.00143090425991, 0.0149393538013, -0.0125065045431, 0.00327972718515, -0.00992973800749, 0.0154237495735, -0.0107224257663, 0.00997978448868, -0.00973511207849, 0.0099837500602, -0.00886642932892, 0.00808515027165, -0.00593062397093], [0.00154863949865, -0.0125065045431, 0.0172031074762, -0.0105984611437, 0.00824155844748, -0.0143624795601, 0.00962568167597, -0.0108529776335, 0.00901615805924, -0.0104546491057, 0.00950961560011, -0.00882522203028, 0.0063023455441], [-0.00172889104579, 0.00327972718515, -0.0105984611437, 0.0171952079982, -0.00833490025252, 0.00269525754265, -0.00255662552081, 0.00622742576525, -0.00443731900305, 0.00591512955725, -0.00674145808443, 0.00387154030614, -0.00210206210613], [0.00180744752288, -0.00992973800749, 0.00824155844748, -0.00833490025252, 0.0216403417289, -0.0160260684788, 0.00699825631455, -0.00793248228729, 0.00888514518738, -0.0119453994557, 0.00527491839603, -0.00376715813763, 0.00321695348248], [-0.00254835188389, 0.0154237495735, -0.0143624795601, 0.00269525754265, -0.0160260684788, 0.0354386493564, -0.0157090872526, 0.011574216187, -0.0139604322612, 0.0124796377495, -0.0115398960188, 0.00985834933817, -0.00660688523203], [0.00178787286859, -0.0107224257663, 0.00962568167597, -0.00255662552081, 0.00699825631455, -0.0157090872526, 0.0208043213934, -0.0134780369699, 0.00914323236793, -0.00757396547124, 0.00599260302261, -0.00457085017115, 0.000283037457848], [-0.00193933758419, 0.00997978448868, -0.0108529776335, 0.00622742576525, -0.00793248228729, 0.011574216187, -0.0134780369699, 0.0301101524383, -0.0161884855479, 0.00947371870279, -0.00705134868622, 0.00155420217197, -0.00302141904831], [0.00204468821175, -0.00973511207849, 0.00901615805924, -0.00443731900305, 0.00888514518738, -0.0139604322612, 0.00914323236793, -0.0161884855479, 0.0293224062771, -0.0140578188002, 0.00715574622154, -0.00206710235216, 0.000675861374475], [-0.00163523771334, 0.0099837500602, -0.0104546491057, 0.00591512955725, -0.0119453994557, 0.0124796377495, -0.00757396547124, 0.00947371870279, -0.0140578188002, 0.0319436080754, -0.0118751171976, 0.00109436491039, 0.00195563677698], [0.000890152354259, -0.00886642932892, 0.00950961560011, -0.00674145808443, 0.00527491839603, -0.0115398960188, 0.00599260302261, -0.00705134868622, 0.00715574622154, -0.0118751171976, 0.0184976346791, -0.00415779836476, 0.000455366185633], [-0.00065637921216, 0.00808515027165, -0.00882522203028, 0.00387154030614, -0.00376715813763, 0.00985834933817, -0.00457085017115, 0.00155420217197, -0.00206710235216, 0.00109436491039, -0.00415779836476, 0.0220439676195, -0.00637610722333], [0.000440000643721, -0.00593062397093, 0.0063023455441, -0.00210206210613, 0.00321695348248, -0.00660688523203, 0.000283037457848, -0.00302141904831, 0.000675861374475, 0.00195563677698, 0.000455366185633, -0.00637610722333, 0.0186579786241]]
    },
    "melbands": {
        "max": [0.0215380508453, 0.014662691392, 0.00438706949353, 0.00204484607093, 0.00111150159501, 0.0014003283577, 0.00112458062358, 0.00230221333914, 0.00350414658897, 0.0116986799985, 0.00829261075705, 0.00508980453014, 0.006750844419, 0.00553690269589, 0.00659806234762, 0.00455731386319, 0.00315496115945, 0.00356923951767, 0.00285484758206, 0.000519847671967, 0.000294105149806, 0.000602019717917, 0.000333537376719, 0.000326156528899, 0.000265828857664, 0.000162809039466, 0.000180270013516, 0.000161915508215, 6.56235497445e-05, 3.85451094189e-05, 2.18708009925e-05, 1.54138106154e-05, 1.32679015223e-05, 1.47025657498e-05, 1.27297807921e-05, 2.17469332711e-05, 1.6908179532e-05, 1.31843598865e-05, 8.13734914118e-06, 6.98259646015e-06],
        "mean": [0.00199724710546, 0.00119270442519, 0.000341182836564, 0.000151341417222, 0.000108076106699, 0.000102534766484, 9.30835158215e-05, 0.000102833881101, 0.000166719022673, 0.000337986944942, 0.000497736327816, 0.000524127855897, 0.000541417161003, 0.000322647450957, 0.000299411796732, 0.000188936421182, 0.000273096375167, 0.000221183654503, 0.000187582263607, 5.95028432144e-05, 3.81283462048e-05, 4.3167736294e-05, 3.00592000713e-05, 3.13445198117e-05, 2.52527752309e-05, 1.09244283522e-05, 1.43186671266e-05, 1.78878126462e-05, 9.31547947403e-06, 4.4376652113e-06, 3.19087007483e-06, 2.44447346631e-06, 2.01812144951e-06, 1.85093290384e-06, 1.95305779016e-06, 2.36020673583e-06, 2.21058417083e-06, 1.31089643673e-06, 8.69405312187e-07, 6.73021816056e-07],
        "min": [2.86750428957e-10, 7.93552168421e-11, 3.28895452539e-11, 1.8308857902e-11, 7.94467009541e-12, 4.75547249149e-12, 3.64485915408e-12, 3.17669892128e-12, 2.19197923701e-12, 1.58058906675e-12, 1.19857476808e-12, 9.48217524464e-13, 8.89911950554e-13, 7.73659402601e-13, 6.52254563294e-13, 6.1546183731e-13, 3.24303870433e-13, 2.60700396817e-13, 2.51085122745e-13, 1.49020566395e-13, 1.04924668129e-13, 8.79142949845e-14, 4.57823103701e-14, 3.28927321849e-14, 3.99762722111e-14, 5.59571276305e-14, 6.74486576075e-14, 6.77263082313e-14, 4.48063454557e-14, 4.38429234053e-14, 3.05354632096e-14, 4.04289266182e-14, 5.00783293414e-14, 6.73270507813e-14, 3.11376833063e-14, 3.16124825427e-14, 6.89318190744e-14, 3.11953120399e-14, 8.65131330832e-14, 3.99860164782e-14],
        "stdev": [0.00274648191407, 0.00184842885938, 0.000509709701873, 0.000205323507544, 0.000134110712679, 0.000138148083352, 0.000128439307446, 0.000157731148647, 0.000213845210965, 0.000601075938903, 0.00076656031888, 0.000782611721661, 0.000800766807515, 0.000465162243927, 0.000598875107244, 0.000318846054142, 0.000376712327125, 0.000383316015359, 0.000285301619442, 5.64891342947e-05, 3.23883577948e-05, 4.4503412937e-05, 3.06604997604e-05, 2.95105292025e-05, 2.74884769169e-05, 9.9757062344e-06, 1.60084600793e-05, 2.27933433052e-05, 9.56165513344e-06, 4.12962845076e-06, 2.75542493e-06, 2.11412498174e-06, 1.91717913367e-06, 1.7685927105e-06, 1.87738851309e-06, 2.55785244008e-06, 2.28832868743e-06, 1.50701498569e-06, 8.75451405591e-07, 7.75622311266e-07]
    },
    "melbands128": {
        "max": [0.00833222828805, 0.0296443309635, 0.0329669192433, 0.0218427293003, 0.0194392893463, 0.0115194348618, 0.00712758256122, 0.0032901186496, 0.00292096938938, 0.00269212177955, 0.00195139285643, 0.0014180697035, 0.00162778585218, 0.00159765523858, 0.00214897538535, 0.00257578957826, 0.00265957741067, 0.00167668866925, 0.00187850883231, 0.00340367667377, 0.00380799430422, 0.00353688839823, 0.00514897704124, 0.00524553470314, 0.0189327057451, 0.010033685714, 0.0207089297473, 0.0091463541612, 0.00963323190808, 0.0077012674883, 0.0112149203196, 0.011978645809, 0.0139054972678, 0.00996042508632, 0.0135531825945, 0.00920433923602, 0.00885977223516, 0.0139293372631, 0.00775503413752, 0.00756428809837, 0.00921067781746, 0.00391818257049, 0.00552041875198, 0.00406068610027, 0.00755748897791, 0.00541984289885, 0.00562356552109, 0.00624647410586, 0.0044854437001, 0.00162938982248, 0.000564335787203, 0.000476255227113, 0.000499741989188, 0.000490710022859, 0.000777389213908, 0.00126355572138, 0.00113781169057, 0.000689818814863, 0.000520287547261, 0.000439587223809, 0.000622785591986, 0.000460110168206, 0.000572510820348, 0.000293367804261, 0.000211110993405, 0.000269941810984, 0.000127414619783, 0.000341575592756, 0.000291617412586, 0.000261372362729, 0.000386676343624, 0.000369073066395, 0.000171831634361, 0.000133563822601, 0.000114471877168, 5.05152893311e-05, 7.32658809284e-05, 5.61422784813e-05, 4.11472574342e-05, 5.53298450541e-05, 3.02330718114e-05, 2.45659830398e-05, 1.88272497326e-05, 1.62661945069e-05, 1.78678346856e-05, 2.38154771068e-05, 2.43316808337e-05, 1.5306430214e-05, 2.19343673962e-05, 2.72808701993e-05, 3.52372189809e-05, 4.27468767157e-05, 2.64336867986e-05, 3.11160365527e-05, 3.11478179356e-05, 1.87149944395e-05, 2.04260413739e-05, 1.08542244561e-05, 1.27573121063e-05, 1.00686429505e-05, 1.01497471405e-05, 1.36663002195e-05, 1.49595698531e-05, 1.67802791111e-05, 4.81176721223e-06, 4.33716377302e-06, 3.71299438484e-06, 3.36682001034e-06, 2.26204906539e-06, 1.69678241946e-06, 2.87118768938e-06, 1.30806165544e-06, 3.73553206146e-07, 1.91007757167e-07, 1.15211955531e-08, 1.10408384657e-08, 1.06103623665e-08, 1.01933625984e-08, 9.85482540017e-09, 9.56321066781e-09, 9.27026988506e-09, 9.03887631409e-09, 8.83204176461e-09, 8.66438742975e-09, 8.50610248904e-09, 8.43155767427e-09, 8.33444957493e-09, 8.28433321942e-09],
        "mean": [0.000601904990617, 0.00216865143739, 0.00251247151755, 0.00183625426143, 0.0012011124054, 0.000652380287647, 0.000417250441387, 0.000256628292846, 0.000212839004234, 0.000152915730723, 0.000111761124572, 9.36728465604e-05, 0.000116847448226, 0.000113875823445, 9.47731168708e-05, 0.000106655737909, 9.01559906197e-05, 7.19285089872e-05, 0.000128919753479, 0.000103806167317, 9.20456877793e-05, 8.75403129612e-05, 0.000193498213775, 0.000219364723307, 0.000263758964138, 0.000386844447348, 0.000497193192132, 0.000595617515501, 0.000412647292251, 0.000379633071134, 0.000693749228958, 0.000563613022678, 0.000561685592402, 0.000522994669154, 0.000287328206468, 0.000261088251136, 0.000368101871572, 0.000387494626921, 0.00018955708947, 0.000149133717059, 0.000225647192565, 0.000159531919053, 0.000338150101015, 0.000289635703666, 0.000198443056433, 0.000198539535631, 0.000263296504272, 0.000250783166848, 0.000126587750856, 5.87172180531e-05, 6.0586604377e-05, 5.02685179526e-05, 2.82946275547e-05, 3.76632888219e-05, 4.76676468679e-05, 4.88899604534e-05, 3.52759598172e-05, 2.6009434805e-05, 3.11272779072e-05, 3.14833996526e-05, 2.7158523153e-05, 3.33861025865e-05, 4.00794851885e-05, 1.85409953701e-05, 1.01347714008e-05, 9.73577334662e-06, 1.10749151645e-05, 1.58579005074e-05, 1.56315672939e-05, 1.09740385597e-05, 1.86303896044e-05, 2.3665072149e-05, 1.10603132271e-05, 7.3178234743e-06, 5.62814147997e-06, 4.53862867289e-06, 3.87274712921e-06, 3.76583579964e-06, 3.0760484151e-06, 2.70953796644e-06, 2.47015759669e-06, 2.40391409534e-06, 2.13975454244e-06, 1.94105723494e-06, 1.99575629267e-06, 1.84003044978e-06, 1.83065981219e-06, 1.77956621883e-06, 2.05799165087e-06, 1.90377886611e-06, 2.22449557441e-06, 2.67661857833e-06, 2.2858569082e-06, 2.27890609494e-06, 2.26265638048e-06, 1.42694489114e-06, 1.1838141063e-06, 9.09368907287e-07, 9.02759779819e-07, 8.48927186325e-07, 7.1720228334e-07, 6.50184745155e-07, 5.87842521327e-07, 5.68174698401e-07, 3.06244800186e-07, 2.34205188576e-07, 2.24490804612e-07, 1.97710292582e-07, 1.68335930084e-07, 1.50073873328e-07, 1.51155731487e-07, 1.08686542433e-07, 8.58851745278e-09, 1.41522427111e-09, 2.59804594505e-10, 2.11576187126e-10, 5.59184781812e-11, 1.30978622045e-11, 1.26515308646e-11, 1.22904629182e-11, 1.19272092203e-11, 1.16632779823e-11, 1.14290521491e-11, 1.12034600347e-11, 1.08722466793e-11, 1.04974171716e-11, 1.02488555836e-11, 1.01693644824e-11],
        "min": [1.45580408839e-10, 3.55404705665e-10, 2.20757356839e-10, 1.2270925942e-10, 7.14925410539e-11, 4.9158576515e-11, 3.67340949325e-11, 2.91693683097e-11, 2.52518318755e-11, 1.98227649573e-11, 1.27358297519e-11, 8.89441124918e-12, 7.50108655745e-12, 5.4931918389e-12, 4.41513275592e-12, 4.7534818963e-12, 3.9665159178e-12, 3.25124606057e-12, 3.53285564865e-12, 3.2017227411e-12, 3.08014247788e-12, 2.90492369742e-12, 1.92084477664e-12, 1.724166491e-12, 1.61743513548e-12, 1.57331125124e-12, 1.39428865589e-12, 1.15748404785e-12, 1.06704814255e-12, 8.86831190081e-13, 9.70088159108e-13, 9.08654390879e-13, 9.45674311428e-13, 8.18422044545e-13, 7.51228452275e-13, 7.68273519889e-13, 8.17799712498e-13, 6.49519609104e-13, 5.61740866496e-13, 5.46598031594e-13, 7.17648379958e-13, 5.81695607481e-13, 3.11809714333e-13, 1.69657650016e-13, 2.81898067172e-13, 2.91906256111e-13, 2.20092797069e-13, 2.49935082396e-13, 2.82848587217e-13, 2.13778213881e-13, 9.99146783105e-14, 1.17538086469e-13, 1.23403335619e-13, 6.58267656963e-14, 1.40324763528e-13, 1.02593714774e-13, 3.56050705954e-14, 4.0211452603e-14, 5.50456049828e-14, 4.47270055736e-14, 4.00036245991e-14, 1.10511778765e-14, 2.61137665718e-14, 5.70278280978e-14, 5.32436711365e-14, 4.04438242336e-14, 7.3329885187e-14, 6.19970315862e-14, 5.39076196063e-14, 9.86018043473e-14, 6.46372603878e-14, 5.87528005305e-14, 5.08720466468e-14, 1.84738190728e-14, 7.30447874495e-14, 6.1284277078e-14, 2.11541972361e-14, 1.85056573472e-14, 2.64942605479e-14, 5.56798124317e-14, 3.19162048407e-14, 4.80330022718e-14, 2.77292887951e-14, 6.5817888791e-14, 3.954711111e-14, 7.92509233152e-14, 9.19635732583e-14, 1.92623305137e-14, 2.41452348973e-14, 3.86129963995e-14, 3.34345283393e-14, 2.35009901079e-14, 3.7583373642e-14, 9.32972300219e-14, 7.66074012494e-14, 2.41209911203e-14, 1.59603741627e-14, 3.62390103819e-14, 1.07387582442e-13, 1.12176117191e-13, 5.55519545024e-14, 2.28722663503e-14, 2.27651861392e-14, 1.4021633484e-14, 3.811045514e-14, 1.56145051993e-14, 1.32547738993e-14, 1.47857563053e-14, 8.21012518631e-15, 8.19773902352e-15, 2.07701745207e-14, 2.96736783366e-14, 1.39099615073e-14, 2.37379272461e-14, 1.05568799416e-14, 1.03075566406e-14, 1.99496960564e-14, 1.59079631521e-14, 1.17025902586e-14, 8.93695229989e-15, 6.14003722608e-15, 9.10578629507e-15, 2.44905346545e-14, 3.41206894011e-14, 2.64102009983e-14, 5.72027692005e-15, 2.8553738997e-15, 3.87917505269e-16],
        "stdev": [0.000968254811596, 0.00329320412129, 0.00374551257119, 0.00280130188912, 0.00240811682306, 0.00130962731782, 0.000721272779629, 0.000438500050223, 0.000348107103491, 0.000245277158683, 0.000182631833013, 0.0001395981526, 0.000184670105227, 0.000177966401679, 0.000181020761374, 0.000198689071112, 0.000175931490958, 0.00013192773622, 0.000223817740334, 0.000199984919163, 0.000207705990761, 0.000183513489901, 0.000292746932246, 0.000343114981661, 0.000692585133947, 0.000761759700254, 0.00129566155374, 0.00102545530535, 0.000950636574998, 0.000688564381562, 0.00146426749416, 0.00126024649944, 0.00123127677944, 0.0010348072974, 0.000740688119549, 0.000611578405369, 0.000902948551811, 0.00102128519211, 0.000634877127595, 0.000343954947311, 0.000533524376806, 0.000344627187587, 0.000649709545542, 0.00051808723947, 0.00065354333492, 0.000573682948016, 0.00062191899633, 0.00052003125893, 0.000289785180939, 0.000102985301055, 7.4191542808e-05, 6.41589285806e-05, 3.99972850573e-05, 4.35043257312e-05, 5.64764195587e-05, 7.68519021221e-05, 5.8593810536e-05, 4.33364184573e-05, 4.63103788206e-05, 4.30244872405e-05, 4.31109401688e-05, 4.6340879635e-05, 6.11725554336e-05, 2.74064659607e-05, 1.40658912642e-05, 1.33780495162e-05, 1.3600726561e-05, 2.45481642196e-05, 2.51313158515e-05, 2.0230840164e-05, 3.52303723048e-05, 4.23897326982e-05, 1.84799846465e-05, 1.1950467524e-05, 7.19764511814e-06, 5.97351890974e-06, 5.36099969395e-06, 4.30220143244e-06, 3.55914767169e-06, 3.07446498482e-06, 2.49141066888e-06, 2.40424469666e-06, 2.28533554036e-06, 2.12310942516e-06, 2.13786302083e-06, 2.03517356567e-06, 2.04002708415e-06, 1.89741217582e-06, 2.28824978876e-06, 2.27531995733e-06, 3.18919251185e-06, 3.77281367037e-06, 2.79962250715e-06, 2.85566147795e-06, 3.26759754898e-06, 1.92396214516e-06, 1.88636897747e-06, 1.13091994081e-06, 1.07003393168e-06, 1.00340298559e-06, 8.22716344828e-07, 1.04872344764e-06, 1.09056907149e-06, 1.27814587358e-06, 3.96142667114e-07, 2.99578658769e-07, 3.28705823449e-07, 2.58379884599e-07, 1.91827709273e-07, 1.53218167043e-07, 1.82732605936e-07, 1.42646115364e-07, 2.61515396005e-08, 1.03192636658e-08, 6.74564348824e-10, 6.07497996352e-10, 3.28577082209e-10, 2.76362766005e-10, 2.67183580815e-10, 2.59277072034e-10, 2.51335730006e-10, 2.45061637649e-10, 2.39453235018e-10, 2.34908648089e-10, 2.30620897379e-10, 2.28607036079e-10, 2.25978152857e-10, 2.24619614575e-10]
    },
    "mfcc": {
        "mean": [-598.196105957, 94.2885665894, -42.4546127319, -9.85997390747, -4.17748785019, 5.65433454514, 9.00448513031, 8.52589225769, 2.39503121376, 8.96597957611, -3.39599466324, 0.178296729922, -4.07718133926],
        "cov": [[1530.79382324, 372.310516357, 727.45916748, 518.250305176, 537.05078125, 299.004180908, 317.857543945, 27.1261997223, -70.5581359863, 153.959030151, 24.187210083, 180.695739746, 113.774139404], [372.310516357, 604.667785645, 602.893981934, 474.247558594, 438.414764404, 247.402496338, 288.395202637, 37.7729797363, -5.68880748749, 151.022415161, 33.4662399292, 132.414535522, 78.2179946899], [727.45916748, 602.893981934, 1048.51220703, 712.143066406, 693.741638184, 396.710144043, 382.724884033, 62.071762085, -35.3440666199, 191.699310303, 79.9381027222, 199.393508911, 136.072067261], [518.250305176, 474.247558594, 712.143066406, 585.086303711, 526.924865723, 303.385131836, 300.901184082, 35.8389549255, -33.111907959, 141.605789185, 57.7552452087, 152.740966797, 109.796783447], [537.05078125, 438.414764404, 693.741638184, 526.924865723, 599.439025879, 309.417175293, 303.938751221, 29.9815597534, -44.472038269, 156.630310059, 61.2243995667, 167.203567505, 111.812026978], [299.004180908, 247.402496338, 396.710144043, 303.385131836, 309.417175293, 239.404022217, 190.384384155, 24.0695877075, -14.9231376648, 89.1697616577, 35.7767181396, 88.7819519043, 65.3558425903], [317.857543945, 288.395202637, 382.724884033, 300.901184082, 303.938751221, 190.384384155, 283.160400391, 39.8708992004, -18.3803424835, 117.230010986, 9.22951030731, 111.416954041, 70.5166702271], [27.1261997223, 37.7729797363, 62.071762085, 35.8389549255, 29.9815597534, 24.0695877075, 39.8708992004, 66.9506072998, 24.7389507294, 15.9279327393, 5.60925102234, 9.61202907562, 4.76471328735], [-70.5581359863, -5.68880748749, -35.3440666199, -33.111907959, -44.472038269, -14.9231376648, -18.3803424835, 24.7389507294, 88.1010818481, -3.42075204849, -6.20819139481, -26.9957752228, -16.5463104248], [153.959030151, 151.022415161, 191.699310303, 141.605789185, 156.630310059, 89.1697616577, 117.230010986, 15.9279327393, -3.42075204849, 127.204414368, 14.5666294098, 58.1568374634, 20.2922859192], [24.187210083, 33.4662399292, 79.9381027222, 57.7552452087, 61.2243995667, 35.7767181396, 9.22951030731, 5.60925102234, -6.20819139481, 14.5666294098, 76.9885559082, 24.9655513763, 16.848991394], [180.695739746, 132.414535522, 199.393508911, 152.740966797, 167.203567505, 88.7819519043, 111.416954041, 9.61202907562, -26.9957752228, 58.1568374634, 24.9655513763, 110.474182129, 57.7054481506], [113.774139404, 78.2179946899, 136.072067261, 109.796783447, 111.812026978, 65.3558425903, 70.5166702271, 4.76471328735, -16.5463104248, 20.2922859192, 16.848991394, 57.7054481506, 98.3158111572]],
        "icov": [[0.00107312831096, 0.000390669330955, -0.000544069043826, -0.000196867564227, -0.000231685058679, -2.50584180321e-05, -0.000205383912544, 0.000108482425276, 0.000315899407724, -0.000117737836263, 0.00059051415883, -0.000433211011114, 7.29343519197e-05], [0.000390669330955, 0.00547043094411, -0.000872773234732, -0.00318605010398, -3.97823023377e-05, 0.000952944858, -0.00177241233177, 0.000722664583009, -0.00129829032812, -0.00122036493849, 0.000636679702438, -0.000424293364631, 0.000783104682341], [-0.000544069043826, -0.000872773234732, 0.00697866640985, -0.00476121949032, -0.00238518044353, -0.00121403636876, 0.000887712405529, -0.00206597568467, -0.000172763495357, -0.000221367095946, -0.000597712351009, -5.99381528446e-05, 0.000119788535812], [-0.000196867564227, -0.00318605010398, -0.00476121949032, 0.0156302619725, -0.00396935595199, -0.00248734350316, -0.00149822700769, 0.000961334095336, 0.000557616178412, 0.00169023766648, -0.00113610294648, 0.000817246153019, -0.00144752464257], [-0.000231685058679, -3.97823023377e-05, -0.00238518044353, -0.00396935595199, 0.011520174332, -0.00329610332847, -0.000768751138821, 0.00134624610655, 0.00117536983453, -0.00173999322578, -0.000835727958474, -0.00235667382367, -0.000307155423798], [-2.50584180321e-05, 0.000952944858, -0.00121403636876, -0.00248734350316, -0.00329610332847, 0.0158859565854, -0.00433019781485, 0.000749632425141, -0.00124761997722, -0.000137534603709, -0.0020225958433, 0.00172803818714, -0.000862481130753], [-0.000205383912544, -0.00177241233177, 0.000887712405529, -0.00149822700769, -0.000768751138821, -0.00433019781485, 0.0137614635751, -0.00449935346842, 0.00126543059014, -0.00396779319271, 0.00474337022752, -0.00391410477459, -0.00129081518389], [0.000108482425276, 0.000722664583009, -0.00206597568467, 0.000961334095336, 0.00134624610655, 0.000749632425141, -0.00449935346842, 0.019964069128, -0.00611786358058, 0.000541225832421, -0.00193974876311, -0.00012884719763, 0.000582272186875], [0.000315899407724, -0.00129829032812, -0.000172763495357, 0.000557616178412, 0.00117536983453, -0.00124761997722, 0.00126543059014, -0.00611786358058, 0.0150255290791, -0.00136102968827, 0.000562516681384, 0.00337446457706, -0.000102123703982], [-0.000117737836263, -0.00122036493849, -0.000221367095946, 0.00169023766648, -0.00173999322578, -0.000137534603709, -0.00396779319271, 0.000541225832421, -0.00136102968827, 0.0147183779627, -0.00118330377154, -0.00303265918046, 0.00313170137815], [0.00059051415883, 0.000636679702438, -0.000597712351009, -0.00113610294648, -0.000835727958474, -0.0020225958433, 0.00474337022752, -0.00193974876311, 0.000562516681384, -0.00118330377154, 0.016712743789, -0.00352696282789, -0.000562193104997], [-0.000433211011114, -0.000424293364631, -5.99381528446e-05, 0.000817246153019, -0.00235667382367, 0.00172803818714, -0.00391410477459, -0.00012884719763, 0.00337446457706, -0.00303265918046, -0.00352696282789, 0.0221923068166, -0.00687301019207], [7.29343519197e-05, 0.000783104682341, 0.000119788535812, -0.00144752464257, -0.000307155423798, -0.000862481130753, -0.00129081518389, 0.000582272186875, -0.000102123703982, 0.00313170137815, -0.000562193104997, -0.00687301019207, 0.0162017438561]]
    },
    "spectral_contrast_coeffs": {
        "max": [-0.509941458702, -0.553558111191, -0.53546833992, -0.548216938972, -0.6406031847, -0.632334887981],
        "mean": [-0.759770214558, -0.76665186882, -0.71616089344, -0.751388430595, -0.766377270222, -0.734229922295],
        "min": [-0.924476325512, -0.956806540489, -0.931312143803, -0.945488929749, -0.940435707569, -0.923633515835],
        "stdev": [0.0672658979893, 0.054632589221, 0.0641270503402, 0.0592501908541, 0.0364331491292, 0.0279981102794]
    },
    "spectral_contrast_valleys": {
        "max": [-5.30659723282, -5.29754590988, -5.21042203903, -5.54339313507, -6.13495635986, -8.58986759186],
        "mean": [-7.37382745743, -6.68168449402, -6.4090461731, -6.73810958862, -7.01933860779, -10.1067590714],
        "min": [-16.3577709198, -16.943107605, -17.7791385651, -16.8206672668, -16.6188411713, -17.9953689575],
        "stdev": [1.60512149334, 0.489475935698, 0.539752244949, 0.482522428036, 0.421817183495, 0.606676220894]
    }
},
"rhythm": {
    "beats_count": 75,
    "beats_loudness": {
        "max": 0.0849547758698,
        "mean": 0.0381021723151,
        "min": 0.00839264411479,
        "stdev": 0.0162307228893
    },
    "bpm": 151.374633789,
    "bpm_histogram_first_peak_bpm": 152,
    "bpm_histogram_first_peak_weight": 0.255813956261,
    "bpm_histogram_second_peak_bpm": 144,
    "bpm_histogram_second_peak_spread": 0.38095241785,
    "bpm_histogram_second_peak_weight": 0.175675675273,
    "danceability": 0.979064166546,
    "onset_rate": 1.83936059475,
    "beats_loudness_band_ratio": {
        "max": [0.695915877819, 0.116995073855, 0.71264654398, 0.683211386204, 0.437539696693, 0.103203855455],
        "mean": [0.232962563634, 0.0337864793837, 0.14841465652, 0.403944790363, 0.171287104487, 0.0432924367487],
        "min": [0.000159893417731, 0.00144484115299, 0.0173917300999, 0.07661537081, 0.047426879406, 0.0154285477474],
        "stdev": [0.197443336248, 0.0285421144217, 0.128533348441, 0.154515042901, 0.0895235985518, 0.0179427769035]
    },
    "beats_position": [0.406349211931, 0.812698423862, 1.20743763447, 1.60217678547, 2.00852608681, 2.41487526894, 2.80961441994, 3.20435357094, 3.59909296036, 3.99383211136, 4.38857126236, 4.78331041336, 5.17804956436, 5.5727891922, 5.9675283432, 6.3622674942, 6.7570066452, 7.1517457962, 7.5464849472, 7.92961454391, 8.32435321808, 8.73070240021, 9.12544155121, 9.52018165588, 9.91492080688, 10.3096599579, 10.7043991089, 11.0991382599, 11.4938774109, 11.8770065308, 12.2833557129, 12.6780948639, 13.084444046, 13.4675731659, 13.8623123169, 14.2570514679, 14.6517915726, 15.0465307236, 15.4412698746, 15.8360090256, 16.2191371918, 16.6254863739, 17.0202255249, 17.426574707, 17.8329238892, 18.2276649475, 18.6340141296, 19.0519733429, 19.4815406799, 19.8994998932, 20.3058490753, 20.7238082886, 21.1417675018, 21.5597267151, 21.9776859283, 22.3956451416, 22.825214386, 23.2431735992, 23.6727428436, 24.0907020569, 24.5086612701, 24.9266204834, 25.3561897278, 25.7857589722, 26.2153282166, 26.6332874298, 27.0512466431, 27.4808158875, 27.9103851318, 28.4212245941, 28.932062149, 29.4312915802, 29.9305210114, 30.4297504425, 30.9289798737],
