{
"metadata": {
    "version": {
        "essentia": "2.1-beta5",
        "essentia_git_sha": "Undefined",
        "extractor": "music 2.0"
    },
    "audio_properties": {
        "analysis": {
            "equal_loudness": 0,
            "length": 32.4963264465,
            "sample_rate": 44100,
            "start_time": 126.490699768,
            "downmix": "mix"
        },
        "bit_rate": 192000,
        "length": 180.929901123,
        "lossless": 0,
        "number_channels": 2,
        "replay_gain": -2.19658088684,
        "sample_rate": 48000,
        "codec": "mp3",
        "md5_encoded": "8a683b3add5b092c9d30a4a1e0881217"
    },
    "tags": {
        "file_name": "United KingdomUK_Still In Love_Electro Velvet.mp3",
        "encoding": ["Lavf58.29.100"]
    }
},
"lowlevel": {
    "average_loudness": 0.951315462589,
    "barkbands_crest": {
        "max": 26.1329669952,
        "mean": 10.334695816,
        "min": 2.67456817627,
        "stdev": 4.95124912262
    },
    "barkbands_flatness_db": {
        "max": 0.332078933716,
        "mean": 0.124013178051,
        "min": 0.0350306630135,
        "stdev": 0.037212729454
    },
    "barkbands_kurtosis": {
        "max": 188.016616821,
        "mean": 2.68944716454,
        "min": -1.93620049953,
        "stdev": 9.40268039703
    },
    "barkbands_skewness": {
        "max": 13.1882991791,
        "mean": 1.17415606976,
        "min": -2.35797762871,
        "stdev": 1.38889801502
    },
    "barkbands_spread": {
        "max": 111.165611267,
        "mean": 33.9931373596,
        "min": 1.69525885582,
        "stdev": 18.5710716248
    },
    "dissonance": {
        "max": 0.499772310257,
        "mean": 0.474147200584,
        "min": 0.350729286671,
        "stdev": 0.0230338834226
    },
    "dynamic_complexity": 2.41371822357,
    "erbbands_crest": {
        "max": 29.4818096161,
        "mean": 8.74727725983,
        "min": 2.51527786255,
        "stdev": 4.20300197601
    },
    "erbbands_flatness_db": {
        "max": 0.30014911294,
        "mean": 0.140165999532,
        "min": 0.051819998771,
        "stdev": 0.0420597866178
    },
    "erbbands_kurtosis": {
        "max": 24.3704128265,
        "mean": 0.853838086128,
        "min": -1.73170483112,
        "stdev": 2.42454957962
    },
    "erbbands_skewness": {
        "max": 2.94806098938,
        "mean": -0.198460578918,
        "min": -4.41161632538,
        "stdev": 0.854867577553
    },
    "erbbands_spread": {
        "max": 138.459671021,
        "mean": 42.486492157,
        "min": 4.54004144669,
        "stdev": 22.2470970154
    },
    "hfc": {
        "max": 140.983840942,
        "mean": 27.9071807861,
        "min": 0.0286656096578,
        "stdev": 22.4442920685
    },
    "loudness_ebu128": {
        "integrated": -21.526216507,
        "loudness_range": 3.26753616333,
        "momentary": {
            "max": -17.0052986145,
            "mean": -21.9188098907,
            "min": -29.8597373962,
            "stdev": 1.86427247524
        },
        "short_term": {
            "max": -18.863527298,
            "mean": -21.7423400879,
            "min": -25.0706939697,
            "stdev": 1.20181190968
        }
    },
    "melbands_crest": {
        "max": 32.7107467651,
        "mean": 14.3932056427,
        "min": 4.13853597641,
        "stdev": 5.84951496124
    },
    "melbands_flatness_db": {
        "max": 0.419108867645,
        "mean": 0.167005285621,
        "min": 0.0485105961561,
        "stdev": 0.0531994923949
    },
    "melbands_kurtosis": {
        "max": 612.901977539,
        "mean": 14.2154359818,
        "min": -1.75706589222,
        "stdev": 32.5239219666
    },
    "melbands_skewness": {
        "max": 20.8033065796,
        "mean": 2.68322372437,
        "min": -1.31475043297,
        "stdev": 2.07757139206
    },
    "melbands_spread": {
        "max": 272.335571289,
        "mean": 35.54164505,
        "min": 0.792465806007,
        "stdev": 25.8758049011
    },
    "pitch_salience": {
        "max": 0.872898757458,
        "mean": 0.544182479382,
        "min": 0.0615315772593,
        "stdev": 0.137258887291
    },
    "silence_rate_20dB": {
        "max": 1,
        "mean": 1,
        "min": 1,
        "stdev": 0
    },
    "silence_rate_30dB": {
        "max": 1,
        "mean": 1,
        "min": 1,
        "stdev": 0
    },
    "silence_rate_60dB": {
        "max": 1,
        "mean": 0.0242683794349,
        "min": 0,
        "stdev": 0.153880298138
    },
    "spectral_centroid": {
        "max": 5664.71435547,
        "mean": 1784.17651367,
        "min": 428.904602051,
        "stdev": 701.772705078
    },
    "spectral_complexity": {
        "max": 52,
        "mean": 20.1106357574,
        "min": 0,
        "stdev": 9.56356525421
    },
    "spectral_decrease": {
        "max": -4.52611125662e-12,
        "mean": -6.34890096052e-09,
        "min": -2.03178380787e-08,
        "stdev": 3.68450914223e-09
    },
    "spectral_energy": {
        "max": 0.0869280770421,
        "mean": 0.0264934562147,
        "min": 1.96825785679e-05,
        "stdev": 0.015096408315
    },
    "spectral_energyband_high": {
        "max": 0.0113339656964,
        "mean": 0.00147437967826,
        "min": 8.92344360182e-07,
        "stdev": 0.00174807861913
    },
    "spectral_energyband_low": {
        "max": 0.042619522661,
        "mean": 0.0105652967468,
        "min": 5.28020621005e-07,
        "stdev": 0.00904616992921
    },
    "spectral_energyband_middle_high": {
        "max": 0.0617812722921,
        "mean": 0.00760342460126,
        "min": 8.95166249393e-06,
        "stdev": 0.0101011972874
    },
    "spectral_energyband_middle_low": {
        "max": 0.0478603616357,
        "mean": 0.00767852552235,
        "min": 7.02096394889e-06,
        "stdev": 0.00667710090056
    },
    "spectral_entropy": {
        "max": 8.78753089905,
        "mean": 7.90970039368,
        "min": 6.9274597168,
        "stdev": 0.310653358698
    },
    "spectral_flux": {
        "max": 0.227615043521,
        "mean": 0.0948512032628,
        "min": 0.00272473855875,
        "stdev": 0.0369059219956
    },
    "spectral_kurtosis": {
        "max": 20.8156166077,
        "mean": 2.87536239624,
        "min": -1.10270094872,
        "stdev": 2.27521276474
    },
    "spectral_rms": {
        "max": 0.0092091197148,
        "mean": 0.00484841270372,
        "min": 0.000138573144795,
        "stdev": 0.00152976298705
    },
    "spectral_rolloff": {
        "max": 11800.1953125,
        "mean": 2158.23632812,
        "min": 64.599609375,
        "stdev": 1964.43078613
    },
    "spectral_skewness": {
        "max": 3.12782478333,
        "mean": 1.2792109251,
        "min": -0.246546536684,
        "stdev": 0.393722981215
    },
    "spectral_spread": {
        "max": 13319127,
        "mean": 5357274,
        "min": 1758879.125,
        "stdev": 1799820.25
    },
    "spectral_strongpeak": {
        "max": 18.9293670654,
        "mean": 0.946328639984,
        "min": 0,
        "stdev": 1.86914396286
    },
    "zerocrossingrate": {
        "max": 0.33203125,
        "mean": 0.0796400308609,
        "min": 0.005859375,
        "stdev": 0.0443418882787
    },
    "barkbands": {
        "max": [0.00319576868787, 0.0382350310683, 0.0306325722486, 0.0260158628225, 0.0377940237522, 0.0387286022305, 0.0213389713317, 0.0117396926507, 0.0179608687758, 0.0346081890166, 0.0168501734734, 0.0133499410003, 0.0328435376287, 0.0267274230719, 0.0291804112494, 0.0493283718824, 0.0311152897775, 0.0134629197419, 0.0039352402091, 0.00226421002299, 0.00215454213321, 0.00289198104292, 0.00327728618868, 0.0052603520453, 0.00247540790588, 0.00106969545595, 3.58791876351e-05],
        "mean": [0.000357762473868, 0.00762476492673, 0.00187086465303, 0.00126096850727, 0.00206242059357, 0.00157720886637, 0.000810184283182, 0.00067711941665, 0.00107382435817, 0.000739437760785, 0.000659748620819, 0.000577170518227, 0.000794764666352, 0.000772242550738, 0.00117471511476, 0.00122648314573, 0.000901312509086, 0.000441837619292, 0.000269449345069, 0.000272308971034, 0.000234468679992, 0.000285719579551, 0.000318156584399, 0.000289040268399, 0.000162545489729, 5.89046394452e-05, 5.92778697239e-08],
        "min": [4.73898309483e-10, 4.20036130322e-08, 9.05928985162e-08, 2.75511524706e-07, 6.00465625666e-07, 1.08953133804e-06, 4.13401039623e-07, 9.07690434815e-07, 1.6671914409e-06, 7.70798578742e-07, 5.29188127985e-07, 7.32113790036e-07, 2.58459806446e-07, 6.38822257315e-07, 1.60738821364e-07, 6.3612287704e-07, 4.97654127685e-07, 5.99955853886e-07, 3.00398966147e-07, 3.17579292641e-07, 2.8126368079e-07, 2.18674060193e-07, 9.44329059394e-08, 3.94303079077e-08, 2.21332445705e-08, 1.17059206772e-09, 9.24590196072e-11],
        "stdev": [0.000450158753665, 0.0081104459241, 0.00283367373049, 0.00211985060014, 0.00279840105213, 0.00260098022409, 0.00178579648491, 0.00131636380684, 0.00197448465042, 0.00226821075194, 0.00171478756238, 0.00146331836004, 0.00239335373044, 0.00205461494625, 0.00202042819001, 0.00310879875906, 0.00273541663773, 0.00104562053457, 0.000331220042426, 0.00030585002969, 0.000295687525067, 0.000412756868172, 0.000480412214529, 0.000567063863855, 0.000278367078863, 0.000113217742182, 1.07178254893e-06]
    },
    "erbbands": {
        "max": [1.55667483807, 9.12068462372, 20.2734489441, 57.6418533325, 59.8169670105, 201.488525391, 261.410430908, 270.968200684, 246.039703369, 496.741607666, 259.638641357, 458.05569458, 995.077087402, 865.278198242, 757.188171387, 618.341796875, 1310.43127441, 1549.99694824, 1021.52355957, 2678.55029297, 2285.22973633, 1299.57849121, 629.140380859, 257.603942871, 277.918151855, 125.752761841, 102.016143799, 107.459594727, 106.923614502, 111.618995667, 99.870765686, 113.29045105, 87.886138916, 33.3239135742, 16.7226638794, 6.68935918808, 2.06996440887, 0.169737890363, 0.00512286648154, 0.00053423299687],
        "mean": [0.237285166979, 1.6274780035, 2.11455845833, 3.947681427, 4.41581916809, 7.50375986099, 11.6239671707, 12.4951105118, 11.4942893982, 12.8907337189, 17.0215492249, 26.6736545563, 20.5797595978, 25.1247215271, 24.4875640869, 28.3249511719, 38.5662651062, 36.8530311584, 43.5659141541, 87.4641418457, 57.4729614258, 45.732925415, 27.1895771027, 15.216917038, 14.2822256088, 13.1442890167, 10.0103111267, 9.19836807251, 9.95739650726, 10.4213876724, 8.86240291595, 6.36771392822, 4.55353403091, 2.18379163742, 0.988432884216, 0.41456720233, 0.0752299502492, 0.00304066296667, 0.00010791720706, 4.18777599407e-05],
        "min": [5.99920099376e-07, 1.81947470992e-05, 0.000115946633741, 0.000859654624946, 0.00118578260299, 0.00212218100205, 0.00473089050502, 0.0100781694055, 0.0156096145511, 0.0105052562431, 0.0224173180759, 0.0335562415421, 0.0225436277688, 0.0335652418435, 0.0186135936528, 0.0337059684098, 0.014610379003, 0.0367333479226, 0.0188020225614, 0.0172731559724, 0.0312533453107, 0.0316257588565, 0.0327021330595, 0.0156452413648, 0.0198542810977, 0.0148992035538, 0.0132511267439, 0.00804487243295, 0.00815762300044, 0.00592599017546, 0.00260960170999, 0.00113585102372, 0.000568530871533, 0.000385129183996, 7.60765688028e-05, 1.16532910397e-05, 7.34323862162e-07, 1.67428623854e-07, 5.40066231736e-08, 2.89406454357e-08],
        "stdev": [0.271809905767, 1.8134444952, 2.49949479103, 6.1210694313, 5.99084234238, 11.9883832932, 19.6929454803, 21.3311233521, 22.4444675446, 26.9304122925, 30.0847473145, 51.3625831604, 59.2590446472, 61.7647972107, 58.3462142944, 69.258644104, 112.457595825, 106.141616821, 69.0212097168, 187.246520996, 143.111938477, 122.675506592, 58.8545913696, 20.7217769623, 17.4723300934, 15.6492948532, 11.9671735764, 12.3310422897, 14.4393701553, 15.1204910278, 14.1265640259, 12.1033763885, 9.21657180786, 3.93045687675, 1.79731667042, 0.71687078476, 0.185062333941, 0.0108083710074, 0.000259415130131, 2.73965833912e-05]
    },
    "gfcc": {
        "mean": [21.4730739594, 75.2178878784, -118.888648987, 49.1013183594, -59.5877494812, 30.4587955475, -44.5935783386, 16.5391120911, -19.4837398529, 7.94541311264, -17.7586250305, 1.7738058567, -4.54810094833],
        "cov": [[2639.20654297, -238.067718506, 25.7502632141, -75.8174591064, -20.9825057983, 62.306640625, -79.7459793091, 64.2427749634, -51.6675186157, 32.1015052795, -37.4097900391, 31.7542743683, -95.3834838867], [-238.067718506, 904.94921875, -238.592193604, -84.4029159546, 221.541610718, -64.0431671143, 128.12651062, -17.6654930115, 103.053031921, -35.7595939636, 64.1610183716, -26.4615097046, 35.4376983643], [25.7502632141, -238.592193604, 905.492858887, 186.813919067, -167.587722778, 125.880569458, -2.3712682724, 79.2753067017, -56.5317573547, 50.8054580688, -17.5704803467, 55.4684257507, -73.8343505859], [-75.8174591064, -84.4029159546, 186.813919067, 274.494873047, -7.46372509003, 21.5710449219, 3.29607272148, 14.8672447205, 48.1603012085, -3.39099025726, 10.7216014862, -7.54940032959, 23.0751171112], [-20.9825057983, 221.541610718, -167.587722778, -7.46372509003, 376.762542725, 15.6741628647, 59.1681098938, 45.0849647522, 42.7381782532, 69.6648635864, -23.7956638336, 2.70522093773, 27.3733978271], [62.306640625, -64.0431671143, 125.880569458, 21.5710449219, 15.6741628647, 225.123077393, 113.222824097, 23.5033283234, 16.5442028046, 28.0869693756, 26.7806720734, -4.52513456345, -7.80122327805], [-79.7459793091, 128.12651062, -2.3712682724, 3.29607272148, 59.1681098938, 113.222824097, 197.004623413, 40.0168647766, 33.3831634521, 17.8219127655, 31.275850296, 3.08965134621, -5.16789150238], [64.2427749634, -17.6654930115, 79.2753067017, 14.8672447205, 45.0849647522, 23.5033283234, 40.0168647766, 119.543304443, 36.0109291077, 18.6069793701, 2.67294836044, 11.9411058426, -6.71804189682], [-51.6675186157, 103.053031921, -56.5317573547, 48.1603012085, 42.7381782532, 16.5442028046, 33.3831634521, 36.0109291077, 135.968063354, 15.7569446564, 31.2554321289, -5.77746772766, 24.5033760071], [32.1015052795, -35.7595939636, 50.8054580688, -3.39099025726, 69.6648635864, 28.0869693756, 17.8219127655, 18.6069793701, 15.7569446564, 105.48526001, -6.24836826324, 9.61258411407, -4.10431814194], [-37.4097900391, 64.1610183716, -17.5704803467, 10.7216014862, -23.7956638336, 26.7806720734, 31.275850296, 2.67294836044, 31.2554321289, -6.24836826324, 99.5087738037, 24.4405269623, 20.9250469208], [31.7542743683, -26.4615097046, 55.4684257507, -7.54940032959, 2.70522093773, -4.52513456345, 3.08965134621, 11.9411058426, -5.77746772766, 9.61258411407, 24.4405269623, 74.9035186768, 14.9460868835], [-95.3834838867, 35.4376983643, -73.8343505859, 23.0751171112, 27.3733978271, -7.80122327805, -5.16789150238, -6.71804189682, 24.5033760071, -4.10431814194, 20.9250469208, 14.9460868835, 98.2166442871]],
        "icov": [[0.000445153506007, -8.52496887092e-05, 0.000248773110798, -0.000120115015307, 0.000169108112459, -0.000524581992067, 0.000561049499083, -0.000509909063112, 0.000240071531152, -0.000217772336327, 0.000224204879487, -0.000530889781658, 0.000548178795725], [-8.52496887092e-05, 0.00290204514749, -0.00138560403138, 0.00212549348362, -0.00257557956502, 0.00297160935588, -0.00291240168735, 0.00258637778461, -0.00255630770698, 0.00264654820785, -0.00246988679282, 0.00271718972363, -0.000832280900795], [0.000248773110798, -0.00138560403138, 0.00339390686713, -0.00309215206653, 0.00264693726785, -0.00320834806189, 0.00237285788171, -0.00329122599214, 0.00275416951627, -0.00283518899232, 0.00219419249333, -0.00386962573975, 0.00224235653877], [-0.000120115015307, 0.00212549348362, -0.00309215206653, 0.00717649422586, -0.00270921899937, 0.00293358950876, -0.00240443041548, 0.00305583514273, -0.00437894975767, 0.00337157491595, -0.00238213222474, 0.00425359979272, -0.002729954198], [0.000169108112459, -0.00257557956502, 0.00264693726785, -0.00270921899937, 0.00655912281945, -0.00307919224724, 0.00190756272059, -0.004033009056, 0.00242940918542, -0.00518445903435, 0.00412484072149, -0.00363101973198, 0.000322756299283], [-0.000524581992067, 0.00297160935588, -0.00320834806189, 0.00293358950876, -0.00307919224724, 0.0111020011827, -0.00764340814203, 0.00400358019397, -0.00299975345843, 0.00205290573649, -0.00430495897308, 0.00575046986341, -0.00219479389489], [0.000561049499083, -0.00291240168735, 0.00237285788171, -0.00240443041548, 0.00190756272059, -0.00764340814203, 0.011879850179, -0.00499714585021, 0.0023650652729, -0.00255049089901, 0.00116067461204, -0.00390587304719, 0.00273938477039], [-0.000509909063112, 0.00258637778461, -0.00329122599214, 0.00305583514273, -0.004033009056, 0.00400358019397, -0.00499714585021, 0.0143777085468, -0.00613911496475, 0.0032155928202, -0.001847898704, 0.00203470792621, -0.000707953819074], [0.000240071531152, -0.00255630770698, 0.00275416951627, -0.00437894975767, 0.00242940918542, -0.00299975345843, 0.0023650652729, -0.00613911496475, 0.0133979618549, -0.00448823301122, -0.000699319003616, -0.00099903519731, -0.000185195065569], [-0.000217772336327, 0.00264654820785, -0.00283518899232, 0.00337157491595, -0.00518445903435, 0.00205290573649, -0.00255049089901, 0.0032155928202, -0.00448823301122, 0.0150472465903, -0.00168900587596, 0.0017550579505, -0.000554826576263], [0.000224204879487, -0.00246988679282, 0.00219419249333, -0.00238213222474, 0.00412484072149, -0.00430495897308, 0.00116067461204, -0.001847898704, -0.000699319003616, -0.00168900587596, 0.0163858886808, -0.00810020230711, -0.000393306661863], [-0.000530889781658, 0.00271718972363, -0.00386962573975, 0.00425359979272, -0.00363101973198, 0.00575046986341, -0.00390587304719, 0.00203470792621, -0.00099903519731, 0.0017550579505, -0.00810020230711, 0.0215293541551, -0.00522980559617], [0.000548178795725, -0.000832280900795, 0.00224235653877, -0.002729954198, 0.000322756299283, -0.00219479389489, 0.00273938477039, -0.000707953819074, -0.000185195065569, -0.000554826576263, -0.000393306661863, -0.00522980559617, 0.0140753928572]]
    },
    "melbands": {
        "max": [0.011836710386, 0.00854571536183, 0.00889421161264, 0.00960615091026, 0.00804937258363, 0.0063571180217, 0.00355168688111, 0.00490848813206, 0.00199984339997, 0.00297110783868, 0.00532346731052, 0.00401791278273, 0.002705716528, 0.00194897735491, 0.00474509969354, 0.00195247319061, 0.00290888501331, 0.00173550227191, 0.00237301387824, 0.00456996634603, 0.00258028553799, 0.00175424804911, 0.00111583375838, 0.000555194914341, 0.000193266416318, 0.000181474693818, 0.000138129544212, 9.0365021606e-05, 7.14091584086e-05, 6.54308096273e-05, 7.99269910203e-05, 7.21338947187e-05, 7.252299838e-05, 7.08660663804e-05, 6.54342074995e-05, 5.48223542864e-05, 8.01585119916e-05, 6.82541431161e-05, 4.88284276798e-05, 2.89784402412e-05],
        "mean": [0.00218415865675, 0.00147599296179, 0.000671518500894, 0.000419584452175, 0.00040822441224, 0.000283526052954, 0.000174082830199, 0.000141225202242, 0.000153772562044, 0.000158589260536, 0.000100048819149, 0.000101081248431, 8.88480280992e-05, 5.96399768256e-05, 9.8384123703e-05, 6.64713370497e-05, 6.97310970281e-05, 6.51640293654e-05, 9.55516079557e-05, 0.000109114771476, 6.23875966994e-05, 5.09788405907e-05, 3.59455225407e-05, 1.73644293682e-05, 1.14544882308e-05, 1.00702345662e-05, 1.02496678664e-05, 8.16182000563e-06, 6.40725465928e-06, 5.23600692759e-06, 5.37184951099e-06, 5.63216417504e-06, 5.52925757802e-06, 5.91495154367e-06, 5.40608971278e-06, 4.11938117395e-06, 3.76210414288e-06, 3.33122625307e-06, 2.52374161391e-06, 1.61308605584e-06],
        "min": [7.40252170672e-09, 6.38573069978e-08, 1.2694371776e-07, 1.20349540111e-07, 1.3105061214e-07, 2.06395185387e-07, 2.0272429424e-07, 1.34208605118e-07, 1.94768034589e-07, 2.23325557158e-07, 9.98646996209e-08, 1.30760113848e-07, 6.0918907252e-08, 9.48543004142e-08, 4.10352285485e-08, 2.91956503418e-08, 6.65474857442e-08, 3.61179104402e-08, 1.14709806098e-08, 3.94478512078e-08, 2.99271185611e-08, 2.81221606002e-08, 2.57213326194e-08, 2.56944225896e-08, 8.73869154816e-09, 1.52050354529e-08, 8.95745166929e-09, 8.51499226684e-09, 8.18038081718e-09, 7.03423097548e-09, 3.36706640347e-09, 3.77111009087e-09, 3.89919341259e-09, 3.07346792461e-09, 1.55706614269e-09, 8.21904433401e-10, 6.15704931484e-10, 4.04009825594e-10, 2.81992679207e-10, 2.98469055027e-10],
        "stdev": [0.00232972973026, 0.00145290058572, 0.000939880555961, 0.000604790926445, 0.000612661649939, 0.000464401964564, 0.000349253648892, 0.000281760352664, 0.000258373125689, 0.000317809317494, 0.000311464216793, 0.000270882446785, 0.000232556500123, 0.000143776516779, 0.000296369835269, 0.00017556133389, 0.000208590950933, 0.000116340306704, 0.000170590370544, 0.000261512584984, 0.000181310300832, 0.000157746864716, 9.55486175371e-05, 3.44702639268e-05, 1.63329914358e-05, 1.35375739774e-05, 1.21768698591e-05, 1.05590997919e-05, 8.03083548817e-06, 7.21718561181e-06, 7.74949148763e-06, 8.58432849782e-06, 8.2841497715e-06, 8.93777541933e-06, 9.06803688849e-06, 6.8138710958e-06, 7.89746172813e-06, 6.95228982295e-06, 5.08020821144e-06, 2.90766956823e-06]
    },
    "melbands128": {
        "max": [0.00302098179236, 0.0134278349578, 0.0201334767044, 0.0166503619403, 0.00928989611566, 0.0189082100987, 0.0144764222205, 0.0143834641203, 0.0078495843336, 0.0129018127918, 0.0142693286762, 0.00928009022027, 0.0127602880821, 0.0155147444457, 0.00763473333791, 0.00397641630843, 0.0036895130761, 0.00622650468722, 0.00812004227191, 0.00877899117768, 0.00439567305148, 0.0039993179962, 0.0035531767644, 0.00345961400308, 0.00554924411699, 0.00576428463683, 0.00621569203213, 0.00909496843815, 0.0107259657234, 0.00925845466554, 0.00288862641901, 0.00353355472907, 0.00481424061581, 0.00275429524481, 0.00147146405652, 0.00426625786349, 0.00295788585208, 0.00611272174865, 0.00876142829657, 0.00531160831451, 0.00159267208073, 0.00449427263811, 0.00624511716887, 0.00374243780971, 0.00245095766149, 0.00255733076483, 0.0022796660196, 0.00214857864194, 0.00575603079051, 0.00891296379268, 0.00711705582216, 0.00268639368005, 0.00627012364566, 0.00424637878314, 0.00578603288159, 0.00355118117295, 0.00133501680102, 0.00196392135695, 0.00230518472381, 0.000807271746453, 0.000870139512699, 0.000561772088986, 0.000267475930741, 0.000252389058005, 0.000178879257874, 0.000179516267963, 0.000516930653248, 0.000189756188774, 0.000167631267686, 0.000189363199752, 0.000179218011908, 0.00010630703764, 8.62093365868e-05, 0.000133000474307, 8.99107471923e-05, 8.51967633935e-05, 9.52953851083e-05, 8.43811794766e-05, 0.000124046797282, 9.17482175282e-05, 0.000115083530545, 0.000113731308375, 8.28028278193e-05, 8.65201509441e-05, 8.29555865494e-05, 9.67372034211e-05, 8.83206448634e-05, 9.2638998467e-05, 0.000105716389953, 0.000117139432405, 6.64170947857e-05, 7.4150855653e-05, 0.000101841884316, 0.000103206075437, 9.14459305932e-05, 7.68635145505e-05, 7.56250956329e-05, 7.71031409386e-05, 6.05906898272e-05, 5.22656009707e-05, 3.85722669307e-05, 4.87639263156e-05, 2.94430356007e-05, 3.07344089379e-05, 2.21236350626e-05, 2.70456148428e-05, 2.20163092308e-05, 1.7491838662e-05, 1.42909439091e-05, 1.32194973048e-05, 1.36463149829e-05, 1.16375704238e-05, 9.00295526662e-06, 8.11607060314e-06, 5.49764808966e-06, 6.25876964477e-07, 3.72763480527e-07, 1.71158930584e-07, 1.6486177401e-07, 1.59550069156e-07, 1.54712068934e-07, 1.50551485945e-07, 1.46964978853e-07, 1.44027438864e-07, 1.41501871553e-07, 1.39694009249e-07, 1.38254449666e-07, 1.37366612307e-07],
        "mean": [0.000284835288767, 0.00170623429585, 0.00336732435971, 0.00243405019864, 0.0011143416632, 0.00100258132443, 0.000867448572535, 0.000541256158613, 0.000404784543207, 0.000423338555265, 0.000413726607803, 0.000425354024628, 0.000380078854505, 0.000435333233327, 0.00031284376746, 0.000185967306606, 0.000168855083757, 0.000189917060197, 0.000157393631525, 0.000137399823871, 0.000141979326145, 0.000119923271996, 0.000140795658808, 0.000198555411771, 0.000222510672756, 0.000114236449008, 8.35242099129e-05, 0.000105715422251, 0.000103544873127, 0.000111072149593, 9.17727084015e-05, 9.85074802884e-05, 0.0001092171442, 6.64167164359e-05, 4.32303386333e-05, 6.23898085905e-05, 7.58404057706e-05, 9.6553718322e-05, 0.000123734615045, 8.49305215525e-05, 4.17693590862e-05, 5.52726305614e-05, 7.28084269213e-05, 8.00630587037e-05, 6.37838165858e-05, 5.8512090618e-05, 7.39388488e-05, 6.0295475123e-05, 0.000109760752821, 0.000183882119018, 9.41549078561e-05, 5.96247482463e-05, 5.99306658842e-05, 5.89895607845e-05, 8.080938278e-05, 4.44851903012e-05, 3.06722104142e-05, 4.87337383674e-05, 3.50777154381e-05, 1.66927657119e-05, 1.87708574231e-05, 1.48984008774e-05, 1.31748056447e-05, 1.02913563751e-05, 8.73320823302e-06, 9.89812360785e-06, 1.12863999675e-05, 1.02798221633e-05, 9.56850635703e-06, 1.0767819731e-05, 8.72798227647e-06, 6.66196092425e-06, 6.16544366494e-06, 6.95312019161e-06, 5.86897476751e-06, 5.07990444021e-06, 4.98488816447e-06, 5.2521672842e-06, 5.39674329048e-06, 5.52066239834e-06, 5.6932140069e-06, 5.69695794184e-06, 5.44777458344e-06, 5.321423032e-06, 5.73749230171e-06, 6.05369496043e-06, 5.85557154409e-06, 5.98989208811e-06, 5.55347651243e-06, 5.00292753713e-06, 4.0808686208e-06, 3.86854480894e-06, 4.10603161072e-06, 3.95228971684e-06, 3.38408494827e-06, 3.36540824719e-06, 3.42204634762e-06, 3.16861496685e-06, 2.67222117145e-06, 2.1275477593e-06, 1.8177330503e-06, 1.56359135417e-06, 1.31804858938e-06, 1.20291667827e-06, 1.11211852527e-06, 9.90388230093e-07, 9.40278994221e-07, 8.39200993141e-07, 7.51886432226e-07, 5.62838067708e-07, 5.18829835983e-07, 3.2042387943e-07, 1.70780907638e-07, 9.25489658243e-08, 3.58146614587e-08, 8.19950329856e-09, 1.22461873975e-09, 1.98108987548e-10, 1.7757940951e-10, 1.59900523378e-10, 1.25689791908e-10, 1.18857118592e-10, 1.09132890225e-10, 1.06849487591e-10, 1.04829936398e-10, 1.03239777838e-10, 1.02038814898e-10, 1.01360558835e-10],
        "min": [4.66599869853e-10, 3.61159296913e-10, 7.44531059027e-09, 1.79628294461e-08, 3.75554236598e-08, 5.98435789811e-08, 7.83553630868e-08, 1.22340253483e-07, 5.14702307441e-08, 1.47788625782e-07, 5.88802393509e-08, 8.68937206633e-08, 1.83901988748e-07, 8.44233909447e-08, 6.09966903653e-08, 1.50915880681e-07, 5.6673101767e-08, 3.85744485243e-08, 2.48333265063e-08, 1.97043537042e-08, 9.50174054992e-08, 1.13247928368e-07, 9.05070933754e-08, 8.16613692223e-08, 1.65054544254e-07, 2.05472829862e-07, 5.07063262489e-08, 7.95027617073e-08, 7.72567716467e-08, 8.74378685012e-08, 5.12154727517e-08, 8.14766139001e-08, 4.14340064481e-08, 2.18686508902e-08, 6.01145728751e-08, 6.35275441141e-08, 5.63352031691e-08, 1.7482220116e-08, 2.63368828968e-08, 2.10192006023e-08, 2.42575328713e-08, 2.93423436659e-08, 4.39831637777e-08, 5.38907478642e-08, 5.15492502018e-08, 1.60294053586e-08, 2.39681661185e-08, 6.15624884404e-09, 3.38579564385e-09, 2.75679798989e-08, 5.21878256166e-08, 1.63143329956e-08, 3.28094245106e-08, 1.67114233562e-08, 1.52341588233e-08, 7.08887526457e-09, 3.08129450843e-08, 1.53048613782e-08, 2.8076067693e-08, 1.18142082783e-08, 2.03968451018e-08, 2.57758987487e-08, 5.01746288961e-09, 3.07019676349e-09, 4.86082685214e-09, 9.57431200987e-09, 7.52601447829e-09, 1.04132640288e-08, 6.61960841697e-09, 4.83746154245e-09, 8.90757156924e-09, 8.67192895271e-09, 4.74883599111e-09, 6.64918831106e-09, 3.34145466852e-09, 4.67165417462e-09, 6.82029188681e-09, 3.84923515284e-09, 2.27505037032e-09, 2.09853689981e-09, 3.09225511863e-09, 4.45864367649e-09, 4.77774353413e-09, 2.74424327706e-09, 1.83346160476e-09, 1.71666503235e-09, 2.32465002803e-09, 1.57936319578e-09, 1.40830769269e-09, 7.90902399128e-10, 1.07516651138e-09, 5.86874826514e-10, 2.82481593672e-10, 7.46334605228e-10, 5.26983234828e-10, 2.96765473307e-10, 5.32705379808e-10, 2.64459815158e-10, 3.40175360103e-10, 2.41083319974e-10, 6.07811370679e-11, 2.45191505988e-11, 7.50816353534e-11, 2.2394155974e-11, 3.14123935197e-11, 6.91426820312e-12, 1.14035256932e-11, 1.67241112452e-12, 3.58140004198e-13, 3.96084613675e-13, 4.597894873e-13, 6.37322009403e-13, 2.80526714054e-13, 3.26154739067e-13, 2.86957794766e-13, 3.00142668965e-13, 2.84897729323e-13, 3.05543052881e-13, 3.09883385228e-13, 3.31412252242e-13, 2.96099218278e-13, 3.13503292337e-13, 1.91127549985e-13, 3.28505316482e-13, 1.99713983957e-13, 8.38251790571e-14, 9.45765987498e-15, 3.79086048593e-16],
        "stdev": [0.00039345404366, 0.00217963755131, 0.00384849775583, 0.00295064994134, 0.00138891022652, 0.00161002471577, 0.00146910292096, 0.000942643324379, 0.000628831621725, 0.00081452348968, 0.000794625200797, 0.000787842494901, 0.000842490640935, 0.000930177920964, 0.000686051149387, 0.000393772614188, 0.000375846895622, 0.000531578552909, 0.000501781178173, 0.000387199805118, 0.000332318508299, 0.000341062230291, 0.000367178377928, 0.000416396971559, 0.000529986689799, 0.000392565649236, 0.00031392078381, 0.000416987866629, 0.000548083975445, 0.000438824470621, 0.000264278904069, 0.000316408986691, 0.000380171899451, 0.000189391968888, 0.000120027099911, 0.000226514588576, 0.00025024288334, 0.000373901304556, 0.000520794535987, 0.000333566800691, 0.000110693901661, 0.000242665075348, 0.000331562332576, 0.00026248244103, 0.000178976188181, 0.000142809862155, 0.000170316707226, 0.000142206990859, 0.000274877995253, 0.000541092129424, 0.000316705118166, 0.000150343184941, 0.000323130283505, 0.000235985338804, 0.000390862813219, 0.000185480763321, 8.47631963552e-05, 0.000151455009473, 0.000138086368679, 4.09388121625e-05, 5.23951784999e-05, 3.74983210349e-05, 2.34131639445e-05, 1.92245788639e-05, 1.55290417752e-05, 1.65654309967e-05, 2.22684902837e-05, 1.53144555952e-05, 1.43804909385e-05, 1.76884077518e-05, 1.56405876623e-05, 1.06764828161e-05, 8.70000712894e-06, 1.12349971459e-05, 9.0517105491e-06, 8.01563237474e-06, 8.30153749121e-06, 8.03100647317e-06, 9.45861575019e-06, 9.23774041439e-06, 1.00297611425e-05, 9.46222007769e-06, 9.08862784854e-06, 8.77578804648e-06, 9.36359447223e-06, 9.91228807834e-06, 9.78641946858e-06, 1.04961291072e-05, 1.07744563138e-05, 9.76863793767e-06, 7.04532794771e-06, 6.97922905601e-06, 8.73854060046e-06, 9.46336786001e-06, 7.62874651627e-06, 7.52730147724e-06, 7.638363968e-06, 7.24917617845e-06, 5.88967714066e-06, 4.37616654381e-06, 3.55703423338e-06, 3.17968647323e-06, 2.73416821983e-06, 2.60390788753e-06, 2.16367061512e-06, 2.15839486373e-06, 1.74787828655e-06, 1.56158989739e-06, 1.30898695261e-06, 1.12579732559e-06, 1.06101231268e-06, 7.3429640679e-07, 7.32817852622e-07, 4.69366284506e-07, 2.7430468208e-07, 5.40299360807e-08, 1.51768624335e-08, 4.9659019119e-09, 4.55089521623e-09, 4.37204761283e-09, 4.13549772205e-09, 4.02376532094e-09, 3.92490973056e-09, 3.84646492435e-09, 3.77895448267e-09, 3.73070685455e-09, 3.69228114749e-09, 3.6685807725e-09]
    },
    "mfcc": {
        "mean": [-615.661193848, 95.742729187, 5.05817699432, 21.795255661, 13.0333833694, 12.3138036728, -2.96482563019, 5.62766122818, 5.41996765137, 6.4049987793, -1.16334009171, -0.934732556343, 2.28437232971],
        "cov": [[2630.62988281, -165.942153931, -178.59854126, -120.743736267, 13.4065656662, -46.7682037354, -45.3764533997, 6.68006753922, -60.836730957, 29.5833816528, -15.1638336182, -9.37492370605, 15.3091239929], [-165.942153931, 900.519836426, -360.69934082, 17.3779010773, 36.8103141785, 20.4970569611, 33.7307548523, 31.5989208221, 37.0039024353, 5.26178979874, 48.3561477661, 21.0291824341, 64.9660186768], [-178.59854126, -360.69934082, 1006.63635254, 43.8008155823, -57.6282196045, 11.9596061707, 31.0028953552, 63.0317955017, -68.9317550659, 17.4384746552, 24.6907653809, -7.35522127151, -35.427646637], [-120.743736267, 17.3779010773, 43.8008155823, 241.195327759, 78.9986953735, -14.2669487, -25.5627765656, -4.59781646729, 42.5085983276, -6.11782026291, 7.75974798203, 4.71176147461, 13.3343858719], [13.4065656662, 36.8103141785, -57.6282196045, 78.9986953735, 194.335372925, 12.6152038574, -5.85114336014, -13.262421608, 56.020690918, 17.6787452698, -0.137634783983, 15.362663269, 16.7234649658], [-46.7682037354, 20.4970569611, 11.9596061707, -14.2669487, 12.6152038574, 183.965408325, 74.7795181274, 16.2663440704, 33.4288291931, 42.1701812744, 31.102273941, 11.1552333832, 16.453622818], [-45.3764533997, 33.7307548523, 31.0028953552, -25.5627765656, -5.85114336014, 74.7795181274, 155.379837036, 45.4162406921, 20.836315155, 23.0897827148, 21.2525100708, 20.8112010956, 11.1507616043], [6.68006753922, 31.5989208221, 63.0317955017, -4.59781646729, -13.262421608, 16.2663440704, 45.4162406921, 130.519348145, 11.3480110168, 25.9652404785, 29.36901474, 20.3394050598, 12.4989652634], [-60.836730957, 37.0039024353, -68.9317550659, 42.5085983276, 56.020690918, 33.4288291931, 20.836315155, 11.3480110168, 126.053161621, 35.9814491272, 14.2707586288, 15.6394863129, 22.5399017334], [29.5833816528, 5.26178979874, 17.4384746552, -6.11782026291, 17.6787452698, 42.1701812744, 23.0897827148, 25.9652404785, 35.9814491272, 112.114341736, 33.3873786926, 1.89480733871, 15.9048995972], [-15.1638336182, 48.3561477661, 24.6907653809, 7.75974798203, -0.137634783983, 31.102273941, 21.2525100708, 29.36901474, 14.2707586288, 33.3873786926, 89.7655334473, 32.7422142029, 7.96069908142], [-9.37492370605, 21.0291824341, -7.35522127151, 4.71176147461, 15.362663269, 11.1552333832, 20.8112010956, 20.3394050598, 15.6394863129, 1.89480733871, 32.7422142029, 68.7720794678, 23.9142246246], [15.3091239929, 64.9660186768, -35.427646637, 13.3343858719, 16.7234649658, 16.453622818, 11.1507616043, 12.4989652634, 22.5399017334, 15.9048995972, 7.96069908142, 23.9142246246, 79.2261810303]],
        "icov": [[0.000421179429395, 0.000137350725709, 0.000128179730382, 0.000201814313186, -0.000171590116224, 9.78935931926e-05, 8.50862561492e-05, -0.000141013093526, 0.000295944948448, -0.000167551334016, -6.47527122055e-05, 9.7668307717e-05, -0.000218036904698], [0.000137350725709, 0.00152130483184, 0.000602149812039, -7.12656255928e-05, -0.00020596277318, 0.000116358394735, -0.000306675152387, -0.000443981349235, 0.00026161671849, 0.000341683160514, -0.00111147912685, 0.000719928939361, -0.00110889587086], [0.000128179730382, 0.000602149812039, 0.00140284339432, -0.000503480492625, 0.000165172648849, -5.0059545174e-05, -0.000286343041807, -0.000693745270837, 0.000957879703492, -0.000269684154773, -0.000493658939376, 0.000283103057882, 6.45664840704e-05], [0.000201814313186, -7.12656255928e-05, -0.000503480492625, 0.00551475398242, -0.00205888552591, 0.00051487213932, 0.000894185213838, -5.61111919524e-05, -0.00155929801986, 0.00122603937052, -0.00109482661355, 0.000889575341716, -0.000884222798049], [-0.000171590116224, -0.00020596277318, 0.000165172648849, -0.00205888552591, 0.00699270842597, -0.000397060648538, 0.000289429706754, 0.000916352786589, -0.00203123199753, -0.00107971916441, 0.00139781634789, -0.00192914740182, 0.000280035485048], [9.78935931926e-05, 0.000116358394735, -5.0059545174e-05, 0.00051487213932, -0.000397060648538, 0.00760442437604, -0.00332191865891, 0.000877166516148, -0.000914074305911, -0.0013479066547, -0.00184462068137, 0.00100069888867, -0.000975736184046], [8.50862561492e-05, -0.000306675152387, -0.000286343041807, 0.000894185213838, 0.000289429706754, -0.00332191865891, 0.00927757751197, -0.00236611184664, -0.000793250452261, -5.82474749535e-05, 0.000723124656361, -0.00192044721916, 0.000397190189688], [-0.000141013093526, -0.000443981349235, -0.000693745270837, -5.61111919524e-05, 0.000916352786589, 0.000877166516148, -0.00236611184664, 0.00983169861138, -0.000605811190326, -0.00142229662742, -0.00132544117514, -0.00152772630099, -0.000450912833912], [0.000295944948448, 0.00026161671849, 0.000957879703492, -0.00155929801986, -0.00203123199753, -0.000914074305911, -0.000793250452261, -0.000605811190326, 0.0115310959518, -0.00294559053145, 0.000231297046412, -0.00106147432234, -0.00114722317085], [-0.000167551334016, 0.000341683160514, -0.000269684154773, 0.00122603937052, -0.00107971916441, -0.0013479066547, -5.82474749535e-05, -0.00142229662742, -0.00294559053145, 0.0127211539075, -0.00484902178869, 0.0040841945447, -0.00229568360373], [-6.47527122055e-05, -0.00111147912685, -0.000493658939376, -0.00109482661355, 0.00139781634789, -0.00184462068137, 0.000723124656361, -0.00132544117514, 0.000231297046412, -0.00484902178869, 0.0175733976066, -0.0087710134685, 0.00287218438461], [9.7668307717e-05, 0.000719928939361, 0.000283103057882, 0.000889575341716, -0.00192914740182, 0.00100069888867, -0.00192044721916, -0.00152772630099, -0.00106147432234, 0.0040841945447, -0.0087710134685, 0.0220728013664, -0.00622086971998], [-0.000218036904698, -0.00110889587086, 6.45664840704e-05, -0.000884222798049, 0.000280035485048, -0.000975736184046, 0.000397190189688, -0.000450912833912, -0.00114722317085, -0.00229568360373, 0.00287218438461, -0.00622086971998, 0.0162863880396]]
    },
    "spectral_contrast_coeffs": {
        "max": [-0.472349107265, -0.507787108421, -0.517086744308, -0.571818232536, -0.591734468937, -0.564245343208],
        "mean": [-0.740012824535, -0.767120540142, -0.779956698418, -0.778162062168, -0.794326603413, -0.757018327713],
        "min": [-0.909569323063, -0.927782654762, -0.938976824284, -0.914785802364, -0.894459068775, -0.872906923294],
        "stdev": [0.0674807503819, 0.0705721452832, 0.0656555518508, 0.0588675774634, 0.046434789896, 0.0399235151708]
    },
    "spectral_contrast_valleys": {
        "max": [-5.20537614822, -5.20898199081, -5.12290811539, -5.19496631622, -5.82019615173, -7.63794469833],
        "mean": [-6.51780462265, -6.7619934082, -7.34163713455, -7.24985647202, -7.2453122139, -9.64649868011],
        "min": [-10.904302597, -9.64972019196, -10.3473672867, -9.9403963089, -10.1142950058, -13.495554924],
        "stdev": [0.680297732353, 0.610519170761, 0.621708333492, 0.63842523098, 0.548598110676, 0.882184803486]
    }
},
"rhythm": {
    "beats_count": 63,
    "beats_loudness": {
        "max": 0.0642801448703,
        "mean": 0.0368810966611,
        "min": 0.0095130931586,
        "stdev": 0.0136559242383
    },
    "bpm": 117.113868713,
    "bpm_histogram_first_peak_bpm": 117,
    "bpm_histogram_first_peak_weight": 0.266666650772,
    "bpm_histogram_second_peak_bpm": 123,
    "bpm_histogram_second_peak_spread": 0.5,
    "bpm_histogram_second_peak_weight": 0.0161290317774,
    "danceability": 1.22049951553,
    "onset_rate": 4.46044874191,
    "beats_loudness_band_ratio": {
        "max": [0.856158435345, 0.359058529139, 0.452488273382, 0.591398656368, 0.690694630146, 0.269635111094],
        "mean": [0.491889834404, 0.105215936899, 0.117769882083, 0.101615600288, 0.143359348178, 0.068456761539],
        "min": [0.0258485320956, 0.00992169324309, 0.00928012654185, 0.00540072564036, 0.00352236209437, 0.00833525229245],
        "stdev": [0.191560998559, 0.0808167979121, 0.100577540696, 0.117203049362, 0.142275318503, 0.0604422800243]
    },
    "beats_position": [0.452789098024, 0.9287981987, 1.4164172411, 1.91564619541, 2.41487526894, 2.92571425438, 3.43655323982, 3.95900225639, 4.48145103455, 4.99229001999, 5.4915189743, 5.99074840546, 6.5015873909, 7.01242637634, 7.53487491608, 8.05732440948, 8.56816291809, 9.07900238037, 9.58984088898, 10.1006803513, 10.6115188599, 11.1223583221, 11.6331968307, 12.1556463242, 12.6780948639, 13.1889343262, 13.6997728348, 14.2106122971, 14.7214508057, 15.2322902679, 15.7431287766, 16.2539672852, 16.7648067474, 17.2756462097, 17.786485672, 18.2973232269, 18.8197727203, 19.3422222137, 19.853061676, 20.363899231, 20.8747386932, 21.3855781555, 21.8964176178, 22.4072551727, 22.918094635, 23.4289340973, 23.9397735596, 24.4506111145, 24.9730606079, 25.4955101013, 26.0063495636, 26.5171871185, 27.0280265808, 27.5388660431, 28.0497055054, 28.5605430603, 29.0713825226, 29.5822219849, 30.1046714783, 30.6271190643, 31.1379585266, 31.6487979889, 32.1596374512],
