{
"metadata": {
    "version": {
        "essentia": "2.1-beta5",
        "essentia_git_sha": "Undefined",
        "extractor": "music 2.0"
    },
    "audio_properties": {
        "analysis": {
            "equal_loudness": 0,
            "length": 48.7502937317,
            "sample_rate": 44100,
            "start_time": 29.0017242432,
            "downmix": "mix"
        },
        "bit_rate": 192000,
        "length": 193.68927002,
        "lossless": 0,
        "number_channels": 2,
        "replay_gain": -0.26029586792,
        "sample_rate": 48000,
        "codec": "mp3",
        "md5_encoded": "931df61fbe3bc9bc85daa34b9d7b133a"
    },
    "tags": {
        "file_name": "Iceland_Unbroken_María Ólafsdóttir.mp3",
        "encoding": ["Lavf58.29.100"]
    }
},
"lowlevel": {
    "average_loudness": 0.942051708698,
    "barkbands_crest": {
        "max": 25.7849712372,
        "mean": 10.1008501053,
        "min": 2.20247292519,
        "stdev": 4.61760997772
    },
    "barkbands_flatness_db": {
        "max": 0.434200793505,
        "mean": 0.122777082026,
        "min": 0.0469279512763,
        "stdev": 0.0469508543611
    },
    "barkbands_kurtosis": {
        "max": 359.281311035,
        "mean": 3.53208994865,
        "min": -1.92687416077,
        "stdev": 18.2071285248
    },
    "barkbands_skewness": {
        "max": 16.8566265106,
        "mean": 1.08711755276,
        "min": -1.22253334522,
        "stdev": 1.60695362091
    },
    "barkbands_spread": {
        "max": 120.544570923,
        "mean": 30.6604099274,
        "min": 0.476962476969,
        "stdev": 12.8821382523
    },
    "dissonance": {
        "max": 0.499984890223,
        "mean": 0.471764475107,
        "min": 0.124372713268,
        "stdev": 0.0227040220052
    },
    "dynamic_complexity": 2.53191924095,
    "erbbands_crest": {
        "max": 27.947977066,
        "mean": 9.48383808136,
        "min": 2.3915309906,
        "stdev": 4.69046735764
    },
    "erbbands_flatness_db": {
        "max": 0.251628130674,
        "mean": 0.148265048862,
        "min": 0.0596308484674,
        "stdev": 0.0353174060583
    },
    "erbbands_kurtosis": {
        "max": 14.6914710999,
        "mean": 0.324238300323,
        "min": -1.70960712433,
        "stdev": 1.44468474388
    },
    "erbbands_skewness": {
        "max": 2.47374629974,
        "mean": 0.197045758367,
        "min": -3.72528791428,
        "stdev": 0.579997122288
    },
    "erbbands_spread": {
        "max": 140.37902832,
        "mean": 37.3234100342,
        "min": 6.99517822266,
        "stdev": 17.6636447906
    },
    "hfc": {
        "max": 99.7351837158,
        "mean": 29.9502067566,
        "min": 0.365752965212,
        "stdev": 20.3197669983
    },
    "loudness_ebu128": {
        "integrated": -22.358335495,
        "loudness_range": 3.54591560364,
        "momentary": {
            "max": -19.3123130798,
            "mean": -22.8303947449,
            "min": -30.699420929,
            "stdev": 2.13948011398
        },
        "short_term": {
            "max": -19.90001297,
            "mean": -22.3998069763,
            "min": -25.4574241638,
            "stdev": 1.20323467255
        }
    },
    "melbands_crest": {
        "max": 34.211681366,
        "mean": 14.0025310516,
        "min": 3.79547977448,
        "stdev": 5.87079524994
    },
    "melbands_flatness_db": {
        "max": 0.520656645298,
        "mean": 0.162359327078,
        "min": 0.0408092774451,
        "stdev": 0.0626523941755
    },
    "melbands_kurtosis": {
        "max": 761.834777832,
        "mean": 12.4030227661,
        "min": -1.63246512413,
        "stdev": 36.7492523193
    },
    "melbands_skewness": {
        "max": 21.6965427399,
        "mean": 2.22783517838,
        "min": -0.733571648598,
        "stdev": 2.16185665131
    },
    "melbands_spread": {
        "max": 126.59727478,
        "mean": 36.1052131653,
        "min": 0.469406336546,
        "stdev": 18.1530170441
    },
    "pitch_salience": {
        "max": 0.839302301407,
        "mean": 0.511646568775,
        "min": 0.0660280361772,
        "stdev": 0.117374524474
    },
    "silence_rate_20dB": {
        "max": 1,
        "mean": 1,
        "min": 1,
        "stdev": 0
    },
    "silence_rate_30dB": {
        "max": 1,
        "mean": 0.999524056911,
        "min": 0,
        "stdev": 0.0218114163727
    },
    "silence_rate_60dB": {
        "max": 1,
        "mean": 0.011423131451,
        "min": 0,
        "stdev": 0.106263436377
    },
    "spectral_centroid": {
        "max": 5283.62548828,
        "mean": 1873.81347656,
        "min": 269.208862305,
        "stdev": 532.427429199
    },
    "spectral_complexity": {
        "max": 51,
        "mean": 22.608757019,
        "min": 0,
        "stdev": 10.0988540649
    },
    "spectral_decrease": {
        "max": -7.83318410136e-11,
        "mean": -7.13622583248e-09,
        "min": -3.70070303291e-08,
        "stdev": 4.23715107445e-09
    },
    "spectral_energy": {
        "max": 0.142464548349,
        "mean": 0.0296503100544,
        "min": 0.000328816880938,
        "stdev": 0.0171777177602
    },
    "spectral_energyband_high": {
        "max": 0.00598152074963,
        "mean": 0.0013469143305,
        "min": 3.43217539012e-06,
        "stdev": 0.00102817371953
    },
    "spectral_energyband_low": {
        "max": 0.129449725151,
        "mean": 0.0114644831046,
        "min": 3.76676798624e-05,
        "stdev": 0.0122330319136
    },
    "spectral_energyband_middle_high": {
        "max": 0.0649181455374,
        "mean": 0.0115977665409,
        "min": 5.28821656189e-05,
        "stdev": 0.0103780385107
    },
    "spectral_energyband_middle_low": {
        "max": 0.0335929654539,
        "mean": 0.00607336405665,
        "min": 3.6575114791e-05,
        "stdev": 0.00453806715086
    },
    "spectral_entropy": {
        "max": 8.868060112,
        "mean": 7.74110841751,
        "min": 6.61842632294,
        "stdev": 0.323227316141
    },
    "spectral_flux": {
        "max": 0.270889699459,
        "mean": 0.0912458151579,
        "min": 0.0166807584465,
        "stdev": 0.0377315878868
    },
    "spectral_kurtosis": {
        "max": 12.2454948425,
        "mean": 2.88029766083,
        "min": -1.44131851196,
        "stdev": 1.25426137447
    },
    "spectral_rms": {
        "max": 0.0117893936113,
        "mean": 0.00514573091641,
        "min": 0.000566389411688,
        "stdev": 0.00156481133308
    },
    "spectral_rolloff": {
        "max": 11778.6621094,
        "mean": 1891.90197754,
        "min": 64.599609375,
        "stdev": 1336.33850098
    },
    "spectral_skewness": {
        "max": 2.97712254524,
        "mean": 1.28026032448,
        "min": -0.2457793504,
        "stdev": 0.229100033641
    },
    "spectral_spread": {
        "max": 16588125,
        "mean": 4760702.5,
        "min": 2458254.25,
        "stdev": 1275356
    },
    "spectral_strongpeak": {
        "max": 11.7561368942,
        "mean": 1.56080138683,
        "min": 0.028507437557,
        "stdev": 2.03652882576
    },
    "zerocrossingrate": {
        "max": 0.279296875,
        "mean": 0.0744781121612,
        "min": 0.00390625,
        "stdev": 0.0294733531773
    },
    "barkbands": {
        "max": [0.00589715596288, 0.0749612599611, 0.060728430748, 0.0142088904977, 0.0121866939589, 0.0113912764937, 0.0242794174701, 0.0152487568557, 0.0150044485927, 0.0314201302826, 0.0405481532216, 0.0362005457282, 0.0209170151502, 0.0236328039318, 0.0221068207175, 0.0166164990515, 0.00748251378536, 0.00849599856883, 0.00734177650884, 0.0135368546471, 0.00278700818308, 0.00181175989565, 0.00236208084971, 0.00274340389296, 0.00157188298181, 0.000349758280208, 1.38312293529e-06],
        "mean": [0.000490727834404, 0.00857113488019, 0.00170095369685, 0.00123301160056, 0.00134008843452, 0.000932840513997, 0.00119132082909, 0.000553966907319, 0.000633116287645, 0.00190189585555, 0.00204592291266, 0.00186280254275, 0.000673323287629, 0.00174370291643, 0.00105767929927, 0.000583628832828, 0.000389520369936, 0.000331362942234, 0.000687927007675, 0.000635366421193, 0.00030543570756, 0.000163804463227, 0.000265178852715, 0.000216666536289, 0.000106071740447, 3.28598434862e-05, 4.52910864368e-09],
        "min": [8.52268371432e-08, 1.62601390912e-05, 1.06738082195e-06, 3.38602148986e-07, 3.52986830876e-06, 1.14062754619e-06, 7.88080456005e-07, 6.41507767796e-07, 2.27645637096e-06, 5.50573122382e-06, 1.64587913787e-06, 5.18557669693e-07, 2.15809495785e-06, 7.4712102105e-07, 1.62386311331e-06, 1.0227755638e-06, 7.30533884052e-07, 3.0136035889e-07, 1.25476378798e-06, 3.73284024136e-07, 1.45084399605e-07, 4.2463994987e-07, 2.44740760991e-07, 9.10072515126e-08, 4.67963481299e-08, 1.63009203358e-10, 1.45066514357e-10],
        "stdev": [0.000636967888568, 0.0105098709464, 0.00317097851075, 0.00158034416381, 0.00138379982673, 0.00114106142428, 0.00231403228827, 0.000941726320889, 0.00105291896034, 0.00288065779023, 0.00441641686484, 0.00437479931861, 0.00159792986233, 0.00296762771904, 0.00202198885381, 0.00100231869146, 0.000676907249726, 0.000495479849633, 0.00071744422894, 0.00102365994826, 0.000357486045687, 0.000171760082594, 0.000268867006525, 0.000236550607951, 0.000155466084834, 4.38253446191e-05, 4.13942338184e-08]
    },
    "erbbands": {
        "max": [2.67506313324, 20.1738166809, 82.51927948, 49.8183174133, 29.4831905365, 46.0221099854, 81.2682189941, 121.684295654, 400.137084961, 367.580108643, 328.8253479, 364.439819336, 399.028900146, 1257.47802734, 2192.31884766, 991.537597656, 1046.46374512, 1236.46276855, 2034.58227539, 874.418518066, 1065.63977051, 454.419769287, 555.025085449, 384.023101807, 611.194946289, 578.031677246, 152.000717163, 85.9903717041, 45.5490875244, 104.247161865, 51.330368042, 80.7774124146, 35.2977409363, 22.6470279694, 10.9206857681, 3.07695484161, 0.515698850155, 0.0201710406691, 0.000430185580626, 0.000158493829076],
        "mean": [0.301028698683, 1.66960704327, 2.22585654259, 3.45669293404, 3.83465838432, 4.45014667511, 7.16895294189, 7.4253411293, 16.9603347778, 13.5750169754, 12.0329046249, 14.64295578, 37.6945152283, 79.9407196045, 86.6912689209, 53.4201087952, 30.9029140472, 47.9173622131, 97.9244308472, 45.9752540588, 30.6294307709, 22.5194721222, 18.7901611328, 30.0977153778, 33.7803153992, 25.9549617767, 19.5717220306, 6.9354891777, 5.50201177597, 7.24166488647, 7.47095823288, 4.90016841888, 3.44895362854, 1.62887120247, 0.512953102589, 0.255904704332, 0.0326382517815, 0.00076854985673, 5.35203289473e-05, 4.13830930484e-05],
        "min": [0.000393219292164, 0.0039923931472, 0.00513001950458, 0.00417473772541, 0.00545307435095, 0.0118079725653, 0.0124557064846, 0.0125528639182, 0.011623121798, 0.026392146945, 0.0327601693571, 0.0843074098229, 0.12256090343, 0.310059934855, 0.177796825767, 0.0358286313713, 0.104661285877, 0.0741790980101, 0.127765268087, 0.106499329209, 0.0746255591512, 0.0547799989581, 0.0222266316414, 0.0173185691237, 0.0865654870868, 0.0200657434762, 0.00619068462402, 0.00548466248438, 0.010711976327, 0.0104865115136, 0.00570569513366, 0.00234518619254, 0.00103458738886, 0.000705158920027, 0.000218235567445, 2.19299490709e-05, 3.26882013724e-06, 4.18893421283e-07, 1.10210771709e-06, 5.09352958034e-07],
        "stdev": [0.359500676394, 2.4039683342, 4.01010942459, 4.5254817009, 4.01103639603, 5.01845741272, 8.53240203857, 9.4475030899, 32.6322250366, 26.9695644379, 19.2594871521, 24.4603404999, 47.0518074036, 136.337127686, 189.067932129, 105.782447815, 62.701789856, 79.8939819336, 160.28553772, 77.7760848999, 53.987487793, 35.0461959839, 29.1995868683, 31.7034626007, 40.3883171082, 37.4209289551, 21.448431015, 8.03344917297, 5.89214324951, 7.38663053513, 7.69585037231, 5.53478527069, 3.94213676453, 2.22616863251, 0.826135933399, 0.348076611757, 0.0430972464383, 0.00115910719614, 4.75846936752e-05, 2.26810298045e-05]
    },
    "gfcc": {
        "mean": [29.5795288086, 78.4957351685, -129.560058594, 48.3523330688, -59.3589820862, 35.6436347961, -35.3954048157, 19.6654510498, -25.0424022675, 5.86542654037, -7.64986848831, -0.783559560776, -2.3751013279],
        "cov": [[2526.24584961, -393.105285645, -253.112442017, -203.065200806, -235.040252686, 28.3113327026, -214.924926758, -46.0461730957, -243.658615112, 44.7984275818, -164.303237915, 59.9779815674, -149.335189819], [-393.105285645, 520.279724121, 86.1544418335, 65.538482666, 106.070419312, -87.1584091187, 78.9411010742, -69.6725692749, 60.038444519, -48.9641036987, 50.5066680908, -19.0736427307, 4.87792205811], [-253.112442017, 86.1544418335, 435.763580322, 93.4816055298, 33.9724807739, -22.1266365051, -51.8002815247, 32.9802818298, 22.1319732666, -7.38036203384, -24.6002693176, 62.8998451233, -72.1817092896], [-203.065200806, 65.538482666, 93.4816055298, 162.165908813, 74.671875, -27.2303886414, 26.394317627, 17.7539539337, 43.1226539612, -26.6829242706, 9.62131786346, -9.44709205627, 8.43050670624], [-235.040252686, 106.070419312, 33.9724807739, 74.671875, 179.621536255, 42.6282119751, 96.5019760132, -0.315369069576, 32.3972358704, -11.6684904099, 9.82910442352, -0.859500646591, 24.2541542053], [28.3113327026, -87.1584091187, -22.1266365051, -27.2303886414, 42.6282119751, 160.599807739, 90.2952194214, -3.67402982712, -8.57640838623, 3.2010743618, -1.54826414585, -7.74463129044, 23.618396759], [-214.924926758, 78.9411010742, -51.8002815247, 26.394317627, 96.5019760132, 90.2952194214, 192.877807617, 5.40736913681, 33.5874023438, -6.3546795845, 29.1063137054, -19.9520359039, 44.9645690918], [-46.0461730957, -69.6725692749, 32.9802818298, 17.7539539337, -0.315369069576, -3.67402982712, 5.40736913681, 105.146903992, 47.7470016479, 8.22470283508, 12.4352912903, 8.24921035767, 17.4469280243], [-243.658615112, 60.038444519, 22.1319732666, 43.1226539612, 32.3972358704, -8.57640838623, 33.5874023438, 47.7470016479, 112.648193359, 6.03570222855, 34.3551025391, 0.363108366728, 33.7517738342], [44.7984275818, -48.9641036987, -7.38036203384, -26.6829242706, -11.6684904099, 3.2010743618, -6.3546795845, 8.22470283508, 6.03570222855, 90.650062561, 38.1475372314, -6.77143764496, -5.94699144363], [-164.303237915, 50.5066680908, -24.6002693176, 9.62131786346, 9.82910442352, -1.54826414585, 29.1063137054, 12.4352912903, 34.3551025391, 38.1475372314, 112.316299438, -19.8937492371, 24.5342693329], [59.9779815674, -19.0736427307, 62.8998451233, -9.44709205627, -0.859500646591, -7.74463129044, -19.9520359039, 8.24921035767, 0.363108366728, -6.77143764496, -19.8937492371, 103.710777283, -0.950314104557], [-149.335189819, 4.87792205811, -72.1817092896, 8.43050670624, 24.2541542053, 23.618396759, 44.9645690918, 17.4469280243, 33.7517738342, -5.94699144363, 24.5342693329, -0.950314104557, 118.578193665]],
        "icov": [[0.000812829763163, -0.000540924025699, 0.00107546837535, -0.000679982767906, 0.000698492745869, -0.00127181713469, 0.0010274174856, -0.00108353618998, 0.0014042154653, -0.0010453434661, 0.00105004769284, -0.000952128903009, 0.000952198286541], [-0.000540924025699, 0.00662948843092, -0.00334246107377, 0.00374817871489, -0.00326135521755, 0.00751980161294, -0.00483300862834, 0.00707540428266, -0.00438925344497, 0.00495770340785, -0.00362858641893, 0.00257626362145, -0.00102475320455], [0.00107546837535, -0.00334246107377, 0.00632187584415, -0.0047302483581, 0.00164653570391, -0.00552913127467, 0.00444618007168, -0.00495726102963, 0.00273990212008, -0.00345235038549, 0.0027536326088, -0.00432213302702, 0.0039270343259], [-0.000679982767906, 0.00374817871489, -0.0047302483581, 0.0135622313246, -0.00594775145873, 0.00764941889793, -0.00370144611225, 0.0038455426693, -0.00476316967979, 0.00616271235049, -0.0031276922673, 0.00449179764837, -0.00197550328448], [0.000698492745869, -0.00326135521755, 0.00164653570391, -0.00594775145873, 0.0116432020441, -0.00510040298104, -0.00128498487175, -0.00230570160784, 0.00198701675981, -0.00340358563699, 0.00282801291905, -0.00257394579239, 0.000557845458388], [-0.00127181713469, 0.00751980161294, -0.00552913127467, 0.00764941889793, -0.00510040298104, 0.0191371124238, -0.0109790787101, 0.00813240092248, -0.00405198102817, 0.00552588701248, -0.0035538522061, 0.00445837620646, -0.00342090334743], [0.0010274174856, -0.00483300862834, 0.00444618007168, -0.00370144611225, -0.00128498487175, -0.0109790787101, 0.0147973904386, -0.00566497026011, 0.00228008884005, -0.00290920888074, 0.00143983634189, -0.00196228409186, 0.00102587882429], [-0.00108353618998, 0.00707540428266, -0.00495726102963, 0.0038455426693, -0.00230570160784, 0.00813240092248, -0.00566497026011, 0.0203101355582, -0.0104466937482, 0.0046133780852, -0.00390296522528, 0.00273012975231, -0.00290073314682], [0.0014042154653, -0.00438925344497, 0.00273990212008, -0.00476316967979, 0.00198701675981, -0.00405198102817, 0.00228008884005, -0.0104466937482, 0.0186059325933, -0.00461251940578, 0.000881583022419, -0.00293511827476, -0.000704588077497], [-0.0010453434661, 0.00495770340785, -0.00345235038549, 0.00616271235049, -0.00340358563699, 0.00552588701248, -0.00290920888074, 0.0046133780852, -0.00461251940578, 0.0187735613436, -0.00884367525578, 0.00317547796294, 6.9465386332e-05], [0.00105004769284, -0.00362858641893, 0.0027536326088, -0.0031276922673, 0.00282801291905, -0.0035538522061, 0.00143983634189, -0.00390296522528, 0.000881583022419, -0.00884367525578, 0.015427980572, -0.000508511497173, -0.000362700666301], [-0.000952128903009, 0.00257626362145, -0.00432213302702, 0.00449179764837, -0.00257394579239, 0.00445837620646, -0.00196228409186, 0.00273012975231, -0.00293511827476, 0.00317547796294, -0.000508511497173, 0.0135060474277, -0.00306640914641], [0.000952198286541, -0.00102475320455, 0.0039270343259, -0.00197550328448, 0.000557845458388, -0.00342090334743, 0.00102587882429, -0.00290073314682, -0.000704588077497, 6.9465386332e-05, -0.000362700666301, -0.00306640914641, 0.0130650969222]]
    },
    "melbands": {
        "max": [0.0198384243995, 0.0366787239909, 0.00703867524862, 0.00231670006178, 0.00223233248107, 0.00256314082071, 0.00588103570044, 0.00328748370521, 0.00228778133169, 0.00262930593453, 0.00232878094539, 0.00484831398353, 0.0051409942098, 0.00477771600708, 0.00226978049614, 0.00262509309687, 0.00275522004813, 0.00398716283962, 0.00188448419794, 0.000800649693701, 0.00135305558797, 0.00062046002131, 0.00027490517823, 0.000552243320271, 0.000353796523996, 0.000357941520633, 0.000787498895079, 0.000258904532529, 0.000116338131193, 0.000106681254692, 4.59022339783e-05, 3.16538462357e-05, 5.87774011365e-05, 6.37399862171e-05, 3.80151250283e-05, 3.35717777489e-05, 5.85459565627e-05, 2.74085778074e-05, 3.09888491756e-05, 1.99473051907e-05],
        "mean": [0.00251807365566, 0.00151337252464, 0.000594580487814, 0.000297897524433, 0.000238473759964, 0.000180311966687, 0.00024910303182, 0.000143560362631, 9.55390132731e-05, 9.15016498766e-05, 0.00020319277246, 0.000333739066264, 0.000278132036328, 0.00024129684607, 8.1129357568e-05, 6.40814541839e-05, 9.56750591286e-05, 0.000187079669558, 7.76983142714e-05, 4.77002249681e-05, 3.13210330205e-05, 2.48077794822e-05, 1.55172128871e-05, 1.67427479028e-05, 2.51579112955e-05, 2.80782714981e-05, 2.51109213423e-05, 1.49857205543e-05, 1.39464036693e-05, 7.25843392502e-06, 2.95687846119e-06, 2.88119667857e-06, 3.47534091816e-06, 4.36286609329e-06, 4.36410391558e-06, 4.04664433518e-06, 2.50786683864e-06, 2.24817881644e-06, 2.43062459049e-06, 1.02285048342e-06],
        "min": [4.07712059314e-06, 7.23088578525e-06, 1.07095934254e-06, 4.87851707476e-07, 3.56921646016e-07, 2.5173747531e-07, 1.43165095778e-07, 3.39473729127e-07, 2.27860468272e-07, 3.5889326e-07, 5.66409539715e-07, 1.16625062674e-06, 2.34388039644e-07, 4.71607499719e-08, 1.04385932786e-07, 2.46118759151e-07, 8.80041000073e-08, 2.30829854786e-07, 1.37604558859e-07, 7.86435947475e-08, 7.03372009525e-08, 4.64984672988e-08, 2.74100511177e-08, 1.42535556691e-08, 1.02933102042e-08, 4.35332481175e-08, 4.85145577045e-08, 7.76430653104e-09, 3.8040917083e-09, 3.85991549834e-09, 2.65726929349e-09, 4.07781097778e-09, 6.32532870526e-09, 4.40023395498e-09, 3.60203533667e-09, 1.04251196564e-09, 1.39982714309e-09, 6.43734676675e-10, 6.22443152576e-10, 5.57861368211e-10],
        "stdev": [0.00293533597142, 0.00227292021737, 0.000687633233611, 0.0003032219538, 0.000267475174041, 0.00021886016475, 0.00047830468975, 0.000262203917373, 0.00015556080325, 0.000165686913533, 0.000269888725597, 0.00054648052901, 0.000566227477975, 0.000610299932305, 0.000183783471584, 0.000175037595909, 0.000175365930772, 0.000334697630024, 0.0001625065197, 7.43216442061e-05, 6.38928759145e-05, 4.36365808127e-05, 2.32615238929e-05, 2.67878440354e-05, 2.8375252441e-05, 3.20368853863e-05, 5.36526385986e-05, 1.92558254639e-05, 1.64300508914e-05, 1.00075121736e-05, 4.21343702328e-06, 3.33736693392e-06, 3.78499157705e-06, 4.7767975957e-06, 4.67394647785e-06, 4.3419222493e-06, 3.30307034346e-06, 2.83088979813e-06, 2.82555856757e-06, 1.75139393832e-06]
    },
    "melbands128": {
        "max": [0.00585707603022, 0.0260792355984, 0.0321295820177, 0.0442667864263, 0.0534874536097, 0.0216585677117, 0.012289009057, 0.00486890831962, 0.00347045343369, 0.00326949171722, 0.00289181247354, 0.00400898652151, 0.00336578860879, 0.00400006817654, 0.00321743823588, 0.00438413955271, 0.00630242004991, 0.0103490892798, 0.0101556181908, 0.0058310450986, 0.00294112972915, 0.00497873965651, 0.00214040838182, 0.00456681381911, 0.00286541227251, 0.00532924709842, 0.00225242576562, 0.00201546517201, 0.00671174796298, 0.0107283936813, 0.00942500960082, 0.0128265917301, 0.0079050110653, 0.015637665987, 0.0109793245792, 0.00738847116008, 0.0047074649483, 0.00436178315431, 0.00311007769778, 0.00511433556676, 0.00580494385213, 0.00243804603815, 0.00320237362757, 0.00456895353273, 0.00601211981848, 0.00891908444464, 0.00382529222406, 0.00278799515218, 0.00282022007741, 0.00170165719464, 0.00177390233148, 0.00182992499322, 0.00228611356579, 0.00105214864016, 0.00114987243433, 0.00121471122839, 0.000585142872296, 0.000406749604736, 0.000319063517964, 0.00104083423503, 0.000940464495216, 0.0011748658726, 0.000516432104632, 0.000516824075021, 0.000953956972808, 0.000617204525042, 0.00027104554465, 0.00143536739051, 0.00161108083557, 0.00111629336607, 0.000359580502845, 0.000278614577837, 0.000284428999294, 0.000237848231336, 0.000210510843317, 0.000213647886994, 0.000131903580041, 8.60886575538e-05, 8.92360694706e-05, 9.64542923612e-05, 5.06100514031e-05, 2.92941149382e-05, 3.85668026865e-05, 7.73039282649e-05, 6.96063943906e-05, 4.38523929915e-05, 9.87796811387e-05, 8.32776131574e-05, 5.00340938743e-05, 6.19300990365e-05, 4.72026185889e-05, 5.16928812431e-05, 3.95448732888e-05, 0.000103762133222, 4.38226743427e-05, 3.6693400034e-05, 4.29266438005e-05, 4.33072309534e-05, 3.74021983589e-05, 3.30384755216e-05, 2.56756429735e-05, 2.8588639907e-05, 1.88507747225e-05, 1.4941907466e-05, 2.34692706726e-05, 7.71623763285e-06, 1.16732935567e-05, 8.34461661725e-06, 9.50007961364e-06, 4.61347281089e-06, 6.18825970378e-06, 2.97971223517e-06, 2.81647749034e-06, 1.42607984799e-06, 6.77246305258e-07, 1.52865951009e-07, 4.98785013292e-08, 6.65909949404e-09, 6.41022479542e-09, 6.18637896466e-09, 5.96951021947e-09, 5.79916159538e-09, 5.64046898077e-09, 5.48058354255e-09, 5.37302380366e-09, 5.30429522527e-09, 5.24584153894e-09, 5.20640730528e-09],
        "mean": [0.000453545275377, 0.00247985287569, 0.00342295784503, 0.002570617944, 0.00131562969182, 0.000810087425634, 0.000742407341022, 0.000545784481801, 0.000345792068401, 0.000327090645442, 0.000216876229388, 0.000228224977036, 0.000260250148131, 0.000241919449763, 0.000143770375871, 0.000128028172185, 0.00029310019454, 0.000288777606329, 0.000181895651622, 0.000131991473609, 0.000145898666233, 0.000115857073979, 7.72195999161e-05, 9.90937987808e-05, 7.14969501132e-05, 0.000123870820971, 5.37284104212e-05, 0.000136903167004, 0.000436245958554, 0.000299089151667, 0.000318102131132, 0.000370086083421, 0.000166912344866, 0.000305652036332, 0.000412924273405, 0.00015871465439, 6.04594424658e-05, 0.000121956138173, 5.44539798284e-05, 4.87999204779e-05, 9.17157158256e-05, 4.36147711298e-05, 5.12965816597e-05, 0.000100315453892, 0.00030195855652, 0.000200758324354, 6.45358522888e-05, 9.31055037654e-05, 8.29885539133e-05, 3.15644247166e-05, 5.18066881341e-05, 5.24520401086e-05, 3.2158310205e-05, 2.21310274355e-05, 2.66702081717e-05, 2.836375279e-05, 2.11427795875e-05, 1.33224993988e-05, 1.38252880788e-05, 1.87105761142e-05, 1.77662259375e-05, 1.38694867928e-05, 1.7590713469e-05, 2.25076528295e-05, 4.95725362271e-05, 2.82924356725e-05, 1.58529564942e-05, 2.17110045924e-05, 3.52214301529e-05, 1.82344028872e-05, 1.01634486782e-05, 1.71758128999e-05, 1.48482513396e-05, 1.41369728226e-05, 1.17536092148e-05, 8.69256109581e-06, 4.47379989055e-06, 3.34941000801e-06, 2.64092727775e-06, 2.72391116596e-06, 2.78687207356e-06, 2.79181722362e-06, 3.4444699395e-06, 3.36370044351e-06, 3.79926382266e-06, 3.68284577235e-06, 5.04333866047e-06, 4.93302013638e-06, 3.8330258576e-06, 4.53893426311e-06, 4.12006238548e-06, 4.2499891606e-06, 3.33691423293e-06, 2.38782649831e-06, 2.08343476515e-06, 1.84033069672e-06, 2.32300408243e-06, 2.70004261438e-06, 2.95927065963e-06, 2.03628246709e-06, 1.24880489238e-06, 8.76675301242e-07, 6.89438934387e-07, 5.87668296248e-07, 5.75050307816e-07, 4.49162001814e-07, 4.90407956022e-07, 4.74688107488e-07, 5.79296340675e-07, 3.5525374642e-07, 2.75106827985e-07, 1.80511989356e-07, 1.51965160455e-08, 3.44560158183e-09, 9.10081288108e-10, 5.58231127989e-10, 1.47521952987e-10, 9.54615726745e-12, 8.37082573396e-12, 8.08769978072e-12, 7.87623178483e-12, 7.80633977598e-12, 7.52065076881e-12, 7.27428620811e-12, 6.93484636036e-12, 6.46759382161e-12, 6.19802473234e-12, 6.12829492014e-12],
        "min": [6.39642152578e-08, 7.67687140524e-07, 5.06638480147e-06, 4.38581128037e-06, 1.11372128231e-06, 4.63276137452e-07, 2.7382984058e-07, 1.54347247872e-07, 2.15244241986e-07, 1.88128169043e-07, 1.35517304045e-08, 6.67503456953e-08, 4.70599736957e-08, 1.54465993774e-07, 8.20916667976e-08, 1.47493093294e-08, 1.19501663676e-07, 1.1933197186e-07, 5.06504740372e-08, 5.8621552057e-08, 6.16268280851e-08, 6.4150817991e-08, 2.92820026004e-08, 7.36497014486e-08, 5.93072115862e-08, 1.29732526943e-07, 1.03658706507e-07, 2.31150281138e-07, 2.24640928081e-07, 3.14472572427e-07, 3.14928939815e-07, 1.94120843844e-07, 9.35390573886e-08, 5.44024878479e-08, 6.56244978359e-08, 2.91319697254e-08, 4.31757278818e-08, 5.25309360455e-08, 4.98218994949e-08, 3.47541941892e-08, 2.59564618688e-08, 1.60329278742e-08, 4.5923620462e-08, 8.48811083642e-08, 2.16148769994e-08, 1.33904606514e-07, 4.37355502925e-08, 7.80246409704e-08, 4.8116312712e-08, 1.736785471e-08, 2.06696348926e-08, 8.9536689174e-09, 1.79405628131e-08, 2.54915644149e-09, 6.45304609748e-09, 2.7320975704e-08, 5.2334754308e-09, 7.15130665796e-09, 9.7842400848e-09, 2.17500133459e-08, 1.24399743839e-08, 1.26478587603e-08, 6.73562539077e-09, 1.28787140952e-08, 1.0460366795e-08, 2.13049169417e-08, 7.49798445554e-09, 4.66612384287e-08, 2.20126885608e-08, 7.1845516203e-09, 4.31867341888e-09, 1.27556845086e-08, 3.29601723692e-09, 3.02946889796e-09, 1.70371838859e-09, 4.5812371674e-09, 3.30116844971e-09, 8.36059554921e-10, 5.62981938845e-10, 4.84492945763e-10, 1.38704103758e-09, 1.11062203878e-09, 5.48774004017e-09, 2.22526619353e-09, 2.58620658222e-09, 3.89235887965e-09, 2.19923235178e-09, 1.26653543209e-09, 2.17907114575e-09, 1.18394360982e-09, 8.96239804593e-10, 1.16702911224e-10, 7.2231637338e-10, 2.76897615947e-10, 3.25494409203e-10, 7.06786296156e-10, 2.58393917374e-10, 6.15280881799e-10, 3.42017109078e-10, 6.62630297854e-11, 3.8007669928e-12, 6.08048984427e-12, 1.15643172122e-12, 1.072611726e-12, 5.41965886232e-13, 8.37611067745e-13, 1.74510156759e-12, 7.34762457041e-13, 6.56939075621e-13, 7.83274703778e-13, 6.8667781964e-13, 6.10784155457e-13, 6.25446688798e-13, 4.34559614855e-13, 3.80102796026e-13, 4.84556188576e-13, 4.59617478625e-13, 3.81223129236e-13, 4.04754707398e-13, 4.50346601373e-13, 3.99487273773e-13, 3.89627783162e-13, 3.99523269285e-13, 4.38257042419e-13, 2.9653951278e-13, 1.20967892279e-13, 1.75024027254e-14, 7.23089845396e-16],
        "stdev": [0.000610715360381, 0.00322048203088, 0.00439032306895, 0.00425106333569, 0.002667180961, 0.00144605105743, 0.00108054035809, 0.00071789091453, 0.000423353456426, 0.000419055257225, 0.000308794551529, 0.000341016391758, 0.000347050110577, 0.000356494711014, 0.000244652357651, 0.000248600001214, 0.000559308740776, 0.000708923500497, 0.000573594938032, 0.000360736361472, 0.000259599532001, 0.00029349871329, 0.000156250142027, 0.00024687036057, 0.000156373440404, 0.000310127041303, 0.000131968219648, 0.000220679561608, 0.000726572470739, 0.000641811697278, 0.000877244456206, 0.00107015133835, 0.000512876082212, 0.00115096976515, 0.00122761330567, 0.000541039858945, 0.000199134577997, 0.000326369161485, 0.0001702272275, 0.000167937105289, 0.00033558634459, 0.000147761573317, 0.00018077599816, 0.00030885238084, 0.000637372082565, 0.000507402350195, 0.000196635577595, 0.000238930166233, 0.000252327648923, 7.99003100838e-05, 0.000104621780338, 0.000124738100567, 9.65856670518e-05, 6.16886172793e-05, 8.29171476653e-05, 5.91603602516e-05, 3.97587791667e-05, 3.09043462039e-05, 2.38397697103e-05, 5.14047242177e-05, 3.43502870237e-05, 3.73193579435e-05, 2.76229475276e-05, 3.54626863555e-05, 8.44837486511e-05, 4.61320960312e-05, 2.71429562417e-05, 5.76899219595e-05, 9.96557500912e-05, 5.55615224584e-05, 2.12536560866e-05, 2.31583617278e-05, 2.65527651209e-05, 2.76806822512e-05, 2.02117771551e-05, 1.82986022992e-05, 8.59714600665e-06, 5.12346377946e-06, 5.18567003382e-06, 5.02624743604e-06, 3.90909372072e-06, 3.51420726474e-06, 4.34768298874e-06, 4.78384890812e-06, 4.25596363129e-06, 4.5966221478e-06, 7.25090694687e-06, 6.586944437e-06, 4.83996973344e-06, 6.89661646902e-06, 5.33360116606e-06, 5.47975059817e-06, 4.30441514254e-06, 3.98187739847e-06, 3.50305799657e-06, 3.05252319777e-06, 3.41943518833e-06, 3.67697748516e-06, 3.8557195694e-06, 3.23118774759e-06, 2.23996698878e-06, 1.95659345081e-06, 1.40380029734e-06, 1.20964421058e-06, 1.11904478217e-06, 7.67501944665e-07, 8.47438911933e-07, 7.32018861527e-07, 9.72277007349e-07, 5.28710813796e-07, 4.0771575982e-07, 2.73607980716e-07, 8.29277198022e-08, 4.27501447575e-08, 1.51619552469e-08, 4.67834793128e-09, 1.51090684408e-09, 1.48663123478e-10, 1.39877900929e-10, 1.34996250289e-10, 1.30322599934e-10, 1.26827798264e-10, 1.2309908648e-10, 1.19592474812e-10, 1.17250639753e-10, 1.15759124508e-10, 1.14488307723e-10, 1.1362869673e-10]
    },
    "mfcc": {
        "mean": [-605.105957031, 95.9228286743, -1.2407592535, 18.9806537628, 8.16236972809, 10.0330076218, 11.7900257111, 9.57717037201, -1.29778039455, 13.7475700378, -4.88552618027, -3.58743238449, 4.06464576721],
        "cov": [[2711.40429688, -325.1144104, -210.914306641, -289.05355835, -177.131912231, -76.8122329712, -76.5540771484, -115.697059631, -118.838005066, -75.4599075317, -149.143630981, -15.6147899628, -13.9056987762], [-325.1144104, 461.11038208, 18.1361885071, 97.3337097168, 13.8450365067, 57.9846000671, -6.43342399597, 16.7762966156, -5.06102561951, -54.4388237, 18.0068073273, 56.9762001038, 36.1611671448], [-210.914306641, 18.1361885071, 299.683044434, 37.7089424133, 64.0833282471, -25.8680419922, -47.0689888, 14.6813163757, -1.88384318352, -52.9929122925, 46.995223999, 35.8668174744, 7.09847068787], [-289.05355835, 97.3337097168, 37.7089424133, 213.283447266, 67.7178421021, -6.0810508728, -15.7831249237, 30.263212204, 27.6831741333, -16.8438167572, 19.8685398102, 27.0491123199, 19.8313770294], [-177.131912231, 13.8450365067, 64.0833282471, 67.7178421021, 124.335235596, -10.1622285843, -10.1723003387, 19.032869339, 15.6272583008, -4.02768611908, 6.48770523071, 10.772603035, 24.059179306], [-76.8122329712, 57.9846000671, -25.8680419922, -6.0810508728, -10.1622285843, 172.194458008, 70.9167327881, 34.5913314819, 24.2763557434, -2.20979976654, -0.46146979928, -7.90839481354, -0.394146084785], [-76.5540771484, -6.43342399597, -47.0689888, -15.7831249237, -10.1723003387, 70.9167327881, 143.410171509, 8.87147331238, 10.6120328903, 56.4944572449, 0.614938080311, -12.9208078384, -2.30474972725], [-115.697059631, 16.7762966156, 14.6813163757, 30.263212204, 19.032869339, 34.5913314819, 8.87147331238, 126.111549377, 55.0726623535, -13.6716270447, -0.229386046529, -5.32196521759, 22.1093711853], [-118.838005066, -5.06102561951, -1.88384318352, 27.6831741333, 15.6272583008, 24.2763557434, 10.6120328903, 55.0726623535, 106.540809631, 10.9021530151, -10.6788024902, -22.0516357422, 9.23476600647], [-75.4599075317, -54.4388237, -52.9929122925, -16.8438167572, -4.02768611908, -2.20979976654, 56.4944572449, -13.6716270447, 10.9021530151, 137.143310547, 22.1294403076, -26.1818237305, -10.3864088058], [-149.143630981, 18.0068073273, 46.995223999, 19.8685398102, 6.48770523071, -0.46146979928, 0.614938080311, -0.229386046529, -10.6788024902, 22.1294403076, 90.2366790771, 25.8919048309, -6.31195020676], [-15.6147899628, 56.9762001038, 35.8668174744, 27.0491123199, 10.772603035, -7.90839481354, -12.9208078384, -5.32196521759, -22.0516357422, -26.1818237305, 25.8919048309, 89.9314117432, 29.4074897766], [-13.9056987762, 36.1611671448, 7.09847068787, 19.8313770294, 24.059179306, -0.394146084785, -2.30474972725, 22.1093711853, 9.23476600647, -10.3864088058, -6.31195020676, 29.4074897766, 84.3493804932]],
        "icov": [[0.000578563602176, 0.000364616746083, 0.000282904366031, 0.000409691274399, 0.000404145597713, 1.97341296371e-06, 0.000293118617265, 0.000159003786393, 0.000373920833226, 0.000321410392644, 0.00065768416971, -0.000310552306473, -0.000173872613232], [0.000364616746083, 0.00306719448417, 0.00031354976818, -0.000999374897219, 0.000675362360198, -0.00116016331594, 0.000402267731261, 0.000279237719951, 0.000545100541785, 0.000934886862524, 0.000100824399851, -0.00116202386562, -0.000838388630655], [0.000282904366031, 0.00031354976818, 0.00490065850317, 0.00062637910014, -0.00218571093865, 0.000469761813292, 0.000534372578841, -0.000113892812806, -0.000189294674783, 0.00226899888366, -0.00247473455966, -0.000719630159438, 0.000388440734241], [0.000409691274399, -0.000999374897219, 0.00062637910014, 0.00710623897612, -0.00306759006344, 0.000806563883089, 0.00029221616569, -0.000498505716678, -0.00138128339313, 0.000709203770384, -0.0007295551477, -0.00129309378099, 0.000424699479481], [0.000404145597713, 0.000675362360198, -0.00218571093865, -0.00306759006344, 0.0117924055085, 0.000105531937152, 0.000324479246046, -0.000212199985981, 0.000105268940388, -0.000932728173211, 0.00146187969949, 0.000295605510473, -0.00273638404906], [1.97341296371e-06, -0.00116016331594, 0.000469761813292, 0.000806563883089, 0.000105531937152, 0.00880211219192, -0.00476601626724, -0.00147234089673, -0.00127348618116, 0.00222351239063, -0.000975531118456, 0.00070495455293, 0.000629702408332], [0.000293118617265, 0.000402267731261, 0.000534372578841, 0.00029221616569, 0.000324479246046, -0.00476601626724, 0.0114747611806, -0.00033002361306, 0.000816372630652, -0.00473687984049, 0.00142109848093, -0.000848989351653, -0.000222912203753], [0.000159003786393, 0.000279237719951, -0.000113892812806, -0.000498505716678, -0.000212199985981, -0.00147234089673, -0.00033002361306, 0.0115903299302, -0.00513957254589, 0.00195997487754, -0.0011677716393, 0.00108426623046, -0.00262146675959], [0.000373920833226, 0.000545100541785, -0.000189294674783, -0.00138128339313, 0.000105268940388, -0.00127348618116, 0.000816372630652, -0.00513957254589, 0.0140373287722, -0.00174570793752, 0.00217741099186, 0.00252182991244, -0.000965932500549], [0.000321410392644, 0.000934886862524, 0.00226899888366, 0.000709203770384, -0.000932728173211, 0.00222351239063, -0.00473687984049, 0.00195997487754, -0.00174570793752, 0.0124205369502, -0.00503788376227, 0.00297701102681, -0.000766590761486], [0.00065768416971, 0.000100824399851, -0.00247473455966, -0.0007295551477, 0.00146187969949, -0.000975531118456, 0.00142109848093, -0.0011677716393, 0.00217741099186, -0.00503788376227, 0.0167327132076, -0.00549488281831, 0.00267750350758], [-0.000310552306473, -0.00116202386562, -0.000719630159438, -0.00129309378099, 0.000295605510473, 0.00070495455293, -0.000848989351653, 0.00108426623046, 0.00252182991244, 0.00297701102681, -0.00549488281831, 0.0174720585346, -0.00598902348429], [-0.000173872613232, -0.000838388630655, 0.000388440734241, 0.000424699479481, -0.00273638404906, 0.000629702408332, -0.000222912203753, -0.00262146675959, -0.000965932500549, -0.000766590761486, 0.00267750350758, -0.00598902348429, 0.0158178824931]]
    },
    "spectral_contrast_coeffs": {
        "max": [-0.523479342461, -0.478060811758, -0.505799472332, -0.530658662319, -0.570855021477, -0.56121301651],
        "mean": [-0.76298058033, -0.773595631123, -0.727700948715, -0.755306959152, -0.762205541134, -0.733680427074],
        "min": [-0.925649523735, -0.930917024612, -0.890975654125, -0.893221378326, -0.870634794235, -0.916529178619],
        "stdev": [0.0568741448224, 0.0650361403823, 0.0787081420422, 0.0707144588232, 0.0570736899972, 0.0452506504953]
    },
    "spectral_contrast_valleys": {
        "max": [-5.19960927963, -5.26899862289, -5.56102895737, -5.7037858963, -5.70115613937, -8.15147781372],
        "mean": [-6.47456264496, -6.78733730316, -7.10908508301, -7.37073993683, -7.23479652405, -10.0823526382],
        "min": [-8.78641223907, -9.1094417572, -9.54514598846, -9.8748550415, -10.1037511826, -13.4047546387],
        "stdev": [0.597233295441, 0.626781344414, 0.611748814583, 0.595549881458, 0.608783900738, 0.877987205982]
    }
},
"rhythm": {
    "beats_count": 83,
    "beats_loudness": {
        "max": 0.0652079209685,
        "mean": 0.0326223820448,
        "min": 0.00310016679578,
        "stdev": 0.0151783516631
    },
    "bpm": 96.8129806519,
    "bpm_histogram_first_peak_bpm": 98,
    "bpm_histogram_first_peak_weight": 0.406779646873,
    "bpm_histogram_second_peak_bpm": 126,
    "bpm_histogram_second_peak_spread": 0.350000023842,
    "bpm_histogram_second_peak_weight": 0.158536583185,
    "danceability": 1.06182551384,
    "onset_rate": 3.5478515625,
    "beats_loudness_band_ratio": {
        "max": [0.976762831211, 0.234543636441, 0.430508583784, 0.575464069843, 0.511695802212, 0.30014103651],
        "mean": [0.377032250166, 0.0679573640227, 0.0971956625581, 0.207522824407, 0.168940857053, 0.107243776321],
        "min": [0.0272884517908, 0.0023195000831, 0.00245686783455, 0.00700549874455, 0.0050825602375, 0.0027545420453],
        "stdev": [0.248546570539, 0.0540567785501, 0.0782721117139, 0.144482076168, 0.130529075861, 0.0658864155412]
    },
