{
"metadata": {
    "version": {
        "essentia": "2.1-beta5",
        "essentia_git_sha": "Undefined",
        "extractor": "music 2.0"
    },
    "audio_properties": {
        "analysis": {
            "equal_loudness": 0,
            "length": 48.7502937317,
            "sample_rate": 44100,
            "start_time": 12.7477550507,
            "downmix": "mix"
        },
        "bit_rate": 192000,
        "length": 198.321640015,
        "lossless": 0,
        "number_channels": 2,
        "replay_gain": 0.279947280884,
        "sample_rate": 48000,
        "codec": "mp3",
        "md5_encoded": "4c33679c56ef4485d454d254c4518f6e"
    },
    "tags": {
        "file_name": "Cyprus_One Thing I Should Have Done_John Karayiannis.mp3",
        "encoding": ["Lavf58.29.100"]
    }
},
"lowlevel": {
    "average_loudness": 0.807566761971,
    "barkbands_crest": {
        "max": 26.2196063995,
        "mean": 11.9395742416,
        "min": 2.84863448143,
        "stdev": 4.30516195297
    },
    "barkbands_flatness_db": {
        "max": 0.379872113466,
        "mean": 0.192802608013,
        "min": 0.0652067884803,
        "stdev": 0.0551944077015
    },
    "barkbands_kurtosis": {
        "max": 156.25819397,
        "mean": 18.9339389801,
        "min": -1.90956962109,
        "stdev": 18.1459178925
    },
    "barkbands_skewness": {
        "max": 11.5927677155,
        "mean": 3.18238306046,
        "min": -1.75693500042,
        "stdev": 1.66340386868
    },
    "barkbands_spread": {
        "max": 97.6638412476,
        "mean": 14.130314827,
        "min": 0.790489077568,
        "stdev": 16.5064315796
    },
    "dissonance": {
        "max": 0.499653577805,
        "mean": 0.441418766975,
        "min": 0.252873986959,
        "stdev": 0.0357174053788
    },
    "dynamic_complexity": 3.30589699745,
    "erbbands_crest": {
        "max": 28.9723739624,
        "mean": 10.9767560959,
        "min": 2.58296370506,
        "stdev": 4.54526615143
    },
    "erbbands_flatness_db": {
        "max": 0.320623040199,
        "mean": 0.168172940612,
        "min": 0.0480094142258,
        "stdev": 0.0439729392529
    },
    "erbbands_kurtosis": {
        "max": 37.3808708191,
        "mean": 3.14794898033,
        "min": -1.85844516754,
        "stdev": 4.45466327667
    },
    "erbbands_skewness": {
        "max": 5.5586566925,
        "mean": 1.37024593353,
        "min": -2.78464603424,
        "stdev": 1.11806738377
    },
    "erbbands_spread": {
        "max": 150.986602783,
        "mean": 43.1535072327,
        "min": 5.18018007278,
        "stdev": 26.333322525
    },
    "hfc": {
        "max": 86.2042617798,
        "mean": 12.0362796783,
        "min": 0.412673175335,
        "stdev": 12.8327264786
    },
    "loudness_ebu128": {
        "integrated": -24.9642353058,
        "loudness_range": 5.18187141418,
        "momentary": {
            "max": -19.7794399261,
            "mean": -25.8828163147,
            "min": -33.7838592529,
            "stdev": 2.94772744179
        },
        "short_term": {
            "max": -21.9244098663,
            "mean": -25.3291969299,
            "min": -30.837770462,
            "stdev": 1.86033403873
        }
    },
    "melbands_crest": {
        "max": 30.6983852386,
        "mean": 15.4501581192,
        "min": 4.88317060471,
        "stdev": 4.5422077179
    },
    "melbands_flatness_db": {
        "max": 0.479424417019,
        "mean": 0.259158492088,
        "min": 0.0553947463632,
        "stdev": 0.0712515860796
    },
    "melbands_kurtosis": {
        "max": 264.051422119,
        "mean": 38.1355705261,
        "min": -1.75899469852,
        "stdev": 31.1992073059
    },
    "melbands_skewness": {
        "max": 12.52044487,
        "mean": 4.18483400345,
        "min": -0.878152608871,
        "stdev": 1.9053375721
    },
    "melbands_spread": {
        "max": 158.138565063,
        "mean": 11.7503786087,
        "min": 1.0158046484,
        "stdev": 15.555357933
    },
    "pitch_salience": {
        "max": 0.846633911133,
        "mean": 0.562373101711,
        "min": 0.145161300898,
        "stdev": 0.106552414596
    },
    "silence_rate_20dB": {
        "max": 1,
        "mean": 1,
        "min": 1,
        "stdev": 0
    },
    "silence_rate_30dB": {
        "max": 1,
        "mean": 0.997620165348,
        "min": 0,
        "stdev": 0.0487255342305
    },
    "silence_rate_60dB": {
        "max": 1,
        "mean": 0.0295097567141,
        "min": 0,
        "stdev": 0.169229120016
    },
    "spectral_centroid": {
        "max": 4196.00390625,
        "mean": 684.918701172,
        "min": 198.880722046,
        "stdev": 565.078125
    },
    "spectral_complexity": {
        "max": 41,
        "mean": 9.36458873749,
        "min": 2,
        "stdev": 5.0192694664
    },
    "spectral_decrease": {
        "max": -2.04876587917e-10,
        "mean": -5.72011904509e-09,
        "min": -4.0975514537e-08,
        "stdev": 5.05025354869e-09
    },
    "spectral_energy": {
        "max": 0.15785343945,
        "mean": 0.0226807706058,
        "min": 0.000854952377267,
        "stdev": 0.0198500175029
    },
    "spectral_energyband_high": {
        "max": 0.00571819068864,
        "mean": 0.000518838060088,
        "min": 2.23587420578e-07,
        "stdev": 0.000852102937642
    },
    "spectral_energyband_low": {
        "max": 0.0492225140333,
        "mean": 0.00409123720601,
        "min": 2.27049476962e-05,
        "stdev": 0.00456213811412
    },
    "spectral_energyband_middle_high": {
        "max": 0.0491971410811,
        "mean": 0.00201012054458,
        "min": 1.85886383406e-05,
        "stdev": 0.00491658365354
    },
    "spectral_energyband_middle_low": {
        "max": 0.151515796781,
        "mean": 0.0177966486663,
        "min": 0.000564025016502,
        "stdev": 0.0173121485859
    },
    "spectral_entropy": {
        "max": 8.59555435181,
        "mean": 7.08502340317,
        "min": 5.10251617432,
        "stdev": 0.607860207558
    },
    "spectral_flux": {
        "max": 0.282975286245,
        "mean": 0.0621729269624,
        "min": 0.00562609080225,
        "stdev": 0.037077318877
    },
    "spectral_kurtosis": {
        "max": 69.3858032227,
        "mean": 5.23591947556,
        "min": -1.18621015549,
        "stdev": 6.28411102295
    },
    "spectral_rms": {
        "max": 0.0124098090455,
        "mean": 0.00431601516902,
        "min": 0.000913290656172,
        "stdev": 0.00187072227709
    },
    "spectral_rolloff": {
        "max": 10809.6679688,
        "mean": 934.455200195,
        "min": 150.732421875,
        "stdev": 1566.84069824
    },
    "spectral_skewness": {
        "max": 6.4836101532,
        "mean": 1.82628941536,
        "min": -0.0222106166184,
        "stdev": 0.770727813244
    },
    "spectral_spread": {
        "max": 13923870,
        "mean": 5357446,
        "min": 1158100,
        "stdev": 1896877.5
    },
    "spectral_strongpeak": {
        "max": 8.50514030457,
        "mean": 0.862492084503,
        "min": 0.0136729069054,
        "stdev": 0.930156767368
    },
    "zerocrossingrate": {
        "max": 0.2626953125,
        "mean": 0.04664375633,
        "min": 0.00634765625,
        "stdev": 0.0389132834971
    },
    "barkbands": {
        "max": [0.000630300899502, 0.00946938246489, 0.017059404403, 0.0867074504495, 0.0889300331473, 0.0364776439965, 0.0313359759748, 0.0342467576265, 0.0355432927608, 0.0317734107375, 0.025296067819, 0.0313716568053, 0.0331497825682, 0.0111978286877, 0.0144804446027, 0.00824805162847, 0.0100979339331, 0.00885415356606, 0.00253036268987, 0.00231760949828, 0.00271420483477, 0.00255239708349, 0.00160515226889, 0.00221304409206, 0.00105839560274, 0.00105197378434, 0.000146103338921],
        "mean": [3.16544465022e-05, 0.000802961934824, 0.00164832500741, 0.00397191848606, 0.00827298033983, 0.0029118664097, 0.0011887048604, 0.000631598813925, 0.000504174036905, 0.000559779524338, 0.000310117960908, 0.000234746970818, 0.000222335555009, 0.000154484529048, 0.00018640543567, 0.000145353755215, 0.000174767032149, 0.000131929497002, 4.26950646215e-05, 7.13645495125e-05, 7.81214184826e-05, 0.00012430609786, 9.55765499384e-05, 0.000106790721475, 5.20814646734e-05, 2.55363247561e-05, 1.9775846738e-07],
        "min": [4.64067539951e-08, 1.00166084849e-06, 2.01475745598e-06, 7.4021686487e-06, 5.88260918448e-05, 3.73726265934e-06, 6.47179103908e-06, 9.92904801933e-07, 4.5926148573e-07, 2.90981290618e-07, 4.20797164224e-07, 1.18839193419e-06, 6.61959290937e-07, 3.99516295602e-07, 5.00556950556e-07, 2.49822079468e-07, 1.80427292662e-07, 6.65853789883e-08, 8.46453218628e-08, 4.64769307484e-08, 4.81255639784e-08, 2.24131824211e-08, 2.07537116381e-08, 5.31257438041e-09, 6.32122221234e-09, 2.38352143578e-10, 1.57942936507e-10],
        "stdev": [4.56556517747e-05, 0.00102411129046, 0.00205769296736, 0.0065184100531, 0.01087821275, 0.00426634959877, 0.00251119397581, 0.00196459260769, 0.00210244092159, 0.00202901242301, 0.0013150239829, 0.00127117510419, 0.00128151860554, 0.000634582480416, 0.00083618744975, 0.000499672081787, 0.000644216663204, 0.000463623000542, 0.000105677907413, 0.000179311915417, 0.00021008013573, 0.000252493977314, 0.000183048978215, 0.000209759484278, 0.000108466949314, 8.19076958578e-05, 3.84462191505e-06]
    },
    "erbbands": {
        "max": [0.0927186980844, 2.96490859985, 20.0795783997, 121.558731079, 421.017547607, 409.040130615, 467.817504883, 335.370269775, 615.801879883, 961.134643555, 598.180603027, 624.491271973, 1372.27319336, 1360.08935547, 884.528564453, 1152.02111816, 1011.91821289, 712.464172363, 535.033996582, 492.9815979, 486.078948975, 797.900939941, 547.20715332, 123.38041687, 123.644882202, 136.18132019, 142.838088989, 86.4570846558, 112.06199646, 59.3299713135, 52.8604469299, 52.5817756653, 33.1938171387, 15.1434583664, 8.39074707031, 5.17538690567, 3.44774770737, 0.471643954515, 0.0225413907319, 0.000476239278214],
        "mean": [0.00940086785704, 0.250046432018, 1.79774487019, 7.78552722931, 24.9646091461, 26.5059375763, 20.1523914337, 23.8881492615, 19.2723884583, 16.5566558838, 12.4791193008, 11.2220239639, 20.0963726044, 13.8193702698, 11.287768364, 9.89343738556, 10.0455703735, 9.88847446442, 9.27765274048, 8.12322425842, 7.60809850693, 9.88793373108, 9.01041030884, 2.49256420135, 2.7760925293, 3.34819865227, 3.12504386902, 3.249771595, 4.38720703125, 3.50207209587, 2.83546352386, 2.42247819901, 1.58593845367, 0.718318760395, 0.303716361523, 0.128730133176, 0.0482847653329, 0.00378497363999, 9.80204422376e-05, 3.06133515551e-05],
        "min": [5.68689465581e-05, 0.00138348131441, 0.00926501490176, 0.0471869930625, 0.0951649844646, 0.312370657921, 0.154826402664, 0.0294758435339, 0.176240265369, 0.0777499377728, 0.0471179746091, 0.0305763613433, 0.0212232321501, 0.0204996485263, 0.0230340100825, 0.0756952986121, 0.0581371709704, 0.0397592000663, 0.0326057262719, 0.0160409528762, 0.012439516373, 0.00823696888983, 0.00572140980512, 0.00774951605126, 0.00468907877803, 0.00269357091747, 0.00162901333533, 0.00135306653101, 0.000742587784771, 0.000959689496085, 0.000661447644234, 0.000356103060767, 0.000118428913993, 9.91930646705e-05, 5.03663468407e-05, 1.03590000435e-05, 2.26684778681e-06, 4.02675397027e-07, 6.97955499618e-07, 1.36967139497e-06],
        "stdev": [0.00975272152573, 0.326508432627, 2.2940735817, 11.3014335632, 37.4383964539, 41.644733429, 32.9428939819, 39.0002670288, 38.7257957458, 54.157875061, 39.4046134949, 41.6096611023, 82.3138046265, 61.4365653992, 51.8888893127, 45.5693130493, 49.2971725464, 42.1091041565, 36.7317657471, 28.896030426, 25.0799350739, 41.3485298157, 30.5057964325, 5.38478946686, 6.97196006775, 8.5457239151, 10.0262889862, 7.41829872131, 9.10364055634, 6.66415452957, 5.54659032822, 4.92775154114, 3.15456748009, 1.46431660652, 0.672937810421, 0.349611967802, 0.202891260386, 0.0218084249645, 0.000602752843406, 2.91462019959e-05]
    },
    "gfcc": {
        "mean": [-45.1021995544, 106.057952881, -88.2954711914, 40.8453483582, -76.7536849976, 13.5079803467, -58.3796844482, -5.65927410126, -29.2650089264, -8.01933479309, -18.0265636444, -5.06655406952, -10.0650815964],
        "cov": [[4241.56298828, -1660.58032227, -356.600616455, -1.65448200703, -361.472625732, 219.326385498, -123.391571045, 265.173187256, -108.969413757, 50.5253257751, -492.727203369, 198.340194702, -271.756713867], [-1660.58032227, 1495.84777832, -77.3706436157, -213.222290039, 233.013153076, -137.393310547, 198.162216187, -203.641525269, 157.830352783, -163.537689209, 281.924316406, -143.075073242, 145.711669922], [-356.600616455, -77.3706436157, 576.262390137, 27.5608520508, -6.30584430695, 26.4310569763, -36.0907897949, 5.20442485809, -68.1462554932, 77.3399963379, 20.6152763367, 29.789270401, -21.8089523315], [-1.65448200703, -213.222290039, 27.5608520508, 378.485076904, -18.7530536652, -34.5644073486, -51.6494979858, 22.6024074554, 23.1231460571, 13.026591301, 5.6793885231, -16.1208152771, 32.1927452087], [-361.472625732, 233.013153076, -6.30584430695, -18.7530536652, 244.343826294, -42.2966918945, 16.5409069061, -3.24367642403, 10.9024677277, 1.27332246304, 40.1125106812, -12.2473335266, 15.8964672089], [219.326385498, -137.393310547, 26.4310569763, -34.5644073486, -42.2966918945, 224.640533447, 40.6671180725, 28.6690425873, 6.23349571228, 10.6782007217, -23.2674064636, 17.0039539337, -20.5948143005], [-123.391571045, 198.162216187, -36.0907897949, -51.6494979858, 16.5409069061, 40.6671180725, 171.988922119, -3.23975086212, 11.439904213, -25.6649837494, 33.74584198, -6.16470241547, -1.99463868141], [265.173187256, -203.641525269, 5.20442485809, 22.6024074554, -3.24367642403, 28.6690425873, -3.23975086212, 132.579437256, -4.29594945908, 31.8237571716, -45.6203689575, 27.2688941956, -23.0971031189], [-108.969413757, 157.830352783, -68.1462554932, 23.1231460571, 10.9024677277, 6.23349571228, 11.439904213, -4.29594945908, 118.481964111, -25.7010955811, 19.3169670105, -19.7783432007, 30.9637870789], [50.5253257751, -163.537689209, 77.3399963379, 13.026591301, 1.27332246304, 10.6782007217, -25.6649837494, 31.8237571716, -25.7010955811, 101.971054077, -8.54616832733, 20.6559886932, -23.1679611206], [-492.727203369, 281.924316406, 20.6152763367, 5.6793885231, 40.1125106812, -23.2674064636, 33.74584198, -45.6203689575, 19.3169670105, -8.54616832733, 137.125778198, -21.6948471069, 35.0338592529], [198.340194702, -143.075073242, 29.789270401, -16.1208152771, -12.2473335266, 17.0039539337, -6.16470241547, 27.2688941956, -19.7783432007, 20.6559886932, -21.6948471069, 77.6602249146, -11.3803625107], [-271.756713867, 145.711669922, -21.8089523315, 32.1927452087, 15.8964672089, -20.5948143005, -1.99463868141, -23.0971031189, 30.9637870789, -23.1679611206, 35.0338592529, -11.3803625107, 83.0437011719]],
        "icov": [[0.000712296401616, 0.000389408145566, 0.000469761755085, 4.65420889668e-05, 0.000373284972738, -0.000148017745232, 2.00942904485e-05, -0.000172616579221, -0.000166765094036, 0.000467378442409, 0.00110571063124, -0.000798805500381, 0.00121395627502], [0.000389408145566, 0.00480808829889, -0.000614437449258, 0.00282606901601, -0.00204928591847, 0.00199986202642, -0.00308330287226, 0.00204963050783, -0.003851079382, 0.00344282644801, -0.00420626206324, 0.00354021554813, -0.00237872358412], [0.000469761755085, -0.000614437449258, 0.00258891400881, -0.000691370107234, 0.000675464107189, -0.000861132459249, 0.000954380433541, -0.000288356968667, 0.00159298442304, -0.00151133304462, 0.000940353784245, -0.00170350424014, 0.00151740876026], [4.65420889668e-05, 0.00282606901601, -0.000691370107234, 0.00476175174117, -0.000945212726947, 0.00165129068773, -0.00113640131894, 0.000367953150999, -0.00277651892975, 0.00158515840303, -0.00302012870088, 0.0032024635002, -0.00297796353698], [0.000373284972738, -0.00204928591847, 0.000675464107189, -0.000945212726947, 0.00584626337513, -0.000201801682124, 0.0011639862787, -0.0017623846652, 0.00151340686716, -0.00178132636938, 0.00183298240881, -0.00189577392302, 0.00163541524671], [-0.000148017745232, 0.00199986202642, -0.000861132459249, 0.00165129068773, -0.000201801682124, 0.00625807279721, -0.00286346836947, 0.000311230483931, -0.00263793114573, 0.000902220723219, -0.00171748315915, 0.00144506338984, -0.0010934114689], [2.00942904485e-05, -0.00308330287226, 0.000954380433541, -0.00113640131894, 0.0011639862787, -0.00286346836947, 0.00932605750859, -0.00222163437866, 0.00251388712786, -0.000271069089649, 0.000881456362549, -0.00258990656585, 0.00310041964985], [-0.000172616579221, 0.00204963050783, -0.000288356968667, 0.000367953150999, -0.0017623846652, 0.000311230483931, -0.00222163437866, 0.0111318640411, -0.00260907574557, -0.00116433692165, 0.000375111965695, -0.000347616442014, -0.00048019507085], [-0.000166765094036, -0.003851079382, 0.00159298442304, -0.00277651892975, 0.00151340686716, -0.00263793114573, 0.00251388712786, -0.00260907574557, 0.0137477591634, -0.00144564942457, 0.00277418224141, -0.00137975311372, -0.000791732396465], [0.000467378442409, 0.00344282644801, -0.00151133304462, 0.00158515840303, -0.00178132636938, 0.000902220723219, -0.000271069089649, -0.00116433692165, -0.00144564942457, 0.0157833080739, -0.00397558510303, 0.0004949424183, 0.00139888981357], [0.00110571063124, -0.00420626206324, 0.000940353784245, -0.00302012870088, 0.00183298240881, -0.00171748315915, 0.000881456362549, 0.000375111965695, 0.00277418224141, -0.00397558510303, 0.0172305423766, -0.00411800155416, 0.00178834737744], [-0.000798805500381, 0.00354021554813, -0.00170350424014, 0.0032024635002, -0.00189577392302, 0.00144506338984, -0.00258990656585, -0.000347616442014, -0.00137975311372, 0.0004949424183, -0.00411800155416, 0.0197124611586, -0.00486109731719], [0.00121395627502, -0.00237872358412, 0.00151740876026, -0.00297796353698, 0.00163541524671, -0.0010934114689, 0.00310041964985, -0.00048019507085, -0.000791732396465, 0.00139888981357, 0.00178834737744, -0.00486109731719, 0.0203627534211]]
    },
    "melbands": {
        "max": [0.0014353991719, 0.00780355697498, 0.0332754515111, 0.0221220478415, 0.0125641431659, 0.00777252716944, 0.007931756787, 0.0106376996264, 0.00547064514831, 0.00389558565803, 0.00665885070339, 0.00578763755038, 0.00386793585494, 0.00205103657208, 0.00432668020949, 0.00407204777002, 0.00135579542257, 0.000869291136041, 0.00139075529296, 0.00059323356254, 0.000752334948629, 0.000846667739097, 0.000694651971571, 0.000199515081476, 8.91298914212e-05, 8.84675973793e-05, 9.11041352083e-05, 7.78668108978e-05, 0.000109993256046, 5.5220170907e-05, 6.01355022809e-05, 7.207118324e-05, 8.70401854627e-05, 3.1727431633e-05, 3.3025189623e-05, 3.07578011416e-05, 4.05586579291e-05, 3.24514439853e-05, 1.74396318471e-05, 1.14226777441e-05],
        "mean": [0.000148480467033, 0.000760757946409, 0.00187777215615, 0.00193700077944, 0.000787085911725, 0.000546572264284, 0.000281953456579, 0.000168667538674, 9.29004600039e-05, 7.42672636989e-05, 9.77395757218e-05, 5.35318213224e-05, 3.8430091081e-05, 2.64118552877e-05, 2.39640703512e-05, 2.32218262681e-05, 1.75408204086e-05, 1.34578385769e-05, 1.43364941323e-05, 1.02640633486e-05, 8.5548572315e-06, 9.66389779933e-06, 1.08406120489e-05, 5.42263160241e-06, 1.55511054345e-06, 1.67598386724e-06, 2.40809890784e-06, 2.14371266338e-06, 2.01538205147e-06, 1.70378893927e-06, 1.94573249246e-06, 2.3939953735e-06, 2.59483817899e-06, 1.6663950646e-06, 1.6339455442e-06, 1.52069412707e-06, 1.48636638642e-06, 1.1912827631e-06, 8.62215017605e-07, 5.14049133926e-07],
        "min": [3.29580473135e-07, 3.80411711376e-06, 1.84240925591e-05, 1.25200558614e-05, 5.45286502529e-06, 4.71099127708e-07, 2.17141382564e-06, 3.78814036139e-07, 1.57004819812e-07, 9.66437667671e-08, 8.60263398295e-08, 5.22204324227e-08, 5.89216391234e-08, 1.00392703928e-07, 1.37286718882e-07, 7.47973203374e-08, 4.26106829821e-08, 4.05253146596e-08, 3.05649905386e-08, 1.87318089928e-08, 1.31177104734e-08, 9.71093694346e-09, 4.95493246433e-09, 3.89980314708e-09, 5.63954616339e-09, 2.99790725578e-09, 1.97150695769e-09, 1.75570058492e-09, 8.9286961158e-10, 1.17766296714e-09, 5.87099646676e-10, 4.35824515366e-10, 3.9530009821e-10, 3.86947029973e-10, 3.22890297833e-10, 3.13249592931e-10, 7.69867988804e-11, 4.42142329693e-11, 3.56728947597e-12, 7.22465143266e-11],
        "stdev": [0.000166127734701, 0.00090115563944, 0.00256133521907, 0.00250764889643, 0.00126937159803, 0.000844988389872, 0.000547930423636, 0.000557757157367, 0.000307592592435, 0.00029150856426, 0.000403086422011, 0.000257692794548, 0.000166963844094, 0.000110350163595, 0.00015622729552, 0.000148443737999, 7.33407432563e-05, 5.46681949345e-05, 7.08291699993e-05, 3.67927641491e-05, 3.29823888023e-05, 4.29540668847e-05, 3.95122588088e-05, 1.59966839419e-05, 3.54915823664e-06, 4.271893431e-06, 6.62295724396e-06, 5.68613768337e-06, 7.05802813172e-06, 4.65929269922e-06, 4.65060793431e-06, 5.26576377524e-06, 5.50370214114e-06, 3.19805985782e-06, 3.24873326463e-06, 3.03606225316e-06, 3.29773342855e-06, 2.57197461906e-06, 1.75216587195e-06, 1.12378063477e-06]
    },
    "melbands128": {
        "max": [0.000358095334377, 0.000631226052064, 0.00144157034811, 0.00637034745887, 0.0121744759381, 0.00972172431648, 0.028953326866, 0.0608754195273, 0.0554214455187, 0.0330214947462, 0.0293055251241, 0.0271440781653, 0.0233545582741, 0.0154470223933, 0.0109904091805, 0.0180424805731, 0.0204628724605, 0.00699023902416, 0.01236325223, 0.0177312735468, 0.012087113224, 0.00863320939243, 0.00755330082029, 0.00908999610692, 0.00691816722974, 0.00582773517817, 0.0187832005322, 0.00799881201237, 0.00654586637393, 0.00947572197765, 0.00762674072757, 0.00699330773205, 0.0072933183983, 0.00534497620538, 0.00491465907544, 0.00219879578799, 0.0039949263446, 0.00924438331276, 0.00333679374307, 0.00393467117101, 0.00883593223989, 0.00418247235939, 0.0020821231883, 0.00239974749275, 0.00197458872572, 0.00183722062502, 0.00161005638074, 0.00353012559935, 0.00194996222854, 0.000905598921236, 0.0011943631107, 0.000647493463475, 0.00115055311471, 0.00198088446632, 0.000834796112031, 0.00157642061822, 0.00133260013536, 0.000912098796107, 0.0016059941845, 0.000388536282117, 0.00027351823519, 0.000124723723275, 0.000141012656968, 5.55208425794e-05, 8.51009535836e-05, 7.69818507251e-05, 0.000142528879223, 0.000117170413432, 0.000150290463353, 0.000299193430692, 0.000109690357931, 6.88743093633e-05, 0.000131457083626, 0.000251868303167, 9.80297409114e-05, 8.09849734651e-05, 7.21253527445e-05, 7.0763475378e-05, 0.000105273684312, 8.95029515959e-05, 7.71571794758e-05, 0.00013576328638, 7.50665349187e-05, 0.000180332222953, 6.38202545815e-05, 4.78917136206e-05, 4.27989507443e-05, 4.14993082813e-05, 4.26839797001e-05, 4.52074455097e-05, 5.40702858416e-05, 5.54036996618e-05, 3.16359801218e-05, 4.66217934445e-05, 4.72733081551e-05, 5.63018838875e-05, 3.25331529893e-05, 3.13096898026e-05, 2.59640564764e-05, 2.57605406659e-05, 1.53868222696e-05, 1.5073575014e-05, 1.92500447156e-05, 1.02444355434e-05, 1.13683527161e-05, 1.15786724564e-05, 1.45214653458e-05, 9.93582398223e-06, 1.07784026113e-05, 1.2930813682e-05, 7.26961343389e-06, 1.3291212781e-05, 2.25953608606e-05, 1.96926612261e-05, 7.59309477871e-06, 7.21961987438e-06, 3.59129739991e-06, 7.60539307976e-07, 1.33297896809e-06, 4.68622886274e-07, 2.91608216685e-07, 1.36007002993e-07, 1.06261976995e-08, 3.00132585451e-09, 2.97267943594e-09, 2.90229285049e-09, 2.86783774506e-09, 2.84878698409e-09],
        "mean": [1.9670020265e-05, 4.33125824202e-05, 0.000130314991111, 0.000476665300084, 0.000852877856232, 0.000767848396208, 0.00137460196856, 0.00219735410064, 0.00277459109202, 0.00206009438261, 0.00140980514698, 0.000899541133549, 0.000622876861598, 0.000637556309812, 0.000554413825739, 0.00050997704966, 0.000423617195338, 0.000171425068402, 0.000211452250369, 0.000204508527531, 0.000131211781991, 9.6526760899e-05, 0.000112061388791, 5.57064595341e-05, 6.17953628534e-05, 6.99654701748e-05, 0.000118529351312, 0.000132886823849, 4.20265751018e-05, 5.86725109315e-05, 5.73419347347e-05, 4.55517947557e-05, 3.15602555929e-05, 4.59642942587e-05, 1.9224220523e-05, 2.55033519352e-05, 2.64290829364e-05, 2.8339725759e-05, 1.89728216355e-05, 1.7888703951e-05, 3.10855502903e-05, 1.8964496121e-05, 1.75686618604e-05, 1.81977920874e-05, 9.49891273194e-06, 1.11671479317e-05, 1.87363930308e-05, 2.09896934393e-05, 7.74121781433e-06, 7.79170659371e-06, 1.4086000192e-05, 8.73951375979e-06, 6.63377886667e-06, 1.04738282971e-05, 7.9721739894e-06, 8.3653267211e-06, 1.21867133203e-05, 1.13029054774e-05, 1.13397609312e-05, 9.05183696887e-06, 5.34809396413e-06, 2.29258375839e-06, 1.75384070644e-06, 1.32829916311e-06, 1.22552341963e-06, 1.62352364441e-06, 1.8487945681e-06, 2.49768299909e-06, 2.42832038566e-06, 2.49183904089e-06, 2.05196556635e-06, 2.17945353143e-06, 1.82012695404e-06, 2.42731948674e-06, 1.51445010488e-06, 1.85174178569e-06, 1.54912584094e-06, 1.79092114649e-06, 2.02883620659e-06, 2.02523460757e-06, 2.35596371567e-06, 2.47909520112e-06, 2.70761324828e-06, 2.92731692753e-06, 2.21294908442e-06, 1.65625885984e-06, 1.51944846039e-06, 1.53966539074e-06, 1.67711266386e-06, 1.68651945387e-06, 1.54032727551e-06, 1.44290856952e-06, 1.54052384005e-06, 1.46117110944e-06, 1.49438028529e-06, 1.42280134696e-06, 1.0794458376e-06, 9.28336248762e-07, 9.93494950308e-07, 7.54416134896e-07, 5.61668628052e-07, 4.8746255743e-07, 4.31275651636e-07, 4.01908664571e-07, 3.30264839477e-07, 3.07796085508e-07, 2.32522566534e-07, 2.39247071931e-07, 2.12997306903e-07, 2.12688789247e-07, 1.79533770961e-07, 1.84389406854e-07, 1.88784085253e-07, 1.15389610755e-07, 5.37052535776e-08, 3.4599516141e-08, 6.96646784704e-09, 4.64320054627e-10, 7.80186637517e-10, 3.21041082607e-10, 2.21852314297e-10, 1.43753939308e-10, 2.06822042131e-11, 8.99856751613e-12, 7.42254608471e-12, 6.87341199582e-12, 6.5738686196e-12, 6.498172226e-12],
        "min": [3.19081183697e-09, 6.07956494036e-08, 4.27188666663e-08, 5.06556943947e-07, 7.89053274275e-07, 6.93351466907e-07, 3.00697911371e-06, 2.14923898056e-06, 8.47824230732e-06, 7.51923607822e-06, 2.96580196846e-07, 3.43082859899e-07, 9.78812636276e-07, 6.23301673386e-07, 1.31781746404e-07, 2.34858561043e-07, 4.17636954353e-07, 9.00615873434e-07, 9.22088432276e-08, 1.3550615563e-07, 6.7917682145e-08, 5.76055754209e-08, 7.53095861228e-08, 5.24138883407e-08, 2.07206891645e-08, 4.9505167965e-08, 3.20500355144e-08, 5.65416584664e-08, 2.60255994533e-08, 2.62396948614e-08, 3.80018256863e-08, 7.6805539706e-09, 2.83276619939e-08, 2.46453524255e-08, 1.12616307391e-08, 1.98091765213e-08, 8.34792572846e-08, 2.12786943621e-08, 1.6867328867e-08, 9.35075039621e-09, 2.4646823249e-08, 2.63429988934e-08, 1.06607158656e-08, 1.46380418897e-08, 2.12171826774e-08, 1.14004832241e-08, 7.09907421736e-09, 8.72506777938e-09, 1.12997105006e-08, 6.10755979125e-09, 6.28111651579e-09, 7.02520930318e-09, 5.13046227724e-09, 6.53642207027e-09, 3.35481842306e-09, 3.45939077384e-09, 4.21516066496e-09, 3.3653222431e-09, 3.43074879616e-09, 2.82836776222e-09, 2.26621277299e-09, 2.00808281114e-09, 1.6941954506e-09, 2.05692840538e-09, 2.25708385315e-09, 1.43895917404e-09, 1.00655606072e-09, 1.87428383924e-09, 1.06795450261e-09, 7.35066008062e-10, 1.30784638674e-09, 1.14303588816e-09, 9.36412614116e-10, 3.55684037778e-10, 3.37625483127e-10, 5.51244105917e-10, 5.25489984859e-10, 4.02426675317e-10, 4.16588374907e-10, 2.84657686311e-10, 1.61028718138e-10, 1.50691889522e-10, 5.67799834927e-11, 6.3936772543e-11, 3.20790172204e-10, 3.2167096764e-10, 1.23411947328e-10, 8.5545716344e-11, 1.99868843698e-10, 1.5940698761e-10, 1.09558973005e-10, 1.03036468246e-10, 7.36852315275e-11, 8.05083777422e-11, 1.46312770927e-11, 1.37200381264e-11, 1.51812399457e-11, 3.17241914162e-12, 3.42771037248e-12, 1.1419623927e-12, 1.53397097542e-12, 9.86550771631e-12, 4.6381713574e-12, 3.74935889627e-12, 2.58854266147e-12, 1.15512189657e-12, 4.96814232549e-13, 8.73978569637e-13, 7.99134575787e-13, 6.08043292365e-13, 7.76026812255e-13, 6.42871769273e-13, 5.17174248305e-13, 5.22912550933e-13, 4.62221352773e-13, 3.71777587015e-13, 5.70492492222e-13, 5.70285626448e-13, 4.02801056398e-13, 5.24147402998e-13, 4.60252983728e-13, 4.74360351346e-13, 5.18799901043e-13, 3.4268749405e-13, 2.8242103209e-13, 1.08481108753e-13, 1.98135998846e-14, 7.14450744608e-16],
        "stdev": [2.71281060122e-05, 6.09809358139e-05, 0.000164744851645, 0.000685700972099, 0.00131639582105, 0.000931697199121, 0.00228782487102, 0.00385550712235, 0.00483519444242, 0.00321562075987, 0.00287971622311, 0.00235265796073, 0.00134013965726, 0.0012717936188, 0.00124562345445, 0.00114224897698, 0.00114235584624, 0.000463873759145, 0.000656747550238, 0.000932969269343, 0.000528818112798, 0.0004523122916, 0.000436769973021, 0.000282905239146, 0.000378967204597, 0.000316026242217, 0.000854796089698, 0.000567871087696, 0.000202105089556, 0.000421283970354, 0.000332000781782, 0.000266427232418, 0.000194209045731, 0.000324718654156, 0.000166031793924, 0.000120951073768, 0.00014751747949, 0.000321773986798, 0.000117382325698, 0.000133841778734, 0.000282685359707, 0.000167485442944, 9.70965193119e-05, 9.52842747211e-05, 7.15319183655e-05, 7.03399273334e-05, 9.5282397524e-05, 0.000157057584147, 5.32954982191e-05, 4.31840599049e-05, 6.59311554045e-05, 3.52194983861e-05, 3.63414837921e-05, 6.32053488516e-05, 3.68863657059e-05, 6.66172854835e-05, 5.97695507167e-05, 4.75146007375e-05, 6.96887655067e-05, 3.1976345781e-05, 1.93187552213e-05, 7.81399921834e-06, 4.83039002575e-06, 3.50457480636e-06, 3.46333627022e-06, 4.72277497465e-06, 6.41462520434e-06, 8.14402210381e-06, 7.57573252486e-06, 1.0979981198e-05, 6.39823565507e-06, 6.47530805509e-06, 6.55544045003e-06, 1.21746797959e-05, 5.67566212339e-06, 6.25453048997e-06, 4.28147586717e-06, 4.65641869596e-06, 5.44649037693e-06, 5.18433307661e-06, 5.7462220866e-06, 6.21865501671e-06, 6.17925434199e-06, 7.55323617341e-06, 5.16120826433e-06, 3.68832343156e-06, 3.19232344737e-06, 2.98020540868e-06, 3.49952142642e-06, 3.95559891331e-06, 3.56666600965e-06, 3.07220989271e-06, 3.27436441694e-06, 3.73237821805e-06, 3.75050558432e-06, 3.73286184185e-06, 2.43455292548e-06, 1.97003510038e-06, 2.2156830255e-06, 1.76199137059e-06, 1.2913072851e-06, 1.14078375191e-06, 1.1095607988e-06, 9.38701759878e-07, 7.89440377957e-07, 7.78009734859e-07, 6.65890866003e-07, 6.89434898504e-07, 6.68052223318e-07, 6.87247847964e-07, 5.11293819727e-07, 7.33484057491e-07, 1.16595003874e-06, 7.31988109237e-07, 3.88216022884e-07, 2.88312634211e-07, 1.00865193531e-07, 1.6637647704e-08, 2.91531847552e-08, 1.03153432462e-08, 6.49947118347e-09, 3.34555716464e-09, 3.47858242211e-10, 1.15798107214e-10, 1.07548234207e-10, 1.05659002381e-10, 1.04513855903e-10, 1.03762373693e-10]
    },
    "mfcc": {
        "mean": [-691.402404785, 127.672103882, 38.7643737793, 22.5145282745, 8.27868747711, 7.41927671432, -13.1259145737, -3.01215720177, -11.693066597, -8.44538497925, -8.9504442215, -5.56810522079, -7.75663518906],
        "cov": [[4494.51904297, -1615.88867188, -262.507843018, -256.383666992, -222.776977539, -35.2394065857, -221.156707764, 207.17855835, 224.260513306, -25.2103023529, -16.4589824677, 42.9274559021, -148.076919556], [-1615.88867188, 1485.69128418, -173.532028198, -59.7357940674, -5.49459552765, 35.3785324097, 82.7777557373, 13.8222942352, -116.164054871, 15.6040868759, 21.09973526, -26.001581192, 47.5018501282], [-262.507843018, -173.532028198, 513.72088623, 6.90366411209, 6.17931747437, 25.6882381439, 28.0867214203, -36.8347396851, -15.6569213867, -8.66958332062, -10.6988372803, 20.5673408508, 16.9282836914], [-256.383666992, -59.7357940674, 6.90366411209, 341.142913818, 65.0359573364, -51.3355979919, -9.00026226044, -51.0230064392, 2.73214483261, -13.4099245071, -27.3173332214, 42.8842391968, 42.4285049438], [-222.776977539, -5.49459552765, 6.17931747437, 65.0359573364, 207.249923706, -10.8704547882, -6.89822244644, -39.6735839844, 13.1108798981, -6.6333732605, -6.60395908356, 19.6483840942, 14.316485405], [-35.2394065857, 35.3785324097, 25.6882381439, -51.3355979919, -10.8704547882, 133.864379883, 20.3263759613, 27.8415470123, -4.19836425781, 13.4643983841, 15.5964355469, -9.51991462708, -14.5726575851], [-221.156707764, 82.7777557373, 28.0867214203, -9.00026226044, -6.89822244644, 20.3263759613, 149.266418457, 8.48853874207, -27.0223484039, 18.2984828949, 20.7416133881, -10.3334970474, 26.6891288757], [207.17855835, 13.8222942352, -36.8347396851, -51.0230064392, -39.6735839844, 27.8415470123, 8.48853874207, 134.278106689, 32.1520996094, 14.8200922012, 8.03134536743, 7.93470239639, -10.3055105209], [224.260513306, -116.164054871, -15.6569213867, 2.73214483261, 13.1108798981, -4.19836425781, -27.0223484039, 32.1520996094, 103.912025452, 12.2760467529, -0.250817388296, 0.13234052062, -8.13296985626], [-25.2103023529, 15.6040868759, -8.66958332062, -13.4099245071, -6.6333732605, 13.4643983841, 18.2984828949, 14.8200922012, 12.2760467529, 87.9297027588, 21.9731197357, -14.1544246674, 0.73778796196], [-16.4589824677, 21.09973526, -10.6988372803, -27.3173332214, -6.60395908356, 15.5964355469, 20.7416133881, 8.03134536743, -0.250817388296, 21.9731197357, 66.3054504395, 0.865945935249, 0.986660301685], [42.9274559021, -26.001581192, 20.5673408508, 42.8842391968, 19.6483840942, -9.51991462708, -10.3334970474, 7.93470239639, 0.13234052062, -14.1544246674, 0.865945935249, 85.9107818604, 16.5650062561], [-148.076919556, 47.5018501282, 16.9282836914, 42.4285049438, 14.316485405, -14.5726575851, 26.6891288757, -10.3055105209, -8.13296985626, 0.73778796196, 0.986660301685, 16.5650062561, 76.362411499]],
        "icov": [[0.00062575226184, 0.000698706367984, 0.000490036851261, 0.000492965977173, 0.000502571405377, 0.000116301060189, 0.000348645786289, -0.000517080072314, -0.000316219142405, 0.000139707073686, 0.000147365048178, -0.000494043284561, 0.000202819996048], [0.000698706367984, 0.00161098665558, 0.000869084091391, 0.000684655737132, 0.000430658343248, -4.63325995952e-05, 0.000213243096368, -0.000792336533777, 0.000616930366959, 5.52262026758e-05, 0.000159915347467, -0.000341337232385, -0.000354202929884], [0.000490036851261, 0.000869084091391, 0.00261492654681, 0.000569809111767, 0.000468778598588, -0.000582938431762, -0.000257265783148, 0.000346439192072, 6.75214380408e-07, 0.000107262429083, 0.000707226921804, -0.00105269066989, -0.000330865907017], [0.000492965977173, 0.000684655737132, 0.000569809111767, 0.00422673020512, -0.000248625467066, 0.000801182526629, 0.000158519702381, 0.000753439962864, -0.000529102922883, -0.000185839598998, 0.00148914381862, -0.00197590561584, -0.00134413095657], [0.000502571405377, 0.000430658343248, 0.000468778598588, -0.000248625467066, 0.00600360520184, -0.000253626436461, 0.000159694347531, 0.00148891750723, -0.00174343783874, 0.000189928192412, 0.000341278122505, -0.00157102162484, -0.00013909250265], [0.000116301060189, -4.63325995952e-05, -0.000582938431762, 0.000801182526629, -0.000253626436461, 0.00880966894329, -0.00069004757097, -0.00177871109918, 0.000537207815796, -0.000536333536729, -0.00123655155767, 0.000385609047953, 0.00166302185971], [0.000348645786289, 0.000213243096368, -0.000257265783148, 0.000158519702381, 0.000159694347531, -0.00069004757097, 0.0087149431929, -0.00149649893865, 0.00199537328444, -0.000917858036701, -0.0019866542425, 0.00138072588015, -0.00294959684834], [-0.000517080072314, -0.000792336533777, 0.000346439192072, 0.000753439962864, 0.00148891750723, -0.00177871109918, -0.00149649893865, 0.0107162743807, -0.0035397731699, -0.00100944540463, 0.000572147022467, -0.00240963511169, 0.000493504456244], [-0.000316219142405, 0.000616930366959, 6.75214380408e-07, -0.000529102922883, -0.00174343783874, 0.000537207815796, 0.00199537328444, -0.0035397731699, 0.0130519839004, -0.00182330061216, -0.000347569555743, 0.00138173741288, -0.000336381868692], [0.000139707073686, 5.52262026758e-05, 0.000107262429083, -0.000185839598998, 0.000189928192412, -0.000536333536729, -0.000917858036701, -0.00100944540463, -0.00182330061216, 0.0134531278163, -0.00397609965876, 0.00222925981507, -0.000393738271669], [0.000147365048178, 0.000159915347467, 0.000707226921804, 0.00148914381862, 0.000341278122505, -0.00123655155767, -0.0019866542425, 0.000572147022467, -0.000347569555743, -0.00397609965876, 0.0180189907551, -0.0022682833951, -6.56651391182e-05], [-0.000494043284561, -0.000341337232385, -0.00105269066989, -0.00197590561584, -0.00157102162484, 0.000385609047953, 0.00138072588015, -0.00240963511169, 0.00138173741288, 0.00222925981507, -0.0022682833951, 0.0147599121556, -0.00290098786354], [0.000202819996048, -0.000354202929884, -0.000330865907017, -0.00134413095657, -0.00013909250265, 0.00166302185971, -0.00294959684834, 0.000493504456244, -0.000336381868692, -0.000393738271669, -6.56651391182e-05, -0.00290098786354, 0.0165683217347]]
    },
    "spectral_contrast_coeffs": {
        "max": [-0.380579531193, -0.447547912598, -0.424188554287, -0.566407084465, -0.530098557472, -0.5160151124],
        "mean": [-0.638533353806, -0.715302526951, -0.779287934303, -0.808581292629, -0.805656135082, -0.7583745718],
        "min": [-0.892778515816, -0.900690257549, -0.912777543068, -0.921978235245, -0.890975594521, -0.905205368996],
        "stdev": [0.0767253041267, 0.0733352378011, 0.0710596889257, 0.0554288886487, 0.0495868101716, 0.0520352348685]
    },
    "spectral_contrast_valleys": {
        "max": [-5.24098300934, -5.20243263245, -6.20559406281, -6.06087684631, -6.45329189301, -8.21357822418],
        "mean": [-6.62542104721, -7.15006542206, -8.08017635345, -8.37741279602, -8.48163127899, -10.7062654495],
        "min": [-9.15861701965, -9.2324552536, -9.97164726257, -10.3639650345, -10.7877597809, -13.8653516769],
        "stdev": [0.532381892204, 0.540220618248, 0.575443863869, 0.59810334444, 0.739637494087, 1.14154374599]
    }
},
"rhythm": {
    "beats_count": 146,
    "beats_loudness": {
        "max": 0.125047445297,
        "mean": 0.0299205742776,
        "min": 0.00436708005145,
        "stdev": 0.0225780904293
    },
    "bpm": 178.205825806,
    "bpm_histogram_first_peak_bpm": 178,
    "bpm_histogram_first_peak_weight": 0,
    "bpm_histogram_second_peak_bpm": 185,
    "bpm_histogram_second_peak_spread": 0,
    "bpm_histogram_second_peak_weight": 0.310344815254,
    "danceability": 1.07452213764,
    "onset_rate": 3.3017578125,
    "beats_loudness_band_ratio": {
        "max": [0.865302026272, 0.942075610161, 0.54656881094, 0.613611578941, 0.22629095614, 0.169076055288],
        "mean": [0.461042404175, 0.47030544281, 0.120070293546, 0.0517707876861, 0.0260683950037, 0.0253883861005],
        "min": [0.0597740635276, 0.0593147799373, 0.00866456422955, 0.00212466483936, 0.00112766423263, 0.000153209097334],
        "stdev": [0.215516835451, 0.202156275511, 0.110774084926, 0.102890171111, 0.0370794348419, 0.0277167651802]
    },
