{
"metadata": {
    "version": {
        "essentia": "2.1-beta5",
        "essentia_git_sha": "Undefined",
        "extractor": "music 2.0"
    },
    "audio_properties": {
        "analysis": {
            "equal_loudness": 0,
            "length": 12.7477550507,
            "sample_rate": 44100,
            "start_time": 0,
            "downmix": "mix"
        },
        "bit_rate": 192000,
        "length": 187.9190979,
        "lossless": 0,
        "number_channels": 2,
        "replay_gain": 2.44906806946,
        "sample_rate": 48000,
        "codec": "mp3",
        "md5_encoded": "60f0d527ce6bf221fff9b19defceef2d"
    },
    "tags": {
        "file_name": "Moldova_I Want Your Love_Eduard Romanyuta.mp3",
        "encoding": ["Lavf58.29.100"]
    }
},
"lowlevel": {
    "average_loudness": 0.61412447691,
    "barkbands_crest": {
        "max": 24.949338913,
        "mean": 8.11555862427,
        "min": 2.95813298225,
        "stdev": 4.32778787613
    },
    "barkbands_flatness_db": {
        "max": 0.288889110088,
        "mean": 0.137528166175,
        "min": 0.0344506949186,
        "stdev": 0.0499906688929
    },
    "barkbands_kurtosis": {
        "max": 28.3941249847,
        "mean": 1.31390798092,
        "min": -1.28841483593,
        "stdev": 3.07535552979
    },
    "barkbands_skewness": {
        "max": 4.30618333817,
        "mean": 0.911930799484,
        "min": -2.00588583946,
        "stdev": 0.774950861931
    },
    "barkbands_spread": {
        "max": 72.6957015991,
        "mean": 21.1112327576,
        "min": 2.90244579315,
        "stdev": 12.5112743378
    },
    "dissonance": {
        "max": 0.499999970198,
        "mean": 0.479518443346,
        "min": 0.368967443705,
        "stdev": 0.0228682626039
    },
    "dynamic_complexity": 4.46365261078,
    "erbbands_crest": {
        "max": 30.5695343018,
        "mean": 7.14423084259,
        "min": 2.49322986603,
        "stdev": 4.06935167313
    },
    "erbbands_flatness_db": {
        "max": 0.361199855804,
        "mean": 0.194693312049,
        "min": 0.0774134546518,
        "stdev": 0.0690285265446
    },
    "erbbands_kurtosis": {
        "max": 20.2192020416,
        "mean": 0.790785491467,
        "min": -1.37711489201,
        "stdev": 2.03444433212
    },
    "erbbands_skewness": {
        "max": 4.08274030685,
        "mean": 0.513471841812,
        "min": -0.942560076714,
        "stdev": 0.587313294411
    },
    "erbbands_spread": {
        "max": 92.2964477539,
        "mean": 26.6387577057,
        "min": 6.18272447586,
        "stdev": 13.9621839523
    },
    "hfc": {
        "max": 185.933059692,
        "mean": 21.712474823,
        "min": 1.18227747047e-16,
        "stdev": 24.8781204224
    },
    "loudness_ebu128": {
        "integrated": -25.0919303894,
        "loudness_range": 10.6826095581,
        "momentary": {
            "max": -20.1867351532,
            "mean": -27.4164962769,
            "min": -33.5875930786,
            "stdev": 4.60244321823
        },
        "short_term": {
            "max": -21.2643032074,
            "mean": -27.2531661987,
            "min": -32.38306427,
            "stdev": 4.37027597427
        }
    },
    "melbands_crest": {
        "max": 34.0821838379,
        "mean": 11.9249563217,
        "min": 1.72210848331,
        "stdev": 6.51027679443
    },
    "melbands_flatness_db": {
        "max": 0.304974406958,
        "mean": 0.150794640183,
        "min": 0.00500567257404,
        "stdev": 0.0578038059175
    },
    "melbands_kurtosis": {
        "max": 58.124294281,
        "mean": 5.62710094452,
        "min": -1.24591910839,
        "stdev": 9.47031021118
    },
    "melbands_skewness": {
        "max": 6.75523090363,
        "mean": 1.61537516117,
        "min": -0.495661556721,
        "stdev": 1.28602218628
    },
    "melbands_spread": {
        "max": 126.168815613,
        "mean": 27.0741920471,
        "min": 3.25275731087,
        "stdev": 14.2246112823
    },
    "pitch_salience": {
        "max": 0.959531903267,
        "mean": 0.641962885857,
        "min": 0.168195620179,
        "stdev": 0.145095452666
    },
    "silence_rate_20dB": {
        "max": 1,
        "mean": 1,
        "min": 1,
        "stdev": 0
    },
    "silence_rate_30dB": {
        "max": 1,
        "mean": 0.947272717953,
        "min": 0,
        "stdev": 0.223488643765
    },
    "silence_rate_60dB": {
        "max": 1,
        "mean": 0.176363632083,
        "min": 0,
        "stdev": 0.381129682064
    },
    "spectral_centroid": {
        "max": 11060.9755859,
        "mean": 1752.95288086,
        "min": 597.02935791,
        "stdev": 730.762023926
    },
    "spectral_complexity": {
        "max": 60,
        "mean": 22.7109088898,
        "min": 0,
        "stdev": 11.7387619019
    },
    "spectral_decrease": {
        "max": 4.06779786248e-29,
        "mean": -6.19948226088e-09,
        "min": -5.6006797422e-08,
        "stdev": 9.08842867631e-09
    },
    "spectral_energy": {
        "max": 0.216796264052,
        "mean": 0.0253676734865,
        "min": 1.08006992065e-20,
        "stdev": 0.0360636040568
    },
    "spectral_energyband_high": {
        "max": 0.018189786002,
        "mean": 0.0011772372527,
        "min": 7.72498723405e-21,
        "stdev": 0.00198127888143
    },
    "spectral_energyband_low": {
        "max": 0.194745138288,
        "mean": 0.0122699923813,
        "min": 1.9936091219e-23,
        "stdev": 0.0273467861116
    },
    "spectral_energyband_middle_high": {
        "max": 0.0313447937369,
        "mean": 0.00643379287794,
        "min": 1.57371384169e-21,
        "stdev": 0.00600348738953
    },
    "spectral_energyband_middle_low": {
        "max": 0.0730604082346,
        "mean": 0.00605594040826,
        "min": 2.34344877008e-22,
        "stdev": 0.010518508032
    },
    "spectral_entropy": {
        "max": 9.81842327118,
        "mean": 7.87827348709,
        "min": 6.70480012894,
        "stdev": 0.418370962143
    },
    "spectral_flux": {
        "max": 0.355678319931,
        "mean": 0.0775401070714,
        "min": 6.55989915166e-11,
        "stdev": 0.0570982992649
    },
    "spectral_kurtosis": {
        "max": 37.4163017273,
        "mean": 5.15352344513,
        "min": -1.2010717392,
        "stdev": 5.07313537598
    },
    "spectral_rms": {
        "max": 0.0145433340222,
        "mean": 0.00404972676188,
        "min": 3.24611561589e-12,
        "stdev": 0.00288940710016
    },
    "spectral_rolloff": {
        "max": 18841.5527344,
        "mean": 1968.21276855,
        "min": 107.666015625,
        "stdev": 1485.57299805
    },
    "spectral_skewness": {
        "max": 4.08219385147,
        "mean": 1.67251551151,
        "min": 0.000797789776698,
        "stdev": 0.536103248596
    },
    "spectral_spread": {
        "max": 40280484,
        "mean": 4485230,
        "min": 1363340.25,
        "stdev": 2524333.25
    },
    "spectral_strongpeak": {
        "max": 6.98515367508,
        "mean": 0.716620326042,
        "min": 0,
        "stdev": 0.963777542114
    },
    "zerocrossingrate": {
        "max": 0.5712890625,
        "mean": 0.0830912664533,
        "min": 0.0263671875,
        "stdev": 0.0458861663938
    },
    "barkbands": {
        "max": [0.00898728799075, 0.131543546915, 0.0756097584963, 0.0448902733624, 0.0256544817239, 0.00662562577054, 0.0383268408477, 0.0421975962818, 0.0599281266332, 0.0146992132068, 0.00882456358522, 0.00693319737911, 0.00846698600799, 0.00706896930933, 0.00563519960269, 0.00574074871838, 0.00273260707036, 0.00193477456924, 0.00344704207964, 0.00229133991525, 0.00317614898086, 0.00441426970065, 0.00398170854896, 0.0034655816853, 0.0025144147221, 0.00102720584255, 3.55689144271e-06],
        "mean": [0.000533711106982, 0.00837842561305, 0.00293986918405, 0.000893114018254, 0.00104206241667, 0.000421009579441, 0.000776273023803, 0.000661714875605, 0.00197417335585, 0.00131076201797, 0.000802848371677, 0.000833278289065, 0.000849733944051, 0.000845358183142, 0.000590054085478, 0.000449212559033, 0.000347838271409, 0.000227792232181, 0.000231841346249, 0.000193459520233, 0.00023105769651, 0.000254422193393, 0.000208720273804, 0.000185441575013, 0.000139926152769, 4.55735716969e-05, 1.23583605571e-08],
        "min": [5.51317373947e-24, 1.82519240679e-24, 1.48103870235e-23, 4.51973319696e-24, 1.15031208106e-23, 3.36544596692e-23, 1.89015001418e-23, 3.72981072162e-23, 8.65110685707e-23, 3.83638709209e-23, 5.27764700998e-23, 3.54157715004e-23, 1.00736401637e-22, 8.80522314113e-23, 1.1635093769e-22, 1.43364652663e-22, 1.40838492853e-22, 1.64284827351e-22, 2.28441344916e-22, 1.89802193094e-22, 3.26818989338e-22, 5.31312233733e-22, 6.40659462358e-22, 7.55098718707e-22, 1.32831726321e-21, 1.69700565725e-21, 2.28575812253e-21],
        "stdev": [0.00124216708355, 0.0199047457427, 0.00766897760332, 0.00393255054951, 0.00249653984793, 0.000730620522518, 0.00224660080858, 0.00341200036928, 0.00601233402267, 0.00177177542355, 0.00109535863157, 0.00104529736564, 0.0010372439865, 0.000971069501247, 0.000625529384706, 0.000517538923305, 0.000396770396037, 0.000281110580545, 0.000348283298081, 0.000277942192042, 0.000362857186701, 0.000423451827373, 0.000379275559681, 0.000356459524482, 0.000286678172415, 0.000113543021143, 1.57770784881e-07]
    },
    "erbbands": {
        "max": [5.03023529053, 34.7970085144, 103.409576416, 99.741607666, 92.7048416138, 79.6184616089, 121.481170654, 37.1376609802, 421.551879883, 724.29888916, 1344.17199707, 1810.11474609, 304.733001709, 354.536102295, 472.769165039, 294.847167969, 394.151641846, 190.487670898, 288.794891357, 247.398086548, 387.866943359, 178.105041504, 131.255630493, 160.053527832, 85.3068771362, 107.865379333, 101.574356079, 188.012298584, 127.102752686, 131.584960938, 111.261276245, 87.8990783691, 55.5824623108, 29.2911777496, 20.36810112, 7.36249017715, 1.21271049976, 0.0583030246198, 0.00147682649549, 0.000276359322015],
        "mean": [0.246674999595, 1.8071949482, 4.07613277435, 2.78488659859, 3.73382806778, 2.92094135284, 3.01901721954, 3.64669799805, 11.8543844223, 8.84662055969, 20.8142337799, 47.9219512939, 39.5952606201, 36.607219696, 34.6721343994, 32.9973526001, 39.8904838562, 35.5329933167, 40.5522117615, 30.2095165253, 23.1273117065, 20.6725711823, 13.4284677505, 12.519947052, 9.55811214447, 9.08433628082, 8.79731464386, 9.91296195984, 9.00153064728, 7.55852460861, 5.79517507553, 4.33732652664, 2.79895615578, 1.69730973244, 0.934756398201, 0.356624871492, 0.0483856871724, 0.00114901619963, 6.49520225124e-05, 3.68318760593e-05],
        "min": [1.05034008564e-22, 4.37090990136e-22, 1.00481045974e-20, 2.22553331548e-20, 2.08306244096e-20, 3.17092773109e-20, 2.00099423348e-19, 2.2059746299e-19, 3.14875502553e-19, 5.39658111701e-19, 1.2795510071e-18, 1.62465272321e-18, 1.05753996999e-18, 2.90692422395e-18, 1.49848141681e-18, 1.94525107483e-18, 4.11923041034e-18, 6.24618597559e-18, 5.28987337043e-18, 6.13737160677e-18, 9.75353062089e-18, 8.8844921878e-18, 9.65228950418e-18, 1.05731069621e-17, 9.61456841389e-18, 9.522619017e-18, 1.25265684249e-17, 1.55456750903e-17, 1.98560636315e-17, 1.64885187135e-17, 1.74636538135e-17, 1.73413915559e-17, 1.18005908787e-17, 1.37117652142e-17, 1.09599967054e-17, 5.76508863234e-18, 3.23043476832e-18, 1.24579738522e-18, 3.27240017403e-19, 3.15856428899e-20],
        "stdev": [0.585898399353, 4.80291986465, 11.1597442627, 9.57525444031, 10.2909402847, 7.29178571701, 8.42516326904, 5.57774066925, 27.6124134064, 46.1859588623, 87.95703125, 176.238815308, 45.8628883362, 48.8363990784, 51.0968017578, 38.4063453674, 48.7039527893, 31.5374011993, 43.0678062439, 30.80119133, 29.9971828461, 23.4293613434, 16.0300235748, 17.8123397827, 12.7674417496, 12.9287462234, 12.0646629333, 18.542137146, 14.4819765091, 12.085310936, 10.9737939835, 8.51670455933, 5.49186229706, 3.28309106827, 2.07592582703, 0.874061584473, 0.125927880406, 0.003549417248, 0.000139274285175, 5.17072876391e-05]
    },
    "gfcc": {
        "mean": [-35.7982749939, 49.7337341309, -173.180206299, 4.01887178421, -76.4748687744, 30.0707244873, -43.1405143738, 14.8952255249, -19.2752342224, 6.51963806152, -16.2289333344, 2.54694962502, -3.75417566299],
        "cov": [[17415.7363281, 1025.02954102, 2614.48095703, 3222.57080078, 829.599975586, 2046.40283203, 864.478881836, 752.417541504, -520.186889648, 248.826019287, -524.832580566, -136.534103394, -470.251251221], [1025.02954102, 1538.01904297, 733.417358398, 235.82333374, 228.134902954, -64.2827606201, 101.839988708, 34.45104599, 190.608169556, -82.3313140869, 218.111984253, 10.5184469223, 39.3580513], [2614.48095703, 733.417358398, 2172.37207031, 1498.58837891, 688.736083984, 742.196472168, 525.496643066, 272.229095459, -75.1565475464, 73.8031234741, -99.9870376587, -46.4456672668, -148.44203186], [3222.57080078, 235.82333374, 1498.58837891, 1409.03466797, 550.423583984, 772.255554199, 478.167907715, 263.990112305, -130.881454468, 76.5907211304, -172.892059326, -81.187210083, -152.597732544], [829.599975586, 228.134902954, 688.736083984, 550.423583984, 415.717285156, 344.958587646, 256.382843018, 155.790435791, -14.5928907394, 15.3157110214, -42.114982605, -17.7177867889, -58.4349327087], [2046.40283203, -64.2827606201, 742.196472168, 772.255554199, 344.958587646, 590.20501709, 356.185302734, 220.400299072, -78.0807647705, 76.0226211548, -146.045013428, -58.3300590515, -105.725959778], [864.478881836, 101.839988708, 525.496643066, 478.167907715, 256.382843018, 356.185302734, 326.40536499, 175.197235107, 14.8849716187, 27.6072826385, -66.6029586792, -57.9710655212, -70.7872085571], [752.417541504, 34.45104599, 272.229095459, 263.990112305, 155.790435791, 220.400299072, 175.197235107, 146.780700684, 18.2629699707, 30.0280590057, -45.705657959, -20.7789459229, -43.8008613586], [-520.186889648, 190.608169556, -75.1565475464, -130.881454468, -14.5928907394, -78.0807647705, 14.8849716187, 18.2629699707, 124.291435242, -5.13089323044, 58.0175933838, -9.15757465363, 19.657075882], [248.826019287, -82.3313140869, 73.8031234741, 76.5907211304, 15.3157110214, 76.0226211548, 27.6072826385, 30.0280590057, -5.13089323044, 79.3435287476, -7.16028547287, 9.74038696289, -13.2367925644], [-524.832580566, 218.111984253, -99.9870376587, -172.892059326, -42.114982605, -146.045013428, -66.6029586792, -45.705657959, 58.0175933838, -7.16028547287, 110.305053711, 37.8047676086, 50.9295539856], [-136.534103394, 10.5184469223, -46.4456672668, -81.187210083, -17.7177867889, -58.3300590515, -57.9710655212, -20.7789459229, -9.15757465363, 9.74038696289, 37.8047676086, 62.703125, 36.7272453308], [-470.251251221, 39.3580513, -148.44203186, -152.597732544, -58.4349327087, -105.725959778, -70.7872085571, -43.8008613586, 19.657075882, -13.2367925644, 50.9295539856, 36.7272453308, 71.165222168]],
        "icov": [[0.000492583843879, -0.0013218508102, 0.000946469604969, -0.00129860080779, 0.00144380528945, -0.00174288300332, 0.00157770817168, -0.0019743416924, 0.00163956009783, -0.000328819325659, 0.00100032181945, -0.00133646535687, 0.00158585363533], [-0.0013218508102, 0.00570710143074, -0.00354713574052, 0.00328135001473, -0.00380473630503, 0.00447703525424, -0.00326345534995, 0.00449893902987, -0.00623998278752, 0.00380361685529, -0.00762121984735, 0.00460652587935, -0.00369585235603], [0.000946469604969, -0.00354713574052, 0.00477148406208, -0.00534663582221, 0.00158735609148, -0.00182891485747, 0.00142305518966, -0.00206113816239, 0.00283435010351, -0.00228908704594, 0.00392194231972, -0.00541843986139, 0.00421814527363], [-0.00129860080779, 0.00328135001473, -0.00534663582221, 0.0101562067866, -0.00402132701129, -0.000455933768535, -0.00331622222438, 0.00495639396831, -0.00125192466658, 0.00104936852586, -0.00316855311394, 0.00729365367442, -0.00495344121009], [0.00144380528945, -0.00380473630503, 0.00158735609148, -0.00402132701129, 0.0122209843248, -0.0079075936228, 0.00372942048125, -0.00807330198586, 0.00447871536016, 0.00307307508774, -8.2769562141e-05, -0.00683061685413, 0.00627946760505], [-0.00174288300332, 0.00447703525424, -0.00182891485747, -0.000455933768535, -0.0079075936228, 0.0245597418398, -0.0136539917439, 0.000583516433835, 0.000251978810411, -0.00713210133836, 0.00347815779969, 0.0060111884959, -0.00900136493146], [0.00157770817168, -0.00326345534995, 0.00142305518966, -0.00331622222438, 0.00372942048125, -0.0136539917439, 0.0234560444951, -0.0151375960559, 0.00125900073908, 0.00365071068518, -0.00294598587789, 0.00411434471607, 0.00519573315978], [-0.0019743416924, 0.00449893902987, -0.00206113816239, 0.00495639396831, -0.00807330198586, 0.000583516433835, -0.0151375960559, 0.0394586287439, -0.0190147142857, -0.000284101755824, 0.00549218291417, -0.00895273499191, 0.000150080319145], [0.00163956009783, -0.00623998278752, 0.00283435010351, -0.00125192466658, 0.00447871536016, 0.000251978810411, 0.00125900073908, -0.0190147142857, 0.0305775143206, -0.00716229807585, -0.00378334056586, 0.00996012613177, -0.00109724223148], [-0.000328819325659, 0.00380361685529, -0.00228908704594, 0.00104936852586, 0.00307307508774, -0.00713210133836, 0.00365071068518, -0.000284101755824, -0.00716229807585, 0.0240006446838, -0.0111720832065, -0.0057102558203, 0.00596784288064], [0.00100032181945, -0.00762121984735, 0.00392194231972, -0.00316855311394, -8.2769562141e-05, 0.00347815779969, -0.00294598587789, 0.00549218291417, -0.00378334056586, -0.0111720832065, 0.0415866188705, -0.0167523361742, -0.00438822060823], [-0.00133646535687, 0.00460652587935, -0.00541843986139, 0.00729365367442, -0.00683061685413, 0.0060111884959, 0.00411434471607, -0.00895273499191, 0.00996012613177, -0.0057102558203, -0.0167523361742, 0.0470921508968, -0.0212654229254], [0.00158585363533, -0.00369585235603, 0.00421814527363, -0.00495344121009, 0.00627946760505, -0.00900136493146, 0.00519573315978, 0.000150080319145, -0.00109724223148, 0.00596784288064, -0.00438822060823, -0.0212654229254, 0.037324115634]]
    },
    "melbands": {
        "max": [0.0405048280954, 0.0488792061806, 0.0169294700027, 0.00526620307937, 0.00435564154759, 0.000932505296078, 0.00741370907053, 0.00846035778522, 0.0121874753386, 0.0119633143768, 0.00166941841599, 0.00168337905779, 0.00141753058415, 0.000969460699707, 0.00148993858602, 0.000633428280707, 0.000391076435335, 0.000608092173934, 0.000614360615145, 0.0002620605228, 0.000440191215603, 0.000238980705035, 0.000127220424474, 9.13316907827e-05, 0.00014790725254, 0.000126151411678, 6.58323187963e-05, 6.98229778209e-05, 6.67300992063e-05, 6.72786336509e-05, 0.000136723232572, 8.82089079823e-05, 5.63229950785e-05, 7.5472817116e-05, 6.3900675741e-05, 5.95283490838e-05, 5.13395134476e-05, 3.9239635953e-05, 2.59751705016e-05, 2.57011233771e-05],
        "mean": [0.0022330575157, 0.00216765422374, 0.000519264838658, 0.000258541316725, 9.98699470074e-05, 9.43146733334e-05, 0.000165884994203, 9.76783776423e-05, 0.000195017957594, 0.000303164502839, 0.000196264707483, 0.000155629779329, 0.000112907786388, 8.7085791165e-05, 0.000100114724773, 7.87238095654e-05, 6.60505174892e-05, 7.22143086023e-05, 4.65190751129e-05, 3.41740997101e-05, 2.45600585913e-05, 2.26943866437e-05, 1.43090246638e-05, 1.01820060081e-05, 1.0225450751e-05, 8.51874392538e-06, 5.74733758185e-06, 6.16465422354e-06, 5.4775487115e-06, 5.38112817594e-06, 5.87596014157e-06, 5.20032244822e-06, 4.64801496491e-06, 3.98132806367e-06, 3.3990609154e-06, 2.92432673632e-06, 2.55903319157e-06, 2.02957562578e-06, 1.59497892582e-06, 1.37648657983e-06],
        "min": [7.24420632811e-25, 3.86345574965e-24, 3.41514451949e-24, 2.75394872165e-24, 5.430164273e-24, 5.44333509467e-24, 5.18352927756e-24, 6.41506618506e-24, 1.31415367902e-23, 9.60292528383e-24, 4.59417918388e-24, 1.04841665342e-23, 5.72429421695e-24, 3.99501250509e-24, 5.87412572412e-24, 1.07787753167e-23, 1.10236385306e-23, 9.18582375767e-24, 1.06742078595e-23, 6.59117228241e-24, 1.2049279192e-23, 7.74414811008e-24, 1.22101894617e-23, 5.52544841515e-24, 8.18754631452e-24, 7.22339814958e-24, 6.25248471351e-24, 6.1561947737e-24, 8.09488592373e-24, 7.67397025509e-24, 9.91164521023e-24, 1.19345480508e-23, 6.78195868676e-24, 8.40043068499e-24, 9.38373160385e-24, 1.06345226339e-23, 1.02591676268e-23, 7.56193149617e-24, 8.47993050929e-24, 1.17070484543e-23],
        "stdev": [0.00506602972746, 0.00588650768623, 0.00166003510822, 0.000620165548753, 0.000294841389405, 0.000140237112646, 0.000429614185123, 0.000534818158485, 0.000771499297116, 0.00110995676368, 0.000226433156058, 0.000215771244257, 0.000159512695973, 0.000121448159916, 0.000131734544993, 9.38666125876e-05, 6.29993810435e-05, 8.63116874825e-05, 5.73099860048e-05, 3.42773710145e-05, 3.38736244885e-05, 2.77199869743e-05, 1.66737099789e-05, 1.3286842659e-05, 1.55094658112e-05, 1.28416286316e-05, 8.11022709968e-06, 9.1895708465e-06, 7.58045598559e-06, 8.20199602458e-06, 1.24746165966e-05, 8.93119522516e-06, 7.01675025994e-06, 6.57463488096e-06, 6.38682104181e-06, 5.77711034566e-06, 5.13756049259e-06, 3.9727751755e-06, 3.00351689475e-06, 2.76158698398e-06]
    },
    "melbands128": {
        "max": [0.00790270790458, 0.0411906540394, 0.0591920055449, 0.0751324295998, 0.0669763237238, 0.0277466215193, 0.0216831080616, 0.0217912010849, 0.00929413549602, 0.00537423603237, 0.00477445218712, 0.00562969595194, 0.00520463706926, 0.00200164574198, 0.000827019452117, 0.00136598804966, 0.00522316759452, 0.0121703026816, 0.011451032944, 0.0112582510337, 0.0120635479689, 0.0138205178082, 0.0236619655043, 0.0129226241261, 0.0172176528722, 0.0174015108496, 0.00202294415794, 0.00152504292782, 0.00441426411271, 0.00249399361201, 0.00183843891136, 0.00105387694202, 0.00164773338474, 0.00318927434273, 0.00127652601805, 0.00139681145083, 0.000823721289635, 0.00252690212801, 0.00109939894173, 0.00148901727516, 0.000964348495472, 0.000507110438775, 0.000299932144117, 0.000567622832023, 0.00176297069993, 0.0007955035544, 0.00039023172576, 0.00104277918581, 0.000619237951469, 0.000431238324381, 0.000404007994803, 0.000419028132455, 0.0011122195283, 0.00023483838595, 0.000238638211158, 0.00051139696734, 0.000190791484783, 0.000221419584705, 0.00012609444093, 0.000207987352042, 0.000117169089208, 0.000115211594675, 8.70896474225e-05, 0.000121460208902, 0.000478337431559, 5.91550633544e-05, 5.91944262851e-05, 8.28781703603e-05, 7.17457587598e-05, 9.30487731239e-05, 9.53972776188e-05, 9.1413523478e-05, 8.33621888887e-05, 6.71931702527e-05, 5.97080907028e-05, 5.30824727321e-05, 0.000100225981441, 0.000104131227999, 0.000161130083143, 0.000205548931262, 0.000114871596452, 8.69417199283e-05, 5.94184130023e-05, 6.52112939861e-05, 0.000126332990476, 6.51087902952e-05, 7.41030889913e-05, 5.52844649064e-05, 7.77224995545e-05, 7.79763868195e-05, 6.3453677285e-05, 7.07098370185e-05, 6.09684611845e-05, 6.63187092869e-05, 4.69309961773e-05, 3.6038680264e-05, 4.84136871819e-05, 5.36480183655e-05, 2.61245204456e-05, 1.94397234736e-05, 3.44746113115e-05, 2.73618807114e-05, 2.25397325266e-05, 1.85104145203e-05, 2.75281854556e-05, 2.82017772406e-05, 2.78929692286e-05, 2.01423372346e-05, 1.00114493762e-05, 1.49249644892e-05, 1.38868135764e-05, 8.62054457684e-06, 4.44665602117e-06, 1.9944595806e-06, 2.44150385242e-07, 3.58018979796e-07, 1.43766783367e-07, 1.9166750409e-09, 1.78136549955e-09, 1.66206781671e-09, 1.55609325425e-09, 1.45122880379e-09, 1.37308953096e-09, 1.33511313116e-09, 1.27774635317e-09, 1.25350918534e-09, 1.2270213734e-09, 1.21424448274e-09],
        "mean": [0.000451778236311, 0.00200313748792, 0.00272901193239, 0.00315367174335, 0.00260270969011, 0.00112047209404, 0.000531830708496, 0.000415709422668, 0.000373916846002, 0.00032884979737, 0.000114523332741, 8.72017408255e-05, 0.000109495311335, 0.000100622724858, 5.57034582016e-05, 7.18899027561e-05, 0.000241137167905, 0.000185590266483, 7.87714598118e-05, 8.83509128471e-05, 0.000106925224827, 0.000120817276184, 0.00020143869915, 0.000268287782092, 0.000362144288374, 0.000312623567879, 0.000164320634212, 0.00016299233539, 0.000267817580607, 0.000166381068993, 0.000125135367853, 0.000106548919575, 0.000109662214527, 0.000124511090689, 9.79986944003e-05, 6.91391396686e-05, 7.14933339623e-05, 0.00013374449918, 8.17795080366e-05, 9.25457061385e-05, 7.95751839178e-05, 6.00953935646e-05, 5.26148942299e-05, 6.49036810501e-05, 0.000115812661534, 6.40219659545e-05, 3.78875702154e-05, 5.50092299818e-05, 4.57639798697e-05, 3.41851118719e-05, 3.69406880054e-05, 2.75026450254e-05, 2.91214819299e-05, 2.12174727494e-05, 1.90762712009e-05, 2.89596791845e-05, 1.89093552763e-05, 1.47106447912e-05, 1.32376317197e-05, 1.14920512715e-05, 1.11469298645e-05, 7.93549770606e-06, 7.86313830758e-06, 1.01044543044e-05, 1.66084919329e-05, 6.74164311931e-06, 5.47744048163e-06, 6.27733470537e-06, 5.57072917218e-06, 5.36536163054e-06, 6.16154238742e-06, 6.89405123921e-06, 5.64556830795e-06, 5.27242173121e-06, 5.21585525348e-06, 4.82024097437e-06, 5.84468079978e-06, 6.00172415943e-06, 5.78833260079e-06, 5.98557926423e-06, 5.23342350789e-06, 5.0727053349e-06, 4.57085252492e-06, 4.56869292975e-06, 4.99190309711e-06, 3.73281295651e-06, 4.10052507505e-06, 3.43951251125e-06, 3.4140509797e-06, 3.27726252181e-06, 3.02593184642e-06, 2.88262253889e-06, 2.65055246018e-06, 2.69817519438e-06, 2.37937911152e-06, 2.16266289499e-06, 1.96357677851e-06, 1.83997531167e-06, 1.63519655416e-06, 1.4028513533e-06, 1.49055688325e-06, 1.36306971399e-06, 1.29170450691e-06, 1.2020569784e-06, 1.13764042453e-06, 8.44036776471e-07, 8.8473575488e-07, 7.64544495269e-07, 5.5062599813e-07, 5.162048069e-07, 4.70354052595e-07, 2.56873533999e-07, 2.29047749656e-08, 5.60504709313e-09, 1.4973622342e-09, 1.42764566835e-09, 4.51518183953e-10, 9.38638229642e-12, 8.87589307608e-12, 8.50858619672e-12, 8.18608028585e-12, 7.91109538989e-12, 7.66925238593e-12, 7.44420063786e-12, 6.90379003965e-12, 6.09587597414e-12, 5.63558704911e-12, 5.5383462573e-12],
        "min": [5.24797605807e-25, 9.83423882555e-25, 8.21098494974e-25, 2.22667749456e-25, 2.57962623882e-24, 8.92109465965e-24, 4.97568296727e-24, 1.09637574798e-24, 1.11342332796e-24, 3.48757417794e-24, 8.52025786763e-25, 1.20271212724e-24, 7.0116741935e-24, 1.03335232892e-23, 3.67363846091e-24, 3.96318472858e-24, 3.57351307938e-24, 1.17304898505e-24, 3.46373440695e-24, 6.22166431237e-24, 7.83390312615e-24, 6.22352089651e-24, 1.21890511449e-23, 5.2884730215e-24, 1.00475028353e-23, 3.45909274938e-24, 6.30981281322e-24, 3.80517076167e-24, 1.96607862573e-24, 2.96972761999e-24, 1.61483582277e-23, 7.41751315253e-24, 4.3947287202e-24, 4.0608153375e-24, 1.83818790413e-24, 4.7533369991e-24, 6.55179392374e-24, 3.44892709333e-24, 4.84178684481e-24, 7.71224973052e-24, 1.42914396102e-23, 1.03262634023e-23, 4.05965650083e-24, 9.7811920712e-24, 3.7953494434e-24, 1.12374971443e-24, 4.56032640142e-24, 9.68255369247e-24, 7.07049087374e-24, 6.71171456746e-24, 4.63210209418e-24, 1.05663658405e-23, 7.21552295116e-24, 5.42782569484e-24, 9.7833046407e-24, 3.8208797433e-24, 8.08509537104e-24, 9.95515167802e-24, 1.11760369911e-23, 1.02107891541e-23, 4.31262131617e-24, 3.30356665255e-24, 6.65321658703e-24, 8.11284591996e-24, 1.28311949658e-23, 2.26149027144e-24, 6.77243634678e-24, 9.7302884547e-24, 3.06045135726e-24, 7.13270912219e-24, 5.23714618114e-24, 7.05532028967e-24, 6.87329379123e-24, 9.84011051449e-24, 5.6263756738e-24, 7.11585195351e-24, 6.93920627531e-24, 4.77861013035e-24, 7.40278985259e-24, 1.30386653838e-23, 1.30096802676e-23, 1.03807981455e-23, 5.36113421062e-24, 6.60711792231e-24, 5.40073108376e-24, 6.57974563219e-24, 6.84516932224e-24, 1.02698314486e-23, 7.78050434262e-24, 9.71821493855e-24, 1.11173086633e-23, 7.02753818631e-24, 1.18355112973e-23, 1.14722029851e-23, 7.02546821529e-24, 6.91532508912e-24, 7.77254394722e-24, 8.39318815302e-24, 8.73678204231e-24, 8.13121849045e-24, 8.26183807913e-24, 1.17535944032e-23, 1.11813302478e-23, 9.63152149165e-24, 1.45078557109e-23, 1.12501141856e-23, 1.02303923476e-23, 1.09480664447e-23, 8.48215588591e-24, 8.38168813874e-24, 8.2296344104e-24, 1.06945044617e-23, 9.03526965391e-24, 8.7000156021e-24, 7.80052011037e-24, 7.75920904248e-24, 8.81162206525e-24, 1.08921843271e-23, 1.03651589781e-23, 8.6684651102e-24, 9.23771818346e-24, 8.30183806019e-24, 1.19710557446e-23, 1.02186911738e-23, 5.20604415666e-24, 7.64570694658e-24, 8.83020289501e-24, 9.50799770681e-24],
        "stdev": [0.00107752648182, 0.00503250723705, 0.0068318923004, 0.00948776863515, 0.00760150700808, 0.00291794422083, 0.00200548791327, 0.00189766648691, 0.00101997365709, 0.000774905143771, 0.000371468166122, 0.000366675056284, 0.000345918466337, 0.000201561968424, 0.000115747789096, 0.000142171018524, 0.000473887601402, 0.000622339197434, 0.000567904033232, 0.000673397677019, 0.000750118226279, 0.000801079906523, 0.0012223648373, 0.00100178143475, 0.00173367024399, 0.00137632281985, 0.000221359077841, 0.000201437724172, 0.000457116722828, 0.000278820516542, 0.000213712293771, 0.000158647206263, 0.000180885312147, 0.000252429308603, 0.000178689981112, 0.000116485804028, 8.66695918376e-05, 0.000217542881728, 0.000118007970741, 0.000161117510288, 0.000111185923743, 5.99940685788e-05, 5.49178184883e-05, 8.20460481918e-05, 0.000208328347071, 7.70783808548e-05, 4.11251312471e-05, 8.92696043593e-05, 6.25216998742e-05, 4.08093983424e-05, 4.31248663517e-05, 3.66355889128e-05, 7.2074792115e-05, 2.69503889285e-05, 2.4771939934e-05, 4.82970390294e-05, 2.37436070165e-05, 2.24464893108e-05, 1.75180430233e-05, 1.88346912182e-05, 1.64748198586e-05, 1.21735893117e-05, 1.10340788524e-05, 1.5889045244e-05, 3.91166140616e-05, 9.5244622571e-06, 8.10391247796e-06, 1.04414739326e-05, 8.25261668069e-06, 8.7153939603e-06, 9.86415216175e-06, 1.19208161777e-05, 9.14432803256e-06, 7.82533334132e-06, 7.64674859965e-06, 7.28654913473e-06, 1.03353522718e-05, 1.08814210762e-05, 1.38879559017e-05, 1.59445098689e-05, 1.01253044704e-05, 8.54515383253e-06, 7.24375786376e-06, 7.61525325288e-06, 9.62098329182e-06, 6.4836049205e-06, 7.19346053302e-06, 5.75067178943e-06, 6.80807352182e-06, 7.57647649152e-06, 6.38152550891e-06, 5.93082131672e-06, 5.29696808371e-06, 6.26052178632e-06, 4.65373886982e-06, 4.10116672356e-06, 4.16571811002e-06, 4.70214445158e-06, 3.04948184748e-06, 2.57315036833e-06, 3.23890640175e-06, 2.89767399408e-06, 2.85055057248e-06, 2.45851811087e-06, 2.96945427181e-06, 1.96428231902e-06, 2.51104438576e-06, 2.13944076677e-06, 1.3124134739e-06, 1.43194836255e-06, 1.20805293591e-06, 7.36261029033e-07, 1.95391194779e-07, 8.61948379338e-08, 1.16608829259e-08, 1.60268918137e-08, 6.3677307871e-09, 8.20083376207e-11, 7.62361007656e-11, 7.11566777722e-11, 6.6647423691e-11, 6.22031939845e-11, 5.88772225418e-11, 5.72601688287e-11, 5.48328535355e-11, 5.38282890483e-11, 5.27180417376e-11, 5.21756249316e-11]
    },
    "mfcc": {
        "mean": [-655.367797852, 83.2479705811, -40.8165435791, -23.2854003906, -12.2641048431, 2.35074830055, -8.63726520538, 3.07624483109, 2.9838886261, 2.04327964783, -0.337488085032, 0.142193436623, -2.59515810013],
        "cov": [[9877.25585938, -205.54838562, 2644.296875, 1971.95812988, 1119.91796875, 1577.11730957, 1585.17590332, 950.575317383, 642.568969727, 621.679504395, 297.598236084, -62.399520874, 27.7689914703], [-205.54838562, 1365.24438477, 192.154663086, 58.3251037598, 88.6910476685, -188.405899048, -165.029022217, 17.3781528473, -79.3460083008, -118.987617493, 94.2914047241, 106.558135986, 22.5406322479], [2644.296875, 192.154663086, 1555.81188965, 987.274841309, 556.399230957, 649.109191895, 625.360351562, 371.483551025, 244.845748901, 229.996200562, 150.022628784, 15.9795103073, 36.4069480896], [1971.95812988, 58.3251037598, 987.274841309, 751.967834473, 422.4765625, 479.957641602, 473.483276367, 288.301818848, 185.517562866, 175.26133728, 108.467254639, 4.05366563797, 17.2864761353], [1119.91796875, 88.6910476685, 556.399230957, 422.4765625, 341.5027771, 296.572937012, 295.100616455, 189.902297974, 121.471565247, 93.0554122925, 65.2236328125, 8.96203708649, 18.611661911], [1577.11730957, -188.405899048, 649.109191895, 479.957641602, 296.572937012, 451.074035645, 426.892974854, 242.031646729, 189.973922729, 185.51902771, 86.0367355347, -10.9195127487, 16.5851306915], [1585.17590332, -165.029022217, 625.360351562, 473.483276367, 295.100616455, 426.892974854, 470.80758667, 272.944793701, 199.307220459, 187.678848267, 89.3606109619, -8.20711994171, 15.3713197708], [950.575317383, 17.3781528473, 371.483551025, 288.301818848, 189.902297974, 242.031646729, 272.944793701, 236.084365845, 152.698791504, 128.043304443, 91.4652786255, 6.87893390656, -9.36661148071], [642.568969727, -79.3460083008, 244.845748901, 185.517562866, 121.471565247, 189.973922729, 199.307220459, 152.698791504, 145.256652832, 120.09929657, 62.8589057922, 5.7112531662, 1.0245988369], [621.679504395, -118.987617493, 229.996200562, 175.26133728, 93.0554122925, 185.51902771, 187.678848267, 128.043304443, 120.09929657, 149.889434814, 74.9162445068, 0.151364848018, -1.59143722057], [297.598236084, 94.2914047241, 150.022628784, 108.467254639, 65.2236328125, 86.0367355347, 89.3606109619, 91.4652786255, 62.8589057922, 74.9162445068, 98.5720825195, 24.2781276703, -8.00246810913], [-62.399520874, 106.558135986, 15.9795103073, 4.05366563797, 8.96203708649, -10.9195127487, -8.20711994171, 6.87893390656, 5.7112531662, 0.151364848018, 24.2781276703, 46.2913169861, 14.6957206726], [27.7689914703, 22.5406322479, 36.4069480896, 17.2864761353, 18.611661911, 16.5851306915, 15.3713197708, -9.36661148071, 1.0245988369, -1.59143722057, -8.00246810913, 14.6957206726, 47.1295013428]],
        "icov": [[0.000268703966867, -9.97308889055e-05, -1.20830964079e-06, -0.000298217462841, 0.000219686771743, -0.000546520052012, -0.000247404852416, -0.000220736896154, 0.000191954706679, -9.61397163337e-05, 0.000277219311101, 0.000232345337281, 0.000109284235805], [-9.97308889055e-05, 0.00181372149382, -0.000813193444628, 0.000244378694333, -0.00110097287688, 0.00221832585521, 0.00103536189999, -0.00170833326411, 0.000725443358533, 0.00155028968584, -0.00245588715188, -0.001278037671, -0.0012751162285], [-1.20830964079e-06, -0.000813193444628, 0.00443093106151, -0.00509921740741, 0.000752347172238, -0.00234424858354, -1.33340267894e-06, 0.00127806491219, -0.000555838807486, 0.000218472574488, 0.000181342358701, -2.65310045506e-05, -0.000322061299812], [-0.000298217462841, 0.000244378694333, -0.00509921740741, 0.0132441418245, -0.00511719845235, -0.00124520901591, -0.00108841911424, -0.00185302004684, 0.00383145548403, -0.00172239402309, 0.000208814119105, -0.000700446253177, 0.001698265085], [0.000219686771743, -0.00110097287688, 0.000752347172238, -0.00511719845235, 0.0128122735769, -0.00488051539287, -0.000584897585213, -0.00193457840942, -0.00205593183637, 0.00496803084388, 0.000354629853973, 0.000134148955112, -0.00161216233391], [-0.000546520052012, 0.00221832585521, -0.00234424858354, -0.00124520901591, -0.00488051539287, 0.0268312804401, -0.0127154439688, 0.00471700634807, -0.00513662816957, -0.00329273217358, -0.00365366600454, 0.00270539801568, -0.00236492068507], [-0.000247404852416, 0.00103536189999, -1.33340267894e-06, -0.00108841911424, -0.000584897585213, -0.0127154439688, 0.0232755187899, -0.0127630773932, 0.00252199405804, -0.00267051509582, 0.00315984198824, 0.000152358552441, -0.00502741429955], [-0.000220736896154, -0.00170833326411, 0.00127806491219, -0.00185302004684, -0.00193457840942, 0.00471700634807, -0.0127630773932, 0.0300961695611, -0.0189680662006, 0.00473829684779, -0.00810992438346, 0.00200070720166, 0.00845904275775], [0.000191954706679, 0.000725443358533, -0.000555838807486, 0.00383145548403, -0.00205593183637, -0.00513662816957, 0.00252199405804, -0.0189680662006, 0.0404122620821, -0.0189249031246, 0.00673680007458, -0.00705769890919, -0.00158181984443], [-9.61397163337e-05, 0.00155028968584, 0.000218472574488, -0.00172239402309, 0.00496803084388, -0.00329273217358, -0.00267051509582, 0.00473829684779, -0.0189249031246, 0.0341212898493, -0.017449259758, 0.00558268325403, -0.00235230079852], [0.000277219311101, -0.00245588715188, 0.000181342358701, 0.000208814119105, 0.000354629853973, -0.00365366600454, 0.00315984198824, -0.00810992438346, 0.00673680007458, -0.017449259758, 0.0316149070859, -0.013120662421, 0.008021581918], [0.000232345337281, -0.001278037671, -2.65310045506e-05, -0.000700446253177, 0.000134148955112, 0.00270539801568, 0.000152358552441, 0.00200070720166, -0.00705769890919, 0.00558268325403, -0.013120662421, 0.0372607186437, -0.0134097179398], [0.000109284235805, -0.0012751162285, -0.000322061299812, 0.001698265085, -0.00161216233391, -0.00236492068507, -0.00502741429955, 0.00845904275775, -0.00158181984443, -0.00235230079852, 0.008021581918, -0.0134097179398, 0.0316775813699]]
    },
    "spectral_contrast_coeffs": {
        "max": [-0.441983193159, -0.450447201729, -0.624488353729, -0.694382786751, -0.617846727371, -0.64398431778],
        "mean": [-0.715011179447, -0.785227298737, -0.801006674767, -0.82151055336, -0.80784535408, -0.759246408939],
        "min": [-0.969432413578, -0.982605218887, -0.973111927509, -0.960118412971, -0.964727222919, -0.963644564152],
        "stdev": [0.0882088020444, 0.0728135406971, 0.0451939702034, 0.0319289900362, 0.0439171940088, 0.0370190925896]
    },
    "spectral_contrast_valleys": {
        "max": [-4.90659379959, -4.81431245804, -5.35221099854, -5.68317842484, -5.76853227615, -7.59920024872],
        "mean": [-8.55578708649, -6.98033952713, -6.73255777359, -6.92840147018, -7.57968854904, -10.1929683685],
        "min": [-27.8433761597, -27.4963989258, -27.526386261, -27.5148086548, -27.2589111328, -27.1730461121],
        "stdev": [2.33883976936, 1.46436023712, 1.47779405117, 1.45034050941, 1.59983825684, 1.60731375217]
    }
},
"rhythm": {
    "beats_count": 22,
    "beats_loudness": {
        "max": 0.187758594751,
        "mean": 0.055371876806,
        "min": 0.00157048355322,
        "stdev": 0.066942602396
    },
    "bpm": 102.496376038,
    "bpm_histogram_first_peak_bpm": 103,
    "bpm_histogram_first_peak_weight": 0.357142865658,
    "bpm_histogram_second_peak_bpm": 117,
    "bpm_histogram_second_peak_spread": 0.285714328289,
    "bpm_histogram_second_peak_weight": 0.238095238805,
    "danceability": 0.806984186172,
    "onset_rate": 2.42958807945,
    "beats_loudness_band_ratio": {
        "max": [0.864098668098, 0.299246460199, 0.797034680843, 0.527114987373, 0.408984690905, 0.116668500006],
        "mean": [0.300467133522, 0.0481629148126, 0.188278689981, 0.261887907982, 0.173668414354, 0.0557266101241],
        "min": [0.000259732216364, 0.00657608686015, 0.0150800477713, 0.0248013958335, 0.0115096503869, 0.00112725177314],
        "stdev": [0.382283300161, 0.0701088309288, 0.208220914006, 0.181513398886, 0.140803679824, 0.0365211553872]
    },
    "beats_position": [0.510838985443, 1.02167797089, 1.53251695633, 2.04335594177, 2.55419492722, 3.07664394379, 3.58748292923, 4.08671188354, 4.66721057892, 5.24770975113, 5.8282084465, 6.420317173, 7.01242637634, 7.61614513397, 8.19664382935, 8.77714252472, 9.36925125122, 9.96135997772, 10.5418596268, 11.1223583221, 11.7028570175, 12.2833557129],
