{
"metadata": {
    "version": {
        "essentia": "2.1-beta5",
        "essentia_git_sha": "Undefined",
        "extractor": "music 2.0"
    },
    "audio_properties": {
        "analysis": {
            "equal_loudness": 0,
            "length": 12.7477550507,
            "sample_rate": 44100,
            "start_time": 0,
            "downmix": "mix"
        },
        "bit_rate": 192000,
        "length": 193.608001709,
        "lossless": 0,
        "number_channels": 2,
        "replay_gain": 0.454397201538,
        "sample_rate": 48000,
        "codec": "mp3",
        "md5_encoded": "2ba40138309b26a8a424c44589c85ed7"
    },
    "tags": {
        "file_name": "Germany_Black Smoke_Ann Sophie.mp3",
        "encoding": ["Lavf58.29.100"]
    }
},
"lowlevel": {
    "average_loudness": 0.496327936649,
    "barkbands_crest": {
        "max": 24.5005760193,
        "mean": 8.35012245178,
        "min": 3.0457983017,
        "stdev": 3.56395530701
    },
    "barkbands_flatness_db": {
        "max": 0.282203108072,
        "mean": 0.153824985027,
        "min": 0.0614920482039,
        "stdev": 0.0361397452652
    },
    "barkbands_kurtosis": {
        "max": 63.3449020386,
        "mean": 1.73432779312,
        "min": -1.88682079315,
        "stdev": 5.04372262955
    },
    "barkbands_skewness": {
        "max": 7.57673788071,
        "mean": 0.877193927765,
        "min": -1.80056524277,
        "stdev": 1.05257415771
    },
    "barkbands_spread": {
        "max": 76.6866912842,
        "mean": 17.2426776886,
        "min": 3.332249403,
        "stdev": 10.4735040665
    },
    "dissonance": {
        "max": 0.499998450279,
        "mean": 0.48108625412,
        "min": 0.342951774597,
        "stdev": 0.0222198050469
    },
    "dynamic_complexity": 5.01115226746,
    "erbbands_crest": {
        "max": 27.6455478668,
        "mean": 8.49204063416,
        "min": 2.97466349602,
        "stdev": 3.67919254303
    },
    "erbbands_flatness_db": {
        "max": 0.311630785465,
        "mean": 0.216669544578,
        "min": 0.0857854858041,
        "stdev": 0.039506405592
    },
    "erbbands_kurtosis": {
        "max": 12.7379179001,
        "mean": 0.972608447075,
        "min": -1.69578647614,
        "stdev": 1.54680252075
    },
    "erbbands_skewness": {
        "max": 3.02025485039,
        "mean": 0.284163534641,
        "min": -3.22861981392,
        "stdev": 0.811264753342
    },
    "erbbands_spread": {
        "max": 123.972198486,
        "mean": 23.2931079865,
        "min": 7.00982809067,
        "stdev": 15.1628026962
    },
    "hfc": {
        "max": 92.5351104736,
        "mean": 17.3382034302,
        "min": 1.19710954677e-16,
        "stdev": 18.8612251282
    },
    "loudness_ebu128": {
        "integrated": -24.8438034058,
        "loudness_range": 10.8809566498,
        "momentary": {
            "max": -18.9408969879,
            "mean": -27.2555084229,
            "min": -40.9592437744,
            "stdev": 4.74740171432
        },
        "short_term": {
            "max": -20.9779968262,
            "mean": -27.4837741852,
            "min": -33.0159759521,
            "stdev": 3.58231782913
        }
    },
    "melbands_crest": {
        "max": 30.3674240112,
        "mean": 11.8785324097,
        "min": 1.94515538216,
        "stdev": 5.18134307861
    },
    "melbands_flatness_db": {
        "max": 0.370705246925,
        "mean": 0.167252168059,
        "min": 0.00494947098196,
        "stdev": 0.0608307011425
    },
    "melbands_kurtosis": {
        "max": 170.337615967,
        "mean": 6.8262963295,
        "min": -1.58783102036,
        "stdev": 17.3949565887
    },
    "melbands_skewness": {
        "max": 10.8244972229,
        "mean": 1.6016805172,
        "min": -0.368436455727,
        "stdev": 1.64797508717
    },
    "melbands_spread": {
        "max": 144.342590332,
        "mean": 25.3313121796,
        "min": 2.24970650673,
        "stdev": 15.5218343735
    },
    "pitch_salience": {
        "max": 0.847938477993,
        "mean": 0.647732794285,
        "min": 0.20036393404,
        "stdev": 0.139883235097
    },
    "silence_rate_20dB": {
        "max": 1,
        "mean": 1,
        "min": 1,
        "stdev": 0
    },
    "silence_rate_30dB": {
        "max": 1,
        "mean": 1,
        "min": 1,
        "stdev": 0
    },
    "silence_rate_60dB": {
        "max": 1,
        "mean": 0.247272729874,
        "min": 0,
        "stdev": 0.431425988674
    },
    "spectral_centroid": {
        "max": 11100.2089844,
        "mean": 1668.14916992,
        "min": 349.127075195,
        "stdev": 785.31237793
    },
    "spectral_complexity": {
        "max": 57,
        "mean": 19.7145462036,
        "min": 0,
        "stdev": 13.2645864487
    },
    "spectral_decrease": {
        "max": -2.06798172226e-29,
        "mean": -3.56772233978e-09,
        "min": -2.09722070821e-08,
        "stdev": 3.83833098638e-09
    },
    "spectral_energy": {
        "max": 0.0866164788604,
        "mean": 0.0150380479172,
        "min": 1.09361944604e-20,
        "stdev": 0.0159414298832
    },
    "spectral_energyband_high": {
        "max": 0.0122296707705,
        "mean": 0.00051585258916,
        "min": 8.01622024095e-21,
        "stdev": 0.00109163892921
    },
    "spectral_energyband_low": {
        "max": 0.0504588745534,
        "mean": 0.00222619995475,
        "min": 7.46724941265e-23,
        "stdev": 0.00618832372129
    },
    "spectral_energyband_middle_high": {
        "max": 0.0544125810266,
        "mean": 0.00746114226058,
        "min": 1.57610773792e-21,
        "stdev": 0.00871433131397
    },
    "spectral_energyband_middle_low": {
        "max": 0.0534787774086,
        "mean": 0.00544240092859,
        "min": 3.41255875966e-22,
        "stdev": 0.00743687478825
    },
    "spectral_entropy": {
        "max": 9.81773471832,
        "mean": 7.71467065811,
        "min": 6.53035497665,
        "stdev": 0.321322977543
    },
    "spectral_flux": {
        "max": 0.217860400677,
        "mean": 0.0676949992776,
        "min": 6.65311139514e-11,
        "stdev": 0.0425776317716
    },
    "spectral_kurtosis": {
        "max": 33.070766449,
        "mean": 5.55636024475,
        "min": -1.16859745979,
        "stdev": 3.62709331512
    },
    "spectral_rms": {
        "max": 0.00919259898365,
        "mean": 0.00331259239465,
        "min": 3.26641361528e-12,
        "stdev": 0.00192301848438
    },
    "spectral_rolloff": {
        "max": 18669.2871094,
        "mean": 1918.64746094,
        "min": 107.666015625,
        "stdev": 1448.99206543
    },
    "spectral_skewness": {
        "max": 3.62719941139,
        "mean": 1.65133535862,
        "min": -0.166964307427,
        "stdev": 0.505994081497
    },
    "spectral_spread": {
        "max": 39968540,
        "mean": 3683078,
        "min": 1204144.5,
        "stdev": 2523438.75
    },
    "spectral_strongpeak": {
        "max": 4.07064914703,
        "mean": 0.771300852299,
        "min": 0,
        "stdev": 0.720256567001
    },
    "zerocrossingrate": {
        "max": 0.482421875,
        "mean": 0.0718856528401,
        "min": 0.01806640625,
        "stdev": 0.0362498089671
    },
    "barkbands": {
        "max": [0.0017717264127, 0.0381532981992, 0.0345968864858, 0.00809958018363, 0.0130081940442, 0.00226787943393, 0.00905983150005, 0.0115010365844, 0.0420826673508, 0.0426888391376, 0.0098377848044, 0.00549249071628, 0.00913843605667, 0.00698579708114, 0.00491250818595, 0.00494856294245, 0.0030197314918, 0.00405229348689, 0.00375399785116, 0.00305833038874, 0.00399949215353, 0.0058251558803, 0.00248583639041, 0.00087628129404, 0.000581951928325, 0.000158298003953, 3.868148724e-06],
        "mean": [4.64494805783e-05, 0.00143398391083, 0.000606496643741, 0.000282186229015, 0.000554541416932, 0.000143213197589, 0.000166026875377, 0.000460440205643, 0.00291172415018, 0.00256479717791, 0.000711825385224, 0.000658590695821, 0.000798751658294, 0.000855815655086, 0.000718971132301, 0.000639193400275, 0.000408953026636, 0.000266428425675, 0.000207936202059, 0.000178112022695, 0.000160287905601, 0.000120879914903, 7.1018912422e-05, 4.18843665102e-05, 2.27653727052e-05, 6.76906893204e-06, 8.28974311418e-09],
        "min": [4.71528116574e-24, 4.70811972867e-23, 4.95542817466e-24, 2.07349611914e-23, 2.59487716837e-23, 2.88182816254e-23, 1.19400117014e-23, 5.56062246074e-23, 5.82495839048e-23, 8.67455306535e-23, 2.8562220531e-23, 8.53773366104e-23, 8.39376907019e-23, 6.25514569912e-23, 9.67384293258e-23, 1.10413150102e-22, 1.3674299209e-22, 1.63411753967e-22, 2.34899503023e-22, 2.24909595711e-22, 3.79984856958e-22, 4.50030681875e-22, 6.26972309134e-22, 8.98709925113e-22, 1.33537717704e-21, 1.72631139811e-21, 2.25667088982e-21],
        "stdev": [0.000167308651726, 0.00457677291706, 0.00224275398068, 0.000870590214618, 0.00165097962599, 0.000306926842313, 0.00071870512329, 0.00104002072476, 0.00515734311193, 0.00489761587232, 0.00120526773389, 0.000762595969718, 0.000962663267273, 0.00103696377482, 0.000749808037654, 0.000736108166166, 0.00050369737437, 0.000414525624365, 0.000394273723941, 0.00035054894397, 0.000333932228386, 0.000385885388823, 0.000179702357855, 9.62007106864e-05, 4.00446951971e-05, 9.88147348835e-06, 1.64756869481e-07]
    },
    "erbbands": {
        "max": [1.17642021179, 8.60996723175, 34.8959350586, 33.5347671509, 34.1556816101, 61.5098152161, 81.3662948608, 18.5711860657, 65.4364929199, 143.850494385, 185.456893921, 1205.29260254, 1481.77563477, 869.404296875, 212.299118042, 267.507049561, 474.873443604, 339.494110107, 244.762023926, 239.657623291, 237.014175415, 180.75201416, 213.467559814, 243.619659424, 128.223205566, 147.531234741, 164.968521118, 135.961593628, 204.764419556, 150.231552124, 63.6464538574, 19.3563022614, 16.7156486511, 7.21470785141, 3.91201615334, 1.23116266727, 0.103950977325, 0.00264648208395, 0.000557453313377, 0.000105081293441],
        "mean": [0.040981464088, 0.321385234594, 0.709856748581, 0.850559592247, 1.21330881119, 1.87402260303, 2.10208940506, 1.08151090145, 1.82250547409, 4.4836640358, 17.5673160553, 69.4066390991, 81.8225860596, 61.2463722229, 28.0318756104, 26.2104110718, 35.663105011, 43.7952346802, 39.9177474976, 37.5117721558, 32.9705543518, 23.0630836487, 15.6759939194, 11.6454429626, 9.53614902496, 8.5078792572, 7.12299251556, 5.77352237701, 4.65338420868, 2.94891405106, 1.88384902477, 0.980331480503, 0.664205849171, 0.313850909472, 0.137311562896, 0.0502288602293, 0.00816969852895, 0.000196277949726, 1.84735872608e-05, 1.99028581847e-05],
        "min": [7.02856386326e-22, 1.24079571809e-20, 1.3060176977e-20, 5.20720212242e-20, 4.27413916029e-20, 1.25119933991e-19, 1.64838936882e-19, 2.60421737539e-19, 1.93011364377e-19, 5.39785032226e-19, 1.73151897828e-18, 1.24179300387e-18, 2.6298292653e-18, 2.07695497876e-18, 2.4230537577e-18, 4.0876081227e-18, 3.72336782536e-18, 2.82668832492e-18, 4.40907946006e-18, 6.35813577251e-18, 7.54106732778e-18, 7.70489210245e-18, 7.75388931886e-18, 1.35545760824e-17, 1.15568852723e-17, 9.95785994863e-18, 1.21660955216e-17, 1.73808414537e-17, 1.74983821644e-17, 1.43919682397e-17, 1.82477333531e-17, 1.95696821229e-17, 1.45673388013e-17, 1.31848437194e-17, 8.90701466152e-18, 4.68524322014e-18, 3.69918354579e-18, 1.37712574915e-18, 3.04937263535e-19, 3.23327323859e-20],
        "stdev": [0.14164789021, 1.0092869997, 2.32674527168, 2.67820048332, 3.34420657158, 6.50741052628, 8.5903673172, 2.0288028717, 5.76979494095, 13.2482662201, 25.9733524323, 132.465133667, 153.136291504, 118.594612122, 34.528678894, 30.5508480072, 43.2840461731, 53.1043205261, 43.5271530151, 38.3842201233, 38.2867431641, 28.4058799744, 22.9342594147, 20.2718753815, 18.1415138245, 16.6381587982, 14.5473766327, 12.0910272598, 15.0343427658, 9.4422454834, 4.77477407455, 2.04953241348, 1.69640958309, 0.646212637424, 0.234077110887, 0.0742050409317, 0.0110386898741, 0.000286199938273, 2.93618268188e-05, 2.05791893677e-05]
    },
    "gfcc": {
        "mean": [-68.8874893188, 67.9319229126, -179.248504639, 12.7081670761, -66.1492767334, 27.8078289032, -32.4674911499, 13.2350101471, -20.2161159515, -3.2665514946, -24.1266956329, -9.02257347107, -4.87138032913],
        "cov": [[13818.59375, -1502.74804688, -1478.58129883, -560.810852051, -959.199890137, 328.322296143, -219.232330322, 654.867004395, -68.212677002, 558.198120117, -417.52557373, 334.114501953, -176.758987427], [-1502.74804688, 2731.88549805, 1335.54321289, 925.491882324, 831.157775879, 45.5342941284, 220.669845581, -378.95489502, 38.4760246277, -349.558074951, 255.019607544, -304.206787109, 46.9257049561], [-1478.58129883, 1335.54321289, 1728.61035156, 982.332763672, 482.760345459, 147.18977356, 97.4810028076, -144.285461426, 31.2417182922, -75.2476806641, 214.999420166, -145.914611816, -12.4120311737], [-560.810852051, 925.491882324, 982.332763672, 1086.6907959, 405.833404541, 116.846084595, 243.460464478, -75.1596603394, 45.4394721985, -111.570716858, 161.805145264, -142.790649414, 29.1951122284], [-959.199890137, 831.157775879, 482.760345459, 405.833404541, 540.00378418, 109.85458374, 201.957504272, -28.8184509277, 33.1696014404, -111.687171936, 84.3135147095, -60.0993423462, 21.6870212555], [328.322296143, 45.5342941284, 147.18977356, 116.846084595, 109.85458374, 213.864212036, 93.9797439575, 89.4540252686, 30.7124710083, 41.9035758972, -5.77378511429, 12.90858078, -11.5677251816], [-219.232330322, 220.669845581, 97.4810028076, 243.460464478, 201.957504272, 93.9797439575, 303.376617432, 98.7856826782, 72.8170700073, -26.3201560974, 41.6362991333, -12.6837501526, 26.1547584534], [654.867004395, -378.95489502, -144.285461426, -75.1596603394, -28.8184509277, 89.4540252686, 98.7856826782, 238.279876709, 56.5423202515, 95.6101226807, -35.597114563, 73.7207489014, -3.39949369431], [-68.212677002, 38.4760246277, 31.2417182922, 45.4394721985, 33.1696014404, 30.7124710083, 72.8170700073, 56.5423202515, 84.4181976318, 29.3983135223, 34.5005302429, 5.17759180069, 8.83970165253], [558.198120117, -349.558074951, -75.2476806641, -111.570716858, -111.687171936, 41.9035758972, -26.3201560974, 95.6101226807, 29.3983135223, 133.400756836, -18.9589710236, 61.2961769104, -18.6639842987], [-417.52557373, 255.019607544, 214.999420166, 161.805145264, 84.3135147095, -5.77378511429, 41.6362991333, -35.597114563, 34.5005302429, -18.9589710236, 109.204048157, -13.0389299393, 21.2666873932], [334.114501953, -304.206787109, -145.914611816, -142.790649414, -60.0993423462, 12.90858078, -12.6837501526, 73.7207489014, 5.17759180069, 61.2961769104, -13.0389299393, 96.2109527588, 9.34583950043], [-176.758987427, 46.9257049561, -12.4120311737, 29.1951122284, 21.6870212555, -11.5677251816, 26.1547584534, -3.39949369431, 8.83970165253, -18.6639842987, 21.2666873932, 9.34583950043, 45.8571777344]],
        "icov": [[0.000218370900257, -0.000535261468031, 0.000480515067466, -0.000531308935024, 0.000676178722642, -0.000259397609625, 0.000288331008051, -0.00072834425373, 0.000667524815071, -0.000759179354645, 0.000414080976043, -0.00103453593329, 0.000835258688312], [-0.000535261468031, 0.0030215412844, -0.00186925544403, 0.00178454036359, -0.00312612135895, 0.000463606033009, -0.000856820377521, 0.00306177418679, -0.00271287886426, 0.00314848264679, -0.00175089307595, 0.00493425410241, -0.00287541863509], [0.000480515067466, -0.00186925544403, 0.00309251458384, -0.00261374702677, 0.00123396341223, -0.00103912944905, 0.00181213591713, -0.00196717493236, 0.0022930665873, -0.00313051696867, -0.000586429901887, -0.00264405761845, 0.00333566544577], [-0.000531308935024, 0.00178454036359, -0.00261374702677, 0.00431645382196, -0.00201267190278, 0.00024143049086, -0.00240464950912, 0.00198553898372, -0.000941620091908, 0.00219703745097, -0.00223787990399, 0.0055194273591, -0.00380951212719], [0.000676178722642, -0.00312612135895, 0.00123396341223, -0.00201267190278, 0.00767443003133, -0.0022163358517, -0.000804735696875, -0.00301691703498, 0.00236593279988, 0.00036174574052, 0.00151012721471, -0.0065734134987, 0.00379802309908], [-0.000259397609625, 0.000463606033009, -0.00103912944905, 0.00024143049086, -0.0022163358517, 0.00819994788617, -0.00151733402163, -0.000725279678591, -0.000588176131714, -0.00217159837484, 0.00195043801796, 0.000679650169332, 0.000205541553441], [0.000288331008051, -0.000856820377521, 0.00181213591713, -0.00240464950912, -0.000804735696875, -0.00151733402163, 0.00874852668494, -0.00466900737956, -0.00263211573474, 0.001389474608, -0.000259118562099, -0.000882188847754, 4.44052675448e-05], [-0.00072834425373, 0.00306177418679, -0.00196717493236, 0.00198553898372, -0.00301691703498, -0.000725279678591, -0.00466900737956, 0.014635944739, -0.00726385368034, -0.000409250817029, 0.00255761737935, -0.000187152443687, -0.00265963189304], [0.000667524815071, -0.00271287886426, 0.0022930665873, -0.000941620091908, 0.00236593279988, -0.000588176131714, -0.00263211573474, -0.00726385368034, 0.0261272247881, -0.0103316856548, -0.0072312913835, 0.00216245814227, -6.38842393528e-05], [-0.000759179354645, 0.00314848264679, -0.00313051696867, 0.00219703745097, 0.00036174574052, -0.00217159837484, 0.001389474608, -0.000409250817029, -0.0103316856548, 0.0248175058514, -0.00203866511583, -0.00378934713081, 0.00387418549508], [0.000414080976043, -0.00175089307595, -0.000586429901887, -0.00223787990399, 0.00151012721471, 0.00195043801796, -0.000259118562099, 0.00255761737935, -0.0072312913835, -0.00203866511583, 0.0206988081336, -0.0077427951619, -0.00268801464699], [-0.00103453593329, 0.00493425410241, -0.00264405761845, 0.0055194273591, -0.0065734134987, 0.000679650169332, -0.000882188847754, -0.000187152443687, 0.00216245814227, -0.00378934713081, -0.0077427951619, 0.0322503186762, -0.0144381066784], [0.000835258688312, -0.00287541863509, 0.00333566544577, -0.00380951212719, 0.00379802309908, 0.000205541553441, 4.44052675448e-05, -0.00265963189304, -6.38842393528e-05, 0.00387418549508, -0.00268801464699, -0.0144381066784, 0.0351084172726]]
    },
    "melbands": {
        "max": [0.0109630394727, 0.0130886910483, 0.0053607202135, 0.00303651206195, 0.0031370643992, 0.000452416425105, 0.00139371410478, 0.00212134490721, 0.00225253077224, 0.00722190132365, 0.00732487905771, 0.00390437967144, 0.000896629295312, 0.000592921802308, 0.000495009764563, 0.000947911816183, 0.000687229447067, 0.000454896042356, 0.000418467854615, 0.000422647164669, 0.000269084848696, 0.000212398881558, 0.000284746725811, 0.000113546324428, 0.000210432626773, 0.000149178420543, 0.000128992527607, 7.82062488724e-05, 0.000103192636743, 0.000108664527943, 7.29603489162e-05, 0.000100987788755, 0.000127649516799, 6.7011162173e-05, 4.41577722086e-05, 1.82713902177e-05, 9.34200852498e-06, 1.31585047711e-05, 1.03874244815e-05, 6.69555629429e-06],
        "mean": [0.000386928149965, 0.000383697886718, 0.000159340037499, 0.000110261207737, 7.95590167399e-05, 2.42252317548e-05, 3.0742103263e-05, 5.87856775383e-05, 0.000177429639734, 0.000455759931356, 0.000403886922868, 0.000258903339272, 9.35358766583e-05, 7.61176852393e-05, 6.99404845363e-05, 8.14609375084e-05, 8.14741069917e-05, 6.51085938443e-05, 5.38176827831e-05, 4.61008603452e-05, 3.70460293198e-05, 2.4250084607e-05, 1.90433547687e-05, 1.05953931779e-05, 9.29768702917e-06, 7.6494015957e-06, 6.2712183535e-06, 5.43268788533e-06, 4.55659528598e-06, 3.85396697311e-06, 3.15437910103e-06, 2.76658170151e-06, 2.00033423425e-06, 1.51652557179e-06, 1.1661265944e-06, 7.62749721162e-07, 5.25185896549e-07, 4.68889908234e-07, 3.82808138966e-07, 2.24643684987e-07],
        "min": [1.11054994156e-23, 1.04153699747e-23, 8.21081061148e-24, 5.7750211286e-24, 5.78234846312e-24, 6.2994688746e-24, 2.65907320944e-24, 5.609374538e-24, 1.61411433058e-23, 6.89004683028e-24, 1.44048951633e-23, 9.13093008272e-24, 4.98796316498e-24, 6.55717237739e-24, 1.2510425189e-23, 7.51411784784e-24, 4.85365959586e-24, 6.71543010232e-24, 8.35339879782e-24, 7.94224528288e-24, 8.50003305174e-24, 7.64287651365e-24, 7.2163070789e-24, 6.57248298427e-24, 1.21928305775e-23, 6.09198070715e-24, 7.35490047362e-24, 6.32605506482e-24, 8.01740952765e-24, 6.16560115113e-24, 1.18508238763e-23, 8.5923147893e-24, 1.00602618716e-23, 7.83145844621e-24, 1.01487531325e-23, 1.09843611461e-23, 1.15086491478e-23, 9.2202228263e-24, 9.76825317463e-24, 1.15648767865e-23],
        "stdev": [0.00127749133389, 0.00110901880544, 0.000455673492979, 0.000327493529767, 0.000312493968522, 4.77447720186e-05, 0.000115608956548, 0.000173776803422, 0.000262454675976, 0.000857819744851, 0.000762957206462, 0.000513238075655, 0.00013147482241, 8.89950752025e-05, 8.37445841171e-05, 0.000101046396594, 0.000101307763543, 7.42986158002e-05, 5.60278640478e-05, 5.18612723681e-05, 4.57179849036e-05, 3.03273463942e-05, 2.89104627882e-05, 1.57902904903e-05, 1.6746831534e-05, 1.54479803314e-05, 1.30646540129e-05, 1.06087836684e-05, 9.34927993512e-06, 8.47284172778e-06, 6.59326360619e-06, 8.43250381877e-06, 7.63269054005e-06, 4.52232598036e-06, 3.12573797601e-06, 1.64821449289e-06, 1.09674579107e-06, 1.20139407045e-06, 9.30740839067e-07, 4.69860111707e-07]
    },
    "melbands128": {
        "max": [0.00173687154893, 0.00890145823359, 0.0185366962105, 0.0137259326875, 0.0177061986178, 0.0155961979181, 0.00713826017454, 0.00422210711986, 0.00418761651963, 0.00449516065419, 0.00439405394718, 0.00563839869574, 0.00338362366892, 0.000456077570561, 0.000434829329606, 0.000843807531055, 0.000751139305066, 0.00148847419769, 0.00393484160304, 0.000887704722118, 0.00469694985077, 0.00346747320145, 0.00173133227509, 0.00493426062167, 0.0129788499326, 0.00797821115702, 0.0104711316526, 0.0106078414246, 0.00890208873898, 0.00725462567061, 0.00466035772115, 0.0020521748811, 0.00141145463567, 0.0010524103418, 0.000795123924036, 0.000862831715494, 0.00165627291426, 0.000588087714277, 0.000751940649934, 0.00207131565548, 0.000677472969983, 0.000807427568361, 0.00114161579404, 0.000935199437663, 0.000831974903122, 0.000586967973504, 0.000738514354452, 0.000576366321184, 0.000426822196459, 0.000420574302552, 0.000782911549322, 0.000471505045425, 0.000427636114182, 0.000406422099331, 0.000260955974227, 0.000258777872659, 0.000277568789897, 0.000238367851125, 0.000512943021022, 0.00017718426534, 0.000149269137182, 0.000256028142758, 0.000272100442089, 0.000130720349262, 0.000221998227062, 0.000228553064517, 8.26862378744e-05, 0.000161651783856, 0.000183864074643, 0.0002647205838, 0.000102945443359, 0.000113978785521, 9.3768874649e-05, 0.000123120233184, 0.000126585568069, 0.000150181949721, 9.34471245273e-05, 8.3139668277e-05, 0.000104648985143, 6.90112356097e-05, 8.95686389413e-05, 0.000132831628434, 0.000223567345529, 7.93549770606e-05, 0.000138034549309, 7.19996314729e-05, 5.95242490817e-05, 5.43956994079e-05, 5.1124177844e-05, 2.99107814499e-05, 2.96486523439e-05, 1.17678837341e-05, 1.34143465402e-05, 1.44802797877e-05, 1.28877645693e-05, 1.06368170236e-05, 2.06398799492e-05, 2.01095372176e-05, 1.18795824164e-05, 5.88584771322e-06, 6.52224116493e-06, 9.41706002777e-06, 4.01398801841e-06, 5.56912209504e-06, 6.80006132825e-06, 2.36283381128e-06, 1.45436968069e-06, 3.28896067003e-06, 2.54073506767e-06, 1.54826943799e-06, 1.45389037698e-06, 7.86756061188e-07, 3.33622523385e-07, 1.75964530058e-07, 1.95286737892e-08, 1.91167668362e-08, 1.86646680334e-08, 1.80185839582e-08, 1.76192624934e-08, 1.71355818424e-08, 1.6692181859e-08, 1.63152300559e-08, 1.6040747397e-08, 1.56994310885e-08, 1.55371662203e-08, 1.53646428913e-08, 1.52206744986e-08, 1.51319117236e-08],
        "mean": [4.23776073148e-05, 0.000296402722597, 0.00055849790806, 0.000516163243446, 0.000399304874009, 0.000277034356259, 0.000168684404343, 0.000139793104609, 0.000116894138046, 0.000109940789116, 0.00010262565047, 0.000109931293991, 8.36358594825e-05, 2.52031895798e-05, 2.07567354664e-05, 2.61299883277e-05, 2.23872102652e-05, 2.84152010863e-05, 4.84388729092e-05, 3.17451849696e-05, 7.56896624807e-05, 0.00010869011021, 0.000134016401717, 0.000291345117148, 0.000536397041287, 0.00046913465485, 0.000410465552704, 0.000446812744485, 0.000347530003637, 0.000320390361594, 0.000234693885432, 0.000113514150144, 7.80422851676e-05, 7.98306573415e-05, 9.34623603825e-05, 6.71654634061e-05, 6.10082533967e-05, 6.84144542902e-05, 7.58368187235e-05, 8.20284258225e-05, 8.00556663307e-05, 8.49461357575e-05, 8.40998472995e-05, 7.94635852799e-05, 7.3417002568e-05, 6.08997252129e-05, 5.86065179959e-05, 5.33451966476e-05, 5.27182965016e-05, 5.06120377395e-05, 4.64207114419e-05, 3.94222697651e-05, 4.03962912969e-05, 3.70146481146e-05, 2.75971779047e-05, 2.3304413844e-05, 2.04046373256e-05, 2.13805324165e-05, 1.94902695512e-05, 1.22671081044e-05, 9.8310474641e-06, 9.05179967958e-06, 1.00951265267e-05, 8.41186556499e-06, 1.00322376966e-05, 7.96562471805e-06, 5.83713790547e-06, 6.59678107695e-06, 6.34790603726e-06, 5.8553978306e-06, 5.71098507862e-06, 5.20959110872e-06, 4.5865112952e-06, 4.53243683296e-06, 4.28463090429e-06, 3.9704741539e-06, 3.68155201613e-06, 3.41464055964e-06, 3.08128710458e-06, 2.87208331429e-06, 2.83366716758e-06, 2.7257401598e-06, 2.57057308772e-06, 1.82205280908e-06, 1.71583417341e-06, 1.49971560859e-06, 1.55907446242e-06, 1.30030855416e-06, 1.22575022488e-06, 9.83304289548e-07, 8.56595931964e-07, 6.98921837738e-07, 6.05552315847e-07, 5.47825209196e-07, 4.52953116792e-07, 4.22422886004e-07, 4.9799473345e-07, 5.07433639996e-07, 3.97091866944e-07, 3.17501928748e-07, 2.67384137942e-07, 1.97472274976e-07, 1.89211675661e-07, 1.81552692879e-07, 1.68331055761e-07, 1.25360259062e-07, 1.06099129482e-07, 9.24126553059e-08, 8.45827656804e-08, 7.6787827652e-08, 7.41500087997e-08, 5.0131170326e-08, 4.68867833447e-09, 1.20261389736e-09, 2.15583426111e-10, 1.64347188636e-10, 6.33268507078e-11, 3.61527092985e-11, 3.58926360855e-11, 3.4349835476e-11, 3.33902870631e-11, 3.26318173871e-11, 3.2116000831e-11, 3.14254698652e-11, 3.08442542341e-11, 3.00527866481e-11, 2.95313495879e-11, 2.93258507755e-11],
        "min": [2.42133045135e-24, 4.28348276648e-24, 1.03837847729e-23, 2.13557174155e-23, 9.61168795077e-24, 1.49579614024e-24, 7.29500699825e-24, 7.51149725191e-24, 2.42630066948e-24, 6.04787549394e-24, 8.58905837148e-24, 3.98743786268e-24, 5.08247146244e-24, 7.5547796832e-24, 5.85712261617e-24, 1.24790656015e-24, 1.49890395639e-24, 4.25655618278e-24, 2.26305044109e-24, 2.80857970592e-24, 4.87541164646e-24, 7.60716635819e-24, 1.70030132878e-23, 1.38342836716e-23, 4.91180732205e-24, 6.425385669e-24, 5.77788035495e-24, 7.62837882793e-24, 1.77356063224e-23, 1.24355772775e-23, 6.6548234967e-24, 1.35310776857e-24, 2.31192530455e-24, 5.10352931544e-24, 3.57798276527e-24, 6.38039456499e-24, 1.26977559882e-23, 1.44479906346e-23, 7.0589395835e-24, 3.90690502502e-24, 5.67657720408e-24, 2.1369200626e-24, 5.12923040373e-24, 3.78865240874e-24, 8.658898594e-24, 7.28422800284e-24, 4.77730219897e-24, 9.85520852335e-24, 7.52079634426e-24, 5.64887990327e-24, 3.55156302469e-24, 8.98792458896e-24, 6.66117540471e-24, 8.07678629912e-24, 4.89379604986e-24, 9.93992192938e-24, 4.69368294302e-24, 9.58875418653e-24, 4.58639549333e-24, 5.00396323629e-24, 3.11859178648e-24, 1.17079998206e-23, 5.74001976467e-24, 1.33568682072e-23, 7.70462381215e-24, 1.7796354923e-24, 5.96566632686e-24, 1.06877849445e-23, 6.71511850227e-24, 4.57014416982e-24, 7.64140844351e-24, 4.89999215784e-24, 8.86833485345e-24, 6.91009178588e-24, 7.26427376624e-24, 5.12934478856e-24, 4.8146464798e-24, 9.35835631511e-24, 1.61953017624e-23, 9.30300431197e-24, 6.1884990222e-24, 5.87190981384e-24, 6.50624903938e-24, 8.11728878458e-24, 6.60108076981e-24, 5.50389318535e-24, 9.24007924415e-24, 9.08795609605e-24, 1.06409210847e-23, 7.5017232653e-24, 8.20637642433e-24, 1.18198034989e-23, 9.77082880548e-24, 1.11512659699e-23, 1.05046335304e-23, 9.3926110222e-24, 7.49956257528e-24, 8.0510718002e-24, 7.99329641636e-24, 1.32492470693e-23, 1.00989562879e-23, 9.99743225595e-24, 1.45337382372e-23, 1.10308439861e-23, 7.10410265919e-24, 8.43966389325e-24, 6.49548582119e-24, 7.1298092695e-24, 7.15858849305e-24, 7.56294518243e-24, 9.7600513878e-24, 1.17959562338e-23, 1.2972944593e-23, 9.35439544451e-24, 9.92253227959e-24, 1.32133247103e-23, 1.09163629138e-23, 8.35260757033e-24, 8.42918466498e-24, 6.91048779405e-24, 8.1215439003e-24, 9.51675879602e-24, 1.09107635791e-23, 6.92458552729e-24, 1.05015601283e-23, 8.46373440605e-24, 1.01856189692e-23, 9.0559180881e-24],
        "stdev": [0.000152627952048, 0.00107339920942, 0.00197869027033, 0.00161873211619, 0.00125487369951, 0.00104475626722, 0.00057588488562, 0.000442252843641, 0.000363103870768, 0.000430535146734, 0.000427058170317, 0.000515510910191, 0.000377557356842, 5.8365836594e-05, 4.23647470598e-05, 6.49849389447e-05, 6.7651795689e-05, 0.000119023403386, 0.00030027559842, 9.82603232842e-05, 0.000311500712996, 0.000309547962388, 0.000215044099605, 0.000530696997885, 0.00123388937209, 0.000945501378737, 0.000866178481374, 0.00103273731656, 0.000785289506894, 0.000733216525987, 0.000516030122526, 0.000246546580456, 0.00012767771841, 0.000119460237329, 0.000128359359223, 9.93911089608e-05, 0.000110930479423, 9.28825611481e-05, 0.000110065651825, 0.000135839407449, 0.000110879147542, 0.000128277635667, 0.000128579398734, 0.000116962255561, 0.000101557860035, 8.31338038552e-05, 8.33699959912e-05, 6.92400572007e-05, 6.32777664578e-05, 6.59555589664e-05, 6.81720848661e-05, 5.27436095581e-05, 5.86296955589e-05, 5.60226399102e-05, 3.75612908101e-05, 3.30144212057e-05, 3.14866665576e-05, 3.45516637026e-05, 3.81033387384e-05, 1.97202825802e-05, 1.63716176758e-05, 1.78111458808e-05, 2.00061986106e-05, 1.48140770762e-05, 2.34299677686e-05, 1.87686291611e-05, 1.08103095044e-05, 1.49627512656e-05, 1.53403234435e-05, 1.55096950039e-05, 1.2132512893e-05, 1.19270616779e-05, 9.41972666624e-06, 1.0210776054e-05, 9.83522204479e-06, 9.8527279988e-06, 8.4663315647e-06, 7.18961564417e-06, 7.2711136454e-06, 6.49196090308e-06, 7.46022760723e-06, 1.01283403637e-05, 1.25061096696e-05, 5.95563460593e-06, 7.17786315363e-06, 4.29120518675e-06, 4.70572013e-06, 3.68869814338e-06, 3.59927798854e-06, 2.30050977734e-06, 2.20606716539e-06, 1.46916488575e-06, 1.37291522151e-06, 1.30009732402e-06, 9.94352490125e-07, 8.49311220463e-07, 1.59227636232e-06, 1.66697736859e-06, 1.01641637684e-06, 6.74739339956e-07, 6.08054278928e-07, 5.15169745086e-07, 3.27332202232e-07, 3.48648825366e-07, 3.8043413042e-07, 1.88456922956e-07, 1.35663412948e-07, 1.79478462314e-07, 1.43765902294e-07, 1.21686355214e-07, 1.15756414232e-07, 7.38758529906e-08, 2.27647429796e-08, 9.58445323107e-09, 9.8755714717e-10, 8.98342567002e-10, 8.00969790493e-10, 7.67483410158e-10, 7.50455808607e-10, 7.29873939065e-10, 7.10990766262e-10, 6.94934942924e-10, 6.8324212954e-10, 6.68704425166e-10, 6.61803611912e-10, 6.54474197059e-10, 6.48351927701e-10, 6.44572339947e-10]
    },
    "mfcc": {
        "mean": [-686.446716309, 96.6525268555, -49.9031944275, -10.3919830322, -11.8415622711, 6.16263389587, -2.4359664917, 8.35959815979, 9.72517681122, 6.81707525253, -2.91000390053, -5.07369184494, -7.94529104233],
        "cov": [[8880.38769531, -1603.0090332, -917.217834473, -962.053955078, -762.733886719, -384.509307861, -274.872375488, 31.8560161591, 220.108840942, 233.426864624, 275.37286377, 42.0313262939, -89.0224151611], [-1603.0090332, 1981.67919922, 649.897644043, 651.582946777, 585.794311523, 366.945281982, 255.282989502, 75.7884902954, -67.3998260498, -49.6961212158, -64.7218017578, 16.3070640564, 37.7218666077], [-917.217834473, 649.897644043, 1373.84008789, 792.16015625, 489.40612793, 312.515869141, 221.512557983, -1.20447492599, -67.7156982422, 28.2293987274, 46.8319625854, 65.5318374634, 7.08373260498], [-962.053955078, 651.582946777, 792.16015625, 958.197509766, 417.750457764, 316.924194336, 304.157318115, 120.348175049, 9.09712696075, 26.5560665131, 25.672914505, 30.5150279999, 15.4179296494], [-762.733886719, 585.794311523, 489.40612793, 417.750457764, 431.470062256, 212.237503052, 163.121047974, 52.445148468, -7.03873586655, -7.79036808014, -9.8525094986, 35.9193649292, 40.6762619019], [-384.509307861, 366.945281982, 312.515869141, 316.924194336, 212.237503052, 246.313415527, 157.842102051, 68.4971389771, 27.9051647186, 21.8796863556, 5.05582094193, 21.2129096985, 27.3630905151], [-274.872375488, 255.282989502, 221.512557983, 304.157318115, 163.121047974, 157.842102051, 216.553009033, 130.682266235, 67.6514129639, 49.3210754395, 32.7456283569, 22.1030673981, 18.9333667755], [31.8560161591, 75.7884902954, -1.20447492599, 120.348175049, 52.445148468, 68.4971389771, 130.682266235, 161.350402832, 96.358833313, 55.7812156677, 38.1442260742, 23.3293247223, 23.1596355438], [220.108840942, -67.3998260498, -67.7156982422, 9.09712696075, -7.03873586655, 27.9051647186, 67.6514129639, 96.358833313, 123.12853241, 60.7084617615, 42.6089553833, 17.0425567627, 16.9179859161], [233.426864624, -49.6961212158, 28.2293987274, 26.5560665131, -7.79036808014, 21.8796863556, 49.3210754395, 55.7812156677, 60.7084617615, 90.3037338257, 54.9303703308, 23.8206729889, -2.35555171967], [275.37286377, -64.7218017578, 46.8319625854, 25.672914505, -9.8525094986, 5.05582094193, 32.7456283569, 38.1442260742, 42.6089553833, 54.9303703308, 86.5285186768, 39.5111541748, -2.1400578022], [42.0313262939, 16.3070640564, 65.5318374634, 30.5150279999, 35.9193649292, 21.2129096985, 22.1030673981, 23.3293247223, 17.0425567627, 23.8206729889, 39.5111541748, 66.9831619263, 24.3517913818], [-89.0224151611, 37.7218666077, 7.08373260498, 15.4179296494, 40.6762619019, 27.3630905151, 18.9333667755, 23.1596355438, 16.9179859161, -2.35555171967, -2.1400578022, 24.3517913818, 58.0059280396]],
        "icov": [[0.000159492861712, 4.91397804581e-05, 9.13459007279e-06, 7.52955093049e-05, 8.82744861883e-05, -9.02928441064e-05, 0.000176967107109, -7.38041198929e-05, -8.9276516519e-05, -0.00013304836466, -0.000414612411987, 6.32040319033e-05, 0.000122891695355], [4.91397804581e-05, 0.000971794361249, 0.000110973647679, -2.33064620261e-05, -0.000972401467152, -0.000655096198898, -1.67059261003e-05, -0.000450400868431, 0.000793090963271, 9.12009418244e-05, 0.000190773032955, 4.33797467849e-05, 0.000373507093173], [9.13459007279e-06, 0.000110973647679, 0.00208414532244, -0.00113734300248, -0.00125418358948, -0.000608310336247, -0.000127485836856, 0.00156670552678, 0.00109959580004, -0.00105614238419, -0.00105941097718, -0.000628875277471, 0.000433497916674], [7.52955093049e-05, -2.33064620261e-05, -0.00113734300248, 0.00342457089573, -0.000533070531674, -0.00080677511869, -0.00251339259557, -0.000822098285425, 0.000719764502719, 0.000864594127052, -0.000584175635595, 0.000748795690015, 0.000751640298404], [8.82744861883e-05, -0.000972401467152, -0.00125418358948, -0.000533070531674, 0.00719742896035, -0.00126629089937, -0.00130509957671, 0.000306651811115, -0.000796875159722, 0.00134900771081, 0.00143677601591, -0.0019007603405, -0.00194538128562], [-9.02928441064e-05, -0.000655096198898, -0.000608310336247, -0.00080677511869, -0.00126629089937, 0.0112239513546, -0.00551166525111, 0.00229089008644, -0.00174000870902, -0.00114906800445, 0.0023582233116, -0.000405481347116, -0.00222809752449], [0.000176967107109, -1.67059261003e-05, -0.000127485836856, -0.00251339259557, -0.00130509957671, -0.00551166525111, 0.0210075434297, -0.0115404715762, -0.000413255882449, -0.00182544381823, -0.00206117308699, 0.00220076972619, 0.00127846910618], [-7.38041198929e-05, -0.000450400868431, 0.00156670552678, -0.000822098285425, 0.000306651811115, 0.00229089008644, -0.0115404715762, 0.0219953935593, -0.00923109985888, -0.0016339845024, 0.000326517649228, -0.00206236215308, -0.00260015251115], [-8.9276516519e-05, 0.000793090963271, 0.00109959580004, 0.000719764502719, -0.000796875159722, -0.00174000870902, -0.000413255882449, -0.00923109985888, 0.0219105873257, -0.00715328752995, -0.00354521884583, 0.00329369376414, -0.00397268217057], [-0.00013304836466, 9.12009418244e-05, -0.00105614238419, 0.000864594127052, 0.00134900771081, -0.00114906800445, -0.00182544381823, -0.0016339845024, -0.00715328752995, 0.0246774014086, -0.00885327067226, -0.00165155204013, 0.00393511867151], [-0.000414612411987, 0.000190773032955, -0.00105941097718, -0.000584175635595, 0.00143677601591, 0.0023582233116, -0.00206117308699, 0.000326517649228, -0.00354521884583, -0.00885327067226, 0.028411725536, -0.014188609086, 0.00562600465491], [6.32040319033e-05, 4.33797467849e-05, -0.000628875277471, 0.000748795690015, -0.0019007603405, -0.000405481347116, 0.00220076972619, -0.00206236215308, 0.00329369376414, -0.00165155204013, -0.014188609086, 0.0287977885455, -0.0120651181787], [0.000122891695355, 0.000373507093173, 0.000433497916674, 0.000751640298404, -0.00194538128562, -0.00222809752449, 0.00127846910618, -0.00260015251115, -0.00397268217057, 0.00393511867151, 0.00562600465491, -0.0120651181787, 0.0265598539263]]
    },
    "spectral_contrast_coeffs": {
        "max": [-0.433681279421, -0.532318592072, -0.57579267025, -0.676689565182, -0.698083043098, -0.522172808647],
        "mean": [-0.738496661186, -0.771209537983, -0.779333114624, -0.824397861958, -0.814031600952, -0.740980923176],
        "min": [-0.957650303841, -0.975093662739, -0.962580025196, -0.961688816547, -0.964986801147, -0.962480843067],
        "stdev": [0.0705103874207, 0.0820809602737, 0.0567239075899, 0.0313475131989, 0.032303981483, 0.0435493662953]
    },
    "spectral_contrast_valleys": {
        "max": [-5.58187389374, -5.44215011597, -5.28400373459, -5.48051357269, -5.69926977158, -8.43019199371],
        "mean": [-8.48834133148, -7.37819099426, -7.07276773453, -7.12842273712, -7.71314382553, -10.9248380661],
        "min": [-27.4092159271, -27.2100925446, -27.4882144928, -27.3943080902, -27.2405719757, -27.2488975525],
        "stdev": [1.74086999893, 1.4854528904, 1.65075719357, 1.64358043671, 1.58273625374, 1.56961154938]
    }
},
"rhythm": {
    "beats_count": 17,
    "beats_loudness": {
        "max": 0.0599605366588,
        "mean": 0.0198110714555,
        "min": 0.00518912961707,
        "stdev": 0.0150584736839
    },
    "bpm": 83.1544723511,
    "bpm_histogram_first_peak_bpm": 82,
    "bpm_histogram_first_peak_weight": 0.5,
    "bpm_histogram_second_peak_bpm": 0,
    "bpm_histogram_second_peak_spread": 0,
    "bpm_histogram_second_peak_weight": 0,
    "danceability": 0.796961069107,
    "onset_rate": 1.72422373295,
    "beats_loudness_band_ratio": {
        "max": [0.75779491663, 0.297090381384, 0.420552283525, 0.560453355312, 0.490873426199, 0.497700095177],
        "mean": [0.192385032773, 0.0962518006563, 0.213288888335, 0.30466195941, 0.175324827433, 0.0606493540108],
        "min": [0.000232433652855, 0.00078920472879, 0.0106386719272, 0.0176386609674, 0.0159902572632, 0.00092084670905],
        "stdev": [0.238480836153, 0.0982426553965, 0.114087447524, 0.162739261985, 0.117273852229, 0.112390719354]
    },
    "beats_position": [0.708208620548, 1.43963718414, 2.15945577621, 2.89088439941, 3.64553284645, 4.40018129349, 5.13160991669, 5.86303853989, 6.59446716309, 7.32589578629, 8.04571437836, 8.75392246246, 9.45052146912, 10.1587295532, 10.8553285599, 11.5635375977, 12.2601356506],
