{
"metadata": {
    "version": {
        "essentia": "2.1-beta5",
        "essentia_git_sha": "Undefined",
        "extractor": "music 2.0"
    },
    "audio_properties": {
        "analysis": {
            "equal_loudness": 0,
            "length": 12.7477550507,
            "sample_rate": 44100,
            "start_time": 0,
            "downmix": "mix"
        },
        "bit_rate": 192000,
        "length": 173.151199341,
        "lossless": 0,
        "number_channels": 2,
        "replay_gain": -7.74296951294,
        "sample_rate": 44100,
        "codec": "mp3",
        "md5_encoded": "2983e69defc18219c74dc6591bdbb373"
    },
    "tags": {
        "file_name": "Sweden_Det Blir Alltid Värre Framåt Natten_Björn Skifs.mp3",
        "encoding": ["Lavf58.29.100"]
    }
},
"lowlevel": {
    "average_loudness": 0.932830810547,
    "barkbands_crest": {
        "max": 18.9430103302,
        "mean": 9.64165496826,
        "min": 3.1799890995,
        "stdev": 3.48040485382
    },
    "barkbands_flatness_db": {
        "max": 0.353550851345,
        "mean": 0.171743795276,
        "min": 0.0624861754477,
        "stdev": 0.0474932529032
    },
    "barkbands_kurtosis": {
        "max": 91.0919952393,
        "mean": 5.29234218597,
        "min": -1.78134691715,
        "stdev": 14.0099868774
    },
    "barkbands_skewness": {
        "max": 7.16519546509,
        "mean": 1.57478046417,
        "min": -1.93544375896,
        "stdev": 1.50430285931
    },
    "barkbands_spread": {
        "max": 71.424407959,
        "mean": 28.6030426025,
        "min": 1.31880438328,
        "stdev": 13.9489774704
    },
    "dissonance": {
        "max": 0.499488294125,
        "mean": 0.472538620234,
        "min": 0.388541668653,
        "stdev": 0.016305193305
    },
    "dynamic_complexity": 4.08813619614,
    "erbbands_crest": {
        "max": 23.3936958313,
        "mean": 9.54646396637,
        "min": 3.07773351669,
        "stdev": 3.82777190208
    },
    "erbbands_flatness_db": {
        "max": 0.25158944726,
        "mean": 0.182761341333,
        "min": 0.0946112498641,
        "stdev": 0.0279921833426
    },
    "erbbands_kurtosis": {
        "max": 7.63759231567,
        "mean": 0.0378630533814,
        "min": -1.57629597187,
        "stdev": 1.33457756042
    },
    "erbbands_skewness": {
        "max": 2.6815059185,
        "mean": -0.356978535652,
        "min": -2.13188862801,
        "stdev": 0.751489162445
    },
    "erbbands_spread": {
        "max": 116.76725769,
        "mean": 44.2903518677,
        "min": 16.606212616,
        "stdev": 14.1718950272
    },
    "hfc": {
        "max": 118.143936157,
        "mean": 15.6831092834,
        "min": 1.17347031305e-16,
        "stdev": 15.7625265121
    },
    "loudness_ebu128": {
        "integrated": -17.4777050018,
        "loudness_range": 5.49505901337,
        "momentary": {
            "max": -13.4078388214,
            "mean": -19.1355171204,
            "min": -45.4064025879,
            "stdev": 5.18855237961
        },
        "short_term": {
            "max": -14.7778453827,
            "mean": -18.2803039551,
            "min": -22.429391861,
            "stdev": 1.97483122349
        }
    },
    "melbands_crest": {
        "max": 29.3898353577,
        "mean": 14.5957355499,
        "min": 1.64371311665,
        "stdev": 5.41907548904
    },
    "melbands_flatness_db": {
        "max": 0.445140779018,
        "mean": 0.202233374119,
        "min": 0.0050853099674,
        "stdev": 0.0720864981413
    },
    "melbands_kurtosis": {
        "max": 224.298049927,
        "mean": 18.5236110687,
        "min": -1.48907089233,
        "stdev": 29.7667255402
    },
    "melbands_skewness": {
        "max": 11.4257564545,
        "mean": 3.13531541824,
        "min": -0.11433442682,
        "stdev": 1.81574547291
    },
    "melbands_spread": {
        "max": 137.243652344,
        "mean": 30.8200817108,
        "min": 0.894517540932,
        "stdev": 23.3806362152
    },
    "pitch_salience": {
        "max": 0.888551473618,
        "mean": 0.497094064951,
        "min": 0.21592028439,
        "stdev": 0.0894495099783
    },
    "silence_rate_20dB": {
        "max": 1,
        "mean": 1,
        "min": 1,
        "stdev": 0
    },
    "silence_rate_30dB": {
        "max": 1,
        "mean": 1,
        "min": 1,
        "stdev": 0
    },
    "silence_rate_60dB": {
        "max": 1,
        "mean": 0.127272725105,
        "min": 0,
        "stdev": 0.333276867867
    },
    "spectral_centroid": {
        "max": 11830.5517578,
        "mean": 1800.15539551,
        "min": 178.157272339,
        "stdev": 1221.75793457
    },
    "spectral_complexity": {
        "max": 46,
        "mean": 14.3436365128,
        "min": 0,
        "stdev": 6.97815752029
    },
    "spectral_decrease": {
        "max": 1.67025600352e-28,
        "mean": -5.04142594338e-09,
        "min": -2.02645455971e-08,
        "stdev": 3.87679666147e-09
    },
    "spectral_energy": {
        "max": 0.0796153247356,
        "mean": 0.0204500127584,
        "min": 1.04841523726e-20,
        "stdev": 0.0155732836574
    },
    "spectral_energyband_high": {
        "max": 0.0048950035125,
        "mean": 0.000753044732846,
        "min": 7.53357893278e-21,
        "stdev": 0.000750064151362
    },
    "spectral_energyband_low": {
        "max": 0.0517591796815,
        "mean": 0.00966345798224,
        "min": 3.70825872615e-23,
        "stdev": 0.00957644544542
    },
    "spectral_energyband_middle_high": {
        "max": 0.0384239070117,
        "mean": 0.00419594440609,
        "min": 1.44975812079e-21,
        "stdev": 0.00510890688747
    },
    "spectral_energyband_middle_low": {
        "max": 0.0428480170667,
        "mean": 0.00645898608491,
        "min": 2.73005801392e-22,
        "stdev": 0.00628548488021
    },
    "spectral_entropy": {
        "max": 9.82147789001,
        "mean": 7.29789876938,
        "min": 6.3875451088,
        "stdev": 0.392177224159
    },
    "spectral_flux": {
        "max": 0.182676121593,
        "mean": 0.052340682596,
        "min": 6.34045524417e-11,
        "stdev": 0.0284932218492
    },
    "spectral_kurtosis": {
        "max": 15.3933410645,
        "mean": 2.49153709412,
        "min": -1.23603582382,
        "stdev": 1.78646492958
    },
    "spectral_rms": {
        "max": 0.00881325639784,
        "mean": 0.00407036952674,
        "min": 3.19819344619e-12,
        "stdev": 0.00183937861584
    },
    "spectral_rolloff": {
        "max": 19250.6835938,
        "mean": 1884.7043457,
        "min": 107.666015625,
        "stdev": 2178.37719727
    },
    "spectral_skewness": {
        "max": 3.31066989899,
        "mean": 1.07372844219,
        "min": -0.0667455047369,
        "stdev": 0.385030418634
    },
    "spectral_spread": {
        "max": 41320976,
        "mean": 4196732.5,
        "min": 2531661.75,
        "stdev": 3898260.5
    },
    "spectral_strongpeak": {
        "max": 14.2649860382,
        "mean": 0.783679425716,
        "min": 0,
        "stdev": 1.32990181446
    },
    "zerocrossingrate": {
        "max": 0.52001953125,
        "mean": 0.0669611170888,
        "min": 0.0048828125,
        "stdev": 0.0542846210301
    },
    "barkbands": {
        "max": [0.00187597225886, 0.0354441031814, 0.0189478211105, 0.0153921237215, 0.0258141830564, 0.0215005967766, 0.003944367636, 0.00539719313383, 0.00652564130723, 0.00222784117796, 0.00664592161775, 0.0109516726807, 0.00362080149353, 0.00101185555104, 0.0084112836048, 0.00865109451115, 0.0151583384722, 0.00638860510662, 0.0159126762301, 0.00327061186545, 0.00261738547124, 0.00168383540586, 0.000959059398156, 0.000243762988248, 7.91771963122e-05, 3.76402044822e-06, 3.19011678585e-06],
        "mean": [0.000316273799399, 0.00586452800781, 0.00289397500455, 0.00166327075567, 0.0024729447905, 0.00109120155685, 0.000383224571124, 0.000435262947576, 0.000364963896573, 0.000207553355722, 0.000217402848648, 0.000474329601275, 0.000369907735148, 6.29304922768e-05, 0.000152176071424, 0.00088325102115, 0.000546965864487, 0.000770878337789, 0.000504277413711, 0.00033037274261, 0.000123271151097, 0.000224185554544, 6.93157926435e-05, 2.52830395766e-05, 2.24149744099e-06, 2.62191512945e-08, 6.31346086521e-09],
        "min": [7.92258726355e-25, 3.10070002672e-24, 3.43167667748e-24, 6.50761258545e-24, 1.91018471459e-23, 1.60682636022e-23, 1.67320553441e-23, 1.77346928215e-23, 2.7304306087e-23, 2.13227114752e-23, 3.98259299455e-23, 5.14839341284e-23, 8.20802703689e-23, 4.7630260254e-23, 9.53615893672e-23, 3.32794856819e-23, 7.96494175775e-23, 1.39743162641e-22, 1.64938445943e-22, 2.21760664926e-22, 3.02278321748e-22, 4.19694903236e-22, 5.09465052818e-22, 6.2237662007e-22, 1.13295632704e-21, 1.54607356921e-21, 2.09172954087e-21],
        "stdev": [0.000291323609417, 0.00645528174937, 0.00334496842697, 0.00204147119075, 0.00351545051672, 0.00218558404595, 0.000535158556886, 0.000760867027566, 0.000625466753263, 0.00027469987981, 0.000486655568238, 0.00134209811222, 0.000472034793347, 7.35421199352e-05, 0.000544233480468, 0.00124309526291, 0.00169628683943, 0.00102684961166, 0.00156337453518, 0.000424491881859, 0.000315131183015, 0.000264022557531, 8.21727808216e-05, 2.70523232757e-05, 4.26855785918e-06, 2.34440690861e-07, 1.35884192787e-07]
    },
    "erbbands": {
        "max": [0.436382800341, 9.84741783142, 24.363735199, 33.6885032654, 113.610275269, 79.9260482788, 46.3986282349, 271.729064941, 54.4847564697, 56.7470092773, 147.754364014, 178.483474731, 42.5694847107, 141.198730469, 280.925018311, 523.79473877, 164.027633667, 51.2339744568, 410.878295898, 238.517852783, 482.116363525, 670.908447266, 458.337921143, 386.867095947, 795.141479492, 131.019058228, 87.2244949341, 82.0910186768, 89.7275009155, 39.7732810974, 31.4281845093, 7.31753206253, 3.86500644684, 1.50686430931, 0.0526688732207, 0.0280699469149, 0.00556988688186, 0.00199061539024, 0.0004677932302, 9.12678951863e-05],
        "mean": [0.0747164860368, 1.57027482986, 3.92149424553, 4.31390380859, 8.10987281799, 8.59272766113, 5.03904104233, 11.9597654343, 6.1329126358, 6.10078477859, 9.90845298767, 9.89841079712, 5.40724849701, 9.20890045166, 9.96163272858, 22.4891281128, 16.511346817, 7.68718385696, 6.78828191757, 17.3117351532, 53.2744903564, 27.5276832581, 55.0814208984, 10.5285253525, 31.902425766, 14.7090301514, 10.5597543716, 4.89484453201, 11.5242872238, 2.25803279877, 2.46534824371, 0.592475831509, 0.354124367237, 0.0607869848609, 0.00196861173026, 0.000293152610539, 4.29585343227e-05, 1.1359268683e-05, 1.339661776e-05, 2.4912525987e-05],
        "min": [1.47407242947e-22, 1.01637293413e-21, 3.14730954356e-21, 1.73792666181e-20, 2.52825072352e-20, 4.06491287163e-20, 1.25443077267e-19, 1.61679559307e-19, 3.32431894066e-19, 2.27267046118e-19, 4.96991360224e-19, 6.10308124807e-19, 1.10754645014e-18, 2.12584218014e-18, 2.37312120682e-18, 2.53153270477e-18, 3.77603400137e-18, 3.02496082941e-18, 4.42046394683e-18, 4.3036635628e-18, 3.51423051032e-18, 4.51017085708e-18, 6.20695279913e-18, 9.42043077848e-18, 1.0678521205e-17, 1.01063827092e-17, 1.4704746736e-17, 1.03018901557e-17, 1.51932862232e-17, 1.55535879e-17, 1.50344857435e-17, 1.26615543747e-17, 1.02934247893e-17, 1.03930694474e-17, 7.86163786545e-18, 5.69620020374e-18, 2.72112601669e-18, 9.79718817965e-19, 2.63859991303e-19, 3.46320844625e-20],
        "stdev": [0.078050121665, 1.78211116791, 4.3569355011, 5.33671808243, 12.9226331711, 11.8208761215, 5.93060827255, 26.5418338776, 7.91519641876, 7.4450173378, 19.854352951, 16.9003982544, 5.80007791519, 12.5893421173, 23.2531452179, 63.9044342041, 18.9454421997, 7.94084310532, 24.8397140503, 24.4088573456, 71.0129318237, 70.8728256226, 73.1294631958, 29.9688777924, 96.8786010742, 17.7564983368, 13.3433551788, 9.32000350952, 13.8299512863, 3.16249680519, 2.99292135239, 0.624495506287, 0.453056424856, 0.0913250073791, 0.00308935297653, 0.00161261914764, 0.000243258968112, 8.4762024926e-05, 2.1584895876e-05, 1.88441026694e-05]
    },
    "gfcc": {
        "mean": [-64.2934570312, 128.931167603, -148.700561523, 78.4055252075, -63.4682884216, 17.7047863007, -26.5427761078, -8.78615570068, 0.440265208483, -24.4577770233, 3.55519962311, -15.7485990524, 4.19874715805],
        "cov": [[21873.8515625, 2157.72851562, -3092.10620117, 1293.00622559, -759.997375488, -321.299560547, -104.548469543, -333.850616455, 220.97996521, -495.283874512, 62.2688560486, -233.262741089, 26.0768699646], [2157.72851562, 656.281799316, -59.2525558472, 59.3979148865, 47.4500961304, 28.8723163605, 24.6135368347, -63.8061332703, 49.0922698975, -100.429008484, 39.8852844238, -113.714302063, 5.21661376953], [-3092.10620117, -59.2525558472, 918.984436035, -119.591812134, 246.999572754, 212.994155884, 51.8782615662, 80.6764144897, -27.5721473694, 53.116558075, -10.8139696121, -37.7719116211, -41.7451324463], [1293.00622559, 59.3979148865, -119.591812134, 206.419570923, -14.8161287308, 3.80363702774, 12.4032325745, -7.27568101883, 22.2352390289, -29.2829761505, -7.84244441986, -13.1563549042, -7.65092802048], [-759.997375488, 47.4500961304, 246.999572754, -14.8161287308, 207.433822632, 59.9785690308, 68.8723373413, 13.8662309647, 22.2985401154, -1.9775261879, -11.3174610138, -31.55727005, -6.80468273163], [-321.299560547, 28.8723163605, 212.994155884, 3.80363702774, 59.9785690308, 207.030914307, 25.465675354, 47.6109619141, -8.16229724884, 15.5670127869, -14.8223581314, -33.6771507263, -15.3392391205], [-104.548469543, 24.6135368347, 51.8782615662, 12.4032325745, 68.8723373413, 25.465675354, 121.031829834, 14.1131372452, 9.35394477844, -7.76507711411, -4.60842895508, -21.8553104401, -14.8472900391], [-333.850616455, -63.8061332703, 80.6764144897, -7.27568101883, 13.8662309647, 47.6109619141, 14.1131372452, 83.8416061401, 19.8677597046, 19.3541412354, -17.7276611328, -10.0045442581, -12.9239778519], [220.97996521, 49.0922698975, -27.5721473694, 22.2352390289, 22.2985401154, -8.16229724884, 9.35394477844, 19.8677597046, 106.232208252, 14.9178295135, -13.8612060547, -16.1654109955, -5.16897726059], [-495.283874512, -100.429008484, 53.116558075, -29.2829761505, -1.9775261879, 15.5670127869, -7.76507711411, 19.3541412354, 14.9178295135, 77.6218490601, 5.23968601227, 9.74121761322, 1.51880049706], [62.2688560486, 39.8852844238, -10.8139696121, -7.84244441986, -11.3174610138, -14.8223581314, -4.60842895508, -17.7276611328, -13.8612060547, 5.23968601227, 68.8352508545, 22.8945217133, 2.00586748123], [-233.262741089, -113.714302063, -37.7719116211, -13.1563549042, -31.55727005, -33.6771507263, -21.8553104401, -10.0045442581, -16.1654109955, 9.74121761322, 22.8945217133, 81.8805007935, 14.8974113464], [26.0768699646, 5.21661376953, -41.7451324463, -7.65092802048, -6.80468273163, -15.3392391205, -14.8472900391, -12.9239778519, -5.16897726059, 1.51880049706, 2.00586748123, 14.8974113464, 48.647644043]],
        "icov": [[0.000518797838595, -0.0018888625782, 0.00146562571172, -0.00203569815494, 0.000343274674378, -0.000322309846524, 0.000235325249378, -0.000618486432359, 0.000725614430849, -0.000748805585317, 0.000988349784166, -0.00105306727346, 0.00109807110857], [-0.0018888625782, 0.0113341575488, -0.0053623621352, 0.00754463858902, -0.00103687308729, -0.000218842178583, -0.000597281265073, 0.00520282797515, -0.00604259362444, 0.00835264101624, -0.00893815979362, 0.0105619383976, -0.00640062615275], [0.00146562571172, -0.0053623621352, 0.00666434271261, -0.00479561602697, -0.00189834495541, -0.00233766250312, 0.00154659990221, -0.00281828292646, 0.00331905204803, -0.00319122266956, 0.00267231790349, -0.00317642348818, 0.00478942599148], [-0.00203569815494, 0.00754463858902, -0.00479561602697, 0.0139094050974, -0.00138228887226, 7.16633121556e-06, -0.00132438878063, 0.00297274370678, -0.0042440155521, 0.00497556431219, -0.00385669665411, 0.00442140316591, -0.00325220590457], [0.000343274674378, -0.00103687308729, -0.00189834495541, -0.00138228887226, 0.010292654857, -0.000391472975025, -0.00429631583393, 0.00174932845403, -0.00267360475846, 0.00150773127098, 0.000756979512516, 0.000766410783399, -0.00204650638625], [-0.000322309846524, -0.000218842178583, -0.00233766250312, 7.16633121556e-06, -0.000391472975025, 0.00814729556441, -0.00048880954273, -0.00339157087728, 0.00210513873026, -0.00215749582276, 0.00118129246403, 0.000758726615459, -0.000334645766998], [0.000235325249378, -0.000597281265073, 0.00154659990221, -0.00132438878063, -0.00429631583393, -0.00048880954273, 0.0113230999559, -0.00187986937817, 0.00084296381101, 0.000453818414826, -0.000599461898673, 0.00100221787579, 0.00305129610933], [-0.000618486432359, 0.00520282797515, -0.00281828292646, 0.00297274370678, 0.00174932845403, -0.00339157087728, -0.00187986937817, 0.019600847736, -0.00635970383883, 0.00220080907457, -0.0010724948952, 0.00468784337863, -0.000504238880239], [0.000725614430849, -0.00604259362444, 0.00331905204803, -0.0042440155521, -0.00267360475846, 0.00210513873026, 0.00084296381101, -0.00635970383883, 0.0159023404121, -0.00888627860695, 0.00661066453904, -0.00464707287028, 0.00441479822621], [-0.000748805585317, 0.00835264101624, -0.00319122266956, 0.00497556431219, 0.00150773127098, -0.00215749582276, 0.000453818414826, 0.00220080907457, -0.00888627860695, 0.0244193896651, -0.00987291242927, 0.0080642644316, -0.00596542609856], [0.000988349784166, -0.00893815979362, 0.00267231790349, -0.00385669665411, 0.000756979512516, 0.00118129246403, -0.000599461898673, -0.0010724948952, 0.00661066453904, -0.00987291242927, 0.0255156382918, -0.0143302697688, 0.0064726867713], [-0.00105306727346, 0.0105619383976, -0.00317642348818, 0.00442140316591, 0.000766410783399, 0.000758726615459, 0.00100221787579, 0.00468784337863, -0.00464707287028, 0.0080642644316, -0.0143302697688, 0.0284444876015, -0.00956599600613], [0.00109807110857, -0.00640062615275, 0.00478942599148, -0.00325220590457, -0.00204650638625, -0.000334645766998, 0.00305129610933, -0.000504238880239, 0.00441479822621, -0.00596542609856, 0.0064726867713, -0.00956599600613, 0.0279754828662]]
    },
    "melbands": {
        "max": [0.0066089918837, 0.0129787614569, 0.00815026834607, 0.00610367581248, 0.00158636295237, 0.00524813076481, 0.000860948348418, 0.000653964176308, 0.00111042778008, 0.00103066116571, 0.000206041862839, 0.000532100966666, 0.000980581738986, 0.000992948189378, 0.000951594382059, 0.000328985450324, 0.000114585949632, 0.000628867943306, 0.00038313533878, 0.000544037262443, 0.000602924323175, 0.00103481451515, 0.000254141894402, 0.000313973636366, 0.000360932899639, 0.000464434968308, 0.000383130623959, 0.000130547065055, 7.9018966062e-05, 0.000130162123241, 2.26822921832e-05, 6.86529383529e-05, 3.1582727388e-05, 1.31891747515e-05, 2.89559557132e-05, 9.66638526734e-06, 6.99869406162e-06, 2.77519484371e-06, 2.47556431532e-06, 9.94921720121e-07],
        "mean": [0.00115706061479, 0.00215142592788, 0.000891168776434, 0.000614845426753, 0.000211289850995, 0.000238470733166, 9.37458025874e-05, 6.83071266394e-05, 7.82579008956e-05, 6.0410147853e-05, 2.59555999946e-05, 3.65717824025e-05, 2.76371647487e-05, 4.87811557832e-05, 4.08986852563e-05, 4.27752966061e-05, 9.78133721219e-06, 9.27109977056e-06, 1.14293306979e-05, 5.89917945035e-05, 5.82499342272e-05, 3.44188665622e-05, 3.23120002577e-05, 3.74436349375e-05, 4.27596705777e-06, 2.23287916015e-05, 1.23029130918e-05, 1.19226342576e-05, 8.81348660187e-06, 5.31680279892e-06, 1.29245279368e-06, 7.99768076831e-06, 2.43027307079e-06, 7.8396550407e-07, 1.93258483705e-06, 3.08426280071e-07, 3.97102724037e-07, 3.06849983644e-07, 1.19576043289e-07, 2.35443682328e-08],
        "min": [2.22151849216e-24, 2.05525816777e-24, 2.78722957995e-24, 4.41609304566e-24, 3.97257296221e-24, 3.93842317363e-24, 4.96045597964e-24, 4.0028758706e-24, 5.31211715499e-24, 3.42245213249e-24, 4.89246050835e-24, 7.58592943376e-24, 6.36983566177e-24, 6.28691020898e-24, 7.03018481464e-24, 7.29550792492e-24, 4.45029568793e-24, 6.35790769045e-24, 5.31382346112e-24, 3.36512994924e-24, 3.48811375879e-24, 4.27094894999e-24, 3.01296153634e-24, 6.74776866627e-24, 7.42718537608e-24, 6.21786949699e-24, 1.02437114751e-23, 5.26632496273e-24, 9.69616785397e-24, 6.12982236478e-24, 6.26769395176e-24, 7.49082988506e-24, 8.00996978045e-24, 7.4299495447e-24, 8.11729272889e-24, 8.07531034037e-24, 6.35793253957e-24, 6.43005769771e-24, 7.6560457576e-24, 8.24165112857e-24],
        "stdev": [0.0012007416226, 0.00232246005908, 0.00111483898945, 0.000873221084476, 0.000208906931221, 0.000514266488608, 0.000120121352666, 8.28905467642e-05, 0.000154101115186, 0.000100730052509, 2.82785131276e-05, 5.11048165208e-05, 6.77701536915e-05, 0.000124015263282, 0.00010403815395, 5.56360500923e-05, 1.01658233689e-05, 3.76867283194e-05, 2.9514048947e-05, 8.15679595689e-05, 8.63363529788e-05, 0.000109445871203, 4.09012063756e-05, 5.10331483383e-05, 2.65466460405e-05, 6.64734252496e-05, 4.06715844292e-05, 1.54843419296e-05, 1.10962264444e-05, 1.52831416926e-05, 2.88487922262e-06, 1.01824070953e-05, 3.98211841457e-06, 1.3351028656e-06, 2.45836940849e-06, 5.32937008302e-07, 5.16882550983e-07, 3.79981770493e-07, 2.02245914238e-07, 5.13167357497e-08]
    },
    "melbands128": {
        "max": [0.00133098463994, 0.0032819409389, 0.00702099595219, 0.0207907818258, 0.0169045161456, 0.0104471417144, 0.00787750445306, 0.0102269994095, 0.0151004707441, 0.00807644426823, 0.00496948231012, 0.00217004097067, 0.00206200708635, 0.00204658554867, 0.00847126543522, 0.00607877178118, 0.000582646694966, 0.00159446592443, 0.00106951792259, 0.000616670236923, 0.000974913768005, 0.00132975855377, 0.00191919284407, 0.00137200113386, 0.00192527705804, 0.000801886781119, 0.000169639184605, 0.000353324547177, 0.000157135611516, 0.000735730456654, 0.000688103144057, 0.00125754426699, 0.00100028980523, 0.00151555042248, 0.000653991533909, 0.00153883500025, 0.00324218254536, 0.00080409180373, 0.000595078163315, 0.000369469606085, 0.00069711211836, 0.000139811891131, 0.000103640108136, 0.000242516194703, 6.61970334477e-05, 0.00122776231728, 0.000766047742218, 0.000272940756986, 0.000352299772203, 0.0004420002806, 0.000326210458297, 0.00200308859348, 0.000491609447636, 0.00101297372021, 0.00276416353881, 0.000956196337938, 0.000126062543131, 0.000154713066877, 0.000228488235734, 0.00123814016115, 0.000183075462701, 5.95784185862e-05, 0.000428655475844, 0.000752705440391, 0.000104657796328, 0.000772709609009, 0.00132132228464, 0.000905430119019, 0.000135100111947, 5.37490486749e-05, 1.77691090357e-05, 0.000390085071558, 0.000186771314475, 1.33285366246e-05, 4.81168099213e-05, 0.00018986510986, 0.000206227996387, 2.15686031879e-05, 3.00842657452e-05, 5.09373530804e-05, 0.000115781105706, 0.000141046548379, 5.98570695729e-05, 4.78829606436e-05, 8.68029455887e-05, 1.22614910651e-05, 9.00421673578e-06, 5.32262056367e-05, 4.48543141829e-05, 2.07122920983e-05, 2.31186895689e-05, 1.9814699499e-06, 1.52956738475e-06, 1.06966645035e-05, 1.44363157233e-05, 3.2707785067e-06, 3.87696945836e-06, 5.59271302336e-06, 5.13586473971e-06, 3.69866961591e-06, 2.2834799438e-06, 2.76094151985e-08, 2.66189008613e-08, 2.5526988523e-08, 2.44218405498e-08, 2.33799113403e-08, 2.24317435737e-08, 2.07053432177e-07, 9.39112894116e-08, 2.30491625786e-08, 1.89285440655e-08, 1.82323383058e-08, 1.75621153176e-08, 1.69303842057e-08, 1.64050923956e-08, 1.58624438029e-08, 1.53878385589e-08, 1.49074281808e-08, 1.45020200293e-08, 1.41544074239e-08, 1.37732358851e-08, 1.34813804564e-08, 1.32107782491e-08, 1.2978741637e-08, 1.28065744676e-08, 1.26485248941e-08, 1.25503554216e-08, 1.247497039e-08],
        "mean": [0.00022954402084, 0.000382082973374, 0.00115120888222, 0.00333053595386, 0.00250866427086, 0.00128970434889, 0.000777993467636, 0.000921945902519, 0.000836140941828, 0.000629941583611, 0.000503656221554, 0.000212861879845, 0.000135754584335, 0.000160999610671, 0.000376508221962, 0.000205971693504, 5.72479657421e-05, 0.000107603569631, 9.11448805709e-05, 5.30644392711e-05, 6.70592562528e-05, 7.4148621934e-05, 0.000106723346107, 3.69962144759e-05, 6.07854817645e-05, 8.92057578312e-05, 2.11385377042e-05, 2.23792521865e-05, 1.25930482682e-05, 4.66446799692e-05, 4.20871510869e-05, 2.5929441108e-05, 1.31695160235e-05, 5.11286962137e-05, 1.90180289792e-05, 4.24583558924e-05, 0.000112586618343, 2.12484101212e-05, 2.22928611038e-05, 2.61350251094e-05, 7.8756493167e-05, 1.42395865623e-05, 4.60379396827e-06, 8.49668685987e-06, 5.59461614102e-06, 1.03555212263e-05, 1.2272164895e-05, 1.38737350426e-05, 8.97272911971e-06, 7.20430944057e-06, 3.58902470907e-05, 0.000178871734533, 2.53364560194e-05, 1.93311316252e-05, 9.00114464457e-05, 2.78482311842e-05, 3.17441345032e-06, 4.45639989266e-06, 2.10056514334e-05, 0.000133764886414, 1.64729754033e-05, 2.02598084798e-06, 3.78689423997e-06, 6.02769569014e-06, 2.51627784564e-06, 1.39470830618e-05, 5.00170717714e-05, 2.03294493986e-05, 1.72207785454e-06, 1.1290646853e-06, 1.79847006621e-06, 3.00294359477e-05, 1.81320738193e-05, 6.96852964666e-07, 1.58043224019e-06, 8.76441299624e-06, 5.07110189574e-06, 1.20078436794e-06, 6.73349802582e-07, 1.16583566978e-06, 6.91373315931e-06, 1.48459794218e-05, 2.14366446016e-06, 2.06314052775e-06, 7.30429690066e-07, 5.21142794696e-07, 6.81431060912e-07, 1.51715721586e-06, 3.03892056763e-06, 1.32624279559e-06, 1.77013504299e-07, 1.34342329261e-07, 2.74888890317e-07, 2.14820786937e-07, 7.43513794532e-07, 4.25367204571e-07, 1.48531682953e-07, 2.23035485192e-07, 1.03607710855e-07, 8.64713811666e-08, 6.00463252454e-08, 2.50419351921e-10, 5.43745395931e-11, 5.0712791605e-11, 4.84957386748e-11, 4.65258075122e-11, 8.2634933618e-11, 7.30924654135e-10, 3.82930437359e-10, 1.72047362468e-10, 6.44303985164e-11, 3.85570950168e-11, 3.69243316478e-11, 3.5450194863e-11, 3.41301396867e-11, 3.25168260373e-11, 3.07025065094e-11, 2.94696350656e-11, 2.86705988811e-11, 2.79697098815e-11, 2.72296733772e-11, 2.66562692058e-11, 2.61221010101e-11, 2.56587858599e-11, 2.53167573711e-11, 2.50143690483e-11, 2.48212318754e-11, 2.4670787982e-11],
        "min": [9.84139601263e-26, 1.61951280158e-24, 9.27540680207e-25, 1.32025516313e-24, 1.08435646601e-24, 2.14450989059e-24, 3.44244738985e-24, 2.27957530212e-24, 1.2085854925e-24, 1.28251043679e-24, 1.29564881656e-24, 2.35915775961e-24, 5.69905066798e-24, 1.37250694291e-24, 2.40478271335e-24, 6.7239964415e-25, 2.98628620483e-24, 2.60170231403e-24, 4.73054000363e-25, 1.14570608e-24, 3.32661302668e-24, 1.81401010624e-24, 2.50040724899e-24, 3.05190562707e-24, 4.64617182285e-24, 9.53827694936e-25, 3.68796259723e-24, 2.95932905276e-24, 1.56955729729e-24, 2.17808243021e-24, 3.94415779798e-24, 1.03087307714e-24, 3.19239820442e-24, 7.14200269252e-24, 4.58140082051e-24, 3.53933962497e-24, 1.73667471905e-24, 5.87575984949e-24, 4.31441281929e-24, 4.08612238977e-24, 2.76562307419e-24, 4.61930124827e-24, 4.09416600999e-24, 3.18700614292e-24, 3.65616834731e-24, 3.88954732409e-24, 4.48727354286e-24, 3.26150103921e-24, 4.67974140424e-24, 1.64356733995e-24, 3.26015820073e-24, 2.32216294417e-24, 1.02121633498e-24, 1.95891083833e-24, 2.06941644608e-24, 2.47386898206e-24, 2.27318000676e-24, 4.20568214857e-24, 1.48067239479e-24, 3.07646799465e-24, 1.54777014238e-24, 7.47253304522e-24, 7.17403438957e-24, 4.69211626526e-24, 5.32332450187e-24, 3.52384126919e-24, 4.82972121726e-24, 5.01474459828e-24, 8.67894433846e-24, 4.19003312036e-24, 4.6817328836e-24, 4.09751196352e-24, 5.21069251954e-24, 1.06783493792e-23, 7.81318290562e-24, 3.89686440342e-24, 4.73235842662e-24, 4.18728867327e-24, 7.6737683067e-24, 3.90657488673e-24, 6.97094688269e-24, 6.25332800582e-24, 7.43969276574e-24, 7.30150800097e-24, 5.91054585439e-24, 5.06937203267e-24, 9.27152718413e-24, 6.04222882758e-24, 9.1100158024e-24, 7.55097342933e-24, 7.37017992049e-24, 7.53515519046e-24, 6.04841665252e-24, 5.98412961634e-24, 4.85818923518e-24, 3.73189386661e-24, 5.22720416715e-24, 6.29955131056e-24, 9.39813462626e-24, 5.74915437952e-24, 5.09662993796e-24, 7.30903846717e-24, 6.96223233627e-24, 6.51994445355e-24, 5.61856003438e-24, 7.04547215013e-24, 7.46150240318e-24, 7.24244440727e-24, 9.32095720846e-24, 5.70393371699e-24, 7.22092743722e-24, 7.37557099592e-24, 8.15336970466e-24, 7.77241299631e-24, 5.83409616078e-24, 6.59270819459e-24, 7.28389825898e-24, 6.44728208114e-24, 7.1080390751e-24, 8.63967642032e-24, 7.48726581149e-24, 8.65690119819e-24, 8.24488072511e-24, 8.2915087155e-24, 9.17418727046e-24, 8.35637438115e-24, 7.82643813541e-24, 7.66999281841e-24],
        "stdev": [0.000212006285437, 0.00049483490875, 0.00132115348242, 0.00386602245271, 0.00295898434706, 0.00159637199249, 0.00111479870975, 0.00118054333143, 0.00162573775742, 0.00112597085536, 0.000777892360929, 0.000256309431279, 0.000226663119975, 0.000279241474345, 0.000869345501997, 0.000530723773409, 8.43255620566e-05, 0.000205217307666, 0.000134887304739, 8.0011501268e-05, 0.000110595050501, 0.000171262785443, 0.000256753060967, 0.00010751177615, 0.000167379679624, 0.000123199046357, 2.66317638307e-05, 3.92130859836e-05, 1.85043209058e-05, 8.44270252855e-05, 5.87462818658e-05, 8.11864229036e-05, 5.30280412931e-05, 0.000134815112688, 5.84249646636e-05, 0.000124571932247, 0.000374053546693, 6.34938551229e-05, 5.32446283614e-05, 3.58467914339e-05, 0.000115449234727, 1.8574826754e-05, 6.61211834085e-06, 1.46944794324e-05, 9.09015761863e-06, 7.0668553235e-05, 4.95843814861e-05, 2.89054623863e-05, 3.09401584673e-05, 2.92288550554e-05, 4.53391658084e-05, 0.000275881931884, 4.81214228785e-05, 6.83581019985e-05, 0.000304648739984, 9.73307614913e-05, 8.60801355884e-06, 1.09611873995e-05, 2.61159602815e-05, 0.000192125837202, 2.45029350481e-05, 4.90053344038e-06, 2.46810741373e-05, 4.58932918264e-05, 8.41572364152e-06, 5.82838474656e-05, 0.000153015193064, 8.21040666779e-05, 7.40543464417e-06, 3.85235671274e-06, 2.60259389506e-06, 4.16953917011e-05, 2.55418690358e-05, 1.29737225052e-06, 4.17591490987e-06, 2.6387437174e-05, 1.77071506187e-05, 1.76334435764e-06, 2.68666258307e-06, 4.86361523144e-06, 1.0917421605e-05, 2.10231537494e-05, 5.49579863218e-06, 6.1546784309e-06, 4.62089110442e-06, 9.2790310191e-07, 1.35304821924e-06, 3.57132216777e-06, 4.37707558376e-06, 2.11274482353e-06, 1.05848891963e-06, 1.87707527743e-07, 2.38158236243e-07, 5.38309848253e-07, 1.19410083244e-06, 5.44999863905e-07, 3.68499087244e-07, 5.72439262214e-07, 2.74263101119e-07, 1.95991503915e-07, 1.24687304037e-07, 1.26892618635e-09, 1.13380904665e-09, 1.0873284495e-09, 1.0402552153e-09, 9.95870164111e-10, 1.01556774101e-09, 9.71322666743e-09, 4.31448521354e-09, 1.57507940024e-09, 8.64987581561e-10, 7.76515463041e-10, 7.47976347526e-10, 7.2107758653e-10, 6.98712143699e-10, 6.75620448476e-10, 6.55440313135e-10, 6.34989005821e-10, 6.17720263829e-10, 6.02914052017e-10, 5.86677262326e-10, 5.74245373475e-10, 5.62718927011e-10, 5.52835388579e-10, 5.45501865901e-10, 5.38769251435e-10, 5.34587651924e-10, 5.31376609381e-10]
    },
    "mfcc": {
        "mean": [-675.108764648, 117.716384888, -2.03771996498, 40.6879081726, 6.08426141739, 17.2664241791, -5.33218812943, 13.2014274597, 0.523917376995, 0.839118182659, -7.42983913422, 8.55558490753, -1.62658035755],
        "cov": [[9928.71875, 1020.59698486, -1036.96264648, 750.069580078, -365.283752441, 24.0973854065, -320.789001465, 110.110366821, -17.0215549469, -74.2204360962, -196.83152771, 182.71711731, 146.252441406], [1020.59698486, 647.762695312, 93.5770874023, 48.2066307068, 101.855041504, 76.422088623, 40.2071266174, 28.0529537201, 11.3996458054, 14.010720253, 15.6655464172, 9.35134601593, -42.525932312], [-1036.96264648, 93.5770874023, 410.56652832, -34.7563171387, 157.33493042, 73.6806411743, 104.116104126, 34.1611404419, 14.996134758, 39.5083656311, 66.3243789673, -16.8656768799, -34.9478759766], [750.069580078, 48.2066307068, -34.7563171387, 167.818817139, -3.28737187386, 12.910451889, -17.5710906982, 23.9680347443, 2.43889713287, -0.98957246542, -26.3377246857, 21.8038635254, 27.1303348541], [-365.283752441, 101.855041504, 157.33493042, -3.28737187386, 156.795639038, 60.4105415344, 42.8583602905, 20.7183666229, 36.6347427368, 25.3803100586, 37.5115089417, -7.18939447403, -28.9180545807], [24.0973854065, 76.422088623, 73.6806411743, 12.910451889, 60.4105415344, 111.012283325, 57.1593170166, 30.9278373718, 26.6108589172, 16.9235267639, 12.3900680542, 3.82786035538, -1.89021277428], [-320.789001465, 40.2071266174, 104.116104126, -17.5710906982, 42.8583602905, 57.1593170166, 140.713241577, 30.6069316864, 11.6726665497, 9.3624382019, 11.2819166183, -5.36018562317, -1.24137246609], [110.110366821, 28.0529537201, 34.1611404419, 23.9680347443, 20.7183666229, 30.9278373718, 30.6069316864, 87.5234909058, 22.5824928284, 12.1887588501, 9.60879993439, 3.3776242733, 2.7205426693], [-17.0215549469, 11.3996458054, 14.996134758, 2.43889713287, 36.6347427368, 26.6108589172, 11.6726665497, 22.5824928284, 102.905158997, 42.3886680603, 23.450044632, -1.16512072086, -6.25149774551], [-74.2204360962, 14.010720253, 39.5083656311, -0.98957246542, 25.3803100586, 16.9235267639, 9.3624382019, 12.1887588501, 42.3886680603, 80.5000686646, 28.5263557434, 7.5529665947, -10.0673437119], [-196.83152771, 15.6655464172, 66.3243789673, -26.3377246857, 37.5115089417, 12.3900680542, 11.2819166183, 9.60879993439, 23.450044632, 28.5263557434, 87.8372421265, 8.88414573669, -25.1513175964], [182.71711731, 9.35134601593, -16.8656768799, 21.8038635254, -7.18939447403, 3.82786035538, -5.36018562317, 3.3776242733, -1.16512072086, 7.5529665947, 8.88414573669, 53.9400939941, 14.837225914], [146.252441406, -42.525932312, -34.9478759766, 27.1303348541, -28.9180545807, -1.89021277428, -1.24137246609, 2.7205426693, -6.25149774551, -10.0673437119, -25.1513175964, 14.837225914, 85.5257644653]],
        "icov": [[0.000402704725275, -0.000721632968634, 0.000841875385959, -0.00126899022143, 0.000667730811983, -0.000446180725703, 0.000407475716202, -0.000366661668522, -1.24860889628e-05, 6.03266053076e-05, -0.000240006658714, -0.000222255170229, -9.32455004659e-05], [-0.000721632968634, 0.00317632197402, -0.00143209460657, 0.00171769957524, -0.00215060450137, 2.98555132758e-05, -0.000829539785627, 0.000578065868467, 0.000385106453905, -9.18618825381e-05, 0.000628155074082, -5.08060766151e-05, 0.00113725208212], [0.000841875385959, -0.00143209460657, 0.00684887869284, -0.00233752233908, -0.00288339937106, -0.000920792866964, -0.00137050822377, -0.00126643443946, 0.00212538079359, -0.00131179590244, -0.00240914267488, 0.000855061283801, -0.000442369782832], [-0.00126899022143, 0.00171769957524, -0.00233752233908, 0.0116953449324, -0.00269064982422, 0.000661910511553, 0.000288924464257, -0.00112575257663, 2.32340207731e-05, -0.000474009430036, 0.00323728565127, -0.00188043748494, -0.00127202086151], [0.000667730811983, -0.00215060450137, -0.00288339937106, -0.00269064982422, 0.0147948926315, -0.00447130668908, 0.00159877014812, 8.20499117253e-05, -0.00341703044251, 0.0010028219549, -0.00160091207363, 0.000313167460263, 0.00173149770126], [-0.000446180725703, 2.98555132758e-05, -0.000920792866964, 0.000661910511553, -0.00447130668908, 0.0152717689052, -0.00472730165347, -0.00153432961088, -0.00149344769306, -0.00049472914543, 0.00086796307005, -0.00100495491643, -0.000740331597626], [0.000407475716202, -0.000829539785627, -0.00137050822377, 0.000288924464257, 0.00159877014812, -0.00472730165347, 0.0112260486931, -0.00250827590935, -0.000106254687125, 0.000480368878925, 0.000610462913755, 0.000109380751383, -0.000872790988069], [-0.000366661668522, 0.000578065868467, -0.00126643443946, -0.00112575257663, 8.20499117253e-05, -0.00153432961088, -0.00250827590935, 0.0145822670311, -0.00226920330897, 9.15510895538e-07, -0.000892290903721, 0.000321149273077, -0.000236256542848], [-1.24860889628e-05, 0.000385106453905, 0.00212538079359, 2.32340207731e-05, -0.00341703044251, -0.00149344769306, -0.000106254687125, -0.00226920330897, 0.0146561814472, -0.00670347595587, -0.00192037597299, 0.00217798654921, -0.000704153790139], [6.03266053076e-05, -9.18618825381e-05, -0.00131179590244, -0.000474009430036, 0.0010028219549, -0.00049472914543, 0.000480368878925, 9.15510895538e-07, -0.00670347595587, 0.0177769865841, -0.00284385168925, -0.0026379621122, 0.00102446507663], [-0.000240006658714, 0.000628155074082, -0.00240914267488, 0.00323728565127, -0.00160091207363, 0.00086796307005, 0.000610462913755, -0.000892290903721, -0.00192037597299, -0.00284385168925, 0.0170865654945, -0.00497473077849, 0.00363922654651], [-0.000222255170229, -5.08060766151e-05, 0.000855061283801, -0.00188043748494, 0.000313167460263, -0.00100495491643, 0.000109380751383, 0.000321149273077, 0.00217798654921, -0.0026379621122, -0.00497473077849, 0.0228225272149, -0.00419783033431], [-9.32455004659e-05, 0.00113725208212, -0.000442369782832, -0.00127202086151, 0.00173149770126, -0.000740331597626, -0.000872790988069, -0.000236256542848, -0.000704153790139, 0.00102446507663, 0.00363922654651, -0.00419783033431, 0.0150715885684]]
    },
    "spectral_contrast_coeffs": {
        "max": [-0.542602062225, -0.586026847363, -0.565357387066, -0.547507166862, -0.607078850269, -0.497267127037],
        "mean": [-0.715581357479, -0.763632953167, -0.755202353001, -0.742167174816, -0.73277848959, -0.656771123409],
        "min": [-0.971848964691, -0.969797194004, -0.977365493774, -0.966758430004, -0.962568998337, -0.962992310524],
        "stdev": [0.0682146474719, 0.0648206323385, 0.0623737759888, 0.0703825354576, 0.0673583820462, 0.0850841403008]
    },
    "spectral_contrast_valleys": {
        "max": [-5.41886568069, -5.88169765472, -6.08085775375, -6.83670663834, -6.13618755341, -9.59138202667],
        "mean": [-6.96367311478, -7.42357206345, -8.22254657745, -8.42696285248, -8.41377353668, -12.0527553558],
        "min": [-27.4390087128, -27.3668689728, -27.4018726349, -27.4823856354, -27.450799942, -27.3501625061],
        "stdev": [2.25724959373, 2.21919989586, 2.13521790504, 2.10366225243, 2.09455060959, 1.68429148197]
    }
},
"rhythm": {
    "beats_count": 33,
    "beats_loudness": {
        "max": 0.0731795951724,
        "mean": 0.0275937095284,
        "min": 5.48590032849e-05,
        "stdev": 0.0157643817365
    },
    "bpm": 156.605117798,
    "bpm_histogram_first_peak_bpm": 157,
    "bpm_histogram_first_peak_weight": 0.4375,
    "bpm_histogram_second_peak_bpm": 0,
    "bpm_histogram_second_peak_spread": 0,
    "bpm_histogram_second_peak_weight": 0,
    "danceability": 1.05524075031,
    "onset_rate": 1.80259752274,
    "beats_loudness_band_ratio": {
        "max": [0.988882422447, 0.452340811491, 0.226366460323, 0.111879177392, 0.295784652233, 0.220542684197],
        "mean": [0.659207880497, 0.139202401042, 0.0529671497643, 0.0446839146316, 0.0893770456314, 0.0427987575531],
        "min": [0.193662792444, 0.0092588942498, 0.00469865743071, 0.00175104907248, 0.000681537319906, 0.000774960208219],
        "stdev": [0.182197332382, 0.109403692186, 0.0518186464906, 0.0296037811786, 0.0774575099349, 0.0468791387975]
    },
    "beats_position": [0.348299324512, 0.719818592072, 1.09133780003, 1.46285712719, 1.83437633514, 2.20589566231, 2.57741498947, 2.96054410934, 3.33206343651, 3.7151927948, 4.08671188354, 4.46984100342, 4.85297060013, 5.22448968887, 5.59600877762, 5.97913837433, 6.3622674942, 6.74539661407, 7.12852573395, 7.51165533066, 7.89478445053, 8.27791404724, 8.64943313599, 9.03256225586, 9.4040813446, 9.77560043335, 10.1587295532, 10.5418596268, 10.9249887466, 11.3081178665, 11.6796369553, 12.0627660751, 12.445895195],
