{
"metadata": {
    "version": {
        "essentia": "2.1-beta5",
        "essentia_git_sha": "Undefined",
        "extractor": "music 2.0"
    },
    "audio_properties": {
        "analysis": {
            "equal_loudness": 0,
            "length": 12.7477550507,
            "sample_rate": 44100,
            "start_time": 0,
            "downmix": "mix"
        },
        "bit_rate": 192000,
        "length": 258.182678223,
        "lossless": 0,
        "number_channels": 2,
        "replay_gain": 3.82182884216,
        "sample_rate": 44100,
        "codec": "mp3",
        "md5_encoded": "af65742f9d9484036735cd3aad79ea27"
    },
    "tags": {
        "file_name": "Spain_Bailemos Un Vals_José Vélez.mp3",
        "encoding": ["Lavf58.29.100"]
    }
},
"lowlevel": {
    "average_loudness": 0.952570199966,
    "barkbands_crest": {
        "max": 22.8177394867,
        "mean": 8.57342338562,
        "min": 2.52263379097,
        "stdev": 3.60990691185
    },
    "barkbands_flatness_db": {
        "max": 0.276551127434,
        "mean": 0.151251286268,
        "min": 0.0650969222188,
        "stdev": 0.0390922166407
    },
    "barkbands_kurtosis": {
        "max": 22.8068294525,
        "mean": 1.62717199326,
        "min": -1.7695646286,
        "stdev": 3.0709028244
    },
    "barkbands_skewness": {
        "max": 3.15122079849,
        "mean": 0.693398118019,
        "min": -3.71242594719,
        "stdev": 1.07850706577
    },
    "barkbands_spread": {
        "max": 68.7995758057,
        "mean": 17.1314678192,
        "min": 2.07406783104,
        "stdev": 9.21615505219
    },
    "dissonance": {
        "max": 0.499892771244,
        "mean": 0.472472429276,
        "min": 0.314160615206,
        "stdev": 0.0262455809861
    },
    "dynamic_complexity": 4.05941343307,
    "erbbands_crest": {
        "max": 25.5081996918,
        "mean": 8.94193935394,
        "min": 2.91592097282,
        "stdev": 3.54770946503
    },
    "erbbands_flatness_db": {
        "max": 0.344569295645,
        "mean": 0.222607791424,
        "min": 0.0920782759786,
        "stdev": 0.0394198223948
    },
    "erbbands_kurtosis": {
        "max": 13.502407074,
        "mean": 0.242054089904,
        "min": -1.86060380936,
        "stdev": 1.91257345676
    },
    "erbbands_skewness": {
        "max": 2.91479730606,
        "mean": 0.106146775186,
        "min": -2.92781591415,
        "stdev": 0.831362605095
    },
    "erbbands_spread": {
        "max": 58.1213874817,
        "mean": 25.9860973358,
        "min": 2.92272377014,
        "stdev": 11.1185760498
    },
    "hfc": {
        "max": 123.573265076,
        "mean": 9.64399242401,
        "min": 1.1702582053e-16,
        "stdev": 13.6130371094
    },
    "loudness_ebu128": {
        "integrated": -31.3435153961,
        "loudness_range": 2.25211906433,
        "momentary": {
            "max": -25.7212848663,
            "mean": -32.3001823425,
            "min": -41.1550064087,
            "stdev": 3.0285217762
        },
        "short_term": {
            "max": -29.6130771637,
            "mean": -31.4536914825,
            "min": -32.5326080322,
            "stdev": 0.674914181232
        }
    },
    "melbands_crest": {
        "max": 29.336561203,
        "mean": 10.6039476395,
        "min": 1.97338080406,
        "stdev": 4.51928949356
    },
    "melbands_flatness_db": {
        "max": 0.337042838335,
        "mean": 0.186692133546,
        "min": 0.00424283463508,
        "stdev": 0.0557945780456
    },
    "melbands_kurtosis": {
        "max": 31.6327629089,
        "mean": 4.1679444313,
        "min": -1.75848639011,
        "stdev": 4.93302488327
    },
    "melbands_skewness": {
        "max": 4.90248632431,
        "mean": 1.37008678913,
        "min": -2.82067966461,
        "stdev": 1.15071058273
    },
    "melbands_spread": {
        "max": 143.33454895,
        "mean": 26.735918045,
        "min": 2.90110635757,
        "stdev": 18.1480731964
    },
    "pitch_salience": {
        "max": 0.914479017258,
        "mean": 0.706266403198,
        "min": 0.304435282946,
        "stdev": 0.0994410216808
    },
    "silence_rate_20dB": {
        "max": 1,
        "mean": 1,
        "min": 1,
        "stdev": 0
    },
    "silence_rate_30dB": {
        "max": 1,
        "mean": 1,
        "min": 1,
        "stdev": 0
    },
    "silence_rate_60dB": {
        "max": 1,
        "mean": 0.369090914726,
        "min": 0,
        "stdev": 0.482559561729
    },
    "spectral_centroid": {
        "max": 11156.7958984,
        "mean": 1523.17663574,
        "min": 413.631164551,
        "stdev": 769.151794434
    },
    "spectral_complexity": {
        "max": 45,
        "mean": 13.7963638306,
        "min": 0,
        "stdev": 8.00990486145
    },
    "spectral_decrease": {
        "max": -1.01812059654e-28,
        "mean": -2.54238563535e-09,
        "min": -4.1636582182e-08,
        "stdev": 3.8214724718e-09
    },
    "spectral_energy": {
        "max": 0.168354332447,
        "mean": 0.0104702832177,
        "min": 1.0998860662e-20,
        "stdev": 0.0155926896259
    },
    "spectral_energyband_high": {
        "max": 0.00140126328915,
        "mean": 5.1874165365e-05,
        "min": 8.00532391352e-21,
        "stdev": 0.000105985971459
    },
    "spectral_energyband_low": {
        "max": 0.00161306443624,
        "mean": 0.000259484542767,
        "min": 1.21097848234e-22,
        "stdev": 0.000280000385828
    },
    "spectral_energyband_middle_high": {
        "max": 0.0379271656275,
        "mean": 0.00295164692216,
        "min": 1.48565949613e-21,
        "stdev": 0.0041200472042
    },
    "spectral_energyband_middle_low": {
        "max": 0.129917293787,
        "mean": 0.00728490762413,
        "min": 3.93881910291e-22,
        "stdev": 0.0121897310019
    },
    "spectral_entropy": {
        "max": 9.79498767853,
        "mean": 7.42226839066,
        "min": 6.48386001587,
        "stdev": 0.310955911875
    },
    "spectral_flux": {
        "max": 0.389142900705,
        "mean": 0.061742387712,
        "min": 1.04875455542e-10,
        "stdev": 0.0434707961977
    },
    "spectral_kurtosis": {
        "max": 33.3120918274,
        "mean": 7.90955448151,
        "min": -1.21424460411,
        "stdev": 4.43514156342
    },
    "spectral_rms": {
        "max": 0.0128159327433,
        "mean": 0.00268123997375,
        "min": 3.27575878749e-12,
        "stdev": 0.00173950043973
    },
    "spectral_rolloff": {
        "max": 18820.0195312,
        "mean": 1927.69226074,
        "min": 344.53125,
        "stdev": 1537.0098877
    },
    "spectral_skewness": {
        "max": 3.70454573631,
        "mean": 1.63532221317,
        "min": -0.0182424895465,
        "stdev": 0.51894813776
    },
    "spectral_spread": {
        "max": 40226196,
        "mean": 2623645,
        "min": 1135005.25,
        "stdev": 1756581.375
    },
    "spectral_strongpeak": {
        "max": 6.85952281952,
        "mean": 0.796444118023,
        "min": 0,
        "stdev": 0.883273422718
    },
    "zerocrossingrate": {
        "max": 0.505859375,
        "mean": 0.0623908042908,
        "min": 0.0068359375,
        "stdev": 0.0361704044044
    },
    "barkbands": {
        "max": [0.000270109070698, 0.00115835713223, 0.000992898829281, 0.00140133232344, 0.0113337785006, 0.0357259362936, 0.041940510273, 0.077033534646, 0.0358619354665, 0.00571265025064, 0.00739431940019, 0.0167839415371, 0.00786516722292, 0.00709051592276, 0.00895652454346, 0.00811461731791, 0.0113483453169, 0.00515293516219, 0.00362528697588, 0.00127825664822, 0.000369474466424, 0.000603055465035, 0.000377914810088, 3.21744555549e-05, 7.18220326235e-06, 8.49961622862e-07, 2.62288665454e-07],
        "mean": [2.32652564591e-05, 0.000109588014311, 8.64701651153e-05, 0.000131918917759, 0.000858620274812, 0.00130300456658, 0.00197462155484, 0.00146078772377, 0.00147599226329, 0.000247442396358, 0.000165652323631, 0.000240695502725, 0.000278255698504, 0.000314072996844, 0.000327748130076, 0.000302503700368, 0.000526176881976, 0.000330410228344, 0.000230298013776, 4.43587996415e-05, 1.44801697388e-05, 1.67097950907e-05, 4.21377399107e-06, 1.89137711004e-06, 8.59409738041e-07, 2.57297159578e-07, 1.7737209479e-09],
        "min": [1.66900942548e-23, 8.13495327352e-23, 2.31330541671e-23, 9.03271453344e-24, 1.05291145664e-22, 3.1128230439e-23, 7.45278927671e-23, 2.68628342809e-23, 1.19532066622e-22, 6.82620337058e-23, 9.89259532378e-23, 1.52422265225e-22, 9.28727647656e-23, 9.15796892133e-23, 1.0196062541e-22, 1.74678946991e-22, 1.97026328828e-22, 2.08954309612e-22, 1.94050682385e-22, 3.82537863282e-22, 5.27867700989e-22, 7.62082800912e-22, 6.86437275258e-22, 7.98523025049e-22, 1.31327978206e-21, 1.73406662025e-21, 2.14217039262e-21],
        "stdev": [4.02985606343e-05, 0.000151726417243, 0.000130683751195, 0.000195076136151, 0.00136493123136, 0.00301342201419, 0.00509607652202, 0.00449254643172, 0.00420615123585, 0.000614555436186, 0.000433696754044, 0.000860717438627, 0.000767628313042, 0.000583330285735, 0.000732345331926, 0.000644439423922, 0.00121999613475, 0.000706784310751, 0.00047595021897, 8.27937255963e-05, 3.27735579049e-05, 5.38495405635e-05, 1.6726393369e-05, 2.20850347432e-06, 8.08892366422e-07, 1.31645379042e-07, 1.12653806283e-08]
    },
    "erbbands": {
        "max": [0.0154352737591, 0.313209086657, 1.15176331997, 3.10095763206, 15.5948905945, 50.3548622131, 63.2457046509, 379.446960449, 599.430480957, 761.006958008, 2248.12133789, 852.252258301, 247.456817627, 226.589706421, 382.958648682, 818.58807373, 426.593353271, 330.980865479, 280.21875, 325.307861328, 356.766967773, 574.683654785, 416.137634277, 269.652252197, 130.923736572, 78.2220916748, 18.4829101562, 16.4554920197, 22.0176448822, 14.463514328, 10.8788604736, 1.78188765049, 0.535386800766, 0.126523137093, 0.0338475927711, 0.00731524499133, 0.00224383873865, 0.000347399880411, 8.81939486135e-05, 0.000195423141122],
        "mean": [0.00159165496007, 0.0301485303789, 0.101038813591, 0.288317888975, 1.32118868828, 3.20622229576, 5.90700006485, 12.3811445236, 26.2905883789, 27.2824440002, 37.7802619934, 34.8911018372, 11.3360977173, 6.92572021484, 7.14671850204, 10.9751415253, 12.4390573502, 15.8931016922, 15.9694108963, 17.7923851013, 16.7440910339, 29.2189998627, 20.951133728, 13.664273262, 9.25022888184, 2.28289628029, 0.763223648071, 0.539170444012, 0.60492348671, 0.321339726448, 0.11357281357, 0.0547079816461, 0.02464530617, 0.0118685597554, 0.00506871379912, 0.00112817657646, 0.000550304423086, 6.99912852724e-05, 7.3083388088e-06, 1.26541799546e-05],
        "min": [1.2693253107e-21, 2.14437478049e-20, 3.77797684183e-20, 3.31340442173e-20, 1.18265540619e-19, 4.84650704364e-19, 3.54403051907e-19, 2.24336732949e-19, 1.00462098691e-18, 7.30356950505e-19, 1.18470678826e-18, 3.28505805366e-18, 1.93816048262e-18, 3.2478090767e-18, 2.91312332226e-18, 7.21553949669e-18, 4.93945650189e-18, 5.05430349891e-18, 3.64123913029e-18, 7.64514071091e-18, 1.02738156457e-17, 1.22389701336e-17, 1.01267230804e-17, 9.55407007825e-18, 1.13603785916e-17, 1.98793669637e-17, 2.14286216571e-17, 2.16915079276e-17, 2.86991504665e-17, 2.09940176545e-17, 2.04955784697e-17, 1.80397321706e-17, 1.33236032672e-17, 1.18881702804e-17, 1.05103363613e-17, 5.96381629296e-18, 3.05563041178e-18, 1.16252676731e-18, 2.90230250738e-19, 3.48468509225e-20],
        "stdev": [0.00198979116976, 0.0418718792498, 0.13776999712, 0.390462100506, 2.14129757881, 5.91114091873, 9.82156944275, 31.456495285, 66.1603164673, 68.8541183472, 121.983932495, 101.31803894, 30.0626678467, 16.0453453064, 19.4743270874, 41.6902503967, 33.9022521973, 29.124004364, 29.9499588013, 33.8601608276, 32.3360595703, 66.3219604492, 45.7329063416, 30.0854854584, 18.6374511719, 4.50363063812, 1.58601438999, 1.34462475777, 1.84846401215, 1.0754789114, 0.477947175503, 0.0901715382934, 0.0334687642753, 0.0127470660955, 0.00412895111367, 0.000905811146367, 0.000317151803756, 4.9109399697e-05, 8.71780412126e-06, 1.84399941645e-05]
    },
    "gfcc": {
        "mean": [-93.9152450562, 111.61114502, -165.280700684, 16.8853054047, -54.8200645447, -11.1900310516, -46.864440918, 6.71929931641, -15.2001504898, -0.288393765688, -8.51118373871, -2.25064754486, -12.7866840363],
        "cov": [[7197.28955078, 1510.34667969, -769.718811035, -166.639343262, -145.624893188, -627.22454834, -225.919448853, -6.18674993515, 6.68805456161, -146.427993774, 84.8819198608, -165.863067627, -118.771507263], [1510.34667969, 1197.54797363, 372.32220459, -251.228149414, -154.22114563, -506.576568604, -146.715057373, -84.9906387329, -63.2614555359, -113.594459534, 39.4343566895, -130.841918945, -87.0651092529], [-769.718811035, 372.32220459, 597.427307129, 36.5812950134, -121.193649292, -103.653450012, -39.7287979126, -99.7877044678, -49.8525657654, -7.34985971451, -4.3257727623, 4.5578455925, -14.025554657], [-166.639343262, -251.228149414, 36.5812950134, 412.340026855, 93.8270492554, 73.7656555176, -5.09889364243, -29.0033893585, 22.3898448944, 61.0323448181, -13.837477684, 93.3667755127, 47.801612854], [-145.624893188, -154.22114563, -121.193649292, 93.8270492554, 258.552459717, 32.9221839905, -30.3471126556, 84.9273147583, 17.099193573, -8.33456897736, 33.4962081909, 31.1291236877, 13.683008194], [-627.22454834, -506.576568604, -103.653450012, 73.7656555176, 32.9221839905, 532.601745605, 164.988510132, 26.0977554321, -6.4472322464, 46.1007919312, -54.2095375061, 67.7605438232, 28.168258667], [-225.919448853, -146.715057373, -39.7287979126, -5.09889364243, -30.3471126556, 164.988510132, 184.924453735, 37.0038604736, 0.5243678689, 1.93776011467, -21.9730110168, -0.900847315788, -26.9084453583], [-6.18674993515, -84.9906387329, -99.7877044678, -29.0033893585, 84.9273147583, 26.0977554321, 37.0038604736, 133.053115845, 27.0621376038, -14.5488901138, 16.1235275269, -4.0750617981, -14.6068124771], [6.68805456161, -63.2614555359, -49.8525657654, 22.3898448944, 17.099193573, -6.4472322464, 0.5243678689, 27.0621376038, 84.1460189819, 37.2875900269, 1.82442307472, 0.457283198833, 13.1907043457], [-146.427993774, -113.594459534, -7.34985971451, 61.0323448181, -8.33456897736, 46.1007919312, 1.93776011467, -14.5488901138, 37.2875900269, 80.4920425415, 10.5985708237, 17.9035377502, 23.1593647003], [84.8819198608, 39.4343566895, -4.3257727623, -13.837477684, 33.4962081909, -54.2095375061, -21.9730110168, 16.1235275269, 1.82442307472, 10.5985708237, 72.8208847046, 25.811460495, -8.05797195435], [-165.863067627, -130.841918945, 4.5578455925, 93.3667755127, 31.1291236877, 67.7605438232, -0.900847315788, -4.0750617981, 0.457283198833, 17.9035377502, 25.811460495, 103.820503235, 31.377746582], [-118.771507263, -87.0651092529, -14.025554657, 47.801612854, 13.683008194, 28.168258667, -26.9084453583, -14.6068124771, 13.1907043457, 23.1593647003, -8.05797195435, 31.377746582, 68.202331543]],
        "icov": [[0.00108424411155, -0.00294273742475, 0.00349287921563, -0.00207367329858, 0.00189895508811, -0.00116519874427, 0.00108284980524, -0.00064677267801, -0.000251627527177, 0.000585539557505, -0.00114910060074, -3.11040967063e-05, 0.000420597702032], [-0.00294273742475, 0.0104213161394, -0.0105610694736, 0.00621811533347, -0.00477718468755, 0.00448871823028, -0.00255434191786, 0.00255581620149, 0.000478794652736, 0.000450404448202, 0.00190817273688, 0.00144980545156, -0.000394087022869], [0.00349287921563, -0.0105610694736, 0.0139008155093, -0.00739943468943, 0.00683727674186, -0.00401408784091, 0.00356741249561, -0.00172251777258, 0.000177844209247, 0.00102510838769, -0.00320477434434, -0.00104366743471, 0.00168925372418], [-0.00207367329858, 0.00621811533347, -0.00739943468943, 0.00891072489321, -0.00649352744222, 0.00366532756016, -0.00301518966444, 0.00288883410394, 0.000820046348963, -0.00492731062695, 0.00673060305417, -0.00438151648268, 0.00010323052993], [0.00189895508811, -0.00477718468755, 0.00683727674186, -0.00649352744222, 0.0114371068776, -0.00353533378802, 0.00501025654376, -0.00557350786403, -0.000961822981481, 0.00535024236888, -0.00719657447189, 0.00224745599553, -0.000400579592679], [-0.00116519874427, 0.00448871823028, -0.00401408784091, 0.00366532756016, -0.00353533378802, 0.0064073940739, -0.00445286836475, 0.00104560190812, 0.00267093931325, -0.00390767026693, 0.00580493686721, -0.00316077540629, -0.000212989994907], [0.00108284980524, -0.00255434191786, 0.00356741249561, -0.00301518966444, 0.00501025654376, -0.00445286836475, 0.0114456517622, -0.00389504502527, -0.000922220409848, 0.00210878346115, -0.00166111125145, 0.0010242894059, 0.00478209136054], [-0.00064677267801, 0.00255581620149, -0.00172251777258, 0.00288883410394, -0.00557350786403, 0.00104560190812, -0.00389504502527, 0.0147286560386, -0.00515560666099, 0.00377843994647, -0.00177909561899, 0.00062580202939, 0.00127738132142], [-0.000251627527177, 0.000478794652736, 0.000177844209247, 0.000820046348963, -0.000961822981481, 0.00267093931325, -0.000922220409848, -0.00515560666099, 0.0196785926819, -0.0120677324012, 0.00496886763722, -0.00102976488415, -0.00139064725954], [0.000585539557505, 0.000450404448202, 0.00102510838769, -0.00492731062695, 0.00535024236888, -0.00390767026693, 0.00210878346115, 0.00377843994647, -0.0120677324012, 0.0286883506924, -0.0143358288333, 0.00717121455818, -0.00496002705768], [-0.00114910060074, 0.00190817273688, -0.00320477434434, 0.00673060305417, -0.00719657447189, 0.00580493686721, -0.00166111125145, -0.00177909561899, 0.00496886763722, -0.0143358288333, 0.0304994154721, -0.0143627207726, 0.00718659441918], [-3.11040967063e-05, 0.00144980545156, -0.00104366743471, -0.00438151648268, 0.00224745599553, -0.00316077540629, 0.0010242894059, 0.00062580202939, -0.00102976488415, 0.00717121455818, -0.0143627207726, 0.0215090811253, -0.00778294494376], [0.000420597702032, -0.000394087022869, 0.00168925372418, 0.00010323052993, -0.000400579592679, -0.000212989994907, 0.00478209136054, 0.00127738132142, -0.00139064725954, -0.00496002705768, 0.00718659441918, -0.00778294494376, 0.0238782893866]]
    },
    "melbands": {
        "max": [0.000239111628616, 0.000440575997345, 0.0007091461448, 0.0020415019244, 0.00219681765884, 0.00798954907805, 0.00934326462448, 0.00787055492401, 0.0180944800377, 0.00537031050771, 0.0013055044692, 0.000910662056413, 0.00115661870223, 0.00199745758437, 0.00117997126654, 0.000842799432576, 0.000717695394997, 0.000404302030802, 0.000965386105236, 0.000641703139991, 0.000335917982738, 0.000539979082532, 0.000776658882387, 0.000192564126337, 0.000234055580222, 0.000134197762236, 4.65448210889e-05, 5.62606874155e-05, 1.31939350467e-05, 8.52722769196e-06, 1.26774039018e-05, 1.27249832076e-05, 1.65624787769e-05, 6.66141022521e-06, 6.44612782708e-06, 3.3763551528e-06, 3.95980293888e-07, 4.69271469683e-07, 1.17709376468e-07, 1.15198574235e-07],
        "mean": [2.40168301389e-05, 5.03811934323e-05, 7.62031122576e-05, 0.000164451950695, 0.000198900539544, 0.000281794113107, 0.000408342893934, 0.00029138874379, 0.000326127192238, 0.000201265938813, 5.06180367665e-05, 2.79764553852e-05, 2.28912722378e-05, 2.62463854597e-05, 2.92921504297e-05, 2.69373176707e-05, 3.00042156596e-05, 2.47557909461e-05, 2.61399945884e-05, 2.22878225031e-05, 1.81414980034e-05, 2.75597813015e-05, 3.21862426063e-05, 1.20951663121e-05, 1.08600079329e-05, 8.83161737875e-06, 3.30683133143e-06, 1.07451933218e-06, 4.77348805816e-07, 3.07531308863e-07, 3.27018341295e-07, 3.41965005646e-07, 3.25059801298e-07, 1.16906790026e-07, 6.56827836565e-08, 4.47469048481e-08, 2.83398193801e-08, 1.77341323848e-08, 1.29368356028e-08, 9.10963837697e-09],
        "min": [1.88346457578e-23, 2.35252095448e-23, 6.87126878529e-24, 2.1538491754e-23, 1.55258412661e-23, 6.32110772366e-24, 1.47563768728e-23, 6.4529106037e-24, 1.3372380368e-23, 1.8466282425e-23, 9.04065362959e-24, 1.2529010752e-23, 1.1298625187e-23, 1.35381421323e-23, 1.58749421934e-23, 9.7908895383e-24, 9.65160273485e-24, 5.21428065337e-24, 8.55315100079e-24, 1.19203958861e-23, 1.22471775718e-23, 1.15165582672e-23, 1.21558322121e-23, 7.7332918063e-24, 7.57702871617e-24, 7.58058568999e-24, 8.0427603617e-24, 1.49204157649e-23, 1.11489088535e-23, 1.60966941493e-23, 1.10085768093e-23, 1.89860644531e-23, 1.1330526722e-23, 1.0876423675e-23, 1.230448595e-23, 1.06966233421e-23, 1.11975011075e-23, 8.27670337403e-24, 1.05557004411e-23, 9.52285353537e-24],
        "stdev": [3.09374045173e-05, 6.16505494691e-05, 9.85154329101e-05, 0.000264659087406, 0.000321929197526, 0.000686143292114, 0.00103366642725, 0.000717333809007, 0.00103236536961, 0.000603002728894, 0.000139896743349, 6.72768364893e-05, 6.20921782684e-05, 9.68587701209e-05, 0.000103157828562, 6.4341678808e-05, 5.81214080739e-05, 4.66204364784e-05, 6.77018761053e-05, 4.94743471791e-05, 3.44491309079e-05, 6.13079027971e-05, 8.1737554865e-05, 2.51699584624e-05, 2.52322352026e-05, 1.84278305824e-05, 6.30252407063e-06, 2.83167764792e-06, 1.04220464436e-06, 6.72312808092e-07, 9.73900796453e-07, 1.02499984678e-06, 1.20485572097e-06, 3.62292013278e-07, 2.81718314454e-07, 1.55695090598e-07, 3.05241698584e-08, 2.77963252415e-08, 1.41020102262e-08, 1.01866675095e-08]
    },
    "melbands128": {
        "max": [0.00014633826504, 0.000114916401799, 0.000337412726367, 0.000616082688794, 0.000663629674818, 0.000599394435994, 0.000792224018369, 0.00104685616679, 0.0019555715844, 0.00325232418254, 0.00330113433301, 0.00462321843952, 0.00313834752887, 0.00559341302142, 0.0098732393235, 0.0169939659536, 0.0134724816307, 0.0173144228756, 0.0148095982149, 0.0123683605343, 0.00690009957179, 0.0192869771272, 0.0274724904448, 0.011965110898, 0.00898219458759, 0.00885492004454, 0.00269224261865, 0.000998954172246, 0.00187945598736, 0.00159535568673, 0.000500872964039, 0.000871944590472, 0.00183521187864, 0.000972013338469, 0.000463095086161, 0.00357713876292, 0.00262620626017, 0.00184283708222, 0.00170541624539, 0.00171138357837, 0.000766056124121, 0.000790078833234, 0.000596847734414, 0.00124558410607, 0.000746746663935, 0.000577390543185, 0.000661066907924, 0.00202943990007, 0.00067546259379, 0.000479960581288, 0.000999617739581, 0.000867235416081, 0.000453960063169, 0.000311842333758, 0.000372754759155, 0.00057481683325, 0.000923181942198, 0.00124629749916, 0.000689403503202, 0.000273320940323, 0.000177033813088, 0.000359837024007, 0.000360225356417, 0.00022861850448, 0.000307698297547, 0.000195056272787, 0.000131412234623, 7.92696955614e-05, 4.20200631197e-05, 7.73618812673e-05, 8.30702774692e-05, 2.77956423815e-05, 8.88853264769e-06, 2.2080659619e-05, 1.79038488568e-05, 1.32446821226e-05, 4.89353624289e-06, 4.13293901147e-06, 1.83629508683e-05, 1.61922489497e-05, 1.29105001179e-05, 1.18857851703e-05, 1.43563520396e-05, 2.29222823691e-05, 1.54372755787e-05, 9.60438046604e-06, 5.71624150325e-06, 2.41389625444e-06, 7.0679457167e-06, 9.7696629382e-06, 4.693189112e-06, 1.70201360561e-06, 3.26554271624e-07, 2.30600818441e-07, 6.68838197271e-07, 5.89357227909e-07, 4.40449866801e-07, 2.58557719235e-07, 1.22254462553e-07, 1.33448295969e-07, 1.34865089763e-07, 1.34830671072e-07, 7.10209420163e-08, 7.70442696307e-08, 5.7327991243e-08, 4.3933130911e-08, 2.89623667271e-08, 2.26531540193e-08, 8.77202932514e-09, 1.05059383415e-08, 8.9841289963e-09, 1.02631583232e-08, 1.99843661619e-08, 4.03973254848e-09, 6.01122485122e-09, 8.06800493081e-09, 1.28717314585e-09, 1.23554866338e-09, 1.19379961472e-09, 1.15091070008e-09, 1.11131936986e-09, 1.09079478783e-09, 1.07554964934e-09, 1.06236242026e-09, 1.08072373273e-09, 1.04647146504e-09, 1.03822694886e-09, 1.03829245202e-09],
        "mean": [1.0339948858e-05, 7.75820262788e-06, 2.73085461231e-05, 5.90647468925e-05, 5.45618677279e-05, 4.11455621361e-05, 4.91555947519e-05, 7.34011337045e-05, 0.00013304737513, 0.000175255889189, 0.000180041068234, 0.000182422270882, 0.000183820855455, 0.000246001087362, 0.000260453671217, 0.000300003128359, 0.000390863860957, 0.000464006821858, 0.000400142569561, 0.000274895515759, 0.000254996819422, 0.000263268331764, 0.000378703000024, 0.000339792022714, 0.000243689748459, 0.00015373439237, 6.06636094744e-05, 4.04061138397e-05, 4.1223171138e-05, 3.03893302771e-05, 2.28541357501e-05, 2.33951050177e-05, 2.45983246714e-05, 2.14606861846e-05, 1.92271563719e-05, 3.29237482219e-05, 2.88234077743e-05, 3.08083472191e-05, 2.71620374406e-05, 2.67210543825e-05, 2.6592913855e-05, 2.76802820736e-05, 3.21417319356e-05, 3.02260705212e-05, 2.61424575001e-05, 2.22356065933e-05, 2.39917189901e-05, 3.06868241751e-05, 2.42518490268e-05, 2.24931118282e-05, 2.27900327445e-05, 2.12265058508e-05, 1.87394962268e-05, 1.60196086654e-05, 1.84954169526e-05, 2.45016090048e-05, 3.78281183657e-05, 4.68002217531e-05, 2.5498751711e-05, 1.39147987284e-05, 9.16117733141e-06, 1.28041756398e-05, 1.29210966406e-05, 8.94929598871e-06, 1.01001787698e-05, 9.81090033747e-06, 8.16235751699e-06, 4.1328057705e-06, 2.30978935178e-06, 1.75032266725e-06, 1.15553007163e-06, 6.55515464132e-07, 4.99662576203e-07, 4.8815587661e-07, 4.09516957234e-07, 3.2209649703e-07, 2.61955790393e-07, 2.35180863228e-07, 3.60871183602e-07, 3.82428822832e-07, 3.40437026125e-07, 3.26815296603e-07, 3.46065945678e-07, 3.98830138693e-07, 2.35998513176e-07, 1.24868549278e-07, 8.38653946289e-08, 6.95030237807e-08, 6.52142020385e-08, 6.50239471156e-08, 5.05478148227e-08, 3.61112633129e-08, 3.82805467325e-08, 2.94940001311e-08, 2.27541292475e-08, 1.90684303902e-08, 1.67403797491e-08, 1.52275507759e-08, 1.39417402067e-08, 1.19180327829e-08, 8.34951841e-09, 9.19911347097e-09, 8.87896423052e-09, 7.39417860274e-09, 6.06786665358e-09, 4.28884394665e-09, 2.615023309e-09, 2.26242335977e-09, 1.4565841866e-09, 1.18778820113e-09, 1.33604893815e-09, 1.46215239916e-09, 3.47875594997e-09, 6.42904118831e-10, 7.93212384664e-10, 1.32666178043e-09, 5.50878891115e-11, 5.93589110157e-12, 5.84105940699e-12, 5.80268125216e-12, 5.68278367072e-12, 5.73068459006e-12, 5.61408688635e-12, 5.46032229848e-12, 5.54670935918e-12, 5.55822315257e-12, 5.56217441897e-12, 5.45281875208e-12],
        "min": [9.00368839643e-24, 6.09516060546e-24, 2.34988158367e-23, 4.18966172465e-23, 2.63297709905e-23, 9.14634442481e-24, 7.10499249429e-24, 2.72707538605e-24, 1.07956711396e-23, 2.12323474585e-23, 3.1583813389e-23, 2.34141316185e-23, 1.08715824357e-23, 7.70680027938e-24, 1.85898405253e-24, 4.7369937733e-24, 1.95232534861e-23, 1.59062757485e-23, 1.0615193964e-23, 8.94503895471e-24, 3.27739283936e-24, 1.99952810305e-24, 1.28012040519e-23, 2.49076235946e-23, 3.42944467444e-23, 7.28919703768e-24, 2.33000047447e-24, 1.34149267921e-23, 1.0132688769e-23, 8.64086838915e-24, 1.3970150763e-23, 2.07232024308e-23, 1.01821669139e-23, 5.15607573477e-24, 7.03402183409e-24, 1.03064953368e-23, 3.6485176587e-23, 1.22362636812e-23, 9.13565693726e-24, 1.02869434193e-23, 1.1966283925e-23, 4.85968846533e-24, 9.39537597967e-24, 1.46059963184e-23, 4.37641925859e-24, 3.10039099046e-24, 6.19012920326e-24, 6.2887249835e-24, 1.31869751783e-23, 7.53381333806e-24, 1.48295721208e-23, 1.241950187e-23, 1.0103452795e-23, 1.62795221304e-23, 7.09452825438e-24, 7.72427749274e-24, 2.27702396818e-23, 4.48949734176e-24, 2.00312373105e-23, 3.56672493129e-24, 6.72335342125e-24, 8.77051373462e-24, 9.2155496143e-24, 7.60802700544e-24, 4.38060929329e-24, 6.74270970129e-24, 1.18193743586e-23, 5.67503853089e-24, 6.97675763212e-24, 9.66540148981e-24, 2.04487829654e-23, 1.29859521204e-23, 1.05175976705e-23, 9.05716685491e-24, 1.33391030596e-23, 1.9172727876e-23, 1.99348369302e-23, 7.31458652592e-24, 9.14934288511e-24, 1.29153735241e-23, 2.18506661023e-23, 2.12831122355e-23, 1.09965671909e-23, 6.93284647869e-24, 1.75635573367e-23, 1.07795531336e-23, 8.33934681851e-24, 9.97213033128e-24, 1.6066778966e-23, 9.29675732247e-24, 1.21353131511e-23, 9.42146992069e-24, 1.16101392587e-23, 1.29132286113e-23, 1.02875658306e-23, 7.5292947428e-24, 6.17705462261e-24, 1.25583500668e-23, 8.58651823936e-24, 1.15321374812e-23, 1.07585126355e-23, 6.65862738398e-24, 9.42153066298e-24, 1.97725351098e-23, 9.5994613956e-24, 1.02524662534e-23, 1.23481572897e-23, 1.09571209902e-23, 9.44070629387e-24, 9.76712904784e-24, 1.05243518976e-23, 1.12237543984e-23, 7.45068633131e-24, 9.38147782824e-24, 1.25273083901e-23, 1.30069870965e-23, 5.66721105856e-24, 7.8115468081e-24, 9.4179547565e-24, 7.30665452951e-24, 8.53343736677e-24, 1.09046341299e-23, 1.35881685355e-23, 9.29280591819e-24, 9.09176629422e-24, 9.99169171515e-24, 1.06408863748e-23, 1.17419752709e-23],
        "stdev": [1.55744273798e-05, 1.00144234239e-05, 4.38243914687e-05, 8.50653668749e-05, 8.02199574537e-05, 6.52292656014e-05, 8.57581544551e-05, 0.00011592663941, 0.000255017192103, 0.000351545255398, 0.000400197459385, 0.0004426430678, 0.000358111428795, 0.00058138591703, 0.000742041680496, 0.0011859430233, 0.00113211688586, 0.00151537184138, 0.00139366649091, 0.000890431110747, 0.00074327038601, 0.00102301908191, 0.00151815300342, 0.00109137617983, 0.000852008874062, 0.000656094227452, 0.000222907678108, 0.000108027925307, 0.000150296458742, 9.34847848839e-05, 5.15662250109e-05, 6.91338500474e-05, 9.30519672693e-05, 5.43568567082e-05, 4.14863316109e-05, 0.000168715429027, 0.000126412618556, 0.000132946530357, 0.000107821368147, 9.50815374381e-05, 6.51598384138e-05, 6.73867834848e-05, 6.91077730153e-05, 7.85409865784e-05, 6.43641469651e-05, 4.92917497468e-05, 5.50160439161e-05, 0.000135590540594, 5.5755925132e-05, 4.98295448779e-05, 6.47145061521e-05, 5.95251731283e-05, 3.78592012567e-05, 2.94594519801e-05, 3.71584501409e-05, 5.53795180167e-05, 0.000100733486761, 0.000133565816213, 6.83072721586e-05, 3.15149882226e-05, 1.90068421944e-05, 3.38866957463e-05, 3.45256812579e-05, 2.16651787923e-05, 2.51942146861e-05, 2.15733107325e-05, 1.86371653399e-05, 9.03443651623e-06, 4.53009852208e-06, 4.3096065383e-06, 4.02214300266e-06, 1.68789779309e-06, 1.0162154922e-06, 1.50585253778e-06, 1.22945209569e-06, 8.48446404689e-07, 5.09386268277e-07, 4.67572334628e-07, 1.31105662149e-06, 1.35738559948e-06, 1.02855881323e-06, 9.97839947559e-07, 1.16760088531e-06, 1.65354776982e-06, 9.54099277806e-07, 4.84162342218e-07, 2.58827554944e-07, 1.34919289962e-07, 3.10440782414e-07, 4.20845537974e-07, 2.2335318306e-07, 9.14140727559e-08, 3.9474016944e-08, 2.78872978043e-08, 4.00344397633e-08, 3.46478010727e-08, 2.68455426777e-08, 1.97659986156e-08, 1.68234137732e-08, 1.50769050578e-08, 1.19279608413e-08, 1.24810419777e-08, 8.57585469305e-09, 7.21029458361e-09, 5.22544363335e-09, 4.9534478741e-09, 3.74173847462e-09, 2.66403366034e-09, 1.52376089524e-09, 1.38029843111e-09, 1.09864317643e-09, 1.18412046834e-09, 2.8295579213e-09, 6.42286779318e-10, 7.1967537485e-10, 1.33460054119e-09, 1.30244287577e-10, 5.25829206566e-11, 5.08036460123e-11, 4.8974466843e-11, 4.72887458358e-11, 4.64100043118e-11, 4.57594170888e-11, 4.51977691385e-11, 4.59745609638e-11, 4.45149507533e-11, 4.41627880099e-11, 4.41658792871e-11]
    },
    "mfcc": {
        "mean": [-719.538024902, 142.634246826, -48.3997535706, 19.6704006195, 1.01389312744, -13.0426311493, -17.0020599365, -1.77018535137, -10.6072206497, 0.560638785362, 3.5114607811, -1.33343935013, -0.207158863544],
        "cov": [[3354.36645508, 915.276611328, -536.255554199, 145.448486328, -69.9139938354, -358.112060547, -164.047714233, -7.113093853, -151.816970825, 52.4214057922, 100.953117371, -55.025390625, -39.8542556763], [915.276611328, 1395.2388916, 279.934906006, 79.5768966675, -81.9357528687, -450.858734131, -152.337524414, -134.220794678, -228.160354614, -30.7408218384, -13.581489563, -39.6754493713, -75.5538482666], [-536.255554199, 279.934906006, 612.989196777, 77.6766815186, -135.13633728, 68.5128326416, -35.7933273315, -86.9787902832, -43.0858535767, -60.8110847473, -60.7659873962, -2.28784942627, -10.2988538742], [145.448486328, 79.5768966675, 77.6766815186, 412.551391602, 94.7953186035, -76.5803833008, -96.4665145874, -62.5609703064, -57.4704589844, -31.9876117706, -14.2667942047, -42.1951980591, 52.9978713989], [-69.9139938354, -81.9357528687, -135.13633728, 94.7953186035, 277.916107178, -22.5816650391, -9.52648258209, 19.9148235321, -5.13039875031, -5.52657794952, -19.7933120728, 0.797894656658, 39.2566223145], [-358.112060547, -450.858734131, 68.5128326416, -76.5803833008, -22.5816650391, 350.793182373, 97.9524307251, 44.2470741272, 102.765441895, -8.34533691406, -12.3055686951, 14.5734224319, 13.4611663818], [-164.047714233, -152.337524414, -35.7933273315, -96.4665145874, -9.52648258209, 97.9524307251, 156.423522949, 94.5267944336, 40.1439819336, 2.9169421196, 25.1247596741, 17.069896698, -8.36808109283], [-7.113093853, -134.220794678, -86.9787902832, -62.5609703064, 19.9148235321, 44.2470741272, 94.5267944336, 148.857696533, 49.3294372559, -10.2572565079, 43.3812294006, 17.7027873993, 8.10953998566], [-151.816970825, -228.160354614, -43.0858535767, -57.4704589844, -5.13039875031, 102.765441895, 40.1439819336, 49.3294372559, 122.666000366, 32.894947052, -0.957500994205, 24.3786277771, -6.61733579636], [52.4214057922, -30.7408218384, -60.8110847473, -31.9876117706, -5.52657794952, -8.34533691406, 2.9169421196, -10.2572565079, 32.894947052, 94.5199050903, 28.4157142639, -5.55785799026, -20.6230258942], [100.953117371, -13.581489563, -60.7659873962, -14.2667942047, -19.7933120728, -12.3055686951, 25.1247596741, 43.3812294006, -0.957500994205, 28.4157142639, 91.3244171143, 9.19405841827, -6.20269155502], [-55.025390625, -39.6754493713, -2.28784942627, -42.1951980591, 0.797894656658, 14.5734224319, 17.069896698, 17.7027873993, 24.3786277771, -5.55785799026, 9.19405841827, 66.3906402588, 20.4193725586], [-39.8542556763, -75.5538482666, -10.2988538742, 52.9978713989, 39.2566223145, 13.4611663818, -8.36808109283, 8.10953998566, -6.61733579636, -20.6230258942, -6.20269155502, 20.4193725586, 85.6093139648]],
        "icov": [[0.000851517601404, -0.00110851589125, 0.00165681669023, -0.000787416414823, 0.00097755366005, -0.00136437057517, 0.0011082009878, -0.00110110570677, 0.000754071457777, -0.000628385110758, 0.000386255851481, -0.000531359924935, 0.000145414160215], [-0.00110851589125, 0.0034395349212, -0.00322048412636, 0.00132220645901, -0.00124013982713, 0.00403177924454, -0.00123938277829, 0.00125744414981, 0.000767160730902, 0.000672733411193, -0.000355406547897, 0.000467288133223, 0.00109212938696], [0.00165681669023, -0.00322048412636, 0.00635144812986, -0.00259626517072, 0.00334291672334, -0.00485174357891, 0.00214207544923, -0.00166093057487, 0.00191566906869, -0.000584371446166, 0.00225849775597, -0.00232204073109, 0.000621916493401], [-0.000787416414823, 0.00132220645901, -0.00259626517072, 0.00497124390677, -0.00254815095104, 0.00248651299626, -9.19913727557e-05, 0.00264251464978, -0.00195661257021, 0.002355462173, -0.0026982340496, 0.00417632469907, -0.00284679303877], [0.00097755366005, -0.00124013982713, 0.00334291672334, -0.00254815095104, 0.00642464822158, -0.00203468976542, 0.00167352228891, -0.00332600832917, 0.00265197991394, -0.00210025347769, 0.00367653672583, -0.00216811592691, -0.00032467910205], [-0.00136437057517, 0.00403177924454, -0.00485174357891, 0.00248651299626, -0.00203468976542, 0.0104427458718, -0.00538555905223, 0.00476969219744, -0.00555260526016, 0.00378459878266, -0.00225047953427, 0.00364628434181, -0.00143743201625], [0.0011082009878, -0.00123938277829, 0.00214207544923, -9.19913727557e-05, 0.00167352228891, -0.00538555905223, 0.0156800244004, -0.010974695906, 0.00551798846573, -0.00392475072294, 0.002341019921, -0.00329798646271, 0.002825752832], [-0.00110110570677, 0.00125744414981, -0.00166093057487, 0.00264251464978, -0.00332600832917, 0.00476969219744, -0.010974695906, 0.0211200695485, -0.0115591129288, 0.010340618901, -0.0105381030589, 0.00544441724196, -0.00400135386735], [0.000754071457777, 0.000767160730902, 0.00191566906869, -0.00195661257021, 0.00265197991394, -0.00555260526016, 0.00551798846573, -0.0115591129288, 0.0233203209937, -0.011578775011, 0.00928070768714, -0.0098436884582, 0.00579478498548], [-0.000628385110758, 0.000672733411193, -0.000584371446166, 0.002355462173, -0.00210025347769, 0.00378459878266, -0.00392475072294, 0.010340618901, -0.011578775011, 0.0203703548759, -0.0101281357929, 0.0063015636988, -0.000447189464467], [0.000386255851481, -0.000355406547897, 0.00225849775597, -0.0026982340496, 0.00367653672583, -0.00225047953427, 0.002341019921, -0.0105381030589, 0.00928070768714, -0.0101281357929, 0.0205660779029, -0.00693654781207, 0.00312539166771], [-0.000531359924935, 0.000467288133223, -0.00232204073109, 0.00417632469907, -0.00216811592691, 0.00364628434181, -0.00329798646271, 0.00544441724196, -0.0098436884582, 0.0063015636988, -0.00693654781207, 0.0238285511732, -0.00854595191777], [0.000145414160215, 0.00109212938696, 0.000621916493401, -0.00284679303877, -0.00032467910205, -0.00143743201625, 0.002825752832, -0.00400135386735, 0.00579478498548, -0.000447189464467, 0.00312539166771, -0.00854595191777, 0.0181848444045]]
    },
    "spectral_contrast_coeffs": {
        "max": [-0.506378531456, -0.535493791103, -0.606782317162, -0.658099889755, -0.539335072041, -0.562494337559],
        "mean": [-0.707471072674, -0.774410545826, -0.821401119232, -0.816821038723, -0.757076025009, -0.744843780994],
        "min": [-0.971017241478, -0.943294465542, -0.954584062099, -0.960400760174, -0.957568049431, -0.963130056858],
        "stdev": [0.0897243544459, 0.0759706199169, 0.0490074157715, 0.0425064638257, 0.0675061866641, 0.0501172915101]
    },
    "spectral_contrast_valleys": {
        "max": [-6.46152210236, -4.70786237717, -5.20163822174, -6.13190364838, -6.58044195175, -10.1028833389],
        "mean": [-8.02270507812, -6.84115743637, -7.64285326004, -7.52434682846, -8.12460327148, -12.026922226],
        "min": [-26.8417701721, -27.5769271851, -27.6423587799, -27.410577774, -27.3649578094, -27.1497077942],
        "stdev": [1.22138690948, 1.34624803066, 1.16041088104, 1.15305042267, 1.06500947475, 0.876820206642]
    }
},
"rhythm": {
    "beats_count": 34,
    "beats_loudness": {
        "max": 0.0554267317057,
        "mean": 0.0185376945883,
        "min": 0.0017662338214,
        "stdev": 0.015922460705
    },
    "bpm": 163.452636719,
    "bpm_histogram_first_peak_bpm": 161,
    "bpm_histogram_first_peak_weight": 0.285714268684,
    "bpm_histogram_second_peak_bpm": 167,
    "bpm_histogram_second_peak_spread": 0,
    "bpm_histogram_second_peak_weight": 0.181818187237,
    "danceability": 1.70278573036,
    "onset_rate": 4.38893318176,
    "beats_loudness_band_ratio": {
        "max": [0.482013344765, 0.584918737411, 0.801331996918, 0.347783207893, 0.844116866589, 0.128100782633],
        "mean": [0.0606574602425, 0.193489998579, 0.444909453392, 0.111155055463, 0.204302236438, 0.0299023222178],
        "min": [0.00562804518268, 0.00457619223744, 0.00908496510237, 0.00469748862088, 0.00967533607036, 0.00210585282184],
        "stdev": [0.0911135524511, 0.151374846697, 0.238974809647, 0.0937197953463, 0.212015509605, 0.0302211288363]
    },
    "beats_position": [0.383129239082, 0.777868449688, 1.18421769142, 1.57895684242, 1.9620860815, 2.33360528946, 2.69351458549, 3.03020405769, 3.35528349876, 3.68036270142, 4.02866220474, 4.3653512001, 4.73687076569, 5.11999988556, 5.47990942001, 5.83981847763, 6.17650794983, 6.52480697632, 6.87310647964, 7.24462556839, 7.61614513397, 7.98766422272, 8.34757328033, 8.70748329163, 9.0906124115, 9.47374153137, 9.84526062012, 10.2167797089, 10.5882987976, 10.9365987778, 11.2848978043, 11.6448068619, 12.0163259506, 12.387845993],
