{
"metadata": {
    "version": {
        "essentia": "2.1-beta5",
        "essentia_git_sha": "Undefined",
        "extractor": "music 2.0"
    },
    "audio_properties": {
        "analysis": {
            "equal_loudness": 0,
            "length": 48.7502937317,
            "sample_rate": 44100,
            "start_time": 61.4980506897,
            "downmix": "mix"
        },
        "bit_rate": 192000,
        "length": 208.445526123,
        "lossless": 0,
        "number_channels": 2,
        "replay_gain": -2.32900428772,
        "sample_rate": 44100,
        "codec": "mp3",
        "md5_encoded": "859285512bc31b95672f43e72d062a20"
    },
    "tags": {
        "file_name": "Greece_Charlie Chaplin_Tania Tsanaklidou.mp3",
        "encoding": ["Lavf58.29.100"]
    }
},
"lowlevel": {
    "average_loudness": 0.964356005192,
    "barkbands_crest": {
        "max": 22.3612174988,
        "mean": 7.66612148285,
        "min": 2.49186611176,
        "stdev": 3.30036211014
    },
    "barkbands_flatness_db": {
        "max": 0.261796176434,
        "mean": 0.130328521132,
        "min": 0.059617202729,
        "stdev": 0.0303118433803
    },
    "barkbands_kurtosis": {
        "max": 18.2913761139,
        "mean": 0.0114645594731,
        "min": -1.71544873714,
        "stdev": 1.37677896023
    },
    "barkbands_skewness": {
        "max": 4.02082490921,
        "mean": 0.410421937704,
        "min": -2.01584243774,
        "stdev": 0.628260791302
    },
    "barkbands_spread": {
        "max": 73.9330291748,
        "mean": 23.1983909607,
        "min": 4.2481098175,
        "stdev": 9.66348743439
    },
    "dissonance": {
        "max": 0.499970197678,
        "mean": 0.469364792109,
        "min": 0.358246266842,
        "stdev": 0.0198120884597
    },
    "dynamic_complexity": 2.42434072495,
    "erbbands_crest": {
        "max": 28.8431034088,
        "mean": 9.45817089081,
        "min": 2.61593961716,
        "stdev": 4.25852823257
    },
    "erbbands_flatness_db": {
        "max": 0.323712795973,
        "mean": 0.20438914001,
        "min": 0.0975434631109,
        "stdev": 0.0391918383539
    },
    "erbbands_kurtosis": {
        "max": 14.0691833496,
        "mean": 0.0824431926012,
        "min": -1.54104888439,
        "stdev": 1.27087271214
    },
    "erbbands_skewness": {
        "max": 2.47019052505,
        "mean": 0.0530575215816,
        "min": -2.69690799713,
        "stdev": 0.596017599106
    },
    "erbbands_spread": {
        "max": 85.3015365601,
        "mean": 27.785741806,
        "min": 5.98156309128,
        "stdev": 11.6453504562
    },
    "hfc": {
        "max": 147.463851929,
        "mean": 25.0015869141,
        "min": 0.275467216969,
        "stdev": 18.8580474854
    },
    "loudness_ebu128": {
        "integrated": -22.2605400085,
        "loudness_range": 1.85254478455,
        "momentary": {
            "max": -18.5847072601,
            "mean": -22.6707191467,
            "min": -28.1704349518,
            "stdev": 1.93954527378
        },
        "short_term": {
            "max": -20.8712825775,
            "mean": -22.2640228271,
            "min": -24.4095096588,
            "stdev": 0.642436027527
        }
    },
    "melbands_crest": {
        "max": 30.0730476379,
        "mean": 10.438375473,
        "min": 3.30973792076,
        "stdev": 4.13817453384
    },
    "melbands_flatness_db": {
        "max": 0.294003069401,
        "mean": 0.138676613569,
        "min": 0.0352531895041,
        "stdev": 0.0371014624834
    },
    "melbands_kurtosis": {
        "max": 42.9154472351,
        "mean": 1.99102962017,
        "min": -1.7892690897,
        "stdev": 3.04635167122
    },
    "melbands_skewness": {
        "max": 5.62205219269,
        "mean": 1.07391262054,
        "min": -1.57473444939,
        "stdev": 0.787398457527
    },
    "melbands_spread": {
        "max": 194.727478027,
        "mean": 36.9241523743,
        "min": 5.41393280029,
        "stdev": 17.2766475677
    },
    "pitch_salience": {
        "max": 0.836899995804,
        "mean": 0.575236797333,
        "min": 0.213804140687,
        "stdev": 0.0809645801783
    },
    "silence_rate_20dB": {
        "max": 1,
        "mean": 1,
        "min": 1,
        "stdev": 0
    },
    "silence_rate_30dB": {
        "max": 1,
        "mean": 1,
        "min": 1,
        "stdev": 0
    },
    "silence_rate_60dB": {
        "max": 1,
        "mean": 0.00809138547629,
        "min": 0,
        "stdev": 0.0895887762308
    },
    "spectral_centroid": {
        "max": 4432.78955078,
        "mean": 1940.28930664,
        "min": 496.419219971,
        "stdev": 485.943572998
    },
    "spectral_complexity": {
        "max": 55,
        "mean": 22.1970481873,
        "min": 1,
        "stdev": 6.69781446457
    },
    "spectral_decrease": {
        "max": -1.01205745173e-10,
        "mean": -4.21023482744e-09,
        "min": -1.69624794211e-08,
        "stdev": 2.66876654109e-09
    },
    "spectral_energy": {
        "max": 0.0749526023865,
        "mean": 0.0181581024081,
        "min": 0.000406959763495,
        "stdev": 0.0115306293592
    },
    "spectral_energyband_high": {
        "max": 0.0193615648896,
        "mean": 0.000823891605251,
        "min": 2.60509432337e-06,
        "stdev": 0.00122259696946
    },
    "spectral_energyband_low": {
        "max": 0.0128632355481,
        "mean": 0.00122919317801,
        "min": 2.48354035648e-06,
        "stdev": 0.00154558138456
    },
    "spectral_energyband_middle_high": {
        "max": 0.0679676234722,
        "mean": 0.0107282698154,
        "min": 6.1519931478e-05,
        "stdev": 0.0102051524445
    },
    "spectral_energyband_middle_low": {
        "max": 0.045746255666,
        "mean": 0.00596686452627,
        "min": 0.000342314597219,
        "stdev": 0.00497133890167
    },
    "spectral_entropy": {
        "max": 8.65068626404,
        "mean": 7.54574203491,
        "min": 6.47600078583,
        "stdev": 0.282524466515
    },
    "spectral_flux": {
        "max": 0.253549665213,
        "mean": 0.0777894482017,
        "min": 0.01672523655,
        "stdev": 0.0354705937207
    },
    "spectral_kurtosis": {
        "max": 24.2943496704,
        "mean": 4.08192110062,
        "min": -0.62110376358,
        "stdev": 2.44346404076
    },
    "spectral_rms": {
        "max": 0.00855128560215,
        "mean": 0.00400836206973,
        "min": 0.000630106253084,
        "stdev": 0.00128385098651
    },
    "spectral_rolloff": {
        "max": 9345.41015625,
        "mean": 2398.99584961,
        "min": 258.3984375,
        "stdev": 1089.76635742
    },
    "spectral_skewness": {
        "max": 3.47257208824,
        "mean": 1.28154718876,
        "min": 0.189767301083,
        "stdev": 0.329114437103
    },
    "spectral_spread": {
        "max": 8774077,
        "mean": 3467186.5,
        "min": 1799071.5,
        "stdev": 951656.6875
    },
    "spectral_strongpeak": {
        "max": 13.4076404572,
        "mean": 1.87034749985,
        "min": 0.0230561438948,
        "stdev": 1.79191493988
    },
    "zerocrossingrate": {
        "max": 0.2783203125,
        "mean": 0.0788342952728,
        "min": 0.01025390625,
        "stdev": 0.0253755208105
    },
    "barkbands": {
        "max": [0.000186561330338, 0.0049467436038, 0.0106700053439, 0.0130873098969, 0.0285594537854, 0.00762281753123, 0.0124852694571, 0.0134537396953, 0.0207099243999, 0.0424048230052, 0.0488324202597, 0.0110421301797, 0.0444552488625, 0.0301555301994, 0.0247697159648, 0.0195235423744, 0.0125338099897, 0.0132016185671, 0.005119710695, 0.01122758165, 0.0034468981903, 0.00663567520678, 0.00849821791053, 0.00537113752216, 0.00224408018403, 0.00034856054117, 1.66070117302e-06],
        "mean": [6.42174018139e-06, 0.000329159694957, 0.000671633344609, 0.000462129857624, 0.00135557143949, 0.00071638909867, 0.000831116456538, 0.00102644984145, 0.00094172754325, 0.00214291503653, 0.00183075293899, 0.000665353552904, 0.000922053004615, 0.00115933746565, 0.00126129738055, 0.000763657561038, 0.000745648343582, 0.000786789227277, 0.000498652283568, 0.00052605784731, 0.000183691678103, 0.000117274779768, 0.000112715199066, 7.1999776992e-05, 2.63397723756e-05, 2.99290149997e-06, 1.60157220819e-09],
        "min": [2.35746782096e-08, 4.22791345045e-07, 7.65575180139e-07, 8.41353198666e-07, 1.86569886864e-05, 2.32465981753e-06, 6.87432520863e-06, 2.68354506261e-06, 7.12846940587e-06, 2.34466187976e-06, 1.23479378544e-06, 4.42378131993e-06, 2.09680160879e-06, 6.04079059485e-06, 4.76933473692e-06, 3.90345167034e-06, 6.87870578986e-06, 3.43307078765e-06, 1.30266334963e-06, 1.66641530086e-06, 8.91520699042e-07, 1.82015924111e-07, 9.25805281327e-08, 1.43453561918e-07, 7.19111099556e-08, 1.92889366701e-08, 5.94332846826e-11],
        "stdev": [1.16830315164e-05, 0.000586246082094, 0.000948694942053, 0.000662643753458, 0.00215461384505, 0.000820734829176, 0.00103241566103, 0.0015560479369, 0.00193720462266, 0.00405077403411, 0.00413489062339, 0.00106349517591, 0.0025349301286, 0.0025973408483, 0.00240741833113, 0.00135135359596, 0.000922405568417, 0.0010453480063, 0.000584072258789, 0.000705073936842, 0.000223015624215, 0.000266837800154, 0.000363446772099, 0.000297066842904, 9.22009930946e-05, 1.20170006994e-05, 3.63282381954e-08]
    },
    "erbbands": {
        "max": [0.109879896045, 1.55666828156, 8.41450691223, 28.4267024994, 72.2682418823, 120.311294556, 133.533065796, 69.3933639526, 90.2919464111, 320.627105713, 371.85067749, 643.23260498, 1098.44775391, 1820.18249512, 1514.28503418, 545.207336426, 1021.73614502, 1844.77685547, 1473.19287109, 997.361450195, 1262.2208252, 701.468933105, 558.566833496, 378.685668945, 241.542785645, 566.748718262, 130.261474609, 122.524047852, 147.887390137, 322.382110596, 207.930908203, 163.439041138, 80.5305175781, 28.2683753967, 14.3194847107, 3.06310081482, 0.17003172636, 0.00440077343956, 0.00039079101407, 0.000123604739201],
        "mean": [0.00426283013076, 0.100744813681, 0.695340096951, 1.22495114803, 2.79547929764, 4.40321683884, 6.59694671631, 5.18084621429, 9.47565746307, 17.2558860779, 24.4010181427, 25.3208236694, 44.9383659363, 72.6367721558, 68.1259460449, 33.9567909241, 42.2575950623, 62.5506820679, 71.2670288086, 49.9972419739, 41.7405509949, 37.1055221558, 40.4484367371, 36.4795608521, 21.5649852753, 28.0822753906, 13.0960683823, 4.51329135895, 3.72798299789, 4.15799951553, 3.06138920784, 2.00176596642, 0.950156033039, 0.399808496237, 0.133320406079, 0.0319128297269, 0.00171436555684, 5.80039559281e-05, 1.681120375e-05, 2.43737813435e-05],
        "min": [1.80589468073e-05, 0.000202843468287, 0.000897645775694, 0.0028745427262, 0.00752254063264, 0.0383767820895, 0.0516382716596, 0.0686195641756, 0.125242114067, 0.0619078241289, 0.21121366322, 0.170239403844, 0.21071138978, 0.085652410984, 0.0720572769642, 0.196622490883, 0.118490070105, 0.324503302574, 0.160429015756, 0.284581005573, 0.308210849762, 0.54017418623, 0.355711251497, 0.173111543059, 0.0524603277445, 0.0726459026337, 0.0748658850789, 0.0121278529987, 0.00829290319234, 0.00364146009088, 0.00290441070683, 0.00320984679274, 0.00173600087874, 0.000888957991265, 0.000496056920383, 0.000167266422068, 1.30124390125e-05, 8.4353598595e-07, 9.92469153971e-07, 1.72817294697e-06],
        "stdev": [0.0081981010735, 0.174445435405, 1.04310035706, 1.56237924099, 4.42257881165, 8.59796905518, 9.80822563171, 6.07048082352, 11.1044044495, 25.1225566864, 38.7440795898, 52.9716873169, 82.4083557129, 143.709701538, 145.353240967, 49.0336723328, 90.5440063477, 141.592041016, 138.572036743, 76.4852828979, 72.3035888672, 44.1356010437, 48.2572212219, 48.9775619507, 23.2517242432, 38.7718200684, 13.7741031647, 6.43815422058, 7.1803560257, 12.6424865723, 10.1191673279, 8.61288166046, 3.60545396805, 1.34827959538, 0.506230294704, 0.120096810162, 0.00681400438771, 0.000199484289624, 2.04031166504e-05, 1.5827421521e-05]
    },
    "gfcc": {
        "mean": [-8.62228488922, 95.5823287964, -176.240966797, 37.4402542114, -71.4117202759, 11.3973646164, -40.4408798218, 4.64792013168, -25.0808868408, -10.1780948639, -10.8906450272, -12.3368453979, -4.28159189224],
        "cov": [[1432.96228027, -526.817687988, -18.221654892, 68.036277771, -59.3335914612, 223.108398438, -30.0398235321, 123.591461182, -58.6945114136, 7.25360298157, -51.8136444092, -9.67708683014, -41.8508720398], [-526.817687988, 693.28314209, 67.5106658936, -38.4138565063, 96.8087997437, -201.896987915, 49.4744720459, -66.4650192261, 65.995880127, -15.650645256, 42.3616027832, -47.6488609314, 31.9107398987], [-18.221654892, 67.5106658936, 502.122253418, 173.458877563, -39.2950706482, 91.4791183472, -84.5674972534, 58.765171051, -10.2997083664, 43.5971298218, -53.2910003662, 38.3391876221, -35.3534545898], [68.036277771, -38.4138565063, 173.458877563, 279.43069458, 40.4890174866, 56.6365623474, -19.4124622345, 17.5869216919, 28.4249267578, -1.20009493828, -13.4417514801, 26.5167598724, -14.83644104], [-59.3335914612, 96.8087997437, -39.2950706482, 40.4890174866, 175.460113525, 35.657043457, 50.6922187805, -3.98118758202, -7.35596656799, -0.321512103081, 8.91962909698, -5.44768428802, 5.48279476166], [223.108398438, -201.896987915, 91.4791183472, 56.6365623474, 35.657043457, 252.309280396, 48.0878257751, 26.484336853, -44.5551223755, 7.87427186966, -23.3656330109, 10.4929990768, -38.6201133728], [-30.0398235321, 49.4744720459, -84.5674972534, -19.4124622345, 50.6922187805, 48.0878257751, 135.467803955, 3.0073261261, -14.9971170425, -9.14183807373, 18.2808227539, -13.1447601318, -10.7069120407], [123.591461182, -66.4650192261, 58.765171051, 17.5869216919, -3.98118758202, 26.484336853, 3.0073261261, 110.376899719, 23.1306972504, 9.52017021179, -26.7543964386, -0.268987387419, -8.65430927277], [-58.6945114136, 65.995880127, -10.2997083664, 28.4249267578, -7.35596656799, -44.5551223755, -14.9971170425, 23.1306972504, 108.463294983, 6.40089893341, 0.437804490328, -13.49604702, 3.43100404739], [7.25360298157, -15.650645256, 43.5971298218, -1.20009493828, -0.321512103081, 7.87427186966, -9.14183807373, 9.52017021179, 6.40089893341, 79.4659500122, 19.6402072906, 3.62460255623, -22.9122219086], [-51.8136444092, 42.3616027832, -53.2910003662, -13.4417514801, 8.91962909698, -23.3656330109, 18.2808227539, -26.7543964386, 0.437804490328, 19.6402072906, 75.4490203857, 12.2098836899, -1.8446573019], [-9.67708683014, -47.6488609314, 38.3391876221, 26.5167598724, -5.44768428802, 10.4929990768, -13.1447601318, -0.268987387419, -13.49604702, 3.62460255623, 12.2098836899, 68.741973877, 15.4180212021], [-41.8508720398, 31.9107398987, -35.3534545898, -14.83644104, 5.48279476166, -38.6201133728, -10.7069120407, -8.65430927277, 3.43100404739, -22.9122219086, -1.8446573019, 15.4180212021, 71.7197113037]],
        "icov": [[0.00116681098007, 7.35725698178e-05, 0.000866581802256, -0.000680725905113, 0.000665100407787, -0.00109799799975, 0.000998270465061, -0.00153616827447, 0.00100019702222, -0.000283157569356, 1.41437321872e-05, 0.000611491268501, -1.33496087074e-05], [7.35725698178e-05, 0.00830492936075, -0.00807704683393, 0.00436254963279, -0.0065555642359, 0.00816667638719, -0.00743309315294, 0.00623876182362, -0.00592453731224, 0.00448885653168, -0.00423264363781, 0.00515671307221, -0.0016892706044], [0.000866581802256, -0.00807704683393, 0.0124736502767, -0.00691098766401, 0.00780224939808, -0.00954835116863, 0.00982373952866, -0.00846261624247, 0.00774833885953, -0.00668923510239, 0.0061078495346, -0.00559058273211, 0.00237708725035], [-0.000680725905113, 0.00436254963279, -0.00691098766401, 0.00849838834256, -0.00579363387078, 0.00431933021173, -0.00426945695654, 0.00489254528657, -0.00636363681406, 0.00456545222551, -0.00271851173602, 0.000510015408508, 0.000318249891279], [0.000665100407787, -0.0065555642359, 0.00780224939808, -0.00579363387078, 0.0128712924197, -0.00784113071859, 0.00427748635411, -0.00579562177882, 0.00607467908412, -0.00505110109225, 0.00325108529069, -0.00254125567153, -0.000588999246247], [-0.00109799799975, 0.00816667638719, -0.00954835116863, 0.00431933021173, -0.00784113071859, 0.0151815116405, -0.0107316663489, 0.00706417392939, -0.00476183043793, 0.00441302731633, -0.00220601027831, 0.00324231223203, 0.000821053341497], [0.000998270465061, -0.00743309315294, 0.00982373952866, -0.00426945695654, 0.00427748635411, -0.0107316663489, 0.0187792815268, -0.00885862484574, 0.00722180493176, -0.00248747714795, 0.000600160798058, -0.00251713208854, 0.00289418711327], [-0.00153616827447, 0.00623876182362, -0.00846261624247, 0.00489254528657, -0.00579562177882, 0.00706417392939, -0.00885862484574, 0.0185424238443, -0.00926408637315, 0.00226662307978, 0.00107431947254, 0.00184821558651, -0.000872076896485], [0.00100019702222, -0.00592453731224, 0.00774833885953, -0.00636363681406, 0.00607467908412, -0.00476183043793, 0.00722180493176, -0.00926408637315, 0.0174734257162, -0.00507864635438, 0.00236178631894, -6.12936928519e-05, 0.000269937998382], [-0.000283157569356, 0.00448885653168, -0.00668923510239, 0.00456545222551, -0.00505110109225, 0.00441302731633, -0.00248747714795, 0.00226662307978, -0.00507864635438, 0.0198341999203, -0.00862672086805, 0.00207942049019, 0.00405968679115], [1.41437321872e-05, -0.00423264363781, 0.0061078495346, -0.00271851173602, 0.00325108529069, -0.00220601027831, 0.000600160798058, 0.00107431947254, 0.00236178631894, -0.00862672086805, 0.0222587883472, -0.00819173827767, 0.00258730584756], [0.000611491268501, 0.00515671307221, -0.00559058273211, 0.000510015408508, -0.00254125567153, 0.00324231223203, -0.00251713208854, 0.00184821558651, -6.12936928519e-05, 0.00207942049019, -0.00819173827767, 0.0229228176177, -0.00727174896747], [-1.33496087074e-05, -0.0016892706044, 0.00237708725035, 0.000318249891279, -0.000588999246247, 0.000821053341497, 0.00289418711327, -0.000872076896485, 0.000269937998382, 0.00405968679115, 0.00258730584756, -0.00727174896747, 0.019652409479]]
    },
    "melbands": {
        "max": [0.00124555174261, 0.00331222242676, 0.00508862314746, 0.00511015672237, 0.00593946920708, 0.00156876968686, 0.00134336773772, 0.00339209777303, 0.00288690254092, 0.00366872828454, 0.00545464782044, 0.00781159335747, 0.00727777881548, 0.00127742264885, 0.00250013219193, 0.00455887569115, 0.00295406556688, 0.00325028318912, 0.0020575132221, 0.00118501787074, 0.00169419543818, 0.000642955186777, 0.000681602978148, 0.00102386192884, 0.000354587653419, 0.000181094059371, 0.000328746478772, 0.000382840516977, 0.000108052285213, 7.44006974855e-05, 6.46862536087e-05, 6.98617805028e-05, 0.000178049929673, 0.000150529231178, 0.000121020551887, 0.000138429284561, 0.000101754245406, 6.97416908224e-05, 2.75105121545e-05, 2.29927627515e-05],
        "mean": [6.25678294455e-05, 0.000282197230263, 0.000259175314568, 0.000251059042057, 0.000235320287175, 0.000125677965116, 0.000150797888637, 0.000189239624888, 0.000194532476598, 0.000149911313201, 0.00022365093173, 0.000289922929369, 0.000268151285127, 7.99356930656e-05, 8.35480241221e-05, 0.000106347019027, 0.00011185969197, 0.000111151559395, 8.00060442998e-05, 5.78432845941e-05, 4.84782649437e-05, 3.7560275814e-05, 3.98214251618e-05, 3.91782159568e-05, 2.88571864075e-05, 1.51005961015e-05, 1.46665224747e-05, 1.95733027795e-05, 9.47973694565e-06, 4.03200192522e-06, 2.1688583729e-06, 1.92711650016e-06, 2.51127789852e-06, 2.18632135329e-06, 1.72143279542e-06, 1.58701686814e-06, 1.10115843199e-06, 7.20405125776e-07, 4.51670928214e-07, 2.94184644645e-07],
        "min": [1.27075466594e-07, 4.20965903913e-07, 5.25242967342e-07, 2.91490778181e-06, 1.32855120683e-06, 9.11944312065e-07, 1.70717464698e-06, 5.79327149808e-07, 5.21879599091e-07, 9.17856255001e-07, 1.04863056549e-06, 2.87834751589e-07, 1.91226106949e-07, 4.67408852955e-07, 4.02329987992e-07, 2.54239637343e-07, 6.47244974061e-07, 1.99237859988e-07, 4.4671003252e-07, 2.71205891522e-07, 4.06271681186e-07, 2.15376772417e-07, 3.28828839713e-08, 1.65337638691e-07, 1.30860058789e-07, 3.20902948658e-08, 2.41078517149e-08, 2.88482375765e-08, 4.09240179522e-08, 2.44474467337e-08, 2.0693138314e-09, 3.87739973462e-09, 2.6280024823e-09, 1.42722988983e-09, 1.62201740928e-09, 1.84623250021e-09, 1.63139990406e-09, 1.22337839858e-09, 8.45015946105e-10, 6.8271366338e-10],
        "stdev": [0.000111801135063, 0.000405202881666, 0.000303343782434, 0.000401877710829, 0.0003755876387, 0.000143514611409, 0.000172907108208, 0.000264524918748, 0.000303982931655, 0.000323023443343, 0.000422303128289, 0.000613041280303, 0.000625572865829, 0.0001138745356, 0.000160172261531, 0.000278038089164, 0.000256117840763, 0.000237605767325, 0.000159579722094, 9.68187159742e-05, 8.92287425813e-05, 4.86500357511e-05, 5.7640401792e-05, 6.27607078059e-05, 4.39163850388e-05, 1.78421778401e-05, 2.10047564906e-05, 2.80783515336e-05, 1.15206639748e-05, 5.75710691919e-06, 3.70034922526e-06, 3.34862806994e-06, 7.05931915945e-06, 6.71149336995e-06, 5.13698660143e-06, 6.54213090456e-06, 5.11893040311e-06, 2.95786571769e-06, 1.40758743328e-06, 1.05193191757e-06]
    },
    "melbands128": {
        "max": [0.000152871187311, 0.000587061920669, 0.00223456439562, 0.00341892405413, 0.00518727162853, 0.00576270371675, 0.00625798478723, 0.00595490075648, 0.00892045069486, 0.00659850612283, 0.00746559444815, 0.0122231347486, 0.00425278581679, 0.0019127757987, 0.00127357593738, 0.00323352217674, 0.00204025954008, 0.00248334836215, 0.0037242132239, 0.00604054611176, 0.00451225833967, 0.00380498310551, 0.00502319866791, 0.00503329560161, 0.00813697837293, 0.00428896024823, 0.00511652743444, 0.0101347491145, 0.00594068691134, 0.0122217852622, 0.00931743253022, 0.0101666608825, 0.0136517016217, 0.0044250539504, 0.0015553352423, 0.0021048411727, 0.00292560574599, 0.00496244756505, 0.00604787515476, 0.00553753506392, 0.00669169658795, 0.0135649619624, 0.00509472936392, 0.00393275124952, 0.00855437573045, 0.00525141647086, 0.00458754273131, 0.0049136551097, 0.00265945959836, 0.00273921759799, 0.00174389942549, 0.0042017060332, 0.00395863503218, 0.00164622382727, 0.00163335795514, 0.0012272989843, 0.00163386762142, 0.00127114600036, 0.00146254035644, 0.000701256794855, 0.00199694884941, 0.00133217847906, 0.000917662342545, 0.000549970893189, 0.000411950517446, 0.000205751479371, 0.000554091413505, 0.000203074800083, 0.000648314657155, 0.000768968369812, 0.000541027693544, 0.000404363992857, 0.000345780979842, 0.000246257695835, 0.000126162107335, 0.00015790980251, 8.18609842099e-05, 0.000122451019706, 6.23858213658e-05, 5.57646199013e-05, 6.23554878985e-05, 8.01884525572e-05, 0.000124406375107, 0.000163866425282, 0.00033144588815, 0.000231320562307, 0.000181574985618, 6.90066954121e-05, 0.000137075592647, 0.000149281680933, 0.000289189832984, 0.000140972959343, 0.000125933904201, 0.000115192851808, 0.000133259003633, 0.000110250650323, 7.70208498579e-05, 3.62752580259e-05, 2.50948432949e-05, 2.84921879938e-05, 2.91986234515e-05, 1.8404205548e-05, 2.12244776776e-05, 1.69860722963e-05, 2.28303688345e-05, 1.09669617814e-05, 7.91192906036e-06, 8.57204486238e-06, 8.0962154243e-06, 2.70311466011e-06, 1.0892759974e-06, 9.86869508779e-07, 4.95012670854e-07, 3.829854478e-08, 8.40107361455e-09, 8.18214118681e-09, 7.96656696167e-09, 7.74588393426e-09, 7.5494774876e-09, 7.3639214726e-09, 7.16171166815e-09, 7.02338454062e-09, 6.8920904539e-09, 6.77515776815e-09, 6.66372912406e-09, 6.60909282857e-09, 6.54308962567e-09, 6.49770282024e-09],
        "mean": [4.87924535264e-06, 2.137581032e-05, 5.97676626057e-05, 0.000189007769222, 0.000350423739292, 0.000309384457069, 0.000236186606344, 0.000235425424762, 0.000315489683999, 0.0002140403667, 0.000233426500927, 0.000310919713229, 0.000259356398601, 0.00012097034778, 7.85563606769e-05, 0.000159777599038, 0.000169579419889, 0.000122947225464, 0.000146718361066, 0.000244538416155, 0.000146129284985, 0.000212562867091, 0.000225918221986, 0.000128591942484, 0.000201616494451, 0.000107677689812, 0.000151167158037, 0.00028647002182, 0.000187701967661, 0.00038169711479, 0.000262629444478, 0.000226425225264, 0.0004261485592, 0.000157702103024, 4.06353174185e-05, 7.47049271013e-05, 0.000116319577501, 5.91072021052e-05, 8.86738998815e-05, 9.28170338739e-05, 8.2444792497e-05, 0.000177667723619, 0.000112193818495, 8.86693378561e-05, 7.66668235883e-05, 0.000117487230455, 0.00015965399507, 6.612418656e-05, 4.41077645519e-05, 8.99353035493e-05, 4.6727800509e-05, 4.64585100417e-05, 5.17139451404e-05, 4.03751037084e-05, 6.2313505623e-05, 2.46611798502e-05, 2.83690587821e-05, 5.50641962036e-05, 3.95636561734e-05, 2.19365174416e-05, 4.42543205281e-05, 4.49944782304e-05, 4.05244791182e-05, 2.30470504903e-05, 1.08884269139e-05, 1.36261132866e-05, 2.13798321056e-05, 9.98479936243e-06, 1.08110780275e-05, 2.32602469623e-05, 2.46123181569e-05, 1.50455362018e-05, 1.16791707114e-05, 9.32359762373e-06, 5.26259736944e-06, 5.60762691748e-06, 2.34472531702e-06, 1.94669223674e-06, 2.11968813346e-06, 2.64852928922e-06, 1.68745441442e-06, 1.44856039697e-06, 2.67796963271e-06, 2.5804777124e-06, 2.46108720603e-06, 2.62198477685e-06, 2.01422380997e-06, 1.49980371589e-06, 1.71165447682e-06, 1.80048164111e-06, 1.91945287042e-06, 1.42746637266e-06, 1.24419307213e-06, 1.15474847462e-06, 9.82936171567e-07, 8.40102927668e-07, 6.83444625338e-07, 5.13311249506e-07, 4.80170285755e-07, 3.90746805579e-07, 3.62785868901e-07, 2.71956423603e-07, 2.34086115825e-07, 1.61889317951e-07, 1.4387656222e-07, 1.21544104559e-07, 1.00891249133e-07, 7.56676143965e-08, 5.2409379947e-08, 2.74027485148e-08, 1.06734843186e-08, 2.6249569185e-09, 4.41779945959e-10, 3.06788691673e-11, 9.85119191083e-12, 7.95937621367e-12, 7.65789428397e-12, 7.42099437456e-12, 7.2442546753e-12, 7.09173258312e-12, 6.91912065837e-12, 6.79091548619e-12, 6.65988878629e-12, 6.53136182291e-12, 6.45802638796e-12, 6.41535739462e-12, 6.3614690772e-12, 6.31199606471e-12],
        "min": [3.56847196237e-09, 2.47738807246e-08, 7.15135541896e-08, 1.46646812027e-07, 1.50427268863e-07, 3.59342266165e-07, 4.1484798885e-07, 2.48215627607e-07, 1.78641840876e-07, 7.59355657465e-07, 4.32467942346e-07, 6.45253464882e-07, 4.4108082875e-07, 1.34737916824e-07, 8.40298355342e-08, 1.1912814557e-07, 3.52385285396e-07, 6.23153084689e-07, 3.884417481e-07, 4.98625581713e-07, 2.33933761251e-07, 1.18962638851e-07, 1.20532462233e-07, 1.62428918316e-07, 1.37967759883e-07, 3.86171080891e-07, 1.96059602331e-07, 1.71681506345e-07, 7.21787571933e-08, 6.75573517128e-08, 7.92451686493e-08, 1.47969231534e-07, 2.18532889562e-07, 1.58442546194e-07, 1.32361250849e-07, 8.36417939354e-08, 1.89682310747e-07, 2.56956440126e-07, 2.4981147817e-07, 1.01928364415e-07, 1.20023415207e-07, 1.539915786e-07, 1.05665904471e-07, 9.01816434862e-08, 4.81567461463e-08, 1.22590876117e-07, 1.57759913577e-07, 1.848949438e-07, 5.72272327304e-08, 1.53643938461e-07, 6.86603982558e-08, 1.51803362769e-07, 5.69195073297e-08, 2.25184209057e-07, 1.29871366994e-07, 6.49106226547e-08, 9.92150184231e-09, 2.86001160532e-08, 1.94442471013e-08, 1.94599305559e-08, 5.78732013423e-08, 8.80899406752e-08, 5.93143063554e-08, 3.72867958731e-08, 4.81967354915e-09, 5.38692823682e-09, 4.01053057431e-08, 1.33746800302e-08, 7.3969830261e-09, 1.27656445414e-08, 9.65925561758e-09, 9.12408637532e-09, 1.10540101517e-08, 6.69689814714e-09, 1.31646666901e-08, 8.56128146154e-09, 4.64396165967e-09, 1.50899515106e-09, 1.37769218256e-09, 1.0446931098e-09, 3.13365311477e-09, 1.38648803549e-09, 2.05072625548e-09, 1.59819335543e-09, 1.19856369274e-09, 9.32687815869e-10, 1.30192523429e-09, 1.43880041215e-09, 9.25902410298e-10, 8.5469903377e-10, 7.70046193477e-10, 9.13089326371e-10, 2.51386755856e-09, 8.64691152014e-10, 7.42696404377e-10, 9.77102398991e-10, 8.73541239343e-10, 6.11211581347e-10, 4.47956310934e-10, 4.22270246547e-10, 4.53108661702e-10, 6.07348615844e-10, 2.23174700942e-10, 3.36898620112e-10, 1.97544050562e-10, 2.87628448836e-10, 2.45055781223e-10, 3.15275416884e-10, 1.1477407913e-10, 1.05721952026e-10, 3.57894928971e-11, 4.25282395021e-13, 2.15822273789e-13, 1.88978769699e-13, 2.37915888162e-13, 1.63781680817e-13, 1.85052345084e-13, 1.72804438402e-13, 1.72302290166e-13, 2.02627967031e-13, 1.69125753983e-13, 1.62546557702e-13, 2.06199898193e-13, 2.01077219111e-13, 2.23406539037e-13, 2.13676122694e-13, 1.74799682107e-13, 1.92797072252e-13],
        "stdev": [8.6638619905e-06, 4.38887800556e-05, 0.000154533408931, 0.000356641190592, 0.000603909546044, 0.000420460128225, 0.000352618895704, 0.000341648235917, 0.00056841422338, 0.000420347350882, 0.000549444579519, 0.000684223370627, 0.000421128585003, 0.000172216256033, 0.000126572631416, 0.000256862695096, 0.00024565088097, 0.000223470968194, 0.000255761231529, 0.000440425152192, 0.000277903920505, 0.000413179688621, 0.000465995341074, 0.000319227896398, 0.000571602024138, 0.00036192216794, 0.00035375074367, 0.000713017303497, 0.00049546174705, 0.00103864842094, 0.000745788041968, 0.000671340560075, 0.00119319919031, 0.000420830154326, 0.000103869970189, 0.000150667488924, 0.000233281069086, 0.000207946752198, 0.000288730894681, 0.000322265492287, 0.000351089518517, 0.000717064540368, 0.000332413299475, 0.000249092030572, 0.000342563755112, 0.00035772001138, 0.000414008565713, 0.000269951240625, 0.000121691191453, 0.000197635308723, 0.000115312454, 0.000157633243361, 0.000174004861037, 8.00910420367e-05, 0.000119050695503, 5.07699696755e-05, 7.20684183761e-05, 0.000107337065856, 8.30630669952e-05, 4.77108151244e-05, 0.000104832077341, 0.000101027049823, 9.14735210245e-05, 4.33895984315e-05, 2.31511985476e-05, 1.9734576199e-05, 3.71026508219e-05, 1.69150134752e-05, 2.59014304902e-05, 4.86255994474e-05, 4.91614810016e-05, 2.88735554932e-05, 2.04693224077e-05, 1.62626220117e-05, 9.12059476832e-06, 1.06907773443e-05, 4.60702904093e-06, 5.60059697818e-06, 4.01323541155e-06, 4.62218486064e-06, 3.73505031348e-06, 3.18424190482e-06, 5.66961307413e-06, 7.81870312494e-06, 1.0980587831e-05, 8.38053347252e-06, 6.79419736116e-06, 3.46246224581e-06, 4.82888071929e-06, 7.13803865438e-06, 9.16222688829e-06, 6.09939570495e-06, 5.17927264809e-06, 5.99647682975e-06, 4.93491825182e-06, 4.02582463721e-06, 2.85395935862e-06, 1.68027406744e-06, 1.43480099268e-06, 1.43761633353e-06, 1.29963063955e-06, 1.04839273263e-06, 9.05847855392e-07, 6.4200213501e-07, 6.75513092574e-07, 4.70108375339e-07, 3.46989196487e-07, 3.16160679859e-07, 2.31815590723e-07, 1.0374495929e-07, 4.01808826211e-08, 2.32489352214e-08, 1.08842614921e-08, 8.57228676931e-10, 1.94986943258e-10, 1.79005102408e-10, 1.74283615317e-10, 1.69441752296e-10, 1.65152377885e-10, 1.61091334716e-10, 1.56665153073e-10, 1.53632065403e-10, 1.50762360929e-10, 1.48200576811e-10, 1.45771089644e-10, 1.44572243066e-10, 1.43122444451e-10, 1.42134415348e-10]
    },
    "mfcc": {
        "mean": [-626.929138184, 108.64540863, -38.0084228516, 16.5010051727, -7.88337659836, -1.05248379707, -4.33672332764, 3.54585075378, -7.39466810226, 2.61643600464, -9.44029045105, -3.65486073494, -2.87333130836],
        "cov": [[1545.08337402, -579.026489258, -27.7137680054, -130.934127808, 4.54143333435, 6.73719120026, 60.6345939636, 83.4876480103, 20.8672180176, 93.5633926392, 13.6907539368, -82.2542648315, -23.4565792084], [-579.026489258, 711.069641113, -92.8958435059, 95.3579101562, -23.9942417145, -66.1521987915, -20.9600200653, -78.312828064, -15.7760190964, -13.0714216232, 1.01313149929, 45.0765991211, 0.871792316437], [-27.7137680054, -92.8958435059, 511.324157715, 56.6189155579, 86.4846954346, 47.7937965393, -31.4890918732, 22.8208141327, 43.9907608032, -34.6992721558, 26.1349716187, 31.943397522, 8.93840408325], [-130.934127808, 95.3579101562, 56.6189155579, 220.461593628, 63.6159095764, -3.41162133217, -39.0709724426, 2.24552130699, 14.8248319626, -18.3157367706, -11.9400758743, 38.6126174927, 26.9853858948], [4.54143333435, -23.9942417145, 86.4846954346, 63.6159095764, 149.283584595, 34.0210151672, -3.12682318687, 17.8353595734, 33.8999633789, -1.32713341713, -8.32783603668, 6.25466442108, 6.63370943069], [6.73719120026, -66.1521987915, 47.7937965393, -3.41162133217, 34.0210151672, 174.186828613, 78.5161819458, 36.7456245422, -7.84928274155, -1.12830889225, 25.6804924011, -22.6975536346, -2.1537399292], [60.6345939636, -20.9600200653, -31.4890918732, -39.0709724426, -3.12682318687, 78.5161819458, 166.745635986, 38.2544059753, -10.7307157516, 6.70343208313, 25.6833057404, -28.0196495056, -11.3382673264], [83.4876480103, -78.312828064, 22.8208141327, 2.24552130699, 17.8353595734, 36.7456245422, 38.2544059753, 105.189888, 33.4492225647, 8.54822635651, -0.014802550897, -21.4824390411, 1.98371255398], [20.8672180176, -15.7760190964, 43.9907608032, 14.8248319626, 33.8999633789, -7.84928274155, -10.7307157516, 33.4492225647, 103.751266479, 14.7588968277, 4.61058187485, -10.1726646423, -2.70899510384], [93.5633926392, -13.0714216232, -34.6992721558, -18.3157367706, -1.32713341713, -1.12830889225, 6.70343208313, 8.54822635651, 14.7588968277, 85.9601364136, 23.6659107208, -6.38290214539, -11.8190107346], [13.6907539368, 1.01313149929, 26.1349716187, -11.9400758743, -8.32783603668, 25.6804924011, 25.6833057404, -0.014802550897, 4.61058187485, 23.6659107208, 97.0069122314, 18.4171733856, -11.6146183014], [-82.2542648315, 45.0765991211, 31.943397522, 38.6126174927, 6.25466442108, -22.6975536346, -28.0196495056, -21.4824390411, -10.1726646423, -6.38290214539, 18.4171733856, 100.408782959, 31.0797901154], [-23.4565792084, 0.871792316437, 8.93840408325, 26.9853858948, 6.63370943069, -2.1537399292, -11.3382673264, 1.98371255398, -2.70899510384, -11.8190107346, -11.6146183014, 31.0797901154, 71.99609375]],
        "icov": [[0.00106993527152, 0.000845707894769, 6.48584609735e-05, 8.30307908473e-05, -0.000151352345711, 0.000559025327675, -0.000343947089277, -0.000162527154316, 0.000160560928634, -0.000916805409361, -0.000116414885269, 0.000452979205875, -7.86338496255e-05], [0.000845707894769, 0.00244143279269, 0.000368646520656, -0.000904624292161, 0.000215902779019, 0.000844474299811, -0.000746655918192, 0.00110306078568, -0.000184614997124, -0.000513441569638, -0.000175247405423, -8.37261031847e-05, 0.000313300086418], [6.48584609735e-05, 0.000368646520656, 0.00257879169658, -0.000165185221704, -0.00102357333526, -0.000639105797745, 0.000746393809095, -0.000207548378967, -0.00080238719238, 0.00131995941047, -0.00096146838041, -0.000696542265359, 0.000288955663564], [8.30307908473e-05, -0.000904624292161, -0.000165185221704, 0.00641178153455, -0.00242233462632, -0.000285954331048, 0.00128024374135, -0.00111031986307, -2.03785893973e-05, 0.000696782488376, 0.000321978121065, -0.00140083592851, -0.00112759915646], [-0.000151352345711, 0.000215902779019, -0.00102357333526, -0.00242233462632, 0.00947690010071, -0.00204155547544, -0.000171919411514, 0.000451386964414, -0.00261646229774, -0.000712136272341, 0.00188864266966, -0.00075520115206, 0.000424637983087], [0.000559025327675, 0.000844474299811, -0.000639105797745, -0.000285954331048, -0.00204155547544, 0.00921505875885, -0.00353711331263, -0.00144952058326, 0.00208602496423, 1.20537497423e-05, -0.00226608291268, 0.00222392729484, -0.000940036727116], [-0.000343947089277, -0.000746655918192, 0.000746393809095, 0.00128024374135, -0.000171919411514, -0.00353711331263, 0.00930789299309, -0.00284040602855, 0.00120164756663, 0.000771845690906, -0.00193720357493, 0.000984751386568, 0.000212900413317], [-0.000162527154316, 0.00110306078568, -0.000207548378967, -0.00111031986307, 0.000451386964414, -0.00144952058326, -0.00284040602855, 0.0137382149696, -0.00437514623627, -0.000752143620048, 0.00109699962195, 0.00134272361174, -0.00122593878768], [0.000160560928634, -0.000184614997124, -0.00080238719238, -2.03785893973e-05, -0.00261646229774, 0.00208602496423, 0.00120164756663, -0.00437514623627, 0.0129987588152, -0.00190423219465, -0.00145898328628, 0.00202349969186, -0.0001573094778], [-0.000916805409361, -0.000513441569638, 0.00131995941047, 0.000696782488376, -0.000712136272341, 1.20537497423e-05, 0.000771845690906, -0.000752143620048, -0.00190423219465, 0.0147674158216, -0.00375222344883, -6.46340340609e-05, 0.00126591010485], [-0.000116414885269, -0.000175247405423, -0.00096146838041, 0.000321978121065, 0.00188864266966, -0.00226608291268, -0.00193720357493, 0.00109699962195, -0.00145898328628, -0.00375222344883, 0.0141357034445, -0.00468344381079, 0.00301709072664], [0.000452979205875, -8.37261031847e-05, -0.000696542265359, -0.00140083592851, -0.00075520115206, 0.00222392729484, 0.000984751386568, 0.00134272361174, 0.00202349969186, -6.46340340609e-05, -0.00468344381079, 0.0152354193851, -0.00625262456015], [-7.86338496255e-05, 0.000313300086418, 0.000288955663564, -0.00112759915646, 0.000424637983087, -0.000940036727116, 0.000212900413317, -0.00122593878768, -0.0001573094778, 0.00126591010485, 0.00301709072664, -0.00625262456015, 0.017634857446]]
    },
    "spectral_contrast_coeffs": {
        "max": [-0.46078184247, -0.524390161037, -0.479760050774, -0.552727520466, -0.587720990181, -0.661883115768],
        "mean": [-0.696664333344, -0.748981297016, -0.714915931225, -0.742174625397, -0.736544847488, -0.747039854527],
        "min": [-0.845656752586, -0.906040966511, -0.897463738918, -0.910764098167, -0.863512217999, -0.855683147907],
        "stdev": [0.0622389763594, 0.0584747828543, 0.0726343095303, 0.0601809322834, 0.0470497198403, 0.0303674861789]
    },
    "spectral_contrast_valleys": {
        "max": [-5.51411104202, -5.04924631119, -5.70242071152, -5.87839460373, -5.65042877197, -7.57677173615],
        "mean": [-7.33672332764, -6.78993844986, -7.22522592545, -7.37877178192, -7.35590362549, -10.4396438599],
        "min": [-9.296210289, -8.37642288208, -8.77355575562, -8.97784900665, -9.89123344421, -12.8183603287],
        "stdev": [0.569578409195, 0.48877620697, 0.479598611593, 0.437004089355, 0.496208101511, 0.741182088852]
    }
},
"rhythm": {
    "beats_count": 114,
    "beats_loudness": {
        "max": 0.068805962801,
        "mean": 0.0236611068249,
        "min": 0.00545501336455,
        "stdev": 0.0119355283678
    },
    "bpm": 139.954803467,
    "bpm_histogram_first_peak_bpm": 140,
    "bpm_histogram_first_peak_weight": 0.354838728905,
    "bpm_histogram_second_peak_bpm": 148,
    "bpm_histogram_second_peak_spread": 0.33333337307,
    "bpm_histogram_second_peak_weight": 0.123893804848,
    "danceability": 1.23569941521,
    "onset_rate": 3.2607421875,
    "beats_loudness_band_ratio": {
        "max": [0.559933781624, 0.57001543045, 0.663062572479, 0.78570073843, 0.787890255451, 0.735208570957],
        "mean": [0.119859993458, 0.117391809821, 0.207134008408, 0.288118332624, 0.237030789256, 0.0902760401368],
        "min": [0.00348704238422, 0.00314109027386, 0.00709904776886, 0.0188766922802, 0.037496060133, 0.0041647721082],
        "stdev": [0.130884766579, 0.11500749737, 0.156919524074, 0.192451953888, 0.156768739223, 0.103408500552]
    },
