{
"metadata": {
    "version": {
        "essentia": "2.1-beta5",
        "essentia_git_sha": "Undefined",
        "extractor": "music 2.0"
    },
    "audio_properties": {
        "analysis": {
            "equal_loudness": 0,
            "length": 12.7477550507,
            "sample_rate": 44100,
            "start_time": 0,
            "downmix": "mix"
        },
        "bit_rate": 192000,
        "length": 172.106307983,
        "lossless": 0,
        "number_channels": 2,
        "replay_gain": -8.15922737122,
        "sample_rate": 44100,
        "codec": "mp3",
        "md5_encoded": "ec1520472a06f5e536932529e07c0a8d"
    },
    "tags": {
        "file_name": "Turkey_Sevince_Nazar.mp3",
        "encoding": ["Lavf58.29.100"]
    }
},
"lowlevel": {
    "average_loudness": 0.864619255066,
    "barkbands_crest": {
        "max": 21.4809398651,
        "mean": 7.23854017258,
        "min": 2.48755455017,
        "stdev": 2.96031689644
    },
    "barkbands_flatness_db": {
        "max": 0.306200236082,
        "mean": 0.12625412643,
        "min": 0.062915943563,
        "stdev": 0.0425981767476
    },
    "barkbands_kurtosis": {
        "max": 45.8263015747,
        "mean": 0.859231710434,
        "min": -1.67968916893,
        "stdev": 3.78499531746
    },
    "barkbands_skewness": {
        "max": 6.22173404694,
        "mean": 1.01783943176,
        "min": -2.03346514702,
        "stdev": 0.777029693127
    },
    "barkbands_spread": {
        "max": 63.9034767151,
        "mean": 31.2184047699,
        "min": 2.64742898941,
        "stdev": 14.4271936417
    },
    "dissonance": {
        "max": 0.499999970198,
        "mean": 0.478403538465,
        "min": 0.358104228973,
        "stdev": 0.0205282904208
    },
    "dynamic_complexity": 10.3732156754,
    "erbbands_crest": {
        "max": 15.2005815506,
        "mean": 5.53078269958,
        "min": 2.01578044891,
        "stdev": 2.55034828186
    },
    "erbbands_flatness_db": {
        "max": 0.263382524252,
        "mean": 0.161033779383,
        "min": 0.0938782021403,
        "stdev": 0.0473620072007
    },
    "erbbands_kurtosis": {
        "max": 3.3271856308,
        "mean": -0.582381784916,
        "min": -1.47934222221,
        "stdev": 0.607572376728
    },
    "erbbands_skewness": {
        "max": 1.73652350903,
        "mean": -0.0469071492553,
        "min": -1.77188944817,
        "stdev": 0.418817490339
    },
    "erbbands_spread": {
        "max": 93.8054275513,
        "mean": 46.7480583191,
        "min": 9.83952522278,
        "stdev": 20.5493278503
    },
    "hfc": {
        "max": 130.255310059,
        "mean": 14.3990039825,
        "min": 1.19810361935e-16,
        "stdev": 18.7513122559
    },
    "loudness_ebu128": {
        "integrated": -15.4802656174,
        "loudness_range": 21.2422332764,
        "momentary": {
            "max": -13.0655231476,
            "mean": -24.8204040527,
            "min": -47.0914154053,
            "stdev": 11.166311264
        },
        "short_term": {
            "max": -15.1425437927,
            "mean": -21.926990509,
            "min": -38.0767440796,
            "stdev": 8.98878479004
        }
    },
    "melbands_crest": {
        "max": 23.5158557892,
        "mean": 10.4735736847,
        "min": 1.85851490498,
        "stdev": 3.90978384018
    },
    "melbands_flatness_db": {
        "max": 0.375290423632,
        "mean": 0.142350360751,
        "min": 0.00439654523507,
        "stdev": 0.0565735511482
    },
    "melbands_kurtosis": {
        "max": 171.568435669,
        "mean": 8.03910064697,
        "min": -1.23022484779,
        "stdev": 11.8182153702
    },
    "melbands_skewness": {
        "max": 10.6135025024,
        "mean": 2.2937476635,
        "min": -0.191338554025,
        "stdev": 1.25161576271
    },
    "melbands_spread": {
        "max": 143.898666382,
        "mean": 32.3686141968,
        "min": 2.44544148445,
        "stdev": 16.1117210388
    },
    "pitch_salience": {
        "max": 0.889958679676,
        "mean": 0.658720314503,
        "min": 0.414663344622,
        "stdev": 0.0823679566383
    },
    "silence_rate_20dB": {
        "max": 1,
        "mean": 1,
        "min": 1,
        "stdev": 0
    },
    "silence_rate_30dB": {
        "max": 1,
        "mean": 0.990909099579,
        "min": 0,
        "stdev": 0.0949115306139
    },
    "silence_rate_60dB": {
        "max": 1,
        "mean": 0.430909097195,
        "min": 0,
        "stdev": 0.495204418898
    },
    "spectral_centroid": {
        "max": 11311.3017578,
        "mean": 1703.4810791,
        "min": 260.264007568,
        "stdev": 800.3046875
    },
    "spectral_complexity": {
        "max": 51,
        "mean": 15.9799995422,
        "min": 0,
        "stdev": 15.1087341309
    },
    "spectral_decrease": {
        "max": 5.55701145584e-29,
        "mean": -3.62336360915e-09,
        "min": -4.06213267468e-08,
        "stdev": 4.80564965599e-09
    },
    "spectral_energy": {
        "max": 0.156963393092,
        "mean": 0.014981453307,
        "min": 1.06574168226e-20,
        "stdev": 0.0195080451667
    },
    "spectral_energyband_high": {
        "max": 0.00638763559982,
        "mean": 0.000460388866486,
        "min": 7.76366681342e-21,
        "stdev": 0.000894008553587
    },
    "spectral_energyband_low": {
        "max": 0.0698426514864,
        "mean": 0.00231279945001,
        "min": 4.30336245573e-23,
        "stdev": 0.00523691810668
    },
    "spectral_energyband_middle_high": {
        "max": 0.0568840615451,
        "mean": 0.00502149481326,
        "min": 1.51208111104e-21,
        "stdev": 0.00686999317259
    },
    "spectral_energyband_middle_low": {
        "max": 0.12408259511,
        "mean": 0.00779160764068,
        "min": 2.71107158343e-22,
        "stdev": 0.0124676050618
    },
    "spectral_entropy": {
        "max": 9.79534244537,
        "mean": 7.83713579178,
        "min": 6.21709823608,
        "stdev": 0.451625108719
    },
    "spectral_flux": {
        "max": 0.289626151323,
        "mean": 0.0496485568583,
        "min": 6.75859646027e-11,
        "stdev": 0.0459350831807
    },
    "spectral_kurtosis": {
        "max": 19.9515743256,
        "mean": 3.06818652153,
        "min": -1.21065711975,
        "stdev": 3.21961736679
    },
    "spectral_rms": {
        "max": 0.0123747736216,
        "mean": 0.00292556686327,
        "min": 3.22451245392e-12,
        "stdev": 0.0024611200206
    },
    "spectral_rolloff": {
        "max": 18690.8203125,
        "mean": 2440.65063477,
        "min": 215.33203125,
        "stdev": 1977.19372559
    },
    "spectral_skewness": {
        "max": 3.16476941109,
        "mean": 1.19354426861,
        "min": -0.015935741365,
        "stdev": 0.462103039026
    },
    "spectral_spread": {
        "max": 41488964,
        "mean": 4588600,
        "min": 2035854.875,
        "stdev": 2724422.75
    },
    "spectral_strongpeak": {
        "max": 6.83267879486,
        "mean": 0.574940681458,
        "min": 0,
        "stdev": 0.861193537712
    },
    "zerocrossingrate": {
        "max": 0.50830078125,
        "mean": 0.085838958621,
        "min": 0.009765625,
        "stdev": 0.0505149066448
    },
    "barkbands": {
        "max": [0.000664026243612, 0.018704470247, 0.0317866578698, 0.0843041092157, 0.0349828861654, 0.0169659666717, 0.0464682467282, 0.0197778400034, 0.0112197203562, 0.00931551959366, 0.0127313472331, 0.00862012896687, 0.0228774603456, 0.00632444350049, 0.0053364597261, 0.00801384542137, 0.00471391994506, 0.00475418521091, 0.00374314887449, 0.003511184128, 0.00248323730193, 0.00262207794003, 0.000744137505535, 0.00111049646512, 0.000820052810013, 8.73812605278e-05, 1.02812794012e-06],
        "mean": [1.24105199575e-05, 0.000448903883807, 0.00140634528361, 0.00104037986603, 0.00189489882905, 0.00102097552735, 0.00191855023149, 0.000788717414252, 0.000883865461219, 0.000738266506232, 0.000615147873759, 0.000499598390888, 0.000752897874918, 0.000401659315685, 0.000476634566439, 0.000443619297585, 0.000470102822874, 0.000287722417852, 0.000304203014821, 0.000253831763985, 0.000108822503535, 0.000104208280391, 5.09215569764e-05, 3.89899796573e-05, 1.83615520655e-05, 1.42148871873e-06, 2.38058039947e-09],
        "min": [8.2648089293e-24, 3.64479415635e-24, 5.5585316638e-24, 6.0778671967e-24, 2.19068582423e-23, 3.20727430671e-23, 6.20033942995e-23, 4.16248451983e-23, 4.34507521158e-23, 4.40233073608e-23, 2.18581097938e-23, 1.82711620977e-22, 1.1170021769e-22, 9.26020024594e-23, 1.11432194309e-22, 1.06364678071e-22, 8.62696203357e-23, 1.70277166248e-22, 2.18237069387e-22, 2.90223492131e-22, 3.82879534718e-22, 3.28394388742e-22, 6.77947061947e-22, 8.69245149887e-22, 1.12337246221e-21, 1.46322393857e-21, 2.24870523746e-21],
        "stdev": [3.94999697164e-05, 0.00108968187124, 0.00292570283636, 0.00458917114884, 0.00336671783589, 0.00167561741546, 0.00442676944658, 0.0018156375736, 0.00144112273119, 0.00125368498266, 0.00127249711659, 0.00091761094518, 0.00180450861808, 0.000718500697985, 0.000737635185942, 0.000744108750951, 0.000738340313546, 0.000550519675016, 0.000491138431244, 0.000453109969385, 0.000221877489821, 0.000249082135269, 9.91342894849e-05, 0.000116924486065, 7.1475180448e-05, 7.43096825317e-06, 4.37937615061e-08]
    },
    "erbbands": {
        "max": [0.16680470109, 5.32591629028, 33.2813529968, 156.094696045, 220.816680908, 144.757141113, 72.4254760742, 164.508590698, 716.917114258, 417.823303223, 474.829162598, 320.495910645, 212.670959473, 476.559356689, 654.784423828, 307.097045898, 1204.27429199, 317.80670166, 281.778656006, 390.195831299, 316.717712402, 204.673812866, 229.778671265, 223.690460205, 199.388244629, 238.942825317, 116.124465942, 71.9405899048, 102.577392578, 50.6689605713, 19.861743927, 30.5713443756, 13.5998573303, 10.2198667526, 5.17463254929, 1.1102449894, 0.0410395748913, 0.00133371038828, 0.000158094160724, 0.000179397218744],
        "mean": [0.00493430346251, 0.152740672231, 1.45155525208, 2.53038287163, 5.51618051529, 5.938601017, 6.26942873001, 8.80781650543, 28.65184021, 19.1457691193, 18.7613639832, 24.1514110565, 16.9466056824, 23.2700195312, 30.0416870117, 24.9650421143, 39.0724639893, 21.2287845612, 21.2037239075, 27.1830711365, 25.1228847504, 23.6837692261, 18.2356109619, 13.9042062759, 14.0046300888, 14.0462369919, 5.79332685471, 4.66964435577, 3.60074543953, 2.096118927, 1.33750462532, 1.03688526154, 0.46395072341, 0.252100527287, 0.099925801158, 0.0192940756679, 0.000678346608765, 2.97280712402e-05, 1.17661820696e-05, 1.88653502846e-05],
        "min": [3.17054683623e-22, 8.21179817067e-22, 5.70900267842e-21, 2.43798641632e-20, 4.20611874143e-20, 7.74902410099e-20, 1.01460274338e-19, 3.92598271788e-19, 1.0147589125e-18, 5.40348600717e-19, 1.28635725598e-18, 1.40967665042e-18, 9.06235918056e-19, 1.33629487334e-18, 3.71645879929e-18, 7.25229526721e-18, 5.57456660339e-18, 5.73585441513e-18, 6.40895361344e-18, 5.42101003525e-18, 5.4618388431e-18, 4.75006109294e-18, 9.25256936242e-18, 9.20143884721e-18, 1.26761458407e-17, 1.36489822058e-17, 1.65776193004e-17, 1.46704187405e-17, 1.08782638162e-17, 1.47453960456e-17, 2.13762214196e-17, 1.51625399198e-17, 1.60299182014e-17, 1.12141049352e-17, 8.54281034654e-18, 5.51176456974e-18, 2.66318925261e-18, 1.34685672899e-18, 3.27718076099e-19, 3.16821483718e-20],
        "stdev": [0.0115295397118, 0.344735860825, 3.00477671623, 8.76477622986, 14.1393918991, 10.5113973618, 9.80928611755, 15.4410190582, 66.2608718872, 37.2147941589, 42.2258110046, 39.014415741, 31.1295509338, 41.4085388184, 67.3690185547, 41.8938102722, 92.8551177979, 36.7241134644, 31.0239124298, 45.8217544556, 36.9762382507, 35.6867752075, 33.0252723694, 23.9533996582, 23.9007034302, 26.4030342102, 10.6667747498, 9.17542076111, 8.20098972321, 4.46732950211, 2.60629034042, 2.95750927925, 1.41651058197, 0.915210485458, 0.403683155775, 0.0960988625884, 0.00353146367706, 0.000120773176604, 1.93482628674e-05, 2.41481011471e-05]
    },
    "gfcc": {
        "mean": [-107.076805115, 104.095176697, -149.960098267, 52.8242034912, -76.681350708, 18.7305335999, -44.34948349, -0.408340513706, -20.8884277344, -13.6054201126, -6.15421199799, -13.5933971405, 0.0130622135475],
        "cov": [[26803.2871094, 4064.01831055, -4094.20166016, -1086.82104492, -488.932373047, -1291.30810547, 170.348114014, -730.435241699, 484.470001221, -255.193283081, 236.284515381, -665.545837402, -184.219573975], [4064.01831055, 1785.3079834, -698.426086426, -331.705169678, 187.614883423, -457.580596924, 226.583831787, -369.000915527, 388.000366211, -221.809326172, 176.238922119, -273.142089844, 7.45919895172], [-4094.20166016, -698.426086426, 1079.6463623, 322.393249512, 64.6339187622, 377.740692139, -142.383712769, 181.435119629, -187.452453613, 78.5218887329, -103.073387146, 148.41506958, 16.8064575195], [-1086.82104492, -331.705169678, 322.393249512, 358.431671143, -53.794216156, 186.128417969, -88.7585525513, 71.0610046387, -119.600151062, 8.23129367828, -35.9212417603, 79.0103607178, 32.5953903198], [-488.932373047, 187.614883423, 64.6339187622, -53.794216156, 151.285232544, -44.7379112244, 75.1717376709, -51.5966949463, 78.3460235596, -23.4010658264, 30.2099628448, -28.9923858643, -2.99408197403], [-1291.30810547, -457.580596924, 377.740692139, 186.128417969, -44.7379112244, 267.553344727, -100.92351532, 136.597579956, -140.073699951, 58.2710876465, -70.0277786255, 80.2038192749, 7.92694616318], [170.348114014, 226.583831787, -142.383712769, -88.7585525513, 75.1717376709, -100.92351532, 121.402420044, -60.7878952026, 103.37865448, -31.2886543274, 47.0247840881, -39.5534095764, 1.75917124748], [-730.435241699, -369.000915527, 181.435119629, 71.0610046387, -51.5966949463, 136.597579956, -60.7878952026, 139.504257202, -83.5868988037, 61.197063446, -49.7176856995, 61.1582984924, 2.4040157795], [484.470001221, 388.000366211, -187.452453613, -119.600151062, 78.3460235596, -140.073699951, 103.37865448, -83.5868988037, 162.82371521, -36.8874130249, 65.3229293823, -63.3384284973, 8.63093185425], [-255.193283081, -221.809326172, 78.5218887329, 8.23129367828, -23.4010658264, 58.2710876465, -31.2886543274, 61.197063446, -36.8874130249, 79.1930084229, -9.15067100525, 44.6463623047, -7.13369989395], [236.284515381, 176.238922119, -103.073387146, -35.9212417603, 30.2099628448, -70.0277786255, 47.0247840881, -49.7176856995, 65.3229293823, -9.15067100525, 65.3069763184, -10.6295433044, 9.37027549744], [-665.545837402, -273.142089844, 148.41506958, 79.0103607178, -28.9923858643, 80.2038192749, -39.5534095764, 61.1582984924, -63.3384284973, 44.6463623047, -10.6295433044, 85.2453765869, 17.0215682983], [-184.219573975, 7.45919895172, 16.8064575195, 32.5953903198, -2.99408197403, 7.92694616318, 1.75917124748, 2.4040157795, 8.63093185425, -7.13369989395, 9.37027549744, 17.0215682983, 44.6939201355]],
        "icov": [[0.000313115975587, -0.00122115609702, 0.00115002912935, -0.000320021499647, 0.00040102438652, -0.00010460181511, 0.000169450271642, -0.000162126991199, 0.00114456552546, -0.00182662555017, 0.00158921605907, -0.000907023088075, 0.000842487846967], [-0.00122115609702, 0.00739044044167, -0.00426565716043, 0.00165621039923, -0.00210268143564, 0.000163203381817, 0.00146364793181, 0.00276126153767, -0.0074224951677, 0.00976500660181, -0.00863394141197, 0.00698061799631, -0.00410299794748], [0.00115002912935, -0.00426565716043, 0.00736213522032, -0.00211902963929, -0.00272264913656, -0.00291574955918, 0.00310464575887, -0.000628557754681, 0.00315105332993, -0.0062197544612, 0.00772035121918, -0.00597791792825, 0.00353227928281], [-0.000320021499647, 0.00165621039923, -0.00211902963929, 0.00660012196749, 0.00142551236786, -0.00326087418944, 0.000456187030068, 0.00186057249084, -0.000191902552615, 0.00594531185925, -0.00472602015361, -0.000455564178992, -0.00290598766878], [0.00040102438652, -0.00210268143564, -0.00272264913656, 0.00142551236786, 0.0176150333136, -0.000967533909716, -0.0085624512285, 0.00380705134012, -0.00156969693489, -0.00259164674208, 0.0012915879488, -0.000276486680377, 0.00319592654705], [-0.00010460181511, 0.000163203381817, -0.00291574955918, -0.00326087418944, -0.000967533909716, 0.0162759628147, 2.99348575936e-05, -0.00809745304286, 0.00522775109857, -0.00245598936453, 0.000642482424155, 0.00372716900893, -0.00245669111609], [0.000169450271642, 0.00146364793181, 0.00310464575887, 0.000456187030068, -0.0085624512285, 2.99348575936e-05, 0.02534728311, -0.00092629151186, -0.0107702100649, 0.00564243691042, -0.00343052321114, -0.00210014590994, 0.0019267606549], [-0.000162126991199, 0.00276126153767, -0.000628557754681, 0.00186057249084, 0.00380705134012, -0.00809745304286, -0.00092629151186, 0.0254184268415, -0.00607828004286, -0.00578792439774, 0.00785709358752, -0.00286793871783, -0.00219427002594], [0.00114456552546, -0.0074224951677, 0.00315105332993, -0.000191902552615, -0.00156969693489, 0.00522775109857, -0.0107702100649, -0.00607828004286, 0.0346945263445, -0.0128090362996, -0.00432826532051, 0.00686569185928, -0.00582173932344], [-0.00182662555017, 0.00976500660181, -0.0062197544612, 0.00594531185925, -0.00259164674208, -0.00245598936453, 0.00564243691042, -0.00578792439774, -0.0128090362996, 0.0418343506753, -0.0187080558389, -0.00396929914132, 0.00378018035553], [0.00158921605907, -0.00863394141197, 0.00772035121918, -0.00472602015361, 0.0012915879488, 0.000642482424155, -0.00343052321114, 0.00785709358752, -0.00432826532051, -0.0187080558389, 0.0490257851779, -0.0196723155677, 0.00328344595619], [-0.000907023088075, 0.00698061799631, -0.00597791792825, -0.000455564178992, -0.000276486680377, 0.00372716900893, -0.00210014590994, -0.00286793871783, 0.00686569185928, -0.00396929914132, -0.0196723155677, 0.0434827953577, -0.017161430791], [0.000842487846967, -0.00410299794748, 0.00353227928281, -0.00290598766878, 0.00319592654705, -0.00245669111609, 0.0019267606549, -0.00219427002594, -0.00582173932344, 0.00378018035553, 0.00328344595619, -0.017161430791, 0.0355899482965]]
    },
    "melbands": {
        "max": [0.00306923640892, 0.0120883937925, 0.0296501889825, 0.00999229867011, 0.00361756887287, 0.00395607808605, 0.0108239622787, 0.00434496812522, 0.00351165467873, 0.00175748940092, 0.00104759994429, 0.0019286442548, 0.00197317427956, 0.00122638198081, 0.0018573453417, 0.00169448007364, 0.000700692238752, 0.000406013248721, 0.000373769551516, 0.000618854712229, 0.00027352021425, 0.000227364260354, 0.000548151729163, 9.59531389526e-05, 0.000216601867578, 0.000163232849445, 9.12220784812e-05, 0.000181950381375, 7.35104986234e-05, 3.92169931729e-05, 6.53985043755e-05, 4.61176277895e-05, 7.84503718023e-05, 2.08094734262e-05, 1.05852077468e-05, 1.51453568833e-05, 1.91412200365e-05, 1.22479432321e-05, 9.60046781984e-06, 8.64238427312e-06],
        "mean": [7.80641858e-05, 0.000552410667296, 0.000539758882951, 0.000427902123192, 0.000228944860282, 0.000206252763746, 0.000436027505202, 0.000191520215594, 0.000164470140589, 0.000132870452944, 7.99313202151e-05, 9.20986349229e-05, 9.24284249777e-05, 6.56097181491e-05, 8.48379931995e-05, 5.79575716984e-05, 4.00103563152e-05, 3.29282956955e-05, 3.19548744301e-05, 3.70958987332e-05, 2.89240851998e-05, 2.30243058468e-05, 2.94169713015e-05, 8.49714069773e-06, 1.15933544294e-05, 1.02641370177e-05, 8.56899350765e-06, 9.41822418099e-06, 3.58712259185e-06, 2.67702557721e-06, 2.97383644465e-06, 2.31997591982e-06, 1.38411894568e-06, 1.13608950869e-06, 8.11075324236e-07, 6.59133547742e-07, 5.91605498812e-07, 3.41640401302e-07, 2.31059544831e-07, 2.1295950603e-07],
        "min": [5.35698756327e-24, 2.63712847957e-24, 5.55970943313e-24, 3.82386873727e-24, 3.94556709798e-24, 8.2870674286e-24, 1.50089101812e-23, 5.98012930269e-24, 1.22331106041e-23, 8.01168949723e-24, 4.6517782573e-24, 5.62991489825e-24, 8.26415101931e-24, 1.98205010083e-23, 1.72570044112e-23, 8.68129198852e-24, 1.09614936462e-23, 9.13854259045e-24, 6.7829629067e-24, 9.89490321524e-24, 5.67408203704e-24, 3.96792854363e-24, 6.62403819987e-24, 8.78062614256e-24, 6.77614241531e-24, 1.05880800258e-23, 6.34612447511e-24, 8.71004754623e-24, 9.90019252761e-24, 7.02448292802e-24, 6.9013441073e-24, 5.31397926115e-24, 6.92615614935e-24, 8.86380442527e-24, 1.30860222817e-23, 1.07939127687e-23, 8.8615782598e-24, 9.94148387397e-24, 1.1033793537e-23, 9.01808037478e-24],
        "stdev": [0.000184596327017, 0.00113853416406, 0.00168365496211, 0.0008432106697, 0.000349256588379, 0.000356529781129, 0.00101118616294, 0.000369326793589, 0.000332339463057, 0.000215156265767, 0.000153610133566, 0.000167601028807, 0.000198869165615, 0.000122972458485, 0.000165260600625, 0.000133213077788, 7.59681061027e-05, 4.91168648296e-05, 5.0102116802e-05, 6.31487564533e-05, 4.2736352043e-05, 3.63161634596e-05, 6.81175733916e-05, 1.26143941088e-05, 2.17142951442e-05, 1.81943651114e-05, 1.39949470395e-05, 1.87446930795e-05, 6.8832555371e-06, 5.09669735038e-06, 7.07094295649e-06, 5.54033067601e-06, 4.25759162681e-06, 2.32110710385e-06, 1.4949191609e-06, 1.68339329321e-06, 1.76519199613e-06, 1.07950017991e-06, 7.73917690822e-07, 8.119043855e-07]
    },
    "melbands128": {
        "max": [0.00043641377124, 0.0012674004538, 0.00251750741154, 0.0119912195951, 0.0167288463563, 0.0135866655037, 0.0314125306904, 0.0431338436902, 0.020525559783, 0.00823816470802, 0.00900614261627, 0.00626988895237, 0.00302656227723, 0.00378488493152, 0.00262555968948, 0.00825687684119, 0.00681836809963, 0.0207540243864, 0.00768735026941, 0.00440723961219, 0.00305496156216, 0.00438851397485, 0.0054419990629, 0.0024010213092, 0.00382631039247, 0.000801289221272, 0.000862900633365, 0.00189504504669, 0.000892841722816, 0.00229473481886, 0.00329620600678, 0.00100903934799, 0.0030954927206, 0.00474432529882, 0.00226400885731, 0.00107664708048, 0.00154600210954, 0.000463430798845, 0.00512717943639, 0.00372843956575, 0.000349388399627, 0.000840952794533, 0.00079352670582, 0.00154653983191, 0.000412407738622, 0.000428647210356, 0.000827767711598, 0.000257055420661, 0.000599033024628, 0.000961534853559, 0.000691574299708, 0.00100552861113, 0.000370168301743, 0.000307583075482, 0.000638424477074, 0.000247027724981, 0.000216849468416, 0.00104434543755, 0.000668962602504, 0.000237793283304, 8.20955610834e-05, 7.3630551924e-05, 0.000381912308512, 0.00020778751059, 0.000464463228127, 0.000164182725712, 0.000416128430516, 0.00015312920732, 6.57135024085e-05, 0.00033371974132, 0.000415444606915, 0.000202956653084, 0.00010335976549, 9.41673642956e-05, 0.000130078042275, 5.01114664075e-05, 4.28593593824e-05, 3.20245635521e-05, 9.8167831311e-05, 0.000237598709646, 3.6499252019e-05, 2.89859526674e-05, 0.000174510161742, 9.00760933291e-05, 3.76077805413e-05, 2.70354830718e-05, 3.65510131815e-05, 2.16824337258e-05, 1.10110822789e-05, 1.12347588583e-05, 1.26982376969e-05, 1.33330531753e-05, 4.59116345155e-05, 2.3725840947e-05, 1.53948585648e-05, 2.94796536764e-05, 8.54173504194e-06, 1.30025500766e-05, 6.75296223562e-06, 1.49530260387e-05, 1.00340757854e-05, 7.74617001298e-06, 1.79995658982e-05, 4.62938032797e-06, 8.0422978499e-06, 4.38586084783e-06, 6.00108796789e-06, 2.56512726082e-06, 2.23105530495e-06, 1.11642907541e-06, 1.36434522346e-07, 5.85883697113e-09, 5.66398217217e-09, 5.45642997452e-09, 5.28539745304e-09, 5.12092590554e-09, 4.96243490744e-09, 4.80358508526e-09, 4.66975969005e-09, 4.52962467534e-09, 4.44503100994e-09, 4.33812941125e-09, 4.26222124261e-09, 4.19637125049e-09, 4.13298462121e-09, 4.08319467127e-09, 4.05258049341e-09, 4.02587607695e-09],
        "mean": [8.55392499943e-06, 2.51382298302e-05, 5.15721367265e-05, 0.000277767074294, 0.000727659731638, 0.000628519512247, 0.000468179845484, 0.000561345194001, 0.000579564191867, 0.000463815435069, 0.000293235381832, 0.000267043767963, 0.000203794203117, 0.000198566747713, 0.000144200777868, 0.000244314403972, 0.000363439117791, 0.000627567467745, 0.000316350575304, 0.000181484865607, 0.000137307433761, 0.000137979935971, 0.000156855850946, 0.000187215016922, 0.00023856209009, 4.77404828416e-05, 6.0244663473e-05, 0.000110524408228, 5.24203242094e-05, 0.000124079029774, 9.51125330175e-05, 4.7249122872e-05, 9.5485636848e-05, 0.000143241559272, 4.7341312893e-05, 4.94245323353e-05, 8.03214061307e-05, 3.15016186505e-05, 0.00015698527568, 0.000101316756627, 1.56144433276e-05, 2.44451985054e-05, 3.61512720701e-05, 6.24939057161e-05, 2.2138163331e-05, 2.80668336927e-05, 4.55163353763e-05, 1.71284409589e-05, 3.20530998579e-05, 5.15022074978e-05, 3.05048924929e-05, 3.70029229089e-05, 2.55920240306e-05, 2.24963459914e-05, 3.99232667405e-05, 1.53881246661e-05, 1.41143755172e-05, 4.5865883294e-05, 2.88312548946e-05, 9.38877929002e-06, 6.97948507877e-06, 6.46135822535e-06, 1.48437002281e-05, 1.1793829799e-05, 8.72998225532e-06, 7.63394382375e-06, 1.62992582773e-05, 7.07973731551e-06, 4.33424156654e-06, 1.29758300318e-05, 1.28893780129e-05, 5.42821726413e-06, 4.66046776637e-06, 2.7833330023e-06, 3.03938259094e-06, 3.25007135871e-06, 2.21108757614e-06, 1.89177251286e-06, 2.71869885182e-06, 5.021360721e-06, 2.18699574361e-06, 1.27183204768e-06, 2.0070544906e-06, 1.3421249605e-06, 1.03950469565e-06, 8.97705717762e-07, 1.50331334225e-06, 1.0331541489e-06, 6.89977639468e-07, 6.88195200382e-07, 5.91543539485e-07, 5.24386280176e-07, 1.03689421849e-06, 5.04700892634e-07, 4.5372755153e-07, 4.0050454686e-07, 2.99752997535e-07, 2.90963896532e-07, 2.26010271831e-07, 2.08144058433e-07, 1.96951290832e-07, 2.08290828141e-07, 2.65365287078e-07, 1.19420334954e-07, 9.86530110936e-08, 6.91695163368e-08, 9.88186457107e-08, 4.51186146222e-08, 2.27145111609e-08, 1.17099254737e-08, 1.28431010271e-09, 1.69015166446e-11, 1.32039457493e-11, 1.28278637712e-11, 1.24132726667e-11, 1.2001496151e-11, 1.15427840897e-11, 1.11088456142e-11, 1.07998809548e-11, 1.04917567689e-11, 1.02849681896e-11, 1.00463578429e-11, 9.86401845621e-12, 9.70301530095e-12, 9.56476651354e-12, 9.45493336402e-12, 9.38463022571e-12, 9.32329127096e-12],
        "min": [3.60865998815e-24, 4.2169186833e-24, 9.56844890683e-25, 1.35904522878e-24, 2.0467863933e-24, 2.99196324233e-24, 3.24443699175e-24, 4.50998997592e-24, 4.78602187299e-24, 1.83404835653e-24, 4.83332946704e-24, 5.8376491903e-24, 9.44258516333e-25, 1.7919622328e-24, 8.97361780758e-24, 5.95609507749e-24, 1.34964129681e-23, 2.10052517588e-23, 9.18035142957e-24, 3.08858312322e-24, 5.36958724965e-24, 9.26964180657e-24, 1.11570846079e-23, 4.57230604313e-24, 1.08938030696e-23, 6.46498333099e-24, 6.59590170075e-25, 4.08304701553e-24, 3.82763752025e-24, 6.44451199607e-24, 2.37927489598e-24, 3.34886087636e-24, 3.79775191929e-24, 1.19022418301e-23, 2.00952391735e-23, 1.75274511731e-23, 1.65062423323e-23, 1.0318109736e-23, 2.2912624342e-23, 7.72028980086e-24, 5.77436952949e-24, 6.31059299665e-24, 1.04670648187e-23, 1.10354761773e-23, 2.78989987412e-24, 9.62054370329e-24, 1.74246341981e-23, 4.9913426451e-24, 3.72034849283e-24, 4.63154989154e-24, 1.00061972895e-23, 3.95740632245e-24, 1.1317913625e-24, 3.8914086414e-24, 8.67812076768e-24, 1.52934392935e-24, 2.54402100186e-24, 4.06312275565e-24, 8.42736239629e-24, 8.57129874592e-24, 9.93275197261e-24, 8.53809085725e-24, 4.35483129106e-24, 5.80040864468e-24, 1.13822310323e-23, 1.24105435655e-23, 7.73512354132e-24, 2.7146896782e-24, 5.35257270322e-24, 9.99630812916e-24, 8.76947559367e-24, 8.09934850987e-24, 1.02357999891e-23, 1.13216820135e-23, 4.97715103741e-24, 4.86399564587e-24, 7.1602884883e-24, 3.9779143394e-24, 4.98101961129e-24, 4.77898286713e-24, 3.46758917576e-24, 5.81233030511e-24, 9.01552919862e-24, 5.71357438611e-24, 7.01927565719e-24, 7.16977296296e-24, 9.22100537632e-24, 1.28563115081e-23, 1.34436760389e-23, 9.85817937352e-24, 9.97582614462e-24, 1.15685655001e-23, 6.25065258406e-24, 7.66244420841e-24, 7.79388973446e-24, 8.9008509111e-24, 7.7449488039e-24, 9.80836675166e-24, 1.15318282478e-23, 7.55665480557e-24, 1.07941533712e-23, 8.24357831576e-24, 8.55077258517e-24, 8.61002629434e-24, 7.90985149867e-24, 8.93233356097e-24, 1.00205166926e-23, 1.11878643827e-23, 9.43410668353e-24, 6.30962861419e-24, 4.96877451789e-24, 6.72678259961e-24, 7.94529659686e-24, 9.8796008914e-24, 1.18247788447e-23, 1.04722539457e-23, 9.23797929642e-24, 7.6591309926e-24, 1.05986192075e-23, 7.63965322799e-24, 9.32083572388e-24, 1.11692370101e-23, 9.09419440808e-24, 5.584185026e-24, 9.61376265495e-24, 9.47340615611e-24, 7.31662178705e-24, 9.46072206162e-24],
        "stdev": [2.63125493802e-05, 7.85002921475e-05, 0.000144677251228, 0.00069316837471, 0.00152052228805, 0.00131572445389, 0.00174336798955, 0.0024141415488, 0.00147866876796, 0.000972079636995, 0.000570003932808, 0.000492429826409, 0.000377466494683, 0.000439376977738, 0.000290074880468, 0.00061498611467, 0.000732246669941, 0.00180695089512, 0.000753344269469, 0.000380449841032, 0.000310299947159, 0.000384840008337, 0.000461069430457, 0.000337062054314, 0.000426659418736, 8.72742966749e-05, 0.000117508941912, 0.000267867668299, 0.000101838857518, 0.00023945698922, 0.000220991612878, 9.03952459339e-05, 0.00023066974245, 0.00040734661161, 0.000150185791426, 0.000100433724583, 0.000179081820534, 5.87046451983e-05, 0.000401609315304, 0.00027799300733, 3.22896412399e-05, 5.81529347983e-05, 7.5828313129e-05, 0.000146730468259, 4.66068413516e-05, 4.80132075609e-05, 8.15842722659e-05, 3.25673390762e-05, 6.43516614218e-05, 0.000109461601824, 6.2376857386e-05, 8.25033639558e-05, 4.26500155299e-05, 3.99539858336e-05, 8.5853273049e-05, 2.98585546261e-05, 2.69160136668e-05, 0.000117268311442, 7.29241946829e-05, 1.95668108063e-05, 1.22777910292e-05, 1.2007719306e-05, 3.47756504198e-05, 2.23149836529e-05, 2.57985411736e-05, 1.40940665005e-05, 3.94800154027e-05, 1.36162243507e-05, 7.95634059614e-06, 3.0294584576e-05, 3.24021239066e-05, 1.55111010827e-05, 9.96425387711e-06, 6.13998599874e-06, 9.38684570428e-06, 7.13741064828e-06, 4.26757787864e-06, 3.64268339581e-06, 7.8101447798e-06, 1.97299923457e-05, 4.96743905387e-06, 2.84585030386e-06, 8.51005916047e-06, 4.75457409266e-06, 2.7926751045e-06, 2.11662631955e-06, 3.5528976241e-06, 2.14535384657e-06, 1.34242225158e-06, 1.5583326558e-06, 1.50351547745e-06, 1.44923671996e-06, 3.67140728486e-06, 1.55312989136e-06, 1.43898319038e-06, 1.77089304998e-06, 8.94037270882e-07, 9.89232376014e-07, 7.20601462945e-07, 9.04915793853e-07, 7.38743210604e-07, 7.36319691441e-07, 1.39778614994e-06, 4.14081426925e-07, 4.61849026578e-07, 3.08748383304e-07, 5.15540875767e-07, 2.1965996666e-07, 1.49708000663e-07, 8.28769017858e-08, 1.027493024e-08, 2.57196347553e-10, 2.4126370346e-10, 2.3244617342e-10, 2.25159502154e-10, 2.18146140041e-10, 2.1137930295e-10, 2.04612660148e-10, 1.98912095128e-10, 1.92942814503e-10, 1.89339197099e-10, 1.84785534096e-10, 1.81552134437e-10, 1.78747280866e-10, 1.76046996425e-10, 1.73925984726e-10, 1.72621847372e-10, 1.71484493272e-10]
    },
    "mfcc": {
        "mean": [-719.640869141, 106.980110168, -7.65507268906, 21.2705821991, -1.13756155968, 5.62552165985, -5.43953132629, 2.80233359337, -6.14284896851, -2.74822306633, -7.83529281616, -0.709574520588, -2.09259819984],
        "cov": [[19444.8066406, 3413.62890625, -3183.7199707, -254.390716553, -1180.23120117, -400.558532715, -717.11529541, -455.204345703, -283.289459229, 302.774780273, 52.7629165649, 37.7176132202, 398.69152832], [3413.62890625, 1655.5925293, -685.342834473, 8.13227176666, -167.405288696, -22.1171474457, -224.477661133, -80.1839370728, -54.2120475769, 130.811935425, 19.742275238, -14.3423051834, 149.012481689], [-3183.7199707, -685.342834473, 873.921142578, 77.83253479, 305.233428955, 118.526695251, 177.50138855, 92.7169876099, 57.9343757629, -88.6312255859, -17.0211963654, 0.911462783813, -82.0461349487], [-254.390716553, 8.13227176666, 77.83253479, 138.276687622, 40.7595291138, 38.9057426453, 8.20073127747, 18.3500938416, -7.11908960342, -22.6163749695, -7.89407920837, 6.76599550247, -14.6737270355], [-1180.23120117, -167.405288696, 305.233428955, 40.7595291138, 165.095809937, 61.8264656067, 67.3633499146, 36.7683525085, 25.7586727142, -21.2558670044, -6.74885511398, 0.545841813087, -23.0621242523], [-400.558532715, -22.1171474457, 118.526695251, 38.9057426453, 61.8264656067, 75.416229248, 32.4757461548, 17.5110454559, 4.90298128128, -11.8164348602, -2.07915043831, 8.35036659241, -8.58027172089], [-717.11529541, -224.477661133, 177.50138855, 8.20073127747, 67.3633499146, 32.4757461548, 80.8569641113, 32.2045593262, 15.6848907471, -20.9407863617, -3.09329032898, 0.385538190603, -25.7019233704], [-455.204345703, -80.1839370728, 92.7169876099, 18.3500938416, 36.7683525085, 17.5110454559, 32.2045593262, 49.4965400696, 19.2619113922, -5.47221755981, -4.20726633072, -4.03371477127, -10.6098680496], [-283.289459229, -54.2120475769, 57.9343757629, -7.11908960342, 25.7586727142, 4.90298128128, 15.6848907471, 19.2619113922, 46.4516029358, 12.6745567322, -2.6273252964, -4.02151870728, -5.73400783539], [302.774780273, 130.811935425, -88.6312255859, -22.6163749695, -21.2558670044, -11.8164348602, -20.9407863617, -5.47221755981, 12.6745567322, 58.0201950073, 12.8709754944, -4.66815090179, 17.3018245697], [52.7629165649, 19.742275238, -17.0211963654, -7.89407920837, -6.74885511398, -2.07915043831, -3.09329032898, -4.20726633072, -2.6273252964, 12.8709754944, 34.1748924255, 10.1743097305, 5.29559135437], [37.7176132202, -14.3423051834, 0.911462783813, 6.76599550247, 0.545841813087, 8.35036659241, 0.385538190603, -4.03371477127, -4.02151870728, -4.66815090179, 10.1743097305, 37.8630638123, 11.9965229034], [398.69152832, 149.012481689, -82.0461349487, -14.6737270355, -23.0621242523, -8.58027172089, -25.7019233704, -10.6098680496, -5.73400783539, 17.3018245697, 5.29559135437, 11.9965229034, 60.2721290588]],
        "icov": [[0.000158280221513, -0.00017863883113, 0.000318760314258, -1.54676436068e-05, 0.00037714332575, 3.93520203943e-05, -0.000293057179078, 0.000464678829303, 2.31539175388e-07, 0.000116576302389, 0.000146906895679, -0.00019273388898, -7.64455180615e-05], [-0.00017863883113, 0.0017872255994, 0.00060390989529, -0.000414419308072, -0.0015582080232, -0.00182136811782, 0.00325667508878, -0.000821615511086, 0.000796307285782, -0.00154543283861, -0.000376908225007, 0.001827390166, -0.00193836039398], [0.000318760314258, 0.00060390989529, 0.0058609652333, -0.000157319678692, -0.0062857940793, -0.000864579633344, -0.00162557826843, -7.60009133955e-05, -0.00146150868386, 0.00339638162404, -0.000980182085186, 0.000630686059594, -4.98457593494e-05], [-1.54676436068e-05, -0.000414419308072, -0.000157319678692, 0.0102040683851, -0.0014914177591, -0.00368956825696, 0.00364982918836, -0.00444509414956, 0.00259129703045, 0.00240822811611, 0.00134168134537, -0.00237063271925, 0.00298419594765], [0.00037714332575, -0.0015582080232, -0.0062857940793, -0.0014914177591, 0.0226163230836, -0.00488425139338, -0.00525520369411, 0.00216679857112, -0.00238334247842, -0.00263995910063, 0.0018525273772, -0.000258450891124, -0.00104340177495], [3.93520203943e-05, -0.00182136811782, -0.000864579633344, -0.00368956825696, -0.00488425139338, 0.0243568643928, -0.0077555719763, -1.65417932294e-05, 0.00112464453559, 5.24199131178e-05, 0.00111047818791, -0.00596437230706, 0.00163746776525], [-0.000293057179078, 0.00325667508878, -0.00162557826843, 0.00364982918836, -0.00525520369411, -0.0077555719763, 0.0345995090902, -0.0117942532524, 0.00163107190747, 0.000570146192331, -0.0019955621101, 0.00122010905761, 0.00204994226806], [0.000464678829303, -0.000821615511086, -7.60009133955e-05, -0.00444509414956, 0.00216679857112, -1.65417932294e-05, -0.0117942532524, 0.0350195430219, -0.0105034820735, 0.000430600746768, 0.000752656080294, 0.00324637116864, -0.00210139597766], [2.31539175388e-07, 0.000796307285782, -0.00146150868386, 0.00259129703045, -0.00238334247842, 0.00112464453559, 0.00163107190747, -0.0105034820735, 0.0336944796145, -0.0132877975702, 0.00567621551454, -0.00156712462194, 0.00159900484141], [0.000116576302389, -0.00154543283861, 0.00339638162404, 0.00240822811611, -0.00263995910063, 5.24199131178e-05, 0.000570146192331, 0.000430600746768, -0.0132877975702, 0.032433938235, -0.0118829775602, 0.00560651160777, -0.00307094259188], [0.000146906895679, -0.000376908225007, -0.000980182085186, 0.00134168134537, 0.0018525273772, 0.00111047818791, -0.0019955621101, 0.000752656080294, 0.00567621551454, -0.0118829775602, 0.0376691259444, -0.012358494103, 0.00220220116898], [-0.00019273388898, 0.001827390166, 0.000630686059594, -0.00237063271925, -0.000258450891124, -0.00596437230706, 0.00122010905761, 0.00324637116864, -0.00156712462194, 0.00560651160777, -0.012358494103, 0.0366169437766, -0.010778715834], [-7.64455180615e-05, -0.00193836039398, -4.98457593494e-05, 0.00298419594765, -0.00104340177495, 0.00163746776525, 0.00204994226806, -0.00210139597766, 0.00159900484141, -0.00307094259188, 0.00220220116898, -0.010778715834, 0.0258717127144]]
    },
    "spectral_contrast_coeffs": {
        "max": [-0.483896136284, -0.5959649086, -0.654784142971, -0.668076753616, -0.649970889091, -0.597924590111],
        "mean": [-0.731940150261, -0.816270172596, -0.817753016949, -0.820381760597, -0.812856376171, -0.751593947411],
        "min": [-0.975817739964, -0.975861549377, -0.967639088631, -0.967894494534, -0.958498060703, -0.956017076969],
        "stdev": [0.0664705038071, 0.0743075460196, 0.0672942996025, 0.0600272640586, 0.0584274083376, 0.0780385583639]
    },
    "spectral_contrast_valleys": {
        "max": [-5.10354709625, -4.66240596771, -5.58587360382, -5.7704539299, -5.91498756409, -8.28483390808],
        "mean": [-7.66540145874, -7.37779808044, -7.97000074387, -8.19453239441, -8.17971897125, -11.1724853516],
        "min": [-27.407661438, -27.1563529968, -27.2391014099, -27.3371582031, -27.2680149078, -27.4322433472],
        "stdev": [1.9116550684, 2.08064866066, 1.93551659584, 1.94288802147, 1.77927672863, 1.44613468647]
    }
},
"rhythm": {
    "beats_count": 30,
    "beats_loudness": {
        "max": 0.079367056489,
        "mean": 0.0193365141749,
        "min": 2.05691612791e-05,
        "stdev": 0.0203073974699
    },
    "bpm": 145.5234375,
    "bpm_histogram_first_peak_bpm": 144,
    "bpm_histogram_first_peak_weight": 0.480000019073,
    "bpm_histogram_second_peak_bpm": 152,
    "bpm_histogram_second_peak_spread": 0,
    "bpm_histogram_second_peak_weight": 0.137931033969,
    "danceability": 0.792843401432,
    "onset_rate": 2.35121417046,
    "beats_loudness_band_ratio": {
        "max": [0.568292617798, 0.631918251514, 0.531373560429, 0.496451377869, 0.332457721233, 0.181446194649],
        "mean": [0.292837500572, 0.257298231125, 0.171565324068, 0.14105579257, 0.106632374227, 0.0935861244798],
        "min": [0.0578514896333, 0.0465448126197, 0.0142242871225, 0.0123099824414, 0.0125710042194, 0.00250068143941],
        "stdev": [0.156919121742, 0.159118577838, 0.129705443978, 0.103537082672, 0.0684066936374, 0.0562266781926]
    },
    "beats_position": [0.406349211931, 0.824308395386, 1.23065757751, 1.64861679077, 2.06657600403, 2.48453521729, 2.90249419212, 3.32045340538, 3.73841261864, 4.14476203918, 4.55111122131, 4.94585037231, 5.35219955444, 5.75854873657, 6.15328788757, 6.54802703857, 6.96598625183, 7.37233543396, 7.77868461609, 8.17342376709, 8.59138298035, 9.0093421936, 9.41569137573, 9.82204055786, 10.2399997711, 10.6463489532, 11.0526981354, 11.4590473175, 11.8770065308, 12.294965744],
