{
"metadata": {
    "version": {
        "essentia": "2.1-beta5",
        "essentia_git_sha": "Undefined",
        "extractor": "music 2.0"
    },
    "audio_properties": {
        "analysis": {
            "equal_loudness": 0,
            "length": 22.0124950409,
            "sample_rate": 44100,
            "start_time": 240.233657837,
            "downmix": "mix"
        },
        "bit_rate": 192000,
        "length": 262.26940918,
        "lossless": 0,
        "number_channels": 1,
        "replay_gain": -12.1060791016,
        "sample_rate": 48000,
        "codec": "mp3",
        "md5_encoded": "2d67dbabfe6ef93e25e2c8349990adb7"
    },
    "tags": {
        "file_name": "Germany_Feuer_Ireen Sheer.mp3",
        "encoding": ["Lavf58.29.100"]
    }
},
"lowlevel": {
    "average_loudness": 0.910187661648,
    "barkbands_crest": {
        "max": 26.8888874054,
        "mean": 8.83923435211,
        "min": 2.62964105606,
        "stdev": 4.56276655197
    },
    "barkbands_flatness_db": {
        "max": 0.583297550678,
        "mean": 0.155608594418,
        "min": 0.0541970804334,
        "stdev": 0.0415569171309
    },
    "barkbands_kurtosis": {
        "max": 4582.79199219,
        "mean": 8.75847434998,
        "min": -1.67487633228,
        "stdev": 160.958709717
    },
    "barkbands_skewness": {
        "max": 65.9805145264,
        "mean": 0.0427170656621,
        "min": -1.92078316212,
        "stdev": 2.82444453239
    },
    "barkbands_spread": {
        "max": 116.522911072,
        "mean": 21.9794178009,
        "min": 0.118849925697,
        "stdev": 10.4466285706
    },
    "dissonance": {
        "max": 0.499995261431,
        "mean": 0.476616591215,
        "min": 0.321405172348,
        "stdev": 0.0243408400565
    },
    "dynamic_complexity": 4.09479808807,
    "erbbands_crest": {
        "max": 29.3777542114,
        "mean": 11.4152421951,
        "min": 2.85891723633,
        "stdev": 5.64190196991
    },
    "erbbands_flatness_db": {
        "max": 0.358459979296,
        "mean": 0.23457275331,
        "min": 0.0554438382387,
        "stdev": 0.0397030934691
    },
    "erbbands_kurtosis": {
        "max": 10.864233017,
        "mean": 1.11893069744,
        "min": -1.38912570477,
        "stdev": 1.64834308624
    },
    "erbbands_skewness": {
        "max": 2.89330053329,
        "mean": 0.445686370134,
        "min": -1.76653075218,
        "stdev": 0.671163916588
    },
    "erbbands_spread": {
        "max": 150.485580444,
        "mean": 20.6805286407,
        "min": 5.32721281052,
        "stdev": 10.969171524
    },
    "hfc": {
        "max": 93.915977478,
        "mean": 31.6027107239,
        "min": 9.03674930441e-08,
        "stdev": 19.8428916931
    },
    "loudness_ebu128": {
        "integrated": -14.5396614075,
        "loudness_range": 5.53139877319,
        "momentary": {
            "max": -11.5952510834,
            "mean": -16.2224006653,
            "min": -96.0535354614,
            "stdev": 8.19670391083
        },
        "short_term": {
            "max": -12.4277095795,
            "mean": -15.0583543777,
            "min": -18.9930839539,
            "stdev": 2.05310034752
        }
    },
    "melbands_crest": {
        "max": 39.9781417847,
        "mean": 10.870390892,
        "min": 3.19147872925,
        "stdev": 6.17329502106
    },
    "melbands_flatness_db": {
        "max": 0.566394627094,
        "mean": 0.132421061397,
        "min": 0.0452357418835,
        "stdev": 0.0547355227172
    },
    "melbands_kurtosis": {
        "max": 7508.98632812,
        "mean": 14.4335279465,
        "min": -1.36865472794,
        "stdev": 264.724304199
    },
    "melbands_skewness": {
        "max": 82.5284500122,
        "mean": 0.622293949127,
        "min": -1.31764376163,
        "stdev": 3.51513075829
    },
    "melbands_spread": {
        "max": 181.429138184,
        "mean": 40.7898674011,
        "min": 0.113874986768,
        "stdev": 15.7138795853
    },
    "pitch_salience": {
        "max": 0.886511266232,
        "mean": 0.581534683704,
        "min": 0.00374326342717,
        "stdev": 0.160606637597
    },
    "silence_rate_20dB": {
        "max": 1,
        "mean": 1,
        "min": 1,
        "stdev": 0
    },
    "silence_rate_30dB": {
        "max": 1,
        "mean": 1,
        "min": 1,
        "stdev": 0
    },
    "silence_rate_60dB": {
        "max": 1,
        "mean": 0.0674394071102,
        "min": 0,
        "stdev": 0.250780910254
    },
    "spectral_centroid": {
        "max": 4474.06103516,
        "mean": 2223.91943359,
        "min": 671.915344238,
        "stdev": 512.955383301
    },
    "spectral_complexity": {
        "max": 45,
        "mean": 22.9209690094,
        "min": 0,
        "stdev": 8.10787963867
    },
    "spectral_decrease": {
        "max": -2.50137369964e-18,
        "mean": -5.16221687619e-09,
        "min": -2.01122549726e-08,
        "stdev": 3.70036534747e-09
    },
    "spectral_energy": {
        "max": 0.0803626850247,
        "mean": 0.0223498549312,
        "min": 1.76373776695e-11,
        "stdev": 0.0156058277935
    },
    "spectral_energyband_high": {
        "max": 0.00320917041972,
        "mean": 0.000896537560038,
        "min": 7.99405593804e-12,
        "stdev": 0.000651758979075
    },
    "spectral_energyband_low": {
        "max": 0.0217114500701,
        "mean": 0.00199758727103,
        "min": 3.67051571429e-12,
        "stdev": 0.00268264114857
    },
    "spectral_energyband_middle_high": {
        "max": 0.0635605305433,
        "mean": 0.0157482884824,
        "min": 2.92419474052e-12,
        "stdev": 0.012561048381
    },
    "spectral_energyband_middle_low": {
        "max": 0.0607206448913,
        "mean": 0.0041281580925,
        "min": 2.90246966001e-13,
        "stdev": 0.00620472570881
    },
    "spectral_entropy": {
        "max": 8.91228199005,
        "mean": 7.64006757736,
        "min": 6.40973806381,
        "stdev": 0.356546103954
    },
    "spectral_flux": {
        "max": 0.230780407786,
        "mean": 0.0833182856441,
        "min": 7.40535642763e-06,
        "stdev": 0.0387471541762
    },
    "spectral_kurtosis": {
        "max": 13.1609706879,
        "mean": 2.95157217979,
        "min": -0.489390850067,
        "stdev": 1.72424054146
    },
    "spectral_rms": {
        "max": 0.00885452516377,
        "mean": 0.00429487368092,
        "min": 1.31176207674e-07,
        "stdev": 0.00183270894922
    },
    "spectral_rolloff": {
        "max": 12790.7226562,
        "mean": 2487.2565918,
        "min": 21.533203125,
        "stdev": 1080.90087891
    },
    "spectral_skewness": {
        "max": 2.3798019886,
        "mean": 1.11659550667,
        "min": 0.394609838724,
        "stdev": 0.2486885041
    },
    "spectral_spread": {
        "max": 14830850,
        "mean": 3326209.25,
        "min": 2058120.5,
        "stdev": 1065055.875
    },
    "spectral_strongpeak": {
        "max": 9.44337654114,
        "mean": 2.69928622246,
        "min": 0,
        "stdev": 2.3452064991
    },
    "zerocrossingrate": {
        "max": 0.5771484375,
        "mean": 0.0891177579761,
        "min": 0,
        "stdev": 0.0368223302066
    },
    "barkbands": {
        "max": [0.00106082053389, 0.0134428245947, 0.00845335051417, 0.0107057560235, 0.0188036076725, 0.0424475669861, 0.0236781891435, 0.033891517669, 0.0129204746336, 0.0209493543953, 0.0433334410191, 0.0469299703836, 0.033610522747, 0.0166135951877, 0.0136042218655, 0.00806830637157, 0.00742995692417, 0.00377447367646, 0.00859931949526, 0.0056767729111, 0.00102949223947, 0.00146637891885, 0.000839306274429, 0.000603835855145, 0.000220084766624, 1.4434044715e-06, 1.59043986514e-06],
        "mean": [0.000162971147802, 0.000955268857069, 0.00075906177517, 0.000317800382618, 0.000890572322533, 0.000619263388216, 0.000587834278122, 0.000819312699605, 0.000411930785049, 0.00110232131556, 0.00255609326996, 0.00481826532632, 0.00163600814994, 0.00180119008292, 0.000705303158611, 0.000693726586178, 0.000917805824429, 0.000402975943871, 0.000886294874363, 0.000658763397951, 0.000189398866496, 0.000215915686567, 0.0001284245227, 9.96284361463e-05, 1.37460692713e-05, 2.80567657995e-09, 2.65590238691e-09],
        "min": [4.10821246813e-12, 1.19396951093e-12, 1.186835143e-15, 1.40743248626e-15, 9.51071124254e-15, 9.88198018288e-15, 4.73367818467e-14, 2.5037270705e-14, 4.00327218749e-14, 2.42053572959e-14, 4.81237770987e-14, 8.40765174495e-14, 8.56576772403e-14, 2.18385896931e-13, 2.04856381966e-13, 1.72474840941e-13, 2.92083197906e-13, 4.21088782333e-13, 4.54203487972e-13, 6.8566436166e-13, 8.87118828917e-13, 6.98262248803e-13, 6.79883016205e-13, 9.82596491152e-13, 9.31070758686e-13, 1.29690442413e-12, 1.62876222926e-12],
        "stdev": [0.00012863088341, 0.00175322743598, 0.0012003503507, 0.000717486254871, 0.00137254712172, 0.0026906314306, 0.00174075865652, 0.00277976179495, 0.00109579425771, 0.00213332776912, 0.00530131999403, 0.00702317431569, 0.0041144140996, 0.00234802626073, 0.00127863965463, 0.000822130125016, 0.00100651592948, 0.000415200251155, 0.000910582428332, 0.000803922011983, 0.000157080852659, 0.000208846613532, 0.000114781912998, 9.54415372689e-05, 2.38108532358e-05, 4.73931294209e-08, 5.18812441896e-08]
    },
    "erbbands": {
        "max": [0.335623949766, 3.5317595005, 8.51443195343, 17.2518596649, 41.6106147766, 69.3067855835, 194.920684814, 493.004302979, 464.328643799, 482.153808594, 539.276428223, 372.009246826, 724.929260254, 651.578063965, 2111.82617188, 2320.45947266, 1274.27441406, 728.322875977, 692.100219727, 350.909423828, 366.869384766, 514.446411133, 192.713897705, 465.819946289, 304.946746826, 336.810852051, 53.9302101135, 41.2205696106, 50.6630630493, 61.6647033691, 25.9149856567, 18.233165741, 11.2254219055, 2.84960341454, 0.086184695363, 0.00579054327682, 0.00271564209834, 0.000978500233032, 0.000228771110415, 9.2288821179e-05],
        "mean": [0.0235177017748, 0.236067041755, 0.887647509575, 0.942004144192, 1.58993518353, 3.2350230217, 4.54297733307, 5.23376369476, 7.26994419098, 15.0529413223, 14.3782291412, 9.80689048767, 34.1602172852, 30.1515617371, 183.355926514, 170.376342773, 84.1732406616, 77.5031585693, 60.2457771301, 35.7120437622, 41.7363777161, 47.4406242371, 24.7577285767, 46.8179855347, 34.9816665649, 32.1960067749, 10.1940307617, 7.74425601959, 6.87231206894, 6.0432639122, 4.0002951622, 2.49677014351, 1.44462096691, 0.313801169395, 0.0085220541805, 0.000466583413072, 7.21777178114e-05, 1.86929864867e-05, 1.75674995262e-05, 2.96890466416e-05],
        "min": [8.81356584936e-11, 8.27966167849e-11, 1.28470524149e-11, 1.10377852691e-11, 3.05218073038e-11, 5.17625803331e-11, 5.6862375919e-11, 1.20096682599e-10, 2.91889373782e-10, 5.36222455327e-10, 6.74156119818e-10, 8.09908751176e-10, 9.88091719556e-10, 6.57270848858e-10, 2.64074540013e-09, 4.33650626519e-09, 4.34201608002e-09, 1.14730882572e-08, 1.07615827361e-08, 9.84186598885e-09, 1.04836495041e-08, 1.39560896173e-08, 2.28080576647e-08, 2.17888942444e-08, 2.47392648589e-08, 3.72905084589e-08, 3.33724763379e-08, 3.45046267114e-08, 3.0035405274e-08, 2.11009325568e-08, 2.25121343789e-08, 2.04383443503e-08, 1.40073295185e-08, 1.10454640989e-08, 6.90993307018e-09, 4.75095385255e-09, 2.36729014169e-09, 9.48736755824e-10, 2.51695692066e-10, 2.14765115414e-11],
        "stdev": [0.0406800061464, 0.441424816847, 1.40813457966, 1.67241132259, 2.89971971512, 5.27010393143, 13.8856582642, 25.5279445648, 23.8300056458, 43.7810058594, 49.719707489, 26.1270847321, 70.8156433105, 60.6461410522, 332.726165771, 260.004638672, 168.185180664, 95.888130188, 71.1885299683, 36.2855606079, 40.6308937073, 52.6043319702, 22.8216400146, 54.7110481262, 42.8753929138, 42.6454582214, 7.78393983841, 6.53644752502, 6.29992008209, 6.85262775421, 3.82337999344, 2.20697760582, 1.6447006464, 0.391499727964, 0.0105384550989, 0.000516729080118, 0.000104788145109, 3.37925921485e-05, 1.25499527712e-05, 1.95737156901e-05]
    },
    "gfcc": {
        "mean": [-40.6346244812, 86.167930603, -195.272827148, 56.7045936584, -63.0352058411, 32.9304237366, -22.6884059906, -5.9849319458, -5.33056592941, -19.2134628296, 13.1301403046, -15.7214431763, 3.21341490746],
        "cov": [[20835.9726562, 3808.46972656, -1953.84606934, 546.132629395, -1039.24487305, -83.1367645264, -457.416534424, -727.248046875, -358.30758667, -830.289367676, 332.049987793, -674.105407715, -31.6437606812], [3808.46972656, 2087.33618164, 222.234375, 124.412147522, -125.069778442, -458.260345459, 26.2304153442, -515.057189941, -264.925140381, -283.955841064, 191.446090698, -173.802062988, -107.742156982], [-1953.84606934, 222.234375, 743.752502441, -16.9949321747, 32.1371307373, -159.389846802, 8.063996315, -56.3171615601, -118.108459473, 17.5753002167, 1.0266149044, 54.9800262451, -50.0197525024], [546.132629395, 124.412147522, -16.9949321747, 172.365905762, 39.2612037659, 0.157552435994, -37.8695068359, -14.6743955612, 9.00229167938, -18.3954524994, 16.9815883636, -7.59719085693, 6.09326219559], [-1039.24487305, -125.069778442, 32.1371307373, 39.2612037659, 219.180709839, 24.5155067444, 108.696266174, 11.6747426987, 11.8365983963, 39.581489563, 23.8713665009, 28.697353363, -3.96751999855], [-83.1367645264, -458.260345459, -159.389846802, 0.157552435994, 24.5155067444, 281.932220459, 64.9788284302, 140.612411499, 42.253692627, 18.8652896881, -63.547164917, 2.08652591705, 23.3705558777], [-457.416534424, 26.2304153442, 8.063996315, -37.8695068359, 108.696266174, 64.9788284302, 263.187286377, 9.06861686707, -28.83776474, -1.07243466377, 29.4317321777, -10.7646770477, -37.7366905212], [-727.248046875, -515.057189941, -56.3171615601, -14.6743955612, 11.6747426987, 140.612411499, 9.06861686707, 268.277893066, 128.959091187, 59.5498771667, -60.3252677917, 46.8850135803, 46.7732658386], [-358.30758667, -264.925140381, -118.108459473, 9.00229167938, 11.8365983963, 42.253692627, -28.83776474, 128.959091187, 180.914840698, 71.2904052734, -34.4917297363, 25.6284923553, 19.7286911011], [-830.289367676, -283.955841064, 17.5753002167, -18.3954524994, 39.581489563, 18.8652896881, -1.07243466377, 59.5498771667, 71.2904052734, 136.654632568, 16.8163070679, 15.3587703705, -4.32291316986], [332.049987793, 191.446090698, 1.0266149044, 16.9815883636, 23.8713665009, -63.547164917, 29.4317321777, -60.3252677917, -34.4917297363, 16.8163070679, 96.0121994019, -1.4425470829, -13.0999412537], [-674.105407715, -173.802062988, 54.9800262451, -7.59719085693, 28.697353363, 2.08652591705, -10.7646770477, 46.8850135803, 25.6284923553, 15.3587703705, -1.4425470829, 87.5952758789, 39.962097168], [-31.6437606812, -107.742156982, -50.0197525024, 6.09326219559, -3.96751999855, 23.3705558777, -37.7366905212, 46.7732658386, 19.7286911011, -4.32291316986, -13.0999412537, 39.962097168, 71.7489776611]],
        "icov": [[0.000621408922598, -0.00151296833064, 0.00177353376057, -0.000922749226447, 0.00171637022868, -0.00157743645832, 0.00109611055814, -0.00109552347567, 0.00114864995703, 1.32422364914e-05, -0.000982454861514, 0.000133333000122, 0.000647606851999], [-0.00151296833064, 0.00792851857841, -0.00656704744324, 0.000793095037807, -0.00229158694856, 0.00638750568032, -0.00463062990457, 0.00687752198428, -0.00747800758108, 0.00847104005516, -0.00485619949177, 0.00755992904305, -0.00506391795352], [0.00177353376057, -0.00656704744324, 0.00912783574313, -0.00284849037416, 0.00405102362856, -0.00344237848185, 0.00370206986554, -0.00664201145992, 0.00957272667438, -0.00667076464742, 0.00422158744186, -0.00733424397185, 0.00697009451687], [-0.000922749226447, 0.000793095037807, -0.00284849037416, 0.0103144422174, -0.00648817792535, -0.000618581892923, 0.00232633249834, 0.000712672772352, -0.00312994746491, 0.00112640485168, -0.00067629374098, 0.000285493239062, -0.000830107775982], [0.00171637022868, -0.00229158694856, 0.00405102362856, -0.00648817792535, 0.0135652283207, -0.00279989885166, -0.0020622711163, -0.000234828694374, 0.00145990331657, 0.000563240610063, -0.00457655452192, 0.000469613645691, -4.31125918112e-05], [-0.00157743645832, 0.00638750568032, -0.00344237848185, -0.000618581892923, -0.00279989885166, 0.0138734607026, -0.00661088852212, 0.00143613072578, -0.00106668449007, 0.0018123149639, 0.00460654776543, 0.00309402775019, -0.00301794428378], [0.00109611055814, -0.00463062990457, 0.00370206986554, 0.00232633249834, -0.0020622711163, -0.00661088852212, 0.0105965659022, -0.00492357322946, 0.00386994564906, -0.000625862332527, -0.00289377453737, -0.00201507355087, 0.00622762041166], [-0.00109552347567, 0.00687752198428, -0.00664201145992, 0.000712672772352, -0.000234828694374, 0.00143613072578, -0.00492357322946, 0.0157581027597, -0.0127125093713, 0.00770357297733, -0.00458121532574, 0.00677531119436, -0.0088399881497], [0.00114864995703, -0.00747800758108, 0.00957272667438, -0.00312994746491, 0.00145990331657, -0.00106668449007, 0.00386994564906, -0.0127125093713, 0.0231728442013, -0.0168651696295, 0.0135212801397, -0.0133868101984, 0.0095043880865], [1.32422364914e-05, 0.00847104005516, -0.00667076464742, 0.00112640485168, 0.000563240610063, 0.0018123149639, -0.000625862332527, 0.00770357297733, -0.0168651696295, 0.031613368541, -0.0230949297547, 0.0184639077634, -0.00588851422071], [-0.000982454861514, -0.00485619949177, 0.00422158744186, -0.00067629374098, -0.00457655452192, 0.00460654776543, -0.00289377453737, -0.00458121532574, 0.0135212801397, -0.0230949297547, 0.0353168845177, -0.0188585408032, 0.006828262005], [0.000133333000122, 0.00755992904305, -0.00733424397185, 0.000285493239062, 0.000469613645691, 0.00309402775019, -0.00201507355087, 0.00677531119436, -0.0133868101984, 0.0184639077634, -0.0188585408032, 0.0372779518366, -0.0195971392095], [0.000647606851999, -0.00506391795352, 0.00697009451687, -0.000830107775982, -4.31125918112e-05, -0.00301794428378, 0.00622762041166, -0.0088399881497, 0.0095043880865, -0.00588851422071, 0.006828262005, -0.0195971392095, 0.0307609755546]]
    },
    "melbands": {
        "max": [0.00344186834991, 0.0040616216138, 0.00404434092343, 0.00208566221409, 0.00621868856251, 0.00999380461872, 0.00613320479169, 0.00605610758066, 0.00481797009706, 0.0023800842464, 0.00373807828873, 0.00242322590202, 0.00701031368226, 0.00570195214823, 0.00555704906583, 0.00140760350041, 0.00165583903436, 0.00105559453368, 0.00108089623973, 0.000739849696402, 0.000366633816157, 0.000655018666293, 0.000230529898545, 0.000275309197605, 0.000449916580692, 0.000293650635285, 0.000228959295782, 0.000193583560758, 5.33204256499e-05, 4.22982484451e-05, 3.46262531821e-05, 4.15090180468e-05, 3.07305308525e-05, 2.79612522718e-05, 1.77195252036e-05, 2.59478983935e-05, 1.09115153464e-05, 1.02139792943e-05, 7.14425505066e-06, 1.82604196652e-06],
        "mean": [0.000249928038102, 0.000399815180572, 0.0001831161062, 0.000164603028679, 0.000169202074176, 0.000121641489386, 0.000110759479867, 0.000175584020326, 0.000107554820715, 5.99609193159e-05, 0.000174211003468, 0.000100760080386, 0.000479131762404, 0.000510926358402, 0.000428581784945, 8.05959134595e-05, 0.000164876444614, 0.000114015449071, 5.12346450705e-05, 5.09945166414e-05, 4.88733130624e-05, 5.70944939682e-05, 2.56011280726e-05, 2.07500725082e-05, 4.1592400521e-05, 2.34582457779e-05, 2.65930284513e-05, 1.97656772798e-05, 6.60177147438e-06, 4.86441331304e-06, 4.42776808995e-06, 4.3320333134e-06, 3.31967112288e-06, 2.92962613457e-06, 2.20450647248e-06, 2.07258767659e-06, 1.33995001761e-06, 1.10745827442e-06, 7.79951847107e-07, 7.06058358446e-08],
        "min": [8.18330429461e-13, 1.74050257002e-15, 2.33897179308e-15, 2.07970178419e-15, 2.02465861866e-15, 2.30410071719e-15, 6.18866157593e-15, 6.01315931388e-15, 5.94114584325e-15, 5.00621628706e-15, 4.9019452607e-15, 2.15556099615e-15, 7.59672848987e-15, 9.65627724265e-15, 1.47218713863e-14, 1.05251814276e-14, 1.89844545791e-14, 1.70511476168e-14, 1.30968479944e-14, 1.32864114269e-14, 7.61406979539e-15, 1.59741469184e-14, 1.55057444749e-14, 2.11566807367e-14, 1.66814482285e-14, 1.77223958165e-14, 1.31459140719e-14, 2.57505114101e-14, 1.74690821433e-14, 2.45413718779e-14, 1.81410028872e-14, 1.82530229944e-14, 9.72971923434e-15, 1.20249472814e-14, 1.41984262008e-14, 1.21707013228e-14, 1.12825906658e-14, 8.75274465672e-15, 1.08026567157e-14, 8.77607025002e-15],
        "stdev": [0.000440355128376, 0.00059999874793, 0.000305296882289, 0.000242260852247, 0.000430230487837, 0.000548016803805, 0.000342134590028, 0.000535149825737, 0.000376513256924, 0.000162407843163, 0.000364151201211, 0.00022289592016, 0.000913509109523, 0.000777467619628, 0.000829416268971, 0.00016137053899, 0.000224571122089, 0.000130577464006, 8.85570552782e-05, 6.32760420558e-05, 5.16589170729e-05, 6.90234010108e-05, 2.69183292403e-05, 2.31127251027e-05, 5.36930201633e-05, 3.03101714962e-05, 3.66931890312e-05, 2.60046999756e-05, 6.60730620439e-06, 4.68197913506e-06, 4.47517049906e-06, 4.70562781629e-06, 3.41708641827e-06, 3.24105076288e-06, 2.1933701646e-06, 2.22688277063e-06, 1.25468682199e-06, 1.41395935316e-06, 1.00174145246e-06, 1.48408830114e-07]
    },
    "melbands128": {
        "max": [0.0007308665663, 0.00254745106213, 0.00651534181088, 0.00626765983179, 0.00518249673769, 0.00418277364224, 0.00376621820033, 0.0064877057448, 0.00470124045387, 0.00284099951386, 0.00390213914216, 0.00798343867064, 0.0099595412612, 0.0155946239829, 0.0141476672143, 0.0179779268801, 0.0120433401316, 0.00675881840289, 0.00452496483922, 0.00809979997575, 0.0137891806662, 0.00658001750708, 0.00871245935559, 0.00342482584529, 0.00371884275228, 0.00272651552223, 0.00227937451564, 0.00687682908028, 0.00497181573883, 0.00165371468756, 0.00536202639341, 0.00743741961196, 0.0146322418004, 0.0157193057239, 0.0132922083139, 0.00773902796209, 0.0140930945054, 0.00939039513469, 0.00832821894437, 0.00245229527354, 0.0016134781763, 0.00315519724973, 0.00227749277838, 0.0038343872875, 0.00285050505772, 0.00206515775062, 0.00356476707384, 0.00227872584946, 0.00051319936756, 0.000726750702597, 0.00148859957699, 0.00111697101966, 0.000730948115233, 0.000387763720937, 0.00103654759005, 0.00137225084472, 0.000463136646431, 0.000367316155462, 0.000273147190455, 0.000220301255467, 0.000460796785774, 0.000325507484376, 0.00101950531825, 0.000622820167337, 0.00123849057127, 0.000407179148169, 0.000602888292633, 0.000613918236922, 0.000373503396986, 0.000695870665368, 0.0003990138066, 0.00021809982718, 0.000155833477038, 4.10530883528e-05, 2.5946274036e-05, 0.000100200944871, 3.36443445121e-05, 4.13615052821e-05, 7.32368062017e-05, 7.79592373874e-05, 0.000109707696538, 2.66336046479e-05, 3.54871735908e-05, 3.39588332281e-05, 7.95554296928e-05, 4.96137799928e-05, 2.14704778045e-05, 1.96523178602e-05, 2.51993951679e-05, 3.37173878506e-05, 4.26829537901e-05, 4.09467065765e-05, 2.09127410926e-05, 8.31279612612e-06, 2.42970345425e-05, 2.15303534787e-05, 1.06068564492e-05, 8.80165771378e-06, 1.33540943352e-05, 5.97959115112e-06, 6.18456942902e-06, 4.04258990727e-08, 1.02382253786e-08, 1.08733004822e-08, 1.08646931452e-08, 1.06540136713e-08, 1.03485584546e-08, 1.0060929867e-08, 9.7307362168e-09, 9.42044398045e-09, 9.07708308517e-09, 8.85602968737e-09, 8.57188808823e-09, 8.27667623327e-09, 8.02886557238e-09, 7.8146102922e-09, 7.52801465609e-09, 7.38446681581e-09, 7.20228410245e-09, 7.03694480464e-09, 6.87646783959e-09, 6.74006894741e-09, 6.62363675019e-09, 6.50823084314e-09, 6.43670539091e-09, 6.36536912069e-09, 6.31268992635e-09, 6.27879170878e-09],
        "mean": [0.000115454095067, 0.000173174630618, 0.000298507598927, 0.000410468084738, 0.000503454066347, 0.000317409168929, 0.000183823285624, 0.000153753760969, 0.000165646633832, 0.000134058427648, 0.000184733245987, 0.000225052266615, 0.000149770959979, 0.000129483960336, 0.000106416111521, 0.000125343620311, 0.000139279145515, 8.4077968495e-05, 0.000101806741441, 0.000184176213224, 0.000226884134463, 0.000131011023768, 0.000101614408777, 6.61285375827e-05, 4.55355693703e-05, 5.39287539141e-05, 9.40027457546e-05, 0.000242562498897, 0.000197363711777, 7.85203883424e-05, 7.37252921681e-05, 0.000114849695819, 0.000286906928523, 0.0010552686872, 0.000630065624136, 0.000209619669477, 0.000530827732291, 0.000557993073016, 0.000325283588609, 5.87058020756e-05, 4.83122603328e-05, 5.41681583854e-05, 0.00011178553541, 0.000310110830469, 0.000153619490447, 6.14831005805e-05, 7.72454877733e-05, 5.50415024918e-05, 3.4778353438e-05, 4.54564615211e-05, 5.47969611944e-05, 6.02416730544e-05, 3.41232298524e-05, 4.11310211348e-05, 8.60266300151e-05, 5.90256531723e-05, 3.70011694031e-05, 2.92705753964e-05, 2.16343578359e-05, 1.73340431502e-05, 1.9215809516e-05, 1.57784597832e-05, 5.59764666832e-05, 4.8592373787e-05, 2.13667590288e-05, 1.96414457605e-05, 2.63336005446e-05, 2.66276947514e-05, 2.24649593292e-05, 3.52917704731e-05, 1.88665253518e-05, 1.48702556544e-05, 9.75038074102e-06, 4.25252801506e-06, 3.38478366757e-06, 6.46556782158e-06, 4.42542022938e-06, 3.59221689905e-06, 4.50803645435e-06, 4.96821076013e-06, 5.82752772971e-06, 3.21665947922e-06, 2.80338031189e-06, 2.28946237257e-06, 5.16089176017e-06, 4.08930600315e-06, 1.73735577391e-06, 1.54845281486e-06, 2.26676638704e-06, 2.50277525993e-06, 2.73017622021e-06, 1.59696810442e-06, 1.73144348992e-06, 1.11131805625e-06, 1.30400519538e-06, 1.51594883846e-06, 9.63065417636e-07, 6.23059804639e-07, 1.23994664136e-06, 4.9837547067e-07, 1.53413466819e-07, 1.50573498114e-09, 9.79952230473e-11, 3.15729734024e-11, 2.33419828605e-11, 2.24328524506e-11, 2.34336612615e-11, 2.15489865535e-11, 1.8850056932e-11, 1.81957036244e-11, 1.75977930145e-11, 1.78969148529e-11, 1.78511268267e-11, 1.49446705011e-11, 1.42793658842e-11, 1.38203433073e-11, 1.31282987953e-11, 1.2518151446e-11, 1.21950687396e-11, 1.20305154727e-11, 1.21668950956e-11, 1.18326607193e-11, 1.1061345416e-11, 1.03411333316e-11, 9.90887493585e-12, 9.6958396173e-12, 9.58463256678e-12, 9.52846829216e-12],
        "min": [1.71894757543e-12, 9.42821883933e-13, 2.70906290022e-13, 1.82094359495e-15, 1.52134475926e-15, 5.85407127979e-16, 9.07238778596e-16, 3.05115323054e-16, 9.71039841282e-16, 1.1474782865e-15, 1.92415837122e-15, 1.85463856559e-15, 1.95823238911e-15, 1.2168557906e-15, 3.24831587206e-15, 2.33009679361e-15, 1.41054279124e-15, 3.65787747788e-15, 8.34599265918e-15, 3.13194074489e-15, 3.63553147819e-15, 5.32780335691e-15, 3.66018606618e-15, 5.50754205425e-15, 3.72397950557e-15, 5.13630530116e-15, 1.02534291177e-15, 3.86246642783e-15, 4.44116314904e-15, 6.04077216444e-16, 1.78326206374e-15, 3.58303915238e-15, 9.68933778562e-15, 7.21258126059e-15, 8.49233369445e-15, 9.87202669871e-15, 1.35270289233e-14, 6.05370889864e-15, 8.57547506042e-15, 2.31222164557e-15, 8.41209511039e-15, 2.53049907146e-14, 2.03988793224e-14, 4.81299113113e-15, 1.65507984786e-14, 1.4882645016e-14, 8.25465963758e-15, 1.15694095742e-14, 6.82036943063e-15, 5.81443225544e-15, 1.64160575595e-14, 7.58259320404e-15, 5.49305313217e-15, 5.22798391221e-15, 1.34326770762e-14, 1.27788548853e-14, 2.98664897169e-15, 1.04714803858e-14, 1.91696752737e-14, 1.22993037941e-14, 2.0380127707e-14, 1.35024378627e-14, 2.05392225173e-14, 1.48626414859e-14, 1.15010921319e-14, 1.66733031597e-14, 9.99960680123e-15, 6.5635202419e-15, 1.04725120719e-14, 1.89977733252e-14, 3.14271788389e-14, 1.77910478369e-14, 1.56780377526e-14, 7.07119790917e-15, 7.10837079709e-15, 2.76037415717e-14, 2.48364459695e-14, 1.4758729178e-14, 1.70103375694e-14, 1.16008370377e-14, 1.93592751286e-14, 1.9488935544e-14, 8.15356202016e-15, 7.12969146341e-15, 9.78791463299e-15, 1.51134225306e-14, 9.11378228609e-15, 1.27859293045e-14, 1.83642384204e-14, 1.18798031037e-14, 3.92398981892e-15, 1.51007492237e-14, 2.1589570477e-14, 7.0304759532e-15, 9.93341964673e-15, 7.87437233745e-15, 6.75777411935e-15, 1.19122393834e-14, 1.361283929e-14, 6.26916739889e-15, 1.22167011411e-14, 9.52662021535e-15, 4.41305309014e-15, 8.99447261327e-15, 8.78109908463e-15, 8.02990960942e-15, 4.99128902543e-15, 6.51502675864e-15, 1.03467429259e-14, 8.82205143356e-15, 7.39964933403e-15, 9.86135069545e-15, 6.74235346102e-15, 5.84112141657e-15, 7.9418308884e-15, 8.41744581751e-15, 5.58693656998e-15, 8.56879959376e-15, 8.25742520015e-15, 1.0024562933e-14, 4.18813492594e-15, 9.90710233306e-15, 9.51570534879e-15, 6.83061344709e-15, 4.37445252818e-15, 2.55313454467e-15, 7.9576050771e-16, 1.24858281253e-17],
        "stdev": [8.93735850696e-05, 0.00026632391382, 0.000738389324397, 0.000762600335293, 0.000837494619191, 0.00048952025827, 0.000362446677173, 0.000364949723007, 0.00033627654193, 0.000256908795564, 0.00032868469134, 0.000494129257277, 0.000523258640897, 0.000792967330199, 0.000703518220689, 0.000709454761818, 0.000546121795196, 0.000347201887053, 0.000380520155886, 0.000616689736489, 0.00095823087031, 0.000585273839533, 0.00051882333355, 0.000227274053032, 0.000194863605429, 0.000203012794373, 0.000253646576311, 0.00060146744363, 0.000501515867654, 0.000172875734279, 0.00034594887984, 0.000522750720847, 0.00110668782145, 0.00219435663894, 0.00146028166637, 0.000631533039268, 0.00135240168311, 0.00140210404061, 0.00102022488136, 0.000160081253853, 0.000132997971377, 0.00014140373969, 0.000192908904864, 0.00051271711709, 0.000257473817328, 0.00010977871716, 0.000272965437034, 0.000140051954077, 4.57432288385e-05, 6.85580598656e-05, 9.62855192483e-05, 9.75546354312e-05, 5.66733360756e-05, 5.52992423763e-05, 0.000153523375047, 0.000118460018712, 5.24957722519e-05, 3.96254836232e-05, 2.84235775325e-05, 2.29883007705e-05, 3.49521469616e-05, 2.33108876273e-05, 9.91216511466e-05, 7.38830785849e-05, 5.23311027791e-05, 3.87031104765e-05, 5.6625212892e-05, 5.81701388001e-05, 4.15993999923e-05, 7.62400377425e-05, 4.0763967263e-05, 2.16269254452e-05, 1.56661499204e-05, 4.83971598442e-06, 3.4856975617e-06, 9.02711599338e-06, 4.80406288261e-06, 4.45114301328e-06, 7.56876852392e-06, 7.28682789486e-06, 1.08396170617e-05, 3.38166591973e-06, 3.90389277527e-06, 3.11614439852e-06, 8.28255087981e-06, 5.92619244344e-06, 2.25724033953e-06, 1.72449881575e-06, 2.96084681395e-06, 3.18541901834e-06, 3.74074738829e-06, 2.42428245656e-06, 2.24852192332e-06, 1.1803125517e-06, 2.23448682846e-06, 2.74465560324e-06, 1.42962812788e-06, 8.50114020068e-07, 1.93420373762e-06, 7.3184799021e-07, 4.20265934054e-07, 4.21063450773e-09, 4.68903971207e-10, 3.60759200291e-10, 3.5568245571e-10, 3.51186718595e-10, 3.56480817088e-10, 3.36636135634e-10, 3.16420167845e-10, 3.06757841351e-10, 2.95936691819e-10, 2.93645330274e-10, 2.95106883375e-10, 2.69955641174e-10, 2.6154001187e-10, 2.54473470074e-10, 2.45061942961e-10, 2.41183434335e-10, 2.3566426588e-10, 2.30796146083e-10, 2.27752788851e-10, 2.22874205202e-10, 2.16397039177e-10, 2.11350908996e-10, 2.08812550584e-10, 2.06496486577e-10, 2.04788810909e-10, 2.03688607647e-10]
    },
    "mfcc": {
        "mean": [-637.430786133, 82.0977859497, -46.3044433594, 15.4530086517, -3.65896844864, 21.1571178436, 2.50677347183, 15.6639280319, -10.1067209244, 10.1015958786, -7.20493221283, 7.82932424545, -1.55609309673],
        "cov": [[10347.6181641, 1428.17553711, -301.354736328, 119.63986969, -285.992980957, 132.693099976, 18.9065036774, 71.5766677856, -349.889556885, 7.48772335052, -188.558517456, -5.69447278976, -54.0461921692], [1428.17553711, 1652.29943848, 322.563323975, 516.983459473, -253.737426758, 63.47605896, 27.9081306458, -92.6690673828, -480.382781982, -20.7201747894, -259.305999756, -64.4091262817, -12.0176296234], [-301.354736328, 322.563323975, 517.491577148, 91.2676925659, -8.9615240097, -96.4674377441, -12.9612226486, -81.6421356201, -91.6873092651, -114.652366638, -50.187374115, -77.161857605, 15.723731041], [119.63986969, 516.983459473, 91.2676925659, 336.408905029, -14.2071676254, 35.5475959778, 12.8159751892, -43.8875770569, -186.95475769, 1.96151256561, -100.997741699, 7.10178470612, 36.9363479614], [-285.992980957, -253.737426758, -8.9615240097, -14.2071676254, 196.875, -50.1403198242, -33.8787612915, -20.6972332001, 89.7450714111, -35.7680282593, 39.4037857056, 12.5496854782, 36.4268226624], [132.693099976, 63.47605896, -96.4674377441, 35.5475959778, -50.1403198242, 181.772750854, 64.4305648804, 48.6042747498, -47.9570350647, 55.6742553711, -23.1422328949, 2.4681224823, -37.9112739563], [18.9065036774, 27.9081306458, -12.9612226486, 12.8159751892, -33.8787612915, 64.4305648804, 193.704193115, 49.1985855103, -18.1478538513, 33.0633354187, -18.2450580597, -16.6036624908, 23.1373634338], [71.5766677856, -92.6690673828, -81.6421356201, -43.8875770569, -20.6972332001, 48.6042747498, 49.1985855103, 164.353744507, 80.9343414307, 29.0173664093, 2.11430644989, 0.374120980501, -25.0591850281], [-349.889556885, -480.382781982, -91.6873092651, -186.95475769, 89.7450714111, -47.9570350647, -18.1478538513, 80.9343414307, 254.727859497, 5.21239614487, 103.200973511, 16.0882015228, -3.04766178131], [7.48772335052, -20.7201747894, -114.652366638, 1.96151256561, -35.7680282593, 55.6742553711, 33.0633354187, 29.0173664093, 5.21239614487, 143.458007812, 31.9846305847, 34.0416374207, -3.82853889465], [-188.558517456, -259.305999756, -50.187374115, -100.997741699, 39.4037857056, -23.1422328949, -18.2450580597, 2.11430644989, 103.200973511, 31.9846305847, 125.347427368, 29.5198116302, 3.01956057549], [-5.69447278976, -64.4091262817, -77.161857605, 7.10178470612, 12.5496854782, 2.4681224823, -16.6036624908, 0.374120980501, 16.0882015228, 34.0416374207, 29.5198116302, 83.5022888184, 31.0717830658], [-54.0461921692, -12.0176296234, 15.723731041, 36.9363479614, 36.4268226624, -37.9112739563, 23.1373634338, -25.0591850281, -3.04766178131, -3.82853889465, 3.01956057549, 31.0717830658, 103.764709473]],
        "icov": [[0.000134473259095, -0.000262121699052, 0.00019862978661, 0.000332309427904, -0.000120773875096, -3.67493134945e-06, 2.0914212655e-05, -0.000128762694658, 0.000115176269901, 0.000117173614854, -6.58282733639e-05, -2.98499326163e-05, -8.4849918494e-05], [-0.000262121699052, 0.00283689401112, -0.00092197151389, -0.00299432501197, 0.00211516907439, 0.000564864720218, 0.000227361917496, -0.000100858109363, 0.00149132648949, -0.000375295931008, 0.000875320460182, 0.000614528078586, 0.000606861955021], [0.00019862978661, -0.00092197151389, 0.00362247158773, 0.000105478815385, -1.98777615878e-05, 0.00129018956795, -0.00033220165642, 0.000381398305763, 0.000294127617963, 0.00193091318943, -0.00114558660425, 0.00229193340056, -0.000518338056281], [0.000332309427904, -0.00299432501197, 0.000105478815385, 0.00982191320509, -0.00451067322865, -0.00111909257248, 0.000412826804677, -0.00135947810486, 0.00337622035295, -0.00103464780841, 0.00160839350428, -0.00218031485565, -0.00226461002603], [-0.000120773875096, 0.00211516907439, -1.98777615878e-05, -0.00451067322865, 0.0100498860702, 0.000121341909107, 0.000737064576242, 0.0022580421064, -0.00373192178085, 0.0020401161164, -0.000206741213333, 0.00120434747078, -0.00170098152012], [-3.67493134945e-06, 0.000564864720218, 0.00129018956795, -0.00111909257248, 0.000121341909107, 0.00991291832179, -0.00267330370843, -0.0020477201324, 0.00304799131118, -0.00152977264952, 0.000156953901751, -0.000685599748977, 0.00418090028688], [2.0914212655e-05, 0.000227361917496, -0.00033220165642, 0.000412826804677, 0.000737064576242, -0.00267330370843, 0.00786964781582, -0.00234325835481, 0.00091699953191, -0.0013516258914, 4.45642981504e-05, 0.00347885955125, -0.00468147080392], [-0.000128762694658, -0.000100858109363, 0.000381398305763, -0.00135947810486, 0.0022580421064, -0.0020477201324, -0.00234325835481, 0.0115799792111, -0.00760223064572, -0.000398689968279, 0.00352817354724, -0.000787109252997, 0.00202063447796], [0.000115176269901, 0.00149132648949, 0.000294127617963, 0.00337622035295, -0.00373192178085, 0.00304799131118, 0.00091699953191, -0.00760223064572, 0.0158883109689, 1.88308786164e-05, -0.00514154089615, 0.000657010998111, -0.000210142534343], [0.000117173614854, -0.000375295931008, 0.00193091318943, -0.00103464780841, 0.0020401161164, -0.00152977264952, -0.0013516258914, -0.000398689968279, 1.88308786164e-05, 0.0114244828001, -0.0041922419332, -0.00220083538443, 0.000226361022214], [-6.58282733639e-05, 0.000875320460182, -0.00114558660425, 0.00160839350428, -0.000206741213333, 0.000156953901751, 4.45642981504e-05, 0.00352817354724, -0.00514154089615, -0.0041922419332, 0.0168238002807, -0.00415880884975, 0.00109026278369], [-2.98499326163e-05, 0.000614528078586, 0.00229193340056, -0.00218031485565, 0.00120434747078, -0.000685599748977, 0.00347885955125, -0.000787109252997, 0.000657010998111, -0.00220083538443, -0.00415880884975, 0.0201829764992, -0.00713921291754], [-8.4849918494e-05, 0.000606861955021, -0.000518338056281, -0.00226461002603, -0.00170098152012, 0.00418090028688, -0.00468147080392, 0.00202063447796, -0.000210142534343, 0.000226361022214, 0.00109026278369, -0.00713921291754, 0.0163127034903]]
    },
    "spectral_contrast_coeffs": {
        "max": [-0.436800003052, -0.537387907505, -0.467595010996, -0.548461675644, -0.596637666225, -0.447955369949],
        "mean": [-0.763425350189, -0.786320567131, -0.721083462238, -0.763439416885, -0.751976430416, -0.674506545067],
        "min": [-0.96848654747, -0.960661351681, -0.96199208498, -0.95626616478, -0.938714981079, -0.922596216202],
        "stdev": [0.0810742676258, 0.0723888352513, 0.1083650738, 0.066745378077, 0.055806260556, 0.0616854652762]
    },
    "spectral_contrast_valleys": {
        "max": [-5.64072227478, -4.93106222153, -5.71619749069, -5.61273384094, -5.89189910889, -9.06288051605],
        "mean": [-7.71830940247, -7.45458841324, -7.31766366959, -7.25959014893, -7.30369186401, -10.9858064651],
        "min": [-19.3309230804, -17.6388320923, -17.996887207, -17.2848205566, -16.798828125, -18.4452915192],
        "stdev": [1.75174725056, 1.53945541382, 1.43610107899, 1.46751046181, 1.32223534584, 1.27216088772]
    }
},
"rhythm": {
    "beats_count": 41,
    "beats_loudness": {
        "max": 0.0602037571371,
        "mean": 0.0251936353743,
        "min": 0.0026205687318,
        "stdev": 0.0157892163843
    },
    "bpm": 136.681091309,
    "bpm_histogram_first_peak_bpm": 136,
    "bpm_histogram_first_peak_weight": 0.529411792755,
    "bpm_histogram_second_peak_bpm": 115,
    "bpm_histogram_second_peak_spread": 0.375,
    "bpm_histogram_second_peak_weight": 0.125,
    "danceability": 0.837527215481,
    "onset_rate": 2.31564235687,
    "beats_loudness_band_ratio": {
        "max": [0.885706245899, 0.315105110407, 0.509211063385, 0.793756186962, 0.608715236187, 0.285841792822],
        "mean": [0.141094624996, 0.0648550242186, 0.0995709747076, 0.400519400835, 0.227563366294, 0.106387533247],
        "min": [0.0222356878221, 0.000591839139815, 0.00918591581285, 0.0157600305974, 0.00977426301688, 0.0103445556015],
        "stdev": [0.155335754156, 0.0723993480206, 0.107773445547, 0.203930854797, 0.162849158049, 0.061683665961]
    },
    "beats_position": [0.452789098024, 0.917188167572, 1.369977355, 1.8111563921, 2.2523355484, 2.68190479279, 3.11147379875, 3.55265307426, 3.99383211136, 4.43501138687, 4.86458063126, 5.2941493988, 5.72371864319, 6.15328788757, 6.59446716309, 7.03564596176, 7.47682523727, 7.92961454391, 8.38240337372, 8.84680271149, 9.41569137573, 9.98458003998, 10.5418596268, 11.0759181976, 11.6099767685, 12.1208162308, 12.6432647705, 13.1657142639, 13.6881628036, 14.2106122971, 14.7330608368, 15.2787294388, 15.8243989944, 16.4397277832, 17.0666656494, 17.693605423, 18.390203476, 19.0868015289, 19.7834014893, 20.5032196045, 21.2230377197],
