{
"metadata": {
    "version": {
        "essentia": "2.1-beta5",
        "essentia_git_sha": "Undefined",
        "extractor": "music 2.0"
    },
    "audio_properties": {
        "analysis": {
            "equal_loudness": 0,
            "length": 32.4963264465,
            "sample_rate": 44100,
            "start_time": 61.4980506897,
            "downmix": "mix"
        },
        "bit_rate": 192000,
        "length": 153.55355835,
        "lossless": 0,
        "number_channels": 2,
        "replay_gain": -5.40373039246,
        "sample_rate": 44100,
        "codec": "mp3",
        "md5_encoded": "73596dfc5806febc946fe32d61dedafd"
    },
    "tags": {
        "file_name": "Finland_Anna Rakkaudelle Tilaisuus_Seija Simola.mp3",
        "encoding": ["Lavf58.29.100"]
    }
},
"lowlevel": {
    "average_loudness": 0.215439498425,
    "barkbands_crest": {
        "max": 24.4375152588,
        "mean": 11.5065937042,
        "min": 4.02815341949,
        "stdev": 3.84837651253
    },
    "barkbands_flatness_db": {
        "max": 0.472463726997,
        "mean": 0.271667033434,
        "min": 0.0798947289586,
        "stdev": 0.0706093534827
    },
    "barkbands_kurtosis": {
        "max": 114.761283875,
        "mean": 6.67460680008,
        "min": -1.91786503792,
        "stdev": 10.9274492264
    },
    "barkbands_skewness": {
        "max": 8.81003856659,
        "mean": 1.44419896603,
        "min": -1.94137763977,
        "stdev": 1.25226569176
    },
    "barkbands_spread": {
        "max": 91.2836380005,
        "mean": 10.4311323166,
        "min": 0.403689086437,
        "stdev": 12.2039546967
    },
    "dissonance": {
        "max": 0.499764174223,
        "mean": 0.387841552496,
        "min": 0.153604656458,
        "stdev": 0.073369152844
    },
    "dynamic_complexity": 5.06590270996,
    "erbbands_crest": {
        "max": 29.7596359253,
        "mean": 12.5385427475,
        "min": 3.27779793739,
        "stdev": 4.98072290421
    },
    "erbbands_flatness_db": {
        "max": 0.405714452267,
        "mean": 0.252783477306,
        "min": 0.10310742259,
        "stdev": 0.0561210699379
    },
    "erbbands_kurtosis": {
        "max": 97.7229614258,
        "mean": 4.35732364655,
        "min": -1.90656793118,
        "stdev": 7.30637168884
    },
    "erbbands_skewness": {
        "max": 7.15594148636,
        "mean": 0.851713061333,
        "min": -5.31625795364,
        "stdev": 1.27257728577
    },
    "erbbands_spread": {
        "max": 142.33732605,
        "mean": 22.2275505066,
        "min": 1.26395392418,
        "stdev": 21.4948368073
    },
    "hfc": {
        "max": 154.890899658,
        "mean": 8.60618591309,
        "min": 0.0347275994718,
        "stdev": 19.6262588501
    },
    "loudness_ebu128": {
        "integrated": -21.8937969208,
        "loudness_range": 8.84994888306,
        "momentary": {
            "max": -12.2414836884,
            "mean": -24.4835186005,
            "min": -32.2074890137,
            "stdev": 4.36615228653
        },
        "short_term": {
            "max": -16.3632011414,
            "mean": -24.522315979,
            "min": -28.0691394806,
            "stdev": 2.87483453751
        }
    },
    "melbands_crest": {
        "max": 31.4289665222,
        "mean": 14.0944328308,
        "min": 5.30426740646,
        "stdev": 4.37890100479
    },
    "melbands_flatness_db": {
        "max": 0.600537478924,
        "mean": 0.344934314489,
        "min": 0.105556227267,
        "stdev": 0.0970004200935
    },
    "melbands_kurtosis": {
        "max": 228.279937744,
        "mean": 11.4024200439,
        "min": -1.77514779568,
        "stdev": 18.1712284088
    },
    "melbands_skewness": {
        "max": 10.853143692,
        "mean": 2.00409460068,
        "min": -1.14642655849,
        "stdev": 1.51318764687
    },
    "melbands_spread": {
        "max": 145.63684082,
        "mean": 11.7148113251,
        "min": 0.54455602169,
        "stdev": 13.9898176193
    },
    "pitch_salience": {
        "max": 0.788032412529,
        "mean": 0.510880231857,
        "min": 0.163855656981,
        "stdev": 0.0968406125903
    },
    "silence_rate_20dB": {
        "max": 1,
        "mean": 1,
        "min": 1,
        "stdev": 0
    },
    "silence_rate_30dB": {
        "max": 1,
        "mean": 0.985724508762,
        "min": 0,
        "stdev": 0.118625536561
    },
    "silence_rate_60dB": {
        "max": 1,
        "mean": 0.231977164745,
        "min": 0,
        "stdev": 0.422096639872
    },
    "spectral_centroid": {
        "max": 4624.25341797,
        "mean": 671.995788574,
        "min": 168.530410767,
        "stdev": 582.267944336
    },
    "spectral_complexity": {
        "max": 35,
        "mean": 8.30192756653,
        "min": 0,
        "stdev": 6.01457881927
    },
    "spectral_decrease": {
        "max": -1.63416988275e-11,
        "mean": -3.5475340443e-09,
        "min": -3.573616425e-08,
        "stdev": 5.07822006668e-09
    },
    "spectral_energy": {
        "max": 0.148885682225,
        "mean": 0.0141698056832,
        "min": 6.5026091761e-05,
        "stdev": 0.0207809899002
    },
    "spectral_energyband_high": {
        "max": 0.00260248081759,
        "mean": 8.28648771858e-05,
        "min": 7.80815838652e-08,
        "stdev": 0.000237663261942
    },
    "spectral_energyband_low": {
        "max": 0.115453407168,
        "mean": 0.00462469737977,
        "min": 5.41256940778e-06,
        "stdev": 0.0073573552072
    },
    "spectral_energyband_middle_high": {
        "max": 0.116336062551,
        "mean": 0.00401975400746,
        "min": 6.43578403015e-07,
        "stdev": 0.0132081182674
    },
    "spectral_energyband_middle_low": {
        "max": 0.0614207051694,
        "mean": 0.00597445247695,
        "min": 1.87251389434e-05,
        "stdev": 0.00676617305726
    },
    "spectral_entropy": {
        "max": 8.47945404053,
        "mean": 6.43132972717,
        "min": 4.41009712219,
        "stdev": 0.734376728535
    },
    "spectral_flux": {
        "max": 0.265476047993,
        "mean": 0.0431521311402,
        "min": 0.00426477612928,
        "stdev": 0.0397000834346
    },
    "spectral_kurtosis": {
        "max": 134.399505615,
        "mean": 17.9182872772,
        "min": -1.29589867592,
        "stdev": 19.3437271118
    },
    "spectral_rms": {
        "max": 0.0120521504432,
        "mean": 0.00313098519109,
        "min": 0.000251873163506,
        "stdev": 0.00200527580455
    },
    "spectral_rolloff": {
        "max": 8677.88085938,
        "mean": 761.239379883,
        "min": 86.1328125,
        "stdev": 1008.80987549
    },
    "spectral_skewness": {
        "max": 9.5444021225,
        "mean": 2.94648504257,
        "min": -0.773843467236,
        "stdev": 1.65805840492
    },
    "spectral_spread": {
        "max": 25163010,
        "mean": 2989880.75,
        "min": 678328.5625,
        "stdev": 1658508
    },
    "spectral_strongpeak": {
        "max": 14.9871454239,
        "mean": 0.746240377426,
        "min": 0.0148241017014,
        "stdev": 1.56200611591
    },
    "zerocrossingrate": {
        "max": 0.216796875,
        "mean": 0.0285520814359,
        "min": 0.00390625,
        "stdev": 0.0253706034273
    },
    "barkbands": {
        "max": [0.00091781525407, 0.0788316652179, 0.0330391600728, 0.0130624882877, 0.0261889267713, 0.016954774037, 0.0156513098627, 0.0111263683066, 0.0348225794733, 0.0902744829655, 0.041905015707, 0.0609847009182, 0.0709808766842, 0.0224872436374, 0.0316407233477, 0.0175147596747, 0.0175531841815, 0.00884780846536, 0.00149424630217, 0.00201416295022, 0.00152136059478, 0.00250604795292, 0.000767836230807, 0.000560055254027, 0.000222985137952, 5.6378607951e-06, 5.22698246641e-06],
        "mean": [1.88438152691e-05, 0.00317285442725, 0.00106097536627, 0.000712884764653, 0.00195941026323, 0.00137927604374, 0.000664504827, 0.000296768266708, 0.000623065512627, 0.000796729989816, 0.000461930263555, 0.000822131696623, 0.00102485041134, 0.000358648219844, 0.000195146029, 0.000151406100485, 0.000175982611836, 0.00014443116379, 5.51565099158e-05, 2.43150807364e-05, 1.99386849999e-05, 2.84934776573e-05, 1.18070047392e-05, 7.47268086343e-06, 2.68965482064e-06, 1.00060006503e-07, 6.56346799133e-09],
        "min": [5.34780841832e-09, 2.85815417556e-07, 4.56930351334e-08, 5.27365102698e-07, 2.0575967028e-06, 5.71784823933e-07, 1.11254280455e-06, 7.33857348223e-08, 6.91859156632e-08, 4.18988932438e-08, 2.96329805138e-08, 2.4214790173e-08, 2.03281107503e-08, 1.55038204497e-08, 1.25108527982e-08, 1.47938843398e-08, 1.04584163552e-08, 8.0593993701e-09, 7.32469640496e-09, 1.08053823666e-08, 7.7698274481e-09, 8.57267767884e-09, 7.68191554812e-09, 8.20975731841e-09, 1.07299946706e-09, 3.68962464747e-11, 3.22696765143e-11],
        "stdev": [4.24813297286e-05, 0.00553855439648, 0.00180767499842, 0.00145071395673, 0.00273171602748, 0.00219208793715, 0.00144596921746, 0.000606958114076, 0.00232625985518, 0.00370607711375, 0.00248635443859, 0.00456207199022, 0.00518589327112, 0.00162453891244, 0.00124462565873, 0.000877019017935, 0.00103623175528, 0.000694988877513, 0.000156243258971, 8.93061296665e-05, 7.72666971898e-05, 0.000120908181998, 4.67971294711e-05, 4.02432924602e-05, 1.02605263237e-05, 4.17711248701e-07, 1.52875173853e-07]
    },
    "erbbands": {
        "max": [0.886461079121, 22.440568924, 54.7143974304, 31.6282730103, 55.9880256653, 100.594352722, 267.044403076, 180.167404175, 275.058502197, 204.969055176, 201.968109131, 1008.62005615, 1608.44348145, 3527.98120117, 1779.7154541, 2761.24536133, 2963.90307617, 2325.42773438, 1925.01879883, 307.270385742, 817.229675293, 875.928833008, 641.100891113, 153.549407959, 59.5706520081, 138.418563843, 59.3137054443, 62.1951713562, 81.615737915, 49.1082305908, 19.5751724243, 17.6021118164, 10.2312231064, 3.59149122238, 0.840250492096, 0.0634626448154, 0.00926973018795, 0.0032674849499, 0.000766732788179, 0.000179914030014],
        "mean": [0.0529989786446, 0.826782286167, 1.52370691299, 1.85707247257, 2.91935968399, 7.60276079178, 10.4473657608, 10.8801116943, 13.0751638412, 7.71939945221, 5.70966625214, 12.6769552231, 25.3791065216, 23.4885540009, 28.8365516663, 27.3674526215, 37.4820213318, 31.8296947479, 14.3001470566, 6.12015533447, 9.74178695679, 9.6065864563, 8.48674869537, 4.8159365654, 1.85315382481, 1.31012046337, 0.722866296768, 0.932388007641, 1.07698345184, 0.650289773941, 0.302916616201, 0.200465545058, 0.0935573503375, 0.0421953760087, 0.0125803090632, 0.00149724364746, 5.65217051189e-05, 7.98611745267e-06, 8.48585295898e-06, 1.65056171681e-05],
        "min": [1.59888986673e-05, 0.0003038784198, 0.00108470348641, 0.00142264913302, 0.00334995053709, 0.00965670589358, 0.0114591205493, 0.014339084737, 0.0195913147181, 0.0103345671669, 0.00981594249606, 0.0019171993481, 0.00145867746323, 0.00230422941968, 0.00210238737054, 0.00113126565702, 0.00125152349938, 0.00104129442479, 0.000615953467786, 0.000887277710717, 0.000933175208047, 0.000686598010361, 0.000580315594561, 0.000535032653715, 0.000560454616789, 0.000554628612008, 0.000420242053224, 0.000334385142196, 0.000327377376379, 0.000267513591098, 0.000220050147618, 0.000192339852219, 0.000135257287184, 1.79322159966e-05, 7.11627535566e-06, 2.52034078585e-06, 9.8149769201e-07, 1.16085971058e-07, 4.71915768685e-08, 7.70178516518e-08],
        "stdev": [0.0856250151992, 1.48460507393, 2.63742351532, 3.33606934547, 4.40016269684, 11.382727623, 20.2580718994, 20.555847168, 27.8308506012, 14.2520923615, 11.9210729599, 52.3663978577, 86.1463317871, 137.434371948, 122.585334778, 141.906112671, 196.146209717, 165.780090332, 82.872718811, 25.250421524, 49.9388160706, 53.442741394, 44.5656394958, 15.5983381271, 5.33060312271, 5.4161939621, 2.58889865875, 3.65505099297, 4.45423269272, 2.64868927002, 1.27829277515, 1.04625451565, 0.513371109962, 0.171319186687, 0.0458130724728, 0.00512293726206, 0.000302113185171, 9.58376549534e-05, 2.49663917202e-05, 2.48489013757e-05]
    },
    "gfcc": {
        "mean": [-153.591415405, 169.446304321, -94.1745605469, 34.2731781006, -69.6134490967, 5.91431474686, -28.5798530579, 2.22698068619, -11.113776207, -13.0022668839, -0.84463351965, -10.2515716553, 7.70060539246],
        "cov": [[8895.52148438, -1441.62817383, -3150.23779297, 446.048706055, 412.061798096, 869.720825195, -39.5252304077, -203.786056519, -228.875686646, -30.2038917542, 463.703125, 42.3515853882, -22.0478439331], [-1441.62817383, 1168.97961426, 499.381103516, -545.213500977, 339.489898682, -284.941711426, 123.202758789, 38.6699981689, -5.59918451309, -100.484230042, 47.8977966309, -49.0537147522, 17.0700817108], [-3150.23779297, 499.381103516, 1833.05480957, 48.2475166321, -250.286117554, -177.468765259, 74.9154891968, 106.742431641, 60.604675293, 18.0517044067, -212.375106812, 0.950539886951, -8.57546710968], [446.048706055, -545.213500977, 48.2475166321, 714.807617188, -127.948661804, 44.1507072449, -6.7220492363, -28.0564670563, 93.2232284546, 10.7944860458, -69.4532775879, 29.0437335968, 15.0598726273], [412.061798096, 339.489898682, -250.286117554, -127.948661804, 467.869903564, -25.9609146118, 22.4677276611, 51.1361427307, -29.0073719025, -36.3720932007, 87.9917526245, 9.00904083252, 5.89857292175], [869.720825195, -284.941711426, -177.468765259, 44.1507072449, -25.9609146118, 389.392425537, 119.153671265, -39.1387138367, -78.6335372925, 48.0860137939, 17.5808067322, -4.12443590164, -12.8762712479], [-39.5252304077, 123.202758789, 74.9154891968, -6.7220492363, 22.4677276611, 119.153671265, 271.348205566, 3.79757499695, -18.2413406372, 9.36926841736, -2.71911025047, -22.3143959045, 6.88871669769], [-203.786056519, 38.6699981689, 106.742431641, -28.0564670563, 51.1361427307, -39.1387138367, 3.79757499695, 245.243301392, 54.7748374939, -2.70638751984, -13.0248031616, -25.6009998322, -15.744843483], [-228.875686646, -5.59918451309, 60.604675293, 93.2232284546, -29.0073719025, -78.6335372925, -18.2413406372, 54.7748374939, 170.710342407, 33.836730957, -27.3453102112, -12.9211483002, -5.0177063942], [-30.2038917542, -100.484230042, 18.0517044067, 10.7944860458, -36.3720932007, 48.0860137939, 9.36926841736, -2.70638751984, 33.836730957, 182.91809082, 21.6235656738, 3.7175180912, -22.6017360687], [463.703125, 47.8977966309, -212.375106812, -69.4532775879, 87.9917526245, 17.5808067322, -2.71911025047, -13.0248031616, -27.3453102112, 21.6235656738, 150.279434204, 32.0911483765, -8.19918346405], [42.3515853882, -49.0537147522, 0.950539886951, 29.0437335968, 9.00904083252, -4.12443590164, -22.3143959045, -25.6009998322, -12.9211483002, 3.7175180912, 32.0911483765, 125.048965454, 31.9655170441], [-22.0478439331, 17.0700817108, -8.57546710968, 15.0598726273, 5.89857292175, -12.8762712479, 6.88871669769, -15.744843483, -5.0177063942, -22.6017360687, -8.19918346405, 31.9655170441, 88.2293930054]],
        "icov": [[0.000501864124089, -0.000175850349478, 0.00076556194108, -0.000532357895281, 3.81403042411e-05, -0.000900891376659, 0.000322249688907, -0.000178825823241, 0.000242468770011, 0.000207561679417, -0.000558724685106, -9.28622830543e-06, 0.000152014777996], [-0.000175850349478, 0.00776593666524, -0.00311298528686, 0.00505818845704, -0.00505634769797, 0.00455359183252, -0.00419821217656, 0.0031119491905, -0.00271791941486, 0.00289551983587, -0.00306044355966, 0.00320659694262, -0.00168566172943], [0.00076556194108, -0.00311298528686, 0.00302057806402, -0.00256891525351, 0.00225419644266, -0.00240038800985, 0.00150653556921, -0.00175311323255, 0.00159309257288, -0.00103694736026, 0.00141446397174, -0.0017045433633, 0.00116813729983], [-0.000532357895281, 0.00505818845704, -0.00256891525351, 0.0053745880723, -0.00296441139653, 0.00317499763332, -0.00285164709203, 0.00240150280297, -0.00311808567494, 0.00187447341159, -0.000794141320512, 0.00137876963709, -0.00123645388521], [3.81403042411e-05, -0.00505634769797, 0.00225419644266, -0.00296441139653, 0.00610499922186, -0.00240263598971, 0.00218354118988, -0.00278183817863, 0.00205502891913, -0.0014555627713, 0.000927782617509, -0.00224432186224, 0.000930525595322], [-0.000900891376659, 0.00455359183252, -0.00240038800985, 0.00317499763332, -0.00240263598971, 0.00797733664513, -0.00462713604793, 0.00183961645234, 0.000293379620416, -1.0339259461e-05, -0.000359743484296, 0.0016015607398, -0.00046660573571], [0.000322249688907, -0.00419821217656, 0.00150653556921, -0.00285164709203, 0.00218354118988, -0.00462713604793, 0.00712303398177, -0.00165595149156, 0.00121211446822, -0.00131156865973, 0.000915075594094, -0.000517421867698, -0.000141529177199], [-0.000178825823241, 0.0031119491905, -0.00175311323255, 0.00240150280297, -0.00278183817863, 0.00183961645234, -0.00165595149156, 0.00618258211762, -0.0029287126381, 0.00146187550854, -0.00104916072451, 0.00192371988669, -0.00012655708997], [0.000242468770011, -0.00271791941486, 0.00159309257288, -0.00311808567494, 0.00205502891913, 0.000293379620416, 0.00121211446822, -0.0029287126381, 0.00967279449105, -0.00311115989462, 0.00180970225483, -0.000500091118738, 0.00066412956221], [0.000207561679417, 0.00289551983587, -0.00103694736026, 0.00187447341159, -0.0014555627713, -1.0339259461e-05, -0.00131156865973, 0.00146187550854, -0.00311115989462, 0.00790213420987, -0.00304291490465, 0.000829347700346, 0.000794107851107], [-0.000558724685106, -0.00306044355966, 0.00141446397174, -0.000794141320512, 0.000927782617509, -0.000359743484296, 0.000915075594094, -0.00104916072451, 0.00180970225483, -0.00304291490465, 0.0122619075701, -0.00445842696354, 0.00243053166196], [-9.28622830543e-06, 0.00320659694262, -0.0017045433633, 0.00137876963709, -0.00224432186224, 0.0016015607398, -0.000517421867698, 0.00192371988669, -0.000500091118738, 0.000829347700346, -0.00445842696354, 0.011746735312, -0.00474241096526], [0.000152014777996, -0.00168566172943, 0.00116813729983, -0.00123645388521, 0.000930525595322, -0.00046660573571, -0.000141529177199, -0.00012655708997, 0.00066412956221, 0.000794107851107, 0.00243053166196, -0.00474241096526, 0.0140661988407]]
    },
    "melbands": {
        "max": [0.0138983055949, 0.0294317081571, 0.00437269452959, 0.00366864306852, 0.00863372534513, 0.00366112869233, 0.00375256408006, 0.0022411281243, 0.00185598747339, 0.00679099140689, 0.00784685090184, 0.0154530676082, 0.00550490152091, 0.00779416784644, 0.00336101045832, 0.00967849418521, 0.00378502113745, 0.00284785381518, 0.00132872082759, 0.00122442899738, 0.00107220700011, 0.0012740654638, 0.000563492008951, 0.000449896382634, 0.000135985857924, 5.72392564209e-05, 2.8695925721e-05, 0.000115303329949, 3.43176288879e-05, 3.44869695255e-05, 5.09819619765e-05, 3.59254045179e-05, 8.67518247105e-05, 1.60498457262e-05, 1.30359521791e-05, 1.05938852357e-05, 1.03606671473e-05, 7.86031432654e-06, 4.6748045861e-06, 2.80359927274e-06],
        "mean": [0.0007082906086, 0.000923196144868, 0.000348235189449, 0.000348938949173, 0.000390211556805, 0.000260439701378, 0.000183963667951, 7.78125031502e-05, 4.31411390309e-05, 9.26010470721e-05, 0.000127477163915, 9.3811955594e-05, 8.24405069579e-05, 0.000104850492789, 5.91097086726e-05, 9.68886670307e-05, 5.19272762176e-05, 2.30627647397e-05, 1.19135911518e-05, 8.45299109642e-06, 1.2042130038e-05, 9.87832936516e-06, 9.4880197139e-06, 5.93597769694e-06, 3.81958989237e-06, 1.38084340051e-06, 9.82799633675e-07, 8.29225598409e-07, 4.37451973312e-07, 4.07343577535e-07, 5.92276592215e-07, 6.13298198004e-07, 5.38851566034e-07, 2.95361473945e-07, 1.82341196364e-07, 1.32644004225e-07, 1.17590445825e-07, 6.80070897374e-08, 4.88955009814e-08, 3.10613366139e-08],
        "min": [8.08217208714e-08, 9.80433014774e-07, 4.81664244489e-07, 3.79263525474e-07, 2.74687835145e-07, 2.43795966526e-07, 2.35896635559e-07, 8.0203093944e-08, 6.09885262293e-08, 1.11705649175e-08, 6.76311140424e-09, 7.83984432928e-09, 5.39069411332e-09, 3.01242408796e-09, 1.27935129157e-09, 2.13259720994e-09, 1.7017466325e-09, 9.31991483988e-10, 8.720048017e-10, 9.96513760398e-10, 9.64048729735e-10, 6.48901377076e-10, 4.85138873518e-10, 3.81538078909e-10, 3.58701873759e-10, 3.04145125751e-10, 2.99636204737e-10, 3.15031584153e-10, 2.13517536984e-10, 1.74729897218e-10, 1.84444987061e-10, 1.6750452414e-10, 1.11497658328e-10, 1.29985772146e-10, 1.09580920726e-10, 1.00191487051e-10, 1.00225598654e-10, 8.71883953923e-11, 3.16683068657e-11, 2.9279796903e-12],
        "stdev": [0.00118120049592, 0.00157759897411, 0.00056683155708, 0.000452745385701, 0.00068739260314, 0.00045755127212, 0.000382610131055, 0.000150220512296, 0.000103257290903, 0.000379461853299, 0.000431204534834, 0.000586322450545, 0.000358870544005, 0.000570665986743, 0.000308742659399, 0.000555568141863, 0.000266348884907, 0.000141645461554, 7.11850370863e-05, 5.53135396331e-05, 6.54259711155e-05, 6.2956554757e-05, 5.00116802868e-05, 2.7482628866e-05, 1.28130723169e-05, 4.27305894846e-06, 2.89632248496e-06, 4.09627000408e-06, 1.59998580784e-06, 1.55245652422e-06, 2.54612177741e-06, 2.47258526542e-06, 3.21518541568e-06, 1.07920550363e-06, 7.98934195245e-07, 6.6285383582e-07, 6.45309114589e-07, 3.94064898046e-07, 2.46519419989e-07, 1.22225827681e-07]
    },
    "melbands128": {
        "max": [0.000576138671022, 0.0057812826708, 0.0164226163179, 0.0480539798737, 0.0390947535634, 0.0108287353069, 0.00797248631716, 0.0072539774701, 0.00685168709606, 0.00442804722115, 0.00766768446192, 0.0115691442043, 0.0130572142079, 0.00523438490927, 0.00672109844163, 0.00632266933098, 0.00844280049205, 0.00581037998199, 0.00316322478466, 0.00390095822513, 0.00446052243933, 0.00253402232192, 0.00333573622629, 0.00424034707248, 0.00889010168612, 0.0118216490373, 0.00936911813915, 0.0137289837003, 0.00509172258899, 0.0292700398713, 0.0142894741148, 0.0119823664427, 0.00761734647676, 0.00968551635742, 0.0211217012256, 0.0177619457245, 0.00760958809406, 0.00447218352929, 0.00869775842875, 0.00947390403599, 0.0175164677203, 0.0171061828732, 0.0014394458849, 0.00296695390716, 0.00480042956769, 0.00409469148144, 0.00588063430041, 0.00228930823505, 0.00053389678942, 0.000563540903386, 0.00165458652191, 0.00391434365883, 0.00134794961195, 0.00297632417642, 0.00297273229808, 0.00148957944475, 0.00174528127536, 0.00135785224847, 0.00123033858836, 0.00165644066874, 0.000625608721748, 0.000497199362144, 0.000321775180055, 0.000192505423911, 6.33095842204e-05, 8.61326407176e-05, 7.62623312767e-05, 8.69459254318e-05, 3.11759868055e-05, 8.02958456916e-05, 0.000286351307295, 3.59417754225e-05, 3.71074638679e-05, 4.69416263513e-05, 6.18799676886e-05, 1.86864872376e-05, 3.55357442459e-05, 6.72619935358e-05, 9.78520765784e-05, 6.35131873423e-05, 5.11042853759e-05, 4.91747159685e-05, 0.000116960356536, 0.000129104271764, 4.93990592076e-05, 1.60051040439e-05, 1.615974179e-05, 2.33445116464e-05, 1.3347001186e-05, 1.15488292067e-05, 1.03401880551e-05, 1.75979512278e-05, 1.30580629047e-05, 1.23439385789e-05, 1.03704905996e-05, 1.06487577796e-05, 9.60162742558e-06, 8.88422073331e-06, 6.23875621386e-06, 5.08369248564e-06, 2.62395133177e-06, 2.03255490305e-06, 3.50019331563e-06, 1.35693221637e-06, 9.39135929912e-07, 6.42153736408e-07, 2.97249272307e-07, 2.23403276323e-07, 1.4061279785e-07, 3.3109596842e-08, 3.16221147045e-08, 3.05884526597e-08, 2.94068698281e-08, 2.80566947453e-08, 2.71345026448e-08, 2.61191637208e-08, 2.53135876704e-08, 2.45101769991e-08, 2.38314168399e-08, 2.31841514875e-08, 2.25839613677e-08, 2.20588294297e-08, 2.16137596709e-08, 2.12541841904e-08, 2.08989128225e-08, 2.06368664379e-08, 2.04474535082e-08, 2.03449097569e-08],
        "mean": [1.56037258421e-05, 0.0002317186445, 0.00104400585406, 0.0015345083084, 0.000985515885986, 0.000458334950963, 0.000369990157196, 0.00034556016908, 0.000274376099696, 0.000260714063188, 0.000459260481875, 0.000537610903848, 0.000386711617466, 0.000198046749574, 0.00018046812329, 0.00036496669054, 0.000330653041601, 0.000105756946141, 6.03142107138e-05, 0.000104203019873, 7.16068825568e-05, 4.34825087723e-05, 4.13258530898e-05, 3.74810188077e-05, 5.63522335142e-05, 0.000126587750856, 0.000155767382239, 0.000147491271491, 6.58983990434e-05, 0.000122476631077, 8.17644831841e-05, 8.45999675221e-05, 5.56008526473e-05, 8.34973616293e-05, 0.000185570126632, 8.18650223664e-05, 4.45591249445e-05, 3.45513144566e-05, 9.59151802817e-05, 7.30340980226e-05, 9.58192031248e-05, 0.000141867407365, 2.79997257167e-05, 3.35445329256e-05, 2.04735879379e-05, 2.07754128496e-05, 2.64032387349e-05, 1.47602686411e-05, 3.42267571796e-06, 5.7487545746e-06, 7.93231356511e-06, 1.3235343431e-05, 1.13169653559e-05, 1.15296443255e-05, 1.38907562359e-05, 6.58576800561e-06, 1.10533201223e-05, 8.80497736944e-06, 1.0309569916e-05, 8.25684219308e-06, 5.15201554663e-06, 4.23980964115e-06, 5.82401798965e-06, 3.41538725479e-06, 1.15244108656e-06, 1.35207380936e-06, 1.44293346693e-06, 1.18559387374e-06, 6.4485789153e-07, 1.05778190118e-06, 1.0874207419e-06, 5.60056719223e-07, 4.57921572661e-07, 4.26239950002e-07, 3.89170565995e-07, 3.9468363866e-07, 3.72334142185e-07, 5.43107432804e-07, 6.94152163305e-07, 5.49056551336e-07, 6.01872898187e-07, 6.19679155989e-07, 6.76185266002e-07, 5.66591552342e-07, 4.03554594186e-07, 3.12721624596e-07, 2.65123276222e-07, 2.42173257448e-07, 1.78630855885e-07, 1.36880316859e-07, 1.32147249587e-07, 1.34502982974e-07, 1.31068887299e-07, 1.26258797195e-07, 1.07022202656e-07, 7.54448024054e-08, 5.96755640458e-08, 5.41314264524e-08, 5.43521707641e-08, 4.36077058907e-08, 3.48239517223e-08, 3.00370501805e-08, 2.46814195748e-08, 1.9968481979e-08, 1.27035244546e-08, 9.30125665377e-09, 6.02297500762e-09, 4.2548875534e-09, 1.11966624861e-09, 5.38989131105e-11, 4.0365152193e-11, 3.86485010662e-11, 3.72913713798e-11, 3.57198159939e-11, 3.44700414046e-11, 3.30788417491e-11, 3.18422094248e-11, 3.07203117111e-11, 2.98654365127e-11, 2.90706538703e-11, 2.83402433465e-11, 2.77052530223e-11, 2.71470710494e-11, 2.66976874636e-11, 2.62775964183e-11, 2.59571582978e-11, 2.57161115319e-11, 2.55884844563e-11],
        "min": [2.80435696887e-09, 3.96629360466e-08, 3.20375974638e-08, 1.26427281089e-07, 7.06783964688e-08, 2.39363693311e-08, 1.20030136941e-07, 2.20636650283e-07, 6.30954488656e-08, 1.73498960976e-07, 1.69264865235e-07, 2.09600905521e-08, 8.28809643139e-09, 3.41247599067e-08, 2.3481705469e-08, 1.96735499003e-08, 1.12485860626e-08, 1.17396865562e-08, 1.23277423825e-08, 2.40361082149e-08, 1.06432356262e-08, 1.22048353646e-08, 3.1900289077e-09, 6.77374267788e-10, 2.29258656503e-09, 5.03869745927e-09, 6.39870822994e-09, 1.7377940198e-09, 7.81241382697e-09, 1.85579618339e-09, 1.79328396577e-09, 6.82574718969e-10, 1.82741322075e-09, 2.61085653097e-10, 1.92898408358e-09, 1.20320631236e-09, 4.38751063259e-10, 2.42387998561e-10, 1.57342860962e-10, 2.71828837217e-10, 4.6292522593e-10, 7.42852723778e-10, 7.74987130026e-10, 1.81802073396e-10, 2.66728639176e-10, 2.32018196322e-10, 3.22586901635e-10, 4.88800055987e-10, 3.86083165438e-10, 6.92037649408e-10, 5.77014325209e-10, 2.9638227983e-10, 3.18538806443e-10, 5.18739384781e-10, 4.47082593169e-10, 3.31288940725e-10, 3.92918753089e-10, 2.40036962529e-10, 1.83171436352e-10, 2.69474081938e-10, 2.73936512363e-10, 1.78430728526e-10, 1.72133252097e-10, 1.96360316895e-10, 1.45620682179e-10, 1.91118704196e-10, 2.9242305799e-10, 1.79739292894e-10, 2.03242769836e-10, 1.55209775587e-10, 1.59092239382e-10, 4.153407826e-11, 7.06634195602e-11, 8.90678017451e-11, 1.06209076256e-10, 1.24628057874e-10, 9.3876753593e-11, 5.69169260334e-11, 1.27993032839e-10, 1.22765117516e-10, 1.15998453898e-10, 1.18463502896e-10, 9.90734855266e-11, 1.06093425711e-10, 9.16821063512e-11, 7.07072386752e-11, 9.89572174204e-11, 6.32402723938e-12, 6.06433445127e-11, 6.38105748796e-11, 2.67918829483e-11, 4.92590447598e-11, 4.36157707173e-11, 5.73871922205e-11, 1.85059034069e-11, 5.3311438597e-11, 1.56022625375e-11, 1.59540661931e-11, 1.39892299134e-11, 8.24297661378e-12, 2.21821215909e-12, 1.50044072219e-12, 1.11337263194e-12, 9.20673476693e-13, 1.03334539276e-12, 6.15307555341e-13, 2.71299286205e-13, 2.98726809348e-13, 1.58444289047e-13, 1.2280657719e-13, 8.18711960206e-14, 9.10843801641e-14, 1.17216037766e-13, 1.25463739875e-13, 1.16197890611e-13, 1.00448065122e-13, 1.05643345092e-13, 9.16093982899e-14, 1.10620077009e-13, 7.71834243111e-14, 1.19596810211e-13, 1.22083671839e-13, 1.09293603085e-13, 1.17437851978e-13, 1.2168833107e-13, 1.09107947015e-13, 1.08047543081e-13, 1.12554693484e-13],
        "stdev": [3.51809139829e-05, 0.000423845311161, 0.00180657068267, 0.00294836307876, 0.00186016061343, 0.000794203311671, 0.000751796527766, 0.000738010159694, 0.000479932583403, 0.000470963714179, 0.000772138417233, 0.00107332866173, 0.000928327732254, 0.00046076552826, 0.000553182151634, 0.000684579368681, 0.000717937713489, 0.000432551169069, 0.000173467415152, 0.000229435536312, 0.000199272151804, 0.000118708900118, 0.000134217290906, 0.00017964268045, 0.000363432831364, 0.000664947961923, 0.000599475402851, 0.000686634855811, 0.000300756713841, 0.00104072713293, 0.000595120713115, 0.000674232607707, 0.000328835332766, 0.000406034610933, 0.00126309448387, 0.000705581856892, 0.00036700477358, 0.000254723796388, 0.000598818820436, 0.000557330029551, 0.000793667044491, 0.00110365229193, 0.00012434447126, 0.000169345832546, 0.000182454779861, 0.000186698787729, 0.000211389909964, 0.00011408131104, 1.93272098841e-05, 2.71932567557e-05, 7.0617563324e-05, 0.000138505507493, 6.76698473399e-05, 0.000115606329928, 0.00014654804545, 5.81486783631e-05, 9.15030323085e-05, 6.60204386804e-05, 7.5959629612e-05, 7.99938425189e-05, 2.7559708542e-05, 2.44743241637e-05, 2.49869426625e-05, 1.23043582789e-05, 4.44036732006e-06, 5.78634262638e-06, 5.29504904989e-06, 4.72871624879e-06, 2.46839772444e-06, 4.16815237259e-06, 9.015336218e-06, 2.26253087021e-06, 1.74237266037e-06, 1.9229762529e-06, 2.32026172853e-06, 1.2492590713e-06, 1.63706226886e-06, 2.74032959169e-06, 3.63607614418e-06, 2.8711494906e-06, 2.64265599981e-06, 2.9097350307e-06, 4.36576010543e-06, 4.43468661615e-06, 2.00564431907e-06, 1.08529798126e-06, 1.10120811314e-06, 1.13523685741e-06, 8.48500576467e-07, 6.99157567396e-07, 6.35796027382e-07, 8.1514053818e-07, 7.09570997515e-07, 7.19041963748e-07, 6.3992217747e-07, 4.50403462082e-07, 3.83260555736e-07, 3.25115223632e-07, 3.00986783941e-07, 2.25206946425e-07, 1.30669661758e-07, 1.17035774849e-07, 1.23447321698e-07, 7.76581643436e-08, 4.87734581611e-08, 3.37575976062e-08, 2.14190425396e-08, 1.70529901311e-08, 6.48891829158e-09, 9.73226832457e-10, 9.24429033322e-10, 8.93116081091e-10, 8.58783488766e-10, 8.20551515623e-10, 7.93251853093e-10, 7.64074636894e-10, 7.40181249625e-10, 7.16845471871e-10, 6.96791124799e-10, 6.77929157256e-10, 6.6045385827e-10, 6.45176245762e-10, 6.32195462646e-10, 6.21729501216e-10, 6.11462880329e-10, 6.03770256014e-10, 5.98112670502e-10, 5.95187954477e-10]
    },
    "mfcc": {
        "mean": [-799.700134277, 185.066604614, 32.2174110413, 29.8965702057, -2.94900512695, 0.632554650307, -4.0899014473, 6.4939622879, -0.108977206051, -1.0913285017, -0.109700545669, -3.9106054306, -4.52805233002],
        "cov": [[11568.1396484, -2480.20776367, -2987.76904297, -680.531188965, 205.041427612, 635.423339844, 492.375488281, 106.958847046, -461.056427002, -16.2363910675, 17.8518733978, -32.3920860291, 75.7150497437], [-2480.20776367, 1958.01477051, 115.153434753, -135.63482666, 117.94619751, -315.811218262, 114.067901611, 0.493530273438, 8.97471237183, -24.5754299164, -11.3366441727, 12.642375946, -8.48130512238], [-2987.76904297, 115.153434753, 1606.65441895, 300.604156494, -193.072097778, -2.37991690636, -147.034286499, 15.7456989288, 178.568252563, 31.3091487885, -16.0202198029, -9.61063957214, 1.66616094112], [-680.531188965, -135.63482666, 300.604156494, 511.95111084, 64.6247024536, -34.8045692444, -119.757545471, 27.3849411011, 102.481552124, -42.6615524292, 1.62879097462, 71.8563308716, -2.37722420692], [205.041427612, 117.94619751, -193.072097778, 64.6247024536, 298.34197998, -87.4820251465, -7.32757043839, 36.5617599487, -19.7969493866, -21.7189350128, -8.7451467514, 47.5317077637, 13.2855129242], [635.423339844, -315.811218262, -2.37991690636, -34.8045692444, -87.4820251465, 366.216186523, 94.5652542114, -25.3095836639, -11.5277605057, 0.825570881367, 15.5176105499, -49.2846031189, 19.1692295074], [492.375488281, 114.067901611, -147.034286499, -119.757545471, -7.32757043839, 94.5652542114, 309.109802246, 51.8885307312, -13.7814540863, 16.1674556732, 0.981754779816, -0.926603913307, 25.5586891174], [106.958847046, 0.493530273438, 15.7456989288, 27.3849411011, 36.5617599487, -25.3095836639, 51.8885307312, 160.952026367, 47.533000946, -16.7803611755, -24.2279605865, 13.3732309341, 4.60375976562], [-461.056427002, 8.97471237183, 178.568252563, 102.481552124, -19.7969493866, -11.5277605057, -13.7814540863, 47.533000946, 183.177093506, 50.0825576782, -1.73142313957, 14.8422222137, -4.04061412811], [-16.2363910675, -24.5754299164, 31.3091487885, -42.6615524292, -21.7189350128, 0.825570881367, 16.1674556732, -16.7803611755, 50.0825576782, 170.681625366, 54.096031189, -10.2246341705, -1.69780504704], [17.8518733978, -11.3366441727, -16.0202198029, 1.62879097462, -8.7451467514, 15.5176105499, 0.981754779816, -24.2279605865, -1.73142313957, 54.096031189, 142.726501465, 35.1254310608, -5.12354469299], [-32.3920860291, 12.642375946, -9.61063957214, 71.8563308716, 47.5317077637, -49.2846031189, -0.926603913307, 13.3732309341, 14.8422222137, -10.2246341705, 35.1254310608, 129.47756958, 53.9312782288], [75.7150497437, -8.48130512238, 1.66616094112, -2.37722420692, 13.2855129242, 19.1692295074, 25.5586891174, 4.60375976562, -4.04061412811, -1.69780504704, -5.12354469299, 53.9312782288, 140.570709229]],
        "icov": [[0.000392423098674, 0.000454418477602, 0.000590749899857, 0.000166655590874, -0.000103417842183, -0.000245731149334, -0.000283423170913, -0.000381352729164, 0.000388814019971, -0.000130674612592, 7.97011889517e-05, -7.27174337953e-05, -4.04286038247e-05], [0.000454418477602, 0.00125683122315, 0.000503585091792, 0.000487571873236, -0.000463644129923, 0.00051882432308, -0.00093042611843, 5.72370709051e-06, 0.000125254897284, 0.000304535642499, -0.000153621236677, 0.000213179489947, -0.000104711041786], [0.000590749899857, 0.000503585091792, 0.00180099008139, -0.000299840932712, 0.000566577597056, -0.000495029147714, -3.6821104004e-05, -0.000777478388045, 0.000207518663956, -0.000416935858084, 0.000260528875515, 7.41079784348e-05, -0.000286118884105], [0.000166655590874, 0.000487571873236, -0.000299840932712, 0.00333923101425, -0.00108270731289, -0.000230780555285, 0.000570010568481, 1.28781666717e-05, -0.00146495306399, 0.00118800101336, -0.000176142450073, -0.00149663281627, 0.000569430994801], [-0.000103417842183, -0.000463644129923, 0.000566577597056, -0.00108270731289, 0.0046967510134, 0.000509270641487, 0.000388740125345, -0.00105518312193, 0.00087225495372, -0.000481864728499, 0.000533581478521, -0.000984799466096, -0.000130234533572], [-0.000245731149334, 0.00051882432308, -0.000495029147714, -0.000230780555285, 0.000509270641487, 0.00468463264406, -0.00176597107202, 0.00141889683437, -0.00075665989425, 0.00121356488671, -0.00133126601577, 0.00248260889202, -0.00125480687711], [-0.000283423170913, -0.00093042611843, -3.6821104004e-05, 0.000570010568481, 0.000388740125345, -0.00176597107202, 0.00517251156271, -0.00193881965242, 0.000190335456864, -0.000869508890901, 0.000372450333089, -0.000994976260699, -0.00017601872969], [-0.000381352729164, 5.72370709051e-06, -0.000777478388045, 1.28781666717e-05, -0.00105518312193, 0.00141889683437, -0.00193881965242, 0.00880741234869, -0.00316996639594, 0.00180889177136, 0.000480469956528, 0.00019430051907, 5.91875977989e-05], [0.000388814019971, 0.000125254897284, 0.000207518663956, -0.00146495306399, 0.00087225495372, -0.00075665989425, 0.000190335456864, -0.00316996639594, 0.00911291129887, -0.00379575998522, 0.00151550036389, -0.00140034931246, 0.000669448869303], [-0.000130674612592, 0.000304535642499, -0.000416935858084, 0.00118800101336, -0.000481864728499, 0.00121356488671, -0.000869508890901, 0.00180889177136, -0.00379575998522, 0.00893105380237, -0.00389200937934, 0.00227365968749, -0.000922710227314], [7.97011889517e-05, -0.000153621236677, 0.000260528875515, -0.000176142450073, 0.000533581478521, -0.00133126601577, 0.000372450333089, 0.000480469956528, 0.00151550036389, -0.00389200937934, 0.00999548844993, -0.00468480261043, 0.0021476324182], [-7.27174337953e-05, 0.000213179489947, 7.41079784348e-05, -0.00149663281627, -0.000984799466096, 0.00248260889202, -0.000994976260699, 0.00019430051907, -0.00140034931246, 0.00227365968749, -0.00468480261043, 0.013694414869, -0.00548262102529], [-4.04286038247e-05, -0.000104711041786, -0.000286118884105, 0.000569430994801, -0.000130234533572, -0.00125480687711, -0.00017601872969, 5.91875977989e-05, 0.000669448869303, -0.000922710227314, 0.0021476324182, -0.00548262102529, 0.00954566057771]]
    },
    "spectral_contrast_coeffs": {
        "max": [-0.44344291091, -0.487363398075, -0.437277406454, -0.463762760162, -0.536053061485, -0.548062801361],
        "mean": [-0.714099049568, -0.704458296299, -0.724552810192, -0.807857990265, -0.809895157814, -0.774780035019],
        "min": [-0.885776162148, -0.89676040411, -0.934007525444, -0.930491626263, -0.910381197929, -0.926977872849],
        "stdev": [0.071757517755, 0.0750348344445, 0.0847468748689, 0.0794338211417, 0.0638166889548, 0.0579110980034]
    },
    "spectral_contrast_valleys": {
        "max": [-5.20646762848, -5.69552373886, -5.83633708954, -5.89469003677, -6.73006248474, -8.65168094635],
        "mean": [-7.0055141449, -7.74150657654, -8.8093957901, -9.5172624588, -9.61161136627, -12.4209899902],
        "min": [-9.66122531891, -10.2905483246, -11.2330083847, -11.738984108, -11.8035488129, -14.602763176],
        "stdev": [0.746088624001, 0.761548042297, 1.13388931751, 1.1884251833, 1.12240588665, 1.2139800787]
    }
},
"rhythm": {
    "beats_count": 83,
    "beats_loudness": {
        "max": 0.111356593668,
        "mean": 0.0189201906323,
        "min": 0.00126892456319,
        "stdev": 0.0242784358561
    },
    "bpm": 155.990921021,
    "bpm_histogram_first_peak_bpm": 157,
    "bpm_histogram_first_peak_weight": 0.417910456657,
    "bpm_histogram_second_peak_bpm": 152,
    "bpm_histogram_second_peak_spread": 0,
    "bpm_histogram_second_peak_weight": 0.0731707289815,
    "danceability": 1.04094791412,
    "onset_rate": 3.32226538658,
    "beats_loudness_band_ratio": {
        "max": [0.927261531353, 0.857958436012, 0.73772996664, 0.758730828762, 0.502995669842, 0.237610220909],
        "mean": [0.472489774227, 0.318407416344, 0.160566151142, 0.0835423320532, 0.0295677557588, 0.010816139169],
        "min": [0.0264320094138, 0.0138620613143, 0.00246048858389, 0.000264672358753, 6.63620667183e-05, 0.000113421629067],
        "stdev": [0.253031820059, 0.216651022434, 0.135471507907, 0.164567604661, 0.0799433663487, 0.0278909876943]
    },
