{
"metadata": {
    "version": {
        "essentia": "2.1-beta5",
        "essentia_git_sha": "Undefined",
        "extractor": "music 2.0"
    },
    "audio_properties": {
        "analysis": {
            "equal_loudness": 0,
            "length": 23.9281406403,
            "sample_rate": 44100,
            "start_time": 162.481628418,
            "downmix": "mix"
        },
        "bit_rate": 192000,
        "length": 186.433013916,
        "lossless": 0,
        "number_channels": 2,
        "replay_gain": -2.06144142151,
        "sample_rate": 44100,
        "codec": "mp3",
        "md5_encoded": "2c7be35e314debc9e7013c09d64a8203"
    },
    "tags": {
        "file_name": "Monaco_Les Jardins De Monaco_Caline and Olivier Toussaint.mp3",
        "encoding": ["Lavf58.29.100"]
    }
},
"lowlevel": {
    "average_loudness": 0.77721786499,
    "barkbands_crest": {
        "max": 18.4490280151,
        "mean": 6.94149780273,
        "min": 2.24857091904,
        "stdev": 2.15173101425
    },
    "barkbands_flatness_db": {
        "max": 0.209204345942,
        "mean": 0.108079746366,
        "min": 0.0332529358566,
        "stdev": 0.0296791568398
    },
    "barkbands_kurtosis": {
        "max": 13.6223201752,
        "mean": 1.16065835953,
        "min": -1.72872805595,
        "stdev": 1.9406131506
    },
    "barkbands_skewness": {
        "max": 3.30061507225,
        "mean": -0.187723115087,
        "min": -2.26934456825,
        "stdev": 1.21553862095
    },
    "barkbands_spread": {
        "max": 72.7593383789,
        "mean": 25.0943222046,
        "min": 5.54448795319,
        "stdev": 9.05428791046
    },
    "dissonance": {
        "max": 0.5,
        "mean": 0.476739823818,
        "min": 0.36183527112,
        "stdev": 0.0216434877366
    },
    "dynamic_complexity": 4.91880369186,
    "erbbands_crest": {
        "max": 27.2042922974,
        "mean": 7.39048528671,
        "min": 2.62903475761,
        "stdev": 4.09294557571
    },
    "erbbands_flatness_db": {
        "max": 0.296637058258,
        "mean": 0.163996607065,
        "min": 0.0796654969454,
        "stdev": 0.048823621124
    },
    "erbbands_kurtosis": {
        "max": 5.36986160278,
        "mean": 0.230854302645,
        "min": -1.69592094421,
        "stdev": 1.0142660141
    },
    "erbbands_skewness": {
        "max": 1.69050180912,
        "mean": -0.11503444612,
        "min": -2.02558016777,
        "stdev": 0.626253008842
    },
    "erbbands_spread": {
        "max": 95.1270828247,
        "mean": 31.8455371857,
        "min": 6.78382062912,
        "stdev": 10.6417417526
    },
    "hfc": {
        "max": 130.942459106,
        "mean": 17.4717998505,
        "min": 1.05193345974e-16,
        "stdev": 19.5716686249
    },
    "loudness_ebu128": {
        "integrated": -22.107049942,
        "loudness_range": 7.06839942932,
        "momentary": {
            "max": -19.3286018372,
            "mean": -102.984077454,
            "min": -300.691009521,
            "stdev": 123.704833984
        },
        "short_term": {
            "max": -21.4423027039,
            "mean": -79.6563491821,
            "min": -300.691009521,
            "stdev": 108.261978149
        }
    },
    "melbands_crest": {
        "max": 20.6603145599,
        "mean": 7.30530691147,
        "min": 1.43556535244,
        "stdev": 4.26529073715
    },
    "melbands_flatness_db": {
        "max": 0.243615597486,
        "mean": 0.0924275815487,
        "min": 0.00269221584313,
        "stdev": 0.0630526468158
    },
    "melbands_kurtosis": {
        "max": 30.4450416565,
        "mean": 1.49423193932,
        "min": -1.56998336315,
        "stdev": 3.4840734005
    },
    "melbands_skewness": {
        "max": 4.16341924667,
        "mean": 0.846530377865,
        "min": -0.578287363052,
        "stdev": 0.896160006523
    },
    "melbands_spread": {
        "max": 162.706680298,
        "mean": 65.7332687378,
        "min": 7.63894939423,
        "stdev": 45.5173873901
    },
    "pitch_salience": {
        "max": 0.89925801754,
        "mean": 0.650336623192,
        "min": 0.346481770277,
        "stdev": 0.122501671314
    },
    "silence_rate_20dB": {
        "max": 1,
        "mean": 1,
        "min": 1,
        "stdev": 0
    },
    "silence_rate_30dB": {
        "max": 1,
        "mean": 1,
        "min": 1,
        "stdev": 0
    },
    "silence_rate_60dB": {
        "max": 1,
        "mean": 0.385658919811,
        "min": 0,
        "stdev": 0.486749827862
    },
    "spectral_centroid": {
        "max": 11978.4511719,
        "mean": 4596.33886719,
        "min": 512.650634766,
        "stdev": 4159.64404297
    },
    "spectral_complexity": {
        "max": 47,
        "mean": 13.6656980515,
        "min": 0,
        "stdev": 11.9398212433
    },
    "spectral_decrease": {
        "max": 1.94253591422e-28,
        "mean": -2.91811064201e-09,
        "min": -1.28332446891e-08,
        "stdev": 2.96259483612e-09
    },
    "spectral_energy": {
        "max": 0.0587236732244,
        "mean": 0.0125983767211,
        "min": 9.97058468771e-21,
        "stdev": 0.0128179229796
    },
    "spectral_energyband_high": {
        "max": 0.00673439214006,
        "mean": 0.000607435882557,
        "min": 6.76955525636e-21,
        "stdev": 0.000828285235912
    },
    "spectral_energyband_low": {
        "max": 0.0174909960479,
        "mean": 0.000686397659592,
        "min": 1.08688734873e-23,
        "stdev": 0.00127588165924
    },
    "spectral_energyband_middle_high": {
        "max": 0.0512357018888,
        "mean": 0.00647808052599,
        "min": 1.14730637586e-21,
        "stdev": 0.0080231372267
    },
    "spectral_energyband_middle_low": {
        "max": 0.0289201065898,
        "mean": 0.00508954981342,
        "min": 1.35789568489e-22,
        "stdev": 0.00574100669473
    },
    "spectral_entropy": {
        "max": 9.82446861267,
        "mean": 8.27223205566,
        "min": 6.76932859421,
        "stdev": 1.00496840477
    },
    "spectral_flux": {
        "max": 0.170729085803,
        "mean": 0.0519576109946,
        "min": 6.28528548652e-11,
        "stdev": 0.0440007485449
    },
    "spectral_kurtosis": {
        "max": 16.322927475,
        "mean": 1.90239036083,
        "min": -1.27446043491,
        "stdev": 2.47850084305
    },
    "spectral_rms": {
        "max": 0.00756910769269,
        "mean": 0.002702224534,
        "min": 3.11887798574e-12,
        "stdev": 0.00223362422548
    },
    "spectral_rolloff": {
        "max": 19961.2792969,
        "mean": 7287.32226562,
        "min": 387.59765625,
        "stdev": 7490.25537109
    },
    "spectral_skewness": {
        "max": 2.73274421692,
        "mean": 0.89976555109,
        "min": -0.120727568865,
        "stdev": 0.633008658886
    },
    "spectral_spread": {
        "max": 43499960,
        "mean": 14631765,
        "min": 1736899.375,
        "stdev": 16601591
    },
    "spectral_strongpeak": {
        "max": 11.0499372482,
        "mean": 1.17148673534,
        "min": 0,
        "stdev": 1.698600173
    },
    "zerocrossingrate": {
        "max": 0.5263671875,
        "mean": 0.207075253129,
        "min": 0.025390625,
        "stdev": 0.190030500293
    },
    "barkbands": {
        "max": [0.000208461598959, 0.0103871375322, 0.0101961735636, 0.00796543899924, 0.0166923869401, 0.00979171134531, 0.0134412236512, 0.00869123265147, 0.0209244880825, 0.0226858519018, 0.0154507877305, 0.0150689575821, 0.0130666298792, 0.0174907054752, 0.0129592800513, 0.0056304577738, 0.0311599392444, 0.00730323512107, 0.0149825392291, 0.00491492822766, 0.00542969256639, 0.0019409249071, 0.00199240143411, 0.000997299910523, 0.000265097623924, 4.51016931038e-05, 2.51924291206e-07],
        "mean": [7.41499798096e-06, 0.000190238890355, 0.000366029009456, 0.00029219823773, 0.00125566415954, 0.000638989324216, 0.000597234466113, 0.000907600624487, 0.00115776364692, 0.000493070634548, 0.00109440670349, 0.0009222663939, 0.000654842588119, 0.000961346435361, 0.000345450273016, 0.000283470464638, 0.00058313657064, 0.000366901309462, 0.000653624767438, 0.000334318028763, 0.000159097937285, 0.000137836017529, 0.000105519713543, 7.70449623815e-05, 1.17083136502e-05, 1.20648803659e-06, 7.37179595145e-10],
        "min": [1.10366016353e-25, 1.61811020689e-24, 8.7733914992e-25, 5.81268460227e-25, 1.73898765922e-24, 7.65089134045e-24, 4.31137886024e-24, 4.64869341673e-24, 1.31805435954e-23, 1.46284252117e-23, 8.56935578151e-24, 1.43528839861e-23, 2.73788345099e-23, 2.55511384558e-23, 3.22348413614e-23, 4.51340077382e-23, 7.1123345805e-23, 7.9884012189e-23, 1.06045864669e-22, 1.37637459382e-22, 2.03723959862e-22, 2.91526059258e-22, 3.27432559039e-22, 5.35248157401e-22, 8.13246678394e-22, 1.24404844025e-21, 1.88889217231e-21],
        "stdev": [1.62063952303e-05, 0.000467703910545, 0.000718678464182, 0.000596279394813, 0.00187540694606, 0.00103831011802, 0.00126803375315, 0.00141223729588, 0.00224951771088, 0.00160482909996, 0.00215093442239, 0.00170957110822, 0.00141575280577, 0.00207197130658, 0.00098505418282, 0.000613668002188, 0.00185816641897, 0.000689971086103, 0.00125314039178, 0.000539808010217, 0.000355301453965, 0.000236195555772, 0.000176812973223, 0.000117182644317, 2.60244614765e-05, 3.02432340504e-06, 7.87187381945e-09]
    },
    "erbbands": {
        "max": [0.131706729531, 2.92034864426, 11.0737657547, 21.3918495178, 56.066619873, 89.4536437988, 71.7275466919, 122.048309326, 247.922714233, 168.136077881, 234.420730591, 432.936523438, 932.155273438, 677.385742188, 774.086303711, 767.681396484, 487.733551025, 997.496643066, 1129.28320312, 273.622924805, 905.559265137, 979.878173828, 386.83807373, 1166.51464844, 567.609191895, 186.319915771, 177.704238892, 125.306510925, 97.9062194824, 60.1339645386, 61.8958930969, 38.1359214783, 14.5990018845, 4.28600597382, 2.02045464516, 0.325837373734, 0.107910990715, 0.00453061098233, 0.000119568525406, 8.59056963236e-05],
        "mean": [0.00266443099827, 0.0569591298699, 0.385485619307, 0.722787857056, 2.34555983543, 4.45341968536, 5.8597817421, 4.81302547455, 7.21087646484, 13.9496107101, 26.3171215057, 22.4754772186, 17.2642936707, 18.3202457428, 50.9606552124, 38.8820495605, 30.0808353424, 47.9586601257, 27.6854629517, 16.7162017822, 19.5453834534, 31.6491565704, 21.8745117188, 39.3932647705, 23.487487793, 13.4243984222, 7.35183000565, 5.18680763245, 4.87131023407, 4.25197982788, 3.00699472427, 2.11922073364, 0.96741092205, 0.197687640786, 0.0632698237896, 0.012032716535, 0.00113512179814, 3.888377978e-05, 1.15791226563e-05, 1.70551902556e-05],
        "min": [4.71463003995e-23, 2.71040187208e-22, 1.43906677098e-21, 2.37246728985e-21, 6.5832683663e-21, 6.01800229703e-21, 3.14051947318e-20, 5.61890283799e-20, 8.74364868774e-20, 1.04564463457e-19, 2.52351815182e-19, 3.97569678968e-19, 4.8425407126e-19, 5.34753395958e-19, 8.43933604897e-19, 5.86292021396e-19, 1.49511282717e-18, 1.41707319606e-18, 1.77648617074e-18, 2.74168435004e-18, 3.07773950199e-18, 3.96536116792e-18, 4.45286006193e-18, 5.38685161185e-18, 6.79256813509e-18, 7.34650865744e-18, 9.12415618976e-18, 9.75063962465e-18, 9.48720327907e-18, 1.04062671141e-17, 9.75196807672e-18, 1.00455195869e-17, 8.73731194141e-18, 7.2997572364e-18, 6.37170649764e-18, 3.95580226876e-18, 1.97823035227e-18, 8.96782898016e-19, 2.2907898525e-19, 2.4927546586e-20],
        "stdev": [0.0059788278304, 0.139081612229, 0.798395395279, 1.35400724411, 4.18764734268, 7.82463121414, 9.23779582977, 9.23220062256, 17.08842659, 22.0428161621, 42.6992721558, 42.7067298889, 52.5507354736, 43.3133087158, 99.7655334473, 72.9158630371, 56.8984870911, 99.0091018677, 78.0643463135, 31.3957290649, 51.0890007019, 90.0451889038, 41.6052780151, 84.4545669556, 42.0305023193, 20.4624519348, 13.3157901764, 9.80046463013, 9.54630184174, 6.91350650787, 5.27416229248, 3.38955903053, 1.50110924244, 0.380711525679, 0.156437963247, 0.0271356459707, 0.00429975334555, 0.000155757108587, 1.26735194499e-05, 1.73336738953e-05]
    },
    "gfcc": {
        "mean": [-389.636779785, 60.1398124695, -118.727729797, 27.4303894043, -57.0323944092, 11.8296499252, -31.7535209656, 0.908958911896, -18.1267662048, -7.7445526123, -3.49406552315, -8.13408946991, -8.11852836609],
        "cov": [[326874.65625, 23037.7050781, -43221.0703125, 10410.5634766, -21378.5488281, 4126.06689453, -11511.1298828, 188.070648193, -6684.92822266, -3032.44677734, -970.411682129, -3204.42407227, -3092.734375], [23037.7050781, 2134.41625977, -2886.72460938, 742.011535645, -1465.46899414, 211.073562622, -779.552001953, -23.8273296356, -466.509368896, -277.472015381, -34.4932365417, -252.537689209, -217.181503296], [-43221.0703125, -2886.72460938, 6179.80859375, -1257.71044922, 2801.34545898, -562.675476074, 1513.06274414, -37.1079940796, 884.997558594, 415.941131592, 143.75038147, 442.210113525, 374.427764893], [10410.5634766, 742.011535645, -1257.71044922, 553.990661621, -603.942260742, 118.493835449, -363.786499023, -0.324096679688, -192.008102417, -87.0085906982, -64.9324951172, -67.9148712158, -87.360168457], [-21378.5488281, -1465.46899414, 2801.34545898, -603.942260742, 1519.28637695, -237.278198242, 755.037719727, -6.37987661362, 452.544128418, 193.502868652, 42.5463104248, 212.607192993, 207.631072998], [4126.06689453, 211.073562622, -562.675476074, 118.493835449, -237.278198242, 192.737594604, -134.940643311, 27.0765686035, -88.5053253174, -24.5397930145, -31.1933784485, -47.0582351685, -47.5783653259], [-11511.1298828, -779.552001953, 1513.06274414, -363.786499023, 755.037719727, -134.940643311, 510.36239624, 3.42209386826, 229.378372192, 87.7300109863, 59.624130249, 106.015144348, 112.860809326], [188.070648193, -23.8273296356, -37.1079940796, -0.324096679688, -6.37987661362, 27.0765686035, 3.42209386826, 58.2819976807, 7.58431386948, 5.34618806839, -10.4132814407, 3.51915097237, -7.09184408188], [-6684.92822266, -466.509368896, 884.997558594, -192.008102417, 452.544128418, -88.5053253174, 229.378372192, 7.58431386948, 192.250961304, 76.9396286011, 19.0862483978, 71.8826446533, 66.5728302002], [-3032.44677734, -277.472015381, 415.941131592, -87.0085906982, 193.502868652, -24.5397930145, 87.7300109863, 5.34618806839, 76.9396286011, 85.4713134766, 4.09523820877, 43.0115242004, 25.5849685669], [-970.411682129, -34.4932365417, 143.75038147, -64.9324951172, 42.5463104248, -31.1933784485, 59.624130249, -10.4132814407, 19.0862483978, 4.09523820877, 74.9105911255, -0.40513253212, -0.835477650166], [-3204.42407227, -252.537689209, 442.210113525, -67.9148712158, 212.607192993, -47.0582351685, 106.015144348, 3.51915097237, 71.8826446533, 43.0115242004, -0.40513253212, 96.1730575562, 53.4230995178], [-3092.734375, -217.181503296, 374.427764893, -87.360168457, 207.631072998, -47.5783653259, 112.860809326, -7.09184408188, 66.5728302002, 25.5849685669, -0.835477650166, 53.4230995178, 81.2308731079]],
        "icov": [[0.000547588977497, -0.00102477474138, 0.00132022728212, -0.00197009509429, 0.00253302115016, -0.00125203758944, 0.00107289466541, -0.000650226487778, 0.000639553123619, -0.000210545927985, -0.000667423126288, -7.15501591912e-05, 0.00073148944648], [-0.00102477474138, 0.00404186965898, -0.00241440813988, 0.00263883313164, -0.00395822990686, 0.00263778935187, -0.00126747903414, 0.00155099644326, -0.00134389998857, 0.003135869978, 0.000239767963649, 0.00115611241199, -0.00132845807821], [0.00132022728212, -0.00241440813988, 0.00467700650916, -0.00436358666047, 0.00459234463051, -0.00214158929884, 0.00135246501304, -0.000652667309623, 0.000993064255454, -0.00163180893287, -0.00156899588183, -0.0014324542135, 0.00325640989468], [-0.00197009509429, 0.00263883313164, -0.00436358666047, 0.0116168139502, -0.00918847136199, 0.00423157634214, -0.00333552854136, 0.00306841381826, -0.00235123489983, 0.00033465193701, 0.00475509697571, -0.00223888969049, -0.0011359967757], [0.00253302115016, -0.00395822990686, 0.00459234463051, -0.00918847136199, 0.0182622652501, -0.00671953428537, 0.00241737277247, -0.00173022493254, -0.00147410051432, 0.000486960052513, -0.000753107480705, 9.26984139369e-05, 0.00166905648075], [-0.00125203758944, 0.00263778935187, -0.00214158929884, 0.00423157634214, -0.00671953428537, 0.0114899650216, -0.00283231772482, -0.00166454713326, 0.00129454268608, -0.00167832395528, 0.00316704227589, 0.00148893846199, 2.18232617044e-05], [0.00107289466541, -0.00126747903414, 0.00135246501304, -0.00333552854136, 0.00241737277247, -0.00283231772482, 0.0131707843393, -0.00435962155461, 0.00184558960609, 0.00316779920831, -0.00647504488006, 0.00116920378059, -0.00222496804781], [-0.000650226487778, 0.00155099644326, -0.000652667309623, 0.00306841381826, -0.00173022493254, -0.00166454713326, -0.00435962155461, 0.0226344652474, -0.00594249460846, 0.000382999452995, 0.0046310625039, -0.00353707303293, 0.00430312566459], [0.000639553123619, -0.00134389998857, 0.000993064255454, -0.00235123489983, -0.00147410051432, 0.00129454268608, 0.00184558960609, -0.00594249460846, 0.0227485541254, -0.00686826836318, -0.00263407500461, 0.000743818702176, -0.00190276256762], [-0.000210545927985, 0.003135869978, -0.00163180893287, 0.00033465193701, 0.000486960052513, -0.00167832395528, 0.00316779920831, 0.000382999452995, -0.00686826836318, 0.0253663621843, -0.00094356155023, -0.00356439617462, 0.00162784510758], [-0.000667423126288, 0.000239767963649, -0.00156899588183, 0.00475509697571, -0.000753107480705, 0.00316704227589, -0.00647504488006, 0.0046310625039, -0.00263407500461, -0.00094356155023, 0.0202519483864, -0.000437507522292, 0.0037086524535], [-7.15501591912e-05, 0.00115611241199, -0.0014324542135, -0.00223888969049, 9.26984139369e-05, 0.00148893846199, 0.00116920378059, -0.00353707303293, 0.000743818702176, -0.00356439617462, -0.000437507522292, 0.0226262528449, -0.0111083295196], [0.00073148944648, -0.00132845807821, 0.00325640989468, -0.0011359967757, 0.00166905648075, 2.18232617044e-05, -0.00222496804781, 0.00430312566459, -0.00190276256762, 0.00162784510758, 0.0037086524535, -0.0111083295196, 0.0279812067747]]
    },
    "melbands": {
        "max": [0.00208653113805, 0.00435351207852, 0.00347348465584, 0.00368551420979, 0.00270129251294, 0.00238054874353, 0.00314267724752, 0.00195098901168, 0.00291439821012, 0.00232968619093, 0.00457289023325, 0.00312129128724, 0.00231439527124, 0.00168040557764, 0.00227856868878, 0.00172614946496, 0.00194556580391, 0.00209806114435, 0.000431708962424, 0.000528962933458, 0.00167624489404, 0.00159814232029, 0.000511446793098, 0.000559109845199, 0.00115915352944, 0.000316380523145, 0.000298997532809, 0.00014842012024, 6.92248213454e-05, 0.000283510016743, 5.69809963054e-05, 8.40004067868e-05, 4.8063833674e-05, 2.95753834507e-05, 3.24269349221e-05, 3.40652077284e-05, 1.8873344743e-05, 1.34474175866e-05, 3.78841741622e-06, 3.47046807292e-06],
        "mean": [3.68567707483e-05, 0.00015663819795, 0.000171937601408, 0.000240704684984, 0.000213169216295, 0.000114174421469, 0.000112492882181, 0.000156176582095, 0.000248909811489, 0.000128127940116, 8.33624362713e-05, 6.42757295282e-05, 0.000158881142852, 0.000102679914562, 0.000111994173494, 5.19669811183e-05, 9.71690606093e-05, 5.05185889779e-05, 2.34864219237e-05, 2.18935256271e-05, 2.3479340598e-05, 3.67318389181e-05, 1.90750852198e-05, 1.9362918465e-05, 3.55451047653e-05, 1.4900100723e-05, 1.68295391632e-05, 7.18223418517e-06, 3.8689372559e-06, 5.57568819204e-06, 2.04374350687e-06, 2.80701078736e-06, 2.64561299446e-06, 2.11695123653e-06, 1.70663088284e-06, 1.5769936681e-06, 1.19209357763e-06, 8.06175137313e-07, 2.88328010356e-07, 1.1922324461e-07],
        "min": [5.65454855913e-25, 8.53287865604e-25, 1.08192085797e-24, 3.98096856231e-25, 1.39386042154e-24, 1.30801628201e-24, 1.42193992546e-24, 1.00986433073e-24, 2.22230873357e-24, 2.11491557651e-24, 2.11497474108e-24, 1.86570968339e-24, 2.37868463081e-24, 2.1758584341e-24, 1.54848090605e-24, 2.95620279699e-24, 2.04826984623e-24, 2.06840335147e-24, 2.9598088774e-24, 2.98835085103e-24, 2.9525917862e-24, 3.9881789975e-24, 4.02657285776e-24, 3.68660812306e-24, 3.82949213224e-24, 3.57448574488e-24, 3.54977428259e-24, 3.98093331009e-24, 4.25249552127e-24, 3.64649533489e-24, 4.73537108642e-24, 3.56260826066e-24, 4.27387325737e-24, 5.42701869014e-24, 4.99904823842e-24, 5.0539643959e-24, 4.69546813525e-24, 5.47319505765e-24, 5.96609941149e-24, 5.33509548986e-24],
        "stdev": [8.78211503732e-05, 0.000319521874189, 0.000291487347567, 0.000389689783333, 0.00032013602322, 0.000207524528378, 0.000247100455454, 0.000245164876105, 0.000431719847256, 0.000242238544161, 0.00026379400515, 0.000177052803338, 0.000316437275615, 0.000191236002138, 0.000231634883676, 0.000139417054015, 0.000205046788324, 0.000149166589836, 4.97070650454e-05, 4.77943722217e-05, 8.14716040622e-05, 0.000114834139822, 4.27843733632e-05, 3.6579236621e-05, 8.27691328595e-05, 3.24241809722e-05, 3.14123390126e-05, 1.31012238853e-05, 6.85744407747e-06, 1.63610056916e-05, 3.93736445403e-06, 6.39099835098e-06, 5.11992857355e-06, 3.4245488223e-06, 3.05534945255e-06, 2.89747799798e-06, 1.90438333902e-06, 1.28226588458e-06, 4.66035004365e-07, 2.96775482411e-07]
    },
    "melbands128": {
        "max": [0.000151182743139, 0.000440053932834, 0.00268187420443, 0.00566245429218, 0.0060067512095, 0.00422235671431, 0.00492493156344, 0.00355243193917, 0.00698048993945, 0.00398801546544, 0.00659904489294, 0.00597191788256, 0.00356879178435, 0.00227318680845, 0.00353849679232, 0.00311332033016, 0.0072819404304, 0.00287232687697, 0.00312223914079, 0.00257209083065, 0.00271835946478, 0.00207976833917, 0.00364225823432, 0.00814539380372, 0.00349463964812, 0.00252878805622, 0.0044292230159, 0.00853460654616, 0.00352951162495, 0.00527504459023, 0.00373823824339, 0.00312240142375, 0.00424416363239, 0.00562623562291, 0.00260576792061, 0.00287452549674, 0.00367632019334, 0.00470325164497, 0.00212680385448, 0.00205947854556, 0.00391370616853, 0.00377698312514, 0.00294253369793, 0.00269716838375, 0.00435955030844, 0.00355731672607, 0.00138122099452, 0.000912412477192, 0.000491749495268, 0.000947348307818, 0.00107422668952, 0.00101182644721, 0.000308474816848, 0.00241267331876, 0.0055761965923, 0.00143935100641, 0.0023752769921, 0.000718782248441, 0.000751721381675, 0.000771093997173, 0.00114006677177, 0.000411481887568, 0.00187111075502, 0.00166809430812, 0.00108266726602, 0.000697565847076, 0.000884301145561, 0.000595156045165, 0.000456271227449, 0.000244135095272, 0.000232720616623, 0.000231051817536, 0.000110805391159, 0.000113960479212, 5.19723143952e-05, 0.00061453669332, 0.000161406758707, 7.75197622715e-05, 7.37849695724e-05, 6.85846971464e-05, 0.000154268040205, 0.000103286198282, 0.000113810267067, 5.44750764675e-05, 6.131221744e-05, 4.41619558842e-05, 3.62711652997e-05, 3.36782832164e-05, 3.70425041183e-05, 6.47383130854e-05, 4.92297876917e-05, 4.11063520005e-05, 3.16108053084e-05, 2.05825544981e-05, 1.57714312081e-05, 2.13246948988e-05, 1.24198013509e-05, 6.87213650963e-06, 5.11665120939e-06, 3.68254973182e-06, 5.92052629145e-06, 4.57001669929e-06, 3.05670641865e-06, 4.21540198658e-06, 2.55278018813e-06, 1.84828138572e-06, 1.30815408284e-06, 6.67955873723e-07, 6.17676505499e-07, 6.43690327706e-07, 8.19000888441e-07, 3.89407091461e-07, 6.91628258664e-07, 2.04151405114e-07, 2.44635867119e-08, 1.29107891045e-09, 1.23014765041e-09, 1.18353471468e-09, 1.14207365787e-09, 1.10862907743e-09, 1.09036191187e-09, 1.05776953863e-09, 1.03386454953e-09, 1.02786656964e-09, 1.0133748285e-09, 1.00055597141e-09, 9.90576731752e-10, 9.83532588705e-10],
        "mean": [5.4713773352e-06, 1.5722864191e-05, 3.24759312207e-05, 0.000108355539851, 0.000196672277525, 0.000166662677657, 0.000129566396936, 0.000158493756317, 0.000263300840743, 0.000217632274143, 0.000256095692748, 0.000264483503997, 0.000218629706069, 0.000133415422169, 9.22433828237e-05, 0.000111426299554, 0.000129653431941, 8.88416907401e-05, 0.000126663435367, 0.000163903692737, 0.00017664830375, 0.000119773074402, 0.000290821189992, 0.000365270680049, 0.000109603774035, 6.13638185314e-05, 7.55898436182e-05, 0.000111808774818, 6.21252474957e-05, 4.23049859819e-05, 6.61902449792e-05, 0.000102797690488, 0.000146503036376, 0.000257135601714, 9.03494728846e-05, 5.32991616637e-05, 0.000109863314719, 0.000159299845109, 8.04542360129e-05, 3.43880819855e-05, 5.10611098434e-05, 6.65964835207e-05, 8.83963439264e-05, 0.000145473808516, 5.45723014511e-05, 4.04104685003e-05, 2.76032114925e-05, 2.32023612625e-05, 2.04670232051e-05, 2.22661110456e-05, 2.05910964723e-05, 2.63698148046e-05, 1.27610328491e-05, 2.31707072089e-05, 4.58850190626e-05, 3.66215172107e-05, 3.73303664674e-05, 1.27225339384e-05, 1.54447461682e-05, 2.30600562645e-05, 1.61761636264e-05, 1.30262696985e-05, 5.08500270371e-05, 4.00883000111e-05, 1.48937770064e-05, 1.22347591969e-05, 1.40841011671e-05, 2.32307647821e-05, 1.74987617356e-05, 8.21252342575e-06, 6.90597789799e-06, 7.46933710616e-06, 4.53997381555e-06, 2.35594370679e-06, 3.06902848024e-06, 9.45040119404e-06, 3.98652719014e-06, 2.42046417043e-06, 1.69142720097e-06, 1.80147014817e-06, 2.96505322694e-06, 3.27822681356e-06, 2.41404268309e-06, 2.39470091401e-06, 3.10178256768e-06, 2.54618339568e-06, 1.62470212217e-06, 1.55409122726e-06, 1.74700744537e-06, 1.76220498815e-06, 1.76891308001e-06, 1.42312671869e-06, 1.46272418533e-06, 1.12817463105e-06, 1.16294575037e-06, 9.02829754068e-07, 8.57658676523e-07, 4.59024931843e-07, 2.89977720058e-07, 1.83593726888e-07, 1.33957925641e-07, 1.07161540086e-07, 1.03174230048e-07, 9.48248413124e-08, 7.54283249194e-08, 4.90633702555e-08, 3.290651307e-08, 2.42459208266e-08, 1.75035719252e-08, 1.19166685408e-08, 9.53799084158e-09, 4.08028544285e-09, 1.00308983342e-09, 2.12618048168e-10, 3.12873650599e-11, 5.24100988303e-12, 3.80731687497e-12, 3.40256707358e-12, 3.27949126189e-12, 3.20527176849e-12, 3.16301086885e-12, 3.10145247158e-12, 3.02944865374e-12, 2.97786253121e-12, 2.95003691614e-12, 2.93338075184e-12, 2.90090629469e-12, 2.87819702967e-12],
        "min": [1.61144838748e-26, 2.80403197211e-25, 3.88521563956e-25, 9.17791098975e-26, 3.12845693584e-25, 3.63964841666e-25, 1.93364857857e-25, 2.40150558794e-25, 1.57133203711e-25, 9.52157023124e-26, 1.34714356104e-25, 3.45954456947e-26, 2.8060978016e-25, 4.261245172e-25, 2.97044242658e-25, 6.50166980043e-25, 1.44559007401e-25, 2.95461713727e-25, 5.70904701477e-25, 3.55798060537e-25, 5.6115285227e-25, 5.35022870165e-25, 7.6733318694e-25, 5.78704908804e-25, 6.99431984523e-25, 5.09743033596e-25, 2.65339134016e-25, 5.64349464569e-25, 4.93918631749e-25, 9.32865392709e-25, 5.69374705751e-25, 8.10545409607e-25, 7.75872803455e-25, 1.04393178196e-24, 8.12705557284e-25, 6.46123673473e-25, 5.42024602344e-25, 6.15410656027e-25, 7.34574998294e-25, 1.15069887928e-24, 9.55326826479e-25, 5.72953422551e-25, 6.74887317015e-25, 1.38576453929e-24, 1.30216618815e-24, 1.21051198944e-24, 9.48485528886e-25, 6.12631893489e-25, 4.97194080835e-25, 1.45325297023e-24, 1.08132654988e-24, 1.23867057667e-24, 1.60670288377e-24, 1.39733998839e-24, 1.47844830008e-24, 1.66155681985e-24, 1.15354311727e-24, 1.75544112834e-24, 1.84063061192e-24, 1.60306524892e-24, 2.32890829655e-24, 1.41556247808e-24, 1.86334388953e-24, 1.3521017737e-24, 1.35909413816e-24, 1.80735507843e-24, 1.66400465524e-24, 2.43015109956e-24, 1.80141456139e-24, 1.83145694845e-24, 2.18412017436e-24, 1.77373520716e-24, 2.37361403013e-24, 1.82898899711e-24, 2.15934402548e-24, 2.012982323e-24, 2.47173018294e-24, 2.72307211418e-24, 2.52782115152e-24, 3.04771026756e-24, 2.30721580495e-24, 2.13146528666e-24, 2.5930354937e-24, 2.13284796261e-24, 2.62623845198e-24, 3.33351713732e-24, 3.35580995208e-24, 3.59229664639e-24, 1.89210753308e-24, 2.45478091474e-24, 2.92632114033e-24, 3.73642113935e-24, 2.98550404924e-24, 2.57629980959e-24, 3.2697929534e-24, 3.40398844857e-24, 3.7535887248e-24, 3.94909961712e-24, 3.75434800342e-24, 3.54622993054e-24, 3.58661172028e-24, 3.99699333483e-24, 2.87788843341e-24, 4.38729449503e-24, 4.37494132768e-24, 4.46213767341e-24, 4.83261791451e-24, 3.93171943365e-24, 3.96866612858e-24, 4.5767560075e-24, 4.39003263123e-24, 4.34976443746e-24, 4.1973983202e-24, 4.31196577276e-24, 4.50120877075e-24, 3.93551069916e-24, 4.82917335337e-24, 4.32380657495e-24, 4.84023594427e-24, 4.76777828126e-24, 4.40544460674e-24, 5.13836501858e-24, 4.46144742012e-24, 4.80809025681e-24, 5.59824804936e-24, 4.05317364191e-24, 4.11620993913e-24, 5.17096666764e-24],
        "stdev": [1.1883521438e-05, 3.51766684616e-05, 0.000100604695035, 0.000279331055935, 0.00045312565635, 0.000315319077345, 0.000279667176073, 0.000322452571709, 0.000523574010003, 0.000426451850217, 0.000539842701983, 0.000466270197649, 0.000398658361519, 0.000240644789301, 0.000238685097429, 0.000268695876002, 0.00043885273044, 0.000225194933591, 0.000335634715157, 0.000295276899124, 0.000346831366187, 0.00025681767147, 0.000561310269404, 0.000873731973115, 0.000303397653624, 0.000192656749277, 0.000286268274067, 0.000448985403636, 0.000228943215916, 0.000215428488445, 0.000222986825975, 0.000298976054182, 0.000422496261308, 0.000603379798122, 0.000232906575548, 0.000192534324015, 0.000305727531668, 0.00040887540672, 0.00022139462817, 0.000129888067022, 0.000223023045692, 0.000271055818303, 0.000261920213234, 0.00033173567499, 0.00021981766622, 0.000231827594689, 0.000115472641482, 6.24115418759e-05, 5.3918647609e-05, 7.67021774664e-05, 5.90866111452e-05, 8.87549831532e-05, 3.00532556139e-05, 0.0001111554011, 0.000254899874562, 0.000120652919577, 0.000151558691869, 4.1816587327e-05, 4.81384740851e-05, 6.87196006766e-05, 4.9396250688e-05, 3.06988622469e-05, 0.000131956563564, 0.000107338339149, 5.27767369931e-05, 4.31116895925e-05, 5.04538402311e-05, 5.09027522639e-05, 4.1429335397e-05, 1.85431053978e-05, 1.75700897671e-05, 1.83954070962e-05, 1.05653844003e-05, 8.42237932375e-06, 6.78735250403e-06, 3.36362827511e-05, 1.22134069898e-05, 6.88574300511e-06, 4.07288553106e-06, 4.55432927993e-06, 9.24032883631e-06, 8.80558673089e-06, 7.94654351921e-06, 5.91513571635e-06, 6.74198690831e-06, 4.66647406938e-06, 3.13151736009e-06, 2.88462001663e-06, 3.50640948454e-06, 4.16708689954e-06, 3.86070314562e-06, 2.85873534267e-06, 2.65622566076e-06, 2.11821043195e-06, 1.93972550733e-06, 1.62295964401e-06, 1.6930774791e-06, 8.55806092659e-07, 5.25083692082e-07, 3.49764803786e-07, 3.73666324549e-07, 3.01221490417e-07, 2.63189548377e-07, 2.70743953479e-07, 2.02825148676e-07, 1.33617007236e-07, 8.21740613333e-08, 5.65641187222e-08, 4.06752675985e-08, 3.42264065978e-08, 3.47515438648e-08, 1.70072205208e-08, 2.1551221252e-08, 6.35198738053e-09, 7.63184515584e-10, 4.47972492434e-11, 3.96348301401e-11, 3.69819799784e-11, 3.56701577997e-11, 3.46266036677e-11, 3.40536938925e-11, 3.30379543168e-11, 3.2291277291e-11, 3.2100305053e-11, 3.16470669115e-11, 3.12473831532e-11, 3.09354208916e-11, 3.07155932633e-11]
    },
    "mfcc": {
        "mean": [-825.979125977, 68.1672286987, -16.1593475342, 7.20062494278, -6.37286186218, 0.687141478062, -4.05759716034, 3.1127846241, -12.5629091263, 1.09471452236, -2.94133639336, -0.486829966307, -3.98261547089],
        "cov": [[87788.4453125, 12844.8251953, -2824.10400391, 1503.86657715, -1574.24584961, -51.1593132019, -749.310791016, 552.125488281, -2726.11743164, 292.53213501, -533.596252441, -26.6206817627, -802.406921387], [12844.8251953, 2404.54931641, -391.993682861, 254.452896118, -202.830703735, -18.2429866791, -113.033233643, 99.1453781128, -417.324920654, 28.2346496582, -102.744041443, -25.8193321228, -109.705238342], [-2824.10400391, -391.993682861, 441.782318115, 30.8090248108, 50.4388504028, 13.3950462341, 11.1002893448, -27.8303852081, 60.7567863464, -30.1319675446, 32.2878189087, 14.13468647, 44.2190971375], [1503.86657715, 254.452896118, 30.8090248108, 252.272125244, 23.6782417297, 24.3019714355, -48.0890159607, 14.5907077789, -20.5112743378, -31.1916332245, -22.1017131805, 1.88574123383, 28.4818916321], [-1574.24584961, -202.830703735, 50.4388504028, 23.6782417297, 166.281539917, 52.2181015015, -11.2653989792, -3.73652291298, 73.9800033569, 4.24414539337, 19.6021556854, -9.04529380798, 12.6943387985], [-51.1593132019, -18.2429866791, 13.3950462341, 24.3019714355, 52.2181015015, 99.159034729, 16.093585968, 10.8025865555, 29.8590488434, -0.465066283941, 9.42817687988, -10.5463027954, -2.34374880791], [-749.310791016, -113.033233643, 11.1002893448, -48.0890159607, -11.2653989792, 16.093585968, 101.100563049, 23.0023174286, 19.9901580811, 5.75932073593, 5.0113120079, 6.40779542923, -0.132225468755], [552.125488281, 99.1453781128, -27.8303852081, 14.5907077789, -3.73652291298, 10.8025865555, 23.0023174286, 67.9466018677, 5.78642463684, -3.08989500999, -4.49368715286, 7.7335729599, 6.33097648621], [-2726.11743164, -417.324920654, 60.7567863464, -20.5112743378, 73.9800033569, 29.8590488434, 19.9901580811, 5.78642463684, 165.804397583, -13.6742639542, 9.47595405579, 0.456461906433, 38.4968795776], [292.53213501, 28.2346496582, -30.1319675446, -31.1916332245, 4.24414539337, -0.465066283941, 5.75932073593, -3.08989500999, -13.6742639542, 61.986415863, 19.5542697906, -9.37154006958, -30.4983634949], [-533.596252441, -102.744041443, 32.2878189087, -22.1017131805, 19.6021556854, 9.42817687988, 5.0113120079, -4.49368715286, 9.47595405579, 19.5542697906, 62.3439598083, 14.4949922562, -16.0225811005], [-26.6206817627, -25.8193321228, 14.13468647, 1.88574123383, -9.04529380798, -10.5463027954, 6.40779542923, 7.7335729599, 0.456461906433, -9.37154006958, 14.4949922562, 59.0956573486, 18.3064422607], [-802.406921387, -109.705238342, 44.2190971375, 28.4818916321, 12.6943387985, -2.34374880791, -0.132225468755, 6.33097648621, 38.4968795776, -30.4983634949, -16.0225811005, 18.3064422607, 81.0253448486]],
        "icov": [[9.5375260571e-05, -0.000284009962343, 0.000190651611774, -0.000211945691262, 0.000388265994843, -0.000417547737015, 0.000366700143786, -0.000305395631585, 0.000538455555215, -0.000294791650958, 0.000203145013074, -0.00030505793984, 0.000224287927267], [-0.000284009962343, 0.00210973108187, -0.000104169281258, -0.000195457338123, -0.000692316039931, 0.000543892208952, -4.76201530546e-05, -0.00099217321258, 0.000888714799657, 0.000363319268217, 0.000664052378852, 0.00082982738968, 2.9437318517e-05], [0.000190651611774, -0.000104169281258, 0.00343184778467, -0.00125228520483, 0.000554574944545, -0.000821272667963, 0.000194215550437, 0.00026216430706, 0.00157592131291, 0.000587347545661, -0.00130181317218, -0.000291302043479, -0.000535795523319], [-0.000211945691262, -0.000195457338123, -0.00125228520483, 0.00652174698189, -0.00189000449609, -0.000432003318565, 0.00138480216265, -2.89346826321e-05, -0.00123718753457, 0.00240037054755, 0.000112627276394, 0.000465460296255, -0.00227609183639], [0.000388265994843, -0.000692316039931, 0.000554574944545, -0.00189000449609, 0.0113883083686, -0.00581665383652, 0.0040208469145, -0.00147590448614, -0.000590558105614, -0.00321694789454, -0.000645681458991, -0.000218145767576, 0.000430130487075], [-0.000417547737015, 0.000543892208952, -0.000821272667963, -0.000432003318565, -0.00581665383652, 0.0161756779999, -0.00542882084846, 0.00110578886233, -0.00453132903203, 0.00302704214118, -0.00368264457211, 0.00407882127911, 0.000127913866891], [0.000366700143786, -4.76201530546e-05, 0.000194215550437, 0.00138480216265, 0.0040208469145, -0.00542882084846, 0.015849897638, -0.00744009716436, 0.00280633685179, -0.00298930658028, 0.00270447647199, -0.00265957950614, 0.001471610507], [-0.000305395631585, -0.00099217321258, 0.00026216430706, -2.89346826321e-05, -0.00147590448614, 0.00110578886233, -0.00744009716436, 0.0218664780259, -0.00619657989591, 0.00173381133936, -0.00189081113786, -0.00116376148071, -0.00247235316783], [0.000538455555215, 0.000888714799657, 0.00157592131291, -0.00123718753457, -0.000590558105614, -0.00453132903203, 0.00280633685179, -0.00619657989591, 0.0174824018031, -0.001128115342, 0.00243147439323, -0.00052264140686, -0.00157124595717], [-0.000294791650958, 0.000363319268217, 0.000587347545661, 0.00240037054755, -0.00321694789454, 0.00302704214118, -0.00298930658028, 0.00173381133936, -0.001128115342, 0.0243607982993, -0.00796883832663, 0.00455361045897, 0.00396033376455], [0.000203145013074, 0.000664052378852, -0.00130181317218, 0.000112627276394, -0.000645681458991, -0.00368264457211, 0.00270447647199, -0.00189081113786, 0.00243147439323, -0.00796883832663, 0.026257622987, -0.010012623854, 0.00702836178243], [-0.00030505793984, 0.00082982738968, -0.000291302043479, 0.000465460296255, -0.000218145767576, 0.00407882127911, -0.00265957950614, -0.00116376148071, -0.00052264140686, 0.00455361045897, -0.010012623854, 0.0236983038485, -0.00703529501334], [0.000224287927267, 2.9437318517e-05, -0.000535795523319, -0.00227609183639, 0.000430130487075, 0.000127913866891, 0.001471610507, -0.00247235316783, -0.00157124595717, 0.00396033376455, 0.00702836178243, -0.00703529501334, 0.0210438035429]]
    },
    "spectral_contrast_coeffs": {
        "max": [-0.454307973385, -0.585632801056, -0.510984003544, -0.583669543266, -0.569916069508, -0.609536290169],
        "mean": [-0.774687230587, -0.820902764797, -0.804602921009, -0.820187866688, -0.805482149124, -0.808778762817],
        "min": [-0.983257174492, -0.984516382217, -0.976887047291, -0.976787269115, -0.968068778515, -0.964602649212],
        "stdev": [0.137156873941, 0.109555564821, 0.122135840356, 0.104774408042, 0.11243596673, 0.103689193726]
    },
    "spectral_contrast_valleys": {
        "max": [-5.7431268692, -5.22363042831, -5.96532440186, -6.06805944443, -6.19092512131, -8.49872970581],
        "mean": [-13.2494106293, -12.8104724884, -13.2026510239, -13.3434419632, -13.3611106873, -15.2437734604],
        "min": [-28.0722942352, -28.1672592163, -27.9812583923, -27.7265281677, -27.5235614777, -27.427696228],
        "stdev": [9.03391647339, 9.29149246216, 9.03564453125, 8.93117427826, 8.94817447662, 7.7464966774]
    }
},
"rhythm": {
    "beats_count": 51,
    "beats_loudness": {
        "max": 0.0445047952235,
        "mean": 0.016880037263,
        "min": 0,
        "stdev": 0.0145942717791
    },
    "bpm": 136.228393555,
    "bpm_histogram_first_peak_bpm": 136,
    "bpm_histogram_first_peak_weight": 0.378378391266,
    "bpm_histogram_second_peak_bpm": 110,
    "bpm_histogram_second_peak_spread": 0,
    "bpm_histogram_second_peak_weight": 0.10000000149,
    "danceability": 0.815454423428,
    "onset_rate": 2.67337536812,
    "beats_loudness_band_ratio": {
        "max": [0.421766966581, 0.481232792139, 0.435264319181, 0.584396123886, 0.50430315733, 0.318994879723],
        "mean": [0.0890424177051, 0.124080918729, 0.158021181822, 0.203164681792, 0.141365155578, 0.0708960443735],
        "min": [0, 0, 0, 0, 0, 0],
        "stdev": [0.107561379671, 0.13274680078, 0.137080520391, 0.183123782277, 0.140910863876, 0.0646259561181]
    },
    "beats_position": [0.46439909935, 0.905578196049, 1.35836732388, 1.79954648018, 2.2523355484, 2.69351458549, 3.13469386101, 3.5758728981, 4.01705217361, 4.45823097229, 4.8994102478, 5.34058952332, 5.79337835312, 6.24616765976, 6.68734693527, 7.12852573395, 7.56970500946, 8.01088428497, 8.46367359161, 8.91646194458, 9.35764122009, 9.79882049561, 10.22838974, 10.6579589844, 11.0991382599, 11.5403175354, 11.9814968109, 12.4226751328, 12.8638544083, 13.2934236526, 13.7346029282, 14.1641721725, 14.5937414169, 15.0117006302, 15.4412698746, 15.8824491501, 16.3236274719, 16.7299766541, 17.1595458984, 17.5891151428, 18.0651245117, 18.5411338806, 19.0171432495, 19.5395908356, 20.062040329, 20.5844898224, 21.1301574707, 21.6758270264, 22.221496582, 22.7671642303, 23.312833786],
