{
"metadata": {
    "version": {
        "essentia": "2.1-beta5",
        "essentia_git_sha": "Undefined",
        "extractor": "music 2.0"
    },
    "audio_properties": {
        "analysis": {
            "equal_loudness": 0,
            "length": 29.0017242432,
            "sample_rate": 44100,
            "start_time": 0,
            "downmix": "mix"
        },
        "bit_rate": 192000,
        "length": 165.09387207,
        "lossless": 0,
        "number_channels": 2,
        "replay_gain": -7.15864753723,
        "sample_rate": 44100,
        "codec": "mp3",
        "md5_encoded": "8529de33da1a34ac39afe8086568242d"
    },
    "tags": {
        "file_name": "Netherlands__t Is Ok_Harmony.mp3",
        "encoding": ["Lavf58.29.100"]
    }
},
"lowlevel": {
    "average_loudness": 0.908086240292,
    "barkbands_crest": {
        "max": 23.7512016296,
        "mean": 8.50713634491,
        "min": 2.67339277267,
        "stdev": 3.97296476364
    },
    "barkbands_flatness_db": {
        "max": 0.372518122196,
        "mean": 0.137098640203,
        "min": 0.0528796985745,
        "stdev": 0.0402288623154
    },
    "barkbands_kurtosis": {
        "max": 57.4530563354,
        "mean": 1.01480209827,
        "min": -1.84071528912,
        "stdev": 4.47128534317
    },
    "barkbands_skewness": {
        "max": 6.97747182846,
        "mean": 0.82214641571,
        "min": -3.22551727295,
        "stdev": 0.996597707272
    },
    "barkbands_spread": {
        "max": 79.1080627441,
        "mean": 24.8344402313,
        "min": 1.29376614094,
        "stdev": 10.788025856
    },
    "dissonance": {
        "max": 0.499999970198,
        "mean": 0.468441307545,
        "min": 0.331483572721,
        "stdev": 0.0218826364726
    },
    "dynamic_complexity": 3.798640728,
    "erbbands_crest": {
        "max": 27.7123584747,
        "mean": 8.93721675873,
        "min": 2.63840103149,
        "stdev": 4.07103347778
    },
    "erbbands_flatness_db": {
        "max": 0.384320795536,
        "mean": 0.18947249651,
        "min": 0.0659073516726,
        "stdev": 0.041802033782
    },
    "erbbands_kurtosis": {
        "max": 16.2287998199,
        "mean": -0.0739040374756,
        "min": -1.81788277626,
        "stdev": 1.5026614666
    },
    "erbbands_skewness": {
        "max": 3.63563013077,
        "mean": -0.00403341883793,
        "min": -3.59867954254,
        "stdev": 0.719717085361
    },
    "erbbands_spread": {
        "max": 102.729141235,
        "mean": 34.7632789612,
        "min": 3.23991012573,
        "stdev": 13.3077259064
    },
    "hfc": {
        "max": 166.816436768,
        "mean": 18.6683731079,
        "min": 1.18830715391e-16,
        "stdev": 18.5232048035
    },
    "loudness_ebu128": {
        "integrated": -18.3350067139,
        "loudness_range": 4.56454277039,
        "momentary": {
            "max": -13.8516874313,
            "mean": -19.8788146973,
            "min": -55.021484375,
            "stdev": 5.58062696457
        },
        "short_term": {
            "max": -15.7133274078,
            "mean": -18.6951751709,
            "min": -23.4973659515,
            "stdev": 1.62582135201
        }
    },
    "melbands_crest": {
        "max": 30.8129367828,
        "mean": 11.333770752,
        "min": 1.67247056961,
        "stdev": 4.83680486679
    },
    "melbands_flatness_db": {
        "max": 0.435514271259,
        "mean": 0.151854157448,
        "min": 0.00424968311563,
        "stdev": 0.0515819340944
    },
    "melbands_kurtosis": {
        "max": 97.4393997192,
        "mean": 5.18704509735,
        "min": -1.6673823595,
        "stdev": 8.96738147736
    },
    "melbands_skewness": {
        "max": 7.58649873734,
        "mean": 1.72398400307,
        "min": -1.63677954674,
        "stdev": 1.18918049335
    },
    "melbands_spread": {
        "max": 125.062522888,
        "mean": 35.1829795837,
        "min": 2.05285334587,
        "stdev": 17.8837909698
    },
    "pitch_salience": {
        "max": 0.91281658411,
        "mean": 0.575407385826,
        "min": 0.214794501662,
        "stdev": 0.095169596374
    },
    "silence_rate_20dB": {
        "max": 1,
        "mean": 1,
        "min": 1,
        "stdev": 0
    },
    "silence_rate_30dB": {
        "max": 1,
        "mean": 1,
        "min": 1,
        "stdev": 0
    },
    "silence_rate_60dB": {
        "max": 1,
        "mean": 0.11439999938,
        "min": 0,
        "stdev": 0.318292319775
    },
    "spectral_centroid": {
        "max": 10846.3261719,
        "mean": 1788.39697266,
        "min": 367.846282959,
        "stdev": 673.184875488
    },
    "spectral_complexity": {
        "max": 49,
        "mean": 18.0072002411,
        "min": 0,
        "stdev": 8.94315433502
    },
    "spectral_decrease": {
        "max": 1.21972099981e-29,
        "mean": -3.33380745232e-09,
        "min": -1.6547874182e-08,
        "stdev": 2.65799582344e-09
    },
    "spectral_energy": {
        "max": 0.0678544715047,
        "mean": 0.0142758544534,
        "min": 1.07322588965e-20,
        "stdev": 0.0114491702989
    },
    "spectral_energyband_high": {
        "max": 0.0129138352349,
        "mean": 0.000764564960264,
        "min": 7.73465329187e-21,
        "stdev": 0.00125247868709
    },
    "spectral_energyband_low": {
        "max": 0.0125166354701,
        "mean": 0.000650562229566,
        "min": 3.26906357261e-23,
        "stdev": 0.000953720358666
    },
    "spectral_energyband_middle_high": {
        "max": 0.0552205145359,
        "mean": 0.00609059073031,
        "min": 1.60067041789e-21,
        "stdev": 0.00649368809536
    },
    "spectral_energyband_middle_low": {
        "max": 0.0630820393562,
        "mean": 0.00703248614445,
        "min": 4.06953171408e-22,
        "stdev": 0.00703667476773
    },
    "spectral_entropy": {
        "max": 9.81572246552,
        "mean": 7.50908660889,
        "min": 5.66581535339,
        "stdev": 0.372649848461
    },
    "spectral_flux": {
        "max": 0.259780079126,
        "mean": 0.0658051967621,
        "min": 1.03596617396e-10,
        "stdev": 0.0374674536288
    },
    "spectral_kurtosis": {
        "max": 41.864944458,
        "mean": 4.18698215485,
        "min": -1.15886902809,
        "stdev": 3.08023285866
    },
    "spectral_rms": {
        "max": 0.00813630688936,
        "mean": 0.00341338803992,
        "min": 3.23581461105e-12,
        "stdev": 0.00150878319982
    },
    "spectral_rolloff": {
        "max": 18884.6191406,
        "mean": 2302.94946289,
        "min": 215.33203125,
        "stdev": 1271.05773926
    },
    "spectral_skewness": {
        "max": 4.83021259308,
        "mean": 1.35902357101,
        "min": -0.000322722422425,
        "stdev": 0.410964488983
    },
    "spectral_spread": {
        "max": 39284984,
        "mean": 3972715.25,
        "min": 1204780.625,
        "stdev": 1470790.125
    },
    "spectral_strongpeak": {
        "max": 12.5439891815,
        "mean": 1.33938169479,
        "min": 0,
        "stdev": 1.58179044724
    },
    "zerocrossingrate": {
        "max": 0.51220703125,
        "mean": 0.0777882784605,
        "min": 0.01708984375,
        "stdev": 0.0309974532574
    },
    "barkbands": {
        "max": [0.000509282632265, 0.00396426953375, 0.011315273121, 0.0162037611008, 0.0181650295854, 0.0343712568283, 0.0539555698633, 0.0308210290968, 0.0235139410943, 0.0189418755472, 0.0265805963427, 0.0214284732938, 0.0298034437001, 0.0210360139608, 0.0112766753882, 0.015784483403, 0.0183443445712, 0.016746096313, 0.00893858633935, 0.0155081441626, 0.00482208142057, 0.00473396945745, 0.00284381979145, 0.00410358933732, 0.00097432883922, 0.000149072337081, 5.3292243507e-08],
        "mean": [6.65685229251e-06, 0.0001676701213, 0.000359347381163, 0.000349438865669, 0.00190785736777, 0.00178276922088, 0.00131098332349, 0.000623841769993, 0.000800213310868, 0.000701503304299, 0.000771182589233, 0.000722307013348, 0.00043337335228, 0.000503798597492, 0.000381705991458, 0.000587434100453, 0.000811291858554, 0.000651349138934, 0.000444448902272, 0.000441711221356, 0.000206799246371, 0.000116111586976, 9.16821081773e-05, 6.91211243975e-05, 2.84720008494e-05, 4.77651292385e-06, 5.63599111825e-10],
        "min": [4.95430404787e-24, 1.42339568938e-23, 8.90904796477e-24, 6.68649862862e-24, 7.00674586388e-23, 9.26284261443e-23, 4.83876550754e-23, 4.06219694849e-23, 1.2583545653e-22, 6.31593153394e-23, 4.62267504859e-23, 1.39787136904e-22, 1.60451985715e-22, 8.56212334696e-23, 2.15955633162e-22, 1.09095499955e-22, 1.38760368171e-22, 2.22354115518e-22, 2.30842637512e-22, 3.74718295337e-22, 3.93442495835e-22, 4.79367825717e-22, 6.56581679408e-22, 7.83647254079e-22, 1.20652249107e-21, 1.82413923804e-21, 2.49321889757e-21],
        "stdev": [1.86532688531e-05, 0.000302404747345, 0.000620319508016, 0.000748801336158, 0.00213395687751, 0.00298902927898, 0.00401260703802, 0.0014223488979, 0.00173667632043, 0.00174048379995, 0.00182797654998, 0.00154563388787, 0.0014199714642, 0.00151859177276, 0.000707052648067, 0.00122626021039, 0.00143745134119, 0.00133337487932, 0.000690379587468, 0.00092427135678, 0.000420337368269, 0.000288231065497, 0.000237470900174, 0.000209509846172, 6.4474879764e-05, 1.16364462883e-05, 1.77712766725e-09]
    },
    "erbbands": {
        "max": [0.0759600624442, 1.00716161728, 9.51992702484, 32.3221130371, 65.3052139282, 74.2330703735, 76.0786972046, 355.026702881, 532.348327637, 954.250732422, 613.434020996, 752.639953613, 439.199310303, 766.400390625, 760.559265137, 1107.95007324, 1230.54675293, 1158.53027344, 517.929016113, 800.894165039, 817.81237793, 921.04309082, 990.749145508, 652.548217773, 482.33013916, 711.314758301, 319.52835083, 202.294647217, 204.129455566, 112.153289795, 87.3423690796, 112.251556396, 40.9597587585, 16.7352180481, 5.18744182587, 1.37683224678, 0.0880904272199, 0.00209998711944, 0.000202395138331, 0.000117801086162],
        "mean": [0.00373718305491, 0.0466035939753, 0.333955049515, 0.829136788845, 3.5520324707, 7.01487350464, 8.91794872284, 16.1029872894, 18.4568157196, 18.9144229889, 15.0130176544, 18.1387748718, 22.3697147369, 22.8797111511, 33.9878311157, 30.9930877686, 20.5657806396, 28.1311664581, 20.5555210114, 24.5697975159, 39.4113121033, 38.9160957336, 36.4433403015, 28.4844779968, 20.7854232788, 21.9492664337, 13.4587221146, 5.10797023773, 4.173371315, 3.31074929237, 2.53019189835, 1.74442696571, 0.957032442093, 0.41719481349, 0.152844324708, 0.0478466004133, 0.00255771703087, 7.45923534851e-05, 1.51344047481e-05, 1.94090789591e-05],
        "min": [3.3705201727e-22, 3.3133074865e-21, 1.15091834401e-20, 2.20887160381e-20, 1.45157621773e-19, 2.61739487954e-19, 3.46650689356e-19, 7.37297978121e-19, 6.01258407014e-19, 8.93629478725e-19, 1.36903240724e-18, 2.47827902373e-18, 2.76062285696e-18, 1.36868354382e-18, 4.31571186201e-18, 4.47468232726e-18, 7.60608124238e-18, 4.56752880153e-18, 8.94171819694e-18, 9.52375556316e-18, 5.75574149142e-18, 8.81441675503e-18, 1.46465529255e-17, 1.09966457696e-17, 1.40058353666e-17, 1.69822164991e-17, 1.19797366927e-17, 1.85880387658e-17, 1.53507053112e-17, 2.01594238493e-17, 2.09163321601e-17, 1.54763474288e-17, 1.41513744867e-17, 1.04611646098e-17, 9.67684436066e-18, 6.2289098949e-18, 3.80503536724e-18, 1.46811158402e-18, 2.80797651719e-19, 3.81844277589e-20],
        "stdev": [0.0071494076401, 0.0789630711079, 0.543531358242, 1.53734886646, 5.29088973999, 8.28840351105, 11.8128404617, 31.9216632843, 40.5227394104, 69.3308868408, 30.6154689789, 44.0266075134, 46.7650108337, 55.6602630615, 67.4705047607, 64.1073913574, 52.8804244995, 87.6307525635, 37.7287330627, 51.9351387024, 72.8320159912, 67.3849029541, 76.2856750488, 44.2240257263, 32.1550865173, 43.6529693604, 26.0665607452, 12.6170110703, 11.0209102631, 9.0157661438, 6.45270252228, 5.85289907455, 2.38418769836, 0.978623509407, 0.349948108196, 0.110594548285, 0.00729299848899, 0.000181580064236, 1.84396631084e-05, 1.6176565623e-05]
    },
    "gfcc": {
        "mean": [-41.1524391174, 90.7298049927, -158.628082275, 36.3836364746, -75.9815063477, 5.05125570297, -52.250617981, 4.14067745209, -32.6794204712, -8.68200111389, -9.32995033264, -7.75241661072, -3.62227964401],
        "cov": [[9313.8203125, 12.7883749008, -1334.4864502, 268.871124268, -485.412078857, 38.59765625, -17.7649345398, 17.2282009125, -64.3430480957, -153.24319458, 199.655075073, -218.800186157, 291.899078369], [12.7883749008, 635.56652832, -86.6765441895, -99.7397003174, 56.8074951172, -112.889274597, 55.7410507202, -112.206840515, 15.2103185654, -26.3388233185, 129.541137695, -98.3410797119, 69.9167022705], [-1334.4864502, -86.6765441895, 847.135314941, 95.2118530273, 67.8694839478, 125.684234619, -129.115570068, 39.1896514893, -81.7094497681, 151.658126831, -43.7944221497, 108.847328186, -49.8999900818], [268.871124268, -99.7397003174, 95.2118530273, 278.54119873, 12.1771373749, 104.877037048, 37.6737670898, 16.9867954254, 11.9294242859, -22.003944397, -15.5030603409, 0.833955049515, 14.8329524994], [-485.412078857, 56.8074951172, 67.8694839478, 12.1771373749, 167.771697998, 26.4405612946, 15.6833734512, 50.4867630005, -2.5830373764, 5.44703674316, -10.9583053589, 14.4460439682, -12.5189971924], [38.59765625, -112.889274597, 125.684234619, 104.877037048, 26.4405612946, 331.897979736, 123.811233521, -40.7934112549, -50.7059364319, 50.1514205933, -72.8272476196, -9.07849216461, -11.6735572815], [-17.7649345398, 55.7410507202, -129.115570068, 37.6737670898, 15.6833734512, 123.811233521, 285.212524414, -20.8340187073, -32.3127975464, 8.14935874939, -5.974568367, -54.2123947144, 8.4391336441], [17.2282009125, -112.206840515, 39.1896514893, 16.9867954254, 50.4867630005, -40.7934112549, -20.8340187073, 184.393829346, 33.0719184875, -10.4907608032, -13.1415643692, 32.1990356445, -19.8621921539], [-64.3430480957, 15.2103185654, -81.7094497681, 11.9294242859, -2.5830373764, -50.7059364319, -32.3127975464, 33.0719184875, 159.836288452, -19.0217590332, -1.34745085239, 17.4781627655, -13.0651283264], [-153.24319458, -26.3388233185, 151.658126831, -22.003944397, 5.44703674316, 50.1514205933, 8.14935874939, -10.4907608032, -19.0217590332, 140.47076416, 13.8169221878, 18.6525154114, -12.0175971985], [199.655075073, 129.541137695, -43.7944221497, -15.5030603409, -10.9583053589, -72.8272476196, -5.974568367, -13.1415643692, -1.34745085239, 13.8169221878, 150.569000244, -2.26511645317, 43.9968681335], [-218.800186157, -98.3410797119, 108.847328186, 0.833955049515, 14.4460439682, -9.07849216461, -54.2123947144, 32.1990356445, 17.4781627655, 18.6525154114, -2.26511645317, 143.943786621, -5.22681951523], [291.899078369, 69.9167022705, -49.8999900818, 14.8329524994, -12.5189971924, -11.6735572815, 8.4391336441, -19.8621921539, -13.0651283264, -12.0175971985, 43.9968681335, -5.22681951523, 94.8117446899]],
        "icov": [[0.000344027474057, -0.000605727254879, 0.00102987384889, -0.000840602675453, 0.00125158857554, -0.000691510853358, 0.000957987795118, -0.00111416773871, 0.000925066240598, -0.000795381143689, 0.000116771581816, -0.00023932797194, -0.000218228859012], [-0.000605727254879, 0.00520534301177, -0.00308476574719, 0.00320974970236, -0.00485375663266, 0.00259008794092, -0.00327756186016, 0.00501433480531, -0.00364071270451, 0.00319546204992, -0.00281813903712, 0.00316611258313, -0.00169355410617], [0.00102987384889, -0.00308476574719, 0.00586490891874, -0.00410578865558, 0.00395552255213, -0.00295787490904, 0.00481219962239, -0.00455627171323, 0.00478589907289, -0.00523857446387, 0.00148026319221, -0.00255593517795, 0.000776129134465], [-0.000840602675453, 0.00320974970236, -0.00410578865558, 0.00776306213811, -0.00382479582913, 0.00048786815023, -0.00355709111318, 0.00334344734438, -0.00442570820451, 0.00494273193181, -0.00194260489661, 0.00211202632636, -0.00154777639546], [0.00125158857554, -0.00485375663266, 0.00395552255213, -0.00382479582913, 0.0131561756134, -0.00395572464913, 0.00384357594885, -0.00791733525693, 0.0046268561855, -0.00343865226023, 0.00184621557128, -0.00279013486579, 0.000846753537189], [-0.000691510853358, 0.00259008794092, -0.00295787490904, 0.00048786815023, -0.00395572464913, 0.00757463555783, -0.00461801886559, 0.00465116929263, -0.00172921956982, 0.000477930268971, 0.00156963907648, 0.00120340683497, -0.000458127469756], [0.000957987795118, -0.00327756186016, 0.00481219962239, -0.00355709111318, 0.00384357594885, -0.00461801886559, 0.00879339966923, -0.00465047731996, 0.00439629936591, -0.00404073530808, 0.000855783000588, -0.000708586536348, 0.000396216433728], [-0.00111416773871, 0.00501433480531, -0.00455627171323, 0.00334344734438, -0.00791733525693, 0.00465116929263, -0.00465047731996, 0.0127097433433, -0.00542108574882, 0.00423624459654, -0.00164998869877, 0.00173730379902, 6.65830157232e-05], [0.000925066240598, -0.00364071270451, 0.00478589907289, -0.00442570820451, 0.0046268561855, -0.00172921956982, 0.00439629936591, -0.00542108574882, 0.0113563388586, -0.0038151522167, 0.00187642499804, -0.00316356308758, 0.00195520091802], [-0.000795381143689, 0.00319546204992, -0.00523857446387, 0.00494273193181, -0.00343865226023, 0.000477930268971, -0.00404073530808, 0.00423624459654, -0.0038151522167, 0.013508473523, -0.00391637906432, 0.00148186844308, 0.000499459216371], [0.000116771581816, -0.00281813903712, 0.00148026319221, -0.00194260489661, 0.00184621557128, 0.00156963907648, 0.000855783000588, -0.00164998869877, 0.00187642499804, -0.00391637906432, 0.0110478941351, -0.00189361185767, -0.00265209027566], [-0.00023932797194, 0.00316611258313, -0.00255593517795, 0.00211202632636, -0.00279013486579, 0.00120340683497, -0.000708586536348, 0.00173730379902, -0.00316356308758, 0.00148186844308, -0.00189361185767, 0.0104621518403, -0.00185942673124], [-0.000218228859012, -0.00169355410617, 0.000776129134465, -0.00154777639546, 0.000846753537189, -0.000458127469756, 0.000396216433728, 6.65830157232e-05, 0.00195520091802, 0.000499459216371, -0.00265209027566, -0.00185942673124, 0.0146135771647]]
    },
    "melbands": {
        "max": [0.000956783769652, 0.00330432574265, 0.00621695909649, 0.00421976437792, 0.00241697463207, 0.00761185958982, 0.00779446633533, 0.00861590448767, 0.00397329870611, 0.00455217761919, 0.00226724590175, 0.0032549011521, 0.00352986110374, 0.0026637527626, 0.00139587465674, 0.00407610181719, 0.00259398133494, 0.00110860075802, 0.000763293472119, 0.00141832861118, 0.000863212742843, 0.000978796277195, 0.00123385596089, 0.00066047598375, 0.000636356242467, 0.000282896391582, 0.000740475894418, 0.000349790381733, 0.000254732847679, 0.000175970795681, 0.000136103029945, 0.00011649930093, 7.77771711e-05, 7.19521922292e-05, 4.99013876833e-05, 7.11754182703e-05, 8.0657628132e-05, 3.4297536331e-05, 1.65709334397e-05, 1.27231296574e-05],
        "mean": [3.97525727749e-05, 0.000135778958793, 0.000220207279199, 0.00039071746869, 0.000310447445372, 0.000356320495484, 0.00029099121457, 0.000186058372492, 0.000118946314615, 0.000114758644486, 0.000109295942821, 8.70674557518e-05, 0.000122976343846, 9.01203457033e-05, 4.85969103465e-05, 4.93938205182e-05, 5.10242643941e-05, 3.22298328683e-05, 2.77060626104e-05, 3.22608939314e-05, 5.26685289515e-05, 3.91129833588e-05, 4.26006445196e-05, 2.9932039979e-05, 2.22403577936e-05, 1.56982223416e-05, 1.38026307468e-05, 1.47201535583e-05, 9.65586514212e-06, 4.88123987452e-06, 2.28959697779e-06, 2.34733556681e-06, 2.20952347263e-06, 1.73288583483e-06, 1.52325560521e-06, 1.17982608572e-06, 1.01831130905e-06, 7.20599189208e-07, 4.74522067861e-07, 3.07658979182e-07],
        "min": [3.75895455668e-24, 5.72645096267e-24, 6.13333752897e-24, 1.76364496621e-23, 1.01848182754e-23, 1.69879712881e-23, 1.03540810044e-23, 9.62085688107e-24, 1.25618431428e-23, 1.64215770467e-23, 1.4103564497e-23, 5.33751295411e-24, 1.00751460992e-23, 1.70075792147e-23, 1.06964332266e-23, 1.70491506067e-23, 7.28713574414e-24, 1.32071566069e-23, 1.68906984276e-23, 8.81713935842e-24, 5.47313194878e-24, 7.68794571489e-24, 1.2580336409e-23, 1.0638355709e-23, 8.91056888859e-24, 9.17319803888e-24, 1.08614392621e-23, 1.1673651239e-23, 6.49800978165e-24, 1.05989095083e-23, 1.04017810567e-23, 8.44524666187e-24, 9.02455140079e-24, 1.12806249588e-23, 1.28913661202e-23, 1.03688540025e-23, 7.88496845913e-24, 1.08399940784e-23, 7.89984164264e-24, 8.81528474643e-24],
        "stdev": [7.58832975407e-05, 0.000205392178032, 0.000350029498804, 0.000469254126074, 0.000380201759981, 0.000671125308145, 0.000671135552693, 0.000646003114525, 0.000230394711252, 0.000274900317891, 0.000239021916059, 0.000240402820054, 0.000273360928986, 0.000200139562367, 8.420447557e-05, 0.000176925037522, 0.000172121450305, 7.08015431883e-05, 5.41837216588e-05, 8.02495414973e-05, 9.92385175778e-05, 7.56000881665e-05, 9.37987133511e-05, 6.20189966867e-05, 3.87189611502e-05, 2.40335957642e-05, 3.1595940527e-05, 2.95030840789e-05, 2.0283365302e-05, 1.18802481666e-05, 7.08018706064e-06, 6.45263480692e-06, 5.75223384658e-06, 5.2009013416e-06, 3.87003183278e-06, 3.65933715329e-06, 3.80989035875e-06, 1.9157839688e-06, 1.03912236682e-06, 7.73116312303e-07]
    },
    "melbands128": {
        "max": [0.000204927782761, 0.00040416183765, 0.00162699469365, 0.0017358220648, 0.0039461213164, 0.00573902670294, 0.0065502198413, 0.0082964990288, 0.00778171466663, 0.00595834152773, 0.00433353055269, 0.0033105565235, 0.00353565299883, 0.00271918997169, 0.00815183855593, 0.016635555774, 0.0089067928493, 0.0143948718905, 0.0218113865703, 0.0167397968471, 0.00672253873199, 0.0118662565947, 0.00333775673062, 0.00330039812252, 0.00891355797648, 0.00344492634758, 0.00677225319669, 0.00420512724668, 0.00450398493558, 0.00638359086588, 0.00432272301987, 0.00733413966373, 0.00614265259355, 0.00297459913418, 0.00344615755603, 0.00511925341561, 0.00531869893894, 0.000644503510557, 0.00118922616821, 0.00343460449949, 0.00747205968946, 0.00492830947042, 0.00458389660344, 0.00559247657657, 0.00147789064795, 0.00180827116128, 0.00105805229396, 0.00111284479499, 0.00153747340664, 0.0020353521686, 0.00220295996405, 0.00234355404973, 0.00173723080661, 0.00232845800929, 0.00240716664121, 0.00110752193723, 0.0019155011978, 0.00221151253209, 0.00318545754999, 0.00182423309889, 0.001463155495, 0.000656474847347, 0.000801663205493, 0.000971748435404, 0.000912564224564, 0.000371233589249, 0.00048209153465, 0.000473714666441, 0.0010989542352, 0.00138663407415, 0.000577002181672, 0.000362638093065, 0.000607431516983, 0.000294776080409, 0.000300549349049, 0.000446056685178, 0.000172983069206, 0.00012340581452, 0.000198687848751, 0.000112125751912, 0.000106515006337, 0.000152012449689, 0.00013850168034, 5.41929039173e-05, 7.39358438295e-05, 9.21609462239e-05, 8.67610433488e-05, 5.48197640455e-05, 7.77371678851e-05, 6.04211491009e-05, 6.86578059685e-05, 7.32746411813e-05, 9.20609454624e-05, 0.000103840713564, 9.64879072853e-05, 5.32694066351e-05, 2.50541124842e-05, 1.73125372385e-05, 1.50964115164e-05, 2.10752641578e-05, 1.67742018675e-05, 1.1349912711e-05, 1.66492773133e-05, 8.58641851664e-06, 5.84112694924e-06, 5.47647050553e-06, 4.82331870444e-06, 3.91187586501e-06, 3.00909027828e-06, 1.86562806448e-06, 1.09027939743e-06, 3.02577603861e-07, 2.92241142397e-09, 2.98701452461e-10, 2.69264360808e-10, 2.63829680325e-10, 2.58152027532e-10, 2.51832610321e-10, 2.42887682189e-10, 2.39778114031e-10, 2.2948974665e-10, 2.24671989346e-10, 2.19905149645e-10, 2.1566404218e-10, 2.12514603137e-10, 2.10590961336e-10, 2.08732031659e-10, 2.0582396898e-10],
        "mean": [5.19448622072e-06, 2.47407388088e-05, 5.02522598254e-05, 7.57481393521e-05, 0.000146890699398, 0.000181882482138, 0.000135912472615, 0.000207305245567, 0.000376317766495, 0.000420508236857, 0.000406676001148, 0.000325027707731, 0.000328960915795, 0.000225472424063, 0.000314094359055, 0.000518026470672, 0.000305074587232, 0.000247900403338, 0.000253057689406, 0.000256173138041, 9.84485304798e-05, 0.000131761233206, 0.000124665850308, 9.64255305007e-05, 0.000139553390909, 8.42377994559e-05, 0.00014829551219, 0.000119321361126, 6.54199102428e-05, 0.000108354041004, 6.64605540805e-05, 9.45510473684e-05, 0.000203460076591, 5.83071523579e-05, 7.91993370513e-05, 0.000114172471513, 9.28733788896e-05, 2.42089899984e-05, 4.38296374341e-05, 4.23730707553e-05, 4.07175139117e-05, 7.69400066929e-05, 5.88436960243e-05, 3.31426163029e-05, 3.18805214192e-05, 3.35198856192e-05, 3.41376107826e-05, 1.78333884833e-05, 2.30957357417e-05, 5.3168652812e-05, 2.27910913964e-05, 2.34685576288e-05, 5.77737337153e-05, 5.61004162591e-05, 6.31366638117e-05, 2.52022273344e-05, 2.76777409454e-05, 6.32808951195e-05, 4.11805704061e-05, 1.92839543161e-05, 3.33207281074e-05, 3.31471965183e-05, 2.5736675525e-05, 1.75772474904e-05, 1.94452932192e-05, 1.27296088976e-05, 1.83811298484e-05, 1.17410781968e-05, 1.18108873721e-05, 1.67719208548e-05, 1.65661822393e-05, 1.32454497361e-05, 1.10854061859e-05, 9.83771860774e-06, 6.21473554929e-06, 6.46379203317e-06, 3.37050141752e-06, 2.29556394515e-06, 1.93626169676e-06, 2.6726759188e-06, 2.18658624362e-06, 1.97620511244e-06, 2.99574276141e-06, 2.21946174861e-06, 1.67186237832e-06, 1.77952142622e-06, 1.84956991234e-06, 1.48217384321e-06, 1.62378228197e-06, 1.41942655318e-06, 1.23783252093e-06, 1.0498949905e-06, 1.19104834084e-06, 1.0258814882e-06, 9.82420488072e-07, 7.45985175854e-07, 7.12857172402e-07, 5.81264089305e-07, 4.84894201236e-07, 4.16726066987e-07, 3.69157078239e-07, 2.84660274019e-07, 2.4745418159e-07, 1.79722945859e-07, 1.61636464213e-07, 1.50417832856e-07, 1.32771404537e-07, 1.07167707597e-07, 9.34027255539e-08, 5.16880724888e-08, 1.67412430585e-08, 2.32801711242e-09, 2.57324248715e-11, 3.46021670518e-12, 2.90959725931e-12, 2.81006966828e-12, 2.71210419574e-12, 2.6276539538e-12, 2.55732934829e-12, 2.49657564587e-12, 2.43330355865e-12, 2.3904784402e-12, 2.33677291926e-12, 2.29121257557e-12, 2.26436881398e-12, 2.24380995555e-12, 2.22597591401e-12, 2.207404615e-12],
        "min": [4.62634143742e-24, 3.37254445289e-24, 1.75847291801e-24, 7.37634486846e-24, 6.90564182151e-24, 3.94182513628e-24, 4.47041952962e-24, 2.43101273288e-24, 1.32341656265e-23, 2.89986404719e-23, 1.3060658037e-23, 2.64622937061e-24, 1.29555470546e-23, 1.47011092778e-23, 1.27709362478e-23, 2.58337305201e-23, 1.10849393338e-23, 4.06997440704e-24, 1.31393697893e-23, 1.10828378084e-23, 5.66307348311e-24, 1.30562049172e-23, 8.55234951811e-24, 2.03479996739e-23, 1.24804437415e-23, 1.93837245023e-23, 1.86103315817e-23, 1.3104543158e-23, 1.14760628815e-23, 4.46626459924e-24, 5.05041452183e-24, 2.12662523058e-24, 4.80123466112e-24, 1.99366465771e-23, 2.55248189006e-23, 1.38771913939e-23, 6.84274199723e-24, 8.58119185053e-24, 1.18470105227e-23, 2.51619586614e-23, 1.70829501411e-23, 7.87537906597e-24, 3.75532264107e-24, 1.00909556606e-23, 1.0313005017e-23, 1.41330237187e-23, 1.7836173466e-23, 1.15445809732e-23, 2.6515154881e-23, 5.66624943711e-24, 4.57294383717e-24, 1.39256874069e-23, 6.06221580191e-24, 2.18798204292e-24, 2.71217301469e-24, 6.84558505194e-24, 1.39310137958e-23, 1.13173432785e-23, 6.07789165138e-24, 2.7316340949e-23, 6.05689414624e-24, 6.37178178162e-24, 6.84021054259e-24, 1.24306658295e-23, 6.16117919133e-24, 9.19511417255e-24, 1.01103001077e-23, 1.24967502853e-23, 8.62838545419e-24, 1.18175923218e-23, 1.20398341603e-23, 1.30060396745e-23, 8.55293564177e-24, 4.88190594387e-24, 3.83859045949e-24, 1.03356547913e-23, 1.45403599357e-23, 1.11903713827e-23, 1.10533367771e-23, 6.84999320667e-24, 8.86397166378e-24, 1.04228041998e-23, 5.83159704943e-24, 6.43638081229e-24, 1.45116406656e-23, 1.16809868566e-23, 1.0196775829e-23, 1.08982743333e-23, 1.45253652676e-23, 1.35766984979e-23, 7.76182096094e-24, 1.05316267729e-23, 1.29206691474e-23, 8.06424498845e-24, 4.67862161619e-24, 7.64102663483e-24, 1.58770784287e-23, 8.3158797843e-24, 6.83709611973e-24, 7.85279003395e-24, 9.36012573012e-24, 7.14218097508e-24, 1.14285490003e-23, 1.25783169251e-23, 1.06658277901e-23, 1.12496747901e-23, 1.06678835616e-23, 8.13597847715e-24, 6.90241538041e-24, 1.5731009788e-23, 1.54948406102e-23, 9.49505565479e-24, 1.46162562434e-23, 1.01363482948e-23, 1.11991853255e-23, 1.34998571349e-23, 1.20532960717e-23, 9.71626014123e-24, 1.15841533916e-23, 6.97986811067e-24, 6.43339852364e-24, 9.1022573554e-24, 1.20595296506e-23, 1.11786773086e-23, 1.24434737752e-23, 1.22997945942e-23, 1.1435572229e-23, 7.83736701439e-24],
        "stdev": [1.06817051346e-05, 4.52991043858e-05, 0.000127299907035, 0.000136210030178, 0.000249950768193, 0.00032395371818, 0.000310300907586, 0.000425720325438, 0.000626352615654, 0.000641617691144, 0.000527682364918, 0.000438224495156, 0.000534649181645, 0.000350630871253, 0.000691468303557, 0.00128043885343, 0.000685163075104, 0.000873492041137, 0.00125059229322, 0.00110866467003, 0.000315416575177, 0.000439481023932, 0.000286922761006, 0.000257319305092, 0.000491006940138, 0.000266147748334, 0.000434152549133, 0.000348774570739, 0.000273690005997, 0.000439666036982, 0.000240311404923, 0.000341846578522, 0.00049642007798, 0.000210673184483, 0.000250006298302, 0.000327030546032, 0.000253701262409, 5.97151483817e-05, 9.97889728751e-05, 0.000157298520207, 0.000308438757202, 0.000279259635136, 0.000297270860756, 0.000186327364645, 0.000112821420771, 0.000100270604889, 7.25515710656e-05, 6.3544139266e-05, 8.32173027447e-05, 0.000149673360283, 8.99670267245e-05, 0.000121263474284, 0.000142970529851, 0.000146964666783, 0.000159359857207, 8.91453091754e-05, 9.7782460216e-05, 0.000150233550812, 0.000164152414072, 9.33758346946e-05, 0.000104443410237, 7.49667306081e-05, 6.71281668474e-05, 5.23515154782e-05, 4.89939993713e-05, 2.49030017585e-05, 3.87628351746e-05, 2.79926134681e-05, 4.30117106589e-05, 5.38154126843e-05, 4.0566224925e-05, 3.828194167e-05, 3.33825773851e-05, 2.32813890761e-05, 1.69213089976e-05, 2.27897180594e-05, 1.06348434201e-05, 8.12466987554e-06, 8.07027390692e-06, 6.80058155922e-06, 6.88072441335e-06, 7.50498475099e-06, 1.01711921161e-05, 5.78584376854e-06, 5.2659602261e-06, 6.25303891866e-06, 5.95828078076e-06, 4.11339533457e-06, 4.4961761887e-06, 3.93955406253e-06, 4.28820703746e-06, 3.44971067534e-06, 4.55131612398e-06, 4.36626987721e-06, 3.99285772801e-06, 2.50470338869e-06, 1.87101909432e-06, 1.28762064833e-06, 1.141454959e-06, 1.05318179067e-06, 9.42536189541e-07, 7.98378323452e-07, 7.13211761649e-07, 4.79575192003e-07, 3.90274692563e-07, 3.55526537987e-07, 3.1511706311e-07, 2.48806827585e-07, 2.43094149255e-07, 1.4604681553e-07, 7.17247132798e-08, 1.54069574876e-08, 1.78907305637e-10, 1.30957120148e-11, 9.07062099043e-12, 8.83889055697e-12, 8.61866914642e-12, 8.38912272982e-12, 8.10200257578e-12, 7.96374511475e-12, 7.65928986901e-12, 7.49310249265e-12, 7.33504142841e-12, 7.19547034803e-12, 7.08838326577e-12, 7.0160639451e-12, 6.95360999683e-12, 6.87130170471e-12]
    },
    "mfcc": {
        "mean": [-665.270935059, 107.363136292, -23.0817832947, 18.251657486, -3.60338544846, -9.02275753021, -5.5397977829, -3.10253310204, -13.5443687439, -5.6396522522, -12.1393299103, -2.61682605743, -3.78606724739],
        "cov": [[9498.37695312, -501.648834229, -820.120788574, -60.9248466492, -413.672821045, -147.770874023, 67.4309082031, -54.3981742859, -47.3997497559, 47.8299751282, -217.95274353, 42.8419723511, 119.0181427], [-501.648834229, 686.320922852, -91.9463272095, -19.8571529388, 8.78256607056, -77.0417938232, 17.0230941772, -108.239532471, -87.0176544189, 11.8239603043, 7.87969970703, -9.01509284973, -27.3027763367], [-820.120788574, -91.9463272095, 623.561889648, 62.2668838501, 141.020141602, 122.56867981, 53.263874054, -56.1981964111, -4.79407501221, -12.4468412399, 1.68101429939, 32.1785469055, -19.4980278015], [-60.9248466492, -19.8571529388, 62.2668838501, 181.7315979, 46.9946365356, -45.6791877747, 23.8725280762, 22.4272098541, 1.00310122967, 4.57535600662, -10.5509262085, 27.7323570251, 10.9081811905], [-413.672821045, 8.78256607056, 141.020141602, 46.9946365356, 275.410888672, -85.9035186768, -50.5747528076, 21.8174991608, -8.35834884644, -12.9727334976, -3.99819350243, 26.3847007751, -11.2380857468], [-147.770874023, -77.0417938232, 122.56867981, -45.6791877747, -85.9035186768, 384.874694824, 104.960952759, 1.84098803997, 67.7373352051, 2.15665650368, 41.0408248901, -35.4960517883, 2.80338025093], [67.4309082031, 17.0230941772, 53.263874054, 23.8725280762, -50.5747528076, 104.960952759, 294.15020752, -20.6082134247, 5.66076898575, 59.816734314, -19.66655159, -8.38774585724, -19.4088459015], [-54.3981742859, -108.239532471, -56.1981964111, 22.4272098541, 21.8174991608, 1.84098803997, -20.6082134247, 179.520339966, 68.8689804077, -11.5757408142, 15.6580171585, -8.79144859314, 35.6248703003], [-47.3997497559, -87.0176544189, -4.79407501221, 1.00310122967, -8.35834884644, 67.7373352051, 5.66076898575, 68.8689804077, 130.490600586, 23.2326526642, 20.4737415314, -13.8007278442, 12.2626457214], [47.8299751282, 11.8239603043, -12.4468412399, 4.57535600662, -12.9727334976, 2.15665650368, 59.816734314, -11.5757408142, 23.2326526642, 128.67817688, 9.42091274261, -5.72917127609, -23.9004020691], [-217.95274353, 7.87969970703, 1.68101429939, -10.5509262085, -3.99819350243, 41.0408248901, -19.66655159, 15.6580171585, 20.4737415314, 9.42091274261, 93.8934707642, 11.970867157, 11.2969579697], [42.8419723511, -9.01509284973, 32.1785469055, 27.7323570251, 26.3847007751, -35.4960517883, -8.38774585724, -8.79144859314, -13.8007278442, -5.72917127609, 11.970867157, 98.2697219849, 27.7385654449], [119.0181427, -27.3027763367, -19.4980278015, 10.9081811905, -11.2380857468, 2.80338025093, -19.4088459015, 35.6248703003, 12.2626457214, -23.9004020691, 11.2969579697, 27.7385654449, 86.669631958]],
        "icov": [[0.000148977196659, 0.000158938433742, 0.000214355299249, 2.89778768092e-06, 9.21312093851e-05, -5.54546113563e-06, -3.00442425214e-05, 0.000172216750798, 5.8421108406e-05, -9.02802785276e-05, 0.000336669880198, -0.000113266491098, -0.000212838800508], [0.000158938433742, 0.00198901002295, 0.00063941226108, 7.11607344783e-06, -0.000277774612186, 0.00021891722281, -0.000335270829964, 0.00124253402464, 0.000774054438807, -9.34260315262e-05, -0.000365627231076, 0.000365454819985, -0.000282229098957], [0.000214355299249, 0.00063941226108, 0.00281069218181, -0.000752193154767, -0.00145451421849, -0.00117770791985, -0.00029419886414, 0.00143650721293, 0.0001994704362, 0.000199346410227, 0.000484493502881, -0.000697721319739, 1.4107035895e-05], [2.89778768092e-06, 7.11607344783e-06, -0.000752193154767, 0.00665081944317, -0.000408920168411, 0.00105376099236, -0.000915241602343, -0.00107502914034, -0.000170232684468, -0.000212242550333, 0.00056340417359, -0.00126123661175, -0.000562432862353], [9.21312093851e-05, -0.000277774612186, -0.00145451421849, -0.000408920168411, 0.00537879904732, 0.00131533737294, 0.000696041737683, -0.00138260761742, -0.000102467682154, 0.00012097437866, 0.000226844582357, -0.000877755635884, 0.00118852010928], [-5.54546113563e-06, 0.00021891722281, -0.00117770791985, 0.00105376099236, 0.00131533737294, 0.00457257917151, -0.00157898769248, 0.000437953189248, -0.0020524521824, 0.00116694089957, -0.00204335269518, 0.00146124477033, -0.000421093369368], [-3.00442425214e-05, -0.000335270829964, -0.00029419886414, -0.000915241602343, 0.000696041737683, -0.00157898769248, 0.00480082351714, -0.000390222616261, 0.000659174460452, -0.00228619528934, 0.00172768649645, -0.00045405011042, 0.000557876424864], [0.000172216750798, 0.00124253402464, 0.00143650721293, -0.00107502914034, -0.00138260761742, 0.000437953189248, -0.000390222616261, 0.00942748785019, -0.00391981052235, 0.00115179992281, -0.00086040206952, 0.00170940265525, -0.0031052371487], [5.8421108406e-05, 0.000774054438807, 0.0001994704362, -0.000170232684468, -0.000102467682154, -0.0020524521824, 0.000659174460452, -0.00391981052235, 0.0120734674856, -0.00292037776671, -0.000631949340459, 0.00080490502296, -0.000646973727271], [-9.02802785276e-05, -9.34260315262e-05, 0.000199346410227, -0.000212242550333, 0.00012097437866, 0.00116694089957, -0.00228619528934, 0.00115179992281, -0.00292037776671, 0.010173403658, -0.00210940581746, 1.49958814291e-05, 0.00264744576998], [0.000336669880198, -0.000365627231076, 0.000484493502881, 0.00056340417359, 0.000226844582357, -0.00204335269518, 0.00172768649645, -0.00086040206952, -0.000631949340459, -0.00210940581746, 0.0137639697641, -0.00280679599382, -0.00109139236156], [-0.000113266491098, 0.000365454819985, -0.000697721319739, -0.00126123661175, -0.000877755635884, 0.00146124477033, -0.00045405011042, 0.00170940265525, 0.00080490502296, 1.49958814291e-05, -0.00280679599382, 0.0135217336938, -0.00476447539404], [-0.000212838800508, -0.000282229098957, 1.4107035895e-05, -0.000562432862353, 0.00118852010928, -0.000421093369368, 0.000557876424864, -0.0031052371487, -0.000646973727271, 0.00264744576998, -0.00109139236156, -0.00476447539404, 0.0158731788397]]
    },
    "spectral_contrast_coeffs": {
        "max": [-0.434417247772, -0.440651595592, -0.521675109863, -0.553681194782, -0.530007362366, -0.618882596493],
        "mean": [-0.667509317398, -0.750377357006, -0.743101239204, -0.76193600893, -0.745411098003, -0.769621133804],
        "min": [-0.97704321146, -0.965638577938, -0.978560686111, -0.958068668842, -0.958730280399, -0.960759818554],
        "stdev": [0.0743387266994, 0.0867537260056, 0.0703525692225, 0.0584430880845, 0.0674682036042, 0.0445069745183]
    },
    "spectral_contrast_valleys": {
        "max": [-5.72497463226, -5.188996315, -5.75398349762, -6.27182388306, -5.71582794189, -8.01077270508],
        "mean": [-7.61696624756, -6.99768209457, -7.65875959396, -7.91407823563, -7.76958990097, -10.5520648956],
        "min": [-26.7069015503, -27.3374290466, -27.3403949738, -27.3311328888, -27.2291221619, -27.2614212036],
        "stdev": [1.03363752365, 1.06745588779, 1.06584620476, 1.05912053585, 1.10877788067, 1.04910707474]
    }
},
"rhythm": {
    "beats_count": 67,
    "beats_loudness": {
        "max": 0.0528092496097,
        "mean": 0.019340261817,
        "min": 3.56008899871e-06,
        "stdev": 0.0114854741842
    },
    "bpm": 140.555007935,
    "bpm_histogram_first_peak_bpm": 140,
    "bpm_histogram_first_peak_weight": 0.327586233616,
    "bpm_histogram_second_peak_bpm": 133,
    "bpm_histogram_second_peak_spread": 0.199999988079,
    "bpm_histogram_second_peak_weight": 0.0606060624123,
    "danceability": 1.11324572563,
    "onset_rate": 3.515625,
    "beats_loudness_band_ratio": {
        "max": [0.483721315861, 0.915499746799, 0.953211069107, 0.717889904976, 0.605699360371, 0.417009562254],
        "mean": [0.124477952719, 0.28363391757, 0.216975852847, 0.186927571893, 0.169841915369, 0.0934363827109],
        "min": [0.000588134047575, 0.0197806637734, 0.0222814399749, 0.00587479444221, 0.00589021574706, 0.00230129482225],
        "stdev": [0.0979302600026, 0.193989142776, 0.156705841422, 0.161830157042, 0.12377217412, 0.0665559023619]
    },
