{
"metadata": {
    "version": {
        "essentia": "2.1-beta5",
        "essentia_git_sha": "Undefined",
        "extractor": "music 2.0"
    },
    "audio_properties": {
        "analysis": {
            "equal_loudness": 0,
            "length": 32.4963264465,
            "sample_rate": 44100,
            "start_time": 110.248344421,
            "downmix": "mix"
        },
        "bit_rate": 192000,
        "length": 258.182678223,
        "lossless": 0,
        "number_channels": 2,
        "replay_gain": 2.06045722961,
        "sample_rate": 44100,
        "codec": "mp3",
        "md5_encoded": "af65742f9d9484036735cd3aad79ea27"
    },
    "tags": {
        "file_name": "Spain_Bailemos Un Vals_José Vélez.mp3",
        "encoding": ["Lavf58.29.100"]
    }
},
"lowlevel": {
    "average_loudness": 0.925754308701,
    "barkbands_crest": {
        "max": 21.23828125,
        "mean": 8.07476711273,
        "min": 2.84326767921,
        "stdev": 3.22068214417
    },
    "barkbands_flatness_db": {
        "max": 0.259466975927,
        "mean": 0.144013494253,
        "min": 0.0625560134649,
        "stdev": 0.0288280956447
    },
    "barkbands_kurtosis": {
        "max": 10.436545372,
        "mean": 0.720732331276,
        "min": -1.75398361683,
        "stdev": 1.70361948013
    },
    "barkbands_skewness": {
        "max": 2.94246006012,
        "mean": 0.475525021553,
        "min": -1.41543674469,
        "stdev": 0.582332670689
    },
    "barkbands_spread": {
        "max": 53.0824813843,
        "mean": 17.6851730347,
        "min": 2.84171509743,
        "stdev": 8.12697696686
    },
    "dissonance": {
        "max": 0.499977529049,
        "mean": 0.462933242321,
        "min": 0.228431850672,
        "stdev": 0.0251490902156
    },
    "dynamic_complexity": 3.41276407242,
    "erbbands_crest": {
        "max": 29.1743392944,
        "mean": 10.051692009,
        "min": 3.49462270737,
        "stdev": 4.35004138947
    },
    "erbbands_flatness_db": {
        "max": 0.34960860014,
        "mean": 0.219453126192,
        "min": 0.117771118879,
        "stdev": 0.040508326143
    },
    "erbbands_kurtosis": {
        "max": 10.9229307175,
        "mean": 0.75010985136,
        "min": -1.59437930584,
        "stdev": 1.92608487606
    },
    "erbbands_skewness": {
        "max": 2.29681515694,
        "mean": 0.307866603136,
        "min": -2.04426717758,
        "stdev": 0.62570899725
    },
    "erbbands_spread": {
        "max": 65.4951858521,
        "mean": 22.9587783813,
        "min": 3.29623413086,
        "stdev": 10.7700490952
    },
    "hfc": {
        "max": 128.490036011,
        "mean": 21.7375335693,
        "min": 0.616467118263,
        "stdev": 19.4934024811
    },
    "loudness_ebu128": {
        "integrated": -26.8180217743,
        "loudness_range": 5.58921051025,
        "momentary": {
            "max": -22.5704212189,
            "mean": -27.767583847,
            "min": -34.7435379028,
            "stdev": 3.04043698311
        },
        "short_term": {
            "max": -24.9646148682,
            "mean": -27.2897224426,
            "min": -32.8745117188,
            "stdev": 2.11137890816
        }
    },
    "melbands_crest": {
        "max": 27.4651222229,
        "mean": 10.651137352,
        "min": 3.97479081154,
        "stdev": 4.00195550919
    },
    "melbands_flatness_db": {
        "max": 0.280122190714,
        "mean": 0.165440618992,
        "min": 0.069291099906,
        "stdev": 0.0287612080574
    },
    "melbands_kurtosis": {
        "max": 23.3647022247,
        "mean": 2.32477331161,
        "min": -1.58277094364,
        "stdev": 2.71171307564
    },
    "melbands_skewness": {
        "max": 3.9555580616,
        "mean": 0.926630079746,
        "min": -1.48416602612,
        "stdev": 0.877682864666
    },
    "melbands_spread": {
        "max": 85.064163208,
        "mean": 26.882226944,
        "min": 6.45665645599,
        "stdev": 10.900727272
    },
    "pitch_salience": {
        "max": 0.889588832855,
        "mean": 0.58719676733,
        "min": 0.313300043344,
        "stdev": 0.0773939937353
    },
    "silence_rate_20dB": {
        "max": 1,
        "mean": 1,
        "min": 1,
        "stdev": 0
    },
    "silence_rate_30dB": {
        "max": 1,
        "mean": 0.999286234379,
        "min": 0,
        "stdev": 0.0267073940486
    },
    "silence_rate_60dB": {
        "max": 1,
        "mean": 0.0306923631579,
        "min": 0,
        "stdev": 0.172483339906
    },
    "spectral_centroid": {
        "max": 2954.59204102,
        "mean": 1599.79528809,
        "min": 511.779327393,
        "stdev": 376.477172852
    },
    "spectral_complexity": {
        "max": 44,
        "mean": 20.1170597076,
        "min": 0,
        "stdev": 6.84335041046
    },
    "spectral_decrease": {
        "max": -1.26623045382e-10,
        "mean": -4.48483206128e-09,
        "min": -3.13559738174e-08,
        "stdev": 3.68026387143e-09
    },
    "spectral_energy": {
        "max": 0.129002630711,
        "mean": 0.0188984293491,
        "min": 0.00053843553178,
        "stdev": 0.0155777102336
    },
    "spectral_energyband_high": {
        "max": 0.0040539810434,
        "mean": 0.000296041165711,
        "min": 5.90133777223e-06,
        "stdev": 0.000375117291696
    },
    "spectral_energyband_low": {
        "max": 0.0174517147243,
        "mean": 0.000946876825765,
        "min": 7.55712790124e-06,
        "stdev": 0.00123353686649
    },
    "spectral_energyband_middle_high": {
        "max": 0.0715538039804,
        "mean": 0.0119142252952,
        "min": 0.000213278064621,
        "stdev": 0.0124499667436
    },
    "spectral_energyband_middle_low": {
        "max": 0.101428486407,
        "mean": 0.00618202332407,
        "min": 0.000135132140713,
        "stdev": 0.00679619424045
    },
    "spectral_entropy": {
        "max": 8.34672164917,
        "mean": 7.40098571777,
        "min": 6.62301683426,
        "stdev": 0.21111369133
    },
    "spectral_flux": {
        "max": 0.27518799901,
        "mean": 0.0798245817423,
        "min": 0.013882432133,
        "stdev": 0.0407654643059
    },
    "spectral_kurtosis": {
        "max": 20.4291305542,
        "mean": 5.21265649796,
        "min": -0.219213008881,
        "stdev": 2.59387946129
    },
    "spectral_rms": {
        "max": 0.0112185664475,
        "mean": 0.00396608235314,
        "min": 0.000724777870346,
        "stdev": 0.00164549495094
    },
    "spectral_rolloff": {
        "max": 5641.69921875,
        "mean": 1764.98425293,
        "min": 322.998046875,
        "stdev": 616.739746094
    },
    "spectral_skewness": {
        "max": 3.68251633644,
        "mean": 1.42576599121,
        "min": 0.427021026611,
        "stdev": 0.331641286612
    },
    "spectral_spread": {
        "max": 18501242,
        "mean": 2940684.25,
        "min": 1963922.875,
        "stdev": 801542.125
    },
    "spectral_strongpeak": {
        "max": 15.9248952866,
        "mean": 1.80976605415,
        "min": 0.0250522661954,
        "stdev": 1.76798605919
    },
    "zerocrossingrate": {
        "max": 0.1376953125,
        "mean": 0.0628872066736,
        "min": 0.0126953125,
        "stdev": 0.0143632702529
    },
    "barkbands": {
        "max": [0.000272128236247, 0.00446904357523, 0.0091980099678, 0.0271275695413, 0.0496437251568, 0.0107316691428, 0.0293143168092, 0.0424238070846, 0.0970160737634, 0.0454428009689, 0.027251245454, 0.0472881011665, 0.0514584928751, 0.0153771713376, 0.0243400875479, 0.0145127438009, 0.00938386842608, 0.00506244180724, 0.00680948514491, 0.00618671113625, 0.000977750401944, 0.000379752833396, 0.000548975309357, 0.00037084124051, 6.76198469591e-05, 1.38005525514e-05, 2.59133321379e-06],
        "mean": [1.72018517333e-05, 0.000339063437423, 0.000497936969623, 0.00023309077369, 0.00104300107341, 0.000949795823544, 0.000697104842402, 0.00114550907165, 0.00155908812303, 0.00194376136642, 0.00236278399825, 0.00210954202339, 0.00205425918102, 0.000860415049829, 0.000957749201916, 0.00045522878645, 0.000473017134937, 0.000314712175168, 0.000368309614714, 0.000382642669138, 5.21195324836e-05, 3.67160246242e-05, 2.58035779552e-05, 1.55211128003e-05, 3.64319930668e-06, 4.42586781446e-07, 4.35219682515e-09],
        "min": [5.15304288129e-09, 1.78246136784e-06, 8.4024992475e-07, 2.18502535176e-07, 1.23791767237e-06, 1.38216364576e-05, 3.4968302316e-06, 4.01471697842e-06, 9.99518215394e-06, 9.40104200708e-06, 6.02815316597e-06, 3.67845268556e-06, 3.34619380737e-06, 2.13933435589e-06, 8.603608876e-06, 6.91985042067e-06, 5.72389899389e-06, 4.53320353699e-06, 2.8262950309e-06, 1.56565738507e-06, 1.23676716157e-06, 7.78556568548e-07, 5.14633541115e-07, 3.82060136417e-07, 2.23709307079e-07, 5.12736271219e-08, 2.93311513966e-10],
        "stdev": [2.3241760573e-05, 0.000490238366183, 0.000720062816981, 0.000903985928744, 0.00189184502233, 0.00099460198544, 0.00151741539594, 0.00320979976095, 0.00402387185022, 0.00366713758558, 0.00393945584074, 0.00412028748542, 0.00514469388872, 0.00139111047611, 0.00210877461359, 0.000843659450766, 0.000741173746064, 0.000433644803707, 0.000568093615584, 0.000640493293758, 6.37141565676e-05, 4.27238519478e-05, 3.95251699956e-05, 2.55045397353e-05, 5.92454034631e-06, 6.40762834792e-07, 7.93155834344e-08]
    },
    "erbbands": {
        "max": [0.0908859595656, 1.12924408913, 8.28925895691, 51.5757675171, 178.388946533, 140.542251587, 83.8807830811, 122.681083679, 183.237030029, 767.196166992, 1112.12573242, 2923.23120117, 1155.58532715, 1685.95629883, 1276.11962891, 2351.3605957, 2361.13208008, 575.723205566, 1394.08251953, 883.354309082, 332.924407959, 410.623718262, 270.523620605, 189.150177002, 445.937225342, 312.393707275, 81.3719558716, 20.483341217, 11.8630208969, 20.0984859467, 15.8108062744, 11.7870550156, 2.8626806736, 1.25796747208, 0.251033395529, 0.0557545684278, 0.0272972118109, 0.00226855208166, 0.000377766526071, 0.000153861590661],
        "mean": [0.00441040610895, 0.0999073833227, 0.549805104733, 0.659196138382, 1.64944803715, 3.61611652374, 5.92119026184, 8.13918304443, 10.8819665909, 14.3089475632, 28.4722709656, 39.7472190857, 47.5914764404, 66.1319732666, 111.651077271, 93.0309295654, 98.9994735718, 54.016494751, 53.2058258057, 39.6251945496, 21.6873779297, 22.8034915924, 19.1833171844, 16.1556415558, 20.7719249725, 19.7138271332, 4.35713720322, 1.63398742676, 1.19049918652, 1.0843360424, 0.696117818356, 0.452069550753, 0.180066585541, 0.0594844184816, 0.0177754703909, 0.00340571743436, 0.000628247682471, 5.80276100663e-05, 1.32349832711e-05, 2.35693369177e-05],
        "min": [4.63185024273e-05, 0.000541871238966, 0.00162462284788, 0.00296586658806, 0.00486585684121, 0.00697962520644, 0.0922749936581, 0.175067976117, 0.140750303864, 0.164473071694, 0.0505870059133, 0.192831918597, 0.406697124243, 0.360349535942, 0.495397090912, 0.222305044532, 0.335210502148, 0.122685842216, 0.392265051603, 0.566123366356, 0.378155171871, 0.331495642662, 0.294513523579, 0.122281208634, 0.130520284176, 0.0984374806285, 0.065616555512, 0.0494063273072, 0.0292807687074, 0.0206546280533, 0.0193952452391, 0.00810393504798, 0.0068448712118, 0.00347427860834, 0.00132371694781, 0.000266255083261, 8.87136702659e-05, 6.94490654496e-06, 9.21316143376e-07, 1.11691622351e-06],
        "stdev": [0.00790402293205, 0.142628118396, 0.779828906059, 1.79720461369, 5.98338890076, 6.02838563919, 7.59556531906, 9.47050762177, 14.5740327835, 40.3484077454, 87.6152114868, 113.22933197, 82.6917953491, 123.533004761, 173.838180542, 180.018112183, 244.954269409, 77.0484085083, 112.006332397, 71.4194641113, 31.9496498108, 33.3095054626, 26.0527915955, 18.1602859497, 34.9686050415, 33.4189033508, 5.90905189514, 1.79538059235, 1.37442803383, 1.5022213459, 1.09185516834, 0.733824491501, 0.31243622303, 0.103410862386, 0.0252245292068, 0.00520213600248, 0.000855921301991, 8.48266645335e-05, 1.47421196743e-05, 1.93437936105e-05]
    },
    "gfcc": {
        "mean": [-27.8935642242, 111.082084656, -175.863235474, 21.7136859894, -65.5344161987, 7.29839658737, -32.8298187256, 1.14817810059, -23.3749065399, -6.84092092514, -3.93348431587, -5.98310661316, -4.85347318649],
        "cov": [[1308.69995117, -143.197677612, -395.114013672, -154.319107056, -66.7455978394, 135.718688965, 128.989425659, -14.6647253036, -80.8154220581, -75.9057846069, 145.54335022, -151.833847046, -3.40919017792], [-143.197677612, 321.00378418, 180.05871582, 66.7686080933, 105.36378479, -57.78125, 32.0626182556, -17.8228492737, -6.98642301559, -8.01227855682, -26.8849887848, 15.2036371231, -16.7427310944], [-395.114013672, 180.05871582, 470.600402832, 237.836669922, 12.2877235413, -17.2326011658, -95.7059173584, 39.4522438049, 40.6561088562, 16.6820983887, -112.007675171, 59.4769973755, -21.3742389679], [-154.319107056, 66.7686080933, 237.836669922, 273.737335205, 54.2617797852, -41.1903457642, -68.2521209717, 31.4683475494, 48.0515785217, -5.42414331436, -95.3074645996, 18.7389259338, -7.56683254242], [-66.7455978394, 105.36378479, 12.2877235413, 54.2617797852, 153.513656616, -10.6392831802, 21.9891204834, 2.26123070717, 8.15890789032, 0.232099786401, -14.0542593002, -7.26618289948, -3.70323371887], [135.718688965, -57.78125, -17.2326011658, -41.1903457642, -10.6392831802, 173.723098755, 92.021194458, -8.38457775116, -43.6972198486, 3.97518873215, 38.8633918762, -12.3451566696, -1.09799432755], [128.989425659, 32.0626182556, -95.7059173584, -68.2521209717, 21.9891204834, 92.021194458, 207.230941772, -8.95750999451, -66.8699417114, -9.44993877411, 68.4964599609, -12.5892972946, -5.02603054047], [-14.6647253036, -17.8228492737, 39.4522438049, 31.4683475494, 2.26123070717, -8.38457775116, -8.95750999451, 94.062210083, 64.4717559814, 17.7044849396, 0.416375786066, -6.71433019638, -1.45890796185], [-80.8154220581, -6.98642301559, 40.6561088562, 48.0515785217, 8.15890789032, -43.6972198486, -66.8699417114, 64.4717559814, 131.679916382, 43.3516616821, -18.509929657, 5.14708280563, 1.33752822876], [-75.9057846069, -8.01227855682, 16.6820983887, -5.42414331436, 0.232099786401, 3.97518873215, -9.44993877411, 17.7044849396, 43.3516616821, 65.9995727539, 21.2948265076, 13.8305492401, 5.88426494598], [145.54335022, -26.8849887848, -112.007675171, -95.3074645996, -14.0542593002, 38.8633918762, 68.4964599609, 0.416375786066, -18.509929657, 21.2948265076, 114.280052185, 1.72580194473, 8.14418697357], [-151.833847046, 15.2036371231, 59.4769973755, 18.7389259338, -7.26618289948, -12.3451566696, -12.5892972946, -6.71433019638, 5.14708280563, 13.8305492401, 1.72580194473, 79.4325408936, 22.9771518707], [-3.40919017792, -16.7427310944, -21.3742389679, -7.56683254242, -3.70323371887, -1.09799432755, -5.02603054047, -1.45890796185, 1.33752822876, 5.88426494598, 8.14418697357, 22.9771518707, 54.5927696228]],
        "icov": [[0.00195530452766, -0.00173206184991, 0.00264051742852, -0.00196785409935, 0.0020786782261, -0.00229157623835, 0.00137197237927, -0.001002971665, 0.000358334480552, 0.00176155287772, -0.00201624026522, 0.00233312509954, -0.000333440519171], [-0.00173206184991, 0.0137427132577, -0.0124167641625, 0.00693598156795, -0.00979560893029, 0.00975254364312, -0.0081001194194, 0.00832469388843, -0.00460674054921, 0.00275888573378, -0.00182267895434, 0.00207113428041, -0.00156944640912], [0.00264051742852, -0.0124167641625, 0.017640998587, -0.0107005378231, 0.0100035630167, -0.0108532104641, 0.00892800278962, -0.0101787932217, 0.00663688732311, -0.00403628963977, 0.00326447864063, -0.00457879481837, 0.00450336514041], [-0.00196785409935, 0.00693598156795, -0.0107005378231, 0.0128143811598, -0.00778867816553, 0.00618037115782, -0.00464274873957, 0.00397718790919, -0.00426621269435, 0.0022126045078, 0.00306665571406, 8.23451991891e-05, -0.00176036986522], [0.0020786782261, -0.00979560893029, 0.0100035630167, -0.00778867816553, 0.0151531007141, -0.00656470376998, 0.00387771916576, -0.00501911668107, 0.00251121283509, -0.00185147183947, 0.000830762321129, 0.000656061514746, 0.000819417764433], [-0.00229157623835, 0.00975254364312, -0.0108532104641, 0.00618037115782, -0.00656470376998, 0.0159953925759, -0.00943755172193, 0.00618551718071, -0.00175897707231, -0.00100106501486, -0.000870521122124, 0.00222823838703, -0.00202891835943], [0.00137197237927, -0.0081001194194, 0.00892800278962, -0.00464274873957, 0.00387771916576, -0.00943755172193, 0.0142563292757, -0.00785851944238, 0.00712950062007, -0.00107982521877, -0.0024150069803, -0.00195141136646, 0.00275251409039], [-0.001002971665, 0.00832469388843, -0.0101787932217, 0.00397718790919, -0.00501911668107, 0.00618551718071, -0.00785851944238, 0.0242524500936, -0.0144130466506, 0.00483852950856, -0.00462519144639, 0.00555406091735, -0.00305099436082], [0.000358334480552, -0.00460674054921, 0.00663688732311, -0.00426621269435, 0.00251121283509, -0.00175897707231, 0.00712950062007, -0.0144130466506, 0.0216781869531, -0.0123223233968, 0.00377302663401, -0.00254276953638, 0.00232728524134], [0.00176155287772, 0.00275888573378, -0.00403628963977, 0.0022126045078, -0.00185147183947, -0.00100106501486, -0.00107982521877, 0.00483852950856, -0.0123223233968, 0.0284846387804, -0.0101153310388, 0.00205011083744, -0.0025554955937], [-0.00201624026522, -0.00182267895434, 0.00326447864063, 0.00306665571406, 0.000830762321129, -0.000870521122124, -0.0024150069803, -0.00462519144639, 0.00377302663401, -0.0101153310388, 0.0210043042898, -0.00686990935355, 0.00146700791083], [0.00233312509954, 0.00207113428041, -0.00457879481837, 8.23451991891e-05, 0.000656061514746, 0.00222823838703, -0.00195141136646, 0.00555406091735, -0.00254276953638, 0.00205011083744, -0.00686990935355, 0.0234639309347, -0.00995169021189], [-0.000333440519171, -0.00156944640912, 0.00450336514041, -0.00176036986522, 0.000819417764433, -0.00202891835943, 0.00275251409039, -0.00305099436082, 0.00232728524134, -0.0025554955937, 0.00146700791083, -0.00995169021189, 0.0237091872841]]
    },
    "melbands": {
        "max": [0.0010685332818, 0.00291108409874, 0.0127169033512, 0.0128244608641, 0.00250875111669, 0.0025295286905, 0.00270117912441, 0.00734304916114, 0.00833596102893, 0.0182957947254, 0.00599165773019, 0.00701914867386, 0.00424856273457, 0.00399831216782, 0.00422408385202, 0.00690033938736, 0.00100958708208, 0.00197474868037, 0.00140574749094, 0.00129870523233, 0.000520308676641, 0.000447315338533, 0.000516680418514, 0.000131922482979, 0.000189933911315, 0.000251971185207, 0.000323556916555, 0.000213476392673, 7.55103610572e-05, 2.08992951229e-05, 1.21840730571e-05, 7.71247778175e-06, 1.10821429189e-05, 1.10529572339e-05, 1.05745275505e-05, 8.13115548226e-06, 6.01848159931e-06, 2.55016129813e-06, 1.84779321444e-06, 8.92923253559e-07],
        "mean": [6.5999396611e-05, 0.000229281242355, 0.000145342623, 0.000178818736458, 0.000214328072616, 0.000191359824385, 0.000158504160936, 0.000166784069734, 0.000246126204729, 0.000240080451476, 0.000235760919168, 0.000256481900578, 0.000366153806681, 0.000248468888458, 0.000235188519582, 0.000188657213585, 8.86726920726e-05, 8.3358194388e-05, 6.26981200185e-05, 4.28879684478e-05, 2.33554783335e-05, 2.36187552218e-05, 2.44936163654e-05, 1.35217524075e-05, 1.27284683913e-05, 1.34544216053e-05, 1.60142644745e-05, 1.23820364024e-05, 2.89046624857e-06, 1.21791936181e-06, 8.6547936462e-07, 6.91220350291e-07, 6.4870641836e-07, 5.60645162295e-07, 4.02936933597e-07, 3.39683737138e-07, 2.4920893793e-07, 1.34903928029e-07, 7.87382248291e-08, 3.9407161978e-08],
        "min": [7.32284092919e-07, 8.58354326283e-07, 5.33249249202e-07, 2.86067802335e-07, 2.30734059414e-07, 3.83299538953e-06, 1.12790428375e-06, 1.13412465907e-06, 2.41590612404e-07, 1.60963861617e-06, 1.70442285707e-06, 9.60942884376e-07, 1.38101961511e-06, 6.7205689902e-07, 2.03200940518e-07, 2.03044564273e-07, 2.05226513117e-07, 3.58249110377e-07, 5.75210378884e-07, 6.39359143406e-07, 3.87708723792e-07, 2.54455670756e-07, 1.46102024701e-07, 8.21146954877e-08, 7.33542293574e-08, 7.81786511084e-08, 5.94314535363e-08, 5.53478116672e-08, 2.93704065513e-08, 2.39957493875e-08, 2.00535659189e-08, 1.77651848787e-08, 1.07707336383e-08, 6.08878458763e-09, 1.21790870722e-08, 6.89028833989e-09, 3.68721697619e-09, 4.3062473587e-09, 2.85098367137e-09, 2.1648904891e-09],
        "stdev": [9.94994406938e-05, 0.000308681686874, 0.000428959960118, 0.000429092644481, 0.000268492090981, 0.000211733189644, 0.000227280645049, 0.000422350218287, 0.000729015737306, 0.000698229297996, 0.000429756240919, 0.000521533424035, 0.000593307137024, 0.000432693952462, 0.000452795735328, 0.000532437406946, 0.0001320012816, 0.000173062464455, 0.000133598441607, 8.18860135041e-05, 3.76224015781e-05, 3.56170348823e-05, 4.48924693046e-05, 1.67491834873e-05, 1.56129972311e-05, 2.41213838308e-05, 2.68799522019e-05, 2.2299696866e-05, 4.54900282421e-06, 1.64639573086e-06, 1.14649071747e-06, 8.16589590613e-07, 9.06846139515e-07, 8.36594722387e-07, 6.75501496517e-07, 5.51988932784e-07, 4.21341184165e-07, 2.45000592258e-07, 1.50200904159e-07, 6.81539518155e-08]
    },
    "melbands128": {
        "max": [0.000108758707938, 0.000462092808448, 0.00179280503653, 0.00203935662284, 0.00376434344798, 0.00443295994774, 0.00918348878622, 0.0149980671704, 0.0196495354176, 0.0161635335535, 0.00619508419186, 0.00455470662564, 0.00413651252165, 0.00250511593185, 0.00392074882984, 0.00260520353913, 0.00321372016333, 0.00419606314972, 0.00710372952744, 0.0152278319001, 0.00616257777438, 0.0144520569593, 0.0147705012932, 0.0115622198209, 0.0301638487726, 0.01880116947, 0.00604736478999, 0.0106742950156, 0.0068366243504, 0.0139924064279, 0.0111982114613, 0.00600119214505, 0.00848124362528, 0.00629931967705, 0.00828973855823, 0.00481586018577, 0.0146181499586, 0.00588144129142, 0.00917267799377, 0.0118112945929, 0.0108358059078, 0.00289361411706, 0.00152208202053, 0.0021876890678, 0.00366557203233, 0.00330754602328, 0.00638988288119, 0.00214363215491, 0.00147733569611, 0.00285443733446, 0.00143021089025, 0.000875045079738, 0.000513296399731, 0.00138382951263, 0.000722813943867, 0.000436333182734, 0.00051044835709, 0.00118172809016, 0.000820365268737, 0.000277418468613, 0.000234638093389, 0.000277667975752, 0.000286225840682, 0.000248279684456, 0.000306472502416, 0.000537772488315, 0.000704384234268, 0.000772487896029, 0.000285624264507, 0.000657023629174, 0.000478230183944, 0.000199279093067, 0.000169824430486, 4.82697032567e-05, 7.18029186828e-05, 2.84624729829e-05, 1.75313361979e-05, 1.72913805727e-05, 1.52285110744e-05, 2.55149661825e-05, 1.36102589749e-05, 9.85245151242e-06, 1.12716670628e-05, 1.58810162247e-05, 1.00963598015e-05, 1.55785255629e-05, 9.76548653853e-06, 1.32314426082e-05, 1.73548269231e-05, 9.10689595912e-06, 6.74927559885e-06, 6.26172413831e-06, 1.65347028087e-05, 7.91735328676e-06, 6.79680624671e-06, 3.85866178476e-06, 3.85449538953e-06, 2.36745995608e-06, 2.55729810306e-06, 1.66423569681e-06, 1.37567337788e-06, 8.23109871817e-07, 7.5846156733e-07, 6.84227131842e-07, 3.85308169371e-07, 2.95308410614e-07, 2.3392659898e-07, 1.98281313146e-07, 1.19673771337e-07, 8.14777152414e-08, 1.17321171444e-07, 1.46922971567e-07, 7.42617487504e-08, 6.01945373546e-08, 5.83377683938e-08, 1.70604081973e-08, 1.27787220805e-08, 1.22264882663e-08, 1.18338165933e-08, 1.14789369121e-08, 1.11996696361e-08, 1.08750359828e-08, 1.06785149612e-08, 1.04685344837e-08, 1.03333528401e-08, 1.01950101694e-08, 1.00850510165e-08, 1.0027781272e-08],
        "mean": [9.53910694079e-06, 2.19652483793e-05, 6.53286988381e-05, 0.000193001003936, 0.000299694482237, 0.000217128588702, 0.000119111689855, 0.000125915044919, 0.000183026189916, 0.000138976509334, 0.000198893569177, 0.000286152993795, 0.00020824407693, 0.000145240570419, 0.000154345267219, 0.000245439150603, 0.000246222160058, 0.000106061161205, 9.70821492956e-05, 0.000170974075445, 0.000189487356693, 0.000192766339751, 0.000290535361273, 0.000224849049118, 0.00031012610998, 0.000207700461033, 0.000167697377037, 0.000274705264019, 0.000234940787777, 0.000307595240884, 0.000225210518693, 0.000222059272346, 0.000460521056084, 0.000418901006924, 0.000218039975152, 0.000191167520825, 0.000313939148327, 0.000177635956788, 0.000249570672167, 0.000257567531662, 0.000160482552019, 0.000118093848869, 7.66274097259e-05, 9.19560552575e-05, 6.41073420411e-05, 7.525273395e-05, 0.000124483995023, 4.47217353212e-05, 4.38224269601e-05, 7.00145174051e-05, 3.77351134375e-05, 2.77062099485e-05, 1.44509976963e-05, 2.31405865634e-05, 3.86224237445e-05, 1.64599714481e-05, 1.66772424564e-05, 3.63744111382e-05, 2.24883169722e-05, 1.18220350487e-05, 1.44418772834e-05, 1.24217995108e-05, 1.49146344484e-05, 1.23920690385e-05, 9.82819346973e-06, 1.10353585114e-05, 1.89038455574e-05, 1.53751188918e-05, 1.43934712469e-05, 1.83156098501e-05, 1.49227826114e-05, 8.7831831479e-06, 3.50410118699e-06, 2.11940960071e-06, 1.39351504913e-06, 1.56277735641e-06, 9.48511171828e-07, 6.37895766431e-07, 8.67935966653e-07, 1.1587312656e-06, 6.77572813856e-07, 5.15738463491e-07, 5.92714911818e-07, 6.64095239244e-07, 6.97641723946e-07, 6.71219936521e-07, 4.90178933887e-07, 3.94917378799e-07, 4.10357870351e-07, 3.94014222138e-07, 3.62457740266e-07, 3.11234913397e-07, 3.30213794086e-07, 2.5431208428e-07, 2.1032738573e-07, 1.49654368897e-07, 1.24458807704e-07, 1.00946301984e-07, 8.62938449586e-08, 6.18212112613e-08, 5.00199739406e-08, 3.18925756915e-08, 3.32145013715e-08, 2.6433502498e-08, 1.92728943915e-08, 1.38248781312e-08, 9.13588937834e-09, 7.4474826306e-09, 4.7973727213e-09, 3.06574787778e-09, 2.4290067735e-09, 1.6972245831e-09, 2.71389088979e-09, 8.71516303569e-10, 5.84008230664e-10, 7.81302023078e-10, 3.37196104372e-11, 1.99960811798e-11, 1.94401543474e-11, 1.89478068652e-11, 1.85559935473e-11, 1.81563306056e-11, 1.78459573508e-11, 1.74818371584e-11, 1.72975574836e-11, 1.71631459045e-11, 1.698783475e-11, 1.68649365306e-11],
        "min": [2.91481228043e-10, 1.02459161155e-07, 1.24918926758e-07, 3.29255612996e-07, 2.89964020794e-07, 3.14581512839e-07, 2.69419508925e-08, 1.01751766124e-07, 2.58918475993e-07, 6.72159714554e-08, 7.70325243593e-08, 7.23877988662e-08, 1.8896260201e-07, 3.14825058467e-07, 1.5759442249e-06, 1.04441437543e-06, 5.32854244284e-07, 3.09142734523e-07, 1.43370385786e-07, 5.54402788566e-07, 6.25239692909e-07, 3.50309363739e-07, 6.2425343117e-08, 1.08030945967e-07, 8.28678068387e-08, 8.13721570125e-08, 2.76844843938e-07, 6.87863860094e-07, 3.95088477489e-07, 5.03717032529e-08, 7.75566846301e-08, 5.97851439466e-08, 4.09569167914e-07, 3.58864298278e-07, 1.52005611653e-07, 1.99705318948e-08, 7.16721393346e-09, 1.15620508723e-07, 7.59611253898e-08, 3.04099891935e-08, 7.02033489119e-08, 3.1158503333e-08, 1.42515304447e-07, 1.11339112152e-07, 7.5059361393e-08, 3.15008144014e-08, 1.01797702712e-07, 2.82002403651e-08, 5.08721917925e-08, 1.0885160151e-07, 1.87533117924e-07, 1.44993421713e-07, 2.91708222022e-08, 2.96578903658e-08, 1.27545845885e-07, 3.80248437182e-08, 7.71152173229e-08, 1.22480221521e-08, 6.27861282965e-08, 6.87345202977e-09, 3.60683323208e-08, 5.69501032999e-08, 1.48490348906e-08, 1.78874959289e-08, 1.35654190103e-08, 4.83461413125e-08, 5.81219552487e-08, 2.75447020748e-09, 9.7384322828e-10, 3.25930180622e-08, 3.24863798085e-08, 1.80695003404e-09, 2.20061266987e-08, 1.04581578952e-08, 7.9917867879e-09, 3.16832698966e-10, 9.53292822459e-09, 6.29795493534e-10, 7.57645413074e-09, 3.07755348983e-10, 1.78071934975e-09, 1.97316649131e-10, 2.88186641217e-10, 1.11955666959e-09, 7.91777532427e-10, 4.43092273983e-09, 1.94366966966e-09, 1.30330801706e-10, 1.89627646918e-10, 5.4899325086e-09, 1.02387737178e-10, 7.32811755721e-10, 2.32194907746e-09, 7.22990139979e-11, 6.87518444953e-11, 1.78269954354e-09, 3.18511397812e-11, 4.46526496334e-11, 7.75979627776e-11, 6.28228302713e-11, 1.82976231389e-10, 1.31129161349e-11, 1.16754786395e-10, 1.22303639438e-10, 7.29695470714e-11, 1.28504359931e-11, 9.09151660206e-12, 3.58051175514e-12, 2.37162893491e-12, 2.18903584495e-12, 2.10954300903e-12, 1.05191463179e-11, 1.35353317096e-11, 1.17056906702e-12, 1.65625076588e-12, 7.89300482612e-13, 8.11111486136e-13, 8.75652848842e-13, 8.65398193644e-13, 8.27401352727e-13, 8.40604062052e-13, 8.36027482052e-13, 6.29770920742e-13, 7.89353012207e-13, 7.40260663098e-13, 8.83080284245e-13, 8.24419634123e-13, 7.19176183449e-13],
        "stdev": [1.08057411126e-05, 4.18151939812e-05, 0.0001521272643, 0.000287610280793, 0.00045377315837, 0.000333189178491, 0.00033995512058, 0.00051390362205, 0.000685295031872, 0.00051166547928, 0.000330537295667, 0.000443382246885, 0.000330853101332, 0.000215923748328, 0.000269280746579, 0.000300129846437, 0.000335812626872, 0.000279891828541, 0.000351158872945, 0.000726536789443, 0.000441692158347, 0.000737177091651, 0.00120361382142, 0.000699372380041, 0.00115537829697, 0.000761315168347, 0.00035838354961, 0.000668986700475, 0.000618715654127, 0.000832497549709, 0.000581835745834, 0.00052575051086, 0.000956072472036, 0.000825822062325, 0.000583764340263, 0.000474574568216, 0.000949934765231, 0.000474549131468, 0.000713193323463, 0.000970982946455, 0.000639614358079, 0.000286040711217, 0.000159625938977, 0.000190330232726, 0.000200076538022, 0.000231363446801, 0.000415190472268, 0.000162216922035, 0.000117211071483, 0.000176240326255, 0.000100346231193, 6.75361661706e-05, 3.73976145056e-05, 6.04236374784e-05, 7.13078843546e-05, 3.64760635421e-05, 3.68041764887e-05, 8.31532743177e-05, 5.41306908417e-05, 2.22425442189e-05, 2.36823543673e-05, 2.26640240726e-05, 2.2470498152e-05, 1.96947603399e-05, 2.13051844185e-05, 2.64262689598e-05, 4.86695171276e-05, 3.89161032217e-05, 2.98866489175e-05, 4.11233231716e-05, 3.27912530338e-05, 1.70869570866e-05, 7.73920874053e-06, 3.74187175112e-06, 3.06838160213e-06, 2.4264465992e-06, 1.61303273671e-06, 1.31582009999e-06, 1.46580759974e-06, 1.93586720343e-06, 1.0679971183e-06, 8.26233133466e-07, 1.03347622371e-06, 1.15101875053e-06, 1.02210469777e-06, 1.12249244921e-06, 8.6322847892e-07, 7.93744959537e-07, 8.15436749235e-07, 6.62599461521e-07, 6.59310103401e-07, 5.48016714674e-07, 6.7885775934e-07, 4.61521381112e-07, 4.07838399497e-07, 3.11167809741e-07, 2.65179920689e-07, 1.99167132564e-07, 1.77404984925e-07, 1.33032415306e-07, 1.00058777264e-07, 6.21441103021e-08, 5.55045360784e-08, 4.8343778758e-08, 3.00666407327e-08, 2.20116316285e-08, 1.77859238448e-08, 1.44719338735e-08, 8.90741613802e-09, 5.8072231468e-09, 4.82177009431e-09, 4.608758708e-09, 2.53790854998e-09, 1.90986515491e-09, 1.74712677659e-09, 9.45779343731e-10, 3.90680043871e-10, 3.73629516215e-10, 3.61910723612e-10, 3.51008666577e-10, 3.42601086389e-10, 3.33249233764e-10, 3.2746375056e-10, 3.21121407243e-10, 3.16737747141e-10, 3.12875420017e-10, 3.09131109599e-10, 3.07252973064e-10]
    },
    "mfcc": {
        "mean": [-649.562194824, 132.163970947, -44.706363678, 10.1821918488, -12.4846487045, -0.213690966368, -0.900925934315, 2.98346734047, -11.7667865753, 2.44332313538, -7.90390014648, -1.71874046326, 1.41929793358],
        "cov": [[1603.21411133, -209.944244385, -369.466552734, -307.855041504, -166.981842041, -18.0907344818, 219.615386963, 43.7141418457, -178.112335205, 135.334915161, -29.8101539612, 2.67046618462, -43.6214332581], [-209.944244385, 337.864868164, 16.5896224976, 87.4440536499, 23.8477401733, 19.651058197, 37.6709022522, -5.55880212784, 10.1590299606, -35.2033195496, -1.80549407005, 7.01538801193, 12.2984485626], [-369.466552734, 16.5896224976, 436.41885376, 158.160003662, 88.1797561646, 30.6157417297, -95.2124786377, 11.4895133972, 95.7878341675, -67.1648864746, 11.7804660797, 15.1868419647, 23.7003803253], [-307.855041504, 87.4440536499, 158.160003662, 321.613433838, 137.259262085, -14.6457977295, -118.076919556, 10.3233137131, 91.5697097778, -24.6717243195, 1.34754598141, -35.8902778625, 12.3042211533], [-166.981842041, 23.8477401733, 88.1797561646, 137.259262085, 186.557159424, -16.4532737732, -110.49773407, -10.8710956573, 62.8412055969, 14.9424648285, 5.95763731003, -18.0892677307, 7.462495327], [-18.0907344818, 19.651058197, 30.6157417297, -14.6457977295, -16.4532737732, 128.953567505, 85.8858184814, 9.39676570892, 5.59160375595, -34.8915023804, 1.0651679039, 1.41267514229, -3.02045035362], [219.615386963, 37.6709022522, -95.2124786377, -118.076919556, -110.49773407, 85.8858184814, 262.605834961, 45.206943512, -64.4511413574, 4.63169050217, -7.03064537048, 15.7390327454, -3.56424045563], [43.7141418457, -5.55880212784, 11.4895133972, 10.3233137131, -10.8710956573, 9.39676570892, 45.206943512, 70.8061294556, 11.0276441574, 4.77228593826, 5.72088718414, 3.33168983459, 0.436494916677], [-178.112335205, 10.1590299606, 95.7878341675, 91.5697097778, 62.8412055969, 5.59160375595, -64.4511413574, 11.0276441574, 109.337776184, -0.984431564808, 7.80985975266, -1.55966424942, -0.598844647408], [135.334915161, -35.2033195496, -67.1648864746, -24.6717243195, 14.9424648285, -34.8915023804, 4.63169050217, 4.77228593826, -0.984431564808, 123.231338501, 21.3884124756, 7.02460098267, -1.24084877968], [-29.8101539612, -1.80549407005, 11.7804660797, 1.34754598141, 5.95763731003, 1.0651679039, -7.03064537048, 5.72088718414, 7.80985975266, 21.3884124756, 71.2216949463, 22.2616500854, -9.61684036255], [2.67046618462, 7.01538801193, 15.1868419647, -35.8902778625, -18.0892677307, 1.41267514229, 15.7390327454, 3.33168983459, -1.55966424942, 7.02460098267, 22.2616500854, 85.5350723267, 21.6126232147], [-43.6214332581, 12.2984485626, 23.7003803253, 12.3042211533, 7.462495327, -3.02045035362, -3.56424045563, 0.436494916677, -0.598844647408, -1.24084877968, -9.61684036255, 21.6126232147, 84.5808944702]],
        "icov": [[0.00109721615445, 0.000497651053593, 0.000370384543203, 0.000231864774833, 1.44702050875e-06, 1.66933987202e-05, -0.00033623672789, -0.00067278300412, 0.00103384896647, -0.000868365867063, 0.000686070648953, -0.000159861199791, 0.000459204777144], [0.000497651053593, 0.00397490803152, 0.000534298713319, -0.00147427013144, -0.000499190005939, 0.000584177207202, -0.00198453431949, 0.00120366585907, 0.000170089508174, 0.000895093311556, -1.97691588255e-05, -0.000907748646569, -3.7456593418e-05], [0.000370384543203, 0.000534298713319, 0.00381150306202, -0.000921654922422, -0.000439384311903, -0.00092316698283, 0.000545350310858, -0.000782308925409, -0.00129928824026, 0.00154387846123, -0.000284715613816, -0.00121755397413, -0.000495599990245], [0.000231864774833, -0.00147427013144, -0.000921654922422, 0.00671518221498, -0.00262107537128, 0.000447909696959, 0.001188963186, -0.00215224432759, -0.00184260739479, 0.000528569507878, -0.000283482193481, 0.00259114126675, -0.000775840482675], [1.44702050875e-06, -0.000499190005939, -0.000439384311903, -0.00262107537128, 0.0100398119539, -0.0016550286673, 0.00307339080609, 0.000555849110242, -0.00133275252301, -0.00283359340392, 0.000217490902287, 0.000857081962749, -0.0004858004977], [1.66933987202e-05, 0.000584177207202, -0.00092316698283, 0.000447909696959, -0.0016550286673, 0.0133027229458, -0.00677989749238, 0.00279540196061, -0.0034105151426, 0.00410472275689, -0.00195349543355, 0.000981148681603, 1.38044629239e-06], [-0.00033623672789, -0.00198453431949, 0.000545350310858, 0.001188963186, 0.00307339080609, -0.00677989749238, 0.0106471870095, -0.00612567458302, 0.00349570508115, -0.00233223591931, 0.00158453721087, -0.000558005704079, 6.96656425134e-05], [-0.00067278300412, 0.00120366585907, -0.000782308925409, -0.00215224432759, 0.000555849110242, 0.00279540196061, -0.00612567458302, 0.0195382516831, -0.00460048671812, 0.0007524882094, -0.00220402888954, 0.0001791575487, -0.000615786353592], [0.00103384896647, 0.000170089508174, -0.00129928824026, -0.00184260739479, -0.00133275252301, -0.0034105151426, 0.00349570508115, -0.00460048671812, 0.0168265737593, -0.00291122519411, 0.00134639581665, -0.0015726571437, 0.00193879520521], [-0.000868365867063, 0.000895093311556, 0.00154387846123, 0.000528569507878, -0.00283359340392, 0.00410472275689, -0.00233223591931, 0.0007524882094, -0.00291122519411, 0.0125514054671, -0.00430505536497, -4.97298897244e-05, -0.00110632902943], [0.000686070648953, -1.97691588255e-05, -0.000284715613816, -0.000283482193481, 0.000217490902287, -0.00195349543355, 0.00158453721087, -0.00220402888954, 0.00134639581665, -0.00430505536497, 0.0181254968047, -0.00553765147924, 0.00388917885721], [-0.000159861199791, -0.000907748646569, -0.00121755397413, 0.00259114126675, 0.000857081962749, 0.000981148681603, -0.000558005704079, 0.0001791575487, -0.0015726571437, -4.97298897244e-05, -0.00553765147924, 0.01595665887, -0.00477008381858], [0.000459204777144, -3.7456593418e-05, -0.000495599990245, -0.000775840482675, -0.0004858004977, 1.38044629239e-06, 6.96656425134e-05, -0.000615786353592, 0.00193879520521, -0.00110632902943, 0.00388917885721, -0.00477008381858, 0.0140246124938]]
    },
    "spectral_contrast_coeffs": {
        "max": [-0.476963430643, -0.495218902826, -0.517843067646, -0.520552814007, -0.560532569885, -0.588712513447],
        "mean": [-0.707406640053, -0.749553382397, -0.72129535675, -0.737938284874, -0.741454124451, -0.702212393284],
        "min": [-0.8845230937, -0.884399294853, -0.937010884285, -0.906856417656, -0.861510574818, -0.945475816727],
        "stdev": [0.0579012036324, 0.0618231147528, 0.0637279972434, 0.0574834793806, 0.0433987118304, 0.0391578264534]
    },
    "spectral_contrast_valleys": {
        "max": [-5.59234285355, -4.98206663132, -5.32878065109, -6.08685684204, -6.03634262085, -9.21951580048],
        "mean": [-7.41899633408, -6.70719909668, -7.06100320816, -7.51204824448, -7.68338394165, -11.6137428284],
        "min": [-9.33645820618, -8.7640171051, -9.48895454407, -9.13458347321, -9.4149017334, -13.3504276276],
        "stdev": [0.546216666698, 0.481855154037, 0.69904923439, 0.515552163124, 0.560663938522, 0.69905936718]
    }
},
"rhythm": {
    "beats_count": 56,
    "beats_loudness": {
        "max": 0.109349094331,
        "mean": 0.0235372241586,
        "min": 0.00290916790254,
        "stdev": 0.0197718404233
    },
    "bpm": 104.98034668,
    "bpm_histogram_first_peak_bpm": 105,
    "bpm_histogram_first_peak_weight": 0.511627912521,
    "bpm_histogram_second_peak_bpm": 99,
    "bpm_histogram_second_peak_spread": 0,
    "bpm_histogram_second_peak_weight": 0.0727272704244,
    "danceability": 1.09391129017,
    "onset_rate": 3.04540991783,
    "beats_loudness_band_ratio": {
        "max": [0.489929914474, 0.539894461632, 0.592382311821, 0.84691208601, 0.510812819004, 0.210648909211],
        "mean": [0.108541168272, 0.148889452219, 0.218369618058, 0.402415424585, 0.132625475526, 0.050167568028],
        "min": [0.000471180916065, 0.0106544932351, 0.0553592406213, 0.0295247882605, 0.0197572614998, 0.0118705984205],
        "stdev": [0.129017099738, 0.135883927345, 0.124452903867, 0.248486429453, 0.0975453928113, 0.0377365015447]
    },
    "beats_position": [0.568888902664, 1.16099774837, 1.74149656296, 2.32199549675, 2.90249419212, 3.48299312592, 4.05188179016, 4.57433080673, 5.0967798233, 5.630838871, 6.14167785645, 6.65251684189, 7.17496585846, 7.77868461609, 8.38240337372, 8.97451210022, 9.56662082672, 10.1703395844, 10.774058342, 11.3429479599, 11.9234466553, 12.5039453506, 13.084444046, 13.6533327103, 14.2222223282, 14.7911109924, 15.3599996567, 15.9404983521, 16.50938797, 17.0782756805, 17.6471652985, 18.2160549164, 18.784942627, 19.3538322449, 19.9227199554, 20.5032196045, 21.0837192535, 21.6526069641, 22.2331066132, 22.8019943237, 23.3824939728, 23.9629936218, 24.5434913635, 25.1123809814, 25.681268692, 26.2501583099, 26.8190479279, 27.3879356384, 27.9568252563, 28.5141029358, 29.0713825226, 29.6170520782, 30.1627197266, 30.7199993134, 31.2772789001, 31.8345565796],
