{
"metadata": {
    "version": {
        "essentia": "2.1-beta5",
        "essentia_git_sha": "Undefined",
        "extractor": "music 2.0"
    },
    "audio_properties": {
        "analysis": {
            "equal_loudness": 0,
            "length": 12.7477550507,
            "sample_rate": 44100,
            "start_time": 0,
            "downmix": "mix"
        },
        "bit_rate": 192000,
        "length": 208.329437256,
        "lossless": 0,
        "number_channels": 2,
        "replay_gain": 22.1493701935,
        "sample_rate": 44100,
        "codec": "mp3",
        "md5_encoded": "375f2e71b74e3e704e715874d0493c49"
    },
    "tags": {
        "file_name": "Belgium_L_amour ça Fait Chanter La Vie_Jean Vallée.mp3",
        "encoding": ["Lavf58.29.100"]
    }
},
"lowlevel": {
    "average_loudness": 0.000124234240502,
    "barkbands_crest": {
        "max": 17.5993309021,
        "mean": 6.77088165283,
        "min": 3.60279870033,
        "stdev": 1.32772791386
    },
    "barkbands_flatness_db": {
        "max": 0.242436498404,
        "mean": 0.0832329168916,
        "min": 0.0226568505168,
        "stdev": 0.0298359189183
    },
    "barkbands_kurtosis": {
        "max": 5.54676437378,
        "mean": 2.92484736443,
        "min": -1.67991960049,
        "stdev": 1.2652131319
    },
    "barkbands_skewness": {
        "max": 2.1810734272,
        "mean": -1.65714347363,
        "min": -2.26340007782,
        "stdev": 0.618647813797
    },
    "barkbands_spread": {
        "max": 71.7367630005,
        "mean": 25.6800422668,
        "min": 4.62460279465,
        "stdev": 5.23988437653
    },
    "dissonance": {
        "max": 0.499999940395,
        "mean": 0.492100775242,
        "min": 0.359186559916,
        "stdev": 0.0120704686269
    },
    "dynamic_complexity": 14.0339593887,
    "erbbands_crest": {
        "max": 21.6442604065,
        "mean": 4.35523748398,
        "min": 2.61033296585,
        "stdev": 2.82468509674
    },
    "erbbands_flatness_db": {
        "max": 0.3611933887,
        "mean": 0.115138761699,
        "min": 0.0687145441771,
        "stdev": 0.0496382638812
    },
    "erbbands_kurtosis": {
        "max": 19.4715518951,
        "mean": 0.441057622433,
        "min": -1.50564789772,
        "stdev": 1.64449346066
    },
    "erbbands_skewness": {
        "max": 1.40802562237,
        "mean": -0.658136069775,
        "min": -3.51194262505,
        "stdev": 0.361532241106
    },
    "erbbands_spread": {
        "max": 47.5499153137,
        "mean": 34.0318183899,
        "min": 4.90240907669,
        "stdev": 7.78605175018
    },
    "hfc": {
        "max": 2150.52929688,
        "mean": 26.1994380951,
        "min": 1.06940457307e-16,
        "stdev": 165.482315063
    },
    "loudness_ebu128": {
        "integrated": -33.3603096008,
        "loudness_range": 17.7412643433,
        "momentary": {
            "max": -28.4502162933,
            "mean": -268.7371521,
            "min": -300.691009521,
            "stdev": 83.8787078857
        },
        "short_term": {
            "max": -36.8218688965,
            "mean": -261.599487305,
            "min": -300.691009521,
            "stdev": 89.6139602661
        }
    },
    "melbands_crest": {
        "max": 22.4020709991,
        "mean": 3.18993663788,
        "min": 1.45634424686,
        "stdev": 2.6404030323
    },
    "melbands_flatness_db": {
        "max": 0.317780911922,
        "mean": 0.0299364477396,
        "min": 0.00151116249617,
        "stdev": 0.0680857822299
    },
    "melbands_kurtosis": {
        "max": 13.2245368958,
        "mean": -1.00559806824,
        "min": -1.82345509529,
        "stdev": 1.11520540714
    },
    "melbands_skewness": {
        "max": 3.48750567436,
        "mean": 0.0631522163749,
        "min": -0.955275416374,
        "stdev": 0.3796030581
    },
    "melbands_spread": {
        "max": 164.071304321,
        "mean": 121.370117188,
        "min": 8.77930831909,
        "stdev": 32.4751548767
    },
    "pitch_salience": {
        "max": 0.963198959827,
        "mean": 0.785256743431,
        "min": 0.51642125845,
        "stdev": 0.0340968035161
    },
    "silence_rate_20dB": {
        "max": 1,
        "mean": 0.980000019073,
        "min": 0,
        "stdev": 0.139999985695
    },
    "silence_rate_30dB": {
        "max": 1,
        "mean": 0.967272698879,
        "min": 0,
        "stdev": 0.177921876311
    },
    "silence_rate_60dB": {
        "max": 1,
        "mean": 0.901818156242,
        "min": 0,
        "stdev": 0.297560304403
    },
    "spectral_centroid": {
        "max": 12012.4365234,
        "mean": 9943.02929688,
        "min": 559.124633789,
        "stdev": 3069.62524414
    },
    "spectral_complexity": {
        "max": 66,
        "mean": 3.23818182945,
        "min": 0,
        "stdev": 10.3917627335
    },
    "spectral_decrease": {
        "max": 2.66810495961e-27,
        "mean": -6.83915546418e-09,
        "min": -4.38968385197e-07,
        "stdev": 4.4160472612e-08
    },
    "spectral_energy": {
        "max": 1.7530105114,
        "mean": 0.028188880533,
        "min": 9.74623941153e-21,
        "stdev": 0.179856300354
    },
    "spectral_energyband_high": {
        "max": 0.046677261591,
        "mean": 0.0001694841485,
        "min": 7.02596307089e-21,
        "stdev": 0.00219385977834
    },
    "spectral_energyband_low": {
        "max": 0.0513376258314,
        "mean": 0.000741622759961,
        "min": 8.55700537518e-24,
        "stdev": 0.00416736630723
    },
    "spectral_energyband_middle_high": {
        "max": 0.953235983849,
        "mean": 0.0092335306108,
        "min": 1.06081511085e-21,
        "stdev": 0.064494535327
    },
    "spectral_energyband_middle_low": {
        "max": 1.46132254601,
        "mean": 0.0182196237147,
        "min": 1.14590932213e-22,
        "stdev": 0.137719199061
    },
    "spectral_entropy": {
        "max": 9.83216285706,
        "mean": 9.5194272995,
        "min": 6.51667070389,
        "stdev": 0.795612514019
    },
    "spectral_flux": {
        "max": 1.10168838501,
        "mean": 0.0242338776588,
        "min": 6.37734587361e-11,
        "stdev": 0.104975119233
    },
    "spectral_kurtosis": {
        "max": 52.0819740295,
        "mean": 0.670515596867,
        "min": -1.27728950977,
        "stdev": 6.30133342743
    },
    "spectral_rms": {
        "max": 0.0413552187383,
        "mean": 0.00116534449626,
        "min": 3.08358980711e-12,
        "stdev": 0.00511305360124
    },
    "spectral_rolloff": {
        "max": 19961.2792969,
        "mean": 16892.7519531,
        "min": 645.99609375,
        "stdev": 5320.49023438
    },
    "spectral_skewness": {
        "max": 4.72886276245,
        "mean": 0.268474668264,
        "min": -0.11530572176,
        "stdev": 0.800043821335
    },
    "spectral_spread": {
        "max": 43248600,
        "mean": 36152860,
        "min": 917767.375,
        "stdev": 12213189
    },
    "spectral_strongpeak": {
        "max": 31.5564193726,
        "mean": 0.478905588388,
        "min": 0,
        "stdev": 2.75192379951
    },
    "zerocrossingrate": {
        "max": 0.53369140625,
        "mean": 0.44764649868,
        "min": 0,
        "stdev": 0.142977356911
    },
    "barkbands": {
        "max": [0.0108064338565, 0.0122440252453, 0.0426931865513, 0.0744279026985, 0.452596276999, 0.0872202068567, 0.164443418384, 0.514293432236, 0.890119016171, 0.0621010474861, 0.11039481312, 0.0821552798152, 0.217114955187, 0.462801367044, 0.292876899242, 0.238657534122, 0.0858123004436, 0.0864578485489, 0.032563675195, 0.0104252006859, 0.0140475770459, 0.0174233056605, 0.00428481539711, 0.00475256145, 0.00187726819422, 0.00105787836947, 0.000322741630953],
        "mean": [0.000113136185973, 0.000177406080184, 0.000320163584547, 0.000565745751373, 0.0056163133122, 0.00101682159584, 0.00114642095286, 0.00328098167665, 0.00645308895037, 0.000496137596201, 0.0005869041197, 0.0004495169851, 0.000987005070783, 0.00170819333289, 0.00176594185177, 0.00192893133499, 0.000570689735468, 0.000591806194279, 0.000212929589907, 5.55374899704e-05, 5.50179793208e-05, 5.17320731888e-05, 1.54403915076e-05, 1.25245624076e-05, 5.34609716851e-06, 3.28459350385e-06, 1.6145314703e-06],
        "min": [2.10366523671e-25, 2.59649740978e-24, 4.46886547364e-25, 6.79926511173e-25, 3.43216498238e-24, 2.68746155241e-24, 4.58380250753e-24, 5.25916881103e-24, 8.87624712833e-24, 1.25434098301e-23, 1.0548430299e-23, 2.11506293573e-23, 2.43893672235e-23, 2.66645809136e-23, 3.42952450716e-23, 4.64035689246e-23, 4.34718525673e-23, 8.45300810655e-23, 1.09929862357e-22, 1.44813758592e-22, 1.86319757161e-22, 2.68783388687e-22, 3.38413124186e-22, 5.22836762654e-22, 7.48512727268e-22, 1.17936952006e-21, 1.83380913288e-21],
        "stdev": [0.000743940647226, 0.000972903100774, 0.00246598990634, 0.00479080341756, 0.0416380092502, 0.0063846334815, 0.0102224024013, 0.030395148322, 0.0640563666821, 0.00375007255934, 0.00562220718712, 0.00387262483127, 0.0100467829034, 0.0207141041756, 0.0164229720831, 0.0160453692079, 0.00467782327905, 0.00596311315894, 0.00198988104239, 0.000544720620383, 0.000708337523974, 0.000778567104135, 0.00020294119895, 0.000207778881304, 8.25853276183e-05, 4.61429699499e-05, 1.61633906828e-05]
    },
    "erbbands": {
        "max": [0.491614222527, 3.30473589897, 45.2247276306, 133.922180176, 1340.91772461, 1576.7578125, 500.553436279, 1009.75415039, 2136.67651367, 6030.06787109, 9206.84375, 22261.1953125, 3880.77050781, 3134.34570312, 2770.70678711, 4461.43261719, 8336.68164062, 17115.9882812, 20667.6074219, 15787.2060547, 13361.9824219, 3853.21875, 4138.70166016, 3482.4362793, 777.562866211, 532.106079102, 330.537353516, 922.259277344, 711.096984863, 216.945892334, 111.60848999, 75.7815246582, 84.7469558716, 24.7129554749, 14.0114078522, 6.30409383774, 1.51604998112, 0.408199369907, 0.0524730347097, 0.00497097987682],
        "mean": [0.00613491097465, 0.0429922677577, 0.331054091454, 1.32580018044, 14.621465683, 17.1169261932, 6.6570520401, 8.52434253693, 17.3956184387, 47.6796607971, 84.7095489502, 142.045700073, 25.9023761749, 22.2698841095, 18.93450737, 20.1864852905, 39.9550247192, 74.9199295044, 102.14050293, 89.1603317261, 102.234466553, 31.3842754364, 28.9678649902, 22.6123695374, 6.2655620575, 2.80362868309, 1.94110178947, 2.61028766632, 2.05729031563, 0.840092360973, 0.381187289953, 0.236856460571, 0.209853976965, 0.0718988776207, 0.0366790853441, 0.0182971712202, 0.00489912834018, 0.00182461284567, 0.000210126323509, 4.98259541928e-05],
        "min": [7.51262342974e-23, 3.34757075746e-22, 1.30827065415e-21, 3.0577044363e-21, 5.5458776533e-21, 1.48886144846e-20, 2.43722256673e-20, 2.85971136538e-20, 3.22000280587e-20, 9.99102218807e-20, 1.5725774902e-19, 2.58524831449e-19, 4.07575514151e-19, 5.30450557508e-19, 5.59781089559e-19, 1.17193243126e-18, 1.26698241128e-18, 1.75522618143e-18, 1.83644828655e-18, 2.2736039345e-18, 3.1770009687e-18, 3.65033894421e-18, 4.43987043118e-18, 5.24369890786e-18, 5.88857718521e-18, 7.14849237214e-18, 8.57316291193e-18, 7.97934897534e-18, 9.24006404592e-18, 9.09568297872e-18, 1.00913867518e-17, 9.13409476482e-18, 9.22912623668e-18, 7.44199590581e-18, 5.95889456832e-18, 3.36479971227e-18, 2.19217172551e-18, 9.38794263954e-19, 2.16609987148e-19, 2.49768333027e-20],
        "stdev": [0.0347744859755, 0.25686955452, 2.63572597504, 8.9127702713, 113.126724243, 129.475204468, 38.4428062439, 60.077835083, 145.041717529, 427.698547363, 738.87121582, 1445.04931641, 221.513549805, 190.072906494, 153.358016968, 199.986877441, 388.211578369, 813.765991211, 1058.62121582, 858.54876709, 861.745422363, 245.510757446, 288.405059814, 223.893951416, 52.8180732727, 28.0646381378, 19.2828769684, 41.281955719, 31.6905670166, 10.3626537323, 5.1961979866, 3.43096876144, 3.6843688488, 1.09868490696, 0.605771720409, 0.273671358824, 0.0662885680795, 0.0185354221612, 0.00246825860813, 0.000347466324456]
    },
    "gfcc": {
        "mean": [-1122.99572754, 12.643655777, -17.2128067017, -0.597262024879, -2.70027184486, -0.236471667886, -4.24724912643, -0.743383765221, -1.77300477028, 0.173321262002, -3.28725981712, 0.0633162334561, -1.79580760002],
        "cov": [[158977.640625, 14726.3623047, -18985.3730469, -624.363647461, -2947.29003906, -465.427520752, -4735.66894531, -895.678222656, -1885.89282227, 161.927474976, -3633.68676758, -2.17660117149, -1966.25415039], [14726.3623047, 1601.72473145, -1755.46154785, -125.049575806, -248.879302979, -76.0220184326, -427.500579834, -90.4043197632, -158.149307251, 1.56656229496, -350.105285645, -18.2665710449, -183.077575684], [-18985.3730469, -1755.46154785, 2329.57788086, 95.4963684082, 338.082061768, 49.937915802, 560.924438477, 98.3364944458, 217.402191162, -28.5384941101, 439.620513916, 1.46572327614, 242.577102661], [-624.363647461, -125.049575806, 95.4963684082, 77.3947372437, 32.5071754456, -1.49640715122, -0.128934711218, -0.22743614018, -2.39641928673, 4.61893415451, 24.2507343292, 16.4295654297, 14.5041341782], [-2947.29003906, -248.879302979, 338.082061768, 32.5071754456, 94.0096893311, 1.34278082848, 76.0788803101, 13.4580020905, 36.4216461182, -0.912514150143, 65.7116241455, 7.49506759644, 37.4102516174], [-465.427520752, -76.0220184326, 49.937915802, -1.49640715122, 1.34278082848, 38.7112083435, 31.4843044281, 3.64015126228, -5.36570549011, 3.48510408401, 4.55867242813, 7.76388263702, -0.330263108015], [-4735.66894531, -427.500579834, 560.924438477, -0.128934711218, 76.0788803101, 31.4843044281, 172.432189941, 32.3834533691, 51.0655174255, -5.80098581314, 104.13192749, -0.597251057625, 50.2858734131], [-895.678222656, -90.4043197632, 98.3364944458, -0.22743614018, 13.4580020905, 3.64015126228, 32.3834533691, 14.2330493927, 11.9988260269, -5.3685259819, 18.5068225861, -3.2308716774, 8.29045009613], [-1885.89282227, -158.149307251, 217.402191162, -2.39641928673, 36.4216461182, -5.36570549011, 51.0655174255, 11.9988260269, 36.7470245361, 1.74968087673, 43.9095840454, -7.42472362518, 24.3678855896], [161.927474976, 1.56656229496, -28.5384941101, 4.61893415451, -0.912514150143, 3.48510408401, -5.80098581314, -5.3685259819, 1.74968087673, 17.4309768677, 0.863044679165, 3.05098176003, -2.11519479752], [-3633.68676758, -350.105285645, 439.620513916, 24.2507343292, 65.7116241455, 4.55867242813, 104.13192749, 18.5068225861, 43.9095840454, 0.863044679165, 91.8224487305, 2.25214242935, 46.6243553162], [-2.17660117149, -18.2665710449, 1.46572327614, 16.4295654297, 7.49506759644, 7.76388263702, -0.597251057625, -3.2308716774, -7.42472362518, 3.05098176003, 2.25214242935, 13.5517606735, 0.0534647032619], [-1966.25415039, -183.077575684, 242.577102661, 14.5041341782, 37.4102516174, -0.330263108015, 50.2858734131, 8.29045009613, 24.3678855896, -2.11519479752, 46.6243553162, 0.0534647032619, 30.4141330719]],
        "icov": [[0.00220118556172, -0.0049572722055, 0.0105437813327, -0.0108985947445, 0.0139879044145, -0.00340129504912, 0.00487612001598, 0.00936857797205, 2.35000625253e-05, 0.00652554165572, 0.000597534177359, 0.000828789779916, 0.00522657250986], [-0.0049572722055, 0.0217293631285, -0.019949182868, 0.0297461673617, -0.0352583602071, 0.0252458229661, -0.0199797507375, 0.0072200037539, 0.00030008747126, -0.00912922248244, 0.0212681870908, -0.000835514685605, -0.00352844875306], [0.0105437813327, -0.019949182868, 0.0750489756465, -0.0598093420267, 0.0629363283515, -0.0254560150206, -0.00692006479949, 0.0899058803916, -0.0190602466464, 0.0742311477661, -0.0379219949245, 0.019331201911, -0.0207107141614], [-0.0108985947445, 0.0297461673617, -0.0598093420267, 0.093509234488, -0.0816027969122, 0.0322592630982, 0.00113523448817, -0.075280316174, 0.0410596802831, -0.0603254213929, 0.00666080415249, -0.0247470103204, -0.0209888573736], [0.0139879044145, -0.0352583602071, 0.0629363283515, -0.0816027969122, 0.124569028616, -0.020264884457, 0.025688085705, 0.0548047013581, -0.032843619585, 0.0446593649685, 0.0124989245087, -0.0264794528484, 0.0284711010754], [-0.00340129504912, 0.0252458229661, -0.0254560150206, 0.0322592630982, -0.020264884457, 0.107041232288, -0.0383393205702, -0.00368547672406, 0.0346570089459, -0.0559871532023, 0.102391891181, -0.0410678386688, 0.0216521844268], [0.00487612001598, -0.0199797507375, -0.00692006479949, 0.00113523448817, 0.025688085705, -0.0383393205702, 0.103532731533, -0.0785167142749, 0.0335447788239, -0.0294382013381, -0.017341574654, -0.00554476398975, 0.0655033960938], [0.00936857797205, 0.0072200037539, 0.0899058803916, -0.075280316174, 0.0548047013581, -0.00368547672406, -0.0785167142749, 0.366697311401, -0.100475743413, 0.176020875573, -0.0128954565153, 0.0558408908546, 0.042785089463], [2.35000625253e-05, 0.00030008747126, -0.0190602466464, 0.0410596802831, -0.032843619585, 0.0346570089459, 0.0335447788239, -0.100475743413, 0.196073964238, -0.103024423122, 0.00139376486186, 0.0589831471443, -0.018033599481], [0.00652554165572, -0.00912922248244, 0.0742311477661, -0.0603254213929, 0.0446593649685, -0.0559871532023, -0.0294382013381, 0.176020875573, -0.103024423122, 0.205213859677, -0.0990392714739, 0.0157168973237, -0.00260106730275], [0.000597534177359, 0.0212681870908, -0.0379219949245, 0.00666080415249, 0.0124989245087, 0.102391891181, -0.017341574654, -0.0128954565153, 0.00139376486186, -0.0990392714739, 0.288598835468, -0.0696557462215, 0.0335614718497], [0.000828789779916, -0.000835514685605, 0.019331201911, -0.0247470103204, -0.0264794528484, -0.0410678386688, -0.00554476398975, 0.0558408908546, 0.0589831471443, 0.0157168973237, -0.0696557462215, 0.192333742976, -0.00747967651114], [0.00522657250986, -0.00352844875306, -0.0207107141614, -0.0209888573736, 0.0284711010754, 0.0216521844268, 0.0655033960938, 0.042785089463, -0.018033599481, -0.00260106730275, 0.0335614718497, -0.00747967651114, 0.332810878754]]
    },
    "melbands": {
        "max": [0.00421665702015, 0.0152856847271, 0.0601800754666, 0.123864814639, 0.0209967344999, 0.0206188503653, 0.0348547138274, 0.0912904962897, 0.118950232863, 0.118970870972, 0.0174215342849, 0.0118225263432, 0.0130984010175, 0.00929841399193, 0.0196273587644, 0.0155288660899, 0.0365652740002, 0.039585582912, 0.022599408403, 0.0211448296905, 0.0186358075589, 0.00465186871588, 0.00191294122487, 0.0061811520718, 0.00242800684646, 0.000800179783255, 0.000379353819881, 0.0003270531015, 0.000150949650561, 0.000308285671053, 0.000619817583356, 0.000507462071255, 0.000131988708745, 0.000101971694676, 6.55851181364e-05, 3.77570868295e-05, 5.06677824887e-05, 6.45448744763e-05, 4.02137411584e-05, 1.52014308696e-05],
        "mean": [5.73833640374e-05, 0.000129598629428, 0.000556679908186, 0.0014294362627, 0.000259255757555, 0.000202606999665, 0.000246820272878, 0.000629466085229, 0.000919979065657, 0.000791007943917, 0.000105062979856, 8.80226871232e-05, 7.3566006904e-05, 4.9513670092e-05, 7.10555541446e-05, 9.69728862401e-05, 0.000145143130794, 0.000169265666045, 0.000130841901409, 0.000114128779387, 0.000122790850583, 3.4669865272e-05, 1.49858014993e-05, 3.42591119988e-05, 1.68470032804e-05, 5.79121388e-06, 2.54539327216e-06, 1.61975560786e-06, 1.11583449325e-06, 1.35561742809e-06, 1.57776457854e-06, 1.3639782992e-06, 6.02316902132e-07, 3.90694594898e-07, 2.22757776669e-07, 1.45992160583e-07, 1.43944504316e-07, 1.51960009021e-07, 1.12652273287e-07, 4.47981527429e-08],
        "min": [9.89933858568e-25, 8.36938723343e-25, 8.86026382031e-25, 9.36098243306e-25, 1.18076848205e-24, 5.87986547607e-25, 5.90274194928e-25, 1.01143968596e-24, 1.08636806132e-24, 1.34745094563e-24, 1.6187320265e-24, 2.13137890639e-24, 1.50326221567e-24, 2.43575299806e-24, 2.19196579049e-24, 2.60120848711e-24, 2.73188862087e-24, 2.27073907391e-24, 2.21816425559e-24, 3.0808154071e-24, 2.60584481986e-24, 2.84704219708e-24, 3.08100729751e-24, 3.65407116059e-24, 2.70034088998e-24, 3.59170657844e-24, 3.83312917544e-24, 3.79480946811e-24, 4.54485250034e-24, 4.81306481368e-24, 3.94689198987e-24, 3.93315949924e-24, 4.59523783521e-24, 4.13748472888e-24, 5.20649577952e-24, 4.7565776397e-24, 5.12369772777e-24, 5.41319705822e-24, 5.29303894842e-24, 5.8890075851e-24],
        "stdev": [0.000309397320962, 0.000929736124817, 0.00407690089196, 0.0110161844641, 0.00151553621981, 0.00138588028494, 0.00211835140362, 0.00577480858192, 0.00854871235788, 0.00789207220078, 0.000934058625717, 0.000740382005461, 0.000671285495628, 0.000436124246335, 0.000858392158989, 0.000831807905342, 0.00169598183129, 0.00189483445138, 0.00122839503456, 0.00113354530185, 0.00110176531598, 0.000276287988527, 0.000124530561152, 0.000369416171452, 0.000163946024259, 5.23491871718e-05, 2.37454987655e-05, 1.67839334608e-05, 9.71358258539e-06, 1.78462905751e-05, 2.69977590506e-05, 2.23315018957e-05, 6.99623797118e-06, 4.85742157252e-06, 3.05294042846e-06, 1.88295553016e-06, 2.24027280638e-06, 2.78715651802e-06, 1.79108326392e-06, 6.73441093113e-07]
    },
    "melbands128": {
        "max": [0.00585902296007, 0.00493335071951, 0.00326101575047, 0.00601268559694, 0.0238837972283, 0.0172649919987, 0.0126048633829, 0.0502148158848, 0.180333614349, 0.235825523734, 0.0635612010956, 0.0400973968208, 0.0166471116245, 0.0126772671938, 0.0188531838357, 0.0370448231697, 0.0569789633155, 0.041216917336, 0.0455737374723, 0.0834114998579, 0.209331721067, 0.0885994508862, 0.0579563453794, 0.349685966969, 0.227310314775, 0.0313466228545, 0.0374821163714, 0.015352495946, 0.00758821330965, 0.0122898817062, 0.0137781975791, 0.0314989574254, 0.0105379661545, 0.00434720795602, 0.0108955744654, 0.0101273320615, 0.00969140976667, 0.0150813274086, 0.0363946296275, 0.012332812883, 0.00989180058241, 0.0218409560621, 0.0310214851052, 0.0432753264904, 0.0611064881086, 0.0402909368277, 0.0252141132951, 0.0237867552787, 0.0189376324415, 0.0243735872209, 0.0184618160129, 0.0254668276757, 0.0243588425219, 0.0212050583214, 0.0114426016808, 0.00201623141766, 0.00197191582993, 0.00142089033034, 0.00187483069021, 0.00489856442437, 0.0115443319082, 0.00484244665131, 0.00327466404997, 0.00336261861958, 0.00206856685691, 0.000828151067253, 0.000838452891912, 0.000480487127788, 0.000432195869507, 0.000607021502219, 0.000343346153386, 0.000207032717299, 0.000182695992407, 0.000124307800434, 0.00026702703326, 0.000297199498164, 0.000547816220205, 0.000577283091843, 0.000537740415893, 0.000839671294671, 0.000483046344016, 0.000530805147719, 0.000178428410436, 8.58911444084e-05, 0.000104072241811, 0.000210679514566, 3.89198467019e-05, 3.97685871576e-05, 8.1804151705e-05, 8.99182850844e-05, 2.53209382208e-05, 2.89465097012e-05, 3.97962794523e-05, 4.67577774543e-05, 6.0732865677e-05, 6.60189180053e-05, 6.20729115326e-05, 6.92045869073e-05, 5.36457846465e-05, 1.30923390316e-05, 1.76388948603e-05, 1.11818708319e-05, 1.85040062206e-05, 2.28365006478e-05, 1.26433051264e-05, 1.28992833197e-05, 1.773679287e-05, 1.26387130877e-05, 9.87106704997e-06, 1.08888325485e-05, 5.91943171457e-06, 3.20364461004e-06, 4.22727543992e-06, 4.8214715207e-06, 4.43684848506e-06, 3.76715138373e-06, 2.74975741377e-06, 2.53817756857e-06, 1.93898517864e-06, 1.29357670176e-06, 1.64456525908e-06, 9.45798319663e-07, 1.19471064863e-06, 6.82806728491e-07, 6.43371606657e-07, 1.18354660117e-06, 7.45891895804e-07, 9.62049625741e-07],
        "mean": [6.15572207607e-05, 5.56238446734e-05, 5.29971366632e-05, 6.52638118481e-05, 0.000151651052875, 0.000149144179886, 0.000169596998603, 0.000340898986906, 0.00152122753207, 0.00236042961478, 0.000663869432174, 0.000212539045606, 0.000190096980077, 0.00024597637821, 0.000153715329361, 0.000197392946575, 0.000288905896014, 0.000281039567199, 0.000158629889484, 0.000410861917771, 0.00118756457232, 0.000481685303384, 0.000397558003897, 0.00209982902743, 0.00116634019651, 0.000189209007658, 0.000180678107427, 6.93105030223e-05, 7.28910599719e-05, 8.35225655464e-05, 7.5383373769e-05, 0.000139943775139, 6.16199322394e-05, 3.94323069486e-05, 6.26018372714e-05, 4.19359857915e-05, 4.79126465507e-05, 6.17918703938e-05, 0.000103070415207, 7.41907424526e-05, 9.19915328268e-05, 0.000135801878059, 0.000133478912176, 0.000147898637806, 0.000188830628758, 0.000182276198757, 0.000135551104904, 0.000149276398588, 0.000108639200334, 0.00011967561295, 0.00010797556024, 0.000116253104352, 0.000143934623338, 0.000134819871164, 5.67472416151e-05, 2.29946108448e-05, 1.54612116603e-05, 1.06218813016e-05, 1.39666180985e-05, 2.32736001635e-05, 4.7972509492e-05, 3.1389605283e-05, 1.86446231965e-05, 1.46200763993e-05, 9.65860635915e-06, 5.13400755153e-06, 3.9434125938e-06, 2.69292831945e-06, 2.14587453229e-06, 2.40846475208e-06, 1.60580646025e-06, 1.28825172396e-06, 1.18074979127e-06, 9.90754415398e-07, 1.21602693071e-06, 1.03957358988e-06, 1.72576142177e-06, 1.55247664679e-06, 1.35319339734e-06, 1.97764597942e-06, 1.29210479827e-06, 1.40856946018e-06, 7.99942881713e-07, 4.20987475991e-07, 4.69782918344e-07, 6.17614659859e-07, 2.48807651815e-07, 1.98282478436e-07, 2.48819929993e-07, 2.40662188844e-07, 1.24576772009e-07, 1.34255657258e-07, 1.37723830562e-07, 1.40920903391e-07, 1.53497907718e-07, 1.44263765378e-07, 1.47101957282e-07, 1.7068084901e-07, 1.45313151734e-07, 5.79587435823e-08, 5.03158830156e-08, 3.61958676365e-08, 4.59302249567e-08, 5.41777609442e-08, 3.60659626608e-08, 3.37965815334e-08, 4.44523280407e-08, 3.67577683846e-08, 3.24130446927e-08, 2.95524333893e-08, 1.84690289728e-08, 1.28180257519e-08, 1.391975335e-08, 1.37931168709e-08, 1.33907329669e-08, 1.75267445002e-08, 1.98918659322e-08, 8.02171307157e-09, 6.85123646704e-09, 4.8086210569e-09, 5.35921129696e-09, 3.87061538376e-09, 4.91847007567e-09, 4.06574729439e-09, 4.20233803311e-09, 4.93183982542e-09, 4.04969879853e-09, 4.05057454245e-09],
        "min": [1.2510162221e-26, 2.11924080225e-25, 1.59459295675e-25, 3.14009337374e-25, 1.55374130174e-25, 1.98037958926e-25, 9.00950952431e-26, 1.47983982606e-25, 3.26117982491e-25, 2.63756555781e-25, 2.28323906799e-25, 3.73854125233e-25, 1.78378633047e-25, 1.48541275858e-25, 4.87205918483e-25, 1.33872481281e-25, 4.21040505881e-25, 2.15309279585e-25, 2.55995964063e-25, 7.47709113284e-26, 6.45072960051e-25, 2.14234727772e-25, 2.38337756434e-25, 4.7339473897e-25, 5.59179763235e-25, 1.96448182334e-25, 2.95789855211e-25, 8.77589416042e-25, 4.91338612854e-25, 9.27946943573e-25, 7.21918661842e-25, 5.69207960277e-25, 1.06061283745e-24, 5.59270087808e-25, 6.67984833398e-25, 7.07646048003e-25, 9.36958496124e-25, 5.61570011778e-25, 8.21898646451e-25, 9.36045882664e-25, 1.44693389856e-24, 5.2629116602e-25, 5.9056641859e-25, 6.94081436826e-25, 6.44157240452e-25, 1.00747832232e-24, 7.50480455599e-25, 9.01764650129e-25, 9.07099716431e-25, 1.44154163984e-24, 1.06985513181e-24, 1.43355619811e-24, 1.35652846667e-24, 8.86982185626e-25, 1.52313095947e-24, 1.38712512713e-24, 1.70801126084e-24, 1.60846628372e-24, 1.46213791061e-24, 1.22578453378e-24, 1.34211883755e-24, 9.46108296548e-25, 1.79949427673e-24, 1.48351170241e-24, 1.26450734904e-24, 1.95357360266e-24, 1.41349753605e-24, 1.77600002682e-24, 1.57875935975e-24, 2.28982398579e-24, 2.38359055678e-24, 1.21717372257e-24, 1.94293403841e-24, 3.02308321339e-24, 1.85258501008e-24, 2.00051674298e-24, 1.58895203429e-24, 1.70138364594e-24, 2.07753717746e-24, 2.17546282036e-24, 2.34418498241e-24, 2.79978055417e-24, 1.79379732048e-24, 2.45007555666e-24, 1.94852114578e-24, 2.82643872795e-24, 3.15173439691e-24, 2.74363732354e-24, 3.49217323701e-24, 3.05532888897e-24, 2.77573844036e-24, 3.08061760023e-24, 2.73723650616e-24, 3.27763127257e-24, 3.65167460116e-24, 3.58958730362e-24, 3.70653908826e-24, 3.67082656622e-24, 3.20744020416e-24, 3.64069089635e-24, 3.15454905262e-24, 3.8027982625e-24, 4.10977322857e-24, 2.76425854204e-24, 4.13544512901e-24, 4.12321226295e-24, 3.38009897935e-24, 3.16810937436e-24, 4.05548460993e-24, 4.17083224593e-24, 3.94832890001e-24, 4.02881637817e-24, 4.31215036621e-24, 3.73254112699e-24, 3.96215644839e-24, 4.97452768047e-24, 4.61697331974e-24, 4.16370607094e-24, 4.13328680557e-24, 4.22271602209e-24, 5.23516890128e-24, 4.62896439992e-24, 5.11216694792e-24, 3.78839760667e-24, 4.96202502398e-24, 4.92346313635e-24, 5.54634257952e-24, 5.13203362096e-24],
        "stdev": [0.000387831038097, 0.000331005663611, 0.000302708154777, 0.000421217177063, 0.0013678757241, 0.00104240782093, 0.00100162823219, 0.0031449960079, 0.0124785257503, 0.0199026092887, 0.00509237451479, 0.00193070492242, 0.00123438390438, 0.00139370630495, 0.00111783330794, 0.00190606899559, 0.0028229476884, 0.00237632938661, 0.00200808118097, 0.00428687874228, 0.0119015667588, 0.00470684561878, 0.00360707659274, 0.0223424509168, 0.0129909189418, 0.00165891041979, 0.00199830625206, 0.000698476098478, 0.000529328302946, 0.000771629216615, 0.000750966428313, 0.00155156455003, 0.000555395788979, 0.000264722359134, 0.000561492634006, 0.000448719481938, 0.000448826816864, 0.00067458092235, 0.00156497315038, 0.000609491427895, 0.00067595829023, 0.0013928564731, 0.00154261360876, 0.00193322473206, 0.00268086767755, 0.00199468317442, 0.00133871100843, 0.00143458100501, 0.000986244529486, 0.00133437116165, 0.00115437048953, 0.00119899306446, 0.00138630124275, 0.00131273327861, 0.000558092317078, 0.000164866185514, 0.000121038443467, 8.40562861413e-05, 0.00012308449368, 0.000267208233709, 0.000591040181462, 0.000332847383106, 0.000188395861187, 0.00016752963711, 0.000103613943793, 4.74359731015e-05, 4.02151126764e-05, 2.47585157922e-05, 2.1542487957e-05, 3.05055873469e-05, 1.69197428477e-05, 1.15689917948e-05, 1.02873864307e-05, 8.28868542158e-06, 1.32173217935e-05, 1.37803126563e-05, 2.69047432084e-05, 2.57423052972e-05, 2.32921065617e-05, 3.61851634807e-05, 2.12306458707e-05, 2.3423885068e-05, 9.67438973021e-06, 4.56553698314e-06, 5.27804422745e-06, 9.27899327507e-06, 2.58360455518e-06, 2.28476983466e-06, 3.67708526028e-06, 3.92682659367e-06, 1.53601058628e-06, 1.63713798429e-06, 1.83535610176e-06, 2.10329471884e-06, 2.64717209575e-06, 2.82487235381e-06, 2.68831399808e-06, 3.01447607853e-06, 2.37612380261e-06, 7.0001505037e-07, 7.75286650878e-07, 5.09628819145e-07, 7.96498795808e-07, 9.79545461632e-07, 5.52300377876e-07, 5.5890012618e-07, 7.63645914503e-07, 5.46958688119e-07, 4.37395698327e-07, 4.68931091291e-07, 2.58397449215e-07, 1.45863779721e-07, 1.85778844752e-07, 2.08482774156e-07, 1.9341781865e-07, 1.72173216129e-07, 1.37036536785e-07, 1.14952364072e-07, 9.03641534933e-08, 6.1968698617e-08, 7.5749674977e-08, 4.69139820325e-08, 5.93944413652e-08, 4.32486473301e-08, 4.36577280993e-08, 5.99030371973e-08, 4.46485763916e-08, 4.8269292563e-08]
    },
    "mfcc": {
        "mean": [-1196.93334961, 18.9990024567, -6.65226888657, 1.15102672577, 1.11837756634, 1.42589473724, -1.61620235443, -0.234717741609, 0.452571481466, -0.104407317936, 0.0207134522498, -0.893155157566, -0.115011751652],
        "cov": [[39552.2148438, 10510.4306641, -3701.75732422, 708.768249512, 540.734924316, 676.775024414, -1002.23608398, -193.109405518, 207.576263428, -35.8117675781, 18.3518180847, -500.544219971, -97.341545105], [10510.4306641, 3083.94970703, -1053.94226074, 133.764694214, 136.09777832, 187.158355713, -268.287384033, -39.9177970886, 79.6708908081, -10.0862836838, 4.86166334152, -136.248962402, -18.5210056305], [-3701.75732422, -1053.94226074, 422.822235107, -64.9894180298, -66.4434051514, -71.377571106, 98.5196914673, 14.6206903458, -27.543340683, -6.95726537704, -12.9516324997, 54.3500213623, 4.42103099823], [708.768249512, 133.764694214, -64.9894180298, 66.7822952271, 42.8450737, 10.1635866165, -21.5796947479, -8.09973430634, -9.07002925873, -6.49191427231, -5.58904075623, -17.3121948242, 3.16602253914], [540.734924316, 136.09777832, -66.4434051514, 42.8450737, 52.672706604, 13.5790834427, -24.7737503052, -7.72370386124, -2.51208233833, -5.28208303452, -6.33746385574, -17.3111667633, 3.76868462563], [676.775024414, 187.158355713, -71.377571106, 10.1635866165, 13.5790834427, 43.5519180298, -2.98418235779, 0.914038360119, 7.14220571518, -5.43197584152, 2.53676795959, -7.14876699448, 2.42850208282], [-1002.23608398, -268.287384033, 98.5196914673, -21.5796947479, -24.7737503052, -2.98418235779, 46.5913772583, 17.3087978363, -3.1824760437, -3.0563762188, 0.379737943411, 15.8513917923, 2.63817667961], [-193.109405518, -39.9177970886, 14.6206903458, -8.09973430634, -7.72370386124, 0.914038360119, 17.3087978363, 21.865814209, 3.72424983978, -4.04136943817, 0.422057807446, 1.9027813673, -0.93760073185], [207.576263428, 79.6708908081, -27.543340683, -9.07002925873, -2.51208233833, 7.14220571518, -3.1824760437, 3.72424983978, 11.0345230103, 3.65241575241, 0.729554414749, -2.2622885704, -1.54946529865], [-35.8117675781, -10.0862836838, -6.95726537704, -6.49191427231, -5.28208303452, -5.43197584152, -3.0563762188, -4.04136943817, 3.65241575241, 11.5545291901, 4.89400577545, 0.510509192944, -0.977598011494], [18.3518180847, 4.86166334152, -12.9516324997, -5.58904075623, -6.33746385574, 2.53676795959, 0.379737943411, 0.422057807446, 0.729554414749, 4.89400577545, 10.3404045105, 2.35124015808, -1.55576860905], [-500.544219971, -136.248962402, 54.3500213623, -17.3121948242, -17.3111667633, -7.14876699448, 15.8513917923, 1.9027813673, -2.2622885704, 0.510509192944, 2.35124015808, 13.6026210785, 1.04885041714], [-97.341545105, -18.5210056305, 4.42103099823, 3.16602253914, 3.76868462563, 2.42850208282, 2.63817667961, -0.93760073185, -1.54946529865, -0.977598011494, -1.55576860905, 1.04885041714, 5.81197166443]],
        "icov": [[0.000928667315748, -0.00201725051738, 0.00115641509183, -0.0052123493515, 0.00495525961742, -0.00725810369477, 0.00830628164113, -0.00441881595179, 0.00744403619319, -0.0060944580473, 0.00753793725744, -0.00447989488021, 0.0102071436122], [-0.00201725051738, 0.00953997205943, 0.00911804940552, 0.0117731923237, -0.00169004732743, 0.0121146058664, -0.00806931313127, 0.0102857975289, -0.0219804905355, 0.026951700449, -0.00352973304689, 0.00949453469366, -0.0193628780544], [0.00115641509183, 0.00911804940552, 0.0451152659953, 0.00136277324054, 0.0190549343824, 0.000344718719134, 0.00230275955983, 0.00800645258278, 0.0126802353188, 0.0257862433791, 0.0619900524616, -0.0360511019826, 0.0319281071424], [-0.0052123493515, 0.0117731923237, 0.00136277324054, 0.0757817700505, -0.0509255863726, 0.0389282777905, -0.0530300587416, 0.0221491530538, 0.013042206876, 0.0259136036038, -0.0239004865289, 0.0409376993775, -0.0536484457552], [0.00495525961742, -0.00169004732743, 0.0190549343824, -0.0509255863726, 0.102764196694, -0.0594333410263, 0.0888413116336, -0.0295746214688, 0.0264283660799, -0.00539950886741, 0.0645398721099, 0.0161771569401, 0.0244483631104], [-0.00725810369477, 0.0121146058664, 0.000344718719134, 0.0389282777905, -0.0594333410263, 0.139738187194, -0.136360809207, 0.0924480035901, -0.130668863654, 0.125089466572, -0.116885401309, 0.0477821938694, -0.101170584559], [0.00830628164113, -0.00806931313127, 0.00230275955983, -0.0530300587416, 0.0888413116336, -0.136360809207, 0.233064487576, -0.138180747628, 0.105059251189, -0.0906106457114, 0.108514040709, -0.0656659379601, 0.0654895827174], [-0.00441881595179, 0.0102857975289, 0.00800645258278, 0.0221491530538, -0.0295746214688, 0.0924480035901, -0.138180747628, 0.169926479459, -0.150022700429, 0.148569956422, -0.101167738438, 0.0752072036266, -0.044360999018], [0.00744403619319, -0.0219804905355, 0.0126802353188, 0.013042206876, 0.0264283660799, -0.130668863654, 0.105059251189, -0.150022700429, 0.393689453602, -0.249473139644, 0.201168164611, -0.0872110947967, 0.136034891009], [-0.0060944580473, 0.026951700449, 0.0257862433791, 0.0259136036038, -0.00539950886741, 0.125089466572, -0.0906106457114, 0.148569956422, -0.249473139644, 0.346328169107, -0.178571090102, 0.104061089456, -0.108421221375], [0.00753793725744, -0.00352973304689, 0.0619900524616, -0.0239004865289, 0.0645398721099, -0.116885401309, 0.108514040709, -0.101167738438, 0.201168164611, -0.178571090102, 0.350433945656, -0.161100804806, 0.168751478195], [-0.00447989488021, 0.00949453469366, -0.0360511019826, 0.0409376993775, 0.0161771569401, 0.0477821938694, -0.0656659379601, 0.0752072036266, -0.0872110947967, 0.104061089456, -0.161100804806, 0.331604599953, -0.136881455779], [0.0102071436122, -0.0193628780544, 0.0319281071424, -0.0536484457552, 0.0244483631104, -0.101170584559, 0.0654895827174, -0.044360999018, 0.136034891009, -0.108421221375, 0.168751478195, -0.136881455779, 0.363687336445]]
    },
    "spectral_contrast_coeffs": {
        "max": [-0.378771811724, -0.406762778759, -0.548031806946, -0.499651491642, -0.49412125349, -0.649414658546],
        "mean": [-0.930062770844, -0.94045740366, -0.94274699688, -0.940431594849, -0.937430977821, -0.935151815414],
        "min": [-0.988688707352, -0.983189880848, -0.977915346622, -0.972794353962, -0.97446590662, -0.96607863903],
        "stdev": [0.102655231953, 0.0783378258348, 0.0562083907425, 0.0668155699968, 0.0691457241774, 0.070536352694]
    },
    "spectral_contrast_valleys": {
        "max": [-4.19183826447, -3.96014857292, -4.35432195663, -3.89554166794, -4.92528152466, -7.469373703],
        "mean": [-24.8863868713, -24.8233757019, -24.8893280029, -24.8307418823, -25.0071735382, -25.433801651],
        "min": [-28.3942241669, -28.3693580627, -28.0132694244, -27.742351532, -27.533782959, -27.5123062134],
        "stdev": [6.40817594528, 6.63675928116, 6.56500291824, 6.63671255112, 6.20245599747, 5.04497861862]
    }
},
"rhythm": {
    "beats_count": 22,
    "beats_loudness": {
        "max": 1.05818319321,
        "mean": 0.0507299937308,
        "min": 0,
        "stdev": 0.220087572932
    },
    "bpm": 98.8576812744,
    "bpm_histogram_first_peak_bpm": 99,
    "bpm_histogram_first_peak_weight": 0.384615421295,
    "bpm_histogram_second_peak_bpm": 117,
    "bpm_histogram_second_peak_spread": 0.142857134342,
    "bpm_histogram_second_peak_weight": 0.285714298487,
    "danceability": 2.01091170311,
    "onset_rate": 0.391869038343,
    "beats_loudness_band_ratio": {
        "max": [0.200215682387, 0.158012703061, 0.521612048149, 0.346181511879, 0.705682039261, 0.0236930623651],
        "mean": [0.0113122556359, 0.00914055574685, 0.0324864014983, 0.0294967368245, 0.0558372475207, 0.00174809026066],
        "min": [0, 0, 0, 0, 0, 0],
        "stdev": [0.0420613214374, 0.033124551177, 0.110539421439, 0.0903828293085, 0.164051443338, 0.00561556546018]
    },
    "beats_position": [0.615328788757, 1.24226760864, 1.86920630932, 2.49614500999, 3.09986400604, 3.70358276367, 4.3073015213, 4.88780021667, 5.46829938889, 6.07201814651, 6.67573690414, 7.27945566177, 7.89478445053, 8.51011276245, 9.02095222473, 9.53179073334, 10.0426301956, 10.5534696579, 11.0643081665, 11.5751476288, 12.0743761063, 12.5619955063],
    "bpm_histogram": [0, 0, 0, 0, 0, 0, 0, 0, 0, 0, 0, 0, 0, 0, 0, 0, 0, 0, 0, 0, 0, 0, 0, 0, 0, 0, 0, 0, 0, 0, 0, 0, 0, 0, 0, 0, 0, 0, 0, 0, 0, 0, 0, 0, 0, 0, 0, 0, 0, 0, 0, 0, 0, 0, 0, 0, 0, 0, 0, 0, 0, 0, 0, 0, 0, 0, 0, 0, 0, 0, 0, 0, 0, 0, 0, 0, 0, 0, 0, 0, 0, 0, 0, 0, 0, 0, 0, 0, 0, 0, 0, 0, 0, 0, 0, 0, 0.142857149243, 0, 0.095238097012, 0.285714298487, 0, 0, 0, 0.095238097012, 0, 0, 0, 0, 0, 0, 0, 0, 0, 0, 0, 0, 0, 0.285714298487, 0, 0, 0.047619048506, 0, 0, 0.047619048506, 0, 0, 0, 0, 0, 0, 0, 0, 0, 0, 0, 0, 0, 0, 0, 0, 0, 0, 0, 0, 0, 0, 0, 0, 0, 0, 0, 0, 0, 0, 0, 0, 0, 0, 0, 0, 0, 0, 0, 0, 0, 0, 0, 0, 0, 0, 0, 0, 0, 0, 0, 0, 0, 0, 0, 0, 0, 0, 0, 0, 0, 0, 0, 0, 0, 0, 0, 0, 0, 0, 0, 0, 0, 0, 0, 0, 0, 0, 0, 0, 0, 0, 0, 0, 0, 0, 0, 0, 0, 0, 0, 0, 0, 0, 0, 0, 0, 0, 0, 0, 0, 0, 0, 0, 0, 0, 0, 0, 0, 0, 0, 0, 0, 0, 0, 0, 0, 0, 0, 0, 0, 0, 0, 0, 0, 0]
},
"tonal": {
    "chords_changes_rate": 0.0471014492214,
    "chords_number_rate": 0.0253623183817,
    "chords_strength": {
        "max": 0.469576925039,
        "mean": -0.74929857254,
        "min": -1,
        "stdev": 0.520595550537
    },
    "hpcp_crest": {
        "max": 33.845954895,
        "mean": 1.29549336433,
        "min": 0,
        "stdev": 4.35645914078
    },
