{
"metadata": {
    "version": {
        "essentia": "2.1-beta5",
        "essentia_git_sha": "Undefined",
        "extractor": "music 2.0"
    },
    "audio_properties": {
        "analysis": {
            "equal_loudness": 0,
            "length": 35.9909286499,
            "sample_rate": 44100,
            "start_time": 110.248344421,
            "downmix": "mix"
        },
        "bit_rate": 192000,
        "length": 175.984039307,
        "lossless": 0,
        "number_channels": 2,
        "replay_gain": -2.590883255,
        "sample_rate": 44100,
        "codec": "mp3",
        "md5_encoded": "4fc615b76416d3fac330d18f786f571b"
    },
    "tags": {
        "file_name": "Austria_Mrs. Caroline Robinson_Springtime.mp3",
        "encoding": ["Lavf58.29.100"]
    }
},
"lowlevel": {
    "average_loudness": 0.981773674488,
    "barkbands_crest": {
        "max": 23.9103984833,
        "mean": 6.84928178787,
        "min": 2.56591773033,
        "stdev": 2.88181519508
    },
    "barkbands_flatness_db": {
        "max": 0.263290911913,
        "mean": 0.120730213821,
        "min": 0.0504956804216,
        "stdev": 0.0276852473617
    },
    "barkbands_kurtosis": {
        "max": 19.5759544373,
        "mean": -0.227534338832,
        "min": -1.87834405899,
        "stdev": 1.71581602097
    },
    "barkbands_skewness": {
        "max": 4.37413787842,
        "mean": 0.442839980125,
        "min": -4.32738828659,
        "stdev": 0.687876403332
    },
    "barkbands_spread": {
        "max": 84.293006897,
        "mean": 27.5581855774,
        "min": 5.48470783234,
        "stdev": 11.0144538879
    },
    "dissonance": {
        "max": 0.5,
        "mean": 0.473637372255,
        "min": 0.305425465107,
        "stdev": 0.0188739858568
    },
    "dynamic_complexity": 2.09544014931,
    "erbbands_crest": {
        "max": 25.6016769409,
        "mean": 8.1600227356,
        "min": 2.79843187332,
        "stdev": 3.30905652046
    },
    "erbbands_flatness_db": {
        "max": 0.328847140074,
        "mean": 0.18934071064,
        "min": 0.0895079448819,
        "stdev": 0.0330925732851
    },
    "erbbands_kurtosis": {
        "max": 28.6010780334,
        "mean": -0.0210280492902,
        "min": -1.61053562164,
        "stdev": 1.68033802509
    },
    "erbbands_skewness": {
        "max": 2.59402441978,
        "mean": -0.0830126032233,
        "min": -4.75073480606,
        "stdev": 0.634076833725
    },
    "erbbands_spread": {
        "max": 109.69303894,
        "mean": 32.8171081543,
        "min": 9.21563339233,
        "stdev": 11.5996694565
    },
    "hfc": {
        "max": 242.14239502,
        "mean": 30.9781684875,
        "min": 0.240060955286,
        "stdev": 22.6153488159
    },
    "loudness_ebu128": {
        "integrated": -21.4013729095,
        "loudness_range": 2.04481124878,
        "momentary": {
            "max": -19.0779800415,
            "mean": -21.6431541443,
            "min": -30.6190452576,
            "stdev": 1.62015223503
        },
        "short_term": {
            "max": -20.5169067383,
            "mean": -21.4602737427,
            "min": -23.5234203339,
            "stdev": 0.720480144024
        }
    },
    "melbands_crest": {
        "max": 26.8178062439,
        "mean": 9.432305336,
        "min": 2.93718910217,
        "stdev": 3.72978925705
    },
    "melbands_flatness_db": {
        "max": 0.290334433317,
        "mean": 0.125031024218,
        "min": 0.0243088956922,
        "stdev": 0.0349014513195
    },
    "melbands_kurtosis": {
        "max": 52.4447898865,
        "mean": 2.19454693794,
        "min": -1.81544697285,
        "stdev": 3.65620183945
    },
    "melbands_skewness": {
        "max": 6.52036952972,
        "mean": 1.31139087677,
        "min": -0.896624863148,
        "stdev": 0.73878800869
    },
    "melbands_spread": {
        "max": 235.382629395,
        "mean": 43.7368583679,
        "min": 4.78944587708,
        "stdev": 27.5069828033
    },
    "pitch_salience": {
        "max": 0.829082548618,
        "mean": 0.60376483202,
        "min": 0.261017471552,
        "stdev": 0.0800340548158
    },
    "silence_rate_20dB": {
        "max": 1,
        "mean": 1,
        "min": 1,
        "stdev": 0
    },
    "silence_rate_30dB": {
        "max": 1,
        "mean": 1,
        "min": 1,
        "stdev": 0
    },
    "silence_rate_60dB": {
        "max": 1,
        "mean": 0.0341715030372,
        "min": 0,
        "stdev": 0.181668624282
    },
    "spectral_centroid": {
        "max": 6528.46191406,
        "mean": 2014.40002441,
        "min": 483.013336182,
        "stdev": 577.335144043
    },
    "spectral_complexity": {
        "max": 51,
        "mean": 25.4487419128,
        "min": 0,
        "stdev": 9.0179233551
    },
    "spectral_decrease": {
        "max": -7.43756514709e-11,
        "mean": -4.78578732199e-09,
        "min": -1.70244973674e-08,
        "stdev": 2.64064459188e-09
    },
    "spectral_energy": {
        "max": 0.0716949179769,
        "mean": 0.0208724793047,
        "min": 0.000329686590703,
        "stdev": 0.0111199477687
    },
    "spectral_energyband_high": {
        "max": 0.0333313122392,
        "mean": 0.00154223805293,
        "min": 1.42512169532e-06,
        "stdev": 0.00262473686598
    },
    "spectral_energyband_low": {
        "max": 0.0177699625492,
        "mean": 0.00130010850262,
        "min": 3.25458904626e-06,
        "stdev": 0.00168052245863
    },
    "spectral_energyband_middle_high": {
        "max": 0.0406172722578,
        "mean": 0.00969442818314,
        "min": 5.93128643231e-05,
        "stdev": 0.00664440635592
    },
    "spectral_energyband_middle_low": {
        "max": 0.0444453395903,
        "mean": 0.00878311134875,
        "min": 0.000105752747913,
        "stdev": 0.0064569702372
    },
    "spectral_entropy": {
        "max": 8.86734867096,
        "mean": 7.70069789886,
        "min": 6.68654680252,
        "stdev": 0.294085890055
    },
    "spectral_flux": {
        "max": 0.197840616107,
        "mean": 0.082009345293,
        "min": 0.00902778096497,
        "stdev": 0.0295175965875
    },
    "spectral_kurtosis": {
        "max": 10.0312757492,
        "mean": 2.98526096344,
        "min": -1.2848546505,
        "stdev": 1.67328977585
    },
    "spectral_rms": {
        "max": 0.00836338847876,
        "mean": 0.00432109786198,
        "min": 0.000567137962207,
        "stdev": 0.00130057625938
    },
    "spectral_rolloff": {
        "max": 10422.0703125,
        "mean": 2868.50610352,
        "min": 279.931640625,
        "stdev": 1729.40698242
    },
    "spectral_skewness": {
        "max": 2.33478212357,
        "mean": 1.1373462677,
        "min": -0.421302825212,
        "stdev": 0.296713262796
    },
    "spectral_spread": {
        "max": 13484758,
        "mean": 4014449.75,
        "min": 2336093.25,
        "stdev": 1613200
    },
    "spectral_strongpeak": {
        "max": 8.92439937592,
        "mean": 1.47547590733,
        "min": 0.0418177694082,
        "stdev": 1.41093873978
    },
    "zerocrossingrate": {
        "max": 0.39794921875,
        "mean": 0.0917578414083,
        "min": 0.02587890625,
        "stdev": 0.0454994179308
    },
    "barkbands": {
        "max": [0.000269312440651, 0.00354415667243, 0.0117247039452, 0.00803424045444, 0.0295104719698, 0.00941752642393, 0.0220545679331, 0.0208808239549, 0.0258340165019, 0.0196704044938, 0.0339507721364, 0.0169137697667, 0.0287605077028, 0.0162189006805, 0.0123866032809, 0.0134228104725, 0.00738147413358, 0.00510024325922, 0.00778941670433, 0.00543134426698, 0.0119407307357, 0.0142808463424, 0.00563754606992, 0.014002145268, 0.00751124508679, 0.000396667193854, 2.07923972084e-06],
        "mean": [9.86160921457e-06, 0.00038238716661, 0.000713598623406, 0.000475060689496, 0.00249477778561, 0.00124377489556, 0.00134147109929, 0.00153765303548, 0.00128012325149, 0.00106394465547, 0.0013353623217, 0.000882878550328, 0.00118176592514, 0.00109440332744, 0.000787957513239, 0.00094521936262, 0.000826218514703, 0.000660909921862, 0.000893878517672, 0.000434572895756, 0.000342027982697, 0.000370130175725, 0.000212091967114, 0.000229613782722, 0.000123458463349, 9.34278887144e-06, 2.11830997188e-09],
        "min": [6.17387563295e-09, 7.42343445381e-07, 2.93932799877e-07, 4.42011270252e-07, 6.28433281236e-06, 2.66021379502e-06, 4.84616066387e-06, 4.99752741234e-06, 1.00919919532e-06, 1.85915541806e-06, 4.33207969763e-06, 7.97539883024e-07, 2.93982338917e-06, 2.46310969487e-06, 1.55933184942e-06, 2.25429221246e-06, 2.23681536227e-06, 1.51707820351e-06, 1.44395130519e-06, 5.46675835267e-07, 2.84824523078e-07, 4.35962675738e-07, 1.72286121369e-07, 1.62057261832e-07, 8.59995168412e-08, 2.29859367096e-08, 5.21617922467e-11],
        "stdev": [1.59585779329e-05, 0.000512055703439, 0.00107245915569, 0.000773403793573, 0.00270789931528, 0.00128683017101, 0.0023242959287, 0.00233503803611, 0.00233029620722, 0.00189101323485, 0.00232181791216, 0.00143010425381, 0.00195290672127, 0.00178541208152, 0.00109421811067, 0.00118764466606, 0.000947105349042, 0.000657059194054, 0.000946003710851, 0.00047014807933, 0.00074712355854, 0.000779617752414, 0.00048763747327, 0.000867851311341, 0.000505623989739, 3.34973628924e-05, 5.27849444154e-08]
    },
    "erbbands": {
        "max": [0.0773069635034, 1.08257901669, 10.4482736588, 25.34608078, 72.4937896729, 90.5790481567, 143.514144897, 84.3296661377, 265.720336914, 543.197570801, 561.984680176, 795.82019043, 631.891479492, 723.816894531, 1658.1229248, 788.13684082, 1416.9987793, 693.243103027, 705.386657715, 842.580749512, 486.78237915, 458.846893311, 335.844787598, 556.042358398, 280.998596191, 261.079284668, 370.405822754, 630.65222168, 516.091186523, 332.793609619, 182.874664307, 256.872375488, 225.289550781, 120.226081848, 34.0812606812, 4.88111305237, 0.217032819986, 0.00807630084455, 0.000902970670722, 0.00024876758107],
        "mean": [0.00470235059038, 0.115450158715, 0.744220674038, 1.25510168076, 4.39512252808, 8.49624824524, 11.8402557373, 9.43863677979, 14.9995794296, 32.061340332, 29.2245521545, 34.3676872253, 29.4893283844, 33.3315505981, 61.3518943787, 43.7513198853, 57.4909667969, 55.0763626099, 46.0032806396, 51.9221229553, 43.4959259033, 41.6172523499, 39.5491523743, 50.720249176, 31.1666927338, 23.5191040039, 13.3596811295, 15.2924661636, 12.7597827911, 8.88168144226, 5.86889314651, 4.92463207245, 3.74677467346, 1.90573143959, 0.58549374342, 0.10571295023, 0.0057457969524, 0.000189027545275, 3.17485246342e-05, 3.10385948978e-05],
        "min": [1.67734797287e-05, 0.00011127669859, 0.000469023187179, 0.00191169173922, 0.00832187291235, 0.0251382086426, 0.0322124138474, 0.0365511886775, 0.0544031895697, 0.176227882504, 0.0796148627996, 0.0445311702788, 0.0713054463267, 0.108410030603, 0.212375849485, 0.0892538949847, 0.166607186198, 0.208266586065, 0.140991002321, 0.0899759232998, 0.137299388647, 0.111322045326, 0.118501082063, 0.0767418295145, 0.0694788768888, 0.0310069750994, 0.0113825835288, 0.016769060865, 0.0148348566145, 0.00814527925104, 0.00500482320786, 0.00427148677409, 0.00202813372016, 0.00108103931416, 0.000449854705948, 0.000212270460906, 1.61034895427e-05, 5.43126930097e-07, 2.52783650012e-07, 4.32808207051e-07],
        "stdev": [0.00650566164404, 0.156928181648, 1.076562047, 1.99571955204, 5.86384296417, 10.3835630417, 13.5643005371, 10.2009057999, 22.6590118408, 57.3578872681, 43.4488868713, 66.4356994629, 49.3619651794, 59.6913948059, 106.246192932, 67.7589187622, 90.4398269653, 76.4941635132, 64.6474838257, 61.0475463867, 49.6554374695, 44.5889396667, 39.5302276611, 57.2741470337, 36.6507873535, 25.5222759247, 22.4711170197, 34.5391273499, 29.3943443298, 17.2373218536, 14.4777050018, 17.2062740326, 14.7184381485, 8.0770406723, 2.21487545967, 0.379772990942, 0.0190142765641, 0.000613080977928, 6.23503001407e-05, 2.05562573683e-05]
    },
    "gfcc": {
        "mean": [8.48543834686, 87.717338562, -171.968582153, 39.4402961731, -80.8301010132, 9.86301612854, -45.8343544006, -1.22273182869, -23.9973812103, -7.12867832184, -11.0796775818, -7.06344509125, -5.90699911118],
        "cov": [[2349.81689453, -280.070251465, 168.304351807, 196.897964478, 87.6644973755, 257.189239502, 21.7682533264, 144.859649658, -71.7277755737, 37.7941322327, -65.1329040527, -20.664686203, -12.32417202], [-280.070251465, 826.863525391, -308.411346436, 45.9053726196, 189.637298584, -204.536819458, 186.040618896, -129.328948975, 67.9454879761, -69.9611053467, 38.8150749207, -51.8320426941, 1.89586508274], [168.304351807, -308.411346436, 624.598815918, 131.516906738, -6.34782028198, 234.067443848, -149.051345825, 104.501350403, -69.6192855835, 40.5890541077, -79.2709121704, 19.3268947601, -28.4750537872], [196.897964478, 45.9053726196, 131.516906738, 276.778381348, 110.550193787, 41.0302696228, 29.8596744537, -9.73147296906, 6.41036224365, -22.2060050964, -34.9406852722, -15.9492197037, 23.7384128571], [87.6644973755, 189.637298584, -6.34782028198, 110.550193787, 181.453567505, 34.5307769775, 47.7696762085, -5.20316123962, -2.65213990211, -12.9915924072, -10.9473590851, -22.7673377991, 7.14562749863], [257.189239502, -204.536819458, 234.067443848, 41.0302696228, 34.5307769775, 259.179260254, 22.1743392944, 65.9180526733, -57.3786430359, 20.2432537079, -32.2229995728, -1.36257326603, -16.8529071808], [21.7682533264, 186.040618896, -149.051345825, 29.8596744537, 47.7696762085, 22.1743392944, 215.812576294, -12.0803480148, 0.253807634115, -20.2218494415, 16.4138526917, -11.3801412582, -4.70186185837], [144.859649658, -129.328948975, 104.501350403, -9.73147296906, -5.20316123962, 65.9180526733, -12.0803480148, 103.820838928, 0.269843697548, 31.9228725433, -12.3946218491, 3.14035153389, -10.3769578934], [-71.7277755737, 67.9454879761, -69.6192855835, 6.41036224365, -2.65213990211, -57.3786430359, 0.253807634115, 0.269843697548, 96.7302932739, 17.2419662476, 20.5148105621, -14.3329687119, 0.62138736248], [37.7941322327, -69.9611053467, 40.5890541077, -22.2060050964, -12.9915924072, 20.2432537079, -20.2218494415, 31.9228725433, 17.2419662476, 76.953453064, 17.6720256805, 5.15581130981, -14.9395313263], [-65.1329040527, 38.8150749207, -79.2709121704, -34.9406852722, -10.9473590851, -32.2229995728, 16.4138526917, -12.3946218491, 20.5148105621, 17.6720256805, 64.7194137573, 12.0899190903, -0.0732767283916], [-20.664686203, -51.8320426941, 19.3268947601, -15.9492197037, -22.7673377991, -1.36257326603, -11.3801412582, 3.14035153389, -14.3329687119, 5.15581130981, 12.0899190903, 62.2842903137, 18.3807544708], [-12.32417202, 1.89586508274, -28.4750537872, 23.7384128571, 7.14562749863, -16.8529071808, -4.70186185837, -10.3769578934, 0.62138736248, -14.9395313263, -0.0732767283916, 18.3807544708, 59.0551567078]],
        "icov": [[0.000616811332293, -0.000294132012641, 0.000886242254637, -0.00108278205153, 0.000621919403784, -0.00104632694274, 0.000787969504017, -0.00121832860168, 0.000740847026464, -0.000413815141656, 0.000359661848051, -0.000170568891917, 0.000416599592427], [-0.000294132012641, 0.00617759069428, -0.00404034182429, 0.00458211265504, -0.00825384724885, 0.0070919864811, -0.00680771563202, 0.00576121173799, -0.00354060414247, 0.00263803265989, -0.00158418947831, 0.00253859627992, -0.000644309038762], [0.000886242254637, -0.00404034182429, 0.00959592498839, -0.00784083735198, 0.00741238100454, -0.00943777058274, 0.00933093950152, -0.00728617049754, 0.00459294393659, -0.00296519626863, 0.00377832702361, -0.00423447880894, 0.00448999460787], [-0.00108278205153, 0.00458211265504, -0.00784083735198, 0.012552767992, -0.0104365339503, 0.00790078099817, -0.00864122249186, 0.0081228222698, -0.00605658814311, 0.00318655394949, -0.000338939600624, 0.00339279440232, -0.00512932846323], [0.000621919403784, -0.00825384724885, 0.00741238100454, -0.0104365339503, 0.0195915363729, -0.0114106554538, 0.00938611477613, -0.00869426783174, 0.00605581328273, -0.00382520863786, 0.00203638500534, -0.00161827972624, 0.0012315219501], [-0.00104632694274, 0.0070919864811, -0.00943777058274, 0.00790078099817, -0.0114106554538, 0.0177522748709, -0.0120006641373, 0.00594659661874, -0.0019967854023, 0.00217452505603, -0.0023718434386, 0.00480908760801, -0.00256504304707], [0.000787969504017, -0.00680771563202, 0.00933093950152, -0.00864122249186, 0.00938611477613, -0.0120006641373, 0.016379442066, -0.00860999710858, 0.00522444583476, -0.00165348546579, 0.00100921979174, -0.00406605750322, 0.00437998073176], [-0.00121832860168, 0.00576121173799, -0.00728617049754, 0.0081228222698, -0.00869426783174, 0.00594659661874, -0.00860999710858, 0.021670807153, -0.00709792133421, -0.00144351657946, 0.000871319847647, 0.00200072838925, -0.0022582761012], [0.000740847026464, -0.00354060414247, 0.00459294393659, -0.00605658814311, 0.00605581328273, -0.0019967854023, 0.00522444583476, -0.00709792133421, 0.0178926885128, -0.00552609981969, -0.0020923409611, 0.00268033333123, 0.000360527541488], [-0.000413815141656, 0.00263803265989, -0.00296519626863, 0.00318655394949, -0.00382520863786, 0.00217452505603, -0.00165348546579, -0.00144351657946, -0.00552609981969, 0.0205341726542, -0.00712632294744, -0.000305270543322, 0.0031553779263], [0.000359661848051, -0.00158418947831, 0.00377832702361, -0.000338939600624, 0.00203638500534, -0.0023718434386, 0.00100921979174, 0.000871319847647, -0.0020923409611, -0.00712632294744, 0.0241483412683, -0.00671587558463, 0.00173366162926], [-0.000170568891917, 0.00253859627992, -0.00423447880894, 0.00339279440232, -0.00161827972624, 0.00480908760801, -0.00406605750322, 0.00200072838925, 0.00268033333123, -0.000305270543322, -0.00671587558463, 0.0236876159906, -0.00941309612244], [0.000416599592427, -0.000644309038762, 0.00448999460787, -0.00512932846323, 0.0012315219501, -0.00256504304707, 0.00437998073176, -0.0022582761012, 0.000360527541488, 0.0031553779263, 0.00173366162926, -0.00941309612244, 0.0240650456399]]
    },
    "melbands": {
        "max": [0.000717452960089, 0.00392454117537, 0.00400452176109, 0.00704398704693, 0.00432395376265, 0.00167768041138, 0.00387609237805, 0.00500303693116, 0.00418212916702, 0.0050665657036, 0.00310462131165, 0.00290266633965, 0.00470244884491, 0.00165687047411, 0.00259142392315, 0.00187830720097, 0.00153596664313, 0.00142028764822, 0.000980753451586, 0.0012116729049, 0.000551193312276, 0.000656672229525, 0.000398912292439, 0.000240231471253, 0.000573963974603, 0.000306421541609, 0.000190632708836, 0.000164913377375, 0.000228549164603, 0.000309469993226, 0.000390034372685, 0.000295877543977, 0.000284270907287, 0.000139121417305, 0.000103947837488, 0.000171477047843, 0.000181977680768, 0.00014729751274, 0.000162389682373, 0.000103574362583],
        "mean": [7.12420587661e-05, 0.000305549328914, 0.000307479320327, 0.000458240363514, 0.000438785908045, 0.000219919369556, 0.000238148393692, 0.000352595758159, 0.000233808284975, 0.000202394468943, 0.000140666379593, 0.000126389189973, 0.000197757821297, 0.00011864771659, 0.000121100652905, 0.000107658495835, 0.000107015592221, 7.71215854911e-05, 5.75319718337e-05, 8.01206697361e-05, 4.4633714424e-05, 4.13277302869e-05, 4.69835831609e-05, 3.05456742353e-05, 4.39245159214e-05, 2.54190508713e-05, 1.54169629241e-05, 1.57136873895e-05, 7.77590139478e-06, 8.56296082929e-06, 9.26689062908e-06, 7.56509325583e-06, 6.33036961517e-06, 4.23207484346e-06, 3.28218879986e-06, 3.29263025378e-06, 2.87253897113e-06, 2.79497771771e-06, 2.08490223486e-06, 1.46062245676e-06],
        "min": [1.64256817925e-07, 3.39154183848e-07, 4.34003027294e-07, 1.05980325316e-06, 8.15397697806e-07, 7.51004506583e-07, 7.89602211171e-07, 1.5324872038e-06, 3.73714584612e-07, 2.48370270128e-07, 2.41518193889e-07, 3.1527551414e-07, 6.11437826592e-07, 2.28989222251e-07, 1.2825071849e-07, 2.77618482869e-07, 2.97572540831e-07, 1.93195290876e-07, 1.01897995819e-07, 1.39450250458e-07, 1.3703861157e-07, 1.03652745054e-07, 1.1533282418e-07, 8.92725395829e-08, 4.76213948275e-08, 6.581111478e-08, 3.36403402912e-08, 1.26353478791e-08, 7.34619876042e-09, 6.13671558014e-09, 9.33612831489e-09, 9.37821553748e-09, 5.65628610616e-09, 3.64889385374e-09, 3.1520903665e-09, 2.49036302691e-09, 2.38489139548e-09, 1.22868482055e-09, 1.14402276541e-09, 6.37305541673e-10],
        "stdev": [8.93170217751e-05, 0.000416450056946, 0.000398041476728, 0.000529310316779, 0.000488074379973, 0.0002369605063, 0.000368652166799, 0.000601602136157, 0.000342011306202, 0.000413820729591, 0.000248485826887, 0.00025369724608, 0.000332408235408, 0.000160205949214, 0.000197986912099, 0.000177802052349, 0.000162910218933, 0.000123694277136, 8.34168386064e-05, 9.9385928479e-05, 5.44923605048e-05, 5.26552757947e-05, 5.58773790544e-05, 3.10043760692e-05, 5.54091930098e-05, 3.23538806697e-05, 1.95233005797e-05, 1.82248368219e-05, 1.26358954731e-05, 1.96818491531e-05, 2.09628269658e-05, 1.79922571988e-05, 1.36904309329e-05, 8.29266627989e-06, 7.99065492174e-06, 1.02169160527e-05, 1.08227313831e-05, 1.10004748421e-05, 9.04113039724e-06, 6.33130230199e-06]
    },
    "melbands128": {
        "max": [0.000152223961777, 0.000634451280348, 0.000945796142332, 0.00238972716033, 0.00439564278349, 0.0059460690245, 0.00605748873204, 0.00418003788218, 0.0081696761772, 0.0105049712583, 0.00502055883408, 0.00693657808006, 0.00689069274813, 0.00400158716366, 0.00276229321025, 0.00282069691457, 0.00485714478418, 0.00625486904755, 0.00577138364315, 0.0099911307916, 0.00747527787462, 0.00576803134754, 0.00640232674778, 0.00331788137555, 0.00791264604777, 0.0070601454936, 0.00390677619725, 0.00585205899552, 0.00529704196379, 0.00532782403752, 0.00560335954651, 0.00362027343363, 0.00477947713807, 0.0110351340845, 0.00173919845838, 0.00236676773056, 0.00442752009258, 0.00495761632919, 0.00739135453478, 0.00367088755593, 0.0028518254403, 0.0027204931248, 0.00268862629309, 0.0038062534295, 0.00447545433417, 0.00179518363439, 0.00305910361931, 0.002227779245, 0.00104329630267, 0.00309170642868, 0.00146277318709, 0.00180226785596, 0.00123621651437, 0.000545581744518, 0.00121711823158, 0.00139683368616, 0.000512308208272, 0.000898431520909, 0.000621687213425, 0.000849129806738, 0.000337824283633, 0.000301765830955, 0.000874979305081, 0.00101911858656, 0.00073658261681, 0.000514255836606, 0.000492387218401, 0.000392693735193, 0.000229175711866, 0.000267051858827, 0.000374832830857, 0.000231028956478, 0.000150638094055, 0.000326674780808, 0.000299058068777, 0.000251400051638, 0.000617606157903, 0.000314645236358, 0.000384792685509, 0.000380267796572, 0.000424587051384, 0.000254097016295, 0.000305601948639, 0.000324173597619, 0.000243884016527, 0.000169669510797, 0.000114221678814, 0.0001349743834, 0.000108675383672, 0.000177060093847, 0.000178947404493, 0.000250217213761, 0.000260870874627, 0.000235762970988, 0.000197749657673, 0.000210799844353, 0.000153366461745, 0.0001720556902, 0.000225856871111, 0.000148451916175, 9.79152900982e-05, 0.000125939011923, 0.000111866662337, 7.36354049877e-05, 2.77077451756e-05, 2.52612935583e-05, 1.7902262698e-05, 1.34284437081e-05, 6.9085422183e-06, 5.73244687985e-06, 1.56112128025e-06, 4.42059985062e-07, 7.68672450135e-08, 1.06054045546e-08, 1.07064872523e-08, 1.04439337179e-08, 1.01097707983e-08, 9.77610614683e-09, 9.46646938615e-09, 9.20174869634e-09, 9.00701824236e-09, 8.76715766651e-09, 8.62888072106e-09, 8.40359781762e-09, 8.29927593315e-09, 8.19634671245e-09, 8.10293165898e-09, 8.03969069096e-09],
        "mean": [7.47893227526e-06, 2.42749538302e-05, 6.2227678427e-05, 0.000224230112508, 0.000380516314181, 0.000329778384184, 0.000221536261961, 0.000261165667325, 0.000500177091453, 0.000418340816395, 0.000458085414721, 0.000591708172578, 0.000412650406361, 0.000300638057524, 0.000199206420803, 0.000183473603101, 0.000218971821596, 0.000241841305979, 0.000247249496169, 0.000440889241872, 0.00036185621866, 0.000219041845412, 0.00023428593704, 0.000196015680558, 0.000293948221952, 0.000153882036102, 0.000116383336717, 0.000186137156561, 9.33401825023e-05, 0.000157241083798, 0.000112888759759, 0.000108763881144, 0.000233902959735, 0.000276019214652, 7.58577443776e-05, 9.19100566534e-05, 0.000146095102536, 6.3695202698e-05, 0.000174041779246, 0.000141688127769, 7.9912962974e-05, 7.88170145825e-05, 9.00096129044e-05, 0.000151571439346, 8.88526337803e-05, 5.41264489584e-05, 7.71972117946e-05, 4.48166501883e-05, 4.30013060395e-05, 9.78834577836e-05, 8.18192420411e-05, 8.15820967546e-05, 3.11782314384e-05, 3.25878427248e-05, 5.8932484535e-05, 3.15901961585e-05, 3.26912777382e-05, 7.15284622856e-05, 4.022066787e-05, 2.64592454187e-05, 3.01262080029e-05, 2.69559604931e-05, 5.70647353015e-05, 4.72509927931e-05, 2.53787929978e-05, 2.37895674218e-05, 2.92552867904e-05, 1.57808535732e-05, 9.62338344834e-06, 1.70420698851e-05, 2.01626426133e-05, 1.36048975037e-05, 7.93375784269e-06, 6.7903456511e-06, 6.47698561806e-06, 9.61126715993e-06, 8.95505127119e-06, 7.76602064434e-06, 9.28998633754e-06, 1.1504669601e-05, 7.30095962354e-06, 6.33375293546e-06, 6.47786600894e-06, 6.82416657583e-06, 5.74994464841e-06, 4.82936593471e-06, 3.57240537596e-06, 3.28821784024e-06, 3.32604417963e-06, 3.12210841003e-06, 3.41781719726e-06, 3.34891728926e-06, 3.12312067763e-06, 2.77988465314e-06, 2.74676335721e-06, 2.96454845738e-06, 2.87270381705e-06, 2.4919347652e-06, 2.10078405871e-06, 1.93074197341e-06, 1.62849676144e-06, 1.45332649026e-06, 1.16160731523e-06, 8.50386811635e-07, 5.96628296989e-07, 4.47944273674e-07, 3.38709924108e-07, 2.35284161931e-07, 1.58415502938e-07, 8.42461105321e-08, 3.74216746479e-08, 1.03442783228e-08, 1.07034425767e-09, 4.75594702509e-11, 1.36470886675e-11, 1.40726449591e-11, 1.05616349e-11, 1.00448798585e-11, 9.68697691506e-12, 9.3899575615e-12, 9.15975108262e-12, 8.91330498992e-12, 8.72956134462e-12, 8.49818306004e-12, 8.38651197099e-12, 8.29377365397e-12, 8.21099004761e-12, 8.14170172253e-12],
        "min": [1.22675047898e-09, 1.49373988734e-08, 6.70329924901e-08, 1.11607967312e-07, 1.31149562321e-07, 1.87387726669e-07, 1.42734009501e-07, 1.48443376702e-07, 1.83273357379e-07, 4.96684606333e-07, 1.9589066369e-07, 8.48279626098e-07, 4.51091466402e-07, 4.90167622047e-08, 4.44103477548e-07, 4.63586275146e-07, 6.03651358233e-07, 3.72124333126e-07, 4.57835739098e-07, 9.63510387919e-07, 4.87589261411e-07, 3.15141704732e-07, 6.88414374395e-08, 7.4892000157e-08, 9.69178231003e-08, 7.14204730912e-08, 8.69819487548e-08, 1.7534189567e-07, 2.84997724975e-07, 3.24260369666e-08, 1.54136102992e-07, 1.2016246842e-07, 4.17213584569e-07, 2.48095233246e-07, 6.3640385406e-08, 6.21542426416e-08, 6.75659990179e-08, 5.23535774732e-08, 3.88958838471e-08, 8.33503577269e-08, 3.14828092485e-08, 1.09148523109e-07, 1.58334444222e-07, 8.76149996998e-08, 4.5891606959e-08, 9.06825974312e-08, 2.45539073518e-08, 5.45064082758e-08, 4.69347902765e-08, 1.35546244451e-07, 8.63960849529e-08, 9.48680849433e-08, 5.16351477131e-08, 5.99312386385e-08, 3.06659089233e-08, 3.15891739433e-08, 3.56833531612e-08, 1.21455641988e-07, 5.06814359369e-08, 3.82236926555e-08, 8.94027394338e-08, 6.72945645874e-08, 1.22338281727e-08, 3.86268332875e-08, 4.63558151864e-08, 6.8923846186e-08, 6.28946068559e-08, 2.00565768438e-08, 1.8051443007e-08, 8.80426131999e-09, 9.33693922178e-09, 4.0717433869e-09, 3.15609405277e-09, 4.1862460165e-09, 4.02194411109e-09, 5.83806603061e-09, 4.78123807213e-09, 1.05120658844e-08, 4.77564876533e-09, 8.71209948627e-09, 7.39008543249e-09, 5.96294791322e-09, 5.54139756304e-09, 3.92917298697e-09, 3.10843439877e-09, 3.53541040887e-09, 2.24518514891e-09, 3.56673113266e-09, 3.00684699361e-09, 1.22240284561e-09, 2.47851072999e-09, 2.25858931557e-09, 1.99954741653e-09, 1.75197389929e-09, 8.34841640263e-10, 1.35086342112e-09, 8.12792499971e-10, 7.85056797348e-10, 1.28550114997e-09, 7.58199558692e-10, 7.13779368944e-10, 4.06432054678e-10, 3.34050842543e-10, 4.42674286116e-10, 5.55985757433e-10, 4.43533404448e-10, 3.10149850247e-10, 2.36706404477e-10, 2.12440398606e-10, 2.25886281902e-10, 7.27587920468e-11, 4.67337594404e-13, 2.96379321909e-13, 2.04463223154e-13, 1.63280616783e-13, 1.73657082095e-13, 1.6834583315e-13, 1.92952601054e-13, 1.64638376716e-13, 1.51896006081e-13, 1.91778315234e-13, 1.87915533286e-13, 2.07598410576e-13, 1.84021309475e-13, 1.92006024795e-13, 1.97275152485e-13, 1.85100836026e-13, 2.18113640213e-13],
        "stdev": [1.2329155652e-05, 4.65447483293e-05, 9.53423877945e-05, 0.000330079550622, 0.000584772147704, 0.000526747724507, 0.000442100630607, 0.000404360383982, 0.000739936600439, 0.000666086329147, 0.000651228066999, 0.000839390384499, 0.000597239006311, 0.000389626307879, 0.000270994729362, 0.000316566467518, 0.000369296671124, 0.00056503264932, 0.000558166997507, 0.000970409426372, 0.000726756290533, 0.000435616064351, 0.000492047285661, 0.000381961726816, 0.000664141727611, 0.000514583021868, 0.00026496994542, 0.000409702421166, 0.000279028114164, 0.000407269515563, 0.000325654807966, 0.000239649467403, 0.000442682096036, 0.000654365692753, 0.000138348492328, 0.000183307463885, 0.000324549124343, 0.000242264330154, 0.000381531513995, 0.000287230097456, 0.000256238738075, 0.000212151964661, 0.000191847182577, 0.000296182988677, 0.00029503548285, 0.000117746392789, 0.000155270157848, 0.000133229012135, 8.15674793557e-05, 0.000169201113749, 0.000126324346638, 0.00016387818323, 6.65020415909e-05, 5.37541127414e-05, 0.00011835929763, 6.48157583782e-05, 5.81139938731e-05, 0.000106844003312, 6.19328857283e-05, 5.87465328863e-05, 4.17453993578e-05, 3.45211992681e-05, 8.67592098075e-05, 7.34622663003e-05, 4.92488798045e-05, 3.94238850276e-05, 4.83604271722e-05, 3.03258220811e-05, 2.11557889997e-05, 2.48031610681e-05, 3.36319499183e-05, 2.10171965591e-05, 1.28303854581e-05, 1.59614646691e-05, 1.66365189216e-05, 2.14238079934e-05, 2.82172350126e-05, 2.01111233764e-05, 2.1686353648e-05, 2.29651413974e-05, 2.15999516513e-05, 1.66878016898e-05, 1.61747029779e-05, 1.57897684403e-05, 1.18243624456e-05, 9.98429914034e-06, 7.91090769781e-06, 8.1664247773e-06, 8.34184265841e-06, 9.1546562544e-06, 1.01828336483e-05, 1.16553228509e-05, 1.23306763271e-05, 1.15923330668e-05, 1.07604837467e-05, 1.2449490896e-05, 1.17978752314e-05, 1.04512373582e-05, 9.86645409284e-06, 9.07380217541e-06, 6.99129759596e-06, 6.82803965901e-06, 5.18977276442e-06, 3.55973816113e-06, 2.10422490454e-06, 1.69404302142e-06, 1.32286083954e-06, 8.84614507868e-07, 5.87576323596e-07, 3.30051193487e-07, 1.20415549532e-07, 3.24399351825e-08, 4.58025883887e-09, 4.10075889912e-10, 2.76097422702e-10, 2.76401235233e-10, 2.5703758566e-10, 2.48385534363e-10, 2.40415493069e-10, 2.33628394408e-10, 2.28642202393e-10, 2.22531076899e-10, 2.19007589841e-10, 2.13284265249e-10, 2.1063095712e-10, 2.08016590064e-10, 2.05644681839e-10, 2.04039618534e-10]
    },
    "mfcc": {
        "mean": [-609.323486328, 100.135856628, -29.7917690277, 15.6622190475, -11.9131546021, 2.00198674202, -12.3908224106, -0.025488641113, -10.3739786148, -5.59058904648, -2.51536870003, -5.19108629227, -3.73308610916],
        "cov": [[2385.05175781, -268.45880127, -7.13527917862, 46.7144508362, 83.2657470703, 85.0052108765, 149.858978271, 73.972618103, 85.3987808228, 84.2220230103, 9.75593566895, -13.3102998734, -21.9595012665], [-268.45880127, 692.578125, -337.729064941, 151.173202515, -79.6572113037, 23.3697185516, -3.49794483185, 13.3298425674, -26.0506229401, -12.2558670044, 30.8288631439, -12.7223539352, 21.8348960876], [-7.13527917862, -337.729064941, 595.547851562, -80.4103012085, 187.962905884, 46.3584442139, 42.2715301514, 17.5727539062, 48.4531059265, 18.7822208405, -38.9263381958, 5.35901212692, 15.0051450729], [46.7144508362, 151.173202515, -80.4103012085, 280.856414795, 30.1971740723, 41.4754066467, -15.0764436722, 11.553068161, 23.0629844666, 1.69577884674, -28.948091507, -13.7933731079, 27.9920845032], [83.2657470703, -79.6572113037, 187.962905884, 30.1971740723, 242.732727051, 39.1967353821, 8.33080863953, -4.31509780884, 29.9522323608, 37.8835372925, -47.5785446167, -5.55404615402, 20.076002121], [85.0052108765, 23.3697185516, 46.3584442139, 41.4754066467, 39.1967353821, 149.97869873, 91.2579421997, 44.3791923523, 29.0961761475, 14.950627327, -12.3787851334, 6.48106861115, -1.06742119789], [149.858978271, -3.49794483185, 42.2715301514, -15.0764436722, 8.33080863953, 91.2579421997, 173.972305298, 63.6581687927, 33.0655288696, 17.0397663116, -6.93552923203, 15.0395288467, -11.7890262604], [73.972618103, 13.3298425674, 17.5727539062, 11.553068161, -4.31509780884, 44.3791923523, 63.6581687927, 83.5675735474, 31.6490497589, 4.388007164, -5.7789888382, -1.40010738373, 0.984231054783], [85.3987808228, -26.0506229401, 48.4531059265, 23.0629844666, 29.9522323608, 29.0961761475, 33.0655288696, 31.6490497589, 75.0756378174, 25.6941986084, -14.1190576553, 0.421975255013, 5.84149169922], [84.2220230103, -12.2558670044, 18.7822208405, 1.69577884674, 37.8835372925, 14.950627327, 17.0397663116, 4.388007164, 25.6941986084, 98.7121582031, 16.4607429504, 8.99882125854, -1.62402975559], [9.75593566895, 30.8288631439, -38.9263381958, -28.948091507, -47.5785446167, -12.3787851334, -6.93552923203, -5.7789888382, -14.1190576553, 16.4607429504, 95.6015319824, 14.4645061493, -19.1270656586], [-13.3102998734, -12.7223539352, 5.35901212692, -13.7933731079, -5.55404615402, 6.48106861115, 15.0395288467, -1.40010738373, 0.421975255013, 8.99882125854, 14.4645061493, 73.0794067383, 18.9358272552], [-21.9595012665, 21.8348960876, 15.0051450729, 27.9920845032, 20.076002121, -1.06742119789, -11.7890262604, 0.984231054783, 5.84149169922, -1.62402975559, -19.1270656586, 18.9358272552, 93.0988998413]],
        "icov": [[0.00052625592798, 0.000379810429877, 0.00031920033507, -0.000183837139048, -0.000264008034719, 1.13923861136e-05, -0.000453206768725, -0.000157318441779, -0.000246717070695, -0.000181176554179, -0.000337046774803, 0.000282720080577, -7.4215735367e-05], [0.000379810429877, 0.00260626035742, 0.00147192704026, -0.000970933469944, -0.000413734756876, -0.000446283724159, -0.000528784876224, -0.000535477709491, 0.000441206648247, 6.86382118147e-05, -0.00114559882786, 0.000778094050474, -0.000864281901158], [0.00031920033507, 0.00147192704026, 0.00344346929342, 0.000567593320739, -0.00230766972527, -0.000571679673158, -0.000412977591623, -0.000506029115058, -0.00100465444848, 0.000640278100036, -0.000666218693368, 0.000356341071893, -0.000686599640176], [-0.000183837139048, -0.000970933469944, 0.000567593320739, 0.00505869649351, -0.000637159042526, -0.00177618884481, 0.00170528423041, -0.000211572318221, -0.00156694382895, 0.000232068574405, 0.00115283345804, 0.000435298949014, -0.0008422411629], [-0.000264008034719, -0.000413734756876, -0.00230766972527, -0.000637159042526, 0.00718082580715, -0.00121925782878, 0.000730472733267, 0.00173106300645, -0.000122388853924, -0.0026392438449, 0.00291058328003, 0.000317509082379, -0.000394955190131], [1.13923861136e-05, -0.000446283724159, -0.000571679673158, -0.00177618884481, -0.00121925782878, 0.0114819072187, -0.00524999713525, -0.00166460429318, -0.000223040828132, -9.02720203158e-05, -4.10833163187e-05, -0.000566290633287, 0.000600067374762], [-0.000453206768725, -0.000528784876224, -0.000412977591623, 0.00170528423041, 0.000730472733267, -0.00524999713525, 0.0116467960179, -0.00539094628766, -0.000626639754046, -0.000723224831745, 0.00151586544234, -0.00245519634336, 0.00172256270889], [-0.000157318441779, -0.000535477709491, -0.000506029115058, -0.000211572318221, 0.00173106300645, -0.00166460429318, -0.00539094628766, 0.0196213070303, -0.0059406850487, 0.00121086032595, -0.000221122449148, 0.0018476638943, -0.00107617001049], [-0.000246717070695, 0.000441206648247, -0.00100465444848, -0.00156694382895, -0.000122388853924, -0.000223040828132, -0.000626639754046, -0.0059406850487, 0.0198000371456, -0.0045781196095, 0.00214393460192, -3.703018956e-05, -0.00039553976967], [-0.000181176554179, 6.86382118147e-05, 0.000640278100036, 0.000232068574405, -0.0026392438449, -9.02720203158e-05, -0.000723224831745, 0.00121086032595, -0.0045781196095, 0.0131701175123, -0.00374378985725, -0.000943516788539, 0.000171652820427], [-0.000337046774803, -0.00114559882786, -0.000666218693368, 0.00115283345804, 0.00291058328003, -4.10833163187e-05, 0.00151586544234, -0.000221122449148, 0.00214393460192, -0.00374378985725, 0.0145337469876, -0.00328332558274, 0.00297003774904], [0.000282720080577, 0.000778094050474, 0.000356341071893, 0.000435298949014, 0.000317509082379, -0.000566290633287, -0.00245519634336, 0.0018476638943, -3.703018956e-05, -0.000943516788539, -0.00328332558274, 0.0165421087295, -0.00476278085262], [-7.4215735367e-05, -0.000864281901158, -0.000686599640176, -0.0008422411629, -0.000394955190131, 0.000600067374762, 0.00172256270889, -0.00107617001049, -0.00039553976967, 0.000171652820427, 0.00297003774904, -0.00476278085262, 0.0132186431438]]
    },
    "spectral_contrast_coeffs": {
        "max": [-0.401623785496, -0.538435578346, -0.508478701115, -0.594826936722, -0.628838419914, -0.550865709782],
        "mean": [-0.663592219353, -0.755525887012, -0.745145618916, -0.751415669918, -0.735899448395, -0.715193092823],
        "min": [-0.88241994381, -0.891415655613, -0.872808992863, -0.88564491272, -0.869020462036, -0.875284194946],
        "stdev": [0.0717248916626, 0.0582417659461, 0.0582695603371, 0.0482569411397, 0.0432097166777, 0.0510389395058]
    },
    "spectral_contrast_valleys": {
        "max": [-5.39898872375, -4.84539318085, -5.57525730133, -5.71587848663, -5.62856388092, -7.22068691254],
        "mean": [-7.28477096558, -6.48739051819, -7.09721469879, -7.20385408401, -7.27131986618, -10.1128816605],
        "min": [-9.82871627808, -8.87930870056, -9.43221664429, -9.42142868042, -9.74182605743, -12.635969162],
        "stdev": [0.778391122818, 0.525698006153, 0.55238121748, 0.51369035244, 0.549609601498, 0.896964848042]
    }
},
"rhythm": {
    "beats_count": 50,
    "beats_loudness": {
        "max": 0.0509211942554,
        "mean": 0.0315236076713,
        "min": 0.0131518030539,
        "stdev": 0.00754940696061
    },
    "bpm": 85.0200271606,
    "bpm_histogram_first_peak_bpm": 85,
    "bpm_histogram_first_peak_weight": 0.163265287876,
    "bpm_histogram_second_peak_bpm": 0,
    "bpm_histogram_second_peak_spread": 0,
    "bpm_histogram_second_peak_weight": 0,
    "danceability": 1.37973940372,
    "onset_rate": 3.24977064133,
    "beats_loudness_band_ratio": {
        "max": [0.34098637104, 0.419476240873, 0.516738057137, 0.67306125164, 0.460902780294, 0.518493831158],
        "mean": [0.0918907821178, 0.184280186892, 0.274812817574, 0.203389301896, 0.205203101039, 0.09815941751],
        "min": [0.00236827880144, 0.0178293976933, 0.0461448282003, 0.0472199432552, 0.0461641587317, 0.0189370866865],
        "stdev": [0.0855998843908, 0.0954907312989, 0.119486071169, 0.13877017796, 0.0977840647101, 0.0679766014218]
    },
    "beats_position": [0.708208620548, 1.42802715302, 2.13623571396, 2.8444442749, 3.5758728981, 4.29569149017, 5.01551008224, 5.73532867432, 6.44353723526, 7.1517457962, 7.84834432602, 8.54494285583, 9.26476192474, 9.97297000885, 10.6695690155, 11.3777770996, 12.0859861374, 12.7941951752, 13.4907932281, 14.1873922348, 14.8839902878, 15.5921993256, 16.3004074097, 16.99700737, 17.693605423, 18.390203476, 19.0868015289, 19.7834014893, 20.4799995422, 21.1765975952, 21.9080276489, 22.6278457642, 23.3360538483, 24.0442619324, 24.7524719238, 25.4490699768, 26.1456680298, 26.8538761139, 27.5504760742, 28.2586841583, 28.9552822113, 29.6634922028, 30.3717002869, 31.0682983398, 31.7648983002, 32.4614944458, 33.1697044373, 33.8779144287, 34.5861206055, 35.2943305969],
