{
"metadata": {
    "version": {
        "essentia": "2.1-beta5",
        "essentia_git_sha": "Undefined",
        "extractor": "music 2.0"
    },
    "audio_properties": {
        "analysis": {
            "equal_loudness": 0,
            "length": 32.4963264465,
            "sample_rate": 44100,
            "start_time": 45.2440834045,
            "downmix": "mix"
        },
        "bit_rate": 192000,
        "length": 186.433013916,
        "lossless": 0,
        "number_channels": 2,
        "replay_gain": -2.63640213013,
        "sample_rate": 44100,
        "codec": "mp3",
        "md5_encoded": "2c7be35e314debc9e7013c09d64a8203"
    },
    "tags": {
        "file_name": "Monaco_Les Jardins De Monaco_Caline and Olivier Toussaint.mp3",
        "encoding": ["Lavf58.29.100"]
    }
},
"lowlevel": {
    "average_loudness": 0.973970890045,
    "barkbands_crest": {
        "max": 20.9968910217,
        "mean": 7.83833026886,
        "min": 2.72718524933,
        "stdev": 3.08316087723
    },
    "barkbands_flatness_db": {
        "max": 0.253698766232,
        "mean": 0.132142752409,
        "min": 0.04853432253,
        "stdev": 0.0263587422669
    },
    "barkbands_kurtosis": {
        "max": 22.2273845673,
        "mean": 0.649817049503,
        "min": -1.86392843723,
        "stdev": 2.69790267944
    },
    "barkbands_skewness": {
        "max": 4.19080972672,
        "mean": 0.597825825214,
        "min": -3.68731355667,
        "stdev": 0.867482841015
    },
    "barkbands_spread": {
        "max": 81.4377593994,
        "mean": 24.1125431061,
        "min": 5.74927330017,
        "stdev": 10.2225141525
    },
    "dissonance": {
        "max": 0.499625474215,
        "mean": 0.467876344919,
        "min": 0.333667099476,
        "stdev": 0.0222485009581
    },
    "dynamic_complexity": 2.58192324638,
    "erbbands_crest": {
        "max": 31.0139579773,
        "mean": 9.29652881622,
        "min": 2.78663420677,
        "stdev": 4.22084903717
    },
    "erbbands_flatness_db": {
        "max": 0.318740278482,
        "mean": 0.194134965539,
        "min": 0.0970277413726,
        "stdev": 0.036153215915
    },
    "erbbands_kurtosis": {
        "max": 26.2547702789,
        "mean": 0.496107071638,
        "min": -1.6497168541,
        "stdev": 2.19263362885
    },
    "erbbands_skewness": {
        "max": 2.99553489685,
        "mean": -0.016820024699,
        "min": -2.80687952042,
        "stdev": 0.752545058727
    },
    "erbbands_spread": {
        "max": 88.7755584717,
        "mean": 31.1513881683,
        "min": 5.18671751022,
        "stdev": 13.0100326538
    },
    "hfc": {
        "max": 253.983276367,
        "mean": 23.3448371887,
        "min": 0.359923690557,
        "stdev": 20.6600265503
    },
    "loudness_ebu128": {
        "integrated": -22.2687606812,
        "loudness_range": 1.62577438354,
        "momentary": {
            "max": -18.3034801483,
            "mean": -22.6754436493,
            "min": -29.8623485565,
            "stdev": 1.98558425903
        },
        "short_term": {
            "max": -21.1738452911,
            "mean": -22.3692493439,
            "min": -23.813035965,
            "stdev": 0.56555724144
        }
    },
    "melbands_crest": {
        "max": 23.9903640747,
        "mean": 10.4058074951,
        "min": 2.97709274292,
        "stdev": 3.72454738617
    },
    "melbands_flatness_db": {
        "max": 0.293334454298,
        "mean": 0.144646778703,
        "min": 0.0296806488186,
        "stdev": 0.0402456335723
    },
    "melbands_kurtosis": {
        "max": 60.5013046265,
        "mean": 3.74271631241,
        "min": -1.77830314636,
        "stdev": 6.53486967087
    },
    "melbands_skewness": {
        "max": 6.26257801056,
        "mean": 1.39016807079,
        "min": -1.53140211105,
        "stdev": 1.08662557602
    },
    "melbands_spread": {
        "max": 179.248214722,
        "mean": 37.0043029785,
        "min": 4.15339279175,
        "stdev": 20.6497497559
    },
    "pitch_salience": {
        "max": 0.842788696289,
        "mean": 0.580007970333,
        "min": 0.301338046789,
        "stdev": 0.0901021882892
    },
    "silence_rate_20dB": {
        "max": 1,
        "mean": 1,
        "min": 1,
        "stdev": 0
    },
    "silence_rate_30dB": {
        "max": 1,
        "mean": 1,
        "min": 1,
        "stdev": 0
    },
    "silence_rate_60dB": {
        "max": 1,
        "mean": 0.0528194159269,
        "min": 0,
        "stdev": 0.223671838641
    },
    "spectral_centroid": {
        "max": 5077.97314453,
        "mean": 1858.95471191,
        "min": 385.115142822,
        "stdev": 619.210571289
    },
    "spectral_complexity": {
        "max": 45,
        "mean": 19.2334041595,
        "min": 0,
        "stdev": 7.8291926384
    },
    "spectral_decrease": {
        "max": -7.61696122842e-11,
        "mean": -3.94440702323e-09,
        "min": -2.32162165048e-08,
        "stdev": 2.60468668856e-09
    },
    "spectral_energy": {
        "max": 0.105795837939,
        "mean": 0.0170045625418,
        "min": 0.000336979719577,
        "stdev": 0.0113215148449
    },
    "spectral_energyband_high": {
        "max": 0.0330307558179,
        "mean": 0.000743969692849,
        "min": 2.50171638072e-06,
        "stdev": 0.00151770224329
    },
    "spectral_energyband_low": {
        "max": 0.016138387844,
        "mean": 0.001401427784,
        "min": 7.26872985979e-06,
        "stdev": 0.00182967667934
    },
    "spectral_energyband_middle_high": {
        "max": 0.0768604204059,
        "mean": 0.00863732583821,
        "min": 6.68500651955e-05,
        "stdev": 0.00843629054725
    },
    "spectral_energyband_middle_low": {
        "max": 0.0445526055992,
        "mean": 0.0067431461066,
        "min": 6.91183304298e-05,
        "stdev": 0.00523164356127
    },
    "spectral_entropy": {
        "max": 8.73060131073,
        "mean": 7.542324543,
        "min": 6.65153741837,
        "stdev": 0.273634403944
    },
    "spectral_flux": {
        "max": 0.264476031065,
        "mean": 0.0751215219498,
        "min": 0.0101828314364,
        "stdev": 0.0318578593433
    },
    "spectral_kurtosis": {
        "max": 15.4260692596,
        "mean": 3.76215815544,
        "min": -0.932027339935,
        "stdev": 2.00872659683
    },
    "spectral_rms": {
        "max": 0.0101595008746,
        "mean": 0.00383319566026,
        "min": 0.000573376601096,
        "stdev": 0.00137710815761
    },
    "spectral_rolloff": {
        "max": 9323.87695312,
        "mean": 2267.47387695,
        "min": 215.33203125,
        "stdev": 1182.35400391
    },
    "spectral_skewness": {
        "max": 3.01854395866,
        "mean": 1.32111084461,
        "min": -0.139604374766,
        "stdev": 0.333242535591
    },
    "spectral_spread": {
        "max": 21951986,
        "mean": 3827956.5,
        "min": 2030090.5,
        "stdev": 1005659.9375
    },
    "spectral_strongpeak": {
        "max": 9.97138977051,
        "mean": 1.70333886147,
        "min": 0.0289162993431,
        "stdev": 1.86313021183
    },
    "zerocrossingrate": {
        "max": 0.3232421875,
        "mean": 0.079576253891,
        "min": 0.01806640625,
        "stdev": 0.0298624467105
    },
    "barkbands": {
        "max": [0.000185602577403, 0.00519908638671, 0.00876079313457, 0.0118059199303, 0.0267817117274, 0.0167239643633, 0.01498782821, 0.0265992786735, 0.0261289328337, 0.0288053173572, 0.0253616403788, 0.0239393431693, 0.02722780779, 0.0261073689908, 0.0190966818482, 0.0192488059402, 0.0183877460659, 0.00680066272616, 0.0203524678946, 0.00505450041965, 0.00262304162607, 0.00394549546763, 0.0182830635458, 0.00797335896641, 0.0030045483727, 0.000102245830931, 7.23714094875e-07],
        "mean": [1.01115110738e-05, 0.000375815667212, 0.0007401095354, 0.000670478970278, 0.00168831599876, 0.00094643200282, 0.000786906050052, 0.00104621273931, 0.00118832674343, 0.00082310748985, 0.00100982270669, 0.00107553415, 0.000792901089881, 0.00119290058501, 0.000794320658315, 0.000744994496927, 0.000807214004453, 0.000543574511539, 0.000778811110649, 0.000393372494727, 0.000150028092321, 0.000138961171615, 0.000168194485013, 0.00011283288768, 2.34560739045e-05, 1.82566350304e-06, 1.7772046057e-09],
        "min": [4.28590389845e-08, 4.04166968337e-07, 7.67771894061e-07, 6.99436327523e-07, 7.08970901542e-06, 3.60306967195e-06, 2.68067446996e-06, 1.8383987026e-06, 1.40241763802e-06, 7.02036004441e-07, 8.15028329271e-07, 5.92381638853e-07, 7.28733823507e-07, 8.40624068132e-07, 2.27305690714e-06, 2.11082351598e-06, 3.53300060851e-06, 2.88141404781e-06, 1.52211430304e-06, 8.88874183147e-07, 5.06573826442e-07, 4.52217449265e-07, 2.94632513942e-07, 1.97038019678e-07, 1.16554673468e-07, 1.28798589571e-08, 5.7892649008e-11],
        "stdev": [1.67884209077e-05, 0.000559838255867, 0.00107178150211, 0.00107648596168, 0.00213070889004, 0.00160691223573, 0.00136373133864, 0.0018642077921, 0.0021453150548, 0.00173881603405, 0.0023438106291, 0.0020415445324, 0.00179614895023, 0.00254317605868, 0.00174626859371, 0.00149823713582, 0.00167529238388, 0.000830034376122, 0.00120385724586, 0.000520769215655, 0.000278736493783, 0.000316066812957, 0.000640189973637, 0.000371496804291, 0.000127242266899, 5.24613187736e-06, 2.77707545848e-08]
    },
    "erbbands": {
        "max": [0.0835800543427, 1.44668567181, 8.07083129883, 28.8938846588, 104.638031006, 64.6905670166, 72.5355072021, 180.091140747, 136.463272095, 524.854248047, 343.990478516, 648.812683105, 885.592163086, 709.621276855, 1237.89355469, 788.568359375, 569.210266113, 1176.11730957, 944.482727051, 799.981079102, 869.341796875, 857.00378418, 471.191619873, 774.057800293, 1043.35095215, 209.257705688, 133.799728394, 131.624053955, 132.729705811, 313.905761719, 489.685180664, 268.677734375, 129.85395813, 47.2271003723, 12.0594854355, 1.23238611221, 0.0567199513316, 0.00262646353804, 0.000441911426606, 0.000188833524589],
        "mean": [0.00551371928304, 0.11039929837, 0.735952675343, 1.62071454525, 4.16753959656, 5.25511264801, 7.01729774475, 8.21451663971, 10.3046550751, 18.3748931885, 23.0505867004, 27.22382164, 30.6028957367, 24.0320472717, 44.1145935059, 45.082660675, 35.0600242615, 60.1536140442, 49.5032234192, 35.7825317383, 47.0935325623, 41.1684799194, 30.5022354126, 43.6846809387, 31.7408409119, 17.0410232544, 7.85033845901, 5.24472475052, 4.88658714294, 5.10381698608, 4.74886894226, 3.3534014225, 1.30278861523, 0.380392223597, 0.12107475847, 0.0206634514034, 0.00118954002392, 4.73206855531e-05, 1.60961481015e-05, 2.3103750209e-05],
        "min": [1.55875241035e-05, 0.000159049071954, 0.00111823552288, 0.00634472817183, 0.0143718989566, 0.02824742347, 0.0290518794209, 0.0507976450026, 0.0351675972342, 0.0609097518027, 0.0627060979605, 0.0390771143138, 0.0540761575103, 0.0274809431285, 0.0317583009601, 0.0418731197715, 0.0475235767663, 0.063552826643, 0.146208927035, 0.220067188144, 0.122684158385, 0.209783881903, 0.172706216574, 0.167149558663, 0.105997592211, 0.0675187706947, 0.0313981026411, 0.0214156005532, 0.0169502887875, 0.0167904235423, 0.0081792306155, 0.00495197437704, 0.00300282472745, 0.00132043054327, 0.000865772773977, 0.000250842684181, 1.34284591695e-05, 5.87437853028e-07, 3.44303430211e-07, 5.09201584009e-07],
        "stdev": [0.00878285523504, 0.166250929236, 1.0548889637, 2.43661308289, 6.94691133499, 6.61610651016, 8.60688495636, 16.5065288544, 16.698923111, 39.2355194092, 32.5910415649, 51.5673027039, 62.3442153931, 47.5849609375, 98.2969818115, 82.9668045044, 60.1421699524, 120.761955261, 99.5839767456, 62.4207344055, 84.1236495972, 78.1214752197, 43.702709198, 66.1099243164, 52.9213752747, 22.5390224457, 11.7976388931, 10.3570308685, 10.9557304382, 15.6215162277, 17.3120193481, 10.9911165237, 5.38414287567, 2.09580039978, 0.524657964706, 0.0654084011912, 0.00306573230773, 0.000131505425088, 2.13072416955e-05, 1.65464334714e-05]
    },
    "gfcc": {
        "mean": [-15.6216583252, 93.3563613892, -163.716415405, 42.3399734497, -75.847946167, 13.6194000244, -47.6161880493, 4.3674530983, -23.0269489288, -12.2754049301, -6.91137838364, -13.3693637848, -9.12246608734],
        "cov": [[2233.83496094, -319.971862793, -325.675201416, 15.0944309235, -87.4291381836, 49.2898216248, 32.8998985291, 71.505317688, 76.2580184937, -1.66422891617, 73.8552932739, -66.1997375488, -25.4604263306], [-319.971862793, 591.758666992, 201.098098755, -31.370973587, 135.619842529, -27.3397941589, 45.2653961182, -3.43634724617, -39.3858833313, -52.8225402832, 3.71604275703, -34.5716133118, -31.6349182129], [-325.675201416, 201.098098755, 693.319824219, 186.367401123, 25.3421840668, 66.9088134766, -96.3641433716, 37.279083252, -70.1087341309, 38.5713653564, -90.2167434692, 59.8402900696, -13.2370595932], [15.0944309235, -31.370973587, 186.367401123, 314.329803467, 85.9287033081, -48.0410728455, -28.8655433655, 15.1489648819, 34.5550994873, 29.1348209381, -58.2331314087, 39.6992645264, 15.1614875793], [-87.4291381836, 135.619842529, 25.3421840668, 85.9287033081, 221.812973022, 6.53905534744, -33.5299873352, 15.7128734589, 21.7544841766, -6.04740571976, -23.207654953, -10.5716638565, 0.137525290251], [49.2898216248, -27.3397941589, 66.9088134766, -48.0410728455, 6.53905534744, 238.564849854, 78.7131195068, -24.0431556702, -43.3425178528, -19.8446712494, 15.1765146255, -28.0080947876, -6.05610227585], [32.8998985291, 45.2653961182, -96.3641433716, -28.8655433655, -33.5299873352, 78.7131195068, 222.644088745, 0.252340078354, -53.4589614868, -28.2448806763, 13.1678924561, -14.3415565491, 1.64951360226], [71.505317688, -3.43634724617, 37.279083252, 15.1489648819, 15.7128734589, -24.0431556702, 0.252340078354, 107.382522583, 36.8959197998, 0.388823986053, -3.69472765923, 12.0713434219, -5.02503299713], [76.2580184937, -39.3858833313, -70.1087341309, 34.5550994873, 21.7544841766, -43.3425178528, -53.4589614868, 36.8959197998, 135.364334106, 14.961233139, 14.5451183319, -7.86153650284, -8.63990306854], [-1.66422891617, -52.8225402832, 38.5713653564, 29.1348209381, -6.04740571976, -19.8446712494, -28.2448806763, 0.388823986053, 14.961233139, 97.9264144897, -4.46944284439, 8.26340866089, 1.94088959694], [73.8552932739, 3.71604275703, -90.2167434692, -58.2331314087, -23.207654953, 15.1765146255, 13.1678924561, -3.69472765923, 14.5451183319, -4.46944284439, 108.400993347, 0.182093918324, -7.36109733582], [-66.1997375488, -34.5716133118, 59.8402900696, 39.6992645264, -10.5716638565, -28.0080947876, -14.3415565491, 12.0713434219, -7.86153650284, 8.26340866089, 0.182093918324, 93.8837814331, 27.0238876343], [-25.4604263306, -31.6349182129, -13.2370595932, 15.1614875793, 0.137525290251, -6.05610227585, 1.64951360226, -5.02503299713, -8.63990306854, 1.94088959694, -7.36109733582, 27.0238876343, 67.7874755859]],
        "icov": [[0.000606380112004, -0.000203166608117, 0.000788835808635, -0.000824952905532, 0.000743951939512, -0.000771439052187, 0.000682434358168, -0.00103181891609, 0.000464505050331, -0.000177279784111, -9.64788559941e-05, 0.000271000870271, 0.000253730540862], [-0.000203166608117, 0.00726864580065, -0.00698231672868, 0.00610767025501, -0.00758120557293, 0.00756630999967, -0.00743012409657, 0.00542913842946, -0.00358299445361, 0.00384838879108, -0.00363506586291, 0.00348041090183, -0.000488174060592], [0.000788835808635, -0.00698231672868, 0.010613931343, -0.00861728563905, 0.00861418154091, -0.009954825975, 0.0101008508354, -0.00828529149294, 0.00678712036461, -0.00441726250574, 0.00471799215302, -0.00429574679583, 0.00248734117486], [-0.000824952905532, 0.00610767025501, -0.00861728563905, 0.0117468629032, -0.00912549160421, 0.00878881383687, -0.0088964458555, 0.00741287646815, -0.00665449770167, 0.0026855270844, -0.00147733581252, 0.00119084271137, -0.001760093146], [0.000743951939512, -0.00758120557293, 0.00861418154091, -0.00912549160421, 0.0140972286463, -0.00962950009853, 0.00981212127954, -0.00784032419324, 0.00466382410377, -0.00332162878476, 0.00422191806138, -0.00223085493781, 0.000793068844359], [-0.000771439052187, 0.00756630999967, -0.009954825975, 0.00878881383687, -0.00962950009853, 0.0150045137852, -0.0113358143717, 0.00865123607218, -0.00503429956734, 0.00465953117236, -0.00504734506831, 0.00509997317567, -0.00174745812546], [0.000682434358168, -0.00743012409657, 0.0101008508354, -0.0088964458555, 0.00981212127954, -0.0113358143717, 0.0157877672464, -0.0092959869653, 0.00840165838599, -0.0033162352629, 0.00370740145445, -0.00302091310732, 0.00141782662831], [-0.00103181891609, 0.00542913842946, -0.00828529149294, 0.00741287646815, -0.00784032419324, 0.00865123607218, -0.0092959869653, 0.0179431159049, -0.00872010644525, 0.00368436099961, -0.00225336919539, 0.000462824333226, -0.000430759595474], [0.000464505050331, -0.00358299445361, 0.00678712036461, -0.00665449770167, 0.00466382410377, -0.00503429956734, 0.00840165838599, -0.00872010644525, 0.0150853171945, -0.00321605661884, 0.000251876394032, -0.000135357302497, 0.00210208306089], [-0.000177279784111, 0.00384838879108, -0.00441726250574, 0.0026855270844, -0.00332162878476, 0.00465953117236, -0.0033162352629, 0.00368436099961, -0.00321605661884, 0.0132505344227, -0.00215160101652, 0.00177417381201, -0.000687238294631], [-9.64788559941e-05, -0.00363506586291, 0.00471799215302, -0.00147733581252, 0.00422191806138, -0.00504734506831, 0.00370740145445, -0.00225336919539, 0.000251876394032, -0.00215160101652, 0.0136611973867, -0.00439271051437, 0.00213069980964], [0.000271000870271, 0.00348041090183, -0.00429574679583, 0.00119084271137, -0.00223085493781, 0.00509997317567, -0.00302091310732, 0.000462824333226, -0.000135357302497, 0.00177417381201, -0.00439271051437, 0.0166774336249, -0.00600481685251], [0.000253730540862, -0.000488174060592, 0.00248734117486, -0.001760093146, 0.000793068844359, -0.00174745812546, 0.00141782662831, -0.000430759595474, 0.00210208306089, -0.000687238294631, 0.00213069980964, -0.00600481685251, 0.0181875154376]]
    },
    "melbands": {
        "max": [0.000990215688944, 0.00316665926948, 0.00589813757688, 0.00601139571518, 0.00257988017984, 0.00374546926469, 0.00217981263995, 0.00644530635327, 0.00244500488043, 0.00466119172052, 0.00467361975461, 0.00260006310418, 0.00361209386028, 0.00280369818211, 0.00150218000636, 0.00265399622731, 0.00231931777671, 0.00171524204779, 0.00212670513429, 0.00165633216966, 0.00120269448962, 0.00103284127545, 0.00077765918104, 0.000405693193898, 0.000722709810361, 0.000995047972538, 0.000343664782122, 0.00018518982688, 6.24075109954e-05, 0.000101214296592, 6.85754275764e-05, 8.72457603691e-05, 9.39937017392e-05, 0.000210087164305, 0.000250805111136, 0.000343322695699, 9.84615107882e-05, 8.18381158751e-05, 7.4692616181e-05, 3.33352181769e-05],
        "mean": [7.37647133064e-05, 0.000306349247694, 0.000364300183719, 0.000332914554747, 0.000257362931734, 0.000185323369806, 0.000157811809913, 0.000208000681596, 0.000193965155631, 0.000169765931787, 0.000149973871885, 9.01884413906e-05, 0.00013960096112, 0.000116864903248, 0.00010309874051, 8.09413249954e-05, 0.000118725423818, 8.29527416499e-05, 6.07160582149e-05, 4.84475822304e-05, 5.67908246012e-05, 4.90788952447e-05, 2.39089076786e-05, 2.82723176497e-05, 3.72993417841e-05, 2.42095211433e-05, 1.90809005289e-05, 9.49342938839e-06, 4.90435968459e-06, 4.37678954768e-06, 2.54057408711e-06, 2.80588437818e-06, 2.58712657342e-06, 2.87456691694e-06, 2.67774635176e-06, 2.66440974883e-06, 1.81343614258e-06, 9.97031179395e-07, 5.01285853716e-07, 2.59830954974e-07],
        "min": [2.25653053576e-07, 6.48083471333e-07, 1.81634095497e-06, 2.21774371312e-06, 9.01378257367e-07, 1.00532804481e-06, 4.56385862435e-07, 5.06931314703e-07, 4.92483138714e-07, 2.3318239073e-07, 2.48530312774e-07, 1.00876533793e-07, 9.33507990908e-08, 9.7975075164e-08, 8.03404134331e-08, 1.23179319189e-07, 9.87743220549e-08, 1.55975413918e-07, 1.58539506856e-07, 2.23820379119e-07, 8.71576446571e-08, 2.0782859167e-07, 1.49711468111e-07, 1.07775605329e-07, 9.03936197005e-08, 5.3064120209e-08, 6.66722499432e-08, 2.6612198667e-08, 1.8090386078e-08, 6.93101309679e-09, 1.17993890214e-08, 1.13907434596e-08, 5.78896841574e-09, 8.8628642203e-09, 4.88609464e-09, 3.27138338641e-09, 2.8583040379e-09, 2.03545025279e-09, 1.40577705032e-09, 1.03913777583e-09],
        "stdev": [0.000105033446744, 0.00042193417903, 0.000522983609699, 0.000456925015897, 0.000292430253467, 0.000348686677171, 0.000254825601587, 0.000443708529929, 0.000282202177914, 0.000339425285347, 0.000315245823003, 0.000185120574315, 0.000324688386172, 0.000226022079005, 0.000190116479644, 0.000207728560781, 0.000246248819167, 0.000181994648301, 0.000142481570947, 9.77165836957e-05, 0.000112030400487, 0.000100117198599, 4.62057396362e-05, 4.54087094113e-05, 6.05897148489e-05, 4.97610999446e-05, 2.95099198411e-05, 1.40068159453e-05, 7.44610088077e-06, 9.47007993091e-06, 5.57986322747e-06, 6.39691688775e-06, 6.69466180625e-06, 9.63572983892e-06, 9.1065558081e-06, 1.12827256089e-05, 5.44136719327e-06, 3.71253486264e-06, 2.99789167002e-06, 1.42596877595e-06]
    },
    "melbands128": {
        "max": [0.000135279959068, 0.000739645096473, 0.00118232704699, 0.00296875275671, 0.00413203891367, 0.00500480178744, 0.0058109043166, 0.00601825211197, 0.0141482632607, 0.00704836519435, 0.00416878098622, 0.00495185423642, 0.00357438484207, 0.00241441535763, 0.0060741296038, 0.00841126590967, 0.00415879487991, 0.00315703661181, 0.00436221295968, 0.0072916210629, 0.0103667844087, 0.00482937693596, 0.00344382086769, 0.00730544142425, 0.00526483543217, 0.0100756892934, 0.00355198024772, 0.00643347669393, 0.00735609885305, 0.00256349332631, 0.00433400878683, 0.00655552837998, 0.00619180640206, 0.00964988023043, 0.00667575234547, 0.0045145903714, 0.00349142355844, 0.00291172158904, 0.00196906062774, 0.00193467084318, 0.00371036934666, 0.00751362694427, 0.00533356657252, 0.00413599517196, 0.00548861408606, 0.00334995496087, 0.00385434506461, 0.0035262000747, 0.00229337834753, 0.00113620888442, 0.00350629445165, 0.00273889815435, 0.00145398685709, 0.00281479558907, 0.00296658300795, 0.00207238434814, 0.00244052824564, 0.00196335162036, 0.0005278448225, 0.00104178616311, 0.000687250925694, 0.000650250411127, 0.00163437309675, 0.00109626050107, 0.000666062522214, 0.00147502566688, 0.000862240092829, 0.000658498844132, 0.000458738475572, 0.000387978507206, 0.000380180921638, 0.000299042119877, 0.000153666376718, 0.000112444504339, 0.000177645968506, 0.0002061817504, 0.000193566869712, 0.000106677609438, 5.04481213284e-05, 9.08684378373e-05, 9.54351562541e-05, 0.000110399312689, 0.00010840271716, 7.8516510257e-05, 0.000162228243425, 0.000245889299549, 0.000281524669845, 0.000168861311977, 0.00027187296655, 0.000250124779996, 0.000455572211649, 0.000382831378374, 0.000131829365273, 9.34945346671e-05, 0.000111927722173, 6.06175708526e-05, 6.27437548246e-05, 0.000170209255884, 6.06685935054e-05, 6.35922915535e-05, 4.23970086558e-05, 2.90925763693e-05, 2.80019285128e-05, 1.82451167348e-05, 1.47437585838e-05, 8.48148192745e-06, 3.62533182852e-06, 2.93231255455e-06, 2.14411261368e-06, 1.05457820609e-06, 2.88527900238e-07, 1.06052617355e-07, 1.275532302e-08, 3.799824011e-09, 3.99323418776e-09, 5.55742607489e-09, 3.47076745122e-09, 3.37359784552e-09, 3.28227622859e-09, 3.20344639704e-09, 3.13209191916e-09, 3.06135272687e-09, 2.99298585915e-09, 2.9616553654e-09, 2.91288526633e-09, 2.8761661941e-09, 2.84590884192e-09, 2.84143131246e-09],
        "mean": [7.87112094258e-06, 3.2906224078e-05, 6.87195570208e-05, 0.000209917852771, 0.000352852192009, 0.000360885867849, 0.000296104815789, 0.000368541979697, 0.000479797337903, 0.000284934882075, 0.000272135570413, 0.000343347870512, 0.000247075950028, 0.000166737838299, 0.000180460978299, 0.00019939953927, 0.000184028889635, 0.000129046791699, 0.000152680673636, 0.000225967247388, 0.000234331833781, 0.000155270521645, 0.000209437464946, 0.000209503268707, 0.000156544469064, 0.00018365199503, 0.000123591104057, 0.000198562513106, 0.000115105853183, 5.6410121033e-05, 9.18032746995e-05, 0.000129681619001, 0.000115380615171, 0.000205052128877, 8.97771678865e-05, 9.29560919758e-05, 0.000148646635353, 0.000126019760501, 5.72527569602e-05, 5.22535847267e-05, 0.000101366524177, 0.000100338103948, 9.50521571212e-05, 0.000170470273588, 8.74738107086e-05, 6.61205122015e-05, 6.82545360178e-05, 8.33241647342e-05, 4.24426725658e-05, 2.97107289953e-05, 4.89693920827e-05, 7.47433659853e-05, 4.06458930229e-05, 5.64788242627e-05, 7.57921370678e-05, 4.49335675512e-05, 3.44345717167e-05, 2.03936597245e-05, 1.81998093467e-05, 3.36384837283e-05, 2.73823297903e-05, 2.04287043744e-05, 5.10715435666e-05, 3.90435852751e-05, 2.12472295971e-05, 2.60351425823e-05, 2.42526257352e-05, 2.1048634153e-05, 2.02953742701e-05, 1.20782087834e-05, 9.15885902941e-06, 8.83963184606e-06, 6.51614618619e-06, 3.38094901053e-06, 3.43835017702e-06, 6.37262292003e-06, 3.48598587152e-06, 2.67599102699e-06, 2.30578075389e-06, 2.61204331764e-06, 2.65580592895e-06, 3.26420786223e-06, 2.37859853769e-06, 2.21578716264e-06, 2.99224461742e-06, 3.19650712299e-06, 2.71147018793e-06, 2.52514655585e-06, 2.63565334535e-06, 2.71282965514e-06, 3.12858969664e-06, 2.40576423494e-06, 2.41601264861e-06, 1.80633287528e-06, 1.58252566962e-06, 1.09545987925e-06, 8.8462036274e-07, 8.17991121949e-07, 4.92359902182e-07, 3.71360471263e-07, 2.72454059314e-07, 2.59510898104e-07, 2.16490349203e-07, 1.54713546863e-07, 1.49845661213e-07, 9.95316113972e-08, 5.68668347967e-08, 4.6053681757e-08, 2.9877710972e-08, 1.68213958318e-08, 8.06606159642e-09, 2.22716245446e-09, 2.254228193e-10, 1.99862158073e-11, 1.93942969323e-11, 1.83023908529e-11, 9.06431874004e-12, 8.53382989274e-12, 8.2218034464e-12, 7.94371859958e-12, 7.69698974695e-12, 7.45549108561e-12, 7.22627426647e-12, 7.06188362995e-12, 6.93786347816e-12, 6.8420815888e-12, 6.76230512558e-12, 6.71413619147e-12],
        "min": [5.05925479288e-09, 3.28415268314e-08, 7.44664561125e-08, 1.30533948095e-08, 3.8384320078e-07, 3.02135845232e-07, 4.56418774775e-07, 3.94163549799e-07, 6.24303936547e-07, 7.04988792677e-07, 4.55812369182e-07, 4.10944664964e-07, 1.89779100879e-07, 2.96310872727e-07, 2.55450913755e-07, 1.2509386238e-07, 3.95680160636e-07, 1.23792830209e-07, 1.80911158054e-07, 2.46584193064e-07, 2.19463913709e-07, 1.58366347591e-07, 1.47259200389e-07, 4.31297593195e-08, 8.14187757214e-08, 7.60256000376e-08, 6.42997974865e-08, 5.00847292528e-08, 1.01132087593e-07, 3.74055595387e-08, 2.76974745361e-08, 6.45803055477e-08, 4.46419754496e-08, 5.46519487443e-08, 5.15833633585e-08, 1.26939569967e-08, 3.30350289346e-08, 7.87340326269e-08, 2.41620838892e-08, 5.56019799092e-08, 1.107378651e-07, 1.05563138675e-07, 8.19025345322e-08, 4.53710669035e-08, 2.05711039314e-08, 6.87746606332e-08, 3.56111122812e-08, 2.3669173288e-08, 4.7148613902e-08, 6.16212645355e-08, 5.15805638202e-08, 6.26620817457e-08, 4.81976911715e-08, 2.16537010544e-08, 6.4801724875e-08, 4.68176715174e-08, 7.02334403968e-08, 4.13435436997e-08, 4.65254004212e-08, 4.88531490817e-08, 1.45889265113e-08, 2.962470802e-08, 4.23508623726e-08, 5.54430492627e-08, 4.45767724955e-08, 3.36611840623e-08, 2.53462353328e-08, 2.88074932797e-08, 2.95936359862e-08, 1.87333775159e-08, 1.05570148179e-08, 1.14016378561e-08, 8.5510967196e-09, 6.71999256241e-09, 2.50839460314e-09, 3.12587022933e-09, 5.80334402756e-09, 3.03911673605e-09, 1.04813278057e-08, 6.25512353025e-09, 3.12931214275e-09, 6.52304121829e-09, 2.30749952479e-09, 3.81951226203e-09, 6.64978028198e-09, 1.15080638352e-08, 4.97416596801e-09, 4.97936225585e-09, 5.61805491017e-09, 3.1177509463e-09, 3.00496205696e-09, 2.59133359215e-09, 3.31694560707e-09, 3.11120817997e-09, 2.25504237505e-09, 1.36462197098e-09, 3.08334607846e-10, 1.22030219263e-09, 8.09388556178e-10, 8.07649502832e-10, 1.06533126765e-09, 1.38783956549e-10, 3.73254240016e-11, 3.98750962805e-11, 4.937228959e-10, 6.62741306279e-10, 1.10946017998e-11, 3.11051219504e-11, 1.53653478829e-11, 3.09792295983e-11, 1.78359833413e-12, 3.42721809049e-13, 1.32570251435e-13, 1.4656053877e-13, 1.90793222692e-13, 2.07200223775e-13, 1.82851997432e-13, 1.76177350703e-13, 1.89395116886e-13, 1.94993123753e-13, 1.80874182277e-13, 1.3888868354e-13, 1.7406129977e-13, 1.86773732873e-13, 1.78624340796e-13, 1.73408935323e-13, 2.19599037847e-13, 1.53481299393e-13],
        "stdev": [1.40789543366e-05, 6.87097926857e-05, 0.000120846067148, 0.000345697306329, 0.000562665401958, 0.000546485243831, 0.000508037745021, 0.000617192941718, 0.000882422202267, 0.000499574525747, 0.000390102650272, 0.000476055720355, 0.000377072952688, 0.000279950181721, 0.000456209119875, 0.000579754414503, 0.000396201823605, 0.000265716953436, 0.00039247944369, 0.000607718422543, 0.00061898358399, 0.000333383388352, 0.000372350390535, 0.000515517778695, 0.000397680851165, 0.000596605590545, 0.000316507124808, 0.000520748726558, 0.000335088378051, 0.000157718954142, 0.000270379532594, 0.000468700076453, 0.000409024069086, 0.00060410000151, 0.000297049235087, 0.000274214224191, 0.000370388384908, 0.000317184661981, 0.000136861010105, 0.000143831348396, 0.000324035761878, 0.000467541103717, 0.000285655434709, 0.000439187482698, 0.000319617247442, 0.000231814861763, 0.000259104534052, 0.000268108240562, 0.000116156232252, 9.07848661882e-05, 0.000143115015817, 0.000184579039342, 0.000124083744595, 0.00018889279454, 0.000209833568078, 0.000123439691379, 0.000117037379823, 8.4275023255e-05, 3.3021249692e-05, 6.67600688757e-05, 6.74781476846e-05, 5.41088629689e-05, 0.000105598512164, 7.30028768885e-05, 5.45779039385e-05, 7.42101765354e-05, 5.68339601159e-05, 4.18095223722e-05, 4.10185057262e-05, 2.56525254372e-05, 2.19779631152e-05, 1.64097564266e-05, 1.1843604625e-05, 8.49517255119e-06, 9.54432562139e-06, 1.58143029694e-05, 1.10678756755e-05, 7.83457744546e-06, 5.06619471707e-06, 6.72797341394e-06, 6.848855719e-06, 8.33047033666e-06, 6.95252401783e-06, 6.24930680715e-06, 8.8431434051e-06, 1.17898507597e-05, 1.08228005047e-05, 7.13219560566e-06, 9.46148793446e-06, 1.05427461676e-05, 1.51425865624e-05, 1.16009350677e-05, 7.14801308277e-06, 5.39119309906e-06, 5.72204953642e-06, 3.07349705508e-06, 3.36923653776e-06, 5.55321230422e-06, 2.57003466686e-06, 2.71098178928e-06, 1.72316629232e-06, 1.23150664422e-06, 1.08560061562e-06, 8.16579131424e-07, 6.19690013082e-07, 3.76116645384e-07, 1.87442410038e-07, 1.40511815516e-07, 1.0068927736e-07, 4.91457470275e-08, 1.72970171519e-08, 6.10122308231e-09, 8.67602101273e-10, 1.68593305983e-10, 1.9235596449e-10, 2.10688869129e-10, 1.37164418712e-10, 1.31850350082e-10, 1.27350754942e-10, 1.23512214345e-10, 1.20186888219e-10, 1.16959567031e-10, 1.13939926938e-10, 1.12522949292e-10, 1.10520939622e-10, 1.09019591965e-10, 1.07762715418e-10, 1.07572520336e-10]
    },
    "mfcc": {
        "mean": [-636.591552734, 103.918205261, -22.2516441345, 16.3990840912, -2.56380271912, -2.24049711227, -8.05894088745, 5.33918428421, -14.4037542343, 4.37363958359, -6.35249662399, -3.16340875626, -3.40346050262],
        "cov": [[2574.37890625, -468.923614502, -350.623413086, -141.90032959, -135.915512085, -86.3176422119, -11.3282442093, 42.4832267761, -69.6486358643, 185.795761108, 12.8670148849, 53.178653717, -71.9443435669], [-468.923614502, 663.563232422, 57.6434555054, 14.5736341476, 69.1318435669, -12.2527275085, 80.7762527466, 30.0888195038, -15.8905124664, -39.0678062439, 40.7018737793, -26.0991439819, 38.2923812866], [-350.623413086, 57.6434555054, 572.847961426, 100.05216217, 68.227722168, 77.0174026489, 27.0689697266, -0.858130812645, 43.1058158875, -65.4449462891, -20.1325092316, 18.571647644, 20.516866684], [-141.90032959, 14.5736341476, 100.05216217, 366.51965332, 115.723602295, -11.1987915039, -75.4528961182, -20.4994716644, 91.9704666138, -72.004524231, 7.07910871506, 9.15916347504, 74.7109527588], [-135.915512085, 69.1318435669, 68.227722168, 115.723602295, 306.410827637, 7.38860845566, -89.209815979, -11.292222023, 16.6043758392, 17.4336414337, 17.8997650146, -19.7683887482, 10.5891122818], [-86.3176422119, -12.2527275085, 77.0174026489, -11.1987915039, 7.38860845566, 189.930786133, 80.5832138062, -3.35021519661, 22.2788009644, -4.54460382462, -1.85279262066, -12.0315341949, -20.2362957001], [-11.3282442093, 80.7762527466, 27.0689697266, -75.4528961182, -89.209815979, 80.5832138062, 212.182403564, 42.9731445312, 2.34560108185, -12.5118694305, -10.0399084091, 0.0461691394448, -12.1430854797], [42.4832267761, 30.0888195038, -0.858130812645, -20.4994716644, -11.292222023, -3.35021519661, 42.9731445312, 130.769668579, 9.61366081238, 8.26354598999, -3.03157329559, 3.91227674484, 6.51799440384], [-69.6486358643, -15.8905124664, 43.1058158875, 91.9704666138, 16.6043758392, 22.2788009644, 2.34560108185, 9.61366081238, 123.450592041, -28.1889724731, -0.488025963306, -12.1951398849, 23.783241272], [185.795761108, -39.0678062439, -65.4449462891, -72.004524231, 17.4336414337, -4.54460382462, -12.5118694305, 8.26354598999, -28.1889724731, 154.098236084, 15.9361667633, -7.52930736542, -43.933216095], [12.8670148849, 40.7018737793, -20.1325092316, 7.07910871506, 17.8997650146, -1.85279262066, -10.0399084091, -3.03157329559, -0.488025963306, 15.9361667633, 89.2525405884, 15.298658371, -5.80792045593], [53.178653717, -26.0991439819, 18.571647644, 9.15916347504, -19.7683887482, -12.0315341949, 0.0461691394448, 3.91227674484, -12.1951398849, -7.52930736542, 15.298658371, 99.5262756348, 12.0645399094], [-71.9443435669, 38.2923812866, 20.516866684, 74.7109527588, 10.5891122818, -20.2362957001, -12.1430854797, 6.51799440384, 23.783241272, -43.933216095, -5.80792045593, 12.0645399094, 116.200012207]],
        "icov": [[0.000536416308023, 0.00036759278737, 0.000209423829801, -6.6039559897e-05, 6.99743031873e-05, 0.000226942152949, -0.000216412154259, -0.000167075180798, 0.000161559291882, -0.00046055985149, -0.000115552276839, -0.000177576090209, 4.18316558353e-05], [0.00036759278737, 0.00223015784286, -3.80749806936e-05, -2.43464528467e-05, -0.000694169022609, 0.00086519139586, -0.00149044173304, -0.000276124104857, 0.000754692533519, 0.00022434683342, -0.00130369467661, 0.000761640432756, -0.000625171524007], [0.000209423829801, -3.80749806936e-05, 0.00219684792683, -0.000348210684024, -0.000405135186156, -0.000707125465851, -0.000196962530026, -7.17118673492e-05, -0.000215348860365, 0.000435437366832, 0.000618967344053, -0.000775107182562, 0.000195539978449], [-6.6039559897e-05, -2.43464528467e-05, -0.000348210684024, 0.004820197355, -0.00133866083343, 0.000162898460985, 0.00103138794657, 0.000546424649656, -0.00284028542228, 0.00138917728327, -0.000302748376271, -0.000609607028309, -0.00168832496274], [6.99743031873e-05, -0.000694169022609, -0.000405135186156, -0.00133866083343, 0.00484338402748, -0.00110991799738, 0.00230822642334, -0.000436547561549, 0.000388894521166, -0.00122841389384, -0.000332566123689, 0.000805987045169, 0.000191000755876], [0.000226942152949, 0.00086519139586, -0.000707125465851, 0.000162898460985, -0.00110991799738, 0.00761157413945, -0.00371695146896, 0.00106639787555, -0.00100065383594, -0.000107456275146, -0.000655338226352, 0.000741960247979, 0.000908365414944], [-0.000216412154259, -0.00149044173304, -0.000196962530026, 0.00103138794657, 0.00230822642334, -0.00371695146896, 0.00857443362474, -0.00211174227297, -0.000623988977168, 0.000580412626732, 0.000930538750254, -0.000460446579382, 0.000327129499055], [-0.000167075180798, -0.000276124104857, -7.17118673492e-05, 0.000546424649656, -0.000436547561549, 0.00106639787555, -0.00211174227297, 0.0087432526052, -0.00135697133373, -0.000737909693271, 0.000422551645897, -0.000515056657605, -0.000763388175983], [0.000161559291882, 0.000754692533519, -0.000215348860365, -0.00284028542228, 0.000388894521166, -0.00100065383594, -0.000623988977168, -0.00135697133373, 0.0112078972161, 0.000527405063622, -0.000847444753163, 0.00206775241531, -0.000834895588923], [-0.00046055985149, 0.00022434683342, 0.000435437366832, 0.00138917728327, -0.00122841389384, -0.000107456275146, 0.000580412626732, -0.000737909693271, 0.000527405063622, 0.00900058168918, -0.00133319722954, 0.000571331765968, 0.00203519873321], [-0.000115552276839, -0.00130369467661, 0.000618967344053, -0.000302748376271, -0.000332566123689, -0.000655338226352, 0.000930538750254, 0.000422551645897, -0.000847444753163, -0.00133319722954, 0.0129411770031, -0.002850754885, 0.00104535860009], [-0.000177576090209, 0.000761640432756, -0.000775107182562, -0.000609607028309, 0.000805987045169, 0.000741960247979, -0.000460446579382, -0.000515056657605, 0.00206775241531, 0.000571331765968, -0.002850754885, 0.0117130056024, -0.00136139558163], [4.18316558353e-05, -0.000625171524007, 0.000195539978449, -0.00168832496274, 0.000191000755876, 0.000908365414944, 0.000327129499055, -0.000763388175983, -0.000834895588923, 0.00203519873321, 0.00104535860009, -0.00136139558163, 0.0112405000255]]
    },
    "spectral_contrast_coeffs": {
        "max": [-0.452097833157, -0.464575707912, -0.484898477793, -0.537762582302, -0.555966854095, -0.604089975357],
        "mean": [-0.696660995483, -0.75280803442, -0.731886565685, -0.745760381222, -0.731392681599, -0.748742878437],
        "min": [-0.914511680603, -0.924808740616, -0.893263459206, -0.883381128311, -0.876735389233, -0.892183125019],
        "stdev": [0.0585146695375, 0.0697854831815, 0.0784594044089, 0.0628956407309, 0.0591071844101, 0.0359231196344]
    },
    "spectral_contrast_valleys": {
        "max": [-5.52144527435, -5.15145111084, -5.46896409988, -5.95711135864, -5.89700078964, -7.33190345764],
        "mean": [-7.22386407852, -6.79124498367, -7.47595739365, -7.58678722382, -7.59186601639, -10.3399496078],
        "min": [-9.42043685913, -8.64945602417, -10.1959085464, -9.41539955139, -9.37947845459, -12.41248703],
        "stdev": [0.672698497772, 0.542822301388, 0.614994347095, 0.522893071175, 0.5763027668, 0.641952395439]
    }
},
"rhythm": {
    "beats_count": 71,
    "beats_loudness": {
        "max": 0.0570960976183,
        "mean": 0.0237673707306,
        "min": 0.00299857323989,
        "stdev": 0.0112296734005
    },
    "bpm": 133.229431152,
    "bpm_histogram_first_peak_bpm": 133,
    "bpm_histogram_first_peak_weight": 0.557377099991,
    "bpm_histogram_second_peak_bpm": 140,
    "bpm_histogram_second_peak_spread": 0,
    "bpm_histogram_second_peak_weight": 0.0714285746217,
    "danceability": 1.46709859371,
    "onset_rate": 3.26074194908,
    "beats_loudness_band_ratio": {
        "max": [0.648410201073, 0.525129497051, 0.528253614902, 0.798984587193, 0.770188033581, 0.940931499004],
        "mean": [0.147457748652, 0.155689954758, 0.212612703443, 0.231625035405, 0.222449377179, 0.103162810206],
        "min": [0.00560830626637, 0.00910426862538, 0.0100028542802, 0.013482269831, 0.00931173376739, 0.00727356877178],
        "stdev": [0.150867283344, 0.120703876019, 0.123320750892, 0.180588811636, 0.175537392497, 0.117537632585]
    },
