{
"metadata": {
    "version": {
        "essentia": "2.1-beta5",
        "essentia_git_sha": "Undefined",
        "extractor": "music 2.0"
    },
    "audio_properties": {
        "analysis": {
            "equal_loudness": 0,
            "length": 32.4963264465,
            "sample_rate": 44100,
            "start_time": 61.4980506897,
            "downmix": "mix"
        },
        "bit_rate": 192000,
        "length": 165.25642395,
        "lossless": 0,
        "number_channels": 2,
        "replay_gain": -20.8464889526,
        "sample_rate": 44100,
        "codec": "mp3",
        "md5_encoded": "a121703ad4124ece468dfa8b381c26fd"
    },
    "tags": {
        "file_name": "United KingdomUK_The Bad Old Days_Co-Co.mp3",
        "encoding": ["Lavf58.29.100"]
    }
},
"lowlevel": {
    "average_loudness": 0.87945830822,
    "barkbands_crest": {
        "max": 25.4819259644,
        "mean": 8.21783542633,
        "min": 2.86752796173,
        "stdev": 4.04084777832
    },
    "barkbands_flatness_db": {
        "max": 0.356725424528,
        "mean": 0.140142738819,
        "min": 0.0360799431801,
        "stdev": 0.0470673553646
    },
    "barkbands_kurtosis": {
        "max": 81.293762207,
        "mean": 0.758633971214,
        "min": -1.84066140652,
        "stdev": 5.33365297318
    },
    "barkbands_skewness": {
        "max": 8.33533859253,
        "mean": 0.421151459217,
        "min": -3.2373509407,
        "stdev": 0.938752353191
    },
    "barkbands_spread": {
        "max": 87.1688995361,
        "mean": 21.568113327,
        "min": 1.61814641953,
        "stdev": 10.781961441
    },
    "dissonance": {
        "max": 0.499653369188,
        "mean": 0.461575120687,
        "min": 0.307159662247,
        "stdev": 0.033237144351
    },
    "dynamic_complexity": 3.39310216904,
    "erbbands_crest": {
        "max": 31.6254367828,
        "mean": 10.0909776688,
        "min": 3.09315729141,
        "stdev": 5.10695314407
    },
    "erbbands_flatness_db": {
        "max": 0.401187956333,
        "mean": 0.203743234277,
        "min": 0.0811888799071,
        "stdev": 0.0421027764678
    },
    "erbbands_kurtosis": {
        "max": 34.3864631653,
        "mean": 1.16179287434,
        "min": -1.56196606159,
        "stdev": 3.24363017082
    },
    "erbbands_skewness": {
        "max": 4.75178956985,
        "mean": -0.0772435590625,
        "min": -2.00570106506,
        "stdev": 0.735576570034
    },
    "erbbands_spread": {
        "max": 94.724395752,
        "mean": 25.3140335083,
        "min": 1.73759949207,
        "stdev": 12.1113386154
    },
    "hfc": {
        "max": 97.9911727905,
        "mean": 19.4919948578,
        "min": 0.465294361115,
        "stdev": 19.5175571442
    },
    "loudness_ebu128": {
        "integrated": -4.8846540451,
        "loudness_range": 7.06423902512,
        "momentary": {
            "max": -0.247730642557,
            "mean": -6.02132081985,
            "min": -14.0079193115,
            "stdev": 3.31351232529
        },
        "short_term": {
            "max": -1.6377594471,
            "mean": -5.58847236633,
            "min": -10.6984272003,
            "stdev": 2.30956506729
        }
    },
    "melbands_crest": {
        "max": 31.2567558289,
        "mean": 10.6673440933,
        "min": 2.98072290421,
        "stdev": 4.64351129532
    },
    "melbands_flatness_db": {
        "max": 0.357235252857,
        "mean": 0.162973329425,
        "min": 0.0307415220886,
        "stdev": 0.0587021782994
    },
    "melbands_kurtosis": {
        "max": 190.035369873,
        "mean": 2.85673213005,
        "min": -1.60238850117,
        "stdev": 10.498421669
    },
    "melbands_skewness": {
        "max": 10.1412000656,
        "mean": 1.09933006763,
        "min": -3.04496860504,
        "stdev": 1.11345458031
    },
    "melbands_spread": {
        "max": 227.514282227,
        "mean": 34.9278755188,
        "min": 1.79169690609,
        "stdev": 20.3806304932
    },
    "pitch_salience": {
        "max": 0.891691803932,
        "mean": 0.56928730011,
        "min": 0.142651617527,
        "stdev": 0.105014167726
    },
    "silence_rate_20dB": {
        "max": 1,
        "mean": 1,
        "min": 1,
        "stdev": 0
    },
    "silence_rate_30dB": {
        "max": 1,
        "mean": 1,
        "min": 1,
        "stdev": 0
    },
    "silence_rate_60dB": {
        "max": 1,
        "mean": 0.105638831854,
        "min": 0,
        "stdev": 0.30737298727
    },
    "spectral_centroid": {
        "max": 4246.28271484,
        "mean": 1644.13647461,
        "min": 357.812469482,
        "stdev": 667.736450195
    },
    "spectral_complexity": {
        "max": 50,
        "mean": 19.4225559235,
        "min": 0,
        "stdev": 11.2593202591
    },
    "spectral_decrease": {
        "max": -8.29558852167e-11,
        "mean": -3.25568549897e-09,
        "min": -1.24206991359e-08,
        "stdev": 2.37719932628e-09
    },
    "spectral_energy": {
        "max": 0.0529151409864,
        "mean": 0.0140556879342,
        "min": 0.000355297554052,
        "stdev": 0.0104888183996
    },
    "spectral_energyband_high": {
        "max": 0.0118141723797,
        "mean": 0.000652577029541,
        "min": 2.45158594225e-06,
        "stdev": 0.00117824028712
    },
    "spectral_energyband_low": {
        "max": 0.00868298579007,
        "mean": 0.00112214498222,
        "min": 4.19602474722e-06,
        "stdev": 0.0013789270306
    },
    "spectral_energyband_middle_high": {
        "max": 0.0511845499277,
        "mean": 0.00769895827398,
        "min": 2.27886775974e-05,
        "stdev": 0.00801624450833
    },
    "spectral_energyband_middle_low": {
        "max": 0.0319679267704,
        "mean": 0.00506684090942,
        "min": 5.01049944432e-05,
        "stdev": 0.00430224649608
    },
    "spectral_entropy": {
        "max": 8.60469436646,
        "mean": 7.44059085846,
        "min": 5.81274557114,
        "stdev": 0.404851436615
    },
    "spectral_flux": {
        "max": 0.22598965466,
        "mean": 0.0598426945508,
        "min": 0.00834201835096,
        "stdev": 0.0319804660976
    },
    "spectral_kurtosis": {
        "max": 24.4810180664,
        "mean": 5.24592399597,
        "min": -1.4562574625,
        "stdev": 2.78167486191
    },
    "spectral_rms": {
        "max": 0.00718502094969,
        "mean": 0.00342926173471,
        "min": 0.000588754424825,
        "stdev": 0.0013975049369
    },
    "spectral_rolloff": {
        "max": 10486.6699219,
        "mean": 2110.04370117,
        "min": 322.998046875,
        "stdev": 1307.83508301
    },
    "spectral_skewness": {
        "max": 3.78748130798,
        "mean": 1.55380403996,
        "min": 0.100373357534,
        "stdev": 0.445971041918
    },
    "spectral_spread": {
        "max": 16179807,
        "mean": 3589985.75,
        "min": 2086192.25,
        "stdev": 1452715.25
    },
    "spectral_strongpeak": {
        "max": 13.3219661713,
        "mean": 1.51387226582,
        "min": 0.0218917094171,
        "stdev": 1.75973832607
    },
    "zerocrossingrate": {
        "max": 0.33154296875,
        "mean": 0.0720254927874,
        "min": 0.0126953125,
        "stdev": 0.03520270437
    },
    "barkbands": {
        "max": [0.000272127130302, 0.00336629198864, 0.00530892750248, 0.0112261753529, 0.0173418037593, 0.00718591408804, 0.0263188984245, 0.015050294809, 0.0240913759917, 0.0225066449493, 0.0329451523721, 0.0414094142616, 0.0228886082768, 0.0273913387209, 0.0272118393332, 0.0111461114138, 0.010221526958, 0.00580791756511, 0.00727676367387, 0.0066048996523, 0.00195410661399, 0.00443332875147, 0.00336631271057, 0.00575755070895, 0.00289887632243, 0.00156332028564, 4.41228394266e-06],
        "mean": [1.00841070889e-05, 0.000279831641819, 0.000555703183636, 0.000518051383551, 0.00148828688543, 0.000769465579651, 0.000881178246345, 0.000468363170512, 0.000591190066189, 0.00081031100126, 0.000982395024039, 0.00104411318898, 0.00112048175652, 0.000645543157589, 0.000919113401324, 0.000456966314232, 0.000663929095026, 0.00046164196101, 0.000505956006236, 0.000371016969439, 0.000170870567672, 0.000127668492496, 8.21195862954e-05, 7.36056463211e-05, 4.64774930151e-05, 1.12177367555e-05, 1.17985308634e-07],
        "min": [6.15097128787e-09, 4.78101867429e-07, 5.22043933415e-07, 9.08553147383e-07, 1.08655040094e-05, 1.36099856718e-06, 2.40372258986e-07, 5.5371651797e-07, 3.38083765428e-07, 2.19336826035e-07, 5.60616172152e-07, 6.18436729383e-07, 3.68177893506e-06, 2.47290813604e-07, 6.93695710652e-07, 1.90223403251e-07, 2.364461551e-07, 6.289050134e-07, 4.78176957586e-07, 4.80596611396e-07, 1.65801807839e-07, 1.39728129511e-07, 1.74311168166e-07, 1.427426497e-07, 4.85856723742e-08, 3.33112937234e-09, 1.95350701761e-12],
        "stdev": [2.31434860325e-05, 0.00044620555127, 0.000746782810893, 0.000912674469873, 0.00186217622831, 0.000956855423283, 0.00165821018163, 0.000879254948813, 0.00137877848465, 0.00158817344345, 0.0022063376382, 0.00253835483454, 0.0021795858629, 0.00181117339525, 0.00217288872227, 0.000944449857343, 0.00122288323473, 0.000740199640859, 0.000867856666446, 0.000613302807324, 0.000299896433717, 0.000307702983264, 0.000216672182432, 0.00025377998827, 0.000164942393894, 7.56248773541e-05, 3.70595586219e-07]
    },
    "erbbands": {
        "max": [0.0386926531792, 1.05810797215, 6.08861732483, 23.2361965179, 51.3938026428, 60.462223053, 64.4678726196, 64.6540145874, 415.033111572, 449.797424316, 258.970458984, 709.61517334, 767.410827637, 879.664794922, 1709.36279297, 1843.86486816, 1265.94677734, 1644.06591797, 1398.98693848, 772.572570801, 689.524841309, 446.86505127, 390.182983398, 492.789672852, 376.715118408, 157.373168945, 111.301338196, 107.443321228, 149.071258545, 213.493286133, 96.2555541992, 99.763923645, 171.213302612, 42.3329086304, 20.0192584991, 13.0799264908, 1.14159154892, 0.0726551264524, 0.00217534555122, 0.000217941458686],
        "mean": [0.00291291996837, 0.0868966132402, 0.577582061291, 1.33976614475, 3.48483538628, 5.42166042328, 4.74125814438, 6.57931613922, 11.1287755966, 11.2597074509, 13.3174409866, 13.7779359818, 22.086227417, 34.0360183716, 36.5010604858, 47.9878082275, 52.7972869873, 41.6702537537, 38.3149223328, 36.3172912598, 31.3570804596, 34.4085235596, 28.1959896088, 24.789773941, 26.8569316864, 15.5417156219, 8.37336826324, 5.76384305954, 4.80196142197, 3.56919169426, 2.18449163437, 1.63097667694, 1.15443694592, 0.637176811695, 0.263786613941, 0.0950571149588, 0.00891963392496, 0.000882129243109, 3.51874768967e-05, 2.03939071071e-05],
        "min": [9.01556995814e-06, 0.000180671646376, 0.000771913619246, 0.00593521073461, 0.00578278070316, 0.0355084761977, 0.0188787989318, 0.0115831848234, 0.00948669668287, 0.0179068092257, 0.0296799354255, 0.0227202400565, 0.0454150475562, 0.0227340832353, 0.0551416948438, 0.0915441066027, 0.177903100848, 0.110548958182, 0.062980696559, 0.0218596570194, 0.0113319242373, 0.0219065658748, 0.0444281511009, 0.0527549870312, 0.0502973720431, 0.021943859756, 0.0111543247476, 0.00646385457367, 0.00474799517542, 0.00587972579524, 0.00418558483943, 0.00461126258597, 0.00145369197708, 0.000635592557956, 0.000345927895978, 0.000131054126541, 5.46231649423e-06, 5.12154826993e-07, 3.06730498778e-07, 5.55893279852e-07],
        "stdev": [0.00398917729035, 0.136905387044, 0.815983831882, 2.19323611259, 5.29962348938, 6.75812196732, 6.73200893402, 8.83585357666, 20.1420516968, 22.1279697418, 23.1276779175, 34.0447311401, 42.0839805603, 61.1028709412, 113.2762146, 109.162200928, 113.053398132, 99.1359024048, 95.0588302612, 61.9957237244, 56.9878845215, 62.5154571533, 45.2336769104, 44.5822029114, 45.0067138672, 24.2815132141, 14.6768770218, 10.6874637604, 10.4190425873, 10.8080720901, 5.70032167435, 4.61980819702, 5.56938552856, 2.20647120476, 1.01152837276, 0.625243604183, 0.0513277128339, 0.00347531260923, 0.000105246261228, 1.86220986507e-05]
    },
    "gfcc": {
        "mean": [-37.1013336182, 101.541275024, -161.371749878, 28.6397247314, -63.5618743896, 14.4434928894, -43.5905838013, -2.01639676094, -31.0829677582, -5.9649810791, -9.39274787903, -10.0975179672, -8.7824716568],
        "cov": [[4874.48730469, -1726.82067871, -260.411468506, 220.038726807, -317.638214111, -240.380111694, -138.187637329, 403.582366943, -34.716053009, 83.5267715454, -354.782623291, 277.474639893, -100.617195129], [-1726.82067871, 1403.58227539, 72.710395813, -120.238731384, 221.437789917, -67.2995605469, 150.303604126, -202.761703491, 58.290435791, -150.042694092, 73.622505188, -134.86831665, 85.2689361572], [-260.411468506, 72.710395813, 559.705200195, 74.5879745483, -8.38201999664, 204.747833252, -76.4111862183, 11.5397081375, -55.9780845642, 48.304359436, 8.45318603516, -14.6190052032, -10.0746126175], [220.038726807, -120.238731384, 74.5879745483, 273.248901367, -0.835794389248, -18.7394618988, -41.5691947937, 13.0103235245, 26.5190658569, 13.7060823441, -19.5348625183, 6.16421508789, 0.993433475494], [-317.638214111, 221.437789917, -8.38201999664, -0.835794389248, 183.559204102, 34.7288398743, 45.4532852173, -34.7773323059, -10.7543258667, -11.7731170654, 10.2302522659, -33.1799125671, 2.27511262894], [-240.380111694, -67.2995605469, 204.747833252, -18.7394618988, 34.7288398743, 276.946899414, 31.3878231049, -13.5936107635, -63.4384307861, 27.2276172638, 21.9358406067, -26.8575305939, -3.99574041367], [-138.187637329, 150.303604126, -76.4111862183, -41.5691947937, 45.4532852173, 31.3878231049, 163.239639282, -16.9176158905, -9.59867572784, -24.5789489746, -10.6056585312, -9.82360172272, -1.42675793171], [403.582366943, -202.761703491, 11.5397081375, 13.0103235245, -34.7773323059, -13.5936107635, -16.9176158905, 155.963043213, 19.7090930939, 14.9291725159, -35.2733612061, 23.1954040527, -3.1117348671], [-34.716053009, 58.290435791, -55.9780845642, 26.5190658569, -10.7543258667, -63.4384307861, -9.59867572784, 19.7090930939, 103.236335754, 7.25643634796, -13.7970085144, 6.31068372726, 0.279031783342], [83.5267715454, -150.042694092, 48.304359436, 13.7060823441, -11.7731170654, 27.2276172638, -24.5789489746, 14.9291725159, 7.25643634796, 106.865036011, 12.3510923386, 14.1216850281, -16.4082584381], [-354.782623291, 73.622505188, 8.45318603516, -19.5348625183, 10.2302522659, 21.9358406067, -10.6056585312, -35.2733612061, -13.7970085144, 12.3510923386, 131.508987427, -12.8692045212, 7.28443098068], [277.474639893, -134.86831665, -14.6190052032, 6.16421508789, -33.1799125671, -26.8575305939, -9.82360172272, 23.1954040527, 6.31068372726, 14.1216850281, -12.8692045212, 82.0708007812, 3.24680972099], [-100.617195129, 85.2689361572, -10.0746126175, 0.993433475494, 2.27511262894, -3.99574041367, -1.42675793171, -3.1117348671, 0.279031783342, -16.4082584381, 7.28443098068, 3.24680972099, 74.5058135986]],
        "icov": [[0.000589558039792, 0.000506500538904, 5.84213194088e-05, -0.000197774075787, 8.81275409483e-05, 0.000526742718648, -9.29385932977e-05, -0.000555448816158, 0.000589527015109, 0.000149136802065, 0.000990828732029, -0.000705005135387, 0.000192107792827], [0.000506500538904, 0.00446374341846, -0.00358207058161, 0.00215446902439, -0.00320741860196, 0.00435954332352, -0.00398111203685, 0.00323155126534, -0.00404136721045, 0.00373432412744, -0.000760493567213, 0.00326151074842, -0.0037774250377], [5.84213194088e-05, -0.00358207058161, 0.00637067388743, -0.00289526768029, 0.00314779416658, -0.00583776691929, 0.00516305025667, -0.00356645253487, 0.00483135739341, -0.00357594853267, 0.00181597762275, -0.0033646535594, 0.00378265068866], [-0.000197774075787, 0.00215446902439, -0.00289526768029, 0.00556952925399, -0.00232844776474, 0.00264017656446, -0.00158589403145, 0.0023663174361, -0.00385535997339, 0.00179321633186, -0.000683719408698, 0.00232037971728, -0.00254230899736], [8.81275409483e-05, -0.00320741860196, 0.00314779416658, -0.00232844776474, 0.00917731318623, -0.00364258233458, 0.0016602978576, -0.00220740865916, 0.00388167961501, -0.00286333239637, 0.00131272606086, -0.00121057103388, 0.00298976199701], [0.000526742718648, 0.00435954332352, -0.00583776691929, 0.00264017656446, -0.00364258233458, 0.0108003141358, -0.00600255234167, 0.00299670128152, -0.00156066729687, 0.00210336083546, -0.00116152130067, 0.00437597837299, -0.00400996953249], [-9.29385932977e-05, -0.00398111203685, 0.00516305025667, -0.00158589403145, 0.0016602978576, -0.00600255234167, 0.0119840307161, -0.00316292769276, 0.00432837149128, -0.00213187607005, 0.00243312912062, -0.00390936713666, 0.00432154443115], [-0.000555448816158, 0.00323155126534, -0.00356645253487, 0.0023663174361, -0.00220740865916, 0.00299670128152, -0.00316292769276, 0.0113966148347, -0.00583230890334, 0.00244021695107, -0.000593381409999, 0.00295110442676, -0.00383011065423], [0.000589527015109, -0.00404136721045, 0.00483135739341, -0.00385535997339, 0.00388167961501, -0.00156066729687, 0.00432837149128, -0.00583230890334, 0.0178412646055, -0.00556648802012, 0.00344681204297, -0.00430371193215, 0.00432092463598], [0.000149136802065, 0.00373432412744, -0.00357594853267, 0.00179321633186, -0.00286333239637, 0.00210336083546, -0.00213187607005, 0.00244021695107, -0.00556648802012, 0.0146101936698, -0.00265000737272, 0.000979394069873, -0.00086366920732], [0.000990828732029, -0.000760493567213, 0.00181597762275, -0.000683719408698, 0.00131272606086, -0.00116152130067, 0.00243312912062, -0.000593381409999, 0.00344681204297, -0.00265000737272, 0.0110110836104, -0.00172876345459, 0.000784803240094], [-0.000705005135387, 0.00326151074842, -0.0033646535594, 0.00232037971728, -0.00121057103388, 0.00437597837299, -0.00390936713666, 0.00295110442676, -0.00430371193215, 0.000979394069873, -0.00172876345459, 0.0188948009163, -0.00527318380773], [0.000192107792827, -0.0037774250377, 0.00378265068866, -0.00254230899736, 0.00298976199701, -0.00400996953249, 0.00432154443115, -0.00383011065423, 0.00432092463598, -0.00086366920732, 0.000784803240094, -0.00527318380773, 0.0181128233671]]
    },
    "melbands": {
        "max": [0.000534080842044, 0.00241985428147, 0.00451975082979, 0.00414315331727, 0.00185458653141, 0.00138598796912, 0.0061894566752, 0.00398866925389, 0.00199595675804, 0.00439607677981, 0.00379890645854, 0.0038349526003, 0.00441591488197, 0.00372332916595, 0.0044226385653, 0.00244223652408, 0.00354839349166, 0.00183175632264, 0.00198074919172, 0.000782246526796, 0.00103801931255, 0.000684441416524, 0.000340830476489, 0.000268840638455, 0.000460651848698, 0.000264120404609, 0.000412428635173, 0.000145605852595, 8.66612972459e-05, 6.72106907587e-05, 6.30073700449e-05, 7.68398094806e-05, 0.000120521450299, 0.000124579208205, 6.3135768869e-05, 3.41879895132e-05, 8.46783877932e-05, 0.000121070013847, 6.39053687337e-05, 3.97825133405e-05],
        "mean": [5.03365699842e-05, 0.00024206758826, 0.000283192901406, 0.000337487406796, 0.000174614033313, 0.000149052037159, 0.000180571296369, 0.000110008986667, 0.000114551723527, 8.44841633807e-05, 0.000107171414129, 0.000130645887111, 0.00011793840531, 0.000115605907922, 0.000117336006952, 0.000112366797111, 7.49096288928e-05, 5.15613101015e-05, 7.43249620427e-05, 3.3364565752e-05, 3.84653685614e-05, 3.88399021176e-05, 2.6486646675e-05, 2.19060239033e-05, 1.98476445803e-05, 1.78764021257e-05, 1.86402539839e-05, 8.60028376337e-06, 5.14742896485e-06, 4.62123625766e-06, 3.00353349303e-06, 2.79019764093e-06, 2.24996733778e-06, 1.83490601557e-06, 1.26339568851e-06, 1.08624840323e-06, 9.607949778e-07, 8.39698543587e-07, 6.52090761832e-07, 4.98828285345e-07],
        "min": [1.20011677041e-07, 4.09571498494e-07, 9.81146285994e-07, 1.61420962286e-06, 7.50165099817e-07, 2.26412396387e-07, 1.15742984974e-07, 1.19621802241e-07, 9.11501345513e-08, 1.08951979882e-07, 1.01102877181e-07, 3.89369496645e-08, 9.48422851366e-08, 6.29664782537e-08, 1.63496849837e-07, 3.91333799143e-07, 1.76763350623e-07, 4.77504009666e-08, 5.48185674631e-08, 1.29453727737e-08, 9.23914988959e-09, 1.13928599887e-08, 2.22613216749e-08, 2.96738047467e-08, 2.93431270393e-08, 1.39485232253e-08, 2.29567618248e-08, 1.02845794103e-08, 6.62809496177e-09, 3.70386565862e-09, 3.37768635283e-09, 2.68022959382e-09, 2.53242893322e-09, 2.91760815507e-09, 2.36688313393e-09, 2.16352136206e-09, 2.32317631799e-09, 9.68325419848e-10, 6.341451253e-10, 4.95224694586e-10],
        "stdev": [7.17131842976e-05, 0.00032372851274, 0.000388770509744, 0.00043717189692, 0.000220273883315, 0.000190875347471, 0.000321175000863, 0.000212802842725, 0.000209984995308, 0.000213628503843, 0.000213740771869, 0.000250053883065, 0.000301046675304, 0.000280175881926, 0.000270840420853, 0.000207939272514, 0.000213836770854, 0.000127119230456, 0.000170498809894, 6.36843469692e-05, 7.50554536353e-05, 7.46046280256e-05, 4.45868208772e-05, 3.58786819561e-05, 3.93598311348e-05, 3.25459623127e-05, 3.3206983062e-05, 1.58325783559e-05, 9.66036441241e-06, 9.06558580027e-06, 6.38404890196e-06, 6.11195127931e-06, 6.39963036519e-06, 5.78395611228e-06, 3.44986142409e-06, 2.73143518825e-06, 3.22664641317e-06, 3.9755218495e-06, 2.65938274424e-06, 1.87209684555e-06]
    },
    "melbands128": {
        "max": [0.000108427513624, 0.00029734391137, 0.000476008339319, 0.00228289701045, 0.00350300013088, 0.00222719251178, 0.0048460373655, 0.00547511177137, 0.00674316193908, 0.00602939818054, 0.0039558573626, 0.00262642046437, 0.00308509310707, 0.003064857563, 0.00228610308841, 0.00255082035437, 0.00368788978085, 0.0115919858217, 0.00860474724323, 0.00666723772883, 0.00617469474673, 0.00224446225911, 0.00331248808652, 0.00482335360721, 0.00882652681321, 0.00887316651642, 0.00498849246651, 0.00579698616639, 0.0064455694519, 0.00664472393692, 0.00410164007917, 0.00440381001681, 0.00273848697543, 0.0134046347812, 0.00666256761178, 0.00629392033443, 0.0110146719962, 0.00815072096884, 0.00467238714918, 0.007075461559, 0.0031035922002, 0.00114141101949, 0.00732977176085, 0.00392519449815, 0.00153899320867, 0.000922214472666, 0.00716455187649, 0.00330611690879, 0.00241194292903, 0.00139629293699, 0.00137617636938, 0.00130448373966, 0.00148161896504, 0.00123934238218, 0.00199665082619, 0.000838599808048, 0.00112593197264, 0.000579587940592, 0.000824403192382, 0.000902010942809, 0.000489746511448, 0.000292015291052, 0.00104792404454, 0.000577217084356, 0.000552160665393, 0.0003343563003, 0.000677882519085, 0.000625293934718, 0.000534286606126, 0.000147245256812, 0.000166601428646, 0.000427109829616, 0.00014752993593, 8.73585158843e-05, 9.46710570133e-05, 0.000146829421283, 7.86140954006e-05, 8.65226247697e-05, 0.000106164028693, 8.66863556439e-05, 6.23582964181e-05, 9.08024594537e-05, 0.000111962719529, 0.000122007957543, 0.000235652696574, 0.000104784863652, 0.000167089980096, 6.81237361277e-05, 7.30595929781e-05, 5.7027926232e-05, 5.15961000929e-05, 5.76708007429e-05, 4.62738062197e-05, 9.73074929789e-05, 0.000116856936074, 4.67345307698e-05, 0.000178856324055, 0.000258091808064, 3.7366477045e-05, 3.11593867082e-05, 5.47712043044e-05, 3.69926528947e-05, 4.12902008975e-05, 2.41625966737e-05, 1.75246586878e-05, 2.52122572419e-05, 5.11694306624e-05, 4.22861630796e-05, 3.38412974088e-05, 1.92516781681e-05, 1.07001369543e-05, 1.97957911041e-06, 1.43368379213e-06, 1.21497885175e-06, 6.15874171217e-07, 8.51815570968e-07, 2.41641430421e-07, 1.72370402396e-08, 1.71102580993e-08, 1.61225983675e-08, 1.51243284563e-08, 1.53109365186e-08, 1.51062256037e-08, 1.4221382294e-08, 1.42006424397e-08, 1.43951934817e-08, 1.39211717709e-08, 1.36608004908e-08],
        "mean": [5.53411518922e-06, 1.14267550089e-05, 4.36335139966e-05, 0.000169522187207, 0.000285553542199, 0.000262152520008, 0.00027018529363, 0.000246278126724, 0.000367369677406, 0.000388904067222, 0.000316519639455, 0.00016691237397, 0.000171093226527, 0.000125216538436, 0.000138958013849, 0.000172682179254, 0.000159582850756, 0.000181491661351, 0.000219558132812, 0.000114412629046, 5.95017045271e-05, 7.17568473192e-05, 0.000159266302944, 0.000108194981294, 7.24306155462e-05, 8.58341154526e-05, 7.67725505284e-05, 0.000156974172569, 6.79286022205e-05, 9.99346229946e-05, 0.000174396554939, 0.000154622583068, 6.13337251707e-05, 0.000171914318344, 7.381663454e-05, 0.000105362239992, 0.000172624117113, 9.9673285149e-05, 9.60709876381e-05, 0.000129040708998, 0.000144762190757, 4.39902287326e-05, 7.33192646294e-05, 0.000105776300188, 2.69272622972e-05, 2.89630897896e-05, 9.55335781327e-05, 9.14692718652e-05, 6.15236422163e-05, 2.79378073174e-05, 3.08133676299e-05, 3.9960254071e-05, 2.92049226118e-05, 3.72765534848e-05, 5.8938665461e-05, 3.25526198139e-05, 3.3813274058e-05, 2.27662094403e-05, 2.3978178433e-05, 3.39229045494e-05, 1.88628673641e-05, 1.36760791065e-05, 2.74443646049e-05, 1.90619175555e-05, 1.36642865982e-05, 1.53386590682e-05, 2.32404727285e-05, 2.1826255761e-05, 2.01160655706e-05, 9.02265583136e-06, 7.67102210375e-06, 1.03608435893e-05, 5.30300758328e-06, 3.71997589355e-06, 4.38915139966e-06, 7.27624455976e-06, 2.82361975223e-06, 2.70937948699e-06, 3.4904567201e-06, 2.90050115836e-06, 2.2974491003e-06, 3.38874224326e-06, 2.34894469031e-06, 1.94084691429e-06, 2.36389155361e-06, 2.06942263503e-06, 1.67528446582e-06, 1.33804348934e-06, 1.2619689187e-06, 1.16020260066e-06, 1.11290012228e-06, 1.08034953428e-06, 1.05272056317e-06, 8.95433743153e-07, 1.00991644558e-06, 7.97177619916e-07, 8.38679341086e-07, 8.55827636315e-07, 5.94126049691e-07, 5.64448384921e-07, 6.44409681172e-07, 4.25740466881e-07, 4.56494262835e-07, 3.33399043484e-07, 2.43063908556e-07, 2.52649243748e-07, 2.80820358967e-07, 2.5418239602e-07, 1.60979212183e-07, 9.64199813325e-08, 4.75123407284e-08, 1.94039859736e-08, 1.59406035039e-08, 1.33883215625e-08, 1.13632658838e-08, 9.97634508337e-09, 4.18744328101e-09, 9.82347606038e-11, 8.65819221874e-11, 8.12829317742e-11, 8.03366539959e-11, 7.84096815254e-11, 7.60503049424e-11, 7.26964183295e-11, 7.35208699476e-11, 7.03270636171e-11, 6.74132347167e-11, 6.98938892874e-11],
        "min": [8.06464506287e-10, 2.17034177297e-08, 2.67961564049e-08, 1.62085726174e-07, 1.85809923892e-07, 2.6494583949e-07, 1.44347865216e-07, 3.90892239466e-07, 3.26676570239e-07, 4.31710702742e-07, 3.50937000348e-07, 4.29377308819e-07, 1.25154002717e-07, 2.15509658119e-07, 2.02208951805e-07, 1.71477509525e-07, 4.38012115467e-08, 6.51240839034e-08, 4.71671377511e-08, 7.50754569623e-09, 4.51204442697e-08, 5.69492009106e-08, 6.72308431149e-08, 4.81419633047e-08, 2.37067396824e-08, 1.6794938773e-08, 2.42835582753e-08, 1.96938003683e-08, 1.61737183646e-08, 1.26390782285e-08, 2.38165505095e-08, 1.01294839183e-08, 4.7027299388e-08, 3.91663377286e-08, 1.80986070575e-08, 2.85616330586e-08, 2.90389685631e-08, 3.58771430342e-08, 1.08747215677e-08, 7.83973064244e-08, 7.88656961959e-08, 3.33217400339e-08, 1.85701374278e-08, 2.01398560051e-08, 8.24816037692e-09, 4.36938885073e-09, 2.22115126292e-08, 4.89376823509e-08, 1.1014352097e-08, 1.66182676509e-08, 9.51721723652e-09, 5.64931346148e-09, 2.02908334579e-09, 2.43675368772e-09, 8.65591331944e-09, 8.08429678756e-09, 1.91020976814e-09, 3.78553810521e-09, 6.49445031087e-09, 2.22430234231e-08, 9.24863385876e-09, 9.69333324718e-09, 1.12479892067e-08, 1.35997932915e-08, 5.83006976029e-09, 6.79532030645e-09, 1.27577015618e-08, 9.74781322327e-09, 4.43326708677e-09, 6.44244924075e-09, 5.58962165442e-09, 4.27989332863e-09, 4.60916327327e-09, 4.26495150307e-09, 2.49759946058e-09, 3.03356317843e-09, 1.08621323047e-09, 1.04667996492e-09, 1.32763688931e-09, 1.40436051677e-09, 1.89829707509e-09, 6.35963504081e-10, 7.25386251066e-10, 1.21733423342e-09, 1.80902148816e-09, 1.79075820839e-09, 1.75924641521e-09, 1.37743616513e-09, 1.58236368453e-09, 1.60503832447e-09, 7.59816154439e-10, 1.72441083635e-09, 1.76913883543e-09, 1.10897868666e-09, 2.83156248448e-10, 9.16694720132e-10, 6.88502033164e-10, 7.60996876625e-10, 8.55109802411e-11, 4.78853179331e-10, 4.76381656345e-10, 3.15906217851e-10, 3.08041675501e-10, 2.97465524435e-10, 2.2586621462e-10, 2.57396076675e-10, 2.17952780823e-10, 1.04221501221e-11, 1.66157203014e-12, 1.67734001601e-12, 3.97694843637e-14, 2.88671098473e-14, 1.13665900761e-14, 5.01429909896e-15, 5.39768865726e-15, 6.93912641445e-15, 7.06220792498e-15, 6.35456017843e-15, 6.04643161508e-15, 6.259786509e-15, 7.05394850672e-15, 5.69512131207e-15, 6.21588690892e-15, 5.15934290326e-15, 6.35520095886e-15, 6.93908152171e-15, 7.37790853937e-15, 6.59993291776e-15],
        "stdev": [1.18621346701e-05, 2.42945698119e-05, 6.36254917481e-05, 0.000297067483189, 0.000480042683193, 0.00035037600901, 0.000526268733665, 0.000410115724662, 0.000661042169668, 0.00058229372371, 0.000433015928138, 0.000274554127827, 0.000299152598018, 0.000230560137425, 0.000259608437773, 0.000270963064395, 0.000289253075607, 0.000513814506121, 0.000485359807499, 0.00028925560764, 0.000212317158002, 0.000151930871652, 0.000328342721332, 0.000308533199131, 0.000319228012813, 0.000315310579026, 0.000201239556191, 0.000360705453204, 0.000239684377448, 0.000342017330695, 0.000356168777216, 0.000336787808919, 0.000190699836821, 0.000828700955026, 0.000363722036127, 0.000309490831569, 0.000523593043908, 0.00038050027797, 0.000328217574861, 0.000480386690469, 0.000248985539656, 8.65518231876e-05, 0.000367845059372, 0.000305432855384, 7.92480714153e-05, 7.62116906117e-05, 0.000445252720965, 0.000249975390034, 0.000150261024828, 6.64946855977e-05, 8.6114021542e-05, 0.000109443433757, 8.86865818757e-05, 8.47763512866e-05, 0.000156724228873, 8.00788620836e-05, 9.17920115171e-05, 5.18810957146e-05, 5.27650336153e-05, 7.10763051757e-05, 4.09119093092e-05, 2.91188098345e-05, 7.07168728695e-05, 4.34276844317e-05, 4.07245061069e-05, 3.3313230233e-05, 5.24896604475e-05, 4.46859703516e-05, 4.57283604192e-05, 1.67370762938e-05, 1.68246588146e-05, 3.20193648804e-05, 1.21334323921e-05, 7.6108376561e-06, 9.54952247412e-06, 1.78007230716e-05, 6.14213240624e-06, 6.36430831946e-06, 8.8929764388e-06, 7.40416271583e-06, 5.83862356507e-06, 7.92949776951e-06, 6.16683882981e-06, 6.17641580902e-06, 9.74164231593e-06, 5.97204962105e-06, 6.9059233283e-06, 3.97668509322e-06, 3.41268560078e-06, 3.62679497812e-06, 3.13428995469e-06, 3.14406497637e-06, 3.30174975716e-06, 3.63427807315e-06, 3.92724587073e-06, 2.84006819129e-06, 5.22016534887e-06, 7.73037481849e-06, 1.97054487217e-06, 2.01236343855e-06, 2.55433837992e-06, 1.75893205778e-06, 2.04702928386e-06, 1.32787238272e-06, 8.78150615335e-07, 1.09737129605e-06, 1.80832842034e-06, 1.80924382676e-06, 1.26051975258e-06, 7.85078839272e-07, 3.73073532955e-07, 8.62088640474e-08, 7.47100727949e-08, 5.5040736413e-08, 4.12927256832e-08, 3.90408949613e-08, 1.36870337286e-08, 5.75605563213e-10, 5.48301071213e-10, 5.09038589058e-10, 4.97681784672e-10, 4.99669472465e-10, 4.83715678623e-10, 4.6610498794e-10, 4.62729410344e-10, 4.61474497504e-10, 4.39020098053e-10, 4.48646786388e-10]
    },
    "mfcc": {
        "mean": [-663.680480957, 121.670959473, -31.0408744812, 12.2209014893, -1.6865298748, 5.12972307205, 0.614852428436, -2.00222921371, -12.341999054, -2.35126614571, -5.34939527512, -4.62131118774, -4.29896497726],
        "cov": [[5362.54736328, -1700.47485352, -368.935424805, 164.248641968, -223.947723389, -443.308380127, -282.362213135, 107.923629761, 243.958511353, -73.5563354492, -125.711463928, 14.3422994614, 199.081680298], [-1700.47485352, 1352.79748535, -62.9193916321, -4.12894296646, 11.7032966614, 134.956237793, 57.4805908203, 15.8126869202, -9.32952594757, -19.952249527, 8.0782699585, -53.0007324219, -58.6348266602], [-368.935424805, -62.9193916321, 574.315490723, -49.7544746399, 126.053504944, 92.0508575439, 71.8458404541, -29.9424171448, -12.8039875031, 0.257126539946, 24.3365001678, 22.2132205963, -29.9549751282], [164.248641968, -4.12894296646, -49.7544746399, 255.937347412, 16.3212890625, -21.1066303253, -72.5095748901, -3.32569932938, 28.6461162567, -12.0355997086, -6.18568897247, 7.69519662857, 25.2495098114], [-223.947723389, 11.7032966614, 126.053504944, 16.3212890625, 189.834777832, 21.9119167328, 38.2630310059, -22.8398666382, -12.7970266342, 16.1868133545, 2.14086055756, 4.21795940399, -17.3580970764], [-443.308380127, 134.956237793, 92.0508575439, -21.1066303253, 21.9119167328, 217.496490479, 83.0453491211, -4.86942720413, -9.98860645294, -4.06928396225, 29.1520061493, -16.3257751465, -39.4093818665], [-282.362213135, 57.4805908203, 71.8458404541, -72.5095748901, 38.2630310059, 83.0453491211, 202.700653076, 8.50594615936, -25.5950832367, 13.8213710785, 7.51750707626, -7.17086029053, -38.7409706116], [107.923629761, 15.8126869202, -29.9424171448, -3.32569932938, -22.8398666382, -4.86942720413, 8.50594615936, 101.521507263, 34.9303321838, -7.50155353546, -8.76301383972, 2.43567538261, 4.83572816849], [243.958511353, -9.32952594757, -12.8039875031, 28.6461162567, -12.7970266342, -9.98860645294, -25.5950832367, 34.9303321838, 149.76361084, -10.2902488708, 4.86363649368, -7.53152608871, 17.1417350769], [-73.5563354492, -19.952249527, 0.257126539946, -12.0355997086, 16.1868133545, -4.06928396225, 13.8213710785, -7.50155353546, -10.2902488708, 78.1241607666, 17.3053398132, -0.833122014999, -6.78273868561], [-125.711463928, 8.0782699585, 24.3365001678, -6.18568897247, 2.14086055756, 29.1520061493, 7.51750707626, -8.76301383972, 4.86363649368, 17.3053398132, 93.9207687378, 11.1064195633, -12.9679279327], [14.3422994614, -53.0007324219, 22.2132205963, 7.69519662857, 4.21795940399, -16.3257751465, -7.17086029053, 2.43567538261, -7.53152608871, -0.833122014999, 11.1064195633, 78.7185745239, 23.9505443573], [199.081680298, -58.6348266602, -29.9549751282, 25.2495098114, -17.3580970764, -39.4093818665, -38.7409706116, 4.83572816849, 17.1417350769, -6.78273868561, -12.9679279327, 23.9505443573, 88.5713348389]],
        "icov": [[0.000478229048895, 0.000568319461308, 0.000169626044226, -0.000136388931423, 0.000238911772612, 0.000413567846408, 5.36141815246e-05, -0.000248134980211, -0.00052429176867, 0.000366989814211, 0.000260224041995, 0.000342484854627, -0.000259537860984], [0.000568319461308, 0.00150674767792, 0.000398434320232, -0.000185045384569, 0.000149332525325, -3.54201915798e-06, 4.38677889179e-05, -0.000447242171504, -0.000560681161005, 0.000678260810673, 0.00028101701173, 0.000746052421164, -2.12775375985e-05], [0.000169626044226, 0.000398434320232, 0.00240400293842, 0.000434793153545, -0.0013572787866, -0.000692427682225, -0.000117380834126, 0.000332007970428, -0.000402393256081, 0.000598511483986, -9.69168613665e-05, -0.000659542914946, 0.000215896274312], [-0.000136388931423, -0.000185045384569, 0.000434793153545, 0.00471139093861, -0.00117713783402, -0.000538425636478, 0.00161450915039, 0.000279421365121, -0.000520859146491, 0.000372098293155, 6.64238614263e-05, -0.000490301987156, -0.000519721710589], [0.000238911772612, 0.000149332525325, -0.0013572787866, -0.00117713783402, 0.00695793842897, 0.000560892513022, -0.00109941221308, 0.00100662349723, -0.000248694472248, -0.00118510087486, 0.000768827740103, -0.00016966999101, 0.000631554110441], [0.000413567846408, -3.54201915798e-06, -0.000692427682225, -0.000538425636478, 0.000560892513022, 0.00692672654986, -0.00219298177399, 4.79962136524e-06, -0.000380363810109, 0.00132013054099, -0.00155820208602, 0.00132873735856, 0.000807123491541], [5.36141815246e-05, 4.38677889179e-05, -0.000117380834126, 0.00161450915039, -0.00109941221308, -0.00219298177399, 0.00714795477688, -0.00128909305204, 0.000628132955171, -0.000890773779247, 0.000570555392187, -0.000258907035459, 0.00137801049277], [-0.000248134980211, -0.000447242171504, 0.000332007970428, 0.000279421365121, 0.00100662349723, 4.79962136524e-06, -0.00128909305204, 0.0116641661152, -0.0026362510398, 0.00025666426518, 0.00111531303264, -0.00142838293687, 0.000372429931303], [-0.00052429176867, -0.000560681161005, -0.000402393256081, -0.000520859146491, -0.000248694472248, -0.000380363810109, 0.000628132955171, -0.0026362510398, 0.00851807370782, 0.000335140561219, -0.00158647575881, 0.00136432191357, -0.00120372837409], [0.000366989814211, 0.000678260810673, 0.000598511483986, 0.000372098293155, -0.00118510087486, 0.00132013054099, -0.000890773779247, 0.00025666426518, 0.000335140561219, 0.0145484935492, -0.00279581779614, 0.00100068177562, 4.12840927311e-05], [0.000260224041995, 0.00028101701173, -9.69168613665e-05, 6.64238614263e-05, 0.000768827740103, -0.00155820208602, 0.000570555392187, 0.00111531303264, -0.00158647575881, -0.00279581779614, 0.01270650886, -0.00273273629136, 0.00188772834372], [0.000342484854627, 0.000746052421164, -0.000659542914946, -0.000490301987156, -0.00016966999101, 0.00132873735856, -0.000258907035459, -0.00142838293687, 0.00136432191357, 0.00100068177562, -0.00273273629136, 0.0156238367781, -0.0046488493681], [-0.000259537860984, -2.12775375985e-05, 0.000215896274312, -0.000519721710589, 0.000631554110441, 0.000807123491541, 0.00137801049277, 0.000372429931303, -0.00120372837409, 4.12840927311e-05, 0.00188772834372, -0.0046488493681, 0.0149156972766]]
    },
    "spectral_contrast_coeffs": {
        "max": [-0.505712628365, -0.484253317118, -0.452797055244, -0.527735054493, -0.602512359619, -0.636688530445],
        "mean": [-0.693328499794, -0.750871300697, -0.723457932472, -0.737549185753, -0.762099802494, -0.761486530304],
        "min": [-0.89001083374, -0.943014442921, -0.896213114262, -0.884163796902, -0.893486082554, -0.895291090012],
        "stdev": [0.0605204515159, 0.0650249421597, 0.0668860524893, 0.0593393146992, 0.0449798442423, 0.0407253503799]
    },
    "spectral_contrast_valleys": {
        "max": [-5.62492513657, -5.48234081268, -5.76439237595, -6.05517530441, -5.87848520279, -7.97636175156],
        "mean": [-7.41129302979, -7.09970188141, -7.56274175644, -7.76070165634, -7.81500291824, -10.7285671234],
        "min": [-9.73727321625, -9.42089939117, -9.78938102722, -10.1381750107, -10.0269384384, -12.8018140793],
        "stdev": [0.636295855045, 0.77670943737, 0.797862827778, 0.858946561813, 0.961966574192, 1.04112756252]
    }
},
"rhythm": {
    "beats_count": 51,
    "beats_loudness": {
        "max": 0.042612079531,
        "mean": 0.0184064395726,
        "min": 0.00144859473221,
        "stdev": 0.0121652465314
    },
    "bpm": 92.6763305664,
    "bpm_histogram_first_peak_bpm": 94,
    "bpm_histogram_first_peak_weight": 0.549999952316,
    "bpm_histogram_second_peak_bpm": 83,
    "bpm_histogram_second_peak_spread": 0.0999999642372,
    "bpm_histogram_second_peak_weight": 0.180000007153,
    "danceability": 1.02746152878,
    "onset_rate": 3.19921851158,
    "beats_loudness_band_ratio": {
        "max": [0.584645628929, 0.531042218208, 0.434379458427, 0.879823386669, 0.736763894558, 0.776217401028],
        "mean": [0.147109672427, 0.173184335232, 0.168565094471, 0.318261384964, 0.159524276853, 0.105483338237],
        "min": [0.00394902797416, 0.00361449387856, 0.0130484485999, 0.0616419352591, 0.00767062185332, 0.00244875298813],
        "stdev": [0.135809838772, 0.129902765155, 0.107088305056, 0.216320052743, 0.142499402165, 0.141898825765]
    },
    "beats_position": [0.66176867485, 1.33514738083, 2.00852608681, 2.68190479279, 3.36689329147, 4.05188179016, 4.72526073456, 5.38702917099, 6.03718805313, 6.68734693527, 7.3491153717, 7.99927425385, 8.63782310486, 9.27637195587, 9.91492080688, 10.5534696579, 11.1920175552, 11.8305664062, 12.4691152573, 13.1192741394, 13.6881628036, 14.2570514679, 14.8259410858, 15.3251695633, 15.8127889633, 16.3120174408, 16.8112468719, 17.3104763031, 17.8097057343, 18.3205432892, 18.8313827515, 19.3306121826, 19.853061676, 20.3755092621, 21.0256690979, 21.6642169952, 22.2911567688, 22.918094635, 23.5566444397, 24.1835823059, 24.8337402344, 25.5651702881, 26.2849884033, 27.0048065186, 27.7130146027, 28.4444446564, 29.1642627716, 29.8840808868, 30.6038990021, 31.3237190247, 32.0435371399],
