{
"metadata": {
    "version": {
        "essentia": "2.1-beta5",
        "essentia_git_sha": "Undefined",
        "extractor": "music 2.0"
    },
    "audio_properties": {
        "analysis": {
            "equal_loudness": 0,
            "length": 48.7502937317,
            "sample_rate": 44100,
            "start_time": 12.7477550507,
            "downmix": "mix"
        },
        "bit_rate": 192000,
        "length": 208.445526123,
        "lossless": 0,
        "number_channels": 2,
        "replay_gain": -2.051404953,
        "sample_rate": 44100,
        "codec": "mp3",
        "md5_encoded": "859285512bc31b95672f43e72d062a20"
    },
    "tags": {
        "file_name": "Greece_Charlie Chaplin_Tania Tsanaklidou.mp3",
        "encoding": ["Lavf58.29.100"]
    }
},
"lowlevel": {
    "average_loudness": 0.797161817551,
    "barkbands_crest": {
        "max": 25.6935939789,
        "mean": 8.11770915985,
        "min": 1.77997779846,
        "stdev": 4.55128335953
    },
    "barkbands_flatness_db": {
        "max": 0.349106103182,
        "mean": 0.125474229455,
        "min": 0.0383598394692,
        "stdev": 0.0619685091078
    },
    "barkbands_kurtosis": {
        "max": 95.080619812,
        "mean": 0.88075453043,
        "min": -1.89351582527,
        "stdev": 4.60574769974
    },
    "barkbands_skewness": {
        "max": 8.56708526611,
        "mean": 0.640297234058,
        "min": -5.21567296982,
        "stdev": 1.01081728935
    },
    "barkbands_spread": {
        "max": 70.2477874756,
        "mean": 27.7364330292,
        "min": 1.15759575367,
        "stdev": 15.3541812897
    },
    "dissonance": {
        "max": 0.500000178814,
        "mean": 0.47269231081,
        "min": 0.24307268858,
        "stdev": 0.0250342357904
    },
    "dynamic_complexity": 5.89296722412,
    "erbbands_crest": {
        "max": 32.7094116211,
        "mean": 8.87808036804,
        "min": 2.16041707993,
        "stdev": 6.38940763474
    },
    "erbbands_flatness_db": {
        "max": 0.38610753417,
        "mean": 0.183119773865,
        "min": 0.0795580074191,
        "stdev": 0.069196768105
    },
    "erbbands_kurtosis": {
        "max": 48.1197357178,
        "mean": 0.6630204916,
        "min": -1.811439991,
        "stdev": 3.57223367691
    },
    "erbbands_skewness": {
        "max": 4.03843927383,
        "mean": -0.138768568635,
        "min": -5.47465896606,
        "stdev": 0.842314779758
    },
    "erbbands_spread": {
        "max": 104.618804932,
        "mean": 34.1098518372,
        "min": 1.65774548054,
        "stdev": 17.3750190735
    },
    "hfc": {
        "max": 156.621398926,
        "mean": 15.0919046402,
        "min": 0.204922839999,
        "stdev": 19.6792240143
    },
    "loudness_ebu128": {
        "integrated": -23.4008769989,
        "loudness_range": 13.2429771423,
        "momentary": {
            "max": -19.3047065735,
            "mean": -27.4211997986,
            "min": -40.6905136108,
            "stdev": 6.10066318512
        },
        "short_term": {
            "max": -20.8998317719,
            "mean": -26.8838233948,
            "min": -37.3987121582,
            "stdev": 5.71394443512
        }
    },
    "melbands_crest": {
        "max": 32.4529571533,
        "mean": 11.2202644348,
        "min": 3.0038869381,
        "stdev": 5.01806879044
    },
    "melbands_flatness_db": {
        "max": 0.427250385284,
        "mean": 0.149329349399,
        "min": 0.0281626619399,
        "stdev": 0.068489305675
    },
    "melbands_kurtosis": {
        "max": 144.021606445,
        "mean": 4.60315656662,
        "min": -1.9145731926,
        "stdev": 8.53091907501
    },
    "melbands_skewness": {
        "max": 9.73718261719,
        "mean": 1.56801044941,
        "min": -3.07046175003,
        "stdev": 1.256264925
    },
    "melbands_spread": {
        "max": 151.988754272,
        "mean": 36.0772399902,
        "min": 1.07519829273,
        "stdev": 17.3397331238
    },
    "pitch_salience": {
        "max": 0.936689376831,
        "mean": 0.618308603764,
        "min": 0.102466881275,
        "stdev": 0.134855404496
    },
    "silence_rate_20dB": {
        "max": 1,
        "mean": 1,
        "min": 1,
        "stdev": 0
    },
    "silence_rate_30dB": {
        "max": 1,
        "mean": 1,
        "min": 1,
        "stdev": 0
    },
    "silence_rate_60dB": {
        "max": 1,
        "mean": 0.405045211315,
        "min": 0,
        "stdev": 0.490901976824
    },
    "spectral_centroid": {
        "max": 3712.37524414,
        "mean": 1784.1529541,
        "min": 211.263671875,
        "stdev": 626.548034668
    },
    "spectral_complexity": {
        "max": 52,
        "mean": 13.498333931,
        "min": 0,
        "stdev": 11.2090091705
    },
    "spectral_decrease": {
        "max": -3.70600113098e-11,
        "mean": -2.93814528263e-09,
        "min": -2.87328472126e-08,
        "stdev": 3.41210015797e-09
    },
    "spectral_energy": {
        "max": 0.110996820033,
        "mean": 0.012458124198,
        "min": 0.000161616801051,
        "stdev": 0.0143641708419
    },
    "spectral_energyband_high": {
        "max": 0.00872896146029,
        "mean": 0.00049288617447,
        "min": 1.35097400289e-06,
        "stdev": 0.000895469682291
    },
    "spectral_energyband_low": {
        "max": 0.0337666198611,
        "mean": 0.000891016621608,
        "min": 1.15430327696e-06,
        "stdev": 0.00187751848716
    },
    "spectral_energyband_middle_high": {
        "max": 0.0946665331721,
        "mean": 0.00593518139794,
        "min": 3.72556132788e-05,
        "stdev": 0.00876064132899
    },
    "spectral_energyband_middle_low": {
        "max": 0.105112276971,
        "mean": 0.00576712097973,
        "min": 1.84102573257e-05,
        "stdev": 0.00854278169572
    },
    "spectral_entropy": {
        "max": 8.64168453217,
        "mean": 7.64908838272,
        "min": 5.57656002045,
        "stdev": 0.58336943388
    },
    "spectral_flux": {
        "max": 0.242086097598,
        "mean": 0.0518711805344,
        "min": 0.00788628868759,
        "stdev": 0.0392225943506
    },
    "spectral_kurtosis": {
        "max": 33.7385253906,
        "mean": 4.90520477295,
        "min": -0.960948705673,
        "stdev": 4.28582715988
    },
    "spectral_rms": {
        "max": 0.0104062277824,
        "mean": 0.00291778985411,
        "min": 0.000397083029384,
        "stdev": 0.00190808076877
    },
    "spectral_rolloff": {
        "max": 9991.40625,
        "mean": 2351.30737305,
        "min": 86.1328125,
        "stdev": 1181.0970459
    },
    "spectral_skewness": {
        "max": 4.16250133514,
        "mean": 1.45326828957,
        "min": 0.186249241233,
        "stdev": 0.532789349556
    },
    "spectral_spread": {
        "max": 15382325,
        "mean": 4025036,
        "min": 1586041.125,
        "stdev": 1465334.5
    },
    "spectral_strongpeak": {
        "max": 13.4988889694,
        "mean": 1.29513061047,
        "min": 0,
        "stdev": 1.96219980717
    },
    "zerocrossingrate": {
        "max": 0.27880859375,
        "mean": 0.0819873288274,
        "min": 0.00830078125,
        "stdev": 0.0328373946249
    },
    "barkbands": {
        "max": [0.000173592241481, 0.00708254938945, 0.0159668494016, 0.0841248854995, 0.0363370068371, 0.00915333256125, 0.0171605292708, 0.0177510213107, 0.0233191456646, 0.0769062191248, 0.0276591517031, 0.0836710259318, 0.0158811304718, 0.0293924342841, 0.0155779570341, 0.025607123971, 0.0149069540203, 0.0145551264286, 0.00597560405731, 0.00652636773884, 0.00263777957298, 0.00290236622095, 0.00256404234096, 0.00227834261023, 0.00188103085384, 7.882155478e-05, 2.73006008911e-07],
        "mean": [1.25105734696e-05, 0.000184273681953, 0.000428271800047, 0.000654612551443, 0.0019785896875, 0.00056179810781, 0.00062976742629, 0.000680564146023, 0.000596783298533, 0.0012472019298, 0.00061837391695, 0.000753061263822, 0.000316753372317, 0.000607435184065, 0.000562452711165, 0.000930813432205, 0.000454870139947, 0.000429136445746, 0.000221887603402, 0.000283895875327, 0.000118294570711, 6.29546484561e-05, 5.84214976698e-05, 4.19495918322e-05, 2.11011920328e-05, 2.35637708101e-06, 8.03281829942e-10],
        "min": [3.35074967772e-09, 5.29640601599e-07, 1.74874259073e-07, 2.01964510893e-07, 6.49937703656e-07, 8.0068986108e-07, 5.22156142324e-07, 3.0157201536e-07, 1.01246769191e-06, 9.41393807352e-07, 4.88489547479e-07, 7.00129646702e-07, 6.65508366637e-07, 1.32109903461e-06, 1.19831565826e-06, 2.06556410376e-06, 5.76591673962e-07, 5.70703150515e-07, 8.81572987055e-07, 3.94055177821e-07, 2.32689117752e-07, 1.64724241358e-07, 1.16637387748e-07, 1.27678575268e-07, 4.51221460196e-08, 7.6610211508e-09, 6.22317475329e-11],
        "stdev": [1.89103338926e-05, 0.000401635770686, 0.00106683757622, 0.00318153155968, 0.00405404157937, 0.000950674933847, 0.00119568081573, 0.00169965520035, 0.00153316475917, 0.00449295481667, 0.00179003551602, 0.00337146641687, 0.000939759775065, 0.00179096730426, 0.00123411230743, 0.00266071967781, 0.00109787296969, 0.000941606471315, 0.000435170397395, 0.000685391074512, 0.000255030754488, 0.000171679494088, 0.000161626609042, 0.00012100085587, 6.99156225892e-05, 5.05997786604e-06, 8.44794989519e-09]
    },
    "erbbands": {
        "max": [0.0787152573466, 1.93258357048, 10.5725240707, 126.730606079, 218.98991394, 198.26020813, 93.4560241699, 86.7591629028, 335.428070068, 354.102050781, 339.485595703, 715.730102539, 2880.5612793, 1066.23449707, 1408.06311035, 2300.40332031, 666.882507324, 1755.36340332, 570.333312988, 1003.99468994, 1754.74414062, 1059.18615723, 762.321350098, 385.719329834, 213.536819458, 301.18460083, 185.279449463, 83.966003418, 87.9014511108, 64.1561203003, 65.9226074219, 61.4099159241, 29.7586956024, 27.7441082001, 10.3372840881, 1.04417002201, 0.0434172041714, 0.00174733879976, 0.000195776781766, 0.00012228898413],
        "mean": [0.00359107670374, 0.0527506992221, 0.412030935287, 1.41107976437, 3.98171591759, 7.66695261002, 6.5887799263, 3.94020605087, 7.4797949791, 13.2660417557, 14.1183614731, 15.9086408615, 35.5449295044, 27.3045310974, 30.7569332123, 30.8756790161, 16.6339054108, 30.4496803284, 26.7240505219, 39.7370109558, 49.3273124695, 25.4507274628, 24.3256835938, 16.7007064819, 9.68564510345, 13.8285732269, 8.6121931076, 3.05076003075, 2.24159049988, 1.96042084694, 1.59356069565, 1.09051775932, 0.590914726257, 0.305016487837, 0.111231118441, 0.0241319574416, 0.00190102437045, 7.01627068338e-05, 1.17956924441e-05, 1.63844943017e-05],
        "min": [1.18928264783e-05, 4.79866248497e-05, 0.000213680250454, 0.0005082480493, 0.00216741301119, 0.00196057907306, 0.00406535109505, 0.00996174942702, 0.0187363419682, 0.0255026835948, 0.0391442105174, 0.0210423003882, 0.0468556620181, 0.0433304607868, 0.0945393070579, 0.0439493209124, 0.0391390621662, 0.0550237223506, 0.088829651475, 0.16664634645, 0.171815320849, 0.0453015342355, 0.039270427078, 0.0556766688824, 0.0283051226288, 0.0187813360244, 0.00901749264449, 0.0115272020921, 0.00570962019265, 0.00525614386424, 0.00289555080235, 0.00301565811969, 0.00174213037826, 0.000764896627516, 0.000217560955207, 5.92318901909e-05, 1.13881096695e-05, 6.07504830441e-07, 1.89109698567e-07, 2.29432487231e-07],
        "stdev": [0.00549807446077, 0.12277918309, 0.961645126343, 5.0345749855, 11.7663202286, 19.3980617523, 10.984744072, 7.85448169708, 16.520029068, 29.6413402557, 35.7823257446, 42.3293228149, 160.205337524, 63.4862556458, 88.8502426147, 122.365951538, 40.8456840515, 90.7093429565, 56.3640785217, 100.479187012, 163.323181152, 57.4136352539, 53.2418785095, 33.1848068237, 19.1830024719, 33.3363494873, 19.5054664612, 6.37859010696, 5.93414735794, 5.00950479507, 4.55842399597, 3.32186102867, 1.71612858772, 1.03051757812, 0.370505332947, 0.057069376111, 0.00290428544395, 0.000100634380942, 1.38856476042e-05, 1.84564123629e-05]
    },
    "gfcc": {
        "mean": [-59.5306968689, 91.987449646, -153.944259644, 35.6079139709, -68.9365463257, 11.8852415085, -48.3211784363, 5.72179317474, -26.7133045197, -5.95757246017, -15.1378545761, -8.04767894745, -3.60830497742],
        "cov": [[3917.13500977, -84.5914840698, -719.518676758, 151.477325439, -177.20501709, -113.659317017, 70.8369979858, -52.2606697083, -68.6020965576, -237.777938843, 70.5518722534, -233.148574829, 4.32744932175], [-84.5914840698, 1311.80871582, -357.150848389, -397.672119141, 205.640762329, -406.491210938, 141.675720215, -293.021148682, 41.92918396, -333.990966797, 71.9094696045, -208.301040649, 157.817733765], [-719.518676758, -357.150848389, 913.270385742, 340.97744751, -63.5599403381, 285.51373291, -67.4842453003, 143.440322876, -62.5983047485, 193.828765869, -106.313568115, 116.226264954, -133.225967407], [151.477325439, -397.672119141, 340.97744751, 406.192596436, -21.5480117798, 152.743453979, -19.2133712769, 114.638748169, -23.0170898438, 106.507202148, -35.354434967, 54.4435920715, -74.4690856934], [-177.20501709, 205.640762329, -63.5599403381, -21.5480117798, 182.868041992, -24.1935386658, 15.7550182343, -44.8053817749, 17.3964958191, -38.3052825928, 6.2011256218, -27.4174575806, 35.7257003784], [-113.659317017, -406.491210938, 285.51373291, 152.743453979, -24.1935386658, 315.922546387, -11.5565729141, 84.9824447632, -46.522026062, 123.872703552, -44.554473877, 66.3692092896, -86.1393737793], [70.8369979858, 141.675720215, -67.4842453003, -19.2133712769, 15.7550182343, -11.5565729141, 136.657409668, -7.75074338913, -24.6632823944, -52.9776153564, 17.8724441528, -40.1827507019, 5.45647907257], [-52.2606697083, -293.021148682, 143.440322876, 114.638748169, -44.8053817749, 84.9824447632, -7.75074338913, 159.714385986, 19.1609611511, 90.5472106934, -23.4419460297, 50.4049835205, -37.3399353027], [-68.6020965576, 41.92918396, -62.5983047485, -23.0170898438, 17.3964958191, -46.522026062, -24.6632823944, 19.1609611511, 109.446815491, 15.6346874237, -2.18962430954, -0.422863900661, 26.9960174561], [-237.777938843, -333.990966797, 193.828765869, 106.507202148, -38.3052825928, 123.872703552, -52.9776153564, 90.5472106934, 15.6346874237, 192.213012695, -1.47786533833, 74.027633667, -66.6437225342], [70.5518722534, 71.9094696045, -106.313568115, -35.354434967, 6.2011256218, -44.554473877, 17.8724441528, -23.4419460297, -2.18962430954, -1.47786533833, 80.3174209595, 2.72463822365, 6.68022537231], [-233.148574829, -208.301040649, 116.226264954, 54.4435920715, -27.4174575806, 66.3692092896, -40.1827507019, 50.4049835205, -0.422863900661, 74.027633667, 2.72463822365, 111.475151062, -3.5508055687], [4.32744932175, 157.817733765, -133.225967407, -74.4690856934, 35.7257003784, -86.1393737793, 5.45647907257, -37.3399353027, 26.9960174561, -66.6437225342, 6.68022537231, -3.5508055687, 104.647659302]],
        "icov": [[0.000553215912078, -0.000235754050664, 0.000835975224618, -0.00100533769, 0.000974514638074, -0.000535910832696, 0.00062989583239, -0.000353025447112, 0.000478788220789, 0.000418434123276, -0.000235169543885, 0.00100915669464, -5.88936563872e-05], [-0.000235754050664, 0.00762962596491, -0.00498041557148, 0.00478545343503, -0.00479897204787, 0.00503752287477, -0.00501388451084, 0.00579175306484, -0.00460713263601, 0.00504181999713, -0.00521334679797, 0.00472978223115, -0.00142596696969], [0.000835975224618, -0.00498041557148, 0.0065829558298, -0.00530432304367, 0.0040928334929, -0.00404505431652, 0.00395324546844, -0.00379517534748, 0.00436972873285, -0.00347488815896, 0.0055477260612, -0.00302264327183, 0.0019982769154], [-0.00100533769, 0.00478545343503, -0.00530432304367, 0.00848051439971, -0.00485626421869, 0.00335196824744, -0.00377010717057, 0.00196242542006, -0.00308958231471, 0.00233863154426, -0.00312472227961, 0.00130162411369, -4.95070344186e-05], [0.000974514638074, -0.00479897204787, 0.0040928334929, -0.00485626421869, 0.0108553618193, -0.00467141298577, 0.00335878343321, -0.00204816018231, 0.00192212965339, -0.00225009443238, 0.00208108383231, 0.000164234123076, -0.00156143866479], [-0.000535910832696, 0.00503752287477, -0.00404505431652, 0.00335196824744, -0.00467141298577, 0.0100943893194, -0.00495161348954, 0.00362984789535, -0.00107400270645, 0.000462786061689, 4.12076988141e-05, 2.89278505079e-05, 0.00168808270246], [0.00062989583239, -0.00501388451084, 0.00395324546844, -0.00377010717057, 0.00335878343321, -0.00495161348954, 0.0139413001016, -0.00678871199489, 0.00536407437176, 0.00018169573741, -0.000508011202328, 0.0014597189147, 0.000327435642248], [-0.000353025447112, 0.00579175306484, -0.00379517534748, 0.00196242542006, -0.00204816018231, 0.00362984789535, -0.00678871199489, 0.0162142030895, -0.00670805387199, 0.000426508369856, -0.000784920644946, 0.000341206410667, -0.000264651374891], [0.000478788220789, -0.00460713263601, 0.00436972873285, -0.00308958231471, 0.00192212965339, -0.00107400270645, 0.00536407437176, -0.00670805387199, 0.0162905175239, -0.00636004703119, 0.00478384271264, -0.000486703153001, -0.00249555567279], [0.000418434123276, 0.00504181999713, -0.00347488815896, 0.00233863154426, -0.00225009443238, 0.000462786061689, 0.00018169573741, 0.000426508369856, -0.00636004703119, 0.0175339002162, -0.00815851613879, 0.00048779786448, 0.00425569806248], [-0.000235169543885, -0.00521334679797, 0.0055477260612, -0.00312472227961, 0.00208108383231, 4.12076988141e-05, -0.000508011202328, -0.000784920644946, 0.00478384271264, -0.00815851613879, 0.0230212658644, -0.00884502567351, 0.00358148384839], [0.00100915669464, 0.00472978223115, -0.00302264327183, 0.00130162411369, 0.000164234123076, 2.89278505079e-05, 0.0014597189147, 0.000341206410667, -0.000486703153001, 0.00048779786448, -0.00884502567351, 0.0224554669112, -0.00832034647465], [-5.88936563872e-05, -0.00142596696969, 0.0019982769154, -4.95070344186e-05, -0.00156143866479, 0.00168808270246, 0.000327435642248, -0.000264651374891, -0.00249555567279, 0.00425569806248, 0.00358148384839, -0.00832034647465, 0.0188716612756]]
    },
    "melbands": {
        "max": [0.00135621207301, 0.00411461200565, 0.027570521459, 0.00802015699446, 0.00528320902959, 0.00243093352765, 0.00447207037359, 0.00433152262121, 0.00256541580893, 0.00462330179289, 0.0143968341872, 0.00470367632806, 0.00422143796459, 0.0124054225162, 0.00309662963264, 0.00174500513822, 0.00374175934121, 0.00150454905815, 0.00172918126918, 0.00193643046077, 0.00235389894806, 0.00123272463679, 0.00110544858035, 0.00050350103993, 0.000352384900907, 0.000133779889438, 0.000158914175699, 0.000275199126918, 0.000161818446941, 6.33171948721e-05, 5.55842889298e-05, 5.07866316184e-05, 4.65487682959e-05, 3.64667721442e-05, 3.96069262933e-05, 5.69862313569e-05, 3.65823834727e-05, 2.30649638979e-05, 1.97149256564e-05, 2.77398739854e-05],
        "mean": [4.04391830671e-05, 0.000171008738107, 0.00032229613862, 0.000405229919124, 0.000272956123808, 9.34842755669e-05, 0.000117578361824, 0.000143285244121, 0.000113354093628, 9.61343175732e-05, 0.000175710971234, 0.000107251107693, 9.71922345343e-05, 9.14163683774e-05, 5.19025379617e-05, 3.61125712516e-05, 5.93240838498e-05, 4.1510360461e-05, 4.38656243205e-05, 5.62858549529e-05, 5.80489213462e-05, 2.47932457569e-05, 2.45851242653e-05, 2.06425884244e-05, 1.30044709294e-05, 6.79616596244e-06, 6.79597224007e-06, 1.00711049527e-05, 6.64223534841e-06, 2.51389383266e-06, 1.48199683281e-06, 1.28052079162e-06, 1.13946236979e-06, 1.06640050035e-06, 9.2562726195e-07, 8.31662930523e-07, 6.0206099306e-07, 4.30358454651e-07, 3.22685195897e-07, 2.37465727082e-07],
        "min": [1.67113213934e-07, 1.2942437877e-07, 1.72772729456e-07, 2.34125849374e-07, 1.78459913514e-07, 2.34589421666e-07, 2.63105107479e-07, 3.64342156445e-07, 2.34901122553e-07, 1.2017378026e-07, 2.29207955726e-07, 1.38060457289e-07, 2.15875971321e-07, 1.57008358315e-07, 7.9025312516e-08, 8.51643093824e-08, 1.07353514522e-07, 1.02732052198e-07, 1.80880078915e-07, 1.48386519072e-07, 9.72623865891e-08, 4.29319193529e-08, 2.99875821952e-08, 3.08770893298e-08, 3.69224899543e-08, 2.31496901648e-08, 1.0284443519e-08, 1.22840200234e-08, 3.73970898693e-09, 4.39095915183e-09, 3.76131259472e-09, 2.58878185555e-09, 2.59324450802e-09, 2.64364996561e-09, 1.62962576766e-09, 1.84400839043e-09, 1.5559471489e-09, 1.27571608832e-09, 7.50643325276e-10, 6.25097584805e-10],
        "stdev": [7.21783362678e-05, 0.000374917988665, 0.00112653931137, 0.000861446023919, 0.000523987109773, 0.000183550742804, 0.000241908623138, 0.000331080693286, 0.000280764012132, 0.000260241446085, 0.000798577384558, 0.000264682690613, 0.000278963067103, 0.000435410038335, 0.000187712532352, 0.000106725376099, 0.000188625665032, 0.000101099867607, 0.000102632511698, 0.000144925288623, 0.000209798876313, 6.37675329926e-05, 6.19148268015e-05, 4.84832708025e-05, 2.72401139227e-05, 1.34867204906e-05, 1.545147461e-05, 2.59851713054e-05, 1.64359644259e-05, 5.74590376345e-06, 3.57131057172e-06, 3.50847699337e-06, 3.09934193865e-06, 2.74167109637e-06, 2.63159950009e-06, 2.73231944448e-06, 1.82032954399e-06, 1.25847554955e-06, 9.59732915362e-07, 9.05702961518e-07]
    },
    "melbands128": {
        "max": [0.000172201034729, 0.000542525725905, 0.00161354767624, 0.00402452796698, 0.00462707923725, 0.00979465059936, 0.0239319615066, 0.0520259141922, 0.0197450798005, 0.00719016604125, 0.0155542455614, 0.010541440919, 0.00345817068592, 0.0016806141939, 0.00181621685624, 0.00377723202109, 0.0084131937474, 0.00419836910442, 0.00224331067875, 0.00495730759576, 0.00690636225045, 0.00338287372142, 0.00419216929004, 0.00470466352999, 0.00712029775605, 0.00790601596236, 0.00920258834958, 0.0296118315309, 0.00519371824339, 0.00973985716701, 0.00360047444701, 0.00508743198588, 0.00742127560079, 0.0088358623907, 0.0214550718665, 0.0144035583362, 0.00720265321434, 0.0043840687722, 0.00249581621028, 0.00341039057821, 0.00347315473482, 0.00491518620402, 0.00811797101051, 0.005045352038, 0.00363273103721, 0.00159038219135, 0.00220237183385, 0.00357468472794, 0.00176714337431, 0.00381483067758, 0.00320440949872, 0.00208295322955, 0.00567425973713, 0.00321431015618, 0.00143701629713, 0.00266856770031, 0.00140451267362, 0.00267652259208, 0.00209675193764, 0.00158096139785, 0.00100344175007, 0.000845209637191, 0.000686368148308, 0.000684141705278, 0.000180425748113, 0.00020669499645, 0.000298492901493, 0.000286520371446, 0.00029712394462, 0.000362521939678, 0.000538348162081, 0.000632111681625, 0.000346545595676, 0.000235085317399, 0.000293661520118, 0.000128651852719, 8.13433216535e-05, 9.94643269223e-05, 6.32135634078e-05, 0.000123999780044, 6.10829592915e-05, 8.17438849481e-05, 9.63465572568e-05, 4.53073553217e-05, 5.61850501981e-05, 5.23413655173e-05, 4.31464650319e-05, 5.57447820029e-05, 6.26943365205e-05, 4.21818040195e-05, 6.07202200626e-05, 8.567594341e-05, 4.56937013951e-05, 3.43221727235e-05, 3.37383644364e-05, 3.83980368497e-05, 2.20891324716e-05, 2.36941668845e-05, 2.62150115304e-05, 1.62470187206e-05, 1.85921981029e-05, 3.26903136738e-05, 3.90193781641e-05, 1.04917371573e-05, 1.11237004603e-05, 6.37407720205e-06, 3.53993368662e-06, 2.17434580918e-06, 1.38584027809e-06, 8.06374998774e-07, 3.75586921564e-07, 8.40502138999e-08, 2.52617002872e-08, 1.29516593006e-08, 3.84834475398e-09, 1.3461177728e-09, 1.31528987701e-09, 1.2707493946e-09, 1.23871224389e-09, 1.21081755733e-09, 1.18105258906e-09, 1.15337994711e-09, 1.13006715097e-09, 1.11335274333e-09, 1.09709641372e-09, 1.08547093536e-09, 1.07516962e-09, 1.07182640541e-09],
        "mean": [9.60314264375e-06, 2.54982496699e-05, 3.95642236981e-05, 9.37027070904e-05, 0.000180054208613, 0.000216367552639, 0.000255882099736, 0.000361088867066, 0.000428129977081, 0.00033557813731, 0.00047940920922, 0.000398852396756, 0.000226701740758, 0.000115166949399, 6.73080212437e-05, 9.62176927715e-05, 0.000110128050437, 0.000126413229736, 0.000108634179924, 0.000184844699106, 0.000130069660372, 0.000103437640064, 0.000130200016429, 8.47560004331e-05, 0.000121697972645, 6.08432565059e-05, 0.000132234272314, 0.00028244254645, 8.6982283392e-05, 0.00015148219245, 8.96671772352e-05, 6.34584284853e-05, 0.000124009820865, 9.72311827354e-05, 8.75390687725e-05, 8.77722704899e-05, 0.000103240730823, 4.10084103351e-05, 3.35047916451e-05, 3.03644137603e-05, 2.66667157121e-05, 6.13763986621e-05, 6.05976383667e-05, 6.60794030409e-05, 3.97112780774e-05, 3.25768887706e-05, 5.09470919496e-05, 3.21268053085e-05, 3.23877502524e-05, 8.92775642569e-05, 4.1096132918e-05, 4.59668808617e-05, 8.78715363797e-05, 4.79415248265e-05, 2.90690168185e-05, 2.29299530474e-05, 1.68336591742e-05, 3.17381636705e-05, 2.47498919634e-05, 1.86580582522e-05, 2.14034116652e-05, 2.2082362193e-05, 1.47553746501e-05, 1.12938432721e-05, 7.43763075661e-06, 5.69986741539e-06, 7.87073895481e-06, 5.74760906602e-06, 6.08612435826e-06, 8.26885207061e-06, 1.10442642836e-05, 1.08565327537e-05, 8.97193149285e-06, 5.78972321819e-06, 4.13214684158e-06, 2.37488120547e-06, 2.03865533877e-06, 1.57901342845e-06, 1.31031697492e-06, 1.5348832676e-06, 1.28721569581e-06, 1.17049751225e-06, 1.26556221858e-06, 1.0784145843e-06, 1.09515087843e-06, 1.14044792099e-06, 1.07355231194e-06, 9.03227544313e-07, 9.76058913693e-07, 8.23172001674e-07, 9.74011527433e-07, 7.76611045694e-07, 7.21982587493e-07, 5.97985774675e-07, 5.57329542517e-07, 4.53015559287e-07, 4.17297087552e-07, 3.69666054212e-07, 3.37416992124e-07, 2.88261190917e-07, 2.63400096401e-07, 2.33318715459e-07, 2.06685655257e-07, 1.45484591485e-07, 1.1782204723e-07, 9.85418608934e-08, 8.28573547551e-08, 5.39903055596e-08, 3.50933966331e-08, 2.13968487373e-08, 1.15602851736e-08, 5.20337595233e-09, 2.78634182393e-09, 1.24606691632e-09, 4.05490613309e-10, 4.5935533155e-11, 3.81848589207e-12, 3.67989666517e-12, 3.60607832657e-12, 3.54907010898e-12, 3.47641598668e-12, 3.42166681273e-12, 3.35734001364e-12, 3.28620355754e-12, 3.25858502508e-12, 3.24688236367e-12, 3.2308569882e-12, 3.20543938614e-12],
        "min": [8.55529327937e-11, 1.16159091235e-08, 4.98792545045e-08, 5.96458136215e-08, 3.70788271198e-08, 5.40173061836e-08, 5.31144266347e-08, 1.23567630794e-07, 1.42109570334e-07, 7.63358087852e-08, 1.05734031308e-07, 3.79277871332e-08, 1.18003796956e-07, 7.19521793258e-08, 1.21892085758e-07, 6.09234902527e-08, 1.77816943392e-07, 4.66494753937e-08, 7.82707374469e-08, 1.20389231029e-07, 4.71023469117e-08, 4.452829927e-08, 6.02404242045e-08, 1.31389285229e-07, 8.43612042445e-08, 9.13755471288e-08, 2.96490529905e-08, 1.48045735671e-08, 5.89233515313e-08, 6.79167584394e-08, 4.25198365406e-08, 3.98917094913e-08, 1.46764556064e-08, 4.61611584512e-08, 5.21982030932e-08, 3.69138675183e-08, 3.1159359537e-08, 3.46869626355e-08, 4.66983394176e-08, 1.76407368713e-08, 4.64144598311e-08, 4.7314188123e-08, 3.72557416028e-08, 5.88834190296e-08, 1.81017867362e-08, 4.47931647329e-08, 4.14695300321e-08, 2.41814586133e-08, 3.80313345261e-08, 5.79776262555e-08, 4.08547720099e-08, 4.76995900556e-08, 8.85092266145e-09, 2.51504665982e-08, 2.21911928833e-08, 1.33527695567e-08, 1.75993886131e-08, 1.58387472027e-08, 1.58150008644e-08, 5.54189449886e-09, 3.56167184634e-08, 1.36019737695e-08, 1.54697339383e-08, 3.26054347966e-08, 1.6821008586e-08, 8.47749337396e-09, 1.3237007046e-08, 9.69228786118e-09, 3.65407526459e-09, 6.54245146947e-09, 5.05479480495e-09, 3.68320662858e-09, 1.19709087087e-09, 2.14999062997e-09, 2.47268205911e-09, 2.52882048635e-09, 3.10994652253e-09, 1.98532390527e-09, 1.45276968233e-09, 1.85992865553e-09, 2.22091789404e-09, 2.34310237879e-09, 2.12667350397e-09, 1.32367017347e-09, 2.26922991509e-09, 1.42206191267e-09, 1.98676564089e-09, 1.28238963892e-09, 1.57149571134e-09, 9.70215352503e-10, 1.37203071127e-09, 1.2610148481e-09, 9.29810117789e-10, 1.33929456414e-09, 1.15658638222e-09, 9.43025324496e-10, 9.30957810841e-10, 9.29246679604e-10, 4.96150009965e-10, 3.12166570371e-10, 6.14266582044e-10, 2.923753184e-10, 1.99789559896e-10, 1.97152377757e-10, 6.46326785494e-12, 2.00417710206e-10, 2.25836821466e-10, 1.00356625787e-10, 7.39618227774e-11, 7.22962384403e-11, 4.27293833996e-12, 1.94441099506e-12, 2.65336906093e-13, 2.09442557156e-13, 2.42796505557e-13, 2.34039187769e-13, 1.91158368431e-13, 1.93747795585e-13, 1.6126382456e-13, 1.76951809867e-13, 2.12218778791e-13, 1.88342763152e-13, 2.02620621561e-13, 1.77476021618e-13, 2.16309473588e-13, 1.77082618859e-13, 2.1093042135e-13, 1.78014463522e-13],
        "stdev": [1.50942414621e-05, 4.22749435529e-05, 7.48622842366e-05, 0.000252377358265, 0.000468952348456, 0.000571937358472, 0.000873842451256, 0.00193952431437, 0.00137818756048, 0.000684200203978, 0.00145603925921, 0.0010066073155, 0.000424304540502, 0.000192750580027, 0.000163258897373, 0.00030068695196, 0.000351717404556, 0.000324259075569, 0.000216629370698, 0.000474501604913, 0.000452422682429, 0.000320162362186, 0.000432688713772, 0.0002596086415, 0.000443383032689, 0.00028192269383, 0.000510247424245, 0.00158244546037, 0.000313219963573, 0.000481284718262, 0.000238857435761, 0.000252589437878, 0.00043274924974, 0.000398129370296, 0.000704680278432, 0.000533036421984, 0.000514158920851, 0.000223576047574, 0.000104478545836, 0.000127817169414, 0.000136046350235, 0.000244745810051, 0.00030038744444, 0.000265380571363, 0.000190863822354, 0.000101748264569, 0.000154535344336, 0.000137400042149, 9.50742323766e-05, 0.000332123803673, 0.000162981727044, 0.000164127646713, 0.000454559543869, 0.000208239158383, 9.3766459031e-05, 9.91780179902e-05, 5.14412131452e-05, 0.000119472511869, 8.26287650852e-05, 6.87141218805e-05, 7.08765728632e-05, 6.8713350629e-05, 4.11988621636e-05, 3.03847755276e-05, 1.58660004672e-05, 1.45819130921e-05, 2.03895178856e-05, 1.67081907421e-05, 1.82084568223e-05, 2.42497389991e-05, 3.59195146302e-05, 3.88018852391e-05, 2.94669625873e-05, 1.64379271155e-05, 1.51886797539e-05, 6.72743090036e-06, 5.24540882907e-06, 4.06041272072e-06, 3.33695879817e-06, 5.47260242456e-06, 3.79999391953e-06, 3.4470274386e-06, 4.43372846348e-06, 3.13744453706e-06, 3.05347134599e-06, 3.34648234457e-06, 2.86295016849e-06, 2.58747718362e-06, 3.11349049298e-06, 2.43388603849e-06, 3.55017118636e-06, 2.94991104965e-06, 2.28485782827e-06, 1.98730208467e-06, 1.65810433828e-06, 1.43638658301e-06, 1.29807801841e-06, 1.16490218716e-06, 1.10349526494e-06, 8.38560367811e-07, 8.54481243096e-07, 1.0035514606e-06, 1.06316144866e-06, 5.1282233926e-07, 3.97598341806e-07, 2.8124938467e-07, 2.0888754193e-07, 1.39834568813e-07, 7.88323077927e-08, 4.42349801233e-08, 1.87132211948e-08, 7.4364154834e-09, 4.50907311489e-09, 2.01812411227e-09, 6.78216205419e-10, 9.37217595198e-11, 4.07246493472e-11, 3.93031301948e-11, 3.83146812888e-11, 3.7472781822e-11, 3.65404893843e-11, 3.56800977652e-11, 3.49516492137e-11, 3.44475593883e-11, 3.39459502174e-11, 3.35894784209e-11, 3.32529732916e-11, 3.31668061071e-11]
    },
    "mfcc": {
        "mean": [-685.699035645, 110.406318665, -22.3631095886, 16.2571754456, 0.256155133247, -1.46962332726, -6.30515956879, -0.414156705141, -5.12967157364, -0.343004256487, -9.76094818115, -3.65592813492, -4.16921186447],
        "cov": [[4582.84960938, -333.93838501, -638.143188477, 42.6337928772, -221.447845459, -169.820617676, 24.1101493835, 56.7160453796, -132.290222168, 40.5693435669, -110.171035767, -18.1189365387, -126.211593628], [-333.93838501, 1456.78027344, -500.640411377, -42.4315795898, -107.671684265, -122.90234375, -58.5804862976, -55.1834144592, -80.8492889404, -73.192489624, -181.334350586, -113.43309021, -77.045173645], [-638.143188477, -500.640411377, 843.705871582, 116.979873657, 115.889503479, 155.708007812, 65.7864074707, 31.139093399, 79.2506561279, 15.5486288071, 138.489700317, 17.4360942841, 17.4086551666], [42.6337928772, -42.4315795898, 116.979873657, 238.216171265, 41.9725265503, -13.7363119125, 18.5115661621, 17.4967651367, 4.54194021225, 24.0504989624, -12.2555551529, 25.4763050079, 13.5268716812], [-221.447845459, -107.671684265, 115.889503479, 41.9725265503, 163.734039307, 55.0588340759, 0.988449454308, 0.214795276523, 30.9761486053, 9.30995368958, 16.1281261444, 13.9946756363, 30.6738777161], [-169.820617676, -122.90234375, 155.708007812, -13.7363119125, 55.0588340759, 174.305465698, 58.5771789551, 6.76375150681, 13.939412117, -0.103526555002, 46.8496856689, -24.140827179, -1.50602018833], [24.1101493835, -58.5804862976, 65.7864074707, 18.5115661621, 0.988449454308, 58.5771789551, 147.209762573, 37.9075164795, -14.6897697449, 20.2920436859, 13.1264076233, -2.21763253212, -19.9253311157], [56.7160453796, -55.1834144592, 31.139093399, 17.4967651367, 0.214795276523, 6.76375150681, 37.9075164795, 85.6422348022, 25.4188480377, 3.09192585945, -12.0536956787, -4.38366174698, -3.71015381813], [-132.290222168, -80.8492889404, 79.2506561279, 4.54194021225, 30.9761486053, 13.939412117, -14.6897697449, 25.4188480377, 108.772117615, 15.8527269363, 13.8480195999, -5.05235290527, 8.96102046967], [40.5693435669, -73.192489624, 15.5486288071, 24.0504989624, 9.30995368958, -0.103526555002, 20.2920436859, 3.09192585945, 15.8527269363, 91.4916915894, 23.4955482483, 6.02465105057, -2.74496507645], [-110.171035767, -181.334350586, 138.489700317, -12.2555551529, 16.1281261444, 46.8496856689, 13.1264076233, -12.0536956787, 13.8480195999, 23.4955482483, 125.855552673, 34.1565246582, -4.83795166016], [-18.1189365387, -113.43309021, 17.4360942841, 25.4763050079, 13.9946756363, -24.140827179, -2.21763253212, -4.38366174698, -5.05235290527, 6.02465105057, 34.1565246582, 106.437347412, 43.7223129272], [-126.211593628, -77.045173645, 17.4086551666, 13.5268716812, 30.6738777161, -1.50602018833, -19.9253311157, -3.71015381813, 8.96102046967, -2.74496507645, -4.83795166016, 43.7223129272, 103.567886353]],
        "icov": [[0.000327920017298, 0.000267130846623, 0.000329834467266, -0.000234186154557, 0.000271404220257, 4.71911771456e-05, 3.59624827979e-05, -0.000168850790942, 0.000278314953903, -4.42247219326e-05, 0.000185127646546, 8.62313172547e-05, 0.000441647134721], [0.000267130846623, 0.00130862509832, 0.000697163457517, -0.000388422864489, 0.000332242547302, 0.000267523282673, -4.64354052383e-05, 0.00058588560205, 0.000305110443151, 0.000554758647922, 0.000910015718546, 0.00080448546214, 0.000841315544676], [0.000329834467266, 0.000697163457517, 0.00253478973173, -0.00143076095264, -0.000162148440722, -0.000757094298024, -0.000375078030629, -0.00019235649961, -0.00063765415689, 0.0009456279804, -0.00165218638722, 0.000898572383448, 0.000263050984358], [-0.000234186154557, -0.000388422864489, -0.00143076095264, 0.00568152638152, -0.00140040693805, 0.00104884174652, -0.000363772560377, -0.00057615613332, 0.000519420427736, -0.00166736799292, 0.00183135259431, -0.00163718836848, -4.89431986352e-05], [0.000271404220257, 0.000332242547302, -0.000162148440722, -0.00140040693805, 0.00857506506145, -0.00286043272354, 0.000929793692194, 0.000673749309499, -0.00137564307079, -0.000594764773268, 0.00117294082884, -0.000951895315666, -0.00103030004539], [4.71911771456e-05, 0.000267523282673, -0.000757094298024, 0.00104884174652, -0.00286043272354, 0.010466793552, -0.00415990082547, 0.000882859458216, -4.74303451483e-05, 0.00174281466752, -0.00322301569395, 0.00440885266289, -0.00148402410559], [3.59624827979e-05, -4.64354052383e-05, -0.000375078030629, -0.000363772560377, 0.000929793692194, -0.00415990082547, 0.0108252251521, -0.00504253385589, 0.00324660283513, -0.00283525465056, 0.00089915812714, -0.00179080513772, 0.00212794332765], [-0.000168850790942, 0.00058588560205, -0.00019235649961, -0.00057615613332, 0.000673749309499, 0.000882859458216, -0.00504253385589, 0.0163616649806, -0.00499564222991, 0.00137313897721, 0.00281009241007, 9.45903666434e-05, 0.00032692446257], [0.000278314953903, 0.000305110443151, -0.00063765415689, 0.000519420427736, -0.00137564307079, -4.74303451483e-05, 0.00324660283513, -0.00499564222991, 0.0127311097458, -0.00249455263838, -0.000526661751792, 0.00143978337292, -0.000342205225024], [-4.42247219326e-05, 0.000554758647922, 0.0009456279804, -0.00166736799292, -0.000594764773268, 0.00174281466752, -0.00283525465056, 0.00137313897721, -0.00249455263838, 0.0134787699208, -0.00323747401126, 0.00149129412603, -8.48862546263e-05], [0.000185127646546, 0.000910015718546, -0.00165218638722, 0.00183135259431, 0.00117294082884, -0.00322301569395, 0.00089915812714, 0.00281009241007, -0.000526661751792, -0.00323747401126, 0.0151841584593, -0.00634349929169, 0.00416752882302], [8.62313172547e-05, 0.00080448546214, 0.000898572383448, -0.00163718836848, -0.000951895315666, 0.00440885266289, -0.00179080513772, 9.45903666434e-05, 0.00143978337292, 0.00149129412603, -0.00634349929169, 0.0162875875831, -0.00648612296209], [0.000441647134721, 0.000841315544676, 0.000263050984358, -4.89431986352e-05, -0.00103030004539, -0.00148402410559, 0.00212794332765, 0.00032692446257, -0.000342205225024, -8.48862546263e-05, 0.00416752882302, -0.00648612296209, 0.0144466431811]]
    },
    "spectral_contrast_coeffs": {
        "max": [-0.301356643438, -0.509909331799, -0.45010381937, -0.502664864063, -0.584065377712, -0.647283375263],
        "mean": [-0.696946442127, -0.783873617649, -0.7747656703, -0.791294336319, -0.792380571365, -0.780412852764],
        "min": [-0.916367590427, -0.936770021915, -0.924245476723, -0.911762773991, -0.888955116272, -0.939241170883],
        "stdev": [0.0888335108757, 0.0793242678046, 0.0873451977968, 0.0793490409851, 0.0605258792639, 0.0371777527034]
    },
    "spectral_contrast_valleys": {
        "max": [-5.45497989655, -5.06643295288, -5.61797428131, -5.41304731369, -5.87513589859, -7.89998579025],
        "mean": [-7.6198592186, -7.18269109726, -7.62975358963, -7.73703098297, -7.79790210724, -10.6290559769],
        "min": [-10.2061195374, -8.99503803253, -9.58399105072, -9.49263095856, -10.1697025299, -12.6939916611],
        "stdev": [0.678413212299, 0.596364796162, 0.655840218067, 0.695111632347, 0.766086101532, 0.914903104305]
    }
},
"rhythm": {
    "beats_count": 114,
    "beats_loudness": {
        "max": 0.0964293256402,
        "mean": 0.0191998835653,
        "min": 0.000258077663602,
        "stdev": 0.0189390908927
    },
    "bpm": 144.162490845,
    "bpm_histogram_first_peak_bpm": 144,
    "bpm_histogram_first_peak_weight": 0.517241358757,
    "bpm_histogram_second_peak_bpm": 136,
    "bpm_histogram_second_peak_spread": 0.387096762657,
    "bpm_histogram_second_peak_weight": 0.168141588569,
    "danceability": 1.05522334576,
    "onset_rate": 2.5634765625,
    "beats_loudness_band_ratio": {
        "max": [0.817012131214, 0.744167149067, 0.866753637791, 0.800902605057, 0.687215805054, 0.249107941985],
        "mean": [0.185395643115, 0.183272346854, 0.190723970532, 0.216453745961, 0.192626029253, 0.0883602872491],
        "min": [0.00257911370136, 0.00708644650877, 0.0127461645752, 0.0146641051397, 0.0202142577618, 0.00136848818511],
        "stdev": [0.178794458508, 0.142238676548, 0.150300174952, 0.182519227266, 0.154284775257, 0.0651070475578]
    },
