{
"metadata": {
    "version": {
        "essentia": "2.1-beta5",
        "essentia_git_sha": "Undefined",
        "extractor": "music 2.0"
    },
    "audio_properties": {
        "analysis": {
            "equal_loudness": 0,
            "length": 35.3059425354,
            "sample_rate": 44100,
            "start_time": 158.998641968,
            "downmix": "mix"
        },
        "bit_rate": 192000,
        "length": 194.327819824,
        "lossless": 0,
        "number_channels": 2,
        "replay_gain": 3.5949344635,
        "sample_rate": 48000,
        "codec": "mp3",
        "md5_encoded": "c65267bc2fe8ef1c6ec40f2c0178ed5a"
    },
    "tags": {
        "file_name": "Israel_A-Ba-Ni-Bi_Izhar Cohen and the Alphabeta.mp3",
        "encoding": ["Lavf58.29.100"]
    }
},
"lowlevel": {
    "average_loudness": 0.94259339571,
    "barkbands_crest": {
        "max": 24.5203475952,
        "mean": 7.9642033577,
        "min": 2.58525776863,
        "stdev": 3.96535181999
    },
    "barkbands_flatness_db": {
        "max": 0.276342004538,
        "mean": 0.130184486508,
        "min": 0.0400185920298,
        "stdev": 0.031964763999
    },
    "barkbands_kurtosis": {
        "max": 28.1884422302,
        "mean": 1.41057860851,
        "min": -1.56140100956,
        "stdev": 2.19865131378
    },
    "barkbands_skewness": {
        "max": 4.43187904358,
        "mean": 0.549360752106,
        "min": -2.29279851913,
        "stdev": 0.858809888363
    },
    "barkbands_spread": {
        "max": 79.562789917,
        "mean": 15.7890787125,
        "min": 2.50424742699,
        "stdev": 7.70321655273
    },
    "dissonance": {
        "max": 0.500000119209,
        "mean": 0.474339157343,
        "min": 0.343185961246,
        "stdev": 0.0252829287201
    },
    "dynamic_complexity": 3.16291427612,
    "erbbands_crest": {
        "max": 28.2402820587,
        "mean": 8.85590267181,
        "min": 2.63674712181,
        "stdev": 4.29458427429
    },
    "erbbands_flatness_db": {
        "max": 0.297412574291,
        "mean": 0.203868627548,
        "min": 0.0823101103306,
        "stdev": 0.0437879227102
    },
    "erbbands_kurtosis": {
        "max": 9.97962093353,
        "mean": 0.831312298775,
        "min": -1.57361376286,
        "stdev": 1.31605100632
    },
    "erbbands_skewness": {
        "max": 2.94627475739,
        "mean": 0.405527830124,
        "min": -1.47146105766,
        "stdev": 0.612457454205
    },
    "erbbands_spread": {
        "max": 59.6211700439,
        "mean": 22.4360218048,
        "min": 6.85282754898,
        "stdev": 9.810338974
    },
    "hfc": {
        "max": 109.232780457,
        "mean": 27.5240364075,
        "min": 1.0645733089e-16,
        "stdev": 19.8461475372
    },
    "loudness_ebu128": {
        "integrated": -27.1205348969,
        "loudness_range": 3.4679145813,
        "momentary": {
            "max": -23.7875156403,
            "mean": -41.3821105957,
            "min": -300.691009521,
            "stdev": 58.7423973083
        },
        "short_term": {
            "max": -24.8585395813,
            "mean": -27.3715629578,
            "min": -33.2882232666,
            "stdev": 1.15066754818
        }
    },
    "melbands_crest": {
        "max": 37.8983001709,
        "mean": 9.45147323608,
        "min": 1.5796456337,
        "stdev": 5.15846681595
    },
    "melbands_flatness_db": {
        "max": 0.367353081703,
        "mean": 0.142564415932,
        "min": 0.00347210816108,
        "stdev": 0.0564622692764
    },
    "melbands_kurtosis": {
        "max": 41.4727935791,
        "mean": 2.81583333015,
        "min": -1.40866804123,
        "stdev": 3.59115457535
    },
    "melbands_skewness": {
        "max": 5.24351644516,
        "mean": 0.978680431843,
        "min": -0.654864132404,
        "stdev": 0.808660447598
    },
    "melbands_spread": {
        "max": 157.134155273,
        "mean": 30.167755127,
        "min": 2.67211699486,
        "stdev": 27.4708633423
    },
    "pitch_salience": {
        "max": 0.938787698746,
        "mean": 0.656083762646,
        "min": 0.0854193270206,
        "stdev": 0.134324908257
    },
    "silence_rate_20dB": {
        "max": 1,
        "mean": 1,
        "min": 1,
        "stdev": 0
    },
    "silence_rate_30dB": {
        "max": 1,
        "mean": 1,
        "min": 1,
        "stdev": 0
    },
    "silence_rate_60dB": {
        "max": 1,
        "mean": 0.0906701683998,
        "min": 0,
        "stdev": 0.28713914752
    },
    "spectral_centroid": {
        "max": 11815.5478516,
        "mean": 2131.52709961,
        "min": 301.759796143,
        "stdev": 2237.53710938
    },
    "spectral_complexity": {
        "max": 48,
        "mean": 23.8712215424,
        "min": 0,
        "stdev": 10.6619567871
    },
    "spectral_decrease": {
        "max": 1.89966122291e-28,
        "mean": -5.27459143029e-09,
        "min": -2.01192396077e-08,
        "stdev": 3.47381701182e-09
    },
    "spectral_energy": {
        "max": 0.081892542541,
        "mean": 0.0224040448666,
        "min": 9.95947106381e-21,
        "stdev": 0.0145211908966
    },
    "spectral_energyband_high": {
        "max": 0.00436575291678,
        "mean": 0.000571607844904,
        "min": 7.05971026274e-21,
        "stdev": 0.000556038110517
    },
    "spectral_energyband_low": {
        "max": 0.0368013940752,
        "mean": 0.00117958453484,
        "min": 1.45964937e-23,
        "stdev": 0.00207808730192
    },
    "spectral_energyband_middle_high": {
        "max": 0.0594075471163,
        "mean": 0.0114258918911,
        "min": 1.06361764966e-21,
        "stdev": 0.0101557644084
    },
    "spectral_energyband_middle_low": {
        "max": 0.0736410543323,
        "mean": 0.00999797042459,
        "min": 1.55449307534e-22,
        "stdev": 0.0110230278224
    },
    "spectral_entropy": {
        "max": 9.82509899139,
        "mean": 7.73160839081,
        "min": 6.15827083588,
        "stdev": 0.581584751606
    },
    "spectral_flux": {
        "max": 0.231934249401,
        "mean": 0.0868598818779,
        "min": 6.42590494704e-11,
        "stdev": 0.0389861837029
    },
    "spectral_kurtosis": {
        "max": 20.6995449066,
        "mean": 4.74626016617,
        "min": -1.27778840065,
        "stdev": 2.75770330429
    },
    "spectral_rms": {
        "max": 0.00893840938807,
        "mean": 0.00431261304766,
        "min": 3.11713914229e-12,
        "stdev": 0.0018052571686
    },
    "spectral_rolloff": {
        "max": 19638.28125,
        "mean": 2798.49462891,
        "min": 21.533203125,
        "stdev": 4011.89160156
    },
    "spectral_skewness": {
        "max": 3.3319132328,
        "mean": 1.56828916073,
        "min": -0.0823902785778,
        "stdev": 0.541744828224
    },
    "spectral_spread": {
        "max": 42894960,
        "mean": 5610668,
        "min": 1839471.625,
        "stdev": 8658789
    },
    "spectral_strongpeak": {
        "max": 7.45702075958,
        "mean": 1.62336528301,
        "min": 0,
        "stdev": 1.44274127483
    },
    "zerocrossingrate": {
        "max": 0.52392578125,
        "mean": 0.0931279361248,
        "min": 0.01171875,
        "stdev": 0.103171274066
    },
    "barkbands": {
        "max": [0.00017771810235, 0.00583685841411, 0.0156194996089, 0.043115876615, 0.0282655358315, 0.010870732367, 0.0132393520325, 0.0245375018567, 0.0689768120646, 0.0503869242966, 0.0105030424893, 0.0184784121811, 0.0222953837365, 0.0144782438874, 0.0110341636464, 0.0151576837525, 0.0099718850106, 0.00864485651255, 0.00363663001917, 0.00259708357044, 0.00169428403024, 0.0012907095952, 0.000777982058935, 0.000526935502421, 0.000438174465671, 6.14053278696e-05, 1.18294747153e-06],
        "mean": [9.88812917058e-06, 0.000342831888702, 0.000555096077733, 0.000503550632857, 0.00166681641713, 0.000913234543987, 0.000612224219367, 0.00133263610769, 0.00401112996042, 0.0020403356757, 0.000882372958586, 0.00106277537998, 0.00197465764359, 0.00150616082828, 0.00135965680238, 0.0012011154322, 0.000791631464381, 0.000494728446938, 0.000391868496081, 0.000288318493403, 0.000164596131071, 0.000119695469039, 7.61560659157e-05, 6.0007772845e-05, 3.74615046894e-05, 5.07343747813e-06, 2.9221462583e-08],
        "min": [2.10807053183e-25, 3.77718039903e-24, 2.20724326522e-24, 8.89470745959e-25, 6.13148173369e-24, 4.66008772365e-24, 6.67379639033e-24, 4.39456739814e-24, 1.46640328152e-23, 1.57663081581e-23, 1.34702243638e-23, 2.97462187082e-23, 2.57995223559e-23, 3.54255975518e-23, 3.13409136499e-23, 6.17447488968e-23, 5.6724942967e-23, 8.6999203077e-23, 1.31834649051e-22, 1.82432452569e-22, 2.29092325557e-22, 2.52166014786e-22, 4.08098218789e-22, 5.65887969343e-22, 8.7764539519e-22, 1.28869175758e-21, 1.9482880216e-21],
        "stdev": [1.87843543245e-05, 0.000604346801993, 0.00111042009667, 0.0014090888435, 0.0027362855617, 0.00152440927923, 0.00106562930159, 0.00217972369865, 0.00821477454156, 0.00467807799578, 0.00117654644419, 0.00133439817, 0.00264100218192, 0.00178835063707, 0.00178506411612, 0.00167360669002, 0.00114108889829, 0.000689593900461, 0.000445455196314, 0.000348219968146, 0.000185268756468, 0.000142815988511, 9.15177952265e-05, 7.46676669223e-05, 5.69342191739e-05, 7.69164398662e-06, 4.2068311501e-08]
    },
    "erbbands": {
        "max": [0.112044222653, 1.67047441006, 12.8646059036, 96.4620819092, 55.092540741, 144.606048584, 141.504470825, 137.269958496, 155.288269043, 383.402526855, 497.819152832, 1652.90161133, 1570.00732422, 1052.61584473, 385.344543457, 544.192993164, 1140.79211426, 799.361450195, 548.334289551, 643.647705078, 966.510986328, 481.818115234, 412.456237793, 218.402832031, 274.813873291, 105.983551025, 55.3322143555, 65.6479263306, 33.1863632202, 39.8390846252, 25.7869186401, 14.3604631424, 9.0701675415, 4.70881080627, 2.72903966904, 0.595952272415, 0.0351683236659, 0.00292023317888, 0.00018827697204, 9.60937104537e-05],
        "mean": [0.00770401442423, 0.0895426124334, 0.519106388092, 1.3610111475, 2.84390330315, 6.49816179276, 6.57964992523, 8.58822727203, 8.68247890472, 21.5207386017, 27.5520000458, 90.1359939575, 94.2516860962, 36.4270782471, 41.9489860535, 47.6427612305, 85.0931777954, 84.4029464722, 71.9922943115, 68.9846725464, 62.9176521301, 43.7338752747, 30.6999073029, 20.1198425293, 20.43891716, 13.4882736206, 7.1375670433, 6.35612916946, 4.34239435196, 2.99525809288, 2.08501267433, 1.43722140789, 0.933706462383, 0.505452573299, 0.20454852283, 0.0519533008337, 0.003646469675, 0.000188894206076, 2.40860845224e-05, 2.93188513751e-05],
        "min": [1.780210919e-22, 4.14364273488e-22, 2.88039395031e-21, 4.36267898978e-21, 9.30525440202e-21, 1.79507934914e-20, 1.4803405188e-20, 4.9957033489e-20, 1.5401517517e-19, 1.75385076102e-19, 2.89365795299e-19, 3.62624348316e-19, 3.0657241866e-19, 8.02286043332e-19, 6.97096845254e-19, 1.33153227757e-18, 1.29004968683e-18, 1.83932997701e-18, 2.22083477451e-18, 3.10841384064e-18, 3.63355503599e-18, 3.47921719576e-18, 4.42455394137e-18, 4.09140819044e-18, 6.95081440371e-18, 9.26265931153e-18, 8.8770856126e-18, 7.3693024464e-18, 8.73617870397e-18, 9.62780082215e-18, 1.19434218095e-17, 1.17430728748e-17, 9.32802560507e-18, 7.81958648465e-18, 7.00323449349e-18, 4.17047673083e-18, 2.12625473647e-18, 8.75397797639e-19, 2.48827017646e-19, 2.75582135785e-20],
        "stdev": [0.0133829629049, 0.161116018891, 0.987614989281, 3.48304200172, 4.80396747589, 12.7064886093, 11.5418405533, 15.4167156219, 13.9893407822, 33.4134712219, 50.38489151, 198.29586792, 169.282608032, 70.8671646118, 51.1952323914, 57.0285606384, 110.240646362, 95.9626693726, 89.5704269409, 88.4072875977, 87.7342681885, 60.9217987061, 39.9412193298, 23.8423862457, 26.6398715973, 16.1093921661, 7.35279560089, 7.5601401329, 4.48267889023, 3.85789442062, 2.58869075775, 1.71843075752, 1.27229940891, 0.724765002728, 0.311170250177, 0.0802762284875, 0.00511845014989, 0.000223986236961, 1.72978197952e-05, 1.8537408323e-05]
    },
    "gfcc": {
        "mean": [-76.7897109985, 77.7576980591, -164.728027344, 17.0917816162, -66.2183990479, 15.9602327347, -39.028553009, 5.25731372833, -20.5579795837, -1.92529606819, -14.002163887, -9.91379070282, -6.39845371246],
        "cov": [[89117.15625, 5360.96630859, -12443.7695312, 1280.34753418, -5109.14990234, 1320.14050293, -2864.73144531, 484.690856934, -1594.63977051, -120.018798828, -1010.78375244, -780.953796387, -400.196716309], [5360.96630859, 2730.9921875, 454.53427124, 532.877685547, -338.728912354, -443.73538208, 120.562850952, -326.968536377, -80.5634307861, -120.835487366, -27.6091308594, -358.882568359, -75.0475921631], [-12443.7695312, 454.53427124, 2586.85717773, 161.665756226, 685.507995605, -389.294311523, 510.662139893, -204.725082397, 201.391113281, -16.0539588928, 135.54057312, -36.6333503723, 16.3609313965], [1280.34753418, 532.877685547, 161.665756226, 295.619262695, -73.2333526611, -77.2297210693, 23.0599994659, -53.2236442566, -24.159318924, -18.1785964966, -22.8177089691, -75.9080505371, -5.4036989212], [-5109.14990234, -338.728912354, 685.507995605, -73.2333526611, 416.983947754, -24.5234622955, 132.920516968, -19.1847763062, 106.337501526, 11.1702194214, 47.0752906799, 83.7741928101, 17.687166214], [1320.14050293, -443.73538208, -389.294311523, -77.2297210693, -24.5234622955, 257.339141846, -68.91796875, 106.711456299, -50.6049003601, 17.5991249084, -14.7350349426, 63.5344200134, -15.731171608], [-2864.73144531, 120.562850952, 510.662139893, 23.0599994659, 132.920516968, -68.91796875, 270.815612793, -31.6192245483, 38.847858429, -23.1335487366, 60.1756210327, -50.8756027222, 7.24787855148], [484.690856934, -326.968536377, -204.725082397, -53.2236442566, -19.1847763062, 106.711456299, -31.6192245483, 128.454025269, 17.9294548035, 31.1787700653, -18.8567199707, 28.5052051544, 4.03704404831], [-1594.63977051, -80.5634307861, 201.391113281, -24.159318924, 106.337501526, -50.6049003601, 38.847858429, 17.9294548035, 113.192420959, 32.3994674683, 7.39573049545, 10.7406711578, 17.4744548798], [-120.018798828, -120.835487366, -16.0539588928, -18.1785964966, 11.1702194214, 17.5991249084, -23.1335487366, 31.1787700653, 32.3994674683, 56.727809906, 9.67981433868, 27.4392871857, 7.96324443817], [-1010.78375244, -27.6091308594, 135.54057312, -22.8177089691, 47.0752906799, -14.7350349426, 60.1756210327, -18.8567199707, 7.39573049545, 9.67981433868, 71.1466751099, 31.438999176, 10.9874544144], [-780.953796387, -358.882568359, -36.6333503723, -75.9080505371, 83.7741928101, 63.5344200134, -50.8756027222, 28.5052051544, 10.7406711578, 27.4392871857, 31.438999176, 140.488372803, 29.8547325134], [-400.196716309, -75.0475921631, 16.3609313965, -5.4036989212, 17.687166214, -15.731171608, 7.24787855148, 4.03704404831, 17.4744548798, 7.96324443817, 10.9874544144, 29.8547325134, 52.88123703]],
        "icov": [[0.00135441392194, -0.00376439117827, 0.00469979876652, -0.00263147475198, 0.00323636457324, -0.00323664955795, 0.00318417465314, -0.00359532143921, 0.0031208882574, -0.00267050880939, 0.0019838376902, -0.00115283683408, 0.000586950394791], [-0.00376439117827, 0.011647711508, -0.0131496554241, 0.00615393836051, -0.00809525605291, 0.00961754284799, -0.00880973320454, 0.011602981016, -0.00913656502962, 0.00800559762865, -0.00598204741254, 0.00428806338459, -0.00073500018334], [0.00469979876652, -0.0131496554241, 0.0178243722767, -0.00987375807017, 0.0089650163427, -0.00969413015991, 0.00962943211198, -0.0124132614583, 0.0113878725097, -0.0102713285014, 0.00675288261846, -0.00408236077055, 0.00281285261735], [-0.00263147475198, 0.00615393836051, -0.00987375807017, 0.0111213941127, -0.00554472254589, 0.0055307680741, -0.00614986289293, 0.00663536088541, -0.00472695939243, 0.00377202336676, -0.00142564217094, 0.00238436018117, -0.00320952106267], [0.00323636457324, -0.00809525605291, 0.0089650163427, -0.00554472254589, 0.0173218417913, -0.0105658350512, 0.00625749165192, -0.00473810872063, 0.00100507261232, -0.00325979385525, 0.00687283044681, -0.00730465073138, 0.00308542442508], [-0.00323664955795, 0.00961754284799, -0.00969413015991, 0.0055307680741, -0.0105658350512, 0.0193603672087, -0.00909000821412, 0.00189237087034, -0.000431260297773, 0.00432145036757, -0.00399672240019, 0.000294586323434, 0.00326950405724], [0.00318417465314, -0.00880973320454, 0.00962943211198, -0.00614986289293, 0.00625749165192, -0.00909000821412, 0.0181346777827, -0.0111091956496, 0.00618556141853, -0.000910545466468, -0.00516396155581, 0.00487734656781, -0.00203486974351], [-0.00359532143921, 0.011602981016, -0.0124132614583, 0.00663536088541, -0.00473810872063, 0.00189237087034, -0.0111091956496, 0.0297586545348, -0.0152771202847, 0.00273112067953, 0.000238754684688, 0.00288950582035, -0.00186901807319], [0.0031208882574, -0.00913656502962, 0.0113878725097, -0.00472695939243, 0.00100507261232, -0.000431260297773, 0.00618556141853, -0.0152771202847, 0.0290430448949, -0.0175685659051, 0.00750337634236, -0.00077396130655, -0.0015739290975], [-0.00267050880939, 0.00800559762865, -0.0102713285014, 0.00377202336676, -0.00325979385525, 0.00432145036757, -0.000910545466468, 0.00273112067953, -0.0175685659051, 0.0364699177444, -0.0131461424753, 0.00138856936246, -0.000732116226573], [0.0019838376902, -0.00598204741254, 0.00675288261846, -0.00142564217094, 0.00687283044681, -0.00399672240019, -0.00516396155581, 0.000238754684688, 0.00750337634236, -0.0131461424753, 0.0321611948311, -0.0130291124806, 0.00166428205557], [-0.00115283683408, 0.00428806338459, -0.00408236077055, 0.00238436018117, -0.00730465073138, 0.000294586323434, 0.00487734656781, 0.00288950582035, -0.00077396130655, 0.00138856936246, -0.0130291124806, 0.0219313334674, -0.00911835860461], [0.000586950394791, -0.00073500018334, 0.00281285261735, -0.00320952106267, 0.00308542442508, 0.00326950405724, -0.00203486974351, -0.00186901807319, -0.0015739290975, -0.000732116226573, 0.00166428205557, -0.00911835860461, 0.0269055627286]]
    },
    "melbands": {
        "max": [0.00137748301495, 0.00465022306889, 0.0147091001272, 0.00660972110927, 0.00533989490941, 0.00264438032173, 0.00239939545281, 0.0051597263664, 0.00588531885296, 0.0121332434937, 0.00764348078519, 0.00514737702906, 0.00136900844518, 0.00242924247868, 0.0021559249144, 0.00277869077399, 0.00138952350244, 0.001035924186, 0.000878123682924, 0.000932121241931, 0.0012463965686, 0.000632526294794, 0.000292585988063, 0.000627557048574, 0.000144771765918, 0.000175822919118, 0.000164258017321, 6.45353429718e-05, 2.95247937174e-05, 4.4832326239e-05, 4.89442863909e-05, 2.1785388526e-05, 1.78527407115e-05, 1.95346819964e-05, 1.26923278003e-05, 1.36906273838e-05, 8.93662218004e-06, 7.70943643147e-06, 8.06251500762e-06, 3.91456842408e-06],
        "mean": [8.05183881312e-05, 0.000226950462093, 0.00026870451984, 0.000331257819198, 0.00025900406763, 0.000187739628018, 0.000127117251395, 0.000267721421551, 0.000238475928199, 0.000618365011178, 0.000468187557999, 0.000148711318616, 0.000126711616758, 0.000121256649436, 0.000152884313138, 0.000200530063012, 0.000150804102304, 0.000114250571642, 0.000103833706817, 8.73771496117e-05, 6.98860967532e-05, 4.66344354209e-05, 3.38027348334e-05, 2.25293151743e-05, 1.53641467477e-05, 1.45050898936e-05, 1.383039762e-05, 7.70898623159e-06, 4.40027042714e-06, 3.98574866267e-06, 3.62658079212e-06, 2.60893648374e-06, 1.89831462194e-06, 1.52953612087e-06, 1.18247453429e-06, 1.08095025553e-06, 8.17629143057e-07, 6.7000985382e-07, 5.61345984806e-07, 3.83137347626e-07],
        "min": [1.15096896553e-24, 2.20729276624e-24, 1.42229905439e-24, 1.21856379409e-24, 3.65112313808e-25, 9.25019677969e-25, 2.06923954403e-24, 1.55885215898e-24, 1.67672405126e-24, 2.24291654143e-24, 1.36782022167e-24, 3.0941692445e-24, 1.90436800926e-24, 2.94907169162e-24, 2.6461735587e-24, 3.08749962276e-24, 2.88227430283e-24, 3.71898376347e-24, 3.56584416809e-24, 4.21685202455e-24, 3.63419975439e-24, 2.81309139865e-24, 3.69172940805e-24, 3.45669185122e-24, 2.34722919664e-24, 4.85131667898e-24, 4.12186686068e-24, 5.21672572774e-24, 3.78331734244e-24, 4.31806287869e-24, 3.37003271977e-24, 4.04238320802e-24, 5.55942071004e-24, 5.27575540042e-24, 6.21215064986e-24, 5.00311560524e-24, 6.39983249212e-24, 6.03776466372e-24, 5.48612961549e-24, 6.38933512006e-24],
        "stdev": [0.000139518728247, 0.000400366057875, 0.000556672865059, 0.000590305891819, 0.000432477449067, 0.000319294660585, 0.000207487333682, 0.000422630750109, 0.000543969043065, 0.00133470178116, 0.000865725451149, 0.000348072499037, 0.000161979376571, 0.000153475979459, 0.000217195294681, 0.000279626896372, 0.000178755697561, 0.000146100413986, 0.000136715898407, 0.000120007432997, 0.000103679660242, 6.89539810992e-05, 4.48756436526e-05, 3.44735417457e-05, 1.96574310394e-05, 2.00295507966e-05, 1.85852859431e-05, 9.37782897381e-06, 4.67223162559e-06, 4.68850203106e-06, 4.91506807521e-06, 2.86620957013e-06, 2.185233825e-06, 2.05328183256e-06, 1.4673099713e-06, 1.38926691307e-06, 1.03301397303e-06, 9.2609246849e-07, 8.67158973961e-07, 5.54031316824e-07]
    },
    "melbands128": {
        "max": [0.00016772269737, 0.000902166997548, 0.00235558813438, 0.00359402014874, 0.00495187519118, 0.00821884348989, 0.0226747933775, 0.0179807636887, 0.00558676198125, 0.0071250833571, 0.0108484271914, 0.00930781569332, 0.00588527601212, 0.00490150554106, 0.00456272996962, 0.00381381390616, 0.00399746140465, 0.00214612414129, 0.00303763244301, 0.00395596027374, 0.0103139607236, 0.00666590686888, 0.00709180999547, 0.0167099870741, 0.0176942646503, 0.0280208494514, 0.0171427484602, 0.0132747935131, 0.0157165322453, 0.0116928275675, 0.00290243839845, 0.00251125125214, 0.00244124000892, 0.00250504980795, 0.00392695423216, 0.00270243035629, 0.00227021961473, 0.00292698550038, 0.00420084735379, 0.00386735331267, 0.00564993266016, 0.00403423886746, 0.00234361714683, 0.00207880884409, 0.00191052886657, 0.00130873639137, 0.00172218424268, 0.00144615094177, 0.00143977452535, 0.00139518885408, 0.00119950412773, 0.00184493139386, 0.00149489217438, 0.00135594280437, 0.00130575208459, 0.00064277718775, 0.000421741977334, 0.000489663914777, 0.000480998540297, 0.000565813446883, 0.00121968088206, 0.000460658688098, 0.000250593671808, 0.000195725442609, 0.000189260434126, 0.000294205441605, 0.000428426719736, 0.000352520466549, 0.000174434520886, 0.000240443114308, 0.000127598876134, 0.0001544104598, 7.2693292168e-05, 6.50779693387e-05, 5.34637110832e-05, 7.15767600923e-05, 7.37237496651e-05, 4.58849790448e-05, 7.58940514061e-05, 9.06277346076e-05, 2.85259102384e-05, 3.65990963473e-05, 2.32997535932e-05, 3.68279943359e-05, 4.3641506636e-05, 3.78613149223e-05, 3.34210708388e-05, 1.34895662995e-05, 1.79703201866e-05, 1.97154731723e-05, 3.04935001623e-05, 1.2473768038e-05, 8.8697515821e-06, 8.03302373242e-06, 2.11443057196e-05, 1.01083687696e-05, 8.23565005703e-06, 9.17917805054e-06, 1.32358964038e-05, 8.28717838885e-06, 4.60427008875e-06, 4.29334841101e-06, 7.04206513547e-06, 3.47135642187e-06, 6.36021241007e-06, 7.17097873348e-06, 2.53859093391e-06, 1.47502100845e-06, 1.60982335728e-06, 6.26573751106e-07, 2.50341457786e-07, 1.54549852027e-07, 4.63160318986e-08, 3.73898600969e-08, 1.76520575934e-08, 2.22362217528e-08, 2.9703326021e-08, 1.01198667224e-08, 8.69415295313e-09, 7.54196260999e-09, 3.55975937616e-09, 2.65765187635e-10, 9.99469812468e-11, 5.5276862948e-11, 5.4740538491e-11, 5.26915178156e-11, 5.1670043244e-11, 5.13104558841e-11],
        "mean": [9.33129922487e-06, 5.41882145626e-05, 9.67425658018e-05, 0.000155723872012, 0.000227531214477, 0.00028876651777, 0.000280875392491, 0.000239897024585, 0.000281359418295, 0.000316059129545, 0.000398170697736, 0.000341184117133, 0.000217693712329, 0.000153357497766, 0.000207285178476, 0.000197054105229, 0.000160917843459, 9.84119178611e-05, 0.000101049197838, 0.000239976361627, 0.000405593746109, 0.000215334570385, 0.000141174779856, 0.000335978053045, 0.000547229195945, 0.000847669551149, 0.000570007076021, 0.000471385603305, 0.000340962287737, 0.000150549341924, 9.54042916419e-05, 9.69880566117e-05, 0.000116858594993, 0.000173265623744, 0.000117773575766, 0.000106095525553, 0.000117827847134, 0.00014536800154, 0.000188458056073, 0.000182405055966, 0.00023382823565, 0.000174518703716, 0.000137592825922, 0.000158253518748, 0.000117596784548, 0.000101485376945, 0.00011137756519, 0.000120371740195, 8.84665787453e-05, 8.63898021635e-05, 8.98671933101e-05, 8.88676731847e-05, 7.45864235796e-05, 6.03351109021e-05, 5.7763994846e-05, 4.34112771472e-05, 4.03964404541e-05, 3.8123496779e-05, 3.02520547848e-05, 2.86872946162e-05, 2.25993026106e-05, 1.70782495843e-05, 1.84182299563e-05, 1.37155202538e-05, 1.23309091578e-05, 1.39284638863e-05, 1.59360351972e-05, 1.69593076862e-05, 1.21943066915e-05, 1.21993334687e-05, 7.28339819034e-06, 6.42030090603e-06, 4.55869803773e-06, 3.9895539885e-06, 4.00514136345e-06, 4.20235210186e-06, 3.96071163777e-06, 3.54431836058e-06, 3.77065066459e-06, 3.64276274922e-06, 2.53410416917e-06, 2.43399404098e-06, 1.9538442757e-06, 1.84067039299e-06, 1.85683643394e-06, 1.67275356944e-06, 1.46326829054e-06, 1.17112290354e-06, 1.14183717415e-06, 1.12999850899e-06, 1.3385180182e-06, 9.79480546448e-07, 8.56160170315e-07, 7.75846558554e-07, 8.78879461652e-07, 6.80091716276e-07, 6.46757541745e-07, 6.06874891673e-07, 5.8864196717e-07, 5.38114591109e-07, 4.04815722277e-07, 3.60120765208e-07, 3.64611480563e-07, 2.51520901884e-07, 2.17758284293e-07, 2.04030172313e-07, 1.68036720538e-07, 1.10680723253e-07, 9.15522448963e-08, 4.67746801291e-08, 2.07701660315e-08, 9.0061726965e-09, 3.77621311998e-09, 2.15986584173e-09, 1.27587573839e-09, 7.99354638037e-10, 7.65114749335e-10, 2.38408792708e-10, 1.11968115335e-10, 1.1037340486e-10, 2.68013094357e-11, 6.35097096441e-12, 5.27706264103e-12, 4.68962282202e-12, 4.13538691138e-12, 3.21388597159e-12, 2.72016111892e-12, 2.63915365256e-12],
        "min": [2.94854038918e-27, 8.29677160103e-25, 9.04415321378e-25, 1.47908510804e-25, 3.62085577775e-25, 1.13481881343e-24, 3.10264811873e-25, 4.42831555792e-25, 7.56105724107e-25, 8.08651749004e-25, 2.54933097252e-25, 1.86728208039e-25, 3.87677482787e-25, 2.40311042684e-25, 2.92178080209e-25, 4.09769532438e-25, 1.26980100014e-24, 1.11262608541e-24, 8.49353323231e-25, 8.40386538537e-25, 3.14221639566e-25, 6.55812808238e-25, 7.41096363486e-25, 6.2791143897e-25, 7.36631312155e-25, 1.45012986991e-24, 1.76033768658e-25, 1.29259543182e-24, 6.92513970208e-25, 1.14898419149e-24, 1.06162711536e-24, 1.16728172158e-24, 9.44280900261e-25, 9.49056762789e-25, 1.13993043488e-24, 9.81294253934e-25, 1.3400612911e-24, 8.68851499618e-25, 4.20512215593e-25, 6.44469481459e-25, 1.34486900388e-24, 1.47001774358e-24, 1.91963503158e-24, 1.56090378898e-24, 1.67497455499e-24, 1.39750111323e-24, 1.4106421554e-24, 1.46066885439e-24, 1.90621354935e-24, 2.55985363744e-24, 1.49302358999e-24, 1.59176097076e-24, 2.49994537093e-24, 2.13724941203e-24, 1.32589384228e-24, 1.33677568543e-24, 1.25778290147e-24, 1.24941012903e-24, 2.74770232379e-24, 1.22022967111e-24, 1.84689988675e-24, 2.13253360154e-24, 1.46288584935e-24, 1.96230905389e-24, 2.3949539009e-24, 2.61595131135e-24, 1.665226798e-24, 2.73151391194e-24, 2.68023124778e-24, 1.88344899578e-24, 2.10254564587e-24, 2.15701964682e-24, 3.5951992601e-24, 2.51832760496e-24, 4.25401960053e-24, 3.04836561376e-24, 3.55266782439e-24, 3.08353046912e-24, 2.73967960838e-24, 3.19280387614e-24, 1.90389508715e-24, 3.8705957297e-24, 3.18253902083e-24, 3.01934066005e-24, 2.93035675551e-24, 2.88548615e-24, 4.40553138143e-24, 4.86123344941e-24, 5.14022199716e-24, 4.32145419173e-24, 2.98675952137e-24, 3.58250491041e-24, 3.83174827443e-24, 4.83428004444e-24, 3.74757997128e-24, 5.24861306325e-24, 2.87955115498e-24, 3.76594938632e-24, 3.61921731365e-24, 3.7816433796e-24, 4.5323064565e-24, 5.33687673779e-24, 4.66734445512e-24, 5.11204664663e-24, 5.08406101716e-24, 4.15986865707e-24, 5.0459819124e-24, 4.38603507859e-24, 4.94102081352e-24, 4.54281487262e-24, 4.26585921943e-24, 5.0952368096e-24, 3.42079039699e-24, 5.14606154001e-24, 4.11965252812e-24, 4.61951976274e-24, 4.37268834094e-24, 6.14403487727e-24, 5.06724723583e-24, 5.34551358141e-24, 5.83343115104e-24, 5.96233496725e-24, 6.37729315834e-24, 6.14388223269e-24, 5.85645247883e-24, 4.75412231013e-24, 5.95301339237e-24, 6.53724180662e-24],
        "stdev": [1.82522726391e-05, 0.000102077014162, 0.000203184928978, 0.000305216468405, 0.000461855088361, 0.000598883023486, 0.000826338306069, 0.000610350747593, 0.000510719197337, 0.000657316064462, 0.000894656928722, 0.000636372191366, 0.000444536301075, 0.000345983920852, 0.000453962973552, 0.000372558512026, 0.000304465473164, 0.000198402893147, 0.000222792121349, 0.00041920071817, 0.000716397364158, 0.000522340473253, 0.000441619486082, 0.00138634548057, 0.00159787153825, 0.00236837379634, 0.00146179448348, 0.00120826391503, 0.0010817728471, 0.000617747602519, 0.000194306718186, 0.000184537610039, 0.000201571048819, 0.000278208841337, 0.000199568472453, 0.000183417170774, 0.000195986984181, 0.000243917922489, 0.000400404940592, 0.000319960963679, 0.000479909125715, 0.000343464984326, 0.000217527107452, 0.000236420572037, 0.000184779477422, 0.000167287667864, 0.00020025287813, 0.00018702817033, 0.00014232689864, 0.000148246486788, 0.00014090356126, 0.000145585087012, 0.000132616216433, 0.000107882151497, 0.000102683545265, 7.29016028345e-05, 6.23040104983e-05, 5.84487170272e-05, 4.68855869258e-05, 4.14780406572e-05, 4.7006051318e-05, 3.4998774936e-05, 2.82786731987e-05, 2.11413625948e-05, 1.98670040845e-05, 2.61590994342e-05, 3.24881439155e-05, 3.25887449435e-05, 2.03107119887e-05, 2.30768564506e-05, 1.26939175971e-05, 9.93191952148e-06, 6.03299167778e-06, 5.44959357285e-06, 5.2937170949e-06, 5.93777758695e-06, 6.04448132435e-06, 5.0348539844e-06, 6.43914336251e-06, 7.50328126742e-06, 2.88454725705e-06, 3.31009005095e-06, 2.28942280955e-06, 2.43952558776e-06, 3.50643745151e-06, 2.9152758998e-06, 2.34370804719e-06, 1.55796965373e-06, 1.58065984124e-06, 1.61776313234e-06, 2.41729935624e-06, 1.29726743126e-06, 1.07244693481e-06, 1.03220384062e-06, 1.55908332999e-06, 1.07216249035e-06, 9.55044924922e-07, 9.01252235508e-07, 1.05584445009e-06, 9.43985753565e-07, 6.07636081895e-07, 5.64350671084e-07, 7.02902241301e-07, 4.05021239658e-07, 3.7788180407e-07, 4.30288508824e-07, 2.87447392111e-07, 1.84659953106e-07, 1.6669733327e-07, 7.79543327667e-08, 3.06313552301e-08, 1.44332386043e-08, 6.50653042555e-09, 4.05873734621e-09, 2.02579153452e-09, 1.05335562495e-09, 1.04672248646e-09, 4.29329433116e-10, 3.10386161217e-10, 3.98452798533e-10, 1.37726482996e-10, 1.39199693439e-11, 7.07737514427e-12, 4.87674397393e-12, 4.75612257911e-12, 4.64527765212e-12, 4.58012837726e-12, 4.55193304924e-12]
    },
    "mfcc": {
        "mean": [-661.815979004, 100.346412659, -39.7684364319, -1.63979780674, -8.74221611023, 1.42539775372, -6.20039081573, -1.43501257896, -2.60559105873, 3.57758116722, -1.30506145954, -2.8624689579, -6.51708984375],
        "cov": [[25307.5976562, 2847.60620117, -1911.15197754, -403.605407715, -516.888244629, -19.2569904327, -170.407455444, -23.6094760895, -75.0781097412, 136.070144653, -33.3523864746, -106.451019287, -281.17590332], [2847.60620117, 2426.89746094, 719.106445312, 759.48046875, -167.118850708, 85.052406311, 0.421458721161, -157.046234131, -116.150909424, 135.34602356, -32.1874008179, -92.6530532837, -104.155204773], [-1911.15197754, 719.106445312, 930.555969238, 547.618041992, -31.9536819458, 52.0281486511, 70.6935653687, -76.5021133423, -45.1846237183, 67.0193481445, 2.08155345917, -41.5714378357, -26.8757171631], [-403.605407715, 759.48046875, 547.618041992, 551.424499512, -51.6781578064, 36.726890564, 9.35427474976, -87.424156189, -26.2401351929, 75.1267852783, -25.1215744019, -46.7038650513, -22.1559238434], [-516.888244629, -167.118850708, -31.9536819458, -51.6781578064, 180.137451172, 23.8684272766, -44.9309463501, 21.9977912903, 26.6034812927, -35.4579124451, -3.08868455887, 11.7078094482, 48.0328712463], [-19.2569904327, 85.052406311, 52.0281486511, 36.726890564, 23.8684272766, 81.4199981689, 39.7749404907, 15.973154068, -11.8179731369, -9.58984947205, -2.31830859184, 0.141050547361, -0.850284576416], [-170.407455444, 0.421458721161, 70.6935653687, 9.35427474976, -44.9309463501, 39.7749404907, 138.980529785, 42.1180953979, -19.3163967133, 3.29095506668, 12.0952739716, 6.61132860184, -34.4144287109], [-23.6094760895, -157.046234131, -76.5021133423, -87.424156189, 21.9977912903, 15.973154068, 42.1180953979, 79.1263809204, 18.7055912018, -18.458732605, 9.28859615326, 17.5227603912, 6.53845882416], [-75.0781097412, -116.150909424, -45.1846237183, -26.2401351929, 26.6034812927, -11.8179731369, -19.3163967133, 18.7055912018, 74.5732879639, 31.7292289734, 7.96645832062, 2.88289189339, 14.0969638824], [136.070144653, 135.34602356, 67.0193481445, 75.1267852783, -35.4579124451, -9.58984947205, 3.29095506668, -18.458732605, 31.7292289734, 99.1969833374, 27.9039020538, -13.3322782516, -25.9205207825], [-33.3523864746, -32.1874008179, 2.08155345917, -25.1215744019, -3.08868455887, -2.31830859184, 12.0952739716, 9.28859615326, 7.96645832062, 27.9039020538, 57.2495155334, 13.6091756821, -11.7706050873], [-106.451019287, -92.6530532837, -41.5714378357, -46.7038650513, 11.7078094482, 0.141050547361, 6.61132860184, 17.5227603912, 2.88289189339, -13.3322782516, 13.6091756821, 46.3881912231, 22.9446849823], [-281.17590332, -104.155204773, -26.8757171631, -22.1559238434, 48.0328712463, -0.850284576416, -34.4144287109, 6.53845882416, 14.0969638824, -25.9205207825, -11.7706050873, 22.9446849823, 75.6523513794]],
        "icov": [[9.30819660425e-05, -0.00020813086303, 0.000334393815137, 2.89472973236e-05, 0.000148294697283, -4.45262776338e-05, 4.76591449114e-05, -9.19665471883e-05, -6.50256552035e-05, 1.13351343316e-05, -4.69901970064e-05, 8.70354706421e-05, 0.000103947793832], [-0.00020813086303, 0.00136374589056, -0.000743598968256, -0.00106180761941, 7.02399047441e-05, -0.000771140039433, 0.00074198062066, -5.89425617363e-05, 0.00139715126716, -0.000832668796647, 0.000378294353141, -0.000222476446652, 0.000398918054998], [0.000334393815137, -0.000743598968256, 0.00426356028765, -0.00297993095592, -0.000391519366531, 0.000462601747131, -0.001920613111, 0.000558856816497, 0.000291168078547, 0.000549880496692, -0.00202993419953, 0.00116802065168, -0.000343143969076], [2.89472973236e-05, -0.00106180761941, -0.00297993095592, 0.00713280588388, 0.000608414877206, -0.00131209846586, 0.000399023556383, 0.00209529395215, -0.000965543556958, -0.0022922148928, 0.00317218573764, 0.000403366808314, -0.000958800723311], [0.000148294697283, 7.02399047441e-05, -0.000391519366531, 0.000608414877206, 0.00972124282271, -0.00487883575261, 0.00457246368751, -0.00216912152246, -0.00293701584451, 0.0028897614684, -0.00162146124057, 0.00110953266267, -0.00232394784689], [-4.45262776338e-05, -0.000771140039433, 0.000462601747131, -0.00131209846586, -0.00487883575261, 0.0188271906227, -0.00686804531142, -0.001607386861, 0.00171023374423, 0.00108532293234, -0.000193577987375, 0.00119750050362, -0.00146333582234], [4.76591449114e-05, 0.00074198062066, -0.001920613111, 0.000399023556383, 0.00457246368751, -0.00686804531142, 0.0169040579349, -0.0101504568011, 0.0041850511916, -0.00220250920393, 0.00134107063059, -0.00369823002256, 0.00601569376886], [-9.19665471883e-05, -5.89425617363e-05, 0.000558856816497, 0.00209529395215, -0.00216912152246, -0.001607386861, -0.0101504568011, 0.0261701196432, -0.00966586451977, 0.00581035017967, -0.00273534865119, -0.00195178552531, -0.00117265467998], [-6.50256552035e-05, 0.00139715126716, 0.000291168078547, -0.000965543556958, -0.00293701584451, 0.00171023374423, 0.0041850511916, -0.00966586451977, 0.0265487469733, -0.0143415806815, 0.00334640243091, 0.000655800162349, -0.0034134122543], [1.13351343316e-05, -0.000832668796647, 0.000549880496692, -0.0022922148928, 0.0028897614684, 0.00108532293234, -0.00220250920393, 0.00581035017967, -0.0143415806815, 0.0240360572934, -0.0117226243019, 0.00365513563156, 0.00306843966246], [-4.69901970064e-05, 0.000378294353141, -0.00202993419953, 0.00317218573764, -0.00162146124057, -0.000193577987375, 0.00134107063059, -0.00273534865119, 0.00334640243091, -0.0117226243019, 0.0283032469451, -0.011400478892, 0.00564909959212], [8.70354706421e-05, -0.000222476446652, 0.00116802065168, 0.000403366808314, 0.00110953266267, 0.00119750050362, -0.00369823002256, -0.00195178552531, 0.000655800162349, 0.00365513563156, -0.011400478892, 0.0343972332776, -0.0127303916961], [0.000103947793832, 0.000398918054998, -0.000343143969076, -0.000958800723311, -0.00232394784689, -0.00146333582234, 0.00601569376886, -0.00117265467998, -0.0034134122543, 0.00306843966246, 0.00564909959212, -0.0127303916961, 0.0244755074382]]
    },
    "spectral_contrast_coeffs": {
        "max": [-0.454012930393, -0.471126556396, -0.481401711702, -0.547079563141, -0.643713533878, -0.642474770546],
        "mean": [-0.7263661623, -0.788884341717, -0.759861469269, -0.777172923088, -0.777297735214, -0.765678822994],
        "min": [-0.983658790588, -0.98498749733, -0.98433983326, -0.980938732624, -0.969787955284, -0.964385271072],
        "stdev": [0.0893774703145, 0.0808746367693, 0.0945756733418, 0.0695615112782, 0.0600375495851, 0.0609910562634]
    },
    "spectral_contrast_valleys": {
        "max": [-5.3383436203, -4.67679643631, -5.24499130249, -5.04721975327, -5.89024591446, -8.52098274231],
        "mean": [-8.65857887268, -7.68957614899, -7.98763942719, -8.03898334503, -8.48169708252, -11.1664915085],
        "min": [-27.8035736084, -27.872095108, -27.6999073029, -27.5465812683, -27.5133132935, -27.3974914551],
        "stdev": [4.66675138474, 4.84183359146, 4.79137992859, 4.79917907715, 4.67395353317, 4.05789661407]
    }
},
"rhythm": {
    "beats_count": 83,
    "beats_loudness": {
        "max": 0.0676236748695,
        "mean": 0.0260008554906,
        "min": 0,
        "stdev": 0.0155770266429
    },
    "bpm": 144.327529907,
    "bpm_histogram_first_peak_bpm": 144,
    "bpm_histogram_first_peak_weight": 0.380281686783,
    "bpm_histogram_second_peak_bpm": 136,
    "bpm_histogram_second_peak_spread": 0.45454543829,
    "bpm_histogram_second_peak_weight": 0.0731707289815,
    "danceability": 0.987502574921,
    "onset_rate": 2.71819519997,
    "beats_loudness_band_ratio": {
        "max": [0.563896119595, 0.76557046175, 0.863602459431, 0.890595495701, 0.70231461525, 0.251709282398],
        "mean": [0.078233294189, 0.113198064268, 0.259879231453, 0.282046854496, 0.20774641633, 0.052774310112],
        "min": [0, 0, 0, 0, 0, 0],
        "stdev": [0.113908745348, 0.157392963767, 0.227022081614, 0.19630870223, 0.205707281828, 0.0417737960815]
    },
