{
"metadata": {
    "version": {
        "essentia": "2.1-beta5",
        "essentia_git_sha": "Undefined",
        "extractor": "music 2.0"
    },
    "audio_properties": {
        "analysis": {
            "equal_loudness": 0,
            "length": 48.7502937317,
            "sample_rate": 44100,
            "start_time": 61.4980506897,
            "downmix": "mix"
        },
        "bit_rate": 192000,
        "length": 175.984039307,
        "lossless": 0,
        "number_channels": 2,
        "replay_gain": -2.70122337341,
        "sample_rate": 44100,
        "codec": "mp3",
        "md5_encoded": "4fc615b76416d3fac330d18f786f571b"
    },
    "tags": {
        "file_name": "Austria_Mrs. Caroline Robinson_Springtime.mp3",
        "encoding": ["Lavf58.29.100"]
    }
},
"lowlevel": {
    "average_loudness": 0.981073260307,
    "barkbands_crest": {
        "max": 18.4400539398,
        "mean": 6.53770542145,
        "min": 2.4331741333,
        "stdev": 2.40934300423
    },
    "barkbands_flatness_db": {
        "max": 0.219372346997,
        "mean": 0.119625255466,
        "min": 0.0533682778478,
        "stdev": 0.0257064942271
    },
    "barkbands_kurtosis": {
        "max": 14.5085067749,
        "mean": -0.300615221262,
        "min": -1.77540254593,
        "stdev": 1.28314208984
    },
    "barkbands_skewness": {
        "max": 3.48952412605,
        "mean": 0.412884563208,
        "min": -2.92355132103,
        "stdev": 0.629577875137
    },
    "barkbands_spread": {
        "max": 80.9952011108,
        "mean": 27.9055652618,
        "min": 7.31012153625,
        "stdev": 9.94859695435
    },
    "dissonance": {
        "max": 0.499984294176,
        "mean": 0.473105162382,
        "min": 0.352684468031,
        "stdev": 0.0187366567552
    },
    "dynamic_complexity": 1.60497868061,
    "erbbands_crest": {
        "max": 25.1316814423,
        "mean": 8.52906799316,
        "min": 2.860891819,
        "stdev": 3.39555644989
    },
    "erbbands_flatness_db": {
        "max": 0.278452843428,
        "mean": 0.186584040523,
        "min": 0.0934733524919,
        "stdev": 0.0280724875629
    },
    "erbbands_kurtosis": {
        "max": 18.3142223358,
        "mean": -0.0677378773689,
        "min": -1.5098669529,
        "stdev": 1.2760540247
    },
    "erbbands_skewness": {
        "max": 2.06436109543,
        "mean": -0.136830434203,
        "min": -3.45727610588,
        "stdev": 0.587660610676
    },
    "erbbands_spread": {
        "max": 111.539512634,
        "mean": 32.3939056396,
        "min": 8.61230182648,
        "stdev": 10.8494529724
    },
    "hfc": {
        "max": 213.296401978,
        "mean": 30.5624637604,
        "min": 0.509009897709,
        "stdev": 22.5337333679
    },
    "loudness_ebu128": {
        "integrated": -21.2633285522,
        "loudness_range": 1.55651855469,
        "momentary": {
            "max": -18.3350601196,
            "mean": -21.4491920471,
            "min": -27.5521125793,
            "stdev": 1.33381938934
        },
        "short_term": {
            "max": -20.234664917,
            "mean": -21.297077179,
            "min": -23.4148826599,
            "stdev": 0.620155274868
        }
    },
    "melbands_crest": {
        "max": 25.6956367493,
        "mean": 9.02779388428,
        "min": 3.41812825203,
        "stdev": 3.27471590042
    },
    "melbands_flatness_db": {
        "max": 0.270694375038,
        "mean": 0.129399299622,
        "min": 0.029862800613,
        "stdev": 0.0395183600485
    },
    "melbands_kurtosis": {
        "max": 35.0020217896,
        "mean": 1.96258497238,
        "min": -1.77199602127,
        "stdev": 2.96061706543
    },
    "melbands_skewness": {
        "max": 4.9031867981,
        "mean": 1.26041245461,
        "min": -0.740589916706,
        "stdev": 0.69464713335
    },
    "melbands_spread": {
        "max": 164.282974243,
        "mean": 43.6805419922,
        "min": 5.86008739471,
        "stdev": 21.576789856
    },
    "pitch_salience": {
        "max": 0.78985619545,
        "mean": 0.593322336674,
        "min": 0.327726662159,
        "stdev": 0.0760219395161
    },
    "silence_rate_20dB": {
        "max": 1,
        "mean": 1,
        "min": 1,
        "stdev": 0
    },
    "silence_rate_30dB": {
        "max": 1,
        "mean": 1,
        "min": 1,
        "stdev": 0
    },
    "silence_rate_60dB": {
        "max": 1,
        "mean": 0.00475963810459,
        "min": 0,
        "stdev": 0.0688264966011
    },
    "spectral_centroid": {
        "max": 4487.91943359,
        "mean": 2010.74060059,
        "min": 573.636535645,
        "stdev": 579.357666016
    },
    "spectral_complexity": {
        "max": 51,
        "mean": 25.3617324829,
        "min": 0,
        "stdev": 7.57891321182
    },
    "spectral_decrease": {
        "max": -4.43533508532e-11,
        "mean": -4.85540541106e-09,
        "min": -1.66292988268e-08,
        "stdev": 2.34053865178e-09
    },
    "spectral_energy": {
        "max": 0.0728465616703,
        "mean": 0.021097522229,
        "min": 0.000239275454078,
        "stdev": 0.0100166685879
    },
    "spectral_energyband_high": {
        "max": 0.0350052043796,
        "mean": 0.00154441036284,
        "min": 7.86796681496e-06,
        "stdev": 0.00281275529414
    },
    "spectral_energyband_low": {
        "max": 0.0218895338476,
        "mean": 0.00164150411729,
        "min": 1.44205660035e-05,
        "stdev": 0.00177292968147
    },
    "spectral_energyband_middle_high": {
        "max": 0.0373580269516,
        "mean": 0.00947929918766,
        "min": 4.21663353336e-05,
        "stdev": 0.00599175272509
    },
    "spectral_energyband_middle_low": {
        "max": 0.0407439880073,
        "mean": 0.00890046264976,
        "min": 7.79387919465e-05,
        "stdev": 0.00609337957576
    },
    "spectral_entropy": {
        "max": 8.73688030243,
        "mean": 7.63181304932,
        "min": 6.67230844498,
        "stdev": 0.273714542389
    },
    "spectral_flux": {
        "max": 0.210585057735,
        "mean": 0.0808455422521,
        "min": 0.0160788614303,
        "stdev": 0.0268267635256
    },
    "spectral_kurtosis": {
        "max": 13.5237598419,
        "mean": 3.26039743423,
        "min": -0.985549211502,
        "stdev": 1.78599321842
    },
    "spectral_rms": {
        "max": 0.00843029189855,
        "mean": 0.00440401164815,
        "min": 0.000483155745314,
        "stdev": 0.00108978827484
    },
    "spectral_rolloff": {
        "max": 10249.8046875,
        "mean": 2740.16308594,
        "min": 258.3984375,
        "stdev": 1499.25341797
    },
    "spectral_skewness": {
        "max": 2.33458065987,
        "mean": 1.16970431805,
        "min": -0.00408477289602,
        "stdev": 0.295287907124
    },
    "spectral_spread": {
        "max": 15785553,
        "mean": 3841985.25,
        "min": 2317534.5,
        "stdev": 1298222.375
    },
    "spectral_strongpeak": {
        "max": 12.6774816513,
        "mean": 1.61972796917,
        "min": 0.0111181298271,
        "stdev": 1.63766038418
    },
    "zerocrossingrate": {
        "max": 0.27099609375,
        "mean": 0.0873058959842,
        "min": 0.02490234375,
        "stdev": 0.0362904965878
    },
    "barkbands": {
        "max": [0.000258759129792, 0.00564595870674, 0.018841130659, 0.0222228728235, 0.0226612910628, 0.0113822687417, 0.0202961787581, 0.02359245345, 0.0258576199412, 0.0185088794678, 0.0301889888942, 0.0152022577822, 0.0167588014156, 0.0169122535735, 0.0108663858846, 0.015545216389, 0.0114321513101, 0.00602429360151, 0.012491219677, 0.00779707496986, 0.0166349839419, 0.0129643781111, 0.00562386400998, 0.00546805793419, 0.00396880879998, 0.000448068312835, 7.20828347767e-06],
        "mean": [1.14475524242e-05, 0.000516781758051, 0.000864158966579, 0.000628823589068, 0.00276354607195, 0.00124839344062, 0.00135824747849, 0.00141293846536, 0.00113423413131, 0.000973042275291, 0.00149214616977, 0.000845556962304, 0.000958177028224, 0.000771193183027, 0.000740552262869, 0.00100106187165, 0.000843882851768, 0.000674310780596, 0.00113307277206, 0.000483044161228, 0.000386422645533, 0.00040727268788, 0.000196774533833, 0.000153602813953, 9.03903055587e-05, 8.46195325721e-06, 4.24410329103e-09],
        "min": [2.148973266e-08, 1.69097961589e-06, 7.37654374916e-07, 2.21576965487e-06, 3.02240969177e-05, 2.98355053019e-06, 1.21544792364e-06, 2.51334404311e-06, 2.81909137811e-06, 2.15368845602e-06, 2.02690921469e-06, 3.94799189962e-06, 3.27596285388e-06, 4.13122450027e-07, 3.82179166536e-07, 4.14086616729e-06, 1.60661898008e-06, 2.60888577941e-06, 3.31017963617e-06, 2.08420033232e-06, 1.40370741519e-06, 1.46454533478e-06, 8.99240717445e-07, 2.71072934765e-07, 1.39929710485e-07, 2.93542328222e-08, 5.95183000107e-11],
        "stdev": [1.94405638467e-05, 0.000558757863473, 0.0012187421089, 0.00100091018248, 0.00276967138052, 0.00136118754745, 0.00191166682635, 0.00192490685731, 0.00192143348977, 0.00151999958325, 0.00236663408577, 0.00128851435147, 0.0015288538998, 0.00119475997053, 0.00103236385621, 0.00136230606586, 0.00110014737584, 0.000687534222379, 0.00136500876397, 0.000637640419882, 0.0009876297554, 0.000958938908298, 0.000478153408039, 0.000484917574795, 0.000345942680724, 3.31979244947e-05, 1.57209214535e-07]
    },
    "erbbands": {
        "max": [0.0958864241838, 1.92587172985, 15.0896863937, 47.281124115, 62.0720977783, 85.6159515381, 193.669281006, 100.625244141, 195.424240112, 414.415771484, 533.940856934, 687.112976074, 363.61428833, 1180.66577148, 1094.26525879, 584.847473145, 877.164367676, 604.706665039, 648.481994629, 630.65447998, 1045.54260254, 420.61807251, 392.305725098, 711.536437988, 585.422302246, 343.249542236, 468.219451904, 788.541503906, 455.329345703, 303.300537109, 167.227203369, 149.391265869, 98.9414291382, 64.0275344849, 24.7289924622, 4.69021129608, 0.198295727372, 0.00604682089761, 0.00104846607428, 0.000148679726408],
        "mean": [0.00601426092908, 0.155752003193, 0.938000977039, 1.55224716663, 5.17731332779, 9.53819942474, 11.6626377106, 9.76287555695, 15.6182899475, 31.0642204285, 26.8191204071, 29.6837673187, 26.3902702332, 34.4742736816, 66.2416534424, 40.5639610291, 48.2699584961, 40.346534729, 36.8438873291, 52.31640625, 45.7060966492, 42.6220321655, 40.6964073181, 64.9373626709, 35.2087364197, 26.2122764587, 15.4015026093, 16.9137229919, 13.600476265, 9.79171466827, 5.36615180969, 3.72947001457, 2.32053041458, 1.30447602272, 0.480258882046, 0.0905124545097, 0.00580454152077, 0.000176997200469, 2.91534961434e-05, 3.05458052026e-05],
        "min": [4.54990986327e-05, 0.000553116435185, 0.00161226640921, 0.00897397007793, 0.0412976965308, 0.0910876393318, 0.0262602884322, 0.0275266803801, 0.0245442800224, 0.020876891911, 0.0691311657429, 0.0706307142973, 0.0362955294549, 0.150341972709, 0.32061958313, 0.158397167921, 0.148871734738, 0.0460298061371, 0.0209414064884, 0.172850444913, 0.116462044418, 0.102143451571, 0.0598867759109, 0.266245573759, 0.126366138458, 0.102546006441, 0.0668982416391, 0.0615812651813, 0.0514124520123, 0.0495533905923, 0.0167610533535, 0.00811327248812, 0.00236973632127, 0.00109302438796, 0.000925985397771, 0.000262047338765, 2.26607153309e-05, 8.94718596101e-07, 5.23393850926e-07, 8.08953757314e-07],
        "stdev": [0.0075436825864, 0.171272501349, 1.23757719994, 2.20468950272, 6.55889749527, 10.3178081512, 13.9473714828, 10.7806301117, 20.5861244202, 45.7938346863, 39.0250396729, 53.0147743225, 35.8656654358, 63.1161651611, 92.3341445923, 58.802482605, 74.576965332, 54.4896507263, 54.0730819702, 61.6542015076, 60.8286476135, 47.9934196472, 39.8012809753, 83.149017334, 52.2408447266, 33.9182929993, 29.8000049591, 44.7782592773, 34.9291954041, 22.2404441833, 13.3505945206, 11.3383665085, 8.17810916901, 5.09434080124, 1.83790922165, 0.348341822624, 0.0188425723463, 0.000551570788957, 5.32234844286e-05, 1.80379211088e-05]
    },
    "gfcc": {
        "mean": [14.0383701324, 95.5913848877, -166.967269897, 44.4773025513, -75.7443466187, 9.66159152985, -42.0498657227, 0.891932666302, -24.5539608002, -8.11489295959, -11.7843198776, -5.8892698288, -6.25482559204],
        "cov": [[1407.12353516, -603.301696777, 79.7905044556, -9.79175949097, -146.416168213, 164.81652832, -113.957061768, 102.450462341, -110.570396423, 62.4891281128, -47.8401870728, 34.0778541565, -43.13230896], [-603.301696777, 951.216064453, -109.671012878, -53.0283737183, 199.64276123, -215.017059326, 149.390655518, -87.1419754028, 162.382461548, -58.395866394, 32.1412849426, -74.9413604736, -10.1331539154], [79.7905044556, -109.671012878, 407.681762695, 37.6052932739, -15.2706594467, 110.184043884, -85.6564407349, 93.5933990479, -38.3615074158, 33.0363998413, -37.6037902832, 18.2312545776, -24.4482955933], [-9.79175949097, -53.0283737183, 37.6052932739, 196.842681885, 26.0937900543, -16.7698726654, 10.6485691071, -25.8263969421, 22.8807277679, -9.81236076355, -14.7433280945, 3.95346212387, 19.6137733459], [-146.416168213, 199.64276123, -15.2706594467, 26.0937900543, 138.616210938, -22.81914711, 25.2032394409, -2.54072475433, 31.7754421234, -4.47509050369, -1.57561898232, -15.800403595, -6.9300122261], [164.81652832, -215.017059326, 110.184043884, -16.7698726654, -22.81914711, 180.165603638, -0.909142136574, 47.4930152893, -56.6632080078, 24.6288452148, -7.30881261826, 0.106374338269, -15.7989845276], [-113.957061768, 149.390655518, -85.6564407349, 10.6485691071, 25.2032394409, -0.909142136574, 154.427200317, -11.8772344589, 18.5022583008, -18.8484420776, 11.2791242599, -14.7232398987, -5.5513086319], [102.450462341, -87.1419754028, 93.5933990479, -25.8263969421, -2.54072475433, 47.4930152893, -11.8772344589, 102.833106995, -7.01201725006, 17.9084968567, -12.805188179, 2.6232407093, -14.2869253159], [-110.570396423, 162.382461548, -38.3615074158, 22.8807277679, 31.7754421234, -56.6632080078, 18.5022583008, -7.01201725006, 112.416656494, 10.9288797379, 3.22482085228, -18.3027610779, -0.662638425827], [62.4891281128, -58.395866394, 33.0363998413, -9.81236076355, -4.47509050369, 24.6288452148, -18.8484420776, 17.9084968567, 10.9288797379, 66.7875289917, 9.53974151611, 5.26598501205, -17.0059547424], [-47.8401870728, 32.1412849426, -37.6037902832, -14.7433280945, -1.57561898232, -7.30881261826, 11.2791242599, -12.805188179, 3.22482085228, 9.53974151611, 55.0851974487, 9.13680362701, 0.124530524015], [34.0778541565, -74.9413604736, 18.2312545776, 3.95346212387, -15.800403595, 0.106374338269, -14.7232398987, 2.6232407093, -18.3027610779, 5.26598501205, 9.13680362701, 63.5150299072, 22.323764801], [-43.13230896, -10.1331539154, -24.4482955933, 19.6137733459, -6.9300122261, -15.7989845276, -5.5513086319, -14.2869253159, -0.662638425827, -17.0059547424, 0.124530524015, 22.323764801, 64.9406204224]],
        "icov": [[0.00116752181202, -0.000262749323156, 0.00100091996137, -0.000832295045257, 0.00124914117623, -0.00104882742744, 0.00110154354479, -0.00135089061223, 0.00080165208783, -0.000745177851059, 0.00120140973013, -0.000826386036351, 0.00113255670294], [-0.000262749323156, 0.00871692597866, -0.0065352381207, 0.00792597793043, -0.00965672172606, 0.00878374837339, -0.00831989664584, 0.00797098502517, -0.00696509843692, 0.00454327138141, -0.00462958961725, 0.00631704786792, -0.00256365863606], [0.00100091996137, -0.0065352381207, 0.0100331166759, -0.00793827231973, 0.00784974079579, -0.00902129989117, 0.00903660990298, -0.0096897277981, 0.0057822545059, -0.00391536019742, 0.00574690802023, -0.00654479581863, 0.00437595834956], [-0.000832295045257, 0.00792597793043, -0.00793827231973, 0.013912207447, -0.0102128982544, 0.00861398782581, -0.00902543123811, 0.0104588661343, -0.00790814775974, 0.00455202907324, -0.00315810204484, 0.00561086274683, -0.00478258216754], [0.00124914117623, -0.00965672172606, 0.00784974079579, -0.0102128982544, 0.0196829736233, -0.00975115410984, 0.0089676650241, -0.0102425888181, 0.00665551470593, -0.00508773792535, 0.00593416765332, -0.0063687665388, 0.0045174784027], [-0.00104882742744, 0.00878374837339, -0.00902129989117, 0.00861398782581, -0.00975115410984, 0.0185792557895, -0.011032897979, 0.00687450449914, -0.00273333676159, 0.00142243329901, -0.00540905352682, 0.00896019302309, -0.00400036526844], [0.00110154354479, -0.00831989664584, 0.00903660990298, -0.00902543123811, 0.0089676650241, -0.011032897979, 0.0171464346349, -0.00933498330414, 0.00557651603594, -0.00174636254087, 0.00369879300706, -0.00637896638364, 0.00503153121099], [-0.00135089061223, 0.00797098502517, -0.0096897277981, 0.0104588661343, -0.0102425888181, 0.00687450449914, -0.00933498330414, 0.0227739606053, -0.00835704430938, 0.00325788650662, -0.00275708734989, 0.00526518281549, -0.00270528905094], [0.00080165208783, -0.00696509843692, 0.0057822545059, -0.00790814775974, 0.00665551470593, -0.00273333676159, 0.00557651603594, -0.00835704430938, 0.0192106831819, -0.00897798221558, 0.00394941587001, -0.00112886936404, 0.000919798621908], [-0.000745177851059, 0.00454327138141, -0.00391536019742, 0.00455202907324, -0.00508773792535, 0.00142243329901, -0.00174636254087, 0.00325788650662, -0.00897798221558, 0.0234837662429, -0.00713455956429, -5.97426478635e-05, 0.00382799631916], [0.00120140973013, -0.00462958961725, 0.00574690802023, -0.00315810204484, 0.00593416765332, -0.00540905352682, 0.00369879300706, -0.00275708734989, 0.00394941587001, -0.00713455956429, 0.0253752432764, -0.00812669098377, 0.00313680642284], [-0.000826386036351, 0.00631704786792, -0.00654479581863, 0.00561086274683, -0.0063687665388, 0.00896019302309, -0.00637896638364, 0.00526518281549, -0.00112886936404, -5.97426478635e-05, -0.00812669098377, 0.0264941882342, -0.0107275787741], [0.00113255670294, -0.00256365863606, 0.00437595834956, -0.00478258216754, 0.0045174784027, -0.00400036526844, 0.00503153121099, -0.00270528905094, 0.000919798621908, 0.00382799631916, 0.00313680642284, -0.0107275787741, 0.0228800456971]]
    },
    "melbands": {
        "max": [0.00103837519418, 0.00552550749853, 0.00758554600179, 0.00488353241235, 0.00611244002357, 0.00209090905264, 0.00285248574801, 0.00482316315174, 0.00463444553316, 0.00379890436307, 0.00194414181169, 0.00466089555994, 0.00391728011891, 0.00134730385616, 0.00230470579118, 0.00170426140539, 0.00114592991304, 0.00149990187492, 0.000853666919284, 0.00128974462859, 0.00153849634808, 0.000665787316393, 0.000617786659859, 0.000272070203209, 0.000719385512639, 0.000490434176754, 0.000325911882101, 0.000255418010056, 0.000240691239014, 0.000438897695858, 0.000457123824162, 0.00029629067285, 0.000203669085749, 0.000167564518051, 9.35850039241e-05, 0.000141618904308, 9.95056107058e-05, 8.27127660159e-05, 6.37989505776e-05, 5.36051011295e-05],
        "mean": [9.51982365223e-05, 0.000388395070331, 0.000376593263354, 0.000525413604919, 0.00044288407662, 0.000226858377573, 0.000247150484938, 0.000336624652846, 0.000214779385715, 0.000174140790477, 0.000126022467157, 0.000128969521029, 0.000219527544687, 0.000115760660265, 0.000111460023618, 8.39294953039e-05, 7.63066709624e-05, 5.79158222536e-05, 5.37562918907e-05, 8.57025806908e-05, 4.63438263978e-05, 4.09939711972e-05, 4.98022382089e-05, 3.12716656481e-05, 5.79460793233e-05, 2.9277340218e-05, 1.5794279534e-05, 1.79610597115e-05, 9.14055999601e-06, 9.85876340565e-06, 1.01951036413e-05, 7.89548539615e-06, 7.25089148546e-06, 4.45294017482e-06, 2.99608768728e-06, 2.81934535451e-06, 2.05654669116e-06, 1.70118607912e-06, 1.29468389787e-06, 1.04854188976e-06],
        "min": [5.36698394171e-07, 1.20708432405e-06, 3.64584047929e-06, 4.01605575462e-06, 1.28936665078e-06, 6.04661920534e-07, 3.33670953978e-07, 2.81454930473e-07, 6.14573082203e-07, 3.93853554215e-07, 1.70368252839e-07, 5.4721209608e-07, 5.61832905532e-07, 4.69608977482e-07, 4.47083806421e-07, 2.68346582288e-07, 5.90887871965e-08, 2.96859745674e-08, 6.45875957161e-08, 3.82090917128e-07, 7.37893586233e-08, 1.21767797623e-07, 2.83438250648e-08, 1.09171693907e-07, 2.34066064309e-07, 1.01837336786e-07, 7.41168051377e-08, 6.07589001334e-08, 3.89732051076e-08, 3.09967269629e-08, 3.05272216394e-08, 3.31052554259e-08, 2.19864215723e-08, 2.62769717096e-08, 8.62705373805e-09, 5.40114264425e-09, 4.29334390262e-09, 1.65342872727e-09, 9.58517598626e-10, 8.55482740203e-10],
        "stdev": [0.000100590244983, 0.00046337445383, 0.00044192612404, 0.000557605177164, 0.000486219098093, 0.000247482239502, 0.000324334891047, 0.000480358285131, 0.000317887897836, 0.00031532466528, 0.000180003189598, 0.000258824438788, 0.000332526600687, 0.000143868805026, 0.000171998981386, 0.000135322319693, 0.000112450848974, 9.23792322283e-05, 7.26951402612e-05, 0.000112183523015, 7.43702476029e-05, 5.62752065889e-05, 6.47779888823e-05, 3.12388401653e-05, 8.27856492833e-05, 4.47618949693e-05, 2.34765011555e-05, 2.47035677603e-05, 1.64485863934e-05, 2.6736252039e-05, 2.73887708317e-05, 2.14710325963e-05, 1.66202953551e-05, 1.07318328446e-05, 7.59602289691e-06, 8.3345657913e-06, 6.65795323584e-06, 6.06715320828e-06, 5.02663260704e-06, 4.27744134868e-06]
    },
    "melbands128": {
        "max": [0.000139728668728, 0.000534298422281, 0.00185658817645, 0.00396281760186, 0.00870404671878, 0.0107805188745, 0.0106151243672, 0.0100732073188, 0.00730530405417, 0.00852081179619, 0.00550515623763, 0.0107356496155, 0.00925325974822, 0.00456783268601, 0.00380107946694, 0.004080359824, 0.0050937011838, 0.00525756971911, 0.00717064552009, 0.00756175909191, 0.00964614935219, 0.00427808286622, 0.00595303345472, 0.00650387536734, 0.00765641313046, 0.00599808618426, 0.00328801479191, 0.00331072206609, 0.00373428058811, 0.00535383913666, 0.00924369413406, 0.00861910078675, 0.00546848913655, 0.00681317737326, 0.00173299934249, 0.00283140828833, 0.0035004587844, 0.00482161575928, 0.00383708719164, 0.00262410962023, 0.00349468411878, 0.00375522486866, 0.00190241693053, 0.00200565042906, 0.00448630796745, 0.00138191133738, 0.00183598615695, 0.00190076080617, 0.000762524548918, 0.0020685531199, 0.00216466747224, 0.00227368040942, 0.00288358004764, 0.0012774632778, 0.00239327177405, 0.000617977872025, 0.00103914469946, 0.00121228396893, 0.000698135409039, 0.000668971566483, 0.000494454405271, 0.000451296393294, 0.00104955316056, 0.00109810463618, 0.000588738708757, 0.000491137441713, 0.00122450815979, 0.000479239766719, 0.000404915335821, 0.000267961673671, 0.000608035363257, 0.000469061342301, 0.000224486619118, 0.000229292505537, 0.000433892972069, 0.000479334499687, 0.000787653727457, 0.000512436963618, 0.000669522560202, 0.000410329899751, 0.000492836697958, 0.000268413219601, 0.000256532861385, 0.000255742837908, 0.00039318416384, 0.000234895240283, 0.000156477108249, 0.000150048086653, 0.000103978025436, 9.81864795904e-05, 0.000166750731296, 0.00025516122696, 0.000142189121107, 0.00012860604329, 0.000132556844619, 0.000112586487376, 9.88859756035e-05, 9.92406057776e-05, 6.47514607408e-05, 7.56485460442e-05, 5.67438437429e-05, 8.25883107609e-05, 7.58306050557e-05, 4.07348234148e-05, 3.22989253618e-05, 2.62674602709e-05, 1.76534722414e-05, 1.48314957187e-05, 7.38629614716e-06, 3.15047577715e-06, 2.06494769373e-06, 1.068681172e-06, 2.77871606613e-07, 1.15809896784e-07, 3.9218136294e-08, 3.73928088493e-08, 3.57977789633e-08, 3.44108670447e-08, 3.32396297154e-08, 3.21048361229e-08, 3.1097840747e-08, 3.02354692394e-08, 2.95487438962e-08, 2.8923089701e-08, 2.83597021422e-08, 2.79621392707e-08, 2.76677951661e-08, 2.7456751539e-08],
        "mean": [8.65790207172e-06, 2.85882797471e-05, 8.44044770929e-05, 0.000305616966216, 0.00049647456035, 0.000385904364521, 0.000269815791398, 0.000350546877598, 0.00057845300762, 0.000485339260194, 0.000523284892552, 0.000622472376563, 0.000409149710322, 0.000256716943113, 0.000193664614926, 0.00023118678655, 0.000247368414421, 0.000232477221289, 0.000248059484875, 0.000433989422163, 0.000331487390213, 0.000193846135517, 0.000220880770939, 0.000180426141014, 0.000253780075582, 0.000120504693768, 0.000116282935778, 0.000159695642651, 8.39015192469e-05, 0.00015140150208, 0.000118184667372, 0.000131481254357, 0.000266088114586, 0.000289549585432, 8.14213999547e-05, 8.26588657219e-05, 0.000128484287416, 6.44277388346e-05, 0.000162855780218, 0.000114613932965, 4.68665894005e-05, 6.85514969518e-05, 7.1288421168e-05, 9.75086149992e-05, 5.21845104231e-05, 4.78847723571e-05, 7.02045144862e-05, 3.84463455703e-05, 4.20241995016e-05, 9.80539916782e-05, 9.34264971875e-05, 8.63215464051e-05, 3.34579744958e-05, 3.40057413268e-05, 5.59254222026e-05, 2.84329926217e-05, 3.76977222913e-05, 7.63116913731e-05, 4.21022705268e-05, 2.51734345511e-05, 2.77140843536e-05, 2.86928880087e-05, 8.01717687864e-05, 6.10237875662e-05, 2.92830645776e-05, 2.84619854938e-05, 3.4008295188e-05, 1.51645926962e-05, 8.82773383637e-06, 1.84251312021e-05, 2.12283030123e-05, 1.88924368558e-05, 9.18217483559e-06, 7.25273503122e-06, 7.16360955266e-06, 1.22591409308e-05, 9.36683409236e-06, 8.40520897327e-06, 1.06113839138e-05, 1.25105480038e-05, 7.69762937125e-06, 5.97071539232e-06, 7.33008164389e-06, 7.86838154454e-06, 6.88463114784e-06, 5.53315294383e-06, 3.31505361828e-06, 2.87687453238e-06, 3.08745620714e-06, 2.86409658656e-06, 3.12667839353e-06, 2.79444088847e-06, 2.41179918703e-06, 1.96924656848e-06, 1.93270170712e-06, 1.7626044837e-06, 1.72176396518e-06, 1.51180051944e-06, 1.28238957586e-06, 1.18916409519e-06, 1.14619126634e-06, 1.05179992715e-06, 9.18414798434e-07, 7.01166186445e-07, 5.15741419349e-07, 3.86030507116e-07, 2.88496124767e-07, 2.14244693097e-07, 1.26761065644e-07, 6.87624890361e-08, 4.61222668946e-08, 1.61691549039e-08, 1.61383884034e-09, 1.60400956406e-10, 2.83734355455e-11, 2.34689993134e-11, 2.11137374945e-11, 2.016668256e-11, 1.9502281734e-11, 1.88708840221e-11, 1.83031055589e-11, 1.78192894468e-11, 1.74155741911e-11, 1.7039420222e-11, 1.67413721774e-11, 1.65268632113e-11, 1.63620280519e-11, 1.62313044949e-11],
        "min": [1.03475221447e-10, 4.05282847282e-08, 1.32333497049e-07, 4.4029988544e-07, 4.60102910438e-07, 2.51077153735e-07, 3.47438685822e-07, 6.53284473628e-07, 1.88550620805e-06, 7.77491209192e-07, 1.0223799336e-06, 1.55975862981e-06, 6.25216671324e-07, 6.01766146247e-07, 5.2093469094e-07, 1.63279310073e-07, 5.0774428928e-07, 2.07038581834e-07, 8.92725395829e-08, 1.59477167472e-07, 4.1050151367e-07, 5.50059382931e-07, 2.59302055383e-07, 3.53171259349e-07, 2.11251006021e-07, 1.92451395264e-07, 4.30488000802e-08, 1.12284723741e-07, 3.03977515159e-07, 4.29110201594e-07, 1.43163603639e-07, 3.94778140844e-07, 2.12251862308e-07, 5.90054753502e-07, 3.16937843081e-07, 1.13941020174e-07, 2.65433385493e-07, 2.01850355097e-07, 1.5934080011e-07, 1.26283225654e-07, 1.92565238422e-07, 1.20381614011e-07, 2.59245673817e-08, 3.14215000685e-08, 4.22424761837e-08, 3.02505611671e-08, 1.5213757365e-08, 1.08364526241e-08, 3.00240863282e-08, 3.66655910966e-07, 4.12985315279e-07, 1.93168119722e-07, 4.71096655019e-08, 2.85257257815e-08, 8.77281749467e-08, 1.61861891002e-07, 5.78992143119e-08, 9.60024770791e-09, 1.03266675211e-08, 2.44830324903e-08, 1.8655695655e-08, 1.68440166703e-07, 1.46884602259e-07, 1.50121678644e-07, 1.21731204672e-07, 3.4368266455e-08, 5.23067420488e-08, 4.56585880215e-08, 3.47661739397e-08, 8.9280206339e-08, 3.48505047043e-08, 3.61877674493e-08, 2.00177403542e-08, 2.83278307478e-08, 3.74788839963e-08, 2.15947295601e-08, 2.33321149068e-08, 1.5223429628e-08, 1.72022271983e-08, 1.99652223642e-08, 1.38462459276e-08, 1.82975252727e-08, 1.77710184346e-08, 2.20959837094e-08, 1.312098874e-08, 2.06372821054e-08, 1.57287711744e-08, 3.29378968544e-09, 5.50516698894e-09, 4.9188431106e-09, 5.86996984353e-09, 2.40766206971e-09, 6.05234218298e-09, 2.11703254926e-09, 1.40074518651e-09, 2.02921990322e-09, 7.19194481746e-10, 1.22703747163e-09, 9.6864571919e-10, 8.31332280793e-10, 7.75637110095e-10, 7.90672027851e-10, 8.46360204143e-10, 6.41599662288e-10, 5.12354048077e-10, 5.09519593184e-10, 3.25121291e-10, 2.33411151518e-10, 3.2808022965e-10, 2.31402202955e-10, 9.93726628762e-11, 8.82453832229e-13, 2.4735213335e-13, 1.84749188604e-13, 1.98484729087e-13, 1.90493115531e-13, 2.06852262641e-13, 2.03834060633e-13, 2.03422511041e-13, 1.92668445217e-13, 1.83190512456e-13, 1.76757439523e-13, 1.75901489013e-13, 1.49296997291e-13, 1.99228152964e-13, 1.76605149775e-13, 2.17400872153e-13, 2.08210252967e-13],
        "stdev": [1.46607708302e-05, 5.1915700169e-05, 0.000128642859636, 0.000357687415089, 0.000679871998727, 0.000575651356485, 0.000482199771795, 0.000532643985935, 0.000832865480334, 0.000717364717275, 0.000647385430057, 0.000804607640021, 0.000631620641798, 0.000351062160917, 0.000286731607048, 0.000376377836801, 0.000399013108108, 0.000478624366224, 0.000476809393149, 0.000780217989814, 0.000584558758419, 0.000369530520402, 0.00048781640362, 0.000385698804166, 0.000575799611397, 0.000333066273015, 0.000234762381297, 0.000286610942567, 0.000205693766475, 0.000370099296561, 0.00035944103729, 0.000412059074733, 0.000529248267412, 0.000531778729055, 0.000146190533997, 0.000165635705343, 0.000285918620648, 0.000213086357689, 0.000315959769068, 0.000230201927479, 0.000163259042893, 0.000175432796823, 0.0001248580229, 0.000198806344997, 0.000169668332092, 0.000112385867396, 0.000142571341712, 0.000100021330582, 7.09721134626e-05, 0.000179290582309, 0.000160482042702, 0.000178033325938, 0.000107751460746, 7.43379860069e-05, 0.000155487243319, 4.72747706226e-05, 6.70291410643e-05, 0.000125113598187, 7.20978277968e-05, 5.0841626944e-05, 3.93998561776e-05, 4.10065658798e-05, 0.000137015231303, 0.000101614765299, 5.10503596161e-05, 4.96583052154e-05, 8.30601347843e-05, 3.12144111376e-05, 2.10068446904e-05, 3.15166762448e-05, 4.05059217883e-05, 3.99946766265e-05, 1.70265429915e-05, 1.83116244443e-05, 1.98079196707e-05, 3.32319614245e-05, 3.41750746884e-05, 2.6149677069e-05, 3.14792341669e-05, 2.9428561902e-05, 2.68655403488e-05, 1.8236318283e-05, 1.98730213015e-05, 1.84713408089e-05, 1.77924939635e-05, 1.36536882565e-05, 9.25355288928e-06, 8.43926682137e-06, 8.09066841612e-06, 8.10590609035e-06, 9.54097777139e-06, 1.00515990198e-05, 7.85795964475e-06, 7.25214385966e-06, 6.67864742354e-06, 6.39521340418e-06, 6.78184460412e-06, 6.43230214337e-06, 4.91273340231e-06, 5.00304167872e-06, 4.70978829981e-06, 4.71208568342e-06, 3.98530346502e-06, 2.744203357e-06, 2.10136477108e-06, 1.52338816406e-06, 1.18433092666e-06, 9.83855102277e-07, 5.10743632276e-07, 2.40871401047e-07, 1.62334913512e-07, 5.99046074967e-08, 9.7379384556e-09, 2.78407341625e-09, 8.7691881534e-10, 8.16430145711e-10, 7.80748299345e-10, 7.5048683934e-10, 7.24931947804e-10, 7.00187963165e-10, 6.78230360762e-10, 6.59424181926e-10, 6.44438391539e-10, 6.30795637946e-10, 6.18509465866e-10, 6.09839068133e-10, 6.03418814915e-10, 5.98815885766e-10]
    },
    "mfcc": {
        "mean": [-606.112426758, 107.299972534, -27.4919681549, 22.310092926, -9.702044487, 3.45537304878, -9.27110862732, 3.52026247978, -7.9848074913, -5.68963813782, -2.8353703022, -4.96348285675, -1.76256930828],
        "cov": [[1476.34643555, -568.662597656, 33.8370018005, -146.707946777, -32.1436347961, -28.6053657532, 30.2721557617, -18.8912849426, -23.1812000275, 4.24750375748, 0.448512256145, -2.56232261658, -53.9903182983], [-568.662597656, 899.057128906, -218.545669556, 148.588088989, -12.9344148636, -11.1858634949, -48.2756919861, 23.9720668793, 26.4563331604, 18.1942005157, 103.296226501, 2.93992733955, -7.04455757141], [33.8370018005, -218.545669556, 397.30178833, -63.7941207886, 84.5218658447, -1.84027612209, 29.1819877625, 10.8738603592, 14.3277816772, 15.9371433258, -35.4637794495, -4.59472417831, 25.1014251709], [-146.707946777, 148.588088989, -63.7941207886, 243.72706604, 7.58450841904, 17.579252243, -57.8561210632, 6.54574108124, 31.5415802002, -16.6656017303, 6.64517593384, 5.9422917366, 2.85518050194], [-32.1436347961, -12.9344148636, 84.5218658447, 7.58450841904, 152.565719604, -3.35585403442, -14.0424308777, -12.084736824, 11.5100269318, 15.4188346863, -15.9878702164, 8.27984523773, 6.65647649765], [-28.6053657532, -11.1858634949, -1.84027612209, 17.579252243, -3.35585403442, 98.6826400757, 29.617401123, 5.24336576462, 0.942269980907, 5.55258560181, 2.25430655479, 12.1151075363, -11.6110143661], [30.2721557617, -48.2756919861, 29.1819877625, -57.8561210632, -14.0424308777, 29.617401123, 127.130210876, 31.3474884033, -2.46775650978, 6.7899928093, -0.416343361139, -1.292517066, -5.28288507462], [-18.8912849426, 23.9720668793, 10.8738603592, 6.54574108124, -12.084736824, 5.24336576462, 31.3474884033, 68.7888259888, 21.7982330322, 7.11737012863, 3.41352844238, -9.4018945694, 3.53282380104], [-23.1812000275, 26.4563331604, 14.3277816772, 31.5415802002, 11.5100269318, 0.942269980907, -2.46775650978, 21.7982330322, 75.1875228882, 12.764591217, -0.46142578125, 0.50563454628, 2.21133327484], [4.24750375748, 18.1942005157, 15.9371433258, -16.6656017303, 15.4188346863, 5.55258560181, 6.7899928093, 7.11737012863, 12.764591217, 86.7945632935, 27.1365966797, -7.25617361069, -7.76634168625], [0.448512256145, 103.296226501, -35.4637794495, 6.64517593384, -15.9878702164, 2.25430655479, -0.416343361139, 3.41352844238, -0.46142578125, 27.1365966797, 107.427474976, 14.0335731506, -30.4736099243], [-2.56232261658, 2.93992733955, -4.59472417831, 5.9422917366, 8.27984523773, 12.1151075363, -1.292517066, -9.4018945694, 0.50563454628, -7.25617361069, 14.0335731506, 82.6649169922, 8.56842041016], [-53.9903182983, -7.04455757141, 25.1014251709, 2.85518050194, 6.65647649765, -11.6110143661, -5.28288507462, 3.53282380104, 2.21133327484, -7.76634168625, -30.4736099243, 8.56842041016, 80.9041900635]],
        "icov": [[0.00100179144647, 0.000733719964046, 0.000272211298579, 0.000218298067921, 6.16893157712e-05, 0.000420962460339, 1.72777072294e-05, -4.65032753709e-05, -0.000104309699964, -4.22136326961e-05, -0.000465503369924, -4.71855018986e-05, 0.000527214782778], [0.000733719964046, 0.00214127497748, 0.000986751634628, -0.000505329924636, -0.000375313858967, 0.000533516926225, 0.000152868247824, -0.000601979205385, -0.00026684202021, -8.06121170172e-05, -0.00181725795846, 0.000252830097452, -0.000180231581908], [0.000272211298579, 0.000986751634628, 0.00365553260781, 0.000586252601352, -0.00194415694568, 0.000117511066492, -0.000349538051523, -0.000764457392506, -0.000642004131805, -0.00021601539629, -0.000280489126453, 0.000339621707099, -0.000844710913952], [0.000218298067921, -0.000505329924636, 0.000586252601352, 0.00594768999144, -0.000494948821142, -0.00195208715741, 0.00288292695768, -0.00114951690193, -0.00209390395321, 0.00155039050151, -0.000122470839415, 6.37673583697e-05, -0.000137923198054], [6.16893157712e-05, -0.000375313858967, -0.00194415694568, -0.000494948821142, 0.0083009460941, 0.000334644748364, 0.000551625795197, 0.00182801566552, -0.000745740660932, -0.00182506314013, 0.00169999583159, -0.00122402701527, 0.000565553142224], [0.000420962460339, 0.000533516926225, 0.000117511066492, -0.00195208715741, 0.000334644748364, 0.0123152732849, -0.00358866364695, 0.00039891799679, 0.000490981910843, -0.00139528291766, 0.000666968757287, -0.00217308895662, 0.0021819700487], [1.72777072294e-05, 0.000152868247824, -0.000349538051523, 0.00288292695768, 0.000551625795197, -0.00358866364695, 0.0115849925205, -0.00548064755276, 0.000698863528669, 0.000156165653607, 8.11910213088e-05, -0.000261439970927, 0.000521091802511], [-4.65032753709e-05, -0.000601979205385, -0.000764457392506, -0.00114951690193, 0.00182801566552, 0.00039891799679, -0.00548064755276, 0.0198961049318, -0.00530088646337, -0.000480540591525, -0.000610504765064, 0.00224452489056, -0.00149443501141], [-0.000104309699964, -0.00026684202021, -0.000642004131805, -0.00209390395321, -0.000745740660932, 0.000490981910843, 0.000698863528669, -0.00530088646337, 0.0164713505656, -0.00259183254093, 0.00121770368423, -0.00105081126094, 0.000460112496512], [-4.22136326961e-05, -8.06121170172e-05, -0.00021601539629, 0.00155039050151, -0.00182506314013, -0.00139528291766, 0.000156165653607, -0.000480540591525, -0.00259183254093, 0.0142052108422, -0.00434887083247, 0.00226451875642, -0.000485216616653], [-0.000465503369924, -0.00181725795846, -0.000280489126453, -0.000122470839415, 0.00169999583159, 0.000666968757287, 8.11910213088e-05, -0.000610504765064, 0.00121770368423, -0.00434887083247, 0.014191320166, -0.00359757640399, 0.00488588493317], [-4.71855018986e-05, 0.000252830097452, 0.000339621707099, 6.37673583697e-05, -0.00122402701527, -0.00217308895662, -0.000261439970927, 0.00224452489056, -0.00105081126094, 0.00226451875642, -0.00359757640399, 0.0139228282496, -0.0030268561095], [0.000527214782778, -0.000180231581908, -0.000844710913952, -0.000137923198054, 0.000565553142224, 0.0021819700487, 0.000521091802511, -0.00149443501141, 0.000460112496512, -0.000485216616653, 0.00488588493317, -0.0030268561095, 0.0154310297221]]
    },
    "spectral_contrast_coeffs": {
        "max": [-0.455371677876, -0.544182062149, -0.548393428326, -0.593443512917, -0.596754431725, -0.551348567009],
        "mean": [-0.675112485886, -0.750868499279, -0.736513912678, -0.747905611992, -0.728018224239, -0.710556685925],
        "min": [-0.877749204636, -0.91184335947, -0.877471029758, -0.882508933544, -0.85480260849, -0.874599456787],
        "stdev": [0.0605956278741, 0.060212045908, 0.0554060451686, 0.0436198376119, 0.0412567667663, 0.050068911165]
    },
    "spectral_contrast_valleys": {
        "max": [-5.68371629715, -5.16946649551, -5.6956911087, -5.93672180176, -5.45642948151, -7.56904172897],
        "mean": [-7.00654888153, -6.49106216431, -7.07635641098, -7.25178527832, -7.27228832245, -10.1981935501],
        "min": [-9.2112903595, -8.9822063446, -9.18089580536, -9.56263828278, -9.21586227417, -12.512966156],
        "stdev": [0.518715441227, 0.466497689486, 0.469094216824, 0.445861458778, 0.497977346182, 0.865506947041]
    }
},
"rhythm": {
    "beats_count": 68,
    "beats_loudness": {
        "max": 0.0540822260082,
        "mean": 0.0308493450284,
        "min": 0.0142169855535,
        "stdev": 0.00855428539217
    },
    "bpm": 84.4147338867,
    "bpm_histogram_first_peak_bpm": 85,
    "bpm_histogram_first_peak_weight": 0.421874940395,
    "bpm_histogram_second_peak_bpm": 92,
    "bpm_histogram_second_peak_spread": 0,
    "bpm_histogram_second_peak_weight": 0.0447761192918,
    "danceability": 1.44668579102,
    "onset_rate": 3.2607421875,
    "beats_loudness_band_ratio": {
        "max": [0.366155952215, 0.523784816265, 0.540000021458, 0.546202421188, 0.458699434996, 0.184392288327],
        "mean": [0.126616701484, 0.236004069448, 0.241212725639, 0.196993976831, 0.185664132237, 0.0809754431248],
        "min": [0.0126202600077, 0.0452700741589, 0.0770757347345, 0.0240209549665, 0.0127315036952, 0.0163190569729],
        "stdev": [0.0739948749542, 0.102488897741, 0.101587750018, 0.125811249018, 0.103459097445, 0.0398878715932]
    },
