{
"metadata": {
    "version": {
        "essentia": "2.1-beta5",
        "essentia_git_sha": "Undefined",
        "extractor": "music 2.0"
    },
    "audio_properties": {
        "analysis": {
            "equal_loudness": 0,
            "length": 48.7502937317,
            "sample_rate": 44100,
            "start_time": 12.7477550507,
            "downmix": "mix"
        },
        "bit_rate": 192000,
        "length": 175.984039307,
        "lossless": 0,
        "number_channels": 2,
        "replay_gain": -2.60746955872,
        "sample_rate": 44100,
        "codec": "mp3",
        "md5_encoded": "4fc615b76416d3fac330d18f786f571b"
    },
    "tags": {
        "file_name": "Austria_Mrs. Caroline Robinson_Springtime.mp3",
        "encoding": ["Lavf58.29.100"]
    }
},
"lowlevel": {
    "average_loudness": 0.961560726166,
    "barkbands_crest": {
        "max": 23.8669643402,
        "mean": 8.23159980774,
        "min": 2.66261053085,
        "stdev": 3.3321120739
    },
    "barkbands_flatness_db": {
        "max": 0.307459264994,
        "mean": 0.144235044718,
        "min": 0.0559440404177,
        "stdev": 0.0367535166442
    },
    "barkbands_kurtosis": {
        "max": 43.8034477234,
        "mean": 0.830783843994,
        "min": -1.87229001522,
        "stdev": 2.79371380806
    },
    "barkbands_skewness": {
        "max": 5.13289499283,
        "mean": 0.660333514214,
        "min": -3.9598171711,
        "stdev": 0.944695532322
    },
    "barkbands_spread": {
        "max": 98.7298812866,
        "mean": 22.5968456268,
        "min": 1.68859660625,
        "stdev": 12.3809585571
    },
    "dissonance": {
        "max": 0.499999970198,
        "mean": 0.464640468359,
        "min": 0.278131306171,
        "stdev": 0.0253942161798
    },
    "dynamic_complexity": 3.12402892113,
    "erbbands_crest": {
        "max": 31.525598526,
        "mean": 9.09848308563,
        "min": 2.84218478203,
        "stdev": 3.9133336544
    },
    "erbbands_flatness_db": {
        "max": 0.374034553766,
        "mean": 0.204865038395,
        "min": 0.0923437327147,
        "stdev": 0.0449309125543
    },
    "erbbands_kurtosis": {
        "max": 25.7818508148,
        "mean": 0.322479963303,
        "min": -1.6705943346,
        "stdev": 2.22195386887
    },
    "erbbands_skewness": {
        "max": 3.53481507301,
        "mean": 0.0132746389136,
        "min": -4.27030706406,
        "stdev": 0.839853703976
    },
    "erbbands_spread": {
        "max": 117.771820068,
        "mean": 31.0011558533,
        "min": 2.71425104141,
        "stdev": 13.8720121384
    },
    "hfc": {
        "max": 255.114822388,
        "mean": 24.1863174438,
        "min": 0.0960644036531,
        "stdev": 25.1368045807
    },
    "loudness_ebu128": {
        "integrated": -22.2028007507,
        "loudness_range": 2.48521614075,
        "momentary": {
            "max": -19.1153926849,
            "mean": -22.8853778839,
            "min": -42.459602356,
            "stdev": 2.82678174973
        },
        "short_term": {
            "max": -20.7461185455,
            "mean": -22.3779468536,
            "min": -27.0422325134,
            "stdev": 1.24303233624
        }
    },
    "melbands_crest": {
        "max": 30.3776168823,
        "mean": 11.321931839,
        "min": 3.12542247772,
        "stdev": 4.71407985687
    },
    "melbands_flatness_db": {
        "max": 0.399519354105,
        "mean": 0.162202775478,
        "min": 0.0257739126682,
        "stdev": 0.0544407889247
    },
    "melbands_kurtosis": {
        "max": 73.2265472412,
        "mean": 3.75854682922,
        "min": -1.89560854435,
        "stdev": 5.53090190887
    },
    "melbands_skewness": {
        "max": 6.85245895386,
        "mean": 1.46537733078,
        "min": -1.5245937109,
        "stdev": 1.00010490417
    },
    "melbands_spread": {
        "max": 265.646759033,
        "mean": 36.2409744263,
        "min": 1.6933144331,
        "stdev": 31.9661026001
    },
    "pitch_salience": {
        "max": 0.909175753593,
        "mean": 0.614454090595,
        "min": 0.238487750292,
        "stdev": 0.103764146566
    },
    "silence_rate_20dB": {
        "max": 1,
        "mean": 1,
        "min": 1,
        "stdev": 0
    },
    "silence_rate_30dB": {
        "max": 1,
        "mean": 0.999524056911,
        "min": 0,
        "stdev": 0.0218116622418
    },
    "silence_rate_60dB": {
        "max": 1,
        "mean": 0.111375533044,
        "min": 0,
        "stdev": 0.314597904682
    },
    "spectral_centroid": {
        "max": 6578.06738281,
        "mean": 1691.2935791,
        "min": 257.649078369,
        "stdev": 746.770935059
    },
    "spectral_complexity": {
        "max": 52,
        "mean": 18.9762020111,
        "min": 0,
        "stdev": 9.14425945282
    },
    "spectral_decrease": {
        "max": -3.96674464109e-11,
        "mean": -4.18142276359e-09,
        "min": -2.5970461337e-08,
        "stdev": 3.16960946378e-09
    },
    "spectral_energy": {
        "max": 0.104811489582,
        "mean": 0.0179754327983,
        "min": 0.000159309638548,
        "stdev": 0.0132858576253
    },
    "spectral_energyband_high": {
        "max": 0.0334971882403,
        "mean": 0.00114235538058,
        "min": 1.138804123e-06,
        "stdev": 0.00292292423546
    },
    "spectral_energyband_low": {
        "max": 0.0202514566481,
        "mean": 0.00115416641347,
        "min": 1.24578491523e-06,
        "stdev": 0.00173835398164
    },
    "spectral_energyband_middle_high": {
        "max": 0.0447159893811,
        "mean": 0.00745375826955,
        "min": 2.51085130003e-05,
        "stdev": 0.00751547329128
    },
    "spectral_energyband_middle_low": {
        "max": 0.0735999569297,
        "mean": 0.00860512908548,
        "min": 4.7179597459e-05,
        "stdev": 0.00819314457476
    },
    "spectral_entropy": {
        "max": 8.8478307724,
        "mean": 7.53289985657,
        "min": 6.13584089279,
        "stdev": 0.383868396282
    },
    "spectral_flux": {
        "max": 0.281695246696,
        "mean": 0.0731676667929,
        "min": 0.00502279913053,
        "stdev": 0.035907946527
    },
    "spectral_kurtosis": {
        "max": 53.7708091736,
        "mean": 5.12087488174,
        "min": -1.24924397469,
        "stdev": 5.79260349274
    },
    "spectral_rms": {
        "max": 0.0101121272892,
        "mean": 0.00385405751877,
        "min": 0.00039423853741,
        "stdev": 0.00163805996999
    },
    "spectral_rolloff": {
        "max": 11714.0625,
        "mean": 2310.59228516,
        "min": 215.33203125,
        "stdev": 1814.18078613
    },
    "spectral_skewness": {
        "max": 5.14316034317,
        "mean": 1.37695538998,
        "min": -0.283480018377,
        "stdev": 0.609021306038
    },
    "spectral_spread": {
        "max": 13875841,
        "mean": 3733055.25,
        "min": 859546.1875,
        "stdev": 1759617.5
    },
    "spectral_strongpeak": {
        "max": 17.0206451416,
        "mean": 1.44574725628,
        "min": 0.00757473101839,
        "stdev": 1.54003894329
    },
    "zerocrossingrate": {
        "max": 0.4033203125,
        "mean": 0.0764196142554,
        "min": 0.009765625,
        "stdev": 0.0506127141416
    },
    "barkbands": {
        "max": [0.000378636061214, 0.00419565755874, 0.0110370721668, 0.0150839574635, 0.0302128605545, 0.0266520231962, 0.0384894013405, 0.0428396090865, 0.0311850123107, 0.0410549417138, 0.0404819957912, 0.0155820436776, 0.020924732089, 0.0148076042533, 0.0113783618435, 0.023746855557, 0.00890398863703, 0.00845313165337, 0.0122459307313, 0.00856619980186, 0.0151326106861, 0.0137210227549, 0.0072016841732, 0.0123262032866, 0.00771097373217, 0.000617054756731, 1.13584621886e-06],
        "mean": [9.85213046079e-06, 0.000358122430043, 0.000613324926235, 0.000446106161689, 0.00192639103625, 0.00122143432964, 0.00169753830414, 0.00192858302034, 0.00105424795765, 0.00108519720379, 0.00114444713108, 0.000704122125171, 0.000761362316553, 0.000718721421435, 0.000515339255799, 0.000808080658317, 0.000551614677534, 0.000478150061099, 0.000699034542777, 0.000259350985289, 0.000258629443124, 0.000286506779958, 0.000169780119904, 0.000172920321347, 9.88940591924e-05, 7.69548114476e-06, 1.81665893439e-09],
        "min": [5.45454392764e-09, 2.59324679064e-07, 1.52474356696e-07, 1.06208688067e-07, 3.83186443287e-06, 1.31210049403e-06, 8.27621647659e-07, 6.14468603999e-07, 8.11646714283e-07, 8.74889678926e-07, 6.31447562682e-07, 8.29308817174e-07, 1.53372059231e-06, 1.4074594219e-06, 6.67517269903e-07, 9.35564230531e-07, 6.59822319449e-07, 3.63812944215e-07, 3.40018942779e-07, 2.23078671979e-07, 2.33292439589e-07, 1.53096479494e-07, 6.87650683062e-08, 1.39484512829e-08, 1.7512999051e-08, 2.41805544476e-08, 5.65876477621e-11],
        "stdev": [2.12481954804e-05, 0.000569084251765, 0.00105671212077, 0.000928213121369, 0.00243101734668, 0.00214442587458, 0.00330041209236, 0.00356583180837, 0.00219608354382, 0.00307540595531, 0.00265219272114, 0.00140734878369, 0.00173714279663, 0.00146399019286, 0.000979305012152, 0.00160826614592, 0.000871890457347, 0.000754584383685, 0.0010870465776, 0.000557628343813, 0.000899017322809, 0.000813715218101, 0.00059893814614, 0.000810879049823, 0.000488583289552, 3.89864871977e-05, 3.50832500828e-08]
    },
    "erbbands": {
        "max": [0.0702089071274, 1.31366562843, 7.98691558838, 36.8826065063, 60.195602417, 125.209091187, 220.46647644, 296.338775635, 539.074890137, 781.179260254, 1161.91186523, 878.603027344, 854.115966797, 1751.28735352, 1921.13500977, 630.543273926, 870.098693848, 1101.62084961, 715.064147949, 709.078613281, 793.911254883, 370.232666016, 373.460479736, 924.980285645, 320.023254395, 407.69744873, 583.580200195, 603.499328613, 528.287963867, 274.881225586, 222.55241394, 235.000045776, 212.596435547, 129.848434448, 37.5403938293, 6.19166088104, 0.309507369995, 0.00890278536826, 0.000930410984438, 0.000266021961579],
        "mean": [0.00393680389971, 0.109060414135, 0.681565463543, 1.06934952736, 3.51703691483, 6.85313081741, 8.7390794754, 10.4768304825, 18.305513382, 42.8999252319, 32.8415565491, 28.8986663818, 26.5925674438, 34.6000976562, 54.5837478638, 30.5539798737, 36.5260162354, 36.4458198547, 30.9084205627, 37.2040863037, 34.2661552429, 30.1322879791, 29.1580944061, 38.7694854736, 22.7722072601, 12.8948745728, 9.76594829559, 11.7359285355, 10.4778709412, 6.66416931152, 4.74750804901, 3.8571407795, 2.68673396111, 1.45315802097, 0.51827019453, 0.0900565162301, 0.00442401273176, 0.000152452485054, 2.59176649706e-05, 2.60336328211e-05],
        "min": [1.74565702764e-05, 0.000142147575389, 0.000246627285378, 0.00166149868164, 0.00373054714873, 0.00899412669241, 0.0117642814294, 0.00695288972929, 0.0110747711733, 0.0197738800198, 0.0373411029577, 0.042285438627, 0.0510910414159, 0.041503816843, 0.036994304508, 0.0844154432416, 0.0970348417759, 0.110125973821, 0.0473420321941, 0.0772123113275, 0.0398207902908, 0.0428520664573, 0.0279019195586, 0.0186031013727, 0.0179012790322, 0.00931404344738, 0.0131789296865, 0.00612793024629, 0.00530967116356, 0.0057046925649, 0.0013338009594, 0.000389303691918, 0.000217072476516, 0.000179537688382, 0.000131306354888, 0.000192161882296, 1.76378798642e-05, 5.84106771839e-07, 1.73689855387e-07, 2.07819510933e-07],
        "stdev": [0.00600697984919, 0.17922013998, 1.16942679882, 2.11718082428, 5.2859249115, 9.78841686249, 13.7258472443, 20.3046741486, 37.3025970459, 77.2265396118, 70.649887085, 60.3315696716, 62.1701774597, 101.862831116, 124.692245483, 56.1312446594, 76.0033721924, 74.9496688843, 57.8037948608, 58.4793930054, 61.3995132446, 43.8576774597, 42.2966194153, 67.6162872314, 34.7076568604, 27.5918006897, 31.8973007202, 37.1103439331, 31.9136123657, 19.0899028778, 17.8762531281, 17.6627235413, 13.1420888901, 7.33077096939, 2.61921072006, 0.448136299849, 0.0210868641734, 0.000678542011883, 6.61647791276e-05, 2.29981014854e-05]
    },
    "gfcc": {
        "mean": [-30.9876308441, 102.799087524, -164.539794922, 32.3546409607, -73.8733901978, 5.00798749924, -43.6135482788, 0.549166679382, -21.0059013367, -5.07675027847, -11.7851009369, -6.47172832489, -6.90981435776],
        "cov": [[4663.45166016, -1069.89331055, -323.008422852, 670.195373535, -713.674560547, 166.033126831, -76.6452789307, 137.291122437, -94.9157562256, -253.125, 165.156524658, -97.0465927124, 66.0931777954], [-1069.89331055, 1522.46386719, -183.284545898, -402.426422119, 518.749450684, -337.153289795, 196.945785522, -156.445556641, 133.960525513, 13.4560985565, -17.7100124359, -64.3257904053, -47.2878494263], [-323.008422852, -183.284545898, 824.098144531, 129.470703125, -10.4234209061, 273.613616943, -134.885238647, 86.1708374023, -62.3443260193, 70.78956604, -101.795600891, 26.9271450043, -38.9098510742], [670.195373535, -402.426422119, 129.470703125, 535.028991699, -146.760955811, 61.547744751, -60.602771759, 32.956161499, -32.8570899963, -47.0991859436, 5.00960683823, -2.38117289543, 47.4325675964], [-713.674560547, 518.749450684, -10.4234209061, -146.760955811, 473.906921387, -82.6454772949, 54.1563110352, -34.2901496887, 35.7104797363, 56.9070777893, -75.9349060059, 9.91607093811, -23.5856285095], [166.033126831, -337.153289795, 273.613616943, 61.547744751, -82.6454772949, 337.537963867, 28.1790657043, 86.3851242065, -83.8207015991, 14.9933109283, -15.1267147064, 1.05920028687, -28.5768299103], [-76.6452789307, 196.945785522, -134.885238647, -60.602771759, 54.1563110352, 28.1790657043, 264.401763916, 15.5580654144, -20.6133098602, -14.8712892532, 10.8625030518, -7.42177867889, -24.1925487518], [137.291122437, -156.445556641, 86.1708374023, 32.956161499, -34.2901496887, 86.3851242065, 15.5580654144, 132.939651489, -2.86108589172, 12.4980487823, -2.13527035713, -4.65481281281, -12.1015539169], [-94.9157562256, 133.960525513, -62.3443260193, -32.8570899963, 35.7104797363, -83.8207015991, -20.6133098602, -2.86108589172, 129.350494385, 32.6951255798, 1.19635796547, -24.2872161865, -6.36684560776], [-253.125, 13.4560985565, 70.78956604, -47.0991859436, 56.9070777893, 14.9933109283, -14.8712892532, 12.4980487823, 32.6951255798, 113.363571167, 1.54284906387, 1.30106091499, -26.7707843781], [165.156524658, -17.7100124359, -101.795600891, 5.00960683823, -75.9349060059, -15.1267147064, 10.8625030518, -2.13527035713, 1.19635796547, 1.54284906387, 96.6915588379, -0.95426428318, 8.61488437653], [-97.0465927124, -64.3257904053, 26.9271450043, -2.38117289543, 9.91607093811, 1.05920028687, -7.42177867889, -4.65481281281, -24.2872161865, 1.30106091499, -0.95426428318, 89.9110183716, 32.0360488892], [66.0931777954, -47.2878494263, -38.9098510742, 47.4325675964, -23.5856285095, -28.5768299103, -24.1925487518, -12.1015539169, -6.36684560776, -26.7707843781, 8.61488437653, 32.0360488892, 79.1049880981]],
        "icov": [[0.000396658317186, -4.9891064009e-06, 0.000312303309329, -0.000380469136871, 0.000307237933157, -0.00024130109523, 0.000236692780163, -0.000339869293384, 6.81456367602e-05, 0.000499330810271, -0.000181978452019, 0.00024093441607, 0.000168895698152], [-4.9891064009e-06, 0.00309074553661, -0.00190294673666, 0.00147364742588, -0.00272414274514, 0.00267384690233, -0.00264443759806, 0.00213845539838, -0.00171434506774, 0.00225959275849, -0.00283436011523, 0.00259713828564, -0.000412156980019], [0.000312303309329, -0.00190294673666, 0.00402596220374, -0.00166366726626, 0.00189409905579, -0.00351894716732, 0.00318508897908, -0.00200002244674, 0.00155598099809, -0.00227205222473, 0.00384689029306, -0.00228891917504, 0.00140533375088], [-0.000380469136871, 0.00147364742588, -0.00166366726626, 0.00342367426492, -0.00111658242531, 0.0015121884644, -0.00131733843591, 0.000971965608187, -0.000716219074093, 0.00127356138546, -0.00130518921651, 0.00173012935556, -0.00189839070663], [0.000307237933157, -0.00272414274514, 0.00189409905579, -0.00111658242531, 0.00582531001419, -0.00166365341283, 0.00161925551947, -0.00169080728665, 0.00156445556786, -0.00330823939294, 0.00508487410843, -0.0024575330317, 0.000536262115929], [-0.00024130109523, 0.00267384690233, -0.00351894716732, 0.0015121884644, -0.00166365341283, 0.00849627237767, -0.0037160012871, -0.000190692429896, 0.00146592757665, 0.000810940866359, -0.00245521776378, 0.00284353410825, 7.82480201451e-05], [0.000236692780163, -0.00264443759806, 0.00318508897908, -0.00131733843591, 0.00161925551947, -0.0037160012871, 0.00755803240463, -0.00286821345799, 0.00223753415048, -0.000818778644316, 0.0020703820046, -0.00245227757841, 0.00226170639507], [-0.000339869293384, 0.00213845539838, -0.00200002244674, 0.000971965608187, -0.00169080728665, -0.000190692429896, -0.00286821345799, 0.0113510051742, -0.00291848205961, 0.000703991972841, -0.00191612588242, 0.00155722175259, -0.000136593953357], [6.81456367602e-05, -0.00171434506774, 0.00155598099809, -0.000716219074093, 0.00156445556786, 0.00146592757665, 0.00223753415048, -0.00291848205961, 0.0125010889024, -0.00501318043098, 0.00235926336609, 0.00179729389492, -0.000328298832756], [0.000499330810271, 0.00225959275849, -0.00227205222473, 0.00127356138546, -0.00330823939294, 0.000810940866359, -0.000818778644316, 0.000703991972841, -0.00501318043098, 0.0153320077807, -0.00575232552364, 0.000308714312268, 0.00350282643922], [-0.000181978452019, -0.00283436011523, 0.00384689029306, -0.00130518921651, 0.00508487410843, -0.00245521776378, 0.0020703820046, -0.00191612588242, 0.00235926336609, -0.00575232552364, 0.0176600441337, -0.0028055368457, -0.000442192627816], [0.00024093441607, 0.00259713828564, -0.00228891917504, 0.00173012935556, -0.0024575330317, 0.00284353410825, -0.00245227757841, 0.00155722175259, 0.00179729389492, 0.000308714312268, -0.0028055368457, 0.0171878486872, -0.0074353851378], [0.000168895698152, -0.000412156980019, 0.00140533375088, -0.00189839070663, 0.000536262115929, 7.82480201451e-05, 0.00226170639507, -0.000136593953357, -0.000328298832756, 0.00350282643922, -0.000442192627816, -0.0074353851378, 0.0191607959569]]
    },
    "melbands": {
        "max": [0.000623023952357, 0.00332322600298, 0.00578882452101, 0.00566089944914, 0.00758570991457, 0.00609584804624, 0.00851349439472, 0.00749489990994, 0.00865474250168, 0.00524217495695, 0.00444835284725, 0.00745275383815, 0.00608169194311, 0.0023339567706, 0.00229129893705, 0.00212481897324, 0.00181592744775, 0.00138504663482, 0.000860937754624, 0.00211382820271, 0.000539999629837, 0.000529346929397, 0.000760839378927, 0.000349211652065, 0.000936045777053, 0.000384726299671, 0.000325446861098, 0.000287414557533, 0.0003291144385, 0.000383512000553, 0.000397483498091, 0.000322883774061, 0.000263203924987, 0.000155808520503, 0.000130423650262, 0.000168060112628, 0.000160675175721, 0.000148922088556, 0.000134720467031, 0.000102791862446],
        "mean": [6.40621437924e-05, 0.000278536666883, 0.000258080748608, 0.000371610338334, 0.000326764129568, 0.000237180589465, 0.000295977137284, 0.000471240782645, 0.00024609832326, 0.000167589401826, 0.000128882442368, 0.000136280970764, 0.00016947844415, 0.000102807913208, 7.70314727561e-05, 7.10461172275e-05, 6.89305379638e-05, 5.11009202455e-05, 3.78877957701e-05, 6.83342586854e-05, 3.14415119647e-05, 2.84097986878e-05, 3.46063279721e-05, 2.19927696889e-05, 3.39000944223e-05, 2.04732768907e-05, 9.92987770587e-06, 8.29219789011e-06, 5.94943867327e-06, 6.11015502727e-06, 7.26853249944e-06, 6.33653235127e-06, 4.71556768389e-06, 3.24192319567e-06, 2.6708473797e-06, 2.59015087067e-06, 2.27791201723e-06, 1.96362066163e-06, 1.53104031142e-06, 1.13497458187e-06],
        "min": [8.79152821653e-08, 1.41033979162e-07, 3.93212303607e-07, 8.94037611943e-07, 3.61522296544e-07, 1.77221096465e-07, 1.5077918647e-07, 2.33371849845e-07, 3.52139153392e-07, 1.65719143297e-07, 1.67757065128e-07, 1.32074319481e-07, 8.76880079659e-08, 1.14481238711e-07, 2.35910349033e-07, 2.00510044124e-07, 1.81959578072e-07, 6.43195008365e-08, 4.87490794399e-08, 9.10204249749e-08, 3.14621217967e-08, 3.57261740191e-08, 2.82693761733e-08, 1.58036552733e-08, 1.2796844473e-08, 1.05581641208e-08, 6.63412214053e-09, 5.0613984115e-09, 7.8055970576e-09, 3.89431509262e-09, 2.83657985989e-09, 2.86146328854e-09, 2.96745672479e-09, 2.77882250543e-09, 6.66735611166e-10, 1.9825564801e-10, 1.35006728019e-10, 1.42432524108e-10, 1.71289454842e-10, 1.2158840601e-10],
        "stdev": [9.24151827348e-05, 0.000454377528513, 0.000407233310398, 0.000492453458719, 0.000476485962281, 0.000445256126113, 0.000598852231633, 0.000823701207992, 0.000534956750926, 0.000372779555619, 0.000321528699715, 0.00044244871242, 0.000383145554224, 0.000201509945327, 0.000163303353474, 0.000166922007338, 0.000146781487274, 0.000107058549474, 7.21251926734e-05, 0.000136792179546, 5.36013976671e-05, 4.48114406026e-05, 5.69208787056e-05, 3.49484071194e-05, 6.57810960547e-05, 3.2605305023e-05, 1.95011416508e-05, 1.9052733478e-05, 1.84224500117e-05, 2.26750889851e-05, 2.22931794269e-05, 1.95483335119e-05, 1.40758747875e-05, 1.00155639302e-05, 1.01277082649e-05, 1.14181520985e-05, 1.08033054858e-05, 9.52946993493e-06, 7.98748988018e-06, 5.79501374887e-06]
    },
    "melbands128": {
        "max": [0.000245984148933, 0.000544915383216, 0.00118743977509, 0.00288712582551, 0.00427882000804, 0.00668404856697, 0.00869409367442, 0.0072732064873, 0.00707944948226, 0.00696897273883, 0.00762277189642, 0.00862129032612, 0.00903905555606, 0.00668936502188, 0.00708702765405, 0.0116110946983, 0.00839015841484, 0.015836942941, 0.012364086695, 0.0133448448032, 0.0121448803693, 0.0115640116856, 0.0136018628255, 0.00471482239664, 0.00891252700239, 0.0073553849943, 0.00249745440669, 0.00747169274837, 0.00737188290805, 0.0132742226124, 0.00972425565124, 0.00480744708329, 0.00934894941747, 0.0108874486759, 0.00407395139337, 0.0027370119933, 0.00336934323423, 0.00286158081144, 0.00514278560877, 0.00280664721504, 0.00407236255705, 0.00746343564242, 0.00282479659654, 0.0032427336555, 0.00292486208491, 0.0023671775125, 0.00166622537654, 0.00214435928501, 0.00103255105205, 0.00195192359388, 0.00377270230092, 0.00291320215911, 0.000901280320249, 0.000436661182903, 0.00192623224575, 0.000517558131833, 0.00102672062349, 0.00113878503907, 0.00115045439452, 0.000740698655136, 0.000568663293961, 0.00079895259114, 0.00132130901329, 0.00125378079247, 0.000723044620827, 0.000895231845789, 0.00036234894651, 0.000481260824017, 0.000322337873513, 0.000281207845546, 0.000344882020727, 0.000276831997326, 0.00035607573227, 0.000331885676133, 0.000399204960559, 0.000643614039291, 0.000356662640115, 0.000512978236657, 0.000454623892438, 0.000561249849852, 0.000381027726689, 0.000491724349558, 0.000334952084813, 0.000296660989989, 0.000202784591238, 0.000260538043221, 0.000206920682103, 0.000125794889755, 0.000185480690561, 0.000167979873368, 0.00020530668553, 0.000168084108736, 0.000206584198168, 0.00022368459031, 0.000149384693941, 0.000204816125915, 0.000148554172483, 0.000195593194803, 0.000145654717926, 0.000150567444507, 0.000151054293383, 0.000101029312646, 7.00455493643e-05, 7.11529937689e-05, 6.45712352707e-05, 4.09300519095e-05, 3.73485672753e-05, 1.71487936313e-05, 1.14140548249e-05, 5.59290720048e-06, 1.79966991709e-06, 5.75638694045e-07, 1.51740181309e-07, 1.1169830394e-08, 7.92001841887e-09, 9.85084103178e-09, 5.64460611585e-09, 5.43462519431e-09, 5.23836218846e-09, 5.06545694279e-09, 4.90440799084e-09, 4.76945460903e-09, 4.65038807462e-09, 4.55089121942e-09, 4.46279013744e-09, 4.40045377914e-09, 4.36636415913e-09, 4.33179092596e-09],
        "mean": [7.18754608897e-06, 1.97056724573e-05, 4.92076615046e-05, 0.00021726624982, 0.00036846997682, 0.000265429262072, 0.000183688636753, 0.000250524550211, 0.000378627213649, 0.000355007941835, 0.000382602243917, 0.000424049881985, 0.000290113064693, 0.000242484544287, 0.00022652419284, 0.000245682167588, 0.000252006924711, 0.000299985927995, 0.00032216636464, 0.000601510808337, 0.000485997705255, 0.000261243520072, 0.000248348689638, 0.000156316309585, 0.000238021311816, 0.000135959722684, 9.13895273698e-05, 0.000158953494974, 0.000108577361971, 0.000180607312359, 0.000123152509332, 9.08550282475e-05, 0.00017514283536, 0.000262751244009, 9.2999835033e-05, 7.04587146174e-05, 7.87184981164e-05, 5.17604676133e-05, 0.000104988102976, 8.92487005331e-05, 4.93484258186e-05, 6.79707518429e-05, 6.65262123221e-05, 7.68288591644e-05, 5.91806128796e-05, 4.18693598476e-05, 4.94630039611e-05, 3.35343502229e-05, 2.78826373687e-05, 5.70411175431e-05, 8.2493716036e-05, 8.18330299808e-05, 2.16074749915e-05, 1.72552408912e-05, 2.77522249235e-05, 2.43402428168e-05, 3.19255232171e-05, 4.82289906358e-05, 3.03008382616e-05, 2.06557160709e-05, 2.12864961213e-05, 1.92968909687e-05, 3.89776432712e-05, 3.67136563e-05, 2.73656551144e-05, 1.99797341338e-05, 1.81620544026e-05, 1.14366439448e-05, 7.21579317542e-06, 8.71234897204e-06, 8.3473714767e-06, 8.90334922587e-06, 6.80946504872e-06, 4.64693084723e-06, 5.53947802473e-06, 6.65769812258e-06, 5.89821456742e-06, 6.29503574601e-06, 7.69299094827e-06, 8.24465314508e-06, 6.58545650367e-06, 5.68432278669e-06, 5.06746664541e-06, 5.08022367285e-06, 3.82217149308e-06, 3.64619427273e-06, 2.9543234632e-06, 2.65961102741e-06, 2.58976592704e-06, 2.7152000257e-06, 2.75663433058e-06, 2.50458629125e-06, 2.41818247559e-06, 2.30566706705e-06, 2.16809212361e-06, 2.09637209991e-06, 1.9144054022e-06, 1.80684867246e-06, 1.59089438512e-06, 1.33466880925e-06, 1.31285128191e-06, 1.07783398562e-06, 9.87696807897e-07, 7.81272945005e-07, 5.30043962499e-07, 4.40470927288e-07, 3.03194354956e-07, 2.10143610957e-07, 1.22205435105e-07, 6.43427497948e-08, 2.59390446899e-08, 6.36307495583e-09, 9.05468644508e-10, 9.45005185216e-11, 5.93902496626e-11, 4.14779807723e-11, 9.74274133592e-12, 8.56731612736e-12, 8.28944118209e-12, 8.05608271065e-12, 7.83478750627e-12, 7.65664094626e-12, 7.47378547938e-12, 7.30993911235e-12, 7.19962587811e-12, 7.11531701614e-12, 7.06623908692e-12, 7.0210738265e-12],
        "min": [1.48833639857e-10, 2.72323035233e-08, 3.76095137256e-08, 7.49648449982e-08, 4.2018790225e-08, 4.62334348583e-08, 1.69219145363e-08, 5.53397399017e-08, 1.9008886909e-07, 7.88135210428e-08, 5.3233851105e-08, 6.6557092282e-08, 1.54630129146e-07, 7.84013636235e-08, 3.13224219894e-08, 3.70509738445e-08, 1.44765593291e-07, 6.57796235259e-08, 3.89427903258e-08, 1.53349937193e-08, 5.97017901782e-08, 1.2293808993e-07, 3.79320646005e-08, 1.02406360725e-07, 4.6797921982e-08, 1.44460470253e-08, 6.23948039902e-08, 3.53748710324e-08, 7.06717884214e-08, 2.40850965838e-08, 2.05312016277e-08, 4.51907666843e-08, 4.27892778987e-08, 4.41240040061e-08, 5.8943829373e-08, 2.97075892775e-08, 3.49150788281e-08, 9.35296569082e-08, 1.04304902493e-08, 7.01491202904e-08, 1.65869078472e-08, 3.35698544518e-08, 9.9369650286e-08, 2.75604428168e-08, 2.62597907863e-08, 2.81737744245e-08, 5.24548937619e-08, 1.72689524902e-08, 4.09696134795e-08, 3.60478544792e-08, 3.65699222016e-08, 2.08129122825e-08, 1.40635094681e-08, 1.44804115365e-08, 7.79205855395e-09, 9.07597819122e-09, 9.99313076733e-09, 1.5242923368e-08, 2.32082033591e-08, 1.11436477823e-08, 9.98701477073e-09, 1.0813607787e-08, 5.42837552686e-09, 6.39563912941e-09, 5.92500537522e-09, 4.46994574688e-09, 6.19451467898e-09, 6.23312024217e-09, 6.88181822639e-09, 4.29045199368e-09, 2.22702301045e-09, 3.26160298769e-09, 4.63934313188e-09, 5.0548667474e-09, 2.84990364641e-09, 2.18420059817e-09, 3.26696691921e-09, 2.79199241504e-09, 1.12547648978e-09, 2.74222689001e-09, 2.66801869486e-09, 1.24306664961e-09, 2.66660382664e-09, 2.11383022197e-09, 2.32521202292e-09, 2.03101313545e-09, 1.268904537e-09, 7.9886341986e-10, 4.49190656893e-10, 2.18257592555e-10, 1.23338367297e-10, 9.60882484691e-11, 8.27408072612e-11, 1.05090700031e-10, 9.41657793407e-11, 7.5608477812e-11, 7.31741958693e-11, 7.31114127572e-11, 1.02084403431e-10, 1.33538416436e-10, 4.68555923228e-11, 5.7870121889e-11, 7.07262373667e-11, 4.74316176613e-11, 2.28342605241e-11, 4.2174722048e-11, 1.54392804097e-10, 2.70373112787e-10, 2.47878079174e-10, 2.10375439291e-10, 7.07646233278e-11, 1.50019037991e-12, 2.0846639573e-13, 2.09797267449e-13, 1.72538307426e-13, 1.82715713219e-13, 1.83670786913e-13, 1.48242841071e-13, 1.47267303061e-13, 1.74266430821e-13, 2.03476206153e-13, 2.04549837355e-13, 1.71086750453e-13, 2.00002883179e-13, 2.21405291561e-13, 2.29052291457e-13, 2.13365769822e-13, 2.03078236193e-13],
        "stdev": [1.48397539306e-05, 4.32481610915e-05, 8.76894919202e-05, 0.000380745739676, 0.000677734555211, 0.000469581311336, 0.0004683060979, 0.000486975011881, 0.000639717327431, 0.000638483208604, 0.000625538697932, 0.000744966208003, 0.000579736952204, 0.000490659906063, 0.00055217690533, 0.000715414294973, 0.000579214014579, 0.000957079930231, 0.000831327110063, 0.00130227103364, 0.00106345280074, 0.000704392790794, 0.00082029675832, 0.000356829696102, 0.000585006782785, 0.000469362945296, 0.000209223959246, 0.000510086305439, 0.00044746461208, 0.000792675709818, 0.000476360728499, 0.000302013329929, 0.000504274270497, 0.000776322209276, 0.00026841685758, 0.000197912508156, 0.000216962769628, 0.00018795444339, 0.000301591935568, 0.000242342677666, 0.000197182191187, 0.000283429864794, 0.000189275189769, 0.000220328220166, 0.000179974609637, 0.000150110019604, 0.000116489405627, 0.000116275339678, 6.58423086861e-05, 0.000133889698191, 0.000215897453018, 0.000227345779422, 4.69975129818e-05, 3.57554017683e-05, 7.88269826444e-05, 4.81107526866e-05, 7.25904828869e-05, 9.93519206531e-05, 6.99037918821e-05, 5.18971173733e-05, 4.50831976195e-05, 4.47247948614e-05, 9.54360875767e-05, 8.71086376719e-05, 5.72780409129e-05, 4.30067302659e-05, 3.33885509463e-05, 2.73106525128e-05, 1.89193906408e-05, 2.19001340156e-05, 2.55041450146e-05, 2.48126962106e-05, 1.92636562133e-05, 1.7961496269e-05, 2.36619052885e-05, 2.86984450213e-05, 2.17364995478e-05, 2.3437278287e-05, 2.55225058936e-05, 2.29302822845e-05, 2.18187669816e-05, 2.08645487874e-05, 1.76984885911e-05, 1.68246788235e-05, 1.15957009257e-05, 1.16291739687e-05, 1.07377154563e-05, 9.71151166596e-06, 1.06194238469e-05, 1.13438436529e-05, 1.17926947496e-05, 1.24496691569e-05, 1.19709311548e-05, 1.19016131066e-05, 1.0003152056e-05, 1.06071684058e-05, 9.73154055828e-06, 1.00871975519e-05, 8.51835557114e-06, 7.04220246917e-06, 7.07429626345e-06, 5.63793173569e-06, 5.26298845216e-06, 4.31851958638e-06, 2.90494494948e-06, 2.41749671659e-06, 1.63099150541e-06, 1.10456119273e-06, 6.26651171842e-07, 3.41311931606e-07, 1.21280663734e-07, 3.07869179039e-08, 5.83886405892e-09, 4.68955041466e-10, 2.93799345963e-10, 2.95117486004e-10, 1.74439809819e-10, 1.67842809096e-10, 1.61778132557e-10, 1.56405430274e-10, 1.51461593267e-10, 1.47308346077e-10, 1.4363661649e-10, 1.40567946172e-10, 1.37883093831e-10, 1.35924771438e-10, 1.3484487138e-10, 1.33804856084e-10]
    },
    "mfcc": {
        "mean": [-653.797912598, 119.819816589, -29.9382305145, 17.9986228943, -10.2555027008, -0.0679403096437, -12.8073644638, -0.785521745682, -7.33138275146, -5.35012674332, 0.295428097248, -4.57616329193, -1.78841674328],
        "cov": [[5492.07861328, -1719.59509277, 226.275680542, 150.128631592, -327.273010254, -225.294876099, 27.6300563812, 185.07119751, -150.183166504, -99.735748291, -16.2409057617, -36.5120658875, -61.1599769592], [-1719.59509277, 2010.33764648, -687.165100098, 12.9084253311, 80.2388000488, 57.5853157043, -29.8471240997, -91.4502563477, 69.5690765381, 54.1971664429, 76.2532806396, -10.1840906143, 50.1145706177], [226.275680542, -687.165100098, 943.612304688, -66.1836547852, 105.000335693, 61.0981941223, 59.9956550598, 49.3134346008, 15.6735935211, -0.98515355587, -41.5330810547, 24.6250934601, -6.22656202316], [150.128631592, 12.9084253311, -66.1836547852, 373.854522705, 43.9270858765, 4.12074613571, -46.928943634, -9.45031261444, 28.1101131439, -27.0858268738, -32.2874221802, -9.60677909851, 14.5058946609], [-327.273010254, 80.2388000488, 105.000335693, 43.9270858765, 298.800201416, 38.7964706421, -40.5491981506, -39.2899856567, 42.8403244019, 26.64153862, -43.0289993286, 7.82254171371, 19.8626842499], [-225.294876099, 57.5853157043, 61.0981941223, 4.12074613571, 38.7964706421, 164.580200195, 77.8103561401, 17.3268203735, 25.3498191833, 16.8249206543, 7.16454219818, -8.51400947571, -9.63501644135], [27.6300563812, -29.8471240997, 59.9956550598, -46.928943634, -40.5491981506, 77.8103561401, 229.012039185, 83.5738372803, 11.7247915268, 21.6785068512, 23.0856456757, -2.09078288078, -18.6121463776], [185.07119751, -91.4502563477, 49.3134346008, -9.45031261444, -39.2899856567, 17.3268203735, 83.5738372803, 129.677383423, 32.1925086975, -7.86717557907, -0.998946487904, -15.12362957, -6.95618772507], [-150.183166504, 69.5690765381, 15.6735935211, 28.1101131439, 42.8403244019, 25.3498191833, 11.7247915268, 32.1925086975, 102.223106384, 28.5878410339, -8.07042980194, -1.75061035156, 4.61531400681], [-99.735748291, 54.1971664429, -0.98515355587, -27.0858268738, 26.64153862, 16.8249206543, 21.6785068512, -7.86717557907, 28.5878410339, 122.410850525, 39.1375923157, 19.1797485352, -5.57666730881], [-16.2409057617, 76.2532806396, -41.5330810547, -32.2874221802, -43.0289993286, 7.16454219818, 23.0856456757, -0.998946487904, -8.07042980194, 39.1375923157, 127.314346313, 16.4834976196, -27.0652236938], [-36.5120658875, -10.1840906143, 24.6250934601, -9.60677909851, 7.82254171371, -8.51400947571, -2.09078288078, -15.12362957, -1.75061035156, 19.1797485352, 16.4834976196, 82.1212005615, 22.7605075836], [-61.1599769592, 50.1145706177, -6.22656202316, 14.5058946609, 19.8626842499, -9.63501644135, -18.6121463776, -6.95618772507, 4.61531400681, -5.57666730881, -27.0652236938, 22.7605075836, 90.6019973755]],
        "icov": [[0.000300569518004, 0.000247363059316, 7.10013046046e-05, -0.0001757217251, 0.000124496524222, 0.000278384279227, 9.40176292374e-08, -0.000363111350453, 0.00031429095543, -5.49603064428e-05, -8.45868780743e-05, 0.000108677471871, 1.57549573032e-06], [0.000247363059316, 0.00101093400735, 0.000672211695928, 1.63806307683e-05, -0.000214757455979, -0.000112069683382, -0.000130226835608, 0.000252045370871, -0.000416779192165, 7.64122596593e-05, -0.000603807624429, 0.00033731907024, -0.00056003802456], [7.10013046046e-05, 0.000672211695928, 0.0017098323442, 0.00033797317883, -0.000707557541318, -0.000518078973982, -0.000168750266312, -0.000274004152743, -0.00023355675512, 0.000194773776457, 3.495790952e-05, -0.000436817470472, -7.21117467037e-05], [-0.0001757217251, 1.63806307683e-05, 0.00033797317883, 0.00311838509515, -0.000437688751845, -0.000536646693945, 0.000496182241477, 0.000326237670379, -0.00121809239499, 0.000822938338388, 0.000273847894277, 4.34628564108e-05, -0.000254271290032], [0.000124496524222, -0.000214757455979, -0.000707557541318, -0.000437688751845, 0.00473892595619, -0.000854046142194, 0.000728866783902, 0.00122255040333, -0.00126132578589, -0.00105800433084, 0.00156200712081, -0.000156412294018, -0.000156828769832], [0.000278384279227, -0.000112069683382, -0.000518078973982, -0.000536646693945, -0.000854046142194, 0.00860742945224, -0.00322722503915, 0.000750244013034, -0.000967049214523, -4.05082073485e-06, -0.000518585147802, 0.00120913097635, 0.000387797190342], [9.40176292374e-08, -0.000130226835608, -0.000168750266312, 0.000496182241477, 0.000728866783902, -0.00322722503915, 0.00754305580631, -0.00468924362212, 0.00140498694964, -0.00132974353619, -7.53587446525e-05, -0.000820786575787, 0.000697856768966], [-0.000363111350453, 0.000252045370871, -0.000274004152743, 0.000326237670379, 0.00122255040333, 0.000750244013034, -0.00468924362212, 0.0135644795373, -0.00572304660454, 0.00208111805841, -0.000290970841888, 0.00198314525187, -0.000731165579055], [0.00031429095543, -0.000416779192165, -0.00023355675512, -0.00121809239499, -0.00126132578589, -0.000967049214523, 0.00140498694964, -0.00572304660454, 0.014484655112, -0.00384201738052, 0.0013628375018, -7.69721373217e-05, 9.66817679e-05], [-5.49603064428e-05, 7.64122596593e-05, 0.000194773776457, 0.000822938338388, -0.00105800433084, -4.05082073485e-06, -0.00132974353619, 0.00208111805841, -0.00384201738052, 0.0110798180103, -0.00327560282312, -0.00160094210878, 0.000221755864914], [-8.45868780743e-05, -0.000603807624429, 3.495790952e-05, 0.000273847894277, 0.00156200712081, -0.000518585147802, -7.53587446525e-05, -0.000290970841888, 0.0013628375018, -0.00327560282312, 0.0110526727512, -0.00274940766394, 0.00352140958421], [0.000108677471871, 0.00033731907024, -0.000436817470472, 4.34628564108e-05, -0.000156412294018, 0.00120913097635, -0.000820786575787, 0.00198314525187, -7.69721373217e-05, -0.00160094210878, -0.00274940766394, 0.0151196541265, -0.00471788644791], [1.57549573032e-06, -0.00056003802456, -7.21117467037e-05, -0.000254271290032, -0.000156828769832, 0.000387797190342, 0.000697856768966, -0.000731165579055, 9.66817679e-05, 0.000221755864914, 0.00352140958421, -0.00471788644791, 0.0137925818563]]
    },
    "spectral_contrast_coeffs": {
        "max": [-0.423609972, -0.479571789503, -0.450151115656, -0.577878952026, -0.580320000648, -0.567727088928],
        "mean": [-0.67745000124, -0.732642531395, -0.744398415089, -0.759326994419, -0.754374742508, -0.72783523798],
        "min": [-0.924078226089, -0.952805578709, -0.914017498493, -0.912702858448, -0.893038988113, -0.875948786736],
        "stdev": [0.0753716602921, 0.077603764832, 0.0763040482998, 0.0618057362735, 0.0588678233325, 0.0549058020115]
    },
    "spectral_contrast_valleys": {
        "max": [-5.56441450119, -4.8321685791, -5.0880613327, -5.67075634003, -5.30905294418, -7.04223394394],
        "mean": [-7.45447921753, -6.7850522995, -7.46371078491, -7.56327867508, -7.70672464371, -10.7134971619],
        "min": [-9.94850254059, -9.40327167511, -9.6597328186, -9.76330280304, -10.3208827972, -13.587143898],
        "stdev": [0.751282215118, 0.664259850979, 0.677684247494, 0.623208284378, 0.778543293476, 1.21948540211]
    }
},
"rhythm": {
    "beats_count": 81,
    "beats_loudness": {
        "max": 0.0679058656096,
        "mean": 0.0262725204229,
        "min": 0.000240844412474,
        "stdev": 0.0143843861297
    },
    "bpm": 114.705047607,
    "bpm_histogram_first_peak_bpm": 115,
    "bpm_histogram_first_peak_weight": 0.0555555820465,
    "bpm_histogram_second_peak_bpm": 86,
    "bpm_histogram_second_peak_spread": 0.571428537369,
    "bpm_histogram_second_peak_weight": 0.15000000596,
    "danceability": 1.33198916912,
    "onset_rate": 3.6708984375,
    "beats_loudness_band_ratio": {
        "max": [0.587878584862, 0.538756370544, 0.761907696724, 0.775571286678, 0.500308513641, 0.890729308128],
        "mean": [0.0987339392304, 0.165928974748, 0.295661658049, 0.215317383409, 0.167731270194, 0.111838750541],
        "min": [0.00322622386739, 0.0176703091711, 0.00531652197242, 0.0036897175014, 0.0111012468114, 0.000286119058728],
        "stdev": [0.112952359021, 0.12962436676, 0.16218559444, 0.162958562374, 0.112503640354, 0.173043161631]
    },
