{
"metadata": {
    "version": {
        "essentia": "2.1-beta5",
        "essentia_git_sha": "Undefined",
        "extractor": "music 2.0"
    },
    "audio_properties": {
        "analysis": {
            "equal_loudness": 0,
            "length": 38.3245353699,
            "sample_rate": 44100,
            "start_time": 142.744674683,
            "downmix": "mix"
        },
        "bit_rate": 192000,
        "length": 181.092437744,
        "lossless": 0,
        "number_channels": 2,
        "replay_gain": -8.15323638916,
        "sample_rate": 48000,
        "codec": "mp3",
        "md5_encoded": "1063f8d9b6038aafde33ef737d976267"
    },
    "tags": {
        "file_name": "Switzerland_Vivre_Carole Vinci.mp3",
        "encoding": ["Lavf58.29.100"]
    }
},
"lowlevel": {
    "average_loudness": 0.958691716194,
    "barkbands_crest": {
        "max": 23.8816375732,
        "mean": 9.12589931488,
        "min": 2.60840964317,
        "stdev": 4.14759540558
    },
    "barkbands_flatness_db": {
        "max": 0.294714123011,
        "mean": 0.150507196784,
        "min": 0.0653973594308,
        "stdev": 0.0387961119413
    },
    "barkbands_kurtosis": {
        "max": 29.6630516052,
        "mean": 0.849260985851,
        "min": -1.65376317501,
        "stdev": 1.86555683613
    },
    "barkbands_skewness": {
        "max": 4.92238664627,
        "mean": 0.322118401527,
        "min": -2.88159823418,
        "stdev": 0.661178469658
    },
    "barkbands_spread": {
        "max": 82.2111282349,
        "mean": 16.328950882,
        "min": 3.46772313118,
        "stdev": 7.55272674561
    },
    "dissonance": {
        "max": 0.5,
        "mean": 0.46512183547,
        "min": 0.315843492746,
        "stdev": 0.0291802696884
    },
    "dynamic_complexity": 2.27636742592,
    "erbbands_crest": {
        "max": 27.6425876617,
        "mean": 10.3705329895,
        "min": 2.44750118256,
        "stdev": 4.25670003891
    },
    "erbbands_flatness_db": {
        "max": 0.368523031473,
        "mean": 0.231417879462,
        "min": 0.0502957180142,
        "stdev": 0.038318939507
    },
    "erbbands_kurtosis": {
        "max": 17.0079574585,
        "mean": 0.661411464214,
        "min": -1.47208189964,
        "stdev": 1.53119587898
    },
    "erbbands_skewness": {
        "max": 2.5285012722,
        "mean": 0.385844498873,
        "min": -2.56840157509,
        "stdev": 0.569042146206
    },
    "erbbands_spread": {
        "max": 64.9631118774,
        "mean": 20.5357112885,
        "min": 4.9392285347,
        "stdev": 8.65962982178
    },
    "hfc": {
        "max": 153.630859375,
        "mean": 34.6338005066,
        "min": 8.67273755034e-08,
        "stdev": 20.2603340149
    },
    "loudness_ebu128": {
        "integrated": -15.1984329224,
        "loudness_range": 2.55206871033,
        "momentary": {
            "max": -12.4413833618,
            "mean": -15.8963394165,
            "min": -29.9934368134,
            "stdev": 2.79652643204
        },
        "short_term": {
            "max": -13.3369846344,
            "mean": -15.2804384232,
            "min": -18.6609210968,
            "stdev": 0.940488994122
        }
    },
    "melbands_crest": {
        "max": 31.8743896484,
        "mean": 11.4598045349,
        "min": 3.30188918114,
        "stdev": 5.67215538025
    },
    "melbands_flatness_db": {
        "max": 0.274112671614,
        "mean": 0.129264011979,
        "min": 0.0273752808571,
        "stdev": 0.0460280701518
    },
    "melbands_kurtosis": {
        "max": 51.6370048523,
        "mean": 2.04809975624,
        "min": -1.52700507641,
        "stdev": 2.687728405
    },
    "melbands_skewness": {
        "max": 5.86021089554,
        "mean": 0.677133798599,
        "min": -1.69641292095,
        "stdev": 0.807824552059
    },
    "melbands_spread": {
        "max": 111.055671692,
        "mean": 31.110200882,
        "min": 5.34811925888,
        "stdev": 13.8263158798
    },
    "pitch_salience": {
        "max": 0.89393055439,
        "mean": 0.599373161793,
        "min": 0.187074929476,
        "stdev": 0.119062393904
    },
    "silence_rate_20dB": {
        "max": 1,
        "mean": 1,
        "min": 1,
        "stdev": 0
    },
    "silence_rate_30dB": {
        "max": 1,
        "mean": 1,
        "min": 1,
        "stdev": 0
    },
    "silence_rate_60dB": {
        "max": 1,
        "mean": 0.0466101691127,
        "min": 0,
        "stdev": 0.210803002119
    },
    "spectral_centroid": {
        "max": 3198.35913086,
        "mean": 2058.9831543,
        "min": 608.812561035,
        "stdev": 463.487060547
    },
    "spectral_complexity": {
        "max": 51,
        "mean": 23.9019374847,
        "min": 0,
        "stdev": 8.34291744232
    },
    "spectral_decrease": {
        "max": -1.2770207526e-16,
        "mean": -5.05867170375e-09,
        "min": -1.51082097943e-08,
        "stdev": 2.92743629338e-09
    },
    "spectral_energy": {
        "max": 0.0677689537406,
        "mean": 0.0222340039909,
        "min": 4.89844442786e-10,
        "stdev": 0.0125379525125
    },
    "spectral_energyband_high": {
        "max": 0.0079180477187,
        "mean": 0.000970463792328,
        "min": 3.84972392506e-12,
        "stdev": 0.00111628684681
    },
    "spectral_energyband_low": {
        "max": 0.0120174326003,
        "mean": 0.00027307815617,
        "min": 3.04074626589e-10,
        "stdev": 0.000698361371178
    },
    "spectral_energyband_middle_high": {
        "max": 0.0604691319168,
        "mean": 0.0144144659862,
        "min": 8.91950228954e-12,
        "stdev": 0.0107210017741
    },
    "spectral_energyband_middle_low": {
        "max": 0.0519557520747,
        "mean": 0.0067687490955,
        "min": 4.98464013121e-11,
        "stdev": 0.00766283972189
    },
    "spectral_entropy": {
        "max": 8.74530410767,
        "mean": 7.53962469101,
        "min": 6.6892914772,
        "stdev": 0.353946119547
    },
    "spectral_flux": {
        "max": 0.231592416763,
        "mean": 0.0862083733082,
        "min": 0.000271735800197,
        "stdev": 0.0335122272372
    },
    "spectral_kurtosis": {
        "max": 15.1871757507,
        "mean": 4.51050949097,
        "min": 0.1678647995,
        "stdev": 1.99464643002
    },
    "spectral_rms": {
        "max": 0.00813117809594,
        "mean": 0.00443483283743,
        "min": 6.91300954259e-07,
        "stdev": 0.00142265518662
    },
    "spectral_rolloff": {
        "max": 10271.3378906,
        "mean": 2547.54125977,
        "min": 107.666015625,
        "stdev": 993.331970215
    },
    "spectral_skewness": {
        "max": 2.66833686829,
        "mean": 1.48156118393,
        "min": 0.501698791981,
        "stdev": 0.274255365133
    },
    "spectral_spread": {
        "max": 13142042,
        "mean": 3503490.75,
        "min": 2133637,
        "stdev": 851994.6875
    },
    "spectral_strongpeak": {
        "max": 19.025510788,
        "mean": 2.6277987957,
        "min": 0,
        "stdev": 2.12533020973
    },
    "zerocrossingrate": {
        "max": 0.21533203125,
        "mean": 0.0905676037073,
        "min": 0.00048828125,
        "stdev": 0.0291152074933
    },
    "barkbands": {
        "max": [7.7289660112e-05, 0.00228519691154, 0.0095174415037, 0.00328834820539, 0.0231922604144, 0.0126511165872, 0.0135935358703, 0.0120272003114, 0.0514845997095, 0.0262813270092, 0.0361119508743, 0.0205593388528, 0.0273036882281, 0.0305321477354, 0.0280085746199, 0.0169874560088, 0.0536282248795, 0.0112719256431, 0.012168222107, 0.00326026626863, 0.00300244637765, 0.00269269640557, 0.00149974145461, 0.00144334102515, 0.00288582593203, 0.000219450550503, 1.09255836378e-06],
        "mean": [5.66927883483e-06, 8.0317746324e-05, 0.000138061324833, 0.000110613946163, 0.000411187502323, 0.000899324426427, 0.000518148997799, 0.000577785132919, 0.00400249287486, 0.0011240139138, 0.00251193251461, 0.00093613419449, 0.00199161889032, 0.001914481516, 0.00221878127195, 0.00109266361687, 0.000849922827911, 0.000822815229185, 0.000892236887012, 0.000368584296666, 0.000230494319112, 0.000188062462257, 0.000148944032844, 0.000117876777949, 7.17501316103e-05, 1.00955503513e-05, 1.57182578064e-09],
        "min": [2.4714688629e-10, 1.54543391973e-10, 2.56088449058e-11, 1.34022098974e-11, 1.77493107018e-11, 7.83783368069e-12, 4.26635246228e-12, 2.98035164256e-12, 3.22930224228e-12, 1.40779488761e-12, 1.48203747451e-12, 9.44180714516e-13, 7.17909564261e-13, 9.3570886716e-13, 6.6047167735e-13, 6.71612505193e-13, 9.74626954663e-13, 4.7972688105e-13, 5.42688073299e-13, 4.74223579242e-13, 4.08668379085e-13, 3.72159090654e-13, 3.70642454445e-13, 6.3234492512e-13, 5.79026952253e-13, 6.23444709486e-13, 7.0813732482e-13],
        "stdev": [7.7384938777e-06, 0.000128912419314, 0.000518803077284, 0.000225703479373, 0.00089542317437, 0.00144596688915, 0.000971355824731, 0.00116756209172, 0.00711848260835, 0.00233317771927, 0.0049681016244, 0.00218691001646, 0.00264804018661, 0.00379495811649, 0.00370689062402, 0.00142381701153, 0.00230591162108, 0.000967011263128, 0.000920497928746, 0.000368419801816, 0.00032600646955, 0.000270089658443, 0.00018577107403, 0.000173372289282, 0.0001492255833, 2.30013356486e-05, 2.69057540692e-08]
    },
    "erbbands": {
        "max": [0.0326174907386, 0.646880984306, 6.98317670822, 16.7721481323, 13.3461456299, 84.5891571045, 142.687713623, 151.068206787, 206.863327026, 215.848220825, 404.445709229, 1431.52612305, 716.966430664, 1017.12414551, 1983.6595459, 580.767333984, 1131.63378906, 1590.13842773, 1251.03759766, 1056.03271484, 1274.67224121, 2082.85644531, 602.608154297, 1010.14251709, 443.133422852, 123.719314575, 203.375595093, 88.6287155151, 147.281524658, 66.2472610474, 46.4792709351, 27.9028167725, 24.1965885162, 26.6605415344, 24.4895706177, 2.93951034546, 0.14159925282, 0.00477983476594, 0.000389881664887, 0.000102120320662],
        "mean": [0.00184455199633, 0.0212383139879, 0.133256167173, 0.284938871861, 0.624478936195, 1.58502495289, 3.4337208271, 9.50796413422, 7.5183134079, 11.2198791504, 15.6087503433, 106.06438446, 43.0776176453, 57.8155593872, 110.724952698, 34.7649116516, 84.8535995483, 97.845954895, 121.740371704, 86.4069366455, 56.78723526, 44.1590042114, 45.9060516357, 56.1251754761, 31.72407341, 17.438627243, 13.0959653854, 7.07228088379, 7.05764865875, 5.37838172913, 4.50418567657, 2.91325163841, 1.66664946079, 0.922256886959, 0.435193270445, 0.105928897858, 0.00511577446014, 0.000157968010171, 2.76167556876e-05, 3.14542485285e-05],
        "min": [8.29455260032e-09, 2.20333600254e-08, 3.16384323185e-08, 4.05286684213e-08, 5.12158244703e-08, 5.93892472978e-08, 6.25483522754e-08, 6.23972553626e-08, 6.10976513826e-08, 6.69818547294e-08, 6.73576181498e-08, 7.7727470682e-08, 4.41795329209e-08, 5.19518401632e-08, 5.79336187911e-08, 3.91826304735e-08, 3.16255714949e-08, 5.18155829354e-08, 3.9895695636e-08, 3.24281472786e-08, 4.03367046431e-08, 5.17753022677e-08, 2.60453028034e-08, 2.93821322828e-08, 3.12448342754e-08, 2.40681057306e-08, 1.86644530942e-08, 1.36419622265e-08, 1.29227517576e-08, 1.35106583699e-08, 1.0339291201e-08, 1.73286096583e-08, 7.31579197222e-09, 5.38005728856e-09, 4.03852951081e-09, 2.79156386895e-09, 7.80805475831e-10, 4.11769229824e-10, 1.0355945268e-10, 1.08156140294e-11],
        "stdev": [0.00269155949354, 0.0377573892474, 0.411247432232, 0.807558894157, 0.95027667284, 3.62927317619, 6.42827701569, 16.3659877777, 14.3451652527, 20.4029159546, 21.6398506165, 193.229354858, 71.4147262573, 99.2238082886, 233.627532959, 45.0733642578, 104.775497437, 153.421539307, 157.834823608, 124.341506958, 83.0766448975, 92.6026000977, 50.3115501404, 61.7539367676, 34.8708000183, 15.7214717865, 17.9483585358, 10.8885622025, 11.105047226, 8.00406742096, 5.67244529724, 3.87713646889, 2.59887051582, 1.6336119175, 1.1036324501, 0.245365709066, 0.0125126214698, 0.000345344218658, 2.8213726182e-05, 1.70467446878e-05]
    },
    "gfcc": {
        "mean": [-8.61131191254, 66.1146011353, -195.833358765, 26.7437839508, -73.2949829102, 20.2837657928, -43.2983589172, 5.19587135315, -20.1753406525, -9.48540782928, -4.41679000854, -12.8559322357, -3.01302981377],
        "cov": [[2657.92236328, -478.943206787, 150.235244751, -216.759780884, -152.267410278, 69.4146881104, -202.341262817, 238.043991089, -229.163085938, 246.75553894, -104.021202087, 123.703910828, -85.924118042], [-478.943206787, 1547.90258789, -173.726119995, -154.909286499, -259.484527588, -497.514953613, 245.50163269, -247.210510254, 292.881561279, -331.971405029, 349.150543213, -243.086715698, 60.5143508911], [150.235244751, -173.726119995, 340.420806885, 60.4235839844, -0.606791913509, 43.6445388794, -140.30947876, 103.7501297, -90.6129302979, 124.637489319, -77.7378005981, 110.858543396, -27.3259239197], [-216.759780884, -154.909286499, 60.4235839844, 291.907928467, 149.550018311, 116.697525024, 2.56968283653, -16.3612365723, 27.401725769, -14.0311288834, -73.6267623901, 19.434885025, -2.82540655136], [-152.267410278, -259.484527588, -0.606791913509, 149.550018311, 299.336547852, 232.132736206, 35.8367614746, 23.2187366486, -21.4582118988, 50.0915794373, -85.8129196167, 25.0848121643, -5.32107257843], [69.4146881104, -497.514953613, 43.6445388794, 116.697525024, 232.132736206, 343.550262451, 23.4826450348, 86.8112792969, -74.8712310791, 98.0899658203, -133.464324951, 40.7066650391, -17.4321212769], [-202.341262817, 245.50163269, -140.30947876, 2.56968283653, 35.8367614746, 23.4826450348, 218.21270752, -39.2202606201, 82.6751708984, -85.2944488525, 47.9442710876, -90.3691635132, -2.81095910072], [238.043991089, -247.210510254, 103.7501297, -16.3612365723, 23.2187366486, 86.8112792969, -39.2202606201, 177.155090332, -42.7257232666, 79.566368103, -74.1734771729, 36.4975738525, -9.06648826599], [-229.163085938, 292.881561279, -90.6129302979, 27.401725769, -21.4582118988, -74.8712310791, 82.6751708984, -42.7257232666, 163.291534424, -92.7182312012, 64.4863891602, -65.2042236328, 15.0652599335], [246.75553894, -331.971405029, 124.637489319, -14.0311288834, 50.0915794373, 98.0899658203, -85.2944488525, 79.566368103, -92.7182312012, 205.378173828, -51.0859146118, 101.932380676, -13.5835809708], [-104.021202087, 349.150543213, -77.7378005981, -73.6267623901, -85.8129196167, -133.464324951, 47.9442710876, -74.1734771729, 64.4863891602, -51.0859146118, 172.733169556, -34.6618309021, 25.130443573], [123.703910828, -243.086715698, 110.858543396, 19.434885025, 25.0848121643, 40.7066650391, -90.3691635132, 36.4975738525, -65.2042236328, 101.932380676, -34.6618309021, 156.645339966, -3.58408021927], [-85.924118042, 60.5143508911, -27.3259239197, -2.82540655136, -5.32107257843, -17.4321212769, -2.81095910072, -9.06648826599, 15.0652599335, -13.5835809708, 25.130443573, -3.58408021927, 83.1635360718]],
        "icov": [[0.000612268224359, -0.000669437518809, 0.00100816483609, -0.00023283030896, 0.000856779282913, -0.000887988484465, 0.000887377653271, -0.00102792982943, 0.000828836287837, -0.000715145491995, 0.000398236210458, -0.000444650155259, 0.000823222857434], [-0.000669437518809, 0.00716059142724, -0.00732472864911, 0.00332791125402, -0.00409106630832, 0.00755447801203, -0.00647228257731, 0.00482381787151, -0.00458861375228, 0.00418000342324, -0.00473335199058, 0.00448982371017, -0.00342911086045], [0.00100816483609, -0.00732472864911, 0.0139134395868, -0.00582718988881, 0.00555346393958, -0.00706409290433, 0.00847739726305, -0.00803141575307, 0.00628036865965, -0.00595728540793, 0.00462423637509, -0.00594370393082, 0.00526652624831], [-0.00023283030896, 0.00332791125402, -0.00582718988881, 0.00841698236763, -0.00440250523388, 0.00222539622337, -0.00251816026866, 0.00474948203191, -0.00508725130931, 0.00377440755256, -4.13118432334e-05, 0.00136517628562, -0.00206403271295], [0.000856779282913, -0.00409106630832, 0.00555346393958, -0.00440250523388, 0.0115369241685, -0.00958090275526, 0.00347347441129, -0.00239354697987, 0.00245980871841, -0.00368997664191, 0.00280632684007, -0.00311152637005, 0.00209322525188], [-0.000887988484465, 0.00755447801203, -0.00706409290433, 0.00222539622337, -0.00958090275526, 0.0179005302489, -0.00961111858487, 0.00283793266863, -0.00211104447953, 0.0022302782163, -0.00206211186014, 0.0049475543201, -0.00395328551531], [0.000887377653271, -0.00647228257731, 0.00847739726305, -0.00251816026866, 0.00347347441129, -0.00961111858487, 0.0150101501495, -0.00488148955628, 0.00182560575195, -0.00244819349609, 0.00188101467211, -0.00180692225695, 0.00513230962679], [-0.00102792982943, 0.00482381787151, -0.00803141575307, 0.00474948203191, -0.00239354697987, 0.00283793266863, -0.00488148955628, 0.0138349831104, -0.00569780915976, 0.0015037242556, 0.000201151953661, 0.00360350334086, -0.00389242335223], [0.000828836287837, -0.00458861375228, 0.00628036865965, -0.00508725130931, 0.00245980871841, -0.00211104447953, 0.00182560575195, -0.00569780915976, 0.0149705968797, -0.00127626059111, 0.000424896657933, -0.00184889044613, 0.0021129718516], [-0.000715145491995, 0.00418000342324, -0.00595728540793, 0.00377440755256, -0.00368997664191, 0.0022302782163, -0.00244819349609, 0.0015037242556, -0.00127626059111, 0.0134486192837, -0.00429152697325, -0.00122162571643, -0.00162510864902], [0.000398236210458, -0.00473335199058, 0.00462423637509, -4.13118432334e-05, 0.00280632684007, -0.00206211186014, 0.00188101467211, 0.000201151953661, 0.000424896657933, -0.00429152697325, 0.0149217508733, -0.00353659247048, -0.000232861784752], [-0.000444650155259, 0.00448982371017, -0.00594370393082, 0.00136517628562, -0.00311152637005, 0.0049475543201, -0.00180692225695, 0.00360350334086, -0.00184889044613, -0.00122162571643, -0.00353659247048, 0.0142522426322, -0.00264498172328], [0.000823222857434, -0.00342911086045, 0.00526652624831, -0.00206403271295, 0.00209322525188, -0.00395328551531, 0.00513230962679, -0.00389242335223, 0.0021129718516, -0.00162510864902, -0.000232861784752, -0.00264498172328, 0.0153931770474]]
    },
    "melbands": {
        "max": [0.000472236861242, 0.00256863539107, 0.00230229645967, 0.00265038828366, 0.00558910565451, 0.0029505440034, 0.00307401595637, 0.00272409245372, 0.00404499936849, 0.00989341456443, 0.0035515956115, 0.00418502371758, 0.00543675431982, 0.00363250402734, 0.00118525058497, 0.00370665360242, 0.00363161182031, 0.00253107328899, 0.00260975281708, 0.00153410015628, 0.00243450864218, 0.00330468290485, 0.000535271712579, 0.000755400571506, 0.000964746635873, 0.000474271248095, 0.000108262844151, 9.18438599911e-05, 0.000161004776601, 6.15327153355e-05, 5.60153494007e-05, 0.000101173471194, 5.05032294313e-05, 3.69275985577e-05, 3.56088021363e-05, 2.01583261514e-05, 1.57761114679e-05, 1.8215208911e-05, 1.67659090948e-05, 2.47610405495e-05],
        "mean": [1.91590443137e-05, 5.57989224035e-05, 5.86836758885e-05, 7.62446579756e-05, 0.000116842857096, 0.0001956349588, 0.000114003640192, 0.000127423656522, 0.000151149884914, 0.00069893070031, 0.000194804408238, 0.000214976142161, 0.00036254254519, 0.000155712012202, 9.5828610938e-05, 0.000218555724132, 0.000180846531293, 0.000195691362023, 0.000157907314133, 8.69438954396e-05, 6.23683299636e-05, 4.66203673568e-05, 4.16173461417e-05, 4.0066006477e-05, 4.76050699945e-05, 2.67392424576e-05, 1.40107104016e-05, 1.11354647743e-05, 9.77254330792e-06, 4.84148358737e-06, 3.67391612599e-06, 4.1478078856e-06, 3.37205551659e-06, 2.67428458756e-06, 2.71886210612e-06, 2.11767678593e-06, 1.64886171206e-06, 1.25671328988e-06, 8.89741500032e-07, 7.42742486182e-07],
        "min": [7.03300265248e-11, 1.99097127673e-11, 7.26970220133e-12, 4.00921179936e-12, 2.27849379988e-12, 1.42253092986e-12, 9.25458602981e-13, 7.19096006699e-13, 5.59093786892e-13, 4.65601895146e-13, 2.09188880953e-13, 2.05762747878e-13, 2.05110396983e-13, 1.0841918048e-13, 9.07956910069e-14, 7.32697458478e-14, 9.82007240823e-14, 6.47903700634e-14, 4.09109933972e-14, 4.54151995145e-14, 4.65095355891e-14, 5.57793489674e-14, 3.47253049069e-14, 2.3759518116e-14, 2.3116260967e-14, 2.34104524503e-14, 2.00649535236e-14, 1.43353431475e-14, 1.05014661992e-14, 1.10966626987e-14, 6.84960477281e-15, 7.33423975577e-15, 7.22561455655e-15, 7.35430766036e-15, 5.55828398647e-15, 6.20891582777e-15, 1.32369879015e-14, 5.03836754015e-15, 5.24353247251e-15, 4.03518195149e-15],
        "stdev": [2.82091514237e-05, 0.000155735746375, 0.000126468250528, 0.000139378069434, 0.000223213093705, 0.000323585321894, 0.00021656609897, 0.000250836950727, 0.000239616434556, 0.00131472561043, 0.000346004992025, 0.000407230836572, 0.000713662768248, 0.000362325226888, 0.000123858844745, 0.000325709348544, 0.00034671818139, 0.00026882061502, 0.000316792546073, 0.000113139321911, 0.00012206970132, 0.000137865034048, 4.75640699733e-05, 5.02029288327e-05, 5.75862686674e-05, 3.40162514476e-05, 1.27129515022e-05, 1.19323012768e-05, 1.46632019096e-05, 7.16707472748e-06, 6.17123669144e-06, 6.8359981924e-06, 5.29677890881e-06, 3.99125792683e-06, 3.62456512448e-06, 2.70953819381e-06, 2.29711963584e-06, 1.99314013116e-06, 1.56560315645e-06, 1.41431848988e-06]
    },
    "melbands128": {
        "max": [6.66631167405e-05, 0.000261912675342, 0.00061173143331, 0.00120928674005, 0.00236224452965, 0.00557216024026, 0.00416737096384, 0.00163958210032, 0.00145798700396, 0.00151569617447, 0.00481305923313, 0.0097273606807, 0.00570289138705, 0.00221398705617, 0.00468179909512, 0.0037126862444, 0.00239758053795, 0.00510933808982, 0.00214017834514, 0.0027433258947, 0.0049993772991, 0.00145958317444, 0.00678394734859, 0.00595550658181, 0.0116046359763, 0.0187400989234, 0.00956357270479, 0.00710297515616, 0.00500487908721, 0.0085712429136, 0.00720314588398, 0.0103227337822, 0.0107702808455, 0.0152419144288, 0.00618218211457, 0.00156800774857, 0.00301014026627, 0.00175418471918, 0.00295286602341, 0.00496942084283, 0.00755562214181, 0.00485528446734, 0.00480453064665, 0.00727426586673, 0.00789551716298, 0.0021800592076, 0.00589991826564, 0.0066139344126, 0.00301172421314, 0.00383878545836, 0.00152017292567, 0.00153044203762, 0.00202582566999, 0.00200876547024, 0.0121954977512, 0.00104242318776, 0.00113462226, 0.000964612467214, 0.000603695050813, 0.00137650070246, 0.00136077427305, 0.00184607924893, 0.00225649517961, 0.000655201321933, 0.00118890486192, 0.000754847831558, 0.000616858771536, 0.000304066954413, 0.000142116856296, 0.000115320632176, 0.00022381429153, 0.000249705713941, 0.000216346641537, 0.000301124324324, 0.000263542839093, 6.21481667622e-05, 9.89510735963e-05, 0.000107065134216, 0.000119986849313, 4.45429614047e-05, 6.41021251795e-05, 0.000212489976548, 4.65929406346e-05, 8.51172881084e-05, 6.59053766867e-05, 0.000103963713627, 3.77234064217e-05, 5.89898518228e-05, 6.53632378089e-05, 5.66000016988e-05, 3.44295913237e-05, 2.94190685963e-05, 3.7603200326e-05, 1.59951869136e-05, 2.47699899774e-05, 2.41200959863e-05, 1.79427279363e-05, 1.91343515326e-05, 2.11266251426e-05, 2.18656459765e-05, 3.65996238543e-05, 2.2326461476e-05, 2.81184438791e-05, 4.40052026534e-05, 2.91354681394e-05, 3.14362550853e-05, 1.52458633238e-05, 7.27867700334e-06, 5.41127292308e-06, 3.07333334604e-06, 1.51277379246e-06, 3.92789985426e-07, 2.68033737427e-08, 1.26008412593e-08, 1.09569171514e-08, 7.53731033143e-09, 5.67224445192e-09, 5.3658606447e-09, 5.09586861597e-09, 4.88289941813e-09, 4.70803929176e-09, 4.5298609308e-09, 4.40426362047e-09, 4.30159996512e-09, 4.19060208756e-09, 4.1244985205e-09, 4.07066558239e-09, 4.03883104738e-09],
        "mean": [4.3384620767e-06, 1.35398840939e-05, 2.16266380448e-05, 3.66950262105e-05, 6.18020785623e-05, 6.84643673594e-05, 5.49151845917e-05, 5.81661806791e-05, 5.88122893532e-05, 7.03631449142e-05, 9.11784445634e-05, 0.000100752055005, 9.34703857638e-05, 0.000162494383403, 0.000286688969936, 0.000161361051141, 8.80270526977e-05, 0.000134295303724, 0.000104596787423, 0.000119551594253, 0.000163609933225, 7.5529118476e-05, 7.77793611633e-05, 0.000255011342233, 0.000794578110799, 0.00103001925163, 0.000204032185138, 0.000117260911793, 9.78287716862e-05, 0.000220764821279, 0.000226587537327, 0.000266279646894, 0.000353857991286, 0.000529186916538, 0.00019666463777, 4.68199395982e-05, 5.43133646715e-05, 5.97727557761e-05, 0.00015770427126, 0.000192678111489, 0.000310812756652, 0.000121691606182, 0.000126823346363, 0.000274791556876, 0.000171622566995, 0.000171661842614, 0.000228888398851, 0.000187378725968, 0.000103879501694, 0.000113129986858, 7.58555179345e-05, 7.88470060797e-05, 6.36393160676e-05, 4.78314977954e-05, 7.23398989066e-05, 3.70759371435e-05, 3.51859416696e-05, 5.03617229697e-05, 3.20065410051e-05, 5.19954010088e-05, 3.16131263389e-05, 3.36027769663e-05, 7.31145701138e-05, 4.22582270403e-05, 2.60407068708e-05, 2.62273133558e-05, 3.1168510759e-05, 1.37563765747e-05, 1.08351259769e-05, 1.17548806884e-05, 9.46538693825e-06, 1.29397758428e-05, 1.19127480502e-05, 9.39681376622e-06, 6.82548125042e-06, 4.41613428848e-06, 4.48474565928e-06, 3.96733003072e-06, 3.62561604561e-06, 3.42820453625e-06, 3.43615329257e-06, 5.58378633286e-06, 3.13868372359e-06, 3.10337350129e-06, 3.36996936312e-06, 3.27000361722e-06, 2.18571017285e-06, 2.12972895497e-06, 3.19068453791e-06, 2.64839445663e-06, 2.29869851864e-06, 1.86875877262e-06, 2.10239409171e-06, 1.41465272918e-06, 1.6479552869e-06, 1.47942921558e-06, 1.0989601833e-06, 1.06088987195e-06, 8.27210442367e-07, 8.87428200258e-07, 7.83635243806e-07, 6.81176345552e-07, 7.7425585232e-07, 5.25219149949e-07, 4.80274252368e-07, 4.58643285128e-07, 3.26311607068e-07, 2.79198133057e-07, 1.59495357366e-07, 8.47183727615e-08, 3.43951747084e-08, 5.01699970457e-09, 1.17053075566e-10, 4.37947213217e-11, 4.22804846689e-11, 3.75436105815e-11, 1.33683966674e-11, 6.85240362716e-12, 6.58315372701e-12, 6.35564040632e-12, 6.1539276279e-12, 5.9724690471e-12, 5.83353721231e-12, 5.70916794743e-12, 5.55895260379e-12, 5.41755616063e-12, 5.32330820049e-12, 5.28260334781e-12],
        "min": [1.16295258146e-10, 8.66500135532e-11, 5.51971489349e-11, 3.13430878474e-11, 1.80712840525e-11, 1.18855619791e-11, 8.40278888137e-12, 6.16578142709e-12, 5.05215617605e-12, 4.21304224146e-12, 3.17682121928e-12, 2.52492905056e-12, 2.20987377703e-12, 1.73266164871e-12, 1.37838742156e-12, 1.33112856675e-12, 1.08496241505e-12, 7.95538114551e-13, 8.00795952986e-13, 7.80205327428e-13, 6.65919468006e-13, 5.78296958931e-13, 5.02237520236e-13, 5.95645169472e-13, 5.93749279344e-13, 3.85524782671e-13, 2.38188429483e-13, 1.85858191901e-13, 1.78271216148e-13, 2.27098464274e-13, 1.96662103919e-13, 2.02389198608e-13, 2.34938370841e-13, 2.02667025414e-13, 9.18039922511e-14, 9.54932544172e-14, 9.93907308343e-14, 1.28092577777e-13, 4.59122316717e-14, 5.019207909e-14, 9.10576952382e-14, 8.63826019179e-14, 1.26817041026e-13, 8.31704090364e-14, 5.56372100626e-14, 7.80774980801e-14, 5.91304010421e-14, 2.04036819992e-14, 5.07650223399e-14, 4.33648512336e-14, 3.59584866223e-14, 6.42385789202e-14, 3.39170965619e-14, 5.65278923117e-14, 3.47663792286e-14, 6.35833684423e-14, 5.58172723265e-14, 6.50273902108e-14, 1.00308580818e-14, 1.26717221582e-14, 2.14031605481e-14, 3.99212082933e-14, 2.39865364984e-14, 1.67379825955e-14, 2.20260177556e-14, 2.06981784143e-14, 3.28572211756e-14, 1.55739374034e-14, 1.74120734378e-14, 2.25059415413e-14, 1.56037614334e-14, 1.14440868145e-14, 5.91901117827e-15, 1.10388552411e-14, 1.51673785294e-14, 9.73412295864e-15, 1.25364111859e-14, 6.1649522767e-15, 5.36248554445e-15, 8.45075538816e-15, 6.08742208049e-15, 7.82219680196e-15, 7.56610062553e-15, 6.32665383095e-15, 7.22268128146e-15, 1.07994752599e-14, 5.30539891194e-15, 4.5547125743e-15, 6.08054798461e-15, 6.97163935062e-15, 2.88188687798e-15, 7.82510212497e-15, 7.17050998114e-15, 1.62341673985e-14, 1.6169086469e-14, 7.2391950358e-15, 1.72184603408e-15, 2.74934040954e-15, 4.25565573382e-15, 8.69314572448e-15, 3.14197342663e-15, 2.84660350881e-15, 5.1097567475e-15, 5.82900461026e-15, 3.62388477516e-15, 3.10469148322e-15, 6.17697845049e-15, 9.20211342293e-15, 5.8323554726e-15, 1.03484270391e-15, 2.67777417231e-15, 2.5388245583e-15, 1.96162539134e-15, 1.72567155251e-15, 3.88657086793e-15, 5.4854671051e-15, 1.44924298545e-15, 2.69613149386e-15, 5.51485872485e-15, 2.12612024849e-15, 1.86072386205e-15, 5.37987682493e-15, 3.54046473535e-15, 1.717364171e-15, 4.03233168562e-15, 2.05138399045e-15, 1.35003996897e-15, 5.29982989531e-17],
        "stdev": [6.3235665948e-06, 2.18051045522e-05, 3.75210365746e-05, 6.9944486313e-05, 0.000161840682267, 0.000288734707283, 0.00019035465084, 0.000102280646388, 0.000101307210571, 0.000137694514706, 0.000226478878176, 0.000334915122949, 0.000244596973062, 0.000258755288087, 0.000540017266758, 0.000319005455822, 0.000185050128493, 0.00035453835153, 0.000204655909329, 0.000253095815424, 0.000447885046015, 0.000146373713505, 0.000233302693232, 0.000584065797739, 0.00145801657345, 0.00242976634763, 0.000521485053468, 0.00045454656356, 0.000325233180774, 0.000578854116611, 0.000575769052375, 0.000851672259159, 0.000878359540366, 0.00156327488367, 0.000634482188616, 8.65605470608e-05, 0.000127231760416, 0.000117641735415, 0.00027852243511, 0.000318567763316, 0.000644483196083, 0.000312241958454, 0.000341078586644, 0.000739139562938, 0.000584018998779, 0.000283130706521, 0.000517959531862, 0.000651713111438, 0.000262962392299, 0.000250550423516, 0.000121289071103, 0.000136989357998, 0.000135251219035, 9.75161165115e-05, 0.000477723166114, 7.23760676919e-05, 7.14027264621e-05, 8.21216526674e-05, 4.05941063946e-05, 9.44338898989e-05, 6.49705834803e-05, 7.78026005719e-05, 0.000129601801746, 6.3210092776e-05, 5.85788911849e-05, 4.7256500693e-05, 5.35903236596e-05, 2.13023340621e-05, 1.37709403134e-05, 1.38386440085e-05, 1.51759204527e-05, 2.32122765738e-05, 2.21061673074e-05, 2.20182355406e-05, 1.72166983248e-05, 7.23737321096e-06, 9.29714133235e-06, 9.39002893574e-06, 8.49703974382e-06, 5.58883948543e-06, 5.51127777726e-06, 1.305218575e-05, 5.18551814821e-06, 6.55854273646e-06, 6.55804842609e-06, 7.71945269662e-06, 3.44075965586e-06, 3.16436830872e-06, 5.43185797142e-06, 3.79219090973e-06, 3.49588208337e-06, 2.86578892883e-06, 3.78124400413e-06, 2.01924581233e-06, 2.69999077318e-06, 2.65271773969e-06, 1.91350068235e-06, 2.26730458053e-06, 1.58830528108e-06, 1.94485414795e-06, 1.6349051748e-06, 1.46900038089e-06, 1.83703161838e-06, 1.5959585653e-06, 1.39605708682e-06, 1.41369525863e-06, 9.03034560906e-07, 6.71270811381e-07, 3.83726757036e-07, 2.19978545601e-07, 1.06869833871e-07, 2.53621248447e-08, 1.01699315636e-09, 4.01654681736e-10, 3.73218123073e-10, 2.88706836216e-10, 1.49120091275e-10, 1.31999217112e-10, 1.25360458125e-10, 1.20123175296e-10, 1.15823135804e-10, 1.1144162676e-10, 1.08352563033e-10, 1.05827666075e-10, 1.03099077886e-10, 1.01474682823e-10, 1.00151865967e-10, 9.93691587348e-11]
    },
    "mfcc": {
        "mean": [-621.655212402, 82.574760437, -53.9353370667, -1.2433642149, -7.85045003891, -0.453200250864, -6.54005670547, 4.25336122513, -11.4965209961, 6.97594594955, -4.98816776276, -5.24593353271, -5.90296030045],
        "cov": [[2106.73706055, -219.146636963, 101.231925964, -207.35798645, -11.4214820862, -190.521347046, 53.5661811829, -92.9937820435, 20.1150722504, -53.848274231, 114.113990784, -62.9762878418, 30.0071754456], [-219.146636963, 1238.14587402, 15.0755748749, 119.240409851, -380.032623291, -250.462860107, -178.793136597, 18.2660217285, -278.42956543, 145.385253906, -24.3791046143, -45.5586051941, -49.7894706726], [101.231925964, 15.0755748749, 281.478851318, 15.8244943619, 19.1201019287, -105.976554871, -33.8807563782, -65.0106506348, -7.38573503494, -60.099155426, 13.2560806274, 7.3347492218, 28.5932178497], [-207.35798645, 119.240409851, 15.8244943619, 207.371200562, 5.7109375, 63.2608757019, -69.086730957, 34.1817779541, -40.211063385, 18.3917675018, -39.1823272705, 25.9839839935, -13.5823574066], [-11.4214820862, -380.032623291, 19.1201019287, 5.7109375, 294.192932129, 128.496185303, 76.299369812, 1.82197725773, 121.968070984, -47.439037323, -5.33141183853, 23.7534694672, 44.8671417236], [-190.521347046, -250.462860107, -105.976554871, 63.2608757019, 128.496185303, 307.279083252, 75.9624404907, 65.5413360596, 84.096862793, 7.78622055054, -17.6328697205, 47.2527694702, 1.4370521307], [53.5661811829, -178.793136597, -33.8807563782, -69.086730957, 76.299369812, 75.9624404907, 187.102554321, 10.6826696396, 84.8729019165, 3.90167856216, 36.6288375854, -20.2707099915, 20.1291065216], [-92.9937820435, 18.2660217285, -65.0106506348, 34.1817779541, 1.82197725773, 65.5413360596, 10.6826696396, 143.791137695, 33.6292572021, 50.3775024414, -2.69477748871, 2.01034355164, -46.8970985413], [20.1150722504, -278.42956543, -7.38573503494, -40.211063385, 121.968070984, 84.096862793, 84.8729019165, 33.6292572021, 187.115249634, -9.72508811951, 23.6908950806, -2.22107553482, 12.6021909714], [-53.848274231, 145.385253906, -60.099155426, 18.3917675018, -47.439037323, 7.78622055054, 3.90167856216, 50.3775024414, -9.72508811951, 139.314727783, 2.36927938461, -17.760641098, -55.6709251404], [114.113990784, -24.3791046143, 13.2560806274, -39.1823272705, -5.33141183853, -17.6328697205, 36.6288375854, -2.69477748871, 23.6908950806, 2.36927938461, 102.218917847, 5.70048332214, -1.05618977547], [-62.9762878418, -45.5586051941, 7.3347492218, 25.9839839935, 23.7534694672, 47.2527694702, -20.2707099915, 2.01034355164, -2.22107553482, -17.760641098, 5.70048332214, 96.2794036865, 23.0123901367], [30.0071754456, -49.7894706726, 28.5932178497, -13.5823574066, 44.8671417236, 1.4370521307, 20.1291065216, -46.8970985413, 12.6021909714, -55.6709251404, -1.05618977547, 23.0123901367, 116.382606506]],
        "icov": [[0.000591041345615, 0.000197397384909, -0.000117893701827, 0.000320585095324, 4.9392128858e-05, 0.000246876239544, 6.19539059699e-05, 2.66265342361e-05, 0.000193946936633, -7.42355114198e-05, -0.000514615036082, 0.000339157733833, -0.00015188191901], [0.000197397384909, 0.0022008032538, -0.000235252489801, -0.000933629169594, 0.00158660602756, 0.000936015218031, 0.000223271694267, -0.000692704808898, 0.00164736597799, -0.00176384439692, -0.000268819829216, 0.000680926081259, -0.00126068142708], [-0.000117893701827, -0.000235252489801, 0.00533980783075, -0.00169582851231, -0.00093247910263, 0.00237399991602, -0.000126239101519, 0.00150744430721, -0.00104647898115, 0.00175902596675, -0.000562860805076, -0.000919092039112, 0.000510741490871], [0.000320585095324, -0.000933629169594, -0.00169582851231, 0.00844970997423, -0.00125669687986, -0.00307350675575, 0.00289357453585, -0.00134354748297, 0.00130819017068, -0.000519430206623, 0.000922491948586, -5.50880249648e-05, 3.0398625313e-05], [4.9392128858e-05, 0.00158660602756, -0.00093247910263, -0.00125669687986, 0.00718865497038, -0.0010017703753, -0.000800727924798, 8.80727893673e-05, -0.00184315012302, -0.000212493658182, 0.000866772024892, 2.26669271797e-05, -0.0017351974966], [0.000246876239544, 0.000936015218031, 0.00237399991602, -0.00307350675575, -0.0010017703753, 0.00767535762861, -0.00275844219141, -0.00104613031726, -0.000755801040214, -6.0843758547e-05, 0.00104292470496, -0.00301161617972, 0.000399497803301], [6.19539059699e-05, 0.000223271694267, -0.000126239101519, 0.00289357453585, -0.000800727924798, -0.00275844219141, 0.00979503337294, -0.000233763668803, -0.00122291524895, -0.00146143243182, -0.00281993439421, 0.00340329390019, -0.00226247939281], [2.66265342361e-05, -0.000692704808898, 0.00150744430721, -0.00134354748297, 8.80727893673e-05, -0.00104613031726, -0.000233763668803, 0.0108379265293, -0.00301528302953, -0.00120063184295, 0.000105770981463, -0.000981093966402, 0.00350338290446], [0.000193946936633, 0.00164736597799, -0.00104647898115, 0.00130819017068, -0.00184315012302, -0.000755801040214, -0.00122291524895, -0.00301528302953, 0.0109087321907, -0.00126434338745, -0.00166234979406, 0.0017054961063, -0.00135742826387], [-7.42355114198e-05, -0.00176384439692, 0.00175902596675, -0.000519430206623, -0.000212493658182, -6.0843758547e-05, -0.00146143243182, -0.00120063184295, -0.00126434338745, 0.0119244232774, -0.000234279621509, 4.25289472332e-05, 0.00445375032723], [-0.000514615036082, -0.000268819829216, -0.000562860805076, 0.000922491948586, 0.000866772024892, 0.00104292470496, -0.00281993439421, 0.000105770981463, -0.00166234979406, -0.000234279621509, 0.0125354472548, -0.00311263720505, 0.00124410237186], [0.000339157733833, 0.000680926081259, -0.000919092039112, -5.50880249648e-05, 2.26669271797e-05, -0.00301161617972, 0.00340329390019, -0.000981093966402, 0.0017054961063, 4.25289472332e-05, -0.00311263720505, 0.014305697754, -0.00355352670886], [-0.00015188191901, -0.00126068142708, 0.000510741490871, 3.0398625313e-05, -0.0017351974966, 0.000399497803301, -0.00226247939281, 0.00350338290446, -0.00135742826387, 0.00445375032723, 0.00124410237186, -0.00355352670886, 0.0134286182001]]
    },
    "spectral_contrast_coeffs": {
        "max": [-0.424277991056, -0.509861707687, -0.427916198969, -0.526084005833, -0.596213638783, -0.434347063303],
        "mean": [-0.719442546368, -0.7407335639, -0.69001352787, -0.713623046875, -0.726232588291, -0.740457236767],
        "min": [-0.966496407986, -0.949829757214, -0.945411145687, -0.940102517605, -0.928474247456, -0.922382950783],
        "stdev": [0.0744578316808, 0.0819031819701, 0.092156752944, 0.0707558020949, 0.0484577789903, 0.0493161194026]
    },
    "spectral_contrast_valleys": {
        "max": [-6.12685155869, -5.31708955765, -5.91988992691, -5.29477739334, -5.83012342453, -8.06312656403],
        "mean": [-7.99137830734, -7.01720046997, -7.35724925995, -7.16691493988, -7.31075334549, -10.2462177277],
        "min": [-17.6368274689, -18.2272949219, -18.1321773529, -17.6859493256, -17.2129306793, -18.8543243408],
        "stdev": [0.612903535366, 0.782267689705, 0.606392920017, 0.674354672432, 0.581728219986, 1.04259622097]
    }
},
"rhythm": {
    "beats_count": 72,
    "beats_loudness": {
        "max": 0.0706029608846,
        "mean": 0.0246249753982,
        "min": 0.000579172105063,
        "stdev": 0.0141915893182
    },
    "bpm": 100.411972046,
    "bpm_histogram_first_peak_bpm": 101,
    "bpm_histogram_first_peak_weight": 0.523809492588,
    "bpm_histogram_second_peak_bpm": 129,
    "bpm_histogram_second_peak_spread": 0.600000023842,
    "bpm_histogram_second_peak_weight": 0.14084507525,
    "danceability": 0.923060119152,
    "onset_rate": 1.85203814507,
    "beats_loudness_band_ratio": {
        "max": [0.296073019505, 0.606091618538, 0.781830966473, 0.85547375679, 0.911187767982, 0.280132710934],
        "mean": [0.025886259973, 0.088266775012, 0.20559117198, 0.305589556694, 0.313520818949, 0.0851865410805],
        "min": [0.00150637666229, 0.00177548965439, 0.00777312833816, 0.014332938008, 0.0298403762281, 0.010356226936],
        "stdev": [0.0447101406753, 0.122118018568, 0.201135531068, 0.196721971035, 0.196407645941, 0.0687806531787]
    },
