{
"metadata": {
    "version": {
        "essentia": "2.1-beta5",
        "essentia_git_sha": "Undefined",
        "extractor": "music 2.0"
    },
    "audio_properties": {
        "analysis": {
            "equal_loudness": 0,
            "length": 32.4963264465,
            "sample_rate": 44100,
            "start_time": 93.9943771362,
            "downmix": "mix"
        },
        "bit_rate": 192000,
        "length": 208.329437256,
        "lossless": 0,
        "number_channels": 2,
        "replay_gain": -2.08843231201,
        "sample_rate": 44100,
        "codec": "mp3",
        "md5_encoded": "375f2e71b74e3e704e715874d0493c49"
    },
    "tags": {
        "file_name": "Belgium_L_amour ça Fait Chanter La Vie_Jean Vallée.mp3",
        "encoding": ["Lavf58.29.100"]
    }
},
"lowlevel": {
    "average_loudness": 0.977711141109,
    "barkbands_crest": {
        "max": 23.4033355713,
        "mean": 9.31847000122,
        "min": 3.0786216259,
        "stdev": 3.79597806931
    },
    "barkbands_flatness_db": {
        "max": 0.256337702274,
        "mean": 0.150496467948,
        "min": 0.0621415749192,
        "stdev": 0.0327280536294
    },
    "barkbands_kurtosis": {
        "max": 23.7115516663,
        "mean": 0.820073843002,
        "min": -1.83666825294,
        "stdev": 2.82240915298
    },
    "barkbands_skewness": {
        "max": 4.33765554428,
        "mean": 0.832219898701,
        "min": -1.95264029503,
        "stdev": 0.935836851597
    },
    "barkbands_spread": {
        "max": 80.7664794922,
        "mean": 23.6338806152,
        "min": 4.2667350769,
        "stdev": 13.032081604
    },
    "dissonance": {
        "max": 0.5,
        "mean": 0.462255954742,
        "min": 0.336476504803,
        "stdev": 0.0268784221262
    },
    "dynamic_complexity": 1.8967012167,
    "erbbands_crest": {
        "max": 24.8662719727,
        "mean": 9.02623558044,
        "min": 2.94808650017,
        "stdev": 3.52356743813
    },
    "erbbands_flatness_db": {
        "max": 0.300631225109,
        "mean": 0.20333981514,
        "min": 0.096102796495,
        "stdev": 0.0352683477104
    },
    "erbbands_kurtosis": {
        "max": 9.82532978058,
        "mean": 0.0932246893644,
        "min": -1.68692314625,
        "stdev": 1.41103219986
    },
    "erbbands_skewness": {
        "max": 1.88244044781,
        "mean": -0.0912668555975,
        "min": -3.07267665863,
        "stdev": 0.78639370203
    },
    "erbbands_spread": {
        "max": 113.240104675,
        "mean": 33.7856788635,
        "min": 8.78615570068,
        "stdev": 14.3737640381
    },
    "hfc": {
        "max": 340.059265137,
        "mean": 28.6546936035,
        "min": 0.157285571098,
        "stdev": 31.2305431366
    },
    "loudness_ebu128": {
        "integrated": -21.9130973816,
        "loudness_range": 2.3107624054,
        "momentary": {
            "max": -18.5556259155,
            "mean": -22.2761535645,
            "min": -28.9775218964,
            "stdev": 1.89498364925
        },
        "short_term": {
            "max": -20.3493213654,
            "mean": -21.9106140137,
            "min": -23.7055988312,
            "stdev": 0.76469874382
        }
    },
    "melbands_crest": {
        "max": 29.9777736664,
        "mean": 11.8188276291,
        "min": 3.63968992233,
        "stdev": 4.59224128723
    },
    "melbands_flatness_db": {
        "max": 0.314056009054,
        "mean": 0.16800993681,
        "min": 0.0355604812503,
        "stdev": 0.0466714762151
    },
    "melbands_kurtosis": {
        "max": 41.3500556946,
        "mean": 4.54646015167,
        "min": -1.66606986523,
        "stdev": 6.07149124146
    },
    "melbands_skewness": {
        "max": 6.06508302689,
        "mean": 1.73037862778,
        "min": -1.02699077129,
        "stdev": 1.01062428951
    },
    "melbands_spread": {
        "max": 245.490692139,
        "mean": 35.5626831055,
        "min": 4.17775297165,
        "stdev": 29.346288681
    },
    "pitch_salience": {
        "max": 0.8471159935,
        "mean": 0.589279055595,
        "min": 0.185986593366,
        "stdev": 0.095678769052
    },
    "silence_rate_20dB": {
        "max": 1,
        "mean": 1,
        "min": 1,
        "stdev": 0
    },
    "silence_rate_30dB": {
        "max": 1,
        "mean": 1,
        "min": 1,
        "stdev": 0
    },
    "silence_rate_60dB": {
        "max": 1,
        "mean": 0.0042826551944,
        "min": 0,
        "stdev": 0.06530059129
    },
    "spectral_centroid": {
        "max": 4553.44970703,
        "mean": 1609.59118652,
        "min": 411.740478516,
        "stdev": 645.431945801
    },
    "spectral_complexity": {
        "max": 47,
        "mean": 20.5981445312,
        "min": 0,
        "stdev": 5.48105812073
    },
    "spectral_decrease": {
        "max": -4.2678287987e-11,
        "mean": -5.19257570275e-09,
        "min": -1.66518177025e-08,
        "stdev": 2.75045053399e-09
    },
    "spectral_energy": {
        "max": 0.0689289569855,
        "mean": 0.0221970640123,
        "min": 0.000175343942828,
        "stdev": 0.0115527007729
    },
    "spectral_energyband_high": {
        "max": 0.0424669906497,
        "mean": 0.00122891459614,
        "min": 2.39975656768e-06,
        "stdev": 0.00373994139954
    },
    "spectral_energyband_low": {
        "max": 0.0110173560679,
        "mean": 0.000941941107158,
        "min": 1.14187623694e-05,
        "stdev": 0.00116080755834
    },
    "spectral_energyband_middle_high": {
        "max": 0.0386355109513,
        "mean": 0.00799690000713,
        "min": 5.73806064494e-05,
        "stdev": 0.00664192484692
    },
    "spectral_energyband_middle_low": {
        "max": 0.0551280081272,
        "mean": 0.0125229209661,
        "min": 8.88720387593e-05,
        "stdev": 0.00868752226233
    },
    "spectral_entropy": {
        "max": 8.77949428558,
        "mean": 7.39236497879,
        "min": 6.53239345551,
        "stdev": 0.383751153946
    },
    "spectral_flux": {
        "max": 0.177032068372,
        "mean": 0.0752857774496,
        "min": 0.0204673781991,
        "stdev": 0.0297707114369
    },
    "spectral_kurtosis": {
        "max": 19.2151374817,
        "mean": 4.66454124451,
        "min": -0.993886470795,
        "stdev": 3.00065374374
    },
    "spectral_rms": {
        "max": 0.0082004731521,
        "mean": 0.00448664883152,
        "min": 0.000413602771005,
        "stdev": 0.00123516330495
    },
    "spectral_rolloff": {
        "max": 10142.1386719,
        "mean": 2261.984375,
        "min": 236.865234375,
        "stdev": 1813.62512207
    },
    "spectral_skewness": {
        "max": 3.16944980621,
        "mean": 1.40630948544,
        "min": 0.0133137311786,
        "stdev": 0.440337270498
    },
    "spectral_spread": {
        "max": 14202026,
        "mean": 3680098.5,
        "min": 2142744,
        "stdev": 1497681.25
    },
    "spectral_strongpeak": {
        "max": 13.1090784073,
        "mean": 1.5998724699,
        "min": 0.0181980300695,
        "stdev": 1.65532386303
    },
    "zerocrossingrate": {
        "max": 0.33984375,
        "mean": 0.0738266631961,
        "min": 0.01123046875,
        "stdev": 0.0479759983718
    },
    "barkbands": {
        "max": [0.000248712312896, 0.00319784786552, 0.00558820785955, 0.0118960831314, 0.0441594049335, 0.0169039200991, 0.0328876376152, 0.0377343036234, 0.0345587022603, 0.0234298631549, 0.0267915334553, 0.014672299847, 0.0154256010428, 0.0151656204835, 0.0135315880179, 0.0128310583532, 0.0106667438522, 0.00643771840259, 0.0142449401319, 0.00262728845701, 0.00648545473814, 0.00498993648216, 0.0118988286704, 0.0248303283006, 0.00572315789759, 0.00066383916419, 9.41145003708e-07],
        "mean": [9.15327927942e-06, 0.000223213559366, 0.000520091853105, 0.00062017980963, 0.00498589826748, 0.00144192320295, 0.00170837517362, 0.00177377276123, 0.0014166762121, 0.00114290148485, 0.000667883839924, 0.000872792559676, 0.00106451450847, 0.000450824445579, 0.000709033221938, 0.000887874688487, 0.00111519673374, 0.000429968960816, 0.000862891960423, 0.000172344327439, 0.000132106040837, 0.000173901236849, 0.000267904193606, 0.000419320509536, 0.000116613817227, 1.17014533316e-05, 1.54397417074e-09],
        "min": [1.6739707398e-09, 9.90906301013e-07, 6.43917644538e-07, 2.8486156225e-06, 1.12069055831e-05, 1.83049123734e-05, 9.40636709856e-06, 3.42923931385e-06, 2.92885533781e-06, 1.10283872345e-06, 7.95741243564e-07, 5.14087605552e-06, 1.02590656752e-05, 7.91099864728e-06, 3.28040346176e-06, 3.09196889248e-06, 1.94506969819e-06, 8.36332503695e-07, 9.10045127966e-06, 1.7855495571e-06, 5.19798390997e-07, 4.93554011882e-07, 2.40693481146e-07, 1.48417001355e-07, 8.5244806769e-08, 1.90966709113e-08, 6.76982012116e-11],
        "stdev": [1.67274938576e-05, 0.000308186485199, 0.000770233629737, 0.000786214659456, 0.00526569690555, 0.00169697252568, 0.00300252134912, 0.0031239897944, 0.00362986931577, 0.00271221459843, 0.00175377866253, 0.00155429774895, 0.00186905241571, 0.00090857950272, 0.00122585345525, 0.00166862213518, 0.00159459817223, 0.000591313757468, 0.00140489824116, 0.000247518764809, 0.000344752566889, 0.00036005928996, 0.000923126295675, 0.00185227359179, 0.000488017802127, 5.11230464326e-05, 2.51471572454e-08]
    },
    "erbbands": {
        "max": [0.0668144598603, 0.905959665775, 5.5440955162, 24.7642936707, 109.77822113, 190.223999023, 295.240234375, 184.696105957, 477.075317383, 462.669036865, 1028.59008789, 1028.0592041, 837.06427002, 543.195495605, 1129.3013916, 768.704772949, 736.305725098, 890.837158203, 820.792907715, 516.62121582, 630.790222168, 513.809875488, 376.153869629, 478.511352539, 552.905273438, 141.808837891, 165.123626709, 330.438903809, 157.560424805, 217.610137939, 371.01473999, 718.76965332, 291.580993652, 97.154510498, 23.807718277, 6.09191131592, 0.311005860567, 0.00863272510469, 0.000843620218802, 0.000293547345791],
        "mean": [0.00312266708352, 0.0694795399904, 0.537155151367, 1.33284783363, 7.78166818619, 19.4066982269, 15.5637159348, 12.6796665192, 23.4989261627, 27.591835022, 37.9145088196, 40.3098945618, 37.8386878967, 25.5484638214, 28.9506187439, 44.079662323, 48.0682678223, 29.2774410248, 39.3541145325, 35.7536354065, 49.4529190063, 56.1101455688, 31.758928299, 34.9058837891, 34.1752891541, 9.18040466309, 5.91268587112, 5.7823677063, 6.0386929512, 6.73352527618, 8.05229759216, 10.1042804718, 5.51897239685, 1.89203131199, 0.531012117863, 0.125257670879, 0.00676508108154, 0.000214494328247, 3.43739702657e-05, 3.26403460349e-05],
        "min": [2.38554057432e-05, 0.000464401295176, 0.00311547378078, 0.020741160959, 0.0270122196525, 0.0453589111567, 0.0568204373121, 0.309676498175, 0.433509171009, 0.277306824923, 0.0541570745409, 0.0673183351755, 0.0608840212226, 0.0250823888928, 0.0694541484118, 0.319137960672, 0.519019544125, 0.663323819637, 0.342507332563, 0.20151104033, 0.122296489775, 0.108238585293, 0.0596688650548, 0.157088249922, 0.518496394157, 0.0825162902474, 0.0352754965425, 0.0201549269259, 0.0214927941561, 0.0105047496036, 0.00677513377741, 0.00433225370944, 0.00167442567181, 0.000893798482139, 0.000575876212679, 0.000116567644, 1.36325143103e-05, 1.00620445664e-06, 1.36281414598e-06, 4.24611783956e-07],
        "stdev": [0.00498734554276, 0.0934943780303, 0.784586846828, 1.58093166351, 10.3959674835, 22.3781986237, 18.8657608032, 14.6159791946, 40.7636489868, 38.5635795593, 78.4427185059, 105.522697449, 94.9970550537, 50.8790893555, 64.7445831299, 76.7587356567, 78.9155044556, 49.4452018738, 64.6296234131, 61.216884613, 76.1553421021, 75.446975708, 39.5914611816, 48.6517906189, 56.9520454407, 12.572312355, 11.528008461, 15.2330064774, 12.4185400009, 18.7406368256, 29.2277164459, 45.5269546509, 23.6246871948, 8.06872081757, 2.07097697258, 0.52677989006, 0.0269850064069, 0.000818058266304, 8.44684109325e-05, 2.79628711723e-05]
    },
    "gfcc": {
        "mean": [-7.18706417084, 105.877220154, -163.273361206, 36.340839386, -74.8187713623, 0.963755071163, -54.9736557007, -3.52308678627, -24.670999527, -14.4773569107, -7.61166810989, -10.3168010712, -8.4906167984],
        "cov": [[1641.21057129, -888.880615234, 254.524887085, 95.4628982544, -198.7396698, 354.05670166, -156.223114014, 165.724151611, 2.60718369484, 54.8415412903, -58.7402610779, 76.7490539551, -71.6624298096], [-888.880615234, 1087.11987305, -288.241973877, -189.20161438, 245.56048584, -304.479156494, 162.037445068, -126.102378845, 61.2639274597, -99.4332962036, 78.6726455688, -84.1593399048, 9.98672199249], [254.524887085, -288.241973877, 482.135528564, 110.526069641, -113.060035706, 134.653030396, -87.0249328613, 51.8151550293, -68.0629272461, 103.726631165, -31.8470172882, 5.02938985825, 13.3353309631], [95.4628982544, -189.20161438, 110.526069641, 431.089385986, 95.450088501, 32.0758399963, -41.7893600464, -67.6493301392, 33.3028259277, 55.6102790833, -19.8990116119, 24.6770839691, 37.1439323425], [-198.7396698, 245.56048584, -113.060035706, 95.450088501, 256.557373047, -63.5572166443, -12.0290174484, -47.2600212097, 42.1154251099, 1.92844414711, 11.0235128403, -1.24198210239, 11.2015886307], [354.05670166, -304.479156494, 134.653030396, 32.0758399963, -63.5572166443, 222.577728271, -5.48955821991, 28.5199279785, -38.7429618835, 30.9513721466, -12.7560005188, 18.7765693665, -14.3621759415], [-156.223114014, 162.037445068, -87.0249328613, -41.7893600464, -12.0290174484, -5.48955821991, 156.485107422, -5.48446464539, -10.9199647903, -37.2758560181, 20.6236095428, -14.4617967606, -7.91800928116], [165.724151611, -126.102378845, 51.8151550293, -67.6493301392, -47.2600212097, 28.5199279785, -5.48446464539, 168.310882568, 25.5434036255, -11.5909852982, -19.1388721466, 10.9769582748, -20.5319347382], [2.60718369484, 61.2639274597, -68.0629272461, 33.3028259277, 42.1154251099, -38.7429618835, -10.9199647903, 25.5434036255, 113.202514648, 8.36592578888, -0.785411179066, -6.69679737091, -13.2723999023], [54.8415412903, -99.4332962036, 103.726631165, 55.6102790833, 1.92844414711, 30.9513721466, -37.2758560181, -11.5909852982, 8.36592578888, 150.899337769, 8.3235206604, -7.18069410324, -6.84332323074], [-58.7402610779, 78.6726455688, -31.8470172882, -19.8990116119, 11.0235128403, -12.7560005188, 20.6236095428, -19.1388721466, -0.785411179066, 8.3235206604, 72.102142334, 9.03123474121, -4.17969703674], [76.7490539551, -84.1593399048, 5.02938985825, 24.6770839691, -1.24198210239, 18.7765693665, -14.4617967606, 10.9769582748, -6.69679737091, -7.18069410324, 9.03123474121, 74.1740722656, 17.6495227814], [-71.6624298096, 9.98672199249, 13.3353309631, 37.1439323425, 11.2015886307, -14.3621759415, -7.91800928116, -20.5319347382, -13.2723999023, -6.84332323074, -4.17969703674, 17.6495227814, 66.1091003418]],
        "icov": [[0.00144205335528, 0.00045327085536, 0.000149368002894, -0.000189981248695, 0.000419772288296, -0.00153334136121, 0.00100670510437, -0.000502450682689, -0.000517613312695, 0.00031586465775, 3.65178748325e-05, -0.000568512070458, 0.0012144758366], [0.00045327085536, 0.00665339455009, -0.00362409534864, 0.00464303325862, -0.00642128754407, 0.00553340278566, -0.00628444179893, 0.00489996187389, -0.00478832609951, 0.00329290446825, -0.00298293773085, 0.00278243911453, -0.000884054170456], [0.000149368002894, -0.00362409534864, 0.00672843353823, -0.00422608898953, 0.00532671157271, -0.00469541596249, 0.00575402006507, -0.00509417708963, 0.00563499098644, -0.0040146545507, 0.00177788094152, -0.000210909594898, -0.000204550087801], [-0.000189981248695, 0.00464303325862, -0.00422608898953, 0.00727934669703, -0.00629233056679, 0.00396227557212, -0.00540887890384, 0.00588952051476, -0.00572076905519, 0.00202533463016, -0.000801983987913, 0.000591808871832, -0.00218410603702], [0.000419772288296, -0.00642128754407, 0.00532671157271, -0.00629233056679, 0.0122510408983, -0.00578386150301, 0.0078679965809, -0.00500282598659, 0.00414187600836, -0.00356331770308, 0.00234390166588, -0.00259715924039, 0.00124645920005], [-0.00153334136121, 0.00553340278566, -0.00469541596249, 0.00396227557212, -0.00578386150301, 0.0134551413357, -0.00792184099555, 0.00466603972018, -0.00209509301931, 0.00197094725445, -0.00192629825324, 0.00138257467188, -8.11408972368e-05], [0.00100670510437, -0.00628444179893, 0.00575402006507, -0.00540887890384, 0.0078679965809, -0.00792184099555, 0.0157156400383, -0.00626915041357, 0.00605546263978, -0.00185013969894, 0.00046409125207, -0.000815576000605, 0.00207131472416], [-0.000502450682689, 0.00489996187389, -0.00509417708963, 0.00588952051476, -0.00500282598659, 0.00466603972018, -0.00626915041357, 0.0131963454187, -0.00779413431883, 0.00374689209275, 8.15389212221e-05, -0.00046726455912, 0.000595601799432], [-0.000517613312695, -0.00478832609951, 0.00563499098644, -0.00572076905519, 0.00414187600836, -0.00209509301931, 0.00605546263978, -0.00779413431883, 0.0172199942172, -0.00440179137513, 0.00176757480949, -0.000132484201458, 0.00253611803055], [0.00031586465775, 0.00329290446825, -0.0040146545507, 0.00202533463016, -0.00356331770308, 0.00197094725445, -0.00185013969894, 0.00374689209275, -0.00440179137513, 0.0107678454369, -0.00367885897867, 0.00242668623105, 0.000841347675305], [3.65178748325e-05, -0.00298293773085, 0.00177788094152, -0.000801983987913, 0.00234390166588, -0.00192629825324, 0.00046409125207, 8.15389212221e-05, 0.00176757480949, -0.00367885897867, 0.018206557259, -0.00567607488483, 0.00248795934021], [-0.000568512070458, 0.00278243911453, -0.000210909594898, 0.000591808871832, -0.00259715924039, 0.00138257467188, -0.000815576000605, -0.00046726455912, -0.000132484201458, 0.00242668623105, -0.00567607488483, 0.0189053732902, -0.0060104788281], [0.0012144758366, -0.000884054170456, -0.000204550087801, -0.00218410603702, 0.00124645920005, -8.11408972368e-05, 0.00207131472416, 0.000595601799432, 0.00253611803055, 0.000841347675305, 0.00248795934021, -0.0060104788281, 0.0204074177891]]
    },
    "melbands": {
        "max": [0.000709509360604, 0.0021146570798, 0.00484504876658, 0.0116067426279, 0.0090294033289, 0.00373519770801, 0.00676100235432, 0.00424032006413, 0.00762351695448, 0.0068519199267, 0.00421909522265, 0.00236856122501, 0.00444599986076, 0.00137504946906, 0.00187014520634, 0.00149194779806, 0.00151327461936, 0.0012233046582, 0.000603137945291, 0.00121444172692, 0.000702812394593, 0.000633611693047, 0.00064950378146, 0.000197933317395, 0.00042063408182, 0.000689374573994, 0.000137253489811, 0.000108901738713, 8.0877362052e-05, 0.000172966771061, 0.000209918551263, 0.000106214676634, 7.52909618313e-05, 0.000133440815262, 0.00022408697987, 0.000330573850079, 0.000454871711554, 0.000249164295383, 0.000108015548903, 7.62087511248e-05],
        "mean": [4.33888635598e-05, 0.000212287879549, 0.000398073141696, 0.00102310359944, 0.000654672738165, 0.000277213403024, 0.000363638653653, 0.000314901786624, 0.000294637342449, 0.000240949651925, 0.00018188660033, 0.00010097874474, 9.42191472859e-05, 9.70005639829e-05, 0.000104305021523, 0.000107389190816, 4.64143849968e-05, 5.896734001e-05, 4.71895473311e-05, 6.27442350378e-05, 5.61309607292e-05, 5.97565594944e-05, 4.7139088565e-05, 1.78395675903e-05, 2.88744704449e-05, 3.44979234796e-05, 9.55392533797e-06, 5.60253874937e-06, 3.8672374103e-06, 3.35780669047e-06, 3.40703718393e-06, 3.5144676076e-06, 3.09816050503e-06, 3.95898905481e-06, 4.39505720351e-06, 5.4724500842e-06, 6.4522082539e-06, 4.29893270848e-06, 2.45610908678e-06, 1.27526527649e-06],
        "min": [3.10479180143e-07, 1.27714156406e-06, 4.97285645906e-06, 2.4499936444e-06, 2.07292760024e-06, 6.64637627779e-06, 1.89855313693e-06, 2.49354525295e-06, 2.95711998888e-07, 4.60362343802e-07, 2.95183014032e-07, 9.23471787928e-08, 1.51999330456e-07, 4.86593705773e-07, 9.8471275578e-07, 1.12219311177e-06, 6.94013692737e-07, 6.45794216325e-07, 2.45912502805e-07, 2.82200204538e-07, 1.11582451723e-07, 1.11140352033e-07, 1.00528531277e-07, 1.85749993165e-08, 1.00210748144e-07, 3.19860333775e-07, 1.58716360943e-07, 3.82887854755e-08, 2.89937354125e-08, 1.2053664733e-08, 1.03657837869e-08, 1.12006279807e-08, 9.99356242204e-09, 4.61337990032e-09, 4.03225230983e-09, 3.27061000505e-09, 2.52615262042e-09, 1.54253687601e-09, 5.39365940799e-10, 8.4808582379e-10],
        "stdev": [6.15948156337e-05, 0.000288002192974, 0.000422161683673, 0.00128757557832, 0.000696114788298, 0.000323531276081, 0.000627970090136, 0.000421442091465, 0.00059554935433, 0.000661300262436, 0.000476751447422, 0.000218398490688, 0.000260266650002, 0.000154362525791, 0.000200117210625, 0.000185079683433, 8.5027422756e-05, 9.82950004982e-05, 7.71977865952e-05, 0.00012137399608, 8.74241886777e-05, 8.52906741784e-05, 7.18245792086e-05, 2.24782543228e-05, 4.29166138929e-05, 6.39694480924e-05, 1.44245377669e-05, 8.94918048289e-06, 6.80892890159e-06, 9.04917396838e-06, 9.28514873522e-06, 7.38674270906e-06, 7.16985869076e-06, 1.20527474792e-05, 1.61483148986e-05, 2.18384866457e-05, 3.0629333196e-05, 1.87505829672e-05, 1.05280678326e-05, 5.6159574342e-06]
    },
    "melbands128": {
        "max": [0.00013017404126, 0.000391038833186, 0.00126559939235, 0.00155973352958, 0.00293226586655, 0.00315625080839, 0.00553026050329, 0.00539664132521, 0.0149926263839, 0.0198654141277, 0.011763215065, 0.0122753577307, 0.0139712244272, 0.00451315380633, 0.00511525105685, 0.00598151423037, 0.00918311160058, 0.0118619669229, 0.0109010189772, 0.0088075241074, 0.00569558423012, 0.0103578288108, 0.011998786591, 0.00606998847798, 0.0109573779628, 0.0105486214161, 0.00497718993574, 0.00847574044019, 0.00577813386917, 0.00464162696153, 0.00299154524691, 0.00451360084116, 0.00901637319475, 0.00387135497294, 0.00298519409262, 0.00165446777828, 0.00426822388545, 0.00399360945448, 0.00476632546633, 0.00409551523626, 0.0029112668708, 0.0048942710273, 0.00172057794407, 0.000921199563891, 0.00283041992225, 0.00189109146595, 0.0025532359723, 0.000984487123787, 0.00163564190734, 0.00142888631672, 0.00250079180114, 0.00252314191312, 0.00175385829061, 0.000665174273308, 0.00173530133907, 0.000965924118645, 0.00123744248413, 0.00177111243829, 0.000808631244581, 0.000575967074838, 0.000335095275659, 0.000418760522734, 0.000334625889082, 0.000491231912747, 0.00122970482334, 0.000865179812536, 0.000777614710387, 0.000264342728769, 0.000139774158015, 0.000106979088741, 0.000161683070473, 0.000105434221041, 0.000106769883132, 0.00010422727064, 0.000147810977069, 0.000165709352586, 0.000280111475149, 0.000131325505208, 0.000206868629903, 0.000277929269942, 0.000135466718348, 0.000221942987991, 5.66531416553e-05, 8.91231175046e-05, 0.000115557377285, 0.000241616085987, 0.000198921276024, 0.000192123363377, 0.000253362319199, 0.00026197778061, 0.000164329016116, 0.000310105708195, 0.000761570874602, 0.000597559905145, 0.00053539784858, 0.000317547091981, 0.000233163518715, 0.000212823200854, 0.000157162852702, 0.000111104782263, 9.07526846277e-05, 0.000111893074063, 4.4790089305e-05, 3.74436276616e-05, 3.59327023034e-05, 3.3006825106e-05, 2.59094194917e-05, 2.04706175282e-05, 8.93084779818e-06, 6.14217015027e-06, 2.48950777859e-06, 5.55937674562e-07, 7.44451256196e-08, 8.09988609518e-09, 5.08069586402e-09, 4.81417083975e-09, 4.64603600037e-09, 4.5141597127e-09, 4.32797753191e-09, 4.19391898987e-09, 4.06195832525e-09, 3.93341004212e-09, 3.86646759054e-09, 3.78431286308e-09, 3.70899222446e-09, 3.65604058139e-09, 3.6263680947e-09, 3.60550633793e-09],
        "mean": [6.22430661679e-06, 1.71807423612e-05, 4.01234574383e-05, 0.000126834987896, 0.000263382913545, 0.000240031135036, 0.00019742026052, 0.000378117489163, 0.000752334948629, 0.00116387987509, 0.00113065785263, 0.000969893764704, 0.000503735267557, 0.000290043128189, 0.000299582694424, 0.000242254231125, 0.000286808091914, 0.000476509012515, 0.000346383836586, 0.000267649040325, 0.000325926492224, 0.000333058618708, 0.00033454442746, 0.000166048484971, 0.000320992083289, 0.000236740670516, 0.000133154535433, 0.000257705221884, 0.000119388525491, 0.000121620818391, 7.975401968e-05, 8.47908013384e-05, 0.000106514540676, 0.00010641325207, 4.08639607485e-05, 0.000109711487312, 0.000171853491338, 6.12994190305e-05, 0.000115425842523, 9.78614989435e-05, 0.000139642128488, 6.06398025411e-05, 3.37139645126e-05, 4.5614237024e-05, 4.47341699328e-05, 4.53906541225e-05, 0.000112166635517, 3.24824759446e-05, 2.62506564468e-05, 4.7916546464e-05, 7.14774505468e-05, 7.9862336861e-05, 4.70548511657e-05, 4.21600743721e-05, 8.05726376711e-05, 4.89402191306e-05, 5.46973242308e-05, 7.58431924623e-05, 2.90421430691e-05, 2.44982238655e-05, 1.64880784723e-05, 1.13826909001e-05, 2.67825107585e-05, 2.94644305541e-05, 4.21671975346e-05, 3.44207728631e-05, 3.81047611882e-05, 9.47082025959e-06, 4.42407190349e-06, 4.44315264758e-06, 5.11771759193e-06, 7.49087348595e-06, 4.92070103064e-06, 2.75974662145e-06, 2.78582456303e-06, 3.80213759854e-06, 3.4752222291e-06, 2.79294954453e-06, 3.33250272888e-06, 4.31629405284e-06, 2.97149631479e-06, 4.14022360928e-06, 2.65867697635e-06, 2.76893433693e-06, 3.43080318999e-06, 4.06165008826e-06, 4.11555492974e-06, 3.89484966945e-06, 4.5688134378e-06, 4.65729817734e-06, 4.34656612924e-06, 5.77312357564e-06, 7.17695502317e-06, 6.67593030812e-06, 6.14894042883e-06, 5.09191886522e-06, 3.85956445825e-06, 3.17778290082e-06, 2.57409396909e-06, 2.06256913771e-06, 1.61116440722e-06, 1.15998932415e-06, 8.56714166275e-07, 6.56559166146e-07, 5.36051970812e-07, 4.90692457333e-07, 4.18313987893e-07, 3.06560963281e-07, 1.84740898135e-07, 1.11371853961e-07, 4.44645671394e-08, 1.10383240326e-08, 7.66776031558e-10, 2.78261007985e-11, 1.2750590514e-11, 1.48137769412e-11, 7.58125940498e-12, 7.25656904357e-12, 7.02705775513e-12, 6.84863494041e-12, 6.67726941447e-12, 6.51035171953e-12, 6.38428242564e-12, 6.25461401421e-12, 6.16200493408e-12, 6.10274114229e-12, 6.06076083418e-12, 6.01347877743e-12],
        "min": [1.04579145344e-09, 1.79743864237e-08, 3.45069466334e-08, 2.45830932499e-07, 1.9687078634e-07, 4.06491693639e-07, 4.3389920279e-07, 9.39775986808e-07, 2.27976943279e-06, 2.18248601414e-06, 2.79377400147e-06, 2.19229877985e-06, 7.76949946157e-07, 5.53118582047e-07, 8.16774047507e-07, 9.35424623094e-07, 1.04015747127e-07, 7.35205276214e-07, 8.90610010629e-07, 5.15975045801e-07, 4.61708594912e-07, 2.64670120487e-07, 6.63588366479e-08, 1.57609846951e-07, 3.26746032897e-07, 1.65927556139e-08, 2.36327764469e-07, 2.54821230783e-07, 1.3187778336e-07, 9.84771659773e-08, 7.8606326781e-08, 7.60525225019e-08, 9.42121900493e-08, 2.05698711397e-07, 3.80758649499e-07, 8.41693719167e-08, 9.85945831644e-08, 7.57663869422e-08, 1.97452848738e-07, 7.03128307578e-07, 2.30846822546e-07, 8.42211775876e-08, 1.34023196097e-07, 2.27816627785e-07, 6.5502312907e-08, 8.1554041742e-08, 3.8132463942e-07, 1.70527840737e-07, 7.93409995481e-08, 2.30366509868e-07, 3.2346335388e-07, 2.29631439197e-07, 6.10520416444e-08, 9.64373754186e-08, 1.2246655956e-07, 1.06987748438e-07, 1.09825798233e-07, 1.20332117604e-07, 1.13209154051e-07, 2.46611673305e-08, 1.08955129363e-08, 1.35824196335e-08, 1.77903807241e-08, 1.14241295535e-07, 8.31588877759e-08, 9.50769845076e-08, 2.04284972938e-07, 5.50631789054e-08, 4.81665445307e-08, 9.39931332766e-09, 1.40920572989e-08, 2.11156017116e-08, 3.64719525692e-08, 1.29541906091e-08, 6.35963770534e-09, 1.35709772309e-08, 9.4732666156e-09, 5.40028288754e-09, 1.06657989107e-08, 4.66741534311e-09, 6.74167921488e-09, 8.98414409534e-09, 1.05875230805e-09, 4.93259211254e-09, 4.87731632859e-09, 5.69632430114e-09, 2.12270179212e-09, 4.66626426388e-09, 2.86267765048e-09, 3.80854192628e-09, 3.09353120898e-09, 2.89868262726e-09, 3.31930505304e-09, 1.19237086871e-09, 3.04984193455e-09, 1.69742642164e-09, 3.43906222944e-11, 1.00360865452e-10, 6.98990809678e-10, 3.97626043203e-10, 1.88828189196e-10, 2.56183130265e-10, 5.54170181966e-11, 6.30722751804e-10, 3.68858721345e-10, 3.19377496671e-10, 2.88186446928e-10, 2.14044365565e-10, 5.49278331152e-11, 2.89037439816e-11, 3.73310540466e-12, 4.30689365465e-13, 2.21964997381e-13, 1.82833444023e-13, 2.2945295837e-13, 2.28088218885e-13, 2.08903925517e-13, 2.19214091866e-13, 2.5225278138e-13, 1.8552097792e-13, 1.75195605636e-13, 2.35730868419e-13, 2.29339144247e-13, 2.21467443451e-13, 2.17763104098e-13, 2.28926307164e-13, 1.93598392526e-13, 1.89303135884e-13],
        "stdev": [1.1225983144e-05, 3.2431755244e-05, 8.52366210893e-05, 0.000182503601536, 0.000413728354033, 0.000350092479493, 0.000325307657477, 0.000477709661936, 0.00112627493218, 0.00217433599755, 0.00137882668059, 0.00123006675858, 0.000831336714327, 0.000416347233113, 0.000406454491895, 0.000457615882624, 0.000619804253802, 0.0010572692845, 0.000787063909229, 0.000518744171131, 0.000590308569372, 0.000843694899231, 0.000917962170206, 0.000498991343193, 0.00109347165562, 0.000868878036272, 0.000466765603051, 0.000858051935211, 0.000425919890404, 0.000411760789575, 0.000201026967261, 0.00029586465098, 0.000471842533443, 0.000229318335187, 0.00011343996448, 0.000240884444793, 0.000396583724068, 0.000217690743739, 0.000389057357097, 0.00022833168623, 0.000324694061419, 0.000233676517382, 9.63518250501e-05, 7.92810023995e-05, 0.000141928190715, 0.000115441682283, 0.000241113710217, 8.10904457467e-05, 9.56496733124e-05, 0.000139085954288, 0.000197287459741, 0.000171479565324, 0.000145226120367, 8.12201833469e-05, 0.000176936897333, 0.000110665998363, 0.000115677117719, 0.000154037683387, 6.10218266957e-05, 4.52505373687e-05, 2.97213573504e-05, 2.38354641624e-05, 3.92816618842e-05, 4.82544201077e-05, 0.000115110218758, 7.63268617447e-05, 7.49924147385e-05, 1.96853543457e-05, 1.06856514321e-05, 9.7173924587e-06, 1.27084367705e-05, 1.28513256641e-05, 8.46522561915e-06, 7.37595064493e-06, 8.48890340421e-06, 9.4677807283e-06, 1.22527508211e-05, 8.62426986714e-06, 9.44481689658e-06, 1.17301669889e-05, 7.32601711206e-06, 1.20864606288e-05, 5.7651991483e-06, 7.73966348788e-06, 9.36238302529e-06, 1.26141985675e-05, 1.41175405588e-05, 1.47042246681e-05, 1.84716082003e-05, 1.81417235581e-05, 1.52398342834e-05, 2.41542220465e-05, 3.56925193046e-05, 3.50526206603e-05, 3.14372991852e-05, 2.32014590438e-05, 1.72312720679e-05, 1.43460392792e-05, 1.14042786663e-05, 9.55812902248e-06, 7.50163098928e-06, 5.75585636398e-06, 3.60375406672e-06, 2.70503755928e-06, 2.16359808292e-06, 2.13531916415e-06, 1.93420032701e-06, 1.45501815041e-06, 8.18128853552e-07, 5.03324258716e-07, 1.86019406101e-07, 4.60536035973e-08, 4.61178117916e-09, 3.24964860576e-10, 1.49880274858e-10, 1.93085547551e-10, 1.24168661464e-10, 1.20617030253e-10, 1.15644105403e-10, 1.1205998629e-10, 1.08534438381e-10, 1.05100560199e-10, 1.0331071415e-10, 1.0111505383e-10, 9.91034754261e-11, 9.76885586312e-11, 9.68944854907e-11, 9.63380070163e-11]
    },
    "mfcc": {
        "mean": [-629.632202148, 120.15750885, -26.8710441589, 20.1187534332, -1.63026118279, -4.75969362259, -17.2875061035, 0.232441604137, -18.7988815308, -4.54994535446, -7.76066207886, -4.59839344025, -5.80427885056],
        "cov": [[1589.34558105, -862.74786377, 291.315246582, -215.604110718, 97.1606140137, 54.6731910706, -43.4284248352, 110.875144958, 29.2083530426, 8.70857524872, 33.2819824219, 62.124622345, 8.82075214386], [-862.74786377, 1173.87658691, -459.626434326, 44.8249130249, -99.7585067749, -114.039489746, 0.736389517784, 0.164907023311, -59.4851913452, 4.63308382034, 36.6812934875, -26.369260788, -32.8459739685], [291.315246582, -459.626434326, 589.958740234, -72.7275466919, 5.85464906693, 41.2961959839, 75.5341110229, -71.5026092529, 34.0746116638, 23.6612892151, -42.2656440735, 22.9437084198, 3.41437840462], [-215.604110718, 44.8249130249, -72.7275466919, 364.033935547, 111.83530426, 70.2445526123, -51.4577178955, -42.3327026367, 26.2935523987, 6.0065703392, -24.4296131134, -40.3835983276, 85.4426651001], [97.1606140137, -99.7585067749, 5.85464906693, 111.83530426, 228.349060059, 50.5438842773, -45.8561553955, -22.3295879364, 22.7914638519, 0.926361978054, -3.26787281036, 12.1475820541, 29.8580379486], [54.6731910706, -114.039489746, 41.2961959839, 70.2445526123, 50.5438842773, 187.440841675, 34.7394676208, -62.505115509, 6.71221828461, -25.5423660278, -11.0025644302, 17.1635093689, 44.2837562561], [-43.4284248352, 0.736389517784, 75.5341110229, -51.4577178955, -45.8561553955, 34.7394676208, 147.901687622, -6.19682836533, -4.00392436981, -18.3386707306, -16.2578735352, 7.81115102768, 6.70320987701], [110.875144958, 0.164907023311, -71.5026092529, -42.3327026367, -22.3295879364, -62.505115509, -6.19682836533, 188.726425171, 8.44587039948, -8.87147903442, 4.97998094559, 1.0696760416, -41.3785743713], [29.2083530426, -59.4851913452, 34.0746116638, 26.2935523987, 22.7914638519, 6.71221828461, -4.00392436981, 8.44587039948, 84.7973251343, 9.74340438843, 5.29686260223, -7.21332740784, -7.48088598251], [8.70857524872, 4.63308382034, 23.6612892151, 6.0065703392, 0.926361978054, -25.5423660278, -18.3386707306, -8.87147903442, 9.74340438843, 119.473716736, 34.673210144, -14.568025589, -8.9309091568], [33.2819824219, 36.6812934875, -42.2656440735, -24.4296131134, -3.26787281036, -11.0025644302, -16.2578735352, 4.97998094559, 5.29686260223, 34.673210144, 92.2528152466, 25.1120986938, -15.0901603699], [62.124622345, -26.369260788, 22.9437084198, -40.3835983276, 12.1475820541, 17.1635093689, 7.81115102768, 1.0696760416, -7.21332740784, -14.568025589, 25.1120986938, 96.2138824463, 5.11910152435], [8.82075214386, -32.8459739685, 3.41437840462, 85.4426651001, 29.8580379486, 44.2837562561, 6.70320987701, -41.3785743713, -7.48088598251, -8.9309091568, -15.0901603699, 5.11910152435, 110.705322266]],
        "icov": [[0.00143252615817, 0.000879894010723, -0.000109597043775, 0.00113572517876, -0.000539385073353, -0.000464282580651, 0.00071813876275, -0.00101730867755, 0.000116910967336, -0.000102497171611, -0.00066488084849, 0.000138468691148, -0.000916183751542], [0.000879894010723, 0.00208550598472, 0.00120349077042, 0.0001619408431, 0.000122610290418, 0.000727992970496, -0.000489619851578, 0.000222230155487, 0.000537638610695, -0.000232959981076, -0.000420080526965, -0.00021670870774, 0.000145281926962], [-0.000109597043775, 0.00120349077042, 0.00332841346972, 0.000129780295538, 0.000172262240085, 0.000703268800862, -0.00169039820321, 0.00164255418349, -0.000844021386001, -0.00121267803479, 0.00174064945895, -0.00110451679211, 0.000684977276251], [0.00113572517876, 0.0001619408431, 0.000129780295538, 0.00589266000316, -0.00199870229699, -0.00190013286192, 0.00210003741086, -0.00094877491938, -0.00140130345244, -0.000573186029214, 0.000340473809047, 0.00211526546627, -0.00396939041093], [-0.000539385073353, 0.000122610290418, 0.000172262240085, -0.00199870229699, 0.00622393144295, -0.000674533774145, 0.00126150110736, 0.000614122138359, -0.000916149932891, -0.000109492299089, 0.00061069172807, -0.00154114968609, 0.000444752629846], [-0.000464282580651, 0.000727992970496, 0.000703268800862, -0.00190013286192, -0.000674533774145, 0.008504293859, -0.00301393656991, 0.00280625768937, -0.000224611532758, 0.00140300032217, -0.000140142044984, -0.0014444750268, -0.000145000012708], [0.00071813876275, -0.000489619851578, -0.00169039820321, 0.00210003741086, 0.00126150110736, -0.00301393656991, 0.00981497298926, -0.00152030412573, -0.000309062103042, 0.000689690292347, 0.000561849155929, 0.000324644643115, -0.0019720015116], [-0.00101730867755, 0.000222230155487, 0.00164255418349, -0.00094877491938, 0.000614122138359, 0.00280625768937, -0.00152030412573, 0.00791807845235, -0.001083613839, 0.000620152626652, 0.00099459651392, -0.00100819475483, 0.00275103095919], [0.000116910967336, 0.000537638610695, -0.000844021386001, -0.00140130345244, -0.000916149932891, -0.000224611532758, -0.000309062103042, -0.001083613839, 0.0136681459844, -0.000269519194262, -0.00179223483428, 0.00123329216149, 0.00180894345976], [-0.000102497171611, -0.000232959981076, -0.00121267803479, -0.000573186029214, -0.000109492299089, 0.00140300032217, 0.000689690292347, 0.000620152626652, -0.000269519194262, 0.0109690846875, -0.00515863345936, 0.00273258052766, 0.000114349262731], [-0.00066488084849, -0.000420080526965, 0.00174064945895, 0.000340473809047, 0.00061069172807, -0.000140142044984, 0.000561849155929, 0.00099459651392, -0.00179223483428, -0.00515863345936, 0.0159313511103, -0.00523171946406, 0.00171719724312], [0.000138468691148, -0.00021670870774, -0.00110451679211, 0.00211526546627, -0.00154114968609, -0.0014444750268, 0.000324644643115, -0.00100819475483, 0.00123329216149, 0.00273258052766, -0.00523171946406, 0.0138178169727, -0.00212514773011], [-0.000916183751542, 0.000145281926962, 0.000684977276251, -0.00396939041093, 0.000444752629846, -0.000145000012708, -0.0019720015116, 0.00275103095919, 0.00180894345976, 0.000114349262731, 0.00171719724312, -0.00212514773011, 0.013741068542]]
    },
    "spectral_contrast_coeffs": {
        "max": [-0.383121728897, -0.430576920509, -0.502593696117, -0.5441583395, -0.520081222057, -0.588452517986],
        "mean": [-0.632422566414, -0.729139626026, -0.725982010365, -0.734395027161, -0.712504267693, -0.739231228828],
        "min": [-0.879788219929, -0.902554452419, -0.93138217926, -0.870030641556, -0.850538611412, -0.870132923126],
        "stdev": [0.0738461390138, 0.0653181225061, 0.0684744492173, 0.055421795696, 0.0606418512762, 0.0398593172431]
    },
    "spectral_contrast_valleys": {
        "max": [-5.67620754242, -5.04782962799, -5.66452121735, -6.14121198654, -5.97303152084, -7.16756010056],
        "mean": [-7.12086248398, -6.58008003235, -7.50871086121, -7.56342411041, -7.69076919556, -10.5409698486],
        "min": [-9.0797328949, -8.34796142578, -9.04203033447, -8.71908664703, -9.26151752472, -12.3934230804],
        "stdev": [0.576155364513, 0.467927068472, 0.462182462215, 0.389914661646, 0.451621264219, 0.986286759377]
    }
},
"rhythm": {
    "beats_count": 69,
    "beats_loudness": {
        "max": 0.0572850629687,
        "mean": 0.0256025400013,
        "min": 0.0032634602394,
        "stdev": 0.0112542780116
    },
    "bpm": 153.176864624,
    "bpm_histogram_first_peak_bpm": 152,
    "bpm_histogram_first_peak_weight": 0.153846144676,
    "bpm_histogram_second_peak_bpm": 157,
    "bpm_histogram_second_peak_spread": 0,
    "bpm_histogram_second_peak_weight": 0.205882355571,
    "danceability": 1.25753128529,
    "onset_rate": 2.98388648033,
    "beats_loudness_band_ratio": {
        "max": [0.678235173225, 0.756905734539, 0.681597828865, 0.514121413231, 0.502135515213, 0.787136971951],
        "mean": [0.136191681027, 0.301158696413, 0.2299785465, 0.157206624746, 0.144434764981, 0.0946358516812],
        "min": [0.00231986003928, 0.032955609262, 0.0276084877551, 0.0197510235012, 0.0254550669342, 0.00464938674122],
        "stdev": [0.117088228464, 0.180437773466, 0.145982310176, 0.132338911295, 0.122466251254, 0.145276471972]
    },
    "beats_position": [0.603718817234, 1.20743763447, 1.8111563921, 2.41487526894, 3.01859402657, 3.61070299149, 4.20281171799, 4.79492044449, 5.38702917099, 5.99074840546, 6.58285713196, 7.17496585846, 7.77868461609, 8.38240337372, 8.93968200684, 9.4853515625, 10.0310201645, 10.5766887665, 11.1223583221, 11.6680269241, 12.2253055573, 12.7593650818, 13.3050336838, 13.8158731461, 14.3151016235, 14.8143310547, 15.2903394699, 15.7895689011, 16.2771873474, 16.6719264984, 17.0782756805, 17.4846248627, 17.8793640137, 18.2741031647, 18.6688423157, 19.0635814667, 19.4467124939, 19.8298416138, 20.2129707336, 20.6077098846, 20.9908390045, 21.3971881866, 21.7919273376, 22.1982765198, 22.5814056396, 22.9645347595, 23.3592739105, 23.7540130615, 24.1371421814, 24.5202713013, 24.9150104523, 25.3097496033, 25.7044887543, 26.0992279053, 26.4823570251, 26.865486145, 27.2602272034, 27.6549663544, 28.0497055054, 28.4444446564, 28.8391838074, 29.2223129272, 29.6054420471, 30.0001811981, 30.3949203491, 30.7896595001, 31.17278862, 31.5559177399, 31.9506568909],
