{
"metadata": {
    "version": {
        "essentia": "2.1-beta5",
        "essentia_git_sha": "Undefined",
        "extractor": "music 2.0"
    },
    "audio_properties": {
        "analysis": {
            "equal_loudness": 0,
            "length": 22.3259868622,
            "sample_rate": 44100,
            "start_time": 142.744674683,
            "downmix": "mix"
        },
        "bit_rate": 192000,
        "length": 165.09387207,
        "lossless": 0,
        "number_channels": 2,
        "replay_gain": -7.8356552124,
        "sample_rate": 44100,
        "codec": "mp3",
        "md5_encoded": "8529de33da1a34ac39afe8086568242d"
    },
    "tags": {
        "file_name": "Netherlands__t Is Ok_Harmony.mp3",
        "encoding": ["Lavf58.29.100"]
    }
},
"lowlevel": {
    "average_loudness": 0.93631118536,
    "barkbands_crest": {
        "max": 22.3421478271,
        "mean": 6.13359689713,
        "min": 2.77522873878,
        "stdev": 2.19900798798
    },
    "barkbands_flatness_db": {
        "max": 0.187850862741,
        "mean": 0.111987955868,
        "min": 0.0497437529266,
        "stdev": 0.019033709541
    },
    "barkbands_kurtosis": {
        "max": 9.78057956696,
        "mean": 0.454128444195,
        "min": -1.71577322483,
        "stdev": 1.47611343861
    },
    "barkbands_skewness": {
        "max": 2.62143540382,
        "mean": 0.0467657111585,
        "min": -3.22487211227,
        "stdev": 0.567439675331
    },
    "barkbands_spread": {
        "max": 75.1313247681,
        "mean": 21.6650562286,
        "min": 7.68632030487,
        "stdev": 8.43051719666
    },
    "dissonance": {
        "max": 0.499999970198,
        "mean": 0.485184371471,
        "min": 0.40331158042,
        "stdev": 0.0147032178938
    },
    "dynamic_complexity": 2.779692173,
    "erbbands_crest": {
        "max": 25.4607086182,
        "mean": 7.88085603714,
        "min": 3.45179772377,
        "stdev": 2.82752275467
    },
    "erbbands_flatness_db": {
        "max": 0.251093775034,
        "mean": 0.192578166723,
        "min": 0.088153026998,
        "stdev": 0.0241102799773
    },
    "erbbands_kurtosis": {
        "max": 13.4606342316,
        "mean": 0.639432489872,
        "min": -1.52713668346,
        "stdev": 1.33291089535
    },
    "erbbands_skewness": {
        "max": 1.23043239117,
        "mean": 0.215504094958,
        "min": -3.24894666672,
        "stdev": 0.522109866142
    },
    "erbbands_spread": {
        "max": 98.756439209,
        "mean": 23.7002754211,
        "min": 7.90850973129,
        "stdev": 10.2634649277
    },
    "hfc": {
        "max": 125.058265686,
        "mean": 29.8555107117,
        "min": 2.05890398064e-08,
        "stdev": 23.1875133514
    },
    "loudness_ebu128": {
        "integrated": -16.6842536926,
        "loudness_range": 3.51048469543,
        "momentary": {
            "max": -13.3402843475,
            "mean": -17.767583847,
            "min": -30.1523838043,
            "stdev": 3.5066845417
        },
        "short_term": {
            "max": -14.2706794739,
            "mean": -16.8653411865,
            "min": -23.8623523712,
            "stdev": 1.68211758137
        }
    },
    "melbands_crest": {
        "max": 20.5441436768,
        "mean": 7.34596538544,
        "min": 3.08805036545,
        "stdev": 2.98258852959
    },
    "melbands_flatness_db": {
        "max": 0.229527011514,
        "mean": 0.0920468643308,
        "min": 0.0225667953491,
        "stdev": 0.03384629637
    },
    "melbands_kurtosis": {
        "max": 27.8658504486,
        "mean": 1.32858204842,
        "min": -1.75178956985,
        "stdev": 2.06354427338
    },
    "melbands_skewness": {
        "max": 4.94688844681,
        "mean": 0.522487223148,
        "min": -1.14612460136,
        "stdev": 0.810162961483
    },
    "melbands_spread": {
        "max": 196.520889282,
        "mean": 43.4975547791,
        "min": 10.9434318542,
        "stdev": 17.3703022003
    },
    "pitch_salience": {
        "max": 0.881715297699,
        "mean": 0.671907663345,
        "min": 0.305657416582,
        "stdev": 0.121189780533
    },
    "silence_rate_20dB": {
        "max": 1,
        "mean": 1,
        "min": 1,
        "stdev": 0
    },
    "silence_rate_30dB": {
        "max": 1,
        "mean": 1,
        "min": 1,
        "stdev": 0
    },
    "silence_rate_60dB": {
        "max": 1,
        "mean": 0.140186920762,
        "min": 0,
        "stdev": 0.3471814394
    },
    "spectral_centroid": {
        "max": 4989.40136719,
        "mean": 2329.68725586,
        "min": 867.64465332,
        "stdev": 492.237701416
    },
    "spectral_complexity": {
        "max": 55,
        "mean": 26.8587741852,
        "min": 0,
        "stdev": 11.3852024078
    },
    "spectral_decrease": {
        "max": -3.09983091121e-19,
        "mean": -3.40992656334e-09,
        "min": -1.20057519482e-08,
        "stdev": 2.30891039621e-09
    },
    "spectral_energy": {
        "max": 0.0524752922356,
        "mean": 0.0155778303742,
        "min": 3.03743922375e-12,
        "stdev": 0.010388892144
    },
    "spectral_energyband_high": {
        "max": 0.012835198082,
        "mean": 0.00151561258826,
        "min": 1.34608209995e-12,
        "stdev": 0.00154345599003
    },
    "spectral_energyband_low": {
        "max": 0.0186448860914,
        "mean": 0.000709087296855,
        "min": 2.54350170483e-14,
        "stdev": 0.00166571536101
    },
    "spectral_energyband_middle_high": {
        "max": 0.0407211817801,
        "mean": 0.00984582770616,
        "min": 5.37308370539e-13,
        "stdev": 0.00773749686778
    },
    "spectral_energyband_middle_low": {
        "max": 0.0378136634827,
        "mean": 0.0038186723832,
        "min": 9.18722454883e-13,
        "stdev": 0.00469442689791
    },
    "spectral_entropy": {
        "max": 8.68327522278,
        "mean": 7.89049100876,
        "min": 7.1948223114,
        "stdev": 0.266462981701
    },
    "spectral_flux": {
        "max": 0.200542375445,
        "mean": 0.0728776603937,
        "min": 0.000127624080051,
        "stdev": 0.0301826298237
    },
    "spectral_kurtosis": {
        "max": 8.83024978638,
        "mean": 3.35703516006,
        "min": -0.887058496475,
        "stdev": 1.19547021389
    },
    "spectral_rms": {
        "max": 0.00715509662405,
        "mean": 0.003639140632,
        "min": 5.44367111388e-08,
        "stdev": 0.00139805604704
    },
    "spectral_rolloff": {
        "max": 15417.7734375,
        "mean": 3202.07543945,
        "min": 279.931640625,
        "stdev": 1259.04406738
    },
    "spectral_skewness": {
        "max": 2.04538798332,
        "mean": 1.36673414707,
        "min": 0.376534670591,
        "stdev": 0.268177866936
    },
    "spectral_spread": {
        "max": 10858365,
        "mean": 4060441.5,
        "min": 2529076.25,
        "stdev": 832232.4375
    },
    "spectral_strongpeak": {
        "max": 12.3979310989,
        "mean": 1.53217375278,
        "min": 2.20700098907e-06,
        "stdev": 1.38922059536
    },
    "zerocrossingrate": {
        "max": 0.29345703125,
        "mean": 0.111968010664,
        "min": 0.029296875,
        "stdev": 0.035131085664
    },
    "barkbands": {
        "max": [0.000109755826998, 0.00776126002893, 0.0132924821228, 0.0169998053461, 0.0257366579026, 0.00731647992507, 0.0175636895001, 0.00990622583777, 0.0152771892026, 0.0155530804768, 0.0107541503385, 0.0157244391739, 0.0130427489057, 0.0103725381196, 0.0116255320609, 0.0144497472793, 0.0124452114105, 0.0154607500881, 0.00450781267136, 0.0123869199306, 0.0024129638914, 0.00384518527426, 0.00209819362499, 0.00214598281309, 0.003255400341, 0.000425167119829, 5.65453819945e-06],
        "mean": [7.45481111153e-06, 0.000190076912986, 0.000351417169441, 0.000315463956213, 0.00102807430085, 0.000446349906269, 0.000575016078074, 0.000588604947552, 0.000675276736729, 0.000676471798215, 0.000813382561319, 0.000831540906802, 0.00107910961378, 0.000965323008131, 0.00124460540246, 0.00149732083082, 0.0013004373759, 0.000743470387533, 0.000530340359546, 0.000503577815834, 0.00033552228706, 0.000327212474076, 0.00020410817524, 0.000186526740436, 0.000139016570756, 2.21289901674e-05, 6.41360164977e-09],
        "min": [1.14341875405e-14, 1.34616286624e-14, 4.46473819355e-15, 3.55133809729e-15, 5.2314801254e-14, 1.54352672679e-13, 7.65258489173e-14, 4.37543827125e-13, 1.94347671094e-13, 7.03579341428e-16, 8.77144121496e-15, 2.98819129163e-14, 7.58241600475e-14, 5.022359888e-14, 3.4934935397e-14, 8.23686483061e-14, 5.97321400241e-14, 9.78731798298e-14, 6.02426637221e-14, 1.17393846922e-13, 1.17241394544e-13, 7.62794843024e-14, 1.38430079574e-13, 2.20765964645e-13, 2.04700731192e-13, 2.70557149818e-13, 2.73532363209e-13],
        "stdev": [1.23671870824e-05, 0.000552764569875, 0.00100633129478, 0.000940923695453, 0.00178407249041, 0.00073426112067, 0.00136399152689, 0.0011054497445, 0.00143874646164, 0.0015463050222, 0.00138780614361, 0.0013193404302, 0.00149037933443, 0.00121619459242, 0.00147241505329, 0.00170912651811, 0.00153726874851, 0.00100418459624, 0.000581792322919, 0.000708859239239, 0.000350765971234, 0.000377758813556, 0.000263539346633, 0.000269568379736, 0.000243578557274, 3.66455751646e-05, 1.82106006719e-07]
    },
    "erbbands": {
        "max": [0.108515948057, 2.05998969078, 10.392572403, 42.3045043945, 94.8872680664, 51.6998062134, 61.9009284973, 65.5152893066, 224.055526733, 232.99961853, 258.411254883, 435.168273926, 433.633789062, 624.875854492, 566.401184082, 792.808898926, 669.21685791, 482.566009521, 726.43536377, 627.57989502, 657.163574219, 633.971313477, 1040.28869629, 282.448699951, 215.049362183, 621.44934082, 181.500579834, 108.512535095, 160.244155884, 60.575050354, 73.0406112671, 49.6458015442, 40.7527427673, 68.6096420288, 11.3422555923, 3.63772583008, 0.161284327507, 0.00397146632895, 0.000826715899166, 0.000110968117951],
        "mean": [0.00387380458415, 0.052662294358, 0.315457612276, 0.867700457573, 2.32942819595, 3.18544316292, 3.66409754753, 4.00160980225, 7.72604942322, 10.5799913406, 12.2690944672, 18.9203453064, 16.6019973755, 22.3992519379, 37.9926185608, 40.7205047607, 52.1636352539, 48.845035553, 60.8764648438, 74.4140853882, 81.5951766968, 64.8647842407, 46.9725761414, 30.0740795135, 24.349029541, 26.8336544037, 15.9738922119, 13.203327179, 11.485077858, 7.89056587219, 5.65934705734, 4.15508460999, 2.94776511192, 1.85307955742, 0.818254947662, 0.229489713907, 0.0119390115142, 0.000335290387738, 3.79030643671e-05, 2.60942124441e-05],
        "min": [5.73220507519e-13, 2.39491803125e-12, 5.09175080571e-12, 9.5813452658e-12, 3.24793004991e-11, 1.95325464136e-10, 8.26217205763e-10, 1.31345445631e-09, 7.02183533541e-10, 4.59002258424e-09, 9.72053459947e-09, 4.81421480458e-09, 3.41966205353e-10, 1.7118144402e-10, 5.92569993074e-10, 1.37969102809e-09, 2.71408451269e-09, 3.25594329276e-09, 1.992321641e-09, 2.9577391647e-09, 3.86438880895e-09, 3.96777588563e-09, 5.34935651331e-09, 3.11724424051e-09, 3.35486549652e-09, 5.45227507587e-09, 5.65324409507e-09, 4.14791578862e-09, 3.13537507068e-09, 3.2889821977e-09, 4.09122735689e-09, 2.26129714953e-09, 4.67083527411e-09, 2.34062258464e-09, 1.74144454412e-09, 6.39475195019e-10, 7.03309854799e-10, 1.48180578918e-10, 3.98261111589e-11, 4.44591976081e-12],
        "stdev": [0.0100813116878, 0.148208841681, 0.833723902702, 2.39268827438, 4.87356090546, 5.82734775543, 7.02939224243, 6.6248998642, 18.258272171, 22.2098178864, 21.4000263214, 39.1831741333, 37.9442520142, 47.644821167, 64.3403015137, 65.9125747681, 72.3422775269, 55.2329368591, 75.8898239136, 80.2636413574, 92.3008499146, 75.1944656372, 62.8432655334, 34.8805274963, 26.3815860748, 38.0739479065, 18.2585430145, 14.109869957, 13.4761180878, 9.13216209412, 7.51480484009, 5.73721170425, 4.62226009369, 3.83639621735, 1.29822182655, 0.360793828964, 0.0200884789228, 0.00053339934675, 5.01705399074e-05, 1.8713713871e-05]
    },
    "gfcc": {
        "mean": [-5.59893608093, 49.1452293396, -178.144470215, 39.6498374939, -66.7978897095, 27.1320858002, -49.8275680542, 6.01088619232, -28.3236713409, -3.61904549599, -18.5892314911, -7.42101669312, -6.34855508804],
        "cov": [[4754.45361328, 93.4707183838, 19.5434970856, 17.658575058, -107.217140198, 58.1491241455, 33.5491600037, 140.346832275, -107.533882141, 62.5537147522, -39.1223526001, 71.1800231934, 31.4471893311], [93.4707183838, 2021.01940918, 49.7646064758, -25.2301769257, -470.104064941, -726.623352051, 182.205368042, -341.991485596, 43.1561584473, -218.390136719, 215.968215942, -237.544311523, 58.0427589417], [19.5434970856, 49.7646064758, 341.334259033, 57.4621009827, -1.91827535629, 8.12829780579, -21.6587638855, 59.0643043518, -25.9950656891, 51.7533798218, -24.4086170197, 36.8586196899, -17.6597595215], [17.658575058, -25.2301769257, 57.4621009827, 147.794677734, 79.0202941895, 69.3153991699, 44.7158966064, 10.8596343994, 20.5506362915, -13.6187582016, 3.74148869514, 16.6352806091, 10.0156574249], [-107.217140198, -470.104064941, -1.91827535629, 79.0202941895, 250.803543091, 262.283294678, -4.72315502167, 96.7997360229, 4.97865867615, 41.3168678284, -54.5022087097, 61.247844696, -16.3128051758], [58.1491241455, -726.623352051, 8.12829780579, 69.3153991699, 262.283294678, 392.888275146, -6.59710550308, 140.211578369, -10.4344930649, 67.3963623047, -81.9524612427, 90.6118545532, -20.8802700043], [33.5491600037, 182.205368042, -21.6587638855, 44.7158966064, -4.72315502167, -6.59710550308, 121.41809082, -12.2054815292, 18.1948757172, -31.5782794952, 32.3026618958, -19.7783870697, 11.8743867874], [140.346832275, -341.991485596, 59.0643043518, 10.8596343994, 96.7997360229, 140.211578369, -12.2054815292, 143.684249878, 12.0981960297, 63.7641639709, -42.3105964661, 57.709022522, -19.303194046], [-107.533882141, 43.1561584473, -25.9950656891, 20.5506362915, 4.97865867615, -10.4344930649, 18.1948757172, 12.0981960297, 75.4549026489, 10.0210237503, 22.1154937744, -2.03073477745, 3.33792638779], [62.5537147522, -218.390136719, 51.7533798218, -13.6187582016, 41.3168678284, 67.3963623047, -31.5782794952, 63.7641639709, 10.0210237503, 95.1829223633, -6.41824150085, 45.0128479004, -11.2426404953], [-39.1223526001, 215.968215942, -24.4086170197, 3.74148869514, -54.5022087097, -81.9524612427, 32.3026618958, -42.3105964661, 22.1154937744, -6.41824150085, 86.6222076416, -11.5431785583, 15.9206771851], [71.1800231934, -237.544311523, 36.8586196899, 16.6352806091, 61.247844696, 90.6118545532, -19.7783870697, 57.709022522, -2.03073477745, 45.0128479004, -11.5431785583, 83.7456283569, 9.74861431122], [31.4471893311, 58.0427589417, -17.6597595215, 10.0156574249, -16.3128051758, -20.8802700043, 11.8743867874, -19.303194046, 3.33792638779, -11.2426404953, 15.9206771851, 9.74861431122, 45.9370994568]],
        "icov": [[0.000334888725774, -0.00059276225511, 0.000770037586335, -0.000845447997563, 0.00103491533082, -0.000895924982615, 0.000518630258739, -0.00115534488577, 0.00113231467549, -0.000874129647855, 0.000525672163349, -0.000430729327491, -4.61839372292e-05], [-0.00059276225511, 0.00513111473992, -0.00434744311497, 0.00315740564838, -0.00338486861438, 0.00695762038231, -0.00524967815727, 0.00493421079591, -0.00392630835995, 0.00480627641082, -0.00355573743582, 0.00361355976202, -0.00111924973316], [0.000770037586335, -0.00434744311497, 0.00905509013683, -0.00762862805277, 0.0054443385452, -0.00454570818692, 0.00481929676607, -0.00700387684628, 0.00720539456233, -0.00760601367801, 0.00455100135878, -0.0039754207246, 0.00266993348487], [-0.000845447997563, 0.00315740564838, -0.00762862805277, 0.0172593314201, -0.00909423362464, 0.00356351002119, -0.00660938443616, 0.00723569840193, -0.0086507126689, 0.00874368660152, -0.0040004090406, 0.000736803165637, -0.00296857650392], [0.00103491533082, -0.00338486861438, 0.0054443385452, -0.00909423362464, 0.0199311338365, -0.0135484598577, 0.00520055694506, -0.00624433951452, 0.00369826285169, -0.00433845631778, 0.00342349824496, -0.00287632131949, 0.00268880557269], [-0.000895924982615, 0.00695762038231, -0.00454570818692, 0.00356351002119, -0.0135484598577, 0.0210147257894, -0.00928147137165, 0.00437052128837, -0.0026352906134, 0.00397287448868, -0.000968152133282, 0.00148723786697, -0.000542012392543], [0.000518630258739, -0.00524967815727, 0.00481929676607, -0.00660938443616, 0.00520055694506, -0.00928147137165, 0.0180462952703, -0.00802075862885, 0.00324191898108, -0.000979363103397, -0.00191788654774, 0.00031197106, -0.000712208042387], [-0.00115534488577, 0.00493421079591, -0.00700387684628, 0.00723569840193, -0.00624433951452, 0.00437052128837, -0.00802075862885, 0.0240119565278, -0.0105276601389, 0.000687438296154, 0.00160285434686, -0.00275388802402, 0.0031809003558], [0.00113231467549, -0.00392630835995, 0.00720539456233, -0.0086507126689, 0.00369826285169, -0.0026352906134, 0.00324191898108, -0.0105276601389, 0.0235965605825, -0.00903410837054, -0.000499781628605, -2.02168375836e-05, -5.25265786564e-05], [-0.000874129647855, 0.00480627641082, -0.00760601367801, 0.00874368660152, -0.00433845631778, 0.00397287448868, -0.000979363103397, 0.000687438296154, -0.00903410837054, 0.0273458920419, -0.00942890904844, -0.00224672909826, 0.00159607292153], [0.000525672163349, -0.00355573743582, 0.00455100135878, -0.0040004090406, 0.00342349824496, -0.000968152133282, -0.00191788654774, 0.00160285434686, -0.000499781628605, -0.00942890904844, 0.023474747315, -0.00642312364653, -0.000344366242643], [-0.000430729327491, 0.00361355976202, -0.0039754207246, 0.000736803165637, -0.00287632131949, 0.00148723786697, 0.00031197106, -0.00275388802402, -2.02168375836e-05, -0.00224672909826, -0.00642312364653, 0.0283304452896, -0.0118776401505], [-4.61839372292e-05, -0.00111924973316, 0.00266993348487, -0.00296857650392, 0.00268880557269, -0.000542012392543, -0.000712208042387, 0.0031809003558, -5.25265786564e-05, 0.00159607292153, -0.000344366242643, -0.0118776401505, 0.030151989311]]
    },
    "melbands": {
        "max": [0.00171043234877, 0.00368636730127, 0.00618286943063, 0.00608640769497, 0.00265757273883, 0.00135826936457, 0.00372582324781, 0.00241575646214, 0.00191891950089, 0.00295502739027, 0.00232823938131, 0.0026500353124, 0.00155978987459, 0.00154756195843, 0.00160786171909, 0.00142187380698, 0.00110435427632, 0.00129024183843, 0.000804107869044, 0.00112333172001, 0.000927668530494, 0.000798829714768, 0.000452497886727, 0.000966409104876, 0.000276054866845, 0.000165001416462, 0.00012693516328, 0.000591337273363, 0.000185900455108, 7.97269603936e-05, 9.40680038184e-05, 0.000145623009303, 3.62640203093e-05, 4.1367879021e-05, 4.40418007202e-05, 3.49317524524e-05, 3.55153570126e-05, 2.81161610474e-05, 4.31072548963e-05, 6.9895562774e-05],
        "mean": [4.49725266662e-05, 0.000137108378112, 0.000188761478057, 0.000203829797101, 0.000137703988003, 9.0465437097e-05, 0.000117561758088, 0.000118579911941, 0.000100599434518, 0.00011237255967, 8.08513141237e-05, 8.76762132975e-05, 0.000121401586512, 9.94975780486e-05, 0.000107037580165, 0.000105006620288, 9.02632600628e-05, 9.44851344684e-05, 9.46399595705e-05, 0.00010674832447, 9.49939640122e-05, 6.99877127772e-05, 5.56087579753e-05, 3.27020243276e-05, 2.34298149735e-05, 1.82909243449e-05, 1.53032870003e-05, 1.84649561561e-05, 9.97531424218e-06, 8.57038685353e-06, 7.70038877818e-06, 7.08990774001e-06, 5.09790879732e-06, 4.02777141062e-06, 3.32311401507e-06, 2.76914602182e-06, 2.44836155616e-06, 2.11539349948e-06, 1.79387950539e-06, 1.48918684317e-06],
        "min": [4.97459739417e-15, 2.80700874193e-15, 2.07709736963e-15, 7.10772112282e-15, 2.54099550374e-14, 2.87654692817e-14, 1.13480070203e-14, 6.22583852961e-14, 7.79529503556e-14, 2.46133967835e-14, 6.29019213307e-16, 5.47021500633e-16, 1.53841437897e-15, 3.0881319891e-15, 5.68080941988e-15, 6.88124526503e-15, 5.79822978571e-15, 3.184910162e-15, 2.77482593685e-15, 5.33316888712e-15, 4.20819859536e-15, 3.4041428293e-15, 4.99956284326e-15, 4.40218650446e-15, 2.10858052549e-15, 3.01165783121e-15, 1.90436659938e-15, 4.22978565354e-15, 3.86728138662e-15, 2.66634155686e-15, 2.33953591702e-15, 1.7694372155e-15, 1.58964261398e-15, 1.94272109826e-15, 2.53780113074e-15, 1.7706180853e-15, 1.16503357373e-15, 3.14253352717e-15, 3.37854041144e-15, 1.43697847776e-15],
        "stdev": [0.00013055242016, 0.000332308467478, 0.00041252237861, 0.000376858835807, 0.000250245764619, 0.000148317645653, 0.000281924614683, 0.000243587273872, 0.000166828613146, 0.00024355565256, 0.00019739412528, 0.000202857947443, 0.000205115808058, 0.000150518695591, 0.000142893462908, 0.000139836323797, 0.000111834408017, 0.000125639489852, 0.000109632826934, 0.000119518525025, 0.000115176189865, 8.84722248884e-05, 6.35000542388e-05, 5.31328150828e-05, 2.9529850508e-05, 2.14286283153e-05, 1.66430418176e-05, 3.05290705001e-05, 1.35218042487e-05, 1.00536499303e-05, 9.53393737291e-06, 9.80248023552e-06, 5.63583398616e-06, 5.04806257595e-06, 4.50100378657e-06, 3.91352614315e-06, 3.50095615431e-06, 3.3610212995e-06, 3.17959143104e-06, 3.39669577443e-06]
    },
    "melbands128": {
        "max": [8.88766153366e-05, 0.000432310305769, 0.00281070685014, 0.00384006183594, 0.00384393450804, 0.00717538315803, 0.0102498037741, 0.006526757963, 0.0121546750888, 0.00754323881119, 0.00321832438931, 0.00547074247152, 0.00318348780274, 0.00177938246634, 0.00192972784862, 0.00203658686951, 0.00371065293439, 0.00676605198532, 0.00447120377794, 0.00382353039458, 0.00311117735691, 0.00245351577178, 0.00305995461531, 0.00228978740051, 0.00388290733099, 0.00525044137612, 0.00505254324526, 0.00394240580499, 0.00503357918933, 0.00440949155018, 0.00458857044578, 0.000981939374469, 0.0029014183674, 0.00411259429529, 0.000882913824171, 0.00257561914623, 0.00484457286075, 0.00134356459603, 0.00303244707175, 0.00215571769513, 0.0028413340915, 0.000802994705737, 0.00132527132519, 0.00279761431739, 0.00150088197552, 0.00284745520912, 0.00240075890906, 0.00135944678914, 0.000960736360867, 0.00206972518936, 0.00103870092425, 0.00157478929032, 0.00159497407731, 0.00154288881458, 0.00165457348339, 0.00104588549584, 0.000802689406555, 0.00110335438512, 0.000720704323612, 0.00195277447347, 0.00139845977537, 0.000700363423675, 0.00046691505122, 0.000347756023984, 0.000376338488422, 0.000168556536664, 0.000347233435605, 0.000276926672086, 0.000249067525147, 0.000461554504, 0.0003753748897, 0.00143435189966, 0.000150469626533, 0.000151833475684, 0.000133658613777, 0.000185011944268, 0.000126024329802, 7.250343333e-05, 7.21503965906e-05, 0.000265060574748, 0.000409166619647, 6.17124605924e-05, 7.79649999458e-05, 5.29498356627e-05, 4.908349365e-05, 5.63567409699e-05, 4.37977687398e-05, 5.09307501488e-05, 6.85923587298e-05, 5.94494813413e-05, 4.65734919999e-05, 3.35426557285e-05, 3.37497149303e-05, 4.74735425087e-05, 3.27975321852e-05, 4.51075138699e-05, 2.94229594147e-05, 2.79410996882e-05, 3.47777677234e-05, 7.11471220711e-05, 0.000102452999272, 9.3494389148e-05, 1.82458516065e-05, 1.95450702449e-05, 1.56497044372e-05, 1.32259401653e-05, 1.40753736559e-05, 1.10458777272e-05, 8.49750449561e-06, 4.10286202168e-06, 1.78721791144e-06, 6.57464340748e-07, 3.98218240605e-08, 3.62364716011e-08, 3.34598375673e-08, 3.11894439164e-08, 2.93738171564e-08, 2.77811427196e-08, 2.6463480296e-08, 2.53307970155e-08, 2.43339552952e-08, 2.3469569399e-08, 2.27471552705e-08, 2.21767937347e-08, 2.17018705229e-08, 2.13383888337e-08, 2.1057823929e-08, 2.0887082286e-08],
        "mean": [5.39653547094e-06, 2.17920223804e-05, 6.3008563302e-05, 8.66603659233e-05, 0.000130903921672, 0.00018717617786, 0.000173090476892, 0.000155150628416, 0.000267126131803, 0.000209617079236, 0.00015984007041, 0.000190306411241, 0.000130836575408, 7.2982016718e-05, 8.59334759298e-05, 9.68914755504e-05, 0.000120699434774, 0.000132120097987, 9.63577840594e-05, 0.000126734070363, 0.000126341008581, 0.000100186487543, 9.526523354e-05, 8.60251893755e-05, 0.00016622125986, 0.000102639583929, 4.68266080134e-05, 9.49039385887e-05, 8.29597338452e-05, 0.000105464168882, 7.67324818298e-05, 7.17360017006e-05, 0.000146908918396, 0.000155194298713, 6.08595073572e-05, 9.275762568e-05, 0.000147872866364, 5.816842895e-05, 0.000133162073325, 0.000134363523102, 9.15240525501e-05, 7.63577772886e-05, 7.77635141276e-05, 0.000119302843814, 7.73982101236e-05, 8.88211579877e-05, 0.000114460563054, 8.90702212928e-05, 7.65941658756e-05, 0.00012332618644, 0.000101155645098, 0.000113132518891, 8.5147403297e-05, 9.06743953237e-05, 0.000108127198473, 5.2003935707e-05, 5.45747643628e-05, 7.25170611986e-05, 4.70224222227e-05, 4.27570375905e-05, 3.08265844069e-05, 2.68469557341e-05, 2.83012177533e-05, 2.13993153011e-05, 1.73509688466e-05, 1.56904097821e-05, 2.41146717599e-05, 1.25102615129e-05, 1.13245769171e-05, 2.05524684134e-05, 2.23441893468e-05, 1.64834709722e-05, 1.05666067611e-05, 8.8320193754e-06, 8.12323378341e-06, 1.08013055069e-05, 7.37891923563e-06, 6.09367180004e-06, 7.25352856534e-06, 1.04032224044e-05, 7.62634817875e-06, 5.59066484129e-06, 5.75776766709e-06, 4.97451128467e-06, 4.73250111099e-06, 4.37998733105e-06, 3.78364302378e-06, 3.31149635713e-06, 3.43643318956e-06, 3.22296409649e-06, 2.84133398054e-06, 2.65637322627e-06, 2.6168918339e-06, 2.50392895396e-06, 2.28972453442e-06, 2.20581864596e-06, 2.11599081013e-06, 1.94650738194e-06, 1.82314113317e-06, 1.65505980476e-06, 1.72587886027e-06, 1.47403102346e-06, 1.23207291836e-06, 1.00168722383e-06, 9.19993794923e-07, 8.17587874735e-07, 7.16613726581e-07, 5.32409615062e-07, 3.83617617672e-07, 2.44915753456e-07, 8.1423706888e-08, 9.46458023066e-09, 1.80989487286e-10, 4.82882830943e-11, 3.77885708835e-11, 3.5163830181e-11, 3.31594335323e-11, 3.14032688742e-11, 2.99548823246e-11, 2.87107837504e-11, 2.76098137408e-11, 2.66575962693e-11, 2.58520704843e-11, 2.52122177302e-11, 2.46890789063e-11, 2.42897958691e-11, 2.3979750477e-11, 2.37851405238e-11],
        "min": [5.71950654359e-15, 5.49964262499e-15, 4.80069348329e-15, 3.72914301842e-15, 2.73192011819e-15, 2.14298996842e-15, 1.84869366485e-15, 1.76787867487e-15, 2.59982638885e-15, 5.36647549315e-15, 1.0295612629e-14, 1.77754912298e-14, 2.80477528545e-14, 3.7203218479e-14, 3.50143328773e-14, 2.26643892185e-14, 9.50125496671e-15, 4.73925013681e-15, 1.64541011973e-14, 4.94924061586e-14, 8.83888570517e-14, 9.63263892479e-14, 7.96105667283e-14, 5.86654612693e-14, 3.43110990195e-14, 9.61371976628e-15, 6.63820197219e-16, 6.96045618637e-17, 1.60421224242e-16, 9.21433409665e-17, 5.59293419852e-16, 1.71056069649e-15, 1.01277029586e-15, 1.62567507792e-15, 3.85789244992e-15, 3.66783477369e-15, 1.37732554718e-15, 7.15130774422e-15, 8.15254727469e-15, 2.51109269961e-15, 8.4873268827e-15, 1.01485151934e-14, 4.72810021861e-15, 5.0465956182e-15, 3.30162325532e-15, 3.04073816636e-15, 2.73328786464e-15, 2.44741382142e-15, 2.05206479318e-15, 4.96068996021e-15, 6.55582410054e-15, 4.98815542704e-15, 5.58596205858e-15, 3.13828226881e-15, 1.83623508075e-15, 2.3723732668e-15, 7.02007820025e-15, 3.2385307357e-15, 5.40123094904e-15, 6.08137426525e-15, 3.78177171653e-15, 4.05639758572e-15, 2.45989379311e-15, 1.30215402009e-15, 1.82610393143e-15, 4.48636336821e-15, 2.64896658177e-15, 1.00888664979e-15, 1.34820307215e-15, 4.02433992977e-15, 1.75788633307e-15, 7.62273240135e-15, 4.6200717541e-15, 1.75128402889e-15, 4.87115434252e-15, 2.72367001728e-15, 1.24500258955e-15, 3.14541682732e-15, 2.67384372767e-15, 1.51531007302e-15, 1.94192446378e-15, 1.43450609447e-15, 2.02713555475e-15, 1.55140108811e-15, 9.43401897367e-16, 2.69933941939e-15, 9.08084646873e-16, 3.47015888315e-15, 2.32664513435e-15, 2.32248090863e-15, 2.50254634893e-15, 1.65396036676e-15, 7.91310937759e-16, 1.01518338684e-15, 1.24205766776e-15, 2.38905261608e-15, 3.06117685962e-15, 4.43968253545e-15, 4.98203222586e-15, 1.28941475044e-15, 2.60676697682e-15, 9.38359933748e-16, 9.45374425343e-16, 2.25952243196e-15, 2.17727701509e-15, 2.5083171844e-15, 1.43868260218e-15, 1.18363674659e-15, 7.95276798957e-16, 6.28938480479e-16, 4.29773585418e-16, 3.91557920527e-15, 2.40897821913e-15, 2.63391247696e-15, 9.06717218058e-16, 1.45449374269e-15, 1.02475369448e-15, 6.63261155474e-16, 8.20663329299e-16, 8.65179834056e-16, 2.00469214627e-15, 1.16896793589e-15, 1.32227994643e-15, 9.82128137836e-16, 1.1589390658e-15, 1.76419386979e-15, 2.2199331708e-15, 2.99221080178e-15],
        "stdev": [9.37763525144e-06, 4.48071841674e-05, 0.000223781753448, 0.000256548897596, 0.000342415005434, 0.000546193565242, 0.000558934232686, 0.000420761993155, 0.000597170903347, 0.000440749339759, 0.000337769131875, 0.000393080030335, 0.000302025931887, 0.000147802667925, 0.000172998101334, 0.000189165220945, 0.000270591262961, 0.000460757961264, 0.000280441599898, 0.000331423652824, 0.000319747370668, 0.000221435067942, 0.0002223335905, 0.000200226553716, 0.000393778260332, 0.000329132948536, 0.000180219969479, 0.000276603619568, 0.000341966719134, 0.000299514154904, 0.000270441290922, 0.000126908678794, 0.000304079003399, 0.000407898012782, 9.64537684922e-05, 0.000208759796806, 0.000321998115396, 0.00010313824896, 0.000258808140643, 0.000237520391238, 0.000189633181435, 0.000116095041449, 0.000119381584227, 0.000209961974178, 0.000137474169605, 0.000183306096005, 0.000182829680853, 0.000145519996295, 0.000116447619803, 0.000169339356944, 0.000137010967592, 0.000158411945449, 0.000139075986226, 0.000139846786624, 0.000172581087099, 8.92758616828e-05, 8.64477551659e-05, 9.82446363196e-05, 6.83129255776e-05, 9.86804298009e-05, 7.05881611793e-05, 5.06805081386e-05, 4.54567853012e-05, 3.3449872717e-05, 3.43997635355e-05, 2.19772464334e-05, 3.80935416615e-05, 2.16840162466e-05, 1.95719021576e-05, 3.3586868085e-05, 3.91950961784e-05, 5.18561028002e-05, 1.71464216692e-05, 1.50439891513e-05, 1.24324860735e-05, 1.63364657055e-05, 1.04497103166e-05, 8.50537435326e-06, 9.74134491116e-06, 1.9758595954e-05, 1.9891462216e-05, 7.81287508289e-06, 7.6885235103e-06, 6.19605862084e-06, 6.51465416013e-06, 6.31514649285e-06, 5.1645779422e-06, 4.82662881041e-06, 5.07801132699e-06, 5.09267101734e-06, 4.57321903014e-06, 4.05289347327e-06, 3.86010924558e-06, 3.93819163946e-06, 3.49814035872e-06, 3.90498826164e-06, 3.68629525838e-06, 3.34473293151e-06, 3.35585173161e-06, 3.50296568286e-06, 5.05073012391e-06, 3.87459203921e-06, 2.11177848541e-06, 1.77228707798e-06, 1.62365279266e-06, 1.42911210332e-06, 1.21062623748e-06, 8.84916403265e-07, 6.7902186629e-07, 4.41508319682e-07, 1.69154432683e-07, 3.71552673073e-08, 2.19155160686e-09, 1.17364018504e-09, 1.07758291179e-09, 1.00446584383e-09, 9.45991507351e-10, 8.94695817433e-10, 8.52263815077e-10, 8.1578055422e-10, 7.8367784484e-10, 7.55838558408e-10, 7.32570393236e-10, 7.14208470143e-10, 6.98906932328e-10, 6.87205570227e-10, 6.78166856005e-10, 6.72670030788e-10]
    },
    "mfcc": {
        "mean": [-621.628356934, 66.9577178955, -43.1006507874, 5.5352230072, 2.47729563713, 9.05508899689, -4.92652320862, 1.42459344864, -1.42405843735, -3.46780776978, -6.21655845642, -1.90466892719, -3.01085209846],
        "cov": [[3668.91894531, 87.5050964355, 32.8503494263, 8.83845710754, -118.088012695, -73.6338577271, 69.2435913086, 16.4413967133, 29.235534668, 38.756275177, -31.8681850433, -5.67866230011, 77.5070114136], [87.5050964355, 1506.99487305, 278.164520264, 349.78994751, -495.376464844, -273.391967773, -161.916244507, -190.612991333, -228.44229126, -42.923122406, -91.6072540283, -38.9104576111, 22.3509292603], [32.8503494263, 278.164520264, 303.342254639, 116.21522522, -62.6692695618, -65.9312896729, -19.4954490662, -34.9103050232, -25.8559188843, -20.6961536407, -5.68222427368, 11.2548084259, 20.8151283264], [8.83845710754, 349.78994751, 116.21522522, 189.511413574, -97.0646820068, -46.0835151672, -27.6096286774, -21.4436302185, -39.9484825134, -14.3811693192, -19.381816864, 4.40420341492, 11.9469509125], [-118.088012695, -495.376464844, -62.6692695618, -97.0646820068, 287.270812988, 133.648284912, 67.5811233521, 86.5499267578, 98.2708892822, 17.6894340515, 38.1167526245, 25.9139862061, -4.20069026947], [-73.6338577271, -273.391967773, -65.9312896729, -46.0835151672, 133.648284912, 165.094436646, 77.7144088745, 74.1752624512, 59.0677528381, 9.51312732697, 22.4374580383, 1.87020754814, -6.73330163956], [69.2435913086, -161.916244507, -19.4954490662, -27.6096286774, 67.5811233521, 77.7144088745, 114.836921692, 61.9310836792, 33.5612411499, 13.3931083679, 17.6266498566, 2.87656497955, -12.6044235229], [16.4413967133, -190.612991333, -34.9103050232, -21.4436302185, 86.5499267578, 74.1752624512, 61.9310836792, 110.900756836, 62.3126678467, 11.9723443985, 20.6012744904, 7.52039670944, -1.45451438427], [29.235534668, -228.44229126, -25.8559188843, -39.9484825134, 98.2708892822, 59.0677528381, 33.5612411499, 62.3126678467, 97.3830718994, 22.2453689575, 23.8242092133, 8.72834777832, 7.56070327759], [38.756275177, -42.923122406, -20.6961536407, -14.3811693192, 17.6894340515, 9.51312732697, 13.3931083679, 11.9723443985, 22.2453689575, 55.6095504761, 13.9420585632, -1.11519777775, 2.90287470818], [-31.8681850433, -91.6072540283, -5.68222427368, -19.381816864, 38.1167526245, 22.4374580383, 17.6266498566, 20.6012744904, 23.8242092133, 13.9420585632, 68.5390548706, 28.7022666931, -3.13834834099], [-5.67866230011, -38.9104576111, 11.2548084259, 4.40420341492, 25.9139862061, 1.87020754814, 2.87656497955, 7.52039670944, 8.72834777832, -1.11519777775, 28.7022666931, 73.6760101318, 24.0166702271], [77.5070114136, 22.3509292603, 20.8151283264, 11.9469509125, -4.20069026947, -6.73330163956, -12.6044235229, -1.45451438427, 7.56070327759, 2.90287470818, -3.13834834099, 24.0166702271, 60.4264068604]],
        "icov": [[0.000306420522975, 2.40438275796e-05, 1.56553669513e-05, 2.27134441957e-05, 0.000201932969503, 0.000284308422124, -0.000455837376649, 1.80311362783e-05, -0.000234042337979, -0.000103625563497, 0.000130638421979, 9.46159998421e-05, -0.000457302579889], [2.40438275796e-05, 0.00274228770286, -0.000684975471813, -0.0027220135089, 0.00256674364209, 0.00026282860199, 0.000650146277621, 0.000245564879151, 0.00208640983328, -0.000819628708996, 0.000323667220073, 0.000474690605188, -0.000315343757393], [1.56553669513e-05, -0.000684975471813, 0.00512206042185, -0.00237982114777, -0.00134284934029, 0.00208474253304, -0.0018671680009, 0.00148950715084, -0.00153247197159, 0.00194621772971, -0.00118939194363, 0.000479879759951, -0.00142952345777], [2.27134441957e-05, -0.0027220135089, -0.00237982114777, 0.0113602820784, 9.07248904696e-05, -0.00162957643624, 0.000929268891923, -0.00270082941279, -0.000305602530716, 0.00023756219889, 0.00143356109038, -0.00217458722182, 0.000470558006782], [0.000201932969503, 0.00256674364209, -0.00134284934029, 9.07248904696e-05, 0.010549986735, -0.00403150171041, 0.0010096138576, -0.000697594136, -0.00236572069116, -0.000774949498009, 0.000886509078555, -0.0024275793694, 0.00105832633562], [0.000284308422124, 0.00026282860199, 0.00208474253304, -0.00162957643624, -0.00403150171041, 0.0143457492813, -0.0061995764263, -0.001748767565, -0.00117840594612, 0.00204046838917, -0.00140198506415, 0.00278425985016, -0.00200483226217], [-0.000455837376649, 0.000650146277621, -0.0018671680009, 0.000929268891923, 0.0010096138576, -0.0061995764263, 0.0168294329196, -0.0066236150451, 0.00321772065945, -0.00307733681984, 0.000156975191203, -0.00138019898441, 0.00383601430804], [1.80311362783e-05, 0.000245564879151, 0.00148950715084, -0.00270082941279, -0.000697594136, -0.001748767565, -0.0066236150451, 0.0197668541223, -0.0088974731043, 0.00169720628764, -0.000900863669813, 0.000126682847622, -0.000307649024762], [-0.000234042337979, 0.00208640983328, -0.00153247197159, -0.000305602530716, -0.00236572069116, -0.00117840594612, 0.00321772065945, -0.0088974731043, 0.0243375450373, -0.00572752486914, -0.00227760546841, 0.00200937781483, -0.00340892397799], [-0.000103625563497, -0.000819628708996, 0.00194621772971, 0.00023756219889, -0.000774949498009, 0.00204046838917, -0.00307733681984, 0.00169720628764, -0.00572752486914, 0.0221783556044, -0.00482464861125, 0.0031427484937, -0.00255732680671], [0.000130638421979, 0.000323667220073, -0.00118939194363, 0.00143356109038, 0.000886509078555, -0.00140198506415, 0.000156975191203, -0.000900863669813, -0.00227760546841, -0.00482464861125, 0.0217686668038, -0.00994254741818, 0.00535450410098], [9.46159998421e-05, 0.000474690605188, 0.000479879759951, -0.00217458722182, -0.0024275793694, 0.00278425985016, -0.00138019898441, 0.000126682847622, 0.00200937781483, 0.0031427484937, -0.00994254741818, 0.0215424392372, -0.00965655595064], [-0.000457302579889, -0.000315343757393, -0.00142952345777, 0.000470558006782, 0.00105832633562, -0.00200483226217, 0.00383601430804, -0.000307649024762, -0.00340892397799, -0.00255732680671, 0.00535450410098, -0.00965655595064, 0.0229600984603]]
    },
    "spectral_contrast_coeffs": {
        "max": [-0.493521690369, -0.578309834003, -0.596203267574, -0.625208318233, -0.632074475288, -0.628095626831],
        "mean": [-0.728348731995, -0.8059669137, -0.780290663242, -0.776946246624, -0.764219939709, -0.752680838108],
        "min": [-0.930416226387, -0.950850307941, -0.918808102608, -0.955173790455, -0.945022463799, -0.914083719254],
        "stdev": [0.0795721337199, 0.0604092441499, 0.0629505887628, 0.0514753349125, 0.0446022562683, 0.0392440743744]
    },
    "spectral_contrast_valleys": {
        "max": [-5.68521881104, -5.02735948563, -5.90898990631, -5.3870100975, -5.64815282822, -7.81314134598],
        "mean": [-7.76099729538, -7.08022356033, -7.10847330093, -6.84111738205, -7.04776191711, -9.6690826416],
        "min": [-19.101524353, -16.7533931732, -19.0830230713, -17.7693328857, -17.4902191162, -19.445602417],
        "stdev": [0.864484906197, 0.937096595764, 0.70007121563, 0.775092482567, 0.703430593014, 0.932368576527]
    }
},
"rhythm": {
    "beats_count": 56,
    "beats_loudness": {
        "max": 0.0434653386474,
        "mean": 0.0176650770009,
        "min": 0.00114193663467,
        "stdev": 0.0105863856152
    },
    "bpm": 141.234939575,
    "bpm_histogram_first_peak_bpm": 140,
    "bpm_histogram_first_peak_weight": 0.479999959469,
    "bpm_histogram_second_peak_bpm": 172,
    "bpm_histogram_second_peak_spread": 0,
    "bpm_histogram_second_peak_weight": 0.127272725105,
    "danceability": 0.937980055809,
    "onset_rate": 3.22326517105,
    "beats_loudness_band_ratio": {
        "max": [0.465712726116, 0.267067790031, 0.511038124561, 0.740114569664, 0.733359456062, 0.790708065033],
        "mean": [0.0810166075826, 0.0840476974845, 0.112097583711, 0.233999371529, 0.365806877613, 0.162718966603],
        "min": [0.00534477690235, 0.00282154674642, 0.0072200098075, 0.018401062116, 0.0821459516883, 0.0318654291332],
        "stdev": [0.0969443768263, 0.0903257280588, 0.12261915952, 0.134972646832, 0.197690963745, 0.111920177937]
    },
    "beats_position": [0.441179126501, 0.882358253002, 1.31192743778, 1.72988653183, 2.15945577621, 2.57741498947, 2.99537420273, 3.41333317757, 3.83129239082, 4.2492518425, 4.65560102463, 5.07355976105, 5.4915189743, 5.92108821869, 6.33904743195, 6.76861667633, 7.19818592072, 7.6277551651, 8.05732440948, 8.47528362274, 8.893242836, 9.32281208038, 9.75238037109, 10.1819496155, 10.6115188599, 11.0410881042, 11.4706573486, 11.9350566864, 12.387845993, 12.840634346, 13.3050336838, 13.6997728348, 14.0945119858, 14.4660310745, 14.8375511169, 15.1858501434, 15.5341491699, 15.8824491501, 16.2307472229, 16.5790481567, 16.9157371521, 17.2524261475, 17.600725174, 17.9258041382, 18.2508831024, 18.575963974, 18.9010429382, 19.2261219025, 19.5512008667, 19.8762817383, 20.2129707336, 20.549659729, 20.8863487244, 21.2230377197, 21.5713367462, 21.9080276489],
