{
"metadata": {
    "version": {
        "essentia": "2.1-beta5",
        "essentia_git_sha": "Undefined",
        "extractor": "music 2.0"
    },
    "audio_properties": {
        "analysis": {
            "equal_loudness": 0,
            "length": 48.7502937317,
            "sample_rate": 44100,
            "start_time": 110.248344421,
            "downmix": "mix"
        },
        "bit_rate": 192000,
        "length": 184.041381836,
        "lossless": 0,
        "number_channels": 2,
        "replay_gain": -8.48329353333,
        "sample_rate": 48000,
        "codec": "mp3",
        "md5_encoded": "5989c74f8fbb85c270ed206dad9cf144"
    },
    "tags": {
        "file_name": "Ireland_Born To Sing_Colm T. Wilkinson.mp3",
        "encoding": ["Lavf58.29.100"]
    }
},
"lowlevel": {
    "average_loudness": 0.937055289745,
    "barkbands_crest": {
        "max": 22.485994339,
        "mean": 8.71655368805,
        "min": 2.57411313057,
        "stdev": 3.7917766571
    },
    "barkbands_flatness_db": {
        "max": 0.252586483955,
        "mean": 0.153242319822,
        "min": 0.0576603598893,
        "stdev": 0.0331782288849
    },
    "barkbands_kurtosis": {
        "max": 27.2924861908,
        "mean": 0.483328908682,
        "min": -1.71199345589,
        "stdev": 2.05198907852
    },
    "barkbands_skewness": {
        "max": 4.68879175186,
        "mean": 0.516411185265,
        "min": -1.33841621876,
        "stdev": 0.724373936653
    },
    "barkbands_spread": {
        "max": 72.0404815674,
        "mean": 17.6733264923,
        "min": 3.91220021248,
        "stdev": 8.04342556
    },
    "dissonance": {
        "max": 0.5,
        "mean": 0.466734707355,
        "min": 0.290196150541,
        "stdev": 0.0249167885631
    },
    "dynamic_complexity": 2.07711529732,
    "erbbands_crest": {
        "max": 27.8906936646,
        "mean": 10.0380401611,
        "min": 2.70697617531,
        "stdev": 4.38681268692
    },
    "erbbands_flatness_db": {
        "max": 0.335060268641,
        "mean": 0.225688964128,
        "min": 0.0808290988207,
        "stdev": 0.0416972748935
    },
    "erbbands_kurtosis": {
        "max": 13.8699474335,
        "mean": 0.234329864383,
        "min": -1.66900229454,
        "stdev": 1.34258162975
    },
    "erbbands_skewness": {
        "max": 2.54690003395,
        "mean": 0.140410408378,
        "min": -2.26899218559,
        "stdev": 0.610330343246
    },
    "erbbands_spread": {
        "max": 102.492042542,
        "mean": 24.1750450134,
        "min": 4.32507801056,
        "stdev": 11.7376251221
    },
    "hfc": {
        "max": 224.518432617,
        "mean": 27.5330410004,
        "min": 0.000190791644854,
        "stdev": 17.7704620361
    },
    "loudness_ebu128": {
        "integrated": -15.4091081619,
        "loudness_range": 2.19226074219,
        "momentary": {
            "max": -12.8732891083,
            "mean": -15.6697673798,
            "min": -23.4812107086,
            "stdev": 1.59783685207
        },
        "short_term": {
            "max": -13.5448236465,
            "mean": -15.4640426636,
            "min": -18.0338516235,
            "stdev": 0.790238261223
        }
    },
    "melbands_crest": {
        "max": 28.3402252197,
        "mean": 10.8077220917,
        "min": 3.72461509705,
        "stdev": 4.44890117645
    },
    "melbands_flatness_db": {
        "max": 0.330498099327,
        "mean": 0.158518373966,
        "min": 0.0443681851029,
        "stdev": 0.0369098559022
    },
    "melbands_kurtosis": {
        "max": 51.5650672913,
        "mean": 2.39244198799,
        "min": -1.62584018707,
        "stdev": 4.41534948349
    },
    "melbands_skewness": {
        "max": 5.82950639725,
        "mean": 1.04591453075,
        "min": -1.08596587181,
        "stdev": 0.918790102005
    },
    "melbands_spread": {
        "max": 183.591690063,
        "mean": 28.840587616,
        "min": 3.87602686882,
        "stdev": 13.4243659973
    },
    "pitch_salience": {
        "max": 0.901867985725,
        "mean": 0.58564800024,
        "min": 0.245963573456,
        "stdev": 0.0932776853442
    },
    "silence_rate_20dB": {
        "max": 1,
        "mean": 1,
        "min": 1,
        "stdev": 0
    },
    "silence_rate_30dB": {
        "max": 1,
        "mean": 1,
        "min": 1,
        "stdev": 0
    },
    "silence_rate_60dB": {
        "max": 1,
        "mean": 0.0166587345302,
        "min": 0,
        "stdev": 0.127986580133
    },
    "spectral_centroid": {
        "max": 4242.234375,
        "mean": 1669.62329102,
        "min": 429.043762207,
        "stdev": 461.340179443
    },
    "spectral_complexity": {
        "max": 52,
        "mean": 23.364112854,
        "min": 0,
        "stdev": 7.17896556854
    },
    "spectral_decrease": {
        "max": -4.89019496555e-14,
        "mean": -5.10002040599e-09,
        "min": -1.54646571104e-08,
        "stdev": 2.70451860906e-09
    },
    "spectral_energy": {
        "max": 0.0642780661583,
        "mean": 0.0217459890991,
        "min": 2.03758276029e-07,
        "stdev": 0.0115582654253
    },
    "spectral_energyband_high": {
        "max": 0.0262840185314,
        "mean": 0.000445100245997,
        "min": 1.62572533213e-08,
        "stdev": 0.000899250735529
    },
    "spectral_energyband_low": {
        "max": 0.0125883696601,
        "mean": 0.000528472126462,
        "min": 9.28173520265e-08,
        "stdev": 0.000935652060434
    },
    "spectral_energyband_middle_high": {
        "max": 0.0594560205936,
        "mean": 0.0133517980576,
        "min": 1.65423230669e-08,
        "stdev": 0.0105927959085
    },
    "spectral_energyband_middle_low": {
        "max": 0.041092980653,
        "mean": 0.00800917111337,
        "min": 7.40996668469e-08,
        "stdev": 0.005766693037
    },
    "spectral_entropy": {
        "max": 8.65738296509,
        "mean": 7.46454000473,
        "min": 6.76278400421,
        "stdev": 0.252758711576
    },
    "spectral_flux": {
        "max": 0.24197024107,
        "mean": 0.0930380597711,
        "min": 0.000216892294702,
        "stdev": 0.0356584265828
    },
    "spectral_kurtosis": {
        "max": 21.80027771,
        "mean": 5.83178186417,
        "min": -1.05644464493,
        "stdev": 2.72350049019
    },
    "spectral_rms": {
        "max": 0.00791898369789,
        "mean": 0.00441237492487,
        "min": 1.40992397064e-05,
        "stdev": 0.00132157292683
    },
    "spectral_rolloff": {
        "max": 9410.00976562,
        "mean": 2050.32739258,
        "min": 150.732421875,
        "stdev": 938.025146484
    },
    "spectral_skewness": {
        "max": 3.54420518875,
        "mean": 1.56545341015,
        "min": -0.0265097934753,
        "stdev": 0.33330309391
    },
    "spectral_spread": {
        "max": 19319934,
        "mean": 3150852,
        "min": 1784648.625,
        "stdev": 1078789.375
    },
    "spectral_strongpeak": {
        "max": 10.4669895172,
        "mean": 2.15676927567,
        "min": 0,
        "stdev": 1.88588571548
    },
    "zerocrossingrate": {
        "max": 0.26513671875,
        "mean": 0.068732149899,
        "min": 0.01220703125,
        "stdev": 0.0210362691432
    },
    "barkbands": {
        "max": [9.38071170822e-05, 0.00258400989696, 0.0108481608331, 0.00790611095726, 0.0335269384086, 0.0270897485316, 0.0232655201107, 0.0228668060154, 0.0338826104999, 0.0469735115767, 0.0381697416306, 0.0325552895665, 0.0337557606399, 0.0345792844892, 0.0165050327778, 0.0190842673182, 0.00997953396291, 0.00776968803257, 0.0119478451088, 0.00716080144048, 0.00158740254119, 0.00367549643852, 0.00875770766288, 0.0122129870579, 0.0036610448733, 0.000408727413742, 7.97553809662e-07],
        "mean": [5.13404847879e-06, 0.000136539354571, 0.000291261647362, 0.0002498877584, 0.00190541404299, 0.00101438653655, 0.000985282007605, 0.00128019030672, 0.00184665771667, 0.00257047777995, 0.00215964880772, 0.00143691152334, 0.00122269848362, 0.00166183745023, 0.00090782600455, 0.00127556198277, 0.000857271661516, 0.000679363263771, 0.000636920332909, 0.000318004982546, 9.3956150522e-05, 6.88990912749e-05, 5.07381628267e-05, 5.91966527281e-05, 2.90102070721e-05, 2.91640526484e-06, 1.14813858421e-09],
        "min": [7.70581709553e-10, 2.50063134644e-08, 1.15109006771e-08, 2.69838196232e-08, 1.64138427294e-08, 6.21169071735e-09, 1.43497702609e-09, 6.71804833985e-10, 2.68608291165e-09, 1.26451960014e-09, 2.49290810217e-09, 5.68753766306e-10, 1.48534651245e-09, 1.31431376893e-09, 1.06547426437e-09, 6.28688989757e-10, 6.7540267823e-10, 9.4795349348e-10, 5.39032485314e-10, 8.09591782502e-10, 8.66864580118e-10, 8.20487011666e-10, 1.3502768903e-09, 1.0603400824e-08, 1.07086373102e-09, 2.99444323504e-11, 2.29193816703e-11],
        "stdev": [9.41549660638e-06, 0.00026016306947, 0.000679635093547, 0.000446831807494, 0.00256227352656, 0.00139310723171, 0.00158728193492, 0.00197637407109, 0.00307792727835, 0.00595390098169, 0.00383372791111, 0.00284934602678, 0.00240344647318, 0.00309513509274, 0.00152015744243, 0.00205063004978, 0.00105027121026, 0.000988861196674, 0.000885221816134, 0.000481183524244, 0.000144029414514, 0.000149010360474, 0.000239833156229, 0.00035256735282, 0.000154702094733, 1.4114338228e-05, 1.74441652234e-08]
    },
    "erbbands": {
        "max": [0.0437560081482, 0.858758628368, 8.89883041382, 15.2612390518, 76.674987793, 134.003250122, 136.750808716, 305.180908203, 215.368774414, 537.894042969, 472.535064697, 975.031188965, 1197.40039062, 2099.73364258, 1621.48400879, 1641.34118652, 1711.49621582, 1510.75830078, 906.159240723, 1112.99865723, 1025.39807129, 659.666320801, 459.948791504, 534.354003906, 708.143188477, 342.677459717, 129.047271729, 62.2725067139, 124.399429321, 108.548957825, 338.774749756, 326.30960083, 133.361419678, 54.0972938538, 22.9582920074, 4.57679319382, 0.230282709002, 0.00840869545937, 0.000589270959608, 0.000207323770155],
        "mean": [0.0017168225022, 0.0417871102691, 0.293099224567, 0.611198544502, 2.21608233452, 6.93943214417, 10.7790164948, 7.99207687378, 12.6906280518, 22.4694213867, 27.0106258392, 47.3372955322, 68.5156326294, 66.1302032471, 100.175567627, 61.5023460388, 57.5576705933, 84.038520813, 58.1081314087, 68.9122848511, 53.6932640076, 47.0165176392, 39.5065040588, 36.7223167419, 26.0991020203, 15.5517225266, 5.7608332634, 3.16602420807, 2.47571063042, 1.80962717533, 1.51987051964, 1.45977139473, 0.765743851662, 0.400513023138, 0.162956893444, 0.0345557667315, 0.00160095107276, 5.75354279135e-05, 1.80717361218e-05, 2.8224885682e-05],
        "min": [1.09649488422e-06, 4.46142075816e-06, 1.11581721285e-05, 7.88862307672e-05, 4.43815806648e-05, 4.31980151916e-05, 9.18311925489e-05, 4.05728824262e-05, 3.33038224198e-05, 2.41000943788e-05, 3.30234579451e-05, 4.27666964242e-05, 5.81119784329e-05, 6.57831478748e-05, 7.57530870032e-05, 4.03297708544e-05, 8.25281822472e-05, 6.74829061609e-05, 6.03669468546e-05, 5.09896817675e-05, 5.93854274484e-05, 4.11144465033e-05, 5.27610536665e-05, 2.73405912594e-05, 2.83007811959e-05, 4.16647417296e-05, 3.93470509152e-05, 3.84930972359e-05, 3.19307691825e-05, 3.5022458178e-05, 6.60661971779e-05, 0.000390477245674, 4.2962590669e-05, 1.34635556606e-05, 6.80987295709e-06, 1.03498962289e-06, 9.60543431461e-08, 2.53557956853e-08, 5.24609866659e-09, 7.79567965736e-10],
        "stdev": [0.00316531397402, 0.0805037692189, 0.652077674866, 0.995119333267, 4.44591379166, 9.67568302155, 14.5626430511, 12.8372068405, 18.5369586945, 35.5725021362, 38.6406288147, 79.7951507568, 150.598709106, 138.407608032, 169.133468628, 122.094238281, 104.747703552, 148.812393188, 82.1679458618, 110.191795349, 80.6117706299, 55.6837043762, 53.432975769, 47.593963623, 40.5870323181, 21.8420028687, 8.67168903351, 5.29289150238, 5.12659883499, 5.49148225784, 8.48210906982, 8.97009754181, 4.29298496246, 2.35236549377, 0.81951791048, 0.15326423943, 0.0091450707987, 0.000295413512504, 2.42341884586e-05, 1.56350015459e-05]
    },
    "gfcc": {
        "mean": [-16.4656791687, 101.000411987, -184.438980103, 19.2206459045, -73.7984924316, 4.51271295547, -48.6869659424, 3.31464409828, -28.1092948914, -12.5200681686, -7.58493185043, -14.0651292801, -0.566406071186],
        "cov": [[3045.29394531, -428.544555664, -378.169921875, -86.4714813232, -59.4993476868, 33.2379150391, -68.0641784668, 129.587814331, -103.775772095, 48.9268417358, -42.3943061829, 19.0827941895, -42.3853378296], [-428.544555664, 724.765869141, 47.3833351135, 56.0249824524, 159.804855347, -115.870948792, 83.1435775757, -105.203414917, 74.1524124146, -57.6123390198, 130.466461182, -67.2566223145, 30.0949420929], [-378.169921875, 47.3833351135, 570.622253418, 165.108474731, -56.6196289062, 95.8106536865, -105.498847961, 21.8764476776, -15.5159864426, 71.5758361816, -43.1242446899, 80.1730041504, -74.9096298218], [-86.4714813232, 56.0249824524, 165.108474731, 205.002548218, 42.7630310059, 7.38229513168, -19.3752326965, 7.46673250198, 23.2500228882, 8.03628921509, 7.44246912003, 21.3644104004, -9.19557952881], [-59.4993476868, 159.804855347, -56.6196289062, 42.7630310059, 210.044128418, 15.9314079285, 50.8033714294, 14.4880409241, 14.7326250076, -17.1929244995, 34.5229454041, -17.328037262, 26.3555717468], [33.2379150391, -115.870948792, 95.8106536865, 7.38229513168, 15.9314079285, 185.425430298, 48.2196731567, 9.4586057663, -34.9471473694, 33.8566093445, -3.36719560623, 22.9061851501, -25.0100803375], [-68.0641784668, 83.1435775757, -105.498847961, -19.3752326965, 50.8033714294, 48.2196731567, 205.744338989, 13.4566402435, -9.81024742126, -19.4470481873, 29.4018497467, -22.0777244568, 15.257317543], [129.587814331, -105.203414917, 21.8764476776, 7.46673250198, 14.4880409241, 9.4586057663, 13.4566402435, 149.66897583, 41.3753166199, 7.44917535782, -54.3245201111, 8.86137771606, 5.06426715851], [-103.775772095, 74.1524124146, -15.5159864426, 23.2500228882, 14.7326250076, -34.9471473694, -9.81024742126, 41.3753166199, 144.829620361, -8.64939117432, -30.7539424896, -24.8455314636, 43.3527412415], [48.9268417358, -57.6123390198, 71.5758361816, 8.03628921509, -17.1929244995, 33.8566093445, -19.4470481873, 7.44917535782, -8.64939117432, 101.277069092, 32.1765174866, 18.6405773163, -37.5368003845], [-42.3943061829, 130.466461182, -43.1242446899, 7.44246912003, 34.5229454041, -3.36719560623, 29.4018497467, -54.3245201111, -30.7539424896, 32.1765174866, 180.099899292, -10.418592453, -28.3056583405], [19.0827941895, -67.2566223145, 80.1730041504, 21.3644104004, -17.328037262, 22.9061851501, -22.0777244568, 8.86137771606, -24.8455314636, 18.6405773163, -10.418592453, 97.535446167, -1.17831575871], [-42.3853378296, 30.0949420929, -74.9096298218, -9.19557952881, 26.3555717468, -25.0100803375, 15.257317543, 5.06426715851, 43.3527412415, -37.5368003845, -28.3056583405, -1.17831575871, 96.0620498657]],
        "icov": [[0.00055148062529, -0.000678381475154, 0.00139678514097, -0.000755620654672, 0.000821806956083, -0.00108637637459, 0.00107879203279, -0.00125975895207, 0.00104095903225, -0.000707871746272, 0.000582055945415, -0.00033251408604, 0.000280543317785], [-0.000678381475154, 0.00739117339253, -0.00685367453843, 0.00381757249124, -0.00630133971572, 0.00760498456657, -0.00597326410934, 0.00683630444109, -0.00568170752376, 0.00417985999957, -0.00456848787144, 0.0024089361541, -0.00041597452946], [0.00139678514097, -0.00685367453843, 0.0113525753841, -0.0069672036916, 0.00707147410139, -0.00938447471708, 0.00775346858427, -0.00740531692281, 0.00591928558424, -0.00523697258905, 0.00539689837024, -0.00380077492446, 0.00255072512664], [-0.000755620654672, 0.00381757249124, -0.0069672036916, 0.0100452005863, -0.00556508591399, 0.00532622588798, -0.00395242776722, 0.00436425255612, -0.00488728890195, 0.00334232207388, -0.00332311820239, 0.000535692612175, -0.000150614985614], [0.000821806956083, -0.00630133971572, 0.00707147410139, -0.00556508591399, 0.0117692770436, -0.00785926543176, 0.00490828510374, -0.0072869816795, 0.00527465110645, -0.00297705130652, 0.00245389039628, -0.0012295357883, -0.00118800241034], [-0.00108637637459, 0.00760498456657, -0.00938447471708, 0.00532622588798, -0.00785926543176, 0.015971686691, -0.0093127945438, 0.00777527503669, -0.00500481948256, 0.00237398757599, -0.00375845935196, 0.00190998171456, -0.000184022297617], [0.00107879203279, -0.00597326410934, 0.00775346858427, -0.00395242776722, 0.00490828510374, -0.0093127945438, 0.0122758802027, -0.00754788797349, 0.00577412405983, -0.00237167114392, 0.00253309472464, -0.00112052669283, -0.000107854946691], [-0.00125975895207, 0.00683630444109, -0.00740531692281, 0.00436425255612, -0.0072869816795, 0.00777527503669, -0.00754788797349, 0.0159844644368, -0.00858656223863, 0.00278229522519, -0.00137396820355, 0.000955298717599, 0.000894386379514], [0.00104095903225, -0.00568170752376, 0.00591928558424, -0.00488728890195, 0.00527465110645, -0.00500481948256, 0.00577412405983, -0.00858656223863, 0.0152888279408, -0.00522911734879, 0.00427327072248, 0.00157912529539, -0.00449185445905], [-0.000707871746272, 0.00417985999957, -0.00523697258905, 0.00334232207388, -0.00297705130652, 0.00237398757599, -0.00237167114392, 0.00278229522519, -0.00522911734879, 0.0169391091913, -0.00615083938465, -0.000467498466605, 0.00343998009339], [0.000582055945415, -0.00456848787144, 0.00539689837024, -0.00332311820239, 0.00245389039628, -0.00375845935196, 0.00253309472464, -0.00137396820355, 0.00427327072248, -0.00615083938465, 0.0112043600529, -0.00146388669964, 0.00254833814688], [-0.00033251408604, 0.0024089361541, -0.00380077492446, 0.000535692612175, -0.0012295357883, 0.00190998171456, -0.00112052669283, 0.000955298717599, 0.00157912529539, -0.000467498466605, -0.00146388669964, 0.0142651405185, -0.0040034763515], [0.000280543317785, -0.00041597452946, 0.00255072512664, -0.000150614985614, -0.00118800241034, -0.000184022297617, -0.000107854946691, 0.000894386379514, -0.00449185445905, 0.00343998009339, 0.00254833814688, -0.0040034763515, 0.016959849745]]
    },
    "melbands": {
        "max": [0.000483609444927, 0.00311734899879, 0.00374963530339, 0.00590404542163, 0.00505141867325, 0.00624712044373, 0.00374864134938, 0.00587413553149, 0.00331483664922, 0.00622150395066, 0.00643696403131, 0.00880253966898, 0.00511385593563, 0.00420479150489, 0.00396475987509, 0.00419979169965, 0.00338989426382, 0.00180192571133, 0.00115928251762, 0.00178500066977, 0.00122732890304, 0.000622130755801, 0.000492426101118, 0.000484807620523, 0.000492030463647, 0.000786261516623, 0.000391595793189, 0.00021181286138, 0.000106684703496, 5.58603496756e-05, 3.81568243029e-05, 7.44055723771e-05, 7.04722624505e-05, 6.937920989e-05, 0.000188345264178, 0.000165374120115, 0.000248766096774, 0.000108204993012, 5.31592922925e-05, 5.27486845385e-05],
        "mean": [2.56799157796e-05, 0.000119700314826, 0.000150165506057, 0.000306819420075, 0.000402741279686, 0.000184198273928, 0.000193513624254, 0.00025780883152, 0.000232559803408, 0.000286954629701, 0.000351044989657, 0.000273553217994, 0.0003178838233, 0.000197807996301, 0.000133631634526, 0.000115622497106, 0.000169318096596, 0.000100023156847, 6.83573089191e-05, 0.000109356878966, 5.19049135619e-05, 4.85316340928e-05, 4.39788891526e-05, 3.05766479869e-05, 3.00846859318e-05, 2.0713372578e-05, 1.45755839185e-05, 9.39253277465e-06, 3.88772787119e-06, 2.18747163672e-06, 1.75561990545e-06, 1.50592563841e-06, 1.11298470529e-06, 9.2706312671e-07, 8.76859701293e-07, 8.11685367808e-07, 9.44966700445e-07, 6.06212381626e-07, 3.52321421815e-07, 3.29718290004e-07],
        "min": [8.61411653119e-09, 8.24740276073e-09, 1.11039506479e-08, 3.01619573762e-09, 4.28683621934e-09, 9.5915719811e-10, 5.40317568465e-10, 1.95314125984e-10, 3.4045322117e-10, 3.33720301393e-10, 2.88058910058e-10, 2.40096831305e-10, 2.83920165156e-10, 1.06473080352e-10, 1.89873908263e-10, 1.34402489138e-10, 1.28793420373e-10, 8.32894239688e-11, 8.68617469618e-11, 5.11901458722e-11, 6.71280045439e-11, 3.75272313224e-11, 3.4200982324e-11, 4.05535952042e-11, 1.44627278903e-11, 1.08985936595e-11, 2.7961357188e-11, 2.43296372632e-11, 1.92822077749e-11, 1.65525700785e-11, 2.12824948637e-11, 1.91620452145e-11, 9.847665218e-12, 2.13821044204e-11, 2.08584625266e-11, 1.30077143501e-10, 2.3278343142e-10, 1.3864164157e-11, 1.32640400399e-11, 9.2566275825e-12],
        "stdev": [4.6573302825e-05, 0.000243788512307, 0.000256756291492, 0.000420500087785, 0.000533859943971, 0.000273502169875, 0.000293385674013, 0.000410397333326, 0.000327279121848, 0.00049980712356, 0.00079963740427, 0.000628896232229, 0.000544649374206, 0.000342454324709, 0.000275088124909, 0.000247064745054, 0.000328841706505, 0.000153804183356, 0.000111608234874, 0.000181272771442, 9.01972161955e-05, 6.40678990749e-05, 5.79896513955e-05, 4.74561056762e-05, 4.17496121372e-05, 3.70844136341e-05, 2.45052124228e-05, 1.35931159093e-05, 6.65839797875e-06, 3.89422120861e-06, 3.12756901621e-06, 3.2640880363e-06, 2.93242078442e-06, 3.11414191856e-06, 4.74931493955e-06, 4.55267536381e-06, 6.60087926008e-06, 3.53361429006e-06, 1.81554014489e-06, 2.05850892598e-06]
    },
    "melbands128": {
        "max": [5.51941993763e-05, 0.000247572810622, 0.000769887992647, 0.00179928576108, 0.00414915941656, 0.00603217771277, 0.00297100585885, 0.00449164165184, 0.0105325877666, 0.00542744901031, 0.00823581498116, 0.0100292703137, 0.00625695940107, 0.00376281002536, 0.00640940386802, 0.0118174720556, 0.0033993893303, 0.00587152596563, 0.00994564965367, 0.00879134982824, 0.00940708722919, 0.00658020190895, 0.00510502513498, 0.00641587749124, 0.0096331378445, 0.0100790504366, 0.00849352497607, 0.0110800992697, 0.0144750960171, 0.0125413965434, 0.0141432480887, 0.0103170955554, 0.00812269188464, 0.0118178306147, 0.00708189792931, 0.00567950773984, 0.00874385517091, 0.00699903722852, 0.005751890596, 0.00822632759809, 0.00769191095605, 0.00548205897212, 0.00611136574298, 0.00817272532731, 0.00548586715013, 0.00202100514434, 0.00409947009757, 0.00250377994962, 0.00216863956302, 0.00408711005002, 0.00268312729895, 0.00277749006636, 0.00286172213964, 0.00169211393222, 0.00179695279803, 0.000965780345723, 0.00204768544063, 0.000992398010567, 0.00102696963586, 0.000720825104509, 0.000881622836459, 0.000961412442848, 0.0012392528588, 0.000793166575022, 0.00115731928963, 0.00142923556268, 0.000723273144104, 0.000479765323689, 0.000486471690238, 0.000466671132017, 0.000247548392508, 0.000189537662663, 0.000308740389301, 5.9648493334e-05, 0.000102552789031, 0.000124127152958, 7.34875793569e-05, 5.5549411627e-05, 5.8804089349e-05, 5.10792197019e-05, 0.000124503058032, 5.56090089958e-05, 6.81563324179e-05, 6.32612063782e-05, 8.4745544882e-05, 7.87734097685e-05, 8.53619058034e-05, 6.16744509898e-05, 0.000183095995453, 0.000352245551767, 0.000195333603187, 0.000116520386655, 9.9611315818e-05, 0.000262319867034, 0.000365266954759, 0.000165052406373, 5.95732781221e-05, 5.66056551179e-05, 7.14989364496e-05, 4.59545299236e-05, 7.54868451622e-05, 5.53269601369e-05, 3.78564109269e-05, 4.60043338535e-05, 2.80299391306e-05, 2.27990021813e-05, 1.85749813681e-05, 1.20152517411e-05, 5.03059436596e-06, 3.41615896104e-06, 1.66196548435e-06, 4.49900454669e-07, 1.07278515316e-06, 2.3365890911e-07, 6.02528089644e-08, 7.58640616993e-09, 3.99001676143e-09, 3.83539244808e-09, 3.68178021404e-09, 3.54860163476e-09, 3.44036132915e-09, 3.35084138214e-09, 3.25747762098e-09, 3.18415804834e-09, 3.12572367989e-09, 3.07254821585e-09, 3.0388018768e-09, 3.01735436636e-09],
        "mean": [3.22312803291e-06, 8.84833934833e-06, 2.27296241064e-05, 7.97024695203e-05, 0.00014276058937, 0.000139300624141, 0.000106087361928, 0.000140838455991, 0.000236155188759, 0.000228946926654, 0.000393450492993, 0.000581147556659, 0.000390803354094, 0.000220025351155, 0.000167072445038, 0.000164423399838, 0.000201995266252, 0.000200490205316, 0.000176483619725, 0.000268743140623, 0.000309371505864, 0.000195277883904, 0.000206898854231, 0.000258354586549, 0.00037832398084, 0.000263125257334, 0.000184195989277, 0.000394880975364, 0.00046962214401, 0.000321620202158, 0.000183770098374, 0.000196351131308, 0.000343421153957, 0.000450858846307, 0.000173701424501, 0.000149468876771, 0.00017528916942, 0.000101287085272, 0.000148019127664, 0.000121436365589, 0.000112426874693, 9.7439471574e-05, 0.000154602486873, 0.000255607941654, 0.000103577491245, 7.61259434512e-05, 8.15562016214e-05, 4.80825874547e-05, 5.74875375605e-05, 0.000130465283291, 0.000127279185108, 8.32435398479e-05, 4.99487614434e-05, 3.3911124774e-05, 6.08775117144e-05, 4.30349246017e-05, 4.77025168948e-05, 5.14458952239e-05, 4.24990612373e-05, 3.15408615279e-05, 2.94062374451e-05, 2.59398730122e-05, 4.02980476792e-05, 2.74328194791e-05, 2.16326334339e-05, 2.04251882678e-05, 2.07706943911e-05, 1.75718832907e-05, 1.21544835565e-05, 1.20588192658e-05, 1.06668621811e-05, 7.85447991802e-06, 4.81655615658e-06, 2.99889597954e-06, 2.78221045846e-06, 2.66034498964e-06, 1.62248329616e-06, 1.59431363045e-06, 1.81529094334e-06, 1.85772501027e-06, 1.7860427306e-06, 1.14717636279e-06, 1.27921578041e-06, 1.037706852e-06, 1.09075006094e-06, 1.04252239908e-06, 8.46051705139e-07, 7.62270303767e-07, 9.18630689739e-07, 9.55560381044e-07, 7.17187049304e-07, 7.64362766859e-07, 9.73175019681e-07, 9.3580098337e-07, 9.94768015516e-07, 7.81442565767e-07, 5.18729109444e-07, 3.47654378174e-07, 3.53741683057e-07, 3.39891641943e-07, 3.62973963774e-07, 3.5208108784e-07, 2.60442533317e-07, 2.24178833719e-07, 1.85483827408e-07, 1.34777394578e-07, 1.33533646363e-07, 7.51508295593e-08, 5.36030455578e-08, 2.73570588405e-08, 7.44869765867e-09, 1.322741916e-09, 5.55493651078e-10, 1.23975496535e-10, 3.808118057e-11, 1.0754906514e-11, 5.82289858692e-12, 5.41682887781e-12, 5.2481309229e-12, 5.08954553849e-12, 4.95036260248e-12, 4.83351336386e-12, 4.73081990249e-12, 4.6365120944e-12, 4.52853856844e-12, 4.40784604996e-12, 4.33408690881e-12, 4.30317977432e-12],
        "min": [1.53621629306e-10, 4.16358636457e-09, 5.68025582126e-09, 5.85772053086e-09, 6.35383912151e-10, 6.02428107399e-09, 1.97619627329e-08, 6.98406843469e-09, 1.76399228558e-09, 7.06976588383e-10, 1.2456785603e-09, 2.80016942966e-09, 2.27744867409e-09, 7.55290940901e-10, 5.38204925071e-10, 3.05330621897e-10, 5.68588343075e-10, 2.01629601904e-10, 3.35082267489e-10, 1.26162677527e-10, 8.79055925274e-11, 1.6792872648e-10, 1.42269945824e-10, 9.46503500576e-11, 6.75603462064e-11, 2.14071593785e-10, 3.87639781385e-11, 2.33861680021e-10, 1.45930420525e-10, 1.10919766427e-10, 1.88512372379e-10, 4.33021118962e-10, 1.44722414608e-10, 1.41110387264e-10, 1.21989376933e-10, 4.89693320616e-11, 4.69790352453e-11, 1.10266962228e-10, 1.11832557104e-10, 1.43651743278e-10, 6.84250434091e-11, 5.05021892361e-11, 1.18879892042e-10, 9.83054956882e-11, 8.28522805918e-11, 6.75986003285e-11, 7.91306256631e-11, 3.58599955286e-11, 6.2882296592e-11, 3.34093447352e-11, 4.56619533851e-11, 4.62107192789e-11, 3.32881708309e-11, 5.22379188517e-11, 2.83615648328e-11, 2.86762610185e-11, 2.59597690566e-11, 1.97996410933e-11, 1.38366054725e-11, 3.53919497875e-11, 3.96115397427e-11, 2.28518159257e-11, 1.73211705395e-11, 9.3760433445e-12, 9.74161896983e-12, 2.61552585146e-12, 1.48915203085e-11, 1.40739633489e-11, 1.89276493784e-11, 3.26888585644e-11, 4.42206297621e-12, 9.38933479577e-12, 8.28323520885e-12, 1.43873957886e-11, 2.06036073619e-11, 9.74810596827e-12, 6.880888654e-12, 1.52562650013e-11, 2.02399139115e-11, 2.17840589317e-11, 9.79526529332e-12, 7.25390407463e-12, 5.76983166106e-12, 7.11141518936e-12, 5.94475423749e-12, 1.46602330969e-11, 2.24122560788e-11, 1.86293411253e-11, 1.95300667999e-11, 7.98851523126e-12, 1.98416266056e-11, 1.39476546632e-11, 5.46726830475e-10, 3.16416531865e-10, 8.59549757759e-12, 7.74526536657e-12, 1.55943365859e-11, 1.01147380402e-11, 1.18076399352e-11, 7.26274942964e-12, 7.67248591049e-12, 7.69443883608e-12, 1.02950929032e-11, 4.41992753161e-12, 1.50687090843e-12, 4.64198287014e-13, 2.45576107193e-12, 4.23083958275e-13, 1.36240519734e-13, 6.81182879742e-14, 5.90027294601e-14, 6.68678301749e-14, 7.27496472894e-14, 6.88825895195e-14, 7.1997888608e-14, 7.1017586885e-14, 6.98545835434e-14, 7.29017947355e-14, 6.97290193793e-14, 6.99691566079e-14, 8.11551889059e-14, 7.11240555383e-14, 5.89694512296e-14, 8.07176320141e-14, 4.58422260926e-14, 1.84968397342e-14, 2.57153866479e-15, 7.03670635698e-17],
        "stdev": [5.700105703e-06, 1.85846383829e-05, 5.23317758052e-05, 0.000162530501257, 0.000330715120072, 0.000329257891281, 0.000193682149984, 0.000277121172985, 0.000573760888074, 0.000402613251936, 0.000600289204158, 0.000942326849326, 0.000622101186309, 0.000327771878801, 0.000333952863002, 0.000397051742766, 0.00032329899841, 0.000409637752455, 0.000426963670179, 0.000503909832332, 0.00062871229602, 0.000408902269555, 0.000436831091065, 0.000535928294994, 0.00079115096014, 0.000701540382579, 0.000497169443406, 0.00115444196854, 0.00149338028859, 0.00100825959817, 0.000685234263074, 0.000569432042539, 0.00072268146323, 0.00101297732908, 0.000457440561149, 0.000412112392951, 0.000541425251868, 0.000349259935319, 0.000379560311558, 0.000339124409948, 0.000359734462108, 0.000309798837407, 0.000380158016924, 0.000651326903608, 0.000263768743025, 0.000169115664903, 0.000217641034396, 0.000150331048644, 0.000147898448631, 0.000314544391586, 0.000278683961369, 0.000166793499375, 0.000163105927641, 8.06788011687e-05, 0.000130301210447, 8.31801953609e-05, 9.69223037828e-05, 8.30173521535e-05, 8.60347281559e-05, 6.42013255856e-05, 6.60392470309e-05, 6.07571200817e-05, 7.10423919372e-05, 4.98694971611e-05, 5.36425250175e-05, 5.39590619155e-05, 4.13798152294e-05, 3.54883268301e-05, 3.05890825985e-05, 2.48423712037e-05, 1.88853409782e-05, 1.54614954226e-05, 1.33097655635e-05, 6.10769620835e-06, 6.47159549771e-06, 6.54928453514e-06, 3.55313e-06, 3.73647890228e-06, 3.51403809873e-06, 3.73231614503e-06, 5.18615252076e-06, 2.92124195767e-06, 2.87511966235e-06, 3.15061629408e-06, 3.89465731132e-06, 3.46858405464e-06, 3.52898427991e-06, 2.67587688541e-06, 4.77479534311e-06, 8.11894278741e-06, 4.94489677294e-06, 3.97375833927e-06, 4.41549536845e-06, 6.85682516632e-06, 9.13902204047e-06, 5.09779056301e-06, 2.58731120084e-06, 1.91046819964e-06, 1.90468949768e-06, 1.84021746463e-06, 2.66271581495e-06, 2.17311844608e-06, 1.52171730861e-06, 1.30128705678e-06, 9.21642481444e-07, 7.08980564923e-07, 5.95318738306e-07, 3.86849961842e-07, 2.15171226614e-07, 1.39730545357e-07, 6.62037891175e-08, 1.6672030867e-08, 2.34276029687e-08, 5.10247932795e-09, 1.32205912884e-09, 1.89436230591e-10, 8.72876285141e-11, 8.38712502227e-11, 8.05192995612e-11, 7.76122568991e-11, 7.52491055578e-11, 7.3292330538e-11, 7.12528092084e-11, 6.9654934598e-11, 6.8378219753e-11, 6.72189318096e-11, 6.64821739327e-11, 6.60135765496e-11]
    },
    "mfcc": {
        "mean": [-633.993652344, 120.398078918, -47.6054725647, 4.35542488098, -8.07036399841, -11.6975860596, -6.82304859161, -2.67676830292, -10.8582572937, -2.9475312233, -8.83086967468, -6.78894329071, -5.45877885818],
        "cov": [[3137.09375, -337.336151123, -440.721008301, -164.822463989, -68.0188140869, -123.669876099, 17.5935096741, 4.02434968948, -32.8216094971, 16.4630565643, 15.0776462555, -25.6411952972, -26.6464920044], [-337.336151123, 616.505432129, -65.6510848999, 115.113235474, 46.7307319641, 15.4912538528, 32.0458183289, -9.8655538559, -48.6916275024, 4.13512563705, 11.7279109955, 8.54627799988, 45.2218704224], [-440.721008301, -65.6510848999, 580.026062012, 49.1499786377, 56.3831863403, 80.8746185303, -59.867641449, -10.7516174316, -18.7696037292, -35.9881095886, 35.5092315674, 29.2275047302, 23.2696094513], [-164.822463989, 115.113235474, 49.1499786377, 215.597564697, 67.5339889526, -7.51429462433, -18.0804023743, 19.8025035858, 10.1600532532, -0.660770177841, 3.69233465195, 1.76339542866, 18.500371933], [-68.0188140869, 46.7307319641, 56.3831863403, 67.5339889526, 200.872070312, 5.30618333817, -35.1259155273, 4.70713186264, 8.495429039, 22.4558868408, -19.5236968994, 8.78085136414, 30.2899703979], [-123.669876099, 15.4912538528, 80.8746185303, -7.51429462433, 5.30618333817, 170.061920166, 67.458770752, 4.5732884407, -22.2770519257, -18.4231109619, 14.4469156265, 7.72482919693, 5.06115865707], [17.5935096741, 32.0458183289, -59.867641449, -18.0804023743, -35.1259155273, 67.458770752, 220.057998657, 27.1877937317, -70.1942214966, 12.5988483429, 37.4957542419, 14.4802494049, 3.50286483765], [4.02434968948, -9.8655538559, -10.7516174316, 19.8025035858, 4.70713186264, 4.5732884407, 27.1877937317, 109.443969727, 58.3888587952, 2.18572854996, 5.66325616837, -14.8010501862, -10.5175065994], [-32.8216094971, -48.6916275024, -18.7696037292, 10.1600532532, 8.495429039, -22.2770519257, -70.1942214966, 58.3888587952, 222.840454102, 38.6980514526, -33.5243339539, -19.3873786926, -43.3404960632], [16.4630565643, 4.13512563705, -35.9881095886, -0.660770177841, 22.4558868408, -18.4231109619, 12.5988483429, 2.18572854996, 38.6980514526, 101.843467712, 11.2207078934, 9.91007900238, 0.37706130743], [15.0776462555, 11.7279109955, 35.5092315674, 3.69233465195, -19.5236968994, 14.4469156265, 37.4957542419, 5.66325616837, -33.5243339539, 11.2207078934, 96.0616836548, 23.7744197845, 2.99164223671], [-25.6411952972, 8.54627799988, 29.2275047302, 1.76339542866, 8.78085136414, 7.72482919693, 14.4802494049, -14.8010501862, -19.3873786926, 9.91007900238, 23.7744197845, 82.7932434082, 30.5257091522], [-26.6464920044, 45.2218704224, 23.2696094513, 18.500371933, 30.2899703979, 5.06115865707, 3.50286483765, -10.5175065994, -43.3404960632, 0.37706130743, 2.99164223671, 30.5257091522, 87.8098831177]],
        "icov": [[0.000407264073147, 0.000249760138104, 0.000343252206221, 0.000146306134411, -8.66615882842e-05, 0.000138019109727, 6.95427224855e-05, -6.10751958448e-05, 0.00013683688303, 5.3099640354e-05, -0.000263715948677, 7.45172801544e-05, -6.45853724563e-05], [0.000249760138104, 0.00212705950253, 0.000619791331701, -0.00100392790046, -0.000209173565963, -0.000233451690292, -8.25774914119e-05, 0.000290811149171, 0.000287295668386, 9.75636066869e-06, -0.000418706971686, 0.000243709873757, -0.000777330657002], [0.000343252206221, 0.000619791331701, 0.0026007858105, -0.000397717551095, -0.000537739135325, -0.00126019807067, 0.00117369194049, -3.22593332385e-05, 0.000293091172352, 0.000658318924252, -0.00130964571144, -0.000436537375208, -0.000274790480034], [0.000146306134411, -0.00100392790046, -0.000397717551095, 0.00610532891005, -0.00170042261016, 0.000775840773713, 0.000108193540655, -0.00103120552376, -0.000334320706315, 0.000616906385403, -0.000673192262184, 0.000268736795988, -0.000443632889073], [-8.66615882842e-05, -0.000209173565963, -0.000537739135325, -0.00170042261016, 0.00663689896464, -0.000809837831184, 0.00122869783081, -0.000920735066757, 0.000668251537718, -0.00235040346161, 0.00200039846823, -0.000404743273975, -0.00140735786408], [0.000138019109727, -0.000233451690292, -0.00126019807067, 0.000775840773713, -0.000809837831184, 0.00807086005807, -0.00334295071661, 0.000756742781959, -0.000991961336695, 0.00197053560987, -0.000305175053654, 0.000241545174504, -0.000200873051654], [6.95427224855e-05, -8.25774914119e-05, 0.00117369194049, 0.000108193540655, 0.00122869783081, -0.00334295071661, 0.0080752465874, -0.00376914138906, 0.00365434843116, -0.00257041258737, -0.000754288572352, -0.00128423364367, 0.00101192598231], [-6.10751958448e-05, 0.000290811149171, -3.22593332385e-05, -0.00103120552376, -0.000920735066757, 0.000756742781959, -0.00376914138906, 0.0134469168261, -0.00533796427771, 0.00252830632962, -0.00238678092137, 0.002731382614, -0.00142125913408], [0.00013683688303, 0.000287295668386, 0.000293091172352, -0.000334320706315, 0.000668251537718, -0.000991961336695, 0.00365434843116, -0.00533796427771, 0.0087588718161, -0.00412171473727, 0.00275146705098, -0.00122920691501, 0.00360226561315], [5.3099640354e-05, 9.75636066869e-06, 0.000658318924252, 0.000616906385403, -0.00235040346161, 0.00197053560987, -0.00257041258737, 0.00252830632962, -0.00412171473727, 0.0131413917989, -0.00299568218179, -0.000580591091421, -0.000977676711045], [-0.000263715948677, -0.000418706971686, -0.00130964571144, -0.000673192262184, 0.00200039846823, -0.000305175053654, -0.000754288572352, -0.00238678092137, 0.00275146705098, -0.00299568218179, 0.0140875075012, -0.00378417735919, 0.00190272426698], [7.45172801544e-05, 0.000243709873757, -0.000436537375208, 0.000268736795988, -0.000404743273975, 0.000241545174504, -0.00128423364367, 0.002731382614, -0.00122920691501, -0.000580591091421, -0.00378417735919, 0.0158651899546, -0.00553032150492], [-6.45853724563e-05, -0.000777330657002, -0.000274790480034, -0.000443632889073, -0.00140735786408, -0.000200873051654, 0.00101192598231, -0.00142125913408, 0.00360226561315, -0.000977676711045, 0.00190272426698, -0.00553032150492, 0.0158615745604]]
    },
    "spectral_contrast_coeffs": {
        "max": [-0.407078742981, -0.535847306252, -0.489601254463, -0.578384041786, -0.5858040452, -0.604696750641],
        "mean": [-0.664187669754, -0.756552100182, -0.712919235229, -0.738847792149, -0.739058017731, -0.76843047142],
        "min": [-0.898234844208, -0.950744986534, -0.940236628056, -0.937535822392, -0.924978256226, -0.91473531723],
        "stdev": [0.072002761066, 0.0626929998398, 0.0748449042439, 0.0577385462821, 0.0478708595037, 0.0345052517951]
    },
    "spectral_contrast_valleys": {
        "max": [-5.50768995285, -4.83278846741, -5.37431716919, -5.7847661972, -5.75280666351, -7.38238716125],
        "mean": [-7.54527044296, -6.52027177811, -7.04791307449, -7.23925685883, -7.42668008804, -10.5255689621],
        "min": [-12.0598936081, -12.261967659, -12.8281421661, -13.0350704193, -13.3143568039, -14.9022016525],
        "stdev": [0.63778090477, 0.600265681744, 0.618736624718, 0.610694527626, 0.630549490452, 0.714949071407]
    }
},
"rhythm": {
    "beats_count": 103,
    "beats_loudness": {
        "max": 0.0471002198756,
        "mean": 0.0255874358118,
        "min": 0.00359118264169,
        "stdev": 0.00998269300908
    },
    "bpm": 104.725906372,
    "bpm_histogram_first_peak_bpm": 105,
    "bpm_histogram_first_peak_weight": 0.483870983124,
    "bpm_histogram_second_peak_bpm": 136,
    "bpm_histogram_second_peak_spread": 0.594594597816,
    "bpm_histogram_second_peak_weight": 0.147058829665,
    "danceability": 1.28167319298,
    "onset_rate": 3.609375,
    "beats_loudness_band_ratio": {
        "max": [0.849500596523, 0.687393963337, 0.678807914257, 0.833680808544, 0.62144613266, 0.358880341053],
        "mean": [0.0556232109666, 0.140816986561, 0.224841684103, 0.351762831211, 0.219957858324, 0.0558915659785],
        "min": [0.00114652293269, 0.00278696394525, 0.023909220472, 0.0241882968694, 0.0125118670985, 0.00410609086975],
        "stdev": [0.101216323674, 0.134104445577, 0.150762408972, 0.222000733018, 0.139136552811, 0.0537654086947]
    },
