{
"metadata": {
    "version": {
        "essentia": "2.1-beta5",
        "essentia_git_sha": "Undefined",
        "extractor": "music 2.0"
    },
    "audio_properties": {
        "analysis": {
            "equal_loudness": 0,
            "length": 30.6735591888,
            "sample_rate": 44100,
            "start_time": 227.485900879,
            "downmix": "mix"
        },
        "bit_rate": 192000,
        "length": 258.182678223,
        "lossless": 0,
        "number_channels": 2,
        "replay_gain": 2.94507789612,
        "sample_rate": 44100,
        "codec": "mp3",
        "md5_encoded": "af65742f9d9484036735cd3aad79ea27"
    },
    "tags": {
        "file_name": "Spain_Bailemos Un Vals_José Vélez.mp3",
        "encoding": ["Lavf58.29.100"]
    }
},
"lowlevel": {
    "average_loudness": 0.919063568115,
    "barkbands_crest": {
        "max": 22.3881473541,
        "mean": 8.62880039215,
        "min": 2.77870059013,
        "stdev": 3.36316633224
    },
    "barkbands_flatness_db": {
        "max": 0.273684114218,
        "mean": 0.147377088666,
        "min": 0.0548730380833,
        "stdev": 0.0341565199196
    },
    "barkbands_kurtosis": {
        "max": 21.1498279572,
        "mean": 1.59010672569,
        "min": -1.57742333412,
        "stdev": 2.16898155212
    },
    "barkbands_skewness": {
        "max": 2.72134876251,
        "mean": 0.0475214757025,
        "min": -2.01064944267,
        "stdev": 0.629765033722
    },
    "barkbands_spread": {
        "max": 56.9015159607,
        "mean": 13.5389814377,
        "min": 1.73829817772,
        "stdev": 6.71133327484
    },
    "dissonance": {
        "max": 0.5,
        "mean": 0.464575648308,
        "min": 0.0764703303576,
        "stdev": 0.0318330824375
    },
    "dynamic_complexity": 3.30540704727,
    "erbbands_crest": {
        "max": 29.7254199982,
        "mean": 10.6828651428,
        "min": 2.76587867737,
        "stdev": 4.37582492828
    },
    "erbbands_flatness_db": {
        "max": 0.372166901827,
        "mean": 0.23277105391,
        "min": 0.0891242101789,
        "stdev": 0.041183385998
    },
    "erbbands_kurtosis": {
        "max": 20.1728973389,
        "mean": 2.23319888115,
        "min": -1.48287403584,
        "stdev": 2.47713422775
    },
    "erbbands_skewness": {
        "max": 3.30050563812,
        "mean": 0.478702515364,
        "min": -1.50994169712,
        "stdev": 0.623425006866
    },
    "erbbands_spread": {
        "max": 58.5751571655,
        "mean": 15.4844779968,
        "min": 2.81455922127,
        "stdev": 8.74392127991
    },
    "hfc": {
        "max": 116.424446106,
        "mean": 28.1488399506,
        "min": 1.09942983964e-16,
        "stdev": 19.4179534912
    },
    "loudness_ebu128": {
        "integrated": -26.6642417908,
        "loudness_range": 4.18216705322,
        "momentary": {
            "max": -22.5942020416,
            "mean": -27.6996421814,
            "min": -40.1478652954,
            "stdev": 3.32391786575
        },
        "short_term": {
            "max": -24.5136585236,
            "mean": -26.8990898132,
            "min": -29.9030056,
            "stdev": 1.45464372635
        }
    },
    "melbands_crest": {
        "max": 26.9314918518,
        "mean": 9.76558589935,
        "min": 1.80437231064,
        "stdev": 4.15799188614
    },
    "melbands_flatness_db": {
        "max": 0.278648525476,
        "mean": 0.154839128256,
        "min": 0.00437948852777,
        "stdev": 0.0433507710695
    },
    "melbands_kurtosis": {
        "max": 22.0756893158,
        "mean": 1.71552026272,
        "min": -1.56883430481,
        "stdev": 2.44488406181
    },
    "melbands_skewness": {
        "max": 3.97259926796,
        "mean": 0.254220724106,
        "min": -1.70440638065,
        "stdev": 0.783853232861
    },
    "melbands_spread": {
        "max": 154.852783203,
        "mean": 26.3322296143,
        "min": 3.2231771946,
        "stdev": 14.1980257034
    },
    "pitch_salience": {
        "max": 0.979657590389,
        "mean": 0.618052363396,
        "min": 0.295410841703,
        "stdev": 0.111878588796
    },
    "silence_rate_20dB": {
        "max": 1,
        "mean": 1,
        "min": 1,
        "stdev": 0
    },
    "silence_rate_30dB": {
        "max": 1,
        "mean": 1,
        "min": 1,
        "stdev": 0
    },
    "silence_rate_60dB": {
        "max": 1,
        "mean": 0.0847201198339,
        "min": 0,
        "stdev": 0.27846622467
    },
    "spectral_centroid": {
        "max": 11256.1240234,
        "mean": 1727.20556641,
        "min": 604.121582031,
        "stdev": 865.119384766
    },
    "spectral_complexity": {
        "max": 44,
        "mean": 21.6301059723,
        "min": 0,
        "stdev": 8.14450073242
    },
    "spectral_decrease": {
        "max": 1.98358000912e-28,
        "mean": -5.39862687887e-09,
        "min": -2.32280026324e-08,
        "stdev": 3.97648092232e-09
    },
    "spectral_energy": {
        "max": 0.0953895747662,
        "mean": 0.022928847,
        "min": 1.006967107e-20,
        "stdev": 0.0166850611567
    },
    "spectral_energyband_high": {
        "max": 0.0030052124057,
        "mean": 0.000335624703439,
        "min": 7.03675600074e-21,
        "stdev": 0.00029881685623
    },
    "spectral_energyband_low": {
        "max": 0.0254747532308,
        "mean": 0.000988898798823,
        "min": 2.01538578496e-23,
        "stdev": 0.00198890455067
    },
    "spectral_energyband_middle_high": {
        "max": 0.0860334262252,
        "mean": 0.0161820296198,
        "min": 1.38912745806e-21,
        "stdev": 0.0129702342674
    },
    "spectral_energyband_middle_low": {
        "max": 0.0687588229775,
        "mean": 0.00578012131155,
        "min": 2.01689784199e-22,
        "stdev": 0.0068590096198
    },
    "spectral_entropy": {
        "max": 9.81744480133,
        "mean": 7.47804927826,
        "min": 6.63053607941,
        "stdev": 0.371980458498
    },
    "spectral_flux": {
        "max": 0.259347915649,
        "mean": 0.0900386869907,
        "min": 6.44310854669e-11,
        "stdev": 0.04128761217
    },
    "spectral_kurtosis": {
        "max": 16.1628932953,
        "mean": 5.52521419525,
        "min": -1.23183834553,
        "stdev": 2.45920586586
    },
    "spectral_rms": {
        "max": 0.00964691676199,
        "mean": 0.00436599133536,
        "min": 3.13433719083e-12,
        "stdev": 0.00181871419773
    },
    "spectral_rolloff": {
        "max": 19143.0175781,
        "mean": 1926.73425293,
        "min": 430.6640625,
        "stdev": 1687.65576172
    },
    "spectral_skewness": {
        "max": 2.59238505363,
        "mean": 1.60120809078,
        "min": -0.0353978015482,
        "stdev": 0.313466519117
    },
    "spectral_spread": {
        "max": 41816852,
        "mean": 3246252.5,
        "min": 1873491.875,
        "stdev": 3146027.25
    },
    "spectral_strongpeak": {
        "max": 12.778222084,
        "mean": 2.45996761322,
        "min": 0,
        "stdev": 2.01410698891
    },
    "zerocrossingrate": {
        "max": 0.521484375,
        "mean": 0.0731070041656,
        "min": 0.02392578125,
        "stdev": 0.043595328927
    },
    "barkbands": {
        "max": [0.000267138384515, 0.0155757730827, 0.0129066659138, 0.0221618153155, 0.0183589030057, 0.0115315448493, 0.0269779171795, 0.0341789424419, 0.0366037860513, 0.0219959020615, 0.0717970579863, 0.0721968561411, 0.0600897930562, 0.0320819839835, 0.0121519928798, 0.00725877424702, 0.00536745460704, 0.00347249861807, 0.00221484783106, 0.00435808114707, 0.00124081701506, 0.00121342914645, 0.000362751306966, 0.000305124471197, 0.000140332515002, 3.04012646666e-05, 1.4413165772e-08],
        "mean": [1.62920532603e-05, 0.000331821618602, 0.000516234023962, 0.000239934961428, 0.00070722179953, 0.000540852255654, 0.000630857830402, 0.000600479892455, 0.00253786635585, 0.00177690782584, 0.00156818283722, 0.00453266873956, 0.00398655189201, 0.00198954087682, 0.000774629530497, 0.000582173001021, 0.000373114366084, 0.000413855246734, 0.000284532085061, 0.000306144414935, 8.15102175693e-05, 5.58019964956e-05, 3.89024498872e-05, 3.05374596792e-05, 1.10431819849e-05, 1.2110259604e-06, 1.26997068417e-09],
        "min": [7.31020243144e-25, 1.06810417615e-23, 3.42851334525e-24, 4.17733127649e-24, 1.39985324007e-23, 1.03642084007e-23, 1.60536538983e-23, 6.03044048464e-24, 2.69780142839e-23, 2.28144064262e-23, 3.29042561038e-23, 3.6577331318e-23, 4.33408985016e-23, 5.69517878089e-23, 4.68909492799e-23, 6.87103465137e-23, 1.25705919258e-22, 1.24511470252e-22, 1.58884676869e-22, 2.88483050404e-22, 3.28226165731e-22, 3.78629833736e-22, 4.9668939366e-22, 6.19700652418e-22, 9.44380049033e-22, 1.39308312218e-21, 2.09865616876e-21],
        "stdev": [2.44567345362e-05, 0.00094377953792, 0.00114949105773, 0.00104213075247, 0.00140775798354, 0.000816164771095, 0.00171435135417, 0.00172204396222, 0.00438224105164, 0.0029653403908, 0.00386410509236, 0.00586210004985, 0.00602238392457, 0.00352888042107, 0.00110426684842, 0.000866219110321, 0.000572654011194, 0.000420325552113, 0.000256885134149, 0.000381664547604, 9.15160562727e-05, 6.83502148604e-05, 4.23756791861e-05, 3.31637857016e-05, 1.76206667675e-05, 2.31994522437e-06, 1.47519285676e-09]
    },
    "erbbands": {
        "max": [0.239404186606, 4.05899143219, 10.153128624, 48.0365104675, 69.651184082, 69.5118255615, 50.5325050354, 114.745307922, 476.825531006, 644.968933105, 757.565307617, 1104.0982666, 1054.75292969, 838.562683105, 3329.1315918, 2770.6340332, 2446.19799805, 1875.66003418, 455.755706787, 323.465911865, 407.166503906, 218.639587402, 174.249588013, 126.677078247, 216.5834198, 186.625427246, 69.8917007446, 27.5031471252, 63.2620658875, 9.18136501312, 10.2600736618, 7.35639953613, 3.76661729813, 2.55346918106, 1.1932451725, 0.252747416496, 0.0107935322449, 0.000513149308972, 5.71587697777e-05, 0.000116129835078],
        "mean": [0.00572584196925, 0.095251262188, 0.5197737813, 0.766992807388, 1.38277935982, 2.43027544022, 2.98812127113, 5.63684558868, 8.43775081635, 10.1306905746, 16.7439937592, 48.2612800598, 70.679649353, 56.5468406677, 107.774856567, 167.421615601, 171.661376953, 135.91696167, 57.4764518738, 35.5767021179, 31.6431541443, 22.0349559784, 23.5277442932, 17.2754859924, 14.9393234253, 14.0051136017, 5.32483053207, 2.30570626259, 2.15763926506, 1.52043664455, 1.0502808094, 0.842329382896, 0.362474381924, 0.164789676666, 0.058097653091, 0.011579846032, 0.000985344988294, 8.65168767632e-05, 1.66727895703e-05, 2.89032741421e-05],
        "min": [1.62781523523e-22, 1.84993915483e-21, 5.27609802795e-21, 1.232758576e-20, 2.0413466887e-20, 5.00572580525e-20, 8.72718326991e-20, 1.02944294518e-19, 2.56126628058e-19, 3.93046396884e-19, 5.36766495075e-19, 6.99629723989e-19, 1.05905195276e-18, 1.59905231044e-18, 1.95689570991e-18, 1.69263208031e-18, 1.9321628028e-18, 3.71822110759e-18, 3.58056832749e-18, 3.37155074684e-18, 3.98196351e-18, 7.19745484696e-18, 7.66991477025e-18, 8.90707587289e-18, 8.95341701234e-18, 1.34909683749e-17, 1.33229208432e-17, 1.42408969357e-17, 1.22015981135e-17, 1.36478489683e-17, 1.41945615865e-17, 1.02611051884e-17, 9.3894545189e-18, 1.01917171427e-17, 7.25097177823e-18, 5.08431154358e-18, 2.34533207414e-18, 9.83379815958e-19, 3.03751732771e-19, 2.92840128355e-20],
        "stdev": [0.0162770412862, 0.251714497805, 1.04561924934, 2.47389435768, 4.39778137207, 4.96212482452, 4.09178161621, 8.59736633301, 23.0288562775, 29.9722270966, 42.2433891296, 87.2667922974, 110.577285767, 86.4863510132, 193.682022095, 216.173126221, 233.769378662, 224.741470337, 58.1493301392, 46.7395782471, 48.1225509644, 30.0808944702, 23.7310810089, 15.54682827, 15.4837369919, 18.1180801392, 5.51877689362, 2.5689868927, 2.99158143997, 1.59739255905, 1.12724387646, 0.822316169739, 0.476576268673, 0.259197771549, 0.103239864111, 0.0220336504281, 0.000977263553068, 5.29020035174e-05, 1.04408536572e-05, 2.0413308448e-05]
    },
    "gfcc": {
        "mean": [-30.899723053, 92.3300323486, -181.447967529, 15.4546403885, -62.8064002991, 21.921251297, -30.9821166992, 1.31127750874, -26.0411930084, -4.30576658249, -2.0989689827, -8.07422733307, -8.06883907318],
        "cov": [[14807.0693359, 1140.43029785, -2058.91650391, 130.357254028, -671.522033691, 373.670501709, -181.777770996, 9.39011955261, -273.31539917, -108.587158203, 138.036132812, -236.798568726, -126.094139099], [1140.43029785, 1025.69396973, 218.836349487, -59.765789032, 18.5079345703, -130.462509155, 159.066040039, -189.591018677, -148.300369263, -110.85634613, 86.1767807007, -110.526344299, -105.715766907], [-2058.91650391, 218.836349487, 691.27166748, 89.1757583618, 84.193939209, -93.282661438, -12.235748291, -41.7382049561, -1.19747340679, 4.49542951584, -49.6679000854, 2.68161320686, -30.6030063629], [130.357254028, -59.765789032, 89.1757583618, 186.118103027, 9.72473621368, 14.6918411255, -94.9954986572, 42.3524627686, 30.6207065582, 34.0083312988, -67.2013931274, 17.6534900665, 10.8536167145], [-671.522033691, 18.5079345703, 84.193939209, 9.72473621368, 147.940689087, 20.7663993835, 58.0425338745, -10.8863668442, 11.6397256851, 8.0980348587, 6.05338954926, -3.66908144951, -6.11099910736], [373.670501709, -130.462509155, -93.282661438, 14.6918411255, 20.7663993835, 163.768615723, 53.8270149231, 35.2744369507, -5.08846712112, 13.2740507126, 16.6919155121, -10.8355264664, -5.1886100769], [-181.777770996, 159.066040039, -12.235748291, -94.9954986572, 58.0425338745, 53.8270149231, 249.321487427, -33.363117218, -58.4868583679, -48.1191711426, 94.4953536987, -44.5492210388, -30.4384555817], [9.39011955261, -189.591018677, -41.7382049561, 42.3524627686, -10.8863668442, 35.2744369507, -33.363117218, 128.329711914, 74.9319839478, 38.4880638123, -35.227596283, 19.6810684204, 23.5903911591], [-273.31539917, -148.300369263, -1.19747340679, 30.6207065582, 11.6397256851, -5.08846712112, -58.4868583679, 74.9319839478, 114.209938049, 45.7284851074, -39.3905296326, 20.9520301819, 22.7684421539], [-108.587158203, -110.85634613, 4.49542951584, 34.0083312988, 8.0980348587, 13.2740507126, -48.1191711426, 38.4880638123, 45.7284851074, 79.2534408569, -7.1022901535, 26.947385788, 16.6408691406], [138.036132812, 86.1767807007, -49.6679000854, -67.2013931274, 6.05338954926, 16.6919155121, 94.4953536987, -35.227596283, -39.3905296326, -7.1022901535, 110.77469635, -4.34715080261, -11.2904634476], [-236.798568726, -110.526344299, 2.68161320686, 17.6534900665, -3.66908144951, -10.8355264664, -44.5492210388, 19.6810684204, 20.9520301819, 26.947385788, -4.34715080261, 74.2290267944, 40.3080101013], [-126.094139099, -105.715766907, -30.6030063629, 10.8536167145, -6.11099910736, -5.1886100769, -30.4384555817, 23.5903911591, 22.7684421539, 16.6408691406, -11.2904634476, 40.3080101013, 58.567691803]],
        "icov": [[0.00112665386405, -0.00311140832491, 0.00372985121794, -0.00215698522516, 0.00286559597589, -0.00338774058037, 0.0025405716151, -0.00172846706118, 0.00102988420986, -0.000356709468178, -0.00057926872978, 0.00057526276214, 0.000367007043678], [-0.00311140832491, 0.0107487533242, -0.0106027554721, 0.00506874592975, -0.0076918634586, 0.0111729484051, -0.00792653672397, 0.00615272624418, -0.00227148737758, 0.00159620400518, 0.000621765851974, 3.23275380651e-05, 0.000340038444847], [0.00372985121794, -0.0106027554721, 0.0144798271358, -0.00816920213401, 0.00852064415812, -0.00998875219375, 0.00771760893986, -0.00531794968992, 0.00345933996141, -0.00183321069926, -0.000684800790623, 0.000737220747396, 0.00266575207934], [-0.00215698522516, 0.00506874592975, -0.00816920213401, 0.0135657675564, -0.00676380144432, 0.00382375461049, -0.00154119171202, 0.000554417259991, -0.000113961999887, -0.0010638468666, 0.00428650528193, -0.0017378104385, -0.00129966274835], [0.00286559597589, -0.0076918634586, 0.00852064415812, -0.00676380144432, 0.0169491451234, -0.00971029791981, 0.00243029603735, -0.00083996320609, -0.000916317279916, -0.00257350620814, -2.33482642216e-05, 0.000674325390719, 0.00111972272862], [-0.00338774058037, 0.0111729484051, -0.00998875219375, 0.00382375461049, -0.00971029791981, 0.0208348464221, -0.0108596486971, 0.00320413638838, 2.65502130787e-05, -0.000980927376077, 0.00111795973498, 0.000268320145551, 0.00114307831973], [0.0025405716151, -0.00792653672397, 0.00771760893986, -0.00154119171202, 0.00243029603735, -0.0108596486971, 0.016902204603, -0.00765605596825, 0.00438885204494, 0.00354555854574, -0.00792955141515, 0.00448093470186, -0.000686079496518], [-0.00172846706118, 0.00615272624418, -0.00531794968992, 0.000554417259991, -0.00083996320609, 0.00320413638838, -0.00765605596825, 0.0205397475511, -0.0112758092582, -0.00120355456602, 0.00368820433505, -0.00147217058111, -0.00110328197479], [0.00102988420986, -0.00227148737758, 0.00345933996141, -0.000113961999887, -0.000916317279916, 2.65502130787e-05, 0.00438885204494, -0.0112758092582, 0.020911835134, -0.00619445974007, 0.00171232339926, 0.00237708096392, -0.00100002204999], [-0.000356709468178, 0.00159620400518, -0.00183321069926, -0.0010638468666, -0.00257350620814, -0.000980927376077, 0.00354555854574, -0.00120355456602, -0.00619445974007, 0.0220754873008, -0.00625240430236, -0.00311291520484, 0.00039736693725], [-0.00057926872978, 0.000621765851974, -0.000684800790623, 0.00428650528193, -2.33482642216e-05, 0.00111795973498, -0.00792955141515, 0.00368820433505, 0.00171232339926, -0.00625240430236, 0.0195155143738, -0.00562507333234, 0.00195720046759], [0.00057526276214, 3.23275380651e-05, 0.000737220747396, -0.0017378104385, 0.000674325390719, 0.000268320145551, 0.00448093470186, -0.00147217058111, 0.00237708096392, -0.00311291520484, -0.00562507333234, 0.0269975662231, -0.0146844843403], [0.000367007043678, 0.000340038444847, 0.00266575207934, -0.00129966274835, 0.00111972272862, 0.00114307831973, -0.000686079496518, -0.00110328197479, -0.00100002204999, 0.00039736693725, 0.00195720046759, -0.0146844843403, 0.0311773363501]]
    },
    "melbands": {
        "max": [0.00348271569237, 0.00422082096338, 0.00833419896662, 0.00554452650249, 0.00180182186887, 0.00284742866643, 0.00640087993816, 0.00606836006045, 0.00553214177489, 0.00720415590331, 0.00515838665888, 0.0031174949836, 0.0106107862666, 0.00739746820182, 0.00963232759386, 0.00797289889306, 0.00351910083555, 0.00110607896931, 0.00115819089115, 0.000493022438604, 0.000491333950777, 0.0002959704143, 0.000219885914703, 0.000221547306865, 0.0001071421284, 9.01685416466e-05, 0.000278653227724, 9.91221750155e-05, 6.55507828924e-05, 1.36896969707e-05, 1.15717875815e-05, 5.25887735421e-05, 9.74569502432e-06, 6.65762991048e-06, 6.1047867348e-06, 5.77496939513e-06, 4.07092511523e-06, 2.91665332952e-06, 1.86922727607e-06, 2.40879739977e-06],
        "mean": [7.428972458e-05, 0.000219161112909, 0.000148570208694, 0.000139191193739, 0.000110706539999, 0.000122931523947, 0.000128953382955, 0.000115003611427, 0.00014261151955, 0.000353825424099, 0.000355780182872, 0.000223225259106, 0.00026912780595, 0.000515542051289, 0.000389764289139, 0.00040405994514, 0.00022355139663, 9.40514655667e-05, 6.3341576606e-05, 3.71541682398e-05, 3.63039216609e-05, 2.22394482989e-05, 1.99657843041e-05, 2.10122962017e-05, 1.3176808352e-05, 1.06980323835e-05, 1.21704215417e-05, 8.41685869091e-06, 3.76943080482e-06, 1.71112844782e-06, 1.13028272608e-06, 1.30217767946e-06, 9.66609263742e-07, 7.98810049218e-07, 6.05843183621e-07, 5.85413090448e-07, 4.76121527981e-07, 2.64935124505e-07, 1.81100077157e-07, 1.21629142313e-07],
        "min": [2.1075119197e-24, 2.67092466125e-24, 4.05544201145e-24, 3.02005990398e-24, 3.08932662462e-24, 2.30519612382e-24, 4.24601739551e-24, 3.78835461375e-24, 6.00470705306e-24, 4.77257061126e-24, 5.02390997871e-24, 5.96413633113e-24, 5.85403619788e-24, 4.13468900583e-24, 2.99435585746e-24, 6.11608711312e-24, 6.54638943768e-24, 4.40565168272e-24, 3.85452268876e-24, 3.93375508922e-24, 4.23274914952e-24, 7.03965982298e-24, 6.55947979554e-24, 5.63924357288e-24, 6.4984779706e-24, 5.49107301235e-24, 8.05346204874e-24, 7.77636992262e-24, 8.78267008117e-24, 7.61872711476e-24, 7.86433028013e-24, 6.31309447458e-24, 7.80135630293e-24, 7.32272520388e-24, 7.886318989e-24, 5.99234639153e-24, 5.6922483204e-24, 5.50537466613e-24, 8.46884780244e-24, 8.43170113127e-24],
        "stdev": [0.000217288674321, 0.000427429011324, 0.000458007765701, 0.000344119733199, 0.000153418033733, 0.000198763606022, 0.000326901616063, 0.000322051841067, 0.00036208704114, 0.000633641437162, 0.00056147162104, 0.000364648265531, 0.000568860792555, 0.000669146655127, 0.000707080645952, 0.000671168556437, 0.000405897939345, 0.000115368420666, 0.00010322509479, 5.6812667026e-05, 6.0845639382e-05, 3.29847098328e-05, 2.46195868385e-05, 2.37424374063e-05, 1.29031541292e-05, 1.07491914605e-05, 1.7213051251e-05, 1.1299700418e-05, 4.49448134532e-06, 1.78813593266e-06, 1.40872225529e-06, 2.19766138798e-06, 1.06699042135e-06, 9.00536974768e-07, 6.95703079145e-07, 6.15287945038e-07, 4.68402106435e-07, 3.65714299733e-07, 2.5504064638e-07, 2.08856917538e-07]
    },
    "melbands128": {
        "max": [0.000139717449201, 0.000754505512305, 0.00554310111329, 0.00755425356328, 0.0054747578688, 0.00749977491796, 0.0108026759699, 0.0112990476191, 0.00799560640007, 0.00783017277718, 0.00416869670153, 0.00297395326197, 0.00216528167948, 0.00263964012265, 0.00397949758917, 0.00427737366408, 0.0107869170606, 0.00884185545146, 0.00471589760855, 0.0123384129256, 0.00702123576775, 0.0100913755596, 0.00606057187542, 0.00862075015903, 0.0100121395662, 0.00979977101088, 0.015584259294, 0.00662286672741, 0.00665223971009, 0.00463078450412, 0.00409771548584, 0.00880656484514, 0.0145977120847, 0.0172978565097, 0.0102519989014, 0.0115103749558, 0.0111139724031, 0.0192971955985, 0.00855209957808, 0.0075344350189, 0.0144552737474, 0.00835625827312, 0.00818992964923, 0.00420771166682, 0.00263382238336, 0.00134476018138, 0.00125832215417, 0.00290573062375, 0.000777578912675, 0.000715487054549, 0.000620770617388, 0.000614164920989, 0.00101285101846, 0.00063383707311, 0.00109884038102, 0.000273055513389, 0.00040714838542, 0.000419728166889, 0.000345451582689, 0.000271832366707, 0.000453967455542, 0.000455192930531, 0.000198085806915, 0.000110430883069, 0.000267338269623, 0.000137246854138, 0.000253208330832, 0.000249039381742, 0.000431149761425, 0.000400706892833, 0.000153221481014, 9.21350438148e-05, 5.45900256839e-05, 0.000113213121949, 3.03278848151e-05, 2.44182028837e-05, 1.56273144967e-05, 2.79142350337e-05, 1.19012411233e-05, 1.03152333395e-05, 7.31558029656e-05, 6.40159778413e-05, 1.80191418622e-05, 1.27367620735e-05, 7.86309647083e-06, 6.93864467394e-06, 1.33950470627e-05, 1.48364360939e-05, 8.14408485894e-06, 8.94233744475e-06, 8.84499240783e-06, 6.83892676534e-06, 1.09969569166e-05, 3.88719900002e-06, 5.92406649957e-06, 3.71560940948e-06, 5.3143076002e-06, 4.19279331254e-06, 1.9503513613e-06, 3.13850500788e-06, 4.52405538454e-06, 3.106234999e-06, 2.09555673791e-06, 1.39533267429e-06, 3.59503451364e-06, 8.8205956672e-07, 8.07792446267e-07, 1.63346146564e-06, 7.01364342603e-07, 2.99509224533e-07, 9.14538347274e-08, 3.2504079428e-08, 1.55945087954e-08, 1.2140357164e-08, 5.92474469485e-09, 1.339918132e-08, 1.23616128445e-09, 4.51307047289e-11, 4.4363006324e-11, 4.33961443169e-11, 4.22508451836e-11, 4.21588805533e-11, 4.18802180435e-11, 4.00284458357e-11, 3.96386846957e-11, 3.95922912511e-11, 3.93521604192e-11, 3.95139442e-11],
        "mean": [9.81230914476e-06, 2.78599436569e-05, 0.000100775563624, 0.000163550095749, 0.000257638108451, 0.000244569877395, 0.000155832298333, 0.000113572357805, 0.000140804229886, 0.000147060185554, 0.000131018881802, 0.000141864904435, 9.9435885204e-05, 7.41732874303e-05, 0.000130317377625, 0.00014021449897, 0.000144810517668, 0.000121205681353, 0.000120310542115, 0.000105702551082, 0.000113484988105, 0.000140097137773, 0.000126335318782, 0.000173582753632, 0.000228239718126, 0.000474424014101, 0.000553268473595, 0.00027792993933, 0.000280457403278, 0.000232425358263, 0.000220050860662, 0.000170564540895, 0.000176452784217, 0.000374991301214, 0.000650547503028, 0.00053998536896, 0.000310855713906, 0.0005087472382, 0.000300476618577, 0.00033952461672, 0.000500897411257, 0.000385642197216, 0.00023395664175, 0.000126492930576, 0.000131270455313, 8.25207607704e-05, 5.44279901078e-05, 9.32883485802e-05, 4.64387267129e-05, 3.44850413967e-05, 3.83214428439e-05, 3.63995568478e-05, 4.50019942946e-05, 3.30295661115e-05, 2.2773981982e-05, 2.07761950151e-05, 2.31882404478e-05, 1.80385104613e-05, 1.84434211405e-05, 2.46574054472e-05, 2.30629721045e-05, 1.74270171556e-05, 1.31567576318e-05, 1.1127180187e-05, 1.47016680785e-05, 1.0240130905e-05, 8.43853376864e-06, 1.12295301733e-05, 1.38897621582e-05, 1.2250018699e-05, 9.04498756427e-06, 6.53173219689e-06, 4.20573314841e-06, 3.87502404919e-06, 2.29797092288e-06, 1.75837260485e-06, 1.3814265003e-06, 1.38213522405e-06, 1.02851686279e-06, 9.26674147195e-07, 1.44505497701e-06, 1.43001784636e-06, 1.00930003555e-06, 9.71224267232e-07, 8.83919426542e-07, 7.80440757353e-07, 8.40706377403e-07, 7.05213381025e-07, 5.87243107475e-07, 5.0633121873e-07, 5.7213060245e-07, 6.04796809967e-07, 6.43721193683e-07, 4.70501163363e-07, 4.12888851997e-07, 2.71409561492e-07, 2.50726742479e-07, 2.17285915483e-07, 1.76169706378e-07, 1.64284372772e-07, 1.61241928254e-07, 1.02965643123e-07, 9.42437310414e-08, 8.06350541893e-08, 7.2381361349e-08, 4.4081854611e-08, 3.63079877275e-08, 3.13898240734e-08, 1.54299595323e-08, 8.06868172276e-09, 4.28299395949e-09, 1.82051906883e-09, 2.79983192186e-09, 9.09247566128e-10, 7.76214592602e-10, 1.29229416057e-09, 2.68075735221e-11, 5.28354183321e-12, 5.1815383581e-12, 5.12216224297e-12, 5.07518766596e-12, 5.03967744273e-12, 4.91644528908e-12, 4.82540743474e-12, 4.82017420769e-12, 4.84041582857e-12, 4.81228121588e-12, 4.76067969768e-12],
        "min": [6.65603853971e-25, 1.336140751e-24, 8.00138066292e-25, 3.9109329488e-24, 3.11161786165e-24, 1.30243440085e-24, 1.48985552459e-24, 1.99285907295e-24, 1.87505334638e-24, 1.22185955635e-24, 2.03848382948e-24, 2.08086439554e-24, 2.73834505295e-24, 1.26637823128e-24, 2.29979854029e-24, 1.5393592581e-25, 1.38367366346e-24, 2.69943646095e-24, 2.18506700466e-24, 3.78568353073e-24, 7.59432646367e-25, 1.43622560481e-24, 3.30160160004e-24, 1.58630225051e-24, 1.88414358781e-24, 1.3093709534e-24, 1.37135520599e-24, 2.39530341559e-25, 6.15482146547e-25, 2.74255086486e-24, 5.2160335023e-24, 3.29915711731e-24, 3.92607316172e-24, 1.68374570218e-24, 2.35346455045e-24, 3.0974526808e-24, 3.53027285215e-24, 3.1567312391e-24, 1.08352076649e-24, 2.94863032394e-24, 2.33337127712e-24, 3.19102854467e-24, 4.68430378129e-24, 3.01326367006e-24, 9.93780738772e-25, 1.44584694684e-24, 2.80552740586e-24, 3.57187343199e-24, 3.95672711321e-24, 4.02979890443e-24, 1.24865341421e-24, 2.61098681246e-24, 3.43529163258e-24, 3.95215211439e-24, 5.16170859606e-24, 3.55106683118e-24, 4.29967768644e-24, 2.59657077385e-24, 3.11133012463e-24, 4.60246971756e-24, 5.22848251624e-24, 4.00645690468e-24, 5.35476179223e-24, 3.20319455477e-24, 2.87357829464e-24, 3.12111988847e-24, 2.55876047344e-24, 4.27573851898e-24, 7.292677492e-24, 4.23021256728e-24, 4.66923417141e-24, 7.22782918128e-24, 6.5060135644e-24, 5.25690123035e-24, 4.60307004071e-24, 6.55903093368e-24, 5.18825770983e-24, 5.69586366993e-24, 7.29138218239e-24, 8.00975521029e-24, 4.79187364318e-24, 5.87597481408e-24, 5.71320283262e-24, 4.7161536459e-24, 9.03932834327e-24, 5.28025072429e-24, 4.91719642532e-24, 5.5495260277e-24, 8.30271842896e-24, 6.27731608266e-24, 5.97173582266e-24, 4.11141287596e-24, 5.39215813787e-24, 4.7514977699e-24, 6.08934591173e-24, 5.53380363543e-24, 4.17050802409e-24, 5.1791144175e-24, 7.82114724532e-24, 7.14994415525e-24, 7.32999771256e-24, 6.75210424581e-24, 8.28992547166e-24, 7.20052749421e-24, 4.91933463281e-24, 5.62200853983e-24, 7.56442824093e-24, 4.96600916599e-24, 6.51477780905e-24, 5.08631124289e-24, 6.31807770892e-24, 7.15680803399e-24, 4.92241631793e-24, 4.83243568764e-24, 7.72028743428e-24, 5.83733719581e-24, 6.30817908228e-24, 6.05978768804e-24, 8.22081573434e-24, 7.25010109122e-24, 7.51243126322e-24, 6.29078509375e-24, 5.92203798006e-24, 5.62320445296e-24, 5.33923227645e-24, 7.25310586241e-24, 7.41771904522e-24, 9.78845274697e-24],
        "stdev": [1.26857366922e-05, 6.74407856422e-05, 0.000360988487955, 0.000451851985417, 0.000496727065183, 0.000587346730754, 0.000533662620001, 0.000507054617628, 0.000453767599538, 0.000453160173493, 0.000283654022496, 0.000236396241235, 0.000152940119733, 0.000148108243593, 0.000215343694435, 0.000256478058873, 0.000527236727066, 0.000385146355256, 0.000345581705915, 0.000493339204695, 0.000363689498045, 0.000489299418405, 0.000414979003835, 0.000607883674093, 0.000603440625127, 0.0010798840085, 0.00128456298262, 0.000618905236479, 0.00064226827817, 0.00054710614495, 0.00047504392569, 0.000417395378463, 0.000712598033715, 0.00104490842205, 0.00111627730075, 0.000905946188141, 0.000693519366905, 0.00123772199731, 0.000688840693329, 0.000711246742867, 0.00111964798998, 0.000943564402405, 0.000693242298439, 0.000341936422046, 0.000227763535804, 0.000137444410939, 9.61401601671e-05, 0.000215562424273, 7.45272191125e-05, 7.36502770451e-05, 6.93145266268e-05, 6.07927613601e-05, 9.07735375222e-05, 6.86511848471e-05, 5.566802065e-05, 3.27362104144e-05, 4.08040577895e-05, 3.69290391973e-05, 2.58654290519e-05, 3.19184582622e-05, 3.68331129721e-05, 3.2293057302e-05, 1.99720798264e-05, 1.30840880956e-05, 1.95137872652e-05, 1.29851268866e-05, 1.38544673973e-05, 1.78961181518e-05, 2.45242899837e-05, 2.62277135334e-05, 1.47058026414e-05, 9.60185479926e-06, 5.68398718315e-06, 7.00311420587e-06, 2.75381466963e-06, 2.29847660194e-06, 1.9732938199e-06, 2.09465974876e-06, 1.48308993175e-06, 1.39366795793e-06, 3.05062826556e-06, 2.71446174338e-06, 1.40363260925e-06, 1.27020928176e-06, 1.03985132682e-06, 9.48300908021e-07, 1.24863208839e-06, 1.04921059574e-06, 7.34962497972e-07, 6.58346777982e-07, 7.50909180169e-07, 7.33307444989e-07, 8.19206604774e-07, 5.08032087509e-07, 5.2146191365e-07, 3.78255180067e-07, 4.92683227549e-07, 3.57918992222e-07, 2.62779451532e-07, 2.54876198369e-07, 3.56159262083e-07, 2.10834997461e-07, 1.53365135702e-07, 1.50970478785e-07, 1.96890511006e-07, 8.21536545459e-08, 7.1261155199e-08, 9.13010325121e-08, 3.54283002935e-08, 1.60357789269e-08, 8.18607581721e-09, 2.44955078443e-09, 2.02325778353e-09, 1.03590025446e-09, 7.33181737544e-10, 1.29731325682e-09, 8.36101951562e-11, 5.95969974759e-12, 5.76023386975e-12, 5.62979740951e-12, 5.5364510719e-12, 5.39458538604e-12, 5.25657468942e-12, 5.17654322185e-12, 5.099383589e-12, 5.04946475258e-12, 4.97225307802e-12, 4.93613786998e-12]
    },
    "mfcc": {
        "mean": [-645.970153809, 115.614814758, -49.8381080627, -4.15476036072, -11.3046760559, 6.60652494431, 7.19762849808, 4.21148014069, -13.981502533, 4.01155948639, -2.93423008919, 1.21748030186, -2.61165809631],
        "cov": [[5689.35449219, 431.62713623, -490.851196289, -205.163116455, -157.771224976, 43.7369766235, 178.583251953, 87.117729187, -169.403381348, 117.815055847, 79.756980896, 65.4179077148, -67.6318054199], [431.62713623, 1069.02868652, 190.747817993, 126.729942322, -134.025222778, 35.5444755554, 189.886978149, -10.4076528549, -221.715179443, 24.7040576935, -55.84790802, -24.668176651, -56.0537109375], [-490.851196289, 190.747817993, 410.047210693, 138.636962891, 47.8274879456, -4.14665317535, -36.3245773315, -32.2676734924, -5.83329057693, -33.6143264771, -8.69862174988, -11.0446176529, -21.7106361389], [-205.163116455, 126.729942322, 138.636962891, 172.274246216, 62.283454895, -7.59961175919, -51.1930580139, -26.438035965, 17.4835166931, -17.1220932007, -15.8293848038, -22.5103816986, 9.20557022095], [-157.771224976, -134.025222778, 47.8274879456, 62.283454895, 162.686813354, 2.6243057251, -109.676437378, -24.9698085785, 85.2257843018, -11.5452127457, 13.6481895447, -7.63356971741, 17.2564220428], [43.7369766235, 35.5444755554, -4.14665317535, -7.59961175919, 2.6243057251, 106.607460022, 82.8059387207, 10.9830913544, -24.865901947, 3.39729356766, 7.76898479462, 7.77562665939, -11.5471000671], [178.583251953, 189.886978149, -36.3245773315, -51.1930580139, -109.676437378, 82.8059387207, 253.852767944, 56.1999206543, -108.483535767, 31.5454730988, 1.27270281315, 22.0031394958, -26.0873146057], [87.117729187, -10.4076528549, -32.2676734924, -26.438035965, -24.9698085785, 10.9830913544, 56.1999206543, 78.2000274658, 9.32122516632, 21.8867359161, 6.94522762299, 6.75916385651, -9.5382270813], [-169.403381348, -221.715179443, -5.83329057693, 17.4835166931, 85.2257843018, -24.865901947, -108.483535767, 9.32122516632, 163.126861572, 6.64106655121, 21.6103801727, -5.99524307251, 19.6157550812], [117.815055847, 24.7040576935, -33.6143264771, -17.1220932007, -11.5452127457, 3.39729356766, 31.5454730988, 21.8867359161, 6.64106655121, 74.4208755493, 23.7949485779, 9.82806968689, -12.8208866119], [79.756980896, -55.84790802, -8.69862174988, -15.8293848038, 13.6481895447, 7.76898479462, 1.27270281315, 6.94522762299, 21.6103801727, 23.7949485779, 73.7539138794, 23.1474933624, -9.16700172424], [65.4179077148, -24.668176651, -11.0446176529, -22.5103816986, -7.63356971741, 7.77562665939, 22.0031394958, 6.75916385651, -5.99524307251, 9.82806968689, 23.1474933624, 53.8396263123, 13.1473550797], [-67.6318054199, -56.0537109375, -21.7106361389, 9.20557022095, 17.2564220428, -11.5471000671, -26.0873146057, -9.5382270813, 19.6157550812, -12.8208866119, -9.16700172424, 13.1473550797, 79.6090164185]],
        "icov": [[0.000230787190958, -0.000180687886314, 0.000325390486978, 0.000112136724056, -6.3457795477e-05, -4.60986775579e-05, 0.000183955242392, -0.000205095202546, 0.000162326017744, -4.2493964429e-05, -0.000241670277319, -0.000207499891985, 0.000146988459164], [-0.000180687886314, 0.00205733976327, -0.000741823751014, -0.00177019904368, 0.000914632692002, 0.000118145937449, -0.000757306115702, 0.000446093588835, 0.00171552051324, -0.00126176665071, 0.000814838916995, 0.000637598510366, 0.000284264533548], [0.000325390486978, -0.000741823751014, 0.00425422703847, -0.00240264018066, -0.000533719314262, 0.000235979954596, 0.000224041388719, 9.30521346163e-05, -6.8293629738e-05, 0.00162909831852, -0.000644077197649, -0.00156991311815, 0.00189091206994], [0.000112136724056, -0.00177019904368, -0.00240264018066, 0.0113810906187, -0.00373551808298, 0.000220055124373, 0.000492612307426, 0.000435275520431, -0.00101189129055, 0.000242827474722, 0.000417919945903, 0.00269550434314, -0.00217581540346], [-6.3457795477e-05, 0.000914632692002, -0.000533719314262, -0.00373551808298, 0.0134290745482, -0.00518139032647, 0.0045106690377, 0.00106077617966, -0.00304629630409, -0.000666927255224, -0.00118086335715, -4.65784214612e-05, -0.000665872532409], [-4.60986775579e-05, 0.000118145937449, 0.000235979954596, 0.000220055124373, -0.00518139032647, 0.0155773228034, -0.00795797165483, 0.0018375805812, -0.000364550331142, 0.00207412824966, -0.000854031182826, -0.000111466477392, 0.00142185296863], [0.000183955242392, -0.000757306115702, 0.000224041388719, 0.000492612307426, 0.0045106690377, -0.00795797165483, 0.0128730768338, -0.00645521329716, 0.0045825317502, -0.00245663616806, -0.000265234004473, -0.00183115387335, -0.000312762509566], [-0.000205095202546, 0.000446093588835, 9.30521346163e-05, 0.000435275520431, 0.00106077617966, 0.0018375805812, -0.00645521329716, 0.019364438951, -0.00560569064692, -0.00211759656668, 0.00121381343342, -0.000404240970965, 0.00160303921439], [0.000162326017744, 0.00171552051324, -6.8293629738e-05, -0.00101189129055, -0.00304629630409, -0.000364550331142, 0.0045825317502, -0.00560569064692, 0.0143326297402, -0.0030047709588, -0.00215344456956, 0.00209566927515, -0.001727869967], [-4.2493964429e-05, -0.00126176665071, 0.00162909831852, 0.000242827474722, -0.000666927255224, 0.00207412824966, -0.00245663616806, -0.00211759656668, -0.0030047709588, 0.0185971930623, -0.00492057669908, -0.00138466095086, 0.00227584247477], [-0.000241670277319, 0.000814838916995, -0.000644077197649, 0.000417919945903, -0.00118086335715, -0.000854031182826, -0.000265234004473, 0.00121381343342, -0.00215344456956, -0.00492057669908, 0.0198976937681, -0.00818211678416, 0.00371571700089], [-0.000207499891985, 0.000637598510366, -0.00156991311815, 0.00269550434314, -4.65784214612e-05, -0.000111466477392, -0.00183115387335, -0.000404240970965, 0.00209566927515, -0.00138466095086, -0.00818211678416, 0.0264881439507, -0.00717777339742], [0.000146988459164, 0.000284264533548, 0.00189091206994, -0.00217581540346, -0.000665872532409, 0.00142185296863, -0.000312762509566, 0.00160303921439, -0.001727869967, 0.00227584247477, 0.00371571700089, -0.00717777339742, 0.016499388963]]
    },
    "spectral_contrast_coeffs": {
        "max": [-0.514613866806, -0.579375386238, -0.458341628313, -0.523825407028, -0.568372786045, -0.608716964722],
        "mean": [-0.736858308315, -0.775041699409, -0.705587804317, -0.727325022221, -0.757374763489, -0.723312616348],
        "min": [-0.982560992241, -0.975059866905, -0.977447271347, -0.969995617867, -0.967219829559, -0.962955892086],
        "stdev": [0.0660115778446, 0.0657759606838, 0.0963522046804, 0.0770237892866, 0.0511066913605, 0.0422384627163]
    },
    "spectral_contrast_valleys": {
        "max": [-5.57411003113, -4.55005550385, -5.10448741913, -5.55898857117, -6.1614151001, -9.09568023682],
        "mean": [-7.79091596603, -6.99471759796, -7.04284000397, -7.38002681732, -7.69330978394, -11.2432184219],
        "min": [-27.4958610535, -27.7233486176, -27.5046005249, -27.3149242401, -27.3997879028, -27.3095245361],
        "stdev": [1.81031358242, 1.84453678131, 1.84074866772, 1.83792054653, 1.80637526512, 1.63112092018]
    }
},
"rhythm": {
    "beats_count": 54,
    "beats_loudness": {
        "max": 0.0591003336012,
        "mean": 0.0265862774104,
        "min": 0.00113945419434,
        "stdev": 0.0150835672393
    },
    "bpm": 103.816665649,
    "bpm_histogram_first_peak_bpm": 103,
    "bpm_histogram_first_peak_weight": 0.555555582047,
    "bpm_histogram_second_peak_bpm": 117,
    "bpm_histogram_second_peak_spread": 0.222222208977,
    "bpm_histogram_second_peak_weight": 0.132075473666,
    "danceability": 0.885251402855,
    "onset_rate": 2.28123235703,
    "beats_loudness_band_ratio": {
        "max": [0.287437617779, 0.444465458393, 0.68673568964, 0.862343549728, 0.62451249361, 0.128816634417],
        "mean": [0.0618287362158, 0.0671587884426, 0.189391747117, 0.511401712894, 0.156679213047, 0.042831722647],
        "min": [0.00274943909608, 0.00377707323059, 0.0191079247743, 0.0776781141758, 0.0272392239422, 0.00863516237587],
        "stdev": [0.0683850944042, 0.0894325897098, 0.157450422645, 0.241306200624, 0.143411278725, 0.0293513163924]
    },
    "beats_position": [0.557278871536, 1.13777780533, 1.71827661991, 2.29877543449, 2.87927436829, 3.45977306366, 4.04027223587, 4.59755086899, 5.16644001007, 5.73532867432, 6.29260778427, 6.84988641739, 7.41877555847, 7.98766422272, 8.55655288696, 9.14866161346, 9.74077033997, 10.321269989, 10.9017686844, 11.4822673798, 12.0859861374, 12.6780948639, 13.2702035904, 13.8623123169, 14.4428119659, 15.0233106613, 15.6038093567, 16.1843090057, 16.7648067474, 17.3685264587, 17.9606342316, 18.5527439117, 19.1332416534, 19.7021312714, 20.2710208893, 20.8282985687, 21.3971881866, 21.9660758972, 22.5465755463, 23.1154651642, 23.6843528748, 24.195192337, 24.7060317993, 25.2168693542, 25.7277088165, 26.2385482788, 26.7493877411, 27.2602272034, 27.747844696, 28.2470741272, 28.7463035583, 29.2339229584, 29.7215423584, 30.2091598511],
