{
"metadata": {
    "version": {
        "essentia": "2.1-beta5",
        "essentia_git_sha": "Undefined",
        "extractor": "music 2.0"
    },
    "audio_properties": {
        "analysis": {
            "equal_loudness": 0,
            "length": 48.7502937317,
            "sample_rate": 44100,
            "start_time": 93.9943771362,
            "downmix": "mix"
        },
        "bit_rate": 192000,
        "length": 165.25642395,
        "lossless": 0,
        "number_channels": 2,
        "replay_gain": -21.571144104,
        "sample_rate": 44100,
        "codec": "mp3",
        "md5_encoded": "a121703ad4124ece468dfa8b381c26fd"
    },
    "tags": {
        "file_name": "United KingdomUK_The Bad Old Days_Co-Co.mp3",
        "encoding": ["Lavf58.29.100"]
    }
},
"lowlevel": {
    "average_loudness": 0.971649110317,
    "barkbands_crest": {
        "max": 21.8685302734,
        "mean": 7.20768165588,
        "min": 2.46884131432,
        "stdev": 2.83992242813
    },
    "barkbands_flatness_db": {
        "max": 0.239899858832,
        "mean": 0.110960632563,
        "min": 0.0482735298574,
        "stdev": 0.0305569656193
    },
    "barkbands_kurtosis": {
        "max": 11.7712650299,
        "mean": -0.154803454876,
        "min": -1.79711031914,
        "stdev": 1.38357746601
    },
    "barkbands_skewness": {
        "max": 3.40947508812,
        "mean": 0.155676931143,
        "min": -1.85090923309,
        "stdev": 0.705231964588
    },
    "barkbands_spread": {
        "max": 74.4882507324,
        "mean": 23.7946891785,
        "min": 5.79110431671,
        "stdev": 9.31280899048
    },
    "dissonance": {
        "max": 0.499972045422,
        "mean": 0.478984504938,
        "min": 0.379888147116,
        "stdev": 0.0155932828784
    },
    "dynamic_complexity": 2.08138847351,
    "erbbands_crest": {
        "max": 28.8758487701,
        "mean": 8.82072353363,
        "min": 2.74145555496,
        "stdev": 3.76148343086
    },
    "erbbands_flatness_db": {
        "max": 0.328320086002,
        "mean": 0.192819878459,
        "min": 0.101898640394,
        "stdev": 0.0324476063251
    },
    "erbbands_kurtosis": {
        "max": 12.2447719574,
        "mean": 0.441759884357,
        "min": -1.58246421814,
        "stdev": 1.371758461
    },
    "erbbands_skewness": {
        "max": 1.70166790485,
        "mean": -0.2901045084,
        "min": -2.7925028801,
        "stdev": 0.573997080326
    },
    "erbbands_spread": {
        "max": 106.781562805,
        "mean": 26.775560379,
        "min": 5.46664619446,
        "stdev": 12.4522705078
    },
    "hfc": {
        "max": 91.9063491821,
        "mean": 29.1307373047,
        "min": 0.211149379611,
        "stdev": 17.7289428711
    },
    "loudness_ebu128": {
        "integrated": -2.5356593132,
        "loudness_range": 1.79782795906,
        "momentary": {
            "max": 0.199266374111,
            "mean": -2.94168996811,
            "min": -13.6958713531,
            "stdev": 1.99329292774
        },
        "short_term": {
            "max": -1.35438942909,
            "mean": -2.61463737488,
            "min": -5.59500694275,
            "stdev": 0.723237514496
        }
    },
    "melbands_crest": {
        "max": 22.3295707703,
        "mean": 9.01438617706,
        "min": 2.79112815857,
        "stdev": 3.44961166382
    },
    "melbands_flatness_db": {
        "max": 0.280052274466,
        "mean": 0.122355498374,
        "min": 0.024685466662,
        "stdev": 0.0390364378691
    },
    "melbands_kurtosis": {
        "max": 39.9351806641,
        "mean": 1.35230565071,
        "min": -1.71137464046,
        "stdev": 3.70573568344
    },
    "melbands_skewness": {
        "max": 5.81667804718,
        "mean": 0.897852838039,
        "min": -1.14127552509,
        "stdev": 0.913850903511
    },
    "melbands_spread": {
        "max": 128.332870483,
        "mean": 42.2884407043,
        "min": 6.81677007675,
        "stdev": 16.5808601379
    },
    "pitch_salience": {
        "max": 0.865648627281,
        "mean": 0.603523731232,
        "min": 0.30490604043,
        "stdev": 0.0714633017778
    },
    "silence_rate_20dB": {
        "max": 1,
        "mean": 1,
        "min": 1,
        "stdev": 0
    },
    "silence_rate_30dB": {
        "max": 1,
        "mean": 1,
        "min": 1,
        "stdev": 0
    },
    "silence_rate_60dB": {
        "max": 1,
        "mean": 0.0323655419052,
        "min": 0,
        "stdev": 0.176969826221
    },
    "spectral_centroid": {
        "max": 3309.31347656,
        "mean": 2082.32617188,
        "min": 512.915283203,
        "stdev": 510.682556152
    },
    "spectral_complexity": {
        "max": 51,
        "mean": 26.5849590302,
        "min": 0,
        "stdev": 9.45736026764
    },
    "spectral_decrease": {
        "max": -6.90115395385e-11,
        "mean": -4.14844070207e-09,
        "min": -8.99776075869e-09,
        "stdev": 2.01120387011e-09
    },
    "spectral_energy": {
        "max": 0.038783904165,
        "mean": 0.0182994380593,
        "min": 0.000291252858005,
        "stdev": 0.00898121949285
    },
    "spectral_energyband_high": {
        "max": 0.00661088246852,
        "mean": 0.00080959207844,
        "min": 3.06060883304e-06,
        "stdev": 0.000817611813545
    },
    "spectral_energyband_low": {
        "max": 0.0181723348796,
        "mean": 0.000849856296554,
        "min": 1.85418548426e-06,
        "stdev": 0.0014604012249
    },
    "spectral_energyband_middle_high": {
        "max": 0.0350394397974,
        "mean": 0.0113884238526,
        "min": 5.94088669459e-05,
        "stdev": 0.00792760122567
    },
    "spectral_energyband_middle_low": {
        "max": 0.0286931507289,
        "mean": 0.00560206454247,
        "min": 5.72948338231e-05,
        "stdev": 0.0037063555792
    },
    "spectral_entropy": {
        "max": 8.64062213898,
        "mean": 7.66482114792,
        "min": 6.7163939476,
        "stdev": 0.233805835247
    },
    "spectral_flux": {
        "max": 0.182686775923,
        "mean": 0.0797234401107,
        "min": 0.00800058338791,
        "stdev": 0.0285114664584
    },
    "spectral_kurtosis": {
        "max": 18.112121582,
        "mean": 4.57378387451,
        "min": -0.824172496796,
        "stdev": 2.00756907463
    },
    "spectral_rms": {
        "max": 0.00615125661716,
        "mean": 0.00406174408272,
        "min": 0.000533056387212,
        "stdev": 0.00116419442929
    },
    "spectral_rolloff": {
        "max": 9474.609375,
        "mean": 2641.94311523,
        "min": 236.865234375,
        "stdev": 1035.06628418
    },
    "spectral_skewness": {
        "max": 3.48971915245,
        "mean": 1.37026023865,
        "min": 0.341792285442,
        "stdev": 0.258888155222
    },
    "spectral_spread": {
        "max": 20371534,
        "mean": 3508925.75,
        "min": 1854034.125,
        "stdev": 1076788.625
    },
    "spectral_strongpeak": {
        "max": 10.8492021561,
        "mean": 2.11601853371,
        "min": 0.015906136483,
        "stdev": 2.007781744
    },
    "zerocrossingrate": {
        "max": 0.25390625,
        "mean": 0.0865659192204,
        "min": 0.02099609375,
        "stdev": 0.0253170318902
    },
    "barkbands": {
        "max": [0.000436818634626, 0.00466342736036, 0.0131253954023, 0.0155774727464, 0.0158357899636, 0.00862146168947, 0.0143711008132, 0.0139644406736, 0.0146682858467, 0.00887341052294, 0.0141639728099, 0.0149226635695, 0.0166307147592, 0.0265687480569, 0.0186764262617, 0.0143992695957, 0.0148603031412, 0.0113163888454, 0.00608986569569, 0.00475275982171, 0.00424345536157, 0.00227847043425, 0.00218230905011, 0.00276689371094, 0.00114808045328, 0.000133818903123, 5.84495728617e-06],
        "mean": [1.53832152137e-05, 0.000207242832403, 0.000406965584261, 0.000542926543858, 0.0017340054037, 0.000701034790836, 0.000854199577589, 0.000690102635417, 0.000854682701174, 0.000626327702776, 0.00114422594197, 0.00102861202322, 0.00136829912663, 0.00144032016397, 0.00140440510586, 0.000895801698789, 0.00126945076045, 0.00100614374969, 0.000917096680496, 0.000568777380977, 0.000226813383051, 0.000147523460328, 0.000114066293463, 8.60359796206e-05, 4.15229333157e-05, 7.28452869225e-06, 1.75268922931e-07],
        "min": [4.25222124179e-09, 2.00052980404e-07, 5.00370674672e-07, 4.62792286271e-07, 4.4039597924e-06, 1.41927296227e-06, 5.2153291108e-07, 8.9114024604e-07, 8.53226651998e-07, 4.82601194562e-08, 1.03950105768e-06, 1.10066309844e-06, 8.24047674541e-07, 2.01938632927e-06, 4.71612020192e-06, 1.14290753572e-06, 2.91929018204e-06, 1.3260112155e-06, 7.32235048417e-06, 1.40505926538e-06, 3.55226916327e-07, 2.68070095899e-07, 3.66823769582e-07, 2.40186125211e-07, 6.89513228735e-08, 3.39723582599e-09, 1.81025582979e-12],
        "stdev": [3.12370975735e-05, 0.000458954047645, 0.000900935265236, 0.000978293828666, 0.00181023858022, 0.000806108291727, 0.00114050437696, 0.00119569897652, 0.0011407105485, 0.000853854347952, 0.00174728466664, 0.00146401429083, 0.00210645934567, 0.00231546675786, 0.00242316839285, 0.00145101326052, 0.00171075586695, 0.00120117992628, 0.000931322283577, 0.000584334367886, 0.000307140377117, 0.000178893227712, 0.000155677756993, 0.000192820763914, 9.21215760172e-05, 1.23446970974e-05, 3.45774481048e-07]
    },
    "erbbands": {
        "max": [0.0792063400149, 1.2296795845, 8.64908790588, 33.651550293, 41.0115623474, 66.8731460571, 76.2957458496, 101.807014465, 196.351867676, 324.463134766, 378.648468018, 397.152282715, 308.767608643, 435.251190186, 601.670166016, 644.984741211, 814.889404297, 1005.47039795, 941.799621582, 900.062561035, 915.325744629, 1023.84246826, 518.634338379, 384.166625977, 365.325866699, 205.120605469, 179.328277588, 190.719909668, 130.865707397, 68.0864944458, 51.034286499, 65.4744720459, 48.3380241394, 18.2576465607, 6.31483125687, 1.41507911682, 0.25578379631, 0.018518820405, 0.000656667689327, 9.1549649369e-05],
        "mean": [0.00352465547621, 0.0593698807061, 0.367851495743, 1.24962341785, 3.45743179321, 7.00790596008, 5.43958997726, 6.23148727417, 9.22493362427, 16.8451080322, 16.0486698151, 18.5171947479, 20.3135948181, 29.8746242523, 42.674041748, 46.4661483765, 60.2629203796, 73.6370925903, 63.3572692871, 77.2902450562, 47.5006332397, 73.7269821167, 57.2702827454, 53.6155319214, 41.3439788818, 25.8060665131, 10.2148170471, 8.32745742798, 5.35317707062, 4.56880092621, 3.05820345879, 2.12398171425, 1.20499241352, 0.594504475594, 0.227200835943, 0.0575032532215, 0.00833750981838, 0.0011100639822, 4.22308512498e-05, 2.65099697572e-05],
        "min": [7.49850232751e-06, 6.05779314355e-05, 0.000495280954055, 0.00203541968949, 0.00532456114888, 0.0308282170445, 0.0290230531245, 0.0527227707207, 0.0316170416772, 0.0223618336022, 0.0235519167036, 0.0217161718756, 0.0125174606219, 0.0376846678555, 0.0627014786005, 0.0750467404723, 0.0460486970842, 0.0830570310354, 0.195204973221, 0.154305964708, 0.0888634771109, 0.222398713231, 0.140495315194, 0.223789259791, 0.367888987064, 0.0798212364316, 0.0188796650618, 0.0160942524672, 0.0102164633572, 0.00694070244208, 0.00821744650602, 0.00768235558644, 0.0025151767768, 0.000867811380886, 0.000482753588585, 0.000199110480025, 1.6445223082e-05, 5.95931282987e-07, 1.97417122649e-07, 3.52726289066e-07],
        "stdev": [0.00693982560188, 0.125574424863, 0.659375786781, 2.36327838898, 4.72080945969, 7.5892829895, 7.07829093933, 7.75422334671, 13.6241159439, 24.7793312073, 24.0491123199, 26.2796573639, 24.0508499146, 43.0977592468, 67.0476531982, 62.0966262817, 89.0078048706, 102.441596985, 88.5427398682, 118.762382507, 63.1138038635, 104.398773193, 63.1013221741, 55.5610618591, 41.3407440186, 25.2045154572, 11.8674631119, 11.4126062393, 7.79275035858, 5.5045375824, 4.14386415482, 4.22580003738, 3.00172829628, 1.40220689774, 0.478381633759, 0.1097092852, 0.013072643429, 0.00170238711871, 4.96019929415e-05, 1.40099882628e-05]
    },
    "gfcc": {
        "mean": [4.34819555283, 76.7241516113, -171.824920654, 31.3777294159, -66.7938842773, 6.97558736801, -48.956615448, 2.05241107941, -29.9620094299, -5.98660850525, -12.5336437225, -7.11754560471, -12.4272222519],
        "cov": [[2547.22583008, -880.27154541, 28.6898479462, -75.6194915771, 51.0943908691, 126.526382446, 66.4540939331, 133.716796875, -124.858032227, 102.168243408, -232.731750488, 160.979873657, -140.58682251], [-880.27154541, 924.482849121, 139.625915527, 73.704208374, 88.6189193726, -73.5442810059, 84.2235336304, -114.076400757, 31.5916843414, -101.288475037, 72.1960601807, -86.0223693848, 40.8339538574], [28.6898479462, 139.625915527, 420.434783936, 161.231842041, -39.8124656677, 61.1881484985, -69.9806060791, -7.5656452179, -40.8001899719, -12.325958252, -42.4003105164, 11.3896741867, 2.83506560326], [-75.6194915771, 73.704208374, 161.231842041, 199.912277222, 13.0777301788, -13.4722566605, -48.7055282593, -3.63626384735, 9.46239280701, -26.1654262543, -18.6027050018, -2.07088685036, 26.1520748138], [51.0943908691, 88.6189193726, -39.8124656677, 13.0777301788, 166.980728149, 13.7789497375, 62.0061759949, 3.65032601357, -3.30718517303, -10.427271843, -3.84339547157, 0.969510197639, -14.6498346329], [126.526382446, -73.5442810059, 61.1881484985, -13.4722566605, 13.7789497375, 169.16267395, 49.3776626587, -10.070941925, -31.7562541962, 8.11631584167, -5.83193922043, 9.23402118683, -11.9005031586], [66.4540939331, 84.2235336304, -69.9806060791, -48.7055282593, 62.0061759949, 49.3776626587, 168.208953857, 10.7106714249, -11.3211736679, 7.3953666687, 17.2072029114, -0.203445345163, -33.1372146606], [133.716796875, -114.076400757, -7.5656452179, -3.63626384735, 3.65032601357, -10.070941925, 10.7106714249, 112.844169617, 40.7045516968, 25.0824337006, -0.91546869278, 7.52022600174, -18.6009960175], [-124.858032227, 31.5916843414, -40.8001899719, 9.46239280701, -3.30718517303, -31.7562541962, -11.3211736679, 40.7045516968, 113.969589233, 23.442937851, 19.5105609894, -21.1984977722, -9.20484161377], [102.168243408, -101.288475037, -12.325958252, -26.1654262543, -10.427271843, 8.11631584167, 7.3953666687, 25.0824337006, 23.442937851, 92.1067428589, 21.8462791443, 0.705571174622, -22.3011856079], [-232.731750488, 72.1960601807, -42.4003105164, -18.6027050018, -3.84339547157, -5.83193922043, 17.2072029114, -0.91546869278, 19.5105609894, 21.8462791443, 94.3410797119, -4.113073349, -5.08805894852], [160.979873657, -86.0223693848, 11.3896741867, -2.07088685036, 0.969510197639, 9.23402118683, -0.203445345163, 7.52022600174, -21.1984977722, 0.705571174622, -4.113073349, 69.8103027344, 14.5255670547], [-140.58682251, 40.8339538574, 2.83506560326, 26.1520748138, -14.6498346329, -11.9005031586, -33.1372146606, -18.6009960175, -9.20484161377, -22.3011856079, -5.08805894852, 14.5255670547, 80.7249298096]],
        "icov": [[0.00112166325562, 0.000511549820658, -5.71798636884e-06, -1.47872606249e-05, -0.000279057800071, -6.80755101712e-06, -0.00040707673179, -0.000392412301153, 0.00072499748785, -0.000926665554289, 0.00250350357965, -0.00188962894026, 0.00171497510746], [0.000511549820658, 0.00638222647831, -0.00661536026746, 0.00346863828599, -0.00375145929866, 0.00572920450941, -0.00687084626406, 0.0061177755706, -0.00494530471042, 0.00568010797724, -0.00470203114673, 0.00564105715603, -0.0047819763422], [-5.71798636884e-06, -0.00661536026746, 0.011970850639, -0.00785646867007, 0.00523664243519, -0.00824667420238, 0.00857297889888, -0.00718379439786, 0.00751363066956, -0.00697395810857, 0.00710863526911, -0.00735152838752, 0.00776062672958], [-1.47872606249e-05, 0.00346863828599, -0.00785646867007, 0.0113690039143, -0.00432467460632, 0.00474616792053, -0.00312579097226, 0.00372508820146, -0.00529790204018, 0.005044688005, -0.00345938885584, 0.00431371573359, -0.00590220093727], [-0.000279057800071, -0.00375145929866, 0.00523664243519, -0.00432467460632, 0.00989781413227, -0.00372983398847, 0.0013720523566, -0.00362586975098, 0.00319442152977, -0.00264213001356, 0.00357725773938, -0.00386920734309, 0.00415892526507], [-6.80755101712e-06, 0.00572920450941, -0.00824667420238, 0.00474616792053, -0.00372983398847, 0.0131839187816, -0.00888094492257, 0.00664204405621, -0.00412283279002, 0.00476128188893, -0.00512383598834, 0.00567158451304, -0.00550454342738], [-0.00040707673179, -0.00687084626406, 0.00857297889888, -0.00312579097226, 0.0013720523566, -0.00888094492257, 0.0166828371584, -0.00779243186116, 0.00678307609633, -0.00580360461026, 0.00397842703387, -0.00629219366238, 0.00802371185273], [-0.000392412301153, 0.0061177755706, -0.00718379439786, 0.00372508820146, -0.00362586975098, 0.00664204405621, -0.00779243186116, 0.0181366186589, -0.0101001840085, 0.00468053296208, -0.00532474555075, 0.00441278377548, -0.00441930675879], [0.00072499748785, -0.00494530471042, 0.00751363066956, -0.00529790204018, 0.00319442152977, -0.00412283279002, 0.00678307609633, -0.0101001840085, 0.0180723611265, -0.00798278022557, 0.00476717809215, -0.0030102764722, 0.00634318357334], [-0.000926665554289, 0.00568010797724, -0.00697395810857, 0.005044688005, -0.00264213001356, 0.00476128188893, -0.00580360461026, 0.00468053296208, -0.00798278022557, 0.0205877423286, -0.0105175217614, 0.00690778391436, -0.00408641947433], [0.00250350357965, -0.00470203114673, 0.00710863526911, -0.00345938885584, 0.00357725773938, -0.00512383598834, 0.00397842703387, -0.00532474555075, 0.00476717809215, -0.0105175217614, 0.0234096925706, -0.010538848117, 0.00891939923167], [-0.00188962894026, 0.00564105715603, -0.00735152838752, 0.00431371573359, -0.00386920734309, 0.00567158451304, -0.00629219366238, 0.00441278377548, -0.0030102764722, 0.00690778391436, -0.010538848117, 0.0267946887761, -0.012636417523], [0.00171497510746, -0.0047819763422, 0.00776062672958, -0.00590220093727, 0.00415892526507, -0.00550454342738, 0.00802371185273, -0.00441930675879, 0.00634318357334, -0.00408641947433, 0.00891939923167, -0.012636417523, 0.024081941694]]
    },
    "melbands": {
        "max": [0.00110809225589, 0.00347446859814, 0.00562189565971, 0.00383082777262, 0.00303031224757, 0.00205710693263, 0.00316004827619, 0.00298180361278, 0.00283650984056, 0.00214180233888, 0.00154704775196, 0.00162451644428, 0.00217248918489, 0.00180101650767, 0.00218957080506, 0.00211257766932, 0.00228421902284, 0.00216154148802, 0.00201980466954, 0.00125816185027, 0.00111523678061, 0.00111447670497, 0.000843517482281, 0.000540889217518, 0.000363701721653, 0.000260171742411, 0.000278284278465, 0.000130155312945, 0.000102515296021, 0.000168877435499, 0.000151503190864, 8.67007474881e-05, 4.47769780294e-05, 5.45180264453e-05, 2.91632422886e-05, 3.25059954775e-05, 4.76610366604e-05, 3.79266857635e-05, 2.35475581576e-05, 1.38273398989e-05],
        "mean": [4.56217057945e-05, 0.000161726333317, 0.000279355270322, 0.000373685266823, 0.000225270705414, 0.000139328738442, 0.000150332227349, 0.000175858149305, 0.000137082170113, 0.000115283393825, 9.90480402834e-05, 0.000112514331704, 0.000153752975166, 0.000103926038719, 0.000141368669574, 0.000134022600832, 0.000139315321576, 9.78062089416e-05, 0.000121902601677, 7.70893893787e-05, 5.07600052515e-05, 7.72565908846e-05, 5.82714746997e-05, 4.94591840834e-05, 4.32410415669e-05, 3.12831689371e-05, 2.78683310171e-05, 1.41382679431e-05, 5.93672439209e-06, 6.03822036283e-06, 4.30977797805e-06, 3.04444733956e-06, 2.64579603027e-06, 2.46707031692e-06, 1.82085534561e-06, 1.46577281157e-06, 1.2176568589e-06, 8.99954841316e-07, 6.23715209258e-07, 4.59208933989e-07],
        "min": [1.05269378992e-07, 3.09364594386e-07, 4.88693956413e-07, 8.01205828793e-07, 1.50809842125e-06, 3.05755406771e-07, 4.18700949467e-07, 2.3598893506e-07, 1.82753026934e-07, 1.31098019551e-07, 5.62276838423e-08, 4.43584404763e-08, 1.77625679498e-07, 1.67653240624e-07, 1.21374995388e-07, 6.67545023703e-08, 1.36945061513e-07, 2.68770008915e-07, 3.06833726427e-07, 1.2277115502e-07, 9.30661769871e-08, 1.44401312241e-07, 1.38213195555e-07, 5.58983330734e-08, 1.26853507254e-07, 2.96254683008e-07, 1.1490502061e-07, 3.16301687064e-08, 1.16868621447e-08, 8.7420977124e-09, 8.48295389488e-09, 5.53578205498e-09, 4.86934714772e-09, 3.64125729568e-09, 4.49462378427e-09, 4.83263740136e-09, 3.37588779153e-09, 1.0685259344e-09, 8.61929361218e-10, 5.44418232717e-10],
        "stdev": [9.65841609286e-05, 0.000278801482636, 0.000448010978289, 0.000395255949115, 0.000264331058133, 0.000164311291883, 0.000206773140235, 0.000269082549494, 0.000200864975341, 0.000158400653163, 0.00012148534006, 0.000167593781953, 0.000234200750128, 0.000165819277754, 0.000199696674827, 0.00021572363039, 0.000214737345232, 0.000155505287694, 0.000228402597713, 0.00013128988212, 7.77487512096e-05, 0.000114859511086, 7.18181981938e-05, 6.2675200752e-05, 4.89901358378e-05, 3.35328331857e-05, 3.13427844958e-05, 1.59455466928e-05, 7.08351944922e-06, 9.99481835606e-06, 6.89859916747e-06, 5.02939747093e-06, 3.34996684614e-06, 3.28413761963e-06, 2.44510511038e-06, 2.49629283644e-06, 2.77569574791e-06, 2.32632851294e-06, 1.58320835908e-06, 1.09730103759e-06]
    },
    "melbands128": {
        "max": [0.000145300247823, 0.000289044692181, 0.00187125429511, 0.00213566143066, 0.00204870291054, 0.00815630238503, 0.00754173099995, 0.00699741533026, 0.00438803248107, 0.00556091405451, 0.00451641762629, 0.00525360042229, 0.00385869550519, 0.0015424201265, 0.00244389008731, 0.00341201713309, 0.00403719814494, 0.00589573895559, 0.00314515293576, 0.00628206599504, 0.00537463836372, 0.00365204666741, 0.00444100843742, 0.00390212330967, 0.00457479245961, 0.00231282040477, 0.00214759539813, 0.00288742850535, 0.00219584652223, 0.00208860146813, 0.0030328896828, 0.00437765102834, 0.00439212983474, 0.00454304181039, 0.00475882785395, 0.0026819978375, 0.00307624158449, 0.00319439545274, 0.00360138597898, 0.00352912768722, 0.00461094500497, 0.00295476289466, 0.00294207129627, 0.00504916952923, 0.00650100130588, 0.00193930102978, 0.00365836545825, 0.00407450133935, 0.00321800448, 0.00349640264176, 0.00244400301017, 0.00216920115054, 0.00250327028334, 0.00161572347861, 0.0015512118116, 0.00192430429161, 0.00274670426734, 0.00215420802124, 0.00128553912509, 0.00124649284407, 0.000814642466139, 0.00139800214674, 0.000912614399567, 0.000680811877828, 0.000615983793978, 0.000357091106707, 0.000791519531049, 0.000595386256464, 0.000568378425669, 0.000423065270297, 0.000267778232228, 0.000301508291159, 0.000202626019018, 8.97685531527e-05, 0.000178274771315, 0.000337982928613, 0.000115852868475, 0.000162684053066, 0.000312695861794, 8.92944663065e-05, 7.62859199313e-05, 0.000227613665629, 4.13762427343e-05, 5.58317005925e-05, 0.000117844727356, 5.60224725632e-05, 8.1105674326e-05, 4.53222819488e-05, 4.44482539024e-05, 5.45847033209e-05, 3.05880930682e-05, 6.23746964266e-05, 5.88459406572e-05, 5.31271907676e-05, 5.78396320634e-05, 5.95539313508e-05, 4.66734418296e-05, 4.22605589847e-05, 2.29002616834e-05, 3.75631425413e-05, 3.25655782945e-05, 1.90073751583e-05, 1.50955156641e-05, 1.02611911643e-05, 7.48057755118e-06, 6.71106226946e-06, 8.86613452167e-06, 4.46497006124e-06, 1.94258086594e-06, 1.31549688831e-06, 7.41611074773e-07, 8.97344705209e-07, 1.53523615154e-06, 5.22927223301e-07, 3.0493089298e-07, 2.57366878031e-07, 1.96846329459e-07, 4.4186263537e-09, 4.1170653553e-09, 3.3741995864e-09, 3.26653548655e-09, 3.96089250287e-09, 4.01271771366e-09, 3.28693405827e-09, 4.07564604288e-09, 3.17394999172e-09, 3.28051719123e-09, 3.71804564914e-09],
        "mean": [7.89435034676e-06, 1.83772281162e-05, 5.72527787881e-05, 0.00010488575208, 0.000150440057041, 0.00021978096629, 0.000231788639212, 0.000296729675028, 0.000354933697963, 0.000351503578713, 0.000450316583738, 0.000287376751658, 0.000174060565769, 0.000129235675558, 0.000138793999213, 0.000142751538078, 0.000142750708619, 0.000128812491312, 0.000184727221495, 0.000225452706218, 0.00014958945394, 0.000100395882328, 0.000149638246512, 0.000155089743203, 0.000115716182336, 9.9355027487e-05, 0.000111470712, 0.000106793209852, 8.11780410004e-05, 7.6986158092e-05, 0.000121868011774, 0.000185744152986, 0.000165611068951, 0.000134144444019, 8.93466058187e-05, 8.92282041605e-05, 0.000133792229462, 0.000164632539963, 0.000130448475829, 0.00011571640789, 0.00014842976816, 0.000139417155879, 0.000119782685942, 0.000166497527971, 0.000122885481687, 6.85998093104e-05, 8.14224913483e-05, 0.000148547987919, 0.000117855968711, 0.000110061118903, 6.83545877109e-05, 5.32270350959e-05, 4.61664785689e-05, 4.78104266222e-05, 6.52135495329e-05, 7.7428194345e-05, 0.000102088451968, 5.3555751947e-05, 4.87835277454e-05, 4.87200013595e-05, 5.25504437974e-05, 4.721753794e-05, 4.43119533884e-05, 4.45950463472e-05, 3.79901466658e-05, 2.78768256976e-05, 3.04713812511e-05, 2.83835306618e-05, 3.01822874462e-05, 2.1998765078e-05, 1.50549958562e-05, 1.03931361082e-05, 6.154017683e-06, 4.91767377753e-06, 5.05124080519e-06, 7.68614427216e-06, 5.04278659719e-06, 5.50905906493e-06, 4.149155302e-06, 3.53712880496e-06, 2.81142115455e-06, 3.18408501698e-06, 2.61762716036e-06, 2.43550539381e-06, 2.87392754217e-06, 2.61763739218e-06, 2.3505263016e-06, 2.10804864764e-06, 1.82251517344e-06, 1.59968692515e-06, 1.44545424519e-06, 1.46746867813e-06, 1.44550608638e-06, 1.19412152344e-06, 1.13528710699e-06, 9.63901811701e-07, 8.7734048293e-07, 7.54383393087e-07, 6.2251763211e-07, 5.52111259822e-07, 5.43025578281e-07, 4.21365342618e-07, 4.1585406052e-07, 2.94826548952e-07, 2.42755675117e-07, 2.06369122679e-07, 1.7517513129e-07, 1.24033590509e-07, 8.83154385178e-08, 6.25400033982e-08, 3.87689524928e-08, 2.45275941779e-08, 1.97801135471e-08, 1.69423337582e-08, 1.54052823831e-08, 1.3493201223e-08, 6.12912076647e-09, 1.17555451484e-10, 1.10413532484e-10, 1.06684203138e-10, 9.87492379534e-11, 9.68429503256e-11, 9.32877317061e-11, 8.83942849472e-11, 8.74480141078e-11, 8.57316578839e-11, 8.24702944824e-11, 7.99933383422e-11],
        "min": [1.19804133281e-09, 2.59867611874e-08, 5.64737803188e-08, 3.97973138888e-08, 8.38412645976e-08, 1.8293668802e-07, 2.33047472875e-07, 3.14109627197e-07, 1.39813181477e-07, 2.6118294727e-07, 5.77783282552e-07, 6.14938471699e-07, 3.0358896197e-07, 3.86842685884e-07, 4.51327309747e-07, 1.66891638287e-07, 5.57417116909e-08, 5.60752297929e-08, 3.68475170376e-08, 4.01127735472e-08, 8.96774565717e-08, 2.03795906373e-07, 1.67147248931e-07, 1.00101082978e-07, 6.09387384998e-08, 2.59111310186e-08, 5.50624648099e-08, 9.84451631325e-09, 3.75212394488e-09, 5.85256954011e-09, 2.0846426807e-08, 2.15183426633e-08, 3.64246020013e-08, 6.96113175991e-08, 6.29069205615e-08, 3.3068562999e-08, 3.39471313282e-08, 1.8902760246e-08, 1.5122619601e-08, 2.6000284592e-08, 8.4952631596e-08, 3.93599570714e-08, 5.24813401626e-08, 2.40326194501e-08, 5.1771017695e-08, 5.49077654455e-08, 1.15766397357e-07, 7.03384372969e-08, 1.00650531465e-07, 5.74774006168e-08, 5.72092773155e-08, 5.44232428012e-08, 1.54834083332e-08, 3.2324148691e-08, 7.8643935808e-08, 9.10463597847e-08, 9.98290730081e-08, 5.88602055984e-08, 5.1871897e-08, 1.38465750865e-07, 2.1970002706e-08, 3.38516841225e-08, 2.96858697624e-08, 1.11954214788e-07, 2.77368048529e-08, 7.51273603328e-08, 1.0011141427e-07, 5.48600951333e-08, 6.01892438112e-08, 3.4689215056e-08, 1.12813012265e-08, 6.42682529417e-09, 8.39072100689e-09, 3.79708486875e-09, 5.98589622314e-09, 5.59954083101e-09, 9.07389541283e-09, 4.23145074535e-09, 5.44498579558e-09, 5.66862867757e-09, 4.88825424583e-09, 4.19436085863e-09, 3.08114245229e-09, 2.18090212556e-09, 1.50234202856e-09, 2.12081485707e-09, 3.4759006784e-09, 3.34649907785e-09, 3.12015258075e-09, 3.6223841704e-09, 3.34958794035e-09, 4.06302813616e-09, 3.53590290381e-09, 2.60818655562e-09, 1.33884547893e-09, 6.7828764827e-10, 6.65785482301e-10, 9.83759407269e-10, 3.88485354996e-10, 7.26792737105e-10, 5.96519278417e-10, 4.02326255644e-10, 3.89376531018e-10, 4.43375031134e-10, 3.54913265443e-10, 3.77717662703e-10, 1.29808941374e-10, 3.74614748944e-11, 3.14211287197e-12, 2.32616199523e-13, 2.05498297415e-13, 7.63268368322e-14, 6.70768440249e-15, 6.68258808682e-15, 5.94932945207e-15, 7.68965901561e-15, 6.31652119932e-15, 5.97084705354e-15, 5.59117596988e-15, 6.85254101252e-15, 7.05286515158e-15, 6.33830180452e-15, 5.30790062375e-15, 6.97779431553e-15, 6.21895486226e-15, 6.12600866641e-15, 7.0504388257e-15, 5.45773482289e-15],
        "stdev": [1.33547000587e-05, 3.35030199494e-05, 0.00014916487271, 0.000250353245065, 0.000245295464993, 0.0005449600867, 0.000525796262082, 0.000521061010659, 0.000565395283047, 0.00047602984705, 0.000520864618011, 0.000418255513068, 0.000305247871438, 0.000163492819411, 0.000222743488848, 0.000219851222937, 0.000261040317127, 0.000289236661047, 0.000288124283543, 0.000401494675316, 0.000368655251805, 0.000235918996623, 0.00029455096228, 0.000290366238914, 0.00025833278778, 0.000183306925464, 0.000183151423698, 0.000187171594007, 0.000158022972755, 0.000169152801391, 0.000252524885582, 0.000358053104719, 0.000333586969646, 0.000352216156898, 0.000257344538113, 0.000189039899851, 0.000264163914835, 0.000281813117908, 0.000287305185338, 0.000281173415715, 0.000343035644619, 0.000287444301648, 0.000246370851528, 0.000374272203771, 0.000379959645215, 0.000152043721755, 0.000208637429751, 0.00040662655374, 0.000269302749075, 0.000266918184934, 0.000182327465154, 0.000123382356833, 0.000124222162412, 9.75455041043e-05, 0.000131553679239, 0.000150767562445, 0.000225445677643, 0.000103698403109, 8.4339051682e-05, 8.59811334522e-05, 8.88389768079e-05, 9.5406510809e-05, 7.26130529074e-05, 7.09209562046e-05, 6.16627221461e-05, 3.80463679903e-05, 5.35127619514e-05, 4.32359738625e-05, 4.88690966449e-05, 3.04607328871e-05, 2.45711235038e-05, 2.09625886782e-05, 1.05519202407e-05, 7.04944068275e-06, 9.43091072259e-06, 1.84457312571e-05, 8.7708749561e-06, 1.06268798845e-05, 1.10379069156e-05, 5.68096675124e-06, 4.60057253804e-06, 9.59300268732e-06, 3.86085139326e-06, 3.48982916876e-06, 5.04131094203e-06, 3.62334913007e-06, 4.27791565016e-06, 3.1349652545e-06, 2.66197048404e-06, 2.6763070764e-06, 2.57716942542e-06, 3.10395671477e-06, 2.98144527733e-06, 2.93628727377e-06, 3.22590221913e-06, 2.68992016572e-06, 2.33861533161e-06, 2.30464820561e-06, 1.58922068749e-06, 1.6137298644e-06, 1.5748343003e-06, 1.12418217668e-06, 1.04239563825e-06, 7.15519774985e-07, 5.35701929039e-07, 4.57095666206e-07, 4.19867319579e-07, 2.71288257636e-07, 1.69553132423e-07, 1.08105872698e-07, 6.55715766129e-08, 4.1543373186e-08, 4.47641816947e-08, 2.71122591045e-08, 2.48066651665e-08, 2.15848654506e-08, 1.15085452279e-08, 2.65955563128e-10, 2.60166943544e-10, 2.55874599286e-10, 2.28236485267e-10, 2.34759683915e-10, 2.22402485317e-10, 2.05601966008e-10, 2.19310999916e-10, 2.10238465526e-10, 1.99777638876e-10, 1.9516892269e-10]
    },
    "mfcc": {
        "mean": [-617.230407715, 98.4108123779, -41.1443443298, 14.5395421982, -3.22361326218, -2.83393621445, -6.49027872086, -1.09323179722, -14.4745855331, -1.21883189678, -4.68826723099, -5.52013254166, -5.12192153931],
        "cov": [[2461.54956055, -708.510986328, -154.096084595, -134.825866699, -63.5914344788, 34.2025184631, 78.9926071167, 74.8639984131, 126.276252747, -14.3010873795, 8.91267204285, -14.8394651413, -34.4616241455], [-708.510986328, 743.396972656, 22.2037906647, 122.803001404, -5.56984901428, 58.8537521362, 43.2049789429, 19.2498016357, -21.6416397095, -20.9306716919, -7.89778089523, 6.22690963745, 7.78424167633], [-154.096084595, 22.2037906647, 473.910552979, 71.0724182129, 73.3608627319, 35.987159729, -34.2925453186, -20.3028182983, 14.4984207153, -64.4193267822, -23.6742076874, 1.99768364429, 0.623279452324], [-134.825866699, 122.803001404, 71.0724182129, 213.296554565, 65.2864685059, -28.1570320129, -31.3861236572, 1.53539013863, 21.5505008698, -17.6371002197, -24.9501895905, 6.47239255905, 8.89233493805], [-63.5914344788, -5.56984901428, 73.3608627319, 65.2864685059, 138.491638184, -2.42222571373, -31.5769081116, 1.40980827808, 12.4778804779, -8.53059864044, -17.4154682159, -7.80384111404, 5.91859817505], [34.2025184631, 58.8537521362, 35.987159729, -28.1570320129, -2.42222571373, 160.285217285, 69.8935241699, 15.8905191422, -0.85044491291, -14.9095363617, -6.91958236694, -14.3176555634, -10.9652996063], [78.9926071167, 43.2049789429, -34.2925453186, -31.3861236572, -31.5769081116, 69.8935241699, 150.981567383, 35.5330848694, -9.26548290253, -1.0330965519, 8.73364067078, 0.513848781586, -10.6152553558], [74.8639984131, 19.2498016357, -20.3028182983, 1.53539013863, 1.40980827808, 15.8905191422, 35.5330848694, 101.475616455, 17.715631485, 6.06394815445, 3.4806022644, -4.43860054016, 1.25134420395], [126.276252747, -21.6416397095, 14.4984207153, 21.5505008698, 12.4778804779, -0.85044491291, -9.26548290253, 17.715631485, 85.5992050171, 1.90172064304, -14.1579151154, -5.08165168762, 2.42449951172], [-14.3010873795, -20.9306716919, -64.4193267822, -17.6371002197, -8.53059864044, -14.9095363617, -1.0330965519, 6.06394815445, 1.90172064304, 122.036987305, 58.2529945374, -0.601529240608, -3.20499634743], [8.91267204285, -7.89778089523, -23.6742076874, -24.9501895905, -17.4154682159, -6.91958236694, 8.73364067078, 3.4806022644, -14.1579151154, 58.2529945374, 98.1564941406, 32.7832794189, -1.54371523857], [-14.8394651413, 6.22690963745, 1.99768364429, 6.47239255905, -7.80384111404, -14.3176555634, 0.513848781586, -4.43860054016, -5.08165168762, -0.601529240608, 32.7832794189, 85.2002029419, 31.6054382324], [-34.4616241455, 7.78424167633, 0.623279452324, 8.89233493805, 5.91859817505, -10.9652996063, -10.6152553558, 1.25134420395, 2.42449951172, -3.20499634743, -1.54371523857, 31.6054382324, 68.6628952026]],
        "icov": [[0.000708008301444, 0.000718070892617, 0.000236288717133, -0.00012412914657, 0.000281263783108, -0.000275101221632, -0.000308317452436, -0.000312996475259, -0.000958320626523, 0.000506541167852, -0.000364734674804, 5.10806385137e-05, 0.000203501229407], [0.000718070892617, 0.00239790813066, 0.00029912404716, -0.00146876438521, 0.000844831636641, -0.00102565239649, -0.000511388061568, -0.000536705134436, -0.000298698840197, 0.000640121172182, -0.000501405796967, 0.000137978306157, -6.42053928459e-05], [0.000236288717133, 0.00029912404716, 0.00274034147151, -0.00063001451781, -0.000891969888471, -0.00103821908124, 0.000527240161318, 0.000359721219866, -0.000661973142996, 0.00165751948953, -0.000858370040078, -1.53040400619e-05, 0.000215926396777], [-0.00012412914657, -0.00146876438521, -0.00063001451781, 0.0071096974425, -0.00283082365058, 0.00174019369297, 0.000309631985147, -8.87886708369e-05, -0.00121286301874, -0.000261523207882, 0.0015394941438, -0.0012238570489, 0.000389148364775], [0.000281263783108, 0.000844831636641, -0.000891969888471, -0.00283082365058, 0.00965565256774, -0.00103279086761, 0.00141867564525, -0.000872458913364, -0.000254213751759, -0.000340197351761, 0.000482647592435, 0.000967299449258, -0.000783207069617], [-0.000275101221632, -0.00102565239649, -0.00103821908124, 0.00174019369297, -0.00103279086761, 0.00904431287199, -0.00390385906212, 0.0001876232418, -0.000231851649005, 0.000364285690011, 0.000283656379906, 0.001194091863, 0.000170616011019], [-0.000308317452436, -0.000511388061568, 0.000527240161318, 0.000309631985147, 0.00141867564525, -0.00390385906212, 0.0100676277652, -0.00283135706559, 0.00147469504736, 8.66094123921e-05, -7.68597965362e-05, -0.00110613065772, 0.00118006730918], [-0.000312996475259, -0.000536705134436, 0.000359721219866, -8.87886708369e-05, -0.000872458913364, 0.0001876232418, -0.00283135706559, 0.0117556871846, -0.00237138802186, -0.000137535273097, -0.000936764990911, 0.00120204815175, -0.00113186065573], [-0.000958320626523, -0.000298698840197, -0.000661973142996, -0.00121286301874, -0.000254213751759, -0.000231851649005, 0.00147469504736, -0.00237138802186, 0.0146781774238, -0.00233987136744, 0.00313165620901, -0.000435497990111, -0.000384580809623], [0.000506541167852, 0.000640121172182, 0.00165751948953, -0.000261523207882, -0.000340197351761, 0.000364285690011, 8.66094123921e-05, -0.000137535273097, -0.00233987136744, 0.0138682872057, -0.00965990591794, 0.00412078248337, -0.00108013418503], [-0.000364734674804, -0.000501405796967, -0.000858370040078, 0.0015394941438, 0.000482647592435, 0.000283656379906, -7.68597965362e-05, -0.000936764990911, 0.00313165620901, -0.00965990591794, 0.0197316557169, -0.00891842786223, 0.00367836724035], [5.10806385137e-05, 0.000137978306157, -1.53040400619e-05, -0.0012238570489, 0.000967299449258, 0.001194091863, -0.00110613065772, 0.00120204815175, -0.000435497990111, 0.00412078248337, -0.00891842786223, 0.0187989510596, -0.0085628842935], [0.000203501229407, -6.42053928459e-05, 0.000215926396777, 0.000389148364775, -0.000783207069617, 0.000170616011019, 0.00118006730918, -0.00113186065573, -0.000384580809623, -0.00108013418503, 0.00367836724035, -0.0085628842935, 0.0189061332494]]
    },
    "spectral_contrast_coeffs": {
        "max": [-0.41974401474, -0.548089742661, -0.572672724724, -0.545817732811, -0.599744141102, -0.650116801262],
        "mean": [-0.68111872673, -0.768740713596, -0.749250173569, -0.746876120567, -0.73840790987, -0.74971973896],
        "min": [-0.903225719929, -0.918697953224, -0.928592860699, -0.886183321476, -0.847878575325, -0.880942583084],
        "stdev": [0.0645103603601, 0.0550143793225, 0.0543891973794, 0.050336509943, 0.0406068824232, 0.029956413433]
    },
    "spectral_contrast_valleys": {
        "max": [-5.7063369751, -5.25675678253, -5.76615858078, -5.84819221497, -5.7819685936, -8.01740074158],
        "mean": [-7.40390491486, -6.6839928627, -7.12133693695, -7.13056135178, -7.12316846848, -10.0968208313],
        "min": [-9.93064785004, -9.17117214203, -9.96186161041, -9.64345645905, -9.63036155701, -12.5915298462],
        "stdev": [0.649900138378, 0.518161356449, 0.592355370522, 0.550731956959, 0.595491051674, 0.78269213438]
    }
},
"rhythm": {
    "beats_count": 75,
    "beats_loudness": {
        "max": 0.0374165140092,
        "mean": 0.0264217387885,
        "min": 0.00165542156901,
        "stdev": 0.00651784054935
    },
    "bpm": 92.7643127441,
    "bpm_histogram_first_peak_bpm": 92,
    "bpm_histogram_first_peak_weight": 0.394366264343,
    "bpm_histogram_second_peak_bpm": 103,
    "bpm_histogram_second_peak_spread": 0,
    "bpm_histogram_second_peak_weight": 0.0405405387282,
    "danceability": 1.14837145805,
    "onset_rate": 3.1376953125,
    "beats_loudness_band_ratio": {
        "max": [0.598068416119, 0.592205166817, 0.449518740177, 0.686659157276, 0.704908967018, 0.279779672623],
        "mean": [0.120347902179, 0.145158544183, 0.152006998658, 0.227791652083, 0.282288908958, 0.118250124156],
        "min": [0.000904682732653, 0.00805768650025, 0.0391061380506, 0.0333226844668, 0.0394472926855, 0.00626145955175],
        "stdev": [0.122903726995, 0.108575582504, 0.085783816874, 0.154861316085, 0.154309898615, 0.0591924525797]
    },
