{
"metadata": {
    "version": {
        "essentia": "2.1-beta5",
        "essentia_git_sha": "Undefined",
        "extractor": "music 2.0"
    },
    "audio_properties": {
        "analysis": {
            "equal_loudness": 0,
            "length": 33.0652160645,
            "sample_rate": 44100,
            "start_time": 175.240997314,
            "downmix": "mix"
        },
        "bit_rate": 192000,
        "length": 208.329437256,
        "lossless": 0,
        "number_channels": 2,
        "replay_gain": -2.6542339325,
        "sample_rate": 44100,
        "codec": "mp3",
        "md5_encoded": "375f2e71b74e3e704e715874d0493c49"
    },
    "tags": {
        "file_name": "Belgium_L_amour ça Fait Chanter La Vie_Jean Vallée.mp3",
        "encoding": ["Lavf58.29.100"]
    }
},
"lowlevel": {
    "average_loudness": 0.801750719547,
    "barkbands_crest": {
        "max": 19.7434387207,
        "mean": 6.46439647675,
        "min": 2.68877720833,
        "stdev": 1.98141276836
    },
    "barkbands_flatness_db": {
        "max": 0.204232990742,
        "mean": 0.109675936401,
        "min": 0.0563226826489,
        "stdev": 0.0324215106666
    },
    "barkbands_kurtosis": {
        "max": 9.88701725006,
        "mean": 1.08583784103,
        "min": -1.67196202278,
        "stdev": 1.78267920017
    },
    "barkbands_skewness": {
        "max": 3.00019192696,
        "mean": -0.536261975765,
        "min": -2.2420706749,
        "stdev": 1.06063890457
    },
    "barkbands_spread": {
        "max": 63.7858200073,
        "mean": 22.646736145,
        "min": 5.69779253006,
        "stdev": 7.50370025635
    },
    "dissonance": {
        "max": 0.499999970198,
        "mean": 0.482984095812,
        "min": 0.391805499792,
        "stdev": 0.0168351307511
    },
    "dynamic_complexity": 2.44908499718,
    "erbbands_crest": {
        "max": 21.5433940887,
        "mean": 6.84911060333,
        "min": 2.59040331841,
        "stdev": 3.52531790733
    },
    "erbbands_flatness_db": {
        "max": 0.319287866354,
        "mean": 0.175178557634,
        "min": 0.0810087546706,
        "stdev": 0.0599486641586
    },
    "erbbands_kurtosis": {
        "max": 12.6815690994,
        "mean": 0.684092700481,
        "min": -1.29980826378,
        "stdev": 1.4476339817
    },
    "erbbands_skewness": {
        "max": 1.70292437077,
        "mean": -0.352259069681,
        "min": -3.07534003258,
        "stdev": 0.634392917156
    },
    "erbbands_spread": {
        "max": 72.5776672363,
        "mean": 27.4493122101,
        "min": 6.7120256424,
        "stdev": 10.9388036728
    },
    "hfc": {
        "max": 116.749832153,
        "mean": 23.4003868103,
        "min": 1.06940007321e-16,
        "stdev": 21.1757450104
    },
    "loudness_ebu128": {
        "integrated": -20.9316234589,
        "loudness_range": 3.89590644836,
        "momentary": {
            "max": -18.6661605835,
            "mean": -104.336364746,
            "min": -300.691009521,
            "stdev": 126.764762878
        },
        "short_term": {
            "max": -19.7476787567,
            "mean": -88.0921554565,
            "min": -300.691009521,
            "stdev": 117.438293457
        }
    },
    "melbands_crest": {
        "max": 27.0612125397,
        "mean": 6.02431821823,
        "min": 1.57275795937,
        "stdev": 3.50150632858
    },
    "melbands_flatness_db": {
        "max": 0.238607987761,
        "mean": 0.0800523608923,
        "min": 0.00288320938125,
        "stdev": 0.056546676904
    },
    "melbands_kurtosis": {
        "max": 28.0259456635,
        "mean": 0.411185145378,
        "min": -1.71812427044,
        "stdev": 2.51597523689
    },
    "melbands_skewness": {
        "max": 4.59293222427,
        "mean": 0.450053870678,
        "min": -0.936697840691,
        "stdev": 0.770729541779
    },
    "melbands_spread": {
        "max": 163.50201416,
        "mean": 68.6501159668,
        "min": 8.4522190094,
        "stdev": 43.6803703308
    },
    "pitch_salience": {
        "max": 0.868354022503,
        "mean": 0.710651099682,
        "min": 0.32061162591,
        "stdev": 0.0928900614381
    },
    "silence_rate_20dB": {
        "max": 1,
        "mean": 1,
        "min": 1,
        "stdev": 0
    },
    "silence_rate_30dB": {
        "max": 1,
        "mean": 1,
        "min": 1,
        "stdev": 0
    },
    "silence_rate_60dB": {
        "max": 1,
        "mean": 0.336842119694,
        "min": 0,
        "stdev": 0.472631394863
    },
    "spectral_centroid": {
        "max": 11879.7597656,
        "mean": 4829.19824219,
        "min": 830.466125488,
        "stdev": 4097.87060547
    },
    "spectral_complexity": {
        "max": 54,
        "mean": 18.8196487427,
        "min": 0,
        "stdev": 14.8508768082
    },
    "spectral_decrease": {
        "max": 1.90393738924e-28,
        "mean": -3.06725711496e-09,
        "min": -1.05933013472e-08,
        "stdev": 2.51583398558e-09
    },
    "spectral_energy": {
        "max": 0.0469407103956,
        "mean": 0.0136990239844,
        "min": 9.86513693107e-21,
        "stdev": 0.0112157389522
    },
    "spectral_energyband_high": {
        "max": 0.0148448953405,
        "mean": 0.000778566813096,
        "min": 6.96883187087e-21,
        "stdev": 0.00118203449529
    },
    "spectral_energyband_low": {
        "max": 0.0215749163181,
        "mean": 0.000372089416487,
        "min": 1.20802806367e-23,
        "stdev": 0.000928712077439
    },
    "spectral_energyband_middle_high": {
        "max": 0.0368546135724,
        "mean": 0.00848632864654,
        "min": 1.15580951386e-21,
        "stdev": 0.00774232950062
    },
    "spectral_energyband_middle_low": {
        "max": 0.0318905934691,
        "mean": 0.00423321221024,
        "min": 1.50864940202e-22,
        "stdev": 0.00475780759007
    },
    "spectral_entropy": {
        "max": 9.82623577118,
        "mean": 8.31666183472,
        "min": 6.90569972992,
        "stdev": 1.01448130608
    },
    "spectral_flux": {
        "max": 0.188813060522,
        "mean": 0.0553541742265,
        "min": 6.26698623551e-11,
        "stdev": 0.0427900329232
    },
    "spectral_kurtosis": {
        "max": 24.8122997284,
        "mean": 2.69883537292,
        "min": -1.27241146564,
        "stdev": 3.60629630089
    },
    "spectral_rms": {
        "max": 0.00676726037636,
        "mean": 0.00295203970745,
        "min": 3.10234151736e-12,
        "stdev": 0.00215646112338
    },
    "spectral_rolloff": {
        "max": 19724.4140625,
        "mean": 7613.68652344,
        "min": 495.263671875,
        "stdev": 7418.11328125
    },
    "spectral_skewness": {
        "max": 3.10763645172,
        "mean": 0.958674788475,
        "min": -0.103308863938,
        "stdev": 0.688033461571
    },
    "spectral_spread": {
        "max": 42940316,
        "mean": 14723940,
        "min": 1416782.25,
        "stdev": 16992938
    },
    "spectral_strongpeak": {
        "max": 11.8325366974,
        "mean": 1.66119349003,
        "min": 0,
        "stdev": 2.11001944542
    },
    "zerocrossingrate": {
        "max": 0.5283203125,
        "mean": 0.217275559902,
        "min": 0.0390625,
        "stdev": 0.187746822834
    },
    "barkbands": {
        "max": [0.000187740806723, 0.00383626902476, 0.00638797972351, 0.027904311195, 0.0125196855515, 0.00793541781604, 0.0206103529781, 0.016026224941, 0.0105028189719, 0.0146251069382, 0.00544971600175, 0.0113301118836, 0.0177615731955, 0.0105434972793, 0.0132912369445, 0.0127277886495, 0.0108977938071, 0.0156347807497, 0.00906120240688, 0.00207416596822, 0.00592678738758, 0.0037576535251, 0.00220526335761, 0.00265445373952, 0.0020262808539, 0.00014200102305, 5.65373738937e-07],
        "mean": [5.4516867749e-06, 0.000102868769318, 0.000168248065165, 0.000274723075563, 0.00118235626724, 0.000591962598264, 0.00056468747789, 0.000735539710149, 0.000734100118279, 0.000891616626177, 0.000321976374835, 0.000689997919835, 0.000900907441974, 0.000821348221507, 0.00116409338079, 0.00134270684794, 0.000647778913844, 0.000910525850486, 0.000767594203353, 0.00019402235921, 0.000190257298527, 0.000236726962612, 0.000128421364934, 8.61800290295e-05, 4.08471278206e-05, 4.07566494687e-06, 9.83426118317e-10],
        "min": [6.34433247896e-26, 1.6222654331e-24, 5.35955994008e-25, 8.28610127121e-25, 2.66997428108e-24, 1.69679957522e-24, 3.39056716356e-24, 4.24382239004e-24, 1.10568945398e-23, 5.89359244468e-24, 6.26574783191e-24, 1.98679415254e-23, 2.16236445556e-23, 1.94544237943e-23, 3.0372460671e-23, 3.30417734922e-23, 4.3017405577e-23, 7.1989010208e-23, 7.58117418023e-23, 1.32953443141e-22, 2.29282308507e-22, 2.38491609554e-22, 3.64828983568e-22, 5.53982101908e-22, 8.21932630184e-22, 1.18357509532e-21, 1.89258378891e-21],
        "stdev": [1.3329075955e-05, 0.000256438623182, 0.000414398877183, 0.000915279844776, 0.00164634757675, 0.000886305293534, 0.00145414948929, 0.00128055328969, 0.00119918107521, 0.00153179536574, 0.000513348029926, 0.00107569759712, 0.00171266077086, 0.0011260897154, 0.00182280689478, 0.0019391530659, 0.00104536907747, 0.00159032072406, 0.00114513549488, 0.000268556148512, 0.000359696947271, 0.000332760071615, 0.00018914618704, 0.000192533989321, 0.000105848092062, 1.05131903183e-05, 1.4987978858e-08]
    },
    "erbbands": {
        "max": [0.0547944158316, 1.05003368855, 4.86704111099, 58.9240455627, 39.622756958, 48.0395507812, 86.875793457, 81.6322631836, 362.104370117, 163.065719604, 435.399719238, 246.171783447, 353.867828369, 222.105819702, 166.617248535, 443.280578613, 825.012023926, 338.287109375, 592.314453125, 888.833557129, 872.348632812, 470.240020752, 1166.49267578, 752.336975098, 549.742004395, 117.487541199, 180.404586792, 250.413391113, 150.81048584, 74.9006576538, 71.2894287109, 56.4096221924, 43.3137741089, 37.3205604553, 7.72380590439, 1.45969343185, 0.0883503630757, 0.00219818274491, 0.000226446980378, 9.37315635383e-05],
        "mean": [0.00159668957349, 0.0299411099404, 0.17832878232, 0.547524333, 1.81794404984, 3.78850913048, 6.35200452805, 5.24037265778, 8.29293441772, 9.58060932159, 17.1087436676, 12.6694107056, 28.2407627106, 20.6675777435, 17.6466369629, 25.4680023193, 38.1207199097, 32.5472335815, 47.4985580444, 78.0930099487, 81.5879898071, 44.4484214783, 41.3196792603, 53.6583786011, 27.4503555298, 9.70095539093, 8.04536914825, 7.45277261734, 8.37541103363, 6.03328895569, 3.42089319229, 2.28459596634, 1.15820503235, 0.587712287903, 0.224673748016, 0.0442766733468, 0.00290818628855, 8.82884924067e-05, 1.70005732798e-05, 1.99146015802e-05],
        "min": [2.1290510173e-23, 4.17924068276e-22, 1.26993802213e-21, 4.72330227187e-21, 4.45789967597e-21, 1.16745824041e-20, 2.77282185814e-20, 3.06750107396e-20, 4.28907461711e-20, 1.22009450544e-19, 1.13101348657e-19, 2.82791725682e-19, 3.86940950934e-19, 5.79757553051e-19, 5.64021786066e-19, 1.00184507217e-18, 1.24936449821e-18, 1.23774984844e-18, 2.27271719689e-18, 2.43639328585e-18, 2.09998368701e-18, 3.12138878894e-18, 4.04526640151e-18, 5.22928818082e-18, 6.84064552665e-18, 7.70733807552e-18, 8.89049338315e-18, 9.19081950251e-18, 9.98431483898e-18, 1.08008339206e-17, 1.02865897959e-17, 1.06951549799e-17, 9.4601859059e-18, 7.85429415597e-18, 5.99869891298e-18, 3.7866905692e-18, 2.00257241654e-18, 8.58937213642e-19, 2.17780809607e-19, 2.56859775037e-20],
        "stdev": [0.00435924530029, 0.0715099424124, 0.395557552576, 1.89564442635, 3.46434593201, 5.77307462692, 9.81548500061, 8.60184288025, 23.4839553833, 15.9767179489, 30.2581691742, 18.4763660431, 44.2153816223, 28.4741172791, 22.8226509094, 37.1235694885, 65.819694519, 42.9375686646, 61.7719039917, 124.07988739, 120.85533905, 61.5881309509, 76.4325866699, 86.2378463745, 42.5949249268, 12.663649559, 13.4893350601, 14.574131012, 12.3838624954, 8.26280784607, 5.13196325302, 4.38699197769, 2.81867337227, 1.66954874992, 0.540874660015, 0.11185412854, 0.00724781258032, 0.000192988009076, 2.04777788895e-05, 1.67344096553e-05]
    },
    "gfcc": {
        "mean": [-383.029602051, 50.2922096252, -130.444396973, 22.3481388092, -52.5163612366, 8.30842494965, -35.6707801819, 1.29569733143, -15.2432975769, -7.57562160492, -9.99877166748, -4.5471663475, -4.27511453629],
        "cov": [[342508.53125, 19345.0625, -49470.453125, 9086.3203125, -20474.3125, 3335.45336914, -13804.0361328, 563.572570801, -5988.53857422, -2923.63574219, -3966.72192383, -1787.85778809, -1703.48608398], [19345.0625, 1781.16394043, -2808.56933594, 492.888427734, -1227.96740723, -45.5814399719, -738.174865723, -97.7755966187, -315.384368896, -247.185638428, -130.98638916, -149.302474976, -87.9356536865], [-49470.453125, -2808.56933594, 7745.64892578, -1125.09228516, 2859.70581055, -389.132598877, 2048.07373047, -63.578327179, 784.78692627, 472.054779053, 548.124389648, 239.684783936, 213.668807983], [9086.3203125, 492.888427734, -1125.09228516, 410.76574707, -513.048339844, 100.204978943, -349.334747314, 21.2759895325, -166.099487305, -81.7408065796, -118.124031067, -48.7407341003, -46.5851478577], [-20474.3125, -1227.96740723, 2859.70581055, -513.048339844, 1357.14575195, -166.478515625, 803.050415039, -9.56753635406, 381.60748291, 178.425491333, 216.207595825, 119.514556885, 113.794517517], [3335.45336914, -45.5814399719, -389.132598877, 100.204978943, -166.478515625, 249.160354614, -77.5634689331, 66.7325592041, -84.1859817505, 44.9728469849, -67.1190490723, -21.7889785767, -31.7486362457], [-13804.0361328, -738.174865723, 2048.07373047, -349.334747314, 803.050415039, -77.5634689331, 647.53692627, -6.97911167145, 232.24041748, 131.472702026, 177.248962402, 57.6652145386, 56.2183952332], [563.572570801, -97.7755966187, -63.578327179, 21.2759895325, -9.56753635406, 66.7325592041, -6.97911167145, 66.5988388062, 0.735644578934, 19.3754177094, -21.3752651215, 5.87873458862, -11.2104349136], [-5988.53857422, -315.384368896, 784.78692627, -166.099487305, 381.60748291, -84.1859817505, 232.24041748, 0.735644578934, 161.739883423, 46.5892181396, 81.4563827515, 33.9391708374, 30.3158931732], [-2923.63574219, -247.185638428, 472.054779053, -81.7408065796, 178.425491333, 44.9728469849, 131.472702026, 19.3754177094, 46.5892181396, 94.7512741089, 32.2515678406, 12.3321151733, 12.7179994583], [-3966.72192383, -130.98638916, 548.124389648, -118.124031067, 216.207595825, -67.1190490723, 177.248962402, -21.3752651215, 81.4563827515, 32.2515678406, 98.5947189331, 21.1224594116, 15.7888021469], [-1787.85778809, -149.302474976, 239.684783936, -48.7407341003, 119.514556885, -21.7889785767, 57.6652145386, 5.87873458862, 33.9391708374, 12.3321151733, 21.1224594116, 47.4334907532, 26.1404914856], [-1703.48608398, -87.9356536865, 213.668807983, -46.5851478577, 113.794517517, -31.7486362457, 56.2183952332, -11.2104349136, 30.3158931732, 12.7179994583, 15.7888021469, 26.1404914856, 49.3694915771]],
        "icov": [[0.0015014342498, -0.00302870618179, 0.00367906806059, -0.0053459526971, 0.00540246861055, -0.00431142281741, 0.0053995908238, -0.00460234750062, 0.00306997844018, -0.0013929810375, 0.00216707773507, -0.00262044370174, 0.00219415128231], [-0.00302870618179, 0.00972481351346, -0.00643191672862, 0.00921841803938, -0.00909922271967, 0.0109006380662, -0.0124182477593, 0.0121894786134, -0.00590080115944, 0.00348738394678, -0.00719316676259, 0.00969619397074, -0.00586415594444], [0.00367906806059, -0.00643191672862, 0.0107132066041, -0.0141493231058, 0.0125505728647, -0.00830682460219, 0.00941871013492, -0.00940039008856, 0.00862954556942, -0.00596890505403, 0.00606608204544, -0.00694159744307, 0.00661535654217], [-0.0053459526971, 0.00921841803938, -0.0141493231058, 0.0254726298153, -0.0190182290971, 0.0128772743046, -0.0160361975431, 0.0134607804939, -0.0100986631587, 0.00775054935366, -0.00633671972901, 0.0093084834516, -0.00803081970662], [0.00540246861055, -0.00909922271967, 0.0125505728647, -0.0190182290971, 0.0266025606543, -0.0153730250895, 0.0170767717063, -0.0142037319019, 0.00437108473852, -0.00421314360574, 0.00924099702388, -0.00980073958635, 0.00470037432387], [-0.00431142281741, 0.0109006380662, -0.00830682460219, 0.0128772743046, -0.0153730250895, 0.026209615171, -0.0219991840422, 0.00950847379863, -0.00187506584916, -0.00613374402747, -0.00206457730383, 0.00889835786074, -0.00306694535539], [0.0053995908238, -0.0124182477593, 0.00941871013492, -0.0160361975431, 0.0170767717063, -0.0219991840422, 0.0370397046208, -0.0217271335423, 0.00988747552037, 0.000806572788861, -0.00292780296877, -0.00335323950276, 0.00410969089717], [-0.00460234750062, 0.0121894786134, -0.00940039008856, 0.0134607804939, -0.0142037319019, 0.00950847379863, -0.0217271335423, 0.0458809137344, -0.0184424500912, -0.000241397719947, 0.00132426153868, -0.00129777484108, 0.00195830781013], [0.00306997844018, -0.00590080115944, 0.00862954556942, -0.0100986631587, 0.00437108473852, -0.00187506584916, 0.00988747552037, -0.0184424500912, 0.0333975814283, -0.00536684831604, -0.00317629612982, -0.00223090825602, 0.00488490099087], [-0.0013929810375, 0.00348738394678, -0.00596890505403, 0.00775054935366, -0.00421314360574, -0.00613374402747, 0.000806572788861, -0.000241397719947, -0.00536684831604, 0.0293096862733, -0.0111017813906, 0.0101014748216, -0.00996604003012], [0.00216707773507, -0.00719316676259, 0.00606608204544, -0.00633671972901, 0.00924099702388, -0.00206457730383, -0.00292780296877, 0.00132426153868, -0.00317629612982, -0.0111017813906, 0.0383918918669, -0.0179316494614, 0.0127630578354], [-0.00262044370174, 0.00969619397074, -0.00694159744307, 0.0093084834516, -0.00980073958635, 0.00889835786074, -0.00335323950276, -0.00129777484108, -0.00223090825602, 0.0101014748216, -0.0179316494614, 0.0513076893985, -0.0251489225775], [0.00219415128231, -0.00586415594444, 0.00661535654217, -0.00803081970662, 0.00470037432387, -0.00306694535539, 0.00410969089717, 0.00195830781013, 0.00488490099087, -0.00996604003012, 0.0127630578354, -0.0251489225775, 0.0410707183182]]
    },
    "melbands": {
        "max": [0.000810750410892, 0.00202020863071, 0.00930731650442, 0.00224174116738, 0.00284977257252, 0.00181757332757, 0.00483657699078, 0.00154839549214, 0.00312685105018, 0.0015790782636, 0.00197393936105, 0.00119407998864, 0.000644343032036, 0.00132829032373, 0.00226956722327, 0.00235928036273, 0.000696555653121, 0.00127964222338, 0.001164544723, 0.000935332616791, 0.00108367903158, 0.000597603560891, 0.000945902895182, 0.000731927342713, 0.00066412758315, 0.000434009474702, 0.000239800327108, 9.68807071331e-05, 0.00011418122449, 0.000125750972074, 0.000158546085004, 0.000103356760519, 4.44482284365e-05, 4.53536813438e-05, 4.40312323917e-05, 3.27575107804e-05, 3.43131760019e-05, 3.35428267135e-05, 2.15707768803e-05, 3.39955622621e-05],
        "mean": [2.14371393668e-05, 7.56613371777e-05, 0.000135722206323, 0.000188736899872, 0.000231335754506, 0.000118040894449, 0.000123548219563, 0.00012144644279, 0.000131024018629, 8.80954539753e-05, 0.000150270294398, 9.39732126426e-05, 4.78639158246e-05, 8.13002479845e-05, 5.93974255025e-05, 0.000100460478279, 5.28429482074e-05, 8.08487020549e-05, 9.25378553802e-05, 8.37789848447e-05, 9.74366121227e-05, 4.28430830652e-05, 3.57377357432e-05, 3.86454194086e-05, 4.49166582257e-05, 2.93563862215e-05, 9.297287761e-06, 5.52393294129e-06, 4.9811333156e-06, 4.45924388259e-06, 4.24278368882e-06, 5.00122496305e-06, 4.27938039138e-06, 2.87497277895e-06, 1.93921164282e-06, 1.7446483298e-06, 1.26750512663e-06, 8.60780460243e-07, 5.98862129664e-07, 4.57748768667e-07],
        "min": [5.56999844731e-25, 1.04486283504e-24, 8.4667425299e-25, 5.36916580071e-25, 7.81906701911e-25, 5.32134406656e-25, 8.28355029226e-25, 1.73572019735e-24, 1.07747621841e-24, 1.29056007208e-24, 1.29607844993e-24, 1.90334603996e-24, 1.30399230253e-24, 1.96298727706e-24, 2.81164147231e-24, 2.02866980818e-24, 1.35864793871e-24, 3.39470237242e-24, 2.66377127056e-24, 2.32111849233e-24, 2.1497569989e-24, 2.8339853658e-24, 2.78941531631e-24, 3.07513856681e-24, 3.25457996806e-24, 3.1778758668e-24, 3.85943926435e-24, 4.53873646174e-24, 4.33941576568e-24, 4.57416381056e-24, 4.8396470596e-24, 4.60659230465e-24, 3.40331831123e-24, 5.65283840729e-24, 5.43445528189e-24, 4.05503456479e-24, 6.04870458675e-24, 5.36691025017e-24, 4.86723431432e-24, 5.26287961273e-24],
        "stdev": [5.62779823667e-05, 0.000165357545484, 0.000343885301845, 0.000274547870504, 0.000351084250724, 0.000191235449165, 0.00032116213697, 0.000191758939764, 0.000233294587815, 0.000138648567372, 0.000239449436776, 0.000142170247273, 6.57772106933e-05, 0.000134611997055, 0.000116454022645, 0.000211613805732, 7.09675077815e-05, 0.000121403711091, 0.000146876380313, 0.000120153650641, 0.000146823062096, 6.55035328236e-05, 7.0874368248e-05, 6.52498201816e-05, 7.56252993597e-05, 4.62504613097e-05, 1.69887189259e-05, 8.52923312777e-06, 8.30641965877e-06, 8.95212542673e-06, 8.34544334793e-06, 7.64192554925e-06, 6.14063901594e-06, 4.16930470237e-06, 3.0596452234e-06, 2.85007490675e-06, 2.72379065791e-06, 2.11935116567e-06, 1.60475190114e-06, 1.37206404816e-06]
    },
    "melbands128": {
        "max": [9.34113122639e-05, 0.000236576364841, 0.00126044242643, 0.00198107515462, 0.00174152012914, 0.0035491453018, 0.0135607235134, 0.0121189765632, 0.00378350098617, 0.00241680815816, 0.00288481917232, 0.00511088781059, 0.00405760295689, 0.00168033863883, 0.00199229642749, 0.00376184098423, 0.00707284966484, 0.00687841977924, 0.00412215013057, 0.00240573170595, 0.00226585869677, 0.00519997533411, 0.00428502773866, 0.0032194883097, 0.0020926813595, 0.00198003649712, 0.00403632549569, 0.0019110016292, 0.005184201058, 0.00191793299746, 0.000856105354615, 0.00167654559482, 0.00133088463917, 0.0011136875255, 0.0019818758592, 0.00247818371281, 0.00110624358058, 0.00509641412646, 0.00130493775941, 0.00314091448672, 0.00431233737618, 0.00197640922852, 0.000484423391754, 0.00162938493304, 0.00177266588435, 0.00195800000802, 0.00108163233381, 0.00120555469766, 0.00245977728628, 0.00290604331531, 0.00148830038961, 0.00197450746782, 0.00271641556174, 0.00112539739348, 0.00179872906301, 0.00112531357445, 0.000613039883319, 0.00218234397471, 0.00163824053016, 0.00275386264548, 0.000780089001637, 0.000682496349327, 0.00195391243324, 0.00113732297905, 0.00102796929423, 0.00078210956417, 0.000726143131033, 0.000418377079768, 0.000173938693479, 9.37120348681e-05, 0.000232974503888, 0.000117238319945, 9.581213817e-05, 0.00013662679703, 0.000173021820956, 0.000117529474664, 0.000223324095714, 0.000207150587812, 0.000189235244761, 0.000138392482768, 0.000126428392832, 8.75044352142e-05, 5.63240100746e-05, 6.23298619757e-05, 4.63761207357e-05, 3.96486284444e-05, 6.03223670623e-05, 5.83983528486e-05, 4.06669169024e-05, 6.05294044362e-05, 3.67733009625e-05, 4.13760644733e-05, 4.51261112175e-05, 3.42567691405e-05, 3.49162764905e-05, 3.51777780452e-05, 2.8988597478e-05, 3.62488353858e-05, 2.64592708845e-05, 2.13143721339e-05, 6.75814371789e-05, 3.24294524034e-05, 1.16978681035e-05, 1.27673638417e-05, 1.03946858871e-05, 8.59850297275e-06, 6.97207678968e-06, 3.92824176743e-06, 2.09995118894e-06, 2.70006762548e-06, 9.92722334558e-07, 6.94675293289e-07, 6.25110274655e-08, 2.8637345828e-09, 2.78613088156e-09, 2.72766742526e-09, 2.66366995127e-09, 2.60218335768e-09, 2.53585508148e-09, 2.49103937477e-09, 2.43623898832e-09, 2.40360931159e-09, 2.35024932849e-09, 2.33369479297e-09, 2.31149477337e-09, 2.2874351302e-09, 2.25446927793e-09, 2.25009988419e-09],
        "mean": [3.289567303e-06, 8.5306883193e-06, 2.40398239839e-05, 5.49065953237e-05, 8.73533936101e-05, 7.88753823144e-05, 9.07551002456e-05, 0.00016029906692, 0.000201126400498, 0.000138662551763, 0.000200667447643, 0.000339545600582, 0.000249446748057, 8.81044907146e-05, 9.34781928663e-05, 0.000148311984958, 0.000149725106894, 0.000116949988296, 9.66471125139e-05, 8.31690776977e-05, 0.000144838675624, 0.000205832737265, 0.000115097580419, 9.204968228e-05, 4.13554807892e-05, 9.67109299381e-05, 0.000167157966644, 9.95432710624e-05, 0.000230562116485, 0.000108877160528, 5.19955938216e-05, 4.51488922408e-05, 3.76773168682e-05, 4.71726743854e-05, 0.000105815895949, 8.92026509973e-05, 4.00101453124e-05, 7.31327236281e-05, 5.05590396642e-05, 8.40676439111e-05, 0.000144743171404, 6.98408985045e-05, 3.59638906957e-05, 3.47248533217e-05, 0.000114665170258, 9.61604164331e-05, 2.94724413834e-05, 5.72737044422e-05, 0.000153916829731, 0.000130285814521, 3.68787259504e-05, 6.4443986048e-05, 0.000170355167938, 6.89028966008e-05, 3.07704613078e-05, 4.97492255818e-05, 4.78803631268e-05, 2.55854683928e-05, 3.58995675924e-05, 4.71444654977e-05, 1.81824416359e-05, 5.06383112224e-05, 6.46287808195e-05, 2.34545277635e-05, 5.29044482391e-05, 3.25853761751e-05, 1.47899136209e-05, 1.25052010844e-05, 7.49305854697e-06, 5.78572735321e-06, 6.22198376732e-06, 5.08659468323e-06, 4.14027635998e-06, 5.61601427762e-06, 4.94143887408e-06, 4.39902578364e-06, 4.28155408372e-06, 4.24778500019e-06, 3.74710452888e-06, 4.88506020702e-06, 5.40726750842e-06, 5.15025021741e-06, 3.77285209652e-06, 4.60228056909e-06, 4.41017073172e-06, 3.0200344554e-06, 2.50514744948e-06, 2.11093060898e-06, 1.81557300039e-06, 1.8874708303e-06, 1.91271465155e-06, 1.68814062818e-06, 1.50318783199e-06, 1.22505514355e-06, 1.19716355584e-06, 9.90460989669e-07, 7.58694739034e-07, 7.24551227904e-07, 5.88333193718e-07, 5.40540781913e-07, 5.53932181901e-07, 4.32189438015e-07, 3.64881003634e-07, 3.17706394526e-07, 2.62866336698e-07, 1.95428569327e-07, 1.3839682822e-07, 9.33717032581e-08, 6.75216895729e-08, 3.90841172759e-08, 2.14322799508e-08, 8.64195648376e-09, 6.24656770754e-10, 1.86091524135e-11, 9.27079680385e-12, 6.5945382835e-12, 4.69721397195e-12, 4.54107888445e-12, 4.43184117876e-12, 4.34205015692e-12, 4.24398146834e-12, 4.18057906001e-12, 4.07928638785e-12, 4.02481563702e-12, 3.99200464352e-12, 3.95307614767e-12, 3.91269482092e-12, 3.89583417609e-12],
        "min": [1.13367832394e-26, 1.36979151111e-25, 5.27674174772e-26, 4.37948802612e-25, 3.64439563368e-25, 3.29817148491e-25, 2.17535938097e-25, 2.74301875799e-25, 2.88675340574e-25, 2.39131227245e-25, 3.49449850314e-25, 9.79148083886e-26, 1.22605378187e-25, 2.84490753947e-25, 4.62804694237e-26, 3.12639307849e-25, 2.33259341097e-25, 3.28674902552e-25, 3.34754653549e-25, 5.35470006386e-25, 6.42072527598e-25, 1.7390748037e-25, 1.25422080005e-25, 4.766059945e-25, 7.59706775532e-25, 3.608709785e-25, 1.82752620247e-25, 5.54163889777e-25, 7.30418638096e-25, 5.33699703908e-25, 5.2399641895e-25, 6.13389791603e-25, 5.612024519e-25, 4.68987816827e-25, 7.20418149793e-25, 4.97349387825e-25, 1.10269876396e-24, 8.35820217187e-25, 1.3289443674e-24, 1.21527720235e-24, 4.75840503599e-25, 7.84598886965e-25, 6.38097063066e-25, 9.51605473766e-25, 7.83216802659e-25, 1.60023461878e-24, 7.33726036049e-25, 6.26486805479e-25, 9.69333742104e-25, 8.68966574703e-25, 1.05653294745e-24, 1.59542690599e-24, 1.0486223489e-24, 9.86849708251e-25, 1.38432457231e-24, 1.19415831123e-24, 1.21823690986e-24, 1.46692511301e-24, 1.44690796476e-24, 1.13905233409e-24, 9.74044523607e-25, 1.15931639581e-24, 1.35218105422e-24, 1.7738393368e-24, 1.87330227239e-24, 1.93791767192e-24, 1.28432816953e-24, 1.7517052803e-24, 2.03508245848e-24, 1.62265365127e-24, 2.28700282197e-24, 1.95602617121e-24, 1.86417101019e-24, 2.36078695459e-24, 2.52383839003e-24, 2.59715393927e-24, 2.37486062757e-24, 2.97920598099e-24, 2.46375834906e-24, 2.84080427947e-24, 2.42081236695e-24, 3.08901857444e-24, 2.22712985699e-24, 1.9260194801e-24, 2.8595219766e-24, 1.80223556837e-24, 3.77050229704e-24, 3.42843722018e-24, 2.76027676662e-24, 3.087264345e-24, 2.30416764641e-24, 2.44691971861e-24, 2.51838144472e-24, 4.35789483238e-24, 3.59686415104e-24, 3.53805930372e-24, 3.68080723439e-24, 2.86302491345e-24, 2.96936454676e-24, 3.5582529596e-24, 3.06551683035e-24, 3.98710693553e-24, 3.61387948633e-24, 3.98705289856e-24, 3.49994864452e-24, 3.23018976938e-24, 4.61703879519e-24, 3.88093493516e-24, 3.83276156626e-24, 4.46448492903e-24, 4.01262303594e-24, 4.61677413236e-24, 3.16640701253e-24, 4.02398144968e-24, 4.27082352111e-24, 4.26593100577e-24, 4.67278798979e-24, 4.59701789985e-24, 4.67980411868e-24, 4.84261554319e-24, 5.31213687651e-24, 4.44790780597e-24, 4.41698090861e-24, 5.03869835967e-24, 5.48627003273e-24, 5.12158397498e-24, 5.28826870653e-24, 5.25820561186e-24],
        "stdev": [7.3076348599e-06, 2.21930640691e-05, 8.8861437689e-05, 0.00013450786355, 0.000191882019863, 0.000214671526919, 0.000422156852437, 0.000452779553598, 0.000417108560214, 0.000252108438872, 0.000355251890142, 0.000569991534576, 0.000421175704105, 0.000182440475328, 0.000176865316462, 0.000305069057504, 0.000513601989951, 0.000408028980019, 0.000255369319348, 0.000195600936422, 0.000260491739027, 0.00044759985758, 0.000275005382719, 0.000265018548816, 8.54012541822e-05, 0.000191909304704, 0.000380412733648, 0.000175544628291, 0.00049546424998, 0.000209824400372, 9.76752635324e-05, 0.000103845966805, 8.98282669368e-05, 9.66917432379e-05, 0.000199533053092, 0.000184730408364, 7.64787837397e-05, 0.000233727696468, 9.72891211859e-05, 0.000200385911739, 0.000397407478886, 0.000159677947522, 6.03762600804e-05, 8.65106921992e-05, 0.000194852065761, 0.000167827733094, 7.36598594813e-05, 0.000122227182146, 0.000324165681377, 0.000279575207969, 8.64865723997e-05, 0.000156698151841, 0.00032220382127, 0.000122492900118, 9.09142909222e-05, 9.21023456613e-05, 7.75385342422e-05, 9.50644462137e-05, 7.97716493253e-05, 0.000130874337628, 4.41486918135e-05, 0.000106592953671, 0.000169539664057, 5.51472658117e-05, 9.69345273916e-05, 7.40195464459e-05, 3.68138171325e-05, 3.09836141241e-05, 1.55850157171e-05, 9.05367051018e-06, 1.29276722873e-05, 9.20006732485e-06, 7.69569487602e-06, 9.84707094176e-06, 1.01692676253e-05, 8.83027587406e-06, 1.14375498015e-05, 1.08199756141e-05, 8.46801958687e-06, 8.7171965788e-06, 9.28105600906e-06, 8.97437894309e-06, 6.17802606939e-06, 7.38845619708e-06, 6.50115453027e-06, 4.39248924522e-06, 4.52807353213e-06, 4.17091314375e-06, 3.0237001738e-06, 3.14024623549e-06, 3.07472441818e-06, 3.18751199302e-06, 3.28042824549e-06, 2.75380125458e-06, 2.77887056654e-06, 2.55494182966e-06, 1.89568390851e-06, 2.10560756386e-06, 1.63007428e-06, 1.49167317431e-06, 2.26494762501e-06, 1.32126751851e-06, 8.58643375068e-07, 8.01395117378e-07, 6.77419450312e-07, 5.11770338107e-07, 4.13696483292e-07, 2.5852156682e-07, 1.69766096292e-07, 1.28560003532e-07, 5.79037653381e-08, 3.38714052361e-08, 2.72751798924e-09, 1.23195953439e-10, 8.059145018e-11, 7.41159217332e-11, 7.06219804858e-11, 6.89886758831e-11, 6.72284658498e-11, 6.60388757567e-11, 6.45850040115e-11, 6.37175381901e-11, 6.23030654845e-11, 6.18617379544e-11, 6.12729797456e-11, 6.0634171295e-11, 5.97611057862e-11, 5.96453650359e-11]
    },
    "mfcc": {
        "mean": [-810.375244141, 61.8805809021, -32.6626663208, 4.73967933655, -4.92900466919, -0.928828656673, -11.5317325592, 3.25732970238, -6.75316524506, -2.10592317581, -2.66543507576, -6.69507789612, -4.0370631218],
        "cov": [[93577.3671875, 11881.8105469, -5862.52441406, 1173.55529785, -1009.09179688, -139.999603271, -2280.02734375, 715.059509277, -1327.65368652, -431.868713379, -484.903564453, -1408.9453125, -874.577880859], [11881.8105469, 2224.42358398, -872.094482422, 223.112838745, -242.425094604, -100.078567505, -366.072296143, 51.2756309509, -297.106292725, -66.5224533081, -109.489204407, -194.475952148, -93.9102249146], [-5862.52441406, -872.094482422, 956.261352539, 22.3618602753, -15.7540540695, 61.73670578, 257.063018799, -68.5175094604, 76.2972946167, 44.8854866028, 31.874792099, 128.181518555, 37.3013763428], [1173.55529785, 223.112838745, 22.3618602753, 204.789459229, 3.07059907913, -24.3161315918, -62.8000526428, 22.8319072723, -48.9260025024, -17.6050758362, -19.8579006195, -70.1935882568, 3.532984972], [-1009.09179688, -242.425094604, -15.7540540695, 3.07059907913, 141.392913818, 25.32579422, 8.3841342926, 3.22668457031, 52.0764579773, 4.11803436279, 10.4064302444, -1.90998888016, 15.9926261902], [-139.999603271, -100.078567505, 61.73670578, -24.3161315918, 25.32579422, 86.6233825684, 70.8215560913, -5.24804258347, 41.1976623535, 16.8751182556, 8.71871471405, 28.2406654358, -1.73469316959], [-2280.02734375, -366.072296143, 257.063018799, -62.8000526428, 8.3841342926, 70.8215560913, 181.926467896, -16.7247447968, 68.4647750854, 29.8678016663, 21.4438247681, 88.9733734131, 16.8051300049], [715.059509277, 51.2756309509, -68.5175094604, 22.8319072723, 3.22668457031, -5.24804258347, -16.7247447968, 70.6618728638, -1.73790919781, -1.61749529839, 5.23364257812, -19.7602176666, -4.63912630081], [-1327.65368652, -297.106292725, 76.2972946167, -48.9260025024, 52.0764579773, 41.1976623535, 68.4647750854, -1.73790919781, 95.4317169189, 21.9206428528, 20.2779598236, 29.7955970764, 10.9122667313], [-431.868713379, -66.5224533081, 44.8854866028, -17.6050758362, 4.11803436279, 16.8751182556, 29.8678016663, -1.61749529839, 21.9206428528, 41.6987762451, 18.7563991547, 26.142698288, 6.65909528732], [-484.903564453, -109.489204407, 31.874792099, -19.8579006195, 10.4064302444, 8.71871471405, 21.4438247681, 5.23364257812, 20.2779598236, 18.7563991547, 47.0731048584, 23.3962039948, -2.39034152031], [-1408.9453125, -194.475952148, 128.181518555, -70.1935882568, -1.90998888016, 28.2406654358, 88.9733734131, -19.7602176666, 29.7955970764, 26.142698288, 23.3962039948, 101.921981812, 20.0061607361], [-874.577880859, -93.9102249146, 37.3013763428, 3.532984972, 15.9926261902, -1.73469316959, 16.8051300049, -4.63912630081, 10.9122667313, 6.65909528732, -2.39034152031, 20.0061607361, 43.7335281372]],
        "icov": [[5.35771505383e-05, -0.000207122051506, 6.98242074577e-05, -6.56039483147e-05, 9.80497061391e-05, -0.000438952818513, 0.000283161032712, -0.000256159808487, -0.000120493983559, 9.09053123905e-05, 6.92658932167e-06, -3.19753962685e-05, 0.000414398149587], [-0.000207122051506, 0.00305821117945, 0.00165807746816, -0.00220758304931, 0.00262112147175, -0.000161422140081, -2.76975897577e-05, 0.00160798837896, 0.00318091688678, -0.00214092968963, 0.00234522391111, -0.00124781520572, 0.000636713521089], [6.98242074577e-05, 0.00165807746816, 0.00400586007163, -0.00405254727229, 0.00317425699905, -0.000767962716054, -0.00227880431339, 0.00206900481135, 0.00147685909178, -0.00160967942793, 0.00148825871293, -0.0019085543463, 0.00260237720795], [-6.56039483147e-05, -0.00220758304931, -0.00405254727229, 0.0119539005682, -0.00486615020782, 0.000958019634709, 5.61644301342e-05, -0.0030968496576, 0.00224741222337, 0.00107121979818, -0.0026117884554, 0.00818826351315, -0.00670653302222], [9.80497061391e-05, 0.00262112147175, 0.00317425699905, -0.00486615020782, 0.0147928968072, -0.00592264905572, 0.00409996230155, 0.000973519752733, -0.00370383472182, 0.000305557594402, 0.00105021870695, -0.00166713923682, -0.000144038771396], [-0.000438952818513, -0.000161422140081, -0.000767962716054, 0.000958019634709, -0.00592264905572, 0.0258243717253, -0.0125980982557, 0.00293296994641, -0.00417941389605, -0.00327101745643, 0.00042707301327, 0.00136820401531, 0.000733446446247], [0.000283161032712, -2.76975897577e-05, -0.00227880431339, 5.61644301342e-05, 0.00409996230155, -0.0125980982557, 0.022960068658, -0.00380608066916, -0.00560083193704, 0.00110475916881, 0.00300061400048, -0.0102534405887, 0.00240063248202], [-0.000256159808487, 0.00160798837896, 0.00206900481135, -0.0030968496576, 0.000973519752733, 0.00293296994641, -0.00380608066916, 0.0186327602714, -0.000140839154483, -0.00111011497211, -0.00335273006931, 0.00222064228728, -0.000979846692644], [-0.000120493983559, 0.00318091688678, 0.00147685909178, 0.00224741222337, -0.00370383472182, -0.00417941389605, -0.00560083193704, -0.000140839154483, 0.0271264221519, -0.00718435412273, -0.000833281548694, 0.0044318344444, -0.00144195079338], [9.09053123905e-05, -0.00214092968963, -0.00160967942793, 0.00107121979818, 0.000305557594402, -0.00327101745643, 0.00110475916881, -0.00111011497211, -0.00718435412273, 0.036613740027, -0.01217159722, -0.00385736231692, -0.00495979422703], [6.92658932167e-06, 0.00234522391111, 0.00148825871293, -0.0026117884554, 0.00105021870695, 0.00042707301327, 0.00300061400048, -0.00335273006931, -0.000833281548694, -0.01217159722, 0.0334363020957, -0.00876797083765, 0.0101400399581], [-3.19753962685e-05, -0.00124781520572, -0.0019085543463, 0.00818826351315, -0.00166713923682, 0.00136820401531, -0.0102534405887, 0.00222064228728, 0.0044318344444, -0.00385736231692, -0.00876797083765, 0.0279202163219, -0.0112830344588], [0.000414398149587, 0.000636713521089, 0.00260237720795, -0.00670653302222, -0.000144038771396, 0.000733446446247, 0.00240063248202, -0.000979846692644, -0.00144195079338, -0.00495979422703, 0.0101400399581, -0.0112830344588, 0.036728285253]]
    },
    "spectral_contrast_coeffs": {
        "max": [-0.436454415321, -0.553971767426, -0.519180238247, -0.556540310383, -0.560762703419, -0.647453069687],
        "mean": [-0.761675596237, -0.835744917393, -0.812976896763, -0.801673352718, -0.80402213335, -0.799474477768],
        "min": [-0.986384391785, -0.985961675644, -0.976763188839, -0.973717272282, -0.968976140022, -0.965737879276],
        "stdev": [0.1501596421, 0.10005646199, 0.111902087927, 0.122578643262, 0.11488301307, 0.109443359077]
    },
    "spectral_contrast_valleys": {
        "max": [-5.94556903839, -5.38013982773, -5.93240785599, -5.58529043198, -5.76627254486, -7.95490264893],
        "mean": [-13.6255455017, -12.9075641632, -13.1327285767, -13.1415634155, -13.2593727112, -15.26126194],
        "min": [-28.0484333038, -27.9644927979, -27.8998508453, -27.665304184, -27.6036872864, -27.4221878052],
        "stdev": [8.97689914703, 9.42432403564, 9.31211566925, 9.29120922089, 9.22444915771, 7.93716907501]
    }
},
"rhythm": {
    "beats_count": 68,
    "beats_loudness": {
        "max": 0.0425519645214,
        "mean": 0.0157209485769,
        "min": 0,
        "stdev": 0.0121753988788
    },
    "bpm": 146.543731689,
    "bpm_histogram_first_peak_bpm": 148,
    "bpm_histogram_first_peak_weight": 0.5,
    "bpm_histogram_second_peak_bpm": 120,
    "bpm_histogram_second_peak_spread": 0.649999976158,
    "bpm_histogram_second_peak_weight": 0.104477614164,
    "danceability": 0.752579152584,
    "onset_rate": 0.906979441643,
    "beats_loudness_band_ratio": {
        "max": [0.738002479076, 0.413525849581, 0.661969363689, 0.602569818497, 0.750099122524, 0.461306989193],
        "mean": [0.0532762855291, 0.0819519013166, 0.128139421344, 0.156300574541, 0.243752643466, 0.0766298025846],
        "min": [0, 0, 0, 0, 0, 0],
        "stdev": [0.121165446937, 0.0986489653587, 0.150525227189, 0.15160278976, 0.244198039174, 0.0836059004068]
    },
    "beats_position": [0.406349211931, 0.824308395386, 1.23065757751, 1.63700675964, 2.04335594177, 2.4497051239, 2.85605430603, 3.25079369545, 3.63392281532, 4.01705217361, 4.38857126236, 4.76009082794, 5.16644001007, 5.56117916107, 5.9675283432, 6.38548755646, 6.80344676971, 7.23301553726, 7.66258478165, 8.09215450287, 8.54494285583, 8.97451210022, 9.39247131348, 9.81043052673, 10.2167797089, 10.623128891, 11.0410881042, 11.4590473175, 11.9582767487, 12.4691152573, 12.9799547195, 13.5372333527, 14.0945119858, 14.6517915726, 15.2671203613, 15.8824491501, 16.4745578766, 17.0666656494, 17.6587753296, 18.2044448853, 18.7501125336, 19.2957820892, 19.8414516449, 20.3871192932, 20.9211788177, 21.4552383423, 21.9892959595, 22.4653053284, 22.9529247284, 23.4637641907, 23.9629936218, 24.4622211456, 24.9614505768, 25.4490699768, 25.9366893768, 26.4243087769, 26.9351463318, 27.4459857941, 27.9568252563, 28.4560546875, 28.9552822113, 29.4545116425, 29.9421310425, 30.4297504425, 30.9173698425, 31.3933773041, 31.869386673, 32.3453979492],
