{
"metadata": {
    "version": {
        "essentia": "2.1-beta5",
        "essentia_git_sha": "Undefined",
        "extractor": "music 2.0"
    },
    "audio_properties": {
        "analysis": {
            "equal_loudness": 0,
            "length": 35.9909286499,
            "sample_rate": 44100,
            "start_time": 93.9943771362,
            "downmix": "mix"
        },
        "bit_rate": 192000,
        "length": 153.55355835,
        "lossless": 0,
        "number_channels": 2,
        "replay_gain": -8.20132827759,
        "sample_rate": 44100,
        "codec": "mp3",
        "md5_encoded": "73596dfc5806febc946fe32d61dedafd"
    },
    "tags": {
        "file_name": "Finland_Anna Rakkaudelle Tilaisuus_Seija Simola.mp3",
        "encoding": ["Lavf58.29.100"]
    }
},
"lowlevel": {
    "average_loudness": 0.963293254375,
    "barkbands_crest": {
        "max": 25.0228290558,
        "mean": 8.92560100555,
        "min": 3.04245328903,
        "stdev": 3.42632603645
    },
    "barkbands_flatness_db": {
        "max": 0.329129040241,
        "mean": 0.170400083065,
        "min": 0.0807312056422,
        "stdev": 0.0350977517664
    },
    "barkbands_kurtosis": {
        "max": 62.6334686279,
        "mean": 1.4309066534,
        "min": -1.72909104824,
        "stdev": 3.83719682693
    },
    "barkbands_skewness": {
        "max": 6.16767644882,
        "mean": 0.600676357746,
        "min": -2.45421814919,
        "stdev": 0.999592602253
    },
    "barkbands_spread": {
        "max": 47.4434165955,
        "mean": 17.0051898956,
        "min": 1.85910320282,
        "stdev": 6.55082464218
    },
    "dissonance": {
        "max": 0.49960654974,
        "mean": 0.45215895772,
        "min": 0.297276109457,
        "stdev": 0.0300003457814
    },
    "dynamic_complexity": 2.70139527321,
    "erbbands_crest": {
        "max": 31.2672119141,
        "mean": 10.5656309128,
        "min": 3.05351114273,
        "stdev": 4.4851307869
    },
    "erbbands_flatness_db": {
        "max": 0.372401148081,
        "mean": 0.218191727996,
        "min": 0.112967759371,
        "stdev": 0.0426076687872
    },
    "erbbands_kurtosis": {
        "max": 17.489988327,
        "mean": 1.25912499428,
        "min": -1.62904131413,
        "stdev": 2.29332351685
    },
    "erbbands_skewness": {
        "max": 3.91827464104,
        "mean": 0.213394001126,
        "min": -2.82030320168,
        "stdev": 0.654297292233
    },
    "erbbands_spread": {
        "max": 83.4550704956,
        "mean": 22.9233551025,
        "min": 2.89971327782,
        "stdev": 12.0191030502
    },
    "hfc": {
        "max": 94.4464569092,
        "mean": 22.8367023468,
        "min": 0.820810079575,
        "stdev": 18.3202400208
    },
    "loudness_ebu128": {
        "integrated": -15.5315608978,
        "loudness_range": 2.8018951416,
        "momentary": {
            "max": -12.2737417221,
            "mean": -15.980260849,
            "min": -25.6039390564,
            "stdev": 2.11746454239
        },
        "short_term": {
            "max": -14.214015007,
            "mean": -15.631026268,
            "min": -18.0642490387,
            "stdev": 0.970045089722
        }
    },
    "melbands_crest": {
        "max": 26.9795799255,
        "mean": 10.7008285522,
        "min": 3.63153910637,
        "stdev": 3.9669778347
    },
    "melbands_flatness_db": {
        "max": 0.370994746685,
        "mean": 0.200703918934,
        "min": 0.0918713286519,
        "stdev": 0.0425207465887
    },
    "melbands_kurtosis": {
        "max": 109.460166931,
        "mean": 3.84264731407,
        "min": -1.72211015224,
        "stdev": 7.49498081207
    },
    "melbands_skewness": {
        "max": 7.24639415741,
        "mean": 1.20812535286,
        "min": -1.62582850456,
        "stdev": 1.1804703474
    },
    "melbands_spread": {
        "max": 81.6076660156,
        "mean": 24.7040367126,
        "min": 1.79743111134,
        "stdev": 11.1936864853
    },
    "pitch_salience": {
        "max": 0.809671878815,
        "mean": 0.564419746399,
        "min": 0.172391653061,
        "stdev": 0.082784190774
    },
    "silence_rate_20dB": {
        "max": 1,
        "mean": 1,
        "min": 1,
        "stdev": 0
    },
    "silence_rate_30dB": {
        "max": 1,
        "mean": 1,
        "min": 1,
        "stdev": 0
    },
    "silence_rate_60dB": {
        "max": 1,
        "mean": 0.0122501607984,
        "min": 0,
        "stdev": 0.110001280904
    },
    "spectral_centroid": {
        "max": 2628.06298828,
        "mean": 1201.17956543,
        "min": 357.911315918,
        "stdev": 382.683654785
    },
    "spectral_complexity": {
        "max": 35,
        "mean": 18.9735660553,
        "min": 4,
        "stdev": 5.52620410919
    },
    "spectral_decrease": {
        "max": -4.02266192578e-10,
        "mean": -6.61307808514e-09,
        "min": -2.61571884153e-08,
        "stdev": 4.40139658053e-09
    },
    "spectral_energy": {
        "max": 0.103566035628,
        "mean": 0.0270306300372,
        "min": 0.00166729872581,
        "stdev": 0.0180027782917
    },
    "spectral_energyband_high": {
        "max": 0.00151078170165,
        "mean": 0.000207662684261,
        "min": 2.51871597357e-06,
        "stdev": 0.000207368022529
    },
    "spectral_energyband_low": {
        "max": 0.0614008270204,
        "mean": 0.0048749782145,
        "min": 1.76619687409e-05,
        "stdev": 0.00592684745789
    },
    "spectral_energyband_middle_high": {
        "max": 0.0653150975704,
        "mean": 0.0126036778092,
        "min": 0.000140188552905,
        "stdev": 0.013391376473
    },
    "spectral_energyband_middle_low": {
        "max": 0.0772149637341,
        "mean": 0.0106064211577,
        "min": 0.00079056515824,
        "stdev": 0.00934672728181
    },
    "spectral_entropy": {
        "max": 8.15008735657,
        "mean": 7.23779344559,
        "min": 5.96851730347,
        "stdev": 0.269187957048
    },
    "spectral_flux": {
        "max": 0.243083879352,
        "mean": 0.0840700045228,
        "min": 0.0171306580305,
        "stdev": 0.0437389351428
    },
    "spectral_kurtosis": {
        "max": 24.1378002167,
        "mean": 6.37594556808,
        "min": -0.763066291809,
        "stdev": 3.51138997078
    },
    "spectral_rms": {
        "max": 0.0100518669933,
        "mean": 0.00484885694459,
        "min": 0.00127539515961,
        "stdev": 0.00169112766162
    },
    "spectral_rolloff": {
        "max": 5792.43164062,
        "mean": 1312.72009277,
        "min": 150.732421875,
        "stdev": 556.706481934
    },
    "spectral_skewness": {
        "max": 3.46557068825,
        "mean": 1.73339688778,
        "min": 0.535143613815,
        "stdev": 0.375487774611
    },
    "spectral_spread": {
        "max": 7959386.5,
        "mean": 3021748,
        "min": 1671077.25,
        "stdev": 779618.125
    },
    "spectral_strongpeak": {
        "max": 12.3471975327,
        "mean": 1.88750386238,
        "min": 0.0495711453259,
        "stdev": 2.11576938629
    },
    "zerocrossingrate": {
        "max": 0.11376953125,
        "mean": 0.0482806563377,
        "min": 0.01416015625,
        "stdev": 0.0150693831965
    },
    "barkbands": {
        "max": [0.000262316199951, 0.0470230914652, 0.0193420797586, 0.038457877934, 0.0442369543016, 0.0412771813571, 0.0243161823601, 0.0189226623625, 0.0446796901524, 0.052268370986, 0.0434365533292, 0.0405401028693, 0.0383774489164, 0.0432885624468, 0.0216967202723, 0.0084910877049, 0.0160874482244, 0.0066728615202, 0.0014913007617, 0.00147395685781, 0.000673891685437, 0.000899347709492, 0.000375829898985, 0.000413153233239, 0.000101555335277, 1.17360250442e-05, 5.64210540688e-06],
        "mean": [1.27408784465e-05, 0.00300052529201, 0.00122075341642, 0.00122545845807, 0.00233968929388, 0.00243638432585, 0.00141817261465, 0.000694779271726, 0.00146217469592, 0.00271025439724, 0.00197029323317, 0.00238198111765, 0.00204427959397, 0.00181353255175, 0.000695190450642, 0.00035664322786, 0.000446549121989, 0.000315820245305, 0.000201880407985, 0.000134060406708, 5.97109574301e-05, 4.32698579971e-05, 2.59561638813e-05, 1.38536879604e-05, 6.26594919595e-06, 4.21066971512e-07, 4.49433734673e-09],
        "min": [1.60556350437e-08, 8.84453527306e-07, 1.29468094201e-06, 1.22216420095e-06, 4.2665120418e-05, 2.42201040237e-05, 1.3941213183e-05, 7.85361862654e-06, 5.33125694346e-06, 5.29611816091e-06, 1.07113282866e-06, 5.13098029842e-07, 3.62407877219e-06, 7.83615178079e-06, 1.13766930099e-06, 2.28744738706e-06, 3.00245801554e-06, 3.11679400511e-06, 2.42386931859e-06, 1.22051483231e-06, 4.76821043094e-07, 3.05259021616e-07, 7.68031966913e-08, 8.85741044954e-08, 3.20673017029e-08, 1.37626186489e-11, 1.77750175689e-11],
        "stdev": [2.64187165158e-05, 0.00401346245781, 0.00186550873332, 0.0030564381741, 0.00351739348844, 0.00372183020227, 0.00188815395813, 0.00099992507603, 0.00353915337473, 0.00512507837266, 0.00482456479222, 0.00476070400327, 0.00418068468571, 0.00350275984965, 0.00177876569796, 0.000672619382385, 0.00108844263013, 0.000508386059664, 0.000186176170246, 0.000159837902174, 7.21634860383e-05, 6.70807421557e-05, 3.91465691791e-05, 2.2716301828e-05, 8.52518223837e-06, 8.00129612344e-07, 1.43217391724e-07]
    },
    "erbbands": {
        "max": [0.799276649952, 12.0545043945, 24.1256599426, 66.4082946777, 133.505264282, 135.028076172, 467.546539307, 422.342529297, 407.693115234, 270.502960205, 503.160552979, 1242.44946289, 1842.71252441, 1735.66101074, 1547.84204102, 2071.47143555, 1675.82446289, 2555.40356445, 1786.27587891, 1434.03674316, 461.734375, 852.512329102, 471.687866211, 153.765380859, 59.1418190002, 99.6546707153, 40.5373916626, 19.6471729279, 26.6733722687, 32.943195343, 11.575009346, 8.21216678619, 6.60011053085, 1.17209219933, 0.762363493443, 0.138908356428, 0.00991406291723, 0.00351170566864, 0.000804188661277, 0.000119322903629],
        "mean": [0.0451401174068, 0.798717319965, 1.60942029953, 3.02124452591, 4.98108434677, 7.90387868881, 15.1864652634, 20.2836971283, 22.1729774475, 19.2995929718, 16.6177139282, 32.517036438, 76.5437240601, 73.9615707397, 83.0617599487, 104.978210449, 96.9848480225, 92.5512084961, 56.7981529236, 32.3479194641, 20.7241783142, 23.5228328705, 18.1539783478, 15.7406549454, 7.51689958572, 6.22946500778, 3.44199204445, 1.84319245815, 1.61161565781, 1.29727995396, 0.613243818283, 0.356478482485, 0.19739665091, 0.0893347114325, 0.035763412714, 0.00572114530951, 0.000160970099387, 1.38570949275e-05, 1.61216594279e-05, 3.22998930642e-05],
        "min": [5.13637351105e-05, 0.000530411838554, 0.00669349776581, 0.00965790357441, 0.0325542651117, 0.126955136657, 0.327934324741, 0.213808581233, 0.48939999938, 0.36625161767, 0.276114791632, 0.195313185453, 0.309731334448, 0.346869140863, 0.348312735558, 0.170658841729, 0.286844342947, 0.52916187048, 0.333697646856, 0.210065126419, 0.187866315246, 0.154043242335, 0.299433618784, 0.240627750754, 0.0947054699063, 0.071740694344, 0.0339817553759, 0.019834915176, 0.0130334803835, 0.00358475837857, 0.00252602319233, 0.00183390942402, 0.00141087535303, 0.000427349878009, 0.000186383913388, 1.6899781258e-05, 1.61810669397e-06, 2.4524121045e-07, 9.34950776355e-07, 2.02741080102e-06],
        "stdev": [0.0651356652379, 1.06191277504, 2.22129130363, 6.06480026245, 10.4938764572, 11.564245224, 30.9227962494, 29.6490440369, 30.7663669586, 27.2030258179, 28.5387229919, 81.6263504028, 133.771713257, 163.49319458, 174.830169678, 200.114929199, 185.384338379, 177.184371948, 111.709220886, 88.8110275269, 34.213306427, 52.9535217285, 34.5842475891, 16.9122009277, 7.31873607635, 7.75262880325, 4.15252542496, 2.09670639038, 2.33740973473, 2.2570297718, 0.914895951748, 0.586890995502, 0.317426562309, 0.120168447495, 0.0533056557178, 0.00951218605042, 0.000339427177096, 8.96336350706e-05, 2.24604573305e-05, 2.14655792661e-05]
    },
    "gfcc": {
        "mean": [-19.9442024231, 141.652999878, -160.496322632, 33.0205383301, -61.4735183716, 17.3153705597, -32.2104682922, 0.0881717726588, -16.9034748077, -8.17946338654, 4.12863063812, -10.3062582016, 3.62750148773],
        "cov": [[2011.79003906, -500.081176758, -166.211044312, -35.5692405701, -31.1607437134, 307.784515381, 1.28520381451, 32.5619163513, -183.550094604, 75.5084457397, -126.850234985, 0.433453500271, -74.144241333], [-500.081176758, 523.132995605, 136.563827515, -1.60897743702, 152.267150879, -80.9594116211, 124.113464355, -48.6186523438, 76.8411865234, -70.8112335205, 61.0012245178, -56.7752609253, 33.2622833252], [-166.211044312, 136.563827515, 497.790893555, 174.79800415, -89.9537582397, -4.44299268723, -60.1635322571, 60.2569656372, 32.1622505188, 7.07847833633, -56.7143363953, 24.1894664764, -15.369509697], [-35.5692405701, -1.60897743702, 174.79800415, 223.313934326, 10.1955080032, -36.8671188354, -58.2029838562, 48.5655899048, 45.1147613525, 7.97173118591, -35.748462677, 23.5501403809, -7.11168241501], [-31.1607437134, 152.267150879, -89.9537582397, 10.1955080032, 228.227584839, 37.0910949707, 81.4335098267, -20.2635059357, 4.41617012024, -19.7802333832, 20.043762207, -31.110490799, 11.0715551376], [307.784515381, -80.9594116211, -4.44299268723, -36.8671188354, 37.0910949707, 215.834823608, 71.1196517944, -12.6938447952, -52.0538215637, 25.0985031128, -13.5629720688, -9.53478431702, -28.8599090576], [1.28520381451, 124.113464355, -60.1635322571, -58.2029838562, 81.4335098267, 71.1196517944, 176.03024292, -10.0924348831, -19.9721298218, -9.65843772888, 51.9200973511, -26.7618045807, 3.47992920876], [32.5619163513, -48.6186523438, 60.2569656372, 48.5655899048, -20.2635059357, -12.6938447952, -10.0924348831, 119.749916077, 36.0330505371, 15.9589691162, -23.009853363, 18.3702774048, 6.21291160583], [-183.550094604, 76.8411865234, 32.1622505188, 45.1147613525, 4.41617012024, -52.0538215637, -19.9721298218, 36.0330505371, 126.872970581, 4.19419240952, 6.54768276215, 7.15064620972, 18.3530292511], [75.5084457397, -70.8112335205, 7.07847833633, 7.97173118591, -19.7802333832, 25.0985031128, -9.65843772888, 15.9589691162, 4.19419240952, 81.1895675659, 9.35050773621, 13.8579521179, -13.6572370529], [-126.850234985, 61.0012245178, -56.7143363953, -35.748462677, 20.043762207, -13.5629720688, 51.9200973511, -23.009853363, 6.54768276215, 9.35050773621, 106.128227234, 18.443397522, 16.8369407654], [0.433453500271, -56.7752609253, 24.1894664764, 23.5501403809, -31.110490799, -9.53478431702, -26.7618045807, 18.3702774048, 7.15064620972, 13.8579521179, 18.443397522, 72.5530929565, 18.3099479675], [-74.144241333, 33.2622833252, -15.369509697, -7.11168241501, 11.0715551376, -28.8599090576, 3.47992920876, 6.21291160583, 18.3530292511, -13.6572370529, 16.8369407654, 18.3099479675, 61.8279495239]],
        "icov": [[0.000882268301211, 0.000177611917024, 0.000493311556056, -0.000337004021276, 0.000193944884813, -0.0010141141247, 3.91358007619e-05, -0.000381792837288, 0.000821292866021, -0.000345102656865, 0.000821898749564, -9.94782676571e-05, 6.00180355832e-05], [0.000177611917024, 0.0144939310849, -0.0099362405017, 0.00617556227371, -0.0097333304584, 0.00845064502209, -0.00890866853297, 0.00717592332512, -0.00796997174621, 0.00494370888919, -0.00322159589268, 0.00543363532051, -0.00115028826986], [0.000493311556056, -0.0099362405017, 0.0105489110574, -0.00724266748875, 0.00857183709741, -0.00720364134759, 0.00575414393097, -0.00553460791707, 0.00588149903342, -0.00316854147241, 0.00338136730716, -0.00372734176926, 0.000798393099103], [-0.000337004021276, 0.00617556227371, -0.00724266748875, 0.0113329961896, -0.00726763531566, 0.00541501538828, -0.00220489688218, 0.0019691856578, -0.00511049292982, 0.00176972115878, -0.000490862643346, -0.000272921402939, 0.00165433157235], [0.000193944884813, -0.0097333304584, 0.00857183709741, -0.00726763531566, 0.0135825397447, -0.00726225599647, 0.00341814220883, -0.0040650004521, 0.00502319820225, -0.00242380425334, 0.00221085408702, -0.00127514451742, -0.00109310320113], [-0.0010141141247, 0.00845064502209, -0.00720364134759, 0.00541501538828, -0.00726225599647, 0.0138023057953, -0.00895533338189, 0.00562431849539, -0.00411102501675, 0.000471921433927, 0.00041119279922, 0.00102711876389, 0.00166006525978], [3.91358007619e-05, -0.00890866853297, 0.00575414393097, -0.00220489688218, 0.00341814220883, -0.00895533338189, 0.0169445220381, -0.00725669506937, 0.00593037577346, -0.000995538081042, -0.00459907250479, 0.000981508172117, -1.88638132386e-05], [-0.000381792837288, 0.00717592332512, -0.00553460791707, 0.0019691856578, -0.0040650004521, 0.00562431849539, -0.00725669506937, 0.0153056206182, -0.00710736680776, 0.000178163696546, 0.00219823070802, -0.000213078063098, -0.00163044244982], [0.000821292866021, -0.00796997174621, 0.00588149903342, -0.00511049292982, 0.00502319820225, -0.00411102501675, 0.00593037577346, -0.00710736680776, 0.0157263409346, -0.00407262332737, 0.000990208587609, -0.00154511246365, -0.00167110573966], [-0.000345102656865, 0.00494370888919, -0.00316854147241, 0.00176972115878, -0.00242380425334, 0.000471921433927, -0.000995538081042, 0.000178163696546, -0.00407262332737, 0.0174538120627, -0.00521657802165, 0.000506314390805, 0.0033698217012], [0.000821898749564, -0.00322159589268, 0.00338136730716, -0.000490862643346, 0.00221085408702, 0.00041119279922, -0.00459907250479, 0.00219823070802, 0.000990208587609, -0.00521657802165, 0.0181998312473, -0.00832083728164, -0.000601354520768], [-9.94782676571e-05, 0.00543363532051, -0.00372734176926, -0.000272921402939, -0.00127514451742, 0.00102711876389, 0.000981508172117, -0.000213078063098, -0.00154511246365, 0.000506314390805, -0.00832083728164, 0.0234155561775, -0.00742444768548], [6.00180355832e-05, -0.00115028826986, 0.000798393099103, 0.00165433157235, -0.00109310320113, 0.00166006525978, -1.88638132386e-05, -0.00163044244982, -0.00167110573966, 0.0033698217012, -0.000601354520768, -0.00742444768548, 0.0219918806106]]
    },
    "melbands": {
        "max": [0.010718700476, 0.0138323791325, 0.0141028389335, 0.010485525243, 0.0140716945753, 0.00875663105398, 0.00585070764646, 0.00326745770872, 0.00653706677258, 0.00852804537863, 0.00944428797811, 0.00716688903049, 0.00623966054991, 0.00463295681402, 0.00469052745029, 0.0039792386815, 0.00493310624734, 0.00363615201786, 0.00165755674243, 0.00103406165726, 0.000508541997988, 0.000693522742949, 0.00108713586815, 0.000276297447272, 0.000123314355733, 6.06366811553e-05, 6.58573844703e-05, 6.44657993689e-05, 4.07211555284e-05, 2.44917100645e-05, 1.37268580147e-05, 1.44286877912e-05, 2.505791781e-05, 1.56691967277e-05, 6.60465229885e-06, 5.21351421412e-06, 5.92404376221e-06, 6.09527023698e-06, 1.86082149867e-06, 7.85825022831e-07],
        "mean": [0.000648359651677, 0.000960442819633, 0.000576510326937, 0.000434460729593, 0.000523348338902, 0.000472107552923, 0.000322762585711, 0.000195410466404, 0.000146306992974, 0.000212008671951, 0.000391263747588, 0.000301924243104, 0.000271560711553, 0.00025736229145, 0.000275169702945, 0.000179820257472, 0.000175473629497, 0.000104496692074, 4.60488336103e-05, 3.28438509314e-05, 2.29586094065e-05, 2.3910197342e-05, 2.12221984839e-05, 1.46458487507e-05, 1.2827991668e-05, 6.14327154835e-06, 4.84674274048e-06, 3.85880730391e-06, 2.40472331825e-06, 1.37501683639e-06, 9.38595405842e-07, 8.88672673227e-07, 8.77962690993e-07, 6.70770987199e-07, 3.63318974905e-07, 2.61084579734e-07, 1.98888855607e-07, 1.44077645814e-07, 1.05203163514e-07, 6.47851763347e-08],
        "min": [2.78645700291e-07, 2.4189710075e-06, 2.17932552005e-06, 6.5494887167e-06, 9.59940643952e-06, 4.19961679654e-06, 6.73957401887e-06, 2.07800394492e-06, 1.10429846245e-06, 9.77636773314e-07, 1.24856626371e-06, 7.7479387528e-07, 7.22082745597e-07, 2.41884009711e-07, 4.4899266527e-07, 4.84928989408e-07, 7.37585196475e-07, 4.83764438286e-07, 1.85938205277e-07, 1.29210889099e-07, 2.26174165618e-07, 1.6965084626e-07, 8.83804531782e-08, 1.84616567367e-07, 1.64369282629e-07, 4.22033643588e-08, 5.92964575219e-08, 3.27892841767e-08, 7.55478346548e-09, 9.85305792511e-09, 9.29753607437e-09, 7.33518623619e-09, 2.23516516407e-09, 1.53896795307e-09, 1.53836599015e-09, 5.2677695539e-10, 9.33136456993e-10, 6.78632539053e-10, 5.86515114254e-10, 2.42018738383e-10],
        "stdev": [0.000873170734849, 0.00119849352632, 0.00114864925854, 0.000679572462104, 0.000926017644815, 0.000652041693684, 0.000428592116805, 0.000275261088973, 0.000329152331688, 0.000545311893802, 0.000691174645908, 0.00069684558548, 0.000632496085018, 0.000525388109963, 0.000524223374669, 0.000376502692234, 0.000355018477421, 0.000226720134378, 0.000119409516628, 7.6336771599e-05, 4.42021009803e-05, 4.94209598401e-05, 6.54439936625e-05, 2.24230152526e-05, 1.41400496432e-05, 6.74768489262e-06, 6.01557758273e-06, 5.11454391017e-06, 3.38315771842e-06, 1.85831140698e-06, 1.16885155421e-06, 1.25066333112e-06, 1.70240070929e-06, 1.15502257358e-06, 5.38920176041e-07, 4.26240490015e-07, 3.53767745764e-07, 2.52095844644e-07, 1.55167924731e-07, 8.88383411279e-08]
    },
    "melbands128": {
        "max": [0.000257445877651, 0.0035694995895, 0.0166546236724, 0.0236740596592, 0.0162888541818, 0.00859183259308, 0.0120700187981, 0.0215164199471, 0.0144648170099, 0.0124740321189, 0.00795633066446, 0.0149660371244, 0.0228415317833, 0.0152083793655, 0.0158134624362, 0.00635972013697, 0.006134159863, 0.0107097476721, 0.00332123297267, 0.00506845023483, 0.00701556541026, 0.00368144270033, 0.00515874568373, 0.0185251347721, 0.0122847864404, 0.0150475250557, 0.00617574388161, 0.0176506768912, 0.0104471398517, 0.0164371207356, 0.0127793317661, 0.0147720240057, 0.011700771749, 0.0104509731755, 0.00838746875525, 0.00887160282582, 0.0100177330896, 0.0100966878235, 0.00880289170891, 0.00877223070711, 0.00709989154711, 0.00754214357585, 0.0113745648414, 0.0078588873148, 0.00554243009537, 0.00766159733757, 0.00495598139241, 0.00141083204653, 0.0046026580967, 0.00274611031637, 0.00151504972018, 0.00103753781877, 0.00111136690248, 0.000726201338693, 0.00127153191715, 0.00111256109085, 0.00223894324154, 0.00299485283904, 0.000769320409745, 0.00112607923802, 0.00041797911399, 0.000455924891867, 0.000305509543978, 0.000181245079148, 0.000140941701829, 0.00010848135571, 6.44952233415e-05, 5.83504006499e-05, 0.000157701317221, 0.000142301811138, 0.00010605960415, 6.13957381574e-05, 8.63796303747e-05, 6.18340127403e-05, 3.56592354365e-05, 6.27798144706e-05, 2.12419981835e-05, 2.30067980738e-05, 1.96368637262e-05, 1.47345208461e-05, 2.00939157367e-05, 1.86107354239e-05, 2.05861433642e-05, 3.91518478864e-05, 2.94075362035e-05, 1.6377232896e-05, 1.7693531845e-05, 1.28572391986e-05, 9.15073178476e-06, 9.57022621151e-06, 6.18459807811e-06, 4.6918426051e-06, 4.82713494421e-06, 8.1755060819e-06, 5.30652050656e-06, 8.40464781504e-06, 7.17702323527e-06, 2.7509274787e-06, 2.72133502222e-06, 1.32694219701e-06, 9.89990667222e-07, 1.03569345811e-06, 8.50780395467e-07, 8.30611384117e-07, 1.36281596497e-06, 8.23758398383e-07, 6.76726244819e-07, 4.33752262552e-07, 1.38162590702e-07, 3.54401521463e-08, 3.40077583871e-08, 3.26597948686e-08, 3.14128598689e-08, 3.02876870251e-08, 2.9182420036e-08, 2.81873884234e-08, 2.72523390521e-08, 2.64211408307e-08, 2.57077719112e-08, 2.50129037482e-08, 2.44031816976e-08, 2.38031336863e-08, 2.33652830417e-08, 2.29529604212e-08, 2.25916423346e-08, 2.229255891e-08, 2.21093650055e-08, 2.19730118545e-08],
        "mean": [1.04234659375e-05, 0.000168245489476, 0.000944045023061, 0.00151026644744, 0.000975243514404, 0.000578606326599, 0.000614292337559, 0.000595068384428, 0.000515052350238, 0.000344550935552, 0.00042004865827, 0.000586016627494, 0.000511926948093, 0.000522956368513, 0.000437002658146, 0.000470291997772, 0.000478628615383, 0.000238741078647, 0.000210331229027, 0.000245084549533, 0.000172908767127, 9.60992110777e-05, 0.000134493137011, 0.000211526814383, 0.000180038638064, 0.000226160700549, 0.000255402876064, 0.000498612935189, 0.000404953840189, 0.000321219267789, 0.000241138142883, 0.00030235844315, 0.00025946093956, 0.000290699972538, 0.000213620965951, 0.000251564109931, 0.000321089930367, 0.000272447156021, 0.000278777210042, 0.000183801414096, 0.000153454966494, 0.000172170301084, 0.000173222812009, 0.000187165060197, 0.000153058295837, 9.04942135094e-05, 4.82162795379e-05, 3.55210577254e-05, 5.67225579289e-05, 4.24025929533e-05, 2.95324771287e-05, 2.19096491492e-05, 2.13872208406e-05, 2.62121011474e-05, 2.07386983675e-05, 2.19349276449e-05, 2.66357892542e-05, 2.92217991955e-05, 1.58156672114e-05, 1.39073681567e-05, 1.4287106751e-05, 1.4175699107e-05, 1.77846395673e-05, 1.03952734207e-05, 9.55491941568e-06, 5.77948276259e-06, 4.27240456702e-06, 4.47223601441e-06, 4.96404527439e-06, 5.54718826606e-06, 3.62228706763e-06, 3.41139730153e-06, 3.01494947053e-06, 1.94964809452e-06, 1.99697683456e-06, 1.56923761097e-06, 9.63533466347e-07, 1.14365184345e-06, 9.64791524893e-07, 7.24314759282e-07, 8.38531377667e-07, 9.45838905864e-07, 9.69105826698e-07, 9.15836039894e-07, 7.79489596425e-07, 7.03134446667e-07, 6.7103286483e-07, 5.20353694355e-07, 3.08412211325e-07, 2.8737670732e-07, 2.86305350983e-07, 2.44890458134e-07, 2.31075262036e-07, 2.10117477195e-07, 1.71869757537e-07, 1.53759302179e-07, 1.39835591995e-07, 1.24613990238e-07, 1.21391039443e-07, 8.10599942724e-08, 7.94413139715e-08, 5.69990135091e-08, 5.71220617474e-08, 4.9551214687e-08, 4.37923759478e-08, 2.8838169186e-08, 2.90215531606e-08, 1.75303682681e-08, 4.35381819486e-09, 3.87987454664e-11, 2.78214101063e-11, 2.61974487242e-11, 2.5131870543e-11, 2.42239978077e-11, 2.33593717286e-11, 2.25240069651e-11, 2.1737753958e-11, 2.10194691513e-11, 2.0456233929e-11, 1.99117892313e-11, 1.94301675444e-11, 1.89671577056e-11, 1.86118689904e-11, 1.82813972294e-11, 1.80062215138e-11, 1.77798331613e-11, 1.7633597707e-11, 1.75241834932e-11],
        "min": [1.40959888206e-09, 6.18070217229e-08, 2.50590488804e-07, 3.17513894288e-07, 2.44004411343e-07, 4.77587263958e-07, 3.86749746895e-07, 5.22278526205e-07, 2.95538939099e-07, 1.07612663669e-06, 1.10828170818e-06, 6.64612798573e-07, 7.67396898027e-07, 1.8119978904e-06, 3.71289104351e-07, 9.16329668144e-07, 1.33187484153e-06, 6.27477618309e-07, 6.07020126608e-07, 2.47654099894e-07, 7.01813235082e-07, 1.19505159546e-07, 1.19111938091e-07, 3.21050151797e-07, 5.78394789841e-08, 6.69527082664e-08, 4.83847657051e-07, 1.02482056263e-06, 1.7403174013e-07, 1.05779172088e-07, 5.65276074838e-08, 2.89724919611e-08, 4.38466472019e-08, 3.55034899258e-08, 2.06361985278e-08, 1.47558347763e-08, 6.53947864748e-08, 1.21190254276e-07, 1.92316903735e-07, 1.34936342988e-07, 2.96870332761e-08, 4.03926563308e-08, 2.94768369713e-07, 3.46017912989e-07, 2.40982469535e-08, 3.48803403938e-08, 8.16205858456e-09, 1.73090413114e-08, 2.05053396485e-08, 3.73312687429e-08, 1.0227275915e-08, 3.26395124262e-08, 3.14454062789e-08, 2.17195328389e-08, 4.6886938776e-08, 2.58403662912e-08, 3.92693628726e-08, 2.4326556769e-08, 3.52491120736e-08, 2.65718114179e-09, 4.81084008186e-08, 2.0928872857e-08, 8.19346723802e-08, 1.04218386809e-07, 1.4765699774e-08, 1.45967575804e-08, 9.1776817257e-09, 1.31571531448e-09, 3.24737392532e-08, 6.07405770126e-09, 1.74018115473e-08, 6.57870335985e-09, 3.79473508172e-10, 2.51392129336e-09, 1.11670817038e-09, 2.98254443365e-09, 2.64326394106e-10, 3.74183839469e-09, 1.62763180711e-09, 2.82181789046e-09, 2.25187402059e-09, 1.20755949684e-09, 2.28628094234e-09, 2.20093809844e-09, 1.51573031903e-09, 1.09876818755e-09, 1.06465369853e-09, 5.56946766483e-10, 1.09190467779e-09, 5.2138610096e-10, 3.05715036619e-10, 4.36133407167e-10, 6.53545495499e-10, 6.78336997684e-10, 5.42951239524e-10, 1.72371769636e-10, 1.44840334171e-10, 1.64552232951e-10, 3.10374559387e-10, 2.77667611126e-10, 1.06941011602e-10, 3.52547956106e-11, 9.68617026864e-12, 2.13504908197e-12, 6.09192167197e-13, 1.6914981785e-12, 1.24511539317e-13, 1.32287898084e-13, 8.38975902097e-14, 7.23218549934e-14, 4.27337066558e-14, 5.53992514027e-14, 5.70322529979e-14, 6.15974082179e-14, 7.45692095854e-14, 6.94358782169e-14, 6.8391025807e-14, 5.07900165881e-14, 5.66920642375e-14, 6.36779921869e-14, 6.03658358652e-14, 6.16732481599e-14, 5.74635282934e-14, 6.87588820516e-14, 4.81789697655e-14, 6.35731227318e-14, 6.3830010884e-14, 6.12411258315e-14],
        "stdev": [2.4484750611e-05, 0.000325814209646, 0.001331772306, 0.00207384722307, 0.00142033421434, 0.000907056441065, 0.00129210494924, 0.00164270226378, 0.0011511502089, 0.000689086853527, 0.000673982722219, 0.001075657201, 0.00136336754076, 0.00127917679492, 0.000939123448916, 0.00072313065175, 0.000756559427828, 0.000568032788578, 0.000383222679375, 0.00046518741874, 0.000353191164322, 0.000173292704858, 0.000305402500089, 0.000864936446305, 0.000576865684707, 0.000947875203565, 0.000596013502218, 0.00120005104691, 0.000859036284965, 0.0011957960669, 0.000835765444208, 0.00110778585076, 0.000855417572893, 0.000936813303269, 0.000748488644604, 0.000768377212808, 0.000905492110178, 0.000764534459449, 0.000820323941298, 0.000586659822147, 0.000479551177705, 0.000624101201538, 0.00052958825836, 0.000517160457093, 0.000411496992456, 0.000343531923136, 0.000208618075703, 9.05531778699e-05, 0.00026817896287, 0.000150461419253, 9.09598384169e-05, 6.44535102765e-05, 6.77031785017e-05, 6.96437782608e-05, 6.07697802479e-05, 5.56333106942e-05, 0.000108828156954, 0.000153753891937, 4.59047259938e-05, 4.82938921778e-05, 2.7887577744e-05, 3.91795256292e-05, 2.9096396247e-05, 1.44730192915e-05, 1.42842345667e-05, 1.06176657937e-05, 6.59913530399e-06, 6.93183437761e-06, 1.00122733784e-05, 1.18638326967e-05, 7.78468165663e-06, 5.72726594328e-06, 6.79108734403e-06, 3.82141024602e-06, 3.63428080163e-06, 3.50489881384e-06, 1.47306320741e-06, 1.92476431948e-06, 1.5150562831e-06, 1.21274490539e-06, 1.35322864026e-06, 1.550800107e-06, 1.80186157195e-06, 2.25629287343e-06, 1.55014254233e-06, 1.42837336625e-06, 1.2374354128e-06, 8.69220173172e-07, 5.11037512751e-07, 5.85452710311e-07, 5.00842531892e-07, 4.34447798625e-07, 4.18205047481e-07, 4.38782848278e-07, 3.27725587113e-07, 3.33919302875e-07, 2.69363113148e-07, 2.17824378979e-07, 2.01918879839e-07, 1.20408898852e-07, 1.19113096275e-07, 8.94615155289e-08, 8.47134700166e-08, 7.89374041688e-08, 8.07008575521e-08, 5.23891010573e-08, 5.83624810702e-08, 3.25857740791e-08, 1.03782911154e-08, 9.01067720438e-10, 8.63362825676e-10, 8.29012414272e-10, 7.97368449046e-10, 7.68795915818e-10, 7.40749295236e-10, 7.1549194347e-10, 6.91763757388e-10, 6.70661415292e-10, 6.52557285985e-10, 6.34913899233e-10, 6.19441109517e-10, 6.04210237398e-10, 5.93089855006e-10, 5.82627279755e-10, 5.73458613928e-10, 5.65868851776e-10, 5.61218183037e-10, 5.57755841513e-10]
    },
    "mfcc": {
        "mean": [-642.985656738, 152.551925659, -26.3926353455, 15.3528900146, -2.89086294174, 7.3853430748, 2.12931632996, 4.43890190125, -8.40286254883, 0.314467638731, 0.737256348133, -0.877307534218, -1.76395738125],
        "cov": [[2139.48510742, -541.67376709, -198.965545654, -232.437561035, -62.203453064, 146.620315552, 144.508651733, -1.19882833958, 22.8817749023, -11.4441633224, 2.64179372787, -49.4724502563, 5.41191101074], [-541.67376709, 535.831848145, -9.97704982758, 60.5333213806, 25.9633159637, 25.3602981567, 63.6215286255, 26.7130393982, 5.83874559402, 34.1154823303, 8.67409515381, 4.10196781158, -6.22624444962], [-198.965545654, -9.97704982758, 529.801147461, 103.628921509, 16.0903663635, -23.8700027466, -99.4423675537, 22.0440120697, 20.5086193085, 13.5478057861, -0.119708932936, -10.3554849625, 10.9330205917], [-232.437561035, 60.5333213806, 103.628921509, 246.406738281, 78.0124664307, -59.2056312561, -64.1473464966, 10.4492139816, 34.5255775452, -2.80024123192, -21.8435096741, 46.3946266174, 12.743689537], [-62.203453064, 25.9633159637, 16.0903663635, 78.0124664307, 136.185791016, 6.83814954758, -34.7191543579, 18.5199298859, 37.2150306702, 5.70714712143, -12.3221406937, 12.5901918411, -1.29508447647], [146.620315552, 25.3602981567, -23.8700027466, -59.2056312561, 6.83814954758, 176.537094116, 93.1332244873, 11.4717359543, -14.0128173828, 10.6208744049, 32.3815994263, -23.0087909698, -6.52799606323], [144.508651733, 63.6215286255, -99.4423675537, -64.1473464966, -34.7191543579, 93.1332244873, 213.630157471, 26.170501709, -23.8158569336, 7.83448982239, 27.069185257, -13.1180744171, -5.03520011902], [-1.19882833958, 26.7130393982, 22.0440120697, 10.4492139816, 18.5199298859, 11.4717359543, 26.170501709, 82.4702148438, 26.4838981628, 6.28391170502, 3.92594575882, 3.79563641548, 1.47884571552], [22.8817749023, 5.83874559402, 20.5086193085, 34.5255775452, 37.2150306702, -14.0128173828, -23.8158569336, 26.4838981628, 95.0957336426, 27.5470504761, -10.1580514908, 11.8555707932, 2.83781981468], [-11.4441633224, 34.1154823303, 13.5478057861, -2.80024123192, 5.70714712143, 10.6208744049, 7.83448982239, 6.28391170502, 27.5470504761, 74.0644454956, 18.871515274, -6.38703966141, 0.766519904137], [2.64179372787, 8.67409515381, -0.119708932936, -21.8435096741, -12.3221406937, 32.3815994263, 27.069185257, 3.92594575882, -10.1580514908, 18.871515274, 72.7425537109, 13.823059082, 1.08573246002], [-49.4724502563, 4.10196781158, -10.3554849625, 46.3946266174, 12.5901918411, -23.0087909698, -13.1180744171, 3.79563641548, 11.8555707932, -6.38703966141, 13.823059082, 82.1876296997, 19.4450206757], [5.41191101074, -6.22624444962, 10.9330205917, 12.743689537, -1.29508447647, -6.52799606323, -5.03520011902, 1.47884571552, 2.83781981468, 0.766519904137, 1.08573246002, 19.4450206757, 71.019203186]],
        "icov": [[0.000819831388071, 0.000877450802363, 0.000174108688952, 0.000290649302769, 8.8259439508e-05, -0.000504684110638, -0.000517445732839, 4.45735458925e-05, -0.000630352238659, -7.96440986051e-07, 0.000268430361757, 0.000153540255269, -0.000167846752447], [0.000877450802363, 0.00307344063185, 0.000272986770142, -0.000458286434878, -6.03177431913e-05, -0.000606944784522, -0.00124379282352, -0.000378970958991, -0.000224561532377, -0.00110176741146, 0.000426043261541, 0.000184891352546, 6.93396650604e-05], [0.000174108688952, 0.000272986770142, 0.00246709794737, -0.00122311583254, 0.000792580074631, -0.000624805339612, 0.00125600839965, -0.00106612290256, -3.05836183543e-05, -0.000354240706656, -0.000535357976332, 0.00120709475596, -0.000398655451136], [0.000290649302769, -0.000458286434878, -0.00122311583254, 0.00713040446863, -0.00334523431957, 0.00150516745634, -0.000194304913748, 0.000408879393945, -0.000538882915862, 0.000338268408086, 0.00144172285218, -0.00318109546788, -0.000231630940107], [8.8259439508e-05, -6.03177431913e-05, 0.000792580074631, -0.00334523431957, 0.010963788256, -0.00291767856106, 0.0021897139959, -0.00176236906555, -0.00253350124694, -8.31054130686e-05, 0.00109597377013, -6.60680098008e-06, 0.00067711743759], [-0.000504684110638, -0.000606944784522, -0.000624805339612, 0.00150516745634, -0.00291767856106, 0.00927199050784, -0.00330986245535, 0.000417782139266, 0.000660530815367, 0.000306028407067, -0.00319541851059, 0.00178330182098, -0.000102068916021], [-0.000517445732839, -0.00124379282352, 0.00125600839965, -0.000194304913748, 0.0021897139959, -0.00330986245535, 0.00839942879975, -0.00309068034403, 0.00169871596154, -0.000532065576408, -0.000636770273559, 3.56701857527e-05, 0.000105293940578], [4.45735458925e-05, -0.000378970958991, -0.00106612290256, 0.000408879393945, -0.00176236906555, 0.000417782139266, -0.00309068034403, 0.0152530549094, -0.00469923624769, 0.00150086393114, -0.00101509224623, -0.000103215730633, -0.00026099185925], [-0.000630352238659, -0.000224561532377, -3.05836183543e-05, -0.000538882915862, -0.00253350124694, 0.000660530815367, 0.00169871596154, -0.00469923624769, 0.0163494870067, -0.00684218062088, 0.00332394079305, -0.0025582825765, 0.000432747008745], [-7.96440986051e-07, -0.00110176741146, -0.000354240706656, 0.000338268408086, -8.31054130686e-05, 0.000306028407067, -0.000532065576408, 0.00150086393114, -0.00684218062088, 0.0184005014598, -0.00616894941777, 0.00343436654657, -0.00091627164511], [0.000268430361757, 0.000426043261541, -0.000535357976332, 0.00144172285218, 0.00109597377013, -0.00319541851059, -0.000636770273559, -0.00101509224623, 0.00332394079305, -0.00616894941777, 0.0192609243095, -0.00626918440685, 0.000898669939488], [0.000153540255269, 0.000184891352546, 0.00120709475596, -0.00318109546788, -6.60680098008e-06, 0.00178330182098, 3.56701857527e-05, -0.000103215730633, -0.0025582825765, 0.00343436654657, -0.00626918440685, 0.0173533651978, -0.00403236644343], [-0.000167846752447, 6.93396650604e-05, -0.000398655451136, -0.000231630940107, 0.00067711743759, -0.000102068916021, 0.000105293940578, -0.00026099185925, 0.000432747008745, -0.00091627164511, 0.000898669939488, -0.00403236644343, 0.0153012871742]]
    },
    "spectral_contrast_coeffs": {
        "max": [-0.468755960464, -0.448988735676, -0.463962525129, -0.515792548656, -0.527324914932, -0.557979464531],
        "mean": [-0.714976549149, -0.729589998722, -0.696476757526, -0.721057057381, -0.739821076393, -0.732451558113],
        "min": [-0.877445936203, -0.888637125492, -0.877797544003, -0.887999475002, -0.853541016579, -0.852698206902],
        "stdev": [0.0609713457525, 0.0622658133507, 0.0755530670285, 0.0660029873252, 0.0485887899995, 0.0384034365416]
    },
    "spectral_contrast_valleys": {
        "max": [-4.79171800613, -5.07045650482, -5.60239362717, -6.01296806335, -6.56413602829, -9.14668560028],
        "mean": [-6.70384931564, -6.641497612, -7.15898084641, -7.6610994339, -7.99615621567, -11.2649421692],
        "min": [-9.11504077911, -8.03944206238, -9.45659828186, -9.42431354523, -10.3509578705, -14.0362873077],
        "stdev": [0.594246089458, 0.494172811508, 0.552249789238, 0.503213465214, 0.508213877678, 0.823536753654]
    }
},
"rhythm": {
    "beats_count": 48,
    "beats_loudness": {
        "max": 0.0856409147382,
        "mean": 0.0411389917135,
        "min": 0.0039466903545,
        "stdev": 0.0172037687153
    },
    "bpm": 80.6170654297,
    "bpm_histogram_first_peak_bpm": 80,
    "bpm_histogram_first_peak_weight": 0.369565248489,
    "bpm_histogram_second_peak_bpm": 85,
    "bpm_histogram_second_peak_spread": 0,
    "bpm_histogram_second_peak_weight": 0.021276595071,
    "danceability": 1.28430902958,
    "onset_rate": 3.11089158058,
    "beats_loudness_band_ratio": {
        "max": [0.604767620564, 0.936351120472, 0.584232211113, 0.748219847679, 0.491654872894, 0.0731868967414],
        "mean": [0.226533904672, 0.203511282802, 0.207830861211, 0.308783084154, 0.100757397711, 0.0207519065589],
        "min": [0.0131988041103, 0.0149158192798, 0.017213832587, 0.0130978003144, 0.00498145027086, 0.00309847714379],
        "stdev": [0.13514995575, 0.18117967248, 0.129038646817, 0.196727991104, 0.108645543456, 0.0156620368361]
    },
    "beats_position": [0.719818592072, 1.45124709606, 2.17106580734, 2.89088439941, 3.61070299149, 4.31891155243, 5.07355976105, 5.8282084465, 6.57124710083, 7.32589578629, 8.06893444061, 8.82358264923, 9.56662082672, 10.321269989, 11.0759181976, 11.8305664062, 12.5852155685, 13.3398637772, 14.1061220169, 14.8607711792, 15.6270294189, 16.3584575653, 17.0898857117, 17.8213157654, 18.575963974, 19.3190021515, 20.0736503601, 20.8282985687, 21.5713367462, 22.3375968933, 23.0922451019, 23.8352832794, 24.5667114258, 25.3097496033, 26.076007843, 26.8074378967, 27.5620861053, 28.3051242828, 29.0365524292, 29.7679805756, 30.4878005981, 31.2540588379, 31.9970970154, 32.7401351929, 33.4831733704, 34.2262115479, 34.9692497253, 35.7122879028],
