{
"metadata": {
    "version": {
        "essentia": "2.1-beta5",
        "essentia_git_sha": "Undefined",
        "extractor": "music 2.0"
    },
    "audio_properties": {
        "analysis": {
            "equal_loudness": 0,
            "length": 25.0427207947,
            "sample_rate": 44100,
            "start_time": 158.998641968,
            "downmix": "mix"
        },
        "bit_rate": 192000,
        "length": 184.064575195,
        "lossless": 0,
        "number_channels": 2,
        "replay_gain": -21.2036781311,
        "sample_rate": 44100,
        "codec": "mp3",
        "md5_encoded": "c7bb0f92883c13d0fbadfab4661089ac"
    },
    "tags": {
        "file_name": "Denmark_Boom Boom_Mabel.mp3",
        "encoding": ["Lavf58.29.100"]
    }
},
"lowlevel": {
    "average_loudness": 0.940889060497,
    "barkbands_crest": {
        "max": 15.190451622,
        "mean": 5.5147690773,
        "min": 2.09285402298,
        "stdev": 1.9077848196
    },
    "barkbands_flatness_db": {
        "max": 0.206495970488,
        "mean": 0.0935356169939,
        "min": 0.0359817706048,
        "stdev": 0.0362511351705
    },
    "barkbands_kurtosis": {
        "max": 5.1075296402,
        "mean": -0.0422191284597,
        "min": -1.72953426838,
        "stdev": 1.0287129879
    },
    "barkbands_skewness": {
        "max": 2.08215498924,
        "mean": -0.17340375483,
        "min": -1.90927755833,
        "stdev": 0.509976267815
    },
    "barkbands_spread": {
        "max": 76.8834609985,
        "mean": 25.3421344757,
        "min": 5.34608840942,
        "stdev": 12.446764946
    },
    "dissonance": {
        "max": 0.500000059605,
        "mean": 0.486117780209,
        "min": 0.292243868113,
        "stdev": 0.0130039108917
    },
    "dynamic_complexity": 3.06637978554,
    "erbbands_crest": {
        "max": 22.3693790436,
        "mean": 7.40878868103,
        "min": 2.46977686882,
        "stdev": 2.72693276405
    },
    "erbbands_flatness_db": {
        "max": 0.322996914387,
        "mean": 0.184062629938,
        "min": 0.0895816460252,
        "stdev": 0.0493769943714
    },
    "erbbands_kurtosis": {
        "max": 4.52871417999,
        "mean": 0.385849922895,
        "min": -1.19305360317,
        "stdev": 0.82114470005
    },
    "erbbands_skewness": {
        "max": 2.00178265572,
        "mean": -0.062135796994,
        "min": -1.42585194111,
        "stdev": 0.445343852043
    },
    "erbbands_spread": {
        "max": 78.860824585,
        "mean": 24.7014522552,
        "min": 5.86952257156,
        "stdev": 10.9884405136
    },
    "hfc": {
        "max": 118.043907166,
        "mean": 36.7384681702,
        "min": 1.12025917391e-16,
        "stdev": 23.9285430908
    },
    "loudness_ebu128": {
        "integrated": -2.74647784233,
        "loudness_range": 5.68472290039,
        "momentary": {
            "max": -0.163429796696,
            "mean": -3.61117339134,
            "min": -15.3787374496,
            "stdev": 3.02172732353
        },
        "short_term": {
            "max": -0.544939815998,
            "mean": -3.02012419701,
            "min": -7.33109855652,
            "stdev": 1.94762432575
        }
    },
    "melbands_crest": {
        "max": 22.8614616394,
        "mean": 6.81788015366,
        "min": 1.77808940411,
        "stdev": 2.96651649475
    },
    "melbands_flatness_db": {
        "max": 0.188770145178,
        "mean": 0.0828989818692,
        "min": 0.00409506866708,
        "stdev": 0.0363452397287
    },
    "melbands_kurtosis": {
        "max": 19.799074173,
        "mean": 0.574735999107,
        "min": -1.39581012726,
        "stdev": 1.58345448971
    },
    "melbands_skewness": {
        "max": 3.50049185753,
        "mean": 0.48496106267,
        "min": -1.09241247177,
        "stdev": 0.685516059399
    },
    "melbands_spread": {
        "max": 164.418746948,
        "mean": 51.0617980957,
        "min": 12.4142274857,
        "stdev": 23.2933750153
    },
    "pitch_salience": {
        "max": 0.944202840328,
        "mean": 0.671937644482,
        "min": 0.435336768627,
        "stdev": 0.093293890357
    },
    "silence_rate_20dB": {
        "max": 1,
        "mean": 1,
        "min": 1,
        "stdev": 0
    },
    "silence_rate_30dB": {
        "max": 1,
        "mean": 1,
        "min": 1,
        "stdev": 0
    },
    "silence_rate_60dB": {
        "max": 1,
        "mean": 0.0537037029862,
        "min": 0,
        "stdev": 0.225431919098
    },
    "spectral_centroid": {
        "max": 11555.5351562,
        "mean": 2524.53173828,
        "min": 887.137268066,
        "stdev": 910.534912109
    },
    "spectral_complexity": {
        "max": 53,
        "mean": 29.8398151398,
        "min": 0,
        "stdev": 9.98742389679
    },
    "spectral_decrease": {
        "max": 1.74082385214e-29,
        "mean": -3.83002429771e-09,
        "min": -9.2528056328e-09,
        "stdev": 2.29519292461e-09
    },
    "spectral_energy": {
        "max": 0.0404294617474,
        "mean": 0.0177876334637,
        "min": 1.02495852766e-20,
        "stdev": 0.0105747506022
    },
    "spectral_energyband_high": {
        "max": 0.0113614648581,
        "mean": 0.00206668395549,
        "min": 7.46767590241e-21,
        "stdev": 0.00193873886019
    },
    "spectral_energyband_low": {
        "max": 0.0100740157068,
        "mean": 0.000681785750203,
        "min": 1.09939529059e-23,
        "stdev": 0.000950421555899
    },
    "spectral_energyband_middle_high": {
        "max": 0.0348755680025,
        "mean": 0.0114336265251,
        "min": 1.33448406027e-21,
        "stdev": 0.00715595297515
    },
    "spectral_energyband_middle_low": {
        "max": 0.0205913800746,
        "mean": 0.00392885226756,
        "min": 2.61023016863e-22,
        "stdev": 0.00364150712267
    },
    "spectral_entropy": {
        "max": 9.81119918823,
        "mean": 7.94638061523,
        "min": 7.3459186554,
        "stdev": 0.291016489267
    },
    "spectral_flux": {
        "max": 0.143302872777,
        "mean": 0.0745137035847,
        "min": 6.41722161521e-11,
        "stdev": 0.0269185788929
    },
    "spectral_kurtosis": {
        "max": 25.599571228,
        "mean": 4.2141661644,
        "min": -1.248742342,
        "stdev": 3.78979325294
    },
    "spectral_rms": {
        "max": 0.00628039613366,
        "mean": 0.0039214999415,
        "min": 3.16221376341e-12,
        "stdev": 0.00140557240229
    },
    "spectral_rolloff": {
        "max": 19013.8183594,
        "mean": 3651.29736328,
        "min": 1162.79296875,
        "stdev": 2021.36499023
    },
    "spectral_skewness": {
        "max": 3.16718459129,
        "mean": 1.38673973083,
        "min": -0.0583543926477,
        "stdev": 0.398167431355
    },
    "spectral_spread": {
        "max": 42225304,
        "mean": 4493765.5,
        "min": 1379069.5,
        "stdev": 3718406.25
    },
    "spectral_strongpeak": {
        "max": 10.4290971756,
        "mean": 2.05104446411,
        "min": 0,
        "stdev": 1.7791134119
    },
    "zerocrossingrate": {
        "max": 0.51806640625,
        "mean": 0.119750976562,
        "min": 0.02490234375,
        "stdev": 0.0490183643997
    },
    "barkbands": {
        "max": [0.000297267106362, 0.00379732437432, 0.00766575569287, 0.00656033772975, 0.0112121487036, 0.00637651327997, 0.00881457701325, 0.0100251967087, 0.0153277395293, 0.00826643034816, 0.0125190438703, 0.0121418209746, 0.0214053634554, 0.0126405358315, 0.0102924760431, 0.00884946715087, 0.0163603797555, 0.00970387365669, 0.0053052357398, 0.00313115678728, 0.00241245888174, 0.00390193727799, 0.00451381783932, 0.00303187430836, 0.00428312504664, 0.000246749463258, 4.84996326122e-06],
        "mean": [1.98208235815e-05, 0.000220745787374, 0.000329733942635, 0.000266778923105, 0.000695295922924, 0.000499793910421, 0.000626125431154, 0.000559043954127, 0.000972901238129, 0.000842609326355, 0.00113851146307, 0.00114781782031, 0.00103769137058, 0.00135996122845, 0.00144021923188, 0.00105397589505, 0.00144018791616, 0.000945546140429, 0.000895344361197, 0.000627148197964, 0.000441088923253, 0.000363790284609, 0.000358349236194, 0.000242485431954, 0.000233698359807, 2.89178533421e-05, 8.6140438782e-08],
        "min": [2.04899618991e-24, 7.33418656397e-24, 1.61591845547e-24, 4.15827713019e-24, 1.65507119992e-23, 2.46260381168e-23, 1.74453023538e-23, 2.93275512932e-23, 3.65567736028e-23, 4.0033119529e-23, 3.79975239165e-23, 4.12228448364e-23, 4.2324520645e-23, 4.70455060639e-23, 7.74379375376e-23, 5.88904229498e-23, 7.6025725056e-23, 1.1970041585e-22, 2.00188020228e-22, 2.10534126637e-22, 3.69985357097e-22, 3.14046384649e-22, 4.8191363763e-22, 6.83209685574e-22, 9.0943328374e-22, 1.41322161775e-21, 1.97120613484e-21],
        "stdev": [3.31226729031e-05, 0.000335511023877, 0.000536887324415, 0.000537580519449, 0.00107366975863, 0.000759762013331, 0.000870035204571, 0.000943857361563, 0.00159740587696, 0.00104735302739, 0.00157788849901, 0.00138601229992, 0.0017167738406, 0.00149774481542, 0.00152023846749, 0.00127681205049, 0.00170084054116, 0.000996632385068, 0.000924728577957, 0.000585005152971, 0.000391831155866, 0.000348505651345, 0.000473463034723, 0.000312787247822, 0.000425791717134, 3.85905332223e-05, 2.5012172955e-07]
    },
    "erbbands": {
        "max": [0.0678077861667, 1.09933745861, 6.49112606049, 14.339641571, 42.0831871033, 48.4137573242, 82.9239807129, 66.9161605835, 83.4828338623, 207.615997314, 320.968353271, 463.185943604, 395.637390137, 390.214080811, 547.075073242, 473.401123047, 1030.04858398, 619.65625, 607.153015137, 958.942016602, 457.529998779, 505.088439941, 485.192626953, 369.488800049, 245.533508301, 212.291717529, 101.535194397, 126.709472656, 169.77243042, 88.285949707, 173.810882568, 90.3696670532, 58.9657058716, 80.5402297974, 15.5190982819, 2.48396420479, 0.34215888381, 0.0300533398986, 0.00107798946556, 0.000154392255354],
        "mean": [0.00337976310402, 0.0629912018776, 0.359389007092, 0.655537307262, 1.77284216881, 2.24031162262, 2.75129127502, 4.28006315231, 7.22632265091, 12.3153686523, 13.5954341888, 21.4834861755, 27.0697154999, 28.2694892883, 52.6023330688, 54.5167961121, 53.1847267151, 72.9802856445, 73.1953887939, 70.1168441772, 66.0085601807, 65.1874923706, 53.0668830872, 46.8880386353, 40.117313385, 36.2309150696, 19.7943115234, 16.5285148621, 13.0421028137, 11.1493005753, 10.3310852051, 5.73365402222, 4.04881238937, 3.6861975193, 0.954859852791, 0.251181542873, 0.0304738357663, 0.00163251382764, 7.51446495997e-05, 3.2767016819e-05],
        "min": [1.14617210747e-22, 1.83356558312e-21, 2.30240997912e-21, 9.6383674664e-21, 3.85990391163e-20, 3.53327969142e-20, 7.15456041402e-20, 2.36818604049e-19, 2.22768372658e-19, 1.85774425822e-19, 4.05231620337e-19, 8.76414816202e-19, 1.1265603339e-18, 1.45281732469e-18, 1.73066036481e-18, 1.6105392642e-18, 2.12870774058e-18, 3.61477100505e-18, 3.64823997341e-18, 4.93967611834e-18, 3.74327516757e-18, 4.51110474399e-18, 7.32807245595e-18, 8.05164042497e-18, 9.39544578808e-18, 9.63994383354e-18, 1.52438418479e-17, 1.31274274587e-17, 1.21129301421e-17, 1.35340504227e-17, 1.3326579463e-17, 1.19092939917e-17, 1.26572935673e-17, 9.80767041917e-18, 6.73009821446e-18, 4.64262273908e-18, 2.65848156095e-18, 9.94610033545e-19, 2.34753340855e-19, 2.97454180586e-20],
        "stdev": [0.00521170208231, 0.0963731110096, 0.542151331902, 1.22023487091, 3.09292721748, 3.87709617615, 4.90900659561, 7.22637891769, 9.73581695557, 20.6982555389, 21.9234046936, 41.1101341248, 32.2768554688, 37.725730896, 69.5136108398, 64.4190063477, 85.3362503052, 79.5225753784, 85.9724349976, 77.0704879761, 64.9022827148, 60.6226425171, 52.1378517151, 51.9936294556, 41.03282547, 36.3238792419, 16.8517360687, 14.8036756516, 13.186463356, 11.3666467667, 15.7290258408, 7.44639062881, 5.48595619202, 7.20071077347, 1.4622657299, 0.332330644131, 0.0449585877359, 0.00332686118782, 0.000107457788545, 2.32003221754e-05]
    },
    "gfcc": {
        "mean": [2.22088813782, 46.6528053284, -173.733474731, 31.0806064606, -67.997833252, 23.838180542, -47.2128791809, 11.6992235184, -27.5645713806, 0.059287134558, -16.1378135681, -4.4424829483, -8.33068561554],
        "cov": [[21805.5449219, -195.919769287, -1268.97692871, 864.096374512, -1447.59545898, 446.469726562, -701.471435547, 352.423187256, -683.600830078, 199.478805542, -384.850067139, 60.1262550354, -362.56036377], [-195.919769287, 644.033508301, -428.421295166, -161.615509033, 103.984588623, -111.787635803, 25.3933696747, -97.9206161499, 71.7878265381, -82.3620300293, 71.2809753418, -45.6356048584, 70.5639724731], [-1268.97692871, -428.421295166, 1084.57739258, 335.568878174, -109.304580688, 50.3048019409, 3.89113998413, 65.0359420776, -96.0712738037, 73.8697814941, -65.8037185669, 16.4394645691, -71.6005477905], [864.096374512, -161.615509033, 335.568878174, 388.810028076, -89.1485137939, 101.334358215, -42.473777771, 43.741519928, -81.6698150635, 32.3236579895, -49.9377746582, -9.78059864044, -35.7870788574], [-1447.59545898, 103.984588623, -109.304580688, -89.1485137939, 239.146194458, 4.37293434143, 77.9362716675, -23.6317672729, 93.3560562134, -27.9732170105, 45.0774269104, -9.75058364868, 36.0076828003], [446.469726562, -111.787635803, 50.3048019409, 101.334358215, 4.37293434143, 135.650009155, 19.0214252472, 38.8019828796, -24.8765296936, 9.69542789459, -13.5642986298, -3.95101714134, -17.8659553528], [-701.471435547, 25.3933696747, 3.89113998413, -42.473777771, 77.9362716675, 19.0214252472, 108.672286987, 14.760884285, 29.6115226746, -6.13694477081, 26.2418632507, 4.23732614517, 0.608704268932], [352.423187256, -97.9206161499, 65.0359420776, 43.741519928, -23.6317672729, 38.8019828796, 14.760884285, 72.3096237183, 3.82391095161, 25.9045848846, -12.1432962418, 8.27715682983, -24.3012676239], [-683.600830078, 71.7878265381, -96.0712738037, -81.6698150635, 93.3560562134, -24.8765296936, 29.6115226746, 3.82391095161, 99.4604263306, 9.56879615784, 31.1719226837, -4.89997768402, 19.0658531189], [199.478805542, -82.3620300293, 73.8697814941, 32.3236579895, -27.9732170105, 9.69542789459, -6.13694477081, 25.9045848846, 9.56879615784, 57.2630767822, 4.41369342804, 8.85648536682, -18.1544914246], [-384.850067139, 71.2809753418, -65.8037185669, -49.9377746582, 45.0774269104, -13.5642986298, 26.2418632507, -12.1432962418, 31.1719226837, 4.41369342804, 63.2493476868, 13.9842739105, 17.1728610992], [60.1262550354, -45.6356048584, 16.4394645691, -9.78059864044, -9.75058364868, -3.95101714134, 4.23732614517, 8.27715682983, -4.89997768402, 8.85648536682, 13.9842739105, 44.2317352295, 5.85372018814], [-362.56036377, 70.5639724731, -71.6005477905, -35.7870788574, 36.0076828003, -17.8659553528, 0.608704268932, -24.3012676239, 19.0658531189, -18.1544914246, 17.1728610992, 5.85372018814, 54.7170295715]],
        "icov": [[0.000413874397054, -0.000849602627568, 0.00105501629878, -0.000517266511451, 0.00112048711162, -0.00109772698488, 0.00137861026451, -0.00159443984739, 0.00167335849255, -0.00173558667302, 0.00150441273581, -0.00178770662751, 0.0016211932525], [-0.000849602627568, 0.00582168856636, -0.00106902199332, -8.66043337737e-05, -0.00134374154732, 0.00480608595535, -0.00428358558565, 0.00500887725502, -0.00493004405871, 0.00728759355843, -0.00679869949818, 0.00787742994726, -0.00444024195895], [0.00105501629878, -0.00106902199332, 0.00455381162465, -0.00289958319627, 0.00272933184169, -0.00106145325117, 0.00202090619132, -0.00367731601, 0.00495369033888, -0.00516580045223, 0.00399818364531, -0.00413001514971, 0.00438038865104], [-0.000517266511451, -8.66043337737e-05, -0.00289958319627, 0.00632342882454, -0.00189827370923, -0.00235148100182, 0.000883432046976, 0.000213582228753, 0.000784327392466, -0.000104736987851, -0.000857880455442, 0.00308314221911, -0.00277648959309], [0.00112048711162, -0.00134374154732, 0.00272933184169, -0.00189827370923, 0.0144307585433, -0.00579453585669, -0.00124657154083, 0.00108262617141, -0.00648833531886, 0.00167272251565, 0.00193035521079, -0.0038528596051, 0.00321570318192], [-0.00109772698488, 0.00480608595535, -0.00106145325117, -0.00235148100182, -0.00579453585669, 0.0172928199172, -0.00659819319844, -0.00109455746133, 0.000631784438156, 0.0047998954542, -0.00596970878541, 0.00909806601703, -0.00507905334234], [0.00137861026451, -0.00428358558565, 0.00202090619132, 0.000883432046976, -0.00124657154083, -0.00659819319844, 0.0208294279873, -0.0113295428455, 0.00719561195001, -0.00377934309654, 0.000832127465401, -0.00736325560138, 0.00804907549173], [-0.00159443984739, 0.00500887725502, -0.00367731601, 0.000213582228753, 0.00108262617141, -0.00109455746133, -0.0113295428455, 0.0339199304581, -0.0172749441117, 0.00432354398072, -0.000836400547996, 0.00111009704415, 2.17968372453e-05], [0.00167335849255, -0.00493004405871, 0.00495369033888, 0.000784327392466, -0.00648833531886, 0.000631784438156, 0.00719561195001, -0.0172749441117, 0.035874016583, -0.0202669538558, 0.00370626174845, -0.00111766997725, 0.000896564743016], [-0.00173558667302, 0.00728759355843, -0.00516580045223, -0.000104736987851, 0.00167272251565, 0.0047998954542, -0.00377934309654, 0.00432354398072, -0.0202669538558, 0.0420372784138, -0.0164538454264, 0.00664340145886, 0.000164779543411], [0.00150441273581, -0.00679869949818, 0.00399818364531, -0.000857880455442, 0.00193035521079, -0.00596970878541, 0.000832127465401, -0.000836400547996, 0.00370626174845, -0.0164538454264, 0.0353374071419, -0.0187589321285, 0.00397228077054], [-0.00178770662751, 0.00787742994726, -0.00413001514971, 0.00308314221911, -0.0038528596051, 0.00909806601703, -0.00736325560138, 0.00111009704415, -0.00111766997725, 0.00664340145886, -0.0187589321285, 0.0423532240093, -0.0153611144051], [0.0016211932525, -0.00444024195895, 0.00438038865104, -0.00277648959309, 0.00321570318192, -0.00507905334234, 0.00804907549173, 2.17968372453e-05, 0.000896564743016, 0.000164779543411, 0.00397228077054, -0.0153611144051, 0.0349448285997]]
    },
    "melbands": {
        "max": [0.000820198911242, 0.00232253340073, 0.00296398391947, 0.00243277591653, 0.00289111328311, 0.00142420781776, 0.0012568369275, 0.00237417523749, 0.00290571851656, 0.00257127266377, 0.00195274443831, 0.00158975785598, 0.00204453105107, 0.00184151553549, 0.00193112564739, 0.0013964464888, 0.0011341557838, 0.000891818548553, 0.00086596631445, 0.00100838532671, 0.000846424722113, 0.000823767099064, 0.000430626940215, 0.000792237988207, 0.000353386829374, 0.000250834797043, 0.000111316199764, 0.000179597918759, 6.88232248649e-05, 9.79211690719e-05, 7.65368313296e-05, 0.000120427786896, 4.47604761575e-05, 4.98260305903e-05, 0.00010670231859, 5.20087378391e-05, 5.71167038288e-05, 3.39522084687e-05, 6.077011858e-05, 6.38175770291e-05],
        "mean": [4.4887248805e-05, 0.000151494343299, 0.000147374114022, 0.000146485268488, 9.77632589638e-05, 9.88979154499e-05, 0.000116275608889, 0.000127725041239, 0.000117949755804, 0.000136788614327, 0.000133003049996, 0.000105476523458, 0.000176604778972, 0.000140300719067, 0.000120532349683, 0.000113500267616, 0.000134703310323, 0.000113051370136, 8.84457840584e-05, 9.32364928303e-05, 7.96596359578e-05, 7.65754884924e-05, 4.86856552016e-05, 5.19496716151e-05, 3.51522066921e-05, 3.15011566272e-05, 1.93908781512e-05, 2.58781838056e-05, 1.12986035674e-05, 1.14491713248e-05, 9.47452826949e-06, 7.49499349695e-06, 6.71162433719e-06, 5.75684816795e-06, 6.4522005232e-06, 4.17357023252e-06, 3.26226199832e-06, 2.79401888292e-06, 3.19295895679e-06, 2.95107997772e-06],
        "min": [1.70173745006e-24, 1.82373715564e-24, 2.52880505829e-24, 3.15509139449e-24, 3.0613727468e-24, 5.98568879992e-24, 3.51962322993e-24, 3.28078139138e-24, 3.00843623575e-24, 5.93224820676e-24, 4.78028843193e-24, 5.78777385399e-24, 5.72492885555e-24, 4.68833880482e-24, 5.01797813913e-24, 4.10015070325e-24, 6.04892034021e-24, 5.0704823544e-24, 6.12976201692e-24, 8.08587870992e-24, 3.63700731035e-24, 3.95299106796e-24, 6.55343593771e-24, 5.09729336998e-24, 5.64460072729e-24, 8.39567622031e-24, 6.12691501791e-24, 5.8720802078e-24, 7.79734257864e-24, 6.97245281816e-24, 6.95108099851e-24, 5.97995930317e-24, 6.93981843137e-24, 7.69230259367e-24, 7.11124027266e-24, 7.94644123403e-24, 6.43180305246e-24, 9.28526046363e-24, 6.27706522489e-24, 7.58223993131e-24],
        "stdev": [6.63797545712e-05, 0.000218926157686, 0.000251697609201, 0.000229327284615, 0.000170998042449, 0.000158145514433, 0.0001543321996, 0.000216078275116, 0.000197335859411, 0.000242392052314, 0.000162049153005, 0.000153698973008, 0.00024290701549, 0.000172063475475, 0.000157940332429, 0.000147966231452, 0.000151208121679, 0.000136623813887, 8.52682787809e-05, 0.000114841270261, 9.38911398407e-05, 8.94767799764e-05, 6.02095169597e-05, 7.11564935045e-05, 4.6039262088e-05, 3.56699129043e-05, 1.67926500581e-05, 2.92054228339e-05, 1.02691155917e-05, 1.14896993182e-05, 9.49329842115e-06, 8.45192153065e-06, 6.29921942163e-06, 6.50735137242e-06, 1.03972033685e-05, 5.84056169828e-06, 4.46325657322e-06, 3.74703563466e-06, 5.86953547099e-06, 5.885842711e-06]
    },
    "melbands128": {
        "max": [0.000183271142305, 0.000427451712312, 0.000980270211585, 0.00204790499993, 0.00293969805352, 0.00390348932706, 0.00298213213682, 0.00391830503941, 0.00551016582176, 0.00302605796605, 0.00327176135033, 0.00387923163362, 0.00353405228816, 0.00190565711819, 0.00188590388279, 0.00282390648499, 0.00238077808172, 0.00125204632059, 0.00247662048787, 0.0033450294286, 0.00338255544193, 0.0023040487431, 0.00502158561721, 0.00336324702948, 0.0058983634226, 0.00201648334041, 0.00581036834046, 0.00210425816476, 0.00165710586589, 0.00206528021954, 0.0021952635143, 0.00206641526893, 0.00381008395925, 0.00380305573344, 0.00208670040593, 0.00304147903807, 0.00215740455315, 0.00087863043882, 0.00552278989926, 0.00269441423006, 0.00153213483281, 0.00310308649205, 0.00234118662775, 0.00200981576927, 0.000860227039084, 0.00141009083018, 0.00192475970834, 0.00142318359576, 0.00177020474803, 0.00329402508214, 0.00114901852794, 0.00157419766765, 0.000738093513064, 0.00124616723042, 0.00295766815543, 0.00110498350114, 0.00029470102163, 0.000972180685494, 0.000805548392236, 0.000159048504429, 0.00178900221363, 0.000363698025467, 0.000838828273118, 0.000605739187449, 0.000266119721346, 0.00040758922114, 0.000404293998145, 0.000215693420614, 7.69608304836e-05, 0.000212936924072, 0.000333708536346, 0.00030168806552, 0.000104217673652, 9.69369866652e-05, 0.00010765746265, 0.000142744582263, 0.000118332500278, 0.000114586182463, 0.000121157405374, 0.000163127420819, 0.000177265130333, 0.000116247858386, 0.000100152246887, 6.47929919069e-05, 4.69947590318e-05, 0.000109565233288, 6.0414269683e-05, 6.51764057693e-05, 0.000144807781908, 0.000263786292635, 5.65769987588e-05, 5.77362370677e-05, 6.02996115049e-05, 7.51722836867e-05, 4.34861503891e-05, 5.74314399273e-05, 4.77521498397e-05, 3.99024684157e-05, 6.58666394884e-05, 9.78755124379e-05, 0.000171041916474, 4.93697771162e-05, 3.77668984584e-05, 3.55546653736e-05, 2.68525545835e-05, 2.2210420866e-05, 1.00987799669e-05, 6.35965670881e-06, 3.72472527488e-06, 2.94603614748e-06, 1.79564256086e-06, 1.10887390292e-06, 1.38011512263e-06, 9.23074367165e-07, 8.77514310105e-07, 2.40722130229e-07, 1.04908458809e-07, 1.94213960469e-08, 1.67673483986e-08, 1.56159760678e-08, 1.51880232835e-08, 1.48196628302e-08, 1.45002081453e-08, 1.42271234793e-08, 1.44149820969e-08, 1.38251463611e-08, 1.36947369e-08, 1.36108955218e-08],
        "mean": [1.0886167729e-05, 2.15158997889e-05, 4.07394145441e-05, 0.000122168057715, 0.000189316459, 0.000148149163579, 0.000121431381558, 0.000140886826557, 0.000201711285627, 0.000143947443576, 0.000119882643048, 0.000109777938633, 9.50647081481e-05, 8.05471499916e-05, 7.68188692746e-05, 0.000132097207825, 0.000117386240163, 0.000102580990642, 0.000117142219096, 0.000178307542228, 9.51571128098e-05, 8.81515952642e-05, 0.000128979489091, 0.000124327038066, 0.0001639444381, 0.000103153019154, 0.000173856591573, 0.00014799987548, 8.30033386592e-05, 0.000121657452837, 9.08433139557e-05, 0.000108785694465, 0.000254195794696, 0.000166606740095, 8.73705284903e-05, 0.000165798861417, 0.000181255018106, 5.92772121308e-05, 0.000146120117279, 0.000125280377688, 5.66563539905e-05, 0.000182201649295, 0.000132099521579, 0.000146463469719, 5.92797223362e-05, 0.000126934188302, 0.00015595946752, 4.72862593597e-05, 7.10586828063e-05, 0.000136175600346, 8.08491968201e-05, 8.31956422189e-05, 4.66858509753e-05, 8.40825596242e-05, 0.000143842087709, 5.91988209635e-05, 3.62089158443e-05, 7.09794621798e-05, 4.37903654529e-05, 2.17769702431e-05, 8.6035055574e-05, 3.17217200063e-05, 4.75877932331e-05, 3.70557900169e-05, 1.30234684548e-05, 3.40532751579e-05, 4.47126330982e-05, 1.86384804692e-05, 9.37041386351e-06, 2.45641404035e-05, 3.53734321834e-05, 2.15805357584e-05, 1.02387039078e-05, 1.06060924736e-05, 9.64184982877e-06, 1.62447922776e-05, 8.82854874362e-06, 7.32262287784e-06, 1.04558739622e-05, 1.13324758786e-05, 7.15608621249e-06, 5.35031131221e-06, 8.43455200084e-06, 6.6324346335e-06, 5.01450494994e-06, 8.07281139714e-06, 4.59727471025e-06, 4.50144261777e-06, 8.19258912088e-06, 6.49198818792e-06, 4.4718171921e-06, 3.50244317815e-06, 3.50712844011e-06, 3.22744654113e-06, 3.21787570101e-06, 3.0081996556e-06, 2.8978085993e-06, 1.99101668841e-06, 2.8371262033e-06, 3.71141231881e-06, 4.95241056342e-06, 2.22007929551e-06, 1.70925056864e-06, 1.10396774744e-06, 8.97542236089e-07, 8.44411943035e-07, 7.91566264979e-07, 5.88648731537e-07, 3.44698548815e-07, 3.03598596929e-07, 1.45722196976e-07, 9.93394664306e-08, 7.18816295375e-08, 4.4622812112e-08, 2.39598065832e-08, 6.87816870126e-09, 1.57797852562e-09, 2.5678972837e-10, 2.48149195636e-10, 2.36845709711e-10, 2.32545926959e-10, 2.19149962066e-10, 2.24896698486e-10, 2.22888013601e-10, 2.16870299496e-10, 2.01843874947e-10, 2.0450932614e-10, 2.08648043287e-10],
        "min": [1.75654656282e-26, 2.43283224056e-25, 3.00023326563e-24, 2.00566741304e-24, 1.34156870568e-24, 9.28096136891e-25, 1.78229119254e-24, 2.10969410618e-24, 3.09943469383e-24, 1.20659135074e-24, 1.17513828316e-24, 1.60003967153e-24, 1.08757028534e-24, 2.82099144619e-24, 4.11927466374e-24, 3.438944453e-24, 2.34788986765e-24, 2.52960614654e-24, 7.51666409363e-25, 5.95801743291e-25, 1.88346516743e-24, 2.38910666666e-24, 1.79673819394e-24, 3.71488168676e-24, 3.56018685211e-24, 1.91102777024e-24, 3.46926905506e-24, 3.34500492426e-24, 3.56042784912e-24, 5.57694880492e-24, 2.24307766627e-24, 2.973742922e-24, 2.95329308354e-24, 3.38974753708e-24, 2.04117226745e-24, 1.9537735789e-24, 2.86401848376e-24, 3.18583724827e-24, 4.4097584926e-24, 3.81768525107e-24, 3.98077711563e-24, 3.5058311803e-24, 4.48219998395e-24, 4.50040492149e-24, 2.91100402535e-24, 3.12868131746e-24, 3.72423363279e-24, 5.03382201598e-24, 4.14630340494e-24, 5.01964697437e-24, 4.32039396267e-24, 2.20313763863e-24, 1.78282584301e-24, 1.53278178518e-24, 3.69345898559e-24, 2.49250167943e-24, 3.04370344581e-24, 3.90882550689e-24, 4.28265525139e-24, 3.98870122342e-24, 5.18633170593e-24, 2.33128079572e-24, 4.14463299197e-24, 2.82865720204e-24, 3.69253444061e-24, 5.18633801681e-24, 5.35909894949e-24, 3.80970355643e-24, 4.09822706593e-24, 4.69046675711e-24, 4.63363485091e-24, 3.38483530022e-24, 5.31690396296e-24, 7.16569770753e-24, 7.22151040543e-24, 4.31190226945e-24, 3.8523679152e-24, 6.30092392854e-24, 4.34629857707e-24, 5.36152745778e-24, 2.98548906088e-24, 7.23785323681e-24, 5.04816074622e-24, 8.04606568889e-24, 4.5522827812e-24, 6.31330667816e-24, 6.26582750686e-24, 7.23703913235e-24, 6.685169398e-24, 5.68569643615e-24, 7.13819091662e-24, 6.10917077514e-24, 4.3139000597e-24, 4.62579791225e-24, 6.16340338465e-24, 7.24170524461e-24, 7.21532415821e-24, 5.72746228235e-24, 5.35959474857e-24, 5.54424184293e-24, 4.87753683774e-24, 5.03818007805e-24, 8.28759596541e-24, 5.15144906556e-24, 6.65311245739e-24, 8.12920373969e-24, 6.75581189206e-24, 5.83938428986e-24, 5.38044552558e-24, 5.38383368317e-24, 7.64117020751e-24, 6.82405624897e-24, 6.78114300459e-24, 5.15354428012e-24, 5.75006275285e-24, 6.59071079878e-24, 5.495433441e-24, 6.89221935321e-24, 5.66641707006e-24, 4.76745997589e-24, 5.68979575184e-24, 6.86709728882e-24, 6.94403647063e-24, 7.5157894441e-24, 7.30215013375e-24, 7.83912617421e-24, 8.23414590592e-24, 8.04794475557e-24],
        "stdev": [1.77766305569e-05, 3.60276062565e-05, 7.9409670434e-05, 0.000195504631847, 0.000291808362817, 0.00026331024128, 0.000258612533798, 0.000290741212666, 0.00038038380444, 0.000250847864663, 0.000245748175075, 0.000236197447521, 0.000207204648177, 0.000169235849171, 0.000161462419783, 0.000277400773484, 0.000187393263332, 0.000182209172635, 0.00021314532205, 0.000348015542841, 0.000239614630118, 0.000167281774338, 0.000280039559584, 0.00029844159144, 0.000474037253298, 0.000175198263605, 0.000319545157254, 0.000216291184188, 0.00014489259047, 0.000233342216234, 0.000181275900104, 0.000179022288648, 0.00040729198372, 0.000355876632966, 0.0001801642793, 0.000270096876193, 0.000276640465017, 7.75075532147e-05, 0.000356084259693, 0.000293096614769, 0.000100449600723, 0.000330967333866, 0.000183682073839, 0.000244333525188, 8.00478082965e-05, 0.000205092161195, 0.000235417624936, 8.59080973896e-05, 9.69316752162e-05, 0.00023587270698, 0.000142023214721, 0.000183533207746, 6.10766219324e-05, 0.000149874438648, 0.000282798340777, 8.8444649009e-05, 3.93278205593e-05, 0.000108316467959, 7.18675219105e-05, 2.1916372134e-05, 0.000161774776643, 3.7606285332e-05, 8.04895462352e-05, 5.98266778979e-05, 1.98320376512e-05, 5.04617164552e-05, 5.96744794166e-05, 2.68360508926e-05, 9.68896983977e-06, 2.93203484034e-05, 5.08296470798e-05, 3.2591913623e-05, 1.27613648147e-05, 1.27540379253e-05, 1.19993628687e-05, 1.97796489374e-05, 1.07104351628e-05, 8.92216576176e-06, 1.27177127069e-05, 1.49013958435e-05, 1.06354864329e-05, 7.23028097127e-06, 1.08910526251e-05, 7.88497527537e-06, 5.52064193471e-06, 1.2644490198e-05, 6.05691639066e-06, 6.63511264065e-06, 1.4253982954e-05, 1.42236312968e-05, 6.995239346e-06, 5.17389298693e-06, 5.17293483426e-06, 4.94811956742e-06, 4.76431296192e-06, 4.65182711196e-06, 4.19082471126e-06, 3.19869127452e-06, 4.65480343337e-06, 8.93046217243e-06, 1.17250920084e-05, 4.56694488093e-06, 2.55510394709e-06, 1.97571375793e-06, 1.58900377301e-06, 1.51757581079e-06, 1.12453005841e-06, 8.27155588468e-07, 4.72629011483e-07, 4.26776693985e-07, 2.18623512183e-07, 1.56419631026e-07, 1.24332999007e-07, 9.8519358005e-08, 8.01963295771e-08, 2.07409911468e-08, 5.42712941254e-09, 9.12761255467e-10, 8.50500836425e-10, 7.5841161129e-10, 7.10261183201e-10, 6.7442096352e-10, 7.27626292552e-10, 7.31936844467e-10, 7.19727555332e-10, 6.05912764406e-10, 5.92352999984e-10, 6.37820241067e-10]
    },
    "mfcc": {
        "mean": [-609.927856445, 68.8829879761, -41.267993927, 1.600061059, -1.25303757191, 2.0368282795, -3.01561617851, 1.51691067219, -1.77788126469, -0.672652840614, -3.16993188858, -1.77505242825, -1.4502209425],
        "cov": [[8356.23632812, -240.652984619, 807.668640137, 208.255462646, -198.813720703, -58.632724762, 88.4305801392, -30.4978027344, -48.6137695312, 3.39586639404, 44.0676498413, -72.2335510254, 48.8940238953], [-240.652984619, 708.024658203, -547.05255127, -121.302627563, -36.6280326843, -42.8857879639, -74.7001953125, -5.20065832138, -32.5091934204, -18.8802661896, -8.02159786224, 4.50912904739, -10.8541116714], [807.668640137, -547.05255127, 985.13079834, 282.4034729, 15.6034851074, 4.64542341232, 84.5517044067, -39.8009872437, 3.05097436905, 0.747744977474, -16.3371257782, -29.081281662, 11.3230905533], [208.255462646, -121.302627563, 282.4034729, 203.900405884, 37.6189575195, 25.6423587799, 23.3217582703, -13.0089197159, 5.58522844315, 1.87946200371, -17.8520259857, -8.58747386932, 5.96059274673], [-198.813720703, -36.6280326843, 15.6034851074, 37.6189575195, 106.654022217, 42.3498344421, 4.43267774582, 8.50538253784, 20.3471679688, 14.0249996185, -2.02471208572, 2.59996080399, 2.22133111954], [-58.632724762, -42.8857879639, 4.64542341232, 25.6423587799, 42.3498344421, 85.140586853, 42.5053977966, 22.0721321106, 12.5091218948, 10.2848701477, 4.00256490707, 3.43596434593, -1.15017449856], [88.4305801392, -74.7001953125, 84.5517044067, 23.3217582703, 4.43267774582, 42.5053977966, 88.6197357178, 35.8147201538, 4.66160345078, 4.30092906952, 9.82478523254, 0.137658074498, 2.14836645126], [-30.4978027344, -5.20065832138, -39.8009872437, -13.0089197159, 8.50538253784, 22.0721321106, 35.8147201538, 60.7905883789, 19.6555938721, 4.45937633514, 12.3690958023, 6.37190389633, -0.767803966999], [-48.6137695312, -32.5091934204, 3.05097436905, 5.58522844315, 20.3471679688, 12.5091218948, 4.66160345078, 19.6555938721, 49.178653717, 20.5527877808, 6.02358388901, 2.45460534096, 0.871783435345], [3.39586639404, -18.8802661896, 0.747744977474, 1.87946200371, 14.0249996185, 10.2848701477, 4.30092906952, 4.45937633514, 20.5527877808, 54.1025047302, 21.5693416595, -1.85683786869, -0.527926087379], [44.0676498413, -8.02159786224, -16.3371257782, -17.8520259857, -2.02471208572, 4.00256490707, 9.82478523254, 12.3690958023, 6.02358388901, 21.5693416595, 60.4532356262, 22.2701892853, 4.55643701553], [-72.2335510254, 4.50912904739, -29.081281662, -8.58747386932, 2.59996080399, 3.43596434593, 0.137658074498, 6.37190389633, 2.45460534096, -1.85683786869, 22.2701892853, 45.5751304626, 13.1210632324], [48.8940238953, -10.8541116714, 11.3230905533, 5.96059274673, 2.22133111954, -1.15017449856, 2.14836645126, -0.767803966999, 0.871783435345, -0.527926087379, 4.55643701553, 13.1210632324, 46.3146858215]],
        "icov": [[0.000144236910273, -5.82779102842e-05, -0.000138993607834, -4.73766958748e-05, 0.000296694488497, -6.10486094956e-05, 2.37532494793e-05, -7.07604631316e-05, 5.61520828342e-05, -3.17011813422e-06, -0.000242685535341, 0.000309816648951, -0.000208859230042], [-5.82779102842e-05, 0.00289024505764, 0.00198665680364, -0.00118375080638, 0.000238303662627, 0.00119811680634, 0.000123190722661, 0.000256250234088, 0.00122584740166, 0.000198471214389, 0.000138084084028, 0.000314748438541, 0.000298806495266], [-0.000138993607834, 0.00198665680364, 0.00357971340418, -0.00345752947032, -2.0214871256e-05, 0.00249772542156, -0.00289464974776, 0.00255364971235, -0.000288287905278, 0.000642542436253, -0.000446674821433, 0.000873940938618, 0.000230829653447], [-4.73766958748e-05, -0.00118375080638, -0.00345752947032, 0.00992139242589, -0.002216771245, -0.00279659288935, 0.000858784711454, 0.000296676327707, -0.000301026768284, -0.000598792685196, 0.00245388410985, -0.00103417166974, -0.000606597925071], [0.000296694488497, 0.000238303662627, -2.0214871256e-05, -0.002216771245, 0.0143744498491, -0.00725561240688, 0.00390913430601, -0.00116243679076, -0.00265593430959, -0.00170138978865, 0.000696203031112, -6.87565770932e-05, -0.00105575821362], [-6.10486094956e-05, 0.00119811680634, 0.00249772542156, -0.00279659288935, -0.00725561240688, 0.0223271045834, -0.0113899800926, 0.00104251550511, -0.000692866917234, -0.00117712153587, 0.000871762458701, -0.0015081014717, 0.00188369257376], [2.37532494793e-05, 0.000123190722661, -0.00289464974776, 0.000858784711454, 0.00390913430601, -0.0113899800926, 0.0249460972846, -0.0143798198551, 0.00539451977238, -0.00101645011455, -0.00146129145287, 0.00179486954585, -0.00174278882332], [-7.07604631316e-05, 0.000256250234088, 0.00255364971235, 0.000296676327707, -0.00116243679076, 0.00104251550511, -0.0143798198551, 0.030928215012, -0.0124986525625, 0.00496153440326, -0.00368884438649, -0.000508415047079, 0.00153241015505], [5.61520828342e-05, 0.00122584740166, -0.000288287905278, -0.000301026768284, -0.00265593430959, -0.000692866917234, 0.00539451977238, -0.0124986525625, 0.031524207443, -0.0115162990987, 0.00333060626872, -0.00198897137307, -0.000498866662383], [-3.17011813422e-06, 0.000198471214389, 0.000642542436253, -0.000598792685196, -0.00170138978865, -0.00117712153587, -0.00101645011455, 0.00496153440326, -0.0115162990987, 0.0286242906004, -0.0127442413941, 0.00786191690713, -0.000278867722955], [-0.000242685535341, 0.000138084084028, -0.000446674821433, 0.00245388410985, 0.000696203031112, 0.000871762458701, -0.00146129145287, -0.00368884438649, 0.00333060626872, -0.0127442413941, 0.0277289357036, -0.0144064296037, 0.0012222903315], [0.000309816648951, 0.000314748438541, 0.000873940938618, -0.00103417166974, -6.87565770932e-05, -0.0015081014717, 0.00179486954585, -0.000508415047079, -0.00198897137307, 0.00786191690713, -0.0144064296037, 0.0327758938074, -0.00820084661245], [-0.000208859230042, 0.000298806495266, 0.000230829653447, -0.000606597925071, -0.00105575821362, 0.00188369257376, -0.00174278882332, 0.00153241015505, -0.000498866662383, -0.000278867722955, 0.0012222903315, -0.00820084661245, 0.0243165194988]]
    },
    "spectral_contrast_coeffs": {
        "max": [-0.515034079552, -0.574700176716, -0.600997447968, -0.637506604195, -0.635628223419, -0.682547092438],
        "mean": [-0.737017512321, -0.797638595104, -0.767897665501, -0.775543928146, -0.762408137321, -0.758465111256],
        "min": [-0.972529709339, -0.984539091587, -0.972532629967, -0.967640936375, -0.966402411461, -0.962926268578],
        "stdev": [0.0639334768057, 0.0588145107031, 0.0628163442016, 0.0536734499037, 0.0427890717983, 0.0326557531953]
    },
    "spectral_contrast_valleys": {
        "max": [-5.54407119751, -5.38244915009, -5.55851364136, -5.74073076248, -5.79275846481, -7.72548341751],
        "mean": [-7.86115074158, -7.00839281082, -7.05938339233, -7.01924800873, -7.05302524567, -9.6650352478],
        "min": [-27.5826511383, -27.6566486359, -27.6738910675, -27.5094203949, -27.3732185364, -27.3212451935],
        "stdev": [2.07548046112, 2.11512732506, 2.11088657379, 2.10415959358, 2.0880920887, 2.00558042526]
    }
},
"rhythm": {
    "beats_count": 44,
    "beats_loudness": {
        "max": 0.0403996482491,
        "mean": 0.0205100141466,
        "min": 0.00329692102969,
        "stdev": 0.0109784612432
    },
    "bpm": 112.681060791,
    "bpm_histogram_first_peak_bpm": 112,
    "bpm_histogram_first_peak_weight": 0.416666686535,
    "bpm_histogram_second_peak_bpm": 99,
    "bpm_histogram_second_peak_spread": 0,
    "bpm_histogram_second_peak_weight": 0.186046510935,
    "danceability": 0.847334980965,
    "onset_rate": 2.99349451065,
    "beats_loudness_band_ratio": {
        "max": [0.586287915707, 0.320630460978, 0.300669074059, 0.581243038177, 0.686301887035, 0.642596721649],
        "mean": [0.0750893652439, 0.0813835933805, 0.113479666412, 0.269237756729, 0.291902750731, 0.209374755621],
        "min": [0.00251392484643, 0.00527028786018, 0.0204657614231, 0.0535438805819, 0.0994986817241, 0.0146834570915],
        "stdev": [0.0960079729557, 0.0744629651308, 0.0629457607865, 0.139218151569, 0.151163563132, 0.127772271633]
    },
    "beats_position": [0.476009070873, 0.96362811327, 1.45124709606, 1.93886613846, 2.43809509277, 2.94893407822, 3.47138309479, 3.99383211136, 4.51628112793, 5.05034017563, 5.5727891922, 6.13006782532, 6.66412687302, 7.19818592072, 7.73224496841, 8.25469398499, 8.77714252472, 9.31120204926, 9.84526062012, 10.379319191, 10.9133787155, 11.4474372864, 11.9814968109, 12.5155553818, 13.0496139526, 13.5836734772, 14.1061220169, 14.6401815414, 15.1858501434, 15.7315187454, 16.3468475342, 16.9505672455, 17.5542850494, 18.1580047607, 18.7617225647, 19.365442276, 19.9807701111, 20.5844898224, 21.2230377197, 21.8615875244, 22.5001354218, 23.1386852264, 23.7888431549, 24.4273910522],
