{
"metadata": {
    "version": {
        "essentia": "2.1-beta5",
        "essentia_git_sha": "Undefined",
        "extractor": "music 2.0"
    },
    "audio_properties": {
        "analysis": {
            "equal_loudness": 0,
            "length": 12.7477550507,
            "sample_rate": 44100,
            "start_time": 0,
            "downmix": "mix"
        },
        "bit_rate": 192000,
        "length": 184.94694519,
        "lossless": 0,
        "number_channels": 2,
        "replay_gain": -20.358039856,
        "sample_rate": 44100,
        "codec": "mp3",
        "md5_encoded": "47959a4d923b3796126a9368137715bd"
    },
    "tags": {
        "file_name": "Luxembourg_Parlez-vous Français_Baccara.mp3",
        "encoding": ["Lavf58.29.100"]
    }
},
"lowlevel": {
    "average_loudness": 0.935273766518,
    "barkbands_crest": {
        "max": 21.2982673645,
        "mean": 7.52997589111,
        "min": 2.47428679466,
        "stdev": 3.44060587883
    },
    "barkbands_flatness_db": {
        "max": 0.278682410717,
        "mean": 0.113658130169,
        "min": 0.0412872433662,
        "stdev": 0.050348456949
    },
    "barkbands_kurtosis": {
        "max": 60.1737976074,
        "mean": 1.5626219511,
        "min": -1.67888820171,
        "stdev": 6.84095335007
    },
    "barkbands_skewness": {
        "max": 5.82379150391,
        "mean": 0.729333460331,
        "min": -1.96813678741,
        "stdev": 1.10652959347
    },
    "barkbands_spread": {
        "max": 58.6720581055,
        "mean": 24.3771743774,
        "min": 1.54965043068,
        "stdev": 10.3452529907
    },
    "dissonance": {
        "max": 0.499205589294,
        "mean": 0.470963180065,
        "min": 0.367332845926,
        "stdev": 0.0231083575636
    },
    "dynamic_complexity": 7.16732358932,
    "erbbands_crest": {
        "max": 20.0946159363,
        "mean": 7.44345664978,
        "min": 2.00716590881,
        "stdev": 3.20403790474
    },
    "erbbands_flatness_db": {
        "max": 0.270240187645,
        "mean": 0.173831611872,
        "min": 0.0692265182734,
        "stdev": 0.0445008538663
    },
    "erbbands_kurtosis": {
        "max": 21.3993453979,
        "mean": 0.221662729979,
        "min": -1.38436937332,
        "stdev": 2.12704110146
    },
    "erbbands_skewness": {
        "max": 3.9412150383,
        "mean": 0.0826350599527,
        "min": -1.56676506996,
        "stdev": 0.651600062847
    },
    "erbbands_spread": {
        "max": 94.8882141113,
        "mean": 31.6963920593,
        "min": 7.36434650421,
        "stdev": 16.1872291565
    },
    "hfc": {
        "max": 108.828285217,
        "mean": 24.9313468933,
        "min": 1.20443505828e-16,
        "stdev": 23.3644504547
    },
    "loudness_ebu128": {
        "integrated": -3.30565357208,
        "loudness_range": 11.4657239914,
        "momentary": {
            "max": -0.753017187119,
            "mean": -9.06986808777,
            "min": -38.7736282349,
            "stdev": 10.7082529068
        },
        "short_term": {
            "max": -2.41525650024,
            "mean": -5.83600282669,
            "min": -20.1103801727,
            "stdev": 4.78354454041
        }
    },
    "melbands_crest": {
        "max": 22.401348114,
        "mean": 10.0008001328,
        "min": 2.72846508026,
        "stdev": 3.88971543312
    },
    "melbands_flatness_db": {
        "max": 0.335621625185,
        "mean": 0.137603893876,
        "min": 0.00850123353302,
        "stdev": 0.0675891488791
    },
    "melbands_kurtosis": {
        "max": 57.8924636841,
        "mean": 4.93284082413,
        "min": -1.34427034855,
        "stdev": 8.90090084076
    },
    "melbands_skewness": {
        "max": 5.52210664749,
        "mean": 1.53299999237,
        "min": -0.348921746016,
        "stdev": 1.22796273232
    },
    "melbands_spread": {
        "max": 148.105987549,
        "mean": 36.4674987793,
        "min": 1.91796028614,
        "stdev": 18.3067016602
    },
    "pitch_salience": {
        "max": 0.800193428993,
        "mean": 0.62585413456,
        "min": 0.360306859016,
        "stdev": 0.0786736756563
    },
    "silence_rate_20dB": {
        "max": 1,
        "mean": 1,
        "min": 1,
        "stdev": 0
    },
    "silence_rate_30dB": {
        "max": 1,
        "mean": 1,
        "min": 1,
        "stdev": 0
    },
    "silence_rate_60dB": {
        "max": 1,
        "mean": 0.261818170547,
        "min": 0,
        "stdev": 0.439625620842
    },
    "spectral_centroid": {
        "max": 10773.5771484,
        "mean": 1803.71337891,
        "min": 334.532867432,
        "stdev": 790.12310791
    },
    "spectral_complexity": {
        "max": 52,
        "mean": 22.5127277374,
        "min": 0,
        "stdev": 14.0861959457
    },
    "spectral_decrease": {
        "max": 3.18165432372e-29,
        "mean": -3.75552122733e-09,
        "min": -1.11786233603e-08,
        "stdev": 2.89168200496e-09
    },
    "spectral_energy": {
        "max": 0.0489114671946,
        "mean": 0.0164355430752,
        "min": 1.08045014908e-20,
        "stdev": 0.0127881905064
    },
    "spectral_energyband_high": {
        "max": 0.0109321875498,
        "mean": 0.00116330501623,
        "min": 7.72785974797e-21,
        "stdev": 0.00156814116053
    },
    "spectral_energyband_low": {
        "max": 0.0150075666606,
        "mean": 0.00141508260276,
        "min": 1.14070763643e-22,
        "stdev": 0.00194111419842
    },
    "spectral_energyband_middle_high": {
        "max": 0.0332971140742,
        "mean": 0.00881807226688,
        "min": 1.51613492208e-21,
        "stdev": 0.00786748714745
    },
    "spectral_energyband_middle_low": {
        "max": 0.0323263630271,
        "mean": 0.00555260293186,
        "min": 2.54670477766e-22,
        "stdev": 0.00540299899876
    },
    "spectral_entropy": {
        "max": 9.81407165527,
        "mean": 7.64737224579,
        "min": 6.23200321198,
        "stdev": 0.475273996592
    },
    "spectral_flux": {
        "max": 0.160203918815,
        "mean": 0.0642736926675,
        "min": 1.03944707008e-10,
        "stdev": 0.0402483828366
    },
    "spectral_kurtosis": {
        "max": 21.6065368652,
        "mean": 4.56350517273,
        "min": -1.20961487293,
        "stdev": 3.71399474144
    },
    "spectral_rms": {
        "max": 0.00690785842016,
        "mean": 0.00348291569389,
        "min": 3.24668720728e-12,
        "stdev": 0.00197584601119
    },
    "spectral_rolloff": {
        "max": 19293.75,
        "mean": 2293.05078125,
        "min": 344.53125,
        "stdev": 1448.61486816
    },
    "spectral_skewness": {
        "max": 3.34920024872,
        "mean": 1.48710036278,
        "min": 0.0464324429631,
        "stdev": 0.595580101013
    },
    "spectral_spread": {
        "max": 41541264,
        "mean": 4075231.5,
        "min": 2033228.375,
        "stdev": 1994218.875
    },
    "spectral_strongpeak": {
        "max": 8.60875511169,
        "mean": 1.51056396961,
        "min": 0,
        "stdev": 1.69401180744
    },
    "zerocrossingrate": {
        "max": 0.5224609375,
        "mean": 0.0828932896256,
        "min": 0.013671875,
        "stdev": 0.0404987707734
    },
    "barkbands": {
        "max": [0.000405227590818, 0.00388578884304, 0.0120101943612, 0.00815007463098, 0.0193860642612, 0.00834916066378, 0.00791668705642, 0.0107440566644, 0.00752000231296, 0.00643256539479, 0.0221445821226, 0.0199667084962, 0.0182523373514, 0.010959376581, 0.00328818755224, 0.00956626050174, 0.00342359347269, 0.0136405890808, 0.0054048220627, 0.00262889149599, 0.00596839515492, 0.00302201812156, 0.0010832574917, 0.00134710443672, 0.00133392889984, 0.000269623735221, 1.12027109935e-05],
        "mean": [1.35434947879e-05, 0.000313297903631, 0.000665530911647, 0.000765822129324, 0.00155075150542, 0.000684038212057, 0.000593993638176, 0.000993893132545, 0.000824452668894, 0.000806674419437, 0.000704280450009, 0.00115023565013, 0.00175579206552, 0.000750465609599, 0.000506722310092, 0.00130066787824, 0.000386829138733, 0.000676617142744, 0.00070219283225, 0.00034758070251, 0.000357341952622, 0.000291043019388, 0.000120457400044, 0.000107099353045, 5.64825204492e-05, 9.51292440732e-06, 2.34931576415e-07],
        "min": [3.40364355858e-23, 6.61219487333e-23, 1.00138807947e-23, 1.31315821544e-23, 6.5666384716e-23, 8.87153983754e-23, 1.97031705704e-23, 2.83471360275e-23, 3.32497708694e-23, 2.40947418749e-23, 4.24309663801e-23, 1.39432717476e-22, 8.86738222502e-23, 1.05680552651e-22, 8.65705739265e-23, 1.10954106735e-22, 1.70435620005e-22, 3.84279188534e-22, 2.92443737993e-22, 2.28472217777e-22, 5.4141278352e-22, 6.37261731154e-22, 6.18328615045e-22, 8.8365012867e-22, 1.30759796406e-21, 1.36379596057e-21, 2.37739442671e-21],
        "stdev": [3.441168883e-05, 0.000454261607956, 0.00118006858975, 0.00113907933701, 0.0025464699138, 0.00089701381512, 0.000853781180922, 0.0015157252783, 0.00118651660159, 0.00109095952939, 0.00170272320975, 0.00221037678421, 0.00246408302337, 0.0011414270848, 0.000563675886951, 0.00165202876087, 0.000513600418344, 0.000985342310742, 0.000828867952805, 0.000414140638895, 0.000611849012785, 0.000403730198741, 0.000174557309947, 0.000182205767487, 0.000120283024444, 2.4817596568e-05, 7.52888126954e-07]
    },
    "erbbands": {
        "max": [0.0764457657933, 1.05339360237, 8.89965343475, 16.7160587311, 57.8493614197, 67.5806121826, 166.463134766, 57.6536827087, 100.493530273, 164.845275879, 222.137939453, 199.177337646, 157.847915649, 148.760681152, 1045.68115234, 465.932128906, 721.965820312, 508.07925415, 379.38583374, 219.793045044, 615.885925293, 156.102859497, 947.932678223, 420.715087891, 259.473510742, 114.441734314, 116.467849731, 314.854309082, 104.815139771, 113.082054138, 34.9195022583, 20.625120163, 23.0768623352, 14.4807949066, 6.01702928543, 1.90220248699, 0.369587600231, 0.0508440099657, 0.00130312272813, 0.000127541687107],
        "mean": [0.00588709209114, 0.0867716521025, 0.545954525471, 2.0496327877, 3.21506690979, 4.36598730087, 7.88412618637, 6.30602025986, 9.12934684753, 12.7718677521, 18.0168552399, 22.0174808502, 22.5053386688, 21.2805709839, 44.388092041, 37.8425636292, 76.2844390869, 45.8597335815, 35.379650116, 42.6220855713, 62.0930595398, 26.9785995483, 43.442440033, 29.20570755, 30.6297016144, 17.5424156189, 14.407292366, 13.5506591797, 10.4326906204, 7.94390869141, 3.38175749779, 2.09333515167, 1.71847462654, 0.82920563221, 0.320031672716, 0.0742478370667, 0.0116934049875, 0.00154326239135, 5.25434916199e-05, 2.48057131103e-05],
        "min": [3.92250460111e-21, 7.53768090851e-21, 9.38729230109e-21, 3.26502404941e-20, 1.60251574151e-19, 1.52523186914e-19, 7.66644226604e-19, 4.76649179504e-19, 3.13166082118e-19, 6.15994784723e-19, 3.91901294573e-19, 7.82088153929e-19, 7.29074923953e-19, 1.30649124568e-18, 2.56099935973e-18, 5.37618429067e-18, 4.04487266353e-18, 5.26375845131e-18, 5.38668907086e-18, 4.91309384218e-18, 6.9790212626e-18, 1.05138055568e-17, 1.61241158752e-17, 2.49383820834e-17, 8.85691233182e-18, 1.14947929596e-17, 1.65706230068e-17, 2.3181865707e-17, 1.8123050765e-17, 2.38749388355e-17, 1.7064658282e-17, 1.85030012901e-17, 1.57711248206e-17, 1.50539873537e-17, 9.15034224641e-18, 5.25674850921e-18, 2.42667701558e-18, 1.24896889909e-18, 2.6556548263e-19, 4.01827248666e-20],
        "stdev": [0.0081936288625, 0.125381127, 0.903355121613, 2.89678764343, 6.36775827408, 7.46828651428, 17.0286426544, 7.56817770004, 12.3416242599, 17.8192176819, 28.1060142517, 31.256975174, 26.3300800323, 25.5113983154, 87.2403564453, 61.1419334412, 102.041824341, 53.1276550293, 44.913860321, 44.0667533875, 80.3746261597, 29.5913829803, 65.3968887329, 42.5659370422, 35.842502594, 20.0506629944, 17.8650341034, 27.7423496246, 14.9104700089, 12.6808042526, 4.98150682449, 3.15186095238, 3.17786121368, 1.7071955204, 0.70990395546, 0.182563230395, 0.0321358628571, 0.00436834711581, 0.000118679956358, 2.25577095989e-05]
    },
    "gfcc": {
        "mean": [-56.6947631836, 85.2685623169, -153.956756592, 32.3220443726, -69.8500289917, 16.3473873138, -46.3830795288, 0.939338684082, -25.9366283417, -1.22649765015, -14.9150886536, -5.31243753433, -8.61183452606],
        "cov": [[26755.265625, -930.314758301, -3984.54736328, 380.661956787, -349.011444092, -33.6139297485, 660.937805176, 199.357040405, 143.403427124, -244.471939087, -17.3314552307, -415.901794434, -520.903991699], [-930.314758301, 1277.09375, 30.0413150787, -278.985443115, 4.71699953079, -232.063781738, -142.644088745, -298.338104248, 94.3126602173, -78.7542266846, 147.592315674, -127.444999695, 144.712921143], [-3984.54736328, 30.0413150787, 995.301818848, 13.4803218842, 51.6816673279, 79.1150131226, -146.670791626, 23.5826740265, -105.78301239, 82.2727432251, -88.5259170532, 90.4871826172, 17.2714443207], [380.661956787, -278.985443115, 13.4803218842, 411.094848633, 93.5572052002, 122.1798172, 167.271453857, 153.236557007, 5.44829416275, -5.6685500145, -38.0453414917, -5.39217805862, -103.708343506], [-349.011444092, 4.71699953079, 51.6816673279, 93.5572052002, 133.465911865, 55.0363235474, 67.2613143921, 36.0741729736, 14.9743909836, -12.4485816956, -18.5796833038, -11.9509220123, -30.8248977661], [-33.6139297485, -232.063781738, 79.1150131226, 122.1798172, 55.0363235474, 142.121871948, 65.9414367676, 94.6798248291, -25.1278133392, 18.7455711365, -49.5203094482, 23.8724403381, -43.6169776917], [660.937805176, -142.644088745, -146.670791626, 167.271453857, 67.2613143921, 65.9414367676, 188.809310913, 101.003684998, 44.8103408813, -15.8297939301, 0.991830408573, -20.4826011658, -59.3312225342], [199.357040405, -298.338104248, 23.5826740265, 153.236557007, 36.0741729736, 94.6798248291, 101.003684998, 167.261932373, 10.2461576462, 26.8796329498, -46.4809646606, 18.912279129, -67.020652771], [143.403427124, 94.3126602173, -105.78301239, 5.44829416275, 14.9743909836, -25.1278133392, 44.8103408813, 10.2461576462, 81.4658584595, 3.86406159401, 40.4049873352, -28.9940738678, 2.03329062462], [-244.471939087, -78.7542266846, 82.2727432251, -5.6685500145, -12.4485816956, 18.7455711365, -15.8297939301, 26.8796329498, 3.86406159401, 67.8542251587, 12.4484567642, 24.0294342041, -7.12216091156], [-17.3314552307, 147.592315674, -88.5259170532, -38.0453414917, -18.5796833038, -49.5203094482, 0.991830408573, -46.4809646606, 40.4049873352, 12.4484567642, 95.7869720459, -0.971092224121, 31.0514717102], [-415.901794434, -127.444999695, 90.4871826172, -5.39217805862, -11.9509220123, 23.8724403381, -20.4826011658, 18.912279129, -28.9940738678, 24.0294342041, -0.971092224121, 76.2195129395, 22.3310470581], [-520.903991699, 144.712921143, 17.2714443207, -103.708343506, -30.8248977661, -43.6169776917, -59.3312225342, -67.020652771, 2.03329062462, -7.12216091156, 31.0514717102, 22.3310470581, 88.8934173584]],
        "icov": [[0.000167024380062, -0.0002252683189, 0.000821431865916, -0.000111858265882, 0.000460011680843, -0.000141761280247, -7.90217309259e-05, 4.93292136525e-05, 0.000524120638147, -0.000556461978704, 0.000692197179887, -0.00024319140357, 0.000892498763278], [-0.0002252683189, 0.00316228461452, -0.00220382795669, 0.000530324992724, -0.0017210803926, 0.000922724953853, 0.000721911725122, 0.0019048411632, -0.00266068149358, 0.00330082303844, -0.0039241774939, 0.00468874163926, -0.00312900915742], [0.000821431865916, -0.00220382795669, 0.00629997905344, -0.00123290566262, 0.00100904423743, -0.000773678242695, 0.00104215822648, -0.000766866374761, 0.00459151249379, -0.00611564563587, 0.0058039589785, -0.003333828412, 0.00404153577983], [-0.000111858265882, 0.000530324992724, -0.00123290566262, 0.00558086205274, -0.00117210950702, -0.001153276884, -0.00217327964492, -0.00217548734508, 0.000464753858978, 0.00310481339693, -0.00293393526226, 0.000773141451646, 0.00223741144873], [0.000460011680843, -0.0017210803926, 0.00100904423743, -0.00117210950702, 0.0146133340895, -0.00545195955783, -0.00374921970069, 0.00332407630049, -0.00350702460855, 0.00137162220199, 0.00427829520777, -0.00287820654921, 0.00574865425006], [-0.000141761280247, 0.000922724953853, -0.000773678242695, -0.001153276884, -0.00545195955783, 0.0181716531515, -0.00366642861627, -0.00424304930493, 0.00645828060806, -0.00523181818426, 0.00289500434883, 0.000391131150536, -0.00382488640025], [-7.90217309259e-05, 0.000721911725122, 0.00104215822648, -0.00217327964492, -0.00374921970069, -0.00366642861627, 0.0176058132201, -0.00648243259639, -0.00531026348472, 0.00731659447774, -0.00631544273347, 0.00129915005527, 0.00197551073506], [4.93292136525e-05, 0.0019048411632, -0.000766866374761, -0.00217548734508, 0.00332407630049, -0.00424304930493, -0.00648243259639, 0.0238649491221, -0.0109581211582, -0.00428760191426, 0.00881236232817, -0.00602985452861, 0.0058796107769], [0.000524120638147, -0.00266068149358, 0.00459151249379, 0.000464753858978, -0.00350702460855, 0.00645828060806, -0.00531026348472, -0.0109581211582, 0.0338327027857, -0.0109120514244, -0.00510696787387, 0.00943240243942, -0.00503428978845], [-0.000556461978704, 0.00330082303844, -0.00611564563587, 0.00310481339693, 0.00137162220199, -0.00523181818426, 0.00731659447774, -0.00428760191426, -0.0109120514244, 0.0337779708207, -0.0154454521835, -0.00145447824616, 0.0044520534575], [0.000692197179887, -0.0039241774939, 0.0058039589785, -0.00293393526226, 0.00427829520777, 0.00289500434883, -0.00631544273347, 0.00881236232817, -0.00510696787387, -0.0154454521835, 0.0308164730668, -0.011323262006, 0.00218610395677], [-0.00024319140357, 0.00468874163926, -0.003333828412, 0.000773141451646, -0.00287820654921, 0.000391131150536, 0.00129915005527, -0.00602985452861, 0.00943240243942, -0.00145447824616, -0.011323262006, 0.0337563194335, -0.0168504342437], [0.000892498763278, -0.00312900915742, 0.00404153577983, 0.00223741144873, 0.00574865425006, -0.00382488640025, 0.00197551073506, 0.0058796107769, -0.00503428978845, 0.0044520534575, 0.00218610395677, -0.0168504342437, 0.0332075916231]]
    },
    "melbands": {
        "max": [0.000762182869948, 0.00335536431521, 0.00364199699834, 0.00297451065853, 0.00579191790894, 0.00145141337998, 0.00140672246926, 0.00219622487202, 0.00144809030462, 0.00139294599649, 0.000822259753477, 0.000628135749139, 0.00302147935145, 0.00274727749638, 0.000460894632852, 0.00251142401248, 0.00116204144433, 0.000847551156767, 0.000253662728937, 0.000797510088887, 0.000883448054083, 0.000183375901543, 0.000533582875505, 0.000673151982483, 0.000417100440245, 0.000265359558398, 6.58499338897e-05, 0.000101652411104, 9.00018276297e-05, 0.000137862327392, 0.000277939281659, 7.04000485712e-05, 5.219945524e-05, 5.0652459322e-05, 2.98001505143e-05, 1.72400650627e-05, 1.17581921586e-05, 1.42978551594e-05, 2.46582585532e-05, 1.09862121462e-05],
        "mean": [7.0967937063e-05, 0.00025025679497, 0.000382703961805, 0.000256828439888, 0.000285240763333, 0.000140121410368, 0.000128861414851, 0.000173797088792, 0.000122351673781, 0.000145023499499, 0.000116531307867, 9.06617933651e-05, 0.000118348041724, 0.000158245966304, 6.08224436291e-05, 0.000224494986469, 6.5222804551e-05, 6.30776776234e-05, 3.5307930375e-05, 9.05458291527e-05, 6.48580462439e-05, 2.3760683689e-05, 3.73754373868e-05, 2.96083635476e-05, 2.24675259233e-05, 2.90935386147e-05, 1.13435862659e-05, 1.21352995848e-05, 1.00337756521e-05, 8.04234423413e-06, 7.54281199988e-06, 6.67681479172e-06, 4.45715340902e-06, 3.89469369111e-06, 2.01889770324e-06, 1.54775852934e-06, 1.08907079266e-06, 1.15661953259e-06, 1.08180870484e-06, 6.10163738202e-07],
        "min": [2.86325395921e-23, 6.10830302814e-24, 9.57928154478e-24, 1.02295253895e-23, 2.21498179348e-23, 1.2080851772e-23, 4.69895963361e-24, 7.02809906641e-24, 2.96843802963e-24, 5.12013247091e-24, 3.40965325873e-24, 4.8325362674e-24, 7.69325711536e-24, 1.2006255507e-23, 1.33596386867e-23, 8.49523914402e-24, 1.00340503903e-23, 9.52351460081e-24, 6.22479569574e-24, 6.8806230979e-24, 8.1645013209e-24, 1.23165539441e-23, 7.22417675529e-24, 2.13016299563e-23, 2.11228551426e-23, 6.53277290959e-24, 5.31501621881e-24, 8.57391066438e-24, 6.95722859155e-24, 1.82532805142e-23, 1.15040374669e-23, 9.65134319961e-24, 1.33638780252e-23, 1.21166258252e-23, 9.30323860366e-24, 1.09109671052e-23, 1.0851004999e-23, 1.1557728129e-23, 9.84920371414e-24, 1.38348674286e-23],
        "stdev": [9.66946026892e-05, 0.000370112451492, 0.000534197955858, 0.000405182130635, 0.000598516024183, 0.000168572485563, 0.000178293630597, 0.000243968184805, 0.000184620308573, 0.000217317807255, 0.000141795957461, 0.000113501839223, 0.00024400097027, 0.000314917328069, 7.01010649209e-05, 0.000330267066602, 9.454289102e-05, 9.11260358407e-05, 4.08345840697e-05, 0.000121298500744, 0.000100846235, 2.94528017548e-05, 4.85631935589e-05, 4.61201525468e-05, 3.98990778194e-05, 3.63590988854e-05, 1.17691552077e-05, 1.55106408783e-05, 1.28927231344e-05, 1.34739148052e-05, 2.14617102756e-05, 9.69104803517e-06, 6.78948981658e-06, 6.17416299065e-06, 3.24640632243e-06, 2.36061055148e-06, 1.67431426235e-06, 2.02592423193e-06, 2.60464685198e-06, 1.23296979382e-06]
    },
    "melbands128": {
        "max": [0.00020156573737, 0.000636637443677, 0.0009391947533, 0.00215973635204, 0.00294922455214, 0.00684576388448, 0.004079926759, 0.00555373216048, 0.0073895920068, 0.0038091649767, 0.00390961254016, 0.0090506169945, 0.00746018486097, 0.00289812032133, 0.00161208189093, 0.00125487986952, 0.0025464266073, 0.00262400344945, 0.00158659089357, 0.00185795966536, 0.003605423728, 0.00427134567872, 0.000633785093669, 0.000628526846413, 0.00152500579134, 0.0028868780937, 0.000571748940274, 0.00126858660951, 0.00226973509416, 0.00135956949089, 0.000678659707773, 0.00130619341508, 0.00303833838552, 0.00682678911835, 0.00619086669758, 0.00296972133219, 0.000543006928638, 0.000546903058421, 0.00100099132396, 0.00170180597343, 0.00492977770045, 0.000543986679986, 0.000851069809869, 0.00258205225691, 0.00203664577566, 0.000816857209429, 0.000524772738572, 0.000443551369244, 0.000575757760089, 0.000404277263442, 0.00148441060446, 0.00145590351894, 0.00151808967348, 0.0012428680202, 0.000561549677514, 0.000232283229707, 0.000268696894636, 0.000278685503872, 0.00045113635133, 0.00235634576529, 0.000428781379014, 0.000192561477888, 0.000599953869823, 0.000558108731639, 0.000652447517496, 0.000379890378099, 0.000384117680369, 8.05539311841e-05, 0.000110437082185, 0.000130393164, 0.000105562685349, 0.000294178113109, 0.00015776703367, 0.000199476256967, 7.58627502364e-05, 0.000117123883683, 0.000400919845561, 9.71726840362e-05, 0.000639431353193, 0.000183207986993, 7.41486073821e-05, 0.000157236834639, 0.000102834637801, 5.01281429024e-05, 0.000167900521774, 9.82956044027e-05, 7.12765104254e-05, 7.42937045288e-05, 4.42005948571e-05, 3.40594851878e-05, 2.01866714633e-05, 3.5603869037e-05, 3.75372073904e-05, 1.08406338768e-05, 1.42590988617e-05, 1.29152667796e-05, 1.79891594598e-05, 2.65866528935e-05, 4.11300534324e-05, 2.15293766814e-05, 1.32012983158e-05, 1.13564919957e-05, 2.9914190236e-05, 1.75568329723e-05, 9.36510241445e-06, 9.03588079382e-06, 4.13934048993e-06, 3.77796777684e-06, 5.70788552068e-06, 1.57917986598e-06, 1.19210596949e-06, 1.52332665948e-06, 1.12527914098e-06, 7.33543799925e-07, 5.68633083731e-07, 6.28662689905e-07, 3.60772503427e-07, 6.34208818795e-09, 5.12416198362e-09, 7.06467861988e-09, 6.2437828241e-09, 5.05320940647e-09, 5.03931385509e-09, 3.71095310037e-09, 4.6917763008e-09, 4.25165591622e-09, 5.31749755339e-09, 4.36844693752e-09],
        "mean": [8.38405230752e-06, 3.2990166801e-05, 9.29463349166e-05, 0.000151020140038, 0.000190139820916, 0.000387420965126, 0.000437785347458, 0.000356921227649, 0.000351545430021, 0.000199936999707, 0.000202391951461, 0.000414430571254, 0.000302560831187, 0.000128021201817, 0.000151003245264, 0.000117200921522, 0.000173954322236, 0.00013264764857, 7.31010441086e-05, 0.000108148778963, 0.000263532157987, 0.000271394033916, 5.72312346776e-05, 3.74475712306e-05, 0.00012884158059, 0.000247150688665, 5.49773758394e-05, 8.73515746207e-05, 0.000186019329703, 0.00011006022396, 4.51913510915e-05, 6.71322559356e-05, 0.000100220109744, 0.000166128098499, 0.000238342880039, 0.000138122413773, 4.56541310996e-05, 6.52225062368e-05, 4.19078533014e-05, 0.000197112662136, 0.000385120132705, 3.99881719204e-05, 5.02679213241e-05, 6.79505319567e-05, 0.000100969649793, 5.42335583305e-05, 3.68456021533e-05, 2.21523241635e-05, 5.058825991e-05, 3.4471249819e-05, 0.000124747894006, 0.000113244670501, 7.76794840931e-05, 4.28155726695e-05, 2.05855285458e-05, 2.67416580755e-05, 2.0374691303e-05, 2.45161281782e-05, 4.45622536063e-05, 6.59080469632e-05, 1.99078367586e-05, 1.17600538942e-05, 2.35754159803e-05, 2.03157487704e-05, 3.1653627957e-05, 2.98675622616e-05, 3.30626207869e-05, 9.43321629165e-06, 7.43028977013e-06, 1.12170509965e-05, 7.50706522012e-06, 2.02949067898e-05, 9.51903257373e-06, 1.04289392766e-05, 5.34100172445e-06, 6.87624651619e-06, 1.19667074614e-05, 5.77789160161e-06, 9.26499706111e-06, 5.26134544998e-06, 7.92089485913e-06, 7.23350785847e-06, 2.77259323411e-06, 3.2198011013e-06, 7.5393932093e-06, 4.40108260591e-06, 2.85802730104e-06, 2.40053054767e-06, 2.10423513636e-06, 1.62140736393e-06, 1.12715815703e-06, 2.00955355467e-06, 1.49937193328e-06, 8.18206615349e-07, 1.10632834094e-06, 7.22776974271e-07, 1.34961737785e-06, 1.44492992149e-06, 1.30048260871e-06, 7.48915624627e-07, 5.32243802809e-07, 5.70217650875e-07, 7.95249889052e-07, 3.45528263779e-07, 3.74132469005e-07, 2.69928563057e-07, 1.95071365283e-07, 1.5664282671e-07, 1.29372949687e-07, 6.97828141938e-08, 4.93637379861e-08, 3.81769140745e-08, 2.88678769778e-08, 2.63931401179e-08, 2.13838706742e-08, 1.85013604437e-08, 8.26427193346e-09, 1.82645648605e-10, 1.59360927232e-10, 1.64274885361e-10, 1.60760765811e-10, 1.50355949913e-10, 1.376859321e-10, 1.26348431717e-10, 1.30169375279e-10, 1.23530935481e-10, 1.3235737506e-10, 1.25482471636e-10],
        "min": [3.27529904475e-23, 4.09084427449e-23, 2.54779132311e-23, 8.15459480565e-24, 3.64014816004e-24, 5.51498496411e-24, 5.46083597385e-24, 7.365764666e-24, 2.29068451471e-23, 5.74136477251e-24, 5.94143685858e-24, 1.45181834779e-23, 3.15086475665e-23, 2.78746903868e-23, 7.14577344764e-24, 8.40395137121e-24, 3.48957985679e-24, 5.5959832297e-24, 3.47282169015e-24, 7.97296668197e-24, 9.24256021169e-24, 2.17118364438e-24, 2.40678543398e-24, 2.60064524042e-24, 6.25278053635e-24, 5.30553213858e-24, 4.39089051746e-24, 3.21334127816e-24, 2.57431621885e-24, 3.5548569134e-24, 5.69694835367e-24, 7.31772145915e-24, 7.11311855047e-24, 6.23282748304e-24, 1.43123759786e-23, 7.77092599351e-24, 2.04663445869e-23, 1.6084002955e-23, 7.21087182726e-24, 7.45666431925e-24, 8.61871796379e-24, 1.10999403128e-23, 8.05255012553e-24, 1.13661406364e-23, 1.08931167607e-23, 1.1277487659e-23, 5.32817717972e-24, 4.26556773533e-24, 7.76624647062e-24, 7.29525470057e-24, 2.76400650098e-24, 1.34029439949e-23, 5.64228187066e-24, 5.26692844132e-24, 1.44297742585e-23, 1.61930440425e-23, 8.3807486054e-24, 4.52257901268e-24, 4.7160499107e-24, 1.48118858593e-23, 2.25610574356e-23, 2.43882659736e-23, 3.22552286826e-23, 1.71104419436e-23, 8.40013801759e-24, 7.20165635417e-24, 3.69835741738e-24, 6.79263197481e-24, 5.37498305824e-24, 4.1138263959e-24, 8.26048518268e-24, 1.29814713905e-23, 5.49627476116e-24, 5.2572242689e-24, 6.75794733853e-24, 2.49174464906e-23, 1.79276671315e-23, 1.42774231296e-23, 8.19220611589e-24, 1.33069995762e-23, 1.0986125828e-23, 7.61138597518e-24, 7.44519349283e-24, 1.5000903243e-23, 1.750128939e-23, 1.48210776665e-23, 1.02739911121e-23, 5.93762034952e-24, 1.22537614049e-23, 7.47050646156e-24, 1.04293982882e-23, 1.14816030516e-23, 1.19480683378e-23, 1.20078805605e-23, 1.00155831565e-23, 9.60897111381e-24, 1.42294461871e-23, 9.91509805441e-24, 8.07536871608e-24, 8.43592863686e-24, 1.74781994313e-23, 1.1647699293e-23, 1.66945465858e-23, 7.85083839207e-24, 9.79252721354e-24, 1.02332922003e-23, 1.01103711052e-23, 1.03164105296e-23, 7.6591309926e-24, 1.11502712163e-23, 6.14081040832e-24, 5.25184423752e-24, 7.8533035824e-24, 8.98196632254e-24, 9.55043842351e-24, 7.78882524745e-24, 1.19847377481e-23, 9.55977143688e-24, 1.23171377012e-23, 7.69928480154e-24, 4.62269571674e-24, 7.94158579516e-24, 1.11293522028e-23, 1.66220502686e-23, 1.19859210395e-23, 9.26103612296e-24, 1.2518268833e-23, 1.68455219413e-23],
        "stdev": [1.69276227098e-05, 5.71264099563e-05, 0.00013031582057, 0.0002470210311, 0.000343976018485, 0.00069187534973, 0.000684483966324, 0.000644490530249, 0.000795049825683, 0.00038801311166, 0.000388011016184, 0.000940670899581, 0.00075005175313, 0.000220902424189, 0.000211687030969, 0.000157101181685, 0.000251277553616, 0.00024310660956, 0.000142579665408, 0.000215968291741, 0.000402822799515, 0.000532586884219, 8.46524853841e-05, 6.41702717985e-05, 0.000192426858121, 0.000424279161962, 7.68935278757e-05, 0.000155149318743, 0.000338162266416, 0.000176278743311, 8.95432385732e-05, 0.000115013026516, 0.000246637617238, 0.000518080429174, 0.00056737678824, 0.000345888227457, 7.51513143769e-05, 9.21178143471e-05, 9.04081898625e-05, 0.000292143784463, 0.000613689480815, 5.37427258678e-05, 8.82538079168e-05, 0.000182361385669, 0.000202491806704, 8.85737899807e-05, 5.79009647481e-05, 4.09297317674e-05, 7.09174419171e-05, 4.77283829241e-05, 0.000208986806683, 0.00018135352002, 0.000165952471434, 0.000107352774648, 4.68229300168e-05, 3.78531476599e-05, 3.04447676172e-05, 4.50350053143e-05, 6.84022015776e-05, 0.000137525988976, 4.22702469223e-05, 1.84437176358e-05, 5.24636088812e-05, 4.93403640576e-05, 7.18813535059e-05, 4.54615510534e-05, 5.2841987781e-05, 1.20106788017e-05, 1.11849112727e-05, 1.79258022399e-05, 1.31393662741e-05, 3.37776800734e-05, 1.5476538465e-05, 2.10222751775e-05, 1.00968500192e-05, 1.23568242998e-05, 3.0797378713e-05, 9.79617652774e-06, 4.52100066468e-05, 1.50350060721e-05, 1.14911772471e-05, 1.35372765726e-05, 6.53871029499e-06, 5.67414144825e-06, 1.55924699357e-05, 8.84582914296e-06, 5.78913477511e-06, 5.71099963054e-06, 4.02568502977e-06, 3.0342177979e-06, 2.10699386116e-06, 3.57330827683e-06, 2.83433337245e-06, 1.39997712267e-06, 1.9993872229e-06, 1.33545813696e-06, 2.69263637165e-06, 3.15809552376e-06, 4.8155748118e-06, 1.66595941664e-06, 1.02068781871e-06, 1.30146690935e-06, 2.22819971896e-06, 9.85739461612e-07, 9.4250657412e-07, 8.94175514077e-07, 4.07276928627e-07, 3.63886357491e-07, 4.21763104441e-07, 1.64944850667e-07, 1.23616260339e-07, 1.2197457977e-07, 8.63335785084e-08, 8.12356759639e-08, 6.02299508046e-08, 5.46480620756e-08, 2.55094931845e-08, 6.37774777434e-10, 5.71235392322e-10, 6.33613161938e-10, 6.25013985012e-10, 5.47077272373e-10, 4.78907191681e-10, 4.24210083727e-10, 4.67983207741e-10, 4.46617298699e-10, 5.13072861974e-10, 4.46318981773e-10]
    },
    "mfcc": {
        "mean": [-680.389831543, 105.386894226, -22.0840816498, 11.4471101761, -3.91342735291, 5.96617174149, -7.10200357437, -2.28532195091, -6.4385972023, -1.56446921825, -4.57117319107, -3.23740887642, -4.12848043442],
        "cov": [[25373.9804688, -1741.69213867, -3010.8059082, 38.1860351562, -981.690795898, -137.043502808, 293.391204834, 457.062042236, 271.935241699, 29.3149528503, 442.505004883, 172.108642578, 256.383911133], [-1741.69213867, 1353.39648438, 120.043861389, -142.296707153, 50.1861190796, -31.7498264313, -238.610305786, -270.620880127, -202.0234375, -4.54121685028, -134.783676147, -74.4988479614, -78.1412124634], [-3010.8059082, 120.043861389, 633.124694824, 48.4273490906, 160.101150513, 31.9696712494, 6.32982110977, -48.1308631897, -16.3719100952, -11.5201730728, -35.9682693481, -20.8161296844, -41.6012039185], [38.1860351562, -142.296707153, 48.4273490906, 230.82421875, 32.4938926697, 47.8348655701, 85.7573776245, 106.563766479, 48.6857681274, 50.600566864, 45.9057502747, 38.3775253296, 14.2651929855], [-981.690795898, 50.1861190796, 160.101150513, 32.4938926697, 117.491210938, 38.242099762, 12.5602893829, 3.50981807709, 6.79903173447, 5.19893550873, -14.694521904, -11.4407300949, -9.80901241302], [-137.043502808, -31.7498264313, 31.9696712494, 47.8348655701, 38.242099762, 75.6748199463, 50.3031463623, 35.7706451416, 18.9805278778, 9.13528060913, 5.52659988403, 1.46476042271, 1.96492624283], [293.391204834, -238.610305786, 6.32982110977, 85.7573776245, 12.5602893829, 50.3031463623, 119.047683716, 105.671318054, 62.8546714783, 24.2443504333, 37.6669998169, 21.857213974, 16.0018424988], [457.062042236, -270.620880127, -48.1308631897, 106.563766479, 3.50981807709, 35.7706451416, 105.671318054, 162.321258545, 90.8966522217, 35.2713317871, 47.6945152283, 27.9741191864, 20.6734542847], [271.935241699, -202.0234375, -16.3719100952, 48.6857681274, 6.79903173447, 18.9805278778, 62.8546714783, 90.8966522217, 98.2401580811, 31.7465019226, 30.7438278198, 13.5044841766, 11.3037147522], [29.3149528503, -4.54121685028, -11.5201730728, 50.600566864, 5.19893550873, 9.13528060913, 24.2443504333, 35.2713317871, 31.7465019226, 75.228263855, 37.6841773987, 22.1761932373, 2.04819822311], [442.505004883, -134.783676147, -35.9682693481, 45.9057502747, -14.694521904, 5.52659988403, 37.6669998169, 47.6945152283, 30.7438278198, 37.6841773987, 76.3787612915, 36.6001625061, 15.1983776093], [172.108642578, -74.4988479614, -20.8161296844, 38.3775253296, -11.4407300949, 1.46476042271, 21.857213974, 27.9741191864, 13.5044841766, 22.1761932373, 36.6001625061, 55.2921485901, 17.9009284973], [256.383911133, -78.1412124634, -41.6012039185, 14.2651929855, -9.80901241302, 1.96492624283, 16.0018424988, 20.6734542847, 11.3037147522, 2.04819822311, 15.1983776093, 17.9009284973, 49.2918510437]],
        "icov": [[0.000121758741443, 1.08585818452e-05, 0.000511290563736, -0.000154803317855, 0.000315672717988, 0.000100631928944, -0.000372857844923, 0.000290882482659, -0.000218438493903, 0.000360192265362, -0.000502594804857, 0.000232312901062, 2.37994972849e-05], [1.08585818452e-05, 0.00179964234121, -2.21228265218e-06, -5.54107373318e-06, -0.000203789182706, -0.0013502020156, 0.00260500097647, 0.000204858341021, 0.00222550262697, -0.00262810755521, 0.00187621556688, 0.000262855290202, 0.000802750524599], [0.000511290563736, -2.21228265218e-06, 0.00500515056774, -0.00151065271348, -0.00255120568909, 0.00189366179984, -0.0035310855601, 0.003546791384, -0.00148063525558, 0.00243302294984, -0.0019952126313, 0.000503317045514, 0.00174494844396], [-0.000154803317855, -5.54107373318e-06, -0.00151065271348, 0.00834774132818, -0.000943658698816, -0.00196184543893, -0.000361998303561, -0.00544557720423, 0.0031439405866, -0.00362757756375, 0.000601398816798, -0.00272519723512, -0.000368537817849], [0.000315672717988, -0.000203789182706, -0.00255120568909, -0.000943658698816, 0.0175038538873, -0.00727902678773, 0.0022685287986, -0.000897770514712, -0.00184903596528, -0.000785386248026, 0.000671127345413, 0.00248251808807, -0.00108337716665], [0.000100631928944, -0.0013502020156, 0.00189366179984, -0.00196184543893, -0.00727902678773, 0.024984434247, -0.0144675532356, 0.00299581512809, -0.000371229107259, 0.00218117819168, -0.000501107948367, 0.00149099796545, 0.000105361810711], [-0.000372857844923, 0.00260500097647, -0.0035310855601, -0.000361998303561, 0.0022685287986, -0.0144675532356, 0.0331853926182, -0.0138045875356, 0.00117289065383, -0.00319475540891, 0.000763209769502, -0.000943501130678, -0.000790485995822], [0.000290882482659, 0.000204858341021, 0.003546791384, -0.00544557720423, -0.000897770514712, 0.00299581512809, -0.0138045875356, 0.0260084513575, -0.0130074927583, 0.00271020131186, -0.00241298531182, 0.000134288304253, 0.000221868845983], [-0.000218438493903, 0.00222550262697, -0.00148063525558, 0.0031439405866, -0.00184903596528, -0.000371229107259, 0.00117289065383, -0.0130074927583, 0.0270350184292, -0.00962266232818, 0.00264789466746, 0.0022546951659, -0.000208874014788], [0.000360192265362, -0.00262810755521, 0.00243302294984, -0.00362757756375, -0.000785386248026, 0.00218117819168, -0.00319475540891, 0.00271020131186, -0.00962266232818, 0.0261733345687, -0.0121899377555, -0.00243941019289, 0.00248429388739], [-0.000502594804857, 0.00187621556688, -0.0019952126313, 0.000601398816798, 0.000671127345413, -0.000501107948367, 0.000763209769502, -0.00241298531182, 0.00264789466746, -0.0121899377555, 0.0297809895128, -0.011304426007, -0.000529544719029], [0.000232312901062, 0.000262855290202, 0.000503317045514, -0.00272519723512, 0.00248251808807, 0.00149099796545, -0.000943501130678, 0.000134288304253, 0.0022546951659, -0.00243941019289, -0.011304426007, 0.0307510308921, -0.00699137058109], [2.37994972849e-05, 0.000802750524599, 0.00174494844396, -0.000368537817849, -0.00108337716665, 0.000105361810711, -0.000790485995822, 0.000221868845983, -0.000208874014788, 0.00248429388739, -0.000529544719029, -0.00699137058109, 0.0256061963737]]
    },
    "spectral_contrast_coeffs": {
        "max": [-0.472725600004, -0.6075938344, -0.564931213856, -0.628731191158, -0.636920213699, -0.615372002125],
        "mean": [-0.694891154766, -0.780728161335, -0.763441383839, -0.76538926363, -0.782776296139, -0.752250909805],
        "min": [-0.972141742706, -0.981938779354, -0.9665132761, -0.964515149593, -0.963267982006, -0.958232104778],
        "stdev": [0.0828667581081, 0.0646118074656, 0.0724132508039, 0.0636687204242, 0.0641342923045, 0.0621594488621]
    },
    "spectral_contrast_valleys": {
        "max": [-6.04495811462, -5.3127412796, -5.93494224548, -5.94744300842, -6.10300731659, -8.38560771942],
        "mean": [-7.79251861572, -7.1707611084, -7.72596311569, -7.76588773727, -7.95555305481, -10.6826820374],
        "min": [-26.9185657501, -26.6730384827, -27.1288986206, -27.1475982666, -27.1429462433, -27.2836265564],
        "stdev": [1.52875208855, 1.61149275303, 1.71210694313, 1.76942121983, 1.78600239754, 1.52737462521]
    }
},
"rhythm": {
    "beats_count": 27,
    "beats_loudness": {
        "max": 0.0516883768141,
        "mean": 0.0210203547031,
        "min": 7.94519019109e-06,
        "stdev": 0.0143948197365
    },
    "bpm": 136.681045532,
    "bpm_histogram_first_peak_bpm": 136,
    "bpm_histogram_first_peak_weight": 0.52941173315,
    "bpm_histogram_second_peak_bpm": 126,
    "bpm_histogram_second_peak_spread": 0.33333337307,
    "bpm_histogram_second_peak_weight": 0.230769231915,
    "danceability": 0.807586431503,
    "onset_rate": 2.35121417046,
    "beats_loudness_band_ratio": {
        "max": [0.533519566059, 0.759085953236, 0.419360011816, 0.515833437443, 0.434542685747, 0.236971005797],
        "mean": [0.216817632318, 0.2191747576, 0.188387408853, 0.194058716297, 0.150342062116, 0.0934299901128],
        "min": [0.0228002313524, 0.0109072076157, 0.0546018965542, 0.0324673056602, 0.0160638671368, 0.00293557904661],
        "stdev": [0.161955967546, 0.190056994557, 0.0965038537979, 0.100472427905, 0.0904126539826, 0.0581858456135]
    },
    "beats_position": [0.476009070873, 0.952018141747, 1.42802715302, 1.90403628349, 2.38004541397, 2.85605430603, 3.33206343651, 3.79646253586, 4.2492518425, 4.71365070343, 5.17804956436, 5.630838871, 6.07201814651, 6.51319694519, 6.96598625183, 7.40716552734, 7.83673477173, 8.26630401611, 8.6958732605, 9.12544155121, 9.56662082672, 9.99619007111, 10.4257593155, 10.866938591, 11.3081178665, 11.749297142, 12.1904764175],
