{
"metadata": {
    "version": {
        "essentia": "2.1-beta5",
        "essentia_git_sha": "Undefined",
        "extractor": "music 2.0"
    },
    "audio_properties": {
        "analysis": {
            "equal_loudness": 0,
            "length": 12.7477550507,
            "sample_rate": 44100,
            "start_time": 0,
            "downmix": "mix"
        },
        "bit_rate": 192000,
        "length": 175.984039307,
        "lossless": 0,
        "number_channels": 2,
        "replay_gain": 0.66269493103,
        "sample_rate": 44100,
        "codec": "mp3",
        "md5_encoded": "4fc615b76416d3fac330d18f786f571b"
    },
    "tags": {
        "file_name": "Austria_Mrs. Caroline Robinson_Springtime.mp3",
        "encoding": ["Lavf58.29.100"]
    }
},
"lowlevel": {
    "average_loudness": 0.214112713933,
    "barkbands_crest": {
        "max": 21.2967510223,
        "mean": 6.86755371094,
        "min": 3.09677004814,
        "stdev": 1.88269066811
    },
    "barkbands_flatness_db": {
        "max": 0.323210328817,
        "mean": 0.133912324905,
        "min": 0.0187711492181,
        "stdev": 0.0676956772804
    },
    "barkbands_kurtosis": {
        "max": 6.38596343994,
        "mean": 1.89803135395,
        "min": -1.85084164143,
        "stdev": 1.99119842052
    },
    "barkbands_skewness": {
        "max": 2.5092382431,
        "mean": -1.07803142071,
        "min": -2.19225811958,
        "stdev": 1.00027167797
    },
    "barkbands_spread": {
        "max": 60.3988265991,
        "mean": 21.1039676666,
        "min": 2.91515040398,
        "stdev": 7.85292482376
    },
    "dissonance": {
        "max": 0.499999791384,
        "mean": 0.489128023386,
        "min": 0.345270574093,
        "stdev": 0.0137431956828
    },
    "dynamic_complexity": 5.78450393677,
    "erbbands_crest": {
        "max": 19.1957473755,
        "mean": 6.30197429657,
        "min": 2.71226668358,
        "stdev": 3.59212231636
    },
    "erbbands_flatness_db": {
        "max": 0.402028679848,
        "mean": 0.19414781034,
        "min": 0.0766524448991,
        "stdev": 0.101096495986
    },
    "erbbands_kurtosis": {
        "max": 7.81290435791,
        "mean": 0.781852424145,
        "min": -1.53949487209,
        "stdev": 1.55433571339
    },
    "erbbands_skewness": {
        "max": 1.21878600121,
        "mean": -0.681047141552,
        "min": -2.5852162838,
        "stdev": 0.514611363411
    },
    "erbbands_spread": {
        "max": 44.6620750427,
        "mean": 25.7888069153,
        "min": 3.50489354134,
        "stdev": 12.3894004822
    },
    "hfc": {
        "max": 124.337608337,
        "mean": 9.62778091431,
        "min": 1.05650545242e-16,
        "stdev": 18.9132728577
    },
    "loudness_ebu128": {
        "integrated": -24.6540470123,
        "loudness_range": 10.1180438995,
        "momentary": {
            "max": -21.4809379578,
            "mean": -161.710784912,
            "min": -300.691009521,
            "stdev": 135.981658936
        },
        "short_term": {
            "max": -24.0135440826,
            "mean": -126.739707947,
            "min": -300.691009521,
            "stdev": 129.184432983
        }
    },
    "melbands_crest": {
        "max": 27.2725353241,
        "mean": 5.4176197052,
        "min": 1.49436676502,
        "stdev": 3.9706094265
    },
    "melbands_flatness_db": {
        "max": 0.386081665754,
        "mean": 0.124051608145,
        "min": 0.00317563978024,
        "stdev": 0.125682905316
    },
    "melbands_kurtosis": {
        "max": 15.3024864197,
        "mean": -0.347492963076,
        "min": -1.73810267448,
        "stdev": 1.62432360649
    },
    "melbands_skewness": {
        "max": 3.81956768036,
        "mean": 0.151619449258,
        "min": -1.59329748154,
        "stdev": 0.749556064606
    },
    "melbands_spread": {
        "max": 163.337295532,
        "mean": 81.9572067261,
        "min": 6.89132976532,
        "stdev": 51.8270683289
    },
    "pitch_salience": {
        "max": 0.897097706795,
        "mean": 0.77729511261,
        "min": 0.444286674261,
        "stdev": 0.0522821098566
    },
    "silence_rate_20dB": {
        "max": 1,
        "mean": 1,
        "min": 1,
        "stdev": 0
    },
    "silence_rate_30dB": {
        "max": 1,
        "mean": 0.990909099579,
        "min": 0,
        "stdev": 0.094911634922
    },
    "silence_rate_60dB": {
        "max": 1,
        "mean": 0.60363638401,
        "min": 0,
        "stdev": 0.489142745733
    },
    "spectral_centroid": {
        "max": 11828.2353516,
        "mean": 6282.69140625,
        "min": 491.039489746,
        "stdev": 4792.06640625
    },
    "spectral_complexity": {
        "max": 38,
        "mean": 10.1999998093,
        "min": 0,
        "stdev": 12.3207073212
    },
    "spectral_decrease": {
        "max": 1.04843508959e-18,
        "mean": -2.43656783638e-09,
        "min": -4.36413749583e-08,
        "stdev": 5.29334442945e-09
    },
    "spectral_energy": {
        "max": 0.175990223885,
        "mean": 0.0100694140419,
        "min": 9.87224228328e-21,
        "stdev": 0.0216385759413
    },
    "spectral_energyband_high": {
        "max": 7.21506949048e-05,
        "mean": 5.72700673729e-06,
        "min": 6.7694122769e-21,
        "stdev": 1.00562228909e-05
    },
    "spectral_energyband_low": {
        "max": 0.00427764933556,
        "mean": 0.000390013126889,
        "min": 1.21772403194e-23,
        "stdev": 0.000780622067396
    },
    "spectral_energyband_middle_high": {
        "max": 0.0600647516549,
        "mean": 0.00474816281348,
        "min": 1.14198089579e-21,
        "stdev": 0.00933442544192
    },
    "spectral_energyband_middle_low": {
        "max": 0.128322705626,
        "mean": 0.00520816911012,
        "min": 1.22235549742e-22,
        "stdev": 0.0132150128484
    },
    "spectral_entropy": {
        "max": 9.82299900055,
        "mean": 8.52878665924,
        "min": 6.13605308533,
        "stdev": 1.3063365221
    },
    "spectral_flux": {
        "max": 0.283738285303,
        "mean": 0.039685126394,
        "min": 6.22998735933e-11,
        "stdev": 0.0546516217291
    },
    "spectral_kurtosis": {
        "max": 73.0071334839,
        "mean": 8.66565799713,
        "min": -1.27498483658,
        "stdev": 12.914355278
    },
    "spectral_rms": {
        "max": 0.0131033500656,
        "mean": 0.00181074021384,
        "min": 3.10345867928e-12,
        "stdev": 0.00255832727998
    },
    "spectral_rolloff": {
        "max": 20047.4121094,
        "mean": 10455.9785156,
        "min": 344.53125,
        "stdev": 8433.40136719
    },
    "spectral_skewness": {
        "max": 6.16230821609,
        "mean": 1.11061954498,
        "min": -0.105847194791,
        "stdev": 1.28265464306
    },
    "spectral_spread": {
        "max": 42833064,
        "mean": 21266406,
        "min": 914378,
        "stdev": 19514466
    },
    "spectral_strongpeak": {
        "max": 7.63253164291,
        "mean": 0.511590600014,
        "min": 0,
        "stdev": 0.976182281971
    },
    "zerocrossingrate": {
        "max": 0.5302734375,
        "mean": 0.282767236233,
        "min": 0.02294921875,
        "stdev": 0.221001133323
    },
    "barkbands": {
        "max": [0.000148255174281, 0.000670016393997, 0.00167336233426, 0.0118580786511, 0.0151499817148, 0.0226856842637, 0.0292439721525, 0.047321870923, 0.0981699004769, 0.0177457667887, 0.0343802459538, 0.0218065138906, 0.0140125425532, 0.0330747999251, 0.0229775905609, 0.0108890058473, 0.00392225338146, 0.00396979181096, 0.00098553718999, 0.000149708430399, 3.10284558509e-05, 3.05913749798e-06, 1.05212791368e-06, 2.58639488493e-07, 2.6380260465e-07, 3.35311881372e-07, 2.63268702838e-07],
        "mean": [9.79878950602e-06, 4.32263404946e-05, 0.000103671642137, 0.00059113802854, 0.000908548536245, 0.000733750173822, 0.00072314159479, 0.000770312559325, 0.00136936176568, 0.000470399740152, 0.000772519735619, 0.000515705440193, 0.000586447131354, 0.000778638990596, 0.000732133048587, 0.000665835803375, 0.000182503048563, 7.21278629499e-05, 2.97599854093e-05, 7.97362008598e-06, 1.72768875473e-06, 4.57576760482e-07, 1.41641919527e-07, 2.58916337259e-08, 2.31713013221e-08, 7.38814875945e-08, 9.68711111327e-10],
        "min": [1.32308644655e-26, 1.94472928862e-24, 5.40229302835e-25, 2.9530697373e-25, 6.57048637732e-24, 1.70316824653e-24, 5.09983981299e-24, 3.85979937936e-24, 1.38957185812e-23, 6.33323606564e-24, 9.21044016222e-24, 1.97783632142e-23, 2.19347728743e-23, 2.98269854431e-23, 3.94603276258e-23, 5.32419832309e-23, 5.67198437701e-23, 7.99900918926e-23, 1.24508504135e-22, 1.18186333027e-22, 1.86666086031e-22, 2.70649164634e-22, 3.83035842773e-22, 5.49590582669e-22, 8.34739591343e-22, 1.29807852077e-21, 1.8878396173e-21],
        "stdev": [1.88340200111e-05, 9.13248586585e-05, 0.000246884505032, 0.00140624423511, 0.00210127490573, 0.00238438136876, 0.0024524081964, 0.00326759321615, 0.0073438026011, 0.00178841897286, 0.00360377063043, 0.0018874242669, 0.00153123913333, 0.00237981975079, 0.00200776406564, 0.00148224143777, 0.00038629482151, 0.000214040614082, 8.12530633993e-05, 1.55892466864e-05, 3.21974448525e-06, 5.87012436881e-07, 1.86865221963e-07, 3.29869109805e-08, 2.95037896336e-08, 8.99189416259e-08, 1.12574083388e-08]
    },
    "erbbands": {
        "max": [0.0186016261578, 0.170357435942, 1.0429019928, 17.6044616699, 61.808883667, 52.5738143921, 72.1324462891, 191.367370605, 239.245361328, 446.498413086, 1301.01074219, 1956.3828125, 800.799499512, 1535.9029541, 1449.79541016, 709.025268555, 654.826660156, 966.565002441, 1299.33520508, 744.883422852, 403.632751465, 196.18977356, 122.032951355, 171.152557373, 32.1907348633, 6.96558666229, 2.41383218765, 0.472652643919, 0.121705248952, 0.0789570510387, 0.0195096768439, 0.00537370750681, 0.00451097777113, 0.00300019234419, 0.00199300586246, 0.00168668630067, 0.000518394052051, 0.000174471380888, 8.8849425083e-05, 0.000202963055926],
        "mean": [0.00104743277188, 0.011616723612, 0.095974586904, 1.07384240627, 2.47896313667, 3.27274298668, 3.63334059715, 7.20469236374, 10.6438684464, 10.355260849, 21.8583374023, 30.5721416473, 18.0296096802, 23.8938941956, 28.6103191376, 20.889755249, 25.7952594757, 36.4876937866, 42.7782707214, 38.5531845093, 28.4092903137, 10.3616733551, 4.55874109268, 2.27205467224, 1.12934207916, 0.39024195075, 0.137931317091, 0.0388625301421, 0.0173061843961, 0.0118784112856, 0.00262704445049, 0.00063994404627, 0.000443473312771, 0.00028825624031, 0.000212608778384, 0.000373238930479, 0.000103476064396, 1.41918599184e-05, 5.84746476306e-06, 1.20600907394e-05],
        "min": [6.01321909888e-23, 5.79148557077e-22, 1.21472290844e-21, 3.13712185304e-21, 1.1037956255e-20, 1.62572930524e-20, 4.81027562808e-20, 2.00959555475e-20, 6.80397542102e-20, 1.84486518533e-19, 9.9218000955e-20, 2.64849868003e-19, 3.95265748317e-19, 5.68478169917e-19, 7.05415231988e-19, 1.06267272909e-18, 1.3127023381e-18, 1.70671121133e-18, 2.34728153205e-18, 2.45577392081e-18, 3.91495319498e-18, 3.62994894211e-18, 4.93694766309e-18, 5.84011846339e-18, 7.83648992047e-18, 6.97885169058e-18, 8.47794863317e-18, 6.11637734924e-18, 8.92657748301e-18, 1.05215049539e-17, 9.1271497564e-18, 9.83494587268e-18, 8.12009044784e-18, 7.90880122243e-18, 6.34786053494e-18, 4.1736394559e-18, 2.23399294331e-18, 9.39132477427e-19, 2.24799979941e-19, 2.56627453607e-20],
        "stdev": [0.00201255828142, 0.0249609537423, 0.190310016274, 2.31852078438, 6.09361362457, 8.01850605011, 9.24189376831, 23.5069293976, 33.514251709, 37.0177078247, 96.8962554932, 159.490234375, 77.769493103, 118.860710144, 128.917953491, 63.5277328491, 65.1197509766, 92.3550262451, 126.597259521, 89.413734436, 59.0487518311, 20.076789856, 10.1032171249, 8.50826263428, 2.8468208313, 0.759827852249, 0.269181877375, 0.0603342577815, 0.0222945548594, 0.0154870813712, 0.00341566000134, 0.000812408630736, 0.000563753652386, 0.000367496802937, 0.00026849200367, 0.00045858361409, 0.000127024934045, 1.88486756088e-05, 1.17206545838e-05, 2.54770966421e-05]
    },
    "gfcc": {
        "mean": [-698.587036133, 76.6896133423, -91.1550598145, -4.36809682846, -5.5842833519, -6.68955850601, -17.2564353943, -4.7487988472, -10.0125150681, -1.61200273037, -12.1361408234, -2.23598241806, -6.29697132111],
        "cov": [[335845.59375, 46047.9609375, -53582.1992188, -2900.28417969, -3249.62207031, -4291.77294922, -10107.1474609, -2990.87939453, -5847.39257812, -1026.91247559, -7045.12695312, -1414.46643066, -3666.38720703], [46047.9609375, 6698.39501953, -7110.13134766, -514.602416992, -511.85723877, -735.483825684, -1464.4473877, -507.700775146, -789.249145508, -202.236343384, -978.016418457, -236.437271118, -499.49822998], [-53582.1992188, -7110.13134766, 8791.06933594, 413.276824951, 461.925201416, 587.026428223, 1542.19543457, 393.610748291, 934.556213379, 125.063552856, 1114.16271973, 204.614654541, 595.880249023], [-2900.28417969, -514.602416992, 413.276824951, 209.276306152, 101.407722473, 85.9089584351, 49.8494148254, 25.7976856232, 29.7133827209, 58.0214996338, 58.5205993652, 41.185333252, 36.957775116], [-3249.62207031, -511.85723877, 461.925201416, 101.407722473, 113.458602905, 74.921333313, 83.1196289062, 24.9066524506, 59.1168174744, 38.5853843689, 78.5740509033, 22.7353820801, 39.8808364868], [-4291.77294922, -735.483825684, 587.026428223, 85.9089584351, 74.921333313, 186.805557251, 202.788375854, 105.217193604, 63.9188156128, 25.7620944977, 75.9122314453, 46.9121856689, 33.1383934021], [-10107.1474609, -1464.4473877, 1542.19543457, 49.8494148254, 83.1196289062, 202.788375854, 442.20880127, 173.933364868, 168.597869873, 6.48865842819, 210.437606812, 49.7156829834, 97.9466323853], [-2990.87939453, -507.700775146, 393.610748291, 25.7976856232, 24.9066524506, 105.217193604, 173.933364868, 113.541595459, 55.4230613708, 1.46964657307, 54.5283203125, 26.8309574127, 16.5335235596], [-5847.39257812, -789.249145508, 934.556213379, 29.7133827209, 59.1168174744, 63.9188156128, 168.597869873, 55.4230613708, 132.139099121, 32.2196540833, 128.972869873, 20.0119895935, 64.6364822388], [-1026.91247559, -202.236343384, 125.063552856, 58.0214996338, 38.5853843689, 25.7620944977, 6.48865842819, 1.46964657307, 32.2196540833, 63.3235435486, 41.8032188416, 14.2285661697, 15.643784523], [-7045.12695312, -978.016418457, 1114.16271973, 58.5205993652, 78.5740509033, 75.9122314453, 210.437606812, 54.5283203125, 128.972869873, 41.8032188416, 182.076889038, 37.522983551, 82.4635162354], [-1414.46643066, -236.437271118, 204.614654541, 41.185333252, 22.7353820801, 46.9121856689, 49.7156829834, 26.8309574127, 20.0119895935, 14.2285661697, 37.522983551, 37.7285766602, 22.3120288849], [-3666.38720703, -499.49822998, 595.880249023, 36.957775116, 39.8808364868, 33.1383934021, 97.9466323853, 16.5335235596, 64.6364822388, 15.643784523, 82.4635162354, 22.3120288849, 65.2279891968]],
        "icov": [[0.000890789669938, -0.00246443692595, 0.00340861431323, -0.00109949696343, 0.00199387967587, -0.00116080068983, 0.000465917313704, 0.00101598910987, -5.62666718906e-06, 0.000376642885385, -0.000315042590955, 0.000119339230878, -0.000631448405329], [-0.00246443692595, 0.0115501675755, -0.00695710908622, 0.00404605222866, -0.00431419769302, 0.00857656728476, -0.00357622816227, 0.00670615490526, -0.00383483478799, 0.00232403189875, 0.00812679342926, -0.00671233981848, 0.00840341299772], [0.00340861431323, -0.00695710908622, 0.0172575321048, -0.00990962516516, 0.0144713269547, -0.00573703134432, -0.00222366536036, 0.0169717501849, -0.015536938794, 0.0133983613923, -0.00593032781035, 0.000413571251556, -0.00107781216502], [-0.00109949696343, 0.00404605222866, -0.00990962516516, 0.0269950199872, -0.0243117511272, 0.0102029051632, 0.00644742371514, -0.0197623018175, 0.0337213352323, -0.0277067776769, 0.0203769356012, -0.0124519951642, 0.00115098326933], [0.00199387967587, -0.00431419769302, 0.0144713269547, -0.0243117511272, 0.0447429902852, -0.0226994287223, 0.00249989936128, 0.0227225292474, -0.0332227274776, 0.0275119654834, -0.0295819994062, 0.018606076017, -0.007369059138], [-0.00116080068983, 0.00857656728476, -0.00573703134432, 0.0102029051632, -0.0226994287223, 0.0441713258624, -0.0206814669073, 0.000769247359131, 0.011863569729, -0.0226571988314, 0.0425761044025, -0.0374476350844, 0.0220180340111], [0.000465917313704, -0.00357622816227, -0.00222366536036, 0.00644742371514, 0.00249989936128, -0.0206814669073, 0.0398586802185, -0.039866797626, 0.0205593183637, 0.00556298904121, -0.0285141635686, 0.0275222267956, -0.0203772895038], [0.00101598910987, 0.00670615490526, 0.0169717501849, -0.0197623018175, 0.0227225292474, 0.000769247359131, -0.039866797626, 0.0919415280223, -0.0618310570717, 0.0310384109616, 0.0141265103593, -0.0305025037378, 0.0332926474512], [-5.62666718906e-06, -0.00383483478799, -0.015536938794, 0.0337213352323, -0.0332227274776, 0.011863569729, 0.0205593183637, -0.0618310570717, 0.103258468211, -0.0568325296044, 0.0127088027075, 0.00850946363062, -0.0154369026423], [0.000376642885385, 0.00232403189875, 0.0133983613923, -0.0277067776769, 0.0275119654834, -0.0226571988314, 0.00556298904121, 0.0310384109616, -0.0568325296044, 0.0740506350994, -0.0437281057239, 0.0143636520952, -0.000337023433531], [-0.000315042590955, 0.00812679342926, -0.00593032781035, 0.0203769356012, -0.0295819994062, 0.0425761044025, -0.0285141635686, 0.0141265103593, 0.0127088027075, -0.0437281057239, 0.0925277322531, -0.0539662651718, 0.0222242232412], [0.000119339230878, -0.00671233981848, 0.000413571251556, -0.0124519951642, 0.018606076017, -0.0374476350844, 0.0275222267956, -0.0305025037378, 0.00850946363062, 0.0143636520952, -0.0539662651718, 0.0893756374717, -0.0415863357484], [-0.000631448405329, 0.00840341299772, -0.00107781216502, 0.00115098326933, -0.007369059138, 0.0220180340111, -0.0203772895038, 0.0332926474512, -0.0154369026423, -0.000337023433531, 0.0222242232412, -0.0415863357484, 0.0703685060143]]
    },
    "melbands": {
        "max": [0.000163325137692, 0.000500600261148, 0.00402292981744, 0.00285976286978, 0.00230196677148, 0.00449077086523, 0.00431057671085, 0.00431890133768, 0.0126098571345, 0.0110385129228, 0.00388171034865, 0.00587240885943, 0.00443794997409, 0.00294156558812, 0.00134544819593, 0.00157908222172, 0.00222731288522, 0.00273236306384, 0.00175954902079, 0.00101467221975, 0.000467611971544, 0.000235193205299, 0.000112556313979, 0.000215941603528, 0.000135156398755, 3.83185833925e-05, 8.43264206196e-06, 3.79670996153e-06, 2.05435367207e-06, 5.8465445818e-07, 1.59941080824e-07, 6.88855763542e-08, 6.12005379708e-08, 3.88436411924e-08, 1.33487034759e-08, 3.65762953258e-09, 3.04241964955e-09, 3.23549942394e-09, 2.81078404996e-09, 2.40985920108e-09],
        "mean": [1.12005482151e-05, 4.73048057756e-05, 0.00023487166618, 0.000200188558665, 0.000138045550557, 0.000160786468768, 0.000159967705258, 0.000125257225591, 0.00019485282246, 0.000189330661669, 8.58114872244e-05, 9.1070018243e-05, 9.95893788058e-05, 6.49194189464e-05, 5.06290198246e-05, 6.06557186984e-05, 6.88898944645e-05, 7.10512758815e-05, 5.33366219315e-05, 5.39714528713e-05, 2.74601952697e-05, 1.12067482405e-05, 5.58040937904e-06, 3.08720882458e-06, 1.69362647284e-06, 1.05391279703e-06, 4.44357482365e-07, 2.14650057728e-07, 1.0165768316e-07, 3.68757113733e-08, 1.63239679551e-08, 9.35613364561e-09, 8.4761335728e-09, 5.65968338861e-09, 1.58354696023e-09, 4.39098202243e-10, 3.25844101701e-10, 2.96064173178e-10, 2.85419937684e-10, 2.12755937867e-10],
        "min": [9.02765122972e-25, 9.06605988111e-25, 8.1502732284e-25, 1.14416780124e-24, 1.72410067065e-24, 3.2853059031e-25, 9.63493903431e-25, 1.84283528094e-24, 7.46652015019e-25, 1.94539627051e-24, 1.44995346089e-24, 1.75086218521e-24, 1.38572736422e-24, 2.21888172458e-24, 1.63460163994e-24, 1.80411542391e-24, 2.5683394142e-24, 2.16743754115e-24, 2.86069047681e-24, 3.35667533249e-24, 3.2560673653e-24, 3.21608059766e-24, 2.83376882349e-24, 4.47591789013e-24, 3.58915027467e-24, 4.50412282294e-24, 4.20520173228e-24, 3.53221266112e-24, 4.37901224438e-24, 4.38911755258e-24, 3.07739628672e-24, 4.4661604696e-24, 4.14828186809e-24, 4.9747923433e-24, 4.76465044778e-24, 5.82649548596e-24, 5.21915423604e-24, 5.10719199662e-24, 5.9921089444e-24, 5.6673826358e-24],
        "stdev": [2.17497490667e-05, 9.18598598219e-05, 0.000517337175552, 0.000448587932624, 0.000344280881109, 0.000520925503224, 0.000503341318108, 0.0004609253956, 0.000923789630178, 0.000972497393377, 0.000372849637643, 0.000450180552434, 0.000445615965873, 0.000262649991782, 0.000133149616886, 0.000156096910359, 0.000189141894225, 0.000230494842981, 0.000140666161315, 0.000128874598886, 5.63962748856e-05, 2.35463194258e-05, 1.16493729365e-05, 1.07528294393e-05, 6.73038812238e-06, 2.97603446597e-06, 9.19361525575e-07, 4.32960433727e-07, 2.11552375617e-07, 6.86045282805e-08, 2.41335698092e-08, 1.23071561831e-08, 1.11117159918e-08, 7.53617257487e-09, 2.14048490044e-09, 5.75501979405e-10, 4.24654394982e-10, 3.88312854094e-10, 3.65044217077e-10, 2.79862161223e-10]
    },
    "melbands128": {
        "max": [6.26003311481e-05, 0.000160098832566, 0.000267805648036, 0.000375732925022, 0.000460069888504, 0.0011344862869, 0.00277084275149, 0.00722258305177, 0.00803957413882, 0.00363442674279, 0.00418056780472, 0.00443401280791, 0.00220565171912, 0.00532565731555, 0.00624712556601, 0.00918550789356, 0.00591358263046, 0.00495154596865, 0.0120002953336, 0.00416924338788, 0.00896151736379, 0.0149315837771, 0.0130943907425, 0.0354110896587, 0.0128355333582, 0.0130032617599, 0.00779027026147, 0.00294556980953, 0.0033799179364, 0.00265003414825, 0.0125736966729, 0.00964947603643, 0.00618184823543, 0.00889928173274, 0.00573884835467, 0.00336217414588, 0.00200710794888, 0.00163008901291, 0.00208409153856, 0.00229129614308, 0.00199762126431, 0.00198408938013, 0.00251830252819, 0.00348958885297, 0.00552487466484, 0.00338151445612, 0.00274445791729, 0.0022185142152, 0.0011409871513, 0.00106280390173, 0.00141500751488, 0.00122909783386, 0.000594874611124, 0.000565649359487, 0.000614850781858, 0.000176007801201, 0.000221471709665, 0.000128035375383, 0.000144666788401, 9.65542130871e-05, 0.000192226536456, 0.000436928530689, 0.000168000522535, 4.94527048431e-05, 7.19981981092e-05, 4.28480379924e-05, 2.68079620582e-05, 1.25137703435e-05, 8.82087351783e-06, 6.46788339509e-06, 4.47887487098e-06, 4.59206466985e-06, 2.26419729188e-06, 3.34736205332e-06, 9.39292476687e-07, 7.52417008698e-07, 6.03226226303e-07, 2.84659279259e-07, 1.69849400322e-07, 1.22029916838e-07, 7.82383864362e-08, 7.12616170517e-08, 7.48604378487e-08, 6.51363762927e-08, 1.00696183836e-07, 5.77834562421e-08, 3.64328869296e-08, 1.80862862464e-08, 1.90543758549e-08, 5.74442760026e-09, 3.84857479219e-09, 3.64204111314e-09, 3.35747474267e-09, 2.78394485242e-09, 2.98607072402e-09, 3.33413585629e-09, 3.35630745418e-09, 3.12942050051e-09, 2.73818523411e-09, 2.62162469511e-09, 2.72803934998e-09, 2.21849982829e-09, 2.32987784621e-09, 2.22308482734e-09, 1.96326066515e-09, 2.01052441362e-09, 2.98527469411e-09, 7.63012497629e-09, 4.23637303015e-09, 3.45441120153e-09, 2.30477814611e-09, 2.27410068554e-09, 1.84466664166e-09, 1.81008519284e-09, 1.77941772428e-09, 1.63950397702e-09, 1.32181365853e-09, 1.2309844255e-09, 1.1959321311e-09, 1.1490803864e-09, 1.13450182582e-09, 1.11092812727e-09, 1.07223840917e-09, 1.05369324377e-09, 1.05031217057e-09, 1.04935893308e-09, 1.04337538609e-09, 1.03609476554e-09],
        "mean": [6.00040993959e-06, 7.52512551117e-06, 1.27709308799e-05, 1.9278644686e-05, 2.490978477e-05, 6.2270766648e-05, 0.000194997497601, 0.000329360220348, 0.000248344585998, 0.000170073020854, 0.000192660358152, 0.000162249722052, 0.000103672908153, 0.000130997475935, 0.000166620826349, 0.000168630518601, 0.000185999335372, 0.000157933085575, 0.000139791416586, 7.73500942159e-05, 0.000143902390846, 0.000193537285668, 0.000166168043506, 0.000253593927482, 0.000209671430639, 0.000176164321601, 0.000122514233226, 6.10268798482e-05, 7.33436827431e-05, 6.24976455583e-05, 0.000121149721963, 0.000103682250483, 9.86114246189e-05, 9.83874124358e-05, 7.20287644072e-05, 5.71253294765e-05, 4.74387779832e-05, 4.89606536576e-05, 5.38562926522e-05, 5.44007853023e-05, 6.56241390971e-05, 6.24803869869e-05, 6.70094959787e-05, 7.13605259079e-05, 7.91472484707e-05, 7.23553384887e-05, 6.14278251305e-05, 5.58273095521e-05, 4.69305632578e-05, 4.83970361529e-05, 6.45394029561e-05, 5.03003175254e-05, 2.8960441341e-05, 1.97394056158e-05, 1.57637678058e-05, 9.88574447547e-06, 8.38502182887e-06, 6.24222775514e-06, 4.85107966597e-06, 3.56144232683e-06, 3.07221898765e-06, 2.75232878266e-06, 1.90534626654e-06, 1.35041034355e-06, 1.36422909236e-06, 1.13081921427e-06, 8.67248616032e-07, 5.49131698335e-07, 3.52818489091e-07, 2.71462084811e-07, 2.25193431902e-07, 1.8899419274e-07, 1.30799875819e-07, 9.14625815085e-08, 5.82145140982e-08, 3.90112298021e-08, 2.71952114161e-08, 2.13580921837e-08, 1.53185144569e-08, 1.10082094551e-08, 8.91814355697e-09, 9.12620556903e-09, 8.82815243131e-09, 8.3882181201e-09, 8.46572145718e-09, 6.92360213606e-09, 4.9675810132e-09, 2.44486675349e-09, 1.50437640123e-09, 7.71077535155e-10, 4.74760508684e-10, 3.59934831939e-10, 3.34513916567e-10, 3.2804403638e-10, 3.15217046909e-10, 3.12117387491e-10, 2.76271588939e-10, 3.00175967416e-10, 2.98535390852e-10, 2.75290235052e-10, 2.47147552423e-10, 2.01708691416e-10, 1.72257721975e-10, 1.60028559848e-10, 1.43870942937e-10, 1.24932897361e-10, 4.34841662678e-10, 1.00650032753e-09, 7.49095563357e-10, 5.71406755245e-10, 4.32922697691e-10, 3.44081096948e-10, 2.74908040776e-10, 2.43643161202e-10, 2.49776366257e-10, 1.8344872843e-10, 1.0741989763e-11, 4.36518312816e-12, 4.25902368928e-12, 4.15523128058e-12, 4.10373037635e-12, 4.02952541126e-12, 3.9040311782e-12, 3.85451176185e-12, 3.8367087285e-12, 3.83041298332e-12, 3.8128224536e-12, 3.78923541849e-12],
        "min": [2.18358701532e-27, 1.49095771119e-25, 2.90931408807e-25, 2.54673093628e-25, 3.30667417287e-25, 1.72627689137e-25, 2.31122021082e-25, 1.5130699754e-25, 3.37014542827e-25, 3.68908485048e-25, 9.83446328113e-26, 7.08582080771e-25, 2.89973263282e-25, 1.77631852941e-25, 8.03533841318e-26, 2.81640328325e-25, 3.41448828583e-25, 1.28618692304e-25, 4.89546370181e-25, 1.37294929666e-25, 9.06226743231e-25, 4.48136743987e-25, 2.20723774319e-25, 3.65203501199e-25, 3.30991589815e-25, 6.92788691018e-25, 6.80772712406e-25, 7.34452231816e-25, 1.02018627985e-24, 5.27635582218e-25, 6.48277953998e-25, 3.09515541924e-25, 2.40922188019e-25, 7.99253802521e-25, 9.11678166517e-25, 9.38821588366e-25, 1.02001312488e-24, 9.43333872744e-25, 6.96049053139e-25, 7.69852512849e-25, 6.64936181822e-25, 1.03125291367e-24, 1.36253771322e-24, 1.29689511818e-24, 6.23019170154e-25, 1.20446379288e-24, 5.55118756598e-25, 1.10528997481e-24, 8.66470322976e-25, 1.64598421255e-24, 1.56486909693e-24, 1.82814373265e-24, 1.48626246038e-24, 1.50436228221e-24, 7.87975803285e-25, 4.81090225012e-25, 1.83755346274e-24, 1.84760532561e-24, 1.07101988494e-24, 1.67232970159e-24, 2.32038780991e-24, 1.40128833582e-24, 1.14349362099e-24, 2.00841028241e-24, 2.05704631823e-24, 2.37122358437e-24, 1.94526492517e-24, 1.16272871226e-24, 2.44415219733e-24, 2.0177513816e-24, 2.22597457019e-24, 1.9429610569e-24, 1.36359606873e-24, 2.25062884007e-24, 2.46073780065e-24, 2.62084165732e-24, 2.37183968474e-24, 1.89352649663e-24, 1.51423260846e-24, 2.37133994135e-24, 2.99940437003e-24, 2.56646192525e-24, 2.66273312961e-24, 2.40182803483e-24, 3.74787106096e-24, 2.90096951742e-24, 2.85770424386e-24, 3.13022334331e-24, 2.60300413174e-24, 2.9227511503e-24, 2.65724660202e-24, 3.52292619054e-24, 3.22857556275e-24, 2.95092867019e-24, 4.06061891114e-24, 3.85401269018e-24, 3.55597433487e-24, 4.23025989893e-24, 3.984719448e-24, 3.97856751623e-24, 3.6727730805e-24, 3.15001606064e-24, 4.1898355107e-24, 4.33888328457e-24, 4.48090230776e-24, 3.62705464674e-24, 4.93643516508e-24, 4.63296353028e-24, 4.69704427934e-24, 4.55870016467e-24, 3.77345145353e-24, 4.33304808045e-24, 4.1669202847e-24, 4.78648099004e-24, 5.07133116873e-24, 5.14670919481e-24, 4.52340968321e-24, 3.60995174788e-24, 4.49875462448e-24, 4.36222488989e-24, 4.80272166392e-24, 5.09152009145e-24, 5.23789165469e-24, 5.71474939443e-24, 5.27350004709e-24, 5.03572829836e-24, 4.6324728588e-24, 5.21224618109e-24],
        "stdev": [1.02547792267e-05, 1.49235565914e-05, 3.04726654576e-05, 4.66733617941e-05, 5.89375449636e-05, 0.000156667767442, 0.000448865408543, 0.000858870858792, 0.000719962117728, 0.000474770786241, 0.000542661058716, 0.000501227157656, 0.000282201508526, 0.000454781955341, 0.000623096653726, 0.000712602690328, 0.000731001666281, 0.000555804814212, 0.000716862967238, 0.000309452152578, 0.000709451793227, 0.000942460377701, 0.000845695962198, 0.00191093736794, 0.00120669021271, 0.000989714870229, 0.000642391270958, 0.000246470037382, 0.000307027221425, 0.000242911060923, 0.000807339965831, 0.000571594922803, 0.000501670059748, 0.000555226171855, 0.000387983716791, 0.000232333142776, 0.000145361424075, 0.000138863862958, 0.000171837484231, 0.000166770987562, 0.000185633558431, 0.000165301549714, 0.000205080563319, 0.000238786829868, 0.000345730426488, 0.000265481095994, 0.000185273733223, 0.00016690105258, 0.000123220670503, 0.000112691333925, 0.000178397414857, 0.000134728499688, 6.54705581837e-05, 4.53308748547e-05, 4.48922000942e-05, 2.00306021725e-05, 1.94740568986e-05, 1.34200208777e-05, 1.1285034816e-05, 8.96673009265e-06, 1.02334779513e-05, 1.91030685528e-05, 8.11788777355e-06, 3.75131185137e-06, 4.83299709231e-06, 3.34744026986e-06, 2.22931112148e-06, 1.23170434563e-06, 7.6447003039e-07, 6.00810665219e-07, 4.80872984099e-07, 4.35085752315e-07, 2.75893739854e-07, 2.29641827332e-07, 1.16778657855e-07, 8.42030800641e-08, 5.2302198128e-08, 3.52120750335e-08, 2.40568667209e-08, 1.66067444241e-08, 1.27516868176e-08, 1.27027277586e-08, 1.22576926387e-08, 1.17691394408e-08, 1.22070069608e-08, 1.00526333924e-08, 7.01661262426e-09, 3.48006934381e-09, 2.31027197373e-09, 1.08935527265e-09, 6.64170884956e-10, 5.29116028769e-10, 4.69665362157e-10, 4.5201159482e-10, 4.37604591452e-10, 4.51110593325e-10, 3.83512693825e-10, 4.20180640281e-10, 4.06852745938e-10, 3.80562414914e-10, 3.53175988455e-10, 2.7823945925e-10, 2.47379089435e-10, 2.25085616812e-10, 2.0933037248e-10, 1.89144200302e-10, 6.01215743856e-10, 1.36658651062e-09, 9.71123514937e-10, 7.44624528703e-10, 5.58191770583e-10, 4.57931720321e-10, 3.64993396618e-10, 3.2264113603e-10, 3.38900796315e-10, 2.63616461993e-10, 5.78034183019e-11, 5.26319231253e-11, 5.11345479848e-11, 4.91373296219e-11, 4.85089225732e-11, 4.75008678225e-11, 4.58509306911e-11, 4.50588073797e-11, 4.49080599096e-11, 4.48666624686e-11, 4.46078278482e-11, 4.4297249896e-11]
    },
    "mfcc": {
        "mean": [-1009.82611084, 100.468978882, -47.4839172363, 7.7729268074, 4.68044185638, 3.73225402832, -5.02202749252, -1.91190230846, -0.342343240976, -1.55566394329, -1.41876685619, -5.09452486038, 0.196426942945],
        "cov": [[70880.1171875, 27558.140625, -13042.1279297, 2109.97290039, 1011.93432617, 898.916992188, -1423.8807373, -587.021362305, -204.031448364, -430.67755127, -392.00213623, -1405.93884277, 82.3035964966], [27558.140625, 11133.9208984, -4865.61816406, 782.428344727, 404.784973145, 280.520263672, -658.033081055, -277.529876709, -105.566757202, -210.191085815, -190.819610596, -587.291809082, 2.12105154991], [-13042.1279297, -4865.61816406, 2625.76342773, -387.445068359, -210.061981201, -210.864852905, 184.228363037, 59.8830986023, 4.70658302307, 39.5907516479, 34.3033180237, 229.233139038, -29.9131908417], [2109.97290039, 782.428344727, -387.445068359, 177.335281372, 100.639877319, 53.3831977844, -58.0338020325, -66.0134811401, -29.3029632568, -16.7333183289, -28.7176036835, -54.5475502014, 12.0517940521], [1011.93432617, 404.784973145, -210.061981201, 100.639877319, 146.744628906, 63.0023498535, -55.3378143311, -60.7218513489, -21.6164340973, -7.98357629776, -17.8006668091, -31.3309135437, 10.0498762131], [898.916992188, 280.520263672, -210.864852905, 53.3831977844, 63.0023498535, 85.0569763184, 8.1705789566, -9.40214347839, 6.14705610275, -0.395362317562, -2.85297131538, -11.6007537842, 10.9473953247], [-1423.8807373, -658.033081055, 184.228363037, -58.0338020325, -55.3378143311, 8.1705789566, 120.957633972, 86.2170410156, 35.1074295044, 19.179107666, 30.6983089447, 45.8450164795, -6.82631826401], [-587.021362305, -277.529876709, 59.8830986023, -66.0134811401, -60.7218513489, -9.40214347839, 86.2170410156, 123.711837769, 52.4756889343, 4.28221035004, 30.0614681244, 27.175491333, -16.0656394958], [-204.031448364, -105.566757202, 4.70658302307, -29.3029632568, -21.6164340973, 6.14705610275, 35.1074295044, 52.4756889343, 48.6560516357, 14.8939819336, 13.32970047, 13.0519104004, -6.45353984833], [-430.67755127, -210.191085815, 39.5907516479, -16.7333183289, -7.98357629776, -0.395362317562, 19.179107666, 4.28221035004, 14.8939819336, 33.1399803162, 17.0844116211, 12.262717247, 2.76823496819], [-392.00213623, -190.819610596, 34.3033180237, -28.7176036835, -17.8006668091, -2.85297131538, 30.6983089447, 30.0614681244, 13.32970047, 17.0844116211, 38.207901001, 28.5792942047, 0.367627829313], [-1405.93884277, -587.291809082, 229.233139038, -54.5475502014, -31.3309135437, -11.6007537842, 45.8450164795, 27.175491333, 13.0519104004, 12.262717247, 28.5792942047, 62.709022522, 10.2216777802], [82.3035964966, 2.12105154991, -29.9131908417, 12.0517940521, 10.0498762131, 10.9473953247, -6.82631826401, -16.0656394958, -6.45353984833, 2.76823496819, 0.367627829313, 10.2216777802, 28.4576187134]],
        "icov": [[0.00262272101827, -0.00387408351526, 0.00515425531194, -0.00368854613043, 0.00540058594197, -0.00465031526983, 0.00384372822009, -0.00226743519306, 0.00259357807226, -0.000539575121365, 0.000478918256704, -0.000155847330461, -0.000102457102912], [-0.00387408351526, 0.0072371000424, -0.00533950608224, 0.00537190260366, -0.00654338719323, 0.00650817295536, -0.0016635551583, 0.00374722946435, -0.00524552678689, 0.00577483745292, -0.002263977658, 0.00341298198327, 0.00135302881245], [0.00515425531194, -0.00533950608224, 0.0146722020581, -0.00586850568652, 0.0116911679506, -0.00740011967719, 0.0116736805066, -0.00250596296974, 0.00348900724202, 0.00592907145619, 0.0017922683619, 0.000565679220017, 0.00349073228426], [-0.00368854613043, 0.00537190260366, -0.00586850568652, 0.0204529818147, -0.0147789586335, 0.00885706860572, -0.0122004980221, 0.0104399668053, -0.00498731248081, 0.00636366661638, -0.000761386239901, 0.00626123463735, -0.00377303315327], [0.00540058594197, -0.00654338719323, 0.0116911679506, -0.0147789586335, 0.0312816314399, -0.0249471329153, 0.0231228806078, -0.0082526197657, 0.00920404493809, -0.00211290549487, -0.000328977912432, -0.000317360769259, 0.00526491831988], [-0.00465031526983, 0.00650817295536, -0.00740011967719, 0.00885706860572, -0.0249471329153, 0.0426989756525, -0.0298221874982, 0.0200729686767, -0.0218953136355, 0.0146230040118, -0.00531033333391, 0.0057986555621, -0.0104046259075], [0.00384372822009, -0.0016635551583, 0.0116736805066, -0.0122004980221, 0.0231228806078, -0.0298221874982, 0.0575266294181, -0.0353871956468, 0.0219346806407, -0.0159303508699, 0.0095693403855, -0.011483556591, 0.0140981450677], [-0.00226743519306, 0.00374722946435, -0.00250596296974, 0.0104399668053, -0.0082526197657, 0.0200729686767, -0.0353871956468, 0.0547307580709, -0.0454116016626, 0.0428677350283, -0.0291241742671, 0.0192674715072, -0.004187728744], [0.00259357807226, -0.00524552678689, 0.00348900724202, -0.00498731248081, 0.00920404493809, -0.0218953136355, 0.0219346806407, -0.0454116016626, 0.0725784003735, -0.0513420328498, 0.0305516999215, -0.0250743478537, 0.0135319521651], [-0.000539575121365, 0.00577483745292, 0.00592907145619, 0.00636366661638, -0.00211290549487, 0.0146230040118, -0.0159303508699, 0.0428677350283, -0.0513420328498, 0.0958936959505, -0.0514789931476, 0.0382222384214, -0.0138675598428], [0.000478918256704, -0.002263977658, 0.0017922683619, -0.000761386239901, -0.000328977912432, -0.00531033333391, 0.0095693403855, -0.0291241742671, 0.0305516999215, -0.0514789931476, 0.0815034657717, -0.0495184920728, 0.017672277987], [-0.000155847330461, 0.00341298198327, 0.000565679220017, 0.00626123463735, -0.000317360769259, 0.0057986555621, -0.011483556591, 0.0192674715072, -0.0250743478537, 0.0382222384214, -0.0495184920728, 0.0741622373462, -0.031259521842], [-0.000102457102912, 0.00135302881245, 0.00349073228426, -0.00377303315327, 0.00526491831988, -0.0104046259075, 0.0140981450677, -0.004187728744, 0.0135319521651, -0.0138675598428, 0.017672277987, -0.031259521842, 0.0591810159385]]
    },
    "spectral_contrast_coeffs": {
        "max": [-0.462317109108, -0.517998218536, -0.527234435081, -0.666258811951, -0.620098471642, -0.67849367857],
        "mean": [-0.830536723137, -0.882657408714, -0.894456505775, -0.892538666725, -0.859994888306, -0.85630017519],
        "min": [-0.981757700443, -0.981104314327, -0.97955429554, -0.973959207535, -0.968661367893, -0.965380012989],
        "stdev": [0.1531072855, 0.104169644415, 0.0787081345916, 0.0760038718581, 0.106527753174, 0.107008688152]
    },
    "spectral_contrast_valleys": {
        "max": [-6.2510766983, -4.86982011795, -4.60500240326, -5.39309024811, -7.0952372551, -11.0596113205],
        "mean": [-17.6563262939, -17.2242679596, -17.2576560974, -17.0816383362, -17.9585056305, -20.2964859009],
        "min": [-27.8301181793, -27.8575210571, -27.9424610138, -27.6616153717, -27.5203762054, -27.4768257141],
        "stdev": [9.69819259644, 10.1319561005, 10.1501369476, 10.2863531113, 9.41390228271, 7.04683971405]
    }
},
"rhythm": {
    "beats_count": 26,
    "beats_loudness": {
        "max": 0.0972428992391,
        "mean": 0.015365883708,
        "min": 0,
        "stdev": 0.0255607310683
    },
    "bpm": 136.046310425,
    "bpm_histogram_first_peak_bpm": 136,
    "bpm_histogram_first_peak_weight": 0.5,
    "bpm_histogram_second_peak_bpm": 110,
    "bpm_histogram_second_peak_spread": 0,
    "bpm_histogram_second_peak_weight": 0.159999996424,
    "danceability": 0.818058073521,
    "onset_rate": 2.58633565903,
    "beats_loudness_band_ratio": {
        "max": [0.352541029453, 0.464169532061, 0.613001585007, 0.592149615288, 0.589197278023, 0.0351177491248],
        "mean": [0.0640231147408, 0.0872041657567, 0.104983195662, 0.158340349793, 0.147717267275, 0.00378282577731],
        "min": [0, 0, 0, 0, 0, 0],
        "stdev": [0.0931544080377, 0.135398864746, 0.167880088091, 0.194806620479, 0.193655863404, 0.00763970194384]
    },
    "beats_position": [0.53405892849, 1.07972788811, 1.62539684772, 2.17106580734, 2.71673464775, 3.22757363319, 3.73841261864, 4.2492518425, 4.71365070343, 5.17804956436, 5.630838871, 6.08362817764, 6.53641700745, 6.97759628296, 7.41877555847, 7.84834432602, 8.27791404724, 8.70748329163, 9.13705158234, 9.58984088898, 10.0310201645, 10.47219944, 10.9133787155, 11.354557991, 11.7957363129, 12.2369155884],
