{
"metadata": {
    "version": {
        "essentia": "2.1-beta5",
        "essentia_git_sha": "Undefined",
        "extractor": "music 2.0"
    },
    "audio_properties": {
        "analysis": {
            "equal_loudness": 0,
            "length": 12.7477550507,
            "sample_rate": 44100,
            "start_time": 0,
            "downmix": "mix"
        },
        "bit_rate": 192000,
        "length": 176.773513794,
        "lossless": 0,
        "number_channels": 2,
        "replay_gain": -5.71537399292,
        "sample_rate": 44100,
        "codec": "mp3",
        "md5_encoded": "a2fe1a8e4ebc679ba3733669f4113773"
    },
    "tags": {
        "file_name": "Italy_Questo Amore_Ricchi e Poveri.mp3",
        "encoding": ["Lavf58.29.100"]
    }
},
"lowlevel": {
    "average_loudness": 0.880950331688,
    "barkbands_crest": {
        "max": 25.9856472015,
        "mean": 13.020318985,
        "min": 3.55854034424,
        "stdev": 5.24652051926
    },
    "barkbands_flatness_db": {
        "max": 0.418283075094,
        "mean": 0.217401191592,
        "min": 0.0610915496945,
        "stdev": 0.065995760262
    },
    "barkbands_kurtosis": {
        "max": 240.745742798,
        "mean": 15.3137111664,
        "min": -1.84100830555,
        "stdev": 26.7147789001
    },
    "barkbands_skewness": {
        "max": 11.3086977005,
        "mean": 2.61530137062,
        "min": -2.06178808212,
        "stdev": 2.18338704109
    },
    "barkbands_spread": {
        "max": 82.0257492065,
        "mean": 14.8729810715,
        "min": 0.48572036624,
        "stdev": 12.0069913864
    },
    "dissonance": {
        "max": 0.499972343445,
        "mean": 0.450697690248,
        "min": 0.264822244644,
        "stdev": 0.0379956737161
    },
    "dynamic_complexity": 4.34260940552,
    "erbbands_crest": {
        "max": 27.607755661,
        "mean": 10.5230560303,
        "min": 2.32337594032,
        "stdev": 5.02912950516
    },
    "erbbands_flatness_db": {
        "max": 0.323879599571,
        "mean": 0.198763266206,
        "min": 0.0894398316741,
        "stdev": 0.0473770946264
    },
    "erbbands_kurtosis": {
        "max": 17.1570663452,
        "mean": 0.945233285427,
        "min": -1.66308617592,
        "stdev": 2.67775940895
    },
    "erbbands_skewness": {
        "max": 3.3019182682,
        "mean": 0.253252744675,
        "min": -2.77469706535,
        "stdev": 0.955173254013
    },
    "erbbands_spread": {
        "max": 108.686218262,
        "mean": 39.1725730896,
        "min": 5.37430000305,
        "stdev": 21.4024925232
    },
    "hfc": {
        "max": 294.783782959,
        "mean": 14.3612613678,
        "min": 1.09819952429e-16,
        "stdev": 20.1533336639
    },
    "loudness_ebu128": {
        "integrated": -17.6842308044,
        "loudness_range": 6.08509063721,
        "momentary": {
            "max": -13.6715888977,
            "mean": -19.7197113037,
            "min": -43.6093902588,
            "stdev": 5.48489713669
        },
        "short_term": {
            "max": -15.3467330933,
            "mean": -18.262752533,
            "min": -22.2196559906,
            "stdev": 2.41741204262
        }
    },
    "melbands_crest": {
        "max": 33.2064170837,
        "mean": 20.0419578552,
        "min": 1.56993830204,
        "stdev": 7.67174053192
    },
    "melbands_flatness_db": {
        "max": 0.497681468725,
        "mean": 0.268868535757,
        "min": 0.000995958107524,
        "stdev": 0.0864465981722
    },
    "melbands_kurtosis": {
        "max": 359.539306641,
        "mean": 36.9223594666,
        "min": -1.82367479801,
        "stdev": 52.8755531311
    },
    "melbands_skewness": {
        "max": 13.5903892517,
        "mean": 4.13182401657,
        "min": -0.941182672977,
        "stdev": 2.8221681118
    },
    "melbands_spread": {
        "max": 180.938491821,
        "mean": 16.4444198608,
        "min": 0.394680023193,
        "stdev": 22.0804901123
    },
    "pitch_salience": {
        "max": 0.945720911026,
        "mean": 0.430250227451,
        "min": 0.0473403148353,
        "stdev": 0.153561294079
    },
    "silence_rate_20dB": {
        "max": 1,
        "mean": 1,
        "min": 1,
        "stdev": 0
    },
    "silence_rate_30dB": {
        "max": 1,
        "mean": 0.939999997616,
        "min": 0,
        "stdev": 0.237485870719
    },
    "silence_rate_60dB": {
        "max": 1,
        "mean": 0.0963636338711,
        "min": 0,
        "stdev": 0.295089930296
    },
    "spectral_centroid": {
        "max": 11352.8251953,
        "mean": 1019.51751709,
        "min": 137.939407349,
        "stdev": 1100.74499512
    },
    "spectral_complexity": {
        "max": 40,
        "mean": 12.4600000381,
        "min": 0,
        "stdev": 7.64159297943
    },
    "spectral_decrease": {
        "max": 1.76560229505e-28,
        "mean": -8.97175223002e-09,
        "min": -4.744681803e-08,
        "stdev": 8.66744631622e-09
    },
    "spectral_energy": {
        "max": 0.182511776686,
        "mean": 0.0351640768349,
        "min": 1.02866880429e-20,
        "stdev": 0.0334253534675
    },
    "spectral_energyband_high": {
        "max": 0.025363072753,
        "mean": 0.000434203859186,
        "min": 7.29078365153e-21,
        "stdev": 0.00200947839767
    },
    "spectral_energyband_low": {
        "max": 0.151658847928,
        "mean": 0.0201632678509,
        "min": 3.70994499522e-23,
        "stdev": 0.0293142236769
    },
    "spectral_energyband_middle_high": {
        "max": 0.0455265119672,
        "mean": 0.00418256316334,
        "min": 1.40668788046e-21,
        "stdev": 0.00519030634314
    },
    "spectral_energyband_middle_low": {
        "max": 0.137285917997,
        "mean": 0.0111218411475,
        "min": 1.50709212748e-22,
        "stdev": 0.0150562021881
    },
    "spectral_entropy": {
        "max": 9.80331039429,
        "mean": 7.16291046143,
        "min": 5.30920791626,
        "stdev": 0.638029336929
    },
    "spectral_flux": {
        "max": 0.210773214698,
        "mean": 0.063558831811,
        "min": 6.69197197656e-11,
        "stdev": 0.0377054475248
    },
    "spectral_kurtosis": {
        "max": 36.4052619934,
        "mean": 4.9023938179,
        "min": -1.23676586151,
        "stdev": 4.67116117477
    },
    "spectral_rms": {
        "max": 0.0133439227939,
        "mean": 0.00517541822046,
        "min": 3.16793206251e-12,
        "stdev": 0.00274252984673
    },
    "spectral_rolloff": {
        "max": 19336.8164062,
        "mean": 911.950927734,
        "min": 64.599609375,
        "stdev": 1956.30725098
    },
    "spectral_skewness": {
        "max": 4.66699504852,
        "mean": 1.5959250927,
        "min": -0.0387652516365,
        "stdev": 0.74180072546
    },
    "spectral_spread": {
        "max": 41745304,
        "mean": 4077494.5,
        "min": 1667799.625,
        "stdev": 3387233.75
    },
    "spectral_strongpeak": {
        "max": 5.3516702652,
        "mean": 0.934885501862,
        "min": 0,
        "stdev": 0.891808271408
    },
    "zerocrossingrate": {
        "max": 0.51318359375,
        "mean": 0.0399920083582,
        "min": 0.00439453125,
        "stdev": 0.0528007335961
    },
    "barkbands": {
        "max": [0.00354266283102, 0.0754918903112, 0.0986484512687, 0.0197500735521, 0.13378572464, 0.0244373660535, 0.012841003947, 0.0312204398215, 0.0106896059588, 0.00424886029214, 0.0103732822463, 0.0176929626614, 0.0118550444022, 0.00666423374787, 0.00776797067374, 0.00623672129586, 0.0043792212382, 0.00302016967908, 0.0258510243148, 0.0165546126664, 0.00846723280847, 0.00973627623171, 0.00592395942658, 0.00325157004409, 0.00021839744295, 1.44160876516e-05, 1.27061667854e-07],
        "mean": [0.000395148264943, 0.00671922555193, 0.0124295828864, 0.00169876532163, 0.00580879114568, 0.00110555882566, 0.000836809223983, 0.000712836335879, 0.000747813959606, 0.000426059181336, 0.000837984087411, 0.000685679900926, 0.000905222666916, 0.000339613645338, 0.000223396345973, 0.00021086470224, 0.000215433828998, 0.00013265524467, 0.000185590426554, 0.00019136822084, 0.000114290662168, 0.000114177884825, 6.84829428792e-05, 5.29009994352e-05, 5.6815570133e-06, 1.63017773502e-07, 1.41254552499e-09],
        "min": [2.91147911683e-24, 1.4181415602e-23, 6.45705133459e-24, 1.6991584271e-23, 8.78166901668e-24, 1.18893092444e-23, 1.17331005857e-23, 1.71370659992e-23, 2.94089238733e-23, 2.80607006328e-23, 3.12462471858e-23, 3.98340078811e-23, 1.00709163848e-22, 4.88220933977e-23, 4.36747475921e-23, 8.41205234162e-23, 1.17951997162e-22, 1.66205773075e-22, 2.13694114097e-22, 2.66155812918e-22, 2.9089423847e-22, 3.85623685195e-22, 5.18254806081e-22, 7.5964952474e-22, 8.81137183857e-22, 1.60129968907e-21, 2.22005683861e-21],
        "stdev": [0.000419994117692, 0.0111253615469, 0.0198008622974, 0.00309293647297, 0.0138596212491, 0.00221410160884, 0.00160890747793, 0.00247356295586, 0.00148715439718, 0.000705070211552, 0.00138769694604, 0.00146274198778, 0.00178467703518, 0.000783221272286, 0.000514360901434, 0.000571565935388, 0.0004575458006, 0.000267850846285, 0.00122128706425, 0.000902251340449, 0.000517745502293, 0.00068823696347, 0.000394850882003, 0.000270783843007, 1.73953339981e-05, 1.15177545013e-06, 5.82433523633e-09]
    },
    "erbbands": {
        "max": [0.758178949356, 22.4032440186, 116.548530579, 57.6202583313, 130.468063354, 759.17565918, 80.7371826172, 223.886260986, 308.677764893, 174.612258911, 853.31036377, 307.295135498, 193.022964478, 326.882049561, 303.057159424, 882.578735352, 393.14239502, 301.984466553, 149.038406372, 333.978271484, 268.455505371, 251.748336792, 153.089889526, 935.934753418, 1171.32446289, 752.89239502, 387.646240234, 322.321563721, 392.971099854, 190.868637085, 194.796524048, 120.206390381, 38.4373550415, 5.26082611084, 0.160418450832, 0.123767361045, 0.0076652620919, 0.000387409090763, 0.00014624960022, 0.000200339403818],
        "mean": [0.0796631649137, 2.07890868187, 14.3982992172, 7.55189561844, 10.8673458099, 29.0307350159, 6.58738899231, 9.37729930878, 13.1162958145, 10.4857349396, 22.1934337616, 17.5316143036, 15.2560243607, 24.3823890686, 20.7770290375, 32.2922744751, 37.4155158997, 26.6729240417, 11.132478714, 11.91036129, 10.9463577271, 12.2062902451, 9.59550952911, 7.54349899292, 10.2328987122, 8.67913246155, 5.32810115814, 4.27885103226, 4.38749599457, 2.59446930885, 1.96123933792, 1.36707687378, 0.711136996746, 0.142829149961, 0.00441447133198, 0.00143584772013, 9.91555280052e-05, 1.02135982161e-05, 1.87707537407e-05, 4.01722863899e-05],
        "min": [3.36908633912e-22, 3.44071672684e-21, 8.15940165069e-21, 3.6186812429e-20, 2.8892594847e-20, 3.68347824232e-20, 7.733909314e-20, 1.0685720132e-19, 1.53243002068e-19, 1.68215255498e-19, 6.01435475364e-19, 5.33198244707e-19, 1.2441256532e-18, 1.13870851517e-18, 1.33473677526e-18, 1.8750885813e-18, 5.10532234473e-18, 3.09746445087e-18, 2.63736177875e-18, 4.1882396073e-18, 4.87801269881e-18, 7.13010580149e-18, 1.05339217621e-17, 1.06185630183e-17, 1.1683393448e-17, 1.23162172223e-17, 1.28215360682e-17, 1.35537935696e-17, 1.17959396421e-17, 1.43144763055e-17, 1.24459232782e-17, 1.54634086697e-17, 1.30473820181e-17, 9.96679598078e-18, 6.27646037241e-18, 5.36892619439e-18, 3.02128483877e-18, 1.20942180759e-18, 2.78711372967e-19, 3.20250825903e-20],
        "stdev": [0.111983306706, 3.51728010178, 23.3210334778, 9.01789093018, 15.5788812637, 81.1507797241, 10.0863618851, 20.173248291, 28.4032363892, 22.0577793121, 69.9174575806, 38.4183883667, 25.0696048737, 43.3256721497, 35.1844024658, 66.3985977173, 64.4956970215, 48.504360199, 20.6106834412, 23.3860740662, 24.7074489594, 24.9903087616, 18.2198600769, 43.3098144531, 58.5369148254, 41.3868522644, 23.46393013, 22.1889724731, 26.9977245331, 13.5444698334, 12.2413339615, 7.97347354889, 3.36088824272, 0.476563930511, 0.0151928020641, 0.00940841436386, 0.000575447222218, 3.56537457264e-05, 1.84788477782e-05, 3.72629001504e-05]
    },
    "gfcc": {
        "mean": [-78.0431976318, 141.703353882, -128.762878418, 58.1108932495, -59.8665542603, 28.2229061127, -26.7289905548, -9.28346729279, -7.04698801041, -23.0613136292, 7.896484375, -23.3018779755, 2.97471022606],
        "cov": [[18099.6699219, 2330.2722168, -2526.5078125, 258.425811768, -555.205627441, -219.240722656, -34.6069908142, -153.192993164, -78.5546264648, -408.679229736, 71.7308425903, -476.106689453, 15.1293754578], [2330.2722168, 1153.24108887, -287.952667236, -503.646759033, 132.813659668, 28.2113342285, 168.639038086, -179.877426147, -2.40216398239, -201.26260376, 126.850395203, -160.386413574, 3.3095562458], [-2526.5078125, -287.952667236, 967.559326172, 129.102676392, 25.3501777649, 86.249420166, -30.6418876648, 1.32095503807, 11.5182275772, 11.2533826828, -94.0006713867, 44.8275566101, 18.0308570862], [258.425811768, -503.646759033, 129.102676392, 755.879272461, 10.003238678, -79.3327636719, -166.084625244, 97.4910812378, 71.8380584717, 92.6676177979, -96.7238693237, 9.59057044983, -8.72638893127], [-555.205627441, 132.813659668, 25.3501777649, 10.003238678, 421.851348877, 63.1978187561, 106.195541382, -5.60009384155, 72.2860641479, 18.5731067657, 22.3113327026, -80.4540176392, -67.8256530762], [-219.240722656, 28.2113342285, 86.249420166, -79.3327636719, 63.1978187561, 219.494247437, 68.3615722656, 19.990322113, 1.93324422836, 23.8245315552, 12.7222003937, -3.1474506855, -31.3452758789], [-34.6069908142, 168.639038086, -30.6418876648, -166.084625244, 106.195541382, 68.3615722656, 208.184997559, 62.850894928, 41.1361579895, -28.4890956879, 26.8432064056, -36.1027565002, -47.0444564819], [-153.192993164, -179.877426147, 1.32095503807, 97.4910812378, -5.60009384155, 19.990322113, 62.850894928, 224.71282959, 84.5716171265, 60.7276802063, -30.5650501251, 21.4982967377, -30.3398513794], [-78.5546264648, -2.40216398239, 11.5182275772, 71.8380584717, 72.2860641479, 1.93324422836, 41.1361579895, 84.5716171265, 115.065673828, 46.2285766602, -8.75867080688, -29.0534572601, -27.8330364227], [-408.679229736, -201.26260376, 11.2533826828, 92.6676177979, 18.5731067657, 23.8245315552, -28.4890956879, 60.7276802063, 46.2285766602, 135.530532837, 14.9320888519, 16.6578121185, -22.8671188354], [71.7308425903, 126.850395203, -94.0006713867, -96.7238693237, 22.3113327026, 12.7222003937, 26.8432064056, -30.5650501251, -8.75867080688, 14.9320888519, 112.827728271, 25.7950706482, 0.189206317067], [-476.106689453, -160.386413574, 44.8275566101, 9.59057044983, -80.4540176392, -3.1474506855, -36.1027565002, 21.4982967377, -29.0534572601, 16.6578121185, 25.7950706482, 112.328681946, 45.1553535461], [15.1293754578, 3.3095562458, 18.0308570862, -8.72638893127, -67.8256530762, -31.3452758789, -47.0444564819, -30.3398513794, -27.8330364227, -22.8671188354, 0.189206317067, 45.1553535461, 79.8758239746]],
        "icov": [[0.00031410617521, -0.00110797502566, 0.000677477917634, -0.000917584635317, 0.000694274320267, -0.000256735191215, -0.000142293123645, -0.00026789837284, 0.000802040158305, -0.000433743116446, 0.000775368476752, 9.09694936126e-05, 0.000138494171551], [-0.00110797502566, 0.00785248912871, -0.00207348982804, 0.00461736973375, -0.0024598671589, -7.214019206e-06, 0.000996737391688, 0.00140942330472, -0.00578565662727, 0.006763656158, -0.00797186419368, 0.00600250903517, -0.00356635125354], [0.000677477917634, -0.00207348982804, 0.00282466365024, -0.00200737523846, 0.00133348756935, -0.00126971933059, -0.000445107434643, 0.000229808036238, 0.00085107376799, -0.000560357817449, 0.00288224080577, -0.000706794962753, 8.8714841695e-05], [-0.000917584635317, 0.00461736973375, -0.00200737523846, 0.00551431579515, -0.00260583776981, 0.000925543077756, 0.00300922850147, -9.92882269202e-05, -0.00427142204717, 0.00283517432399, -0.00295486557297, 0.00159310002346, -0.000647162203677], [0.000694274320267, -0.0024598671589, 0.00133348756935, -0.00260583776981, 0.00526375416666, -0.00108680489939, -0.00215752329677, 0.00101571786217, -5.17329608556e-05, -0.00135959929321, 0.000922173669096, 0.00141232076567, 0.00133512122557], [-0.000256735191215, -7.214019206e-06, -0.00126971933059, 0.000925543077756, -0.00108680489939, 0.00648938305676, -0.00176755303983, -7.98193796072e-05, 0.00179534603376, -0.00278869597241, 0.000718820956536, -0.00185676012188, 0.00186425633729], [-0.000142293123645, 0.000996737391688, -0.000445107434643, 0.00300922850147, -0.00215752329677, -0.00176755303983, 0.0124052930623, -0.00491301901639, -0.00284523773007, 0.00606198376045, -0.00401407433674, 0.00222444487736, 0.00282540987246], [-0.00026789837284, 0.00140942330472, 0.000229808036238, -9.92882269202e-05, 0.00101571786217, -7.98193796072e-05, -0.00491301901639, 0.0114205814898, -0.00724546890706, -0.00178678520024, 0.0037267957814, -0.00565914297476, 0.00235928921029], [0.000802040158305, -0.00578565662727, 0.00085107376799, -0.00427142204717, -5.17329608556e-05, 0.00179534603376, -0.00284523773007, -0.00724546890706, 0.0225997883826, -0.00946528278291, 0.00408934662119, 0.0021099159494, -0.000375447125407], [-0.000433743116446, 0.006763656158, -0.000560357817449, 0.00283517432399, -0.00135959929321, -0.00278869597241, 0.00606198376045, -0.00178678520024, -0.00946528278291, 0.020735649392, -0.0115929497406, 0.00614981772378, 6.98481526342e-05], [0.000775368476752, -0.00797186419368, 0.00288224080577, -0.00295486557297, 0.000922173669096, 0.000718820956536, -0.00401407433674, 0.0037267957814, 0.00408934662119, -0.0115929497406, 0.024313878268, -0.0156171666458, 0.00620371708646], [9.09694936126e-05, 0.00600250903517, -0.000706794962753, 0.00159310002346, 0.00141232076567, -0.00185676012188, 0.00222444487736, -0.00565914297476, 0.0021099159494, 0.00614981772378, -0.0156171666458, 0.0298741869628, -0.0146568166092], [0.000138494171551, -0.00356635125354, 8.8714841695e-05, -0.000647162203677, 0.00133512122557, 0.00186425633729, 0.00282540987246, 0.00235928921029, -0.000375447125407, 6.98481526342e-05, 0.00620371708646, -0.0146568166092, 0.0251360107213]]
    },
    "melbands": {
        "max": [0.0130021721125, 0.0425242781639, 0.00869369134307, 0.0346937663853, 0.00838707014918, 0.0052618519403, 0.00405791960657, 0.00158228189684, 0.00631474936381, 0.0020478151273, 0.000909597496502, 0.00128453574143, 0.00103429937735, 0.0014577342663, 0.00211897562258, 0.00150662602391, 0.000695962633472, 0.000279276398942, 0.000868869246915, 0.000468127400381, 0.000223779104999, 0.00027560282615, 0.000270877644653, 0.000155817324412, 0.000816971762106, 0.00112041342072, 0.000775723543484, 0.000390204542782, 0.000289336021524, 0.00011979991541, 0.000226442483836, 0.000256858329521, 0.000180164541234, 8.19358829176e-05, 0.000110095090349, 0.000115721930342, 5.58294013899e-05, 3.27684065269e-05, 1.54506797116e-05, 1.56454643729e-06],
        "mean": [0.0012168365065, 0.00554815819487, 0.00147481053136, 0.00149014312774, 0.000418046984123, 0.000225461830269, 0.000202167284442, 0.000107937776193, 0.000188001256902, 0.000103861566458, 7.31076579541e-05, 9.13563198992e-05, 8.96462879609e-05, 4.99708730786e-05, 0.000107167667011, 8.81744490471e-05, 4.31787448179e-05, 1.6724517991e-05, 1.88358026207e-05, 1.69270151673e-05, 1.06852703539e-05, 1.24868374769e-05, 1.09123675429e-05, 6.16358738625e-06, 6.03945773037e-06, 7.2261477726e-06, 7.97448683443e-06, 5.12719998369e-06, 3.544010724e-06, 2.50849916483e-06, 2.49774052463e-06, 2.58914474216e-06, 2.02386354431e-06, 1.19080982586e-06, 1.11902693334e-06, 1.0034028719e-06, 7.73032695633e-07, 5.55032045213e-07, 3.02790965634e-07, 4.99750179017e-08],
        "min": [4.47680969739e-24, 4.57469116408e-24, 5.90682637523e-24, 1.92281157723e-24, 2.56747620315e-24, 2.23065468473e-24, 2.35095676164e-24, 2.03528204028e-24, 4.29875393032e-24, 3.78616552474e-24, 6.36270790906e-24, 4.29477728249e-24, 4.30290807184e-24, 3.27105236984e-24, 1.06891157528e-23, 8.10042767159e-24, 4.66664315777e-24, 4.98245849358e-24, 3.70468920944e-24, 6.18455629539e-24, 5.62885940236e-24, 7.18438661123e-24, 5.96282879418e-24, 8.42269786176e-24, 8.0027288262e-24, 8.28644817279e-24, 5.78216268637e-24, 7.86259399728e-24, 7.44644699281e-24, 6.74440654109e-24, 8.17353851143e-24, 6.84481039053e-24, 6.62077783775e-24, 7.74125851258e-24, 6.0010731653e-24, 9.85386430437e-24, 9.6564889393e-24, 8.01805797131e-24, 1.00947374598e-23, 8.21794901381e-24],
        "stdev": [0.00178338051774, 0.00883872807026, 0.00156117265578, 0.00355964619666, 0.000939403194934, 0.000492649851367, 0.000407796323998, 0.000225635871175, 0.000543541682418, 0.000235580373555, 0.00012180909107, 0.00016709844931, 0.000143555094837, 0.000112360496132, 0.000240410503466, 0.000203285031603, 8.686590445e-05, 3.45933694916e-05, 5.13682316523e-05, 4.47356651421e-05, 2.22012004087e-05, 2.56632883975e-05, 2.39295659412e-05, 1.34303727464e-05, 3.75265735784e-05, 5.418523142e-05, 3.94605012843e-05, 2.33693281189e-05, 1.71602296177e-05, 8.91040963324e-06, 1.4929632016e-05, 1.67416073964e-05, 1.15125967568e-05, 6.01217107032e-06, 6.91983041179e-06, 6.98373332852e-06, 4.20239848609e-06, 2.76544528788e-06, 1.15673049095e-06, 1.34831054766e-07]
    },
    "melbands128": {
        "max": [0.00286714546382, 0.00680694822222, 0.0113431075588, 0.0467940382659, 0.0684837177396, 0.0400294885039, 0.0135560184717, 0.0118783731014, 0.0115376831964, 0.0458166897297, 0.0561413019896, 0.00767184607685, 0.00243638386019, 0.0028328539338, 0.00340207968839, 0.0122427865863, 0.00992225669324, 0.00138555839658, 0.00457049859688, 0.001823797822, 0.00225499691442, 0.00881925597787, 0.00967007596046, 0.00330946594477, 0.00246707512997, 0.00350155448541, 0.000667184824124, 0.00159326416906, 0.00139636150561, 0.000608131289482, 0.00223101861775, 0.00289643695578, 0.00107835838571, 0.00237796222791, 0.00113671016879, 0.00142076972406, 0.00540710892528, 0.00477381749079, 0.00179620692506, 0.00135511136614, 0.00343071925454, 0.00180003175046, 0.000777425884735, 0.00190265115816, 0.000434637855506, 0.000527873286046, 0.000397874799091, 0.00143640511669, 0.000938867975492, 0.00028597417986, 0.000713272369467, 0.00129426829517, 0.000185485521797, 0.000184613163583, 0.000215076637687, 0.000281530432403, 0.000474184722407, 0.000773479579948, 0.000114914655569, 0.000328324444126, 0.000195763233933, 0.000186711069546, 0.000188581194379, 0.000715320988093, 0.00249344110489, 0.000865463458467, 0.000739219831303, 0.000485637341626, 0.000990707194433, 0.000901748368051, 0.000325980974594, 0.000295408157399, 0.000394226488424, 0.000445596902864, 0.000190707287402, 0.00010101038788, 0.000119897005789, 0.000219165624003, 0.00023617396073, 0.000301568768919, 0.00028292456409, 0.000298281403957, 0.000234386505326, 0.000203702147701, 0.000107878426206, 9.30466339923e-05, 9.3784656201e-05, 6.98473086231e-05, 0.000115263173939, 0.000140241420013, 0.000120174307085, 0.00012189104018, 9.37520599109e-05, 4.50204424851e-05, 6.04635024501e-05, 4.7938348871e-05, 2.84872548946e-05, 3.02484040731e-05, 1.97109930014e-05, 1.12725329018e-05, 2.18684044739e-06, 7.09866085913e-08, 4.22965662494e-09, 6.42876973878e-10, 6.47761788652e-10, 6.46784792391e-10, 5.19657135101e-08, 3.60199663874e-07, 4.02148373269e-07, 1.50218951944e-07, 7.36509448984e-08, 1.83809607535e-08, 6.29147678399e-10, 6.20343221236e-10, 6.04557237605e-10, 6.01252214683e-10, 5.94964300049e-10, 5.79988446159e-10, 5.68678826252e-10, 5.55338885988e-10, 5.51981571562e-10, 5.43628198013e-10, 5.36150124297e-10, 5.21320819846e-10, 5.17214382434e-10, 5.17924425569e-10, 5.1637516485e-10, 5.14926878914e-10],
        "mean": [0.000293670833344, 0.000497960718349, 0.000751422601752, 0.00410133134574, 0.00829675979912, 0.00484048807994, 0.00128850073088, 0.000923733401578, 0.000857723585796, 0.00171744823456, 0.00208356836811, 0.000390731496736, 0.000126467130031, 0.000139238924021, 0.000137713650474, 0.000358870776836, 0.000314504926791, 8.89586808626e-05, 0.000198166177142, 0.000100181314338, 5.48678144696e-05, 0.000143609606312, 0.000268700183369, 0.000159445073223, 8.38617852423e-05, 0.000116780873213, 4.4060019718e-05, 9.52828413574e-05, 6.65776460664e-05, 3.10787618218e-05, 0.000123192585306, 0.000172669664607, 7.59481699788e-05, 5.05931820953e-05, 2.12764134631e-05, 4.39678187831e-05, 9.94043730316e-05, 0.000172444313648, 5.4766303947e-05, 4.42178570665e-05, 0.000155792586156, 5.54224752705e-05, 3.16880395985e-05, 5.05135212734e-05, 1.31827573568e-05, 1.30005018946e-05, 1.27239109133e-05, 2.45075334533e-05, 1.859628901e-05, 8.86728594196e-06, 1.67415582837e-05, 2.99643652397e-05, 5.74445448365e-06, 6.74976081427e-06, 9.31263639359e-06, 1.29657046273e-05, 1.55866928253e-05, 1.24216658151e-05, 7.13364715921e-06, 1.26007789731e-05, 4.88100931761e-06, 2.94327810479e-06, 5.33870661457e-06, 6.21631943432e-06, 8.5231167759e-06, 6.51166192256e-06, 7.81796097726e-06, 6.8824238042e-06, 9.55418090598e-06, 6.79695540384e-06, 4.99938732901e-06, 4.50438028565e-06, 3.66956510334e-06, 3.61075376532e-06, 2.92410436487e-06, 2.6601405807e-06, 2.13587827602e-06, 2.3572426926e-06, 2.59109401668e-06, 2.56830458056e-06, 2.69742258752e-06, 2.63879383056e-06, 2.34718231695e-06, 2.16011972043e-06, 1.47984928844e-06, 1.39506630603e-06, 1.03420131836e-06, 8.81396886143e-07, 1.15870375339e-06, 1.2805106735e-06, 1.0556293546e-06, 9.28622398533e-07, 9.37918230193e-07, 7.35185722078e-07, 7.35531330065e-07, 5.93503386881e-07, 5.49828484964e-07, 4.4060996629e-07, 3.20709489188e-07, 2.4780450758e-07, 1.03557653119e-07, 1.15358411712e-09, 4.35454797221e-11, 1.47641135428e-11, 1.12870667673e-11, 1.36466324352e-11, 7.3491646102e-10, 4.3749834866e-09, 3.16429704661e-09, 1.35575906057e-09, 2.64742505696e-10, 4.99702328127e-11, 1.17958342746e-11, 1.02014091619e-11, 1.0023663323e-11, 9.22343451615e-12, 7.37251752703e-12, 6.48337676948e-12, 6.32701833633e-12, 6.16570119613e-12, 6.04548052244e-12, 5.93690201167e-12, 5.81676850783e-12, 5.69805921197e-12, 5.63388051489e-12, 5.59362625663e-12, 5.56587024733e-12, 5.52027520917e-12],
        "min": [2.88141799431e-24, 2.44117937501e-24, 1.48296393711e-24, 5.35152351821e-24, 4.18710486868e-24, 2.91989981256e-24, 3.85472029842e-24, 7.60870463696e-24, 2.03055893283e-24, 7.60714298819e-25, 2.52138641312e-24, 1.88806087385e-24, 2.61991987335e-24, 3.18741812552e-24, 3.11124847753e-24, 1.16328150654e-24, 1.02971926946e-24, 3.92664745246e-24, 1.39204880247e-24, 1.85460725501e-24, 1.31898963303e-24, 5.47492818506e-24, 3.06795697434e-24, 2.26186833303e-24, 1.12752806234e-24, 2.29862096817e-24, 4.28042908592e-24, 4.60207055394e-24, 5.04167118199e-24, 3.22524952796e-24, 5.41899400258e-24, 2.59493881785e-24, 1.68061727704e-24, 3.30650831487e-24, 3.73937266242e-24, 1.5603548404e-24, 2.47408197451e-24, 9.61181969054e-24, 6.31266572868e-24, 6.85896255517e-24, 4.82186376822e-24, 2.594101442e-24, 2.7562898636e-24, 2.07619512784e-24, 7.61778521484e-24, 1.93749070095e-24, 1.41918975913e-24, 3.05582232147e-24, 1.50506989044e-24, 6.68421645402e-24, 5.3771934465e-24, 4.66131479679e-24, 4.46204103795e-24, 5.25195388919e-24, 5.29521620452e-24, 7.91290044606e-24, 6.41682573931e-24, 3.65216645594e-24, 3.10010857826e-24, 9.30122621949e-24, 9.85049113514e-24, 5.05502028623e-24, 8.601419033e-24, 7.47324617548e-24, 7.9080489515e-24, 5.44415077684e-24, 1.29537855282e-23, 5.1866590832e-24, 2.15955070704e-24, 8.89596865096e-24, 5.99139857515e-24, 5.85174929012e-24, 5.59174941322e-24, 5.45502956316e-24, 8.95815218954e-24, 3.6079054427e-24, 6.55461607363e-24, 9.47828999398e-24, 6.04740691056e-24, 4.14721296156e-24, 6.73153864201e-24, 3.7987857215e-24, 5.56615639888e-24, 6.92287843229e-24, 5.50614419994e-24, 7.97979111766e-24, 5.02306629197e-24, 4.4213780193e-24, 6.69353447904e-24, 4.09021855002e-24, 8.76562121929e-24, 4.8303692665e-24, 5.756294754e-24, 5.85591526456e-24, 9.93456319725e-24, 4.86673338765e-24, 7.77047634279e-24, 5.04635346589e-24, 1.06556964495e-23, 6.56826888931e-24, 5.03409496185e-24, 1.02894330643e-23, 7.33398540444e-24, 5.48915726364e-24, 6.23577348409e-24, 5.31725185062e-24, 7.11338360774e-24, 8.19503733768e-24, 8.00232414056e-24, 7.80272655432e-24, 8.07104102515e-24, 6.14002943603e-24, 8.45246473916e-24, 7.48611013026e-24, 7.2870537026e-24, 8.29899421663e-24, 8.10872412173e-24, 8.4419066248e-24, 8.42265920757e-24, 8.32348045913e-24, 7.1191572807e-24, 9.03382051642e-24, 9.52953282066e-24, 7.51898827507e-24, 9.24351552225e-24, 8.20453601184e-24, 7.78080726521e-24, 8.33773754227e-24],
        "stdev": [0.000332486291882, 0.000874745950568, 0.00128302548546, 0.00741973053664, 0.0139128351584, 0.00757944071665, 0.00179656594992, 0.00180546799675, 0.00132711627521, 0.00452065141872, 0.00616550631821, 0.000949761481024, 0.000227254247875, 0.000237386659137, 0.00033180275932, 0.00105836929288, 0.000892562733497, 0.000185106080608, 0.000582435459364, 0.000230571677093, 0.000163021293702, 0.00065823335899, 0.000845958129503, 0.000357544893632, 0.000225441151997, 0.000393489346607, 8.58222410898e-05, 0.00018452265067, 0.000177696041646, 8.11709396658e-05, 0.000254816026427, 0.000341950944858, 0.000154184439452, 0.000169606486452, 8.34249367472e-05, 0.000121022880194, 0.000297800375847, 0.000463507138193, 0.000168691010913, 0.000106688399683, 0.00044976818026, 0.00016359181609, 8.31914367154e-05, 0.000165808087331, 3.46209053532e-05, 4.22723205702e-05, 3.85259554605e-05, 8.59713472892e-05, 5.50792974536e-05, 2.74480717053e-05, 5.74401856284e-05, 0.000106992731162, 1.66458721651e-05, 1.72592608578e-05, 2.14692499867e-05, 3.00732735923e-05, 4.36531299783e-05, 5.16078871442e-05, 1.55279867613e-05, 3.34977557941e-05, 1.38852083182e-05, 1.17770796351e-05, 1.45324484038e-05, 3.54282856279e-05, 0.000108577449282, 5.27705960849e-05, 3.88354892493e-05, 2.80120930256e-05, 5.13571794727e-05, 4.42765813204e-05, 2.06751974474e-05, 1.76415051101e-05, 1.93003343156e-05, 2.25913972827e-05, 1.24128791867e-05, 8.30666340335e-06, 7.77556306275e-06, 1.34614592753e-05, 1.6198022422e-05, 1.77247839019e-05, 1.95404008991e-05, 1.76337653102e-05, 1.45725680341e-05, 1.26540680867e-05, 7.89900877862e-06, 6.61102558297e-06, 5.86088299315e-06, 4.45098476121e-06, 7.48949150875e-06, 9.1764050012e-06, 7.72541716287e-06, 7.01217686583e-06, 5.65859181734e-06, 3.72997897102e-06, 4.42730788563e-06, 3.12157453664e-06, 2.64740720013e-06, 2.17571391659e-06, 1.23876588987e-06, 8.39702181565e-07, 2.41878609586e-07, 5.02734653907e-09, 2.17116269408e-10, 4.52621759517e-11, 3.36528374612e-11, 4.48622111682e-11, 4.3627887969e-09, 2.95788495919e-08, 2.44503493008e-08, 1.15699094749e-08, 3.40710770708e-09, 7.86847698109e-10, 3.9420421788e-11, 2.89213531596e-11, 2.82207330421e-11, 2.79771917439e-11, 2.74585545273e-11, 2.66847082625e-11, 2.61348009206e-11, 2.55090688156e-11, 2.52860787864e-11, 2.48796313412e-11, 2.45182416037e-11, 2.38762863647e-11, 2.36659233877e-11, 2.36530552089e-11, 2.35664942422e-11, 2.34933010546e-11]
    },
    "mfcc": {
        "mean": [-696.058288574, 136.903015137, 11.1115293503, 24.2919750214, 10.196513176, 18.9077835083, 7.19598388672, 9.4968957901, -4.25327968597, 4.90168142319, -5.4493765831, 3.36201071739, -4.59018087387],
        "cov": [[9003.15429688, 1274.2869873, -1223.47924805, 231.710418701, -385.452911377, -252.62437439, 0.49101036787, -36.5725860596, 32.8157577515, -41.7089881897, -49.9048919678, 35.5877456665, -50.6691322327], [1274.2869873, 1542.0246582, -245.426574707, -499.392028809, -80.1609573364, 79.3423233032, 216.796630859, 72.1587142944, -87.2764816284, -2.95625090599, -7.25129652023, -22.9112644196, -43.7658958435], [-1223.47924805, -245.426574707, 764.389770508, 101.897537231, 56.331741333, 52.6320877075, -69.8253860474, 3.1179625988, 24.9151821136, -14.9868097305, -64.6794204712, -89.3680648804, -7.20332622528], [231.710418701, -499.392028809, 101.897537231, 558.27911377, 176.649658203, -18.958158493, -123.436576843, -36.350856781, 79.7943954468, 26.8861560822, -8.2796831131, 44.1060371399, 34.8985214233], [-385.452911377, -80.1609573364, 56.331741333, 176.649658203, 255.698577881, 100.654838562, 1.84831905365, -18.5061016083, 37.3934364319, 43.0446510315, 29.2901535034, 24.9650707245, 16.5024719238], [-252.62437439, 79.3423233032, 52.6320877075, -18.958158493, 100.654838562, 177.532928467, 61.6837158203, -5.75294828415, -20.8304462433, 23.0027713776, 27.5205535889, -4.91017627716, -34.2717933655], [0.49101036787, 216.796630859, -69.8253860474, -123.436576843, 1.84831905365, 61.6837158203, 146.637710571, 65.9963607788, -13.6200618744, 24.3958320618, 39.0774345398, 8.04634094238, 6.46176815033], [-36.5725860596, 72.1587142944, 3.1179625988, -36.350856781, -18.5061016083, -5.75294828415, 65.9963607788, 135.941879272, 56.2336959839, 25.3581352234, 20.5687999725, 18.1956825256, 21.5036792755], [32.8157577515, -87.2764816284, 24.9151821136, 79.7943954468, 37.3934364319, -20.8304462433, -13.6200618744, 56.2336959839, 152.419937134, 68.5646057129, 32.0866088867, 27.6394615173, 21.8466529846], [-41.7089881897, -2.95625090599, -14.9868097305, 26.8861560822, 43.0446510315, 23.0027713776, 24.3958320618, 25.3581352234, 68.5646057129, 117.190826416, 70.9479827881, 35.7033042908, 15.1450395584], [-49.9048919678, -7.25129652023, -64.6794204712, -8.2796831131, 29.2901535034, 27.5205535889, 39.0774345398, 20.5687999725, 32.0866088867, 70.9479827881, 118.250213623, 50.0934295654, 2.93635678291], [35.5877456665, -22.9112644196, -89.3680648804, 44.1060371399, 24.9650707245, -4.91017627716, 8.04634094238, 18.1956825256, 27.6394615173, 35.7033042908, 50.0934295654, 100.107086182, 49.9062576294], [-50.6691322327, -43.7658958435, -7.20332622528, 34.8985214233, 16.5024719238, -34.2717933655, 6.46176815033, 21.5036792755, 21.8466529846, 15.1450395584, 2.93635678291, 49.9062576294, 100.685295105]],
        "icov": [[0.000273651094176, -0.000391229463276, 0.000423391640652, -0.000763102027122, 0.000818990985863, -0.000173586464371, 3.51813869202e-05, 0.000264471833361, -0.000381138495868, 0.000175179142389, -0.000140400850796, 0.00045346346451, -0.000153942266479], [-0.000391229463276, 0.00166538276244, -0.000414300680859, 0.00196471251547, -0.00160357868299, 0.000417629780713, -0.00105754192919, -0.000498886976857, 0.00077118515037, -0.000767314631958, 0.00129781325813, -0.00114283198491, 0.000872501346748], [0.000423391640652, -0.000414300680859, 0.00255521200597, -0.00121761788614, 0.00127562775742, -0.00169454689603, 0.00163158809301, -0.000664547667839, -0.000618917052634, 3.19319224218e-05, 8.65796118887e-06, 0.00306367687881, -0.00150015531108], [-0.000763102027122, 0.00196471251547, -0.00121761788614, 0.00615258421749, -0.00510811945423, 0.00146674236748, 0.00150497013237, -0.00110518920701, 0.000726748490706, -0.00106628146023, 0.00185509677976, -0.00297204731032, 0.00114801700693], [0.000818990985863, -0.00160357868299, 0.00127562775742, -0.00510811945423, 0.0108606442809, -0.00584670482203, -1.4529310647e-05, 0.0024493036326, -0.00287912157364, 0.000623433035798, -0.00166630349122, 0.0023418457713, -0.00329673034139], [-0.000173586464371, 0.000417629780713, -0.00169454689603, 0.00146674236748, -0.00584670482203, 0.0127603067085, -0.00612630136311, 0.0016458517639, 0.00204798975028, -0.00166301638819, 0.00104015902616, -0.00332349981181, 0.00623071519658], [3.51813869202e-05, -0.00105754192919, 0.00163158809301, 0.00150497013237, -1.4529310647e-05, -0.00612630136311, 0.0186891015619, -0.00891373958439, 0.00383784947917, -0.00127039011568, -0.00422786734998, 0.00429945392534, -0.00487494422123], [0.000264471833361, -0.000498886976857, -0.000664547667839, -0.00110518920701, 0.0024493036326, 0.0016458517639, -0.00891373958439, 0.014834982343, -0.00697367917746, 0.00204413337633, 0.000447501603048, -0.0018024117453, -9.97360693873e-05], [-0.000381138495868, 0.00077118515037, -0.000618917052634, 0.000726748490706, -0.00287912157364, 0.00204798975028, 0.00383784947917, -0.00697367917746, 0.0139461811632, -0.00750080216676, 0.000767228833865, -0.000679454882629, 0.000675958464853], [0.000175179142389, -0.000767314631958, 3.19319224218e-05, -0.00106628146023, 0.000623433035798, -0.00166301638819, -0.00127039011568, 0.00204413337633, -0.00750080216676, 0.0187746435404, -0.00929295644164, 0.000913224066608, -0.00227498961613], [-0.000140400850796, 0.00129781325813, 8.65796118887e-06, 0.00185509677976, -0.00166630349122, 0.00104015902616, -0.00422786734998, 0.000447501603048, 0.000767228833865, -0.00929295644164, 0.0192102845758, -0.00917592924088, 0.00587334856391], [0.00045346346451, -0.00114283198491, 0.00306367687881, -0.00297204731032, 0.0023418457713, -0.00332349981181, 0.00429945392534, -0.0018024117453, -0.000679454882629, 0.000913224066608, -0.00917592924088, 0.0230750702322, -0.0115851825103], [-0.000153942266479, 0.000872501346748, -0.00150015531108, 0.00114801700693, -0.00329673034139, 0.00623071519658, -0.00487494422123, -9.97360693873e-05, 0.000675958464853, -0.00227498961613, 0.00587334856391, -0.0115851825103, 0.0184904579073]]
    },
    "spectral_contrast_coeffs": {
        "max": [-0.400950998068, -0.489313483238, -0.563544273376, -0.552137553692, -0.63293915987, -0.577085077763],
        "mean": [-0.673867642879, -0.742381215096, -0.750926733017, -0.770144164562, -0.807397305965, -0.7501283288],
        "min": [-0.978475511074, -0.969357848167, -0.976046204567, -0.96576577425, -0.96361130476, -0.961145937443],
        "stdev": [0.0994042009115, 0.0835572779179, 0.082580037415, 0.0737792104483, 0.0546807982028, 0.0478360466659]
    },
    "spectral_contrast_valleys": {
        "max": [-5.17237997055, -5.42096567154, -5.67193365097, -6.46167421341, -5.21768856049, -8.36707305908],
        "mean": [-6.95745849609, -7.53162288666, -8.05745601654, -8.42371463776, -8.38321876526, -11.3234186172],
        "min": [-27.4360542297, -27.5078296661, -27.532327652, -27.4033985138, -27.232749939, -27.3213863373],
        "stdev": [1.92502379417, 1.93366098404, 1.93825650215, 1.83895373344, 1.85868430138, 1.56334292889]
    }
},
"rhythm": {
    "beats_count": 33,
    "beats_loudness": {
        "max": 0.128790363669,
        "mean": 0.0471933744848,
        "min": 0.00033431162592,
        "stdev": 0.0367846935987
    },
    "bpm": 162.321578979,
    "bpm_histogram_first_peak_bpm": 161,
    "bpm_histogram_first_peak_weight": 0.428571403027,
    "bpm_histogram_second_peak_bpm": 167,
    "bpm_histogram_second_peak_spread": 0,
    "bpm_histogram_second_peak_weight": 0.09375,
    "danceability": 0.851291954517,
    "onset_rate": 2.89983081818,
    "beats_loudness_band_ratio": {
        "max": [0.986333608627, 0.826895534992, 0.523339271545, 0.52395939827, 0.116248436272, 0.510593235493],
        "mean": [0.560612618923, 0.176252141595, 0.140742331743, 0.0969451516867, 0.0350923538208, 0.0315830148757],
        "min": [0.0427955500782, 0.0121066439897, 0.00136430363636, 0.00260187755339, 0.00111904041842, 0.000250986748142],
        "stdev": [0.265025943518, 0.229831814766, 0.13070499897, 0.101896084845, 0.0334932543337, 0.0868098586798]
    },
    "beats_position": [0.383129239082, 0.777868449688, 1.16099774837, 1.54412698746, 1.91564619541, 2.28716540337, 2.65868473053, 3.03020405769, 3.40172338486, 3.78485250473, 4.1679816246, 4.55111122131, 4.92263031006, 5.30575942993, 5.6888885498, 6.06040811539, 6.44353723526, 6.82666635513, 7.20979595184, 7.56970500946, 7.94122457504, 8.31274318695, 8.68426322937, 9.06739234924, 9.45052146912, 9.82204055786, 10.1935596466, 10.5650787354, 10.9249887466, 11.2848978043, 11.656416893, 12.0279359818, 12.3994560242],
