{
"metadata": {
    "version": {
        "essentia": "2.1-beta5",
        "essentia_git_sha": "Undefined",
        "extractor": "music 2.0"
    },
    "audio_properties": {
        "analysis": {
            "equal_loudness": 0,
            "length": 32.4963264465,
            "sample_rate": 44100,
            "start_time": 45.2440834045,
            "downmix": "mix"
        },
        "bit_rate": 192000,
        "length": 173.151199341,
        "lossless": 0,
        "number_channels": 2,
        "replay_gain": -10.3113918304,
        "sample_rate": 44100,
        "codec": "mp3",
        "md5_encoded": "2983e69defc18219c74dc6591bdbb373"
    },
    "tags": {
        "file_name": "Sweden_Det Blir Alltid Värre Framåt Natten_Björn Skifs.mp3",
        "encoding": ["Lavf58.29.100"]
    }
},
"lowlevel": {
    "average_loudness": 0.81852132082,
    "barkbands_crest": {
        "max": 25.060716629,
        "mean": 9.40090656281,
        "min": 2.72513079643,
        "stdev": 3.7218234539
    },
    "barkbands_flatness_db": {
        "max": 0.310919582844,
        "mean": 0.180662035942,
        "min": 0.0633471533656,
        "stdev": 0.0419117473066
    },
    "barkbands_kurtosis": {
        "max": 49.5328407288,
        "mean": 2.74952936172,
        "min": -1.76345992088,
        "stdev": 6.10503911972
    },
    "barkbands_skewness": {
        "max": 6.43995571136,
        "mean": 1.25251734257,
        "min": -2.00841188431,
        "stdev": 1.13777446747
    },
    "barkbands_spread": {
        "max": 77.993888855,
        "mean": 23.4025421143,
        "min": 2.22682118416,
        "stdev": 12.0051345825
    },
    "dissonance": {
        "max": 0.499718338251,
        "mean": 0.458897382021,
        "min": 0.242930114269,
        "stdev": 0.0321006849408
    },
    "dynamic_complexity": 3.36752915382,
    "erbbands_crest": {
        "max": 27.8414363861,
        "mean": 9.3965139389,
        "min": 3.44073224068,
        "stdev": 4.00533151627
    },
    "erbbands_flatness_db": {
        "max": 0.346213430166,
        "mean": 0.20953194797,
        "min": 0.102304004133,
        "stdev": 0.0361701846123
    },
    "erbbands_kurtosis": {
        "max": 13.3691082001,
        "mean": 0.304898232222,
        "min": -1.85692703724,
        "stdev": 2.08873820305
    },
    "erbbands_skewness": {
        "max": 2.98293662071,
        "mean": -0.0298467557877,
        "min": -2.47470235825,
        "stdev": 0.794051527977
    },
    "erbbands_spread": {
        "max": 106.489181519,
        "mean": 36.6447792053,
        "min": 4.29128217697,
        "stdev": 14.6375980377
    },
    "hfc": {
        "max": 160.425918579,
        "mean": 15.8163709641,
        "min": 0.131533458829,
        "stdev": 18.1964187622
    },
    "loudness_ebu128": {
        "integrated": -14.9010314941,
        "loudness_range": 5.20998573303,
        "momentary": {
            "max": -9.35856246948,
            "mean": -15.9886980057,
            "min": -30.3635120392,
            "stdev": 3.18021392822
        },
        "short_term": {
            "max": -11.5831537247,
            "mean": -15.6716804504,
            "min": -19.0267086029,
            "stdev": 1.78907287121
        }
    },
    "melbands_crest": {
        "max": 29.955160141,
        "mean": 13.3585968018,
        "min": 3.91091585159,
        "stdev": 4.81364440918
    },
    "melbands_flatness_db": {
        "max": 0.390167027712,
        "mean": 0.210056588054,
        "min": 0.0411526784301,
        "stdev": 0.0605276487768
    },
    "melbands_kurtosis": {
        "max": 106.317863464,
        "mean": 9.99848937988,
        "min": -1.7417485714,
        "stdev": 13.9826259613
    },
    "melbands_skewness": {
        "max": 8.57100582123,
        "mean": 2.37348628044,
        "min": -0.705534219742,
        "stdev": 1.46832859516
    },
    "melbands_spread": {
        "max": 188.027572632,
        "mean": 27.0333919525,
        "min": 2.04853844643,
        "stdev": 20.5193080902
    },
    "pitch_salience": {
        "max": 0.892361700535,
        "mean": 0.525481700897,
        "min": 0.14040876925,
        "stdev": 0.100519359112
    },
    "silence_rate_20dB": {
        "max": 1,
        "mean": 1,
        "min": 1,
        "stdev": 0
    },
    "silence_rate_30dB": {
        "max": 1,
        "mean": 0.997858643532,
        "min": 0,
        "stdev": 0.0462248772383
    },
    "silence_rate_60dB": {
        "max": 1,
        "mean": 0.045681655407,
        "min": 0,
        "stdev": 0.208793565631
    },
    "spectral_centroid": {
        "max": 4410.31201172,
        "mean": 1439.03564453,
        "min": 274.68081665,
        "stdev": 666.515625
    },
    "spectral_complexity": {
        "max": 41,
        "mean": 15.109208107,
        "min": 0,
        "stdev": 6.08084058762
    },
    "spectral_decrease": {
        "max": -3.1578590437e-11,
        "mean": -5.00206098764e-09,
        "min": -3.00358600214e-08,
        "stdev": 4.49886350395e-09
    },
    "spectral_energy": {
        "max": 0.123797886074,
        "mean": 0.0203135441989,
        "min": 0.000131116059492,
        "stdev": 0.0182590335608
    },
    "spectral_energyband_high": {
        "max": 0.0247079133987,
        "mean": 0.000500501308125,
        "min": 2.69550332632e-06,
        "stdev": 0.00130916736089
    },
    "spectral_energyband_low": {
        "max": 0.0571005791426,
        "mean": 0.00571027724072,
        "min": 1.08044896479e-05,
        "stdev": 0.00680459523574
    },
    "spectral_energyband_middle_high": {
        "max": 0.0874425470829,
        "mean": 0.00546016264707,
        "min": 1.80421520781e-05,
        "stdev": 0.00890196859837
    },
    "spectral_energyband_middle_low": {
        "max": 0.0777451172471,
        "mean": 0.00938328634948,
        "min": 5.74935984332e-05,
        "stdev": 0.0101620899513
    },
    "spectral_entropy": {
        "max": 8.60174369812,
        "mean": 7.2061214447,
        "min": 5.93380737305,
        "stdev": 0.336625695229
    },
    "spectral_flux": {
        "max": 0.306476771832,
        "mean": 0.0618614517152,
        "min": 0.00754280621186,
        "stdev": 0.0399865619838
    },
    "spectral_kurtosis": {
        "max": 21.8081684113,
        "mean": 3.5659737587,
        "min": -0.79213142395,
        "stdev": 2.71353745461
    },
    "spectral_rms": {
        "max": 0.0109899239615,
        "mean": 0.00408747047186,
        "min": 0.00035765641951,
        "stdev": 0.00176370702684
    },
    "spectral_rolloff": {
        "max": 8225.68359375,
        "mean": 1568.29785156,
        "min": 107.666015625,
        "stdev": 1093.41186523
    },
    "spectral_skewness": {
        "max": 3.5106575489,
        "mean": 1.24703526497,
        "min": -0.0409962795675,
        "stdev": 0.4683342278
    },
    "spectral_spread": {
        "max": 23974572,
        "mean": 3358613.25,
        "min": 1746364,
        "stdev": 839380.0625
    },
    "spectral_strongpeak": {
        "max": 12.6474971771,
        "mean": 0.990479111671,
        "min": 0,
        "stdev": 1.39128339291
    },
    "zerocrossingrate": {
        "max": 0.24951171875,
        "mean": 0.0555675216019,
        "min": 0.0078125,
        "stdev": 0.0288764424622
    },
    "barkbands": {
        "max": [0.00277292216197, 0.0276365038007, 0.0252362154424, 0.0149254463613, 0.0707322508097, 0.0159147679806, 0.0441966615617, 0.0608453452587, 0.062666259706, 0.0387928001583, 0.0397471226752, 0.0213408637792, 0.0680199712515, 0.0351634025574, 0.0142400646582, 0.012391673401, 0.0160645954311, 0.00396680738777, 0.00759317073971, 0.00536253768951, 0.00397837627679, 0.0100995488465, 0.0060153841041, 0.00337900500745, 0.000361084530596, 2.87244874926e-05, 5.01329395775e-06],
        "mean": [0.000197467685211, 0.0028810959775, 0.00211978517473, 0.00119059800636, 0.00299321813509, 0.00112416688353, 0.00118180795107, 0.00126660242677, 0.00117274734657, 0.000974250026047, 0.000831852434203, 0.000607217545621, 0.000687957915943, 0.000507604447193, 0.000405232334742, 0.000457399903098, 0.000549223623239, 0.00031098612817, 0.000286924041575, 0.000216167405597, 0.000118753232528, 0.000143608951475, 5.29877543158e-05, 3.16843652399e-05, 4.06282060794e-06, 1.26522564869e-07, 4.39613456749e-09],
        "min": [6.02883858392e-07, 3.75166973754e-06, 1.44556474879e-06, 1.0222884157e-06, 1.85672215594e-05, 7.39774031899e-06, 1.29741147248e-06, 1.24637131194e-06, 2.2921276468e-06, 2.03078684535e-06, 3.58637208819e-07, 1.93408141058e-07, 7.88964882759e-07, 2.20790980165e-07, 4.92802371355e-07, 6.42140321361e-07, 1.13496707854e-06, 5.7632877315e-07, 8.12880784906e-07, 8.24690118861e-07, 7.71986947257e-07, 3.93140567212e-07, 1.91451846376e-07, 2.55445286257e-07, 3.88928091122e-11, 1.12827195503e-11, 1.13497562043e-11],
        "stdev": [0.00019692198839, 0.00370408943854, 0.00318200723268, 0.00178884936031, 0.00468355836347, 0.00165815127548, 0.00322538847104, 0.00467487424612, 0.00398924993351, 0.00349407270551, 0.00313708651811, 0.00171808141749, 0.00320709589869, 0.00225986191072, 0.00092880835291, 0.0008608539938, 0.00126510136761, 0.000496156630106, 0.000577248865739, 0.000401871860959, 0.000342934916262, 0.000468269310659, 0.000266245915554, 0.000185883080121, 1.86456945812e-05, 1.19688081668e-06, 1.34070290869e-07]
    },
    "erbbands": {
        "max": [0.327529728413, 7.87510728836, 32.0084037781, 33.9325408936, 81.4437255859, 312.520996094, 284.617156982, 202.011016846, 551.612304688, 1073.3840332, 1686.21655273, 1884.79296875, 1571.09289551, 1367.54309082, 1830.00842285, 1136.28198242, 2921.91308594, 1659.09777832, 1153.09069824, 459.77154541, 382.955505371, 775.658874512, 246.830764771, 365.094482422, 384.373718262, 201.60055542, 258.838684082, 196.517684937, 370.618377686, 204.201644897, 229.224700928, 97.0914611816, 40.1976356506, 8.0462846756, 0.308242499828, 0.214879095554, 0.0101336324587, 0.00316736847162, 0.000734682485927, 0.000147869912325],
        "mean": [0.0398528948426, 0.783006489277, 2.62862944603, 3.17668032646, 5.46289253235, 10.9771785736, 11.836350441, 10.2796020508, 13.9367275238, 22.4038333893, 27.4531497955, 32.2757415771, 30.7846736908, 23.3839530945, 40.6403427124, 28.0470867157, 31.5839271545, 27.7458820343, 23.9411811829, 18.7582645416, 29.8560066223, 25.168138504, 22.5306243896, 9.44531345367, 15.9700775146, 9.799949646, 7.14856147766, 4.59163284302, 6.19808483124, 2.33047986031, 1.64861440659, 0.815924406052, 0.428621768951, 0.0981955230236, 0.00319721736014, 0.00106623140164, 7.21284304745e-05, 1.04821556306e-05, 1.27461335069e-05, 2.45020219154e-05],
        "min": [0.000149234387209, 0.000731927982997, 0.00283972453326, 0.00686633447185, 0.0320946387947, 0.0672622770071, 0.0751781910658, 0.110194869339, 0.051815405488, 0.0208769347519, 0.0481625199318, 0.073879994452, 0.0393775850534, 0.0410757362843, 0.0336831212044, 0.0154524846002, 0.0470957607031, 0.0251781381667, 0.0219265352935, 0.0392452962697, 0.0527736879885, 0.0993269011378, 0.0450829342008, 0.0367820374668, 0.038048543036, 0.0370407402515, 0.0347322672606, 0.03011306189, 0.0151817249134, 0.00744807580486, 0.0049364361912, 0.00640670070425, 0.00105142965913, 7.91803686297e-05, 2.05000269489e-05, 6.08508480582e-06, 1.92642028196e-06, 3.51214396233e-07, 2.65815032208e-07, 4.54806468042e-07],
        "stdev": [0.0433762148023, 1.04866719246, 3.96292519569, 4.57910394669, 6.98407697678, 19.3367671967, 24.5390949249, 15.1694784164, 33.5037231445, 67.2589797974, 114.720375061, 115.671348572, 110.807235718, 78.2624816895, 146.306747437, 74.2348022461, 135.250030518, 109.507583618, 56.2595748901, 38.6736793518, 44.2037315369, 55.9293060303, 35.3151435852, 18.4024143219, 34.476360321, 17.3057937622, 17.1412658691, 13.5052223206, 17.9546642303, 10.0204696655, 9.14580917358, 4.62644290924, 2.57802987099, 0.466632038355, 0.0161881502718, 0.00939938426018, 0.000536401174031, 8.89847069629e-05, 2.27809869102e-05, 2.19429057324e-05]
    },
    "gfcc": {
        "mean": [-50.9827575684, 144.97946167, -159.892883301, 63.9891166687, -65.4196243286, 8.25687599182, -27.3658828735, -13.1375427246, 0.703549325466, -23.0021324158, 4.87160015106, -18.2287654877, 6.55342245102],
        "cov": [[2175.42407227, -288.425109863, -418.54699707, -29.178686142, -49.7921104431, 30.9891014099, 162.062988281, 31.4797859192, 40.7419700623, 67.9382171631, -99.9446182251, -24.4851207733, -116.958450317], [-288.425109863, 725.684082031, 143.862289429, -200.429504395, 205.773925781, -41.1347885132, 163.46282959, -103.783256531, 18.1226196289, -113.853874207, 33.9543037415, -84.1179428101, -19.2213630676], [-418.54699707, 143.862289429, 506.345611572, 76.5198974609, 18.3562297821, 115.468360901, -34.8082580566, 28.2967891693, 3.67044329643, -2.29442739487, -19.6056213379, -21.6176166534, -0.231354564428], [-29.178686142, -200.429504395, 76.5198974609, 400.430297852, 92.7478485107, 1.44551646709, -92.7476425171, 17.1694087982, 47.7693367004, 2.1700117588, -21.4563941956, 24.0456829071, -5.52558851242], [-49.7921104431, 205.773925781, 18.3562297821, 92.7478485107, 258.432342529, 7.33535003662, 26.5367946625, -22.0285873413, 19.4784297943, -41.762462616, -0.69708442688, -37.4483413696, -13.8306484222], [30.9891014099, -41.1347885132, 115.468360901, 1.44551646709, 7.33535003662, 201.35357666, 52.8381690979, 46.6680984497, -2.40655040741, 37.5471687317, -2.18613004684, -24.7758789062, -27.3756866455], [162.062988281, 163.46282959, -34.8082580566, -92.7476425171, 26.5367946625, 52.8381690979, 260.300201416, 3.54262495041, -16.5044708252, -36.948890686, -12.351480484, -30.6849441528, -43.1227493286], [31.4797859192, -103.783256531, 28.2967891693, 17.1694087982, -22.0285873413, 46.6680984497, 3.54262495041, 151.155441284, 23.4176559448, 13.5908088684, -17.4998283386, -13.0707492828, -1.45283079147], [40.7419700623, 18.1226196289, 3.67044329643, 47.7693367004, 19.4784297943, -2.40655040741, -16.5044708252, 23.4176559448, 124.039276123, 33.314666748, -12.5945749283, -8.55069446564, -20.7806758881], [67.9382171631, -113.853874207, -2.29442739487, 2.1700117588, -41.762462616, 37.5471687317, -36.948890686, 13.5908088684, 33.314666748, 113.31161499, 12.6499986649, -1.09829640388, -4.88092899323], [-99.9446182251, 33.9543037415, -19.6056213379, -21.4563941956, -0.69708442688, -2.18613004684, -12.351480484, -17.4998283386, -12.5945749283, 12.6499986649, 94.4417648315, 31.6886940002, 4.9798989296], [-24.4851207733, -84.1179428101, -21.6176166534, 24.0456829071, -37.4483413696, -24.7758789062, -30.6849441528, -13.0707492828, -8.55069446564, -1.09829640388, 31.6886940002, 100.215354919, 34.0292701721], [-116.958450317, -19.2213630676, -0.231354564428, -5.52558851242, -13.8306484222, -27.3756866455, -43.1227493286, -1.45283079147, -20.7806758881, -4.88092899323, 4.9798989296, 34.0292701721, 84.5968322754]],
        "icov": [[0.000711187662091, 8.00279594841e-05, 0.000611498078797, -4.01571469411e-06, -1.50103305714e-05, -0.000195765780518, -0.000287196482532, -2.16649423237e-05, 3.88874323107e-05, -0.000448559178039, 0.000945946143474, -0.000365489773685, 0.000865272246301], [8.00279594841e-05, 0.0108774071559, -0.00535656465217, 0.00683677801862, -0.007438368164, 0.00446381233633, -0.00485024414957, 0.00554170180112, -0.00709791667759, 0.00697445031255, -0.00685120513663, 0.00645976420492, -0.00267109530978], [0.000611498078797, -0.00535656465217, 0.00575317395851, -0.00379421911202, 0.00388164445758, -0.00424507865682, 0.00283337128349, -0.00262353592552, 0.00336590479128, -0.00293110078201, 0.00447810068727, -0.00299147260375, 0.00165380281396], [-4.01571469411e-06, 0.00683677801862, -0.00379421911202, 0.00789000466466, -0.00633207568899, 0.00276131602004, -0.00164119969122, 0.00298709026538, -0.00506832823157, 0.00432352581993, -0.002985824598, 0.00195128261112, -0.00047883062507], [-1.50103305714e-05, -0.007438368164, 0.00388164445758, -0.00633207568899, 0.0106304259971, -0.0037520986516, 0.00267711700872, -0.00255364226177, 0.00347533659078, -0.0022666270379, 0.00306533207186, -0.00133142562117, 0.000808794575278], [-0.000195765780518, 0.00446381233633, -0.00424507865682, 0.00276131602004, -0.0037520986516, 0.00989565905184, -0.00385040603578, 0.000185629440239, -0.00120609090663, -0.000705505139194, -0.00338142900728, 0.00288657052442, 0.000242566427914], [-0.000287196482532, -0.00485024414957, 0.00283337128349, -0.00164119969122, 0.00267711700872, -0.00385040603578, 0.00787331350148, -0.00248001678847, 0.00327359652147, -0.000725419318769, 0.00350943976082, -0.00296348147094, 0.00331169017591], [-2.16649423237e-05, 0.00554170180112, -0.00262353592552, 0.00298709026538, -0.00255364226177, 0.000185629440239, -0.00248001678847, 0.0106922984123, -0.00539366947487, 0.00421144487336, -0.00289617315866, 0.00452712830156, -0.00275335088372], [3.88874323107e-05, -0.00709791667759, 0.00336590479128, -0.00506832823157, 0.00347533659078, -0.00120609090663, 0.00327359652147, -0.00539366947487, 0.0152169605717, -0.008604362607, 0.00620478857309, -0.00509410630912, 0.0047985217534], [-0.000448559178039, 0.00697445031255, -0.00293110078201, 0.00432352581993, -0.0022666270379, -0.000705505139194, -0.000725419318769, 0.00421144487336, -0.008604362607, 0.0179140996188, -0.00741251325235, 0.00612565968186, -0.0027651602868], [0.000945946143474, -0.00685120513663, 0.00447810068727, -0.002985824598, 0.00306533207186, -0.00338142900728, 0.00350943976082, -0.00289617315866, 0.00620478857309, -0.00741251325235, 0.0191066134721, -0.010026935488, 0.00471956422552], [-0.000365489773685, 0.00645976420492, -0.00299147260375, 0.00195128261112, -0.00133142562117, 0.00288657052442, -0.00296348147094, 0.00452712830156, -0.00509410630912, 0.00612565968186, -0.010026935488, 0.0195510201156, -0.00780684733763], [0.000865272246301, -0.00267109530978, 0.00165380281396, -0.00047883062507, 0.000808794575278, 0.000242566427914, 0.00331169017591, -0.00275335088372, 0.0047985217534, -0.0027651602868, 0.00471956422552, -0.00780684733763, 0.0181166306138]]
    },
    "melbands": {
        "max": [0.00519457831979, 0.0142192877829, 0.00572879519314, 0.0096778050065, 0.0138533674181, 0.00389105430804, 0.00923566892743, 0.0127180665731, 0.0131565639749, 0.0113689498976, 0.0077149826102, 0.00607545487583, 0.00641342438757, 0.00250238832086, 0.00523673836142, 0.00920770131052, 0.00371951819398, 0.00280953967012, 0.00115736352745, 0.00131566589698, 0.000701707613189, 0.00117615610361, 0.000499761023093, 0.00026748268283, 0.000368257839, 0.000434985937318, 0.000288089417154, 0.000174508924829, 0.000177804366103, 9.89959444269e-05, 0.000132628236315, 0.000203608971788, 0.000214664309169, 6.70659865136e-05, 0.000158976748935, 6.39410427539e-05, 6.33183153695e-05, 3.27203670167e-05, 1.49212428369e-05, 4.12069721278e-06],
        "mean": [0.000582643551752, 0.00128001219127, 0.000624425767455, 0.000568915682379, 0.00048021186376, 0.000216012194869, 0.000230324701988, 0.000248248805292, 0.000217162654735, 0.000195886663278, 0.000148777166032, 9.04833941604e-05, 0.000122573037515, 8.65063120727e-05, 6.49463327136e-05, 6.86659768689e-05, 5.02855582454e-05, 3.79496377718e-05, 3.02001462842e-05, 3.20928666042e-05, 3.6103050661e-05, 3.07499394694e-05, 2.02745814022e-05, 1.43132438097e-05, 6.61865806251e-06, 1.09098346002e-05, 8.0784320744e-06, 6.90555361871e-06, 5.4165138863e-06, 3.37229516845e-06, 2.24524819714e-06, 3.90670857087e-06, 2.1941484647e-06, 9.2142710173e-07, 1.09936877379e-06, 5.44689328308e-07, 4.84303768644e-07, 3.45880692976e-07, 1.80077037726e-07, 4.07914484413e-08],
        "min": [1.32815523557e-06, 1.41386112773e-06, 1.55897737386e-06, 3.50363666257e-06, 3.18313323078e-06, 1.60797719673e-06, 5.33106288003e-07, 1.95810741843e-07, 3.09403503707e-07, 3.88653489836e-07, 1.6538135128e-07, 1.59280972412e-07, 6.87161403334e-08, 4.56602471388e-08, 7.13645036399e-08, 9.00467540532e-08, 2.98281932487e-08, 3.22270459208e-08, 4.31526885336e-08, 4.75727190974e-08, 4.11538039202e-08, 6.86463579314e-08, 5.93347593281e-08, 2.42956588181e-08, 2.77674594429e-08, 1.81066965865e-08, 1.40530245218e-08, 2.02233287894e-08, 1.9383866956e-08, 1.80058972177e-08, 1.36550548646e-08, 8.56701554142e-09, 5.75729064423e-09, 4.0754559727e-09, 3.33477734316e-09, 2.16188444924e-09, 3.69687835899e-09, 3.44956771481e-11, 6.45510392101e-13, 2.47148493077e-13],
        "stdev": [0.000671282468829, 0.00175019190647, 0.000798116670921, 0.000738364760764, 0.000981460092589, 0.000317654921673, 0.000571543583646, 0.000735129404347, 0.000895178876817, 0.000699723255821, 0.000556641200092, 0.000343290623277, 0.000467427278636, 0.000237405809457, 0.000236030202359, 0.000372667564079, 0.000220436879317, 0.000113260757644, 8.08759286883e-05, 7.16137656127e-05, 5.69418662053e-05, 7.70960905356e-05, 3.76569405489e-05, 2.43675276579e-05, 1.70956009242e-05, 2.4282886443e-05, 1.81859813893e-05, 1.28581496028e-05, 1.28523615786e-05, 9.76397950581e-06, 7.78420235292e-06, 1.14317326734e-05, 9.10160906642e-06, 4.08426149079e-06, 6.17680416326e-06, 3.01247609968e-06, 2.96082112072e-06, 2.1945647859e-06, 8.68245365382e-07, 2.01965832503e-07]
    },
    "melbands128": {
        "max": [0.00136231491342, 0.00234687328339, 0.00562897324562, 0.0159522667527, 0.0195802878588, 0.00994323659688, 0.00863961596042, 0.00759358378127, 0.00914536882192, 0.00914144702256, 0.0202605407685, 0.0296024698764, 0.0123578421772, 0.00343312695622, 0.00639499910176, 0.00569469155744, 0.00729269068688, 0.0163106322289, 0.0159819424152, 0.0162697248161, 0.0184507854283, 0.0148620707914, 0.0234255660325, 0.0102449730039, 0.0231536105275, 0.0132015710697, 0.0113961100578, 0.01479917299, 0.00953863468021, 0.0118381315842, 0.00537094799802, 0.00597900943831, 0.0135492812842, 0.0114503856748, 0.00686459522694, 0.00409390497953, 0.00649883039296, 0.00814547948539, 0.00680124433711, 0.00938679464161, 0.0156335309148, 0.00523058883846, 0.00455961981788, 0.00662043876946, 0.00919664185494, 0.00121931394096, 0.0020219492726, 0.00220188079402, 0.000735777022783, 0.0011444624979, 0.00294098677114, 0.00157649465837, 0.00031449488597, 0.00113367452286, 0.00269470177591, 0.00155038759112, 0.000854432757478, 0.00128978106659, 0.000620334292762, 0.000656930264086, 0.000561606779229, 0.000110735156341, 0.000244824361289, 0.000749544473365, 0.000206726181204, 0.000858053332195, 0.000465465593152, 0.000784095551353, 0.000235344981775, 0.000195552449441, 0.00023739032622, 0.000312017975375, 0.000377673073672, 0.00029649285716, 0.000330860755639, 0.000205282703973, 0.000170849991264, 0.000144863763126, 0.000126768660266, 0.000170865605469, 0.000375761126634, 0.000236026753555, 0.000270183605608, 0.000229398501688, 0.000191119775991, 7.36754736863e-05, 6.46076368866e-05, 0.00010544538236, 0.000213660023292, 0.000176902016392, 5.48763564439e-05, 5.04787276441e-05, 5.73703982809e-05, 5.8250825532e-05, 8.88668218977e-05, 4.82875548187e-05, 4.62916905235e-05, 2.43170507019e-05, 2.08282963285e-05, 1.46726397361e-05, 1.01065625131e-05, 1.7725992052e-07, 5.02537602642e-08, 4.69854199991e-08, 4.37920988361e-08, 4.09693647896e-08, 1.97648859057e-07, 9.11086374344e-07, 4.22114368348e-07, 3.00669455555e-07, 3.10993328867e-08, 2.96991000681e-08, 2.84613062007e-08, 2.7287144988e-08, 2.61988972738e-08, 2.52341685325e-08, 2.43742608319e-08, 2.3581081976e-08, 2.28745360431e-08, 2.22114060477e-08, 2.16407762821e-08, 2.11537649619e-08, 2.07180299583e-08, 2.03382519715e-08, 2.00227194824e-08, 1.97483132069e-08, 1.95638456546e-08, 1.94611278204e-08],
        "mean": [0.000142485936522, 0.000223007795285, 0.000573481491301, 0.00161027128343, 0.00157071789727, 0.000920863589272, 0.000607806781773, 0.000611706869677, 0.000528846052475, 0.000492187566124, 0.000622501189355, 0.000760059978347, 0.000393738824641, 0.000209072881262, 0.00026579760015, 0.000192909472389, 0.000135277135996, 0.000271902856184, 0.000311935407808, 0.000235976171098, 0.000229073441005, 0.00021673302399, 0.000255998165812, 0.000139677431434, 0.000250256329309, 0.000195822663954, 0.000120583441458, 0.000199233414605, 9.73213318503e-05, 0.00012089505617, 7.30470637791e-05, 5.79902080062e-05, 0.000122996367281, 0.000202911396627, 6.83101679897e-05, 6.40597063466e-05, 8.81025116541e-05, 4.13908419432e-05, 7.92740320321e-05, 6.74324328429e-05, 7.99212648417e-05, 4.51485684607e-05, 4.11416876887e-05, 6.66262712912e-05, 3.85424173146e-05, 2.68988369498e-05, 4.41317606601e-05, 4.06763829233e-05, 1.69770773937e-05, 1.30136941152e-05, 3.38093814207e-05, 6.00526691414e-05, 1.83977517736e-05, 2.81308057311e-05, 6.70729277772e-05, 2.30815458053e-05, 1.0908409422e-05, 1.9608221919e-05, 1.64277571457e-05, 3.78317490686e-05, 1.03093279904e-05, 2.71898534265e-06, 8.32900695968e-06, 7.96439962869e-06, 3.28113219439e-06, 7.18640876585e-06, 2.20666588575e-05, 1.02353506009e-05, 4.0256286411e-06, 5.15989677297e-06, 3.97297617383e-06, 1.10700575533e-05, 9.33311821427e-06, 2.80703488897e-06, 2.57402484749e-06, 4.39956011178e-06, 3.1796496387e-06, 2.18140075958e-06, 2.03596437132e-06, 2.26818201554e-06, 3.62817922905e-06, 5.66310018257e-06, 2.45206001637e-06, 2.13580574382e-06, 1.47089735947e-06, 8.93312403605e-07, 6.98126086718e-07, 9.64978539741e-07, 1.44128534885e-06, 9.36546143748e-07, 5.29678686689e-07, 4.58139965076e-07, 5.02413740833e-07, 4.54931495142e-07, 5.26641088072e-07, 4.36090004996e-07, 3.02294324683e-07, 2.19904819687e-07, 1.85784543305e-07, 1.70586545778e-07, 9.33783965706e-08, 8.45755077084e-10, 5.42464927145e-11, 4.21025020403e-11, 3.84900826489e-11, 3.81665636595e-11, 6.34345909134e-10, 4.05396294312e-09, 1.82350146094e-09, 1.00127683922e-09, 1.33364916333e-10, 2.84283412783e-11, 2.58874120057e-11, 2.47777579704e-11, 2.37840875467e-11, 2.2574376396e-11, 2.14134942417e-11, 2.0646534829e-11, 2.00367517716e-11, 1.94613370558e-11, 1.89725526956e-11, 1.85542622932e-11, 1.81703541102e-11, 1.78389004957e-11, 1.75662297208e-11, 1.73367414175e-11, 1.71769612423e-11, 1.70829565771e-11],
        "min": [1.0108173143e-07, 1.12652105599e-06, 1.26958025248e-06, 9.5217234275e-07, 5.03869614477e-07, 8.65643585257e-07, 3.27794509758e-07, 3.04536968088e-07, 9.3840401405e-07, 3.38103450304e-06, 5.79851814564e-07, 2.30333114359e-07, 2.09581060062e-07, 3.10782922952e-07, 6.20905154847e-07, 2.90148733484e-07, 2.27428770927e-07, 1.1918341869e-07, 2.74048460369e-07, 1.29918959146e-07, 1.78391417194e-07, 7.66183134715e-08, 2.09239363613e-08, 7.82399851573e-08, 1.58602773581e-07, 6.91357868732e-08, 8.35803177779e-08, 2.20133511419e-08, 1.21664612607e-07, 4.22933617017e-08, 1.27977699549e-08, 1.26542207823e-08, 4.11330347561e-08, 2.6893905769e-08, 6.63467414341e-09, 1.65388769346e-08, 3.56614426877e-09, 3.84072507131e-09, 3.54621896292e-08, 1.00301221551e-07, 1.62670392712e-08, 1.7454940604e-08, 9.77984093709e-09, 6.25504092966e-09, 1.67033142873e-08, 2.24447003205e-08, 2.32351862195e-08, 2.59092978183e-08, 1.58850479437e-08, 1.3598710602e-08, 4.00297821557e-08, 1.71399676674e-08, 1.50042644975e-08, 2.55282373018e-08, 1.73179710572e-08, 2.33839436703e-08, 1.7753567505e-08, 2.54823522283e-08, 2.24175167318e-08, 2.79667244918e-09, 1.87340116753e-08, 1.40929845571e-08, 9.12178599322e-09, 8.96668339578e-09, 9.27640408932e-10, 6.49959108756e-09, 1.54931854013e-08, 6.73871447532e-09, 2.96194468952e-09, 6.93412827157e-10, 1.2494519197e-08, 1.67801399442e-08, 5.24048626716e-09, 2.03133110332e-09, 4.40853620276e-09, 1.19857812564e-08, 7.11399872344e-09, 1.26924548649e-09, 1.31526667335e-09, 3.87290244319e-09, 3.15679371532e-09, 6.252503848e-09, 6.05612582305e-09, 7.94099452861e-10, 2.21397056244e-09, 2.62011456975e-09, 1.35493605224e-09, 1.42403100423e-09, 1.47156764552e-09, 2.01975755565e-10, 3.23212984155e-11, 6.30387186895e-10, 2.77587020037e-09, 2.22404450412e-09, 4.65796984317e-11, 2.19239513696e-12, 6.30939961735e-13, 6.98113550475e-13, 6.19113159177e-13, 4.40276260545e-13, 2.68114848899e-13, 5.10578755111e-14, 3.50095556115e-14, 3.30552710312e-14, 2.34496616054e-14, 3.49375374822e-14, 3.20089583365e-14, 3.92439918995e-14, 3.74685396912e-14, 4.62876197332e-14, 4.77374690884e-14, 4.84971153405e-14, 4.67949653636e-14, 5.01189191602e-14, 4.41407232489e-14, 3.69079427936e-14, 3.83367010283e-14, 4.00257524878e-14, 2.73190944557e-14, 3.96950708252e-14, 2.82460212446e-14, 3.19371265545e-14, 3.88086813391e-14, 2.52240550224e-14, 3.28075511636e-14, 3.76206024341e-14, 3.58494396007e-14, 2.95759646158e-14],
        "stdev": [0.000132878005388, 0.000280173990177, 0.000729028310161, 0.0022677120287, 0.00249138218351, 0.00131092756055, 0.001047638827, 0.000912415271159, 0.000801421934739, 0.00079326791456, 0.00121472333558, 0.00192594481632, 0.00101492449176, 0.000387152947951, 0.00045691957348, 0.000434067362221, 0.000421781558543, 0.000863668741658, 0.00106266303919, 0.00100246246438, 0.000893444463145, 0.00104907166678, 0.00142299674917, 0.000603740860242, 0.00124308816157, 0.000718597555533, 0.000548638636246, 0.000978339929134, 0.000559973472264, 0.000641370483208, 0.000297372956993, 0.000322221196257, 0.000686279381625, 0.000878713966813, 0.000336666387739, 0.00024294971081, 0.000323283107718, 0.000283903093077, 0.000360670819646, 0.00040795156383, 0.000665561005007, 0.000279799132841, 0.000251014338573, 0.000366449850844, 0.000287433038466, 7.92713617557e-05, 0.000107892410597, 0.000166630998137, 4.87775359943e-05, 5.67787828913e-05, 0.000123272024211, 0.000130778847961, 3.64630650438e-05, 7.72995481384e-05, 0.000178879621672, 9.09650188987e-05, 4.26663791586e-05, 6.95231501595e-05, 3.60381382052e-05, 7.58976239013e-05, 2.87393777398e-05, 6.24802169114e-06, 1.90467671928e-05, 2.99222374451e-05, 1.0584570191e-05, 2.67164323304e-05, 5.30522556801e-05, 3.60720769095e-05, 1.29900590764e-05, 1.56208516273e-05, 1.28492038129e-05, 2.2079455448e-05, 2.32828442677e-05, 1.26935119624e-05, 1.30689440994e-05, 1.35365326059e-05, 1.1028134395e-05, 8.68894312589e-06, 7.20599882698e-06, 8.85863391886e-06, 1.77285801328e-05, 1.41043901749e-05, 1.0416601981e-05, 1.08022422864e-05, 9.60875604505e-06, 4.02876321459e-06, 3.26245526594e-06, 5.10185236635e-06, 8.06515345175e-06, 7.13212148185e-06, 3.24964275933e-06, 2.35225911638e-06, 2.8380841286e-06, 3.14258318213e-06, 3.36060111295e-06, 2.69672977993e-06, 2.38115308093e-06, 1.24299106119e-06, 9.64947616922e-07, 7.79095785219e-07, 4.84761017105e-07, 7.44497752336e-09, 1.34557731624e-09, 1.25616406166e-09, 1.1708781722e-09, 1.09626030476e-09, 6.84849865706e-09, 3.65270622638e-08, 2.00656486982e-08, 1.28062733751e-08, 1.73813707871e-09, 7.94733667764e-10, 7.61078366995e-10, 7.29701798985e-10, 7.00608626669e-10, 6.74801547973e-10, 6.51828258036e-10, 6.30624941156e-10, 6.11723616206e-10, 5.93992577347e-10, 5.78741499169e-10, 5.65710367439e-10, 5.54061574398e-10, 5.43910805284e-10, 5.35468114293e-10, 5.28134036504e-10, 5.23200427427e-10, 5.20453735664e-10]
    },
    "mfcc": {
        "mean": [-667.710449219, 137.537597656, -14.4433116913, 36.9899749756, -1.08074522018, 13.9239149094, -10.2133846283, 7.26681566238, -2.79227018356, 3.11030125618, -8.41810798645, 4.84037017822, -4.06287240982],
        "cov": [[2445.80224609, -390.170806885, -464.617675781, -29.2855110168, -249.015869141, 34.4809608459, -29.2678871155, 26.7534103394, 67.9736404419, 36.7350502014, 58.6012229919, 95.7538375854, 81.2195358276], [-390.170806885, 908.135192871, -84.4063720703, -54.747127533, -61.7375068665, 85.5100708008, 88.1670150757, 59.6219825745, -42.9339027405, 35.0169715881, -37.5274353027, -4.70181417465, -68.0084228516], [-464.617675781, -84.4063720703, 507.6640625, -34.4852676392, 116.736236572, -2.92939949036, 29.4406642914, -11.2856588364, 66.487701416, -39.3350410461, 46.9910430908, 2.021941185, 26.3789615631], [-29.2855110168, -54.747127533, -34.4852676392, 303.225067139, 96.3050079346, 37.4321060181, -67.5960540771, 42.5699081421, -18.7124099731, 29.3076782227, -46.2691192627, -19.3646793365, -5.58529949188], [-249.015869141, -61.7375068665, 116.736236572, 96.3050079346, 327.246887207, 5.79232740402, -37.1757240295, -33.0167541504, 18.3782863617, -2.14152193069, 25.4534912109, -25.2143058777, 6.78374290466], [34.4809608459, 85.5100708008, -2.92939949036, 37.4321060181, 5.79232740402, 175.50491333, 36.8513069153, 22.9021587372, -12.3514595032, 30.9646224976, 2.51259422302, 29.9814224243, 5.32241392136], [-29.2678871155, 88.1670150757, 29.4406642914, -67.5960540771, -37.1757240295, 36.8513069153, 199.219909668, 43.6299247742, 17.8383922577, 1.00765955448, 3.83362936974, 6.42350530624, 5.44779062271], [26.7534103394, 59.6219825745, -11.2856588364, 42.5699081421, -33.0167541504, 22.9021587372, 43.6299247742, 148.573959351, 17.496887207, 24.7528953552, -10.4769592285, 8.78449249268, -2.61752533913], [67.9736404419, -42.9339027405, 66.487701416, -18.7124099731, 18.3782863617, -12.3514595032, 17.8383922577, 17.496887207, 145.592041016, 14.350019455, 32.3525619507, 0.298418581486, 6.0987830162], [36.7350502014, 35.0169715881, -39.3350410461, 29.3076782227, -2.14152193069, 30.9646224976, 1.00765955448, 24.7528953552, 14.350019455, 127.984588623, 22.6145458221, 3.26638317108, -31.3484344482], [58.6012229919, -37.5274353027, 46.9910430908, -46.2691192627, 25.4534912109, 2.51259422302, 3.83362936974, -10.4769592285, 32.3525619507, 22.6145458221, 117.44871521, 36.908416748, -8.69293022156], [95.7538375854, -4.70181417465, 2.021941185, -19.3646793365, -25.2143058777, 29.9814224243, 6.42350530624, 8.78449249268, 0.298418581486, 3.26638317108, 36.908416748, 104.11252594, 33.2452735901], [81.2195358276, -68.0084228516, 26.3789615631, -5.58529949188, 6.78374290466, 5.32241392136, 5.44779062271, -2.61752533913, 6.0987830162, -31.3484344482, -8.69293022156, 33.2452735901, 123.629699707]],
        "icov": [[0.000692227564286, 0.000347782071913, 0.00073185673682, 3.20919716614e-05, 0.000386802654248, -0.000320445367834, 7.01865428709e-05, -8.30901335576e-05, -0.000516646483447, 7.30696046958e-05, -0.000449513230706, -0.000162476106198, -0.000374339171685], [0.000347782071913, 0.00153429154307, 0.000505972362589, 0.000513760431204, 9.19727535802e-05, -0.000762891198974, -0.000281331711449, -0.00050202064449, 4.23473247793e-05, -0.000116752024041, 0.000394158880226, -0.000193635016331, 0.000608439557254], [0.00073185673682, 0.000505972362589, 0.00325117749162, 0.000370493275113, -0.000478843023302, -0.000542735797353, -0.000254785554716, -0.000221565001993, -0.0013826249633, 0.000938306446187, -0.0010913151782, -2.04630159715e-05, -0.000588358903769], [3.20919716614e-05, 0.000513760431204, 0.000370493275113, 0.00536614796147, -0.00178768439218, -0.00130383321084, 0.0018425345188, -0.00217607943341, 0.000363505852874, -0.000949667359237, 0.00235655833967, 8.29035634524e-05, 0.000336542289006], [0.000386802654248, 9.19727535802e-05, -0.000478843023302, -0.00178768439218, 0.00450935494155, -0.000337969919201, 0.000189385231351, 0.00115664035548, -0.000482943025418, 0.000220604604692, -0.0019437315641, 0.0013503524242, -0.000818886153866], [-0.000320445367834, -0.000762891198974, -0.000542735797353, -0.00130383321084, -0.000337969919201, 0.00741340918466, -0.00156373775098, 0.000225274154218, 0.000946003303397, -0.00155965634622, 0.000283799483441, -0.00208878703415, -0.000239675064222], [7.01865428709e-05, -0.000281331711449, -0.000254785554716, 0.0018425345188, 0.000189385231351, -0.00156373775098, 0.00663974368945, -0.00211730552837, -0.000520935631357, 0.000205918579013, 0.000173737047589, 0.000601657375228, -0.000415409536799], [-8.30901335576e-05, -0.00050202064449, -0.000221565001993, -0.00217607943341, 0.00115664035548, 0.000225274154218, -0.00211730552837, 0.00881087500602, -0.00122704845853, -0.00106459157541, 0.000537979183719, -0.000899421458598, 4.3503418965e-06], [-0.000516646483447, 4.23473247793e-05, -0.0013826249633, 0.000363505852874, -0.000482943025418, 0.000946003303397, -0.000520935631357, -0.00122704845853, 0.00863084755838, -0.00120026059449, -0.00154206564184, 0.00102329463698, -0.000456825626316], [7.30696046958e-05, -0.000116752024041, 0.000938306446187, -0.000949667359237, 0.000220604604692, -0.00155965634622, 0.000205918579013, -0.00106459157541, -0.00120026059449, 0.00997289083898, -0.00245017535053, 0.000225458978093, 0.00202318443917], [-0.000449513230706, 0.000394158880226, -0.0010913151782, 0.00235655833967, -0.0019437315641, 0.000283799483441, 0.000173737047589, 0.000537979183719, -0.00154206564184, -0.00245017535053, 0.0134514598176, -0.00529062189162, 0.00277294637635], [-0.000162476106198, -0.000193635016331, -2.04630159715e-05, 8.29035634524e-05, 0.0013503524242, -0.00208878703415, 0.000601657375228, -0.000899421458598, 0.00102329463698, 0.000225458978093, -0.00529062189162, 0.0139124821872, -0.00412791687995], [-0.000374339171685, 0.000608439557254, -0.000588358903769, 0.000336542289006, -0.000818886153866, -0.000239675064222, -0.000415409536799, 4.3503418965e-06, -0.000456825626316, 0.00202318443917, 0.00277294637635, -0.00412791687995, 0.0107242548838]]
    },
    "spectral_contrast_coeffs": {
        "max": [-0.386238664389, -0.422063171864, -0.466336667538, -0.563095927238, -0.601292848587, -0.441076487303],
        "mean": [-0.701963543892, -0.735314011574, -0.728437125683, -0.740956664085, -0.736570894718, -0.667331457138],
        "min": [-0.902302861214, -0.91230481863, -0.936715960503, -0.889170885086, -0.879714787006, -0.915470480919],
        "stdev": [0.0698682591319, 0.0738929584622, 0.0702803581953, 0.0551066547632, 0.0510700345039, 0.0637442246079]
    },
    "spectral_contrast_valleys": {
        "max": [-5.26876115799, -5.09471082687, -5.43790721893, -5.42191934586, -6.25580024719, -8.17971897125],
        "mean": [-6.76509714127, -6.99201869965, -7.90050268173, -8.05579280853, -8.1407289505, -11.8828668594],
        "min": [-8.84651088715, -8.68516254425, -10.1493310928, -10.1249504089, -9.895154953, -15.6722402573],
        "stdev": [0.605343103409, 0.531971752644, 0.682378351688, 0.60882717371, 0.646628022194, 0.808459043503]
    }
},
"rhythm": {
    "beats_count": 85,
    "beats_loudness": {
        "max": 0.116726562381,
        "mean": 0.0269341077656,
        "min": 0.000821160560008,
        "stdev": 0.0208409056067
    },
    "bpm": 155.618041992,
    "bpm_histogram_first_peak_bpm": 157,
    "bpm_histogram_first_peak_weight": 0.388888895512,
    "bpm_histogram_second_peak_bpm": 152,
    "bpm_histogram_second_peak_spread": 0,
    "bpm_histogram_second_peak_weight": 0.142857149243,
    "danceability": 1.02209877968,
    "onset_rate": 2.30712866783,
    "beats_loudness_band_ratio": {
        "max": [0.905034542084, 0.80609869957, 0.779422998428, 0.67058390379, 0.540547311306, 0.824145436287],
        "mean": [0.402552872896, 0.208874329925, 0.158660635352, 0.121585264802, 0.10117803514, 0.0462723523378],
        "min": [0.00947930943221, 0.00942984316498, 0.00741814356297, 0.00655130622908, 0.00299943727441, 0.000661678379402],
        "stdev": [0.225759714842, 0.169265002012, 0.167638003826, 0.159386441112, 0.0915821939707, 0.0936233699322]
    },
