{
"metadata": {
    "version": {
        "essentia": "2.1-beta5",
        "essentia_git_sha": "Undefined",
        "extractor": "music 2.0"
    },
    "audio_properties": {
        "analysis": {
            "equal_loudness": 0,
            "length": 29.686712265,
            "sample_rate": 44100,
            "start_time": 178.735595703,
            "downmix": "mix"
        },
        "bit_rate": 192000,
        "length": 208.445526123,
        "lossless": 0,
        "number_channels": 2,
        "replay_gain": -1.49281311035,
        "sample_rate": 44100,
        "codec": "mp3",
        "md5_encoded": "859285512bc31b95672f43e72d062a20"
    },
    "tags": {
        "file_name": "Greece_Charlie Chaplin_Tania Tsanaklidou.mp3",
        "encoding": ["Lavf58.29.100"]
    }
},
"lowlevel": {
    "average_loudness": 0.58874475956,
    "barkbands_crest": {
        "max": 18.0554046631,
        "mean": 6.61234378815,
        "min": 2.71417665482,
        "stdev": 2.09395456314
    },
    "barkbands_flatness_db": {
        "max": 0.224610477686,
        "mean": 0.110133424401,
        "min": 0.0377105362713,
        "stdev": 0.0385483838618
    },
    "barkbands_kurtosis": {
        "max": 15.2312355042,
        "mean": 1.66598105431,
        "min": -1.72381138802,
        "stdev": 1.99433147907
    },
    "barkbands_skewness": {
        "max": 3.12954974174,
        "mean": -0.490532338619,
        "min": -3.54811573029,
        "stdev": 1.23866486549
    },
    "barkbands_spread": {
        "max": 68.8302230835,
        "mean": 22.6429862976,
        "min": 3.79517292976,
        "stdev": 9.46973323822
    },
    "dissonance": {
        "max": 0.499999701977,
        "mean": 0.484218269587,
        "min": 0.350346922874,
        "stdev": 0.0173023138195
    },
    "dynamic_complexity": 4.42985630035,
    "erbbands_crest": {
        "max": 24.3898944855,
        "mean": 6.62344455719,
        "min": 2.65945410728,
        "stdev": 3.68898701668
    },
    "erbbands_flatness_db": {
        "max": 0.345546454191,
        "mean": 0.168783009052,
        "min": 0.0798394829035,
        "stdev": 0.0646038576961
    },
    "erbbands_kurtosis": {
        "max": 10.0000543594,
        "mean": 0.480816364288,
        "min": -1.54709851742,
        "stdev": 1.49121654034
    },
    "erbbands_skewness": {
        "max": 2.18859434128,
        "mean": -0.242944866419,
        "min": -2.23986363411,
        "stdev": 0.597755908966
    },
    "erbbands_spread": {
        "max": 84.5546722412,
        "mean": 29.0117378235,
        "min": 4.76607275009,
        "stdev": 12.5163516998
    },
    "hfc": {
        "max": 239.049850464,
        "mean": 18.4829025269,
        "min": 1.05889461473e-16,
        "stdev": 27.4299163818
    },
    "loudness_ebu128": {
        "integrated": -22.5685005188,
        "loudness_range": 6.71597099304,
        "momentary": {
            "max": -17.8190460205,
            "mean": -116.157608032,
            "min": -300.691009521,
            "stdev": 129.332443237
        },
        "short_term": {
            "max": -20.8375415802,
            "mean": -98.816116333,
            "min": -300.691009521,
            "stdev": 121.199676514
        }
    },
    "melbands_crest": {
        "max": 26.871837616,
        "mean": 6.42103862762,
        "min": 1.40943849087,
        "stdev": 4.28395223618
    },
    "melbands_flatness_db": {
        "max": 0.273958176374,
        "mean": 0.0883435159922,
        "min": 0.0019958766643,
        "stdev": 0.0721758231521
    },
    "melbands_kurtosis": {
        "max": 27.4290523529,
        "mean": 1.20123267174,
        "min": -1.7647703886,
        "stdev": 3.38858962059
    },
    "melbands_skewness": {
        "max": 4.25484418869,
        "mean": 0.56691890955,
        "min": -1.43996763229,
        "stdev": 1.0199842453
    },
    "melbands_spread": {
        "max": 177.154907227,
        "mean": 69.5265426636,
        "min": 6.68627548218,
        "stdev": 50.3968544006
    },
    "pitch_salience": {
        "max": 0.876686215401,
        "mean": 0.709780097008,
        "min": 0.320642530918,
        "stdev": 0.112276211381
    },
    "silence_rate_20dB": {
        "max": 1,
        "mean": 1,
        "min": 1,
        "stdev": 0
    },
    "silence_rate_30dB": {
        "max": 1,
        "mean": 1,
        "min": 1,
        "stdev": 0
    },
    "silence_rate_60dB": {
        "max": 1,
        "mean": 0.418749988079,
        "min": 0,
        "stdev": 0.493354201317
    },
    "spectral_centroid": {
        "max": 11919.1748047,
        "mean": 5026.65576172,
        "min": 550.862426758,
        "stdev": 4328.74804688
    },
    "spectral_complexity": {
        "max": 55,
        "mean": 16.0578117371,
        "min": 0,
        "stdev": 14.8288497925
    },
    "spectral_decrease": {
        "max": 2.04119444415e-28,
        "mean": -2.8199971247e-09,
        "min": -2.22892939661e-08,
        "stdev": 3.43486528109e-09
    },
    "spectral_energy": {
        "max": 0.0935621187091,
        "mean": 0.0123197827488,
        "min": 9.9306926102e-21,
        "stdev": 0.0149376597255
    },
    "spectral_energyband_high": {
        "max": 0.0403695963323,
        "mean": 0.0007801578613,
        "min": 6.85244901271e-21,
        "stdev": 0.00238579139113
    },
    "spectral_energyband_low": {
        "max": 0.0246701147407,
        "mean": 0.00102030928247,
        "min": 1.42810156022e-23,
        "stdev": 0.00228736572899
    },
    "spectral_energyband_middle_high": {
        "max": 0.0736159309745,
        "mean": 0.00668932404369,
        "min": 1.03929114834e-21,
        "stdev": 0.0101230572909
    },
    "spectral_energyband_middle_low": {
        "max": 0.0599295012653,
        "mean": 0.00419020047411,
        "min": 1.05284033294e-22,
        "stdev": 0.00670211622491
    },
    "spectral_entropy": {
        "max": 9.82742881775,
        "mean": 8.41488456726,
        "min": 7.06760406494,
        "stdev": 1.02054846287
    },
    "spectral_flux": {
        "max": 0.237434700131,
        "mean": 0.0491109192371,
        "min": 6.31074220658e-11,
        "stdev": 0.0464993901551
    },
    "spectral_kurtosis": {
        "max": 27.1946983337,
        "mean": 2.98818349838,
        "min": -1.27859401703,
        "stdev": 4.50830078125
    },
    "spectral_rms": {
        "max": 0.00955406296998,
        "mean": 0.00257571367547,
        "min": 3.1126323307e-12,
        "stdev": 0.00232055759989
    },
    "spectral_rolloff": {
        "max": 19745.9472656,
        "mean": 8071.14697266,
        "min": 322.998046875,
        "stdev": 7800.26416016
    },
    "spectral_skewness": {
        "max": 3.20786571503,
        "mean": 0.975988507271,
        "min": -0.105082094669,
        "stdev": 0.789849758148
    },
    "spectral_spread": {
        "max": 43432840,
        "mean": 16064560,
        "min": 1204839.625,
        "stdev": 17601626
    },
    "spectral_strongpeak": {
        "max": 14.710647583,
        "mean": 1.06444191933,
        "min": 0,
        "stdev": 1.78716790676
    },
    "zerocrossingrate": {
        "max": 0.525390625,
        "mean": 0.226787567139,
        "min": 0.021484375,
        "stdev": 0.198489874601
    },
    "barkbands": {
        "max": [0.000143552664667, 0.00794177968055, 0.0174655690789, 0.0136500876397, 0.0416371896863, 0.0107792792842, 0.0161468274891, 0.0141192842275, 0.0297296345234, 0.0150563977659, 0.0579186119139, 0.0135636320338, 0.0152054652572, 0.0269331783056, 0.0195366013795, 0.017010288313, 0.0162290837616, 0.00813418999314, 0.039417989552, 0.00946681015193, 0.0103384489194, 0.0168134756386, 0.00629666401073, 0.00354534015059, 0.000672734400723, 0.000102645295556, 9.19981175684e-07],
        "mean": [6.42145550955e-06, 0.000321947823977, 0.000530011602677, 0.000388964894228, 0.00117744982708, 0.000655527925119, 0.000540171051398, 0.000466500234324, 0.000618816702627, 0.000638935947791, 0.000901567284018, 0.000610429677181, 0.00058154965518, 0.000927324115764, 0.000844605849124, 0.000709810119588, 0.000599965627771, 0.00044651835924, 0.000471205858048, 0.00022924260702, 0.000206391356187, 0.000187593279406, 0.000135566704557, 8.32096411614e-05, 3.62210921594e-05, 3.83374026569e-06, 1.21546472887e-09],
        "min": [1.00473355475e-25, 1.22326501066e-24, 1.70752394202e-25, 7.05468150955e-25, 5.76772692624e-24, 5.89839700202e-24, 4.84185310913e-24, 4.1891282969e-24, 2.38989000554e-24, 7.25040795811e-24, 8.05526854021e-24, 1.96317313268e-23, 2.09682115839e-23, 2.5555339929e-23, 4.03206719508e-23, 4.18173998344e-23, 6.07122561896e-23, 5.35827080331e-23, 8.85422339403e-23, 1.22561014819e-22, 2.31917962211e-22, 2.59144720115e-22, 3.48947156196e-22, 4.98119895093e-22, 7.93934858563e-22, 1.20702584744e-21, 1.86340951645e-21],
        "stdev": [1.40367183121e-05, 0.000712671608198, 0.00140388915315, 0.00104248861317, 0.00262911082245, 0.00118074240163, 0.00109202868771, 0.00105489382986, 0.00216908962466, 0.00158305955119, 0.00396800227463, 0.0012696419144, 0.0012477528071, 0.00210949336179, 0.00170947425067, 0.00150938262232, 0.00119192095008, 0.000800098176114, 0.00207893550396, 0.000475854525575, 0.000632805691566, 0.000828186050057, 0.000432141707279, 0.00022581210942, 8.93090327736e-05, 9.52581012825e-06, 2.57040966289e-08]
    },
    "erbbands": {
        "max": [0.0959727689624, 2.59352684021, 20.3171958923, 29.0641441345, 99.3160095215, 127.084335327, 81.8462982178, 97.1119155884, 133.279785156, 462.321228027, 416.289459229, 850.906005859, 548.673339844, 899.583374023, 2599.13598633, 347.003204346, 426.440368652, 1308.76013184, 993.136779785, 728.852294922, 581.098754883, 491.71786499, 441.175567627, 2643.59033203, 397.170501709, 367.732543945, 859.161315918, 228.48576355, 528.022216797, 438.338653564, 177.617233276, 113.725067139, 40.1851387024, 11.2721500397, 3.62812590599, 0.998678028584, 0.0481166243553, 0.00135809835047, 0.000234056467889, 0.00014288276725],
        "mean": [0.00378340971656, 0.096537515521, 0.583129286766, 0.944357991219, 2.45861196518, 3.97876286507, 5.26830005646, 4.97000598907, 7.56591701508, 9.65134239197, 10.5775632858, 16.3232326508, 21.8068904877, 16.558391571, 42.7049026489, 25.5383110046, 25.6403102875, 48.2690887451, 42.332572937, 44.4042396545, 39.4714050293, 31.6920013428, 25.8516273499, 30.6795558929, 13.5417432785, 11.1767406464, 10.7538366318, 6.26710796356, 6.51686000824, 5.62962245941, 3.74724841118, 2.18492746353, 1.14624047279, 0.538939118385, 0.187803566456, 0.0423949509859, 0.00213341973722, 7.04059857526e-05, 1.47888040374e-05, 1.75175355253e-05],
        "min": [4.35768120885e-23, 3.59143303303e-22, 1.60999205273e-21, 4.55339581976e-21, 1.03376775885e-20, 1.43097851575e-20, 2.53021592371e-20, 6.36252463774e-20, 9.24276688442e-20, 7.9723854846e-20, 1.9822993054e-19, 9.63078890871e-20, 3.10511866327e-19, 5.51801795178e-19, 4.58172963149e-19, 9.03568984363e-19, 9.51649994841e-19, 1.5015583219e-18, 1.74441513762e-18, 2.61302178243e-18, 3.135303828e-18, 4.18458222822e-18, 3.40624911238e-18, 5.00692879728e-18, 5.14768433185e-18, 6.51238303646e-18, 8.822916863e-18, 8.7826191051e-18, 9.08661790638e-18, 1.06895227071e-17, 9.70892656072e-18, 1.00395837388e-17, 8.16726952126e-18, 7.75230940389e-18, 5.56089248068e-18, 3.86681417847e-18, 2.20901787907e-18, 9.16953076867e-19, 2.34141201352e-19, 2.4978025606e-20],
        "stdev": [0.00744815217331, 0.222979918122, 1.51934909821, 2.33516168594, 6.22838640213, 9.59700679779, 10.5091733932, 9.51590633392, 14.8788948059, 23.1156196594, 25.6199302673, 60.4606170654, 55.8112983704, 50.5028686523, 172.65637207, 43.5471115112, 47.1884765625, 102.755805969, 82.0903549194, 77.6906738281, 78.5233154297, 57.8181304932, 43.5198249817, 139.326599121, 29.5004806519, 22.7976474762, 38.9966163635, 15.28677845, 26.6576519012, 22.7135734558, 12.5364494324, 6.40226840973, 2.93677997589, 1.35900890827, 0.465021491051, 0.103690497577, 0.00519194127992, 0.000162607335369, 2.42943424382e-05, 2.20503097808e-05]
    },
    "gfcc": {
        "mean": [-449.45098877, 53.9050064087, -116.3385849, 23.2580757141, -43.2250022888, 11.6942462921, -30.2912635803, 3.02503538132, -13.9219379425, -3.48607182503, -7.12270212173, -5.70890235901, -3.28420448303],
        "cov": [[352245.71875, 23519.9511719, -48347.3398438, 10792.0351562, -18574.3808594, 5247.51367188, -12946.4785156, 1370.93896484, -6046.59423828, -1512.85974121, -3095.94165039, -2561.14160156, -1438.36791992], [23519.9511719, 2805.24951172, -3091.68652344, 619.605285645, -1224.51086426, 24.6884841919, -829.85144043, -25.3906135559, -379.820037842, -200.228637695, -108.557769775, -221.698425293, -42.446308136], [-48347.3398438, -3091.68652344, 7564.99121094, -1025.56152344, 2434.87890625, -743.580627441, 1784.23791504, -169.738433838, 748.144836426, 222.095672607, 409.738067627, 330.101409912, 171.775146484], [10792.0351562, 619.605285645, -1025.56152344, 738.293701172, -635.145385742, 177.647155762, -380.419677734, 52.3778457642, -221.459274292, -34.5547561646, -111.748390198, -104.393730164, -71.2485961914], [-18574.3808594, -1224.51086426, 2434.87890625, -635.145385742, 1121.61132812, -226.92288208, 696.112670898, -54.6069259644, 331.282653809, 89.3376922607, 165.164306641, 145.578460693, 80.9111480713], [5247.51367188, 24.6884841919, -743.580627441, 177.647155762, -226.92288208, 260.402648926, -159.759078979, 48.085521698, -101.939979553, 5.30775690079, -70.8518371582, -28.1897792816, -36.321685791], [-12946.4785156, -829.85144043, 1784.23791504, -380.419677734, 696.112670898, -159.759078979, 554.367553711, -58.0151100159, 220.071594238, 43.9150352478, 123.698150635, 81.3264389038, 58.1196060181], [1370.93896484, -25.3906135559, -169.738433838, 52.3778457642, -54.6069259644, 48.085521698, -58.0151100159, 67.8128051758, -9.94641113281, 14.6650781631, -26.0562763214, 4.13006496429, -6.54389810562], [-6046.59423828, -379.820037842, 748.144836426, -221.459274292, 331.282653809, -101.939979553, 220.071594238, -9.94641113281, 161.869659424, 31.1229877472, 60.079372406, 39.3321762085, 30.4033203125], [-1512.85974121, -200.228637695, 222.095672607, -34.5547561646, 89.3376922607, 5.30775690079, 43.9150352478, 14.6650781631, 31.1229877472, 57.898651123, 15.8376111984, 23.734287262, -8.25795650482], [-3095.94165039, -108.557769775, 409.738067627, -111.748390198, 165.164306641, -70.8518371582, 123.698150635, -26.0562763214, 60.079372406, 15.8376111984, 73.6116027832, 30.1021099091, 12.6594352722], [-2561.14160156, -221.698425293, 330.101409912, -104.393730164, 145.578460693, -28.1897792816, 81.3264389038, 4.13006496429, 39.3321762085, 23.734287262, 30.1021099091, 55.8097267151, 16.5793113708], [-1438.36791992, -42.446308136, 171.775146484, -71.2485961914, 80.9111480713, -36.321685791, 58.1196060181, -6.54389810562, 30.4033203125, -8.25795650482, 12.6594352722, 16.5793113708, 44.0669708252]],
        "icov": [[0.000529963348527, -0.00127448874991, 0.00132667680737, -0.00133870099671, 0.00175605341792, -0.00228743534535, 0.00155830313452, -0.00195795460604, 0.00152275874279, -0.000556986080483, 0.000424098077929, -2.37898893829e-05, 1.12306515803e-05], [-0.00127448874991, 0.00456981081516, -0.00278597697616, 0.00291110971011, -0.00433316035196, 0.00716568855569, -0.00275654974394, 0.00462447665632, -0.00214330921881, 0.00256912689656, -0.00387407816015, 0.00315833278, -0.00156206276733], [0.00132667680737, -0.00278597697616, 0.00454878620803, -0.00458254106343, 0.00333518791012, -0.0035593023058, 0.00161017221399, -0.0045035877265, 0.00425938237458, -0.00228870962746, 0.00165543076582, -0.00116002361756, 0.000222744725761], [-0.00133870099671, 0.00291110971011, -0.00458254106343, 0.00786490086466, -0.00199452415109, 0.00373041885905, -0.00247313454747, 0.00282289413735, -0.00195329077542, 0.00123389961664, -0.00178161100484, 0.0040404307656, 0.000675754039548], [0.00175605341792, -0.00433316035196, 0.00333518791012, -0.00199452415109, 0.0133015457541, -0.00905877817422, 0.00179419957567, -0.00666305748746, 0.00191483588424, -0.00285544595681, 0.00209474912845, -0.00282615376636, 0.000279134896118], [-0.00228743534535, 0.00716568855569, -0.0035593023058, 0.00373041885905, -0.00905877817422, 0.0210493821651, -0.0104476884007, 0.00623879069462, -0.0013414544519, -0.000435835128883, 0.000814675819129, 0.000912716379389, 0.00109962234274], [0.00155830313452, -0.00275654974394, 0.00161017221399, -0.00247313454747, 0.00179419957567, -0.0104476884007, 0.0212041176856, -0.00383138190955, 0.00275858049281, 0.00330028450117, -0.0077770720236, 0.00804823637009, -0.00458574527875], [-0.00195795460604, 0.00462447665632, -0.0045035877265, 0.00282289413735, -0.00666305748746, 0.00623879069462, -0.00383138190955, 0.0316849648952, -0.0126194320619, -0.00311039062217, 0.00733624212444, -0.00933431275189, -0.000672245398164], [0.00152275874279, -0.00214330921881, 0.00425938237458, -0.00195329077542, 0.00191483588424, -0.0013414544519, 0.00275858049281, -0.0126194320619, 0.0277817212045, -0.00548133580014, -0.00562929781154, 0.0110293254256, -0.00498316343874], [-0.000556986080483, 0.00256912689656, -0.00228870962746, 0.00123389961664, -0.00285544595681, -0.000435835128883, 0.00330028450117, -0.00311039062217, -0.00548133580014, 0.0324631817639, -0.00755255948752, -0.00551930582151, 0.00939128920436], [0.000424098077929, -0.00387407816015, 0.00165543076582, -0.00178161100484, 0.00209474912845, 0.000814675819129, -0.0077770720236, 0.00733624212444, -0.00562929781154, -0.00755255948752, 0.0382256135345, -0.0190066304058, 0.00758759211749], [-2.37898893829e-05, 0.00315833278, -0.00116002361756, 0.0040404307656, -0.00282615376636, 0.000912716379389, 0.00804823637009, -0.00933431275189, 0.0110293254256, -0.00551930582151, -0.0190066304058, 0.0497638359666, -0.0146456258371], [1.12306515803e-05, -0.00156206276733, 0.000222744725761, 0.000675754039548, 0.000279134896118, 0.00109962234274, -0.00458574527875, -0.000672245398164, -0.00498316343874, 0.00939128920436, 0.00758759211749, -0.0146456258371, 0.0366494320333]]
    },
    "melbands": {
        "max": [0.00153881206643, 0.00747054303065, 0.00534538086504, 0.00857612956315, 0.00391283398494, 0.00184678041842, 0.00195235048886, 0.00455612689257, 0.00353597616777, 0.00565941166133, 0.00276770233177, 0.00369173730724, 0.00911970622838, 0.00213908613659, 0.00116162851918, 0.00141927099321, 0.00294000376016, 0.00130589830223, 0.00163250917103, 0.00160127622075, 0.00101760285906, 0.00078541127732, 0.000427480059443, 0.00047258369159, 0.00260974094272, 0.000571096141357, 0.000119874581287, 0.000272314529866, 0.00071329792263, 0.000163406264619, 0.000120565804536, 0.000191612169147, 0.000523385824636, 0.000144283403642, 0.000108487416583, 0.000103672071418, 6.30290960544e-05, 3.264771658e-05, 1.36140324685e-05, 8.79762137629e-06],
        "mean": [5.87900467508e-05, 0.000241353060119, 0.000212343831663, 0.000224895047722, 0.000193150495761, 0.00012287820573, 0.000112268709927, 0.000101208876004, 8.63148816279e-05, 0.000101743455161, 0.000106316605525, 5.91589887335e-05, 0.000136331422254, 8.21268913569e-05, 5.11003381689e-05, 6.56261254335e-05, 9.40416866797e-05, 6.73344475217e-05, 6.34016832919e-05, 5.40211694897e-05, 4.56119087175e-05, 3.55994343408e-05, 2.53460711974e-05, 2.03902654903e-05, 2.66918541456e-05, 1.12857369459e-05, 7.28739769329e-06, 7.17748116585e-06, 7.60981629355e-06, 4.51398818768e-06, 3.22208370562e-06, 3.50559685103e-06, 4.09664335166e-06, 2.713969252e-06, 2.20338029067e-06, 1.70562543644e-06, 1.19514947983e-06, 8.4317434812e-07, 6.14929888343e-07, 3.95134748032e-07],
        "min": [6.45180491653e-25, 8.9195733414e-25, 8.09878920749e-25, 9.3740193456e-25, 5.56003562711e-25, 1.35424441853e-24, 1.06141895468e-24, 6.76569020553e-25, 1.28206068747e-24, 4.45613276559e-25, 1.136390816e-24, 2.00014104797e-24, 1.32517716214e-24, 1.66785035215e-24, 9.68281303049e-25, 1.91237475024e-24, 2.2220060082e-24, 2.21973369436e-24, 3.2435658921e-24, 3.34260520938e-24, 2.55187923977e-24, 3.07161334464e-24, 2.8553954452e-24, 2.72247080495e-24, 3.57897160241e-24, 3.05540738063e-24, 3.24282594057e-24, 3.68638369213e-24, 3.57841230003e-24, 4.7990416278e-24, 4.25098130276e-24, 3.50453232081e-24, 4.33061444456e-24, 4.81164604734e-24, 4.9762493694e-24, 4.24162659571e-24, 5.00210034126e-24, 5.35200787881e-24, 5.82225101986e-24, 5.76265060631e-24],
        "stdev": [0.000120895419968, 0.000592187454458, 0.000495617627166, 0.000528274686076, 0.000398909149226, 0.000226195945288, 0.000213924024138, 0.000240085020778, 0.000223392009502, 0.000382598751457, 0.0002777701593, 0.00018802046543, 0.000591915973928, 0.000202627590625, 9.16703502298e-05, 0.000133511348395, 0.000221274298383, 0.000131065986352, 0.000133115274366, 0.000107957981527, 9.48722590692e-05, 7.12280962034e-05, 4.52711828984e-05, 4.10075917898e-05, 0.000133649969939, 3.61301936209e-05, 1.28852298076e-05, 1.52966294991e-05, 3.05561661662e-05, 1.19625001389e-05, 7.67702476878e-06, 1.14097556434e-05, 2.47070856858e-05, 8.83827215148e-06, 7.42038173485e-06, 5.54924781682e-06, 3.43323085872e-06, 2.22631115321e-06, 1.54504721195e-06, 1.01610544334e-06]
    },
    "melbands128": {
        "max": [0.000143506811582, 0.000480293470901, 0.00178443198092, 0.00511241517961, 0.0123017802835, 0.00724561233073, 0.00617345795035, 0.00910686515272, 0.0118549931794, 0.00887743663043, 0.00623732479289, 0.00751053076237, 0.00334986532107, 0.00208907597698, 0.00353933428414, 0.00241990340874, 0.00374591862783, 0.00177953625098, 0.00285372277722, 0.00863323546946, 0.00379086728208, 0.00232555973344, 0.00672695087269, 0.00404705340043, 0.00740024540573, 0.0087514417246, 0.00348926102743, 0.00550292711705, 0.00339038181119, 0.00447297096252, 0.00460322387516, 0.0140263009816, 0.0154568469152, 0.0103244874626, 0.00455705123022, 0.00132249714807, 0.0017271253746, 0.000916750985198, 0.00221376447007, 0.00176259945147, 0.00205874955282, 0.00411946605891, 0.00229571107775, 0.00648202560842, 0.00176212470978, 0.00162870716304, 0.0048139328137, 0.00369285838678, 0.00126952666324, 0.0014484267449, 0.00273173674941, 0.00148009776603, 0.0017888819566, 0.00183470663615, 0.00242233532481, 0.00080632022582, 0.000775101128966, 0.00078733364353, 0.000952685717493, 0.000540595385246, 0.000817135733087, 0.000860321219079, 0.00477301096544, 0.00597930233926, 0.00207545305602, 0.000204286334338, 0.000318720645737, 0.000267086055828, 0.000156532987603, 0.000226594085689, 0.000356965960236, 0.000212410261156, 0.000800096837338, 0.00102515437175, 0.000384186540032, 0.00014714646386, 0.00010572726751, 0.000204931639018, 0.000120182448882, 9.13360636332e-05, 0.000183285417734, 0.000303712498862, 0.000454518100014, 0.000902689062059, 0.000218424116611, 0.000121131713968, 0.000171728344867, 0.000149345913087, 0.000116666713438, 0.000175269684405, 0.000146621678141, 8.89236252988e-05, 6.25740722171e-05, 7.29260427761e-05, 5.49953401787e-05, 4.24989775638e-05, 3.68132641597e-05, 2.15584441321e-05, 2.56827224803e-05, 1.62724736583e-05, 1.70259845618e-05, 1.17248973766e-05, 1.09380007416e-05, 1.03859665614e-05, 5.35571643923e-06, 4.03930607717e-06, 3.63630852007e-06, 2.37081985688e-06, 2.19814069169e-06, 1.14739589208e-06, 4.36733728293e-07, 1.19613218885e-07, 1.05742286038e-08, 4.70573713329e-09, 4.62166527271e-09, 4.50917170269e-09, 4.38245262302e-09, 4.24920187925e-09, 4.16258716385e-09, 4.05782518698e-09, 3.99742994261e-09, 3.89945142842e-09, 3.86527121421e-09, 3.76077124997e-09, 3.70347197354e-09, 3.65941432712e-09, 3.61892027456e-09, 3.61904395341e-09],
        "mean": [5.19839250046e-06, 1.95416832867e-05, 4.87196157337e-05, 0.000191395680304, 0.000312227464747, 0.000233423968893, 0.000169773149537, 0.000212594211916, 0.000274570746114, 0.000190504506463, 0.000218963439693, 0.000263280788204, 0.000201342307264, 9.44565181271e-05, 7.23788834875e-05, 0.00017001265951, 0.000186405188288, 5.74878285988e-05, 7.60201437515e-05, 0.000140753574669, 8.55320540722e-05, 7.28889572201e-05, 0.000102186691947, 6.72844762448e-05, 0.000123403122416, 0.000102435951703, 8.14528539195e-05, 0.000155367422849, 7.05034035491e-05, 5.52553392481e-05, 4.74078624393e-05, 7.54649663577e-05, 0.00015602298663, 0.000191345621715, 7.60595648899e-05, 5.27439879079e-05, 8.10833371361e-05, 4.23877572757e-05, 4.13302477682e-05, 5.12747574248e-05, 7.50195613364e-05, 8.22224974399e-05, 7.79758047429e-05, 0.000138868432259, 5.15264691785e-05, 5.6782613683e-05, 7.22416734789e-05, 6.72320311423e-05, 5.04648960487e-05, 7.27047590772e-05, 4.85075470351e-05, 4.51732303191e-05, 4.69637234346e-05, 3.9847142034e-05, 5.6322220189e-05, 3.26004264934e-05, 2.30226032727e-05, 2.33187838603e-05, 3.0857292586e-05, 2.12739741983e-05, 1.9598452127e-05, 1.50986770677e-05, 3.1616211345e-05, 3.27605157509e-05, 1.61811076396e-05, 8.23834852781e-06, 1.06071802293e-05, 7.11262237019e-06, 5.54614598514e-06, 8.54960853758e-06, 7.75358876126e-06, 5.79097104492e-06, 7.78660614742e-06, 9.5281884569e-06, 5.25921814187e-06, 4.67304653284e-06, 3.99655755245e-06, 3.59551131623e-06, 2.98352506434e-06, 2.760339612e-06, 4.16610600951e-06, 3.21327502206e-06, 3.50559821527e-06, 5.46363617104e-06, 2.96107600661e-06, 3.09356687467e-06, 2.6442626222e-06, 2.0152901925e-06, 2.19603020923e-06, 2.37555786953e-06, 1.86821853276e-06, 1.47610739987e-06, 1.46601792039e-06, 1.16222543056e-06, 1.13661337764e-06, 8.61180183165e-07, 8.4601481376e-07, 6.7195662723e-07, 6.68421535011e-07, 5.38411313755e-07, 4.83240000904e-07, 3.75691172394e-07, 2.96352737905e-07, 2.51232108894e-07, 2.13802124449e-07, 1.63464775937e-07, 1.31902581302e-07, 9.96567806055e-08, 7.02684346265e-08, 3.50759634671e-08, 1.27485959567e-08, 2.78223888373e-09, 2.00999245026e-10, 2.11878951883e-11, 8.21644315085e-12, 6.21263023665e-12, 5.79439708021e-12, 5.59635497666e-12, 5.47151299962e-12, 5.36103106352e-12, 5.26943853135e-12, 5.16084484176e-12, 5.09576582319e-12, 4.96995413574e-12, 4.91868525077e-12, 4.86237829514e-12, 4.82682427014e-12, 4.8082115546e-12],
        "min": [8.14512319928e-26, 6.32954010439e-26, 4.89423406488e-25, 1.88364552075e-25, 2.70942437678e-25, 5.77587129879e-26, 3.16623080072e-25, 2.11328219071e-25, 3.14009485286e-25, 1.68568999779e-25, 1.24915421763e-25, 1.41887320404e-25, 2.29289866977e-25, 3.26505263892e-25, 5.06260459218e-25, 2.01250977067e-25, 3.15901099781e-25, 8.58678793119e-26, 4.75593787351e-25, 2.49079354905e-25, 3.62706238744e-25, 2.51637630821e-25, 6.13451174843e-25, 2.26643928894e-25, 4.11882027986e-25, 4.67240046187e-25, 1.26715368155e-25, 4.72289446234e-25, 2.4644206964e-25, 7.35654357228e-25, 6.13030613373e-25, 2.25672126214e-25, 5.25193515374e-25, 4.6473472256e-25, 6.79219543891e-25, 3.52642049923e-25, 1.17639631909e-24, 3.72406318953e-25, 6.97540690503e-25, 1.9446966988e-25, 1.32895807385e-24, 5.90522340987e-25, 6.66636867326e-25, 9.92254391528e-25, 4.95031566574e-25, 6.33435881193e-25, 1.40484609851e-24, 1.526080609e-24, 1.15412677574e-24, 1.54240914227e-24, 1.11916623535e-24, 1.45644834994e-24, 8.93398287191e-25, 1.36824482605e-24, 1.40303152121e-24, 1.08766386396e-24, 1.21151423722e-24, 1.39218714895e-24, 1.27605577965e-24, 1.5003547702e-24, 1.21645921181e-24, 2.07040942475e-24, 2.47745396045e-24, 1.58506679572e-24, 2.11151440272e-24, 1.92317524211e-24, 1.54934658229e-24, 9.3927094326e-25, 2.30043712319e-24, 1.72130948355e-24, 2.26598638417e-24, 1.80238347979e-24, 1.29919218253e-24, 2.36450860313e-24, 2.05907191582e-24, 2.03359782225e-24, 1.56661119763e-24, 2.43945610837e-24, 2.30301926215e-24, 2.73989536184e-24, 1.98624546034e-24, 2.14221529143e-24, 2.51024572499e-24, 2.1396607626e-24, 2.4755571444e-24, 1.92244712349e-24, 3.4791353384e-24, 2.64849695129e-24, 3.40535199464e-24, 2.96527647234e-24, 2.59468342413e-24, 2.84574945127e-24, 3.57246073893e-24, 3.79397327555e-24, 2.82164166479e-24, 4.01182313098e-24, 3.13815139541e-24, 3.98263488306e-24, 3.09868231774e-24, 3.83454675849e-24, 4.38212785053e-24, 3.93226887527e-24, 3.33694552682e-24, 3.5563541714e-24, 4.17931683939e-24, 3.59686809534e-24, 4.05258357396e-24, 4.50595495239e-24, 4.13433599058e-24, 3.90065764108e-24, 4.3199474674e-24, 4.29328436323e-24, 4.03239701782e-24, 3.960397683e-24, 4.95048241122e-24, 4.60277737332e-24, 4.21199658568e-24, 4.59221570909e-24, 5.2395884945e-24, 5.04680508876e-24, 5.06829129323e-24, 4.85483894292e-24, 4.56597622323e-24, 4.80252563199e-24, 4.49256088308e-24, 4.92272397369e-24, 4.44692646301e-24, 5.61300960905e-24],
        "stdev": [1.14806443889e-05, 4.34697722085e-05, 0.000112423891551, 0.000456604670035, 0.000847669143695, 0.000627017812803, 0.000471718580229, 0.000609128910583, 0.000731719250325, 0.000554301892407, 0.000570232106838, 0.00067193096038, 0.000429814157542, 0.00021280812507, 0.000226990174269, 0.000352105736965, 0.000418691139203, 0.00013464310905, 0.000200071604922, 0.000392982939957, 0.000249471282586, 0.000195013461052, 0.000347622146364, 0.000264571688604, 0.000594743120018, 0.000526928110048, 0.00025543681113, 0.00047890728456, 0.000219504479901, 0.000204898096854, 0.000164321696502, 0.000521084235515, 0.000924480322283, 0.00093262840528, 0.000319934944855, 0.000107526633656, 0.000177149195224, 9.06651985133e-05, 0.000117839052109, 0.000122680867207, 0.000194804553757, 0.000237082480453, 0.000197715708055, 0.000472197309136, 0.00013069481065, 0.000144730001921, 0.000241460846155, 0.000220374859055, 0.00010732922965, 0.000141018332215, 0.000136514601763, 0.000114807233331, 0.000134633781272, 9.8438547866e-05, 0.000146298654727, 7.69807229517e-05, 5.66714370507e-05, 5.29819008079e-05, 6.93921829225e-05, 4.52255189884e-05, 5.13560808031e-05, 4.53153515991e-05, 0.00017991536879, 0.000220708505367, 0.00010881950584, 1.93332016352e-05, 2.31184749282e-05, 1.71090705408e-05, 1.2295239685e-05, 1.96695873456e-05, 1.97437057068e-05, 1.36196576932e-05, 2.94459423458e-05, 4.68252546852e-05, 2.11265141843e-05, 1.20274662549e-05, 1.04160999399e-05, 1.03291185951e-05, 7.38260541766e-06, 7.17170087228e-06, 1.23780801005e-05, 1.31903025249e-05, 1.92918851099e-05, 4.22412231273e-05, 1.16089486255e-05, 9.50066623773e-06, 9.92670175037e-06, 6.79688037053e-06, 7.35731646273e-06, 1.0060495697e-05, 6.2416675064e-06, 5.03078990732e-06, 4.31961507275e-06, 3.50273012373e-06, 3.46281444763e-06, 2.40449048761e-06, 2.36860091718e-06, 1.75449770268e-06, 1.82389453585e-06, 1.4386781686e-06, 1.36080075208e-06, 1.01801174424e-06, 8.01111582405e-07, 7.45116096823e-07, 5.42692987437e-07, 4.14010770555e-07, 3.47355353369e-07, 2.54034318914e-07, 1.8428043802e-07, 9.45328721969e-08, 3.34453922335e-08, 8.42669933832e-09, 7.96012700199e-10, 1.55920887313e-10, 1.29461857901e-10, 1.25986734933e-10, 1.2244659453e-10, 1.18724835518e-10, 1.16303439102e-10, 1.13375336896e-10, 1.11687999127e-10, 1.08949307909e-10, 1.07994842236e-10, 1.05075122214e-10, 1.03473278557e-10, 1.02243283284e-10, 1.01110869677e-10, 1.01113999118e-10]
    },
    "mfcc": {
        "mean": [-855.050964355, 64.5638656616, -27.6101531982, 6.80965042114, 0.195021629333, 2.7785179615, -5.04340171814, 1.26413786411, -3.56893873215, 0.494577884674, -3.12019777298, -0.672462046146, -2.05874800682],
        "cov": [[93864.4375, 13385.7089844, -5123.22607422, 1815.75817871, 95.8576126099, 759.287109375, -987.669250488, 333.651824951, -766.194702148, 161.493728638, -654.724121094, -184.137893677, -467.93057251], [13385.7089844, 3308.89160156, -989.569702148, 308.536621094, -52.0244827271, -46.5444488525, -224.351272583, -4.6836271286, -214.038330078, -14.739484787, -155.011032104, -34.4778213501, -68.3605575562], [-5123.22607422, -989.569702148, 1175.76147461, 305.400604248, -16.6681194305, -27.7685508728, 99.9174041748, -39.6355438232, 7.40049505234, -14.5123796463, 30.2875385284, -16.014749527, 15.9778985977], [1815.75817871, 308.536621094, 305.400604248, 374.573822021, 3.92175197601, 1.3557035923, -9.88073539734, -12.6387176514, -43.6155967712, -1.95244276524, -17.4847164154, -13.0309762955, -13.4274120331], [95.8576126099, -52.0244827271, -16.6681194305, 3.92175197601, 93.0032043457, 13.7224254608, 5.33076572418, 4.68046379089, 24.3447036743, -3.93219733238, 11.9606962204, 12.1518383026, 9.74062824249], [759.287109375, -46.5444488525, -27.7685508728, 1.3557035923, 13.7224254608, 107.018432617, 47.7978439331, 22.151058197, 3.59643387794, 16.876953125, 4.75649452209, -9.05586719513, -1.08819639683], [-987.669250488, -224.351272583, 99.9174041748, -9.88073539734, 5.33076572418, 47.7978439331, 90.515914917, 21.7208824158, 9.82349205017, 8.06440639496, 10.4943971634, -11.1514492035, 2.85010290146], [333.651824951, -4.6836271286, -39.6355438232, -12.6387176514, 4.68046379089, 22.151058197, 21.7208824158, 43.4411125183, 14.1313018799, 7.10211992264, -3.70117139816, -1.0633097887, -1.56089162827], [-766.194702148, -214.038330078, 7.40049505234, -43.6155967712, 24.3447036743, 3.59643387794, 9.82349205017, 14.1313018799, 67.0180511475, 12.2082958221, 8.18594741821, 7.50860261917, 9.03658676147], [161.493728638, -14.739484787, -14.5123796463, -1.95244276524, -3.93219733238, 16.876953125, 8.06440639496, 7.10211992264, 12.2082958221, 39.665058136, 6.58823442459, -2.32199192047, -2.15328717232], [-654.724121094, -155.011032104, 30.2875385284, -17.4847164154, 11.9606962204, 4.75649452209, 10.4943971634, -3.70117139816, 8.18594741821, 6.58823442459, 46.2733230591, 16.1761722565, 7.24242019653], [-184.137893677, -34.4778213501, -16.014749527, -13.0309762955, 12.1518383026, -9.05586719513, -11.1514492035, -1.0633097887, 7.50860261917, -2.32199192047, 16.1761722565, 40.399597168, 15.7931966782], [-467.93057251, -68.3605575562, 15.9778985977, -13.4274120331, 9.74062824249, -1.08819639683, 2.85010290146, -1.56089162827, 9.03658676147, -2.15328717232, 7.24242019653, 15.7931966782, 30.7537021637]],
        "icov": [[4.74578846479e-05, -0.000110027991468, 0.00010117963393, -0.000197574510821, -8.28561314847e-05, -0.000459544244222, 0.00040875931154, -0.000301619176753, 8.15305611468e-05, -7.41591356928e-05, 7.86738528404e-05, -2.77718863799e-05, 0.000262063957052], [-0.000110027991468, 0.00129138980992, 0.000913653231692, -0.00101164483931, 0.000169323175214, 0.00156901578885, -0.000368259934476, 0.000432913948316, 0.00186867802404, -0.000285353336949, 0.00146059365943, 0.000154184279381, -0.000654171104543], [0.00010117963393, 0.000913653231692, 0.00322042545304, -0.00374483480118, 0.000726485450286, 0.000809024495538, -0.00145665218588, 0.00116038625129, 0.000767763354816, 0.000385557650588, 0.000775794673245, 0.000649667752441, -0.000460305251181], [-0.000197574510821, -0.00101164483931, -0.00374483480118, 0.00758250243962, -0.00149894063361, 1.57260037668e-05, 0.000353350740625, 0.000124550628243, 0.000514982908498, -0.000895868579391, -0.000452725973446, -0.000434583809692, 0.00056594266789], [-8.28561314847e-05, 0.000169323175214, 0.000726485450286, -0.00149894063361, 0.0141219198704, -0.00116589048412, -0.00151624553837, 0.0016771433875, -0.00665676640347, 0.00487658148631, -0.00330612785183, -0.00156119768508, -0.00232689036056], [-0.000459544244222, 0.00156901578885, 0.000809024495538, 1.57260037668e-05, -0.00116589048412, 0.0195327419788, -0.0117377787828, 0.000412756460719, 0.00169656181242, -0.00381810078397, -0.00076281017391, 0.0021942013409, -0.003461784916], [0.00040875931154, -0.000368259934476, -0.00145665218588, 0.000353350740625, -0.00151624553837, -0.0117377787828, 0.0262648835778, -0.0124909179285, 0.00368602690287, -0.00098680681549, -0.00232734158635, 0.00621108571067, -0.000484961055918], [-0.000301619176753, 0.000432913948316, 0.00116038625129, 0.000124550628243, 0.0016771433875, 0.000412756460719, -0.0124909179285, 0.0355413779616, -0.00868947431445, -0.000229102341109, 0.00446323398501, -0.0044031618163, 0.00201679393649], [8.15305611468e-05, 0.00186867802404, 0.000767763354816, 0.000514982908498, -0.00665676640347, 0.00169656181242, 0.00368602690287, -0.00868947431445, 0.0272857639939, -0.00919556617737, 0.0042492239736, -0.000623536645435, -0.0027358441148], [-7.41591356928e-05, -0.000285353336949, 0.000385557650588, -0.000895868579391, 0.00487658148631, -0.00381810078397, -0.00098680681549, -0.000229102341109, -0.00919556617737, 0.0321329571307, -0.00734509434551, 0.00264232512563, 0.00137072161306], [7.86738528404e-05, 0.00146059365943, 0.000775794673245, -0.000452725973446, -0.00330612785183, -0.00076281017391, -0.00232734158635, 0.00446323398501, 0.0042492239736, -0.00734509434551, 0.0333700105548, -0.0135390851647, 0.00263679027557], [-2.77718863799e-05, 0.000154184279381, 0.000649667752441, -0.000434583809692, -0.00156119768508, 0.0021942013409, 0.00621108571067, -0.0044031618163, -0.000623536645435, 0.00264232512563, -0.0135390851647, 0.0401123650372, -0.0178766623139], [0.000262063957052, -0.000654171104543, -0.000460305251181, 0.00056594266789, -0.00232689036056, -0.003461784916, -0.000484961055918, 0.00201679393649, -0.0027358441148, 0.00137072161306, 0.00263679027557, -0.0178766623139, 0.0457570180297]]
    },
    "spectral_contrast_coeffs": {
        "max": [-0.499718517065, -0.533217549324, -0.510523080826, -0.592813432217, -0.595246076584, -0.641236186028],
        "mean": [-0.807378292084, -0.843275666237, -0.838782191277, -0.84379196167, -0.830718874931, -0.821724891663],
        "min": [-0.985964477062, -0.984454452991, -0.990470767021, -0.994420826435, -0.99459862709, -0.979991674423],
        "stdev": [0.125305369496, 0.106215387583, 0.106544628739, 0.0962975174189, 0.100199468434, 0.103951394558]
    },
    "spectral_contrast_valleys": {
        "max": [-5.54152870178, -5.31811761856, -5.64344263077, -5.34536504745, -5.7750711441, -7.96236467361],
        "mean": [-14.2504253387, -13.8333387375, -13.9758586884, -13.9222507477, -14.1104068756, -16.1043395996],
        "min": [-28.2011585236, -28.1992721558, -28.0048866272, -27.7501735687, -27.6172294617, -27.4509773254],
        "stdev": [9.35983467102, 9.61001777649, 9.54376029968, 9.55930423737, 9.43654060364, 8.04604911804]
    }
},
"rhythm": {
    "beats_count": 67,
    "beats_loudness": {
        "max": 0.0812414959073,
        "mean": 0.0149605451152,
        "min": 0,
        "stdev": 0.0177546460181
    },
    "bpm": 139.464019775,
    "bpm_histogram_first_peak_bpm": 140,
    "bpm_histogram_first_peak_weight": 0.322580635548,
    "bpm_histogram_second_peak_bpm": 117,
    "bpm_histogram_second_peak_spread": 0.066666662693,
    "bpm_histogram_second_peak_weight": 0.212121218443,
    "danceability": 0.849107503891,
    "onset_rate": 1.38054931164,
    "beats_loudness_band_ratio": {
        "max": [0.584240615368, 0.598808288574, 0.597575366497, 0.778961420059, 0.614559233189, 0.904757201672],
        "mean": [0.0851721093059, 0.100931495428, 0.10696785897, 0.178185552359, 0.201967716217, 0.087238445878],
        "min": [0, 0, 0, 0, 0, 0],
        "stdev": [0.125184372067, 0.144922181964, 0.128260165453, 0.185143753886, 0.200241982937, 0.168024867773]
    },
    "beats_position": [0.429569154978, 0.859138309956, 1.30031740665, 1.72988653183, 2.15945577621, 2.60063481331, 3.03020405769, 3.45977306366, 3.90095233917, 4.35374164581, 4.80653047562, 5.23609972, 5.66566896439, 6.09523820877, 6.52480697632, 6.9543762207, 7.38394546509, 7.80190467834, 8.2198638916, 8.64943313599, 9.07900238037, 9.50857162476, 9.93814086914, 10.3560991287, 10.7856683731, 11.2152376175, 11.656416893, 12.0743761063, 12.5039453506, 12.933514595, 13.3630838394, 13.7346029282, 14.1061220169, 14.4660310745, 14.8259410858, 15.1742401123, 15.5341491699, 15.8940582275, 16.242357254, 16.5790481567, 16.9157371521, 17.2408161163, 17.5775051117, 17.9722442627, 18.3669834137, 18.7617225647, 19.1564617157, 19.5860309601, 20.0272102356, 20.4683895111, 20.9792289734, 21.4900684357, 22.0009059906, 22.5001354218, 22.9877548218, 23.4753742218, 23.9862117767, 24.497051239, 25.0078907013, 25.5187301636, 26.0295696259, 26.5404071808, 27.0512466431, 27.5620861053, 28.0729255676, 28.5837631226, 29.0946025848],
