{
"metadata": {
    "version": {
        "essentia": "2.1-beta5",
        "essentia_git_sha": "Undefined",
        "extractor": "music 2.0"
    },
    "audio_properties": {
        "analysis": {
            "equal_loudness": 0,
            "length": 16.2423591614,
            "sample_rate": 44100,
            "start_time": 0,
            "downmix": "mix"
        },
        "bit_rate": 192000,
        "length": 262.26940918,
        "lossless": 0,
        "number_channels": 1,
        "replay_gain": -12.0378875732,
        "sample_rate": 48000,
        "codec": "mp3",
        "md5_encoded": "2d67dbabfe6ef93e25e2c8349990adb7"
    },
    "tags": {
        "file_name": "Germany_Feuer_Ireen Sheer.mp3",
        "encoding": ["Lavf58.29.100"]
    }
},
"lowlevel": {
    "average_loudness": 0.974422633648,
    "barkbands_crest": {
        "max": 24.0484886169,
        "mean": 10.3566589355,
        "min": 2.58034110069,
        "stdev": 4.441365242
    },
    "barkbands_flatness_db": {
        "max": 0.319804698229,
        "mean": 0.185196965933,
        "min": 0.0690873488784,
        "stdev": 0.0585357919335
    },
    "barkbands_kurtosis": {
        "max": 75.2563095093,
        "mean": 3.10538315773,
        "min": -1.709654212,
        "stdev": 5.52333402634
    },
    "barkbands_skewness": {
        "max": 6.72236299515,
        "mean": 1.0300232172,
        "min": -3.41837906837,
        "stdev": 1.28436660767
    },
    "barkbands_spread": {
        "max": 79.7510528564,
        "mean": 19.4542636871,
        "min": 1.55896997452,
        "stdev": 14.3124799728
    },
    "dissonance": {
        "max": 0.499944329262,
        "mean": 0.451799154282,
        "min": 0,
        "stdev": 0.0478977672756
    },
    "dynamic_complexity": 5.09986495972,
    "erbbands_crest": {
        "max": 32.0779876709,
        "mean": 10.5239582062,
        "min": 2.26661729813,
        "stdev": 4.91971540451
    },
    "erbbands_flatness_db": {
        "max": 0.376119107008,
        "mean": 0.24721339345,
        "min": 0.0949956551194,
        "stdev": 0.0588147155941
    },
    "erbbands_kurtosis": {
        "max": 25.7851524353,
        "mean": 0.899685263634,
        "min": -1.75883674622,
        "stdev": 3.28311467171
    },
    "erbbands_skewness": {
        "max": 4.32926702499,
        "mean": 0.327036172152,
        "min": -3.26089048386,
        "stdev": 1.01214420795
    },
    "erbbands_spread": {
        "max": 84.010925293,
        "mean": 28.9075603485,
        "min": 4.04010772705,
        "stdev": 16.0248241425
    },
    "hfc": {
        "max": 57.6631278992,
        "mean": 12.2520980835,
        "min": 1.18291896558e-16,
        "stdev": 12.7821598053
    },
    "loudness_ebu128": {
        "integrated": -16.8937110901,
        "loudness_range": 1.09075164795,
        "momentary": {
            "max": -13.5769987106,
            "mean": -17.8524627686,
            "min": -36.6729812622,
            "stdev": 3.44237995148
        },
        "short_term": {
            "max": -16.3338603973,
            "mean": -17.2568302155,
            "min": -18.327009201,
            "stdev": 0.401434183121
        }
    },
    "melbands_crest": {
        "max": 30.1105709076,
        "mean": 13.1040029526,
        "min": 1.58281338215,
        "stdev": 5.22816181183
    },
    "melbands_flatness_db": {
        "max": 0.38329693675,
        "mean": 0.207038849592,
        "min": 0.00299958465621,
        "stdev": 0.0805080011487
    },
    "melbands_kurtosis": {
        "max": 104.061561584,
        "mean": 7.59139728546,
        "min": -1.80885088444,
        "stdev": 10.1333045959
    },
    "melbands_skewness": {
        "max": 6.86910438538,
        "mean": 1.85457146168,
        "min": -1.65218901634,
        "stdev": 1.40301835537
    },
    "melbands_spread": {
        "max": 214.726501465,
        "mean": 30.431016922,
        "min": 1.5129750967,
        "stdev": 33.4547729492
    },
    "pitch_salience": {
        "max": 0.982241392136,
        "mean": 0.673446536064,
        "min": 0.186285316944,
        "stdev": 0.107531614602
    },
    "silence_rate_20dB": {
        "max": 1,
        "mean": 1,
        "min": 1,
        "stdev": 0
    },
    "silence_rate_30dB": {
        "max": 1,
        "mean": 1,
        "min": 1,
        "stdev": 0
    },
    "silence_rate_60dB": {
        "max": 1,
        "mean": 0.303851634264,
        "min": 0,
        "stdev": 0.459919005632
    },
    "spectral_centroid": {
        "max": 11417.5117188,
        "mean": 1527.77856445,
        "min": 281.40411377,
        "stdev": 1243.33825684
    },
    "spectral_complexity": {
        "max": 37,
        "mean": 11.3352355957,
        "min": 0,
        "stdev": 8.40472793579
    },
    "spectral_decrease": {
        "max": 1.64005621828e-28,
        "mean": -3.96931110203e-09,
        "min": -1.92295228629e-08,
        "stdev": 4.58089433053e-09
    },
    "spectral_energy": {
        "max": 0.0763503983617,
        "mean": 0.0160923954099,
        "min": 1.04785931373e-20,
        "stdev": 0.01833319664
    },
    "spectral_energyband_high": {
        "max": 0.00378186441958,
        "mean": 0.000147802085849,
        "min": 7.32241523203e-21,
        "stdev": 0.000425788020948
    },
    "spectral_energyband_low": {
        "max": 0.0153997540474,
        "mean": 0.00045400694944,
        "min": 1.92799040963e-23,
        "stdev": 0.000893328280654
    },
    "spectral_energyband_middle_high": {
        "max": 0.0297778490931,
        "mean": 0.00340709206648,
        "min": 1.35565905597e-21,
        "stdev": 0.0043429415673
    },
    "spectral_energyband_middle_low": {
        "max": 0.0679265409708,
        "mean": 0.0122144091874,
        "min": 2.37183741282e-22,
        "stdev": 0.0154232475907
    },
    "spectral_entropy": {
        "max": 9.81100559235,
        "mean": 7.3709654808,
        "min": 5.93357133865,
        "stdev": 0.545351982117
    },
    "spectral_flux": {
        "max": 0.261019140482,
        "mean": 0.0804998427629,
        "min": 6.50735992869e-11,
        "stdev": 0.0557572320104
    },
    "spectral_kurtosis": {
        "max": 37.9843940735,
        "mean": 6.55351638794,
        "min": -1.25840294361,
        "stdev": 6.41295528412
    },
    "spectral_rms": {
        "max": 0.00863065384328,
        "mean": 0.0032408265397,
        "min": 3.19734538325e-12,
        "stdev": 0.00227968324907
    },
    "spectral_rolloff": {
        "max": 19466.015625,
        "mean": 1940.96740723,
        "min": 258.3984375,
        "stdev": 2295.75634766
    },
    "spectral_skewness": {
        "max": 4.55742645264,
        "mean": 1.43508994579,
        "min": -0.210616856813,
        "stdev": 0.805171787739
    },
    "spectral_spread": {
        "max": 41328028,
        "mean": 3196500.25,
        "min": 1296266.625,
        "stdev": 3631302.75
    },
    "spectral_strongpeak": {
        "max": 6.00191926956,
        "mean": 1.05851078033,
        "min": 0,
        "stdev": 1.09644329548
    },
    "zerocrossingrate": {
        "max": 0.732421875,
        "mean": 0.0678669139743,
        "min": 0.0126953125,
        "stdev": 0.0666153132915
    },
    "barkbands": {
        "max": [0.000727771606762, 0.00376124074683, 0.00848834682256, 0.00768651021644, 0.0429719090462, 0.0536999702454, 0.0459778979421, 0.049074780196, 0.0263890828937, 0.0179317258298, 0.0108162779361, 0.015784997493, 0.0153504759073, 0.00470516458154, 0.00727370940149, 0.00673126848415, 0.0035478787031, 0.00300302309915, 0.0105062890798, 0.00250835856423, 0.001709633274, 0.00146803201642, 0.00108802132308, 0.000384691928048, 1.00358292912e-05, 5.89846194998e-07, 1.44083536213e-08],
        "mean": [9.30558308028e-05, 0.000135404057801, 0.000164395692991, 0.000212734506931, 0.00156786944717, 0.00253821583465, 0.00317751057446, 0.00311829149723, 0.00147007463966, 0.000448804727057, 0.000331654795446, 0.000429492618423, 0.000588456285186, 0.000362667575246, 0.000294082419714, 0.000301669875626, 0.000277871324215, 0.000115220602311, 0.000241815665504, 0.000100601981103, 4.33731474914e-05, 4.33024142694e-05, 2.73964869848e-05, 8.1201287685e-06, 3.25770457721e-07, 2.61432231419e-09, 6.47222386796e-10],
        "min": [3.80137500951e-25, 1.83143328263e-24, 1.43487389165e-24, 5.42847256078e-24, 8.85960689639e-24, 4.98023792902e-23, 2.11477003168e-24, 3.45574939909e-23, 2.17106843124e-23, 6.93923514762e-23, 2.84022710939e-23, 3.10832874555e-23, 4.83617583496e-23, 7.46418737016e-23, 6.1771437639e-23, 5.26257566462e-23, 1.12881994435e-22, 1.86958583033e-22, 1.97874499452e-22, 2.65979890625e-22, 3.09715879067e-22, 3.8252433274e-22, 4.61131784969e-22, 7.703923209e-22, 1.00995067235e-21, 1.59441122943e-21, 2.47568917132e-21],
        "stdev": [9.15288328542e-05, 0.000269978161668, 0.000476307439385, 0.000624226755463, 0.00309139606543, 0.00575391529128, 0.00672391243279, 0.00671592913568, 0.00387896317989, 0.00146049039904, 0.00103008630686, 0.00132065953221, 0.00141181598883, 0.000708090374246, 0.000712463399395, 0.000629141926765, 0.000458972383058, 0.00025265981094, 0.000659828830976, 0.000221064503421, 0.000144208970596, 0.000142625052831, 9.81728662737e-05, 2.94961100735e-05, 6.83597818352e-07, 2.5289043748e-08, 1.16963927432e-09]
    },
    "erbbands": {
        "max": [0.0743037834764, 1.07025980949, 6.60092449188, 23.5830192566, 52.4232368469, 123.542572021, 457.171447754, 602.574279785, 826.342285156, 845.24041748, 1210.6036377, 823.949523926, 560.126159668, 355.218444824, 471.800079346, 563.415771484, 814.071472168, 269.790435791, 315.496002197, 431.223449707, 402.908050537, 175.023498535, 181.570404053, 341.130706787, 386.877258301, 98.3199310303, 67.9450683594, 82.8311462402, 57.9395942688, 40.2942008972, 30.0415325165, 14.0276603699, 2.81278252602, 0.316668480635, 0.0098801292479, 0.00483272317797, 0.000434563437011, 3.76292155124e-05, 3.76156094717e-05, 8.67593844305e-05],
        "mean": [0.00514316465706, 0.0282345451415, 0.158479705453, 0.493306279182, 1.77362918854, 6.23520612717, 12.1187744141, 24.3902759552, 37.8321380615, 56.5479888916, 70.189743042, 36.1807899475, 16.1071166992, 14.4335174561, 14.4084968567, 19.1375522614, 27.1731681824, 20.1908245087, 18.0852870941, 14.5168132782, 17.2797527313, 14.8501358032, 6.98346948624, 8.30660057068, 13.0702972412, 4.45950317383, 1.65351867676, 1.96116650105, 1.61153709888, 1.20428752899, 0.680956363678, 0.300845265388, 0.0659447833896, 0.00923193898052, 0.000319328682963, 4.7752269893e-05, 1.2550160136e-05, 3.51531025444e-06, 8.88320755621e-06, 1.8997641746e-05],
        "min": [1.52266121252e-22, 3.01708297169e-22, 2.17069378542e-21, 1.25085662541e-20, 2.70853619206e-20, 4.54763964436e-20, 9.96838264244e-20, 2.21768905834e-19, 1.63145672319e-19, 1.5314945311e-19, 7.96199027999e-19, 4.87370060628e-19, 1.53740315977e-18, 2.09660754934e-18, 1.23879406056e-18, 1.34649432049e-18, 2.427401419e-18, 3.4773593481e-18, 3.35871269694e-18, 3.01708276126e-18, 4.85789235759e-18, 6.99592387124e-18, 8.05490530685e-18, 8.35130149112e-18, 1.2987701764e-17, 1.20696628058e-17, 1.17486546896e-17, 1.29199209303e-17, 1.55147004851e-17, 1.56080180387e-17, 1.25267901093e-17, 1.21243328269e-17, 1.06181196495e-17, 9.14728994995e-18, 6.39386790702e-18, 6.08228634106e-18, 3.09192296116e-18, 1.22026138913e-18, 3.01969959883e-19, 3.43843729496e-20],
        "stdev": [0.00651324726641, 0.0733826756477, 0.426326721907, 1.36425685883, 3.80970001221, 12.3158683777, 32.0491027832, 60.3228797913, 82.9509124756, 113.489326477, 155.369140625, 92.6520385742, 49.8636016846, 39.2429466248, 43.4715538025, 52.6439056396, 65.8634719849, 38.0636634827, 39.5342521667, 31.9879798889, 32.0079421997, 24.2868289948, 14.428229332, 20.8886680603, 34.1300544739, 9.35584163666, 4.75374746323, 7.02474594116, 5.49494695663, 4.0157790184, 2.51192879677, 1.12764334679, 0.185890331864, 0.0197777133435, 0.000671975023579, 0.000211090053199, 2.17070191866e-05, 4.13662064602e-06, 9.24341020436e-06, 2.10267116927e-05]
    },
    "gfcc": {
        "mean": [-124.699981689, 138.746261597, -173.33895874, 42.5119400024, -69.3224258423, -7.09458875656, -35.0176200867, -13.9036130905, 7.06131315231, -15.9025373459, 12.5281429291, -17.0520248413, 0.79134362936],
        "cov": [[18537.7851562, 2949.19775391, -2851.21850586, -570.072265625, -811.496704102, -1192.46118164, -269.856109619, -409.901824951, 294.871917725, -331.771697998, 247.20413208, -250.577270508, -284.580688477], [2949.19775391, 1736.59484863, -242.032104492, -851.263244629, 91.919593811, -715.369995117, -138.634414673, -129.881622314, 36.0358009338, -220.193191528, 69.6596069336, -87.8455276489, -123.593704224], [-2851.21850586, -242.032104492, 887.274353027, 215.988464355, 58.5023422241, 98.979598999, -122.527519226, -16.4546756744, -101.045333862, -12.3675279617, -32.387424469, 44.4816055298, 69.5491256714], [-570.072265625, -851.263244629, 215.988464355, 1099.84313965, -32.1341590881, 311.263671875, -169.444900513, -16.7192611694, -74.2374420166, 76.3272857666, -25.9088344574, 41.1512870789, 150.650863647], [-811.496704102, 91.919593811, 58.5023422241, -32.1341590881, 315.019500732, -169.906845093, -56.7979011536, 6.3929142952, 3.14939594269, -12.3731431961, -8.38858985901, 6.9173283577, -8.8215713501], [-1192.46118164, -715.369995117, 98.979598999, 311.263671875, -169.906845093, 779.494750977, 136.633605957, 111.326408386, -67.8895568848, 65.8039855957, -40.8155860901, 12.5238599777, 101.301193237], [-269.856109619, -138.634414673, -122.527519226, -169.444900513, -56.7979011536, 136.633605957, 351.079345703, 68.6332702637, 4.29078531265, 7.96804761887, -25.1033153534, 42.9275741577, -64.8492660522], [-409.901824951, -129.881622314, -16.4546756744, -16.7192611694, 6.3929142952, 111.326408386, 68.6332702637, 144.275665283, 16.3436126709, 15.1971530914, 7.17187929153, -2.91321969032, 10.6718568802], [294.871917725, 36.0358009338, -101.045333862, -74.2374420166, 3.14939594269, -67.8895568848, 4.29078531265, 16.3436126709, 114.219108582, 47.7498207092, 1.23449587822, -15.4989690781, -35.0412902832], [-331.771697998, -220.193191528, -12.3675279617, 76.3272857666, -12.3731431961, 65.8039855957, 7.96804761887, 15.1971530914, 47.7498207092, 133.368652344, 20.4104881287, -21.00233078, -11.3653888702], [247.20413208, 69.6596069336, -32.387424469, -25.9088344574, -8.38858985901, -40.8155860901, -25.1033153534, 7.17187929153, 1.23449587822, 20.4104881287, 74.2606887817, -0.586706340313, -20.475233078], [-250.577270508, -87.8455276489, 44.4816055298, 41.1512870789, 6.9173283577, 12.5238599777, 42.9275741577, -2.91321969032, -15.4989690781, -21.00233078, -0.586706340313, 81.6004943848, 14.5471944809], [-284.580688477, -123.593704224, 69.5491256714, 150.650863647, -8.8215713501, 101.301193237, -64.8492660522, 10.6718568802, -35.0412902832, -11.3653888702, -20.475233078, 14.5471944809, 136.71887207]],
        "icov": [[0.000453504471807, -0.000801802088972, 0.00129843619652, -0.000693651498295, 0.00122913601808, 0.000109391781734, 0.000306992063997, 0.000316115241731, -0.000350263813743, 0.000497022003401, -0.000188772231922, -0.000106871884782, 0.000376800773665], [-0.000801802088972, 0.00375074613839, -0.00219499063678, 0.00243635568768, -0.00219057197683, 0.000747430021875, -0.000224161180086, 0.000723581179045, -0.000113109905215, 0.00261051487178, -0.00193204858806, 0.00258745579049, -0.0010809043888], [0.00129843619652, -0.00219499063678, 0.00523856701329, -0.0018645854434, 0.00339693878777, 0.000234170089243, 0.00189892598428, 0.00054033548804, 0.000581755361054, 0.000758096051868, 0.000652751768939, -0.00154944881797, 0.00148710689973], [-0.000693651498295, 0.00243635568768, -0.0018645854434, 0.00318604032509, -0.00180647021625, -0.00013149647566, 0.000837169238366, 0.000152732347487, 0.00117181008682, -0.000406308739912, 8.76616977621e-05, -3.48160174326e-05, -0.00115412822925], [0.00122913601808, -0.00219057197683, 0.00339693878777, -0.00180647021625, 0.00742844259366, 0.0014819370117, 0.0017650189111, -0.000895944598597, 0.00021445605671, 0.000342653860571, 0.00148088298738, -0.00148652226198, 0.00159250234719], [0.000109391781734, 0.000747430021875, 0.000234170089243, -0.00013149647566, 0.0014819370117, 0.00304646836594, -0.000689382082783, -0.00114994170144, 0.0013843360357, -4.5367221901e-05, 0.000380190322176, 0.00127509748563, -0.00119742727838], [0.000306992063997, -0.000224161180086, 0.00189892598428, 0.000837169238366, 0.0017650189111, -0.000689382082783, 0.00683446926996, -0.00255114468746, 0.00231764093041, -0.00143948232289, 0.00417709117755, -0.00514610251412, 0.00426095211878], [0.000316115241731, 0.000723581179045, 0.00054033548804, 0.000152732347487, -0.000895944598597, -0.00114994170144, -0.00255114468746, 0.0113395173103, -0.00461238017306, 0.00425583217293, -0.0059032230638, 0.00401274207979, -0.0025714377407], [-0.000350263813743, -0.000113109905215, 0.000581755361054, 0.00117181008682, 0.00021445605671, 0.0013843360357, 0.00231764093041, -0.00461238017306, 0.016584135592, -0.00924836844206, 0.00699350703508, -0.00342101627029, 0.00292207091115], [0.000497022003401, 0.00261051487178, 0.000758096051868, -0.000406308739912, 0.000342653860571, -4.5367221901e-05, -0.00143948232289, 0.00425583217293, -0.00924836844206, 0.0190825872123, -0.0100062945858, 0.00821581855416, -0.000659518816974], [-0.000188772231922, -0.00193204858806, 0.000652751768939, 8.76616977621e-05, 0.00148088298738, 0.000380190322176, 0.00417709117755, -0.0059032230638, 0.00699350703508, -0.0100062945858, 0.0224845260382, -0.00759713770822, 0.00482408935204], [-0.000106871884782, 0.00258745579049, -0.00154944881797, -3.48160174326e-05, -0.00148652226198, 0.00127509748563, -0.00514610251412, 0.00401274207979, -0.00342101627029, 0.00821581855416, -0.00759713770822, 0.0205441936851, -0.00436921184883], [0.000376800773665, -0.0010809043888, 0.00148710689973, -0.00115412822925, 0.00159250234719, -0.00119742727838, 0.00426095211878, -0.0025714377407, 0.00292207091115, -0.000659518816974, 0.00482408935204, -0.00436921184883, 0.0127299400046]]
    },
    "melbands": {
        "max": [0.000832261401229, 0.0027081607841, 0.00348522281274, 0.00580333732069, 0.0147797074169, 0.0117255663499, 0.0107220001519, 0.00839104689658, 0.00838465429842, 0.00517598539591, 0.00288890209049, 0.00153696886264, 0.00142955465708, 0.00152367237024, 0.00119864800945, 0.00117612921167, 0.000476150220493, 0.000580910418648, 0.000532627862412, 0.000438376999227, 0.000536618113983, 0.000241290967097, 0.000152463995619, 0.000144661025843, 0.000305464025587, 0.000454336666735, 0.00016987491108, 6.31451694062e-05, 4.59518560092e-05, 3.84058002965e-05, 5.76863567403e-05, 3.90837813029e-05, 2.52267109317e-05, 2.37799958995e-05, 2.01737875614e-05, 1.14003778435e-05, 8.43794623506e-06, 2.32404363487e-06, 7.07202389094e-07, 7.8293766137e-08],
        "mean": [4.74178050354e-05, 6.8941997597e-05, 0.000115647519124, 0.000275823666016, 0.000409413973102, 0.000534499529749, 0.000610589340795, 0.000634459313005, 0.000536351872142, 0.000199425048777, 7.54708162276e-05, 5.83630644542e-05, 4.74472835776e-05, 4.40283365606e-05, 6.01036917942e-05, 5.53013014724e-05, 3.50456903107e-05, 3.00240699289e-05, 1.97195804503e-05, 2.07143093576e-05, 2.04202297027e-05, 1.75427339855e-05, 7.87984754425e-06, 5.01974409417e-06, 6.55301528241e-06, 1.01954610727e-05, 7.16166732673e-06, 1.98697125597e-06, 1.01408113551e-06, 9.27820508423e-07, 1.20455729302e-06, 9.5011682788e-07, 7.45015881876e-07, 6.42465863621e-07, 4.23580047482e-07, 2.74040957038e-07, 1.41677034549e-07, 4.89245728374e-08, 1.89965021491e-08, 2.80798184704e-09],
        "min": [1.92035841703e-24, 1.32474614827e-24, 2.16552337017e-24, 2.56547012987e-24, 3.3907892279e-24, 6.19518343508e-24, 2.3546995122e-24, 2.49284700329e-24, 7.28146383423e-24, 2.96824298377e-24, 8.29153869221e-24, 9.15528616317e-24, 3.84240775741e-24, 3.70244766117e-24, 3.7644466063e-24, 5.73307739427e-24, 6.05366731071e-24, 4.67371174591e-24, 5.26698287272e-24, 3.83414325613e-24, 6.51674049499e-24, 5.81306631234e-24, 9.25156348121e-24, 6.56265062195e-24, 5.8664836341e-24, 7.78199844517e-24, 7.96253241878e-24, 7.39422755633e-24, 7.23308615035e-24, 6.39897460589e-24, 7.7492891166e-24, 8.83156604666e-24, 6.91184936797e-24, 9.44166791531e-24, 6.68008597833e-24, 6.79761994232e-24, 6.49896351449e-24, 6.81001531372e-24, 8.36334002295e-24, 7.17453373853e-24],
        "stdev": [6.51026712148e-05, 0.000176946865395, 0.000275659025647, 0.000490392616484, 0.000996628776193, 0.00126235350035, 0.00127897167113, 0.00122397090308, 0.00116793182679, 0.000549027579837, 0.000249434175203, 0.000165592573467, 0.000147281243699, 0.000126981671201, 0.000157402231707, 0.000126490034745, 7.03380865161e-05, 6.78424257785e-05, 4.77233588754e-05, 5.09783203597e-05, 3.87537620554e-05, 3.00904230244e-05, 1.62173892022e-05, 1.18828111226e-05, 1.76186658791e-05, 2.97233927995e-05, 1.73171392817e-05, 4.66234132546e-06, 3.15018110086e-06, 3.1862364267e-06, 4.50107654615e-06, 3.3726971651e-06, 2.41544171331e-06, 2.32154320656e-06, 1.64682887771e-06, 1.05851881926e-06, 5.54163193556e-07, 1.48137118572e-07, 3.9594873158e-08, 6.50296616556e-09]
    },
    "melbands128": {
        "max": [0.000511632184498, 0.000647594744805, 0.00146038993262, 0.00216328818351, 0.00252081966028, 0.0048980214633, 0.00601840112358, 0.00547231920063, 0.0068181315437, 0.00799819268286, 0.00887160655111, 0.0200116205961, 0.0218301229179, 0.022529868409, 0.022781373933, 0.0191491097212, 0.0199182778597, 0.0148673318326, 0.0183898732066, 0.0138429598883, 0.0121191162616, 0.0207487940788, 0.0109247555956, 0.00833078008145, 0.0104141775519, 0.00734442099929, 0.00691148871556, 0.00507077015936, 0.00393225485459, 0.00268315384164, 0.00169404956978, 0.00286232028157, 0.0025522345677, 0.00299679068848, 0.00198466842994, 0.00103778217454, 0.00298775197007, 0.00230394629762, 0.00315792462789, 0.0027563853655, 0.00151725241449, 0.00125655008014, 0.000857521838043, 0.000885867339093, 0.000880957930349, 0.00123307388276, 0.00141882849857, 0.000830053526442, 0.000810108613223, 0.000679564545862, 0.000843841640744, 0.000603136315476, 0.000429515028372, 0.00084808334941, 0.000639354460873, 0.000414341251599, 0.000234948616708, 0.000261498818872, 0.000198298672331, 0.000287784467218, 0.000231992293266, 9.00959712453e-05, 0.000209552876186, 0.000199098867597, 0.0010678434046, 0.000411124608945, 0.000368560897186, 0.000275381084066, 0.000128042083816, 8.26071336633e-05, 4.14637870563e-05, 8.23732334538e-05, 8.08996046544e-05, 3.25721593981e-05, 2.63667079707e-05, 5.46471310372e-05, 5.76288803131e-05, 6.17644109298e-05, 9.09343289095e-05, 7.26096986909e-05, 4.7677927796e-05, 4.45494806627e-05, 3.30369657604e-05, 2.49080458161e-05, 3.03920751321e-05, 2.51003621088e-05, 3.82337711926e-05, 2.72475062957e-05, 2.48883916356e-05, 1.66595636983e-05, 1.44719633681e-05, 1.72135169123e-05, 1.53457240231e-05, 1.21429930005e-05, 4.57492615169e-06, 4.46102603746e-06, 1.48483638895e-06, 8.56437338825e-07, 9.81548851087e-07, 5.10781148932e-07, 1.76828535814e-07, 1.7828227783e-08, 3.00899388739e-10, 1.13165275761e-10, 1.38613412415e-10, 2.2794732768e-10, 1.49894929802e-09, 1.46242271626e-08, 1.06451283344e-08, 5.28475307959e-09, 3.42220651817e-09, 8.82262707336e-10, 7.83911685565e-11, 7.71682856504e-11, 7.53895557093e-11, 7.14910561306e-11, 6.86646087211e-11, 6.73517561167e-11, 6.59388862956e-11, 6.37479721788e-11, 6.21466975104e-11, 6.1453460376e-11, 5.98538926755e-11, 5.83825904288e-11, 5.79617569219e-11, 5.72759305262e-11, 5.66564711812e-11, 5.6352467831e-11],
        "mean": [6.2761711888e-05, 5.04799754708e-05, 3.75604213332e-05, 4.74234075227e-05, 7.02522665961e-05, 8.39724234538e-05, 9.0145287686e-05, 0.000114993366878, 0.000161784642842, 0.000254053389654, 0.000374354654923, 0.00039681137423, 0.000404074467951, 0.000433595938375, 0.000562213419471, 0.000588331196923, 0.00052164302906, 0.000619966827799, 0.000712372653652, 0.000636476441287, 0.000557620893233, 0.000724152370822, 0.000565697031561, 0.000331937771989, 0.000230374687817, 0.000152703069034, 8.92405878403e-05, 6.56515694573e-05, 6.30775321042e-05, 6.55717376503e-05, 5.26781514054e-05, 5.12617734785e-05, 4.70135200885e-05, 4.5964756282e-05, 4.22485682066e-05, 3.75283707399e-05, 5.79269762966e-05, 5.51826306037e-05, 7.22060212865e-05, 5.93819604546e-05, 5.66925991734e-05, 3.84612685593e-05, 3.5513061448e-05, 3.30811126332e-05, 2.96332036669e-05, 3.23431377183e-05, 2.71429398708e-05, 1.89704314835e-05, 1.61653078976e-05, 1.90101363842e-05, 2.33262871916e-05, 2.04320949706e-05, 1.83398169611e-05, 2.13751955016e-05, 2.26794400078e-05, 1.88913145394e-05, 1.18886810014e-05, 8.35765058582e-06, 6.64647404847e-06, 6.01291367275e-06, 4.5507381401e-06, 4.42505233877e-06, 6.01700457992e-06, 6.62881348035e-06, 8.40996926854e-06, 1.00180732261e-05, 1.22134333651e-05, 9.76669889496e-06, 6.03852095082e-06, 3.41889744959e-06, 1.84284874649e-06, 1.27971941311e-06, 1.22157086935e-06, 9.50092328367e-07, 7.96627318778e-07, 8.09486778053e-07, 9.93429353002e-07, 1.27024065932e-06, 1.27303667341e-06, 1.12692885068e-06, 9.64433183981e-07, 9.24190374008e-07, 7.87165390648e-07, 7.13540885044e-07, 7.19928777926e-07, 6.80128721342e-07, 6.22167476649e-07, 5.67787992622e-07, 4.1281407448e-07, 3.23697747717e-07, 2.88422427275e-07, 2.77905883195e-07, 2.20760441039e-07, 1.46980497107e-07, 8.61230802229e-08, 6.33990282495e-08, 4.1272787854e-08, 2.78027894041e-08, 2.13307700392e-08, 1.40116043212e-08, 5.79659964473e-09, 1.14574509602e-10, 1.38445218831e-11, 9.60853705628e-12, 8.88961560613e-12, 8.39419245918e-12, 1.50855838238e-11, 5.32269332776e-11, 3.58647070375e-11, 1.97687820974e-11, 1.35156113731e-11, 7.1564395035e-12, 5.03343417294e-12, 4.60174303177e-12, 4.27683539625e-12, 4.06207446152e-12, 3.90971153022e-12, 3.24644521335e-12, 3.09505763033e-12, 2.98350948981e-12, 2.86943407403e-12, 2.74897292429e-12, 2.53885822955e-12, 2.33272125574e-12, 2.21084825794e-12, 2.12542071616e-12, 2.07882430887e-12, 2.06359517148e-12],
        "min": [3.18736808216e-25, 1.94760271447e-24, 4.53690423368e-25, 3.34177749708e-25, 1.08065937077e-24, 4.83018989925e-25, 2.57464477942e-24, 1.98153103035e-24, 1.67143454168e-24, 7.57194845194e-25, 1.70119431933e-24, 9.14359701949e-25, 1.89817505673e-24, 6.45843026345e-24, 2.95789805907e-24, 1.25455389657e-24, 3.14501428807e-24, 1.53577585744e-25, 4.53250781325e-25, 3.45142793031e-25, 2.87667437648e-24, 5.10360425723e-24, 4.57237704061e-24, 1.77708116069e-24, 1.53384595854e-24, 2.44732558754e-24, 3.69437524753e-24, 5.9232378375e-24, 5.62394282677e-24, 9.35565919968e-24, 4.44082856821e-24, 3.9391027773e-24, 2.43435178388e-24, 1.81058940814e-24, 4.74169262328e-24, 2.45056287548e-24, 1.37442022643e-24, 2.65382452341e-24, 3.24098296428e-24, 2.89060782943e-24, 2.30308000444e-24, 4.65779213841e-24, 1.34484030907e-24, 2.60302838922e-24, 4.36731028172e-24, 4.21295189624e-24, 4.31242252322e-24, 3.65268315983e-24, 4.39718128875e-24, 1.69717803124e-24, 1.14066013122e-24, 5.50264441854e-24, 2.99572354505e-24, 3.01922114762e-24, 4.03936699835e-24, 2.92749752916e-24, 4.02749069742e-24, 7.19527210286e-24, 6.22257544672e-24, 2.85622157979e-24, 2.6005038371e-24, 4.73678709174e-24, 6.10647287084e-24, 6.45952954113e-24, 3.40877131224e-24, 8.70337851614e-24, 4.12063071564e-24, 8.86524015212e-24, 2.30732427332e-24, 1.02746939872e-23, 5.90291125855e-24, 5.84409339503e-24, 7.25982774618e-24, 5.76057314112e-24, 4.2806373452e-24, 4.74152144046e-24, 8.99614451959e-24, 5.54892925443e-24, 4.96447285937e-24, 4.95783380599e-24, 8.52875311072e-24, 5.11642916339e-24, 6.28079417039e-24, 5.86145149039e-24, 5.70497225237e-24, 6.55904434432e-24, 7.13713463187e-24, 6.95979238949e-24, 6.30410856001e-24, 6.165962055e-24, 5.66898441787e-24, 5.17534208466e-24, 6.76421562728e-24, 5.62435461216e-24, 5.01518714925e-24, 7.08508085618e-24, 6.15925634287e-24, 5.3238948483e-24, 7.58351709712e-24, 4.5305579463e-24, 4.59455428724e-24, 6.39316109545e-24, 7.14742926668e-24, 6.82811257175e-24, 5.40804974081e-24, 7.03656512165e-24, 7.38627978271e-24, 9.85244356588e-24, 9.59829467032e-24, 9.38838509433e-24, 8.39980985146e-24, 8.04504016972e-24, 8.5203675193e-24, 7.29278714366e-24, 5.58577221415e-24, 6.38880263895e-24, 1.13115112298e-23, 7.51734192236e-24, 7.90338126152e-24, 8.3701329042e-24, 8.35753795099e-24, 6.69502779273e-24, 8.14005925461e-24, 8.71727824529e-24, 8.94836715887e-24, 8.83075351992e-24, 8.28393249537e-24, 8.33221788251e-24],
        "stdev": [5.60060361749e-05, 5.77311184315e-05, 8.84978871909e-05, 0.000139106821734, 0.000192337189219, 0.000255577004282, 0.000297846418107, 0.000355198717443, 0.000462959695142, 0.000576342747081, 0.000846682291012, 0.00119427277241, 0.00141527643427, 0.00133560423274, 0.00173663091846, 0.00183769140858, 0.00164753454737, 0.00172051542904, 0.00194302015007, 0.00163243093994, 0.00143837323412, 0.00203225761652, 0.0015445855679, 0.00100170110818, 0.000834931561258, 0.000606002577115, 0.000398371223127, 0.000297352497, 0.000274949939921, 0.000235963598243, 0.000158702183398, 0.000199648100534, 0.000174014930963, 0.000189657832379, 0.000159783143317, 0.000105523038656, 0.000224066447117, 0.000188253383385, 0.000257614912698, 0.000186343255336, 0.000161619638675, 0.000113618683827, 8.72980017448e-05, 8.4754639829e-05, 7.65943768783e-05, 0.000106635467091, 9.63686397881e-05, 5.5285054259e-05, 4.843392162e-05, 5.289469118e-05, 7.47967787902e-05, 5.33712700417e-05, 3.76405441784e-05, 4.88240984851e-05, 4.99113157275e-05, 3.74905175704e-05, 2.42833466473e-05, 2.14272386074e-05, 1.69052927959e-05, 1.80319530045e-05, 1.4470181668e-05, 9.79157448455e-06, 1.5259733118e-05, 1.65018009284e-05, 4.34757421317e-05, 3.08891867462e-05, 3.50644113496e-05, 2.74159592664e-05, 1.47897535498e-05, 7.90798003436e-06, 4.08757614423e-06, 4.38208235209e-06, 4.96134498462e-06, 2.79002711068e-06, 2.29540796681e-06, 3.00229612549e-06, 3.95581173507e-06, 5.06205151396e-06, 5.28075452166e-06, 4.52599579148e-06, 3.67580878446e-06, 3.56723535333e-06, 2.85012265522e-06, 2.47471234616e-06, 2.56432099377e-06, 2.25596568271e-06, 2.78198695014e-06, 2.40524491346e-06, 1.72718932845e-06, 1.23732684187e-06, 1.15753289265e-06, 1.22663800539e-06, 9.31114414016e-07, 6.42591089672e-07, 2.97988606235e-07, 2.54832769997e-07, 1.10756538163e-07, 6.04423320283e-08, 4.92717511236e-08, 3.0595558087e-08, 1.52718815372e-08, 7.99249333383e-10, 2.23691794254e-11, 1.40113571787e-11, 1.38493418123e-11, 1.47411527429e-11, 9.75017358518e-11, 6.42718822608e-10, 4.52050452626e-10, 2.24951640648e-10, 1.45384787542e-10, 3.83419407335e-11, 7.34416347181e-12, 6.68433971368e-12, 6.37192295455e-12, 6.03542519781e-12, 5.8822395739e-12, 5.55118017526e-12, 5.3461766264e-12, 5.22339550085e-12, 5.06291276264e-12, 4.94659998726e-12, 4.83559676676e-12, 4.70469323222e-12, 4.66144874436e-12, 4.6023159242e-12, 4.55774480657e-12, 4.53316073915e-12]
    },
    "mfcc": {
        "mean": [-730.35333252, 141.126739502, -33.3455848694, 28.924407959, -7.61608743668, 1.160140872, -23.0101928711, 0.621299684048, -16.8189487457, 10.3120822906, -4.07766628265, 4.88299036026, 0.0543028302491],
        "cov": [[7137.62353516, 2168.91503906, -1265.89978027, 103.14730835, -668.197814941, -424.226837158, -568.483093262, 17.6112556458, -426.516571045, 124.075370789, 22.4204082489, 99.7098083496, 59.2089118958], [2168.91503906, 2793.33764648, -654.452087402, -245.51411438, -195.9868927, -658.279296875, -356.982574463, -65.1814041138, -313.640930176, -83.4775238037, -45.9964942932, 20.1812648773, 68.5620117188], [-1265.89978027, -654.452087402, 847.553771973, 37.7774925232, 178.79119873, 181.113525391, 127.434822083, -48.264755249, 82.6819076538, -107.579788208, -69.5628662109, -22.6286392212, -41.23620224], [103.14730835, -245.51411438, 37.7774925232, 670.135070801, 177.848388672, 3.81414198875, -147.774658203, -55.0941200256, -119.193572998, 10.2955341339, -82.2780303955, -110.319282532, 17.6006240845], [-668.197814941, -195.9868927, 178.79119873, 177.848388672, 476.48449707, -21.5824565887, -23.4557819366, -111.936325073, -3.53311800957, -18.4040527344, -71.0112075806, -99.6997528076, 22.5651493073], [-424.226837158, -658.279296875, 181.113525391, 3.81414198875, -21.5824565887, 347.6612854, 122.711463928, 45.492816925, 92.4045944214, 17.9436016083, 9.60909080505, 18.6099319458, -64.8037872314], [-568.483093262, -356.982574463, 127.434822083, -147.774658203, -23.4557819366, 122.711463928, 271.000457764, 81.2332839966, 107.439933777, -32.3438301086, 37.7436790466, 7.26150894165, -19.3054599762], [17.6112556458, -65.1814041138, -48.264755249, -55.0941200256, -111.936325073, 45.492816925, 81.2332839966, 188.82258606, 42.4001083374, -23.9121589661, 19.2114543915, 27.3044052124, -17.5964775085], [-426.516571045, -313.640930176, 82.6819076538, -119.193572998, -3.53311800957, 92.4045944214, 107.439933777, 42.4001083374, 180.686767578, 12.1497554779, 3.10070490837, -0.0315427929163, -15.0835952759], [124.075370789, -83.4775238037, -107.579788208, 10.2955341339, -18.4040527344, 17.9436016083, -32.3438301086, -23.9121589661, 12.1497554779, 144.233001709, 40.9192466736, 10.588684082, 0.926203787327], [22.4204082489, -45.9964942932, -69.5628662109, -82.2780303955, -71.0112075806, 9.60909080505, 37.7436790466, 19.2114543915, 3.10070490837, 40.9192466736, 156.236022949, 58.5402297974, -9.3282995224], [99.7098083496, 20.1812648773, -22.6286392212, -110.319282532, -99.6997528076, 18.6099319458, 7.26150894165, 27.3044052124, -0.0315427929163, 10.588684082, 58.5402297974, 120.445404053, -3.8582777977], [59.2089118958, 68.5620117188, -41.23620224, 17.6006240845, 22.5651493073, -64.8037872314, -19.3054599762, -17.5964775085, -15.0835952759, 0.926203787327, -9.3282995224, -3.8582777977, 90.5212173462]],
        "icov": [[0.000269224052317, -0.000124359838082, 0.000220439585974, -7.46967125451e-05, 0.000287326955004, -0.000153088985826, 0.000247604766628, 3.5931518596e-06, 0.000203591291211, -5.97505422775e-05, 7.84409348853e-05, -1.78014161065e-05, -5.2816401876e-05], [-0.000124359838082, 0.00110818108078, 0.00030519158463, 0.000710664317012, 0.00011904774874, 0.00140636938158, 0.000471962150186, 5.23612143297e-05, 0.000942617363762, 0.000649104360491, 0.000470566534204, 0.000198157198611, 0.000538176856935], [0.000220439585974, 0.00030519158463, 0.00221750000492, -9.69910706772e-06, -0.000171122257598, -0.000335096206982, -0.00020173464145, 0.000984400161542, 1.72609288711e-05, 0.00160396902356, 0.000758935872, -0.000616578443442, 0.000626197317615], [-7.46967125451e-05, 0.000710664317012, -9.69910706772e-06, 0.00299485470168, -0.000477415946079, -4.07805746363e-05, 0.00157502340153, -0.000717705232091, 0.00225280947052, -3.43918618455e-05, 0.00042839726666, 0.00214934931137, -0.000278433173662], [0.000287326955004, 0.00011904774874, -0.000171122257598, -0.000477415946079, 0.00359514798038, 0.000473638181575, 0.000121676966955, 0.00151093536988, -2.04320826924e-06, 0.000182131974725, 0.000380705285352, 0.0016119411448, -0.000394960166886], [-0.000153088985826, 0.00140636938158, -0.000335096206982, -4.07805746363e-05, 0.000473638181575, 0.00673341425136, -0.00120506610256, -9.34125491767e-05, -0.000187570025446, -0.000617315468844, 0.00117470801342, -0.00117268622853, 0.00336353550665], [0.000247604766628, 0.000471962150186, -0.00020173464145, 0.00157502340153, 0.000121676966955, -0.00120506610256, 0.00782616902143, -0.00215768394992, -0.0011584230233, 0.0018681937363, -0.00199737283401, 0.00220276229084, -0.000885033747181], [3.5931518596e-06, 5.23612143297e-05, 0.000984400161542, -0.000717705232091, 0.00151093536988, -9.34125491767e-05, -0.00215768394992, 0.00799297727644, -0.00140068109613, 0.00196662847884, 0.000324556080159, -0.00120231381152, 0.000924726133235], [0.000203591291211, 0.000942617363762, 1.72609288711e-05, 0.00225280947052, -2.04320826924e-06, -0.000187570025446, -0.0011584230233, -0.00140068109613, 0.010331781581, -0.00167331506964, 0.00156062096357, 0.00154725415632, 3.50922637153e-05], [-5.97505422775e-05, 0.000649104360491, 0.00160396902356, -3.43918618455e-05, 0.000182131974725, -0.000617315468844, 0.0018681937363, 0.00196662847884, -0.00167331506964, 0.0102085825056, -0.00237767887302, 0.000154563138494, -4.35207730334e-05], [7.84409348853e-05, 0.000470566534204, 0.000758935872, 0.00042839726666, 0.000380705285352, 0.00117470801342, -0.00199737283401, 0.000324556080159, 0.00156062096357, -0.00237767887302, 0.00977989751846, -0.00392859289423, 0.00136264273897], [-1.78014161065e-05, 0.000198157198611, -0.000616578443442, 0.00214934931137, 0.0016119411448, -0.00117268622853, 0.00220276229084, -0.00120231381152, 0.00154725415632, 0.000154563138494, -0.00392859289423, 0.0136431884021, -0.00140960910358], [-5.2816401876e-05, 0.000538176856935, 0.000626197317615, -0.000278433173662, -0.000394960166886, 0.00336353550665, -0.000885033747181, 0.000924726133235, 3.50922637153e-05, -4.35207730334e-05, 0.00136264273897, -0.00140960910358, 0.0135974921286]]
    },
    "spectral_contrast_coeffs": {
        "max": [-0.418302357197, -0.455267846584, -0.56550681591, -0.596979141235, -0.572333812714, -0.370135933161],
        "mean": [-0.693757891655, -0.742103934288, -0.805400133133, -0.801418066025, -0.782715439796, -0.714558720589],
        "min": [-0.973117768764, -0.976581215858, -0.979744672775, -0.968722999096, -0.965630114079, -0.962965726852],
        "stdev": [0.111079700291, 0.106883980334, 0.0649752244353, 0.0617472417653, 0.0666468963027, 0.0721865147352]
    },
    "spectral_contrast_valleys": {
        "max": [-5.39690160751, -4.67004919052, -5.32156467438, -5.95638608932, -6.17730712891, -9.7392578125],
        "mean": [-8.12933158875, -7.20298433304, -8.12439155579, -7.98493480682, -8.34438610077, -12.313700676],
        "min": [-27.8757743835, -27.0534973145, -27.4531936646, -27.1752548218, -27.3907546997, -27.3332290649],
        "stdev": [2.0253367424, 2.21375656128, 2.09820437431, 2.0266931057, 1.95844340324, 1.6377158165]
    }
},
"rhythm": {
    "beats_count": 28,
    "beats_loudness": {
        "max": 0.0501308590174,
        "mean": 0.0249330643564,
        "min": 0.000829782220535,
        "stdev": 0.0156700294465
    },
    "bpm": 105.397590637,
    "bpm_histogram_first_peak_bpm": 103,
    "bpm_histogram_first_peak_weight": 0.428571403027,
    "bpm_histogram_second_peak_bpm": 108,
    "bpm_histogram_second_peak_spread": 0.461538493633,
    "bpm_histogram_second_peak_weight": 0.25925925374,
    "danceability": 1.96530973911,
    "onset_rate": 5.10644483566,
    "beats_loudness_band_ratio": {
        "max": [0.709099769592, 0.813237428665, 0.845593750477, 0.713910758495, 0.276690363884, 0.18034774065],
        "mean": [0.111909635365, 0.208936318755, 0.447742044926, 0.17829425633, 0.0766767188907, 0.0239502172917],
        "min": [0.0103198960423, 0.019959975034, 0.0332525297999, 0.00642649875954, 0.00733764283359, 0.000692166737281],
        "stdev": [0.17168545723, 0.213533103466, 0.266638755798, 0.173202469945, 0.0745460987091, 0.036142822355]
    },
    "beats_position": [0.557278871536, 1.11455774307, 1.66022670269, 2.20589566231, 2.75156450272, 3.29723358154, 3.85451245308, 4.41179132462, 4.98067998886, 5.53795909882, 6.10684776306, 6.66412687302, 7.22140598297, 7.76707458496, 8.32435321808, 8.87002277374, 9.45052146912, 10.0310201645, 10.6115188599, 11.1804075241, 11.7609071732, 12.3297958374, 12.9102945328, 13.479183197, 14.0480718613, 14.6285715103, 15.2090702057, 15.7895689011],
