{
"metadata": {
    "version": {
        "essentia": "2.1-beta5",
        "essentia_git_sha": "Undefined",
        "extractor": "music 2.0"
    },
    "audio_properties": {
        "analysis": {
            "equal_loudness": 0,
            "length": 32.4963264465,
            "sample_rate": 44100,
            "start_time": 77.7520217896,
            "downmix": "mix"
        },
        "bit_rate": 192000,
        "length": 187.001922607,
        "lossless": 0,
        "number_channels": 2,
        "replay_gain": -7.09350585938,
        "sample_rate": 48000,
        "codec": "mp3",
        "md5_encoded": "348c71c43adfd1f59fba9d84656009e3"
    },
    "tags": {
        "file_name": "Romania_Liubi, Liubi, I Love You_Todomondo.mp3",
        "encoding": ["Lavf58.29.100"]
    }
},
"lowlevel": {
    "average_loudness": 0.973137080669,
    "barkbands_crest": {
        "max": 25.5313587189,
        "mean": 9.84453105927,
        "min": 2.95551681519,
        "stdev": 4.11901473999
    },
    "barkbands_flatness_db": {
        "max": 0.281840205193,
        "mean": 0.108151070774,
        "min": 0.0338446460664,
        "stdev": 0.0379917286336
    },
    "barkbands_kurtosis": {
        "max": 89.6739654541,
        "mean": 3.33187818527,
        "min": -1.93628799915,
        "stdev": 6.95548915863
    },
    "barkbands_skewness": {
        "max": 9.20722961426,
        "mean": 1.56332588196,
        "min": -1.68460476398,
        "stdev": 1.19189167023
    },
    "barkbands_spread": {
        "max": 106.322395325,
        "mean": 34.7016296387,
        "min": 2.83652710915,
        "stdev": 17.8777427673
    },
    "dissonance": {
        "max": 0.499913960695,
        "mean": 0.467946738005,
        "min": 0.31404671073,
        "stdev": 0.0239134728909
    },
    "dynamic_complexity": 1.99742507935,
    "erbbands_crest": {
        "max": 27.5359802246,
        "mean": 9.03123378754,
        "min": 2.40825200081,
        "stdev": 4.6002407074
    },
    "erbbands_flatness_db": {
        "max": 0.250304698944,
        "mean": 0.12628826499,
        "min": 0.0596904568374,
        "stdev": 0.032298501581
    },
    "erbbands_kurtosis": {
        "max": 13.5083522797,
        "mean": -0.0168367661536,
        "min": -1.81020987034,
        "stdev": 1.97022747993
    },
    "erbbands_skewness": {
        "max": 3.68639039993,
        "mean": 0.196087121964,
        "min": -2.58606481552,
        "stdev": 0.927847743034
    },
    "erbbands_spread": {
        "max": 153.463241577,
        "mean": 62.8682289124,
        "min": 10.7779865265,
        "stdev": 28.12266922
    },
    "hfc": {
        "max": 148.592056274,
        "mean": 31.9621639252,
        "min": 0.143749669194,
        "stdev": 23.8717803955
    },
    "loudness_ebu128": {
        "integrated": -15.7133626938,
        "loudness_range": 1.77327919006,
        "momentary": {
            "max": -12.8432035446,
            "mean": -15.8928833008,
            "min": -20.4274578094,
            "stdev": 1.28058457375
        },
        "short_term": {
            "max": -14.5438194275,
            "mean": -15.7336082458,
            "min": -17.3079624176,
            "stdev": 0.566702663898
        }
    },
    "melbands_crest": {
        "max": 29.4716796875,
        "mean": 13.4343643188,
        "min": 4.05444288254,
        "stdev": 4.54797267914
    },
    "melbands_flatness_db": {
        "max": 0.352399200201,
        "mean": 0.164300665259,
        "min": 0.0238226596266,
        "stdev": 0.0496066808701
    },
    "melbands_kurtosis": {
        "max": 419.34552002,
        "mean": 19.9676876068,
        "min": -1.54360854626,
        "stdev": 23.8133926392
    },
    "melbands_skewness": {
        "max": 17.4607448578,
        "mean": 3.4292473793,
        "min": -0.0574580319226,
        "stdev": 1.84949100018
    },
    "melbands_spread": {
        "max": 191.031143188,
        "mean": 31.3574867249,
        "min": 1.4906475544,
        "stdev": 24.5435848236
    },
    "pitch_salience": {
        "max": 0.827200829983,
        "mean": 0.582302391529,
        "min": 0.201800018549,
        "stdev": 0.0995769128203
    },
    "silence_rate_20dB": {
        "max": 1,
        "mean": 1,
        "min": 1,
        "stdev": 0
    },
    "silence_rate_30dB": {
        "max": 1,
        "mean": 1,
        "min": 1,
        "stdev": 0
    },
    "silence_rate_60dB": {
        "max": 1,
        "mean": 0.00499643106014,
        "min": 0,
        "stdev": 0.0705084949732
    },
    "spectral_centroid": {
        "max": 4110.60253906,
        "mean": 1534.95947266,
        "min": 275.528533936,
        "stdev": 685.646911621
    },
    "spectral_complexity": {
        "max": 49,
        "mean": 17.6038551331,
        "min": 0,
        "stdev": 9.1000213623
    },
    "spectral_decrease": {
        "max": -3.14149192771e-11,
        "mean": -6.74039979387e-09,
        "min": -3.0432676823e-08,
        "stdev": 4.40315828243e-09
    },
    "spectral_energy": {
        "max": 0.122764065862,
        "mean": 0.0283388551325,
        "min": 0.000131606080686,
        "stdev": 0.0177612490952
    },
    "spectral_energyband_high": {
        "max": 0.0160256940871,
        "mean": 0.0021857554093,
        "min": 1.38410896398e-05,
        "stdev": 0.00239578564651
    },
    "spectral_energyband_low": {
        "max": 0.0809162855148,
        "mean": 0.00704752327874,
        "min": 3.29034264723e-05,
        "stdev": 0.00920025445521
    },
    "spectral_energyband_middle_high": {
        "max": 0.0524621792138,
        "mean": 0.00508839869872,
        "min": 8.48209583637e-06,
        "stdev": 0.00664041657001
    },
    "spectral_energyband_middle_low": {
        "max": 0.0667857155204,
        "mean": 0.0151273244992,
        "min": 7.33235792723e-05,
        "stdev": 0.0111871184781
    },
    "spectral_entropy": {
        "max": 8.70851707458,
        "mean": 7.89342927933,
        "min": 6.68326330185,
        "stdev": 0.322065204382
    },
    "spectral_flux": {
        "max": 0.30015334487,
        "mean": 0.0954173132777,
        "min": 0.026747232303,
        "stdev": 0.0412566289306
    },
    "spectral_kurtosis": {
        "max": 12.5347833633,
        "mean": 1.96200692654,
        "min": -1.00182926655,
        "stdev": 1.75265645981
    },
    "spectral_rms": {
        "max": 0.0109439399093,
        "mean": 0.0049891541712,
        "min": 0.000358324119588,
        "stdev": 0.00166013569105
    },
    "spectral_rolloff": {
        "max": 11154.1992188,
        "mean": 2534.96801758,
        "min": 172.265625,
        "stdev": 2445.59399414
    },
    "spectral_skewness": {
        "max": 2.29634809494,
        "mean": 1.18238556385,
        "min": 0.189950704575,
        "stdev": 0.36810362339
    },
    "spectral_spread": {
        "max": 12816263,
        "mean": 6644268,
        "min": 2890920.75,
        "stdev": 1789226.125
    },
    "spectral_strongpeak": {
        "max": 8.19676017761,
        "mean": 0.975187242031,
        "min": 0.0137933623046,
        "stdev": 1.03393816948
    },
    "zerocrossingrate": {
        "max": 0.302734375,
        "mean": 0.0983982533216,
        "min": 0.01806640625,
        "stdev": 0.0474896356463
    },
    "barkbands": {
        "max": [0.00163110159338, 0.047034420073, 0.0447329245508, 0.0311598517001, 0.0580823943019, 0.0496175736189, 0.0346481464803, 0.0104355122894, 0.0354602560401, 0.0430781021714, 0.0105192754418, 0.0144094489515, 0.0133772203699, 0.00443034432828, 0.019815152511, 0.0105507308617, 0.00547042442486, 0.0135812144727, 0.0105095049366, 0.00444551045075, 0.00258573307656, 0.00461559882388, 0.00432163383812, 0.00948834884912, 0.00409992784262, 0.00148947257549, 0.000680298137013],
        "mean": [8.8056185632e-05, 0.00362682947889, 0.00239591556601, 0.00191068428103, 0.00572077510878, 0.00348641676828, 0.00176255381666, 0.000598575046752, 0.00130823627114, 0.00102225504816, 0.000316450896207, 0.000615560857113, 0.000384858431062, 0.000203207353479, 0.000418105191784, 0.000591625692323, 0.000495477812365, 0.000604749890044, 0.000509442645125, 0.000248076859862, 0.000256307132076, 0.000371541071218, 0.000412902008975, 0.000566297734622, 0.000276347476756, 0.000120356489788, 2.72725046671e-05],
        "min": [5.42891918087e-08, 5.2842506193e-06, 1.66492463904e-06, 7.47615786167e-07, 7.6924025052e-06, 1.07438120267e-06, 2.87081820716e-06, 3.53729819835e-06, 4.3043023652e-06, 1.10958694677e-06, 1.02580349903e-06, 7.68100221649e-07, 1.54234783167e-06, 1.01501962035e-06, 5.29620365342e-07, 4.82262748847e-07, 4.92147080422e-07, 4.71355122045e-07, 9.70140604295e-07, 5.54349469439e-07, 1.37981157877e-06, 3.1122085602e-06, 4.88065415993e-06, 2.85046098725e-06, 8.77430466062e-07, 3.08521578063e-07, 8.19083634251e-10],
        "stdev": [0.000164826560649, 0.00556302070618, 0.004031422548, 0.0030290519353, 0.00662096450105, 0.00556399347261, 0.00386447203346, 0.00110511260573, 0.00320936948992, 0.00293983239681, 0.000919325859286, 0.00155267585069, 0.00102082442027, 0.000347405381035, 0.00111931271385, 0.00119298894424, 0.000791119644418, 0.00103171356022, 0.000918356468901, 0.000335109449225, 0.000311491603497, 0.00048447935842, 0.000526435382199, 0.000728758692276, 0.000405326223699, 0.000212891914998, 8.31089055282e-05]
    },
    "erbbands": {
        "max": [0.953152596951, 12.2938499451, 45.2194404602, 72.371925354, 144.878540039, 304.839630127, 265.640472412, 608.936157227, 615.985412598, 394.345031738, 485.114105225, 877.001525879, 920.579650879, 662.228027344, 603.013366699, 518.497924805, 542.445068359, 255.949645996, 239.63621521, 1256.48791504, 525.538574219, 365.432250977, 521.209838867, 740.389648438, 159.524658203, 224.240615845, 116.567970276, 153.57598877, 128.220214844, 188.497283936, 115.638160706, 104.960021973, 186.309188843, 100.482002258, 24.9485988617, 7.04980039597, 2.99142861366, 0.76750433445, 0.120007425547, 0.00329111842439],
        "mean": [0.0741672366858, 0.929487347603, 2.69520545006, 5.0462770462, 13.4923267365, 17.834482193, 22.6118335724, 31.3958396912, 30.1571903229, 15.0238761902, 17.2535305023, 28.1039791107, 36.0928001404, 20.1772518158, 16.1719684601, 24.0036354065, 18.6819896698, 10.1307439804, 13.2997512817, 30.9587993622, 32.2186584473, 28.6891422272, 29.3162918091, 39.276096344, 14.3990736008, 11.631313324, 9.76928424835, 11.7993087769, 10.8098154068, 14.4992208481, 11.904499054, 12.6365442276, 8.13943958282, 4.09057807922, 1.5037009716, 0.616652846336, 0.219566985965, 0.0379271879792, 0.00533480104059, 0.000150612075231],
        "min": [0.000126026265207, 0.00129803270102, 0.00927339494228, 0.00959978345782, 0.0116559555754, 0.0279758926481, 0.0102942241356, 0.00968376453966, 0.0370335690677, 0.0847128406167, 0.193943575025, 0.184301406145, 0.0454460158944, 0.0545673035085, 0.0242279861122, 0.039103038609, 0.0665146633983, 0.061905156821, 0.0267301816493, 0.0258871540427, 0.0306729543954, 0.0317676737905, 0.0256776213646, 0.0429380349815, 0.040027141571, 0.0326565802097, 0.0426514223218, 0.0612184926867, 0.110524512827, 0.165420249104, 0.121234863997, 0.0727715492249, 0.0389041006565, 0.0162156801671, 0.00398119119927, 0.00201822863892, 0.000309513619868, 4.93984407512e-05, 5.60532726013e-06, 6.88269039983e-07],
        "stdev": [0.120320796967, 1.41869473457, 4.3189868927, 7.27237462997, 16.768201828, 22.6165046692, 32.5113258362, 57.8736686707, 61.6750030518, 32.5850753784, 32.5240402222, 71.0787200928, 97.7204360962, 52.7016525269, 44.4765129089, 55.4186477661, 43.8665466309, 17.8748645782, 22.4529457092, 79.6015090942, 58.5634346008, 45.227973938, 47.1143188477, 73.2914657593, 18.1687679291, 15.9007339478, 12.3407430649, 15.6488285065, 13.7258176804, 18.8474388123, 14.6235685349, 15.2197532654, 11.7874164581, 6.21278810501, 2.25152420998, 1.0410091877, 0.420408308506, 0.0929331034422, 0.0162235200405, 0.000348697358277]
    },
    "gfcc": {
        "mean": [36.3002052307, 53.4722251892, -94.2318572998, 46.2404823303, -69.0338287354, 13.109372139, -54.5867462158, 8.40955257416, -26.1814556122, -3.89124298096, -16.3591308594, 2.79344844818, -12.5606002808],
        "cov": [[1796.90478516, -266.827362061, 41.891456604, -310.731628418, 275.488098145, -37.0651512146, 152.900314331, 75.8000869751, -16.926612854, -38.8815307617, -121.752433777, 56.7069854736, -157.475952148], [-266.827362061, 843.36340332, -171.333648682, 132.181045532, 112.442810059, 6.77288627625, 85.5801544189, 70.741569519, 85.9412841797, -23.8787937164, 97.7769851685, -0.977115571499, 22.1437854767], [41.891456604, -171.333648682, 662.845825195, 170.037506104, -106.627677917, -53.899559021, -145.311126709, -169.379272461, -3.62122106552, 111.338302612, 35.8178253174, 23.993768692, 59.8686714172], [-310.731628418, 132.181045532, 170.037506104, 446.018798828, -8.53428268433, 19.7861938477, -66.5905685425, -50.3215179443, 67.1069335938, 85.9332580566, 75.9116744995, 5.14306163788, 88.3728179932], [275.488098145, 112.442810059, -106.627677917, -8.53428268433, 313.552856445, 4.48876190186, 14.5174455643, 67.2343292236, 50.4812545776, -26.2386684418, -33.9645652771, 2.66490030289, -48.52003479], [-37.0651512146, 6.77288627625, -53.899559021, 19.7861938477, 4.48876190186, 192.960342407, 171.035400391, 56.7408218384, -1.57181739807, -6.50078678131, -4.03801012039, 14.7036943436, 24.8792800903], [152.900314331, 85.5801544189, -145.311126709, -66.5905685425, 14.5174455643, 171.035400391, 339.814880371, 117.541213989, -5.35871887207, -47.9178085327, -15.0798587799, 33.8583106995, -3.2112095356], [75.8000869751, 70.741569519, -169.379272461, -50.3215179443, 67.2343292236, 56.7408218384, 117.541213989, 154.434188843, 40.8721847534, -25.3333683014, -21.6094551086, -11.881269455, -32.9343910217], [-16.926612854, 85.9412841797, -3.62122106552, 67.1069335938, 50.4812545776, -1.57181739807, -5.35871887207, 40.8721847534, 111.29070282, 40.0714302063, 10.0896406174, -13.1283283234, 4.13762187958], [-38.8815307617, -23.8787937164, 111.338302612, 85.9332580566, -26.2386684418, -6.50078678131, -47.9178085327, -25.3333683014, 40.0714302063, 120.247306824, 36.9137039185, -0.962293982506, 18.5553894043], [-121.752433777, 97.7769851685, 35.8178253174, 75.9116744995, -33.9645652771, -4.03801012039, -15.0798587799, -21.6094551086, 10.0896406174, 36.9137039185, 94.328918457, 26.8578262329, 29.6662940979], [56.7069854736, -0.977115571499, 23.993768692, 5.14306163788, 2.66490030289, 14.7036943436, 33.8583106995, -11.881269455, -13.1283283234, -0.962293982506, 26.8578262329, 85.625617981, 17.668258667], [-157.475952148, 22.1437854767, 59.8686714172, 88.3728179932, -48.52003479, 24.8792800903, -3.2112095356, -32.9343910217, 4.13762187958, 18.5553894043, 29.6662940979, 17.668258667, 100.292175293]],
        "icov": [[0.0010592546314, 0.000333142583258, -0.000412372493884, 0.000433462642832, -0.00101777608506, 0.000920608639717, -0.00104273587931, 1.59139053721e-05, 4.28840467066e-05, -0.000365975196473, 0.000412289460655, -0.000602744345088, 0.000755121232942], [0.000333142583258, 0.00204848637804, 0.000216133252252, -0.000307993497699, -0.000985083752312, 0.00109977636021, -0.00125887407921, 0.000163368575159, -0.00105364969932, 0.001045012963, -0.00249196332879, 0.00076947134221, -7.11878165021e-05], [-0.000412372493884, 0.000216133252252, 0.00276777660474, -0.000768296478782, 0.000644735235255, -0.000123539124615, 0.000264899659669, 0.00228685420007, -0.000386420666473, -0.00131689244881, 0.00037496141158, -0.000358210876584, -0.000356646458386], [0.000433462642832, -0.000307993497699, -0.000768296478782, 0.00400622142479, -0.00078744336497, -0.000852169061545, 0.000404531077947, 0.000420071941335, -0.00138218619395, -0.000926303619053, -0.00121615140233, 0.000284520647256, -0.0018035012763], [-0.00101777608506, -0.000985083752312, 0.000644735235255, -0.00078744336497, 0.00555486371741, -0.0015869702911, 0.00206820899621, -0.000945947773289, -0.00173603813164, 0.000953470531385, 0.00194993882906, -0.00146387843415, 0.00134135317057], [0.000920608639717, 0.00109977636021, -0.000123539124615, -0.000852169061545, -0.0015869702911, 0.0118853515014, -0.00678957393393, -0.000858719518874, 0.00135996018071, -0.00159863533918, 0.000440692034317, 0.000564489222597, -0.00217832275666], [-0.00104273587931, -0.00125887407921, 0.000264899659669, 0.000404531077947, 0.00206820899621, -0.00678957393393, 0.0090679815039, -0.00385281909257, 0.000545332906768, 0.00136543577537, 0.00075001391815, -0.00253308331594, -0.000214649204281], [1.59139053721e-05, 0.000163368575159, 0.00228685420007, 0.000420071941335, -0.000945947773289, -0.000858719518874, -0.00385281909257, 0.0149703742936, -0.00564059009776, 0.000401817116654, 0.000245418748818, 0.0016290480271, 0.00260049290955], [4.28840467066e-05, -0.00105364969932, -0.000386420666473, -0.00138218619395, -0.00173603813164, 0.00135996018071, 0.000545332906768, -0.00564059009776, 0.0155841903761, -0.00545628415421, 0.00121790589765, 0.00122300116345, -0.00147265288979], [-0.000365975196473, 0.001045012963, -0.00131689244881, -0.000926303619053, 0.000953470531385, -0.00159863533918, 0.00136543577537, 0.000401817116654, -0.00545628415421, 0.0144020821899, -0.00538423610851, 0.00129797880072, 0.000754979555495], [0.000412289460655, -0.00249196332879, 0.00037496141158, -0.00121615140233, 0.00194993882906, 0.000440692034317, 0.00075001391815, 0.000245418748818, 0.00121790589765, -0.00538423610851, 0.0195167735219, -0.00658703828231, -0.000682704034261], [-0.000602744345088, 0.00076947134221, -0.000358210876584, 0.000284520647256, -0.00146387843415, 0.000564489222597, -0.00253308331594, 0.0016290480271, 0.00122300116345, 0.00129797880072, -0.00658703828231, 0.016179934144, -0.00274011585861], [0.000755121232942, -7.11878165021e-05, -0.000356646458386, -0.0018035012763, 0.00134135317057, -0.00217832275666, -0.000214649204281, 0.00260049290955, -0.00147265288979, 0.000754979555495, -0.000682704034261, -0.00274011585861, 0.0156164420769]]
    },
    "melbands": {
        "max": [0.0103521915153, 0.0188957117498, 0.0134527236223, 0.0134415822104, 0.00883890036494, 0.0118041476235, 0.00794105418026, 0.00344950938597, 0.00491920439526, 0.00588050484657, 0.00527948327363, 0.00361271877773, 0.00157436239533, 0.00180081941653, 0.00176590506453, 0.000812797865365, 0.000477009511087, 0.000394908740418, 0.00154821877368, 0.00105866102967, 0.000669627508614, 0.000457034591818, 0.000310461386107, 0.000883674772922, 0.000754577689804, 0.00023559028341, 9.98821415124e-05, 0.000161719857715, 9.38006487559e-05, 5.89659794059e-05, 0.000122668920085, 8.79784129211e-05, 0.000200410868274, 7.90305202827e-05, 6.40694852336e-05, 9.33867995627e-05, 7.80988339102e-05, 0.000141035896377, 0.000231172889471, 4.98498775414e-05],
        "mean": [0.00086446950445, 0.00136343634222, 0.00108723947778, 0.00124137871899, 0.000788770790678, 0.000701681128703, 0.000427438819315, 0.00014530554472, 0.000154920635396, 0.000180037386599, 0.000182772564585, 8.86378475116e-05, 4.7906931286e-05, 6.33930249023e-05, 6.53879105812e-05, 2.79354953818e-05, 1.77994170372e-05, 1.85927310667e-05, 3.63274484698e-05, 4.22540324507e-05, 3.64784536941e-05, 3.13334967359e-05, 2.18986460823e-05, 3.12858319376e-05, 3.34769501933e-05, 1.34387046273e-05, 7.00761393091e-06, 7.96259701019e-06, 6.38208484816e-06, 5.45654665984e-06, 7.31558066036e-06, 5.43311671208e-06, 8.51033928484e-06, 7.419582289e-06, 6.06080675425e-06, 8.03395232651e-06, 7.75966509536e-06, 5.76993033974e-06, 5.05456591782e-06, 2.98075269711e-06],
        "min": [1.55811994773e-06, 4.72127840112e-06, 1.48289382196e-06, 1.39453720749e-06, 5.52950211841e-07, 1.67162014009e-07, 6.27080737559e-07, 7.20116929642e-07, 7.25508812138e-07, 6.13240388248e-07, 1.75990294338e-07, 2.17110553535e-07, 1.08046052105e-07, 7.19788815218e-08, 1.55464107365e-07, 1.29120152792e-07, 1.16201697153e-07, 4.27416679827e-08, 4.04563245127e-08, 2.93428978893e-08, 3.37425625219e-08, 3.21767181788e-08, 1.95705354145e-08, 2.77663705361e-08, 3.42006458709e-08, 4.06480076265e-08, 1.34146418418e-08, 2.23638938479e-08, 2.38858390844e-08, 3.68858081856e-08, 3.10985157626e-08, 6.22327149813e-08, 6.72417002079e-08, 1.04582269955e-07, 6.12176123127e-08, 5.7952803445e-08, 4.49073134234e-08, 3.33046692447e-08, 1.34473907565e-08, 1.323738541e-08],
        "stdev": [0.00134599569719, 0.0019631315954, 0.00133947783615, 0.00149336003233, 0.00110753509216, 0.00119524367619, 0.000849818228744, 0.000309212889988, 0.000324325665133, 0.000472062063636, 0.000502465059981, 0.000249313015956, 0.000130263229948, 0.000177877038368, 0.000167426609551, 6.55651529087e-05, 3.30167422362e-05, 3.16049263347e-05, 9.5692834293e-05, 9.78942625807e-05, 6.84039987391e-05, 5.3140509408e-05, 3.54572403012e-05, 5.69855983485e-05, 6.68476350256e-05, 2.0516652512e-05, 9.68958192971e-06, 1.22609635582e-05, 8.89390776138e-06, 6.53123925076e-06, 1.03956326711e-05, 7.24350593373e-06, 1.30367889142e-05, 9.47948137764e-06, 7.2019606705e-06, 1.10337341539e-05, 9.51979563979e-06, 8.41224846226e-06, 9.11655024538e-06, 4.62379512101e-06]
    },
    "melbands128": {
        "max": [0.0012936652638, 0.00635895412415, 0.0158385075629, 0.0232160333544, 0.0237899888307, 0.0225803926587, 0.016624879092, 0.0184389632195, 0.0172706786543, 0.0218082256615, 0.0219755508006, 0.0141688790172, 0.0123725151643, 0.0159279480577, 0.0229257792234, 0.0116698499769, 0.0151555184275, 0.010036021471, 0.0106622138992, 0.00439405627549, 0.00284262187779, 0.00256740371697, 0.00794457551092, 0.00731551786885, 0.00954145565629, 0.0105102946982, 0.0085719646886, 0.00742644909769, 0.0138260321692, 0.00533305015415, 0.00270468182862, 0.00262380484492, 0.00228404370137, 0.00423750001937, 0.00450401846319, 0.00284043699503, 0.00276340404525, 0.00313682365231, 0.00261200801469, 0.00140734377783, 0.0011982920114, 0.000645364809316, 0.00105470756534, 0.000634765310679, 0.000644697516691, 0.000786166987382, 0.000655393465422, 0.00160777103156, 0.00369763956405, 0.0024231239222, 0.00146864680573, 0.00110150466207, 0.00115914992057, 0.000838287814986, 0.00061661755899, 0.000901173742022, 0.000586354406551, 0.000553796242457, 0.000482990813907, 0.000492138089612, 0.00136982405093, 0.00108363560867, 0.00141206011176, 0.00156020198483, 0.000926309090573, 0.000426005688496, 0.000103658217995, 0.000280474050669, 0.000190929233213, 0.000152741980855, 0.000322231440805, 0.000462047551991, 0.000175057299202, 9.60891266004e-05, 0.000158275594003, 6.03137777944e-05, 0.0001357949659, 0.000145272526424, 0.0002283067588, 7.03579135006e-05, 9.90558764897e-05, 0.000123838341096, 7.42353295209e-05, 0.000479657726828, 0.000120099415653, 0.000102992067696, 0.00012552717817, 6.01519277552e-05, 6.2938182964e-05, 9.35596617637e-05, 0.000166225654539, 8.38540145196e-05, 0.000122574943816, 0.00010807345825, 0.00010087309056, 0.000188751379028, 0.000162555486895, 0.000126945509692, 0.000458126771264, 0.000114444970677, 4.53399698017e-05, 5.55153383175e-05, 8.10127021396e-05, 2.37657186517e-05, 3.38359095622e-05, 2.60083343164e-05, 1.96380296984e-05, 1.65264027601e-05, 1.8134191123e-05, 1.37529732456e-05, 1.40906086017e-05, 2.04109255719e-05, 1.1015858945e-05, 1.03424854387e-05, 7.9701148934e-06, 8.9288705567e-06, 7.45581337469e-06, 1.04083301267e-05, 8.78095306689e-06, 5.73897114009e-06, 3.46613887814e-06, 3.70568091057e-06, 1.8536530888e-06, 6.01755800744e-08, 1.96556868559e-08, 1.8254700862e-08, 1.74786443097e-08, 1.7051322132e-08],
        "mean": [5.4707252275e-05, 0.000411131564761, 0.00126967625692, 0.00161384069361, 0.00144792348146, 0.0011319500627, 0.000987862818874, 0.00094682793133, 0.00137719814666, 0.00163286249153, 0.000809502380434, 0.000802729220595, 0.000730678555556, 0.000825214432552, 0.000768695608713, 0.000584719178732, 0.000584682216868, 0.000410918117268, 0.000226278585615, 0.000142767006764, 0.00011202722817, 0.00012371953926, 0.0001488973503, 0.000205870193895, 0.000185706900083, 0.000159649760462, 0.000189327285625, 0.000180730450666, 0.000204981857678, 0.000101306723082, 4.99164598295e-05, 4.98998924741e-05, 4.11621440435e-05, 4.58066169813e-05, 7.86273230915e-05, 5.64590955037e-05, 5.91792049818e-05, 8.36209364934e-05, 5.8376819652e-05, 3.19268910971e-05, 2.23060869757e-05, 1.84807795449e-05, 1.56804453582e-05, 1.77626261575e-05, 2.29181314353e-05, 1.47181326611e-05, 1.74840970431e-05, 3.53352625098e-05, 4.37814560428e-05, 4.84030824737e-05, 4.06428662245e-05, 3.73017064703e-05, 4.18040908698e-05, 3.24157408613e-05, 3.27017551172e-05, 3.66030653822e-05, 2.43523791141e-05, 2.1584033675e-05, 2.0101575501e-05, 2.35834831983e-05, 3.21251936839e-05, 3.65938903997e-05, 3.72300710296e-05, 3.45725675288e-05, 2.45388491749e-05, 1.22079154607e-05, 6.44854662823e-06, 8.06951629784e-06, 6.5006593104e-06, 6.4437203946e-06, 8.72496002557e-06, 8.18799162516e-06, 7.87643148215e-06, 5.59648333365e-06, 5.45824650544e-06, 4.54669907413e-06, 5.55264341529e-06, 7.82982533565e-06, 7.83016912465e-06, 6.7153382588e-06, 5.89698083786e-06, 4.627573162e-06, 4.48299397249e-06, 1.05306007754e-05, 1.01957548395e-05, 8.50506967254e-06, 6.36626327832e-06, 5.0848157116e-06, 5.15566034665e-06, 7.49890477891e-06, 8.46543480293e-06, 7.23851098883e-06, 9.11464849196e-06, 6.82946483721e-06, 8.43523503136e-06, 6.93301853971e-06, 3.99680129703e-06, 5.72994667891e-06, 6.2363460529e-06, 4.04232878282e-06, 3.17614376399e-06, 2.86069257527e-06, 2.8229774216e-06, 1.65374808603e-06, 1.70095950125e-06, 1.36630910674e-06, 1.12603936486e-06, 1.091436161e-06, 1.15784928312e-06, 8.71598103913e-07, 8.79141282439e-07, 1.02491799225e-06, 6.95640778758e-07, 4.36774627133e-07, 3.71315422854e-07, 2.21204842887e-07, 2.69525003205e-07, 2.36414464894e-07, 3.39518891224e-07, 2.21722459059e-07, 9.1531589419e-08, 4.52933903716e-08, 2.62938808504e-08, 4.4794215559e-10, 1.81607021088e-11, 1.7005757913e-11, 1.63614382459e-11, 1.60229191026e-11],
        "min": [4.17692547217e-09, 1.00255505231e-07, 4.03446875907e-07, 1.15862553685e-06, 2.54425935964e-06, 1.09141899429e-06, 1.72954196387e-06, 5.45775264982e-07, 4.19364340587e-07, 6.68464110731e-07, 7.01676754034e-07, 6.10772417531e-07, 2.12421724655e-07, 2.02237529834e-07, 5.06244433041e-08, 1.41631488759e-07, 2.59027558513e-07, 5.41756890016e-07, 3.09740897819e-07, 3.42908663242e-07, 2.57296505879e-07, 1.77500481868e-07, 2.1554592422e-07, 4.05806218851e-07, 1.32246995577e-07, 1.09901456824e-07, 1.55508800503e-07, 1.23099297866e-07, 1.32813639198e-07, 7.88708405253e-08, 1.24711633021e-07, 1.14578838861e-07, 8.61637943217e-08, 1.62455471298e-08, 5.86192498986e-08, 8.10875775414e-08, 8.06138658049e-08, 1.18815364658e-07, 1.16994677057e-07, 1.26377614151e-07, 1.19931485187e-07, 9.78113945393e-08, 8.1928618556e-08, 1.3562338097e-07, 4.4653894804e-08, 3.12405781244e-08, 2.72876992113e-08, 3.51127589227e-08, 6.26213605415e-08, 1.7695379384e-08, 1.5503921702e-08, 4.85695146324e-08, 4.97579684122e-08, 2.23645155728e-08, 9.81667813704e-09, 3.63226568822e-08, 5.34948831898e-08, 1.71035789975e-08, 4.98139662852e-09, 2.44263524962e-08, 3.46294299902e-08, 1.94066895887e-08, 4.38286988924e-08, 2.90264274838e-08, 3.66295687115e-08, 5.42122968739e-08, 3.71029678092e-08, 9.89725013056e-09, 3.77661768525e-09, 2.15015862892e-08, 3.45837065652e-08, 9.19115894504e-09, 2.45497631113e-08, 3.56487142028e-08, 6.35355501544e-09, 4.31381863564e-08, 4.76814498995e-08, 3.06523517679e-08, 2.95415905072e-08, 2.49373783845e-08, 7.02019917753e-08, 7.91565426539e-08, 3.16318455873e-08, 8.6879666128e-08, 6.279042708e-08, 1.14771019355e-07, 1.06684048262e-07, 2.33875283584e-08, 3.76270392621e-08, 9.66552136106e-08, 1.03324140355e-07, 1.50021701728e-08, 4.69838852268e-08, 3.27418376855e-08, 6.03519652032e-08, 5.30232000528e-08, 1.40518787717e-08, 2.94462410011e-08, 6.42154107666e-09, 6.58989973701e-09, 2.0853455851e-08, 1.04617692287e-08, 6.09490680148e-09, 3.31350413774e-09, 4.47935155634e-09, 3.52196694031e-09, 1.87578397259e-09, 3.71497743679e-09, 2.63190380601e-09, 1.43293976684e-09, 7.24549920061e-10, 2.69342520509e-10, 6.74104883025e-10, 6.41468989038e-10, 6.11608041989e-10, 4.01130434424e-10, 1.00638400391e-10, 1.12042992072e-12, 1.1342137082e-13, 1.22355047643e-13, 1.05109951504e-13, 8.56834473707e-14, 1.00063810319e-13, 9.78064675148e-14, 8.34500247767e-14, 3.02124895468e-14, 4.83229331793e-15, 1.52109329635e-16],
        "stdev": [0.000106072278868, 0.000731525593437, 0.00220765266567, 0.00257795094512, 0.00242656748742, 0.0019055090379, 0.00157928536646, 0.00154390523676, 0.00190949987154, 0.00233929324895, 0.00130679935683, 0.00159897923004, 0.00132802140433, 0.00161530775949, 0.00189425353892, 0.00140451139305, 0.00143622839823, 0.00105366716161, 0.000833175668959, 0.000406706734793, 0.000262167857727, 0.000274419726338, 0.000425431062467, 0.000611665425822, 0.000629403628409, 0.000659883080516, 0.000795963511337, 0.000608358997852, 0.000763711635955, 0.000367771019228, 0.000180663759238, 0.00018168418319, 0.000141864074976, 0.000198683366762, 0.000324312131852, 0.000197514804313, 0.000196085282369, 0.000254765211139, 0.000201639486477, 9.45602296269e-05, 7.10624663043e-05, 4.9481390306e-05, 4.35478395957e-05, 4.82166324218e-05, 4.45568693976e-05, 4.0092447307e-05, 4.38264032709e-05, 0.00010878174362, 0.000170903440448, 0.000165972363902, 0.000117216470244, 9.67506930465e-05, 9.79214164545e-05, 7.35557259759e-05, 6.78411815898e-05, 7.73988504079e-05, 5.19709465152e-05, 4.2049541662e-05, 4.0159215132e-05, 4.96099455631e-05, 7.59064569138e-05, 8.35180326249e-05, 9.45303982007e-05, 9.67390151345e-05, 5.46879855392e-05, 2.50143693847e-05, 1.01804143924e-05, 1.69898830791e-05, 1.20874192362e-05, 9.54529059527e-06, 1.81977629836e-05, 1.94132353499e-05, 1.36724311233e-05, 7.98905875854e-06, 9.31605336518e-06, 6.17002069703e-06, 8.56645056047e-06, 1.36885828397e-05, 1.47090031533e-05, 8.75467685546e-06, 8.40380289446e-06, 7.99603003543e-06, 6.8597310019e-06, 2.22429953283e-05, 1.46652610056e-05, 1.16263227028e-05, 9.70183373283e-06, 6.69161545375e-06, 6.20189257461e-06, 9.80978984444e-06, 1.52832344611e-05, 1.06126935862e-05, 1.23668232845e-05, 9.32703460421e-06, 1.17607787615e-05, 1.09577431431e-05, 7.05768616172e-06, 9.14213887881e-06, 1.5057084056e-05, 6.78590322423e-06, 5.84293775319e-06, 4.74770558867e-06, 5.52738583792e-06, 2.61387958744e-06, 2.80393146568e-06, 2.16291687138e-06, 2.19400953938e-06, 2.01146872314e-06, 2.15324234887e-06, 1.72114073393e-06, 1.63373601936e-06, 2.37018252847e-06, 1.48357162288e-06, 9.03036323052e-07, 8.77763000062e-07, 5.15381429977e-07, 7.85561041994e-07, 8.00544398771e-07, 1.14697797926e-06, 7.55864277835e-07, 3.38086891816e-07, 2.38673493413e-07, 1.50309432456e-07, 3.0665827655e-09, 5.24897625365e-10, 4.87490159351e-10, 4.66766791885e-10, 4.55356891083e-10]
    },
    "mfcc": {
        "mean": [-609.490356445, 80.0634078979, 27.8164978027, 25.8508739471, 13.3430700302, -0.945979654789, -8.67729854584, 3.68391132355, -7.56650924683, -3.80523228645, -6.33218860626, -2.08299684525, -4.66161775589],
        "cov": [[1557.00842285, 62.5009918213, -343.695007324, -107.830535889, -16.2981700897, -22.7284297943, 82.0041427612, 197.594665527, 84.5253295898, 5.44914007187, 97.5855789185, -6.57628297806, -5.63520383835], [62.5009918213, 647.139831543, -234.734130859, 13.2731056213, 44.5356292725, -47.0741233826, 33.1420135498, 117.537467957, 9.3948802948, 16.007352829, 53.5024223328, 36.5618133545, 35.9661445618], [-343.695007324, -234.734130859, 724.336181641, 159.978866577, -17.8821029663, 96.6889266968, -73.2535018921, -228.048217773, -75.1689147949, -42.2293357849, -89.1883773804, 25.800786972, 48.5200119019], [-107.830535889, 13.2731056213, 159.978866577, 298.625183105, 130.56918335, 48.4700393677, -63.396812439, -81.4912033081, -22.9378929138, 8.3664226532, -9.73540973663, 15.1639232635, 53.4150543213], [-16.2981700897, 44.5356292725, -17.8821029663, 130.56918335, 283.382507324, -8.18350410461, -105.804679871, -75.8169174194, -17.5000915527, 13.8396234512, 4.91544485092, -12.2757844925, 14.473698616], [-22.7284297943, -47.0741233826, 96.6889266968, 48.4700393677, -8.18350410461, 152.175048828, 54.8527069092, 8.73658943176, 26.6977920532, 9.26949596405, -8.10592460632, 10.7262029648, 11.6872615814], [82.0041427612, 33.1420135498, -73.2535018921, -63.396812439, -105.804679871, 54.8527069092, 182.068969727, 124.856124878, 52.4358711243, 2.84831833839, 19.1022338867, 17.8347358704, -7.11137485504], [197.594665527, 117.537467957, -228.048217773, -81.4912033081, -75.8169174194, 8.73658943176, 124.856124878, 252.538909912, 83.6622238159, 10.4119024277, 47.4734420776, 12.5143413544, -19.987909317], [84.5253295898, 9.3948802948, -75.1689147949, -22.9378929138, -17.5000915527, 26.6977920532, 52.4358711243, 83.6622238159, 119.366539001, 54.3297386169, 25.1758670807, 10.4282636642, -11.1066226959], [5.44914007187, 16.007352829, -42.2293357849, 8.3664226532, 13.8396234512, 9.26949596405, 2.84831833839, 10.4119024277, 54.3297386169, 101.292480469, 41.4737930298, 5.58655500412, -5.5664305687], [97.5855789185, 53.5024223328, -89.1883773804, -9.73540973663, 4.91544485092, -8.10592460632, 19.1022338867, 47.4734420776, 25.1758670807, 41.4737930298, 92.3688812256, 31.1635761261, -1.03375005722], [-6.57628297806, 36.5618133545, 25.800786972, 15.1639232635, -12.2757844925, 10.7262029648, 17.8347358704, 12.5143413544, 10.4282636642, 5.58655500412, 31.1635761261, 75.3936538696, 31.4035243988], [-5.63520383835, 35.9661445618, 48.5200119019, 53.4150543213, 14.473698616, 11.6872615814, -7.11137485504, -19.987909317, -11.1066226959, -5.5664305687, -1.03375005722, 31.4035243988, 77.7602920532]],
        "icov": [[0.000801218266133, 0.000105588937004, 0.000197428889805, 0.000128661180497, -6.72836613376e-05, -2.40712342929e-05, 3.35603072017e-05, -0.000269603682682, -0.000432370055933, 0.000598059443291, -0.000916066812351, 0.000561168708373, -0.000510183977894], [0.000105588937004, 0.00208412064239, 0.000514443148859, -0.000271989876637, -0.000407021929277, 0.000545483257156, -0.000228817429161, -0.000997050548904, 0.000818546628579, -0.000427765888162, -2.82384899037e-05, -0.000697823474184, -0.00100617390126], [0.000197428889805, 0.000514443148859, 0.00302234571427, -0.00108476611786, 0.00114249519538, -0.0014313479187, 0.000393396156142, 0.00196610880084, 6.58530043438e-05, 0.000531990721356, 0.00131020648405, -0.00162719876971, -9.84577127383e-05], [0.000128661180497, -0.000271989876637, -0.00108476611786, 0.00580192217603, -0.00236433278769, -0.00142873870209, 0.000662257720251, -0.000329403585056, 0.000366150314221, -0.000655175477732, -0.00031926020165, 0.000303245236864, -0.00266406917945], [-6.72836613376e-05, -0.000407021929277, 0.00114249519538, -0.00236433278769, 0.00612534256652, -0.000903089996427, 0.00291687506251, 0.00135215336923, -0.000908334448468, 0.000553671678063, -0.000805484072771, 0.000785716576502, 0.000286411552224], [-2.40712342929e-05, 0.000545483257156, -0.0014313479187, -0.00142873870209, -0.000903089996427, 0.00995859410614, -0.00424539158121, -0.000191866332898, -0.00140858558007, -0.000807553704362, 0.000785877928138, 9.244519606e-05, -0.000431623193435], [3.35603072017e-05, -0.000228817429161, 0.000393396156142, 0.000662257720251, 0.00291687506251, -0.00424539158121, 0.0119182001799, -0.00378915760666, -0.00112552347127, 0.000956293428317, -0.00026822448126, -0.00104720762465, -5.39571228728e-05], [-0.000269603682682, -0.000997050548904, 0.00196610880084, -0.000329403585056, 0.00135215336923, -0.000191866332898, -0.00378915760666, 0.0106887584552, -0.00524652283639, 0.00368426344357, -0.00236431299709, 0.000233128565014, 0.00100801710505], [-0.000432370055933, 0.000818546628579, 6.58530043438e-05, 0.000366150314221, -0.000908334448468, -0.00140858558007, -0.00112552347127, -0.00524652283639, 0.0171222276986, -0.00974041409791, 0.00368135026656, -0.00302897254005, 0.00124723860063], [0.000598059443291, -0.000427765888162, 0.000531990721356, -0.000655175477732, 0.000553671678063, -0.000807553704362, 0.000956293428317, 0.00368426344357, -0.00974041409791, 0.0184424780309, -0.00885664392263, 0.00325640686788, -9.17888319236e-05], [-0.000916066812351, -2.82384899037e-05, 0.00131020648405, -0.00031926020165, -0.000805484072771, 0.000785877928138, -0.00026822448126, -0.00236431299709, 0.00368135026656, -0.00885664392263, 0.0207649003714, -0.00988458842039, 0.00290775671601], [0.000561168708373, -0.000697823474184, -0.00162719876971, 0.000303245236864, 0.000785716576502, 9.244519606e-05, -0.00104720762465, 0.000233128565014, -0.00302897254005, 0.00325640686788, -0.00988458842039, 0.0222005583346, -0.00832217652351], [-0.000510183977894, -0.00100617390126, -9.84577127383e-05, -0.00266406917945, 0.000286411552224, -0.000431623193435, -5.39571228728e-05, 0.00100801710505, 0.00124723860063, -9.17888319236e-05, 0.00290775671601, -0.00832217652351, 0.0190167557448]]
    },
    "spectral_contrast_coeffs": {
        "max": [-0.445830106735, -0.420914888382, -0.537768363953, -0.583498120308, -0.567859053612, -0.671600818634],
        "mean": [-0.688332855701, -0.73058372736, -0.778501689434, -0.795249938965, -0.781397759914, -0.785943806171],
        "min": [-0.892259597778, -0.935860514641, -0.90541189909, -0.891738593578, -0.913808226585, -0.864228010178],
        "stdev": [0.0753189399838, 0.0848430022597, 0.0720278248191, 0.0537561513484, 0.051989775151, 0.0301960203797]
    },
    "spectral_contrast_valleys": {
        "max": [-4.89738798141, -5.12278604507, -5.2358455658, -5.78317070007, -5.97004699707, -7.62091636658],
        "mean": [-6.42772054672, -6.75347042084, -7.58296251297, -7.5564365387, -7.23444604874, -9.03358745575],
        "min": [-9.29892730713, -8.5991601944, -9.73881244659, -10.009762764, -9.61808586121, -11.284403801],
        "stdev": [0.632552683353, 0.533947408199, 0.613282322884, 0.509886324406, 0.415055245161, 0.557714700699]
    }
},
"rhythm": {
    "beats_count": 60,
    "beats_loudness": {
        "max": 0.0813170745969,
        "mean": 0.0346015691757,
        "min": 0.00839866418391,
        "stdev": 0.0143823074177
    },
    "bpm": 111.239044189,
    "bpm_histogram_first_peak_bpm": 110,
    "bpm_histogram_first_peak_weight": 0.428571403027,
    "bpm_histogram_second_peak_bpm": 115,
    "bpm_histogram_second_peak_spread": 0.105263113976,
    "bpm_histogram_second_peak_weight": 0.288135588169,
    "danceability": 1.44381427765,
    "onset_rate": 3.69140601158,
    "beats_loudness_band_ratio": {
        "max": [0.805633485317, 0.809181153774, 0.84670996666, 0.748744606972, 0.353845447302, 0.641121149063],
        "mean": [0.261199444532, 0.396413773298, 0.155552193522, 0.0951814725995, 0.0813840702176, 0.132284983993],
        "min": [0.0131912278011, 0.0023214246612, 0.0128582911566, 0.00487144012004, 0.00938581954688, 0.0155784469098],
        "stdev": [0.148508757353, 0.217805564404, 0.148772791028, 0.154890149832, 0.0820405557752, 0.110739596188]
    },
    "beats_position": [0.53405892849, 1.07972788811, 1.64861679077, 2.21750569344, 2.7863945961, 3.35528349876, 3.92417216301, 4.48145103455, 5.01551008224, 5.54956912994, 6.09523820877, 6.64090681076, 7.19818592072, 7.73224496841, 8.28952407837, 8.82358264923, 9.38086128235, 9.91492080688, 10.4605894089, 11.0062580109, 11.5519275665, 12.1092061996, 12.6548748016, 13.1889343262, 13.7346029282, 14.2802715302, 14.8259410858, 15.3716096878, 15.9172782898, 16.4629478455, 17.0086174011, 17.5542850494, 18.0999546051, 18.6456241608, 19.1912918091, 19.7369613647, 20.2826309204, 20.8166885376, 21.3507480621, 21.8848075867, 22.4072551727, 22.9297046661, 23.4521541595, 23.974603653, 24.497051239, 25.0195007324, 25.5419502258, 26.0527877808, 26.5752372742, 27.0976867676, 27.620136261, 28.142583847, 28.6650333405, 29.1874828339, 29.6983222961, 30.2323799133, 30.7548294067, 31.2772789001, 31.7997264862, 32.322177887],
