{
"metadata": {
    "version": {
        "essentia": "2.1-beta5",
        "essentia_git_sha": "Undefined",
        "extractor": "music 2.0"
    },
    "audio_properties": {
        "analysis": {
            "equal_loudness": 0,
            "length": 45.2556915283,
            "sample_rate": 44100,
            "start_time": 113.742950439,
            "downmix": "mix"
        },
        "bit_rate": 192000,
        "length": 187.57081604,
        "lossless": 0,
        "number_channels": 2,
        "replay_gain": -6.88809204102,
        "sample_rate": 48000,
        "codec": "mp3",
        "md5_encoded": "9ba4e0b07be033309aac5ec51f3331e6"
    },
    "tags": {
        "file_name": "Israel_Push The Button_Teapacks.mp3",
        "encoding": ["Lavf58.29.100"]
    }
},
"lowlevel": {
    "average_loudness": 0.957966268063,
    "barkbands_crest": {
        "max": 23.9567775726,
        "mean": 9.80727863312,
        "min": 3.1897084713,
        "stdev": 4.12198781967
    },
    "barkbands_flatness_db": {
        "max": 0.29897287488,
        "mean": 0.122065328062,
        "min": 0.0238678865135,
        "stdev": 0.0467868037522
    },
    "barkbands_kurtosis": {
        "max": 146.675491333,
        "mean": 5.56710147858,
        "min": -1.91052651405,
        "stdev": 11.9751310349
    },
    "barkbands_skewness": {
        "max": 10.2691812515,
        "mean": 1.80629873276,
        "min": -2.62958192825,
        "stdev": 1.4206161499
    },
    "barkbands_spread": {
        "max": 116.539825439,
        "mean": 28.7675285339,
        "min": 1.22318410873,
        "stdev": 18.434709549
    },
    "dissonance": {
        "max": 0.500000119209,
        "mean": 0.46189853549,
        "min": 0.335537701845,
        "stdev": 0.0235421638936
    },
    "dynamic_complexity": 2.44510412216,
    "erbbands_crest": {
        "max": 23.7286567688,
        "mean": 7.74571609497,
        "min": 2.75166773796,
        "stdev": 3.06327390671
    },
    "erbbands_flatness_db": {
        "max": 0.26539310813,
        "mean": 0.128082334995,
        "min": 0.0395162589848,
        "stdev": 0.0408863425255
    },
    "erbbands_kurtosis": {
        "max": 14.9633483887,
        "mean": -0.236974045634,
        "min": -1.83416163921,
        "stdev": 1.37937676907
    },
    "erbbands_skewness": {
        "max": 2.87678360939,
        "mean": 0.112700454891,
        "min": -3.765386343,
        "stdev": 0.728811919689
    },
    "erbbands_spread": {
        "max": 170.487213135,
        "mean": 51.9173240662,
        "min": 11.7271938324,
        "stdev": 20.6945590973
    },
    "hfc": {
        "max": 155.772949219,
        "mean": 24.942527771,
        "min": 0.167578741908,
        "stdev": 22.5022850037
    },
    "loudness_ebu128": {
        "integrated": -16.7424144745,
        "loudness_range": 3.18365478516,
        "momentary": {
            "max": -13.1181087494,
            "mean": -17.1637859344,
            "min": -30.4526081085,
            "stdev": 2.04728484154
        },
        "short_term": {
            "max": -14.5333690643,
            "mean": -16.9391784668,
            "min": -19.2802944183,
            "stdev": 1.06116735935
        }
    },
    "melbands_crest": {
        "max": 34.872505188,
        "mean": 14.4296636581,
        "min": 3.75571131706,
        "stdev": 5.45246887207
    },
    "melbands_flatness_db": {
        "max": 0.423274815083,
        "mean": 0.193119451404,
        "min": 0.0399479418993,
        "stdev": 0.0633559376001
    },
    "melbands_kurtosis": {
        "max": 341.964263916,
        "mean": 20.8296070099,
        "min": -1.80799102783,
        "stdev": 30.7198867798
    },
    "melbands_skewness": {
        "max": 16.0850296021,
        "mean": 3.34569382668,
        "min": -0.778444468975,
        "stdev": 1.9778431654
    },
    "melbands_spread": {
        "max": 251.464523315,
        "mean": 26.0308628082,
        "min": 0.940954625607,
        "stdev": 22.891960144
    },
    "pitch_salience": {
        "max": 0.848384737968,
        "mean": 0.574268341064,
        "min": 0.192409440875,
        "stdev": 0.116017013788
    },
    "silence_rate_20dB": {
        "max": 1,
        "mean": 1,
        "min": 1,
        "stdev": 0
    },
    "silence_rate_30dB": {
        "max": 1,
        "mean": 0.962564110756,
        "min": 0,
        "stdev": 0.189826533198
    },
    "silence_rate_60dB": {
        "max": 1,
        "mean": 0.0307692307979,
        "min": 0,
        "stdev": 0.172690302134
    },
    "spectral_centroid": {
        "max": 4801.66845703,
        "mean": 1411.62072754,
        "min": 277.406097412,
        "stdev": 691.348205566
    },
    "spectral_complexity": {
        "max": 56,
        "mean": 17.471282959,
        "min": 0,
        "stdev": 8.42316627502
    },
    "spectral_decrease": {
        "max": -4.26884812221e-11,
        "mean": -7.96444954432e-09,
        "min": -5.61158302048e-08,
        "stdev": 8.67994032205e-09
    },
    "spectral_energy": {
        "max": 0.217289417982,
        "mean": 0.0323220305145,
        "min": 0.000177029811312,
        "stdev": 0.0334536135197
    },
    "spectral_energyband_high": {
        "max": 0.0157530028373,
        "mean": 0.00138687156141,
        "min": 4.7217708925e-06,
        "stdev": 0.00196875631809
    },
    "spectral_energyband_low": {
        "max": 0.184072524309,
        "mean": 0.0158161595464,
        "min": 6.45265345156e-06,
        "stdev": 0.0297072380781
    },
    "spectral_energyband_middle_high": {
        "max": 0.0419202782214,
        "mean": 0.00451778667048,
        "min": 4.1344017518e-05,
        "stdev": 0.00502120517194
    },
    "spectral_energyband_middle_low": {
        "max": 0.0607915744185,
        "mean": 0.0117733813822,
        "min": 3.86712854379e-05,
        "stdev": 0.00915888417512
    },
    "spectral_entropy": {
        "max": 8.71787452698,
        "mean": 7.6812005043,
        "min": 6.25685596466,
        "stdev": 0.396210968494
    },
    "spectral_flux": {
        "max": 0.428994834423,
        "mean": 0.106619767845,
        "min": 0.00891697499901,
        "stdev": 0.0748175904155
    },
    "spectral_kurtosis": {
        "max": 15.5589065552,
        "mean": 3.35883021355,
        "min": -1.34887385368,
        "stdev": 2.12429571152
    },
    "spectral_rms": {
        "max": 0.0145598649979,
        "mean": 0.00508444849402,
        "min": 0.000415586342569,
        "stdev": 0.00238371337764
    },
    "spectral_rolloff": {
        "max": 13113.7207031,
        "mean": 1864.55627441,
        "min": 64.599609375,
        "stdev": 2081.04638672
    },
    "spectral_skewness": {
        "max": 2.72330284119,
        "mean": 1.43595254421,
        "min": -0.130372837186,
        "stdev": 0.401240497828
    },
    "spectral_spread": {
        "max": 19423102,
        "mean": 5775898.5,
        "min": 2205075.25,
        "stdev": 2192606
    },
    "spectral_strongpeak": {
        "max": 6.42925930023,
        "mean": 0.67787784338,
        "min": 0,
        "stdev": 0.727225363255
    },
    "zerocrossingrate": {
        "max": 0.35693359375,
        "mean": 0.076420776546,
        "min": 0.0078125,
        "stdev": 0.0493672825396
    },
    "barkbands": {
        "max": [0.0216483697295, 0.158154129982, 0.0550498738885, 0.0338881239295, 0.0474061481655, 0.0405308753252, 0.0343506708741, 0.047764249146, 0.0289281308651, 0.0300574600697, 0.0119107961655, 0.0124850478023, 0.00826210528612, 0.00625712936744, 0.0183044802397, 0.0117607405409, 0.006064273417, 0.00890138279647, 0.00927086081356, 0.00365873379633, 0.00913913920522, 0.00525571219623, 0.00336309336126, 0.00495548313484, 0.00421513849869, 0.00124652904924, 0.00142813264392],
        "mean": [0.000983983743936, 0.0101365270093, 0.00363336782902, 0.00238680932671, 0.00328892748803, 0.00225494429469, 0.00161417562049, 0.00106517784297, 0.000931407790631, 0.000561553810257, 0.000304388580844, 0.000334513257258, 0.000378006225219, 0.000370074732928, 0.000440117641119, 0.00065339327557, 0.000527748896275, 0.00056689849589, 0.000459639588371, 0.000126814687974, 0.000264283444267, 0.000269821990514, 0.00016851266264, 0.000265884853434, 0.000199965754291, 7.43527853047e-05, 6.0754842707e-05],
        "min": [6.1071787627e-09, 7.04976287125e-07, 1.61869161275e-06, 5.35918047717e-07, 4.16571720052e-06, 3.6978146909e-06, 2.9629927667e-06, 5.4960679563e-07, 8.2970728954e-07, 1.02890794551e-06, 5.68219320485e-07, 8.6751543904e-07, 4.68729297154e-07, 5.85224370298e-07, 1.01247348994e-06, 1.8689316903e-06, 2.09341374102e-06, 1.63705396972e-06, 1.48276342316e-06, 2.62122739514e-07, 6.86954535922e-07, 6.99096517565e-07, 4.1867039613e-07, 2.55268588489e-07, 1.50766169327e-07, 7.15482002533e-08, 1.83918014152e-09],
        "stdev": [0.00295416242443, 0.0235298592597, 0.00614005792886, 0.00343379168771, 0.00463851541281, 0.00364861520939, 0.00294514768757, 0.00263134459965, 0.00225138454698, 0.00157523399685, 0.000737767259125, 0.000809321238194, 0.000821889552753, 0.000609111390077, 0.000976418552455, 0.00107044773176, 0.000766909332015, 0.00100302032661, 0.000905033841264, 0.000301946391119, 0.000551061995793, 0.000536845414899, 0.000285540620098, 0.00051108567277, 0.000366767082596, 0.000147722443216, 0.000137524461024]
    },
    "erbbands": {
        "max": [5.61474514008, 33.5031585693, 67.0810699463, 76.7725524902, 95.6545562744, 221.577606201, 227.157119751, 418.774078369, 344.54699707, 695.227844238, 782.572021484, 732.159484863, 1113.63134766, 668.896118164, 561.395019531, 592.938598633, 433.488067627, 370.15411377, 324.079284668, 1223.74389648, 784.65222168, 331.672943115, 590.562072754, 653.649658203, 219.700210571, 201.535079956, 226.587554932, 445.346282959, 196.014892578, 190.209854126, 129.82333374, 118.208930969, 88.4696807861, 63.8274078369, 21.7943382263, 6.32980775833, 2.47929120064, 1.28411006927, 0.258082598448, 0.00860526040196],
        "mean": [0.356974005699, 2.0107831955, 4.46299934387, 6.06571531296, 7.9765048027, 12.3650274277, 16.1262702942, 18.9899578094, 19.1367645264, 29.6688308716, 19.4466724396, 22.6480388641, 19.8214302063, 12.5915803909, 14.6461248398, 14.6555328369, 18.1796188354, 17.8281803131, 20.2328147888, 27.6004085541, 37.5996208191, 28.8462543488, 28.2459793091, 36.2028808594, 11.2899980545, 6.50125026703, 8.73305130005, 11.4308509827, 8.84738254547, 7.15946006775, 5.20095205307, 5.30943393707, 4.44670724869, 2.54103207588, 1.1964687109, 0.402387738228, 0.13494899869, 0.0451082736254, 0.0125350868329, 0.000483116949908],
        "min": [2.73948699032e-05, 0.000445022684289, 0.00307201058604, 0.00298554007895, 0.0147114628926, 0.0143943941221, 0.00564435636625, 0.0313656143844, 0.0502044707537, 0.0575861111283, 0.0222527105361, 0.024556517601, 0.0657763257623, 0.0365174859762, 0.0265568252653, 0.0348640754819, 0.0251860655844, 0.0327911563218, 0.104075521231, 0.102529935539, 0.0746171474457, 0.186526671052, 0.13007684052, 0.172412872314, 0.0671672523022, 0.0211159754544, 0.0321048125625, 0.0339918993413, 0.0344279631972, 0.0133680580184, 0.00957205332816, 0.00721373362467, 0.00328877475113, 0.00162748584989, 0.000891873030923, 0.000388978951378, 0.000113741916721, 2.59034095507e-05, 2.73510067927e-06, 8.77985769421e-07],
        "stdev": [0.900001585484, 4.63604450226, 7.98835134506, 7.87879323959, 9.09496498108, 20.9833469391, 24.5821456909, 34.3963851929, 32.8043861389, 55.3816490173, 46.2266464233, 56.6125259399, 58.2697601318, 28.5655288696, 36.4834480286, 31.9537677765, 38.4618682861, 27.249464035, 35.2646369934, 57.9884681702, 58.7566223145, 41.5905609131, 46.5714454651, 67.2904434204, 18.6266593933, 15.2374982834, 17.9907417297, 24.1932544708, 17.1502952576, 14.9686222076, 9.05489730835, 10.0751075745, 8.58138656616, 5.0760974884, 2.1265847683, 0.759410023689, 0.279443562031, 0.0994900763035, 0.0284239891917, 0.00101061805617]
    },
    "gfcc": {
        "mean": [18.8713951111, 72.0981826782, -96.7782287598, 36.2144813538, -53.9473838806, 9.36775398254, -44.3328170776, 7.31798410416, -17.3702449799, -4.39010858536, -15.1153182983, -1.07180666924, -10.9572610855],
        "cov": [[2951.5246582, -859.628540039, 127.572273254, -127.341552734, 59.1848907471, 68.8972930908, 81.3838119507, 87.7980194092, 132.371963501, 115.19834137, 22.3901767731, 90.3594589233, -100.950149536], [-859.628540039, 1635.01159668, -571.427978516, 308.117156982, -28.4067630768, -65.9075469971, 138.238342285, 23.1146659851, 126.903816223, -67.9096984863, 82.7803955078, -13.29545784, 123.407455444], [127.572273254, -571.427978516, 1119.77758789, -35.9497070312, 195.710601807, 191.418426514, 72.4030990601, 19.8586120605, -61.0600967407, 86.2700881958, -32.3617134094, 58.2636146545, 2.05973005295], [-127.341552734, 308.117156982, -35.9497070312, 528.069396973, -22.3730583191, 66.6970977783, 80.0155105591, 77.9351730347, 103.875694275, 73.2788238525, 50.1317672729, 2.20952010155, 86.9353561401], [59.1848907471, -28.4067630768, 195.710601807, -22.3730583191, 310.713867188, 10.2579536438, -52.7723884583, -2.36190342903, 62.0975646973, 42.5849266052, -15.7829418182, 5.16263532639, 16.0427265167], [68.8972930908, -65.9075469971, 191.418426514, 66.6970977783, 10.2579536438, 241.196472168, 172.482971191, 50.1391792297, -15.5862369537, 31.2807884216, 14.875494957, 15.3784303665, 28.020280838], [81.3838119507, 138.238342285, 72.4030990601, 80.0155105591, -52.7723884583, 172.482971191, 360.442932129, 87.1643371582, -12.3816814423, 4.7991976738, 41.6551513672, 27.9498500824, 24.3927078247], [87.7980194092, 23.1146659851, 19.8586120605, 77.9351730347, -2.36190342903, 50.1391792297, 87.1643371582, 120.255767822, 44.2860298157, 21.928445816, 24.9695072174, 15.3207883835, 5.81168270111], [132.371963501, 126.903816223, -61.0600967407, 103.875694275, 62.0975646973, -15.5862369537, -12.3816814423, 44.2860298157, 152.660263062, 48.9207687378, 23.0214424133, 6.78417873383, 14.857170105], [115.19834137, -67.9096984863, 86.2700881958, 73.2788238525, 42.5849266052, 31.2807884216, 4.7991976738, 21.928445816, 48.9207687378, 114.759010315, 30.3101711273, 7.1948466301, 9.00633716583], [22.3901767731, 82.7803955078, -32.3617134094, 50.1317672729, -15.7829418182, 14.875494957, 41.6551513672, 24.9695072174, 23.0214424133, 30.3101711273, 95.5671691895, 24.2099475861, 7.54302549362], [90.3594589233, -13.29545784, 58.2636146545, 2.20952010155, 5.16263532639, 15.3784303665, 27.9498500824, 15.3207883835, 6.78417873383, 7.1948466301, 24.2099475861, 79.6742095947, 22.7415866852], [-100.950149536, 123.407455444, 2.05973005295, 86.9353561401, 16.0427265167, 28.020280838, 24.3927078247, 5.81168270111, 14.857170105, 9.00633716583, 7.54302549362, 22.7415866852, 94.7393112183]],
        "icov": [[0.000513809151016, 0.000352370669134, 0.000158776776516, 6.2207589508e-05, -6.19392012595e-05, -9.0603616627e-06, -0.000325166678522, 6.26675246167e-05, -0.000710226362571, -0.000142033561133, 4.59089496871e-05, -0.000583755492698, 0.000382357597118], [0.000352370669134, 0.00136963720433, 0.000516876403708, -0.00041198625695, -0.000384691316867, 0.000496306805871, -0.000965097977314, 0.000561412773095, -0.0011275903089, 0.0010075897444, -0.000750649429392, 8.00967536634e-05, -0.000787823228166], [0.000158776776516, 0.000516876403708, 0.00164795829915, -0.000207637582207, -0.00106472312473, -0.000769588339608, -0.000273977086181, 3.5628418118e-05, 0.000734412577003, -0.000768161204178, 0.000594486889895, -0.00125697918702, 0.000339124817401], [6.2207589508e-05, -0.00041198625695, -0.000207637582207, 0.00324194808491, 0.000912970455829, -0.000490804901347, 0.000179166934686, -0.00113119347952, -0.0014071763726, -0.00143304909579, -0.000289777672151, 0.00108805019408, -0.00223482167348], [-6.19392012595e-05, -0.000384691316867, -0.00106472312473, 0.000912970455829, 0.00476493453607, -0.000373143440811, 0.000881455780473, 0.000180285132956, -0.00240258872509, -0.000798090244643, 0.000699263880961, 0.000541771936696, -0.00104711495806], [-9.0603616627e-06, 0.000496306805871, -0.000769588339608, -0.000490804901347, -0.000373143440811, 0.00807561073452, -0.00360018317588, -0.000612607575022, 0.000914365169592, -0.000889468064997, -8.38331470732e-05, 0.00107449444477, -0.00185986864381], [-0.000325166678522, -0.000965097977314, -0.000273977086181, 0.000179166934686, 0.000881455780473, -0.00360018317588, 0.00591572606936, -0.00279641360976, 0.00140316516627, 0.000407734536566, -0.000780048023444, -0.000483091513161, 0.000235408602748], [6.26675246167e-05, 0.000561412773095, 3.5628418118e-05, -0.00113119347952, 0.000180285132956, -0.000612607575022, -0.00279641360976, 0.0127957165241, -0.00395452603698, 0.000641034916043, -0.000958186399657, -0.00116727978457, 0.00137413747143], [-0.000710226362571, -0.0011275903089, 0.000734412577003, -0.0014071763726, -0.00240258872509, 0.000914365169592, 0.00140316516627, -0.00395452603698, 0.0128518044949, -0.00381006393582, 0.000237277286942, -0.000591217307374, 0.000474816071801], [-0.000142033561133, 0.0010075897444, -0.000768161204178, -0.00143304909579, -0.000798090244643, -0.000889468064997, 0.000407734536566, 0.000641034916043, -0.00381006393582, 0.0141334952787, -0.0045837177895, 0.00150594161823, -0.000620848615654], [4.59089496871e-05, -0.000750649429392, 0.000594486889895, -0.000289777672151, 0.000699263880961, -8.38331470732e-05, -0.000780048023444, -0.000958186399657, 0.000237277286942, -0.0045837177895, 0.0146309919655, -0.00474645150825, 0.00181869510561], [-0.000583755492698, 8.00967536634e-05, -0.00125697918702, 0.00108805019408, 0.000541771936696, 0.00107449444477, -0.000483091513161, -0.00116727978457, -0.000591217307374, 0.00150594161823, -0.00474645150825, 0.0172580387443, -0.0057262275368], [0.000382357597118, -0.000787823228166, 0.000339124817401, -0.00223482167348, -0.00104711495806, -0.00185986864381, 0.000235408602748, 0.00137413747143, 0.000474816071801, -0.000620848615654, 0.00181869510561, -0.0057262275368, 0.0158290714025]]
    },
    "melbands": {
        "max": [0.0455823205411, 0.029866496101, 0.0126873273402, 0.00966491457075, 0.0096537116915, 0.00861452613026, 0.00557977519929, 0.00740827666596, 0.00510297250003, 0.00442527560517, 0.00562917115167, 0.00295851216651, 0.0017821774818, 0.00158171891235, 0.000892973504961, 0.000820691639092, 0.000780724454671, 0.000505103147589, 0.00135443068575, 0.000912926509045, 0.00107966607902, 0.00040351919597, 0.000667587912176, 0.00057541456772, 0.000670736655593, 0.000284198700683, 9.74781869445e-05, 0.000144467805512, 0.000123110643472, 0.00018652563449, 0.000298145139823, 0.000106276173028, 0.000141041629831, 7.55113360356e-05, 8.02694776212e-05, 6.88890722813e-05, 7.60481270845e-05, 6.73514878144e-05, 6.86811108608e-05, 4.83361982333e-05],
        "mean": [0.00298870750703, 0.00237911241129, 0.00111839501187, 0.000718434923328, 0.000587091722991, 0.000421381584601, 0.000305749214021, 0.000314519595122, 0.000151750689838, 0.000138795236126, 9.6520408988e-05, 5.11857906531e-05, 4.56173875136e-05, 4.07317820645e-05, 4.15318681917e-05, 3.38994213962e-05, 3.35744771292e-05, 3.0895738746e-05, 3.54498042725e-05, 3.95974384446e-05, 4.53164648206e-05, 3.09873503284e-05, 2.32167312788e-05, 2.86007798422e-05, 3.08625239995e-05, 1.22591463878e-05, 3.37508095072e-06, 4.41538577434e-06, 5.02139937453e-06, 6.33743911749e-06, 6.7444261731e-06, 4.93181323691e-06, 5.21335186932e-06, 3.13646046379e-06, 2.8232175282e-06, 2.83909548671e-06, 3.62030277756e-06, 3.36855987371e-06, 2.54240671893e-06, 2.00288559427e-06],
        "min": [2.35315170016e-07, 8.63374737037e-07, 1.27825796881e-06, 1.10497489914e-06, 2.33695018892e-07, 6.98859025761e-07, 7.66546747855e-07, 4.7358963684e-07, 1.61735073334e-07, 1.41753432104e-07, 3.2554282825e-07, 1.24143355151e-07, 8.1381791972e-08, 8.81317987478e-08, 6.52482654573e-08, 4.94270224749e-08, 5.17124227883e-08, 7.33634735184e-08, 7.12335435082e-08, 1.63373897522e-07, 4.44329835148e-08, 1.10917923735e-07, 1.19818253097e-07, 8.08265383512e-08, 4.49969199678e-08, 5.4696535301e-08, 1.37337803352e-08, 9.51583878361e-09, 1.94914733243e-08, 1.42574139161e-08, 1.71325389431e-08, 1.5545408516e-08, 5.64110935741e-09, 7.17364789793e-09, 4.59615989712e-09, 6.06650685242e-09, 3.13590109435e-09, 1.85685278264e-09, 2.71332334378e-09, 8.85752138302e-10],
        "stdev": [0.00712022790685, 0.00444209063426, 0.00136607827153, 0.000909546855837, 0.000896198558621, 0.00072104803985, 0.000532876932994, 0.000603572756518, 0.000356573786121, 0.000356645672582, 0.000293078133836, 0.000124279307784, 0.000108591630124, 0.000102108548163, 8.81769010448e-05, 6.97101058904e-05, 5.49004107597e-05, 5.69338371861e-05, 8.19331980892e-05, 7.23259217921e-05, 7.33986526029e-05, 4.76728237118e-05, 3.94148664782e-05, 5.32613084943e-05, 6.19575221208e-05, 2.33446717175e-05, 7.90080321167e-06, 1.1050881767e-05, 1.0829868188e-05, 1.36214557642e-05, 1.47056362039e-05, 9.85852238955e-06, 1.18301768453e-05, 6.41188762529e-06, 5.15227611686e-06, 5.31128034709e-06, 7.2667448876e-06, 6.57242753732e-06, 5.29986755282e-06, 4.13881207351e-06]
    },
    "melbands128": {
        "max": [0.0192182119936, 0.0503465011716, 0.0656422227621, 0.0545993149281, 0.0409727133811, 0.0228862762451, 0.0167702976614, 0.0202221795917, 0.00913834944367, 0.0149088725448, 0.0157151911408, 0.0188965126872, 0.00860146433115, 0.0147022139281, 0.0153374839574, 0.0101587316021, 0.0053629479371, 0.00836715381593, 0.0136271482334, 0.0125603023916, 0.0144496085122, 0.0138470465317, 0.00758012896404, 0.00569494254887, 0.00918297376484, 0.00927556119859, 0.00599620072171, 0.0105752851814, 0.00587813556194, 0.00491361506283, 0.00273438217118, 0.00191156612709, 0.00258405250497, 0.00283986493014, 0.00252263667062, 0.00342013104819, 0.00167505501304, 0.00129301415291, 0.00222650612704, 0.00201808218844, 0.00130408687983, 0.000623726285994, 0.00163029890973, 0.00101529201493, 0.00131647952367, 0.000724559067748, 0.000848023686558, 0.00239845248871, 0.00345359765925, 0.00210420857184, 0.000887078756932, 0.00172115769237, 0.00130436453037, 0.00141170923598, 0.000998982228339, 0.000698684249073, 0.000926050823182, 0.000704222591594, 0.00110084749758, 0.00116998679005, 0.000975954695605, 0.000944132974837, 0.000747410405893, 0.0014457119396, 0.000939538236707, 0.000307510752464, 0.000153022789164, 0.000106546358438, 0.000124579164549, 0.000195974571398, 0.000216188898776, 0.000127765844809, 0.000187189114513, 0.000193539250176, 0.000229854878853, 0.00021494597604, 0.000319354032399, 0.000361789192539, 0.000390202680137, 0.000200529553695, 0.0001252124639, 0.000139402269269, 0.000233328086324, 0.000277191837085, 0.000283215689706, 0.000127494902699, 5.96228310314e-05, 3.21158040606e-05, 9.60443067015e-05, 0.000125956445117, 9.55146679189e-05, 7.71271443227e-05, 7.803706103e-05, 0.000105394225102, 0.000109525477455, 9.20637539821e-05, 7.14945053915e-05, 8.3400940639e-05, 8.69770301506e-05, 9.93508292595e-05, 8.21497960715e-05, 6.37301272945e-05, 3.93667869503e-05, 3.06470756186e-05, 2.53712569247e-05, 2.79829655483e-05, 2.06672229979e-05, 1.15407738122e-05, 2.56135608652e-05, 8.22612219054e-06, 1.4293885215e-05, 7.86494456406e-06, 1.20669901662e-05, 6.28579755357e-06, 6.46925036563e-06, 5.25006316821e-06, 8.73967292137e-06, 2.32936545217e-05, 1.03600823422e-05, 1.01938339867e-05, 9.75612965703e-06, 1.03113907244e-05, 5.37271534995e-06, 2.03287527256e-07, 9.13825886073e-08, 8.38320985963e-08, 8.05027440265e-08, 7.88749403569e-08],
        "mean": [0.000838050269522, 0.00302967731841, 0.00378644140437, 0.00315086520277, 0.0025656952057, 0.00156001839787, 0.00120427564252, 0.00118484022096, 0.000679089454934, 0.000722989381757, 0.000693244044669, 0.000647057953756, 0.000502392882481, 0.000599745893851, 0.00048659555614, 0.000290902185952, 0.000243262227741, 0.000324311200529, 0.000355878612027, 0.00036720832577, 0.000290797877824, 0.000165510908118, 0.000120782126032, 0.000145317215356, 0.000172985121026, 0.000120750330098, 0.000100782774098, 0.000109051856271, 7.80628033681e-05, 6.08088448644e-05, 3.90935747419e-05, 3.32026247634e-05, 4.99757006764e-05, 5.39187349204e-05, 3.90577806684e-05, 4.11085093219e-05, 3.51129092451e-05, 3.43336469086e-05, 5.57817766094e-05, 4.10561624449e-05, 2.50009161391e-05, 2.74960002571e-05, 3.69733206753e-05, 3.32764393534e-05, 3.3910608181e-05, 2.69905358437e-05, 3.29615832015e-05, 3.54217809218e-05, 3.60202902812e-05, 3.81669087801e-05, 3.66579042748e-05, 4.59006078017e-05, 4.75891938549e-05, 4.50464794994e-05, 3.97889634769e-05, 2.8504511647e-05, 2.40732406382e-05, 2.68311396212e-05, 1.95110023924e-05, 2.32843049162e-05, 2.87277871394e-05, 3.26039735228e-05, 3.48885732819e-05, 3.1872841646e-05, 2.24451741815e-05, 1.23411637105e-05, 5.50950471734e-06, 3.29079375661e-06, 2.71585918199e-06, 3.69252506971e-06, 4.46979129265e-06, 4.84456495542e-06, 4.64334607386e-06, 5.12463884661e-06, 5.15792726219e-06, 6.36421736999e-06, 6.58413182464e-06, 7.27643828213e-06, 6.91371224093e-06, 6.29504393146e-06, 5.17978060088e-06, 4.11002793044e-06, 4.53864868177e-06, 5.48708794668e-06, 6.12359281149e-06, 3.52556889993e-06, 2.25920780395e-06, 1.73928810909e-06, 3.00382725982e-06, 3.42395810549e-06, 3.27723432747e-06, 2.49707250077e-06, 2.2848653316e-06, 3.76507045985e-06, 4.45735122412e-06, 3.94585049435e-06, 2.88654314318e-06, 2.75722345577e-06, 2.81496886601e-06, 2.16230750993e-06, 2.24823702411e-06, 2.1201801701e-06, 1.56244720984e-06, 1.72335444404e-06, 1.03451861833e-06, 1.43874956393e-06, 1.12624150006e-06, 6.38702260858e-07, 7.66906111949e-07, 3.93286399003e-07, 5.7458100855e-07, 3.79257784289e-07, 5.51692494355e-07, 2.76300738733e-07, 3.27638787212e-07, 2.77015601569e-07, 3.35980473665e-07, 4.41268639406e-07, 3.95290356892e-07, 4.64490028662e-07, 3.62619488214e-07, 4.38850918272e-07, 2.35826959738e-07, 4.84255791022e-09, 5.15623238551e-11, 4.74022175678e-11, 4.55521800835e-11, 4.46592728076e-11],
        "min": [2.45767584062e-09, 3.52853959384e-08, 1.93306931351e-07, 2.70188735385e-07, 1.90401166833e-07, 9.06679247237e-07, 2.36342344806e-07, 3.00937131215e-07, 1.08562039713e-06, 1.23559323129e-06, 2.57684547478e-07, 8.21314358745e-08, 8.12691212104e-08, 1.66517850175e-07, 8.00922705935e-08, 1.16920730875e-07, 3.67257342759e-07, 2.92333623975e-07, 1.87440178934e-07, 7.68163275211e-08, 6.38501660433e-08, 3.85471246034e-08, 6.13502919578e-08, 4.19266719121e-08, 2.98085716111e-08, 2.22494627167e-08, 8.06292774769e-08, 5.2053067634e-08, 6.1784362515e-08, 3.79521267746e-08, 5.04274062507e-08, 4.24294555046e-08, 4.97821126544e-08, 6.33368770764e-08, 3.69755959184e-08, 2.25515250918e-08, 3.11371266548e-08, 5.68727145378e-08, 3.23303126493e-08, 3.42792461083e-08, 3.93291479384e-08, 3.97670625318e-08, 2.17779749789e-08, 1.35059217143e-08, 3.6503905676e-08, 3.1762233732e-08, 2.86477437328e-08, 1.29704229579e-08, 1.26160308866e-08, 7.42065697779e-09, 4.66747849259e-08, 7.85938354397e-08, 2.74674345491e-08, 3.02548031073e-08, 3.3662491461e-08, 3.87841474492e-08, 3.96464621133e-08, 3.46833992637e-08, 2.78525433828e-08, 3.52023050709e-08, 3.08118828229e-08, 3.77796709472e-08, 3.60796299503e-08, 3.06328509225e-08, 1.08924318454e-08, 2.21978080361e-08, 1.94737790338e-08, 5.26517496269e-09, 6.1195466472e-09, 6.40351727199e-09, 1.02331485508e-08, 4.81762363336e-09, 5.59994228766e-09, 6.66349642131e-09, 5.76843373068e-09, 1.2351271117e-08, 1.16086269486e-08, 6.60955778997e-09, 4.98002039606e-09, 4.26093116346e-09, 1.03323749556e-08, 3.50906415036e-09, 5.35223643183e-09, 2.38776975969e-09, 4.36738512022e-09, 5.48129941436e-09, 3.50040729735e-09, 3.6594829389e-09, 4.11521305921e-09, 3.45431305782e-09, 4.64469041006e-09, 3.99138633256e-09, 2.20193907552e-09, 1.66978586513e-09, 1.62828373007e-09, 9.84659798142e-10, 2.31600072453e-09, 2.46665732284e-09, 3.19077053668e-09, 2.88310020302e-09, 4.39096342619e-10, 7.06133651551e-10, 6.8167260725e-10, 5.18689646789e-10, 6.52203402396e-10, 6.62319088462e-10, 3.68368946457e-10, 5.05639363713e-10, 4.725687619e-10, 2.62634247683e-10, 1.97092273058e-10, 1.30206720406e-10, 9.93276225159e-11, 1.83802348341e-10, 1.15465553785e-10, 5.28588006699e-11, 1.06434245098e-11, 7.39065275993e-13, 1.76900486447e-13, 1.64534361071e-13, 1.09600046053e-13, 1.44549113347e-13, 1.53630566927e-13, 1.27101400151e-13, 6.63677283703e-14, 3.13620182883e-14, 4.41173680094e-15, 1.73906915204e-16],
        "stdev": [0.00256459205411, 0.00807236973196, 0.00945149827749, 0.00739148072898, 0.00502730812877, 0.00250111497007, 0.0016612727195, 0.00177026854362, 0.000909984693862, 0.00119771366008, 0.00141714338679, 0.00157050869893, 0.000950488203671, 0.00118843466043, 0.00107525673229, 0.000808798125945, 0.000521244830452, 0.000767322315369, 0.000935405143537, 0.000834087142721, 0.00083437259309, 0.000624005275313, 0.00044196395902, 0.000437316135503, 0.000584163120948, 0.000479815120343, 0.000401004188461, 0.000477446767036, 0.000257100735325, 0.00019064641674, 0.000130119151436, 9.29974412429e-05, 0.000127451421577, 0.000209036239539, 0.000145437486935, 0.000145955709741, 0.000108284846647, 9.45745268837e-05, 0.000164098368259, 0.00012370973127, 7.86734526628e-05, 5.63081739529e-05, 8.26788236736e-05, 7.07824219717e-05, 8.7432206783e-05, 6.66066334816e-05, 8.52452285471e-05, 0.000105988307041, 0.000133607143653, 0.000105696286482, 7.91420825408e-05, 0.000104616658064, 9.43650593399e-05, 9.06216882868e-05, 7.45575307519e-05, 5.94627708779e-05, 5.46638730157e-05, 5.39197353646e-05, 4.96545726492e-05, 5.67112219869e-05, 6.45679683657e-05, 7.83355644671e-05, 7.88870820543e-05, 8.46092298161e-05, 5.80661835556e-05, 2.58744930761e-05, 1.20868262456e-05, 8.3575851022e-06, 8.00694215286e-06, 1.13873084047e-05, 1.39640233101e-05, 1.175622765e-05, 1.15883685794e-05, 1.2280575902e-05, 1.34491892823e-05, 1.43082788782e-05, 1.56729383889e-05, 1.83074607776e-05, 1.65259116329e-05, 1.44271034515e-05, 1.12309935503e-05, 9.44716612139e-06, 1.05740700747e-05, 1.49206261995e-05, 1.61274329002e-05, 9.17135912459e-06, 4.23279880124e-06, 3.08727953779e-06, 6.45109275865e-06, 6.97300174579e-06, 6.82912968841e-06, 5.11305324835e-06, 5.18283241036e-06, 8.37915467855e-06, 9.44391831581e-06, 8.36858180264e-06, 6.11191444477e-06, 5.74275736653e-06, 6.64575645715e-06, 4.80637072542e-06, 5.13340182806e-06, 4.89987041874e-06, 3.54994699592e-06, 3.40885958394e-06, 1.96031464839e-06, 2.72590182249e-06, 2.2123394956e-06, 1.25756230318e-06, 1.70883038209e-06, 8.05774561741e-07, 1.31896342737e-06, 7.98938344815e-07, 1.27402415728e-06, 6.18536432739e-07, 7.46797070406e-07, 5.99707391302e-07, 7.70111682868e-07, 1.20011452509e-06, 9.65824256127e-07, 1.11637939426e-06, 9.04589342099e-07, 1.05724211608e-06, 5.81529889132e-07, 1.67231544168e-08, 2.06878914e-09, 1.89784321591e-09, 1.82248727221e-09, 1.78563674957e-09]
    },
    "mfcc": {
        "mean": [-631.143920898, 106.122138977, 15.779961586, 24.4812030792, 15.098077774, 1.71317124367, -8.3049955368, 4.98557043076, 1.04448211193, -5.9220161438, 1.77033770084, 2.14041900635, -7.93692445755],
        "cov": [[2919.87988281, -529.090393066, -246.525665283, -64.9466323853, -109.322227478, -1.32415115833, -93.3767318726, 90.6308441162, 31.8724746704, 33.6512718201, 147.341369629, 123.932441711, 53.0482025146], [-529.090393066, 1000.3013916, -254.092529297, 87.0826721191, -22.8460464478, -13.0139112473, -39.2668762207, 51.8042755127, 25.6232719421, -53.537563324, 18.5818901062, 15.2421722412, -48.5422439575], [-246.525665283, -254.092529297, 701.510437012, 48.2747840881, 38.931930542, 129.240386963, 192.403259277, 37.2944908142, 47.2648048401, 49.0241127014, -15.0983114243, 14.8361110687, 83.925491333], [-64.9466323853, 87.0826721191, 48.2747840881, 349.230407715, 50.6259155273, 43.6143798828, -17.384771347, 11.4570560455, 67.8277740479, 47.6414833069, 35.9160079956, 12.5089197159, 42.4453620911], [-109.322227478, -22.8460464478, 38.931930542, 50.6259155273, 376.552429199, 11.1002454758, -119.211753845, -85.3502502441, 9.93566226959, 31.995223999, 14.9864788055, -70.1701812744, -1.91773879528], [-1.32415115833, -13.0139112473, 129.240386963, 43.6143798828, 11.1002454758, 177.175613403, 108.154953003, 25.6538352966, 64.2621459961, 37.1892967224, 10.3157634735, 34.852596283, 21.5869865417], [-93.3767318726, -39.2668762207, 192.403259277, -17.384771347, -119.211753845, 108.154953003, 286.383483887, 89.9228897095, 43.9685173035, 44.8549537659, -11.1477384567, 50.2791748047, 38.1097373962], [90.6308441162, 51.8042755127, 37.2944908142, 11.4570560455, -85.3502502441, 25.6538352966, 89.9228897095, 159.767242432, 46.2943572998, 4.60166978836, 23.1937427521, 40.8330802917, 16.2834510803], [31.8724746704, 25.6232719421, 47.2648048401, 67.8277740479, 9.93566226959, 64.2621459961, 43.9685173035, 46.2943572998, 131.007904053, 39.6388244629, 12.3641042709, 25.9360580444, 7.51736831665], [33.6512718201, -53.537563324, 49.0241127014, 47.6414833069, 31.995223999, 37.1892967224, 44.8549537659, 4.60166978836, 39.6388244629, 107.671470642, 32.8383789062, 14.8894405365, 17.6497573853], [147.341369629, 18.5818901062, -15.0983114243, 35.9160079956, 14.9864788055, 10.3157634735, -11.1477384567, 23.1937427521, 12.3641042709, 32.8383789062, 115.587310791, 45.2520332336, 4.28800058365], [123.932441711, 15.2421722412, 14.8361110687, 12.5089197159, -70.1701812744, 34.852596283, 50.2791748047, 40.8330802917, 25.9360580444, 14.8894405365, 45.2520332336, 113.274513245, 18.1655654907], [53.0482025146, -48.5422439575, 83.925491333, 42.4453620911, -1.91773879528, 21.5869865417, 38.1097373962, 16.2834510803, 7.51736831665, 17.6497573853, 4.28800058365, 18.1655654907, 110.243370056]],
        "icov": [[0.000508079945575, 0.00037075165892, 0.000298905913951, 0.00012282244279, 0.000130515516503, -0.0002326140675, 0.000375242467271, -0.000381687830668, -0.000145482001244, 1.98384368559e-05, -0.000462803349365, -0.000269334326731, -0.000312468066113], [0.00037075165892, 0.00151504622772, 0.00071888131788, -0.000374521798221, -6.49851572234e-05, -0.00025082717184, 2.24910672841e-05, -0.000677938805893, -0.000256916886428, 0.000842290231958, -0.000439574097982, -0.000295229023322, 0.000174389861058], [0.000298905913951, 0.00071888131788, 0.00242591486312, -0.00023998809047, -0.000560032669455, -0.000756519730203, -0.00121970730834, -0.000304824556224, -9.99707554001e-05, 0.000452224805485, -9.71409899648e-05, -9.33700266614e-06, -0.00103689415846], [0.00012282244279, -0.000374521798221, -0.00023998809047, 0.00383214955218, 0.000128007071908, -0.000555439211894, 0.00119094108231, -1.16265009638e-05, -0.00153962313198, -0.00114896195009, -0.000735460023861, 0.000295454607112, -0.00154688232578], [0.000130515516503, -6.49851572234e-05, -0.000560032669455, 0.000128007071908, 0.00440268730745, -0.00127295963466, 0.0022454240825, 0.00118648365606, -0.000711532891728, -0.00136106321588, -0.00126141903456, 0.00253648636863, -0.000442447315436], [-0.0002326140675, -0.00025082717184, -0.000756519730203, -0.000555439211894, -0.00127295963466, 0.00975599326193, -0.0036776936613, 0.00154453516006, -0.00313707813621, 0.000370910565834, -0.000113918154966, -0.00160308287013, 0.000325085420627], [0.000375242467271, 2.24910672841e-05, -0.00121970730834, 0.00119094108231, 0.0022454240825, -0.0036776936613, 0.008564254269, -0.00310244853608, 0.000665231898893, -0.00342577346601, 0.00171989400405, -0.000794356397819, -0.000876675767358], [-0.000381687830668, -0.000677938805893, -0.000304824556224, -1.16265009638e-05, 0.00118648365606, 0.00154453516006, -0.00310244853608, 0.010214522481, -0.00341893127188, 0.00193502928596, -0.00225450866856, 2.8505890441e-05, -0.000590034178458], [-0.000145482001244, -0.000256916886428, -9.99707554001e-05, -0.00153962313198, -0.000711532891728, -0.00313707813621, 0.000665231898893, -0.00341893127188, 0.0121613703668, -0.00329150143079, 0.00199748808518, -0.00153190968558, 0.00137511559296], [1.98384368559e-05, 0.000842290231958, 0.000452224805485, -0.00114896195009, -0.00136106321588, 0.000370910565834, -0.00342577346601, 0.00193502928596, -0.00329150143079, 0.014148437418, -0.00414090044796, 0.000457763409941, -0.000693500682246], [-0.000462803349365, -0.000439574097982, -9.71409899648e-05, -0.000735460023861, -0.00126141903456, -0.000113918154966, 0.00171989400405, -0.00225450866856, 0.00199748808518, -0.00414090044796, 0.013382920064, -0.0054624248296, 0.00103136454709], [-0.000269334326731, -0.000295229023322, -9.33700266614e-06, 0.000295454607112, 0.00253648636863, -0.00160308287013, -0.000794356397819, 2.8505890441e-05, -0.00153190968558, 0.000457763409941, -0.0054624248296, 0.0142649784684, -0.00158552720677], [-0.000312468066113, 0.000174389861058, -0.00103689415846, -0.00154688232578, -0.000442447315436, 0.000325085420627, -0.000876675767358, -0.000590034178458, 0.00137511559296, -0.000693500682246, 0.00103136454709, -0.00158552720677, 0.0112401759252]]
    },
    "spectral_contrast_coeffs": {
        "max": [-0.385659784079, -0.462319135666, -0.538088023663, -0.573342144489, -0.5271474123, -0.563945353031],
        "mean": [-0.688499867916, -0.73158967495, -0.770280659199, -0.775908350945, -0.75330221653, -0.770456433296],
        "min": [-0.901753544807, -0.908117771149, -0.928147554398, -0.89234495163, -0.868905186653, -0.869581222534],
        "stdev": [0.085054308176, 0.0767918154597, 0.0660783499479, 0.0576808303595, 0.0643697828054, 0.0504354313016]
    },
    "spectral_contrast_valleys": {
        "max": [-4.61447477341, -5.32057285309, -5.47458219528, -5.61093187332, -5.41106748581, -7.67036008835],
        "mean": [-6.58369493484, -6.83249759674, -7.67308855057, -7.67166137695, -7.7247209549, -9.71633529663],
        "min": [-9.28737163544, -8.9403629303, -9.53973865509, -9.6206741333, -9.60520553589, -12.4783582687],
        "stdev": [0.806867301464, 0.592595756054, 0.664587974548, 0.653791725636, 0.648818433285, 0.835537135601]
    }
},
"rhythm": {
    "beats_count": 109,
    "beats_loudness": {
        "max": 0.0941361263394,
        "mean": 0.0280780494213,
        "min": 0.00361937587149,
        "stdev": 0.0149414343759
    },
    "bpm": 148.504928589,
    "bpm_histogram_first_peak_bpm": 148,
    "bpm_histogram_first_peak_weight": 0.447058796883,
    "bpm_histogram_second_peak_bpm": 136,
    "bpm_histogram_second_peak_spread": 0.478260874748,
    "bpm_histogram_second_peak_weight": 0.111111111939,
    "danceability": 1.28579139709,
    "onset_rate": 4.74956512451,
    "beats_loudness_band_ratio": {
        "max": [0.821424782276, 0.779464423656, 0.532053053379, 0.439940810204, 0.506456911564, 0.479902684689],
        "mean": [0.338751107454, 0.215344518423, 0.160495698452, 0.0861869230866, 0.127182140946, 0.110471725464],
        "min": [0.0248302295804, 0.00861009862274, 0.00855901092291, 0.00251053180546, 0.00891649257392, 0.00920274481177],
        "stdev": [0.213525623083, 0.171716108918, 0.134707316756, 0.0759446099401, 0.107036270201, 0.097267948091]
    },
