{
"metadata": {
    "version": {
        "essentia": "2.1-beta5",
        "essentia_git_sha": "Undefined",
        "extractor": "music 2.0"
    },
    "audio_properties": {
        "analysis": {
            "equal_loudness": 0,
            "length": 35.758731842,
            "sample_rate": 44100,
            "start_time": 158.987030029,
            "downmix": "mix"
        },
        "bit_rate": 192000,
        "length": 194.768997192,
        "lossless": 0,
        "number_channels": 2,
        "replay_gain": -7.77290153503,
        "sample_rate": 48000,
        "codec": "mp3",
        "md5_encoded": "5fa01bd6f0fd6f8377b665fb8af09a07"
    },
    "tags": {
        "file_name": "Hungary_Unsubstantial Blues_Magdi Rúzsa.mp3",
        "encoding": ["Lavf58.29.100"]
    }
},
"lowlevel": {
    "average_loudness": 0.938623905182,
    "barkbands_crest": {
        "max": 24.6838817596,
        "mean": 9.25619316101,
        "min": 2.91490364075,
        "stdev": 4.44181966782
    },
    "barkbands_flatness_db": {
        "max": 0.325123518705,
        "mean": 0.133704841137,
        "min": 0.0327040329576,
        "stdev": 0.0548678599298
    },
    "barkbands_kurtosis": {
        "max": 113.105293274,
        "mean": 7.05326604843,
        "min": -1.863499403,
        "stdev": 14.6883659363
    },
    "barkbands_skewness": {
        "max": 8.47738933563,
        "mean": 1.64378011227,
        "min": -1.41438984871,
        "stdev": 1.61172091961
    },
    "barkbands_spread": {
        "max": 97.2687683105,
        "mean": 17.9194831848,
        "min": 1.0189936161,
        "stdev": 12.9911060333
    },
    "dissonance": {
        "max": 0.499995857477,
        "mean": 0.471507549286,
        "min": 0.293219864368,
        "stdev": 0.0311132166535
    },
    "dynamic_complexity": 2.62526392937,
    "erbbands_crest": {
        "max": 26.2133274078,
        "mean": 8.19284152985,
        "min": 2.47829723358,
        "stdev": 4.09415721893
    },
    "erbbands_flatness_db": {
        "max": 0.29007679224,
        "mean": 0.167713344097,
        "min": 0.050782777369,
        "stdev": 0.0439719967544
    },
    "erbbands_kurtosis": {
        "max": 21.0948905945,
        "mean": 0.650055408478,
        "min": -1.73541402817,
        "stdev": 2.49445533752
    },
    "erbbands_skewness": {
        "max": 4.11098241806,
        "mean": 0.53632414341,
        "min": -2.79923415184,
        "stdev": 0.824511647224
    },
    "erbbands_spread": {
        "max": 125.178359985,
        "mean": 34.3975715637,
        "min": 7.72224760056,
        "stdev": 21.5432624817
    },
    "hfc": {
        "max": 133.726852417,
        "mean": 23.9437198639,
        "min": 1.3341738736e-07,
        "stdev": 18.2058162689
    },
    "loudness_ebu128": {
        "integrated": -14.542593956,
        "loudness_range": 5.73339748383,
        "momentary": {
            "max": -11.8866691589,
            "mean": -15.5674953461,
            "min": -30.0872650146,
            "stdev": 3.50137090683
        },
        "short_term": {
            "max": -12.9857263565,
            "mean": -15.1391735077,
            "min": -23.1128940582,
            "stdev": 2.31720900536
        }
    },
    "melbands_crest": {
        "max": 29.3780632019,
        "mean": 12.3009433746,
        "min": 2.87627196312,
        "stdev": 5.20011949539
    },
    "melbands_flatness_db": {
        "max": 0.429252952337,
        "mean": 0.188150212169,
        "min": 0.0247826091945,
        "stdev": 0.0850889161229
    },
    "melbands_kurtosis": {
        "max": 250.89666748,
        "mean": 16.4946784973,
        "min": -1.20355653763,
        "stdev": 27.4778728485
    },
    "melbands_skewness": {
        "max": 11.2331199646,
        "mean": 2.47195291519,
        "min": -0.458762437105,
        "stdev": 2.03168439865
    },
    "melbands_spread": {
        "max": 164.792251587,
        "mean": 20.665555954,
        "min": 1.16778957844,
        "stdev": 13.1163864136
    },
    "pitch_salience": {
        "max": 0.86388272047,
        "mean": 0.611754119396,
        "min": 0.197189256549,
        "stdev": 0.135792911053
    },
    "silence_rate_20dB": {
        "max": 1,
        "mean": 1,
        "min": 1,
        "stdev": 0
    },
    "silence_rate_30dB": {
        "max": 1,
        "mean": 1,
        "min": 1,
        "stdev": 0
    },
    "silence_rate_60dB": {
        "max": 1,
        "mean": 0.0525632724166,
        "min": 0,
        "stdev": 0.22315864265
    },
    "spectral_centroid": {
        "max": 3761.02490234,
        "mean": 1485.62097168,
        "min": 208.558654785,
        "stdev": 682.82623291
    },
    "spectral_complexity": {
        "max": 49,
        "mean": 23.7774181366,
        "min": 0,
        "stdev": 12.6177415848
    },
    "spectral_decrease": {
        "max": -5.97587379456e-19,
        "mean": -6.00790661665e-09,
        "min": -3.38049517268e-08,
        "stdev": 3.70012820383e-09
    },
    "spectral_energy": {
        "max": 0.134193897247,
        "mean": 0.0248469728976,
        "min": 1.43567909297e-11,
        "stdev": 0.0148876029998
    },
    "spectral_energyband_high": {
        "max": 0.00735487788916,
        "mean": 0.000788971025031,
        "min": 1.00870024139e-11,
        "stdev": 0.000877071288414
    },
    "spectral_energyband_low": {
        "max": 0.0819221884012,
        "mean": 0.00720349373296,
        "min": 9.26475042518e-13,
        "stdev": 0.0101814623922
    },
    "spectral_energyband_middle_high": {
        "max": 0.10276068747,
        "mean": 0.00911388639361,
        "min": 2.02297553709e-12,
        "stdev": 0.00969020742923
    },
    "spectral_energyband_middle_low": {
        "max": 0.0650356411934,
        "mean": 0.00882317032665,
        "min": 3.58269891618e-13,
        "stdev": 0.00824947468936
    },
    "spectral_entropy": {
        "max": 8.75580883026,
        "mean": 7.58518791199,
        "min": 5.63006496429,
        "stdev": 0.51440602541
    },
    "spectral_flux": {
        "max": 0.316943079233,
        "mean": 0.0795565769076,
        "min": 0.000360118865501,
        "stdev": 0.037513833493
    },
    "spectral_kurtosis": {
        "max": 32.9739074707,
        "mean": 5.42456436157,
        "min": -1.1162468195,
        "stdev": 3.31205511093
    },
    "spectral_rms": {
        "max": 0.0114420661703,
        "mean": 0.00467972550541,
        "min": 1.18349589684e-07,
        "stdev": 0.00153008464258
    },
    "spectral_rolloff": {
        "max": 16731.2988281,
        "mean": 1630.51489258,
        "min": 129.19921875,
        "stdev": 1261.45922852
    },
    "spectral_skewness": {
        "max": 4.50079345703,
        "mean": 1.71153986454,
        "min": 0.034184217453,
        "stdev": 0.530208110809
    },
    "spectral_spread": {
        "max": 11921673,
        "mean": 4320717.5,
        "min": 1961071.625,
        "stdev": 1424504
    },
    "spectral_strongpeak": {
        "max": 13.3699560165,
        "mean": 1.11317014694,
        "min": 0,
        "stdev": 1.23962211609
    },
    "zerocrossingrate": {
        "max": 0.5771484375,
        "mean": 0.0651540160179,
        "min": 0.00830078125,
        "stdev": 0.0355070270598
    },
    "barkbands": {
        "max": [0.00321571831591, 0.0554907992482, 0.0432287715375, 0.036567799747, 0.0508983507752, 0.0223018154502, 0.0392493605614, 0.0194787234068, 0.0344729498029, 0.077676422894, 0.0604051426053, 0.0385796912014, 0.01124853082, 0.013262629509, 0.0147784398869, 0.0294487476349, 0.00464188866317, 0.0101213343441, 0.00637893378735, 0.00777782872319, 0.00130650040228, 0.000949962122831, 0.00131522119045, 0.00198084977455, 0.00178585539106, 0.00214923359454, 0.000715322501492],
        "mean": [0.000260208849795, 0.00341086252593, 0.00268462626263, 0.00134140485898, 0.00249538151547, 0.00119721866213, 0.000610077811871, 0.000789707875811, 0.00194851728156, 0.00181569578126, 0.0016145540867, 0.000836032675579, 0.000764045922551, 0.000771881546825, 0.000855798076373, 0.000934516196139, 0.000603885389864, 0.000590310024563, 0.000397819763748, 0.000349993759301, 0.000172327156179, 0.000116585077194, 8.58411513036e-05, 8.38059277157e-05, 6.9497837103e-05, 4.03596786782e-05, 6.06037156103e-06],
        "min": [1.51864458509e-12, 2.26024643338e-13, 6.54335391209e-14, 2.76000027683e-14, 3.40456422819e-14, 1.09444286858e-13, 4.08232543364e-14, 4.20331663627e-14, 9.12185908405e-14, 1.0619242573e-13, 2.97814141512e-14, 4.68149688937e-14, 1.51586710307e-13, 2.24161265721e-13, 3.16145547241e-13, 8.09991451082e-14, 2.19877637148e-13, 2.41711978124e-13, 3.37451177028e-13, 4.34142142808e-13, 6.00291897353e-13, 3.44049224874e-13, 6.81293888492e-13, 1.05599871295e-12, 1.2894113945e-12, 2.80201469666e-12, 3.22249193475e-12],
        "stdev": [0.000485881580971, 0.00599627150223, 0.00506908493116, 0.00299104326405, 0.00563839217648, 0.00229080929421, 0.00218987534754, 0.00173503940459, 0.00265958975069, 0.00349058560096, 0.00394717091694, 0.00195669359528, 0.00098774896469, 0.00101719063241, 0.00115165265743, 0.00191836128943, 0.000695411639754, 0.000808748067357, 0.000554629135877, 0.000634215597529, 0.000159217335749, 0.000114630514872, 0.00011747769895, 0.000163297707331, 0.000142908509588, 0.000134926463943, 2.87337916234e-05]
    },
    "erbbands": {
        "max": [1.45382773876, 12.7279443741, 34.0416908264, 94.8883056641, 60.4973983765, 185.136871338, 444.53994751, 254.865142822, 500.054107666, 750.167053223, 513.565185547, 930.25201416, 1449.16027832, 1608.26074219, 2488.00073242, 1082.96337891, 440.409637451, 413.698303223, 318.744903564, 1036.6295166, 1551.17333984, 243.671569824, 360.737091064, 512.552490234, 149.079727173, 397.523254395, 90.4674072266, 48.3452224731, 39.2274780273, 34.6875114441, 40.0887336731, 53.5042800903, 24.7861270905, 19.5826683044, 12.4566431046, 10.7682466507, 3.97071123123, 1.33871054649, 0.126290038228, 0.00191944045946],
        "mean": [0.102759100497, 0.76509898901, 2.47110128403, 4.75233888626, 4.01149177551, 8.91849899292, 13.2227535248, 10.0772132874, 9.30864524841, 10.4539499283, 23.9102172852, 40.9293212891, 52.5344047546, 65.3422927856, 55.113986969, 33.8940505981, 35.4805755615, 38.4267196655, 41.1069488525, 49.6067390442, 48.3206558228, 34.7191085815, 32.7676620483, 27.6539058685, 15.2809267044, 16.7210407257, 9.87949848175, 5.97228956223, 4.30429506302, 3.10988712311, 2.44099521637, 1.79867660999, 1.32711005211, 0.867250859737, 0.452609658241, 0.218841120601, 0.0639958977699, 0.0136969303712, 0.00101649190765, 5.06422766193e-05],
        "min": [1.79957038854e-11, 2.23661367205e-11, 7.55569218303e-11, 9.19699108537e-11, 5.29718907627e-11, 7.88821438724e-11, 9.21334120108e-10, 6.56185494829e-10, 5.14492670689e-10, 5.41831746137e-10, 1.05557396157e-09, 1.66705538263e-09, 2.9675304436e-09, 3.50332385324e-09, 1.29451094288e-09, 2.51618437197e-09, 7.5839627911e-09, 7.20324333514e-09, 1.62805839921e-08, 1.31234259015e-08, 5.18401410687e-09, 1.3262155818e-08, 1.26436763281e-08, 2.02331111865e-08, 1.71210849942e-08, 1.97615754871e-08, 1.90243376608e-08, 2.59431622851e-08, 1.17018457146e-08, 1.46362308939e-08, 1.95687395177e-08, 2.0922904298e-08, 1.80872685718e-08, 1.15570202297e-08, 1.08321698278e-08, 1.07474544819e-08, 5.81518255771e-09, 1.99032546e-09, 5.11314046658e-10, 3.7516306034e-11],
        "stdev": [0.162992537022, 1.3996219635, 4.16794586182, 8.48507976532, 6.86313009262, 19.5732879639, 39.5870780945, 21.9143199921, 29.7102947235, 27.0946598053, 43.8441810608, 57.2270965576, 85.8501205444, 106.721702576, 147.090606689, 58.5474281311, 43.2674217224, 48.1045188904, 48.4642829895, 77.0912857056, 79.9111557007, 38.9702453613, 40.7337532043, 42.2785263062, 16.9366569519, 32.2195892334, 11.0207424164, 5.24619674683, 4.1367931366, 3.56478881836, 3.65225124359, 3.5763669014, 2.42215228081, 1.64263629913, 1.01721596718, 0.740957915783, 0.223635092378, 0.0522604808211, 0.00476161018014, 8.20792483864e-05]
    },
    "gfcc": {
        "mean": [-0.0921908542514, 69.2471542358, -130.514266968, 18.2197570801, -55.8625144958, 12.5394039154, -32.6920890808, 12.0614995956, -26.1924285889, 1.19921803474, -19.4617519379, 0.193907231092, -9.5906047821],
        "cov": [[5848.52587891, -1457.26391602, -1641.2845459, -194.329406738, -46.412437439, 138.982330322, 182.807189941, 480.32824707, 82.3092803955, 190.459228516, -147.786743164, 143.403411865, -4.2077255249], [-1457.26391602, 1942.29614258, 1494.30993652, 888.171081543, 252.228240967, -30.5821533203, -5.44951534271, -208.85055542, -77.470703125, -89.5620193481, 288.91796875, -159.643600464, 125.816062927], [-1641.2845459, 1494.30993652, 2510.74536133, 1182.98022461, 199.267105103, 107.387367249, -146.656494141, -241.020980835, -135.04637146, -15.3846530914, 306.469818115, -70.6632766724, 53.5401344299], [-194.329406738, 888.171081543, 1182.98022461, 986.162353516, 172.501174927, 72.9055786133, -48.3861045837, -92.4069824219, -51.8000640869, 22.3904685974, 227.534286499, -18.2871017456, 68.7386474609], [-46.412437439, 252.228240967, 199.267105103, 172.501174927, 323.932830811, 48.9450874329, 68.2747650146, 39.7718811035, 19.7310771942, 8.2882270813, -2.37023830414, 22.2143192291, 3.96239161491], [138.982330322, -30.5821533203, 107.387367249, 72.9055786133, 48.9450874329, 174.319458008, 78.9869308472, 43.7960319519, 5.33762407303, 22.9741268158, 14.7253961563, -5.61730623245, -7.05779981613], [182.807189941, -5.44951534271, -146.656494141, -48.3861045837, 68.2747650146, 78.9869308472, 176.335388184, 62.0773200989, 7.74297571182, 6.36287164688, -3.33602285385, -18.8618412018, -8.43994903564], [480.32824707, -208.85055542, -241.020980835, -92.4069824219, 39.7718811035, 43.7960319519, 62.0773200989, 181.499771118, 64.8989334106, 26.7930831909, -18.3080978394, 7.10019731522, 6.90522861481], [82.3092803955, -77.470703125, -135.04637146, -51.8000640869, 19.7310771942, 5.33762407303, 7.74297571182, 64.8989334106, 104.457099915, 23.5014820099, -23.2644348145, 19.4719524384, 2.62307691574], [190.459228516, -89.5620193481, -15.3846530914, 22.3904685974, 8.2882270813, 22.9741268158, 6.36287164688, 26.7930831909, 23.5014820099, 70.3917541504, 18.4782485962, 16.1065788269, -2.69688677788], [-147.786743164, 288.91796875, 306.469818115, 227.534286499, -2.37023830414, 14.7253961563, -3.33602285385, -18.3080978394, -23.2644348145, 18.4782485962, 153.096191406, -27.2082633972, 45.668598175], [143.403411865, -159.643600464, -70.6632766724, -18.2871017456, 22.2143192291, -5.61730623245, -18.8618412018, 7.10019731522, 19.4719524384, 16.1065788269, -27.2082633972, 90.2842712402, -9.85621929169], [-4.2077255249, 125.816062927, 53.5401344299, 68.7386474609, 3.96239161491, -7.05779981613, -8.43994903564, 6.90522861481, 2.62307691574, -2.69688677788, 45.668598175, -9.85621929169, 72.4879837036]],
        "icov": [[0.000366202380974, 7.8010285506e-05, 0.000339258724125, -0.000560896587558, 0.000192447012523, -7.65934601077e-05, -2.55149316217e-05, -0.000825690629426, 0.000698250718415, -0.000634490395896, 0.000461580522824, -0.000198084788281, -0.000141740194522], [7.8010285506e-05, 0.00246241735294, -0.000697820272762, -0.00075246806955, -0.00137950573117, 0.00159910798538, -0.00140963669401, 0.00175742479041, -0.00170718028676, 0.00240121153183, -0.00162990274839, 0.00281396252103, -0.00158032367472], [0.000339258724125, -0.000697820272762, 0.00176619971171, -0.0013564924011, 0.000154901543283, -0.00138491834514, 0.00149005826097, -0.000658753095195, 0.00143057713285, -0.000809290446341, 0.000128957894049, -0.000433351204265, 0.00108357786667], [-0.000560896587558, -0.00075246806955, -0.0013564924011, 0.00409844378009, -0.000919349666219, -0.000695598719176, 0.000705212529283, 0.00108353758696, -0.00070919143036, -4.44003344455e-05, -0.00253777205944, -0.00104854698293, -0.000169360748259], [0.000192447012523, -0.00137950573117, 0.000154901543283, -0.000919349666219, 0.00553979631513, -0.00044138476369, -0.00167207978666, -0.0025206473656, 0.000990941771306, -0.00182583730202, 0.00338013120927, -0.00319970399141, 0.000194187407033], [-7.65934601077e-05, 0.00159910798538, -0.00138491834514, -0.000695598719176, -0.00044138476369, 0.00989721622318, -0.005146920681, -0.000336773286108, -0.000919847050682, -0.000484146527015, -7.21512042219e-05, 0.00161980907433, -0.000395898649003], [-2.55149316217e-05, -0.00140963669401, 0.00149005826097, 0.000705212529283, -0.00167207978666, -0.005146920681, 0.0109709715471, -0.00228207558393, 0.00199681846425, -0.000340943777701, -0.00121039326768, 0.00096564105479, 0.00256985682063], [-0.000825690629426, 0.00175742479041, -0.000658753095195, 0.00108353758696, -0.0025206473656, -0.000336773286108, -0.00228207558393, 0.0127707608044, -0.00734375417233, 0.0021450149361, -0.00303773698397, 0.00327441189438, -0.00231185671873], [0.000698250718415, -0.00170718028676, 0.00143057713285, -0.00070919143036, 0.000990941771306, -0.000919847050682, 0.00199681846425, -0.00734375417233, 0.016640258953, -0.00656351819634, 0.00419651577249, -0.00367489620112, -0.000582030974329], [-0.000634490395896, 0.00240121153183, -0.000809290446341, -4.44003344455e-05, -0.00182583730202, -0.000484146527015, -0.000340943777701, 0.0021450149361, -0.00656351819634, 0.022614846006, -0.00751229934394, 0.000134102156153, 0.00207390682772], [0.000461580522824, -0.00162990274839, 0.000128957894049, -0.00253777205944, 0.00338013120927, -7.21512042219e-05, -0.00121039326768, -0.00303773698397, 0.00419651577249, -0.00751229934394, 0.0164603088051, -0.00010421359184, -0.00569207826629], [-0.000198084788281, 0.00281396252103, -0.000433351204265, -0.00104854698293, -0.00319970399141, 0.00161980907433, 0.00096564105479, 0.00327441189438, -0.00367489620112, 0.000134102156153, -0.00010421359184, 0.0172868855298, -0.000893993768841], [-0.000141740194522, -0.00158032367472, 0.00108357786667, -0.000169360748259, 0.000194187407033, -0.000395898649003, 0.00256985682063, -0.00231185671873, -0.000582030974329, 0.00207390682772, -0.00569207826629, -0.000893993768841, 0.0199234094471]]
    },
    "melbands": {
        "max": [0.0147958658636, 0.0169280674309, 0.0134744811803, 0.005889297463, 0.0149277905002, 0.00504694506526, 0.0072454251349, 0.00717062875628, 0.00416077766567, 0.00648613134399, 0.00842087436467, 0.00810606498271, 0.00836996920407, 0.00522464606911, 0.00226718303747, 0.000626729801297, 0.00102264853194, 0.000774803222157, 0.00161728146486, 0.00289408164099, 0.00144601683132, 0.000316116056638, 0.000293259421596, 0.000703013211023, 0.000473036314361, 0.000156380832777, 0.000170837694895, 0.000324193009874, 0.000100319863122, 2.94946657959e-05, 2.52575191553e-05, 3.09439528792e-05, 2.47195112024e-05, 2.08508899959e-05, 2.71600365522e-05, 3.57479402737e-05, 3.06848778564e-05, 1.952016828e-05, 1.96932978724e-05, 1.76815319719e-05],
        "mean": [0.000957825977821, 0.00122162303887, 0.000776036060415, 0.000432984321378, 0.000486455479404, 0.000220025365707, 0.000140046264278, 0.000122628014651, 0.000219234570977, 0.000266596296569, 0.000266555114649, 0.000266420625849, 0.000206646131119, 9.81160264928e-05, 8.82398962858e-05, 7.39837269066e-05, 7.035046292e-05, 6.42369341222e-05, 6.71701782267e-05, 6.83863618178e-05, 5.27168231201e-05, 3.70649358956e-05, 2.80971144093e-05, 2.94305718853e-05, 2.21182581299e-05, 1.27551438709e-05, 9.34679064812e-06, 1.18334937724e-05, 7.31605859983e-06, 3.78706090487e-06, 3.25311611959e-06, 2.54054634752e-06, 2.00093245439e-06, 1.57918782406e-06, 1.43790794027e-06, 1.16419835194e-06, 1.12400368835e-06, 9.49343586854e-07, 8.18456953766e-07, 7.21247999991e-07],
        "min": [1.88192655361e-13, 3.50069670788e-14, 1.45811097571e-14, 3.18880545477e-15, 2.58625552343e-14, 1.57290918165e-14, 8.22969080036e-15, 6.41685818115e-15, 8.02235492256e-15, 1.24759796203e-14, 1.5154464665e-14, 1.50387769051e-14, 4.12446430633e-15, 5.03333531741e-15, 1.28244981027e-14, 1.47494321444e-14, 1.28221170931e-14, 2.79140232928e-14, 2.05417195704e-14, 1.00323192137e-14, 5.31973409754e-15, 1.2043679415e-14, 1.42983549127e-14, 1.17977044353e-14, 1.73704519329e-14, 1.01714918091e-14, 1.69089629722e-14, 1.13094314458e-14, 1.09689021782e-14, 1.37933081298e-14, 1.58390045058e-14, 7.55141138015e-15, 4.45441582654e-15, 9.74046469431e-15, 1.0772509966e-14, 1.34079996183e-14, 1.23522907872e-14, 1.38720821939e-14, 1.023727747e-14, 8.92110007828e-15],
        "stdev": [0.0015840253327, 0.00188294926193, 0.00130838307086, 0.000782314222306, 0.00142190384213, 0.000450846157037, 0.000451279396657, 0.000297775142826, 0.000381272955565, 0.000378630822524, 0.000459870672785, 0.000454330496723, 0.000541175482795, 0.00026973139029, 0.000150673411554, 8.85508634383e-05, 9.29412490223e-05, 8.16363244667e-05, 9.68166568782e-05, 0.000165468329214, 8.08132099337e-05, 4.33272180089e-05, 3.29023132508e-05, 4.56618072349e-05, 3.8228721678e-05, 1.55370744324e-05, 1.4147883121e-05, 2.51701712841e-05, 9.9191784102e-06, 3.44607769875e-06, 2.99925659419e-06, 2.57930469161e-06, 2.23771053243e-06, 1.91988033293e-06, 2.19675985136e-06, 2.19414141611e-06, 2.3649799914e-06, 1.80211327461e-06, 1.57994429628e-06, 1.42467740716e-06]
    },
    "melbands128": {
        "max": [0.00279926066287, 0.0114976400509, 0.024517994374, 0.0212859082967, 0.015048773028, 0.02469493635, 0.0230671968311, 0.0185762885958, 0.00698553677648, 0.00832779146731, 0.0109605938196, 0.0236257333308, 0.0204453393817, 0.00674885418266, 0.00952419918031, 0.00575480610132, 0.00699759460986, 0.0119704026729, 0.0113704344258, 0.011131580919, 0.00562266726047, 0.00686607975513, 0.00758762797341, 0.00910296943039, 0.00538209220394, 0.0127719389275, 0.00379548594356, 0.00920982193202, 0.0212138406932, 0.0129037676379, 0.00784602854401, 0.0161154083908, 0.0156622454524, 0.0174970403314, 0.0119917988777, 0.0082232048735, 0.00291074672714, 0.0046613663435, 0.00305473525077, 0.00105876859743, 0.000732793007046, 0.000863630149979, 0.000869189563673, 0.00264544016682, 0.00183003942948, 0.00119301583618, 0.000750738952775, 0.00265380856581, 0.00175546528772, 0.00245010736398, 0.00638907589018, 0.00676858052611, 0.00217023747973, 0.000802733819, 0.000561867433134, 0.000528031901922, 0.000451826257631, 0.000298877130263, 0.000449726474471, 0.000726818863768, 0.000963089521974, 0.0011933373753, 0.00125546823256, 0.00092798192054, 0.000437568029156, 0.000235461629927, 0.000192711071577, 0.000163497505127, 0.000375865085516, 0.000410269160056, 0.000645808991976, 0.000498612702359, 0.00028077402385, 0.000122999539599, 4.01950819651e-05, 4.97587243444e-05, 5.48176030861e-05, 8.25332681416e-05, 3.98124284402e-05, 3.95711358578e-05, 5.18239685334e-05, 3.43015926774e-05, 2.85489168164e-05, 3.53298091795e-05, 3.4120726923e-05, 2.59022835962e-05, 2.19816993194e-05, 2.84439556708e-05, 4.63960423076e-05, 2.80740896414e-05, 3.58677862096e-05, 3.89120577893e-05, 4.65029661427e-05, 3.04616987705e-05, 3.17752892443e-05, 4.60031769762e-05, 1.67874241015e-05, 1.62497435667e-05, 4.17323572037e-05, 1.62415890372e-05, 2.35386596614e-05, 2.18769109779e-05, 1.93831565412e-05, 1.27992834678e-05, 1.59760147653e-05, 2.51261299127e-05, 2.25741841859e-05, 1.75369605131e-05, 3.82135476684e-05, 1.94589756575e-05, 2.27197269851e-05, 1.3220071196e-05, 1.90874270629e-05, 1.36559074235e-05, 1.43440256579e-05, 9.48215893004e-06, 1.03859329101e-05, 1.38049281304e-05, 6.99256543157e-06, 4.73095406051e-06, 2.46428453465e-06, 4.99496877637e-07, 1.38504262281e-07, 2.22603588895e-08, 2.19380069666e-08, 2.1696514807e-08, 2.15061639608e-08, 2.13894768564e-08],
        "mean": [0.000234180435655, 0.000771162565798, 0.00133643625304, 0.00119021721184, 0.00109198421706, 0.00144311913755, 0.00106168200728, 0.000553279765882, 0.000342914136127, 0.000371799978893, 0.000502543407492, 0.000672406516969, 0.000505955307744, 0.000225190276979, 0.000214225365198, 0.000237726228079, 0.000147126702359, 0.000135044218041, 0.000110665845568, 0.000101731733594, 0.000132428947836, 0.000171855295775, 0.000214588348172, 0.000301144405967, 0.000239656990743, 0.000279614934698, 0.000273795973044, 0.000230617370107, 0.000309092050884, 0.000257075676927, 0.00026273453841, 0.000262794899754, 0.000215856009163, 0.000165756689967, 0.000107023552118, 7.6755801274e-05, 7.89779223851e-05, 0.000104237864434, 8.03912771516e-05, 7.32151092961e-05, 7.12982509867e-05, 7.63668867876e-05, 7.18007286196e-05, 6.63608298055e-05, 6.81275778334e-05, 6.31492366665e-05, 5.92858523305e-05, 7.18281735317e-05, 6.87479623593e-05, 6.09434428043e-05, 7.3654577136e-05, 7.07474173396e-05, 5.52815763513e-05, 4.71004823339e-05, 4.03243830078e-05, 3.85152779927e-05, 3.20203362207e-05, 2.63705715042e-05, 2.6259025617e-05, 3.1595256587e-05, 3.30472539645e-05, 2.44975944952e-05, 2.41852631007e-05, 2.25724379561e-05, 1.70362545759e-05, 1.33103749249e-05, 9.30935402721e-06, 8.24780727271e-06, 9.68908261711e-06, 9.98959876597e-06, 1.23257514133e-05, 1.34076935865e-05, 9.73482292466e-06, 6.22213656243e-06, 4.16868897446e-06, 3.65708956451e-06, 3.66671542906e-06, 3.7550153138e-06, 3.14243879984e-06, 2.86874364974e-06, 2.75314960163e-06, 2.36330038206e-06, 2.04772732104e-06, 2.0384779873e-06, 1.89892159597e-06, 1.70668590727e-06, 1.40922134051e-06, 1.41872328641e-06, 1.48384265231e-06, 1.38551138207e-06, 1.41109069318e-06, 1.0120712659e-06, 9.37031927606e-07, 1.11329325136e-06, 1.30142916532e-06, 1.0501540828e-06, 8.02187685167e-07, 8.76022795637e-07, 9.46955026393e-07, 6.97395250882e-07, 6.63363209696e-07, 8.22096353659e-07, 6.8184886004e-07, 4.82885184283e-07, 5.40679764072e-07, 4.49794470114e-07, 4.19126081397e-07, 3.49822499857e-07, 4.89157741868e-07, 3.02294751009e-07, 2.93851400102e-07, 2.1319992527e-07, 1.93653093561e-07, 1.60523399018e-07, 1.265824352e-07, 1.35203848117e-07, 1.01166172328e-07, 7.4596115951e-08, 4.78873154464e-08, 3.35324195078e-08, 1.40581581931e-08, 4.33517399756e-09, 1.40245848268e-09, 4.27329178987e-11, 1.75918359741e-11, 1.73199215386e-11, 1.71278182609e-11, 1.70275529787e-11],
        "min": [6.16361887744e-13, 2.23864221431e-13, 4.93826984513e-14, 3.84158816682e-14, 4.2533312213e-14, 2.94575765148e-14, 2.02733100761e-14, 1.09934170057e-14, 4.74007641745e-15, 9.59102394198e-16, 1.39076912472e-15, 1.32738838096e-14, 3.752470814e-14, 3.66498755715e-14, 1.66076055902e-14, 3.0965144389e-15, 3.31138467477e-15, 1.22124464946e-14, 1.12559311508e-14, 3.23897203986e-15, 4.88176343018e-15, 1.1238736382e-14, 8.73908370934e-15, 4.41667796764e-15, 6.36418077865e-15, 1.74838645623e-14, 2.40896221021e-14, 8.030695656e-15, 1.61514766541e-14, 1.78466098101e-14, 1.58720082975e-14, 6.36728303682e-15, 2.05332644876e-15, 2.84247125857e-15, 6.01773498586e-15, 5.78411525219e-15, 4.00366936124e-15, 8.38554486265e-15, 2.23659524061e-14, 2.2114878288e-14, 7.63884720317e-15, 1.21036298659e-14, 1.21538775544e-14, 6.07890304663e-15, 3.58941222827e-14, 3.25665804545e-14, 1.8874084492e-14, 2.06554557665e-14, 2.10353703721e-14, 2.2949924025e-14, 2.95300439951e-15, 4.53595968837e-15, 4.63816946005e-15, 7.56166132585e-15, 3.5525413076e-15, 9.08259453297e-15, 2.38479602141e-14, 1.75072223428e-14, 1.14999444022e-14, 6.15426780311e-15, 1.2334497166e-14, 1.21265039907e-14, 2.40461727e-14, 1.62229594585e-14, 1.18191758735e-14, 9.74356568193e-15, 9.3437500372e-15, 1.17864524496e-14, 2.28846296432e-14, 1.71970795351e-14, 1.27488631427e-14, 5.6274052631e-15, 9.46653339214e-15, 1.40412380616e-14, 1.03078615725e-14, 9.05360991255e-15, 2.1743823647e-14, 1.28465658521e-14, 1.72102881669e-14, 1.47228861318e-14, 1.14837271094e-14, 2.49087868184e-15, 2.52373636041e-15, 4.18414201263e-15, 7.12214863501e-15, 7.80213906177e-15, 1.11846219881e-14, 1.12232221265e-14, 1.22187950066e-14, 8.87544839056e-15, 1.00492734251e-14, 1.93128255358e-14, 1.16906005072e-14, 9.86379269143e-15, 1.41243446992e-14, 1.40570979065e-14, 1.58506512088e-14, 1.10903811024e-14, 6.73688586335e-15, 1.42637383702e-14, 8.34871248198e-15, 7.99386496938e-15, 7.89584123453e-15, 1.48707391209e-14, 1.2622356231e-14, 1.04093445899e-14, 1.31251617647e-14, 1.50447332408e-14, 2.25035071686e-14, 2.19070468959e-14, 1.68999640942e-14, 2.20434293648e-14, 2.51127464228e-14, 9.43074879122e-15, 1.55499562066e-14, 1.07891439991e-14, 1.98558295592e-14, 1.30589280234e-14, 2.12015633186e-14, 1.8144186037e-14, 1.66528608665e-14, 1.00961821097e-14, 1.1343269565e-14, 1.44424199705e-14, 9.94999099931e-15, 3.5322300928e-15, 4.60053186867e-16, 1.24116325059e-17],
        "stdev": [0.000433918758063, 0.00122447183821, 0.00233330274932, 0.00243601994589, 0.00182114599738, 0.0028003086336, 0.00198230473325, 0.00133758736774, 0.000683134305291, 0.000852333963849, 0.00115053658374, 0.00237096752971, 0.00172499252949, 0.000545433431398, 0.000585957954172, 0.000656372925732, 0.000441234617028, 0.000690273242071, 0.000505640346091, 0.000361458340194, 0.000362063205102, 0.000524750794284, 0.000517547770869, 0.000635213917121, 0.000418341776822, 0.000595342251472, 0.000452009553555, 0.000539560103789, 0.000854863261338, 0.00060079927789, 0.000548660464119, 0.00079077470582, 0.000794194638729, 0.000703614321537, 0.000487612443976, 0.000258072599536, 0.000155056448421, 0.000258600804955, 0.000172747037141, 0.000112425936095, 9.74622962531e-05, 0.000119870128401, 0.000111668603495, 0.000123871781398, 0.000112001383968, 0.000100042372651, 9.09775117179e-05, 0.000140388481668, 0.000125554652186, 0.000133649169584, 0.000308196176775, 0.000239194923779, 0.000116116083518, 7.6078940765e-05, 5.70212832827e-05, 5.30780016561e-05, 4.71327293781e-05, 3.9283229853e-05, 3.71414571418e-05, 5.32691701665e-05, 7.02150864527e-05, 6.73495596857e-05, 5.84724257351e-05, 6.04042288614e-05, 3.67173051927e-05, 1.82849216799e-05, 1.43382758324e-05, 1.25522337839e-05, 2.10242087633e-05, 2.2764883397e-05, 3.85981511499e-05, 3.70319539797e-05, 1.88159247045e-05, 9.69655502558e-06, 4.72276406072e-06, 3.88586795452e-06, 4.43184444521e-06, 5.03553292219e-06, 3.36099151355e-06, 3.38737436323e-06, 3.3783019262e-06, 2.8088493309e-06, 2.40250187744e-06, 2.63697324954e-06, 2.64101299763e-06, 2.34712274505e-06, 1.91524782167e-06, 2.1646571895e-06, 2.79746859633e-06, 2.23088022722e-06, 2.63529386757e-06, 2.2907274797e-06, 2.408736691e-06, 2.51689630204e-06, 2.80534368358e-06, 2.62719663624e-06, 1.4856634607e-06, 1.60534341376e-06, 2.25423650591e-06, 1.38700261232e-06, 1.43594377278e-06, 1.83613099125e-06, 1.39632265928e-06, 9.64131004366e-07, 1.2871769286e-06, 1.27650412196e-06, 1.53402515934e-06, 1.06585298454e-06, 2.16939565689e-06, 1.05703009012e-06, 1.12312955025e-06, 7.33777881123e-07, 7.81232699865e-07, 6.13824113316e-07, 4.94526659622e-07, 5.15690146585e-07, 3.65786434031e-07, 5.2749498991e-07, 2.30760747399e-07, 1.79710198722e-07, 9.33739556785e-08, 2.13905426705e-08, 6.90014134719e-09, 6.05282879373e-10, 5.5860965853e-10, 5.52461076886e-10, 5.47612677426e-10, 5.44636946653e-10]
    },
    "mfcc": {
        "mean": [-641.345581055, 108.362312317, -17.7903079987, 10.9656295776, -2.69257903099, 0.59136068821, 2.76479744911, 4.26529407501, 2.95700883865, 1.53215515614, -2.98739552498, -3.30152535439, -2.95078849792],
        "cov": [[6494.39013672, -1732.3170166, -2062.15625, -630.916625977, -519.55480957, -305.092346191, -64.1451568604, 197.808441162, 395.118499756, 88.7889709473, 173.518692017, 72.5561676025, 133.223754883], [-1732.3170166, 1275.11254883, 925.054321289, 595.213256836, 355.589691162, 162.689651489, 189.133682251, -41.6567230225, -130.640060425, 32.5882034302, -113.912620544, 44.6334686279, -31.0589370728], [-2062.15625, 925.054321289, 2322.6730957, 1029.98059082, 606.223754883, 332.444244385, 256.034912109, -125.495201111, -336.157684326, 60.6167831421, -185.738174438, 126.280296326, 9.86220264435], [-630.916625977, 595.213256836, 1029.98059082, 847.882385254, 419.671966553, 207.113250732, 161.549316406, -28.6410121918, -145.353149414, 4.18159770966, -85.5643768311, 108.02230072, 32.2486724854], [-519.55480957, 355.589691162, 606.223754883, 419.671966553, 361.416503906, 119.867797852, 90.9722976685, 4.18741941452, -39.4797019958, 11.5068006516, -25.7903022766, 56.3843040466, 10.8704776764], [-305.092346191, 162.689651489, 332.444244385, 207.113250732, 119.867797852, 212.979064941, 80.7956695557, 22.3751316071, -30.5860595703, -3.77331733704, -1.52112650871, 17.371088028, -1.22291851044], [-64.1451568604, 189.133682251, 256.034912109, 161.549316406, 90.9722976685, 80.7956695557, 238.771530151, 19.9089508057, -6.65426397324, 59.0114250183, -30.7963733673, 54.7557220459, 26.8681182861], [197.808441162, -41.6567230225, -125.495201111, -28.6410121918, 4.18741941452, 22.3751316071, 19.9089508057, 119.423423767, 68.2921600342, 12.8704395294, 39.9046936035, -1.66676735878, 5.27301073074], [395.118499756, -130.640060425, -336.157684326, -145.353149414, -39.4797019958, -30.5860595703, -6.65426397324, 68.2921600342, 164.695053101, 21.7010231018, 61.7957115173, -9.4941778183, 3.55314469337], [88.7889709473, 32.5882034302, 60.6167831421, 4.18159770966, 11.5068006516, -3.77331733704, 59.0114250183, 12.8704395294, 21.7010231018, 98.2548980713, -0.679797232151, 27.1353168488, 16.0014953613], [173.518692017, -113.912620544, -185.738174438, -85.5643768311, -25.7903022766, -1.52112650871, -30.7963733673, 39.9046936035, 61.7957115173, -0.679797232151, 102.01461792, -1.18416428566, -0.250878959894], [72.5561676025, 44.6334686279, 126.280296326, 108.02230072, 56.3843040466, 17.371088028, 54.7557220459, -1.66676735878, -9.4941778183, 27.1353168488, -1.18416428566, 82.0086669922, 34.6442337036], [133.223754883, -31.0589370728, 9.86220264435, 32.2486724854, 10.8704776764, -1.22291851044, 26.8681182861, 5.27301073074, 3.55314469337, 16.0014953613, -0.250878959894, 34.6442337036, 60.7262191772]],
        "icov": [[0.000388168002246, 0.000514135346748, 0.000355381809641, -0.000555772625376, 0.000169466089574, 0.00012750584574, -0.000187596146134, -0.00013411528198, -0.00024030500208, -0.000457449117675, 0.000273855199339, -0.000354601157596, 5.37161140528e-05], [0.000514135346748, 0.00209660548717, 0.000402870035032, -0.00131486507598, -0.000309910334181, 0.000245505478233, -0.000815604813397, -6.08808113611e-05, -0.000187024226761, -0.000967263418715, 0.000910099945031, -8.37540756038e-06, 0.00127815199085], [0.000355381809641, 0.000402870035032, 0.00190818856936, -0.00113967352081, -0.00113427080214, -0.000738685193937, -0.000269079173449, 0.000459426344605, 0.00165038893465, -0.00174215447623, 0.000791638856754, -0.00028514949372, 0.000517496897373], [-0.000555772625376, -0.00131486507598, -0.00113967352081, 0.00538732251152, -0.00304572191089, -0.00121196289547, 0.000239088229137, -0.000279599160422, 0.0013485715026, 0.00205673789605, 0.000485268159537, -0.00196396908723, -0.0011881905375], [0.000169466089574, -0.000309910334181, -0.00113427080214, -0.00304572191089, 0.00836648698896, 0.000121883669635, 0.000187944358913, -0.000642818806227, -0.00314373080619, 0.000655110867228, -0.000929313187953, -0.000830930832308, 0.000230327437748], [0.00012750584574, 0.000245505478233, -0.000738685193937, -0.00121196289547, 0.000121883669635, 0.00790201406926, -0.00215865718201, -0.0018742402317, 0.000144269652083, 0.0016272572102, -0.00213394034654, 0.00129281613044, 0.000680973986164], [-0.000187596146134, -0.000815604813397, -0.000269079173449, 0.000239088229137, 0.000187944358913, -0.00215865718201, 0.00727612245828, -0.000992188230157, -0.000752211199142, -0.00268745026551, 0.0021244212985, -0.0025506450329, -0.00108303921297], [-0.00013411528198, -6.08808113611e-05, 0.000459426344605, -0.000279599160422, -0.000642818806227, -0.0018742402317, -0.000992188230157, 0.0125736454502, -0.00368064618669, -0.0007160778041, -0.00240388070233, 0.00168645416852, -0.000806532218121], [-0.00024030500208, -0.000187024226761, 0.00165038893465, 0.0013485715026, -0.00314373080619, 0.000144269652083, -0.000752211199142, -0.00368064618669, 0.0135472742841, -0.00278068962507, -0.00345745496452, 0.000980001874268, 3.20992694469e-05], [-0.000457449117675, -0.000967263418715, -0.00174215447623, 0.00205673789605, 0.000655110867228, 0.0016272572102, -0.00268745026551, -0.0007160778041, -0.00278068962507, 0.0152252269909, -0.000341403589118, -0.00291775655933, -0.00131972366944], [0.000273855199339, 0.000910099945031, 0.000791638856754, 0.000485268159537, -0.000929313187953, -0.00213394034654, 0.0021244212985, -0.00240388070233, -0.00345745496452, -0.000341403589118, 0.0155699728057, -0.00356808514334, 0.00126276025549], [-0.000354601157596, -8.37540756038e-06, -0.00028514949372, -0.00196396908723, -0.000830930832308, 0.00129281613044, -0.0025506450329, 0.00168645416852, 0.000980001874268, -0.00291775655933, -0.00356808514334, 0.0224378760904, -0.00908423215151], [5.37161140528e-05, 0.00127815199085, 0.000517496897373, -0.0011881905375, 0.000230327437748, 0.000680973986164, -0.00108303921297, -0.000806532218121, 3.20992694469e-05, -0.00131972366944, 0.00126276025549, -0.00908423215151, 0.0236055087298]]
    },
    "spectral_contrast_coeffs": {
        "max": [-0.439354121685, -0.464442491531, -0.530792832375, -0.583416938782, -0.517239630222, -0.649277985096],
        "mean": [-0.722309589386, -0.753338575363, -0.77042299509, -0.807498931885, -0.78646671772, -0.767494857311],
        "min": [-0.927439928055, -0.950628578663, -0.934522747993, -0.937246203423, -0.935122609138, -0.923561155796],
        "stdev": [0.0663303807378, 0.0705065429211, 0.0568523742259, 0.0457801930606, 0.0442804247141, 0.0369607508183]
    },
    "spectral_contrast_valleys": {
        "max": [-5.18943977356, -4.81306219101, -5.13687038422, -5.38039493561, -5.99220705032, -8.05362415314],
        "mean": [-7.17033672333, -6.83308172226, -7.03783750534, -7.24548244476, -7.40636539459, -10.1259822845],
        "min": [-17.8497676849, -17.7345790863, -17.9059524536, -17.5075778961, -16.9456558228, -18.3750801086],
        "stdev": [1.14189720154, 0.74246019125, 1.14353752136, 1.20287883282, 1.07343232632, 0.962156295776]
    }
},
"rhythm": {
    "beats_count": 72,
    "beats_loudness": {
        "max": 0.0665057599545,
        "mean": 0.0257878527045,
        "min": 0.00113506731577,
        "stdev": 0.0130176842213
    },
    "bpm": 117.713188171,
    "bpm_histogram_first_peak_bpm": 117,
    "bpm_histogram_first_peak_weight": 0.272727310658,
    "bpm_histogram_second_peak_bpm": 136,
    "bpm_histogram_second_peak_spread": 0.45454543829,
    "bpm_histogram_second_peak_weight": 0.169014081359,
    "danceability": 0.885799050331,
    "onset_rate": 1.48167443275,
    "beats_loudness_band_ratio": {
        "max": [0.955232858658, 0.850988864899, 0.732405543327, 0.654531657696, 0.467618972063, 0.294600754976],
        "mean": [0.293131232262, 0.142326667905, 0.191798761487, 0.200096786022, 0.138737127185, 0.0602532885969],
        "min": [0.000624267326202, 0.00138245720882, 0.00275956676342, 0.00420495541766, 0.00170269759838, 0.000463001662865],
        "stdev": [0.310181289911, 0.208127379417, 0.154182314873, 0.179595336318, 0.125957891345, 0.0553374886513]
    },
