{
"metadata": {
    "version": {
        "essentia": "2.1-beta5",
        "essentia_git_sha": "Undefined",
        "extractor": "music 2.0"
    },
    "audio_properties": {
        "analysis": {
            "equal_loudness": 0,
            "length": 12.7477550507,
            "sample_rate": 44100,
            "start_time": 0,
            "downmix": "mix"
        },
        "bit_rate": 192000,
        "length": 188.929168701,
        "lossless": 0,
        "number_channels": 2,
        "replay_gain": -4.76148223877,
        "sample_rate": 48000,
        "codec": "mp3",
        "md5_encoded": "451df0890394db70d4c694e363b4ffbc"
    },
    "tags": {
        "file_name": "Iceland_Valentine Lost_Eiríkur Hauksson.mp3",
        "encoding": ["Lavf58.29.100"]
    }
},
"lowlevel": {
    "average_loudness": 0.836266338825,
    "barkbands_crest": {
        "max": 23.2987537384,
        "mean": 8.44260120392,
        "min": 2.49370670319,
        "stdev": 4.27216148376
    },
    "barkbands_flatness_db": {
        "max": 0.229493558407,
        "mean": 0.131725177169,
        "min": 0.0311476513743,
        "stdev": 0.0369482524693
    },
    "barkbands_kurtosis": {
        "max": 49.0622634888,
        "mean": 3.3234372139,
        "min": -1.79462599754,
        "stdev": 6.10554695129
    },
    "barkbands_skewness": {
        "max": 5.93664598465,
        "mean": 1.26431167126,
        "min": -1.14463174343,
        "stdev": 1.21522796154
    },
    "barkbands_spread": {
        "max": 80.954574585,
        "mean": 15.8331661224,
        "min": 3.88239622116,
        "stdev": 10.9106559753
    },
    "dissonance": {
        "max": 0.499989002943,
        "mean": 0.474475592375,
        "min": 0.274465441704,
        "stdev": 0.0277069471776
    },
    "dynamic_complexity": 3.32304263115,
    "erbbands_crest": {
        "max": 22.3594474792,
        "mean": 8.24485778809,
        "min": 3.62260007858,
        "stdev": 3.26798892021
    },
    "erbbands_flatness_db": {
        "max": 0.317583829165,
        "mean": 0.192794829607,
        "min": 0.0637117400765,
        "stdev": 0.0516607016325
    },
    "erbbands_kurtosis": {
        "max": 8.94930839539,
        "mean": 0.367004960775,
        "min": -1.58868849277,
        "stdev": 1.44603407383
    },
    "erbbands_skewness": {
        "max": 2.64576077461,
        "mean": 0.529106736183,
        "min": -2.04762554169,
        "stdev": 0.693409740925
    },
    "erbbands_spread": {
        "max": 108.592025757,
        "mean": 29.2913722992,
        "min": 9.59721946716,
        "stdev": 18.1765003204
    },
    "hfc": {
        "max": 76.9648895264,
        "mean": 14.4750490189,
        "min": 0.000152778811753,
        "stdev": 13.1185913086
    },
    "loudness_ebu128": {
        "integrated": -20.0736846924,
        "loudness_range": 5.08160400391,
        "momentary": {
            "max": -15.9247245789,
            "mean": -20.950094223,
            "min": -33.677444458,
            "stdev": 2.87688493729
        },
        "short_term": {
            "max": -17.7695789337,
            "mean": -20.3435020447,
            "min": -23.4971637726,
            "stdev": 1.85082125664
        }
    },
    "melbands_crest": {
        "max": 26.3108787537,
        "mean": 10.7642230988,
        "min": 3.37679743767,
        "stdev": 5.27998733521
    },
    "melbands_flatness_db": {
        "max": 0.336145937443,
        "mean": 0.162262782454,
        "min": 0.0312636531889,
        "stdev": 0.0532635860145
    },
    "melbands_kurtosis": {
        "max": 89.9201889038,
        "mean": 8.595662117,
        "min": -1.33232140541,
        "stdev": 12.4862995148
    },
    "melbands_skewness": {
        "max": 7.35941982269,
        "mean": 1.91226744652,
        "min": -0.363458305597,
        "stdev": 1.47989797592
    },
    "melbands_spread": {
        "max": 165.257751465,
        "mean": 22.9355354309,
        "min": 2.37814307213,
        "stdev": 19.6994972229
    },
    "pitch_salience": {
        "max": 0.87550675869,
        "mean": 0.674006819725,
        "min": 0.256305873394,
        "stdev": 0.115807935596
    },
    "silence_rate_20dB": {
        "max": 1,
        "mean": 1,
        "min": 1,
        "stdev": 0
    },
    "silence_rate_30dB": {
        "max": 1,
        "mean": 1,
        "min": 1,
        "stdev": 0
    },
    "silence_rate_60dB": {
        "max": 1,
        "mean": 0.0927272737026,
        "min": 0,
        "stdev": 0.290049761534
    },
    "spectral_centroid": {
        "max": 4331.77490234,
        "mean": 1603.86791992,
        "min": 345.794921875,
        "stdev": 716.746643066
    },
    "spectral_complexity": {
        "max": 46,
        "mean": 17.934545517,
        "min": 0,
        "stdev": 6.76590108871
    },
    "spectral_decrease": {
        "max": -3.09708923546e-14,
        "mean": -3.79966014208e-09,
        "min": -2.44713334041e-08,
        "stdev": 3.99058919243e-09
    },
    "spectral_energy": {
        "max": 0.0959978103638,
        "mean": 0.0156537145376,
        "min": 1.30748659899e-07,
        "stdev": 0.0158845316619
    },
    "spectral_energyband_high": {
        "max": 0.0112219173461,
        "mean": 0.000576302001718,
        "min": 1.31664879e-09,
        "stdev": 0.00133116089273
    },
    "spectral_energyband_low": {
        "max": 0.0413558222353,
        "mean": 0.00106451218016,
        "min": 2.10877114382e-11,
        "stdev": 0.00292525487021
    },
    "spectral_energyband_middle_high": {
        "max": 0.0371287055314,
        "mean": 0.00424488633871,
        "min": 1.09683320204e-07,
        "stdev": 0.00384473102167
    },
    "spectral_energyband_middle_low": {
        "max": 0.0883250981569,
        "mean": 0.0102307377383,
        "min": 2.71130637941e-08,
        "stdev": 0.0138880759478
    },
    "spectral_entropy": {
        "max": 8.56115722656,
        "mean": 7.64551305771,
        "min": 6.63362216949,
        "stdev": 0.307473093271
    },
    "spectral_flux": {
        "max": 0.203859433532,
        "mean": 0.0604469105601,
        "min": 0.000361591839464,
        "stdev": 0.0312016475946
    },
    "spectral_kurtosis": {
        "max": 15.8517112732,
        "mean": 5.80789422989,
        "min": -0.309815168381,
        "stdev": 2.50560164452
    },
    "spectral_rms": {
        "max": 0.0096776233986,
        "mean": 0.00346984551288,
        "min": 1.12942316264e-05,
        "stdev": 0.00179780228063
    },
    "spectral_rolloff": {
        "max": 10594.3359375,
        "mean": 1942.80456543,
        "min": 129.19921875,
        "stdev": 1404.75622559
    },
    "spectral_skewness": {
        "max": 2.96781849861,
        "mean": 1.7467893362,
        "min": 0.261674106121,
        "stdev": 0.385810643435
    },
    "spectral_spread": {
        "max": 11693533,
        "mean": 4030201,
        "min": 2390551.25,
        "stdev": 1386971.875
    },
    "spectral_strongpeak": {
        "max": 4.58623933792,
        "mean": 0.99311876297,
        "min": 0.00307641900145,
        "stdev": 0.829843997955
    },
    "zerocrossingrate": {
        "max": 0.2490234375,
        "mean": 0.0744309276342,
        "min": 0.015625,
        "stdev": 0.0347344726324
    },
    "barkbands": {
        "max": [0.000641238002572, 0.0222317576408, 0.0188858285546, 0.0349770262837, 0.0692482367158, 0.0289454311132, 0.0158670321107, 0.0282572768629, 0.0255655478686, 0.0246480368078, 0.00472658034414, 0.00532500166446, 0.00644695805386, 0.00450943037868, 0.00190480262972, 0.00569576583803, 0.00539362756535, 0.00156869355123, 0.00185360852629, 0.00512750493363, 0.00333751458675, 0.00260269525461, 0.00352423707955, 0.001236810931, 0.000817412394099, 0.000926609151065, 6.19917846052e-05],
        "mean": [7.98273504188e-06, 0.000388063141145, 0.000394778617192, 0.000985359074548, 0.00401199702173, 0.00116240850184, 0.0015159251634, 0.000981629826128, 0.00115568877663, 0.00105349021032, 0.000415063026594, 0.000590992043726, 0.000517875014339, 0.000319877493894, 0.000310969538987, 0.000358060991857, 0.000369868939742, 0.000217725682887, 0.000185803393833, 0.000262438203208, 0.000110497654532, 0.000126929604448, 8.88512950041e-05, 5.47802846995e-05, 4.43429089501e-05, 1.98698708118e-05, 2.45201090365e-06],
        "min": [1.08014257261e-11, 4.196060166e-12, 6.01891626817e-12, 1.68779192011e-11, 3.62885554939e-11, 2.11846054587e-10, 6.62172539023e-10, 2.24670215765e-09, 1.26922721222e-08, 3.96544983516e-08, 2.02379588643e-08, 2.76338720795e-08, 9.01321328683e-09, 4.08181932698e-09, 4.45489867218e-09, 3.21695936556e-09, 1.6120719204e-09, 1.93460625297e-09, 1.63232172223e-09, 2.51129228523e-10, 3.02261743412e-10, 3.45269229873e-10, 1.08786202269e-10, 9.80339143197e-11, 1.04134458001e-10, 1.32802310815e-10, 4.66303523572e-11],
        "stdev": [3.05967041641e-05, 0.00125140976161, 0.0014925779542, 0.0027283844538, 0.00852540601045, 0.00307868234813, 0.00276151672006, 0.00312301237136, 0.0027822565753, 0.00224106013775, 0.000514324463438, 0.000812135636806, 0.000835080398247, 0.00042933030636, 0.000279524188954, 0.000579369079787, 0.0004834899446, 0.000230560981436, 0.000219585373998, 0.000558035098948, 0.000331686402205, 0.000316383957397, 0.000302704487694, 0.000141038093716, 9.2193033197e-05, 5.47950621694e-05, 5.87934118812e-06]
    },
    "erbbands": {
        "max": [0.221289888024, 6.39717435837, 23.2970027924, 57.6887626648, 135.879119873, 418.081115723, 95.6831283569, 272.846435547, 290.95489502, 198.261444092, 794.359985352, 745.884887695, 802.788879395, 501.247039795, 149.658187866, 232.862701416, 331.242370605, 264.52432251, 93.9211578369, 188.381072998, 260.958343506, 237.330734253, 97.9783782959, 80.9214935303, 149.98626709, 287.205841064, 166.997039795, 169.19480896, 93.6074371338, 98.9686508179, 99.3430480957, 42.9134597778, 15.7114429474, 9.44992446899, 4.79349136353, 3.06578278542, 1.71574139595, 0.346979439259, 0.0173378232867, 0.000535694882274],
        "mean": [0.00545369973406, 0.108483612537, 0.45232000947, 1.77341866493, 9.16141414642, 16.6744861603, 4.64727401733, 12.1684360504, 22.7612476349, 15.5115766525, 27.9057750702, 29.4806308746, 31.8586997986, 25.4121646881, 18.5636062622, 24.3921394348, 24.6869068146, 18.3691654205, 17.0908546448, 16.5869522095, 21.2531299591, 19.6966495514, 13.7610330582, 9.01130771637, 10.3893079758, 12.5558252335, 5.16997146606, 5.15615940094, 4.35100746155, 3.21603369713, 2.60587763786, 1.26428115368, 0.920800864697, 0.596831858158, 0.258629083633, 0.0960637256503, 0.036267451942, 0.00596743635833, 0.00047198170796, 3.15242832585e-05],
        "min": [1.64021754512e-10, 9.36374644489e-10, 5.4829070173e-09, 3.2595874444e-08, 5.57010402247e-08, 9.30568191393e-08, 7.85088445809e-07, 1.83622159966e-06, 5.664829132e-06, 1.67833513842e-05, 0.000141014184919, 0.000241590620135, 0.00100486993324, 0.00106168386992, 0.00116386893205, 0.000616376695689, 0.000257515872363, 0.000432528409874, 0.000228900200455, 0.000166511847056, 0.000148964987602, 0.00011388517305, 0.000129960331833, 6.35619580862e-05, 7.22577387933e-05, 1.71926894836e-05, 1.37745573738e-05, 1.1627580534e-05, 1.33851781356e-05, 4.88989007863e-06, 3.17108288073e-06, 2.08666187973e-06, 1.55713246386e-06, 1.0683944538e-06, 8.76096009961e-07, 4.28792304774e-07, 2.42759114144e-07, 8.04789337394e-08, 6.53514042881e-09, 5.93069038324e-10],
        "stdev": [0.0154943335801, 0.35349676013, 1.5090316534, 4.63165903091, 17.2661495209, 47.370098114, 9.663813591, 31.2761802673, 42.1416473389, 26.7416381836, 82.2380599976, 77.5498046875, 75.5155181885, 41.0122451782, 21.8289813995, 33.031047821, 40.2274665833, 26.2957248688, 14.6666297913, 18.9291629791, 30.5496006012, 22.3094501495, 13.9134054184, 9.69344043732, 14.8765497208, 28.6406211853, 13.1202421188, 16.2337055206, 10.4805469513, 9.60821247101, 9.04144859314, 4.04833841324, 2.18064022064, 1.26259815693, 0.568227469921, 0.231834456325, 0.0996410250664, 0.0190261509269, 0.00128294341266, 4.33423883806e-05]
    },
    "gfcc": {
        "mean": [-36.6382026672, 50.1783752441, -159.314926147, -0.848963737488, -68.2182388306, 2.56080317497, -40.967086792, 9.54482841492, -27.8558883667, 0.933503985405, -23.1905288696, 0.311664909124, -14.9687309265],
        "cov": [[5569.7734375, 1173.54650879, 2409.03881836, 1392.94262695, -85.0788803101, -158.748199463, -431.132507324, -204.830749512, -52.0412025452, 23.4709472656, 136.915588379, -151.89074707, -149.243637085], [1173.54650879, 1484.95507812, 1395.66516113, 783.637939453, 82.7476882935, -138.183013916, -246.714050293, -88.5704727173, -13.9559144974, -32.4745903015, 139.407836914, -104.74193573, -53.6782188416], [2409.03881836, 1395.66516113, 2762.14306641, 1356.08508301, -7.41450405121, -170.843505859, -496.333343506, -208.492446899, -4.97251224518, 40.2985725403, 140.355453491, -118.142875671, -86.7283706665], [1392.94262695, 783.637939453, 1356.08508301, 990.506713867, 39.4298553467, -86.7194137573, -262.099609375, -108.353469849, 25.5900974274, 55.5911712646, 95.445526123, -77.660949707, -30.2941246033], [-85.0788803101, 82.7476882935, -7.41450405121, 39.4298553467, 185.998809814, -19.4834327698, -29.4381828308, 15.916305542, 1.28251850605, -3.78962826729, -12.7719392776, 18.2832012177, 6.78355360031], [-158.748199463, -138.183013916, -170.843505859, -86.7194137573, -19.4834327698, 147.224273682, 104.700363159, 44.0344314575, 29.3462963104, 6.41731357574, 10.1147050858, 3.9593102932, -3.47157335281], [-431.132507324, -246.714050293, -496.333343506, -262.099609375, -29.4381828308, 104.700363159, 213.796295166, 72.9471130371, 14.4059734344, 4.31856918335, -0.0331161096692, 15.015838623, -6.54673910141], [-204.830749512, -88.5704727173, -208.492446899, -108.353469849, 15.916305542, 44.0344314575, 72.9471130371, 79.9180221558, 22.7043418884, 1.42063117027, -0.0266183968633, 10.2940998077, 3.55857658386], [-52.0412025452, -13.9559144974, -4.97251224518, 25.5900974274, 1.28251850605, 29.3462963104, 14.4059734344, 22.7043418884, 62.9733467102, 15.3880815506, 5.42756700516, 5.50141954422, 8.31648731232], [23.4709472656, -32.4745903015, 40.2985725403, 55.5911712646, -3.78962826729, 6.41731357574, 4.31856918335, 1.42063117027, 15.3880815506, 54.9373283386, 16.8938426971, -1.61293554306, 1.8322943449], [136.915588379, 139.407836914, 140.355453491, 95.445526123, -12.7719392776, 10.1147050858, -0.0331161096692, -0.0266183968633, 5.42756700516, 16.8938426971, 65.2061386108, -8.94634914398, -12.7953529358], [-151.89074707, -104.74193573, -118.142875671, -77.660949707, 18.2832012177, 3.9593102932, 15.015838623, 10.2940998077, 5.50141954422, -1.61293554306, -8.94634914398, 55.8045272827, 20.4889297485], [-149.243637085, -53.6782188416, -86.7283706665, -30.2941246033, 6.78355360031, -3.47157335281, -6.54673910141, 3.55857658386, 8.31648731232, 1.8322943449, -12.7953529358, 20.4889297485, 56.0566444397]],
        "icov": [[0.0003276806965, 7.30529500288e-05, -0.000149045139551, -0.000328849448124, 0.000182776915608, 3.00471183436e-05, 3.08214875986e-05, -0.000106208324723, 0.000297488149954, 0.000259281194303, -1.00970746644e-05, 1.08303183879e-05, 0.000465259654447], [7.30529500288e-05, 0.00230851490051, -0.000854523328599, -0.000494926935062, -0.00128224946093, 0.00159641215578, -0.000928732857574, -0.000161610631039, -0.000409803324146, 0.00363507587463, -0.00375918461941, 0.002475152025, -0.000849420379382], [-0.000149045139551, -0.000854523328599, 0.00188770529348, -0.00128230766859, 0.000970446679275, -0.00104151037522, 0.00222808332182, 0.000225790252443, 0.000281485175947, -0.00089920242317, 0.00067362212576, -0.0012425375171, 0.00167199550197], [-0.000328849448124, -0.000494926935062, -0.00128230766859, 0.00443993648514, -0.00124851707369, -0.000263401831035, 0.000689092557877, 0.00147115101572, -0.00202156975865, -0.00277208094485, -0.00131302082445, 0.00206113466993, -0.00147462019231], [0.000182776915608, -0.00128224946093, 0.000970446679275, -0.00124851707369, 0.00750254793093, -0.000639421574306, 0.00239670299925, -0.00335106323473, 0.00143609917723, -0.00153061049059, 0.00372140435502, -0.00431652506813, 0.0018947388744], [3.00471183436e-05, 0.00159641215578, -0.00104151037522, -0.000263401831035, -0.000639421574306, 0.0129151847214, -0.00686239684001, -0.00104980287142, -0.00421962281689, 0.00330012990162, -0.00339196971618, 0.00219744700007, -0.00106191227678], [3.08214875986e-05, -0.000928732857574, 0.00222808332182, 0.000689092557877, 0.00239670299925, -0.00686239684001, 0.0154294669628, -0.00541800400242, 0.00171858514659, -0.00340434722602, -0.000904053391423, -0.00155867275316, 0.0046628783457], [-0.000106208324723, -0.000161610631039, 0.000225790252443, 0.00147115101572, -0.00335106323473, -0.00104980287142, -0.00541800400242, 0.0227337405086, -0.00707021355629, 0.000740006798878, -0.00219024578109, 0.00106468703598, -0.000892926007509], [0.000297488149954, -0.000409803324146, 0.000281485175947, -0.00202156975865, 0.00143609917723, -0.00421962281689, 0.00171858514659, -0.00707021355629, 0.0224462784827, -0.00488930055872, 0.00221567344852, -0.00290030427277, -0.00164742092602], [0.000259281194303, 0.00363507587463, -0.00089920242317, -0.00277208094485, -0.00153061049059, 0.00330012990162, -0.00340434722602, 0.000740006798878, -0.00488930055872, 0.0281011350453, -0.0100321732461, 0.00342000764795, -0.00250621512532], [-1.00970746644e-05, -0.00375918461941, 0.00067362212576, -0.00131302082445, 0.00372140435502, -0.00339196971618, -0.000904053391423, -0.00219024578109, 0.00221567344852, -0.0100321732461, 0.0276424717158, -0.00550854485482, 0.00440130662173], [1.08303183879e-05, 0.002475152025, -0.0012425375171, 0.00206113466993, -0.00431652506813, 0.00219744700007, -0.00155867275316, 0.00106468703598, -0.00290030427277, 0.00342000764795, -0.00550854485482, 0.0270574055612, -0.00882919505239], [0.000465259654447, -0.000849420379382, 0.00167199550197, -0.00147462019231, 0.0018947388744, -0.00106191227678, 0.0046628783457, -0.000892926007509, -0.00164742092602, -0.00250621512532, 0.00440130662173, -0.00882919505239, 0.0249186046422]]
    },
    "melbands": {
        "max": [0.00403511617333, 0.0108116744086, 0.0126954754815, 0.0170512199402, 0.00559131521732, 0.00626551778987, 0.00415084837005, 0.00207110773772, 0.00634510768577, 0.00407210225239, 0.00389532651752, 0.00255243247375, 0.000670749519486, 0.000750627776142, 0.000560557295103, 0.000743059848901, 0.000509755394887, 0.000153832967044, 0.000200536072953, 0.00039342456148, 0.000306713656755, 0.000353289418854, 0.000137267197715, 5.52511119167e-05, 7.44601420593e-05, 7.99086410552e-05, 0.000122928293422, 0.00022767847986, 0.000144202829688, 9.31644390221e-05, 0.000119616604934, 6.21978833806e-05, 6.26079272479e-05, 4.88838559249e-05, 5.62981840631e-05, 6.40808066237e-05, 2.14908577618e-05, 1.06466459329e-05, 1.29350510178e-05, 8.32441583043e-06],
        "mean": [7.82687711762e-05, 0.000210701924516, 0.000522645306773, 0.000987704610452, 0.000267172086751, 0.000270423042821, 0.000353248266038, 0.000159350602189, 0.000237860134803, 0.000174183369381, 0.000156610127306, 0.000105735038233, 5.79531842959e-05, 7.16572758392e-05, 5.22994232597e-05, 5.17959233548e-05, 3.14891076414e-05, 2.68950061582e-05, 2.26735137403e-05, 2.34735271079e-05, 2.54473834502e-05, 2.13131188502e-05, 1.71977408172e-05, 8.18799890112e-06, 7.10343874744e-06, 6.88787486069e-06, 9.02153078641e-06, 8.15973180579e-06, 3.69233634956e-06, 2.06500021704e-06, 3.41401573678e-06, 2.64524351223e-06, 2.07731090995e-06, 1.55560360326e-06, 1.48534093114e-06, 1.16436387998e-06, 6.83668986312e-07, 5.91146942952e-07, 6.95985988841e-07, 4.61582260414e-07],
        "min": [1.83710620501e-12, 2.56564929892e-12, 6.66845224873e-12, 4.05423567981e-12, 2.09817978963e-11, 4.74679184848e-11, 9.75337449693e-11, 1.49437268115e-10, 1.53541224179e-09, 1.51841539342e-09, 5.27632559866e-09, 4.53067716677e-09, 3.39257555382e-09, 3.6982179541e-09, 1.78404527262e-10, 1.0873190126e-09, 6.98310687053e-10, 2.93886526226e-10, 3.45168227334e-10, 1.92241625396e-10, 1.56135174234e-10, 1.23730539703e-10, 8.37567862289e-11, 1.06739256323e-10, 4.27996006691e-11, 7.29094770668e-11, 1.93901301265e-11, 9.65558015487e-12, 1.13024789181e-11, 3.21785068209e-12, 8.60353455145e-12, 8.68103505747e-12, 4.47137162365e-12, 1.92641844317e-12, 1.77365522443e-12, 1.58100073831e-12, 1.14603758341e-12, 1.2033654238e-12, 7.58181820278e-13, 9.46079044099e-13],
        "stdev": [0.000243482340011, 0.000656761869323, 0.00116236170288, 0.00212166132405, 0.000664586259518, 0.000690161425155, 0.000629339134321, 0.00027924211463, 0.000659137498587, 0.000443027995061, 0.000379028788302, 0.000188962600078, 7.06957507646e-05, 0.000101713922049, 6.77647112752e-05, 9.10022572498e-05, 4.80103008158e-05, 2.46398340096e-05, 2.29017496167e-05, 3.65924788639e-05, 3.72359827452e-05, 2.87305683742e-05, 1.96359706024e-05, 7.96469430497e-06, 8.42140616442e-06, 8.92917341844e-06, 1.64674256666e-05, 2.11278966162e-05, 1.02541853266e-05, 7.06790660843e-06, 1.08836193249e-05, 6.49552157483e-06, 5.72783574171e-06, 4.81662118546e-06, 4.90720503876e-06, 4.63974174636e-06, 2.06349545806e-06, 1.49079289713e-06, 1.56150304065e-06, 1.03141678665e-06]
    },
    "melbands128": {
        "max": [0.000333928939654, 0.00075369089609, 0.00407209154218, 0.0132449259982, 0.0142521038651, 0.00940023642033, 0.0096508776769, 0.0207601990551, 0.0173081085086, 0.0185123030096, 0.0327335037291, 0.00725613068789, 0.00321458512917, 0.00839240476489, 0.00571988848969, 0.0148053597659, 0.00869149435312, 0.00575934816152, 0.00663594342768, 0.00151077774353, 0.00195625680499, 0.00838531553745, 0.0115880668163, 0.00585447251797, 0.00924786552787, 0.00554752163589, 0.00473671825603, 0.00686086155474, 0.006627028808, 0.00507940724492, 0.00160915672313, 0.00101538258605, 0.00110850227065, 0.000615512311924, 0.000813559512608, 0.00144084601197, 0.00120955810416, 0.000633948075119, 0.00163393025286, 0.00124317535665, 0.00104498793371, 0.000939012272283, 0.0010941491928, 0.000749240221921, 0.000423087069066, 0.000212397731957, 0.000326070789015, 0.000290085910819, 0.000262323592324, 0.000641640508547, 0.000486697856104, 0.000896313344128, 0.000695888069458, 0.000483029405586, 0.00103118165862, 0.000373553717509, 0.00017583387671, 0.000260482367594, 0.000246642448474, 0.00017251879035, 6.48306158837e-05, 5.98040714976e-05, 0.000197599089006, 7.86070741015e-05, 0.000180526985787, 5.51245793758e-05, 0.0001426035451, 0.000193554194993, 0.000247977266554, 0.000166518846527, 0.000359845900675, 0.000232304009842, 0.000147841259604, 0.000224572242587, 6.73643444316e-05, 0.000112855246698, 0.000101914658444, 0.000123688529129, 0.000187122903299, 0.000105662737042, 9.40169775276e-05, 3.50189839082e-05, 5.35132858204e-05, 7.35851572244e-05, 8.19620981929e-05, 9.19328376767e-05, 4.45206278528e-05, 2.5504750738e-05, 7.23299235688e-05, 9.1047877504e-05, 0.000100546742033, 5.25702016603e-05, 2.3069758754e-05, 2.80590356851e-05, 3.49166075466e-05, 1.98439483938e-05, 1.20446775327e-05, 1.50029500219e-05, 1.62213145813e-05, 1.45418334796e-05, 7.7667145888e-06, 1.21969051179e-05, 9.57846168603e-06, 6.60655996398e-06, 6.05068544246e-06, 6.11032055531e-06, 4.61205490865e-06, 6.15707995166e-06, 6.69709243084e-06, 3.61400270776e-06, 4.91208948006e-06, 8.71383508638e-06, 3.73126226805e-06, 5.62166178497e-06, 5.82826987738e-06, 5.08303264724e-06, 1.21796767871e-06, 5.2009988849e-07, 8.88333886451e-07, 6.51322125123e-07, 3.50021025497e-07, 5.20124785908e-07, 2.25338979476e-07, 2.04351486843e-08, 4.19469348145e-09, 4.19713730437e-09, 4.20053902772e-09, 4.2026555569e-09],
        "mean": [5.61244905839e-06, 2.58587115241e-05, 9.00708109839e-05, 0.000211181904888, 0.000232206468354, 0.000186413206393, 0.000248320488026, 0.000617904297542, 0.00093215907691, 0.00113162875641, 0.00108736089896, 0.000321045721648, 8.44025562401e-05, 9.50285611907e-05, 0.00023745886574, 0.000407106155762, 0.000375851872377, 0.000356087606633, 0.000339964550221, 0.000112534835353, 8.82128806552e-05, 0.000199160524062, 0.000313034950523, 0.000185570534086, 0.000230231686146, 0.000123747755424, 0.000147860555444, 0.00018763654225, 0.000134020345286, 0.000131322245579, 8.90772062121e-05, 6.6085049184e-05, 5.60278422199e-05, 4.99008820043e-05, 6.81877863826e-05, 8.96436686162e-05, 5.70379997953e-05, 4.56976922578e-05, 4.90376041853e-05, 6.61167359794e-05, 5.00377063872e-05, 3.61353086191e-05, 3.43689789588e-05, 2.60359429376e-05, 2.59995649685e-05, 2.81808770524e-05, 2.79617561318e-05, 2.20614838327e-05, 2.00675258384e-05, 2.20733545575e-05, 2.36635405599e-05, 2.55752893281e-05, 2.43762806349e-05, 2.5394727345e-05, 2.87458969979e-05, 1.92313073057e-05, 1.69948052644e-05, 1.86390825547e-05, 1.84988184628e-05, 1.22563233163e-05, 6.76889385431e-06, 5.14376415595e-06, 7.6644382716e-06, 6.81372375766e-06, 8.52837274579e-06, 5.83802420806e-06, 7.11046004653e-06, 7.25078234609e-06, 1.05504668682e-05, 9.2963946372e-06, 9.62714420893e-06, 6.74249349686e-06, 5.01967633681e-06, 3.38708605341e-06, 1.65623782777e-06, 1.76346873104e-06, 2.2566403004e-06, 2.81011966763e-06, 3.70017642126e-06, 4.05096761824e-06, 2.95907557302e-06, 1.89358070202e-06, 2.05548235499e-06, 2.1127771106e-06, 2.10215193874e-06, 1.97445183403e-06, 1.23365805393e-06, 9.93263938653e-07, 1.45861201872e-06, 1.92157745005e-06, 1.63255515417e-06, 8.33145008983e-07, 5.47497677417e-07, 6.79275785842e-07, 8.03114062364e-07, 6.18516480699e-07, 4.40799965418e-07, 6.71434634114e-07, 9.27069834233e-07, 5.74902799144e-07, 3.70212291045e-07, 5.29052670117e-07, 4.5738818244e-07, 2.73929799732e-07, 2.80942714426e-07, 2.96156571267e-07, 1.73602515474e-07, 1.62615478416e-07, 1.75929400825e-07, 1.15041657978e-07, 1.70968917246e-07, 1.68755931895e-07, 8.38167721895e-08, 1.00474068176e-07, 7.71828965185e-08, 5.52505881046e-08, 3.79892242108e-08, 1.80287571538e-08, 2.07513437545e-08, 1.42032847705e-08, 9.08107278264e-09, 7.47321138306e-09, 2.25667484699e-09, 1.04110838006e-10, 9.73826054518e-12, 9.57956630687e-12, 9.49713918619e-12, 9.4802663983e-12],
        "min": [4.06602312583e-12, 1.64700241292e-12, 1.21523581129e-12, 1.57949369729e-12, 1.96936022177e-12, 3.39473761601e-12, 6.05317705682e-12, 9.38253381239e-12, 5.6008309969e-12, 1.62568385403e-12, 2.80199691574e-12, 1.30107279117e-11, 3.5076028887e-11, 2.05159743361e-11, 1.52368048734e-11, 7.72022862305e-11, 1.09941902804e-10, 4.53202475548e-11, 1.50773074581e-10, 2.16345996673e-10, 8.5329958377e-11, 1.35288696912e-10, 1.95161775629e-09, 3.01015479209e-09, 6.90395463021e-10, 1.33315469775e-09, 2.1716317633e-09, 6.26134344373e-09, 7.76141462211e-09, 4.50953008269e-09, 3.63909413714e-09, 3.86474541259e-09, 1.70836900182e-09, 3.64666563613e-09, 8.06453837043e-09, 1.78077963486e-09, 4.87851425923e-10, 5.25500892801e-11, 9.08743358341e-11, 9.7954894196e-11, 1.66280655911e-09, 2.16346074389e-09, 4.97744068184e-10, 9.20889406397e-11, 1.92085153339e-10, 1.39089628703e-10, 7.43189398911e-10, 4.26687574162e-10, 1.18186654907e-10, 2.03256952935e-10, 1.87557927522e-10, 2.02647426617e-10, 1.99699631831e-10, 1.50330553561e-10, 3.84720449942e-11, 1.92037039048e-10, 1.14384918204e-10, 3.2699745689e-11, 4.76338621325e-11, 2.22937557304e-10, 1.20819604321e-10, 2.47078225935e-11, 3.24318696898e-11, 2.55744175837e-11, 1.03662925466e-10, 6.33637448066e-11, 8.85109277537e-11, 2.0339117543e-11, 5.01532582825e-12, 6.10668069931e-12, 1.4935191972e-11, 6.69668097017e-12, 1.00320897423e-11, 1.84117391472e-11, 2.78742740695e-12, 2.7111156202e-12, 2.72007568379e-12, 5.11519429244e-12, 8.12323906058e-12, 1.46716996191e-11, 8.74795808709e-12, 7.36617624536e-12, 6.3548385304e-12, 4.28397465072e-12, 2.02197048167e-12, 3.48864903979e-12, 8.78550975459e-13, 1.1723713363e-12, 1.93073595306e-12, 2.1130120223e-12, 1.86416572283e-12, 1.36671902094e-12, 1.41025624338e-12, 7.70780628993e-13, 1.58020178973e-12, 7.65521218464e-13, 1.59847861943e-12, 9.19233981468e-13, 7.43552842995e-13, 5.87417267606e-13, 7.83578551437e-13, 9.82668590596e-13, 1.29102913256e-12, 1.08385251728e-12, 1.43605776142e-12, 5.25597469193e-13, 6.66976131443e-13, 7.65465382052e-13, 9.31400789828e-13, 5.73359014346e-13, 6.18090593898e-13, 5.43828708194e-13, 5.4113652578e-13, 1.25453130956e-12, 1.28208272991e-12, 6.23786233171e-13, 5.28109728257e-13, 4.86705944644e-13, 2.28191678877e-13, 1.10595248779e-13, 1.5708789792e-13, 8.96630317736e-14, 6.77563609603e-14, 1.00412089938e-13, 1.18825766284e-13, 4.92386113707e-14, 7.30979523195e-15, 3.01707153642e-16],
        "stdev": [1.82819621841e-05, 7.02446122887e-05, 0.000301337830024, 0.000711105356459, 0.000808628974482, 0.000746003934182, 0.000844428723212, 0.0017416710034, 0.00206149928272, 0.00255156494677, 0.00363706960343, 0.000877598125953, 0.000214928048081, 0.000404926307965, 0.000683842459694, 0.00133263936732, 0.000959119235631, 0.0007904691156, 0.00079225882655, 0.000211126098293, 0.000220483620069, 0.000720337498933, 0.00111257145181, 0.000564280722756, 0.000925707863644, 0.000360477948561, 0.00044107431313, 0.000609133508988, 0.000427459191997, 0.000328407244524, 0.000147512357216, 0.000102934005554, 9.06620771275e-05, 7.70064871176e-05, 0.000115673537948, 0.000159047500347, 0.000117869043606, 7.80946211307e-05, 0.000107406842289, 0.000157734219101, 0.000110675566248, 8.33882877487e-05, 7.38923117751e-05, 4.73282889288e-05, 3.99731216021e-05, 2.96942362183e-05, 3.73730435967e-05, 3.03690158034e-05, 2.5216884751e-05, 4.49787912657e-05, 4.18480522058e-05, 6.04797314736e-05, 5.84087028983e-05, 4.43416683993e-05, 6.77880598232e-05, 2.90485495498e-05, 2.22267608478e-05, 2.86325539491e-05, 3.03638862533e-05, 1.68220358319e-05, 7.98632572696e-06, 6.12027542957e-06, 1.5894700482e-05, 9.10214021133e-06, 1.61987245519e-05, 7.83336054155e-06, 1.31212946144e-05, 1.31446822706e-05, 2.47983152803e-05, 2.42987589445e-05, 2.91328578896e-05, 2.13038583752e-05, 1.48366652866e-05, 1.20947652249e-05, 4.68664075015e-06, 6.96047118254e-06, 8.18369699118e-06, 1.03962429421e-05, 1.31396855068e-05, 1.19326459753e-05, 8.24360631668e-06, 4.06069420933e-06, 4.92872004543e-06, 6.52373637422e-06, 6.70434837957e-06, 6.92201956554e-06, 4.02954583478e-06, 2.60954107034e-06, 4.89134754389e-06, 7.53199901737e-06, 7.07067329131e-06, 3.49851916326e-06, 1.83163092515e-06, 2.2454057671e-06, 2.58829868471e-06, 1.74875322045e-06, 1.1579427337e-06, 1.83411646049e-06, 2.1935550194e-06, 1.35077141294e-06, 8.10237622773e-07, 1.31635079015e-06, 1.15990656013e-06, 6.95811024798e-07, 6.55219139389e-07, 7.00029886502e-07, 4.54427009799e-07, 4.62290216774e-07, 4.90477532367e-07, 2.73381772331e-07, 3.99218009761e-07, 4.75021579405e-07, 2.26599198072e-07, 3.63817576954e-07, 3.24705240473e-07, 2.43041171188e-07, 9.21100422602e-08, 4.4635022789e-08, 6.22072562351e-08, 4.5792912573e-08, 3.14267296631e-08, 3.53429534528e-08, 1.42001814751e-08, 1.05033315378e-09, 1.78665998662e-10, 1.78775660942e-10, 1.7892334836e-10, 1.79013789903e-10]
    },
    "mfcc": {
        "mean": [-670.434875488, 96.2461700439, -41.3733634949, -4.41661930084, -14.5076408386, -9.97075557709, -8.66418170929, -0.885973095894, -1.59536838531, -3.29367923737, -2.15789318085, -5.84466838837, -0.784041941166],
        "cov": [[4409.35791016, 437.651367188, 1679.52539062, 980.589599609, 461.570129395, 98.1947021484, -33.0713768005, -158.615478516, -209.070465088, -36.7506713867, 40.0680732727, 119.153381348, 59.6415901184], [437.651367188, 953.030151367, 832.794433594, 508.03717041, 337.37008667, -15.2421112061, 4.40868473053, -45.7306442261, -132.051559448, -26.6352539062, 3.35244178772, 9.4252281189, 22.4085197449], [1679.52539062, 832.794433594, 2631.81518555, 1286.23669434, 719.112304688, 165.259857178, -101.646949768, -226.539154053, -251.849700928, 14.480717659, -29.9547157288, 89.7110748291, 103.574867249], [980.589599609, 508.03717041, 1286.23669434, 926.884521484, 495.514282227, 87.0017623901, -68.1420593262, -155.365356445, -126.774360657, -15.0667819977, -25.1995849609, 35.4480361938, 77.2082901001], [461.570129395, 337.37008667, 719.112304688, 495.514282227, 410.997039795, 47.0754394531, -56.0744895935, -81.1353759766, -54.5165786743, -23.4291954041, -27.4110202789, 10.6847496033, 35.6689453125], [98.1947021484, -15.2421112061, 165.259857178, 87.0017623901, 47.0754394531, 91.9435577393, 14.542848587, -1.93580281734, -2.67594361305, 14.3017272949, 18.7799377441, 18.8319644928, -6.32296037674], [-33.0713768005, 4.40868473053, -101.646949768, -68.1420593262, -56.0744895935, 14.542848587, 96.6254577637, 42.4662513733, 1.53622114658, 24.4965248108, 42.0883598328, 16.1674175262, -21.6823730469], [-158.615478516, -45.7306442261, -226.539154053, -155.365356445, -81.1353759766, -1.93580281734, 42.4662513733, 103.898475647, 35.3608055115, 14.9005746841, 32.8031082153, 3.7594294548, -21.0532474518], [-209.070465088, -132.051559448, -251.849700928, -126.774360657, -54.5165786743, -2.67594361305, 1.53622114658, 35.3608055115, 98.8381195068, 2.04194188118, 3.78072166443, 0.484847486019, -11.5075397491], [-36.7506713867, -26.6352539062, 14.480717659, -15.0667819977, -23.4291954041, 14.3017272949, 24.4965248108, 14.9005746841, 2.04194188118, 83.3124313354, 21.6962738037, 9.93489551544, 7.33935832977], [40.0680732727, 3.35244178772, -29.9547157288, -25.1995849609, -27.4110202789, 18.7799377441, 42.0883598328, 32.8031082153, 3.78072166443, 21.6962738037, 76.0851669312, 18.4490833282, -17.1747875214], [119.153381348, 9.4252281189, 89.7110748291, 35.4480361938, 10.6847496033, 18.8319644928, 16.1674175262, 3.7594294548, 0.484847486019, 9.93489551544, 18.4490833282, 62.252204895, 8.00344848633], [59.6415901184, 22.4085197449, 103.574867249, 77.2082901001, 35.6689453125, -6.32296037674, -21.6823730469, -21.0532474518, -11.5075397491, 7.33935832977, -17.1747875214, 8.00344848633, 62.2847938538]],
        "icov": [[0.000337858364219, 0.000139867755934, -0.00013076486357, -0.000285732094198, 6.12635412836e-05, 0.000252884317888, -6.29545611446e-05, -6.43473249511e-05, 0.00028934844886, 0.000265526701696, -0.000279264902929, -0.000362902268535, 0.000136522823595], [0.000139867755934, 0.00222395034507, -0.000385573861422, -0.000596181256697, -0.00109784910455, 0.00224981014617, -0.00121547013987, -0.00121428701095, 0.00149389973376, 0.000626684457529, -0.000442275166279, 0.000138555260492, 0.000532086414751], [-0.00013076486357, -0.000385573861422, 0.00158952421043, -0.00125764950644, -0.000331664952682, -0.00122302758973, 0.000954752904363, 0.000166163459653, 0.00139317510184, -0.000904029409867, 0.000392008281779, -0.00111167330761, 0.000248838332482], [-0.000285732094198, -0.000596181256697, -0.00125764950644, 0.00604783790186, -0.00346047780477, -0.00151579815429, -0.000516544969287, 0.00278921984136, -7.88378238212e-05, 0.000357078824891, -0.000964592501987, 0.000604026543442, -0.00272684101947], [6.12635412836e-05, -0.00109784910455, -0.000331664952682, -0.00346047780477, 0.00810943264514, -0.00127913895994, 0.00174972368404, -0.000316981226206, -0.00208095810376, 0.000811430974863, 0.00102586869616, 0.000558048312087, 0.000636584765743], [0.000252884317888, 0.00224981014617, -0.00122302758973, -0.00151579815429, -0.00127913895994, 0.0168960765004, -0.00279235211201, -0.00122448860202, -0.000761809351388, -0.000939335208386, -0.00220091175288, -0.00193796900567, 0.00353508535773], [-6.29545611446e-05, -0.00121547013987, 0.000954752904363, -0.000516544969287, 0.00174972368404, -0.00279235211201, 0.0180675983429, -0.00358247919939, 0.00255031278357, -0.00316926511005, -0.00449342420325, -0.00332526233979, 0.0033762936946], [-6.43473249511e-05, -0.00121428701095, 0.000166163459653, 0.00278921984136, -0.000316981226206, -0.00122448860202, -0.00358247919939, 0.0173565726727, -0.00399058312178, -0.00073844002327, -0.00393211748451, 0.000140601201565, -0.000311058800435], [0.00028934844886, 0.00149389973376, 0.00139317510184, -7.88378238212e-05, -0.00208095810376, -0.000761809351388, 0.00255031278357, -0.00399058312178, 0.0165413897485, -0.000386326690204, 0.000305704685161, -0.00288555934094, 0.00117649009917], [0.000265526701696, 0.000626684457529, -0.000904029409867, 0.000357078824891, 0.000811430974863, -0.000939335208386, -0.00316926511005, -0.00073844002327, -0.000386326690204, 0.0151283610612, -0.00317586469464, 0.000570388685446, -0.00413500983268], [-0.000279264902929, -0.000442275166279, 0.000392008281779, -0.000964592501987, 0.00102586869616, -0.00220091175288, -0.00449342420325, -0.00393211748451, 0.000305704685161, -0.00317586469464, 0.0209218971431, -0.00372306862846, 0.00394433736801], [-0.000362902268535, 0.000138555260492, -0.00111167330761, 0.000604026543442, 0.000558048312087, -0.00193796900567, -0.00332526233979, 0.000140601201565, -0.00288555934094, 0.000570388685446, -0.00372306862846, 0.0209606587887, -0.00454919692129], [0.000136522823595, 0.000532086414751, 0.000248838332482, -0.00272684101947, 0.000636584765743, 0.00353508535773, 0.0033762936946, -0.000311058800435, 0.00117649009917, -0.00413500983268, 0.00394433736801, -0.00454919692129, 0.0221408456564]]
    },
    "spectral_contrast_coeffs": {
        "max": [-0.431516975164, -0.521181821823, -0.539084672928, -0.613918721676, -0.607293844223, -0.659693956375],
        "mean": [-0.697736501694, -0.755894899368, -0.793871641159, -0.812814235687, -0.779331803322, -0.766188263893],
        "min": [-0.889709770679, -0.92757833004, -0.901344180107, -0.920698642731, -0.880589783192, -0.865156173706],
        "stdev": [0.091115899384, 0.0814256742597, 0.0557822547853, 0.0477463416755, 0.0420303791761, 0.0305368434638]
    },
    "spectral_contrast_valleys": {
        "max": [-5.01194858551, -5.49774217606, -5.60704994202, -6.19870567322, -6.30052804947, -8.20980167389],
        "mean": [-8.36440849304, -6.92252969742, -7.04962491989, -7.28110027313, -7.60044765472, -10.4065198898],
        "min": [-15.5001935959, -12.8770065308, -11.4960374832, -12.6714000702, -13.3269634247, -16.1213474274],
        "stdev": [1.57874727249, 0.681789934635, 0.667840838432, 0.629444241524, 0.555482566357, 0.805868268013]
    }
},
"rhythm": {
    "beats_count": 17,
    "beats_loudness": {
        "max": 0.0643165260553,
        "mean": 0.0206624753773,
        "min": 0.00279265642166,
        "stdev": 0.021703902632
    },
    "bpm": 84.3023071289,
    "bpm_histogram_first_peak_bpm": 83,
    "bpm_histogram_first_peak_weight": 0.5,
    "bpm_histogram_second_peak_bpm": 0,
    "bpm_histogram_second_peak_spread": 0,
    "bpm_histogram_second_peak_weight": 0,
    "danceability": 0.78341782093,
    "onset_rate": 2.97820472717,
    "beats_loudness_band_ratio": {
        "max": [0.610541045666, 0.746706664562, 0.639226615429, 0.754978120327, 0.447400063276, 0.543052017689],
        "mean": [0.0997820571065, 0.147748485208, 0.228992566466, 0.305798083544, 0.177768692374, 0.0775909051299],
        "min": [0.00025445636129, 0.00314772618003, 0.0737592130899, 0.014415467158, 0.0160466507077, 0.00717328349128],
        "stdev": [0.168167993426, 0.216585129499, 0.159429952502, 0.237895652652, 0.151227265596, 0.123110719025]
    },
    "beats_position": [0.684988677502, 1.38158726692, 2.08979582787, 2.79800438881, 3.50621318817, 4.21442174911, 4.92263031006, 5.64244890213, 6.3622674942, 7.08208608627, 7.77868461609, 8.47528362274, 9.19510173798, 9.91492080688, 10.6347389221, 11.354557991, 12.0743761063],
