{
"metadata": {
    "version": {
        "essentia": "2.1-beta5",
        "essentia_git_sha": "Undefined",
        "extractor": "music 2.0"
    },
    "audio_properties": {
        "analysis": {
            "equal_loudness": 0,
            "length": 48.7502937317,
            "sample_rate": 44100,
            "start_time": 113.742950439,
            "downmix": "mix"
        },
        "bit_rate": 192000,
        "length": 186.897415161,
        "lossless": 0,
        "number_channels": 1,
        "replay_gain": -7.88423347473,
        "sample_rate": 44100,
        "codec": "mp3",
        "md5_encoded": "76dc82f9e391678fb4199ce8f1f25d37"
    },
    "tags": {
        "file_name": "Greece_Yassou Maria_Sarbel.mp3",
        "encoding": ["Lavf58.29.100"]
    }
},
"lowlevel": {
    "average_loudness": 0.982255756855,
    "barkbands_crest": {
        "max": 21.2199325562,
        "mean": 9.32912826538,
        "min": 2.1159889698,
        "stdev": 3.76082205772
    },
    "barkbands_flatness_db": {
        "max": 0.165534228086,
        "mean": 0.0835623070598,
        "min": 0.026681849733,
        "stdev": 0.0238502286375
    },
    "barkbands_kurtosis": {
        "max": 8.50863552094,
        "mean": -0.351242184639,
        "min": -1.84755945206,
        "stdev": 1.14591217041
    },
    "barkbands_skewness": {
        "max": 2.99490785599,
        "mean": 0.838628947735,
        "min": -1.90635085106,
        "stdev": 0.586302220821
    },
    "barkbands_spread": {
        "max": 109.585105896,
        "mean": 55.5857429504,
        "min": 15.5778465271,
        "stdev": 13.8561325073
    },
    "dissonance": {
        "max": 0.5,
        "mean": 0.483821690083,
        "min": 0.407874256372,
        "stdev": 0.0135340923443
    },
    "dynamic_complexity": 0.850000739098,
    "erbbands_crest": {
        "max": 25.7146186829,
        "mean": 6.91118240356,
        "min": 2.43547606468,
        "stdev": 3.37461304665
    },
    "erbbands_flatness_db": {
        "max": 0.210708931088,
        "mean": 0.105989702046,
        "min": 0.0642707869411,
        "stdev": 0.0233042389154
    },
    "erbbands_kurtosis": {
        "max": 10.9593868256,
        "mean": 0.3266672194,
        "min": -1.35480964184,
        "stdev": 1.23017966747
    },
    "erbbands_skewness": {
        "max": 1.62632668018,
        "mean": -0.406930565834,
        "min": -2.52052354813,
        "stdev": 0.539441764355
    },
    "erbbands_spread": {
        "max": 97.996055603,
        "mean": 47.5589790344,
        "min": 11.0873384476,
        "stdev": 12.9023303986
    },
    "hfc": {
        "max": 125.487197876,
        "mean": 57.3081550598,
        "min": 0.772672951221,
        "stdev": 18.4246463776
    },
    "loudness_ebu128": {
        "integrated": -17.5166778564,
        "loudness_range": 0.777111053467,
        "momentary": {
            "max": -16.2107219696,
            "mean": -17.5566425323,
            "min": -19.856546402,
            "stdev": 0.597970962524
        },
        "short_term": {
            "max": -16.9085578918,
            "mean": -17.5353221893,
            "min": -18.1281967163,
            "stdev": 0.258415520191
        }
    },
    "melbands_crest": {
        "max": 31.1347961426,
        "mean": 15.5860395432,
        "min": 3.77143311501,
        "stdev": 5.09285211563
    },
    "melbands_flatness_db": {
        "max": 0.235615462065,
        "mean": 0.132925644517,
        "min": 0.024915356189,
        "stdev": 0.03525608778
    },
    "melbands_kurtosis": {
        "max": 59.505355835,
        "mean": 9.01125431061,
        "min": -1.54710316658,
        "stdev": 7.61040878296
    },
    "melbands_skewness": {
        "max": 7.21869039536,
        "mean": 2.73201346397,
        "min": -0.817350208759,
        "stdev": 1.12292790413
    },
    "melbands_spread": {
        "max": 160.228393555,
        "mean": 46.1945877075,
        "min": 10.6467075348,
        "stdev": 20.4500751495
    },
    "pitch_salience": {
        "max": 0.767970085144,
        "mean": 0.526003539562,
        "min": 0.228885695338,
        "stdev": 0.0953715741634
    },
    "silence_rate_20dB": {
        "max": 1,
        "mean": 1,
        "min": 1,
        "stdev": 0
    },
    "silence_rate_30dB": {
        "max": 1,
        "mean": 1,
        "min": 1,
        "stdev": 0
    },
    "silence_rate_60dB": {
        "max": 0,
        "mean": 0,
        "min": 0,
        "stdev": 0
    },
    "spectral_centroid": {
        "max": 3856.71582031,
        "mean": 2442.10766602,
        "min": 1050.01245117,
        "stdev": 410.881500244
    },
    "spectral_complexity": {
        "max": 55,
        "mean": 30.0475959778,
        "min": 1,
        "stdev": 7.66067743301
    },
    "spectral_decrease": {
        "max": -1.20468399145e-10,
        "mean": -8.25327983733e-09,
        "min": -1.67081726232e-08,
        "stdev": 2.85630474828e-09
    },
    "spectral_energy": {
        "max": 0.070469930768,
        "mean": 0.0363478846848,
        "min": 0.000524760282133,
        "stdev": 0.0112659838051
    },
    "spectral_energyband_high": {
        "max": 0.0109625952318,
        "mean": 0.00440235994756,
        "min": 5.3574112826e-05,
        "stdev": 0.00198359321803
    },
    "spectral_energyband_low": {
        "max": 0.0512323826551,
        "mean": 0.0167701561004,
        "min": 1.7579084215e-06,
        "stdev": 0.0100567955524
    },
    "spectral_energyband_middle_high": {
        "max": 0.0321205072105,
        "mean": 0.00838484987617,
        "min": 0.000111174806079,
        "stdev": 0.00430741393939
    },
    "spectral_energyband_middle_low": {
        "max": 0.038740336895,
        "mean": 0.00766491796821,
        "min": 0.000107606872916,
        "stdev": 0.00513202091679
    },
    "spectral_entropy": {
        "max": 8.80774974823,
        "mean": 8.16843509674,
        "min": 7.2703666687,
        "stdev": 0.217879027128
    },
    "spectral_flux": {
        "max": 0.226743638515,
        "mean": 0.108407653868,
        "min": 0.031830728054,
        "stdev": 0.0282263569534
    },
    "spectral_kurtosis": {
        "max": 5.92628097534,
        "mean": 1.75765955448,
        "min": -0.367451429367,
        "stdev": 0.829971253872
    },
    "spectral_rms": {
        "max": 0.0082916310057,
        "mean": 0.00587394228205,
        "min": 0.000715514703188,
        "stdev": 0.000978841097094
    },
    "spectral_rolloff": {
        "max": 10874.2675781,
        "mean": 3791.08227539,
        "min": 129.19921875,
        "stdev": 1957.04406738
    },
    "spectral_skewness": {
        "max": 1.87753200531,
        "mean": 1.18729245663,
        "min": 0.561979055405,
        "stdev": 0.176637917757
    },
    "spectral_spread": {
        "max": 11642184,
        "mean": 6835928.5,
        "min": 4192369.5,
        "stdev": 962852.8125
    },
    "spectral_strongpeak": {
        "max": 16.7481594086,
        "mean": 0.641729474068,
        "min": 0,
        "stdev": 1.31082201004
    },
    "zerocrossingrate": {
        "max": 0.283203125,
        "mean": 0.128134429455,
        "min": 0.02880859375,
        "stdev": 0.0361093692482
    },
    "barkbands": {
        "max": [0.0186161845922, 0.0453826077282, 0.0311370640993, 0.0192820094526, 0.027712021023, 0.0215253569186, 0.0159474629909, 0.0115879699588, 0.0233766511083, 0.0272486694157, 0.015181417577, 0.0109410164878, 0.0145953735337, 0.0110199609771, 0.00835704244673, 0.00722470832989, 0.00831297878176, 0.00730649055913, 0.0252509843558, 0.00628390023485, 0.00188977015205, 0.0044324323535, 0.00336441467516, 0.00584746431559, 0.00444617960602, 0.00181565224193, 5.82955472055e-05],
        "mean": [0.000988663989119, 0.0114388968796, 0.00365322106518, 0.00196251040325, 0.00195104442537, 0.00130884221289, 0.000446441117674, 0.000462307158159, 0.00123414024711, 0.00071048270911, 0.000740612391382, 0.000510439567734, 0.000689325330313, 0.000641101330984, 0.000718964263797, 0.000668972323183, 0.000946709187701, 0.00105559686199, 0.00139063014649, 0.00078395253513, 0.000365388172213, 0.000615260971244, 0.000920485763345, 0.000863574794494, 0.000973119458649, 0.000304358109133, 2.795379487e-06],
        "min": [9.62036423857e-08, 1.49246761794e-06, 4.61053417666e-08, 3.67085306152e-07, 3.42395605912e-06, 3.15084230351e-06, 5.70229587993e-07, 8.88794204457e-07, 6.36857794234e-06, 9.82588858278e-07, 3.30076181854e-06, 4.56869884147e-06, 5.0505168474e-06, 1.99335727302e-06, 4.26462202086e-06, 1.42140052048e-05, 1.40740648931e-05, 2.53095604421e-05, 1.64699904417e-05, 7.93659455667e-06, 6.09330027146e-06, 9.26635948417e-06, 7.54153916205e-06, 1.14719923658e-05, 1.2887478988e-05, 4.43716635345e-06, 7.86452292179e-11],
        "stdev": [0.00171981798485, 0.00876522250473, 0.0039891442284, 0.00220811553299, 0.00260614347644, 0.00195370125584, 0.0011965673184, 0.000938136130571, 0.00196832977235, 0.00165659131017, 0.00164966925513, 0.000918808975257, 0.00117087818217, 0.000858341925777, 0.000875336409081, 0.00070962018799, 0.000805663294159, 0.000838727224618, 0.00191014190204, 0.000647735141683, 0.000262765446678, 0.000409161060816, 0.000483325187815, 0.000562724890187, 0.00059117260389, 0.00023735324794, 4.70148552267e-06]
    },
    "erbbands": {
        "max": [1.95559072495, 11.2143583298, 28.2482528687, 37.0969543457, 93.2873153687, 158.257659912, 167.049606323, 238.741577148, 119.505554199, 481.069549561, 309.282043457, 743.305541992, 1008.30407715, 479.551055908, 622.906066895, 523.627258301, 718.749145508, 386.214813232, 332.34274292, 596.455566406, 372.071258545, 451.139892578, 387.868804932, 969.340637207, 1017.5012207, 269.059295654, 90.8119888306, 82.1261291504, 142.7552948, 136.856109619, 90.5184707642, 220.465042114, 84.4742965698, 65.4876708984, 24.708234787, 9.31700229645, 4.51268100739, 0.436010658741, 0.00805534888059, 0.000352952745743],
        "mean": [0.352331101894, 2.45866584778, 4.41484594345, 5.51781892776, 6.51360988617, 6.99273109436, 9.38271999359, 9.86347961426, 4.68154191971, 10.5640239716, 13.1841278076, 31.2368850708, 24.7839393616, 20.6491947174, 27.7961006165, 25.296503067, 35.285118103, 27.8467292786, 30.1338691711, 48.7754707336, 39.6325378418, 48.4847640991, 58.3170928955, 63.7010345459, 64.5675430298, 38.2406196594, 19.1761798859, 14.3325748444, 19.0638141632, 25.9746379852, 26.8104667664, 20.093120575, 13.9036931992, 12.4387741089, 5.88664579391, 1.67129218578, 0.543494164944, 0.0514653883874, 0.00107222120278, 0.000105792561953],
        "min": [2.01425009436e-05, 0.000376147887437, 0.000439631257905, 0.00478685647249, 0.00678944587708, 0.0296498071402, 0.033842690289, 0.0213631968945, 0.026996254921, 0.0348988100886, 0.125413388014, 0.24285286665, 0.356625974178, 0.306434869766, 0.202518820763, 0.204816475511, 0.222021147609, 0.182130992413, 0.23281724751, 0.296026617289, 0.963667452335, 0.744321465492, 1.09022545815, 1.39141249657, 0.597602546215, 0.335943520069, 0.332072257996, 0.148109152913, 0.307622015476, 0.272975862026, 0.272896409035, 0.347548902035, 0.112419553101, 0.157564237714, 0.0885458514094, 0.0179079640657, 0.0104994829744, 0.00103836203925, 3.37256024068e-05, 6.80064522385e-06],
        "stdev": [0.321352779865, 1.97150325775, 4.11531829834, 5.0313577652, 8.34672451019, 11.9587917328, 13.5812606812, 16.2229633331, 8.78062725067, 32.0407066345, 23.1267089844, 55.4304237366, 55.8125343323, 32.3493003845, 59.6888198853, 43.4790000916, 58.1604385376, 36.1231269836, 32.7502059937, 59.2860527039, 39.3473396301, 37.7571029663, 42.7245101929, 76.2376785278, 79.7499389648, 30.295419693, 12.6559267044, 10.3700456619, 13.0069952011, 15.4032669067, 14.3824243546, 14.0120515823, 9.12592887878, 7.89863014221, 3.8136305809, 1.18334555626, 0.487433612347, 0.0500712804496, 0.00095273781335, 4.62318857899e-05]
    },
    "gfcc": {
        "mean": [81.4482803345, 29.3769130707, -99.8667907715, 52.7688026428, -50.0510253906, 34.3551750183, -43.4355583191, 26.7527751923, -30.0275039673, 3.79241800308, -18.0565242767, 5.04950428009, -15.7797269821],
        "cov": [[413.083435059, 12.189496994, 56.5877304077, 9.8327703476, 47.3931884766, 21.5883464813, 23.9563465118, -31.2034492493, 9.66972732544, 21.701625824, -31.9850521088, 9.45604515076, -16.16938591], [12.189496994, 283.260864258, -4.44628572464, -24.5919132233, 10.8239030838, 30.080368042, 62.7018814087, 16.1884460449, -15.5261096954, -18.9154987335, 33.9216651917, -17.3456325531, -11.502705574], [56.5877304077, -4.44628572464, 265.949188232, 152.529327393, 70.821647644, 42.4034614563, 18.0144176483, 4.44570207596, 7.94635486603, 14.4677600861, -17.6509342194, 6.65394306183, -20.2360668182], [9.8327703476, -24.5919132233, 152.529327393, 228.886779785, 92.4058151245, 18.6192359924, -13.3946752548, 10.3232479095, 28.9990024567, 5.61258792877, -4.87644004822, -0.441964864731, 7.9579205513], [47.3931884766, 10.8239030838, 70.821647644, 92.4058151245, 136.454101562, 67.5640029907, 28.737455368, 3.39303350449, 10.1336917877, 7.34361982346, -8.50937366486, 5.3726644516, -0.892345368862], [21.5883464813, 30.080368042, 42.4034614563, 18.6192359924, 67.5640029907, 175.235992432, 109.562438965, 3.28250265121, -16.635477066, -8.53081512451, 5.76695775986, -0.0832994431257, -7.95627307892], [23.9563465118, 62.7018814087, 18.0144176483, -13.3946752548, 28.737455368, 109.562438965, 168.073760986, 49.3436355591, -17.9807910919, 1.79198408127, 27.2340946198, 1.56989693642, -27.913444519], [-31.2034492493, 16.1884460449, 4.44570207596, 10.3232479095, 3.39303350449, 3.28250265121, 49.3436355591, 81.9099578857, 37.4526100159, 8.58268642426, 11.1275548935, -3.77467513084, -0.590174198151], [9.66972732544, -15.5261096954, 7.94635486603, 28.9990024567, 10.1336917877, -16.635477066, -17.9807910919, 37.4526100159, 92.9164428711, 38.431388855, -18.0034656525, -5.19008207321, 9.2865524292], [21.701625824, -18.9154987335, 14.4677600861, 5.61258792877, 7.34361982346, -8.53081512451, 1.79198408127, 8.58268642426, 38.431388855, 64.5386657715, 20.1851463318, 2.91478228569, -0.272254556417], [-31.9850521088, 33.9216651917, -17.6509342194, -4.87644004822, -8.50937366486, 5.76695775986, 27.2340946198, 11.1275548935, -18.0034656525, 20.1851463318, 85.4306488037, 35.3851356506, 4.95800590515], [9.45604515076, -17.3456325531, 6.65394306183, -0.441964864731, 5.3726644516, -0.0832994431257, 1.56989693642, -3.77467513084, -5.19008207321, 2.91478228569, 35.3851356506, 74.3613510132, 33.7534141541], [-16.16938591, -11.502705574, -20.2360668182, 7.9579205513, -0.892345368862, -7.95627307892, -27.913444519, -0.590174198151, 9.2865524292, -0.272254556417, 4.95800590515, 33.7534141541, 66.0843658447]],
        "icov": [[0.00310651562177, -0.000428162835306, -0.000281824643025, 0.000217353896005, -0.00085638492601, 0.000809205637779, -0.0015059086727, 0.00216766982339, -0.000479518261272, -0.00150522904005, 0.00224207132123, -0.00166078319307, 0.00078347051749], [-0.000428162835306, 0.00572278164327, -0.0023603271693, 0.00305110705085, -0.00256924727, 0.00282499031164, -0.00420943973586, 0.00398770719767, -0.00533502455801, 0.00767491804436, -0.00796178169549, 0.00693990057334, -0.00380180566572], [-0.000281824643025, -0.0023603271693, 0.00980460271239, -0.00798393692821, 0.00298995221965, -0.00424486212432, 0.00384243344888, -0.00574630498886, 0.0079317195341, -0.00969574600458, 0.0098167899996, -0.00910436641425, 0.00734406337142], [0.000217353896005, 0.00305110705085, -0.00798393692821, 0.0134222600609, -0.00797877274454, 0.00439813127741, -0.00283375312574, 0.00513213034719, -0.00939017534256, 0.0109076350927, -0.0110481381416, 0.00972191989422, -0.00697840657085], [-0.00085638492601, -0.00256924727, 0.00298995221965, -0.00797877274454, 0.0156931839883, -0.00792686454952, 0.00436718761921, -0.00525781884789, 0.0060021947138, -0.0085486182943, 0.00845895987004, -0.00771205825731, 0.00470059877262], [0.000809205637779, 0.00282499031164, -0.00424486212432, 0.00439813127741, -0.00792686454952, 0.0180107057095, -0.0160496141762, 0.0134984422475, -0.00983973406255, 0.0109853446484, -0.00803369097412, 0.00906947162002, -0.00833866558969], [-0.0015059086727, -0.00420943973586, 0.00384243344888, -0.00283375312574, 0.00436718761921, -0.0160496141762, 0.025888690725, -0.0220682378858, 0.0157628711313, -0.0131205450743, 0.00807959958911, -0.010791237466, 0.0119178695604], [0.00216766982339, 0.00398770719767, -0.00574630498886, 0.00513213034719, -0.00525781884789, 0.0134984422475, -0.0220682378858, 0.0377836041152, -0.0265792496502, 0.0195260159671, -0.016383336857, 0.0140071520582, -0.0106926253065], [-0.000479518261272, -0.00533502455801, 0.0079317195341, -0.00939017534256, 0.0060021947138, -0.00983973406255, 0.0157628711313, -0.0265792496502, 0.0398110598326, -0.0319184064865, 0.0245987586677, -0.0154512543231, 0.00815116800368], [-0.00150522904005, 0.00767491804436, -0.00969574600458, 0.0109076350927, -0.0085486182943, 0.0109853446484, -0.0131205450743, 0.0195260159671, -0.0319184064865, 0.0472803860903, -0.0305781401694, 0.0201902557164, -0.0108134979382], [0.00224207132123, -0.00796178169549, 0.0098167899996, -0.0110481381416, 0.00845895987004, -0.00803369097412, 0.00807959958911, -0.016383336857, 0.0245987586677, -0.0305781401694, 0.04099265486, -0.0272877924144, 0.0131920222193], [-0.00166078319307, 0.00693990057334, -0.00910436641425, 0.00972191989422, -0.00771205825731, 0.00906947162002, -0.010791237466, 0.0140071520582, -0.0154512543231, 0.0201902557164, -0.0272877924144, 0.0388147123158, -0.0221255943179], [0.00078347051749, -0.00380180566572, 0.00734406337142, -0.00697840657085, 0.00470059877262, -0.00833866558969, 0.0119178695604, -0.0106926253065, 0.00815116800368, -0.0108134979382, 0.0131920222193, -0.0221255943179, 0.0308705661446]]
    },
    "melbands": {
        "max": [0.0134757040069, 0.0110108060762, 0.00703442376107, 0.00554408272728, 0.00439622905105, 0.00478324946016, 0.0022382310126, 0.0045314906165, 0.00269849598408, 0.00447645317763, 0.00509856035933, 0.00194460188504, 0.00239198026247, 0.000962162856013, 0.00131101068109, 0.0010128042195, 0.000932116876356, 0.000745101016946, 0.000672070833389, 0.000695110415109, 0.000598761660513, 0.000605994311627, 0.000493350555189, 0.000495565182064, 0.000911605893634, 0.00147012772504, 0.000494817504659, 0.000163039920153, 7.92961291154e-05, 6.18349440629e-05, 6.16137622274e-05, 0.000103304540971, 6.63506652927e-05, 7.16164358892e-05, 6.68215725455e-05, 8.20910063339e-05, 0.000127053164761, 6.28080233582e-05, 6.25537941232e-05, 7.24881174392e-05],
        "mean": [0.00324672600254, 0.00259801140055, 0.00101887527853, 0.000452010455774, 0.000336768280249, 0.000225360985496, 7.38085873309e-05, 0.00010914664017, 0.000129246211145, 0.000187502941117, 0.000117790230433, 7.84710064181e-05, 0.000108448635729, 4.78249348816e-05, 8.90930241439e-05, 5.86206697335e-05, 5.29716598976e-05, 5.06214928464e-05, 5.33223137609e-05, 5.62981367693e-05, 4.8066405725e-05, 4.77492430946e-05, 5.7610872318e-05, 5.21102883795e-05, 5.07825898239e-05, 5.40156361239e-05, 3.57018761861e-05, 2.31175581575e-05, 1.28286274048e-05, 8.72956752573e-06, 8.03650527814e-06, 9.89843374555e-06, 1.34646716106e-05, 1.45859030454e-05, 1.53932251123e-05, 1.4604599528e-05, 1.14761260193e-05, 9.21260107134e-06, 1.02577478174e-05, 1.08144040496e-05],
        "min": [3.17532567351e-07, 3.20423538369e-07, 1.03751108327e-06, 6.55058727261e-07, 1.14859778932e-06, 5.1388525435e-07, 2.84716804799e-07, 1.63517995588e-07, 6.73454565003e-07, 9.69227357928e-07, 3.18371093044e-07, 1.05389460714e-06, 7.55189773827e-07, 5.04172191995e-07, 5.57484952424e-07, 4.02006634204e-07, 2.55285868889e-07, 3.25177438754e-07, 2.56929354236e-07, 7.63080777233e-07, 1.19088792871e-06, 7.80889649832e-07, 9.73105102275e-07, 1.07900496005e-06, 1.19495825857e-06, 3.50598782006e-07, 4.70953750664e-07, 1.3775338914e-07, 2.5242331958e-07, 8.51918713352e-08, 7.98663606361e-08, 1.32796230901e-07, 2.37501467382e-07, 1.07252944304e-07, 1.54854532752e-07, 1.6409877901e-07, 2.23194604132e-07, 7.51320072823e-08, 3.77335425128e-08, 1.77941203106e-07],
        "stdev": [0.00259765260853, 0.00188218359835, 0.000899895792827, 0.000571769778617, 0.000458239548607, 0.000354559597326, 0.000151710453792, 0.000311105541186, 0.000215088351979, 0.000330632203259, 0.000286063441308, 0.000135044596391, 0.000255064398516, 8.20988134365e-05, 0.00013598370424, 8.88817739906e-05, 7.5901269156e-05, 6.28299894743e-05, 6.69326254865e-05, 6.57436685287e-05, 5.55467049708e-05, 4.5199325541e-05, 4.59066905023e-05, 4.48774590041e-05, 7.04420599504e-05, 9.0801557235e-05, 4.17275405198e-05, 1.92410243471e-05, 9.56353778747e-06, 7.21468586562e-06, 6.33775471215e-06, 7.78669891588e-06, 8.94606819202e-06, 8.88830891199e-06, 8.77559978107e-06, 9.14707015909e-06, 8.91875242814e-06, 6.96916686138e-06, 7.06218133928e-06, 7.37043455956e-06]
    },
    "melbands128": {
        "max": [0.014377862215, 0.0194958504289, 0.0208370834589, 0.0190161727369, 0.0170191321522, 0.0166850630194, 0.00873220246285, 0.0106867216527, 0.0116484705359, 0.00584707921371, 0.0120426630601, 0.00940558034927, 0.00825038086623, 0.00707972794771, 0.00882658362389, 0.0075870770961, 0.00294073531404, 0.00322650140151, 0.00449184281752, 0.0094281444326, 0.00242248619907, 0.00311926286668, 0.00520509527996, 0.00572933861986, 0.00880136340857, 0.00411920715123, 0.00444836216047, 0.00968240946531, 0.00664997799322, 0.00249300780706, 0.00307556334883, 0.00353348930366, 0.00471833813936, 0.002222196199, 0.00108723109588, 0.00131759233773, 0.00297717098147, 0.00172366155311, 0.0034822949674, 0.00214747223072, 0.00136973359622, 0.00142025342211, 0.00125815242063, 0.00257325195707, 0.0018083921168, 0.000871091440786, 0.00162450689822, 0.0012350610923, 0.00111530139111, 0.00168938853312, 0.00126454490237, 0.00053687550826, 0.000762219075114, 0.00158986169845, 0.00159361935221, 0.0012597409077, 0.000853188801557, 0.00104746234138, 0.00119533238467, 0.000775983848143, 0.000919692451134, 0.000764438242186, 0.000986205646768, 0.00200290186331, 0.00349629530683, 0.00357509450987, 0.00164276291616, 0.00133192294743, 0.00084242381854, 0.000370641326299, 0.000378952885512, 0.000216331784031, 0.000213808903936, 0.000102834230347, 8.41480723466e-05, 0.000103985592432, 8.59295178088e-05, 6.65910265525e-05, 7.60290204198e-05, 0.000129193242174, 0.000110447166662, 0.000156383321155, 0.000181290291948, 9.19610247365e-05, 0.000190053426195, 8.66850532475e-05, 0.000179502414539, 0.000137739334605, 0.00010052043217, 9.07224457478e-05, 0.000197717279661, 8.33526064525e-05, 0.000384677288821, 0.000129687337903, 5.30690704181e-05, 0.000197633227799, 6.19960483164e-05, 7.07292492734e-05, 0.000110609740659, 0.000147164289956, 9.85251099337e-05, 0.000131932203658, 8.17651962279e-05, 6.50200163363e-05, 4.23036326538e-05, 5.61403503525e-05, 3.8311631215e-05, 2.44505117735e-05, 1.83840693353e-05, 2.20990878006e-05, 2.05092601391e-05, 4.14224959968e-05, 3.52881215804e-05, 1.14780723379e-05, 8.51835102367e-06, 8.29293367133e-06, 2.05421611099e-06, 7.53725757363e-08, 7.24191977497e-08, 6.91395811714e-08, 6.64970443154e-08, 6.42042863319e-08, 6.22367295477e-08, 6.06343419918e-08, 5.93419038353e-08, 5.84173740492e-08, 5.7650044738e-08, 5.72509719632e-08],
        "mean": [0.000751966959797, 0.00266876723617, 0.00457958457991, 0.00387632939965, 0.00252799782902, 0.00169603677932, 0.00107969809324, 0.00101315742359, 0.000632628449239, 0.000342276965966, 0.000415539194364, 0.000324478605762, 0.000278931809589, 0.000417658651713, 0.0002616904967, 0.000105189930764, 7.07660874468e-05, 5.19025343237e-05, 8.60572981765e-05, 0.000162908385391, 8.13548831502e-05, 6.77710340824e-05, 0.000114520611532, 0.000199445086764, 0.000288854440441, 0.000119016804092, 0.000116763847473, 0.000146672944538, 9.42452534218e-05, 6.88212967361e-05, 6.84676415403e-05, 9.56164585659e-05, 0.000172552841832, 5.85345223953e-05, 2.90127445624e-05, 4.32512788393e-05, 8.1486752606e-05, 7.73373030825e-05, 0.000118707182992, 8.10217461549e-05, 2.99805724353e-05, 4.88051737193e-05, 4.38085553469e-05, 6.06471294304e-05, 7.2435461334e-05, 4.2475076043e-05, 3.51058006345e-05, 3.72405775124e-05, 5.68277864659e-05, 0.000110633169243, 3.88196604035e-05, 2.98731265502e-05, 3.78501863452e-05, 6.71970847179e-05, 5.19999448443e-05, 3.7650745071e-05, 4.17326882598e-05, 7.83167924965e-05, 5.57776329515e-05, 4.06362159993e-05, 5.87260365137e-05, 5.3244701121e-05, 4.07089319197e-05, 5.09638339281e-05, 6.56890188111e-05, 5.39468383067e-05, 4.7770965466e-05, 4.71754428872e-05, 2.70473974524e-05, 3.01921681967e-05, 2.55767972703e-05, 1.73337011802e-05, 1.75373334059e-05, 1.07777459561e-05, 9.6862186183e-06, 9.0776657089e-06, 8.50716787681e-06, 7.31646423446e-06, 7.76526303525e-06, 9.15588134376e-06, 8.90436149348e-06, 9.67772211879e-06, 1.2764224266e-05, 1.2657458683e-05, 1.60811669048e-05, 1.41112022902e-05, 1.46912288983e-05, 1.46752572618e-05, 1.48883154907e-05, 1.54997451318e-05, 1.82419316843e-05, 1.19183805509e-05, 1.33631347126e-05, 1.19743399409e-05, 9.71051122178e-06, 1.04942073449e-05, 7.95709365775e-06, 9.47292755882e-06, 1.04340597318e-05, 1.05598173832e-05, 1.07746518552e-05, 1.10205755846e-05, 1.1092690329e-05, 8.07785454526e-06, 6.43412795398e-06, 5.63335515835e-06, 3.59740010936e-06, 2.88326441478e-06, 2.64716049969e-06, 2.340135552e-06, 2.28037924899e-06, 2.10031544157e-06, 1.84855855423e-06, 1.27574480757e-06, 9.1510207767e-07, 5.21646029483e-07, 1.19008305433e-07, 3.88748921942e-10, 4.25454949049e-11, 4.04002907517e-11, 3.87651681588e-11, 3.74053114871e-11, 3.62334502679e-11, 3.52801156345e-11, 3.45434826576e-11, 3.40066655391e-11, 3.35718675082e-11, 3.33295786803e-11],
        "min": [4.67703706875e-08, 3.39797523452e-08, 4.55504391539e-07, 5.7365707562e-07, 2.74051899396e-07, 2.74874043527e-08, 5.4496577917e-08, 2.51611481872e-07, 3.79475579848e-08, 1.95255495328e-07, 1.3878388927e-07, 5.02379521095e-07, 1.44411757219e-07, 4.36054278907e-07, 4.10373104387e-07, 1.7064996527e-08, 3.63222696365e-08, 3.10815337912e-08, 2.26610161747e-08, 2.69060258518e-08, 7.07431695446e-08, 8.10732672107e-08, 9.74966383183e-08, 1.07092112955e-07, 1.66709099858e-07, 7.42448094115e-08, 2.87129715559e-08, 1.6363054911e-08, 3.19828608042e-08, 9.48679357293e-08, 2.16335905634e-07, 4.00159478886e-07, 9.22774603396e-08, 1.08204730509e-07, 3.14243564503e-08, 1.5749427007e-07, 1.6239707179e-07, 3.32658714797e-07, 2.0999186745e-07, 1.68467281014e-07, 1.76945746944e-07, 2.04295290018e-07, 1.61960784339e-07, 3.61681564698e-08, 7.95056678271e-08, 1.33368388333e-07, 9.70484421714e-08, 4.70746712722e-08, 9.75062022235e-08, 3.44651454043e-07, 4.01608787115e-07, 2.33555098816e-07, 3.63344099696e-07, 7.66003438457e-07, 4.48909133866e-07, 3.84783788832e-07, 7.96718993001e-08, 9.14379938877e-07, 1.56285136654e-06, 4.59357721638e-07, 1.00975489659e-06, 8.43634666126e-07, 7.43793179936e-07, 1.06378968212e-06, 3.87825792814e-07, 2.76981978686e-07, 1.94203877868e-07, 7.76755655352e-07, 3.92422464301e-07, 3.93377519003e-07, 8.48910346463e-08, 1.93185822894e-08, 1.73652878743e-07, 4.14946242699e-07, 1.91915745518e-07, 4.13797280885e-08, 2.91221224913e-09, 6.60790320239e-08, 7.00134279441e-08, 8.29695352422e-08, 2.81687171366e-08, 1.88710473026e-07, 3.09829829348e-07, 2.13562415752e-07, 2.48053794394e-07, 1.09967871254e-07, 6.79914293755e-08, 3.78825006919e-08, 2.26062752517e-07, 1.87437734667e-07, 1.08593859238e-07, 1.39895774964e-07, 2.61727052475e-07, 3.56152582981e-07, 8.79883046423e-08, 5.41407807475e-08, 1.01570698519e-07, 5.82851633624e-08, 3.64058081459e-08, 8.36780689184e-09, 9.98327251978e-08, 3.11649159812e-07, 1.00015348892e-07, 1.90516189491e-07, 9.2545867858e-08, 5.39185727177e-08, 4.67981990937e-08, 2.30433325754e-08, 3.07769383312e-08, 1.35809310464e-08, 3.18880175598e-08, 4.22435064706e-08, 2.99374853796e-08, 3.51789921638e-08, 6.61167565141e-10, 1.33066418995e-10, 7.02062160577e-13, 2.99961173521e-13, 1.77025860876e-13, 2.11205063313e-13, 1.96641504078e-13, 2.15560127257e-13, 2.1979758237e-13, 1.72404950559e-13, 1.98750290856e-13, 1.89904217568e-13, 1.99343417207e-13, 1.70442151603e-13],
        "stdev": [0.00133301108144, 0.00288314418867, 0.00421151332557, 0.00335745280609, 0.00243649841286, 0.0019061176572, 0.001110377023, 0.00122901343275, 0.000976149458438, 0.000527337309904, 0.00088091060752, 0.000668228138238, 0.00055846280884, 0.000701893121004, 0.000522913760506, 0.000273058336461, 0.000182007570402, 0.000152349792188, 0.000301224732539, 0.00059363222681, 0.0002110129426, 0.000181232913746, 0.00030483075534, 0.000377707736334, 0.000621685641818, 0.000291469390504, 0.000259753112914, 0.000461258605355, 0.000372883630916, 0.000165608464158, 0.000165678662597, 0.000234055929468, 0.000492711667903, 0.000134168672957, 6.34318203083e-05, 0.000104492006358, 0.000222981558181, 0.000152906082803, 0.000263554247795, 0.000183150259545, 5.88291914028e-05, 0.00010843747441, 8.48032505019e-05, 0.000147392114741, 0.000131327149575, 7.58982132538e-05, 7.98263063189e-05, 9.50401372393e-05, 8.89586954145e-05, 0.000175899345777, 7.26673024474e-05, 4.69102997158e-05, 6.02852014708e-05, 0.000114958260383, 9.44840503507e-05, 6.48118293611e-05, 5.30633842573e-05, 8.73384487932e-05, 7.26747166482e-05, 5.61317829124e-05, 6.90640881658e-05, 5.75818994548e-05, 6.4724641561e-05, 0.000100229946838, 0.000175895445864, 0.000162664495292, 8.88990980457e-05, 7.15843052603e-05, 4.88526820845e-05, 3.7188805436e-05, 3.00847077597e-05, 1.93115611182e-05, 1.86677934835e-05, 1.119103581e-05, 1.00303795989e-05, 9.81932680588e-06, 8.90011506272e-06, 7.49642958908e-06, 7.79295442044e-06, 9.37438653636e-06, 8.78131504578e-06, 1.04359069155e-05, 1.25216665765e-05, 9.79867490969e-06, 1.70205621544e-05, 1.12025454655e-05, 1.23856716527e-05, 1.18446650959e-05, 1.10348810267e-05, 1.12349707706e-05, 1.65567034855e-05, 8.85093231773e-06, 1.77496367542e-05, 1.12849274956e-05, 7.51820743972e-06, 1.33518387884e-05, 6.61786907585e-06, 7.46772184357e-06, 9.14461543289e-06, 9.88064493868e-06, 8.88053455128e-06, 9.39716755965e-06, 8.62927026901e-06, 6.16097759121e-06, 5.09617711941e-06, 5.36645711691e-06, 3.38040536008e-06, 2.45239198193e-06, 2.17018509829e-06, 2.03911554308e-06, 2.19141634261e-06, 2.43362433139e-06, 2.20854280997e-06, 1.2008944168e-06, 9.30920862174e-07, 6.66993400955e-07, 1.85129465535e-07, 2.40845143828e-09, 1.58069712874e-09, 1.50894252648e-09, 1.45116074712e-09, 1.40111000579e-09, 1.35815969582e-09, 1.3231770124e-09, 1.29496025014e-09, 1.27477750578e-09, 1.25803689688e-09, 1.24932786338e-09]
    },
    "mfcc": {
        "mean": [-564.974853516, 59.1596984863, 14.0175447464, 24.2636165619, 24.002122879, 6.59139060974, 10.4136734009, 15.5154504776, -0.470061421394, 6.94081687927, 2.73789310455, -3.86573076248, 0.297490417957],
        "cov": [[398.050964355, 16.6636695862, -25.2075309753, -1.21210849285, -3.30058813095, 50.5764884949, -14.4187011719, -12.1641197205, 18.7628383636, -2.49977612495, -11.3319377899, 14.8405685425, -10.3834133148], [16.6636695862, 256.14465332, -24.4888362885, -53.8161582947, -42.4715881348, -6.04418039322, 55.2572441101, 27.8898029327, -24.6270008087, 13.700097084, 13.8421573639, 0.397667944431, 10.8880109787], [-25.2075309753, -24.4888362885, 202.948730469, 91.2292175293, 37.840259552, 42.8220443726, 24.9175281525, 14.0116128922, 28.3567066193, -17.3570957184, 11.7200012207, 33.6298179626, 12.8484134674], [-1.21210849285, -53.8161582947, 91.2292175293, 191.555130005, 90.5262069702, 1.89873468876, -24.7670688629, -6.60537242889, 21.0922088623, 8.01404094696, 4.16349220276, 10.0644817352, 20.2347812653], [-3.30058813095, -42.4715881348, 37.840259552, 90.5262069702, 143.511566162, 46.3657493591, -30.3523979187, -9.41387939453, 26.9607753754, -0.334790170193, -8.75118160248, -6.38201141357, -6.02758789062], [50.5764884949, -6.04418039322, 42.8220443726, 1.89873468876, 46.3657493591, 156.946960449, 77.7567367554, 35.0787811279, 22.7968845367, 1.01988232136, 4.4715886116, 17.4187602997, -9.26883602142], [-14.4187011719, 55.2572441101, 24.9175281525, -24.7670688629, -30.3523979187, 77.7567367554, 179.285690308, 77.4630966187, -18.4458656311, 1.76212000847, 23.9649658203, 13.932434082, 4.3420419693], [-12.1641197205, 27.8898029327, 14.0116128922, -6.60537242889, -9.41387939453, 35.0787811279, 77.4630966187, 101.568466187, 21.3699207306, 5.4740858078, 13.4462337494, 4.65417480469, 1.92621588707], [18.7628383636, -24.6270008087, 28.3567066193, 21.0922088623, 26.9607753754, 22.7968845367, -18.4458656311, 21.3699207306, 98.1644210815, 26.9718933105, 3.54542851448, 14.4477052689, -5.63558721542], [-2.49977612495, 13.700097084, -17.3570957184, 8.01404094696, -0.334790170193, 1.01988232136, 1.76212000847, 5.4740858078, 26.9718933105, 92.3096313477, 28.1166667938, -0.291167289019, 7.27149248123], [-11.3319377899, 13.8421573639, 11.7200012207, 4.16349220276, -8.75118160248, 4.4715886116, 23.9649658203, 13.4462337494, 3.54542851448, 28.1166667938, 65.1650695801, 24.0980796814, -0.523441851139], [14.8405685425, 0.397667944431, 33.6298179626, 10.0644817352, -6.38201141357, 17.4187602997, 13.932434082, 4.65417480469, 14.4477052689, -0.291167289019, 24.0980796814, 71.2157058716, 28.7604122162], [-10.3834133148, 10.8880109787, 12.8484134674, 20.2347812653, -6.02758789062, -9.26883602142, 4.3420419693, 1.92621588707, -5.63558721542, 7.27149248123, -0.523441851139, 28.7604122162, 73.9979248047]],
        "icov": [[0.00300428899936, -0.000532255915459, 0.000991296721622, -0.00106653012335, 0.0013175518252, -0.00199384568259, 0.000935685064178, 0.000430431973655, -0.000509733858053, 0.00031198762008, 0.000657497090288, -0.000953052076511, 0.000716460694093], [-0.000532255915459, 0.00475568603724, -0.000294605473755, 0.0014614588581, -0.000396235642256, 0.00116256938782, -0.00135294802021, -0.000746170931961, 0.00100058701355, -0.000957483018283, -0.000373705493985, 0.00027304168907, -0.000849235919304], [0.000991296721622, -0.000294605473755, 0.00820530299097, -0.00452076457441, 0.00156281096861, -0.00223389291205, -0.000692731351592, 0.000763976655435, -0.00236004614271, 0.00296141323633, -0.000931953021791, -0.00191458908375, 0.000128994986881], [-0.00106653012335, 0.0014614588581, -0.00452076457441, 0.0113191502169, -0.00729030370712, 0.00386996776797, -0.000809031364042, -0.000524395203684, 0.000850287557114, -0.00194572994951, -0.000637493852992, 0.000445153098553, -0.00264451513067], [0.0013175518252, -0.000396235642256, 0.00156281096861, -0.00729030370712, 0.0147315897048, -0.00720662809908, 0.00401749229059, 0.000514415034559, -0.00165453576483, 0.00146692129783, 1.01974528661e-05, 0.00227430998348, 0.000859498686623], [-0.00199384568259, 0.00116256938782, -0.00223389291205, 0.00386996776797, -0.00720662809908, 0.0138032082468, -0.00720125436783, 0.000259774620645, -0.00135995354503, -0.00135359214619, 0.00191263377201, -0.00270878989249, 0.00153230596334], [0.000935685064178, -0.00135294802021, -0.000692731351592, -0.000809031364042, 0.00401749229059, -0.00720125436783, 0.0142310047522, -0.00826700404286, 0.00513749429956, -0.000465349818114, -0.00183599838056, -0.000298245402519, 1.71863448486e-05], [0.000430431973655, -0.000746170931961, 0.000763976655435, -0.000524395203684, 0.000514415034559, 0.000259774620645, -0.00826700404286, 0.0177675113082, -0.00705974036828, 0.00225644512102, -0.00211029686034, 0.00287357228808, -0.00161321193445], [-0.000509733858053, 0.00100058701355, -0.00236004614271, 0.000850287557114, -0.00165453576483, -0.00135995354503, 0.00513749429956, -0.00705974036828, 0.0170159656554, -0.006683872547, 0.00348308775574, -0.00537753337994, 0.00360312219709], [0.00031198762008, -0.000957483018283, 0.00296141323633, -0.00194572994951, 0.00146692129783, -0.00135359214619, -0.000465349818114, 0.00225644512102, -0.006683872547, 0.0166435278952, -0.00899497885257, 0.00537770101801, -0.00417724717408], [0.000657497090288, -0.000373705493985, -0.000931953021791, -0.000637493852992, 1.01974528661e-05, 0.00191263377201, -0.00183599838056, -0.00211029686034, 0.00348308775574, -0.00899497885257, 0.0246652569622, -0.0113360909745, 0.00661604385823], [-0.000953052076511, 0.00027304168907, -0.00191458908375, 0.000445153098553, 0.00227430998348, -0.00270878989249, -0.000298245402519, 0.00287357228808, -0.00537753337994, 0.00537770101801, -0.0113360909745, 0.0252035986632, -0.0109884832054], [0.000716460694093, -0.000849235919304, 0.000128994986881, -0.00264451513067, 0.000859498686623, 0.00153230596334, 1.71863448486e-05, -0.00161321193445, 0.00360312219709, -0.00417724717408, 0.00661604385823, -0.0109884832054, 0.0197455901653]]
    },
    "spectral_contrast_coeffs": {
        "max": [-0.431081801653, -0.467150866985, -0.494773715734, -0.623124539852, -0.598756551743, -0.720493853092],
        "mean": [-0.742233276367, -0.752895057201, -0.763761878014, -0.775623142719, -0.759950757027, -0.801296532154],
        "min": [-0.893160283566, -0.919737994671, -0.901555836201, -0.89256811142, -0.851461827755, -0.861570358276],
        "stdev": [0.0621904097497, 0.0746151059866, 0.0707721784711, 0.0469477884471, 0.0395237319171, 0.0201962832361]
    },
    "spectral_contrast_valleys": {
        "max": [-5.20201587677, -5.13761758804, -5.69635009766, -5.89998817444, -5.70825147629, -7.70267105103],
        "mean": [-6.22405195236, -6.94322490692, -7.24864053726, -7.10396957397, -6.61439085007, -8.37877464294],
        "min": [-9.86273670197, -8.93961334229, -9.02606391907, -8.69869422913, -8.45065689087, -10.5185728073],
        "stdev": [0.53953486681, 0.464602023363, 0.458192676306, 0.372463703156, 0.306306272745, 0.303001850843]
    }
},
"rhythm": {
    "beats_count": 139,
    "beats_loudness": {
        "max": 0.0610818602145,
        "mean": 0.0390973836184,
        "min": 0.0106664858758,
        "stdev": 0.00954291876405
    },
    "bpm": 172.265670776,
    "bpm_histogram_first_peak_bpm": 172,
    "bpm_histogram_first_peak_weight": 0,
    "bpm_histogram_second_peak_bpm": 167,
    "bpm_histogram_second_peak_spread": 0,
    "bpm_histogram_second_peak_weight": 0.101449273527,
    "danceability": 1.26077282429,
    "onset_rate": 2.625,
    "beats_loudness_band_ratio": {
        "max": [0.767135500908, 0.325910717249, 0.447603851557, 0.446714252234, 0.404071629047, 0.503199577332],
        "mean": [0.468335092068, 0.0894214734435, 0.0796608924866, 0.0737578198314, 0.124666064978, 0.187239825726],
        "min": [0.00341142062098, 0.00859944429249, 0.0074543976225, 0.00843448191881, 0.0198754835874, 0.0730665773153],
        "stdev": [0.179469302297, 0.0740895494819, 0.0799174010754, 0.0671130120754, 0.0677421167493, 0.0748064592481]
    },
