{
"metadata": {
    "version": {
        "essentia": "2.1-beta5",
        "essentia_git_sha": "Undefined",
        "extractor": "music 2.0"
    },
    "audio_properties": {
        "analysis": {
            "equal_loudness": 0,
            "length": 48.7502937317,
            "sample_rate": 44100,
            "start_time": 93.9943771362,
            "downmix": "mix"
        },
        "bit_rate": 192000,
        "length": 172.129547119,
        "lossless": 0,
        "number_channels": 2,
        "replay_gain": -6.71494102478,
        "sample_rate": 48000,
        "codec": "mp3",
        "md5_encoded": "564a6a752cb615ccfe98cd1d173a9abd"
    },
    "tags": {
        "file_name": "Portugal_Dança Comigo (vem Ser Feliz)_Sabrina.mp3",
        "encoding": ["Lavf58.29.100"]
    }
},
"lowlevel": {
    "average_loudness": 0.973243713379,
    "barkbands_crest": {
        "max": 22.3384380341,
        "mean": 10.068769455,
        "min": 3.0997941494,
        "stdev": 3.78677606583
    },
    "barkbands_flatness_db": {
        "max": 0.233693122864,
        "mean": 0.102809384465,
        "min": 0.0283232070506,
        "stdev": 0.0314787477255
    },
    "barkbands_kurtosis": {
        "max": 53.8280944824,
        "mean": 2.56350874901,
        "min": -1.92140007019,
        "stdev": 4.22547340393
    },
    "barkbands_skewness": {
        "max": 6.863260746,
        "mean": 1.52480947971,
        "min": -0.445127129555,
        "stdev": 0.891353070736
    },
    "barkbands_spread": {
        "max": 107.238853455,
        "mean": 33.1901245117,
        "min": 4.27832078934,
        "stdev": 16.4807777405
    },
    "dissonance": {
        "max": 0.499997258186,
        "mean": 0.471620708704,
        "min": 0.276455491781,
        "stdev": 0.0225118827075
    },
    "dynamic_complexity": 2.15547347069,
    "erbbands_crest": {
        "max": 27.9271621704,
        "mean": 7.93309926987,
        "min": 2.36492538452,
        "stdev": 4.40690946579
    },
    "erbbands_flatness_db": {
        "max": 0.280153274536,
        "mean": 0.119249388576,
        "min": 0.0517881587148,
        "stdev": 0.0351622141898
    },
    "erbbands_kurtosis": {
        "max": 12.2608699799,
        "mean": -0.132108390331,
        "min": -1.68388044834,
        "stdev": 1.45899522305
    },
    "erbbands_skewness": {
        "max": 2.71387577057,
        "mean": 0.17381939292,
        "min": -1.93372619152,
        "stdev": 0.699669063091
    },
    "erbbands_spread": {
        "max": 134.985198975,
        "mean": 56.1915893555,
        "min": 6.82571458817,
        "stdev": 22.2734165192
    },
    "hfc": {
        "max": 132.369354248,
        "mean": 30.7375965118,
        "min": 1.84572327137,
        "stdev": 17.7993545532
    },
    "loudness_ebu128": {
        "integrated": -15.7514953613,
        "loudness_range": 2.18562412262,
        "momentary": {
            "max": -13.1626005173,
            "mean": -15.9032583237,
            "min": -19.3290462494,
            "stdev": 1.15742838383
        },
        "short_term": {
            "max": -14.5997495651,
            "mean": -15.777217865,
            "min": -17.2711772919,
            "stdev": 0.695491492748
        }
    },
    "melbands_crest": {
        "max": 30.9813480377,
        "mean": 13.9268627167,
        "min": 4.72190523148,
        "stdev": 4.35654020309
    },
    "melbands_flatness_db": {
        "max": 0.329991340637,
        "mean": 0.163001418114,
        "min": 0.0556319728494,
        "stdev": 0.0402495451272
    },
    "melbands_kurtosis": {
        "max": 193.274871826,
        "mean": 16.3069801331,
        "min": -0.625773906708,
        "stdev": 15.745970726
    },
    "melbands_skewness": {
        "max": 11.5847043991,
        "mean": 3.2144010067,
        "min": -0.807858705521,
        "stdev": 1.6319797039
    },
    "melbands_spread": {
        "max": 93.0005722046,
        "mean": 26.3336772919,
        "min": 2.17079687119,
        "stdev": 13.8051738739
    },
    "pitch_salience": {
        "max": 0.831073284149,
        "mean": 0.552899777889,
        "min": 0.191060498357,
        "stdev": 0.0971247181296
    },
    "silence_rate_20dB": {
        "max": 1,
        "mean": 1,
        "min": 1,
        "stdev": 0
    },
    "silence_rate_30dB": {
        "max": 1,
        "mean": 1,
        "min": 1,
        "stdev": 0
    },
    "silence_rate_60dB": {
        "max": 1,
        "mean": 0.000951927679125,
        "min": 0,
        "stdev": 0.0308384634554
    },
    "spectral_centroid": {
        "max": 3647.16357422,
        "mean": 1633.42773438,
        "min": 414.182373047,
        "stdev": 539.892883301
    },
    "spectral_complexity": {
        "max": 54,
        "mean": 22.4745349884,
        "min": 3,
        "stdev": 7.92358636856
    },
    "spectral_decrease": {
        "max": -3.17498721758e-10,
        "mean": -7.81027154062e-09,
        "min": -2.85766716956e-08,
        "stdev": 4.17384615758e-09
    },
    "spectral_energy": {
        "max": 0.112469293177,
        "mean": 0.0322657860816,
        "min": 0.00136572576594,
        "stdev": 0.0166524723172
    },
    "spectral_energyband_high": {
        "max": 0.0125853214413,
        "mean": 0.00196583406068,
        "min": 3.21619481838e-05,
        "stdev": 0.00168662320357
    },
    "spectral_energyband_low": {
        "max": 0.0824205726385,
        "mean": 0.0106680942699,
        "min": 1.98747093236e-05,
        "stdev": 0.0102299805731
    },
    "spectral_energyband_middle_high": {
        "max": 0.062034919858,
        "mean": 0.00650116521865,
        "min": 0.000342027458828,
        "stdev": 0.00808972585946
    },
    "spectral_energyband_middle_low": {
        "max": 0.0869554132223,
        "mean": 0.0143136838451,
        "min": 0.000269563286565,
        "stdev": 0.0114104468375
    },
    "spectral_entropy": {
        "max": 8.6650094986,
        "mean": 7.93200969696,
        "min": 6.88765764236,
        "stdev": 0.293240278959
    },
    "spectral_flux": {
        "max": 0.274854272604,
        "mean": 0.102431319654,
        "min": 0.0278394632041,
        "stdev": 0.0380711592734
    },
    "spectral_kurtosis": {
        "max": 16.4919662476,
        "mean": 2.11997580528,
        "min": -1.18871366978,
        "stdev": 1.29681503773
    },
    "spectral_rms": {
        "max": 0.010475024581,
        "mean": 0.00541525706649,
        "min": 0.00115430296864,
        "stdev": 0.00146758975461
    },
    "spectral_rolloff": {
        "max": 12489.2578125,
        "mean": 1970.30566406,
        "min": 107.666015625,
        "stdev": 1831.89050293
    },
    "spectral_skewness": {
        "max": 3.1869134903,
        "mean": 1.21531891823,
        "min": 0.451253294945,
        "stdev": 0.276826053858
    },
    "spectral_spread": {
        "max": 15824927,
        "mean": 6106018.5,
        "min": 2955905.75,
        "stdev": 1545923
    },
    "spectral_strongpeak": {
        "max": 7.35747480392,
        "mean": 1.00830352306,
        "min": 0.0245928913355,
        "stdev": 1.22230315208
    },
    "zerocrossingrate": {
        "max": 0.30078125,
        "mean": 0.0846618339419,
        "min": 0.0146484375,
        "stdev": 0.0353078134358
    },
    "barkbands": {
        "max": [0.00163549219724, 0.059302918613, 0.042446307838, 0.0304340310395, 0.0486592948437, 0.0680298358202, 0.0377345383167, 0.040287617594, 0.0472893677652, 0.054460927844, 0.0443672761321, 0.0583916790783, 0.0141462292522, 0.0182077214122, 0.0100311748683, 0.0137303974479, 0.00636899610981, 0.00407311040908, 0.0036074235104, 0.0040382691659, 0.00320384441875, 0.00216086441651, 0.00255110114813, 0.00391266308725, 0.00940136332065, 0.00143319915514, 8.58341227286e-05],
        "mean": [0.000103889040474, 0.00656282249838, 0.0030146704521, 0.00203715451062, 0.00410087360069, 0.00405896967277, 0.000840785622131, 0.000867611961439, 0.00208001025021, 0.00120508496184, 0.00127032585442, 0.000949356122874, 0.000462148862425, 0.000415315385908, 0.000469865481136, 0.000426388578489, 0.000334226118866, 0.000432204134995, 0.000463236734504, 0.000517409411259, 0.000267669034656, 0.000271591939963, 0.000363797502359, 0.000401516328566, 0.000278921535937, 6.57420168864e-05, 4.20706919613e-06],
        "min": [5.22155367833e-08, 2.05407513931e-06, 2.73654768534e-06, 1.03590832623e-06, 1.97285426111e-05, 4.87613851874e-06, 7.51534207666e-06, 4.75888919027e-06, 1.26113582155e-05, 7.23144285075e-06, 9.64513310464e-06, 6.00334487899e-06, 7.21249625713e-06, 5.51913399249e-06, 8.56119731907e-06, 9.66357856669e-06, 3.53866198566e-06, 1.25359092635e-05, 1.70230996446e-05, 1.53723740368e-05, 1.01231000826e-06, 9.42154201766e-07, 5.08079438077e-06, 5.97456028117e-06, 8.0163556504e-07, 2.11344229228e-07, 2.53122567351e-09],
        "stdev": [0.00014914876374, 0.00773644447327, 0.00409128936008, 0.003162242705, 0.00532879587263, 0.0061899186112, 0.00235072243959, 0.00239541893825, 0.00449691992253, 0.00391927268356, 0.00332848588005, 0.00295623741113, 0.000933020957746, 0.000984553946182, 0.000831643526908, 0.000755600573029, 0.000473639462143, 0.000443495577201, 0.000458414084278, 0.000440544157755, 0.000308730843244, 0.000277131650364, 0.000393392663682, 0.000359388737706, 0.000450711668236, 0.000102401245385, 7.9030287452e-06]
    },
    "erbbands": {
        "max": [1.376922369, 16.1868667603, 45.2352981567, 81.3519058228, 173.743667603, 165.69909668, 522.285339355, 717.453613281, 565.233825684, 536.272521973, 985.901123047, 1029.13366699, 1341.94335938, 1408.10913086, 1757.2421875, 1210.85571289, 677.002990723, 715.123779297, 1061.40710449, 390.822937012, 874.97088623, 346.088195801, 219.971069336, 213.420822144, 237.010696411, 173.961120605, 211.025695801, 105.651603699, 86.7341537476, 76.4064483643, 92.4619293213, 50.53150177, 78.6263580322, 162.739501953, 40.9750099182, 8.19137859344, 2.51358246803, 0.19160489738, 0.0129341203719, 0.000422875105869],
        "mean": [0.138043552637, 1.63232111931, 3.71826076508, 5.36731672287, 9.45498466492, 13.8401679993, 27.3088569641, 33.1788368225, 14.1207580566, 15.0949192047, 21.3582286835, 47.9639320374, 43.0500221252, 41.2055931091, 54.1641769409, 34.7738609314, 23.1069374084, 19.9530353546, 26.1699752808, 23.2057781219, 22.1020698547, 17.9449291229, 21.0908336639, 29.013004303, 20.0366592407, 26.1362094879, 13.5479249954, 10.6030397415, 8.88359451294, 9.64031600952, 11.2957334518, 8.68583679199, 6.38220739365, 3.67914485931, 1.74604427814, 0.45807158947, 0.0959474220872, 0.0115169938654, 0.000814085593447, 6.52744056424e-05],
        "min": [3.75716917915e-05, 0.00131899979897, 0.00360604911111, 0.028840797022, 0.088786482811, 0.0555503256619, 0.0542200170457, 0.107733391225, 0.111344344914, 0.0941272079945, 0.262782216072, 0.371794074774, 0.368670463562, 0.496436566114, 0.650490760803, 0.40108537674, 0.457750558853, 0.435325324535, 0.693718731403, 0.709790706635, 0.521617352962, 0.261565774679, 0.475963294506, 1.19291949272, 0.764667391777, 0.722944140434, 0.256031423807, 0.0399706400931, 0.0294823627919, 0.0716559737921, 0.174557223916, 0.13111063838, 0.0853146538138, 0.0208702925593, 0.00375806191005, 0.00129287724849, 0.000370535592083, 7.53844287829e-05, 9.66681818682e-06, 3.10777818413e-06],
        "stdev": [0.17686085403, 1.95273351669, 4.48081827164, 7.20299196243, 14.93775177, 17.0585689545, 46.9001350403, 59.3071479797, 33.7323074341, 41.9919433594, 52.0253219604, 103.159469604, 120.95866394, 112.129180908, 131.639511108, 94.7586364746, 43.796459198, 38.3560371399, 57.9165458679, 32.8869857788, 38.6467170715, 24.4754428864, 21.4094638824, 26.9136867523, 19.1873683929, 22.1505737305, 15.0673103333, 11.9461183548, 9.13439464569, 9.66173267365, 12.6448287964, 7.65043878555, 6.41726016998, 6.1693611145, 2.83303165436, 0.708894431591, 0.155845671892, 0.0189060084522, 0.00145934743341, 4.95110798511e-05]
    },
    "gfcc": {
        "mean": [49.5825691223, 63.3140525818, -103.533996582, 45.8849105835, -63.5327224731, 24.9242401123, -41.4105148315, 15.3447704315, -31.5632247925, -1.22516703606, -13.4909858704, 0.408438444138, -7.63345241547],
        "cov": [[1005.0435791, -178.121032715, 18.8108253479, -88.0400543213, -17.7368240356, 8.43861961365, 16.5803604126, 13.6798238754, 7.60660600662, 43.36170578, -24.4052085876, 10.8280439377, -22.6327838898], [-178.121032715, 460.602722168, -165.822219849, -79.1730728149, 14.6460037231, -32.207572937, 75.7665939331, 7.29298019409, 18.8648643494, -47.8661460876, 78.4465713501, -28.4173583984, 32.8294906616], [18.8108253479, -165.822219849, 419.347595215, 159.010467529, 35.2929954529, 41.0616073608, -66.0069198608, 0.16072268784, -8.26206207275, 42.8934173584, -54.7710647583, 31.2686710358, -11.8042554855], [-88.0400543213, -79.1730728149, 159.010467529, 393.92489624, 95.6979980469, 56.0781288147, -23.2888088226, -19.4061031342, 9.19148445129, -10.6833772659, -54.0235481262, 27.1798057556, 5.41626882553], [-17.7368240356, 14.6460037231, 35.2929954529, 95.6979980469, 212.398330688, 117.152885437, 64.9134292603, 41.1676750183, 1.63552904129, -0.268864542246, -32.8843269348, -22.2638835907, 1.22463750839], [8.43861961365, -32.207572937, 41.0616073608, 56.0781288147, 117.152885437, 232.331619263, 129.415176392, 21.0888729095, -44.9683609009, 10.0729598999, -13.2138214111, -37.989780426, -14.7099533081], [16.5803604126, 75.7665939331, -66.0069198608, -23.2888088226, 64.9134292603, 129.415176392, 186.767990112, 37.5476837158, -21.293340683, -8.13891887665, 19.5605258942, -32.4277381897, -19.4450283051], [13.6798238754, 7.29298019409, 0.16072268784, -19.4061031342, 41.1676750183, 21.0888729095, 37.5476837158, 111.055358887, 52.2481002808, 14.6273832321, 7.35196352005, -3.47253155708, 10.9025325775], [7.60660600662, 18.8648643494, -8.26206207275, 9.19148445129, 1.63552904129, -44.9683609009, -21.293340683, 52.2481002808, 106.738639832, 29.4889202118, 5.80771493912, 12.0004577637, 11.4278802872], [43.36170578, -47.8661460876, 42.8934173584, -10.6833772659, -0.268864542246, 10.0729598999, -8.13891887665, 14.6273832321, 29.4889202118, 86.8214416504, 22.1153240204, 7.90742731094, -10.7457494736], [-24.4052085876, 78.4465713501, -54.7710647583, -54.0235481262, -32.8843269348, -13.2138214111, 19.5605258942, 7.35196352005, 5.80771493912, 22.1153240204, 94.3436584473, 21.1218929291, 10.5998325348], [10.8280439377, -28.4173583984, 31.2686710358, 27.1798057556, -22.2638835907, -37.989780426, -32.4277381897, -3.47253155708, 12.0004577637, 7.90742731094, 21.1218929291, 66.6212692261, 22.0754947662], [-22.6327838898, 32.8294906616, -11.8042554855, 5.41626882553, 1.22463750839, -14.7099533081, -19.4450283051, 10.9025325775, 11.4278802872, -10.7457494736, 10.5998325348, 22.0754947662, 62.9824714661]],
        "icov": [[0.00115147198085, 0.000498648383655, 1.06405414044e-05, 0.000390937697375, -6.48241693852e-05, 0.000188130114111, -0.000530417193659, 0.000160834984854, -0.000191026440007, -0.000357101031113, 0.000387852545828, -0.000351811409928, 7.60621014706e-06], [0.000498648383655, 0.00445630261675, -8.17257532617e-05, 0.000348686153302, -0.00147086079232, 0.00220626941882, -0.00254922336899, 0.00192106037866, -0.00197301758453, 0.00258681015112, -0.00425154063851, 0.00356637150981, -0.00249979970977], [1.06405414044e-05, -8.17257532617e-05, 0.0039519960992, -0.00112317432649, 0.000369653454982, -0.00135444046464, 0.00199558632448, -0.00155987078324, 0.00164676934946, -0.0022908593528, 0.00218635611236, -0.00230659078807, 0.00119715835899], [0.000390937697375, 0.000348686153302, -0.00112317432649, 0.00416322750971, -0.00165859411936, -0.00100252532866, 0.000175758759724, 0.00208103144541, -0.00217322842218, 0.00157535716426, 0.000851196236908, -0.00213310867548, 0.00014984011068], [-6.48241693852e-05, -0.00147086079232, 0.000369653454982, -0.00165859411936, 0.00858953502029, -0.00389879033901, 0.000406038132496, -0.00303582660854, 0.000420362368459, -0.00113725021947, 0.00342016667128, -0.000392536952859, -0.000179753813427], [0.000188130114111, 0.00220626941882, -0.00135444046464, -0.00100252532866, -0.00389879033901, 0.012996185571, -0.00826975889504, 0.000628647743724, 0.00371797941625, -0.00255061383359, -0.00144723511767, 0.00533448951319, -0.00353686651215], [-0.000530417193659, -0.00254922336899, 0.00199558632448, 0.000175758759724, 0.000406038132496, -0.00826975889504, 0.0142802949995, -0.00457825232297, 0.00145041255746, 0.00160390010569, -0.0010594909545, -0.00184701033868, 0.00559526588768], [0.000160834984854, 0.00192106037866, -0.00155987078324, 0.00208103144541, -0.00303582660854, 0.000628647743724, -0.00457825232297, 0.0166747793555, -0.00965824909508, 0.00193720695097, -0.00252254982479, 0.00222339946777, -0.00378076964989], [-0.000191026440007, -0.00197301758453, 0.00164676934946, -0.00217322842218, 0.000420362368459, 0.00371797941625, 0.00145041255746, -0.00965824909508, 0.0188480913639, -0.00793070439249, 0.00353870843537, -0.00169721664861, -0.000338496407494], [-0.000357101031113, 0.00258681015112, -0.0022908593528, 0.00157535716426, -0.00113725021947, -0.00255061383359, 0.00160390010569, 0.00193720695097, -0.00793070439249, 0.0197719018906, -0.00874083954841, 0.00138669845182, 0.0033421178814], [0.000387852545828, -0.00425154063851, 0.00218635611236, 0.000851196236908, 0.00342016667128, -0.00144723511767, -0.0010594909545, -0.00252254982479, 0.00353870843537, -0.00874083954841, 0.0214568190277, -0.0100389011204, 0.000171213294379], [-0.000351811409928, 0.00356637150981, -0.00230659078807, -0.00213310867548, -0.000392536952859, 0.00533448951319, -0.00184701033868, 0.00222339946777, -0.00169721664861, 0.00138669845182, -0.0100389011204, 0.0270339399576, -0.00917722005397], [7.60621014706e-06, -0.00249979970977, 0.00119715835899, 0.00014984011068, -0.000179753813427, -0.00353686651215, 0.00559526588768, -0.00378076964989, -0.000338496407494, 0.0033421178814, 0.000171213294379, -0.00917722005397, 0.022773494944]]
    },
    "melbands": {
        "max": [0.0153773166239, 0.0195437204093, 0.0125653194264, 0.0109806740656, 0.0162762720138, 0.0146660385653, 0.00746042327955, 0.00552823673934, 0.00775720179081, 0.00705942325294, 0.00674169138074, 0.00658074393868, 0.00618884665892, 0.00777360238135, 0.00212736451067, 0.00185848260298, 0.00121163099539, 0.00228830403648, 0.000977221759968, 0.000561124528758, 0.0010820889147, 0.000491801009048, 0.000289077142952, 0.000226232805289, 0.000184283475392, 0.000210112208151, 9.3761664175e-05, 0.000142403019709, 0.000215727282921, 5.99523445999e-05, 7.18995142961e-05, 4.56555317214e-05, 5.11599100719e-05, 4.09994318034e-05, 5.7363515225e-05, 3.95622773794e-05, 3.23756503349e-05, 4.82436116727e-05, 9.69773536781e-05, 0.000184843709576],
        "mean": [0.00156869704369, 0.00204374920577, 0.00105013267603, 0.000845952599775, 0.000894793076441, 0.000730649742763, 0.000200889728148, 0.000170671599335, 0.000184777964023, 0.000316336809192, 0.000212615093915, 0.00016368481738, 0.000177360678208, 0.000126049097162, 6.34111202089e-05, 4.36089394498e-05, 3.57190729119e-05, 4.19037278334e-05, 3.36778830388e-05, 3.1879186281e-05, 2.41573488893e-05, 1.91353938135e-05, 1.60448162205e-05, 2.20514284592e-05, 2.41284378717e-05, 1.53795044753e-05, 1.40837073559e-05, 1.84747168532e-05, 9.69233315118e-06, 5.26321991856e-06, 6.53665119899e-06, 4.71633529742e-06, 5.51857556275e-06, 5.07167442265e-06, 6.32106321063e-06, 5.94341236138e-06, 5.38033100383e-06, 4.31284934166e-06, 4.00182989324e-06, 2.98510349239e-06],
        "min": [4.8909510042e-07, 1.71629642409e-06, 7.68798599893e-06, 4.99828456668e-06, 1.85834051081e-06, 2.43533327193e-06, 9.87479438663e-07, 8.85850568011e-07, 2.55749478129e-06, 2.35359539147e-06, 1.65657831985e-06, 1.78330503786e-06, 1.22990184082e-06, 6.14121347553e-07, 9.7996689874e-07, 6.74947330026e-07, 5.46123942513e-07, 5.90854142501e-07, 7.48087586544e-07, 7.55738653879e-07, 6.01929912136e-07, 1.86004399438e-07, 3.02246149886e-07, 5.99802035595e-07, 7.95967878275e-07, 6.07675417541e-07, 4.86367412122e-07, 4.79551317767e-07, 1.48824042867e-07, 2.51545433372e-08, 1.45482870195e-08, 1.76784933359e-08, 1.80071761946e-08, 4.07182021434e-08, 9.57014449909e-08, 8.67673435323e-08, 8.97188456861e-08, 5.19870759774e-08, 5.38356275115e-08, 7.25685378455e-09],
        "stdev": [0.00188374123536, 0.00216652289964, 0.00135973631404, 0.00110608537216, 0.0014179518912, 0.00122550770175, 0.000482872594148, 0.000469701277325, 0.000438967603259, 0.000705465849023, 0.000629022717476, 0.000473248248454, 0.000443660479505, 0.000387739448342, 0.00016049927217, 9.27276341827e-05, 7.32326079742e-05, 0.000109018510557, 6.01467691013e-05, 5.5980613979e-05, 4.70417980978e-05, 2.91967880912e-05, 2.01981583814e-05, 2.31017074839e-05, 2.39371765929e-05, 1.73472599272e-05, 1.28873862195e-05, 1.6967072952e-05, 1.25382084661e-05, 6.63058699502e-06, 7.48028651287e-06, 5.04858599015e-06, 5.84662120673e-06, 5.44214117326e-06, 7.48634420233e-06, 6.25073516858e-06, 4.66916253572e-06, 4.1508387767e-06, 5.21427000422e-06, 5.98217229708e-06]
    },
    "melbands128": {
        "max": [0.00127993372735, 0.00995591003448, 0.0263703428209, 0.0321553349495, 0.0270728487521, 0.0219919737428, 0.0194158479571, 0.0195794925094, 0.02303381823, 0.0127483196557, 0.0088229700923, 0.0199839491397, 0.0255464557558, 0.0203898027539, 0.0268768072128, 0.0164049081504, 0.0137150622904, 0.00787833798677, 0.0142303537577, 0.00852627400309, 0.00910196546465, 0.0116187259555, 0.0106635633856, 0.0108286645263, 0.0100161051378, 0.0163237564266, 0.0206829085946, 0.0129768354818, 0.0120728118345, 0.012987264432, 0.0107017345726, 0.0119984615594, 0.0109629184008, 0.00864966399968, 0.0181249193847, 0.00946909561753, 0.00535883335397, 0.00420709326863, 0.00314462324604, 0.00277689052746, 0.00247950432822, 0.00419257674366, 0.00169274152722, 0.00147298583761, 0.00402571214363, 0.00292165530846, 0.00172411510721, 0.00167077791411, 0.000994036439806, 0.00070216372842, 0.00125188170932, 0.000684374070261, 0.00240034121089, 0.000776223256253, 0.000828871037811, 0.000733020599, 0.000502953480463, 0.000787776720244, 0.000292361393804, 0.000323057756759, 0.000375644274754, 0.000411670393078, 0.000382321944926, 0.000315141136525, 0.000370281777577, 0.000217514854739, 0.000428779487265, 0.000253630423686, 0.000178916860023, 0.000157292073709, 0.000301034655422, 0.000354681542376, 0.000295711011859, 0.000318429316394, 0.000109381660877, 9.8476819403e-05, 0.000112388392154, 0.000118268886581, 0.000111139794171, 6.71856032568e-05, 4.98303306813e-05, 6.39254576527e-05, 7.50284598325e-05, 6.07262882113e-05, 9.59098542808e-05, 6.34819807601e-05, 5.9061068896e-05, 6.61616504658e-05, 7.63928110246e-05, 0.000107371561171, 7.56912122597e-05, 4.14424139308e-05, 3.68610271835e-05, 5.21240253875e-05, 3.60339327017e-05, 3.39420548698e-05, 5.3117681091e-05, 6.36148761259e-05, 0.00014085584553, 0.000106626845081, 0.000123047051602, 0.000333630130626, 8.08276017779e-05, 5.95752317167e-05, 5.39092761755e-05, 5.22833761352e-05, 2.2308793632e-05, 1.86365505215e-05, 2.30649602599e-05, 1.75037457666e-05, 1.20585036711e-05, 1.48757744682e-05, 6.65418838253e-06, 4.32738806921e-06, 2.72238821708e-06, 1.45228580095e-06, 2.37480298892e-06, 7.54045856866e-07, 7.13975111921e-07, 6.52400615309e-07, 6.20951482233e-07, 3.65916235978e-07, 1.93729619014e-07, 1.57861332895e-08, 1.77935599588e-09, 1.73333325471e-09, 1.70776737196e-09, 1.69054314991e-09],
        "mean": [8.8195054559e-05, 0.00081091420725, 0.00225964258425, 0.00289505068213, 0.00217377324589, 0.00137742480729, 0.00105227227323, 0.00102793099359, 0.000915878859814, 0.000917972764, 0.000705819227733, 0.000750865263399, 0.000944618426729, 0.00107285869308, 0.000926457287278, 0.00043859827565, 0.000223388546146, 0.000171850959305, 0.000145037178299, 0.000165957128047, 0.000191894039745, 0.000161726537044, 0.00016843258345, 0.000216301283217, 0.000322713429341, 0.000386309169699, 0.000244173948886, 0.000178327129106, 0.000208564888453, 0.000154571927851, 0.000159097311553, 0.000156805632287, 0.000178640664672, 0.000201474249479, 0.000149863233673, 0.000108594969788, 7.19844756532e-05, 6.49479261483e-05, 5.76486054342e-05, 4.70934719488e-05, 4.07118241128e-05, 3.60357007594e-05, 3.61608836101e-05, 3.28745954903e-05, 4.0152688598e-05, 4.59577968286e-05, 4.14093592553e-05, 3.79641569452e-05, 2.67287505267e-05, 2.76703340205e-05, 3.86574174627e-05, 2.81404445559e-05, 2.48128417297e-05, 2.22792295972e-05, 2.30431851378e-05, 1.87637560884e-05, 1.43730721902e-05, 1.87209734577e-05, 1.3280926396e-05, 1.89715537999e-05, 2.14838128159e-05, 2.39312921622e-05, 2.97861170111e-05, 2.26792708418e-05, 1.92523293663e-05, 1.48000799527e-05, 1.34596666612e-05, 1.19197702588e-05, 1.38499981404e-05, 1.71367355506e-05, 2.20039619307e-05, 1.77826368599e-05, 1.21081593534e-05, 8.59573447087e-06, 6.04905517321e-06, 4.50140487374e-06, 5.35286835657e-06, 6.11343330092e-06, 7.20150865163e-06, 6.62593811285e-06, 4.24245627073e-06, 3.8539083107e-06, 5.6378703448e-06, 5.30641545993e-06, 6.21984554527e-06, 5.14157454745e-06, 4.99838324686e-06, 4.10127904615e-06, 6.06336016062e-06, 8.33446483739e-06, 7.46953401176e-06, 4.65905031888e-06, 4.0798399823e-06, 6.27789631835e-06, 5.72925773668e-06, 4.2022584239e-06, 3.29770000462e-06, 5.49292326468e-06, 4.69057158625e-06, 2.96286657431e-06, 2.30609475693e-06, 3.3974172311e-06, 3.35792105943e-06, 2.03860963666e-06, 1.98091515813e-06, 1.85573219369e-06, 1.09537006665e-06, 8.75449416071e-07, 7.70687336171e-07, 5.21284960087e-07, 4.34475907696e-07, 3.60657537612e-07, 2.72623367437e-07, 2.09940637319e-07, 1.44589478168e-07, 8.80149499949e-08, 6.6860508241e-08, 3.46638735493e-08, 3.66625876325e-08, 2.41367779097e-08, 1.18992851128e-08, 7.38390149024e-09, 3.51294149326e-09, 6.09026856724e-11, 5.20344271143e-12, 5.03224458631e-12, 4.93222520118e-12, 4.89227625425e-12],
        "min": [1.03492476811e-08, 9.74053122604e-08, 1.36098492476e-07, 8.512853924e-07, 2.6689446031e-07, 1.51936558268e-06, 1.08486426598e-06, 4.4663488552e-07, 5.0640351219e-06, 3.23409562952e-06, 1.24751886688e-06, 1.01825492038e-06, 5.46734383988e-07, 1.01810223896e-06, 5.36637458026e-07, 2.4018993372e-07, 6.31420675745e-07, 2.10968138958e-07, 2.50718812822e-07, 2.0564637282e-07, 1.20634169321e-07, 2.64529887772e-07, 5.42901091194e-07, 4.33217905993e-07, 3.27248102394e-07, 1.89203973378e-07, 4.38660663349e-07, 4.61019112663e-07, 3.56294606263e-07, 6.73998783896e-07, 5.25064081103e-07, 4.56922606418e-07, 4.68749931315e-07, 3.62282946753e-07, 7.51462607695e-08, 2.53591565524e-07, 2.29439834243e-07, 2.29831755405e-07, 1.26068641748e-07, 8.75416432677e-08, 2.30961617831e-07, 1.78921496286e-07, 1.36505192927e-07, 1.17970415658e-07, 1.39937284871e-07, 2.01950953738e-07, 4.62480841179e-07, 1.59615041184e-07, 2.04966497108e-07, 1.18218153489e-07, 3.54277204906e-07, 2.18015500764e-07, 3.00907572637e-07, 2.57222410482e-07, 5.82192321019e-08, 1.21595775227e-07, 2.76749204886e-07, 8.68478338134e-08, 2.36742138782e-07, 2.40992733325e-07, 3.9491391135e-07, 3.72859744857e-07, 6.61064973428e-07, 5.04334934703e-07, 2.87670133048e-07, 3.41908133805e-07, 1.46749584928e-07, 2.72554473213e-07, 1.66684912983e-07, 3.15738617473e-07, 3.35174746624e-07, 3.43225451616e-07, 1.2088588619e-07, 4.19923829043e-08, 7.98537680424e-09, 2.24794121095e-08, 4.12602112476e-08, 1.72828187317e-08, 9.34868005231e-09, 9.0311589318e-09, 2.59827857008e-08, 1.53438399764e-08, 9.79049641359e-09, 8.74035777088e-09, 2.4367999174e-08, 7.30085361056e-08, 2.57912233792e-08, 2.98700086887e-08, 8.87730067234e-08, 1.38722199949e-07, 1.2093293833e-07, 4.70061465307e-08, 3.7949963172e-08, 1.06109858677e-07, 9.75475415999e-08, 2.86876566946e-08, 4.18062171548e-08, 7.75533806063e-08, 3.69520343213e-08, 1.71833303142e-08, 8.14272471672e-09, 6.26915630519e-09, 5.00629537825e-09, 1.81066162064e-09, 1.30514266061e-09, 8.11314038174e-09, 3.92832477658e-09, 1.85272186481e-09, 1.87672344332e-09, 1.74114955787e-09, 1.20357523947e-09, 1.75214065479e-09, 8.34114499693e-10, 9.9911956486e-10, 8.0012002579e-10, 5.65102742378e-10, 5.00904387413e-11, 6.23924089477e-13, 1.4385567119e-13, 1.31874491795e-13, 1.43914678894e-13, 1.2194027255e-13, 1.2422727506e-13, 1.22404920943e-13, 8.30983773546e-14, 3.73535939322e-14, 4.37503020465e-15, 1.67975474347e-16],
        "stdev": [0.000130396845634, 0.00120630604215, 0.0030636030715, 0.00363363372162, 0.00270541245118, 0.00192544679157, 0.00157610175665, 0.00172866333742, 0.00172231090255, 0.0014499387471, 0.000946922169533, 0.00155529566109, 0.00211556977592, 0.00196401309222, 0.00195805449039, 0.00119764823467, 0.000794794294052, 0.000533429614734, 0.000580055871978, 0.000627296685707, 0.000647892360575, 0.000605598615948, 0.000565769209061, 0.000633846560959, 0.000874311605003, 0.00114344642498, 0.0010198574746, 0.000813155900687, 0.000972624577116, 0.000634203723166, 0.000663157028612, 0.000617946556304, 0.000608461734373, 0.0006265246775, 0.000660341524053, 0.00050040561473, 0.000277215236565, 0.000254194805166, 0.000158174792887, 0.000128775543999, 0.000123822203022, 0.000147563405335, 9.25440253923e-05, 8.57300037751e-05, 0.000164669050719, 0.000157419810421, 0.000117968782433, 0.00010115175246, 5.55006117793e-05, 5.45363691344e-05, 9.78305906756e-05, 5.863775732e-05, 8.60632426338e-05, 5.16464933753e-05, 4.83183030155e-05, 3.9752554585e-05, 2.44502862188e-05, 4.22752382292e-05, 2.00667436729e-05, 2.95116642519e-05, 3.09514944092e-05, 3.51221351593e-05, 3.74302398995e-05, 3.12112861138e-05, 3.17327976518e-05, 1.96670589503e-05, 2.20201327465e-05, 1.73721327883e-05, 1.76659705176e-05, 1.90410937648e-05, 2.43066897383e-05, 2.55944851233e-05, 1.86386678251e-05, 1.49071847773e-05, 7.97743177827e-06, 7.96011227067e-06, 8.96526853467e-06, 8.10421079223e-06, 9.65939034359e-06, 8.3212617028e-06, 5.12135648023e-06, 5.13671511726e-06, 6.92111234457e-06, 6.45575573799e-06, 7.51852667236e-06, 5.53212157683e-06, 7.04957392372e-06, 5.88107559452e-06, 7.9788005678e-06, 1.08630356408e-05, 8.79662093212e-06, 5.38273889106e-06, 4.0743120735e-06, 6.3901975409e-06, 5.23804828845e-06, 4.44243914899e-06, 3.77372680305e-06, 6.30218619335e-06, 7.00825103195e-06, 4.46479134553e-06, 4.7682569857e-06, 8.99151200429e-06, 5.48206799067e-06, 3.96386394641e-06, 3.57923181582e-06, 3.17239528158e-06, 1.86074839803e-06, 1.40098700285e-06, 1.46272850543e-06, 9.58781470217e-07, 7.63100388212e-07, 7.27249926058e-07, 5.40451082998e-07, 3.53534659325e-07, 2.3988633302e-07, 1.52775768925e-07, 1.32290367105e-07, 8.36572979779e-08, 7.39349133028e-08, 5.27595602762e-08, 3.48477158241e-08, 2.49373002248e-08, 1.5754784144e-08, 4.99861319003e-10, 4.09051369166e-11, 3.99187072286e-11, 3.93643763419e-11, 3.89932912348e-11]
    },
    "mfcc": {
        "mean": [-593.565979004, 88.0411834717, 18.4908657074, 22.1634368896, 9.84138774872, 3.57578730583, 8.49591827393, 7.93077611923, -3.64591312408, 3.91111135483, -7.47507429123, -4.17715454102, -2.1440050602],
        "cov": [[975.815856934, -107.805511475, -75.3659820557, -55.8733634949, -67.7411956787, 2.31096076965, -13.5886678696, -2.29853367805, -4.8742556572, 39.4722480774, -1.91219830513, -17.9240283966, 9.1613111496], [-107.805511475, 439.249389648, -147.493652344, -116.103866577, -65.8938217163, -85.34324646, 46.6093902588, 12.0281858444, -39.2125358582, 56.3010406494, -6.93366956711, -15.1798648834, 7.77113580704], [-75.3659820557, -147.493652344, 336.762145996, 100.393753052, 55.731464386, 40.5780906677, -45.0087165833, -27.1457881927, 10.8445577621, -59.8239860535, 19.1070480347, 19.7194862366, -3.59451413155], [-55.8733634949, -116.103866577, 100.393753052, 259.704071045, 101.558174133, 42.382484436, -65.76121521, 21.2265052795, 32.9548377991, -53.5621414185, -5.89561891556, 36.4108543396, -8.01251888275], [-67.7411956787, -65.8938217163, 55.731464386, 101.558174133, 182.454437256, 43.6118545532, -6.03829145432, 14.867732048, 67.1212768555, -9.49758815765, 5.42953538895, -0.633496046066, -1.66295528412], [2.31096076965, -85.34324646, 40.5780906677, 42.382484436, 43.6118545532, 210.91734314, 122.153274536, 33.9726982117, 33.400604248, -4.26642608643, 31.474401474, -5.43378829956, -28.2422599792], [-13.5886678696, 46.6093902588, -45.0087165833, -65.76121521, -6.03829145432, 122.153274536, 233.83416748, 64.224822998, 19.1984577179, 39.5783920288, 28.8174953461, -20.7914161682, -16.1471786499], [-2.29853367805, 12.0281858444, -27.1457881927, 21.2265052795, 14.867732048, 33.9726982117, 64.224822998, 109.875320435, 37.3396492004, 26.8599185944, -3.24878406525, -4.09023237228, -3.55908203125], [-4.8742556572, -39.2125358582, 10.8445577621, 32.9548377991, 67.1212768555, 33.400604248, 19.1984577179, 37.3396492004, 114.740943909, 29.195318222, 16.136505127, -1.17994654179, 0.443044692278], [39.4722480774, 56.3010406494, -59.8239860535, -53.5621414185, -9.49758815765, -4.26642608643, 39.5783920288, 26.8599185944, 29.195318222, 103.136764526, 28.2619247437, -11.2229299545, 4.25777053833], [-1.91219830513, -6.93366956711, 19.1070480347, -5.89561891556, 5.42953538895, 31.474401474, 28.8174953461, -3.24878406525, 16.136505127, 28.2619247437, 79.7448806763, 23.7369480133, 0.770528137684], [-17.9240283966, -15.1798648834, 19.7194862366, 36.4108543396, -0.633496046066, -5.43378829956, -20.7914161682, -4.09023237228, -1.17994654179, -11.2229299545, 23.7369480133, 70.566619873, 29.8315105438], [9.1613111496, 7.77113580704, -3.59451413155, -8.01251888275, -1.66295528412, -28.2422599792, -16.1471786499, -3.55908203125, 0.443044692278, 4.25777053833, 0.770528137684, 29.8315105438, 58.9443321228]],
        "icov": [[0.00118340237532, 0.000521392037626, 0.000321152008837, 8.30745193525e-05, 0.000496726133861, -0.000192585459445, 0.000262165878667, -1.49331517605e-05, 3.7559086195e-05, -0.000510948419105, -4.6916957217e-06, 0.000443284225184, -0.000416793074692], [0.000521392037626, 0.0034968603868, 0.000926261942368, 0.000409544154536, 0.000123211691971, 0.00157460675109, -0.00103497633245, -0.000172058789758, 0.000991912325844, -0.0011473876657, 7.21625619917e-05, -1.79792677955e-05, 0.000117693351058], [0.000321152008837, 0.000926261942368, 0.0041902186349, -0.00073963473551, -0.000216222615563, -0.00030271281139, 0.000397533643991, 0.000542808207683, -5.54942926101e-05, 0.00167085358407, -0.00172883726191, 0.00065353064565, -0.000454936816823], [8.30745193525e-05, 0.000409544154536, -0.00073963473551, 0.00806787516922, -0.0032897295896, -0.00184230087325, 0.00311358412728, -0.00312025845051, 0.000180237315362, 0.00174230686389, 0.0012034062529, -0.0046191685833, 0.00286850193515], [0.000496726133861, 0.000123211691971, -0.000216222615563, -0.0032897295896, 0.0093792937696, -0.000657137366943, -0.000185988857993, 0.00111644819845, -0.00458391290158, 0.000375210569473, -0.000511002435815, 0.00299143977463, -0.00208752672188], [-0.000192585459445, 0.00157460675109, -0.00030271281139, -0.00184230087325, -0.000657137366943, 0.0102051524445, -0.00612358190119, 0.000569657364395, -0.000713284127414, 0.00130787095986, -0.00204985728487, 8.88023787411e-05, 0.00267419614829], [0.000262165878667, -0.00103497633245, 0.000397533643991, 0.00311358412728, -0.000185988857993, -0.00612358190119, 0.0101924901828, -0.0046448931098, 0.000749598140828, -0.000236904190388, -0.00179707503412, 0.00114835181739, -0.000430621847045], [-1.49331517605e-05, -0.000172058789758, 0.000542808207683, -0.00312025845051, 0.00111644819845, 0.000569657364395, -0.0046448931098, 0.0143345007673, -0.00365918176249, -0.00313033047132, 0.00372344208881, -0.00097499525873, 0.000229888682952], [3.7559086195e-05, 0.000991912325844, -5.54942926101e-05, 0.000180237315362, -0.00458391290158, -0.000713284127414, 0.000749598140828, -0.00365918176249, 0.0141359651461, -0.00385638233274, -0.00131302140653, 0.000378210213967, -0.000604110071436], [-0.000510948419105, -0.0011473876657, 0.00167085358407, 0.00174230686389, 0.000375210569473, 0.00130787095986, -0.000236904190388, -0.00313033047132, -0.00385638233274, 0.0170892588794, -0.00748896971345, 0.00425961939618, -0.00231058034115], [-4.6916957217e-06, 7.21625619917e-05, -0.00172883726191, 0.0012034062529, -0.000511002435815, -0.00204985728487, -0.00179707503412, 0.00372344208881, -0.00131302140653, -0.00748896971345, 0.0207508150488, -0.0106829609722, 0.00447150645778], [0.000443284225184, -1.79792677955e-05, 0.00065353064565, -0.0046191685833, 0.00299143977463, 8.88023787411e-05, 0.00114835181739, -0.00097499525873, 0.000378210213967, 0.00425961939618, -0.0106829609722, 0.0270471908152, -0.0141312880442], [-0.000416793074692, 0.000117693351058, -0.000454936816823, 0.00286850193515, -0.00208752672188, 0.00267419614829, -0.000430621847045, 0.000229888682952, -0.000604110071436, -0.00231058034115, 0.00447150645778, -0.0141312880442, 0.025759709999]]
    },
    "spectral_contrast_coeffs": {
        "max": [-0.473670125008, -0.485002487898, -0.490685671568, -0.557860612869, -0.646568596363, -0.697527170181],
        "mean": [-0.709497153759, -0.749700784683, -0.756414473057, -0.791491508484, -0.781151115894, -0.791133522987],
        "min": [-0.938424110413, -0.940751135349, -0.907737374306, -0.894943118095, -0.859321773052, -0.870432734489],
        "stdev": [0.0695247650146, 0.0822349712253, 0.0766574591398, 0.0499795749784, 0.0351533927023, 0.0260837674141]
    },
    "spectral_contrast_valleys": {
        "max": [-5.19207000732, -4.6515288353, -5.05576133728, -6.20970010757, -5.97527456284, -7.72597837448],
        "mean": [-6.2442150116, -6.71130418777, -7.14827299118, -7.35814237595, -7.01286077499, -9.05077934265],
        "min": [-8.63487434387, -8.04064559937, -8.54865646362, -8.50054168701, -8.29995250702, -11.0553560257],
        "stdev": [0.479928404093, 0.463687211275, 0.454102396965, 0.372862845659, 0.361996084452, 0.503880262375]
    }
},
"rhythm": {
    "beats_count": 81,
    "beats_loudness": {
        "max": 0.0674606561661,
        "mean": 0.0361220762134,
        "min": 0.0157811008394,
        "stdev": 0.0116663500667
    },
    "bpm": 100.251594543,
    "bpm_histogram_first_peak_bpm": 99,
    "bpm_histogram_first_peak_weight": 0.350649356842,
    "bpm_histogram_second_peak_bpm": 105,
    "bpm_histogram_second_peak_spread": 0,
    "bpm_histogram_second_peak_weight": 0.0375000014901,
    "danceability": 1.3302539587,
    "onset_rate": 3.4248046875,
    "beats_loudness_band_ratio": {
        "max": [0.805145204067, 0.753113985062, 0.661004424095, 0.690079927444, 0.375117331743, 0.379295289516],
        "mean": [0.3297739923, 0.280433565378, 0.126789778471, 0.110715948045, 0.0670125856996, 0.126556694508],
        "min": [0.0122578069568, 0.0127585316077, 0.0120529243723, 0.00740439305082, 0.00715339696035, 0.0239004045725],
        "stdev": [0.192452669144, 0.202290266752, 0.13519461453, 0.124985992908, 0.0558850988746, 0.0711806192994]
    },
