{
"metadata": {
    "version": {
        "essentia": "2.1-beta5",
        "essentia_git_sha": "Undefined",
        "extractor": "music 2.0"
    },
    "audio_properties": {
        "analysis": {
            "equal_loudness": 0,
            "length": 45.2556915283,
            "sample_rate": 44100,
            "start_time": 113.742950439,
            "downmix": "mix"
        },
        "bit_rate": 192000,
        "length": 191.285995483,
        "lossless": 0,
        "number_channels": 2,
        "replay_gain": -7.28736114502,
        "sample_rate": 48000,
        "codec": "mp3",
        "md5_encoded": "f83d34eae4d26d0a14bdb00d7e123133"
    },
    "tags": {
        "file_name": "Cyprus_Comme Ci, Comme ça_Evridiki.mp3",
        "encoding": ["Lavf58.29.100"]
    }
},
"lowlevel": {
    "average_loudness": 0.547703564167,
    "barkbands_crest": {
        "max": 24.020690918,
        "mean": 8.8893032074,
        "min": 2.25037145615,
        "stdev": 4.12964820862
    },
    "barkbands_flatness_db": {
        "max": 0.225559562445,
        "mean": 0.0866384878755,
        "min": 0.017628191039,
        "stdev": 0.0405112802982
    },
    "barkbands_kurtosis": {
        "max": 24.2656383514,
        "mean": 0.734184503555,
        "min": -1.66774070263,
        "stdev": 2.5562620163
    },
    "barkbands_skewness": {
        "max": 4.81848192215,
        "mean": 0.735404312611,
        "min": -2.0398375988,
        "stdev": 0.857796609402
    },
    "barkbands_spread": {
        "max": 88.2057113647,
        "mean": 33.9870033264,
        "min": 2.91294455528,
        "stdev": 15.90828228
    },
    "dissonance": {
        "max": 0.499997913837,
        "mean": 0.475710362196,
        "min": 0.362697958946,
        "stdev": 0.0186461172998
    },
    "dynamic_complexity": 4.46030807495,
    "erbbands_crest": {
        "max": 28.8415927887,
        "mean": 9.07858657837,
        "min": 2.46464824677,
        "stdev": 5.19192647934
    },
    "erbbands_flatness_db": {
        "max": 0.314181178808,
        "mean": 0.138668969274,
        "min": 0.0455761812627,
        "stdev": 0.0576313324273
    },
    "erbbands_kurtosis": {
        "max": 16.7827072144,
        "mean": 0.726847469807,
        "min": -1.45979177952,
        "stdev": 2.16262435913
    },
    "erbbands_skewness": {
        "max": 2.78802394867,
        "mean": 0.199879348278,
        "min": -2.32250738144,
        "stdev": 0.729768931866
    },
    "erbbands_spread": {
        "max": 108.449569702,
        "mean": 38.6272926331,
        "min": 4.1387758255,
        "stdev": 21.1762886047
    },
    "hfc": {
        "max": 113.317726135,
        "mean": 26.516544342,
        "min": 0.221079617739,
        "stdev": 22.7273807526
    },
    "loudness_ebu128": {
        "integrated": -16.719373703,
        "loudness_range": 10.9856472015,
        "momentary": {
            "max": -12.0345497131,
            "mean": -18.619354248,
            "min": -33.5123291016,
            "stdev": 4.49953126907
        },
        "short_term": {
            "max": -12.4922237396,
            "mean": -18.4272327423,
            "min": -26.3122253418,
            "stdev": 3.80346441269
        }
    },
    "melbands_crest": {
        "max": 31.6023902893,
        "mean": 12.8208475113,
        "min": 3.02512764931,
        "stdev": 5.2589006424
    },
    "melbands_flatness_db": {
        "max": 0.288356661797,
        "mean": 0.130488887429,
        "min": 0.0228940062225,
        "stdev": 0.043171197176
    },
    "melbands_kurtosis": {
        "max": 103.46925354,
        "mean": 6.58597755432,
        "min": -1.6665263176,
        "stdev": 10.1970443726
    },
    "melbands_skewness": {
        "max": 9.20516204834,
        "mean": 1.8311265707,
        "min": -1.43275594711,
        "stdev": 1.44636297226
    },
    "melbands_spread": {
        "max": 198.244186401,
        "mean": 39.277469635,
        "min": 4.6386680603,
        "stdev": 21.0556697845
    },
    "pitch_salience": {
        "max": 0.823912262917,
        "mean": 0.566416561604,
        "min": 0.182360216975,
        "stdev": 0.101614229381
    },
    "silence_rate_20dB": {
        "max": 1,
        "mean": 1,
        "min": 1,
        "stdev": 0
    },
    "silence_rate_30dB": {
        "max": 1,
        "mean": 1,
        "min": 1,
        "stdev": 0
    },
    "silence_rate_60dB": {
        "max": 1,
        "mean": 0.167692303658,
        "min": 0,
        "stdev": 0.373587697744
    },
    "spectral_centroid": {
        "max": 4021.63793945,
        "mean": 1976.12756348,
        "min": 850.95703125,
        "stdev": 449.123779297
    },
    "spectral_complexity": {
        "max": 49,
        "mean": 18.6574363708,
        "min": 0,
        "stdev": 9.60457420349
    },
    "spectral_decrease": {
        "max": -5.97685859138e-11,
        "mean": -4.95829466374e-09,
        "min": -2.57970729223e-08,
        "stdev": 4.87419260509e-09
    },
    "spectral_energy": {
        "max": 0.105201549828,
        "mean": 0.0211188904941,
        "min": 0.000245632429142,
        "stdev": 0.0202124640346
    },
    "spectral_energyband_high": {
        "max": 0.00976317655295,
        "mean": 0.00122077798005,
        "min": 2.74749481832e-06,
        "stdev": 0.00119188427925
    },
    "spectral_energyband_low": {
        "max": 0.0542471893132,
        "mean": 0.00612558005378,
        "min": 1.75397281055e-06,
        "stdev": 0.00971177220345
    },
    "spectral_energyband_middle_high": {
        "max": 0.0718575268984,
        "mean": 0.00980737619102,
        "min": 9.76804367383e-05,
        "stdev": 0.0125687019899
    },
    "spectral_energyband_middle_low": {
        "max": 0.0531855784357,
        "mean": 0.00472735986114,
        "min": 5.34857681487e-05,
        "stdev": 0.00602580746636
    },
    "spectral_entropy": {
        "max": 8.66289043427,
        "mean": 7.97694969177,
        "min": 7.02363491058,
        "stdev": 0.311958611012
    },
    "spectral_flux": {
        "max": 0.264439970255,
        "mean": 0.0819543600082,
        "min": 0.00652322219685,
        "stdev": 0.0510863885283
    },
    "spectral_kurtosis": {
        "max": 12.5642690659,
        "mean": 3.25518465042,
        "min": -0.305796146393,
        "stdev": 2.1374437809
    },
    "spectral_rms": {
        "max": 0.0101309260353,
        "mean": 0.0039791171439,
        "min": 0.000489531783387,
        "stdev": 0.00218413048424
    },
    "spectral_rolloff": {
        "max": 9926.80664062,
        "mean": 2770.09863281,
        "min": 86.1328125,
        "stdev": 1893.01806641
    },
    "spectral_skewness": {
        "max": 2.51443433762,
        "mean": 1.41128706932,
        "min": 0.506326198578,
        "stdev": 0.316677629948
    },
    "spectral_spread": {
        "max": 10949047,
        "mean": 5709798.5,
        "min": 1995558.875,
        "stdev": 1686733.125
    },
    "spectral_strongpeak": {
        "max": 15.0785703659,
        "mean": 1.35884320736,
        "min": 0,
        "stdev": 1.99358928204
    },
    "zerocrossingrate": {
        "max": 0.32470703125,
        "mean": 0.104092046618,
        "min": 0.02294921875,
        "stdev": 0.0405036211014
    },
    "barkbands": {
        "max": [0.0117854643613, 0.0433523207903, 0.0367962941527, 0.0311879571527, 0.0193927977234, 0.0215874165297, 0.031330101192, 0.0251551885158, 0.0374659150839, 0.0602313540876, 0.0539789758623, 0.0416960678995, 0.0490933656693, 0.0146305095404, 0.0219416767359, 0.0255173482001, 0.0255085546523, 0.00755804451182, 0.00334896007553, 0.00276468181983, 0.00173555943184, 0.00192881154362, 0.00181733793579, 0.0024807609152, 0.00201607728377, 0.00066281290492, 0.000122200581245],
        "mean": [0.000464654905954, 0.00369261880405, 0.00143017130904, 0.000873834360391, 0.000854141544551, 0.000870965304784, 0.000819947454147, 0.000362085469533, 0.000542260473594, 0.00213771359995, 0.00123852456454, 0.00114070565905, 0.00175452732947, 0.000365784100723, 0.00110826303717, 0.000750341685489, 0.000473719817819, 0.00057679740712, 0.000316915888106, 0.00030588672962, 0.000169366307091, 0.000163912351127, 0.000165914971149, 0.000240490058786, 0.000222334361752, 6.37855991954e-05, 1.32345667225e-05],
        "min": [9.30636456786e-09, 1.33082266984e-07, 3.35770309334e-08, 6.16877429138e-08, 1.02580372641e-07, 5.11667849423e-07, 3.79865952027e-07, 3.83367591894e-07, 2.11293104257e-06, 4.09251742894e-06, 1.95770417122e-06, 1.52800384967e-06, 1.62264745995e-06, 2.01137072509e-06, 2.15668683268e-06, 4.40109670308e-06, 1.93327605302e-06, 1.47777916482e-06, 1.77180106675e-06, 1.30029491174e-06, 3.82917193065e-07, 2.51657098715e-07, 1.32765919147e-07, 1.23494913851e-07, 8.02601434202e-08, 4.50713280031e-08, 1.72590761127e-10],
        "stdev": [0.00116316892672, 0.00656300503761, 0.00308839627542, 0.00244219531305, 0.00147592951544, 0.0016542065423, 0.00216437643394, 0.00120048969984, 0.00194727466442, 0.00525616900995, 0.00424675550312, 0.00350989354774, 0.00425388617441, 0.00101417175028, 0.00252253049985, 0.00217493227683, 0.00140879384708, 0.000843509216793, 0.0003219198843, 0.000286993396003, 0.000174705579411, 0.000189218801097, 0.000200413720449, 0.000287814851617, 0.000254245940596, 7.59730901336e-05, 1.79057424248e-05]
    },
    "erbbands": {
        "max": [2.09236693382, 9.02542972565, 39.1386222839, 76.4504013062, 72.3691711426, 47.0461959839, 119.303504944, 262.522827148, 403.47567749, 501.036987305, 542.989379883, 676.419616699, 1104.96472168, 2258.48876953, 2032.19873047, 1831.51318359, 2003.31201172, 1054.68981934, 1280.50366211, 1074.43835449, 1367.26318359, 775.295715332, 502.02130127, 328.815002441, 140.304122925, 170.631576538, 90.4304885864, 64.3463058472, 69.2547073364, 51.0262145996, 58.1676559448, 67.3862304688, 38.8196601868, 23.0838222504, 11.8891248703, 4.37963867188, 1.06205165386, 0.221670806408, 0.024097463116, 0.000734524044674],
        "mean": [0.142565861344, 0.692511379719, 1.56208944321, 2.72222471237, 2.32859706879, 2.65567135811, 5.65200281143, 7.04782533646, 11.4617500305, 9.54300308228, 8.26817035675, 12.1913204193, 40.8188438416, 79.8474121094, 37.5960006714, 58.1403045654, 83.5651855469, 26.5456752777, 47.8483161926, 43.7381095886, 44.0588302612, 22.9422950745, 31.4949359894, 23.791852951, 12.9900331497, 15.362247467, 8.17530155182, 6.73322582245, 5.09756803513, 5.81177997589, 4.84168434143, 4.65517807007, 4.11085796356, 3.05103468895, 1.22966241837, 0.364712864161, 0.104479014874, 0.0231079123914, 0.00252388138324, 8.71647935128e-05],
        "min": [5.03800947627e-06, 7.68295649323e-05, 0.000150814419612, 0.000123544436065, 0.000170387633261, 0.000464444310637, 0.00404116604477, 0.00274884467945, 0.00659220712259, 0.0164653901011, 0.0533329732716, 0.130311980844, 0.141828849912, 0.131518155336, 0.160534709692, 0.162509247661, 0.207374632359, 0.139603540301, 0.132767230272, 0.243085980415, 0.163461118937, 0.109878927469, 0.108725011349, 0.0822783187032, 0.0819762274623, 0.0705245360732, 0.0315166451037, 0.0206278469414, 0.00877060182393, 0.00853420980275, 0.00388658931479, 0.00234179082327, 0.00226408708841, 0.000854533398524, 0.00058240047656, 0.000212211059988, 9.07083740458e-05, 1.54609006131e-05, 6.31037266885e-07, 3.4755836964e-07],
        "stdev": [0.273014843464, 1.26170122623, 3.23334598541, 6.5837020874, 5.67879199982, 4.56570243835, 9.66194820404, 15.7223386765, 24.6546821594, 32.9684486389, 22.1876010895, 37.9298171997, 104.935630798, 189.703704834, 125.733360291, 157.63571167, 195.587463379, 64.2824935913, 103.502487183, 100.614341736, 124.736724854, 46.3439674377, 48.9698104858, 25.4755725861, 11.4445457458, 15.074344635, 7.47706317902, 7.93314647675, 6.17821311951, 6.47596359253, 6.01420068741, 5.76457071304, 4.87426948547, 3.61124777794, 1.40981698036, 0.437994152308, 0.12330006063, 0.0305173620582, 0.00334023591131, 9.59639291978e-05]
    },
    "gfcc": {
        "mean": [11.6738796234, 41.089756012, -123.323074341, 24.1660079956, -55.8937835693, 20.971622467, -39.39585495, 15.5459737778, -29.3375358582, 2.58918118477, -13.476061821, 4.4613776207, -6.643450737],
        "cov": [[4489.18261719, -395.34463501, 700.917724609, 81.2968521118, 223.867721558, 254.47744751, -90.4818572998, -79.1671295166, -54.3287811279, 140.68170166, 83.7545776367, 49.5020637512, -61.6884117126], [-395.34463501, 493.45791626, -87.2816085815, 82.2313537598, 143.598358154, 81.5189743042, 144.193893433, 58.9321327209, 6.04501962662, 9.24091243744, 22.4620285034, -15.2937164307, 24.7573375702], [700.917724609, -87.2816085815, 1207.56079102, 389.414428711, 89.1691818237, 213.966293335, 113.193984985, -6.29890012741, 142.296539307, 61.2657623291, -88.8837356567, -36.868144989, -64.788520813], [81.2968521118, 82.2313537598, 389.414428711, 355.971557617, 129.742874146, 100.653022766, 29.3706550598, 38.3858413696, 89.5805053711, 25.8998908997, -12.7723608017, -22.7411594391, -12.4369049072], [223.867721558, 143.598358154, 89.1691818237, 129.742874146, 279.691009521, 177.300125122, 122.298614502, 28.8075847626, 21.5427093506, 27.062494278, 3.95755386353, -13.6486797333, -4.67805290222], [254.47744751, 81.5189743042, 213.966293335, 100.653022766, 177.300125122, 290.078125, 174.606384277, 7.97565507889, 25.4154567719, 28.6068935394, -7.84295511246, -20.623418808, -17.0347499847], [-90.4818572998, 144.193893433, 113.193984985, 29.3706550598, 122.298614502, 174.606384277, 226.566177368, 45.9855499268, 16.0655632019, 4.90549039841, -7.90434885025, -14.5463285446, -9.38588619232], [-79.1671295166, 58.9321327209, -6.29890012741, 38.3858413696, 28.8075847626, 7.97565507889, 45.9855499268, 117.86290741, 59.2524986267, 3.65781402588, 7.59922027588, 6.68629932404, 8.78865528107], [-54.3287811279, 6.04501962662, 142.296539307, 89.5805053711, 21.5427093506, 25.4154567719, 16.0655632019, 59.2524986267, 119.808418274, 27.8196697235, -22.4104709625, -11.1033887863, -3.9151301384], [140.68170166, 9.24091243744, 61.2657623291, 25.8998908997, 27.062494278, 28.6068935394, 4.90549039841, 3.65781402588, 27.8196697235, 70.2186508179, 33.2475624084, 6.63593626022, -9.83201503754], [83.7545776367, 22.4620285034, -88.8837356567, -12.7723608017, 3.95755386353, -7.84295511246, -7.90434885025, 7.59922027588, -22.4104709625, 33.2475624084, 89.6374511719, 36.0721092224, 1.80373418331], [49.5020637512, -15.2937164307, -36.868144989, -22.7411594391, -13.6486797333, -20.623418808, -14.5463285446, 6.68629932404, -11.1033887863, 6.63593626022, 36.0721092224, 58.3950958252, 23.9326992035], [-61.6884117126, 24.7573375702, -64.788520813, -12.4369049072, -4.67805290222, -17.0347499847, -9.38588619232, 8.78865528107, -3.9151301384, -9.83201503754, 1.80373418331, 23.9326992035, 61.914478302]],
        "icov": [[0.000382140220609, 0.000218273329665, -0.000402421777835, 0.000471639767056, -0.000552879064344, -0.000453245185781, 0.000846375420224, -0.000457334594103, 0.000596551341005, -0.000309974508127, -0.00039660744369, 3.90622117266e-05, -2.11966507777e-05], [0.000218273329665, 0.0035773254931, 0.000482819916215, -0.00120829918887, -0.00102129520383, 0.000977201969363, -0.00242281332612, -0.000456987821963, 0.000973112881184, -0.00109833804891, -0.000840191321913, 0.00171267555561, -0.00181159796193], [-0.000402421777835, 0.000482819916215, 0.00267490837723, -0.00315661914647, 0.00172626937274, 4.68272228318e-05, -0.002521045506, 0.00148868025281, -0.000835885875858, -0.00184844352771, 0.00330700562336, -0.00204488681629, 0.00146851572208], [0.000471639767056, -0.00120829918887, -0.00315661914647, 0.00829122960567, -0.00364493275993, -0.00137904356234, 0.00489117624238, -0.0015129360836, -0.00251087872311, 0.00332166114822, -0.00449648639187, 0.0029079830274, -0.00100754830055], [-0.000552879064344, -0.00102129520383, 0.00172626937274, -0.00364493275993, 0.00864963419735, -0.00296897487715, -0.00229357299395, -8.95492557902e-05, 0.000833605474327, -0.0022774846293, 0.00262036081403, -0.00111387635116, 0.00047871877905], [-0.000453245185781, 0.000977201969363, 4.68272228318e-05, -0.00137904356234, -0.00296897487715, 0.0107337664813, -0.00785791967064, 0.00345375575125, -0.00137061194982, -0.00115987355821, -0.000280473614112, 0.00123363535386, -0.000762467912864], [0.000846375420224, -0.00242281332612, -0.002521045506, 0.00489117624238, -0.00229357299395, -0.00785791967064, 0.0152845922858, -0.00606134999543, 0.00223628943786, 0.00216565374285, -0.0011951829074, 0.000530221092049, 0.00131387577858], [-0.000457334594103, -0.000456987821963, 0.00148868025281, -0.0015129360836, -8.95492557902e-05, 0.00345375575125, -0.00606134999543, 0.0168779566884, -0.0109691014513, 0.00451944489032, -0.00353640830144, -0.00180846080184, -0.000564103072975], [0.000596551341005, 0.000973112881184, -0.000835885875858, -0.00251087872311, 0.000833605474327, -0.00137061194982, 0.00223628943786, -0.0109691014513, 0.0208969973028, -0.0113252336159, 0.00844091922045, -6.81518577039e-05, -0.000288453418761], [-0.000309974508127, -0.00109833804891, -0.00184844352771, 0.00332166114822, -0.0022774846293, -0.00115987355821, 0.00216565374285, 0.00451944489032, -0.0113252336159, 0.0280201286077, -0.0154013093561, 0.00289863743819, 0.00112057698425], [-0.00039660744369, -0.000840191321913, 0.00330700562336, -0.00449648639187, 0.00262036081403, -0.000280473614112, -0.0011951829074, -0.00353640830144, 0.00844091922045, -0.0154013093561, 0.0284518469125, -0.0157183166593, 0.00627470063046], [3.90622117266e-05, 0.00171267555561, -0.00204488681629, 0.0029079830274, -0.00111387635116, 0.00123363535386, 0.000530221092049, -0.00180846080184, -6.81518577039e-05, 0.00289863743819, -0.0157183166593, 0.0327340811491, -0.0133485207334], [-2.11966507777e-05, -0.00181159796193, 0.00146851572208, -0.00100754830055, 0.00047871877905, -0.000762467912864, 0.00131387577858, -0.000564103072975, -0.000288453418761, 0.00112057698425, 0.00627470063046, -0.0133485207334, 0.0234312228858]]
    },
    "melbands": {
        "max": [0.0145998289809, 0.0142293022946, 0.0127705158666, 0.00451400224119, 0.00332637061365, 0.00512295681983, 0.00575102167204, 0.00595337059349, 0.00567496009171, 0.00437868200243, 0.00562349008396, 0.00889752060175, 0.00779384421185, 0.0041382056661, 0.00568365398794, 0.00315266661346, 0.00178047770169, 0.00216915435158, 0.00246095121838, 0.00260901590809, 0.00231562973931, 0.00122840795666, 0.000450144550996, 0.000478727277368, 0.000304237270029, 0.000118167008623, 9.03435065993e-05, 0.000159200135386, 5.80386113143e-05, 4.84681586386e-05, 4.2618932639e-05, 3.84311933885e-05, 5.01095128129e-05, 3.05530775222e-05, 3.21626430377e-05, 3.59490659321e-05, 4.21294498665e-05, 2.48589458351e-05, 3.00764677377e-05, 2.14023730223e-05],
        "mean": [0.00114954949822, 0.000837120285723, 0.000438716058852, 0.000176664936589, 0.000179715396371, 0.000162225420354, 0.000177840891411, 9.67676969594e-05, 6.50047441013e-05, 8.04148367024e-05, 0.000211796403164, 0.00033393164631, 0.000142515069456, 0.000109904685814, 0.000208594603464, 0.000139051844599, 3.69883309759e-05, 6.61436279188e-05, 8.28957781778e-05, 4.74423140986e-05, 5.37077976333e-05, 2.43924259848e-05, 2.21134760068e-05, 3.13756281685e-05, 1.79520302481e-05, 1.01424211607e-05, 8.3437325884e-06, 1.09748962132e-05, 5.64817673876e-06, 3.43363626598e-06, 4.17998171542e-06, 2.75232537206e-06, 3.26315034727e-06, 2.99967678075e-06, 2.6803320452e-06, 2.65319681603e-06, 3.07129653265e-06, 2.69984616352e-06, 3.1399783893e-06, 2.46276522375e-06],
        "min": [4.37257590136e-08, 1.79381899557e-07, 2.48891094401e-08, 9.3617025243e-09, 1.15633625342e-07, 6.75943567785e-08, 8.07058455621e-08, 2.21544695478e-07, 5.21246477092e-07, 5.25364043824e-07, 3.93494730133e-07, 3.58845653636e-07, 4.11723476645e-07, 3.09770058493e-07, 4.4977477387e-07, 3.19716519925e-07, 1.74843037826e-07, 2.30483209407e-07, 1.75973113414e-07, 2.83382746602e-07, 1.29020335748e-07, 1.16997590283e-07, 7.88626977055e-08, 5.6761969347e-08, 6.63341523932e-08, 6.71899229587e-08, 2.86199597355e-08, 3.55958711395e-08, 1.36069573387e-08, 9.07763997304e-09, 1.3692994294e-08, 4.73184602612e-09, 4.42431602465e-09, 2.74886624574e-09, 2.41230480036e-09, 1.33725674978e-09, 9.73395031245e-10, 1.39667333254e-09, 1.00283725768e-09, 5.99817973068e-10],
        "stdev": [0.00207347120158, 0.00149456667714, 0.00101215648465, 0.000362652528565, 0.00028406502679, 0.000339003687259, 0.000398864387535, 0.000336910045007, 0.000190195423784, 0.000273949524853, 0.000565921247471, 0.000806187046692, 0.00051002507098, 0.000340846076142, 0.000533581478521, 0.000341999693774, 0.000111906556413, 0.000150816878886, 0.000215816602577, 0.000155631190864, 0.000177545793122, 6.55083858874e-05, 3.23609201587e-05, 5.42726629646e-05, 2.12898776226e-05, 9.8811387943e-06, 7.82582628744e-06, 1.19454771266e-05, 5.4683127928e-06, 3.93199434257e-06, 5.25274799656e-06, 3.41174063578e-06, 4.01717943532e-06, 3.411768148e-06, 3.37333653988e-06, 3.40566271007e-06, 3.90248396798e-06, 3.18450747727e-06, 3.91967796531e-06, 2.94225992548e-06]
    },
    "melbands128": {
        "max": [0.00786018092185, 0.0195367857814, 0.0191951077431, 0.0157512594014, 0.021038621664, 0.0153398253024, 0.0170304998755, 0.0143545586616, 0.00952249299735, 0.0056384424679, 0.00265844888054, 0.00342570757493, 0.00465958518907, 0.00564010161906, 0.00790968164802, 0.00607682857662, 0.00728487363085, 0.0102295763791, 0.0122705232352, 0.00714008696377, 0.00942972302437, 0.00585400359705, 0.00899550970644, 0.00833842437714, 0.0065296208486, 0.00664358632639, 0.0135039323941, 0.00966233853251, 0.0158629845828, 0.0154881542549, 0.0168600380421, 0.0160854626447, 0.0158513970673, 0.00996540859342, 0.00592016521841, 0.00788315199316, 0.0102755399421, 0.00857460219413, 0.0141925942153, 0.00752032082528, 0.00568238645792, 0.0060063530691, 0.00304970354773, 0.00355272460729, 0.00196221354418, 0.00477854209021, 0.0035390201956, 0.00463419547305, 0.00328331813216, 0.00335287628695, 0.00587091036141, 0.00376288266852, 0.00379557395354, 0.00627453159541, 0.00461333990097, 0.000705614627805, 0.000385264196666, 0.000364917417755, 0.000920591002796, 0.00087985151913, 0.00114581361413, 0.000345821812516, 0.000666058273055, 0.000271296827123, 0.000280429550912, 0.000131263848743, 0.000110028122435, 0.000167606733157, 0.00012273574248, 0.000113877460535, 0.000276884937193, 0.000144716745126, 8.19635824882e-05, 6.10224269622e-05, 5.74613259232e-05, 5.94013217778e-05, 7.2114613431e-05, 5.32851299795e-05, 8.86590787559e-05, 6.41384103801e-05, 4.24000900239e-05, 3.20099316014e-05, 8.68308925419e-05, 5.55588339921e-05, 4.65516277472e-05, 3.36683406204e-05, 3.69522895198e-05, 2.58424606727e-05, 3.8959995436e-05, 5.4347274272e-05, 8.00887864898e-05, 3.16487421514e-05, 4.72078681923e-05, 6.47017295705e-05, 5.15317806276e-05, 2.76785649476e-05, 1.59572555276e-05, 4.06242616009e-05, 4.32572160207e-05, 3.18002457789e-05, 2.19695339183e-05, 3.83947881346e-05, 2.8102487704e-05, 1.55261768668e-05, 1.52738393808e-05, 1.65048622875e-05, 7.24501524019e-06, 8.5884694272e-06, 1.60291292559e-05, 6.16865554548e-06, 6.60141040498e-06, 4.01674196837e-06, 3.2071698115e-06, 3.22709752254e-06, 2.78571837953e-06, 3.025897513e-06, 2.60339197666e-06, 1.4972167719e-06, 1.22821518289e-06, 9.75485363597e-07, 9.74364638751e-07, 4.93542472668e-07, 3.62482467153e-07, 3.44039428057e-08, 2.15799111913e-08, 2.15623234823e-08, 2.14985771407e-08, 2.14406075116e-08],
        "mean": [0.000391604437027, 0.00124376360327, 0.0014530767221, 0.00101785222068, 0.000805841351394, 0.000683888676576, 0.000618600985035, 0.000336167955538, 0.000208804238355, 0.000197971225134, 0.000120310607599, 0.000155923713464, 0.000214298663195, 0.000185361917829, 0.000152419583173, 0.00015494832769, 0.000165650169947, 0.000205477976124, 0.000169677790836, 9.27623696043e-05, 6.84793340042e-05, 6.97075738572e-05, 6.89330554451e-05, 4.99929810758e-05, 7.06941136741e-05, 7.92911741883e-05, 0.000135237205541, 0.000203994990443, 0.00027709294227, 0.000405166763812, 0.000347584835254, 0.000224022413022, 0.000129986132379, 8.61646476551e-05, 6.59949801047e-05, 0.000123446923681, 0.00016992718156, 0.00019722135039, 0.000256559898844, 0.000208859157283, 0.000105324892502, 5.05584575876e-05, 3.37257224601e-05, 3.08642811433e-05, 3.14117314701e-05, 6.92211251589e-05, 0.000111364883196, 0.000107668209239, 5.68377108721e-05, 4.14225651184e-05, 5.06786127517e-05, 4.63607466372e-05, 5.34056998731e-05, 6.5298161644e-05, 3.91979810956e-05, 1.56352289196e-05, 1.27593666548e-05, 2.35395727941e-05, 2.18080185732e-05, 2.70788095804e-05, 4.63723263238e-05, 1.68970982486e-05, 2.37840795307e-05, 1.69958275364e-05, 1.22849451145e-05, 9.85423230304e-06, 9.36076958169e-06, 6.68527809466e-06, 8.49701518746e-06, 9.65209892456e-06, 1.29418122015e-05, 1.05590970634e-05, 7.16197291695e-06, 4.98995041198e-06, 3.55031465915e-06, 3.44482691617e-06, 3.3399237509e-06, 3.51488733941e-06, 5.01361637362e-06, 4.13848420067e-06, 2.57938563664e-06, 2.27927171181e-06, 2.5666251986e-06, 3.02928083329e-06, 4.54140445072e-06, 3.22856772073e-06, 2.72780175692e-06, 1.84746932064e-06, 2.81897268906e-06, 2.98279792332e-06, 3.12343604492e-06, 2.21526624955e-06, 2.50331390816e-06, 2.9903851555e-06, 3.71023111256e-06, 2.91876904157e-06, 1.95807047021e-06, 3.10492828248e-06, 3.57611384061e-06, 3.07374421027e-06, 2.30120940614e-06, 2.63992978944e-06, 2.3160357614e-06, 1.26596091832e-06, 1.34045990308e-06, 1.3842845874e-06, 8.10620633729e-07, 6.46254363801e-07, 6.51164612009e-07, 4.38779267142e-07, 4.12621176338e-07, 3.85843122785e-07, 2.86635781777e-07, 2.8784791084e-07, 2.53208270351e-07, 2.03651026709e-07, 1.57646766752e-07, 1.2071895128e-07, 1.29126448201e-07, 9.51436902596e-08, 4.95656315991e-08, 2.7808553682e-08, 1.47736791689e-08, 5.01737484893e-10, 1.41861843453e-11, 1.39923073128e-11, 1.38506636715e-11, 1.37757548424e-11],
        "min": [2.64654187454e-10, 1.83638704243e-08, 3.08701437746e-08, 4.05636342293e-08, 4.42908643095e-08, 2.22190816856e-08, 1.87653306227e-08, 3.47241737586e-08, 1.25243433402e-08, 3.71429820234e-09, 9.75352021371e-10, 9.0156593302e-09, 1.17585319259e-08, 4.09266966983e-08, 2.98966753576e-08, 2.66411923633e-08, 3.18845714276e-08, 5.16408746876e-08, 3.75840016886e-08, 4.69847662998e-08, 2.07193053825e-08, 5.98857639034e-08, 7.33761353899e-08, 1.42954490912e-07, 6.97459796584e-08, 1.5114730445e-07, 1.1826414692e-07, 1.93564147821e-07, 7.7415442945e-08, 5.38059836686e-08, 8.15012768385e-08, 9.06378403442e-08, 2.89848742341e-07, 1.66670616863e-07, 9.00412118199e-08, 1.21047392554e-07, 1.08623652295e-07, 1.53814127657e-07, 1.52103147855e-08, 1.51299843765e-07, 5.91617812518e-08, 8.46582679515e-08, 8.73115482136e-08, 7.4727132926e-08, 9.84366650414e-08, 9.50664400534e-08, 3.55791307527e-08, 8.76848886833e-08, 1.46725795958e-07, 5.80255381522e-08, 1.19098139351e-07, 1.28760802909e-07, 5.98131180141e-08, 8.29441120231e-08, 9.52435854629e-08, 6.00399729933e-08, 7.79860016564e-08, 6.8620913396e-08, 3.43163684136e-08, 3.3959132395e-08, 4.02703292934e-08, 7.40287973144e-08, 3.59125920113e-08, 2.74929945476e-08, 6.00163119202e-08, 4.70226879656e-08, 2.24239400382e-08, 1.33971820304e-08, 8.26558821387e-09, 1.40797729031e-08, 1.27814017148e-08, 2.46396112402e-08, 1.18478871158e-08, 4.91817608861e-09, 8.77705197411e-09, 5.96532601094e-09, 4.93779550581e-09, 9.51891632184e-09, 1.17963514512e-08, 7.14478343156e-09, 3.6286007532e-09, 2.26761387445e-09, 2.62300714482e-09, 4.14021394946e-09, 2.78031730971e-09, 2.01035899039e-09, 8.74399996853e-10, 1.35910216414e-09, 1.55995605322e-09, 1.30865784875e-09, 1.04145181368e-09, 1.26155808022e-09, 6.29935825724e-10, 6.28304741568e-10, 8.07876321396e-10, 1.46302636672e-09, 4.2988151927e-10, 1.01002306518e-09, 1.04115638333e-09, 3.99696553632e-10, 3.80691700386e-10, 6.50157983006e-10, 4.67358540757e-10, 3.11706882528e-10, 5.25505194915e-10, 3.59047624965e-10, 2.14298301326e-10, 1.74596601066e-10, 2.87973367374e-10, 1.31035488016e-10, 2.27017848964e-10, 2.70586636431e-10, 1.30744248761e-10, 2.35320651853e-10, 1.62349411692e-10, 1.01823716125e-10, 5.95842472584e-11, 7.08022941491e-13, 1.37857756352e-13, 8.098443384e-14, 1.20927343117e-13, 9.73314446618e-14, 1.07719036599e-13, 1.00650207841e-13, 6.85580064941e-14, 2.96357143199e-14, 4.04730807516e-15, 1.33647399517e-16],
        "stdev": [0.000953645212576, 0.00251127267256, 0.00283113517798, 0.00191281328443, 0.00175195047632, 0.00147173355799, 0.00157167611178, 0.000966860447079, 0.00059818814043, 0.000500704452861, 0.000233500308241, 0.000271844968665, 0.000425049482146, 0.000416478054831, 0.000440876028733, 0.000443822413217, 0.000431502674473, 0.000553587567993, 0.000664661405608, 0.000439252966316, 0.000407648039982, 0.000234630511841, 0.000251188292168, 0.000261618784862, 0.000291200063657, 0.000394932547351, 0.000602341431659, 0.000688521540724, 0.00104550062679, 0.00122490746435, 0.00105953007005, 0.000908983289264, 0.000777903420385, 0.000478589441627, 0.000336887431331, 0.000499807239976, 0.000689323642291, 0.000726841739379, 0.000866851827595, 0.000657480675727, 0.000384640588891, 0.000253007368883, 0.000149049505126, 0.000126274040667, 0.000112159534183, 0.000229423079873, 0.000327931484208, 0.000395222828956, 0.000213278806768, 0.000164229117217, 0.000268410047283, 0.000185074124602, 0.000219767011004, 0.000329849688569, 0.000173337000888, 3.90898458136e-05, 2.29486449825e-05, 3.53460709448e-05, 5.34506361873e-05, 5.9703419538e-05, 0.00011734067084, 2.65918170044e-05, 3.9408547309e-05, 2.47128136834e-05, 1.80670940608e-05, 1.27058301587e-05, 1.05608523882e-05, 8.73405588209e-06, 1.07665318865e-05, 1.15003949759e-05, 1.79931303137e-05, 1.43284269143e-05, 8.55264897837e-06, 5.69806616113e-06, 3.9846445361e-06, 4.40453459305e-06, 5.20557387063e-06, 5.65205937164e-06, 7.58502392273e-06, 5.67494134884e-06, 3.30635657519e-06, 3.3199464724e-06, 4.53596294392e-06, 4.30432692156e-06, 5.49270725969e-06, 4.06762637795e-06, 3.64242646356e-06, 2.60745559899e-06, 3.71366104446e-06, 4.48746550319e-06, 4.61549916508e-06, 2.97509495795e-06, 3.41811824001e-06, 4.40466874352e-06, 4.98532381243e-06, 3.82568305213e-06, 2.34151480072e-06, 4.13613224737e-06, 4.87929946758e-06, 4.15673230236e-06, 3.05985668092e-06, 3.34878427566e-06, 2.95098152492e-06, 1.58279169682e-06, 1.72711679625e-06, 1.81980885827e-06, 1.05495632852e-06, 8.47308115226e-07, 9.2950472208e-07, 5.77771970711e-07, 5.27907445758e-07, 4.8433446409e-07, 3.67025364767e-07, 3.68606606571e-07, 3.41237637258e-07, 3.06614282408e-07, 2.42769260694e-07, 1.94898021277e-07, 1.83069815307e-07, 1.3721685832e-07, 8.0932146318e-08, 6.40337489699e-08, 3.89018666169e-08, 2.0171166959e-09, 4.88564133594e-10, 4.88144746846e-10, 4.86693962909e-10, 4.85378348625e-10]
    },
    "mfcc": {
        "mean": [-631.579284668, 79.38306427, -8.09367847443, 8.531208992, 7.16255807877, -0.433615118265, 6.2786822319, 4.5719332695, 0.133983567357, -0.438236922026, -4.61277723312, -2.5896422863, 0.699782013893],
        "cov": [[3949.0690918, -267.46182251, 301.229431152, -29.1363162994, 280.930664062, 154.427978516, 104.547431946, -101.297889709, -123.799125671, -22.8908882141, 8.26997375488, 49.9434394836, 105.289665222], [-267.46182251, 377.201171875, -146.403930664, 13.4844532013, -21.56016922, 48.8184356689, 122.545196533, 54.2271118164, 41.7172584534, 26.3851833344, 21.2265777588, 15.1191511154, 1.05001437664], [301.229431152, -146.403930664, 977.811401367, 211.158172607, 149.493682861, 216.696365356, 0.775113523006, 39.7173347473, 134.339187622, 68.6927261353, 103.869094849, 11.8927583694, -6.49945306778], [-29.1363162994, 13.4844532013, 211.158172607, 225.785415649, 124.835006714, 36.7241668701, -1.38220250607, 19.168756485, 49.8235282898, 24.3730888367, 24.3671188354, 32.7543144226, 13.9960632324], [280.930664062, -21.56016922, 149.493682861, 124.835006714, 205.811050415, 111.704460144, 36.1111297607, 24.7680053711, 52.4066772461, 41.0118484497, 28.3912086487, 28.5335235596, 21.6283664703], [154.427978516, 48.8184356689, 216.696365356, 36.7241668701, 111.704460144, 286.94744873, 150.409912109, 58.335105896, 78.823677063, 60.6657829285, 68.0367736816, -9.45185661316, -9.090259552], [104.547431946, 122.545196533, 0.775113523006, -1.38220250607, 36.1111297607, 150.409912109, 209.764938354, 76.031867981, 35.902545929, 26.5317516327, 41.0026168823, 11.9162387848, 1.85236752033], [-101.297889709, 54.2271118164, 39.7173347473, 19.168756485, 24.7680053711, 58.335105896, 76.031867981, 118.129402161, 73.8956604004, 38.7504081726, 27.1283588409, 5.17127132416, 6.069480896], [-123.799125671, 41.7172584534, 134.339187622, 49.8235282898, 52.4066772461, 78.823677063, 35.902545929, 73.8956604004, 138.333557129, 70.2666091919, 31.3888721466, -4.20069885254, -5.73514127731], [-22.8908882141, 26.3851833344, 68.6927261353, 24.3730888367, 41.0118484497, 60.6657829285, 26.5317516327, 38.7504081726, 70.2666091919, 84.5246429443, 42.8700141907, 4.84837055206, -1.19089889526], [8.26997375488, 21.2265777588, 103.869094849, 24.3671188354, 28.3912086487, 68.0367736816, 41.0026168823, 27.1283588409, 31.3888721466, 42.8700141907, 83.2962646484, 31.62591362, 5.73658800125], [49.9434394836, 15.1191511154, 11.8927583694, 32.7543144226, 28.5335235596, -9.45185661316, 11.9162387848, 5.17127132416, -4.20069885254, 4.84837055206, 31.62591362, 76.4515609741, 39.7710723877], [105.289665222, 1.05001437664, -6.49945306778, 13.9960632324, 21.6283664703, -9.090259552, 1.85236752033, 6.069480896, -5.73514127731, -1.19089889526, 5.73658800125, 39.7710723877, 68.1813583374]],
        "icov": [[0.000386339845136, 0.000150192281581, -0.000241325309617, 0.000560728483833, -0.000856581842527, 0.000299639854347, -0.000585180183407, 0.000419976917328, 0.000462944764877, -0.000195489439648, 0.000150267282152, 0.000188051286386, -0.000533655402251], [0.000150192281581, 0.00426475191489, 0.000974774302449, -0.00155727076344, 0.00155240518507, -0.000255714490777, -0.00252891751006, 0.000632586074062, -0.00146072346251, -0.000367880857084, -0.000170786661329, -0.000580620602705, -0.000175414475962], [-0.000241325309617, 0.000974774302449, 0.00233218423091, -0.00227278796956, 0.00143736228347, -0.00200743135065, 0.00125091243535, -3.96475206799e-06, -0.0018810183974, 0.00128512352239, -0.00192886707373, 6.49645517115e-05, 0.000277913728496], [0.000560728483833, -0.00155727076344, -0.00227278796956, 0.0101944291964, -0.00709542632103, 0.00306255300529, -0.000479935173644, 0.000384798506275, -0.000136912800372, 0.000774708227254, 0.000359797209967, -0.00132158037741, 0.0002292694262], [-0.000856581842527, 0.00155240518507, 0.00143736228347, -0.00709542632103, 0.0134796882048, -0.00599031103775, 0.00189304782543, -0.000609994400293, -0.00151205260772, -0.00234585045837, 0.00281421816908, -0.0038913525641, -0.000314431556035], [0.000299639854347, -0.000255714490777, -0.00200743135065, 0.00306255300529, -0.00599031103775, 0.0120849097148, -0.00769801205024, 0.00271817995235, -0.00143171369564, -0.000457915477455, -0.00473706331104, 0.00606684759259, -0.00106892897747], [-0.000585180183407, -0.00252891751006, 0.00125091243535, -0.000479935173644, 0.00189304782543, -0.00769801205024, 0.0139030646533, -0.0070688794367, 0.00216436968185, 0.00174800388049, -0.000171522740857, -0.00341821508482, 0.00200599338859], [0.000419976917328, 0.000632586074062, -3.96475206799e-06, 0.000384798506275, -0.000609994400293, 0.00271817995235, -0.0070688794367, 0.017657617107, -0.00865575205535, 0.000339364720276, -0.00201648240909, 0.00192986568436, -0.00323980138637], [0.000462944764877, -0.00146072346251, -0.0018810183974, -0.000136912800372, -0.00151205260772, -0.00143171369564, 0.00216436968185, -0.00865575205535, 0.0206930376589, -0.0122363986447, 0.00436712149531, 0.000566854840145, 0.000985677121207], [-0.000195489439648, -0.000367880857084, 0.00128512352239, 0.000774708227254, -0.00234585045837, -0.000457915477455, 0.00174800388049, 0.000339364720276, -0.0122363986447, 0.0275790821761, -0.0122238472104, 0.00304552097805, -0.000419152376708], [0.000150267282152, -0.000170786661329, -0.00192886707373, 0.000359797209967, 0.00281421816908, -0.00473706331104, -0.000171522740857, -0.00201648240909, 0.00436712149531, -0.0122238472104, 0.0276504661888, -0.0139739979059, 0.00415134476498], [0.000188051286386, -0.000580620602705, 6.49645517115e-05, -0.00132158037741, -0.0038913525641, 0.00606684759259, -0.00341821508482, 0.00192986568436, 0.000566854840145, 0.00304552097805, -0.0139739979059, 0.0289535038173, -0.0136519819498], [-0.000533655402251, -0.000175414475962, 0.000277913728496, 0.0002292694262, -0.000314431556035, -0.00106892897747, 0.00200599338859, -0.00323980138637, 0.000985677121207, -0.000419152376708, 0.00415134476498, -0.0136519819498, 0.023353818804]]
    },
    "spectral_contrast_coeffs": {
        "max": [-0.450642377138, -0.480261236429, -0.450328052044, -0.534331560135, -0.609648227692, -0.718084454536],
        "mean": [-0.735440194607, -0.759241580963, -0.742979824543, -0.778721272945, -0.790482103825, -0.803323745728],
        "min": [-0.899479031563, -0.919641375542, -0.899443745613, -0.902591645718, -0.877913653851, -0.858097672462],
        "stdev": [0.0715345293283, 0.0670038685203, 0.0840334519744, 0.0652486905456, 0.0383141189814, 0.0196155495942]
    },
    "spectral_contrast_valleys": {
        "max": [-5.02970266342, -5.43635797501, -5.45674085617, -5.98969221115, -5.79232931137, -7.88106679916],
        "mean": [-7.2839922905, -7.22220468521, -7.36079359055, -7.41486549377, -7.23761987686, -9.40721035004],
        "min": [-10.9079475403, -9.25004196167, -9.00384044647, -9.23541927338, -9.46798324585, -12.7473611832],
        "stdev": [0.951556026936, 0.600698888302, 0.574370801449, 0.548897087574, 0.574520111084, 0.83711963892]
    }
},
"rhythm": {
    "beats_count": 97,
    "beats_loudness": {
        "max": 0.0812341049314,
        "mean": 0.0277357790619,
        "min": 0.000405587808928,
        "stdev": 0.024168105796
    },
    "bpm": 129.969726562,
    "bpm_histogram_first_peak_bpm": 129,
    "bpm_histogram_first_peak_weight": 0.273684203625,
    "bpm_histogram_second_peak_bpm": 136,
    "bpm_histogram_second_peak_spread": 0,
    "bpm_histogram_second_peak_weight": 0.0104166669771,
    "danceability": 0.921488046646,
    "onset_rate": 3.13692188263,
    "beats_loudness_band_ratio": {
        "max": [0.898457705975, 0.59449750185, 0.611855447292, 0.880054533482, 0.615775287151, 0.474960327148],
        "mean": [0.259008675814, 0.110710702837, 0.146830514073, 0.251509040594, 0.137680992484, 0.12317866832],
        "min": [0.000352874980308, 0.00358435790986, 0.00771846435964, 0.00861086137593, 0.0132039226592, 0.0145494174212],
        "stdev": [0.269317775965, 0.138837397099, 0.142675876617, 0.219393998384, 0.115540191531, 0.0968503877521]
    },
