{
"metadata": {
    "version": {
        "essentia": "2.1-beta5",
        "essentia_git_sha": "Undefined",
        "extractor": "music 2.0"
    },
    "audio_properties": {
        "analysis": {
            "equal_loudness": 0,
            "length": 32.4963264465,
            "sample_rate": 44100,
            "start_time": 12.7477550507,
            "downmix": "mix"
        },
        "bit_rate": 192000,
        "length": 183.298324585,
        "lossless": 0,
        "number_channels": 2,
        "replay_gain": -8.30647468567,
        "sample_rate": 44100,
        "codec": "mp3",
        "md5_encoded": "6f13e898df36d062717fad4bb2f47e03"
    },
    "tags": {
        "file_name": "Spain_I Love You Mi Vida_NASH.mp3",
        "encoding": ["Lavf58.29.100"]
    }
},
"lowlevel": {
    "average_loudness": 0.979473948479,
    "barkbands_crest": {
        "max": 23.4229545593,
        "mean": 8.91572475433,
        "min": 2.91406679153,
        "stdev": 3.35859870911
    },
    "barkbands_flatness_db": {
        "max": 0.179649040103,
        "mean": 0.0855133906007,
        "min": 0.021783048287,
        "stdev": 0.0266756117344
    },
    "barkbands_kurtosis": {
        "max": 24.0482463837,
        "mean": 1.96969711781,
        "min": -1.84234678745,
        "stdev": 3.25454640388
    },
    "barkbands_skewness": {
        "max": 4.70868062973,
        "mean": 1.45617556572,
        "min": -1.02220726013,
        "stdev": 0.79989361763
    },
    "barkbands_spread": {
        "max": 99.9381713867,
        "mean": 38.2078857422,
        "min": 8.33213329315,
        "stdev": 16.953037262
    },
    "dissonance": {
        "max": 0.499805986881,
        "mean": 0.473314553499,
        "min": 0.369787812233,
        "stdev": 0.0193952657282
    },
    "dynamic_complexity": 1.64720487595,
    "erbbands_crest": {
        "max": 23.6137866974,
        "mean": 7.41019058228,
        "min": 2.0666577816,
        "stdev": 3.7332379818
    },
    "erbbands_flatness_db": {
        "max": 0.200772836804,
        "mean": 0.101822510362,
        "min": 0.0424434803426,
        "stdev": 0.029087619856
    },
    "erbbands_kurtosis": {
        "max": 6.1542930603,
        "mean": -0.325398743153,
        "min": -1.67215490341,
        "stdev": 1.09336423874
    },
    "erbbands_skewness": {
        "max": 1.9963003397,
        "mean": 0.0502537712455,
        "min": -2.1771132946,
        "stdev": 0.665346086025
    },
    "erbbands_spread": {
        "max": 134.489715576,
        "mean": 58.1233901978,
        "min": 15.4744100571,
        "stdev": 20.0919151306
    },
    "hfc": {
        "max": 172.67376709,
        "mean": 35.9840049744,
        "min": 0.994369626045,
        "stdev": 20.9892368317
    },
    "loudness_ebu128": {
        "integrated": -14.4010419846,
        "loudness_range": 1.45048046112,
        "momentary": {
            "max": -11.8081893921,
            "mean": -14.5342330933,
            "min": -18.3712177277,
            "stdev": 1.10624241829
        },
        "short_term": {
            "max": -13.1392707825,
            "mean": -14.4092683792,
            "min": -15.4869699478,
            "stdev": 0.512982010841
        }
    },
    "melbands_crest": {
        "max": 25.7067050934,
        "mean": 12.9676332474,
        "min": 4.35745286942,
        "stdev": 3.87448859215
    },
    "melbands_flatness_db": {
        "max": 0.274058222771,
        "mean": 0.156356781721,
        "min": 0.0372553542256,
        "stdev": 0.0357944332063
    },
    "melbands_kurtosis": {
        "max": 103.170799255,
        "mean": 14.4582939148,
        "min": -1.24145567417,
        "stdev": 12.4866342545
    },
    "melbands_skewness": {
        "max": 8.69996738434,
        "mean": 3.13954353333,
        "min": 0.343580961227,
        "stdev": 1.33926689625
    },
    "melbands_spread": {
        "max": 169.498718262,
        "mean": 29.330286026,
        "min": 4.41788482666,
        "stdev": 17.6381645203
    },
    "pitch_salience": {
        "max": 0.789389431477,
        "mean": 0.577077627182,
        "min": 0.219702735543,
        "stdev": 0.0928014889359
    },
    "silence_rate_20dB": {
        "max": 1,
        "mean": 1,
        "min": 1,
        "stdev": 0
    },
    "silence_rate_30dB": {
        "max": 1,
        "mean": 1,
        "min": 1,
        "stdev": 0
    },
    "silence_rate_60dB": {
        "max": 0,
        "mean": 0,
        "min": 0,
        "stdev": 0
    },
    "spectral_centroid": {
        "max": 4053.46606445,
        "mean": 1674.26501465,
        "min": 449.472991943,
        "stdev": 583.44708252
    },
    "spectral_complexity": {
        "max": 55,
        "mean": 24.0599575043,
        "min": 1,
        "stdev": 7.15052127838
    },
    "spectral_decrease": {
        "max": -2.53978893472e-10,
        "mean": -7.85619480581e-09,
        "min": -3.69976049797e-08,
        "stdev": 3.88503318405e-09
    },
    "spectral_energy": {
        "max": 0.143817037344,
        "mean": 0.0329149775207,
        "min": 0.00104876572732,
        "stdev": 0.015438596718
    },
    "spectral_energyband_high": {
        "max": 0.0181752927601,
        "mean": 0.00245245918632,
        "min": 5.89184674027e-05,
        "stdev": 0.00207779812627
    },
    "spectral_energyband_low": {
        "max": 0.0806811600924,
        "mean": 0.0108185652643,
        "min": 0.000182354095159,
        "stdev": 0.00841271597892
    },
    "spectral_energyband_middle_high": {
        "max": 0.0384534224868,
        "mean": 0.00540147395805,
        "min": 0.000228389719268,
        "stdev": 0.00451978528872
    },
    "spectral_energyband_middle_low": {
        "max": 0.0897881388664,
        "mean": 0.015507593751,
        "min": 0.000672584399581,
        "stdev": 0.0118205714971
    },
    "spectral_entropy": {
        "max": 8.73788928986,
        "mean": 8.00831985474,
        "min": 7.26233291626,
        "stdev": 0.2627838552
    },
    "spectral_flux": {
        "max": 0.297130584717,
        "mean": 0.105521500111,
        "min": 0.0309330746531,
        "stdev": 0.0383886098862
    },
    "spectral_kurtosis": {
        "max": 8.47971725464,
        "mean": 2.40538525581,
        "min": -0.546300649643,
        "stdev": 1.13605737686
    },
    "spectral_rms": {
        "max": 0.0118452226743,
        "mean": 0.00551338307559,
        "min": 0.00101152656134,
        "stdev": 0.00130949367303
    },
    "spectral_rolloff": {
        "max": 11154.1992188,
        "mean": 2271.66479492,
        "min": 107.666015625,
        "stdev": 2029.70788574
    },
    "spectral_skewness": {
        "max": 2.58312726021,
        "mean": 1.30842220783,
        "min": 0.506090700626,
        "stdev": 0.249301150441
    },
    "spectral_spread": {
        "max": 12341354,
        "mean": 6577478,
        "min": 3749866,
        "stdev": 1380877.125
    },
    "spectral_strongpeak": {
        "max": 9.86130046844,
        "mean": 0.747084140778,
        "min": 0,
        "stdev": 0.967568397522
    },
    "zerocrossingrate": {
        "max": 0.2802734375,
        "mean": 0.0980933010578,
        "min": 0.0166015625,
        "stdev": 0.0399258844554
    },
    "barkbands": {
        "max": [0.00333099626005, 0.0484410524368, 0.0470747798681, 0.0529149957001, 0.068975970149, 0.0430464297533, 0.0200182572007, 0.0171446427703, 0.0351015999913, 0.0277360714972, 0.0186876747757, 0.0199257098138, 0.0102901328355, 0.00417704740539, 0.00683454563841, 0.0170993097126, 0.0143817178905, 0.0100125707686, 0.00392950046808, 0.00629612477496, 0.00213859137148, 0.00340783689171, 0.00515553168952, 0.00964791700244, 0.00463748769835, 0.00316495867446, 0.000332081341185],
        "mean": [0.000271457101917, 0.00617627473548, 0.00321794720367, 0.00229072803631, 0.00673606712371, 0.00235753366724, 0.00103621603921, 0.00142043572851, 0.00142314122058, 0.000702291319612, 0.00071858195588, 0.000537842628546, 0.000362018647138, 0.000220142057515, 0.000374692754121, 0.000785934331361, 0.000528900825884, 0.00065648421878, 0.000439354567789, 0.000483117968543, 0.000314763805363, 0.000336636730935, 0.000377369637135, 0.000452200794825, 0.0003958971065, 0.000281732529402, 1.72081599885e-05],
        "min": [4.47307598961e-07, 1.74704109668e-05, 2.99036837532e-05, 8.81263349584e-06, 5.70439005969e-05, 3.38905410899e-05, 5.59644558962e-06, 1.50752239279e-05, 5.93651566305e-06, 2.66004622063e-06, 6.4855794335e-06, 1.01799214463e-05, 6.83494454279e-06, 8.08771164884e-06, 9.27238943405e-06, 2.16000535147e-06, 3.25730934492e-06, 3.01287418552e-05, 2.41928028117e-05, 1.93143296201e-05, 1.28650144688e-05, 6.1097471189e-06, 2.76112632491e-06, 7.91508864495e-06, 4.99735278936e-06, 6.63105129206e-06, 4.65961089158e-11],
        "stdev": [0.000275424477877, 0.00531575409696, 0.00412964448333, 0.00353876780719, 0.00798702612519, 0.00383842131123, 0.00175565062091, 0.00206850841641, 0.00353663181886, 0.00166127365083, 0.00167597492691, 0.0011985899182, 0.000867428665515, 0.00031153272721, 0.000577904691454, 0.00148840143811, 0.000814888684545, 0.000845487520564, 0.000370007270249, 0.000616494391579, 0.000265338865574, 0.000296405487461, 0.000459879316622, 0.000563963549212, 0.000449993851362, 0.000391979730921, 3.56802411261e-05]
    },
    "erbbands": {
        "max": [1.29734683037, 12.9326467514, 39.0031700134, 131.080688477, 161.702056885, 326.74420166, 490.251556396, 350.146118164, 184.354110718, 714.621276855, 477.621704102, 1076.74267578, 691.250915527, 794.629150391, 527.281433105, 935.639953613, 553.821289062, 200.382904053, 403.013946533, 437.997772217, 1027.52380371, 533.69909668, 406.870117188, 413.103668213, 226.099197388, 336.837982178, 126.294387817, 95.8612518311, 104.302444458, 151.505584717, 165.38192749, 93.1349029541, 211.166671753, 79.7729492188, 25.6063652039, 10.4409694672, 5.41230630875, 1.71435379982, 0.030913548544, 0.000933908566367],
        "mean": [0.180489763618, 1.37159180641, 3.72488117218, 6.02047920227, 11.8824224472, 25.5805263519, 27.7790718079, 16.5933322906, 13.3260726929, 24.433429718, 32.7675056458, 34.0577163696, 26.5966281891, 23.9324398041, 27.5338954926, 23.8684253693, 19.0718212128, 11.6269655228, 15.8274278641, 26.0835475922, 46.7065086365, 31.3725566864, 35.0581626892, 27.4982795715, 20.5923900604, 24.2225131989, 14.0438327789, 13.276845932, 11.1685791016, 11.6306591034, 11.1715269089, 9.56492614746, 7.37134170532, 4.88773298264, 2.61726951599, 1.17960762978, 0.498814374208, 0.108338080347, 0.00210854341276, 0.000107074512925],
        "min": [0.000555097940378, 0.00467945355922, 0.0580169036984, 0.0874927639961, 0.179404556751, 0.206305503845, 0.15660558641, 0.189457029104, 0.14067658782, 0.24133990705, 0.460994124413, 0.481035768986, 0.18888899684, 0.332247257233, 0.720378637314, 0.550284445286, 0.411176323891, 0.724785089493, 0.840294599533, 0.29914239049, 0.136852622032, 0.196685656905, 1.35329818726, 1.83457505703, 0.913765490055, 0.932781934738, 0.864435791969, 0.395236611366, 0.18759201467, 0.109100691974, 0.0894536674023, 0.158308684826, 0.118737183511, 0.0484942235053, 0.043504871428, 0.0236617065966, 0.0104640796781, 0.000740288000088, 3.59362966265e-05, 3.06096217173e-06],
        "stdev": [0.15216845274, 1.30017220974, 4.12464523315, 9.05134391785, 17.1467323303, 37.925907135, 45.0540161133, 24.7901477814, 19.6742897034, 48.6523475647, 50.3647079468, 97.2767562866, 56.8722496033, 56.4924316406, 59.4022827148, 55.3766021729, 44.8608589172, 13.9342594147, 26.556388855, 38.6585464478, 91.3091278076, 44.7657928467, 45.7502059937, 26.9644298553, 17.2681388855, 32.0970802307, 13.8884420395, 11.2765140533, 9.42493915558, 12.0564470291, 14.5342845917, 11.1101722717, 10.2069997787, 6.12330341339, 2.83383536339, 1.3625742197, 0.738502204418, 0.197800934315, 0.00373364100233, 0.000107535714051]
    },
    "gfcc": {
        "mean": [65.9950180054, 52.3452262878, -89.3122787476, 42.214099884, -56.8389663696, 17.1340961456, -43.7587928772, 20.01628685, -29.30610466, 4.76134729385, -21.2093868256, 8.05032444, -13.3281583786],
        "cov": [[689.516296387, -186.868408203, 62.8876342773, -73.9170227051, -62.4367637634, -27.9091682434, -23.5518550873, -28.8390235901, -11.2083244324, -9.56787204742, -25.3223552704, 13.1386270523, -20.6655082703], [-186.868408203, 452.252380371, -148.086700439, -39.8114089966, -5.28567790985, -29.4642848969, 39.094417572, 24.6039600372, 7.96452999115, -23.8033180237, 15.5940761566, -24.7321548462, 28.880197525], [62.8876342773, -148.086700439, 321.900390625, 15.839430809, 11.5958433151, -15.8548173904, -78.3436889648, -47.3558425903, -4.74685382843, 7.79644441605, -11.7851781845, 17.5519657135, -45.0634155273], [-73.9170227051, -39.8114089966, 15.839430809, 250.066589355, 46.1565895081, -22.4139823914, -72.0864105225, 7.69559621811, 42.9970550537, -9.0609588623, -7.40776872635, 6.81539392471, 32.9974937439], [-62.4367637634, -5.28567790985, 11.5958433151, 46.1565895081, 146.224380493, 0.0411385633051, 1.67510831356, 15.1065988541, 14.8090581894, 0.0676540210843, -17.73371315, 7.25539684296, -8.82171535492], [-27.9091682434, -29.4642848969, -15.8548173904, -22.4139823914, 0.0411385633051, 168.308685303, 114.213760376, 9.87853527069, -32.0666999817, 10.9080696106, 20.8960418701, -24.3855667114, -16.8507499695], [-23.5518550873, 39.094417572, -78.3436889648, -72.0864105225, 1.67510831356, 114.213760376, 221.899291992, 35.2465133667, -53.8163909912, 19.6819705963, 18.3253555298, -18.7016620636, -11.5027427673], [-28.8390235901, 24.6039600372, -47.3558425903, 7.69559621811, 15.1065988541, 9.87853527069, 35.2465133667, 75.7143707275, 35.8367118835, 0.975428879261, -0.173832818866, -10.3980932236, 3.84114050865], [-11.2083244324, 7.96452999115, -4.74685382843, 42.9970550537, 14.8090581894, -32.0666999817, -53.8163909912, 35.8367118835, 92.3127975464, 14.466094017, -15.5438280106, 0.326161593199, 5.09264421463], [-9.56787204742, -23.8033180237, 7.79644441605, -9.0609588623, 0.0676540210843, 10.9080696106, 19.6819705963, 0.975428879261, 14.466094017, 60.5114860535, 19.4463119507, -3.30619621277, -2.60394144058], [-25.3223552704, 15.5940761566, -11.7851781845, -7.40776872635, -17.73371315, 20.8960418701, 18.3253555298, -0.173832818866, -15.5438280106, 19.4463119507, 59.4072380066, 20.9779262543, 3.74376773834], [13.1386270523, -24.7321548462, 17.5519657135, 6.81539392471, 7.25539684296, -24.3855667114, -18.7016620636, -10.3980932236, 0.326161593199, -3.30619621277, 20.9779262543, 56.6678924561, 20.3336639404], [-20.6655082703, 28.880197525, -45.0634155273, 32.9974937439, -8.82171535492, -16.8507499695, -11.5027427673, 3.84114050865, 5.09264421463, -2.60394144058, 3.74376773834, 20.3336639404, 65.6909179688]],
        "icov": [[0.00187970756087, 0.000896023528185, 3.39649559464e-05, 0.000604946282692, 0.000717965420336, 0.000548727868591, -0.000354853429599, 0.000532042351551, -0.000506441690959, 0.00070819479879, 0.000473920779768, -0.000192126724869, 0.000160554671311], [0.000896023528185, 0.00408709235489, 0.000590829469729, 0.00139383436181, -0.000899256032426, 0.00267933798023, -0.00236761732958, 0.00275066448376, -0.00374059076421, 0.004865413066, -0.00518527906388, 0.00541672157124, -0.00271699600853], [3.39649559464e-05, 0.000590829469729, 0.00491703441367, -0.000493755738717, 0.000310448172968, -0.000972774985712, 0.00223310245201, 0.000470908213174, 0.00177206611261, -0.00233915960416, 0.00272756721824, -0.00352380634286, 0.0042328434065], [0.000604946282692, 0.00139383436181, -0.000493755738717, 0.00611521815881, -0.00228969566524, 0.000383539299946, 0.00039011737681, 0.00155492685735, -0.00369964423589, 0.00346023379825, -0.00359162781388, 0.00398620963097, -0.00466987071559], [0.000717965420336, -0.000899256032426, 0.000310448172968, -0.00228969566524, 0.0094853322953, -0.00146748870611, 0.000887537316885, -0.00365741318092, 0.00284485868178, -0.00396997155622, 0.00774586107582, -0.00741541432217, 0.00472693424672], [0.000548727868591, 0.00267933798023, -0.000972774985712, 0.000383539299946, -0.00146748870611, 0.0128519190475, -0.00825186260045, 0.0049052531831, -0.0049684131518, 0.00640600454062, -0.00982472579926, 0.0101021062583, -0.00242533837445], [-0.000354853429599, -0.00236761732958, 0.00223310245201, 0.00039011737681, 0.000887537316885, -0.00825186260045, 0.0147281959653, -0.0112974280491, 0.0130498297513, -0.0106290411204, 0.0090384464711, -0.00806274265051, 0.00405479595065], [0.000532042351551, 0.00275066448376, 0.000470908213174, 0.00155492685735, -0.00365741318092, 0.0049052531831, -0.0112974280491, 0.0297157764435, -0.0208304040134, 0.0134506095201, -0.0135295232758, 0.0129476478323, -0.00553728640079], [-0.000506441690959, -0.00374059076421, 0.00177206611261, -0.00369964423589, 0.00284485868178, -0.0049684131518, 0.0130498297513, -0.0208304040134, 0.0322732441127, -0.0195414219052, 0.0186660401523, -0.0144982105121, 0.00731719750911], [0.00070819479879, 0.004865413066, -0.00233915960416, 0.00346023379825, -0.00396997155622, 0.00640600454062, -0.0106290411204, 0.0134506095201, -0.0195414219052, 0.0342863760889, -0.0233768131584, 0.0182117614895, -0.00822747591883], [0.000473920779768, -0.00518527906388, 0.00272756721824, -0.00359162781388, 0.00774586107582, -0.00982472579926, 0.0090384464711, -0.0135295232758, 0.0186660401523, -0.0233768131584, 0.0435366779566, -0.0290934573859, 0.0111482907087], [-0.000192126724869, 0.00541672157124, -0.00352380634286, 0.00398620963097, -0.00741541432217, 0.0101021062583, -0.00806274265051, 0.0129476478323, -0.0144982105121, 0.0182117614895, -0.0290934573859, 0.0438789911568, -0.0175130292773], [0.000160554671311, -0.00271699600853, 0.0042328434065, -0.00466987071559, 0.00472693424672, -0.00242533837445, 0.00405479595065, -0.00553728640079, 0.00731719750911, -0.00822747591883, 0.0111482907087, -0.0175130292773, 0.0266558472067]]
    },
    "melbands": {
        "max": [0.010868079029, 0.0148649895564, 0.024162992835, 0.0107229491696, 0.0184727739543, 0.00761866336688, 0.00264887139201, 0.00718346470967, 0.00491197220981, 0.00698962807655, 0.00336498348042, 0.00318473740481, 0.00215465761721, 0.00132873118855, 0.00196393276565, 0.00116962450556, 0.000353466923116, 0.000680642086081, 0.000507353630383, 0.00135469913948, 0.00155548437033, 0.000607428140938, 0.000313558703056, 0.000571232114453, 0.000311732961563, 0.000228892240557, 0.000145783807966, 0.000247351446887, 0.000114954294986, 4.49795516033e-05, 6.34429015918e-05, 6.0912079789e-05, 7.36141955713e-05, 7.77029199526e-05, 9.69450848061e-05, 7.31139953132e-05, 5.61428605579e-05, 0.000120508258988, 0.000173334934516, 5.05030038767e-05],
        "mean": [0.0016588664148, 0.00188436859753, 0.00120185606647, 0.00127586140297, 0.00109238806181, 0.000386769475881, 0.000205747346627, 0.000273531448329, 0.000257006671745, 0.000212782280869, 0.000126806844492, 9.27650980884e-05, 0.000103536651295, 5.94068333157e-05, 5.30308716407e-05, 3.47875611624e-05, 1.9090854039e-05, 2.3756405426e-05, 2.83744648186e-05, 3.94125345338e-05, 5.9866320953e-05, 3.26494955516e-05, 2.90606258204e-05, 3.10475406877e-05, 2.13889397855e-05, 1.62908072525e-05, 1.38469149533e-05, 1.67083217093e-05, 9.78004118224e-06, 6.46157604933e-06, 8.07665310276e-06, 6.21614026386e-06, 6.6058628363e-06, 6.13699694441e-06, 6.20470518697e-06, 6.04475735599e-06, 5.88672173762e-06, 4.98408962812e-06, 4.79826258015e-06, 4.06361550631e-06],
        "min": [4.88522709929e-06, 2.56284984061e-05, 2.03354484256e-05, 1.67132457136e-05, 5.71126020077e-06, 3.28783357872e-06, 2.01952184398e-06, 2.34787398767e-06, 3.93313166569e-06, 1.64538448644e-06, 8.67596043008e-07, 9.18696173358e-07, 1.60102047175e-06, 1.22589415241e-06, 1.31111630708e-06, 8.27671556181e-07, 8.31147190183e-07, 9.08657796117e-07, 5.8379737311e-07, 2.1912708803e-07, 1.48542227407e-07, 2.01599235083e-07, 2.34964488754e-07, 1.52375696416e-06, 1.14620797831e-06, 6.70936231018e-07, 4.03096180435e-07, 4.93560037285e-07, 4.33710027892e-07, 2.64181124976e-07, 2.13018239492e-07, 1.02997574913e-07, 9.87247048556e-08, 4.35730136417e-08, 4.45305445851e-08, 7.13650649686e-08, 1.1211569273e-07, 8.15100875684e-08, 7.8649073032e-08, 2.62856190147e-08],
        "stdev": [0.00137034256477, 0.00178596901242, 0.00161580403801, 0.00155709392857, 0.0015788419405, 0.000575370620936, 0.000289856630843, 0.000491890998092, 0.000423719378887, 0.000617820245679, 0.000283080269583, 0.000235561848967, 0.000238382242969, 0.000111367146019, 0.000126413127873, 7.70772603573e-05, 2.42885034822e-05, 4.46543344879e-05, 4.42147575086e-05, 6.91556269885e-05, 0.000129648251459, 4.99238267366e-05, 3.71991227439e-05, 4.18846320827e-05, 2.16954576899e-05, 1.46494603541e-05, 1.5317062207e-05, 2.45104893111e-05, 1.17412155305e-05, 5.71779901293e-06, 7.21543847249e-06, 5.4382558119e-06, 6.727577329e-06, 6.72848182148e-06, 8.34010188555e-06, 7.65781624068e-06, 7.00396776665e-06, 6.77570233165e-06, 7.38573726267e-06, 5.06964397573e-06]
    },
    "melbands128": {
        "max": [0.00298304716125, 0.00996745750308, 0.0171890426427, 0.0254786293954, 0.0185246001929, 0.025271313265, 0.0271758195013, 0.0261607114226, 0.0181578788906, 0.0155679304153, 0.0250098481774, 0.0317114666104, 0.020042123273, 0.0167589224875, 0.0102586336434, 0.0081302113831, 0.00626467028633, 0.00427623558789, 0.00408352632076, 0.0135825518519, 0.00518992450088, 0.00493288878351, 0.00725357048213, 0.00886364001781, 0.0100863203406, 0.0129724806175, 0.00657525844872, 0.00465845968574, 0.0072219944559, 0.00653308909386, 0.00642854440957, 0.005239804741, 0.00442045461386, 0.00257625803351, 0.00160292955115, 0.00163022777997, 0.00586405722424, 0.00211524427868, 0.00225654570386, 0.00296982401051, 0.000815378967673, 0.000782215269282, 0.000560677377507, 0.000354087649612, 0.000655771989841, 0.00120677135419, 0.000755419547204, 0.000838347827084, 0.00130022712983, 0.000963264843449, 0.00166216748767, 0.00308217830025, 0.00279409857467, 0.00348522351123, 0.0011333435541, 0.000687646272127, 0.00123512453865, 0.000381661375286, 0.000680140045006, 0.000908354937565, 0.000728880055249, 0.000700437289197, 0.000483352341689, 0.000257480278378, 0.000469634047477, 0.000363277824363, 0.000259907712461, 0.000181966475793, 0.000267583644018, 0.000394740171032, 0.000536305480637, 0.000319244136335, 0.000273538666079, 0.000198094538064, 7.79386900831e-05, 0.000104284474219, 6.12353687757e-05, 0.000103008751466, 9.89320906228e-05, 0.000103996673715, 6.73009490129e-05, 5.23871276528e-05, 6.12621734035e-05, 0.000122479759739, 0.000134081637952, 0.000142230259371, 7.62404524721e-05, 8.92580865184e-05, 0.000112514018838, 0.000163275850355, 0.000127416366013, 5.26248113601e-05, 5.644839257e-05, 6.86827042955e-05, 7.16051508789e-05, 9.08873116714e-05, 8.45243193908e-05, 0.000311245239573, 0.000253194652032, 9.24109117477e-05, 4.49166254839e-05, 7.65818695072e-05, 5.53980898985e-05, 3.81850732083e-05, 2.93573011731e-05, 6.41596925561e-05, 1.76853700395e-05, 1.61782336363e-05, 2.39232322201e-05, 2.23655952141e-05, 2.85423757305e-05, 1.77507990884e-05, 2.03004838113e-05, 1.75667973963e-05, 2.40714798565e-05, 3.5153265344e-05, 9.20019920159e-06, 1.65007861597e-07, 2.32580052995e-08, 1.29265287363e-09, 1.47439771503e-09, 1.57980162285e-09, 1.65476132796e-09, 1.70171721159e-09, 1.72334302384e-09, 1.74213121706e-09, 1.76166281562e-09, 1.7678334352e-09],
        "mean": [0.000246931565925, 0.00138684513513, 0.00221773306839, 0.00226076296531, 0.00205054925755, 0.00145427731331, 0.00119211745914, 0.00112682930194, 0.0012500025332, 0.00100530416239, 0.00157280766871, 0.00156545091886, 0.00101181166247, 0.000474184431368, 0.000305540859699, 0.000423834630055, 0.000285651010927, 9.47400112636e-05, 0.000170763465576, 0.000352911738446, 0.000239281827817, 0.000305528606987, 0.000282225199044, 0.000169812323293, 0.000251277408097, 0.000198331836145, 0.000189495927771, 0.00011463122064, 8.13626829768e-05, 0.000100325436506, 8.31377910799e-05, 0.000102128018625, 0.000149810846779, 6.05060631642e-05, 4.70695085824e-05, 6.10759525443e-05, 7.98883556854e-05, 4.59204165963e-05, 4.20939504693e-05, 5.09278615937e-05, 2.51381970884e-05, 2.6623292797e-05, 1.92697607417e-05, 1.47290156747e-05, 1.88522699318e-05, 2.80913027382e-05, 2.66026072495e-05, 2.20097736019e-05, 3.06837100652e-05, 4.17463779741e-05, 3.83006299671e-05, 3.61743586836e-05, 6.91657041898e-05, 7.16218637535e-05, 3.64636980521e-05, 3.16609293805e-05, 2.49642471317e-05, 2.2384325348e-05, 3.41485683748e-05, 3.59957557521e-05, 2.9888273275e-05, 2.9669230571e-05, 2.26998636208e-05, 1.87285677384e-05, 1.9439663447e-05, 1.68581918842e-05, 1.4599021597e-05, 1.15927123261e-05, 1.30856697069e-05, 1.72557502083e-05, 1.96498585865e-05, 1.48821345647e-05, 1.19155520224e-05, 9.98813902697e-06, 5.34524724571e-06, 6.04548949923e-06, 6.54197492622e-06, 8.62100932864e-06, 8.22246056487e-06, 7.94183961261e-06, 6.74046395943e-06, 4.99271845911e-06, 5.69650319449e-06, 7.19677291272e-06, 6.8847843977e-06, 7.17569537301e-06, 5.61541492061e-06, 4.44944180344e-06, 6.11253381066e-06, 7.7346476246e-06, 6.74710054227e-06, 4.98653571412e-06, 5.76678712605e-06, 6.44939473204e-06, 5.924378911e-06, 4.23162009611e-06, 5.12184078616e-06, 5.37619962415e-06, 5.51148059458e-06, 3.92410311179e-06, 3.63399317393e-06, 4.64093136543e-06, 3.86355895898e-06, 2.78713446278e-06, 2.84751740764e-06, 3.27981138071e-06, 1.99714213522e-06, 1.92613106265e-06, 2.18820559894e-06, 1.77119738964e-06, 1.96908172256e-06, 1.64616233178e-06, 1.47321134136e-06, 1.45164256082e-06, 1.6247804524e-06, 1.60717445397e-06, 6.42107352178e-07, 7.61569141083e-10, 2.43771548086e-11, 6.53306271928e-12, 6.28043450579e-12, 6.11585088128e-12, 5.98538189497e-12, 5.87961493728e-12, 5.79318320745e-12, 5.73713689403e-12, 5.69891920113e-12, 5.66261794399e-12],
        "min": [8.16126259906e-08, 6.13281258666e-07, 5.36645984539e-06, 6.60235127725e-06, 9.24051164475e-06, 1.45303638419e-05, 5.29693306817e-06, 3.66125073015e-06, 6.1684550019e-06, 4.85663485961e-06, 3.93394657294e-06, 3.43595797858e-06, 3.20952131005e-06, 1.16024443741e-06, 6.63471610096e-07, 8.50078777148e-07, 4.01024209395e-07, 3.46260804918e-07, 2.87068814941e-07, 6.08171660588e-07, 1.01135799468e-06, 9.30529722609e-07, 9.10510038921e-07, 8.62368835897e-07, 4.05917148782e-07, 7.71152315338e-07, 6.15166356965e-07, 6.03576836511e-07, 1.05265733907e-07, 3.55974208333e-07, 3.99926761929e-07, 4.45359603418e-07, 6.1305172494e-07, 4.89633237066e-07, 2.28760058008e-07, 7.59685576668e-07, 3.06469473799e-07, 4.65104363911e-07, 2.64329429456e-07, 4.10054042277e-07, 5.13926465828e-07, 4.5982395136e-07, 9.40347533174e-08, 3.70420792706e-07, 1.81024432777e-07, 3.10713744511e-07, 3.67806421764e-07, 3.21467808817e-07, 2.8084019732e-07, 2.22722704279e-07, 1.7636492089e-07, 2.29092051995e-07, 6.91249226747e-08, 1.0806001427e-07, 3.20393212405e-07, 2.26273314752e-07, 8.2851983052e-08, 1.31888043597e-07, 1.91211171341e-07, 2.57064158404e-07, 7.08618699718e-07, 7.25093968867e-07, 6.71939801578e-07, 5.63972321288e-07, 1.15139748402e-07, 6.10181928096e-07, 6.30845306659e-07, 3.19700262708e-07, 2.07338743508e-07, 4.42291138825e-07, 4.78262450088e-07, 1.7025205068e-07, 1.04798743905e-07, 2.01952786938e-07, 6.71726994028e-08, 1.25341998114e-07, 1.81378609909e-07, 1.1546283929e-07, 2.38152438214e-07, 3.03886963593e-07, 4.11866096783e-08, 3.91598788951e-08, 1.46480530816e-07, 8.64977565129e-08, 1.05737939293e-07, 2.79168776984e-08, 3.14760804088e-08, 4.06369160544e-08, 4.83530087081e-08, 4.97980359171e-08, 4.14151415384e-08, 8.87606574906e-08, 8.81188455537e-08, 1.11198289687e-07, 1.22312314943e-07, 1.186871188e-07, 3.68131587436e-08, 9.15955382652e-08, 1.01563628618e-07, 6.44471072064e-08, 2.75106746273e-08, 1.10593934011e-08, 3.63899843592e-08, 4.08612130798e-08, 6.89365080575e-08, 5.10542648158e-08, 3.76715938444e-08, 4.93392597889e-08, 3.88931873374e-08, 4.03385129744e-08, 2.82548100472e-08, 2.18720099809e-08, 1.3997281556e-08, 1.68597384942e-08, 1.19938503573e-08, 9.95192372955e-10, 1.79383320264e-12, 2.32419606564e-13, 9.96613205915e-14, 9.12450589261e-14, 1.02930461192e-13, 8.92923430508e-14, 1.1132381231e-13, 7.95872428291e-14, 8.21717504153e-14, 1.01103431454e-13, 1.12020872992e-13, 8.85390461576e-14],
        "stdev": [0.000244612718234, 0.00126486166846, 0.00210934574716, 0.00241524050944, 0.00224547181278, 0.00204999838024, 0.00202156091109, 0.00175378774293, 0.00219609751366, 0.00153681763913, 0.00278190337121, 0.0025291852653, 0.00197699503042, 0.00121149222832, 0.000597213977017, 0.000758134236094, 0.000531731697265, 0.000235294777667, 0.000381343765184, 0.000903067120817, 0.000456762878457, 0.000556198821869, 0.000639590551145, 0.000493958650623, 0.000972245761659, 0.000812612415757, 0.000524037750438, 0.000354126212187, 0.000274342746707, 0.000317456375342, 0.000337080215104, 0.000290239200694, 0.00041088234866, 0.000205908887438, 0.000100896868389, 0.000142881923239, 0.000300355197396, 0.000150505278725, 0.000147451035446, 0.000178551490535, 5.52455203433e-05, 4.94807500218e-05, 3.27263733197e-05, 2.62114481302e-05, 4.13699781348e-05, 7.20002426533e-05, 6.00950625085e-05, 5.3436095186e-05, 6.6848260758e-05, 8.32287259982e-05, 9.77900926955e-05, 0.000106385807157, 0.000185722135939, 0.000204406445846, 6.82177924318e-05, 5.9202691773e-05, 5.36863990419e-05, 2.99790390272e-05, 5.7126631873e-05, 7.46556470403e-05, 5.16092040925e-05, 4.83933145006e-05, 3.31967785314e-05, 2.18352615775e-05, 2.90350071737e-05, 1.8866147002e-05, 1.89977436094e-05, 1.58769089467e-05, 2.24946015805e-05, 2.53551770584e-05, 4.2229090468e-05, 2.40020999627e-05, 2.18872337427e-05, 1.47774180732e-05, 5.84171675655e-06, 8.19016713649e-06, 6.9089110184e-06, 1.02490430436e-05, 8.72081272973e-06, 8.65213041834e-06, 6.80751554683e-06, 5.16972522746e-06, 6.28573161521e-06, 8.52912216942e-06, 8.6204836407e-06, 8.57587383507e-06, 7.00881628291e-06, 6.33948820905e-06, 8.62402248458e-06, 1.22800074678e-05, 1.06865500129e-05, 6.30581507721e-06, 7.7784552559e-06, 7.98669861979e-06, 7.93012259237e-06, 5.98278938924e-06, 7.84505573392e-06, 1.08234871732e-05, 1.01241921584e-05, 5.56159966436e-06, 4.71149087389e-06, 6.36583172309e-06, 5.11094549438e-06, 3.26997337652e-06, 3.17335775435e-06, 4.46916965302e-06, 2.43529143518e-06, 2.3315838007e-06, 2.76967489299e-06, 2.33092464441e-06, 2.93827383757e-06, 2.34670801547e-06, 2.48532182923e-06, 2.32827551372e-06, 2.77695471596e-06, 3.3638068544e-06, 1.26175496007e-06, 4.77996309201e-09, 6.21811990786e-10, 3.56170162807e-11, 3.99984802224e-11, 4.2659650118e-11, 4.45892558987e-11, 4.58027539507e-11, 4.63570293263e-11, 4.68419608657e-11, 4.73508419974e-11, 4.75099820596e-11]
    },
    "mfcc": {
        "mean": [-585.758911133, 87.0737380981, 21.4531898499, 28.0702342987, 13.0700654984, -0.17670494318, 1.91039323807, 7.65493059158, 1.41847038269, -0.957472383976, -2.53008198738, -0.639799118042, 0.537346661091],
        "cov": [[664.189880371, -128.680770874, 2.52371144295, -41.3884353638, -54.9579582214, -24.9597911835, -44.8435783386, -3.63709759712, -11.7015781403, -10.2407455444, -21.622718811, -8.83167648315, -11.7385835648], [-128.680770874, 404.849639893, -97.1293106079, -55.7753791809, -57.9168739319, -41.8242378235, 22.5725517273, 6.07375192642, -3.79614925385, 5.72060632706, 23.9198303223, -27.4342250824, -14.1487426758], [2.52371144295, -97.1293106079, 256.342956543, -0.354790061712, 30.5320739746, 14.5877513885, -38.968914032, -28.0981750488, -42.4675102234, -14.5476913452, -16.2254428864, 0.676484704018, 8.34310054779], [-41.3884353638, -55.7753791809, -0.354790061712, 211.218521118, 99.7452697754, -28.482006073, -74.5691986084, -9.1831741333, 26.2158145905, -29.2286777496, -39.3427505493, 24.5187950134, 26.0331382751], [-54.9579582214, -57.9168739319, 30.5320739746, 99.7452697754, 191.188751221, -17.8255958557, -101.804237366, -8.70001983643, 2.83854818344, -4.95181131363, -27.6141662598, 1.0876250267, 16.2049808502], [-24.9597911835, -41.8242378235, 14.5877513885, -28.482006073, -17.8255958557, 112.787971497, 79.8145446777, 6.10302448273, 3.89015412331, 10.0326881409, 17.6206436157, -1.62579107285, -5.56796264648], [-44.8435783386, 22.5725517273, -38.968914032, -74.5691986084, -101.804237366, 79.8145446777, 205.110443115, 39.68359375, 4.59002923965, 9.8450717926, 36.7321929932, 8.10611915588, -15.5712556839], [-3.63709759712, 6.07375192642, -28.0981750488, -9.1831741333, -8.70001983643, 6.10302448273, 39.68359375, 79.8383636475, 23.369304657, 5.88160800934, 11.5237092972, 0.246322616935, -5.56606245041], [-11.7015781403, -3.79614925385, -42.4675102234, 26.2158145905, 2.83854818344, 3.89015412331, 4.59002923965, 23.369304657, 78.4401321411, 27.8989810944, 5.99627351761, 5.18456220627, -4.87474632263], [-10.2407455444, 5.72060632706, -14.5476913452, -29.2286777496, -4.95181131363, 10.0326881409, 9.8450717926, 5.88160800934, 27.8989810944, 73.207901001, 31.2526054382, -9.939702034, -7.19379138947], [-21.622718811, 23.9198303223, -16.2254428864, -39.3427505493, -27.6141662598, 17.6206436157, 36.7321929932, 11.5237092972, 5.99627351761, 31.2526054382, 69.4039916992, 11.9686737061, -9.94293498993], [-8.83167648315, -27.4342250824, 0.676484704018, 24.5187950134, 1.0876250267, -1.62579107285, 8.10611915588, 0.246322616935, 5.18456220627, -9.939702034, 11.9686737061, 60.8805809021, 24.7058296204], [-11.7385835648, -14.1487426758, 8.34310054779, 26.0331382751, 16.2049808502, -5.56796264648, -15.5712556839, -5.56606245041, -4.87474632263, -7.19379138947, -9.94293498993, 24.7058296204, 58.4448280334]],
        "icov": [[0.00189716613386, 0.000869875773787, 0.000361047685146, 0.000482575385831, 0.00107787072193, 0.000216817003093, 0.00100059341639, -0.000335615855874, 0.000291933945846, 0.000110326509457, 0.000518875545822, 5.93595359533e-05, 0.000382662838092], [0.000869875773787, 0.00361609412357, 0.00118970684707, 0.000643039122224, 0.000857567007188, 0.00178906298243, 8.90500359674e-06, 0.000249174656346, 0.000171633582795, 0.000856928178109, -0.00131014047656, 0.0020691298414, -0.000425130681833], [0.000361047685146, 0.00118970684707, 0.00511916121468, 0.000493360275868, 7.14291309123e-05, -0.00117422826588, 0.00137971271761, 0.000355772324838, 0.00263175019063, -0.000185071359738, 0.000643213454168, -0.000313784519676, 0.000118602147268], [0.000482575385831, 0.000643039122224, 0.000493360275868, 0.00865260418504, -0.00319216260687, 0.000807965465356, 0.000778844347224, 0.000924449414015, -0.0040270970203, 0.00334589672275, 0.00198225700296, -0.0022302265279, -0.00105842074845], [0.00107787072193, 0.000857567007188, 7.14291309123e-05, -0.00319216260687, 0.00990956742316, -0.00221064151265, 0.00504659535363, -0.00222214008681, 0.00200801459141, -0.00190708693117, 0.00110403762665, 0.000212439321331, 4.12464432884e-05], [0.000216817003093, 0.00178906298243, -0.00117422826588, 0.000807965465356, -0.00221064151265, 0.0149728562683, -0.00726888561621, 0.00263116206042, -0.00218150718138, 0.000774737796746, -0.00253428402357, 0.00323929684237, -0.00124932429753], [0.00100059341639, 8.90500359674e-06, 0.00137971271761, 0.000778844347224, 0.00504659535363, -0.00726888561621, 0.0120976753533, -0.00467915413901, 0.00183239590842, -8.07332326076e-05, -7.79541223892e-05, -0.00289992825128, 0.00170049432199], [-0.000335615855874, 0.000249174656346, 0.000355772324838, 0.000924449414015, -0.00222214008681, 0.00263116206042, -0.00467915413901, 0.0164029952139, -0.00575605081394, 0.00266749644652, -0.00255500944331, 0.00208908831701, -0.0007568813744], [0.000291933945846, 0.000171633582795, 0.00263175019063, -0.0040270970203, 0.00200801459141, -0.00218150718138, 0.00183239590842, -0.00575605081394, 0.0210936777294, -0.0102819893509, 0.00377447460778, -0.00429962901399, 0.00364718656056], [0.000110326509457, 0.000856928178109, -0.000185071359738, 0.00334589672275, -0.00190708693117, 0.000774737796746, -8.07332326076e-05, 0.00266749644652, -0.0102819893509, 0.0239679738879, -0.0114647038281, 0.00755426706746, -0.00345045002177], [0.000518875545822, -0.00131014047656, 0.000643213454168, 0.00198225700296, 0.00110403762665, -0.00253428402357, -7.79541223892e-05, -0.00255500944331, 0.00377447460778, -0.0114647038281, 0.0254079531878, -0.0109521215782, 0.00585650000721], [5.93595359533e-05, 0.0020691298414, -0.000313784519676, -0.0022302265279, 0.000212439321331, 0.00323929684237, -0.00289992825128, 0.00208908831701, -0.00429962901399, 0.00755426706746, -0.0109521215782, 0.0271681472659, -0.0115494793281], [0.000382662838092, -0.000425130681833, 0.000118602147268, -0.00105842074845, 4.12464432884e-05, -0.00124932429753, 0.00170049432199, -0.0007568813744, 0.00364718656056, -0.00345045002177, 0.00585650000721, -0.0115494793281, 0.0235471706837]]
    },
    "spectral_contrast_coeffs": {
        "max": [-0.47581627965, -0.487883448601, -0.511514484882, -0.560549855232, -0.625641345978, -0.691360712051],
        "mean": [-0.715147852898, -0.740111529827, -0.773163795471, -0.787907123566, -0.785985827446, -0.790732085705],
        "min": [-0.896242558956, -0.953889787197, -0.915691256523, -0.891551494598, -0.866793334484, -0.864037036896],
        "stdev": [0.0694287717342, 0.072950810194, 0.068280890584, 0.0559019036591, 0.0378936268389, 0.0263819452375]
    },
    "spectral_contrast_valleys": {
        "max": [-4.81322622299, -4.99204826355, -5.57911252975, -6.1493139267, -5.84369945526, -7.49948167801],
        "mean": [-6.07278823853, -6.59930181503, -7.17769813538, -7.30706596375, -6.89058160782, -8.87772083282],
        "min": [-7.59259986877, -7.92963314056, -8.28141689301, -8.38481235504, -8.07379436493, -10.7387285233],
        "stdev": [0.368653327227, 0.411398082972, 0.385264337063, 0.316945552826, 0.320291757584, 0.465884566307]
    }
},
"rhythm": {
    "beats_count": 67,
    "beats_loudness": {
        "max": 0.0689255595207,
        "mean": 0.032924182713,
        "min": 0.0142628410831,
        "stdev": 0.0115925716236
    },
    "bpm": 124.922576904,
    "bpm_histogram_first_peak_bpm": 126,
    "bpm_histogram_first_peak_weight": 0.375,
    "bpm_histogram_second_peak_bpm": 117,
    "bpm_histogram_second_peak_spread": 0.5,
    "bpm_histogram_second_peak_weight": 0.0151515156031,
    "danceability": 1.39786779881,
    "onset_rate": 3.78369116783,
    "beats_loudness_band_ratio": {
        "max": [0.802059531212, 0.641526401043, 0.54308372736, 0.725174307823, 0.386071950197, 0.402539879084],
        "mean": [0.339161604643, 0.291694164276, 0.147121042013, 0.0681707859039, 0.0797616913915, 0.126701280475],
        "min": [0.0312247741967, 0.0274825338274, 0.0225241202861, 0.00441062310711, 0.0134292691946, 0.0182675160468],
        "stdev": [0.188985422254, 0.170485034585, 0.117371492088, 0.0996161699295, 0.0701014995575, 0.0802690163255]
    },
    "beats_position": [0.49922901392, 1.01006805897, 1.50929701328, 1.99691605568, 2.48453521729, 2.96054410934, 3.43655323982, 3.92417216301, 4.41179132462, 4.88780021667, 5.36380958557, 5.85142850876, 6.32743740082, 6.80344676971, 7.27945566177, 7.75546455383, 8.23147392273, 8.70748329163, 9.19510173798, 9.682721138, 10.1703395844, 10.6463489532, 11.1223583221, 11.6099767685, 12.0859861374, 12.5736055374, 13.0496139526, 13.5372333527, 14.0132427216, 14.4892511368, 14.9652605057, 15.4412698746, 15.9288883209, 16.4165077209, 16.8925170898, 17.3685264587, 17.8561439514, 18.3437633514, 18.8197727203, 19.2957820892, 19.7717914581, 20.247800827, 20.7354183197, 21.2230377197, 21.6990470886, 22.1750564575, 22.6510658264, 23.1270751953, 23.614692688, 24.0907020569, 24.5667114258, 25.0543308258, 25.5303401947, 26.0063495636, 26.4939670563, 26.9699764252, 27.4459857941, 27.9336051941, 28.4212245941, 28.897233963, 29.3732414246, 29.8608608246, 30.3368701935, 30.8128795624, 31.2888889313, 31.7648983002, 32.2525177002],
