{
"metadata": {
    "version": {
        "essentia": "2.1-beta5",
        "essentia_git_sha": "Undefined",
        "extractor": "music 2.0"
    },
    "audio_properties": {
        "analysis": {
            "equal_loudness": 0,
            "length": 49.7951927185,
            "sample_rate": 44100,
            "start_time": 142.744674683,
            "downmix": "mix"
        },
        "bit_rate": 192000,
        "length": 192.563110352,
        "lossless": 0,
        "number_channels": 2,
        "replay_gain": -11.3537712097,
        "sample_rate": 48000,
        "codec": "mp3",
        "md5_encoded": "694e61034458be5bd2b062f6f36d6853"
    },
    "tags": {
        "file_name": "Ukraine_Dancing Lasha Tumbai_Verka Serduchka.mp3",
        "encoding": ["Lavf58.29.100"]
    }
},
"lowlevel": {
    "average_loudness": 0.969565272331,
    "barkbands_crest": {
        "max": 22.0095481873,
        "mean": 7.87388420105,
        "min": 1.89997017384,
        "stdev": 3.05651712418
    },
    "barkbands_flatness_db": {
        "max": 0.225661948323,
        "mean": 0.088289424777,
        "min": 0.0157900825143,
        "stdev": 0.0422403216362
    },
    "barkbands_kurtosis": {
        "max": 22.6575431824,
        "mean": 0.538570165634,
        "min": -1.8106341362,
        "stdev": 2.13820505142
    },
    "barkbands_skewness": {
        "max": 4.30130195618,
        "mean": 0.868699729443,
        "min": -1.85448884964,
        "stdev": 0.671880543232
    },
    "barkbands_spread": {
        "max": 77.7412796021,
        "mean": 29.954082489,
        "min": 5.01766252518,
        "stdev": 14.1718072891
    },
    "dissonance": {
        "max": 0.500000119209,
        "mean": 0.482004344463,
        "min": 0.395159542561,
        "stdev": 0.014050219208
    },
    "dynamic_complexity": 1.96811318398,
    "erbbands_crest": {
        "max": 23.0359516144,
        "mean": 7.35843801498,
        "min": 2.13347887993,
        "stdev": 3.05156898499
    },
    "erbbands_flatness_db": {
        "max": 0.317117333412,
        "mean": 0.147136300802,
        "min": 0.0542019195855,
        "stdev": 0.0587166436017
    },
    "erbbands_kurtosis": {
        "max": 8.04484844208,
        "mean": -0.0659453645349,
        "min": -1.57594704628,
        "stdev": 0.892763316631
    },
    "erbbands_skewness": {
        "max": 2.50640034676,
        "mean": 0.299120992422,
        "min": -2.66313457489,
        "stdev": 0.535142660141
    },
    "erbbands_spread": {
        "max": 104.706283569,
        "mean": 35.0965080261,
        "min": 7.48237419128,
        "stdev": 15.2384996414
    },
    "hfc": {
        "max": 117.849479675,
        "mean": 34.601360321,
        "min": 2.80910961159e-09,
        "stdev": 21.1168861389
    },
    "loudness_ebu128": {
        "integrated": -11.2319612503,
        "loudness_range": 4.71800899506,
        "momentary": {
            "max": -9.27343177795,
            "mean": -11.6532039642,
            "min": -23.0967197418,
            "stdev": 2.25641846657
        },
        "short_term": {
            "max": -9.55941581726,
            "mean": -11.4569416046,
            "min": -16.4443473816,
            "stdev": 1.51293969154
        }
    },
    "melbands_crest": {
        "max": 29.1992435455,
        "mean": 11.8333959579,
        "min": 3.12994003296,
        "stdev": 4.82884693146
    },
    "melbands_flatness_db": {
        "max": 0.290876120329,
        "mean": 0.129076212645,
        "min": 0.0163042005152,
        "stdev": 0.0418262295425
    },
    "melbands_kurtosis": {
        "max": 64.4946670532,
        "mean": 5.06652927399,
        "min": -1.60191297531,
        "stdev": 6.5906124115
    },
    "melbands_skewness": {
        "max": 7.24784183502,
        "mean": 1.80352497101,
        "min": -0.602378249168,
        "stdev": 0.982715249062
    },
    "melbands_spread": {
        "max": 165.949203491,
        "mean": 35.1835021973,
        "min": 4.78986406326,
        "stdev": 18.0776767731
    },
    "pitch_salience": {
        "max": 0.871351122856,
        "mean": 0.616343677044,
        "min": 0.22908103466,
        "stdev": 0.117350444198
    },
    "silence_rate_20dB": {
        "max": 1,
        "mean": 1,
        "min": 1,
        "stdev": 0
    },
    "silence_rate_30dB": {
        "max": 1,
        "mean": 1,
        "min": 1,
        "stdev": 0
    },
    "silence_rate_60dB": {
        "max": 1,
        "mean": 0.0251630935818,
        "min": 0,
        "stdev": 0.156620442867
    },
    "spectral_centroid": {
        "max": 3779.57519531,
        "mean": 1942.4173584,
        "min": 405.337677002,
        "stdev": 455.241363525
    },
    "spectral_complexity": {
        "max": 56,
        "mean": 28.2576885223,
        "min": 0,
        "stdev": 10.1075439453
    },
    "spectral_decrease": {
        "max": -1.31125260391e-20,
        "mean": -5.8687321669e-09,
        "min": -2.74408531453e-08,
        "stdev": 3.94392873915e-09
    },
    "spectral_energy": {
        "max": 0.112768024206,
        "mean": 0.025288393721,
        "min": 3.04284023108e-13,
        "stdev": 0.0163115095347
    },
    "spectral_energyband_high": {
        "max": 0.00874664913863,
        "mean": 0.00186898815446,
        "min": 2.27642151006e-13,
        "stdev": 0.00167023052927
    },
    "spectral_energyband_low": {
        "max": 0.0570943616331,
        "mean": 0.00586300995201,
        "min": 9.92201011293e-15,
        "stdev": 0.0090252533555
    },
    "spectral_energyband_middle_high": {
        "max": 0.0503871403635,
        "mean": 0.00995059777051,
        "min": 5.04552217335e-14,
        "stdev": 0.0064982175827
    },
    "spectral_energyband_middle_low": {
        "max": 0.082452505827,
        "mean": 0.00880692526698,
        "min": 9.51938824805e-15,
        "stdev": 0.00895051658154
    },
    "spectral_entropy": {
        "max": 8.74417304993,
        "mean": 7.96358966827,
        "min": 6.94901227951,
        "stdev": 0.237803071737
    },
    "spectral_flux": {
        "max": 0.276365637779,
        "mean": 0.0998392254114,
        "min": 0.000160129944561,
        "stdev": 0.0429084226489
    },
    "spectral_kurtosis": {
        "max": 19.6680908203,
        "mean": 4.0675573349,
        "min": 0.608216762543,
        "stdev": 2.27179217339
    },
    "spectral_rms": {
        "max": 0.010488926433,
        "mean": 0.00470721255988,
        "min": 1.72296967804e-08,
        "stdev": 0.00158548448235
    },
    "spectral_rolloff": {
        "max": 16386.7675781,
        "mean": 2564.91333008,
        "min": 107.666015625,
        "stdev": 1290.51904297
    },
    "spectral_skewness": {
        "max": 2.94057250023,
        "mean": 1.51218497753,
        "min": 0.885557711124,
        "stdev": 0.282101511955
    },
    "spectral_spread": {
        "max": 9775923,
        "mean": 5051011,
        "min": 1782023.125,
        "stdev": 1448264.25
    },
    "spectral_strongpeak": {
        "max": 9.00071716309,
        "mean": 0.987620949745,
        "min": 0,
        "stdev": 1.01438951492
    },
    "zerocrossingrate": {
        "max": 0.55078125,
        "mean": 0.0959993675351,
        "min": 0.01123046875,
        "stdev": 0.0337826795876
    },
    "barkbands": {
        "max": [0.000836116611026, 0.0286197401583, 0.0387089811265, 0.044296875596, 0.0312561169267, 0.0142168235034, 0.0168480314314, 0.0200715661049, 0.0353832840919, 0.0243392027915, 0.0289378110319, 0.0133230527863, 0.00843456573784, 0.00783347245306, 0.0136836264282, 0.0332393497229, 0.00663890969008, 0.010749462992, 0.0101795820519, 0.00585670536384, 0.00225604628213, 0.00246518594213, 0.00272190454416, 0.0012221938232, 0.00144958472811, 0.000609076640103, 0.000264983886154],
        "mean": [4.17362352891e-05, 0.00308623095043, 0.00192494026851, 0.00191923929378, 0.00142878328916, 0.000560472661164, 0.000517851032782, 0.000603812281042, 0.00298908911645, 0.00188106752466, 0.0016731802607, 0.000900346145499, 0.00100342475343, 0.00100602279417, 0.000731130130589, 0.000916980381589, 0.000486289238324, 0.000854874611832, 0.000647466746159, 0.000507293152623, 0.000320889084833, 0.00038373057032, 0.000323348824168, 0.000220298243221, 0.000222965885769, 0.000115334558359, 2.15753043449e-05],
        "min": [1.06327740937e-14, 4.3401239769e-15, 5.35198508876e-16, 5.27212523431e-16, 1.34722686667e-15, 1.15804279906e-15, 2.05539596201e-15, 3.30070888326e-15, 1.12703249934e-15, 9.41624716364e-16, 9.0575985907e-16, 5.53026752471e-15, 1.03747464704e-15, 2.50618435544e-15, 2.17806221464e-15, 3.42520938573e-15, 5.34356452248e-15, 1.5543515368e-14, 8.78547993903e-15, 8.14268272898e-15, 1.29348952949e-14, 1.81289733253e-14, 2.23982006445e-14, 2.08150384678e-14, 4.36261541215e-14, 4.6243550303e-14, 6.03932594039e-14],
        "stdev": [7.10366366548e-05, 0.00486351922154, 0.0048923031427, 0.00482328794897, 0.00288181891665, 0.000841499946546, 0.000987050705589, 0.00107165996451, 0.00353463110514, 0.0024984953925, 0.00244173500687, 0.0011256254511, 0.00109343358781, 0.000990148051642, 0.00094002939295, 0.00152769789565, 0.000537739077117, 0.000950957357418, 0.000664366816636, 0.000624641950708, 0.000289286632324, 0.000401124445489, 0.000351354072336, 0.000218905915972, 0.000227325028391, 0.00011501301924, 2.60398428509e-05]
    },
    "erbbands": {
        "max": [0.798841714859, 8.18635463715, 43.3888473511, 87.4587936401, 172.927154541, 80.3788909912, 44.7119789124, 126.344398499, 201.375640869, 237.259628296, 469.08114624, 1019.0402832, 965.510986328, 774.672546387, 973.690673828, 673.204101562, 414.407745361, 450.933563232, 431.641571045, 1575.71179199, 991.763244629, 292.790313721, 709.343811035, 759.243103027, 282.540618896, 334.303741455, 175.342300415, 81.4756546021, 99.5202713013, 66.7360534668, 79.9835281372, 29.8162899017, 24.35887146, 17.2450637817, 10.3763332367, 4.38694858551, 1.20597815514, 0.287126272917, 0.0493018329144, 0.00162738247309],
        "mean": [0.0581500865519, 0.803837656975, 2.32997822762, 4.21483898163, 6.48502588272, 3.91550183296, 3.52784919739, 5.59513759613, 7.49226045609, 9.08099269867, 17.5225296021, 63.7598724365, 78.9381637573, 56.6944656372, 61.6366119385, 36.2433547974, 44.1908721924, 54.0322723389, 43.9817848206, 42.5150718689, 45.5664558411, 28.8145313263, 45.704875946, 39.5811004639, 28.7484207153, 24.8241844177, 14.1866731644, 12.945482254, 13.9321269989, 11.2253389359, 9.10400485992, 5.10149478912, 3.69529795647, 2.66043186188, 1.45403957367, 0.699959754944, 0.173662319779, 0.030054975301, 0.00441375048831, 0.000152827356942],
        "min": [2.79710770604e-13, 4.83468300116e-13, 6.24747595237e-13, 1.21979249618e-12, 4.33051424581e-12, 3.64441940168e-12, 4.30273958824e-12, 1.05196259689e-11, 3.40455615089e-11, 4.05784052193e-11, 5.94947702215e-11, 3.27935456568e-11, 1.31089089236e-11, 5.92722607107e-11, 9.21944950938e-11, 1.90252591459e-10, 4.17856478585e-11, 1.07973005536e-10, 1.25115751093e-10, 1.30255931041e-10, 2.19235726795e-10, 3.37938205197e-10, 8.71285432691e-10, 6.24533202931e-10, 3.84701798195e-10, 4.19298123999e-10, 7.30633109569e-10, 2.93087470959e-10, 7.29119931098e-10, 5.60664514815e-10, 6.76205758054e-10, 4.96528540506e-10, 3.90204230039e-10, 5.62836999229e-10, 2.48123549484e-10, 1.95122959457e-10, 7.77995584622e-11, 3.97594283885e-11, 8.93427606202e-12, 7.43427726064e-13],
        "stdev": [0.0958049446344, 1.32028734684, 5.49592590332, 9.52060127258, 16.0337142944, 7.5928940773, 5.26097583771, 8.78251743317, 15.0177869797, 15.8796157837, 25.4153633118, 78.3193130493, 95.4675292969, 73.8322982788, 85.7472610474, 42.383644104, 45.4729957581, 50.3576431274, 40.9816436768, 76.3141479492, 63.1518173218, 27.4586486816, 52.6869468689, 43.9334335327, 27.7610836029, 32.8691864014, 14.1514387131, 12.0895147324, 15.0498924255, 11.0821762085, 10.2006597519, 5.32299852371, 3.6339495182, 2.69147372246, 1.54997301102, 0.700133502483, 0.175589427352, 0.0319589748979, 0.00541312992573, 0.000159730669111]
    },
    "gfcc": {
        "mean": [39.8533706665, 36.6978721619, -136.875152588, 12.5344772339, -56.5285377502, 18.2702941895, -30.3632583618, 15.6554946899, -26.2224407196, 0.251157492399, -23.6374797821, 0.418639540672, -14.3917226791],
        "cov": [[4712.55517578, -334.141387939, 1369.69250488, 919.575622559, 278.574127197, 420.76776123, -15.5371723175, -6.13744401932, -71.6383056641, 6.78286981583, -53.6171340942, -30.9718608856, -123.166969299], [-334.141387939, 548.52947998, 218.13067627, 191.340270996, 116.386749268, 22.3678150177, -45.7919311523, 1.18918597698, 29.7227573395, 10.7058515549, 7.71725940704, -8.22402095795, 25.4404830933], [1369.69250488, 218.13067627, 1705.88525391, 967.406799316, 302.104400635, 262.092254639, -209.323760986, -57.7087593079, -9.99427890778, 26.3195877075, -5.47747659683, -11.5108938217, -46.4652252197], [919.575622559, 191.340270996, 967.406799316, 728.594665527, 257.179901123, 241.405532837, -81.4725036621, 0.062815785408, 8.31389045715, 29.0439319611, 16.739107132, 7.54051733017, -11.7961597443], [278.574127197, 116.386749268, 302.104400635, 257.179901123, 197.469207764, 141.620651245, 30.106420517, 20.0110225677, 9.65510654449, 3.64308714867, 4.97183275223, -5.65712022781, -5.19628047943], [420.76776123, 22.3678150177, 262.092254639, 241.405532837, 141.620651245, 244.831329346, 104.014701843, 35.4925537109, -9.94727134705, 21.7538261414, 14.4782600403, 2.67840528488, -11.4932346344], [-15.5371723175, -45.7919311523, -209.323760986, -81.4725036621, 30.106420517, 104.014701843, 201.190414429, 68.2238540649, -3.78918147087, 13.6115245819, 27.0804309845, 0.0176567453891, -3.81511211395], [-6.13744401932, 1.18918597698, -57.7087593079, 0.062815785408, 20.0110225677, 35.4925537109, 68.2238540649, 78.7745895386, 30.9728660583, 17.1025371552, 15.3113965988, 5.61593723297, 5.50329971313], [-71.6383056641, 29.7227573395, -9.99427890778, 8.31389045715, 9.65510654449, -9.94727134705, -3.78918147087, 30.9728660583, 71.1351242065, 26.243106842, 4.1393699646, 2.21694302559, 9.43812847137], [6.78286981583, 10.7058515549, 26.3195877075, 29.0439319611, 3.64308714867, 21.7538261414, 13.6115245819, 17.1025371552, 26.243106842, 63.3156700134, 40.1819229126, 16.8427944183, 5.87791919708], [-53.6171340942, 7.71725940704, -5.47747659683, 16.739107132, 4.97183275223, 14.4782600403, 27.0804309845, 15.3113965988, 4.1393699646, 40.1819229126, 70.4206848145, 38.4816703796, 14.6051683426], [-30.9718608856, -8.22402095795, -11.5108938217, 7.54051733017, -5.65712022781, 2.67840528488, 0.0176567453891, 5.61593723297, 2.21694302559, 16.8427944183, 38.4816703796, 58.8710136414, 26.666021347], [-123.166969299, 25.4404830933, -46.4652252197, -11.7961597443, -5.19628047943, -11.4932346344, -3.81511211395, 5.50329971313, 9.43812847137, 5.87791919708, 14.6051683426, 26.666021347, 45.9992828369]],
        "icov": [[0.000380895624403, 0.000362219579984, -8.61015578266e-05, -0.000495259650052, 5.62779860047e-05, -1.56943551701e-05, -0.000211497594137, -5.51788543817e-05, 0.000281697401078, -0.000270963995717, 0.000634754134808, -0.000281552347587, 0.00053557055071], [0.000362219579984, 0.00277124368586, 6.07631409366e-05, -0.00102224457078, -0.00154819304589, 0.000886830850504, 5.34380124009e-05, 0.000119298507343, -4.92349427077e-05, -0.00049360335106, -5.31179175596e-05, 0.00133733148687, -0.00141193286981], [-8.61015578266e-05, 6.07631409366e-05, 0.00300795282237, -0.00371297309175, 0.000123684774735, -9.04958505998e-05, 0.00148344284389, 0.000706971914042, 0.000443760101916, -0.000506010896061, 8.51029253681e-05, 0.00031570030842, 0.00161549728364], [-0.000495259650052, -0.00102224457078, -0.00371297309175, 0.0107399988919, -0.00371403549798, -0.00511835236102, 0.00472906092182, -0.00286363833584, -0.000474278873298, 0.000954509130679, -0.00335330259986, 0.000462036667159, -0.00194851355627], [5.62779860047e-05, -0.00154819304589, 0.000123684774735, -0.00371403549798, 0.0140661224723, -0.0043307445012, -0.00200246903114, 0.00084412144497, -0.00371272792108, 0.00522208493203, -0.00217684404925, 0.00176959484816, 0.000179079623194], [-1.56943551701e-05, 0.000886830850504, -9.04958505998e-05, -0.00511835236102, -0.0043307445012, 0.0164045002311, -0.0108800493181, 0.00181302148849, 0.00374039006419, -0.00652538379654, 0.00734576070681, -0.00390379386954, 0.000550889584702], [-0.000211497594137, 5.34380124009e-05, 0.00148344284389, 0.00472906092182, -0.00200246903114, -0.0108800493181, 0.0189182907343, -0.0104323402047, 0.00306485546753, 0.00241139065474, -0.00835378840566, 0.00522149680182, 0.000676338502672], [-5.51788543817e-05, 0.000119298507343, 0.000706971914042, -0.00286363833584, 0.00084412144497, 0.00181302148849, -0.0104323402047, 0.0257408265024, -0.011575258337, 0.00111766613554, -0.000475041131722, -0.00131461489946, -0.000485333352117], [0.000281697401078, -4.92349427077e-05, 0.000443760101916, -0.000474278873298, -0.00371272792108, 0.00374039006419, 0.00306485546753, -0.011575258337, 0.0259417723864, -0.0145492972806, 0.00879344064742, -0.000462876341771, -0.00272491225041], [-0.000270963995717, -0.00049360335106, -0.000506010896061, 0.000954509130679, 0.00522208493203, -0.00652538379654, 0.00241139065474, 0.00111766613554, -0.0145492972806, 0.0363005809486, -0.0236436091363, 0.00541267264634, 0.0010228108149], [0.000634754134808, -5.31179175596e-05, 8.51029253681e-05, -0.00335330259986, -0.00217684404925, 0.00734576070681, -0.00835378840566, -0.000475041131722, 0.00879344064742, -0.0236436091363, 0.041781976819, -0.0217076726258, 0.00244341022335], [-0.000281552347587, 0.00133733148687, 0.00031570030842, 0.000462036667159, 0.00176959484816, -0.00390379386954, 0.00522149680182, -0.00131461489946, -0.000462876341771, 0.00541267264634, -0.0217076726258, 0.037791185081, -0.0168533176184], [0.00053557055071, -0.00141193286981, 0.00161549728364, -0.00194851355627, 0.000179079623194, 0.000550889584702, 0.000676338502672, -0.000485333352117, -0.00272491225041, 0.0010228108149, 0.00244341022335, -0.0168533176184, 0.0347811542451]]
    },
    "melbands": {
        "max": [0.00782417971641, 0.0165327563882, 0.0171472430229, 0.00882885046303, 0.00174937874544, 0.00325074372813, 0.00293288123794, 0.0027546104975, 0.00324752600864, 0.00690571032465, 0.00479912618175, 0.00314972968772, 0.00429208623245, 0.0020424798131, 0.00139296136331, 0.00108758942224, 0.000810966186691, 0.000587676884606, 0.00124301761389, 0.00292549468577, 0.00104746466968, 0.00037043102202, 0.000472425221233, 0.000682395300828, 0.000690110435244, 0.00024702725932, 0.000138880175655, 0.000293035758659, 0.000150676860358, 5.59800464544e-05, 5.68678551645e-05, 6.76521813148e-05, 6.78260039422e-05, 3.55894699169e-05, 4.65837329102e-05, 4.10123939218e-05, 1.53404580487e-05, 1.75428613147e-05, 1.37950228236e-05, 1.55783436639e-05],
        "mean": [0.000707347935531, 0.00117304443847, 0.000839427229948, 0.000354347954271, 0.000136876915349, 0.000121899021906, 0.000112550369522, 0.000105862243799, 0.000157199188834, 0.000449553859653, 0.0003906841157, 0.00022088130936, 0.000222050934099, 0.000116569004604, 8.28259217087e-05, 0.000106722574856, 9.99246185529e-05, 7.18491282896e-05, 5.3933228628e-05, 6.61111262161e-05, 4.86806893605e-05, 2.85175738099e-05, 3.33380266966e-05, 4.2928095354e-05, 3.13196906063e-05, 2.18708737521e-05, 1.85793778655e-05, 1.61276620929e-05, 9.50663979893e-06, 6.91784680384e-06, 7.66563152865e-06, 8.02560134616e-06, 7.33000524633e-06, 5.75151079829e-06, 5.41318695468e-06, 4.32869728684e-06, 2.70108466793e-06, 2.488580094e-06, 2.54995120486e-06, 2.16540820475e-06],
        "min": [2.36100057894e-15, 3.97170360836e-16, 3.06795571724e-16, 3.20818599212e-16, 1.2934857496e-16, 2.73921481887e-16, 4.75018088523e-16, 5.34301130408e-16, 4.12224227421e-16, 1.9514042977e-16, 5.64892691445e-17, 2.33368826625e-16, 1.85982693356e-16, 7.44809993625e-16, 1.26728754994e-16, 1.28303945108e-16, 2.1061294239e-16, 2.17500564331e-16, 1.49969869994e-16, 2.22080259718e-16, 2.38718766129e-16, 2.47242749845e-16, 7.87503312903e-16, 6.64789838186e-16, 5.03521329534e-16, 2.74055101334e-16, 2.85673825802e-16, 2.46788951943e-16, 4.97068473723e-16, 2.1240779197e-16, 1.49054134734e-16, 4.11426692962e-16, 3.5578583981e-16, 3.03772855242e-16, 3.51301859146e-16, 3.79484948172e-16, 3.00621866208e-16, 2.34998173908e-16, 3.64554774867e-16, 5.04471912259e-16],
        "stdev": [0.00108471349813, 0.00225977716036, 0.00188703241292, 0.000783001014497, 0.00019924704975, 0.000193223022507, 0.000218100190978, 0.000190563645447, 0.000228695615078, 0.000554291356821, 0.000480875314679, 0.000299753184663, 0.00032236680272, 0.000148735547555, 0.000107670377474, 0.000117046001833, 0.00010033667786, 7.1673966886e-05, 7.93280414655e-05, 0.000131123553729, 6.86327548465e-05, 3.21162915498e-05, 3.41708291671e-05, 5.30204160896e-05, 3.79594275728e-05, 2.2943066142e-05, 1.97028748516e-05, 2.51919937e-05, 1.11187637231e-05, 6.60864543534e-06, 7.7951417552e-06, 8.95037555892e-06, 8.70611620485e-06, 5.65617028769e-06, 6.18042531642e-06, 5.38324911759e-06, 2.789134669e-06, 2.56563657786e-06, 2.46645913649e-06, 2.30992645811e-06]
    },
    "melbands128": {
        "max": [0.000673807575367, 0.00520103890449, 0.0126894358546, 0.0181572437286, 0.0245040487498, 0.0155546246096, 0.0174501538277, 0.0232016965747, 0.0190542861819, 0.00925984140486, 0.00460883183405, 0.00354240415618, 0.00211347779259, 0.00145553133916, 0.0025932486169, 0.00715510733426, 0.00676787830889, 0.00429201172665, 0.00561498431489, 0.00362543319352, 0.00556377181783, 0.00735909258947, 0.00385923311114, 0.00802804809064, 0.00747254164889, 0.0117410998791, 0.00941706635058, 0.00925293937325, 0.00387262995355, 0.00361860869452, 0.00458989758044, 0.00829749181867, 0.00795657001436, 0.00700169894844, 0.00356552004814, 0.00324894767255, 0.00236273626797, 0.00201611663215, 0.00176245439798, 0.00153229793068, 0.00183139333967, 0.00242990651168, 0.00143051205669, 0.00128263246734, 0.00132179714274, 0.000903444190044, 0.00204341090284, 0.00133718980942, 0.00281598838046, 0.00419960031286, 0.00386769487523, 0.00343170296401, 0.00151473120786, 0.00104747398291, 0.000880030798726, 0.000407792773331, 0.000457632966572, 0.000385481631383, 0.00112221809104, 0.00114040717017, 0.00146530789789, 0.00074639020022, 0.00143649475649, 0.00059801118914, 0.000560107582714, 0.00034722397686, 0.000349614070728, 0.000397297408199, 0.00021239205671, 0.000380835932447, 0.000510644691531, 0.000569089083001, 0.000306317117065, 0.000258920161286, 7.56436638767e-05, 7.06789141987e-05, 7.84511939855e-05, 5.9721274738e-05, 0.00010242145072, 6.22715451755e-05, 0.000156640075147, 0.00013315914839, 0.000163572723977, 0.000126508850371, 9.26270149648e-05, 5.31002806383e-05, 5.86901223869e-05, 3.87311010854e-05, 9.02187748579e-05, 5.22887858097e-05, 8.81149389897e-05, 3.7995097955e-05, 1.83701868082e-05, 2.50702541962e-05, 2.34737544815e-05, 2.58494892478e-05, 2.07791381399e-05, 2.36243449763e-05, 1.59914743563e-05, 1.64555767697e-05, 1.65014898812e-05, 2.00547656277e-05, 1.70449675352e-05, 1.68222304637e-05, 1.35726277222e-05, 1.51775620907e-05, 1.24358903122e-05, 1.09028678708e-05, 1.37881725095e-05, 7.79200126999e-06, 5.92860533288e-06, 5.98283941144e-06, 3.70784368897e-06, 2.2734252525e-06, 2.75204729405e-06, 2.41150996771e-06, 3.14874750984e-06, 2.72711031357e-06, 2.96234020425e-06, 2.04654043046e-06, 2.01257785193e-06, 1.10122505248e-06, 7.59758563618e-07, 2.91838944122e-08, 1.31427171368e-08, 1.24987327155e-08, 1.20756533661e-08, 1.18323946197e-08],
        "mean": [2.9447277484e-05, 0.000309659953928, 0.00100538565312, 0.00144202494994, 0.00132586737163, 0.000850307173096, 0.000787532946561, 0.00103895110078, 0.000660828431137, 0.000262958172243, 0.000192979641724, 0.000185296405107, 0.000112554844236, 8.41580986162e-05, 0.00013143925753, 0.000136500108056, 0.000127549516037, 0.000110363391286, 9.21706960071e-05, 9.0266490588e-05, 0.000123475547298, 0.000122917961562, 0.000134670641273, 0.00021429208573, 0.000365366402548, 0.00060374464374, 0.000533054932021, 0.000381899182685, 0.000261413573753, 0.000191277445992, 0.000215726831811, 0.000253842648817, 0.000237576008658, 0.000203519375646, 0.000125045393361, 9.93939829641e-05, 8.00223278929e-05, 8.22371512186e-05, 8.09734410723e-05, 9.78886964731e-05, 0.000121597418911, 0.00010518408817, 0.000102981408418, 9.41853359109e-05, 8.46684415592e-05, 6.31928051007e-05, 6.6500295361e-05, 5.55290898774e-05, 4.47723141406e-05, 5.54183643544e-05, 7.81270864536e-05, 6.51821828797e-05, 5.93577133259e-05, 3.73925940949e-05, 3.23720742017e-05, 2.81543161691e-05, 2.46406398219e-05, 2.44718266913e-05, 3.73913098883e-05, 5.07257500431e-05, 4.43529206677e-05, 3.61856837117e-05, 3.61247402907e-05, 2.98949344142e-05, 2.38034772337e-05, 2.18808836507e-05, 1.94326639757e-05, 2.14581468754e-05, 1.66979443748e-05, 1.80103143066e-05, 1.71397150552e-05, 1.59495539265e-05, 1.05457584141e-05, 8.986325156e-06, 6.67751237415e-06, 6.61129752189e-06, 7.61362798585e-06, 6.68352731736e-06, 8.60260388436e-06, 6.65509651299e-06, 9.3106082204e-06, 7.86350847193e-06, 6.95647167959e-06, 8.11843165138e-06, 6.89857415637e-06, 5.21571155332e-06, 6.14335112914e-06, 5.11419102622e-06, 5.75111153012e-06, 4.76081731904e-06, 5.82422080697e-06, 3.83374663215e-06, 2.71868270829e-06, 2.73818409369e-06, 2.71353042081e-06, 2.21398590838e-06, 2.4219284569e-06, 2.82598375634e-06, 2.59888429355e-06, 2.48702326644e-06, 2.20632409764e-06, 2.21640902964e-06, 1.99499527298e-06, 1.62067453857e-06, 1.61959439993e-06, 1.42871078879e-06, 1.75048353412e-06, 1.39226347073e-06, 1.31912054258e-06, 9.10972119073e-07, 8.14467568944e-07, 6.7074756771e-07, 4.95784149734e-07, 3.75947308839e-07, 2.73092240377e-07, 2.38680058828e-07, 1.92362563212e-07, 1.87055348988e-07, 1.85007891673e-07, 1.59196346772e-07, 1.21058320701e-07, 8.07701994177e-08, 3.8193832097e-08, 1.03940578366e-09, 9.60644237769e-12, 9.18745461653e-12, 8.92096466143e-12, 8.77887259415e-12],
        "min": [4.85217953395e-15, 3.09451120598e-15, 1.4999953997e-15, 6.02723446036e-16, 3.2883793658e-16, 2.55736266844e-16, 2.06168176704e-16, 3.03550535563e-16, 4.87780863335e-16, 4.13431540538e-16, 1.48345829901e-16, 8.88462784542e-17, 1.78509109905e-16, 1.08121671222e-16, 8.36869081283e-17, 4.34045649027e-16, 7.32557503224e-16, 4.69447152829e-16, 1.73916801667e-16, 3.89362437598e-16, 7.90437593851e-16, 7.78411896521e-16, 3.29046412564e-16, 7.57446044367e-17, 2.33681037675e-16, 2.63652319132e-16, 6.08618054195e-17, 3.44744415445e-18, 4.51144901656e-17, 2.46891337051e-16, 3.31173259355e-16, 1.61864091928e-16, 8.85028330639e-17, 1.24263359722e-16, 8.90583463875e-16, 1.08459625456e-15, 2.95937985768e-16, 5.54015067867e-17, 2.25754513281e-17, 3.83885555648e-17, 1.55751875711e-16, 2.78705788671e-16, 1.19284354474e-16, 2.51670455758e-16, 2.83842831738e-16, 1.67550316747e-16, 2.18880963337e-16, 7.50084070741e-17, 2.0244316403e-16, 1.52718055156e-16, 1.50096779352e-16, 3.79525314586e-16, 3.35863836649e-16, 8.49089649129e-17, 2.25047627891e-16, 2.52203292421e-16, 1.98762011781e-16, 7.60282479774e-16, 8.91611232477e-16, 1.05110054842e-15, 6.44800495905e-16, 3.71016656872e-16, 5.83522532611e-16, 6.10784446837e-16, 3.18549556765e-16, 2.35458668664e-16, 2.71290041687e-16, 2.3827312092e-16, 3.30198271493e-16, 2.2754576628e-16, 3.58022959703e-16, 1.58987594509e-16, 1.90862251642e-16, 7.38015148261e-16, 6.77893543759e-16, 9.87430842019e-17, 8.8582811503e-17, 1.27587183181e-16, 1.67647553482e-16, 1.67249447997e-16, 2.07926471518e-16, 7.67296441973e-16, 3.64376474431e-16, 3.03460300084e-16, 3.53834911175e-16, 2.23395490127e-16, 3.8516353646e-16, 2.5147690873e-16, 1.86099782426e-16, 6.50272011107e-16, 4.0468812235e-16, 3.62730265898e-16, 1.70025823475e-16, 4.22061959238e-16, 2.30311275913e-16, 2.6196037082e-16, 1.92412004298e-16, 3.05777041074e-16, 1.85798357811e-16, 5.56259824291e-16, 5.85112889909e-16, 5.59906671706e-16, 3.1458684547e-16, 3.00053030645e-16, 3.06044862304e-16, 1.7531857502e-16, 2.29693365378e-16, 2.25138419235e-16, 3.83474976279e-16, 4.40613118983e-16, 4.43030630424e-16, 2.96288842697e-16, 1.38445192653e-16, 1.64820448672e-16, 2.65899047555e-16, 3.07504485361e-16, 3.75817771966e-16, 3.18731615909e-16, 3.12203665334e-16, 3.30768615834e-16, 2.83158296767e-16, 1.66522839312e-16, 1.97311666382e-16, 3.05759650429e-16, 2.41500713495e-16, 4.62906549699e-17, 1.00408228553e-17, 1.2531196914e-18],
        "stdev": [5.72983954044e-05, 0.000633272458799, 0.00169524981175, 0.00259290658869, 0.00318899308331, 0.00208480912261, 0.00187226955313, 0.00265109306201, 0.00171421316918, 0.000733752560336, 0.00039750020369, 0.000328422174789, 0.000216422908125, 0.000147750673932, 0.000231564539718, 0.000300996558508, 0.000341389881214, 0.00027677702019, 0.000233082857449, 0.000205316682695, 0.000284226553049, 0.000291405682219, 0.00025517118047, 0.000394534494262, 0.000574602629058, 0.00094806891866, 0.00080170558067, 0.000671885209158, 0.000420088821556, 0.000320954626659, 0.000398366537411, 0.000497934175655, 0.000472672661999, 0.000418331648689, 0.000222327653319, 0.000186681296327, 0.000133147550514, 0.000152931388584, 0.000145807236549, 0.000142362754559, 0.000176542089321, 0.0001624145807, 0.000137575305416, 0.000124265992781, 0.000143651559483, 7.98813634901e-05, 0.000114645175927, 0.000101929857919, 0.000111847861263, 0.000193559229956, 0.000189900936675, 0.000146634236444, 0.000118483963888, 6.34779935353e-05, 5.55834558327e-05, 4.07391598856e-05, 3.32556664944e-05, 2.85337282548e-05, 5.23329727002e-05, 8.67020062287e-05, 7.98203182057e-05, 5.67270362808e-05, 6.19864877081e-05, 4.77028734167e-05, 3.73577058781e-05, 3.10119903588e-05, 2.5918450774e-05, 3.07169502776e-05, 2.19752255362e-05, 3.20012040902e-05, 3.53481955244e-05, 3.45930857293e-05, 1.76774628926e-05, 1.23017998703e-05, 7.75105763751e-06, 8.18036642158e-06, 9.49893183133e-06, 8.14326540421e-06, 1.16377350423e-05, 7.93538220023e-06, 1.38503055496e-05, 1.22450064737e-05, 1.10528199002e-05, 1.37113611345e-05, 8.34918864712e-06, 5.49596461497e-06, 7.87193039287e-06, 5.60710032005e-06, 8.89042621566e-06, 5.95539495407e-06, 9.77405579761e-06, 4.75969363833e-06, 3.06756965074e-06, 3.11028793476e-06, 3.08359494738e-06, 2.66356732936e-06, 2.82774021798e-06, 2.94418487101e-06, 2.86253271042e-06, 2.58818204202e-06, 2.54694532487e-06, 2.69435349765e-06, 2.21322284233e-06, 1.91127742255e-06, 1.90734465377e-06, 1.79123503585e-06, 1.84590805929e-06, 1.55956183789e-06, 1.41906264162e-06, 1.02614637854e-06, 9.18421619645e-07, 7.44219846638e-07, 5.47803381323e-07, 3.8904644839e-07, 2.9455733852e-07, 2.75050012988e-07, 2.31037475373e-07, 2.59056207597e-07, 2.68641969114e-07, 2.25041418389e-07, 1.73013717131e-07, 1.2400450089e-07, 6.8258955821e-08, 2.76933409538e-09, 2.83619017161e-10, 2.69719940826e-10, 2.60592686319e-10, 2.55343995947e-10]
    },
    "mfcc": {
        "mean": [-600.503723145, 81.5346832275, -24.2272567749, 1.83925008774, -5.19598484039, 1.59362006187, 3.34564065933, 9.89693260193, 4.13778352737, 3.74347424507, 2.14319968224, -7.82491064072, -5.32649469376],
        "cov": [[3432.29321289, -502.990081787, 875.427490234, 446.018005371, 394.086212158, 366.194732666, 226.5572052, 146.686843872, 4.26499795914, 97.5281448364, 25.8884925842, 12.3146953583, -27.4579467773], [-502.990081787, 416.868041992, -48.7313346863, 28.9148483276, 29.6185798645, -29.9665870667, -35.258518219, -25.6764984131, 15.3178796768, -5.94505596161, -11.8580169678, 4.954226017, 14.3843355179], [875.427490234, -48.7313346863, 1400.1920166, 672.257324219, 635.473083496, 328.229705811, 70.2862701416, 9.75430583954, -24.0957832336, 37.9604988098, -53.3650894165, 84.6080780029, -10.9693946838], [446.018005371, 28.9148483276, 672.257324219, 436.780822754, 380.9815979, 176.888626099, 44.5253105164, 22.9224338531, -3.15342545509, 33.6794090271, -26.239780426, 42.2915916443, 10.8038883209], [394.086212158, 29.6185798645, 635.473083496, 380.9815979, 423.635040283, 199.671234131, 37.5955619812, 28.6414527893, 9.63598632812, 30.9761219025, -30.8569049835, 34.163356781, 3.15536999702], [366.194732666, -29.9665870667, 328.229705811, 176.888626099, 199.671234131, 225.429321289, 127.890716553, 63.1383895874, 22.6649417877, 39.2770347595, 14.2343482971, 18.9975147247, 2.23516511917], [226.5572052, -35.258518219, 70.2862701416, 44.5253105164, 37.5955619812, 127.890716553, 187.682144165, 86.4327697754, 15.6400909424, 45.0695991516, 33.8828964233, 2.80134606361, 7.19358587265], [146.686843872, -25.6764984131, 9.75430583954, 22.9224338531, 28.6414527893, 63.1383895874, 86.4327697754, 95.8439865112, 35.9765548706, 31.8111419678, 23.5603523254, -6.66590881348, 2.08086681366], [4.26499795914, 15.3178796768, -24.0957832336, -3.15342545509, 9.63598632812, 22.6649417877, 15.6400909424, 35.9765548706, 59.8717193604, 32.2444076538, 13.2453861237, -2.94578075409, -0.174380198121], [97.5281448364, -5.94505596161, 37.9604988098, 33.6794090271, 30.9761219025, 39.2770347595, 45.0695991516, 31.8111419678, 32.2444076538, 86.9543151855, 32.3879051208, -4.50904846191, 2.00982403755], [25.8884925842, -11.8580169678, -53.3650894165, -26.239780426, -30.8569049835, 14.2343482971, 33.8828964233, 23.5603523254, 13.2453861237, 32.3879051208, 66.3804473877, 13.7063302994, 1.76629066467], [12.3146953583, 4.954226017, 84.6080780029, 42.2915916443, 34.163356781, 18.9975147247, 2.80134606361, -6.66590881348, -2.94578075409, -4.50904846191, 13.7063302994, 57.2118339539, 24.5813827515], [-27.4579467773, 14.3843355179, -10.9693946838, 10.8038883209, 3.15536999702, 2.23516511917, 7.19358587265, 2.08086681366, -0.174380198121, 2.00982403755, 1.76629066467, 24.5813827515, 54.6245346069]],
        "icov": [[0.000475927226944, 0.000514528132044, -0.000121820863569, -0.000378357595764, 0.00020346918609, -0.000350036774762, 3.05763642245e-05, -0.000319327984471, 0.000147848782944, -0.000115492999612, -0.000104150218249, 0.000270307791652, 5.12679653184e-05], [0.000514528132044, 0.00336719700135, 0.000600194616709, -0.00134169904049, -0.0006894505932, 0.00044338076259, -0.00064231682336, 0.00140870898031, -0.0016689193435, 0.000489339407068, -0.000195260348846, 0.000310028670356, -0.000346081855241], [-0.000121820863569, 0.000600194616709, 0.00391968851909, -0.00381389027461, -0.00142114888877, -0.00145760469604, 7.84343865234e-05, 0.00132485537324, 0.00103145616595, -0.00061966717476, 0.00160046899691, -0.00308804190718, 0.00276708998717], [-0.000378357595764, -0.00134169904049, -0.00381389027461, 0.0159498360008, -0.00920850317925, 0.00287715601735, -0.00125891133212, -0.001384374802, 0.00217385659926, -0.00177255098242, -5.33082566108e-05, -0.00026400925708, -0.00293198344298], [0.00020346918609, -0.0006894505932, -0.00142114888877, -0.00920850317925, 0.0164547003806, -0.0080035906285, 0.0057519855909, -0.00335690192878, -1.45347839862e-05, -0.0013150756713, 0.00327224307694, -2.92044969683e-05, 0.000522802874912], [-0.000350036774762, 0.00044338076259, -0.00145760469604, 0.00287715601735, -0.0080035906285, 0.0177088212222, -0.0109660644084, 0.00267401011661, -0.00542696332559, 0.00268849194981, -0.00303843198344, 0.000636298267636, -0.000378830096452], [3.05763642245e-05, -0.00064231682336, 7.84343865234e-05, -0.00125891133212, 0.0057519855909, -0.0109660644084, 0.0177936069667, -0.0122560737655, 0.00850859377533, -0.0049003129825, 0.000660160498228, -0.00105631013867, -0.000649211113341], [-0.000319327984471, 0.00140870898031, 0.00132485537324, -0.001384374802, -0.00335690192878, 0.00267401011661, -0.0122560737655, 0.0275075063109, -0.0146214487031, 0.00431322306395, -0.00502561731264, 0.00552763277665, -0.00187131168786], [0.000147848782944, -0.0016689193435, 0.00103145616595, 0.00217385659926, -1.45347839862e-05, -0.00542696332559, 0.00850859377533, -0.0146214487031, 0.0314332582057, -0.0114210974425, 0.00349562126212, -0.00446534017101, 0.00236732373014], [-0.000115492999612, 0.000489339407068, -0.00061966717476, -0.00177255098242, -0.0013150756713, 0.00268849194981, -0.0049003129825, 0.00431322306395, -0.0114210974425, 0.0217685829848, -0.0112316757441, 0.00825317576528, -0.00370199489407], [-0.000104150218249, -0.000195260348846, 0.00160046899691, -5.33082566108e-05, 0.00327224307694, -0.00303843198344, 0.000660160498228, -0.00502561731264, 0.00349562126212, -0.0112316757441, 0.0274132285267, -0.0137413982302, 0.0060925395228], [0.000270307791652, 0.000310028670356, -0.00308804190718, -0.00026400925708, -2.92044969683e-05, 0.000636298267636, -0.00105631013867, 0.00552763277665, -0.00446534017101, 0.00825317576528, -0.0137413982302, 0.0329483486712, -0.0153100350872], [5.12679653184e-05, -0.000346081855241, 0.00276708998717, -0.00293198344298, 0.000522802874912, -0.000378830096452, -0.000649211113341, -0.00187131168786, 0.00236732373014, -0.00370199489407, 0.0060925395228, -0.0153100350872, 0.0265377275646]]
    },
    "spectral_contrast_coeffs": {
        "max": [-0.464086413383, -0.548830926418, -0.531663835049, -0.548700809479, -0.627897620201, -0.70086401701],
        "mean": [-0.721968054771, -0.763575673103, -0.748219668865, -0.792969167233, -0.780883193016, -0.769815802574],
        "min": [-0.962676286697, -0.952989757061, -0.926428437233, -0.940157592297, -0.944963872433, -0.932914078236],
        "stdev": [0.0713458061218, 0.0596320964396, 0.062350705266, 0.0466027334332, 0.0345197878778, 0.0272929947823]
    },
    "spectral_contrast_valleys": {
        "max": [-5.16958808899, -5.36474752426, -5.12109994888, -5.65515613556, -5.64450597763, -7.81247711182],
        "mean": [-7.36345720291, -6.71087121964, -6.69089460373, -6.84769487381, -6.9112830162, -9.3616733551],
        "min": [-20.0817890167, -19.3091983795, -19.908000946, -19.699180603, -18.5936603546, -20.173374176],
        "stdev": [1.16152429581, 0.587273657322, 0.691746652126, 0.584166109562, 0.603148162365, 0.89376437664]
    }
},
"rhythm": {
    "beats_count": 117,
    "beats_loudness": {
        "max": 0.0671944320202,
        "mean": 0.0392393246293,
        "min": 0.00211599958129,
        "stdev": 0.0194161552936
    },
    "bpm": 144.136413574,
    "bpm_histogram_first_peak_bpm": 144,
    "bpm_histogram_first_peak_weight": 0.25742572546,
    "bpm_histogram_second_peak_bpm": 123,
    "bpm_histogram_second_peak_spread": 0,
    "bpm_histogram_second_peak_weight": 0.0603448264301,
    "danceability": 1.13752162457,
    "onset_rate": 3.37303328514,
    "beats_loudness_band_ratio": {
        "max": [0.871872842312, 0.522824168205, 0.692073702812, 0.694731295109, 0.455173701048, 0.435259640217],
        "mean": [0.388604968786, 0.0467401146889, 0.181076571345, 0.204817712307, 0.122578270733, 0.091455578804],
        "min": [0.000136106726131, 0.00133494590409, 0.0156493447721, 0.0192224308848, 0.0218571331352, 0.00672431895509],
        "stdev": [0.297329217196, 0.0714365169406, 0.134905084968, 0.173700854182, 0.0794980302453, 0.0756808072329]
    },
