{
"metadata": {
    "version": {
        "essentia": "2.1-beta5",
        "essentia_git_sha": "Undefined",
        "extractor": "music 2.0"
    },
    "audio_properties": {
        "analysis": {
            "equal_loudness": 0,
            "length": 32.4963264465,
            "sample_rate": 44100,
            "start_time": 126.490699768,
            "downmix": "mix"
        },
        "bit_rate": 192000,
        "length": 188.929168701,
        "lossless": 0,
        "number_channels": 2,
        "replay_gain": -7.34907722473,
        "sample_rate": 48000,
        "codec": "mp3",
        "md5_encoded": "451df0890394db70d4c694e363b4ffbc"
    },
    "tags": {
        "file_name": "Iceland_Valentine Lost_Eiríkur Hauksson.mp3",
        "encoding": ["Lavf58.29.100"]
    }
},
"lowlevel": {
    "average_loudness": 0.955564260483,
    "barkbands_crest": {
        "max": 21.7551136017,
        "mean": 8.73222541809,
        "min": 2.44999289513,
        "stdev": 3.77236580849
    },
    "barkbands_flatness_db": {
        "max": 0.186455488205,
        "mean": 0.0851063281298,
        "min": 0.0191436056048,
        "stdev": 0.0298568625003
    },
    "barkbands_kurtosis": {
        "max": 15.4679775238,
        "mean": 0.311862170696,
        "min": -1.7470138073,
        "stdev": 1.81729614735
    },
    "barkbands_skewness": {
        "max": 3.84135198593,
        "mean": 0.891597747803,
        "min": -1.22238123417,
        "stdev": 0.619848549366
    },
    "barkbands_spread": {
        "max": 79.0237350464,
        "mean": 34.8245391846,
        "min": 8.0999584198,
        "stdev": 12.7000761032
    },
    "dissonance": {
        "max": 0.5,
        "mean": 0.473203212023,
        "min": 0.363756656647,
        "stdev": 0.0197401400656
    },
    "dynamic_complexity": 1.34818291664,
    "erbbands_crest": {
        "max": 28.1519699097,
        "mean": 8.61540031433,
        "min": 2.83777117729,
        "stdev": 4.37608194351
    },
    "erbbands_flatness_db": {
        "max": 0.23621751368,
        "mean": 0.133374258876,
        "min": 0.0580872222781,
        "stdev": 0.0336221531034
    },
    "erbbands_kurtosis": {
        "max": 7.24195098877,
        "mean": -0.0847237482667,
        "min": -1.66269481182,
        "stdev": 1.08843326569
    },
    "erbbands_skewness": {
        "max": 2.55586051941,
        "mean": 0.0257114619017,
        "min": -1.71033084393,
        "stdev": 0.685100257397
    },
    "erbbands_spread": {
        "max": 90.4629821777,
        "mean": 40.985004425,
        "min": 11.934135437,
        "stdev": 12.272562027
    },
    "hfc": {
        "max": 122.262275696,
        "mean": 36.4333686829,
        "min": 0.872054278851,
        "stdev": 17.4421024323
    },
    "loudness_ebu128": {
        "integrated": -14.3936262131,
        "loudness_range": 4.20394515991,
        "momentary": {
            "max": -12.0886096954,
            "mean": -14.6761951447,
            "min": -21.7909202576,
            "stdev": 1.71831595898
        },
        "short_term": {
            "max": -12.7783308029,
            "mean": -14.6190748215,
            "min": -17.3814239502,
            "stdev": 1.39310324192
        }
    },
    "melbands_crest": {
        "max": 26.9486484528,
        "mean": 12.4862251282,
        "min": 3.76352405548,
        "stdev": 4.29501914978
    },
    "melbands_flatness_db": {
        "max": 0.235293790698,
        "mean": 0.133479610085,
        "min": 0.0314424261451,
        "stdev": 0.0339742638171
    },
    "melbands_kurtosis": {
        "max": 58.7683830261,
        "mean": 5.67812871933,
        "min": -1.42720806599,
        "stdev": 5.69097709656
    },
    "melbands_skewness": {
        "max": 6.87908649445,
        "mean": 2.02932572365,
        "min": -0.10036920011,
        "stdev": 0.90050214529
    },
    "melbands_spread": {
        "max": 148.756362915,
        "mean": 37.9202880859,
        "min": 6.35683441162,
        "stdev": 17.6437492371
    },
    "pitch_salience": {
        "max": 0.807647287846,
        "mean": 0.558868706226,
        "min": 0.244516164064,
        "stdev": 0.090137027204
    },
    "silence_rate_20dB": {
        "max": 1,
        "mean": 1,
        "min": 1,
        "stdev": 0
    },
    "silence_rate_30dB": {
        "max": 1,
        "mean": 1,
        "min": 1,
        "stdev": 0
    },
    "silence_rate_60dB": {
        "max": 1,
        "mean": 0.000713775865734,
        "min": 0,
        "stdev": 0.0267073586583
    },
    "spectral_centroid": {
        "max": 3989.37451172,
        "mean": 1950.49584961,
        "min": 608.22467041,
        "stdev": 533.105895996
    },
    "spectral_complexity": {
        "max": 52,
        "mean": 29.6109924316,
        "min": 0,
        "stdev": 8.85271263123
    },
    "spectral_decrease": {
        "max": -9.60325152732e-11,
        "mean": -7.25694304649e-09,
        "min": -4.29412025937e-08,
        "stdev": 3.63583785301e-09
    },
    "spectral_energy": {
        "max": 0.167884796858,
        "mean": 0.0306939929724,
        "min": 0.000441546813818,
        "stdev": 0.0147058730945
    },
    "spectral_energyband_high": {
        "max": 0.013169169426,
        "mean": 0.00223846314475,
        "min": 5.2461418818e-05,
        "stdev": 0.00159741064999
    },
    "spectral_energyband_low": {
        "max": 0.0706024691463,
        "mean": 0.00860075838864,
        "min": 1.88251433428e-05,
        "stdev": 0.00947918836027
    },
    "spectral_energyband_middle_high": {
        "max": 0.035559874028,
        "mean": 0.00865001790226,
        "min": 0.000191427578102,
        "stdev": 0.00572398677468
    },
    "spectral_energyband_middle_low": {
        "max": 0.143642708659,
        "mean": 0.0129170101136,
        "min": 0.000155628484208,
        "stdev": 0.00895179528743
    },
    "spectral_entropy": {
        "max": 8.56043243408,
        "mean": 7.91141319275,
        "min": 7.04305124283,
        "stdev": 0.248860314488
    },
    "spectral_flux": {
        "max": 0.354537844658,
        "mean": 0.0929942131042,
        "min": 0.0255195368081,
        "stdev": 0.0364537127316
    },
    "spectral_kurtosis": {
        "max": 8.46817588806,
        "mean": 2.73973035812,
        "min": 0.532933473587,
        "stdev": 1.02373301983
    },
    "spectral_rms": {
        "max": 0.0127980485559,
        "mean": 0.00531937833875,
        "min": 0.000656336313114,
        "stdev": 0.00128434516955
    },
    "spectral_rolloff": {
        "max": 9280.81054688,
        "mean": 2407.16943359,
        "min": 215.33203125,
        "stdev": 1281.19689941
    },
    "spectral_skewness": {
        "max": 2.39754843712,
        "mean": 1.20488989353,
        "min": 0.529084563255,
        "stdev": 0.214329838753
    },
    "spectral_spread": {
        "max": 15234390,
        "mean": 4985924.5,
        "min": 2931798.25,
        "stdev": 984626.4375
    },
    "spectral_strongpeak": {
        "max": 10.5461206436,
        "mean": 1.25720226765,
        "min": 0.0315748825669,
        "stdev": 1.39453935623
    },
    "zerocrossingrate": {
        "max": 0.2841796875,
        "mean": 0.0885685011744,
        "min": 0.0283203125,
        "stdev": 0.0284573305398
    },
    "barkbands": {
        "max": [0.00197332003154, 0.0552530065179, 0.0298217404634, 0.0782585740089, 0.0604867897928, 0.0190648697317, 0.0297564473003, 0.0432133972645, 0.0336664170027, 0.04660987854, 0.0213049706072, 0.0173528268933, 0.00567638734356, 0.0110842743888, 0.0104228062555, 0.022240281105, 0.00913611985743, 0.0105819217861, 0.00702481437474, 0.00488900905475, 0.0036130361259, 0.00290889758617, 0.00477405451238, 0.00275499350391, 0.00170060468372, 0.000571417913307, 0.000218049186515],
        "mean": [6.46155531285e-05, 0.0051003806293, 0.00229199463502, 0.0017658699071, 0.00287263048813, 0.000881138490513, 0.00273945461959, 0.0019841149915, 0.0014950070763, 0.00174474786036, 0.000782084767707, 0.00116356974468, 0.000362109392881, 0.000705337384716, 0.000668284657877, 0.00115162029397, 0.00109675421845, 0.000519478344359, 0.000753699336201, 0.000629927206319, 0.00064833718352, 0.000474938191473, 0.000302184023894, 0.000251306191785, 0.00017297307204, 5.65272821405e-05, 1.49018515003e-05],
        "min": [1.72614225136e-08, 5.03352202941e-06, 3.31883165927e-06, 1.10904261419e-06, 1.61110529007e-05, 6.05209515925e-06, 1.67571506609e-05, 9.35068419494e-06, 1.19768010336e-05, 4.68458392788e-06, 8.48162017064e-06, 5.52021765543e-06, 3.65271080227e-06, 6.05162995271e-06, 1.17604613479e-05, 1.24725756905e-05, 2.7917267289e-05, 1.54598146764e-05, 2.35657716985e-05, 7.13179724698e-06, 1.68113492691e-05, 3.48986895915e-06, 5.68552422919e-06, 3.79661764782e-06, 2.36099481299e-06, 5.85094653616e-07, 8.25145107797e-09],
        "stdev": [0.000174117361894, 0.0070926095359, 0.00309041375294, 0.00298409373499, 0.00425176555291, 0.00126577005722, 0.00370761845261, 0.00418382836506, 0.00299041811377, 0.00470479531214, 0.00157903134823, 0.00199919217266, 0.000529574754182, 0.00126388121862, 0.000877223326825, 0.00148834974971, 0.00102545740083, 0.00075909710722, 0.000801927177235, 0.000532885431312, 0.000544034293853, 0.000378164404538, 0.000379326549591, 0.000286808644887, 0.000208390527405, 6.38708879706e-05, 2.33948412642e-05]
    },
    "erbbands": {
        "max": [1.82155048847, 13.6840019226, 33.6916618347, 143.234588623, 332.167297363, 132.598007202, 149.052871704, 103.05355835, 317.343048096, 624.503173828, 1158.51330566, 669.877502441, 1808.07543945, 619.285095215, 783.819091797, 642.73425293, 309.068481445, 595.54864502, 355.597808838, 724.658447266, 770.449890137, 347.916992188, 490.999908447, 476.727233887, 296.452606201, 267.446044922, 131.082519531, 192.917633057, 113.896629333, 96.2660140991, 181.212112427, 73.3101272583, 56.6983604431, 26.846364975, 11.6055450439, 3.85821986198, 0.880986094475, 0.202482789755, 0.0474064797163, 0.000758637674153],
        "mean": [0.106805279851, 1.28017711639, 2.72231721878, 5.08076000214, 6.62891817093, 11.0567274094, 7.98115348816, 7.66298532486, 30.4406890869, 39.7482223511, 44.8962860107, 36.887298584, 66.4116744995, 35.005657196, 33.0104293823, 50.2152862549, 20.2453250885, 37.6357269287, 30.0968513489, 44.4797706604, 74.2707901001, 51.5447998047, 29.1476783752, 41.883014679, 32.2320861816, 30.067029953, 21.0533161163, 30.6904964447, 16.3533363342, 10.7912778854, 9.15377426147, 5.34735965729, 4.25078439713, 2.30094408989, 1.04170429707, 0.327779948711, 0.0860334709287, 0.0241489261389, 0.00269652088173, 9.21350801946e-05],
        "min": [0.000132072047563, 0.000591083196923, 0.00539000611752, 0.0148397153243, 0.0389609076083, 0.0735997110605, 0.0764051377773, 0.0500377640128, 0.462509959936, 0.997975885868, 0.442015618086, 0.275860190392, 0.218649849296, 0.160640016198, 0.430007040501, 0.164299577475, 0.148538425565, 0.381778538227, 0.976743161678, 1.44617712498, 1.04280793667, 1.46739411354, 2.17246603966, 1.67775893211, 0.428241044283, 0.356304824352, 0.671718120575, 0.501238226891, 0.136610731483, 0.217988401651, 0.191276729107, 0.0861379280686, 0.0569165460765, 0.0331636592746, 0.0143480515108, 0.00482887215912, 0.000733232300263, 0.000109908956802, 5.77577884542e-06, 3.73697048417e-06],
        "stdev": [0.181821718812, 1.72077453136, 3.4275829792, 6.99241018295, 12.8967447281, 16.9103279114, 12.5740308762, 9.82249641418, 41.4683036804, 52.9028701782, 98.7287979126, 63.9827079773, 186.414260864, 57.55493927, 71.9448776245, 82.4695510864, 26.1023693085, 65.0073394775, 34.6755332947, 58.3895683289, 73.0209960938, 43.2417068481, 35.1242599487, 53.3783988953, 29.2597179413, 26.8634223938, 16.3386154175, 27.1050567627, 12.6635742188, 10.9491214752, 12.7364139557, 6.59452056885, 4.81230068207, 2.80755281448, 1.28937923908, 0.392588496208, 0.0949336662889, 0.0305687822402, 0.00432800268754, 9.30454407353e-05]
    },
    "gfcc": {
        "mean": [60.5901985168, 58.9492835999, -122.454025269, 38.118850708, -61.4380683899, 12.204867363, -36.0767440796, 13.5473089218, -19.9161834717, 4.7136182785, -21.4483680725, 1.04157471657, -11.9171476364],
        "cov": [[1293.54077148, -314.520935059, 399.014678955, 144.482330322, 257.707580566, 308.364837646, 174.043731689, 77.1039352417, 27.6405467987, 45.3948135376, -8.97160243988, -21.9608955383, -42.1522026062], [-314.520935059, 451.973571777, -139.640350342, 1.79314470291, -10.008805275, -53.3046188354, -24.2371845245, -50.5448722839, -9.72257137299, -24.1347007751, 6.28915452957, -8.33628940582, 14.986448288], [399.014678955, -139.640350342, 432.25869751, 81.6163711548, 116.761314392, 127.888458252, 41.5432014465, 47.8504066467, -4.74166870117, 4.65337657928, -18.9571723938, -2.70374345779, -25.3314342499], [144.482330322, 1.79314470291, 81.6163711548, 295.352020264, 138.832778931, 62.1914291382, -6.01725912094, 20.909658432, 37.8209152222, 22.307592392, 5.71907091141, -13.5575485229, -7.12829589844], [257.707580566, -10.008805275, 116.761314392, 138.832778931, 214.903060913, 110.698646545, 57.2969322205, 30.4886112213, 26.7393112183, 29.8924827576, 6.12261104584, -5.0556344986, -9.33987903595], [308.364837646, -53.3046188354, 127.888458252, 62.1914291382, 110.698646545, 227.131698608, 83.6136550903, 38.8093566895, -12.7428665161, 18.5633602142, 8.99586868286, -13.7329864502, -8.44779682159], [174.043731689, -24.2371845245, 41.5432014465, -6.01725912094, 57.2969322205, 83.6136550903, 147.325134277, 52.3551826477, 12.9868173599, 17.0503368378, 6.84437704086, 3.22755169868, -0.540244162083], [77.1039352417, -50.5448722839, 47.8504066467, 20.909658432, 30.4886112213, 38.8093566895, 52.3551826477, 89.3554382324, 44.1185112, 20.4857692719, 5.41884469986, -5.31629896164, -7.01590824127], [27.6405467987, -9.72257137299, -4.74166870117, 37.8209152222, 26.7393112183, -12.7428665161, 12.9868173599, 44.1185112, 104.564254761, 48.7582130432, 4.81329154968, -15.3601036072, -6.73591804504], [45.3948135376, -24.1347007751, 4.65337657928, 22.307592392, 29.8924827576, 18.5633602142, 17.0503368378, 20.4857692719, 48.7582130432, 80.8366928101, 28.5585269928, -2.80140852928, -6.04769897461], [-8.97160243988, 6.28915452957, -18.9571723938, 5.71907091141, 6.12261104584, 8.99586868286, 6.84437704086, 5.41884469986, 4.81329154968, 28.5585269928, 67.041595459, 21.5485343933, -0.723645865917], [-21.9608955383, -8.33628940582, -2.70374345779, -13.5575485229, -5.0556344986, -13.7329864502, 3.22755169868, -5.31629896164, -15.3601036072, -2.80140852928, 21.5485343933, 60.3987350464, 21.8808784485], [-42.1522026062, 14.986448288, -25.3314342499, -7.12829589844, -9.33987903595, -8.44779682159, -0.540244162083, -7.01590824127, -6.73591804504, -6.04769897461, -0.723645865917, 21.8808784485, 51.616153717]],
        "icov": [[0.00180559186265, 0.000919284357224, -0.000789621379226, -3.62979735655e-05, -0.000834707578178, -0.00121236708947, -0.00117340567522, 0.00127770891413, -0.000861122272909, 0.000373963761376, 4.11597429775e-05, 0.000178018628503, 0.000483571435325], [0.000919284357224, 0.00319392001256, 0.000327190675307, -0.000123720936244, -0.00103234185372, -0.000229136130656, -0.000933141738642, 0.00206736754626, -0.000887827714905, 0.0014436430065, -0.000964234757703, 0.00120630615856, -0.000457784859464], [-0.000789621379226, 0.000327190675307, 0.00386255141348, -0.000178786140168, -0.000849799485877, -0.000691128079779, 0.00113901600707, -0.00183102837764, 0.00111300928984, -0.000111744739115, 0.00158452545293, -0.00133511645254, 0.00134757813066], [-3.62979735655e-05, -0.000123720936244, -0.000178786140168, 0.00547706289217, -0.00360548589379, -0.000405581638915, 0.00217425939627, -0.000521466950886, -0.0013578023063, 0.000650693080388, -0.000742698612157, 0.000778049929067, -0.000533174374141], [-0.000834707578178, -0.00103234185372, -0.000849799485877, -0.00360548589379, 0.0101733570918, -0.00208552298136, -0.00185769645032, 0.000743660319131, -0.00107543973718, -0.0015075878473, 0.000777262379415, -0.00161155906972, 0.000661338213831], [-0.00121236708947, -0.000229136130656, -0.000691128079779, -0.000405581638915, -0.00208552298136, 0.0094054704532, -0.00233373604715, -0.00235263979994, 0.00470348075032, -0.00176859647036, -0.00170612311922, 0.00360676087439, -0.00164726539515], [-0.00117340567522, -0.000933141738642, 0.00113901600707, 0.00217425939627, -0.00185769645032, -0.00233373604715, 0.0122194243595, -0.00665577501059, 0.00109616736881, -0.000979059026577, 0.000746045436244, -0.00178271287587, -0.000528440519702], [0.00127770891413, 0.00206736754626, -0.00183102837764, -0.000521466950886, 0.000743660319131, -0.00235263979994, -0.00665577501059, 0.0214720238, -0.0100688580424, 0.00325868325308, -0.00205183494836, 0.000288579292828, 0.000987722654827], [-0.000861122272909, -0.000887827714905, 0.00111300928984, -0.0013578023063, -0.00107543973718, 0.00470348075032, 0.00109616736881, -0.0100688580424, 0.0208048615605, -0.0113096339628, 0.00277391797863, 0.00344715523534, -0.000901167397387], [0.000373963761376, 0.0014436430065, -0.000111744739115, 0.000650693080388, -0.0015075878473, -0.00176859647036, -0.000979059026577, 0.00325868325308, -0.0113096339628, 0.0230312980711, -0.00955469720066, 0.00185378314927, 9.44903076743e-05], [4.11597429775e-05, -0.000964234757703, 0.00158452545293, -0.000742698612157, 0.000777262379415, -0.00170612311922, 0.000746045436244, -0.00205183494836, 0.00277391797863, -0.00955469720066, 0.0230171363801, -0.0103482538834, 0.00453094113618], [0.000178018628503, 0.00120630615856, -0.00133511645254, 0.000778049929067, -0.00161155906972, 0.00360676087439, -0.00178271287587, 0.000288579292828, 0.00344715523534, 0.00185378314927, -0.0103482538834, 0.0263827815652, -0.0110954735428], [0.000483571435325, -0.000457784859464, 0.00134757813066, -0.000533174374141, 0.000661338213831, -0.00164726539515, -0.000528440519702, 0.000987722654827, -0.000901167397387, 9.44903076743e-05, 0.00453094113618, -0.0110954735428, 0.0251286402345]]
    },
    "melbands": {
        "max": [0.016283320263, 0.0150705138221, 0.0315492339432, 0.0167130641639, 0.00547435320914, 0.00262836040929, 0.00446232454851, 0.008589444682, 0.00831412244588, 0.00484965462238, 0.00898804608732, 0.0030578977894, 0.00204024394043, 0.00202064705081, 0.00146765518002, 0.000586232810747, 0.00135360250715, 0.000569771742448, 0.00106757762842, 0.00195397669449, 0.000633410934824, 0.000512497965246, 0.000385524501326, 0.000539081636816, 0.000433010340203, 0.000254513055552, 0.000169898805325, 0.000215022388147, 0.000129896900035, 0.000101888770587, 0.000131514898385, 6.59726865706e-05, 7.56025256123e-05, 5.43903224752e-05, 0.000108855056169, 7.68553145463e-05, 4.56266570836e-05, 3.61711863661e-05, 3.19688515447e-05, 2.53622238233e-05],
        "mean": [0.00124124251306, 0.00155656831339, 0.000875525001902, 0.000650800764561, 0.000327547895722, 0.000167679856531, 0.000519745633937, 0.000429802166764, 0.000336219643941, 0.00023851498554, 0.000325056258589, 0.000131637905724, 9.88922984106e-05, 0.000134560716106, 7.9345802078e-05, 3.82976759283e-05, 7.63788193581e-05, 4.40716721641e-05, 5.21102374478e-05, 7.46849254938e-05, 9.15254640859e-05, 6.20193895884e-05, 2.76883711194e-05, 2.481914089e-05, 3.56937016477e-05, 2.52411155088e-05, 2.06919048651e-05, 1.98141042347e-05, 1.23887848531e-05, 1.41158670885e-05, 1.99548649107e-05, 1.01368477772e-05, 6.73054637446e-06, 5.19223021911e-06, 5.39273423783e-06, 4.065556368e-06, 3.13599207402e-06, 3.09979009216e-06, 2.47220896199e-06, 1.84117425306e-06],
        "min": [1.24964208226e-06, 2.76310902336e-06, 4.64472623207e-06, 5.17093349117e-06, 2.83634722109e-06, 1.15687953439e-06, 3.08563562612e-06, 1.06095558294e-05, 2.85328110294e-06, 1.73299019934e-06, 1.05423100649e-06, 5.69263818306e-07, 1.34508195515e-06, 7.83846076047e-07, 3.28448180653e-07, 3.37168245323e-07, 6.13648921899e-07, 1.11591145924e-06, 1.06634661279e-06, 5.30787758635e-07, 1.5226423784e-06, 1.51805897985e-06, 1.52027291733e-06, 6.18285582732e-07, 1.40370798363e-06, 5.46957437564e-07, 5.66871385388e-08, 2.74412172985e-07, 4.60992907847e-07, 3.96062887376e-07, 2.58560902466e-07, 8.34426643337e-08, 4.70370125072e-08, 1.50526233256e-07, 1.13224992049e-07, 5.71757325929e-08, 3.68196317879e-08, 3.03901614984e-08, 3.17587662835e-08, 2.52331613382e-08],
        "stdev": [0.00184003775939, 0.00178136269096, 0.0012707831338, 0.00102545879781, 0.000493313127663, 0.000218671644689, 0.00069550902117, 0.000596527650487, 0.000748089689296, 0.000457720481791, 0.000927141983993, 0.000241524743615, 0.000215087304241, 0.000223671580898, 0.000141948228702, 5.93411896261e-05, 0.000144473247929, 5.68691793887e-05, 7.30699684937e-05, 0.000121362048958, 8.83299580892e-05, 5.81314488954e-05, 2.73885234492e-05, 3.84004742955e-05, 4.96135362482e-05, 2.78079496638e-05, 1.96576202143e-05, 1.92727329704e-05, 1.1001022358e-05, 1.22364426716e-05, 1.83330648724e-05, 8.18516673462e-06, 6.92948378855e-06, 5.66705875826e-06, 7.92616538092e-06, 5.51554921913e-06, 4.00716999138e-06, 3.50763593815e-06, 2.96290613733e-06, 2.4100884275e-06]
    },
    "melbands128": {
        "max": [0.00197316496633, 0.0130121335387, 0.0265044383705, 0.0251122191548, 0.0199788957834, 0.0138855222613, 0.0265052746981, 0.0427239648998, 0.0368948243558, 0.0162831153721, 0.0098680537194, 0.0100072352216, 0.00613521598279, 0.00744508812204, 0.00329325115308, 0.00337915937416, 0.00468536745757, 0.0079983714968, 0.0130792493001, 0.00607335520908, 0.0175181366503, 0.013851730153, 0.0138312242925, 0.00527071766555, 0.00584685569629, 0.0115008549765, 0.0110413981602, 0.0180275570601, 0.00779674341902, 0.006768330466, 0.00371463922784, 0.00656291935593, 0.00377191067673, 0.00550846010447, 0.00484349718317, 0.0027295993641, 0.00401996867731, 0.00331289111637, 0.00103597959969, 0.00116768304724, 0.00119949458167, 0.00117759138811, 0.00216541811824, 0.00244814017788, 0.00110581179615, 0.00103160680737, 0.00122381886467, 0.00180587195791, 0.00176181725692, 0.00138185115065, 0.00359478988685, 0.00282128690742, 0.00137765530962, 0.000777801731601, 0.00190206000116, 0.000921019585803, 0.000412141351262, 0.000352371571353, 0.000600474129897, 0.000609866343439, 0.0008757863543, 0.000787592376582, 0.0010852572741, 0.00113282573875, 0.000579245039262, 0.000421946955612, 0.000549594406039, 0.000323424173985, 0.000241614383413, 0.000249532517046, 0.000303141772747, 0.000244828144787, 0.00014843698591, 0.000209390709642, 0.000139333962579, 0.000211281527299, 0.000159428382176, 0.000229213546845, 0.000203310904908, 0.000172579835635, 8.05181553005e-05, 5.30184806848e-05, 7.23488628864e-05, 0.000105073399027, 9.6049196145e-05, 7.23463017493e-05, 9.14300326258e-05, 0.000118610325444, 0.000127926221467, 0.00022055595764, 0.000103603284515, 5.48330608581e-05, 4.46300145995e-05, 5.27027150383e-05, 8.63320456119e-05, 4.88850273541e-05, 3.85282437492e-05, 9.33593037189e-05, 3.48103239958e-05, 2.9558514143e-05, 2.58583568211e-05, 2.65080980171e-05, 3.90434870496e-05, 1.96046767087e-05, 1.52044640345e-05, 1.10135169962e-05, 9.74025806499e-06, 9.14201336855e-06, 1.01135774457e-05, 3.58018519364e-06, 3.78569257009e-06, 3.08039011543e-06, 2.7867015433e-06, 4.10401707995e-06, 3.627094884e-06, 2.222077228e-06, 2.19377034227e-06, 2.86677322947e-06, 3.16953764923e-06, 3.0074006645e-06, 9.48158628944e-07, 5.29173348696e-07, 4.90819900278e-07, 3.23953486259e-08, 1.90205380335e-08, 1.83862365333e-08, 1.79256645083e-08, 1.76668919494e-08],
        "mean": [5.46132832824e-05, 0.000570679025259, 0.00192303827498, 0.00219415873289, 0.00151794648264, 0.00110568094533, 0.00112593534868, 0.000726367987227, 0.000609281181823, 0.000731143401936, 0.000652503978927, 0.000415195012465, 0.000261616922216, 0.000182089643204, 0.000150118037709, 0.000162768890732, 0.000238331558648, 0.000697777373716, 0.000764235097449, 0.000345232139807, 0.000327162648318, 0.000427461491199, 0.000405501545174, 0.000142635981319, 0.000198615845875, 0.000269423704594, 0.000334447744535, 0.000489907863084, 0.000122906480101, 0.000127263876493, 0.000154621389811, 0.000102888399852, 6.67545609758e-05, 0.000135933310958, 8.60003419803e-05, 0.000160954368766, 0.00017684881459, 6.288633449e-05, 3.20536528307e-05, 3.62703867722e-05, 3.95041242882e-05, 4.16290567955e-05, 8.33898884594e-05, 0.000105238403194, 2.95445988741e-05, 3.53791074303e-05, 5.38647764188e-05, 5.30924698978e-05, 4.87469696964e-05, 5.5404696468e-05, 8.18582120701e-05, 8.8694068836e-05, 8.64611647557e-05, 9.42994229263e-05, 0.000105511928268, 5.08171433466e-05, 3.62449645763e-05, 2.95715799439e-05, 2.40059016505e-05, 2.60958131548e-05, 2.16145144805e-05, 2.27563523367e-05, 4.24243407906e-05, 3.96754185203e-05, 2.69918691629e-05, 2.50364391832e-05, 2.43250797212e-05, 1.97563967959e-05, 1.88161029655e-05, 2.28116496146e-05, 2.1240037313e-05, 1.85699082067e-05, 1.43940706039e-05, 9.95040045382e-06, 1.08662852654e-05, 1.51507501869e-05, 1.36722592288e-05, 1.80312526936e-05, 2.34725084738e-05, 1.9782119125e-05, 1.15614357128e-05, 5.72533645027e-06, 5.78539447815e-06, 6.86056682753e-06, 8.15200837678e-06, 5.67632514503e-06, 4.01671422878e-06, 4.0098370846e-06, 5.84211602472e-06, 6.03605803917e-06, 5.54541247766e-06, 2.96044868264e-06, 2.58729028246e-06, 3.12621887133e-06, 3.41366353496e-06, 3.57322551281e-06, 2.66893925982e-06, 3.05492881125e-06, 2.82772634819e-06, 2.03617446459e-06, 1.57400359058e-06, 1.98112843464e-06, 1.93828077499e-06, 1.26262591493e-06, 1.14030933673e-06, 9.74213207883e-07, 8.49367665978e-07, 7.43932048408e-07, 5.62680497751e-07, 3.2042837006e-07, 3.03335326635e-07, 2.84291473918e-07, 2.42510083126e-07, 2.56291059486e-07, 2.3629884538e-07, 1.92584892034e-07, 1.85770502981e-07, 1.54274104602e-07, 1.68469313166e-07, 1.0988858179e-07, 3.71314179404e-08, 1.42711700235e-08, 8.18010725823e-09, 2.73310124532e-10, 2.10949799295e-11, 2.04129282921e-11, 1.99445408106e-11, 1.96959878962e-11],
        "min": [2.72828226677e-09, 2.52725609329e-08, 1.1582692423e-06, 6.6941828436e-07, 5.84908889323e-07, 1.11102986011e-06, 1.18857599318e-06, 6.64524918648e-07, 9.34532295105e-07, 3.74669980374e-06, 1.67666803463e-06, 2.99016892313e-06, 1.11930489766e-06, 6.33900071989e-07, 5.68329539874e-07, 4.88781665808e-07, 3.69596477867e-07, 3.34970172844e-06, 1.71997339748e-06, 1.52834991241e-06, 9.5948098533e-07, 4.39806541408e-07, 1.1684632284e-07, 9.69739858192e-07, 1.13574844818e-06, 1.12998328916e-07, 3.77241462957e-07, 4.8536196573e-07, 5.92617709572e-07, 4.09172571381e-07, 5.07423180807e-07, 6.76658487464e-07, 1.65166838428e-07, 5.5204156979e-07, 2.68017004146e-07, 2.81345393205e-07, 1.21766362327e-07, 1.44765380128e-07, 2.34347027117e-07, 1.9137492302e-07, 4.46028195711e-07, 2.49345134762e-07, 8.77966499502e-08, 5.42780242085e-07, 5.02425791638e-07, 4.60146878822e-07, 3.55100524985e-07, 4.88537409638e-07, 3.16062596539e-07, 5.36043273769e-07, 2.35707858565e-07, 1.17879814354e-07, 1.02012177194e-06, 1.28773478991e-06, 1.73824855665e-06, 5.42626935385e-07, 8.8003446308e-07, 8.13922554244e-07, 4.45748014499e-07, 3.70328905319e-07, 2.24722981557e-07, 3.27736046302e-07, 7.85663758052e-07, 9.0924260121e-07, 7.5723869486e-07, 5.29407714112e-07, 1.08277873778e-07, 3.92840462382e-08, 4.6291123823e-08, 7.54916342771e-08, 2.31159077657e-07, 3.84254121855e-07, 4.04907837037e-07, 3.8568541072e-07, 8.73618404285e-08, 2.79192079233e-07, 3.59561767027e-07, 5.97338285502e-08, 3.76053009177e-07, 1.35879531626e-07, 4.57578614999e-08, 4.08070590652e-08, 2.74557248048e-08, 2.76075056149e-08, 5.51304673024e-08, 6.35135464222e-08, 3.5920077579e-08, 6.34805985555e-08, 1.14602777046e-07, 9.43847098256e-08, 3.65967451899e-08, 2.08102513e-08, 1.23718040257e-08, 2.15300808293e-08, 4.43631584801e-08, 9.45753697579e-09, 4.57523530173e-09, 2.34085995032e-08, 2.63192703187e-08, 1.07692503803e-08, 8.21911338988e-09, 2.3143309491e-08, 2.91993380586e-08, 4.00971300607e-09, 1.41399372211e-08, 9.89716042454e-09, 1.00976771389e-09, 5.54259171892e-09, 4.06777500572e-09, 1.85863902047e-09, 2.02951722095e-09, 2.51978793386e-09, 7.85323805985e-10, 9.75171943196e-10, 1.05465458589e-09, 5.9140770059e-10, 4.11794764954e-10, 4.41997220074e-12, 1.61285684786e-13, 1.42810283456e-13, 1.15455794881e-13, 1.19248740656e-13, 9.1150679127e-14, 9.1025040424e-14, 7.48644988233e-14, 3.01483284951e-14, 3.36178355864e-15, 1.53521346793e-16],
        "stdev": [0.000161194868269, 0.00126170786098, 0.00302633177489, 0.00297108618543, 0.00201424583793, 0.00147826306056, 0.00156707246788, 0.00146711885463, 0.00142379594035, 0.0013806053903, 0.00109997438267, 0.000919529935345, 0.000490995007567, 0.000435324473074, 0.000296984333545, 0.000239101311308, 0.000385457766242, 0.00114044116344, 0.00122420466505, 0.000645421969239, 0.000926223059651, 0.00113231642172, 0.0011811896693, 0.00039616288268, 0.000503307557665, 0.000781584705692, 0.00103977834806, 0.00175043265335, 0.000432417175034, 0.000400821474614, 0.000302695902064, 0.000296270562103, 0.000239040207816, 0.000436690781498, 0.000316792808007, 0.00032602288411, 0.000362283870345, 0.00022225077555, 6.47896740702e-05, 8.54607569636e-05, 8.98118960322e-05, 9.84700527624e-05, 0.000197836547159, 0.000240485082031, 6.18550402578e-05, 6.99420706951e-05, 9.68298481894e-05, 0.000104177146568, 9.98154864646e-05, 0.000122580604511, 0.000215143576497, 0.000170887404238, 0.000129888489028, 0.000112241476018, 0.000148874853039, 6.89624866936e-05, 4.19576572313e-05, 3.43665305991e-05, 3.87965119444e-05, 4.62360876554e-05, 4.90719321533e-05, 4.99309971929e-05, 8.26079485705e-05, 8.02877329988e-05, 4.59421353298e-05, 3.71685673599e-05, 3.86532592529e-05, 2.48544874921e-05, 2.33261780522e-05, 3.1899613532e-05, 2.83505978587e-05, 2.22828966798e-05, 1.48802428157e-05, 1.36417029353e-05, 1.20586628327e-05, 1.527826862e-05, 1.41850796354e-05, 2.34102062677e-05, 2.47749940172e-05, 1.87656969501e-05, 1.13033784146e-05, 5.75939293412e-06, 7.4909844443e-06, 8.27253006719e-06, 9.91909655568e-06, 6.58883118376e-06, 5.34647551831e-06, 6.69098835715e-06, 9.25917447603e-06, 1.15732236736e-05, 7.48351158109e-06, 4.35082756667e-06, 3.87569025406e-06, 4.55500048702e-06, 4.75831029689e-06, 4.55640019936e-06, 3.34766286869e-06, 4.72610236102e-06, 3.43639248968e-06, 2.53701546171e-06, 2.40274221142e-06, 2.74879653261e-06, 2.92154072667e-06, 1.81511143182e-06, 1.60241881986e-06, 1.32920672513e-06, 1.1787630001e-06, 9.86252416624e-07, 7.77909690441e-07, 4.20656846245e-07, 3.7038461187e-07, 3.63216059895e-07, 2.86273348138e-07, 3.51513534724e-07, 3.18350629414e-07, 2.47086120453e-07, 2.73238327964e-07, 2.77749705901e-07, 2.93106978688e-07, 2.13834127294e-07, 8.51677910418e-08, 5.12369808803e-08, 3.66437369337e-08, 1.78337888901e-09, 5.1428683534e-10, 4.97205554506e-10, 4.84840556592e-10, 4.77889283701e-10]
    },
    "mfcc": {
        "mean": [-579.479125977, 88.1143417358, -4.02804517746, 24.9863319397, 0.000356463162461, 2.75012993813, -4.60301923752, 3.34783291817, 7.51845216751, 0.667060732841, -1.43316853046, 2.58086848259, 2.9994430542],
        "cov": [[1070.18457031, -240.977661133, 170.19203186, 24.86120224, 169.948913574, 211.957260132, 180.432861328, 105.490280151, 88.1724243164, 113.218383789, 72.0168838501, 82.9401168823, -67.1415481567], [-240.977661133, 362.295135498, -74.0654220581, -26.8933086395, -54.2870826721, -25.5091094971, -17.5452041626, -24.1074695587, -15.6475152969, -55.981918335, -13.1022052765, -20.6186161041, 5.91862630844], [170.19203186, -74.0654220581, 284.044677734, 5.23467350006, 81.1292495728, 45.0396652222, 61.2485809326, 39.3170776367, 23.0603885651, 20.6159000397, 9.98821258545, 12.7171697617, -34.1812896729], [24.86120224, -26.8933086395, 5.23467350006, 209.362503052, 90.8971710205, 28.5310993195, -15.5392637253, 4.83054542542, 26.2428264618, 8.49913787842, 6.24085521698, 29.8231773376, 27.7204494476], [169.948913574, -54.2870826721, 81.1292495728, 90.8971710205, 198.463409424, 86.1571884155, 43.6501655579, 20.7469177246, 35.3861351013, 26.9513339996, 21.1456317902, 42.2832794189, -5.07596158981], [211.957260132, -25.5091094971, 45.0396652222, 28.5310993195, 86.1571884155, 145.632659912, 85.1902084351, 28.4069232941, 30.4693717957, 30.367061615, 15.5394763947, 33.9143028259, -17.3681869507], [180.432861328, -17.5452041626, 61.2485809326, -15.5392637253, 43.6501655579, 85.1902084351, 156.804962158, 64.2664108276, 21.5738773346, 20.9337558746, 16.2136917114, 26.1956253052, -25.7406425476], [105.490280151, -24.1074695587, 39.3170776367, 4.83054542542, 20.7469177246, 28.4069232941, 64.2664108276, 88.5839691162, 30.0172233582, 11.1653547287, 6.6288728714, 7.81276369095, -10.9802646637], [88.1724243164, -15.6475152969, 23.0603885651, 26.2428264618, 35.3861351013, 30.4693717957, 21.5738773346, 30.0172233582, 95.6237182617, 49.9661064148, 26.1775588989, 19.718914032, -7.98310804367], [113.218383789, -55.981918335, 20.6159000397, 8.49913787842, 26.9513339996, 30.367061615, 20.9337558746, 11.1653547287, 49.9661064148, 96.2387466431, 41.5238380432, 21.7497024536, -15.204454422], [72.0168838501, -13.1022052765, 9.98821258545, 6.24085521698, 21.1456317902, 15.5394763947, 16.2136917114, 6.6288728714, 26.1775588989, 41.5238380432, 85.1053085327, 43.2581863403, 2.67449116707], [82.9401168823, -20.6186161041, 12.7171697617, 29.8231773376, 42.2832794189, 33.9143028259, 26.1956253052, 7.81276369095, 19.718914032, 21.7497024536, 43.2581863403, 94.4824142456, 32.9594497681], [-67.1415481567, 5.91862630844, -34.1812896729, 27.7204494476, -5.07596158981, -17.3681869507, -25.7406425476, -10.9802646637, -7.98310804367, -15.204454422, 2.67449116707, 32.9594497681, 87.0293731689]],
        "icov": [[0.00181183603127, 0.000839500688016, -0.000199070389499, 0.000240652021603, -0.00022621647804, -0.00164641637821, -0.000247022282565, -0.000814989209175, -0.000124295664136, -0.000371316011297, -0.000425521720899, -0.000614344899077, 0.000837683561258], [0.000839500688016, 0.00374381360598, 0.000560836226214, 0.000249862263445, 0.000403804675443, -0.000894401629921, -0.000612083822489, 0.000649828580208, -0.00127204123419, 0.00240699620917, -0.000959577970207, 0.000136961229146, 0.00056119915098], [-0.000199070389499, 0.000560836226214, 0.00459866691381, 0.000470478349598, -0.00177369848825, 0.000711057859007, -0.000871289987117, -0.000668533553835, -0.000212114711758, 0.000359746423783, 0.000154630528414, -0.000187541212654, 0.00127064750995], [0.000240652021603, 0.000249862263445, 0.000470478349598, 0.00685328897089, -0.0032849505078, -0.000639844918624, 0.00182128045708, -0.000973053800408, -0.00114028307144, 0.000248081720201, 0.00053448160179, -0.000622498046141, -0.0015747534344], [-0.00022621647804, 0.000403804675443, -0.00177369848825, -0.0032849505078, 0.00954931136221, -0.00382166611962, 0.000301354448311, 0.000561412831303, -0.00079557695426, 0.000604083354119, -0.000370997266145, -0.00152495072689, 0.000723432807717], [-0.00164641637821, -0.000894401629921, 0.000711057859007, -0.000639844918624, -0.00382166611962, 0.0151519384235, -0.00631701387465, 0.00261704926379, -0.000969253655057, -0.00123789196368, 0.00207539205439, -0.00156527734362, 0.00076029781485], [-0.000247022282565, -0.000612083822489, -0.000871289987117, 0.00182128045708, 0.000301354448311, -0.00631701387465, 0.0143500166014, -0.00819612760097, 0.00200286833569, -0.000406916544307, -0.000152874621563, -0.00247770152055, 0.00195153651293], [-0.000814989209175, 0.000649828580208, -0.000668533553835, -0.000973053800408, 0.000561412831303, 0.00261704926379, -0.00819612760097, 0.0191192049533, -0.00566532090306, 0.00256978254765, 0.000117875795695, 0.00155173847452, -0.000744513759855], [-0.000124295664136, -0.00127204123419, -0.000212114711758, -0.00114028307144, -0.00079557695426, -0.000969253655057, 0.00200286833569, -0.00566532090306, 0.0172800198197, -0.00823575351387, -0.000451905885711, -0.000795514089987, 0.000369696907001], [-0.000371316011297, 0.00240699620917, 0.000359746423783, 0.000248081720201, 0.000604083354119, -0.00123789196368, -0.000406916544307, 0.00256978254765, -0.00823575351387, 0.0196141544729, -0.00663811387494, 0.0002037241793, 0.00240225018933], [-0.000425521720899, -0.000959577970207, 0.000154630528414, 0.00053448160179, -0.000370997266145, 0.00207539205439, -0.000152874621563, 0.000117875795695, -0.000451905885711, -0.00663811387494, 0.0191194713116, -0.0081524644047, 0.00128841330297], [-0.000614344899077, 0.000136961229146, -0.000187541212654, -0.000622498046141, -0.00152495072689, -0.00156527734362, -0.00247770152055, 0.00155173847452, -0.000795514089987, 0.0002037241793, -0.0081524644047, 0.0200574640185, -0.00867995899171], [0.000837683561258, 0.00056119915098, 0.00127064750995, -0.0015747534344, 0.000723432807717, 0.00076029781485, 0.00195153651293, -0.000744513759855, 0.000369696907001, 0.00240225018933, 0.00128841330297, -0.00867995899171, 0.0174775477499]]
    },
    "spectral_contrast_coeffs": {
        "max": [-0.429805010557, -0.471115201712, -0.510255217552, -0.591274023056, -0.632732450962, -0.610774338245],
        "mean": [-0.713331997395, -0.727224588394, -0.742523014545, -0.770833075047, -0.775171935558, -0.732240200043],
        "min": [-0.932215690613, -0.903062880039, -0.882166922092, -0.884349822998, -0.851538658142, -0.848602116108],
        "stdev": [0.0691995993257, 0.0749204903841, 0.0681260675192, 0.046471208334, 0.032281793654, 0.0330908894539]
    },
    "spectral_contrast_valleys": {
        "max": [-5.01281690598, -5.51219797134, -5.37741422653, -5.97736406326, -5.6029882431, -7.83843326569],
        "mean": [-6.56937980652, -6.46641492844, -7.0592083931, -7.08396434784, -6.78318309784, -9.30505180359],
        "min": [-8.65316295624, -7.84766960144, -8.44051456451, -8.4279794693, -8.30736541748, -11.1649637222],
        "stdev": [0.641527116299, 0.399268299341, 0.423814237118, 0.400108873844, 0.379359513521, 0.653185546398]
    }
},
"rhythm": {
    "beats_count": 44,
    "beats_loudness": {
        "max": 0.0541457049549,
        "mean": 0.0342276021838,
        "min": 0.0136098703369,
        "stdev": 0.0101706366986
    },
    "bpm": 85.3957443237,
    "bpm_histogram_first_peak_bpm": 86,
    "bpm_histogram_first_peak_weight": 0.214285731316,
    "bpm_histogram_second_peak_bpm": 81,
    "bpm_histogram_second_peak_spread": 0.0769231319427,
    "bpm_histogram_second_peak_weight": 0.279069781303,
    "danceability": 0.942278921604,
    "onset_rate": 2.39941382408,
    "beats_loudness_band_ratio": {
        "max": [0.77667593956, 0.483954757452, 0.662138521671, 0.370357275009, 0.449538320303, 0.327854901552],
        "mean": [0.292768120766, 0.118305809796, 0.229108795524, 0.124635890126, 0.138099715114, 0.12409543246],
        "min": [0.00458402978256, 0.00925272516906, 0.0232134368271, 0.0150980576873, 0.0281965881586, 0.0182199627161],
        "stdev": [0.187887340784, 0.120565734804, 0.162886992097, 0.0936078727245, 0.0914589911699, 0.0767248868942]
    },
    "beats_position": [0.731428563595, 1.47446703911, 2.21750569344, 2.96054410934, 3.7151927948, 4.48145103455, 5.23609972, 5.97913837433, 6.71056699753, 7.45360517502, 8.19664382935, 8.93968200684, 9.682721138, 10.4257593155, 11.1687984467, 11.9698867798, 12.7709751129, 13.5024032593, 14.2222223282, 14.9420404434, 15.6734695435, 16.3700675964, 17.0666656494, 17.7632656097, 18.4598636627, 19.1564617157, 19.853061676, 20.549659729, 21.246257782, 21.9544658661, 22.6510658264, 23.3592739105, 24.0558719635, 24.764081955, 25.4490699768, 26.1456680298, 26.8422679901, 27.5388660431, 28.2354640961, 28.932062149, 29.6286621094, 30.3252601624, 31.0218582153, 31.7184581757],
