{
"metadata": {
    "version": {
        "essentia": "2.1-beta5",
        "essentia_git_sha": "Undefined",
        "extractor": "music 2.0"
    },
    "audio_properties": {
        "analysis": {
            "equal_loudness": 0,
            "length": 12.7477550507,
            "sample_rate": 44100,
            "start_time": 0,
            "downmix": "mix"
        },
        "bit_rate": 192000,
        "length": 184.203918457,
        "lossless": 0,
        "number_channels": 2,
        "replay_gain": -5.05539703369,
        "sample_rate": 48000,
        "codec": "mp3",
        "md5_encoded": "830f30643ccacc76c04a812a1e3ce312"
    },
    "tags": {
        "file_name": "Andorra_Salvem El Món_Anonymous.mp3",
        "encoding": ["Lavf58.29.100"]
    }
},
"lowlevel": {
    "average_loudness": 0.950863063335,
    "barkbands_crest": {
        "max": 17.8176956177,
        "mean": 6.92035293579,
        "min": 2.54359388351,
        "stdev": 2.50104904175
    },
    "barkbands_flatness_db": {
        "max": 0.21399256587,
        "mean": 0.110708102584,
        "min": 0.0351060517132,
        "stdev": 0.0490060485899
    },
    "barkbands_kurtosis": {
        "max": 13.8038387299,
        "mean": 0.172231927514,
        "min": -1.40286529064,
        "stdev": 1.43965506554
    },
    "barkbands_skewness": {
        "max": 3.66271185875,
        "mean": 0.848663389683,
        "min": -0.359334498644,
        "stdev": 0.567763149738
    },
    "barkbands_spread": {
        "max": 54.27318573,
        "mean": 26.9466876984,
        "min": 6.63015699387,
        "stdev": 14.3167047501
    },
    "dissonance": {
        "max": 0.5,
        "mean": 0.487516641617,
        "min": 0.442033946514,
        "stdev": 0.00974783860147
    },
    "dynamic_complexity": 2.0617825985,
    "erbbands_crest": {
        "max": 17.7305812836,
        "mean": 6.07547426224,
        "min": 2.51460504532,
        "stdev": 2.23962712288
    },
    "erbbands_flatness_db": {
        "max": 0.307420551777,
        "mean": 0.173997476697,
        "min": 0.0727103799582,
        "stdev": 0.0723174884915
    },
    "erbbands_kurtosis": {
        "max": 2.26889610291,
        "mean": -0.321635812521,
        "min": -1.34052634239,
        "stdev": 0.584531188011
    },
    "erbbands_skewness": {
        "max": 1.49434280396,
        "mean": -0.0741535574198,
        "min": -0.906651675701,
        "stdev": 0.417948842049
    },
    "erbbands_spread": {
        "max": 73.8536682129,
        "mean": 35.5980491638,
        "min": 9.62940597534,
        "stdev": 17.7615470886
    },
    "hfc": {
        "max": 93.9153137207,
        "mean": 35.0917510986,
        "min": 6.57932541799e-05,
        "stdev": 15.9033355713
    },
    "loudness_ebu128": {
        "integrated": -16.5035667419,
        "loudness_range": 2.42092609406,
        "momentary": {
            "max": -14.7772712708,
            "mean": -17.40899086,
            "min": -37.2673416138,
            "stdev": 3.58980989456
        },
        "short_term": {
            "max": -15.365240097,
            "mean": -16.4615535736,
            "min": -19.8094406128,
            "stdev": 1.03026211262
        }
    },
    "melbands_crest": {
        "max": 25.6029891968,
        "mean": 11.0473775864,
        "min": 3.90630125999,
        "stdev": 3.76760363579
    },
    "melbands_flatness_db": {
        "max": 0.249341547489,
        "mean": 0.140850618482,
        "min": 0.0472808144987,
        "stdev": 0.0337865501642
    },
    "melbands_kurtosis": {
        "max": 53.12292099,
        "mean": 5.07746887207,
        "min": -1.04971706867,
        "stdev": 6.19551706314
    },
    "melbands_skewness": {
        "max": 6.62898635864,
        "mean": 1.87226343155,
        "min": -0.250761091709,
        "stdev": 1.10564446449
    },
    "melbands_spread": {
        "max": 76.4390182495,
        "mean": 29.6215991974,
        "min": 6.56683015823,
        "stdev": 12.5200805664
    },
    "pitch_salience": {
        "max": 0.810964643955,
        "mean": 0.647002577782,
        "min": 0.272680878639,
        "stdev": 0.0693660527468
    },
    "silence_rate_20dB": {
        "max": 1,
        "mean": 1,
        "min": 1,
        "stdev": 0
    },
    "silence_rate_30dB": {
        "max": 1,
        "mean": 0.996363639832,
        "min": 0,
        "stdev": 0.060192566365
    },
    "silence_rate_60dB": {
        "max": 1,
        "mean": 0.0599999986589,
        "min": 0,
        "stdev": 0.237485215068
    },
    "spectral_centroid": {
        "max": 2828.52636719,
        "mean": 1922.48449707,
        "min": 1012.1895752,
        "stdev": 316.570861816
    },
    "spectral_complexity": {
        "max": 55,
        "mean": 35.3363647461,
        "min": 0,
        "stdev": 12.6226854324
    },
    "spectral_decrease": {
        "max": -8.55479051585e-15,
        "mean": -7.70376118453e-09,
        "min": -4.71564334248e-08,
        "stdev": 5.75646907919e-09
    },
    "spectral_energy": {
        "max": 0.184840932488,
        "mean": 0.0322586968541,
        "min": 3.82553331235e-08,
        "stdev": 0.0227989088744
    },
    "spectral_energyband_high": {
        "max": 0.00613311445341,
        "mean": 0.00187998882029,
        "min": 1.21938203979e-09,
        "stdev": 0.00148085854016
    },
    "spectral_energyband_low": {
        "max": 0.136379182339,
        "mean": 0.0103251878172,
        "min": 3.50334691812e-11,
        "stdev": 0.0163335483521
    },
    "spectral_energyband_middle_high": {
        "max": 0.0246976166964,
        "mean": 0.0100820176303,
        "min": 3.27925739896e-08,
        "stdev": 0.0043623750098
    },
    "spectral_energyband_middle_low": {
        "max": 0.0653815418482,
        "mean": 0.0119730345905,
        "min": 5.842214712e-09,
        "stdev": 0.00992124713957
    },
    "spectral_entropy": {
        "max": 8.30893707275,
        "mean": 7.86973619461,
        "min": 7.38336801529,
        "stdev": 0.219480752945
    },
    "spectral_flux": {
        "max": 0.361196696758,
        "mean": 0.09309758991,
        "min": 0.000195589702344,
        "stdev": 0.0473482422531
    },
    "spectral_kurtosis": {
        "max": 18.833486557,
        "mean": 4.69319343567,
        "min": 0.980871677399,
        "stdev": 3.47980117798
    },
    "spectral_rms": {
        "max": 0.0134287979454,
        "mean": 0.00524024385959,
        "min": 6.10919596511e-06,
        "stdev": 0.00200293911621
    },
    "spectral_rolloff": {
        "max": 4974.16992188,
        "mean": 2291.6796875,
        "min": 150.732421875,
        "stdev": 726.36529541
    },
    "spectral_skewness": {
        "max": 2.95113039017,
        "mean": 1.44951152802,
        "min": 0.780298292637,
        "stdev": 0.511314630508
    },
    "spectral_spread": {
        "max": 8807792,
        "mean": 4054721.25,
        "min": 2017707.5,
        "stdev": 1063261
    },
    "spectral_strongpeak": {
        "max": 5.93305873871,
        "mean": 1.04215741158,
        "min": 0.00146162055898,
        "stdev": 1.23862504959
    },
    "zerocrossingrate": {
        "max": 0.1357421875,
        "mean": 0.0844806432724,
        "min": 0.04443359375,
        "stdev": 0.0158373825252
    },
    "barkbands": {
        "max": [0.00545528577641, 0.0527283549309, 0.083040304482, 0.0356598608196, 0.0505674704909, 0.00772336404771, 0.00689879897982, 0.00302754784934, 0.0106767229736, 0.0108370464295, 0.00515987770632, 0.00562937185168, 0.00461983308196, 0.00809225719422, 0.0043685529381, 0.00641888240352, 0.00363181298599, 0.00378674990498, 0.00445846654475, 0.00321290362626, 0.0028877928853, 0.00176257872954, 0.00137284584343, 0.000626188120805, 0.000802218564786, 0.000403305049986, 0.00012513231195],
        "mean": [0.000224919203902, 0.00284185097553, 0.00550018390641, 0.00324581796303, 0.00360259739682, 0.0009218378691, 0.000981522141956, 0.000586172856856, 0.00219888053834, 0.00158526794985, 0.00102399208117, 0.000775546533987, 0.000686908781063, 0.00158677494619, 0.000768934725784, 0.00119545368943, 0.000897091231309, 0.000678813667037, 0.000709760759491, 0.00067021837458, 0.000572952791117, 0.000338389916578, 0.000330634502461, 0.000162536787684, 0.000141814103699, 2.6001365768e-05, 3.83603128284e-06],
        "min": [3.31721651016e-12, 2.21876440831e-11, 7.33594261726e-12, 5.11648709511e-12, 3.06897146585e-11, 5.02034969152e-10, 3.0603189427e-10, 1.33108057909e-09, 1.07132014371e-09, 4.06341937875e-09, 1.70612513006e-09, 7.53783613305e-09, 5.88712811833e-09, 1.92732318993e-09, 1.3011786093e-09, 2.48661469193e-09, 6.39235819833e-09, 6.73693378861e-10, 1.67923985828e-09, 4.38335645558e-10, 4.30247115712e-10, 1.3245982089e-10, 1.17254317367e-10, 5.24283567949e-11, 5.40863846765e-11, 6.45953221468e-11, 3.18435972035e-11],
        "stdev": [0.000443010620074, 0.00513299321756, 0.00967517774552, 0.00462136324495, 0.00616680737585, 0.0011099082185, 0.000964073231444, 0.000499288609717, 0.00179345125798, 0.00173162959982, 0.000893780263141, 0.000744472141378, 0.000555072969291, 0.00152854737826, 0.000637964345515, 0.000858515675645, 0.00058472447563, 0.000508214288857, 0.00061509560328, 0.000560809741728, 0.000497621600516, 0.000316205143463, 0.000299689971143, 0.00014260019816, 0.000141950149555, 4.40830772277e-05, 1.16098035505e-05]
    },
    "erbbands": {
        "max": [0.917931973934, 14.8513298035, 82.7930297852, 109.588615417, 149.559387207, 186.919662476, 82.6820449829, 63.0379867554, 76.0214767456, 144.401672363, 85.2095489502, 302.687072754, 272.445617676, 207.671951294, 207.264205933, 210.517364502, 208.606719971, 206.286743164, 297.918273926, 598.169189453, 232.80696106, 221.714675903, 191.231628418, 168.899490356, 173.680511475, 162.978851318, 100.067832947, 127.184364319, 62.336605072, 53.8418617249, 35.5600280762, 17.0789241791, 10.74812603, 16.4965515137, 5.97839260101, 1.91589331627, 0.768161892891, 0.28589656949, 0.0167854111642, 0.000702794175595],
        "mean": [0.0858863890171, 0.693649709225, 4.81945896149, 10.0854158401, 12.3321485519, 11.6579704285, 7.54946899414, 7.94254350662, 9.12295246124, 19.6693954468, 17.6449394226, 51.4248428345, 53.5386428833, 39.6106033325, 36.7564353943, 32.9481582642, 35.5750312805, 48.5748100281, 61.8806037903, 79.0294036865, 49.8956451416, 51.7720336914, 37.2782440186, 41.2904624939, 31.2471599579, 31.497926712, 22.1555271149, 23.3856639862, 10.8044548035, 12.0644721985, 8.30299472809, 4.64240455627, 2.4190120697, 2.41899394989, 0.558276116848, 0.157305672765, 0.0417807400227, 0.00868092756718, 0.000603159773163, 5.47991185158e-05],
        "min": [7.87748588582e-10, 4.37037961376e-09, 8.97622420837e-09, 1.30369937068e-08, 1.67290981068e-08, 1.41072717952e-07, 1.73654473201e-06, 4.83314852318e-06, 3.81944391847e-06, 1.38679224619e-05, 2.60177639575e-05, 2.44362199737e-05, 0.000154484863742, 4.41134325229e-05, 0.000138227100251, 0.00032959485543, 0.000289573246846, 0.000113576119475, 6.24830136076e-05, 0.000152983062435, 0.000104892496893, 0.000408240943216, 8.4129969764e-05, 8.21868743515e-05, 4.73297332064e-05, 1.87245750567e-05, 2.54981459875e-05, 1.46176626004e-05, 5.28451846549e-06, 4.03281956096e-06, 2.73024465969e-06, 1.15179977911e-06, 8.22284562219e-07, 6.70154065574e-07, 3.74510563006e-07, 2.49473060876e-07, 9.85397363706e-08, 3.67883075114e-08, 5.65787816598e-09, 3.75772163386e-10],
        "stdev": [0.12457934767, 1.44546115398, 9.31502914429, 14.0700855255, 18.2524719238, 20.3015575409, 10.7472915649, 9.24493408203, 10.146074295, 23.0129928589, 12.8410453796, 46.6243209839, 48.0036811829, 30.5023136139, 29.1984138489, 28.8909626007, 27.0056648254, 38.4503288269, 57.4999465942, 69.7771911621, 29.8910713196, 35.7074279785, 25.8138751984, 31.7665538788, 26.0439567566, 26.470457077, 18.8761920929, 20.9500045776, 10.7825431824, 10.5871887207, 7.45516347885, 4.20612287521, 2.13559627533, 2.59739208221, 0.550205290318, 0.191799521446, 0.0839585065842, 0.0232471544296, 0.00176613091026, 4.9100475735e-05]
    },
    "gfcc": {
        "mean": [22.8590717316, 49.9080085754, -164.572662354, 14.6385831833, -69.0380859375, 10.6794729233, -40.1088600159, 11.4466781616, -25.2880764008, 0.223778948188, -24.1664333344, -2.87913274765, -9.87837123871],
        "cov": [[9582.62207031, 1459.96557617, 3417.15649414, 3367.71557617, 189.169555664, 858.35168457, -278.670684814, -69.2737503052, -305.075042725, -305.242004395, -41.3795318604, -361.134094238, -44.184425354], [1459.96557617, 836.544311523, 1053.2746582, 1200.64733887, 142.420562744, 364.115447998, 51.9107818604, 34.6791687012, -92.6220855713, -104.104881287, 35.9911727905, -133.605529785, -5.83460140228], [3417.15649414, 1053.2746582, 2351.4074707, 2262.25463867, 268.117889404, 687.991516113, 30.4235782623, 43.7579727173, -217.272979736, -198.273391724, 0.816292405128, -214.531448364, -64.134513855], [3367.71557617, 1200.64733887, 2262.25463867, 2386.12255859, 246.764938354, 708.609313965, 14.7585954666, 28.6757926941, -217.838897705, -205.359542847, 18.3894462585, -249.394775391, -54.3380126953], [189.169555664, 142.420562744, 268.117889404, 246.764938354, 128.666015625, 105.830383301, 63.1272850037, 36.8116607666, -17.6715068817, -9.70374393463, 12.6288032532, -9.92648029327, -11.1976947784], [858.35168457, 364.115447998, 687.991516113, 708.609313965, 105.830383301, 290.144989014, 55.611743927, 43.9860191345, -56.6316833496, -49.9400558472, 21.8334083557, -72.7930831909, -20.4312000275], [-278.670684814, 51.9107818604, 30.4235782623, 14.7585954666, 63.1272850037, 55.611743927, 106.387878418, 63.9651412964, 14.9164037704, 6.91492605209, 19.2486763, 12.249215126, -6.66016149521], [-69.2737503052, 34.6791687012, 43.7579727173, 28.6757926941, 36.8116607666, 43.9860191345, 63.9651412964, 88.7158737183, 29.5317153931, 14.0117168427, 22.5127639771, 11.3768806458, -2.16784238815], [-305.075042725, -92.6220855713, -217.272979736, -217.838897705, -17.6715068817, -56.6316833496, 14.9164037704, 29.5317153931, 69.411781311, 43.6781387329, 14.6616039276, 24.8666687012, 4.60164356232], [-305.242004395, -104.104881287, -198.273391724, -205.359542847, -9.70374393463, -49.9400558472, 6.91492605209, 14.0117168427, 43.6781387329, 61.1811408997, 24.9959793091, 32.2869682312, 2.38474774361], [-41.3795318604, 35.9911727905, 0.816292405128, 18.3894462585, 12.6288032532, 21.8334083557, 19.2486763, 22.5127639771, 14.6616039276, 24.9959793091, 51.867805481, 23.2657794952, 7.6619348526], [-361.134094238, -133.605529785, -214.531448364, -249.394775391, -9.92648029327, -72.7930831909, 12.249215126, 11.3768806458, 24.8666687012, 32.2869682312, 23.2657794952, 70.6900939941, 20.3313331604], [-44.184425354, -5.83460140228, -64.134513855, -54.3380126953, -11.1976947784, -20.4312000275, -6.66016149521, -2.16784238815, 4.60164356232, 2.38474774361, 7.6619348526, 20.3313331604, 38.754940033]],
        "icov": [[0.000287922710413, 2.90793705062e-05, -0.000420455820858, -6.38101846562e-05, 2.10432626773e-05, 6.94043192198e-05, 0.00096238439437, -0.00020654979744, -0.000371108471882, 0.000130593311042, -3.78334261768e-05, 0.000129718609969, -0.000280670385109], [2.90793705062e-05, 0.00718764401972, 0.00176964432467, -0.00522610731423, -0.00117973203305, 0.00233840756118, -0.00435044337064, 0.001074654283, -0.00155171158258, 0.00297325104475, -0.00561703369021, 0.00599658302963, -0.00511338934302], [-0.000420455820858, 0.00176964432467, 0.00785433594137, -0.00755314342678, -0.0016595319612, -0.00168514356483, -0.000787075550761, -0.00117650220636, 0.00128098332789, -9.74518698058e-05, 0.00490964576602, -0.00605068122968, 0.00268333824351], [-6.38101846562e-05, -0.00522610731423, -0.00755314342678, 0.0125745013356, 0.000114230933832, -0.0046617789194, 0.00512345135212, -6.88160216669e-05, 0.00130565371364, 0.00222391844727, -0.00468091806397, 0.00550680002198, 0.000468184589408], [2.10432626773e-05, -0.00117973203305, -0.0016595319612, 0.000114230933832, 0.0167035460472, -0.00114169192966, -0.00889283698052, 0.000914803298656, 0.00273355445825, -0.00571482907981, 0.00379170407541, -0.00422278931364, 0.00150028732605], [6.94043192198e-05, 0.00233840756118, -0.00168514356483, -0.0046617789194, -0.00114169192966, 0.0216629877687, -0.00960454810411, -0.00198402418755, 0.00340321077965, -0.00246059219353, -0.00852398946881, 0.0112340338528, -0.00402567721903], [0.00096238439437, -0.00435044337064, -0.000787075550761, 0.00512345135212, -0.00889283698052, -0.00960454810411, 0.0330131910741, -0.0140886772424, -0.00112509005703, 0.00579919526353, 0.00170742918272, -0.00694034108892, 0.00665592588484], [-0.00020654979744, 0.001074654283, -0.00117650220636, -6.88160216669e-05, 0.000914803298656, -0.00198402418755, -0.0140886772424, 0.0272347200662, -0.0136220036075, 0.00273929862306, -0.00338992010802, -0.00183127447963, -0.000716753769666], [-0.000371108471882, -0.00155171158258, 0.00128098332789, 0.00130565371364, 0.00273355445825, 0.00340321077965, -0.00112509005703, -0.0136220036075, 0.0393843613565, -0.0211289674044, 0.00121844466776, 0.0058420766145, -0.00175951281562], [0.000130593311042, 0.00297325104475, -9.74518698058e-05, 0.00222391844727, -0.00571482907981, -0.00246059219353, 0.00579919526353, 0.00273929862306, -0.0211289674044, 0.0490329824388, -0.0220267474651, -0.000317194062518, 0.00576753681526], [-3.78334261768e-05, -0.00561703369021, 0.00490964576602, -0.00468091806397, 0.00379170407541, -0.00852398946881, 0.00170742918272, -0.00338992010802, 0.00121844466776, -0.0220267474651, 0.0507716014981, -0.0285061262548, 0.00350632378832], [0.000129718609969, 0.00599658302963, -0.00605068122968, 0.00550680002198, -0.00422278931364, 0.0112340338528, -0.00694034108892, -0.00183127447963, 0.0058420766145, -0.000317194062518, -0.0285061262548, 0.0531169883907, -0.0207384638488], [-0.000280670385109, -0.00511338934302, 0.00268333824351, 0.000468184589408, 0.00150028732605, -0.00402567721903, 0.00665592588484, -0.000716753769666, -0.00175951281562, 0.00576753681526, 0.00350632378832, -0.0207384638488, 0.039265781641]]
    },
    "melbands": {
        "max": [0.0112634282559, 0.0333264805377, 0.0184155721217, 0.0118350116536, 0.00377494539134, 0.00142089719884, 0.000994647387415, 0.00135211041197, 0.000808769080322, 0.00176901381928, 0.00137886579614, 0.000993282650597, 0.000775039661676, 0.000403767218813, 0.000705517129973, 0.000462520489236, 0.000469990656711, 0.00068610109156, 0.000437303388026, 0.000663376180455, 0.000212864586501, 0.000275859609246, 0.000152851367602, 0.000286531139864, 0.000157289512572, 0.000168121303432, 0.000104220423964, 0.000111210720206, 7.1529946581e-05, 7.6901364082e-05, 7.97161483206e-05, 4.43617209385e-05, 3.93150949094e-05, 4.42881209892e-05, 2.21012851398e-05, 2.50611101364e-05, 1.29509844555e-05, 8.62811430125e-06, 7.00371629136e-06, 2.06455952139e-05],
        "mean": [0.000773633248173, 0.0019974343013, 0.00181026721839, 0.000892452546395, 0.000307743554004, 0.000179945403943, 0.000146526057506, 0.000193242391106, 0.00017343959189, 0.000325143075315, 0.000270017480943, 0.000167809266713, 0.000142721808515, 7.30312603991e-05, 9.9070770375e-05, 6.79326476529e-05, 0.000100798009953, 0.000124741607578, 6.48534187349e-05, 0.000109994718514, 4.87582256028e-05, 5.88823859289e-05, 3.20304388879e-05, 3.62032442354e-05, 3.35005461238e-05, 2.37247168116e-05, 2.36374744418e-05, 1.97607223527e-05, 1.36754979394e-05, 1.49765392052e-05, 1.21956327348e-05, 5.66024982618e-06, 6.82603149471e-06, 6.44611873213e-06, 4.69372162115e-06, 4.25752568844e-06, 2.3772709028e-06, 1.73449677732e-06, 1.32840136757e-06, 2.5064282454e-06],
        "min": [6.7288748358e-12, 4.98870736387e-12, 2.32688759753e-12, 3.65894207294e-12, 5.02216254694e-11, 1.02837544036e-10, 5.72385923381e-11, 1.93099758405e-10, 1.8656945433e-10, 1.65690128284e-10, 7.84688092281e-10, 1.73123279601e-10, 3.16317999571e-10, 8.39604608061e-10, 8.07099054256e-10, 4.54076387602e-10, 1.94191454583e-10, 1.0905117781e-10, 1.35816705105e-10, 2.15861120645e-10, 8.48733305858e-11, 4.54074083889e-10, 1.69642952463e-10, 3.2816881157e-11, 7.251254458e-11, 5.49097191327e-11, 1.12036777425e-11, 1.24957882583e-11, 1.91003983463e-11, 9.92206750788e-12, 7.6004437119e-12, 3.28377299311e-12, 1.71047865542e-12, 2.60096588364e-12, 1.87560600731e-12, 6.82058901545e-13, 7.40779508047e-13, 5.76241962133e-13, 5.32601632068e-13, 5.84568363767e-13],
        "stdev": [0.00119310512673, 0.00375948357396, 0.00234472309239, 0.00148714659736, 0.000440451491158, 0.000204750234843, 0.0001479065686, 0.000220026297029, 0.000139953699545, 0.000285375368549, 0.000254626502283, 0.000149801548105, 0.000125982158352, 5.96977297391e-05, 0.000102405429061, 5.49700016563e-05, 8.56678962009e-05, 0.000131900946144, 5.66990347579e-05, 8.84212131496e-05, 3.03929155052e-05, 4.24024074164e-05, 2.17502984015e-05, 3.45647531503e-05, 2.84869074676e-05, 2.12883442146e-05, 2.07384964597e-05, 1.68897568074e-05, 1.22663032016e-05, 1.36385606311e-05, 1.12016568892e-05, 6.42581835564e-06, 6.35872265775e-06, 6.06464027442e-06, 4.32198248745e-06, 4.30707314081e-06, 2.26696556638e-06, 1.59486535267e-06, 1.24158918879e-06, 3.02448188449e-06]
    },
    "melbands128": {
        "max": [0.00483764288947, 0.0103037292138, 0.014271389693, 0.0268237423152, 0.0451411306858, 0.038890838623, 0.0235960073769, 0.0158460177481, 0.0187715943903, 0.0169702284038, 0.0103728324175, 0.00485054077581, 0.00355153065175, 0.00321730435826, 0.00190393731464, 0.00143220555037, 0.00176405638922, 0.00116768886801, 0.00129080016632, 0.00267263944261, 0.000924934516661, 0.000603500637226, 0.00116420548875, 0.00208312133327, 0.00357609707862, 0.00229106494226, 0.00183582457248, 0.00237418431789, 0.00389017979614, 0.00140811817255, 0.000836212595459, 0.00133825140074, 0.00140612421092, 0.000642334518488, 0.000426060403697, 0.000585684494581, 0.00063992413925, 0.0014445213601, 0.000684696075041, 0.000750886101741, 0.000647578155622, 0.000585421104915, 0.000481686001876, 0.000729655555915, 0.00200153933838, 0.000344954547472, 0.000227950615226, 0.000173898035428, 0.000408681749832, 0.00220246962272, 0.00102224177681, 0.000392537709558, 0.000279942003544, 0.000301230524201, 0.000257911597146, 0.000536003964953, 0.000243702714215, 0.000359716359526, 0.000173967477167, 0.000190731152543, 0.000584468361922, 0.000233532933635, 0.000197506160475, 0.000241289817495, 0.000260572065599, 0.000130478336359, 0.000178988091648, 0.000107524712803, 0.000135396156111, 0.000168498387211, 0.000141834010719, 9.28548179218e-05, 9.61862606346e-05, 8.87060014065e-05, 6.42986924504e-05, 0.000128237908939, 0.000108177198854, 0.000111062232463, 0.000103426158603, 6.33013769402e-05, 6.20264618192e-05, 3.84718987334e-05, 3.76961870643e-05, 5.53771678824e-05, 4.00972676289e-05, 4.69981896458e-05, 9.9391763797e-05, 4.62762000097e-05, 2.69558277068e-05, 2.37453878071e-05, 6.66852793074e-05, 2.59485423157e-05, 1.08863750938e-05, 1.55437955982e-05, 1.381848233e-05, 1.25598307932e-05, 1.258989505e-05, 8.88490740181e-06, 6.61652529743e-06, 9.9074377431e-06, 1.38184159368e-05, 3.94912385673e-05, 4.17601313529e-06, 5.49992000742e-06, 1.06514908111e-05, 9.38254106586e-06, 3.81828567697e-06, 3.82717917091e-06, 2.46851118391e-06, 5.14861585543e-06, 4.91526498081e-06, 3.59481850865e-06, 1.80419431217e-06, 2.8876813758e-06, 3.00743135995e-06, 3.04445143229e-06, 3.41433974427e-06, 1.57038300586e-06, 1.62628998623e-06, 5.75093451971e-07, 6.26642020052e-07, 8.48308445711e-07, 2.4313081326e-07, 4.06179845314e-09, 3.96464194807e-09, 3.90949717044e-09, 3.86683440823e-09, 3.8393470625e-09],
        "mean": [0.000202232942684, 0.000683348102029, 0.000959395605605, 0.00105227495078, 0.00199582870118, 0.00289604370482, 0.00212950352579, 0.00153156567831, 0.00120813690592, 0.00100145698525, 0.000597152102273, 0.000357728858944, 0.000206316122785, 0.000270688324235, 0.000203098185011, 9.95163500193e-05, 0.000154599358211, 0.000118431176816, 0.000155398709467, 0.000328768539475, 0.000117150506412, 9.06430723262e-05, 0.000132398097776, 0.0003022243327, 0.00041220037383, 0.000290487863822, 0.000261466862867, 0.000241524059675, 0.000345291628037, 0.000162959142472, 0.000104363549326, 0.000155555564561, 0.00021008978365, 7.08218649379e-05, 5.76368838665e-05, 8.13797523733e-05, 7.59676113375e-05, 0.000132573535666, 8.33296799101e-05, 7.24042984075e-05, 5.27893571416e-05, 8.31016659504e-05, 5.6482553191e-05, 7.73056744947e-05, 0.000317690544762, 6.30919748801e-05, 3.23683561874e-05, 2.90858097287e-05, 5.9988891735e-05, 0.000207463031984, 9.65268336586e-05, 5.937966489e-05, 4.05362261517e-05, 5.24708848388e-05, 4.63712131022e-05, 8.09148914414e-05, 4.30719082942e-05, 3.3707019611e-05, 2.84488905891e-05, 2.6151579732e-05, 4.54795081168e-05, 3.3526786865e-05, 3.18221354974e-05, 3.59852274414e-05, 3.32722920575e-05, 2.16835233005e-05, 1.87424084288e-05, 2.05334144994e-05, 2.64239370154e-05, 2.62668927462e-05, 1.96704531845e-05, 1.67855378095e-05, 1.57143986144e-05, 1.31132374008e-05, 1.1219875887e-05, 1.11458339234e-05, 2.04598891287e-05, 1.81198156497e-05, 8.79728122527e-06, 9.45875581237e-06, 5.69850772081e-06, 4.43497765445e-06, 4.39657333118e-06, 8.07100332167e-06, 7.31781619834e-06, 7.4185363701e-06, 6.11749555901e-06, 5.03967748955e-06, 4.47094635092e-06, 3.77981882593e-06, 6.42979193799e-06, 3.60969079338e-06, 2.36198206949e-06, 2.57784950008e-06, 2.11181327359e-06, 2.09013364838e-06, 1.46868296724e-06, 1.56110991156e-06, 1.23626091408e-06, 1.38442169373e-06, 1.884636049e-06, 4.12460485677e-06, 7.18436410807e-07, 5.4506710967e-07, 5.0838025345e-07, 3.73493065808e-07, 4.32547238916e-07, 2.54828734114e-07, 2.27752394721e-07, 2.64612424417e-07, 1.93600484977e-07, 1.49408563743e-07, 1.00008620052e-07, 1.10716150914e-07, 9.09899924295e-08, 7.18067312278e-08, 7.60450404869e-08, 3.6852462415e-08, 3.17481969603e-08, 1.56508299654e-08, 7.32015914551e-09, 3.396698256e-09, 8.37967917278e-10, 1.46735332218e-11, 1.23051551587e-11, 1.20112565727e-11, 1.18179086309e-11, 1.17300032534e-11],
        "min": [2.99967776313e-12, 6.80130864822e-12, 8.12768949365e-12, 6.97972669245e-12, 5.14490013093e-12, 3.29123880927e-12, 2.57411496632e-12, 2.58601495252e-12, 1.22361853722e-12, 1.09826026311e-12, 6.56705722787e-12, 1.17225517487e-11, 4.33120449228e-11, 1.20995657937e-10, 1.3987180858e-10, 7.37096148007e-11, 4.34207392264e-11, 6.4464177052e-11, 5.1351992103e-11, 1.37449315818e-10, 2.81191792073e-10, 3.18580550829e-10, 1.73517714086e-10, 4.59370735895e-11, 1.01093175497e-10, 1.34249639183e-10, 4.96523044902e-10, 1.26557009317e-09, 6.58545995513e-10, 5.12552431053e-11, 6.00667918182e-11, 2.16745066339e-10, 1.37647782061e-10, 5.8450710938e-10, 6.90165535833e-10, 9.7044039471e-10, 1.07828324047e-09, 4.39094094418e-10, 1.1438738845e-09, 5.96151683574e-10, 2.11806794326e-10, 3.77094910853e-10, 8.02187066773e-11, 1.92527438436e-10, 2.44135212046e-10, 2.72145726093e-11, 5.47194373146e-11, 7.88189583045e-11, 1.57507909493e-10, 3.43680223169e-10, 2.40014980113e-10, 9.33307459094e-11, 5.41102197771e-11, 1.02099793897e-10, 9.49725298405e-11, 6.20191786815e-10, 7.03023805837e-10, 1.34897162885e-10, 3.77586156786e-11, 5.33336118325e-11, 3.72364430956e-11, 7.25498047055e-12, 4.92549195874e-11, 1.06434382141e-10, 8.83205869551e-11, 6.07980610301e-11, 3.36138616941e-11, 8.59774144241e-12, 6.16886359703e-12, 1.137995774e-11, 1.03085829803e-11, 9.36189493983e-12, 3.00343118431e-11, 1.57878363161e-11, 1.77850824346e-11, 5.8959816196e-12, 8.1571173427e-12, 1.33819179696e-11, 4.897643055e-12, 6.32432474446e-12, 4.19551329442e-12, 1.73060719401e-12, 1.74158224734e-12, 2.0998174987e-12, 1.04620500631e-12, 2.03943871339e-12, 4.30747017915e-12, 1.62995550217e-12, 2.36965677115e-12, 1.24095818257e-12, 5.19086889358e-13, 8.0337787204e-13, 3.51402284007e-13, 6.83686560057e-13, 1.19367048797e-12, 4.39493737627e-13, 4.99313969077e-13, 5.6209724375e-13, 5.92116687712e-13, 3.75053287038e-13, 7.28620560154e-13, 4.89131467534e-13, 6.31185750367e-13, 5.86321898151e-13, 3.23491830111e-13, 4.02679327599e-13, 2.46966807898e-13, 2.69866404614e-13, 6.51116422064e-13, 4.65720506864e-13, 4.34567231375e-13, 1.2564207758e-13, 1.22677408054e-13, 4.12877387444e-13, 8.54774747077e-13, 2.15584914829e-13, 1.99778263594e-13, 1.7071762027e-13, 1.70567119456e-13, 1.56875462056e-13, 1.38948436632e-13, 9.25506280771e-14, 1.64800803754e-13, 7.89273770581e-14, 5.31169617839e-14, 3.99762823755e-14, 3.88554722861e-15, 2.27743310245e-16],
        "stdev": [0.000403831974836, 0.00107466592453, 0.00150681065861, 0.00262650591321, 0.00460356101394, 0.00476993992925, 0.0031553930603, 0.00219066743739, 0.00201464281417, 0.00206022127531, 0.00110290409066, 0.000616967619862, 0.000397494994104, 0.000374229683075, 0.000272613659035, 0.000157003378263, 0.000224803559831, 0.000162850701599, 0.000192144987523, 0.000434661254985, 0.000133619236294, 0.000100792807643, 0.000153717861394, 0.00032253266545, 0.000502634909935, 0.000333220639732, 0.000290657626465, 0.000300368876196, 0.000542617402971, 0.000194585052668, 0.000107421001303, 0.000161547897733, 0.000229198587476, 8.57380582602e-05, 6.35864998912e-05, 8.18172629806e-05, 8.7939974037e-05, 0.000201340517378, 8.34704333101e-05, 7.65770746511e-05, 5.88783768762e-05, 9.48185115703e-05, 6.40151629341e-05, 9.87885650829e-05, 0.000386202329537, 6.49645517115e-05, 3.29772810801e-05, 2.46650852205e-05, 5.94231096329e-05, 0.000253749021795, 0.000127764404169, 5.40987202839e-05, 3.66975982615e-05, 4.51813721156e-05, 3.4986409446e-05, 7.71345294197e-05, 4.08835221606e-05, 3.47148816218e-05, 2.51698274951e-05, 2.41994966927e-05, 6.6113039793e-05, 3.74913433916e-05, 3.13536002068e-05, 3.84984195989e-05, 3.71706992155e-05, 2.29604920605e-05, 2.00287413463e-05, 1.99536862056e-05, 2.70079217444e-05, 2.72394536296e-05, 1.92615480046e-05, 1.5901230654e-05, 1.64715165738e-05, 1.38942687045e-05, 1.15259845188e-05, 1.26187305796e-05, 2.20316887862e-05, 1.92403203982e-05, 1.03893435153e-05, 1.04574774014e-05, 7.57575571697e-06, 6.0042621044e-06, 5.8194700614e-06, 8.61648095452e-06, 7.5411189755e-06, 7.8802677308e-06, 8.22793754196e-06, 6.19305455984e-06, 4.53206848761e-06, 3.78702338821e-06, 7.53213998905e-06, 4.08898768001e-06, 2.41015891334e-06, 2.70226200882e-06, 2.27000191444e-06, 2.22999187827e-06, 1.58856312282e-06, 1.60276624683e-06, 1.25289000152e-06, 1.55231123244e-06, 2.05091942007e-06, 5.64894071431e-06, 7.39768211133e-07, 5.86826899962e-07, 6.7322389441e-07, 5.8745467868e-07, 4.65642756353e-07, 3.4908782709e-07, 3.23518577261e-07, 3.71821585077e-07, 3.88778317983e-07, 3.69465453787e-07, 2.13052928189e-07, 2.91739468139e-07, 2.38883359316e-07, 2.13363605894e-07, 2.42076453105e-07, 1.36973511644e-07, 1.25527833461e-07, 5.76913734562e-08, 3.68800279205e-08, 3.78291638015e-08, 1.13877343111e-08, 1.76610920333e-10, 1.68928468436e-10, 1.66584274153e-10, 1.64769614619e-10, 1.63599064851e-10]
    },
    "mfcc": {
        "mean": [-603.960998535, 84.3742599487, -39.7443885803, 0.914722084999, -11.9717445374, -4.99891757965, -6.65908098221, 0.289286226034, 3.15626597404, 0.711387991905, -3.45088028908, -6.98048305511, -4.34292316437],
        "cov": [[8506.53027344, 14.1299028397, 3244.05322266, 2162.45361328, 1240.48583984, 838.352600098, 455.741699219, 248.155715942, -38.4679527283, 163.359893799, -252.400558472, -126.573829651, 37.9012718201], [14.1299028397, 178.420318604, 25.4426593781, 78.2173461914, 26.0650939941, 27.5980224609, 51.6158485413, 38.2869873047, 16.3749828339, 27.1895275116, 1.31867790222, 8.19728660583, 11.9592761993], [3244.05322266, 25.4426593781, 2599.90795898, 1671.97705078, 965.00012207, 736.636047363, 575.76184082, 335.278076172, 30.9881858826, 171.054595947, -140.418655396, -0.984186649323, 34.9684295654], [2162.45361328, 78.2173461914, 1671.97705078, 1176.85229492, 650.535644531, 493.452575684, 392.743804932, 226.644958496, 22.7412872314, 115.111816406, -93.442855835, -0.0231798104942, 27.2511940002], [1240.48583984, 26.0650939941, 965.00012207, 650.535644531, 412.147155762, 295.566131592, 235.080947876, 131.284591675, 14.3249006271, 73.4605712891, -48.8773155212, -1.15797460079, 15.9362373352], [838.352600098, 27.5980224609, 736.636047363, 493.452575684, 295.566131592, 271.419891357, 199.592697144, 104.045181274, 7.55701398849, 58.5944671631, -36.475982666, -1.65015637875, 7.69554185867], [455.741699219, 51.6158485413, 575.76184082, 392.743804932, 235.080947876, 199.592697144, 229.075622559, 133.152618408, 27.2355747223, 60.3727455139, -16.2780399323, 14.4468727112, 23.5464668274], [248.155715942, 38.2869873047, 335.278076172, 226.644958496, 131.284591675, 104.045181274, 133.152618408, 117.148345947, 33.8429718018, 47.7116622925, -3.32732152939, 14.6597003937, 19.3878211975], [-38.4679527283, 16.3749828339, 30.9881858826, 22.7412872314, 14.3249006271, 7.55701398849, 27.2355747223, 33.8429718018, 43.9680709839, 24.1426677704, 8.24908161163, 3.88026714325, 6.37660694122], [163.359893799, 27.1895275116, 171.054595947, 115.111816406, 73.4605712891, 58.5944671631, 60.3727455139, 47.7116622925, 24.1426677704, 71.3732147217, 15.3060693741, 12.1138496399, 7.16778898239], [-252.400558472, 1.31867790222, -140.418655396, -93.442855835, -48.8773155212, -36.475982666, -16.2780399323, -3.32732152939, 8.24908161163, 15.3060693741, 53.0291481018, 24.1079559326, 5.18565750122], [-126.573829651, 8.19728660583, -0.984186649323, -0.0231798104942, -1.15797460079, -1.65015637875, 14.4468727112, 14.6597003937, 3.88026714325, 12.1138496399, 24.1079559326, 48.1086616516, 20.6665554047], [37.9012718201, 11.9592761993, 34.9684295654, 27.2511940002, 15.9362373352, 7.69554185867, 23.5464668274, 19.3878211975, 6.37660694122, 7.16778898239, 5.18565750122, 20.6665554047, 52.147731781]],
        "icov": [[0.000311541429255, -9.07913708943e-05, -0.000302694796119, -0.000278014398646, -0.000386746687582, 0.000198972731596, 0.000855274265632, 1.16919300126e-05, 0.000335742603056, -0.000187690675375, -9.85387669061e-05, 0.000851044198498, -0.000501786940731], [-9.07913708943e-05, 0.00824263226241, 0.00335065601394, -0.0045556598343, 0.00150059931912, -0.00024731294252, -0.00206953263842, -0.00100552022923, -0.000326404435327, -0.00267723365687, 0.00191933731548, -0.000759946298786, -0.000286049733404], [-0.000302694796119, 0.00335065601394, 0.007157062646, -0.00642355671152, -0.00276790210046, -0.00247628730722, -0.000299419800285, -0.00226959260181, 0.000169673527125, -0.00111053604633, 0.00278388755396, -0.00210489053279, 0.000888652459253], [-0.000278014398646, -0.0045556598343, -0.00642355671152, 0.0150623694062, -0.00641698669642, -0.00147848820779, -0.000352601404302, -0.000275056285318, -0.000169600389199, 0.00173461332452, 0.00136669352651, -0.00133055727929, 0.000297390623018], [-0.000386746687582, 0.00150059931912, -0.00276790210046, -0.00641698669642, 0.0262752398849, -0.00559266749769, -0.00433962093666, 0.00242826761678, -0.000669818371534, -0.00281190429814, -0.000903529929928, 0.00129684258718, -0.00095696671633], [0.000198972731596, -0.00024731294252, -0.00247628730722, -0.00147848820779, -0.00559266749769, 0.0249182041734, -0.010695069097, 0.00536716077477, 0.00410395814106, -0.00326765025966, -0.000196540524485, 0.00245345127769, 0.00220540072769], [0.000855274265632, -0.00206953263842, -0.000299419800285, -0.000352601404302, -0.00433962093666, -0.010695069097, 0.0283988881856, -0.0181879084557, 0.00148486346006, 0.00157804600894, -0.0019168772269, 0.00111585948616, -0.00356861157343], [1.16919300126e-05, -0.00100552022923, -0.00226959260181, -0.000275056285318, 0.00242826761678, 0.00536716077477, -0.0181879084557, 0.034803878516, -0.0126862470061, -0.00379957258701, 0.000398205098463, -0.00236232951283, -0.00140338181518], [0.000335742603056, -0.000326404435327, 0.000169673527125, -0.000169600389199, -0.000669818371534, 0.00410395814106, 0.00148486346006, -0.0126862470061, 0.0365065857768, -0.00894687697291, -0.00177672121208, 0.00544329546392, -0.00176392751746], [-0.000187690675375, -0.00267723365687, -0.00111053604633, 0.00173461332452, -0.00281190429814, -0.00326765025966, 0.00157804600894, -0.00379957258701, -0.00894687697291, 0.0276092458516, -0.0118206860498, -0.000405988597777, 0.00126567995176], [-9.85387669061e-05, 0.00191933731548, 0.00278388755396, 0.00136669352651, -0.000903529929928, -0.000196540524485, -0.0019168772269, 0.000398205098463, -0.00177672121208, -0.0118206860498, 0.037809677422, -0.0172080695629, 0.00297494209372], [0.000851044198498, -0.000759946298786, -0.00210489053279, -0.00133055727929, 0.00129684258718, 0.00245345127769, 0.00111585948616, -0.00236232951283, 0.00544329546392, -0.000405988597777, -0.0172080695629, 0.0372102037072, -0.012366713956], [-0.000501786940731, -0.000286049733404, 0.000888652459253, 0.000297390623018, -0.00095696671633, 0.00220540072769, -0.00356861157343, -0.00140338181518, -0.00176392751746, 0.00126567995176, 0.00297494209372, -0.012366713956, 0.0256022978574]]
    },
    "spectral_contrast_coeffs": {
        "max": [-0.391453325748, -0.610125899315, -0.640168726444, -0.702693223953, -0.700414419174, -0.673127353191],
        "mean": [-0.682479560375, -0.772068083286, -0.772168695927, -0.786177575588, -0.790230572224, -0.738488376141],
        "min": [-0.895155012608, -0.93395370245, -0.901325047016, -0.910079598427, -0.873772323132, -0.859617233276],
        "stdev": [0.0742490291595, 0.0546543672681, 0.0414411127567, 0.0351385958493, 0.027508020401, 0.0292501449585]
    },
    "spectral_contrast_valleys": {
        "max": [-5.01749992371, -5.08236408234, -5.43644332886, -5.68890953064, -5.59688711166, -8.41508293152],
        "mean": [-7.71184921265, -6.48763561249, -6.60315656662, -6.7799077034, -6.75728273392, -9.74745941162],
        "min": [-15.483048439, -12.8593187332, -12.5367889404, -12.7648363113, -13.2620544434, -16.345079422],
        "stdev": [2.05340766907, 0.784808576107, 0.611153721809, 0.632246136665, 0.824818372726, 1.06527137756]
    }
},
"rhythm": {
    "beats_count": 21,
    "beats_loudness": {
        "max": 0.0821718499064,
        "mean": 0.0346987359226,
        "min": 0.00133541354444,
        "stdev": 0.0194702725857
    },
    "bpm": 100.358375549,
    "bpm_histogram_first_peak_bpm": 99,
    "bpm_histogram_first_peak_weight": 0.5,
    "bpm_histogram_second_peak_bpm": 0,
    "bpm_histogram_second_peak_spread": 0,
    "bpm_histogram_second_peak_weight": 0,
    "danceability": 0.798073709011,
    "onset_rate": 2.89983081818,
    "beats_loudness_band_ratio": {
        "max": [0.673630237579, 0.22368195653, 0.417093217373, 0.426392942667, 0.379811346531, 0.228752613068],
        "mean": [0.274323791265, 0.0897049605846, 0.179212495685, 0.209166884422, 0.196339219809, 0.0945730805397],
        "min": [9.82211058727e-05, 0.00121102691628, 0.0478844419122, 0.0448848754168, 0.0714517459273, 0.0159613266587],
        "stdev": [0.255130857229, 0.0719170197845, 0.117066800594, 0.139971524477, 0.111200004816, 0.0600441321731]
    },
    "beats_position": [0.592108845711, 1.18421769142, 1.77632653713, 2.36843538284, 2.97215414047, 3.56426286697, 4.15637159348, 4.74848079681, 5.34058952332, 5.94430828094, 6.54802703857, 7.1517457962, 7.74385452271, 8.34757328033, 8.93968200684, 9.54340076447, 10.1471195221, 10.7508392334, 11.354557991, 11.9582767487, 12.5503854752],
