{
"metadata": {
    "version": {
        "essentia": "2.1-beta5",
        "essentia_git_sha": "Undefined",
        "extractor": "music 2.0"
    },
    "audio_properties": {
        "analysis": {
            "equal_loudness": 0,
            "length": 29.0017242432,
            "sample_rate": 44100,
            "start_time": 64.9926528931,
            "downmix": "mix"
        },
        "bit_rate": 192000,
        "length": 187.361831665,
        "lossless": 0,
        "number_channels": 2,
        "replay_gain": -7.24941444397,
        "sample_rate": 48000,
        "codec": "mp3",
        "md5_encoded": "fa15de2a7d14e50568d552248c5ed9c2"
    },
    "tags": {
        "file_name": "Russia_Song # 1_Serebro.mp3",
        "encoding": ["Lavf58.29.100"]
    }
},
"lowlevel": {
    "average_loudness": 0.977026879787,
    "barkbands_crest": {
        "max": 24.6380348206,
        "mean": 10.0543575287,
        "min": 2.75269508362,
        "stdev": 4.07461643219
    },
    "barkbands_flatness_db": {
        "max": 0.215298160911,
        "mean": 0.0880833342671,
        "min": 0.0191313698888,
        "stdev": 0.0350684933364
    },
    "barkbands_kurtosis": {
        "max": 38.9471511841,
        "mean": 2.07308292389,
        "min": -1.87866604328,
        "stdev": 4.18675613403
    },
    "barkbands_skewness": {
        "max": 6.09409999847,
        "mean": 1.4112598896,
        "min": -2.55950808525,
        "stdev": 0.973422050476
    },
    "barkbands_spread": {
        "max": 111.581237793,
        "mean": 40.8557929993,
        "min": 4.96837043762,
        "stdev": 17.4907226562
    },
    "dissonance": {
        "max": 0.499933689833,
        "mean": 0.48048555851,
        "min": 0.377782911062,
        "stdev": 0.0158369764686
    },
    "dynamic_complexity": 2.1325006485,
    "erbbands_crest": {
        "max": 26.123046875,
        "mean": 7.32239437103,
        "min": 1.97281360626,
        "stdev": 4.1112537384
    },
    "erbbands_flatness_db": {
        "max": 0.247047632933,
        "mean": 0.097116112709,
        "min": 0.0424100682139,
        "stdev": 0.0381714254618
    },
    "erbbands_kurtosis": {
        "max": 10.9672021866,
        "mean": -0.113000720739,
        "min": -1.60597455502,
        "stdev": 1.4505366087
    },
    "erbbands_skewness": {
        "max": 2.39409303665,
        "mean": -0.115177109838,
        "min": -2.88131809235,
        "stdev": 0.639113664627
    },
    "erbbands_spread": {
        "max": 141.642318726,
        "mean": 58.6796073914,
        "min": 8.71907043457,
        "stdev": 24.2687492371
    },
    "hfc": {
        "max": 150.372680664,
        "mean": 36.7092018127,
        "min": 0.552605390549,
        "stdev": 26.5961818695
    },
    "loudness_ebu128": {
        "integrated": -15.3842353821,
        "loudness_range": 2.42427825928,
        "momentary": {
            "max": -13.0715036392,
            "mean": -15.8595514297,
            "min": -27.8215560913,
            "stdev": 2.34976315498
        },
        "short_term": {
            "max": -14.1429281235,
            "mean": -15.5637531281,
            "min": -18.9550437927,
            "stdev": 1.05193948746
        }
    },
    "melbands_crest": {
        "max": 26.6605682373,
        "mean": 14.2591714859,
        "min": 3.44397902489,
        "stdev": 4.56762981415
    },
    "melbands_flatness_db": {
        "max": 0.318114846945,
        "mean": 0.16121840477,
        "min": 0.0326585024595,
        "stdev": 0.0460724271834
    },
    "melbands_kurtosis": {
        "max": 178.175750732,
        "mean": 17.4070892334,
        "min": -1.66444921494,
        "stdev": 17.9164390564
    },
    "melbands_skewness": {
        "max": 11.6846418381,
        "mean": 3.36644411087,
        "min": -0.974813342094,
        "stdev": 1.69587814808
    },
    "melbands_spread": {
        "max": 156.584686279,
        "mean": 30.1591434479,
        "min": 2.92045450211,
        "stdev": 18.0109348297
    },
    "pitch_salience": {
        "max": 0.821935594082,
        "mean": 0.557626485825,
        "min": 0.174348294735,
        "stdev": 0.110972590744
    },
    "silence_rate_20dB": {
        "max": 1,
        "mean": 1,
        "min": 1,
        "stdev": 0
    },
    "silence_rate_30dB": {
        "max": 1,
        "mean": 1,
        "min": 1,
        "stdev": 0
    },
    "silence_rate_60dB": {
        "max": 1,
        "mean": 0.0447999984026,
        "min": 0,
        "stdev": 0.20686404407
    },
    "spectral_centroid": {
        "max": 4140.69824219,
        "mean": 1813.17614746,
        "min": 435.998199463,
        "stdev": 595.669921875
    },
    "spectral_complexity": {
        "max": 55,
        "mean": 23.2583999634,
        "min": 2,
        "stdev": 12.0041780472
    },
    "spectral_decrease": {
        "max": -1.43292794297e-10,
        "mean": -7.37524086247e-09,
        "min": -2.99996045783e-08,
        "stdev": 4.3183887577e-09
    },
    "spectral_energy": {
        "max": 0.11684948951,
        "mean": 0.0311655271798,
        "min": 0.000655110983644,
        "stdev": 0.0180451497436
    },
    "spectral_energyband_high": {
        "max": 0.0112817715853,
        "mean": 0.00264706183225,
        "min": 1.47407054101e-05,
        "stdev": 0.00233770580962
    },
    "spectral_energyband_low": {
        "max": 0.0719508752227,
        "mean": 0.0137474564835,
        "min": 1.77587594408e-06,
        "stdev": 0.0104388203472
    },
    "spectral_energyband_middle_high": {
        "max": 0.0383500531316,
        "mean": 0.00553407380357,
        "min": 0.000177441514097,
        "stdev": 0.00612407037988
    },
    "spectral_energyband_middle_low": {
        "max": 0.096933953464,
        "mean": 0.0101560512558,
        "min": 7.17464572517e-05,
        "stdev": 0.00911313854158
    },
    "spectral_entropy": {
        "max": 8.7809305191,
        "mean": 8.08901119232,
        "min": 6.92266893387,
        "stdev": 0.298432707787
    },
    "spectral_flux": {
        "max": 0.24146348238,
        "mean": 0.101776339114,
        "min": 0.0169459097087,
        "stdev": 0.0404963605106
    },
    "spectral_kurtosis": {
        "max": 9.32775688171,
        "mean": 2.37933969498,
        "min": -1.0411696434,
        "stdev": 1.47171080112
    },
    "spectral_rms": {
        "max": 0.0106770545244,
        "mean": 0.00525791803375,
        "min": 0.000799457717221,
        "stdev": 0.00166124862153
    },
    "spectral_rolloff": {
        "max": 11025,
        "mean": 2381.15991211,
        "min": 86.1328125,
        "stdev": 2055.8737793
    },
    "spectral_skewness": {
        "max": 2.48685956001,
        "mean": 1.29410469532,
        "min": 0.207033246756,
        "stdev": 0.290076076984
    },
    "spectral_spread": {
        "max": 14088240,
        "mean": 6914585.5,
        "min": 2542892.25,
        "stdev": 1852312.375
    },
    "spectral_strongpeak": {
        "max": 10.9289579391,
        "mean": 0.560463190079,
        "min": 0,
        "stdev": 0.832090198994
    },
    "zerocrossingrate": {
        "max": 0.30908203125,
        "mean": 0.102233201265,
        "min": 0.0205078125,
        "stdev": 0.0413985736668
    },
    "barkbands": {
        "max": [0.00277539342642, 0.0659564435482, 0.0311016887426, 0.0462470464408, 0.0413631983101, 0.0339907333255, 0.0247999113053, 0.0158971250057, 0.0394667424262, 0.020370669663, 0.0254825949669, 0.0265497807413, 0.019928233698, 0.00595416640863, 0.00753339612857, 0.0133101083338, 0.0145182283595, 0.011527352035, 0.00347302178852, 0.00364586641081, 0.00403088750318, 0.00370639655739, 0.00234586303122, 0.0024001209531, 0.00316505739465, 0.00221145362593, 0.000511746737175],
        "mean": [0.000320219784044, 0.00970551557839, 0.00288025988266, 0.0017885301495, 0.00370640517212, 0.00225969799794, 0.00053614389617, 0.000877178681549, 0.000838120176923, 0.000384059298085, 0.00086587946862, 0.000657923868857, 0.0004063314409, 0.000292808370432, 0.000445880665211, 0.000580888416152, 0.000797351181973, 0.000597382255364, 0.000412274181144, 0.000401030789362, 0.000397583236918, 0.000327368150465, 0.000348111731, 0.000472075713333, 0.000491057289764, 0.000320022256346, 5.54186990485e-05],
        "min": [6.85507206555e-09, 3.42622968219e-07, 5.57305810389e-08, 1.93808816107e-07, 9.58808186624e-07, 1.13879309538e-06, 2.41383463617e-06, 2.91158244181e-06, 1.03979837149e-05, 4.23008259531e-06, 4.30143336416e-06, 4.24874951932e-06, 1.21179357393e-06, 2.81059374174e-06, 2.40697249865e-06, 5.16527506988e-06, 6.12874782746e-06, 4.09519225286e-06, 4.39672385255e-06, 5.11870575792e-06, 1.32283878429e-06, 9.17631041375e-07, 7.31387956421e-07, 2.8558329177e-06, 1.30827561406e-06, 3.30558322048e-07, 3.12747161502e-08],
        "stdev": [0.000341351871612, 0.0084197986871, 0.00380389299244, 0.00258359103464, 0.00458799861372, 0.00370188383386, 0.00114810967352, 0.00166865985375, 0.00205655116588, 0.000993369962089, 0.00231063109823, 0.00187021261081, 0.0011639239965, 0.000503619550727, 0.000734541041311, 0.00101989717223, 0.00134770630393, 0.000874801306054, 0.000448985781986, 0.00040962069761, 0.000448489881819, 0.000420483353082, 0.000340697966749, 0.000419879041146, 0.000511581834871, 0.0004213063512, 8.66610062076e-05]
    },
    "erbbands": {
        "max": [1.64921939373, 15.7490358353, 28.8854694366, 94.9694824219, 156.901443481, 152.229278564, 234.00390625, 340.713897705, 267.248138428, 589.391784668, 399.009979248, 529.639831543, 904.055358887, 658.02935791, 1227.21960449, 1023.84667969, 968.432128906, 226.691833496, 425.418884277, 734.882263184, 421.97064209, 724.060974121, 645.176757812, 234.943695068, 133.867630005, 168.86517334, 167.79750061, 144.690246582, 135.48197937, 106.920791626, 64.0690689087, 43.8165092468, 44.9728851318, 43.8261451721, 26.6968574524, 11.4724979401, 4.49519968033, 1.19117808342, 0.0779156833887, 0.00265993503854],
        "mean": [0.227962329984, 2.31412410736, 3.95669031143, 4.83763790131, 9.11221218109, 12.6876144409, 18.4779682159, 15.7034015656, 8.11044979095, 14.6386919022, 16.6268615723, 18.3213386536, 16.2944126129, 14.1471233368, 43.2237739563, 26.0930290222, 19.7240390778, 15.2992248535, 21.6858386993, 28.375043869, 31.37931633, 45.0169181824, 34.1971740723, 27.8375148773, 16.9186782837, 18.7834587097, 17.4053573608, 14.7989082336, 11.7814188004, 10.3761758804, 9.95087528229, 9.58558368683, 7.94128608704, 5.77825880051, 3.39160585403, 1.54785835743, 0.553193807602, 0.105265587568, 0.0100860437378, 0.000354460033122],
        "min": [6.81472465658e-06, 0.000105609702587, 0.000364183681086, 0.000384150858736, 0.00139373354614, 0.00515384785831, 0.0286687873304, 0.0106378998607, 0.0308660790324, 0.030769340694, 0.102216042578, 0.237378239632, 0.238941922784, 0.227994322777, 0.31995588541, 0.25814256072, 0.0935540273786, 0.241071164608, 0.189234733582, 0.20305749774, 0.307805597782, 0.356645345688, 0.24011336267, 0.251091867685, 0.222095295787, 0.261037141085, 0.0883730351925, 0.0494252219796, 0.0322663001716, 0.0279953889549, 0.0291875600815, 0.0393789969385, 0.0430595502257, 0.02007631585, 0.00583097944036, 0.00212405668572, 0.000419647694798, 0.000117858566227, 7.52576625018e-06, 1.23848974454e-06],
        "stdev": [0.219908580184, 2.0722360611, 4.30224561691, 6.40706157684, 14.7873716354, 15.8311977386, 29.4637107849, 25.6478157043, 13.0282802582, 33.9158935547, 31.0102500916, 41.4613761902, 46.2634315491, 34.0074157715, 112.599868774, 67.1324539185, 55.7447319031, 22.5994281769, 39.0237426758, 51.8869590759, 44.4488639832, 74.8424606323, 50.2415084839, 30.2787456512, 17.9539394379, 19.5042419434, 19.8121299744, 17.0227508545, 15.7070226669, 11.8460111618, 9.44404792786, 8.68310928345, 7.37631940842, 6.12300682068, 3.61570501328, 1.83758020401, 0.774851918221, 0.169360265136, 0.0145757552236, 0.000450315594207]
    },
    "gfcc": {
        "mean": [55.9952926636, 42.8060035706, -85.3213272095, 40.0959205627, -48.2310523987, 19.1405773163, -40.9645576477, 16.300786972, -26.7657966614, 4.19350290298, -15.4363269806, 6.78413963318, -8.51570606232],
        "cov": [[2729.23388672, -362.963928223, 517.19519043, 16.7014064789, 235.835647583, 108.101882935, 116.04876709, -65.5731735229, 31.9974098206, 58.6870498657, -128.834411621, -19.9848575592, -169.488052368], [-362.963928223, 530.350280762, -70.4195175171, 56.9196853638, 30.0511932373, 27.9295463562, -53.6950492859, 11.8932743073, 6.77390050888, -21.8894481659, 56.5463066101, 0.216744288802, 68.9597625732], [517.19519043, -70.4195175171, 655.807739258, 145.244064331, 18.724439621, 61.1207847595, -45.6402359009, -33.7697792053, 42.8184776306, 45.974647522, -1.718526721, -1.7513821125, -56.0114479065], [16.7014064789, 56.9196853638, 145.244064331, 271.000976562, 25.8458061218, 8.77062988281, -19.0521736145, 7.61747360229, 28.6665802002, 4.09716844559, 19.5848922729, 16.9052200317, 10.1928901672], [235.835647583, 30.0511932373, 18.724439621, 25.8458061218, 177.438430786, 59.8187408447, 27.0512065887, 8.95934867859, -0.2836330235, -5.47799873352, -1.26249039173, 16.2785205841, 4.5105676651], [108.101882935, 27.9295463562, 61.1207847595, 8.77062988281, 59.8187408447, 220.926315308, 71.6830596924, -39.8545570374, -26.3569641113, 31.7461223602, 22.3313579559, -11.9987792969, -1.91162192822], [116.04876709, -53.6950492859, -45.6402359009, -19.0521736145, 27.0512065887, 71.6830596924, 136.448013306, -4.9246764183, -13.7007951736, 10.0216970444, -8.85579490662, -5.82056999207, -24.4505634308], [-65.5731735229, 11.8932743073, -33.7697792053, 7.61747360229, 8.95934867859, -39.8545570374, -4.9246764183, 129.887817383, 51.606918335, -18.2264709473, -10.4003953934, 8.63946914673, 16.1850585938], [31.9974098206, 6.77390050888, 42.8184776306, 28.6665802002, -0.2836330235, -26.3569641113, -13.7007951736, 51.606918335, 83.6690368652, 25.9041423798, 0.733700692654, 2.09009385109, -0.857540845871], [58.6870498657, -21.8894481659, 45.974647522, 4.09716844559, -5.47799873352, 31.7461223602, 10.0216970444, -18.2264709473, 25.9041423798, 83.7279891968, 33.405002594, -6.19419908524, -19.9205169678], [-128.834411621, 56.5463066101, -1.718526721, 19.5848922729, -1.26249039173, 22.3313579559, -8.85579490662, -10.4003953934, 0.733700692654, 33.405002594, 72.6212921143, 17.9153137207, 13.2814941406], [-19.9848575592, 0.216744288802, -1.7513821125, 16.9052200317, 16.2785205841, -11.9987792969, -5.82056999207, 8.63946914673, 2.09009385109, -6.19419908524, 17.9153137207, 54.4573898315, 27.3577671051], [-169.488052368, 68.9597625732, -56.0114479065, 10.1928901672, 4.5105676651, -1.91162192822, -24.4505634308, 16.1850585938, -0.857540845871, -19.9205169678, 13.2814941406, 27.3577671051, 71.9777450562]],
        "icov": [[0.000669713830575, 0.000157532267622, -0.00040492208791, 0.000138354851515, -0.000866767659318, 2.83896333713e-05, -0.000236614083406, 0.000303593464196, -0.000185648488696, -0.000430940330261, 0.00117150286678, -0.000467040401418, 0.000837669707835], [0.000157532267622, 0.00278522213921, 0.000181700394023, -0.000364654755685, -0.000762027630117, -0.00044024453382, 0.000730512081645, 0.000399252545321, -0.00111568253487, 0.00174200395122, -0.00254142703488, 0.0023196937982, -0.00185393332504], [-0.00040492208791, 0.000181700394023, 0.0026489966549, -0.00121526571456, 0.000614953576587, -0.0014470940223, 0.00198235921562, 0.000444216711912, -0.00118171644863, 7.82231945777e-05, 0.000162842596183, -0.00103971851058, 0.00197516917251], [0.000138354851515, -0.000364654755685, -0.00121526571456, 0.00469713238999, -0.000636436860077, 0.000247896037763, -0.000398862524889, 0.000360018806532, -0.00150744151324, 0.000981674296781, -0.00106854538899, -0.000556058250368, -0.000443439203082], [-0.000866767659318, -0.000762027630117, 0.000614953576587, -0.000636436860077, 0.00808496773243, -0.00234033539891, 7.18795945431e-06, -0.00114980852231, 3.87139953091e-05, 0.00107959471643, 0.00010158445366, -0.00293237459846, 0.000344984378899], [2.83896333713e-05, -0.00044024453382, -0.0014470940223, 0.000247896037763, -0.00234033539891, 0.00835793372244, -0.00473487190902, 0.000835456594359, 0.00272677559406, -0.00270214746706, -0.00181291601621, 0.0039823865518, -0.00399469770491], [-0.000236614083406, 0.000730512081645, 0.00198235921562, -0.000398862524889, 7.18795945431e-06, -0.00473487190902, 0.0118964295834, -0.00131497287657, 0.000709353131242, -0.000595004996285, 0.00189688522369, -0.00274294428527, 0.00508903991431], [0.000303593464196, 0.000399252545321, 0.000444216711912, 0.000360018806532, -0.00114980852231, 0.000835456594359, -0.00131497287657, 0.013100524433, -0.0102022504434, 0.00534636713564, -0.000581435917411, 0.000145790239912, -0.00126121100038], [-0.000185648488696, -0.00111568253487, -0.00118171644863, -0.00150744151324, 3.87139953091e-05, 0.00272677559406, 0.000709353131242, -0.0102022504434, 0.0243219733238, -0.0124614918604, 0.00456229457632, -0.000572708551772, -0.00125253642909], [-0.000430940330261, 0.00174200395122, 7.82231945777e-05, 0.000981674296781, 0.00107959471643, -0.00270214746706, -0.000595004996285, 0.00534636713564, -0.0124614918604, 0.025623138994, -0.0141426622868, 0.00384678761475, 0.00378491240554], [0.00117150286678, -0.00254142703488, 0.000162842596183, -0.00106854538899, 0.00010158445366, -0.00181291601621, 0.00189688522369, -0.000581435917411, 0.00456229457632, -0.0141426622868, 0.0277373120189, -0.0109597444534, 0.00137981015723], [-0.000467040401418, 0.0023196937982, -0.00103971851058, -0.000556058250368, -0.00293237459846, 0.0039823865518, -0.00274294428527, 0.000145790239912, -0.000572708551772, 0.00384678761475, -0.0109597444534, 0.0304699577391, -0.013228639029], [0.000837669707835, -0.00185393332504, 0.00197516917251, -0.000443439203082, 0.000344984378899, -0.00399469770491, 0.00508903991431, -0.00126121100038, -0.00125253642909, 0.00378491240554, 0.00137981015723, -0.013228639029, 0.0269323177636]]
    },
    "melbands": {
        "max": [0.0177327357233, 0.0136818950996, 0.0181344319135, 0.0105700585991, 0.00668552517891, 0.00716929510236, 0.00348093220964, 0.00555151049048, 0.00313934450969, 0.00464013498276, 0.0045819808729, 0.00256963353604, 0.00357231847011, 0.00342964124866, 0.00202770764008, 0.00124743662309, 0.000442667223979, 0.000706223829184, 0.000599661958404, 0.0013503911905, 0.000658339762595, 0.00108094932511, 0.0011525505688, 0.000390175380744, 0.000203686591703, 0.000127069666632, 8.36310791783e-05, 0.000124347570818, 0.000128904575831, 9.58376404014e-05, 8.28882184578e-05, 8.67485068738e-05, 8.53854289744e-05, 4.96993634442e-05, 4.45427867817e-05, 3.20346662193e-05, 3.05980502162e-05, 3.47804889316e-05, 3.82198741136e-05, 3.76097850676e-05],
        "mean": [0.00244582048617, 0.00242994935252, 0.000954286311753, 0.000799722911324, 0.000629392918199, 0.000367062340956, 0.000116217102914, 0.000173666820046, 0.000128798666992, 0.000120900069305, 7.9662524513e-05, 4.90566926601e-05, 0.000131989756483, 9.55660216277e-05, 4.59289694845e-05, 3.97168914787e-05, 2.63636611635e-05, 3.32920499204e-05, 3.32504496328e-05, 4.36150039604e-05, 3.50518712366e-05, 4.92180915899e-05, 3.7690908357e-05, 2.59105709119e-05, 2.27706932492e-05, 1.28753526951e-05, 1.14581989692e-05, 1.28237261379e-05, 1.12952675408e-05, 9.44679050008e-06, 8.35754053696e-06, 6.67858921588e-06, 6.04150091021e-06, 5.66814514968e-06, 5.56223722015e-06, 6.11777159065e-06, 5.69406029172e-06, 5.48669459022e-06, 5.34129458174e-06, 4.73048885397e-06],
        "min": [7.49316200199e-08, 3.76646227096e-07, 1.5167884726e-07, 1.38749243206e-07, 7.86981729561e-07, 1.69388854943e-07, 5.68372001908e-07, 3.04885048763e-07, 7.11132599918e-07, 1.36383187055e-06, 7.40375298847e-07, 7.17558066299e-07, 5.87707631894e-07, 6.18511307948e-07, 3.62217292604e-07, 1.68625021502e-07, 2.57833789874e-07, 3.3148694456e-07, 1.93685295358e-07, 2.98980154412e-07, 3.48368985215e-07, 3.47265853406e-07, 1.13724667017e-07, 2.22055390964e-07, 1.79982478699e-07, 1.56260824724e-07, 1.50739737137e-07, 1.44865822449e-07, 4.58770017531e-08, 3.66584842482e-08, 2.40324506962e-08, 2.03366212759e-08, 1.34731585888e-08, 9.55369916511e-09, 1.4455936892e-08, 2.31090133695e-08, 2.23976144298e-08, 2.94277651136e-08, 2.28962591109e-08, 1.38277265194e-08],
        "stdev": [0.00216582533903, 0.00217855395749, 0.00120453629643, 0.00105751364026, 0.000864578003529, 0.000578488688916, 0.00019560335204, 0.000379970064387, 0.000240246619796, 0.000304117944324, 0.000232194142882, 0.000133123117848, 0.000351332244463, 0.000255849095993, 0.000135940645123, 9.69225729932e-05, 4.11815599364e-05, 6.55979383737e-05, 5.4317926697e-05, 9.06816712813e-05, 5.42820052942e-05, 9.00171726244e-05, 7.43322889321e-05, 3.31737792294e-05, 2.56315015577e-05, 1.51903323058e-05, 1.23968411572e-05, 1.37388578878e-05, 1.32134464366e-05, 1.13161268018e-05, 9.89193267742e-06, 9.19709964364e-06, 8.1244706962e-06, 6.52158632874e-06, 5.50099548491e-06, 5.72624003325e-06, 5.31234536538e-06, 5.16901263836e-06, 5.29790486326e-06, 5.31042678631e-06]
    },
    "melbands128": {
        "max": [0.00178520672489, 0.0100451214239, 0.0313580669463, 0.0257788561285, 0.0174603760242, 0.0173256453127, 0.0195747613907, 0.0230717584491, 0.0191189590842, 0.013762479648, 0.0106670055538, 0.0121092293411, 0.010621518828, 0.0131789064035, 0.0103670414537, 0.00525948079303, 0.00847849808633, 0.00294078374282, 0.00794143229723, 0.00953713804483, 0.00585704483092, 0.00458362093195, 0.00488320039585, 0.00293218833394, 0.00466845883057, 0.00727763399482, 0.0142147000879, 0.00748631218448, 0.00233179377392, 0.00253007188439, 0.00537712499499, 0.00526248384267, 0.00636346871033, 0.00780744943768, 0.0084524974227, 0.00469085667282, 0.00381462811492, 0.00291407899931, 0.00520816305652, 0.00231434497982, 0.00185105169658, 0.000997673138045, 0.000863477413077, 0.00064283888787, 0.000875096186064, 0.00128618127201, 0.0019224624848, 0.000910530390684, 0.00104404380545, 0.00171687430702, 0.00295661459677, 0.000829853408504, 0.000918335048482, 0.00138904876076, 0.00234607420862, 0.00165249558631, 0.000831112614833, 0.00155399437062, 0.00156704324763, 0.000789342564531, 0.000645767024253, 0.000410665874369, 0.000376774027245, 0.000254280719673, 0.000256769504631, 0.000288343173452, 0.000147474100231, 0.000114214453788, 0.000109103420982, 0.000148143255501, 0.000151404863573, 0.000119186246593, 0.000172606189153, 0.000154164838023, 0.000151158790686, 0.000117601426609, 0.000103507671156, 0.000131739725475, 0.000109602333396, 0.000124985017464, 9.35906282393e-05, 0.000130583837745, 0.000131373628392, 0.000119447555335, 7.07271028659e-05, 5.30923462065e-05, 6.89352746122e-05, 8.46903931233e-05, 5.31948535354e-05, 3.9018192183e-05, 5.53486243007e-05, 4.55589361081e-05, 4.36718291894e-05, 3.47993955074e-05, 5.01302492921e-05, 3.13650052703e-05, 4.17512856075e-05, 3.96283867303e-05, 4.7484296374e-05, 4.67882273369e-05, 4.17557021137e-05, 5.12459955644e-05, 6.2457533204e-05, 7.24255442037e-05, 3.66499516531e-05, 3.07560658257e-05, 2.77937688224e-05, 2.44746988756e-05, 2.67877221631e-05, 2.1485670004e-05, 1.91222734429e-05, 1.99260011868e-05, 1.65649289556e-05, 2.25864878303e-05, 1.48355911733e-05, 1.17780627988e-05, 1.09829434223e-05, 7.62210538596e-06, 4.59777447759e-06, 3.50926370629e-06, 1.8622748712e-06, 2.02910678126e-06, 2.76440459857e-06, 9.82398304927e-08, 3.53759297411e-08, 3.60988927639e-08, 3.62785783636e-08, 3.63082115484e-08],
        "mean": [0.000234751030803, 0.00143019424286, 0.00360526470467, 0.00398259004578, 0.00247579277493, 0.00126647204161, 0.000950986286625, 0.000875388795976, 0.000934395298827, 0.000860650150571, 0.000671556976158, 0.000597314385232, 0.000660571968183, 0.000638956727926, 0.000376872048946, 0.000220987058128, 0.000154271328938, 7.78010798967e-05, 8.90303272172e-05, 0.000179654089152, 0.000220061047003, 0.000148416176671, 0.000121880701045, 0.000102122685348, 9.8064658232e-05, 0.000155122193974, 0.000112816989713, 7.12395412847e-05, 4.95361018693e-05, 4.46020203526e-05, 4.59739821963e-05, 6.12415315118e-05, 0.000145558879012, 0.000195553744561, 9.55471550697e-05, 8.06898242445e-05, 6.23967207503e-05, 3.54008516297e-05, 4.212404383e-05, 5.04178897245e-05, 3.82493926736e-05, 2.67947652901e-05, 2.73209952866e-05, 2.44542352448e-05, 2.5350258511e-05, 3.88588232454e-05, 3.75770141545e-05, 3.08621747536e-05, 3.01479849441e-05, 4.15924951085e-05, 5.28282871528e-05, 3.74690607714e-05, 2.88423798338e-05, 3.17504636769e-05, 5.24152637809e-05, 5.60712142033e-05, 4.13969246438e-05, 4.12035296904e-05, 3.74959818146e-05, 2.90386906272e-05, 2.34230974456e-05, 2.42513287958e-05, 2.78614188574e-05, 2.16103198909e-05, 1.60680192494e-05, 1.29503787321e-05, 1.02508229247e-05, 1.1479782188e-05, 1.16104629342e-05, 1.14796048365e-05, 1.28364799821e-05, 1.40744714372e-05, 1.22326518976e-05, 1.06398329081e-05, 1.0246561942e-05, 9.66349944065e-06, 9.30317401071e-06, 8.18595253804e-06, 8.84063319972e-06, 7.82012830314e-06, 6.59129455016e-06, 6.27635336059e-06, 6.47075012239e-06, 6.00876137469e-06, 5.76058528168e-06, 5.48203161088e-06, 5.84992676522e-06, 5.63638786844e-06, 5.6627873164e-06, 5.1344932217e-06, 6.1202431425e-06, 6.47337128612e-06, 6.05433024248e-06, 5.65791515328e-06, 5.6727080846e-06, 5.1249498938e-06, 5.42528368896e-06, 5.87164731769e-06, 5.49470314581e-06, 4.97244946018e-06, 5.02829834659e-06, 4.59647071693e-06, 4.55824601886e-06, 4.35889432993e-06, 4.16365173805e-06, 3.20350864058e-06, 3.05847765958e-06, 2.85419082502e-06, 2.43621116169e-06, 2.72160036729e-06, 2.42367536885e-06, 1.87586272204e-06, 1.69196448496e-06, 1.56837938903e-06, 1.16379976589e-06, 9.43008444665e-07, 7.12025610028e-07, 5.26076064489e-07, 3.57623548553e-07, 2.82157770926e-07, 2.51402184404e-07, 2.11684678675e-07, 1.32190407953e-07, 3.97451493939e-09, 3.54010709636e-11, 3.56159303438e-11, 3.55757957815e-11, 3.55201111579e-11],
        "min": [5.69157609931e-09, 3.34800205337e-08, 4.32629008174e-08, 1.84085592991e-07, 2.6261398034e-07, 2.77411125182e-08, 2.30632561937e-08, 8.7683105221e-08, 3.01244327261e-08, 4.96204783929e-08, 1.09747062993e-07, 1.8245302158e-07, 5.14584826306e-07, 2.98551981359e-07, 1.95266608216e-07, 4.09484712804e-08, 6.40184651957e-08, 9.60935011562e-08, 2.26624891297e-07, 2.5544832738e-07, 2.64671825789e-07, 1.65690082099e-07, 3.86774587469e-07, 3.08744944277e-07, 3.65599106544e-07, 1.30056903913e-07, 2.36482122773e-07, 1.7852619294e-07, 1.45685959296e-07, 2.26184255325e-07, 2.64144176754e-07, 3.13270106744e-07, 2.67638000651e-07, 2.80351599713e-07, 1.87967103216e-07, 1.35698954296e-07, 1.74009684883e-07, 1.1842483616e-07, 4.35778595431e-08, 1.17310932524e-07, 6.47620623795e-08, 1.2313228126e-07, 1.07237227098e-07, 7.90149314867e-08, 1.83004331689e-07, 8.93050753348e-08, 1.27511100345e-07, 9.46666034451e-08, 9.88759936149e-08, 2.48631920385e-07, 1.53528006308e-07, 3.20486975625e-07, 1.59810895184e-07, 1.20145784877e-07, 2.22006889317e-07, 2.42763576352e-07, 1.51811960336e-07, 9.32770944928e-08, 1.07976454444e-07, 1.10017303712e-07, 1.93330748743e-07, 1.26257859279e-07, 1.43425054944e-07, 1.4386858993e-07, 6.44776534386e-08, 1.48444300407e-07, 7.6701603291e-08, 9.33673263148e-08, 7.94248080638e-08, 1.02826568593e-07, 9.51155598727e-08, 1.45726460232e-07, 4.73688643865e-08, 3.59577931874e-08, 2.05164241152e-08, 3.58563347902e-08, 1.9429640119e-08, 2.09840997911e-08, 1.3737219362e-08, 2.65734279026e-08, 2.7100483635e-08, 1.06870299277e-08, 1.19459482306e-08, 5.71668667959e-09, 9.13262443447e-09, 7.721266293e-09, 5.32856647695e-09, 1.28268924371e-08, 1.21690337807e-08, 1.15388374411e-08, 1.26893908714e-08, 2.26101750656e-08, 1.98985770083e-08, 1.1119666965e-08, 1.45602063739e-08, 1.72106879859e-08, 3.04513818605e-08, 2.8624810966e-08, 1.51944981042e-08, 1.05296491526e-08, 8.86226203534e-09, 9.17146625312e-09, 6.86326462329e-09, 5.36887645453e-09, 5.11308639872e-09, 3.65223851162e-09, 4.23341406375e-09, 3.24618865122e-09, 2.65570943014e-09, 1.91291316121e-09, 1.08182152125e-09, 8.26278601096e-10, 9.56429158094e-10, 7.73640762564e-10, 8.13190459414e-10, 8.83888795489e-10, 4.80662343261e-10, 1.00052926014e-11, 3.75351659476e-13, 2.6521837569e-13, 2.52481195673e-13, 1.92088884946e-13, 2.02473820587e-13, 1.24055740723e-13, 8.42079363053e-14, 3.37858098432e-14, 4.40542089977e-15, 3.39828559647e-16],
        "stdev": [0.000237121756072, 0.00155742408242, 0.00366288633086, 0.00378461158834, 0.00267204712145, 0.0018200102495, 0.00142133643385, 0.00134102674201, 0.00178296619561, 0.00133584928699, 0.000982404919341, 0.00100223219488, 0.00125274271704, 0.00133497139905, 0.000774874119088, 0.000481620809296, 0.00033875767258, 0.000153046174091, 0.000301918305922, 0.000522719987202, 0.000498831854202, 0.000381509831641, 0.000291950535029, 0.00026133202482, 0.000259475666098, 0.000529882207047, 0.000503172923345, 0.000275119906291, 0.000150855266838, 0.000140557298437, 0.000212310609641, 0.000244963914156, 0.000498221430462, 0.000634956697468, 0.00039398969966, 0.000311737763695, 0.000234787643421, 0.000137849056046, 0.000239705565036, 0.000184924603673, 0.000102136706118, 6.40404687147e-05, 5.56648847123e-05, 4.48196915386e-05, 7.21012620488e-05, 0.000106099316326, 9.96683229459e-05, 6.31256480119e-05, 7.26940925233e-05, 0.000123127014376, 0.000149184066686, 7.51867701183e-05, 6.14095697529e-05, 7.1157621278e-05, 0.000136051137815, 0.000140103598824, 8.75685800565e-05, 0.000122577272123, 9.31962422328e-05, 5.39754073543e-05, 3.91754001612e-05, 3.93371192331e-05, 3.87261279684e-05, 2.96080306725e-05, 2.41495181399e-05, 2.03196359507e-05, 1.47355376612e-05, 1.5029449969e-05, 1.38134055305e-05, 1.48395884025e-05, 1.69181894307e-05, 1.58811071742e-05, 1.60591062013e-05, 1.50252917592e-05, 1.46134225361e-05, 1.27024914036e-05, 1.23987456391e-05, 1.16186593004e-05, 1.12643920147e-05, 1.07648775156e-05, 9.44899602473e-06, 1.01633559098e-05, 1.04087030195e-05, 9.14751944947e-06, 7.22800496078e-06, 6.71693305776e-06, 7.8830134953e-06, 6.76815079714e-06, 5.96051995672e-06, 5.44437170902e-06, 6.4971327447e-06, 6.49748199066e-06, 6.02530826654e-06, 5.61747901884e-06, 6.25952361588e-06, 5.02214106746e-06, 5.64095171285e-06, 6.13055408394e-06, 5.71321743337e-06, 5.65377195016e-06, 5.83408336752e-06, 5.71993496123e-06, 5.63351204619e-06, 5.69373787584e-06, 4.79292839373e-06, 3.67042684957e-06, 3.71766714125e-06, 3.67041639038e-06, 3.17756735058e-06, 3.56879445462e-06, 3.39370876645e-06, 2.82196174339e-06, 2.49971390076e-06, 2.55090981227e-06, 1.95864163288e-06, 1.51498966261e-06, 1.39145333833e-06, 1.01259433904e-06, 5.83204382565e-07, 4.37818073351e-07, 3.75839277922e-07, 3.266892179e-07, 2.28548515224e-07, 9.87926096485e-09, 1.00579455875e-09, 1.02552366599e-09, 1.03030894927e-09, 1.03101605031e-09]
    },
    "mfcc": {
        "mean": [-598.521179199, 81.4212722778, 20.3285007477, 26.4302120209, 18.6083068848, 4.6085691452, 5.67720270157, 6.33026170731, 2.2210252285, -1.26088249683, -3.15430927277, 3.49683594704, -0.43280979991],
        "cov": [[2336.74731445, -191.522293091, 141.690505981, 67.0997848511, 81.7045440674, 214.887207031, 39.9624671936, 30.3911190033, 53.0789260864, 70.0619888306, 48.4949760437, 3.54416656494, 45.4811820984], [-191.522293091, 370.776763916, -37.888256073, -31.4683494568, 68.6821365356, -19.5858001709, 6.03004169464, -6.41745615005, -11.3765096664, 0.718438446522, -21.3021697998, 10.9773006439, -13.7487974167], [141.690505981, -37.888256073, 558.80682373, 91.1517181396, 88.3563308716, 87.1760406494, -27.8031730652, -26.0254077911, -14.4515285492, 8.05212020874, 37.5531539917, 40.1186904907, 6.52089214325], [67.0997848511, -31.4683494568, 91.1517181396, 227.434753418, 63.3787460327, -27.4049396515, -39.9321632385, 24.0846157074, 12.0716848373, -21.4489974976, -2.57161736488, 32.3544616699, 2.77914524078], [81.7045440674, 68.6821365356, 88.3563308716, 63.3787460327, 191.867431641, 18.1466884613, -3.51396584511, 17.7361316681, 17.6999778748, -8.34941387177, -9.6874370575, 22.9227352142, 15.0008192062], [214.887207031, -19.5858001709, 87.1760406494, -27.4049396515, 18.1466884613, 245.018188477, 96.3600845337, -15.2037734985, -32.939617157, 30.8837566376, 20.2498245239, -28.4240951538, 31.7430419922], [39.9624671936, 6.03004169464, -27.8031730652, -39.9321632385, -3.51396584511, 96.3600845337, 119.931694031, 23.0334854126, -13.8099966049, 14.1489238739, 4.41996002197, -18.4003143311, 13.3221626282], [30.3911190033, -6.41745615005, -26.0254077911, 24.0846157074, 17.7361316681, -15.2037734985, 23.0334854126, 91.0064620972, 42.1669273376, -6.89412641525, -7.49550199509, -0.861335337162, -3.34445643425], [53.0789260864, -11.3765096664, -14.4515285492, 12.0716848373, 17.6999778748, -32.939617157, -13.8099966049, 42.1669273376, 82.9936294556, 14.1410427094, 0.856487631798, 8.65383434296, -1.26596176624], [70.0619888306, 0.718438446522, 8.05212020874, -21.4489974976, -8.34941387177, 30.8837566376, 14.1489238739, -6.89412641525, 14.1410427094, 66.2735290527, 30.7687549591, -1.10795331001, 9.03964996338], [48.4949760437, -21.3021697998, 37.5531539917, -2.57161736488, -9.6874370575, 20.2498245239, 4.41996002197, -7.49550199509, 0.856487631798, 30.7687549591, 66.580116272, 28.6850166321, 2.88751459122], [3.54416656494, 10.9773006439, 40.1186904907, 32.3544616699, 22.9227352142, -28.4240951538, -18.4003143311, -0.861335337162, 8.65383434296, -1.10795331001, 28.6850166321, 75.0187301636, 14.3564023972], [45.4811820984, -13.7487974167, 6.52089214325, 2.77914524078, 15.0008192062, 31.7430419922, 13.3221626282, -3.34445643425, -1.26596176624, 9.03964996338, 2.88751459122, 14.3564023972, 49.0755882263]],
        "icov": [[0.000523373950273, 0.000269280368229, 3.16528057738e-05, -8.2143866166e-05, -0.000215766674955, -0.000558234401979, 0.000254464830505, -0.000147225116962, -0.000260306842392, -0.000384280312574, 2.02945593628e-05, -0.000120981203509, 3.70306588593e-05], [0.000269280368229, 0.00357295386493, 0.000369413261069, 0.000774245592766, -0.00182419316843, -8.53426827234e-05, -0.000198486537556, 4.76090317534e-05, 0.00108922133222, -0.00180042849388, 0.00211791018955, -0.00196116627194, 0.00213725119829], [3.16528057738e-05, 0.000369413261069, 0.00248756911606, -0.000560916843824, -0.000985992606729, -0.00152434140909, 0.001286088489, 0.000272131408565, 0.000406252132962, -0.000203891686397, -0.0005195447593, -0.00117373862304, 0.00115413649473], [-8.2143866166e-05, 0.000774245592766, -0.000560916843824, 0.00606215465814, -0.00154570501763, -8.03119983175e-05, 0.00202483544126, -0.00230844272301, 0.00109158374835, 0.000587363669183, 0.000827771786135, -0.00200290628709, 0.000298889906844], [-0.000215766674955, -0.00182419316843, -0.000985992606729, -0.00154570501763, 0.00761732505634, -0.00075429485878, 3.75102863472e-05, -0.00060644216137, -0.00178791012149, 0.00109244557098, 0.00140342314262, -0.00107136368752, -0.00200104620308], [-0.000558234401979, -8.53426827234e-05, -0.00152434140909, -8.03119983175e-05, -0.00075429485878, 0.00955192185938, -0.00678220810369, 0.0022458077874, 0.00129807938356, -0.000405882339692, -0.00280840275809, 0.00486106891185, -0.00440166005865], [0.000254464830505, -0.000198486537556, 0.001286088489, 0.00202483544126, 3.75102863472e-05, -0.00678220810369, 0.0168652161956, -0.00776147423312, 0.00416894303635, -0.00195762189105, 0.000306443456793, -0.000572424498387, -0.000691236869898], [-0.000147225116962, 4.76090317534e-05, 0.000272131408565, -0.00230844272301, -0.00060644216137, 0.0022458077874, -0.00776147423312, 0.0193953793496, -0.0105598093942, 0.00450382893905, -0.000893334450666, 0.00166515249293, 0.00086925184587], [-0.000260306842392, 0.00108922133222, 0.000406252132962, 0.00109158374835, -0.00178791012149, 0.00129807938356, 0.00416894303635, -0.0105598093942, 0.0209040343761, -0.00823475513607, 0.00289801182225, -0.00272205797955, 0.000967989093624], [-0.000384280312574, -0.00180042849388, -0.000203891686397, 0.000587363669183, 0.00109244557098, -0.000405882339692, -0.00195762189105, 0.00450382893905, -0.00823475513607, 0.0260450486094, -0.0139216128737, 0.00695312162861, -0.00561228115112], [2.02945593628e-05, 0.00211791018955, -0.0005195447593, 0.000827771786135, 0.00140342314262, -0.00280840275809, 0.000306443456793, -0.000893334450666, 0.00289801182225, -0.0139216128737, 0.029494645074, -0.0150007391348, 0.00713212741539], [-0.000120981203509, -0.00196116627194, -0.00117373862304, -0.00200290628709, -0.00107136368752, 0.00486106891185, -0.000572424498387, 0.00166515249293, -0.00272205797955, 0.00695312162861, -0.0150007391348, 0.0253427904099, -0.0105978595093], [3.70306588593e-05, 0.00213725119829, 0.00115413649473, 0.000298889906844, -0.00200104620308, -0.00440166005865, -0.000691236869898, 0.00086925184587, 0.000967989093624, -0.00561228115112, 0.00713212741539, -0.0105978595093, 0.0282158739865]]
    },
    "spectral_contrast_coeffs": {
        "max": [-0.448317199945, -0.519139409065, -0.455254197121, -0.550921022892, -0.643410921097, -0.656207799911],
        "mean": [-0.739682614803, -0.779422283173, -0.78867149353, -0.805713415146, -0.798514723778, -0.801800608635],
        "min": [-0.890474736691, -0.911400198936, -0.906720876694, -0.896185159683, -0.868178606033, -0.880196928978],
        "stdev": [0.0628947988153, 0.0645838007331, 0.0702702403069, 0.0503228567541, 0.0370993353426, 0.0311740487814]
    },
    "spectral_contrast_valleys": {
        "max": [-4.91180849075, -4.90451860428, -5.82012748718, -5.45926189423, -5.61655855179, -7.67974233627],
        "mean": [-6.19479227066, -6.68712186813, -7.24711179733, -7.31404924393, -6.92034912109, -8.86259174347],
        "min": [-10.1307487488, -8.60454940796, -8.68168354034, -9.00988578796, -8.93335437775, -11.2992458344],
        "stdev": [0.752326190472, 0.545669853687, 0.495223909616, 0.534385919571, 0.513162732124, 0.630398452282]
    }
},
"rhythm": {
    "beats_count": 59,
    "beats_loudness": {
        "max": 0.0755252987146,
        "mean": 0.0459731854498,
        "min": 0.00148896570317,
        "stdev": 0.016529597342
    },
    "bpm": 124.871658325,
    "bpm_histogram_first_peak_bpm": 126,
    "bpm_histogram_first_peak_weight": 0.428571403027,
    "bpm_histogram_second_peak_bpm": 112,
    "bpm_histogram_second_peak_spread": 0,
    "bpm_histogram_second_peak_weight": 0.0344827584922,
    "danceability": 1.06613028049,
    "onset_rate": 3.99816155434,
    "beats_loudness_band_ratio": {
        "max": [0.792237579823, 0.602225661278, 0.541257619858, 0.269604861736, 0.540356278419, 0.289895385504],
        "mean": [0.492161005735, 0.147709876299, 0.102585658431, 0.0587554499507, 0.0907737016678, 0.136839598417],
        "min": [0.00540738832206, 0.00868598278612, 0.0052411807701, 0.00200519873761, 0.00889079645276, 0.0247421562672],
        "stdev": [0.180510476232, 0.113272801042, 0.106233641505, 0.0598497912288, 0.0891262814403, 0.0629353225231]
    },
    "beats_position": [0.510838985443, 1.04489791393, 1.57895684242, 2.06657600403, 2.55419492722, 3.04181408882, 3.51782298088, 3.99383211136, 4.48145103455, 4.96907043457, 5.4334692955, 5.92108821869, 6.39709758759, 6.87310647964, 7.36072540283, 7.83673477173, 8.31274318695, 8.80036258698, 9.287981987, 9.76399040222, 10.2399997711, 10.71600914, 11.1920175552, 11.6796369553, 12.1556463242, 12.6316547394, 13.1192741394, 13.6068935394, 14.0945119858, 14.5705213547, 15.0465307236, 15.5225391388, 16.0101585388, 16.4861679077, 16.9621772766, 17.4381847382, 17.9258041382, 18.4018135071, 18.877822876, 19.365442276, 19.8414516449, 20.3174591064, 20.8050785065, 21.2810878754, 21.7570972443, 22.2447166443, 22.7207260132, 23.1967334747, 23.6843528748, 24.1719722748, 24.6479816437, 25.1239910126, 25.6000003815, 26.076007843, 26.563627243, 27.0512466431, 27.527256012, 28.0032653809, 28.4908847809],
