{
"metadata": {
    "version": {
        "essentia": "2.1-beta5",
        "essentia_git_sha": "Undefined",
        "extractor": "music 2.0"
    },
    "audio_properties": {
        "analysis": {
            "equal_loudness": 0,
            "length": 36.8500671387,
            "sample_rate": 44100,
            "start_time": 142.744674683,
            "downmix": "mix"
        },
        "bit_rate": 192000,
        "length": 179.617980957,
        "lossless": 0,
        "number_channels": 2,
        "replay_gain": -8.1637172699,
        "sample_rate": 48000,
        "codec": "mp3",
        "md5_encoded": "eb2c97ea6b4891842655d4e31218d93a"
    },
    "tags": {
        "file_name": "Germany_Frauen Regieren Die Welt_Roger Cicero.mp3",
        "encoding": ["Lavf58.29.100"]
    }
},
"lowlevel": {
    "average_loudness": 0.969674527645,
    "barkbands_crest": {
        "max": 23.2062263489,
        "mean": 8.58222293854,
        "min": 2.93534231186,
        "stdev": 3.27982974052
    },
    "barkbands_flatness_db": {
        "max": 0.232076197863,
        "mean": 0.121305055916,
        "min": 0.0271376036108,
        "stdev": 0.0343361459672
    },
    "barkbands_kurtosis": {
        "max": 23.5341186523,
        "mean": 1.11582064629,
        "min": -1.79278981686,
        "stdev": 2.79243135452
    },
    "barkbands_skewness": {
        "max": 4.1509885788,
        "mean": 0.882219493389,
        "min": -1.03555083275,
        "stdev": 0.797835886478
    },
    "barkbands_spread": {
        "max": 120.958786011,
        "mean": 27.3348770142,
        "min": 5.36662483215,
        "stdev": 13.139503479
    },
    "dissonance": {
        "max": 0.500000059605,
        "mean": 0.467064350843,
        "min": 0.325481086969,
        "stdev": 0.0252798106521
    },
    "dynamic_complexity": 1.73496961594,
    "erbbands_crest": {
        "max": 29.5391712189,
        "mean": 9.34584617615,
        "min": 2.26707243919,
        "stdev": 4.38217973709
    },
    "erbbands_flatness_db": {
        "max": 0.285228043795,
        "mean": 0.162104547024,
        "min": 0.0643028020859,
        "stdev": 0.0419333726168
    },
    "erbbands_kurtosis": {
        "max": 23.8687934875,
        "mean": 0.247420161963,
        "min": -1.63685309887,
        "stdev": 1.74736130238
    },
    "erbbands_skewness": {
        "max": 2.97017884254,
        "mean": 0.348941981792,
        "min": -1.7441893816,
        "stdev": 0.704237222672
    },
    "erbbands_spread": {
        "max": 110.010650635,
        "mean": 36.2338523865,
        "min": 3.7050216198,
        "stdev": 16.5241107941
    },
    "hfc": {
        "max": 95.9860839844,
        "mean": 29.599029541,
        "min": 7.273424103e-07,
        "stdev": 17.0983047485
    },
    "loudness_ebu128": {
        "integrated": -14.9455947876,
        "loudness_range": 2.44248390198,
        "momentary": {
            "max": -12.74269104,
            "mean": -15.1738138199,
            "min": -20.5800228119,
            "stdev": 1.46988451481
        },
        "short_term": {
            "max": -13.2348041534,
            "mean": -15.0291519165,
            "min": -17.4604644775,
            "stdev": 0.869496703148
        }
    },
    "melbands_crest": {
        "max": 36.0602798462,
        "mean": 11.2569980621,
        "min": 4.21635532379,
        "stdev": 3.94538593292
    },
    "melbands_flatness_db": {
        "max": 0.313134342432,
        "mean": 0.146758392453,
        "min": 0.0404590517282,
        "stdev": 0.0445089414716
    },
    "melbands_kurtosis": {
        "max": 74.3421783447,
        "mean": 5.61033296585,
        "min": -1.47200632095,
        "stdev": 7.24080991745
    },
    "melbands_skewness": {
        "max": 7.71213293076,
        "mean": 1.7225587368,
        "min": -0.92997699976,
        "stdev": 1.07556819916
    },
    "melbands_spread": {
        "max": 114.220222473,
        "mean": 33.5446815491,
        "min": 4.79119825363,
        "stdev": 17.2683887482
    },
    "pitch_salience": {
        "max": 0.843372106552,
        "mean": 0.584664583206,
        "min": 0.131621748209,
        "stdev": 0.0941036865115
    },
    "silence_rate_20dB": {
        "max": 1,
        "mean": 1,
        "min": 1,
        "stdev": 0
    },
    "silence_rate_30dB": {
        "max": 1,
        "mean": 1,
        "min": 1,
        "stdev": 0
    },
    "silence_rate_60dB": {
        "max": 1,
        "mean": 0.00188916875049,
        "min": 0,
        "stdev": 0.0434234924614
    },
    "spectral_centroid": {
        "max": 4047.39746094,
        "mean": 1755.41503906,
        "min": 441.62600708,
        "stdev": 548.131225586
    },
    "spectral_complexity": {
        "max": 52,
        "mean": 22.1076831818,
        "min": 0,
        "stdev": 6.9063782692
    },
    "spectral_decrease": {
        "max": -3.21531390672e-17,
        "mean": -6.07870198621e-09,
        "min": -1.60521125281e-08,
        "stdev": 2.71222488912e-09
    },
    "spectral_energy": {
        "max": 0.0644221156836,
        "mean": 0.0256271529943,
        "min": 1.87325654988e-10,
        "stdev": 0.0111044710502
    },
    "spectral_energyband_high": {
        "max": 0.011415890418,
        "mean": 0.00117110984866,
        "min": 6.17286499693e-11,
        "stdev": 0.00127739633899
    },
    "spectral_energyband_low": {
        "max": 0.0414384305477,
        "mean": 0.00502766761929,
        "min": 5.25456379796e-11,
        "stdev": 0.0055521633476
    },
    "spectral_energyband_middle_high": {
        "max": 0.0339088328183,
        "mean": 0.00886029191315,
        "min": 1.47651006005e-11,
        "stdev": 0.00706380465999
    },
    "spectral_energyband_middle_low": {
        "max": 0.0527663938701,
        "mean": 0.0111209284514,
        "min": 1.4506309565e-12,
        "stdev": 0.00770651176572
    },
    "spectral_entropy": {
        "max": 8.8391752243,
        "mean": 7.70755624771,
        "min": 6.77045202255,
        "stdev": 0.330106645823
    },
    "spectral_flux": {
        "max": 0.24119618535,
        "mean": 0.0932991430163,
        "min": 1.83413430932e-05,
        "stdev": 0.0356792882085
    },
    "spectral_kurtosis": {
        "max": 10.7910366058,
        "mean": 3.34010267258,
        "min": -0.715555906296,
        "stdev": 1.83959257603
    },
    "spectral_rms": {
        "max": 0.00792785268277,
        "mean": 0.00487297168002,
        "min": 4.27500566502e-07,
        "stdev": 0.00112083088607
    },
    "spectral_rolloff": {
        "max": 10594.3359375,
        "mean": 2114.63354492,
        "min": 21.533203125,
        "stdev": 1371.54699707
    },
    "spectral_skewness": {
        "max": 2.40892314911,
        "mean": 1.36416661739,
        "min": 0.29960334301,
        "stdev": 0.319173246622
    },
    "spectral_spread": {
        "max": 11484411,
        "mean": 4633347,
        "min": 2580505.5,
        "stdev": 1131294.875
    },
    "spectral_strongpeak": {
        "max": 12.266998291,
        "mean": 1.61713373661,
        "min": 0,
        "stdev": 1.65121781826
    },
    "zerocrossingrate": {
        "max": 0.38427734375,
        "mean": 0.0788481980562,
        "min": 0.021484375,
        "stdev": 0.0315708331764
    },
    "barkbands": {
        "max": [0.00323174381629, 0.0332721881568, 0.0216212123632, 0.00713556306437, 0.0407883748412, 0.0301673430949, 0.0248509570956, 0.0282680559903, 0.0386003553867, 0.0268603917211, 0.0314614027739, 0.0238248109818, 0.0186698120087, 0.0116292070597, 0.0151611687616, 0.02504776977, 0.0153114562854, 0.00611877301708, 0.0141827305779, 0.0041901958175, 0.00176762812771, 0.00382591714151, 0.00615576747805, 0.00242159655318, 0.00153231213335, 0.000743095588405, 4.61004783574e-05],
        "mean": [0.000164764220244, 0.00292681111023, 0.001554776798, 0.000678205222357, 0.00275004608557, 0.00142337277066, 0.000772786908783, 0.0020214477554, 0.00303338025697, 0.00137652584817, 0.00103345955722, 0.00101826735772, 0.00108172779437, 0.000740033225156, 0.000623103929684, 0.000735282315873, 0.000694441958331, 0.000612207397353, 0.00104197766632, 0.000340557249729, 0.000200272435904, 0.000216069020098, 0.000258916756138, 0.000190982333152, 0.000104177284811, 3.330551408e-05, 2.67155115807e-07],
        "min": [9.06900804454e-11, 5.420417587e-12, 1.13112183465e-13, 3.34895211064e-14, 9.66327983343e-14, 5.89903085689e-14, 1.2879270133e-13, 1.47287455669e-13, 2.38722507474e-13, 2.16145135644e-13, 5.66267193726e-13, 2.22533471685e-13, 7.86710540462e-13, 7.99985674493e-13, 6.32424288719e-13, 1.63059073622e-12, 2.00006092417e-12, 7.91932329176e-13, 7.22837425766e-13, 1.82528905185e-12, 3.35569592946e-12, 3.24008029608e-12, 7.7445142313e-12, 7.9334264852e-12, 9.42596608405e-12, 1.04456113897e-11, 1.35895131953e-11],
        "stdev": [0.000384469632991, 0.00400751456618, 0.00226923730224, 0.000934134179261, 0.004035779275, 0.0022626738064, 0.00185053795576, 0.00338098290376, 0.00387514824979, 0.00258803856559, 0.00256728450768, 0.00213771406561, 0.00205797026865, 0.00134130369406, 0.00124771322589, 0.00164677063003, 0.000932073220611, 0.000817375374027, 0.00137827324215, 0.000386844185414, 0.000210402751691, 0.000295469042612, 0.000379467703169, 0.000250017474173, 0.000180170158274, 7.30230240151e-05, 2.24934069593e-06]
    },
    "erbbands": {
        "max": [1.12561559677, 7.01217937469, 19.5583019257, 31.7783718109, 46.4940338135, 212.542037964, 222.896774292, 224.683990479, 324.465118408, 478.890106201, 666.06237793, 788.721313477, 996.185974121, 1040.43383789, 1462.92004395, 928.001220703, 1017.31164551, 805.916992188, 383.274597168, 800.438293457, 1306.35888672, 469.470001221, 348.608581543, 598.777893066, 452.335632324, 255.265335083, 69.1217269897, 86.7611083984, 134.734191895, 150.937438965, 228.126708984, 73.1315917969, 35.3656158447, 23.843793869, 10.7185611725, 4.54660797119, 1.29779016972, 0.208070904016, 0.00583522813395, 0.000249760109],
        "mean": [0.0801611542702, 0.676212966442, 1.64278829098, 2.35433483124, 3.01380777359, 10.9224452972, 16.130191803, 10.4154682159, 9.93112373352, 22.5708732605, 50.4818229675, 57.916305542, 61.4477119446, 45.7303123474, 44.2658805847, 32.9139900208, 41.0562438965, 54.4227256775, 25.1502914429, 34.9086074829, 43.2841682434, 40.7344284058, 35.4487800598, 51.4692230225, 37.8309745789, 16.2216587067, 8.88413524628, 8.21575927734, 7.38944530487, 8.28815937042, 7.0854640007, 4.72074699402, 2.87649106979, 1.3338406086, 0.653285741806, 0.231187090278, 0.0478480234742, 0.00355241331272, 0.000119451789942, 3.87707332266e-05],
        "min": [1.15687359692e-09, 2.99797298098e-10, 1.55961063508e-10, 1.66485616959e-10, 2.17333734343e-10, 4.03533428894e-10, 1.44352696463e-10, 7.02112923356e-10, 2.17980700157e-09, 3.43897954558e-09, 4.64153337987e-09, 5.99182969907e-09, 9.60500301517e-09, 8.11793121613e-09, 2.24743654798e-08, 1.76763741422e-08, 2.86093282398e-08, 4.58002880066e-08, 5.03382970862e-08, 4.47571331108e-08, 9.99645308752e-08, 9.87116024476e-08, 3.77563615928e-08, 4.03126136916e-08, 1.4159857642e-07, 7.14594463602e-08, 1.66654629652e-07, 1.17078016615e-07, 1.17152211487e-07, 2.12300832914e-07, 2.58320085322e-07, 1.22381294432e-07, 1.16447019138e-07, 1.28087236817e-07, 5.87802944096e-08, 4.04018720701e-08, 1.88949673685e-08, 9.19537157529e-09, 1.89862037203e-09, 1.65623931236e-10],
        "stdev": [0.119262039661, 0.940897166729, 2.27364397049, 2.7997238636, 3.85660004616, 17.6069355011, 27.3415203094, 16.6883392334, 23.9330539703, 40.0283927917, 77.9022979736, 74.1394348145, 94.2617797852, 88.8721694946, 96.7475509644, 59.4687652588, 71.9760894775, 98.8520355225, 40.488609314, 73.4527206421, 85.6563949585, 49.8220100403, 47.5217247009, 64.810874939, 46.0668716431, 17.9420166016, 9.18849182129, 9.43013858795, 10.2638025284, 10.399307251, 11.990694046, 6.59445571899, 3.91490507126, 2.34362316132, 1.08850502968, 0.431729406118, 0.122088670731, 0.0159168094397, 0.00044054214959, 2.28684184549e-05]
    },
    "gfcc": {
        "mean": [29.2451782227, 78.1492614746, -138.347610474, 37.0509643555, -72.1756057739, 21.9109363556, -40.1694755554, 21.0316181183, -25.6643600464, -2.48503446579, -14.1440820694, -2.1184117794, -10.9642486572],
        "cov": [[2923.26464844, -68.9440765381, 136.055221558, 264.562774658, -9.59223651886, 32.8886947632, -201.288909912, -38.3092041016, -136.47038269, -46.354511261, -23.7819080353, -4.55704975128, -110.704421997], [-68.9440765381, 787.995483398, 190.056991577, 149.601165771, 43.2530288696, -51.9483299255, 60.283454895, 25.1115531921, 80.0238265991, -50.5483627319, 141.99710083, -30.6137924194, 48.4994621277], [136.055221558, 190.056991577, 757.249755859, 340.142883301, -54.4028816223, 0.122824087739, -62.9759521484, -24.947145462, 21.4038124084, 104.435287476, 11.5059490204, 27.4631175995, -1.70132315159], [264.562774658, 149.601165771, 340.142883301, 398.941040039, 29.7113132477, 36.7126541138, -63.6504859924, -28.9252567291, 44.5518264771, 17.9237365723, 36.833026886, -28.0703830719, 11.0388717651], [-9.59223651886, 43.2530288696, -54.4028816223, 29.7113132477, 207.340484619, 59.7803382874, 15.9736127853, 42.0360565186, 25.0899810791, -19.1653747559, 20.5990943909, 0.353967607021, -2.33312320709], [32.8886947632, -51.9483299255, 0.122824087739, 36.7126541138, 59.7803382874, 156.425415039, 76.481552124, 8.45175266266, 2.95266389847, 25.1806774139, 7.69759654999, 8.76314544678, 6.60188674927], [-201.288909912, 60.283454895, -62.9759521484, -63.6504859924, 15.9736127853, 76.481552124, 177.902252197, 61.6248626709, 2.78670501709, 13.9476861954, 32.5974960327, 19.4548339844, 9.78120613098], [-38.3092041016, 25.1115531921, -24.947145462, -28.9252567291, 42.0360565186, 8.45175266266, 61.6248626709, 129.483383179, 64.045173645, 22.087884903, 10.4256467819, 4.13130712509, 19.7836151123], [-136.47038269, 80.0238265991, 21.4038124084, 44.5518264771, 25.0899810791, 2.95266389847, 2.78670501709, 64.045173645, 136.096496582, 54.4059448242, -1.27519190311, -14.2306604385, 41.0701980591], [-46.354511261, -50.5483627319, 104.435287476, 17.9237365723, -19.1653747559, 25.1806774139, 13.9476861954, 22.087884903, 54.4059448242, 132.453796387, -12.6779975891, 19.7542095184, 16.32670784], [-23.7819080353, 141.99710083, 11.5059490204, 36.833026886, 20.5990943909, 7.69759654999, 32.5974960327, 10.4256467819, -1.27519190311, -12.6779975891, 111.533927917, 18.8380336761, -1.76198923588], [-4.55704975128, -30.6137924194, 27.4631175995, -28.0703830719, 0.353967607021, 8.76314544678, 19.4548339844, 4.13130712509, -14.2306604385, 19.7542095184, 18.8380336761, 66.5361328125, 15.0320491791], [-110.704421997, 48.4994621277, -1.70132315159, 11.0388717651, -2.33312320709, 6.60188674927, 9.78120613098, 19.7836151123, 41.0701980591, 16.32670784, -1.76198923588, 15.0320491791, 80.6774215698]],
        "icov": [[0.000577733677346, -0.000519155873917, 0.000544833776075, -0.000770881655626, 0.000583013868891, -0.000997572322376, 0.00154778454453, -0.00145222386345, 0.00135850370862, -0.000431440596003, 0.00078557926463, -0.00103453919291, 0.00109442777466], [-0.000519155873917, 0.00382793019526, -0.00215716101229, 0.0012571697589, -0.00185896968469, 0.0035213266965, -0.0043705208227, 0.0036224774085, -0.00382001395337, 0.00264101661742, -0.00464981235564, 0.00423159217462, -0.00341120595112], [0.000544833776075, -0.00215716101229, 0.00438735727221, -0.00404914421961, 0.00198535900563, -0.00143567298073, 0.0029448713176, -0.00318509805948, 0.00354604236782, -0.0035639195703, 0.00341781368479, -0.00482878601179, 0.00318027823232], [-0.000770881655626, 0.0012571697589, -0.00404914421961, 0.00764961354434, -0.00181076372974, -0.0007404081407, -0.000556792132556, 0.00367950950749, -0.00418016919866, 0.00252067274414, -0.00447011739016, 0.00584358163178, -0.00334070948884], [0.000583013868891, -0.00185896968469, 0.00198535900563, -0.00181076372974, 0.00811140239239, -0.00555607816204, 0.00468510715291, -0.00526579190046, 0.00122800772078, 0.000589740579017, 0.00170226197224, -0.00397271523252, 0.0036525465548], [-0.000997572322376, 0.0035213266965, -0.00143567298073, -0.0007404081407, -0.00555607816204, 0.0154706323519, -0.0113745816052, 0.00718522118405, -0.00320272520185, -0.000488585734274, -0.00249922461808, 0.00383481872268, -0.00426406180486], [0.00154778454453, -0.0043705208227, 0.0029448713176, -0.000556792132556, 0.00468510715291, -0.0113745816052, 0.0183176863939, -0.0117094693705, 0.0077708484605, -0.00321400724351, 0.00215527857654, -0.00549265695736, 0.00437135389075], [-0.00145222386345, 0.0036224774085, -0.00318509805948, 0.00367950950749, -0.00526579190046, 0.00718522118405, -0.0117094693705, 0.0199647583067, -0.012157230638, 0.00311628659256, -0.00436902232468, 0.00438581220806, -0.00431175436825], [0.00135850370862, -0.00382001395337, 0.00354604236782, -0.00418016919866, 0.00122800772078, -0.00320272520185, 0.0077708484605, -0.012157230638, 0.0217833928764, -0.00965651590377, 0.00399962533265, 0.000866367539857, -0.00206516310573], [-0.000431440596003, 0.00264101661742, -0.0035639195703, 0.00252067274414, 0.000589740579017, -0.000488585734274, -0.00321400724351, 0.00311628659256, -0.00965651590377, 0.0149973928928, -0.001532984199, -0.00137246819213, -0.000814170518424], [0.00078557926463, -0.00464981235564, 0.00341781368479, -0.00447011739016, 0.00170226197224, -0.00249922461808, 0.00215527857654, -0.00436902232468, 0.00399962533265, -0.001532984199, 0.0175548866391, -0.0104887373745, 0.00623256526887], [-0.00103453919291, 0.00423159217462, -0.00482878601179, 0.00584358163178, -0.00397271523252, 0.00383481872268, -0.00549265695736, 0.00438581220806, 0.000866367539857, -0.00137246819213, -0.0104887373745, 0.0283464714885, -0.0113770216703], [0.00109442777466, -0.00341120595112, 0.00318027823232, -0.00334070948884, 0.0036525465548, -0.00426406180486, 0.00437135389075, -0.00431175436825, -0.00206516310573, -0.000814170518424, 0.00623256526887, -0.0113770216703, 0.0209255162627]]
    },
    "melbands": {
        "max": [0.00991469621658, 0.00876947492361, 0.00441728532314, 0.0081040346995, 0.00813725404441, 0.00471124006435, 0.00444389833137, 0.00429447833449, 0.00587431387976, 0.00440460722893, 0.00486760493368, 0.00455846218392, 0.00481418287382, 0.00339639163576, 0.00233282265253, 0.00174747221172, 0.0013290803181, 0.000670637818985, 0.0015497696586, 0.0020956415683, 0.00129328970797, 0.000755151442718, 0.000318958162097, 0.000445265060989, 0.000560899497941, 0.000534790684469, 0.00016750668874, 0.000187034631381, 6.80967641529e-05, 4.72471328976e-05, 6.56552801956e-05, 8.39271669975e-05, 0.000106113009679, 8.85519839358e-05, 0.000139104333357, 8.74885517987e-05, 3.66697713616e-05, 2.87416078208e-05, 3.14613171213e-05, 1.63184213307e-05],
        "mean": [0.000792282051407, 0.000871731899679, 0.000411512388382, 0.000465545424959, 0.000593082746491, 0.000237315558479, 0.000152016771608, 0.000298808939988, 0.000423245452112, 0.00039014685899, 0.000306174828438, 0.000182204938028, 0.000147924612975, 0.000119426294987, 7.48583406676e-05, 0.000118304204079, 9.28696172195e-05, 3.3195472497e-05, 5.23989147041e-05, 4.53943466709e-05, 4.93613151775e-05, 4.16503389715e-05, 3.07623304252e-05, 3.4193333704e-05, 4.32052256656e-05, 3.68226756109e-05, 1.64931552717e-05, 9.62479589361e-06, 6.06391176916e-06, 4.31990065408e-06, 4.81935785501e-06, 4.04810771215e-06, 4.47229513156e-06, 4.57996065961e-06, 4.01316628995e-06, 3.67094344256e-06, 2.64897198576e-06, 2.13801786231e-06, 1.53613041221e-06, 9.80032154985e-07],
        "min": [1.17080806855e-11, 9.20006326438e-14, 2.72588128149e-14, 2.54543819155e-14, 6.1356390075e-15, 1.60366020458e-14, 2.99466939961e-14, 3.50705081024e-14, 4.73131564038e-14, 3.27424448231e-14, 4.10152970344e-14, 2.62045888325e-14, 8.35368354894e-14, 1.82709733167e-14, 5.00720680739e-14, 8.66300033011e-14, 8.24943344429e-14, 6.92977034263e-14, 3.28550561594e-14, 1.01414394189e-13, 1.08510680367e-13, 1.30413990154e-13, 3.11166768892e-14, 3.5829446235e-14, 2.83851718172e-14, 4.33243901637e-14, 6.57179456795e-14, 4.07376294699e-14, 1.27351688223e-13, 4.68445540604e-14, 7.7014410745e-14, 8.05765298776e-14, 4.65921992285e-14, 1.12641693932e-13, 1.52478154885e-13, 8.14607374069e-14, 6.43985529508e-14, 7.47416587172e-14, 9.3812951114e-14, 9.81408015835e-14],
        "stdev": [0.00109015789349, 0.00107529351953, 0.000444194534793, 0.000670258654281, 0.000947594293393, 0.000373040413251, 0.0003518560261, 0.000501271977555, 0.00063963473076, 0.000498892739415, 0.000476836459711, 0.000368529814295, 0.000340773985954, 0.000281341082882, 0.00015574626741, 0.000225435433094, 0.000170373095898, 5.63930880162e-05, 0.000110447421321, 0.000120865050121, 0.000102217978565, 5.69853764318e-05, 3.61359852832e-05, 5.38601343578e-05, 5.71716773266e-05, 5.26926596649e-05, 1.83638858289e-05, 1.32219811348e-05, 7.30968713469e-06, 5.12624956173e-06, 6.12225858276e-06, 6.07972924627e-06, 6.40794633e-06, 5.81008634981e-06, 6.97655968906e-06, 6.20389346295e-06, 3.56194573214e-06, 2.81653342427e-06, 2.69659017249e-06, 1.78570599019e-06]
    },
    "melbands128": {
        "max": [0.00292559433728, 0.00808276236057, 0.0163199491799, 0.0129072433338, 0.010185928084, 0.0115307569504, 0.00774406921118, 0.00358996540308, 0.00584252085537, 0.0125183612108, 0.0157123506069, 0.015296574682, 0.0106671927497, 0.0119040720165, 0.00722682429478, 0.00915432814509, 0.00677073001862, 0.00704077072442, 0.0086133023724, 0.00799336005002, 0.00624189618975, 0.0112544521689, 0.0087247332558, 0.015344787389, 0.00905985943973, 0.00727484049276, 0.00810511223972, 0.00884820800275, 0.00737761659548, 0.00926224607974, 0.00655532767996, 0.00803820136935, 0.00751111935824, 0.00737147871405, 0.00784946698695, 0.00750553095713, 0.00261275703087, 0.0049903136678, 0.00365223153494, 0.00460446113721, 0.00369652057998, 0.00559781771153, 0.00287572387606, 0.00138601334766, 0.00116634916048, 0.00134096143302, 0.00163656100631, 0.00205491064116, 0.00337342219427, 0.00263740797527, 0.00456196907908, 0.00420626020059, 0.00157179497182, 0.0019819419831, 0.00263690389693, 0.00118448375724, 0.000824898248538, 0.000622269930318, 0.000642277707811, 0.000850139302202, 0.00102372467518, 0.000663676531985, 0.000575310376007, 0.00134793575853, 0.00234174635261, 0.00106013263576, 0.000660164339934, 0.000322373700328, 0.00027550914092, 0.000324254157022, 0.000326714391122, 0.000237985164858, 0.000176606336026, 7.01501630829e-05, 6.74712209729e-05, 8.75717014424e-05, 8.92457173904e-05, 5.05544812768e-05, 9.41106773098e-05, 9.2292422778e-05, 0.00010468216351, 9.28001245484e-05, 7.99274057499e-05, 0.00016401722678, 9.7528223705e-05, 0.00012010615319, 0.000104670936707, 0.000107941676106, 0.000115700997412, 0.000325317203533, 0.000137040027766, 9.61850382737e-05, 6.51598747936e-05, 3.77082724299e-05, 5.30193792656e-05, 4.06111175835e-05, 2.50323937507e-05, 3.96786235797e-05, 3.06229594571e-05, 4.68974976684e-05, 2.98728045891e-05, 2.07115645026e-05, 1.39560497701e-05, 1.43853385453e-05, 1.52989305207e-05, 1.65898673004e-05, 1.30437128973e-05, 1.18031375678e-05, 9.81514585874e-06, 1.73933422047e-05, 9.0458743216e-06, 3.57344606527e-06, 7.12622795618e-06, 3.43578108186e-06, 3.70416273654e-06, 4.83604708279e-06, 1.32760828819e-06, 1.38801951266e-07, 1.10707702561e-07, 2.30899985354e-07, 1.10001963094e-07, 1.0084922053e-07, 3.72323398778e-08, 1.24261765322e-08, 1.220532031e-08, 1.20597780651e-08, 1.19485159544e-08, 1.18783551883e-08],
        "mean": [0.000141651878948, 0.000554141763132, 0.00116156972945, 0.00108103163075, 0.000847798364703, 0.000773304607719, 0.000500033027492, 0.000301338353893, 0.000252364523476, 0.000380386481993, 0.000664364197291, 0.000778271001764, 0.000604975677561, 0.000339791207807, 0.000213735140278, 0.000206307668122, 0.000149664017954, 0.000141577067552, 0.000144469333463, 0.000218220549868, 0.000398466625484, 0.000496336724609, 0.000385033694329, 0.000435825524619, 0.00029318977613, 0.000409068190493, 0.000542265770491, 0.000224607923883, 0.000204564130399, 0.000173910142621, 0.000186881952686, 0.00017277902225, 0.000132432338432, 0.000120468823297, 0.000202977709705, 8.13955120975e-05, 5.30448669451e-05, 8.78428400028e-05, 8.15522143967e-05, 6.01028950769e-05, 0.000118114076031, 0.000231211422943, 8.45952090458e-05, 3.61788697774e-05, 3.31474984705e-05, 2.21668142331e-05, 4.58540962427e-05, 6.4431966166e-05, 4.98332628922e-05, 4.10520551668e-05, 3.89472807001e-05, 5.34428654646e-05, 6.59097058815e-05, 4.01426914323e-05, 3.17401572829e-05, 4.06217259297e-05, 5.47967974853e-05, 3.36502271239e-05, 1.90965365618e-05, 2.84154702967e-05, 4.6265005949e-05, 2.72712823062e-05, 2.53575944953e-05, 5.26322073711e-05, 6.80470620864e-05, 2.88756018563e-05, 2.59592652583e-05, 2.34610924963e-05, 1.26579461721e-05, 9.35490243137e-06, 1.09504744614e-05, 8.59953979671e-06, 8.00440284365e-06, 5.68776704313e-06, 3.62335208592e-06, 4.14337364418e-06, 4.57285113953e-06, 5.09883739142e-06, 5.12850829182e-06, 4.25638745583e-06, 4.19852494815e-06, 3.72715362573e-06, 3.98721431338e-06, 4.52219592262e-06, 4.88738805871e-06, 5.00751912114e-06, 4.47638922196e-06, 3.88517173633e-06, 3.59731848221e-06, 4.55033568869e-06, 4.27742952525e-06, 3.33656407747e-06, 2.68571329798e-06, 2.816278311e-06, 2.41680027102e-06, 2.45555224865e-06, 2.02586693376e-06, 1.76918297257e-06, 1.74715194134e-06, 1.28339320327e-06, 1.05035690012e-06, 9.56825033427e-07, 8.85655708771e-07, 7.5785504805e-07, 7.68632844483e-07, 7.11925679298e-07, 5.90519618981e-07, 3.97636767957e-07, 4.21738633349e-07, 2.84666811012e-07, 3.19318985476e-07, 1.72033935542e-07, 1.31711615836e-07, 7.00141313814e-08, 5.90556297198e-08, 3.20218980221e-08, 7.90550735985e-09, 7.12607417519e-10, 9.45431399835e-10, 1.01087771487e-09, 7.00805247167e-10, 4.78472539367e-10, 1.92502389029e-10, 1.62297172229e-11, 1.0839837708e-11, 1.0642281327e-11, 1.05090146654e-11, 1.04422130665e-11],
        "min": [3.56695367687e-11, 1.38091621471e-11, 1.29630930556e-12, 1.59721614732e-13, 7.60851071816e-14, 6.09772445753e-14, 3.48529053383e-14, 1.29810899307e-14, 1.72699480855e-14, 3.86412025966e-14, 2.34485096406e-14, 3.18840946687e-15, 3.57153475089e-15, 4.71055139001e-15, 1.3390637137e-14, 1.97675111279e-14, 3.67021103993e-14, 3.72676133118e-14, 1.54229808856e-14, 3.55536455311e-14, 3.31507553613e-14, 1.46142558504e-14, 4.29762697868e-14, 5.17533031133e-14, 1.92190827055e-14, 4.10885924894e-14, 1.95789700641e-14, 5.3530876292e-14, 2.40226777002e-14, 7.49666594671e-15, 3.27301459047e-14, 5.14717053159e-14, 6.00251795426e-14, 2.13276899125e-14, 1.22568682905e-14, 1.36414054762e-14, 3.09588577105e-14, 8.3402882311e-14, 2.68558351962e-14, 3.11170665244e-14, 1.35793557388e-13, 8.04516365636e-14, 1.09535210763e-13, 4.05750567422e-14, 7.56328729029e-14, 8.39546124677e-14, 4.33532909279e-14, 2.28376362553e-14, 1.46749203501e-14, 5.81223505197e-14, 1.2913827722e-13, 6.7940763421e-14, 5.67139109113e-14, 1.28579221922e-13, 1.68303061375e-13, 1.73896460383e-13, 3.67796884528e-14, 3.27210419946e-14, 2.65582843803e-14, 3.01864314252e-14, 3.28819985834e-14, 3.6248138009e-14, 4.0121728097e-14, 7.16293750659e-15, 1.33397058929e-14, 3.99665381085e-14, 2.63338409781e-14, 9.14720298746e-14, 4.34729732952e-14, 2.41190378623e-14, 3.25500260426e-14, 2.34041386667e-14, 4.9486785248e-14, 1.63083725669e-13, 1.10902396479e-13, 2.33604978352e-14, 2.35126706923e-14, 6.90342355221e-14, 4.34142705238e-14, 7.16433070638e-14, 1.22890047205e-13, 6.41799235827e-14, 1.61361284171e-14, 2.40558542866e-14, 5.61875917429e-14, 1.35114711303e-13, 8.10613173265e-14, 6.57254063457e-14, 1.75623648653e-13, 1.44630658903e-13, 8.78389226047e-14, 8.12689217138e-14, 4.18766245096e-14, 4.2043096977e-14, 5.87307099112e-14, 8.19666396931e-14, 6.15548329539e-14, 9.5310512141e-14, 7.34468502727e-14, 1.05192344093e-13, 6.56434135564e-14, 1.10948102376e-13, 1.02946432845e-13, 6.96809959993e-14, 6.97112384636e-14, 5.30801836133e-14, 3.01953862576e-14, 7.09142149841e-14, 7.34444379228e-14, 7.17149186173e-14, 8.02746337827e-14, 1.18274354611e-13, 4.59866655389e-14, 1.89957268936e-14, 2.45487681696e-14, 8.08162198729e-14, 7.53051456913e-14, 5.88982259232e-14, 8.29312340371e-14, 7.74584050871e-14, 4.67797729806e-14, 1.59446261261e-14, 4.55639147831e-14, 6.05306617004e-14, 5.96267013628e-14, 2.242621033e-14, 2.4396465293e-15, 8.74243615987e-17],
        "stdev": [0.000343478721334, 0.000976622337475, 0.00170314009301, 0.00159382692073, 0.00123397517018, 0.00112181459554, 0.000647580658551, 0.000455974193756, 0.000396346265916, 0.000661971396767, 0.00122163502965, 0.0014792982256, 0.00118510716129, 0.000780089350883, 0.00045885896543, 0.000418045558035, 0.000457791582448, 0.000485169090098, 0.000407090556109, 0.000599727733061, 0.000779284106102, 0.0010745668551, 0.000799075700343, 0.00103448005393, 0.000638502242509, 0.000754161330406, 0.00106702675112, 0.000601776933763, 0.000486693199491, 0.000517658249009, 0.000560922140721, 0.000550694181584, 0.000510248763021, 0.000442990887677, 0.000609873502981, 0.00030183250783, 0.000159358169185, 0.000242223773967, 0.000267975323368, 0.000212096696487, 0.000328474008711, 0.000582331675105, 0.000210140045965, 0.000105556187918, 7.17393122613e-05, 6.45071777399e-05, 0.000146362377563, 0.000170439263457, 0.000176054149051, 0.000142225675518, 0.000199131274712, 0.000175890148967, 0.000165556120919, 0.00012806954328, 0.00010342556925, 7.94313091319e-05, 9.74211652647e-05, 6.1615537561e-05, 3.65733249055e-05, 6.34045936749e-05, 0.000105075945612, 5.25586619915e-05, 4.23924502684e-05, 0.000102626741864, 0.000147004247992, 6.93227048032e-05, 5.22990521858e-05, 3.65638952644e-05, 2.09428581002e-05, 1.6394402337e-05, 1.87982914213e-05, 1.60508716363e-05, 1.38353243528e-05, 7.31135651222e-06, 4.86198632643e-06, 6.78224796502e-06, 6.64110439175e-06, 6.38306300971e-06, 7.89709429228e-06, 7.29325347493e-06, 7.40115001463e-06, 6.43275370749e-06, 6.09274229646e-06, 8.50456308399e-06, 7.09410414856e-06, 7.48599995859e-06, 6.60198065816e-06, 6.00467683398e-06, 6.6038710429e-06, 1.17529325507e-05, 7.58080113883e-06, 6.15222870692e-06, 4.71615658171e-06, 4.08022287957e-06, 3.60771468877e-06, 3.50093364432e-06, 2.96841199088e-06, 2.88316778096e-06, 3.23920426126e-06, 2.94718097393e-06, 2.1849591576e-06, 1.96599307856e-06, 1.62213984822e-06, 1.49287461682e-06, 1.38351913392e-06, 1.27015516682e-06, 1.26261329569e-06, 8.2028509496e-07, 9.33354556309e-07, 7.0812126296e-07, 7.60246905429e-07, 3.45786759226e-07, 5.27127781424e-07, 2.82724101908e-07, 3.09999649062e-07, 2.2739838812e-07, 6.76088873774e-08, 6.59568799577e-09, 7.98363952725e-09, 9.99869698148e-09, 6.60722987433e-09, 4.59436755307e-09, 2.04775352231e-09, 3.38064104488e-10, 3.06142250439e-10, 3.02491004467e-10, 2.9970168014e-10, 2.97942476246e-10]
    },
    "mfcc": {
        "mean": [-602.028076172, 99.0514907837, -7.44035053253, 14.7279281616, -2.43833613396, -3.51953029633, -0.25053024292, 12.6737384796, -4.21945381165, 6.47742080688, 0.77356916666, -3.56674170494, -4.25664234161],
        "cov": [[2026.19042969, -283.968444824, 50.0963478088, 107.51739502, 169.587860107, 24.6545200348, -8.64550209045, 3.16629385948, -116.49143219, 11.8706016541, -52.8623962402, -24.7832641602, -68.9652709961], [-283.968444824, 614.476074219, 54.0233802795, 84.4767913818, 8.96290874481, -46.7625541687, 33.3590545654, 69.6287231445, -30.1987285614, 24.6615562439, 46.9499015808, 21.4505138397, 59.0753097534], [50.0963478088, 54.0233802795, 764.469543457, 301.231262207, 72.2436676025, 98.8093948364, -28.0031661987, -95.9901275635, -8.31466007233, -24.790512085, -3.29768395424, 74.7022323608, 78.164932251], [107.51739502, 84.4767913818, 301.231262207, 275.141265869, 129.034545898, 30.6070671082, -20.9359073639, -11.2498607635, -31.4810676575, 23.7420005798, -10.7272586823, 26.0359191895, 37.6887931824], [169.587860107, 8.96290874481, 72.2436676025, 129.034545898, 243.721176147, 28.3698158264, -21.4754295349, 11.0691165924, -5.3565955162, 36.9692878723, -27.8320083618, 18.3264865875, 16.8197841644], [24.6545200348, -46.7625541687, 98.8093948364, 30.6070671082, 28.3698158264, 152.542755127, 43.3084831238, -14.2385110855, 21.3754119873, -1.57900559902, 7.78047180176, 27.1000881195, 4.40928077698], [-8.64550209045, 33.3590545654, -28.0031661987, -20.9359073639, -21.4754295349, 43.3084831238, 146.262786865, 69.5730361938, -19.9163265228, -3.75204277039, 27.2795391083, 8.27809906006, -4.48677253723], [3.16629385948, 69.6287231445, -95.9901275635, -11.2498607635, 11.0691165924, -14.2385110855, 69.5730361938, 128.840164185, -15.2920446396, 23.5858783722, 16.3963031769, -8.37647247314, -15.5918302536], [-116.49143219, -30.1987285614, -8.31466007233, -31.4810676575, -5.3565955162, 21.3754119873, -19.9163265228, -15.2920446396, 176.929504395, 37.7341079712, 11.4543380737, 24.4521446228, 51.4098205566], [11.8706016541, 24.6615562439, -24.790512085, 23.7420005798, 36.9692878723, -1.57900559902, -3.75204277039, 23.5858783722, 37.7341079712, 98.9997634888, 28.2979030609, 9.4211139679, 11.8052778244], [-52.8623962402, 46.9499015808, -3.29768395424, -10.7272586823, -27.8320083618, 7.78047180176, 27.2795391083, 16.3963031769, 11.4543380737, 28.2979030609, 85.5552825928, 25.1001167297, 5.74966573715], [-24.7832641602, 21.4505138397, 74.7022323608, 26.0359191895, 18.3264865875, 27.1000881195, 8.27809906006, -8.37647247314, 24.4521446228, 9.4211139679, 25.1001167297, 79.5778884888, 44.2156295776], [-68.9652709961, 59.0753097534, 78.164932251, 37.6887931824, 16.8197841644, 4.40928077698, -4.48677253723, -15.5918302536, 51.4098205566, 11.8052778244, 5.74966573715, 44.2156295776, 112.979675293]],
        "icov": [[0.000603631080594, 0.000324799504597, -5.08882567374e-06, -0.000140089774504, -0.000324933818774, 3.25706678268e-05, -5.10107820446e-05, -6.3665502239e-05, 0.000400505639846, -0.000178821705049, 8.80594161572e-05, 2.38187894865e-05, 0.000107818865217], [0.000324799504597, 0.00229681027122, 6.35492415313e-06, -0.000788140576333, 4.8823942052e-05, 0.000642980390694, -3.25403931356e-07, -0.00117558531929, 0.000696722941939, 1.97177050723e-05, -0.00105036247987, 0.000209717531106, -0.00128651084378], [-5.08882567374e-06, 6.35492415313e-06, 0.00325984577648, -0.0038356911391, 0.00101691379678, -0.00104765500873, -0.00012379110558, 0.00158810964786, -0.000212978789932, 0.00125884602312, -0.000175715380465, -0.00131831096951, -0.000388209242374], [-0.000140089774504, -0.000788140576333, -0.0038356911391, 0.0103741660714, -0.0036108631175, -4.55012595921e-05, 0.000987365259789, -0.00119892065413, 0.00202317070216, -0.00245097186416, 0.000520343484823, 0.00117460486945, -0.00121798727196], [-0.000324933818774, 4.8823942052e-05, 0.00101691379678, -0.0036108631175, 0.00700394436717, -0.00145246041939, 0.00120158016216, -0.00112206721678, 0.000120572047308, -0.0018201546045, 0.00274797296152, -0.00189307203982, -7.96910244389e-05], [3.25706678268e-05, 0.000642980390694, -0.00104765500873, -4.55012595921e-05, -0.00145246041939, 0.00983164366335, -0.00472083501518, 0.00250622280873, -0.00181174278259, 0.000173914973857, -9.24530468183e-05, -0.00196696748026, 0.00199533393607], [-5.10107820446e-05, -3.25403931356e-07, -0.00012379110558, 0.000987365259789, 0.00120158016216, -0.00472083501518, 0.0128053156659, -0.00753983156756, 0.00181859277654, 0.00169237842783, -0.00239056814462, -0.000110981265607, -0.0016406114446], [-6.3665502239e-05, -0.00117558531929, 0.00158810964786, -0.00119892065413, -0.00112206721678, 0.00250622280873, -0.00753983156756, 0.0145515827462, -0.000405761587899, -0.00247614178807, 0.000236926687649, 0.000132042681798, 0.00203468813561], [0.000400505639846, 0.000696722941939, -0.000212978789932, 0.00202317070216, 0.000120572047308, -0.00181174278259, 0.00181859277654, -0.000405761587899, 0.00874476134777, -0.00353292329237, 0.000143587618368, -0.00019237579545, -0.00412044953555], [-0.000178821705049, 1.97177050723e-05, 0.00125884602312, -0.00245097186416, -0.0018201546045, 0.000173914973857, 0.00169237842783, -0.00247614178807, -0.00353292329237, 0.0153251579031, -0.00583729613572, 0.000674775626976, -0.000143841665704], [8.80594161572e-05, -0.00105036247987, -0.000175715380465, 0.000520343484823, 0.00274797296152, -9.24530468183e-05, -0.00239056814462, 0.000236926687649, 0.000143587618368, -0.00583729613572, 0.0175521634519, -0.00608815718442, 0.0021172342822], [2.38187894865e-05, 0.000209717531106, -0.00131831096951, 0.00117460486945, -0.00189307203982, -0.00196696748026, -0.000110981265607, 0.000132042681798, -0.00019237579545, 0.000674775626976, -0.00608815718442, 0.0201603304595, -0.00676553649828], [0.000107818865217, -0.00128651084378, -0.000388209242374, -0.00121798727196, -7.96910244389e-05, 0.00199533393607, -0.0016406114446, 0.00203468813561, -0.00412044953555, -0.000143841665704, 0.0021172342822, -0.00676553649828, 0.0148441763595]]
    },
    "spectral_contrast_coeffs": {
        "max": [-0.477168381214, -0.536099076271, -0.481726080179, -0.546982705593, -0.587278187275, -0.593121409416],
        "mean": [-0.722417116165, -0.744420945644, -0.722543954849, -0.769003331661, -0.754987597466, -0.751983821392],
        "min": [-0.948407411575, -0.934833526611, -0.955249547958, -0.94284760952, -0.945546686649, -0.918052077293],
        "stdev": [0.073691777885, 0.0658206045628, 0.0733612924814, 0.0612243227661, 0.057295486331, 0.0289014298469]
    },
    "spectral_contrast_valleys": {
        "max": [-5.31172370911, -5.08541107178, -5.69169330597, -6.06328630447, -5.98675251007, -7.89424991608],
        "mean": [-6.7209982872, -6.53146266937, -7.11066579819, -7.35326337814, -7.19359970093, -9.76010227203],
        "min": [-18.3325462341, -17.6118545532, -17.0490016937, -16.4359912872, -16.3412342072, -17.3673248291],
        "stdev": [0.872987449169, 0.596048176289, 0.589871644974, 0.553618788719, 0.533947885036, 0.777493000031]
    }
},
"rhythm": {
    "beats_count": 77,
    "beats_loudness": {
        "max": 0.0533964037895,
        "mean": 0.0277635343373,
        "min": 0.00881119910628,
        "stdev": 0.0102225346491
    },
    "bpm": 136.4425354,
    "bpm_histogram_first_peak_bpm": 136,
    "bpm_histogram_first_peak_weight": 0.386363685131,
    "bpm_histogram_second_peak_bpm": 112,
    "bpm_histogram_second_peak_spread": 0.33333337307,
    "bpm_histogram_second_peak_weight": 0.210526317358,
    "danceability": 1.07158100605,
    "onset_rate": 2.6043305397,
    "beats_loudness_band_ratio": {
        "max": [0.793524861336, 0.644379675388, 0.625324249268, 0.730871975422, 0.581167757511, 0.424956142902],
        "mean": [0.250706762075, 0.127955287695, 0.230922698975, 0.200716763735, 0.117959998548, 0.0910534635186],
        "min": [0.00104581192136, 0.00337684433907, 0.0225326251239, 0.0127157587558, 0.00556920282543, 0.00649697612971],
        "stdev": [0.187688663602, 0.12847147882, 0.145239800215, 0.182297721505, 0.113276056945, 0.0718907043338]
    },
