{
"metadata": {
    "version": {
        "essentia": "2.1-beta5",
        "essentia_git_sha": "Undefined",
        "extractor": "music 2.0"
    },
    "audio_properties": {
        "analysis": {
            "equal_loudness": 0,
            "length": 32.4963264465,
            "sample_rate": 44100,
            "start_time": 12.7477550507,
            "downmix": "mix"
        },
        "bit_rate": 192000,
        "length": 188.929168701,
        "lossless": 0,
        "number_channels": 2,
        "replay_gain": -7.71883392334,
        "sample_rate": 48000,
        "codec": "mp3",
        "md5_encoded": "451df0890394db70d4c694e363b4ffbc"
    },
    "tags": {
        "file_name": "Iceland_Valentine Lost_Eiríkur Hauksson.mp3",
        "encoding": ["Lavf58.29.100"]
    }
},
"lowlevel": {
    "average_loudness": 0.917489349842,
    "barkbands_crest": {
        "max": 24.6382675171,
        "mean": 9.89716339111,
        "min": 2.52631950378,
        "stdev": 4.36439180374
    },
    "barkbands_flatness_db": {
        "max": 0.302016466856,
        "mean": 0.109296426177,
        "min": 0.0164136979729,
        "stdev": 0.0508062541485
    },
    "barkbands_kurtosis": {
        "max": 76.9667129517,
        "mean": 5.04367399216,
        "min": -1.88327538967,
        "stdev": 10.4040145874
    },
    "barkbands_skewness": {
        "max": 8.10768985748,
        "mean": 1.63699316978,
        "min": -1.29228305817,
        "stdev": 1.40978336334
    },
    "barkbands_spread": {
        "max": 100.40436554,
        "mean": 30.8928604126,
        "min": 1.99868309498,
        "stdev": 18.8051319122
    },
    "dissonance": {
        "max": 0.499999910593,
        "mean": 0.468275308609,
        "min": 0.257156729698,
        "stdev": 0.0262040123343
    },
    "dynamic_complexity": 2.78349351883,
    "erbbands_crest": {
        "max": 27.3674106598,
        "mean": 8.37419605255,
        "min": 2.45515799522,
        "stdev": 4.1656126976
    },
    "erbbands_flatness_db": {
        "max": 0.205905482173,
        "mean": 0.123480722308,
        "min": 0.0557434782386,
        "stdev": 0.0273199230433
    },
    "erbbands_kurtosis": {
        "max": 12.2105560303,
        "mean": 0.152320384979,
        "min": -1.7505698204,
        "stdev": 1.73106408119
    },
    "erbbands_skewness": {
        "max": 2.90451860428,
        "mean": 0.237992167473,
        "min": -2.69677591324,
        "stdev": 0.846726775169
    },
    "erbbands_spread": {
        "max": 109.148597717,
        "mean": 47.8429412842,
        "min": 9.83525371552,
        "stdev": 17.3589000702
    },
    "hfc": {
        "max": 133.842666626,
        "mean": 27.6256828308,
        "min": 0.680692076683,
        "stdev": 22.3925552368
    },
    "loudness_ebu128": {
        "integrated": -15.3013038635,
        "loudness_range": 6.43802261353,
        "momentary": {
            "max": -11.5794830322,
            "mean": -16.1339626312,
            "min": -26.1844539642,
            "stdev": 2.93506169319
        },
        "short_term": {
            "max": -12.5314254761,
            "mean": -15.8594560623,
            "min": -20.1192188263,
            "stdev": 2.21998858452
        }
    },
    "melbands_crest": {
        "max": 26.8151779175,
        "mean": 13.7498512268,
        "min": 4.21418046951,
        "stdev": 4.18227577209
    },
    "melbands_flatness_db": {
        "max": 0.398361206055,
        "mean": 0.173742517829,
        "min": 0.0409823767841,
        "stdev": 0.066964097321
    },
    "melbands_kurtosis": {
        "max": 173.910385132,
        "mean": 16.9548530579,
        "min": -1.62489175797,
        "stdev": 22.9225120544
    },
    "melbands_skewness": {
        "max": 11.438785553,
        "mean": 2.9844083786,
        "min": -0.00500431237742,
        "stdev": 1.74354100227
    },
    "melbands_spread": {
        "max": 150.098251343,
        "mean": 30.2196331024,
        "min": 1.3830486536,
        "stdev": 23.2798652649
    },
    "pitch_salience": {
        "max": 0.790592074394,
        "mean": 0.532253205776,
        "min": 0.129409238696,
        "stdev": 0.110889837146
    },
    "silence_rate_20dB": {
        "max": 1,
        "mean": 1,
        "min": 1,
        "stdev": 0
    },
    "silence_rate_30dB": {
        "max": 1,
        "mean": 1,
        "min": 1,
        "stdev": 0
    },
    "silence_rate_60dB": {
        "max": 1,
        "mean": 0.0342612415552,
        "min": 0,
        "stdev": 0.181901976466
    },
    "spectral_centroid": {
        "max": 4252.27294922,
        "mean": 1660.01855469,
        "min": 272.313323975,
        "stdev": 832.614135742
    },
    "spectral_complexity": {
        "max": 58,
        "mean": 22.0756607056,
        "min": 1,
        "stdev": 12.1914396286
    },
    "spectral_decrease": {
        "max": -2.00997163358e-10,
        "mean": -6.44572661912e-09,
        "min": -2.79887100163e-08,
        "stdev": 3.6994709518e-09
    },
    "spectral_energy": {
        "max": 0.114441327751,
        "mean": 0.0268334001303,
        "min": 0.000854200450704,
        "stdev": 0.0152789838612
    },
    "spectral_energyband_high": {
        "max": 0.0157894007862,
        "mean": 0.00193755456712,
        "min": 7.09590676706e-06,
        "stdev": 0.00204539019614
    },
    "spectral_energyband_low": {
        "max": 0.0878882706165,
        "mean": 0.00971573684365,
        "min": 0.000151832311531,
        "stdev": 0.00885896664113
    },
    "spectral_energyband_middle_high": {
        "max": 0.0368746779859,
        "mean": 0.00582503713667,
        "min": 9.86532468232e-05,
        "stdev": 0.0070518613793
    },
    "spectral_energyband_middle_low": {
        "max": 0.0614105984569,
        "mean": 0.0110443187878,
        "min": 0.000262511486653,
        "stdev": 0.00803734455258
    },
    "spectral_entropy": {
        "max": 8.72360229492,
        "mean": 7.81331968307,
        "min": 6.49217557907,
        "stdev": 0.359674066305
    },
    "spectral_flux": {
        "max": 0.274410158396,
        "mean": 0.0779294371605,
        "min": 0.0105388397351,
        "stdev": 0.0402288585901
    },
    "spectral_kurtosis": {
        "max": 11.3318319321,
        "mean": 2.75256705284,
        "min": -0.591504573822,
        "stdev": 1.52764499187
    },
    "spectral_rms": {
        "max": 0.0105664599687,
        "mean": 0.00487741362303,
        "min": 0.000912888965104,
        "stdev": 0.00154587766156
    },
    "spectral_rolloff": {
        "max": 9496.14257812,
        "mean": 1932.14807129,
        "min": 86.1328125,
        "stdev": 1719.92480469
    },
    "spectral_skewness": {
        "max": 2.54570865631,
        "mean": 1.26595985889,
        "min": 0.233503699303,
        "stdev": 0.369816750288
    },
    "spectral_spread": {
        "max": 25821340,
        "mean": 5388841.5,
        "min": 2892245.25,
        "stdev": 1227248.5
    },
    "spectral_strongpeak": {
        "max": 12.3668251038,
        "mean": 0.910242676735,
        "min": 0,
        "stdev": 1.22348129749
    },
    "zerocrossingrate": {
        "max": 0.24755859375,
        "mean": 0.0764262974262,
        "min": 0.00439453125,
        "stdev": 0.0414771474898
    },
    "barkbands": {
        "max": [0.00234607397579, 0.0645160228014, 0.031817022711, 0.0298041701317, 0.0368515178561, 0.0194256510586, 0.0304104574025, 0.0228522978723, 0.0377357341349, 0.0388453193009, 0.0222237352282, 0.0118150804192, 0.00814843457192, 0.0117444470525, 0.0082617374137, 0.00942315720022, 0.00778014631942, 0.0107963103801, 0.0127171007916, 0.00561667000875, 0.00437435880303, 0.00532101327553, 0.00389839685522, 0.00564552983269, 0.0021056374535, 0.00051793421153, 0.000141764234286],
        "mean": [5.57232124265e-05, 0.00626045186073, 0.00228426209651, 0.00206159777008, 0.00263260607608, 0.00120614853222, 0.00178711349145, 0.000986010301858, 0.00137826474383, 0.00149623584002, 0.000631652539596, 0.000598239072133, 0.000324899738189, 0.000602269428782, 0.000398700969527, 0.000519474095199, 0.000449184997706, 0.000448729639174, 0.000580232997891, 0.000540760345757, 0.000472143932711, 0.000423635938205, 0.00026734705898, 0.000224325107411, 0.000145568628795, 4.64051445306e-05, 1.14132280942e-05],
        "min": [2.54251961707e-08, 8.45866452437e-06, 4.40128678747e-06, 3.59293153451e-06, 1.99551832338e-05, 1.13004571176e-05, 3.32186073138e-06, 2.40292820308e-06, 8.7307580543e-06, 3.32540707859e-06, 1.30326452563e-06, 3.3061708109e-06, 2.07146899811e-06, 1.69495581304e-06, 3.36086009156e-06, 3.75214494852e-06, 2.16293938138e-06, 3.91010053136e-06, 2.88937212645e-06, 2.36729260905e-06, 1.16560931929e-06, 7.8209569665e-07, 4.19629344606e-07, 3.76249346346e-07, 1.77869338813e-07, 6.917630202e-08, 1.90741133999e-09],
        "stdev": [0.000169032908161, 0.00713636865839, 0.00273965648375, 0.00277667026967, 0.00362241617404, 0.0020264966879, 0.00314328167588, 0.00242486642674, 0.00317909498699, 0.00399163458496, 0.00179939717054, 0.00134204421192, 0.000691148743499, 0.00146314501762, 0.000709806918167, 0.000857791397721, 0.000635568518192, 0.000919050653465, 0.00108021614142, 0.000700245087501, 0.000511774793267, 0.000514804210979, 0.000425594829721, 0.000346258078935, 0.00020129076438, 5.37721607543e-05, 1.90362952708e-05]
    },
    "erbbands": {
        "max": [1.29820585251, 16.9531574249, 33.2597084045, 87.9680480957, 106.207168579, 132.545852661, 274.470214844, 192.75402832, 297.911712646, 452.94821167, 611.486633301, 913.450012207, 1436.79418945, 968.265136719, 1206.45495605, 606.75958252, 412.906890869, 645.770751953, 325.988739014, 525.274902344, 405.065460205, 207.342132568, 404.220458984, 916.102416992, 152.620498657, 328.002990723, 121.912574768, 239.539871216, 155.853866577, 165.831512451, 147.9375, 91.2279434204, 117.054885864, 31.918844223, 11.3742513657, 4.55992364883, 0.719373643398, 0.184497579932, 0.0327951200306, 0.000965515268035],
        "mean": [0.109655700624, 1.61995112896, 3.00253510475, 5.31341505051, 8.67981910706, 8.2550868988, 7.47558927536, 10.9526910782, 21.1519870758, 25.5193004608, 21.7489585876, 31.6609764099, 60.8079147339, 24.9736537933, 26.384967804, 25.934595108, 16.3246154785, 30.1768913269, 21.9197826385, 25.0174846649, 30.1254463196, 22.7065734863, 20.9865550995, 41.1238021851, 18.5165863037, 27.0256462097, 16.1441478729, 23.8514709473, 14.2662467957, 10.1360187531, 7.95746040344, 4.95236301422, 3.66962146759, 1.98285472393, 0.849439740181, 0.276288628578, 0.0693739801645, 0.018247185275, 0.00213903514668, 7.4560775829e-05],
        "min": [0.00055929843802, 0.00843969732523, 0.0117605719715, 0.0245049186051, 0.0570510439575, 0.0870544537902, 0.0861527919769, 0.0866607427597, 0.0727350711823, 0.0911135599017, 0.117801584303, 0.255963772535, 0.15917403996, 0.139211937785, 0.125024735928, 0.129471078515, 0.129982277751, 0.136734202504, 0.222808271646, 0.214666202664, 0.285048276186, 0.159361258149, 0.173554316163, 0.30989664793, 0.223055958748, 0.133609935641, 0.0585267469287, 0.0434720776975, 0.0257692784071, 0.0196471083909, 0.011188833043, 0.00870420131832, 0.00496905576438, 0.00230132718571, 0.000894825381692, 0.000288498296868, 0.00011273821292, 1.78295231308e-05, 1.81088375939e-06, 2.05350215765e-06],
        "stdev": [0.155188381672, 1.81504142284, 3.05438613892, 6.69878864288, 12.9207849503, 12.2806520462, 14.2423505783, 19.7676048279, 33.5968818665, 48.1712112427, 54.5288848877, 64.9903335571, 158.24899292, 57.3710784912, 82.8078994751, 57.5464515686, 30.9533939362, 65.9455032349, 36.5426368713, 46.2313652039, 40.7252235413, 26.8785533905, 32.6801757812, 91.258682251, 20.7587890625, 37.2428741455, 17.6978778839, 26.887172699, 16.8173675537, 15.2748842239, 12.8699741364, 8.09989070892, 5.62210941315, 2.90466451645, 1.14333438873, 0.347983628511, 0.0787843763828, 0.0243358220905, 0.00363415898755, 7.75440348662e-05]
    },
    "gfcc": {
        "mean": [30.4452877045, 68.9406814575, -101.041053772, 42.0956687927, -59.7432632446, 15.5032148361, -33.1721801758, 13.1500310898, -22.0543708801, 3.65584421158, -20.0590705872, -1.15291261673, -12.5695056915],
        "cov": [[3861.51855469, -1328.3425293, -478.878356934, -72.1954116821, 3.34959745407, 220.915939331, 212.569915771, 137.400695801, 74.1925735474, 188.634460449, -118.690666199, 144.312438965, -72.8825759888], [-1328.3425293, 963.304260254, 116.260246277, -103.741485596, 106.500556946, -112.565109253, -16.3994007111, -40.6131057739, 3.26626253128, -74.3470001221, 104.399589539, -46.5090789795, 18.2970523834], [-478.878356934, 116.260246277, 434.576477051, 36.6785964966, -70.7277603149, -16.3610496521, -95.4189758301, -51.1636161804, -34.8139343262, -28.4748630524, 4.57346868515, -2.43994736671, -6.11217308044], [-72.1954116821, -103.741485596, 36.6785964966, 275.954925537, -15.3467159271, -10.1657438278, -28.3517208099, -11.865852356, 9.86193561554, 19.1531829834, 35.5810775757, 5.25687551498, 26.5133419037], [3.34959745407, 106.500556946, -70.7277603149, -15.3467159271, 208.703430176, 17.5903663635, 50.0933532715, 30.6404724121, 23.1348114014, 4.71304988861, 32.0289382935, 8.89968585968, 22.0807037354], [220.915939331, -112.565109253, -16.3610496521, -10.1657438278, 17.5903663635, 188.95463562, 102.304084778, 37.3948402405, -19.1916790009, 8.58536911011, 19.0546703339, 7.63417959213, 3.99691534042], [212.569915771, -16.3994007111, -95.4189758301, -28.3517208099, 50.0933532715, 102.304084778, 188.556121826, 56.1625175476, 9.17303276062, 15.8313837051, 30.0866184235, 14.0248260498, 10.4571418762], [137.400695801, -40.6131057739, -51.1636161804, -11.865852356, 30.6404724121, 37.3948402405, 56.1625175476, 89.65625, 38.704750061, 16.7855129242, 16.1447105408, 7.19185113907, 3.46766853333], [74.1925735474, 3.26626253128, -34.8139343262, 9.86193561554, 23.1348114014, -19.1916790009, 9.17303276062, 38.704750061, 96.5229110718, 31.7386379242, 7.92049646378, 1.90120434761, 6.92778682709], [188.634460449, -74.3470001221, -28.4748630524, 19.1531829834, 4.71304988861, 8.58536911011, 15.8313837051, 16.7855129242, 31.7386379242, 81.2776641846, 33.0207710266, 11.7417173386, -5.85209321976], [-118.690666199, 104.399589539, 4.57346868515, 35.5810775757, 32.0289382935, 19.0546703339, 30.0866184235, 16.1447105408, 7.92049646378, 33.0207710266, 120.262062073, 22.5645484924, -1.40346324444], [144.312438965, -46.5090789795, -2.43994736671, 5.25687551498, 8.89968585968, 7.63417959213, 14.0248260498, 7.19185113907, 1.90120434761, 11.7417173386, 22.5645484924, 64.2661743164, 7.85881280899], [-72.8825759888, 18.2970523834, -6.11217308044, 26.5133419037, 22.0807037354, 3.99691534042, 10.4571418762, 3.46766853333, 6.92778682709, -5.85209321976, -1.40346324444, 7.85881280899, 63.4847488403]],
        "icov": [[0.000735730980523, 0.000873783486895, 0.000360826525139, 0.000371347734472, -0.000272913981462, -0.000101454592368, -0.000392709713196, 0.000149751329445, -0.000340741040418, -0.000627488654573, 0.000407033890951, -0.00102703482844, 0.00074575439794], [0.000873783486895, 0.00337719358504, -0.000263395428192, 0.00176381180063, -0.00120725750457, 0.0015894320095, -0.00122493854724, 0.00146274350118, -0.00133495032787, 0.00198089540936, -0.00308304768987, 0.0011914789211, -0.000177872090717], [0.000360826525139, -0.000263395428192, 0.00326854921877, -0.000349411944626, 0.000803468283266, -0.00127262040041, 0.00153620063793, 0.000398692005547, 0.000189397338545, -0.000138511313708, 0.000406843901146, -0.00138758937828, 0.000623946194537], [0.000371347734472, 0.00176381180063, -0.000349411944626, 0.0051671997644, -0.000116639166663, 0.000725383870304, 0.000163052143762, 0.00133423449006, -0.00110718701035, 0.00045856856741, -0.00328104919754, 0.00114991224837, -0.00243029347621], [-0.000272913981462, -0.00120725750457, 0.000803468283266, -0.000116639166663, 0.00627604359761, -0.000517598586157, -0.000240393201238, -0.00108793203253, -0.000459595466964, 0.000138172792504, -0.000543371832464, -0.000457038899185, -0.00178311287891], [-0.000101454592368, 0.0015894320095, -0.00127262040041, 0.000725383870304, -0.000517598586157, 0.00965481158346, -0.0048387479037, -0.00153383717407, 0.00252647302113, 0.000971156405285, -0.00247380090877, 0.00216840137728, -0.00105634424835], [-0.000392709713196, -0.00122493854724, 0.00153620063793, 0.000163052143762, -0.000240393201238, -0.0048387479037, 0.0103755034506, -0.00345162209123, 0.000688837200869, -0.000526341318619, -0.00049004756147, -0.000837268831674, -0.00118112645578], [0.000149751329445, 0.00146274350118, 0.000398692005547, 0.00133423449006, -0.00108793203253, -0.00153383717407, -0.00345162209123, 0.0186050701886, -0.00777795212343, 0.00197100825608, -0.00274359527975, 0.000444442150183, 0.000173557171365], [-0.000340741040418, -0.00133495032787, 0.000189397338545, -0.00110718701035, -0.000459595466964, 0.00252647302113, 0.000688837200869, -0.00777795212343, 0.0165560543537, -0.00645958120003, 0.0023156509269, 0.000456007954199, -0.00162101967726], [-0.000627488654573, 0.00198089540936, -0.000138511313708, 0.00045856856741, 0.000138172792504, 0.000971156405285, -0.000526341318619, 0.00197100825608, -0.00645958120003, 0.0207070130855, -0.00839236192405, 0.00184398074634, 0.000573593075387], [0.000407033890951, -0.00308304768987, 0.000406843901146, -0.00328104919754, -0.000543371832464, -0.00247380090877, -0.00049004756147, -0.00274359527975, 0.0023156509269, -0.00839236192405, 0.0168778412044, -0.00697365822271, 0.00355070340447], [-0.00102703482844, 0.0011914789211, -0.00138758937828, 0.00114991224837, -0.000457038899185, 0.00216840137728, -0.000837268831674, 0.000444442150183, 0.000456007954199, 0.00184398074634, -0.00697365822271, 0.0211883746088, -0.0046570925042], [0.00074575439794, -0.000177872090717, 0.000623946194537, -0.00243029347621, -0.00178311287891, -0.00105634424835, -0.00118112645578, 0.000173557171365, -0.00162101967726, 0.000573593075387, 0.00355070340447, -0.0046570925042, 0.0194908082485]]
    },
    "melbands": {
        "max": [0.0143679454923, 0.0186481103301, 0.0120815997943, 0.00937472563237, 0.00823368877172, 0.00379446335137, 0.00485172867775, 0.00447258679196, 0.00455726543441, 0.00666665891185, 0.00728089828044, 0.00359943090007, 0.00304027902894, 0.00183611456305, 0.000755582470447, 0.000981095130555, 0.00137544423342, 0.000600576982833, 0.000496086664498, 0.00081309734378, 0.000547653646208, 0.000326860841596, 0.000239735105424, 0.000403608253691, 0.000934374460485, 0.000138021321618, 0.000150222142111, 0.000258499814663, 0.000110197397589, 7.83615178079e-05, 0.00018084605108, 9.49442037381e-05, 0.00010531971202, 7.45402503526e-05, 9.73704372882e-05, 7.29198509362e-05, 5.26887743035e-05, 7.42671909393e-05, 6.21754588792e-05, 2.74895974144e-05],
        "mean": [0.00142982462421, 0.00183904182632, 0.00100640510209, 0.000623115105554, 0.000275090598734, 0.000237584405113, 0.000351560272975, 0.000265215756372, 0.000167526755831, 0.000212979095522, 0.000300481362501, 9.46054424276e-05, 8.12050348031e-05, 7.62287818361e-05, 4.3227133574e-05, 3.57594108209e-05, 6.15110184299e-05, 3.65381347365e-05, 3.04648292513e-05, 3.62408100045e-05, 3.60403792001e-05, 2.5945750167e-05, 1.62596352311e-05, 2.19823286898e-05, 3.64545958291e-05, 1.42973040056e-05, 1.25409251268e-05, 1.9681869162e-05, 1.03066822703e-05, 9.61382738751e-06, 1.59639694175e-05, 8.7112057372e-06, 6.3493585003e-06, 4.84833026348e-06, 4.56164070783e-06, 3.73937609766e-06, 2.93948914987e-06, 2.57194028563e-06, 2.28791009249e-06, 1.52924860686e-06],
        "min": [2.91625201498e-06, 1.04001373984e-05, 6.84924589223e-06, 3.85705880035e-06, 2.48033870776e-06, 2.17809224523e-06, 9.1666828439e-07, 1.15110833576e-06, 5.71910391045e-07, 1.39279552513e-06, 7.08287018369e-07, 5.50868207938e-07, 2.02778011271e-07, 2.78509958207e-07, 1.73206871068e-07, 2.51570469345e-07, 1.56865041845e-07, 2.66640512336e-07, 2.32928826449e-07, 2.66039251073e-07, 2.92941933822e-07, 1.36268013762e-07, 1.11023432225e-07, 1.34154134912e-07, 1.61812309329e-07, 1.34020822884e-07, 8.47584189501e-08, 4.71392667123e-08, 2.93422353081e-08, 2.05705426026e-08, 2.09563193465e-08, 1.05421964491e-08, 1.01232782157e-08, 8.3791844574e-09, 5.8085403154e-09, 4.06731226477e-09, 4.24866408721e-09, 3.03988945127e-09, 2.75711031783e-09, 1.52618395699e-09],
        "stdev": [0.00172151823062, 0.001730884891, 0.00112975249067, 0.000888655951712, 0.000444266246632, 0.000406341132475, 0.0005708305398, 0.000500516151078, 0.000427624414442, 0.000470823899377, 0.000795869971626, 0.00022792184609, 0.000234767969232, 0.000181303577847, 8.79082363099e-05, 8.23337904876e-05, 0.000147942409967, 7.04807898728e-05, 5.25651375938e-05, 6.99433585396e-05, 5.18260785611e-05, 3.35461627401e-05, 2.06546301342e-05, 4.39586692664e-05, 8.55471807881e-05, 1.76613320946e-05, 1.64526682056e-05, 2.84531288344e-05, 1.25570859382e-05, 1.05317667476e-05, 1.86980687431e-05, 1.04215314423e-05, 9.27670953388e-06, 7.86659893492e-06, 7.44038698031e-06, 6.47728802505e-06, 4.87093529955e-06, 3.8413081711e-06, 3.59253112947e-06, 2.38251868723e-06]
    },
    "melbands128": {
        "max": [0.00214307452552, 0.0100398967043, 0.0212935879827, 0.0313831418753, 0.0213202275336, 0.0173007920384, 0.0221411213279, 0.0109691247344, 0.0133128138259, 0.0130633497611, 0.0079739401117, 0.00762284640223, 0.0124315526336, 0.00879103597254, 0.00689574610442, 0.00493878964335, 0.00495538301766, 0.00795252434909, 0.0130675761029, 0.0057673342526, 0.00634877476841, 0.00769517570734, 0.00827759038657, 0.00712190242484, 0.00533662177622, 0.0149129563943, 0.012153537944, 0.0149348471314, 0.00422919727862, 0.00380415585823, 0.00806340202689, 0.00409240229055, 0.0028466747608, 0.00944041740149, 0.00256494595669, 0.00278429989703, 0.00295721646398, 0.00134896056261, 0.000921873375773, 0.00188280362636, 0.00190845236648, 0.00129314966034, 0.0029321925249, 0.00299588707276, 0.00196691579185, 0.000868647941388, 0.000923939573113, 0.00082165573258, 0.00085672782734, 0.00174724345561, 0.00165922858287, 0.000769227161072, 0.000871526892297, 0.00104870519135, 0.000874459045008, 0.000377271411708, 0.000231592581258, 0.000221586189582, 0.000466552330181, 0.000559063511901, 0.000463330245111, 0.000690596061759, 0.00190503778867, 0.00130816118326, 0.000388502317946, 0.000182643692824, 0.000157569724252, 0.000156782160047, 0.000229114550166, 0.000279204919934, 0.000490293314215, 0.000301522668451, 0.000240906258114, 0.000101192206785, 8.6890780949e-05, 6.95465569152e-05, 0.00012541426986, 0.000160683324793, 0.000269602081971, 0.000175830442458, 0.000128910731291, 7.78559551691e-05, 0.000108726359031, 9.8214870377e-05, 0.000204857657081, 0.000138987408718, 0.000113332949695, 6.02989784966e-05, 0.000118936601211, 0.000152402863023, 0.000140785879921, 9.25846979953e-05, 9.67337400652e-05, 5.92125252297e-05, 5.13958511874e-05, 4.96753382322e-05, 5.10578211106e-05, 0.000208665864193, 7.01206736267e-05, 2.41669513343e-05, 2.07654302358e-05, 3.56729688065e-05, 2.55433205893e-05, 1.78274531208e-05, 1.29836180349e-05, 1.61282114277e-05, 1.3539617612e-05, 8.19800879981e-06, 1.04980126707e-05, 4.46182002634e-06, 3.80687515644e-06, 3.58428906111e-06, 2.80539256892e-06, 2.68646726909e-06, 1.75108846179e-06, 2.30992191064e-06, 2.07818834497e-06, 1.9941201117e-06, 1.78091340786e-06, 1.99425016945e-06, 9.00063355402e-07, 6.56583154068e-07, 7.53106291995e-07, 9.21790643815e-09, 6.88183465769e-09, 6.7124159564e-09, 6.60236043615e-09, 6.53941389928e-09],
        "mean": [4.69178121421e-05, 0.00049078091979, 0.00216008187272, 0.00294917542487, 0.00181494990829, 0.00108790735248, 0.00109416374471, 0.000976864015684, 0.000912844901904, 0.00065386632923, 0.000428876577644, 0.000281876011286, 0.000247324962402, 0.000233587619732, 0.000273105630185, 0.000216116663069, 0.000210425569094, 0.00043451046804, 0.000475412700325, 0.000245930219535, 0.000193567568203, 0.000181871277164, 0.000183912838111, 0.000118001233204, 0.000178154266905, 0.000250182900345, 0.000293954799417, 0.000443709664978, 0.000152631662786, 7.88991601439e-05, 9.69813700067e-05, 7.13721237844e-05, 6.184951053e-05, 0.000123841411551, 5.11416365043e-05, 7.88209072198e-05, 8.63853929332e-05, 3.272702088e-05, 2.31172907661e-05, 3.64895458915e-05, 4.32020460721e-05, 2.60560809693e-05, 5.3220846894e-05, 0.000106778767076, 3.14533717756e-05, 2.52185327554e-05, 3.33622119797e-05, 2.8289940019e-05, 2.74678204732e-05, 3.90522654925e-05, 3.80688215955e-05, 3.32966155838e-05, 3.39765429089e-05, 3.91245885112e-05, 3.82344915124e-05, 2.32619222515e-05, 1.70868424902e-05, 1.5680807337e-05, 1.55910202011e-05, 1.87592468137e-05, 1.51057029143e-05, 2.48238848144e-05, 5.56426639378e-05, 3.38346617355e-05, 1.85335356946e-05, 1.50711948663e-05, 1.04162400021e-05, 9.7672591437e-06, 1.19730084407e-05, 1.71341289388e-05, 2.32516558754e-05, 1.9764947865e-05, 1.37502966027e-05, 7.92735772848e-06, 6.68776419843e-06, 8.77469028637e-06, 1.07750429379e-05, 1.34843730848e-05, 1.8971708414e-05, 1.64325592777e-05, 9.57031897997e-06, 5.60175385544e-06, 5.09289338879e-06, 6.45975569569e-06, 7.76858814788e-06, 5.70512702325e-06, 3.56772466148e-06, 3.29987665282e-06, 4.83481971969e-06, 5.2117843552e-06, 5.05586785948e-06, 2.8910801575e-06, 2.33467403632e-06, 2.99705016005e-06, 3.34107562594e-06, 2.82770747617e-06, 1.9863352918e-06, 2.83454733108e-06, 2.68019721261e-06, 1.86471447705e-06, 1.36662310979e-06, 1.6433896235e-06, 1.49626839629e-06, 9.85392716757e-07, 8.955641988e-07, 8.69478640197e-07, 7.10466906639e-07, 6.12749090578e-07, 4.95792846777e-07, 2.65909903874e-07, 2.3857168685e-07, 2.51527239925e-07, 1.97503496224e-07, 1.86358292353e-07, 1.76819625608e-07, 1.47916765059e-07, 1.3694418044e-07, 1.17445608794e-07, 1.20458722108e-07, 9.66848077155e-08, 3.17307602415e-08, 1.02947348424e-08, 4.5727999165e-09, 8.45481046285e-11, 1.4520544489e-11, 1.416480995e-11, 1.39436084207e-11, 1.38306328196e-11],
        "min": [5.94862423209e-11, 8.71034231409e-08, 9.28080112317e-07, 3.7279355638e-06, 8.27406529424e-06, 1.68312749338e-06, 3.66320273315e-06, 1.65224332704e-06, 2.18321974899e-06, 2.15381007251e-07, 2.63898698449e-07, 2.43270932287e-07, 4.58159377104e-07, 9.23219658944e-07, 5.50937045318e-07, 5.96725271862e-07, 5.67505828997e-08, 2.47237153417e-07, 2.08318155615e-07, 5.41137410437e-07, 2.12325829807e-07, 1.37644747156e-07, 3.60005515176e-07, 1.63030563272e-07, 2.33394402471e-07, 7.8436819706e-08, 4.89877152177e-07, 2.10517129062e-07, 1.56581847932e-07, 2.047976011e-07, 2.39660494117e-07, 5.77962957493e-08, 7.07977179104e-08, 7.21523392144e-08, 8.45211829414e-08, 1.45072149849e-07, 7.21307955587e-08, 8.83011779251e-08, 1.11725242391e-07, 4.09700362525e-08, 3.55441933664e-08, 6.69671109677e-08, 8.77421300061e-08, 9.49068805767e-08, 7.14078112196e-08, 6.84300474063e-08, 1.18564287277e-07, 9.14048499112e-08, 7.40986507708e-08, 4.52142323581e-08, 5.04168511384e-08, 1.84700326145e-07, 1.26002277057e-07, 6.94699835435e-08, 4.73872461271e-08, 6.90265835601e-08, 2.52010465829e-08, 1.46731737871e-08, 4.45193855114e-08, 3.43560202509e-08, 4.41869048018e-08, 1.063272137e-07, 6.21823303959e-08, 2.95067117406e-08, 4.67979752727e-08, 8.78338042298e-08, 4.03106845681e-08, 4.91303140393e-08, 4.33047553372e-08, 3.57735565615e-08, 6.50494627052e-08, 1.67318088273e-08, 1.47839234188e-08, 1.87069062463e-08, 1.97552036951e-08, 1.69466733979e-08, 1.27005517214e-08, 1.35823459146e-08, 2.28946603897e-08, 1.31317152707e-08, 1.07522613035e-08, 5.70495606311e-09, 5.82077719358e-09, 4.74668970796e-09, 6.45197895111e-09, 3.18557913381e-09, 4.56980142616e-09, 4.09302503002e-09, 3.44407058428e-09, 2.70375100087e-09, 1.96962157695e-09, 2.05037964385e-09, 3.99022237474e-09, 3.76230246957e-09, 2.47953324539e-09, 1.34065158974e-09, 2.88302182128e-09, 2.96745117367e-09, 1.71308900399e-09, 1.84083848165e-09, 1.28795130117e-09, 9.32554478084e-10, 9.85091785921e-10, 6.30151208991e-10, 4.84775997123e-10, 6.76672273769e-10, 3.29678118138e-10, 2.41288017344e-10, 2.62879829016e-10, 2.7646812617e-10, 2.67684652222e-10, 2.47032977407e-10, 1.76479234004e-10, 2.23901341911e-10, 1.9537531315e-10, 1.0688895602e-10, 3.77133567431e-11, 2.08084797223e-13, 1.09079906837e-13, 1.35548500592e-13, 1.30278085412e-13, 1.08759518318e-13, 8.64275014403e-14, 6.80381451049e-14, 7.19648204418e-14, 2.9129822198e-14, 2.98325554594e-15, 1.50459177105e-16],
        "stdev": [0.000156322304974, 0.00104469794314, 0.00281595275737, 0.00334910792299, 0.00195040972903, 0.00138061959296, 0.00161604466848, 0.00138652033638, 0.00161645212211, 0.00120152963791, 0.000759823189583, 0.000545169983525, 0.000619174621534, 0.000558355590329, 0.000670636887662, 0.000418567738961, 0.000399070268031, 0.000873320619576, 0.00105374772102, 0.000638755213004, 0.000596103956923, 0.000655412615743, 0.000612539879512, 0.000463123025838, 0.000462384137791, 0.000843223009724, 0.000990887405351, 0.00145673484076, 0.000505177536979, 0.000243021640927, 0.000399809214287, 0.000244913884671, 0.000223264127271, 0.000581456988584, 0.000198071968043, 0.000240370354732, 0.000249359261943, 9.39195524552e-05, 5.73585966777e-05, 0.000110211833089, 0.000131950742798, 7.74790169089e-05, 0.000166914731381, 0.000340133206919, 0.000107581843622, 6.47091510473e-05, 8.49980206112e-05, 6.80845187162e-05, 6.43464300083e-05, 0.000119287840789, 0.000103651931568, 6.60020014038e-05, 6.38972342131e-05, 8.32844743854e-05, 6.85879640514e-05, 3.51802264049e-05, 2.63282672677e-05, 2.26879674301e-05, 2.70142863883e-05, 3.73856237275e-05, 3.78585464205e-05, 7.28796512703e-05, 0.000180244940566, 8.48926356412e-05, 3.25027758663e-05, 2.29828310694e-05, 1.46099646372e-05, 1.31063534354e-05, 1.97110821318e-05, 3.04141194647e-05, 4.268846169e-05, 3.01738200505e-05, 2.02128558158e-05, 1.25264532471e-05, 8.74250054039e-06, 1.04706459751e-05, 1.39155254146e-05, 1.80771530722e-05, 2.45609116973e-05, 2.09207155422e-05, 1.33739049488e-05, 7.95455707703e-06, 7.85193515185e-06, 1.04461551018e-05, 1.29143309096e-05, 1.10064756882e-05, 6.7564942583e-06, 5.31724754183e-06, 8.08808999864e-06, 1.04001328509e-05, 9.41054622672e-06, 5.92735659666e-06, 5.00785336044e-06, 5.48244634047e-06, 5.35771141585e-06, 4.50385823569e-06, 2.95976383313e-06, 6.85906434228e-06, 4.34561798102e-06, 2.88423666461e-06, 2.25507073992e-06, 2.87240118269e-06, 2.45542332777e-06, 1.53454891461e-06, 1.33437345085e-06, 1.2552948192e-06, 1.03969409793e-06, 8.51732124829e-07, 6.87659678533e-07, 3.84782538276e-07, 3.22709070133e-07, 3.34779173272e-07, 2.46487473987e-07, 2.41322453576e-07, 2.35873557131e-07, 2.08934494594e-07, 2.17275527348e-07, 2.21066514428e-07, 2.2178149095e-07, 1.96376674921e-07, 6.85295944436e-08, 3.85268741354e-08, 2.74648392917e-08, 5.48461942529e-10, 2.65633681718e-10, 2.5942659132e-10, 2.55412302419e-10, 2.53106313686e-10]
    },
    "mfcc": {
        "mean": [-615.867004395, 98.6311416626, 14.8394794464, 28.8291473389, 3.30077147484, 5.96293449402, 1.24207961559, 5.01320886612, 5.98364782333, 3.40123486519, 0.764730513096, -0.673314213753, -0.47029787302],
        "cov": [[4070.90136719, -1293.32727051, -541.631225586, -197.325042725, -221.311981201, 155.513824463, 17.2628231049, 93.4806671143, 199.07749939, 34.9945335388, 72.8620681763, 180.214691162, 31.1930408478], [-1293.32727051, 1005.09399414, 16.2026405334, -20.8746700287, 85.4549865723, -81.5268173218, 27.4885959625, 2.31179690361, -75.0127487183, -18.0835723877, 28.9394454956, -62.858165741, 6.81970214844], [-541.631225586, 16.2026405334, 476.225097656, 35.0654602051, 10.5146083832, -4.98646116257, -37.1226959229, -40.8848190308, -70.5712127686, -26.137008667, -30.8446464539, -44.2425270081, 22.446231842], [-197.325042725, -20.8746700287, 35.0654602051, 219.554595947, 51.0656967163, -18.1060028076, -40.8840408325, -39.6111373901, -17.0512523651, -20.0696296692, -19.6820068359, 28.4710998535, 19.6796798706], [-221.311981201, 85.4549865723, 10.5146083832, 51.0656967163, 153.631256104, -11.87342453, -14.7030773163, -15.0721635818, -6.12760543823, -5.70951223373, -8.83979988098, 4.023396492, -0.559714198112], [155.513824463, -81.5268173218, -4.98646116257, -18.1060028076, -11.87342453, 108.521659851, 63.0603561401, 24.3653850555, 7.17162942886, 10.4192743301, 11.6847019196, 2.08420419693, -11.1965837479], [17.2628231049, 27.4885959625, -37.1226959229, -40.8840408325, -14.7030773163, 63.0603561401, 166.145095825, 62.9476966858, -9.47450351715, 30.1106472015, 26.0268440247, 2.62498211861, -10.6646595001], [93.4806671143, 2.31179690361, -40.8848190308, -39.6111373901, -15.0721635818, 24.3653850555, 62.9476966858, 102.445556641, 21.6668510437, 13.0027599335, 17.8397083282, 0.190475568175, -3.20380520821], [199.07749939, -75.0127487183, -70.5712127686, -17.0512523651, -6.12760543823, 7.17162942886, -9.47450351715, 21.6668510437, 111.84551239, 25.3139667511, -3.54827594757, 0.19966237247, -18.1269626617], [34.9945335388, -18.0835723877, -26.137008667, -20.0696296692, -5.70951223373, 10.4192743301, 30.1106472015, 13.0027599335, 25.3139667511, 86.7546844482, 17.7882022858, 9.28016471863, -1.02835679054], [72.8620681763, 28.9394454956, -30.8446464539, -19.6820068359, -8.83979988098, 11.6847019196, 26.0268440247, 17.8397083282, -3.54827594757, 17.7882022858, 76.1928253174, 29.6802902222, 13.7295341492], [180.214691162, -62.858165741, -44.2425270081, 28.4710998535, 4.023396492, 2.08420419693, 2.62498211861, 0.190475568175, 0.19966237247, 9.28016471863, 29.6802902222, 106.371185303, 42.7896652222], [31.1930408478, 6.81970214844, 22.446231842, 19.6796798706, -0.559714198112, -11.1965837479, -10.6646595001, -3.20380520821, -18.1269626617, -1.02835679054, 13.7295341492, 42.7896652222, 74.946723938]],
        "icov": [[0.000679919321556, 0.000805520394351, 0.000658341974486, 0.000577431463171, 0.000262972258497, -0.000348911475157, 0.00022086838726, -0.000102791040263, -0.000290097261313, 0.000413927773479, -0.000415806804085, -0.000254878599662, -0.000570996257011], [0.000805520394351, 0.00230381567962, 0.000895741279237, 0.000845729780849, -0.000514359213412, 0.000865648617037, -0.000369521119865, -0.000104621831269, 0.000313966360409, 0.000710103660822, -0.00141990254633, 0.000958211196121, -0.00116809247993], [0.000658341974486, 0.000895741279237, 0.00328823598102, 0.000341393519193, 0.000157325222972, -0.000862518092617, 0.00071651005419, 0.000230665769777, 0.0012589978287, 0.000258102983935, 0.00010045181989, 0.00142183061689, -0.00196795584634], [0.000577431463171, 0.000845729780849, 0.000341393519193, 0.00626161089167, -0.00144428259227, -0.000138821225846, 0.000538786815014, 0.00115079677198, 0.00010191668116, 0.00102001999039, 0.000981919118203, -0.00192726415116, -0.0010102733504], [0.000262972258497, -0.000514359213412, 0.000157325222972, -0.00144428259227, 0.00773059064522, -0.000404402380809, 0.000438575574663, 0.00022556175827, -0.000336578028509, -4.37644339399e-05, 0.000669864937663, -0.00107692775782, 0.000748982012738], [-0.000348911475157, 0.000865648617037, -0.000862518092617, -0.000138821225846, -0.000404402380809, 0.0136887216941, -0.00558068696409, 0.000362949998816, -0.000772330444306, 0.000714106776286, -0.00132132484578, 0.000380829995265, 0.00147224019747], [0.00022086838726, -0.000369521119865, 0.00071651005419, 0.000538786815014, 0.000438575574663, -0.00558068696409, 0.0115272598341, -0.00556378485635, 0.00323990150355, -0.00304158520885, -0.000451230851468, -0.00081836967729, 0.0014494152274], [-0.000102791040263, -0.000104621831269, 0.000230665769777, 0.00115079677198, 0.00022556175827, 0.000362949998816, -0.00556378485635, 0.0145498020574, -0.00345143652521, 0.0012871674262, -0.00155980698764, 0.000925716711208, -0.0014926897129], [-0.000290097261313, 0.000313966360409, 0.0012589978287, 0.00010191668116, -0.000336578028509, -0.000772330444306, 0.00323990150355, -0.00345143652521, 0.0128356497735, -0.003974001389, 0.00153987517115, -6.01153369644e-05, 0.00268612778746], [0.000413927773479, 0.000710103660822, 0.000258102983935, 0.00102001999039, -4.37644339399e-05, 0.000714106776286, -0.00304158520885, 0.0012871674262, -0.003974001389, 0.0143901528791, -0.00287619279698, -0.000511166232172, -0.000798446999397], [-0.000415806804085, -0.00141990254633, 0.00010045181989, 0.000981919118203, 0.000669864937663, -0.00132132484578, -0.000451230851468, -0.00155980698764, 0.00153987517115, -0.00287619279698, 0.0178902186453, -0.00490212719887, -0.000454488792457], [-0.000254878599662, 0.000958211196121, 0.00142183061689, -0.00192726415116, -0.00107692775782, 0.000380829995265, -0.00081836967729, 0.000925716711208, -6.01153369644e-05, -0.000511166232172, -0.00490212719887, 0.016342939809, -0.00838318187743], [-0.000570996257011, -0.00116809247993, -0.00196795584634, -0.0010102733504, 0.000748982012738, 0.00147224019747, 0.0014494152274, -0.0014926897129, 0.00268612778746, -0.000798446999397, -0.000454488792457, -0.00838318187743, 0.0204176288098]]
    },
    "spectral_contrast_coeffs": {
        "max": [-0.48979100585, -0.494970053434, -0.460357218981, -0.632264077663, -0.664080798626, -0.622883617878],
        "mean": [-0.714787483215, -0.749525487423, -0.758705258369, -0.795288085938, -0.786157310009, -0.751855611801],
        "min": [-0.907459795475, -0.927494525909, -0.906073093414, -0.905714154243, -0.882313966751, -0.870963871479],
        "stdev": [0.0676730424166, 0.070821993053, 0.0711696967483, 0.0463975705206, 0.0358089804649, 0.0397486127913]
    },
    "spectral_contrast_valleys": {
        "max": [-5.15225458145, -5.34301614761, -5.81634473801, -6.25517368317, -5.46197509766, -7.55331802368],
        "mean": [-6.5126452446, -6.68649482727, -7.38021612167, -7.52050924301, -7.25974559784, -9.57294273376],
        "min": [-8.48193073273, -8.45792961121, -9.23783683777, -9.31420230865, -9.27348709106, -12.245382309],
        "stdev": [0.47618752718, 0.51297557354, 0.611139774323, 0.653010249138, 0.753982961178, 0.889614999294]
    }
},
"rhythm": {
    "beats_count": 48,
    "beats_loudness": {
        "max": 0.0702868700027,
        "mean": 0.0293723326176,
        "min": 0.00302833900787,
        "stdev": 0.0160660091788
    },
    "bpm": 85.5444412231,
    "bpm_histogram_first_peak_bpm": 86,
    "bpm_histogram_first_peak_weight": 0.172413766384,
    "bpm_histogram_second_peak_bpm": 103,
    "bpm_histogram_second_peak_spread": 0.285714268684,
    "bpm_histogram_second_peak_weight": 0.106382980943,
    "danceability": 1.0390560627,
    "onset_rate": 2.61474585533,
    "beats_loudness_band_ratio": {
        "max": [0.931786596775, 0.585285484791, 0.528030276299, 0.215920269489, 0.278393149376, 0.600567400455],
        "mean": [0.488446384668, 0.14359010756, 0.156197652221, 0.0626591965556, 0.0689559131861, 0.141134977341],
        "min": [0.0956411883235, 0.00522454129532, 0.0180443357676, 0.00534884957597, 0.00301390583627, 0.00309402728453],
        "stdev": [0.189232707024, 0.14145667851, 0.131045103073, 0.0555790252984, 0.0622476376593, 0.160852208734]
    },
    "beats_position": [0.568888902664, 1.16099774837, 1.74149656296, 2.31038546562, 2.89088439941, 3.51782298088, 4.14476203918, 4.72526073456, 5.30575942993, 5.88625860214, 6.53641700745, 7.17496585846, 7.8251247406, 8.47528362274, 9.11383247375, 9.75238037109, 10.3909292221, 11.0410881042, 11.7028570175, 12.4342851639, 13.1657142639, 13.8855323792, 14.6053514481, 15.3135595322, 16.0217685699, 16.7299766541, 17.4381847382, 18.1347846985, 18.8313827515, 19.5279808044, 20.2245807648, 20.9211788177, 21.6177768707, 22.3143768311, 23.010974884, 23.7191829681, 24.4273910522, 25.1239910126, 25.8205890656, 26.5171871185, 27.2021770477, 27.8987751007, 28.6069831848, 29.3035831451, 30.0001811981, 30.6967792511, 31.3933773041, 32.0899772644],
