{
"metadata": {
    "version": {
        "essentia": "2.1-beta5",
        "essentia_git_sha": "Undefined",
        "extractor": "music 2.0"
    },
    "audio_properties": {
        "analysis": {
            "equal_loudness": 0,
            "length": 35.9909286499,
            "sample_rate": 44100,
            "start_time": 77.7520217896,
            "downmix": "mix"
        },
        "bit_rate": 192000,
        "length": 185.771255493,
        "lossless": 0,
        "number_channels": 2,
        "replay_gain": -7.86022186279,
        "sample_rate": 48000,
        "codec": "mp3",
        "md5_encoded": "70cca62152a703035ffd4b8d3ab35408"
    },
    "tags": {
        "file_name": "Croatia_Vjerujem U Ljubav_Dragonfly feat. Dado Topic.mp3",
        "encoding": ["Lavf58.29.100"]
    }
},
"lowlevel": {
    "average_loudness": 0.960728764534,
    "barkbands_crest": {
        "max": 22.3510112762,
        "mean": 8.8596868515,
        "min": 2.64737963676,
        "stdev": 3.49891018867
    },
    "barkbands_flatness_db": {
        "max": 0.210939154029,
        "mean": 0.0947819575667,
        "min": 0.0182886030525,
        "stdev": 0.0356122553349
    },
    "barkbands_kurtosis": {
        "max": 39.8197593689,
        "mean": 2.70867085457,
        "min": -1.80037927628,
        "stdev": 5.28701353073
    },
    "barkbands_skewness": {
        "max": 5.54029417038,
        "mean": 1.41681909561,
        "min": -1.50537633896,
        "stdev": 1.06783258915
    },
    "barkbands_spread": {
        "max": 86.1389541626,
        "mean": 32.3925132751,
        "min": 3.7909219265,
        "stdev": 15.0586366653
    },
    "dissonance": {
        "max": 0.49953275919,
        "mean": 0.471117943525,
        "min": 0.306601554155,
        "stdev": 0.0238090865314
    },
    "dynamic_complexity": 1.82761657238,
    "erbbands_crest": {
        "max": 28.3681526184,
        "mean": 8.80502796173,
        "min": 2.56514978409,
        "stdev": 4.17517805099
    },
    "erbbands_flatness_db": {
        "max": 0.225320309401,
        "mean": 0.121174119413,
        "min": 0.0502680465579,
        "stdev": 0.0344854667783
    },
    "erbbands_kurtosis": {
        "max": 13.1260585785,
        "mean": 0.184968903661,
        "min": -1.7328773737,
        "stdev": 1.95520722866
    },
    "erbbands_skewness": {
        "max": 3.4114317894,
        "mean": 0.00149746309035,
        "min": -2.61342811584,
        "stdev": 0.898720443249
    },
    "erbbands_spread": {
        "max": 107.023147583,
        "mean": 49.6620483398,
        "min": 8.87721824646,
        "stdev": 19.8455448151
    },
    "hfc": {
        "max": 182.867050171,
        "mean": 31.7092323303,
        "min": 2.10664463043,
        "stdev": 18.7696285248
    },
    "loudness_ebu128": {
        "integrated": -14.5275268555,
        "loudness_range": 2.39771080017,
        "momentary": {
            "max": -12.2815237045,
            "mean": -14.7303686142,
            "min": -20.9389514923,
            "stdev": 1.38517892361
        },
        "short_term": {
            "max": -13.0052967072,
            "mean": -14.6398677826,
            "min": -16.3566513062,
            "stdev": 0.817390263081
        }
    },
    "melbands_crest": {
        "max": 30.4424762726,
        "mean": 12.8251237869,
        "min": 3.97622561455,
        "stdev": 4.24237680435
    },
    "melbands_flatness_db": {
        "max": 0.318935513496,
        "mean": 0.162730976939,
        "min": 0.0448825918138,
        "stdev": 0.0479363016784
    },
    "melbands_kurtosis": {
        "max": 105.097137451,
        "mean": 13.6971330643,
        "min": -1.72119510174,
        "stdev": 14.9880943298
    },
    "melbands_skewness": {
        "max": 9.36107635498,
        "mean": 2.8574590683,
        "min": -0.324159294367,
        "stdev": 1.53995609283
    },
    "melbands_spread": {
        "max": 145.23526001,
        "mean": 30.8928489685,
        "min": 3.05994844437,
        "stdev": 20.5836925507
    },
    "pitch_salience": {
        "max": 0.803165137768,
        "mean": 0.562966108322,
        "min": 0.172410741448,
        "stdev": 0.0986442863941
    },
    "silence_rate_20dB": {
        "max": 1,
        "mean": 1,
        "min": 1,
        "stdev": 0
    },
    "silence_rate_30dB": {
        "max": 1,
        "mean": 1,
        "min": 1,
        "stdev": 0
    },
    "silence_rate_60dB": {
        "max": 1,
        "mean": 0.000644745305181,
        "min": 0,
        "stdev": 0.0253836642951
    },
    "spectral_centroid": {
        "max": 3948.70605469,
        "mean": 1697.11816406,
        "min": 341.232818604,
        "stdev": 648.677612305
    },
    "spectral_complexity": {
        "max": 52,
        "mean": 23.1889095306,
        "min": 3,
        "stdev": 8.97369003296
    },
    "spectral_decrease": {
        "max": -5.8618127019e-10,
        "mean": -7.78043407479e-09,
        "min": -3.3235725283e-08,
        "stdev": 4.15656220554e-09
    },
    "spectral_energy": {
        "max": 0.128707394004,
        "mean": 0.0322412364185,
        "min": 0.00253477809019,
        "stdev": 0.0164202339947
    },
    "spectral_energyband_high": {
        "max": 0.0262624248862,
        "mean": 0.00175423815381,
        "min": 7.41610128898e-05,
        "stdev": 0.00185933313332
    },
    "spectral_energyband_low": {
        "max": 0.118096776307,
        "mean": 0.0104300668463,
        "min": 4.5392785978e-05,
        "stdev": 0.0107546299696
    },
    "spectral_energyband_middle_high": {
        "max": 0.0385953262448,
        "mean": 0.006441693753,
        "min": 0.000191365441424,
        "stdev": 0.00619267020375
    },
    "spectral_energyband_middle_low": {
        "max": 0.084031522274,
        "mean": 0.0152718601748,
        "min": 0.000758399080951,
        "stdev": 0.011870839633
    },
    "spectral_entropy": {
        "max": 8.60074424744,
        "mean": 7.84018754959,
        "min": 6.88661050797,
        "stdev": 0.290726512671
    },
    "spectral_flux": {
        "max": 0.283012777567,
        "mean": 0.0982690006495,
        "min": 0.0288612823933,
        "stdev": 0.0374526903033
    },
    "spectral_kurtosis": {
        "max": 11.4617109299,
        "mean": 3.05039405823,
        "min": 0.111843347549,
        "stdev": 1.39122664928
    },
    "spectral_rms": {
        "max": 0.0112057207152,
        "mean": 0.00543393893167,
        "min": 0.0015725629637,
        "stdev": 0.00138823874295
    },
    "spectral_rolloff": {
        "max": 11197.265625,
        "mean": 1962.5904541,
        "min": 107.666015625,
        "stdev": 1535.15478516
    },
    "spectral_skewness": {
        "max": 2.6691904068,
        "mean": 1.33321213722,
        "min": 0.391774445772,
        "stdev": 0.255392670631
    },
    "spectral_spread": {
        "max": 10057643,
        "mean": 5574364,
        "min": 2693593,
        "stdev": 1209191.875
    },
    "spectral_strongpeak": {
        "max": 13.5420646667,
        "mean": 1.23906493187,
        "min": 0,
        "stdev": 1.54022920132
    },
    "zerocrossingrate": {
        "max": 0.27734375,
        "mean": 0.0845094919205,
        "min": 0.0185546875,
        "stdev": 0.0348721072078
    },
    "barkbands": {
        "max": [0.00543415360153, 0.0519193783402, 0.0583612248302, 0.0260303560644, 0.0470302924514, 0.0457125343382, 0.0320967882872, 0.0555546656251, 0.0360584296286, 0.0197253283113, 0.0185419004411, 0.0158925186843, 0.0175377000123, 0.0179052203894, 0.00803136173636, 0.013550825417, 0.0104353092611, 0.00887130759656, 0.0100535545498, 0.00453555537388, 0.0108716413379, 0.00770324189216, 0.00424758763984, 0.00275459047407, 0.00198447797447, 0.00113099126611, 0.000511051621288],
        "mean": [0.000401053839596, 0.00445906585082, 0.00414483668283, 0.00238991598599, 0.00455448031425, 0.00325108855031, 0.00126269902103, 0.00202375953086, 0.00127748562954, 0.00108321476728, 0.000309181195917, 0.000597748847213, 0.000655108073261, 0.000540336826816, 0.00047159762471, 0.00069590145722, 0.000715181813575, 0.000817441788968, 0.000626725377515, 0.000365441548638, 0.000406953156926, 0.000352446804754, 0.000294432742521, 0.000216087690205, 0.000180300921784, 0.000111286964966, 3.75000454369e-05],
        "min": [5.65933753194e-08, 1.0537100934e-05, 9.1496431196e-06, 2.51698293141e-06, 3.75402523787e-05, 1.78965146915e-05, 6.36456661596e-06, 4.46895592177e-06, 7.78914181865e-06, 4.73687896374e-06, 3.83596488973e-06, 4.22079938289e-06, 3.46063961842e-06, 3.26013241647e-06, 5.40072733202e-06, 6.3673664954e-06, 5.82268239668e-06, 8.14230770629e-06, 1.29976551762e-05, 9.7724096122e-06, 1.73958214873e-05, 1.37988927236e-05, 1.26051081679e-05, 6.65356401441e-06, 6.27184408586e-06, 1.51854203523e-06, 9.51825018802e-09],
        "stdev": [0.000578736420721, 0.00571842724457, 0.00534774828702, 0.00316311744973, 0.00624760845676, 0.00495132245123, 0.00250120274723, 0.00517971254885, 0.00260853115469, 0.00251559284516, 0.000841846805997, 0.00150520273019, 0.00192937068641, 0.00124096334912, 0.000810785335489, 0.0013799611479, 0.00101061398163, 0.000997608643956, 0.00067768531153, 0.000379369739676, 0.000630193215329, 0.000507687975187, 0.000374391471269, 0.000257538689766, 0.00020586415485, 0.000148947074194, 6.4028230554e-05]
    },
    "erbbands": {
        "max": [1.30709922314, 14.098991394, 63.2620544434, 73.9831085205, 148.090560913, 228.964523315, 392.261016846, 488.176269531, 451.268280029, 796.620056152, 1513.86621094, 1117.31298828, 734.948547363, 804.244812012, 448.772033691, 360.106750488, 921.418029785, 896.084533691, 634.177429199, 458.474975586, 748.4609375, 371.694244385, 507.340301514, 264.969573975, 641.46887207, 168.659255981, 449.976501465, 401.76675415, 267.262634277, 201.508758545, 124.965507507, 77.873588562, 55.0793876648, 32.8361778259, 11.0887880325, 4.70971155167, 2.05285668373, 0.839725196362, 0.104631237686, 0.00247532082722],
        "mean": [0.130252569914, 1.00788426399, 4.1756401062, 7.43212985992, 7.45655584335, 16.9803371429, 29.506187439, 25.004573822, 18.7381305695, 25.1823368073, 44.9023017883, 28.1026573181, 44.45154953, 19.909198761, 16.4166145325, 21.9133777618, 31.6683387756, 30.6185150146, 23.322675705, 29.8560562134, 41.566860199, 37.9511299133, 46.0230789185, 34.1190223694, 30.8505706787, 17.4094142914, 14.0244197845, 17.3856067657, 12.8979463577, 10.2414178848, 8.03628540039, 4.6470823288, 3.63972330093, 2.18932080269, 1.19403266907, 0.535274624825, 0.186781704426, 0.0593929514289, 0.00663380417973, 0.000174311586306],
        "min": [0.000509490317199, 0.00241459021345, 0.0200137495995, 0.0422518290579, 0.18194937706, 0.219946950674, 0.320486366749, 0.216646149755, 0.145468905568, 0.153117999434, 0.257879346609, 0.224224701524, 0.237442150712, 0.206418395042, 0.29693377018, 0.255782604218, 0.228166610003, 0.287809580564, 0.231622666121, 0.313235253096, 0.436053067446, 0.414060980082, 0.32575917244, 0.475447744131, 0.7873493433, 0.471071213484, 0.394747495651, 0.715099930763, 0.471284776926, 0.40581920743, 0.338204056025, 0.171501740813, 0.105286568403, 0.0994483977556, 0.0388571545482, 0.0106072099879, 0.00166102871299, 0.000260302011156, 1.40232077683e-05, 4.41765268988e-06],
        "stdev": [0.140985935926, 1.44251728058, 5.58335828781, 8.63287067413, 10.7423229218, 28.7039318085, 44.9364089966, 44.4317855835, 34.5833854675, 54.8877487183, 120.375808716, 65.0786132812, 96.5760116577, 52.1041069031, 33.6694297791, 47.7949905396, 92.9549102783, 63.2413024902, 45.7723388672, 47.164024353, 73.356262207, 42.4132728577, 57.0420265198, 34.297252655, 34.6373748779, 16.5698413849, 19.9613037109, 28.5981807709, 18.3712749481, 14.0023574829, 9.98783683777, 5.83427238464, 4.35848617554, 2.721783638, 1.32136750221, 0.650196671486, 0.26695176959, 0.0966254249215, 0.0115322489291, 0.000247454998316]
    },
    "gfcc": {
        "mean": [54.259475708, 58.3101463318, -98.33177948, 43.00548172, -54.3156471252, 7.72798156738, -41.6174430847, 13.948261261, -23.6714096069, 1.30617499352, -18.2194671631, 4.08327245712, -13.1052474976],
        "cov": [[1065.55883789, -376.397735596, 14.8147859573, -243.784408569, -22.8282299042, 24.1701755524, 124.882339478, -54.8067703247, 30.9369029999, 76.3865356445, -2.06804800034, 24.6400356293, -95.2274398804], [-376.397735596, 677.658447266, -137.038269043, 39.3928527832, -85.8808059692, 38.0238037109, -28.5682010651, 9.30081748962, 0.0264794826508, -51.6383323669, 30.8368377686, -42.3606910706, 26.1949539185], [14.8147859573, -137.038269043, 601.077148438, 54.124546051, 15.597401619, -16.7795333862, 7.69118118286, -38.6620330811, 10.5749254227, 25.8670330048, -14.5435724258, 64.3689651489, 12.0870904922], [-243.784408569, 39.3928527832, 54.124546051, 335.02444458, 98.7094268799, -17.0990962982, -103.47467041, 23.8730773926, 4.00030231476, -22.1844234467, -17.6521949768, 0.230275467038, 80.7601699829], [-22.8282299042, -85.8808059692, 15.597401619, 98.7094268799, 303.246124268, -3.14184546471, -7.95717000961, 77.7723464966, 7.77213716507, -7.7662563324, -18.6216163635, 3.62838745117, 29.6482467651], [24.1701755524, 38.0238037109, -16.7795333862, -17.0990962982, -3.14184546471, 133.423843384, 105.328712463, 29.0339717865, -7.52059364319, 11.575709343, 12.9886264801, -15.8062591553, -29.2981700897], [124.882339478, -28.5682010651, 7.69118118286, -103.47467041, -7.95717000961, 105.328712463, 214.328964233, 45.7301864624, -14.0489692688, 26.4900169373, 16.4733467102, 0.21466037631, -50.1953430176], [-54.8067703247, 9.30081748962, -38.6620330811, 23.8730773926, 77.7723464966, 29.0339717865, 45.7301864624, 125.373535156, 30.9140701294, -11.839015007, -1.2664629221, -6.0833272934, 5.47501516342], [30.9369029999, 0.0264794826508, 10.5749254227, 4.00030231476, 7.77213716507, -7.52059364319, -14.0489692688, 30.9140701294, 76.3145065308, 22.9271392822, -6.60902404785, -12.3614730835, -12.1634893417], [76.3865356445, -51.6383323669, 25.8670330048, -22.1844234467, -7.7662563324, 11.575709343, 26.4900169373, -11.839015007, 22.9271392822, 82.7177124023, 27.3703632355, 7.61407899857, -18.690984726], [-2.06804800034, 30.8368377686, -14.5435724258, -17.6521949768, -18.6216163635, 12.9886264801, 16.4733467102, -1.2664629221, -6.60902404785, 27.3703632355, 67.2826156616, 27.707901001, 1.75259125233], [24.6400356293, -42.3606910706, 64.3689651489, 0.230275467038, 3.62838745117, -15.8062591553, 0.21466037631, -6.0833272934, -12.3614730835, 7.61407899857, 27.707901001, 70.1408538818, 37.6088294983], [-95.2274398804, 26.1949539185, 12.0870904922, 80.7601699829, 29.6482467651, -29.2981700897, -50.1953430176, 5.47501516342, -12.1634893417, -18.690984726, 1.75259125233, 37.6088294983, 88.2214813232]],
        "icov": [[0.00163571618032, 0.000748749007471, 0.000306382018607, 0.000692119006999, -0.000266859133262, -0.000263930356596, -0.000673291855492, 0.00137303536758, -0.00145350862294, -1.56794321811e-05, 0.000425135716796, -0.00110742857214, 0.000661399390083], [0.000748749007471, 0.0024505413603, 0.000226281626965, 0.000288485229248, 0.00047880623606, -0.00086315284716, -0.000225703493925, 0.000845534261316, -0.00152996135876, 0.00186655612197, -0.00235557253473, 0.00213800533675, -0.00152307725511], [0.000306382018607, 0.000226281626965, 0.00230837403797, -0.00070878356928, -0.000127533319755, 1.15344519145e-05, -0.000716729264241, 0.00135101377964, -0.00119551410899, -0.000256435247138, 0.00183058239054, -0.00364071270451, 0.00144765549339], [0.000692119006999, 0.000288485229248, -0.00070878356928, 0.00563663523644, -0.0010998545913, -0.00209242850542, 0.00249056424946, -0.000487500568852, -1.70988860191e-05, -0.000665125902742, 1.61403077072e-05, 0.00258828816004, -0.00452632363886], [-0.000266859133262, 0.00047880623606, -0.000127533319755, -0.0010998545913, 0.00476521626115, 0.00020186007896, 0.000575570215005, -0.00363304116763, 0.00160869967658, -0.000887834583409, 0.000958726624958, 0.000242015492404, -0.000475872977404], [-0.000263930356596, -0.00086315284716, 1.15344519145e-05, -0.00209242850542, 0.00020186007896, 0.0144330756739, -0.00736766681075, -0.000632503069937, 0.00108417938463, -0.000149204817717, -0.00228835991584, 0.00321901543066, 0.00124897446949], [-0.000673291855492, -0.000225703493925, -0.000716729264241, 0.00249056424946, 0.000575570215005, -0.00736766681075, 0.0126661779359, -0.00625872658566, 0.00572610273957, -0.00380168296397, 0.00204340275377, -0.0026057139039, 0.00316766323522], [0.00137303536758, 0.000845534261316, 0.00135101377964, -0.000487500568852, -0.00363304116763, -0.000632503069937, -0.00625872658566, 0.0170931536704, -0.0110048074275, 0.00638761324808, -0.00284280837514, 2.71589487966e-05, -0.00223782891408], [-0.00145350862294, -0.00152996135876, -0.00119551410899, -1.70988860191e-05, 0.00160869967658, 0.00108417938463, 0.00572610273957, -0.0110048074275, 0.0235401205719, -0.0101799992844, 0.00474994489923, 0.0015584975481, 0.0031552053988], [-1.56794321811e-05, 0.00186655612197, -0.000256435247138, -0.000665125902742, -0.000887834583409, -0.000149204817717, -0.00380168296397, 0.00638761324808, -0.0101799992844, 0.0215340163559, -0.0108087118715, 0.00191515253391, 0.000319245154969], [0.000425135716796, -0.00235557253473, 0.00183058239054, 1.61403077072e-05, 0.000958726624958, -0.00228835991584, 0.00204340275377, -0.00284280837514, 0.00474994489923, -0.0108087118715, 0.0279055330902, -0.0162370931357, 0.00588206714019], [-0.00110742857214, 0.00213800533675, -0.00364071270451, 0.00258828816004, 0.000242015492404, 0.00321901543066, -0.0026057139039, 2.71589487966e-05, 0.0015584975481, 0.00191515253391, -0.0162370931357, 0.0365803614259, -0.0188483539969], [0.000661399390083, -0.00152307725511, 0.00144765549339, -0.00452632363886, -0.000475872977404, 0.00124897446949, 0.00316766323522, -0.00223782891408, 0.0031552053988, 0.000319245154969, 0.00588206714019, -0.0188483539969, 0.0273831896484]]
    },
    "melbands": {
        "max": [0.0125344851986, 0.0274649523199, 0.0101909404621, 0.00872641429305, 0.0113497842103, 0.0101797832176, 0.00579400546849, 0.00933527573943, 0.0110732000321, 0.00675994437188, 0.00368207646534, 0.00302884890698, 0.00189021998085, 0.00213178084232, 0.00141505163629, 0.00203540734947, 0.00204411405139, 0.00138463184703, 0.000716123555321, 0.0014217691496, 0.000903704436496, 0.000477429450257, 0.000745833327528, 0.000491384416819, 0.000255291553913, 0.00064207916148, 0.000204747746466, 0.000123845296912, 0.000305243942421, 0.000232780061197, 0.000255788152572, 0.000172118758201, 0.000126507249661, 0.000110303742986, 7.01556491549e-05, 6.88580403221e-05, 4.33223649452e-05, 4.06975668739e-05, 3.00797128148e-05, 3.00091687677e-05],
        "mean": [0.00118709006347, 0.00191374786664, 0.00125441281125, 0.000805671326816, 0.0010310204234, 0.000561318767723, 0.000281326210825, 0.00031434968696, 0.000333091040375, 0.000180985371117, 0.000221218448132, 8.22804722702e-05, 4.79592235934e-05, 7.28568265913e-05, 4.28823150287e-05, 8.0192941823e-05, 5.23807502759e-05, 3.65234991477e-05, 3.50469854311e-05, 4.46893936896e-05, 4.93107290822e-05, 3.6956382246e-05, 4.60841074528e-05, 3.73811526515e-05, 2.61033565039e-05, 2.47027819569e-05, 1.70696675923e-05, 1.01574587461e-05, 8.33188005345e-06, 9.23584229895e-06, 1.04784103314e-05, 7.71063059801e-06, 5.82841857977e-06, 5.65399022889e-06, 4.98937743032e-06, 3.38906693287e-06, 2.63389165411e-06, 2.64253912974e-06, 2.18594823309e-06, 1.71442331975e-06],
        "min": [5.01782142237e-06, 7.90319973021e-06, 1.27635603349e-05, 1.16945811897e-05, 1.03544052763e-05, 3.92667698179e-06, 2.08902952181e-06, 1.47893342728e-06, 1.76842877408e-06, 1.13630289889e-06, 7.0356844617e-07, 6.71465443247e-07, 8.07274034287e-07, 3.96716842488e-07, 4.86037492919e-07, 3.97015583076e-07, 4.15396272047e-07, 3.22239344541e-07, 4.2856245841e-07, 3.57237695425e-07, 4.64618068463e-07, 3.47578890114e-07, 2.55188439269e-07, 3.82471540661e-07, 3.40880660588e-07, 4.44262241217e-07, 4.88923660669e-07, 1.98103748517e-07, 1.83950135124e-07, 3.05192344285e-07, 2.903787788e-07, 2.77865950693e-07, 2.24388060133e-07, 2.2367757424e-07, 1.76937561491e-07, 1.06570666958e-07, 8.71624621368e-08, 7.07669300937e-08, 8.08418860743e-08, 6.72205331398e-08],
        "stdev": [0.00136563996784, 0.00242323800921, 0.0013445954537, 0.00115509715397, 0.00146540335845, 0.00094587658532, 0.000503083923832, 0.000692921166774, 0.00089173897868, 0.000413639179897, 0.000485536060296, 0.000221124631935, 9.571222472e-05, 0.000200793860131, 9.69566681306e-05, 0.000243238959229, 0.000117944095109, 8.83366301423e-05, 6.39717691229e-05, 0.000102628546301, 8.97188365343e-05, 4.74263579235e-05, 6.73086178722e-05, 4.7653720685e-05, 2.94086839858e-05, 3.1452946132e-05, 1.8560076569e-05, 1.07841706267e-05, 1.2445367247e-05, 1.55644011102e-05, 1.77029833139e-05, 1.15635366456e-05, 8.21090907266e-06, 7.9362635006e-06, 6.19462844043e-06, 4.66809933641e-06, 3.36472430718e-06, 3.10488189825e-06, 2.86355316348e-06, 2.2482042823e-06]
    },
    "melbands128": {
        "max": [0.00393013842404, 0.0102010183036, 0.0154873719439, 0.0253987554461, 0.0343932770193, 0.0260178409517, 0.0183341316879, 0.0159284844995, 0.0204048175365, 0.0095409527421, 0.0169578734785, 0.0167543273419, 0.0198742505163, 0.020032029599, 0.0141755091026, 0.0172387063503, 0.0134467761964, 0.00870484858751, 0.0122161554173, 0.0135243106633, 0.0153517369181, 0.0205613188446, 0.0177572928369, 0.00486395601183, 0.0126788429916, 0.00842346344143, 0.00615644268692, 0.00746111059561, 0.00494041247293, 0.00515336543322, 0.00690482184291, 0.00412079086527, 0.00189013546333, 0.00289911730215, 0.00511951185763, 0.00239252089523, 0.00178376026452, 0.0027640091721, 0.00241395272315, 0.00474801333621, 0.00340388133191, 0.00381352659315, 0.00278905569576, 0.00276629929431, 0.0030130574014, 0.00200835918076, 0.00151876732707, 0.00171786965802, 0.00112597912084, 0.000945116218645, 0.00325341243297, 0.00205184402876, 0.00235825893469, 0.00152239226736, 0.00136420340277, 0.000825067400001, 0.000522335874848, 0.00215330114588, 0.00139433541335, 0.00100851908792, 0.00116886233445, 0.000617059413344, 0.000465938996058, 0.000378869561246, 0.000434684014181, 0.000881054438651, 0.000995992217213, 0.000590128474869, 0.000308038434014, 0.000242165784584, 0.000107398118416, 0.000245733041083, 0.000391890935134, 0.000321768020513, 0.000270375312539, 0.000201467584702, 0.000317924801493, 0.000273741548881, 0.00033162246109, 0.000308375019813, 0.000190647755517, 0.000125609076349, 0.000181120936759, 0.000107468636998, 0.000116280461953, 0.000173013075255, 0.000105300438008, 9.48332017288e-05, 0.000114754679089, 0.000121673387184, 8.61911612446e-05, 6.9723741035e-05, 5.3014326113e-05, 5.21960428159e-05, 4.72711981274e-05, 4.4378801249e-05, 4.82278082927e-05, 5.25088071299e-05, 4.50654661108e-05, 2.79556661553e-05, 2.99412313325e-05, 3.97353578592e-05, 4.39911455032e-05, 1.87004079635e-05, 1.96683995455e-05, 1.15743969218e-05, 1.58665116032e-05, 1.54710633069e-05, 9.53235758061e-06, 8.18238186184e-06, 6.21708113613e-06, 7.32603075448e-06, 7.38140442991e-06, 8.34629372548e-06, 9.34642594075e-06, 7.54900247557e-06, 7.75492208049e-06, 7.60389866628e-06, 6.30169597571e-06, 6.66800451654e-06, 1.8269560087e-06, 2.64888376478e-06, 1.65917697359e-06, 7.85567522144e-08, 6.42093809233e-08, 6.00305440912e-08, 5.78657868289e-08, 5.6739398957e-08],
        "mean": [0.000344094005413, 0.00107608281542, 0.00136263575405, 0.0017323353095, 0.00204710080288, 0.00204903515987, 0.00162258418277, 0.00102897942998, 0.000661515456159, 0.000640665064566, 0.000997793627903, 0.00119179754984, 0.00111984694377, 0.000735489651561, 0.000584443681873, 0.000480826856801, 0.000299982726574, 0.000257972307736, 0.00022195292695, 0.00025598279899, 0.000354657327989, 0.000518679677043, 0.00034851685632, 0.000127637991682, 0.000150861640577, 0.000179696653504, 0.000289855990559, 0.000245649775025, 0.000163408287335, 8.34142920212e-05, 6.49645080557e-05, 4.71877210657e-05, 4.65702541987e-05, 3.34263204422e-05, 9.68156236922e-05, 7.9935118265e-05, 4.5877557568e-05, 3.26798544847e-05, 3.36304110533e-05, 0.000100855926576, 8.30694843899e-05, 6.2759143475e-05, 6.19121419732e-05, 3.95570968976e-05, 4.09750791732e-05, 3.77223404939e-05, 3.11462281388e-05, 2.89500094368e-05, 4.12941262766e-05, 3.9951846702e-05, 4.75982196804e-05, 4.12775953009e-05, 5.95824931224e-05, 4.75347151223e-05, 4.14755995735e-05, 3.33968746418e-05, 2.91800697596e-05, 5.55388141947e-05, 4.86130629724e-05, 4.02439909521e-05, 3.78607401217e-05, 3.48553185177e-05, 2.70649306913e-05, 2.41440739046e-05, 2.28853787121e-05, 2.52768131759e-05, 2.65886283159e-05, 1.98295365408e-05, 1.52398060891e-05, 1.25195056171e-05, 1.00078577816e-05, 9.64747778198e-06, 7.25451718608e-06, 9.15235432331e-06, 7.65562253946e-06, 8.61836633703e-06, 1.03300944829e-05, 1.03591601146e-05, 1.09516458906e-05, 1.02202657217e-05, 8.22196943773e-06, 6.67630138196e-06, 6.16802071818e-06, 5.46911269339e-06, 5.94490302319e-06, 5.6197691265e-06, 5.33444745088e-06, 6.07572292211e-06, 5.00136593473e-06, 4.38929919255e-06, 3.77876381208e-06, 3.10921655e-06, 2.69551287602e-06, 2.45803835242e-06, 2.81381221612e-06, 2.56903354057e-06, 2.72613124253e-06, 2.52415998148e-06, 2.20677634388e-06, 1.92024458556e-06, 2.10319353755e-06, 1.54960321197e-06, 1.53485552801e-06, 1.33020455451e-06, 1.31928641167e-06, 1.2661701021e-06, 1.42787405366e-06, 1.17039098768e-06, 9.03672344066e-07, 6.3836728259e-07, 5.80075550261e-07, 6.40676660169e-07, 5.65737650504e-07, 5.60694445539e-07, 5.86833834859e-07, 4.79120672026e-07, 4.5959617978e-07, 4.21603857603e-07, 3.81609794431e-07, 2.65216272055e-07, 9.5847525472e-08, 5.266755565e-08, 3.0440308052e-08, 8.53454584782e-10, 4.54842725983e-11, 4.26389236419e-11, 4.115353891e-11, 4.03907983448e-11],
        "min": [4.89554388139e-08, 6.17287980731e-07, 1.50605637828e-06, 2.31409649132e-06, 1.38029167829e-06, 5.90439003645e-06, 3.96156156057e-06, 1.94778067453e-06, 5.59542377232e-06, 2.03416630029e-06, 3.76424759452e-06, 9.06854666027e-07, 2.19983030547e-06, 1.78731465894e-06, 9.5309843573e-07, 1.67179081245e-07, 7.60114005516e-07, 1.37680885359e-07, 3.12866035301e-07, 1.80163112873e-07, 5.35410947577e-07, 1.08675988031e-06, 5.21456797742e-07, 2.26790007218e-07, 1.68176100601e-07, 2.81984540607e-07, 2.84637366121e-07, 2.73606900691e-07, 1.29930214143e-07, 1.39887120554e-07, 3.11012655629e-07, 2.74150693258e-07, 1.50652027742e-07, 2.55521342751e-07, 1.71446103536e-07, 2.43607559014e-07, 2.33279649819e-07, 2.13640930724e-07, 9.50010345946e-08, 7.8234492662e-08, 1.26511793042e-07, 1.20913796309e-07, 9.68537321455e-08, 5.87243995653e-08, 8.53444959148e-08, 1.79575764037e-07, 1.09610191146e-07, 1.31910212531e-07, 1.66785369515e-07, 2.60278454789e-07, 2.0279578905e-07, 1.81979814329e-07, 1.70156255308e-07, 1.53836225536e-07, 1.91201934285e-07, 2.34858092085e-07, 2.53047005572e-07, 1.8904589183e-07, 1.30022755229e-07, 1.09293928574e-07, 4.04728638159e-07, 2.63816986035e-07, 1.61000883736e-07, 1.27725073185e-07, 3.04428823483e-07, 2.45796513809e-07, 4.13087633433e-07, 3.32393312874e-07, 2.54512201536e-07, 1.60463997645e-07, 1.51715127572e-07, 1.03937665585e-07, 7.70369936731e-08, 1.48180802739e-07, 7.53639142204e-08, 1.21753984672e-07, 2.37268025671e-07, 2.05565683586e-07, 2.29516530226e-07, 1.33896662646e-07, 1.64244781331e-07, 9.42594837738e-08, 1.68541276935e-07, 1.12832395871e-07, 1.67955931829e-07, 1.37381306331e-07, 1.30938914822e-07, 1.98727605039e-07, 1.36216982582e-07, 1.09489498357e-07, 9.58157215791e-08, 4.17522088014e-08, 7.29185813952e-08, 5.67558871012e-08, 1.01689295207e-07, 7.01423985561e-08, 4.96525771609e-08, 4.12663929694e-08, 6.96852993087e-08, 6.38538182329e-08, 5.8104902223e-08, 2.61169379456e-08, 2.23239844388e-08, 2.94516802057e-08, 3.18487423101e-08, 2.49475196057e-08, 2.29508323457e-08, 2.68834359218e-08, 1.20622436484e-08, 5.25735277535e-09, 3.15222603575e-09, 4.69553551596e-09, 3.44664075058e-09, 3.60362206742e-09, 1.65992763979e-09, 1.38426814456e-09, 3.6394209868e-10, 4.05257945257e-12, 2.01081081582e-13, 1.70428219605e-13, 1.16927518015e-13, 1.17659042773e-13, 1.18891618013e-13, 1.03577756994e-13, 6.78441135736e-14, 2.72939663763e-14, 3.88348639745e-15, 1.29580212002e-16],
        "stdev": [0.000490052509122, 0.00120913283899, 0.00168831716292, 0.00278173061088, 0.00315896165557, 0.00259646610357, 0.00208406499587, 0.00150489457883, 0.00127434264868, 0.00122346752323, 0.00209075445309, 0.00205784733407, 0.00204243836924, 0.00154812983237, 0.00133365741931, 0.00118295464199, 0.000786794116721, 0.000627998670097, 0.000633656978607, 0.000801927759312, 0.00112058408558, 0.00157212652266, 0.00129679706879, 0.000392779969843, 0.000617217505351, 0.000526775547769, 0.000752293795813, 0.000745273777284, 0.000505245814566, 0.000269121112069, 0.000343582214555, 0.000151034168084, 0.000106535349914, 0.000108541709778, 0.000379799224902, 0.000237713902607, 0.000139402400237, 0.000109280153993, 0.000121348406537, 0.000394905859139, 0.000316277437378, 0.000189127589692, 0.00017273647245, 0.00015594958677, 0.000171977371792, 0.000128492232761, 8.30476710689e-05, 8.8585249614e-05, 0.000112682806503, 8.45701433718e-05, 0.000196827342734, 0.000125955863041, 0.000168953862158, 0.000121582663269, 9.45830033743e-05, 6.29916612525e-05, 4.26806873293e-05, 0.000139251205837, 9.49089953792e-05, 8.94638142199e-05, 7.80293048592e-05, 5.96925492573e-05, 4.47969141533e-05, 3.8076806959e-05, 3.60957383236e-05, 4.0807412006e-05, 4.70459526696e-05, 3.26245790347e-05, 2.39222426899e-05, 1.80042643478e-05, 1.1168299352e-05, 1.67463203979e-05, 1.36951630338e-05, 1.52297798195e-05, 1.26414270198e-05, 1.51364038175e-05, 2.01756665774e-05, 2.22003836825e-05, 1.96361215785e-05, 1.9284470909e-05, 1.34323618113e-05, 1.04327755253e-05, 9.94143192656e-06, 8.23857135401e-06, 8.68582992553e-06, 9.60485613177e-06, 8.2227288658e-06, 8.2404112618e-06, 6.55153689877e-06, 6.43947441858e-06, 5.68456835026e-06, 4.7647295105e-06, 3.82966572943e-06, 3.68490123037e-06, 3.6544647628e-06, 3.23078802467e-06, 3.41189911524e-06, 3.67007282875e-06, 3.35803338203e-06, 2.58798331743e-06, 2.69693873634e-06, 2.33584864873e-06, 2.41333373197e-06, 1.70585315118e-06, 1.57699173542e-06, 1.46511308685e-06, 1.85279395737e-06, 1.66889537923e-06, 1.17154036161e-06, 8.5561640617e-07, 8.00755856289e-07, 9.57313091021e-07, 8.78410105543e-07, 9.26124641865e-07, 9.83895802165e-07, 8.23642437808e-07, 8.12397331629e-07, 7.64248284213e-07, 6.97855227827e-07, 5.5300739632e-07, 1.97697062276e-07, 1.84255696922e-07, 1.21088334026e-07, 4.81239847971e-09, 1.62979085783e-09, 1.52369794559e-09, 1.46876355522e-09, 1.44017353598e-09]
    },
    "mfcc": {
        "mean": [-594.913696289, 91.4145507812, 12.3528985977, 34.2463035583, 10.5363206863, -1.03425860405, -3.24788570404, 6.63803958893, -0.878262519836, -0.727937698364, 0.0397628992796, -2.13311767578, -2.0437874794],
        "cov": [[1015.31268311, -189.25553894, -155.41394043, -188.848937988, -177.314254761, 52.4140052795, -11.3500881195, -21.4914188385, -42.2157936096, 41.2938575745, 88.2413711548, 17.8093986511, -34.9117202759], [-189.25553894, 462.393157959, 3.89782094955, -74.0409851074, -47.9123687744, -18.2805500031, 8.20718097687, 26.3356838226, -24.1231460571, 0.540900886059, 16.4970111847, -0.0454446822405, -6.95632982254], [-155.41394043, 3.89782094955, 472.345611572, 32.2945175171, -42.8328819275, 55.1856689453, -31.9044208527, -29.4915771484, 0.053528778255, -66.4702377319, -18.0494842529, 33.9493713379, 42.7020530701], [-188.848937988, -74.0409851074, 32.2945175171, 259.569519043, 192.873550415, -14.6968727112, -24.7119636536, -12.8079004288, 47.3044967651, -26.8340702057, -78.0350341797, -15.3449001312, 35.6852645874], [-177.314254761, -47.9123687744, -42.8328819275, 192.873550415, 299.864929199, -35.0880889893, -34.9601974487, 5.39600753784, 39.9228668213, 11.1982898712, -71.7707214355, -34.8643951416, 21.5706996918], [52.4140052795, -18.2805500031, 55.1856689453, -14.6968727112, -35.0880889893, 108.330406189, 47.8504676819, -10.4627056122, -0.882805466652, -1.28357982635, 28.7990531921, 19.7397975922, -8.21660709381], [-11.3500881195, 8.20718097687, -31.9044208527, -24.7119636536, -34.9601974487, 47.8504676819, 161.697952271, 65.4638824463, 17.1965885162, 19.7892284393, 27.6352920532, 13.2259349823, -6.76467466354], [-21.4914188385, 26.3356838226, -29.4915771484, -12.8079004288, 5.39600753784, -10.4627056122, 65.4638824463, 107.761634827, 37.4367485046, 28.4390220642, 10.606139183, -8.45658493042, -8.15256690979], [-42.2157936096, -24.1231460571, 0.053528778255, 47.3044967651, 39.9228668213, -0.882805466652, 17.1965885162, 37.4367485046, 87.2347793579, 25.0758323669, -2.06156420708, -0.165750697255, 4.82219839096], [41.2938575745, 0.540900886059, -66.4702377319, -26.8340702057, 11.1982898712, -1.28357982635, 19.7892284393, 28.4390220642, 25.0758323669, 93.6282730103, 48.4236984253, -5.76350355148, -19.6360778809], [88.2413711548, 16.4970111847, -18.0494842529, -78.0350341797, -71.7707214355, 28.7990531921, 27.6352920532, 10.606139183, -2.06156420708, 48.4236984253, 110.757904053, 39.3369941711, -23.8798389435], [17.8093986511, -0.0454446822405, 33.9493713379, -15.3449001312, -34.8643951416, 19.7397975922, 13.2259349823, -8.45658493042, -0.165750697255, -5.76350355148, 39.3369941711, 72.1160125732, 26.0084266663], [-34.9117202759, -6.95632982254, 42.7020530701, 35.6852645874, 21.5706996918, -8.21660709381, -6.76467466354, -8.15256690979, 4.82219839096, -19.6360778809, -23.8798389435, 26.0084266663, 80.5680007935]],
        "icov": [[0.00156877632253, 0.000801299756858, 0.000664449529722, 0.000742860429455, 0.000589000934269, -0.0010797289433, 0.000923794461414, -0.00036643067142, 0.000338675599778, -0.000188795602298, -0.00028775568353, 9.18115765671e-05, -0.000340763042914], [0.000801299756858, 0.00276202266105, 0.000190861595911, 0.000996298040263, 0.000209700359846, -6.73566319165e-05, 0.000490425270982, -0.000943520339206, 0.000792096252553, 0.00012394451187, -0.000323760032188, 0.000114395385026, -0.000224144358071], [0.000664449529722, 0.000190861595911, 0.00312549853697, -0.000283336034045, 0.000994755071588, -0.00242656143382, 0.00172150961589, -0.00080996187171, -0.00028722154093, 0.00141482811887, -8.38972700876e-05, -0.00036159256706, -0.00122400058899], [0.000742860429455, 0.000996298040263, -0.000283336034045, 0.0103440079838, -0.00533540733159, -0.000453339918749, -0.000516473781317, 0.00201238016598, -0.00387230399065, 0.00233046920039, 0.00201623374596, -0.000571166514419, -0.000899264181498], [0.000589000934269, 0.000209700359846, 0.000994755071588, -0.00533540733159, 0.00810471922159, -0.000549686956219, 0.00180353247561, -0.00145573995542, 0.000864933826961, -0.00345374830067, 0.00221537798643, 0.000522761314642, -0.000518219370861], [-0.0010797289433, -6.73566319165e-05, -0.00242656143382, -0.000453339918749, -0.000549686956219, 0.0152410967276, -0.00676598632708, 0.00530612189323, -0.00129063043278, 0.000916152610444, -0.00269012525678, -0.000580644817092, 0.00237419619225], [0.000923794461414, 0.000490425270982, 0.00172150961589, -0.000516473781317, 0.00180353247561, -0.00676598632708, 0.0121419169009, -0.00818263646215, 0.00130711891688, -0.00059249997139, 0.000492280523758, -0.00164657994173, -0.000767624704167], [-0.00036643067142, -0.000943520339206, -0.00080996187171, 0.00201238016598, -0.00145573995542, 0.00530612189323, -0.00818263646215, 0.0178628526628, -0.00667567877099, -0.000792936363723, -0.000855464721099, 0.00255434284918, 0.000477260560729], [0.000338675599778, 0.000792096252553, -0.00028722154093, -0.00387230399065, 0.000864933826961, -0.00129063043278, 0.00130711891688, -0.00667567877099, 0.0177906583995, -0.00559823028743, 0.00163220369723, -0.00230226409622, -4.86902827106e-05], [-0.000188795602298, 0.00012394451187, 0.00141482811887, 0.00233046920039, -0.00345374830067, 0.000916152610444, -0.00059249997139, -0.000792936363723, -0.00559823028743, 0.0212841071188, -0.0124042183161, 0.00691316649318, -0.00135081808548], [-0.00028775568353, -0.000323760032188, -8.38972700876e-05, 0.00201623374596, 0.00221537798643, -0.00269012525678, 0.000492280523758, -0.000855464721099, 0.00163220369723, -0.0124042183161, 0.0252865590155, -0.0152919748798, 0.00739645538852], [9.18115765671e-05, 0.000114395385026, -0.00036159256706, -0.000571166514419, 0.000522761314642, -0.000580644817092, -0.00164657994173, 0.00255434284918, -0.00230226409622, 0.00691316649318, -0.0152919748798, 0.0278659891337, -0.0112899458036], [-0.000340763042914, -0.000224144358071, -0.00122400058899, -0.000899264181498, -0.000518219370861, 0.00237419619225, -0.000767624704167, 0.000477260560729, -4.86902827106e-05, -0.00135081808548, 0.00739645538852, -0.0112899458036, 0.0191671159118]]
    },
    "spectral_contrast_coeffs": {
        "max": [-0.396760523319, -0.472464829683, -0.510985076427, -0.592647790909, -0.635544776917, -0.628505170345],
        "mean": [-0.698734402657, -0.735857248306, -0.763108611107, -0.770700633526, -0.77943277359, -0.769372344017],
        "min": [-0.898079574108, -0.905711770058, -0.895472288132, -0.893077135086, -0.874405384064, -0.851093530655],
        "stdev": [0.0711564570665, 0.076163187623, 0.0719560980797, 0.0573621727526, 0.0396384447813, 0.0341274142265]
    },
    "spectral_contrast_valleys": {
        "max": [-4.98752880096, -5.14010810852, -5.65785264969, -6.14174032211, -5.6389708519, -7.73897886276],
        "mean": [-6.29658794403, -6.64104795456, -7.3668961525, -7.4529209137, -6.91391086578, -9.21890544891],
        "min": [-8.28493404388, -8.20348930359, -8.68009757996, -8.79636478424, -8.44080734253, -10.5115337372],
        "stdev": [0.454773485661, 0.476783871651, 0.466948509216, 0.424140959978, 0.413274943829, 0.480407685041]
    }
},
"rhythm": {
    "beats_count": 59,
    "beats_loudness": {
        "max": 0.0528143756092,
        "mean": 0.0327785052359,
        "min": 0.012577068992,
        "stdev": 0.0105723757297
    },
    "bpm": 99.8932647705,
    "bpm_histogram_first_peak_bpm": 99,
    "bpm_histogram_first_peak_weight": 0.31481474638,
    "bpm_histogram_second_peak_bpm": 92,
    "bpm_histogram_second_peak_spread": 0,
    "bpm_histogram_second_peak_weight": 0.0689655169845,
    "danceability": 1.04792094231,
    "onset_rate": 3.38864970207,
    "beats_loudness_band_ratio": {
        "max": [0.83803999424, 0.741844773293, 0.519790709019, 0.477683722973, 0.479188531637, 0.3330488801],
        "mean": [0.36056047678, 0.21588909626, 0.150805130601, 0.0663478150964, 0.103646859527, 0.136841729283],
        "min": [0.102041274309, 0.0125577328727, 0.0109952278435, 0.00374043732882, 0.00538296625018, 0.0374144539237],
        "stdev": [0.184383302927, 0.154849454761, 0.138682633638, 0.0849813371897, 0.0874125659466, 0.0715799704194]
    },
    "beats_position": [0.638548731804, 1.28870749474, 1.95047616959, 2.60063481331, 3.25079369545, 3.87773227692, 4.48145103455, 5.08516979218, 5.6888885498, 6.29260778427, 6.8963265419, 7.4884352684, 8.08054447174, 8.68426322937, 9.287981987, 9.89170074463, 10.4954195023, 11.0991382599, 11.6912469864, 12.2833557129, 12.8870744705, 13.479183197, 14.0829019547, 14.6866207123, 15.2903394699, 15.8940582275, 16.4977779388, 17.0898857117, 17.693605423, 18.2973232269, 18.9010429382, 19.4931507111, 20.0852603912, 20.6889801025, 21.2926979065, 21.8964176178, 22.4885253906, 23.0922451019, 23.6843528748, 24.2880725861, 24.89179039, 25.4955101013, 26.0992279053, 26.6913375854, 27.2834453583, 27.8871650696, 28.4908847809, 29.0946025848, 29.686712265, 30.2788200378, 30.8825397491, 31.4862575531, 32.0899772644, 32.6936950684, 33.2974128723, 33.8895225525, 34.4932403564, 35.0853500366, 35.6890678406],
