{
"metadata": {
    "version": {
        "essentia": "2.1-beta5",
        "essentia_git_sha": "Undefined",
        "extractor": "music 2.0"
    },
    "audio_properties": {
        "analysis": {
            "equal_loudness": 0,
            "length": 35.9909286499,
            "sample_rate": 44100,
            "start_time": 126.490699768,
            "downmix": "mix"
        },
        "bit_rate": 192000,
        "length": 187.5,
        "lossless": 0,
        "number_channels": 2,
        "replay_gain": -7.13883972168,
        "sample_rate": 48000,
        "codec": "mp3",
        "md5_encoded": "ae48befad166dcf808ce56f0219451a7"
    },
    "tags": {
        "file_name": "Lithuania_Love Or Leave_4Fun.mp3",
        "encoding": ["Lavf58.29.100"]
    }
},
"lowlevel": {
    "average_loudness": 0.965315043926,
    "barkbands_crest": {
        "max": 25.6722888947,
        "mean": 10.739648819,
        "min": 3.32326817513,
        "stdev": 4.11499547958
    },
    "barkbands_flatness_db": {
        "max": 0.296003609896,
        "mean": 0.137924060225,
        "min": 0.0396491996944,
        "stdev": 0.0391909144819
    },
    "barkbands_kurtosis": {
        "max": 155.924850464,
        "mean": 7.9328327179,
        "min": -1.66675889492,
        "stdev": 12.1346626282
    },
    "barkbands_skewness": {
        "max": 10.4779748917,
        "mean": 1.99358129501,
        "min": -0.288805186749,
        "stdev": 1.40196764469
    },
    "barkbands_spread": {
        "max": 74.9620056152,
        "mean": 16.454498291,
        "min": 1.0516217947,
        "stdev": 9.12076187134
    },
    "dissonance": {
        "max": 0.5,
        "mean": 0.442006856203,
        "min": 0.300029098988,
        "stdev": 0.0309984032065
    },
    "dynamic_complexity": 1.43215668201,
    "erbbands_crest": {
        "max": 28.4885902405,
        "mean": 11.9952878952,
        "min": 3.0575606823,
        "stdev": 5.14701318741
    },
    "erbbands_flatness_db": {
        "max": 0.278527766466,
        "mean": 0.156657755375,
        "min": 0.065024100244,
        "stdev": 0.0368880406022
    },
    "erbbands_kurtosis": {
        "max": 38.2901420593,
        "mean": 1.80290567875,
        "min": -1.68384981155,
        "stdev": 3.38724589348
    },
    "erbbands_skewness": {
        "max": 5.18393993378,
        "mean": 0.978589117527,
        "min": -1.37699174881,
        "stdev": 0.839420497417
    },
    "erbbands_spread": {
        "max": 122.866973877,
        "mean": 35.03673172,
        "min": 4.93526744843,
        "stdev": 15.9336652756
    },
    "hfc": {
        "max": 134.828613281,
        "mean": 23.5923538208,
        "min": 1.62110674381,
        "stdev": 15.4198503494
    },
    "loudness_ebu128": {
        "integrated": -15.6249485016,
        "loudness_range": 1.77012062073,
        "momentary": {
            "max": -12.96164608,
            "mean": -15.7584962845,
            "min": -20.0180473328,
            "stdev": 1.08665251732
        },
        "short_term": {
            "max": -14.3003444672,
            "mean": -15.6120491028,
            "min": -16.4881801605,
            "stdev": 0.499510377645
        }
    },
    "melbands_crest": {
        "max": 29.6534423828,
        "mean": 13.1822547913,
        "min": 5.05639505386,
        "stdev": 4.46784305573
    },
    "melbands_flatness_db": {
        "max": 0.393072396517,
        "mean": 0.210896283388,
        "min": 0.0650094375014,
        "stdev": 0.0462770611048
    },
    "melbands_kurtosis": {
        "max": 185.547683716,
        "mean": 17.3937282562,
        "min": -1.10539758205,
        "stdev": 22.8017063141
    },
    "melbands_skewness": {
        "max": 11.1428699493,
        "mean": 2.67446303368,
        "min": -0.404590815306,
        "stdev": 1.70017242432
    },
    "melbands_spread": {
        "max": 80.1182785034,
        "mean": 17.2612018585,
        "min": 1.04761302471,
        "stdev": 10.7236852646
    },
    "pitch_salience": {
        "max": 0.80422860384,
        "mean": 0.526986181736,
        "min": 0.195282578468,
        "stdev": 0.0991913154721
    },
    "silence_rate_20dB": {
        "max": 1,
        "mean": 1,
        "min": 1,
        "stdev": 0
    },
    "silence_rate_30dB": {
        "max": 1,
        "mean": 1,
        "min": 1,
        "stdev": 0
    },
    "silence_rate_60dB": {
        "max": 0,
        "mean": 0,
        "min": 0,
        "stdev": 0
    },
    "spectral_centroid": {
        "max": 2958.60449219,
        "mean": 951.602416992,
        "min": 272.684295654,
        "stdev": 443.796905518
    },
    "spectral_complexity": {
        "max": 41,
        "mean": 15.1179885864,
        "min": 3,
        "stdev": 5.18525123596
    },
    "spectral_decrease": {
        "max": -8.77060202242e-10,
        "mean": -8.39847125178e-09,
        "min": -3.31108971352e-08,
        "stdev": 3.84226561678e-09
    },
    "spectral_energy": {
        "max": 0.127063944936,
        "mean": 0.0338376387954,
        "min": 0.00355952023529,
        "stdev": 0.0153355766088
    },
    "spectral_energyband_high": {
        "max": 0.0116335060447,
        "mean": 0.000691468070727,
        "min": 3.22038213199e-05,
        "stdev": 0.000914887408726
    },
    "spectral_energyband_low": {
        "max": 0.102048903704,
        "mean": 0.00585025502369,
        "min": 1.24431217046e-05,
        "stdev": 0.00796318426728
    },
    "spectral_energyband_middle_high": {
        "max": 0.0520084090531,
        "mean": 0.00700399838388,
        "min": 9.30663954932e-05,
        "stdev": 0.00794127304107
    },
    "spectral_energyband_middle_low": {
        "max": 0.0856875181198,
        "mean": 0.0214764829725,
        "min": 0.0022531200666,
        "stdev": 0.0113325016573
    },
    "spectral_entropy": {
        "max": 8.3521604538,
        "mean": 7.34108161926,
        "min": 5.87101078033,
        "stdev": 0.347578078508
    },
    "spectral_flux": {
        "max": 0.279801785946,
        "mean": 0.0983970239758,
        "min": 0.0216809827834,
        "stdev": 0.0414991639555
    },
    "spectral_kurtosis": {
        "max": 12.4796066284,
        "mean": 4.34030675888,
        "min": -0.5568318367,
        "stdev": 1.78485918045
    },
    "spectral_rms": {
        "max": 0.0111339492723,
        "mean": 0.00559886638075,
        "min": 0.00186351884622,
        "stdev": 0.00129034800921
    },
    "spectral_rolloff": {
        "max": 8764.01367188,
        "mean": 1018.30810547,
        "min": 150.732421875,
        "stdev": 855.648742676
    },
    "spectral_skewness": {
        "max": 2.82015013695,
        "mean": 1.74983787537,
        "min": 0.576659023762,
        "stdev": 0.314853489399
    },
    "spectral_spread": {
        "max": 15417417,
        "mean": 5384895,
        "min": 3153191.5,
        "stdev": 1350423.625
    },
    "spectral_strongpeak": {
        "max": 8.88401031494,
        "mean": 1.63398909569,
        "min": 0,
        "stdev": 1.51331722736
    },
    "zerocrossingrate": {
        "max": 0.18505859375,
        "mean": 0.0536479726434,
        "min": 0.01171875,
        "stdev": 0.0230229981244
    },
    "barkbands": {
        "max": [0.00314306700602, 0.0720694810152, 0.024389564991, 0.0201542712748, 0.0648159533739, 0.0508285835385, 0.0207354575396, 0.0180060975254, 0.0413538366556, 0.0231084153056, 0.0290463268757, 0.045833773911, 0.0149822831154, 0.00592729588971, 0.0140274232253, 0.0101267900318, 0.00670337118208, 0.00478588277474, 0.00371113372967, 0.0055052083917, 0.000823207141366, 0.00177228346001, 0.00262617738917, 0.00835742335767, 0.00327455252409, 0.00313482456841, 0.000239318294916],
        "mean": [0.000214788567973, 0.00279318029061, 0.00208478793502, 0.00175894610584, 0.00779153639451, 0.00609748298302, 0.0014636995038, 0.00130368897226, 0.00221850955859, 0.00126414990518, 0.000852373370435, 0.00276874331757, 0.000450324820122, 0.000340412923833, 0.000413038273109, 0.000340896716807, 0.000275164376944, 0.000297168386169, 0.000257565581705, 0.00026045111008, 7.87658063928e-05, 9.91446722765e-05, 0.000123148347484, 0.000123679303215, 9.62607882684e-05, 6.50388174108e-05, 4.74734133604e-06],
        "min": [2.80947638487e-08, 2.4799902576e-07, 1.90911760001e-06, 8.30968474475e-06, 9.31752801989e-05, 5.34617211088e-05, 4.90267848363e-06, 5.26294388692e-06, 6.74023840475e-06, 3.81317590836e-06, 2.03542549571e-06, 9.39574238146e-06, 1.60669890192e-06, 1.50610594574e-06, 2.8806894079e-06, 3.080763463e-06, 3.42809516951e-06, 3.01608906739e-06, 2.96552730106e-06, 6.3900170062e-06, 3.9540814214e-06, 2.25782468988e-06, 1.88631611309e-06, 3.68978294318e-06, 1.67314806276e-06, 5.41655595043e-07, 6.60641749639e-11],
        "stdev": [0.000372601178242, 0.00521543249488, 0.00295821391046, 0.0023929127492, 0.00859935581684, 0.00671986630186, 0.00264345551841, 0.0018848082982, 0.0037725623697, 0.00228093191981, 0.00263789552264, 0.00567882368341, 0.00132495339494, 0.000702114426531, 0.000996332266368, 0.0010299757123, 0.00051720632473, 0.000458420516225, 0.000390169734601, 0.000531977217179, 9.25904314499e-05, 0.000149028142914, 0.000192653053091, 0.000305490888422, 0.000167197882547, 0.000179919210495, 1.61958359968e-05]
    },
    "erbbands": {
        "max": [1.80051875114, 17.0876255035, 32.9694290161, 45.3621482849, 126.104263306, 283.268280029, 503.502746582, 438.451629639, 469.639862061, 381.644805908, 393.690551758, 946.234313965, 1068.65319824, 610.745544434, 1332.26293945, 2175.98193359, 615.579040527, 326.906921387, 457.140106201, 783.900756836, 450.233978271, 322.765319824, 284.181030273, 222.338134766, 206.669006348, 382.82131958, 41.63722229, 46.0518379211, 86.2122039795, 46.2577476501, 54.8787498474, 203.947006226, 106.019012451, 30.6756248474, 24.6767883301, 14.5106906891, 6.92512369156, 0.598267436028, 0.0553680211306, 0.00139366090298],
        "mean": [0.0821648836136, 0.623528242111, 2.34342551231, 4.30564880371, 13.4005041122, 28.1001930237, 48.5371246338, 41.5474853516, 32.9133758545, 14.7948703766, 42.0453987122, 45.0018081665, 54.4953956604, 21.9052505493, 49.1519851685, 122.773620605, 31.0385742188, 20.1146221161, 18.2462272644, 21.6929759979, 17.8934383392, 15.6543130875, 15.1870059967, 18.5473556519, 10.396987915, 13.5369024277, 3.80510520935, 3.7292163372, 3.26919746399, 3.65419745445, 3.47806406021, 2.33817148209, 2.20591568947, 1.34277546406, 0.601809382439, 0.329396426678, 0.116873547435, 0.0133234569803, 0.000881699670572, 6.35073811281e-05],
        "min": [2.85600872303e-05, 0.000236499923631, 0.00473569380119, 0.0351632572711, 0.171962037683, 0.263448625803, 0.492777764797, 0.329750567675, 0.404799580574, 0.305667251348, 0.400586217642, 0.307136297226, 0.26444080472, 0.325261354446, 0.223448306322, 0.417419165373, 0.115405037999, 0.110816650093, 0.183557957411, 0.220666989684, 0.302801340818, 0.236644074321, 0.173379048705, 0.165094643831, 0.213661894202, 0.289719074965, 0.134741425514, 0.144828051329, 0.0859885290265, 0.0694014281034, 0.0538529269397, 0.0665542930365, 0.0510285943747, 0.029439330101, 0.00863250438124, 0.00326358270831, 0.000552066310775, 6.67530257488e-05, 7.81833841756e-06, 5.36081734026e-06],
        "stdev": [0.151490628719, 1.19539511204, 3.40561342239, 4.6751947403, 15.2899703979, 37.003036499, 65.0508804321, 48.7747497559, 54.5717468262, 30.5419559479, 57.3969802856, 75.2582778931, 92.6385955811, 42.7121772766, 132.154434204, 261.094146729, 63.4455070496, 36.6767883301, 40.2803001404, 51.3418502808, 44.5002975464, 29.9449157715, 25.9586868286, 24.5218029022, 16.533454895, 31.1769123077, 4.48944854736, 4.46611595154, 5.86785840988, 4.8245639801, 4.96449136734, 6.67345523834, 4.91911411285, 2.23038744926, 1.1392223835, 0.915949046612, 0.343219190836, 0.0347166955471, 0.00286946888082, 7.38983871997e-05]
    },
    "gfcc": {
        "mean": [27.3273639679, 85.7381591797, -100.069725037, 21.185459137, -66.3426132202, 9.81384849548, -46.6808929443, 6.81736660004, -34.7983474731, -1.26694977283, -14.7531642914, 2.2376101017, -11.9827671051],
        "cov": [[1350.81140137, -361.792907715, -181.328231812, -57.4540939331, 90.1234588623, 180.11428833, 147.152023315, 112.503135681, -19.6915969849, 14.7892503738, -2.47924733162, 68.5314941406, -59.0660018921], [-361.792907715, 544.027893066, 15.4386777878, 90.5073928833, 128.129623413, 13.81478405, 51.4444084167, 33.3595848083, 98.7626190186, -6.76656627655, 40.2196884155, -38.4572868347, 65.1157989502], [-181.328231812, 15.4386777878, 542.842773438, 115.96006012, 11.8806333542, 16.166469574, -53.2930793762, 18.2061576843, 87.6899414062, 72.9335174561, -62.7270126343, 26.2838935852, -29.0983886719], [-57.4540939331, 90.5073928833, 115.96006012, 212.961105347, 67.1373291016, 11.376906395, -7.57257938385, 39.0843887329, 90.3463287354, 11.2629652023, -27.7418289185, -11.2982530594, 17.6003952026], [90.1234588623, 128.129623413, 11.8806333542, 67.1373291016, 205.255477905, 51.8532295227, 40.0147018433, 63.3138313293, 66.9244537354, 22.7159576416, -0.648619949818, 11.6049995422, 11.061132431], [180.11428833, 13.81478405, 16.166469574, 11.376906395, 51.8532295227, 215.474731445, 145.260879517, 34.2483253479, -2.38612484932, 20.781452179, 23.0965175629, -10.3139953613, -30.4223995209], [147.152023315, 51.4444084167, -53.2930793762, -7.57257938385, 40.0147018433, 145.260879517, 226.033966064, 45.5382804871, -46.0561943054, 1.19963884354, 28.5442180634, -12.5981302261, -33.1246833801], [112.503135681, 33.3595848083, 18.2061576843, 39.0843887329, 63.3138313293, 34.2483253479, 45.5382804871, 171.061187744, 122.962936401, 21.7274417877, -17.6580753326, -1.88985645771, -8.51833820343], [-19.6915969849, 98.7626190186, 87.6899414062, 90.3463287354, 66.9244537354, -2.38612484932, -46.0561943054, 122.962936401, 234.567504883, 50.7721061707, -38.0985107422, 4.62662410736, 18.297794342], [14.7892503738, -6.76656627655, 72.9335174561, 11.2629652023, 22.7159576416, 20.781452179, 1.19963884354, 21.7274417877, 50.7721061707, 85.1740188599, 16.1753044128, 7.39404344559, -3.49943995476], [-2.47924733162, 40.2196884155, -62.7270126343, -27.7418289185, -0.648619949818, 23.0965175629, 28.5442180634, -17.6580753326, -38.0985107422, 16.1753044128, 103.663581848, 22.8886623383, 9.9172410965], [68.5314941406, -38.4572868347, 26.2838935852, -11.2982530594, 11.6049995422, -10.3139953613, -12.5981302261, -1.88985645771, 4.62662410736, 7.39404344559, 22.8886623383, 86.0776748657, 23.2098026276], [-59.0660018921, 65.1157989502, -29.0983886719, 17.6003952026, 11.061132431, -30.4223995209, -33.1246833801, -8.51833820343, 18.297794342, -3.49943995476, 9.9172410965, 23.2098026276, 102.270088196]],
        "icov": [[0.0014256661525, 0.00108894438017, 0.000590069335885, -2.03724921448e-05, -0.000815925770439, -0.000883942178916, -0.00026393510052, -0.000640151672997, 2.90623029287e-05, -5.04901909153e-05, 0.000344716449035, -0.00101698096842, 0.00017839037173], [0.00108894438017, 0.00498551456258, -0.000822938454803, 0.000422760756919, -0.00317514082417, 0.00118578283582, -0.0030806818977, 0.00182839576155, -0.00377435632981, 0.00356843275949, -0.00387487094849, 0.00345795578323, -0.00261327950284], [0.000590069335885, -0.000822938454803, 0.00366803398356, -0.00185528979637, 0.00105388381053, -0.00174929806963, 0.00171170581598, -0.000868822855409, 0.00155476678628, -0.00393233355135, 0.00360982585698, -0.0036012174096, 0.00212990026921], [-2.03724921448e-05, 0.000422760756919, -0.00185528979637, 0.00726970378309, -0.00212252442725, 0.000518926477525, -0.00115067895968, 0.00125779595692, -0.00317555642687, 0.00256522442214, -0.000911518000066, 0.00260918121785, -0.001791732735], [-0.000815925770439, -0.00317514082417, 0.00105388381053, -0.00212252442725, 0.00860945601016, -0.00179602240678, 0.00156934175175, -0.00236964900978, 0.00192212115508, -0.00333836046048, 0.0027770078741, -0.00342196365818, 0.00111020402983], [-0.000883942178916, 0.00118578283582, -0.00174929806963, 0.000518926477525, -0.00179602240678, 0.0105884373188, -0.00720793893561, 0.0026574912481, -0.00314998580143, 0.0012000562856, -0.00339455995709, 0.00344565231353, -0.000469948543468], [-0.00026393510052, -0.0030806818977, 0.00171170581598, -0.00115067895968, 0.00156934175175, -0.00720793893561, 0.0126260137185, -0.00597880966961, 0.00709764054045, -0.0031768954359, 0.00247563584708, -0.00271192658693, 0.0027685193345], [-0.000640151672997, 0.00182839576155, -0.000868822855409, 0.00125779595692, -0.00236964900978, 0.0026574912481, -0.00597880966961, 0.0142450230196, -0.010082244873, 0.00346676609479, -0.00228034239262, 0.00273069390096, -0.000176799323526], [2.90623029287e-05, -0.00377435632981, 0.00155476678628, -0.00317555642687, 0.00192212115508, -0.00314998580143, 0.00709764054045, -0.010082244873, 0.0155116887763, -0.00853813812137, 0.00653330422938, -0.00454154517502, 0.00105269160122], [-5.04901909153e-05, 0.00356843275949, -0.00393233355135, 0.00256522442214, -0.00333836046048, 0.0012000562856, -0.0031768954359, 0.00346676609479, -0.00853813812137, 0.0211582612246, -0.00926315691322, 0.00498439930379, -0.00186502118595], [0.000344716449035, -0.00387487094849, 0.00360982585698, -0.000911518000066, 0.0027770078741, -0.00339455995709, 0.00247563584708, -0.00228034239262, 0.00653330422938, -0.00926315691322, 0.0183791480958, -0.00863618403673, 0.00184379157145], [-0.00101698096842, 0.00345795578323, -0.0036012174096, 0.00260918121785, -0.00342196365818, 0.00344565231353, -0.00271192658693, 0.00273069390096, -0.00454154517502, 0.00498439930379, -0.00863618403673, 0.0197288673371, -0.00617538206279], [0.00017839037173, -0.00261327950284, 0.00212990026921, -0.001791732735, 0.00111020402983, -0.000469948543468, 0.0027685193345, -0.000176799323526, 0.00105269160122, -0.00186502118595, 0.00184379157145, -0.00617538206279, 0.0140519412234]]
    },
    "melbands": {
        "max": [0.0179352760315, 0.0190489906818, 0.00762821920216, 0.0128140682355, 0.0133338663727, 0.00875383429229, 0.00621583359316, 0.00457753241062, 0.00416953023523, 0.00649916054681, 0.00521848117933, 0.00295842881314, 0.00454964768142, 0.00429691933095, 0.00440504169092, 0.0020696723368, 0.000738244620152, 0.000818683416583, 0.0013991878368, 0.00108059530612, 0.000499889545608, 0.000407715036999, 0.000336688652169, 0.000303104752675, 0.000222833376029, 0.000124458543723, 0.000205686330446, 0.000258122687228, 3.64667648682e-05, 1.55876768986e-05, 3.07121445076e-05, 5.05854841322e-05, 3.13922355417e-05, 2.80650165223e-05, 2.29523775488e-05, 6.64246545057e-05, 0.00015926528431, 0.000102266218164, 3.95967363147e-05, 2.40092922468e-05],
        "mean": [0.000738488335628, 0.00107749551535, 0.000993423280306, 0.00147455371916, 0.00164076103829, 0.00101484078914, 0.00045015552314, 0.000156532158144, 0.000384969520383, 0.000284723617369, 0.000266605638899, 7.8615223174e-05, 0.000126184240798, 0.000298224069411, 0.000189381273231, 4.43385542894e-05, 3.64390762115e-05, 2.6640125725e-05, 3.2595875382e-05, 2.74655976682e-05, 1.89489055629e-05, 1.80209444807e-05, 1.06258739834e-05, 1.51855610966e-05, 1.56614933076e-05, 6.63833816361e-06, 9.00538543647e-06, 8.60792351887e-06, 2.50287939707e-06, 1.54636711613e-06, 2.41361180997e-06, 1.84776365586e-06, 1.83062570613e-06, 2.01692864721e-06, 2.08127562473e-06, 1.6013880213e-06, 1.39497922191e-06, 1.51972926687e-06, 1.50081257289e-06, 1.0469859717e-06],
        "min": [1.14156073039e-07, 1.69705663211e-06, 1.2277310816e-05, 2.00044796657e-05, 1.30056414491e-05, 7.81056132837e-06, 1.80442884812e-06, 9.70122982835e-07, 1.25355904856e-06, 9.85993779068e-07, 9.24775065414e-07, 1.12534439722e-06, 3.64985623946e-07, 8.52247978855e-07, 3.50153442241e-07, 1.66818892922e-07, 1.89532116224e-07, 1.8811314817e-07, 2.21583420057e-07, 1.97978181404e-07, 2.8790660167e-07, 1.82934016379e-07, 1.60680627914e-07, 1.67268595419e-07, 1.12560314847e-07, 1.19785454444e-07, 9.93552333739e-08, 1.3931577314e-07, 7.71068471295e-08, 6.80011069676e-08, 7.5893559881e-08, 5.20518739222e-08, 2.15112141433e-08, 3.22587574431e-08, 2.81527476886e-08, 2.87405974575e-08, 3.2549369422e-08, 3.07887972895e-08, 2.86185670717e-08, 1.87591204792e-08],
        "stdev": [0.00136682379525, 0.0015934377443, 0.00100861710962, 0.0016237659147, 0.00204932852648, 0.00112264754716, 0.000744088494685, 0.000337755045621, 0.000558139232453, 0.000526496034581, 0.000467483740067, 0.000177959562279, 0.000400509918109, 0.000607416499406, 0.000427010236308, 0.000152370936121, 7.50521867303e-05, 6.21290892013e-05, 8.5976702394e-05, 8.53709279909e-05, 4.76720160805e-05, 3.7770227209e-05, 1.88071480807e-05, 2.6234147299e-05, 2.29991364904e-05, 1.07614805529e-05, 1.93746600416e-05, 1.94297626877e-05, 3.60656554221e-06, 1.99840087589e-06, 2.93472999147e-06, 3.3684959817e-06, 2.96483358397e-06, 2.66134452431e-06, 3.02954958897e-06, 3.64797710972e-06, 4.81618826598e-06, 4.29649344369e-06, 2.78037168755e-06, 1.80789356818e-06]
    },
    "melbands128": {
        "max": [0.00302857672796, 0.015741981566, 0.0248252525926, 0.0302189812064, 0.0210414119065, 0.0123757207766, 0.0101120006293, 0.0132327582687, 0.0158087220043, 0.0167323723435, 0.0212666224688, 0.0256411451846, 0.0248951017857, 0.0202479939908, 0.0133188478649, 0.0141777228564, 0.015218266286, 0.00451690284535, 0.00852949358523, 0.00554371858016, 0.00694524217397, 0.00336262304336, 0.00646083289757, 0.00655222544447, 0.00633154157549, 0.0121232941747, 0.0127876410261, 0.00776960514486, 0.00507757253945, 0.00652711512521, 0.00505139026791, 0.00581845501438, 0.00852793455124, 0.0084785008803, 0.0100084459409, 0.00948526058346, 0.013929287903, 0.00579627975821, 0.00298816896975, 0.00286954268813, 0.00385795137845, 0.00137336028274, 0.00121920392849, 0.00152029294986, 0.00136541179381, 0.00160712888464, 0.00187697471119, 0.00344466557726, 0.00117346656043, 0.00285009504296, 0.0024457257241, 0.00182466581464, 0.0010016997112, 0.000704586156644, 0.00129860173911, 0.000853183155414, 0.000583762594033, 0.000199623886147, 0.000687700405251, 0.000479359558085, 0.000688792206347, 0.000488255667733, 0.000327927962644, 0.000491599668749, 0.000236946187215, 0.000202642229851, 0.000368117005564, 0.000212552215089, 0.000298092549201, 0.000618658261374, 0.000515301246196, 0.0001392638369, 6.74825932947e-05, 4.83804178657e-05, 2.01325219678e-05, 2.86211707134e-05, 3.13480886689e-05, 4.13218040194e-05, 3.77643009415e-05, 4.70226659672e-05, 2.73959649348e-05, 9.29407906369e-05, 8.24452654342e-05, 2.05787073355e-05, 7.41482581361e-05, 5.74952209718e-05, 2.37323056353e-05, 4.85495584144e-05, 4.32365268352e-05, 2.93214034173e-05, 4.84954143758e-05, 0.00014693812409, 6.37013363303e-05, 0.000360569159966, 2.68660714937e-05, 0.000169695485965, 0.000123938167235, 3.00374631479e-05, 0.000100015458884, 2.43061676883e-05, 2.82788805634e-05, 1.74952256202e-05, 5.74132536713e-05, 5.74925325054e-05, 3.01740255964e-05, 8.06695152278e-06, 1.35862383104e-05, 2.958409641e-05, 2.77634862869e-05, 6.34681637166e-05, 2.58059917542e-05, 3.32354902639e-05, 4.32343185821e-05, 1.02936273834e-05, 6.81155415805e-06, 1.00309125628e-05, 2.99955331684e-06, 3.23738686347e-06, 3.66477456737e-06, 2.36263304032e-06, 1.53851499363e-06, 1.02471312857e-06, 3.90019295082e-07, 3.29005622746e-08, 1.06662820798e-08, 1.05040784959e-08, 1.03903241566e-08, 1.03121919892e-08],
        "mean": [0.000180906281457, 0.000683382328134, 0.000846303708386, 0.00107971194666, 0.00125793763436, 0.000936426455155, 0.000789699493907, 0.000930397596676, 0.00142075691838, 0.00142897269689, 0.00156553066336, 0.0017171947984, 0.0018618471222, 0.00136358488817, 0.000756623980124, 0.00104361865669, 0.000885427114554, 0.000186737030162, 0.000146726641105, 0.000143297103932, 0.00015725826961, 0.000189896119991, 0.00052987516392, 0.00045808457071, 0.000200033056899, 0.000279495405266, 0.00027788215084, 0.000372362555936, 0.000140924894367, 5.49039577891e-05, 7.5817668403e-05, 7.75087755756e-05, 0.00010995867342, 0.000195487693418, 0.000140888121678, 0.000390927423723, 0.000477191555547, 0.000162293625181, 3.46720771631e-05, 4.51105406682e-05, 5.97601901973e-05, 2.00719587156e-05, 3.74706614821e-05, 4.90102065669e-05, 1.90746832232e-05, 2.26628362725e-05, 3.24251850543e-05, 3.8534100895e-05, 2.81345746771e-05, 2.82724104181e-05, 2.70474502031e-05, 3.01602794934e-05, 1.58324473887e-05, 1.65812125488e-05, 1.93355244846e-05, 2.27405271289e-05, 1.22233632283e-05, 7.6368705777e-06, 1.01155128505e-05, 1.58472139447e-05, 1.54001336341e-05, 1.26781724248e-05, 2.29115157708e-05, 1.61830357683e-05, 5.32534113518e-06, 5.73807665205e-06, 8.37227617012e-06, 5.31357727596e-06, 8.1788011812e-06, 1.60335675901e-05, 9.20130332815e-06, 5.25822224517e-06, 3.33575326295e-06, 2.05664332498e-06, 1.21549601317e-06, 1.70325461113e-06, 1.28547287659e-06, 2.3046975457e-06, 2.65246558229e-06, 2.64111463366e-06, 1.70910016095e-06, 1.58666387051e-06, 1.84656437341e-06, 1.46171441884e-06, 2.30728505812e-06, 2.37704489336e-06, 1.66267204804e-06, 1.76626315351e-06, 2.38442021328e-06, 2.11566930375e-06, 1.7049383132e-06, 1.66068105045e-06, 9.3908369081e-07, 1.62442142937e-06, 1.32550383114e-06, 1.65576182098e-06, 1.39816438605e-06, 1.4656576468e-06, 2.10490998143e-06, 1.01337400338e-06, 1.04176979221e-06, 1.09473376142e-06, 1.07290111373e-06, 7.2208695201e-07, 6.73113902394e-07, 5.4166468999e-07, 4.40371849209e-07, 5.17491116625e-07, 7.18092849183e-07, 5.71261011828e-07, 4.43762360192e-07, 4.49392217661e-07, 3.83405051707e-07, 3.35510833338e-07, 1.51663485326e-07, 9.34099375627e-08, 7.06894809355e-08, 4.86472764294e-08, 3.464019116e-08, 2.48565807937e-08, 1.44995988549e-08, 9.86153114724e-09, 3.52843221307e-09, 8.99913962793e-11, 1.11277419571e-11, 1.08864367174e-11, 1.07330871621e-11, 1.06532950864e-11],
        "min": [5.96906024608e-10, 9.10133479692e-08, 8.51025916404e-08, 4.59449935875e-08, 2.62050662059e-07, 1.16189789878e-06, 1.53672090164e-06, 2.50408697866e-06, 8.57879513205e-06, 3.88726994061e-06, 5.82915708947e-06, 4.1445723582e-06, 1.86982083505e-06, 3.64230731975e-06, 2.05338824344e-06, 2.87155489787e-06, 2.76846805036e-07, 5.23013568454e-07, 2.12734178717e-07, 2.24812680472e-07, 2.73708451459e-07, 5.73361660372e-07, 4.9464466656e-07, 1.64342736753e-07, 2.01784999376e-07, 1.38602615607e-07, 2.88140824978e-07, 2.98514805763e-07, 2.44448642661e-07, 1.2129704885e-07, 3.96973177885e-07, 2.52646685794e-07, 1.66371769694e-08, 7.41825942896e-08, 1.44017349157e-07, 4.35989079506e-07, 4.71787672041e-07, 1.67157963915e-07, 1.21529851072e-07, 7.85666571801e-08, 5.0502013238e-08, 1.12927224905e-07, 1.46421328395e-07, 1.22266456515e-07, 3.47218893637e-08, 3.31170504353e-08, 5.52795746955e-08, 9.77966365667e-08, 5.46153451353e-08, 5.36111528504e-08, 7.19453296938e-08, 1.32521108753e-07, 4.93175349447e-08, 9.87282788856e-08, 1.09932962289e-07, 4.38191563035e-08, 3.29955085476e-08, 5.9047710721e-08, 8.26138375487e-08, 6.73886191294e-08, 6.05759495897e-08, 7.08046243858e-08, 9.07429296149e-08, 5.57395551937e-08, 4.79296922151e-08, 6.0158598103e-08, 8.5301586239e-08, 6.29535392704e-08, 5.30117283404e-08, 3.17084101198e-08, 4.4601446092e-08, 1.26247485355e-07, 5.49414131967e-08, 2.96677402645e-08, 2.01396286315e-08, 2.37687594051e-08, 1.45230369952e-08, 5.18498879387e-08, 5.7506209572e-08, 6.5194889487e-08, 2.39845547867e-08, 2.07377048866e-08, 1.92110842789e-08, 1.54813815101e-08, 2.11824122687e-08, 2.31038477239e-08, 2.85844929948e-08, 2.52918379573e-08, 2.07978239075e-08, 3.23349453879e-08, 2.49775276018e-08, 1.83712582924e-08, 1.70773102326e-08, 1.92346210071e-08, 2.92028641269e-08, 2.37288961813e-08, 2.56177088431e-08, 1.71020761996e-08, 2.83513834631e-08, 1.72710183932e-08, 1.64124127622e-08, 1.90439184422e-08, 1.49995695864e-08, 6.64894095337e-09, 9.3622416486e-09, 5.13866860175e-09, 6.2434866166e-09, 6.48582743068e-09, 4.34760849544e-09, 3.39267458571e-09, 2.31706742682e-09, 1.60032909147e-09, 6.2671023926e-10, 1.2693067708e-09, 7.90203014134e-10, 7.51405104804e-10, 7.70622985997e-13, 2.99210038256e-13, 1.8540728577e-13, 1.55161907628e-13, 1.27457655433e-13, 9.76115618456e-14, 1.13335901807e-13, 1.06045692518e-13, 7.74242120611e-14, 3.14345819069e-14, 4.43315445253e-15, 2.14143613942e-16],
        "stdev": [0.000319957180182, 0.00126279646065, 0.00180243037175, 0.00212569558062, 0.00201796321198, 0.00130290666129, 0.000977106508799, 0.00145799317397, 0.0018807456363, 0.00194802379701, 0.00250488892198, 0.00306803127751, 0.00294571369886, 0.0022263857536, 0.00135047105141, 0.00174420676194, 0.00170266022906, 0.000457047572127, 0.000622156425379, 0.000388145272154, 0.000464215059765, 0.000363559200196, 0.000852083496284, 0.000913680880331, 0.000515959924087, 0.000924411287997, 0.000787105469499, 0.000735283887479, 0.00041659726412, 0.00023199217685, 0.000246327748755, 0.000303637440084, 0.00054818141507, 0.000788646750152, 0.00055367720779, 0.00106466573197, 0.0012912111124, 0.000522096292116, 0.000156018591952, 0.000192046922166, 0.000267998257186, 7.57082307246e-05, 9.7902266134e-05, 0.000134299363708, 7.60558250477e-05, 8.58377752593e-05, 0.000117456256703, 0.000164713841514, 8.291805716e-05, 0.000134007277666, 0.000121243036119, 0.000141523021739, 6.65298503009e-05, 5.30367760803e-05, 5.70313859498e-05, 6.80087177898e-05, 3.03315955534e-05, 1.88445428648e-05, 2.77086328424e-05, 4.10520406149e-05, 4.42857199232e-05, 2.82428027276e-05, 3.95934330299e-05, 3.73804941773e-05, 1.52611337398e-05, 1.28992669488e-05, 2.08873807424e-05, 1.23924073705e-05, 2.23948063649e-05, 5.50942422706e-05, 2.8072614441e-05, 1.18222505989e-05, 6.32484670859e-06, 3.62006267096e-06, 1.9162382614e-06, 2.44958232543e-06, 2.4563205443e-06, 3.71028977497e-06, 3.76743219022e-06, 3.98705424232e-06, 2.65216999651e-06, 5.01776594319e-06, 5.83434530199e-06, 2.19854996431e-06, 4.74364424008e-06, 4.00501539843e-06, 2.41635166276e-06, 3.16617251883e-06, 4.20831338488e-06, 3.39233088198e-06, 2.870415301e-06, 7.32491025701e-06, 2.10407779377e-06, 1.00534634839e-05, 2.33898776969e-06, 6.58487033434e-06, 4.90715819979e-06, 2.38100756178e-06, 5.50321374249e-06, 1.74463161784e-06, 1.95181587515e-06, 1.79602955086e-06, 2.99795215142e-06, 2.13742464439e-06, 1.39568487612e-06, 7.98344956365e-07, 9.50717605974e-07, 1.42281555782e-06, 2.18177433453e-06, 2.57509464063e-06, 1.36885398661e-06, 1.63146296472e-06, 1.49568290908e-06, 7.305878853e-07, 3.76147085035e-07, 3.54176506789e-07, 2.10846408777e-07, 2.21052147253e-07, 1.45001791907e-07, 1.1050866533e-07, 6.69333459768e-08, 4.49229347055e-08, 1.54590260593e-08, 9.30083288164e-10, 2.70711619788e-10, 2.66597105503e-10, 2.63711108506e-10, 2.61728305695e-10]
    },
    "mfcc": {
        "mean": [-624.981567383, 121.293060303, 17.3172988892, 15.0446815491, 3.89204788208, -4.01064157486, -0.122711956501, -0.691258847713, -9.91888141632, -5.32142066956, -4.92875432968, -5.84607601166, -3.25047039986],
        "cov": [[1383.3894043, -301.896972656, -266.82800293, -120.584815979, -37.9304847717, 42.8779220581, 103.04675293, 153.287414551, 18.0372257233, 90.0869216919, 40.7629051208, -61.1669921875, 91.144744873], [-301.896972656, 422.17678833, -22.17786026, 47.4276618958, 74.1198120117, 19.2077884674, 20.9127178192, 14.3397502899, 49.8185920715, 26.4473266602, 25.6180667877, 15.7102708817, -0.564825713634], [-266.82800293, -22.17786026, 420.669433594, 53.7013473511, 25.4558753967, 48.71616745, -48.3907241821, -31.1974201202, 42.3620071411, -17.3704833984, 31.8928432465, 80.9254226685, -45.3652572632], [-120.584815979, 47.4276618958, 53.7013473511, 182.326034546, 82.981338501, -9.77533912659, -50.3601951599, -0.242757081985, 55.4280891418, -4.46626520157, 1.99578547478, 28.6884326935, -5.31594276428], [-37.9304847717, 74.1198120117, 25.4558753967, 82.981338501, 196.768051147, -5.30488014221, -77.9165039062, 8.83663082123, 79.0887069702, 17.4793968201, 14.4554185867, 46.2653083801, 5.04361152649], [42.8779220581, 19.2077884674, 48.71616745, -9.77533912659, -5.30488014221, 168.30696106, 86.2215652466, 24.9610958099, 1.56468188763, 23.0336894989, 32.1950454712, -6.37390995026, -8.32001972198], [103.04675293, 20.9127178192, -48.3907241821, -50.3601951599, -77.9165039062, 86.2215652466, 229.391799927, 44.8971405029, -41.0238494873, 15.3928136826, 25.768693924, -19.699388504, 6.91939020157], [153.287414551, 14.3397502899, -31.1974201202, -0.242757081985, 8.83663082123, 24.9610958099, 44.8971405029, 142.6746521, 54.4834480286, 42.7569999695, 36.632270813, 23.5263881683, 24.1505012512], [18.0372257233, 49.8185920715, 42.3620071411, 55.4280891418, 79.0887069702, 1.56468188763, -41.0238494873, 54.4834480286, 172.435424805, 57.2081184387, 38.9523925781, 52.7208175659, 3.17566466331], [90.0869216919, 26.4473266602, -17.3704833984, -4.46626520157, 17.4793968201, 23.0336894989, 15.3928136826, 42.7569999695, 57.2081184387, 126.823387146, 47.2181091309, -1.1055932045, 15.2155780792], [40.7629051208, 25.6180667877, 31.8928432465, 1.99578547478, 14.4554185867, 32.1950454712, 25.768693924, 36.632270813, 38.9523925781, 47.2181091309, 110.010688782, 51.889339447, 3.39980602264], [-61.1669921875, 15.7102708817, 80.9254226685, 28.6884326935, 46.2653083801, -6.37390995026, -19.699388504, 23.5263881683, 52.7208175659, -1.1055932045, 51.889339447, 130.860015869, 18.9779968262], [91.144744873, -0.564825713634, -45.3652572632, -5.31594276428, 5.04361152649, -8.32001972198, 6.91939020157, 24.1505012512, 3.17566466331, 15.2155780792, 3.39980602264, 18.9779968262, 84.4077453613]],
        "icov": [[0.00141057523433, 0.00119335309137, 0.000673341506626, 0.000537004321814, -0.000508486351464, -0.000272286415566, -0.000259001069935, -0.000943803344853, -0.000409613654483, -0.000120927834359, -0.000654115050565, 0.000840294524096, -0.000950023182668], [0.00119335309137, 0.00371306482702, 0.00084758590674, 5.49880387553e-05, -0.00141014414839, -0.00027108064387, -0.000910373521037, -0.000477537687402, -0.000787546916399, -0.000226709846174, -0.000881360669155, 0.00076203251956, -0.000601288687903], [0.000673341506626, 0.00084758590674, 0.00386820593849, -0.00043529321556, 0.000464115029899, -0.0018331410829, 0.000779729918577, 0.000481994647998, -0.000612708099652, 5.28304626641e-05, -0.000256968167378, -0.00216465489939, 0.00143047852907], [0.000537004321814, 5.49880387553e-05, -0.00043529321556, 0.0075754201971, -0.00254163960926, 0.00019010680262, 0.000154978421051, -0.000314560369588, -0.00157798954751, 0.000957647047471, 3.81378122256e-05, 0.000515566789545, -0.000319160928484], [-0.000508486351464, -0.00141014414839, 0.000464115029899, -0.00254163960926, 0.00872597564012, -0.0013138090726, 0.00269099790603, 0.000554210797418, -0.00170315383002, -0.000375599774998, 0.000673398724757, -0.00225639669225, 0.000210917336517], [-0.000272286415566, -0.00027108064387, -0.0018331410829, 0.00019010680262, -0.0013138090726, 0.00883720722049, -0.00349600589834, -0.000371219502995, 0.000195939763216, -0.000383927428629, -0.00160822132602, 0.00193703081459, 0.000352427450707], [-0.000259001069935, -0.000910373521037, 0.000779729918577, 0.000154978421051, 0.00269099790603, -0.00349600589834, 0.00764183746651, -0.00175273115747, 0.00156253390014, -4.05595092161e-05, -0.000741938536521, -0.000544865790289, 0.000172971616848], [-0.000943803344853, -0.000477537687402, 0.000481994647998, -0.000314560369588, 0.000554210797418, -0.000371219502995, -0.00175273115747, 0.0107473405078, -0.00294272345491, -0.000890482682735, -0.000680796569213, -0.00141113810241, -0.00112991442438], [-0.000409613654483, -0.000787546916399, -0.000612708099652, -0.00157798954751, -0.00170315383002, 0.000195939763216, 0.00156253390014, -0.00294272345491, 0.0108686955646, -0.00400482583791, 0.000486113189254, -0.00285956799053, 0.00177967641503], [-0.000120927834359, -0.000226709846174, 5.28304626641e-05, 0.000957647047471, -0.000375599774998, -0.000383927428629, -4.05595092161e-05, -0.000890482682735, -0.00400482583791, 0.0126130525023, -0.00536562036723, 0.00419018231332, -0.00238850596361], [-0.000654115050565, -0.000881360669155, -0.000256968167378, 3.81378122256e-05, 0.000673398724757, -0.00160822132602, -0.000741938536521, -0.000680796569213, 0.000486113189254, -0.00536562036723, 0.0158706828952, -0.00726122409105, 0.00256384909153], [0.000840294524096, 0.00076203251956, -0.00216465489939, 0.000515566789545, -0.00225639669225, 0.00193703081459, -0.000544865790289, -0.00141113810241, -0.00285956799053, 0.00419018231332, -0.00726122409105, 0.0150231290609, -0.00499205617234], [-0.000950023182668, -0.000601288687903, 0.00143047852907, -0.000319160928484, 0.000210917336517, 0.000352427450707, 0.000172971616848, -0.00112991442438, 0.00177967641503, -0.00238850596361, 0.00256384909153, -0.00499205617234, 0.0153317730874]]
    },
    "spectral_contrast_coeffs": {
        "max": [-0.316313683987, -0.46150764823, -0.395689189434, -0.584281563759, -0.576936364174, -0.705882489681],
        "mean": [-0.650356471539, -0.695273697376, -0.713157176971, -0.775200545788, -0.767377912998, -0.793605685234],
        "min": [-0.849915802479, -0.903124272823, -0.895653545856, -0.91610532999, -0.872798621655, -0.868022382259],
        "stdev": [0.0908504426479, 0.0779841765761, 0.0981797724962, 0.0604534000158, 0.0549380145967, 0.0273213647306]
    },
    "spectral_contrast_valleys": {
        "max": [-4.92394638062, -5.28119564056, -5.7500166893, -5.90044784546, -6.32672452927, -8.20363235474],
        "mean": [-6.43374443054, -6.64359807968, -7.39369773865, -7.85226583481, -7.73029851913, -9.79139328003],
        "min": [-8.90501499176, -8.10192394257, -8.7860994339, -9.31676959991, -8.8828086853, -11.2464818954],
        "stdev": [0.641448140144, 0.423028886318, 0.469755917788, 0.452212631702, 0.408044815063, 0.518516123295]
    }
},
"rhythm": {
    "beats_count": 49,
    "beats_loudness": {
        "max": 0.0734036937356,
        "mean": 0.0425782650709,
        "min": 0.0200998205692,
        "stdev": 0.0128464596346
    },
    "bpm": 83.471862793,
    "bpm_histogram_first_peak_bpm": 83,
    "bpm_histogram_first_peak_weight": 0.124999940395,
    "bpm_histogram_second_peak_bpm": 0,
    "bpm_histogram_second_peak_spread": 0,
    "bpm_histogram_second_peak_weight": 0,
    "danceability": 1.29294478893,
    "onset_rate": 4.55523395538,
    "beats_loudness_band_ratio": {
        "max": [0.593218147755, 0.789407551289, 0.556281447411, 0.577776432037, 0.168059960008, 0.166838467121],
        "mean": [0.283119291067, 0.383355468512, 0.200269371271, 0.147064775229, 0.0415231660008, 0.0478761717677],
        "min": [0.0274483654648, 0.0652156174183, 0.0128214946017, 0.00962720159441, 0.00485798064619, 0.00784770958126],
        "stdev": [0.133457809687, 0.200470298529, 0.130678847432, 0.14631254971, 0.0379187464714, 0.0335215590894]
    },
    "beats_position": [0.719818592072, 1.46285712719, 2.18267560005, 2.90249419212, 3.61070299149, 4.31891155243, 5.0387301445, 5.75854873657, 6.47836732864, 7.19818592072, 7.91800451279, 8.63782310486, 9.35764122009, 10.077460289, 10.7972784042, 11.5170974731, 12.2136955261, 12.933514595, 13.6533327103, 14.3731517792, 15.0929698944, 15.8127889633, 16.5326080322, 17.2524261475, 17.9722442627, 18.6920623779, 19.4118824005, 20.1317005157, 20.851518631, 21.5713367462, 22.2911567688, 23.010974884, 23.7191829681, 24.4390010834, 25.1472110748, 25.8670291901, 26.5868473053, 27.3066654205, 28.0264854431, 28.7463035583, 29.4661216736, 30.1859397888, 30.9057598114, 31.6255779266, 32.3453979492, 33.0652160645, 33.7850341797, 34.5048522949, 35.2246704102],
