{
"metadata": {
    "version": {
        "essentia": "2.1-beta5",
        "essentia_git_sha": "Undefined",
        "extractor": "music 2.0"
    },
    "audio_properties": {
        "analysis": {
            "equal_loudness": 0,
            "length": 12.7477550507,
            "sample_rate": 44100,
            "start_time": 0,
            "downmix": "mix"
        },
        "bit_rate": 192000,
        "length": 187.884277344,
        "lossless": 0,
        "number_channels": 2,
        "replay_gain": -6.27502822876,
        "sample_rate": 48000,
        "codec": "mp3",
        "md5_encoded": "a283b05fe66180f15d2ffc8c94a9a708"
    },
    "tags": {
        "file_name": "Slovenia_Cvet Z Juga_Alenka Gotar.mp3",
        "encoding": ["Lavf58.29.100"]
    }
},
"lowlevel": {
    "average_loudness": 0.943282544613,
    "barkbands_crest": {
        "max": 15.8624315262,
        "mean": 7.70941829681,
        "min": 2.81068634987,
        "stdev": 2.6529302597
    },
    "barkbands_flatness_db": {
        "max": 0.223539695144,
        "mean": 0.104185938835,
        "min": 0.0348641164601,
        "stdev": 0.0419016741216
    },
    "barkbands_kurtosis": {
        "max": 8.80070209503,
        "mean": 0.272981017828,
        "min": -1.38812935352,
        "stdev": 1.34608137608
    },
    "barkbands_skewness": {
        "max": 2.63055896759,
        "mean": 0.716584861279,
        "min": -0.53324174881,
        "stdev": 0.512962281704
    },
    "barkbands_spread": {
        "max": 63.1491661072,
        "mean": 26.1540374756,
        "min": 4.61742115021,
        "stdev": 13.1185569763
    },
    "dissonance": {
        "max": 0.499907523394,
        "mean": 0.476892530918,
        "min": 0.4103756845,
        "stdev": 0.0157912094146
    },
    "dynamic_complexity": 1.66337764263,
    "erbbands_crest": {
        "max": 20.1376724243,
        "mean": 9.16833496094,
        "min": 2.75956058502,
        "stdev": 3.5038318634
    },
    "erbbands_flatness_db": {
        "max": 0.307745873928,
        "mean": 0.175487592816,
        "min": 0.0647716745734,
        "stdev": 0.0515152215958
    },
    "erbbands_kurtosis": {
        "max": 4.91817045212,
        "mean": 0.122810989618,
        "min": -1.31763708591,
        "stdev": 0.951233685017
    },
    "erbbands_skewness": {
        "max": 2.09164118767,
        "mean": 0.416553944349,
        "min": -0.750870466232,
        "stdev": 0.439569681883
    },
    "erbbands_spread": {
        "max": 58.1762809753,
        "mean": 29.2606983185,
        "min": 9.27609539032,
        "stdev": 10.5867366791
    },
    "hfc": {
        "max": 99.734916687,
        "mean": 37.4208679199,
        "min": 8.65538968355e-05,
        "stdev": 18.6130084991
    },
    "loudness_ebu128": {
        "integrated": -14.8175430298,
        "loudness_range": 2.00602245331,
        "momentary": {
            "max": -12.6611061096,
            "mean": -15.437994957,
            "min": -32.5838851929,
            "stdev": 2.83682751656
        },
        "short_term": {
            "max": -13.2825136185,
            "mean": -14.6067390442,
            "min": -16.4754543304,
            "stdev": 0.721591949463
        }
    },
    "melbands_crest": {
        "max": 26.1726474762,
        "mean": 11.5250501633,
        "min": 4.23153972626,
        "stdev": 4.03361558914
    },
    "melbands_flatness_db": {
        "max": 0.238644108176,
        "mean": 0.132460951805,
        "min": 0.0655171200633,
        "stdev": 0.0357792153955
    },
    "melbands_kurtosis": {
        "max": 16.2530879974,
        "mean": 2.79569768906,
        "min": -0.897551774979,
        "stdev": 2.49421691895
    },
    "melbands_skewness": {
        "max": 3.36754131317,
        "mean": 1.38948523998,
        "min": -0.0608579479158,
        "stdev": 0.621037244797
    },
    "melbands_spread": {
        "max": 85.9595031738,
        "mean": 34.2482528687,
        "min": 6.16752052307,
        "stdev": 14.6914539337
    },
    "pitch_salience": {
        "max": 0.829000711441,
        "mean": 0.58189457655,
        "min": 0.340284317732,
        "stdev": 0.0963223278522
    },
    "silence_rate_20dB": {
        "max": 1,
        "mean": 1,
        "min": 1,
        "stdev": 0
    },
    "silence_rate_30dB": {
        "max": 1,
        "mean": 1,
        "min": 1,
        "stdev": 0
    },
    "silence_rate_60dB": {
        "max": 1,
        "mean": 0.0454545468092,
        "min": 0,
        "stdev": 0.208297848701
    },
    "spectral_centroid": {
        "max": 3103.98974609,
        "mean": 1909.05859375,
        "min": 923.947509766,
        "stdev": 432.88079834
    },
    "spectral_complexity": {
        "max": 54,
        "mean": 30.1745452881,
        "min": 0,
        "stdev": 10.2614192963
    },
    "spectral_decrease": {
        "max": -1.3937257144e-14,
        "mean": -7.19917725434e-09,
        "min": -1.98616518787e-08,
        "stdev": 3.69560826385e-09
    },
    "spectral_energy": {
        "max": 0.0809987708926,
        "mean": 0.0305655673146,
        "min": 6.0453068329e-08,
        "stdev": 0.0152580328286
    },
    "spectral_energyband_high": {
        "max": 0.0111410571262,
        "mean": 0.00189701712225,
        "min": 2.04254568814e-09,
        "stdev": 0.00190802279394
    },
    "spectral_energyband_low": {
        "max": 0.0523471347988,
        "mean": 0.00600670417771,
        "min": 4.97206754935e-11,
        "stdev": 0.00816786289215
    },
    "spectral_energyband_middle_high": {
        "max": 0.0502243898809,
        "mean": 0.0130980303511,
        "min": 3.59460265997e-08,
        "stdev": 0.00651715742424
    },
    "spectral_energyband_middle_low": {
        "max": 0.0461245402694,
        "mean": 0.0104284565896,
        "min": 2.48815936743e-08,
        "stdev": 0.00590622099116
    },
    "spectral_entropy": {
        "max": 8.33869552612,
        "mean": 7.80369234085,
        "min": 7.27531528473,
        "stdev": 0.231995418668
    },
    "spectral_flux": {
        "max": 0.191013410687,
        "mean": 0.0879652798176,
        "min": 0.000245872070082,
        "stdev": 0.0290873683989
    },
    "spectral_kurtosis": {
        "max": 13.9295253754,
        "mean": 3.69426035881,
        "min": 0.977175474167,
        "stdev": 2.19911551476
    },
    "spectral_rms": {
        "max": 0.00888949912041,
        "mean": 0.00523860193789,
        "min": 7.67975234339e-06,
        "stdev": 0.00154179020319
    },
    "spectral_rolloff": {
        "max": 5124.90234375,
        "mean": 2206.13647461,
        "min": 904.39453125,
        "stdev": 865.030517578
    },
    "spectral_skewness": {
        "max": 2.78798961639,
        "mean": 1.35352563858,
        "min": 0.720400214195,
        "stdev": 0.359917759895
    },
    "spectral_spread": {
        "max": 12568725,
        "mean": 4240995.5,
        "min": 2534620.5,
        "stdev": 1034175.0625
    },
    "spectral_strongpeak": {
        "max": 7.88943481445,
        "mean": 1.99787425995,
        "min": 0.000627873174381,
        "stdev": 1.85615956783
    },
    "zerocrossingrate": {
        "max": 0.14599609375,
        "mean": 0.0813627466559,
        "min": 0.03955078125,
        "stdev": 0.0212641023099
    },
    "barkbands": {
        "max": [0.00602588057518, 0.0294448938221, 0.040021918714, 0.0137482751161, 0.0133939832449, 0.0137683758512, 0.00685019418597, 0.0146575029939, 0.0162074584514, 0.0298282392323, 0.00806567072868, 0.0354707501829, 0.0133719947189, 0.00780037138611, 0.00934614334255, 0.00606991071254, 0.00413796724752, 0.00252107251436, 0.00414658337831, 0.00425010081381, 0.00344624207355, 0.00229959120043, 0.00119288405403, 0.00134673318826, 0.00336589314975, 0.00139204785228, 6.09986273048e-05],
        "mean": [0.000354714895366, 0.00340983318165, 0.0018949478399, 0.000703241152223, 0.00145879026968, 0.00241561839357, 0.00091435702052, 0.00187127373647, 0.00193685572594, 0.00231804815121, 0.000896252633538, 0.00428787991405, 0.00167455396149, 0.000790435879026, 0.000950420740992, 0.000508229655679, 0.000715240603313, 0.000494425476063, 0.000744587916415, 0.000728492974304, 0.000603252789006, 0.000328703550622, 0.000197682646103, 0.000179754773853, 0.000146780061186, 4.03096746595e-05, 8.75285991242e-07],
        "min": [5.140026859e-13, 8.95379170113e-12, 3.83811732396e-11, 7.61136292882e-12, 3.66446484268e-10, 3.00058033975e-10, 3.99480143409e-10, 4.36799263426e-09, 1.43234908379e-08, 9.39036937098e-09, 4.01280919604e-09, 3.31697136424e-09, 3.23639559596e-09, 6.10641581744e-09, 3.04645886295e-09, 1.91781168724e-09, 3.72802544391e-09, 1.6324310792e-09, 2.11166373276e-09, 4.88874829507e-10, 5.75796244018e-10, 6.50453413353e-10, 9.19669201904e-11, 8.96110893822e-11, 9.69959876307e-11, 9.04819899561e-11, 5.6548446481e-11],
        "stdev": [0.000731312960852, 0.00480898097157, 0.00432171765715, 0.00149509357288, 0.0019275007071, 0.002391545102, 0.000987927778624, 0.0021131853573, 0.00232307473198, 0.00264607882127, 0.00110768910963, 0.00511522172019, 0.00186518707778, 0.000897287623957, 0.0010890988633, 0.000550447381102, 0.000589902279899, 0.000336809578585, 0.00055196514586, 0.000703004887328, 0.000569084659219, 0.000320268678479, 0.000206956799957, 0.000216417698539, 0.000314804929076, 0.000119650976558, 4.08936557506e-06]
    },
    "erbbands": {
        "max": [1.66221475601, 6.21149682999, 40.7691116333, 32.2023849487, 64.2155227661, 44.2756347656, 145.313568115, 121.070930481, 200.832794189, 198.352111816, 380.683197021, 433.180450439, 1232.28857422, 445.011077881, 403.663574219, 1302.65917969, 744.807373047, 453.817565918, 589.525512695, 212.667709351, 169.223083496, 205.933151245, 170.203552246, 212.852294922, 268.855621338, 180.772186279, 177.959655762, 152.604919434, 86.2313919067, 60.8182945251, 33.6669960022, 23.7006168365, 30.2659740448, 21.7097148895, 32.4637184143, 6.4792842865, 2.5893201828, 0.441531717777, 0.00814471580088, 0.00030750449514],
        "mean": [0.128570362926, 0.661154985428, 2.07302308083, 2.30055546761, 2.42273592949, 5.05659484863, 15.2576913834, 16.3254203796, 19.8260917664, 12.7077989578, 53.1617393494, 44.8832511902, 71.2026367188, 55.008556366, 37.1993942261, 172.050262451, 112.457221985, 52.0376014709, 49.0568122864, 34.5223846436, 31.1503372192, 36.8331031799, 25.9423751831, 36.7867240906, 39.0183601379, 29.8176174164, 26.5162811279, 22.807477951, 11.602139473, 7.97825622559, 5.97701501846, 3.58769083023, 3.25884389877, 1.76563775539, 1.01703941822, 0.286951959133, 0.0553154423833, 0.00713128224015, 0.000188524092664, 4.73735381092e-05],
        "min": [1.12096332217e-10, 3.23609317121e-09, 3.48986581855e-08, 4.3657173876e-08, 4.8808072961e-07, 1.83663894404e-06, 9.26999518924e-07, 3.20336221193e-06, 6.28595216767e-06, 1.32735749503e-05, 0.000146618418512, 0.000365195126506, 0.000352428964106, 0.000263082154561, 0.000107312727778, 0.000165912817465, 9.95674417936e-05, 0.000254344340647, 0.000246509123826, 0.000156003050506, 0.000125212347484, 0.000191460814676, 0.000109102504211, 0.000121294695418, 4.89901503897e-05, 3.15532670356e-05, 2.05719679798e-05, 2.45200171776e-05, 2.55745926552e-05, 8.96887559065e-06, 3.03783963318e-06, 1.36351457058e-06, 1.86298325389e-06, 1.10335508907e-06, 6.51642835692e-07, 2.8341563052e-07, 2.04457293762e-07, 8.01911852477e-08, 6.6184506764e-09, 4.4212791761e-10],
        "stdev": [0.225262388587, 0.930808126926, 4.74064159393, 4.28102064133, 5.77661752701, 6.43290948868, 19.9190540314, 15.8451776505, 24.3244457245, 15.53910923, 55.3914794922, 51.812335968, 99.1640930176, 56.2900161743, 42.763469696, 192.552947998, 118.569580078, 48.3824615479, 62.8599357605, 26.8266220093, 22.2269153595, 29.7529335022, 17.2979640961, 29.736946106, 28.9646949768, 27.9172000885, 26.2638607025, 23.6983375549, 11.9624004364, 8.1316280365, 6.0284538269, 3.87509036064, 4.39589834213, 2.87174057961, 2.70481538773, 0.757563054562, 0.184834182262, 0.0295996349305, 0.000599550839979, 3.31838818965e-05]
    },
    "gfcc": {
        "mean": [33.8776245117, 61.5171585083, -159.505203247, 19.3003406525, -73.3503875732, 18.370639801, -33.000202179, 12.6481046677, -26.5536975861, 9.508477211, -11.084690094, 2.31375432014, -8.52839756012],
        "cov": [[7105.59814453, 949.605163574, 2006.89025879, 2025.24743652, 272.76473999, 702.199890137, -158.233810425, -78.8826217651, -146.079498291, 296.417327881, 486.832366943, 213.380783081, 110.213439941], [949.605163574, 617.195373535, 483.941925049, 572.016357422, 92.800491333, 121.589225769, -39.5221786499, -101.30531311, -16.4683132172, 13.840502739, 158.532196045, 18.0604686737, 32.6230545044], [2006.89025879, 483.941925049, 1099.27624512, 967.711975098, 218.519897461, 357.782196045, -42.1481208801, -4.71087646484, -62.3922386169, 145.066253662, 190.103363037, 68.626373291, 24.7481441498], [2025.24743652, 572.016357422, 967.711975098, 1082.64245605, 168.875640869, 336.348632812, -41.7113227844, -41.1825294495, -53.9299850464, 124.929420471, 255.532104492, 73.8902206421, 71.5670471191], [272.76473999, 92.800491333, 218.519897461, 168.875640869, 109.160011292, 92.1046066284, 7.65712070465, 4.92214727402, -5.4374332428, 35.1241989136, 19.9953346252, 7.63883018494, -9.74995613098], [702.199890137, 121.589225769, 357.782196045, 336.348632812, 92.1046066284, 185.438446045, 14.8379974365, 19.4438343048, -16.8857460022, 64.4189224243, 72.7957000732, 18.7139606476, 12.3284769058], [-158.233810425, -39.5221786499, -42.1481208801, -41.7113227844, 7.65712070465, 14.8379974365, 70.0903320312, 36.5715255737, 16.5770301819, -1.98960757256, -20.8557071686, -14.7063293457, -11.009636879], [-78.8826217651, -101.30531311, -4.71087646484, -41.1825294495, 4.92214727402, 19.4438343048, 36.5715255737, 96.2520065308, 34.9260139465, 30.2515125275, -22.4614677429, -3.85924863815, 7.93756484985], [-146.079498291, -16.4683132172, -62.3922386169, -53.9299850464, -5.4374332428, -16.8857460022, 16.5770301819, 34.9260139465, 55.498085022, 25.7063179016, -4.75063610077, -4.64673089981, 7.11769199371], [296.417327881, 13.840502739, 145.066253662, 124.929420471, 35.1241989136, 64.4189224243, -1.98960757256, 30.2515125275, 25.7063179016, 90.9305725098, 52.2568016052, 19.3411445618, 18.4124164581], [486.832366943, 158.532196045, 190.103363037, 255.532104492, 19.9953346252, 72.7957000732, -20.8557071686, -22.4614677429, -4.75063610077, 52.2568016052, 124.798934937, 47.8051147461, 40.0589065552], [213.380783081, 18.0604686737, 68.626373291, 73.8902206421, 7.63883018494, 18.7139606476, -14.7063293457, -3.85924863815, -4.64673089981, 19.3411445618, 47.8051147461, 58.8716087341, 33.6493530273], [110.213439941, 32.6230545044, 24.7481441498, 71.5670471191, -9.74995613098, 12.3284769058, -11.009636879, 7.93756484985, 7.11769199371, 18.4124164581, 40.0589065552, 33.6493530273, 64.6070404053]],
        "icov": [[0.000388697895687, -0.000310876086587, 1.52156526383e-05, -0.000523301074281, 0.00103944703005, -0.000862913264427, 0.00052721996326, -0.000112609828648, 0.000436633941717, -0.000808135897387, 0.000942750717513, -0.00132139516063, 0.000778836256359], [-0.000310876086587, 0.0106494901702, -0.00611494481564, 0.0003136334999, -0.00647466303781, 0.00653523160145, -0.00251382566057, 0.00884594488889, -0.0135984206572, 0.0144534241408, -0.014696422033, 0.0134958531708, -0.00712916720659], [1.52156526383e-05, -0.00611494481564, 0.012926524505, -0.00762036861852, 0.000356623058906, -0.00633956864476, 0.00521946325898, -0.00793854799122, 0.0117741869763, -0.0130114229396, 0.0144346104935, -0.0131612839177, 0.00999555364251], [-0.000523301074281, 0.0003136334999, -0.00762036861852, 0.0108378287405, -0.000877005979419, -0.00111776753329, -0.00211033527739, 0.00254541751929, -0.00297625432722, 0.00644804025069, -0.0117360213771, 0.0088021568954, -0.00776079157367], [0.00103944703005, -0.00647466303781, 0.000356623058906, -0.000877005979419, 0.0268486849964, -0.0134934214875, 0.000595958146732, -6.35400065221e-05, 0.00321827433072, -0.0118871061131, 0.0169433876872, -0.0151735693216, 0.00949748698622], [-0.000862913264427, 0.00653523160145, -0.00633956864476, -0.00111776753329, -0.0134934214875, 0.0297134406865, -0.0102481823415, 6.24976237305e-05, 0.00136213912629, 0.00379181606695, -0.0146269286051, 0.014638277702, -0.00740716326982], [0.00052721996326, -0.00251382566057, 0.00521946325898, -0.00211033527739, 0.000595958146732, -0.0102481823415, 0.0253113359213, -0.0102072926238, -0.00138793105725, 0.00151357881259, 0.00424703629687, -0.00411302642897, 0.00755156669766], [-0.000112609828648, 0.00884594488889, -0.00793854799122, 0.00254541751929, -6.35400065221e-05, 6.24976237305e-05, -0.0102072926238, 0.0305190887302, -0.0211263559759, 0.00604282086715, -0.00310106109828, 0.00865656975657, -0.0115443309769], [0.000436633941717, -0.0135984206572, 0.0117741869763, -0.00297625432722, 0.00321827433072, 0.00136213912629, -0.00138793105725, -0.0211263559759, 0.0548455156386, -0.0332540050149, 0.0169452466071, -0.0124296732247, 0.00689496472478], [-0.000808135897387, 0.0144534241408, -0.0130114229396, 0.00644804025069, -0.0118871061131, 0.00379181606695, 0.00151357881259, 0.00604282086715, -0.0332540050149, 0.0501920357347, -0.0346230715513, 0.0225340668112, -0.0119896018878], [0.000942750717513, -0.014696422033, 0.0144346104935, -0.0117360213771, 0.0169433876872, -0.0146269286051, 0.00424703629687, -0.00310106109828, 0.0169452466071, -0.0346230715513, 0.0568099841475, -0.0382101722062, 0.0124135771766], [-0.00132139516063, 0.0134958531708, -0.0131612839177, 0.0088021568954, -0.0151735693216, 0.014638277702, -0.00411302642897, 0.00865656975657, -0.0124296732247, 0.0225340668112, -0.0382101722062, 0.0569367446005, -0.0271322559565], [0.000778836256359, -0.00712916720659, 0.00999555364251, -0.00776079157367, 0.00949748698622, -0.00740716326982, 0.00755156669766, -0.0115443309769, 0.00689496472478, -0.0119896018878, 0.0124135771766, -0.0271322559565, 0.0371610485017]]
    },
    "melbands": {
        "max": [0.0104311462492, 0.0145969614387, 0.00560758356005, 0.00345252477564, 0.00420034071431, 0.00315644522198, 0.00269845174626, 0.00240879086778, 0.00279880664311, 0.00280179874972, 0.00600860500708, 0.00189815054182, 0.0010854259599, 0.00194968376309, 0.00593614252284, 0.00183787511196, 0.00100682827178, 0.000912192568649, 0.000412233406678, 0.00059609732125, 0.00025095284218, 0.000264931382844, 0.000145034136949, 0.000149301660713, 0.000198905210709, 0.00025852987892, 0.000121968558233, 0.000154196997755, 0.000154810171807, 0.000111075576569, 9.39445162658e-05, 4.69484766654e-05, 5.283838982e-05, 2.92330878437e-05, 2.33542268688e-05, 2.38083848672e-05, 1.80754177563e-05, 2.22615271923e-05, 1.62949090736e-05, 2.03709005291e-05],
        "mean": [0.00103246350773, 0.00096915528411, 0.000408784137107, 0.000236601801589, 0.000478188943816, 0.000421254866524, 0.000273493351415, 0.000161927178851, 0.000443923345301, 0.000278763589449, 0.000351543334546, 0.000222721515456, 0.000103932565253, 0.000220179921598, 0.0006327725132, 0.00011837281636, 9.09913360374e-05, 7.0557151048e-05, 6.23220475973e-05, 4.32009692304e-05, 3.49378460669e-05, 4.35369256593e-05, 2.36115829466e-05, 2.29366396525e-05, 2.97688729916e-05, 3.00495867123e-05, 2.35961379076e-05, 1.96979708562e-05, 1.72115978785e-05, 1.68904407474e-05, 1.14282966024e-05, 6.87643887431e-06, 5.32446119905e-06, 3.6063108837e-06, 3.45658827428e-06, 2.93003085972e-06, 2.00884551305e-06, 2.31110971072e-06, 2.07207312997e-06, 1.28884209971e-06],
        "min": [1.76627506024e-12, 1.29140882016e-11, 1.57865595596e-11, 9.13072256692e-11, 4.12809612882e-11, 7.24406853947e-11, 8.75196512484e-11, 1.85254769858e-10, 1.3411596278e-09, 2.37754216315e-09, 1.6478092224e-09, 1.00499464306e-09, 4.1877329382e-10, 3.94154903161e-10, 2.21945961609e-10, 3.61622815026e-10, 5.11562014971e-10, 4.67682448324e-10, 2.72661865308e-10, 1.77636474974e-10, 1.50463211335e-10, 2.41937747614e-10, 9.02877911324e-11, 7.83138554006e-11, 1.07573762398e-10, 6.33832430985e-11, 9.8746141472e-12, 2.350741303e-11, 8.51902055843e-12, 1.91357416024e-11, 1.18298608756e-11, 1.62539651877e-11, 8.83434905091e-12, 3.00425699942e-12, 1.91616969687e-12, 8.79114381118e-13, 8.14418302762e-13, 1.39960775174e-12, 1.20485208182e-12, 8.08904267353e-13],
        "stdev": [0.00158713886049, 0.00181270379107, 0.000774206710048, 0.000353360170266, 0.000596462225076, 0.000415103510022, 0.000328639551299, 0.000194065403775, 0.000427397753811, 0.000358562188921, 0.000490906706546, 0.000240785695496, 0.000127969964524, 0.000203569506994, 0.000866246933583, 0.000213375984458, 0.00010854456923, 9.6003372164e-05, 5.75402445975e-05, 5.15256142535e-05, 2.94356450468e-05, 3.93045738747e-05, 1.61768966791e-05, 1.57358317665e-05, 2.76527953247e-05, 2.807931196e-05, 1.90331884369e-05, 2.31401754718e-05, 2.04084699362e-05, 1.60323943419e-05, 1.27848752527e-05, 7.10943731974e-06, 5.88651255384e-06, 3.83183669328e-06, 3.61026491191e-06, 3.30769739776e-06, 2.29992679124e-06, 3.12920224133e-06, 2.8613012546e-06, 2.3723173399e-06]
    },
    "melbands128": {
        "max": [0.00594907766208, 0.0175662916154, 0.0131532996893, 0.00943151861429, 0.0209236294031, 0.0173539426178, 0.0072751021944, 0.00876358617097, 0.00710036512464, 0.00322639453225, 0.00236563407816, 0.00589090771973, 0.006896302104, 0.00518663972616, 0.00142124015838, 0.00711215753108, 0.0066212140955, 0.00137393898331, 0.00213743932545, 0.00271524512209, 0.00376895209774, 0.00385834788904, 0.00431804917753, 0.00259115337394, 0.00429676473141, 0.00339920935221, 0.00644338317215, 0.0105534633622, 0.0022386200726, 0.00297977821901, 0.00211037276313, 0.00179206300527, 0.000678130891174, 0.00295860390179, 0.000404344173148, 0.00355494697578, 0.00377522804774, 0.0133483400568, 0.00130952731706, 0.00215301732533, 0.0030877860263, 0.000670673849527, 0.0016383692855, 0.00101043423638, 0.000416987575591, 0.00159821438137, 0.00143339356873, 0.000854519137647, 0.000448645674624, 0.000265189242782, 0.00129144883249, 0.000553300138563, 0.000107862411824, 0.000485110707814, 0.0005917106173, 0.000565139926039, 0.000381224439479, 0.000182174437214, 0.000247963936999, 0.000306933419779, 0.000298144848784, 0.000155390123837, 0.000521018751897, 0.000124709200463, 0.000230275429203, 0.000328054826241, 0.000440762174549, 0.000152734690346, 0.000233718921663, 0.000211097896681, 0.000173781634658, 0.000293618853902, 0.000317077821819, 0.00014632800594, 7.03173209331e-05, 0.00012354455248, 0.000254874670645, 0.000134236193844, 0.000109693282866, 7.21461910871e-05, 4.93027655466e-05, 7.13441186235e-05, 5.11819089297e-05, 7.17131915735e-05, 4.96082393511e-05, 5.07694785483e-05, 3.56716191163e-05, 2.61102486547e-05, 3.18420024996e-05, 2.48621927312e-05, 7.20691605238e-05, 2.53450252785e-05, 1.22879046103e-05, 2.80522763205e-05, 1.88638987311e-05, 1.936515946e-05, 3.59029800165e-05, 3.00858046103e-05, 2.00861031772e-05, 1.88500216609e-05, 2.58422496699e-05, 1.79446305992e-05, 2.22905346163e-05, 2.71438766504e-05, 4.73560103273e-05, 5.22877417097e-05, 2.95871068374e-05, 1.33896292027e-05, 1.25829383251e-05, 9.0034236564e-06, 1.57278136612e-05, 7.84557687439e-06, 1.01037430795e-05, 8.49040770845e-06, 4.85236614622e-06, 9.50380035647e-06, 2.1235962322e-06, 3.87946926139e-07, 1.32064940317e-07, 3.37694565644e-08, 1.50467229787e-08, 5.11829467698e-09, 2.2857620241e-09, 5.24642447541e-11, 4.92268274754e-11, 4.51813343683e-11, 4.22657325805e-11, 4.08432211663e-11],
        "mean": [0.000317855476169, 0.00113110255916, 0.00126003718469, 0.000994427362457, 0.00110614567529, 0.000844146532472, 0.000466342637083, 0.000332864408847, 0.000230668243603, 0.000161603587912, 0.000262100569671, 0.000444984558271, 0.000600018422119, 0.000480460352264, 0.000204240946914, 0.00056128721917, 0.000557595514692, 0.000110848377517, 8.92694733921e-05, 0.000111182394903, 0.00016669811157, 0.000380954588763, 0.000625208427664, 0.000319201877574, 0.000230224570259, 0.00027115541161, 0.00032847590046, 0.000480701331981, 0.000209838937735, 0.000280162319541, 0.000225939540542, 0.000117102295917, 6.05966488365e-05, 0.00015902670566, 4.55397712358e-05, 0.000216798114707, 0.000420443509938, 0.00128275167663, 0.000152747961693, 0.00011778082262, 0.000152828244609, 4.26734331995e-05, 0.000115236667625, 0.000108162064862, 2.71379449259e-05, 8.48870622576e-05, 9.40461759456e-05, 7.32461485313e-05, 4.27240156569e-05, 2.69804495474e-05, 5.82237735216e-05, 4.4665463065e-05, 1.74506840267e-05, 3.97155927203e-05, 5.34523715032e-05, 4.91251412313e-05, 3.0362738471e-05, 2.09350891964e-05, 2.31187223108e-05, 2.48221203947e-05, 1.88918656931e-05, 1.66427471413e-05, 5.08887605974e-05, 2.12267095776e-05, 2.15854888665e-05, 3.5950615711e-05, 3.16068071697e-05, 2.54449587374e-05, 2.35601310123e-05, 1.62643082149e-05, 1.48599747263e-05, 2.65591406787e-05, 2.40949502768e-05, 1.15770517368e-05, 1.28209567265e-05, 1.95849588636e-05, 1.80401384569e-05, 1.51546282723e-05, 9.81449647952e-06, 8.45969952934e-06, 7.55983501222e-06, 6.06017738392e-06, 4.97428800372e-06, 4.45484147349e-06, 7.35876483304e-06, 3.86260171581e-06, 2.45394471676e-06, 2.30142109103e-06, 4.20033529736e-06, 3.00303690892e-06, 4.59866623714e-06, 2.330351208e-06, 1.57643603416e-06, 1.77626304776e-06, 2.51771234616e-06, 2.29605552704e-06, 2.1032631139e-06, 2.52421500591e-06, 2.34202934735e-06, 1.71953138306e-06, 1.45500598592e-06, 1.16164676456e-06, 1.17986405712e-06, 1.03474303614e-06, 1.41860562053e-06, 1.20222784972e-06, 7.98714211214e-07, 5.63762739603e-07, 4.35806782662e-07, 3.58317350901e-07, 2.37304988104e-07, 1.78762718406e-07, 1.55982121441e-07, 1.20364916256e-07, 1.19409676813e-07, 8.09066023066e-08, 3.19130393223e-08, 4.21042045673e-09, 1.17418363921e-09, 4.76279571338e-10, 9.75242595014e-11, 2.3623845935e-11, 9.03449277195e-12, 4.34224531332e-12, 4.21800268324e-12, 4.05982886198e-12, 3.96572531758e-12, 3.93317843572e-12],
        "min": [3.93377415061e-13, 3.44852943944e-13, 1.95843992065e-12, 5.13760648607e-12, 1.57849098376e-11, 1.88944901391e-11, 6.33198007916e-12, 4.853946238e-12, 3.51247086972e-11, 1.20794999003e-10, 1.24444038407e-10, 3.22684726162e-11, 1.37363488639e-11, 5.38481551016e-11, 7.22077397874e-11, 7.25158821879e-11, 1.13672661561e-10, 9.87175272082e-11, 4.26301771661e-11, 6.90526316682e-11, 2.13666168092e-10, 6.41206143737e-10, 1.99072158757e-09, 1.06797004573e-09, 2.74292233371e-09, 2.73734213074e-09, 1.84622428456e-09, 2.24534035809e-09, 6.16794448849e-10, 7.73088537631e-10, 1.61123725473e-09, 5.02233088451e-10, 4.55324195014e-10, 1.86112805722e-10, 9.9429117717e-11, 6.35777652747e-10, 6.29987340073e-10, 9.87839601785e-11, 8.45186698406e-11, 5.62083712907e-11, 5.09286723904e-10, 7.27363391739e-10, 1.59939839151e-10, 5.70997249483e-10, 1.05121078509e-09, 1.3453697878e-10, 2.4207835736e-10, 4.6029946521e-10, 1.63920987895e-10, 1.42620124044e-10, 2.35947122951e-10, 1.57910406973e-10, 2.95873256451e-11, 1.46509929189e-10, 4.16780110424e-10, 2.19245177568e-10, 1.8708537497e-10, 2.67469640186e-11, 6.85246026588e-11, 1.77764122866e-10, 4.62818151858e-11, 5.86442006068e-11, 3.96706209549e-11, 1.69644409631e-10, 1.36327740763e-10, 5.67669140861e-11, 2.32146073198e-11, 6.54961978749e-12, 3.67608417665e-12, 1.2928250484e-11, 4.5446459096e-11, 1.30485023828e-11, 3.86931762672e-12, 8.16237789164e-12, 1.33440827832e-11, 1.44056502838e-11, 3.44866114832e-11, 7.12311893497e-12, 7.46552212411e-12, 1.54970428851e-11, 1.27876901776e-11, 2.37504096251e-11, 9.1127791077e-12, 6.79821910571e-12, 8.91863579516e-12, 3.6487826649e-12, 8.48134008771e-13, 1.12133512111e-12, 3.1379219969e-12, 1.30237519987e-12, 1.10241254059e-12, 7.90492779741e-13, 4.00282942643e-13, 7.67513006275e-13, 8.68283418255e-13, 1.72163000002e-12, 1.58195407728e-12, 8.97524025587e-13, 1.39046706007e-12, 1.33562410264e-12, 7.15743599371e-13, 6.73730006246e-13, 1.01131711512e-12, 7.62370852211e-13, 1.05977585648e-12, 3.48083839313e-13, 6.55839315147e-13, 3.46619217703e-13, 3.69740289817e-13, 6.9522653693e-13, 3.17324400263e-13, 8.62005182945e-13, 4.02318559327e-13, 9.91935700245e-13, 7.32424971367e-13, 2.78883307506e-13, 8.51163757531e-13, 2.38268308079e-13, 1.2105075243e-13, 1.35436380535e-13, 1.32854475034e-13, 8.95818318071e-14, 1.01411934406e-13, 1.12785194866e-13, 9.16261492134e-14, 3.65653925053e-14, 3.7525092693e-15, 4.43003604779e-16],
        "stdev": [0.000672971829772, 0.0022037352901, 0.00200401037, 0.0015174796572, 0.002638845006, 0.00180638278835, 0.000893954711501, 0.000809303252026, 0.000654398289043, 0.000334784999723, 0.000374143477529, 0.000698964460753, 0.000870130257681, 0.000732717337087, 0.000248179974733, 0.000825247785542, 0.000799902365543, 0.00015013338998, 0.000179459239007, 0.000193186875549, 0.000290663650958, 0.000538324762601, 0.000710623455234, 0.000396632531192, 0.000410990964156, 0.000520770787261, 0.00058176118182, 0.00084274483379, 0.000287712697173, 0.00039076138637, 0.000274531077594, 0.000185348500963, 8.61148291733e-05, 0.000319946848322, 4.6810364438e-05, 0.000342726125382, 0.000470696075354, 0.00199107872322, 0.000194706793991, 0.000241616362473, 0.000354317890014, 5.32639496669e-05, 0.000166309953784, 0.000145345766214, 4.13298257627e-05, 0.000165440389537, 0.000171753068571, 9.93714129436e-05, 5.16058353242e-05, 3.1669416785e-05, 9.97541137622e-05, 5.97219041083e-05, 1.56019286806e-05, 5.23117450939e-05, 7.70958940848e-05, 7.25751015125e-05, 3.63573708455e-05, 2.28798671742e-05, 2.31575850194e-05, 3.16065779771e-05, 2.27507716772e-05, 1.45013373185e-05, 6.81688688928e-05, 2.10497164517e-05, 3.12723896059e-05, 3.97806143155e-05, 3.82472389902e-05, 2.74150279438e-05, 2.66315782937e-05, 2.28886328841e-05, 1.93119594769e-05, 4.48705322924e-05, 3.86385108868e-05, 1.65599449247e-05, 1.29699992613e-05, 2.08796391235e-05, 2.84154884866e-05, 1.91996405192e-05, 1.39989770105e-05, 9.97872302833e-06, 8.46635248308e-06, 8.51257573231e-06, 6.05421064392e-06, 7.23428456695e-06, 7.98627479526e-06, 4.89022340844e-06, 3.55626684723e-06, 2.83925828626e-06, 5.1794859246e-06, 3.72330487153e-06, 6.64535900796e-06, 3.14846806759e-06, 2.04910929824e-06, 2.4057403607e-06, 3.17058857036e-06, 2.80607946479e-06, 3.7482825519e-06, 4.12558847529e-06, 2.90808225145e-06, 2.94322649097e-06, 2.62795583694e-06, 2.27672785513e-06, 2.45163369073e-06, 2.74600870398e-06, 3.76905518351e-06, 4.1666908146e-06, 2.44321108767e-06, 1.58241607551e-06, 1.12283350973e-06, 9.91262140815e-07, 9.81478137874e-07, 5.57255248168e-07, 6.13803024407e-07, 4.88319926717e-07, 4.12261954352e-07, 4.87749957756e-07, 1.52409697307e-07, 2.33172254838e-08, 8.35411739786e-09, 2.96674973477e-09, 8.83961570608e-10, 2.56472537652e-10, 9.78259417916e-11, 6.04274269511e-12, 5.91954393489e-12, 5.79844028695e-12, 5.71641518843e-12, 5.6705655796e-12]
    },
    "mfcc": {
        "mean": [-594.339538574, 90.717666626, -29.1452636719, 2.86830067635, -16.8132381439, -0.299098581076, 1.75819981098, -0.431261181831, -1.30574774742, 0.998792827129, 1.02240633965, 3.29078817368, -0.347585618496],
        "cov": [[6306.14599609, 115.977363586, 1862.7947998, 1310.00927734, 802.498352051, 696.175292969, 383.983947754, -0.929816067219, -188.643173218, -89.9387130737, -108.674423218, 403.018035889, 379.376586914], [115.977363586, 259.757171631, 79.6245727539, 92.2952041626, 57.4743919373, 44.8647232056, -11.562163353, -7.80932235718, -39.1739234924, -15.9532318115, -21.2924175262, 9.64306926727, 13.0179948807], [1862.7947998, 79.6245727539, 1127.50805664, 729.813415527, 497.803283691, 397.473175049, 253.428939819, 18.7843513489, -74.1858291626, -5.24288606644, -26.7233047485, 194.255111694, 188.379226685], [1310.00927734, 92.2952041626, 729.813415527, 562.536804199, 334.688079834, 273.432678223, 162.063354492, 7.81633710861, -65.4507446289, -11.0219593048, -30.8245220184, 138.186065674, 128.883544922], [802.498352051, 57.4743919373, 497.803283691, 334.688079834, 282.642944336, 197.046218872, 112.874694824, 3.56478834152, -29.4539489746, 2.32769155502, -11.0305690765, 88.9631271362, 90.9617462158], [696.175292969, 44.8647232056, 397.473175049, 273.432678223, 197.046218872, 196.964706421, 110.266532898, 8.25978565216, -30.2176036835, -3.57332777977, -9.97279071808, 79.8756790161, 68.6941604614], [383.983947754, -11.562163353, 253.428939819, 162.063354492, 112.874694824, 110.266532898, 111.962867737, 28.2837181091, -1.75109386444, 6.80994033813, 3.31375193596, 51.3759765625, 40.1202735901], [-0.929816067219, -7.80932235718, 18.7843513489, 7.81633710861, 3.56478834152, 8.25978565216, 28.2837181091, 53.4098892212, 21.9035072327, -0.1179176718, 4.4404335022, 1.88868904114, -3.84856557846], [-188.643173218, -39.1739234924, -74.1858291626, -65.4507446289, -29.4539489746, -30.2176036835, -1.75109386444, 21.9035072327, 78.0607757568, 43.5224075317, 25.734380722, -15.2445144653, -15.4071359634], [-89.9387130737, -15.9532318115, -5.24288606644, -11.0219593048, 2.32769155502, -3.57332777977, 6.80994033813, -0.1179176718, 43.5224075317, 63.9221305847, 31.1821346283, -0.693909406662, 0.595884501934], [-108.674423218, -21.2924175262, -26.7233047485, -30.8245220184, -11.0305690765, -9.97279071808, 3.31375193596, 4.4404335022, 25.734380722, 31.1821346283, 54.4154586792, 14.4073610306, -6.65769720078], [403.018035889, 9.64306926727, 194.255111694, 138.186065674, 88.9631271362, 79.8756790161, 51.3759765625, 1.88868904114, -15.2445144653, -0.693909406662, 14.4073610306, 88.6854629517, 51.976688385], [379.376586914, 13.0179948807, 188.379226685, 128.883544922, 90.9617462158, 68.6941604614, 40.1202735901, -3.84856557846, -15.4071359634, 0.595884501934, -6.65769720078, 51.976688385, 76.4483566284]],
        "icov": [[0.000361506652553, 0.000134218294988, -0.000368384819012, -0.0002996850817, 0.000283088622382, -0.000339588499628, 0.000376226234948, 5.48156931472e-05, -0.000135954789585, 0.000294562021736, 0.000382000784157, -0.00049314100761, -0.000291370990453], [0.000134218294988, 0.00509124062955, 0.0008553773514, -0.00154189777095, -0.0010898137698, -0.00198875181377, 0.00379859795794, -0.00198274222203, 0.00240271631628, -0.00120639719535, 0.000721647171304, 0.000135523136123, 0.000413438683609], [-0.000368384819012, 0.0008553773514, 0.00936996098608, -0.00634296331555, -0.00567059963942, -0.000948816828895, -0.00381827959791, -0.000106658502773, 0.000856655533426, 9.98964605969e-05, -0.00148156948853, 0.00118805759121, -0.00187958823517], [-0.0002996850817, -0.00154189777095, -0.00634296331555, 0.0142102912068, -0.0017070841277, -0.00178464944474, 0.000247113261139, -0.00127937551588, 0.00306362053379, -0.00351071287878, 0.00497405650094, -0.00435116281733, 0.000899697944988], [0.000283088622382, -0.0010898137698, -0.00567059963942, -0.0017070841277, 0.0202060993761, -0.00827305577695, 0.00196315674111, 0.00208470737562, -0.00329087860882, 0.000867616618052, -0.00124326359946, 0.00187305931468, -0.00395345548168], [-0.000339588499628, -0.00198875181377, -0.000948816828895, -0.00178464944474, -0.00827305577695, 0.0275798402727, -0.0130632286891, 0.00317748752423, 0.00124502705876, 0.000155223780894, 0.00166303513106, -0.00396501785144, 0.00253776344471], [0.000376226234948, 0.00379859795794, -0.00381827959791, 0.000247113261139, 0.00196315674111, -0.0130632286891, 0.0319540388882, -0.0136439884081, 0.00146532978397, -0.00413168547675, 0.00015176004672, -0.00274281739257, 0.000629790651146], [5.48156931472e-05, -0.00198274222203, -0.000106658502773, -0.00127937551588, 0.00208470737562, 0.00317748752423, -0.0136439884081, 0.0314478129148, -0.0143897915259, 0.0119384462014, -0.00240625743754, 0.00151075224858, 0.00166335643735], [-0.000135954789585, 0.00240271631628, 0.000856655533426, 0.00306362053379, -0.00329087860882, 0.00124502705876, 0.00146532978397, -0.0143897915259, 0.0322354398668, -0.0211500693113, 0.000427283201134, 0.00011446341523, 0.000914025644306], [0.000294562021736, -0.00120639719535, 9.98964605969e-05, -0.00351071287878, 0.000867616618052, 0.000155223780894, -0.00413168547675, 0.0119384462014, -0.0211500693113, 0.0384526923299, -0.0170560218394, 0.00769562134519, -0.0052661052905], [0.000382000784157, 0.000721647171304, -0.00148156948853, 0.00497405650094, -0.00124326359946, 0.00166303513106, 0.00015176004672, -0.00240625743754, 0.000427283201134, -0.0170560218394, 0.0370342582464, -0.0176506135613, 0.00847546756268], [-0.00049314100761, 0.000135523136123, 0.00118805759121, -0.00435116281733, 0.00187305931468, -0.00396501785144, -0.00274281739257, 0.00151075224858, 0.00011446341523, 0.00769562134519, -0.0176506135613, 0.0317923910916, -0.013507607393], [-0.000291370990453, 0.000413438683609, -0.00187958823517, 0.000899697944988, -0.00395345548168, 0.00253776344471, 0.000629790651146, 0.00166335643735, 0.000914025644306, -0.0052661052905, 0.00847546756268, -0.013507607393, 0.0298949852586]]
    },
    "spectral_contrast_coeffs": {
        "max": [-0.545756518841, -0.549351930618, -0.547870516777, -0.608097553253, -0.679722487926, -0.659867823124],
        "mean": [-0.728543758392, -0.735781610012, -0.715211570263, -0.777819275856, -0.775628209114, -0.734499454498],
        "min": [-0.871664643288, -0.896809518337, -0.876813828945, -0.904091536999, -0.874005734921, -0.84392285347],
        "stdev": [0.0680911615491, 0.0622759908438, 0.0511656440794, 0.0440297089517, 0.0327717326581, 0.0306638646871]
    },
    "spectral_contrast_valleys": {
        "max": [-5.3054318428, -5.03519058228, -5.757791996, -6.07824516296, -5.84145689011, -8.19149780273],
        "mean": [-7.29107618332, -6.4608540535, -6.68760299683, -6.98791742325, -6.8743185997, -9.7266664505],
        "min": [-15.0638389587, -12.6442909241, -12.5391769409, -12.7109003067, -13.2385988235, -16.1018981934],
        "stdev": [1.58532834053, 0.725904405117, 0.58080893755, 0.559929430485, 0.711053371429, 0.945640921593]
    }
},
"rhythm": {
    "beats_count": 25,
    "beats_loudness": {
        "max": 0.0674969851971,
        "mean": 0.0315604433417,
        "min": 0.00440400000662,
        "stdev": 0.0131543660536
    },
    "bpm": 123.804153442,
    "bpm_histogram_first_peak_bpm": 123,
    "bpm_histogram_first_peak_weight": 0.350000023842,
    "bpm_histogram_second_peak_bpm": 117,
    "bpm_histogram_second_peak_spread": 0,
    "bpm_histogram_second_peak_weight": 0.166666671634,
    "danceability": 0.861051678658,
    "onset_rate": 1.3323546648,
    "beats_loudness_band_ratio": {
        "max": [0.508193492889, 0.349473565817, 0.681644260883, 0.605760812759, 0.246731549501, 0.248606801033],
        "mean": [0.153230398893, 0.135431721807, 0.256934165955, 0.320588648319, 0.103897169232, 0.0970883965492],
        "min": [3.60029443982e-05, 0.00171550945379, 0.060082025826, 0.0873230397701, 0.0387412644923, 0.0150528522208],
        "stdev": [0.156643480062, 0.101512417197, 0.17201705277, 0.133220151067, 0.0546455420554, 0.0666048526764]
    },
    "beats_position": [0.49922901392, 1.01006805897, 1.52090704441, 2.03174591064, 2.54258489609, 3.04181408882, 3.52943301201, 4.00544214249, 4.49306106567, 4.96907043457, 5.45668935776, 5.94430828094, 6.43192720413, 6.90793657303, 7.38394546509, 7.85995435715, 8.33596324921, 8.82358264923, 9.31120204926, 9.79882049561, 10.2864398956, 10.774058342, 11.261677742, 11.749297142, 12.2369155884],
