{
"metadata": {
    "version": {
        "essentia": "2.1-beta5",
        "essentia_git_sha": "Undefined",
        "extractor": "music 2.0"
    },
    "audio_properties": {
        "analysis": {
            "equal_loudness": 0,
            "length": 48.7502937317,
            "sample_rate": 44100,
            "start_time": 12.7477550507,
            "downmix": "mix"
        },
        "bit_rate": 192000,
        "length": 184.203918457,
        "lossless": 0,
        "number_channels": 2,
        "replay_gain": -8.9769077301,
        "sample_rate": 48000,
        "codec": "mp3",
        "md5_encoded": "830f30643ccacc76c04a812a1e3ce312"
    },
    "tags": {
        "file_name": "Andorra_Salvem El Món_Anonymous.mp3",
        "encoding": ["Lavf58.29.100"]
    }
},
"lowlevel": {
    "average_loudness": 0.982506036758,
    "barkbands_crest": {
        "max": 20.8770999908,
        "mean": 7.12058115005,
        "min": 2.37639975548,
        "stdev": 2.76173639297
    },
    "barkbands_flatness_db": {
        "max": 0.232043191791,
        "mean": 0.0845438092947,
        "min": 0.02267318964,
        "stdev": 0.0283230617642
    },
    "barkbands_kurtosis": {
        "max": 23.6070365906,
        "mean": 0.410684555769,
        "min": -1.83778774738,
        "stdev": 2.20071196556
    },
    "barkbands_skewness": {
        "max": 4.57448196411,
        "mean": 0.914365649223,
        "min": -2.77446651459,
        "stdev": 0.691542327404
    },
    "barkbands_spread": {
        "max": 84.4676361084,
        "mean": 32.1420249939,
        "min": 6.54910373688,
        "stdev": 10.1367111206
    },
    "dissonance": {
        "max": 0.499999970198,
        "mean": 0.475741922855,
        "min": 0.306890279055,
        "stdev": 0.018928360194
    },
    "dynamic_complexity": 1.37378239632,
    "erbbands_crest": {
        "max": 20.8514099121,
        "mean": 7.58548402786,
        "min": 2.54651689529,
        "stdev": 3.38484430313
    },
    "erbbands_flatness_db": {
        "max": 0.263699233532,
        "mean": 0.134331822395,
        "min": 0.0577565468848,
        "stdev": 0.0315622910857
    },
    "erbbands_kurtosis": {
        "max": 19.2181434631,
        "mean": -0.252489566803,
        "min": -1.6801404953,
        "stdev": 1.12361097336
    },
    "erbbands_skewness": {
        "max": 2.17805600166,
        "mean": -0.143825039268,
        "min": -3.81358957291,
        "stdev": 0.618581235409
    },
    "erbbands_spread": {
        "max": 120.825019836,
        "mean": 41.1270179749,
        "min": 10.8677616119,
        "stdev": 13.0406541824
    },
    "hfc": {
        "max": 82.8657531738,
        "mean": 28.7657642365,
        "min": 0.583447277546,
        "stdev": 12.7631168365
    },
    "loudness_ebu128": {
        "integrated": -14.1435441971,
        "loudness_range": 1.70261192322,
        "momentary": {
            "max": -12.3392314911,
            "mean": -14.2476491928,
            "min": -18.0155162811,
            "stdev": 0.982596576214
        },
        "short_term": {
            "max": -13.2350034714,
            "mean": -14.1548709869,
            "min": -15.7725954056,
            "stdev": 0.601442933083
        }
    },
    "melbands_crest": {
        "max": 27.840631485,
        "mean": 11.4354934692,
        "min": 3.42801761627,
        "stdev": 3.91466569901
    },
    "melbands_flatness_db": {
        "max": 0.309902787209,
        "mean": 0.142702609301,
        "min": 0.0375837869942,
        "stdev": 0.0336721464992
    },
    "melbands_kurtosis": {
        "max": 76.2043380737,
        "mean": 5.76081609726,
        "min": -1.80648386478,
        "stdev": 6.96463823318
    },
    "melbands_skewness": {
        "max": 7.7515130043,
        "mean": 2.03880667686,
        "min": -0.259518861771,
        "stdev": 0.954260528088
    },
    "melbands_spread": {
        "max": 238.749649048,
        "mean": 36.131690979,
        "min": 4.9871006012,
        "stdev": 17.9429340363
    },
    "pitch_salience": {
        "max": 0.867734134197,
        "mean": 0.595628321171,
        "min": 0.308512479067,
        "stdev": 0.0859439894557
    },
    "silence_rate_20dB": {
        "max": 1,
        "mean": 1,
        "min": 1,
        "stdev": 0
    },
    "silence_rate_30dB": {
        "max": 1,
        "mean": 1,
        "min": 1,
        "stdev": 0
    },
    "silence_rate_60dB": {
        "max": 1,
        "mean": 0.00666349334642,
        "min": 0,
        "stdev": 0.0813600197434
    },
    "spectral_centroid": {
        "max": 5223.98730469,
        "mean": 1883.10717773,
        "min": 398.297271729,
        "stdev": 458.991271973
    },
    "spectral_complexity": {
        "max": 51,
        "mean": 27.5145168304,
        "min": 0,
        "stdev": 7.98685789108
    },
    "spectral_decrease": {
        "max": -9.56918086437e-11,
        "mean": -6.39346442455e-09,
        "min": -2.36480701687e-08,
        "stdev": 2.89964474653e-09
    },
    "spectral_energy": {
        "max": 0.0934050679207,
        "mean": 0.0267395693809,
        "min": 0.000414083246142,
        "stdev": 0.0116423033178
    },
    "spectral_energyband_high": {
        "max": 0.0059320544824,
        "mean": 0.00105351815,
        "min": 1.22373257909e-05,
        "stdev": 0.000715941598173
    },
    "spectral_energyband_low": {
        "max": 0.0655145347118,
        "mean": 0.00699290353805,
        "min": 8.86571160663e-06,
        "stdev": 0.00669300882146
    },
    "spectral_energyband_middle_high": {
        "max": 0.02882267721,
        "mean": 0.00817120447755,
        "min": 5.59181644348e-05,
        "stdev": 0.00503060501069
    },
    "spectral_energyband_middle_low": {
        "max": 0.0670787096024,
        "mean": 0.0117167951539,
        "min": 7.3638788308e-05,
        "stdev": 0.0068945325911
    },
    "spectral_entropy": {
        "max": 8.85332775116,
        "mean": 7.7910490036,
        "min": 6.56466293335,
        "stdev": 0.242716595531
    },
    "spectral_flux": {
        "max": 0.256974756718,
        "mean": 0.0931040123105,
        "min": 0.022582449019,
        "stdev": 0.0345086827874
    },
    "spectral_kurtosis": {
        "max": 14.9356060028,
        "mean": 3.99331283569,
        "min": -0.787080764771,
        "stdev": 1.5975536108
    },
    "spectral_rms": {
        "max": 0.00954604055732,
        "mean": 0.00498668756336,
        "min": 0.000635597098153,
        "stdev": 0.00110467267223
    },
    "spectral_rolloff": {
        "max": 12209.3261719,
        "mean": 2248.81030273,
        "min": 172.265625,
        "stdev": 1226.828125
    },
    "spectral_skewness": {
        "max": 2.82510185242,
        "mean": 1.41797721386,
        "min": 0.115962147713,
        "stdev": 0.264826923609
    },
    "spectral_spread": {
        "max": 14463463,
        "mean": 4641913,
        "min": 2612339,
        "stdev": 1108443.625
    },
    "spectral_strongpeak": {
        "max": 9.80274772644,
        "mean": 0.996698439121,
        "min": 0.0245805401355,
        "stdev": 1.23462224007
    },
    "zerocrossingrate": {
        "max": 0.35693359375,
        "mean": 0.0824588760734,
        "min": 0.015625,
        "stdev": 0.0278089065105
    },
    "barkbands": {
        "max": [0.00125560676679, 0.0289176609367, 0.0382144004107, 0.0230705607682, 0.041908621788, 0.0472523830831, 0.0262622069567, 0.0148726273328, 0.0277334302664, 0.0164150502533, 0.0242956541479, 0.0171410515904, 0.0134201552719, 0.00877225957811, 0.0112085565925, 0.015819247812, 0.00626661675051, 0.0104394033551, 0.00879319012165, 0.00415074173361, 0.00200057332404, 0.00234230607748, 0.00162231596187, 0.00252793543041, 0.00149757112376, 0.000820817775093, 0.000243929011049],
        "mean": [0.000125108184875, 0.00201135035604, 0.00377541012131, 0.00210935273208, 0.00282457540743, 0.00155067758169, 0.00199671695009, 0.00112301763147, 0.00190461380407, 0.000907035893761, 0.00101504288614, 0.000600851955824, 0.0005212976248, 0.000467407953693, 0.000746453064494, 0.000979227828793, 0.000585048983339, 0.00114469765685, 0.00100839545485, 0.000460102106445, 0.000218689994654, 0.000223940776777, 0.000140687887324, 0.000124693993712, 0.000119428630569, 4.74085718452e-05, 8.31449233374e-06],
        "min": [3.69467478833e-08, 1.83224449302e-06, 6.57039606722e-07, 3.21874495057e-07, 7.22259483155e-06, 3.10412633553e-06, 1.87863747669e-06, 1.91632875612e-06, 1.4805544879e-06, 5.50342633687e-07, 4.47614297627e-07, 5.73942998017e-07, 5.34075866199e-07, 2.69383747309e-07, 1.65241090144e-06, 1.48838091718e-06, 2.01152647605e-06, 4.97056498716e-06, 5.26621988683e-06, 2.46257354775e-06, 2.43253066401e-06, 1.98799671125e-06, 5.26796384293e-07, 1.02740307284e-06, 1.01331067981e-06, 2.81257882762e-07, 1.07857313358e-10],
        "stdev": [0.00016772779054, 0.00268447585404, 0.00391568616033, 0.00238346913829, 0.00335325254127, 0.0026145814918, 0.00309617468156, 0.00180837861262, 0.00286576501094, 0.00148734799586, 0.00174232642166, 0.00119752099272, 0.00114686426241, 0.000660587276798, 0.00102357915603, 0.00159799214453, 0.000551331497263, 0.00125900551211, 0.000960754347034, 0.000445589888841, 0.000176638699486, 0.000228967444855, 0.000150053892867, 0.00014938172535, 0.000121823264635, 7.10491731297e-05, 1.37688311952e-05]
    },
    "erbbands": {
        "max": [0.452468931675, 7.86480283737, 36.8820381165, 64.8728485107, 147.059143066, 129.081176758, 403.63760376, 327.056304932, 370.819030762, 522.68951416, 387.406768799, 780.936035156, 621.728149414, 668.179626465, 651.501647949, 805.421325684, 641.825622559, 514.012512207, 398.355285645, 827.961242676, 637.018066406, 214.52406311, 497.522216797, 569.954223633, 410.828308105, 174.93989563, 69.760383606, 101.221855164, 95.5069122314, 56.2530975342, 47.6602096558, 72.0814666748, 37.9807090759, 15.0001983643, 10.3316736221, 4.10999965668, 1.49342429638, 0.450321704149, 0.0372001118958, 0.000638735538814],
        "mean": [0.0537363030016, 0.5204423666, 3.55627369881, 6.28437757492, 8.36114597321, 9.68732261658, 9.3647108078, 14.3892555237, 22.664308548, 34.7448921204, 27.2199668884, 43.7003440857, 29.0697212219, 31.5638580322, 37.9435424805, 25.8670063019, 25.7111682892, 19.9598827362, 30.3266334534, 59.0412445068, 42.4413375854, 35.5459442139, 58.4380073547, 60.1608390808, 41.5605010986, 21.4817905426, 9.0538854599, 9.95875644684, 7.89087057114, 5.27672719955, 4.06936311722, 2.99216246605, 1.89858078957, 1.48091316223, 0.790188550949, 0.275949716568, 0.0758372172713, 0.0142811965197, 0.00158924888819, 7.02941251802e-05],
        "min": [3.24802640534e-05, 0.000475003093015, 0.00227414933033, 0.0035294436384, 0.0201565790921, 0.0365152172744, 0.0308913514018, 0.0450795739889, 0.0707764327526, 0.160848647356, 0.0738552138209, 0.0315483212471, 0.018197780475, 0.0530919991434, 0.0427467599511, 0.0455333031714, 0.0364856719971, 0.0369267463684, 0.053070615977, 0.148139312863, 0.0761862695217, 0.165296152234, 0.258186936378, 0.258429318666, 0.234336197376, 0.147573545575, 0.0787946656346, 0.139660045505, 0.0606958568096, 0.015588237904, 0.017235359177, 0.0201006736606, 0.0196294467896, 0.0127975977957, 0.00591576471925, 0.00176421785727, 0.000373150629457, 5.30917859578e-05, 6.90962906447e-06, 2.1816329081e-06],
        "stdev": [0.0558831132948, 0.744194626808, 4.04061126709, 5.951649189, 9.48045444489, 12.4728240967, 17.4152622223, 23.0135040283, 41.6022720337, 52.2546730042, 38.6785240173, 72.0800476074, 44.6296882629, 49.1803512573, 62.510219574, 47.9690628052, 53.9125671387, 29.5041217804, 37.9854125977, 85.2751235962, 56.9941062927, 29.0449581146, 63.7726821899, 56.22498703, 42.1106300354, 17.8467006683, 6.18080759048, 9.0101442337, 8.29378318787, 5.5723528862, 4.58016109467, 3.72038793564, 2.18916916847, 1.40496647358, 0.930800378323, 0.382511824369, 0.123625196517, 0.0244516171515, 0.00242687412538, 6.00035891694e-05]
    },
    "gfcc": {
        "mean": [50.4550971985, 68.8369064331, -119.889884949, 35.632068634, -55.6392555237, 7.50806665421, -39.1157226562, 19.4755306244, -28.2109355927, -1.5483686924, -20.2299480438, -2.40827846527, -15.2792444229],
        "cov": [[915.182189941, -50.709236145, 33.375667572, -32.5558738708, 134.694534302, 37.267124176, 39.690071106, 14.7412281036, -24.236618042, 18.5756225586, -22.0343742371, 15.9021835327, -18.8167457581], [-50.709236145, 543.049316406, -85.1761398315, 59.7450523376, 60.068572998, -10.1814184189, 42.0788612366, 25.5181732178, -19.8536281586, -1.1583865881, 27.6924381256, -66.9594345093, 19.9296798706], [33.375667572, -85.1761398315, 428.197784424, 34.1692466736, 71.8623580933, 6.83972406387, 6.70322179794, -21.438079834, -31.0244998932, 37.1136512756, -14.1408452988, 37.4355049133, -20.6475505829], [-32.5558738708, 59.7450523376, 34.1692466736, 240.432052612, 21.6090965271, 11.5155687332, -48.0235748291, -3.3705394268, 34.4072532654, -19.5393123627, -18.1869983673, -12.3307723999, 41.3276786804], [134.694534302, 60.068572998, 71.8623580933, 21.6090965271, 215.17149353, -17.7899932861, 3.53339576721, 41.0643959045, -7.55787324905, 25.082359314, -5.80003356934, -19.1861553192, -3.40596413612], [37.267124176, -10.1814184189, 6.83972406387, 11.5155687332, -17.7899932861, 188.696624756, 78.5157775879, -26.7253513336, -25.8074569702, -3.3389685154, -0.0986511409283, -18.189250946, -16.8908672333], [39.690071106, 42.0788612366, 6.70322179794, -48.0235748291, 3.53339576721, 78.5157775879, 139.754608154, 8.24546909332, -43.0917701721, -3.62957572937, -0.78977316618, 1.84137332439, -20.0899429321], [14.7412281036, 25.5181732178, -21.438079834, -3.3705394268, 41.0643959045, -26.7253513336, 8.24546909332, 113.969589233, 32.4938430786, 5.18904209137, 5.67246198654, -13.109793663, -1.32365274429], [-24.236618042, -19.8536281586, -31.0244998932, 34.4072532654, -7.55787324905, -25.8074569702, -43.0917701721, 32.4938430786, 106.925361633, 11.2774791718, -16.2273216248, -15.243478775, -0.732361674309], [18.5756225586, -1.1583865881, 37.1136512756, -19.5393123627, 25.082359314, -3.3389685154, -3.62957572937, 5.18904209137, 11.2774791718, 59.9325408936, 16.0616149902, -2.02747058868, -7.33647727966], [-22.0343742371, 27.6924381256, -14.1408452988, -18.1869983673, -5.80003356934, -0.0986511409283, -0.78977316618, 5.67246198654, -16.2273216248, 16.0616149902, 63.8954772949, 18.8985328674, -4.16138458252], [15.9021835327, -66.9594345093, 37.4355049133, -12.3307723999, -19.1861553192, -18.189250946, 1.84137332439, -13.109793663, -15.243478775, -2.02747058868, 18.8985328674, 70.2806472778, 16.8450260162], [-18.8167457581, 19.9296798706, -20.6475505829, 41.3276786804, -3.40596413612, -16.8908672333, -20.0899429321, -1.32365274429, -0.732361674309, -7.33647727966, -4.16138458252, 16.8450260162, 62.1622390747]],
        "icov": [[0.00132038141601, 4.60407718492e-05, 0.000288974842988, 8.13969527371e-05, -0.000957228883635, -0.000450423074653, 0.000107324180135, -0.000141587966937, 0.000318780279486, -0.000467571779154, 0.00103444803972, -0.00117257214151, 0.000619196740445], [4.60407718492e-05, 0.00300857122056, 0.000199247107957, -0.00092130684061, -0.000572025775909, 0.00151822878979, -0.00242121727206, 0.000636780925561, 0.000166128185811, 0.000455978501122, -0.00314064137638, 0.00438056094572, -0.00200122408569], [0.000288974842988, 0.000199247107957, 0.00358691206202, -0.00132805923931, -0.00107578188181, -0.000235632935073, 0.000368209701264, -4.79529990116e-05, 0.00188165693544, -0.00315860984847, 0.00284502631985, -0.00353318382986, 0.00289023877122], [8.13969527371e-05, -0.00092130684061, -0.00132805923931, 0.00665016332641, -0.000784192525316, -0.00203590025194, 0.00238581513986, 0.000433234934462, -0.00266924360767, 0.00330269499682, -7.81981580076e-05, 0.000804906070698, -0.00422326335683], [-0.000957228883635, -0.000572025775909, -0.00107578188181, -0.000784192525316, 0.00692327087745, 0.000837708532345, 0.000195523127331, -0.00251745292917, 0.00179721985478, -0.00242770509794, 0.000831237586681, 0.00184380053543, -3.51266717189e-05], [-0.000450423074653, 0.00151822878979, -0.000235632935073, -0.00203590025194, 0.000837708532345, 0.00935268960893, -0.00672383187339, 0.00288421823643, -0.000261012435658, 0.000287686358206, -0.00357311312109, 0.00574542209506, -0.000637467601337], [0.000107324180135, -0.00242121727206, 0.000368209701264, 0.00238581513986, 0.000195523127331, -0.00672383187339, 0.0148842735216, -0.00439180806279, 0.00474070105702, -0.00092818273697, 0.00613928819075, -0.00671393517405, 0.00442211003974], [-0.000141587966937, 0.000636780925561, -4.79529990116e-05, 0.000433234934462, -0.00251745292917, 0.00288421823643, -0.00439180806279, 0.0127380723134, -0.00563236745074, 0.00232302513905, -0.00497114425525, 0.00401604967192, -0.00226660072803], [0.000318780279486, 0.000166128185811, 0.00188165693544, -0.00266924360767, 0.00179721985478, -0.000261012435658, 0.00474070105702, -0.00563236745074, 0.0160721987486, -0.00654364516959, 0.00692512420937, -0.00171453237999, 0.0042278598994], [-0.000467571779154, 0.000455978501122, -0.00315860984847, 0.00330269499682, -0.00242770509794, 0.000287686358206, -0.00092818273697, 0.00232302513905, -0.00654364516959, 0.0243975408375, -0.0101724676788, 0.00545732676983, -0.00319548184052], [0.00103444803972, -0.00314064137638, 0.00284502631985, -7.81981580076e-05, 0.000831237586681, -0.00357311312109, 0.00613928819075, -0.00497114425525, 0.00692512420937, -0.0101724676788, 0.0277507510036, -0.0147113706917, 0.00799527391791], [-0.00117257214151, 0.00438056094572, -0.00353318382986, 0.000804906070698, 0.00184380053543, 0.00574542209506, -0.00671393517405, 0.00401604967192, -0.00171453237999, 0.00545732676983, -0.0147113706917, 0.0303368680179, -0.0124720158055], [0.000619196740445, -0.00200122408569, 0.00289023877122, -0.00422326335683, -3.51266717189e-05, -0.000637467601337, 0.00442211003974, -0.00226660072803, 0.0042278598994, -0.00319548184052, 0.00799527391791, -0.0124720158055, 0.0254771597683]]
    },
    "melbands": {
        "max": [0.00611835811287, 0.0156933795661, 0.00992676708847, 0.0107565838844, 0.0111102284864, 0.00643834052607, 0.00587916607037, 0.00549219083041, 0.00330900633708, 0.00440732482821, 0.00312043167651, 0.00263263261877, 0.00334507948719, 0.00226402725093, 0.00137789931614, 0.00137283920776, 0.000969813670963, 0.000675380288158, 0.000953435897827, 0.00166600558441, 0.00101526046637, 0.000313734955853, 0.00041851849528, 0.000730485946406, 0.000543871487025, 0.000326813082211, 0.000320014893077, 0.000143710320117, 5.72382850805e-05, 3.12213087454e-05, 7.75343141868e-05, 7.21164469724e-05, 4.01651486754e-05, 3.66306085198e-05, 2.28288190556e-05, 4.25398320658e-05, 4.33201894339e-05, 3.01424042846e-05, 1.72654617927e-05, 1.48984354382e-05],
        "mean": [0.000515784835443, 0.00144422997255, 0.00115683407057, 0.000668561318889, 0.000350368121872, 0.000319550425047, 0.000357992073987, 0.000353549228748, 0.000248255353654, 0.000260565371718, 0.000141803277074, 0.000126772923977, 0.000142937875353, 6.88338332111e-05, 7.03496480128e-05, 4.51091691502e-05, 3.6002627894e-05, 4.66720230179e-05, 6.4102030592e-05, 8.01258574938e-05, 4.37716516899e-05, 3.29737013089e-05, 4.79326117784e-05, 5.50742697669e-05, 4.88887017127e-05, 3.43121100741e-05, 2.32680758927e-05, 1.20009062812e-05, 5.61953083889e-06, 4.93482093589e-06, 6.09441713095e-06, 4.76329751109e-06, 3.68484666069e-06, 2.44777811531e-06, 2.22762128033e-06, 2.20542460738e-06, 1.74967260591e-06, 1.31763795252e-06, 1.16236367376e-06, 1.35082746056e-06],
        "min": [4.27842678619e-07, 1.0637613741e-06, 7.27128508515e-07, 1.35999687245e-06, 1.20254480862e-06, 5.70544330003e-07, 5.84393319514e-07, 4.25156684969e-07, 4.39354607806e-07, 1.74214193294e-07, 8.09232219012e-08, 2.00035287889e-07, 8.70899725669e-08, 1.00647504553e-07, 8.64201865625e-08, 8.78126016346e-08, 4.19090362413e-08, 6.47276365839e-08, 1.56844436106e-07, 1.91648624082e-07, 6.40285833242e-08, 1.44717304806e-07, 1.19324980119e-07, 2.417275482e-07, 2.01478684403e-07, 1.75206977815e-07, 1.07789517756e-07, 8.66167155777e-08, 3.16589527927e-08, 5.39671631827e-08, 9.59609778306e-08, 3.95510824092e-08, 1.03194208734e-08, 7.09311276381e-09, 1.09190443354e-08, 9.99357929743e-09, 1.11904956412e-08, 1.42447751372e-08, 1.18330492072e-08, 1.10288693733e-08],
        "stdev": [0.000598152459133, 0.00162245379761, 0.0010258872062, 0.000776898174081, 0.000559405772947, 0.000500263355207, 0.000624922802672, 0.000527463213075, 0.000370713416487, 0.00042473981739, 0.000227314216318, 0.000204909258173, 0.000241846224526, 0.000147715894855, 0.0001330779196, 9.27937217057e-05, 5.56623745069e-05, 6.66573250783e-05, 9.13017356652e-05, 0.000139211828355, 6.63721802994e-05, 2.88229384751e-05, 5.38414569746e-05, 6.52394301142e-05, 4.85943237436e-05, 3.74751289201e-05, 2.94623259833e-05, 1.11424806164e-05, 4.15735985371e-06, 4.20558762926e-06, 6.26499831924e-06, 5.29708040631e-06, 4.64105369247e-06, 2.60744968728e-06, 2.58174259216e-06, 2.77930871562e-06, 2.27921964324e-06, 1.60839147156e-06, 1.35742266139e-06, 1.31514013901e-06]
    },
    "melbands128": {
        "max": [0.00117692700587, 0.00269518792629, 0.00775721110404, 0.0149232894182, 0.0203224383295, 0.0207628570497, 0.0155177675188, 0.0138780130073, 0.0168244000524, 0.0151496622711, 0.00948547292501, 0.00877250079066, 0.0159455426037, 0.0187181159854, 0.01255259756, 0.00827504973859, 0.00887978263199, 0.0109887775034, 0.00751167489216, 0.00936261285096, 0.00509532308206, 0.00547408033162, 0.00615290226415, 0.0079128369689, 0.00996253453195, 0.0071153556928, 0.00533410068601, 0.00598074262962, 0.00315701938234, 0.00550808431581, 0.00561251677573, 0.00606985902414, 0.00585220055655, 0.00408973265439, 0.00328888813965, 0.00518946535885, 0.00259403605014, 0.0021120137535, 0.00410676747561, 0.00344215543009, 0.00289484974928, 0.00170896400232, 0.00225321226753, 0.000799823086709, 0.00174478022382, 0.00149451906327, 0.00100136140827, 0.00156725966372, 0.00267674401402, 0.00300378189422, 0.00352896400727, 0.00221244967543, 0.00154808477964, 0.00171987747308, 0.00114646845032, 0.000301697786199, 0.000489744008519, 0.00063104997389, 0.00100585387554, 0.0012332907645, 0.00127153098583, 0.00107867456973, 0.000912049668841, 0.000728034356143, 0.000639209756628, 0.000712664623279, 0.000502153590787, 0.00101866852492, 0.000583895598538, 0.00045461015543, 0.000330060167471, 0.000160912095453, 8.85288827703e-05, 5.32369231223e-05, 3.56273449142e-05, 4.98006083944e-05, 6.86459752615e-05, 6.32684968878e-05, 0.000143127035699, 0.000145068290294, 0.000113652946311, 8.4920306108e-05, 6.04671040492e-05, 7.45986180846e-05, 5.27409865754e-05, 7.20548923709e-05, 3.42431812896e-05, 1.68454389495e-05, 3.38722493325e-05, 3.90592431359e-05, 4.17932933487e-05, 4.36869086116e-05, 6.77481948514e-05, 4.38858514826e-05, 3.17446683766e-05, 3.60005215043e-05, 3.4106647945e-05, 2.12802369788e-05, 1.90169866983e-05, 1.48049994095e-05, 1.12127354441e-05, 1.82501353265e-05, 2.38463089772e-05, 9.07075536816e-06, 1.82569365279e-05, 1.57376034622e-05, 1.35639411383e-05, 8.64210869622e-06, 7.71501800045e-06, 5.74793421038e-06, 1.10323435365e-05, 8.66526261234e-06, 4.12227882407e-06, 4.85009104523e-06, 4.31858870797e-06, 3.21250035995e-06, 5.64839092476e-06, 3.47428499481e-06, 2.6849418191e-06, 1.89432341813e-06, 5.73195507059e-07, 6.53661004435e-07, 2.83780963173e-07, 1.46008805046e-08, 1.61099633633e-09, 1.58395074834e-09, 1.56594048839e-09, 1.55465218477e-09],
        "mean": [0.000109960317786, 0.000404354039347, 0.000637966732029, 0.000819387554657, 0.00162445101887, 0.00186233920977, 0.00128840550315, 0.00103068014141, 0.000791497644968, 0.000751804269385, 0.000511764956173, 0.000364653358702, 0.000264082307694, 0.00038321496686, 0.000355364958523, 0.000246604700806, 0.000315288838465, 0.000397701718612, 0.000350861198967, 0.000493638857733, 0.000275403202977, 0.000180327799171, 0.000192098785192, 0.000385322025977, 0.000365490588592, 0.000158008915605, 0.000158060152899, 0.000116291819722, 0.000169553837623, 0.000126001497847, 9.78832613328e-05, 0.0001482245425, 0.000195790722501, 9.5948271337e-05, 6.35658725514e-05, 6.84281912982e-05, 6.11190480413e-05, 7.31874606572e-05, 8.03062721388e-05, 5.14213570568e-05, 3.14850076393e-05, 4.38450297224e-05, 3.06572983391e-05, 2.74583235296e-05, 6.2481056375e-05, 4.27125487477e-05, 4.11019573221e-05, 5.44196154806e-05, 6.71725429129e-05, 0.000113374313514, 8.50566430017e-05, 4.52104795841e-05, 4.97237379022e-05, 4.1455936298e-05, 3.33447278535e-05, 3.10727518809e-05, 3.19870923704e-05, 4.29041465395e-05, 5.75610138185e-05, 5.11387479492e-05, 5.79933548579e-05, 5.45048824279e-05, 4.98580557178e-05, 4.98659319419e-05, 4.32256820204e-05, 3.29287031491e-05, 2.94544770441e-05, 2.89355157292e-05, 2.11262977245e-05, 1.67183807207e-05, 1.33171288326e-05, 8.99858423509e-06, 6.62637921778e-06, 4.98249301017e-06, 4.45528257842e-06, 4.26381438956e-06, 5.47045738131e-06, 6.1945820562e-06, 5.89681849306e-06, 6.65274455969e-06, 5.05077287016e-06, 4.0687928049e-06, 3.58959482583e-06, 3.80312280868e-06, 3.64408901987e-06, 2.99449857266e-06, 1.89851812138e-06, 1.57595343353e-06, 2.26056226893e-06, 2.63718357019e-06, 2.72123475042e-06, 1.90348282558e-06, 1.60620004408e-06, 1.94001631826e-06, 1.75520312951e-06, 1.33104560973e-06, 1.1903516679e-06, 1.28133251565e-06, 1.35084167141e-06, 9.15208886454e-07, 1.10709117962e-06, 1.61778518759e-06, 1.40953204664e-06, 8.87629141744e-07, 8.96660083072e-07, 8.46197110604e-07, 5.64176502849e-07, 4.90634135986e-07, 5.05601462919e-07, 3.96462894514e-07, 3.15489018021e-07, 2.66484590838e-07, 2.12732615523e-07, 2.13955061668e-07, 1.52916740603e-07, 1.07213473655e-07, 9.44630755839e-08, 8.19188130663e-08, 7.93663090803e-08, 6.17850304252e-08, 2.968934254e-08, 1.65674194363e-08, 8.35302849111e-09, 9.61794324739e-11, 4.77115352435e-12, 4.66294754545e-12, 4.59428068506e-12, 4.56418063066e-12],
        "min": [3.81953002559e-09, 2.97797306814e-08, 1.2239273417e-07, 6.7270599402e-07, 6.90467402364e-07, 2.88375872515e-07, 1.42433293604e-07, 1.52667240627e-07, 1.1666249975e-06, 6.24416315986e-07, 9.39197448702e-08, 3.56315780436e-07, 4.05785300472e-07, 3.51991815251e-07, 4.2690746227e-07, 2.16860470914e-07, 3.63432164363e-08, 1.46965390968e-07, 2.00448525334e-07, 3.99485600155e-07, 2.39128979729e-07, 2.67580446689e-07, 2.11915931914e-07, 9.70713003312e-08, 5.58924178051e-08, 7.26165652054e-08, 4.7442835438e-08, 8.18204171082e-08, 5.58222303937e-08, 6.73659883432e-08, 6.74412135027e-08, 7.05532343659e-08, 4.604649817e-08, 6.00437886078e-08, 2.81155809745e-08, 4.80603752351e-08, 5.69455380628e-08, 1.21984937707e-08, 4.56542181837e-08, 4.32614442047e-08, 4.38184528662e-08, 5.00839227868e-08, 2.74292020208e-08, 2.13032720353e-08, 1.39037634739e-08, 3.23004911706e-08, 2.40340334301e-08, 4.40915286504e-08, 6.30721928019e-08, 1.60817862138e-07, 8.18528249624e-08, 3.90678636109e-08, 6.00955090135e-08, 4.63033131837e-08, 1.11746736309e-07, 2.21120437516e-08, 4.1597584044e-08, 9.89356649939e-08, 1.12642148054e-07, 8.55317381365e-08, 1.70518447362e-07, 1.14317856514e-07, 9.40044628805e-08, 1.77724942318e-07, 1.00998107655e-07, 5.77783119127e-08, 3.74273021464e-08, 2.79393095326e-08, 3.09908614327e-08, 4.6376666063e-08, 4.602987147e-08, 5.49117302739e-08, 2.16055227042e-08, 2.07876578173e-08, 3.60736045479e-08, 4.19126919837e-08, 3.19557607042e-08, 6.31271390716e-08, 6.26573708473e-08, 4.34051976583e-08, 1.95444727069e-08, 1.58945958617e-08, 6.20881701607e-09, 1.23686385578e-08, 4.23118606818e-09, 7.45181694128e-09, 4.79076378568e-09, 1.23667236451e-08, 1.42425209404e-08, 5.94656146546e-09, 5.78399816931e-09, 1.01224708615e-08, 3.67693120396e-09, 8.25321233577e-09, 1.36366624659e-08, 1.03750341651e-08, 8.04656075104e-09, 1.1818418244e-08, 1.01547739106e-08, 5.0164508103e-09, 8.95180551908e-09, 1.10240598872e-08, 4.13254097609e-09, 4.9713140271e-09, 5.09680342375e-09, 3.89812848667e-09, 3.00895020011e-09, 3.39802608273e-09, 2.88444579333e-09, 1.88175741656e-09, 1.07266096006e-09, 8.06469224734e-10, 8.87271089933e-10, 5.77260128587e-10, 4.22746199158e-10, 9.14938819152e-11, 6.92000655996e-13, 3.52183560093e-13, 1.08793582595e-13, 8.76049111183e-14, 7.13447110092e-14, 7.63337147398e-14, 6.44481077663e-14, 5.70732629451e-14, 4.46242943584e-14, 2.18600975537e-14, 2.73956776691e-15, 9.48972634537e-17],
        "stdev": [0.0001505955006, 0.00043489280506, 0.000795585219748, 0.00139901333023, 0.00218512420543, 0.00183377997018, 0.0013450270053, 0.00122364109848, 0.00105741957668, 0.00110300933011, 0.000765274395235, 0.000718706171028, 0.000685705337673, 0.000877864949871, 0.000715284026228, 0.000577356317081, 0.000713190063834, 0.00101982790511, 0.000726233818568, 0.000923664949369, 0.000554991594981, 0.000420736410888, 0.000481364957523, 0.000732485030312, 0.000796572887339, 0.000411268585594, 0.000381932244636, 0.000311921903631, 0.000309598632157, 0.000321378203807, 0.000263564113993, 0.000349083420588, 0.000398384989239, 0.000274303805782, 0.000191712329979, 0.000230568271945, 0.000183118521818, 0.000163748729392, 0.00026241489104, 0.000161267860676, 0.000108235013613, 0.000102422993223, 8.86113775778e-05, 5.80476335017e-05, 0.00011447462748, 9.73592541413e-05, 8.71354786796e-05, 0.000123203702969, 0.000144785735756, 0.000233249826124, 0.000232660328038, 9.65712679317e-05, 0.000120620054076, 7.92751525296e-05, 5.46177252545e-05, 3.20318104059e-05, 4.26876322308e-05, 6.15374810877e-05, 9.41265752772e-05, 9.38176963245e-05, 9.36682263273e-05, 8.48657800816e-05, 6.51213849778e-05, 6.24235908617e-05, 6.00525272603e-05, 5.46907504031e-05, 4.64715703856e-05, 5.96144818701e-05, 3.78136137442e-05, 2.42022179009e-05, 1.9592947865e-05, 8.21804769657e-06, 5.82180064157e-06, 4.77341882288e-06, 4.20514697907e-06, 4.24680138167e-06, 6.53259940009e-06, 7.09514597474e-06, 8.39939639263e-06, 8.48481340654e-06, 6.78393143971e-06, 5.38894437341e-06, 5.60252647119e-06, 6.04940032645e-06, 4.89270723847e-06, 3.69835174752e-06, 2.44751663558e-06, 1.92704510482e-06, 2.8964309422e-06, 3.82155803891e-06, 3.55871497959e-06, 2.76654736808e-06, 2.71259091278e-06, 2.6210066153e-06, 2.30396403822e-06, 1.96243445316e-06, 1.57831868819e-06, 1.73443959284e-06, 1.78268419404e-06, 1.1728999425e-06, 1.20373601931e-06, 1.77941774382e-06, 1.66284837633e-06, 1.01745979464e-06, 1.23714130496e-06, 1.37550000545e-06, 8.49987998208e-07, 7.43833254546e-07, 7.68942470586e-07, 5.47646493487e-07, 5.68512291466e-07, 5.2979675047e-07, 3.55276000619e-07, 3.98535519253e-07, 2.77040157926e-07, 1.98236534743e-07, 2.05437444833e-07, 1.6282436377e-07, 1.45551624087e-07, 1.01773302674e-07, 5.32865769287e-08, 4.2054985272e-08, 2.33982682118e-08, 6.3421889962e-10, 3.75246153594e-11, 3.70673526595e-11, 3.67316281558e-11, 3.65069328934e-11]
    },
    "mfcc": {
        "mean": [-592.161560059, 101.436851501, -6.78112697601, 27.5661945343, 5.4611325264, -7.62093687057, 2.18170571327, 7.38951778412, 1.09856712818, 1.49095988274, 0.0612740255892, -5.53160858154, -1.68410742283],
        "cov": [[918.250610352, -4.23272609711, -138.674438477, -21.5962524414, 30.5649185181, 48.9429664612, 43.2260093689, 26.1218509674, 25.187587738, 21.0526714325, 0.127511680126, -24.4479160309, -16.7407474518], [-4.23272609711, 472.763275146, -92.0007476807, 41.2720947266, 15.871594429, -39.292011261, 99.491104126, -24.9062824249, 12.1440982819, 21.39220047, 19.9047660828, 15.1016130447, 21.3857536316], [-138.674438477, -92.0007476807, 319.940856934, 23.4605998993, -5.18500566483, 76.7327346802, -2.48051381111, -4.02332162857, -7.25007247925, -31.1664619446, -9.02344894409, 12.4752454758, 9.11099147797], [-21.5962524414, 41.2720947266, 23.4605998993, 199.862915039, 95.4105987549, -39.5542869568, -34.8120079041, -12.3318996429, 29.5860347748, 0.156309098005, -35.4563941956, -8.04947471619, 33.0117073059], [30.5649185181, 15.871594429, -5.18500566483, 95.4105987549, 183.889221191, -20.5569629669, -25.5701293945, -21.7542324066, 21.3905715942, 39.2401580811, -19.7098255157, 3.64973640442, 18.4571075439], [48.9429664612, -39.292011261, 76.7327346802, -39.5542869568, -20.5569629669, 173.249908447, 56.2105140686, 2.565294981, -4.96829605103, -2.57405686378, 3.56626939774, -8.0140171051, -28.0081119537], [43.2260093689, 99.491104126, -2.48051381111, -34.8120079041, -25.5701293945, 56.2105140686, 179.903991699, 22.9354324341, -2.4289932251, -13.9042053223, 7.54976987839, 16.3409805298, -5.90170574188], [26.1218509674, -24.9062824249, -4.02332162857, -12.3318996429, -21.7542324066, 2.565294981, 22.9354324341, 87.6837310791, 18.4580802917, 2.95341968536, 8.46004676819, -4.13750505447, -2.33707380295], [25.187587738, 12.1440982819, -7.25007247925, 29.5860347748, 21.3905715942, -4.96829605103, -2.4289932251, 18.4580802917, 78.4370651245, 32.7183914185, -9.22356414795, -7.29873323441, 2.00077438354], [21.0526714325, 21.39220047, -31.1664619446, 0.156309098005, 39.2401580811, -2.57405686378, -13.9042053223, 2.95341968536, 32.7183914185, 98.3656692505, 12.2480478287, 0.77657186985, -2.93779373169], [0.127511680126, 19.9047660828, -9.02344894409, -35.4563941956, -19.7098255157, 3.56626939774, 7.54976987839, 8.46004676819, -9.22356414795, 12.2480478287, 73.3566894531, 17.9605846405, -8.63354206085], [-24.4479160309, 15.1016130447, 12.4752454758, -8.04947471619, 3.64973640442, -8.0140171051, 16.3409805298, -4.13750505447, -7.29873323441, 0.77657186985, 17.9605846405, 54.1166381836, 18.2904243469], [-16.7407474518, 21.3857536316, 9.11099147797, 33.0117073059, 18.4571075439, -28.0081119537, -5.90170574188, -2.33707380295, 2.00077438354, -2.93779373169, -8.63354206085, 18.2904243469, 66.3830871582]],
        "icov": [[0.00127471832093, 0.000138514151331, 0.000709275191184, 0.000109829139546, -0.000382744794479, -0.000599346705712, -0.000222951042815, -0.000221108217374, -0.000326634530211, 0.000148296428961, -0.000113938665891, 0.000424801517511, -0.000164641242009], [0.000138514151331, 0.00313240266405, 0.000739694223739, -0.00108989269938, 0.000368823297322, 0.000813562015537, -0.00245710322633, 0.00166293187067, -0.00034110530396, -0.000750604027417, -0.00129048537929, 0.000475399487186, -0.000774673710112], [0.000709275191184, 0.000739694223739, 0.00450071459636, -0.000976901501417, 0.000119330099551, -0.00250888988376, 0.000261500361376, 5.04280069435e-05, -0.000325457629515, 0.00113179697655, -1.11801919047e-05, -0.00129510695115, -0.000842757232022], [0.000109829139546, -0.00108989269938, -0.000976901501417, 0.00883790664375, -0.00407858844846, 0.000906942761503, 0.00127018801868, -0.000211166028748, -0.00254523358308, 0.00226495042443, 0.00181102019269, 0.00171005248558, -0.00231865164824], [-0.000382744794479, 0.000368823297322, 0.000119330099551, -0.00407858844846, 0.00870605651289, 8.67312919581e-05, -0.000101708632428, 0.00168949377257, 0.000406981474953, -0.00375856691971, 0.00113442155998, -0.00154385610949, -0.000142755932757], [-0.000599346705712, 0.000813562015537, -0.00250888988376, 0.000906942761503, 8.67312919581e-05, 0.00896857865155, -0.00328343058936, 0.00121913594194, 0.000204570431379, -0.00112190889195, -0.000297415856039, 0.00196925434284, 0.00235389219597], [-0.000222951042815, -0.00245710322633, 0.000261500361376, 0.00127018801868, -0.000101708632428, -0.00328343058936, 0.00904220435768, -0.00305642792955, -0.000145291691297, 0.00190079410095, 0.00145920075011, -0.00347856571898, 0.000643752457108], [-0.000221108217374, 0.00166293187067, 5.04280069435e-05, -0.000211166028748, 0.00168949377257, 0.00121913594194, -0.00305642792955, 0.0142546389252, -0.00391890993342, -0.000222507384024, -0.00258794659749, 0.00215795100667, -0.00104153552093], [-0.000326634530211, -0.00034110530396, -0.000325457629515, -0.00254523358308, 0.000406981474953, 0.000204570431379, -0.000145291691297, -0.00391890993342, 0.0175899919122, -0.0061665312387, 0.00246403366327, 0.00088791991584, 0.000432932836702], [0.000148296428961, -0.000750604027417, 0.00113179697655, 0.00226495042443, -0.00375856691971, -0.00112190889195, 0.00190079410095, -0.000222507384024, -0.0061665312387, 0.0148111358285, -0.00281032943167, -0.000366515741916, 0.000307176378556], [-0.000113938665891, -0.00129048537929, -1.11801919047e-05, 0.00181102019269, 0.00113442155998, -0.000297415856039, 0.00145920075011, -0.00258794659749, 0.00246403366327, -0.00281032943167, 0.0181626304984, -0.0068983072415, 0.00314986240119], [0.000424801517511, 0.000475399487186, -0.00129510695115, 0.00171005248558, -0.00154385610949, 0.00196925434284, -0.00347856571898, 0.00215795100667, 0.00088791991584, -0.000366515741916, -0.0068983072415, 0.0257256068289, -0.00772012351081], [-0.000164641242009, -0.000774673710112, -0.000842757232022, -0.00231865164824, -0.000142755932757, 0.00235389219597, 0.000643752457108, -0.00104153552093, 0.000432932836702, 0.000307176378556, 0.00314986240119, -0.00772012351081, 0.0201315563172]]
    },
    "spectral_contrast_coeffs": {
        "max": [-0.505901157856, -0.450500875711, -0.439646810293, -0.513057649136, -0.560962498188, -0.626324892044],
        "mean": [-0.698942363262, -0.732640028, -0.759639322758, -0.772327780724, -0.763828277588, -0.766034126282],
        "min": [-0.882279515266, -0.898084640503, -0.89609348774, -0.901560306549, -0.860204815865, -0.854529559612],
        "stdev": [0.0557778961957, 0.0742520838976, 0.0602539740503, 0.0575735233724, 0.0444148480892, 0.0334819331765]
    },
    "spectral_contrast_valleys": {
        "max": [-5.02737855911, -4.79227924347, -5.61538553238, -6.09542989731, -5.73654317856, -8.10911750793],
        "mean": [-6.51795864105, -6.47640419006, -7.04844379425, -7.21005392075, -6.83882474899, -9.53134250641],
        "min": [-9.26534557343, -8.85227680206, -9.71449947357, -9.60917186737, -9.24756908417, -11.5693302155],
        "stdev": [0.583592772484, 0.498315304518, 0.525041043758, 0.46598932147, 0.404853433371, 0.468366444111]
    }
},
"rhythm": {
    "beats_count": 80,
    "beats_loudness": {
        "max": 0.0544909313321,
        "mean": 0.028779540211,
        "min": 0.0113031296059,
        "stdev": 0.00757668865845
    },
    "bpm": 99.6417694092,
    "bpm_histogram_first_peak_bpm": 99,
    "bpm_histogram_first_peak_weight": 0.351351380348,
    "bpm_histogram_second_peak_bpm": 94,
    "bpm_histogram_second_peak_spread": 0.400000035763,
    "bpm_histogram_second_peak_weight": 0.0379746817052,
    "danceability": 1.38191080093,
    "onset_rate": 3.7939453125,
    "beats_loudness_band_ratio": {
        "max": [0.630844295025, 0.419221758842, 0.547759234905, 0.530128359795, 0.540549755096, 0.276595652103],
        "mean": [0.300419002771, 0.142315357924, 0.210627049208, 0.116915747523, 0.171049550176, 0.099400550127],
        "min": [0.0349554792047, 0.015777958557, 0.0227327886969, 0.00846073310822, 0.0181635916233, 0.00512088928372],
        "stdev": [0.138782501221, 0.102916449308, 0.128265291452, 0.0962695404887, 0.102180428803, 0.0431777648628]
    },
