{
"metadata": {
    "version": {
        "essentia": "2.1-beta5",
        "essentia_git_sha": "Undefined",
        "extractor": "music 2.0"
    },
    "audio_properties": {
        "analysis": {
            "equal_loudness": 0,
            "length": 32.4963264465,
            "sample_rate": 44100,
            "start_time": 93.9943771362,
            "downmix": "mix"
        },
        "bit_rate": 192000,
        "length": 176.401992798,
        "lossless": 0,
        "number_channels": 2,
        "replay_gain": -8.17863273621,
        "sample_rate": 48000,
        "codec": "mp3",
        "md5_encoded": "34d89712b0dbb5ecaf50d60cc758970e"
    },
    "tags": {
        "file_name": "Georgia_Visionary Dream_Sopho.mp3",
        "encoding": ["Lavf58.29.100"]
    }
},
"lowlevel": {
    "average_loudness": 0.962980151176,
    "barkbands_crest": {
        "max": 24.329750061,
        "mean": 9.97740936279,
        "min": 2.52012419701,
        "stdev": 3.76186800003
    },
    "barkbands_flatness_db": {
        "max": 0.290215909481,
        "mean": 0.113489478827,
        "min": 0.0288970060647,
        "stdev": 0.0391778387129
    },
    "barkbands_kurtosis": {
        "max": 59.7094192505,
        "mean": 2.85888648033,
        "min": -1.7627876997,
        "stdev": 5.94316673279
    },
    "barkbands_skewness": {
        "max": 7.11272239685,
        "mean": 1.34456086159,
        "min": -1.62307584286,
        "stdev": 1.11633324623
    },
    "barkbands_spread": {
        "max": 66.4231491089,
        "mean": 27.7338790894,
        "min": 1.68019104004,
        "stdev": 12.6255989075
    },
    "dissonance": {
        "max": 0.499999016523,
        "mean": 0.475769728422,
        "min": 0.319039881229,
        "stdev": 0.0191828459501
    },
    "dynamic_complexity": 1.95186722279,
    "erbbands_crest": {
        "max": 29.1295871735,
        "mean": 9.20537948608,
        "min": 2.38482809067,
        "stdev": 4.53021812439
    },
    "erbbands_flatness_db": {
        "max": 0.268703520298,
        "mean": 0.140433579683,
        "min": 0.0537991560996,
        "stdev": 0.0390867702663
    },
    "erbbands_kurtosis": {
        "max": 19.1465625763,
        "mean": 0.680660426617,
        "min": -1.60474467278,
        "stdev": 2.08499979973
    },
    "erbbands_skewness": {
        "max": 3.32552289963,
        "mean": -0.00104801286943,
        "min": -2.92127895355,
        "stdev": 0.777262210846
    },
    "erbbands_spread": {
        "max": 106.31652832,
        "mean": 38.8471603394,
        "min": 5.63320350647,
        "stdev": 17.5007972717
    },
    "hfc": {
        "max": 93.7095870972,
        "mean": 23.8092155457,
        "min": 0.327347576618,
        "stdev": 16.7635250092
    },
    "loudness_ebu128": {
        "integrated": -15.3237218857,
        "loudness_range": 3.7566576004,
        "momentary": {
            "max": -12.0518217087,
            "mean": -15.6335096359,
            "min": -20.4432468414,
            "stdev": 1.70433795452
        },
        "short_term": {
            "max": -13.8369636536,
            "mean": -15.5689430237,
            "min": -18.8576984406,
            "stdev": 1.37461340427
        }
    },
    "melbands_crest": {
        "max": 29.6079139709,
        "mean": 14.7731256485,
        "min": 3.98010969162,
        "stdev": 4.96936702728
    },
    "melbands_flatness_db": {
        "max": 0.385488182306,
        "mean": 0.176541671157,
        "min": 0.0450613088906,
        "stdev": 0.0556526817381
    },
    "melbands_kurtosis": {
        "max": 120.686683655,
        "mean": 11.0833873749,
        "min": -1.75919377804,
        "stdev": 13.7276954651
    },
    "melbands_skewness": {
        "max": 8.47499656677,
        "mean": 2.54688572884,
        "min": -0.492035806179,
        "stdev": 1.46412777901
    },
    "melbands_spread": {
        "max": 85.867729187,
        "mean": 29.4140605927,
        "min": 2.16553783417,
        "stdev": 18.2145786285
    },
    "pitch_salience": {
        "max": 0.807157754898,
        "mean": 0.531827747822,
        "min": 0.191768780351,
        "stdev": 0.0961345210671
    },
    "silence_rate_20dB": {
        "max": 1,
        "mean": 1,
        "min": 1,
        "stdev": 0
    },
    "silence_rate_30dB": {
        "max": 1,
        "mean": 1,
        "min": 1,
        "stdev": 0
    },
    "silence_rate_60dB": {
        "max": 0,
        "mean": 0,
        "min": 0,
        "stdev": 0
    },
    "spectral_centroid": {
        "max": 3062.0625,
        "mean": 1596.57873535,
        "min": 288.115447998,
        "stdev": 659.207519531
    },
    "spectral_complexity": {
        "max": 45,
        "mean": 21.0064239502,
        "min": 0,
        "stdev": 7.17074203491
    },
    "spectral_decrease": {
        "max": -7.30529178816e-11,
        "mean": -6.31982466359e-09,
        "min": -3.06894278879e-08,
        "stdev": 3.75133391017e-09
    },
    "spectral_energy": {
        "max": 0.11960747838,
        "mean": 0.026012012735,
        "min": 0.000305409892462,
        "stdev": 0.0151110831648
    },
    "spectral_energyband_high": {
        "max": 0.00791766028851,
        "mean": 0.00105066120159,
        "min": 5.280782716e-06,
        "stdev": 0.000931200105697
    },
    "spectral_energyband_low": {
        "max": 0.108072303236,
        "mean": 0.0105852521956,
        "min": 1.62345277204e-05,
        "stdev": 0.0113575775176
    },
    "spectral_energyband_middle_high": {
        "max": 0.0452419668436,
        "mean": 0.00750610791147,
        "min": 0.000137593699037,
        "stdev": 0.00765519868582
    },
    "spectral_energyband_middle_low": {
        "max": 0.0467910207808,
        "mean": 0.00857926812023,
        "min": 7.35432768124e-05,
        "stdev": 0.00673529272899
    },
    "spectral_entropy": {
        "max": 8.37647533417,
        "mean": 7.68650484085,
        "min": 6.07447242737,
        "stdev": 0.369898498058
    },
    "spectral_flux": {
        "max": 0.279443651438,
        "mean": 0.087705142796,
        "min": 0.026031082496,
        "stdev": 0.0397915430367
    },
    "spectral_kurtosis": {
        "max": 20.0017318726,
        "mean": 3.94809222221,
        "min": 0.0570950508118,
        "stdev": 2.55515503883
    },
    "spectral_rms": {
        "max": 0.0108023248613,
        "mean": 0.00483672413975,
        "min": 0.000545857939869,
        "stdev": 0.00140843051486
    },
    "spectral_rolloff": {
        "max": 8419.48242188,
        "mean": 1688.27368164,
        "min": 129.19921875,
        "stdev": 1179.81970215
    },
    "spectral_skewness": {
        "max": 3.4205391407,
        "mean": 1.50313770771,
        "min": 0.630161762238,
        "stdev": 0.437707006931
    },
    "spectral_spread": {
        "max": 10978338,
        "mean": 5003707,
        "min": 2259810.75,
        "stdev": 1309271.75
    },
    "spectral_strongpeak": {
        "max": 12.9180936813,
        "mean": 1.14213955402,
        "min": 0,
        "stdev": 1.91683924198
    },
    "zerocrossingrate": {
        "max": 0.1923828125,
        "mean": 0.069521702826,
        "min": 0.01220703125,
        "stdev": 0.0300072953105
    },
    "barkbands": {
        "max": [0.0048864861019, 0.0674438476562, 0.083831705153, 0.0305255018175, 0.0376518927515, 0.0226712040603, 0.0111533179879, 0.00642756465822, 0.0138572463766, 0.0225496925414, 0.0325063057244, 0.0205937251449, 0.00741906324401, 0.00737470667809, 0.0182926058769, 0.0330010466278, 0.0134714599699, 0.0128721836954, 0.0125475935638, 0.00523797562346, 0.00183091568761, 0.00200758944266, 0.00162581424229, 0.00167529680766, 0.0012634973973, 0.000472507963423, 0.000218703920837],
        "mean": [0.000205565316719, 0.00500655034557, 0.00396529352292, 0.00257901847363, 0.00288324686699, 0.00103952444624, 0.000720784184523, 0.000461215648102, 0.000419502466684, 0.00147633603774, 0.000720806070603, 0.000639106845483, 0.000406609498896, 0.000350997142959, 0.00106055778451, 0.00133934302721, 0.000512781029101, 0.000448459904874, 0.000523165159393, 0.000433778739534, 0.000218718952965, 0.000170775383594, 0.000135217429488, 0.000145096855704, 0.000102103520476, 4.06253420806e-05, 6.85261784383e-06],
        "min": [8.11498512832e-09, 1.6161975509e-06, 8.12278983631e-07, 2.23690176426e-06, 9.9906583273e-06, 2.02794808501e-06, 6.87468400429e-06, 3.3544465623e-06, 3.16081559504e-06, 1.34994043037e-05, 5.47521085537e-06, 3.86636202165e-06, 3.57052454092e-06, 4.91181390316e-06, 1.2123153283e-05, 3.24974485011e-06, 3.69852727999e-06, 6.09766811976e-06, 1.1035577927e-06, 1.11661393021e-06, 8.14785835246e-07, 4.01663328375e-07, 2.98040305324e-07, 4.50471702607e-07, 3.99869094281e-07, 8.43649985427e-08, 4.67110572444e-10],
        "stdev": [0.000373933959054, 0.00678981514648, 0.00640579639003, 0.00391264911741, 0.00402570236474, 0.00178974168375, 0.00120430346578, 0.000700814183801, 0.000839847140014, 0.00329295988195, 0.00252339895815, 0.00165643601213, 0.000695714668836, 0.000598683778662, 0.00187043577898, 0.00313362386078, 0.0010668617906, 0.000886809371877, 0.00111720280256, 0.000591271324083, 0.000228359174798, 0.000210237602005, 0.000150051884702, 0.000183394644409, 0.00014273999841, 6.14934178884e-05, 2.09252939385e-05]
    },
    "erbbands": {
        "max": [2.72836709023, 12.0639476776, 79.7425537109, 73.3998565674, 111.361053467, 153.15461731, 170.773757935, 206.190231323, 176.220733643, 134.716308594, 173.933944702, 377.389129639, 745.94140625, 927.437866211, 1290.80249023, 962.813720703, 414.440185547, 377.823638916, 1058.67321777, 1377.87280273, 1451.12841797, 450.354888916, 297.882965088, 826.118103027, 413.30871582, 300.085906982, 82.6083908081, 122.145645142, 62.3395042419, 84.4087142944, 49.8260192871, 41.075717926, 22.8623180389, 20.3498573303, 7.23851156235, 4.12927484512, 0.983117938042, 0.281751036644, 0.0393362417817, 0.00111833459232],
        "mean": [0.154474779963, 1.11284816265, 4.06913375854, 7.27383327484, 7.85657167435, 11.0084295273, 7.65805959702, 9.51641178131, 12.3168315887, 9.40669727325, 9.37472248077, 10.0835533142, 33.2180900574, 40.083820343, 31.1432151794, 29.3525600433, 21.9630813599, 20.8577594757, 40.9064407349, 63.5879440308, 67.8342132568, 23.8761520386, 19.9258346558, 34.2882957458, 22.2983112335, 21.7826385498, 11.3173160553, 8.05783081055, 5.58537530899, 4.96188163757, 3.87029671669, 3.07792639732, 2.34586548805, 1.30589735508, 0.644213318825, 0.246182188392, 0.0644316226244, 0.0128698358312, 0.00110800482798, 5.4844749684e-05],
        "min": [5.23785565747e-05, 0.000509438570589, 0.00393370678648, 0.0275954827666, 0.0453216992319, 0.0260466616601, 0.0170588884503, 0.0179833881557, 0.0779202654958, 0.365120172501, 0.240024834871, 0.33271753788, 0.329519152641, 0.813434779644, 0.444992870092, 0.255676418543, 0.179241701961, 0.297759771347, 0.352555721998, 0.482279568911, 0.19455820322, 0.199077263474, 0.28561860323, 0.147215172648, 0.0687281042337, 0.0544175207615, 0.0329264216125, 0.0357011146843, 0.0207127388567, 0.00866296514869, 0.00869438890368, 0.00853208266199, 0.00800761207938, 0.00593187380582, 0.00172230938915, 0.000424442172516, 9.94555957732e-05, 1.48098624777e-05, 2.73149726127e-06, 7.71908048591e-07],
        "stdev": [0.26553568244, 1.41291129589, 6.18145751953, 10.0070867538, 10.4989452362, 16.8413162231, 14.3941011429, 17.3387508392, 18.9975090027, 12.6400585175, 14.9274168015, 19.397321701, 83.9278411865, 92.6337203979, 95.9733581543, 79.0932693481, 36.2092857361, 31.9338417053, 91.5088119507, 101.99156189, 137.389404297, 41.7970809937, 27.1700572968, 77.0626831055, 38.3015098572, 32.8344917297, 10.7555112839, 9.71243953705, 6.39054393768, 6.5469994545, 4.39308214188, 3.70324659348, 3.0585064888, 1.89940607548, 0.941871523857, 0.374337375164, 0.101917438209, 0.0293511003256, 0.00337807019241, 7.65972945374e-05]
    },
    "gfcc": {
        "mean": [24.7434005737, 74.6355209351, -116.237449646, 37.9332351685, -51.1997909546, 20.0904827118, -41.2547187805, 10.7928562164, -27.3432846069, 0.0633894726634, -21.9662590027, -1.41958189011, -7.44920778275],
        "cov": [[2054.68164062, -1106.77075195, -239.991592407, 266.60848999, 199.382675171, 293.51159668, 133.235794067, 67.0307006836, -72.0341720581, 19.548166275, -138.249206543, -126.301834106, -201.294265747], [-1106.77075195, 1008.04223633, 291.045410156, -30.2772159576, 11.2455158234, -41.9381103516, 8.78010940552, 12.6076126099, 105.061988831, -8.63270664215, 82.7451934814, 50.7200546265, 149.404983521], [-239.991592407, 291.045410156, 819.498413086, 113.193061829, 91.9491424561, 191.712615967, 30.4630527496, 59.9069252014, 115.541816711, 96.0306167603, -20.1636371613, 70.7460861206, 27.5743637085], [266.60848999, -30.2772159576, 113.193061829, 330.208862305, 91.7063751221, 175.90296936, 78.758026123, 50.5873832703, 73.7762985229, 21.7104911804, -22.8646144867, -39.6899375916, -16.0715484619], [199.382675171, 11.2455158234, 91.9491424561, 91.7063751221, 301.723114014, 187.55696106, 90.2299804688, 91.5304718018, 45.1445426941, 37.5918426514, -40.9426803589, -25.3967628479, -18.6738147736], [293.51159668, -41.9381103516, 191.712615967, 175.90296936, 187.55696106, 385.432556152, 140.701522827, 92.4489898682, 75.144317627, 51.5768127441, -40.732837677, -46.4900856018, -41.5004501343], [133.235794067, 8.78010940552, 30.4630527496, 78.758026123, 90.2299804688, 140.701522827, 152.397201538, 60.1196594238, 21.5488834381, 8.75915527344, 0.592674970627, -16.7965927124, -14.5902757645], [67.0307006836, 12.6076126099, 59.9069252014, 50.5873832703, 91.5304718018, 92.4489898682, 60.1196594238, 110.412109375, 38.9201545715, 22.7220726013, 1.33150804043, -4.43490743637, -3.31300497055], [-72.0341720581, 105.061988831, 115.541816711, 73.7762985229, 45.1445426941, 75.144317627, 21.5488834381, 38.9201545715, 110.653335571, 50.1304244995, 3.96808028221, 5.2672123909, -1.25367200375], [19.548166275, -8.63270664215, 96.0306167603, 21.7104911804, 37.5918426514, 51.5768127441, 8.75915527344, 22.7220726013, 50.1304244995, 91.8409500122, 13.5985927582, 17.187210083, -13.6878385544], [-138.249206543, 82.7451934814, -20.1636371613, -22.8646144867, -40.9426803589, -40.732837677, 0.592674970627, 1.33150804043, 3.96808028221, 13.5985927582, 84.1021728516, 29.895898819, 18.8322467804], [-126.301834106, 50.7200546265, 70.7460861206, -39.6899375916, -25.3967628479, -46.4900856018, -16.7965927124, -4.43490743637, 5.2672123909, 17.187210083, 29.895898819, 74.0371398926, 34.8988037109], [-201.294265747, 149.404983521, 27.5743637085, -16.0715484619, -18.6738147736, -41.5004501343, -14.5902757645, -3.31300497055, -1.25367200375, -13.6878385544, 18.8322467804, 34.8988037109, 83.8333282471]],
        "icov": [[0.00182161130942, 0.0018249101704, 2.82220480585e-05, -0.000871958793141, -0.000668005901389, -0.000229307508562, -0.000629348156508, -2.67203034809e-07, 0.000499012880027, 5.57003295398e-05, 0.000237368585658, 0.000559638836421, 0.000303585373331], [0.0018249101704, 0.00413004914299, -0.000983466627076, 3.92697111238e-05, -0.00134914915543, 0.000490182603244, -0.00142728397623, 0.00098320748657, -0.00249816686846, 0.00178178504575, -0.00221620313823, 0.00311475433409, -0.00346023077145], [2.82220480585e-05, -0.000983466627076, 0.00238241441548, -0.000675904680975, 0.000450282444945, -0.00135716388468, 0.000851002114359, -0.000581068452448, 0.000489098485559, -0.00152483046986, 0.00219587283209, -0.00360147585161, 0.00122518953867], [-0.000871958793141, 3.92697111238e-05, -0.000675904680975, 0.00538525078446, 4.79857044411e-05, -0.00073929404607, -0.000915112381335, 0.000618332996964, -0.00376123073511, 0.00131101650186, -0.00105606811121, 0.00281547009945, -0.00217607198283], [-0.000668005901389, -0.00134914915543, 0.000450282444945, 4.79857044411e-05, 0.00630286009982, -0.00162988028023, -0.000471933250083, -0.00329602719285, 0.00100393069442, -0.00208490854129, 0.00318998703733, -0.000825225026347, 0.000347791763488], [-0.000229307508562, 0.000490182603244, -0.00135716388468, -0.00073929404607, -0.00162988028023, 0.00699893245474, -0.00391346216202, -0.000306636182358, -0.00165619922336, -0.000995736569166, 0.000326938403305, 0.00352759473026, -0.000440349162091], [-0.000629348156508, -0.00142728397623, 0.000851002114359, -0.000915112381335, -0.000471933250083, -0.00391346216202, 0.0124142188579, -0.00354357901961, 0.0019309532363, 0.0013361889869, -0.00186199566815, -0.00209732935764, 0.00209367764182], [-2.67203034809e-07, 0.00098320748657, -0.000581068452448, 0.000618332996964, -0.00329602719285, -0.000306636182358, -0.00354357901961, 0.0152317518368, -0.00419473415241, 0.000786511576734, -0.0028019072488, 0.0012720907107, -0.00217842962593], [0.000499012880027, -0.00249816686846, 0.000489098485559, -0.00376123073511, 0.00100393069442, -0.00165619922336, 0.0019309532363, -0.00419473415241, 0.0195042323321, -0.0085760531947, 0.00269245961681, -0.00267857429571, 0.00374409649521], [5.57003295398e-05, 0.00178178504575, -0.00152483046986, 0.00131101650186, -0.00208490854129, -0.000995736569166, 0.0013361889869, 0.000786511576734, -0.0085760531947, 0.0198586881161, -0.00553033594042, -0.00294907018542, 0.00260163727216], [0.000237368585658, -0.00221620313823, 0.00219587283209, -0.00105606811121, 0.00318998703733, 0.000326938403305, -0.00186199566815, -0.0028019072488, 0.00269245961681, -0.00553033594042, 0.0195519719273, -0.00778638850898, 0.00201904238202], [0.000559638836421, 0.00311475433409, -0.00360147585161, 0.00281547009945, -0.000825225026347, 0.00352759473026, -0.00209732935764, 0.0012720907107, -0.00267857429571, -0.00294907018542, -0.00778638850898, 0.0284079629928, -0.0118335168809], [0.000303585373331, -0.00346023077145, 0.00122518953867, -0.00217607198283, 0.000347791763488, -0.000440349162091, 0.00209367764182, -0.00217842962593, 0.00374409649521, 0.00260163727216, 0.00201904238202, -0.0118335168809, 0.0230950657278]]
    },
    "melbands": {
        "max": [0.0216611027718, 0.0292369350791, 0.0122561138123, 0.00915347132832, 0.00597866531461, 0.00441357633099, 0.00260330503806, 0.00124334951397, 0.00148952379823, 0.0025967725087, 0.00385584821925, 0.00384576641954, 0.00481878267601, 0.00294808810577, 0.00148118415382, 0.00076689600246, 0.000857055012602, 0.00147599959746, 0.00159760355018, 0.00285173463635, 0.00176259386353, 0.000699171621818, 0.000359340076102, 0.000541470071767, 0.000835096929222, 0.000558441272005, 0.00018443375302, 0.000192005201825, 6.03420812695e-05, 4.95649837831e-05, 8.50916476338e-05, 3.9677877794e-05, 5.21013316757e-05, 4.08710766351e-05, 2.85721835098e-05, 2.14810061152e-05, 3.41539489455e-05, 1.91423077922e-05, 2.45889750659e-05, 1.63599852385e-05],
        "mean": [0.00137011613697, 0.001887999475, 0.00126994214952, 0.000676303287037, 0.000325027911458, 0.000208829951589, 0.000185638331459, 0.000101343117421, 7.51502157073e-05, 6.22764491709e-05, 0.000170468367287, 0.000166600439115, 0.000107772888441, 7.42123374948e-05, 6.29354181001e-05, 3.46331180481e-05, 3.91792818846e-05, 5.59376239835e-05, 6.92184039508e-05, 0.000105643135612, 7.17486109352e-05, 2.57899428107e-05, 1.55374418682e-05, 2.42304686253e-05, 2.85209316644e-05, 1.77433284989e-05, 1.29098689285e-05, 1.48274011735e-05, 7.8770744949e-06, 4.62674097435e-06, 4.88468003823e-06, 3.174533731e-06, 3.1235026654e-06, 2.48759124588e-06, 2.14816668631e-06, 1.95920665647e-06, 1.99043938665e-06, 1.61048103564e-06, 1.5078475144e-06, 9.9801388842e-07],
        "min": [4.3708183739e-07, 1.41226064443e-06, 5.78339904678e-06, 2.65864628091e-06, 5.98229291882e-07, 4.19126081397e-07, 1.14976762688e-06, 2.48152127824e-06, 9.14960764931e-07, 9.03159502741e-07, 1.61351863426e-06, 2.64207528744e-06, 9.28683334678e-07, 3.15342788326e-07, 3.30276122895e-07, 4.72284938269e-07, 4.45566826102e-07, 4.65579375941e-07, 6.03834280355e-07, 4.48893842986e-07, 1.97673045932e-07, 2.24784457714e-07, 1.12974234412e-07, 2.51904396009e-07, 1.01790675444e-07, 3.9513537331e-08, 3.62657672781e-08, 3.0219467817e-08, 2.45156304146e-08, 1.34177131628e-08, 1.52230708039e-08, 1.16866267774e-08, 5.23774223993e-09, 4.15506296036e-09, 5.18979392794e-09, 3.64587116053e-09, 5.14036946342e-09, 4.431187417e-09, 6.93416080111e-09, 4.3734647015e-09],
        "stdev": [0.0020497716032, 0.00246765231714, 0.00162372586783, 0.000864527537487, 0.000582168635447, 0.000372090202291, 0.000285258603981, 0.000139352210681, 0.00012596603483, 0.000131028617034, 0.000432899483712, 0.000405424943892, 0.000387439737096, 0.000178699046955, 0.000125842008856, 6.14175514784e-05, 7.04396370566e-05, 0.000127663646708, 0.000118129246403, 0.000255116610788, 0.000149361192598, 5.91108691879e-05, 2.40036388277e-05, 4.33299610449e-05, 7.26860889699e-05, 4.40380208602e-05, 1.84517084563e-05, 2.34606413869e-05, 7.89781734056e-06, 5.51902667212e-06, 6.38932806396e-06, 3.64639868167e-06, 4.5040801524e-06, 3.20078584082e-06, 2.45371916208e-06, 2.23220695261e-06, 2.6445277399e-06, 2.06572894967e-06, 2.36112987295e-06, 1.50152527567e-06]
    },
    "melbands128": {
        "max": [0.00486924313009, 0.0229401215911, 0.0309257023036, 0.0205397699028, 0.0384832248092, 0.0393661633134, 0.0177502892911, 0.0144689977169, 0.0136449616402, 0.0126413265243, 0.0102559141815, 0.0116183646023, 0.00855178944767, 0.00711569236591, 0.00652152299881, 0.00773843377829, 0.00598958740011, 0.00471330806613, 0.00346272322349, 0.00230997637846, 0.00202191341668, 0.00210596108809, 0.00260710041039, 0.00331638148054, 0.00265627563931, 0.00479893246666, 0.00398204475641, 0.00701365573332, 0.0069241123274, 0.00742809614167, 0.00638941070065, 0.00653479481116, 0.00981454271823, 0.00585983041674, 0.00212079868652, 0.00654455041513, 0.00455109635368, 0.00156789494213, 0.0014585518511, 0.00230254116468, 0.000833904719912, 0.000878249062225, 0.000957655196544, 0.00170431425795, 0.000328013760736, 0.00182464264799, 0.00474835606292, 0.00374800059944, 0.000788049190305, 0.00366947124712, 0.00611711898819, 0.007103220094, 0.00378236547112, 0.00237682531588, 0.00250504096039, 0.00115712522529, 0.000426090991823, 0.000414529582486, 0.000915205047932, 0.000303201872157, 0.000674392969813, 0.00129333825316, 0.00205423287116, 0.0020661491435, 0.000775858236011, 0.001305651851, 0.000567916082218, 0.000193308485905, 0.000238622567849, 0.000644327083137, 0.000428034662036, 0.000293107877951, 0.000156186957611, 7.51404149923e-05, 0.000124786034576, 7.87377721281e-05, 5.9077367041e-05, 0.000123227495351, 8.49981224746e-05, 0.000110459077405, 6.26502005616e-05, 2.32909369515e-05, 4.94274245284e-05, 0.000102822727058, 7.16808644938e-05, 7.57651359891e-05, 2.7365904316e-05, 3.44911131833e-05, 2.87257134914e-05, 5.44766917301e-05, 3.14971148327e-05, 1.54975532496e-05, 1.82023431989e-05, 4.15395516029e-05, 4.9033533287e-05, 3.54759722541e-05, 1.81775722012e-05, 2.23685110541e-05, 3.88421103708e-05, 2.16127173189e-05, 1.82578496606e-05, 2.00713348022e-05, 1.62767937582e-05, 8.54440531839e-06, 1.28073188534e-05, 1.72953132278e-05, 7.70341557654e-06, 6.69886867399e-06, 2.12972918234e-05, 3.64473953596e-06, 3.42976591128e-06, 8.25545430416e-06, 6.57570672047e-06, 4.5557408157e-06, 1.8793223262e-06, 2.32378579312e-06, 3.76649722966e-06, 2.49386334872e-06, 3.9782416934e-06, 1.35328377837e-06, 6.56963152323e-07, 1.68954170476e-06, 6.15506564827e-07, 2.42794850891e-08, 6.70072530795e-09, 6.62588428568e-09, 6.57746390686e-09, 6.54544152212e-09],
        "mean": [0.000175306602614, 0.00120750954375, 0.00184786564205, 0.0017446805723, 0.00201119715348, 0.00190709927119, 0.00153317674994, 0.00120361440349, 0.000656039163005, 0.000715716159903, 0.000630810856819, 0.00047361079487, 0.000238607201027, 0.000145703670569, 0.000179571070476, 0.000299092964269, 0.000189210157259, 0.0002046629088, 0.000122832207126, 9.10031885724e-05, 0.000105891493149, 7.49696264393e-05, 7.79506299295e-05, 6.18043777649e-05, 6.03196967859e-05, 4.9195929023e-05, 9.74288777797e-05, 0.000225598851102, 0.000164234923432, 0.000238822642132, 0.000136150949402, 8.39222338982e-05, 0.000146526959725, 8.76405392773e-05, 5.57144085178e-05, 7.25065692677e-05, 0.000109882035758, 3.27087182086e-05, 6.96087518008e-05, 5.34859318577e-05, 1.75686345756e-05, 2.13532966882e-05, 4.68081998406e-05, 5.14164239576e-05, 1.01485702544e-05, 5.72990720684e-05, 0.000116930030345, 4.3367028411e-05, 5.22475966136e-05, 0.000115442198876, 0.000104942031612, 0.00011448260193, 8.43582092784e-05, 4.7557088692e-05, 5.47698036826e-05, 1.24768321257e-05, 1.28342298922e-05, 2.6213368983e-05, 1.03927777673e-05, 8.86387078936e-06, 2.55463874055e-05, 3.16323021252e-05, 4.15297326981e-05, 2.54989026871e-05, 1.10541514005e-05, 2.23245260713e-05, 1.78796381078e-05, 1.17210665849e-05, 9.48278193391e-06, 1.78322552529e-05, 1.69816830748e-05, 1.26685499708e-05, 9.89368345472e-06, 7.23729453966e-06, 5.05198795508e-06, 4.84934025735e-06, 4.58703516415e-06, 3.63950334759e-06, 5.69565190744e-06, 5.34787704964e-06, 3.18488764606e-06, 2.30590353567e-06, 2.60857177636e-06, 3.53450900548e-06, 3.24161851495e-06, 2.75325055554e-06, 2.40305394072e-06, 1.6149684825e-06, 1.99587657335e-06, 2.56800603893e-06, 2.61386708189e-06, 1.46174170368e-06, 1.42071530718e-06, 2.12231498153e-06, 2.43827321356e-06, 1.56502107984e-06, 1.29307318275e-06, 1.79657411081e-06, 1.8000231421e-06, 1.21754464999e-06, 9.08718959636e-07, 1.04093408027e-06, 1.03638149085e-06, 6.58794874653e-07, 7.44311307699e-07, 7.32418470761e-07, 5.23387711837e-07, 4.72689038133e-07, 4.90009540499e-07, 2.89626115091e-07, 2.51438592613e-07, 2.79315258922e-07, 1.64613140896e-07, 1.63724706681e-07, 1.13050120376e-07, 9.11886957056e-08, 1.1787675902e-07, 6.16317095137e-08, 7.88453320411e-08, 3.2714918774e-08, 1.08832560741e-08, 7.0039303246e-09, 2.51567167098e-09, 6.90714568874e-11, 8.41785235267e-12, 8.24621274043e-12, 8.14063573495e-12, 8.09053084944e-12],
        "min": [6.56458221115e-09, 1.35552781444e-07, 2.69480437964e-07, 2.11872460909e-07, 2.92147120717e-07, 3.25956875713e-07, 1.41035525303e-06, 6.76896661389e-07, 4.7448083933e-06, 2.85859323412e-06, 1.11161955374e-06, 3.28396936311e-07, 2.74425303814e-07, 1.66952943914e-07, 2.82744736069e-07, 1.26666193978e-07, 6.40153530185e-07, 2.74593645599e-07, 7.23347227449e-07, 3.82665973575e-07, 2.47817979471e-07, 5.31018315542e-07, 1.47122221961e-07, 6.43525197574e-07, 1.65931965057e-07, 1.69501902292e-07, 4.53879209772e-07, 5.34443984179e-07, 6.93518700245e-07, 8.89114772917e-08, 4.35722398606e-07, 1.56916655669e-07, 3.5905205209e-07, 2.64364700797e-07, 1.98298479859e-07, 5.93529918547e-08, 1.71419344497e-07, 1.12112829243e-07, 1.78115939775e-07, 3.0071726087e-07, 1.78215344704e-07, 1.8292537618e-07, 2.92261177037e-07, 1.70701781599e-07, 1.38968005103e-07, 1.83094044814e-07, 1.27516585735e-07, 2.29902028082e-07, 3.70421929574e-07, 4.22488710683e-07, 2.56757715533e-07, 6.19874427343e-08, 8.1891990078e-08, 1.2614381717e-07, 1.01749179748e-07, 8.30934467899e-08, 6.11136101725e-08, 5.13593150231e-08, 1.21114410945e-07, 1.14494014269e-07, 1.65056007972e-07, 7.34182989959e-08, 4.3283179707e-08, 2.6563911959e-08, 2.6692031696e-08, 1.91369533553e-08, 1.33789885837e-08, 2.07882120407e-08, 2.47768721096e-08, 1.96189837709e-08, 1.52976475931e-08, 1.22431638161e-08, 2.2267469646e-08, 1.79630017527e-08, 6.11318329291e-09, 7.47495754183e-09, 8.12095901637e-09, 1.41776093088e-08, 7.37959604535e-09, 6.56237153507e-09, 7.2731953793e-09, 8.5710700759e-09, 5.03555686038e-09, 5.32443023005e-09, 4.0308951732e-09, 3.11053360846e-09, 1.52729895397e-09, 3.53343998505e-09, 4.15666523423e-09, 3.60236307451e-09, 4.08222300408e-09, 1.98429717102e-09, 1.93576599195e-09, 3.59920404591e-09, 4.07248323953e-09, 3.17119730475e-09, 1.89987603427e-09, 3.85309872897e-09, 6.60531451757e-09, 3.48702355879e-09, 2.7796511759e-09, 3.28164073693e-09, 3.74764663746e-09, 1.26126153965e-09, 6.40717645606e-10, 6.49878151293e-10, 9.39460731431e-10, 1.0924443572e-09, 4.87821172346e-10, 3.50935530635e-10, 2.65746757933e-10, 1.22773596845e-10, 2.05712752388e-10, 2.5351951094e-10, 7.51986251046e-11, 6.25506105245e-11, 8.57480145916e-12, 8.74259269579e-13, 7.75274010029e-14, 6.68782249632e-14, 6.84175345501e-14, 8.75916702993e-14, 7.52001474871e-14, 8.29822660781e-14, 7.19793419746e-14, 2.3086618202e-14, 2.64986782483e-15, 9.22428871902e-17],
        "stdev": [0.000340784928994, 0.00230285036378, 0.00300832604989, 0.00239889137447, 0.00319377030246, 0.00316362082958, 0.00227785483003, 0.00194986967836, 0.00107769249007, 0.00110214122105, 0.00109899137169, 0.00106603489257, 0.000582173932344, 0.000335699383868, 0.000393134047044, 0.000654408009723, 0.000379915727535, 0.00044670610805, 0.000272754958132, 0.000170498911757, 0.000195229804376, 0.00014099040709, 0.000184273303603, 0.000151650092448, 0.000146820195368, 0.000205090589589, 0.00025135956821, 0.000759762420785, 0.000540541019291, 0.000752838503104, 0.000444212433649, 0.000337598205078, 0.000722533091903, 0.000321466854075, 0.000120151707961, 0.000299197505228, 0.000383225094993, 0.000108098596684, 0.000125933991512, 0.000151003070641, 3.77252872568e-05, 5.21685324202e-05, 8.79233921296e-05, 0.000125027436297, 1.54206627485e-05, 0.000152188818902, 0.000352827104507, 0.000190817998373, 7.60705661378e-05, 0.000220812988118, 0.000424237194238, 0.000431125314208, 0.000234407445532, 0.00015460808936, 0.000181534589501, 5.31293699169e-05, 3.25229957525e-05, 4.15863032686e-05, 3.74962328351e-05, 1.52407919813e-05, 5.75831436436e-05, 8.1712307292e-05, 0.000139220399433, 0.000112382884254, 3.91274188587e-05, 8.85013869265e-05, 4.23807941843e-05, 2.1778707378e-05, 1.95279717445e-05, 4.69325204904e-05, 3.75219824491e-05, 2.7154061172e-05, 1.45191697811e-05, 9.23430434341e-06, 9.61299519986e-06, 6.94529762768e-06, 6.53108554616e-06, 6.86735347699e-06, 7.91626553109e-06, 7.60206830819e-06, 4.96866505273e-06, 2.69449833468e-06, 3.59832915819e-06, 6.2266049099e-06, 5.4018623814e-06, 4.4577832341e-06, 3.23594531437e-06, 2.29515626415e-06, 2.45863952841e-06, 3.70485940948e-06, 3.41139184457e-06, 1.73756370714e-06, 1.70464431903e-06, 3.11345706905e-06, 3.68995006284e-06, 2.40805638896e-06, 1.7196856561e-06, 2.61723630501e-06, 3.36711877935e-06, 1.95891016119e-06, 1.44828982229e-06, 1.77282231562e-06, 1.75676632352e-06, 1.03619311176e-06, 1.26135535083e-06, 1.2828513718e-06, 9.0154406962e-07, 8.35764637941e-07, 9.6482222034e-07, 4.6628781547e-07, 4.07850308193e-07, 5.37727203209e-07, 3.19759067224e-07, 3.14349392738e-07, 2.19545867708e-07, 2.25497217343e-07, 3.30954293304e-07, 1.92183705394e-07, 2.77239792013e-07, 1.09075010357e-07, 5.34330695245e-08, 7.09909571128e-08, 2.77226561707e-08, 9.25458487622e-10, 1.78940390283e-10, 1.76942363539e-10, 1.7564992516e-10, 1.74794775876e-10]
    },
    "mfcc": {
        "mean": [-618.243408203, 104.232872009, -1.01078248024, 21.7531738281, 12.1720161438, 7.66161727905, 2.0786485672, 3.73083639145, 4.61360788345, 2.21294093132, -8.89305305481, -4.7278676033, -0.983547508717],
        "cov": [[2261.47436523, -1223.10925293, -407.966369629, 25.6450614929, 33.2508049011, 213.393844604, 193.074569702, 99.0549850464, 32.6030311584, 185.706970215, -27.4162216187, 9.84319400787, 70.9442443848], [-1223.10925293, 953.952880859, 225.151428223, -4.61634349823, 37.6957168579, -88.4090881348, -58.7450714111, -25.2513923645, 31.8021011353, -79.9661560059, 15.5628528595, -0.733824789524, -27.6929149628], [-407.966369629, 225.151428223, 647.057922363, 65.56300354, 95.2707595825, 130.140762329, -14.7740879059, 41.5399284363, 85.6217956543, -0.433824688196, 64.6791381836, 61.5651512146, -5.58332824707], [25.6450614929, -4.61634349823, 65.56300354, 178.436157227, 29.2393608093, 16.4536685944, 0.425386667252, 16.0535373688, 29.2605323792, 1.21855151653, 6.52320814133, 12.8662834167, 14.0068759918], [33.2508049011, 37.6957168579, 95.2707595825, 29.2393608093, 212.265319824, 122.740974426, 68.6686782837, 56.236831665, 111.053337097, 54.9178199768, 28.9446372986, 47.5321998596, 42.8199119568], [213.393844604, -88.4090881348, 130.140762329, 16.4536685944, 122.740974426, 256.646881104, 98.5670852661, 82.8598175049, 112.689117432, 87.8237686157, 49.7786903381, 49.5632591248, 32.357219696], [193.074569702, -58.7450714111, -14.7740879059, 0.425386667252, 68.6686782837, 98.5670852661, 167.958053589, 84.3851394653, 57.1882820129, 75.7749176025, 11.4846811295, 3.98049139977, 30.0408210754], [99.0549850464, -25.2513923645, 41.5399284363, 16.0535373688, 56.236831665, 82.8598175049, 84.3851394653, 114.26008606, 66.1219329834, 57.0044021606, 17.9639472961, 17.7038249969, 19.5790328979], [32.6030311584, 31.8021011353, 85.6217956543, 29.2605323792, 111.053337097, 112.689117432, 57.1882820129, 66.1219329834, 143.053726196, 55.0862617493, 31.6270618439, 38.6479949951, 24.9908809662], [185.706970215, -79.9661560059, -0.433824688196, 1.21855151653, 54.9178199768, 87.8237686157, 75.7749176025, 57.0044021606, 55.0862617493, 111.568908691, 27.8439064026, 24.2365264893, 25.4878520966], [-27.4162216187, 15.5628528595, 64.6791381836, 6.52320814133, 28.9446372986, 49.7786903381, 11.4846811295, 17.9639472961, 31.6270618439, 27.8439064026, 80.8470458984, 40.7334403992, 9.23309326172], [9.84319400787, -0.733824789524, 61.5651512146, 12.8662834167, 47.5321998596, 49.5632591248, 3.98049139977, 17.7038249969, 38.6479949951, 24.2365264893, 40.7334403992, 95.1021118164, 43.0919685364], [70.9442443848, -27.6929149628, -5.58332824707, 14.0068759918, 42.8199119568, 32.357219696, 30.0408210754, 19.5790328979, 24.9908809662, 25.4878520966, 9.23309326172, 43.0919685364, 74.4972686768]],
        "icov": [[0.00186697801109, 0.00211074133404, 0.00056444236543, -0.000321684230585, -0.000101101730252, -0.000563174136914, -0.000645399501082, 2.27119398915e-05, -0.000241847184952, -0.000682546640746, 0.000672306050546, -0.00013745862816, -2.26776119234e-05], [0.00211074133404, 0.00379105843604, 9.64978971751e-05, -3.83253500331e-05, -0.00055935815908, 0.000455740897451, -0.00089752842905, 0.000105795530544, -0.00114061031491, 0.000121260432934, 0.000296521553537, 5.34494392923e-05, 0.000144777441164], [0.00056444236543, 9.64978971751e-05, 0.00250677322038, -0.000745838740841, -0.000330123119056, -0.00158683990594, 0.000631165457889, -0.000674895360135, 2.93369830615e-05, 0.000544630631339, -0.000483657611767, -0.000887467118446, 0.00100540276617], [-0.000321684230585, -3.83253500331e-05, -0.000745838740841, 0.00622426485643, -0.000319456041325, 0.000723078905139, 0.000599525053985, -0.000688870088197, -0.00115330482367, 0.000767378078308, -0.000181517840247, 0.000479614449432, -0.00125582178589], [-0.000101101730252, -0.00055935815908, -0.000330123119056, -0.000319456041325, 0.00931810867041, -0.00166557449847, -0.00135381100699, 0.00111469475087, -0.00492934277281, -0.000174265704118, 0.000690560322255, -0.00087220815476, -0.00232369778678], [-0.000563174136914, 0.000455740897451, -0.00158683990594, 0.000723078905139, -0.00166557449847, 0.00934810563922, -0.00206360337324, -0.000467859063065, -0.00307818152942, -0.0016560361255, -0.00177446054295, -0.000673591159284, 0.000511775200721], [-0.000645399501082, -0.00089752842905, 0.000631165457889, 0.000599525053985, -0.00135381100699, -0.00206360337324, 0.013114079833, -0.00639453018084, 0.00113660795614, -0.00359436753206, -8.07258838904e-05, 0.00385111849755, -0.00308678136207], [2.27119398915e-05, 0.000105795530544, -0.000674895360135, -0.000688870088197, 0.00111469475087, -0.000467859063065, -0.00639453018084, 0.0174522846937, -0.00449621584266, -0.00253518181853, 0.000407995627029, -0.000618752383161, 0.000333995587425], [-0.000241847184952, -0.00114061031491, 2.93369830615e-05, -0.00115330482367, -0.00492934277281, -0.00307818152942, 0.00113660795614, -0.00449621584266, 0.0164621267468, -0.00194804859348, -0.000461008370621, -0.00140927010216, 0.000935395830311], [-0.000682546640746, 0.000121260432934, 0.000544630631339, 0.000767378078308, -0.000174265704118, -0.0016560361255, -0.00359436753206, -0.00253518181853, -0.00194804859348, 0.0174931883812, -0.00348680699244, -0.000492395367473, -0.0010877448367], [0.000672306050546, 0.000296521553537, -0.000483657611767, -0.000181517840247, 0.000690560322255, -0.00177446054295, -8.07258838904e-05, 0.000407995627029, -0.000461008370621, -0.00348680699244, 0.0185105502605, -0.00750836683437, 0.00316352606751], [-0.00013745862816, 5.34494392923e-05, -0.000887467118446, 0.000479614449432, -0.00087220815476, -0.000673591159284, 0.00385111849755, -0.000618752383161, -0.00140927010216, -0.000492395367473, -0.00750836683437, 0.0206735916436, -0.0109889255837], [-2.26776119234e-05, 0.000144777441164, 0.00100540276617, -0.00125582178589, -0.00232369778678, 0.000511775200721, -0.00308678136207, 0.000333995587425, 0.000935395830311, -0.0010877448367, 0.00316352606751, -0.0109889255837, 0.0221031736583]]
    },
    "spectral_contrast_coeffs": {
        "max": [-0.37020650506, -0.561105906963, -0.474966317415, -0.576540112495, -0.562968194485, -0.661742448807],
        "mean": [-0.687502741814, -0.774173855782, -0.75559335947, -0.763508677483, -0.77233093977, -0.779230237007],
        "min": [-0.891559779644, -0.916872620583, -0.907519161701, -0.901444971561, -0.884960651398, -0.86487030983],
        "stdev": [0.0815664231777, 0.0585343912244, 0.0673889815807, 0.0539064928889, 0.0544946677983, 0.0310266781598]
    },
    "spectral_contrast_valleys": {
        "max": [-5.11489629745, -5.44027042389, -5.67120504379, -6.19328117371, -6.18556165695, -8.14221096039],
        "mean": [-6.64342784882, -6.74016952515, -7.24105548859, -7.36037254333, -7.42587375641, -9.699842453],
        "min": [-9.08492088318, -8.19529247284, -8.64716720581, -8.99494552612, -9.28902721405, -12.0244197845],
        "stdev": [0.709494650364, 0.374734759331, 0.480400651693, 0.540133357048, 0.608030557632, 0.740835428238]
    }
},
"rhythm": {
    "beats_count": 63,
    "beats_loudness": {
        "max": 0.0776453688741,
        "mean": 0.0350062176585,
        "min": 0.00437041698024,
        "stdev": 0.0203847829252
    },
    "bpm": 121.284729004,
    "bpm_histogram_first_peak_bpm": 120,
    "bpm_histogram_first_peak_weight": 0.523809552193,
    "bpm_histogram_second_peak_bpm": 115,
    "bpm_histogram_second_peak_spread": 0.166666686535,
    "bpm_histogram_second_peak_weight": 0.161290317774,
    "danceability": 1.06691610813,
    "onset_rate": 3.07617163658,
    "beats_loudness_band_ratio": {
        "max": [0.834547996521, 0.733810663223, 0.385343968868, 0.705898523331, 0.438167572021, 0.270957648754],
        "mean": [0.46687862277, 0.184526011348, 0.0979923307896, 0.108313955367, 0.109397940338, 0.0643501281738],
        "min": [0.00218819943257, 0.00522132217884, 0.00206916802563, 0.00838294439018, 0.00648254388943, 0.000756414257921],
        "stdev": [0.265344828367, 0.19626763463, 0.0879455134273, 0.134962558746, 0.09154612571, 0.0551792345941]
    },
    "beats_position": [0.510838985443, 1.03328800201, 1.55573689938, 2.07818579674, 2.60063481331, 3.13469386101, 3.66875267029, 4.19120168686, 4.69043064117, 5.17804956436, 5.66566896439, 6.15328788757, 6.65251684189, 7.1517457962, 7.63936471939, 8.12698364258, 8.6146030426, 9.11383247375, 9.6014509201, 10.1006803513, 10.5882987976, 11.0759181976, 11.5635375977, 12.051156044, 12.5503854752, 13.0496139526, 13.5372333527, 14.0248527527, 14.512471199, 15.0117006302, 15.4993190765, 15.9985485077, 16.50938797, 17.0086174011, 17.5078449249, 18.0651245117, 18.6224040985, 19.179681778, 19.7369613647, 20.2942390442, 20.851518631, 21.4087982178, 21.9660758972, 22.4885253906, 22.9993648529, 23.5218143463, 24.0442619324, 24.5667114258, 25.0891609192, 25.5883903503, 26.0876178741, 26.5868473053, 27.0744667053, 27.5853061676, 28.0845336914, 28.5721530914, 29.0597724915, 29.5590019226, 30.0466213226, 30.5458488464, 31.0450782776, 31.5443077087, 32.0435371399],
