{
"metadata": {
    "version": {
        "essentia": "2.1-beta5",
        "essentia_git_sha": "Undefined",
        "extractor": "music 2.0"
    },
    "audio_properties": {
        "analysis": {
            "equal_loudness": 0,
            "length": 32.4963264465,
            "sample_rate": 44100,
            "start_time": 29.0017242432,
            "downmix": "mix"
        },
        "bit_rate": 192000,
        "length": 188.070037842,
        "lossless": 0,
        "number_channels": 2,
        "replay_gain": -9.64150047302,
        "sample_rate": 48000,
        "codec": "mp3",
        "md5_encoded": "f98ee4f3cab78435e7296e74da9bf00e"
    },
    "tags": {
        "file_name": "Bulgaria_Water_Elitsa Todorova _ Stoyan Yankulov.mp3",
        "encoding": ["Lavf58.29.100"]
    }
},
"lowlevel": {
    "average_loudness": 0.800528824329,
    "barkbands_crest": {
        "max": 24.8489551544,
        "mean": 10.2986249924,
        "min": 2.51031255722,
        "stdev": 4.93558311462
    },
    "barkbands_flatness_db": {
        "max": 0.327820271254,
        "mean": 0.142009660602,
        "min": 0.0637702792883,
        "stdev": 0.042329467833
    },
    "barkbands_kurtosis": {
        "max": 37.973487854,
        "mean": 2.92399406433,
        "min": -1.84819686413,
        "stdev": 5.13913297653
    },
    "barkbands_skewness": {
        "max": 5.27757930756,
        "mean": 1.49002492428,
        "min": -1.13659954071,
        "stdev": 1.09993207455
    },
    "barkbands_spread": {
        "max": 85.3712615967,
        "mean": 30.2678661346,
        "min": 3.06076788902,
        "stdev": 14.541349411
    },
    "dissonance": {
        "max": 0.499764531851,
        "mean": 0.47520622611,
        "min": 0.278258532286,
        "stdev": 0.0243027228862
    },
    "dynamic_complexity": 3.17889595032,
    "erbbands_crest": {
        "max": 30.4104385376,
        "mean": 7.72116231918,
        "min": 2.40311908722,
        "stdev": 4.77254581451
    },
    "erbbands_flatness_db": {
        "max": 0.372782766819,
        "mean": 0.157109171152,
        "min": 0.0882605612278,
        "stdev": 0.0479994118214
    },
    "erbbands_kurtosis": {
        "max": 12.4429731369,
        "mean": -0.052122309804,
        "min": -1.81355595589,
        "stdev": 1.69729101658
    },
    "erbbands_skewness": {
        "max": 3.24383640289,
        "mean": 0.00511567154899,
        "min": -2.92530298233,
        "stdev": 0.786662101746
    },
    "erbbands_spread": {
        "max": 117.611282349,
        "mean": 50.8944206238,
        "min": 4.70604562759,
        "stdev": 22.1595973969
    },
    "hfc": {
        "max": 83.7779388428,
        "mean": 14.2965135574,
        "min": 0.598199605942,
        "stdev": 15.5931768417
    },
    "loudness_ebu128": {
        "integrated": -16.3770103455,
        "loudness_range": 6.10208129883,
        "momentary": {
            "max": -11.3471326828,
            "mean": -17.2567214966,
            "min": -23.4259872437,
            "stdev": 2.76107239723
        },
        "short_term": {
            "max": -12.879406929,
            "mean": -17.1059322357,
            "min": -20.9054965973,
            "stdev": 2.33922433853
        }
    },
    "melbands_crest": {
        "max": 32.6760101318,
        "mean": 15.1305093765,
        "min": 4.68652915955,
        "stdev": 5.7305560112
    },
    "melbands_flatness_db": {
        "max": 0.353940844536,
        "mean": 0.176978349686,
        "min": 0.0500787608325,
        "stdev": 0.0551422759891
    },
    "melbands_kurtosis": {
        "max": 157.30506897,
        "mean": 16.7878742218,
        "min": -1.57654237747,
        "stdev": 20.6588363647
    },
    "melbands_skewness": {
        "max": 11.150850296,
        "mean": 3.13796472549,
        "min": -0.781002283096,
        "stdev": 1.91094708443
    },
    "melbands_spread": {
        "max": 139.380813599,
        "mean": 28.6059989929,
        "min": 2.35847234726,
        "stdev": 19.5577335358
    },
    "pitch_salience": {
        "max": 0.866040229797,
        "mean": 0.548400223255,
        "min": 0.163423031569,
        "stdev": 0.140672460198
    },
    "silence_rate_20dB": {
        "max": 1,
        "mean": 1,
        "min": 1,
        "stdev": 0
    },
    "silence_rate_30dB": {
        "max": 1,
        "mean": 1,
        "min": 1,
        "stdev": 0
    },
    "silence_rate_60dB": {
        "max": 1,
        "mean": 0.119200572371,
        "min": 0,
        "stdev": 0.324021220207
    },
    "spectral_centroid": {
        "max": 3978.29858398,
        "mean": 1797.15844727,
        "min": 419.79309082,
        "stdev": 706.484863281
    },
    "spectral_complexity": {
        "max": 47,
        "mean": 12.9850111008,
        "min": 0,
        "stdev": 7.34596920013
    },
    "spectral_decrease": {
        "max": -9.94049079162e-11,
        "mean": -3.66484065317e-09,
        "min": -1.73736260933e-08,
        "stdev": 3.20664783615e-09
    },
    "spectral_energy": {
        "max": 0.0679298043251,
        "mean": 0.0151286888868,
        "min": 0.000433715904364,
        "stdev": 0.0130967088044
    },
    "spectral_energyband_high": {
        "max": 0.00731732184067,
        "mean": 0.000895654200576,
        "min": 2.83989288619e-06,
        "stdev": 0.000986128812656
    },
    "spectral_energyband_low": {
        "max": 0.0602454915643,
        "mean": 0.00683304155245,
        "min": 4.88463629154e-05,
        "stdev": 0.00862812437117
    },
    "spectral_energyband_middle_high": {
        "max": 0.0302532166243,
        "mean": 0.00340572954156,
        "min": 0.000119777148939,
        "stdev": 0.0057938802056
    },
    "spectral_energyband_middle_low": {
        "max": 0.0403483770788,
        "mean": 0.00441827392206,
        "min": 0.000130183034344,
        "stdev": 0.00474236533046
    },
    "spectral_entropy": {
        "max": 8.37286376953,
        "mean": 7.82033395767,
        "min": 5.83919477463,
        "stdev": 0.401861160994
    },
    "spectral_flux": {
        "max": 0.235047891736,
        "mean": 0.0692348629236,
        "min": 0.0153588000685,
        "stdev": 0.037096593529
    },
    "spectral_kurtosis": {
        "max": 26.1626968384,
        "mean": 1.96661531925,
        "min": -0.572203159332,
        "stdev": 2.95156598091
    },
    "spectral_rms": {
        "max": 0.0081408219412,
        "mean": 0.00350243737921,
        "min": 0.000650490168482,
        "stdev": 0.00157880410552
    },
    "spectral_rolloff": {
        "max": 7407.421875,
        "mean": 1746.46337891,
        "min": 64.599609375,
        "stdev": 1513.20080566
    },
    "spectral_skewness": {
        "max": 3.56937980652,
        "mean": 0.929061055183,
        "min": -0.0843261778355,
        "stdev": 0.424455285072
    },
    "spectral_spread": {
        "max": 7646947,
        "mean": 4667826,
        "min": 1716209.75,
        "stdev": 1125793.25
    },
    "spectral_strongpeak": {
        "max": 13.0212993622,
        "mean": 0.598982214928,
        "min": 0,
        "stdev": 1.15142297745
    },
    "zerocrossingrate": {
        "max": 0.20703125,
        "mean": 0.0688378959894,
        "min": 0.00927734375,
        "stdev": 0.0287552624941
    },
    "barkbands": {
        "max": [0.004384518601, 0.0544528067112, 0.0252658128738, 0.0133147761226, 0.0123917255551, 0.0226195100695, 0.016507467255, 0.0119504136965, 0.038712117821, 0.017030781135, 0.0191924422979, 0.015283677727, 0.00356057449244, 0.00249250466004, 0.0106913344935, 0.00638375431299, 0.00757735501975, 0.00798146985471, 0.00982554629445, 0.00523458700627, 0.00350809260271, 0.00174947537016, 0.00146577286068, 0.00141857762355, 0.000274488615105, 1.14747590487e-05, 3.7766699279e-07],
        "mean": [0.000234711449593, 0.00495553109795, 0.00127207394689, 0.000974282447714, 0.00102743355092, 0.000684693746734, 0.000321139552398, 0.000401127355872, 0.000921454688068, 0.000465375196654, 0.000620299193542, 0.000325278175296, 0.000134966830956, 9.21739483601e-05, 0.000192769337445, 0.000221435984713, 0.000257364503341, 0.000344413158018, 0.000615301658399, 0.000338576093782, 0.000235430110479, 0.000214094587136, 0.000151892294525, 0.000100036464573, 2.58142936218e-05, 1.03073682567e-06, 7.70399133376e-10],
        "min": [2.43266473632e-08, 5.00125861436e-06, 4.412353519e-06, 7.72476880684e-07, 9.21882292459e-06, 6.7956239036e-06, 2.2849992547e-06, 3.04455443256e-06, 6.02153022555e-06, 2.44048010245e-06, 2.84336624645e-06, 1.25690451114e-06, 2.25053236136e-06, 1.06551237877e-06, 1.70623980011e-06, 2.61144214164e-06, 1.20081358546e-06, 3.1261604363e-06, 1.84081682164e-06, 1.10753467197e-06, 5.50525612653e-07, 2.87690539835e-07, 1.53525405722e-07, 1.13153447501e-07, 2.41630360165e-08, 8.96703822306e-10, 1.61781265468e-11],
        "stdev": [0.000537926563993, 0.00767522817478, 0.00205444009043, 0.0012975129066, 0.0013016355224, 0.00147950649261, 0.000985627877526, 0.000838296196889, 0.00312591693364, 0.00141223066021, 0.00200519431382, 0.00125631259289, 0.000227191994782, 0.000156567592057, 0.000718524912372, 0.000551588775124, 0.000728576385882, 0.000791706785094, 0.00138822081499, 0.000658753269818, 0.000300476269331, 0.000255037361057, 0.000190705031855, 0.000133811190608, 3.47597670043e-05, 1.42681790294e-06, 1.01777324346e-08]
    },
    "erbbands": {
        "max": [1.74045920372, 12.7803726196, 26.0733337402, 26.1468791962, 61.2411613464, 40.8071289062, 193.278930664, 151.525436401, 285.863586426, 231.226806641, 275.713623047, 854.45501709, 516.705505371, 795.975585938, 617.588562012, 456.385284424, 172.315063477, 97.3161239624, 405.442504883, 741.689575195, 422.650360107, 403.295440674, 362.60345459, 623.194702148, 502.895843506, 232.852523804, 230.415176392, 117.596321106, 73.3090667725, 57.8340492249, 44.3042907715, 33.1702461243, 20.6018466949, 7.03383016586, 0.624334990978, 0.128929212689, 0.00619529746473, 0.000282072578557, 6.14284072071e-05, 7.94190636952e-05],
        "mean": [0.139433801174, 1.09557795525, 1.72968947887, 2.30882143974, 3.90357637405, 2.87651467323, 4.53484153748, 5.85557413101, 4.76177120209, 7.53430366516, 7.2078704834, 22.7367343903, 13.8057527542, 26.6180286407, 20.3456535339, 10.737862587, 6.58803367615, 5.07967472076, 8.40222167969, 8.74436092377, 14.8154983521, 13.5436458588, 17.8782730103, 28.6335067749, 27.4221153259, 16.1684169769, 10.4297151566, 8.85284996033, 7.78461694717, 6.13136529922, 4.07913064957, 2.38443207741, 1.51050591469, 0.538214385509, 0.0577618405223, 0.0121562136337, 0.000508575700223, 2.92972126772e-05, 1.32542490974e-05, 1.97948447749e-05],
        "min": [0.000108067572, 0.00299451919273, 0.00657718023285, 0.00303444592282, 0.00704260123894, 0.016743440181, 0.0299419071525, 0.0454411432147, 0.0474495887756, 0.10724440217, 0.14746825397, 0.193882152438, 0.334595650434, 0.130435273051, 0.141170114279, 0.155277043581, 0.164883941412, 0.122053712606, 0.240222558379, 0.130533054471, 0.17832288146, 0.118955545127, 0.197302237153, 0.136514693499, 0.0783562883735, 0.0508667342365, 0.0507259368896, 0.018015967682, 0.00980607140809, 0.00711196055636, 0.00468603475019, 0.00255874567665, 0.00209543062374, 0.000571048993152, 6.37199336779e-05, 1.2300994058e-05, 1.33616902076e-06, 1.96824316845e-07, 3.35384953587e-07, 5.788016324e-07],
        "stdev": [0.255835831165, 1.63706660271, 2.37477421761, 2.95223236084, 5.72899580002, 3.71128773689, 11.069776535, 12.5908784866, 15.0411996841, 16.0425415039, 16.7990283966, 77.0912322998, 33.6031188965, 80.9119415283, 59.3441085815, 33.6140937805, 10.7935466766, 7.22097682953, 29.3412513733, 28.3127040863, 36.4600143433, 33.9508171082, 40.2470054626, 67.2309417725, 59.260093689, 30.7091503143, 14.6972494125, 11.7501068115, 9.47741413116, 7.5399017334, 5.24551153183, 3.30802702904, 1.97404563427, 0.729046404362, 0.0773523300886, 0.0160064250231, 0.000662021746393, 3.41886370734e-05, 1.12110255941e-05, 1.66859099409e-05]
    },
    "gfcc": {
        "mean": [-37.431968689, 102.291488647, -133.300338745, 69.3158035278, -77.4126815796, 27.9148235321, -27.8793849945, 8.87044620514, -15.6136674881, -10.9539632797, -5.39956760406, -11.9757404327, 1.04418826103],
        "cov": [[3165.63793945, -1110.6262207, 139.226623535, 576.484741211, -141.971481323, 86.4362182617, -126.984550476, 251.908569336, -254.664245605, 19.924949646, 56.5137443542, 199.774780273, -36.9223518372], [-1110.6262207, 698.386535645, -120.339630127, -293.369567871, 151.818817139, -59.602481842, 113.89176178, -98.3432693481, 132.769012451, -59.1496047974, 18.0146369934, -83.5168380737, 43.2079925537], [139.226623535, -120.339630127, 533.578552246, 213.433410645, -76.3176803589, 183.485244751, -47.3237724304, 4.61735057831, 27.6936626434, 52.0529289246, -50.9036827087, 3.08914089203, -51.7095527649], [576.484741211, -293.369567871, 213.433410645, 322.4402771, -0.278117835522, 75.4933853149, -18.4693756104, 44.3131408691, -47.0498199463, 27.3596229553, 20.6238918304, 56.4921913147, -33.4130821228], [-141.971481323, 151.818817139, -76.3176803589, -0.278117835522, 242.762985229, 11.7333631516, 90.4466934204, 78.9457168579, 32.9734992981, -57.2766952515, 47.4734840393, 7.85758924484, 60.9409484863], [86.4362182617, -59.602481842, 183.485244751, 75.4933853149, 11.7333631516, 263.353668213, 57.4189186096, -57.099647522, -0.234584718943, 42.0833053589, -9.49188137054, 16.9055500031, -37.1375770569], [-126.984550476, 113.89176178, -47.3237724304, -18.4693756104, 90.4466934204, 57.4189186096, 151.440917969, 23.4709625244, 23.1711215973, -21.0191020966, 38.7594604492, 7.89146709442, 26.4000701904], [251.908569336, -98.3432693481, 4.61735057831, 44.3131408691, 78.9457168579, -57.099647522, 23.4709625244, 199.686981201, 26.1026096344, -38.2074928284, 8.52550888062, 20.3232040405, 44.8879814148], [-254.664245605, 132.769012451, 27.6936626434, -47.0498199463, 32.9734992981, -0.234584718943, 23.1711215973, 26.1026096344, 126.550537109, 12.9701662064, -20.8254051208, -37.39585495, 0.648212015629], [19.924949646, -59.1496047974, 52.0529289246, 27.3596229553, -57.2766952515, 42.0833053589, -21.0191020966, -38.2074928284, 12.9701662064, 92.0116958618, 20.8165340424, 2.52060222626, -27.2174777985], [56.5137443542, 18.0146369934, -50.9036827087, 20.6238918304, 47.4734840393, -9.49188137054, 38.7594604492, 8.52550888062, -20.8254051208, 20.8165340424, 100.831237793, 47.5408363342, 22.6911792755], [199.774780273, -83.5168380737, 3.08914089203, 56.4921913147, 7.85758924484, 16.9055500031, 7.89146709442, 20.3232040405, -37.39585495, 2.52060222626, 47.5408363342, 80.643661499, 26.9289207458], [-36.9223518372, 43.2079925537, -51.7095527649, -33.4130821228, 60.9409484863, -37.1375770569, 26.4000701904, 44.8879814148, 0.648212015629, -27.2174777985, 22.6911792755, 26.9289207458, 73.9871063232]],
        "icov": [[0.000919504382182, 0.00066211912781, 0.000659240817185, -0.00109899579547, 0.000907825655304, -0.000971797271632, 0.000721990363672, -0.00110072735697, 0.000252411409747, 0.00102783448528, -0.000996320042759, 0.000207835022593, -0.000182912030141], [0.00066211912781, 0.0115160001442, -0.00544377090409, 0.0086105177179, -0.00745966238901, 0.00681260786951, -0.00593857374042, 0.0101647991687, -0.00665462901816, 0.00564879504964, -0.00468278024346, 0.000400292803533, 0.0026317385491], [0.000659240817185, -0.00544377090409, 0.00840978790075, -0.00901646818966, 0.0076644634828, -0.00890318956226, 0.00650293985382, -0.00754008861259, 0.00115379772615, -0.000130698157591, 0.000239489294472, 0.00298448395915, -0.00443180091679], [-0.00109899579547, 0.0086105177179, -0.00901646818966, 0.0166235715151, -0.0112250344828, 0.00957993324846, -0.00732016703114, 0.0091195423156, -0.00263444217853, -6.40793905404e-06, -0.000295971054584, -0.00625940738246, 0.00915199611336], [0.000907825655304, -0.00745966238901, 0.0076644634828, -0.0112250344828, 0.0185718592256, -0.0120206149295, 0.00653649074957, -0.0111914724112, 0.000760168069974, 0.00613261805847, -0.00715529313311, 0.00832593906671, -0.0103630255908], [-0.000971797271632, 0.00681260786951, -0.00890318956226, 0.00957993324846, -0.0120206149295, 0.0177539270371, -0.0122289489955, 0.0117477960885, -0.00160669826437, -0.00516898278147, 0.00677965162322, -0.00877977069467, 0.00891800131649], [0.000721990363672, -0.00593857374042, 0.00650293985382, -0.00732016703114, 0.00653649074957, -0.0122289489955, 0.0179811809212, -0.00871441606432, 0.000341070670402, 0.00435898406431, -0.00704531930387, 0.00541290221736, -0.00579258706421], [-0.00110072735697, 0.0101647991687, -0.00754008861259, 0.0091195423156, -0.0111914724112, 0.0117477960885, -0.00871441606432, 0.0204022228718, -0.00885210558772, 0.00419191503897, -0.000468951155199, -0.0027973393444, 0.000991082633846], [0.000252411409747, -0.00665462901816, 0.00115379772615, -0.00263444217853, 0.000760168069974, -0.00160669826437, 0.000341070670402, -0.00885210558772, 0.018330430612, -0.010759039782, 0.00776699092239, 0.000781711831223, 0.000660062883981], [0.00102783448528, 0.00564879504964, -0.000130698157591, -6.40793905404e-06, 0.00613261805847, -0.00516898278147, 0.00435898406431, 0.00419191503897, -0.010759039782, 0.0284029711038, -0.0185279734433, 0.00777221238241, -0.0012282540556], [-0.000996320042759, -0.00468278024346, 0.000239489294472, -0.000295971054584, -0.00715529313311, 0.00677965162322, -0.00704531930387, -0.000468951155199, 0.00776699092239, -0.0185279734433, 0.0310221258551, -0.0176769979298, 0.00440202979371], [0.000207835022593, 0.000400292803533, 0.00298448395915, -0.00625940738246, 0.00832593906671, -0.00877977069467, 0.00541290221736, -0.0027973393444, 0.000781711831223, 0.00777221238241, -0.0176769979298, 0.0337901078165, -0.0163949094713], [-0.000182912030141, 0.0026317385491, -0.00443180091679, 0.00915199611336, -0.0103630255908, 0.00891800131649, -0.00579258706421, 0.000991082633846, 0.000660062883981, -0.0012282540556, 0.00440202979371, -0.0163949094713, 0.0315606184304]]
    },
    "melbands": {
        "max": [0.0142911328003, 0.010623883456, 0.00519209820777, 0.0030129191, 0.00506988493726, 0.00365345412865, 0.00386491324753, 0.00239336583763, 0.00361931463704, 0.0057858042419, 0.002737167757, 0.00332204368897, 0.00290735065937, 0.00229990878142, 0.000429665611591, 0.000322172854794, 0.00016558651987, 0.00066587846959, 0.000838366744574, 0.000552995537873, 0.000629708345514, 0.000478820176795, 0.000613584299572, 0.000374724681024, 0.000578228558879, 0.000451883039204, 0.000220829955651, 0.000174907647306, 0.000160573676112, 7.14690468158e-05, 7.31548352633e-05, 5.14465500601e-05, 4.80357302877e-05, 2.67290633928e-05, 2.82834334939e-05, 2.36733576457e-05, 1.8286105842e-05, 1.40928250403e-05, 1.92769111891e-05, 3.94970038542e-06],
        "mean": [0.00133516814094, 0.00109263532795, 0.00046998335165, 0.000232390186284, 0.000154437613674, 0.00012869166676, 7.07231520209e-05, 8.89520306373e-05, 5.64831716474e-05, 0.000154302062583, 6.43555322313e-05, 0.000103885045974, 7.59379472584e-05, 4.38984134234e-05, 1.65074416145e-05, 1.27861176225e-05, 8.71783504408e-06, 1.17850449897e-05, 1.47592199937e-05, 1.15745742733e-05, 1.92642710317e-05, 1.29277386804e-05, 1.85467451956e-05, 1.41161153806e-05, 2.44810053118e-05, 2.19341363845e-05, 1.50875084728e-05, 9.95859863906e-06, 6.55241728964e-06, 5.64499487155e-06, 4.87877969135e-06, 4.39152017861e-06, 4.1638932089e-06, 3.13731561619e-06, 2.53157963925e-06, 1.74149215582e-06, 1.33139008085e-06, 1.07960374862e-06, 8.52476262025e-07, 3.22814400988e-07],
        "min": [1.12985367196e-06, 5.75004651182e-06, 5.34569210231e-07, 1.47834907693e-06, 7.92401465333e-07, 1.16483261081e-06, 6.11829534591e-07, 6.73894476222e-07, 5.60722583032e-07, 1.00708518858e-06, 1.43950148868e-06, 3.53111886398e-07, 4.27282401461e-07, 2.37933619474e-07, 2.59134992575e-07, 1.96893381599e-07, 1.37689127655e-07, 1.72011056065e-07, 1.33508649469e-07, 1.62409619975e-07, 1.50936401155e-07, 7.51889501771e-08, 1.74061042912e-07, 1.2991070264e-07, 6.72181386108e-08, 6.44074305001e-08, 3.16304777925e-08, 2.82727867784e-08, 3.07123890764e-08, 9.52737799764e-09, 8.67535909777e-09, 5.39038946812e-09, 3.99359789682e-09, 2.94971291837e-09, 2.45176501323e-09, 1.29477750743e-09, 1.46346446073e-09, 1.51619494737e-09, 8.37692970546e-10, 2.14764719897e-10],
        "stdev": [0.00224101077765, 0.00133436801843, 0.000580846390221, 0.000291637727059, 0.000321809115121, 0.000274108781014, 0.000214242638322, 0.000182306815987, 0.000157252507051, 0.000537904794328, 0.000170743296621, 0.000323344458593, 0.000236309162574, 0.000178526053787, 3.11841977236e-05, 2.13540697587e-05, 1.26830700538e-05, 4.12894733017e-05, 5.72573626414e-05, 3.26828558173e-05, 5.40133150935e-05, 3.72685208276e-05, 5.40379587619e-05, 3.03389824694e-05, 6.11386203673e-05, 5.01838658238e-05, 3.08868984575e-05, 1.98910220206e-05, 1.04848031697e-05, 7.52338337406e-06, 6.94124582878e-06, 5.60559192309e-06, 5.4072529565e-06, 3.96883979192e-06, 3.3436231206e-06, 2.36820437749e-06, 1.95278380488e-06, 1.40517499858e-06, 1.23442021049e-06, 4.48402943221e-07]
    },
    "melbands128": {
        "max": [0.00369149586186, 0.013419335708, 0.0235584154725, 0.0206292010844, 0.0142449066043, 0.0117074707523, 0.00549239339307, 0.00697718095034, 0.00830798689276, 0.00293739978224, 0.00273293163627, 0.00451534893364, 0.00906371232122, 0.00991075858474, 0.00459168385714, 0.00512861832976, 0.00539734819904, 0.00557728391141, 0.00383997778408, 0.00378998066299, 0.00418229401112, 0.00251637492329, 0.00388518208638, 0.0105579774827, 0.0090523827821, 0.01362062525, 0.0067973411642, 0.00378324184567, 0.00235270382836, 0.00498199462891, 0.00509298359975, 0.00661104824394, 0.00556719396263, 0.00415300112218, 0.00368062523194, 0.00355814187787, 0.000497635919601, 0.000754492299166, 0.000411725224694, 0.00077549321577, 0.000338376848958, 0.000341629434843, 0.000209149715374, 0.000207490709727, 0.000411409564549, 0.00123469391838, 0.00204688240774, 0.00123693316709, 0.00179157790262, 0.00153632799629, 0.000849888310768, 0.000816801737528, 0.00113866699394, 0.00122601527255, 0.00159342237748, 0.000747201265767, 0.00110067112837, 0.00113644707017, 0.00105590524618, 0.000826182367746, 0.000616379955318, 0.000540340377484, 0.00141912302934, 0.00096364156343, 0.00129388575442, 0.000800070352852, 0.00107139279135, 0.000622663588729, 0.000513803039212, 0.000351483933628, 0.000344083673554, 0.000277699087746, 0.000222743678023, 0.000321521394653, 0.00018424935115, 0.000128593761474, 8.75965488376e-05, 0.000119532545796, 0.00010624434799, 6.50273068459e-05, 6.04032065894e-05, 7.25203353795e-05, 4.14736787206e-05, 7.0640569902e-05, 4.95807980769e-05, 4.0597806219e-05, 3.09500173898e-05, 6.40109719825e-05, 2.99010916933e-05, 4.63192518509e-05, 4.0736689698e-05, 2.58864401985e-05, 2.91434080282e-05, 2.76716564258e-05, 1.78175178007e-05, 1.54487188411e-05, 1.89362326637e-05, 1.72536092578e-05, 3.77460601158e-05, 7.45654097045e-06, 7.87578937889e-06, 3.64121933671e-06, 2.9112111406e-06, 4.50030285037e-07, 1.92617449102e-07, 8.71931206348e-07, 5.45145326214e-07, 4.15647917862e-07, 3.00774900097e-07, 2.59091393673e-07, 3.6019951466e-08, 5.54801005137e-09, 2.09808548313e-09, 2.01514649412e-09, 1.95285743132e-09, 1.88710003179e-09, 1.80586534615e-09, 1.76679249009e-09, 1.72505398854e-09, 1.67533065198e-09, 1.63507452022e-09, 1.59709379055e-09, 1.55909118948e-09, 1.53774759593e-09, 1.5162000544e-09, 1.49835077679e-09, 1.48383116905e-09, 1.47518197657e-09],
        "mean": [0.000203802046599, 0.00101406301837, 0.00189031625632, 0.0018187102396, 0.00106909568422, 0.000570487405639, 0.000421433884185, 0.000536571140401, 0.000419377087383, 0.000176942136022, 0.000141139549669, 0.000157127011335, 0.00015699362848, 0.000153848304763, 0.000151060754433, 0.000104265731352, 7.20213720342e-05, 7.10390813765e-05, 5.8328245359e-05, 8.05211893748e-05, 0.000124977828818, 5.99124105065e-05, 3.70191919501e-05, 5.55298138352e-05, 0.000142489589052, 0.000243702379521, 7.87356548244e-05, 4.18302479375e-05, 3.59804216714e-05, 8.92697207746e-05, 0.000140378280776, 0.000113650741696, 6.25291359029e-05, 5.75456797378e-05, 6.17172481725e-05, 3.80644960387e-05, 1.60051295097e-05, 1.71302799572e-05, 1.58808288688e-05, 1.37831075335e-05, 1.30732869366e-05, 9.07783032744e-06, 8.71928023116e-06, 8.8541473815e-06, 7.25424706616e-06, 1.0559248949e-05, 1.96429209609e-05, 1.83265092346e-05, 1.10480859803e-05, 7.68346671975e-06, 1.2356008483e-05, 1.40958964039e-05, 1.79980070243e-05, 2.33722566918e-05, 1.87377700058e-05, 8.81235428096e-06, 9.48448905547e-06, 2.09369809454e-05, 2.11268052226e-05, 1.54548051796e-05, 1.04826194729e-05, 1.30725939016e-05, 2.81088996417e-05, 2.53921371041e-05, 2.48878695857e-05, 1.92194620467e-05, 2.48285341513e-05, 1.76894009201e-05, 1.30712633108e-05, 9.63278216659e-06, 1.1421583622e-05, 9.32526290853e-06, 6.97227415003e-06, 6.11582254351e-06, 5.95026995143e-06, 5.67483766645e-06, 5.61570914215e-06, 5.23828111909e-06, 5.03370074512e-06, 4.19090474679e-06, 4.38644110545e-06, 4.51931146017e-06, 4.04049978897e-06, 4.74353282698e-06, 3.65823711945e-06, 3.02947569253e-06, 2.85190708382e-06, 3.44897739524e-06, 2.45797946263e-06, 2.01661646315e-06, 1.92983043235e-06, 1.64722325735e-06, 1.42767225952e-06, 1.45177102695e-06, 1.19218748296e-06, 1.02420972325e-06, 1.08703625301e-06, 1.07365849544e-06, 9.89261934592e-07, 7.06647711013e-07, 4.16484169818e-07, 2.69173511924e-07, 1.95104220779e-07, 1.69300946595e-08, 1.07152100526e-08, 5.78713112986e-08, 3.98506223576e-08, 2.94132931344e-08, 1.97930738466e-08, 7.51300621715e-09, 1.41172207258e-09, 8.98917815184e-11, 1.06403835395e-11, 6.2520049901e-12, 5.29497713037e-12, 5.64510157369e-12, 4.03143273972e-12, 3.57848581496e-12, 3.51672879186e-12, 3.38150796426e-12, 3.29090270659e-12, 3.21994124072e-12, 3.1474248121e-12, 3.09117640339e-12, 3.02049227643e-12, 2.93717220684e-12, 2.88604296711e-12, 2.86574605192e-12],
        "min": [3.19226001189e-09, 5.09059177034e-08, 6.13257213899e-08, 1.19018147871e-06, 1.75838420091e-06, 1.4171669136e-06, 5.20948731264e-07, 2.5145300242e-07, 5.91712762343e-07, 2.15855607166e-07, 1.75957623583e-07, 1.06925874377e-07, 4.25057123721e-07, 8.48604770454e-07, 2.58630251437e-07, 4.73395886047e-07, 3.82494505402e-07, 1.19699578249e-07, 2.37117802726e-07, 2.34234732943e-07, 3.91263711208e-07, 2.04771779977e-07, 1.76012690645e-07, 2.48075963327e-07, 2.2009490408e-07, 5.28475709416e-07, 5.1873269058e-07, 1.70434134361e-07, 1.59211325013e-07, 8.12795519778e-08, 4.56983073605e-08, 1.29041438868e-07, 2.5487705102e-07, 1.35713591476e-07, 1.24565687543e-07, 3.0597195888e-08, 3.3691314627e-08, 9.31402723836e-08, 1.63703532507e-07, 1.91941296634e-07, 4.57542412846e-08, 3.56009728364e-08, 5.39734053007e-08, 5.87079860281e-08, 5.58550432572e-08, 7.7388307318e-08, 1.11378120948e-07, 4.17079135673e-08, 2.17622559973e-08, 6.49692424304e-08, 1.13828839687e-07, 6.15468920273e-08, 8.16013496774e-08, 3.24491722381e-08, 4.88499942719e-08, 3.33618572768e-08, 3.63135796988e-08, 3.71565498369e-08, 7.26181852428e-08, 5.71202569688e-08, 4.84934226108e-08, 4.68708378776e-08, 4.77141313127e-08, 3.05109502108e-08, 2.19247500155e-08, 6.70922020163e-08, 3.94081069999e-08, 1.04399981993e-08, 1.00614201415e-08, 1.25708314869e-08, 8.07770028644e-09, 2.58770391781e-08, 1.49551606654e-08, 4.34677227545e-09, 7.57940377127e-09, 6.74248568089e-09, 6.72192390638e-09, 3.3367324459e-09, 5.84571546725e-09, 5.53215562249e-09, 3.86257914542e-09, 1.41472034088e-09, 1.95776284073e-09, 2.39000286228e-09, 1.62036972728e-09, 1.84042026063e-09, 9.81164816061e-10, 1.17873844019e-09, 9.85523329611e-10, 1.17423604173e-09, 9.31007881899e-10, 1.33719502138e-09, 9.086246755e-10, 7.81255726778e-10, 1.24291843484e-09, 9.87135817532e-10, 3.46311757049e-10, 6.11812600582e-10, 5.22219156807e-10, 4.427598288e-10, 4.03322403253e-10, 1.89680996604e-12, 1.68177104187e-13, 1.64508787452e-13, 1.47167759749e-13, 2.19797880526e-13, 2.7362578349e-12, 2.6571892256e-11, 3.28220588729e-12, 1.02457796479e-13, 7.35720010847e-14, 6.83920896804e-14, 5.03906066721e-14, 4.39602577972e-14, 4.50753732842e-14, 5.57215948729e-14, 4.95917258539e-14, 6.00535585344e-14, 4.21113305631e-14, 5.4804203981e-14, 5.06008199209e-14, 3.82042691211e-14, 4.90765333103e-14, 3.76999524806e-14, 3.77480808926e-14, 1.33073475403e-14, 2.09183002544e-15, 8.20587453675e-17],
        "stdev": [0.000454430090031, 0.00194376078434, 0.00364820589311, 0.00254388060421, 0.0014628553763, 0.000947855180129, 0.000621494604275, 0.000777078443207, 0.000690610497259, 0.000273424840998, 0.000218777931877, 0.000295944104437, 0.000490896869451, 0.00045303045772, 0.000358117133146, 0.000322364736348, 0.000293200922897, 0.000289879710181, 0.000192822219105, 0.000220940448344, 0.000258109677816, 0.000164392738952, 0.000152788648847, 0.000324570282828, 0.000546134251636, 0.00103572418448, 0.000350072194124, 0.000131511449581, 0.000113880952995, 0.000372270820662, 0.000545197748579, 0.000487933983095, 0.000331465649651, 0.000262041954556, 0.000322930718539, 0.000212767408811, 3.77618380298e-05, 4.24465652031e-05, 3.53473587893e-05, 3.16602163366e-05, 2.4450413548e-05, 2.0353232685e-05, 1.46718330143e-05, 1.44087825902e-05, 2.00093272724e-05, 5.00280148117e-05, 0.000114109498099, 8.89418297447e-05, 6.1682490923e-05, 4.83719450131e-05, 4.56568741356e-05, 4.5409447921e-05, 6.99332304066e-05, 9.80275654001e-05, 8.87233181857e-05, 3.60968188033e-05, 5.11811340402e-05, 8.62843808136e-05, 7.47355879867e-05, 5.49012074771e-05, 3.51467206201e-05, 3.77101168851e-05, 0.000103161655716, 8.64438625285e-05, 9.077975119e-05, 6.41246297164e-05, 8.77975471667e-05, 4.99801099068e-05, 3.74752489734e-05, 2.44411876338e-05, 3.2101481338e-05, 2.39973178395e-05, 1.57674512593e-05, 1.44293881021e-05, 9.73473106569e-06, 9.86228042166e-06, 8.4541625256e-06, 8.84991550265e-06, 8.65866877575e-06, 5.74909017814e-06, 6.37246648694e-06, 6.75575438436e-06, 5.74010982746e-06, 6.99697739037e-06, 5.10401514475e-06, 4.19137586505e-06, 4.11349856222e-06, 5.46680439584e-06, 3.49942388311e-06, 3.15113379656e-06, 2.98047507385e-06, 2.33237915381e-06, 2.23222082241e-06, 2.61935497292e-06, 1.75381273948e-06, 1.42566477734e-06, 1.57349688834e-06, 1.5645083522e-06, 1.79380356258e-06, 1.03179797861e-06, 6.73677845953e-07, 4.04487366268e-07, 2.89878300919e-07, 3.56003440061e-08, 1.9548535235e-08, 8.83790960415e-08, 5.95699880535e-08, 4.41526992745e-08, 2.99440898743e-08, 1.42215155208e-08, 2.96203150896e-09, 3.92178817199e-10, 6.88689105743e-11, 5.66328546558e-11, 5.36110947302e-11, 5.34641324268e-11, 4.88809513699e-11, 4.76181490072e-11, 4.64953527068e-11, 4.51482601305e-11, 4.40597038021e-11, 4.30371120685e-11, 4.20140588986e-11, 4.14318093722e-11, 4.08498131155e-11, 4.03669875304e-11, 3.99771361848e-11, 3.97441662914e-11]
    },
    "mfcc": {
        "mean": [-658.834350586, 97.47265625, 12.2773256302, 32.7296829224, -4.16351795197, 11.1755638123, 4.97334671021, 12.67395401, 2.41532421112, 4.68858909607, -1.40900802612, -0.385629743338, -2.8004963398],
        "cov": [[3270.86035156, -1293.00305176, 200.678237915, 328.875244141, 76.5362167358, -126.458145142, 133.774124146, 96.2905578613, -151.968292236, -81.2009506226, -18.831451416, -80.372795105, 100.796844482], [-1293.00305176, 860.952880859, -276.771606445, -176.338516235, -33.751663208, 4.70713233948, -37.6324234009, -3.55467009544, 63.2412109375, 41.6711616516, -10.4224700928, 16.8696708679, -28.2720088959], [200.678237915, -276.771606445, 611.49395752, 18.2097434998, 39.8186645508, 180.06590271, -46.7559356689, -13.7038145065, 13.0245895386, 3.72298455238, 90.2994689941, 18.0860042572, -55.9496421814], [328.875244141, -176.338516235, 18.2097434998, 226.959793091, 75.4144897461, -95.8243713379, 44.2472000122, 48.2187614441, -9.3578119278, -1.53445839882, -19.6937408447, 1.86934792995, 33.9890441895], [76.5362167358, -33.751663208, 39.8186645508, 75.4144897461, 157.757797241, -10.695189476, 36.1448173523, 64.0202102661, 26.2964515686, 28.0901451111, -2.42719435692, -14.3966178894, 15.4108562469], [-126.458145142, 4.70713233948, 180.06590271, -95.8243713379, -10.695189476, 315.028839111, 27.6928215027, -16.2474937439, -9.26714801788, -12.2296257019, 68.0755844116, 22.1632118225, -16.3409156799], [133.774124146, -37.6324234009, -46.7559356689, 44.2472000122, 36.1448173523, 27.6928215027, 157.471298218, 72.0834960938, -11.9771261215, -0.0203298162669, -19.5704498291, -10.3606214523, 45.975063324], [96.2905578613, -3.55467009544, -13.7038145065, 48.2187614441, 64.0202102661, -16.2474937439, 72.0834960938, 141.247024536, 47.152053833, 19.5905265808, -5.59542703629, -14.327173233, 21.3894367218], [-151.968292236, 63.2412109375, 13.0245895386, -9.3578119278, 26.2964515686, -9.26714801788, -11.9771261215, 47.152053833, 99.5555496216, 42.8585968018, 10.0694055557, 6.43655395508, -18.8766384125], [-81.2009506226, 41.6711616516, 3.72298455238, -1.53445839882, 28.0901451111, -12.2296257019, -0.0203298162669, 19.5905265808, 42.8585968018, 94.2414627075, 18.9733295441, -3.71927118301, -4.85746622086], [-18.831451416, -10.4224700928, 90.2994689941, -19.6937408447, -2.42719435692, 68.0755844116, -19.5704498291, -5.59542703629, 10.0694055557, 18.9733295441, 82.2161483765, 30.5805015564, -14.419836998], [-80.372795105, 16.8696708679, 18.0860042572, 1.86934792995, -14.3966178894, 22.1632118225, -10.3606214523, -14.327173233, 6.43655395508, -3.71927118301, 30.5805015564, 70.40284729, 10.1273212433], [100.796844482, -28.2720088959, -55.9496421814, 33.9890441895, 15.4108562469, -16.3409156799, 45.975063324, 21.3894367218, -18.8766384125, -4.85746622086, -14.419836998, 10.1273212433, 72.8028411865]],
        "icov": [[0.000927045184653, 0.00137020868715, 0.000245900300797, -2.84664874926e-05, 3.97774601879e-05, 0.000249366130447, 3.74136470782e-05, -0.000765459029935, 0.000793918326963, 0.000126530270791, -0.00056549924193, 0.000668552238494, -0.000291039672447], [0.00137020868715, 0.00388320116326, 0.00135360867716, 0.00123389915098, -0.000379685719963, 7.96425956651e-05, 0.00042298581684, -0.00141426036134, 0.000665759958792, -0.000363060797099, -0.000363686063793, -5.54496109544e-05, 0.000405825179769], [0.000245900300797, 0.00135360867716, 0.00317551428452, -0.000532071338966, -0.0007832806441, -0.00162861216813, 0.00112107931636, -0.000322468957165, -0.000141514727147, 2.82122437056e-05, -0.00151609163731, 3.19455939461e-05, 0.00172151101287], [-2.84664874926e-05, 0.00123389915098, -0.000532071338966, 0.00839829724282, -0.00311167072505, 0.00287490803748, -0.00133323401678, -0.00113506696653, 0.00142774940468, 0.000230707839364, 0.000567567883991, -0.00268159154803, -0.000460774666863], [3.97774601879e-05, -0.000379685719963, -0.0007832806441, -0.00311167072505, 0.00973747577518, -0.00067646347452, 0.000123153731693, -0.00256498157978, -0.000937290722504, -0.00188613275532, 0.000234587627347, 0.00222343718633, -0.00152068689931], [0.000249366130447, 7.96425956651e-05, -0.00162861216813, 0.00287490803748, -0.00067646347452, 0.0062942863442, -0.00325622968376, 0.000854102312587, 0.00043154269224, 0.00169742002618, -0.00382412993349, -9.68275489868e-05, -6.55869880575e-05], [3.74136470782e-05, 0.00042298581684, 0.00112107931636, -0.00133323401678, 0.000123153731693, -0.00325622968376, 0.0123080750927, -0.00637168437243, 0.00339321489446, -0.00168762600515, 0.00299841188826, 8.58153507579e-05, -0.00371189089492], [-0.000765459029935, -0.00141426036134, -0.000322468957165, -0.00113506696653, -0.00256498157978, 0.000854102312587, -0.00637168437243, 0.0157964993268, -0.00921118538827, 0.00228070351295, -0.00260064774193, 0.00348847475834, -0.00232644984499], [0.000793918326963, 0.000665759958792, -0.000141514727147, 0.00142774940468, -0.000937290722504, 0.00043154269224, 0.00339321489446, -0.00921118538827, 0.0200543086976, -0.00687089143321, 0.00243562180549, -0.00495339743793, 0.00515551492572], [0.000126530270791, -0.000363060797099, 2.82122437056e-05, 0.000230707839364, -0.00188613275532, 0.00169742002618, -0.00168762600515, 0.00228070351295, -0.00687089143321, 0.0156360398978, -0.00623410008848, 0.00392696168274, -0.00174558325671], [-0.00056549924193, -0.000363686063793, -0.00151609163731, 0.000567567883991, 0.000234587627347, -0.00382412993349, 0.00299841188826, -0.00260064774193, 0.00243562180549, -0.00623410008848, 0.0229496825486, -0.0100196208805, 0.00332911172882], [0.000668552238494, -5.54496109544e-05, 3.19455939461e-05, -0.00268159154803, 0.00222343718633, -9.68275489868e-05, 8.58153507579e-05, 0.00348847475834, -0.00495339743793, 0.00392696168274, -0.0100196208805, 0.0223215352744, -0.0073541062884], [-0.000291039672447, 0.000405825179769, 0.00172151101287, -0.000460774666863, -0.00152068689931, -6.55869880575e-05, -0.00371189089492, -0.00232644984499, 0.00515551492572, -0.00174558325671, 0.00332911172882, -0.0073541062884, 0.0220718048513]]
    },
    "spectral_contrast_coeffs": {
        "max": [-0.544737279415, -0.493482142687, -0.506125152111, -0.612659990788, -0.574676036835, -0.577391266823],
        "mean": [-0.75531411171, -0.790809214115, -0.776986002922, -0.821451544762, -0.804443717003, -0.727598547935],
        "min": [-0.905669033527, -0.93228250742, -0.898923397064, -0.908743917942, -0.882548213005, -0.840510904789],
        "stdev": [0.0527764707804, 0.0644188374281, 0.077974408865, 0.0505919605494, 0.0578551776707, 0.0315440930426]
    },
    "spectral_contrast_valleys": {
        "max": [-5.2750954628, -5.02024841309, -5.67712831497, -6.03794622421, -5.97680807114, -8.44769954681],
        "mean": [-6.74729204178, -7.02900743484, -7.55490684509, -7.8778386116, -7.52434873581, -10.307182312],
        "min": [-8.56296730042, -8.34216022491, -9.22030258179, -9.30388259888, -9.46536827087, -13.1668720245],
        "stdev": [0.529972910881, 0.49782294035, 0.496196120977, 0.477361321449, 0.668640077114, 0.994150280952]
    }
},
"rhythm": {
    "beats_count": 73,
    "beats_loudness": {
        "max": 0.056775726378,
        "mean": 0.0207507479936,
        "min": 0.0016851577675,
        "stdev": 0.0162258855999
    },
    "bpm": 136.641616821,
    "bpm_histogram_first_peak_bpm": 136,
    "bpm_histogram_first_peak_weight": 0.394366204739,
    "bpm_histogram_second_peak_bpm": 144,
    "bpm_histogram_second_peak_spread": 0,
    "bpm_histogram_second_peak_weight": 0.0138888889924,
    "danceability": 1.16363406181,
    "onset_rate": 4.18359327316,
    "beats_loudness_band_ratio": {
        "max": [0.924603283405, 0.411827892065, 0.854923665524, 0.460506290197, 0.323497235775, 0.423547893763],
        "mean": [0.553478956223, 0.10413660109, 0.120307631791, 0.0934572741389, 0.0595089383423, 0.0914056748152],
        "min": [0.0061706257984, 0.00547849060968, 0.00846970546991, 0.00346894492395, 0.00362066342495, 0.000889630871825],
        "stdev": [0.259238421917, 0.100180894136, 0.142012044787, 0.104885011911, 0.0602277852595, 0.077113956213]
    },
