{
"metadata": {
    "version": {
        "essentia": "2.1-beta5",
        "essentia_git_sha": "Undefined",
        "extractor": "music 2.0"
    },
    "audio_properties": {
        "analysis": {
            "equal_loudness": 0,
            "length": 48.7502937317,
            "sample_rate": 44100,
            "start_time": 93.9943771362,
            "downmix": "mix"
        },
        "bit_rate": 192000,
        "length": 185.724807739,
        "lossless": 0,
        "number_channels": 2,
        "replay_gain": -8.78594207764,
        "sample_rate": 48000,
        "codec": "mp3",
        "md5_encoded": "947da53b6fdfcd99bf04f2d73b0135d6"
    },
    "tags": {
        "file_name": "Finland_Leave Me Alone_Hanna Pakarinen.mp3",
        "encoding": ["Lavf58.29.100"]
    }
},
"lowlevel": {
    "average_loudness": 0.960393309593,
    "barkbands_crest": {
        "max": 21.0821323395,
        "mean": 8.50197601318,
        "min": 2.46591043472,
        "stdev": 3.01689505577
    },
    "barkbands_flatness_db": {
        "max": 0.201657518744,
        "mean": 0.0851801633835,
        "min": 0.0198721848428,
        "stdev": 0.024696951732
    },
    "barkbands_kurtosis": {
        "max": 14.6217937469,
        "mean": 0.232655391097,
        "min": -1.6996268034,
        "stdev": 1.79135417938
    },
    "barkbands_skewness": {
        "max": 3.69802069664,
        "mean": 0.938747763634,
        "min": -0.908424139023,
        "stdev": 0.62101495266
    },
    "barkbands_spread": {
        "max": 83.0960388184,
        "mean": 36.8747558594,
        "min": 8.70659160614,
        "stdev": 10.8903617859
    },
    "dissonance": {
        "max": 0.499999910593,
        "mean": 0.479475528002,
        "min": 0.366683334112,
        "stdev": 0.0155970556661
    },
    "dynamic_complexity": 1.41231310368,
    "erbbands_crest": {
        "max": 25.8470630646,
        "mean": 7.39798641205,
        "min": 2.18552827835,
        "stdev": 3.48526716232
    },
    "erbbands_flatness_db": {
        "max": 0.245565131307,
        "mean": 0.126022845507,
        "min": 0.0632164180279,
        "stdev": 0.0293561033905
    },
    "erbbands_kurtosis": {
        "max": 5.70854091644,
        "mean": -0.107089594007,
        "min": -1.63429403305,
        "stdev": 0.869853436947
    },
    "erbbands_skewness": {
        "max": 1.94026744366,
        "mean": -0.224966496229,
        "min": -2.27757787704,
        "stdev": 0.565123200417
    },
    "erbbands_spread": {
        "max": 84.2480316162,
        "mean": 39.5137825012,
        "min": 12.9586496353,
        "stdev": 12.1468725204
    },
    "hfc": {
        "max": 81.0194091797,
        "mean": 30.192937851,
        "min": 0.723720490932,
        "stdev": 13.1020870209
    },
    "loudness_ebu128": {
        "integrated": -13.6173067093,
        "loudness_range": 2.22610378265,
        "momentary": {
            "max": -11.7327480316,
            "mean": -13.7273654938,
            "min": -19.7955303192,
            "stdev": 1.00791394711
        },
        "short_term": {
            "max": -11.9936609268,
            "mean": -13.6636209488,
            "min": -15.367184639,
            "stdev": 0.744918107986
        }
    },
    "melbands_crest": {
        "max": 27.3387355804,
        "mean": 12.8512811661,
        "min": 3.31328964233,
        "stdev": 4.0062122345
    },
    "melbands_flatness_db": {
        "max": 0.289481848478,
        "mean": 0.145158737898,
        "min": 0.0322235822678,
        "stdev": 0.0314095951617
    },
    "melbands_kurtosis": {
        "max": 60.7097511292,
        "mean": 6.56284189224,
        "min": -1.44648754597,
        "stdev": 7.01519060135
    },
    "melbands_skewness": {
        "max": 6.94336986542,
        "mean": 2.22537541389,
        "min": -0.11624699831,
        "stdev": 1.06280708313
    },
    "melbands_spread": {
        "max": 137.132675171,
        "mean": 36.3444290161,
        "min": 5.87191200256,
        "stdev": 14.0752973557
    },
    "pitch_salience": {
        "max": 0.805838286877,
        "mean": 0.545025169849,
        "min": 0.250886619091,
        "stdev": 0.0842702016234
    },
    "silence_rate_20dB": {
        "max": 1,
        "mean": 1,
        "min": 1,
        "stdev": 0
    },
    "silence_rate_30dB": {
        "max": 1,
        "mean": 1,
        "min": 1,
        "stdev": 0
    },
    "silence_rate_60dB": {
        "max": 0,
        "mean": 0,
        "min": 0,
        "stdev": 0
    },
    "spectral_centroid": {
        "max": 3800.05371094,
        "mean": 2073.08544922,
        "min": 595.394836426,
        "stdev": 415.987243652
    },
    "spectral_complexity": {
        "max": 57,
        "mean": 31.1922893524,
        "min": 3,
        "stdev": 7.05423069
    },
    "spectral_decrease": {
        "max": -2.36068969928e-10,
        "mean": -7.05349112451e-09,
        "min": -1.98151113295e-08,
        "stdev": 2.27814211939e-09
    },
    "spectral_energy": {
        "max": 0.078782223165,
        "mean": 0.029360068962,
        "min": 0.000956624280661,
        "stdev": 0.00925295799971
    },
    "spectral_energyband_high": {
        "max": 0.0091979233548,
        "mean": 0.00143481511623,
        "min": 2.47535044764e-05,
        "stdev": 0.00101225497201
    },
    "spectral_energyband_low": {
        "max": 0.0592765621841,
        "mean": 0.0120712751523,
        "min": 2.57504143519e-05,
        "stdev": 0.00663930922747
    },
    "spectral_energyband_middle_high": {
        "max": 0.0460064336658,
        "mean": 0.00905174668878,
        "min": 0.000134585818159,
        "stdev": 0.00692444853485
    },
    "spectral_energyband_middle_low": {
        "max": 0.0323758907616,
        "mean": 0.00801917351782,
        "min": 0.000444833829533,
        "stdev": 0.0049404236488
    },
    "spectral_entropy": {
        "max": 8.59088516235,
        "mean": 7.92132663727,
        "min": 7.14528465271,
        "stdev": 0.226487025619
    },
    "spectral_flux": {
        "max": 0.240323930979,
        "mean": 0.085661649704,
        "min": 0.0300603006035,
        "stdev": 0.0271719750017
    },
    "spectral_kurtosis": {
        "max": 11.7506103516,
        "mean": 3.48460149765,
        "min": -0.363442897797,
        "stdev": 1.32947480679
    },
    "spectral_rms": {
        "max": 0.00876702368259,
        "mean": 0.00528365653008,
        "min": 0.000966070394497,
        "stdev": 0.000852624885738
    },
    "spectral_rolloff": {
        "max": 8118.01757812,
        "mean": 2198.31298828,
        "min": 150.732421875,
        "stdev": 1051.5324707
    },
    "spectral_skewness": {
        "max": 2.90965557098,
        "mean": 1.3280608654,
        "min": 0.286694049835,
        "stdev": 0.215436026454
    },
    "spectral_spread": {
        "max": 9613931,
        "mean": 4674590.5,
        "min": 2480429.75,
        "stdev": 912147.5
    },
    "spectral_strongpeak": {
        "max": 10.8183088303,
        "mean": 0.854927062988,
        "min": 0,
        "stdev": 1.40333986282
    },
    "zerocrossingrate": {
        "max": 0.2373046875,
        "mean": 0.079936824739,
        "min": 0.01611328125,
        "stdev": 0.0226272176951
    },
    "barkbands": {
        "max": [0.00205237488262, 0.0288286134601, 0.0320352986455, 0.0158318392932, 0.0192335508764, 0.0242327265441, 0.0221472159028, 0.0222028065473, 0.0176017265767, 0.0382717475295, 0.0229628011584, 0.0184673201293, 0.0125709725544, 0.0129449469969, 0.0136026954278, 0.0165301915258, 0.00900949817151, 0.00872213486582, 0.0113260475919, 0.00567959062755, 0.00288655888289, 0.00349482777528, 0.0038578370586, 0.00203129625879, 0.00169098004699, 0.000636510027107, 0.000193381230929],
        "mean": [0.000271230819635, 0.00746251037344, 0.00322565692477, 0.00152525678277, 0.00147609249689, 0.00110722915269, 0.00156190327834, 0.00128276774194, 0.000902671017684, 0.00223819119856, 0.000565093127079, 0.00065343308961, 0.000586999813095, 0.000535585393663, 0.0007100009243, 0.000895551056601, 0.000717598886695, 0.00101243436802, 0.000927038199734, 0.00054877367802, 0.000356535078026, 0.000233501632465, 0.000220657719183, 0.000149262923514, 0.000142514589243, 4.6683846449e-05, 4.92598792334e-06],
        "min": [1.96185787615e-08, 3.37959522767e-06, 2.98035342894e-06, 5.41454392078e-06, 2.43363683694e-05, 1.70539460669e-05, 7.31626687411e-06, 9.30801525101e-06, 1.74920169229e-05, 1.45040103234e-05, 8.69864470587e-06, 8.71889460541e-06, 5.6726744333e-06, 6.00415887675e-06, 1.13488149509e-05, 3.42075827575e-06, 2.31482626987e-05, 3.14863900712e-05, 1.49320776472e-05, 5.16576301379e-06, 8.37987226987e-06, 2.99926159641e-06, 3.54298072125e-06, 1.62189098774e-06, 2.03598642656e-06, 3.23478843711e-07, 3.99740740509e-10],
        "stdev": [0.000337063305778, 0.00465107522905, 0.00312978425063, 0.0015872932272, 0.00158355850726, 0.0015350447502, 0.00239340239204, 0.00185059849173, 0.00137106759939, 0.00447191437706, 0.00167850300204, 0.00106610893272, 0.0010283740703, 0.00116174784489, 0.00112957286183, 0.00127340317704, 0.000680965487845, 0.000923556101043, 0.000850506417919, 0.000469415215775, 0.000264616013737, 0.000244266149821, 0.000256339117186, 0.000173836160684, 0.000149731335114, 5.3442967328e-05, 1.21394296002e-05]
    },
    "erbbands": {
        "max": [1.01431083679, 8.16076087952, 36.4741096497, 35.5311470032, 38.6760787964, 77.6703414917, 175.957473755, 294.093170166, 334.557067871, 343.652099609, 542.530578613, 536.914978027, 704.277282715, 1577.16967773, 642.315673828, 866.174194336, 654.504394531, 504.693725586, 802.557128906, 450.907958984, 1055.63378906, 552.928649902, 348.862823486, 700.305419922, 237.3984375, 268.48828125, 159.474685669, 135.248275757, 104.847923279, 123.857757568, 119.832267761, 52.0841140747, 30.1112728119, 22.9275665283, 11.0609111786, 3.32789587975, 1.24419307709, 0.195644319057, 0.0373826920986, 0.00162754568737],
        "mean": [0.236073076725, 1.59895789623, 3.25025320053, 5.64059972763, 3.14035153389, 5.31146907806, 8.37202358246, 10.3780679703, 25.2411994934, 16.3343200684, 30.2496547699, 20.7291355133, 37.8117332458, 67.9493789673, 26.0578460693, 27.1346511841, 27.4488563538, 19.4808139801, 44.6396865845, 34.5407218933, 50.9229927063, 41.2458000183, 48.9531364441, 63.1849060059, 34.6303443909, 25.7449455261, 19.1335926056, 11.2731752396, 8.19428062439, 7.21681213379, 6.39986610413, 3.62249302864, 2.38011145592, 1.83102035522, 0.852197051048, 0.268846333027, 0.0762657225132, 0.0110276313499, 0.000949524983298, 6.33564995951e-05],
        "min": [7.51363040763e-05, 0.00117021205369, 0.00807969179004, 0.0269517414272, 0.0178485121578, 0.0585135109723, 0.113867722452, 0.131815493107, 0.215476348996, 0.130144298077, 0.369086503983, 0.633706569672, 0.731183350086, 0.401506155729, 0.430411458015, 0.307008355856, 0.253416359425, 0.267459690571, 0.541659295559, 0.432064920664, 0.183258146048, 1.14058315754, 1.71270024776, 1.72965466976, 0.370091170073, 0.189116343856, 0.411032110453, 0.177142977715, 0.0974639505148, 0.100816383958, 0.0923979505897, 0.0541695021093, 0.0264658983797, 0.029447183013, 0.0117297954857, 0.00336490152404, 0.000357615324901, 6.31781949778e-05, 1.3579001461e-05, 6.26258406555e-06],
        "stdev": [0.159800156951, 1.14885807037, 3.00205278397, 4.7427444458, 3.1969192028, 6.88319969177, 11.5624113083, 15.4928503036, 37.7584114075, 23.9704608917, 42.8455963135, 35.3978309631, 56.5785064697, 145.552871704, 49.3998298645, 45.0275726318, 43.9996147156, 28.9974822998, 80.5788345337, 36.0443916321, 70.6858673096, 38.3271255493, 38.1491775513, 63.1825752258, 26.9233875275, 21.8953952789, 16.6718902588, 8.99141311646, 8.24028396606, 8.50392723083, 7.54615879059, 4.46343851089, 2.66988968849, 1.97439217567, 0.912860512733, 0.292029619217, 0.0997695848346, 0.0168738272041, 0.00226104748435, 7.35311186872e-05]
    },
    "gfcc": {
        "mean": [57.7808647156, 68.1613311768, -119.49609375, 45.828792572, -50.6845436096, 19.043548584, -32.4099121094, 24.8955287933, -22.2735290527, 5.59654331207, -15.4995346069, 3.98200964928, -10.5137205124],
        "cov": [[471.643829346, -179.204086304, 80.3216094971, -13.9869832993, -44.2084007263, -35.9655647278, -31.1101131439, 5.47133016586, -20.1478462219, 41.3015060425, 22.4844455719, 21.4720363617, -38.4047622681], [-179.204086304, 392.26751709, -112.925323486, -0.747990548611, 16.383020401, -26.8559570312, 55.060005188, 25.614616394, 24.1499042511, -22.5700435638, 19.5441360474, -31.6675891876, 37.6443824768], [80.3216094971, -112.925323486, 295.994354248, 88.55078125, 1.67547214031, 26.7355480194, -56.4343528748, -6.37487459183, 7.37817239761, 11.1371269226, -18.2007980347, 31.7373065948, -7.14765310287], [-13.9869832993, -0.747990548611, 88.55078125, 231.571212769, 35.5952377319, 23.0064220428, -45.1776428223, -4.20932483673, 30.9714317322, 0.679912924767, -5.44379520416, 3.59804415703, 20.1485080719], [-44.2084007263, 16.383020401, 1.67547214031, 35.5952377319, 141.28755188, 39.8775558472, 37.8199462891, 1.91761410236, 2.5750246048, -13.5787057877, -20.7241191864, -17.6755371094, 6.26568412781], [-35.9655647278, -26.8559570312, 26.7355480194, 23.0064220428, 39.8775558472, 161.10925293, 72.9058380127, -12.0396194458, -29.8073062897, -16.840051651, -13.1894035339, -11.6526927948, -11.8323163986], [-31.1101131439, 55.060005188, -56.4343528748, -45.1776428223, 37.8199462891, 72.9058380127, 147.718276978, 31.4407176971, -15.0069217682, -19.645318985, -6.04211330414, -17.2260055542, -1.92055928707], [5.47133016586, 25.614616394, -6.37487459183, -4.20932483673, 1.91761410236, -12.0396194458, 31.4407176971, 84.5885314941, 28.3527431488, 5.96229600906, 1.49771630764, -2.2268075943, 5.01173400879], [-20.1478462219, 24.1499042511, 7.37817239761, 30.9714317322, 2.5750246048, -29.8073062897, -15.0069217682, 28.3527431488, 80.4937286377, 28.9577598572, 0.77985984087, 1.06818938255, 8.23383426666], [41.3015060425, -22.5700435638, 11.1371269226, 0.679912924767, -13.5787057877, -16.840051651, -19.645318985, 5.96229600906, 28.9577598572, 62.8503646851, 25.3601341248, 7.92912006378, -9.00826835632], [22.4844455719, 19.5441360474, -18.2007980347, -5.44379520416, -20.7241191864, -13.1894035339, -6.04211330414, 1.49771630764, 0.77985984087, 25.3601341248, 56.3040542603, 15.8720035553, -2.26220011711], [21.4720363617, -31.6675891876, 31.7373065948, 3.59804415703, -17.6755371094, -11.6526927948, -17.2260055542, -2.2268075943, 1.06818938255, 7.92912006378, 15.8720035553, 49.7703132629, 15.8748550415], [-38.4047622681, 37.6443824768, -7.14765310287, 20.1485080719, 6.26568412781, -11.8323163986, -1.92055928707, 5.01173400879, 8.23383426666, -9.00826835632, -2.26220011711, 15.8748550415, 53.6113166809]],
        "icov": [[0.00310971378349, 0.00125482212752, -0.000619836966507, -0.000281062180875, 0.000414044654462, 0.0014518344542, -0.000872273521964, -0.000583452580031, 0.00154796987772, -0.0014465105487, -0.000858526676893, 0.000150439678691, 0.00110331026372], [0.00125482212752, 0.00445237522945, 0.000223344177357, -0.000339940161211, 0.000248923519393, 0.00159799470566, -0.00190399959683, 5.69847979932e-05, -0.0010805077618, 0.00175650569145, -0.00368074188009, 0.0037324372679, -0.00261927535757], [-0.000619836966507, 0.000223344177357, 0.00528212590143, -0.00151337136049, -0.000150211068103, -0.00167399540078, 0.0019853154663, -0.000906936998945, 6.08424743405e-05, -0.000715177564416, 0.00304848328233, -0.00404086150229, 0.00167180562858], [-0.000281062180875, -0.000339940161211, -0.00151337136049, 0.00650179339573, -0.00153586664237, -0.00238785194233, 0.00305707752705, -2.00060367206e-05, -0.00294243288226, 0.00171715533361, -0.00169286935125, 0.00151935347822, -0.00262496457435], [0.000414044654462, 0.000248923519393, -0.000150211068103, -0.00153586664237, 0.00896431785077, -0.000552686629817, -0.00244524120353, 0.00068630016176, -0.000410161912441, -0.000194705076865, 0.00184880790766, 0.00225912663154, -0.00120306946337], [0.0014518344542, 0.00159799470566, -0.00167399540078, -0.00238785194233, -0.000552686629817, 0.0118770273402, -0.0075753107667, 0.00262995390221, 0.00317906099372, -0.000941094825976, -0.000121813107398, 0.00127932638861, 0.00173053774051], [-0.000872273521964, -0.00190399959683, 0.0019853154663, 0.00305707752705, -0.00244524120353, -0.0075753107667, 0.0148646757007, -0.00591224525124, 0.000462349795271, 0.00186417007353, 0.00030546967173, -0.000462329364382, -8.10755518614e-05], [-0.000583452580031, 5.69847979932e-05, -0.000906936998945, -2.00060367206e-05, 0.00068630016176, 0.00262995390221, -0.00591224525124, 0.0164724290371, -0.00629406562075, 0.00103044672869, -0.000996185932308, 0.00103563570883, -0.0010317065753], [0.00154796987772, -0.0010805077618, 6.08424743405e-05, -0.00294243288226, -0.000410161912441, 0.00317906099372, 0.000462349795271, -0.00629406562075, 0.0222719851881, -0.0124854026362, 0.00582426507026, -0.00083029124653, -0.000690834480338], [-0.0014465105487, 0.00175650569145, -0.000715177564416, 0.00171715533361, -0.000194705076865, -0.000941094825976, 0.00186417007353, 0.00103044672869, -0.0124854026362, 0.0291661918163, -0.0135286627337, 0.00159795163199, 0.0025495167356], [-0.000858526676893, -0.00368074188009, 0.00304848328233, -0.00169286935125, 0.00184880790766, -0.000121813107398, 0.00030546967173, -0.000996185932308, 0.00582426507026, -0.0135286627337, 0.0305826924741, -0.0123066082597, 0.00464013777673], [0.000150439678691, 0.0037324372679, -0.00404086150229, 0.00151935347822, 0.00225912663154, 0.00127932638861, -0.000462329364382, 0.00103563570883, -0.00083029124653, 0.00159795163199, -0.0123066082597, 0.0339796990156, -0.0139028569683], [0.00110331026372, -0.00261927535757, 0.00167180562858, -0.00262496457435, -0.00120306946337, 0.00173053774051, -8.10755518614e-05, -0.0010317065753, -0.000690834480338, 0.0025495167356, 0.00464013777673, -0.0139028569683, 0.0279548987746]]
    },
    "melbands": {
        "max": [0.00784350186586, 0.0157197862864, 0.0056778867729, 0.00290500628762, 0.0057949302718, 0.00578531995416, 0.00476997438818, 0.0032434752211, 0.00383324571885, 0.00304149859585, 0.0036948188208, 0.00678073056042, 0.00318752322346, 0.00223843427375, 0.00194369594101, 0.00120593002066, 0.00107117823791, 0.00130498025101, 0.000597398146056, 0.000918527308386, 0.00111318868585, 0.000605203793384, 0.000394849543227, 0.000346323999111, 0.000685238919687, 0.000306795845972, 9.06287896214e-05, 0.000245280796662, 0.000150933818077, 6.58351927996e-05, 8.14774393803e-05, 6.37622651993e-05, 5.80265477765e-05, 7.93545987108e-05, 7.51164188841e-05, 6.56320189591e-05, 3.19949904224e-05, 2.39744185819e-05, 2.42907062784e-05, 2.46076378971e-05],
        "mean": [0.00212829373777, 0.00185239803977, 0.000861544860527, 0.000276416714769, 0.000294488854706, 0.000240467576077, 0.00036129183718, 0.000195307642571, 0.000233378013945, 0.000122668570839, 0.000204425552511, 0.00030495118699, 8.58579878695e-05, 7.11550092092e-05, 8.08629774838e-05, 4.35695183114e-05, 3.4720331314e-05, 7.55707369535e-05, 4.42026612291e-05, 5.43201131222e-05, 5.81871900067e-05, 3.89279448427e-05, 4.36660520791e-05, 4.96600187034e-05, 5.26948024344e-05, 3.08000417135e-05, 1.89812344615e-05, 1.63674740179e-05, 1.35517248054e-05, 8.25223924039e-06, 5.86176111028e-06, 4.64831327918e-06, 4.30992167821e-06, 3.79370067094e-06, 3.76213893105e-06, 2.93059770229e-06, 2.00594990929e-06, 1.56902729032e-06, 1.71529234194e-06, 1.51360848122e-06],
        "min": [1.04258901956e-06, 3.30390639647e-06, 6.36377581031e-06, 2.79458527075e-06, 4.5015658543e-06, 3.51564153789e-06, 2.82308042188e-06, 1.03936326923e-06, 2.98807572108e-06, 2.92524100587e-06, 3.34178230332e-06, 1.67733935541e-06, 1.33029027438e-06, 1.03248760297e-06, 7.45950842429e-07, 4.91544483339e-07, 4.83058499867e-07, 8.23566097097e-07, 8.64420883318e-07, 3.19372247759e-07, 1.72883304117e-07, 7.57556279041e-07, 1.98520933736e-06, 1.24512848743e-06, 1.47022319652e-06, 2.27331838687e-07, 2.87270353283e-07, 6.56293792645e-08, 2.30849650507e-07, 2.17391644242e-07, 6.34479278006e-08, 4.49600854324e-08, 4.80821178428e-08, 5.10345117277e-08, 4.62971208037e-08, 4.34371827396e-08, 2.57002472637e-08, 1.542414374e-08, 2.58623664706e-08, 2.01322869486e-08],
        "stdev": [0.0012896261178, 0.00137080892455, 0.000682668876834, 0.000304524670355, 0.000376751908334, 0.000337189383572, 0.000530316843651, 0.000278848427115, 0.000325132743455, 0.000207612101804, 0.000326474866597, 0.000657266005874, 0.000224932751735, 0.000109566324682, 0.000173354666913, 6.37993580312e-05, 6.21577710262e-05, 0.000148159699165, 5.86236310482e-05, 8.22017682367e-05, 8.28478368931e-05, 4.06999315601e-05, 3.47839777532e-05, 4.8439935199e-05, 5.6228844187e-05, 2.88069240924e-05, 1.30546550281e-05, 1.70198782143e-05, 1.52062211782e-05, 5.5558944041e-06, 5.76540014663e-06, 4.7919033932e-06, 4.99704174217e-06, 4.69875885756e-06, 4.49474873676e-06, 3.80909045816e-06, 2.58616933024e-06, 1.95510074263e-06, 1.74645754214e-06, 1.7847471554e-06]
    },
    "melbands128": {
        "max": [0.00199801987037, 0.00945141538978, 0.0121735790744, 0.0164290163666, 0.0209423564374, 0.0137121472508, 0.00839897245169, 0.00795693695545, 0.00443063909188, 0.00355104589835, 0.00596030987799, 0.00774462427944, 0.00801047123969, 0.00343150901608, 0.00799876824021, 0.00852329842746, 0.00827580038458, 0.0085525456816, 0.00521241687238, 0.00640013301745, 0.00611766381189, 0.00908175669611, 0.00639198347926, 0.00440736301243, 0.00655090808868, 0.00324817444198, 0.0031003865879, 0.00585093628615, 0.0104058394209, 0.0119911711663, 0.00808796472847, 0.00685305939987, 0.00497717084363, 0.00183161511086, 0.00165754882619, 0.00449882168323, 0.00272581004538, 0.00347095169127, 0.00215523620136, 0.00295213004574, 0.00183358625509, 0.00187480763998, 0.00233726180159, 0.00200980412774, 0.00371889350936, 0.00268733757548, 0.00311845354736, 0.000932449882384, 0.00119623122737, 0.000887979927938, 0.0019578402862, 0.00239007407799, 0.0023820924107, 0.00116541201714, 0.000860036176164, 0.000851555494592, 0.0010012218263, 0.00103838089854, 0.000469865364721, 0.000661453465, 0.000633310526609, 0.00082174531417, 0.00115191331133, 0.00158140144777, 0.00100977788679, 0.000360567180905, 0.000309563241899, 0.000211833350477, 0.000144999590702, 0.000338600715622, 0.000311925599817, 0.00063974695513, 0.000472464162158, 0.000310260074912, 0.000147972270497, 7.81840426498e-05, 7.36221627449e-05, 0.000123046920635, 0.000108566644485, 0.000128849525936, 0.000110140957986, 6.22095030849e-05, 7.64164942666e-05, 9.65299987001e-05, 6.6677115683e-05, 0.000121389392007, 7.61533592595e-05, 5.91596362938e-05, 0.000102506899566, 6.52446542517e-05, 0.000101105564681, 6.24209933449e-05, 3.27776797349e-05, 3.54135372618e-05, 3.53163522959e-05, 4.53659013147e-05, 3.65999512724e-05, 2.64886875811e-05, 2.4405617296e-05, 3.32516501658e-05, 2.06843433261e-05, 3.25939654431e-05, 3.31551709678e-05, 1.57448848768e-05, 1.78237150976e-05, 1.42674380186e-05, 1.34118354254e-05, 5.8762889239e-06, 6.54258474242e-06, 8.99736005522e-06, 9.15552664082e-06, 8.0973659351e-06, 4.95188032801e-06, 2.66930283033e-06, 2.42337637246e-06, 1.62946776072e-06, 2.32567867897e-06, 1.50568030222e-06, 1.4771989072e-06, 1.59478247497e-06, 1.25356291392e-06, 1.38602081279e-06, 1.01153796095e-06, 2.75576486075e-08, 4.02278654832e-09, 3.93137611354e-09, 3.87206844366e-09, 3.83810538906e-09],
        "mean": [0.000258785206825, 0.00174660724588, 0.00319310999475, 0.002386437729, 0.00157028855756, 0.00169522687793, 0.00130566442385, 0.000553546007723, 0.000245952687692, 0.00024495011894, 0.000295796169667, 0.000365071929991, 0.000322660955135, 0.000168569386005, 0.000187058656593, 0.000273249606835, 0.000437445210991, 0.000450273742899, 0.000169894265127, 0.000132443965413, 0.000214783169213, 0.000348584115272, 0.000223663053475, 0.00014239284792, 0.000139529700391, 9.2806192697e-05, 0.000134243528009, 0.000115502691187, 0.00034841382876, 0.000512639409862, 0.000193420855794, 9.70440960373e-05, 0.000100077246316, 5.1344770327e-05, 8.64264948177e-05, 7.43983764551e-05, 5.14047969773e-05, 9.52533664531e-05, 9.34093259275e-05, 5.04753443238e-05, 3.03018277918e-05, 3.48009816662e-05, 2.48213291343e-05, 2.91456217383e-05, 8.13866427052e-05, 8.60011350596e-05, 7.68043973949e-05, 3.15118049912e-05, 3.74691553588e-05, 4.59822040284e-05, 5.51052544324e-05, 5.89597730141e-05, 8.1768615928e-05, 4.81754796056e-05, 3.10014002025e-05, 3.54621297447e-05, 4.4146025175e-05, 5.59125401196e-05, 3.67605680367e-05, 3.51018315996e-05, 5.15204446856e-05, 5.81576714467e-05, 5.75235972065e-05, 5.08031153004e-05, 4.79660775454e-05, 2.92729928333e-05, 2.18791956286e-05, 1.89592356037e-05, 1.80731676664e-05, 1.93760242837e-05, 1.53814926307e-05, 1.60754079843e-05, 1.59018673003e-05, 1.38946388688e-05, 9.42409860727e-06, 8.68312054081e-06, 7.75649459683e-06, 6.30679778624e-06, 5.48188018001e-06, 5.80758114666e-06, 4.37898870587e-06, 4.41438578491e-06, 4.35963102063e-06, 4.26247879659e-06, 4.41777501692e-06, 4.02987234338e-06, 3.64598508895e-06, 3.10820632876e-06, 3.80575738745e-06, 4.22866060035e-06, 3.67130473933e-06, 2.38262009589e-06, 2.01760644813e-06, 2.12117470255e-06, 1.98591328626e-06, 1.46050308558e-06, 1.4802245687e-06, 1.64873927133e-06, 1.82972371476e-06, 1.67705854892e-06, 1.57962597314e-06, 1.46006743762e-06, 1.51464882947e-06, 1.15430236747e-06, 8.84605981355e-07, 8.2839977722e-07, 6.59708462081e-07, 5.75362150812e-07, 4.08520776318e-07, 3.23257069113e-07, 3.3046657677e-07, 3.10737732434e-07, 2.33768062685e-07, 1.71317182662e-07, 1.2957119111e-07, 9.60461505883e-08, 6.8007814491e-08, 3.82899010276e-08, 4.53810429235e-08, 2.84299979114e-08, 1.79103878395e-08, 1.38462121768e-08, 6.51428022636e-09, 1.46557335712e-10, 7.7186035341e-12, 7.52755410088e-12, 7.40754766554e-12, 7.35012745112e-12],
        "min": [1.30744313154e-08, 3.48374129544e-07, 3.68699545561e-07, 1.13687929115e-06, 7.03813498149e-07, 1.19633136819e-06, 3.7722156776e-06, 1.96441328626e-06, 9.02437022887e-07, 1.98957465614e-07, 5.5568807511e-07, 1.96443897948e-06, 8.36693857309e-07, 1.26536360767e-06, 6.22025709163e-07, 1.00603401165e-07, 4.04705076562e-07, 4.53461808547e-07, 8.054553291e-07, 2.93024271514e-07, 5.90970728354e-07, 8.73331146067e-07, 6.92883077136e-07, 4.68725147584e-07, 8.61308421918e-07, 8.72155112575e-07, 1.50132962062e-07, 6.83462303641e-07, 1.65790606843e-06, 1.26738643758e-06, 2.46766489909e-07, 4.83663995965e-07, 4.4291803647e-07, 4.89937917791e-07, 2.97264847404e-07, 6.6437814894e-07, 5.56234283522e-07, 6.07336005487e-07, 6.13012161921e-07, 4.03218024303e-07, 5.69556448227e-07, 2.82141513708e-07, 4.26289403777e-07, 4.22316531967e-07, 6.70533154334e-07, 4.23161736762e-07, 4.34417160022e-07, 7.86592011082e-07, 2.55735443488e-07, 3.33520318918e-07, 2.77103140434e-07, 1.27506510239e-07, 1.57732927164e-07, 1.92735782889e-07, 2.07278617381e-07, 1.62235409107e-07, 1.00113015833e-06, 1.37055690175e-06, 7.88123884377e-07, 8.41295786813e-07, 5.32289163857e-07, 6.13162967511e-07, 8.64524963617e-07, 1.13318458261e-06, 4.86391684262e-07, 7.19397661442e-08, 1.43109602391e-07, 2.40377517002e-07, 1.70887560103e-07, 9.48323020111e-08, 3.72587223296e-08, 5.80404879713e-08, 6.23417761858e-08, 2.40005419982e-07, 5.45187646139e-08, 1.15615755192e-07, 1.04685327074e-07, 1.23280273101e-07, 3.91043855075e-08, 7.92055310228e-09, 4.90892020366e-08, 3.58073108941e-08, 4.57994566716e-08, 3.75821400667e-08, 4.87877755972e-08, 3.61483465383e-08, 1.90196765004e-08, 1.23786678685e-08, 4.50174226785e-08, 3.44746666769e-08, 3.47096964504e-08, 2.14436415291e-08, 3.60483589645e-08, 9.82521441983e-09, 2.0817429558e-08, 1.24665486823e-08, 1.20584688901e-08, 1.91401419158e-08, 8.1307733879e-09, 2.61037715887e-08, 1.97805043456e-08, 1.79904944275e-08, 1.70907004104e-08, 1.34575968147e-08, 1.0079333812e-08, 5.35150901371e-09, 4.50732962065e-09, 4.85954743112e-09, 4.72121453043e-09, 1.8286137049e-09, 1.66532099222e-09, 6.23481322126e-10, 5.94246707397e-10, 7.1568284632e-10, 7.03109070965e-10, 3.37129796302e-10, 1.42090610111e-11, 2.49242141682e-13, 1.02572674475e-13, 1.03280279023e-13, 8.55841818855e-14, 7.57387045875e-14, 6.61342793138e-14, 7.27928324172e-14, 4.42910749851e-14, 1.68053335733e-14, 2.85957285378e-15, 1.82151205994e-16],
        "stdev": [0.000326877983753, 0.00148270721547, 0.002166794613, 0.00200350675732, 0.00162023957819, 0.00159292365424, 0.00117532373406, 0.000586370471865, 0.000338768877555, 0.000359061930794, 0.000485089578433, 0.000535678584129, 0.00053178233793, 0.000285130896373, 0.000378888827981, 0.000512676895596, 0.000782721384894, 0.000766030221712, 0.000347525754478, 0.000333355419571, 0.000426551880082, 0.000600103230681, 0.000422338576755, 0.000320952472975, 0.00039361094241, 0.000164302808116, 0.000230149758863, 0.000257527688518, 0.00084432476433, 0.00130574556533, 0.000554085418116, 0.000427842896897, 0.0003443674359, 0.000119407872262, 0.000139654497616, 0.00018145449576, 0.000125494188978, 0.000321488972986, 0.000199189249543, 0.00011320401245, 6.26755208941e-05, 6.38564379187e-05, 7.43243726902e-05, 8.84995388333e-05, 0.00025612427271, 0.000214687766857, 0.000225720621529, 5.45449183846e-05, 6.8754707172e-05, 6.83991675032e-05, 0.00013694295194, 0.000149512037751, 0.000166577330674, 8.39815766085e-05, 4.43543030997e-05, 5.61536289752e-05, 6.71579109621e-05, 6.91104942234e-05, 4.06351573474e-05, 4.67156314699e-05, 6.94849004503e-05, 8.31599609228e-05, 8.92925381777e-05, 7.36189176678e-05, 6.97830109857e-05, 3.42158418789e-05, 2.8776592444e-05, 2.09129848372e-05, 1.51873528011e-05, 2.06007280212e-05, 2.13012426684e-05, 3.13393611577e-05, 3.12012707582e-05, 1.97575918719e-05, 1.08589983938e-05, 7.15709484211e-06, 6.6416523623e-06, 6.33266063232e-06, 7.07733033778e-06, 6.87196825311e-06, 5.62132117921e-06, 4.91381933898e-06, 5.38962558494e-06, 5.88269449509e-06, 6.11045379628e-06, 6.16552688371e-06, 4.69170845463e-06, 4.11439941672e-06, 5.12899259775e-06, 5.35586332262e-06, 5.26524263478e-06, 3.56650821232e-06, 2.86130784843e-06, 2.79292999039e-06, 2.94492747344e-06, 2.43652834797e-06, 1.92412403521e-06, 2.05784249374e-06, 1.95138295567e-06, 1.87705063581e-06, 1.92842776414e-06, 2.11975202546e-06, 1.96798418983e-06, 1.29393606585e-06, 1.11219901555e-06, 1.14015119834e-06, 8.46101386287e-07, 6.16723070834e-07, 5.42053328445e-07, 4.75714301729e-07, 5.20639673596e-07, 4.87108025027e-07, 3.37452064514e-07, 2.37349951249e-07, 1.81205294325e-07, 1.49806595573e-07, 1.55044602934e-07, 1.07082918532e-07, 1.15328731454e-07, 8.68419647304e-08, 6.72679689728e-08, 6.57906724655e-08, 4.03302493623e-08, 1.23232712923e-09, 1.24093665899e-10, 1.21329155056e-10, 1.19521045838e-10, 1.18476131683e-10]
    },
    "mfcc": {
        "mean": [-582.32611084, 95.2659759521, -5.38116359711, 30.5305747986, 8.73289012909, 1.04508280754, 6.69567203522, 11.9065494537, 5.72971391678, 5.87411022186, 2.26707363129, 1.23544728756, 2.62846851349],
        "cov": [[430.026153564, -129.101608276, 27.2283210754, 13.8089485168, -29.4910297394, -40.028465271, -18.1421661377, -31.8117752075, -62.0220375061, 14.0094509125, 29.4966220856, -14.051823616, 18.7164039612], [-129.101608276, 332.553100586, -115.331336975, -23.2346858978, -49.6804924011, -45.7663421631, 25.6038913727, 12.201166153, 25.6088905334, 13.4739151001, 9.8192949295, -4.22336244583, -2.96293282509], [27.2283210754, -115.331336975, 272.497924805, 39.9656639099, 50.3419265747, 25.5887393951, -37.4164848328, -10.0457468033, -0.461950153112, -39.9866714478, -10.239824295, 31.6448955536, 10.9402322769], [13.8089485168, -23.2346858978, 39.9656639099, 162.105255127, 71.6380233765, -14.7228717804, -40.7581138611, -12.561835289, 21.86186409, -8.52941226959, -18.6894645691, 24.2238197327, 14.3477249146], [-29.4910297394, -49.6804924011, 50.3419265747, 71.6380233765, 132.061187744, 29.8180274963, -19.3755893707, -6.96005535126, 20.2608089447, -11.4192142487, -18.0236778259, 15.7283496857, -0.619980216026], [-40.028465271, -45.7663421631, 25.5887393951, -14.7228717804, 29.8180274963, 147.718338013, 59.4107627869, 23.7910461426, 10.3361120224, 2.2147963047, -1.69054591656, -11.8532400131, -22.9848537445], [-18.1421661377, 25.6038913727, -37.4164848328, -40.7581138611, -19.3755893707, 59.4107627869, 132.739517212, 50.9329681396, 6.90877056122, 18.5258998871, 9.52226924896, -24.998884201, -17.9490871429], [-31.8117752075, 12.201166153, -10.0457468033, -12.561835289, -6.96005535126, 23.7910461426, 50.9329681396, 75.9748153687, 35.4187049866, 9.62452030182, 2.95447278023, -10.5339946747, -9.23275089264], [-62.0220375061, 25.6088905334, -0.461950153112, 21.86186409, 20.2608089447, 10.3361120224, 6.90877056122, 35.4187049866, 89.226852417, 20.1175308228, -10.8903207779, 10.8232774734, -2.22454810143], [14.0094509125, 13.4739151001, -39.9866714478, -8.52941226959, -11.4192142487, 2.2147963047, 18.5258998871, 9.62452030182, 20.1175308228, 62.4866294861, 25.9936218262, -4.8502779007, -2.48829102516], [29.4966220856, 9.8192949295, -10.239824295, -18.6894645691, -18.0236778259, -1.69054591656, 9.52226924896, 2.95447278023, -10.8903207779, 25.9936218262, 61.7904548645, 9.08669662476, 1.083345294], [-14.051823616, -4.22336244583, 31.6448955536, 24.2238197327, 15.7283496857, -11.8532400131, -24.998884201, -10.5339946747, 10.8232774734, -4.8502779007, 9.08669662476, 67.6331329346, 29.6944217682], [18.7164039612, -2.96293282509, 10.9402322769, 14.3477249146, -0.619980216026, -22.9848537445, -17.9490871429, -9.23275089264, -2.22454810143, -2.48829102516, 1.083345294, 29.6944217682, 49.4372825623]],
        "icov": [[0.00345879257657, 0.00146889360622, -0.00023056579812, -0.000957838026807, 0.000959061901085, 0.00103347876575, -0.000450865220046, 0.000637764111161, 0.00149080448318, -0.00102813728154, -0.00138589704875, 0.00163121591322, -0.00137856637593], [0.00146889360622, 0.00465236604214, 0.00139150465839, -0.000444401608547, 0.00133225717582, 0.00173727318179, -0.00137147773057, 0.00113967165817, -0.00150922324974, 0.00104310316965, -0.00150298280641, 0.000330178649165, -9.77101663011e-05], [-0.00023056579812, 0.00139150465839, 0.00525561068207, -0.000288159702905, -0.000585565750953, -0.000875214580446, 0.000830285134725, -0.000183586977073, -0.000911631097551, 0.00336888921447, -0.000992290559225, -0.00154476671014, 2.23316837946e-05], [-0.000957838026807, -0.000444401608547, -0.000288159702905, 0.00947572197765, -0.00481483386829, 0.000956885050982, 0.00126920395996, -2.32287516155e-06, -0.00153716257773, -0.000281288550468, 0.0018404845614, -0.00140683725476, -0.00078405754175], [0.000959061901085, 0.00133225717582, -0.000585565750953, -0.00481483386829, 0.0123307947069, -0.00239125429653, 0.000432339933468, 0.00157456367742, -0.00162841856945, 0.000630133319646, 0.000730785715859, -0.000939372577704, 0.00124426558614], [0.00103347876575, 0.00173727318179, -0.000875214580446, 0.000956885050982, -0.00239125429653, 0.0107528492808, -0.00513392034918, 0.000667558575515, -0.000564905814826, 3.05366811517e-05, -0.000419731863076, -8.53012752486e-05, 0.00289542041719], [-0.000450865220046, -0.00137147773057, 0.000830285134725, 0.00126920395996, 0.000432339933468, -0.00513392034918, 0.0144506525248, -0.00867736525834, 0.00318274507299, -0.00281326938421, 0.00070638989564, 0.00111960258801, 9.45783103816e-05], [0.000637764111161, 0.00113967165817, -0.000183586977073, -2.32287516155e-06, 0.00157456367742, 0.000667558575515, -0.00867736525834, 0.0241993386298, -0.0111319944263, 0.0041247732006, -0.00406736694276, 0.00356958457269, -0.000781047507189], [0.00149080448318, -0.00150922324974, -0.000911631097551, -0.00153716257773, -0.00162841856945, -0.000564905814826, 0.00318274507299, -0.0111319944263, 0.0217134188861, -0.0107719711959, 0.00756801338866, -0.00534376129508, 0.00226526358165], [-0.00102813728154, 0.00104310316965, 0.00336888921447, -0.000281288550468, 0.000630133319646, 3.05366811517e-05, -0.00281326938421, 0.0041247732006, -0.0107719711959, 0.0274710431695, -0.0127911763266, 0.00397425191477, -0.00164996203966], [-0.00138589704875, -0.00150298280641, -0.000992290559225, 0.0018404845614, 0.000730785715859, -0.000419731863076, 0.00070638989564, -0.00406736694276, 0.00756801338866, -0.0127911763266, 0.0256414134055, -0.00833417847753, 0.00357167469338], [0.00163121591322, 0.000330178649165, -0.00154476671014, -0.00140683725476, -0.000939372577704, -8.53012752486e-05, 0.00111960258801, 0.00356958457269, -0.00534376129508, 0.00397425191477, -0.00833417847753, 0.0261137187481, -0.0143688842654], [-0.00137856637593, -9.77101663011e-05, 2.23316837946e-05, -0.00078405754175, 0.00124426558614, 0.00289542041719, 9.45783103816e-05, -0.000781047507189, 0.00226526358165, -0.00164996203966, 0.00357167469338, -0.0143688842654, 0.0307878162712]]
    },
    "spectral_contrast_coeffs": {
        "max": [-0.53726285696, -0.535354435444, -0.50906932354, -0.609456181526, -0.618786334991, -0.642266094685],
        "mean": [-0.752063751221, -0.755180299282, -0.756178677082, -0.784346699715, -0.775041282177, -0.768566071987],
        "min": [-0.880719482899, -0.943047523499, -0.915071487427, -0.927418708801, -0.855783700943, -0.84482896328],
        "stdev": [0.0517314597964, 0.0654619410634, 0.0675873309374, 0.046363927424, 0.0376499928534, 0.0235431417823]
    },
    "spectral_contrast_valleys": {
        "max": [-5.18491506577, -5.02597904205, -5.71075153351, -6.01144742966, -5.80347824097, -7.95072603226],
        "mean": [-6.30082130432, -6.5042142868, -6.96881580353, -7.00719642639, -6.67217111588, -9.30456352234],
        "min": [-8.59790420532, -8.12732219696, -8.2974023819, -8.2834072113, -8.55604457855, -11.2373094559],
        "stdev": [0.412871718407, 0.43097576499, 0.334576874971, 0.283837199211, 0.315318703651, 0.444485008717]
    }
},
"rhythm": {
    "beats_count": 86,
    "beats_loudness": {
        "max": 0.0533184111118,
        "mean": 0.0290997773409,
        "min": 0.00561584997922,
        "stdev": 0.00848568230867
    },
    "bpm": 106.078689575,
    "bpm_histogram_first_peak_bpm": 105,
    "bpm_histogram_first_peak_weight": 0.301204800606,
    "bpm_histogram_second_peak_bpm": 112,
    "bpm_histogram_second_peak_spread": 0.5,
    "bpm_histogram_second_peak_weight": 0.0117647061124,
    "danceability": 1.04098272324,
    "onset_rate": 2.8916015625,
    "beats_loudness_band_ratio": {
        "max": [0.753551721573, 0.453617960215, 0.431038737297, 0.70352268219, 0.411960780621, 0.321279287338],
        "mean": [0.391641229391, 0.0959808453918, 0.15057900548, 0.140417665243, 0.146733820438, 0.0996552631259],
        "min": [0.00660315621644, 0.00833357777447, 0.00961586553603, 0.0185422301292, 0.038944054395, 0.015672435984],
        "stdev": [0.176018595695, 0.0761977806687, 0.107610054314, 0.142944514751, 0.0765286460519, 0.0538489706814]
    },
