{
"metadata": {
    "version": {
        "essentia": "2.1-beta5",
        "essentia_git_sha": "Undefined",
        "extractor": "music 2.0"
    },
    "audio_properties": {
        "analysis": {
            "equal_loudness": 0,
            "length": 32.4963264465,
            "sample_rate": 44100,
            "start_time": 61.4980506897,
            "downmix": "mix"
        },
        "bit_rate": 192000,
        "length": 185.330078125,
        "lossless": 0,
        "number_channels": 2,
        "replay_gain": -8.48022842407,
        "sample_rate": 48000,
        "codec": "mp3",
        "md5_encoded": "222055f2b6440939fa8013d51406ecd0"
    },
    "tags": {
        "file_name": "Norway_Ven A Bailar Conmigo_Guri Schanke.mp3",
        "encoding": ["Lavf58.29.100"]
    }
},
"lowlevel": {
    "average_loudness": 0.960573911667,
    "barkbands_crest": {
        "max": 24.4230213165,
        "mean": 10.0196905136,
        "min": 3.13547706604,
        "stdev": 4.08720159531
    },
    "barkbands_flatness_db": {
        "max": 0.26262190938,
        "mean": 0.102768562734,
        "min": 0.0226512216032,
        "stdev": 0.0400981418788
    },
    "barkbands_kurtosis": {
        "max": 40.357334137,
        "mean": 2.58501815796,
        "min": -1.91017091274,
        "stdev": 4.27777862549
    },
    "barkbands_skewness": {
        "max": 6.03567790985,
        "mean": 1.43818092346,
        "min": -1.53733694553,
        "stdev": 0.99976837635
    },
    "barkbands_spread": {
        "max": 105.048736572,
        "mean": 34.8962631226,
        "min": 4.13367843628,
        "stdev": 19.4681816101
    },
    "dissonance": {
        "max": 0.500000059605,
        "mean": 0.466014951468,
        "min": 0.323570251465,
        "stdev": 0.0274704024196
    },
    "dynamic_complexity": 2.24012041092,
    "erbbands_crest": {
        "max": 29.3667449951,
        "mean": 9.25236988068,
        "min": 2.5440299511,
        "stdev": 5.12415361404
    },
    "erbbands_flatness_db": {
        "max": 0.311966150999,
        "mean": 0.122386455536,
        "min": 0.0455105789006,
        "stdev": 0.046399731189
    },
    "erbbands_kurtosis": {
        "max": 27.5303897858,
        "mean": 0.142876565456,
        "min": -1.77132475376,
        "stdev": 2.06392216682
    },
    "erbbands_skewness": {
        "max": 4.21051979065,
        "mean": 0.164415866137,
        "min": -3.38011813164,
        "stdev": 0.925235927105
    },
    "erbbands_spread": {
        "max": 120.643348694,
        "mean": 55.3414421082,
        "min": 5.73544597626,
        "stdev": 24.7506790161
    },
    "hfc": {
        "max": 127.445716858,
        "mean": 30.7416801453,
        "min": 1.00389885902,
        "stdev": 21.0689849854
    },
    "loudness_ebu128": {
        "integrated": -14.9950475693,
        "loudness_range": 2.04273319244,
        "momentary": {
            "max": -12.3556175232,
            "mean": -15.2605075836,
            "min": -23.9204959869,
            "stdev": 1.65531396866
        },
        "short_term": {
            "max": -13.733798027,
            "mean": -15.1326494217,
            "min": -16.9264812469,
            "stdev": 0.673461914062
        }
    },
    "melbands_crest": {
        "max": 30.0180778503,
        "mean": 14.0335140228,
        "min": 3.96604514122,
        "stdev": 4.57781171799
    },
    "melbands_flatness_db": {
        "max": 0.30877289176,
        "mean": 0.168079808354,
        "min": 0.0335605219007,
        "stdev": 0.0453651100397
    },
    "melbands_kurtosis": {
        "max": 121.918228149,
        "mean": 15.5605688095,
        "min": -1.52757894993,
        "stdev": 16.6659545898
    },
    "melbands_skewness": {
        "max": 9.50130748749,
        "mean": 3.04005265236,
        "min": -0.689724743366,
        "stdev": 1.74315869808
    },
    "melbands_spread": {
        "max": 192.619277954,
        "mean": 30.3254756927,
        "min": 2.95127511024,
        "stdev": 22.5919208527
    },
    "pitch_salience": {
        "max": 0.854108154774,
        "mean": 0.56367790699,
        "min": 0.2394528687,
        "stdev": 0.105957619846
    },
    "silence_rate_20dB": {
        "max": 1,
        "mean": 1,
        "min": 1,
        "stdev": 0
    },
    "silence_rate_30dB": {
        "max": 1,
        "mean": 1,
        "min": 1,
        "stdev": 0
    },
    "silence_rate_60dB": {
        "max": 1,
        "mean": 0.00999286212027,
        "min": 0,
        "stdev": 0.0994648709893
    },
    "spectral_centroid": {
        "max": 4534.40136719,
        "mean": 1754.84765625,
        "min": 392.160675049,
        "stdev": 679.456237793
    },
    "spectral_complexity": {
        "max": 49,
        "mean": 18.9564590454,
        "min": 1,
        "stdev": 9.34921455383
    },
    "spectral_decrease": {
        "max": -2.22349166856e-10,
        "mean": -6.54214549201e-09,
        "min": -2.48373659417e-08,
        "stdev": 3.89099508169e-09
    },
    "spectral_energy": {
        "max": 0.0968838557601,
        "mean": 0.0274798981845,
        "min": 0.00103082845453,
        "stdev": 0.015729509294
    },
    "spectral_energyband_high": {
        "max": 0.016720270738,
        "mean": 0.00214235065505,
        "min": 1.43540328281e-05,
        "stdev": 0.00221058144234
    },
    "spectral_energyband_low": {
        "max": 0.0723994895816,
        "mean": 0.00787163712084,
        "min": 2.41640759668e-06,
        "stdev": 0.00906725227833
    },
    "spectral_energyband_middle_high": {
        "max": 0.069180123508,
        "mean": 0.0057947319001,
        "min": 7.81791823101e-05,
        "stdev": 0.0077098836191
    },
    "spectral_energyband_middle_low": {
        "max": 0.0608907677233,
        "mean": 0.0130543885753,
        "min": 8.03125076345e-05,
        "stdev": 0.0101630985737
    },
    "spectral_entropy": {
        "max": 8.84143257141,
        "mean": 7.83924150467,
        "min": 6.56141757965,
        "stdev": 0.3891723454
    },
    "spectral_flux": {
        "max": 0.242340996861,
        "mean": 0.0955030098557,
        "min": 0.0192700102925,
        "stdev": 0.0430755466223
    },
    "spectral_kurtosis": {
        "max": 10.9258060455,
        "mean": 2.67083454132,
        "min": -0.932563066483,
        "stdev": 1.48226988316
    },
    "spectral_rms": {
        "max": 0.00972218252718,
        "mean": 0.00495642609894,
        "min": 0.00100283906795,
        "stdev": 0.00149784400128
    },
    "spectral_rolloff": {
        "max": 10529.7363281,
        "mean": 2195.48046875,
        "min": 129.19921875,
        "stdev": 2066.32910156
    },
    "spectral_skewness": {
        "max": 2.47956347466,
        "mean": 1.24884915352,
        "min": -0.00881358329207,
        "stdev": 0.324244499207
    },
    "spectral_spread": {
        "max": 16049899,
        "mean": 6096822,
        "min": 2708046,
        "stdev": 1520550.625
    },
    "spectral_strongpeak": {
        "max": 8.84633827209,
        "mean": 1.19715797901,
        "min": 0.0192484632134,
        "stdev": 1.43221485615
    },
    "zerocrossingrate": {
        "max": 0.2880859375,
        "mean": 0.0927804112434,
        "min": 0.02197265625,
        "stdev": 0.0430072769523
    },
    "barkbands": {
        "max": [0.00143988546915, 0.0517984032631, 0.0540135018528, 0.0242958217859, 0.047325566411, 0.0284262336791, 0.02962911129, 0.0409984104335, 0.0532741285861, 0.0652546286583, 0.029489506036, 0.0258712191135, 0.0116358874366, 0.00746638327837, 0.0136816184968, 0.00877980981022, 0.00705348839983, 0.00514356512576, 0.00640106992796, 0.00655774911866, 0.00508399773389, 0.00753820315003, 0.00638443976641, 0.00418533943594, 0.00303146149963, 0.00141285476275, 0.000359253725037],
        "mean": [0.000188035948668, 0.00365528184921, 0.00304897176102, 0.00155540881678, 0.00445626769215, 0.00168248417322, 0.00163934577722, 0.00127082096878, 0.00167753081769, 0.00135388667695, 0.00125155434944, 0.000528455304448, 0.00056180707179, 0.000307460257318, 0.000276247388683, 0.00035104478593, 0.000297641992802, 0.000505703617819, 0.000497316184919, 0.000689104082994, 0.000312227435643, 0.000281753164018, 0.000310715666274, 0.00038023700472, 0.000226857868256, 0.000139996103826, 3.37883611792e-05],
        "min": [6.26079099675e-09, 3.17210520961e-07, 8.30611213587e-07, 2.21930946509e-07, 2.27609098147e-06, 6.38182427792e-06, 1.77135143531e-06, 2.73524119621e-06, 5.17159378433e-07, 1.25544590901e-06, 4.69938441938e-07, 1.10437292733e-06, 3.12352267429e-06, 1.15674515655e-06, 2.57581223195e-06, 1.83330894288e-06, 2.24213363254e-06, 4.06561093769e-06, 3.36549760505e-06, 8.05080344435e-06, 1.85398096164e-06, 6.45313491532e-07, 1.00947170267e-06, 5.27090890046e-07, 2.90438521233e-07, 1.31369731093e-07, 5.58306378906e-09],
        "stdev": [0.000272744655376, 0.00459026359022, 0.00587389012799, 0.00237310165539, 0.00564834102988, 0.00263968133368, 0.00366309261881, 0.00361858843826, 0.00448058871552, 0.00460465298966, 0.00365484203212, 0.00159712485038, 0.00132111902349, 0.000778063840698, 0.000783922849223, 0.00071178242797, 0.000481746421428, 0.000681512115989, 0.000601511681452, 0.000735346635338, 0.00036150435335, 0.000541763613001, 0.000614894437604, 0.000558073981665, 0.00032185879536, 0.000188973630429, 5.72448188905e-05]
    },
    "erbbands": {
        "max": [0.84953057766, 13.993727684, 45.9586639404, 72.7932434082, 71.1803665161, 207.222320557, 233.199768066, 322.44821167, 430.21307373, 697.024841309, 965.540100098, 1653.52429199, 2239.53979492, 1445.09997559, 1232.82421875, 1330.19335938, 543.027404785, 445.401977539, 335.198852539, 1062.99304199, 380.298339844, 290.866363525, 249.292236328, 389.166137695, 149.0131073, 390.884338379, 193.925262451, 260.118255615, 230.176879883, 300.768676758, 210.251037598, 121.145088196, 79.7532806396, 35.1802902222, 23.4556369781, 7.11745882034, 3.04845261574, 0.586324214935, 0.0775974467397, 0.00257833465002],
        "mean": [0.119677826762, 0.785814285278, 2.9435441494, 5.22305440903, 6.63779783249, 19.2118930817, 16.7417640686, 13.2750062943, 16.6009254456, 34.0404129028, 27.6792087555, 37.4218521118, 51.7690811157, 35.0435142517, 46.9920921326, 26.380821228, 26.1946716309, 18.4062366486, 11.6571111679, 19.1083240509, 19.4313869476, 16.7595062256, 23.8774108887, 33.4978942871, 19.947183609, 34.334274292, 18.6975021362, 10.9667749405, 9.30693531036, 9.90635967255, 9.3967294693, 8.59622192383, 5.60137701035, 2.8835310936, 1.46927046776, 0.636414468288, 0.263054043055, 0.0591802932322, 0.0059711439535, 0.000176582267159],
        "min": [1.7243442926e-05, 4.82900541101e-05, 0.000963323633187, 0.00104742951225, 0.00247684097849, 0.0182307045907, 0.0370860658586, 0.0699603036046, 0.0839843153954, 0.0948751270771, 0.137592867017, 0.17858786881, 0.104934222996, 0.0715588107705, 0.0446725003421, 0.066760763526, 0.136925533414, 0.0666740387678, 0.0833540037274, 0.143888115883, 0.24621745944, 0.153870686889, 0.208033800125, 0.302169799805, 0.158807218075, 0.416945457458, 0.0995735377073, 0.0410770513117, 0.0259400419891, 0.0109662869945, 0.0338256843388, 0.0154029810801, 0.00758708175272, 0.00397375877947, 0.00148147949949, 0.000577339145821, 0.000279157364275, 4.71973726235e-05, 2.74875969808e-06, 2.12097233998e-06],
        "stdev": [0.156276658177, 1.04395365715, 5.14967536926, 8.74423503876, 7.6100487709, 27.3024692535, 28.9642658234, 20.5803546906, 36.8469200134, 77.5730895996, 81.4164199829, 101.102462769, 158.583648682, 114.794448853, 136.192840576, 75.0929336548, 58.4997901917, 42.5031166077, 23.3413581848, 60.4336585999, 37.209690094, 23.9513378143, 31.2173290253, 42.9614295959, 19.2906570435, 38.1133956909, 20.6858215332, 14.7914733887, 17.3150081635, 19.8445663452, 18.2400741577, 14.0353574753, 8.00064659119, 3.99671387672, 2.26229691505, 0.813017845154, 0.395433276892, 0.0918685272336, 0.0100871119648, 0.000273906392977]
    },
    "gfcc": {
        "mean": [40.8156929016, 50.7630882263, -91.5459747314, 40.100692749, -59.4619255066, 9.85614395142, -37.5471000671, 14.7469806671, -32.0057029724, 2.82701039314, -12.6667823792, 0.0978889986873, -13.3331356049],
        "cov": [[1912.88244629, -444.818603516, 159.988006592, -191.141357422, 141.704483032, 77.1121368408, 162.660644531, -42.3067436218, 1.84053814411, 31.7584819794, -113.259941101, 82.2990493774, -44.7287597656], [-444.818603516, 669.810119629, -226.393127441, -140.160980225, -22.4215602875, -59.7424926758, 77.7428665161, 94.9412384033, -30.6892662048, -6.39778757095, 68.1422195435, -92.7291870117, 21.0550117493], [159.988006592, -226.393127441, 728.150512695, 278.835571289, 63.7516975403, 15.5630178452, -146.607284546, -117.532150269, 38.41198349, 10.1921424866, -104.872711182, 72.3826751709, -59.0693511963], [-191.141357422, -140.160980225, 278.835571289, 507.861572266, 35.1306152344, -27.4885845184, -211.622817993, -39.7587547302, 89.6132202148, 1.52816104889, -47.8611946106, 36.5644226074, 21.6369514465], [141.704483032, -22.4215602875, 63.7516975403, 35.1306152344, 199.153030396, 25.4839305878, 22.0827922821, -3.26835370064, 17.0662326813, 17.2501392365, -34.4903564453, 24.5872592926, -1.69385492802], [77.1121368408, -59.7424926758, 15.5630178452, -27.4885845184, 25.4839305878, 292.869934082, 165.661895752, -13.1258468628, -46.198589325, 5.72546482086, 9.19593906403, 12.7822208405, -8.60952472687], [162.660644531, 77.7428665161, -146.607284546, -211.622817993, 22.0827922821, 165.661895752, 318.952178955, 54.1441612244, -69.3388595581, 13.4662389755, 39.6378364563, -14.6824932098, -15.3502092361], [-42.3067436218, 94.9412384033, -117.532150269, -39.7587547302, -3.26835370064, -13.1258468628, 54.1441612244, 127.487266541, 34.5922279358, 1.44139504433, 26.601606369, -21.9384994507, 24.1781425476], [1.84053814411, -30.6892662048, 38.41198349, 89.6132202148, 17.0662326813, -46.198589325, -69.3388595581, 34.5922279358, 122.743148804, 32.9336357117, -14.0891017914, 0.0107396747917, 8.89308261871], [31.7584819794, -6.39778757095, 10.1921424866, 1.52816104889, 17.2501392365, 5.72546482086, 13.4662389755, 1.44139504433, 32.9336357117, 77.9352874756, 21.7700061798, 11.800069809, -5.89545059204], [-113.259941101, 68.1422195435, -104.872711182, -47.8611946106, -34.4903564453, 9.19593906403, 39.6378364563, 26.601606369, -14.0891017914, 21.7700061798, 91.2087554932, 0.559831500053, 10.0817890167], [82.2990493774, -92.7291870117, 72.3826751709, 36.5644226074, 24.5872592926, 12.7822208405, -14.6824932098, -21.9384994507, 0.0107396747917, 11.800069809, 0.559831500053, 84.2112808228, 13.6598558426], [-44.7287597656, 21.0550117493, -59.0693511963, 21.6369514465, -1.69385492802, -8.60952472687, -15.3502092361, 24.1781425476, 8.89308261871, -5.89545059204, 10.0817890167, 13.6598558426, 71.5655670166]],
        "icov": [[0.000839507672936, 0.000550081662368, -0.000115950671898, 0.000474085769383, -0.000318004662404, 0.000247401912929, -0.000559931213502, -2.02831688512e-05, -0.000182545831194, -0.000265369773842, 0.000891340896487, -0.000332623283612, -2.844717892e-05], [0.000550081662368, 0.00257548945956, -0.000130057043862, 0.000460215611383, -0.000616834906396, 0.000777871347964, -0.00054120720597, -0.000962629215792, 0.000750808452722, -0.000321618979797, -0.000676742114592, 0.00210629520006, -0.000798782566562], [-0.000115950671898, -0.000130057043862, 0.00265053496696, -0.00109637936112, 3.97242183681e-05, -0.000359986093827, 0.0004382643383, 0.000790116202552, -4.90445108881e-06, -0.000441846379545, 0.00191608117893, -0.00183293328155, 0.00231382786296], [0.000474085769383, 0.000460215611383, -0.00109637936112, 0.00399518338963, -0.000657546974253, -0.000946077867411, 0.00194333144464, -0.000185788405361, -0.00158165441826, 0.0003601067001, -4.10301472584e-05, 5.09047167725e-05, -0.00137943448499], [-0.000318004662404, -0.000616834906396, 3.97242183681e-05, -0.000657546974253, 0.00630369316787, -0.000196337656234, -0.000876164238434, -0.000140778734931, -0.000358985882485, -0.00149761280045, 0.0028966658283, -0.00194003467914, 8.29917116789e-05], [0.000247401912929, 0.000777871347964, -0.000359986093827, -0.000946077867411, -0.000196337656234, 0.00605634320527, -0.00443517835811, 0.00154812331311, 0.000330249109538, 0.000211523467442, -0.000299160776194, 0.000214552972466, -0.000858130515553], [-0.000559931213502, -0.00054120720597, 0.0004382643383, 0.00194333144464, -0.000876164238434, -0.00443517835811, 0.00915371440351, -0.00429167319089, 0.00351686682552, -0.00210662255995, -0.000540696899407, 0.000130581087433, 0.00188316497952], [-2.02831688512e-05, -0.000962629215792, 0.000790116202552, -0.000185788405361, -0.000140778734931, 0.00154812331311, -0.00429167319089, 0.0145675716922, -0.0073267207481, 0.00363386189565, -0.00272701121867, 0.00126395979896, -0.00332763744518], [-0.000182545831194, 0.000750808452722, -4.90445108881e-06, -0.00158165441826, -0.000358985882485, 0.000330249109538, 0.00351686682552, -0.0073267207481, 0.0163466371596, -0.0083397263661, 0.00333259138279, 0.00161518796813, -9.60609395406e-05], [-0.000265369773842, -0.000321618979797, -0.000441846379545, 0.0003601067001, -0.00149761280045, 0.000211523467442, -0.00210662255995, 0.00363386189565, -0.0083397263661, 0.0195535309613, -0.00728263007477, -0.00186851783656, 0.00179536722135], [0.000891340896487, -0.000676742114592, 0.00191608117893, -4.10301472584e-05, 0.0028966658283, -0.000299160776194, -0.000540696899407, -0.00272701121867, 0.00333259138279, -0.00728263007477, 0.0191651266068, -0.00399623764679, 0.000236843581661], [-0.000332623283612, 0.00210629520006, -0.00183293328155, 5.09047167725e-05, -0.00194003467914, 0.000214552972466, 0.000130581087433, 0.00126395979896, 0.00161518796813, -0.00186851783656, -0.00399623764679, 0.0182274598628, -0.0060457456857], [-2.844717892e-05, -0.000798782566562, 0.00231382786296, -0.00137943448499, 8.29917116789e-05, -0.000858130515553, 0.00188316497952, -0.00332763744518, -9.60609395406e-05, 0.00179536722135, 0.000236843581661, -0.0060457456857, 0.0192246027291]]
    },
    "melbands": {
        "max": [0.0107045490295, 0.0169956479222, 0.0117246089503, 0.00904864352196, 0.0103282453492, 0.00645864242688, 0.00663234991953, 0.00735853565857, 0.0072432346642, 0.0104094063863, 0.011571709998, 0.00612766854465, 0.00447766203433, 0.00307747162879, 0.00196074158885, 0.00124925875571, 0.000940451223869, 0.000661006488372, 0.000949030276388, 0.00100881431717, 0.000447016063845, 0.000429998821346, 0.000261394947302, 0.000320096529322, 0.000382614904083, 0.000165741163073, 0.000115908034786, 0.000322060484905, 0.00017680109886, 6.82294848957e-05, 0.000213232357055, 0.000133130874019, 0.000174445231096, 0.000145730664372, 9.68828098848e-05, 0.000151956410264, 8.16278334241e-05, 6.03400840191e-05, 4.47492566309e-05, 3.78840013582e-05],
        "mean": [0.001029107254, 0.00136910122819, 0.000901505933143, 0.000904469867237, 0.000694346032105, 0.000296212354442, 0.000280883366941, 0.000354413525201, 0.000225960655371, 0.000241604197072, 0.000252805155469, 0.000129897962324, 0.000171021660208, 6.97045761626e-05, 7.22929544281e-05, 4.56841626146e-05, 3.31695191562e-05, 1.78270038305e-05, 2.09914796869e-05, 2.61568711721e-05, 2.2139531211e-05, 1.70379280462e-05, 1.68306614796e-05, 2.66783008556e-05, 2.80645108433e-05, 1.51669701154e-05, 1.45335470734e-05, 2.58047239186e-05, 1.41563295983e-05, 6.11489849689e-06, 6.36589766145e-06, 4.95010726809e-06, 5.88986631556e-06, 5.06578635395e-06, 5.12651649842e-06, 5.30550460098e-06, 5.53128211322e-06, 3.96441237172e-06, 3.27815314449e-06, 2.2013398393e-06],
        "min": [1.40100127055e-07, 3.5325973613e-07, 1.82293064199e-07, 3.1834076708e-07, 1.3676352637e-06, 1.52168513523e-06, 8.00928830813e-07, 3.31225095351e-07, 7.90073954704e-07, 1.46002633983e-07, 2.96940839917e-07, 1.7522468454e-07, 8.72012648756e-08, 1.2007916439e-07, 1.68863479644e-07, 1.49177267872e-07, 9.76838236966e-08, 1.06273986944e-07, 1.62569392614e-07, 1.777715255e-07, 3.17653331194e-07, 1.61952513622e-07, 1.17101258468e-07, 1.83074092774e-07, 2.04627554012e-07, 5.36837063692e-08, 2.35849995533e-07, 2.78681483223e-07, 6.04648846547e-08, 4.15376888441e-08, 1.48925236587e-08, 9.64406066117e-09, 8.02713362447e-09, 4.60189131246e-09, 1.51212518062e-08, 1.37375204545e-08, 7.81392817117e-09, 5.55757484477e-09, 4.29181579165e-09, 3.14359649423e-09],
        "stdev": [0.0012974573765, 0.00199965643696, 0.00131526857149, 0.00108684622683, 0.00107003154699, 0.00044868569239, 0.000616099976469, 0.000803436036222, 0.000679509015754, 0.000660992576741, 0.000801268324722, 0.000479593058117, 0.000500877446029, 0.000208816098166, 0.000171352818143, 0.000110543274786, 8.69308278197e-05, 4.32204142271e-05, 5.72276076127e-05, 6.82814716129e-05, 4.50538464065e-05, 2.76570644928e-05, 2.27700656978e-05, 3.86296815122e-05, 3.8468366256e-05, 1.7528394892e-05, 1.4660470697e-05, 3.09177412419e-05, 1.72174404725e-05, 7.14429006621e-06, 1.03105876406e-05, 9.69120810623e-06, 1.22427545648e-05, 1.05297485788e-05, 1.00752267826e-05, 1.05612652987e-05, 9.02852934814e-06, 5.96611971559e-06, 4.47663524028e-06, 3.36220659847e-06]
    },
    "melbands128": {
        "max": [0.00137864344288, 0.00663929246366, 0.0148004088551, 0.0273239016533, 0.0189420804381, 0.0280125923455, 0.0170329492539, 0.0118530523032, 0.00867816992104, 0.0103849386796, 0.0163741372526, 0.0217024032027, 0.0114139616489, 0.00776486145332, 0.00858040340245, 0.00898492801934, 0.00551285361871, 0.0120064485818, 0.0088946102187, 0.0126807801425, 0.0109031237662, 0.0147580206394, 0.011861727573, 0.0144741423428, 0.0172655787319, 0.0111896432936, 0.0161482989788, 0.0215722434223, 0.0113425692543, 0.0147617133334, 0.00946575868875, 0.00843603070825, 0.00880297459662, 0.00929550919682, 0.00231399573386, 0.00644169747829, 0.00567535823211, 0.00378277571872, 0.00299298926257, 0.00278790993616, 0.0016395036364, 0.00140575587284, 0.00203185295686, 0.00164636166301, 0.0010990917217, 0.00142233876977, 0.000543695350643, 0.000634878466371, 0.00237216055393, 0.00328968465328, 0.00177565123886, 0.00123736332171, 0.00106390274595, 0.00066448590951, 0.00158009235747, 0.00041469593998, 0.000819715671241, 0.000337061850587, 0.000370817520889, 0.00058207870461, 0.000545036862604, 0.000806033262052, 0.000738415343221, 0.000678815995343, 0.000510579615366, 0.000362038554158, 0.000120517717733, 0.00012627110118, 0.000240095541812, 0.000180946808541, 0.000678822398186, 0.000384696497349, 0.00033768027788, 0.000279673637124, 0.000125386257423, 9.53293783823e-05, 7.31177569833e-05, 8.03670263849e-05, 0.000362957129255, 0.000245418719715, 0.000137704366352, 0.000178091198904, 0.000167505160789, 0.000188234640518, 0.000254658341873, 0.000220712070586, 0.000141454438563, 0.000118615738756, 0.000114099842904, 0.000175994297024, 0.000307878945023, 0.000139460084029, 8.06401003501e-05, 0.000107492618554, 9.7975571407e-05, 7.87720346125e-05, 6.17597033852e-05, 7.75581502239e-05, 6.83766338625e-05, 3.92107540392e-05, 2.29968154599e-05, 6.51696318528e-05, 4.89703161293e-05, 3.72628237528e-05, 2.97056758427e-05, 3.43018691638e-05, 1.99201713258e-05, 2.08085366467e-05, 1.49432589751e-05, 1.5354666175e-05, 1.13742171379e-05, 1.02812846308e-05, 1.1973038454e-05, 2.01502607524e-05, 9.191373465e-06, 6.87737201588e-06, 4.85602868139e-06, 5.12511451234e-06, 5.07376626047e-06, 3.01711747852e-06, 2.8670337997e-06, 1.30782348151e-06, 2.46315858021e-06, 3.91052140003e-07, 2.58725818547e-09, 2.55069187993e-09, 2.52354093178e-09, 2.50810239244e-09],
        "mean": [0.000179740018211, 0.000970421649981, 0.00135432451498, 0.00121480494272, 0.00137403944973, 0.00154349498916, 0.00114117376506, 0.000656343705487, 0.000563505862374, 0.000862937944476, 0.00122887245379, 0.000967782689258, 0.000532215170097, 0.000395903422032, 0.000294716388453, 0.000263111141976, 0.000188906735275, 0.000281613058178, 0.000370320718503, 0.000476487155538, 0.000274237245321, 0.000204515381483, 0.000226151183597, 0.00023437627533, 0.000243649497861, 0.000219886598643, 0.000296393001918, 0.000339282734785, 0.000120159158541, 0.00012007397163, 0.000125731196022, 0.000157682254212, 0.000215631182073, 0.000165794728673, 4.40004805569e-05, 5.83699365961e-05, 7.42547417758e-05, 6.82331592543e-05, 8.33613157738e-05, 5.16755208082e-05, 3.75082236133e-05, 3.43663050444e-05, 3.67663342331e-05, 3.38312929671e-05, 1.52823413373e-05, 1.80727638508e-05, 1.48486815306e-05, 1.62746837304e-05, 2.39238506765e-05, 3.4756380046e-05, 2.33904593188e-05, 2.13444873225e-05, 2.66446077148e-05, 1.9128430722e-05, 1.99558016902e-05, 1.62822871062e-05, 1.48274421008e-05, 1.78480386239e-05, 1.56424266606e-05, 1.85370536201e-05, 2.83705194306e-05, 3.06976035063e-05, 3.34154719894e-05, 2.66214428848e-05, 2.08934125112e-05, 1.49986808538e-05, 1.14128906716e-05, 1.17233466881e-05, 1.3867479538e-05, 2.03899289772e-05, 2.81258016912e-05, 2.95700247079e-05, 1.82718304131e-05, 1.24526468426e-05, 7.24850133338e-06, 5.65545133213e-06, 5.84430972594e-06, 6.18338572167e-06, 7.37344180379e-06, 5.35901472176e-06, 4.78382025904e-06, 4.77736557514e-06, 5.04793297296e-06, 5.83298879064e-06, 7.18025557944e-06, 5.47547278984e-06, 4.31677699453e-06, 3.96569703298e-06, 4.7588664529e-06, 6.44259489491e-06, 6.10832739767e-06, 4.65392940896e-06, 4.50679044661e-06, 5.93076765654e-06, 6.31447028354e-06, 4.0074505705e-06, 3.25968585457e-06, 3.97975691158e-06, 3.83119459002e-06, 2.62816297436e-06, 2.04060575015e-06, 2.28894100474e-06, 2.21175923798e-06, 1.72375132479e-06, 1.60466515808e-06, 1.65191170254e-06, 1.22165033645e-06, 1.11278029635e-06, 1.09686709493e-06, 1.06477250483e-06, 8.566444194e-07, 7.46718797018e-07, 8.02635781838e-07, 1.10257769848e-06, 5.37440541848e-07, 4.75562416113e-07, 4.24163033586e-07, 3.3520777265e-07, 3.06825739926e-07, 2.18051297907e-07, 1.12850187861e-07, 5.08395672227e-08, 4.42703438353e-08, 4.07544531456e-09, 8.45970255653e-12, 8.2271169044e-12, 8.09500123183e-12, 8.03431800256e-12],
        "min": [6.0883309505e-10, 8.72899192927e-08, 8.50117274354e-08, 1.79285528645e-08, 3.56219203468e-07, 4.7656226343e-07, 1.16016238394e-07, 1.23729734014e-07, 6.28289384963e-08, 6.8848379442e-08, 3.33562297783e-07, 1.54555849008e-07, 3.25648016997e-07, 1.49044467435e-07, 1.0732954081e-07, 1.70889691731e-07, 6.06919002166e-07, 9.52462215764e-08, 1.29715374442e-07, 3.36511689625e-08, 1.44809106928e-07, 2.5261635983e-07, 1.17114694831e-07, 6.90194141839e-08, 5.20059444398e-08, 5.10309376978e-08, 1.63367658956e-07, 1.12924624318e-07, 1.00041077644e-07, 7.05880012219e-08, 2.89465074133e-08, 1.61062096993e-08, 2.91372348471e-08, 3.1038343451e-08, 3.99150117403e-08, 1.34252324813e-08, 2.06284411775e-08, 3.30048699482e-08, 8.82291288917e-08, 1.20530060599e-07, 3.74550204185e-08, 2.31555787877e-08, 3.11323447022e-08, 6.63500117071e-08, 3.64383510032e-08, 3.59057992227e-08, 2.98336502169e-08, 6.12521020571e-08, 1.1895622265e-07, 1.16352580903e-07, 5.10490210104e-08, 6.50362963484e-08, 5.22692076288e-08, 4.8649340556e-08, 5.37935598288e-08, 7.40906287433e-08, 6.07477517178e-08, 9.45701614796e-08, 8.76125128002e-08, 1.01469431968e-07, 1.56240346882e-07, 8.37733082903e-08, 1.68326096173e-07, 1.64781368994e-07, 4.74072443524e-08, 4.82655302392e-08, 2.93083672886e-08, 8.88852369485e-08, 8.65046985155e-08, 2.73159088238e-07, 3.71868992488e-07, 1.63336224546e-07, 7.67944570157e-08, 4.28721875778e-08, 3.86538339114e-08, 1.58121125082e-08, 2.64522128646e-08, 1.93808151749e-08, 8.91527829339e-09, 1.77030727855e-08, 3.09312730984e-09, 4.45417658312e-09, 9.52457934744e-09, 6.59172227913e-09, 2.87912182984e-09, 2.204699312e-09, 7.2650832017e-09, 3.85759424404e-09, 4.824202815e-09, 2.01617744722e-08, 8.35037816671e-09, 4.00019439795e-09, 6.70996502805e-09, 6.64874644229e-09, 8.31433855097e-09, 5.0050750211e-09, 2.83527334943e-09, 4.09372358234e-09, 5.61909230257e-09, 2.1190129651e-09, 2.26538676706e-09, 2.53089038615e-09, 3.05528846667e-09, 1.63572599909e-09, 1.02022823523e-09, 1.28061050653e-09, 1.14898013326e-09, 8.01462396449e-10, 6.73863742584e-10, 5.6761600975e-10, 8.40089497967e-10, 7.25249360567e-10, 6.1557164921e-10, 7.67162333659e-10, 3.97231664229e-10, 2.21598614458e-10, 2.22200674527e-10, 1.16313393379e-12, 1.2972442402e-13, 1.35089964388e-13, 1.00151169909e-13, 1.03500968375e-13, 7.50362364474e-14, 6.87961582775e-14, 5.72676671709e-14, 2.67309706813e-14, 3.40755044285e-15, 1.24922126362e-16],
        "stdev": [0.000264622358372, 0.0013390177628, 0.00199735723436, 0.00178537575994, 0.00231682579033, 0.00303608854301, 0.002066250192, 0.000933432485908, 0.000805808929726, 0.00125033746008, 0.00196611345746, 0.00192623387557, 0.0012485217303, 0.000832655408885, 0.000581663160119, 0.000548129435629, 0.000390390952816, 0.000990120694041, 0.00100229633972, 0.00135783560108, 0.000913626572583, 0.000944886007346, 0.000985096441582, 0.000957771611866, 0.000914495205507, 0.00088618096197, 0.00103487039451, 0.00140868127346, 0.000626303546596, 0.000745181285311, 0.000623352476396, 0.000685906619765, 0.000771327118855, 0.000691219116561, 0.000164859840879, 0.00032265073969, 0.000315792072797, 0.000225599054829, 0.000253913400229, 0.000179369308171, 0.000136276430567, 0.000113724636321, 0.000135437017889, 0.000132686313009, 5.09648016305e-05, 7.26498983568e-05, 3.33416319336e-05, 3.96147188439e-05, 0.000105425337097, 0.000165270932484, 7.27633087081e-05, 6.42987070023e-05, 8.74549805303e-05, 4.55279841844e-05, 6.59834477119e-05, 3.27863745042e-05, 3.32356103172e-05, 3.09651586576e-05, 2.87039529212e-05, 3.78646218451e-05, 5.3264091548e-05, 6.16253091721e-05, 6.57339842292e-05, 4.64735858259e-05, 3.69205372408e-05, 2.40674580709e-05, 1.40207603181e-05, 1.40555230246e-05, 1.89808997675e-05, 2.54382393905e-05, 4.39047289547e-05, 4.36292248196e-05, 2.64157115453e-05, 2.08955643757e-05, 1.06796906039e-05, 7.53846597945e-06, 8.30445969768e-06, 8.79202616488e-06, 1.43780844155e-05, 1.2788346794e-05, 1.02640760815e-05, 1.03929860416e-05, 1.06525976662e-05, 1.38822133522e-05, 1.5783463823e-05, 1.26930935949e-05, 9.67980940914e-06, 8.98755934031e-06, 9.8960044852e-06, 1.38113146022e-05, 1.51375425048e-05, 9.69166467257e-06, 7.73697411205e-06, 9.97323786578e-06, 1.12032648758e-05, 7.30436704544e-06, 4.80599965158e-06, 6.26662267678e-06, 5.97058624408e-06, 3.63422918781e-06, 2.64107734438e-06, 4.2157853386e-06, 4.12778445025e-06, 3.07092000185e-06, 2.83978556581e-06, 2.7911999041e-06, 1.94905760509e-06, 1.71107228653e-06, 1.5333898773e-06, 1.82216172107e-06, 1.24192115436e-06, 1.0888605857e-06, 1.37859387905e-06, 2.14352826333e-06, 8.31778038446e-07, 7.62962372391e-07, 7.16149543223e-07, 6.50362323995e-07, 5.81444169256e-07, 4.11481721585e-07, 2.43208887696e-07, 1.39871787042e-07, 1.62020356242e-07, 2.05531396347e-08, 1.0325412747e-10, 1.0135432077e-10, 1.00211262899e-10, 9.95781720969e-11]
    },
    "mfcc": {
        "mean": [-611.31854248, 85.5721054077, 20.3677444458, 30.2105884552, 6.59486341476, -3.26206350327, 9.0877866745, 2.3124153614, -5.74819803238, 2.68145537376, -5.0714507103, 2.30812525749, -1.41638898849],
        "cov": [[1731.35192871, -222.745864868, -126.538627625, -126.135513306, -88.3735809326, 118.167793274, 40.5654678345, 51.3329086304, 74.1618881226, 20.5445213318, 11.9511470795, -56.2277336121, 23.8553848267], [-222.745864868, 667.784118652, -224.03338623, -138.479492188, -131.808441162, -136.395965576, 143.891174316, -12.8951787949, -7.29913806915, 66.8842544556, 23.0000343323, -16.0199604034, -6.86129045486], [-126.538627625, -224.03338623, 593.365234375, 187.292373657, 137.784362793, 129.0650177, -132.778823853, -15.0554227829, 5.12167167664, -89.2809524536, 12.7058048248, 2.7336935997, 23.3564815521], [-126.135513306, -138.479492188, 187.292373657, 374.090118408, 205.783432007, -19.0057144165, -188.576690674, -46.9028396606, 25.2233486176, -42.9479370117, -31.664773941, 41.663848877, 37.1496925354], [-88.3735809326, -131.808441162, 137.784362793, 205.783432007, 270.283691406, 20.6559791565, -163.358322144, -29.3219413757, 26.3486671448, -33.132724762, -34.378868103, 19.6045970917, 20.4292907715], [118.167793274, -136.395965576, 129.0650177, -19.0057144165, 20.6559791565, 262.295013428, 63.5006484985, 31.4867801666, 23.1538963318, -37.6858711243, 54.7108879089, -35.4957923889, 2.00661849976], [40.5654678345, 143.891174316, -132.778823853, -188.576690674, -163.358322144, 63.5006484985, 288.579650879, 74.99609375, -1.78697907925, 31.8294258118, 39.661190033, -21.0302715302, -27.5415592194], [51.3329086304, -12.8951787949, -15.0554227829, -46.9028396606, -29.3219413757, 31.4867801666, 74.99609375, 95.048248291, 34.2312698364, 7.95803976059, 14.0180673599, -6.42937707901, -0.0332365296781], [74.1618881226, -7.29913806915, 5.12167167664, 25.2233486176, 26.3486671448, 23.1538963318, -1.78697907925, 34.2312698364, 97.7279129028, 21.3251399994, 8.30348491669, -5.10693311691, 7.59824228287], [20.5445213318, 66.8842544556, -89.2809524536, -42.9479370117, -33.132724762, -37.6858711243, 31.8294258118, 7.95803976059, 21.3251399994, 108.265380859, 17.2304649353, 8.32249355316, -14.0650730133], [11.9511470795, 23.0000343323, 12.7058048248, -31.664773941, -34.378868103, 54.7108879089, 39.661190033, 14.0180673599, 8.30348491669, 17.2304649353, 94.0888366699, 10.9794874191, 0.6190533638], [-56.2277336121, -16.0199604034, 2.7336935997, 41.663848877, 19.6045970917, -35.4957923889, -21.0302715302, -6.42937707901, -5.10693311691, 8.32249355316, 10.9794874191, 74.5650024414, 19.4336948395], [23.8553848267, -6.86129045486, 23.3564815521, 37.1496925354, 20.4292907715, 2.00661849976, -27.5415592194, -0.0332365296781, 7.59824228287, -14.0650730133, 0.6190533638, 19.4336948395, 73.7267913818]],
        "icov": [[0.000727541046217, 0.00035671851947, 0.000251798832323, 0.000175510838744, 0.000315591576509, -0.000231994737987, 0.000154001623741, 6.88073123456e-05, -0.000552267592866, -0.000111631503387, 3.81687605113e-05, 0.000468607497169, -0.000482210482005], [0.00035671851947, 0.00263629481196, 0.000290351628792, 0.000296328478726, -0.000151457934408, 0.00189285562374, -0.0017654618714, 0.00172468635719, -0.000860130123328, -0.000232557373238, -0.00137332431041, 0.0017274353886, -0.0011791838333], [0.000251798832323, 0.000290351628792, 0.00274021201767, -0.000836045248434, 0.000145542508108, -0.00129389285576, 0.000982262659818, -0.000434168876382, 0.000157692120411, 0.00107961555477, -0.000529717246536, 0.000170114391949, 9.66858078755e-06], [0.000175510838744, 0.000296328478726, -0.000836045248434, 0.00595746748149, -0.00280738575384, 0.000784897769336, 0.000903632608242, 0.0013193419436, -0.00168476568069, 0.000820649729576, 0.000156052265083, -0.00161256059073, -0.000917581259273], [0.000315591576509, -0.000151457934408, 0.000145542508108, -0.00280738575384, 0.00844320096076, -0.00254976400174, 0.00346218072809, -0.00088180747116, -0.0011330753332, -0.00020574744849, 0.00256602512673, -0.00137788930442, 0.000694228569046], [-0.000231994737987, 0.00189285562374, -0.00129389285576, 0.000784897769336, -0.00254976400174, 0.00874316971749, -0.00407984154299, 0.00153967074584, -0.00148105376866, 0.00207999860868, -0.00528081925586, 0.00445620296523, -0.00137001997791], [0.000154001623741, -0.0017654618714, 0.000982262659818, 0.000903632608242, 0.00346218072809, -0.00407984154299, 0.00967128481716, -0.00571123417467, 0.00145110476296, -0.000617541430984, 0.00119493552484, -0.00195522350259, 0.00201929477043], [6.88073123456e-05, 0.00172468635719, -0.000434168876382, 0.0013193419436, -0.00088180747116, 0.00153967074584, -0.00571123417467, 0.0174955166876, -0.00656898226589, 0.000946764077526, -0.000994090223685, 0.000570622039959, -0.00159663602244], [-0.000552267592866, -0.000860130123328, 0.000157692120411, -0.00168476568069, -0.0011330753332, -0.00148105376866, 0.00145110476296, -0.00656898226589, 0.0150087578222, -0.00384949939325, -0.000282420805888, 0.00149940385018, -0.000883020285983], [-0.000111631503387, -0.000232557373238, 0.00107961555477, 0.000820649729576, -0.00020574744849, 0.00207999860868, -0.000617541430984, 0.000946764077526, -0.00384949939325, 0.013029015623, -0.00283972825855, -0.00159417383838, 0.00235544634052], [3.81687605113e-05, -0.00137332431041, -0.000529717246536, 0.000156052265083, 0.00256602512673, -0.00528081925586, 0.00119493552484, -0.000994090223685, -0.000282420805888, -0.00283972825855, 0.0159162338823, -0.00548042636365, 0.00062596576754], [0.000468607497169, 0.0017274353886, 0.000170114391949, -0.00161256059073, -0.00137788930442, 0.00445620296523, -0.00195522350259, 0.000570622039959, 0.00149940385018, -0.00159417383838, -0.00548042636365, 0.0194665268064, -0.00524566369131], [-0.000482210482005, -0.0011791838333, 9.66858078755e-06, -0.000917581259273, 0.000694228569046, -0.00137001997791, 0.00201929477043, -0.00159663602244, -0.000883020285983, 0.00235544634052, 0.00062596576754, -0.00524566369131, 0.0165855120867]]
    },
    "spectral_contrast_coeffs": {
        "max": [-0.437143743038, -0.387759566307, -0.458050191402, -0.57736748457, -0.61332899332, -0.666820883751],
        "mean": [-0.704163730145, -0.721500039101, -0.761037647724, -0.788866341114, -0.777060568333, -0.794187784195],
        "min": [-0.865848660469, -0.955107927322, -0.929880440235, -0.89300775528, -0.861862123013, -0.862932026386],
        "stdev": [0.07155931741, 0.0894199237227, 0.0962014570832, 0.0589405633509, 0.0446261838078, 0.0279661938548]
    },
    "spectral_contrast_valleys": {
        "max": [-5.01881504059, -5.11890888214, -5.32641983032, -6.23229122162, -5.72981071472, -7.58804893494],
        "mean": [-6.47164964676, -6.92088747025, -7.53725004196, -7.68865203857, -7.06187486649, -9.20305156708],
        "min": [-9.75491046906, -8.83307266235, -9.9986038208, -9.33052444458, -9.05100154877, -11.960474968],
        "stdev": [0.607899069786, 0.562977969646, 0.57437980175, 0.539637327194, 0.484621316195, 0.642318546772]
    }
},
"rhythm": {
    "beats_count": 88,
    "beats_loudness": {
        "max": 0.0725820362568,
        "mean": 0.0332990325987,
        "min": 0.00470769032836,
        "stdev": 0.0134599199519
    },
    "bpm": 164.007385254,
    "bpm_histogram_first_peak_bpm": 161,
    "bpm_histogram_first_peak_weight": 0.0869565606117,
    "bpm_histogram_second_peak_bpm": 167,
    "bpm_histogram_second_peak_spread": 0,
    "bpm_histogram_second_peak_weight": 0.448275864124,
    "danceability": 1.22345685959,
    "onset_rate": 4.46044874191,
    "beats_loudness_band_ratio": {
        "max": [0.876127839088, 0.786558806896, 0.766372680664, 0.616682469845, 0.251984000206, 0.594459056854],
        "mean": [0.388862788677, 0.205228477716, 0.159406796098, 0.110278613865, 0.0566630102694, 0.124742180109],
        "min": [0.00137311045546, 0.0155789982527, 0.0100203016773, 0.000832255173009, 0.00909270439297, 0.0074300179258],
        "stdev": [0.216642558575, 0.175609841943, 0.171724393964, 0.158248499036, 0.0506025403738, 0.101444974542]
    },
