{
"metadata": {
    "version": {
        "essentia": "2.1-beta5",
        "essentia_git_sha": "Undefined",
        "extractor": "music 2.0"
    },
    "audio_properties": {
        "analysis": {
            "equal_loudness": 0,
            "length": 32.4963264465,
            "sample_rate": 44100,
            "start_time": 12.7477550507,
            "downmix": "mix"
        },
        "bit_rate": 192000,
        "length": 177.690704346,
        "lossless": 0,
        "number_channels": 2,
        "replay_gain": -8.21773338318,
        "sample_rate": 48000,
        "codec": "mp3",
        "md5_encoded": "f891953ca20301af500473a2cea2657d"
    },
    "tags": {
        "file_name": "Belgium_Love Power_The KMG_s.mp3",
        "encoding": ["Lavf58.29.100"]
    }
},
"lowlevel": {
    "average_loudness": 0.964926302433,
    "barkbands_crest": {
        "max": 23.4484062195,
        "mean": 9.6691160202,
        "min": 2.63833642006,
        "stdev": 3.81569361687
    },
    "barkbands_flatness_db": {
        "max": 0.292449057102,
        "mean": 0.109964646399,
        "min": 0.0244680643082,
        "stdev": 0.0391952246428
    },
    "barkbands_kurtosis": {
        "max": 84.940574646,
        "mean": 3.67712855339,
        "min": -1.91111254692,
        "stdev": 7.55708026886
    },
    "barkbands_skewness": {
        "max": 7.78978300095,
        "mean": 1.46426045895,
        "min": -2.26889944077,
        "stdev": 1.21659564972
    },
    "barkbands_spread": {
        "max": 112.308998108,
        "mean": 29.7829875946,
        "min": 2.36873960495,
        "stdev": 15.3108100891
    },
    "dissonance": {
        "max": 0.499852240086,
        "mean": 0.459098219872,
        "min": 0.322324693203,
        "stdev": 0.0296948496252
    },
    "dynamic_complexity": 2.30086421967,
    "erbbands_crest": {
        "max": 29.5852813721,
        "mean": 10.5156507492,
        "min": 2.41928935051,
        "stdev": 5.42897701263
    },
    "erbbands_flatness_db": {
        "max": 0.248058274388,
        "mean": 0.127042084932,
        "min": 0.0455313846469,
        "stdev": 0.042474295944
    },
    "erbbands_kurtosis": {
        "max": 17.9211502075,
        "mean": 0.927411794662,
        "min": -1.75009989738,
        "stdev": 2.40735316277
    },
    "erbbands_skewness": {
        "max": 3.21652841568,
        "mean": 0.423794925213,
        "min": -2.78361153603,
        "stdev": 0.832135021687
    },
    "erbbands_spread": {
        "max": 140.459671021,
        "mean": 44.9587287903,
        "min": 7.42909002304,
        "stdev": 24.1262893677
    },
    "hfc": {
        "max": 122.003456116,
        "mean": 30.1784191132,
        "min": 0.3733291924,
        "stdev": 20.7578449249
    },
    "loudness_ebu128": {
        "integrated": -14.7642669678,
        "loudness_range": 2.57442188263,
        "momentary": {
            "max": -11.905216217,
            "mean": -15.1072463989,
            "min": -21.7305603027,
            "stdev": 1.83009409904
        },
        "short_term": {
            "max": -13.2663497925,
            "mean": -14.7558822632,
            "min": -16.7357845306,
            "stdev": 0.885957717896
        }
    },
    "melbands_crest": {
        "max": 34.675037384,
        "mean": 14.5871686935,
        "min": 4.41119337082,
        "stdev": 5.30326128006
    },
    "melbands_flatness_db": {
        "max": 0.399103045464,
        "mean": 0.18264554441,
        "min": 0.0330322943628,
        "stdev": 0.0527066700161
    },
    "melbands_kurtosis": {
        "max": 245.901260376,
        "mean": 15.9371099472,
        "min": -1.78181672096,
        "stdev": 24.574962616
    },
    "melbands_skewness": {
        "max": 13.2819509506,
        "mean": 2.7547109127,
        "min": -0.710302352905,
        "stdev": 1.94917964935
    },
    "melbands_spread": {
        "max": 253.465621948,
        "mean": 27.5945301056,
        "min": 1.41149437428,
        "stdev": 19.0598583221
    },
    "pitch_salience": {
        "max": 0.813996255398,
        "mean": 0.517456948757,
        "min": 0.177450180054,
        "stdev": 0.0988941714168
    },
    "silence_rate_20dB": {
        "max": 1,
        "mean": 1,
        "min": 1,
        "stdev": 0
    },
    "silence_rate_30dB": {
        "max": 1,
        "mean": 1,
        "min": 1,
        "stdev": 0
    },
    "silence_rate_60dB": {
        "max": 1,
        "mean": 0.0128479655832,
        "min": 0,
        "stdev": 0.112621843815
    },
    "spectral_centroid": {
        "max": 5228.52783203,
        "mean": 1467.68457031,
        "min": 262.118164062,
        "stdev": 617.480651855
    },
    "spectral_complexity": {
        "max": 45,
        "mean": 17.6209850311,
        "min": 1,
        "stdev": 7.58879756927
    },
    "spectral_decrease": {
        "max": -2.29626151427e-10,
        "mean": -7.8756130506e-09,
        "min": -2.9599190654e-08,
        "stdev": 4.46394743392e-09
    },
    "spectral_energy": {
        "max": 0.118045307696,
        "mean": 0.0324616916478,
        "min": 0.000924035382923,
        "stdev": 0.0180497746915
    },
    "spectral_energyband_high": {
        "max": 0.0142310624942,
        "mean": 0.00154248531908,
        "min": 9.7090323834e-06,
        "stdev": 0.00154154014308
    },
    "spectral_energyband_low": {
        "max": 0.0815705060959,
        "mean": 0.0130131114274,
        "min": 5.0284156714e-06,
        "stdev": 0.0112904859707
    },
    "spectral_energyband_middle_high": {
        "max": 0.0518954843283,
        "mean": 0.00741130951792,
        "min": 4.18094496126e-05,
        "stdev": 0.00814820453525
    },
    "spectral_energyband_middle_low": {
        "max": 0.0738343000412,
        "mean": 0.0119726806879,
        "min": 0.000167893522303,
        "stdev": 0.0100542502478
    },
    "spectral_entropy": {
        "max": 8.85718631744,
        "mean": 7.7828578949,
        "min": 6.59109258652,
        "stdev": 0.394595295191
    },
    "spectral_flux": {
        "max": 0.295380353928,
        "mean": 0.0963375270367,
        "min": 0.0195422973484,
        "stdev": 0.0478874146938
    },
    "spectral_kurtosis": {
        "max": 14.3549976349,
        "mean": 2.84709882736,
        "min": -0.947031974792,
        "stdev": 1.86436867714
    },
    "spectral_rms": {
        "max": 0.0107315499336,
        "mean": 0.00539478147402,
        "min": 0.00094947242178,
        "stdev": 0.00160196982324
    },
    "spectral_rolloff": {
        "max": 10960.4003906,
        "mean": 1648.1776123,
        "min": 64.599609375,
        "stdev": 1607.52258301
    },
    "spectral_skewness": {
        "max": 2.9804816246,
        "mean": 1.44024133682,
        "min": 0.230136483908,
        "stdev": 0.368970990181
    },
    "spectral_spread": {
        "max": 19997132,
        "mean": 6559561.5,
        "min": 2121526,
        "stdev": 1960796.875
    },
    "spectral_strongpeak": {
        "max": 10.0308694839,
        "mean": 1.17678058147,
        "min": 0,
        "stdev": 1.61476504803
    },
    "zerocrossingrate": {
        "max": 0.3359375,
        "mean": 0.0785498470068,
        "min": 0.0107421875,
        "stdev": 0.0360484756529
    },
    "barkbands": {
        "max": [0.00359089300036, 0.0579277202487, 0.036298725754, 0.0204319227487, 0.0558318570256, 0.0406014062464, 0.0450006499887, 0.034793458879, 0.0371689125896, 0.0369109660387, 0.0286848396063, 0.0211600773036, 0.029575292021, 0.0313489623368, 0.020433915779, 0.0147655447945, 0.0135032087564, 0.0106540182605, 0.00895101949573, 0.00304225832224, 0.0059988819994, 0.00340457400307, 0.00295554543845, 0.00224319146946, 0.00247349822894, 0.00171236973256, 0.000389530032407],
        "mean": [0.000547290255781, 0.00798818189651, 0.0037655744236, 0.00135144218802, 0.00280710705556, 0.00204822560772, 0.00121872709133, 0.00172430055682, 0.00118860881776, 0.00255821482278, 0.000646296073683, 0.000721397867892, 0.000600582978223, 0.000839303946123, 0.0006068716757, 0.000706084247213, 0.000484457064886, 0.000579424959142, 0.000450821418781, 0.000179304392077, 0.000197340152226, 0.000276646314887, 0.000290135707473, 0.000265071052127, 0.000273941579508, 0.000123202786199, 2.31545946008e-05],
        "min": [4.04469986393e-08, 3.28875557898e-06, 1.75321929419e-07, 3.81370313107e-08, 1.23113431982e-05, 1.08472340798e-06, 3.82591224479e-06, 4.07860989071e-06, 1.96148516807e-06, 5.53260088054e-06, 2.71173075816e-06, 1.15837417525e-06, 2.29899441706e-07, 7.74481691224e-07, 1.7152736973e-06, 1.85055239399e-06, 1.07067137378e-06, 1.60926208537e-06, 1.44725959217e-06, 2.17199135477e-06, 2.16598868974e-06, 9.66370748756e-07, 4.38942464598e-07, 5.36397408268e-07, 1.84067602049e-07, 1.12369519911e-07, 5.95990035102e-10],
        "stdev": [0.000786210410297, 0.00824941135943, 0.00455002486706, 0.00184184825048, 0.00455972319469, 0.00407274486497, 0.00314776576124, 0.00391155248508, 0.00278138625436, 0.00421281391755, 0.00177194422577, 0.00192342407536, 0.00183786521666, 0.0027047090698, 0.00150659750216, 0.0015376113588, 0.00100498250686, 0.00108754169196, 0.000850741693284, 0.000262016430497, 0.000340213853633, 0.000353452633135, 0.000337018194841, 0.000324332417222, 0.000343425694155, 0.000167784310179, 3.7099711335e-05]
    },
    "erbbands": {
        "max": [1.79794979095, 14.6343860626, 45.520324707, 62.7534751892, 134.138076782, 335.055511475, 215.236740112, 345.188659668, 789.691101074, 881.42791748, 1007.19580078, 828.836486816, 1167.23657227, 1539.4855957, 1463.47070312, 901.116760254, 1576.89709473, 1864.63720703, 786.042663574, 1209.01696777, 980.297912598, 585.464599609, 654.446044922, 500.86932373, 370.243652344, 159.705917358, 204.895812988, 300.562133789, 127.067955017, 113.425674438, 80.8059921265, 63.9173927307, 40.5112953186, 31.3596382141, 13.5557136536, 12.8029136658, 2.09560608864, 0.697227060795, 0.0397606194019, 0.000755734217819],
        "mean": [0.23306439817, 1.76426589489, 4.38219738007, 4.6685423851, 6.90664863586, 9.34264087677, 10.9204702377, 17.7836666107, 20.5013751984, 22.0972080231, 38.5146064758, 31.8826084137, 83.0578765869, 39.3109931946, 30.9103431702, 34.2330703735, 30.9393215179, 41.8886871338, 31.3540611267, 40.33543396, 33.6212425232, 23.6581077576, 31.4624652863, 27.3385391235, 18.2840538025, 9.15602493286, 7.31671905518, 8.92109966278, 9.30588912964, 9.49268341064, 8.27179527283, 5.43043041229, 4.49053478241, 3.44387865067, 1.74225759506, 0.656270205975, 0.218122288585, 0.0469131581485, 0.00358587875962, 0.00010526546248],
        "min": [5.21951260453e-05, 0.000836848746985, 0.00106691161636, 0.000507773540448, 0.0110906306654, 0.0582789443433, 0.0890067219734, 0.0548462159932, 0.0586580708623, 0.0670804455876, 0.147120565176, 0.0713725835085, 0.181479126215, 0.209813430905, 0.119795709848, 0.0325248874724, 0.0105819674209, 0.0273175537586, 0.11070907861, 0.129940181971, 0.100014805794, 0.0893462002277, 0.0854135975242, 0.0741303041577, 0.067609205842, 0.103305123746, 0.0730667412281, 0.0912430807948, 0.0384698584676, 0.0388480164111, 0.0141525547951, 0.00948748271912, 0.00691583985463, 0.00317700672895, 0.00128432328347, 0.000521354959346, 0.000210644546314, 4.34719659097e-05, 1.8748318098e-06, 1.42230123856e-06],
        "stdev": [0.272304475307, 1.95221424103, 5.21313285828, 5.36906528473, 12.2172222137, 18.0192279816, 19.134765625, 36.9619064331, 47.6382484436, 47.6542739868, 99.6265029907, 69.4220046997, 127.505470276, 119.875061035, 84.1032791138, 84.9739379883, 85.9028396606, 137.087234497, 73.0120315552, 85.2525939941, 71.1309890747, 43.6477851868, 58.377910614, 48.8374404907, 35.5202903748, 13.1410131454, 11.2413330078, 15.5367164612, 12.3709144592, 11.5734462738, 9.66712760925, 6.77281665802, 5.47209644318, 4.24544668198, 2.30570006371, 0.920384287834, 0.298806875944, 0.0703364312649, 0.0054820724763, 0.000103176593257]
    },
    "gfcc": {
        "mean": [41.451965332, 62.7961463928, -92.2004852295, 30.1196250916, -57.6523132324, 24.0067062378, -36.2434768677, 20.1933021545, -20.2046985626, 2.23626041412, -18.1155586243, 5.54742717743, -11.7254905701],
        "cov": [[2293.76513672, -577.095336914, 18.5419368744, -69.417427063, 102.16317749, 21.992816925, 80.9337158203, 68.9684677124, 44.9243469238, 76.0394210815, -60.5780143738, 81.1258850098, -157.733016968], [-577.095336914, 795.343994141, -96.1706390381, 34.272151947, -60.274307251, -30.7693252563, 24.4354248047, -40.3720855713, -4.34094285965, -101.515625, 38.9679756165, -62.552646637, 33.7019691467], [18.5419368744, -96.1706390381, 1071.98474121, 181.257675171, -130.544326782, 58.3242340088, 68.8992156982, 36.1549034119, -94.0956115723, 0.643020272255, -102.20980835, -3.28516602516, 50.810546875], [-69.417427063, 34.272151947, 181.257675171, 370.40927124, 39.5135383606, -23.8369941711, 23.666021347, 2.00033998489, -8.45875835419, -65.0088806152, -28.6955718994, -9.01213932037, 9.58076095581], [102.16317749, -60.274307251, -130.544326782, 39.5135383606, 245.081069946, 32.1337013245, -59.7746276855, 9.12262821198, 25.4248275757, 3.39431118965, -14.1271648407, -4.8436999321, -15.434630394], [21.992816925, -30.7693252563, 58.3242340088, -23.8369941711, 32.1337013245, 166.694869995, 81.9748153687, -26.51978302, -16.2054958344, 46.8083534241, -8.01667022705, -24.3651599884, -7.28905534744], [80.9337158203, 24.4354248047, 68.8992156982, 23.666021347, -59.7746276855, 81.9748153687, 223.17036438, 26.6514091492, -39.8422775269, 9.09560585022, 19.5068225861, -14.920006752, -30.3576946259], [68.9684677124, -40.3720855713, 36.1549034119, 2.00033998489, 9.12262821198, -26.51978302, 26.6514091492, 113.353874207, 28.1772842407, -23.3052883148, 9.57428741455, 20.2054862976, -8.40188121796], [44.9243469238, -4.34094285965, -94.0956115723, -8.45875835419, 25.4248275757, -16.2054958344, -39.8422775269, 28.1772842407, 96.6116943359, 30.8278961182, 1.76508510113, 11.7996482849, 7.46387577057], [76.0394210815, -101.515625, 0.643020272255, -65.0088806152, 3.39431118965, 46.8083534241, 9.09560585022, -23.3052883148, 30.8278961182, 141.675216675, 15.1851911545, -5.00575590134, 13.9458312988], [-60.5780143738, 38.9679756165, -102.20980835, -28.6955718994, -14.1271648407, -8.01667022705, 19.5068225861, 9.57428741455, 1.76508510113, 15.1851911545, 94.3295669556, 32.1060447693, -24.5799655914], [81.1258850098, -62.552646637, -3.28516602516, -9.01213932037, -4.8436999321, -24.3651599884, -14.920006752, 20.2054862976, 11.7996482849, -5.00575590134, 32.1060447693, 79.9294509888, 11.4744853973], [-157.733016968, 33.7019691467, 50.810546875, 9.58076095581, -15.434630394, -7.28905534744, -30.3576946259, -8.40188121796, 7.46387577057, 13.9458312988, -24.5799655914, 11.4744853973, 108.874404907]],
        "icov": [[0.000722216442227, 0.000243515751208, 1.24957059597e-05, 0.000147304308484, -0.000278787250863, 0.000357362208888, -0.000570698932279, 4.8597521527e-05, -0.000229530051001, -0.000485595082864, 0.00138700578827, -0.0012936181156, 0.00130857795011], [0.000243515751208, 0.00233742012642, -0.000330515351379, 0.000496495864354, -0.000232763777603, 0.000670499983244, -0.00115597329568, 0.00202313321643, -0.00234059500508, 0.00304205017164, -0.00284322001971, 0.00299556157552, -0.00160130369477], [1.24957059597e-05, -0.000330515351379, 0.00193739973474, -0.00135029130615, 0.00160885625519, -0.00144177558832, 0.00117179681547, -0.00255655637011, 0.00306463427842, -0.00201418437064, 0.00291749788448, -0.00163967418484, 0.000475450709928], [0.000147304308484, 0.000496495864354, -0.00135029130615, 0.00429476378486, -0.00218795659021, 0.00215841643512, -0.00245573627762, 0.00289786816575, -0.00297621497884, 0.00316051370464, -0.00134982215241, 0.00131943053566, -0.000959425640758], [-0.000278787250863, -0.000232763777603, 0.00160885625519, -0.00218795659021, 0.00700816372409, -0.00414523202926, 0.00410948414356, -0.00370434834622, 0.00215573306195, -0.00151943776291, 0.00194336823188, -0.000586206326261, 0.00123320682906], [0.000357362208888, 0.000670499983244, -0.00144177558832, 0.00215841643512, -0.00414523202926, 0.0117946499959, -0.00637001823634, 0.00520922895521, -0.00241032266058, -0.000589736388065, -0.000318134087138, 0.00168678746559, -0.000387889682315], [-0.000570698932279, -0.00115597329568, 0.00117179681547, -0.00245573627762, 0.00410948414356, -0.00637001823634, 0.010356368497, -0.00660664495081, 0.00596421025693, -0.00286282249726, 8.73135650181e-06, 5.06730902998e-05, 0.00168868293986], [4.8597521527e-05, 0.00202313321643, -0.00255655637011, 0.00289786816575, -0.00370434834622, 0.00520922895521, -0.00660664495081, 0.0174901243299, -0.010548684746, 0.00757088186219, -0.00541022326797, 0.00195049343165, -0.00196016253904], [-0.000229530051001, -0.00234059500508, 0.00306463427842, -0.00297621497884, 0.00215573306195, -0.00241032266058, 0.00596421025693, -0.010548684746, 0.021226093173, -0.0100642414764, 0.00683399429545, -0.00545275956392, 0.00216840626672], [-0.000485595082864, 0.00304205017164, -0.00201418437064, 0.00316051370464, -0.00151943776291, -0.000589736388065, -0.00286282249726, 0.00757088186219, -0.0100642414764, 0.01674300991, -0.00997354276478, 0.00782648194581, -0.0059833759442], [0.00138700578827, -0.00284322001971, 0.00291749788448, -0.00134982215241, 0.00194336823188, -0.000318134087138, 8.73135650181e-06, -0.00541022326797, 0.00683399429545, -0.00997354276478, 0.0255269668996, -0.0155543480068, 0.0096973022446], [-0.0012936181156, 0.00299556157552, -0.00163967418484, 0.00131943053566, -0.000586206326261, 0.00168678746559, 5.06730902998e-05, 0.00195049343165, -0.00545275956392, 0.00782648194581, -0.0155543480068, 0.0250420700759, -0.0087373694405], [0.00130857795011, -0.00160130369477, 0.000475450709928, -0.000959425640758, 0.00123320682906, -0.000387889682315, 0.00168868293986, -0.00196016253904, 0.00216840626672, -0.0059833759442, 0.0096973022446, -0.0087373694405, 0.0156353004277]]
    },
    "melbands": {
        "max": [0.0139589011669, 0.021105542779, 0.00977227464318, 0.0134640866891, 0.00752574810758, 0.00715217646211, 0.0104713747278, 0.00800421647727, 0.00850940495729, 0.00496371742338, 0.00575792836025, 0.00656441925094, 0.00476464210078, 0.00254325708374, 0.00268916785717, 0.00315741519444, 0.00379174342379, 0.00171841972042, 0.00178996892646, 0.0011927530868, 0.00134463293944, 0.000723385135643, 0.000541246554349, 0.000460047624074, 0.000474047992611, 0.00037049149978, 0.000189528713236, 0.000116589930258, 0.000141256474308, 0.000130757209263, 0.000190958395251, 9.01169987628e-05, 6.71777015668e-05, 6.73147878842e-05, 4.653639553e-05, 4.49491381005e-05, 4.48296923423e-05, 2.79182495433e-05, 4.19010029873e-05, 2.84330380964e-05],
        "mean": [0.0021701194346, 0.00227754982188, 0.000873696990311, 0.000592790835071, 0.000408980733482, 0.000415260758018, 0.000295596022625, 0.000259025051491, 0.000307507667458, 0.000193066065549, 0.000410437467508, 0.000154839537572, 9.50128378463e-05, 8.49436837598e-05, 8.63684254e-05, 5.24822025909e-05, 8.33514422993e-05, 4.93641018693e-05, 4.44317120127e-05, 6.18207268417e-05, 3.54722687916e-05, 2.34179533436e-05, 2.89863965008e-05, 2.77135841316e-05, 2.15931504499e-05, 1.58694892889e-05, 7.9886021922e-06, 5.66148264625e-06, 4.46036619905e-06, 4.25008738603e-06, 5.68075438423e-06, 5.35581193617e-06, 5.2223658713e-06, 5.12714996148e-06, 4.80532935399e-06, 3.97448002332e-06, 3.13971463584e-06, 2.91935225505e-06, 3.37921346727e-06, 2.83048962046e-06],
        "min": [7.90167121067e-07, 7.85847021234e-07, 1.47385293303e-07, 2.29351007874e-06, 2.40202348323e-06, 3.40645925689e-07, 8.39301151245e-07, 6.8241797635e-07, 1.06239554043e-06, 3.83192229947e-07, 7.2209809332e-07, 7.49801529309e-07, 3.92484707845e-07, 1.90361603813e-07, 1.35490179076e-08, 2.89610664339e-08, 4.98409633565e-08, 1.50260433429e-07, 1.34012196895e-07, 1.35122405709e-07, 8.55457997773e-08, 6.95741917411e-08, 5.27233616765e-08, 4.28084767634e-08, 6.12825701296e-08, 6.2002982304e-08, 3.24491757908e-08, 4.64296547875e-08, 3.805359583e-08, 2.86608337063e-08, 5.63031470335e-08, 1.9273961982e-08, 1.93328535403e-08, 1.76426713239e-08, 6.64377308723e-09, 4.27127400116e-09, 6.18658013707e-09, 4.78315920205e-09, 3.3484477413e-09, 1.97985539074e-09],
        "stdev": [0.00228458899073, 0.00240472680889, 0.000949109380599, 0.0010973229073, 0.000648575776722, 0.000821857713163, 0.000677131582052, 0.00052170723211, 0.000787043245509, 0.000428794242907, 0.000638852769043, 0.000519886205439, 0.000270623539109, 0.000207057601074, 0.000223439143156, 0.000176959409146, 0.000281937100226, 0.000136930102599, 0.000117080555356, 0.000129462176119, 8.81937594386e-05, 4.87232864543e-05, 5.55697333766e-05, 5.32257763552e-05, 4.10273896705e-05, 3.25188375427e-05, 1.43776433106e-05, 9.02315059648e-06, 7.09836103852e-06, 7.10943413651e-06, 1.01364121292e-05, 7.70156111685e-06, 6.93871879776e-06, 6.36064805803e-06, 5.8009222812e-06, 4.77347657579e-06, 4.44944089395e-06, 3.57287763109e-06, 4.54229348179e-06, 3.52385791302e-06]
    },
    "melbands128": {
        "max": [0.00316275190562, 0.0156969726086, 0.0216364543885, 0.0261704474688, 0.0279137790203, 0.0160803925246, 0.0141908377409, 0.00867161713541, 0.0168119128793, 0.0155573999509, 0.0262742452323, 0.0113203618675, 0.00944414827973, 0.0182433500886, 0.0127912610769, 0.0107210408896, 0.0162214152515, 0.0143935317174, 0.0127959912643, 0.0145728094503, 0.00929244421422, 0.0123028857633, 0.0165042411536, 0.0062911384739, 0.010062106885, 0.00663209054619, 0.016441853717, 0.00996532291174, 0.00801244564354, 0.0107490858063, 0.010384997353, 0.0026925499551, 0.00712072337046, 0.00615410599858, 0.00651457859203, 0.00449751131237, 0.00506105134264, 0.00516603281721, 0.00700964685529, 0.00792493578047, 0.00640964461491, 0.00465312600136, 0.00864106882364, 0.0051553780213, 0.00306387012824, 0.00241654855199, 0.00314390077256, 0.00301656266674, 0.00464594038203, 0.00168719689827, 0.00252135028131, 0.00245358957909, 0.00266150268726, 0.00216693407856, 0.00151975511108, 0.000822124013212, 0.00101443962194, 0.000898474594578, 0.00101014168467, 0.00114805693738, 0.000779310299549, 0.000527190684807, 0.00106717878953, 0.000677516683936, 0.000404788937885, 0.000675954215694, 0.000480714457808, 0.000597221194766, 0.000191582541447, 0.000146042977576, 0.000153003638843, 0.000117806164781, 0.000148559891386, 0.00016874204448, 0.000120424745546, 7.78953180998e-05, 0.000200865091756, 0.000201464557904, 0.000227253200137, 0.000138971576234, 0.000142712378874, 6.75131668686e-05, 7.36989532015e-05, 9.55917566898e-05, 0.000114407906949, 0.000128219820908, 5.33036800334e-05, 4.93815387017e-05, 5.1735460147e-05, 6.80178854964e-05, 4.86627322971e-05, 4.36771370005e-05, 4.64227850898e-05, 6.6341861384e-05, 6.91355380695e-05, 4.29222891398e-05, 2.76745067822e-05, 3.23091444443e-05, 8.66464688443e-05, 2.80119147646e-05, 3.37422352459e-05, 3.90795757994e-05, 3.8627324102e-05, 2.78921015706e-05, 1.9881686967e-05, 3.03145552607e-05, 3.01746767946e-05, 1.55247435032e-05, 5.47329145775e-05, 1.08493850348e-05, 1.226942004e-05, 1.33610192279e-05, 7.63807020121e-06, 6.84365613779e-06, 6.29605483482e-06, 5.05482921653e-06, 8.4664698079e-06, 5.49484002477e-06, 2.58134514297e-06, 1.72975785517e-06, 6.40349298919e-07, 4.70701564836e-07, 1.32968210664e-07, 1.00610817455e-08, 8.10709277488e-09, 7.90068366285e-09, 7.75460584634e-09, 7.66657493045e-09],
        "mean": [0.000507041288074, 0.00180998514406, 0.00282864249311, 0.00295281969011, 0.0024800049141, 0.0017127887113, 0.000941271951888, 0.000631445611361, 0.000727693724912, 0.000614662480075, 0.000487718440127, 0.000495273969136, 0.000306272413582, 0.000425378704676, 0.000366750988178, 0.000463552220026, 0.000456501031294, 0.000208949189982, 0.000174916916876, 0.00024664454395, 0.000292745797196, 0.0003130408586, 0.000383601494832, 0.000182502102689, 0.000214970510569, 0.000109049811726, 0.00032367525273, 0.000678490789142, 0.000207721401239, 0.000203226169106, 0.000131598557346, 5.85064626648e-05, 0.000101711440948, 0.000124052399769, 5.70797346882e-05, 8.52005250636e-05, 0.000113591202535, 6.25449174549e-05, 0.000104505234049, 6.1921266024e-05, 3.01787895296e-05, 4.61309209641e-05, 0.000107022584416, 9.4683637144e-05, 4.50181505585e-05, 4.60120791104e-05, 4.75957676827e-05, 3.35766089847e-05, 5.04047748109e-05, 5.62785062357e-05, 8.03315997473e-05, 4.73796681035e-05, 2.49232925853e-05, 3.94220442104e-05, 3.74748487957e-05, 1.26653449115e-05, 1.86546440091e-05, 3.47984714608e-05, 2.76995433524e-05, 2.88666924462e-05, 3.01313284581e-05, 2.38431421167e-05, 2.57240262727e-05, 2.14044939639e-05, 1.46860347741e-05, 1.68094320543e-05, 1.6631991457e-05, 9.66729476204e-06, 5.25671248397e-06, 6.53357301417e-06, 5.93773802393e-06, 5.22485970578e-06, 4.469902251e-06, 4.38016422777e-06, 4.28438943345e-06, 4.55734289062e-06, 3.74575074602e-06, 4.64754657514e-06, 6.49801495456e-06, 6.1024165916e-06, 5.73811030335e-06, 4.91015407533e-06, 4.45344176114e-06, 5.29501539859e-06, 5.89782803218e-06, 5.53737118025e-06, 4.97557721246e-06, 4.06513299822e-06, 4.81498545923e-06, 5.18115666637e-06, 5.07595996169e-06, 3.17584613185e-06, 2.98726308756e-06, 3.45190824191e-06, 2.84373390969e-06, 3.10236077894e-06, 2.62369258053e-06, 2.96816460832e-06, 4.57151872979e-06, 2.60887509285e-06, 2.62818412011e-06, 3.45010630554e-06, 2.08532173929e-06, 2.65670496447e-06, 1.82028497875e-06, 1.76142543751e-06, 1.45386036365e-06, 9.58256691774e-07, 1.20093193345e-06, 1.01091495708e-06, 9.6770725122e-07, 8.03182558684e-07, 6.35421827155e-07, 5.51020150397e-07, 5.03371893501e-07, 3.3818722045e-07, 3.64851530321e-07, 3.12925692469e-07, 2.1279075213e-07, 1.11299847561e-07, 3.79698050779e-08, 5.32909183448e-09, 1.28911548103e-09, 5.20219978206e-11, 1.05193787708e-11, 1.02354531101e-11, 1.00491915137e-11, 9.95229940126e-12],
        "min": [1.20569758622e-08, 9.75333662723e-08, 4.70122415663e-07, 1.13264843549e-06, 7.08530592419e-07, 7.85412623827e-08, 2.78131544462e-08, 1.12688880449e-08, 2.84918115767e-08, 9.80289655672e-07, 9.04915054889e-07, 4.47699761708e-07, 5.34039429567e-07, 2.31324534639e-07, 1.17883303119e-07, 1.80638124903e-07, 5.3639826092e-07, 1.43636228245e-07, 4.33998877725e-07, 1.60420867701e-07, 6.0618035036e-08, 2.88033930929e-07, 3.40470677429e-07, 1.76422361164e-07, 2.35089174794e-07, 7.44553858567e-08, 4.61600222934e-07, 5.06957633206e-07, 2.40584853373e-07, 1.32125535401e-07, 1.27525055404e-07, 1.77643087795e-07, 4.14542675742e-08, 1.69995857391e-07, 1.37143757684e-07, 8.30723081435e-08, 1.7655022333e-08, 8.35417246492e-09, 5.59961499391e-09, 2.3306359509e-08, 3.83120735137e-08, 3.11339825032e-08, 3.7064840086e-08, 3.0576362775e-08, 5.38411519813e-08, 5.61974715652e-08, 5.5827115375e-08, 5.09625444067e-08, 4.79805208897e-08, 4.10769516179e-08, 8.63880273982e-08, 4.42924381616e-08, 4.38917773238e-08, 3.66958765596e-08, 7.06865677103e-08, 4.30334772261e-08, 1.9127254447e-08, 2.77734706344e-08, 2.84909109638e-08, 2.68728470587e-08, 2.89182064961e-08, 3.88747878333e-08, 2.20372893267e-08, 3.19647988078e-08, 3.54703679761e-08, 3.03635836474e-08, 1.49175551911e-08, 2.74382205845e-08, 1.59145354672e-08, 2.57217465105e-08, 3.13359009851e-08, 9.15821107839e-09, 1.07546496153e-08, 1.46378482668e-08, 2.40599469237e-08, 1.05063868716e-08, 7.01386770885e-09, 1.43359253357e-08, 5.99660765488e-08, 3.97097110749e-08, 4.60301130545e-09, 4.6012478272e-09, 7.99531107987e-09, 1.00470147757e-08, 2.78110565688e-08, 2.0538053036e-08, 9.14094488991e-09, 2.83298362547e-09, 3.77532227702e-09, 4.93197038764e-09, 2.56192378423e-09, 3.90375598514e-09, 6.14656414655e-09, 3.44460615587e-09, 5.19024956347e-09, 1.93048999009e-09, 2.63603161521e-09, 7.81924480719e-09, 2.39739783581e-09, 1.22636711897e-09, 5.26013732571e-10, 2.20356688452e-09, 3.72148267758e-09, 8.47103220902e-10, 7.55707996181e-10, 6.32915386767e-10, 4.86997886462e-10, 4.624374772e-10, 8.1703666055e-10, 5.18591281029e-10, 4.58263177405e-10, 6.22801810124e-10, 4.59662086172e-10, 3.14734821538e-10, 3.91512489095e-10, 3.84660497899e-10, 6.16847961599e-11, 5.45472629739e-13, 1.31252159748e-13, 9.36108083952e-14, 7.51963053457e-14, 1.08157325327e-13, 7.04566816673e-14, 9.44616021688e-14, 6.08190662546e-14, 2.94575256928e-14, 3.80763374999e-15, 2.40587347281e-16],
        "stdev": [0.000737042748369, 0.00240390491672, 0.00355075160041, 0.0034560658969, 0.00311930244789, 0.00202221004292, 0.00120150833391, 0.000887490634341, 0.00144555920269, 0.00156464707106, 0.00121559586842, 0.000795323692728, 0.000571032462176, 0.0014274942223, 0.00115236267447, 0.000946383399423, 0.00112631253432, 0.000775286753196, 0.000721039541531, 0.000714993395377, 0.000721217598766, 0.000955008843448, 0.00133745779749, 0.00051419850206, 0.000773301639128, 0.000397016265197, 0.000784285541158, 0.00115281238686, 0.000495621468872, 0.000857201346662, 0.00065201788675, 0.000213520979742, 0.000400727498345, 0.000428110244684, 0.000282794149825, 0.000275474652881, 0.000404771999456, 0.000320776191074, 0.000344361498719, 0.000304377404973, 0.000213523264392, 0.000271615397651, 0.000496682187077, 0.000387695094105, 0.00022022279154, 0.000181130788405, 0.000169916864252, 0.000145099038491, 0.000214555431739, 0.000164263430634, 0.000218822198804, 0.000159655450261, 0.000109953558422, 0.000141978234751, 0.000108294407255, 3.93248592445e-05, 5.20223838976e-05, 8.42428780743e-05, 7.64007418184e-05, 8.5278552433e-05, 7.49537502998e-05, 5.51373777853e-05, 6.36415861663e-05, 5.53672980459e-05, 3.5386539821e-05, 4.53506363556e-05, 4.4521268137e-05, 2.891170152e-05, 1.06615016193e-05, 1.21257435239e-05, 1.17374829642e-05, 8.94680579222e-06, 7.62515765018e-06, 8.44783971843e-06, 7.50326080379e-06, 7.09873847882e-06, 8.19659362605e-06, 1.02794347185e-05, 1.24211273942e-05, 1.05273229565e-05, 9.93172307062e-06, 7.32949911253e-06, 7.11516668161e-06, 8.57362647366e-06, 8.63146669872e-06, 8.5628062152e-06, 6.36977301838e-06, 5.3817366279e-06, 6.62554748487e-06, 7.11321035851e-06, 6.58863882563e-06, 4.55014696854e-06, 3.95307006329e-06, 5.3208659665e-06, 5.10628387929e-06, 4.3354493755e-06, 3.28107694259e-06, 3.89176648241e-06, 7.25218660591e-06, 3.38928043675e-06, 3.57444923793e-06, 4.4745543164e-06, 3.14082262776e-06, 3.92264382754e-06, 2.59749140241e-06, 2.63932133748e-06, 2.32032266467e-06, 1.38699840591e-06, 2.26063980335e-06, 1.48447566062e-06, 1.38624943702e-06, 1.21181074064e-06, 9.40491133861e-07, 8.02820636636e-07, 8.01843441423e-07, 5.1092592912e-07, 6.26700000339e-07, 5.5136354149e-07, 3.49414619905e-07, 1.94266704057e-07, 7.30161460183e-08, 2.42300171038e-08, 8.05591593434e-09, 4.83369899662e-10, 2.16529724706e-10, 2.11020423357e-10, 2.07121236828e-10, 2.04771602452e-10]
    },
    "mfcc": {
        "mean": [-611.651367188, 99.0604782104, 21.6769752502, 14.8741798401, 10.1102466583, 2.77407717705, 0.577325463295, 12.7209510803, 4.85919618607, 3.18140125275, 3.59534215927, -2.21577692032, -0.320760726929],
        "cov": [[2231.28930664, -409.500610352, -339.50189209, -19.6906261444, -29.2127590179, 31.5557537079, -40.4976959229, 94.3069000244, -21.7352142334, 54.0945243835, 127.451583862, -0.275186061859, 26.6101837158], [-409.500610352, 572.230285645, 11.5373497009, -57.5260772705, -33.2575263977, -41.9595108032, 1.45116150379, -3.66448044777, -19.4278182983, -12.758357048, -10.2722234726, -26.4085273743, -42.7049789429], [-339.50189209, 11.5373497009, 976.609802246, 157.862030029, -90.6035842896, 47.9830513, 105.302078247, -6.45773792267, 92.4402999878, -28.1215744019, -52.3725967407, -16.6313171387, -61.1134719849], [-19.6906261444, -57.5260772705, 157.862030029, 310.528961182, 62.2628440857, -10.3236341476, 0.542354822159, 65.3266372681, 7.72853183746, -13.2616834641, -28.3892326355, -29.6361923218, 11.7388782501], [-29.2127590179, -33.2575263977, -90.6035842896, 62.2628440857, 271.603759766, -9.84495639801, -74.4013214111, 11.4415578842, 8.61245155334, -8.50489807129, -27.6318950653, -25.345035553, 25.8558559418], [31.5557537079, -41.9595108032, 47.9830513, -10.3236341476, -9.84495639801, 198.74772644, 81.6736907959, -48.7821083069, 38.3061103821, 12.0391044617, 3.74116897583, 27.2881298065, -11.3945016861], [-40.4976959229, 1.45116150379, 105.302078247, 0.542354822159, -74.4013214111, 81.6736907959, 187.196517944, 22.6299533844, 15.4003143311, 3.18950533867, 26.7726974487, 26.3184604645, -28.4438419342], [94.3069000244, -3.66448044777, -6.45773792267, 65.3266372681, 11.4415578842, -48.7821083069, 22.6299533844, 166.980529785, -30.0296516418, -5.04477596283, 28.3213691711, -23.037984848, -2.76284813881], [-21.7352142334, -19.4278182983, 92.4402999878, 7.72853183746, 8.61245155334, 38.3061103821, 15.4003143311, -30.0296516418, 127.906608582, 29.351108551, -26.8305664062, -2.92418932915, -13.9981079102], [54.0945243835, -12.758357048, -28.1215744019, -13.2616834641, -8.50489807129, 12.0391044617, 3.18950533867, -5.04477596283, 29.351108551, 82.5975341797, 26.7772102356, -14.1697559357, 0.349589854479], [127.451583862, -10.2722234726, -52.3725967407, -28.3892326355, -27.6318950653, 3.74116897583, 26.7726974487, 28.3213691711, -26.8305664062, 26.7772102356, 97.7991943359, 31.1426696777, -0.199781864882], [-0.275186061859, -26.4085273743, -16.6313171387, -29.6361923218, -25.345035553, 27.2881298065, 26.3184604645, -23.037984848, -2.92418932915, -14.1697559357, 31.1426696777, 108.49949646, 22.6785011292], [26.6101837158, -42.7049789429, -61.1134719849, 11.7388782501, 25.8558559418, -11.3945016861, -28.4438419342, -2.76284813881, -13.9981079102, 0.349589854479, -0.199781864882, 22.6785011292, 78.6291885376]],
        "icov": [[0.000625136191957, 0.000435117573943, 0.000197247194592, 7.66811183439e-07, 0.000249371107202, -0.000271744793281, 0.000366227410268, -0.000335186254233, -0.000216593645746, 0.000147361279232, -0.000792566104792, 0.000337325996952, 3.87527434214e-05], [0.000435117573943, 0.00222897948697, 0.000108191845356, 0.000360457168426, 0.000243788628723, 0.000280467822449, 9.95394875645e-05, -0.000106710758701, 0.000176251298399, 0.000243331203819, -0.000289030955173, 0.000515603634994, 0.00096720730653], [0.000197247194592, 0.000108191845356, 0.00149479554966, -0.000830865290482, 0.000612609961536, -6.10242977928e-06, -0.000432495435234, 0.000175954643055, -0.00102649210021, 0.000765163626056, -1.61479656526e-05, 0.000253632257227, 0.00066591904033], [7.66811183439e-07, 0.000360457168426, -0.000830865290482, 0.00445967074484, -0.000943345483392, -0.000168038561242, -2.31399535551e-05, -0.00183752633166, 0.000193856089027, -9.0740268206e-06, 0.00104906084016, 0.000531853584107, -0.00101933721453], [0.000249371107202, 0.000243788628723, 0.000612609961536, -0.000943345483392, 0.00492726219818, -0.000952118076384, 0.00197060895152, -0.000657958618831, -0.00106454442721, 0.00102625030559, -4.99062334711e-05, 0.000972137029748, -0.000878082122654], [-0.000271744793281, 0.000280467822449, -6.10242977928e-06, -0.000168038561242, -0.000952118076384, 0.00769801158458, -0.00387431751005, 0.00272462470457, -0.000890741415787, -0.000636126089375, 0.000258228450548, -0.000903704203665, 0.000493051134981], [0.000366227410268, 9.95394875645e-05, -0.000432495435234, -2.31399535551e-05, 0.00197060895152, -0.00387431751005, 0.0092041734606, -0.00270812516101, -0.000544504029676, 0.000324503227603, -0.00154010986444, -0.00134971993975, 0.00190939882305], [-0.000335186254233, -0.000106710758701, 0.000175954643055, -0.00183752633166, -0.000657958618831, 0.00272462470457, -0.00270812516101, 0.00913448445499, 0.000670954643283, 0.00136241083965, -0.00315890368074, 0.00239310017787, -0.000165786928847], [-0.000216593645746, 0.000176251298399, -0.00102649210021, 0.000193856089027, -0.00106454442721, -0.000890741415787, -0.000544504029676, 0.000670954643283, 0.0118449218571, -0.0063694245182, 0.00522029073909, -0.00228265696205, 0.00219850544818], [0.000147361279232, 0.000243331203819, 0.000765163626056, -9.0740268206e-06, 0.00102625030559, -0.000636126089375, 0.000324503227603, 0.00136241083965, -0.0063694245182, 0.0187393277884, -0.0087594203651, 0.00611581327394, -0.00258947885595], [-0.000792566104792, -0.000289030955173, -1.61479656526e-05, 0.00104906084016, -4.99062334711e-05, 0.000258228450548, -0.00154010986444, -0.00315890368074, 0.00522029073909, -0.0087594203651, 0.0189318247139, -0.00709925312549, 0.00239177350886], [0.000337325996952, 0.000515603634994, 0.000253632257227, 0.000531853584107, 0.000972137029748, -0.000903704203665, -0.00134971993975, 0.00239310017787, -0.00228265696205, 0.00611581327394, -0.00709925312549, 0.0146914049983, -0.00526014436036], [3.87527434214e-05, 0.00096720730653, 0.00066591904033, -0.00101933721453, -0.000878082122654, 0.000493051134981, 0.00190939882305, -0.000165786928847, 0.00219850544818, -0.00258947885595, 0.00239177350886, -0.00526014436036, 0.016871092841]]
    },
    "spectral_contrast_coeffs": {
        "max": [-0.479598611593, -0.475255250931, -0.399015367031, -0.503607332706, -0.536323666573, -0.674733638763],
        "mean": [-0.749707221985, -0.740114212036, -0.713788032532, -0.766161262989, -0.775711894035, -0.793889403343],
        "min": [-0.907813251019, -0.938415288925, -0.89796513319, -0.891865313053, -0.889210522175, -0.879489719868],
        "stdev": [0.0650502443314, 0.0836356654763, 0.0813822895288, 0.0743082538247, 0.0639382004738, 0.0350298583508]
    },
    "spectral_contrast_valleys": {
        "max": [-4.97090578079, -5.08673477173, -5.69711971283, -6.11294937134, -5.75137472153, -7.86077737808],
        "mean": [-6.31896591187, -6.68158626556, -7.44198989868, -7.69076442719, -7.50107765198, -9.23390960693],
        "min": [-10.0636672974, -8.58284473419, -9.09704971313, -9.48618125916, -9.30547046661, -12.2514066696],
        "stdev": [0.679957389832, 0.536757528782, 0.52204734087, 0.573168754578, 0.61092877388, 0.651315867901]
    }
},
"rhythm": {
    "beats_count": 69,
    "beats_loudness": {
        "max": 0.0632035061717,
        "mean": 0.040697529912,
        "min": 0.00407777028158,
        "stdev": 0.0117835123092
    },
    "bpm": 129.742324829,
    "bpm_histogram_first_peak_bpm": 129,
    "bpm_histogram_first_peak_weight": 0.163934469223,
    "bpm_histogram_second_peak_bpm": 120,
    "bpm_histogram_second_peak_spread": 0.400000035763,
    "bpm_histogram_second_peak_weight": 0.0441176481545,
    "danceability": 1.12193202972,
    "onset_rate": 4.55273389816,
    "beats_loudness_band_ratio": {
        "max": [0.918613612652, 0.35792312026, 0.460735946894, 0.525105595589, 0.41187915206, 0.206864774227],
        "mean": [0.549475669861, 0.0892249196768, 0.123131722212, 0.110490560532, 0.0773257315159, 0.0813562870026],
        "min": [0.0128546403721, 0.00206217844971, 0.00350185739808, 0.00530248321593, 0.00359092117287, 0.0141121437773],
        "stdev": [0.201416343451, 0.0839652121067, 0.100852549076, 0.124310903251, 0.0887475535274, 0.0437843687832]
    },
    "beats_position": [0.476009070873, 0.975238084793, 1.47446703911, 1.97369611263, 2.48453521729, 2.97215414047, 3.43655323982, 3.90095233917, 4.3653512001, 4.82975053787, 5.2941493988, 5.74693870544, 6.19972801208, 6.66412687302, 7.12852573395, 7.59292507172, 8.05732440948, 8.52172279358, 8.98612213135, 9.45052146912, 9.91492080688, 10.3677091599, 10.8204984665, 11.2848978043, 11.749297142, 12.2136955261, 12.6780948639, 13.1424942017, 13.6068935394, 14.0712919235, 14.5240812302, 14.9768705368, 15.4412698746, 15.9056682587, 16.3700675964, 16.8344669342, 17.298866272, 17.7516555786, 18.2044448853, 18.6688423157, 19.1332416534, 19.5976409912, 20.062040329, 20.5264396667, 20.9908390045, 21.43201828, 21.8964176178, 22.3608150482, 22.825214386, 23.2896137238, 23.7540130615, 24.2184123993, 24.6712017059, 25.1239910126, 25.5883903503, 26.0527877808, 26.5171871185, 26.9815864563, 27.4459857941, 27.9103851318, 28.3747844696, 28.8391838074, 29.3035831451, 29.7447605133, 30.2091598511, 30.6735591888, 31.1379585266, 31.6023578644, 32.0667572021],
