{
"metadata": {
    "version": {
        "essentia": "2.1-beta5",
        "essentia_git_sha": "Undefined",
        "extractor": "music 2.0"
    },
    "audio_properties": {
        "analysis": {
            "equal_loudness": 0,
            "length": 32.4963264465,
            "sample_rate": 44100,
            "start_time": 77.7520217896,
            "downmix": "mix"
        },
        "bit_rate": 192000,
        "length": 182.926818848,
        "lossless": 0,
        "number_channels": 2,
        "replay_gain": -7.36580085754,
        "sample_rate": 48000,
        "codec": "mp3",
        "md5_encoded": "848be41abaf4b33a983e43ace0b99771"
    },
    "tags": {
        "file_name": "Switzerland_Vampires Are Alive_DJ BoBo.mp3",
        "encoding": ["Lavf58.29.100"]
    }
},
"lowlevel": {
    "average_loudness": 0.95520824194,
    "barkbands_crest": {
        "max": 23.544960022,
        "mean": 10.4241847992,
        "min": 3.26323509216,
        "stdev": 4.16373920441
    },
    "barkbands_flatness_db": {
        "max": 0.355326265097,
        "mean": 0.126107111573,
        "min": 0.0243256483227,
        "stdev": 0.0514083653688
    },
    "barkbands_kurtosis": {
        "max": 106.396034241,
        "mean": 4.66984558105,
        "min": -1.81931495667,
        "stdev": 9.15832614899
    },
    "barkbands_skewness": {
        "max": 8.72131729126,
        "mean": 1.60492646694,
        "min": -1.25575315952,
        "stdev": 1.28155481815
    },
    "barkbands_spread": {
        "max": 66.5985794067,
        "mean": 21.4403896332,
        "min": 0.910613179207,
        "stdev": 10.7601985931
    },
    "dissonance": {
        "max": 0.49990093708,
        "mean": 0.467207252979,
        "min": 0.346539258957,
        "stdev": 0.0240267496556
    },
    "dynamic_complexity": 2.56186151505,
    "erbbands_crest": {
        "max": 28.8809261322,
        "mean": 9.08285427094,
        "min": 2.44514489174,
        "stdev": 5.11598348618
    },
    "erbbands_flatness_db": {
        "max": 0.289657711983,
        "mean": 0.142109245062,
        "min": 0.0533969327807,
        "stdev": 0.0388633087277
    },
    "erbbands_kurtosis": {
        "max": 16.1766777039,
        "mean": 0.572216868401,
        "min": -1.56193614006,
        "stdev": 2.00936532021
    },
    "erbbands_skewness": {
        "max": 3.36877703667,
        "mean": 0.295914798975,
        "min": -2.79009461403,
        "stdev": 0.669606208801
    },
    "erbbands_spread": {
        "max": 86.3552017212,
        "mean": 36.4190216064,
        "min": 5.11035299301,
        "stdev": 15.2085161209
    },
    "hfc": {
        "max": 104.411659241,
        "mean": 22.6335716248,
        "min": 0.243368387222,
        "stdev": 18.8589344025
    },
    "loudness_ebu128": {
        "integrated": -15.5023803711,
        "loudness_range": 4.06413650513,
        "momentary": {
            "max": -12.4638566971,
            "mean": -15.8527736664,
            "min": -19.6545696259,
            "stdev": 1.779763937
        },
        "short_term": {
            "max": -13.5481901169,
            "mean": -15.8297777176,
            "min": -18.5049304962,
            "stdev": 1.52164173126
        }
    },
    "melbands_crest": {
        "max": 30.2190608978,
        "mean": 14.4710626602,
        "min": 4.30381584167,
        "stdev": 4.84176969528
    },
    "melbands_flatness_db": {
        "max": 0.475539207458,
        "mean": 0.204034432769,
        "min": 0.0798534229398,
        "stdev": 0.0662908405066
    },
    "melbands_kurtosis": {
        "max": 165.269439697,
        "mean": 13.7489652634,
        "min": -1.6002560854,
        "stdev": 19.7387161255
    },
    "melbands_skewness": {
        "max": 9.96304988861,
        "mean": 2.63792681694,
        "min": -1.41382372379,
        "stdev": 1.77099978924
    },
    "melbands_spread": {
        "max": 82.4893493652,
        "mean": 22.1900424957,
        "min": 0.75518643856,
        "stdev": 13.9441308975
    },
    "pitch_salience": {
        "max": 0.798418819904,
        "mean": 0.531293928623,
        "min": 0.112972483039,
        "stdev": 0.112089447677
    },
    "silence_rate_20dB": {
        "max": 1,
        "mean": 1,
        "min": 1,
        "stdev": 0
    },
    "silence_rate_30dB": {
        "max": 1,
        "mean": 1,
        "min": 1,
        "stdev": 0
    },
    "silence_rate_60dB": {
        "max": 1,
        "mean": 0.00142755173147,
        "min": 0,
        "stdev": 0.037755921483
    },
    "spectral_centroid": {
        "max": 3111.05444336,
        "mean": 1315.31286621,
        "min": 205.281234741,
        "stdev": 546.994689941
    },
    "spectral_complexity": {
        "max": 45,
        "mean": 19.201997757,
        "min": 1,
        "stdev": 7.03076982498
    },
    "spectral_decrease": {
        "max": -3.15301174059e-10,
        "mean": -7.71659180998e-09,
        "min": -3.01230542732e-08,
        "stdev": 4.28982627199e-09
    },
    "spectral_energy": {
        "max": 0.118162333965,
        "mean": 0.0311770960689,
        "min": 0.0012120938627,
        "stdev": 0.0173237137496
    },
    "spectral_energyband_high": {
        "max": 0.0111623965204,
        "mean": 0.000696511124261,
        "min": 2.93082030112e-06,
        "stdev": 0.000878312974237
    },
    "spectral_energyband_low": {
        "max": 0.0706870928407,
        "mean": 0.0132451234385,
        "min": 0.000136301328894,
        "stdev": 0.0118086691946
    },
    "spectral_energyband_middle_high": {
        "max": 0.0569163709879,
        "mean": 0.00876332446933,
        "min": 3.99491800636e-05,
        "stdev": 0.0102581689134
    },
    "spectral_energyband_middle_low": {
        "max": 0.0678716748953,
        "mean": 0.0102033643052,
        "min": 6.7974346166e-05,
        "stdev": 0.00821049977094
    },
    "spectral_entropy": {
        "max": 8.47757434845,
        "mean": 7.62982702255,
        "min": 6.18362855911,
        "stdev": 0.330890327692
    },
    "spectral_flux": {
        "max": 0.30524969101,
        "mean": 0.10088738054,
        "min": 0.0202176030725,
        "stdev": 0.0426235832274
    },
    "spectral_kurtosis": {
        "max": 41.099155426,
        "mean": 4.73919868469,
        "min": 0.844248533249,
        "stdev": 2.81213450432
    },
    "spectral_rms": {
        "max": 0.0107368677855,
        "mean": 0.00529489340261,
        "min": 0.00108744227327,
        "stdev": 0.00154298648704
    },
    "spectral_rolloff": {
        "max": 6395.36132812,
        "mean": 1132.34484863,
        "min": 86.1328125,
        "stdev": 825.089416504
    },
    "spectral_skewness": {
        "max": 4.73724269867,
        "mean": 1.64456522465,
        "min": 0.76869904995,
        "stdev": 0.359946101904
    },
    "spectral_spread": {
        "max": 9948143,
        "mean": 4588729.5,
        "min": 1648811.25,
        "stdev": 1350710.75
    },
    "spectral_strongpeak": {
        "max": 11.4045343399,
        "mean": 1.21543681622,
        "min": 0,
        "stdev": 1.87642884254
    },
    "zerocrossingrate": {
        "max": 0.17431640625,
        "mean": 0.05398696661,
        "min": 0.00146484375,
        "stdev": 0.0268828496337
    },
    "barkbands": {
        "max": [0.00560009665787, 0.0602740161121, 0.0388229116797, 0.0387779697776, 0.0229099430144, 0.0227964743972, 0.0231170915067, 0.0271600186825, 0.0214343052357, 0.0483861267567, 0.0411904267967, 0.046871766448, 0.0175076276064, 0.0106968069449, 0.0150532834232, 0.0260115098208, 0.0167242866009, 0.00890502892435, 0.0065503641963, 0.0121989659965, 0.00215575494803, 0.00117419904564, 0.000843831279781, 0.00101408211049, 0.00181333790533, 0.000849654315971, 0.000308587594191],
        "mean": [0.000384710496292, 0.0083024809137, 0.00324313738383, 0.00284419045784, 0.00204065581784, 0.00157793588005, 0.00118975911755, 0.00080786307808, 0.0010562237585, 0.00246328418143, 0.0015111687826, 0.00131836859509, 0.000838284497149, 0.000485824275529, 0.000395831943024, 0.00051551888464, 0.000477729743579, 0.000467830221169, 0.000352218135959, 0.000356842763722, 0.000105522995, 8.3275459474e-05, 8.61213702592e-05, 0.000100583667518, 0.000100319055491, 5.94881894358e-05, 1.19668584375e-05],
        "min": [1.46148039448e-07, 1.86845900316e-05, 3.15787656291e-05, 1.51074414134e-06, 8.75535806699e-06, 1.42919986956e-06, 1.66503718901e-06, 4.99303632751e-06, 6.08831305726e-06, 6.87120154907e-06, 3.66859785572e-06, 9.95026539385e-07, 3.08869539367e-06, 2.28548265113e-06, 1.68715178006e-06, 2.00914723791e-06, 1.78237428372e-06, 1.00221188859e-06, 1.57881186169e-06, 1.39063274673e-06, 8.03293403351e-07, 3.64546508536e-07, 1.15975154813e-07, 1.42681443549e-07, 1.18413893802e-07, 1.09493910827e-07, 8.68517080477e-09],
        "stdev": [0.000714909285307, 0.00888493284583, 0.00456664664671, 0.00444049760699, 0.00264701177366, 0.00217924034223, 0.00177941040602, 0.0015848526964, 0.00171842239797, 0.00503042060882, 0.00391321396455, 0.0038431850262, 0.0019383848412, 0.000989827211015, 0.00113248196431, 0.00170414801687, 0.00141287397128, 0.000775922439061, 0.000596818281338, 0.000893544289283, 0.00013548732386, 9.88763349596e-05, 0.000107216721517, 0.000130735978018, 0.000152628228534, 0.000119552161777, 3.06288748106e-05]
    },
    "erbbands": {
        "max": [1.69460332394, 13.3872308731, 38.6305465698, 93.8079528809, 140.43182373, 76.3948822021, 185.257675171, 286.366455078, 406.01272583, 297.487182617, 478.248657227, 598.10546875, 1811.17370605, 1875.59899902, 1821.71081543, 1754.25964355, 813.916503906, 678.978027344, 659.588745117, 1903.90539551, 894.752990723, 1068.45141602, 330.730072021, 452.248779297, 436.208526611, 579.698242188, 313.316864014, 53.2737579346, 32.4113540649, 35.927318573, 26.3044662476, 18.9648895264, 23.3388328552, 19.7226295471, 10.3598909378, 4.40816879272, 1.67803764343, 0.440486580133, 0.0510996058583, 0.00131928862538],
        "mean": [0.196795940399, 1.95565402508, 4.15957403183, 6.82469320297, 8.60163402557, 5.59099817276, 10.5878658295, 13.5292425156, 16.9325485229, 15.848528862, 18.3577041626, 25.7714691162, 63.9182548523, 76.9739074707, 39.7564277649, 53.9576263428, 45.79114151, 24.9984779358, 21.197675705, 31.0909347534, 23.9022769928, 28.1926326752, 25.6150302887, 22.5771274567, 16.9281959534, 15.1751651764, 5.84266376495, 4.26503610611, 2.97640252113, 2.60101175308, 2.58504939079, 1.98510599136, 1.69544458389, 1.21992623806, 0.661791026592, 0.307778805494, 0.100415997207, 0.0209538470954, 0.00214272947051, 7.83864597906e-05],
        "min": [0.000568248739, 0.00815058778971, 0.0382548086345, 0.026336370036, 0.0680941194296, 0.0196020621806, 0.0108689805493, 0.0110730277374, 0.0262258108705, 0.116570778191, 0.150090008974, 0.139547288418, 0.256602108479, 0.267054975033, 0.143567591906, 0.0566126517951, 0.170928612351, 0.145089477301, 0.219380781054, 0.0709948986769, 0.126974746585, 0.119518779218, 0.0602922327816, 0.027460636571, 0.0603775754571, 0.0611430443823, 0.0330869331956, 0.0211227405816, 0.0123868463561, 0.00663996394724, 0.00301972264424, 0.00311559555121, 0.00193489482626, 0.00148329138756, 0.000705681624822, 0.000393061403884, 0.000179974886123, 4.36623377027e-05, 3.89520528188e-06, 2.99768294099e-06],
        "stdev": [0.248990863562, 2.15426969528, 5.07527828217, 9.66298103333, 13.8894987106, 7.79137229919, 15.3800430298, 20.8363819122, 24.7982463837, 24.5126590729, 30.3373279572, 42.5146141052, 133.491516113, 164.484191895, 101.23651886, 143.18901062, 98.3448028564, 53.4056434631, 42.5723609924, 101.344871521, 63.9620704651, 85.7645874023, 41.3312568665, 35.375957489, 34.8881187439, 37.4528312683, 12.9620103836, 5.34187793732, 3.58576822281, 3.13645339012, 3.29128980637, 2.52378630638, 2.3597536087, 1.77182805538, 1.07549023628, 0.560704708099, 0.22146473825, 0.0485155284405, 0.00530337775126, 0.000109219552542]
    },
    "gfcc": {
        "mean": [20.676153183, 95.4797668457, -110.673202515, 28.5035457611, -47.9597816467, 17.7404899597, -28.9089317322, 17.676448822, -24.5721416473, 0.329449206591, -12.1834850311, 1.49797737598, -10.3833246231],
        "cov": [[3319.83349609, -1710.52160645, 0.283393889666, -420.892913818, -308.03817749, 270.496063232, -235.124984741, 177.41545105, -211.780273438, 261.653045654, -12.4819478989, 184.552764893, -72.9321060181], [-1710.52160645, 1314.1763916, -26.9338760376, 237.597610474, 185.082931519, -177.572479248, 169.62437439, -131.236221313, 116.717247009, -191.317428589, 14.293176651, -142.907699585, 72.9998168945], [0.283393889666, -26.9338760376, 334.565856934, 35.9246101379, 43.0062294006, -3.23424220085, -17.0082530975, -10.4772310257, 26.9525985718, 10.2100372314, -40.3838272095, 3.21059942245, -17.4954433441], [-420.892913818, 237.597610474, 35.9246101379, 353.638000488, 87.1654129028, -27.2367992401, 10.0530977249, -10.3525085449, 76.3153610229, -46.4222297668, -8.7112531662, -49.7600898743, 16.4219303131], [-308.03817749, 185.082931519, 43.0062294006, 87.1654129028, 205.178878784, 0.492628216743, 53.6587600708, 10.2540035248, 36.4638786316, -35.8350715637, -6.52300643921, -16.0215339661, 10.6221389771], [270.496063232, -177.572479248, -3.23424220085, -27.2367992401, 0.492628216743, 142.434387207, 39.8711967468, 24.9656715393, -21.2974376678, 45.2199516296, 16.6862163544, 13.3059234619, -5.50490760803], [-235.124984741, 169.62437439, -17.0082530975, 10.0530977249, 53.6587600708, 39.8711967468, 154.497467041, -5.9013338089, -2.91027903557, -20.073764801, 31.7639656067, -22.5504207611, 9.17158317566], [177.41545105, -131.236221313, -10.4772310257, -10.3525085449, 10.2540035248, 24.9656715393, -5.9013338089, 99.9967422485, 21.8021297455, 21.5912437439, 10.0250635147, 29.4496097565, 4.27521848679], [-211.780273438, 116.717247009, 26.9525985718, 76.3153610229, 36.4638786316, -21.2974376678, -2.91027903557, 21.8021297455, 122.626930237, 19.3260669708, -5.92443227768, 4.43547296524, 13.8224496841], [261.653045654, -191.317428589, 10.2100372314, -46.4222297668, -35.8350715637, 45.2199516296, -20.073764801, 21.5912437439, 19.3260669708, 116.816497803, 32.4054603577, 30.5305976868, -3.15880346298], [-12.4819478989, 14.293176651, -40.3838272095, -8.7112531662, -6.52300643921, 16.6862163544, 31.7639656067, 10.0250635147, -5.92443227768, 32.4054603577, 83.6763076782, 18.8362884521, 5.22161579132], [184.552764893, -142.907699585, 3.21059942245, -49.7600898743, -16.0215339661, 13.3059234619, -22.5504207611, 29.4496097565, 4.43547296524, 30.5305976868, 18.8362884521, 85.5768432617, 11.9819002151], [-72.9321060181, 72.9998168945, -17.4954433441, 16.4219303131, 10.6221389771, -5.50490760803, 9.17158317566, 4.27521848679, 13.8224496841, -3.15880346298, 5.22161579132, 11.9819002151, 70.26222229]],
        "icov": [[0.00103568879422, 0.000993914320134, -2.90775860776e-05, 0.000266696501058, 0.000317057361826, -0.000567155773751, 0.00045093765948, -0.000488353718538, 0.000676512019709, -0.000294981640764, 0.000185349723324, 9.16283024708e-05, -0.000324434658978], [0.000993914320134, 0.00385446078144, 3.26428053086e-05, 0.000410282082157, -0.000636639480945, 0.00153148465324, -0.00140627729706, 0.00234361132607, -0.00263773906045, 0.00306468270719, -0.00243073282763, 0.00291957729496, -0.00246406509541], [-2.90775860776e-05, 3.26428053086e-05, 0.00352844921872, -0.000372717651771, -0.000853084784467, 0.000214113199036, -0.000168578524608, 0.000771750696003, -0.000282705645077, -0.00111253431533, 0.00207088538446, -0.000923586660065, 0.00103159656283], [0.000266696501058, 0.000410282082157, -0.000372717651771, 0.00435914378613, -0.00098592217546, -0.000815043400507, 0.00126040913165, 0.000438370741904, -0.00287948874757, 0.00224055559374, -0.00181138922926, 0.00267367972992, -0.00102121348027], [0.000317057361826, -0.000636639480945, -0.000853084784467, -0.00098592217546, 0.0070575941354, -0.00109909463208, -0.00141191494185, -0.00209220941179, -3.26684494212e-05, 0.000605962472036, 0.00115865841508, -0.000956453150138, 0.000277767976513], [-0.000567155773751, 0.00153148465324, 0.000214113199036, -0.000815043400507, -0.00109909463208, 0.0124712884426, -0.00564066832885, -0.000155285888468, 0.000960310106166, -0.00316161848605, 0.000409035710618, 0.000784907548223, -0.000542352499906], [0.00045093765948, -0.00140627729706, -0.000168578524608, 0.00126040913165, -0.00141191494185, -0.00564066832885, 0.0118278637528, -0.000909664842766, 0.000755777815357, 0.00167594966479, -0.00398099282756, 0.0017275463324, -0.000196573397261], [-0.000488353718538, 0.00234361132607, 0.000771750696003, 0.000438370741904, -0.00209220941179, -0.000155285888468, -0.000909664842766, 0.0154691142961, -0.00619168719277, 0.00350762158632, -0.00322592025623, -0.000729986350052, -0.0016305091558], [0.000676512019709, -0.00263773906045, -0.000282705645077, -0.00287948874757, -3.26684494212e-05, 0.000960310106166, 0.000755777815357, -0.00619168719277, 0.0168050043285, -0.00937358569354, 0.00611768709496, -0.00436163507402, 0.000965355488006], [-0.000294981640764, 0.00306468270719, -0.00111253431533, 0.00224055559374, 0.000605962472036, -0.00316161848605, 0.00167594966479, 0.00350762158632, -0.00937358569354, 0.0198279265314, -0.0101082650945, 0.00286402367055, -0.00206423806958], [0.000185349723324, -0.00243073282763, 0.00207088538446, -0.00181138922926, 0.00115865841508, 0.000409035710618, -0.00398099282756, -0.00322592025623, 0.00611768709496, -0.0101082650945, 0.0208954457194, -0.00699521182105, 0.00221175537445], [9.16283024708e-05, 0.00291957729496, -0.000923586660065, 0.00267367972992, -0.000956453150138, 0.000784907548223, 0.0017275463324, -0.000729986350052, -0.00436163507402, 0.00286402367055, -0.00699521182105, 0.0198935642838, -0.00565390009433], [-0.000324434658978, -0.00246406509541, 0.00103159656283, -0.00102121348027, 0.000277767976513, -0.000542352499906, -0.000196573397261, -0.0016305091558, 0.000965355488006, -0.00206423806958, 0.00221175537445, -0.00565390009433, 0.0175087284297]]
    },
    "melbands": {
        "max": [0.0166323781013, 0.0188930686563, 0.014246314764, 0.0064232670702, 0.00553775252774, 0.00550584169105, 0.00561554171145, 0.00388227379881, 0.00310883694328, 0.00357975251973, 0.00911385845393, 0.0074894670397, 0.006683872547, 0.00333256344311, 0.00687098270282, 0.00240347115323, 0.00134650152177, 0.000975555449259, 0.00123876519501, 0.00258854730055, 0.0012882129522, 0.00148159870878, 0.000363374507288, 0.000635061878711, 0.00045926173334, 0.000313653348712, 0.000639738864265, 0.000444170582341, 0.000349433219526, 3.79268749384e-05, 3.67360298696e-05, 1.86496945389e-05, 2.21486679948e-05, 1.84952004929e-05, 1.80407023436e-05, 1.03331094579e-05, 1.40083848237e-05, 1.11016224764e-05, 2.4995446438e-05, 1.38140476338e-05],
        "mean": [0.00205774814822, 0.00237328838557, 0.001274705166, 0.000467958074296, 0.000351492606569, 0.000309844006551, 0.000252164842095, 0.000178993024747, 0.000145657235407, 0.000163548844284, 0.000329845177475, 0.000323324726196, 0.000158937386004, 9.2597285402e-05, 0.000183895492228, 7.18717856216e-05, 4.33573768532e-05, 3.56512646249e-05, 3.30812326865e-05, 4.48296450486e-05, 2.41032976191e-05, 3.36742959917e-05, 1.71589490492e-05, 2.46532854362e-05, 1.78544432856e-05, 1.21718358059e-05, 1.38911691465e-05, 9.30254736886e-06, 4.27233317168e-06, 2.23333586291e-06, 2.50699940807e-06, 1.71506246716e-06, 1.47397338424e-06, 1.37801430355e-06, 1.54485542225e-06, 1.20704305573e-06, 1.27557882479e-06, 1.12919872208e-06, 1.20778395285e-06, 1.02097044419e-06],
        "min": [5.35714298167e-06, 2.45001247094e-05, 6.46627768219e-06, 2.69975203082e-06, 3.74479839138e-07, 2.50663759971e-07, 4.82301857119e-07, 1.23721542877e-06, 1.17051854431e-06, 9.01630471617e-07, 1.16524529403e-06, 1.00801719327e-06, 3.94658997038e-07, 1.65427110232e-07, 3.60788931175e-07, 2.71762104376e-07, 2.31489863722e-07, 2.24430522167e-07, 7.650655931e-08, 9.53950092253e-08, 1.56112434979e-07, 1.33728221385e-07, 7.42064329984e-08, 3.35012586561e-08, 1.58610955481e-08, 3.38081953544e-08, 3.88808949481e-08, 3.29005303001e-08, 2.26758363198e-08, 1.33767308341e-08, 7.89305509841e-09, 6.32482777263e-09, 4.94928187322e-09, 2.9751443531e-09, 1.58985602461e-09, 1.44296541382e-09, 1.91679405681e-09, 1.23421484144e-09, 1.0702946307e-09, 1.09635178713e-09],
        "stdev": [0.00226269848645, 0.00246243365109, 0.0017270311946, 0.000649731780868, 0.000486514501972, 0.000436169444583, 0.000360439211363, 0.000292042299407, 0.000232531994698, 0.000281433807686, 0.000699909462128, 0.000682942161802, 0.000439247436589, 0.000202682917006, 0.000566232542042, 0.00020999708795, 0.000102866848465, 7.45811048546e-05, 9.38234443311e-05, 0.000159025745234, 7.22852055333e-05, 0.000113396854431, 3.02801072394e-05, 4.78501606267e-05, 3.07448826788e-05, 2.32466300076e-05, 4.05075588787e-05, 2.49114145845e-05, 1.34880165206e-05, 2.74485387308e-06, 3.46019783137e-06, 2.14775627683e-06, 1.83313522939e-06, 1.75049979134e-06, 2.0841434889e-06, 1.5461929479e-06, 1.70231635366e-06, 1.53548455728e-06, 1.9758037979e-06, 1.55583245487e-06]
    },
    "melbands128": {
        "max": [0.0039810067974, 0.0159481950104, 0.0276487581432, 0.0270334258676, 0.0257894061506, 0.0220158211887, 0.0222509074956, 0.0206033289433, 0.0161413066089, 0.00547198113054, 0.00572961708531, 0.00755454599857, 0.00779507122934, 0.00587576208636, 0.0103546138853, 0.00642383936793, 0.00778651796281, 0.00738055957481, 0.00533833121881, 0.00484083592892, 0.00747866323218, 0.00889886170626, 0.00374359125271, 0.00596857443452, 0.0069990423508, 0.00371117284521, 0.0102623514831, 0.018444435671, 0.0108667593449, 0.0130280880257, 0.014864188619, 0.00916767120361, 0.0125440619886, 0.00598837994039, 0.00666933646426, 0.00389150111005, 0.00751944398507, 0.0155922891572, 0.0040353317745, 0.00377108086832, 0.00463046412915, 0.00285016512498, 0.00296136108227, 0.00180934171658, 0.00173953687772, 0.00178670778405, 0.00230123335496, 0.00191094609909, 0.00233700801618, 0.00713569391519, 0.00563436560333, 0.00428181514144, 0.00153537245933, 0.00270284316503, 0.00167197780684, 0.00313614495099, 0.00146228563972, 0.000957862182986, 0.000672795809805, 0.000656814605463, 0.000936282216571, 0.00101127603557, 0.000929067202378, 0.000978996627964, 0.000719131843653, 0.000680699013174, 0.00034788902849, 0.00061691517476, 0.00136077986099, 0.00127661402803, 0.000533666345291, 0.00139977759682, 0.000988838262856, 0.000233385857427, 4.91269893246e-05, 3.91498761019e-05, 4.61045965494e-05, 3.32106719725e-05, 6.85037230141e-05, 5.81096501264e-05, 2.26796018978e-05, 1.85019071068e-05, 4.01932629757e-05, 2.67750965577e-05, 3.19017017318e-05, 2.01402654056e-05, 2.18798504648e-05, 1.58322363859e-05, 3.05925059365e-05, 2.32536185649e-05, 1.97762492462e-05, 1.23119107229e-05, 1.19218466352e-05, 1.40039956023e-05, 2.26013908105e-05, 1.87678251677e-05, 1.06322313513e-05, 3.36900920956e-05, 4.19322277594e-05, 3.69215813407e-05, 1.62591186381e-05, 1.75232053152e-05, 1.93324449356e-05, 1.22154724522e-05, 1.15570228445e-05, 1.95933498617e-05, 1.26599861687e-05, 1.08619688035e-05, 9.18686600926e-06, 6.35836522633e-06, 4.69565793537e-06, 9.43128179642e-06, 7.25070231056e-06, 5.53729614694e-06, 3.99983127863e-06, 3.61152456207e-06, 3.92628408008e-06, 3.21833931594e-06, 4.5960468924e-06, 1.86130546354e-06, 1.24876078189e-06, 1.45570720633e-06, 5.47069646473e-07, 1.14997167344e-08, 5.00981434115e-09, 4.8530415242e-09, 4.75913930487e-09, 4.7034154349e-09],
        "mean": [0.000337671401212, 0.00137669430114, 0.00268260412849, 0.00354362674989, 0.00248477910645, 0.00148965558037, 0.00134586065542, 0.00145692762453, 0.00085566326743, 0.000324397988152, 0.000265498092631, 0.000340380182024, 0.000374169379938, 0.000366261636373, 0.00032789321267, 0.000238204433117, 0.000315890501952, 0.000229214871069, 0.000232754013268, 0.000136511938763, 0.000191834420548, 0.000191926592379, 0.000118394236779, 0.000132064669742, 0.00015724216064, 0.000182256670087, 0.000153551547555, 0.000369113957277, 0.000487869372591, 0.000274958147202, 0.000338040670613, 0.000272577599389, 0.000120717020764, 0.000109632681415, 6.72923270031e-05, 6.22262959951e-05, 0.000148912338773, 0.000323057465721, 8.11550708022e-05, 7.40253599361e-05, 8.95440534805e-05, 3.08793860313e-05, 4.12115587096e-05, 4.73983272968e-05, 5.3132091125e-05, 3.03258730128e-05, 2.06306031032e-05, 2.81636912405e-05, 3.62662904081e-05, 5.37788873771e-05, 5.1592978707e-05, 3.25206165144e-05, 1.87047025975e-05, 2.05414507946e-05, 3.34510659741e-05, 4.78408655908e-05, 2.1110086891e-05, 9.56366875471e-06, 1.71222745848e-05, 2.80328604276e-05, 2.93464763672e-05, 1.80203187483e-05, 1.75950863195e-05, 1.73301123141e-05, 2.03607196454e-05, 1.02417961898e-05, 7.82859387982e-06, 1.38217910717e-05, 1.76611320057e-05, 1.04978635136e-05, 8.17017553345e-06, 1.08717913463e-05, 5.50538834432e-06, 3.13416194331e-06, 2.26049701268e-06, 1.88643139154e-06, 2.37626386479e-06, 2.78238280771e-06, 2.5935330541e-06, 2.18754075831e-06, 1.86536829005e-06, 1.37908489251e-06, 1.57446629601e-06, 1.3984325733e-06, 1.52962616085e-06, 1.50000585109e-06, 1.30446665025e-06, 1.14960084829e-06, 1.78030381903e-06, 1.60918534675e-06, 1.37179745252e-06, 1.0483860251e-06, 9.84750727184e-07, 1.27265548144e-06, 1.55130669555e-06, 1.15416287372e-06, 8.83434324805e-07, 1.27865109789e-06, 1.48331014316e-06, 1.00763872979e-06, 7.86211330706e-07, 1.20086770039e-06, 1.09374093427e-06, 6.8665639219e-07, 7.00066721038e-07, 7.68439178955e-07, 5.68132179524e-07, 6.21751780727e-07, 5.99207794494e-07, 4.13395156329e-07, 3.47247492982e-07, 3.93812001676e-07, 3.23740493968e-07, 2.59508595946e-07, 1.94427769884e-07, 1.57285086289e-07, 1.54843434075e-07, 1.38516767834e-07, 1.24137855551e-07, 7.79512134841e-08, 3.48677815509e-08, 1.20575807117e-08, 4.72128736106e-09, 1.2208493938e-10, 9.9178755486e-12, 9.63587196146e-12, 9.46308656435e-12, 9.37753347197e-12],
        "min": [2.22420855067e-08, 2.82105560245e-07, 4.42753389507e-06, 3.33654020324e-06, 9.58837790677e-06, 1.49423003677e-05, 2.95890458801e-06, 4.53079081808e-07, 2.08853748518e-06, 2.17492288357e-06, 1.93395464976e-07, 2.57659536373e-07, 3.40838084867e-07, 4.42128850864e-07, 2.2150149448e-07, 1.10246119789e-07, 1.96157174059e-07, 7.28410611828e-08, 2.0314195126e-07, 7.849140502e-07, 7.45412307879e-07, 2.75655168025e-07, 4.00666294809e-07, 5.95786218582e-07, 5.25344603375e-07, 9.35329012464e-07, 6.02828492902e-07, 4.76146340134e-07, 2.12889801787e-07, 5.78624337777e-07, 3.29803867771e-07, 6.52301963555e-08, 3.04325908473e-07, 2.16353242877e-07, 2.25063118364e-07, 3.01274027947e-08, 1.53114374513e-08, 2.35794459513e-07, 2.39741723362e-07, 2.23063423732e-07, 8.27858315233e-08, 8.98881822309e-08, 1.24431039694e-07, 7.9191742941e-08, 6.9407676051e-08, 9.16355418212e-08, 5.64481723586e-08, 2.02681000872e-08, 8.11091922515e-08, 1.13492660603e-07, 5.55140431402e-08, 1.20933421499e-07, 8.80389592339e-08, 1.34154731768e-07, 9.23330958358e-08, 1.56697595344e-07, 4.60780000822e-08, 4.89298166428e-08, 6.97569149111e-08, 4.47121024649e-08, 2.94936626233e-08, 2.13010835637e-08, 1.85140294207e-08, 1.75115051348e-08, 6.13104012004e-09, 2.26376251078e-08, 3.78826712222e-08, 2.04275565352e-08, 2.60781529704e-08, 3.03109501942e-08, 2.4512182506e-08, 1.60091371271e-08, 2.16743458736e-08, 1.78285883834e-08, 7.89569298831e-09, 7.56891527232e-09, 7.16565606851e-09, 9.11750408505e-09, 5.08610975558e-09, 6.92838764138e-09, 6.93814472541e-09, 2.51274889784e-09, 3.67134789236e-09, 4.13465528482e-09, 3.88249210559e-09, 2.94733992767e-09, 1.80263282079e-09, 1.3092877893e-09, 1.16058551658e-09, 2.3050295006e-09, 1.57824264768e-09, 6.57498389067e-10, 1.07863140641e-09, 1.5066372594e-09, 1.12767428728e-09, 1.10168163481e-09, 9.73479075128e-10, 1.1473271222e-09, 9.72762426166e-10, 6.62506383087e-10, 7.96689325622e-10, 5.69002678308e-10, 9.07760255853e-10, 2.65695576651e-10, 4.45080694522e-10, 6.9831246341e-10, 3.84273918241e-10, 5.46269085522e-10, 5.10994302427e-10, 3.35172195554e-10, 3.53480966719e-10, 2.8337956981e-10, 3.41591421815e-10, 3.27514598775e-10, 2.47809162079e-10, 3.51921131125e-10, 2.78918277363e-10, 1.23573959225e-12, 1.36716254095e-13, 1.34172417642e-13, 1.24531014298e-13, 1.27031916345e-13, 1.0067739421e-13, 9.23214480667e-14, 6.52418589531e-14, 2.67563511765e-14, 3.70349994297e-15, 2.04179502162e-16],
        "stdev": [0.000630459573586, 0.00209713750519, 0.00332155241631, 0.00414281338453, 0.00315719447099, 0.00218295748346, 0.00215114187449, 0.00238147401251, 0.00151684961747, 0.000541111337952, 0.000464830372948, 0.000622023653705, 0.000639888166916, 0.000646627449896, 0.00070102524478, 0.00044206174789, 0.00060101255076, 0.000381433055736, 0.000568034942262, 0.000259982916759, 0.000457856658613, 0.000493254105095, 0.000237794447457, 0.000307322363369, 0.000387673033401, 0.000377117277822, 0.000519830500707, 0.00113335670903, 0.0011634483235, 0.000882188323885, 0.00108475831803, 0.000852623488754, 0.000671900925227, 0.00035436678445, 0.000262349232798, 0.000222422633669, 0.00048844300909, 0.00121418968774, 0.000262708199443, 0.000257772480836, 0.00034464566852, 0.000144340170664, 0.000169258913957, 0.000127050181618, 0.000135181137011, 9.74996437435e-05, 0.000103208520159, 8.71546581038e-05, 0.000156613081344, 0.00030929557397, 0.000236776002566, 0.000179221431608, 7.77401291998e-05, 0.00010193396156, 0.000118879703223, 0.000218047120143, 9.35577700147e-05, 3.4377524571e-05, 4.18988602178e-05, 5.94404809817e-05, 8.09137709439e-05, 6.25377797405e-05, 4.21454606112e-05, 4.53244974778e-05, 5.40409346286e-05, 3.21181832987e-05, 2.13891180465e-05, 4.27288723586e-05, 6.80029406794e-05, 5.27564661752e-05, 2.88416285912e-05, 4.8613306717e-05, 3.13336240652e-05, 8.41549717734e-06, 3.87659019907e-06, 2.83829876935e-06, 3.63439744433e-06, 3.8307948671e-06, 4.72394958706e-06, 3.76708999283e-06, 2.53432381214e-06, 1.98912471205e-06, 2.67239988716e-06, 1.90973855752e-06, 2.08613187169e-06, 2.18399236473e-06, 1.87070679658e-06, 1.58767318226e-06, 2.97489464174e-06, 2.25934832088e-06, 1.93007576854e-06, 1.50318010128e-06, 1.44965918025e-06, 1.72270813437e-06, 2.41640213972e-06, 1.82875191967e-06, 1.25789347294e-06, 2.22982998821e-06, 2.78450306723e-06, 1.7968704924e-06, 1.31621550281e-06, 1.97766007659e-06, 1.8902701413e-06, 1.27381201764e-06, 1.18159300655e-06, 1.47116247717e-06, 1.07747735001e-06, 1.20269885429e-06, 1.1124525372e-06, 8.4927825128e-07, 6.73990030009e-07, 9.25352878767e-07, 8.42344661578e-07, 6.26084727173e-07, 4.3760772428e-07, 3.75232275474e-07, 4.02093121465e-07, 3.96037989958e-07, 3.54508500777e-07, 2.0245992971e-07, 1.04108011101e-07, 6.52280363056e-08, 2.93562791853e-08, 7.45300432481e-10, 1.50588000403e-10, 1.46377091004e-10, 1.43789660734e-10, 1.42244369061e-10]
    },
    "mfcc": {
        "mean": [-625.935302734, 129.253997803, -0.321225732565, 20.6273555756, 6.99690771103, 1.96874558926, 10.2660293579, 11.1297674179, 2.02527809143, 3.46550774574, 0.357309997082, -0.175105467439, 0.802000403404],
        "cov": [[3111.84667969, -1333.06506348, 43.8766746521, -576.336364746, -112.271072388, -141.922897339, 20.6861896515, -122.601394653, -102.65940094, 11.3968915939, 5.86460161209, -3.78680586815, 30.598241806], [-1333.06506348, 946.21081543, -66.5739898682, 234.989379883, 11.998960495, 49.9505729675, 7.92393350601, 55.366268158, 43.4403190613, -4.71828317642, -39.3420829773, -21.2771396637, -11.4004802704], [43.8766746521, -66.5739898682, 239.162857056, 23.0235786438, 13.6830844879, 22.0998821259, -34.9833717346, -23.4681892395, 5.99737501144, -0.932931244373, 1.96571695805, 16.6203727722, -4.7249879837], [-576.336364746, 234.989379883, 23.0235786438, 323.152191162, 103.233215332, 47.1581535339, -28.6532897949, 43.4569969177, 40.6098022461, 5.72017002106, 4.52761459351, -11.0613594055, -5.43542289734], [-112.271072388, 11.998960495, 13.6830844879, 103.233215332, 157.416137695, 12.8665475845, -23.9205055237, 23.2505588531, 44.1509895325, -2.27848863602, 3.04123950005, 12.2193050385, 9.11591625214], [-141.922897339, 49.9505729675, 22.0998821259, 47.1581535339, 12.8665475845, 129.668487549, 34.7031211853, 8.87681102753, 17.6131858826, 19.706029892, 16.1608600616, 4.14023017883, -11.2778873444], [20.6861896515, 7.92393350601, -34.9833717346, -28.6532897949, -23.9205055237, 34.7031211853, 154.463729858, 32.1827545166, -27.3759689331, 31.7798347473, -4.95919752121, -30.3473739624, 12.8202638626], [-122.601394653, 55.366268158, -23.4681892395, 43.4569969177, 23.2505588531, 8.87681102753, 32.1827545166, 95.6355209351, 26.0896644592, -6.88809871674, 12.635509491, -7.86676836014, -2.72103214264], [-102.65940094, 43.4403190613, 5.99737501144, 40.6098022461, 44.1509895325, 17.6131858826, -27.3759689331, 26.0896644592, 86.280380249, 13.0162210464, 0.905109524727, 16.1935138702, -3.58998084068], [11.3968915939, -4.71828317642, -0.932931244373, 5.72017002106, -2.27848863602, 19.706029892, 31.7798347473, -6.88809871674, 13.0162210464, 79.8323440552, 13.3123950958, -14.2540149689, 11.4486122131], [5.86460161209, -39.3420829773, 1.96571695805, 4.52761459351, 3.04123950005, 16.1608600616, -4.95919752121, 12.635509491, 0.905109524727, 13.3123950958, 88.7385101318, 32.1344795227, -7.16723823547], [-3.78680586815, -21.2771396637, 16.6203727722, -11.0613594055, 12.2193050385, 4.14023017883, -30.3473739624, -7.86676836014, 16.1935138702, -14.2540149689, 32.1344795227, 92.6659927368, 16.1578140259], [30.598241806, -11.4004802704, -4.7249879837, -5.43542289734, 9.11591625214, -11.2778873444, 12.8202638626, -2.72103214264, -3.58998084068, 11.4486122131, -7.16723823547, 16.1578140259, 58.6120758057]],
        "icov": [[0.00103413662873, 0.00122267589904, 2.40703557211e-05, 0.000904135289602, -3.36276316375e-05, 0.000280306790955, 1.24340260754e-06, 0.000164281897014, 4.50004881714e-05, -0.000152962835273, 0.00023352818971, 0.000352900300641, -0.00018583664496], [0.00122267589904, 0.00293285353109, 0.00052567187231, -0.000216860004002, 0.000831746379845, 5.93157055846e-05, -0.000100952689536, -0.00010244576697, -0.000431440013926, -2.55844497588e-05, 0.00114228494931, 0.000135867725476, -6.53904353385e-05], [2.40703557211e-05, 0.00052567187231, 0.00473727704957, -0.000591746880673, 5.2843188314e-05, -0.00109337700997, 0.000964857579675, 0.000722479482647, 0.000178438276635, -0.000240852255956, 0.000632251030765, -0.000729129067622, 0.000356883596396], [0.000904135289602, -0.000216860004002, -0.000591746880673, 0.00648116273805, -0.00331876473501, -0.00126513966825, 0.00183716812171, -0.0017159790732, 0.00107924104668, -0.00106832827441, -0.000247631367529, 0.00161456130445, -0.000370220892364], [-3.36276316375e-05, 0.000831746379845, 5.2843188314e-05, -0.00331876473501, 0.00978841353208, 3.94086491724e-05, 1.54338213179e-05, -0.000224974093726, -0.00412763468921, 0.00149952690117, -6.58643766656e-05, -0.000171243198565, -0.00215936172754], [0.000280306790955, 5.93157055846e-05, -0.00109337700997, -0.00126513966825, 3.94086491724e-05, 0.0105411512777, -0.00410860637203, 0.00186835997738, -0.00260259420611, -0.000697977899108, -0.00152855564374, -0.00120164896362, 0.00278858304955], [1.24340260754e-06, -0.000100952689536, 0.000964857579675, 0.00183716812171, 1.54338213179e-05, -0.00410860637203, 0.0120179876685, -0.00653740949929, 0.0061931302771, -0.00531879672781, 0.00229390291497, 0.00126394256949, -0.00214698305354], [0.000164281897014, -0.00010244576697, 0.000722479482647, -0.0017159790732, -0.000224974093726, 0.00186835997738, -0.00653740949929, 0.0174962710589, -0.00829416234046, 0.0067842155695, -0.00546083925292, 0.00350693333894, -0.00103760277852], [4.50004881714e-05, -0.000431440013926, 0.000178438276635, 0.00107924104668, -0.00412763468921, -0.00260259420611, 0.0061931302771, -0.00829416234046, 0.0208277981728, -0.00846935622394, 0.00516265863553, -0.00534910801798, 0.00344448699616], [-0.000152962835273, -2.55844497588e-05, -0.000240852255956, -0.00106832827441, 0.00149952690117, -0.000697977899108, -0.00531879672781, 0.0067842155695, -0.00846935622394, 0.0201255865395, -0.00694465590641, 0.00661076325923, -0.0060542691499], [0.00023352818971, 0.00114228494931, 0.000632251030765, -0.000247631367529, -6.58643766656e-05, -0.00152855564374, 0.00229390291497, -0.00546083925292, 0.00516265863553, -0.00694465590641, 0.0174047388136, -0.00842123664916, 0.00521164992824], [0.000352900300641, 0.000135867725476, -0.000729129067622, 0.00161456130445, -0.000171243198565, -0.00120164896362, 0.00126394256949, 0.00350693333894, -0.00534910801798, 0.00661076325923, -0.00842123664916, 0.0182254705578, -0.0080580515787], [-0.00018583664496, -6.53904353385e-05, 0.000356883596396, -0.000370220892364, -0.00215936172754, 0.00278858304955, -0.00214698305354, -0.00103760277852, 0.00344448699616, -0.0060542691499, 0.00521164992824, -0.0080580515787, 0.0226861517876]]
    },
    "spectral_contrast_coeffs": {
        "max": [-0.480969876051, -0.54693710804, -0.483714222908, -0.57372546196, -0.5576582551, -0.681517004967],
        "mean": [-0.728354811668, -0.78097397089, -0.751946091652, -0.802307248116, -0.785066068172, -0.789874911308],
        "min": [-0.894040286541, -0.92375087738, -0.90801846981, -0.913355708122, -0.882307350636, -0.853824853897],
        "stdev": [0.0623618587852, 0.0619064606726, 0.0835676416755, 0.05847325176, 0.0505928993225, 0.0264100059867]
    },
    "spectral_contrast_valleys": {
        "max": [-4.61699485779, -5.14055967331, -5.75375032425, -6.22899961472, -6.15652322769, -8.12524032593],
        "mean": [-6.34602355957, -6.42380714417, -6.95426273346, -7.3614115715, -7.40202999115, -10.0077362061],
        "min": [-8.03227901459, -8.39148235321, -8.97763538361, -9.04494380951, -9.36220264435, -12.5765514374],
        "stdev": [0.460833519697, 0.457419931889, 0.453463584185, 0.415232121944, 0.501597344875, 0.971995055676]
    }
},
"rhythm": {
    "beats_count": 72,
    "beats_loudness": {
        "max": 0.0849712491035,
        "mean": 0.050302926451,
        "min": 0.0127072958276,
        "stdev": 0.0149754006416
    },
    "bpm": 133.914276123,
    "bpm_histogram_first_peak_bpm": 133,
    "bpm_histogram_first_peak_weight": 0.485714256763,
    "bpm_histogram_second_peak_bpm": 126,
    "bpm_histogram_second_peak_spread": 0,
    "bpm_histogram_second_peak_weight": 0.0140845067799,
    "danceability": 1.16193699837,
    "onset_rate": 3.35302710533,
    "beats_loudness_band_ratio": {
        "max": [0.963172972202, 0.29723829031, 0.487726539373, 0.439292550087, 0.294771850109, 0.346476465464],
        "mean": [0.670872986317, 0.0804472342134, 0.0942006334662, 0.102673493326, 0.0500552430749, 0.0297515857965],
        "min": [0.210897371173, 0.0131458202377, 0.00807132199407, 0.00704165874049, 0.00462433090433, 0.00152942270506],
        "stdev": [0.18717494607, 0.0614187382162, 0.095119766891, 0.0985072702169, 0.0537813231349, 0.041980151087]
    },
    "beats_position": [0.476009070873, 0.952018141747, 1.4164172411, 1.8575963974, 2.31038546562, 2.76317453384, 3.21596360207, 3.66875267029, 4.1099319458, 4.55111122131, 5.01551008224, 5.47990942001, 5.92108821869, 6.3622674942, 6.80344676971, 7.24462556839, 7.69741487503, 8.15020370483, 8.59138298035, 9.03256225586, 9.47374153137, 9.92653083801, 10.379319191, 10.8321084976, 11.2848978043, 11.7260770798, 12.1672563553, 12.6200447083, 13.0728340149, 13.5140132904, 13.9551925659, 14.3963718414, 14.8491611481, 15.301949501, 15.7431287766, 16.1843090057, 16.6254863739, 17.0782756805, 17.5310649872, 17.9722442627, 18.4250335693, 18.877822876, 19.3190021515, 19.760181427, 20.2129707336, 20.6657600403, 21.1185474396, 21.5713367462, 22.0241260529, 22.4769153595, 22.918094635, 23.3592739105, 23.800453186, 24.2416324615, 24.6944217682, 25.1472110748, 25.6000003815, 26.0527877808, 26.4939670563, 26.9467563629, 27.3879356384, 27.8407249451, 28.2819042206, 28.7230834961, 29.1758728027, 29.6286621094, 30.0698413849, 30.5110206604, 30.9638080597, 31.4165973663, 31.869386673, 32.322177887],
