{
"metadata": {
    "version": {
        "essentia": "2.1-beta5",
        "essentia_git_sha": "Undefined",
        "extractor": "music 2.0"
    },
    "audio_properties": {
        "analysis": {
            "equal_loudness": 0,
            "length": 29.106212616,
            "sample_rate": 44100,
            "start_time": 158.998641968,
            "downmix": "mix"
        },
        "bit_rate": 192000,
        "length": 188.128082275,
        "lossless": 0,
        "number_channels": 2,
        "replay_gain": -9.89952278137,
        "sample_rate": 48000,
        "codec": "mp3",
        "md5_encoded": "fc8a7bdc355dacbc66555ee7156ef7d3"
    },
    "tags": {
        "file_name": "Albania_Hear My Plea_Aida _ Frederik Ndoci.mp3",
        "encoding": ["Lavf58.29.100"]
    }
},
"lowlevel": {
    "average_loudness": 0.924047291279,
    "barkbands_crest": {
        "max": 23.2141056061,
        "mean": 8.08346366882,
        "min": 3.00916147232,
        "stdev": 3.12764072418
    },
    "barkbands_flatness_db": {
        "max": 0.259033232927,
        "mean": 0.111752346158,
        "min": 0.0397304780781,
        "stdev": 0.0295308697969
    },
    "barkbands_kurtosis": {
        "max": 43.1575698853,
        "mean": 1.01539576054,
        "min": -1.83299970627,
        "stdev": 3.52342271805
    },
    "barkbands_skewness": {
        "max": 5.84014749527,
        "mean": 0.74025785923,
        "min": -1.97359204292,
        "stdev": 0.989779531956
    },
    "barkbands_spread": {
        "max": 84.0450515747,
        "mean": 26.7096481323,
        "min": 3.18384981155,
        "stdev": 13.0991334915
    },
    "dissonance": {
        "max": 0.499999970198,
        "mean": 0.476606607437,
        "min": 0.354390621185,
        "stdev": 0.0197300557047
    },
    "dynamic_complexity": 2.7862534523,
    "erbbands_crest": {
        "max": 28.7695178986,
        "mean": 9.87789344788,
        "min": 2.79555487633,
        "stdev": 4.33209228516
    },
    "erbbands_flatness_db": {
        "max": 0.276635438204,
        "mean": 0.165720030665,
        "min": 0.0557280555367,
        "stdev": 0.0434640087187
    },
    "erbbands_kurtosis": {
        "max": 16.8235683441,
        "mean": 1.24492013454,
        "min": -1.46800160408,
        "stdev": 2.45062160492
    },
    "erbbands_skewness": {
        "max": 1.620221138,
        "mean": -0.24180996418,
        "min": -2.99538064003,
        "stdev": 1.00679910183
    },
    "erbbands_spread": {
        "max": 91.5069503784,
        "mean": 28.9469680786,
        "min": 6.59554481506,
        "stdev": 14.3732175827
    },
    "hfc": {
        "max": 71.378288269,
        "mean": 20.1130580902,
        "min": 3.00948221899e-09,
        "stdev": 15.1817016602
    },
    "loudness_ebu128": {
        "integrated": -14.6594181061,
        "loudness_range": 4.76840686798,
        "momentary": {
            "max": -11.5357666016,
            "mean": -15.6265068054,
            "min": -34.8047714233,
            "stdev": 3.32106184959
        },
        "short_term": {
            "max": -12.48042202,
            "mean": -15.1124544144,
            "min": -20.444896698,
            "stdev": 1.85935676098
        }
    },
    "melbands_crest": {
        "max": 27.274892807,
        "mean": 11.1642427444,
        "min": 2.79608273506,
        "stdev": 4.3833527565
    },
    "melbands_flatness_db": {
        "max": 0.365160882473,
        "mean": 0.163791805506,
        "min": 0.0103374766186,
        "stdev": 0.0448630489409
    },
    "melbands_kurtosis": {
        "max": 82.6433334351,
        "mean": 5.20686388016,
        "min": -1.75053906441,
        "stdev": 9.01387310028
    },
    "melbands_skewness": {
        "max": 7.64645338058,
        "mean": 1.66532635689,
        "min": -0.806055784225,
        "stdev": 1.28904688358
    },
    "melbands_spread": {
        "max": 136.899139404,
        "mean": 36.1050872803,
        "min": 2.30793976784,
        "stdev": 21.626537323
    },
    "pitch_salience": {
        "max": 0.911109685898,
        "mean": 0.571476101875,
        "min": 0.202897757292,
        "stdev": 0.132233425975
    },
    "silence_rate_20dB": {
        "max": 1,
        "mean": 1,
        "min": 1,
        "stdev": 0
    },
    "silence_rate_30dB": {
        "max": 1,
        "mean": 1,
        "min": 1,
        "stdev": 0
    },
    "silence_rate_60dB": {
        "max": 1,
        "mean": 0.0653386488557,
        "min": 0,
        "stdev": 0.247122183442
    },
    "spectral_centroid": {
        "max": 4072.52197266,
        "mean": 1886.07946777,
        "min": 492.296051025,
        "stdev": 567.052307129
    },
    "spectral_complexity": {
        "max": 40,
        "mean": 18.9808769226,
        "min": 0,
        "stdev": 7.2170419693
    },
    "spectral_decrease": {
        "max": -9.67113561244e-21,
        "mean": -4.03038358243e-09,
        "min": -1.74236909345e-08,
        "stdev": 2.56226706519e-09
    },
    "spectral_energy": {
        "max": 0.0675193592906,
        "mean": 0.0170359518379,
        "min": 3.09469572364e-13,
        "stdev": 0.0106526259333
    },
    "spectral_energyband_high": {
        "max": 0.00561660435051,
        "mean": 0.000426765502198,
        "min": 2.36869443331e-13,
        "stdev": 0.000585881643929
    },
    "spectral_energyband_low": {
        "max": 0.0565586574376,
        "mean": 0.00487994216383,
        "min": 5.21316930596e-15,
        "stdev": 0.00598180154338
    },
    "spectral_energyband_middle_high": {
        "max": 0.0331960432231,
        "mean": 0.00742080202326,
        "min": 5.23342931762e-14,
        "stdev": 0.0058384463191
    },
    "spectral_energyband_middle_low": {
        "max": 0.0326676927507,
        "mean": 0.00498885661364,
        "min": 1.03332852664e-14,
        "stdev": 0.00400085095316
    },
    "spectral_entropy": {
        "max": 9.31180667877,
        "mean": 7.59528446198,
        "min": 6.6760020256,
        "stdev": 0.318414926529
    },
    "spectral_flux": {
        "max": 0.204294875264,
        "mean": 0.0773359388113,
        "min": 2.23002389248e-05,
        "stdev": 0.0329190157354
    },
    "spectral_kurtosis": {
        "max": 21.6092376709,
        "mean": 5.80193948746,
        "min": 0.164865970612,
        "stdev": 2.52349209785
    },
    "spectral_rms": {
        "max": 0.00811619032174,
        "mean": 0.00384299899451,
        "min": 1.73758891719e-08,
        "stdev": 0.00136080128141
    },
    "spectral_rolloff": {
        "max": 16451.3671875,
        "mean": 2069.65844727,
        "min": 86.1328125,
        "stdev": 1132.1920166
    },
    "spectral_skewness": {
        "max": 3.06409478188,
        "mean": 1.72765612602,
        "min": 0.541952848434,
        "stdev": 0.289003044367
    },
    "spectral_spread": {
        "max": 22693142,
        "mean": 4175063.5,
        "min": 2307064,
        "stdev": 1256801.125
    },
    "spectral_strongpeak": {
        "max": 11.8639354706,
        "mean": 1.19667756557,
        "min": 0,
        "stdev": 1.72825932503
    },
    "zerocrossingrate": {
        "max": 0.607421875,
        "mean": 0.077483817935,
        "min": 0.0078125,
        "stdev": 0.0306508373469
    },
    "barkbands": {
        "max": [0.001814355026, 0.0380885265768, 0.0229619853199, 0.0211512707174, 0.0146824000403, 0.0123331639916, 0.00687913689762, 0.0112519320101, 0.0153159545735, 0.0120552154258, 0.0299881007522, 0.0145769175142, 0.0113948192447, 0.00247985450551, 0.00278176739812, 0.0131789110601, 0.00944964680821, 0.00838328804821, 0.0139471720904, 0.00244788918644, 0.00096450955607, 0.000969190266915, 0.00195182557218, 0.00187401252333, 0.00164827133995, 0.000498932262417, 0.000139418552862],
        "mean": [8.94415643415e-05, 0.00269591994584, 0.00156062049791, 0.000920847232919, 0.00181952572893, 0.000557503197342, 0.000406181148719, 0.000350318907294, 0.000684727972839, 0.000781956303399, 0.0011369085405, 0.000476552377222, 0.000588624388911, 0.000227923155762, 0.000316879479215, 0.00130281469319, 0.000701245153323, 0.000568889721762, 0.00132102856878, 0.000186129749636, 6.18025151198e-05, 5.45090369997e-05, 6.49120847811e-05, 7.73045321694e-05, 5.30773831997e-05, 2.56677249126e-05, 4.62667458123e-06],
        "min": [4.03145797114e-15, 2.6274875203e-15, 5.44455043743e-16, 2.35942456826e-16, 4.9825781386e-16, 4.04153538681e-16, 9.79799432506e-16, 3.24270385527e-15, 4.10724582058e-15, 2.64882618606e-15, 1.18979372321e-15, 2.61002021862e-15, 6.80976669571e-15, 2.14848191829e-15, 5.37744584037e-15, 4.5554914211e-15, 6.84400800261e-15, 4.93002652049e-15, 9.70130890226e-15, 1.01863436848e-14, 1.33061871051e-14, 1.29506721306e-14, 1.69790329257e-14, 3.0159173905e-14, 4.29189290444e-14, 5.98563760406e-14, 5.86570451499e-14],
        "stdev": [0.000168363258126, 0.00356903253123, 0.00260330573656, 0.00174869713373, 0.0022845340427, 0.000950102112256, 0.000603208667599, 0.000717952672858, 0.00114901491906, 0.00134669698309, 0.00243154540658, 0.000967148982454, 0.00086182547966, 0.00032103236299, 0.000360439764336, 0.00210458901711, 0.00112099573016, 0.000819829874672, 0.00208748318255, 0.000234216364333, 7.97226530267e-05, 7.75033404352e-05, 0.00014238669246, 0.000144906545756, 0.000104152510175, 4.22015436925e-05, 9.70662767941e-06]
    },
    "erbbands": {
        "max": [0.714254260063, 9.68185520172, 22.4036693573, 42.9159889221, 37.3052825928, 56.7152862549, 157.151092529, 100.998374939, 118.473266602, 180.814025879, 297.977355957, 367.86151123, 416.306335449, 390.865142822, 1142.67810059, 651.596069336, 623.992980957, 141.715988159, 139.689651489, 585.930725098, 641.386413574, 354.430603027, 394.611602783, 979.021118164, 185.722854614, 84.7497634888, 85.8092956543, 36.557849884, 23.0120258331, 51.6365013123, 58.4404678345, 43.5180549622, 22.9218387604, 18.2385940552, 10.9000549316, 3.19837832451, 0.945274472237, 0.230485185981, 0.0242900848389, 0.000477091089124],
        "mean": [0.0692533180118, 0.631081461906, 1.6863963604, 2.79563951492, 3.23420143127, 6.67648601532, 7.76213598251, 4.10569572449, 5.02119779587, 6.69294071198, 9.21983718872, 15.7650585175, 22.8466892242, 29.4248352051, 39.4799041748, 23.3241252899, 27.4974765778, 14.5185060501, 12.6640434265, 33.3839836121, 75.9460601807, 36.1635360718, 26.5538692474, 86.647819519, 26.2716064453, 9.60317134857, 4.41604042053, 1.96185147762, 1.72276246548, 1.94916307926, 1.9121016264, 1.6379878521, 1.23130607605, 0.706771671772, 0.323363304138, 0.138926446438, 0.0428157933056, 0.00831884611398, 0.000828402466141, 3.95290298911e-05],
        "min": [1.36838741835e-13, 3.89668440744e-13, 6.50104698807e-13, 7.80250050767e-13, 7.80501423041e-13, 1.69444731683e-12, 4.54106370562e-12, 2.43712797339e-12, 8.16447517232e-12, 2.97589800025e-11, 9.06723654492e-11, 9.37895872077e-11, 8.66255192578e-11, 5.83758597017e-11, 8.05986041796e-11, 1.2396135507e-10, 3.02059544044e-10, 1.63237215411e-10, 1.71232972246e-10, 3.39577005404e-10, 2.12541595435e-10, 3.91922577725e-10, 2.80443473999e-10, 5.98961880094e-10, 3.74798692082e-10, 4.72750616431e-10, 5.87527471119e-10, 4.62538646273e-10, 4.41769704151e-10, 4.87248463799e-10, 4.80733064467e-10, 5.57096979659e-10, 5.00339547571e-10, 4.18048512474e-10, 3.51884160699e-10, 2.29365929028e-10, 1.09455146335e-10, 4.35523769826e-11, 9.05247838495e-12, 7.09291512243e-13],
        "stdev": [0.0882209166884, 0.889958381653, 2.62673330307, 4.55172634125, 4.27155780792, 8.40261554718, 14.2106695175, 6.74144983292, 8.18305778503, 12.2200708389, 17.4029464722, 24.7879505157, 42.22498703, 44.4396934509, 80.5305862427, 42.2628250122, 42.2955093384, 18.8518943787, 15.2629175186, 43.4614295959, 120.994567871, 48.9031791687, 32.3034896851, 142.305374146, 30.6708431244, 10.8062038422, 6.14829683304, 2.78003144264, 2.24340653419, 3.76426100731, 4.3796620369, 3.45165801048, 2.01573729515, 1.33839261532, 0.663056433201, 0.237070515752, 0.07358815521, 0.0164745505899, 0.00166995171458, 4.30796462751e-05]
    },
    "gfcc": {
        "mean": [-5.39690828323, 63.984249115, -130.293746948, 23.5235900879, -45.3844490051, 10.932513237, -38.1731910706, 20.6602458954, -30.5601463318, -4.17277669907, -13.6866016388, 3.40478992462, -12.9808368683],
        "cov": [[5449.90087891, 227.06993103, 719.660827637, 666.378662109, 296.824951172, 96.4374542236, -190.425384521, 286.939971924, -311.890655518, -294.828430176, 182.231872559, 141.477508545, 95.5717010498], [227.06993103, 865.217773438, 744.959594727, 511.87713623, 172.262481689, 116.603111267, 75.0023574829, 104.845230103, -0.200296550989, -88.2978210449, 174.182388306, 10.8143014908, 15.4834938049], [719.660827637, 744.959594727, 1398.42932129, 829.524475098, 251.871566772, 167.708343506, 32.2396621704, 113.96849823, -23.0123996735, -109.618469238, 217.882171631, 68.7049407959, 29.4820632935], [666.378662109, 511.87713623, 829.524475098, 724.404296875, 301.240142822, 47.5021209717, -96.6034622192, 128.918670654, -28.4000797272, -105.747184753, 165.888031006, 48.0949287415, 64.4905395508], [296.824951172, 172.262481689, 251.871566772, 301.240142822, 357.000335693, -51.8336105347, -125.371459961, 108.617248535, -20.2479133606, -55.0612182617, 66.0969238281, 23.0739345551, 54.952545166], [96.4374542236, 116.603111267, 167.708343506, 47.5021209717, -51.8336105347, 204.224807739, 151.345397949, -5.95189285278, -7.89673757553, 7.04259109497, 31.4776954651, -1.48392784595, -21.8675365448], [-190.425384521, 75.0023574829, 32.2396621704, -96.6034622192, -125.371459961, 151.345397949, 262.360900879, -13.4847297668, 28.7763881683, 37.6419868469, -5.15056037903, -17.5751972198, -49.4641799927], [286.939971924, 104.845230103, 113.96849823, 128.918670654, 108.617248535, -5.95189285278, -13.4847297668, 140.768218994, 10.9803504944, -43.6496315002, 35.6473274231, 9.25085163116, 22.333530426], [-311.890655518, -0.200296550989, -23.0123996735, -28.4000797272, -20.2479133606, -7.89673757553, 28.7763881683, 10.9803504944, 125.816253662, 54.9900894165, -41.9239006042, -23.1968193054, -26.4024410248], [-294.828430176, -88.2978210449, -109.618469238, -105.747184753, -55.0612182617, 7.04259109497, 37.6419868469, -43.6496315002, 54.9900894165, 104.57901001, -21.5022945404, -13.964261055, -17.7687072754], [182.231872559, 174.182388306, 217.882171631, 165.888031006, 66.0969238281, 31.4776954651, -5.15056037903, 35.6473274231, -41.9239006042, -21.5022945404, 125.564315796, 38.3873710632, 21.5335884094], [141.477508545, 10.8143014908, 68.7049407959, 48.0949287415, 23.0739345551, -1.48392784595, -17.5751972198, 9.25085163116, -23.1968193054, -13.964261055, 38.3873710632, 59.0934333801, 27.308139801], [95.5717010498, 15.4834938049, 29.4820632935, 64.4905395508, 54.952545166, -21.8675365448, -49.4641799927, 22.333530426, -26.4024410248, -17.7687072754, 21.5335884094, 27.308139801, 82.3953170776]],
        "icov": [[0.000293241086183, 8.31764773466e-05, -2.74098165391e-05, -0.000233760860283, 0.000154076464241, -0.000269310286967, 0.000248068303335, -0.000697862182278, 0.000779084220994, 6.5546046244e-06, 0.000354428193532, -0.000443446071586, 0.000306255213218], [8.31764773466e-05, 0.00313527230173, -0.000690545712132, -0.000824623799417, -0.000228552627959, 0.000252530327998, -0.00144928332884, 0.000376512354705, -0.00148921529762, 0.00225595128722, -0.00307387718931, 0.00251370668411, -0.000566251459531], [-2.74098165391e-05, -0.000690545712132, 0.00319033162668, -0.0035078865476, 0.000373348040739, -0.000561976688914, -0.000850869400892, 0.000758845824748, -0.000223521958105, 8.4139253886e-05, 9.9399148894e-05, -0.00187820242718, 0.00119402632117], [-0.000233760860283, -0.000824623799417, -0.0035078865476, 0.00850387662649, -0.00239496165887, -0.0011690154206, 0.00278530619107, -0.00021162891062, -0.00211069337092, 0.00175733945798, -0.00253977184184, 0.00189807498828, -0.00222088047303], [0.000154076464241, -0.000228552627959, 0.000373348040739, -0.00239496165887, 0.00601665209979, 0.000471793493489, 0.00165375031065, -0.00342762889341, 0.00162011862267, -0.00144803244621, 0.000766243843827, -0.000190559934708, -0.000290707306704], [-0.000269310286967, 0.000252530327998, -0.000561976688914, -0.0011690154206, 0.000471793493489, 0.0109452791512, -0.00668429583311, 0.00130882591475, 0.00121022528037, -0.000594705983531, -0.00112379447091, 0.00129086594097, -0.0002709243563], [0.000248068303335, -0.00144928332884, -0.000850869400892, 0.00278530619107, 0.00165375031065, -0.00668429583311, 0.0106443436816, -0.00310387322679, 0.000384559534723, -0.00211374787614, 0.00125145958737, -0.000901348830666, 0.00210253405385], [-0.000697862182278, 0.000376512354705, 0.000758845824748, -0.00021162891062, -0.00342762889341, 0.00130882591475, -0.00310387322679, 0.0145167773589, -0.00752200558782, 0.00698313023895, -0.00482043949887, 0.00224605551921, -0.00292096938938], [0.000779084220994, -0.00148921529762, -0.000223521958105, -0.00211069337092, 0.00162011862267, 0.00121022528037, 0.000384559534723, -0.00752200558782, 0.0189419016242, -0.0115104923025, 0.00942367315292, -0.00243398034945, 0.00454986048862], [6.5546046244e-06, 0.00225595128722, 8.4139253886e-05, 0.00175733945798, -0.00144803244621, -0.000594705983531, -0.00211374787614, 0.00698313023895, -0.0115104923025, 0.0208091847599, -0.00765373324975, 0.00340789370239, -0.00252098008059], [0.000354428193532, -0.00307387718931, 9.9399148894e-05, -0.00253977184184, 0.000766243843827, -0.00112379447091, 0.00125145958737, -0.00482043949887, 0.00942367315292, -0.00765373324975, 0.0207331590354, -0.0103889089078, 0.00276124291122], [-0.000443446071586, 0.00251370668411, -0.00187820242718, 0.00189807498828, -0.000190559934708, 0.00129086594097, -0.000901348830666, 0.00224605551921, -0.00243398034945, 0.00340789370239, -0.0103889089078, 0.0279693547636, -0.00805156677961], [0.000306255213218, -0.000566251459531, 0.00119402632117, -0.00222088047303, -0.000290707306704, -0.0002709243563, 0.00210253405385, -0.00292096938938, 0.00454986048862, -0.00252098008059, 0.00276124291122, -0.00805156677961, 0.0182359237224]]
    },
    "melbands": {
        "max": [0.00871828198433, 0.0118806893006, 0.00722961919382, 0.00333854090422, 0.00502978637815, 0.00217816606164, 0.001553146285, 0.00183295272291, 0.00214198813774, 0.00268595316447, 0.00215194979683, 0.00153020315338, 0.00471131224185, 0.00121112819761, 0.00147618970368, 0.000904362881556, 0.000261335226241, 0.000207989607588, 0.000348307046806, 0.000790487334598, 0.000907200621441, 0.000535152619705, 0.000209998048376, 0.000521982146893, 0.00099634041544, 0.000278656894807, 6.27532790531e-05, 4.75856468256e-05, 8.61601802171e-05, 1.69790637301e-05, 2.80987005681e-05, 1.20440763567e-05, 1.98198540602e-05, 3.1842628232e-05, 3.54142248398e-05, 3.03578854073e-05, 3.77851320081e-05, 1.7035896235e-05, 1.50998885147e-05, 1.84661839739e-05],
        "mean": [0.000690858869348, 0.000879288185388, 0.0004811284889, 0.000368133711163, 0.000293925579172, 9.21764585655e-05, 7.73738574935e-05, 7.16983995517e-05, 8.23535883683e-05, 9.90976041066e-05, 0.000115041046229, 0.000115386530524, 0.000156881316798, 5.73329125473e-05, 6.86492348905e-05, 4.76412496937e-05, 2.41796788032e-05, 1.81328923645e-05, 2.68190651695e-05, 6.62683160044e-05, 9.62351405178e-05, 4.17225928686e-05, 1.93405503524e-05, 2.87131369987e-05, 8.05484887678e-05, 3.1664774724e-05, 6.88208046995e-06, 5.66427524973e-06, 3.56778741661e-06, 1.01445016298e-06, 1.18369723623e-06, 9.7150655165e-07, 1.03601144019e-06, 1.05012657059e-06, 1.07755022327e-06, 9.76792307483e-07, 1.07964115159e-06, 8.08646689165e-07, 8.30414819575e-07, 5.52133542442e-07],
        "min": [1.16906333298e-15, 3.84211153789e-16, 1.32937652081e-16, 8.05420203789e-17, 1.46540551228e-16, 5.866122044e-17, 1.46886418603e-16, 3.86839894071e-16, 7.76078850147e-16, 5.73388101034e-16, 4.31725678724e-16, 2.45228293738e-16, 2.09968019445e-16, 3.06394236925e-16, 5.11785565302e-16, 6.44637124425e-16, 2.36745602878e-16, 2.18384231453e-16, 4.27123378145e-16, 4.54803911935e-16, 1.84754733811e-16, 3.94998012494e-16, 3.59007979611e-16, 2.00350476489e-16, 5.42423170521e-16, 2.76737628208e-16, 3.24015751541e-16, 2.86574645341e-16, 3.68427012455e-16, 2.75726720856e-16, 2.73119685793e-16, 2.45289147761e-16, 2.53871338523e-16, 2.81354725395e-16, 2.52995400576e-16, 3.37037427267e-16, 3.26091829295e-16, 3.50557873051e-16, 3.57150092251e-16, 3.49381900152e-16],
        "stdev": [0.000876427919138, 0.00124640366994, 0.000730684783775, 0.000438702641986, 0.000496311753523, 0.000151949105202, 0.000120433898701, 0.000132419736474, 0.000143719254993, 0.000172202140675, 0.000217587163206, 0.000176419955096, 0.000337888748618, 0.00010847546946, 0.000101963996713, 6.64955368848e-05, 3.42419480148e-05, 2.51167693932e-05, 3.20800500049e-05, 0.00010361780005, 0.000161179836141, 6.62650199956e-05, 2.30031237152e-05, 4.19862226408e-05, 0.000139819763717, 4.54236324003e-05, 8.51091954246e-06, 6.8020699473e-06, 5.76194042878e-06, 1.29580598696e-06, 1.8562676587e-06, 1.25147437302e-06, 1.76114190253e-06, 2.15449631469e-06, 2.63999618255e-06, 2.03834110835e-06, 2.47648722507e-06, 1.37539325351e-06, 1.40438953622e-06, 1.17884280826e-06]
    },
    "melbands128": {
        "max": [0.00149446784053, 0.00482262950391, 0.0120319630951, 0.0179509967566, 0.0132241630927, 0.0128301456571, 0.00930097699165, 0.0108397714794, 0.00307688931935, 0.00592200597748, 0.0040790354833, 0.00697845499963, 0.0075567336753, 0.0035110139288, 0.00330174062401, 0.00244223908521, 0.00280736293644, 0.00211891601793, 0.00121056579519, 0.00338671775535, 0.00222156778909, 0.00366339203902, 0.00355405895971, 0.00284699071199, 0.00186005956493, 0.00578111968935, 0.00289118848741, 0.00402234727517, 0.00315863266587, 0.00289356918074, 0.00294780824333, 0.00535424705595, 0.00893239956349, 0.0031117668841, 0.00175605085678, 0.00229281606153, 0.00316318823025, 0.00192700035404, 0.003038080642, 0.00242353673093, 0.000533972925041, 0.000777071341872, 0.000364052510122, 0.000353515817551, 0.000387031410355, 0.000283402157947, 0.000450781080872, 0.000268821080681, 0.000526044575963, 0.00223072222434, 0.00168132316321, 0.00211445381865, 0.00149856926873, 0.00213291402906, 0.00170612800866, 0.000704228878021, 0.000364937266568, 0.000299427309074, 0.000400038727093, 0.0009870887734, 0.00057597697014, 0.00108850526158, 0.00113326578867, 0.0022282039281, 0.00113831146155, 0.00046491791727, 0.000168094280525, 9.22234685277e-05, 0.000102647143649, 0.000208802943234, 7.73070496507e-05, 7.8117926023e-05, 0.000227594457101, 8.11064383015e-05, 1.95154716494e-05, 1.38802588481e-05, 2.35481566051e-05, 2.38784195972e-05, 3.44122745446e-05, 4.68319667561e-05, 1.47872560774e-05, 1.05300950963e-05, 1.08784952317e-05, 2.94447345368e-05, 3.52017741534e-05, 3.8885664253e-05, 3.3073247323e-05, 6.37672274024e-05, 3.9235164877e-05, 4.67236204713e-05, 5.29540666321e-05, 2.46027157118e-05, 2.06681597774e-05, 5.65169939364e-05, 4.00158496632e-05, 2.62411103904e-05, 8.81831238075e-06, 1.59053906827e-05, 2.1529282094e-05, 1.41849313877e-05, 1.35650006996e-05, 2.42202386289e-05, 2.58875843429e-05, 1.01242376331e-05, 1.17176186905e-05, 1.5201799215e-05, 6.5579852162e-06, 6.16270244791e-06, 8.14676423033e-06, 4.48194987257e-06, 3.70562088392e-06, 4.10606071455e-06, 3.37743631462e-06, 2.6313834951e-06, 1.70396629073e-06, 1.95595475816e-06, 1.7148988718e-06, 1.88583089766e-06, 1.37663732858e-06, 1.00028023553e-06, 4.76486718526e-07, 3.65602375041e-07, 2.54629156871e-07, 3.49633317853e-08, 3.31492380212e-08, 3.22944728737e-08, 3.17692787632e-08, 3.14666763757e-08],
        "mean": [8.07415999589e-05, 0.000486441917019, 0.000954696850386, 0.00107331620529, 0.000884385197423, 0.000770928279962, 0.000599245540798, 0.00041288198554, 0.000235837011132, 0.000449639832368, 0.00034680677345, 0.000400148739573, 0.000279125670204, 0.000164194221725, 0.000102718739072, 3.77969554393e-05, 5.96375357418e-05, 0.000101519333839, 7.27935257601e-05, 8.09335251688e-05, 6.43158564344e-05, 6.16434117546e-05, 8.24323069537e-05, 0.000103255966678, 0.000109893335321, 8.98243961274e-05, 9.62859485298e-05, 0.00012690294534, 0.000121065881103, 0.000106127175968, 7.41147014196e-05, 0.00020603853045, 0.000202795403311, 0.000102479534689, 4.32930173702e-05, 4.89669619128e-05, 7.19771778677e-05, 4.62139578303e-05, 0.000103087892057, 5.51594675926e-05, 2.97937222058e-05, 4.27217164543e-05, 2.26599640882e-05, 1.6937188775e-05, 1.67305752257e-05, 1.84467062354e-05, 2.04471689358e-05, 1.87936384464e-05, 2.87572929665e-05, 5.20321482327e-05, 6.61593949189e-05, 8.97323261597e-05, 9.54955248744e-05, 0.000111661094707, 6.93982365192e-05, 3.19123791996e-05, 1.81510567927e-05, 2.45952796831e-05, 1.65895344253e-05, 1.65338369698e-05, 2.30256027862e-05, 4.08613450418e-05, 6.56614283798e-05, 0.000112351597636, 7.23374541849e-05, 2.41708730755e-05, 1.11082499643e-05, 5.01982458445e-06, 5.68340647078e-06, 9.97376355372e-06, 5.29736826138e-06, 3.51555900124e-06, 5.48186426386e-06, 3.66445306099e-06, 1.34012316266e-06, 9.70087626229e-07, 8.26086193229e-07, 9.91381739368e-07, 1.24030862025e-06, 1.46127899825e-06, 9.81443008641e-07, 7.60193927363e-07, 8.69699363193e-07, 1.0127225778e-06, 1.27202304157e-06, 1.17184936244e-06, 9.49540151396e-07, 8.1643707972e-07, 1.05768140202e-06, 1.32505658712e-06, 1.16608237022e-06, 7.83003315519e-07, 7.68757217884e-07, 1.22735116292e-06, 1.23110658024e-06, 8.024020417e-07, 5.50941251731e-07, 1.04401703993e-06, 1.03570835108e-06, 6.18072078851e-07, 4.46922911124e-07, 6.1776114535e-07, 6.03397495524e-07, 2.94065785056e-07, 3.45272326285e-07, 3.99512884997e-07, 2.32798896604e-07, 2.2150815937e-07, 2.96324429883e-07, 1.91401284155e-07, 1.86226444043e-07, 1.82823939099e-07, 1.09416461669e-07, 1.09861680642e-07, 8.0377837719e-08, 6.53678497997e-08, 6.46555307071e-08, 4.28836344213e-08, 4.71735468466e-08, 2.9149166636e-08, 1.37882949502e-08, 6.9810965897e-09, 3.01720692875e-09, 1.74755418469e-10, 2.88276954391e-11, 2.80704522126e-11, 2.76064171523e-11, 2.73482070323e-11],
        "min": [1.89681741824e-15, 1.4199679386e-15, 9.28444671947e-16, 5.67594872131e-16, 3.66111780242e-16, 2.52829276239e-16, 1.65660850939e-16, 1.02688133536e-16, 7.16686024852e-17, 6.40702140225e-17, 8.80652280501e-17, 1.44246640423e-16, 1.80267881175e-16, 1.34457507121e-16, 4.95803191788e-17, 1.27337589703e-17, 5.34491917962e-17, 1.66306528273e-16, 2.6876037779e-16, 2.87192264709e-16, 4.23605941482e-16, 7.44540107752e-16, 9.0270334068e-16, 7.22921921114e-16, 6.00152595162e-16, 5.28192752309e-16, 4.4556283542e-16, 4.31252425534e-16, 4.14073220936e-16, 3.48950839791e-16, 1.64473522506e-16, 7.07334384067e-17, 1.95113404125e-16, 3.16745905983e-16, 3.43236729059e-16, 3.17098959903e-16, 2.17950405e-16, 3.84626279343e-16, 8.10127562924e-16, 7.98287471689e-16, 5.32775888768e-16, 5.69445639121e-16, 2.67851617317e-16, 3.53419964292e-17, 1.11066851102e-16, 2.70186093059e-16, 3.22853198821e-16, 3.61240149656e-16, 5.60592556635e-16, 4.40471082146e-16, 5.13515788916e-16, 3.98621037107e-16, 1.23692538925e-16, 1.16354560154e-16, 2.43898346132e-16, 4.14405760777e-16, 5.44715082858e-16, 4.44670433271e-16, 2.76956215648e-16, 2.33869476036e-16, 7.45675595122e-17, 1.87269455517e-16, 7.400066286e-16, 6.43114847401e-16, 2.29382901333e-16, 4.33614641606e-16, 9.93758442832e-17, 2.2445920469e-16, 4.2118856239e-16, 3.98021920115e-16, 2.88522477013e-16, 2.17993471331e-16, 2.67864137523e-16, 4.18517946917e-16, 5.32010912138e-16, 1.55399046783e-16, 2.64100002514e-16, 2.49702559993e-16, 2.97462248027e-16, 2.68457907619e-16, 2.34709812129e-16, 2.29384330701e-16, 2.59583437551e-16, 2.4614322167e-16, 2.67481596268e-16, 2.58719331596e-16, 3.20708114352e-16, 2.72363047143e-16, 2.18258632349e-16, 1.98582268742e-16, 4.22027204417e-16, 3.25322193983e-16, 3.41133493312e-16, 3.98367536028e-16, 2.2192869376e-16, 3.59769091654e-16, 4.00641475384e-16, 2.2880202202e-16, 5.4440729226e-16, 1.98490723009e-16, 4.22739532656e-16, 2.92231634289e-16, 3.90795061479e-16, 4.12319942144e-16, 4.25477804886e-16, 3.48718805703e-16, 4.69441858873e-16, 3.14662760798e-16, 5.62084393413e-16, 2.34968633634e-16, 4.66790116353e-16, 2.67515795223e-16, 4.07974716064e-16, 3.27311265571e-16, 3.02252960497e-16, 3.64318029158e-16, 3.9765144908e-16, 2.90109419709e-16, 3.23976682147e-16, 3.19620497578e-16, 2.40763053678e-16, 2.4574085455e-16, 2.52603727247e-16, 2.35456842249e-16, 1.71230899896e-16, 1.07898405248e-16, 2.33267265389e-17, 6.04765435677e-18],
        "stdev": [0.00015180974151, 0.00067476183176, 0.00128373119514, 0.00164845946711, 0.00143275852315, 0.00132445304189, 0.00103061669506, 0.00081995112123, 0.000351756229065, 0.000662514066789, 0.000476887944387, 0.000806058407761, 0.000627421715762, 0.000294715020573, 0.000202645955142, 0.000101133824501, 0.000135719208629, 0.000184845834156, 0.000114082002256, 0.000202908937354, 0.000164866243722, 0.000179204944288, 0.000206887867535, 0.00020194753597, 0.00018149765674, 0.000295882928185, 0.000252212659689, 0.000340421946021, 0.000278964929748, 0.000231323618209, 0.000179363370989, 0.000555394391995, 0.000536912528332, 0.000287788250716, 0.000130101165269, 0.000132327870233, 0.000201413349714, 9.3397742603e-05, 0.000206347904168, 0.000129774984089, 5.48158823221e-05, 8.2836522779e-05, 3.79812736355e-05, 3.4216678614e-05, 2.98266095342e-05, 3.08208509523e-05, 3.50568770955e-05, 2.94773581118e-05, 5.04034760525e-05, 0.000112917565275, 0.000142227407196, 0.000222723116167, 0.000210465339478, 0.000257462088484, 0.000163314311067, 7.12212495273e-05, 3.18455131492e-05, 3.46121451003e-05, 3.07933187287e-05, 4.03405247198e-05, 4.59289767605e-05, 7.84687581472e-05, 0.000145760466694, 0.000241788351559, 0.000145698242704, 4.82310642838e-05, 1.88461272046e-05, 9.33900810196e-06, 1.05904728116e-05, 1.67271009559e-05, 8.72393957252e-06, 7.28522627469e-06, 1.25700244098e-05, 7.02867509972e-06, 1.99466740014e-06, 1.31286117266e-06, 1.35105631216e-06, 1.76157379883e-06, 2.21105392484e-06, 2.4937642138e-06, 1.42808346482e-06, 1.17169804525e-06, 1.31825947847e-06, 2.03438753488e-06, 2.72134047918e-06, 2.55885606748e-06, 2.00490944735e-06, 2.40031044996e-06, 2.96143639389e-06, 3.2639636629e-06, 2.79202254205e-06, 1.6905009943e-06, 1.62004778304e-06, 3.14901240017e-06, 2.99953694594e-06, 1.76086962256e-06, 8.01068040346e-07, 1.61894445228e-06, 1.95466236619e-06, 1.13947385216e-06, 8.87745329692e-07, 1.53275175307e-06, 1.40942302096e-06, 6.04873036991e-07, 7.86778969086e-07, 9.24479763853e-07, 4.22305475922e-07, 3.84570000733e-07, 5.76203603941e-07, 3.21377854107e-07, 3.34438766458e-07, 3.40633420137e-07, 2.28039766625e-07, 2.0488123198e-07, 1.5147151089e-07, 1.48167941916e-07, 1.40822052686e-07, 1.08935942933e-07, 1.05080118828e-07, 6.3957351415e-08, 3.54331355368e-08, 2.61190660211e-08, 1.46833860626e-08, 1.5654039176e-09, 9.35303945404e-10, 9.11174247165e-10, 8.96362373215e-10, 8.87828255358e-10]
    },
    "mfcc": {
        "mean": [-648.773376465, 103.531211853, -21.2340488434, 16.2763843536, 11.5008916855, -8.96330738068, 7.41201448441, 12.4718799591, -3.27325296402, -0.0577362440526, -3.35184192657, -2.8910946846, 2.23541998863],
        "cov": [[3749.29394531, -85.5783615112, 365.405639648, 322.262817383, 447.360351562, -166.08732605, 288.380645752, 263.863677979, -167.834594727, -46.7273178101, -240.330871582, -58.3621902466, 63.5785980225], [-85.5783615112, 494.829559326, 391.285583496, 258.739715576, 178.594940186, 32.3806495667, 135.533813477, 121.448478699, -18.6855373383, 23.1863040924, 23.3479003906, 48.1450653076, 28.2269020081], [365.405639648, 391.285583496, 1278.77368164, 586.476013184, 363.662841797, 161.74067688, 260.690093994, 226.426681519, -60.9286346436, -15.1713628769, -34.4984893799, 146.984085083, 100.21686554], [322.262817383, 258.739715576, 586.476013184, 622.945800781, 533.647216797, -45.2693634033, 106.662704468, 128.364959717, -43.590587616, -15.6778650284, -87.2163085938, 62.1508293152, 85.2028198242], [447.360351562, 178.594940186, 363.662841797, 533.647216797, 663.918701172, -113.732254028, 79.1257629395, 102.020683289, -60.2188072205, -17.7339706421, -127.344795227, 29.9143810272, 78.3588790894], [-166.08732605, 32.3806495667, 161.74067688, -45.2693634033, -113.732254028, 201.06578064, 54.6168136597, -1.85779702663, 23.3461322784, 20.3050441742, 46.7131195068, 36.1296844482, 0.164142087102], [288.380645752, 135.533813477, 260.690093994, 106.662704468, 79.1257629395, 54.6168136597, 224.992080688, 104.959144592, -45.9012985229, 15.4198923111, -40.5601654053, 35.2034416199, 36.9959220886], [263.863677979, 121.448478699, 226.426681519, 128.364959717, 102.020683289, -1.85779702663, 104.959144592, 168.703170776, -3.99396157265, 6.72509145737, 4.87653398514, 6.48824310303, 13.4621038437], [-167.834594727, -18.6855373383, -60.9286346436, -43.590587616, -60.2188072205, 23.3461322784, -45.9012985229, -3.99396157265, 108.430633545, 43.65832901, 43.4774131775, -10.0280971527, -15.8818588257], [-46.7273178101, 23.1863040924, -15.1713628769, -15.6778650284, -17.7339706421, 20.3050441742, 15.4198923111, 6.72509145737, 43.65832901, 82.104888916, 26.784116745, -4.40462493896, -11.1787252426], [-240.330871582, 23.3479003906, -34.4984893799, -87.2163085938, -127.344795227, 46.7131195068, -40.5601654053, 4.87653398514, 43.4774131775, 26.784116745, 132.529983521, 21.791765213, -21.0426082611], [-58.3621902466, 48.1450653076, 146.984085083, 62.1508293152, 29.9143810272, 36.1296844482, 35.2034416199, 6.48824310303, -10.0280971527, -4.40462493896, 21.791765213, 102.200248718, 41.9817276001], [63.5785980225, 28.2269020081, 100.21686554, 85.2028198242, 78.3588790894, 0.164142087102, 36.9959220886, 13.4621038437, -15.8818588257, -11.1787252426, -21.0426082611, 41.9817276001, 71.1183013916]],
        "icov": [[0.000399454584112, 0.000332939671353, -8.37159168441e-05, 7.58460519137e-05, -0.000144513949635, 0.000231014011661, -0.000324036285747, -0.000519595283549, 0.000325865956256, -0.00010418164311, 0.00026075943606, 0.000241330781137, -4.54447581433e-05], [0.000332939671353, 0.00365706952289, -0.000374797702534, -0.00113720924128, -7.23613338778e-05, 0.000478498579469, -0.00175716413651, -0.000619602680672, 0.000579745799769, -0.00054308475228, -0.00168154377025, 0.000341630133335, 0.000596326601226], [-8.37159168441e-05, -0.000374797702534, 0.00269930134527, -0.00271428725682, 0.000978364842013, -0.00217109592631, -0.000128592393594, -0.00167316151783, 0.000630081922282, 0.00037354324013, 0.000603493652306, -0.00166209798772, 0.000341476581525], [7.58460519137e-05, -0.00113720924128, -0.00271428725682, 0.00967673584819, -0.00579300988466, 0.00105523341335, 0.00102449080441, -6.91045934218e-05, -0.00127901905216, 0.000317935599014, 0.000465731049189, 3.60698832083e-05, -0.00164337980095], [-0.000144513949635, -7.23613338778e-05, 0.000978364842013, -0.00579300988466, 0.00656781811267, 0.000876176229212, 0.000683702412061, -0.00092776940437, 0.00116651097778, -0.00132622604724, 0.002298820531, -0.000497836677823, -0.000672941503581], [0.000231014011661, 0.000478498579469, -0.00217109592631, 0.00105523341335, 0.000876176229212, 0.00943447183818, -0.00370149710216, 0.00324700283818, -0.00238358066417, 0.000214614992728, -0.00243745697662, -6.20757855359e-05, 0.00053939060308], [-0.000324036285747, -0.00175716413651, -0.000128592393594, 0.00102449080441, 0.000683702412061, -0.00370149710216, 0.0126205980778, -0.0066762752831, 0.00498336646706, -0.0053344219923, 0.00588231440634, -0.0025414803531, -0.00259024440311], [-0.000519595283549, -0.000619602680672, -0.00167316151783, -6.91045934218e-05, -0.00092776940437, 0.00324700283818, -0.0066762752831, 0.0139966113493, -0.00381521089002, 0.00284994766116, -0.00571202486753, 0.00363750872202, 0.000747908372432], [0.000325865956256, 0.000579745799769, 0.000630081922282, -0.00127901905216, 0.00116651097778, -0.00238358066417, 0.00498336646706, -0.00381521089002, 0.0163097325712, -0.00853424333036, -0.000500725349411, 0.000673146278132, -0.00127167790197], [-0.00010418164311, -0.00054308475228, 0.00037354324013, 0.000317935599014, -0.00132622604724, 0.000214614992728, -0.0053344219923, 0.00284994766116, -0.00853424333036, 0.0189766995609, -0.00374838220887, 0.00126078038011, 0.00232135877013], [0.00026075943606, -0.00168154377025, 0.000603493652306, 0.000465731049189, 0.002298820531, -0.00243745697662, 0.00588231440634, -0.00571202486753, -0.000500725349411, -0.00374838220887, 0.0161844473332, -0.00630287174135, 0.00232822471298], [0.000241330781137, 0.000341630133335, -0.00166209798772, 3.60698832083e-05, -0.000497836677823, -6.20757855359e-05, -0.0025414803531, 0.00363750872202, 0.000673146278132, 0.00126078038011, -0.00630287174135, 0.0181433204561, -0.00909675378352], [-4.54447581433e-05, 0.000596326601226, 0.000341476581525, -0.00164337980095, -0.000672941503581, 0.00053939060308, -0.00259024440311, 0.000747908372432, -0.00127167790197, 0.00232135877013, 0.00232822471298, -0.00909675378352, 0.0234384220093]]
    },
    "spectral_contrast_coeffs": {
        "max": [-0.533697009087, -0.555110871792, -0.534147202969, -0.509775698185, -0.53130877018, -0.726344764233],
        "mean": [-0.737294256687, -0.781809449196, -0.755320131779, -0.756158947945, -0.736019432545, -0.800900399685],
        "min": [-0.979662418365, -0.962206363678, -0.975715100765, -0.96717607975, -0.943679213524, -0.933052539825],
        "stdev": [0.0593806989491, 0.0556711554527, 0.0743689462543, 0.0825635939837, 0.0770539194345, 0.0296006705612]
    },
    "spectral_contrast_valleys": {
        "max": [-5.14755153656, -5.26611375809, -5.59092092514, -5.99922275543, -6.25384473801, -8.07915592194],
        "mean": [-7.12567853928, -7.00113630295, -7.39974498749, -7.60496139526, -7.56828069687, -10.1018753052],
        "min": [-19.3965454102, -18.9849777222, -19.0547218323, -18.9581165314, -18.9852676392, -19.9959640503],
        "stdev": [1.31644678116, 0.639933884144, 0.781974256039, 0.798685193062, 0.652899980545, 0.780274689198]
    }
},
"rhythm": {
    "beats_count": 62,
    "beats_loudness": {
        "max": 0.043693497777,
        "mean": 0.0201191436499,
        "min": 0.00193799601402,
        "stdev": 0.0109186805785
    },
    "bpm": 141.967483521,
    "bpm_histogram_first_peak_bpm": 144,
    "bpm_histogram_first_peak_weight": 0.409090876579,
    "bpm_histogram_second_peak_bpm": 101,
    "bpm_histogram_second_peak_spread": 0.45454543829,
    "bpm_histogram_second_peak_weight": 0.098360657692,
    "danceability": 0.873264729977,
    "onset_rate": 2.3353395462,
    "beats_loudness_band_ratio": {
        "max": [0.889680147171, 0.447013825178, 0.529938578606, 0.564277648926, 0.594099283218, 0.336779713631],
        "mean": [0.360764324665, 0.103173151612, 0.126406148076, 0.176878720522, 0.171802461147, 0.0881788134575],
        "min": [0.00163450837135, 0.0047732940875, 0.0151935704052, 0.0064747473225, 0.0100842602551, 0.00392211042345],
        "stdev": [0.233793020248, 0.0910874456167, 0.115307986736, 0.141166210175, 0.141389727592, 0.064215734601]
    },
    "beats_position": [0.452789098024, 0.9287981987, 1.369977355, 1.79954648018, 2.22911548615, 2.6470746994, 3.06503391266, 3.48299312592, 3.90095233917, 4.33052158356, 4.76009082794, 5.17804956436, 5.59600877762, 6.01396799088, 6.43192720413, 6.86149644852, 7.27945566177, 7.70902490616, 8.12698364258, 8.55655288696, 8.98612213135, 9.4040813446, 9.82204055786, 10.2399997711, 10.6579589844, 11.0759181976, 11.4938774109, 11.9234466553, 12.3530158997, 12.7941951752, 13.2121543884, 13.6301136017, 14.0480718613, 14.4660310745, 14.8956003189, 15.3251695633, 15.7431287766, 16.1610889435, 16.5790481567, 16.99700737, 17.426574707, 17.8561439514, 18.2741031647, 18.7036724091, 19.1332416534, 19.5512008667, 19.9807701111, 20.4103393555, 20.9327888489, 21.4552383423, 21.9892959595, 22.5814056396, 23.1735134125, 23.7656230927, 24.3461227417, 24.9266204834, 25.5071201324, 26.0876178741, 26.6797275543, 27.2718353271, 27.8639450073, 28.4444446564],
