{
"metadata": {
    "version": {
        "essentia": "2.1-beta5",
        "essentia_git_sha": "Undefined",
        "extractor": "music 2.0"
    },
    "audio_properties": {
        "analysis": {
            "equal_loudness": 0,
            "length": 28.5489349365,
            "sample_rate": 44100,
            "start_time": 158.998641968,
            "downmix": "mix"
        },
        "bit_rate": 192000,
        "length": 187.57081604,
        "lossless": 0,
        "number_channels": 2,
        "replay_gain": -5.88838768005,
        "sample_rate": 48000,
        "codec": "mp3",
        "md5_encoded": "9ba4e0b07be033309aac5ec51f3331e6"
    },
    "tags": {
        "file_name": "Israel_Push The Button_Teapacks.mp3",
        "encoding": ["Lavf58.29.100"]
    }
},
"lowlevel": {
    "average_loudness": 0.94879591465,
    "barkbands_crest": {
        "max": 24.2982330322,
        "mean": 8.77968978882,
        "min": 2.96712660789,
        "stdev": 3.52882385254
    },
    "barkbands_flatness_db": {
        "max": 0.284838020802,
        "mean": 0.117301896214,
        "min": 0.0280166193843,
        "stdev": 0.0458588115871
    },
    "barkbands_kurtosis": {
        "max": 106.909423828,
        "mean": 3.17115616798,
        "min": -1.76644384861,
        "stdev": 6.37559366226
    },
    "barkbands_skewness": {
        "max": 8.23806095123,
        "mean": 1.48578250408,
        "min": -1.09222280979,
        "stdev": 1.08903741837
    },
    "barkbands_spread": {
        "max": 88.0798873901,
        "mean": 24.8301506042,
        "min": 1.48369657993,
        "stdev": 15.2897167206
    },
    "dissonance": {
        "max": 0.499962151051,
        "mean": 0.475878059864,
        "min": 0.370039612055,
        "stdev": 0.0191978700459
    },
    "dynamic_complexity": 3.26699280739,
    "erbbands_crest": {
        "max": 31.7088661194,
        "mean": 7.55259656906,
        "min": 2.22037816048,
        "stdev": 3.99258375168
    },
    "erbbands_flatness_db": {
        "max": 0.372620493174,
        "mean": 0.148213386536,
        "min": 0.0501961708069,
        "stdev": 0.0628579705954
    },
    "erbbands_kurtosis": {
        "max": 17.4530754089,
        "mean": -0.17854899168,
        "min": -1.73831999302,
        "stdev": 1.32258594036
    },
    "erbbands_skewness": {
        "max": 2.49427509308,
        "mean": 0.157925590873,
        "min": -2.04813313484,
        "stdev": 0.604462742805
    },
    "erbbands_spread": {
        "max": 103.863082886,
        "mean": 44.151134491,
        "min": 2.81201863289,
        "stdev": 22.2489643097
    },
    "hfc": {
        "max": 163.003143311,
        "mean": 25.4216060638,
        "min": 9.05804990907e-05,
        "stdev": 22.9192428589
    },
    "loudness_ebu128": {
        "integrated": -16.907995224,
        "loudness_range": 4.54892730713,
        "momentary": {
            "max": -14.4177379608,
            "mean": -18.239988327,
            "min": -41.7113189697,
            "stdev": 4.37014341354
        },
        "short_term": {
            "max": -15.3019628525,
            "mean": -17.3431720734,
            "min": -23.6911430359,
            "stdev": 1.98908925056
        }
    },
    "melbands_crest": {
        "max": 33.9125442505,
        "mean": 13.0374326706,
        "min": 3.73114919662,
        "stdev": 5.33781671524
    },
    "melbands_flatness_db": {
        "max": 0.409690916538,
        "mean": 0.173705279827,
        "min": 0.0723368003964,
        "stdev": 0.0561853572726
    },
    "melbands_kurtosis": {
        "max": 168.537902832,
        "mean": 14.170712471,
        "min": -1.21581923962,
        "stdev": 17.246515274
    },
    "melbands_skewness": {
        "max": 9.63401985168,
        "mean": 2.79907989502,
        "min": -1.30216145515,
        "stdev": 1.78067374229
    },
    "melbands_spread": {
        "max": 95.7372970581,
        "mean": 23.4136981964,
        "min": 1.03591883183,
        "stdev": 13.3653907776
    },
    "pitch_salience": {
        "max": 0.901891350746,
        "mean": 0.598014175892,
        "min": 0.160561040044,
        "stdev": 0.122410736978
    },
    "silence_rate_20dB": {
        "max": 1,
        "mean": 1,
        "min": 1,
        "stdev": 0
    },
    "silence_rate_30dB": {
        "max": 1,
        "mean": 0.989439487457,
        "min": 0,
        "stdev": 0.102220587432
    },
    "silence_rate_60dB": {
        "max": 1,
        "mean": 0.11210398376,
        "min": 0,
        "stdev": 0.315492480993
    },
    "spectral_centroid": {
        "max": 3417.54663086,
        "mean": 1598.82666016,
        "min": 274.88192749,
        "stdev": 540.927368164
    },
    "spectral_complexity": {
        "max": 51,
        "mean": 22.2900085449,
        "min": 0,
        "stdev": 10.5593214035
    },
    "spectral_decrease": {
        "max": -1.34801752958e-14,
        "mean": -7.15211712077e-09,
        "min": -5.4895686219e-08,
        "stdev": 6.74800526568e-09
    },
    "spectral_energy": {
        "max": 0.209082603455,
        "mean": 0.0292995702475,
        "min": 5.9093284932e-08,
        "stdev": 0.0266032200307
    },
    "spectral_energyband_high": {
        "max": 0.0155293652788,
        "mean": 0.00154825497884,
        "min": 1.86740733987e-09,
        "stdev": 0.00214568921365
    },
    "spectral_energyband_low": {
        "max": 0.199350342155,
        "mean": 0.0126399481669,
        "min": 1.3017219247e-10,
        "stdev": 0.0199926104397
    },
    "spectral_energyband_middle_high": {
        "max": 0.0461663305759,
        "mean": 0.00569357257336,
        "min": 4.00666841927e-08,
        "stdev": 0.00526760192588
    },
    "spectral_energyband_middle_low": {
        "max": 0.0976940318942,
        "mean": 0.0108218966052,
        "min": 1.87089064241e-08,
        "stdev": 0.0123767713085
    },
    "spectral_entropy": {
        "max": 8.57227706909,
        "mean": 7.78974533081,
        "min": 6.43952798843,
        "stdev": 0.355734586716
    },
    "spectral_flux": {
        "max": 0.413818657398,
        "mean": 0.0933547988534,
        "min": 0.00192621257156,
        "stdev": 0.0613379962742
    },
    "spectral_kurtosis": {
        "max": 19.9171047211,
        "mean": 3.90072584152,
        "min": 0.0425174236298,
        "stdev": 2.67000079155
    },
    "spectral_rms": {
        "max": 0.0142822628841,
        "mean": 0.00480977119878,
        "min": 7.5928901424e-06,
        "stdev": 0.00233476166613
    },
    "spectral_rolloff": {
        "max": 9496.14257812,
        "mean": 1701.40344238,
        "min": 64.599609375,
        "stdev": 1289.94897461
    },
    "spectral_skewness": {
        "max": 3.40191173553,
        "mean": 1.44561266899,
        "min": 0.17935051024,
        "stdev": 0.409893631935
    },
    "spectral_spread": {
        "max": 16385268,
        "mean": 4891157,
        "min": 1889530.75,
        "stdev": 1694473.625
    },
    "spectral_strongpeak": {
        "max": 5.98659896851,
        "mean": 0.733348429203,
        "min": 0,
        "stdev": 0.835195958614
    },
    "zerocrossingrate": {
        "max": 0.19091796875,
        "mean": 0.0726150795817,
        "min": 0.0087890625,
        "stdev": 0.0301869250834
    },
    "barkbands": {
        "max": [0.0285200998187, 0.17029492557, 0.0362323187292, 0.0686374157667, 0.0450643524528, 0.0496328510344, 0.0661801323295, 0.0400879941881, 0.0424530915916, 0.0212222002447, 0.0311852935702, 0.0258940923959, 0.0115857627243, 0.00361596606672, 0.00324060465209, 0.00402418989688, 0.0141750117764, 0.0160748772323, 0.00595681369305, 0.00779041368514, 0.0066618300043, 0.00567118870094, 0.00258509838022, 0.00363115686923, 0.0035871299915, 0.00144138757605, 0.00238873693161],
        "mean": [0.000751707702875, 0.00667930580676, 0.00399788469076, 0.00266658328474, 0.0030247096438, 0.00122589850798, 0.00113080313895, 0.000987664214335, 0.0014345292002, 0.00121075590141, 0.000749551050831, 0.000550045457203, 0.00047692208318, 0.000428264203947, 0.000400611024816, 0.000381022255169, 0.000603129446972, 0.000580026011448, 0.000373396847863, 0.000227088617976, 0.000280870968709, 0.000415702728787, 0.000250113400398, 0.000237891290453, 0.000162911106599, 5.30749566678e-05, 1.91236504179e-05],
        "min": [1.58511710702e-11, 4.52817019991e-11, 3.98365784804e-11, 7.68355934433e-11, 1.97442895367e-10, 3.3622343798e-10, 3.48439943565e-10, 5.35456701201e-09, 9.14398778917e-09, 9.52626511008e-09, 7.31296889711e-09, 1.56153689979e-09, 1.00354458077e-09, 2.91321677892e-09, 2.25386886932e-09, 9.27829724162e-09, 5.62822144445e-09, 1.6988613849e-09, 3.67665731194e-10, 5.20975818041e-10, 5.69097713399e-10, 2.07421760323e-10, 1.73667330516e-10, 1.56347268465e-10, 1.59763632879e-10, 8.54266102301e-11, 9.53455231434e-11],
        "stdev": [0.00298588629812, 0.0144483102486, 0.00536624155939, 0.00479840487242, 0.00518502667546, 0.00335261784494, 0.00350646977313, 0.00260126614012, 0.00349325779825, 0.00213337992318, 0.00180387194268, 0.00142028636765, 0.000835975282826, 0.000480062124552, 0.000469681370305, 0.000395331124309, 0.000827064213809, 0.000982727389783, 0.000586136535276, 0.000392259855289, 0.000470460421639, 0.000706692342646, 0.000363737519365, 0.000389961642213, 0.00027810537722, 0.000107085819764, 8.81966407178e-05]
    },
    "erbbands": {
        "max": [5.61186885834, 38.5698051453, 44.3790435791, 120.460853577, 179.995178223, 136.009719849, 221.922897339, 468.482788086, 1043.43920898, 681.760864258, 821.835449219, 990.643859863, 846.773742676, 749.773071289, 1242.8717041, 843.630737305, 406.514160156, 273.525482178, 208.919204712, 182.064788818, 181.058303833, 888.802124023, 813.883178711, 534.758300781, 252.647445679, 334.359130859, 425.468444824, 176.634353638, 190.05645752, 171.511779785, 65.1140213013, 92.9463806152, 81.0868759155, 27.1738128662, 35.974521637, 9.85098457336, 2.56097531319, 1.54083609581, 0.499546021223, 0.0159560143948],
        "mean": [0.238609462976, 1.35132813454, 4.42015647888, 6.90792608261, 10.1598930359, 9.2948923111, 9.24002933502, 10.6694412231, 17.2580032349, 14.8469724655, 26.4302368164, 31.7656478882, 35.3849601746, 36.4306716919, 26.5402317047, 22.6405620575, 22.3538856506, 22.4252090454, 21.5178756714, 21.4344234467, 22.6185321808, 34.074344635, 32.1189918518, 26.1168823242, 14.2787418365, 10.5253314972, 11.5171117783, 11.6836566925, 13.2822713852, 12.2569322586, 7.05927419662, 5.12712621689, 3.89829397202, 2.16705775261, 0.957141339779, 0.319461166859, 0.0846446976066, 0.0202378258109, 0.00392862875015, 0.000169376668055],
        "min": [1.47072798384e-09, 9.85210135696e-09, 3.85716205642e-08, 1.66673657986e-07, 3.29092614493e-07, 7.24521385109e-07, 8.81030132405e-07, 3.69082067664e-06, 6.4653318077e-06, 2.57655192399e-05, 0.000167460078956, 0.000201375485631, 0.000276368140476, 0.000323654821841, 0.000211518039578, 5.47386989638e-05, 4.33018722106e-05, 8.93979376997e-05, 0.000206964512472, 0.000146008198499, 0.000576806429308, 0.00034552346915, 0.000124112906633, 3.24913999066e-05, 1.34165920826e-05, 2.63973615802e-05, 3.50690352207e-05, 1.19949108921e-05, 7.01468843545e-06, 5.18585238751e-06, 5.58649890081e-06, 3.36145603796e-06, 2.66660322268e-06, 1.43272848163e-06, 1.49112509007e-06, 4.95758683883e-07, 1.26083946839e-07, 4.34625846424e-08, 1.66684390734e-08, 1.32088806559e-09],
        "stdev": [0.607683837414, 2.74261498451, 6.19866943359, 9.77386569977, 17.7544403076, 15.881354332, 18.2277126312, 31.8127670288, 56.2050094604, 35.4909553528, 61.9211997986, 73.7825927734, 63.1337127686, 61.5240135193, 62.1328086853, 49.1486244202, 36.4361495972, 27.1050052643, 23.403875351, 23.2676315308, 21.7187366486, 47.9688453674, 52.3201751709, 40.2911338806, 20.0032081604, 17.9180927277, 23.1163959503, 18.8775653839, 22.2536296844, 20.1976089478, 10.1869430542, 8.62101364136, 6.48946332932, 3.52259731293, 1.88264787197, 0.652621567249, 0.184546217322, 0.0627111271024, 0.0184076856822, 0.000634733529296]
    },
    "gfcc": {
        "mean": [4.76151800156, 63.6836395264, -126.992141724, 28.5829353333, -55.9699478149, 17.3753757477, -31.9270095825, 13.3517351151, -18.6257152557, -1.27562749386, -18.6357498169, 0.632900238037, -12.8212471008],
        "cov": [[9118.41503906, -163.106109619, 2294.16894531, 1312.6282959, -365.775695801, 161.581268311, -567.952575684, 179.447753906, -312.908813477, -117.529090881, 12.0100975037, 267.070617676, -107.69618988], [-163.106109619, 1257.19934082, 679.090270996, 680.493652344, 322.74508667, 107.125610352, 11.7741546631, -89.7100067139, 0.541343331337, -94.4105606079, 133.827011108, -91.3029632568, 28.2480506897], [2294.16894531, 679.090270996, 2341.36865234, 1255.33728027, 234.820632935, 234.542449951, -275.609283447, -32.8981895447, -192.754211426, -67.0416488647, 104.114425659, 40.916721344, -69.4723434448], [1312.6282959, 680.493652344, 1255.33728027, 1160.36071777, 161.425628662, 240.064102173, -125.358360291, -18.1739845276, -26.4560756683, -78.802192688, 114.861724854, -19.7687320709, -46.3666114807], [-365.775695801, 322.74508667, 234.820632935, 161.425628662, 297.06817627, 66.0788421631, 40.5359268188, -30.4159202576, 19.5197353363, 8.14459133148, 37.832901001, -63.2052268982, -0.169224396348], [161.581268311, 107.125610352, 234.542449951, 240.064102173, 66.0788421631, 190.603729248, 34.3925857544, 25.2802639008, 27.3060436249, -0.646501064301, 24.5175132751, -18.2711734772, -22.7478847504], [-567.952575684, 11.7741546631, -275.609283447, -125.358360291, 40.5359268188, 34.3925857544, 205.999359131, 28.3454742432, 53.6155052185, 5.58502626419, 11.5172767639, -11.7499980927, 16.6246604919], [179.447753906, -89.7100067139, -32.8981895447, -18.1739845276, -30.4159202576, 25.2802639008, 28.3454742432, 119.048599243, 15.8882541656, 6.61734247208, -12.1044425964, 21.1160049438, 0.244154170156], [-312.908813477, 0.541343331337, -192.754211426, -26.4560756683, 19.5197353363, 27.3060436249, 53.6155052185, 15.8882541656, 149.356124878, 20.6010475159, 17.34308815, -31.3170547485, -16.8897476196], [-117.529090881, -94.4105606079, -67.0416488647, -78.802192688, 8.14459133148, -0.646501064301, 5.58502626419, 6.61734247208, 20.6010475159, 94.9552078247, 4.8383436203, 6.65737915039, 0.660545408726], [12.0100975037, 133.827011108, 104.114425659, 114.861724854, 37.832901001, 24.5175132751, 11.5172767639, -12.1044425964, 17.34308815, 4.8383436203, 80.2609405518, 7.57488393784, -0.00980863533914], [267.070617676, -91.3029632568, 40.916721344, -19.7687320709, -63.2052268982, -18.2711734772, -11.7499980927, 21.1160049438, -31.3170547485, 6.65737915039, 7.57488393784, 84.0828475952, 21.5549125671], [-107.69618988, 28.2480506897, -69.4723434448, -46.3666114807, -0.169224396348, -22.7478847504, 16.6246604919, 0.244154170156, -16.8897476196, 0.660545408726, -0.00980863533914, 21.5549125671, 83.8528366089]],
        "icov": [[0.000207753430004, 8.00198467914e-05, -0.000127680032165, -0.000146320322528, 0.000211696562474, 7.0846485869e-06, 0.000253265694482, -0.000283196626697, 8.75134210219e-05, 0.000110381930426, 3.05115227093e-05, -0.000281383632682, 9.52332557063e-05], [8.00198467914e-05, 0.00207008328289, -4.43991011707e-05, -0.00103553920053, -0.00116932811216, 0.000722519122064, -0.000337391073117, 0.000387151172617, 0.000177220004844, 0.00132881000172, -0.00173244904727, 0.00134680350311, -0.00126574502792], [-0.000127680032165, -4.43991011707e-05, 0.00163826311473, -0.00130066100974, -0.00111038354225, -0.000246923358645, 0.000805087736808, 5.72807111894e-05, 0.00137389323208, -0.000308363552904, 0.000159557748702, -0.00123367249034, 0.000856366357766], [-0.000146320322528, -0.00103553920053, -0.00130066100974, 0.00373195833527, 0.000735764508136, -0.00237569841556, 0.000835322076455, -4.28947387263e-05, -0.00112099281978, 0.0011182097951, -0.00154044223018, 0.000664958090056, -6.7285815021e-05], [0.000211696562474, -0.00116932811216, -0.00111038354225, 0.000735764508136, 0.00667324569076, -0.00085063779261, -0.0011803797679, 0.000170055864146, -0.000157873961143, -0.00178643222898, -0.000596398487687, 0.00373898772523, -0.000809999590274], [7.0846485869e-06, 0.000722519122064, -0.000246923358645, -0.00237569841556, -0.00085063779261, 0.00941692572087, -0.00280440947972, -0.00149403244723, -0.000705996004399, -0.000970352208242, 0.000307216512738, 0.00126933434512, 0.000899953069165], [0.000253265694482, -0.000337391073117, 0.000805087736808, 0.000835322076455, -0.0011803797679, -0.00280440947972, 0.00834649987519, -0.00188061606605, -0.000754167325795, 0.00130127929151, -0.00157689861953, -0.00129316898528, -0.000674544833601], [-0.000283196626697, 0.000387151172617, 5.72807111894e-05, -4.28947387263e-05, 0.000170055864146, -0.00149403244723, -0.00188061606605, 0.0108533678576, -0.00155928195454, -0.00022302888101, 0.00226510805078, -0.00262665259652, -0.000170973187778], [8.75134210219e-05, 0.000177220004844, 0.00137389323208, -0.00112099281978, -0.000157873961143, -0.000705996004399, -0.000754167325795, -0.00155928195454, 0.0104080531746, -0.00184091937263, -0.00272251036949, 0.00276867882349, 0.0019322137814], [0.000110381930426, 0.00132881000172, -0.000308363552904, 0.0011182097951, -0.00178643222898, -0.000970352208242, 0.00130127929151, -0.00022302888101, -0.00184091937263, 0.013412236236, -0.00281779002398, -0.00113728258293, -0.000651665730402], [3.05115227093e-05, -0.00173244904727, 0.000159557748702, -0.00154044223018, -0.000596398487687, 0.000307216512738, -0.00157689861953, 0.00226510805078, -0.00272251036949, -0.00281779002398, 0.0194682143629, -0.00650235731155, 0.00143896718509], [-0.000281383632682, 0.00134680350311, -0.00123367249034, 0.000664958090056, 0.00373898772523, 0.00126933434512, -0.00129316898528, -0.00262665259652, 0.00276867882349, -0.00113728258293, -0.00650235731155, 0.0217878241092, -0.00588841736317], [9.52332557063e-05, -0.00126574502792, 0.000856366357766, -6.7285815021e-05, -0.000809999590274, 0.000899953069165, -0.000674544833601, -0.000170973187778, 0.0019322137814, -0.000651665730402, 0.00143896718509, -0.00588841736317, 0.0154315512627]]
    },
    "melbands": {
        "max": [0.0462554469705, 0.0323601849377, 0.0232574995607, 0.0124045973644, 0.00771090202034, 0.00995327439159, 0.0155798224732, 0.00831612851471, 0.00654577231035, 0.00546920485795, 0.00418061530218, 0.00302685145289, 0.00485517270863, 0.00354139111005, 0.00180960143916, 0.00143516331445, 0.000435174122686, 0.000348852045136, 0.00026955321664, 0.000264263799181, 0.000237931119045, 0.000813273945823, 0.000675974530168, 0.00122615369037, 0.000425949227065, 0.000344984553521, 0.000145421145135, 0.000254940357991, 0.000301347434288, 0.000162739219377, 0.000114719252451, 0.000101438541606, 0.000127345207147, 7.98375622253e-05, 4.76967397844e-05, 4.05146383855e-05, 8.60704603838e-05, 5.50726254005e-05, 4.10402644775e-05, 2.50027587754e-05],
        "mean": [0.00198221975006, 0.00206682062708, 0.00131722353399, 0.00070182204945, 0.000349264475517, 0.000240664187004, 0.000255784689216, 0.000168485377799, 0.000233324652072, 0.000194418928004, 0.000177758003701, 0.00015123563935, 9.77261079242e-05, 6.43363673589e-05, 5.21178953932e-05, 4.63534452138e-05, 4.10131433455e-05, 3.45087028109e-05, 2.92915119644e-05, 2.74104804703e-05, 2.61689547187e-05, 3.53495379386e-05, 3.19410210068e-05, 2.78267270915e-05, 2.08274905162e-05, 1.21930288515e-05, 7.56494955567e-06, 6.80108496454e-06, 7.40392442822e-06, 6.40291773379e-06, 7.03451996742e-06, 7.14101906851e-06, 8.81045798451e-06, 5.58062629352e-06, 4.13009092881e-06, 3.19971104545e-06, 3.1640756788e-06, 2.80738140646e-06, 2.37028802985e-06, 1.61433945323e-06],
        "min": [1.36057224515e-11, 1.8941835947e-11, 3.35197043733e-11, 3.53604714953e-11, 3.35773700511e-11, 8.36292701756e-11, 8.52671197538e-11, 4.16122969416e-10, 1.52084733696e-09, 1.23487964299e-09, 1.36978395293e-09, 1.30356381245e-09, 8.82924400258e-10, 2.29485139225e-10, 8.28964535904e-11, 1.13531239965e-10, 1.66650679367e-10, 3.82904818963e-10, 1.18183463016e-10, 4.12375716907e-10, 6.94506785415e-10, 4.06923966745e-10, 1.2326438481e-10, 7.80115902432e-11, 2.12379818593e-11, 1.15451216295e-11, 7.02477225695e-12, 2.10099351111e-11, 2.21485971924e-11, 1.53880519438e-11, 4.8129334719e-12, 3.85043949849e-12, 4.01497498442e-12, 2.13741676268e-12, 3.07393542044e-12, 2.9651715111e-12, 1.86707984143e-12, 1.95130847244e-12, 1.24009808498e-12, 1.31254599203e-12],
        "stdev": [0.00463547836989, 0.00302329193801, 0.00187215593178, 0.00121921428945, 0.000645697175059, 0.000694894988555, 0.000816171406768, 0.000427799619501, 0.000570407020859, 0.000437925424194, 0.000329125934513, 0.000262119108811, 0.000247349904384, 0.000183789088624, 9.42321566981e-05, 8.8338747446e-05, 5.113208681e-05, 3.80991587008e-05, 3.60545127478e-05, 2.8609738365e-05, 2.71643093583e-05, 5.03462797496e-05, 5.477058221e-05, 5.50612348889e-05, 3.45647677022e-05, 2.06889362744e-05, 1.03886368379e-05, 1.29330028358e-05, 1.70716903085e-05, 9.74720387603e-06, 1.2265713849e-05, 1.22570891108e-05, 1.57078957272e-05, 9.06918012333e-06, 6.01185502092e-06, 5.29703856955e-06, 5.77174114369e-06, 4.67792642667e-06, 3.99916552851e-06, 2.74195349448e-06]
    },
    "melbands128": {
        "max": [0.0231351703405, 0.0587610639632, 0.0681279525161, 0.0636443793774, 0.0317327678204, 0.0158256534487, 0.0230144448578, 0.0372398868203, 0.019935451448, 0.0174045991153, 0.00743241421878, 0.00851106550545, 0.00848127156496, 0.0157923810184, 0.0152132501826, 0.0157733261585, 0.0162912048399, 0.0293369926512, 0.0117495246232, 0.0102415010333, 0.014763195999, 0.0130783077329, 0.0116481892765, 0.0163054838777, 0.00993105489761, 0.00478063058108, 0.0130559531972, 0.00441359262913, 0.00631262920797, 0.00501273944974, 0.00575124891475, 0.00507984403521, 0.00880532804877, 0.00432412931696, 0.0058394446969, 0.00494368979707, 0.00299478345551, 0.00409786170349, 0.00157079880591, 0.00209057866596, 0.00300453975797, 0.00180050358176, 0.000532221165486, 0.000908991030883, 0.000580988358706, 0.000669405562803, 0.000388117914554, 0.000503906107042, 0.000288753799396, 0.000586795911659, 0.00038629482151, 0.00023974844953, 0.000349466863554, 0.000340969563695, 0.000607689493336, 0.000850204494782, 0.00288292113692, 0.00131183583289, 0.0014325925149, 0.000798182503786, 0.00250436598435, 0.00113888259511, 0.000421868666308, 0.000849102681968, 0.000449515646324, 0.000829688389786, 0.000271072960459, 0.000262886140263, 0.000165967270732, 0.000188618039829, 0.000353426090442, 0.000393257796532, 0.000413238129113, 0.000484753603814, 0.00038101838436, 0.000166465848451, 0.000100872457551, 0.000102627411252, 0.00015160003386, 0.000141778102261, 0.000167806763784, 0.000181773240911, 0.000163120654179, 0.000186185643543, 0.000202185256057, 0.000112308618554, 6.54696341371e-05, 6.96757560945e-05, 7.2644710599e-05, 7.2356837336e-05, 6.73161048326e-05, 5.62461391382e-05, 5.88839684497e-05, 0.000141515818541, 8.60109284986e-05, 5.35195140401e-05, 5.80039995839e-05, 0.000115109374747, 4.85655291413e-05, 3.54241601599e-05, 2.83971385215e-05, 4.13637171732e-05, 2.70829368674e-05, 3.64070983778e-05, 2.02328446903e-05, 9.29080488277e-05, 4.24499085057e-05, 1.05962517409e-05, 1.68223468791e-05, 9.80824461294e-06, 7.46722980693e-06, 6.87235888108e-06, 9.47617718339e-06, 9.0441581051e-06, 8.3086788436e-06, 8.04996216175e-06, 1.09344882731e-05, 1.82523526746e-05, 2.07111679629e-05, 1.80391798494e-05, 1.45132389662e-05, 1.56183796207e-05, 7.6278756751e-06, 1.8249409095e-07, 2.32758812224e-10, 1.32936384123e-10, 8.62180535299e-11, 6.43055331206e-11],
        "mean": [0.00063178682467, 0.00205278559588, 0.00244072848, 0.00207590777427, 0.00234015122987, 0.00178340659477, 0.00136900204234, 0.00133463973179, 0.00102224329021, 0.000697979237884, 0.000452986336313, 0.000447030382929, 0.00029070788878, 0.000281007378362, 0.000235689396504, 0.000216739150346, 0.00025510386331, 0.000324240361806, 0.000172840271262, 0.000136245813337, 0.000182316158316, 0.000204406896955, 0.000234356644796, 0.000281034415821, 0.000205284130061, 0.000162972108228, 0.000157920017955, 0.000181769923074, 0.000197792498511, 0.000158567796461, 0.000137141949381, 0.000128604093334, 0.000104924256448, 6.57501732348e-05, 6.62366073811e-05, 6.65695843054e-05, 5.82271786698e-05, 4.75121451018e-05, 5.33003330929e-05, 4.95038184454e-05, 4.41372467321e-05, 4.27246377512e-05, 4.269153942e-05, 3.96277828258e-05, 3.42523271684e-05, 3.53617760993e-05, 3.25793625962e-05, 2.87628809019e-05, 2.63527344941e-05, 3.25191649608e-05, 2.62640951405e-05, 2.4952358217e-05, 2.37399017351e-05, 2.69763077085e-05, 3.15131292155e-05, 3.69598528778e-05, 3.78313779947e-05, 3.50817354047e-05, 2.95932422887e-05, 2.63686451945e-05, 2.98301147268e-05, 2.7158703233e-05, 2.28158114624e-05, 1.97289173229e-05, 1.61246352945e-05, 1.22240262499e-05, 9.68507265497e-06, 8.5819283413e-06, 6.80769471728e-06, 6.49178082313e-06, 6.67317453917e-06, 6.77106481817e-06, 7.90206286183e-06, 7.5743951129e-06, 6.88852651365e-06, 6.25037546342e-06, 6.39427389615e-06, 6.22318293608e-06, 7.00948339727e-06, 8.03715738584e-06, 7.24543542674e-06, 6.33875652056e-06, 7.7328977568e-06, 9.60771012615e-06, 9.58243981586e-06, 6.74693046676e-06, 4.10486018154e-06, 3.12107499667e-06, 4.91806576974e-06, 3.9379451664e-06, 3.72805629922e-06, 2.68287635663e-06, 2.8492893307e-06, 3.36055722983e-06, 3.34806713909e-06, 2.81756410914e-06, 2.68937401415e-06, 2.7034343475e-06, 2.483772505e-06, 2.07562061405e-06, 2.09000313589e-06, 1.52647362484e-06, 1.12544557851e-06, 1.1797908428e-06, 1.13774910915e-06, 1.02107037492e-06, 8.07598041774e-07, 5.63601929571e-07, 5.81389144827e-07, 3.86721836776e-07, 3.78150787128e-07, 2.60264101826e-07, 2.92445491823e-07, 1.73045222596e-07, 1.95694497052e-07, 1.60995213605e-07, 1.43875766412e-07, 1.37916714493e-07, 1.22560678051e-07, 1.39539210409e-07, 1.17648689013e-07, 1.17279384426e-07, 6.4703129965e-08, 1.52938350872e-09, 4.12600812891e-12, 3.86997855636e-12, 3.73425509265e-12, 3.68422176447e-12],
        "min": [8.81370150474e-12, 1.24382414091e-11, 1.55071250979e-11, 1.60963135182e-11, 1.61427711476e-11, 2.14548170896e-11, 3.29247913655e-11, 3.96766161592e-11, 3.21049020702e-11, 2.67164779882e-11, 4.26944660181e-11, 5.28360584451e-11, 2.90625370991e-11, 9.14827762155e-12, 6.36029492962e-11, 1.39864425597e-10, 1.3972062396e-10, 6.73641767368e-11, 2.28850376149e-11, 1.45349302039e-10, 6.12363382224e-10, 1.22353993603e-09, 1.73743797127e-09, 1.75079162279e-09, 1.30403465803e-09, 9.17258491384e-10, 1.25784149763e-09, 1.59006097178e-09, 1.32023414423e-09, 1.15893095121e-09, 1.41078271287e-09, 1.35163846782e-09, 9.34669786012e-10, 4.99264352083e-10, 3.16478759865e-10, 1.53210832909e-10, 6.65658431154e-11, 1.07231772073e-10, 6.27523033536e-11, 7.49709738734e-11, 1.41177763924e-10, 1.38679651096e-10, 1.31883379217e-10, 1.1408915479e-10, 4.68207528304e-10, 5.08619479866e-10, 2.09385841998e-10, 1.09776222834e-10, 6.20746926083e-11, 1.05024294816e-10, 2.97491142831e-10, 9.79762049269e-10, 7.76255226764e-10, 6.35100194657e-10, 3.66612601388e-10, 5.27592081134e-10, 3.00403590892e-10, 5.13774717215e-11, 9.0032550859e-11, 1.76936312823e-10, 6.33646121684e-11, 3.38990883975e-11, 1.93305614571e-11, 2.02270110383e-11, 1.59660461935e-11, 1.314955176e-11, 7.34478276809e-12, 6.85775828485e-12, 3.83568784373e-12, 1.18537211297e-11, 1.52379827506e-11, 3.82978683489e-11, 1.58494866537e-11, 1.28074512801e-11, 3.84604084691e-11, 1.75120907359e-11, 4.09194639978e-12, 7.80641957326e-12, 3.47357537699e-12, 3.55148202513e-12, 5.43787801247e-12, 2.42080075603e-12, 4.45543385172e-12, 3.84898189709e-12, 4.66401353302e-12, 2.17392488559e-12, 1.48649950855e-12, 1.22242060224e-12, 3.25457044127e-12, 4.69770359765e-12, 3.15632481089e-12, 3.12325577727e-12, 1.14192921612e-12, 1.63802380947e-12, 2.63374998893e-12, 1.63677318227e-12, 1.55665064172e-12, 2.68346022486e-12, 1.5124538991e-12, 2.48576793914e-13, 7.2966166529e-13, 1.4122694984e-12, 1.98357476278e-12, 2.51448991836e-12, 1.51474633617e-12, 1.96639319411e-12, 7.63945655867e-13, 7.07646343866e-13, 9.42020441687e-13, 9.06867625699e-13, 4.93627545523e-13, 5.56027229467e-13, 3.15178520218e-13, 1.87324317841e-13, 2.99520635074e-13, 3.03375000902e-13, 2.80809257141e-13, 4.29730524169e-13, 2.02517920511e-13, 1.97079521756e-13, 1.6668026822e-13, 1.56933575293e-13, 1.69302465385e-13, 1.62757475683e-13, 1.09597376205e-13, 2.82401665529e-14, 4.77466797247e-15, 1.50718528005e-16],
        "stdev": [0.00248595280573, 0.00573001755401, 0.00578660657629, 0.00434710085392, 0.00365316518582, 0.00236553652212, 0.00200146785937, 0.00256499135867, 0.00189632421825, 0.00148651981726, 0.000813140009996, 0.000941778358538, 0.000634388590697, 0.000887492613401, 0.000847560237162, 0.00089056964498, 0.000942317710724, 0.0013281989377, 0.000564643123653, 0.000437526527094, 0.000673201691825, 0.000725569028873, 0.000675731804222, 0.00113274925388, 0.000638182158582, 0.0004015804152, 0.000554775644559, 0.000385400897358, 0.000524180417415, 0.000372180074919, 0.000346812594216, 0.000340530823451, 0.000400105374865, 0.000194618522073, 0.000293152756058, 0.000232328122365, 0.000156438109116, 0.000150361418491, 0.000112669426017, 0.000120823759062, 0.000133829511469, 9.79060641839e-05, 6.17561818217e-05, 7.07316357875e-05, 4.71501261927e-05, 4.98696463183e-05, 5.05323441757e-05, 5.12486476509e-05, 3.64371589967e-05, 4.89274680149e-05, 3.31780211127e-05, 3.06059155264e-05, 3.22625492117e-05, 3.52504357579e-05, 4.52789645351e-05, 6.63885075483e-05, 0.000106009225419, 7.97260145191e-05, 8.44671885716e-05, 5.94476950937e-05, 9.30149180931e-05, 5.42568232049e-05, 3.85941275454e-05, 5.25828763784e-05, 3.65004780178e-05, 3.31498849846e-05, 1.64466910064e-05, 1.61312254932e-05, 1.07084324554e-05, 1.19934929899e-05, 1.4576526155e-05, 1.67515227076e-05, 2.05695669138e-05, 2.22914404731e-05, 1.61767657119e-05, 9.67021333054e-06, 1.0595211279e-05, 1.09736729428e-05, 1.42429298648e-05, 1.60848594533e-05, 1.48259132402e-05, 1.23112349684e-05, 1.39904923344e-05, 2.00820704777e-05, 1.87863297469e-05, 1.2681140106e-05, 7.10683252692e-06, 5.06119704369e-06, 7.79824222263e-06, 6.37333687337e-06, 6.55212716083e-06, 5.26047369931e-06, 5.61994238524e-06, 7.33257957108e-06, 6.2623694248e-06, 4.81702136312e-06, 4.86341741635e-06, 5.96670452069e-06, 4.51860341855e-06, 3.5655020838e-06, 3.48790672433e-06, 3.16350065077e-06, 2.20894480663e-06, 2.6028837965e-06, 1.96196606339e-06, 3.3717246879e-06, 2.02976912078e-06, 1.16867408906e-06, 1.33004641611e-06, 8.29388739021e-07, 7.95285586719e-07, 5.99483144015e-07, 7.79542915552e-07, 4.2740575168e-07, 4.78344929888e-07, 4.14517813851e-07, 4.79186724078e-07, 6.51303423638e-07, 6.81566973526e-07, 6.88570708007e-07, 5.65547111364e-07, 6.18046897216e-07, 3.44141028563e-07, 9.83620740413e-09, 9.1649994885e-12, 7.32330515674e-12, 6.68593999609e-12, 6.45158189025e-12]
    },
    "mfcc": {
        "mean": [-635.894714355, 96.9754714966, -11.0808610916, 14.5675849915, 1.12289655209, 4.31138277054, -1.33767318726, 10.7022457123, 4.62748003006, 0.958186626434, 3.70328712463, -1.14544677734, -3.67105579376],
        "cov": [[8442.40527344, -718.977905273, 1901.88574219, 747.101196289, 467.104736328, -97.5843887329, -72.3514404297, 157.130767822, -155.771118164, -425.371490479, -15.430103302, 198.972488403, -37.8353385925], [-718.977905273, 786.082092285, 135.96685791, 247.039154053, 216.239532471, 117.000549316, 119.918624878, -8.32007884979, -9.49285793304, 5.21850156784, -1.04021513462, 16.0654525757, -40.866771698], [1901.88574219, 135.96685791, 2091.95581055, 988.188537598, 746.320556641, 275.929626465, 177.273651123, 104.129898071, -128.279159546, -198.533462524, 4.2967672348, 173.636627197, -58.6164970398], [747.101196289, 247.039154053, 988.188537598, 724.172180176, 455.744171143, 202.128616333, 128.208755493, 62.3568267822, -55.4234199524, -98.5469284058, 22.2475090027, 114.455184937, -38.6594543457], [467.104736328, 216.239532471, 746.320556641, 455.744171143, 489.234100342, 170.996673584, 86.5372161865, 24.6509571075, -38.8379211426, -32.5030059814, 22.4129486084, 95.1415328979, -38.3868331909], [-97.5843887329, 117.000549316, 275.929626465, 202.128616333, 170.996673584, 211.559310913, 77.0863342285, 29.6961517334, -0.77305072546, 29.8192615509, 22.5440063477, 61.1522483826, 0.720220863819], [-72.3514404297, 119.918624878, 177.273651123, 128.208755493, 86.5372161865, 77.0863342285, 158.248916626, 36.1155090332, 11.4729337692, -1.92735302448, -4.16706132889, 22.4808750153, -12.0262374878], [157.130767822, -8.32007884979, 104.129898071, 62.3568267822, 24.6509571075, 29.6961517334, 36.1155090332, 125.137840271, 22.5913085938, 12.7768335342, 21.223033905, 23.4196071625, -2.54328989983], [-155.771118164, -9.49285793304, -128.279159546, -55.4234199524, -38.8379211426, -0.77305072546, 11.4729337692, 22.5913085938, 82.6485595703, 53.0923576355, 7.0853228569, -13.9960336685, -1.2182636261], [-425.371490479, 5.21850156784, -198.533462524, -98.5469284058, -32.5030059814, 29.8192615509, -1.92735302448, 12.7768335342, 53.0923576355, 133.281982422, 31.3470916748, -2.46465468407, 12.9708471298], [-15.430103302, -1.04021513462, 4.2967672348, 22.2475090027, 22.4129486084, 22.5440063477, -4.16706132889, 21.223033905, 7.0853228569, 31.3470916748, 79.4652023315, 36.5877304077, 2.68987059593], [198.972488403, 16.0654525757, 173.636627197, 114.455184937, 95.1415328979, 61.1522483826, 22.4808750153, 23.4196071625, -13.9960336685, -2.46465468407, 36.5877304077, 115.569229126, 10.0287437439], [-37.8353385925, -40.866771698, -58.6164970398, -38.6594543457, -38.3868331909, 0.720220863819, -12.0262374878, -2.54328989983, -1.2182636261, 12.9708471298, 2.68987059593, 10.0287437439, 67.8139648438]],
        "icov": [[0.000202675364562, 0.000178310205229, -0.000148321109009, -3.10289906338e-05, -6.4980762545e-05, 0.000240769732045, 0.000150350155309, -0.00017076455697, -0.000138303017593, 0.000392684130929, 1.18451443996e-05, -0.000201458416996, 7.28807935957e-06], [0.000178310205229, 0.00203403038904, 0.00053650746122, -0.000857560080476, -0.000914089556318, 6.93964875609e-06, -0.000934216601308, 0.000171613690327, 0.000437450886238, 0.000133820125484, 0.000185456374311, 0.000298298982671, 0.000554165628273], [-0.000148321109009, 0.00053650746122, 0.00208221725188, -0.00156733253971, -0.00153021817096, -0.00028025454958, -0.000512857281137, -0.000593972858042, 0.00104713859037, 0.000656677875668, 0.000495111977216, 0.000215770589421, 1.20795357361e-05], [-3.10289906338e-05, -0.000857560080476, -0.00156733253971, 0.00598928378895, -0.0018777170917, -0.00156844616868, -0.000386799569242, -0.000653640076052, -0.000894422293641, 0.00260942080058, -0.00120342010632, -0.000491578248329, -8.58249131852e-06], [-6.4980762545e-05, -0.000914089556318, -0.00153021817096, -0.0018777170917, 0.00712544936687, -0.00116235762835, 0.000540826295037, 0.00143484561704, 0.000261776149273, -0.00229071453214, 2.79051491816e-05, -0.00143748242408, 0.00186959141865], [0.000240769732045, 6.93964875609e-06, -0.00028025454958, -0.00156844616868, -0.00116235762835, 0.00950679276139, -0.00214740820229, -0.00016578292707, 0.000727028062101, -0.00354101718403, 0.000389495078707, -0.00207321345806, -0.00116234121379], [0.000150350155309, -0.000934216601308, -0.000512857281137, -0.000386799569242, 0.000540826295037, -0.00214740820229, 0.00950224976987, -0.00181654142216, -0.00222252658568, 0.000792013364844, 0.00174481596332, -0.000624358130153, 0.000634763215203], [-0.00017076455697, 0.000171613690327, -0.000593972858042, -0.000653640076052, 0.00143484561704, -0.00016578292707, -0.00181654142216, 0.0104519529268, -0.00293537112884, -0.000953303358983, -0.00206574238837, -0.000799250730779, 0.000335658172844], [-0.000138303017593, 0.000437450886238, 0.00104713859037, -0.000894422293641, 0.000261776149273, 0.000727028062101, -0.00222252658568, -0.00293537112884, 0.0191174149513, -0.00738710537553, 0.000965391169302, 0.00162166054361, 0.00169617356732], [0.000392684130929, 0.000133820125484, 0.000656677875668, 0.00260942080058, -0.00229071453214, -0.00354101718403, 0.000792013364844, -0.000953303358983, -0.00738710537553, 0.0162509530783, -0.00472677871585, 0.000650595815387, -0.00194921193179], [1.18451443996e-05, 0.000185456374311, 0.000495111977216, -0.00120342010632, 2.79051491816e-05, 0.000389495078707, 0.00174481596332, -0.00206574238837, 0.000965391169302, -0.00472677871585, 0.0176600348204, -0.00542068015784, 0.00112648797221], [-0.000201458416996, 0.000298298982671, 0.000215770589421, -0.000491578248329, -0.00143748242408, -0.00207321345806, -0.000624358130153, -0.000799250730779, 0.00162166054361, 0.000650595815387, -0.00542068015784, 0.0138617726043, -0.00288900965825], [7.28807935957e-06, 0.000554165628273, 1.20795357361e-05, -8.58249131852e-06, 0.00186959141865, -0.00116234121379, 0.000634763215203, 0.000335658172844, 0.00169617356732, -0.00194921193179, 0.00112648797221, -0.00288900965825, 0.0170714631677]]
    },
    "spectral_contrast_coeffs": {
        "max": [-0.403627097607, -0.380254030228, -0.48432174325, -0.604307174683, -0.553698599339, -0.481972455978],
        "mean": [-0.73578953743, -0.764725506306, -0.773553788662, -0.804236531258, -0.780232012272, -0.757609784603],
        "min": [-0.951964259148, -0.939430832863, -0.912812173367, -0.90397644043, -0.901862084866, -0.919867694378],
        "stdev": [0.0720349699259, 0.0764372423291, 0.0615802556276, 0.0452299118042, 0.0459365621209, 0.0376145802438]
    },
    "spectral_contrast_valleys": {
        "max": [-4.54444599152, -4.99674320221, -5.49874591827, -5.7824716568, -5.28810977936, -7.75541496277],
        "mean": [-7.0724067688, -6.8358540535, -7.19729995728, -7.34995269775, -7.40296888351, -9.92890262604],
        "min": [-13.5154857635, -12.6060237885, -12.1683301926, -12.486281395, -12.9800739288, -15.1802072525],
        "stdev": [1.61423444748, 0.904841780663, 0.858644604683, 0.8391238451, 0.943528115749, 1.26325380802]
    }
},
"rhythm": {
    "beats_count": 65,
    "beats_loudness": {
        "max": 0.103044845164,
        "mean": 0.0366494692862,
        "min": 6.98821240803e-05,
        "stdev": 0.0245311781764
    },
    "bpm": 143.368942261,
    "bpm_histogram_first_peak_bpm": 144,
    "bpm_histogram_first_peak_weight": 0.270270287991,
    "bpm_histogram_second_peak_bpm": 136,
    "bpm_histogram_second_peak_spread": 0.142857134342,
    "bpm_histogram_second_peak_weight": 0.1875,
    "danceability": 0.948256611824,
    "onset_rate": 3.15120029449,
    "beats_loudness_band_ratio": {
        "max": [0.869545340538, 0.57323372364, 0.557897031307, 0.652965962887, 0.856182873249, 0.190489009023],
        "mean": [0.393620699644, 0.139288261533, 0.151155054569, 0.166485264897, 0.119124256074, 0.0735500454903],
        "min": [0.000454840163002, 0.000312539894367, 0.00981744658202, 0.00688493065536, 0.00798945501447, 0.00630545103922],
        "stdev": [0.289374142885, 0.133596867323, 0.122629210353, 0.174880594015, 0.136832609773, 0.044213347137]
    },
