{
"metadata": {
    "version": {
        "essentia": "2.1-beta5",
        "essentia_git_sha": "Undefined",
        "extractor": "music 2.0"
    },
    "audio_properties": {
        "analysis": {
            "equal_loudness": 0,
            "length": 32.4963264465,
            "sample_rate": 44100,
            "start_time": 126.502311707,
            "downmix": "mix"
        },
        "bit_rate": 192000,
        "length": 182.845535278,
        "lossless": 0,
        "number_channels": 2,
        "replay_gain": -9.32069969177,
        "sample_rate": 48000,
        "codec": "mp3",
        "md5_encoded": "9e6cc708c753597ff22ff14e02c5886f"
    },
    "tags": {
        "file_name": "Estonia_Partners In Crime_Gerli Padar.mp3",
        "encoding": ["Lavf58.29.100"]
    }
},
"lowlevel": {
    "average_loudness": 0.946510195732,
    "barkbands_crest": {
        "max": 21.8728656769,
        "mean": 8.93483161926,
        "min": 3.02395224571,
        "stdev": 3.15300869942
    },
    "barkbands_flatness_db": {
        "max": 0.201442062855,
        "mean": 0.0934729203582,
        "min": 0.0279323253781,
        "stdev": 0.0257374662906
    },
    "barkbands_kurtosis": {
        "max": 20.7763614655,
        "mean": 0.682726681232,
        "min": -1.8504254818,
        "stdev": 2.49880313873
    },
    "barkbands_skewness": {
        "max": 4.43683385849,
        "mean": 0.867228627205,
        "min": -1.49858224392,
        "stdev": 0.885437428951
    },
    "barkbands_spread": {
        "max": 94.3992004395,
        "mean": 33.9186134338,
        "min": 9.80795192719,
        "stdev": 11.8515520096
    },
    "dissonance": {
        "max": 0.499998748302,
        "mean": 0.474789172411,
        "min": 0.314767181873,
        "stdev": 0.0209693778306
    },
    "dynamic_complexity": 2.06887507439,
    "erbbands_crest": {
        "max": 28.2869930267,
        "mean": 9.5957365036,
        "min": 2.71271800995,
        "stdev": 4.88840007782
    },
    "erbbands_flatness_db": {
        "max": 0.264543652534,
        "mean": 0.134396716952,
        "min": 0.0538729429245,
        "stdev": 0.0413841493428
    },
    "erbbands_kurtosis": {
        "max": 11.5731992722,
        "mean": 0.0505987107754,
        "min": -1.68094658852,
        "stdev": 1.24299073219
    },
    "erbbands_skewness": {
        "max": 2.01317119598,
        "mean": -0.163421332836,
        "min": -2.71079087257,
        "stdev": 0.663819313049
    },
    "erbbands_spread": {
        "max": 128.564407349,
        "mean": 39.8310508728,
        "min": 8.25687026978,
        "stdev": 18.9068717957
    },
    "hfc": {
        "max": 100.906272888,
        "mean": 27.2756843567,
        "min": 1.61538553238,
        "stdev": 15.6171979904
    },
    "loudness_ebu128": {
        "integrated": -13.6801795959,
        "loudness_range": 1.29200744629,
        "momentary": {
            "max": -11.4694576263,
            "mean": -13.8314504623,
            "min": -16.3156337738,
            "stdev": 1.16287696362
        },
        "short_term": {
            "max": -12.3524923325,
            "mean": -13.7911777496,
            "min": -14.6705799103,
            "stdev": 0.469760984182
        }
    },
    "melbands_crest": {
        "max": 28.7662200928,
        "mean": 12.7766494751,
        "min": 4.74574613571,
        "stdev": 4.00604724884
    },
    "melbands_flatness_db": {
        "max": 0.270720928907,
        "mean": 0.159635290504,
        "min": 0.0740152448416,
        "stdev": 0.0316782295704
    },
    "melbands_kurtosis": {
        "max": 110.650726318,
        "mean": 7.82367563248,
        "min": -1.68422555923,
        "stdev": 11.754899025
    },
    "melbands_skewness": {
        "max": 9.4711151123,
        "mean": 2.15075755119,
        "min": -0.981010854244,
        "stdev": 1.57559978962
    },
    "melbands_spread": {
        "max": 99.0748291016,
        "mean": 36.8000526428,
        "min": 4.61226081848,
        "stdev": 16.2654933929
    },
    "pitch_salience": {
        "max": 0.854240357876,
        "mean": 0.534971773624,
        "min": 0.247606784105,
        "stdev": 0.095729470253
    },
    "silence_rate_20dB": {
        "max": 1,
        "mean": 1,
        "min": 1,
        "stdev": 0
    },
    "silence_rate_30dB": {
        "max": 1,
        "mean": 1,
        "min": 1,
        "stdev": 0
    },
    "silence_rate_60dB": {
        "max": 0,
        "mean": 0,
        "min": 0,
        "stdev": 0
    },
    "spectral_centroid": {
        "max": 3106.39477539,
        "mean": 2036.0970459,
        "min": 624.891601562,
        "stdev": 447.67288208
    },
    "spectral_complexity": {
        "max": 44,
        "mean": 21.4839401245,
        "min": 1,
        "stdev": 5.96061086655
    },
    "spectral_decrease": {
        "max": -1.39329117688e-10,
        "mean": -5.66850921757e-09,
        "min": -2.06976888961e-08,
        "stdev": 2.8590900758e-09
    },
    "spectral_energy": {
        "max": 0.0836056321859,
        "mean": 0.0238682534546,
        "min": 0.000672380439937,
        "stdev": 0.0118718231097
    },
    "spectral_energyband_high": {
        "max": 0.00576102407649,
        "mean": 0.0011214875849,
        "min": 5.04554263898e-05,
        "stdev": 0.000802673283033
    },
    "spectral_energyband_low": {
        "max": 0.0561447925866,
        "mean": 0.00733759114519,
        "min": 9.80191634881e-06,
        "stdev": 0.00650750380009
    },
    "spectral_energyband_middle_high": {
        "max": 0.0577335692942,
        "mean": 0.00978769082576,
        "min": 0.000570449046791,
        "stdev": 0.00878463033587
    },
    "spectral_energyband_middle_low": {
        "max": 0.043142799288,
        "mean": 0.00682928878814,
        "min": 4.24179415859e-05,
        "stdev": 0.00555703276768
    },
    "spectral_entropy": {
        "max": 8.60002231598,
        "mean": 7.73971986771,
        "min": 6.55391407013,
        "stdev": 0.305037379265
    },
    "spectral_flux": {
        "max": 0.260689020157,
        "mean": 0.0917238593102,
        "min": 0.0349613949656,
        "stdev": 0.0367565304041
    },
    "spectral_kurtosis": {
        "max": 10.588968277,
        "mean": 4.52637815475,
        "min": -0.445722579956,
        "stdev": 1.52922821045
    },
    "spectral_rms": {
        "max": 0.00903141591698,
        "mean": 0.00468258699402,
        "min": 0.000809926481452,
        "stdev": 0.00116596056614
    },
    "spectral_rolloff": {
        "max": 8397.94921875,
        "mean": 2196.9387207,
        "min": 129.19921875,
        "stdev": 1172.93029785
    },
    "spectral_skewness": {
        "max": 2.41150259972,
        "mean": 1.46034288406,
        "min": 0.458726167679,
        "stdev": 0.232367917895
    },
    "spectral_spread": {
        "max": 18868290,
        "mean": 4730138,
        "min": 2813649.25,
        "stdev": 1268178.75
    },
    "spectral_strongpeak": {
        "max": 12.1199636459,
        "mean": 1.61008548737,
        "min": 0.0320627503097,
        "stdev": 1.93271923065
    },
    "zerocrossingrate": {
        "max": 0.1982421875,
        "mean": 0.0821507945657,
        "min": 0.02734375,
        "stdev": 0.0227360390127
    },
    "barkbands": {
        "max": [0.000539914530236, 0.0241962596774, 0.0450446009636, 0.0262560993433, 0.0211864951998, 0.0184098016471, 0.0138392206281, 0.00637405086309, 0.0196972917765, 0.0247947704047, 0.05106465891, 0.0244013052434, 0.0155802620575, 0.0107815070078, 0.021874146536, 0.0160578936338, 0.00993092637509, 0.0110757509246, 0.0135635593906, 0.00562860444188, 0.00326384184882, 0.00089859723812, 0.00164912687615, 0.00209157611243, 0.000813510210719, 0.000780612695962, 0.000345949083567],
        "mean": [7.48744860175e-05, 0.00337941665202, 0.00302296783775, 0.0017249668017, 0.00172024278436, 0.00126922584604, 0.000607465161011, 0.000239201777731, 0.000654542236589, 0.00123079819605, 0.00306382542476, 0.000919935642742, 0.000381422112696, 0.000425718142651, 0.000883441767655, 0.000759505084716, 0.00039800896775, 0.000856226717588, 0.000784310221206, 0.000745467667002, 0.000184606236871, 8.83911707206e-05, 0.000116676295875, 0.000123091740534, 9.61478144745e-05, 9.18644582271e-05, 2.59125881712e-05],
        "min": [1.19884830951e-07, 4.07888774134e-06, 9.86446821116e-07, 6.98758503859e-06, 1.82252570085e-05, 2.10596067518e-06, 5.09746860189e-06, 4.16893726651e-06, 4.95866970596e-07, 1.6382451804e-06, 3.26097665493e-06, 1.17862691695e-06, 2.50471157415e-06, 1.09097572931e-05, 1.12572679427e-05, 1.7918408048e-05, 1.86592442333e-05, 2.2210597308e-05, 1.89479105757e-05, 1.21054326883e-05, 8.47576393426e-06, 6.54058248983e-06, 3.70039856534e-06, 2.19474850383e-06, 1.407698619e-06, 8.89130433279e-07, 2.3803560012e-08],
        "stdev": [7.62603594922e-05, 0.00304073886946, 0.00419602403417, 0.00274537783116, 0.00203920970671, 0.0020220419392, 0.00134526460897, 0.000523075519595, 0.0012181022903, 0.00245349225588, 0.00584186194465, 0.00252451910637, 0.000963977305219, 0.000731090258341, 0.00167239585426, 0.0014446885325, 0.000568182149436, 0.000985535909422, 0.000824360758997, 0.000750798149966, 0.000224563947995, 0.000105380786408, 0.000169175036717, 0.000153569752001, 0.000111226348963, 0.000118027637654, 4.70843078801e-05]
    },
    "erbbands": {
        "max": [0.518028557301, 6.79717636108, 42.8409729004, 55.8021507263, 75.5528488159, 118.428504944, 82.7242889404, 205.914459229, 268.461364746, 212.622848511, 163.965393066, 461.180664062, 732.667907715, 899.157775879, 2291.49853516, 922.92376709, 785.28302002, 635.50970459, 559.781433105, 1836.88720703, 978.433288574, 530.136474609, 649.947753906, 762.233947754, 396.129608154, 383.355163574, 195.690963745, 43.5852737427, 33.9633407593, 45.0058326721, 55.5075416565, 53.4906387329, 25.9748821259, 11.5244398117, 5.47618532181, 3.75980377197, 1.5859618187, 0.580885589123, 0.0523776970804, 0.00160504097585],
        "mean": [0.0796170309186, 0.846815884113, 3.10533571243, 4.97436141968, 5.9395570755, 6.0075211525, 6.09123373032, 11.5378856659, 9.4676990509, 8.22032260895, 4.94445705414, 13.7189617157, 41.3405303955, 56.9519920349, 107.188079834, 41.6570510864, 18.6132717133, 24.4117794037, 24.6539745331, 62.8986167908, 35.2550926208, 22.4236698151, 35.818069458, 54.2053985596, 31.3874053955, 39.8853569031, 13.4941768646, 5.72340297699, 2.96579551697, 2.97830677032, 3.63396430016, 2.7255589962, 1.88737046719, 1.1377466917, 0.669558167458, 0.392727434635, 0.165107965469, 0.047142457217, 0.00422226032242, 0.000110769826279],
        "min": [0.00020636995032, 0.0006143162027, 0.00106592499651, 0.0124789522961, 0.0530377030373, 0.0611880011857, 0.0223267823458, 0.0189774762839, 0.0668211728334, 0.170250341296, 0.0909500271082, 0.01233970467, 0.0512089543045, 0.291860938072, 0.251744925976, 0.0493416786194, 0.12379014492, 0.42422363162, 0.641472041607, 1.38449072838, 2.11172866821, 1.53545641899, 1.11781275272, 1.04431080818, 1.06611907482, 0.676890194416, 0.4580719769, 0.278192847967, 0.306188285351, 0.143572837114, 0.103714250028, 0.0563334152102, 0.0434126444161, 0.0195453576744, 0.00782874785364, 0.00517479237169, 0.00136448605917, 0.000230026576901, 1.38209634315e-05, 1.01532050394e-05],
        "stdev": [0.0709090307355, 0.820770561695, 4.05040025711, 6.67845058441, 8.20985221863, 8.46827888489, 8.3614730835, 19.6822738647, 21.6261615753, 17.5085983276, 9.49220848083, 26.0563259125, 69.9198455811, 103.970016479, 214.643264771, 108.936508179, 42.7769203186, 43.5083427429, 45.6465377808, 118.907897949, 63.2214241028, 28.479719162, 38.6131362915, 57.7380447388, 30.2996635437, 44.2046890259, 15.1462059021, 4.70476961136, 3.33667063713, 4.02561664581, 5.4075756073, 3.92978072166, 2.13859987259, 1.36935007572, 0.785799264908, 0.466423481703, 0.219167128205, 0.0768160969019, 0.00750778848305, 0.000151326094056]
    },
    "gfcc": {
        "mean": [39.9050140381, 58.6536026001, -109.394493103, 39.257106781, -36.8007278442, 10.2107648849, -31.9259872437, 18.9538841248, -34.5550041199, -0.501198291779, -17.1240158081, 2.2062151432, -9.47871589661],
        "cov": [[836.253662109, -253.198013306, -0.7381092906, -270.504943848, 29.0878620148, 93.3491516113, 98.7956237793, -63.0107460022, -75.03175354, -53.1252441406, -4.01166296005, 12.0904855728, -21.5319442749], [-253.198013306, 390.520751953, -222.012649536, 16.2901153564, -7.8710436821, -33.7279205322, 18.0523815155, 25.9439735413, -20.041683197, -3.41309642792, 53.0048789978, -26.0458850861, 57.7068405151], [-0.7381092906, -222.012649536, 612.188354492, 124.487983704, -53.918170929, -126.8335495, -179.39553833, 2.72871923447, 127.062522888, 59.6578979492, -120.267608643, 20.8954086304, -110.092010498], [-270.504943848, 16.2901153564, 124.487983704, 259.508575439, -19.4897899628, -49.8654594421, -103.999855042, 12.6856517792, 82.0662307739, 22.8590164185, -7.07944059372, -2.74314618111, -22.5495986938], [29.0878620148, -7.8710436821, -53.918170929, -19.4897899628, 138.796936035, 23.0311546326, 46.7847976685, -3.40160059929, -32.7343978882, 24.2117347717, -2.31155896187, -2.93636393547, 16.6396770477], [93.3491516113, -33.7279205322, -126.8335495, -49.8654594421, 23.0311546326, 187.783477783, 129.123168945, -23.2902889252, -77.5127410889, -25.0300312042, 43.8550453186, -9.80830955505, 7.33165884018], [98.7956237793, 18.0523815155, -179.39553833, -103.999855042, 46.7847976685, 129.123168945, 190.027648926, -4.64911222458, -105.630432129, -34.0621032715, 39.3365936279, -5.54272985458, 16.587015152], [-63.0107460022, 25.9439735413, 2.72871923447, 12.6856517792, -3.40160059929, -23.2902889252, -4.64911222458, 87.7710189819, 51.8078117371, 3.99211978912, -16.7245750427, -2.2220184803, 16.3115577698], [-75.03175354, -20.041683197, 127.062522888, 82.0662307739, -32.7343978882, -77.5127410889, -105.630432129, 51.8078117371, 159.733108521, 47.9627113342, -24.0686588287, 1.12093806267, -11.3290100098], [-53.1252441406, -3.41309642792, 59.6578979492, 22.8590164185, 24.2117347717, -25.0300312042, -34.0621032715, 3.99211978912, 47.9627113342, 94.6202697754, 12.9994878769, 3.32425260544, -15.6654491425], [-4.01166296005, 53.0048789978, -120.267608643, -7.07944059372, -2.31155896187, 43.8550453186, 39.3365936279, -16.7245750427, -24.0686588287, 12.9994878769, 115.174499512, 21.8451290131, 4.48688983917], [12.0904855728, -26.0458850861, 20.8954086304, -2.74314618111, -2.93636393547, -9.80830955505, -5.54272985458, -2.2220184803, 1.12093806267, 3.32425260544, 21.8451290131, 57.5228309631, 14.7413921356], [-21.5319442749, 57.7068405151, -110.092010498, -22.5495986938, 16.6396770477, 7.33165884018, 16.587015152, 16.3115577698, -11.3290100098, -15.6654491425, 4.48688983917, 14.7413921356, 82.9748458862]],
        "icov": [[0.00278393854387, 0.00145934592001, -0.000340246217092, 0.00302492408082, -0.000810459430795, -0.000285961083136, 2.53185335168e-05, 0.00152175442781, -0.0013286821777, 0.00199178559706, -0.00105955696199, 0.000600330298766, 0.000106971987407], [0.00145934592001, 0.00537810707465, 0.0010079034837, 0.000482227274915, 0.000825001741759, 0.00265524000861, -0.000782258168329, -0.000342619576259, 0.000808207551017, -0.000123200050439, -0.00255906512029, 0.00380039447919, -0.00251932488754], [-0.000340246217092, 0.0010079034837, 0.00533854914829, -0.00129525049124, 0.00108724087477, 0.000120959863125, 0.00193744595163, -0.00036396109499, -2.01760030905e-05, -0.00238248985261, 0.00517675932497, -0.00445037707686, 0.00545566761866], [0.00302492408082, 0.000482227274915, -0.00129525049124, 0.0090464502573, -0.00211735838093, -0.00202849530615, 0.00337095139548, 0.00137615518179, -0.00313789839856, 0.00357327586971, -0.00240665301681, 0.000904235581402, 0.00106467574369], [-0.000810459430795, 0.000825001741759, 0.00108724087477, -0.00211735838093, 0.0105089349672, 0.00145448581316, -0.003182989778, -0.000417051778641, 0.00294712302275, -0.00630585057661, 0.00261866603978, 0.00044847355457, -0.00244405213743], [-0.000285961083136, 0.00265524000861, 0.000120959863125, -0.00202849530615, 0.00145448581316, 0.0130445929244, -0.0089124944061, 0.00206391513348, 0.000542307738215, -0.000335378485033, -0.00345384678803, 0.00473658228293, -0.00302404118702], [2.53185335168e-05, -0.000782258168329, 0.00193744595163, 0.00337095139548, -0.003182989778, -0.0089124944061, 0.0188876725733, -0.00638670474291, 0.0062080505304, 0.00114524178207, -2.07785778912e-05, -0.00232364120893, 0.00442074658349], [0.00152175442781, -0.000342619576259, -0.00036396109499, 0.00137615518179, -0.000417051778641, 0.00206391513348, -0.00638670474291, 0.0193485748023, -0.010070098564, 0.00260448246263, 0.00176657468546, 0.000366340944311, -0.00314518995583], [-0.0013286821777, 0.000808207551017, -2.01760030905e-05, -0.00313789839856, 0.00294712302275, 0.000542307738215, 0.0062080505304, -0.010070098564, 0.0176239795983, -0.0069975014776, -9.69232205534e-05, 0.00126310158521, -0.000820715678856], [0.00199178559706, -0.000123200050439, -0.00238248985261, 0.00357327586971, -0.00630585057661, -0.000335378485033, 0.00114524178207, 0.00260448246263, -0.0069975014776, 0.0187519621104, -0.00604739272967, 0.00132153218146, 0.00164293323178], [-0.00105955696199, -0.00255906512029, 0.00517675932497, -0.00240665301681, 0.00261866603978, -0.00345384678803, -2.07785778912e-05, 0.00176657468546, -9.69232205534e-05, -0.00604739272967, 0.0194040574133, -0.0121605973691, 0.00711247930303], [0.000600330298766, 0.00380039447919, -0.00445037707686, 0.000904235581402, 0.00044847355457, 0.00473658228293, -0.00232364120893, 0.000366340944311, 0.00126310158521, 0.00132153218146, -0.0121605973691, 0.0289348289371, -0.012323377654], [0.000106971987407, -0.00251932488754, 0.00545566761866, 0.00106467574369, -0.00244405213743, -0.00302404118702, 0.00442074658349, -0.00314518995583, -0.000820715678856, 0.00164293323178, 0.00711247930303, -0.012323377654, 0.0238545145839]]
    },
    "melbands": {
        "max": [0.00470149796456, 0.0154597377405, 0.0101335579529, 0.00431556347758, 0.00297250691801, 0.00407926784828, 0.00348944286816, 0.00204834574834, 0.00112983386498, 0.0033880553674, 0.00389636051841, 0.00356397219002, 0.00818140618503, 0.00362337823026, 0.00177134445403, 0.00195575295947, 0.00128136412241, 0.000830465869512, 0.00167388818227, 0.00166108016856, 0.00107096892316, 0.000771761639044, 0.000268687028438, 0.000836226448882, 0.000728368177079, 0.000328469701344, 0.000305287219817, 0.000250693963608, 0.000179275986739, 4.55643385067e-05, 2.9873508538e-05, 1.79761373147e-05, 2.13697203435e-05, 2.77122962871e-05, 3.25546498061e-05, 3.38860081683e-05, 4.1707244236e-05, 2.34685394389e-05, 1.82034873433e-05, 1.10629043775e-05],
        "mean": [0.000841856759507, 0.00144752569031, 0.000907735025976, 0.000421004020609, 0.000225388837862, 0.00025719567202, 0.000139776384458, 8.1191668869e-05, 3.86641804653e-05, 9.80563490884e-05, 0.000203416653676, 0.000199171132408, 0.000440372910816, 0.000129527441459, 5.3650168411e-05, 4.23768542532e-05, 4.38049901277e-05, 3.24061475112e-05, 7.22332624719e-05, 7.08919178578e-05, 3.70929483324e-05, 2.40401113842e-05, 1.86546058103e-05, 4.69421829621e-05, 4.43035787612e-05, 2.75579695881e-05, 2.02219853236e-05, 2.75242855423e-05, 1.01453206298e-05, 3.34125661539e-06, 3.1727570331e-06, 1.70077601069e-06, 1.5126913695e-06, 1.58628427016e-06, 2.08212645703e-06, 1.7287470655e-06, 1.82373617008e-06, 1.27967132357e-06, 1.2646810319e-06, 8.90541059562e-07],
        "min": [1.70845896719e-06, 7.10085316769e-07, 3.38001427735e-06, 4.47628690381e-06, 1.08752033157e-06, 4.36117261415e-07, 1.17540548672e-06, 1.04412652036e-06, 5.71392263282e-07, 5.24875041208e-08, 2.60055855961e-07, 8.0573664718e-07, 8.41442101773e-07, 2.46712858143e-07, 7.74318777985e-08, 4.04482506156e-07, 5.5928137499e-07, 3.85214036669e-07, 1.13659086765e-06, 1.85872943348e-06, 5.89276908158e-07, 1.62601975262e-06, 6.62414095132e-07, 9.84371695267e-07, 8.07155117855e-07, 7.42187353353e-07, 5.49753963242e-07, 4.46745218596e-07, 2.7771909572e-07, 1.70055429294e-07, 1.87781665772e-07, 1.16981482279e-07, 7.56606084451e-08, 4.53850894644e-08, 4.64641196629e-08, 3.56215288377e-08, 2.46219915567e-08, 2.88418959826e-08, 2.34137598198e-08, 1.3668243426e-08],
        "stdev": [0.000709037354682, 0.00161504209973, 0.00117181008682, 0.000502041482832, 0.000285229965812, 0.000428899278631, 0.000304946559481, 0.000172217973159, 7.15656060493e-05, 0.000190733509953, 0.000356775184628, 0.000401834404329, 0.00087196927052, 0.000318645325024, 0.00015003234148, 9.99658441287e-05, 8.22726651677e-05, 6.75824194332e-05, 0.000138933886774, 0.00013866100926, 7.49055689084e-05, 3.80780656997e-05, 1.94977765204e-05, 5.94695266045e-05, 5.15795181855e-05, 3.19812061207e-05, 2.27371347137e-05, 3.17956946674e-05, 1.32592531372e-05, 3.19946457239e-06, 3.06935407934e-06, 1.98296038434e-06, 2.14366468754e-06, 2.17592992158e-06, 2.96120515486e-06, 2.97435917673e-06, 2.70008672487e-06, 1.48166031977e-06, 1.56501471338e-06, 1.15604154871e-06]
    },
    "melbands128": {
        "max": [0.000514109735377, 0.00376531528309, 0.00736282533035, 0.0136017100886, 0.0206833872944, 0.0209833178669, 0.0132868662477, 0.0153590161353, 0.00744509510696, 0.00492072012275, 0.00902779959142, 0.00621354952455, 0.00364785920829, 0.00545817008242, 0.00682665407658, 0.00593148218468, 0.00724512524903, 0.00435354188085, 0.00420961156487, 0.00348342978396, 0.00221403362229, 0.00236312905326, 0.00131526880432, 0.0019644012209, 0.00223655742593, 0.0069051166065, 0.00416275113821, 0.00591848790646, 0.00683511188254, 0.00548464572057, 0.00721292383969, 0.00717000011355, 0.0147665794939, 0.00909765157849, 0.00484140403569, 0.00569573324174, 0.00537805864587, 0.00310427090153, 0.00261073745787, 0.0037465239875, 0.00207109283656, 0.00244870875031, 0.00278182583861, 0.00112287001684, 0.000545917835552, 0.00128350465093, 0.00169563526288, 0.00286442018114, 0.00310995150357, 0.00500891823322, 0.0029636961408, 0.00206360942684, 0.00256168819033, 0.00110295286868, 0.0015025875764, 0.00114748510532, 0.000480174290715, 0.000310304109007, 0.000623199390247, 0.000503365125041, 0.00187300378457, 0.00116928655189, 0.00153797469102, 0.00123910000548, 0.000843117071781, 0.000453755375929, 0.000306028610794, 0.00034575961763, 0.000409273226978, 0.000645609921776, 0.00048140907893, 0.000366589665646, 0.000196235443582, 0.000381625635782, 0.000226925942115, 4.72942410852e-05, 3.32387535309e-05, 5.77604478167e-05, 4.68646867375e-05, 4.32078886661e-05, 2.27504788199e-05, 2.0770017727e-05, 2.62240828306e-05, 3.12773190672e-05, 4.3124993681e-05, 4.42405253125e-05, 2.49443091889e-05, 2.36093765125e-05, 4.40497497038e-05, 6.06986650382e-05, 6.00739731453e-05, 2.72338456853e-05, 1.80556035048e-05, 3.9830836613e-05, 9.04476110009e-05, 3.11504554702e-05, 8.68387542141e-06, 1.36478965942e-05, 3.09196184389e-05, 1.2784642422e-05, 8.07335527497e-06, 2.00188078452e-05, 1.83538450074e-05, 9.01698513189e-06, 8.89113289304e-06, 7.8898974607e-06, 6.36374579699e-06, 5.37113919563e-06, 9.89061300061e-06, 7.32773105483e-06, 7.39561937735e-06, 9.27857217903e-06, 5.3306935115e-06, 5.17858143212e-06, 4.26672477261e-06, 5.92596552451e-06, 7.25438439986e-06, 6.25807797405e-06, 3.81160589313e-06, 2.31239823734e-06, 1.93328423848e-06, 2.36278947341e-06, 6.04155275141e-07, 1.37368289188e-07, 1.02380690592e-08, 1.01468593527e-08, 1.0073887502e-08, 1.00292227856e-08],
        "mean": [6.66365813231e-05, 0.000505948089994, 0.00121465162374, 0.0014030826278, 0.00155884504784, 0.00146455841605, 0.00100786215626, 0.000858964049257, 0.000569576164708, 0.000398693897296, 0.000341897306498, 0.000211746562854, 0.000163007920492, 0.00027850465267, 0.000282905093627, 0.000244967319304, 0.00018829345936, 0.000103924503492, 9.85594087979e-05, 0.000109207438072, 5.80686610192e-05, 4.073359014e-05, 2.85121914203e-05, 4.19460557168e-05, 7.66740995459e-05, 9.8014708783e-05, 0.000203623916605, 0.000279813975794, 0.000136699949508, 0.000107109750388, 0.000172260464751, 0.000455047847936, 0.000705368001945, 0.000200041904463, 9.54731440288e-05, 0.000157032249263, 0.000111098430352, 2.92277600238e-05, 3.68425389752e-05, 3.67507927876e-05, 3.52404786099e-05, 6.45140826236e-05, 5.19142085977e-05, 2.87727998511e-05, 2.70798391284e-05, 3.33162242896e-05, 3.80412166123e-05, 4.84213596792e-05, 9.56734875217e-05, 0.000127051360323, 5.24413771927e-05, 3.5949244193e-05, 4.27245868195e-05, 3.49052716047e-05, 3.19413520629e-05, 2.3449649234e-05, 1.65748369909e-05, 1.69629602169e-05, 1.81448631338e-05, 2.37714502873e-05, 5.07874028699e-05, 6.42037921352e-05, 4.91087375849e-05, 3.8310950913e-05, 3.51530616172e-05, 3.27784400724e-05, 1.96063137992e-05, 1.17087201943e-05, 1.69258037204e-05, 3.72785616491e-05, 3.38441132044e-05, 1.95065640582e-05, 1.39557541843e-05, 9.64614901022e-06, 4.09129324908e-06, 2.82369524029e-06, 3.12321276397e-06, 3.69271037926e-06, 3.26116969518e-06, 2.7067337669e-06, 1.92283118849e-06, 1.20627532851e-06, 1.18487355394e-06, 1.47195794398e-06, 1.88590945527e-06, 1.82114297331e-06, 1.36696439768e-06, 1.3253253428e-06, 2.08093229048e-06, 2.73158957498e-06, 2.32935303757e-06, 1.20009758575e-06, 1.06755067009e-06, 1.96449968826e-06, 2.41537759393e-06, 1.36448147714e-06, 8.40612244701e-07, 1.30259672915e-06, 1.66283757608e-06, 1.02201704522e-06, 6.81670826452e-07, 1.005982881e-06, 9.56350163506e-07, 7.01689430116e-07, 7.38697508496e-07, 7.79685763064e-07, 6.27615008852e-07, 6.39318443518e-07, 7.77541345087e-07, 6.36517484054e-07, 6.30816998637e-07, 6.48948798698e-07, 4.64778167952e-07, 4.64112702048e-07, 4.24137482469e-07, 4.00300109504e-07, 3.85201445852e-07, 3.37905248671e-07, 2.19462677364e-07, 1.54249661932e-07, 5.48096004138e-08, 2.6780899276e-08, 1.08596518444e-08, 4.15606216109e-10, 1.53364682065e-11, 1.49402122618e-11, 1.46788865785e-11, 1.45375309013e-11],
        "min": [6.74904088172e-09, 2.2137946587e-07, 1.55720579187e-06, 8.47444482588e-07, 3.37082667556e-07, 6.08696325344e-07, 1.99957253244e-06, 4.10424263464e-06, 2.34510480368e-06, 3.53895620719e-06, 1.49682159645e-06, 8.80584821061e-07, 5.98548467678e-07, 4.2910215825e-07, 3.30146832539e-07, 4.41868451162e-07, 6.03614410011e-07, 2.45681206934e-07, 4.4684304612e-07, 6.26462338005e-07, 2.96292398616e-07, 1.35243396926e-07, 6.82102552219e-08, 5.83317536496e-08, 1.52398751396e-08, 2.50564013982e-08, 1.07724105192e-07, 1.33581508521e-07, 1.88202037066e-07, 9.55814059012e-08, 6.63406680701e-08, 3.56795624157e-07, 3.58317720384e-07, 1.05508263459e-07, 7.52486997158e-08, 9.22444343132e-08, 4.49674324443e-08, 3.81312617037e-08, 4.7749875165e-08, 8.86551276835e-08, 1.38165674457e-07, 1.84283393878e-07, 1.42510131695e-07, 2.18179977196e-07, 1.22250739309e-07, 1.96730837843e-07, 1.4272634985e-07, 2.30579786376e-07, 8.93170351901e-07, 7.62729484904e-07, 2.4130341103e-07, 2.14110144725e-07, 2.84841718212e-07, 1.1209956341e-07, 2.28755069998e-07, 5.20949015481e-07, 3.85685865467e-07, 1.53767729216e-07, 6.67286741418e-08, 1.51721195607e-07, 7.22717174995e-07, 1.89069851331e-06, 9.93096705315e-07, 3.45569759475e-07, 2.59927702473e-07, 5.12326494118e-07, 8.21812932372e-07, 3.99325102762e-07, 1.84173600815e-07, 3.1765824815e-07, 7.77138268404e-07, 1.94186995373e-07, 1.42448570273e-07, 2.10664012457e-07, 9.6517837278e-08, 1.7314505385e-08, 4.41374332638e-08, 5.25515133631e-08, 1.55735634166e-07, 1.38311932574e-07, 7.22721509305e-08, 2.36985453483e-08, 3.11163788069e-08, 2.94254878241e-08, 3.27756737306e-08, 3.29228484475e-08, 1.97438527749e-08, 2.17226538979e-08, 3.58819036705e-08, 2.49664147134e-08, 5.5087813422e-08, 1.22752386034e-08, 1.49937147143e-08, 2.44891733558e-08, 2.64013202411e-08, 1.96143759013e-08, 2.40215136671e-08, 1.64197988539e-08, 1.41837848133e-08, 2.21978240234e-08, 9.56571977184e-09, 1.55998005624e-08, 6.1065370538e-09, 2.98156721534e-09, 4.52486759173e-09, 1.11848796891e-08, 9.38553323948e-09, 7.18552994883e-09, 1.22679209014e-08, 4.83507589522e-09, 4.90615592597e-09, 4.27711110973e-09, 2.43359199459e-09, 2.67264499421e-09, 2.21821538915e-09, 9.63992330405e-10, 7.11950332022e-10, 1.21398082559e-11, 9.64332780296e-14, 8.00613034527e-14, 8.70306566614e-14, 7.73588617752e-14, 6.83360567568e-14, 6.89068146618e-14, 5.50656525586e-14, 1.8071249724e-14, 2.48157063678e-15, 1.10008073152e-16],
        "stdev": [7.25614881958e-05, 0.000558138592169, 0.00110996363219, 0.00159787002485, 0.00208455882967, 0.00205693091266, 0.00143997278064, 0.00143774645403, 0.000870266172569, 0.000537086452823, 0.000586092181038, 0.000379371573217, 0.000295515230391, 0.000517043401487, 0.000562502886169, 0.000540940556675, 0.000536268751603, 0.00033869408071, 0.0002949788759, 0.00026980866096, 0.000153576998855, 0.000123156729387, 8.43712623464e-05, 9.0650653874e-05, 0.000172468397068, 0.000341232778737, 0.00039253331488, 0.00057322246721, 0.000453603483038, 0.000416263821535, 0.000654980831314, 0.000984844518825, 0.00160280731507, 0.000662421109155, 0.00034368163324, 0.000543069094419, 0.000458567868918, 0.000132894230774, 0.000145484184031, 0.000157043643412, 0.000131549415528, 0.000170168583281, 0.000152232605615, 6.99822776369e-05, 6.02786058153e-05, 0.000107712905447, 0.00013018269965, 0.000172062500496, 0.000233374186791, 0.000331181770889, 0.000172984902747, 0.000129540771013, 0.000144438832649, 7.55149158067e-05, 7.89740006439e-05, 5.26514886587e-05, 2.74159156106e-05, 2.3188544219e-05, 3.01111122099e-05, 3.98216179747e-05, 0.000100968194602, 0.000115951581392, 9.04391563381e-05, 7.03764162608e-05, 6.22747029411e-05, 5.4316198657e-05, 2.83731769741e-05, 1.78894224518e-05, 2.98552422464e-05, 6.4109757659e-05, 5.76894271944e-05, 3.07912996504e-05, 1.95824595721e-05, 2.27548334806e-05, 9.57010615821e-06, 2.80705808109e-06, 3.53301993528e-06, 4.27104532719e-06, 4.16276270698e-06, 3.6467413338e-06, 2.42037253884e-06, 1.74721719759e-06, 1.85602198144e-06, 2.38074881054e-06, 3.0620110465e-06, 2.92125014312e-06, 1.98994257516e-06, 1.82055646292e-06, 3.0360170058e-06, 4.87215538669e-06, 4.61154422737e-06, 2.25049825531e-06, 1.60167542163e-06, 3.17169019581e-06, 4.23590790888e-06, 1.8282023575e-06, 9.7568477031e-07, 1.56744772539e-06, 2.330458301e-06, 1.39817461786e-06, 8.47083072131e-07, 1.46734771533e-06, 1.39082192163e-06, 1.03348554603e-06, 9.7186068615e-07, 9.56972371569e-07, 7.58489875352e-07, 7.78492619702e-07, 9.5433495062e-07, 9.34358581617e-07, 9.090608728e-07, 9.06210516405e-07, 6.80243431361e-07, 6.57186262742e-07, 6.138138815e-07, 6.78166088619e-07, 7.37372545245e-07, 7.09627670403e-07, 4.31483044849e-07, 3.04406910345e-07, 1.48223620045e-07, 1.13622519393e-07, 4.7536765635e-08, 4.33253077858e-09, 3.00437119627e-10, 2.95731023003e-10, 2.92380730738e-10, 2.90408391779e-10]
    },
    "mfcc": {
        "mean": [-611.390991211, 96.6013412476, -7.5484418869, 36.1482543945, 15.4996109009, -2.48824739456, 15.4994316101, 8.5841217041, 0.548421621323, 6.0340681076, -10.6219968796, -5.36079025269, -1.03543031216],
        "cov": [[713.971923828, -59.5066795349, -124.771186829, -253.979309082, -96.1955718994, 49.3056640625, 117.927909851, 53.813583374, -44.5417327881, 38.8647918701, -101.390823364, -76.3067169189, 21.2847518921], [-59.5066795349, 303.625335693, -169.900375366, -24.4403762817, -41.3522834778, -49.4036331177, 58.685005188, -30.4347877502, 2.29800343513, 29.0838356018, -46.378868103, -3.84411382675, -8.44522857666], [-124.771186829, -169.900375366, 467.659057617, 128.34602356, 78.1840515137, -13.099067688, -218.172119141, -20.216999054, 10.2647895813, -62.7260551453, 133.12310791, 47.34034729, -29.1204719543], [-253.979309082, -24.4403762817, 128.34602356, 235.721115112, 101.077377319, -45.6995582581, -136.673049927, -40.4889411926, 22.339012146, -35.9364700317, 60.8684425354, 40.1830749512, 1.24257528782], [-96.1955718994, -41.3522834778, 78.1840515137, 101.077377319, 126.267631531, -16.5312423706, -99.133605957, -36.2926445007, 29.4295902252, -5.21640872955, 39.3853225708, 19.2405605316, 10.1841945648], [49.3056640625, -49.4036331177, -13.099067688, -45.6995582581, -16.5312423706, 130.5287323, 93.8784484863, 5.98377037048, -25.8723106384, -1.07936537266, 3.50772047043, -9.74099063873, 3.33777403831], [117.927909851, 58.685005188, -218.172119141, -136.673049927, -99.133605957, 93.8784484863, 287.943664551, 55.3925819397, -45.5785446167, 22.2245483398, -72.5420379639, -38.2807121277, 8.16696929932], [53.813583374, -30.4347877502, -20.216999054, -40.4889411926, -36.2926445007, 5.98377037048, 55.3925819397, 91.2761917114, 1.12929570675, 8.92162513733, -27.0544204712, -21.4730968475, -5.1121301651], [-44.5417327881, 2.29800343513, 10.2647895813, 22.339012146, 29.4295902252, -25.8723106384, -45.5785446167, 1.12929570675, 114.597198486, 15.0769491196, 13.338637352, -12.5390834808, -18.1321678162], [38.8647918701, 29.0838356018, -62.7260551453, -35.9364700317, -5.21640872955, -1.07936537266, 22.2245483398, 8.92162513733, 15.0769491196, 80.1429443359, -7.42883348465, -1.27509951591, 1.15465128422], [-101.390823364, -46.378868103, 133.12310791, 60.8684425354, 39.3853225708, 3.50772047043, -72.5420379639, -27.0544204712, 13.338637352, -7.42883348465, 121.115020752, 45.922794342, -5.4968290329], [-76.3067169189, -3.84411382675, 47.34034729, 40.1830749512, 19.2405605316, -9.74099063873, -38.2807121277, -21.4730968475, -12.5390834808, -1.27509951591, 45.922794342, 83.0929489136, 15.7068014145], [21.2847518921, -8.44522857666, -29.1204719543, 1.24257528782, 10.1841945648, 3.33777403831, 8.16696929932, -5.1121301651, -18.1321678162, 1.15465128422, -5.4968290329, 15.7068014145, 56.7479782104]],
        "icov": [[0.00273129926063, 0.00085619057063, -1.76388275577e-05, 0.00277429912239, 7.10064196028e-05, 8.04382216302e-05, 0.000568920338992, 0.00014834261674, 0.000663700688165, -0.00057492259657, 0.000941816542763, 0.00128732738085, -0.00109412684105], [0.00085619057063, 0.00579827977344, 0.00141962186899, 0.000172560190549, 0.00152401742525, 0.00290550943464, -0.00121008907445, 0.00334678823128, 7.22878685337e-05, -0.00119245180395, 0.000832181947771, -0.000294845289318, 0.00150729296729], [-1.76388275577e-05, 0.00141962186899, 0.00597832445055, -0.0001938669011, 0.00010612027836, -0.00139039789792, 0.00392771605402, -0.00182722217869, 0.00118584139273, 0.00257644453086, -0.00371227436699, -0.000350797403371, 0.00268678623252], [0.00277429912239, 0.000172560190549, -0.0001938669011, 0.0111653329805, -0.00513011170551, 0.00121294800192, 0.00170904176775, -0.000252809026279, 0.000773124338593, 0.00251737097278, -0.000256302650087, -0.000284329405986, -0.000528582837433], [7.10064196028e-05, 0.00152401742525, 0.00010612027836, -0.00513011170551, 0.0160652846098, -0.0016713970108, 0.00272670155391, 0.00333524076268, -0.0025894055143, -0.00236458075233, -0.000126520302729, 0.00108181801625, -0.00360077014193], [8.04382216302e-05, 0.00290550943464, -0.00139039789792, 0.00121294800192, -0.0016713970108, 0.0140472706407, -0.00705847609788, 0.00365150021389, 0.00105143198743, -0.000352467643097, -0.00175539031625, 0.00120217201766, 0.000321037688991], [0.000568920338992, -0.00121008907445, 0.00392771605402, 0.00170904176775, 0.00272670155391, -0.00705847609788, 0.0116499653086, -0.0047166259028, 0.00188163935672, 0.00101099465974, -0.000302031112369, 0.000596754078288, -0.000204844589462], [0.00014834261674, 0.00334678823128, -0.00182722217869, -0.000252809026279, 0.00333524076268, 0.00365150021389, -0.0047166259028, 0.016862269491, -0.00166190532036, -0.00254248548299, 0.00280257174745, 0.00139942136593, 0.000299677922158], [0.000663700688165, 7.22878685337e-05, 0.00118584139273, 0.000773124338593, -0.0025894055143, 0.00105143198743, 0.00188163935672, -0.00166190532036, 0.0116837015375, -0.00193830300122, -0.00191559677478, 0.0029272956308, 0.00311261345632], [-0.00057492259657, -0.00119245180395, 0.00257644453086, 0.00251737097278, -0.00236458075233, -0.000352467643097, 0.00101099465974, -0.00254248548299, -0.00193830300122, 0.0162935107946, -0.00225713523105, -0.00188613496721, 0.000728280458134], [0.000941816542763, 0.000832181947771, -0.00371227436699, -0.000256302650087, -0.000126520302729, -0.00175539031625, -0.000302031112369, 0.00280257174745, -0.00191559677478, -0.00225713523105, 0.0165454819798, -0.00610986724496, 0.00102073710877], [0.00128732738085, -0.000294845289318, -0.000350797403371, -0.000284329405986, 0.00108181801625, 0.00120217201766, 0.000596754078288, 0.00139942136593, 0.0029272956308, -0.00188613496721, -0.00610986724496, 0.0189513619989, -0.00578868854791], [-0.00109412684105, 0.00150729296729, 0.00268678623252, -0.000528582837433, -0.00360077014193, 0.000321037688991, -0.000204844589462, 0.000299677922158, 0.00311261345632, 0.000728280458134, 0.00102073710877, -0.00578868854791, 0.0230113826692]]
    },
    "spectral_contrast_coeffs": {
        "max": [-0.560350358486, -0.449506938457, -0.456435739994, -0.583766102791, -0.543538570404, -0.714240074158],
        "mean": [-0.744832634926, -0.762613654137, -0.706222653389, -0.756368458271, -0.762172102928, -0.787544310093],
        "min": [-0.879742801189, -0.930465638638, -0.903863370419, -0.883222877979, -0.857468366623, -0.870382547379],
        "stdev": [0.0538016818464, 0.0676643848419, 0.105869010091, 0.0636428296566, 0.0554981678724, 0.0211804229766]
    },
    "spectral_contrast_valleys": {
        "max": [-5.08245944977, -5.45977401733, -5.86377906799, -6.27608108521, -6.0136179924, -8.2043056488],
        "mean": [-6.37964105606, -7.01949548721, -7.5156006813, -7.49663972855, -6.90943670273, -9.64438438416],
        "min": [-8.64422798157, -8.97069263458, -9.26939201355, -8.88745689392, -8.27340602875, -11.2332544327],
        "stdev": [0.360220700502, 0.449454069138, 0.466231405735, 0.372280299664, 0.288822948933, 0.501120388508]
    }
},
"rhythm": {
    "beats_count": 61,
    "beats_loudness": {
        "max": 0.0639767497778,
        "mean": 0.0316806212068,
        "min": 0.013712214306,
        "stdev": 0.0107035078108
    },
    "bpm": 114.778152466,
    "bpm_histogram_first_peak_bpm": 115,
    "bpm_histogram_first_peak_weight": 0.245614051819,
    "bpm_histogram_second_peak_bpm": 110,
    "bpm_histogram_second_peak_spread": 0.33333337307,
    "bpm_histogram_second_peak_weight": 0.0333333350718,
    "danceability": 1.23565351963,
    "onset_rate": 3.78369116783,
    "beats_loudness_band_ratio": {
        "max": [0.910848081112, 0.357537358999, 0.268779754639, 0.743103921413, 0.466413915157, 0.24136595428],
        "mean": [0.48264554143, 0.0870303884149, 0.0821104645729, 0.170227155089, 0.108602069318, 0.102781698108],
        "min": [0.0701184645295, 0.00830991286784, 0.00504068657756, 0.00615134695545, 0.017324667424, 0.030139323324],
        "stdev": [0.199748814106, 0.086717478931, 0.0647520646453, 0.175499215722, 0.0891107693315, 0.051323775202]
    },
    "beats_position": [0.545668900013, 1.10294783115, 1.64861679077, 2.19428563118, 2.72834467888, 3.25079369545, 3.78485250473, 4.29569149017, 4.80653047562, 5.34058952332, 5.86303853989, 6.38548755646, 6.90793657303, 7.4303855896, 7.95283412933, 8.47528362274, 8.98612213135, 9.50857162476, 10.0310201645, 10.5534696579, 11.0759181976, 11.6099767685, 12.1324262619, 12.6548748016, 13.177324295, 13.6997728348, 14.2106122971, 14.7330608368, 15.2555103302, 15.7663488388, 16.3004074097, 16.8112468719, 17.3336963654, 17.8561439514, 18.3785934448, 18.9010429382, 19.4234924316, 19.9459400177, 20.4683895111, 20.9908390045, 21.5132884979, 22.035736084, 22.5581855774, 23.0806350708, 23.6030826569, 24.1255321503, 24.6479816437, 25.1704311371, 25.6928787231, 26.2153282166, 26.7261676788, 27.2486171722, 27.7710647583, 28.2935142517, 28.8159637451, 29.3384113312, 29.8608608246, 30.3949203491, 30.9057598114, 31.4282073975, 31.9506568909],
