{
"metadata": {
    "version": {
        "essentia": "2.1-beta5",
        "essentia_git_sha": "Undefined",
        "extractor": "music 2.0"
    },
    "audio_properties": {
        "analysis": {
            "equal_loudness": 0,
            "length": 23.974603653,
            "sample_rate": 44100,
            "start_time": 162.493240356,
            "downmix": "mix"
        },
        "bit_rate": 192000,
        "length": 186.491088867,
        "lossless": 0,
        "number_channels": 2,
        "replay_gain": -7.92280006409,
        "sample_rate": 48000,
        "codec": "mp3",
        "md5_encoded": "359c0f1cb3306f7e62dfffa6f128d585"
    },
    "tags": {
        "file_name": "Sweden_The Worrying Kind_The Ark.mp3",
        "encoding": ["Lavf58.29.100"]
    }
},
"lowlevel": {
    "average_loudness": 0.967986345291,
    "barkbands_crest": {
        "max": 25.4768028259,
        "mean": 9.97197437286,
        "min": 3.01465964317,
        "stdev": 4.28741979599
    },
    "barkbands_flatness_db": {
        "max": 0.29561239481,
        "mean": 0.133894503117,
        "min": 0.0452154874802,
        "stdev": 0.0335930176079
    },
    "barkbands_kurtosis": {
        "max": 35.9002456665,
        "mean": 1.60767436028,
        "min": -1.6676453352,
        "stdev": 3.07112336159
    },
    "barkbands_skewness": {
        "max": 5.56463956833,
        "mean": 1.14020729065,
        "min": -0.74825501442,
        "stdev": 0.884552657604
    },
    "barkbands_spread": {
        "max": 113.117881775,
        "mean": 26.9367218018,
        "min": 3.58275556564,
        "stdev": 9.40014362335
    },
    "dissonance": {
        "max": 0.499999910593,
        "mean": 0.480732619762,
        "min": 0.355633080006,
        "stdev": 0.0165269598365
    },
    "dynamic_complexity": 1.17841529846,
    "erbbands_crest": {
        "max": 25.7044677734,
        "mean": 8.01918029785,
        "min": 2.13832068443,
        "stdev": 3.60623502731
    },
    "erbbands_flatness_db": {
        "max": 0.250487953424,
        "mean": 0.156482383609,
        "min": 0.0229620635509,
        "stdev": 0.0328814946115
    },
    "erbbands_kurtosis": {
        "max": 8.22286128998,
        "mean": 0.787196516991,
        "min": -1.32499921322,
        "stdev": 1.19450056553
    },
    "erbbands_skewness": {
        "max": 1.71396648884,
        "mean": 0.210798755288,
        "min": -2.2679104805,
        "stdev": 0.616306424141
    },
    "erbbands_spread": {
        "max": 91.5314178467,
        "mean": 32.0715293884,
        "min": 11.2121334076,
        "stdev": 13.1280069351
    },
    "hfc": {
        "max": 109.169914246,
        "mean": 37.926322937,
        "min": 3.42652342056e-08,
        "stdev": 14.5070161819
    },
    "loudness_ebu128": {
        "integrated": -12.7090272903,
        "loudness_range": 1.48392772675,
        "momentary": {
            "max": -11.3336954117,
            "mean": -12.7685623169,
            "min": -17.6462535858,
            "stdev": 0.747835874557
        },
        "short_term": {
            "max": -12.0701608658,
            "mean": -12.7199440002,
            "min": -13.8456878662,
            "stdev": 0.561286747456
        }
    },
    "melbands_crest": {
        "max": 38.8771209717,
        "mean": 14.020108223,
        "min": 4.04434156418,
        "stdev": 5.35981416702
    },
    "melbands_flatness_db": {
        "max": 0.368974030018,
        "mean": 0.164687484503,
        "min": 0.0625251084566,
        "stdev": 0.0507299564779
    },
    "melbands_kurtosis": {
        "max": 89.9283599854,
        "mean": 8.47327518463,
        "min": -1.46746504307,
        "stdev": 10.4848928452
    },
    "melbands_skewness": {
        "max": 8.28706550598,
        "mean": 2.20053958893,
        "min": -0.128686532378,
        "stdev": 1.51211237907
    },
    "melbands_spread": {
        "max": 104.463424683,
        "mean": 28.631362915,
        "min": 2.38010525703,
        "stdev": 12.1796331406
    },
    "pitch_salience": {
        "max": 0.828340649605,
        "mean": 0.525211632252,
        "min": 0.0647920742631,
        "stdev": 0.152854397893
    },
    "silence_rate_20dB": {
        "max": 1,
        "mean": 1,
        "min": 1,
        "stdev": 0
    },
    "silence_rate_30dB": {
        "max": 1,
        "mean": 0.955512583256,
        "min": 0,
        "stdev": 0.206176713109
    },
    "silence_rate_60dB": {
        "max": 1,
        "mean": 0.00967117957771,
        "min": 0,
        "stdev": 0.0978654623032
    },
    "spectral_centroid": {
        "max": 4176.31787109,
        "mean": 1655.1126709,
        "min": 456.453125,
        "stdev": 408.51171875
    },
    "spectral_complexity": {
        "max": 52,
        "mean": 31.7833652496,
        "min": 0,
        "stdev": 6.94671678543
    },
    "spectral_decrease": {
        "max": -5.81051821876e-18,
        "mean": -1.28677237754e-08,
        "min": -5.60621771228e-08,
        "stdev": 7.9234867556e-09
    },
    "spectral_energy": {
        "max": 0.217155098915,
        "mean": 0.0520058386028,
        "min": 2.50382388434e-11,
        "stdev": 0.0305246356875
    },
    "spectral_energyband_high": {
        "max": 0.00689745461568,
        "mean": 0.00150261679664,
        "min": 2.29281741163e-12,
        "stdev": 0.00104345090222
    },
    "spectral_energyband_low": {
        "max": 0.18060003221,
        "mean": 0.0293168183416,
        "min": 1.38968524188e-11,
        "stdev": 0.0281263086945
    },
    "spectral_energyband_middle_high": {
        "max": 0.0439159795642,
        "mean": 0.0132635682821,
        "min": 7.92540837645e-13,
        "stdev": 0.00620287237689
    },
    "spectral_energyband_middle_low": {
        "max": 0.0493012778461,
        "mean": 0.010046727024,
        "min": 9.52763042072e-13,
        "stdev": 0.00679786549881
    },
    "spectral_entropy": {
        "max": 8.9431810379,
        "mean": 7.9198884964,
        "min": 7.07870006561,
        "stdev": 0.19656740129
    },
    "spectral_flux": {
        "max": 0.289475500584,
        "mean": 0.128111734986,
        "min": 7.99803274276e-06,
        "stdev": 0.0449411794543
    },
    "spectral_kurtosis": {
        "max": 11.2779588699,
        "mean": 3.11788058281,
        "min": 0.0624868869781,
        "stdev": 1.64186131954
    },
    "spectral_rms": {
        "max": 0.0145553639159,
        "mean": 0.00681370729581,
        "min": 1.56293154419e-07,
        "stdev": 0.00207626470365
    },
    "spectral_rolloff": {
        "max": 10142.1386719,
        "mean": 1572.40246582,
        "min": 21.533203125,
        "stdev": 844.782836914
    },
    "spectral_skewness": {
        "max": 2.36620521545,
        "mean": 1.45845687389,
        "min": 0.81782656908,
        "stdev": 0.301098763943
    },
    "spectral_spread": {
        "max": 14233886,
        "mean": 4829080.5,
        "min": 2460145.5,
        "stdev": 1067482.875
    },
    "spectral_strongpeak": {
        "max": 12.9381818771,
        "mean": 0.789485871792,
        "min": 0,
        "stdev": 1.00775778294
    },
    "zerocrossingrate": {
        "max": 0.37109375,
        "mean": 0.0685057640076,
        "min": 0,
        "stdev": 0.025755090639
    },
    "barkbands": {
        "max": [0.000979395350441, 0.134815096855, 0.082527115941, 0.0325791947544, 0.0195255260915, 0.0174446441233, 0.0248522907495, 0.0111738797277, 0.0253166016191, 0.0290520563722, 0.0190635249019, 0.022826358676, 0.0127141149715, 0.0150989443064, 0.0210594963282, 0.0225958563387, 0.014692931436, 0.00338846375234, 0.00295047205873, 0.00419236673042, 0.00288626016118, 0.00193345767912, 0.00159454660024, 0.00201241625473, 0.00105568952858, 0.000289435934974, 7.55467624458e-07],
        "mean": [6.69430228299e-05, 0.0195008218288, 0.00799388159066, 0.00275204796344, 0.00143053708598, 0.000733012799174, 0.000753307132982, 0.000719713512808, 0.00293698441237, 0.00230490975082, 0.00212573958561, 0.00186601281166, 0.00119673029985, 0.00120440078899, 0.00151341804303, 0.00137767277192, 0.00085101678269, 0.000603095337283, 0.000386139377952, 0.000405241560657, 0.000254237238551, 0.000211840073462, 0.000289271905785, 0.000328338006511, 0.000186560864677, 1.39421163112e-05, 3.14366133125e-09],
        "min": [1.08013077649e-11, 2.55023996712e-12, 9.74290499623e-15, 9.34242443064e-15, 9.35854990508e-14, 8.21097679324e-14, 1.22256453008e-13, 2.8500625796e-14, 1.10251150115e-13, 6.93934723594e-14, 3.50056287668e-14, 1.02384789015e-13, 1.27082914504e-13, 1.96452419219e-14, 5.59402818393e-14, 5.18966617455e-14, 9.93595193643e-14, 5.60733778203e-14, 1.01509648126e-13, 1.51741669902e-13, 7.59665700028e-14, 4.29886330797e-14, 8.27716598061e-14, 1.23663517035e-13, 3.46901598159e-13, 6.10793696437e-13, 9.51823038789e-13],
        "stdev": [8.86668785824e-05, 0.0214981026947, 0.00964494142681, 0.00407277373597, 0.00210940651596, 0.00126335350797, 0.00124859367497, 0.000928438035771, 0.0029284930788, 0.00290823657997, 0.0022025196813, 0.00262180133723, 0.00117633782793, 0.0013642613776, 0.00203934102319, 0.00257009710185, 0.000748642312828, 0.000443325814558, 0.000307764712488, 0.000418088777224, 0.000224308023462, 0.000173437802005, 0.00025366502814, 0.000338900077622, 0.000139571304317, 2.38712491409e-05, 2.45258711118e-08]
    },
    "erbbands": {
        "max": [2.09927845001, 37.1765174866, 95.9582443237, 81.9374923706, 94.3553848267, 95.7072219849, 139.754882812, 111.660987854, 206.17539978, 463.050445557, 210.156570435, 661.295166016, 949.676879883, 665.921630859, 836.776000977, 945.912780762, 556.615905762, 480.826446533, 1246.30615234, 1110.97094727, 1299.0255127, 464.279663086, 248.326293945, 148.815963745, 165.305328369, 255.142318726, 218.781707764, 119.558952332, 72.6983261108, 39.4166526794, 59.1476554871, 48.5150260925, 34.597026825, 14.2180557251, 4.55880975723, 1.94175744057, 0.358120411634, 0.00675349589437, 0.000338158599334, 0.000251452904195],
        "mean": [0.329708427191, 5.14362764359, 10.2818622589, 9.87987327576, 5.76329135895, 5.30246448517, 4.70718955994, 6.56693887711, 8.71223640442, 13.7083730698, 21.0495357513, 53.1179466248, 89.3763656616, 75.9574584961, 90.1229553223, 67.1020355225, 54.5060539246, 63.336807251, 68.5763244629, 82.3024597168, 69.6733932495, 52.6060829163, 34.5510177612, 23.4024009705, 18.8174648285, 19.7863807678, 12.2137022018, 9.94607639313, 7.18242406845, 6.7044301033, 9.12753677368, 7.3518781662, 5.15025281906, 2.71325135231, 0.956153869629, 0.163824126124, 0.0115428557619, 0.000337776058586, 5.5729131418e-05, 6.67933927616e-05],
        "min": [3.69534236544e-10, 1.93069185639e-10, 6.22053519805e-11, 3.97330501833e-11, 7.39506164638e-11, 2.06994088536e-10, 1.34007208108e-10, 9.22385168245e-10, 1.59915802822e-09, 1.54529256058e-09, 2.45370235241e-09, 2.47826559274e-09, 2.78815925903e-09, 1.28262911403e-09, 2.28381558109e-09, 4.57815785282e-09, 5.97168758887e-09, 1.74246561624e-09, 2.23176366276e-09, 2.64225330504e-09, 3.16807535761e-09, 5.97986593576e-09, 3.27096949526e-09, 5.53688916938e-09, 5.86708459593e-09, 6.01973493275e-09, 4.60186422302e-09, 1.82073378596e-09, 1.52562973366e-09, 2.84643486559e-09, 1.68970226699e-09, 1.82219761502e-09, 2.26301200001e-09, 2.56505305885e-09, 3.15315795696e-09, 3.35479555247e-09, 1.03565889198e-09, 6.50023201931e-10, 1.48390313925e-10, 8.7367569776e-12],
        "stdev": [0.359593391418, 5.72219562531, 11.664311409, 12.0895185471, 8.25294780731, 8.89390659332, 9.16694068909, 10.8018941879, 13.1431646347, 22.6106834412, 21.8012695312, 57.3023338318, 88.1963653564, 75.0353012085, 98.6303710938, 81.1140594482, 48.3670463562, 57.3002586365, 88.7261962891, 111.305519104, 127.016860962, 41.0835990906, 24.6291828156, 17.6991577148, 13.9673347473, 21.9482269287, 12.4676380157, 8.64994621277, 5.88745927811, 5.11966085434, 8.64661312103, 8.25016689301, 4.77215623856, 2.14898109436, 0.739192962646, 0.195255771279, 0.0258626323193, 0.000530425342731, 3.26690678776e-05, 3.48671674146e-05]
    },
    "gfcc": {
        "mean": [45.7860183716, 83.6126785278, -141.926101685, 43.9927749634, -56.3093070984, 50.3057403564, -31.0370044708, 27.7587738037, -16.6547203064, -2.80712866783, -12.4686355591, -10.9209098816, -1.29644167423],
        "cov": [[10384.4863281, 1472.86279297, -256.610076904, 568.707763672, -353.207519531, 238.461776733, -368.88269043, -55.801109314, -77.4159698486, -114.244415283, -97.8193664551, -231.481460571, -8.71914863586], [1472.86279297, 775.000183105, 186.606933594, 333.147094727, 68.6197357178, -34.1452827454, -9.69885158539, -197.422622681, 64.744392395, -58.619102478, 54.2870788574, -147.050415039, 59.4347457886], [-256.610076904, 186.606933594, 567.415893555, 276.161834717, 37.9063644409, -66.0468215942, -106.412528992, -187.075500488, 21.2101726532, 44.7899627686, -0.978776216507, -41.8039283752, -2.26063084602], [568.707763672, 333.147094727, 276.161834717, 370.894775391, 24.3263206482, -51.9993743896, -63.680973053, -164.99848938, 68.2671813965, -27.5737266541, 38.3937149048, -89.3726654053, 44.7366142273], [-353.207519531, 68.6197357178, 37.9063644409, 24.3263206482, 151.919128418, -5.3882727623, 56.9727783203, 0.358462244272, 19.6151103973, 19.6457195282, -6.26526069641, 3.0280585289, 5.92699575424], [238.461776733, -34.1452827454, -66.0468215942, -51.9993743896, -5.3882727623, 147.025787354, 83.5610275269, 37.9242095947, -19.0395069122, -15.7057790756, 18.8726406097, -3.59607219696, -7.51431322098], [-368.88269043, -9.69885158539, -106.412528992, -63.680973053, 56.9727783203, 83.5610275269, 172.871932983, 52.6919975281, 8.9850692749, -19.4061470032, 34.6184082031, 2.19612216949, 0.50752979517], [-55.801109314, -197.422622681, -187.075500488, -164.99848938, 0.358462244272, 37.9242095947, 52.6919975281, 168.675750732, -0.486075550318, 11.5225639343, -27.2621574402, 49.8546600342, -14.7259883881], [-77.4159698486, 64.744392395, 21.2101726532, 68.2671813965, 19.6151103973, -19.0395069122, 8.9850692749, -0.486075550318, 90.473274231, 10.7112464905, 20.6767444611, -26.7508773804, 30.0836467743], [-114.244415283, -58.619102478, 44.7899627686, -27.5737266541, 19.6457195282, -15.7057790756, -19.4061470032, 11.5225639343, 10.7112464905, 85.502494812, -1.32357048988, 25.8872661591, -18.6853694916], [-97.8193664551, 54.2870788574, -0.978776216507, 38.3937149048, -6.26526069641, 18.8726406097, 34.6184082031, -27.2621574402, 20.6767444611, -1.32357048988, 72.8896026611, -3.84109950066, 17.2920875549], [-231.481460571, -147.050415039, -41.8039283752, -89.3726654053, 3.0280585289, -3.59607219696, 2.19612216949, 49.8546600342, -26.7508773804, 25.8872661591, -3.84109950066, 79.3104324341, -6.2244977951], [-8.71914863586, 59.4347457886, -2.26063084602, 44.7366142273, 5.92699575424, -7.51431322098, 0.50752979517, -14.7259883881, 30.0836467743, -18.6853694916, 17.2920875549, -6.2244977951, 57.4892845154]],
        "icov": [[0.00124107999727, -0.00409331498668, 0.00249228370376, -0.00407465780154, 0.00361017184332, -0.0047511914745, 0.00339267309755, -0.00348568055779, 0.00195428333245, -0.00286625954323, 0.00421223510057, -0.00353223877028, 0.00216912734322], [-0.00409331498668, 0.0165467467159, -0.00778736639768, 0.01210350357, -0.0133733190596, 0.0159958563745, -0.0111697753891, 0.0127644008026, -0.00557181658223, 0.00957691296935, -0.0149447042495, 0.0153981382027, -0.00842378847301], [0.00249228370376, -0.00778736639768, 0.00938488170505, -0.0111156888306, 0.0067087393254, -0.0102359727025, 0.00714538432658, -0.00331669789739, 0.00358821824193, -0.00824857968837, 0.0107210371643, -0.00870144087821, 0.0057800677605], [-0.00407465780154, 0.01210350357, -0.0111156888306, 0.0232186503708, -0.0132392169908, 0.0154304495081, -0.00831032916903, 0.013822901994, -0.0109660336748, 0.0134049169719, -0.0168991237879, 0.0140846623108, -0.00793698616326], [0.00361017184332, -0.0133733190596, 0.0067087393254, -0.0132392169908, 0.0219709202647, -0.0118550760671, 0.00244412291795, -0.00973495189101, 0.00509968446568, -0.0125972814858, 0.0184836499393, -0.0138634266332, 0.00478600338101], [-0.0047511914745, 0.0159958563745, -0.0102359727025, 0.0154304495081, -0.0118550760671, 0.0296589396894, -0.0186910461634, 0.0102901030332, -0.00247972179204, 0.00997862126678, -0.0183847453445, 0.0178803950548, -0.009761326015], [0.00339267309755, -0.0111697753891, 0.00714538432658, -0.00831032916903, 0.00244412291795, -0.0186910461634, 0.024699497968, -0.0118950698525, 0.00277723511681, -0.00224842806347, 0.00284165143967, -0.00804384239018, 0.00894036050886], [-0.00348568055779, 0.0127644008026, -0.00331669789739, 0.013822901994, -0.00973495189101, 0.0102901030332, -0.0118950698525, 0.0288645792753, -0.0146067524329, 0.00820394139737, -0.0033960735891, 0.00232608034275, -0.00318125728518], [0.00195428333245, -0.00557181658223, 0.00358821824193, -0.0109660336748, 0.00509968446568, -0.00247972179204, 0.00277723511681, -0.0146067524329, 0.0284084491432, -0.0131804104894, 0.000999789335765, 0.00696401530877, -0.00858116615564], [-0.00286625954323, 0.00957691296935, -0.00824857968837, 0.0134049169719, -0.0125972814858, 0.00997862126678, -0.00224842806347, 0.00820394139737, -0.0131804104894, 0.0278912037611, -0.0143046379089, 0.00206874706782, 0.00412206724286], [0.00421223510057, -0.0149447042495, 0.0107210371643, -0.0168991237879, 0.0184836499393, -0.0183847453445, 0.00284165143967, -0.0033960735891, 0.000999789335765, -0.0143046379089, 0.0404818765819, -0.0209435299039, 0.00484107201919], [-0.00353223877028, 0.0153981382027, -0.00870144087821, 0.0140846623108, -0.0138634266332, 0.0178803950548, -0.00804384239018, 0.00232608034275, 0.00696401530877, 0.00206874706782, -0.0209435299039, 0.0416789650917, -0.0154837453738], [0.00216912734322, -0.00842378847301, 0.0057800677605, -0.00793698616326, 0.00478600338101, -0.009761326015, 0.00894036050886, -0.00318125728518, -0.00858116615564, 0.00412206724286, 0.00484107201919, -0.0154837453738, 0.0328705199063]]
    },
    "melbands": {
        "max": [0.029781408608, 0.0420962236822, 0.0128305517137, 0.00386387179606, 0.00507220532745, 0.00248286291026, 0.00349736004137, 0.00442357501015, 0.00229524821043, 0.0045033893548, 0.004969896283, 0.00312008010224, 0.00293661933392, 0.00310796522535, 0.00242010247894, 0.00102126423735, 0.00108152406756, 0.00181651546154, 0.00184331997298, 0.00171497336123, 0.00198209378868, 0.00069406098919, 0.00024986412609, 0.000167746344232, 0.000137293696753, 0.000165623641806, 0.00012975827849, 0.000158391296281, 0.000199869988137, 5.57937964913e-05, 8.27958647278e-05, 5.34115715709e-05, 2.81627944787e-05, 1.91750568774e-05, 3.97258954763e-05, 3.51502967533e-05, 3.96612667828e-05, 2.28564404097e-05, 2.19936100621e-05, 9.40766949498e-06],
        "mean": [0.00443801656365, 0.00595328724012, 0.00158381916117, 0.000358975987183, 0.000183239622856, 0.000146915801452, 0.000140181175084, 0.000149174869875, 0.000184885677299, 0.000391837704228, 0.000452657230198, 0.000301023741486, 0.000308755144943, 0.000217650609557, 0.00013841787586, 0.000125471880892, 0.000113126028737, 0.000104946564534, 0.000115150804049, 0.000105598315713, 7.23354532965e-05, 5.71341988689e-05, 3.56240416295e-05, 2.81874963548e-05, 1.76717003342e-05, 1.43973202285e-05, 1.2728513866e-05, 1.325397443e-05, 8.42894678499e-06, 5.5829050325e-06, 5.89126739214e-06, 4.21369395553e-06, 3.66537165064e-06, 3.55990664502e-06, 5.08194443682e-06, 5.29208045918e-06, 4.3138811634e-06, 3.5778828078e-06, 3.29729914483e-06, 1.97132158064e-06],
        "min": [3.14602142081e-12, 2.24684925206e-14, 4.33617553281e-15, 1.50158765223e-14, 3.74796409051e-15, 1.98231069824e-14, 2.41790535347e-14, 1.31868325396e-14, 1.92942009754e-14, 1.59072973842e-14, 1.39222968481e-14, 5.24631794035e-15, 6.00649867029e-15, 1.03094523004e-14, 1.50855602288e-14, 1.03531651297e-14, 2.28041937005e-15, 3.05094321931e-15, 4.42949188206e-15, 2.97562632019e-15, 3.66549696276e-15, 6.18952554954e-15, 4.51155073993e-15, 2.29817995689e-15, 4.85662433934e-15, 3.59008011375e-15, 5.75409513399e-15, 3.53323213277e-15, 3.69269095553e-15, 1.11001370161e-15, 1.06953007953e-15, 7.36812096779e-16, 9.66747925338e-16, 2.11437698371e-15, 1.11051821561e-15, 7.53002019835e-16, 1.24273952928e-15, 1.46149161126e-15, 1.75752359121e-15, 2.44662015155e-15],
        "stdev": [0.00481219915673, 0.00620153127238, 0.00185365916695, 0.000498338660691, 0.000320375373121, 0.00023657346901, 0.00021183208446, 0.000231027428526, 0.000206606346183, 0.000422772747697, 0.000456558482256, 0.000323747313814, 0.000314162578434, 0.000317818834446, 0.000195319473278, 0.000113051195513, 0.000115075687063, 0.000148887746036, 0.000166493511642, 0.000194000633201, 0.000144831705256, 4.93032348459e-05, 3.17998492392e-05, 2.16794069274e-05, 1.51968306454e-05, 1.27780858747e-05, 1.08918593469e-05, 1.65304463735e-05, 1.06451980173e-05, 4.79002483189e-06, 5.59439422432e-06, 3.77661240236e-06, 2.99442012874e-06, 2.77132949122e-06, 4.94835649079e-06, 5.62106879443e-06, 5.22010532222e-06, 3.37637925441e-06, 3.17190870192e-06, 1.48486640228e-06]
    },
    "melbands128": {
        "max": [0.000626008026302, 0.010041850619, 0.0474940612912, 0.0749707818031, 0.0566237382591, 0.0361994281411, 0.0189092420042, 0.0146163571626, 0.0105927539989, 0.00447282707319, 0.00735291745514, 0.00749152526259, 0.00587883451954, 0.00817897357047, 0.0031663288828, 0.0038596612867, 0.00444303732365, 0.00362970330752, 0.00813053362072, 0.00616197334602, 0.00389293488115, 0.00242928694934, 0.00311182602309, 0.00707539590076, 0.00577315408736, 0.00987864937633, 0.00853204913437, 0.00822976138443, 0.00883956998587, 0.00737663079053, 0.00274695898406, 0.00568650569767, 0.00476838462055, 0.00466403272003, 0.00738917477429, 0.00362613075413, 0.00518824998289, 0.00362343527377, 0.00303990254179, 0.00110211211722, 0.00189246947411, 0.00194801879115, 0.00116925069597, 0.00234415498562, 0.00303365732543, 0.00233848229982, 0.00424525327981, 0.0024509835057, 0.00391444889829, 0.00345482048579, 0.00323461624794, 0.00451676500961, 0.00309144193307, 0.00523522915319, 0.00107246055268, 0.000895142555237, 0.000585628440604, 0.000376285199309, 0.000473855761811, 0.000596697616857, 0.0002446261351, 0.00019470344705, 0.000278993597021, 0.000223914190428, 0.000231089477893, 0.00022306171013, 0.000212788421777, 0.000151441505295, 9.25758431549e-05, 0.000451201718533, 0.000314534641802, 0.000438346731244, 0.00021239859052, 0.000328054651618, 5.57044295419e-05, 6.20391001576e-05, 7.38115268177e-05, 5.35225844942e-05, 0.000107004969323, 0.00011399993673, 6.43933090032e-05, 3.26547778968e-05, 3.63621220458e-05, 3.11200019496e-05, 3.99154450861e-05, 2.46642830461e-05, 2.06667427847e-05, 5.61565648241e-05, 7.88554316387e-05, 6.33287636447e-05, 3.65650666936e-05, 5.34778882866e-05, 3.86986685044e-05, 5.44848589925e-05, 4.3004307372e-05, 3.68864821212e-05, 1.87823388842e-05, 4.37357739429e-05, 3.45393382304e-05, 2.83436947939e-05, 1.93556097656e-05, 1.12968855319e-05, 9.27400196815e-06, 7.10431277184e-06, 7.9031324276e-06, 6.60178602629e-06, 4.1926450649e-06, 4.30049567512e-06, 4.31383068644e-06, 5.27378688275e-06, 7.73541069066e-06, 7.97656468876e-07, 2.96944108413e-07, 4.73308610083e-08, 3.2525768745e-08, 3.09364516227e-08, 2.92191462137e-08, 4.8738133529e-09, 3.63904073541e-10, 3.18921555831e-10, 2.79724493568e-10, 2.43655873255e-10, 2.17227388855e-10, 1.98769611881e-10, 1.79801395994e-10, 1.65394101193e-10, 1.57640969722e-10, 1.51993639896e-10],
        "mean": [5.5636272009e-05, 0.00129988614935, 0.00694574648514, 0.00921081192791, 0.00628286181018, 0.00362016051076, 0.0021128335502, 0.00115031888708, 0.000465295655886, 0.000298383441987, 0.000310274859658, 0.000221587120905, 0.000144817575347, 0.000144988865941, 0.000139673051308, 0.000158124850714, 0.000136630260386, 0.000120859542221, 0.000163652264746, 0.000163024073117, 0.000130303684273, 0.000150353385834, 0.000184231364983, 0.000235836909269, 0.00022923781944, 0.000501811387949, 0.000680214550812, 0.000380874989787, 0.00036261184141, 0.000288047420327, 0.000280679058051, 0.000314909615554, 0.000337805890013, 0.000266916846158, 0.000289624906145, 0.000171233550645, 0.000159210088896, 0.000163051023264, 0.000103409562143, 0.000101453762909, 0.000132526416564, 0.000159325398272, 0.000107301675598, 9.35801945161e-05, 0.000105950239231, 9.86149534583e-05, 0.000114472328278, 0.000124022801174, 0.000102784200863, 0.000124178841361, 9.48461529333e-05, 0.000107923537144, 8.65782931214e-05, 5.53985919396e-05, 4.12731715187e-05, 7.74236250436e-05, 4.7481389629e-05, 3.54586118192e-05, 3.45111329807e-05, 2.77006456599e-05, 3.06899710267e-05, 2.64037917077e-05, 1.9090166461e-05, 1.56326041179e-05, 1.37424576678e-05, 1.61190782819e-05, 1.3351736925e-05, 1.16933761092e-05, 1.21712628243e-05, 1.46908878378e-05, 1.44041605381e-05, 1.21716429931e-05, 1.03692464108e-05, 7.98177279648e-06, 5.68503310205e-06, 5.53470772502e-06, 5.37240748599e-06, 6.01604824624e-06, 5.80359801461e-06, 6.26274868409e-06, 4.60122964796e-06, 3.28138321493e-06, 3.24665415974e-06, 3.73685156774e-06, 4.07252855439e-06, 3.5027951526e-06, 3.34035530614e-06, 3.7130914734e-06, 4.93771995025e-06, 6.51623940939e-06, 5.6880635384e-06, 5.05539446749e-06, 4.39258747065e-06, 4.15702970713e-06, 4.56356474388e-06, 3.60456397175e-06, 3.16850764648e-06, 3.78724075745e-06, 3.67777988686e-06, 2.93861376122e-06, 2.14965120904e-06, 1.92485640582e-06, 1.61923628639e-06, 1.24579094063e-06, 1.1247736893e-06, 9.22292883843e-07, 5.1091677733e-07, 2.56515647834e-07, 2.3264253457e-07, 1.65109710792e-07, 1.36822237096e-07, 1.36485125424e-08, 9.14978759425e-10, 2.17394630075e-10, 1.59383201082e-10, 1.68387012667e-10, 6.47305056778e-11, 1.39614474495e-11, 8.71588998891e-12, 8.43281694474e-12, 8.1943262939e-12, 7.99570999688e-12, 7.79562872588e-12, 7.63729357534e-12, 7.47171248483e-12, 7.29809788991e-12, 7.18939621377e-12, 7.13903805863e-12],
        "min": [5.09176988767e-12, 3.83621606703e-12, 7.31630359595e-13, 2.40684716894e-14, 1.60412641151e-14, 3.01423577599e-15, 6.12444504358e-15, 2.63993572825e-15, 3.55507181853e-15, 5.34975336871e-15, 3.07470376403e-15, 1.09320337986e-15, 2.79748915039e-15, 6.99566713423e-15, 2.19194627049e-14, 7.86352184539e-15, 2.49934452203e-14, 2.76489307794e-14, 1.47168349284e-14, 1.26846317873e-14, 3.46242801344e-15, 4.09581722854e-15, 1.47030113507e-14, 1.40422595833e-14, 1.50540048634e-14, 1.42744736658e-14, 1.15746594845e-14, 1.44230042812e-14, 1.17572670824e-14, 6.2302729165e-15, 2.90098937677e-15, 2.65993417613e-15, 6.0075426384e-15, 8.45520146411e-15, 9.10301649733e-15, 1.08905169022e-14, 1.18382840897e-14, 1.58587607022e-14, 1.69593326334e-14, 1.43722958068e-14, 9.29535819789e-15, 4.11781467418e-15, 1.46803324671e-15, 1.92904469254e-15, 1.63127216576e-15, 3.10144628824e-15, 4.70509014508e-15, 5.44712827632e-15, 3.65397180896e-15, 3.25720632988e-15, 2.35153795037e-15, 3.41297060668e-15, 4.02966903755e-15, 3.60203725435e-15, 3.15274556814e-15, 7.03350367247e-15, 8.49693647148e-15, 5.42260709602e-15, 3.26221716503e-15, 2.30702848657e-15, 1.1876301893e-15, 2.72609634316e-15, 5.67396708773e-15, 4.68352765086e-15, 5.01140436386e-15, 4.17420123396e-15, 1.09950699905e-15, 6.21652048957e-15, 8.51515360908e-15, 2.54679556185e-15, 3.40804066317e-15, 3.98042296552e-15, 3.64432876238e-15, 5.05803988035e-15, 1.47495128243e-15, 1.26981186694e-15, 7.63223642865e-16, 7.53308486943e-16, 1.47537659885e-15, 8.52201171722e-16, 7.03350854291e-16, 6.23565591676e-16, 1.0102906069e-15, 1.12039747851e-15, 7.07416559498e-16, 1.48547905493e-15, 2.87206383689e-15, 2.88099495229e-15, 6.23987678781e-16, 1.96817568241e-16, 5.80111425053e-16, 9.94279143102e-16, 1.00592425794e-15, 1.10153204307e-15, 1.4699174715e-15, 1.58244156338e-15, 1.13470502966e-15, 1.6648342581e-15, 2.40070058966e-15, 1.34637771614e-15, 1.2055253485e-15, 3.4582070365e-15, 3.14896356603e-15, 6.5429615876e-16, 3.7621578216e-15, 4.28625606958e-15, 5.77204884434e-15, 5.4724482087e-15, 8.36194398365e-15, 5.5273622017e-15, 2.82777417815e-15, 3.86592189874e-15, 3.47563008071e-15, 2.57366387045e-15, 9.05442433473e-16, 2.09798689618e-15, 9.90123324177e-15, 5.54417877032e-15, 5.15986382853e-15, 5.89785060118e-15, 3.4834259602e-15, 3.76065687922e-15, 4.30533082804e-15, 2.69760024899e-15, 9.72518972566e-16, 4.37679658599e-16, 1.66410567742e-16, 7.3776496914e-17],
        "stdev": [7.64578508097e-05, 0.00161106302403, 0.00793236959726, 0.0108666056767, 0.0075421272777, 0.00443522119895, 0.00280510331504, 0.00180086109322, 0.000799729139544, 0.000566750299186, 0.000630940368865, 0.000465898687253, 0.000355332333129, 0.000407883402659, 0.000272768636933, 0.000314184086164, 0.000262206245679, 0.000219731911784, 0.000379589968361, 0.000333247182425, 0.000254924641922, 0.000228141972912, 0.000265624170424, 0.000404105754569, 0.000410342880059, 0.000747327983845, 0.000869821175002, 0.000619217578787, 0.000653467723168, 0.000504722644109, 0.000368262612028, 0.000442165066488, 0.000448112870799, 0.00048463762505, 0.000674342212733, 0.00030991708627, 0.000308422662783, 0.000313447671942, 0.000194151187316, 0.000136537040817, 0.000172566346009, 0.000213343839278, 0.000139468655107, 0.000177180176252, 0.000213117949897, 0.000198136534891, 0.000243227594183, 0.000228664212045, 0.000247974472586, 0.000244481314439, 0.000290890282486, 0.000368873559637, 0.000221009133384, 0.000209908001125, 4.8641803005e-05, 8.47313567647e-05, 5.4532491049e-05, 4.23105520895e-05, 4.2311316065e-05, 3.26572589984e-05, 3.15064207825e-05, 2.61976583715e-05, 2.40388126258e-05, 1.76575322257e-05, 1.44313780766e-05, 1.92472962226e-05, 1.61253756232e-05, 1.10710898298e-05, 1.27057555801e-05, 2.71970020549e-05, 2.36384257732e-05, 2.20127622015e-05, 1.68080114236e-05, 1.34321071528e-05, 5.79178504267e-06, 5.91492653257e-06, 5.41800272913e-06, 5.92701599089e-06, 6.75638239045e-06, 7.41193207432e-06, 4.80694825455e-06, 3.18103207064e-06, 3.0676701499e-06, 3.38877407557e-06, 4.06998697144e-06, 3.12647466671e-06, 3.02867124446e-06, 3.88320586353e-06, 5.96533664066e-06, 7.6606966104e-06, 6.02512454861e-06, 6.07027322985e-06, 5.98642918703e-06, 5.71531927562e-06, 5.80236610404e-06, 4.06743311032e-06, 2.93491348202e-06, 4.07703555538e-06, 3.96925770474e-06, 3.27882207785e-06, 2.07910602512e-06, 1.57722013228e-06, 1.3486979924e-06, 1.1462996099e-06, 1.04792707134e-06, 9.72677753452e-07, 6.0519158751e-07, 4.54986263776e-07, 4.4924522058e-07, 3.75984285483e-07, 5.52816970867e-07, 6.16028899003e-08, 1.17719114456e-08, 2.01307504e-09, 1.34203936852e-09, 1.47002610085e-09, 9.57234402854e-10, 1.52403395459e-10, 1.67195320089e-11, 1.55667111146e-11, 1.46005325885e-11, 1.37607113204e-11, 1.31375813006e-11, 1.26885862928e-11, 1.22741235578e-11, 1.19646853189e-11, 1.17800205354e-11, 1.16568681791e-11]
    },
    "mfcc": {
        "mean": [-577.319824219, 97.9121017456, -10.620265007, 3.02340292931, 12.6388473511, 12.3022212982, 13.6196556091, 18.6454296112, 14.5794467926, 12.0064563751, 1.78327178955, 2.41379141808, -0.0284921023995],
        "cov": [[5200.68359375, 549.086975098, 301.602111816, 191.762557983, 144.110946655, 153.585952759, -8.43995475769, 22.2816925049, 16.5375270844, 94.1437759399, -95.6498260498, 32.2548866272, -33.1708641052], [549.086975098, 429.907226562, 90.1183776855, 177.17779541, 80.5177764893, 105.657997131, 20.2806091309, -44.597984314, 8.03565311432, 26.9007492065, -20.2947273254, 20.3909835815, -8.93483448029], [301.602111816, 90.1183776855, 565.274536133, 271.905029297, 130.391372681, 134.059875488, -89.7522125244, -151.673233032, -83.6852340698, 39.4331130981, -128.907714844, 47.0120544434, -35.7694091797], [191.762557983, 177.17779541, 271.905029297, 356.186126709, 135.840499878, 95.0767211914, -82.2097702026, -110.901290894, -33.8388290405, 38.8616905212, -92.7704849243, 34.2735137939, -4.43516874313], [144.110946655, 80.5177764893, 130.391372681, 135.840499878, 114.453460693, 46.7874412537, -43.7851524353, -52.1349372864, 0.175149276853, 25.3621444702, -48.5897903442, 11.7287416458, 0.215798214078], [153.585952759, 105.657997131, 134.059875488, 95.0767211914, 46.7874412537, 144.748046875, 40.7153892517, -26.9352416992, -22.2791442871, 29.4320220947, -21.8433361053, 14.6653108597, -10.5971679688], [-8.43995475769, 20.2806091309, -89.7522125244, -82.2097702026, -43.7851524353, 40.7153892517, 131.41065979, 80.1313552856, 13.5323429108, -8.69146156311, 49.2746238708, -3.93534016609, -3.90803027153], [22.2816925049, -44.597984314, -151.673233032, -110.901290894, -52.1349372864, -26.9352416992, 80.1313552856, 128.046264648, 46.3235168457, -8.09995746613, 42.7811508179, -9.91380691528, 7.18617296219], [16.5375270844, 8.03565311432, -83.6852340698, -33.8388290405, 0.175149276853, -22.2791442871, 13.5323429108, 46.3235168457, 76.8154830933, 25.704158783, 15.3342247009, -1.42024505138, 12.3864507675], [94.1437759399, 26.9007492065, 39.4331130981, 38.8616905212, 25.3621444702, 29.4320220947, -8.69146156311, -8.09995746613, 25.704158783, 70.0073013306, -1.31630527973, 10.5724458694, 5.31749916077], [-95.6498260498, -20.2947273254, -128.907714844, -92.7704849243, -48.5897903442, -21.8433361053, 49.2746238708, 42.7811508179, 15.3342247009, -1.31630527973, 101.058067322, 0.308732748032, 2.07284021378], [32.2548866272, 20.3909835815, 47.0120544434, 34.2735137939, 11.7287416458, 14.6653108597, -3.93534016609, -9.91380691528, -1.42024505138, 10.5724458694, 0.308732748032, 49.4526634216, 18.5818347931], [-33.1708641052, -8.93483448029, -35.7694091797, -4.43516874313, 0.215798214078, -10.5971679688, -3.90803027153, 7.18617296219, 12.3864507675, 5.31749916077, 2.07284021378, 18.5818347931, 52.6921157837]],
        "icov": [[0.000252145284321, -0.000417432340328, -0.000150219915668, 0.000235461062402, -0.000146394828334, -1.16839219118e-05, 0.000365359184798, -0.000641313730739, 0.000308455724735, -0.00030768106808, 0.000147380473209, -3.12559604936e-05, 8.23679438327e-05], [-0.000417432340328, 0.00442864140496, 0.00095310411416, -0.00225043063983, -0.000467074249173, -0.00150227057748, -0.00231854710728, 0.00285804294981, -0.00255641667172, 0.00137622607872, -0.000592946249526, -0.000614738208242, 0.000785962911323], [-0.000150219915668, 0.00095310411416, 0.00561580387875, -0.000928635825403, -0.00140564492904, -0.00231296522543, 0.000330816546921, 0.00202995561995, 0.00274684280157, -0.00159906118643, 0.00365603389218, -0.00468521006405, 0.00411345623434], [0.000235461062402, -0.00225043063983, -0.000928635825403, 0.00828873366117, -0.00455493154004, -0.00154503248632, 0.00308953644708, -0.000603493361268, 0.00218667252921, -0.00136891612783, 0.00207424187101, -0.00213778903708, 0.000149695159052], [-0.000146394828334, -0.000467074249173, -0.00140564492904, -0.00455493154004, 0.0198539737612, -0.00328731699847, 0.00287751434371, 0.00195517088287, -0.00634215027094, 0.000653407187201, 0.00139612343628, 0.00194679060951, -0.00162116042338], [-1.16839219118e-05, -0.00150227057748, -0.00231296522543, -0.00154503248632, -0.00328731699847, 0.0189140029252, -0.0130546307191, 0.00350478198379, 0.00461186980829, -0.006926195696, 0.00192050274927, 0.000405486527598, -0.000194826570805], [0.000365359184798, -0.00231854710728, 0.000330816546921, 0.00308953644708, 0.00287751434371, -0.0130546307191, 0.0259415768087, -0.0144330300391, 0.00179477396887, 0.00373187544756, -0.0050846459344, -0.00053047091933, 0.00116519280709], [-0.000641313730739, 0.00285804294981, 0.00202995561995, -0.000603493361268, 0.00195517088287, 0.00350478198379, -0.0144330300391, 0.0245601218194, -0.0105136493221, 0.00182395230513, 0.00195822608657, -0.000766022829339, 0.000165503515746], [0.000308455724735, -0.00255641667172, 0.00274684280157, 0.00218667252921, -0.00634215027094, 0.00461186980829, 0.00179477396887, -0.0105136493221, 0.0285346526653, -0.0130190802738, 0.00233202753589, -0.00124457408674, -0.000716833397746], [-0.00030768106808, 0.00137622607872, -0.00159906118643, -0.00136891612783, 0.000653407187201, -0.006926195696, 0.00373187544756, 0.00182395230513, -0.0130190802738, 0.024024553597, -0.00476335315034, -0.00020270193636, -0.00163384329062], [0.000147380473209, -0.000592946249526, 0.00365603389218, 0.00207424187101, 0.00139612343628, 0.00192050274927, -0.0050846459344, 0.00195822608657, 0.00233202753589, -0.00476335315034, 0.0187461804599, -0.00611294619739, 0.00373580865562], [-3.12559604936e-05, -0.000614738208242, -0.00468521006405, -0.00213778903708, 0.00194679060951, 0.000405486527598, -0.00053047091933, -0.000766022829339, -0.00124457408674, -0.00020270193636, -0.00611294619739, 0.0308336801827, -0.0136656286195], [8.23679438327e-05, 0.000785962911323, 0.00411345623434, 0.000149695159052, -0.00162116042338, -0.000194826570805, 0.00116519280709, 0.000165503515746, -0.000716833397746, -0.00163384329062, 0.00373580865562, -0.0136656286195, 0.0270051732659]]
    },
    "spectral_contrast_coeffs": {
        "max": [-0.512326896191, -0.585525929928, -0.501091361046, -0.605241179466, -0.619380950928, -0.663631618023],
        "mean": [-0.730381190777, -0.776839911938, -0.750330805779, -0.788343548775, -0.787219703197, -0.782353281975],
        "min": [-0.963791966438, -0.970465302467, -0.944874048233, -0.967451691628, -0.942429244518, -0.928073108196],
        "stdev": [0.0723008438945, 0.054661937058, 0.0616355203092, 0.0513018593192, 0.0345239825547, 0.0284142158926]
    },
    "spectral_contrast_valleys": {
        "max": [-4.81600904465, -5.14444494247, -5.17439651489, -5.43455314636, -5.78958654404, -8.11831855774],
        "mean": [-6.58311796188, -6.56693840027, -6.42157459259, -6.64472055435, -6.89903068542, -9.23302173615],
        "min": [-18.8364677429, -18.6154193878, -18.4963645935, -18.4880065918, -17.7278118134, -19.4750347137],
        "stdev": [1.28913903236, 1.07842242718, 1.1055521965, 0.993417918682, 0.926237463951, 0.937538802624]
    }
},
"rhythm": {
    "beats_count": 49,
    "beats_loudness": {
        "max": 0.187039092183,
        "mean": 0.0600092373788,
        "min": 0.0150903081521,
        "stdev": 0.0385453291237
    },
    "bpm": 133.564620972,
    "bpm_histogram_first_peak_bpm": 133,
    "bpm_histogram_first_peak_weight": 0.518518507481,
    "bpm_histogram_second_peak_bpm": 105,
    "bpm_histogram_second_peak_spread": 0.199999988079,
    "bpm_histogram_second_peak_weight": 0.166666671634,
    "danceability": 0.993799269199,
    "onset_rate": 1.50086212158,
    "beats_loudness_band_ratio": {
        "max": [0.910436213017, 0.11138793081, 0.333771258593, 0.595017433167, 0.425406068563, 0.102945365012],
        "mean": [0.503778278828, 0.0306272171438, 0.112484306097, 0.203275427222, 0.119784131646, 0.0490963831544],
        "min": [0.0180595498532, 0.000393450551201, 0.00923877768219, 0.0164012890309, 0.0129646873102, 0.00476235337555],
        "stdev": [0.279166787863, 0.0255355201662, 0.0869161486626, 0.176636636257, 0.0896851792932, 0.0247383378446]
    },
    "beats_position": [0.406349211931, 0.824308395386, 1.24226760864, 1.66022670269, 2.08979582787, 2.53097510338, 2.99537420273, 3.43655323982, 3.87773227692, 4.31891155243, 4.77170038223, 5.22448968887, 5.66566896439, 6.11845779419, 6.5596370697, 7.01242637634, 7.45360517502, 7.92961454391, 8.40562343597, 8.88163280487, 9.33442115784, 9.78721046448, 10.2399997711, 10.6811790466, 11.1223583221, 11.5751476288, 12.0279359818, 12.4691152573, 12.9102945328, 13.3630838394, 13.8158731461, 14.268661499, 14.7214508057, 15.1858501434, 15.6502494812, 16.1262588501, 16.6254863739, 17.1247158051, 17.6239452362, 18.2044448853, 18.784942627, 19.3538322449, 19.9227199554, 20.4916095734, 21.0604991913, 21.6293869019, 22.1982765198, 22.7671642303, 23.3360538483],
