{
"metadata": {
    "version": {
        "essentia": "2.1-beta5",
        "essentia_git_sha": "Undefined",
        "extractor": "music 2.0"
    },
    "audio_properties": {
        "analysis": {
            "equal_loudness": 0,
            "length": 23.3012237549,
            "sample_rate": 44100,
            "start_time": 162.481628418,
            "downmix": "mix"
        },
        "bit_rate": 192000,
        "length": 185.80607605,
        "lossless": 0,
        "number_channels": 2,
        "replay_gain": -8.25065994263,
        "sample_rate": 48000,
        "codec": "mp3",
        "md5_encoded": "2f8c63d34b6cff9d8830922d88ce9dd8"
    },
    "tags": {
        "file_name": "Malta_Vertigo_Olivia Lewis.mp3",
        "encoding": ["Lavf58.29.100"]
    }
},
"lowlevel": {
    "average_loudness": 0.944842100143,
    "barkbands_crest": {
        "max": 17.5765857697,
        "mean": 7.85459756851,
        "min": 2.93095350266,
        "stdev": 2.66532540321
    },
    "barkbands_flatness_db": {
        "max": 0.196471765637,
        "mean": 0.0892297551036,
        "min": 0.0244741514325,
        "stdev": 0.0312430933118
    },
    "barkbands_kurtosis": {
        "max": 10.0029115677,
        "mean": 0.412137210369,
        "min": -1.65072631836,
        "stdev": 1.42506051064
    },
    "barkbands_skewness": {
        "max": 3.06899309158,
        "mean": 0.805399775505,
        "min": -1.73775744438,
        "stdev": 0.579202771187
    },
    "barkbands_spread": {
        "max": 68.9350357056,
        "mean": 28.3225421906,
        "min": 5.53322601318,
        "stdev": 13.199716568
    },
    "dissonance": {
        "max": 0.5,
        "mean": 0.478397101164,
        "min": 0.403499007225,
        "stdev": 0.016479337588
    },
    "dynamic_complexity": 2.02830576897,
    "erbbands_crest": {
        "max": 26.196844101,
        "mean": 8.36382675171,
        "min": 2.41167449951,
        "stdev": 3.98406934738
    },
    "erbbands_flatness_db": {
        "max": 0.27390614152,
        "mean": 0.148443326354,
        "min": 0.0589984431863,
        "stdev": 0.0514761582017
    },
    "erbbands_kurtosis": {
        "max": 7.71660232544,
        "mean": 0.287162065506,
        "min": -1.44375956059,
        "stdev": 1.25069391727
    },
    "erbbands_skewness": {
        "max": 1.95566654205,
        "mean": 0.18947891891,
        "min": -1.65028572083,
        "stdev": 0.5957685709
    },
    "erbbands_spread": {
        "max": 89.0699310303,
        "mean": 31.3265552521,
        "min": 10.1390237808,
        "stdev": 13.9691343307
    },
    "hfc": {
        "max": 91.5570144653,
        "mean": 30.2691307068,
        "min": 5.84570214457e-09,
        "stdev": 17.678686142
    },
    "loudness_ebu128": {
        "integrated": -14.4817495346,
        "loudness_range": 2.69030570984,
        "momentary": {
            "max": -12.4117155075,
            "mean": -14.8882102966,
            "min": -33.2491760254,
            "stdev": 2.24851632118
        },
        "short_term": {
            "max": -13.2587413788,
            "mean": -14.5603704453,
            "min": -16.6259937286,
            "stdev": 1.00196027756
        }
    },
    "melbands_crest": {
        "max": 23.8901424408,
        "mean": 10.9197034836,
        "min": 3.87468934059,
        "stdev": 3.57127308846
    },
    "melbands_flatness_db": {
        "max": 0.269793123007,
        "mean": 0.140007391572,
        "min": 0.0236179102212,
        "stdev": 0.0260957945138
    },
    "melbands_kurtosis": {
        "max": 35.1830635071,
        "mean": 4.12629127502,
        "min": -1.25869560242,
        "stdev": 4.67626142502
    },
    "melbands_skewness": {
        "max": 5.49710226059,
        "mean": 1.65385723114,
        "min": -0.335422992706,
        "stdev": 0.938591063023
    },
    "melbands_spread": {
        "max": 134.74357605,
        "mean": 32.8038330078,
        "min": 6.99445152283,
        "stdev": 14.7421550751
    },
    "pitch_salience": {
        "max": 0.857070922852,
        "mean": 0.60290658474,
        "min": 0.279017835855,
        "stdev": 0.116793073714
    },
    "silence_rate_20dB": {
        "max": 1,
        "mean": 1,
        "min": 1,
        "stdev": 0
    },
    "silence_rate_30dB": {
        "max": 1,
        "mean": 1,
        "min": 1,
        "stdev": 0
    },
    "silence_rate_60dB": {
        "max": 1,
        "mean": 0.023880597204,
        "min": 0,
        "stdev": 0.152677178383
    },
    "spectral_centroid": {
        "max": 3788.08984375,
        "mean": 1869.33361816,
        "min": 799.698730469,
        "stdev": 387.79385376
    },
    "spectral_complexity": {
        "max": 47,
        "mean": 27.158208847,
        "min": 0,
        "stdev": 6.94296884537
    },
    "spectral_decrease": {
        "max": -3.57218529142e-20,
        "mean": -5.98804561491e-09,
        "min": -2.18937152852e-08,
        "stdev": 3.15407455709e-09
    },
    "spectral_energy": {
        "max": 0.0884977132082,
        "mean": 0.0253457836807,
        "min": 6.65045113164e-13,
        "stdev": 0.0132231060416
    },
    "spectral_energyband_high": {
        "max": 0.00666549941525,
        "mean": 0.00136937107891,
        "min": 4.80225397208e-13,
        "stdev": 0.00121793197468
    },
    "spectral_energyband_low": {
        "max": 0.0413795150816,
        "mean": 0.00631165411323,
        "min": 1.4533648807e-14,
        "stdev": 0.00648907152936
    },
    "spectral_energyband_middle_high": {
        "max": 0.0454959571362,
        "mean": 0.0105292806402,
        "min": 1.53766376802e-13,
        "stdev": 0.00769416056573
    },
    "spectral_energyband_middle_low": {
        "max": 0.0570214614272,
        "mean": 0.00792743545026,
        "min": 9.40202759804e-15,
        "stdev": 0.00546059012413
    },
    "spectral_entropy": {
        "max": 8.8055896759,
        "mean": 7.84278964996,
        "min": 7.24376296997,
        "stdev": 0.199193328619
    },
    "spectral_flux": {
        "max": 0.216500163078,
        "mean": 0.0948154553771,
        "min": 6.94311675034e-05,
        "stdev": 0.0335632786155
    },
    "spectral_kurtosis": {
        "max": 10.0445461273,
        "mean": 4.65184593201,
        "min": 1.25191450119,
        "stdev": 1.75048685074
    },
    "spectral_rms": {
        "max": 0.00929189100862,
        "mean": 0.00478042056784,
        "min": 2.54720333714e-08,
        "stdev": 0.00136936863419
    },
    "spectral_rolloff": {
        "max": 16020.703125,
        "mean": 2112.78149414,
        "min": 236.865234375,
        "stdev": 862.276000977
    },
    "spectral_skewness": {
        "max": 2.44408679008,
        "mean": 1.58757007122,
        "min": 0.754793465137,
        "stdev": 0.270477116108
    },
    "spectral_spread": {
        "max": 12843997,
        "mean": 4575120.5,
        "min": 2585730,
        "stdev": 1185937.125
    },
    "spectral_strongpeak": {
        "max": 10.6961040497,
        "mean": 1.37307751179,
        "min": 0,
        "stdev": 1.69430780411
    },
    "zerocrossingrate": {
        "max": 0.55322265625,
        "mean": 0.0834465399384,
        "min": 0.02197265625,
        "stdev": 0.0264415591955
    },
    "barkbands": {
        "max": [0.0018602469936, 0.0307287499309, 0.0144023746252, 0.0242570564151, 0.0414172597229, 0.0152010777965, 0.0238205995411, 0.0135455355048, 0.0171105526388, 0.0307879392058, 0.011552172713, 0.024019934237, 0.00931513682008, 0.0101542314515, 0.0148089770228, 0.0108126737177, 0.00624978449196, 0.00888567045331, 0.00526662915945, 0.00425026938319, 0.00184554466978, 0.00109280948527, 0.00108205876313, 0.00124698143918, 0.00159895757679, 0.00121085264254, 0.000309959752485],
        "mean": [0.000104160579212, 0.00369937019423, 0.00191157869995, 0.00116100977175, 0.00209032092243, 0.000846051145345, 0.00104229641147, 0.000862749759108, 0.00158729974646, 0.00214127451181, 0.000643676787149, 0.00241223024204, 0.000799187226221, 0.000791365862824, 0.000941148318816, 0.000861153239384, 0.000524042116012, 0.000828036863822, 0.000523415277712, 0.000613340816926, 0.000264825619524, 0.000162548589287, 0.000130253625684, 0.000138235467602, 0.00013087230036, 0.000109354681626, 2.59917087533e-05],
        "min": [1.12702443135e-14, 7.2777968683e-15, 1.51149482487e-15, 8.50119588254e-16, 7.28535949609e-16, 4.45731130279e-16, 7.60059180714e-16, 2.59747523715e-15, 2.89432428626e-15, 6.45676020923e-15, 1.15290077967e-14, 6.01345577541e-15, 1.1236089404e-14, 1.92686951193e-14, 4.16591344009e-15, 2.67455184722e-15, 1.51503125095e-14, 2.71605451346e-14, 3.14924173165e-14, 3.86894292645e-14, 4.15974017926e-14, 1.08984231077e-14, 2.46136102358e-14, 1.00804950596e-13, 9.52992432147e-14, 6.99700510747e-14, 1.1926532895e-13],
        "stdev": [0.000181163253728, 0.0044722254388, 0.00225731707178, 0.00180310185533, 0.00297773908824, 0.00136931450106, 0.00233074673451, 0.00123991072178, 0.00196955120191, 0.00365716870874, 0.00108144641854, 0.0046198037453, 0.00075388350524, 0.000867135822773, 0.00152518716641, 0.00116258556955, 0.000717778515536, 0.00098269013688, 0.000542758905794, 0.00073493499076, 0.000255701248534, 0.00016509766283, 0.00015411550703, 0.000158309499966, 0.000169488368556, 0.000173292864929, 4.53722750535e-05]
    },
    "erbbands": {
        "max": [0.737679183483, 7.31227731705, 16.3004283905, 50.981262207, 139.430648804, 109.524307251, 62.5085449219, 178.55078125, 344.393157959, 290.377502441, 240.997436523, 402.808837891, 795.918701172, 899.193847656, 756.459655762, 1182.85546875, 337.568023682, 458.968353271, 1021.12017822, 420.260894775, 679.22857666, 302.84576416, 397.804931641, 369.569946289, 271.331817627, 224.336593628, 141.575500488, 51.4280433655, 39.7749443054, 36.7319602966, 30.0131797791, 18.8104381561, 21.9996185303, 16.2392692566, 13.8765144348, 7.36827659607, 2.31498193741, 0.626458883286, 0.0548659935594, 0.00120802235324],
        "mean": [0.0749727115035, 0.927063524723, 2.33813428879, 3.24263119698, 6.24441576004, 6.29082918167, 4.95381355286, 8.58019638062, 13.5305337906, 15.6908197403, 21.9856357574, 35.1765975952, 53.3601570129, 56.8212051392, 44.1609458923, 97.0288314819, 40.6429367065, 38.710723877, 58.773235321, 33.9762458801, 51.6486167908, 29.6947917938, 38.1949043274, 37.386680603, 24.2143135071, 31.4576511383, 17.9582901001, 7.13801717758, 5.72109651566, 4.73109006882, 3.69338560104, 2.76856899261, 2.336779356, 1.59196734428, 0.856844544411, 0.461365222931, 0.202412083745, 0.0514285750687, 0.00425732508302, 0.000118081872643],
        "min": [3.78831297929e-13, 1.08093807343e-12, 1.81480449158e-12, 2.4529122223e-12, 3.34003571328e-12, 1.68576415847e-12, 2.195047746e-12, 3.94949177529e-12, 7.24622488749e-12, 2.30914870558e-11, 6.95286814234e-11, 4.96223097335e-11, 1.31013894178e-10, 3.22316007217e-10, 4.7430465111e-10, 2.47053294489e-10, 5.15141151958e-10, 1.14906606452e-09, 2.83453316374e-10, 2.45296810641e-10, 2.98606556148e-10, 8.95346075058e-10, 1.29529131865e-09, 1.17172538339e-09, 2.06579930939e-09, 2.23828489077e-09, 1.7591448298e-09, 1.36366362646e-09, 4.37380881513e-10, 6.79701239736e-10, 6.63649413202e-10, 1.96088345561e-09, 1.69649794213e-09, 8.89162965478e-10, 7.54610096632e-10, 2.71041522559e-10, 1.44480150066e-10, 7.60171439684e-11, 1.92347908434e-11, 1.24038854275e-12],
        "stdev": [0.0964523926377, 1.15004086494, 2.78718996048, 4.18433713913, 10.3866939545, 8.97781562805, 6.39526844025, 14.920217514, 27.8743000031, 29.4560699463, 27.6539001465, 42.6437072754, 75.7205810547, 92.2825393677, 71.1725769043, 191.50970459, 37.5987129211, 35.3644104004, 91.6767196655, 41.7291679382, 68.7953796387, 31.6238059998, 38.9224739075, 40.1971359253, 27.1266841888, 39.1013450623, 19.0708999634, 6.3532743454, 5.63861656189, 5.40006828308, 4.38311052322, 3.17671704292, 2.73454284668, 1.95871150494, 1.20362699032, 0.772000074387, 0.324264198542, 0.0851309224963, 0.00706622330472, 0.000150215098984]
    },
    "gfcc": {
        "mean": [38.7841072083, 52.7682533264, -132.97883606, 15.7169933319, -48.6840934753, 13.8357458115, -30.3973026276, 15.331867218, -26.9135398865, 5.4645113945, -19.7137928009, 0.44833612442, -14.9990587234],
        "cov": [[5830.82666016, 273.464752197, 1606.74804688, 1064.21069336, 478.303833008, 146.584732056, -203.009246826, -87.1649627686, -237.58883667, 46.872718811, 159.046340942, 15.942448616, -26.0593910217], [273.464752197, 445.664733887, 236.776046753, 299.897277832, 87.4207992554, 73.5855789185, 22.4240455627, -25.697227478, -16.2232952118, 1.07938337326, 60.927822113, -27.9401912689, 35.6966323853], [1606.74804688, 236.776046753, 1488.84619141, 865.263366699, 402.968444824, 104.344284058, -173.549179077, -120.382240295, -97.1299819946, 56.0008125305, 138.956802368, 22.201499939, -18.4206466675], [1064.21069336, 299.897277832, 865.263366699, 745.66229248, 262.684539795, 63.9287605286, -120.26600647, -69.0086975098, -32.7617378235, 38.8105354309, 108.01940155, -2.05942392349, 17.0891799927], [478.303833008, 87.4207992554, 402.968444824, 262.684539795, 187.673431396, 51.0500793457, -27.3764419556, -21.258392334, -31.238325119, 15.1014728546, 46.2957038879, -2.25829839706, -1.48018372059], [146.584732056, 73.5855789185, 104.344284058, 63.9287605286, 51.0500793457, 146.810745239, 60.6841964722, -10.3658037186, -30.9727153778, -7.73003911972, 20.3097496033, -2.62773656845, -2.94418048859], [-203.009246826, 22.4240455627, -173.549179077, -120.26600647, -27.3764419556, 60.6841964722, 139.670715332, 44.8483963013, 0.635997891426, -21.5742645264, -11.450884819, -6.95813655853, 13.5211544037], [-87.1649627686, -25.697227478, -120.382240295, -69.0086975098, -21.258392334, -10.3658037186, 44.8483963013, 86.8082885742, 30.4790802002, 0.195499181747, -12.2349872589, -5.7471446991, 16.5612735748], [-237.58883667, -16.2232952118, -97.1299819946, -32.7617378235, -31.238325119, -30.9727153778, 0.635997891426, 30.4790802002, 107.501487732, 31.6452217102, -22.7292575836, 6.93122005463, -8.07392311096], [46.872718811, 1.07938337326, 56.0008125305, 38.8105354309, 15.1014728546, -7.73003911972, -21.5742645264, 0.195499181747, 31.6452217102, 63.0557937622, 23.9547901154, 3.59962892532, -12.8606548309], [159.046340942, 60.927822113, 138.956802368, 108.01940155, 46.2957038879, 20.3097496033, -11.450884819, -12.2349872589, -22.7292575836, 23.9547901154, 72.2648391724, 12.2962141037, 5.58744955063], [15.942448616, -27.9401912689, 22.201499939, -2.05942392349, -2.25829839706, -2.62773656845, -6.95813655853, -5.7471446991, 6.93122005463, 3.59962892532, 12.2962141037, 46.2468223572, 6.04739618301], [-26.0593910217, 35.6966323853, -18.4206466675, 17.0891799927, -1.48018372059, -2.94418048859, 13.5211544037, 16.5612735748, -8.07392311096, -12.8606548309, 5.58744955063, 6.04739618301, 62.2664337158]],
        "icov": [[0.000282909692032, -4.27897066402e-06, -0.000105596554931, -0.000300139654428, -3.75924173568e-05, -5.66103008168e-05, 0.000121810509881, -0.000475025473861, 0.000779739930294, -0.000354221672751, 0.000410275446484, -0.000345227774233, 0.000292970828013], [-4.27897066402e-06, 0.00442768633366, 0.000524927803781, -0.00237724464387, 0.000589226663578, -0.000625849352218, -0.00204369588755, 0.00195650733076, -0.00136655406095, 0.00110122258775, -0.00258571445011, 0.00329762883484, -0.0018625673838], [-0.000105596554931, 0.000524927803781, 0.00335275591351, -0.00272922031581, -0.00291427946649, -0.000399811338866, 0.000658317410853, 0.00065255590016, 0.00155327329412, -0.00107042049058, 0.000688460946549, -0.001837229589, 0.00108805648051], [-0.000300139654428, -0.00237724464387, -0.00272922031581, 0.00747259473428, -0.00202158163302, -0.000631025817711, 0.00315049593337, 0.000432089902461, -0.00375648634508, 0.00206278869882, -0.00327681261115, 0.00230245874263, -0.00248860311694], [-3.75924173568e-05, 0.000589226663578, -0.00291427946649, -0.00202158163302, 0.014777389355, -0.00157329672948, -0.00147171772551, -0.00171543133911, 0.000778570130933, -0.000294977682643, -0.00137915625237, 0.00210256781429, 0.000351471244358], [-5.66103008168e-05, -0.000625849352218, -0.000399811338866, -0.000631025817711, -0.00157329672948, 0.0120985824615, -0.00776820303872, 0.00262448121794, 0.00188850343693, -0.000428778526839, -8.67674752953e-05, -0.000936942815315, 0.0021685922984], [0.000121810509881, -0.00204369588755, 0.000658317410853, 0.00315049593337, -0.00147171772551, -0.00776820303872, 0.0169952493161, -0.00691660586745, -0.000451433210401, 0.00302563770674, -0.00092721398687, -5.27457596036e-05, -0.00104576069862], [-0.000475025473861, 0.00195650733076, 0.00065255590016, 0.000432089902461, -0.00171543133911, 0.00262448121794, -0.00691660586745, 0.0198504142463, -0.00694481749088, 0.000806503521744, -0.00272691412829, 0.00502017047256, -0.00591723667458], [0.000779739930294, -0.00136655406095, 0.00155327329412, -0.00375648634508, 0.000778570130933, 0.00188850343693, -0.000451433210401, -0.00694481749088, 0.0212876498699, -0.0136225791648, 0.0121459923685, -0.00872231274843, 0.00435710931197], [-0.000354221672751, 0.00110122258775, -0.00107042049058, 0.00206278869882, -0.000294977682643, -0.000428778526839, 0.00302563770674, 0.000806503521744, -0.0136225791648, 0.0298205185682, -0.0155478455126, 0.00541109638289, 0.00270125782117], [0.000410275446484, -0.00258571445011, 0.000688460946549, -0.00327681261115, -0.00137915625237, -8.67674752953e-05, -0.00092721398687, -0.00272691412829, 0.0121459923685, -0.0155478455126, 0.0298582930118, -0.0113361915573, 0.000432129250839], [-0.000345227774233, 0.00329762883484, -0.001837229589, 0.00230245874263, 0.00210256781429, -0.000936942815315, -5.27457596036e-05, 0.00502017047256, -0.00872231274843, 0.00541109638289, -0.0113361915573, 0.0301279630512, -0.00645070988685], [0.000292970828013, -0.0018625673838, 0.00108805648051, -0.00248860311694, 0.000351471244358, 0.0021685922984, -0.00104576069862, -0.00591723667458, 0.00435710931197, 0.00270125782117, 0.000432129250839, -0.00645070988685, 0.0218777451664]]
    },
    "melbands": {
        "max": [0.00789458863437, 0.00833866093308, 0.00983324274421, 0.0103421211243, 0.00224467250519, 0.00357928825542, 0.00540626375005, 0.002773439046, 0.00195330637507, 0.00289625301957, 0.00433011865243, 0.00416483962908, 0.00190734385978, 0.00367567129433, 0.00200199848041, 0.000756062683649, 0.000761701958254, 0.00200963788666, 0.00119913823437, 0.000826995761599, 0.00104076764546, 0.000436837901361, 0.000145119280205, 0.00069778249599, 0.000308260991005, 0.000196025765035, 0.00015618398902, 0.000209578487556, 0.000130549655296, 3.72012582375e-05, 3.58460674761e-05, 2.63799793174e-05, 2.55106024269e-05, 2.66733277385e-05, 1.89545135072e-05, 1.58630391525e-05, 1.64141292771e-05, 2.19775029109e-05, 1.96369073819e-05, 1.67947582668e-05],
        "mean": [0.00086571672, 0.00124311237596, 0.000643696112093, 0.000490851642098, 0.000181546696695, 0.000182114803465, 0.000215778665734, 0.000172830492374, 0.000179143025889, 0.000234143662965, 0.000279277708614, 0.000252036057645, 0.000107372114144, 0.000282148248516, 0.000148315768456, 8.45568210934e-05, 6.44895262667e-05, 9.54747520154e-05, 5.991010039e-05, 4.49436411145e-05, 6.23929736321e-05, 3.12239826599e-05, 2.36909781961e-05, 4.5615437557e-05, 2.84383659164e-05, 1.98101570277e-05, 1.4346075659e-05, 2.32654765568e-05, 1.39117082654e-05, 4.97268138133e-06, 3.77777132599e-06, 3.25088240061e-06, 3.0588341815e-06, 2.45561932388e-06, 2.22318635679e-06, 1.68420422142e-06, 1.76311459654e-06, 1.65879180258e-06, 1.48417734636e-06, 1.34083722969e-06],
        "min": [3.24274959505e-15, 1.07146078526e-15, 4.55462850628e-16, 1.8874392812e-16, 6.61415536856e-17, 8.63996105512e-17, 1.25597727782e-16, 3.0295398614e-16, 5.72401254711e-16, 3.40227538635e-16, 6.6285330911e-16, 1.23553667873e-15, 1.62481840997e-15, 7.92780381104e-16, 5.47779806879e-16, 1.57656950747e-15, 2.19563052499e-15, 4.56111995503e-16, 2.90306566628e-16, 2.50478203945e-16, 3.77292350448e-16, 1.07809241796e-15, 4.96029111357e-16, 1.66915232619e-15, 7.68833700893e-16, 1.39770685396e-15, 1.39986805852e-15, 1.5026492598e-15, 1.09159486429e-15, 8.52312344796e-16, 7.09905248176e-16, 2.44688733751e-16, 1.78595255802e-16, 4.87868637124e-16, 2.63134252606e-16, 7.84437794787e-16, 1.21252829927e-15, 1.16398738216e-15, 1.12483190775e-15, 5.87717304463e-16],
        "stdev": [0.0010481645586, 0.00140277820174, 0.000841206114274, 0.000748170888983, 0.000222726608627, 0.000305155437673, 0.000452277134173, 0.000294138211757, 0.000224902556511, 0.000296861253446, 0.000412805879023, 0.000428571976954, 0.000182026415132, 0.000577024475206, 0.000283370260149, 7.64589422033e-05, 6.22207735432e-05, 0.000158772047143, 0.000102142104879, 6.59768629703e-05, 9.18817604543e-05, 4.37815069745e-05, 1.87151908904e-05, 6.33347808616e-05, 3.29892718582e-05, 2.36641772062e-05, 1.56416062964e-05, 3.24028733303e-05, 1.7339401893e-05, 4.41016072728e-06, 3.97613757741e-06, 3.36491393682e-06, 3.49501715391e-06, 3.02872422253e-06, 2.71943963526e-06, 2.13018392969e-06, 2.11362748814e-06, 2.06668778446e-06, 1.82687006145e-06, 1.78373238668e-06]
    },
    "melbands128": {
        "max": [0.00169800582808, 0.00509770540521, 0.0126944258809, 0.0122941350564, 0.0107181249186, 0.0072812512517, 0.00992474704981, 0.0128798466176, 0.0163814276457, 0.0136914830655, 0.00446940213442, 0.00297420332208, 0.0026483098045, 0.0034892312251, 0.00517363101244, 0.00622319336981, 0.0050434935838, 0.0103387963027, 0.00719335349277, 0.00476356502622, 0.00381121318787, 0.00397370615974, 0.00365481595509, 0.00231815222651, 0.00280446140096, 0.00462063681334, 0.00634894473478, 0.00473851896822, 0.0102316653356, 0.00958176050335, 0.00503163924441, 0.00165985745843, 0.00398625619709, 0.00402597989887, 0.0077171092853, 0.00718794483691, 0.00724572874606, 0.00433512404561, 0.00235648546368, 0.000650910078548, 0.00123609777074, 0.00256731011905, 0.00146214931738, 0.000375721196178, 0.0013618003577, 0.004404919222, 0.00322552677244, 0.00264468835667, 0.000796377134975, 0.00152473442722, 0.00113948737271, 0.00140802143142, 0.00164433079772, 0.00188240990974, 0.00113570247777, 0.000717432354577, 0.000218326749746, 0.000288712413749, 0.000304399640299, 0.000407685438404, 0.00140214327257, 0.0013479127083, 0.000735691341106, 0.000314413715387, 0.000779894005973, 0.000381859601475, 0.000545917660929, 0.000381269463105, 0.000164835175383, 0.000261579320068, 0.000390124419937, 0.000489158672281, 0.000363221741281, 0.000206085998798, 0.000136956296046, 7.53491694923e-05, 3.45769694832e-05, 3.68019391317e-05, 5.36529623787e-05, 4.50703919341e-05, 4.55391636933e-05, 2.52602440014e-05, 2.83838508039e-05, 4.54016080766e-05, 4.58292961412e-05, 2.61823661276e-05, 4.21049626311e-05, 3.98547381337e-05, 3.24028151226e-05, 3.00568244711e-05, 2.18891782424e-05, 1.63605582202e-05, 2.19133107748e-05, 1.43607985592e-05, 4.5456141379e-05, 4.84072625113e-05, 2.79494543065e-05, 2.6967811209e-05, 3.34060241585e-05, 1.23983527374e-05, 1.50189362103e-05, 1.85065000551e-05, 3.22582927765e-05, 1.28249648697e-05, 1.46900501932e-05, 2.24889281526e-05, 1.16718538266e-05, 1.45807944136e-05, 2.65109356405e-05, 4.6853616368e-05, 1.23206400531e-05, 1.29914033096e-05, 9.68194763118e-06, 1.02835156213e-05, 7.5904354162e-06, 8.30996850709e-06, 6.62198999635e-06, 5.78738172408e-06, 3.90287868868e-06, 2.46858849096e-06, 1.18727496101e-06, 1.01125101537e-06, 1.00408215076e-06, 3.39854118181e-08, 1.95544425097e-09, 2.22984986031e-09, 2.36122832398e-09, 2.424882517e-09],
        "mean": [9.31208851398e-05, 0.000457828689832, 0.00115914270282, 0.00170077208895, 0.00136632146314, 0.00087017955957, 0.000644523883238, 0.000564849353395, 0.000648008426651, 0.000616329431068, 0.000291944859782, 0.000203437113669, 0.000178326226887, 0.000101928635559, 0.000187683981494, 0.000237662039581, 0.000170784362126, 0.000245882809395, 0.000224699178943, 0.000160461349878, 0.000148215287481, 0.000196791646886, 0.000187677695067, 0.000154543522513, 0.000206915923627, 0.00028962266515, 0.000242886657361, 0.000201562346774, 0.000403541402193, 0.000362917402526, 0.000173532156623, 7.92241480667e-05, 9.52864284045e-05, 0.000105180624814, 0.000248461728916, 0.000379350211006, 0.000277036684565, 0.000136410701089, 7.0485388278e-05, 7.16610738891e-05, 7.99060144345e-05, 0.000118311341794, 5.62707791687e-05, 3.69785775547e-05, 8.04697992862e-05, 0.000115883587569, 0.000105547784187, 6.86855637468e-05, 3.20699255099e-05, 3.60340163752e-05, 4.23142482759e-05, 5.23736016476e-05, 9.00362210814e-05, 4.9524649512e-05, 4.24197532993e-05, 2.96523048746e-05, 2.19987177843e-05, 2.25000367209e-05, 2.39646378759e-05, 2.72486777249e-05, 5.37339656148e-05, 5.54826947337e-05, 3.0620918551e-05, 1.9417866497e-05, 2.60024207819e-05, 1.90348619071e-05, 1.8335718778e-05, 1.36779153763e-05, 1.11467852548e-05, 1.79859362106e-05, 2.59577154793e-05, 2.71840417554e-05, 1.53038618009e-05, 1.48604831338e-05, 6.60800787955e-06, 4.9025379667e-06, 4.27024178862e-06, 3.54724488716e-06, 3.95086817662e-06, 3.72531189896e-06, 3.39927760251e-06, 2.88230353362e-06, 3.05994944938e-06, 3.36385187438e-06, 2.896980277e-06, 2.12070972339e-06, 2.77074741462e-06, 2.22911717174e-06, 2.19241587729e-06, 2.13581461139e-06, 1.98689804165e-06, 1.41528130371e-06, 1.44145053582e-06, 1.66586039541e-06, 2.22461380872e-06, 1.59031094427e-06, 1.60580611919e-06, 1.56956491537e-06, 1.6647047687e-06, 1.27493865421e-06, 1.21823188692e-06, 1.48533320043e-06, 1.35298080295e-06, 9.3865605777e-07, 8.72845305366e-07, 1.00968088645e-06, 7.70561541685e-07, 7.07002811851e-07, 8.28305132927e-07, 8.2209288621e-07, 8.13267831745e-07, 7.47100614262e-07, 5.95541678194e-07, 5.84042595619e-07, 4.88665079956e-07, 4.68975258627e-07, 4.06418990906e-07, 3.00162014355e-07, 2.46002514359e-07, 1.30047070002e-07, 6.13238526626e-08, 2.992194581e-08, 1.33753585985e-08, 4.62655191935e-10, 5.48822792767e-12, 5.6391484364e-12, 5.69713980852e-12, 5.73209231816e-12],
        "min": [5.291440656e-15, 3.9336942754e-15, 2.56493011373e-15, 1.57908011313e-15, 1.02129970588e-15, 7.00663483447e-16, 4.97430474429e-16, 4.08956189022e-16, 3.55611906889e-16, 2.10671175905e-16, 5.65962599937e-17, 3.10517944037e-17, 7.61448341217e-17, 9.68241509122e-17, 9.47610433505e-17, 7.87347101498e-17, 6.52863812812e-17, 1.3076276264e-16, 2.03709041534e-16, 2.16678955607e-16, 3.42691504539e-16, 5.86568621908e-16, 7.27963302397e-16, 4.41652878396e-16, 1.01065549282e-16, 3.49084168071e-16, 7.32351038943e-16, 5.4798865344e-16, 6.87739613556e-16, 1.26984341892e-15, 1.39307337198e-15, 1.28328583179e-15, 1.82171333614e-15, 1.90116756769e-15, 7.79342626912e-16, 4.85384395369e-16, 7.20718047264e-16, 4.33186387041e-16, 3.77966906312e-16, 1.26004727113e-15, 1.83566396878e-15, 1.9112237546e-15, 3.16248644703e-15, 1.90363391588e-15, 4.24726142555e-16, 4.18953110094e-16, 9.56502360392e-17, 1.60391578089e-16, 4.93079530876e-16, 3.92666819004e-16, 1.07442258154e-16, 2.70348035171e-16, 1.34343091499e-16, 3.62213734619e-16, 1.06575358314e-15, 1.4342813131e-15, 9.52094890625e-16, 1.22952536531e-16, 2.27492403204e-16, 1.26183186367e-15, 2.27747741286e-15, 1.63761601901e-15, 7.13025664614e-16, 6.26887654895e-16, 6.20774035779e-16, 1.20069207262e-15, 2.31341384444e-15, 1.21785126607e-15, 1.18299967194e-15, 1.61583509617e-15, 2.01869105979e-15, 1.06495917211e-15, 6.21255679889e-16, 1.32538305163e-15, 1.40189956117e-15, 5.72758173219e-16, 6.14050076486e-16, 1.44708866302e-15, 5.65875712885e-16, 2.01690998773e-16, 4.10381348426e-16, 1.36914352655e-16, 1.52629090227e-16, 1.42284779768e-16, 2.41035639468e-16, 4.2204729498e-16, 7.29177894704e-16, 3.40187119282e-16, 6.96985428162e-17, 2.41390810971e-16, 6.85054042657e-16, 2.76862883205e-16, 2.17434501055e-15, 1.31930463733e-15, 6.91861434696e-16, 9.11681889921e-16, 1.66757377441e-15, 8.38973269942e-16, 1.5431931271e-15, 8.97092594437e-16, 5.42535720024e-16, 6.48058661076e-16, 3.59558868665e-16, 1.19800475472e-15, 6.84665942749e-16, 1.27207365667e-15, 5.80879048661e-16, 3.27037409232e-16, 5.68369324943e-16, 2.46020269544e-16, 4.52453077869e-16, 5.02042833524e-16, 4.50773887991e-16, 5.00418700787e-16, 4.51611709455e-16, 3.19786913082e-16, 7.14276996975e-16, 7.52323864081e-16, 9.69229202478e-16, 4.36258363783e-16, 6.37361640804e-16, 5.32156231228e-16, 4.09877999097e-16, 3.19130859595e-16, 3.44515140005e-16, 1.37709769532e-16, 1.17949428895e-17, 8.97296473779e-19],
        "stdev": [0.00016488917754, 0.000685428676661, 0.0016098000342, 0.00221748906188, 0.0017683818005, 0.00101433938835, 0.000890198221896, 0.000991748762317, 0.00120735028759, 0.00104670342989, 0.00045949863852, 0.000292263692245, 0.000276341801509, 0.000196012231754, 0.000376637093723, 0.000489589176141, 0.00034024490742, 0.000727489416022, 0.000652691582218, 0.000403567682952, 0.000300287734717, 0.000330380862579, 0.000344821397448, 0.000245910981903, 0.00032941219979, 0.000441421929281, 0.000511632242706, 0.000383341190172, 0.000949346926063, 0.000775658991188, 0.00038614863297, 0.000160153140314, 0.000268372212304, 0.000282811612124, 0.000715709407814, 0.000987711711787, 0.000822169298772, 0.000391607667552, 0.000120544958918, 8.19478736958e-05, 0.000100729179394, 0.000172797081177, 8.84296459844e-05, 4.64261684101e-05, 0.000127864273963, 0.000303712906316, 0.000244519120315, 0.000186479330296, 5.59132931812e-05, 9.31560498429e-05, 8.97845238796e-05, 0.000111243323772, 0.00015345904103, 0.000122028424812, 0.00010741767619, 5.38348358532e-05, 2.13592284126e-05, 2.54097158177e-05, 2.8077598472e-05, 4.10139400628e-05, 0.000101183657534, 0.00011220156739, 6.10793722444e-05, 3.13145392283e-05, 4.42046839453e-05, 3.15424040309e-05, 3.92606416426e-05, 2.60253782471e-05, 1.56490004883e-05, 3.1331073842e-05, 4.91071514261e-05, 5.43103196833e-05, 3.38303507306e-05, 2.33875234699e-05, 9.64002174442e-06, 5.8739024098e-06, 4.36481741417e-06, 3.76091588805e-06, 5.50946424482e-06, 4.5673805289e-06, 4.274553703e-06, 3.27538168676e-06, 3.48049434251e-06, 4.77438561575e-06, 3.95229926653e-06, 2.60940555563e-06, 4.13951374867e-06, 3.56422970071e-06, 2.89997910841e-06, 3.05179810312e-06, 2.60808360508e-06, 2.11339988709e-06, 2.09260906558e-06, 2.14214423977e-06, 3.29864406012e-06, 2.91731953439e-06, 2.32491856877e-06, 2.12686791201e-06, 2.44469970312e-06, 1.60869933552e-06, 1.71835165474e-06, 2.11400083572e-06, 2.34320395975e-06, 1.37612130402e-06, 1.40889096656e-06, 1.68646533893e-06, 1.24174516714e-06, 1.26791542243e-06, 1.71496787971e-06, 2.33305854636e-06, 1.44088676279e-06, 1.31004105697e-06, 1.06879872419e-06, 1.04206924334e-06, 8.5480070311e-07, 8.75606758655e-07, 8.03682667083e-07, 6.04630088219e-07, 4.61919995587e-07, 2.55657113257e-07, 1.20084081345e-07, 9.28396701738e-08, 5.59320021409e-08, 2.20924745165e-09, 6.17841680595e-11, 7.04025310272e-11, 7.45308953443e-11, 7.65311078399e-11]
    },
    "mfcc": {
        "mean": [-603.61920166, 96.7005004883, -25.0893306732, 9.70791244507, -0.424610435963, 0.681110084057, 6.4532828331, 4.40901041031, 3.17551040649, 4.3360490799, 1.82986712456, -1.21386241913, -1.65251517296],
        "cov": [[3508.72363281, 60.9512405396, 1038.1854248, 750.297241211, 626.245483398, 226.284454346, 304.34475708, -38.276599884, -138.313522339, 26.7080821991, -163.806762695, 95.7135696411, 97.1026229858], [60.9512405396, 231.251022339, 60.3440170288, 54.130065918, 23.5640125275, 43.0879516602, 66.7178039551, 8.70337486267, 3.68246030807, 11.3058490753, -1.19219779968, 10.4521808624, 3.18574810028], [1038.1854248, 60.3440170288, 1069.53894043, 665.949157715, 570.281738281, 260.230407715, 165.370574951, -54.6823959351, -115.117485046, -12.2683010101, -87.9769210815, 124.127044678, 63.2313766479], [750.297241211, 54.130065918, 665.949157715, 586.135009766, 418.32989502, 140.859481812, 81.8921127319, -58.2468223572, -58.8685493469, 7.80784130096, -74.4416809082, 102.759529114, 56.1220054626], [626.245483398, 23.5640125275, 570.281738281, 418.32989502, 402.959899902, 136.356719971, 82.8380203247, -48.9299621582, -63.844909668, 1.06812477112, -52.8695259094, 76.1916122437, 43.2504463196], [226.284454346, 43.0879516602, 260.230407715, 140.859481812, 136.356719971, 169.438980103, 67.6428451538, 8.71811676025, -31.8645439148, -2.91400909424, 8.77686500549, 32.5544815063, -1.02841722965], [304.34475708, 66.7178039551, 165.370574951, 81.8921127319, 82.8380203247, 67.6428451538, 194.593002319, 31.7926654816, -25.9520778656, 19.1769351959, -50.1457061768, 0.446525603533, 16.8627910614], [-38.276599884, 8.70337486267, -54.6823959351, -58.2468223572, -48.9299621582, 8.71811676025, 31.7926654816, 82.3449478149, 32.4687919617, 9.02615356445, 5.72288322449, -25.204202652, -11.0933876038], [-138.313522339, 3.68246030807, -115.117485046, -58.8685493469, -63.844909668, -31.8645439148, -25.9520778656, 32.4687919617, 86.0372924805, 28.9759082794, 9.77307224274, -16.4953575134, -8.07602977753], [26.7080821991, 11.3058490753, -12.2683010101, 7.80784130096, 1.06812477112, -2.91400909424, 19.1769351959, 9.02615356445, 28.9759082794, 55.1068458557, 9.91375732422, -0.566589355469, 1.13815581799], [-163.806762695, -1.19219779968, -87.9769210815, -74.4416809082, -52.8695259094, 8.77686500549, -50.1457061768, 5.72288322449, 9.77307224274, 9.91375732422, 94.2351989746, 21.8889102936, -17.9911937714], [95.7135696411, 10.4521808624, 124.127044678, 102.759529114, 76.1916122437, 32.5544815063, 0.446525603533, -25.204202652, -16.4953575134, -0.566589355469, 21.8889102936, 79.1701812744, 26.1771183014], [97.1026229858, 3.18574810028, 63.2313766479, 56.1220054626, 43.2504463196, -1.02841722965, 16.8627910614, -11.0933876038, -8.07602977753, 1.13815581799, -17.9911937714, 26.1771183014, 55.5084877014]],
        "icov": [[0.000451391533716, 8.54405443533e-05, -0.00014063573326, -0.000271121622063, -0.000163074975717, 0.000105908358819, -0.000351426657289, -0.000118605421449, 0.00029902625829, -0.000245197996264, 8.04004521342e-05, 0.00018441012071, -0.000160507668625], [8.54405443533e-05, 0.00526796653867, 0.000261463224888, -0.00143126898911, 0.00116021418944, -0.000895610777661, -0.00252845883369, 0.00107125367504, -0.00138721521944, 0.000758934707846, -0.00139107834548, 0.000387410545954, -9.1904294095e-05], [-0.00014063573326, 0.000261463224888, 0.00581701379269, -0.00270785554312, -0.00370534253307, -0.00285466597416, -0.000682829821017, -0.000771014310885, 0.00131699966732, 0.00110307289287, 0.000936082273256, -0.00100699393079, 0.000177286856342], [-0.000271121622063, -0.00143126898911, -0.00270785554312, 0.00998335331678, -0.00522014172748, 0.000337937875884, 0.00260964664631, -0.00013136229245, -0.000534992024768, -0.00305898254737, 0.00505347177386, -0.00518575543538, 0.000870260060765], [-0.000163074975717, 0.00116021418944, -0.00370534253307, -0.00522014172748, 0.0141635723412, -0.00142491760198, -0.000741136376746, 0.00268204580061, 0.000361017126124, -0.000779295049142, -0.00081386702368, 0.00117806647904, -0.00133450469002], [0.000105908358819, -0.000895610777661, -0.00285466597416, 0.000337937875884, -0.00142491760198, 0.012912013568, -0.00285495794378, -0.00229325983673, 0.000499463523738, 0.00217397534288, -0.00536584481597, 5.3031330026e-05, 0.00279868743382], [-0.000351426657289, -0.00252845883369, -0.000682829821017, 0.00260964664631, -0.000741136376746, -0.00285495794378, 0.0120654962957, -0.00622607022524, 0.00592954177409, -0.00773863634095, 0.00810929201543, -0.0025777479168, -0.000620478473138], [-0.000118605421449, 0.00107125367504, -0.000771014310885, -0.00013136229245, 0.00268204580061, -0.00229325983673, -0.00622607022524, 0.0211307033896, -0.00989588722587, 0.00438610231504, -0.00491808913648, 0.00612293789163, -0.000872011587489], [0.00029902625829, -0.00138721521944, 0.00131699966732, -0.000534992024768, 0.000361017126124, 0.000499463523738, 0.00592954177409, -0.00989588722587, 0.0229858402163, -0.0129102794454, 0.00484504969791, -0.00217693392187, 0.000752074178308], [-0.000245197996264, 0.000758934707846, 0.00110307289287, -0.00305898254737, -0.000779295049142, 0.00217397534288, -0.00773863634095, 0.00438610231504, -0.0129102794454, 0.0295696239918, -0.0100209163502, 0.00462660240009, -0.00181785947643], [8.04004521342e-05, -0.00139107834548, 0.000936082273256, 0.00505347177386, -0.00081386702368, -0.00536584481597, 0.00810929201543, -0.00491808913648, 0.00484504969791, -0.0100209163502, 0.0256985183805, -0.0151169095188, 0.00722052250057], [0.00018441012071, 0.000387410545954, -0.00100699393079, -0.00518575543538, 0.00117806647904, 5.3031330026e-05, -0.0025777479168, 0.00612293789163, -0.00217693392187, 0.00462660240009, -0.0151169095188, 0.0291809793562, -0.0119374440983], [-0.000160507668625, -9.1904294095e-05, 0.000177286856342, 0.000870260060765, -0.00133450469002, 0.00279868743382, -0.000620478473138, -0.000872011587489, 0.000752074178308, -0.00181785947643, 0.00722052250057, -0.0119374440983, 0.0264418981969]]
    },
    "spectral_contrast_coeffs": {
        "max": [-0.553568720818, -0.501837432384, -0.503583729267, -0.589317679405, -0.617520272732, -0.672974705696],
        "mean": [-0.747912764549, -0.758389234543, -0.739288210869, -0.783403277397, -0.77697789669, -0.773524641991],
        "min": [-0.959990680218, -0.925729930401, -0.963930845261, -0.950139224529, -0.94890499115, -0.92468804121],
        "stdev": [0.0530385710299, 0.0598294921219, 0.0792775079608, 0.0522127449512, 0.0417091324925, 0.0288892947137]
    },
    "spectral_contrast_valleys": {
        "max": [-5.12747573853, -5.41107654572, -5.70643281937, -5.84666347504, -5.92459154129, -8.26632785797],
        "mean": [-6.97304582596, -6.58793306351, -6.86119174957, -6.91188669205, -6.95696115494, -9.64105129242],
        "min": [-19.913766861, -20.0363388062, -18.4856300354, -18.7327270508, -18.06366539, -19.8475074768],
        "stdev": [1.31854438782, 0.659336090088, 0.656408965588, 0.604001820087, 0.617645800114, 0.812276959419]
    }
},
"rhythm": {
    "beats_count": 40,
    "beats_loudness": {
        "max": 0.0617999620736,
        "mean": 0.0255154427141,
        "min": 0.00159633008298,
        "stdev": 0.011365333572
    },
    "bpm": 103.187446594,
    "bpm_histogram_first_peak_bpm": 103,
    "bpm_histogram_first_peak_weight": 0.344827592373,
    "bpm_histogram_second_peak_bpm": 110,
    "bpm_histogram_second_peak_spread": 0.400000035763,
    "bpm_histogram_second_peak_weight": 0.153846159577,
    "danceability": 0.966270983219,
    "onset_rate": 3.13132238388,
    "beats_loudness_band_ratio": {
        "max": [0.692644417286, 0.423375606537, 0.558667361736, 0.604324817657, 0.348372757435, 0.192607685924],
        "mean": [0.272810608149, 0.0976877659559, 0.174223601818, 0.246135517955, 0.159274026752, 0.0855028033257],
        "min": [0.000445554731414, 0.00240977411158, 0.0274512320757, 0.0226747766137, 0.0543480888009, 0.0126689374447],
        "stdev": [0.211002141237, 0.104766577482, 0.141755118966, 0.176248133183, 0.0802968069911, 0.045943595469]
    },
    "beats_position": [0.545668900013, 1.11455774307, 1.69505667686, 2.27555561066, 2.85605430603, 3.43655323982, 4.01705217361, 4.59755086899, 5.17804956436, 5.75854873657, 6.35065746307, 6.94276618958, 7.52326536179, 8.09215450287, 8.67265319824, 9.26476192474, 9.84526062012, 10.4257593155, 11.0062580109, 11.5867567062, 12.1672563553, 12.7477550507, 13.328253746, 13.9087524414, 14.4892511368, 15.0813598633, 15.6734695435, 16.2771873474, 16.8692970276, 17.4614048004, 18.0070743561, 18.5527439117, 19.1100215912, 19.667301178, 20.2129707336, 20.758638382, 21.2926979065, 21.826757431, 22.3724250793, 22.918094635],
