{
"metadata": {
    "version": {
        "essentia": "2.1-beta5",
        "essentia_git_sha": "Undefined",
        "extractor": "music 2.0"
    },
    "audio_properties": {
        "analysis": {
            "equal_loudness": 0,
            "length": 48.7502937317,
            "sample_rate": 44100,
            "start_time": 12.7477550507,
            "downmix": "mix"
        },
        "bit_rate": 192000,
        "length": 192.563110352,
        "lossless": 0,
        "number_channels": 2,
        "replay_gain": -12.7190418243,
        "sample_rate": 48000,
        "codec": "mp3",
        "md5_encoded": "694e61034458be5bd2b062f6f36d6853"
    },
    "tags": {
        "file_name": "Ukraine_Dancing Lasha Tumbai_Verka Serduchka.mp3",
        "encoding": ["Lavf58.29.100"]
    }
},
"lowlevel": {
    "average_loudness": 0.943292558193,
    "barkbands_crest": {
        "max": 23.6934700012,
        "mean": 8.89723777771,
        "min": 2.42108225822,
        "stdev": 4.03373718262
    },
    "barkbands_flatness_db": {
        "max": 0.254700601101,
        "mean": 0.0834945961833,
        "min": 0.0137486839667,
        "stdev": 0.0348954871297
    },
    "barkbands_kurtosis": {
        "max": 33.2881660461,
        "mean": 1.03046774864,
        "min": -1.94031131268,
        "stdev": 3.42590689659
    },
    "barkbands_skewness": {
        "max": 5.47428941727,
        "mean": 0.936079978943,
        "min": -4.5765838623,
        "stdev": 1.03765428066
    },
    "barkbands_spread": {
        "max": 106.100822449,
        "mean": 38.8468017578,
        "min": 2.60987520218,
        "stdev": 15.8537073135
    },
    "dissonance": {
        "max": 0.5,
        "mean": 0.479764252901,
        "min": 0.263671219349,
        "stdev": 0.0169261451811
    },
    "dynamic_complexity": 2.40647363663,
    "erbbands_crest": {
        "max": 32.045917511,
        "mean": 7.82809066772,
        "min": 2.29750657082,
        "stdev": 4.23856925964
    },
    "erbbands_flatness_db": {
        "max": 0.362635791302,
        "mean": 0.117549151182,
        "min": 0.0539197959006,
        "stdev": 0.0389769375324
    },
    "erbbands_kurtosis": {
        "max": 54.2680015564,
        "mean": 0.272006899118,
        "min": -1.75015854836,
        "stdev": 3.00695204735
    },
    "erbbands_skewness": {
        "max": 2.7569360733,
        "mean": -0.145308703184,
        "min": -3.88390922546,
        "stdev": 0.576058268547
    },
    "erbbands_spread": {
        "max": 143.498565674,
        "mean": 46.2809028625,
        "min": 1.63785552979,
        "stdev": 19.5155906677
    },
    "hfc": {
        "max": 211.843536377,
        "mean": 24.2492790222,
        "min": 0.76434057951,
        "stdev": 20.1397686005
    },
    "loudness_ebu128": {
        "integrated": -11.8370580673,
        "loudness_range": 3.32047843933,
        "momentary": {
            "max": -6.14470672607,
            "mean": -12.2423744202,
            "min": -16.4199333191,
            "stdev": 1.83129489422
        },
        "short_term": {
            "max": -9.43954849243,
            "mean": -12.0256633759,
            "min": -14.7293186188,
            "stdev": 1.18099546432
        }
    },
    "melbands_crest": {
        "max": 29.8726501465,
        "mean": 13.8851718903,
        "min": 2.87581062317,
        "stdev": 5.59735393524
    },
    "melbands_flatness_db": {
        "max": 0.307548373938,
        "mean": 0.137245059013,
        "min": 0.025249902159,
        "stdev": 0.0507399328053
    },
    "melbands_kurtosis": {
        "max": 147.721969604,
        "mean": 9.90486621857,
        "min": -1.82018756866,
        "stdev": 14.097902298
    },
    "melbands_skewness": {
        "max": 10.5659313202,
        "mean": 2.45121335983,
        "min": -3.39021372795,
        "stdev": 1.63218462467
    },
    "melbands_spread": {
        "max": 196.621551514,
        "mean": 41.4930419922,
        "min": 3.54043889046,
        "stdev": 24.5608272552
    },
    "pitch_salience": {
        "max": 0.84406375885,
        "mean": 0.561295747757,
        "min": 0.127335563302,
        "stdev": 0.11957424134
    },
    "silence_rate_20dB": {
        "max": 1,
        "mean": 1,
        "min": 1,
        "stdev": 0
    },
    "silence_rate_30dB": {
        "max": 1,
        "mean": 1,
        "min": 1,
        "stdev": 0
    },
    "silence_rate_60dB": {
        "max": 1,
        "mean": 0.0399809628725,
        "min": 0,
        "stdev": 0.195916220546
    },
    "spectral_centroid": {
        "max": 4417.17138672,
        "mean": 1975.38439941,
        "min": 405.501312256,
        "stdev": 592.125854492
    },
    "spectral_complexity": {
        "max": 51,
        "mean": 19.5959072113,
        "min": 1,
        "stdev": 10.174902916
    },
    "spectral_decrease": {
        "max": -1.46657117006e-10,
        "mean": -4.40306147098e-09,
        "min": -2.44012348105e-08,
        "stdev": 3.43604300568e-09
    },
    "spectral_energy": {
        "max": 0.111310906708,
        "mean": 0.0188176427037,
        "min": 0.000700367381796,
        "stdev": 0.014314327389
    },
    "spectral_energyband_high": {
        "max": 0.00950265489519,
        "mean": 0.00140223745257,
        "min": 3.55377087544e-05,
        "stdev": 0.00106860115193
    },
    "spectral_energyband_low": {
        "max": 0.0443068556488,
        "mean": 0.00647145975381,
        "min": 1.28906513055e-05,
        "stdev": 0.00729274284095
    },
    "spectral_energyband_middle_high": {
        "max": 0.109162591398,
        "mean": 0.0062446705997,
        "min": 0.000130533037009,
        "stdev": 0.00893139094114
    },
    "spectral_energyband_middle_low": {
        "max": 0.0611752010882,
        "mean": 0.00600209087133,
        "min": 5.33248057764e-05,
        "stdev": 0.00694942614064
    },
    "spectral_entropy": {
        "max": 8.83472633362,
        "mean": 8.047996521,
        "min": 6.64206838608,
        "stdev": 0.29427498579
    },
    "spectral_flux": {
        "max": 0.329017072916,
        "mean": 0.0867106318474,
        "min": 0.0187422055751,
        "stdev": 0.0427572876215
    },
    "spectral_kurtosis": {
        "max": 14.7621955872,
        "mean": 2.7051794529,
        "min": -0.93550992012,
        "stdev": 1.78693294525
    },
    "spectral_rms": {
        "max": 0.0104209408164,
        "mean": 0.00399927934632,
        "min": 0.000826610717922,
        "stdev": 0.00153768749442
    },
    "spectral_rolloff": {
        "max": 11046.5332031,
        "mean": 2836.72387695,
        "min": 86.1328125,
        "stdev": 2093.89257812
    },
    "spectral_skewness": {
        "max": 2.90435266495,
        "mean": 1.29684889317,
        "min": 0.0771651864052,
        "stdev": 0.297756522894
    },
    "spectral_spread": {
        "max": 17778754,
        "mean": 6057149,
        "min": 1965482.875,
        "stdev": 1722537.75
    },
    "spectral_strongpeak": {
        "max": 23.5523319244,
        "mean": 0.840892374516,
        "min": 0.0144481621683,
        "stdev": 1.60041499138
    },
    "zerocrossingrate": {
        "max": 0.34375,
        "mean": 0.102857455611,
        "min": 0.02099609375,
        "stdev": 0.0462580621243
    },
    "barkbands": {
        "max": [0.000264262198471, 0.025421243161, 0.02654447034, 0.0409518331289, 0.0183231048286, 0.0193264856935, 0.0130601730198, 0.0228601284325, 0.034266423434, 0.0196085739881, 0.0225955415517, 0.0371505729854, 0.0190912839025, 0.0224513020366, 0.0953444391489, 0.0756129398942, 0.023791378364, 0.0103082191199, 0.00651639513671, 0.00953565724194, 0.00186977325939, 0.00137731037103, 0.00154396169819, 0.0014677636791, 0.00196424894966, 0.000563245790545, 9.31427493924e-05],
        "mean": [2.67621908279e-05, 0.00303620193154, 0.00219468283467, 0.00256796879694, 0.00101723452099, 0.000777073029894, 0.000416108552599, 0.000234321429161, 0.000853182165883, 0.000448717997642, 0.000732215470634, 0.000683222897351, 0.000661217374727, 0.000408484193031, 0.000933358503971, 0.000889918941539, 0.000350648973836, 0.00053193885833, 0.000442540127551, 0.000433854205767, 0.000208370329347, 0.000224712319323, 0.000246237352258, 0.000203989504371, 0.000200034264708, 8.13299047877e-05, 1.3323928215e-05],
        "min": [4.83239901428e-08, 4.18585796069e-06, 1.85620524462e-06, 4.00743010687e-06, 7.62914942243e-06, 2.39793985202e-06, 1.4275913145e-06, 9.97292318061e-07, 5.85163661526e-06, 2.57949022853e-06, 2.77251729131e-06, 2.76745345218e-06, 7.62240097174e-06, 4.31876833318e-06, 6.07964648225e-06, 7.30014289729e-06, 2.70832038041e-06, 5.75584590479e-06, 5.62816785532e-06, 6.796542948e-06, 2.20273796003e-06, 1.8942674842e-06, 2.53282019003e-06, 2.50395396506e-06, 1.6261641349e-06, 3.67270445167e-07, 1.13468203722e-08],
        "stdev": [4.145353887e-05, 0.00398289924487, 0.00404443359002, 0.0043571414426, 0.00192334875464, 0.00146975473035, 0.000851000018883, 0.000723186298274, 0.00250532687642, 0.00108667917084, 0.00198023812845, 0.00213957088999, 0.00140794983599, 0.000795513798948, 0.00364773301408, 0.00346155418083, 0.000760831171647, 0.00110393203795, 0.000768953643274, 0.000811243255157, 0.000190975260921, 0.00021436472889, 0.000243406917434, 0.000178153059096, 0.000211244114325, 8.36337567307e-05, 1.72941236087e-05]
    },
    "erbbands": {
        "max": [0.500866413116, 7.29221200943, 28.7058162689, 73.7225799561, 126.067054749, 50.4062767029, 94.6207351685, 243.719665527, 169.292770386, 312.454345703, 624.353515625, 1025.1706543, 529.496948242, 627.175842285, 1057.84619141, 1721.4864502, 825.40423584, 365.845306396, 1588.47277832, 4571.18505859, 4948.73242188, 864.565979004, 598.345458984, 869.544799805, 297.96697998, 419.336914062, 173.0887146, 127.622802734, 49.4315910339, 60.7212791443, 52.888130188, 35.3862457275, 23.8896999359, 29.7152881622, 12.3325357437, 3.63297009468, 1.0432420969, 0.142509281635, 0.0217636041343, 0.000629874935839],
        "mean": [0.0579512119293, 0.79552179575, 2.54477119446, 5.66623210907, 6.38725996017, 2.88986873627, 4.3810544014, 6.22556638718, 4.2041759491, 8.11828136444, 7.1977853775, 19.8921031952, 15.7438964844, 19.7054157257, 30.8067779541, 27.2791404724, 29.6828041077, 22.9541091919, 29.8044452667, 62.2405586243, 42.4440956116, 19.883846283, 26.6250228882, 29.1689109802, 19.2402496338, 21.6643676758, 10.0441761017, 8.65553569794, 7.66394948959, 7.89421796799, 6.62182569504, 4.44937610626, 3.4032561779, 2.47320055962, 1.28063499928, 0.509271979332, 0.119828894734, 0.0203074906021, 0.00268506840803, 9.45605424931e-05],
        "min": [0.000135979760671, 0.00109796144534, 0.00482395570725, 0.0119606237859, 0.0216051861644, 0.02323522605, 0.0222055446357, 0.0249536074698, 0.0310893077403, 0.060599271208, 0.0422463230789, 0.114981412888, 0.106204122305, 0.104419827461, 0.121416643262, 0.206917956471, 0.394534617662, 0.362466871738, 0.388474345207, 0.275270104408, 0.3464422822, 0.170803174376, 0.393353611231, 0.478127449751, 0.286218196154, 0.28920507431, 0.284870624542, 0.0671719685197, 0.0580554194748, 0.093612998724, 0.0693514868617, 0.043308544904, 0.0451762117445, 0.0219189561903, 0.00965227000415, 0.00209295749664, 0.000442772114184, 7.66745142755e-05, 5.32382864549e-06, 1.52490474647e-06],
        "stdev": [0.0727814435959, 1.09683430195, 4.52423620224, 8.53172779083, 12.4952507019, 4.74786281586, 7.62035655975, 12.8430280685, 8.71366786957, 18.2634239197, 19.0226898193, 59.0677757263, 39.3659820557, 44.4691429138, 88.349647522, 75.9852371216, 65.70262146, 32.4002914429, 79.4637145996, 217.154388428, 184.757736206, 37.2855758667, 48.6637992859, 57.4245910645, 30.3496074677, 41.7478218079, 11.2726593018, 9.64427375793, 7.50432634354, 7.85174560547, 6.46247529984, 4.10573577881, 2.98526334763, 2.65698003769, 1.36749815941, 0.505545794964, 0.130678772926, 0.0237657483667, 0.00346888438798, 9.38384328038e-05]
    },
    "gfcc": {
        "mean": [26.9868545532, 44.4193611145, -108.535636902, 37.7757492065, -48.710521698, 26.9890937805, -39.1575584412, 12.9896802902, -26.240196228, 2.60126304626, -20.2684497833, -1.45620799065, -13.6259450912],
        "cov": [[1815.36413574, -371.813415527, -46.7698631287, -206.711105347, 131.798538208, 27.5481777191, 107.927635193, -53.2031364441, -55.6333389282, -38.7591094971, -194.811935425, -34.3436813354, -111.26776123], [-371.813415527, 596.145568848, -118.161636353, 129.233352661, 63.0211105347, -81.926361084, 26.5338916779, 51.3384284973, 6.71290016174, 4.66743373871, 105.628952026, 15.0864953995, 51.4396896362], [-46.7698631287, -118.161636353, 622.599731445, 48.9432754517, -24.2244262695, 56.3431777954, -108.412063599, -79.0026168823, 56.5680465698, -8.70928573608, -116.416221619, -14.8356294632, -46.6199035645], [-206.711105347, 129.233352661, 48.9432754517, 195.198165894, 34.070728302, 1.64820468426, -11.2405128479, 19.9570922852, 24.2008247375, 15.6016130447, 46.7070159912, 9.52785491943, 11.1797180176], [131.798538208, 63.0211105347, -24.2244262695, 34.070728302, 260.940155029, 84.2325439453, 53.3498802185, 30.059961319, 12.3319892883, -14.0290613174, -30.6529979706, -2.0120215416, 6.27062129974], [27.5481777191, -81.926361084, 56.3431777954, 1.64820468426, 84.2325439453, 211.073959351, 93.079536438, 5.29354143143, -12.3220434189, -15.6884317398, -53.1627502441, -7.01245164871, -19.6424293518], [107.927635193, 26.5338916779, -108.412063599, -11.2405128479, 53.3498802185, 93.079536438, 185.607925415, 52.9297676086, -23.5981082916, -4.75419664383, 1.47354376316, -0.173320755363, -6.02523851395], [-53.2031364441, 51.3384284973, -79.0026168823, 19.9570922852, 30.059961319, 5.29354143143, 52.9297676086, 95.9577102661, 39.0679855347, 8.91538715363, 22.6806716919, 5.10747241974, 22.4241313934], [-55.6333389282, 6.71290016174, 56.5680465698, 24.2008247375, 12.3319892883, -12.3220434189, -23.5981082916, 39.0679855347, 128.919998169, 42.1461105347, -29.0411567688, -2.43448615074, 21.5307273865], [-38.7591094971, 4.66743373871, -8.70928573608, 15.6016130447, -14.0290613174, -15.6884317398, -4.75419664383, 8.91538715363, 42.1461105347, 78.8808746338, 45.4661483765, 15.7023582458, 11.1827411652], [-194.811935425, 105.628952026, -116.416221619, 46.7070159912, -30.6529979706, -53.1627502441, 1.47354376316, 22.6806716919, -29.0411567688, 45.4661483765, 176.826507568, 53.439037323, 21.4461479187], [-34.3436813354, 15.0864953995, -14.8356294632, 9.52785491943, -2.0120215416, -7.01245164871, -0.173320755363, 5.10747241974, -2.43448615074, 15.7023582458, 53.439037323, 60.4807395935, 24.2311153412], [-111.26776123, 51.4396896362, -46.6199035645, 11.1797180176, 6.27062129974, -19.6424293518, -6.02523851395, 22.4241313934, 21.5307273865, 11.1827411652, 21.4461479187, 24.2311153412, 65.4630203247]],
        "icov": [[0.0010450524278, 0.000501823436935, 0.000207354329177, 0.000386083935155, -0.000847428571433, 0.00118741136976, -0.000890871335287, 0.000299203151371, 0.00044983351836, -0.000653500086628, 0.00148285157047, -0.00124581763521, 0.00165569479577], [0.000501823436935, 0.00288922688924, 7.07777726348e-05, -0.0011699097231, -0.00118700310122, 0.00196788739413, -0.00156839832198, 0.00055879849242, -0.00026471313322, 0.000973517540842, -0.000920657766983, 0.000802978465799, -0.000873593788128], [0.000207354329177, 7.07777726348e-05, 0.00284985895269, -0.00104361085687, 0.000370818073861, -0.000921097875107, 0.00131870165933, 0.00142744008917, -0.00122506939806, -4.48800165032e-05, 0.00208087684587, -0.00205063284375, 0.00231302902102], [0.000386083935155, -0.0011699097231, -0.00104361085687, 0.00745310587808, -0.00102332618553, -0.00064269604627, 0.000524295435753, -0.000734274915885, -0.0009807839524, 9.1459696705e-05, -0.00230099749751, 0.000792703591287, 0.000531792640686], [-0.000847428571433, -0.00118700310122, 0.000370818073861, -0.00102332618553, 0.00580356409773, -0.00314349867404, 0.000951279012952, -0.00112951605115, -0.000611632596701, 0.00079192040721, 0.00034845378832, -0.000102051730209, -0.00110397173557], [0.00118741136976, 0.00196788739413, -0.000921097875107, -0.00064269604627, -0.00314349867404, 0.0103354630992, -0.00598087348044, 0.00118827621918, 0.00135437468998, -0.000800259003881, 0.00299002672546, -0.00208782660775, 0.00185500201769], [-0.000890871335287, -0.00156839832198, 0.00131870165933, 0.000524295435753, 0.000951279012952, -0.00598087348044, 0.0120748179033, -0.00702329957858, 0.00344652542844, -0.00230792607181, 0.00103745306842, -0.000628576555755, 0.00135274033528], [0.000299203151371, 0.00055879849242, 0.00142744008917, -0.000734274915885, -0.00112951605115, 0.00118827621918, -0.00702329957858, 0.0212424527854, -0.0104207098484, 0.00603193882853, -0.00500550447032, 0.00247170333751, -0.0031248992309], [0.00044983351836, -0.00026471313322, -0.00122506939806, -0.0009807839524, -0.000611632596701, 0.00135437468998, 0.00344652542844, -0.0104207098484, 0.019169267267, -0.0129535086453, 0.00897949934006, -0.00191386800725, -0.00170587922912], [-0.000653500086628, 0.000973517540842, -4.48800165032e-05, 9.1459696705e-05, 0.00079192040721, -0.000800259003881, -0.00230792607181, 0.00603193882853, -0.0129535086453, 0.024559924379, -0.0111888637766, 0.00244458694942, -0.00169230252504], [0.00148285157047, -0.000920657766983, 0.00208087684587, -0.00230099749751, 0.00034845378832, 0.00299002672546, 0.00103745306842, -0.00500550447032, 0.00897949934006, -0.0111888637766, 0.0190296471119, -0.0129458494484, 0.00530826114118], [-0.00124581763521, 0.000802978465799, -0.00205063284375, 0.000792703591287, -0.000102051730209, -0.00208782660775, -0.000628576555755, 0.00247170333751, -0.00191386800725, 0.00244458694942, -0.0129458494484, 0.0303337257355, -0.0126404436305], [0.00165569479577, -0.000873593788128, 0.00231302902102, 0.000531792640686, -0.00110397173557, 0.00185500201769, 0.00135274033528, -0.0031248992309, -0.00170587922912, -0.00169230252504, 0.00530826114118, -0.0126404436305, 0.0259801261127]]
    },
    "melbands": {
        "max": [0.00534140039235, 0.0120679112151, 0.0151252029464, 0.00549294939265, 0.00263253389858, 0.0047131665051, 0.00240542390384, 0.002862931462, 0.00478178402409, 0.00677966838703, 0.00259770033881, 0.0024728460703, 0.00359056750312, 0.00374753051437, 0.00370994815603, 0.00165368325543, 0.000842758396175, 0.00214408454485, 0.0102329701185, 0.00697875488549, 0.00730404444039, 0.00117093406152, 0.000236911582761, 0.00059239345137, 0.000772618222982, 0.000249982258538, 0.000235977058765, 0.000359193945769, 0.000181078808964, 3.0238283216e-05, 9.38614903134e-05, 3.1965868402e-05, 2.99122639262e-05, 5.17569787917e-05, 3.33475945808e-05, 2.59551034105e-05, 2.36048053921e-05, 1.37885735967e-05, 2.65138351097e-05, 2.84995785478e-05],
        "mean": [0.000698938674759, 0.00125466426834, 0.00104273937177, 0.000297495280392, 0.000144908030052, 0.000141102194902, 7.03120822436e-05, 7.98029577709e-05, 7.0186870289e-05, 0.000126001687022, 7.70464976085e-05, 7.54293578211e-05, 0.000106413928734, 7.93442086433e-05, 7.1142159868e-05, 5.95783312747e-05, 3.92911570088e-05, 4.05891405535e-05, 7.78799512773e-05, 7.11185639375e-05, 4.61255513073e-05, 1.96723794943e-05, 1.80690949492e-05, 2.94148521789e-05, 2.32729180425e-05, 1.50746272993e-05, 1.36440839924e-05, 1.45434269143e-05, 6.80300672684e-06, 4.44511533715e-06, 5.32730155101e-06, 4.27730356023e-06, 4.34701587437e-06, 4.53787470178e-06, 3.78783306587e-06, 3.36104221788e-06, 2.51965775533e-06, 2.33460150412e-06, 2.28360977417e-06, 2.06721551876e-06],
        "min": [1.33990351969e-06, 2.21140430767e-06, 2.32926322496e-06, 1.53139399117e-06, 8.52463472256e-07, 4.90101854211e-07, 3.04785118033e-07, 6.1554402464e-07, 4.10054411759e-07, 6.91644743256e-07, 4.54582021803e-07, 3.97935849605e-07, 3.6256636804e-07, 3.00971919387e-07, 6.06165997397e-07, 7.23319772078e-07, 3.81910894021e-07, 6.13537963545e-07, 4.64937272682e-07, 3.82321502457e-07, 3.44920692896e-07, 1.2655050341e-07, 2.45734213422e-07, 3.20760818795e-07, 3.59275901474e-07, 1.71825845996e-07, 1.96225045102e-07, 1.46833855297e-07, 1.85295789379e-07, 5.96926597041e-08, 2.38113972983e-08, 3.41068684406e-08, 3.55581377676e-08, 4.82512483302e-08, 4.45023680129e-08, 2.39865798335e-08, 1.98285423636e-08, 2.58119055019e-08, 2.48454163909e-08, 1.70082792295e-08],
        "stdev": [0.000860048632603, 0.00186450104229, 0.001621496398, 0.000562584784348, 0.000216008091229, 0.000279853469692, 0.000138198491186, 0.000176715941052, 0.000169879669556, 0.000406617473345, 0.000200381531613, 0.000176233676029, 0.000291305885185, 0.000242670968873, 0.000184667107533, 0.000120549499115, 5.82260872761e-05, 0.000104197344626, 0.000360085949069, 0.000229117373237, 0.000248712487519, 4.39725263277e-05, 2.3128808607e-05, 6.4540116e-05, 4.78951151308e-05, 2.50614721153e-05, 2.24553259613e-05, 3.09859824483e-05, 9.5478953881e-06, 4.05235232392e-06, 6.7744581429e-06, 4.61517765871e-06, 4.32389197158e-06, 5.34829132448e-06, 3.77706624022e-06, 3.31870046466e-06, 2.47300749834e-06, 2.08323513107e-06, 2.25518647312e-06, 2.39475411945e-06]
    },
    "melbands128": {
        "max": [0.000225683907047, 0.00283230072819, 0.00986094214022, 0.0158512759954, 0.0178024303168, 0.0146549902856, 0.0138291884214, 0.0224465411156, 0.0128215299919, 0.00564636196941, 0.00370268593542, 0.00198251148686, 0.00292929983698, 0.0077228108421, 0.00725802779198, 0.00597632210702, 0.00475168693811, 0.00399097194895, 0.00405185297132, 0.00581147382036, 0.00225487654097, 0.00661214673892, 0.00666045118123, 0.00591471698135, 0.0116083519533, 0.0123733561486, 0.00711796805263, 0.00351425376721, 0.00451769074425, 0.00437825731933, 0.00427660346031, 0.00448698271066, 0.00714908353984, 0.0070734671317, 0.0103688025847, 0.00483759166673, 0.0103349899873, 0.00413877889514, 0.00600072741508, 0.0036402286496, 0.00310195609927, 0.00120348879136, 0.000913911615498, 0.000992254819721, 0.00617816625163, 0.0019494027365, 0.00750581221655, 0.0119552006945, 0.0168305356055, 0.0150119112805, 0.00770292850211, 0.00683852937073, 0.013027055189, 0.00766817852855, 0.00229251058772, 0.00228958483785, 0.000313796976116, 0.000373582355678, 0.000374780793209, 0.00124436803162, 0.00121679739095, 0.00133212760556, 0.00215798686258, 0.000587509770412, 0.000494235660881, 0.00026608328335, 0.000491948623676, 0.000288499693852, 0.000275845261058, 0.000407717685448, 0.000547202536836, 0.000897308171261, 0.00027641755878, 7.42512056604e-05, 5.32576414116e-05, 3.69523004338e-05, 5.7500154071e-05, 0.000101746300061, 0.00018016595277, 9.05295746634e-05, 5.3682942962e-05, 3.71194691979e-05, 5.11458674737e-05, 5.15942847414e-05, 5.34240207344e-05, 3.60772246495e-05, 0.000124198806589, 3.18898783007e-05, 3.87916952604e-05, 4.40216645075e-05, 4.02183541155e-05, 3.14938624797e-05, 2.16160970012e-05, 3.17801604979e-05, 3.5750974348e-05, 1.778022488e-05, 1.88279955182e-05, 2.27132732107e-05, 4.16563561885e-05, 2.77834660665e-05, 3.0099072319e-05, 3.76268617401e-05, 3.17770281981e-05, 1.85534991033e-05, 1.63182958204e-05, 1.40265501614e-05, 8.977141988e-06, 9.33154933591e-06, 8.60464297148e-06, 6.0116003624e-06, 4.71519206258e-06, 6.57167311147e-06, 3.15138436235e-06, 2.95486688628e-06, 1.62516880664e-06, 1.50352605033e-06, 1.3964174741e-06, 1.49337165567e-06, 1.30832643208e-06, 1.15430827918e-06, 1.10651672003e-06, 5.68719713101e-07, 3.03440714333e-07, 1.74967187405e-08, 1.20056302677e-08, 1.19945733346e-08, 1.19365184403e-08, 1.18858833886e-08],
        "mean": [2.28492353926e-05, 0.000308101181872, 0.00100374897011, 0.00140735297464, 0.00137855310459, 0.00100131239742, 0.00112459075172, 0.00132229283918, 0.00057647714857, 0.000187313780771, 0.000144231933518, 0.000105789353256, 0.000131210748805, 0.000219099776587, 0.000152954744408, 0.000102672769572, 6.29790883977e-05, 4.63950236735e-05, 9.473721002e-05, 0.000122127428767, 4.47314050689e-05, 4.19126336055e-05, 5.03170085722e-05, 0.000125251797726, 0.000150077277794, 0.000126792743686, 8.92374227988e-05, 6.95799972164e-05, 6.66819687467e-05, 6.10276729276e-05, 6.97828363627e-05, 0.000120091979625, 0.000115216862469, 9.14517731871e-05, 9.46411018958e-05, 6.99620431988e-05, 6.69575674692e-05, 6.43748426228e-05, 8.72431846801e-05, 6.03266962571e-05, 4.88778277941e-05, 6.66378473397e-05, 3.3066222386e-05, 3.00478113786e-05, 3.70980633306e-05, 3.66905333067e-05, 5.41376975889e-05, 6.11872383161e-05, 9.30570895434e-05, 0.000117033880088, 5.1916395023e-05, 4.77915054944e-05, 6.07301335549e-05, 4.10458669649e-05, 2.30049754464e-05, 1.76662488229e-05, 1.41427744893e-05, 2.18890672841e-05, 1.40764150274e-05, 2.25106305152e-05, 3.50285845343e-05, 3.13107484544e-05, 2.29298275372e-05, 2.33901209867e-05, 1.94762124011e-05, 1.48124590851e-05, 1.23463314594e-05, 1.13944524855e-05, 1.3405709069e-05, 1.75837922143e-05, 1.66355239344e-05, 1.24106045405e-05, 8.59855299495e-06, 5.59057343708e-06, 4.98936333315e-06, 3.65035293726e-06, 4.9520790526e-06, 4.7237367653e-06, 5.29340741195e-06, 6.28032194072e-06, 4.24143854616e-06, 3.15578017762e-06, 4.70483928439e-06, 4.61278295916e-06, 4.12557074014e-06, 3.76969978788e-06, 6.08736900176e-06, 3.32542413162e-06, 3.50190839526e-06, 3.94251628677e-06, 4.10391749028e-06, 2.90104276246e-06, 2.66560346063e-06, 2.43155250246e-06, 2.61515424427e-06, 2.26214842769e-06, 2.11828773899e-06, 2.65840230895e-06, 2.32994079852e-06, 2.12177155845e-06, 2.03449826586e-06, 2.19305593419e-06, 1.98951534003e-06, 1.4427860151e-06, 1.43565773669e-06, 1.30215369154e-06, 1.25714541355e-06, 1.0311649703e-06, 9.17032537018e-07, 6.46539547233e-07, 5.52011897526e-07, 4.75200579331e-07, 3.32241683054e-07, 2.48913778478e-07, 1.97129750745e-07, 1.60660334814e-07, 1.27072922851e-07, 1.26454750671e-07, 1.19698498224e-07, 9.45161247046e-08, 6.85553160906e-08, 4.30009805541e-08, 1.88132318613e-08, 4.54968868135e-10, 8.80847478291e-12, 8.48924749941e-12, 8.29344405651e-12, 8.22868422706e-12],
        "min": [2.10099559972e-09, 1.32656140295e-07, 1.46129173118e-06, 1.12195004931e-06, 1.49537072502e-06, 8.0914787759e-07, 5.01913177686e-07, 1.40922475111e-06, 7.64632545724e-07, 3.90069146761e-07, 1.4305871332e-07, 3.47385977761e-08, 3.93474920202e-07, 2.52380601751e-07, 9.29657417714e-08, 5.03535915186e-08, 9.71537374994e-08, 7.64914247497e-08, 1.76582489075e-07, 1.56978984478e-07, 1.36958945518e-07, 1.1627945895e-07, 8.98215688494e-08, 2.66442668817e-07, 2.15106396695e-07, 2.32906884889e-07, 1.20990193864e-07, 2.0828250058e-07, 7.01583502405e-08, 1.31328192765e-07, 1.66333322227e-07, 1.20130337677e-07, 2.91492881388e-07, 6.07894321547e-08, 1.9839426102e-07, 9.87646302519e-08, 1.56060721679e-07, 1.84029190109e-07, 3.47660915168e-07, 1.35871033535e-07, 2.2012167733e-07, 1.45966467358e-07, 1.05493455749e-07, 2.65647827291e-07, 2.482351249e-07, 1.46787215272e-07, 2.43724201709e-07, 1.96683316744e-07, 8.01530504191e-08, 1.50566478396e-07, 2.27846783218e-07, 1.76785476924e-07, 2.76702508017e-07, 7.3335051809e-08, 1.00361397415e-07, 5.95444760165e-08, 6.13032327124e-08, 1.12121156803e-07, 8.36496596435e-08, 1.19375769714e-07, 2.06425525562e-07, 1.95435390538e-07, 1.5143743326e-07, 1.24142886193e-07, 1.8739555685e-07, 8.89954350214e-08, 1.36214566737e-07, 9.40197679711e-08, 1.38510856118e-07, 1.43415405773e-07, 1.18153963058e-07, 9.77212621933e-08, 6.62810961671e-08, 4.31972821957e-08, 4.99968919598e-08, 2.99127194126e-08, 4.58186661945e-08, 8.04861244319e-09, 9.63491597616e-09, 4.00946653656e-08, 2.37276083226e-08, 1.67619482738e-08, 2.23826628343e-08, 3.78924944755e-08, 3.25959845782e-08, 3.5768078277e-08, 1.98940384166e-08, 3.29133413857e-08, 2.00866896449e-08, 3.24489306536e-08, 1.24788552824e-08, 1.74981060752e-08, 1.70765659391e-08, 1.30149135913e-08, 1.88366229281e-08, 1.62279043536e-08, 1.27271357897e-08, 1.89623108326e-08, 1.68757399166e-08, 1.03899111537e-08, 1.14597789036e-08, 1.68258065258e-08, 1.30895143613e-08, 1.00039896367e-08, 6.09090511361e-09, 5.59630741748e-09, 2.38611352898e-09, 2.34383890074e-09, 3.18406145894e-09, 1.99458938255e-09, 1.2701774077e-09, 1.59127744315e-09, 7.06467384592e-10, 5.1845439053e-10, 6.62570665e-10, 3.72188529996e-10, 2.02196009935e-10, 6.24236122862e-12, 4.89913929466e-14, 5.04305900154e-14, 3.80145811748e-14, 3.91463256125e-14, 3.36523784371e-14, 3.14920886677e-14, 2.6430992269e-14, 8.45045130334e-15, 1.19337413147e-15, 6.07913230139e-17],
        "stdev": [3.86792526115e-05, 0.000469645048724, 0.00133666361216, 0.00219633569941, 0.00264678243548, 0.00174777838401, 0.00173380540218, 0.00232933391817, 0.00127618189435, 0.000489513739012, 0.000249172677286, 0.000161301359185, 0.000280685810139, 0.000510570127517, 0.000363347760867, 0.000337255303748, 0.000207770368434, 0.00012982696353, 0.000245465460466, 0.000311242620228, 0.000128242638311, 0.000190922321053, 0.000202896539122, 0.000296662765322, 0.000462259369669, 0.000722996541299, 0.000357824872481, 0.000198692767299, 0.000214852494537, 0.000196085980861, 0.00022645588615, 0.00037435584818, 0.000407063431339, 0.000432161497883, 0.000466319324914, 0.000237600877881, 0.000336004362907, 0.000220875168452, 0.000275539176073, 0.000212045546505, 0.0001390282996, 0.000136289178045, 5.9370227973e-05, 6.29700298305e-05, 0.000168909711647, 9.9163640698e-05, 0.000234163220739, 0.00044546026038, 0.000590984360315, 0.000444260920631, 0.000236568856053, 0.000243785892962, 0.000428478699178, 0.000294196448522, 8.0780373537e-05, 5.74903060624e-05, 2.14611100091e-05, 3.3472369978e-05, 2.75807760772e-05, 6.07762194704e-05, 8.91416275408e-05, 9.28350491449e-05, 7.11433312972e-05, 5.21907604707e-05, 3.95286551793e-05, 2.80684289464e-05, 2.53204070759e-05, 2.08451874641e-05, 2.59845583059e-05, 3.42952043866e-05, 4.15819013142e-05, 3.68956025341e-05, 1.7019941879e-05, 6.91023524269e-06, 6.06139519732e-06, 3.94642665924e-06, 6.29923579254e-06, 6.89924809194e-06, 9.07305911824e-06, 8.94922413863e-06, 5.46931278222e-06, 3.88972330256e-06, 5.27395286554e-06, 5.14432986165e-06, 5.1849024203e-06, 4.07201423513e-06, 1.10558212327e-05, 3.37333995049e-06, 3.84622580896e-06, 4.57764190287e-06, 4.8079186854e-06, 3.05430148728e-06, 2.58701834355e-06, 2.85816395262e-06, 3.01945374304e-06, 2.25620146921e-06, 2.26964721151e-06, 2.52498443842e-06, 2.66290999207e-06, 2.33024252339e-06, 2.33880064116e-06, 2.86230874735e-06, 2.57525243796e-06, 1.7845692355e-06, 1.69899806224e-06, 1.51348888267e-06, 1.33259334234e-06, 1.16650187465e-06, 9.66849256656e-07, 7.25524841982e-07, 6.34712307601e-07, 5.9826800225e-07, 3.96744212594e-07, 2.90418626037e-07, 2.37026384298e-07, 2.02187408149e-07, 1.68251034438e-07, 1.93505968582e-07, 1.82653593583e-07, 1.40457430575e-07, 1.04627211783e-07, 6.86251127036e-08, 3.45905668553e-08, 1.41277067822e-09, 2.61937888046e-10, 2.61612981278e-10, 2.60336141533e-10, 2.59231580646e-10]
    },
    "mfcc": {
        "mean": [-618.513000488, 79.7962417603, 3.16314148903, 17.3373508453, 15.1237697601, 11.242105484, 5.63544988632, 6.51143884659, 2.14811348915, 4.70583677292, -1.35663080215, -3.53310775757, 0.210429340601],
        "cov": [[1727.05822754, -149.849533081, -325.04675293, -102.041435242, -112.311607361, 63.0337638855, 65.7634124756, 48.5185317993, 42.4978408813, -9.11939334869, 20.1755485535, -50.9535865784, -47.8871498108], [-149.849533081, 403.076141357, -88.7981185913, 105.435264587, 43.0884666443, -41.6433029175, 32.3882522583, 10.5699386597, -6.34935665131, 2.32933497429, -8.93799686432, -10.9821977615, 42.0034217834], [-325.04675293, -88.7981185913, 562.785949707, 13.2534456253, 49.9504127502, 59.686870575, -138.328735352, -41.9527168274, 9.50842475891, -19.4504489899, -13.3850326538, 14.8797101974, -47.2740859985], [-102.041435242, 105.435264587, 13.2534456253, 187.423019409, 54.9275360107, -40.1281471252, -16.1242141724, -11.5897083282, -26.8888206482, 11.8211040497, -3.15240192413, 9.63595104218, 52.9940452576], [-112.311607361, 43.0884666443, 49.9504127502, 54.9275360107, 205.789215088, 51.4086875916, -27.4581832886, 11.4324169159, 30.9578590393, 14.6284790039, -15.7047262192, -8.19206809998, 16.8333377838], [63.0337638855, -41.6433029175, 59.686870575, -40.1281471252, 51.4086875916, 185.611114502, 56.9770355225, 43.9698219299, 65.8422851562, 0.596611976624, 19.7343597412, -1.18270325661, -41.4455757141], [65.7634124756, 32.3882522583, -138.328735352, -16.1242141724, -27.4581832886, 56.9770355225, 207.546417236, 76.3927078247, -19.7134399414, -12.3155622482, 26.5574531555, -2.44988274574, 3.28705859184], [48.5185317993, 10.5699386597, -41.9527168274, -11.5897083282, 11.4324169159, 43.9698219299, 76.3927078247, 112.297782898, 48.9463615417, 16.6662101746, 17.7678222656, -24.8976840973, -7.27766656876], [42.4978408813, -6.34935665131, 9.50842475891, -26.8888206482, 30.9578590393, 65.8422851562, -19.7134399414, 48.9463615417, 155.268676758, 53.5405426025, -1.20660698414, -15.2486276627, -33.6704978943], [-9.11939334869, 2.32933497429, -19.4504489899, 11.8211040497, 14.6284790039, 0.596611976624, -12.3155622482, 16.6662101746, 53.5405426025, 84.0603103638, 20.1549758911, -10.1657390594, 4.35238599777], [20.1755485535, -8.93799686432, -13.3850326538, -3.15240192413, -15.7047262192, 19.7343597412, 26.5574531555, 17.7678222656, -1.20660698414, 20.1549758911, 69.0399627686, 19.8922653198, 3.40586233139], [-50.9535865784, -10.9821977615, 14.8797101974, 9.63595104218, -8.19206809998, -1.18270325661, -2.44988274574, -24.8976840973, -15.2486276627, -10.1657390594, 19.8922653198, 75.1382293701, 28.7924747467], [-47.8871498108, 42.0034217834, -47.2740859985, 52.9940452576, 16.8333377838, -41.4455757141, 3.28705859184, -7.27766656876, -33.6704978943, 4.35238599777, 3.40586233139, 28.7924747467, 88.5312805176]],
        "icov": [[0.000776883389335, 0.000320346618537, 0.000615599157754, -0.000105485771201, 0.000413837726228, -0.000545399903785, 0.00039831106551, -9.83518766589e-05, -0.000105794904812, 0.000430899526691, -0.000240106062847, 0.000555653299671, 7.03127807355e-05], [0.000320346618537, 0.00337290158495, 0.000539866625331, -0.00170641427394, -0.000351412279997, 0.000653969938867, -0.000773442676291, 0.000481050956296, -0.0011274847202, 0.00112926145084, -0.000378987373551, 0.00115204323083, -0.00052044756012], [0.000615599157754, 0.000539866625331, 0.0032306862995, -0.000854264711961, 0.000263760826783, -0.00207288260572, 0.00285825808533, -0.00102613784838, 0.00114173360635, 0.000540245207958, 0.000277866114629, -0.000717212271411, 0.00173251878005], [-0.000105485771201, -0.00170641427394, -0.000854264711961, 0.00823192857206, -0.00178852607496, 0.00111307343468, -0.000151375352289, 9.95065420284e-05, 0.00112389319111, -0.001626459416, 1.61004427355e-05, -0.000123332909425, -0.00320933014154], [0.000413837726228, -0.000351412279997, 0.000263760826783, -0.00178852607496, 0.00726887956262, -0.00388119020499, 0.00220568291843, -0.00124209525529, 0.000378976721549, -0.000826141389553, 0.00210376060568, 0.000969920889474, -0.00199268152937], [-0.000545399903785, 0.000653969938867, -0.00207288260572, 0.00111307343468, -0.00388119020499, 0.0118860527873, -0.00552876153961, 0.00160709547345, -0.00559150055051, 0.00298711634241, -0.00359877198935, -0.000551738659851, 0.00230577914044], [0.00039831106551, -0.000773442676291, 0.00285825808533, -0.000151375352289, 0.00220568291843, -0.00552876153961, 0.0119293639436, -0.00816351734102, 0.00578031502664, -0.000347999914084, 0.00064234691672, -0.00194101210218, 0.000899667211343], [-9.83518766589e-05, 0.000481050956296, -0.00102613784838, 9.95065420284e-05, -0.00124209525529, 0.00160709547345, -0.00816351734102, 0.0192252676934, -0.00844304636121, 0.00278666173108, -0.00566833466291, 0.00775887677446, -0.00367029383779], [-0.000105794904812, -0.0011274847202, 0.00114173360635, 0.00112389319111, 0.000378976721549, -0.00559150055051, 0.00578031502664, -0.00844304636121, 0.0163547061384, -0.010109831579, 0.00617431150749, -0.0048081711866, 0.00485954526812], [0.000430899526691, 0.00112926145084, 0.000540245207958, -0.001626459416, -0.000826141389553, 0.00298711634241, -0.000347999914084, 0.00278666173108, -0.010109831579, 0.0214996859431, -0.009655947797, 0.00630689132959, -0.00382480002008], [-0.000240106062847, -0.000378987373551, 0.000277866114629, 1.61004427355e-05, 0.00210376060568, -0.00359877198935, 0.00064234691672, -0.00566833466291, 0.00617431150749, -0.009655947797, 0.0226663183421, -0.00896451622248, 0.00248052482493], [0.000555653299671, 0.00115204323083, -0.000717212271411, -0.000123332909425, 0.000969920889474, -0.000551738659851, -0.00194101210218, 0.00775887677446, -0.0048081711866, 0.00630689132959, -0.00896451622248, 0.0224647764117, -0.00938793923706], [7.03127807355e-05, -0.00052044756012, 0.00173251878005, -0.00320933014154, -0.00199268152937, 0.00230577914044, 0.000899667211343, -0.00367029383779, 0.00485954526812, -0.00382480002008, 0.00248052482493, -0.00938793923706, 0.0205438081175]]
    },
    "spectral_contrast_coeffs": {
        "max": [-0.487503796816, -0.518398702145, -0.503946065903, -0.450207233429, -0.599308431149, -0.654145002365],
        "mean": [-0.716188311577, -0.778807461262, -0.79544532299, -0.794706940651, -0.794909238815, -0.794058740139],
        "min": [-0.984287798405, -0.927975296974, -0.909818053246, -0.898636221886, -0.876773953438, -0.89345574379],
        "stdev": [0.0750572234392, 0.0654212161899, 0.0662864819169, 0.0548415072262, 0.0438051819801, 0.0292097460479]
    },
    "spectral_contrast_valleys": {
        "max": [-5.39826536179, -5.34701967239, -5.55521678925, -5.67883682251, -5.68391609192, -8.04291629791],
        "mean": [-6.87452173233, -7.06215763092, -7.26290512085, -7.2105345726, -7.16106939316, -9.22971534729],
        "min": [-8.50230693817, -8.64169025421, -8.89526844025, -8.73299884796, -8.55066299438, -11.3931894302],
        "stdev": [0.486491620541, 0.481334805489, 0.556291282177, 0.49601483345, 0.470814198256, 0.562768280506]
    }
},
"rhythm": {
    "beats_count": 116,
    "beats_loudness": {
        "max": 0.0984858796,
        "mean": 0.0352031625807,
        "min": 0.00293114897795,
        "stdev": 0.0133777689189
    },
    "bpm": 143.994186401,
    "bpm_histogram_first_peak_bpm": 144,
    "bpm_histogram_first_peak_weight": 0.141592979431,
    "bpm_histogram_second_peak_bpm": 129,
    "bpm_histogram_second_peak_spread": 0,
    "bpm_histogram_second_peak_weight": 0.00869565177709,
    "danceability": 1.32680749893,
    "onset_rate": 4.3271484375,
    "beats_loudness_band_ratio": {
        "max": [0.930475234985, 0.451480031013, 0.509857833385, 0.675384640694, 0.89093118906, 0.338254362345],
        "mean": [0.624801874161, 0.0442642867565, 0.0521731674671, 0.124366812408, 0.0938611328602, 0.0767543464899],
        "min": [0.00721377693117, 0.00430125929415, 0.00444556307048, 0.00355296954513, 0.00522788614035, 0.00844084657729],
        "stdev": [0.229524537921, 0.0672160759568, 0.068260781467, 0.14564293623, 0.132321447134, 0.0574965886772]
    },
