{
"metadata": {
    "version": {
        "essentia": "2.1-beta5",
        "essentia_git_sha": "Undefined",
        "extractor": "music 2.0"
    },
    "audio_properties": {
        "analysis": {
            "equal_loudness": 0,
            "length": 12.7477550507,
            "sample_rate": 44100,
            "start_time": 0,
            "downmix": "mix"
        },
        "bit_rate": 192000,
        "length": 184.970169067,
        "lossless": 0,
        "number_channels": 2,
        "replay_gain": -5.58882141113,
        "sample_rate": 48000,
        "codec": "mp3",
        "md5_encoded": "f77b8c97630e551b14eeef6075b4a13e"
    },
    "tags": {
        "file_name": "Czech Republic_Malá Dáma_Kabát.mp3",
        "encoding": ["Lavf58.29.100"]
    }
},
"lowlevel": {
    "average_loudness": 0.933276593685,
    "barkbands_crest": {
        "max": 20.1397171021,
        "mean": 8.62119007111,
        "min": 2.58898043633,
        "stdev": 3.30518817902
    },
    "barkbands_flatness_db": {
        "max": 0.204881772399,
        "mean": 0.0963573083282,
        "min": 0.0222830176353,
        "stdev": 0.0342679470778
    },
    "barkbands_kurtosis": {
        "max": 17.6358280182,
        "mean": 1.64779102802,
        "min": -1.43154513836,
        "stdev": 2.32742452621
    },
    "barkbands_skewness": {
        "max": 4.0489025116,
        "mean": 1.33729767799,
        "min": -0.834613442421,
        "stdev": 0.707546055317
    },
    "barkbands_spread": {
        "max": 63.9112014771,
        "mean": 28.4203128815,
        "min": 5.63882493973,
        "stdev": 13.2321834564
    },
    "dissonance": {
        "max": 0.499805986881,
        "mean": 0.477965354919,
        "min": 0.390818536282,
        "stdev": 0.0145391728729
    },
    "dynamic_complexity": 4.57917070389,
    "erbbands_crest": {
        "max": 20.7842407227,
        "mean": 7.35901165009,
        "min": 2.63839673996,
        "stdev": 3.39763975143
    },
    "erbbands_flatness_db": {
        "max": 0.29676887393,
        "mean": 0.129212707281,
        "min": 0.0470465831459,
        "stdev": 0.054040953517
    },
    "erbbands_kurtosis": {
        "max": 7.79065227509,
        "mean": -0.349968731403,
        "min": -1.43242371082,
        "stdev": 0.968954563141
    },
    "erbbands_skewness": {
        "max": 1.93609750271,
        "mean": 0.0897641927004,
        "min": -1.19091057777,
        "stdev": 0.523888230324
    },
    "erbbands_spread": {
        "max": 96.6984710693,
        "mean": 43.9472923279,
        "min": 7.61967039108,
        "stdev": 18.6837482452
    },
    "hfc": {
        "max": 104.688934326,
        "mean": 28.8328380585,
        "min": 6.09605467616e-06,
        "stdev": 23.9272212982
    },
    "loudness_ebu128": {
        "integrated": -16.1630954742,
        "loudness_range": 8.00898361206,
        "momentary": {
            "max": -14.4384717941,
            "mean": -19.1304912567,
            "min": -45.8785095215,
            "stdev": 6.60882234573
        },
        "short_term": {
            "max": -14.9378213882,
            "mean": -17.3470439911,
            "min": -27.144739151,
            "stdev": 3.31555604935
        }
    },
    "melbands_crest": {
        "max": 25.5555744171,
        "mean": 13.1751213074,
        "min": 3.15975046158,
        "stdev": 4.75829172134
    },
    "melbands_flatness_db": {
        "max": 0.304113477468,
        "mean": 0.164893761277,
        "min": 0.0642499253154,
        "stdev": 0.0387416817248
    },
    "melbands_kurtosis": {
        "max": 60.4100227356,
        "mean": 9.83169364929,
        "min": -1.06510698795,
        "stdev": 8.4339761734
    },
    "melbands_skewness": {
        "max": 6.65823459625,
        "mean": 2.55295586586,
        "min": -0.863888084888,
        "stdev": 1.25180792809
    },
    "melbands_spread": {
        "max": 67.50756073,
        "mean": 24.0518188477,
        "min": 5.93891191483,
        "stdev": 9.80250167847
    },
    "pitch_salience": {
        "max": 0.932374536991,
        "mean": 0.599193692207,
        "min": 0.322063416243,
        "stdev": 0.108466893435
    },
    "silence_rate_20dB": {
        "max": 1,
        "mean": 1,
        "min": 1,
        "stdev": 0
    },
    "silence_rate_30dB": {
        "max": 1,
        "mean": 1,
        "min": 1,
        "stdev": 0
    },
    "silence_rate_60dB": {
        "max": 1,
        "mean": 0.180000007153,
        "min": 0,
        "stdev": 0.384189724922
    },
    "spectral_centroid": {
        "max": 2816.40380859,
        "mean": 1601.83300781,
        "min": 611.904296875,
        "stdev": 396.729370117
    },
    "spectral_complexity": {
        "max": 53,
        "mean": 23.3672733307,
        "min": 0,
        "stdev": 12.9211359024
    },
    "spectral_decrease": {
        "max": -3.153564649e-15,
        "mean": -7.69266073064e-09,
        "min": -2.92789508194e-08,
        "stdev": 5.96640870043e-09
    },
    "spectral_energy": {
        "max": 0.114938482642,
        "mean": 0.0316491276026,
        "min": 1.24552119729e-08,
        "stdev": 0.0241026394069
    },
    "spectral_energyband_high": {
        "max": 0.0085930461064,
        "mean": 0.00150686700363,
        "min": 1.91802143612e-10,
        "stdev": 0.0018098334549
    },
    "spectral_energyband_low": {
        "max": 0.0902430340648,
        "mean": 0.0134832477197,
        "min": 7.05032610071e-09,
        "stdev": 0.0140510266647
    },
    "spectral_energyband_middle_high": {
        "max": 0.0157756656408,
        "mean": 0.00512875197455,
        "min": 7.91876120232e-10,
        "stdev": 0.00339546939358
    },
    "spectral_energyband_middle_low": {
        "max": 0.0933841243386,
        "mean": 0.0133272102103,
        "min": 4.51243176158e-09,
        "stdev": 0.0135880140588
    },
    "spectral_entropy": {
        "max": 8.41708183289,
        "mean": 7.81799650192,
        "min": 7.12068462372,
        "stdev": 0.258573561907
    },
    "spectral_flux": {
        "max": 0.261894464493,
        "mean": 0.0820434987545,
        "min": 0.000111602923425,
        "stdev": 0.0528589934111
    },
    "spectral_kurtosis": {
        "max": 11.9729089737,
        "mean": 4.49755907059,
        "min": 0.987011671066,
        "stdev": 2.20864987373
    },
    "spectral_rms": {
        "max": 0.0105893863365,
        "mean": 0.00492819678038,
        "min": 3.48588969246e-06,
        "stdev": 0.00256711384282
    },
    "spectral_rolloff": {
        "max": 6352.29492188,
        "mean": 1694.70227051,
        "min": 236.865234375,
        "stdev": 1000.78094482
    },
    "spectral_skewness": {
        "max": 2.60263514519,
        "mean": 1.58254337311,
        "min": 0.914639353752,
        "stdev": 0.298342496157
    },
    "spectral_spread": {
        "max": 13088286,
        "mean": 5062469,
        "min": 2438269.5,
        "stdev": 1731217
    },
    "spectral_strongpeak": {
        "max": 3.76205420494,
        "mean": 0.475369691849,
        "min": 7.82448551035e-05,
        "stdev": 0.400019437075
    },
    "zerocrossingrate": {
        "max": 0.181640625,
        "mean": 0.0756267756224,
        "min": 0.0234375,
        "stdev": 0.0287901796401
    },
    "barkbands": {
        "max": [0.00253544305451, 0.0721545293927, 0.0707256793976, 0.0481540188193, 0.0615100748837, 0.0212870016694, 0.0172719303519, 0.0135460142046, 0.00449443748221, 0.00470464257523, 0.0025204049889, 0.00649188132957, 0.00196194346063, 0.00181693467312, 0.00218220241368, 0.00237935665064, 0.00287127890624, 0.00640767859295, 0.00592107279226, 0.00145551050082, 0.00179396534804, 0.00173677282874, 0.00166370905936, 0.00167535338551, 0.00171359605156, 0.00182021909859, 0.000533048820216],
        "mean": [0.000235426530708, 0.00551545619965, 0.00609069969505, 0.00383736006916, 0.00367380399257, 0.00170919694938, 0.00178136641625, 0.00146317551844, 0.000581874570344, 0.000722861848772, 0.000338675454259, 0.000626424502116, 0.000331668794388, 0.000239415734541, 0.000280594307696, 0.000410943262978, 0.000421782198828, 0.00101440341678, 0.000731327163521, 0.000265405658865, 0.000214487590711, 0.000202777504455, 0.000204121563002, 0.000217674300075, 0.000251901248703, 0.000230837409617, 5.54631078558e-05],
        "min": [1.4422678607e-09, 4.39753167214e-09, 1.15307119408e-09, 6.16884432425e-10, 1.46857692673e-10, 1.54602081137e-10, 3.41947692384e-10, 2.42746267531e-09, 6.69969746347e-10, 1.8572211824e-10, 6.25981488867e-11, 1.30888480609e-10, 1.12905684801e-10, 1.39384212505e-10, 2.84518936189e-11, 5.29723209741e-11, 9.08578073888e-11, 4.54157926544e-11, 3.3008994843e-11, 4.50610382341e-11, 1.46130833129e-11, 1.95927128688e-11, 2.76484026646e-11, 1.28409201675e-11, 3.31919873531e-11, 3.09736125637e-11, 3.83507219037e-11],
        "stdev": [0.000484850548673, 0.00781020056456, 0.00844031851739, 0.00567039381713, 0.00609855167568, 0.00234863464721, 0.0021931680385, 0.00187886063941, 0.000526788877323, 0.000718684168532, 0.000341529201251, 0.00076471013017, 0.000312164134812, 0.000242894646362, 0.000264564587269, 0.000412110501202, 0.000400682649342, 0.00103719474282, 0.000756156048737, 0.000263854366494, 0.000276857492281, 0.000284847948933, 0.000310533039737, 0.000303982087644, 0.000340356840752, 0.000339067861205, 8.90555165824e-05]
    },
    "erbbands": {
        "max": [1.74973428249, 17.0320701599, 69.2327041626, 88.0624923706, 237.273254395, 135.835281372, 143.148513794, 145.782440186, 169.834487915, 398.891845703, 346.123779297, 121.828384399, 137.485702515, 60.4172935486, 71.5187149048, 332.614471436, 105.453857422, 74.4487380981, 81.7646636963, 103.330307007, 145.787399292, 183.011856079, 388.932739258, 215.083175659, 182.521148682, 65.2799758911, 54.5518989563, 91.5025787354, 61.2846870422, 55.9332122803, 50.3045692444, 37.1588439941, 26.3798122406, 22.5899715424, 12.3665866852, 8.2464132309, 2.98679494858, 0.845998823643, 0.0886252000928, 0.00231518829241],
        "mean": [0.127267256379, 1.40692913532, 6.5680603981, 9.67796230316, 13.0278253555, 11.1145896912, 12.7663698196, 14.7978401184, 15.9048700333, 40.5806159973, 31.6269989014, 15.9098510742, 23.7692298889, 14.3188238144, 13.2253246307, 30.2378807068, 17.7376670837, 12.9834222794, 13.1039638519, 17.5405979156, 22.9571247101, 31.2440872192, 61.7547798157, 31.2349433899, 29.2804260254, 13.0964660645, 9.26048946381, 8.48696708679, 7.15098762512, 6.68608999252, 5.7543053627, 4.42321634293, 3.72819828987, 2.81837010384, 1.80962562561, 1.05366873741, 0.408723503351, 0.0959424972534, 0.00944076199085, 0.000237605738221],
        "min": [2.18656097672e-07, 6.5390332793e-07, 9.22423907923e-07, 2.46371291723e-06, 5.9676148112e-07, 6.5402520022e-07, 1.08763765638e-06, 1.36154335451e-06, 3.81591780751e-06, 1.65101846505e-05, 5.32462654519e-05, 1.35756981763e-05, 1.699675704e-05, 1.88987985439e-06, 2.97635460811e-06, 5.01873182657e-06, 5.27213660462e-06, 7.31346517568e-06, 3.52669235326e-06, 2.02311025532e-06, 3.61019760931e-06, 4.25256985181e-06, 2.75628713098e-06, 1.73852356511e-06, 2.64854952547e-06, 1.90532955457e-06, 6.64683341256e-07, 5.86779435707e-07, 6.41273857127e-07, 9.90124135569e-07, 7.06398509465e-07, 2.75935718719e-07, 2.93121246386e-07, 3.10342898047e-07, 2.13139117022e-07, 1.02470416152e-07, 6.61814496539e-08, 2.7584183826e-08, 6.25772234031e-09, 4.5084902478e-10],
        "stdev": [0.234314605594, 1.83580780029, 8.55122089386, 11.5894479752, 25.6399822235, 16.2652435303, 19.5188999176, 19.697479248, 19.320438385, 52.3981628418, 45.3146743774, 13.81275177, 20.7938747406, 11.7946596146, 11.9307928085, 38.38722229, 15.2132997513, 12.1484050751, 11.9415779114, 15.7503852844, 23.8036251068, 27.751449585, 62.5288314819, 28.8433017731, 29.712770462, 12.3133392334, 10.3947229385, 12.3337478638, 10.0423469543, 9.96078109741, 8.95848274231, 6.46153402328, 5.10248804092, 3.80503797531, 2.5241522789, 1.57458889484, 0.602034926414, 0.148528560996, 0.0147443274036, 0.000338191341143]
    },
    "gfcc": {
        "mean": [10.8663196564, 67.9980926514, -113.870834351, 21.8849220276, -49.9228858948, 5.74649572372, -34.7783889771, 19.4159355164, -24.5567436218, 2.52408504486, -18.1879901886, 1.09929537773, -20.9535198212],
        "cov": [[16642.6464844, -1316.28918457, 3211.88525391, 1694.75354004, 194.485305786, -140.755966187, -759.177124023, 104.00415802, -777.943908691, -432.443969727, 164.564361572, 233.113891602, -249.979797363], [-1316.28918457, 979.887878418, -332.346588135, 145.749633789, 36.3802452087, -14.5538244247, 93.5752639771, -10.9758825302, 24.0156421661, -64.0170516968, 64.3053588867, -74.2565536499, 24.2642269135], [3211.88525391, -332.346588135, 1454.16589355, 567.737731934, 264.61126709, 42.2393264771, -116.316230774, 147.05456543, -82.5194549561, -18.5229816437, 34.1436653137, 70.5355606079, -106.704490662], [1694.75354004, 145.749633789, 567.737731934, 534.068969727, 65.7986602783, 51.2513465881, -89.5462493896, 35.0309791565, -67.2626495361, -83.8947296143, 56.8065490723, 23.1370124817, -24.6819324493], [194.485305786, 36.3802452087, 264.61126709, 65.7986602783, 248.412399292, 2.79879903793, 61.9276733398, 108.887084961, 25.8025760651, 38.330696106, 18.5060005188, 10.4814825058, -36.6538925171], [-140.755966187, -14.5538244247, 42.2393264771, 51.2513465881, 2.79879903793, 78.8136367798, 13.8534812927, 9.15938854218, 16.6812553406, 4.72543239594, -0.749862909317, 8.59151363373, 10.2373304367], [-759.177124023, 93.5752639771, -116.316230774, -89.5462493896, 61.9276733398, 13.8534812927, 110.168968201, 55.1832923889, 44.0667495728, 35.3325538635, 7.8185133934, -12.7433576584, -11.457736969], [104.00415802, -10.9758825302, 147.05456543, 35.0309791565, 108.887084961, 9.15938854218, 55.1832923889, 143.847839355, 42.2340812683, 31.2496089935, 17.0544071198, 8.26153182983, -32.5471343994], [-777.943908691, 24.0156421661, -82.5194549561, -67.2626495361, 25.8025760651, 16.6812553406, 44.0667495728, 42.2340812683, 103.456634521, 58.4226760864, -5.77488470078, -5.26117181778, 11.3829507828], [-432.443969727, -64.0170516968, -18.5229816437, -83.8947296143, 38.330696106, 4.72543239594, 35.3325538635, 31.2496089935, 58.4226760864, 84.4104766846, 8.41051197052, 9.37551593781, -0.679054677486], [164.564361572, 64.3053588867, 34.1436653137, 56.8065490723, 18.5060005188, -0.749862909317, 7.8185133934, 17.0544071198, -5.77488470078, 8.41051197052, 58.4358253479, 18.4742298126, -6.22861480713], [233.113891602, -74.2565536499, 70.5355606079, 23.1370124817, 10.4814825058, 8.59151363373, -12.7433576584, 8.26153182983, -5.26117181778, 9.37551593781, 18.4742298126, 45.2674636841, 9.65065097809], [-249.979797363, 24.2642269135, -106.704490662, -24.6819324493, -36.6538925171, 10.2373304367, -11.457736969, -32.5471343994, 11.3829507828, -0.679054677486, -6.22861480713, 9.65065097809, 50.6930351257]],
        "icov": [[0.000274592341157, 0.00032624672167, -0.000197606073925, -0.000362810504157, -7.61295304983e-05, 0.000521525566, 0.000846424081828, -0.000581841275562, 0.00123337528203, 0.000295161065878, -0.000581293425057, 0.000223506707698, -0.000124261627207], [0.00032624672167, 0.00317122996785, 0.000614832213614, -0.00253809452988, -0.00114159856457, 0.00249957968481, -0.00210209190845, 0.000586098816711, -0.000127764273202, 0.00268463836983, -0.00389542849734, 0.00451569352299, -0.00255340128206], [-0.000197606073925, 0.000614832213614, 0.00292910682037, -0.00259219598956, -0.00186871970072, -0.00026872579474, 0.000823256035801, -0.000164796016179, 9.56406220212e-05, -0.00199411367066, 0.00234374403954, -0.00163277133834, 0.00296864216216], [-0.000362810504157, -0.00253809452988, -0.00259219598956, 0.00912855006754, -3.60343256034e-05, -0.00645730551332, 0.00538922566921, -0.000989113585092, -0.00235952530056, 0.00528174126521, -0.00528005510569, 0.000779820256867, 7.83723444329e-05], [-7.61295304983e-05, -0.00114159856457, -0.00186871970072, -3.60343256034e-05, 0.00908944942057, 0.00188329373486, -0.00520711066201, -0.00287119159475, 0.00094160385197, -0.00335747818463, 0.0025166051928, -0.0021451311186, -0.000147343074786], [0.000521525566, 0.00249957968481, -0.00026872579474, -0.00645730551332, 0.00188329373486, 0.0209538079798, -0.0089562786743, 0.00113068323117, -0.000823972339276, -0.000132264016429, 0.0027259318158, -0.00199280469678, -0.0056049451232], [0.000846424081828, -0.00210209190845, 0.000823256035801, 0.00538922566921, -0.00520711066201, -0.0089562786743, 0.0306400675327, -0.00926387123764, 0.00407704757527, -0.000802402675617, -0.00534050771967, 0.0028244224377, 0.00643800199032], [-0.000581841275562, 0.000586098816711, -0.000164796016179, -0.000989113585092, -0.00287119159475, 0.00113068323117, -0.00926387123764, 0.017497677356, -0.0103222681209, 0.00271183112636, -0.000620983657427, -0.00337062729523, 0.00577739067376], [0.00123337528203, -0.000127764273202, 9.56406220212e-05, -0.00235952530056, 0.00094160385197, -0.000823972339276, 0.00407704757527, -0.0103222681209, 0.0302877705544, -0.0162731427699, 0.00438442081213, 0.0040407362394, -0.00691244052723], [0.000295161065878, 0.00268463836983, -0.00199411367066, 0.00528174126521, -0.00335747818463, -0.000132264016429, -0.000802402675617, 0.00271183112636, -0.0162731427699, 0.0337005443871, -0.0138747366145, 0.000148278675624, 7.6023148722e-05], [-0.000581293425057, -0.00389542849734, 0.00234374403954, -0.00528005510569, 0.0025166051928, 0.0027259318158, -0.00534050771967, -0.000620983657427, 0.00438442081213, -0.0138747366145, 0.0366036258638, -0.0201402157545, 0.00818527583033], [0.000223506707698, 0.00451569352299, -0.00163277133834, 0.000779820256867, -0.0021451311186, -0.00199280469678, 0.0028244224377, -0.00337062729523, 0.0040407362394, 0.000148278675624, -0.0201402157545, 0.0454495735466, -0.0188231337816], [-0.000124261627207, -0.00255340128206, 0.00296864216216, 7.83723444329e-05, -0.000147343074786, -0.0056049451232, 0.00643800199032, 0.00577739067376, -0.00691244052723, 7.6023148722e-05, 0.00818527583033, -0.0188231337816, 0.0389550700784]]
    },
    "melbands": {
        "max": [0.0189381334931, 0.0244242567569, 0.0191631503403, 0.0157766416669, 0.00414020195603, 0.00325337657705, 0.00301446113735, 0.00377892330289, 0.00257626455277, 0.000678683456499, 0.000729282794055, 0.000323076557834, 0.000340012775268, 0.000699374824762, 0.000399772048695, 0.000189651589608, 0.000151515821926, 0.000135936817969, 0.000218047905946, 0.000162840718986, 0.000162826938322, 0.000176328481757, 0.000377695221687, 0.000219992973143, 0.000184968012036, 0.000278978346614, 7.21402611816e-05, 4.54200162494e-05, 4.16419497924e-05, 5.41226945643e-05, 6.08734335401e-05, 3.83852966479e-05, 5.10114150529e-05, 3.23798449244e-05, 3.19139871863e-05, 3.02848311549e-05, 2.05533106055e-05, 2.02983865165e-05, 2.09017944144e-05, 1.87623900274e-05],
        "mean": [0.00132758053951, 0.00284069031477, 0.00187138735782, 0.000822610221803, 0.000489935220685, 0.00033709598938, 0.000271336350124, 0.000408200372476, 0.000229127239436, 8.74941251823e-05, 0.000120287957543, 6.12638395978e-05, 4.67509562441e-05, 6.48473505862e-05, 5.70347074245e-05, 3.41653358191e-05, 2.21234895434e-05, 2.00646481971e-05, 2.12153754546e-05, 2.67284922302e-05, 2.47472871706e-05, 2.49632066698e-05, 6.07407855568e-05, 3.77835058316e-05, 2.420614328e-05, 3.21826664731e-05, 1.06017705548e-05, 8.05497802503e-06, 5.98981796429e-06, 4.94617688673e-06, 4.96676921102e-06, 3.95468032366e-06, 3.89660590372e-06, 3.64978973266e-06, 3.41143481819e-06, 2.85413761958e-06, 2.66166671281e-06, 2.60021556642e-06, 2.43987028625e-06, 2.42344208345e-06],
        "min": [1.62904012502e-09, 5.99458260808e-10, 3.45840800442e-10, 3.61436748586e-11, 3.52831028283e-11, 2.82288688952e-11, 6.31577845578e-11, 2.76109524133e-10, 3.72952058125e-10, 8.51670123314e-11, 8.33974209136e-11, 5.07237741393e-12, 9.7218838882e-12, 1.13110345742e-11, 1.57470807227e-11, 1.10854650112e-11, 1.4088359819e-11, 6.73430365292e-12, 2.04148308501e-12, 3.68777621287e-12, 4.48212604184e-12, 4.45109964511e-12, 3.25528905047e-12, 2.42906259343e-12, 1.2001032763e-12, 1.3563965489e-12, 2.39102357705e-12, 1.04309377975e-12, 3.46264710698e-13, 4.35511679888e-13, 3.17114417408e-13, 3.41059618698e-13, 4.59845540552e-13, 5.72001593226e-13, 4.86144273708e-13, 1.60855730862e-13, 1.73280809731e-13, 1.76154338512e-13, 3.25522649201e-13, 2.13596542255e-13],
        "stdev": [0.00211724964902, 0.00320987938903, 0.00237922417, 0.00147384277079, 0.000703035097104, 0.000441384472651, 0.000316313671647, 0.000504111987539, 0.000332534895279, 7.89093319327e-05, 0.000108969499706, 5.54564976483e-05, 4.82678151457e-05, 8.2590180682e-05, 5.48918869754e-05, 3.22103878716e-05, 2.2096783141e-05, 1.87337245734e-05, 2.25223084271e-05, 2.44582206506e-05, 2.75474558293e-05, 2.40577173827e-05, 6.00984967605e-05, 3.74392984668e-05, 2.33325954468e-05, 3.61129204975e-05, 1.04801310954e-05, 8.106309906e-06, 6.80313223711e-06, 6.73700924381e-06, 7.56422286941e-06, 5.50798677068e-06, 5.96357040195e-06, 5.57612793273e-06, 5.38158928975e-06, 4.49516164736e-06, 3.83564884032e-06, 3.64149514098e-06, 3.42012913279e-06, 3.33372577188e-06]
    },
    "melbands128": {
        "max": [0.00246355566196, 0.0107779661193, 0.0321476198733, 0.0271004363894, 0.0340993180871, 0.0316065512598, 0.0160757470876, 0.0268240906298, 0.028794053942, 0.0210453383625, 0.00692089507356, 0.00698607740924, 0.0043122433126, 0.00929492712021, 0.00470516877249, 0.00367586803623, 0.00219602417201, 0.00437079230323, 0.00523957097903, 0.00787580106407, 0.00167433312163, 0.00296978233382, 0.00429349625483, 0.00105041789357, 0.0013718920527, 0.000723990204278, 0.000711376545951, 0.000922843057197, 0.00138358224649, 0.000395499111619, 0.000340126629453, 0.000603067455813, 0.000638244033325, 0.000299391278531, 0.000226570962695, 0.00122537475545, 0.00148807140067, 0.000529727665707, 0.000218156885239, 0.000477902649436, 0.000247381482041, 0.000228774821153, 0.000163025397342, 0.000201065442525, 0.000208731667954, 0.000154282897711, 0.000250515935477, 0.000477736059111, 0.000169357386767, 0.000250573561061, 0.000183280993951, 0.000350103859091, 0.0002793117892, 0.000165571153047, 0.00011540504056, 0.00018625445955, 0.00037884779158, 9.06655332074e-05, 0.0008627208299, 0.000470695085824, 0.000167059726664, 0.000166999932844, 0.000110967070214, 0.000141953903949, 0.000751931278501, 0.000322565610986, 0.000201268136152, 8.24359085527e-05, 8.03426664788e-05, 6.55450567137e-05, 5.45511356904e-05, 7.50849067117e-05, 5.64854162803e-05, 5.09840974701e-05, 5.23636226717e-05, 5.94807497691e-05, 7.44335193303e-05, 7.99508707132e-05, 8.76955891727e-05, 4.50175102742e-05, 4.52757885796e-05, 4.50414263469e-05, 5.80395389989e-05, 7.87303215475e-05, 3.99062337237e-05, 4.82932809973e-05, 4.29506835644e-05, 4.78936017316e-05, 3.58793440682e-05, 4.07835941587e-05, 3.079171438e-05, 3.16872974508e-05, 3.57372264261e-05, 2.5186847779e-05, 2.63332840404e-05, 4.73525215057e-05, 2.40774388658e-05, 2.50402972597e-05, 3.14689314109e-05, 2.85774385702e-05, 1.74961369339e-05, 2.50492266787e-05, 2.03503332159e-05, 2.16290482058e-05, 1.71187257365e-05, 2.05191572604e-05, 1.51438098328e-05, 2.90505468001e-05, 1.86236429727e-05, 2.34215694945e-05, 1.54355384439e-05, 1.4187369743e-05, 1.08382591861e-05, 9.69058510236e-06, 7.65168169892e-06, 6.90606657372e-06, 1.13555615826e-05, 7.40014047551e-06, 4.97962673762e-06, 3.31550199917e-06, 2.30493310482e-06, 2.35453603636e-06, 1.67334019352e-06, 9.01449084267e-08, 3.11358050453e-08, 2.91936181895e-08, 2.79501328748e-08, 2.72316320604e-08],
        "mean": [0.000218849672819, 0.000904340471607, 0.00161965982988, 0.00245323078707, 0.00345996185206, 0.00274150841869, 0.00182917225175, 0.00206923624501, 0.0012726377463, 0.000649286492262, 0.000560969172511, 0.000688015599735, 0.000401073542889, 0.000350098212948, 0.000301896157907, 0.000390533736208, 0.000303123291815, 0.000127224411699, 0.000325734814396, 0.000693424954079, 0.000217998385779, 0.000275987113127, 0.000294720375678, 9.46593645494e-05, 0.000107714367914, 6.01587453275e-05, 8.91593881533e-05, 0.000143686222145, 0.000147334139911, 5.01910071762e-05, 3.52639362973e-05, 6.15982935415e-05, 6.26255350653e-05, 2.22419057536e-05, 2.17700126086e-05, 9.68874664977e-05, 0.000114305301395, 4.07844345318e-05, 3.21137049468e-05, 4.56830930489e-05, 2.79100149783e-05, 3.05644825858e-05, 2.28269345826e-05, 1.74246451934e-05, 1.93914511328e-05, 2.00436279556e-05, 2.20310794248e-05, 1.97132030735e-05, 1.83235879376e-05, 3.06039510178e-05, 1.67704201885e-05, 4.04319252993e-05, 3.02924217976e-05, 1.66433437698e-05, 1.49065608639e-05, 1.76225748874e-05, 5.08804441779e-05, 1.67429607245e-05, 0.000109602464363, 6.8220164394e-05, 2.2302772777e-05, 2.33101709455e-05, 1.33113289849e-05, 1.38773475555e-05, 5.90016970818e-05, 3.5598543036e-05, 2.01303901122e-05, 9.64378614299e-06, 8.58235216583e-06, 1.05685885501e-05, 7.03783871359e-06, 8.31021679915e-06, 6.59130955682e-06, 5.36516745342e-06, 5.59782529308e-06, 4.45455725639e-06, 5.2224695537e-06, 4.72757983516e-06, 5.4035976973e-06, 4.52267568107e-06, 3.94166363549e-06, 3.54851204065e-06, 4.32895740232e-06, 3.75923309548e-06, 3.78889535568e-06, 3.59335149369e-06, 3.83727592634e-06, 3.49905303665e-06, 3.30414081873e-06, 3.53487007487e-06, 2.75710613096e-06, 2.8738659239e-06, 2.56252701547e-06, 2.640992534e-06, 2.70465443464e-06, 2.62536445916e-06, 2.65385324383e-06, 2.44847660724e-06, 2.74713374893e-06, 2.16529906538e-06, 2.07810489883e-06, 2.70371901934e-06, 2.42388887273e-06, 2.57233205048e-06, 1.79571668468e-06, 1.94389804165e-06, 1.5133607576e-06, 1.95651659851e-06, 1.87364980775e-06, 1.89095737824e-06, 1.72079819549e-06, 1.4712935581e-06, 1.1772427797e-06, 1.19505784824e-06, 9.22939079828e-07, 7.28321822407e-07, 7.64697404065e-07, 6.26482915322e-07, 4.93522691158e-07, 3.37387604077e-07, 1.61662242704e-07, 7.66249357298e-08, 4.10528002703e-08, 1.86425253013e-09, 6.05843430979e-11, 5.68608840568e-11, 5.44932328428e-11, 5.31509593282e-11],
        "min": [6.00368421644e-10, 2.05311989632e-09, 1.96405314234e-09, 7.3554379254e-10, 2.95969582176e-10, 6.90747126164e-10, 6.02273286798e-10, 1.90594595662e-10, 1.92146593775e-11, 3.92286342299e-11, 3.82958907641e-11, 2.68365000361e-11, 4.2181032972e-11, 3.35836046472e-11, 3.35859014211e-11, 2.27094888033e-11, 1.83560840139e-11, 8.90473667026e-11, 9.7984127756e-11, 7.61320104181e-11, 4.0486239361e-10, 7.62423790768e-10, 3.3983046932e-10, 5.52740006543e-11, 2.7939525693e-11, 1.03261399431e-10, 1.94305307955e-10, 6.83298348458e-11, 1.28436749083e-11, 1.88970974285e-12, 2.20981111014e-12, 9.60303191133e-12, 1.39949675113e-11, 5.16497521835e-12, 1.14284606084e-11, 1.27734827923e-11, 8.48584136987e-12, 2.81482372133e-11, 6.80533927822e-12, 1.07317332104e-11, 9.8600311943e-12, 1.68505764897e-11, 1.30219402969e-11, 1.5099289874e-11, 1.09363863451e-11, 4.30753739969e-12, 3.10234758889e-12, 1.16243451496e-12, 2.74506112286e-12, 1.54619177704e-12, 4.71914477981e-12, 4.72375047064e-12, 2.2844905221e-12, 6.39060766111e-12, 5.40558223183e-12, 1.64211537163e-12, 7.08359412793e-12, 4.25485644981e-12, 1.50129019459e-12, 1.90053832047e-12, 3.34961680788e-12, 1.72984467462e-12, 1.74060429698e-12, 7.48701610691e-13, 1.09532196681e-12, 8.80846610929e-13, 1.50639591946e-12, 3.57084674329e-12, 2.43488779486e-12, 1.04647020216e-12, 1.18703701382e-12, 1.11976422058e-12, 2.44228113211e-13, 2.21296735819e-13, 2.95159431835e-13, 7.02644268723e-13, 3.18612703495e-13, 2.69474953419e-13, 3.10724075593e-13, 3.53394288659e-13, 4.17275751712e-13, 2.25123833963e-13, 3.93359037834e-13, 4.366432888e-13, 5.23039348378e-13, 8.15011578191e-13, 3.38658869828e-13, 5.93940369976e-13, 5.98524810443e-13, 3.98463353242e-13, 1.30566767793e-13, 1.10302588732e-13, 1.36239706582e-13, 1.83410483524e-13, 1.65446419043e-13, 2.5599807647e-13, 1.47864847536e-13, 1.39117057175e-13, 2.68678417188e-13, 5.06279805405e-13, 2.99402592562e-13, 1.15702992977e-13, 1.71286853516e-13, 2.72101487392e-13, 2.0601996129e-13, 3.09421487998e-13, 2.68930873664e-13, 9.38451857999e-14, 9.76449756013e-14, 2.24784424472e-13, 1.99043296493e-13, 4.55261425347e-13, 1.55377175969e-13, 1.02465453657e-13, 1.05313212307e-13, 2.56940763154e-13, 2.58546303941e-13, 1.92960082049e-13, 1.85176662415e-13, 1.22235189093e-13, 1.63958121168e-13, 8.06625003336e-14, 1.09442680884e-13, 1.28771274785e-13, 9.55821793241e-14, 4.07739875121e-14, 3.89053794674e-15, 1.52657095254e-16],
        "stdev": [0.000475917826407, 0.0018998219166, 0.0032864108216, 0.0031493275892, 0.00447825249285, 0.00372042949311, 0.00229531736113, 0.00323615036905, 0.00294074765407, 0.00160703842994, 0.000872341217473, 0.00112286908552, 0.000732505694032, 0.000736756715924, 0.000498320325278, 0.000536345352884, 0.000389972759876, 0.000353096489562, 0.000503784045577, 0.000982605968602, 0.000261216337094, 0.000441655371105, 0.000533864076715, 0.000102132267784, 0.000137047376484, 7.49645332689e-05, 9.05697015696e-05, 0.0001575586939, 0.000203985648113, 5.64120855415e-05, 4.56385168945e-05, 6.89573498676e-05, 8.09170014691e-05, 3.22107225657e-05, 2.8587262932e-05, 0.000141545300721, 0.000171450752532, 6.60812220303e-05, 3.76509378839e-05, 5.65444970562e-05, 3.31167939294e-05, 3.79418343073e-05, 2.58726158791e-05, 2.15624677367e-05, 2.55040868069e-05, 2.31270296354e-05, 2.5545276003e-05, 3.96133473259e-05, 2.14375613723e-05, 3.41982413374e-05, 2.05213036679e-05, 5.28043783561e-05, 4.02990335715e-05, 2.22145354201e-05, 1.96951696125e-05, 2.18808600039e-05, 6.34349562461e-05, 1.57429367391e-05, 0.000125489983475, 7.3980911111e-05, 2.60333999904e-05, 3.03004981106e-05, 1.67900507222e-05, 1.74068172782e-05, 7.74781874497e-05, 4.38084171037e-05, 2.6074329071e-05, 1.10970449896e-05, 1.00290508271e-05, 1.13006499305e-05, 7.69438156567e-06, 1.01621453723e-05, 9.22879007703e-06, 6.61633066557e-06, 7.65538698033e-06, 6.54605946693e-06, 8.94907407201e-06, 8.04568571766e-06, 1.00251772892e-05, 6.43551948087e-06, 5.75950161874e-06, 5.7405395637e-06, 7.03285604686e-06, 6.67820404487e-06, 5.97625785304e-06, 6.2918866206e-06, 6.4362870944e-06, 5.76873935643e-06, 5.65111577089e-06, 6.25250049779e-06, 4.73609907203e-06, 4.58195154351e-06, 4.45607156507e-06, 4.16858438257e-06, 3.77446281163e-06, 4.49256822321e-06, 3.91006460632e-06, 3.56655596079e-06, 4.13545376432e-06, 3.34091919285e-06, 3.04420996144e-06, 3.98141628466e-06, 3.56952000402e-06, 3.87968930227e-06, 2.63829747382e-06, 2.95563745567e-06, 2.30091927733e-06, 3.27311977344e-06, 2.95022482533e-06, 3.20684080179e-06, 2.69939096142e-06, 2.32254888033e-06, 1.85774706551e-06, 1.83228314654e-06, 1.39209055305e-06, 1.13065414098e-06, 1.37955760238e-06, 1.15386364996e-06, 8.71283134529e-07, 5.71803980165e-07, 3.1410385759e-07, 2.25378187224e-07, 1.49583669895e-07, 8.50563441901e-09, 1.32627409055e-09, 1.24354304631e-09, 1.1905737507e-09, 1.15996645622e-09]
    },
    "mfcc": {
        "mean": [-636.075256348, 110.059700012, -8.42410087585, 20.6252784729, 4.56270837784, -6.77958631516, 2.10607671738, 7.63254451752, -0.0817426815629, 0.356414139271, 6.3458313942, 2.0647380352, -0.409819841385],
        "cov": [[14294.6787109, -1044.13256836, 2415.93701172, 1437.91650391, 1017.46643066, -175.454391479, 315.537750244, 204.682617188, -570.977600098, -509.803955078, -383.191864014, -58.3696556091, 14.3473091125], [-1044.13256836, 643.358093262, -302.227050781, 36.0198783875, -47.3740768433, -16.3741207123, 51.1638183594, 17.3121700287, 19.0576534271, 52.3913879395, 38.220916748, -2.30948734283, 12.653793335], [2415.93701172, -302.227050781, 1051.94311523, 471.601013184, 400.917785645, 45.1123428345, 93.9393920898, 89.6626434326, -70.9585418701, -42.3838157654, -49.835067749, 30.3030910492, 43.6070671082], [1437.91650391, 36.0198783875, 471.601013184, 406.849060059, 268.267608643, 5.00624227524, 101.997039795, 81.2696304321, -54.0094184875, -19.0744400024, -16.2832527161, 24.64427948, 39.1324615479], [1017.46643066, -47.3740768433, 400.917785645, 268.267608643, 277.04776001, 14.3723392487, 75.1349639893, 64.779800415, -0.960842251778, 7.12580490112, -2.30294895172, 33.1240921021, 46.0854949951], [-175.454391479, -16.3741207123, 45.1123428345, 5.00624227524, 14.3723392487, 83.4027099609, -2.97693443298, -10.3195018768, 2.60237169266, -3.88012385368, -15.6088533401, -3.98697471619, 3.29314351082], [315.537750244, 51.1638183594, 93.9393920898, 101.997039795, 75.1349639893, -2.97693443298, 103.174949646, 52.9978561401, -12.0369129181, 5.20000743866, 15.6064805984, 20.1741638184, 15.5886220932], [204.682617188, 17.3121700287, 89.6626434326, 81.2696304321, 64.779800415, -10.3195018768, 52.9978561401, 79.8659973145, 8.77024650574, 5.99914550781, 12.7552261353, 13.4734601974, 13.9575519562], [-570.977600098, 19.0576534271, -70.9585418701, -54.0094184875, -0.960842251778, 2.60237169266, -12.0369129181, 8.77024650574, 91.9139404297, 52.5084152222, 22.679725647, 17.0100326538, 14.1487236023], [-509.803955078, 52.3913879395, -42.3838157654, -19.0744400024, 7.12580490112, -3.88012385368, 5.20000743866, 5.99914550781, 52.5084152222, 71.0078811646, 41.8347244263, 22.2858085632, 15.7881498337], [-383.191864014, 38.220916748, -49.835067749, -16.2832527161, -2.30294895172, -15.6088533401, 15.6064805984, 12.7552261353, 22.679725647, 41.8347244263, 71.4334869385, 39.6002311707, 13.5006055832], [-58.3696556091, -2.30948734283, 30.3030910492, 24.64427948, 33.1240921021, -3.98697471619, 20.1741638184, 13.4734601974, 17.0100326538, 22.2858085632, 39.6002311707, 60.2322044373, 26.6102027893], [14.3473091125, 12.653793335, 43.6070671082, 39.1324615479, 46.0854949951, 3.29314351082, 15.5886220932, 13.9575519562, 14.1487236023, 15.7881498337, 13.5006055832, 26.6102027893, 46.3869972229]],
        "icov": [[0.000260489381617, 0.00027242032229, -0.000138556802995, -0.000393034337321, -0.000349823239958, 0.000923418381717, -0.000325711182086, 0.000227598531637, 0.000512219150551, 0.000794323161244, 0.000722988741472, -0.000141532960697, 7.40892428439e-05], [0.00027242032229, 0.00308127189055, 0.00146157399286, -0.00304054259323, 0.000598114565946, 0.000572676945012, -0.00144385022577, 0.000492635183036, 0.000569160794839, -0.00115148734767, 0.000443447730504, 0.00123441556934, -0.00065052456921], [-0.000138556802995, 0.00146157399286, 0.00374317332171, -0.00242979964241, -0.0022614703048, -0.00157733971719, 0.000793573854025, -0.000781246228144, 0.00130962592084, -0.00184354058001, 0.000897311081644, -0.000541124725714, 0.000779515772592], [-0.000393034337321, -0.00304054259323, -0.00242979964241, 0.0132045382634, -0.00714596034959, -0.000126473198179, -0.000397614669055, -0.00337790208869, 0.00513968709856, -0.00159498001449, 0.00151449581608, -0.00165226205718, -0.000163557677297], [-0.000349823239958, 0.000598114565946, -0.0022614703048, -0.00714596034959, 0.0166009329259, -0.00176393659785, -0.00218862807378, 0.000162983851624, -0.00664636027068, -0.00115092424676, -0.00145092036109, 0.000732659129426, -0.00516101997346], [0.000923418381717, 0.000572676945012, -0.00157733971719, -0.000126473198179, -0.00176393659785, 0.0167836584151, -0.00237116310745, 0.00370431877673, 0.000300996820442, 0.00306322495453, 0.00567074026912, -0.000699334836099, -0.000992783810943], [-0.000325711182086, -0.00144385022577, 0.000793573854025, -0.000397614669055, -0.00218862807378, -0.00237116310745, 0.0194471850991, -0.010450896807, 0.00500128045678, -0.00340299378149, -0.00135747110471, -0.00346120540053, 0.0010494205635], [0.000227598531637, 0.000492635183036, -0.000781246228144, -0.00337790208869, 0.000162983851624, 0.00370431877673, -0.010450896807, 0.0241946950555, -0.00830279663205, 0.00691947946325, -0.00487950351089, 0.00389079959132, -0.0014480316313], [0.000512219150551, 0.000569160794839, 0.00130962592084, 0.00513968709856, -0.00664636027068, 0.000300996820442, 0.00500128045678, -0.00830279663205, 0.0287596955895, -0.0187771581113, 0.0100283771753, -0.00600565876812, -0.000336065975716], [0.000794323161244, -0.00115148734767, -0.00184354058001, -0.00159498001449, -0.00115092424676, 0.00306322495453, -0.00340299378149, 0.00691947946325, -0.0187771581113, 0.0426446460187, -0.0181919299066, 0.00586194638163, -0.00372064020485], [0.000722988741472, 0.000443447730504, 0.000897311081644, 0.00151449581608, -0.00145092036109, 0.00567074026912, -0.00135747110471, -0.00487950351089, 0.0100283771753, -0.0181919299066, 0.0396951474249, -0.0218775551766, 0.00462770694867], [-0.000141532960697, 0.00123441556934, -0.000541124725714, -0.00165226205718, 0.000732659129426, -0.000699334836099, -0.00346120540053, 0.00389079959132, -0.00600565876812, 0.00586194638163, -0.0218775551766, 0.0375887602568, -0.0144352773204], [7.40892428439e-05, -0.00065052456921, 0.000779515772592, -0.000163557677297, -0.00516101997346, -0.000992783810943, 0.0010494205635, -0.0014480316313, -0.000336065975716, -0.00372064020485, 0.00462770694867, -0.0144352773204, 0.0347013585269]]
    },
    "spectral_contrast_coeffs": {
        "max": [-0.499311983585, -0.577715814114, -0.602424740791, -0.725087881088, -0.668401777744, -0.719611525536],
        "mean": [-0.716165602207, -0.770833909512, -0.782311677933, -0.821943461895, -0.781660974026, -0.78865557909],
        "min": [-0.922900438309, -0.92509239912, -0.916759908199, -0.933381915092, -0.9141959548, -0.889487087727],
        "stdev": [0.0730140656233, 0.0598897971213, 0.0512052774429, 0.0330607034266, 0.0461822152138, 0.0240127090365]
    },
    "spectral_contrast_valleys": {
        "max": [-5.00386428833, -4.98436117172, -5.85978031158, -6.06717061996, -5.81662368774, -7.89333581924],
        "mean": [-6.91394376755, -6.5265879631, -7.20240926743, -7.33046674728, -7.33230924606, -9.91346073151],
        "min": [-13.5278577805, -13.1595258713, -14.4498682022, -14.378367424, -14.6562147141, -17.0696601868],
        "stdev": [1.55352973938, 0.981730699539, 0.909087896347, 0.836352407932, 1.10562634468, 1.51485586166]
    }
},
"rhythm": {
    "beats_count": 28,
    "beats_loudness": {
        "max": 0.0814340040088,
        "mean": 0.0384455397725,
        "min": 0.000135913389386,
        "stdev": 0.0243836510926
    },
    "bpm": 136.027084351,
    "bpm_histogram_first_peak_bpm": 136,
    "bpm_histogram_first_peak_weight": 0.296296298504,
    "bpm_histogram_second_peak_bpm": 0,
    "bpm_histogram_second_peak_spread": 0,
    "bpm_histogram_second_peak_weight": 0,
    "danceability": 0.766628324986,
    "onset_rate": 3.99706411362,
    "beats_loudness_band_ratio": {
        "max": [0.826627492905, 0.43672221899, 0.775503277779, 0.521971583366, 0.204932942986, 0.16179458797],
        "mean": [0.371013224125, 0.153126642108, 0.202184453607, 0.125130161643, 0.0996488109231, 0.0824075937271],
        "min": [0.00153358618263, 0.0106923030689, 0.0477611497045, 0.0282988529652, 0.0393245816231, 0.0106651084498],
        "stdev": [0.241043537855, 0.134187698364, 0.163600862026, 0.122151695192, 0.0419518388808, 0.0452310889959]
    },
    "beats_position": [0.429569154978, 0.870748281479, 1.31192743778, 1.75310659409, 2.18267560005, 2.62385487556, 3.06503391266, 3.50621318817, 3.94739222527, 4.37696123123, 4.81814050674, 5.27092981339, 5.71210861206, 6.15328788757, 6.59446716309, 7.04725599289, 7.50004529953, 7.94122457504, 8.38240337372, 8.82358264923, 9.26476192474, 9.70594120026, 10.1471195221, 10.5766887665, 11.017868042, 11.4706573486, 11.9118366241, 12.3414058685],
