{
"metadata": {
    "version": {
        "essentia": "2.1-beta5",
        "essentia_git_sha": "Undefined",
        "extractor": "music 2.0"
    },
    "audio_properties": {
        "analysis": {
            "equal_loudness": 0,
            "length": 48.7502937317,
            "sample_rate": 44100,
            "start_time": 12.7477550507,
            "downmix": "mix"
        },
        "bit_rate": 192000,
        "length": 186.897415161,
        "lossless": 0,
        "number_channels": 1,
        "replay_gain": -7.79933357239,
        "sample_rate": 44100,
        "codec": "mp3",
        "md5_encoded": "76dc82f9e391678fb4199ce8f1f25d37"
    },
    "tags": {
        "file_name": "Greece_Yassou Maria_Sarbel.mp3",
        "encoding": ["Lavf58.29.100"]
    }
},
"lowlevel": {
    "average_loudness": 0.977101027966,
    "barkbands_crest": {
        "max": 22.7944297791,
        "mean": 8.99870300293,
        "min": 2.38019394875,
        "stdev": 3.93499326706
    },
    "barkbands_flatness_db": {
        "max": 0.233306705952,
        "mean": 0.0892706587911,
        "min": 0.0288978554308,
        "stdev": 0.0276560392231
    },
    "barkbands_kurtosis": {
        "max": 49.8633041382,
        "mean": 0.0341281928122,
        "min": -1.9213821888,
        "stdev": 2.74897003174
    },
    "barkbands_skewness": {
        "max": 6.25531005859,
        "mean": 0.848019659519,
        "min": -2.87144994736,
        "stdev": 0.822019219398
    },
    "barkbands_spread": {
        "max": 106.726623535,
        "mean": 52.642364502,
        "min": 4.2213139534,
        "stdev": 16.1286373138
    },
    "dissonance": {
        "max": 0.5,
        "mean": 0.481549739838,
        "min": 0.37676858902,
        "stdev": 0.0166870262474
    },
    "dynamic_complexity": 1.14143717289,
    "erbbands_crest": {
        "max": 27.945898056,
        "mean": 7.04338645935,
        "min": 2.38177251816,
        "stdev": 3.12970542908
    },
    "erbbands_flatness_db": {
        "max": 0.215524658561,
        "mean": 0.111135311425,
        "min": 0.0572175607085,
        "stdev": 0.0278304386884
    },
    "erbbands_kurtosis": {
        "max": 9.62926673889,
        "mean": 0.417869031429,
        "min": -1.5498894453,
        "stdev": 1.1399230957
    },
    "erbbands_skewness": {
        "max": 2.19097709656,
        "mean": -0.476308763027,
        "min": -2.88884425163,
        "stdev": 0.566493391991
    },
    "erbbands_spread": {
        "max": 146.916976929,
        "mean": 47.7686920166,
        "min": 14.680056572,
        "stdev": 15.7276926041
    },
    "hfc": {
        "max": 120.993347168,
        "mean": 53.0419197083,
        "min": 0.852168083191,
        "stdev": 20.6223926544
    },
    "loudness_ebu128": {
        "integrated": -17.8481712341,
        "loudness_range": 1.30967903137,
        "momentary": {
            "max": -16.2452392578,
            "mean": -17.9212226868,
            "min": -21.7983474731,
            "stdev": 0.828925311565
        },
        "short_term": {
            "max": -17.1046924591,
            "mean": -17.8888587952,
            "min": -19.0075149536,
            "stdev": 0.434687823057
        }
    },
    "melbands_crest": {
        "max": 32.6127929688,
        "mean": 15.1561336517,
        "min": 3.06231641769,
        "stdev": 5.27156352997
    },
    "melbands_flatness_db": {
        "max": 0.336316257715,
        "mean": 0.137367740273,
        "min": 0.0203686375171,
        "stdev": 0.0415696203709
    },
    "melbands_kurtosis": {
        "max": 189.063705444,
        "mean": 10.701130867,
        "min": -1.75043702126,
        "stdev": 15.2224941254
    },
    "melbands_skewness": {
        "max": 12.0294075012,
        "mean": 2.80088162422,
        "min": -0.812048017979,
        "stdev": 1.528023839
    },
    "melbands_spread": {
        "max": 206.335693359,
        "mean": 47.1421127319,
        "min": 2.13651013374,
        "stdev": 26.0215015411
    },
    "pitch_salience": {
        "max": 0.844100177288,
        "mean": 0.553672790527,
        "min": 0.221914276481,
        "stdev": 0.11028316617
    },
    "silence_rate_20dB": {
        "max": 1,
        "mean": 1,
        "min": 1,
        "stdev": 0
    },
    "silence_rate_30dB": {
        "max": 1,
        "mean": 1,
        "min": 1,
        "stdev": 0
    },
    "silence_rate_60dB": {
        "max": 1,
        "mean": 0.00618752976879,
        "min": 0,
        "stdev": 0.0784164369106
    },
    "spectral_centroid": {
        "max": 4833.43261719,
        "mean": 2435.82324219,
        "min": 334.497314453,
        "stdev": 483.651580811
    },
    "spectral_complexity": {
        "max": 54,
        "mean": 27.5440273285,
        "min": 0,
        "stdev": 9.26234817505
    },
    "spectral_decrease": {
        "max": -9.83860493076e-11,
        "mean": -7.77465380963e-09,
        "min": -1.75306844596e-08,
        "stdev": 3.25003446378e-09
    },
    "spectral_energy": {
        "max": 0.0729351118207,
        "mean": 0.03415440768,
        "min": 0.000448626582511,
        "stdev": 0.012808540836
    },
    "spectral_energyband_high": {
        "max": 0.0114684728906,
        "mean": 0.00393718481064,
        "min": 5.015156421e-05,
        "stdev": 0.00219278084114
    },
    "spectral_energyband_low": {
        "max": 0.0535095632076,
        "mean": 0.0150530841202,
        "min": 1.19681681099e-05,
        "stdev": 0.0112291006371
    },
    "spectral_energyband_middle_high": {
        "max": 0.0320665985346,
        "mean": 0.00815118383616,
        "min": 0.000162445838214,
        "stdev": 0.00500188348815
    },
    "spectral_energyband_middle_low": {
        "max": 0.0498556122184,
        "mean": 0.00796948745847,
        "min": 0.000108660206024,
        "stdev": 0.00591499730945
    },
    "spectral_entropy": {
        "max": 8.80036354065,
        "mean": 8.13767910004,
        "min": 7.05132913589,
        "stdev": 0.258678376675
    },
    "spectral_flux": {
        "max": 0.217973515391,
        "mean": 0.105235233903,
        "min": 0.023076467216,
        "stdev": 0.0301932841539
    },
    "spectral_kurtosis": {
        "max": 7.01420402527,
        "mean": 1.85213387012,
        "min": -0.752174377441,
        "stdev": 1.01999819279
    },
    "spectral_rms": {
        "max": 0.00843541417271,
        "mean": 0.00564778596163,
        "min": 0.000661577272695,
        "stdev": 0.00119328778237
    },
    "spectral_rolloff": {
        "max": 12618.4570312,
        "mean": 3798.88598633,
        "min": 86.1328125,
        "stdev": 2354.94091797
    },
    "spectral_skewness": {
        "max": 2.11067581177,
        "mean": 1.17904746532,
        "min": 0.26221716404,
        "stdev": 0.216915026307
    },
    "spectral_spread": {
        "max": 20009076,
        "mean": 6777986,
        "min": 3420076.5,
        "stdev": 1306218.25
    },
    "spectral_strongpeak": {
        "max": 12.5810976028,
        "mean": 0.625829279423,
        "min": 0,
        "stdev": 0.96997398138
    },
    "zerocrossingrate": {
        "max": 0.37109375,
        "mean": 0.130040377378,
        "min": 0.0166015625,
        "stdev": 0.0501939244568
    },
    "barkbands": {
        "max": [0.0148704107851, 0.0515100322664, 0.026183899492, 0.0240816213191, 0.0268339253962, 0.0294598527253, 0.0148838106543, 0.0155026782304, 0.0278428196907, 0.0212988909334, 0.0123284300789, 0.0165395066142, 0.0169281382114, 0.011541123502, 0.0100210737437, 0.0113710975274, 0.00697323866189, 0.00791776366532, 0.00670740427449, 0.0115269673988, 0.00304898153991, 0.00272918725386, 0.00581607129425, 0.00381417339668, 0.00407086126506, 0.00241619278677, 5.2221086662e-05],
        "mean": [0.000826960313134, 0.0100398017094, 0.00336595694534, 0.00224718358368, 0.00244359648786, 0.000821805850137, 0.000655297597405, 0.0005619028816, 0.00103309261613, 0.000640440732241, 0.0005724565126, 0.0007307951455, 0.000732155342121, 0.000624804815743, 0.000538852589671, 0.00079284014646, 0.000793507730123, 0.00108169938903, 0.00117030506954, 0.000856428407133, 0.000382400932722, 0.000474211439723, 0.000817870197352, 0.000794487190433, 0.000845694099553, 0.000306219299091, 3.65662504009e-06],
        "min": [2.57288395034e-08, 3.69265166e-07, 9.17805948575e-07, 2.62032187948e-07, 1.18880161608e-05, 4.67276686322e-06, 7.92931587057e-07, 1.11340818876e-06, 2.60923116002e-06, 1.62646847457e-06, 4.06124712526e-07, 1.13631006116e-06, 7.74768977863e-07, 4.2770680011e-06, 7.13778354111e-06, 9.36853211897e-06, 6.68175744067e-06, 1.7849222786e-05, 2.25639359996e-05, 1.34211568366e-05, 5.08175753566e-06, 3.46577485288e-06, 1.69288123288e-05, 1.15903694677e-05, 4.27373106504e-06, 2.54535530075e-06, 7.00041205559e-11],
        "stdev": [0.00137426436413, 0.00927164033055, 0.00359005085193, 0.00256088725291, 0.00309939496219, 0.00133576791268, 0.00133884942625, 0.00124094670173, 0.00202629389241, 0.00138083519414, 0.00130963954143, 0.00170640298165, 0.00124282133766, 0.000935674761422, 0.000753173895646, 0.00123567075934, 0.000806358235423, 0.000923394458368, 0.000951404043008, 0.000790132500697, 0.000346918852301, 0.00033041156712, 0.000589550472796, 0.00054700684268, 0.000629003916401, 0.000289600575343, 5.40529481441e-06]
    },
    "erbbands": {
        "max": [2.05656266212, 13.1711530685, 31.184173584, 41.7108230591, 107.669876099, 151.491439819, 154.620681763, 250.880477905, 220.471969604, 467.379760742, 392.850830078, 844.399536133, 772.981201172, 521.834289551, 735.201477051, 671.781677246, 843.505065918, 506.556915283, 322.650177002, 742.40411377, 703.586364746, 364.054748535, 298.517974854, 408.878265381, 448.12322998, 715.585021973, 168.444671631, 106.122154236, 79.8457565308, 166.287948608, 154.581253052, 92.9431762695, 64.4087905884, 52.3574409485, 32.833152771, 15.3134508133, 4.70907354355, 0.80281329155, 0.0127232791856, 0.000463715288788],
        "mean": [0.319282829762, 2.11444759369, 4.1558637619, 5.61582612991, 7.89311647415, 9.190782547, 6.34457111359, 6.83974695206, 7.83429479599, 12.3483753204, 14.516919136, 26.6180438995, 18.7983016968, 20.1352214813, 26.5525722504, 33.3550262451, 36.8075485229, 32.3257751465, 26.7009429932, 36.1297874451, 46.4735717773, 42.7395515442, 56.0439300537, 59.7388725281, 59.880355835, 41.0136299133, 18.9038581848, 13.8972988129, 15.0953464508, 21.3261413574, 23.9087123871, 17.5262680054, 12.9612264633, 10.4553985596, 5.35681247711, 1.65744626522, 0.538050830364, 0.0579278469086, 0.00117516051978, 0.000102924583189],
        "min": [3.09398201352e-05, 0.000387078733183, 0.00154390430544, 0.00925800576806, 0.0485970675945, 0.0389802157879, 0.0555546283722, 0.0318693555892, 0.0236452519894, 0.0502189770341, 0.0456117242575, 0.0783195570111, 0.055445805192, 0.0525436140597, 0.016056843102, 0.0528811216354, 0.0475703775883, 0.22886672616, 0.270974576473, 0.466128259897, 0.444275736809, 0.948136568069, 0.772685468197, 1.4892860651, 1.49425935745, 0.653318762779, 0.401180416346, 0.0991211310029, 0.0854730978608, 0.292205929756, 0.558180868626, 0.355640351772, 0.133331298828, 0.0443894937634, 0.0321349203587, 0.0147732868791, 0.00419728504494, 0.000462162279291, 2.0165602109e-05, 4.29418605563e-06],
        "stdev": [0.344215780497, 2.03817939758, 4.11808347702, 5.23770618439, 9.01571941376, 14.8926200867, 9.70152759552, 11.4339723587, 15.5670175552, 31.2238788605, 29.6309967041, 57.5036697388, 40.1029090881, 39.8671951294, 57.0176811218, 72.6998443604, 61.0425949097, 48.7741355896, 34.3409194946, 53.5465774536, 70.4881896973, 40.2278404236, 44.8152809143, 44.6897087097, 53.247379303, 38.8884811401, 15.7757844925, 11.5438432693, 10.5969924927, 15.8203077316, 17.089548111, 12.2586669922, 9.24515724182, 7.71850776672, 4.3822388649, 1.52025711536, 0.551863789558, 0.0622160211205, 0.00117155630141, 5.46419360035e-05]
    },
    "gfcc": {
        "mean": [71.5577850342, 27.813293457, -98.6884689331, 53.0303344727, -51.1203117371, 29.2906513214, -45.9851493835, 23.6890678406, -33.4782867432, 2.9027941227, -17.489982605, 2.34523463249, -19.3826751709],
        "cov": [[895.573669434, 116.584907532, -22.8861675262, -57.6711540222, 131.748580933, 112.028060913, 136.122817993, 20.1016387939, 22.2047328949, 52.1584587097, -7.10212087631, 36.2035980225, -1.23716294765], [116.584907532, 474.595550537, -70.278678894, -44.1246261597, 59.063129425, 54.245552063, 93.1471786499, 59.5261688232, 16.2813358307, -21.7418441772, 57.0531806946, -25.8238391876, -18.4490566254], [-22.8861675262, -70.278678894, 401.638122559, 216.661056519, 157.054534912, 95.9063186646, 12.9033107758, 12.6807718277, 54.4020843506, 71.5110015869, -9.38316822052, 50.0952911377, 15.7745141983], [-57.6711540222, -44.1246261597, 216.661056519, 314.596740723, 165.650299072, 31.3632507324, -31.9463729858, 19.4785385132, 88.1708450317, 53.5391349792, -6.19629526138, 36.0163002014, 55.0667762756], [131.748580933, 59.063129425, 157.054534912, 165.650299072, 266.985351562, 145.995635986, 82.4940719604, 38.0691871643, 45.2649002075, 58.4131622314, 5.7013835907, 39.6402587891, 28.0016212463], [112.028060913, 54.245552063, 95.9063186646, 31.3632507324, 145.995635986, 295.166748047, 209.403579712, 30.0727138519, -24.6746826172, 33.8266944885, 64.3997879028, 30.272151947, 8.3672914505], [136.122817993, 93.1471786499, 12.9033107758, -31.9463729858, 82.4940719604, 209.403579712, 255.22203064, 68.1594085693, -46.2449111938, 8.87488651276, 62.6020774841, 22.383972168, -8.6301317215], [20.1016387939, 59.5261688232, 12.6807718277, 19.4785385132, 38.0691871643, 30.0727138519, 68.1594085693, 106.042037964, 46.6232795715, 6.00059843063, 17.6574440002, 1.33317279816, 5.17590332031], [22.2047328949, 16.2813358307, 54.4020843506, 88.1708450317, 45.2649002075, -24.6746826172, -46.2449111938, 46.6232795715, 139.10118103, 52.8345985413, -20.4334011078, 8.27812767029, 23.6604938507], [52.1584587097, -21.7418441772, 71.5110015869, 53.5391349792, 58.4131622314, 33.8266944885, 8.87488651276, 6.00059843063, 52.8345985413, 82.5991668701, 15.5010147095, 12.1530771255, 10.0787525177], [-7.10212087631, 57.0531806946, -9.38316822052, -6.19629526138, 5.7013835907, 64.3997879028, 62.6020774841, 17.6574440002, -20.4334011078, 15.5010147095, 88.2816238403, 24.702501297, -3.5694065094], [36.2035980225, -25.8238391876, 50.0952911377, 36.0163002014, 39.6402587891, 30.272151947, 22.383972168, 1.33317279816, 8.27812767029, 12.1530771255, 24.702501297, 67.1596221924, 29.2431297302], [-1.23716294765, -18.4490566254, 15.7745141983, 55.0667762756, 28.0016212463, 8.3672914505, -8.6301317215, 5.17590332031, 23.6604938507, 10.0787525177, -3.5694065094, 29.2431297302, 63.7790031433]],
        "icov": [[0.00158954318613, -0.000423942808993, 0.000494878797326, 0.000517164124176, -0.000643586216029, 3.93414011342e-05, -0.000775024585892, 0.000308459741063, -4.78855326946e-05, -0.00150202447549, 0.00173859437928, -0.00167901359964, 0.000609043578152], [-0.000423942808993, 0.00427678180858, -0.00122945115436, 0.00248750695027, -0.0038744956255, 0.00325440079905, -0.00329541298561, 0.00330836605281, -0.00550014944747, 0.00664143590257, -0.0076219192706, 0.00670522451401, -0.00256506819278], [0.000494878797326, -0.00122945115436, 0.00702934199944, -0.00526482751593, 0.00257101003081, -0.00505952676758, 0.00401722127572, -0.00485206348822, 0.00536875100806, -0.00761605985463, 0.00817675516009, -0.00882533937693, 0.0066493274644], [0.000517164124176, 0.00248750695027, -0.00526482751593, 0.0117502175272, -0.00826982595026, 0.00560043752193, -0.00345674622804, 0.00589780276641, -0.0086915474385, 0.00794576108456, -0.00978615321219, 0.00873778481036, -0.00874900911003], [-0.000643586216029, -0.0038744956255, 0.00257101003081, -0.00826982595026, 0.0148661090061, -0.00938672013581, 0.00576670980081, -0.00852757040411, 0.00900391303003, -0.0114308958873, 0.0131762465462, -0.0114161409438, 0.00598595198244], [3.93414011342e-05, 0.00325440079905, -0.00505952676758, 0.00560043752193, -0.00938672013581, 0.0185628384352, -0.0159463342279, 0.0127848964185, -0.0104172490537, 0.00994993466884, -0.0145035944879, 0.012764532119, -0.00852344091982], [-0.000775024585892, -0.00329541298561, 0.00401722127572, -0.00345674622804, 0.00576670980081, -0.0159463342279, 0.0229969564825, -0.0181813165545, 0.0153314350173, -0.0111083965749, 0.0101001095027, -0.0123590994626, 0.00746997492388], [0.000308459741063, 0.00330836605281, -0.00485206348822, 0.00589780276641, -0.00852757040411, 0.0127848964185, -0.0181813165545, 0.0298318918794, -0.021930359304, 0.0175738614053, -0.0169988740236, 0.0158151108772, -0.00858775153756], [-4.78855326946e-05, -0.00550014944747, 0.00536875100806, -0.0086915474385, 0.00900391303003, -0.0104172490537, 0.0153314350173, -0.021930359304, 0.0311471316963, -0.0247679445893, 0.0205589495599, -0.0167019665241, 0.00702002923936], [-0.00150202447549, 0.00664143590257, -0.00761605985463, 0.00794576108456, -0.0114308958873, 0.00994993466884, -0.0111083965749, 0.0175738614053, -0.0247679445893, 0.0390440225601, -0.0254199802876, 0.0200451742858, -0.00989584065974], [0.00173859437928, -0.0076219192706, 0.00817675516009, -0.00978615321219, 0.0131762465462, -0.0145035944879, 0.0101001095027, -0.0169988740236, 0.0205589495599, -0.0254199802876, 0.0402154587209, -0.0280880331993, 0.0146393738687], [-0.00167901359964, 0.00670522451401, -0.00882533937693, 0.00873778481036, -0.0114161409438, 0.012764532119, -0.0123590994626, 0.0158151108772, -0.0167019665241, 0.0200451742858, -0.0280880331993, 0.0431392267346, -0.0213958788663], [0.000609043578152, -0.00256506819278, 0.0066493274644, -0.00874900911003, 0.00598595198244, -0.00852344091982, 0.00746997492388, -0.00858775153756, 0.00702002923936, -0.00989584065974, 0.0146393738687, -0.0213958788663, 0.030645115301]]
    },
    "melbands": {
        "max": [0.0159180164337, 0.0132037997246, 0.00817012600601, 0.00609808741137, 0.00501854717731, 0.00541710946709, 0.00316703994758, 0.00481129297987, 0.00267515028827, 0.00471733044833, 0.00393896456808, 0.00203644740395, 0.00190560356714, 0.00205375556834, 0.00229804543778, 0.00126299296971, 0.00114876951557, 0.000693493580911, 0.000789575569797, 0.000983052770607, 0.00092285964638, 0.000480148766655, 0.000333881529514, 0.00048397606588, 0.000328435766278, 0.000321304920362, 0.000364740088116, 0.000545791583136, 0.000155363086378, 8.01908390713e-05, 6.08146947343e-05, 4.26915903518e-05, 5.79399020353e-05, 0.000119257012557, 0.000113046116894, 8.39913263917e-05, 6.78435826558e-05, 5.29553217348e-05, 4.59647853859e-05, 5.0857594033e-05],
        "mean": [0.00285051157698, 0.0023470276501, 0.00107849691994, 0.000591549789533, 0.000272815173957, 0.000155185582116, 0.000123757185065, 0.00012833935034, 0.000132477653096, 0.000157424583449, 8.94039549166e-05, 7.919131167e-05, 8.98522557691e-05, 7.99027548055e-05, 8.70854710229e-05, 6.99011143297e-05, 5.87124450249e-05, 4.36692243966e-05, 3.81266254408e-05, 5.02149123349e-05, 5.61004781048e-05, 4.15657850681e-05, 4.75544657093e-05, 5.72303652007e-05, 4.65803168481e-05, 4.50165243819e-05, 3.97707699449e-05, 2.35428869928e-05, 1.22579440358e-05, 8.60960972204e-06, 8.04792398412e-06, 7.73416013544e-06, 1.05255794551e-05, 1.24238358694e-05, 1.41222781167e-05, 1.23521349451e-05, 1.02214298749e-05, 8.65171023179e-06, 9.28883218876e-06, 8.89740931598e-06],
        "min": [1.24724820694e-07, 1.42329565733e-06, 3.4036611396e-06, 3.68504311155e-06, 2.32475099438e-06, 7.70340022882e-07, 1.51975086737e-07, 4.30333983559e-07, 3.29876314709e-07, 3.42238791973e-07, 2.33517297943e-07, 2.00572131348e-07, 4.57496618367e-08, 9.24904171029e-08, 1.55551688863e-07, 1.19471366133e-07, 3.48989601662e-07, 2.82229905224e-07, 6.0997649598e-07, 5.12581834755e-07, 3.82923957432e-07, 5.75328215291e-07, 4.12660938309e-07, 8.49513867252e-07, 1.01754039861e-06, 9.79657443168e-07, 7.30471413135e-07, 2.69084779347e-07, 3.09484249783e-07, 1.01861637347e-07, 3.39828183371e-08, 2.75497082924e-08, 9.98123326212e-08, 1.87283049513e-07, 3.36265429723e-07, 2.28116007861e-07, 2.34243699992e-07, 9.44100406741e-08, 5.60147768169e-08, 2.99984108665e-08],
        "stdev": [0.00275594764389, 0.00201179599389, 0.000961628102232, 0.000696950999554, 0.00040711867041, 0.000255373539403, 0.000238450651523, 0.000313903059578, 0.000255854800344, 0.000333109899657, 0.000203567557037, 0.000169757724507, 0.000204546420719, 0.000190743230633, 0.000150513849803, 0.00011641891615, 9.29705129238e-05, 6.36016920907e-05, 5.43764326721e-05, 7.81454946264e-05, 8.85342815309e-05, 4.538180292e-05, 4.42079290224e-05, 5.33445199835e-05, 3.80015771952e-05, 4.13975394622e-05, 4.03773046855e-05, 2.51627698162e-05, 1.17788486023e-05, 8.07401647762e-06, 7.20074649507e-06, 5.8460341279e-06, 7.78924095357e-06, 9.98631094262e-06, 1.0592986655e-05, 9.30344685912e-06, 7.65907407185e-06, 6.65021934765e-06, 6.87582996761e-06, 7.04553576725e-06]
    },
    "melbands128": {
        "max": [0.0104916756973, 0.0200928021222, 0.0230258628726, 0.0218154937029, 0.0201082453132, 0.0124828303233, 0.0088359657675, 0.0132710654289, 0.0134447850287, 0.0104209640995, 0.0116262380034, 0.0100509049371, 0.00712075037882, 0.00818684324622, 0.00744044780731, 0.00403860025108, 0.0055193118751, 0.00571412593126, 0.00507494900376, 0.00897328369319, 0.00422360608354, 0.00601038523018, 0.00494435569271, 0.00440657278523, 0.010735402815, 0.00328637915663, 0.0033837039955, 0.00781814567745, 0.00368491583504, 0.00345362932421, 0.00400314806029, 0.00286152306944, 0.00392346829176, 0.00503367371857, 0.00508579704911, 0.00347333098762, 0.00369689846411, 0.00497636944056, 0.00390376639552, 0.00326439342462, 0.00229104072787, 0.00264918175526, 0.00165570725221, 0.00287464098074, 0.00195400626399, 0.00104325881694, 0.000842109555379, 0.000970092369244, 0.00204680650495, 0.00221908628009, 0.00131965545006, 0.0014840249205, 0.00211991975084, 0.00103484047577, 0.000889185292181, 0.000800153589807, 0.000528423406649, 0.000870539341122, 0.000667257467285, 0.000562706554774, 0.00096564827254, 0.00109332345892, 0.00048751317081, 0.000400864926632, 0.000449502957053, 0.000517587468494, 0.000839976419229, 0.000744869699702, 0.000564106565434, 0.000630023365375, 0.00123021518812, 0.000200098336791, 0.000154129782459, 0.000354532647179, 0.000100724319054, 0.000122768818983, 0.00016377751308, 6.74662442179e-05, 0.000106987718027, 0.000106645384221, 6.83865146129e-05, 5.07863005623e-05, 9.08622678253e-05, 9.32496259338e-05, 0.000150519801537, 0.000173662585439, 0.000126842889586, 0.000255542545347, 0.000143499317346, 0.000101817407995, 9.27751752897e-05, 0.000109814529424, 7.55098735681e-05, 9.89940454019e-05, 7.60273032938e-05, 7.55959117669e-05, 5.95567726123e-05, 7.42427509977e-05, 6.56732081552e-05, 5.16993386555e-05, 6.39928039163e-05, 7.86817327025e-05, 7.73150313762e-05, 9.13679177756e-05, 5.42243215023e-05, 4.46655940323e-05, 5.05000571138e-05, 4.43950157205e-05, 4.40440308012e-05, 3.05688336084e-05, 2.65655653493e-05, 2.23328061111e-05, 2.79673386103e-05, 2.06337554118e-05, 2.56132989307e-05, 1.07583973659e-05, 2.40972508436e-06, 7.59759473112e-08, 7.42771746332e-08, 7.18587997994e-08, 6.95528399319e-08, 6.76302960301e-08, 6.57092300571e-08, 6.41435136117e-08, 6.293798549e-08, 6.1910839122e-08, 6.1147552799e-08, 6.07984347312e-08],
        "mean": [0.000639389560092, 0.00251866364852, 0.00386609672569, 0.00336711620912, 0.00240653008223, 0.00149980175775, 0.00106853537727, 0.00119044957682, 0.000749096099753, 0.000505646923557, 0.000561743450817, 0.000360546691809, 0.000170935789356, 0.000200577720534, 0.000153762870468, 0.000139372670674, 0.000123510981211, 0.000114105394459, 0.000122639190522, 0.000175167035195, 9.38560260693e-05, 9.46900981944e-05, 0.000126864091726, 0.000165375939105, 0.000250597135164, 9.53180715442e-05, 9.47466105572e-05, 9.87210150925e-05, 7.15796995792e-05, 9.83374775387e-05, 6.66136984364e-05, 6.78469295963e-05, 0.000127229272039, 6.84296610416e-05, 6.22981606284e-05, 8.71641095728e-05, 0.000109636006528, 5.83305081818e-05, 0.00010628758173, 9.11751849344e-05, 3.99774544348e-05, 7.53041895223e-05, 6.09404523857e-05, 5.13980376127e-05, 4.9334459618e-05, 4.35660185758e-05, 3.80466699426e-05, 2.23412407649e-05, 4.04003803851e-05, 7.29453240638e-05, 3.86179381167e-05, 4.11728906329e-05, 7.16364011168e-05, 5.2576779126e-05, 4.74699045299e-05, 3.4619577491e-05, 3.70849738829e-05, 6.3602674345e-05, 4.14793175878e-05, 3.99048258259e-05, 6.74183829688e-05, 6.34012903902e-05, 4.16353905166e-05, 4.6386016038e-05, 4.57170935988e-05, 4.22634584538e-05, 4.80605849589e-05, 4.27775084972e-05, 3.62966748071e-05, 3.86337524105e-05, 2.53240141319e-05, 1.49430579768e-05, 1.38578780025e-05, 1.22043238662e-05, 9.66069092101e-06, 9.71999907051e-06, 7.62266017773e-06, 6.58623321215e-06, 8.8030947154e-06, 8.73692351888e-06, 7.2157113209e-06, 6.71980842526e-06, 9.88786996459e-06, 1.08092208393e-05, 1.13184432848e-05, 1.1645522136e-05, 1.30199068735e-05, 1.3695387679e-05, 1.44157083923e-05, 1.41030013765e-05, 1.40864103741e-05, 1.11550680231e-05, 1.07535843199e-05, 1.02958765638e-05, 1.01096566141e-05, 8.80111929291e-06, 7.68633981352e-06, 9.30222722673e-06, 9.962299373e-06, 8.96175060916e-06, 8.32314162835e-06, 9.03775162442e-06, 9.74615795712e-06, 6.90452770868e-06, 6.31967441223e-06, 5.20235471413e-06, 3.31964201905e-06, 2.8736690183e-06, 2.80440644929e-06, 2.35046491071e-06, 2.25025064537e-06, 2.02626370083e-06, 1.73240789536e-06, 1.35715004035e-06, 1.04071864371e-06, 6.42012082608e-07, 1.54211861059e-07, 6.14116535402e-10, 4.39089459237e-11, 4.23643481406e-11, 4.09659840772e-11, 3.9818946751e-11, 3.8699002336e-11, 3.77748630986e-11, 3.70745240064e-11, 3.64941306341e-11, 3.60619104023e-11, 3.58395153832e-11],
        "min": [4.23808588224e-09, 2.06718411278e-08, 8.68497735951e-08, 2.18845972455e-08, 3.86496935789e-07, 4.13504267271e-07, 2.25537760912e-07, 1.35271292834e-07, 3.72875115318e-06, 1.11576514428e-06, 8.03193188403e-07, 3.56062628271e-07, 1.43114192497e-07, 1.51949478777e-07, 2.73473602874e-07, 9.18737228517e-08, 1.17151451207e-07, 3.45746151709e-08, 1.06155376045e-07, 3.82257667297e-07, 1.88629940112e-07, 5.58288455466e-08, 6.70627429145e-08, 6.81095926325e-08, 9.73688969452e-08, 7.86519223084e-08, 7.76831132754e-09, 5.40293072504e-08, 9.30419119527e-08, 1.16994584687e-07, 1.47074104007e-07, 5.75461243102e-08, 2.595471571e-08, 3.5818008115e-08, 4.43726300148e-08, 3.76913931177e-08, 1.14659073347e-07, 7.85723344165e-08, 1.15127299694e-07, 3.55103182414e-08, 2.39969395466e-08, 1.32675609166e-07, 8.75510437481e-08, 1.15094877629e-07, 1.10601341419e-07, 1.95785489154e-07, 1.05228416203e-07, 6.13910557945e-08, 1.94076648086e-07, 2.60284309661e-07, 9.66025623939e-08, 1.21241427564e-07, 4.92526169182e-07, 1.48945673573e-07, 2.38794029883e-07, 4.74658520488e-07, 2.62022894049e-07, 1.97151081238e-07, 3.47044903037e-07, 4.64552613266e-07, 3.25733594764e-07, 7.30282522454e-07, 8.33038996007e-07, 2.98413596056e-07, 2.58993281932e-07, 4.85746170398e-07, 3.94807557313e-07, 7.10786707714e-07, 3.12780770173e-07, 2.76585126358e-07, 1.20059837627e-07, 4.33713083225e-08, 1.55592360329e-07, 1.08325593828e-07, 8.25880235311e-08, 1.21399608588e-07, 8.43599679001e-08, 5.18449425613e-08, 2.42529374361e-08, 1.86072988129e-08, 2.4567299306e-08, 1.92367402008e-08, 6.32154524283e-08, 1.14003405827e-07, 1.31741956011e-07, 1.35067537599e-07, 2.39502867316e-07, 2.02767282076e-07, 3.3114361031e-07, 2.92595558449e-07, 2.18410278308e-07, 6.04037353469e-08, 1.48202744299e-07, 2.92590613071e-07, 1.39051849146e-07, 1.13957042913e-07, 7.91226142383e-08, 7.16893069352e-08, 6.59929924041e-08, 5.09187891851e-08, 1.83283290767e-08, 2.94107582732e-08, 2.90372970113e-08, 6.42311306365e-08, 2.10882191709e-08, 3.90899330682e-08, 3.06856478005e-08, 3.99726722833e-08, 2.67665942744e-08, 1.19920056108e-08, 1.48049599247e-08, 8.25084001121e-09, 1.25936523432e-08, 1.12015445808e-08, 1.72161385148e-09, 5.85569396791e-12, 6.09763921213e-13, 2.15691505455e-13, 1.36338341875e-13, 1.36012647542e-13, 2.28968834995e-13, 1.87111705795e-13, 1.95020228807e-13, 1.72159893763e-13, 1.89781906011e-13, 1.67839415868e-13, 1.97970519101e-13, 1.93900912037e-13],
        "stdev": [0.00110308639705, 0.00307845068164, 0.00424727099016, 0.00347980274819, 0.00255151628517, 0.00159228139091, 0.00112238421571, 0.00140257948078, 0.00105025433004, 0.000759485992603, 0.0010974353645, 0.000722906086594, 0.000367374217603, 0.000384554587072, 0.000310279981932, 0.000364198553143, 0.000336374301696, 0.00033712113509, 0.000331660179654, 0.000558850937523, 0.000272420438705, 0.000282393448288, 0.000388791988371, 0.000382488593459, 0.000679695513099, 0.000237283675233, 0.000235956322285, 0.000341733830282, 0.000230290388572, 0.000280464213574, 0.000204291151022, 0.000187140962225, 0.000356493284926, 0.000231422556681, 0.00027468719054, 0.000275985628832, 0.000348135421518, 0.000174059648998, 0.000239229542785, 0.000224027753575, 0.000111824301712, 0.000207514793146, 0.000128020954435, 0.000128555911942, 0.000120061071357, 8.24449380161e-05, 7.7234733908e-05, 4.69383194286e-05, 9.04375774553e-05, 0.000142225195304, 9.97451061266e-05, 9.77882664301e-05, 0.0001737249695, 8.78116479726e-05, 8.29397176858e-05, 5.82313878112e-05, 4.97941691719e-05, 8.28093034215e-05, 5.06255200889e-05, 5.46542723896e-05, 8.06860189186e-05, 7.92064092821e-05, 5.34089085704e-05, 5.07612276124e-05, 5.28998571099e-05, 5.54433754587e-05, 6.39642967144e-05, 5.65755690332e-05, 5.4851261666e-05, 4.66028723167e-05, 4.28630046372e-05, 1.68324713741e-05, 1.46314951053e-05, 1.98717116291e-05, 1.07952282633e-05, 1.12036495921e-05, 8.88718386705e-06, 6.75203182254e-06, 9.74526301434e-06, 9.24861160456e-06, 6.96394999977e-06, 6.02561340202e-06, 9.16559929465e-06, 9.02343072084e-06, 1.10034925456e-05, 1.15685088531e-05, 1.21499351735e-05, 1.31464057631e-05, 1.24504049381e-05, 1.23708996398e-05, 1.19713959066e-05, 1.03931406557e-05, 9.09478512767e-06, 8.90667979547e-06, 9.08942365641e-06, 8.69041468832e-06, 6.71215730108e-06, 7.93024628365e-06, 8.38818868942e-06, 7.43252985558e-06, 7.5084776654e-06, 8.19151318865e-06, 8.52451830724e-06, 6.37031598671e-06, 6.10507458987e-06, 5.38380618309e-06, 3.5248367567e-06, 3.07633968077e-06, 3.03389742839e-06, 2.41746101892e-06, 2.42615919888e-06, 2.39238511313e-06, 2.26258089242e-06, 1.55874181473e-06, 1.2372540823e-06, 8.25734616683e-07, 2.20122146288e-07, 3.03307490235e-09, 1.62197566489e-09, 1.56926827088e-09, 1.5189678404e-09, 1.47701995079e-09, 1.43509271133e-09, 1.40093392442e-09, 1.37463385119e-09, 1.35222988362e-09, 1.33557365167e-09, 1.32795185959e-09]
    },
    "mfcc": {
        "mean": [-575.52142334, 58.2220001221, 14.7806997299, 26.9539070129, 23.1533298492, 4.22999382019, 10.5395832062, 12.1083087921, -5.04718255997, 5.71192932129, 1.96644473076, -3.09567046165, -0.22074188292],
        "cov": [[901.784118652, 142.458724976, -162.508026123, -73.7049331665, -40.0728340149, 77.6493377686, 63.656791687, 40.6405754089, 34.7688102722, 42.8491973877, 39.9690437317, 5.26607227325, -27.5250263214], [142.458724976, 417.540496826, -87.7096710205, -80.4052276611, -33.5897483826, -11.2594633102, 89.3083267212, 68.0679931641, -29.3100166321, 45.8080253601, 48.3554954529, -0.201397255063, 3.62135314941], [-162.508026123, -87.7096710205, 256.409942627, 98.919631958, 82.9765777588, 71.5070877075, 0.717348814011, -0.178152382374, 33.1883277893, -7.48707818985, 20.6945266724, 32.9799232483, 17.6036605835], [-73.7049331665, -80.4052276611, 98.919631958, 272.907745361, 174.810028076, 14.5443105698, -91.2557296753, -26.8884506226, 76.3176879883, -0.289081275463, -10.8947114944, 26.4561653137, 34.7678146362], [-40.0728340149, -33.5897483826, 82.9765777588, 174.810028076, 238.49130249, 89.5645446777, -46.7710762024, -8.61722755432, 76.9924163818, 22.1237335205, 10.8503322601, 25.7644996643, 25.4383430481], [77.6493377686, -11.2594633102, 71.5070877075, 14.5443105698, 89.5645446777, 249.088729858, 149.686462402, 46.1843109131, 42.5291252136, 23.2897853851, 47.893661499, 25.0377540588, -16.4048347473], [63.656791687, 89.3083267212, 0.717348814011, -91.2557296753, -46.7710762024, 149.686462402, 312.898590088, 127.142158508, -23.2583045959, 31.7879047394, 62.2446098328, 2.40976977348, -25.087720871], [40.6405754089, 68.0679931641, -0.178152382374, -26.8884506226, -8.61722755432, 46.1843109131, 127.142158508, 129.78086853, 21.6255912781, 25.3781700134, 31.8358364105, 6.92458868027, 0.284596145153], [34.7688102722, -29.3100166321, 33.1883277893, 76.3176879883, 76.9924163818, 42.5291252136, -23.2583045959, 21.6255912781, 120.453277588, 34.9162368774, 9.22440624237, 16.5836467743, 6.45737552643], [42.8491973877, 45.8080253601, -7.48707818985, -0.289081275463, 22.1237335205, 23.2897853851, 31.7879047394, 25.3781700134, 34.9162368774, 92.6797332764, 43.3286323547, -0.350171089172, 0.443943589926], [39.9690437317, 48.3554954529, 20.6945266724, -10.8947114944, 10.8503322601, 47.893661499, 62.2446098328, 31.8358364105, 9.22440624237, 43.3286323547, 88.9624710083, 34.9992408752, -7.6476726532], [5.26607227325, -0.201397255063, 32.9799232483, 26.4561653137, 25.7644996643, 25.0377540588, 2.40976977348, 6.92458868027, 16.5836467743, -0.350171089172, 34.9992408752, 72.9450454712, 20.4820976257], [-27.5250263214, 3.62135314941, 17.6036605835, 34.7678146362, 25.4383430481, -16.4048347473, -25.087720871, 0.284596145153, 6.45737552643, 0.443943589926, -7.6476726532, 20.4820976257, 60.7502937317]],
        "icov": [[0.00148672203068, -0.00035963091068, 0.00108297669794, -0.000167189864442, 0.000626948429272, -0.00105250650086, 0.000450866704341, -0.000133164357976, -0.000579609361012, -3.25202963722e-05, -0.000377492600819, -0.000136841335916, 0.000177453068318], [-0.00035963091068, 0.00333291222341, 0.00067832187051, 0.000662076112349, -0.000925307744183, 0.000909376773052, -0.000447370577604, -0.00116609456018, 0.00102581421379, -0.000739486829843, -0.00128590641543, 0.000241908608587, -0.000830421049614], [0.00108297669794, 0.00067832187051, 0.00624893000349, -0.00161557737738, 0.000372612441424, -0.00206884765066, 0.000521633133758, -0.00040492307744, -0.000239159882767, 0.00112421193626, -0.00214639562182, -0.000323867803672, -0.00107708992437], [-0.000167189864442, 0.000662076112349, -0.00161557737738, 0.00908901263028, -0.00619562389329, 0.00261852541007, -0.000528950477019, 0.000888035283424, -0.00255488371477, 0.0011777972104, 0.000418408773839, -0.000591305026319, -0.00125494971871], [0.000626948429272, -0.000925307744183, 0.000372612441424, -0.00619562389329, 0.0119899613783, -0.00594677589834, 0.00336216087453, -0.000836170627736, -0.000875050027389, -0.00152587960474, -0.000529389595613, 0.00071749772178, -0.00166145083494], [-0.00105250650086, 0.000909376773052, -0.00206884765066, 0.00261852541007, -0.00594677589834, 0.011287114583, -0.00696700485423, 0.00322029436938, -0.00289944116957, 0.0012315120548, -0.000395774346543, -0.00148183037527, 0.0019646382425], [0.000450866704341, -0.000447370577604, 0.000521633133758, -0.000528950477019, 0.00336216087453, -0.00696700485423, 0.0111348247156, -0.00827326532453, 0.00417830375955, -0.00120280357078, -0.00197063758969, 0.00136904744431, 0.000585361733101], [-0.000133164357976, -0.00116609456018, -0.00040492307744, 0.000888035283424, -0.000836170627736, 0.00322029436938, -0.00827326532453, 0.0164824556559, -0.00600845040753, 0.00109150656499, -0.00105542957317, 0.000275690312264, -0.00225089443848], [-0.000579609361012, 0.00102581421379, -0.000239159882767, -0.00255488371477, -0.000875050027389, -0.00289944116957, 0.00417830375955, -0.00600845040753, 0.0158552527428, -0.00669778650627, 0.00338942976668, -0.00311692873947, 0.00238601118326], [-3.25202963722e-05, -0.000739486829843, 0.00112421193626, 0.0011777972104, -0.00152587960474, 0.0012315120548, -0.00120280357078, 0.00109150656499, -0.00669778650627, 0.0195485465229, -0.0118595082313, 0.00753759779036, -0.00396601017565], [-0.000377492600819, -0.00128590641543, -0.00214639562182, 0.000418408773839, -0.000529389595613, -0.000395774346543, -0.00197063758969, -0.00105542957317, 0.00338942976668, -0.0118595082313, 0.026356542483, -0.0142310000956, 0.00743641331792], [-0.000136841335916, 0.000241908608587, -0.000323867803672, -0.000591305026319, 0.00071749772178, -0.00148183037527, 0.00136904744431, 0.000275690312264, -0.00311692873947, 0.00753759779036, -0.0142310000956, 0.0245224479586, -0.00956374872476], [0.000177453068318, -0.000830421049614, -0.00107708992437, -0.00125494971871, -0.00166145083494, 0.0019646382425, 0.000585361733101, -0.00225089443848, 0.00238601118326, -0.00396601017565, 0.00743641331792, -0.00956374872476, 0.0230355188251]]
    },
    "spectral_contrast_coeffs": {
        "max": [-0.408133327961, -0.425905942917, -0.478049129248, -0.564396619797, -0.585558414459, -0.712473213673],
        "mean": [-0.724484324455, -0.748796761036, -0.762146472931, -0.767666876316, -0.758053660393, -0.806477427483],
        "min": [-0.909153938293, -0.924469470978, -0.9061216712, -0.885658562183, -0.872757077217, -0.860701322556],
        "stdev": [0.0736123621464, 0.0809433981776, 0.0815895572305, 0.0550301745534, 0.0418406166136, 0.0216379091144]
    },
    "spectral_contrast_valleys": {
        "max": [-5.22299385071, -5.42911863327, -5.56827449799, -5.87321424484, -5.61447143555, -7.53142738342],
        "mean": [-6.37918519974, -7.04844379425, -7.47484207153, -7.26818132401, -6.67187690735, -8.42977142334],
        "min": [-9.22787570953, -8.81520938873, -9.30947494507, -8.68997859955, -8.18273639679, -10.1037349701],
        "stdev": [0.682900846004, 0.521965146065, 0.505984187126, 0.463781177998, 0.368939310312, 0.360325962305]
    }
},
"rhythm": {
    "beats_count": 70,
    "beats_loudness": {
        "max": 0.0593408830464,
        "mean": 0.0365981385112,
        "min": 0.00904699228704,
        "stdev": 0.0111260507256
    },
    "bpm": 86.3437042236,
    "bpm_histogram_first_peak_bpm": 86,
    "bpm_histogram_first_peak_weight": 0.109375,
    "bpm_histogram_second_peak_bpm": 91,
    "bpm_histogram_second_peak_spread": 0.199999988079,
    "bpm_histogram_second_peak_weight": 0.0579710155725,
    "danceability": 1.18384230137,
    "onset_rate": 3.03515625,
    "beats_loudness_band_ratio": {
        "max": [0.840345740318, 0.592246592045, 0.496034324169, 0.332298666239, 0.338647782803, 0.525659620762],
        "mean": [0.411376833916, 0.12086738646, 0.0884998217225, 0.0804221853614, 0.130411282182, 0.204650357366],
        "min": [0.00348556786776, 0.0156202027574, 0.00483500026166, 0.00733197759837, 0.0178579892963, 0.0804360881448],
        "stdev": [0.187148436904, 0.109116770327, 0.0868407934904, 0.0705463737249, 0.0743896737695, 0.0853936225176]
    },
    "beats_position": [0.626938760281, 1.26548755169, 1.92725622654, 2.58902478218, 3.23918366432, 3.90095233917, 4.57433080673, 5.24770975113, 5.94430828094, 6.64090681076, 7.33750534058, 8.03410434723, 8.73070240021, 9.42730140686, 10.1239004135, 10.8204984665, 11.5170974731, 12.2136955261, 12.9102945328, 13.6068935394, 14.3034915924, 15.0000905991, 15.696688652, 16.4048976898, 17.1014957428, 17.7980957031, 18.4946937561, 19.179681778, 19.8762817383, 20.5844898224, 21.2926979065, 21.9892959595, 22.6858959198, 23.3824939728, 24.0790920258, 24.7756919861, 25.4722900391, 26.168888092, 26.865486145, 27.5736961365, 28.2819042206, 28.9785022736, 29.6751022339, 30.3717002869, 31.0566883087, 31.7648983002, 32.4614944458, 33.1580963135, 33.8546943665, 34.5629005432, 35.2594985962, 35.9444885254, 36.6294784546, 37.3376846313, 38.034286499, 38.730884552, 39.427482605, 40.124080658, 40.8206787109, 41.5172767639, 42.2138786316, 42.9104766846, 43.6070747375, 44.3036727905, 45.011882782, 45.708480835, 46.4050788879, 47.0900688171, 47.7866668701, 48.4832649231],
