{
"metadata": {
    "version": {
        "essentia": "2.1-beta5",
        "essentia_git_sha": "Undefined",
        "extractor": "music 2.0"
    },
    "audio_properties": {
        "analysis": {
            "equal_loudness": 0,
            "length": 48.7502937317,
            "sample_rate": 44100,
            "start_time": 77.7404098511,
            "downmix": "mix"
        },
        "bit_rate": 192000,
        "length": 185.80607605,
        "lossless": 0,
        "number_channels": 2,
        "replay_gain": -8.80129432678,
        "sample_rate": 48000,
        "codec": "mp3",
        "md5_encoded": "2f8c63d34b6cff9d8830922d88ce9dd8"
    },
    "tags": {
        "file_name": "Malta_Vertigo_Olivia Lewis.mp3",
        "encoding": ["Lavf58.29.100"]
    }
},
"lowlevel": {
    "average_loudness": 0.946672677994,
    "barkbands_crest": {
        "max": 22.9540462494,
        "mean": 8.79758071899,
        "min": 2.598559618,
        "stdev": 3.78435087204
    },
    "barkbands_flatness_db": {
        "max": 0.232470184565,
        "mean": 0.0884000062943,
        "min": 0.0226521715522,
        "stdev": 0.0314462035894
    },
    "barkbands_kurtosis": {
        "max": 26.0033054352,
        "mean": 1.0488140583,
        "min": -1.66489136219,
        "stdev": 2.75122284889
    },
    "barkbands_skewness": {
        "max": 4.67546844482,
        "mean": 0.98694652319,
        "min": -1.0283498764,
        "stdev": 0.794694244862
    },
    "barkbands_spread": {
        "max": 89.6241760254,
        "mean": 32.0519142151,
        "min": 3.81884598732,
        "stdev": 11.8991193771
    },
    "dissonance": {
        "max": 0.499999970198,
        "mean": 0.471225827932,
        "min": 0.334809273481,
        "stdev": 0.0230853613466
    },
    "dynamic_complexity": 1.80339729786,
    "erbbands_crest": {
        "max": 31.3478984833,
        "mean": 9.1504201889,
        "min": 2.24023246765,
        "stdev": 5.92034292221
    },
    "erbbands_flatness_db": {
        "max": 0.273761600256,
        "mean": 0.128065496683,
        "min": 0.0430841073394,
        "stdev": 0.0434900708497
    },
    "erbbands_kurtosis": {
        "max": 19.6037330627,
        "mean": 0.418846040964,
        "min": -1.66819691658,
        "stdev": 2.68385624886
    },
    "erbbands_skewness": {
        "max": 3.48843431473,
        "mean": 0.0845126733184,
        "min": -1.88334345818,
        "stdev": 0.747399747372
    },
    "erbbands_spread": {
        "max": 107.153137207,
        "mean": 40.3108863831,
        "min": 5.10956430435,
        "stdev": 16.525182724
    },
    "hfc": {
        "max": 88.2479476929,
        "mean": 27.5101852417,
        "min": 0.329499512911,
        "stdev": 15.783531189
    },
    "loudness_ebu128": {
        "integrated": -14.5584697723,
        "loudness_range": 2.11320590973,
        "momentary": {
            "max": -12.0042629242,
            "mean": -14.7394199371,
            "min": -19.032793045,
            "stdev": 1.2651553154
        },
        "short_term": {
            "max": -13.0842647552,
            "mean": -14.7449846268,
            "min": -15.8938922882,
            "stdev": 0.73048222065
        }
    },
    "melbands_crest": {
        "max": 30.2682857513,
        "mean": 12.3162279129,
        "min": 4.269947052,
        "stdev": 3.96929335594
    },
    "melbands_flatness_db": {
        "max": 0.296241313219,
        "mean": 0.156755968928,
        "min": 0.033590964973,
        "stdev": 0.0369213335216
    },
    "melbands_kurtosis": {
        "max": 75.1582565308,
        "mean": 7.17971944809,
        "min": -1.36157155037,
        "stdev": 8.61894989014
    },
    "melbands_skewness": {
        "max": 7.45318412781,
        "mean": 2.10910773277,
        "min": -1.04505074024,
        "stdev": 1.27678799629
    },
    "melbands_spread": {
        "max": 119.670837402,
        "mean": 33.1229438782,
        "min": 3.88169240952,
        "stdev": 14.8649482727
    },
    "pitch_salience": {
        "max": 0.802706122398,
        "mean": 0.54752177,
        "min": 0.256868094206,
        "stdev": 0.0977976098657
    },
    "silence_rate_20dB": {
        "max": 1,
        "mean": 1,
        "min": 1,
        "stdev": 0
    },
    "silence_rate_30dB": {
        "max": 1,
        "mean": 1,
        "min": 1,
        "stdev": 0
    },
    "silence_rate_60dB": {
        "max": 0,
        "mean": 0,
        "min": 0,
        "stdev": 0
    },
    "spectral_centroid": {
        "max": 3292.99047852,
        "mean": 1838.94909668,
        "min": 445.642028809,
        "stdev": 549.787231445
    },
    "spectral_complexity": {
        "max": 50,
        "mean": 23.7139453888,
        "min": 0,
        "stdev": 7.48881053925
    },
    "spectral_decrease": {
        "max": -4.91663827706e-11,
        "mean": -6.1882170499e-09,
        "min": -2.14901927365e-08,
        "stdev": 2.93477531166e-09
    },
    "spectral_energy": {
        "max": 0.0868746414781,
        "mean": 0.0258510317653,
        "min": 0.000215451873373,
        "stdev": 0.0120987622067
    },
    "spectral_energyband_high": {
        "max": 0.00839397776872,
        "mean": 0.00150273623876,
        "min": 1.35339896588e-05,
        "stdev": 0.00130050221924
    },
    "spectral_energyband_low": {
        "max": 0.0466193296015,
        "mean": 0.00766552425921,
        "min": 3.47222048731e-05,
        "stdev": 0.00605899421498
    },
    "spectral_energyband_middle_high": {
        "max": 0.0618004836142,
        "mean": 0.00864481274039,
        "min": 0.000121541161207,
        "stdev": 0.00889310333878
    },
    "spectral_energyband_middle_low": {
        "max": 0.0593248717487,
        "mean": 0.00897565297782,
        "min": 4.919472849e-05,
        "stdev": 0.00611195527017
    },
    "spectral_entropy": {
        "max": 8.71103096008,
        "mean": 7.76910257339,
        "min": 6.78333854675,
        "stdev": 0.322651743889
    },
    "spectral_flux": {
        "max": 0.222473800182,
        "mean": 0.0963234528899,
        "min": 0.0349705629051,
        "stdev": 0.0319048948586
    },
    "spectral_kurtosis": {
        "max": 18.9783668518,
        "mean": 4.00611877441,
        "min": -0.593044519424,
        "stdev": 1.47381186485
    },
    "spectral_rms": {
        "max": 0.00920628849417,
        "mean": 0.00488712126389,
        "min": 0.000458472408354,
        "stdev": 0.00115611683577
    },
    "spectral_rolloff": {
        "max": 11412.5976562,
        "mean": 2030.73840332,
        "min": 129.19921875,
        "stdev": 1244.79187012
    },
    "spectral_skewness": {
        "max": 3.01576852798,
        "mean": 1.46109092236,
        "min": 0.179371371865,
        "stdev": 0.266284584999
    },
    "spectral_spread": {
        "max": 21820500,
        "mean": 5027931.5,
        "min": 2473845.5,
        "stdev": 1328840.25
    },
    "spectral_strongpeak": {
        "max": 10.9534072876,
        "mean": 1.29099225998,
        "min": 0.00957879424095,
        "stdev": 1.81721818447
    },
    "zerocrossingrate": {
        "max": 0.25,
        "mean": 0.0804611295462,
        "min": 0.0205078125,
        "stdev": 0.0248546972871
    },
    "barkbands": {
        "max": [0.00202199793421, 0.0350675359368, 0.0273918099701, 0.0188423991203, 0.0391299910843, 0.0319943092763, 0.018491499126, 0.0109735559672, 0.0317084267735, 0.0447897426784, 0.0594846904278, 0.0387175641954, 0.0149913346395, 0.0119141340256, 0.0126005467027, 0.0142121138051, 0.00647612428293, 0.00505894236267, 0.00614473223686, 0.00803648494184, 0.00384807866067, 0.0015453764936, 0.00105842296034, 0.00131849723402, 0.00221710605547, 0.00111404061317, 0.000361766346032],
        "mean": [0.000134127592901, 0.00444937730208, 0.00247888662852, 0.00137541512959, 0.00230589555576, 0.00201590382494, 0.000881622370798, 0.000426638231147, 0.00128601293545, 0.00109782570507, 0.00274764117785, 0.00102857837919, 0.000498666253407, 0.000668707478326, 0.000529903569259, 0.000673929753248, 0.000380063225748, 0.000583565968554, 0.000473562889965, 0.000916054821573, 0.000275525642792, 0.000141089243698, 0.000109101558337, 0.000136299757287, 0.000123243298731, 8.55067628436e-05, 2.78941461147e-05],
        "min": [9.45371212424e-08, 8.71840347827e-06, 1.05860835902e-05, 9.01517887542e-06, 1.7191932784e-05, 1.84267128134e-06, 2.53719053944e-06, 2.47162120104e-06, 3.56449072569e-06, 1.87832426946e-06, 6.05241757512e-06, 3.02700777866e-06, 4.49369190392e-06, 3.01271643366e-06, 8.91367017175e-06, 7.34774403099e-06, 5.25536870555e-06, 3.45398689205e-06, 2.5700101105e-06, 2.39028099713e-06, 2.43535214395e-06, 6.34024047486e-07, 5.51727453058e-07, 1.18916955216e-06, 4.50136582231e-07, 2.23678753741e-07, 8.2720313932e-10],
        "stdev": [0.000200676397071, 0.00443444959819, 0.00249754823744, 0.00170219247229, 0.00267603667453, 0.00304549583234, 0.00151983951218, 0.000928216904867, 0.00253502838314, 0.00305845099501, 0.00712637510151, 0.00268400972709, 0.000843877147418, 0.000847851741128, 0.000880922365468, 0.00122966687195, 0.000474567787023, 0.000592142401729, 0.000625641725492, 0.00122964882758, 0.000293705088552, 0.000161917836522, 0.000135636975756, 0.000151313186507, 0.000188822232303, 0.000118985735753, 4.36715090473e-05]
    },
    "erbbands": {
        "max": [0.991192817688, 8.98206138611, 26.6150226593, 51.3753318787, 128.479141235, 125.608078003, 230.556716919, 296.984222412, 301.850921631, 524.04901123, 277.221160889, 971.44140625, 1365.61523438, 954.363098145, 2385.15771484, 897.578674316, 606.843688965, 425.913085938, 508.747344971, 804.866394043, 563.050109863, 241.562576294, 280.242492676, 472.560272217, 197.56829834, 402.812866211, 262.088806152, 62.3512840271, 66.9549102783, 48.5143928528, 33.4481887817, 30.0158901215, 26.961730957, 25.6592884064, 14.2828149796, 4.71684503555, 2.34948706627, 0.621800422668, 0.0717189535499, 0.00205365451984],
        "mean": [0.104806542397, 1.07912957668, 2.71926689148, 3.98725819588, 7.21115541458, 7.43476581573, 10.2066516876, 16.7205047607, 12.4152917862, 14.932592392, 10.1867399216, 25.2611865997, 48.6074829102, 35.7620697021, 120.65927124, 39.9106712341, 23.8158779144, 37.0062408447, 22.9760055542, 37.5963630676, 33.5900802612, 21.4477310181, 27.4550075531, 35.274143219, 20.6140174866, 47.139705658, 22.6004734039, 6.53117084503, 5.1127076149, 3.8572268486, 3.17586302757, 2.77505588531, 2.25024604797, 1.55031621456, 0.765022456646, 0.356882363558, 0.157293826342, 0.0471664816141, 0.00471305893734, 0.000146001199028],
        "min": [9.01188104763e-05, 0.00161936064251, 0.00961756892502, 0.0449280627072, 0.0851700976491, 0.0399820357561, 0.0147753907368, 0.011713356711, 0.0133390678093, 0.0870074406266, 0.044259890914, 0.070838727057, 0.0818986743689, 0.196294605732, 0.511497437954, 0.682152509689, 0.719772100449, 0.122791044414, 0.448134154081, 0.723729133606, 0.383356332779, 0.338986754417, 0.203989669681, 0.18006657064, 0.0993666797876, 0.110011741519, 0.0909718796611, 0.0491687767208, 0.0311797261238, 0.0210563149303, 0.0147123690695, 0.0231725182384, 0.0178623124957, 0.0068132514134, 0.00240052933805, 0.00095213385066, 0.0003946213983, 6.84160477249e-05, 4.08474534197e-06, 5.38634094482e-06],
        "stdev": [0.107758395374, 1.1011121273, 2.54538226128, 4.01791191101, 9.40441989899, 9.04247570038, 15.7744789124, 26.2246017456, 24.2289485931, 25.9653129578, 17.3461475372, 52.1975898743, 123.127326965, 67.4376220703, 311.570983887, 79.0039596558, 38.0920829773, 40.6962203979, 36.6480522156, 67.6559677124, 56.6543998718, 22.7963218689, 27.5040111542, 42.826713562, 21.1070518494, 65.4170684814, 27.9186077118, 6.31495046616, 5.86161708832, 4.93106460571, 3.86714482307, 3.01871275902, 2.60369420052, 2.29190659523, 1.25603032112, 0.49548304081, 0.229167759418, 0.0726701691747, 0.0071019330062, 0.000182364776265]
    },
    "gfcc": {
        "mean": [47.3488883972, 64.0823974609, -108.872428894, 30.759054184, -43.3986244202, 13.3126487732, -31.8508605957, 11.7452974319, -31.6125545502, 4.12688589096, -14.3366699219, -0.477267622948, -9.9089012146],
        "cov": [[996.639038086, -383.812225342, 174.917861938, -38.2231178284, 48.1987571716, -19.7236766815, 67.5491104126, 44.0825080872, 10.4181423187, 29.0953445435, -7.65124464035, 66.5384597778, -13.5634403229], [-383.812225342, 416.904541016, -160.81690979, 6.08731269836, -13.6839151382, -11.5921020508, 15.3049907684, 3.54861187935, -23.9806175232, -36.4157485962, 40.6928100586, -54.0532035828, 17.2088184357], [174.917861938, -160.81690979, 538.719360352, 3.2389497757, 52.0211257935, 32.2152366638, -23.2125244141, -22.9795742035, 79.6393890381, 51.915473938, -59.1781311035, 77.7835083008, -83.2624206543], [-38.2231178284, 6.08731269836, 3.2389497757, 217.747116089, 10.3930721283, -27.3447208405, -71.831703186, -32.5728874207, 64.9274902344, 43.8396987915, -12.443819046, 4.4446015358, 0.863493323326], [48.1987571716, -13.6839151382, 52.0211257935, 10.3930721283, 133.046798706, 17.4400539398, 31.7867107391, 5.44348716736, 3.41451025009, 15.2837896347, -0.0271172001958, 16.0445156097, -2.74403047562], [-19.7236766815, -11.5921020508, 32.2152366638, -27.3447208405, 17.4400539398, 182.320220947, 78.3289794922, 1.0069309473, -27.4433574677, -20.4596405029, 1.07254827023, 14.9100656509, -21.2638549805], [67.5491104126, 15.3049907684, -23.2125244141, -71.831703186, 31.7867107391, 78.3289794922, 171.86177063, 45.6999435425, -55.9441871643, -21.0164756775, 29.5491657257, -7.5938167572, 5.28619623184], [44.0825080872, 3.54861187935, -22.9795742035, -32.5728874207, 5.44348716736, 1.0069309473, 45.6999435425, 116.02822876, 2.81574988365, -8.78187942505, 12.9395494461, -15.4884767532, 30.8432025909], [10.4181423187, -23.9806175232, 79.6393890381, 64.9274902344, 3.41451025009, -27.4433574677, -55.9441871643, 2.81574988365, 114.056861877, 39.002746582, -28.5487728119, 22.1831512451, -20.6585903168], [29.0953445435, -36.4157485962, 51.915473938, 43.8396987915, 15.2837896347, -20.4596405029, -21.0164756775, -8.78187942505, 39.002746582, 85.6314620972, 19.0691280365, 10.7531175613, -9.1695690155], [-7.65124464035, 40.6928100586, -59.1781311035, -12.443819046, -0.0271172001958, 1.07254827023, 29.5491657257, 12.9395494461, -28.5487728119, 19.0691280365, 92.6002120972, 4.57849884033, 25.1871623993], [66.5384597778, -54.0532035828, 77.7835083008, 4.4446015358, 16.0445156097, 14.9100656509, -7.5938167572, -15.4884767532, 22.1831512451, 10.7531175613, 4.57849884033, 80.1673049927, 0.572761535645], [-13.5634403229, 17.2088184357, -83.2624206543, 0.863493323326, -2.74403047562, -21.2638549805, 5.28619623184, 30.8432025909, -20.6585903168, -9.1695690155, 25.1871623993, 0.572761535645, 86.8901062012]],
        "icov": [[0.00182910484727, 0.00168309651781, -0.000118449315778, -0.000136257105623, -0.000232842037803, 0.000972150533926, -0.00112098583486, -0.000499350659084, 9.36704782362e-06, 0.00041255884571, -0.000452306703664, -0.000633346615359, 0.000497085100506], [0.00168309651781, 0.00469019636512, 0.000354063871782, -0.000378590659238, -0.000490961130708, 0.000993949943222, -0.00121283752378, 0.000190149003174, -0.00116018240806, 0.00241812504828, -0.00248702289537, 0.00141255231574, 0.000601850741077], [-0.000118449315778, 0.000354063871782, 0.00316176051274, 0.000529233540874, -0.000678822223563, -0.000309514260152, 0.000231557816733, -0.000430438638432, -0.000597496167757, -0.00146938452963, 0.0015396164963, -0.00236942386255, 0.00224960711785], [-0.000136257105623, -0.000378590659238, 0.000529233540874, 0.00681151915342, -0.000925620435737, -0.000794829218648, 0.00169875402935, 0.00190556887537, -0.00331968837418, -0.00223190523684, 0.000449152983492, 0.00103310239501, -0.0016721652355], [-0.000232842037803, -0.000490961130708, -0.000678822223563, -0.000925620435737, 0.00876145530492, -3.73396396753e-05, -0.00212234538049, -0.000218239976675, 0.000709928805009, -0.00180332339369, 0.00113156647421, -0.00143357331399, -0.000446330959676], [0.000972150533926, 0.000993949943222, -0.000309514260152, -0.000794829218648, -3.73396396753e-05, 0.00820547807962, -0.00426978617907, 0.000131742679514, 0.000920905091334, 0.00172202219255, -2.82813601871e-07, -0.00219219666906, 0.00230128807016], [-0.00112098583486, -0.00121283752378, 0.000231557816733, 0.00169875402935, -0.00212234538049, -0.00426978617907, 0.0117198713124, -0.00360948429443, 0.00343311484903, -0.000491169048473, -0.00149110739585, 0.000619979517069, 0.000919092795812], [-0.000499350659084, 0.000190149003174, -0.000430438638432, 0.00190556887537, -0.000218239976675, 0.000131742679514, -0.00360948429443, 0.0132868392393, -0.00575332576409, 0.00188989832532, -0.00168087042402, 0.00457441387698, -0.00572982896119], [9.36704782362e-06, -0.00116018240806, -0.000597496167757, -0.00331968837418, 0.000709928805009, 0.000920905091334, 0.00343311484903, -0.00575332576409, 0.0182937998325, -0.00654679257423, 0.00560280261561, -0.00565736880526, 0.00384459644556], [0.00041255884571, 0.00241812504828, -0.00146938452963, -0.00223190523684, -0.00180332339369, 0.00172202219255, -0.000491169048473, 0.00188989832532, -0.00654679257423, 0.0201547574252, -0.00899781193584, 0.00281097181141, 0.00108323001768], [-0.000452306703664, -0.00248702289537, 0.0015396164963, 0.000449152983492, 0.00113156647421, -2.82813601871e-07, -0.00149110739585, -0.00168087042402, 0.00560280261561, -0.00899781193584, 0.0180281624198, -0.00487000495195, -0.00219537061639], [-0.000633346615359, 0.00141255231574, -0.00236942386255, 0.00103310239501, -0.00143357331399, -0.00219219666906, 0.000619979517069, 0.00457441387698, -0.00565736880526, 0.00281097181141, -0.00487000495195, 0.0193307306617, -0.00466679316014], [0.000497085100506, 0.000601850741077, 0.00224960711785, -0.0016721652355, -0.000446330959676, 0.00230128807016, 0.000919092795812, -0.00572982896119, 0.00384459644556, 0.00108323001768, -0.00219537061639, -0.00466679316014, 0.0178620889783]]
    },
    "melbands": {
        "max": [0.00838692113757, 0.0104063265026, 0.00901108048856, 0.00991072598845, 0.00613189535215, 0.00619388977066, 0.00396025320515, 0.00499660056084, 0.00322554889135, 0.00626061530784, 0.0068226819858, 0.00478221615776, 0.00979674141854, 0.0048564625904, 0.00175000960007, 0.00101267907303, 0.000807743112091, 0.00105742947198, 0.00108073477168, 0.00133111700416, 0.000807974196505, 0.000283584231511, 0.000274368969258, 0.000256609317148, 0.000443867611466, 0.000212815983105, 0.000183736803592, 0.000339094433002, 0.000253962090937, 4.92575818498e-05, 3.4901437175e-05, 4.59942602902e-05, 2.97703099932e-05, 3.02798034681e-05, 1.81874966074e-05, 1.88406465895e-05, 1.91523668036e-05, 2.28263870667e-05, 2.4502942324e-05, 2.79331088677e-05],
        "mean": [0.00111766718328, 0.0014360412024, 0.000804867013358, 0.000525382172782, 0.000352627132088, 0.000383912178222, 0.000187300000107, 0.000147755112266, 9.19936937862e-05, 0.000176520217792, 0.000237492349697, 0.000109106840682, 0.000426676415373, 0.000157164016855, 6.49363646517e-05, 5.24925890204e-05, 6.93698020768e-05, 3.47269342456e-05, 4.22927223553e-05, 4.94291198265e-05, 3.7664645788e-05, 2.19006251427e-05, 1.92665502254e-05, 3.12932825182e-05, 2.91510914394e-05, 1.3714456145e-05, 1.81761042768e-05, 3.51318412868e-05, 1.81417908607e-05, 4.8369643082e-06, 3.23400445268e-06, 2.8066701816e-06, 2.76484229289e-06, 1.90997184291e-06, 1.83456938885e-06, 1.63487470672e-06, 1.77507899934e-06, 1.55236375576e-06, 1.51184553943e-06, 1.29235206714e-06],
        "min": [1.71443036834e-06, 4.35262018073e-06, 8.43496582092e-06, 4.75268961964e-06, 5.30822376277e-07, 2.75066895483e-07, 2.8504985039e-07, 8.10829305919e-07, 3.26362993519e-07, 4.95853214488e-07, 3.93126953213e-07, 6.24575420716e-07, 1.50564130763e-06, 5.91286152485e-07, 1.51366464252e-06, 7.39357574275e-07, 1.57621613539e-07, 6.15831368123e-07, 6.42082511604e-07, 8.05461411346e-07, 4.0858731154e-07, 2.49344338954e-07, 1.78777185056e-07, 2.01530326649e-07, 1.3013315936e-07, 7.96812926751e-08, 7.58008553703e-08, 6.87219809947e-08, 6.67515180908e-08, 2.71765259185e-08, 2.0396303313e-08, 9.86617809673e-09, 1.04929451794e-08, 1.16743494871e-08, 9.39801214628e-09, 6.89672274845e-09, 1.5299354672e-08, 1.36765541114e-08, 7.65046248574e-09, 4.55493287532e-09],
        "stdev": [0.00110891938675, 0.00123677018564, 0.000796127307694, 0.00064141897019, 0.000469780323328, 0.000580358027946, 0.000331913441187, 0.000268795527518, 0.000164643584867, 0.00036679088953, 0.00061565998476, 0.000245810864726, 0.0011137711117, 0.000392534275306, 0.000120892487757, 6.80739467498e-05, 8.2333215687e-05, 6.58865392325e-05, 6.9197085395e-05, 9.7322241345e-05, 7.06811624696e-05, 2.65094677161e-05, 2.35476909438e-05, 3.2956009818e-05, 4.03705889767e-05, 1.73903263203e-05, 2.08530727832e-05, 5.32960984856e-05, 2.70975633612e-05, 4.90569118483e-06, 3.70963039131e-06, 3.37526557814e-06, 3.37482174473e-06, 2.72898978437e-06, 2.37174435824e-06, 1.88051592431e-06, 2.04339698939e-06, 1.85215469628e-06, 1.96716405299e-06, 2.09522909245e-06]
    },
    "melbands128": {
        "max": [0.00182215857785, 0.00782378204167, 0.0131976567209, 0.0162794906646, 0.0125368842855, 0.0132058262825, 0.0107249440625, 0.0102930543944, 0.0150752142072, 0.0120458332822, 0.00683539966121, 0.00644251145422, 0.00807759072632, 0.0141143612564, 0.0110083539039, 0.00574899697676, 0.00833218358457, 0.00364744919352, 0.00477028079331, 0.00937215611339, 0.00450442079455, 0.00247998884879, 0.00389114045538, 0.00690740440041, 0.00922539643943, 0.00796498078853, 0.0133117102087, 0.0137085681781, 0.0144763635471, 0.0106580778956, 0.00391575694084, 0.0073369871825, 0.0204625166953, 0.0140773830935, 0.0131831625476, 0.00463812844828, 0.00529786013067, 0.00264299265109, 0.00449189776555, 0.00228823022917, 0.00109686597716, 0.00197399430908, 0.00161960953847, 0.00172282475978, 0.00321273086593, 0.00200729328208, 0.00152687262744, 0.00237312726676, 0.00255101313815, 0.00297802430578, 0.00188696058467, 0.00238455506042, 0.00160466716625, 0.0018646621611, 0.000860460277181, 0.000406003789976, 0.00057397474302, 0.000517616514117, 0.000499586807564, 0.000488289748318, 0.000507924822159, 0.000575897924136, 0.00116754509509, 0.000970443594269, 0.000510999467224, 0.000393641530536, 0.000263184221694, 0.000200638969545, 0.000325331056956, 0.00078371912241, 0.000761395553127, 0.000770347251091, 0.000865418114699, 0.00045665318612, 0.000198173991521, 9.54445931711e-05, 5.9190675529e-05, 7.12205874152e-05, 4.52716885775e-05, 5.76769089093e-05, 5.24254719494e-05, 5.17973821843e-05, 5.15454485139e-05, 4.14809401263e-05, 4.03735757573e-05, 3.49796682713e-05, 4.62104799226e-05, 3.9952017687e-05, 2.34925755649e-05, 3.34606193064e-05, 3.4113007132e-05, 1.62719934451e-05, 3.53311334038e-05, 2.52645204455e-05, 3.56455348083e-05, 3.26668196067e-05, 2.06909571716e-05, 2.47428833973e-05, 3.66761305486e-05, 2.76760129054e-05, 2.55158574873e-05, 4.17123774241e-05, 3.22122577927e-05, 2.01490383915e-05, 1.7788977857e-05, 2.49811309914e-05, 2.06194908969e-05, 1.02268086266e-05, 8.26734958537e-06, 8.15990915726e-06, 1.42891431096e-05, 8.01235455583e-06, 7.74573345552e-06, 1.17325398605e-05, 6.97360565027e-06, 9.59164390224e-06, 6.36428922007e-06, 4.17665523855e-06, 4.07787092627e-06, 3.13522832585e-06, 2.19877529162e-06, 2.50331754614e-06, 1.08227266082e-06, 8.18563847815e-08, 1.89631776948e-09, 1.88873516827e-09, 1.87853910205e-09, 1.87298221377e-09],
        "mean": [0.000119863099826, 0.000667760032229, 0.00161619181745, 0.00183949165512, 0.0014591445215, 0.00121435080655, 0.000765154894907, 0.000728356360923, 0.000800301961135, 0.000489528174512, 0.000404407503083, 0.000295957230264, 0.000283808418317, 0.000515955442097, 0.000379010336474, 0.000350095040631, 0.000256800762145, 0.000111216366349, 0.000152080421685, 0.00021908787312, 0.000109386077384, 5.2194314776e-05, 7.75371663622e-05, 0.000143381519592, 0.000157122412929, 0.000143013734487, 0.000330960087012, 0.000303718872601, 0.000114362330351, 6.53751703794e-05, 9.08559304662e-05, 0.000210945334402, 0.000652617716696, 0.000402372999815, 0.000174245462404, 0.000107714309706, 7.86858872743e-05, 6.40617799945e-05, 6.24274616712e-05, 3.68984256056e-05, 3.56244818249e-05, 9.86804734566e-05, 7.76156739448e-05, 5.67062816117e-05, 3.46392480424e-05, 3.23999847751e-05, 3.08931957989e-05, 3.47367167706e-05, 4.3717049266e-05, 7.40185423638e-05, 4.2407787987e-05, 3.56846576324e-05, 4.63914766442e-05, 3.67309039575e-05, 2.37593321799e-05, 2.08687797567e-05, 1.81664017873e-05, 2.12055529119e-05, 1.75621280505e-05, 2.00844060601e-05, 3.44291656802e-05, 3.54300937033e-05, 3.84080085496e-05, 2.61628501903e-05, 1.67703929037e-05, 1.31852902996e-05, 1.12845618787e-05, 1.32030318127e-05, 1.49252255142e-05, 3.13605341944e-05, 4.3796531827e-05, 3.24321881635e-05, 2.46720246651e-05, 1.81225659617e-05, 6.58768931316e-06, 5.17345733897e-06, 3.67120946976e-06, 3.24116876982e-06, 3.32645754497e-06, 3.1883871543e-06, 2.55740337707e-06, 2.39803148361e-06, 3.67209781871e-06, 2.70914074463e-06, 2.33426408158e-06, 1.88476724361e-06, 1.79439302883e-06, 1.87587875189e-06, 1.72497982476e-06, 1.88813817203e-06, 1.93890400624e-06, 1.27451562548e-06, 1.68224391928e-06, 1.7365119902e-06, 1.99356236408e-06, 1.6306158841e-06, 1.37384449772e-06, 1.52538552811e-06, 1.78401546691e-06, 1.31736385356e-06, 1.12451323275e-06, 1.48290450852e-06, 1.26774364162e-06, 7.71846544012e-07, 7.16875945272e-07, 9.52375842189e-07, 7.61806063565e-07, 6.45129944132e-07, 5.74542866616e-07, 5.15368071774e-07, 6.1919286054e-07, 5.62237687518e-07, 4.75209049e-07, 4.73360387332e-07, 3.76631930976e-07, 4.40968904059e-07, 3.93742425331e-07, 3.06809937456e-07, 2.32979417092e-07, 1.42531078495e-07, 9.1887045528e-08, 6.80401370801e-08, 3.35115863948e-08, 1.16811516016e-09, 6.16908607531e-12, 6.01677735412e-12, 5.92273886185e-12, 5.88016441094e-12],
        "min": [1.30263435594e-08, 6.02695777729e-08, 4.48686620302e-07, 2.43698514168e-06, 3.52673077941e-06, 4.62041953142e-06, 4.107399036e-06, 2.02105024982e-06, 2.24920404435e-06, 3.91216599382e-06, 9.10533060505e-07, 1.88756956732e-07, 2.81842119421e-07, 6.57712064367e-07, 2.98962476108e-07, 5.3664400923e-08, 3.2649452919e-08, 1.54182657752e-07, 3.39462019383e-07, 4.64749007278e-07, 2.60646771721e-07, 1.69192603039e-07, 1.44776635125e-07, 3.11620397042e-07, 3.54962480742e-07, 4.625400436e-07, 2.90305933959e-07, 2.13393889226e-07, 1.77943476842e-07, 2.97136296012e-07, 1.63569680467e-07, 3.22016376231e-07, 2.51889304081e-07, 4.9870118346e-07, 3.79604017553e-07, 1.62097336442e-07, 1.87722193346e-07, 3.61682737093e-07, 3.33640741701e-07, 1.74755257376e-07, 2.28162306826e-07, 8.33393087873e-08, 7.81440192554e-08, 1.60102004543e-07, 1.2664577298e-07, 8.77406876043e-08, 1.38603184041e-07, 3.86608689951e-07, 2.9043098948e-07, 5.82950121952e-07, 2.35081785149e-07, 9.71355120782e-08, 1.23267895447e-07, 1.61971243529e-07, 2.10690018321e-07, 4.34398614857e-08, 1.4092421452e-07, 1.90065577499e-07, 1.08596658777e-07, 1.02524289503e-07, 2.43755351903e-07, 1.14443601262e-07, 1.26794304833e-07, 1.32273385134e-07, 8.2244902444e-08, 8.26788735253e-08, 1.49636676383e-08, 9.49645766468e-08, 6.86275427597e-08, 8.09201168295e-08, 7.90482275193e-08, 4.91393841173e-08, 6.69354349725e-08, 6.0106373212e-08, 2.55294949625e-08, 1.07161817198e-08, 5.85969273104e-09, 6.03467098514e-09, 1.59585660242e-08, 1.40533744641e-08, 3.50996454124e-09, 4.44331416105e-09, 4.58022775263e-09, 4.06602751468e-09, 5.35423172465e-09, 7.43999972741e-09, 4.36894431743e-09, 1.18908047853e-08, 8.83562734089e-09, 5.98091665083e-09, 4.2469197048e-09, 5.87475179614e-09, 1.11294378158e-08, 1.23882619718e-08, 8.08378608497e-09, 1.47862238009e-08, 1.07673292504e-08, 7.00848934443e-09, 7.21066584219e-09, 5.45551914755e-09, 3.36353056518e-09, 4.01075617162e-09, 2.9675284452e-09, 1.22897780841e-09, 5.61759180839e-11, 1.99434602166e-09, 9.09378072844e-10, 1.86512583156e-10, 1.02608288532e-09, 1.01494401772e-09, 8.36976710161e-10, 1.04797348577e-09, 7.10813297111e-10, 7.92846732711e-10, 7.47346573515e-10, 9.05560904041e-11, 1.60825658346e-11, 1.14318222857e-12, 8.89809398581e-14, 7.14790301059e-14, 9.96915766084e-14, 8.39206430584e-14, 9.52239114925e-14, 8.28660463815e-14, 5.38531689403e-14, 1.45450058248e-14, 3.6643153518e-15, 1.45504153477e-16],
        "stdev": [0.000183999669389, 0.00078127568122, 0.0017783055082, 0.00199461216107, 0.00145124201663, 0.00124973291531, 0.000856375729199, 0.000971205998212, 0.00113120814785, 0.00078445620602, 0.000564571411815, 0.000458237802377, 0.000533665996045, 0.00116768525913, 0.000834177888464, 0.000587010290474, 0.000668706081342, 0.000317176309181, 0.000316819525324, 0.000430474989116, 0.000317713798722, 0.000170924133272, 0.000185673605301, 0.000338509737048, 0.000482422241475, 0.00047729871585, 0.00101205741521, 0.000951448513661, 0.000568301649764, 0.000308675807901, 0.000306297675706, 0.000617506331764, 0.00197771145031, 0.00141950894613, 0.000716017384548, 0.00035846591345, 0.000266759947408, 0.000148337785504, 0.000201690010726, 0.000116718729259, 6.13109077676e-05, 0.000144647929119, 0.000129519641632, 0.000113040034194, 0.000120839897136, 9.39043675316e-05, 9.10018497962e-05, 8.51318254718e-05, 0.000114901646157, 0.000204611453228, 0.000121362041682, 0.000121426521218, 0.000111061985081, 0.000100876757642, 5.35598119313e-05, 3.08316084556e-05, 3.00795982184e-05, 3.74923547497e-05, 2.92240201816e-05, 3.9897255192e-05, 5.01182803418e-05, 5.5273732869e-05, 7.11735556251e-05, 6.2854582211e-05, 3.19036444125e-05, 2.67324357992e-05, 2.12078593904e-05, 1.76659359568e-05, 2.40555891651e-05, 6.17250771029e-05, 8.66956834216e-05, 7.71337654442e-05, 6.09617418377e-05, 3.07401751343e-05, 1.08883987195e-05, 6.73094200465e-06, 4.34288040196e-06, 4.65302491648e-06, 4.4799708121e-06, 4.23709161623e-06, 3.66831545762e-06, 3.37706910614e-06, 5.39385700904e-06, 3.55168003807e-06, 3.55414090336e-06, 2.71703174803e-06, 3.16670139e-06, 3.17820354212e-06, 2.25929784392e-06, 2.77458843811e-06, 2.42740202339e-06, 1.67589541888e-06, 2.24851282837e-06, 2.14735473492e-06, 2.81375832856e-06, 2.28060730478e-06, 1.7773501213e-06, 1.9287865598e-06, 2.46105082624e-06, 2.0210409275e-06, 1.9381641323e-06, 2.50146922554e-06, 2.37139943238e-06, 1.40243275837e-06, 1.40782981362e-06, 1.7541485704e-06, 1.29359318635e-06, 1.04149501112e-06, 8.37425545797e-07, 8.50365324823e-07, 9.88335614238e-07, 8.30919077544e-07, 7.75027899635e-07, 7.89524449374e-07, 5.77903506382e-07, 7.97177165168e-07, 7.14727036666e-07, 5.60697060337e-07, 4.16997380626e-07, 2.59002206349e-07, 1.69862374833e-07, 1.56827979936e-07, 8.58445190488e-08, 4.40362635246e-09, 7.07266259448e-11, 6.99531127468e-11, 6.93478746649e-11, 6.89809528942e-11]
    },
    "mfcc": {
        "mean": [-602.887512207, 103.549835205, -3.65205717087, 24.3718643188, 10.2442626953, 3.58247184753, 13.4049978256, 1.33677446842, -0.914195477962, 3.60401201248, -5.50501489639, -0.0780030414462, -0.837058067322],
        "cov": [[890.251953125, -276.76550293, -28.6094055176, 26.8127937317, -32.0734291077, -22.6939373016, 3.74415540695, 21.6758403778, 16.8095741272, 7.42152690887, -0.907660782337, -4.63661146164, 41.7878837585], [-276.76550293, 332.596588135, -47.8023376465, -35.4757652283, -19.5828590393, -45.0854454041, 67.4027938843, 13.6319704056, -23.886636734, 24.2184925079, -22.3846340179, -1.90977835655, -0.09228515625], [-28.6094055176, -47.8023376465, 347.215881348, 0.371562153101, 36.2663192749, 78.176071167, -81.3101882935, 28.9756622314, 12.6546993256, -30.7479476929, 85.220123291, 14.5704450607, -2.62562537193], [26.8127937317, -35.4757652283, 0.371562153101, 191.734664917, 58.9298057556, 1.30537641048, -89.0546646118, -51.3417205811, 7.64429807663, 5.47623682022, 12.1093959808, 20.5444297791, -7.01415634155], [-32.0734291077, -19.5828590393, 36.2663192749, 58.9298057556, 120.114372253, 15.7676467896, -63.0404396057, -15.0464324951, 14.5791978836, -3.28033876419, 13.1242446899, 7.54836463928, 3.89874267578], [-22.6939373016, -45.0854454041, 78.176071167, 1.30537641048, 15.7676467896, 193.229263306, -22.6118030548, 23.4402046204, -2.01152181625, -47.6727256775, 78.4533004761, -3.84957170486, -16.2865829468], [3.74415540695, 67.4027938843, -81.3101882935, -89.0546646118, -63.0404396057, -22.6118030548, 252.73828125, 46.6816864014, -16.7496623993, 47.0733604431, -53.9602432251, -14.6864929199, 17.6715240479], [21.6758403778, 13.6319704056, 28.9756622314, -51.3417205811, -15.0464324951, 23.4402046204, 46.6816864014, 106.867752075, 27.0719547272, -4.75231313705, 7.90359830856, -11.9579401016, 10.4308309555], [16.8095741272, -23.886636734, 12.6546993256, 7.64429807663, 14.5791978836, -2.01152181625, -16.7496623993, 27.0719547272, 82.8237838745, 13.3859786987, 1.58067035675, -3.238717556, 6.02337932587], [7.42152690887, 24.2184925079, -30.7479476929, 5.47623682022, -3.28033876419, -47.6727256775, 47.0733604431, -4.75231313705, 13.3859786987, 81.5881195068, -12.0570306778, -3.32759928703, -0.87250161171], [-0.907660782337, -22.3846340179, 85.220123291, 12.1093959808, 13.1242446899, 78.4533004761, -53.9602432251, 7.90359830856, 1.58067035675, -12.0570306778, 112.653930664, 23.3405265808, -13.7403450012], [-4.63661146164, -1.90977835655, 14.5704450607, 20.5444297791, 7.54836463928, -3.84957170486, -14.6864929199, -11.9579401016, -3.238717556, -3.32759928703, 23.3405265808, 66.6992797852, 20.5600166321], [41.7878837585, -0.09228515625, -2.62562537193, -7.01415634155, 3.89874267578, -16.2865829468, 17.6715240479, 10.4308309555, 6.02337932587, -0.87250161171, -13.7403450012, 20.5600166321, 81.1076812744]],
        "icov": [[0.001759523293, 0.00164158793632, 0.000276481499895, -0.000488918565679, 0.00064642279176, 0.000637179357, -0.000157436719746, -0.000750673236325, 0.000375211588107, -0.000206041120691, -0.000628873181995, 0.000588967755903, -0.000996195129119], [0.00164158793632, 0.00492233457044, 0.000499631103594, -0.000161697375006, 0.000366725609638, 0.00132343976293, -0.000645870575681, -0.00138479738962, 0.00149810407311, -0.000685724546202, -0.00078527838923, 0.000341233098879, -0.000609209877439], [0.000276481499895, 0.000499631103594, 0.0039523774758, 0.00043890287634, -0.000691136752721, -0.000221854774281, 0.000846970186103, -0.00123003940098, 0.000171402847627, 0.000205667893169, -0.00223590270616, -9.17805118661e-06, -0.000400620978326], [-0.000488918565679, -0.000161697375006, 0.00043890287634, 0.00799620524049, -0.00262759579346, -0.00101937935688, 0.00218516052701, 0.00237898109481, -0.000501789851114, -0.00194910657592, 0.00102311174851, -0.00219039828517, 0.000841863977257], [0.00064642279176, 0.000366725609638, -0.000691136752721, -0.00262759579346, 0.0112332040444, -0.00102583819535, 0.00191555323545, 2.95659228868e-05, -0.000996995251626, -0.00122246961109, 0.000852750556078, 0.000195799570065, -0.001593629946], [0.000637179357, 0.00132343976293, -0.000221854774281, -0.00101937935688, -0.00102583819535, 0.0101632094011, -0.00255409278907, -0.000779054651503, -0.000153109009261, 0.00589930452406, -0.00759976962581, 0.00330720609054, 0.000273675890639], [-0.000157436719746, -0.000645870575681, 0.000846970186103, 0.00218516052701, 0.00191555323545, -0.00255409278907, 0.00811535492539, -0.00307815801352, 0.00262786122039, -0.00577793968841, 0.00417306041345, -0.00136486813426, -0.000884839391802], [-0.000750673236325, -0.00138479738962, -0.00123003940098, 0.00237898109481, 2.95659228868e-05, -0.000779054651503, -0.00307815801352, 0.0148407481611, -0.00602265167981, 0.00284126377665, -0.00181101809721, 0.00224479613826, -0.00124269572552], [0.000375211588107, 0.00149810407311, 0.000171402847627, -0.000501789851114, -0.000996995251626, -0.000153109009261, 0.00262786122039, -0.00602265167981, 0.0159677695483, -0.00482089351863, 0.00120369368233, 0.000243436472374, -0.0011057688389], [-0.000206041120691, -0.000685724546202, 0.000205667893169, -0.00194910657592, -0.00122246961109, 0.00589930452406, -0.00577793968841, 0.00284126377665, -0.00482089351863, 0.0197180882096, -0.00520804757252, 0.00245647854172, 0.0011454623891], [-0.000628873181995, -0.00078527838923, -0.00223590270616, 0.00102311174851, 0.000852750556078, -0.00759976962581, 0.00417306041345, -0.00181101809721, 0.00120369368233, -0.00520804757252, 0.0190045777708, -0.00764352688566, 0.00310754450038], [0.000588967755903, 0.000341233098879, -9.17805118661e-06, -0.00219039828517, 0.000195799570065, 0.00330720609054, -0.00136486813426, 0.00224479613826, 0.000243436472374, 0.00245647854172, -0.00764352688566, 0.0207664687186, -0.00638004764915], [-0.000996195129119, -0.000609209877439, -0.000400620978326, 0.000841863977257, -0.001593629946, 0.000273675890639, -0.000884839391802, -0.00124269572552, -0.0011057688389, 0.0011454623891, 0.00310754450038, -0.00638004764915, 0.0156240127981]]
    },
    "spectral_contrast_coeffs": {
        "max": [-0.518424808979, -0.481444031, -0.482366651297, -0.602495670319, -0.592559278011, -0.686857938766],
        "mean": [-0.73834002018, -0.754373550415, -0.741501927376, -0.778806567192, -0.767751812935, -0.785257458687],
        "min": [-0.890000164509, -0.919437527657, -0.904521822929, -0.882833003998, -0.871504545212, -0.880191266537],
        "stdev": [0.0554075911641, 0.0693262964487, 0.0883403643966, 0.0522131249309, 0.0518993549049, 0.0309475436807]
    },
    "spectral_contrast_valleys": {
        "max": [-5.08023309708, -5.19287395477, -5.76398086548, -5.98316907883, -5.67454862595, -8.09218597412],
        "mean": [-6.32517528534, -6.73517799377, -7.12782764435, -7.2121181488, -7.05626487732, -9.59644603729],
        "min": [-8.46265602112, -8.99465560913, -8.57448387146, -8.73740196228, -9.14868736267, -11.7744827271],
        "stdev": [0.45218321681, 0.466592013836, 0.400641649961, 0.437907904387, 0.431541115046, 0.534911334515]
    }
},
"rhythm": {
    "beats_count": 98,
    "beats_loudness": {
        "max": 0.0554773323238,
        "mean": 0.0270155332983,
        "min": 0.00373162142932,
        "stdev": 0.0103456228971
    },
    "bpm": 137.224365234,
    "bpm_histogram_first_peak_bpm": 136,
    "bpm_histogram_first_peak_weight": 0.333333313465,
    "bpm_histogram_second_peak_bpm": 103,
    "bpm_histogram_second_peak_spread": 0.333333313465,
    "bpm_histogram_second_peak_weight": 0.247422680259,
    "danceability": 1.25755310059,
    "onset_rate": 4.2041015625,
    "beats_loudness_band_ratio": {
        "max": [0.761983513832, 0.597496628761, 0.456045508385, 0.734839856625, 0.367068707943, 0.308491975069],
        "mean": [0.397792309523, 0.159677773714, 0.121537521482, 0.163177326322, 0.102012105286, 0.101119361818],
        "min": [0.0047383508645, 0.0122913457453, 0.0113933114335, 0.0117356218398, 0.00703205028549, 0.0118538737297],
        "stdev": [0.193170279264, 0.120141066611, 0.096630781889, 0.182875573635, 0.0794766247272, 0.0610572546721]
    },
