{
"metadata": {
    "version": {
        "essentia": "2.1-beta5",
        "essentia_git_sha": "Undefined",
        "extractor": "music 2.0"
    },
    "audio_properties": {
        "analysis": {
            "equal_loudness": 0,
            "length": 32.4963264465,
            "sample_rate": 44100,
            "start_time": 110.248344421,
            "downmix": "mix"
        },
        "bit_rate": 192000,
        "length": 218.65071106,
        "lossless": 0,
        "number_channels": 2,
        "replay_gain": -1.02957725525,
        "sample_rate": 48000,
        "codec": "mp3",
        "md5_encoded": "f61a2c8e26050dd916761a33899e747d"
    },
    "tags": {
        "file_name": "Israel_Derech Ha_melech_Gili ve Galit.mp3",
        "encoding": ["Lavf58.29.100"]
    }
},
"lowlevel": {
    "average_loudness": 0.982080340385,
    "barkbands_crest": {
        "max": 20.7560939789,
        "mean": 7.82425451279,
        "min": 2.895373106,
        "stdev": 3.20425748825
    },
    "barkbands_flatness_db": {
        "max": 0.246686965227,
        "mean": 0.133208394051,
        "min": 0.0688653066754,
        "stdev": 0.0281782280654
    },
    "barkbands_kurtosis": {
        "max": 30.3183135986,
        "mean": 0.576710939407,
        "min": -1.61161077023,
        "stdev": 2.41568183899
    },
    "barkbands_skewness": {
        "max": 4.81359481812,
        "mean": 0.753630638123,
        "min": -1.15835809708,
        "stdev": 0.706212162971
    },
    "barkbands_spread": {
        "max": 53.423122406,
        "mean": 21.4896659851,
        "min": 3.45487880707,
        "stdev": 7.01846694946
    },
    "dissonance": {
        "max": 0.499899804592,
        "mean": 0.462733089924,
        "min": 0.364246457815,
        "stdev": 0.0218173023313
    },
    "dynamic_complexity": 1.30629348755,
    "erbbands_crest": {
        "max": 24.2271537781,
        "mean": 8.69389438629,
        "min": 3.17532491684,
        "stdev": 3.49595689774
    },
    "erbbands_flatness_db": {
        "max": 0.300876170397,
        "mean": 0.194798186421,
        "min": 0.0934654325247,
        "stdev": 0.0313623584807
    },
    "erbbands_kurtosis": {
        "max": 6.78835201263,
        "mean": -0.329170882702,
        "min": -1.81202566624,
        "stdev": 0.87265843153
    },
    "erbbands_skewness": {
        "max": 2.6604783535,
        "mean": 0.153004199266,
        "min": -1.5052832365,
        "stdev": 0.502699375153
    },
    "erbbands_spread": {
        "max": 77.9820861816,
        "mean": 31.214389801,
        "min": 9.85461330414,
        "stdev": 10.3096313477
    },
    "hfc": {
        "max": 76.7175216675,
        "mean": 29.9264640808,
        "min": 0.864555597305,
        "stdev": 13.2492694855
    },
    "loudness_ebu128": {
        "integrated": -21.4190158844,
        "loudness_range": 1.17465209961,
        "momentary": {
            "max": -19.6058235168,
            "mean": -21.5216960907,
            "min": -26.5534858704,
            "stdev": 0.986860752106
        },
        "short_term": {
            "max": -20.781539917,
            "mean": -21.422334671,
            "min": -22.5837917328,
            "stdev": 0.403648585081
        }
    },
    "melbands_crest": {
        "max": 27.2988052368,
        "mean": 10.1621084213,
        "min": 3.83335709572,
        "stdev": 4.1915512085
    },
    "melbands_flatness_db": {
        "max": 0.344598740339,
        "mean": 0.162790119648,
        "min": 0.0344734117389,
        "stdev": 0.0394627340138
    },
    "melbands_kurtosis": {
        "max": 64.6746368408,
        "mean": 3.6357421875,
        "min": -1.2952991724,
        "stdev": 5.23415184021
    },
    "melbands_skewness": {
        "max": 6.29519271851,
        "mean": 1.4755614996,
        "min": -0.402227163315,
        "stdev": 0.890125215054
    },
    "melbands_spread": {
        "max": 120.396247864,
        "mean": 30.0148410797,
        "min": 3.33682775497,
        "stdev": 11.5722637177
    },
    "pitch_salience": {
        "max": 0.827567100525,
        "mean": 0.579339325428,
        "min": 0.255320459604,
        "stdev": 0.0801746621728
    },
    "silence_rate_20dB": {
        "max": 1,
        "mean": 1,
        "min": 1,
        "stdev": 0
    },
    "silence_rate_30dB": {
        "max": 1,
        "mean": 1,
        "min": 1,
        "stdev": 0
    },
    "silence_rate_60dB": {
        "max": 0,
        "mean": 0,
        "min": 0,
        "stdev": 0
    },
    "spectral_centroid": {
        "max": 3349.67456055,
        "mean": 1649.97167969,
        "min": 341.63067627,
        "stdev": 463.59173584
    },
    "spectral_complexity": {
        "max": 54,
        "mean": 26.761598587,
        "min": 2,
        "stdev": 7.65905618668
    },
    "spectral_decrease": {
        "max": -2.00063632327e-10,
        "mean": -7.03075953012e-09,
        "min": -2.46671092441e-08,
        "stdev": 2.74570521874e-09
    },
    "spectral_energy": {
        "max": 0.0959245413542,
        "mean": 0.0292501393706,
        "min": 0.000833503203467,
        "stdev": 0.0111712524667
    },
    "spectral_energyband_high": {
        "max": 0.00873353518546,
        "mean": 0.000861708715092,
        "min": 4.98665440318e-06,
        "stdev": 0.000703509605955
    },
    "spectral_energyband_low": {
        "max": 0.0564107224345,
        "mean": 0.00285420566797,
        "min": 2.45438259299e-05,
        "stdev": 0.0039553209208
    },
    "spectral_energyband_middle_high": {
        "max": 0.0427216924727,
        "mean": 0.0111039979383,
        "min": 0.00020247453358,
        "stdev": 0.00668282108381
    },
    "spectral_energyband_middle_low": {
        "max": 0.0682137608528,
        "mean": 0.0153245432302,
        "min": 0.000556757964659,
        "stdev": 0.00847203470767
    },
    "spectral_entropy": {
        "max": 8.36774539948,
        "mean": 7.48105859756,
        "min": 6.54275846481,
        "stdev": 0.252979874611
    },
    "spectral_flux": {
        "max": 0.22272002697,
        "mean": 0.0907169505954,
        "min": 0.0352655500174,
        "stdev": 0.0276863910258
    },
    "spectral_kurtosis": {
        "max": 17.9135456085,
        "mean": 4.35381126404,
        "min": 0.59498333931,
        "stdev": 2.02679824829
    },
    "spectral_rms": {
        "max": 0.00967392977327,
        "mean": 0.0052352771163,
        "min": 0.000901761522982,
        "stdev": 0.00106236792635
    },
    "spectral_rolloff": {
        "max": 6869.09179688,
        "mean": 1866.07373047,
        "min": 258.3984375,
        "stdev": 735.240539551
    },
    "spectral_skewness": {
        "max": 3.18905305862,
        "mean": 1.28358793259,
        "min": 0.503410995007,
        "stdev": 0.294488251209
    },
    "spectral_spread": {
        "max": 15646934,
        "mean": 3311576.25,
        "min": 2244036.25,
        "stdev": 819519.75
    },
    "spectral_strongpeak": {
        "max": 11.6463842392,
        "mean": 1.83886647224,
        "min": 0.0411883480847,
        "stdev": 1.69363570213
    },
    "zerocrossingrate": {
        "max": 0.20068359375,
        "mean": 0.0648354515433,
        "min": 0.01220703125,
        "stdev": 0.0177396573126
    },
    "barkbands": {
        "max": [0.0007128972793, 0.0188565887511, 0.0363876484334, 0.0165692307055, 0.0434418693185, 0.0469107851386, 0.0469487793744, 0.0215255580842, 0.028366073966, 0.0209747776389, 0.0234638042748, 0.0120562566444, 0.0125059774145, 0.00673513067886, 0.0243856795132, 0.014571509324, 0.00620098784566, 0.00443364772946, 0.00488817505538, 0.00276927067898, 0.00201586983167, 0.00296161649749, 0.00208097882569, 0.00158184533939, 0.00137719442137, 0.0001066847326, 3.93386187625e-07],
        "mean": [5.69772419112e-05, 0.00133134308271, 0.00109864305705, 0.000810910947621, 0.00340901571326, 0.00395125243813, 0.00190833152737, 0.00151585577987, 0.00274650636129, 0.00179770041723, 0.00167574326042, 0.00166119681671, 0.000824297778308, 0.000566069036722, 0.00168997934088, 0.00102751993109, 0.000672493013553, 0.000634842086583, 0.000755734392442, 0.000619771599304, 0.000310264673317, 6.7609391408e-05, 4.70062077511e-05, 4.62744137621e-05, 2.05265168916e-05, 4.29978217653e-06, 2.38968556054e-09],
        "min": [5.94969037593e-07, 6.09704738963e-06, 1.1517307712e-06, 4.37756568772e-07, 3.2080537494e-05, 2.93294979201e-05, 9.10689777811e-06, 1.82852691069e-05, 6.0933966779e-06, 7.55106884753e-06, 5.82952179684e-06, 5.60256330573e-06, 1.69226461821e-06, 5.2024283832e-06, 6.95815424478e-06, 1.06726074591e-05, 4.43313774667e-06, 6.29393480267e-06, 2.96392772725e-06, 3.14439876092e-06, 1.2768553006e-06, 6.51125901641e-07, 3.64257431329e-07, 3.88945380791e-07, 1.43758342119e-07, 6.38382147145e-08, 1.17159767998e-10],
        "stdev": [6.14693490206e-05, 0.00209585390985, 0.00207107444294, 0.00107446592301, 0.00423102919012, 0.00474636862054, 0.0029918930959, 0.00200163852423, 0.00346067454666, 0.00265865540132, 0.00230049807578, 0.00213268934749, 0.00105960364453, 0.000772790284827, 0.00307445414364, 0.00140781351365, 0.00081944046542, 0.000736373360269, 0.000682627549395, 0.000475288921734, 0.000296160345897, 0.000127194376546, 0.00010213470523, 9.45953288465e-05, 8.66100381245e-05, 9.20257025427e-06, 1.87055562151e-08]
    },
    "erbbands": {
        "max": [0.392112612724, 6.00976133347, 40.2613449097, 31.8714923859, 63.4200286865, 211.08190918, 234.75352478, 398.91104126, 594.220825195, 794.332763672, 442.218566895, 619.830993652, 816.408935547, 688.553405762, 696.243103027, 527.88067627, 445.948547363, 371.536865234, 633.003417969, 1244.29162598, 752.378051758, 400.886352539, 307.928283691, 369.668670654, 169.938537598, 137.668930054, 124.836830139, 73.8833465576, 119.135627747, 76.0974731445, 61.0992164612, 37.0170974731, 25.0664405823, 8.69165229797, 17.372549057, 0.800027787685, 0.159733340144, 0.0105701237917, 0.000248316588113, 0.000109574670205],
        "mean": [0.0280020777136, 0.338181078434, 1.17645299435, 2.15149283409, 5.64886188507, 13.542681694, 20.2231025696, 35.0739555359, 30.5439758301, 27.4090042114, 44.1657218933, 61.9790153503, 61.9115715027, 59.1889343262, 62.5513877869, 69.6974563599, 42.5351715088, 34.3260383606, 53.7299041748, 80.666015625, 53.5008926392, 36.7828407288, 34.735244751, 45.216709137, 31.2897396088, 26.604839325, 21.999212265, 6.87826061249, 2.81604456902, 1.43655991554, 1.36726605892, 1.11001169682, 0.65197956562, 0.214264810085, 0.169254541397, 0.0342030189931, 0.00566894141957, 0.000266236223979, 2.54469960055e-05, 3.67932152585e-05],
        "min": [0.000161367774126, 0.00202922336757, 0.00394374970347, 0.0133043946698, 0.0161865185946, 0.102265588939, 0.203672975302, 0.49636259675, 0.581829547882, 0.483897000551, 0.755385696888, 0.323793232441, 0.140634611249, 0.495993733406, 0.435956329107, 0.233301490545, 0.0861544087529, 0.188595220447, 0.282106846571, 0.474758505821, 0.490324646235, 0.412096053362, 0.594205975533, 0.374536544085, 0.102643936872, 0.18458545208, 0.0667173862457, 0.0427637435496, 0.021924789995, 0.0114263845608, 0.0079882312566, 0.00948257744312, 0.00615101121366, 0.00190322182607, 0.00100149738137, 0.00059214909561, 3.67877582903e-05, 1.34327137857e-06, 3.915913112e-06, 6.54612631479e-06],
        "stdev": [0.0354543551803, 0.57589417696, 2.25254631042, 2.7621512413, 6.49919986725, 19.0747776031, 29.7590522766, 48.5017204285, 50.4508552551, 40.7687530518, 53.1484489441, 74.6118469238, 100.733840942, 74.8172225952, 81.1856842041, 89.8069381714, 46.7045898438, 41.5486297607, 66.5077056885, 142.244506836, 63.8838348389, 45.2378234863, 40.738193512, 45.0700111389, 26.1041412354, 20.047000885, 19.4095211029, 6.96867847443, 4.94612026215, 3.09937882423, 2.81024241447, 2.15303754807, 1.43874192238, 0.564404010773, 0.975516915321, 0.0795410126448, 0.0134058818221, 0.000762525072787, 2.15192721953e-05, 1.37324668685e-05]
    },
    "gfcc": {
        "mean": [20.1597232819, 114.382385254, -162.140396118, 34.0185203552, -65.302230835, 2.74781942368, -36.91355896, 7.73948001862, -27.4208469391, -0.19909183681, -7.66896295547, -9.27115726471, 1.65501797199],
        "cov": [[950.796691895, -364.280761719, -6.35878610611, 36.9104270935, -80.4281845093, 74.9662704468, -67.0740280151, 79.821182251, -46.3216819763, 21.9728622437, -81.883140564, -21.3789787292, -81.3219451904], [-364.280761719, 509.852813721, -8.6907377243, 2.67251706123, 135.214385986, -53.4613685608, 109.883110046, -50.3016967773, 35.469078064, -56.9292755127, 65.1317214966, -69.6476364136, 82.4344177246], [-6.35878610611, -8.6907377243, 392.879333496, 82.6006011963, 5.8365149498, 48.5761489868, -97.6195983887, -9.94286060333, -13.9444084167, 22.9688510895, -45.8016090393, 65.8356399536, -54.410900116], [36.9104270935, 2.67251706123, 82.6006011963, 171.362304688, 28.6097354889, -2.70848584175, -25.1165409088, -10.2701787949, 27.5006408691, -15.2283344269, -5.73903274536, 24.2498779297, -26.4978618622], [-80.4281845093, 135.214385986, 5.8365149498, 28.6097354889, 147.217849731, 36.5762252808, 32.8447227478, -3.64662361145, 2.57863759995, -1.06565999985, -19.8642444611, -34.3386001587, 17.2985992432], [74.9662704468, -53.4613685608, 48.5761489868, -2.70848584175, 36.5762252808, 143.674804688, 30.9472045898, 1.40522587299, -32.2171478271, 9.83164787292, -39.0776367188, -17.737247467, -12.0376520157], [-67.0740280151, 109.883110046, -97.6195983887, -25.1165409088, 32.8447227478, 30.9472045898, 140.787506104, -1.09239637852, -26.203584671, -13.7089757919, 19.151260376, -45.2577285767, 39.2165145874], [79.821182251, -50.3016967773, -9.94286060333, -10.2701787949, -3.64662361145, 1.40522587299, -1.09239637852, 83.7307510376, 29.8770313263, 3.30765843391, -2.01085090637, 0.0367083922029, -4.97742557526], [-46.3216819763, 35.469078064, -13.9444084167, 27.5006408691, 2.57863759995, -32.2171478271, -26.203584671, 29.8770313263, 113.546104431, 20.6349658966, 9.7100276947, 2.00702357292, -6.82159376144], [21.9728622437, -56.9292755127, 22.9688510895, -15.2283344269, -1.06565999985, 9.83164787292, -13.7089757919, 3.30765843391, 20.6349658966, 78.5212249756, 0.480285197496, -3.42284917831, -15.3867101669], [-81.883140564, 65.1317214966, -45.8016090393, -5.73903274536, -19.8642444611, -39.0776367188, 19.151260376, -2.01085090637, 9.7100276947, 0.480285197496, 96.952545166, 12.2864303589, 27.1659851074], [-21.3789787292, -69.6476364136, 65.8356399536, 24.2498779297, -34.3386001587, -17.737247467, -45.2577285767, 0.0367083922029, 2.00702357292, -3.42284917831, 12.2864303589, 101.861091614, -8.93722248077], [-81.3219451904, 82.4344177246, -54.410900116, -26.4978618622, 17.2985992432, -12.0376520157, 39.2165145874, -4.97742557526, -6.82159376144, -15.3867101669, 27.1659851074, -8.93722248077, 87.7128295898]],
        "icov": [[0.00188138487283, 0.000170877930941, 0.000785914482549, -0.00137834064662, 0.00127327616792, -0.000916169548873, 0.00131175445858, -0.00225254078396, 0.00182272156235, -0.000808415643405, 0.000932058203034, 0.00104317476507, 0.000381243909942], [0.000170877930941, 0.0139929335564, -0.00793492421508, 0.0059478180483, -0.0117979990318, 0.00809456780553, -0.0108294589445, 0.0103967590258, -0.0112741123885, 0.0129343057051, -0.00864920672029, 0.007420622278, -0.00242132134736], [0.000785914482549, -0.00793492421508, 0.00915197841823, -0.00568037573248, 0.00693615525961, -0.00654649734497, 0.00920699350536, -0.00703835766762, 0.00860473420471, -0.00908943079412, 0.00613676710054, -0.0055740759708, 0.00197116751224], [-0.00137834064662, 0.0059478180483, -0.00568037573248, 0.0120087210089, -0.00824507046491, 0.00454656872898, -0.00626284442842, 0.00807763915509, -0.00931157078594, 0.00937179941684, -0.00522344047204, 0.00106717576273, 0.00139120651875], [0.00127327616792, -0.0117979990318, 0.00693615525961, -0.00824507046491, 0.0200709588826, -0.00912379845977, 0.008923352696, -0.0102801984176, 0.0101612936705, -0.0120631959289, 0.00977049767971, -0.00298959738575, -0.000359681202099], [-0.000916169548873, 0.00809456780553, -0.00654649734497, 0.00454656872898, -0.00912379845977, 0.0154242608696, -0.0103088449687, 0.00628051161766, -0.00529024098068, 0.00630786223337, -0.00242957682349, 0.00409304397181, -0.000398024654714], [0.00131175445858, -0.0108294589445, 0.00920699350536, -0.00626284442842, 0.008923352696, -0.0103088449687, 0.0219145640731, -0.0106532964855, 0.0127055142075, -0.0100433053449, 0.00471940729767, -0.00186165631749, -0.000788917648606], [-0.00225254078396, 0.0103967590258, -0.00703835766762, 0.00807763915509, -0.0102801984176, 0.00628051161766, -0.0106532964855, 0.0246466696262, -0.0156148942187, 0.0120409745723, -0.00731321843341, 0.00363694643602, -0.00120084756054], [0.00182272156235, -0.0112741123885, 0.00860473420471, -0.00931157078594, 0.0101612936705, -0.00529024098068, 0.0127055142075, -0.0156148942187, 0.0240696743131, -0.0155052803457, 0.00740162702277, -0.00423341989517, 0.00194180745166], [-0.000808415643405, 0.0129343057051, -0.00908943079412, 0.00937179941684, -0.0120631959289, 0.00630786223337, -0.0100433053449, 0.0120409745723, -0.0155052803457, 0.0281491428614, -0.0104567939416, 0.00743365241215, 0.000433877517935], [0.000932058203034, -0.00864920672029, 0.00613676710054, -0.00522344047204, 0.00977049767971, -0.00242957682349, 0.00471940729767, -0.00731321843341, 0.00740162702277, -0.0104567939416, 0.020055687055, -0.00653639622033, -0.00169998337515], [0.00104317476507, 0.007420622278, -0.0055740759708, 0.00106717576273, -0.00298959738575, 0.00409304397181, -0.00186165631749, 0.00363694643602, -0.00423341989517, 0.00743365241215, -0.00653639622033, 0.0182733051479, -0.00209110206924], [0.000381243909942, -0.00242132134736, 0.00197116751224, 0.00139120651875, -0.000359681202099, -0.000398024654714, -0.000788917648606, -0.00120084756054, 0.00194180745166, 0.000433877517935, -0.00169998337515, -0.00209110206924, 0.0165144391358]]
    },
    "melbands": {
        "max": [0.00403996463865, 0.0156896878034, 0.00570500083268, 0.0116072939709, 0.00662207137793, 0.0101539827883, 0.00770651595667, 0.00693001737818, 0.00394459534436, 0.00426064245403, 0.00405250489712, 0.00258866813965, 0.00239397515543, 0.00174885324668, 0.00189508846961, 0.00159732473549, 0.000817227875814, 0.000855558842886, 0.00255660689436, 0.000910757691599, 0.000697776675224, 0.000487923680339, 0.000260037486441, 0.000220153364353, 0.000339995778631, 0.000191848477698, 0.000157322356245, 0.000118467229186, 0.000106082479761, 6.92359317327e-05, 5.38849853911e-05, 8.19520573714e-05, 3.7135938328e-05, 4.78187357658e-05, 3.2471758459e-05, 3.3997137507e-05, 2.41704910877e-05, 2.095250602e-05, 1.53810706252e-05, 6.91340483172e-06],
        "mean": [0.000315181969199, 0.000565788708627, 0.000458086404251, 0.000707463885192, 0.000687710475177, 0.000779439753387, 0.000462054362288, 0.000294186465908, 0.000400958611863, 0.000388352171285, 0.000296856625937, 0.000223728347919, 0.000202738301596, 0.000174121785676, 0.000161548116012, 7.4884017522e-05, 6.19292768533e-05, 6.35386895738e-05, 0.000150436084368, 8.4383173089e-05, 5.48263160454e-05, 4.04218444601e-05, 3.15044962917e-05, 2.80338917946e-05, 3.91479188693e-05, 2.31027297559e-05, 1.94118656509e-05, 1.76999292307e-05, 1.76199864654e-05, 6.36174263491e-06, 2.90111711365e-06, 1.74126330421e-06, 8.77975423919e-07, 7.55247924644e-07, 8.04234844054e-07, 7.27055237348e-07, 6.6902788376e-07, 5.19770594565e-07, 2.69858389856e-07, 1.41377967111e-07],
        "min": [1.82317808139e-06, 4.74603712064e-06, 2.63062929662e-06, 3.88303442378e-06, 6.72730129736e-06, 1.09857719508e-05, 6.01316787652e-06, 4.38857387053e-06, 4.23249139203e-06, 1.10045220936e-06, 5.23923745277e-07, 1.83753195415e-06, 1.48616993556e-06, 7.0763360327e-07, 2.64416797791e-07, 1.69871086086e-07, 3.97629321469e-07, 4.38185850271e-07, 6.48504851597e-07, 6.38322319446e-07, 5.11755729349e-07, 2.63928313871e-07, 2.94667813705e-07, 2.59334569819e-07, 2.66483766609e-07, 7.48462412048e-08, 6.59507719547e-08, 1.30927830355e-07, 3.18153965395e-08, 3.74277462356e-08, 1.81043464664e-08, 1.28391608456e-08, 1.02921191569e-08, 4.01328126287e-09, 4.58995952357e-09, 4.55147963763e-09, 4.91872942376e-09, 4.01304056652e-09, 2.01315142334e-09, 1.55248292e-09],
        "stdev": [0.00045015788055, 0.000960298290011, 0.000485623255372, 0.000925816770177, 0.000915591372177, 0.00103121215943, 0.000721042510122, 0.000427149585448, 0.000518777698744, 0.000489319558255, 0.000506151875015, 0.000296437123325, 0.000272244011285, 0.00021049391944, 0.000245196453761, 0.000100879879028, 8.83850734681e-05, 7.78668763814e-05, 0.000313592754537, 0.000111758126877, 6.83215403114e-05, 5.50734876015e-05, 3.85678249586e-05, 3.19328355545e-05, 4.27766426583e-05, 2.40118806687e-05, 1.615493602e-05, 1.54010213009e-05, 1.6812742615e-05, 6.45137788524e-06, 3.74683327209e-06, 3.33804564434e-06, 1.75606191988e-06, 1.85181352208e-06, 1.66377469668e-06, 1.53614894316e-06, 1.31939884795e-06, 1.20718107155e-06, 6.54931398003e-07, 3.64361341099e-07]
    },
    "melbands128": {
        "max": [0.000507223827299, 0.00330774462782, 0.0067569501698, 0.0114132249728, 0.0224679410458, 0.0149998739362, 0.00650493102148, 0.00845213420689, 0.00568511523306, 0.0182707123458, 0.0147640248761, 0.0107353301719, 0.0116290263832, 0.0103259226307, 0.0143224522471, 0.0227758139372, 0.0198607668281, 0.00874027609825, 0.018084205687, 0.012802307494, 0.00696335965768, 0.00525329494849, 0.00740875629708, 0.00901236291975, 0.00641591707245, 0.00994164869189, 0.00593198603019, 0.008081397973, 0.00427511101589, 0.00279093161225, 0.00526239071041, 0.00734911765903, 0.00325748068281, 0.00510797742754, 0.00268288468942, 0.00382975069806, 0.00301010790281, 0.00402897130698, 0.00205838889815, 0.00153937458526, 0.00319630815648, 0.00165387918241, 0.0013214435894, 0.00155720731709, 0.000542834633961, 0.000949164445046, 0.00287568569183, 0.00435070507228, 0.00544527592137, 0.0013575872872, 0.00134724320378, 0.00325298821554, 0.00111520907376, 0.00129057827871, 0.000933147792239, 0.000963876140304, 0.000566974573303, 0.000620799022727, 0.000685595034156, 0.000609357084613, 0.000241101311985, 0.000480112881633, 0.000599347287789, 0.000707134138793, 0.000448629667517, 0.000410899723647, 0.000311726413202, 0.000218334796955, 0.000257502542809, 0.00013866671361, 0.000169703896972, 0.00033087853808, 0.000269723532256, 0.000214312269236, 9.66130755842e-05, 0.000106213621621, 0.000107318119262, 7.55087457947e-05, 4.58803915535e-05, 0.000127111692564, 0.000109180218715, 6.79169606883e-05, 4.49892795586e-05, 3.65252526535e-05, 2.13817256736e-05, 5.02648144902e-05, 5.57890853088e-05, 4.53299326182e-05, 2.98420745821e-05, 5.08469238412e-05, 4.85371892864e-05, 4.77860558021e-05, 2.38732536673e-05, 2.53037833318e-05, 2.57097399299e-05, 4.02988080168e-05, 2.07068023883e-05, 1.82109379239e-05, 1.87156911124e-05, 2.13279581658e-05, 4.03260264648e-06, 5.80443747822e-06, 6.52204926155e-06, 6.33909075987e-05, 4.00686731155e-05, 1.87818859558e-05, 2.13231191992e-06, 1.39049120662e-06, 1.20214610888e-06, 1.19787250696e-06, 9.2315991651e-07, 5.72468138671e-07, 5.98492817971e-07, 5.49198489352e-07, 2.47403448839e-07, 9.58147072794e-09, 7.25007254232e-09, 1.8509446198e-09, 1.79537906764e-09, 1.74191661095e-09, 1.69124880767e-09, 1.65870051028e-09, 1.62710611651e-09, 1.60105551039e-09, 1.56806401197e-09, 1.54824986165e-09, 1.53572154993e-09, 1.52698331757e-09],
        "mean": [4.72410902148e-05, 0.000179091541213, 0.000409598491387, 0.000607855210546, 0.000611657742411, 0.000532374077011, 0.000411524728406, 0.000421917793574, 0.000509938923642, 0.000805787509307, 0.000798755907454, 0.000603570777457, 0.000714137859177, 0.00067355716601, 0.000861007662024, 0.000827595533337, 0.000586502079386, 0.000332937110215, 0.000425781152444, 0.00025464349892, 0.000277965038549, 0.000246928073466, 0.000456442299765, 0.000527165480889, 0.000352401693817, 0.000412063323893, 0.000257663225057, 0.000424551282777, 0.000138521849294, 0.000182101255632, 0.000298294558888, 0.000230350211496, 0.000129550273414, 0.000287150760414, 0.000130066749989, 0.000137895156513, 0.000234356833971, 0.000212500148336, 7.51042825868e-05, 7.0879868872e-05, 9.84636499197e-05, 3.9723363443e-05, 5.73567594984e-05, 9.02558240341e-05, 2.7390788091e-05, 4.72497995361e-05, 0.000109055894427, 0.000198532288778, 0.000160488139954, 4.76337954751e-05, 8.89934381121e-05, 0.000109324610094, 4.21434742748e-05, 4.28960665886e-05, 5.14130588272e-05, 4.28980310971e-05, 2.72123124887e-05, 2.86513040919e-05, 3.26116423821e-05, 4.04494348913e-05, 1.70981256815e-05, 2.55405102507e-05, 5.17230146215e-05, 4.30350883107e-05, 2.00151316676e-05, 2.30945352087e-05, 2.45061910391e-05, 2.09256486414e-05, 1.97353983822e-05, 1.35475283969e-05, 1.60262225108e-05, 2.01645634661e-05, 2.40760637098e-05, 1.80391980393e-05, 8.9989080152e-06, 6.62869524604e-06, 5.14841894983e-06, 4.27140093961e-06, 2.23995107262e-06, 2.04144453164e-06, 1.92571292246e-06, 1.66048266692e-06, 1.08459494186e-06, 7.69409155055e-07, 7.47429851344e-07, 7.14845498351e-07, 7.98631788257e-07, 7.5593635529e-07, 8.79670380982e-07, 7.25269046598e-07, 7.92301818819e-07, 6.94599236795e-07, 7.01638043665e-07, 6.54028781355e-07, 6.69849839596e-07, 6.29483395187e-07, 4.86355361318e-07, 3.71845573e-07, 2.96334604855e-07, 2.27794060947e-07, 9.31755295142e-08, 1.33388681434e-07, 1.58460920829e-07, 3.05701718162e-07, 2.62509786353e-07, 1.35007354629e-07, 6.70364812549e-08, 6.05492758154e-08, 5.07467667887e-08, 4.83789968087e-08, 3.60059253524e-08, 2.03274357347e-08, 1.27779795633e-08, 9.0962695154e-09, 4.73242867116e-09, 1.52722154367e-10, 2.93765567427e-11, 8.86415073287e-12, 8.49138294401e-12, 8.20838622767e-12, 7.91204515099e-12, 7.74889180599e-12, 7.59847046394e-12, 7.41717451347e-12, 7.09434204091e-12, 6.68902693651e-12, 6.4532151324e-12, 6.38795396787e-12],
        "min": [1.10190887526e-08, 2.13478273281e-07, 2.14897545447e-06, 1.4400065993e-06, 8.07576043371e-07, 3.85596024444e-07, 9.65076424109e-07, 1.55838790761e-07, 1.33991107987e-07, 9.6994699561e-07, 5.03108310568e-07, 1.83379017926e-06, 1.45369472193e-06, 3.8604493966e-06, 2.41121870204e-06, 2.42377655013e-06, 2.31602689382e-06, 1.57415820468e-06, 6.910781849e-07, 5.36502398063e-07, 9.19131252886e-07, 1.05713411358e-06, 2.80275969544e-07, 3.70123444782e-07, 9.92695277091e-07, 3.29876741034e-07, 1.03080701308e-07, 2.74377356391e-07, 4.2065028083e-07, 1.85757045301e-07, 7.14016209713e-07, 2.5899174716e-07, 2.49051822721e-07, 1.61533776577e-07, 2.43110093834e-07, 1.52986132207e-07, 1.98876122681e-07, 1.33167262106e-07, 1.68731972394e-07, 1.72175759872e-07, 1.6058794472e-07, 1.92209114402e-07, 2.23190667725e-07, 4.00540443479e-07, 6.10684693925e-08, 2.04222473599e-07, 1.79144791446e-07, 1.26490377284e-07, 2.09045253996e-07, 2.46145390292e-07, 2.22002967121e-07, 3.50179846009e-07, 3.9930686313e-08, 2.2412847045e-07, 1.65144129483e-07, 1.04162758419e-07, 1.05717305132e-07, 6.0307769445e-08, 1.48083145746e-07, 1.7848329037e-07, 1.44973981264e-07, 1.52269407749e-07, 1.92159674839e-07, 2.27329195468e-07, 1.07607277755e-07, 6.66755042289e-08, 5.12063955682e-08, 5.27671915052e-08, 3.36212515606e-08, 4.90543463627e-08, 1.09663325532e-07, 1.11218149357e-07, 1.35089592845e-08, 2.26414673676e-08, 1.94521021513e-08, 3.72481778754e-08, 3.03687741621e-08, 1.66726934481e-08, 1.1641807518e-08, 1.46226275533e-08, 2.17120477153e-09, 1.74676562104e-09, 1.94752214355e-10, 8.28385915419e-10, 4.46666120757e-10, 4.09209865992e-09, 2.56422305611e-09, 4.87215734424e-09, 1.81718318171e-09, 2.74091260799e-09, 3.6118521507e-09, 3.74764663746e-09, 3.71012598421e-09, 2.6446131951e-09, 1.47208800705e-09, 3.54502116551e-09, 2.94432522807e-09, 2.04813077609e-09, 2.47711162693e-09, 9.45012512688e-10, 5.66205415886e-10, 1.43100720162e-09, 1.88840010296e-09, 1.07798769911e-09, 9.18240095071e-10, 6.8366645678e-10, 8.7291907036e-10, 7.41111061409e-10, 5.66849067685e-10, 2.49086862247e-10, 1.58438692721e-10, 1.06703632475e-12, 3.5363948098e-13, 3.59504038951e-13, 3.30681256032e-13, 3.9468200843e-13, 3.81636210264e-13, 3.62838041947e-13, 3.33311666028e-13, 3.6330628176e-13, 3.63637342893e-13, 4.0691918151e-13, 3.98217401979e-13, 3.32083346282e-13, 2.64282600795e-13, 1.13292723456e-13, 1.64515448519e-14, 5.94527078782e-16],
        "stdev": [5.40464679943e-05, 0.000222286878852, 0.00066590483766, 0.00112106022425, 0.0012775126379, 0.000934642739594, 0.000605799490586, 0.000540079257917, 0.000645427790005, 0.00131237704773, 0.00129069853574, 0.00102228333708, 0.00138619518839, 0.00100981816649, 0.00157505972311, 0.00150452239905, 0.0014941584086, 0.000595357676502, 0.000807594973594, 0.00055931461975, 0.000580536143389, 0.000456470064819, 0.000724780838937, 0.00104700867087, 0.000599579710979, 0.000875514990184, 0.000644427898806, 0.000929494097363, 0.000290628580842, 0.000364424893633, 0.000474379223306, 0.000510205165483, 0.000293243152555, 0.000488313613459, 0.000303124426864, 0.000294486962957, 0.000442426389782, 0.000461584044388, 0.000161199306604, 0.000128542989842, 0.000169047387317, 9.66310399235e-05, 0.000105682876892, 0.000154011402628, 4.84152951685e-05, 8.68583883857e-05, 0.000233719561948, 0.00046172781731, 0.000533378275577, 0.000100163269963, 0.000146350110299, 0.000220876638195, 8.5110674263e-05, 9.21638347791e-05, 8.78588107298e-05, 8.27527328511e-05, 5.54217112949e-05, 4.88703444717e-05, 5.75203557673e-05, 7.08906518412e-05, 2.63568890659e-05, 4.79349655507e-05, 6.73699687468e-05, 6.87061110511e-05, 3.7032074033e-05, 3.66974018107e-05, 3.48872272298e-05, 2.51933834079e-05, 2.27022737818e-05, 1.58973252837e-05, 1.979413355e-05, 2.67440354946e-05, 2.93084576697e-05, 2.58399813902e-05, 1.28641513584e-05, 8.82823042048e-06, 7.27372207621e-06, 5.98691440246e-06, 3.40594124282e-06, 5.80859750698e-06, 4.15330850956e-06, 3.27939847011e-06, 2.62959270003e-06, 1.77776712462e-06, 1.45874309965e-06, 1.86118086276e-06, 2.28079397857e-06, 1.91796084437e-06, 1.80832216756e-06, 1.76229639237e-06, 1.80669621841e-06, 1.74244917162e-06, 1.53164660333e-06, 1.24179234717e-06, 1.5382328229e-06, 1.78151481123e-06, 1.18044943065e-06, 8.88794772891e-07, 7.13858810286e-07, 7.5090952123e-07, 2.54778143471e-07, 2.99209688137e-07, 3.36243289212e-07, 2.75917568615e-06, 2.16753278437e-06, 7.61776448144e-07, 1.58087317459e-07, 1.26228101749e-07, 1.06608069927e-07, 1.09408425431e-07, 8.27771629019e-08, 4.65560354712e-08, 3.74233870559e-08, 3.53118565499e-08, 1.91816607042e-08, 5.98106397742e-10, 2.49787773798e-10, 8.37639194118e-11, 7.9171703915e-11, 7.58423462921e-11, 7.25494872511e-11, 7.0817976483e-11, 6.89708012924e-11, 6.7390523717e-11, 6.56042858926e-11, 6.47927683728e-11, 6.41247818733e-11, 6.36842314994e-11]
    },
    "mfcc": {
        "mean": [-605.681030273, 132.473190308, -33.5967597961, 25.1882305145, -8.33810138702, -6.09515237808, 2.23012256622, -5.06851911545, -4.73110437393, 4.99343299866, -13.2683229446, 2.60947275162, -3.49629974365],
        "cov": [[1059.34594727, -397.764099121, -32.4760894775, -59.5700798035, -25.238445282, -59.642074585, -1.11070394516, 8.84048175812, 27.1757888794, 24.4506645203, -16.3893451691, 32.4536094666, -22.8673915863], [-397.764099121, 474.36517334, -80.6946487427, 44.2353553772, 14.4049711227, 23.1374530792, 81.2559738159, -7.44842290878, 14.2024459839, 37.0310783386, -29.8261051178, -22.679517746, -12.8602676392], [-32.4760894775, -80.6946487427, 334.33416748, 35.5662841797, 73.8954772949, 45.0607528687, -71.3857803345, 6.23817014694, -27.6313228607, -50.4241867065, 59.7520866394, -13.7184038162, -11.5994215012], [-59.5700798035, 44.2353553772, 35.5662841797, 160.685501099, 47.3209877014, 5.13857030869, -37.7473487854, 14.6333456039, -7.21023797989, -31.576177597, 21.2500782013, 21.7776508331, -2.51000881195], [-25.238445282, 14.4049711227, 73.8954772949, 47.3209877014, 140.903991699, 25.3174686432, -39.7176971436, 13.2180681229, 17.8088474274, -11.8516235352, 25.6922397614, 6.38482141495, -6.35481023788], [-59.642074585, 23.1374530792, 45.0607528687, 5.13857030869, 25.3174686432, 146.821563721, 42.5898742676, 2.03489112854, 15.4068975449, -4.42307949066, 14.8701620102, -41.3362617493, -9.28953933716], [-1.11070394516, 81.2559738159, -71.3857803345, -37.7473487854, -39.7176971436, 42.5898742676, 181.952102661, -5.10320043564, 5.9687256813, 40.7284584045, -50.8577575684, -31.979473114, -13.7038812637], [8.84048175812, -7.44842290878, 6.23817014694, 14.6333456039, 13.2180681229, 2.03489112854, -5.10320043564, 87.8420562744, 12.6861867905, -16.0363788605, -2.19803762436, -6.24752235413, 11.9999437332], [27.1757888794, 14.2024459839, -27.6313228607, -7.21023797989, 17.8088474274, 15.4068975449, 5.9687256813, 12.6861867905, 81.4104156494, 38.5960693359, -6.51142501831, -9.34378814697, -6.2045750618], [24.4506645203, 37.0310783386, -50.4241867065, -31.576177597, -11.8516235352, -4.42307949066, 40.7284584045, -16.0363788605, 38.5960693359, 98.5558013916, -5.25499153137, -8.3385515213, -2.50059318542], [-16.3893451691, -29.8261051178, 59.7520866394, 21.2500782013, 25.6922397614, 14.8701620102, -50.8577575684, -2.19803762436, -6.51142501831, -5.25499153137, 92.6129150391, 24.8240070343, 1.42386746407], [32.4536094666, -22.679517746, -13.7184038162, 21.7776508331, 6.38482141495, -41.3362617493, -31.979473114, -6.24752235413, -9.34378814697, -8.3385515213, 24.8240070343, 97.4708709717, 15.4026184082], [-22.8673915863, -12.8602676392, -11.5994215012, -2.51000881195, -6.35481023788, -9.28953933716, -13.7038812637, 11.9999437332, -6.2045750618, -2.50059318542, 1.42386746407, 15.4026184082, 72.3931045532]],
        "icov": [[0.00160981784575, 0.00154364772607, 0.000239841203438, -4.18709933001e-05, -0.000192719249753, 0.000448850390967, -0.000525403826032, -0.000226124815526, -0.000402867619414, -0.000530452933162, 0.000367458618712, -0.000426198530477, 0.00082900992129], [0.00154364772607, 0.00407627783716, 0.000816124549601, -0.0011786079267, -0.000808857148513, 0.000354364980012, -0.00146572932135, 5.45788279851e-05, -0.000135720911203, -0.00122394831851, 0.000564638408832, 0.000135496040457, 0.000895754608791], [0.000239841203438, 0.000816124549601, 0.0045498390682, -9.80143086053e-05, -0.00185038661584, -0.00087459012866, 0.000777639681473, -4.90380443807e-05, 0.0015344962012, 0.000775443506427, -0.00173983012792, 0.00131421396509, 0.000739936018363], [-4.18709933001e-05, -0.0011786079267, -9.80143086053e-05, 0.00811986625195, -0.00179338047747, -0.000418665789766, 0.00103479402605, -0.00103864283301, 0.000397382857045, 0.00186761713121, -0.000512100174092, -0.00165146030486, 0.000660140183754], [-0.000192719249753, -0.000808857148513, -0.00185038661584, -0.00179338047747, 0.00996256433427, -0.00143278436735, 0.00159037159756, -0.00073951453669, -0.0026548425667, 0.000138416289701, -0.000278790626908, -0.00102860108018, 0.000552660902031], [0.000448850390967, 0.000354364980012, -0.00087459012866, -0.000418665789766, -0.00143278436735, 0.0107211815193, -0.00435456587002, 0.00115897459909, -0.00340125779621, 0.0029292802792, -0.00403683632612, 0.00425814697519, -0.000733271008357], [-0.000525403826032, -0.00146572932135, 0.000777639681473, 0.00103479402605, 0.00159037159756, -0.00435456587002, 0.0100741628557, -0.00110879901331, 0.00295082735829, -0.00384977436624, 0.00454599969089, -0.000450952677056, 0.00153223634697], [-0.000226124815526, 5.45788279851e-05, -4.90380443807e-05, -0.00103864283301, -0.00073951453669, 0.00115897459909, -0.00110879901331, 0.0134485606104, -0.00403088051826, 0.00392145570368, -0.000553169462364, 0.00192638195585, -0.00306993862614], [-0.000402867619414, -0.000135720911203, 0.0015344962012, 0.000397382857045, -0.0026548425667, -0.00340125779621, 0.00295082735829, -0.00403088051826, 0.0190243441612, -0.00856691319495, 0.00248153577559, -0.00018474450917, 0.00199062516913], [-0.000530452933162, -0.00122394831851, 0.000775443506427, 0.00186761713121, 0.000138416289701, 0.0029292802792, -0.00384977436624, 0.00392145570368, -0.00856691319495, 0.0173581801355, -0.00400675181299, 0.00174434797373, -0.00161371065769], [0.000367458618712, 0.000564638408832, -0.00173983012792, -0.000512100174092, -0.000278790626908, -0.00403683632612, 0.00454599969089, -0.000553169462364, 0.00248153577559, -0.00400675181299, 0.01673752442, -0.00490336539224, 0.00111795065459], [-0.000426198530477, 0.000135496040457, 0.00131421396509, -0.00165146030486, -0.00102860108018, 0.00425814697519, -0.000450952677056, 0.00192638195585, -0.00018474450917, 0.00174434797373, -0.00490336539224, 0.0146720511839, -0.00288662617095], [0.00082900992129, 0.000895754608791, 0.000739936018363, 0.000660140183754, 0.000552660902031, -0.000733271008357, 0.00153223634697, -0.00306993862614, 0.00199062516913, -0.00161371065769, 0.00111795065459, -0.00288662617095, 0.0158363040537]]
    },
    "spectral_contrast_coeffs": {
        "max": [-0.437220841646, -0.451201379299, -0.49417412281, -0.535600662231, -0.649024009705, -0.640694081783],
        "mean": [-0.700151860714, -0.716710269451, -0.700031936169, -0.741645395756, -0.7547326684, -0.742040753365],
        "min": [-0.88501226902, -0.903838276863, -0.907761096954, -0.891672134399, -0.849442958832, -0.915628433228],
        "stdev": [0.0679755285382, 0.0698723196983, 0.066218085587, 0.0513751655817, 0.0366646423936, 0.0309564098716]
    },
    "spectral_contrast_valleys": {
        "max": [-5.18863201141, -4.91343832016, -5.8613409996, -6.08308029175, -5.73831558228, -8.31978225708],
        "mean": [-6.62896251678, -6.31669425964, -7.05477333069, -7.2002120018, -7.01799154282, -10.4765424728],
        "min": [-8.43747425079, -7.63571310043, -8.80003261566, -8.72279262543, -9.21746826172, -12.251958847],
        "stdev": [0.543424487114, 0.430285185575, 0.425093024969, 0.411758571863, 0.445133626461, 0.602430045605]
    }
},
"rhythm": {
    "beats_count": 90,
    "beats_loudness": {
        "max": 0.0670933350921,
        "mean": 0.0359321273863,
        "min": 0.0157029237598,
        "stdev": 0.00984168052673
    },
    "bpm": 165.586669922,
    "bpm_histogram_first_peak_bpm": 167,
    "bpm_histogram_first_peak_weight": 0,
    "bpm_histogram_second_peak_bpm": 172,
    "bpm_histogram_second_peak_spread": 0,
    "bpm_histogram_second_peak_weight": 0.235955059528,
    "danceability": 1.48057842255,
    "onset_rate": 2.43017554283,
    "beats_loudness_band_ratio": {
        "max": [0.664493441582, 0.705931007862, 0.506759047508, 0.487964600325, 0.525481522083, 0.181271329522],
        "mean": [0.194146960974, 0.24140201509, 0.244799822569, 0.178289920092, 0.148084670305, 0.0595295093954],
        "min": [0.0109193921089, 0.0246054884046, 0.0206923801452, 0.0173140298575, 0.0235658846796, 0.00566104147583],
        "stdev": [0.130376622081, 0.153502732515, 0.115932710469, 0.117722503841, 0.0946239158511, 0.0333567894995]
    },
