{
"metadata": {
    "version": {
        "essentia": "2.1-beta5",
        "essentia_git_sha": "Undefined",
        "extractor": "music 2.0"
    },
    "audio_properties": {
        "analysis": {
            "equal_loudness": 0,
            "length": 52.2448997498,
            "sample_rate": 44100,
            "start_time": 61.4980506897,
            "downmix": "mix"
        },
        "bit_rate": 192000,
        "length": 179.211608887,
        "lossless": 0,
        "number_channels": 2,
        "replay_gain": -10.0551567078,
        "sample_rate": 44100,
        "codec": "mp3",
        "md5_encoded": "508645de930121dad829b2e909ef7754"
    },
    "tags": {
        "file_name": "Iceland_Það Sem Enginn Sér_Daníel Augúst Haraldsson.mp3",
        "encoding": ["Lavf58.29.100"]
    }
},
"lowlevel": {
    "average_loudness": 0.837752997875,
    "barkbands_crest": {
        "max": 23.9915161133,
        "mean": 9.96491527557,
        "min": 3.04846572876,
        "stdev": 3.84189152718
    },
    "barkbands_flatness_db": {
        "max": 0.291245549917,
        "mean": 0.125584885478,
        "min": 0.0294706188142,
        "stdev": 0.0410292446613
    },
    "barkbands_kurtosis": {
        "max": 77.2573165894,
        "mean": 5.87934350967,
        "min": -1.81599795818,
        "stdev": 8.38064956665
    },
    "barkbands_skewness": {
        "max": 6.85525035858,
        "mean": 1.85488653183,
        "min": -2.31253933907,
        "stdev": 1.21111261845
    },
    "barkbands_spread": {
        "max": 74.9721069336,
        "mean": 18.2065544128,
        "min": 1.34634423256,
        "stdev": 12.2474794388
    },
    "dissonance": {
        "max": 0.500000059605,
        "mean": 0.457375884056,
        "min": 0.285961329937,
        "stdev": 0.0333159938455
    },
    "dynamic_complexity": 3.75308632851,
    "erbbands_crest": {
        "max": 30.6888885498,
        "mean": 9.29628658295,
        "min": 2.88639855385,
        "stdev": 4.24704170227
    },
    "erbbands_flatness_db": {
        "max": 0.310107052326,
        "mean": 0.163191214204,
        "min": 0.081212118268,
        "stdev": 0.0428490638733
    },
    "erbbands_kurtosis": {
        "max": 31.0061759949,
        "mean": 1.1061565876,
        "min": -1.75057172775,
        "stdev": 3.4906463623
    },
    "erbbands_skewness": {
        "max": 4.8236117363,
        "mean": 0.705748558044,
        "min": -3.30372428894,
        "stdev": 0.996132194996
    },
    "erbbands_spread": {
        "max": 116.262512207,
        "mean": 36.8970336914,
        "min": 3.58360004425,
        "stdev": 18.7162742615
    },
    "hfc": {
        "max": 212.765548706,
        "mean": 17.7720508575,
        "min": 0.347506523132,
        "stdev": 18.6796913147
    },
    "loudness_ebu128": {
        "integrated": -14.8073139191,
        "loudness_range": 6.03592586517,
        "momentary": {
            "max": -10.4890098572,
            "mean": -16.2611236572,
            "min": -29.9533290863,
            "stdev": 3.82401156425
        },
        "short_term": {
            "max": -12.3347511292,
            "mean": -15.7422971725,
            "min": -26.7235145569,
            "stdev": 2.78713083267
        }
    },
    "melbands_crest": {
        "max": 30.2413787842,
        "mean": 12.5618677139,
        "min": 3.53494286537,
        "stdev": 4.39614105225
    },
    "melbands_flatness_db": {
        "max": 0.367024719715,
        "mean": 0.189011484385,
        "min": 0.0287805534899,
        "stdev": 0.0546078085899
    },
    "melbands_kurtosis": {
        "max": 59.9667892456,
        "mean": 11.5776357651,
        "min": -1.8213763237,
        "stdev": 10.1779441833
    },
    "melbands_skewness": {
        "max": 6.5352025032,
        "mean": 2.46785402298,
        "min": -0.601607084274,
        "stdev": 1.151658535
    },
    "melbands_spread": {
        "max": 168.068832397,
        "mean": 20.8296375275,
        "min": 1.89741110802,
        "stdev": 21.2934932709
    },
    "pitch_salience": {
        "max": 0.878826260567,
        "mean": 0.625166893005,
        "min": 0.156021133065,
        "stdev": 0.0991173610091
    },
    "silence_rate_20dB": {
        "max": 1,
        "mean": 1,
        "min": 1,
        "stdev": 0
    },
    "silence_rate_30dB": {
        "max": 1,
        "mean": 1,
        "min": 1,
        "stdev": 0
    },
    "silence_rate_60dB": {
        "max": 1,
        "mean": 0.112838737667,
        "min": 0,
        "stdev": 0.316388696432
    },
    "spectral_centroid": {
        "max": 4277.54492188,
        "mean": 1215.25280762,
        "min": 322.82409668,
        "stdev": 651.664001465
    },
    "spectral_complexity": {
        "max": 52,
        "mean": 16.5290985107,
        "min": 1,
        "stdev": 8.41585636139
    },
    "spectral_decrease": {
        "max": -8.07466662978e-11,
        "mean": -4.70646277506e-09,
        "min": -2.21974261194e-08,
        "stdev": 3.83405884818e-09
    },
    "spectral_energy": {
        "max": 0.089849807322,
        "mean": 0.0193752404302,
        "min": 0.000336370547302,
        "stdev": 0.0156092513353
    },
    "spectral_energyband_high": {
        "max": 0.032089419663,
        "mean": 0.000624252308626,
        "min": 1.45294634422e-05,
        "stdev": 0.00193697540089
    },
    "spectral_energyband_low": {
        "max": 0.0209979042411,
        "mean": 0.00067638931796,
        "min": 5.75084959564e-06,
        "stdev": 0.00119191675913
    },
    "spectral_energyband_middle_high": {
        "max": 0.0504555031657,
        "mean": 0.0048346281983,
        "min": 5.44562999494e-06,
        "stdev": 0.00654165353626
    },
    "spectral_energyband_middle_low": {
        "max": 0.079755820334,
        "mean": 0.0138381132856,
        "min": 0.000251647928962,
        "stdev": 0.0122829768807
    },
    "spectral_entropy": {
        "max": 8.55565452576,
        "mean": 7.45691490173,
        "min": 6.0337934494,
        "stdev": 0.411990404129
    },
    "spectral_flux": {
        "max": 0.3084166646,
        "mean": 0.0655027851462,
        "min": 0.00616872915998,
        "stdev": 0.0402024127543
    },
    "spectral_kurtosis": {
        "max": 19.9078006744,
        "mean": 5.27621269226,
        "min": -0.65967464447,
        "stdev": 2.93866753578
    },
    "spectral_rms": {
        "max": 0.00936260353774,
        "mean": 0.00396586069837,
        "min": 0.000572858087253,
        "stdev": 0.00178176001646
    },
    "spectral_rolloff": {
        "max": 8957.8125,
        "mean": 1499.64416504,
        "min": 279.931640625,
        "stdev": 1363.22192383
    },
    "spectral_skewness": {
        "max": 3.44384360313,
        "mean": 1.67187535763,
        "min": 0.206059545279,
        "stdev": 0.518487095833
    },
    "spectral_spread": {
        "max": 23943920,
        "mean": 4466812,
        "min": 2359132.25,
        "stdev": 1280075.75
    },
    "spectral_strongpeak": {
        "max": 10.6657762527,
        "mean": 1.24353635311,
        "min": 0.0378903150558,
        "stdev": 1.30591249466
    },
    "zerocrossingrate": {
        "max": 0.26513671875,
        "mean": 0.0638034567237,
        "min": 0.015625,
        "stdev": 0.0345209911466
    },
    "barkbands": {
        "max": [5.69923504372e-05, 0.00313493818976, 0.0120080970228, 0.0224795304239, 0.0556932203472, 0.0659912675619, 0.0613892637193, 0.0592462420464, 0.0531834177673, 0.0457113012671, 0.0267055779696, 0.0163626000285, 0.025772575289, 0.0219976715744, 0.0208916813135, 0.0194069612771, 0.0159554295242, 0.00391790689901, 0.0121697867289, 0.00586260855198, 0.0107344072312, 0.010689271614, 0.00680147390813, 0.00387478852645, 0.00130965316202, 0.000332703872118, 3.75603849534e-05],
        "mean": [3.49691936208e-06, 0.000136244751047, 0.000244002352702, 0.000868787290528, 0.00294795469381, 0.00292356568389, 0.00231394544244, 0.00286631146446, 0.00138999440242, 0.00122129789088, 0.000632767914794, 0.000398528733058, 0.000442470482085, 0.000474858359667, 0.000413163739722, 0.000374394876417, 0.000392085872591, 0.000231584810535, 0.000347637396771, 0.000217827269807, 0.000166165526025, 0.000141791402712, 0.000105764731416, 6.19274287601e-05, 3.94201779272e-05, 1.03743923319e-05, 8.89593866304e-06],
        "min": [1.61811684052e-08, 2.3539824312e-08, 1.30367894258e-07, 9.23750690163e-07, 3.48622124875e-05, 5.09783421876e-05, 2.12008089875e-05, 4.71876137453e-06, 5.02994112139e-07, 2.64737479938e-07, 8.34140152506e-08, 1.25584946886e-07, 1.70717484593e-07, 8.74350760682e-08, 1.33431313998e-07, 2.03681196354e-07, 1.93844755358e-07, 3.14811529734e-07, 4.41873112322e-07, 2.73277237284e-07, 4.12427141327e-07, 4.08855271417e-07, 5.36765469406e-07, 7.13960844223e-07, 2.50733023677e-06, 1.05463061573e-06, 2.66228926193e-06],
        "stdev": [4.19149273512e-06, 0.000287793052848, 0.000539527914952, 0.0017093749484, 0.00402871519327, 0.00448341388255, 0.00452681258321, 0.0061112260446, 0.00383340264671, 0.00316529907286, 0.00180569954682, 0.000973134301603, 0.00136532192118, 0.00128747569397, 0.00112733629066, 0.00113355345093, 0.00103775900789, 0.000318999838782, 0.000752302294131, 0.000407696526963, 0.00056051480351, 0.000584052235354, 0.000451766478363, 0.00023445658735, 9.97290335363e-05, 2.19921657845e-05, 2.0927868718e-06]
    },
    "erbbands": {
        "max": [0.0682194754481, 0.990218222141, 10.3447418213, 45.5034294128, 120.280563354, 188.448623657, 465.180175781, 739.494506836, 1108.27929688, 1057.86633301, 1448.50073242, 1603.04724121, 1346.76171875, 954.811767578, 1105.77062988, 545.62109375, 938.372070312, 1318.27307129, 451.300811768, 1096.77758789, 1148.91821289, 754.512878418, 190.000900269, 281.022216797, 615.124816895, 263.664428711, 281.13684082, 616.786499023, 391.675170898, 343.343475342, 147.147247314, 104.797988892, 42.4033203125, 16.1657581329, 10.4860010147, 2.85546040535, 0.439049512148, 0.112676009536, 0.00256896368228, 0.000240718887653],
        "mean": [0.0028700530529, 0.0373454503715, 0.237831249833, 1.57957661152, 5.7820763588, 10.3695831299, 16.0036506653, 25.6656227112, 35.8201408386, 47.9876403809, 50.08984375, 37.3255462646, 36.0881690979, 30.4597015381, 26.6454429626, 17.569475174, 21.6077003479, 26.3259544373, 18.984544754, 21.9499435425, 21.9665279388, 19.9906139374, 13.7449197769, 13.1398668289, 19.2014160156, 10.0788106918, 6.69113731384, 6.79582023621, 5.09673881531, 4.31668663025, 2.65904736519, 1.4906835556, 0.9353479743, 0.464921176434, 0.262967258692, 0.0702653974295, 0.0179363191128, 0.0162834338844, 0.000405554252211, 3.21260486089e-05],
        "min": [1.02287240225e-05, 0.000238592721871, 0.00102356157731, 0.00384000991471, 0.0178699828684, 0.119508139789, 0.139892876148, 0.458744645119, 0.353363543749, 0.261563152075, 0.0953499004245, 0.0277974493802, 0.0174018889666, 0.0117528960109, 0.0114523330703, 0.00772865256295, 0.0115694440901, 0.00930410344154, 0.00823068898171, 0.0112686650828, 0.014345401898, 0.0144653702155, 0.0149105908349, 0.0189268775284, 0.0167181789875, 0.0145176453516, 0.0140769192949, 0.0163928307593, 0.0149564668536, 0.0156853217632, 0.0147690102458, 0.0141003485769, 0.0122208949178, 0.00990065652877, 0.0208333954215, 0.00832082331181, 0.00340251927264, 0.00895579066128, 0.000220943707973, 5.8228429225e-06],
        "stdev": [0.00483525497839, 0.0822713151574, 0.521358847618, 2.93615865707, 10.0324134827, 16.4361629486, 24.3799476624, 44.7962303162, 67.9834060669, 88.4498748779, 120.667503357, 102.558097839, 86.1865005493, 100.316360474, 62.013835907, 38.9024467468, 61.1849250793, 73.1588058472, 39.4477767944, 53.4245376587, 69.8486251831, 48.2247314453, 17.9694290161, 20.3084354401, 43.5497703552, 19.3874740601, 17.2528514862, 27.6940746307, 20.3855953217, 18.8837356567, 10.9322986603, 6.20037937164, 3.21307134628, 1.25088059902, 0.650911271572, 0.167470782995, 0.0306463520974, 0.00657390011474, 0.000155852088938, 2.17820106627e-05]
    },
    "gfcc": {
        "mean": [-12.6879272461, 72.8794555664, -115.854286194, 7.06752586365, -70.4206466675, -16.5002059937, -48.238079071, 0.110793687403, -30.4539756775, 1.32806324959, -19.3097381592, 1.42827022076, -17.4108009338],
        "cov": [[3106.2512207, -148.286193848, -1292.84863281, 104.600479126, -167.023864746, 191.761489868, -8.87978649139, 90.2636871338, 17.2458248138, -56.8265533447, 0.491985410452, -149.49621582, 3.47978377342], [-148.286193848, 542.453552246, -30.5184898376, -359.412567139, 159.807800293, -93.6639099121, 41.0237731934, 11.8435602188, 21.9035339355, -19.8199901581, 18.3327713013, 3.19619107246, -5.44834470749], [-1292.84863281, -30.5184898376, 919.711242676, 213.793289185, -20.1775436401, 22.8644924164, -25.2958602905, -29.0178012848, -1.21945750713, 41.0553703308, -12.2065534592, 75.708770752, 8.47396850586], [104.600479126, -359.412567139, 213.793289185, 539.04473877, -40.7873764038, 47.4733657837, -83.8938751221, -29.3191108704, 16.7690849304, 18.6254787445, -40.7676544189, 12.0242357254, 10.4156284332], [-167.023864746, 159.807800293, -20.1775436401, -40.7873764038, 196.749099731, -57.0211257935, -37.6650543213, -1.75177907944, 22.3791217804, 6.27347993851, -0.915578663349, 13.7703475952, 8.80180931091], [191.761489868, -93.6639099121, 22.8644924164, 47.4733657837, -57.0211257935, 217.195571899, 96.0612945557, 24.7998886108, -36.1260910034, 7.22396469116, 7.42074728012, -23.2623462677, 1.86756706238], [-8.87978649139, 41.0237731934, -25.2958602905, -83.8938751221, -37.6650543213, 96.0612945557, 187.854095459, 49.2216339111, -42.5978164673, -11.4310035706, 13.3861532211, -18.1662883759, -22.3467178345], [90.2636871338, 11.8435602188, -29.0178012848, -29.3191108704, -1.75177907944, 24.7998886108, 49.2216339111, 93.7045669556, 26.7173042297, 5.57772111893, 12.9521226883, -2.53031086922, 4.83286857605], [17.2458248138, 21.9035339355, -1.21945750713, 16.7690849304, 22.3791217804, -36.1260910034, -42.5978164673, 26.7173042297, 100.234863281, 43.7008857727, -3.83539199829, 3.62934088707, 8.53216075897], [-56.8265533447, -19.8199901581, 41.0553703308, 18.6254787445, 6.27347993851, 7.22396469116, -11.4310035706, 5.57772111893, 43.7008857727, 75.3984375, 26.6258220673, 6.23300886154, 6.95471334457], [0.491985410452, 18.3327713013, -12.2065534592, -40.7676544189, -0.915578663349, 7.42074728012, 13.3861532211, 12.9521226883, -3.83539199829, 26.6258220673, 64.3559417725, 24.743976593, 3.82082557678], [-149.49621582, 3.19619107246, 75.708770752, 12.0242357254, 13.7703475952, -23.2623462677, -18.1662883759, -2.53031086922, 3.62934088707, 6.23300886154, 24.743976593, 68.0921630859, 33.1631126404], [3.47978377342, -5.44834470749, 8.47396850586, 10.4156284332, 8.80180931091, 1.86756706238, -22.3467178345, 4.83286857605, 8.53216075897, 6.95471334457, 3.82082557678, 33.1631126404, 58.8129081726]],
        "icov": [[0.00445872545242, -0.00660809595138, 0.00805560406297, -0.00663281325251, 0.00779300555587, -0.00585134560242, 0.00641481764615, -0.00570253888145, 0.00313216377981, -0.00203482154757, 0.000989874708466, -0.000667952990625, 0.00116207660176], [-0.00660809595138, 0.0160457678139, -0.013190895319, 0.0135191082954, -0.0158689450473, 0.00992679968476, -0.0119446422905, 0.0108648324385, -0.00900008622557, 0.00765965785831, -0.00456348294392, 0.00399961369112, -0.00354671222158], [0.00805560406297, -0.013190895319, 0.0163334216923, -0.0130516625941, 0.0150841297582, -0.0111195491627, 0.0122092394158, -0.0110116619617, 0.00744482269511, -0.00645585311577, 0.00448785442859, -0.00498632155359, 0.0041024684906], [-0.00663281325251, 0.0135191082954, -0.0130516625941, 0.0146808922291, -0.0136008700356, 0.00812793429941, -0.00914856884629, 0.00954222027212, -0.00682298373431, 0.00459557073191, -0.00081323372433, 0.00126449821983, -0.00177123281173], [0.00779300555587, -0.0158689450473, 0.0150841297582, -0.0136008700356, 0.0223566181958, -0.0101898377761, 0.0136831458658, -0.0120582254604, 0.00831771083176, -0.0075744506903, 0.0049418983981, -0.00450801337138, 0.00338174332865], [-0.00585134560242, 0.00992679968476, -0.0111195491627, 0.00812793429941, -0.0101898377761, 0.0158966910094, -0.0128420349211, 0.00750156259164, -0.00283915293403, 0.00204006838612, -0.00360383442603, 0.00623229658231, -0.00615667598322], [0.00641481764615, -0.0119446422905, 0.0122092394158, -0.00914856884629, 0.0136831458658, -0.0128420349211, 0.0214064288884, -0.0154736060649, 0.0115225706249, -0.00705954898149, 0.00528402626514, -0.00501422258094, 0.00778743252158], [-0.00570253888145, 0.0108648324385, -0.0110116619617, 0.00954222027212, -0.0120582254604, 0.00750156259164, -0.0154736060649, 0.0260680858046, -0.0160690192133, 0.0110650826246, -0.00963837560266, 0.0061388053, -0.00702714035287], [0.00313216377981, -0.00900008622557, 0.00744482269511, -0.00682298373431, 0.00831771083176, -0.00283915293403, 0.0115225706249, -0.0160690192133, 0.0284850262105, -0.0211070068181, 0.0137321418151, -0.00699811195955, 0.00507799303159], [-0.00203482154757, 0.00765965785831, -0.00645585311577, 0.00459557073191, -0.0075744506903, 0.00204006838612, -0.00705954898149, 0.0110650826246, -0.0211070068181, 0.0340581126511, -0.0209726225585, 0.0117167457938, -0.00778617942706], [0.000989874708466, -0.00456348294392, 0.00448785442859, -0.00081323372433, 0.0049418983981, -0.00360383442603, 0.00528402626514, -0.00963837560266, 0.0137321418151, -0.0209726225585, 0.0352681726217, -0.0206343457103, 0.0110225146636], [-0.000667952990625, 0.00399961369112, -0.00498632155359, 0.00126449821983, -0.00450801337138, 0.00623229658231, -0.00501422258094, 0.0061388053, -0.00699811195955, 0.0117167457938, -0.0206343457103, 0.0373748987913, -0.0211328826845], [0.00116207660176, -0.00354671222158, 0.0041024684906, -0.00177123281173, 0.00338174332865, -0.00615667598322, 0.00778743252158, -0.00702714035287, 0.00507799303159, -0.00778617942706, 0.0110225146636, -0.0211328826845, 0.030938372016]]
    },
    "melbands": {
        "max": [0.000659397454001, 0.00403033057228, 0.00740274041891, 0.00961749721318, 0.0164173915982, 0.0147950397804, 0.0147363087162, 0.0121062360704, 0.0115432739258, 0.0105618881062, 0.00717003457248, 0.00399574125186, 0.00369471753947, 0.00236282730475, 0.000922192586586, 0.00298846443184, 0.00278389058076, 0.000711923057679, 0.0023164334707, 0.00120198330842, 0.00160103151575, 0.00111745146569, 0.00033294732566, 9.85755032161e-05, 0.000245931383688, 0.000616998702753, 0.000258657557424, 0.00017203297466, 0.000127919542138, 0.000274225487374, 0.000400915974751, 0.000272243254585, 0.000180408911547, 0.000212913771975, 9.1182126198e-05, 9.32910334086e-05, 5.45303046238e-05, 3.8637619582e-05, 2.86633676296e-05, 1.29653517433e-05],
        "mean": [3.18470338243e-05, 0.000106942861748, 0.000407188141253, 0.000565821886994, 0.000569085532334, 0.0005957193207, 0.000528976204805, 0.000565446389373, 0.000385944993468, 0.000214937448618, 0.0001740421867, 0.000122661673231, 8.66746922839e-05, 5.44575595995e-05, 3.82248872484e-05, 5.06724245497e-05, 4.88013065478e-05, 2.8399455914e-05, 3.20137150993e-05, 2.87929960905e-05, 2.52463578363e-05, 2.2502927095e-05, 1.56428668561e-05, 1.02292715383e-05, 1.01621699287e-05, 1.43447459777e-05, 1.11211238618e-05, 5.69483063373e-06, 4.27817985837e-06, 3.77511946681e-06, 3.99421242037e-06, 2.96741745842e-06, 2.5184781407e-06, 2.3728848646e-06, 1.64960135862e-06, 1.1103044244e-06, 8.21653088678e-07, 6.94821267189e-07, 5.00321220898e-07, 3.51480082372e-07],
        "min": [7.98227830501e-08, 5.55945348424e-07, 5.39201380434e-07, 5.90933132116e-06, 3.4982890611e-06, 9.80940512818e-06, 4.69334736408e-06, 2.61531158685e-06, 5.72929366172e-07, 9.86819941318e-08, 6.52558469483e-08, 3.62526080266e-08, 2.08501518273e-08, 2.22644267467e-08, 1.31009567639e-08, 2.23209024597e-08, 1.05131485739e-08, 1.21942855813e-08, 1.37196192185e-08, 1.46622234354e-08, 1.32810962228e-08, 1.12314006984e-08, 1.02551318548e-08, 1.42350176091e-08, 1.00539034875e-08, 1.59498547703e-08, 7.12979986162e-09, 9.79679182223e-09, 7.23801685254e-09, 8.53768700182e-09, 8.05809019511e-09, 7.60633600549e-09, 6.03552852141e-09, 7.53998641301e-09, 7.06123870486e-09, 1.17076748296e-08, 6.8307750567e-09, 6.61663124291e-09, 5.93373616908e-09, 6.28130392144e-09],
        "stdev": [6.05452150921e-05, 0.000213642881135, 0.00066937826341, 0.0008157423581, 0.000830886769108, 0.000980226905085, 0.000990555156022, 0.00108778185677, 0.000944452069234, 0.000617820187472, 0.000439473398728, 0.000422580516897, 0.000233082930208, 0.000124026759295, 8.83101165527e-05, 0.000155971807544, 0.000141171636642, 6.22547595412e-05, 0.000102454934677, 6.89673615852e-05, 8.77675847732e-05, 6.4146501245e-05, 2.51322835538e-05, 1.3562021195e-05, 1.6565723854e-05, 3.50055634044e-05, 2.19722496695e-05, 1.21761495393e-05, 1.02252352008e-05, 1.32385557663e-05, 1.7474319975e-05, 1.26443610498e-05, 1.03335587482e-05, 1.09694810817e-05, 6.80845960233e-06, 5.05041043652e-06, 3.34540482072e-06, 2.49162485488e-06, 1.62870878739e-06, 8.60760110299e-07]
    },
    "melbands128": {
        "max": [3.86631290894e-05, 0.00041461607907, 0.00115891185123, 0.00198476132937, 0.0038772567641, 0.00640010554343, 0.0101287281141, 0.010622096248, 0.0167138818651, 0.0161835514009, 0.0149685759097, 0.0257784612477, 0.0206140726805, 0.0158900097013, 0.0274183992296, 0.0191838592291, 0.0242248829454, 0.0190944708884, 0.0144640281796, 0.0171856358647, 0.0219939742237, 0.0214715600014, 0.0212648957968, 0.00902449898422, 0.0169805195183, 0.015321216546, 0.0123229911551, 0.0103378277272, 0.013664977625, 0.00903661735356, 0.00728477025405, 0.00825213734061, 0.00699658831581, 0.0075022354722, 0.00359182571992, 0.00303603149951, 0.00272179208696, 0.00130162329879, 0.00185261922888, 0.00486176181585, 0.0064928708598, 0.00327431154437, 0.00625133793801, 0.00265618367121, 0.00131782703102, 0.00106457807124, 0.00184919091407, 0.00430623767897, 0.00352512043901, 0.000981438322924, 0.000927816610783, 0.00431066472083, 0.00301371654496, 0.00420417962596, 0.00213764584623, 0.00157014082652, 0.00107756408397, 0.000510741840117, 0.000610784278251, 0.000308061717078, 0.000200917958864, 0.00013631778711, 0.00017320724146, 0.000341170845786, 0.000585168483667, 0.000838474137709, 0.000816198822577, 0.000623350148089, 0.000210795202293, 0.00035557380761, 0.000199914604309, 0.000203944859095, 0.000213909879676, 0.000187858924619, 0.00017009844305, 0.000422601762693, 0.000378102209652, 0.0003579678596, 0.000447059632279, 0.000396418850869, 0.000424322497565, 0.000185597440577, 0.000195817032363, 0.00027036110987, 0.00018783993437, 0.000284935435047, 0.000248456286499, 0.000102146717836, 0.000119514385005, 6.83972830302e-05, 0.000119261763757, 0.000116439514386, 0.000118818759802, 7.16527720215e-05, 5.46822921024e-05, 6.97591676726e-05, 3.86387364415e-05, 3.21157531289e-05, 4.32975648437e-05, 3.00020383293e-05, 1.60377276188e-05, 1.49087773025e-05, 1.39676831168e-05, 1.49712695929e-05, 1.55282377818e-05, 9.98272480501e-06, 1.68169826793e-05, 7.33277056497e-06, 5.95639448875e-06, 3.03537422042e-06, 3.25058931594e-06, 1.41366956541e-06, 1.34549202357e-06, 1.34622280257e-06, 1.11179303985e-06, 1.29127545279e-06, 1.30689147682e-06, 6.15625168621e-08, 6.44840412178e-08, 6.43035065195e-08, 6.34946246691e-08, 6.25398897114e-08, 6.1578610655e-08, 6.07193797464e-08, 5.99573226623e-08, 5.9372233352e-08, 5.89554005614e-08, 5.86498565269e-08],
        "mean": [2.75181582765e-06, 1.73893586179e-05, 4.24949685112e-05, 6.23256710242e-05, 9.07528083189e-05, 0.000130739834276, 0.000253846053965, 0.000515905208886, 0.000622752238996, 0.000495310116094, 0.000582021777518, 0.000659266894218, 0.000534642313141, 0.000503983697854, 0.000526334159076, 0.000699341879226, 0.000716516340617, 0.000435817346442, 0.000405754020903, 0.000506364332978, 0.000758929352742, 0.000420359370764, 0.000392660673242, 0.000232015096117, 0.000278519495623, 0.000181812662049, 0.00012276355119, 0.000244051683694, 0.00013143052638, 0.000129354724777, 0.000132558867335, 7.19547315384e-05, 7.91334023234e-05, 0.00011826185073, 4.57658461528e-05, 3.99037708121e-05, 5.70863885514e-05, 2.24364266614e-05, 3.90477725887e-05, 5.72050557821e-05, 5.12650876772e-05, 4.43672397523e-05, 5.37427731615e-05, 5.56554150535e-05, 2.30081132031e-05, 2.27023501793e-05, 3.23727799696e-05, 3.59638797818e-05, 2.97898677672e-05, 2.73519435723e-05, 2.7583047995e-05, 3.4513835999e-05, 1.94763470063e-05, 2.23794959311e-05, 3.45904591086e-05, 2.04101597774e-05, 1.45269304994e-05, 1.97270073841e-05, 1.50126616063e-05, 1.04404844024e-05, 9.91984416032e-06, 9.66236439126e-06, 1.0535551155e-05, 9.79885135166e-06, 1.04087775981e-05, 1.36526350616e-05, 1.85702847375e-05, 1.42264270835e-05, 8.6383015514e-06, 7.6611086115e-06, 5.55619089937e-06, 4.84095016873e-06, 4.92253730044e-06, 4.18630634158e-06, 3.48020353158e-06, 3.67232041754e-06, 3.89008482671e-06, 4.21463664679e-06, 4.18997660745e-06, 3.56359714715e-06, 3.31827709488e-06, 2.56089333561e-06, 2.40401936935e-06, 2.61023342318e-06, 2.54420638157e-06, 2.32280353885e-06, 2.45778574026e-06, 2.20095262193e-06, 1.61384673447e-06, 1.20578215501e-06, 1.24438406601e-06, 1.0670202073e-06, 9.33156286465e-07, 7.91285003743e-07, 7.86970986155e-07, 7.36288825465e-07, 7.02616603121e-07, 5.98970018473e-07, 5.33383342827e-07, 4.10609942492e-07, 4.05075297749e-07, 3.3769291008e-07, 2.89990452984e-07, 3.33704122113e-07, 2.90796492664e-07, 3.1616585261e-07, 2.80466991853e-07, 1.27186666532e-07, 9.08363588792e-08, 7.50898792035e-08, 5.9287547316e-08, 4.780083529e-08, 4.66790019971e-08, 4.3269270833e-08, 4.17510221951e-08, 1.65210849445e-07, 3.07861512283e-07, 1.37258801547e-10, 4.28982196987e-11, 4.16326938202e-11, 4.06908083617e-11, 3.9826600351e-11, 3.90403161188e-11, 3.83658001202e-11, 3.78140053992e-11, 3.73899661232e-11, 3.70841274355e-11, 3.6858592567e-11],
        "min": [6.48541276238e-10, 4.39949268127e-08, 1.46956402602e-08, 5.7529332409e-09, 1.56230086645e-07, 5.59864581362e-08, 1.06885579498e-07, 2.55490419931e-07, 3.04036348098e-07, 2.20335459744e-06, 5.52156393496e-07, 5.94283108057e-07, 8.04298281309e-07, 6.95509413617e-07, 1.38508448799e-06, 3.92810278527e-07, 2.88206024379e-06, 8.36990182052e-07, 7.03375803823e-07, 1.30737907966e-06, 4.60774344901e-07, 3.77852302336e-07, 8.86864981453e-08, 2.99136289073e-08, 6.07042807133e-08, 1.59595749949e-08, 2.11830055719e-08, 4.88119766828e-08, 7.14636794186e-09, 9.50510070652e-09, 9.20105414082e-09, 1.26277717172e-08, 9.11824837857e-09, 1.53416319648e-08, 1.81163244406e-08, 4.47533121672e-09, 6.74103439735e-09, 7.15799020057e-09, 6.28123064672e-09, 6.89443346857e-09, 6.47919939922e-09, 4.44028902535e-09, 6.28943075398e-09, 5.02557062632e-09, 1.10364029027e-08, 8.35176638958e-09, 4.46318892955e-09, 5.50463674642e-09, 9.96843585455e-09, 6.76166500568e-09, 1.05059774214e-08, 8.17906453676e-09, 8.15123080145e-09, 6.02871219613e-09, 7.22159132494e-09, 1.23591448187e-08, 8.57219539796e-09, 6.97919411152e-09, 1.21798500174e-08, 5.0104915772e-09, 7.76581554618e-09, 4.71929562096e-09, 6.97799862337e-09, 5.87259751939e-09, 6.43299635783e-09, 9.38899535896e-09, 5.07196640243e-09, 2.3112709524e-09, 5.75495473498e-09, 7.15190973111e-09, 4.01121935667e-09, 3.76626374532e-09, 2.41939468459e-09, 5.01012742404e-09, 4.00060606864e-09, 7.05123559541e-09, 3.24053184286e-09, 5.17805709421e-09, 5.01186692148e-09, 4.79831641087e-09, 4.2719019433e-09, 5.95423799155e-09, 5.43859579594e-09, 3.89774701404e-09, 5.57708323967e-09, 5.12251308038e-09, 6.30385699196e-09, 4.53668924649e-09, 3.66927910278e-09, 4.24498258766e-09, 2.95737967448e-09, 8.33742852535e-09, 1.02298010063e-08, 4.98838259588e-09, 4.60478499775e-09, 3.15922599192e-09, 5.19302290058e-09, 4.76380890291e-09, 5.21770449069e-09, 4.35197122783e-09, 3.94390697878e-09, 4.09294820258e-09, 4.6730295189e-09, 5.08673103639e-09, 5.6213012023e-09, 3.64774379591e-08, 4.76695234397e-08, 4.78448969332e-09, 4.83824891262e-09, 4.70798378061e-09, 3.63389629499e-09, 2.74620703955e-09, 3.21999182873e-09, 2.66987987274e-09, 2.94430924086e-09, 8.78591208675e-08, 9.43488061012e-08, 3.94544856855e-12, 5.39466847658e-14, 3.7122828276e-14, 3.39251061054e-14, 4.81868437838e-14, 3.96512555049e-14, 3.65570746418e-14, 3.9996424819e-14, 4.40943668297e-14, 3.62675689448e-14, 3.66366686337e-14],
        "stdev": [3.59433283847e-06, 2.93888933811e-05, 8.59029023559e-05, 0.000156784619321, 0.000249593838817, 0.000273852085229, 0.000557856634259, 0.000995333422907, 0.00128287426196, 0.00100760220084, 0.00112587225158, 0.00131502118893, 0.000992893939838, 0.00115006661508, 0.00136532529723, 0.00138630566653, 0.00163059146143, 0.00126143777743, 0.00119005690794, 0.00117716297973, 0.0018847057363, 0.00138921604957, 0.00146614341065, 0.000809006101917, 0.0010541860247, 0.000760593742598, 0.000465188204544, 0.000693932350259, 0.000602260872256, 0.00057073723292, 0.000604650995228, 0.000387442531064, 0.00032056478085, 0.000324843626004, 0.000184449090739, 0.000143810291775, 0.000169580045622, 8.21044523036e-05, 0.000130388827529, 0.000238408640143, 0.000242250127485, 0.000211267455597, 0.000252093333984, 0.000152989960043, 8.5088016931e-05, 7.69998514443e-05, 9.88895189948e-05, 0.000177477661055, 0.00013016127923, 7.57027737563e-05, 7.30152751203e-05, 0.000171384846908, 0.000106028317532, 0.000130345084472, 0.000141497293953, 7.74957152316e-05, 4.28546663898e-05, 4.0314742364e-05, 3.15500583383e-05, 1.88133271877e-05, 1.8268598069e-05, 1.7459045921e-05, 1.61193202075e-05, 2.0278737793e-05, 3.03306223941e-05, 3.90067034459e-05, 5.33337624802e-05, 3.75200070266e-05, 1.81422255991e-05, 1.88048343261e-05, 1.39269186548e-05, 1.19678170449e-05, 1.18014468171e-05, 1.10449082058e-05, 1.06503857751e-05, 1.37142505992e-05, 1.53184773808e-05, 1.86795896298e-05, 1.85832850548e-05, 1.77585079655e-05, 1.69028335222e-05, 9.65417711996e-06, 9.33388400881e-06, 1.17675936053e-05, 1.14848580779e-05, 1.23829186123e-05, 1.22451529023e-05, 8.84502696863e-06, 7.29029125068e-06, 5.0036542234e-06, 5.72989347347e-06, 5.26678513779e-06, 4.74642411064e-06, 3.12934457725e-06, 3.28906344294e-06, 3.24887560055e-06, 2.32932643485e-06, 1.99437931769e-06, 1.88749982044e-06, 1.50748257965e-06, 1.05687956875e-06, 7.91836441749e-07, 7.02127294971e-07, 8.93815013114e-07, 8.6901945906e-07, 7.32070247977e-07, 6.87518024733e-07, 3.51060549519e-07, 2.49552613241e-07, 1.7069946523e-07, 1.33123180035e-07, 9.24429954807e-08, 8.89893172484e-08, 8.51566639426e-08, 7.87433478422e-08, 8.57949657984e-08, 7.44823012155e-08, 1.45725465028e-09, 1.45134726459e-09, 1.43565048738e-09, 1.41209755e-09, 1.38752831447e-09, 1.36398670136e-09, 1.34333399959e-09, 1.3255281317e-09, 1.3119002551e-09, 1.30212085558e-09, 1.29494304169e-09]
    },
    "mfcc": {
        "mean": [-661.503967285, 119.337112427, -4.78262424469, 17.8529701233, -10.5789852142, -14.8606033325, -14.9365596771, -10.2217264175, -12.9813451767, -6.28215074539, -6.40524768829, -5.30824995041, -3.02925372124],
        "cov": [[4263.55371094, -644.207824707, -1064.79248047, -242.860610962, -183.682495117, -7.36104869843, 7.5712647438, 64.5603485107, 8.88223552704, 153.622970581, 33.0398254395, -113.708450317, -4.31192827225], [-644.207824707, 970.033874512, -230.443267822, -233.398391724, 4.04864406586, -132.967956543, 10.6746015549, 0.547859489918, -17.739315033, -5.26281785965, 10.7850351334, 6.60612249374, -5.15387392044], [-1064.79248047, -230.443267822, 809.344421387, 189.397659302, 42.9242401123, 115.212059021, 22.9710083008, 0.363093227148, 38.3706474304, -60.5358695984, -3.41447520256, 72.2186889648, -1.17062020302], [-242.860610962, -233.398391724, 189.397659302, 336.073181152, 129.271011353, 28.197145462, -86.5982818604, -26.881061554, 13.7423477173, -37.8155326843, -25.1197624207, 0.863490283489, 41.5388069153], [-183.682495117, 4.04864406586, 42.9242401123, 129.271011353, 216.425521851, 9.67148113251, -91.791633606, -41.3948898315, 11.3707504272, -17.2780227661, -28.0615158081, -4.89679288864, 49.6902389526], [-7.36104869843, -132.967956543, 115.212059021, 28.197145462, 9.67148113251, 130.898391724, 50.9796104431, -3.26487135887, 16.1762981415, -2.63117170334, 5.59790277481, 8.51380634308, -16.4445400238], [7.5712647438, 10.6746015549, 22.9710083008, -86.5982818604, -91.791633606, 50.9796104431, 192.398895264, 68.9512939453, -6.41743183136, 15.5363006592, 27.9715080261, 4.47425270081, -51.4486694336], [64.5603485107, 0.547859489918, 0.363093227148, -26.881061554, -41.3948898315, -3.26487135887, 68.9512939453, 90.7564086914, 18.098110199, 7.0283780098, 10.4135961533, -3.97381854057, -17.8624038696], [8.88223552704, -17.739315033, 38.3706474304, 13.7423477173, 11.3707504272, 16.1762981415, -6.41743183136, 18.098110199, 82.2563247681, 22.4675388336, 1.98833942413, 6.09314823151, 1.65478396416], [153.622970581, -5.26281785965, -60.5358695984, -37.8155326843, -17.2780227661, -2.63117170334, 15.5363006592, 7.0283780098, 22.4675388336, 96.5597229004, 35.0218582153, -0.778411626816, -12.3895263672], [33.0398254395, 10.7850351334, -3.41447520256, -25.1197624207, -28.0615158081, 5.59790277481, 27.9715080261, 10.4135961533, 1.98833942413, 35.0218582153, 75.1915283203, 24.0566139221, -18.0607833862], [-113.708450317, 6.60612249374, 72.2186889648, 0.863490283489, -4.89679288864, 8.51380634308, 4.47425270081, -3.97381854057, 6.09314823151, -0.778411626816, 24.0566139221, 67.1489715576, 20.4199638367], [-4.31192827225, -5.15387392044, -1.17062020302, 41.5388069153, 49.6902389526, -16.4445400238, -51.4486694336, -17.8624038696, 1.65478396416, -12.3895263672, -18.0607833862, 20.4199638367, 78.5152053833]],
        "icov": [[0.000610261748079, 0.000663082057144, 0.000911094597541, 0.000404330930905, 0.000195237487787, -0.00034113205038, 0.000293427205179, -0.00044718926074, -0.000229196986766, -9.99483163469e-05, -0.00023018423235, 0.000201274364372, -0.000343996915035], [0.000663082057144, 0.00234480970539, 0.0011110373307, 0.00169038912281, -0.000901878869627, 0.001432555262, -0.00034215967753, 6.06290886935e-05, -0.000730975763872, 0.000735734356567, -0.000556088227313, -0.000287004222628, 5.12221304234e-05], [0.000911094597541, 0.0011110373307, 0.00331751699559, -0.000353456794983, 0.000272382021649, -0.00142818456516, 0.000190703431144, -0.000701328157447, -0.00101584522054, 0.000813545251731, 0.000179200447747, -0.00212752586231, 0.000597653153818], [0.000404330930905, 0.00169038912281, -0.000353456794983, 0.00612094346434, -0.00259804632515, 0.000280115666101, 0.0013834151905, -0.000768565398175, -0.000362748862244, 0.00133534101769, -0.00101692520548, 0.00117291649804, -0.000996462535113], [0.000195237487787, -0.000901878869627, 0.000272382021649, -0.00259804632515, 0.00835548248142, -0.0026537515223, 0.00240992498584, 0.000478146597743, -0.00034230548772, -0.000721526273992, 0.000518934044521, 0.00180856906809, -0.00328339659609], [-0.00034113205038, 0.001432555262, -0.00142818456516, 0.000280115666101, -0.0026537515223, 0.0137885231525, -0.00624808017164, 0.00533836893737, -0.00346486084163, 0.00157950876746, -0.00048844597768, -0.000473923049867, 0.00192670477554], [0.000293427205179, -0.00034215967753, 0.000190703431144, 0.0013834151905, 0.00240992498584, -0.00624808017164, 0.0128109930083, -0.00879830028862, 0.00385276018642, -0.00148802285548, -0.000114923852379, -0.00128022301942, 0.00281433272175], [-0.00044718926074, 6.06290886935e-05, -0.000701328157447, -0.000768565398175, 0.000478146597743, 0.00533836893737, -0.00879830028862, 0.0194420348853, -0.0062808021903, 0.00215025711805, -0.00151170883328, 0.00243286509067, -0.000659880868625], [-0.000229196986766, -0.000730975763872, -0.00101584522054, -0.000362748862244, -0.00034230548772, -0.00346486084163, 0.00385276018642, -0.0062808021903, 0.0165486559272, -0.00548184523359, 0.0025399744045, -0.00209629535675, 0.000618504243903], [-9.99483163469e-05, 0.000735734356567, 0.000813545251731, 0.00133534101769, -0.000721526273992, 0.00157950876746, -0.00148802285548, 0.00215025711805, -0.00548184523359, 0.0156187461689, -0.00759136350825, 0.00227027549408, -0.000106487816083], [-0.00023018423235, -0.000556088227313, 0.000179200447747, -0.00101692520548, 0.000518934044521, -0.00048844597768, -0.000114923852379, -0.00151170883328, 0.0025399744045, -0.00759136350825, 0.0219680462033, -0.0105684613809, 0.00619205739349], [0.000201274364372, -0.000287004222628, -0.00212752586231, 0.00117291649804, 0.00180856906809, -0.000473923049867, -0.00128022301942, 0.00243286509067, -0.00209629535675, 0.00227027549408, -0.0105684613809, 0.0252370722592, -0.0107815070078], [-0.000343996915035, 5.12221304234e-05, 0.000597653153818, -0.000996462535113, -0.00328339659609, 0.00192670477554, 0.00281433272175, -0.000659880868625, 0.000618504243903, -0.000106487816083, 0.00619205739349, -0.0107815070078, 0.02163101919]]
    },
    "spectral_contrast_coeffs": {
        "max": [-0.33734536171, -0.393679916859, -0.477055966854, -0.578786253929, -0.600412845612, -0.598507165909],
        "mean": [-0.630328774452, -0.71780192852, -0.750245034695, -0.783934533596, -0.785306513309, -0.780404686928],
        "min": [-0.855286896229, -0.931097269058, -0.947351872921, -0.910940766335, -0.898138701916, -0.906023263931],
        "stdev": [0.0801424309611, 0.0745495259762, 0.0774990692735, 0.0642288848758, 0.0510467030108, 0.0362747348845]
    },
    "spectral_contrast_valleys": {
        "max": [-5.58467817307, -5.07636547089, -5.52231693268, -6.13771533966, -5.74680423737, -7.77541923523],
        "mean": [-7.43334054947, -6.53684902191, -7.68144989014, -7.91158628464, -7.6960606575, -10.2846221924],
        "min": [-9.42547130585, -8.59204292297, -10.3835868835, -10.3457889557, -10.0487394333, -11.6593914032],
        "stdev": [0.574092924595, 0.581358790398, 0.697698414326, 0.728193879128, 0.746721565723, 0.706877231598]
    }
},
"rhythm": {
    "beats_count": 83,
    "beats_loudness": {
        "max": 0.0648326575756,
        "mean": 0.0263320021331,
        "min": 0.000981501652859,
        "stdev": 0.0150949116796
    },
    "bpm": 96.2998428345,
    "bpm_histogram_first_peak_bpm": 96,
    "bpm_histogram_first_peak_weight": 0.367088615894,
    "bpm_histogram_second_peak_bpm": 91,
    "bpm_histogram_second_peak_spread": 0.333333313465,
    "bpm_histogram_second_peak_weight": 0.0243902429938,
    "danceability": 1.00760924816,
    "onset_rate": 2.8130466938,
    "beats_loudness_band_ratio": {
        "max": [0.714552640915, 0.76639264822, 0.747575521469, 0.780801236629, 0.552692115307, 0.755748391151],
        "mean": [0.183242499828, 0.276182740927, 0.344578891993, 0.11194729805, 0.0743789896369, 0.103055357933],
        "min": [0.00431437790394, 0.0424914956093, 0.0214515756816, 0.0116454185918, 0.00621824478731, 0.00706545216963],
        "stdev": [0.182614222169, 0.175097107887, 0.203398957849, 0.130649492145, 0.0777666792274, 0.154274225235]
    },
