{
"metadata": {
    "version": {
        "essentia": "2.1-beta5",
        "essentia_git_sha": "Undefined",
        "extractor": "music 2.0"
    },
    "audio_properties": {
        "analysis": {
            "equal_loudness": 0,
            "length": 32.4963264465,
            "sample_rate": 44100,
            "start_time": 93.9943771362,
            "downmix": "mix"
        },
        "bit_rate": 192000,
        "length": 220.438644409,
        "lossless": 0,
        "number_channels": 2,
        "replay_gain": -7.87247085571,
        "sample_rate": 48000,
        "codec": "mp3",
        "md5_encoded": "0cb18bf3972cf59b4164d32e5a972f47"
    },
    "tags": {
        "file_name": "France_J_ai Volé La Vie_Nathalie Pâque.mp3",
        "encoding": ["Lavf58.29.100"]
    }
},
"lowlevel": {
    "average_loudness": 0.98074901104,
    "barkbands_crest": {
        "max": 23.3352622986,
        "mean": 8.1311378479,
        "min": 2.52743887901,
        "stdev": 3.3327293396
    },
    "barkbands_flatness_db": {
        "max": 0.248364299536,
        "mean": 0.135261043906,
        "min": 0.0429252162576,
        "stdev": 0.0334859453142
    },
    "barkbands_kurtosis": {
        "max": 21.145067215,
        "mean": 0.692221343517,
        "min": -1.79843246937,
        "stdev": 2.45889353752
    },
    "barkbands_skewness": {
        "max": 4.21986246109,
        "mean": 0.77290469408,
        "min": -1.75129139423,
        "stdev": 0.84495139122
    },
    "barkbands_spread": {
        "max": 86.3016891479,
        "mean": 23.9840774536,
        "min": 4.6304602623,
        "stdev": 11.1940059662
    },
    "dissonance": {
        "max": 0.5,
        "mean": 0.469506204128,
        "min": 0.360816061497,
        "stdev": 0.0208536628634
    },
    "dynamic_complexity": 1.80277144909,
    "erbbands_crest": {
        "max": 26.1968173981,
        "mean": 8.82401275635,
        "min": 2.81750941277,
        "stdev": 4.23014640808
    },
    "erbbands_flatness_db": {
        "max": 0.292081326246,
        "mean": 0.191308125854,
        "min": 0.0668461620808,
        "stdev": 0.0394833162427
    },
    "erbbands_kurtosis": {
        "max": 11.4481401443,
        "mean": -0.295050799847,
        "min": -1.83205485344,
        "stdev": 1.21358597279
    },
    "erbbands_skewness": {
        "max": 2.64306354523,
        "mean": 0.0186996757984,
        "min": -2.55748510361,
        "stdev": 0.625162005424
    },
    "erbbands_spread": {
        "max": 123.661560059,
        "mean": 35.4765892029,
        "min": 6.47858381271,
        "stdev": 14.5090494156
    },
    "hfc": {
        "max": 73.2850723267,
        "mean": 23.6893939972,
        "min": 0.74525475502,
        "stdev": 14.5176677704
    },
    "loudness_ebu128": {
        "integrated": -15.7188968658,
        "loudness_range": 1.44117546082,
        "momentary": {
            "max": -13.5815219879,
            "mean": -15.8859453201,
            "min": -19.7962284088,
            "stdev": 1.23896276951
        },
        "short_term": {
            "max": -14.5505714417,
            "mean": -15.6891021729,
            "min": -16.6064968109,
            "stdev": 0.475560694933
        }
    },
    "melbands_crest": {
        "max": 28.4320526123,
        "mean": 10.8906469345,
        "min": 3.54640197754,
        "stdev": 4.09908533096
    },
    "melbands_flatness_db": {
        "max": 0.316447943449,
        "mean": 0.164539515972,
        "min": 0.0525418445468,
        "stdev": 0.0452153272927
    },
    "melbands_kurtosis": {
        "max": 46.8176803589,
        "mean": 4.44125318527,
        "min": -1.61988735199,
        "stdev": 5.80558633804
    },
    "melbands_skewness": {
        "max": 5.99685192108,
        "mean": 1.6493011713,
        "min": -1.09719967842,
        "stdev": 1.02289700508
    },
    "melbands_spread": {
        "max": 109.827629089,
        "mean": 33.1210479736,
        "min": 4.31659078598,
        "stdev": 16.8328208923
    },
    "pitch_salience": {
        "max": 0.871210217476,
        "mean": 0.588315963745,
        "min": 0.271569997072,
        "stdev": 0.0887761563063
    },
    "silence_rate_20dB": {
        "max": 1,
        "mean": 1,
        "min": 1,
        "stdev": 0
    },
    "silence_rate_30dB": {
        "max": 1,
        "mean": 1,
        "min": 1,
        "stdev": 0
    },
    "silence_rate_60dB": {
        "max": 0,
        "mean": 0,
        "min": 0,
        "stdev": 0
    },
    "spectral_centroid": {
        "max": 3687.09936523,
        "mean": 1772.28942871,
        "min": 464.039581299,
        "stdev": 622.762084961
    },
    "spectral_complexity": {
        "max": 47,
        "mean": 22.3004989624,
        "min": 0,
        "stdev": 6.24520206451
    },
    "spectral_decrease": {
        "max": -1.29296282014e-10,
        "mean": -4.91224882992e-09,
        "min": -1.64419553528e-08,
        "stdev": 2.44103648406e-09
    },
    "spectral_energy": {
        "max": 0.0649257302284,
        "mean": 0.0206886604428,
        "min": 0.000555590202566,
        "stdev": 0.0100230975077
    },
    "spectral_energyband_high": {
        "max": 0.00800593476743,
        "mean": 0.000949293607846,
        "min": 8.85731242306e-06,
        "stdev": 0.00108639709651
    },
    "spectral_energyband_low": {
        "max": 0.0169989168644,
        "mean": 0.00181755411904,
        "min": 3.58954457624e-06,
        "stdev": 0.00185859459452
    },
    "spectral_energyband_middle_high": {
        "max": 0.0455792173743,
        "mean": 0.00782575923949,
        "min": 0.00041582583799,
        "stdev": 0.00669054081663
    },
    "spectral_energyband_middle_low": {
        "max": 0.0611937716603,
        "mean": 0.0106875486672,
        "min": 0.000121455690532,
        "stdev": 0.00814341567457
    },
    "spectral_entropy": {
        "max": 8.52859115601,
        "mean": 7.49056482315,
        "min": 6.5893611908,
        "stdev": 0.332631647587
    },
    "spectral_flux": {
        "max": 0.218408823013,
        "mean": 0.0820641443133,
        "min": 0.028133250773,
        "stdev": 0.0304438155144
    },
    "spectral_kurtosis": {
        "max": 20.6042957306,
        "mean": 4.35645198822,
        "min": -0.393253087997,
        "stdev": 2.41814017296
    },
    "spectral_rms": {
        "max": 0.00795878004283,
        "mean": 0.00435548787937,
        "min": 0.000736233138014,
        "stdev": 0.00110171688721
    },
    "spectral_rolloff": {
        "max": 11089.5996094,
        "mean": 2161.00708008,
        "min": 322.998046875,
        "stdev": 1252.76159668
    },
    "spectral_skewness": {
        "max": 3.73386979103,
        "mean": 1.22384059429,
        "min": 0.258333265781,
        "stdev": 0.37585362792
    },
    "spectral_spread": {
        "max": 17823716,
        "mean": 3525423.25,
        "min": 1957816.25,
        "stdev": 1199823
    },
    "spectral_strongpeak": {
        "max": 12.7471933365,
        "mean": 1.61518013477,
        "min": 0.0324006788433,
        "stdev": 1.74050951004
    },
    "zerocrossingrate": {
        "max": 0.23583984375,
        "mean": 0.0715758949518,
        "min": 0.01611328125,
        "stdev": 0.0277567859739
    },
    "barkbands": {
        "max": [0.000160436087754, 0.0084268534556, 0.00671940948814, 0.0114489179105, 0.0226118694991, 0.0552071370184, 0.0438306294382, 0.0230875127017, 0.0367174856365, 0.0302190091461, 0.0195796862245, 0.0234621893615, 0.0203757733107, 0.0188148524612, 0.017637103796, 0.0169439688325, 0.0181154422462, 0.00703251780942, 0.00878617726266, 0.00531150633469, 0.00451188720763, 0.00196576933376, 0.00330348918214, 0.00156214064918, 0.00197182386182, 0.00105811061803, 4.1471039367e-06],
        "mean": [1.02762614915e-05, 0.000687945343088, 0.000725669902749, 0.000803018454462, 0.00220979982987, 0.00276282802224, 0.00228721089661, 0.00131275376771, 0.000999061740004, 0.00119429233018, 0.000963950122241, 0.000751721672714, 0.000563599751331, 0.00080088712275, 0.00063309550751, 0.000881640182342, 0.000584687804803, 0.000498311594129, 0.000845370581374, 0.000514047802426, 0.000415027869167, 9.67210216913e-05, 7.1035567089e-05, 3.62984937965e-05, 2.6305899155e-05, 1.31035276354e-05, 1.80180670384e-08],
        "min": [1.63435096567e-08, 1.05301319309e-06, 4.86529529553e-07, 1.53359621891e-07, 4.26887072535e-06, 1.07769046735e-05, 5.4622278185e-06, 7.92492392065e-06, 2.26200827456e-05, 1.14567437777e-05, 7.3575783972e-06, 1.15254988486e-05, 4.42951295554e-06, 9.04336684471e-06, 8.02588056104e-06, 7.00830059941e-06, 9.20900856727e-06, 4.98312374475e-06, 1.70814437297e-05, 2.57387091551e-06, 3.6411020119e-06, 1.1743234154e-06, 2.19193807993e-07, 1.1721002835e-07, 1.02762321319e-07, 7.24806570318e-09, 2.63087433783e-11],
        "stdev": [1.66486952367e-05, 0.000958842399996, 0.000906162080355, 0.00113135785796, 0.00270449998789, 0.00449452409521, 0.00371505017392, 0.002304403577, 0.00197295052931, 0.00220676558092, 0.00195209379308, 0.00164901930839, 0.00136245856993, 0.00183131487574, 0.00160898850299, 0.00153587351087, 0.00111367320642, 0.00076063896995, 0.00111947616097, 0.00059940299252, 0.000595364894252, 0.000187921352335, 0.00020850232977, 0.000110925386252, 9.81968914857e-05, 6.67094354867e-05, 1.5582698154e-07]
    },
    "erbbands": {
        "max": [0.244871407747, 2.4824898243, 8.715092659, 16.5958118439, 82.6504974365, 90.3198394775, 357.68548584, 680.008789062, 792.833679199, 726.010131836, 579.967956543, 682.411010742, 680.99621582, 625.713623047, 950.686035156, 516.978027344, 1058.45251465, 1106.48144531, 1224.75024414, 923.407348633, 590.237121582, 1275.01293945, 454.872894287, 606.906311035, 400.895080566, 172.167449951, 317.456420898, 109.343299866, 65.5112457275, 136.634109497, 75.536819458, 40.3206176758, 23.637254715, 9.19785404205, 22.0842018127, 8.74333000183, 1.72398495674, 0.104918166995, 0.00218545203097, 0.000139404219226],
        "mean": [0.0138153657317, 0.180287182331, 0.754326999187, 1.95914185047, 5.1082572937, 7.37111902237, 15.6698226929, 22.8170928955, 32.4817008972, 31.6072425842, 28.7183856964, 20.8044624329, 33.0926589966, 34.2256965637, 38.7411727905, 27.0957431793, 23.9529075623, 30.3974666595, 40.1006584167, 47.3164100647, 41.2578887939, 35.115524292, 27.1968994141, 46.371925354, 30.5557193756, 21.9441356659, 23.6834831238, 10.3155460358, 3.50151610374, 3.23269581795, 1.83567929268, 0.898232161999, 0.534572303295, 0.230487093329, 0.227778345346, 0.0971621200442, 0.0149453533813, 0.000647651671898, 3.16405348713e-05, 2.76548798865e-05],
        "min": [2.06330241781e-05, 0.000278560939478, 0.000705296930391, 0.00132212974131, 0.00488596968353, 0.0199479628354, 0.0557425655425, 0.0700578913093, 0.0505558922887, 0.222248926759, 0.543357312679, 0.69541144371, 0.908654272556, 0.709242880344, 0.780014634132, 0.655334770679, 0.708260655403, 0.666599154472, 0.909059941769, 1.51239740849, 1.16074359417, 0.52674394846, 0.305588155985, 0.483818620443, 0.558387935162, 0.153832420707, 0.195636034012, 0.0631889551878, 0.0559131428599, 0.0171267576516, 0.00733327912167, 0.00336834252812, 0.00134439370595, 0.00120512559079, 0.000716309354175, 0.000126906015794, 8.21873254608e-06, 1.17964134461e-06, 1.98263296625e-06, 3.63338858733e-06],
        "stdev": [0.0200031641871, 0.255328595638, 0.986001729965, 2.19566702843, 7.92963075638, 9.63123607635, 30.8862991333, 39.0540885925, 54.2010269165, 62.8020515442, 44.7669944763, 37.6803016663, 58.2133140564, 53.4868164062, 95.9623565674, 45.8988075256, 56.3327941895, 70.321434021, 87.8609771729, 98.8999023438, 61.5376319885, 69.0827102661, 37.8768920898, 67.5857925415, 38.5500106812, 23.5646533966, 33.4844512939, 14.2082090378, 6.38231563568, 8.23761367798, 5.38318681717, 2.79156303406, 1.57478809357, 0.652660727501, 1.02015197277, 0.46972066164, 0.0860506594181, 0.00473696505651, 0.00010726385517, 1.41884574987e-05]
    },
    "gfcc": {
        "mean": [-0.19427241385, 104.473777771, -157.666549683, 36.4919776917, -66.1972045898, -4.28820753098, -38.8812522888, 8.17248535156, -29.9537887573, 3.93484282494, -15.2661018372, -5.40040159225, -2.77975893021],
        "cov": [[1020.13806152, -557.143798828, 141.931213379, 152.876556396, -119.934608459, 109.636856079, -81.5479354858, 86.8945846558, -82.9115829468, 67.3337631226, -91.0397109985, 17.0916309357, -85.1163253784], [-557.143798828, 853.56439209, -13.3364400864, -75.2156219482, 215.195358276, -128.757598877, 148.677581787, -56.7979469299, 40.6482658386, -68.0201568604, 89.5403137207, -67.8614883423, 132.65007019], [141.931213379, -13.3364400864, 605.308776855, 123.287086487, -116.831863403, 134.689880371, -87.8145751953, 19.781085968, -1.28907299042, -44.3080482483, -44.7860946655, 44.4929275513, -56.7640724182], [152.876556396, -75.2156219482, 123.287086487, 307.340301514, -39.7997283936, 18.0955142975, 5.28236818314, 38.1255226135, 69.195602417, -52.7008552551, -26.3714008331, 2.26558065414, -5.20104980469], [-119.934608459, 215.195358276, -116.831863403, -39.7997283936, 303.825683594, -5.49638557434, 97.5974578857, 19.3844738007, -24.7634620667, 34.6179161072, -5.07919168472, -23.7464675903, 60.0188179016], [109.636856079, -128.757598877, 134.689880371, 18.0955142975, -5.49638557434, 215.649154663, -12.4750680923, -7.83884716034, 3.91850137711, -6.32147789001, -27.5308685303, 21.2110366821, -47.6543922424], [-81.5479354858, 148.677581787, -87.8145751953, 5.28236818314, 97.5974578857, -12.4750680923, 152.833572388, 30.4209690094, -7.53407382965, 20.2671813965, 21.1646080017, -12.2626895905, 36.7722091675], [86.8945846558, -56.7979469299, 19.781085968, 38.1255226135, 19.3844738007, -7.83884716034, 30.4209690094, 123.715278625, 22.5034122467, 34.189655304, -2.80690717697, -0.0686084851623, 0.800182044506], [-82.9115829468, 40.6482658386, -1.28907299042, 69.195602417, -24.7634620667, 3.91850137711, -7.53407382965, 22.5034122467, 146.509979248, -14.6554145813, 18.1131095886, 13.597445488, -16.9215316772], [67.3337631226, -68.0201568604, -44.3080482483, -52.7008552551, 34.6179161072, -6.32147789001, 20.2671813965, 34.189655304, -14.6554145813, 119.554428101, 23.3727531433, 2.42268300056, -0.812289535999], [-91.0397109985, 89.5403137207, -44.7860946655, -26.3714008331, -5.07919168472, -27.5308685303, 21.1646080017, -2.80690717697, 18.1131095886, 23.3727531433, 95.0293884277, 12.5273971558, 12.9830617905], [17.0916309357, -67.8614883423, 44.4929275513, 2.26558065414, -23.7464675903, 21.2110366821, -12.2626895905, -0.0686084851623, 13.597445488, 2.42268300056, 12.5273971558, 72.6716995239, -5.3182220459], [-85.1163253784, 132.65007019, -56.7640724182, -5.20104980469, 60.0188179016, -47.6543922424, 36.7722091675, 0.800182044506, -16.9215316772, -0.812289535999, 12.9830617905, -5.3182220459, 115.889282227]],
        "icov": [[0.00198078155518, 0.000546522787772, 9.92471323116e-05, -0.00120900908951, 0.000336299359333, -0.000519016408361, 0.000603620428592, -0.000971095869318, 0.00162780925166, -0.00118979485705, 0.000722954864614, 2.35139359575e-05, 0.000400610559154], [0.000546522787772, 0.00687306234613, -0.00409502629191, 0.00323491753079, -0.00402003340423, 0.00390938762575, -0.00550196645781, 0.00404787575826, -0.00472553772852, 0.00497831311077, -0.00542963063344, 0.00670315651223, -0.00365814194083], [9.92471323116e-05, -0.00409502629191, 0.00507067982107, -0.0031341847498, 0.00297942850739, -0.0038272109814, 0.00461502792314, -0.00355506478809, 0.00414056796581, -0.00279927207157, 0.00362401991151, -0.0051119257696, 0.00249093701132], [-0.00120900908951, 0.00323491753079, -0.0031341847498, 0.00728512648493, -0.00190957984887, 0.00262841000222, -0.00444525200874, 0.00175567052793, -0.0058275363408, 0.00514483917505, -0.00226810574532, 0.00396889587864, -0.00270941061899], [0.000336299359333, -0.00402003340423, 0.00297942850739, -0.00190957984887, 0.00743981264532, -0.00325878360309, 0.00112376990728, -0.00292473123409, 0.00340463919565, -0.00436530029401, 0.00490262079984, -0.00333175831474, 0.00045701750787], [-0.000519016408361, 0.00390938762575, -0.0038272109814, 0.00262841000222, -0.00325878360309, 0.00881450250745, -0.00442823441699, 0.00391244469211, -0.00394540792331, 0.00317790592089, -0.0021363531705, 0.00264492910355, -0.000115366921818], [0.000603620428592, -0.00550196645781, 0.00461502792314, -0.00444525200874, 0.00112376990728, -0.00442823441699, 0.0148570090532, -0.00619594985619, 0.005980997812, -0.00463986257091, 0.00236987089738, -0.00502714840695, 0.00207230309024], [-0.000971095869318, 0.00404787575826, -0.00355506478809, 0.00175567052793, -0.00292473123409, 0.00391244469211, -0.00619594985619, 0.0139279477298, -0.00598985515535, 3.22719133692e-05, -0.00226857489906, 0.00433255918324, -0.00243710679933], [0.00162780925166, -0.00472553772852, 0.00414056796581, -0.0058275363408, 0.00340463919565, -0.00394540792331, 0.005980997812, -0.00598985515535, 0.0142407435924, -0.00367379421368, 0.00228709029034, -0.00647887168452, 0.00462910579517], [-0.00118979485705, 0.00497831311077, -0.00279927207157, 0.00514483917505, -0.00436530029401, 0.00317790592089, -0.00463986257091, 3.22719133692e-05, -0.00367379421368, 0.0162402037531, -0.0076317563653, 0.00465845922008, -0.00202664802782], [0.000722954864614, -0.00542963063344, 0.00362401991151, -0.00226810574532, 0.00490262079984, -0.0021363531705, 0.00236987089738, -0.00226857489906, 0.00228709029034, -0.0076317563653, 0.0186696704477, -0.00800418015569, 0.00208692182787], [2.35139359575e-05, 0.00670315651223, -0.0051119257696, 0.00396889587864, -0.00333175831474, 0.00264492910355, -0.00502714840695, 0.00433255918324, -0.00647887168452, 0.00465845922008, -0.00800418015569, 0.0224163718522, -0.00459072040394], [0.000400610559154, -0.00365814194083, 0.00249093701132, -0.00270941061899, 0.00045701750787, -0.000115366921818, 0.00207230309024, -0.00243710679933, 0.00462910579517, -0.00202664802782, 0.00208692182787, -0.00459072040394, 0.0135012576357]]
    },
    "melbands": {
        "max": [0.00200751679949, 0.00417844811454, 0.00510227261111, 0.00551372114569, 0.0102926101536, 0.0133126983419, 0.010149252601, 0.00778053980321, 0.00519964657724, 0.00381114799529, 0.0037876048591, 0.00326806842349, 0.00286861043423, 0.00268469983712, 0.00171752611641, 0.00149876589421, 0.00214553647675, 0.00260393926874, 0.0019241211703, 0.00147305999417, 0.000699206895661, 0.00149523001164, 0.00061710132286, 0.000410054810345, 0.000618652033154, 0.000286010006675, 0.00022392757819, 0.000150145075168, 0.000190117483726, 0.000157682647114, 5.82758075325e-05, 4.65330595034e-05, 6.00633466092e-05, 8.70102230692e-05, 5.27961274202e-05, 2.71424651146e-05, 2.20511719817e-05, 1.91493018065e-05, 1.18377229228e-05, 6.67135827825e-06],
        "mean": [0.000157929636771, 0.000350242888089, 0.000422493816586, 0.000463450094685, 0.000488652091008, 0.000538150314242, 0.000480160379084, 0.000332256080583, 0.000235057232203, 0.000123047168017, 0.000173050924786, 0.000145146143041, 0.00012661870278, 9.2252601462e-05, 6.12453950453e-05, 5.30099823663e-05, 5.8348501625e-05, 7.1881164331e-05, 5.32260346517e-05, 7.09971864126e-05, 4.15700269514e-05, 3.77494106942e-05, 2.35707448155e-05, 2.44674301939e-05, 4.04999482271e-05, 2.75977927231e-05, 1.6763313397e-05, 1.41369318953e-05, 1.58560251293e-05, 1.17077897812e-05, 3.99866758016e-06, 1.88353772046e-06, 1.78118898475e-06, 1.76253149675e-06, 1.17446984405e-06, 6.65168442993e-07, 5.01107990658e-07, 4.03675329608e-07, 2.68956199534e-07, 1.61773954233e-07],
        "min": [2.24759247658e-07, 3.98902272991e-07, 3.20682488564e-07, 5.6441245988e-07, 2.15671661863e-06, 1.61342393312e-06, 8.44658529786e-07, 2.54134192801e-06, 4.85201462652e-06, 3.09646065944e-06, 2.57373812929e-06, 1.31572289774e-06, 1.38307473208e-06, 1.59850651471e-06, 1.12158159027e-06, 4.58644336732e-07, 1.00253316759e-06, 8.67279936756e-07, 7.94747563759e-07, 1.40957445183e-06, 1.18679747629e-06, 5.23696940036e-07, 3.67180092553e-07, 1.56138128204e-07, 3.65555251847e-07, 3.35914705829e-07, 2.18320749923e-07, 6.41409059199e-08, 1.16962795005e-07, 7.31764160378e-08, 1.98782341698e-08, 2.64721844445e-08, 1.15822080815e-08, 5.66933300306e-09, 2.82087286863e-09, 2.95765945069e-09, 1.31770572231e-09, 6.7985234109e-10, 5.13278475278e-10, 8.70596594815e-10],
        "stdev": [0.000215118518099, 0.000427933759056, 0.000507315970026, 0.000592546653934, 0.000869883340783, 0.000862740620505, 0.000757116358727, 0.000647496315651, 0.000403182901209, 0.00024117223802, 0.000311353534926, 0.000237833955907, 0.00027437551762, 0.00022379712027, 0.000131278036861, 0.000130902262754, 0.000150042542373, 0.000181520939805, 0.000151451837155, 0.000133458088385, 7.0541347668e-05, 7.89489422459e-05, 4.14802343585e-05, 3.85470375477e-05, 6.46889238851e-05, 3.6946588807e-05, 2.31851481658e-05, 1.71494448296e-05, 2.29690340348e-05, 1.89811180462e-05, 5.9061057982e-06, 3.73914485863e-06, 3.92713945985e-06, 4.98172175867e-06, 3.61230559065e-06, 1.98013958652e-06, 1.60530464655e-06, 1.22758342513e-06, 7.80500840847e-07, 4.56202144505e-07]
    },
    "melbands128": {
        "max": [0.000160402429174, 0.00183204526547, 0.00338528491557, 0.00542949419469, 0.00579357938841, 0.00328519986942, 0.00387406814843, 0.00733273103833, 0.0110063357279, 0.00840752478689, 0.00625046854839, 0.00690529961139, 0.0154367620125, 0.0121693704277, 0.0185523629189, 0.0194066744298, 0.0213381964713, 0.00964760314673, 0.0116905383766, 0.0131332902238, 0.00887635536492, 0.00504233967513, 0.00908698700368, 0.0149393947795, 0.00422918470576, 0.00843051448464, 0.00464409170672, 0.00455817161128, 0.00945446640253, 0.00610716687515, 0.00394148845226, 0.00343322451226, 0.00355158234015, 0.00758240325376, 0.00738535402343, 0.00413706433028, 0.00255527696572, 0.00308676459827, 0.00480361143127, 0.00307201128453, 0.00314273987897, 0.00288435420953, 0.00434913858771, 0.00425822054967, 0.00319128599949, 0.00468052271754, 0.000973816087935, 0.00285115325823, 0.00313094374724, 0.00345812248997, 0.00245129712857, 0.00233205920085, 0.00113153038546, 0.00101106509101, 0.000886439345777, 0.00270884297788, 0.00239147990942, 0.00143185723573, 0.000976229668595, 0.000827969517559, 0.00058148620883, 0.0011351389112, 0.00112079433165, 0.00131773750763, 0.00125532317907, 0.000515136925969, 0.000883198459633, 0.000501370464917, 0.000327793852193, 0.000379403092666, 0.000166717873071, 0.000358396500815, 0.000397614639951, 0.000307550129946, 0.00046300701797, 0.000317483092658, 0.000292304670438, 0.000111032888526, 4.29496103607e-05, 8.80543448147e-05, 6.21682120254e-05, 4.70615632366e-05, 5.15451174579e-05, 7.75370062911e-05, 0.000132625471451, 8.34869206301e-05, 9.22842154978e-05, 9.51640322455e-05, 5.48997741134e-05, 3.16063888022e-05, 2.88849678327e-05, 3.90071363654e-05, 3.29095164489e-05, 2.23790812015e-05, 2.65269554802e-05, 1.78733262146e-05, 2.19533321797e-05, 1.57941994985e-05, 1.50546302393e-05, 1.38560535561e-05, 4.85656573801e-06, 5.33551519766e-06, 1.68926835613e-05, 2.25413423323e-05, 4.30495856563e-05, 1.89886450244e-05, 2.16111020563e-05, 2.20693345909e-05, 2.07921002584e-05, 8.03440798336e-06, 1.07288233266e-05, 1.06301331471e-05, 2.56479711425e-06, 3.21430570693e-06, 2.22283620133e-06, 5.5122819731e-07, 1.3318776837e-07, 4.44636150121e-09, 9.98494886773e-09, 4.46974546264e-09, 6.07756067694e-09, 5.85557247135e-09, 3.70532582394e-09, 2.60260679674e-09, 2.54679832778e-09, 2.51028819953e-09, 2.48263232194e-09, 2.46591214115e-09],
        "mean": [8.36586150399e-06, 8.34835882415e-05, 0.000209862279007, 0.000319836253766, 0.000368778361008, 0.000356974516762, 0.000383202394005, 0.000404940772569, 0.000539501023013, 0.000525212963112, 0.000376053183572, 0.000338186218869, 0.000570025993511, 0.000616935431026, 0.000482474570163, 0.000488959078211, 0.000640818441752, 0.000419344811235, 0.000380252487957, 0.000357671378879, 0.000326143257553, 0.000221211768803, 0.000237641172134, 0.000248079770245, 9.19060330489e-05, 0.000109472639451, 8.97232093848e-05, 0.000172857646248, 0.000273202167591, 0.000131072491058, 0.000103430073068, 0.000160722018336, 8.49500502227e-05, 0.000164085431607, 0.000114926071547, 6.44827669021e-05, 5.57113089599e-05, 8.15456514829e-05, 5.04195304529e-05, 3.23256572301e-05, 7.96108652139e-05, 3.89893066313e-05, 4.47599995823e-05, 6.13661031821e-05, 0.000111281922727, 8.01464775577e-05, 1.81278919626e-05, 4.95722451888e-05, 7.35589928809e-05, 5.37139967491e-05, 9.11019888008e-05, 6.38151832391e-05, 4.3492334953e-05, 3.02838852804e-05, 3.3671836718e-05, 4.30971340393e-05, 4.07214320148e-05, 1.93597188627e-05, 1.8730708689e-05, 2.74183366855e-05, 2.31156755035e-05, 2.02616593015e-05, 3.94406124542e-05, 4.45938094344e-05, 4.95518906973e-05, 2.3534437787e-05, 1.8661869035e-05, 1.79652797669e-05, 1.73438838829e-05, 1.30674134198e-05, 1.08798421934e-05, 1.64431949088e-05, 1.98814668693e-05, 1.33899075081e-05, 1.50958640006e-05, 1.44389914567e-05, 9.19558351598e-06, 5.28732198291e-06, 3.63688809557e-06, 2.3625243557e-06, 1.91419871953e-06, 1.75463662799e-06, 1.47180480781e-06, 1.56379246619e-06, 2.49730533142e-06, 1.58092734637e-06, 1.68388112343e-06, 1.69606539657e-06, 1.08710491986e-06, 9.09565017082e-07, 6.96535551015e-07, 6.31350985714e-07, 5.23293522292e-07, 4.92865751767e-07, 5.10305540047e-07, 4.28195590985e-07, 4.01399745442e-07, 3.25361611431e-07, 2.92521292522e-07, 2.59971727701e-07, 1.01407984232e-07, 1.42097633216e-07, 2.11472396927e-07, 2.96582669534e-07, 3.23360040966e-07, 2.35117894931e-07, 2.06185646334e-07, 1.97200762386e-07, 1.82357183576e-07, 1.35019377012e-07, 1.16479988321e-07, 6.62179147071e-08, 1.946716921e-08, 1.68541838264e-08, 9.33207555676e-09, 2.36541386478e-09, 6.23536999811e-10, 1.67939395029e-11, 2.09521792277e-11, 1.48677285761e-11, 1.17444014583e-11, 1.16987123114e-11, 9.74399901044e-12, 6.6608949259e-12, 6.51050697728e-12, 6.35943728233e-12, 6.26399539877e-12, 6.22140750375e-12],
        "min": [1.32719640833e-10, 3.89522121225e-08, 1.18118215653e-07, 3.37701294484e-07, 1.70590197968e-07, 2.23563560553e-07, 1.64045360407e-07, 6.27576923762e-08, 4.88156558731e-07, 7.29110851694e-08, 2.72607877605e-07, 3.10524399083e-07, 1.01355306015e-06, 9.79269771051e-07, 1.09715233521e-06, 7.23387984181e-07, 4.6176376145e-07, 7.71852114667e-07, 7.71541351696e-07, 5.66947676361e-07, 9.86680561255e-07, 6.76599142935e-07, 9.96758217298e-07, 7.74429622652e-07, 4.97533562793e-07, 2.77423225725e-07, 1.89231002423e-07, 9.68320023276e-07, 9.37651748245e-07, 2.27932986263e-07, 6.34189518678e-07, 3.03102609678e-07, 1.64565662431e-07, 2.88410319627e-07, 2.87550335543e-07, 1.46954093339e-07, 5.20708510976e-07, 5.01396527852e-07, 3.00736246572e-07, 1.52437650058e-07, 1.36835097919e-07, 1.30045236801e-07, 1.10946949405e-07, 3.55104077698e-07, 1.28826030732e-07, 8.95488199149e-08, 1.38323940746e-07, 1.45931878137e-07, 2.69376130291e-07, 1.70658537968e-07, 2.77821527561e-07, 3.34350829689e-07, 2.32068359196e-07, 1.40840313634e-07, 2.39119316348e-07, 2.20364071879e-07, 2.47840006296e-07, 5.47144054508e-08, 2.00717281018e-07, 1.89475144907e-07, 1.28781366016e-07, 1.00722274965e-07, 1.00712021833e-07, 1.35481784014e-07, 2.32738827322e-07, 1.95929871438e-07, 1.35823810865e-07, 1.80471829481e-07, 9.25004570718e-08, 9.19190412674e-08, 4.91388583157e-08, 5.01796009189e-08, 6.18208417791e-08, 7.3647463239e-08, 9.51495522372e-08, 7.49001500822e-08, 2.48470275466e-08, 2.58420520538e-08, 8.10387668082e-09, 1.26992372174e-08, 1.43254705876e-08, 4.40115366374e-09, 5.77426995108e-09, 6.74917943755e-09, 5.45176659372e-09, 4.61499061188e-09, 9.24208265474e-10, 1.57093071884e-09, 1.83485782124e-09, 1.4496935874e-09, 2.7750723941e-09, 1.77637049514e-09, 1.33612421127e-09, 9.06414776569e-10, 1.19623033701e-09, 7.26161353271e-10, 6.29226615256e-10, 1.5429686695e-10, 5.34934818663e-10, 2.23050675152e-10, 6.84887146996e-11, 1.27872407107e-10, 6.38876729298e-10, 7.61363749824e-10, 4.56371135327e-10, 5.44648770529e-10, 5.13035114391e-10, 2.53094323277e-10, 9.68250132849e-11, 9.45736457897e-12, 1.854347974e-13, 1.41918296776e-13, 1.26053315464e-13, 1.04434615524e-13, 8.34632791482e-14, 9.01509295275e-14, 1.05818558939e-13, 9.59972593496e-14, 8.22120556311e-14, 9.80932728708e-14, 7.78601290971e-14, 8.05342392166e-14, 7.25194237343e-14, 8.66343130047e-14, 6.47008895028e-14, 2.65645981639e-14, 3.87969380743e-15, 1.34221939318e-16],
        "stdev": [1.48521357914e-05, 0.000141375261592, 0.00032211758662, 0.000508207711391, 0.0005887299194, 0.000449001934612, 0.000457517890027, 0.00069358444307, 0.000996975693852, 0.000805434887297, 0.000633123039734, 0.000634760130197, 0.0013521022629, 0.00143753492739, 0.00104641623329, 0.00120599637739, 0.0014078177046, 0.000817850814201, 0.000967508822214, 0.000993968686089, 0.000752697582357, 0.000403794954764, 0.000579340034164, 0.000662092410494, 0.000214878149563, 0.000396977004129, 0.000258249230683, 0.000443808559794, 0.000595210818574, 0.000359619967639, 0.000264317932306, 0.000400967895985, 0.00025973393349, 0.000628528185189, 0.000415507063735, 0.000205743664992, 0.000150259496877, 0.000177558598807, 0.000247824966209, 0.000144614663441, 0.000229609329836, 0.000151287094923, 0.000203229516046, 0.000243697213591, 0.000287627510261, 0.000293672317639, 6.1752005422e-05, 0.000182153191417, 0.000268923584372, 0.000214035942918, 0.000203931354918, 0.000154624853167, 0.000113309783046, 8.03972943686e-05, 8.37291590869e-05, 0.000129157109768, 0.000131383756525, 6.55227995594e-05, 5.03508854308e-05, 6.21410654276e-05, 5.3917086916e-05, 5.73713150516e-05, 9.64016799117e-05, 0.000111066066893, 9.84449579846e-05, 4.89948979521e-05, 5.05156822328e-05, 3.91000139643e-05, 3.03240994981e-05, 2.48918677244e-05, 1.8437498511e-05, 3.21280349453e-05, 4.04166821681e-05, 2.74465564871e-05, 3.80679084628e-05, 3.05518296955e-05, 2.10083017009e-05, 1.02994017652e-05, 5.96249128648e-06, 4.76021796203e-06, 4.24310064773e-06, 3.88948274122e-06, 3.63531876246e-06, 3.88465559809e-06, 6.24652420811e-06, 4.82126051793e-06, 5.50500999452e-06, 5.43785108675e-06, 3.82449616154e-06, 2.67217569672e-06, 2.01228795049e-06, 2.0939330625e-06, 1.87076216207e-06, 1.59904379871e-06, 1.66032816651e-06, 1.29972636387e-06, 1.27842326947e-06, 1.05658102711e-06, 8.46658224418e-07, 8.09934135759e-07, 2.97190439369e-07, 3.43049606499e-07, 7.66344953718e-07, 1.27604403133e-06, 1.77141146196e-06, 1.02393062207e-06, 1.0043694374e-06, 1.03802028661e-06, 1.02075500763e-06, 6.15971259776e-07, 6.04892647971e-07, 4.45409284566e-07, 1.43305641132e-07, 1.73186862185e-07, 1.05597756317e-07, 2.11990673904e-08, 5.39058309101e-09, 1.62839394746e-10, 3.00186514535e-10, 1.66377120414e-10, 1.85988530133e-10, 1.80640821745e-10, 1.31422955851e-10, 8.45029393681e-11, 8.28555835053e-11, 8.17351464288e-11, 8.09069200525e-11, 8.03901528679e-11]
    },
    "mfcc": {
        "mean": [-629.228027344, 126.223899841, -33.0326194763, 33.9576721191, -12.16310215, -6.96448945999, -2.51150751114, -6.70824766159, -2.32459974289, -0.707918465137, -8.01284122467, -2.01498293877, -1.28037631512],
        "cov": [[1029.47229004, -649.666381836, 139.555877686, 17.0894889832, -8.89970397949, -6.76431417465, -34.6732406616, 7.02066421509, 0.788169264793, 25.3622760773, -12.9163780212, 38.8407936096, -23.3871765137], [-649.666381836, 920.621887207, -242.041992188, 52.9111366272, 25.383638382, -19.5531482697, 148.489395142, -62.9595718384, 41.8826408386, -16.5291290283, -2.8203561306, -47.1055641174, 30.3475494385], [139.555877686, -242.041992188, 740.365356445, -29.2527256012, 51.8411369324, 65.2349777222, -128.678787231, 112.74773407, -53.2970428467, -35.0374565125, 31.5758991241, -11.4212121964, -42.5227355957], [17.0894889832, 52.9111366272, -29.2527256012, 270.0965271, 19.6723365784, -48.4777450562, 33.4940719604, 9.14739704132, 66.0424728394, 2.31889533997, 2.18834352493, 22.5688514709, -39.7618789673], [-8.89970397949, 25.383638382, 51.8411369324, 19.6723365784, 152.526626587, 32.6983184814, 6.8972287178, 28.8289756775, 32.3245658875, 11.124745369, -2.16769599915, -15.1092720032, -17.5049114227], [-6.76431417465, -19.5531482697, 65.2349777222, -48.4777450562, 32.6983184814, 161.581222534, 8.00926685333, 43.9859695435, -12.0326242447, 12.2818946838, 0.411175400019, -32.4958686829, 9.32952690125], [-34.6732406616, 148.489395142, -128.678787231, 33.4940719604, 6.8972287178, 8.00926685333, 196.91166687, -40.221321106, 37.2718353271, 19.1017398834, -25.8263206482, -9.39880180359, -1.11728262901], [7.02066421509, -62.9595718384, 112.74773407, 9.14739704132, 28.8289756775, 43.9859695435, -40.221321106, 135.723587036, 13.1731386185, 5.46551084518, 12.1311130524, 6.0577378273, 9.42116641998], [0.788169264793, 41.8826408386, -53.2970428467, 66.0424728394, 32.3245658875, -12.0326242447, 37.2718353271, 13.1731386185, 110.886695862, 23.9202880859, -1.93324708939, 2.58518481255, -20.1556930542], [25.3622760773, -16.5291290283, -35.0374565125, 2.31889533997, 11.124745369, 12.2818946838, 19.1017398834, 5.46551084518, 23.9202880859, 72.5883560181, 15.8821516037, 7.74261379242, 4.88547039032], [-12.9163780212, -2.8203561306, 31.5758991241, 2.18834352493, -2.16769599915, 0.411175400019, -25.8263206482, 12.1311130524, -1.93324708939, 15.8821516037, 85.443901062, 34.7869377136, 8.47892951965], [38.8407936096, -47.1055641174, -11.4212121964, 22.5688514709, -15.1092720032, -32.4958686829, -9.39880180359, 6.0577378273, 2.58518481255, 7.74261379242, 34.7869377136, 92.6582107544, 34.6660079956], [-23.3871765137, 30.3475494385, -42.5227355957, -39.7618789673, -17.5049114227, 9.32952690125, -1.11728262901, 9.42116641998, -20.1556930542, 4.88547039032, 8.47892951965, 34.6660079956, 97.7829360962]],
        "icov": [[0.00191921752412, 0.00150941836182, -0.000140912903589, -0.000331310206093, -0.000121965946164, 0.000146333113662, -0.000622879189905, 0.000579445040785, -0.00029068623553, -0.000191507526324, 0.000167928519659, 6.4217907493e-05, -0.000391849578591], [0.00150941836182, 0.00271242647432, 0.00019912472635, -0.000566711649299, -0.000494933046866, 0.000436946836999, -0.00144946260843, 0.000721548334695, -0.000518712797202, 0.000845109927468, -0.000994275324047, 0.00166304584127, -0.00149354024325], [-0.000140912903589, 0.00019912472635, 0.00201749522239, 5.61851084058e-05, -0.000578654522542, -0.00037638185313, 0.000549122574739, -0.00131375307683, 0.000934328010771, 0.000942318001762, -0.000713236862794, 8.12492507976e-05, 0.0010484138038], [-0.000331310206093, -0.000566711649299, 5.61851084058e-05, 0.00513593712822, -0.00014738914615, 0.00101513660047, -0.000430950080045, -0.000986822065897, -0.00202987575904, 0.00056309759384, 0.000210220430745, -0.00201784190722, 0.00242702686228], [-0.000121965946164, -0.000494933046866, -0.000578654522542, -0.00014738914615, 0.0079210838303, -0.00136188289616, 0.000160834970302, -0.000809202028904, -0.00207057688385, -0.00081811263226, 0.00046421730076, 0.000253237783909, 0.000924662279431], [0.000146333113662, 0.000436946836999, -0.00037638185313, 0.00101513660047, -0.00136188289616, 0.00884293951094, -0.00164753291756, -0.00263192807324, 0.00111464632209, -0.001224382082, -0.00122543156613, 0.00391699094325, -0.00169571465813], [-0.000622879189905, -0.00144946260843, 0.000549122574739, -0.000430950080045, 0.000160834970302, -0.00164753291756, 0.00759497983381, 0.00168807548471, -0.00139329081867, -0.00168857409153, 0.00241544120945, -0.00108930689748, 0.000448458275059], [0.000579445040785, 0.000721548334695, -0.00131375307683, -0.000986822065897, -0.000809202028904, -0.00263192807324, 0.00168807548471, 0.0107993781567, -0.002578120213, -0.000274093530606, -1.68437345565e-05, -0.000409307715017, -0.0023440469522], [-0.00029068623553, -0.000518712797202, 0.000934328010771, -0.00202987575904, -0.00207057688385, 0.00111464632209, -0.00139329081867, -0.002578120213, 0.0136353606358, -0.00351988896728, 0.000527179217897, -0.000717279443052, 0.00262286467478], [-0.000191507526324, 0.000845109927468, 0.000942318001762, 0.00056309759384, -0.00081811263226, -0.001224382082, -0.00168857409153, -0.000274093530606, -0.00351988896728, 0.0173816811293, -0.00421773223206, 0.000399175682105, -0.00106161634903], [0.000167928519659, -0.000994275324047, -0.000713236862794, 0.000210220430745, 0.00046421730076, -0.00122543156613, 0.00241544120945, -1.68437345565e-05, 0.000527179217897, -0.00421773223206, 0.0162850786, -0.00728935981169, 0.0018448169576], [6.4217907493e-05, 0.00166304584127, 8.12492507976e-05, -0.00201784190722, 0.000253237783909, 0.00391699094325, -0.00108930689748, -0.000409307715017, -0.000717279443052, 0.000399175682105, -0.00728935981169, 0.0191236492246, -0.00790280476213], [-0.000391849578591, -0.00149354024325, 0.0010484138038, 0.00242702686228, 0.000924662279431, -0.00169571465813, 0.000448458275059, -0.0023440469522, 0.00262286467478, -0.00106161634903, 0.0018448169576, -0.00790280476213, 0.0158330835402]]
    },
    "spectral_contrast_coeffs": {
        "max": [-0.444233804941, -0.500583648682, -0.501157820225, -0.56144630909, -0.61242300272, -0.594774842262],
        "mean": [-0.691150903702, -0.741482675076, -0.734066545963, -0.74580770731, -0.757533311844, -0.722925901413],
        "min": [-0.858660340309, -0.929892778397, -0.878719031811, -0.877256393433, -0.861485421658, -0.8991715312],
        "stdev": [0.0700907334685, 0.0689082741737, 0.0643318593502, 0.0585968084633, 0.0513881407678, 0.0410601906478]
    },
    "spectral_contrast_valleys": {
        "max": [-5.54225492477, -4.93028450012, -5.638671875, -6.14182567596, -5.84366321564, -8.32734203339],
        "mean": [-6.97397565842, -6.41081857681, -7.23978567123, -7.53605127335, -7.18823957443, -10.6799564362],
        "min": [-9.68752098083, -8.03981304169, -8.46801280975, -8.76952934265, -8.81605434418, -12.5543527603],
        "stdev": [0.614987850189, 0.423574477434, 0.385657221079, 0.392572253942, 0.452216595411, 0.787154734135]
    }
},
"rhythm": {
    "beats_count": 78,
    "beats_loudness": {
        "max": 0.0521534346044,
        "mean": 0.0259253587574,
        "min": 0.00599349057302,
        "stdev": 0.00877234619111
    },
    "bpm": 146.743621826,
    "bpm_histogram_first_peak_bpm": 148,
    "bpm_histogram_first_peak_weight": 0.550724625587,
    "bpm_histogram_second_peak_bpm": 140,
    "bpm_histogram_second_peak_spread": 0.375,
    "bpm_histogram_second_peak_weight": 0.0649350658059,
    "danceability": 1.49752140045,
    "onset_rate": 3.47607398033,
    "beats_loudness_band_ratio": {
        "max": [0.586882054806, 0.823440492153, 0.780765712261, 0.513689577579, 0.516381800175, 0.4894734025],
        "mean": [0.185151681304, 0.244098782539, 0.238487437367, 0.157741889358, 0.143351182342, 0.10469789803],
        "min": [0.00758740026504, 0.0151252923533, 0.0250301361084, 0.0124090807512, 0.0125304395333, 0.00493015814573],
        "stdev": [0.133957624435, 0.209455892444, 0.162380486727, 0.136658802629, 0.107201270759, 0.088705740869]
    },
