{
"metadata": {
    "version": {
        "essentia": "2.1-beta5",
        "essentia_git_sha": "Undefined",
        "extractor": "music 2.0"
    },
    "audio_properties": {
        "analysis": {
            "equal_loudness": 0,
            "length": 31.9738769531,
            "sample_rate": 44100,
            "start_time": 175.240997314,
            "downmix": "mix"
        },
        "bit_rate": 192000,
        "length": 207.238098145,
        "lossless": 0,
        "number_channels": 2,
        "replay_gain": -7.78050231934,
        "sample_rate": 48000,
        "codec": "mp3",
        "md5_encoded": "a81a4df5e685e690b1d8e30e3a689335"
    },
    "tags": {
        "file_name": "Netherlands_Blijf Zoals Je Bent_Justine Pelmelay.mp3",
        "encoding": ["Lavf58.29.100"]
    }
},
"lowlevel": {
    "average_loudness": 0.577081203461,
    "barkbands_crest": {
        "max": 26.8099308014,
        "mean": 7.85020542145,
        "min": 2.70111608505,
        "stdev": 4.04137563705
    },
    "barkbands_flatness_db": {
        "max": 0.440733253956,
        "mean": 0.115537427366,
        "min": 0.048603285104,
        "stdev": 0.0450944341719
    },
    "barkbands_kurtosis": {
        "max": 295.078674316,
        "mean": 2.51820397377,
        "min": -1.94773995876,
        "stdev": 9.21858787537
    },
    "barkbands_skewness": {
        "max": 17.0868263245,
        "mean": -0.121681034565,
        "min": -2.23828053474,
        "stdev": 1.53210091591
    },
    "barkbands_spread": {
        "max": 149.071853638,
        "mean": 20.3657913208,
        "min": 1.87652027607,
        "stdev": 10.6270780563
    },
    "dissonance": {
        "max": 0.500000119209,
        "mean": 0.475614368916,
        "min": 0.247832253575,
        "stdev": 0.0305119100958
    },
    "dynamic_complexity": 5.37025213242,
    "erbbands_crest": {
        "max": 29.8918209076,
        "mean": 8.24584674835,
        "min": 2.59909915924,
        "stdev": 6.41635084152
    },
    "erbbands_flatness_db": {
        "max": 0.336123734713,
        "mean": 0.170318543911,
        "min": 0.0475286655128,
        "stdev": 0.0599801763892
    },
    "erbbands_kurtosis": {
        "max": 16.0920257568,
        "mean": 0.870432257652,
        "min": -1.60851192474,
        "stdev": 2.00392508507
    },
    "erbbands_skewness": {
        "max": 2.75816583633,
        "mean": 0.14943805337,
        "min": -1.32346403599,
        "stdev": 0.750150024891
    },
    "erbbands_spread": {
        "max": 82.0554428101,
        "mean": 26.9371852875,
        "min": 4.57420825958,
        "stdev": 11.7729978561
    },
    "hfc": {
        "max": 103.871040344,
        "mean": 12.91659832,
        "min": 1.05536301674e-16,
        "stdev": 14.8984680176
    },
    "loudness_ebu128": {
        "integrated": -16.656047821,
        "loudness_range": 7.61326980591,
        "momentary": {
            "max": -12.4031620026,
            "mean": -104.005844116,
            "min": -300.691009521,
            "stdev": 129.168746948
        },
        "short_term": {
            "max": -14.967499733,
            "mean": -87.2180633545,
            "min": -300.691009521,
            "stdev": 119.734535217
        }
    },
    "melbands_crest": {
        "max": 39.8690910339,
        "mean": 7.83350944519,
        "min": 1.40234434605,
        "stdev": 5.89253139496
    },
    "melbands_flatness_db": {
        "max": 0.40954631567,
        "mean": 0.102812968194,
        "min": 0.00241817324422,
        "stdev": 0.0793720707297
    },
    "melbands_kurtosis": {
        "max": 511.46673584,
        "mean": 2.89575433731,
        "min": -1.55764496326,
        "stdev": 16.2589454651
    },
    "melbands_skewness": {
        "max": 21.9392681122,
        "mean": 0.783603429794,
        "min": -1.70835340023,
        "stdev": 1.32313108444
    },
    "melbands_spread": {
        "max": 168.285430908,
        "mean": 60.7548484802,
        "min": 1.82533276081,
        "stdev": 49.835231781
    },
    "pitch_salience": {
        "max": 0.958739697933,
        "mean": 0.705626785755,
        "min": 0.00925411190838,
        "stdev": 0.138868480921
    },
    "silence_rate_20dB": {
        "max": 1,
        "mean": 1,
        "min": 1,
        "stdev": 0
    },
    "silence_rate_30dB": {
        "max": 1,
        "mean": 0.9985486269,
        "min": 0,
        "stdev": 0.0380695350468
    },
    "silence_rate_60dB": {
        "max": 1,
        "mean": 0.415820032358,
        "min": 0,
        "stdev": 0.492863893509
    },
    "spectral_centroid": {
        "max": 12137.0732422,
        "mean": 4590.48779297,
        "min": 354.369110107,
        "stdev": 4345.45263672
    },
    "spectral_complexity": {
        "max": 51,
        "mean": 13.9317855835,
        "min": 0,
        "stdev": 12.4932260513
    },
    "spectral_decrease": {
        "max": 2.03903162482e-28,
        "mean": -3.02314684397e-09,
        "min": -3.04005745022e-08,
        "stdev": 4.50267467755e-09
    },
    "spectral_energy": {
        "max": 0.118737459183,
        "mean": 0.0125816231593,
        "min": 9.94600433726e-21,
        "stdev": 0.0180968251079
    },
    "spectral_energyband_high": {
        "max": 0.0085983267054,
        "mean": 0.000301993452013,
        "min": 6.91114814005e-21,
        "stdev": 0.000579723273404
    },
    "spectral_energyband_low": {
        "max": 0.0102630089968,
        "mean": 0.00091645878274,
        "min": 8.92298161494e-24,
        "stdev": 0.00154326891061
    },
    "spectral_energyband_middle_high": {
        "max": 0.0445028021932,
        "mean": 0.00563396140933,
        "min": 1.12019823739e-21,
        "stdev": 0.00750103686005
    },
    "spectral_energyband_middle_low": {
        "max": 0.10649407655,
        "mean": 0.00593670411035,
        "min": 1.28361692071e-22,
        "stdev": 0.0143562993035
    },
    "spectral_entropy": {
        "max": 9.82552146912,
        "mean": 8.34783649445,
        "min": 6.73419094086,
        "stdev": 1.02031421661
    },
    "spectral_flux": {
        "max": 0.277487635612,
        "mean": 0.0476579144597,
        "min": 6.19045509298e-11,
        "stdev": 0.0477416142821
    },
    "spectral_kurtosis": {
        "max": 16.9934177399,
        "mean": 2.74007463455,
        "min": -1.27671158314,
        "stdev": 3.04593658447
    },
    "spectral_rms": {
        "max": 0.0107629653066,
        "mean": 0.00256425910629,
        "min": 3.11503123643e-12,
        "stdev": 0.00238734087907
    },
    "spectral_rolloff": {
        "max": 19853.6132812,
        "mean": 7192.04150391,
        "min": 21.533203125,
        "stdev": 7830.3359375
    },
    "spectral_skewness": {
        "max": 3.39363193512,
        "mean": 1.0565994978,
        "min": -0.0848514139652,
        "stdev": 0.748144984245
    },
    "spectral_spread": {
        "max": 44233920,
        "mean": 15171085,
        "min": 2156757,
        "stdev": 17052440
    },
    "spectral_strongpeak": {
        "max": 8.26852321625,
        "mean": 1.14576280117,
        "min": 0,
        "stdev": 1.71650052071
    },
    "zerocrossingrate": {
        "max": 0.65966796875,
        "mean": 0.2082349509,
        "min": 0,
        "stdev": 0.199743553996
    },
    "barkbands": {
        "max": [0.000187412646483, 0.00395111506805, 0.0083017135039, 0.0150964744389, 0.0927394405007, 0.0603828467429, 0.0429806336761, 0.0440423190594, 0.0207987427711, 0.0356066972017, 0.040763322264, 0.0225473232567, 0.0259616225958, 0.00658603291959, 0.0108630713075, 0.00588255794719, 0.0041141086258, 0.010764236562, 0.0163813885301, 0.00384788378142, 0.00254723452963, 0.00275426870212, 0.00174563191831, 0.00137439765967, 0.000344043655787, 0.000235751926084, 2.23096253649e-06],
        "mean": [8.76640660863e-06, 0.000294001423754, 0.000502221053466, 0.000194834865397, 0.00141602766234, 0.0013322258601, 0.000936858647037, 0.00120556668844, 0.000655762851238, 0.000660856312606, 0.00158911792096, 0.000625809829216, 0.000737473717891, 0.000474954693345, 0.000466394762043, 0.000448723614682, 0.000207606484764, 0.000205079064472, 0.000253678852459, 0.000125713791931, 8.0112266005e-05, 7.14288107702e-05, 3.94737071474e-05, 3.26487534039e-05, 1.16560031529e-05, 4.62495290776e-06, 1.52435326584e-08],
        "min": [5.14129117177e-27, 1.24334497196e-24, 4.39234300761e-25, 5.81523311603e-25, 2.43379682023e-24, 5.35490812593e-24, 4.21313451754e-24, 6.60021144509e-24, 1.18384237717e-23, 8.191899249e-24, 7.32144093832e-24, 1.88195595819e-23, 1.94197928006e-23, 1.66320845793e-23, 3.81935369188e-23, 4.14217292924e-23, 4.91992477965e-23, 6.67081481165e-23, 1.21867284228e-22, 1.31347726235e-22, 2.15841936217e-22, 2.81225479589e-22, 3.85943117064e-22, 5.44150648354e-22, 7.27648227228e-22, 1.29203804243e-21, 1.79108452723e-21],
        "stdev": [2.20430138143e-05, 0.000533610756975, 0.00105315167457, 0.000688263564371, 0.00465549668297, 0.00523928226903, 0.00364707200788, 0.00406664516777, 0.0017286731163, 0.00239712698385, 0.00437311315909, 0.00176337780431, 0.0026511719916, 0.000696160714142, 0.000937940843869, 0.000679947494064, 0.000295931735309, 0.000591154210269, 0.00083217676729, 0.000242889145738, 0.00015157625603, 0.000172673564521, 0.000107841064164, 9.60089455475e-05, 2.50441516982e-05, 1.35957334351e-05, 1.12167960253e-07]
    },
    "erbbands": {
        "max": [0.0970616191626, 0.928142130375, 6.38604879379, 29.2480258942, 32.4430465698, 435.093566895, 576.462768555, 681.258728027, 740.317565918, 1141.31030273, 746.511169434, 585.974731445, 418.108428955, 1522.84460449, 1671.75537109, 1098.09960938, 1412.84399414, 606.907775879, 672.13684082, 375.804016113, 241.694656372, 182.748718262, 463.651184082, 1352.82336426, 418.775238037, 207.191146851, 112.087188721, 112.336326599, 115.801345825, 82.5066757202, 46.9380455017, 42.1390533447, 21.1441936493, 4.86052703857, 2.8258535862, 1.71889424324, 0.375475227833, 0.0123673481867, 0.0004897932522, 0.000133124514832],
        "mean": [0.00710059795529, 0.0768245905638, 0.468467324972, 0.742565751076, 2.20870542526, 5.71655750275, 6.35858821869, 12.7974729538, 12.8337364197, 21.473072052, 22.2492408752, 14.7118682861, 17.1905536652, 25.9216251373, 75.8563613892, 30.5136127472, 34.2067375183, 26.377368927, 23.9840736389, 26.3892879486, 18.8618526459, 11.4567461014, 10.6242589951, 15.6045074463, 9.29533481598, 6.07691478729, 3.74978494644, 3.11713075638, 2.5863275528, 1.69345343113, 1.10502707958, 0.838326454163, 0.433904469013, 0.152110144496, 0.0700433924794, 0.0331321805716, 0.0056905252859, 0.000179121241672, 1.55142643052e-05, 1.61223870236e-05],
        "min": [4.1398972233e-23, 2.81564323746e-22, 1.39254856479e-21, 2.22715754601e-21, 6.56800187568e-21, 1.16129057497e-20, 2.85976532599e-20, 4.90878831539e-20, 9.53308918485e-20, 7.55877191387e-20, 2.27273069027e-19, 3.57083918422e-19, 4.3527887854e-19, 4.08753858783e-19, 6.8985410351e-19, 7.83970196618e-19, 1.30683349166e-18, 1.32770853179e-18, 1.98497290823e-18, 2.19557474655e-18, 2.44495791391e-18, 3.15708225275e-18, 3.72310891783e-18, 3.46693108212e-18, 6.03045313593e-18, 6.95994647768e-18, 7.38912334824e-18, 9.45046405216e-18, 9.00833601475e-18, 1.06941441652e-17, 1.05154979683e-17, 9.41430054296e-18, 8.21170566376e-18, 6.85942459451e-18, 5.59682437931e-18, 3.85469432813e-18, 2.150841853e-18, 9.19823393593e-19, 2.42551818724e-19, 2.62701431151e-20],
        "stdev": [0.0153037989512, 0.13171339035, 0.900248408318, 1.85092449188, 4.37526845932, 23.4343452454, 26.2146968842, 57.7152099609, 47.5342788696, 74.375, 78.6252593994, 38.5769844055, 33.9136199951, 105.159545898, 209.02532959, 82.2431793213, 120.049186707, 42.9402885437, 46.6464538574, 38.1353263855, 24.6831645966, 16.1067905426, 26.4208507538, 57.1163864136, 26.2972316742, 11.6483669281, 6.86828279495, 6.22099399567, 6.53248214722, 4.18792104721, 3.17151236534, 2.6554043293, 1.17429435253, 0.3333093822, 0.162927493453, 0.0902740061283, 0.0192537587136, 0.000603207095992, 3.37423298333e-05, 2.15029340325e-05]
    },
    "gfcc": {
        "mean": [-421.322387695, 52.6726112366, -116.807922363, 15.1467533112, -48.452545166, 12.1744642258, -29.079164505, 3.44522857666, -17.487991333, 0.618102967739, -10.2460393906, -2.93652510643, -5.21852636337],
        "cov": [[331587.6875, 21245.2539062, -44729.4570312, 5985.55859375, -18597.3398438, 4660.08105469, -11175.3271484, 1326.6003418, -6873.01025391, 199.458724976, -3999.47314453, -1127.16418457, -2131.5402832], [21245.2539062, 2365.52416992, -2236.14477539, 533.17364502, -1075.59106445, 62.9351463318, -785.542297363, -94.7814102173, -448.33883667, -46.7083206177, -209.751434326, -151.850814819, -167.227478027], [-44729.4570312, -2236.14477539, 7053.21728516, -522.493896484, 2718.63134766, -694.939331055, 1513.33447266, -255.491851807, 864.104492188, -29.6582641602, 561.522033691, 182.226165771, 227.344436646], [5985.55859375, 533.17364502, -522.493896484, 374.016082764, -226.752365112, 123.36126709, -188.378463745, -9.74334716797, -142.839187622, -5.24652481079, -36.4825782776, -16.8196907043, -55.2576713562], [-18597.3398438, -1075.59106445, 2718.63134766, -226.752365112, 1228.19628906, -184.602890015, 692.802062988, -77.8431549072, 361.02722168, 0.426570087671, 230.04977417, 97.2601089478, 106.831298828], [4660.08105469, 62.9351463318, -694.939331055, 123.36126709, -184.602890015, 277.678955078, -56.6130409241, 87.6318511963, -120.165756226, 35.2723388672, -75.8880462646, 42.4182090759, -25.3545207977], [-11175.3271484, -785.542297363, 1513.33447266, -188.378463745, 692.802062988, -56.6130409241, 503.361206055, 4.46202659607, 233.813140869, 10.5728254318, 139.917800903, 64.7908477783, 64.4981689453], [1326.6003418, -94.7814102173, -255.491851807, -9.74334716797, -77.8431549072, 87.6318511963, 4.46202659607, 101.648872375, -12.6472997665, 25.8275432587, -37.7704772949, 16.2446746826, -15.2429828644], [-6873.01025391, -448.33883667, 864.104492188, -142.839187622, 361.02722168, -120.165756226, 233.813140869, -12.6472997665, 194.179077148, 6.36085939407, 93.5293197632, 7.48613357544, 41.1377601624], [199.458724976, -46.7083206177, -29.6582641602, -5.24652481079, 0.426570087671, 35.2723388672, 10.5728254318, 25.8275432587, 6.36085939407, 45.1978225708, 5.63932275772, 19.485408783, -13.1701059341], [-3999.47314453, -209.751434326, 561.522033691, -36.4825782776, 230.04977417, -75.8880462646, 139.917800903, -37.7704772949, 93.5293197632, 5.63932275772, 108.205123901, 11.2225618362, 17.0069446564], [-1127.16418457, -151.850814819, 182.226165771, -16.8196907043, 97.2601089478, 42.4182090759, 64.7908477783, 16.2446746826, 7.48613357544, 19.485408783, 11.2225618362, 65.5466766357, 18.3872623444], [-2131.5402832, -167.227478027, 227.344436646, -55.2576713562, 106.831298828, -25.3545207977, 64.4981689453, -15.2429828644, 41.1377601624, -13.1701059341, 17.0069446564, 18.3872623444, 58.7550773621]],
        "icov": [[0.00024537826539, -0.000739636889193, 0.000693636364304, -0.000751417537685, 0.000801043701358, -0.00016391594545, 0.000187822282896, -0.00074476347072, 0.00114414480049, -0.000596089055762, 0.000491725571919, -0.000931009533815, 0.000693876878358], [-0.000739636889193, 0.00370414461941, -0.00197772518732, 0.000975055503659, -0.00208961684257, 0.00185998599045, -0.000711841275916, 0.00378062902018, -0.00181806553155, 0.00103134626988, -0.00028622316313, 0.00346379773691, -0.000853351899423], [0.000693636364304, -0.00197772518732, 0.003672497347, -0.00315867364407, -0.000343389401678, 0.00277026579715, -0.00108931865543, -0.00157349917572, 0.00333557697013, -0.00208497769199, 0.00245524151251, -0.0044709360227, 0.00284730130807], [-0.000751417537685, 0.000975055503659, -0.00315867364407, 0.00942319072783, -0.00299354526214, -0.00598605256528, 0.00411428557709, 0.00114552292507, -0.00327032688074, 0.00558416452259, -0.00690562603995, 0.00458083953708, -0.000653382623568], [0.000801043701358, -0.00208961684257, -0.000343389401678, -0.00299354526214, 0.0129540478811, -0.00312216277234, -0.0045980582945, 0.00175364594907, 0.00122702482622, -0.0020026913844, 0.00240434193984, -0.00437335297465, 0.00159264879767], [-0.00016391594545, 0.00185998599045, 0.00277026579715, -0.00598605256528, -0.00312216277234, 0.0193864312023, -0.00976088363677, -0.00200151209719, 0.00841391179711, -0.00809237640351, 0.00713062286377, -0.00502290669829, -0.000960318488069], [0.000187822282896, -0.000711841275916, -0.00108931865543, 0.00411428557709, -0.0045980582945, -0.00976088363677, 0.0191914625466, -0.00680840527639, -0.00465702405199, 0.00670982245356, -0.00826095044613, 0.00120203546248, 0.000966506544501], [-0.00074476347072, 0.00378062902018, -0.00157349917572, 0.00114552292507, 0.00175364594907, -0.00200151209719, -0.00680840527639, 0.0267371274531, -0.00971964839846, -0.0035658616107, 0.00930183846503, -0.00141474732663, 0.00502165546641], [0.00114414480049, -0.00181806553155, 0.00333557697013, -0.00327032688074, 0.00122702482622, 0.00841391179711, -0.00465702405199, -0.00971964839846, 0.0346428751945, -0.0138252004981, -0.00299219717272, 0.0069776987657, -0.00433049350977], [-0.000596089055762, 0.00103134626988, -0.00208497769199, 0.00558416452259, -0.0020026913844, -0.00809237640351, 0.00670982245356, -0.0035658616107, -0.0138252004981, 0.043518524617, -0.00974512659013, -0.0113068148494, 0.0122818564996], [0.000491725571919, -0.00028622316313, 0.00245524151251, -0.00690562603995, 0.00240434193984, 0.00713062286377, -0.00826095044613, 0.00930183846503, -0.00299219717272, -0.00974512659013, 0.0285904165357, -0.00612044753507, 0.00476696249098], [-0.000931009533815, 0.00346379773691, -0.0044709360227, 0.00458083953708, -0.00437335297465, -0.00502290669829, 0.00120203546248, -0.00141474732663, 0.0069776987657, -0.0113068148494, -0.00612044753507, 0.0377908274531, -0.0156862754375], [0.000693876878358, -0.000853351899423, 0.00284730130807, -0.000653382623568, 0.00159264879767, -0.000960318488069, 0.000966506544501, 0.00502165546641, -0.00433049350977, 0.0122818564996, 0.00476696249098, -0.0156862754375, 0.0343778021634]]
    },
    "melbands": {
        "max": [0.00104316044599, 0.00228630541824, 0.00481331115589, 0.0140730012208, 0.0180500224233, 0.0133657427505, 0.0102418418974, 0.0108134998009, 0.00528722489253, 0.00379387987778, 0.00202288292348, 0.00647334521636, 0.00670568179339, 0.00301724951714, 0.00405295426026, 0.00301782996394, 0.000860879488755, 0.00103030249011, 0.000979626085609, 0.000615667027887, 0.000265637994744, 0.000277958693914, 0.000412999244872, 0.000538325693924, 0.00132363685407, 0.000463624426629, 0.000251037097769, 0.00012063311442, 0.000100933270005, 9.55481882556e-05, 7.8211298387e-05, 8.00534835435e-05, 6.6910746682e-05, 4.50997940789e-05, 2.69525207841e-05, 2.76839000435e-05, 2.50924949796e-05, 1.87261030078e-05, 7.84572239354e-06, 3.47960508407e-06],
        "mean": [7.16124413884e-05, 0.000194860884221, 0.000160076466273, 0.000291214557365, 0.000239293047343, 0.000278921012068, 0.000196383072762, 0.000251493416727, 0.000169173581526, 8.92987227417e-05, 8.32955265651e-05, 9.27226792555e-05, 0.0002224771888, 0.000117812072858, 8.3455015556e-05, 6.03112275712e-05, 4.88523983222e-05, 3.68541805074e-05, 3.53459654434e-05, 3.85419516533e-05, 1.79474372999e-05, 1.19248934425e-05, 9.91941305983e-06, 9.74681552179e-06, 1.35225118356e-05, 7.16052500138e-06, 5.21094079886e-06, 3.81281665796e-06, 2.45580827141e-06, 1.91219282897e-06, 1.83877000381e-06, 1.54871929681e-06, 1.15771319997e-06, 8.38428661609e-07, 6.33130355254e-07, 5.69767735215e-07, 4.91943012548e-07, 3.28342792955e-07, 2.01870435035e-07, 1.03581079713e-07],
        "min": [5.4670821745e-25, 9.44682627677e-25, 8.2490006498e-25, 4.64158656884e-25, 9.79477507269e-25, 1.00855758264e-24, 1.34505211822e-24, 9.66235293684e-25, 1.2987980479e-24, 1.9219318001e-24, 1.75952663896e-24, 1.37606963598e-24, 1.81060419929e-24, 2.31441711894e-24, 2.44931213652e-24, 2.60827865297e-24, 2.10189917436e-24, 2.22724029752e-24, 3.04775207719e-24, 2.3115736698e-24, 2.30267768538e-24, 3.41656959672e-24, 2.67185453104e-24, 2.94716777583e-24, 2.27364149039e-24, 3.59812238418e-24, 4.1915102624e-24, 4.37174446886e-24, 4.00737671649e-24, 3.6723261908e-24, 4.96004813855e-24, 4.51066879073e-24, 4.51692879644e-24, 4.44036984559e-24, 4.71599508486e-24, 5.25301569597e-24, 5.26926662504e-24, 5.38317853419e-24, 5.70898755438e-24, 5.70319455432e-24],
        "stdev": [0.000137810638989, 0.000344464555383, 0.000320452614687, 0.000880832783878, 0.000971283996478, 0.0011676363647, 0.000724841083866, 0.000848338590004, 0.000583071028814, 0.000232307691476, 0.00016928788682, 0.000437780603534, 0.000611705880146, 0.000281446613371, 0.000309588125674, 0.000226837946684, 7.84600051702e-05, 7.30828105588e-05, 7.02111283317e-05, 6.19661150267e-05, 2.50620050792e-05, 1.82926833077e-05, 2.02183819056e-05, 2.91681208182e-05, 5.3367959481e-05, 2.356018922e-05, 1.29242671392e-05, 7.06013815943e-06, 4.97557493873e-06, 4.07681045544e-06, 3.82893358619e-06, 3.91332196159e-06, 3.41632335221e-06, 2.06000026992e-06, 1.80924064352e-06, 1.84621217159e-06, 1.55533757606e-06, 9.32468879e-07, 4.93672871471e-07, 2.21887020757e-07]
    },
    "melbands128": {
        "max": [0.000171309933648, 0.000914029311389, 0.00177782215178, 0.00146721163765, 0.00277317687869, 0.00473378505558, 0.00649055466056, 0.00709841353819, 0.00444483896717, 0.00947196409106, 0.0327157452703, 0.0386679470539, 0.0268347859383, 0.0173370279372, 0.0262022223324, 0.020839098841, 0.0170984175056, 0.0146233811975, 0.0153736555949, 0.0217170752585, 0.0172739364207, 0.0119549203664, 0.00896069779992, 0.00681360019371, 0.00275302818045, 0.00737811531872, 0.00364040047862, 0.00346126570366, 0.00484576122835, 0.00950469169766, 0.00867719110101, 0.00789833255112, 0.0135663142428, 0.0111285382882, 0.00193342531566, 0.00699313636869, 0.00594709813595, 0.00745349843055, 0.00538000138476, 0.00785732828081, 0.0054342742078, 0.0029330290854, 0.00134685402736, 0.00156072457321, 0.00100960256532, 0.00165326276328, 0.00204481650144, 0.00238136062399, 0.00154031149577, 0.00064201297937, 0.00127563718706, 0.000537804502528, 0.000316297082463, 0.000400236342102, 0.000719133939128, 0.000257911917288, 0.000172387866769, 0.000211535705603, 0.000697405019309, 0.000674976792652, 0.00063072174089, 0.0011920214165, 0.00174684158992, 0.00165041396394, 0.00113777595107, 0.000468356913188, 0.000478543166537, 0.000579155341256, 0.000104765837023, 0.000145674115629, 0.000110833490908, 0.000124560698168, 0.000168680300703, 9.07409412321e-05, 4.7582139814e-05, 0.000105583429104, 0.000161961972481, 5.32969315827e-05, 0.000109562352009, 8.2995989942e-05, 8.58047642396e-05, 9.09816590138e-05, 0.000105067520053, 7.97403772594e-05, 5.20187277289e-05, 3.81766803912e-05, 5.08602388436e-05, 5.79747465963e-05, 3.31720148097e-05, 4.70042759844e-05, 3.18072743539e-05, 2.27974815061e-05, 3.68780383724e-05, 2.87165639747e-05, 1.72992367879e-05, 2.79758933175e-05, 2.04581538128e-05, 1.01133073258e-05, 9.0601561169e-06, 6.64860817778e-06, 2.41858333538e-06, 5.59928957955e-06, 5.33336969966e-06, 2.76834111901e-06, 3.18770366903e-06, 4.24222480433e-06, 2.61177774519e-06, 3.13153577736e-06, 2.80699873656e-06, 4.41635938842e-06, 2.43126146415e-06, 2.63982155957e-06, 6.98382962128e-07, 1.03243039007e-07, 1.30718888158e-07, 1.05480268076e-07, 1.81819626022e-08, 1.43467762115e-08, 2.32703296632e-08, 2.73870170986e-08, 1.68060587669e-08, 3.24903215443e-09, 3.50754767453e-08, 5.24526777568e-09, 2.57554821914e-09, 2.5326543085e-09, 2.50981702088e-09, 2.49531195706e-09],
        "mean": [7.86354303273e-06, 5.01409413118e-05, 9.09430527827e-05, 0.000126466329675, 0.000214341562241, 0.000252452999121, 0.000149766594404, 8.87724745553e-05, 0.000225336028961, 0.000313126889523, 0.000349763256963, 0.000256905332208, 0.000180919814738, 0.000245297589572, 0.000323902931996, 0.00028082402423, 0.000214030835195, 0.000169354301761, 0.000189190672245, 0.000241154659307, 0.000309889001073, 0.000210662125028, 0.000158313370775, 0.000114730777568, 8.58272251207e-05, 7.88919642218e-05, 9.19684534892e-05, 9.14678239496e-05, 6.23958476353e-05, 9.90252156043e-05, 0.000108131214802, 6.77655116306e-05, 0.000196467401111, 0.000453531567473, 8.24917005957e-05, 6.04262313573e-05, 5.81427411817e-05, 8.7614680524e-05, 9.52218906605e-05, 8.19690249045e-05, 4.93729639857e-05, 3.6342178646e-05, 5.16090294695e-05, 5.90628660575e-05, 2.98347549688e-05, 3.22073537973e-05, 4.49994295195e-05, 3.64447187167e-05, 3.00676001643e-05, 3.33473071805e-05, 5.04307427036e-05, 3.22562482324e-05, 1.54134431796e-05, 1.43315783134e-05, 1.48732933667e-05, 1.07030282379e-05, 1.04579148683e-05, 1.12529987746e-05, 8.98673988559e-06, 9.10113976715e-06, 8.15366729512e-06, 1.00755414678e-05, 1.87366749742e-05, 1.32214554469e-05, 7.72087787482e-06, 6.65048128212e-06, 7.13877079761e-06, 6.69571591061e-06, 4.03060448662e-06, 4.3703148549e-06, 3.78184313377e-06, 3.93932805309e-06, 2.86439740194e-06, 2.06925506063e-06, 1.93527080228e-06, 2.29762144954e-06, 1.65281335285e-06, 1.53334724473e-06, 1.97900044441e-06, 2.07912557926e-06, 1.52651148255e-06, 1.41237910611e-06, 1.33397077207e-06, 1.08714903035e-06, 1.09580707885e-06, 9.05008903374e-07, 7.65254583257e-07, 6.59585055018e-07, 6.11578911958e-07, 6.34112950593e-07, 5.72957560507e-07, 5.45507759853e-07, 5.86962357829e-07, 4.80715129925e-07, 4.65793959847e-07, 3.62703246992e-07, 3.09218052053e-07, 2.68502645895e-07, 2.03777517527e-07, 1.93989379227e-07, 7.65325580687e-08, 1.02555205217e-07, 1.09775761814e-07, 7.20005672861e-08, 8.17406373699e-08, 7.20172010915e-08, 6.87046579628e-08, 5.86916648615e-08, 5.90529545264e-08, 5.80747396839e-08, 4.33302140834e-08, 3.00743678849e-08, 8.82653683476e-09, 1.97012783865e-09, 6.47248810104e-10, 6.38971542344e-10, 2.7943741765e-10, 5.33965129057e-11, 1.09936511283e-10, 1.13985071382e-10, 5.65912282313e-11, 9.9242818824e-12, 2.94326681083e-11, 7.20876093194e-12, 3.29986992592e-12, 3.2028017391e-12, 3.14895440452e-12, 3.12732608906e-12],
        "min": [4.72694621835e-27, 1.65660124495e-25, 1.64518938588e-25, 4.52808181053e-25, 2.53369180508e-25, 1.61631313244e-25, 2.97300523845e-25, 2.03015252155e-25, 2.04993789261e-25, 2.95561332068e-25, 2.93124959814e-25, 9.67770306072e-26, 5.00810533536e-26, 5.9988390126e-25, 3.36370881632e-25, 4.81118426789e-25, 3.92754714833e-25, 3.49816498071e-25, 3.33922010863e-25, 1.18475444829e-25, 2.8670395252e-25, 2.57685704122e-25, 2.71441934543e-25, 4.86770072833e-25, 4.48466142719e-25, 4.59350105932e-25, 2.74393359012e-25, 6.56946253447e-25, 4.67644386705e-25, 3.76146185245e-25, 4.01161260373e-25, 3.46839041192e-25, 4.02318913751e-25, 1.01616022962e-24, 1.90607850623e-25, 7.52067693044e-25, 5.54536478643e-25, 1.10639004135e-24, 7.26882864911e-25, 6.97074276493e-25, 9.60047567351e-25, 7.26020245511e-25, 7.29751606897e-25, 8.28394472271e-25, 7.83775759915e-25, 6.16906582823e-25, 9.94139769092e-25, 1.11733124628e-24, 1.3044296273e-24, 6.26240187838e-25, 1.25631147866e-24, 6.76494325286e-25, 1.23745444898e-24, 1.07123080662e-24, 1.34116411864e-24, 1.39488032008e-24, 1.41193815526e-24, 8.76626709915e-25, 1.47746232255e-24, 1.34911258251e-24, 1.59936716761e-24, 1.29556273212e-24, 1.19695403428e-24, 1.34659749673e-24, 2.19152915598e-24, 1.76080636857e-24, 1.65101320082e-24, 1.12787062519e-24, 1.54856985012e-24, 1.88899863225e-24, 1.88001922578e-24, 1.31079149468e-24, 2.34214794634e-24, 1.33045276805e-24, 2.16013604183e-24, 2.04885340608e-24, 1.04971975303e-24, 3.37103772856e-24, 1.98632158542e-24, 3.14028348922e-24, 1.64104959176e-24, 2.85058181596e-24, 1.96830577728e-24, 3.1762943979e-24, 2.53279590561e-24, 3.14235917948e-24, 1.87655987349e-24, 3.40850704384e-24, 3.03436944637e-24, 2.6884781969e-24, 2.56594502414e-24, 2.97655008353e-24, 2.93764405533e-24, 2.944898223e-24, 2.9960842517e-24, 2.20523107826e-24, 2.85769951069e-24, 3.428580004e-24, 4.72328889279e-24, 3.61568518894e-24, 3.39384685277e-24, 4.58018834129e-24, 4.7267796023e-24, 2.73169456109e-24, 3.33884234286e-24, 3.65779695065e-24, 3.79768959927e-24, 3.77807575616e-24, 2.91451958397e-24, 4.64593477015e-24, 4.66608069995e-24, 4.8485880091e-24, 4.81039136407e-24, 4.26749926125e-24, 4.15331992826e-24, 4.94150162424e-24, 4.81350578693e-24, 5.1688600146e-24, 5.28162531442e-24, 4.83646637243e-24, 5.3540360402e-24, 5.29147503168e-24, 4.92912636879e-24, 5.1472400982e-24, 4.73852298016e-24, 5.10450434752e-24, 5.0314739715e-24, 5.37543349782e-24],
        "stdev": [2.08098244912e-05, 0.000128911400679, 0.000194547566934, 0.000229032491916, 0.000401697034249, 0.000560185522772, 0.000428826577263, 0.0003265911364, 0.000463955366286, 0.000926265201997, 0.00168446497992, 0.00153264473192, 0.00101826537866, 0.00118417968042, 0.00190280145034, 0.00129660172388, 0.000947870081291, 0.000875619240105, 0.00097290793201, 0.00104885490146, 0.00119655916933, 0.00096880068304, 0.00072320055915, 0.00045170931844, 0.00022260377591, 0.000343493389664, 0.000241849120357, 0.000208737998037, 0.000201374074095, 0.000572923047002, 0.000637168472167, 0.000371117203031, 0.000699441996403, 0.00142942799721, 0.000190254082554, 0.000334747513989, 0.000271463271929, 0.000482991192257, 0.000446747726528, 0.000494273321237, 0.00026830736897, 0.00013145871344, 9.66648367466e-05, 0.00010878968169, 6.77754433127e-05, 9.39006858971e-05, 0.00015888766211, 0.000104635750176, 7.45333236409e-05, 6.24813401373e-05, 0.000108988519059, 5.53591817152e-05, 2.89688287012e-05, 2.49578133662e-05, 3.04112036247e-05, 2.03977651836e-05, 1.69764207385e-05, 1.8688297132e-05, 2.83771059912e-05, 3.34533360729e-05, 2.76888204098e-05, 4.57854112028e-05, 7.41841940908e-05, 6.43459061394e-05, 3.87876752939e-05, 2.39995843003e-05, 2.21876798605e-05, 2.35957850236e-05, 9.42898168432e-06, 1.00056604424e-05, 7.92860191723e-06, 7.84197436587e-06, 7.02731222191e-06, 4.9694945119e-06, 3.63048206964e-06, 4.7986404752e-06, 5.52863048142e-06, 3.3709688978e-06, 4.59744251202e-06, 4.7712092055e-06, 4.31305761595e-06, 4.05917489843e-06, 4.72047122457e-06, 3.96517498302e-06, 2.7979576771e-06, 2.1751445729e-06, 2.12225950236e-06, 1.98719362743e-06, 1.91315416487e-06, 2.21506684284e-06, 1.77395929768e-06, 1.8828886823e-06, 2.26381939683e-06, 1.72174782165e-06, 1.30608430027e-06, 1.16571743547e-06, 9.90315925264e-07, 6.8854365054e-07, 5.81806375521e-07, 4.35209727812e-07, 1.69303945086e-07, 2.55037690522e-07, 2.5669481829e-07, 1.6549273596e-07, 2.12412061273e-07, 1.94679188326e-07, 1.66171886917e-07, 1.42980042028e-07, 1.68221944818e-07, 2.03080901429e-07, 1.45957045561e-07, 1.18269319671e-07, 3.56476732577e-08, 6.54161791402e-09, 4.49546977421e-09, 4.20769019627e-09, 9.39507360798e-10, 6.49732545543e-10, 1.27372956626e-09, 1.37972178127e-09, 7.67351848729e-10, 1.4099410528e-10, 9.47289580111e-10, 1.5769857642e-10, 6.93880161662e-11, 6.82340642322e-11, 6.76190214932e-11, 6.7228583811e-11]
    },
    "mfcc": {
        "mean": [-848.386230469, 69.1583328247, -26.045167923, 2.11186432838, -6.65884017944, 2.53351664543, -4.59473800659, -0.822655677795, -3.25369501114, 0.165315508842, -3.16395950317, -1.41261160374, -1.08805298805],
        "cov": [[84595.8203125, 13568.4560547, -4925.12695312, 557.864135742, -1257.00720215, 517.860534668, -793.357727051, -88.3082885742, -581.767822266, 42.44896698, -562.590942383, -265.572662354, -155.486206055], [13568.4560547, 3101.66235352, -405.527832031, 369.267852783, -92.8779602051, 65.9628295898, -211.000900269, -130.358032227, -198.121078491, -46.5145339966, -115.675720215, -85.5531463623, -12.3725500107], [-4925.12695312, -405.527832031, 931.736022949, 310.023803711, 250.470672607, 35.7347221375, 89.6153869629, -20.4904632568, -27.0963535309, -44.3368492126, 19.6621818542, 15.9972314835, 52.3988761902], [557.864135742, 369.267852783, 310.023803711, 313.786529541, 136.037979126, 67.5019378662, 21.6764755249, -20.6511287689, -66.9848709106, -25.4530620575, 6.89558601379, -7.33588790894, 18.1122207642], [-1257.00720215, -92.8779602051, 250.470672607, 136.037979126, 158.234481812, 62.9440689087, 53.2284851074, 5.33788633347, -3.15255427361, -21.6659851074, 4.1214389801, 2.69833850861, 16.8000984192], [517.860534668, 65.9628295898, 35.7347221375, 67.5019378662, 62.9440689087, 140.247314453, 81.4214401245, 44.5282440186, 15.2081003189, -10.0281028748, 9.69149112701, 12.4663200378, 17.3916835785], [-793.357727051, -211.000900269, 89.6153869629, 21.6764755249, 53.2284851074, 81.4214401245, 127.207252502, 66.742149353, 42.9444694519, 2.4656291008, 24.1801242828, 20.4277534485, 23.200334549], [-88.3082885742, -130.358032227, -20.4904632568, -20.6511287689, 5.33788633347, 44.5282440186, 66.742149353, 78.5797805786, 50.6977729797, 12.4854030609, 17.0010700226, 13.8397159576, 11.033654213], [-581.767822266, -198.121078491, -27.0963535309, -66.9848709106, -3.15255427361, 15.2081003189, 42.9444694519, 50.6977729797, 89.2861862183, 14.7659950256, -1.12938988209, 6.42085361481, 7.18542861938], [42.44896698, -46.5145339966, -44.3368492126, -25.4530620575, -21.6659851074, -10.0281028748, 2.4656291008, 12.4854030609, 14.7659950256, 46.1123123169, 24.5535411835, 6.7200422287, -4.39564037323], [-562.590942383, -115.675720215, 19.6621818542, 6.89558601379, 4.1214389801, 9.69149112701, 24.1801242828, 17.0010700226, -1.12938988209, 24.5535411835, 76.6981887817, 30.6288146973, 4.43243932724], [-265.572662354, -85.5531463623, 15.9972314835, -7.33588790894, 2.69833850861, 12.4663200378, 20.4277534485, 13.8397159576, 6.42085361481, 6.7200422287, 30.6288146973, 53.1008300781, 16.7000217438], [-155.486206055, -12.3725500107, 52.3988761902, 18.1122207642, 16.8000984192, 17.3916835785, 23.200334549, 11.033654213, 7.18542861938, -4.39564037323, 4.43243932724, 16.7000217438, 46.2598686218]],
        "icov": [[9.52463378781e-05, -0.000341926526744, 0.000345937500242, -0.000197592613404, 0.000235398852965, -0.000174751679879, -4.50970655947e-05, -0.000426006678026, 0.000188506441191, -0.000264234113274, 0.000434858171502, -0.000298315717373, 3.02787702822e-05], [-0.000341926526744, 0.00202810904011, -0.000599106657319, -0.00116111733951, 0.000256928818999, -0.000180631977855, 0.00108491408173, 0.00192351301666, -0.000558066472877, 0.000962772755884, -0.000739143812098, 0.00128573935945, -0.000717067392543], [0.000345937500242, -0.000599106657319, 0.00444080960006, -0.00403394596651, -0.000982921686955, 0.00132812582888, -0.00174774345942, 0.000482668110635, -0.000221896218136, 8.85996123543e-05, 0.00180440500844, -0.00141525070649, -0.00144824269228], [-0.000197592613404, -0.00116111733951, -0.00403394596651, 0.01320321206, -0.00682881195098, -0.00129596679471, 0.000627932546195, -0.00244635203853, 0.00584243331105, -0.00104808819015, -0.00300376326777, 0.0023579779081, 9.03995751287e-05], [0.000235398852965, 0.000256928818999, -0.000982921686955, -0.00682881195098, 0.0184852518141, -0.00557007268071, -0.00135451240931, 0.00289437244646, -0.00310434261337, 0.00224381196313, 0.00166452000849, 4.11645632994e-05, 0.000537859508768], [-0.000174751679879, -0.000180631977855, 0.00132812582888, -0.00129596679471, -0.00557007268071, 0.0171329509467, -0.00942812580615, -0.00188334693667, -8.03168222774e-05, 0.00329931103624, -0.000783275871072, -0.00132323324215, 5.32855938218e-06], [-4.50970655947e-05, 0.00108491408173, -0.00174774345942, 0.000627932546195, -0.00135451240931, -0.00942812580615, 0.025297081098, -0.0131871821359, -0.000931818271056, 0.000430760526797, -0.00227284315042, 0.000573022873141, -0.00343623082153], [-0.000426006678026, 0.00192351301666, 0.000482668110635, -0.00244635203853, 0.00289437244646, -0.00188334693667, -0.0131871821359, 0.0375103838742, -0.014787635766, -4.35453375758e-06, -0.00469755893573, 0.000803403963801, -0.000725929101463], [0.000188506441191, -0.000558066472877, -0.000221896218136, 0.00584243331105, -0.00310434261337, -8.03168222774e-05, -0.000931818271056, -0.014787635766, 0.0256418343633, -0.00700505962595, 0.00662330072373, -0.000223703944357, -0.00160219729878], [-0.000264234113274, 0.000962772755884, 8.85996123543e-05, -0.00104808819015, 0.00224381196313, 0.00329931103624, 0.000430760526797, -4.35453375758e-06, -0.00700505962595, 0.0330901518464, -0.0128855314106, 0.00247310823761, 0.00198326213285], [0.000434858171502, -0.000739143812098, 0.00180440500844, -0.00300376326777, 0.00166452000849, -0.000783275871072, -0.00227284315042, -0.00469755893573, 0.00662330072373, -0.0128855314106, 0.0257720369846, -0.0124820796773, 0.00212997430936], [-0.000298315717373, 0.00128573935945, -0.00141525070649, 0.0023579779081, 4.11645632994e-05, -0.00132323324215, 0.000573022873141, 0.000803403963801, -0.000223703944357, 0.00247310823761, -0.0124820796773, 0.0298800114542, -0.00929653272033], [3.02787702822e-05, -0.000717067392543, -0.00144824269228, 9.03995751287e-05, 0.000537859508768, 5.32855938218e-06, -0.00343623082153, -0.000725929101463, -0.00160219729878, 0.00198326213285, 0.00212997430936, -0.00929653272033, 0.0284205097705]]
    },
    "spectral_contrast_coeffs": {
        "max": [-0.313881695271, -0.417289853096, -0.476236075163, -0.573288798332, -0.667583823204, -0.620145618916],
        "mean": [-0.789753556252, -0.836297512054, -0.827772080898, -0.849628686905, -0.847582042217, -0.818732500076],
        "min": [-0.984629631042, -0.983085095882, -0.979504466057, -0.97522008419, -0.969495713711, -0.966312646866],
        "stdev": [0.142585143447, 0.109955713153, 0.122808367014, 0.0944315120578, 0.0836543962359, 0.0987503454089]
    },
    "spectral_contrast_valleys": {
        "max": [-6.07094097137, -4.3335351944, -5.41185903549, -5.81421995163, -5.69433069229, -8.4456243515],
        "mean": [-13.9687585831, -13.2444753647, -13.427822113, -13.427192688, -13.649553299, -15.6652002335],
        "min": [-28.1511268616, -28.0815353394, -27.9159297943, -27.7164421082, -27.5935382843, -27.453004837],
        "stdev": [8.99075603485, 9.41913318634, 9.33469486237, 9.32055854797, 9.16498661041, 7.8203368187]
    }
},
"rhythm": {
    "beats_count": 60,
    "beats_loudness": {
        "max": 0.0822629407048,
        "mean": 0.0149544617161,
        "min": 0,
        "stdev": 0.0203262958676
    },
    "bpm": 135.168884277,
    "bpm_histogram_first_peak_bpm": 136,
    "bpm_histogram_first_peak_weight": 0.238095223904,
    "bpm_histogram_second_peak_bpm": 108,
    "bpm_histogram_second_peak_spread": 0.578947305679,
    "bpm_histogram_second_peak_weight": 0.135593220592,
    "danceability": 0.959552526474,
    "onset_rate": 1.12551045418,
    "beats_loudness_band_ratio": {
        "max": [0.570869624615, 0.906598687172, 0.726636648178, 0.712634503841, 0.609378457069, 0.335148394108],
        "mean": [0.0765585899353, 0.118662603199, 0.138740226626, 0.182613104582, 0.122558958828, 0.035018093884],
        "min": [0, 0, 0, 0, 0, 0],
        "stdev": [0.111754596233, 0.202935829759, 0.196602791548, 0.215604990721, 0.158284500241, 0.0546199567616]
    },
    "beats_position": [0.46439909935, 0.952018141747, 1.45124709606, 1.95047616959, 2.43809509277, 2.92571425438, 3.45977306366, 3.99383211136, 4.53950119019, 5.08516979218, 5.630838871, 6.17650794983, 6.72217655182, 7.26784563065, 7.8251247406, 8.38240337372, 9.03256225586, 9.682721138, 10.3328800201, 10.95981884, 11.5867567062, 12.2136955261, 12.840634346, 13.479183197, 14.1293420792, 14.7911109924, 15.3716096878, 15.9288883209, 16.4745578766, 17.031835556, 17.5891151428, 18.1463947296, 18.7036724091, 19.272562027, 19.8298416138, 20.3987293243, 20.8979587555, 21.3971881866, 21.8964176178, 22.3492050171, 22.8019943237, 23.2547836304, 23.707572937, 24.1487522125, 24.589931488, 25.0311107635, 25.4722900391, 25.9134693146, 26.3546485901, 26.7958278656, 27.2370071411, 27.6781845093, 28.1193637848, 28.5721530914, 29.0133323669, 29.4545116425, 29.895690918, 30.3368701935, 30.778049469, 31.2192287445],
