{
"metadata": {
    "version": {
        "essentia": "2.1-beta5",
        "essentia_git_sha": "Undefined",
        "extractor": "music 2.0"
    },
    "audio_properties": {
        "analysis": {
            "equal_loudness": 0,
            "length": 12.7477550507,
            "sample_rate": 44100,
            "start_time": 0,
            "downmix": "mix"
        },
        "bit_rate": 192000,
        "length": 173.197647095,
        "lossless": 0,
        "number_channels": 2,
        "replay_gain": 2.64066505432,
        "sample_rate": 48000,
        "codec": "mp3",
        "md5_encoded": "8534631207b5c51828cb18f24439a770"
    },
    "tags": {
        "file_name": "Denmark_Vi Maler Byen Rød_Birthe Kjær.mp3",
        "encoding": ["Lavf58.29.100"]
    }
},
"lowlevel": {
    "average_loudness": 0.973433196545,
    "barkbands_crest": {
        "max": 16.9146518707,
        "mean": 5.95677757263,
        "min": 2.28635001183,
        "stdev": 2.23565721512
    },
    "barkbands_flatness_db": {
        "max": 0.177011623979,
        "mean": 0.0910983681679,
        "min": 0.0424865335226,
        "stdev": 0.021232560277
    },
    "barkbands_kurtosis": {
        "max": 8.75643348694,
        "mean": -0.329161196947,
        "min": -1.68520069122,
        "stdev": 1.18382441998
    },
    "barkbands_skewness": {
        "max": 2.81431031227,
        "mean": 0.472108662128,
        "min": -1.80781340599,
        "stdev": 0.605840861797
    },
    "barkbands_spread": {
        "max": 86.6277694702,
        "mean": 35.3868675232,
        "min": 10.4543857574,
        "stdev": 13.7871818542
    },
    "dissonance": {
        "max": 0.499999970198,
        "mean": 0.48276117444,
        "min": 0.404553085566,
        "stdev": 0.0129931755364
    },
    "dynamic_complexity": 1.57152056694,
    "erbbands_crest": {
        "max": 26.0197639465,
        "mean": 6.77881288528,
        "min": 2.64859724045,
        "stdev": 3.03276062012
    },
    "erbbands_flatness_db": {
        "max": 0.240076839924,
        "mean": 0.140074238181,
        "min": 0.0726183131337,
        "stdev": 0.0319397225976
    },
    "erbbands_kurtosis": {
        "max": 10.6993083954,
        "mean": -0.232676789165,
        "min": -1.39111089706,
        "stdev": 0.951620221138
    },
    "erbbands_skewness": {
        "max": 1.35357427597,
        "mean": -0.0344306901097,
        "min": -1.32924187183,
        "stdev": 0.382320702076
    },
    "erbbands_spread": {
        "max": 86.1475372314,
        "mean": 39.6659126282,
        "min": 6.47037696838,
        "stdev": 13.1010818481
    },
    "hfc": {
        "max": 146.945861816,
        "mean": 35.6573829651,
        "min": 1.07089356435e-16,
        "stdev": 24.076675415
    },
    "loudness_ebu128": {
        "integrated": -26.5141506195,
        "loudness_range": 1.27836227417,
        "momentary": {
            "max": -23.0938396454,
            "mean": -26.7371845245,
            "min": -32.2498092651,
            "stdev": 1.42707765102
        },
        "short_term": {
            "max": -25.7869663239,
            "mean": -26.6823387146,
            "min": -27.6989326477,
            "stdev": 0.430082172155
        }
    },
    "melbands_crest": {
        "max": 23.5208683014,
        "mean": 8.65041065216,
        "min": 2.33201003075,
        "stdev": 3.30830073357
    },
    "melbands_flatness_db": {
        "max": 0.204766735435,
        "mean": 0.0966738164425,
        "min": 0.0102994050831,
        "stdev": 0.0312536805868
    },
    "melbands_kurtosis": {
        "max": 23.4332542419,
        "mean": 2.84413456917,
        "min": -1.61137270927,
        "stdev": 3.44282531738
    },
    "melbands_skewness": {
        "max": 4.01465463638,
        "mean": 1.47099196911,
        "min": -0.749042391777,
        "stdev": 0.741820991039
    },
    "melbands_spread": {
        "max": 128.173614502,
        "mean": 47.3387260437,
        "min": 8.95414543152,
        "stdev": 19.8436412811
    },
    "pitch_salience": {
        "max": 0.852092862129,
        "mean": 0.636138856411,
        "min": 0.332207798958,
        "stdev": 0.081753872335
    },
    "silence_rate_20dB": {
        "max": 1,
        "mean": 1,
        "min": 1,
        "stdev": 0
    },
    "silence_rate_30dB": {
        "max": 1,
        "mean": 1,
        "min": 1,
        "stdev": 0
    },
    "silence_rate_60dB": {
        "max": 1,
        "mean": 0.0218181814998,
        "min": 0,
        "stdev": 0.146089226007
    },
    "spectral_centroid": {
        "max": 10610.0019531,
        "mean": 2186.84960938,
        "min": 713.024475098,
        "stdev": 656.787231445
    },
    "spectral_complexity": {
        "max": 54,
        "mean": 27.2036361694,
        "min": 0,
        "stdev": 8.50167560577
    },
    "spectral_decrease": {
        "max": -2.58234440659e-28,
        "mean": -4.33662217247e-09,
        "min": -1.57797774847e-08,
        "stdev": 2.47333331593e-09
    },
    "spectral_energy": {
        "max": 0.0686393454671,
        "mean": 0.0196016542614,
        "min": 1.06879643441e-20,
        "stdev": 0.0107366591692
    },
    "spectral_energyband_high": {
        "max": 0.0127716176212,
        "mean": 0.00231495359913,
        "min": 7.40320347445e-21,
        "stdev": 0.00214490527287
    },
    "spectral_energyband_low": {
        "max": 0.0266901366413,
        "mean": 0.00237975991331,
        "min": 2.90177877038e-23,
        "stdev": 0.00335201388225
    },
    "spectral_energyband_middle_high": {
        "max": 0.0475757047534,
        "mean": 0.00795178487897,
        "min": 2.20084993096e-21,
        "stdev": 0.00553707359359
    },
    "spectral_energyband_middle_low": {
        "max": 0.0496943555772,
        "mean": 0.00731399375945,
        "min": 4.50236416799e-22,
        "stdev": 0.00616322876886
    },
    "spectral_entropy": {
        "max": 9.79411315918,
        "mean": 7.97130489349,
        "min": 7.08688354492,
        "stdev": 0.262214064598
    },
    "spectral_flux": {
        "max": 0.179727658629,
        "mean": 0.0814002901316,
        "min": 1.0338260803e-10,
        "stdev": 0.0256577488035
    },
    "spectral_kurtosis": {
        "max": 7.43538188934,
        "mean": 2.67283701897,
        "min": -1.17162168026,
        "stdev": 1.22634065151
    },
    "spectral_rms": {
        "max": 0.00818322785199,
        "mean": 0.00420780759305,
        "min": 3.22913028782e-12,
        "stdev": 0.00119076261763
    },
    "spectral_rolloff": {
        "max": 17700.2929688,
        "mean": 3710.99169922,
        "min": 516.796875,
        "stdev": 2246.41967773
    },
    "spectral_skewness": {
        "max": 1.93397343159,
        "mean": 1.29356074333,
        "min": 0.058341562748,
        "stdev": 0.203716531396
    },
    "spectral_spread": {
        "max": 40243288,
        "mean": 5450554,
        "min": 3041946.5,
        "stdev": 2025495.25
    },
    "spectral_strongpeak": {
        "max": 12.2099075317,
        "mean": 1.38884830475,
        "min": 0,
        "stdev": 1.65517580509
    },
    "zerocrossingrate": {
        "max": 0.515625,
        "mean": 0.122121803463,
        "min": 0.04248046875,
        "stdev": 0.0520866774023
    },
    "barkbands": {
        "max": [0.000125405204017, 0.0163206737489, 0.0149466767907, 0.00445034215227, 0.0237775947899, 0.0132750784978, 0.0100457295775, 0.0182016342878, 0.0118603315204, 0.0123888114467, 0.0225967131555, 0.00817728601396, 0.00523548200727, 0.00476173358038, 0.0128810964525, 0.0281292479485, 0.00586669240147, 0.0053259273991, 0.014169825241, 0.00688388710842, 0.00222375197336, 0.001863869722, 0.00284771737643, 0.00110287184361, 0.00463589839637, 0.00166207575239, 9.14265569918e-07],
        "mean": [8.42805911816e-06, 0.000979068106972, 0.00111437903251, 0.000524179427885, 0.00202486221679, 0.00146942236461, 0.00115650787484, 0.00107538967859, 0.000953193171881, 0.000815817911644, 0.00072504428681, 0.000689876091201, 0.000662505626678, 0.000805574003607, 0.00101076380815, 0.000935215211939, 0.000723876815755, 0.000621847051661, 0.000668043270707, 0.000579566520173, 0.00043116332381, 0.000350680551492, 0.000404180871556, 0.000229140001466, 0.000477205845527, 0.00016571895685, 2.6432591671e-09],
        "min": [3.30993137955e-24, 3.40898351582e-24, 2.01261877645e-23, 1.92220379934e-23, 3.88168664071e-23, 2.01776483168e-23, 3.9064196389e-23, 9.08676381167e-23, 1.51701511414e-22, 1.29613809965e-22, 1.16839539202e-22, 1.8495776672e-22, 1.92265117814e-22, 1.89765236538e-22, 1.17397068225e-22, 1.38509586134e-22, 1.99603013602e-22, 4.58648223647e-22, 3.16703798292e-22, 3.72837297529e-22, 2.50946145525e-22, 6.42526576214e-22, 6.70648091712e-22, 8.69632587877e-22, 1.3879764532e-21, 1.42320655209e-21, 2.08754638188e-21],
        "stdev": [1.31574006446e-05, 0.00185681425501, 0.00178469601087, 0.000701115699485, 0.00244041858241, 0.00175450800452, 0.00129456946161, 0.00217349245213, 0.001348724938, 0.00110561877955, 0.00186801818199, 0.000987882143818, 0.000738248287234, 0.000799933390226, 0.00158324593212, 0.00181978452019, 0.000731657084543, 0.000709462910891, 0.0010840089526, 0.000759786285926, 0.000347850029357, 0.000306668749545, 0.000469438178698, 0.000208386860322, 0.000733978115022, 0.000268242991297, 3.89194738659e-08]
    },
    "erbbands": {
        "max": [0.23260499537, 4.61170148849, 15.5547037125, 18.498254776, 18.6317062378, 124.098846436, 243.478485107, 143.182128906, 117.227363586, 293.077911377, 351.145996094, 238.353012085, 201.153396606, 485.86541748, 568.839904785, 222.531219482, 245.711959839, 305.720855713, 653.168945312, 931.109680176, 1920.13891602, 327.991912842, 274.964996338, 630.46295166, 531.788635254, 475.976104736, 121.945678711, 89.4080505371, 56.5758018494, 140.252258301, 48.2118721008, 22.597196579, 19.7834033966, 28.3865604401, 51.0526924133, 13.1207265854, 0.966618180275, 0.0205727536231, 0.00114499416668, 0.000241969697527],
        "mean": [0.0143311657012, 0.278244584799, 1.225451231, 1.58266329765, 2.69502520561, 8.15632534027, 10.4679088593, 13.4752645493, 16.0100421906, 20.7199954987, 23.053976059, 20.7432956696, 21.4931259155, 28.9097385406, 30.8659133911, 24.6454334259, 30.465473175, 35.3389968872, 52.5403594971, 51.8719406128, 51.9288864136, 43.5437316895, 36.8800010681, 32.335357666, 34.1321983337, 28.7153453827, 18.2601795197, 16.2655735016, 11.9329109192, 16.7371368408, 8.28205299377, 4.87745141983, 3.88308501244, 3.79776453972, 4.34129858017, 1.45740234852, 0.116577357054, 0.00259365816601, 0.000159563220222, 4.57151472801e-05],
        "min": [6.74673983388e-23, 1.38711251798e-21, 1.86891281207e-20, 4.01743302759e-20, 1.70041670291e-19, 6.41319655884e-20, 8.36706695906e-20, 1.85328252354e-19, 5.9178977394e-19, 6.17017903743e-19, 2.99204876041e-18, 2.92283752458e-18, 5.43236019402e-18, 2.74374527054e-18, 4.8627685873e-18, 7.57722339235e-18, 1.02034209212e-17, 1.13222827885e-17, 7.02212481714e-18, 5.68134776226e-18, 8.33460319609e-18, 1.33240863407e-17, 2.67382658849e-17, 1.75867002384e-17, 1.55406061275e-17, 1.37760785069e-17, 1.43939882147e-17, 9.25415093175e-18, 2.061166996e-17, 2.1153463335e-17, 2.00437922715e-17, 1.92287364724e-17, 1.38835466392e-17, 1.45928407796e-17, 1.06439384379e-17, 3.86948266312e-18, 3.0329824134e-18, 1.23738547538e-18, 3.233255661e-19, 2.89790836887e-20],
        "stdev": [0.0261908844113, 0.516674399376, 1.92202091217, 2.03674769402, 2.82255649567, 10.8028697968, 15.6721372604, 16.5723419189, 17.254327774, 30.7012748718, 42.9838600159, 28.1993541718, 23.8468551636, 43.3070411682, 53.6304168701, 27.1339988708, 32.2712860107, 37.6979866028, 76.7545394897, 84.1755905151, 118.165298462, 41.0269813538, 36.4327278137, 44.7440643311, 46.7026062012, 42.2725448608, 15.9302539825, 13.2772226334, 9.59504699707, 20.9644737244, 7.81473970413, 4.28443956375, 3.7275249958, 4.88363075256, 7.41244220734, 2.25958848, 0.176606625319, 0.00385326799005, 0.000214641055209, 3.62286518794e-05]
    },
    "gfcc": {
        "mean": [38.0816955566, 48.1679573059, -140.864593506, 34.4806175232, -74.9806747437, 18.3498077393, -54.4371376038, 14.6761045456, -32.4059867859, 8.43241882324, -20.8522377014, 2.16372680664, -9.7297000885],
        "cov": [[6649.81835938, 424.512054443, 145.308670044, 318.978485107, -62.7577896118, 124.171333313, -223.043243408, 107.295974731, -201.767608643, 75.4353637695, -162.450469971, 11.0042123795, -132.831542969], [424.512054443, 1145.25561523, 177.68031311, 190.273208618, 78.4890975952, -98.328704834, -1.58200073242, -61.5717353821, 91.1145629883, -23.7408618927, 104.018951416, -37.5139389038, 25.5829792023], [145.308670044, 177.68031311, 684.946044922, 203.447555542, 104.85660553, 27.688659668, -22.7795734406, 21.1888656616, -47.9293365479, 23.2744007111, -38.87266922, 15.9046459198, -73.3752670288], [318.978485107, 190.273208618, 203.447555542, 201.616638184, 65.7452392578, 5.77678823471, -4.208568573, -2.43624973297, -13.5148963928, 1.39340913296, -1.11439633369, -9.40515708923, -19.35572052], [-62.7577896118, 78.4890975952, 104.85660553, 65.7452392578, 146.584396362, 22.3016757965, 26.7744693756, 25.7548217773, 9.51009273529, 24.3545589447, 11.6393909454, 1.13351559639, -6.92260169983], [124.171333313, -98.328704834, 27.688659668, 5.77678823471, 22.3016757965, 80.3659515381, 25.1299228668, 14.3746776581, -7.78779411316, 6.55904102325, -18.1856307983, 6.11504840851, -4.61898851395], [-223.043243408, -1.58200073242, -22.7795734406, -4.208568573, 26.7744693756, 25.1299228668, 67.8986206055, 25.2876529694, 14.9767618179, -0.603039383888, 6.68045902252, -2.23456740379, 6.50685501099], [107.295974731, -61.5717353821, 21.1888656616, -2.43624973297, 25.7548217773, 14.3746776581, 25.2876529694, 60.8382797241, 11.0030937195, 17.0442047119, -7.49545001984, 4.7373456955, -10.5533313751], [-201.767608643, 91.1145629883, -47.9293365479, -13.5148963928, 9.51009273529, -7.78779411316, 14.9767618179, 11.0030937195, 72.4110488892, 18.707901001, 24.203163147, -2.99469256401, 17.7303504944], [75.4353637695, -23.7408618927, 23.2744007111, 1.39340913296, 24.3545589447, 6.55904102325, -0.603039383888, 17.0442047119, 18.707901001, 51.7820587158, 15.8918380737, 7.67627763748, -2.27731561661], [-162.450469971, 104.018951416, -38.87266922, -1.11439633369, 11.6393909454, -18.1856307983, 6.68045902252, -7.49545001984, 24.203163147, 15.8918380737, 59.6585769653, 12.438202858, 18.8234825134], [11.0042123795, -37.5139389038, 15.9046459198, -9.40515708923, 1.13351559639, 6.11504840851, -2.23456740379, 4.7373456955, -2.99469256401, 7.67627763748, 12.438202858, 39.502822876, 15.4280548096], [-132.831542969, 25.5829792023, -73.3752670288, -19.35572052, -6.92260169983, -4.61898851395, 6.50685501099, -10.5533313751, 17.7303504944, -2.27731561661, 18.8234825134, 15.4280548096, 57.0736427307]],
        "icov": [[0.000837317144033, -0.00175253220368, 0.00163844961207, -0.00133294647094, 0.00134430988692, -0.00292074098252, 0.00379523658194, -0.00417562201619, 0.00410536304116, -0.00382222025655, 0.00377297913656, -0.0022928644903, 0.001058142283], [-0.00175253220368, 0.00573307788, -0.00421436969191, 0.00159598106984, -0.00328758661635, 0.00746929831803, -0.00794259738177, 0.00997934304178, -0.011205855757, 0.0105904554948, -0.0112679461017, 0.00705758901313, -0.00285670673475], [0.00163844961207, -0.00421436969191, 0.00638140598312, -0.0045766858384, 0.00182369048707, -0.00593444006518, 0.00771544873714, -0.0082292445004, 0.00921577215195, -0.00947921723127, 0.0107658663765, -0.00873241201043, 0.0052626314573], [-0.00133294647094, 0.00159598106984, -0.0045766858384, 0.0111551275477, -0.00430084345862, 0.00340504082851, -0.00506854988635, 0.00643225805834, -0.00430361554027, 0.0063327443786, -0.00643813516945, 0.00632954388857, -0.00239530112594], [0.00134430988692, -0.00328758661635, 0.00182369048707, -0.00430084345862, 0.0126948589459, -0.00654941797256, 0.00328663899563, -0.00940809305757, 0.00740153994411, -0.00974573381245, 0.00429970258847, -0.00256960466504, 0.000972092268057], [-0.00292074098252, 0.00746929831803, -0.00593444006518, 0.00340504082851, -0.00654941797256, 0.0291573945433, -0.0217817910016, 0.0180747937411, -0.014603998512, 0.0100103020668, -0.00639689527452, 0.0035734185949, -0.0031495639123], [0.00379523658194, -0.00794259738177, 0.00771544873714, -0.00506854988635, 0.00328663899563, -0.0217817910016, 0.042404551059, -0.0302253216505, 0.0164556149393, -0.00902596581727, 0.0094549106434, -0.00410524988547, 0.00132507958915], [-0.00417562201619, 0.00997934304178, -0.0082292445004, 0.00643225805834, -0.00940809305757, 0.0180747937411, -0.0302253216505, 0.0492422655225, -0.0261256489903, 0.0120502440259, -0.0109771015123, 0.00391229474917, 0.00144287571311], [0.00410536304116, -0.011205855757, 0.00921577215195, -0.00430361554027, 0.00740153994411, -0.014603998512, 0.0164556149393, -0.0261256489903, 0.0442210100591, -0.0281497333199, 0.0167553648353, -0.00661814212799, -0.000622752122581], [-0.00382222025655, 0.0105904554948, -0.00947921723127, 0.0063327443786, -0.00974573381245, 0.0100103020668, -0.00902596581727, 0.0120502440259, -0.0281497333199, 0.0508617796004, -0.0311668571085, 0.0122046759352, -0.00304224924184], [0.00377297913656, -0.0112679461017, 0.0107658663765, -0.00643813516945, 0.00429970258847, -0.00639689527452, 0.0094549106434, -0.0109771015123, 0.0167553648353, -0.0311668571085, 0.0536902286112, -0.0265959091485, 0.00541850691661], [-0.0022928644903, 0.00705758901313, -0.00873241201043, 0.00632954388857, -0.00256960466504, 0.0035734185949, -0.00410524988547, 0.00391229474917, -0.00661814212799, 0.0122046759352, -0.0265959091485, 0.0491811707616, -0.0183909423649], [0.001058142283, -0.00285670673475, 0.0052626314573, -0.00239530112594, 0.000972092268057, -0.0031495639123, 0.00132507958915, 0.00144287571311, -0.000622752122581, -0.00304224924184, 0.00541850691661, -0.0183909423649, 0.0304529946297]]
    },
    "melbands": {
        "max": [0.00307369604707, 0.00714187091216, 0.00284143863246, 0.00523468339816, 0.00804057717323, 0.00289145717397, 0.00155055720825, 0.00279197888449, 0.00236632768065, 0.00153809098992, 0.00103525689337, 0.00211853371002, 0.00297602778301, 0.00118869182188, 0.000616778037511, 0.000551456469111, 0.000512113096192, 0.0010635148501, 0.000893503136467, 0.000847972638439, 0.00232896325178, 0.000383011356462, 0.000575320736971, 0.000356008327799, 0.000597128120717, 0.000544707581867, 0.000290799129289, 0.000369319721358, 0.000119911790534, 4.96618231409e-05, 5.43328460481e-05, 4.51451523986e-05, 4.41297925136e-05, 0.000100226076029, 2.89311865345e-05, 1.66284080478e-05, 1.50712821778e-05, 1.47360324263e-05, 1.65986384673e-05, 2.85702299152e-05],
        "mean": [0.000203052026336, 0.000542756577488, 0.000299578445265, 0.000374985975213, 0.000393241934944, 0.000299493112834, 0.000237491811276, 0.000241047528107, 0.000179034017492, 0.000126345767058, 0.000109642242023, 0.000121073317132, 0.000110206339741, 7.59755275794e-05, 7.18938172213e-05, 6.33381932857e-05, 6.42529557808e-05, 8.60901782289e-05, 6.95773196639e-05, 6.20180435362e-05, 5.72193966946e-05, 4.0889117372e-05, 4.15607319155e-05, 3.09493916575e-05, 2.49037493631e-05, 2.71964927379e-05, 2.23274983e-05, 1.76309349627e-05, 1.25902142827e-05, 8.81440973899e-06, 9.34518993745e-06, 6.54572340864e-06, 6.65825200485e-06, 1.10958371806e-05, 4.93979041494e-06, 3.15888087243e-06, 2.84045563603e-06, 2.83375811705e-06, 2.35759443967e-06, 3.29209501615e-06],
        "min": [1.0010188334e-24, 6.69213503979e-24, 1.17335668025e-23, 9.06477147404e-24, 2.43860768846e-24, 4.52927723062e-24, 8.94154508976e-24, 1.02830898338e-23, 2.64255229272e-23, 1.7959696462e-23, 2.68173485611e-23, 9.58687590872e-24, 1.75178917566e-23, 1.36089755307e-23, 2.90107447536e-23, 1.71892633475e-23, 2.16846345476e-23, 1.0860691422e-23, 7.72189592167e-24, 8.99447450106e-24, 1.00234725544e-23, 1.36577350233e-23, 2.24985764964e-23, 1.93576810484e-23, 1.39702722476e-23, 1.02504980455e-23, 1.2242690531e-23, 8.57999357082e-24, 1.09911753266e-23, 5.31352724385e-24, 5.21561185615e-24, 9.40621571737e-24, 1.63923071517e-23, 9.34683894589e-24, 1.00709832802e-23, 1.44064555302e-23, 1.07633057544e-23, 8.94323404096e-24, 1.19337576121e-23, 1.21829508835e-23],
        "stdev": [0.000382600730518, 0.000832935387734, 0.000344502128428, 0.000441205716925, 0.000549501681235, 0.000348741537891, 0.000247154152021, 0.000377552030841, 0.000309624301735, 0.000174728833372, 0.000127484992845, 0.000179112932528, 0.00024666506215, 0.000125168080558, 8.15036619315e-05, 7.21232936485e-05, 6.88224099576e-05, 0.000126198909129, 0.00010021898197, 9.44571074797e-05, 0.000143707948155, 4.25675571023e-05, 5.70412667003e-05, 4.19629686803e-05, 4.10601423937e-05, 4.76928944408e-05, 3.12169941026e-05, 3.03959950543e-05, 1.36640082928e-05, 7.38383914722e-06, 8.28467454994e-06, 5.76016418563e-06, 6.34996786175e-06, 1.55907728185e-05, 4.7689427447e-06, 2.73671798823e-06, 2.61225159193e-06, 2.74326771432e-06, 2.53430471275e-06, 4.41525344286e-06]
    },
    "melbands128": {
        "max": [7.87258759374e-05, 0.00124873477034, 0.00484609836712, 0.00942847505212, 0.00989202223718, 0.00770630035549, 0.00412941537797, 0.00299146119505, 0.00163793633692, 0.00604868493974, 0.00902329664677, 0.0112695991993, 0.0110757062212, 0.00293849827722, 0.00336172548123, 0.00494514219463, 0.00250260811299, 0.00193258386571, 0.00222636386752, 0.00552544835955, 0.00463066808879, 0.0067986077629, 0.00235480815172, 0.00346869905479, 0.00272653670982, 0.00267594447359, 0.00319447135553, 0.00100773060694, 0.00225065578707, 0.00377010274678, 0.00218744296581, 0.006850653328, 0.00414411909878, 0.00210365094244, 0.00265726121143, 0.00126150192227, 0.000528894306626, 0.00129937846214, 0.00157991820015, 0.000602754589636, 0.000645923661068, 0.00188622588757, 0.000536514737178, 0.000451531086583, 0.00107465614565, 0.00222431006841, 0.00178384280298, 0.000901497318409, 0.00194632227067, 0.00235367380083, 0.000742614036426, 0.0012482246384, 0.00611419044435, 0.000533098587766, 0.000228522665566, 0.000724480196368, 0.000590695126448, 0.00104302354157, 0.000794127699919, 0.000681028177496, 0.000611912691966, 0.000539215630852, 0.000387437321479, 0.000544216949493, 0.00217069592327, 0.000842487148475, 0.00070203980431, 0.000613526965026, 0.000291074917186, 0.000705790414941, 0.000892153882887, 0.000255852093687, 0.00017555236991, 0.000194304870092, 0.000157694026711, 4.03523008572e-05, 0.000107389947516, 8.9618115453e-05, 7.948827988e-05, 0.000159990842803, 0.00011835461919, 3.03115975839e-05, 5.60431508347e-05, 5.8066816564e-05, 8.48199779284e-05, 0.000129243213451, 0.000162758689839, 6.00363164267e-05, 4.08193554904e-05, 2.68393414444e-05, 1.71316460182e-05, 1.92328516277e-05, 2.11792212212e-05, 2.05110682145e-05, 2.36318010138e-05, 1.86315683095e-05, 2.61106360995e-05, 1.84858436114e-05, 2.090718408e-05, 2.76956470771e-05, 2.27435066336e-05, 3.92539841414e-05, 4.15296599385e-05, 8.76725825947e-05, 0.000119166936202, 2.75000948022e-05, 3.88730732084e-05, 3.70186826331e-05, 3.13980926876e-05, 2.17652814172e-05, 1.08580316009e-05, 2.00007252715e-06, 3.01108435963e-08, 9.7596979387e-09, 7.91984078319e-09, 6.58999743663e-09, 5.71564884311e-09, 5.09987430064e-09, 4.57635618289e-09, 4.19803081186e-09, 3.87011844794e-09, 3.5858160885e-09, 3.33839178523e-09, 3.24799587226e-09, 3.11875458792e-09, 2.97842861485e-09, 2.90214319243e-09, 2.86313328601e-09],
        "mean": [5.87984141021e-06, 6.1474609538e-05, 0.000261800480075, 0.000514904910233, 0.000662344624288, 0.000501325645018, 0.000317582977004, 0.000251484889304, 0.000236678693909, 0.00034096185118, 0.000498230801895, 0.000504737021402, 0.000348453264451, 0.000283426401438, 0.000290793861495, 0.000321898172842, 0.000287018832751, 0.000222679896979, 0.000150762934936, 0.000259253458353, 0.000256013154285, 0.000298281549476, 9.92809000309e-05, 0.000168501326698, 0.000152752661961, 9.16131175472e-05, 0.000117563715321, 7.43874916225e-05, 0.000152558088303, 0.000139224852319, 8.14352897578e-05, 0.000134789734147, 0.000133854860906, 5.92622855038e-05, 0.000123417004943, 5.65894151805e-05, 4.13179004681e-05, 8.08945042081e-05, 9.36321084737e-05, 5.42547277291e-05, 3.89051783714e-05, 0.000107003601443, 4.96816865052e-05, 4.0229762817e-05, 0.000105643310235, 8.98468933883e-05, 8.23025620775e-05, 5.2827566833e-05, 7.01242897776e-05, 9.05123306438e-05, 4.26095975854e-05, 4.67083009426e-05, 0.000104924212792, 3.32217896357e-05, 2.04498064704e-05, 4.7356927098e-05, 4.75359884149e-05, 5.93153999944e-05, 3.21074003296e-05, 2.33143819059e-05, 3.91634712287e-05, 2.91021569865e-05, 1.73266562342e-05, 2.40608915192e-05, 3.78998047381e-05, 2.25813673751e-05, 2.62379089691e-05, 2.43392332777e-05, 1.75380591827e-05, 2.53742746281e-05, 1.9848377633e-05, 1.36147473313e-05, 1.1710054423e-05, 1.57096346811e-05, 7.92824175733e-06, 6.79523463987e-06, 1.04450655272e-05, 1.12886164061e-05, 8.42225745146e-06, 8.73312365002e-06, 6.48096602163e-06, 5.32751937499e-06, 7.02713123246e-06, 5.93271442995e-06, 7.62651689001e-06, 9.74935937847e-06, 1.57518061314e-05, 6.59319675833e-06, 3.9520377868e-06, 3.5759005641e-06, 3.41398322234e-06, 2.89907939077e-06, 3.03653246192e-06, 2.7824657991e-06, 2.89630202133e-06, 2.63378547061e-06, 3.25024598169e-06, 2.30758996622e-06, 2.18898230742e-06, 2.50538232649e-06, 2.49118784268e-06, 3.19410446536e-06, 4.13063162341e-06, 8.65276524564e-06, 5.93952063355e-06, 2.7299370231e-06, 3.40778797181e-06, 3.15771194437e-06, 2.54496762864e-06, 2.20700735554e-06, 1.33870742047e-06, 1.86135210356e-07, 6.1283378372e-10, 3.95452386115e-11, 2.43679451617e-11, 2.07329257929e-11, 1.59654199583e-11, 1.40860934028e-11, 1.29069315999e-11, 1.20943081938e-11, 1.13070880783e-11, 1.07602876262e-11, 1.0239370983e-11, 9.95164454315e-12, 9.2467145052e-12, 8.19613127367e-12, 7.63637764134e-12, 7.49290126473e-12],
        "min": [1.25569044791e-24, 2.83517644716e-25, 1.27805840167e-24, 1.65017552914e-24, 8.30319253437e-24, 9.61326803916e-24, 5.47610910984e-24, 1.27234681206e-23, 2.16493345998e-23, 9.05274765612e-24, 8.92875765448e-25, 2.60672361091e-24, 3.72042264576e-24, 1.20909627994e-24, 2.29670896655e-24, 7.2148965956e-24, 9.95477381364e-24, 1.01342972564e-23, 7.7922141939e-24, 1.25710408666e-24, 1.14708808542e-23, 3.49859432812e-23, 2.00735312991e-23, 3.46279992232e-23, 1.70652449469e-23, 8.55041759776e-24, 2.54807121096e-23, 4.2370413417e-23, 1.46404143197e-23, 3.21567374264e-24, 9.55398435327e-24, 1.64971388774e-23, 2.43473998233e-23, 1.15506575687e-23, 1.16536788586e-23, 1.02767418701e-23, 2.10236353733e-23, 3.53886283744e-23, 3.32935463387e-23, 1.90766761722e-23, 9.13354200118e-24, 1.81122037854e-23, 3.367445256e-23, 1.44557451373e-23, 9.26610613199e-24, 1.31644681878e-23, 8.97303010621e-24, 1.00412290246e-23, 4.62034372795e-24, 6.80606548717e-24, 1.03593356069e-23, 1.13922211668e-23, 5.85291522653e-24, 8.72588314005e-24, 1.98383623969e-23, 1.7614416777e-23, 4.11031714817e-24, 1.15455197176e-23, 3.61902467381e-23, 3.19398326264e-23, 1.6926255544e-23, 8.94834901507e-24, 1.88241838845e-23, 1.15533633616e-23, 1.33305265638e-23, 1.06056590022e-23, 5.1236397465e-24, 1.89193315537e-23, 1.21353257729e-23, 5.91964023734e-24, 6.34965817754e-24, 1.0879718747e-23, 1.54648465409e-23, 1.0537949493e-23, 6.78148931453e-24, 5.67551934161e-24, 4.45737808114e-24, 4.20901942463e-24, 5.73616105155e-24, 5.7205037403e-24, 5.33415516766e-24, 1.29569551713e-23, 1.54556326455e-23, 1.93692773037e-23, 1.35895348426e-23, 1.17636429134e-23, 6.86822220447e-24, 6.90764789479e-24, 9.17875004193e-24, 1.4084519817e-23, 1.21970454613e-23, 1.67636208244e-23, 1.41858332231e-23, 7.76088063874e-24, 1.04370415615e-23, 1.28977385386e-23, 5.20587060726e-24, 8.40706027203e-24, 1.41726955336e-23, 1.09454884473e-23, 1.52322098822e-23, 1.06046358496e-23, 1.13679550165e-23, 1.11530661504e-23, 1.53794854801e-23, 1.2946107545e-23, 7.98343565504e-24, 7.13264364674e-24, 5.29742777607e-24, 3.32192561518e-24, 8.9408359038e-24, 1.15537112493e-23, 9.65953630898e-24, 8.0835484148e-24, 1.54086906885e-23, 6.9795809653e-24, 1.03717593773e-23, 8.17311962629e-24, 1.12870068435e-23, 1.18983424907e-23, 1.04312402784e-23, 7.23876042685e-24, 8.61423486727e-24, 1.10116541557e-23, 6.62492330181e-24, 5.8242708982e-24, 6.69761762308e-24, 8.11085877934e-24],
        "stdev": [9.3674116215e-06, 0.000113704307296, 0.00055387429893, 0.00101278175134, 0.00109527062159, 0.000819470209535, 0.000446932157502, 0.000354980293196, 0.000280585198198, 0.000481544673676, 0.000751489365939, 0.000810596335214, 0.000671261339448, 0.000359030178515, 0.000396186980652, 0.000520799367223, 0.000378057738999, 0.000278948544292, 0.000232287522522, 0.000506709329784, 0.000536579696927, 0.000790747231804, 0.000220680478378, 0.000366176274838, 0.000266438553808, 0.000184691016329, 0.000239750326728, 0.000107785992441, 0.000265060371021, 0.000261221139226, 0.000157811926329, 0.000504319032189, 0.000347359658917, 0.000150362684508, 0.000281888467725, 9.96649032459e-05, 6.9832749432e-05, 0.00012670995784, 0.000155226356583, 8.18075059215e-05, 6.49240901112e-05, 0.000205661883228, 7.5886506238e-05, 6.17268597125e-05, 0.000156152789714, 0.000203332441743, 0.000194646316231, 9.43019040278e-05, 0.000164139608387, 0.000211849444895, 7.24760102457e-05, 0.000102723024611, 0.000359643046977, 5.41935005458e-05, 2.68951953331e-05, 6.96345960023e-05, 6.39342688373e-05, 0.000112791844003, 6.32323281025e-05, 3.97782678192e-05, 6.92119356245e-05, 5.16459876962e-05, 2.90131611109e-05, 4.33864443039e-05, 0.000140230709803, 4.8391524615e-05, 6.20124337729e-05, 5.55060396437e-05, 3.36048688041e-05, 5.39071152161e-05, 6.27052286291e-05, 2.35763527598e-05, 1.55160560098e-05, 2.42071073444e-05, 1.1163583622e-05, 6.79345112076e-06, 1.23349727801e-05, 1.30647122205e-05, 1.02259682535e-05, 1.31307069751e-05, 8.77249749465e-06, 4.88581054015e-06, 7.84950134403e-06, 6.6753932515e-06, 9.42938822845e-06, 1.52152906594e-05, 2.40674908127e-05, 8.13231326902e-06, 4.25596954301e-06, 3.69680878975e-06, 3.23274866787e-06, 3.0907551718e-06, 3.36223820341e-06, 2.85657210952e-06, 3.40413339472e-06, 2.65771882368e-06, 3.78038589588e-06, 2.6963948585e-06, 2.48949868364e-06, 3.43744591191e-06, 3.21884635923e-06, 4.76703007735e-06, 6.517680049e-06, 1.67526395671e-05, 1.23399968288e-05, 3.97458279622e-06, 5.82131860938e-06, 5.65807340536e-06, 4.31388616562e-06, 3.59887189916e-06, 2.04039747587e-06, 3.43690430782e-07, 2.26337326659e-09, 4.29350055509e-10, 3.38724520654e-10, 2.825506773e-10, 2.43367409558e-10, 2.17111523204e-10, 1.94815816257e-10, 1.78704925857e-10, 1.64743774178e-10, 1.52634127559e-10, 1.42097195122e-10, 1.38251313175e-10, 1.32765035077e-10, 1.26821275703e-10, 1.23589666279e-10, 1.21930882058e-10]
    },
    "mfcc": {
        "mean": [-592.692565918, 75.9150695801, -12.0606250763, 12.1794834137, -1.87892687321, -1.09625720978, -7.20968484879, -2.661008358, -3.93938398361, -1.99325835705, -2.49699783325, -4.31562995911, -0.417992383242],
        "cov": [[3015.40112305, 320.486114502, 208.432296753, 142.556350708, 146.695632935, 68.6018676758, 49.6101608276, 11.0644636154, 14.5257968903, 10.6883029938, 39.6813812256, -15.4799461365, 31.1857566833], [320.486114502, 816.762817383, 152.181930542, 205.868682861, 96.1370162964, 16.4181976318, -27.5236911774, -16.5570011139, -21.128326416, 0.919684529305, 20.5766887665, 75.5124053955, 43.6237068176], [208.432296753, 152.181930542, 446.32232666, 186.495132446, 101.936569214, 53.6853370667, 22.8157730103, 19.4637298584, -10.6898765564, -22.7665576935, 25.9551925659, -14.6965141296, 21.0854034424], [142.556350708, 205.868682861, 186.495132446, 218.943435669, 93.8007888794, 29.7061214447, 24.8195362091, 5.65362548828, -9.44818115234, 3.66457891464, 19.0699672699, 4.57801151276, 19.0270328522], [146.695632935, 96.1370162964, 101.936569214, 93.8007888794, 115.940582275, 35.2074050903, 26.4674606323, 1.97751522064, 4.69020318985, 7.96414899826, 14.1038208008, 12.6511087418, 19.0427875519], [68.6018676758, 16.4181976318, 53.6853370667, 29.7061214447, 35.2074050903, 68.3752441406, 21.3238582611, 9.37152671814, 8.6901550293, 0.551027059555, 5.61427783966, -2.26942753792, 8.88896083832], [49.6101608276, -27.5236911774, 22.8157730103, 24.8195362091, 26.4674606323, 21.3238582611, 74.694152832, 20.6735038757, 8.22001743317, 6.33975172043, 3.94974803925, -0.519860029221, 2.13604044914], [11.0644636154, -16.5570011139, 19.4637298584, 5.65362548828, 1.97751522064, 9.37152671814, 20.6735038757, 50.1201477051, 21.0364646912, -1.23502767086, 5.91839122772, -1.59468781948, 3.76575446129], [14.5257968903, -21.128326416, -10.6898765564, -9.44818115234, 4.69020318985, 8.6901550293, 8.22001743317, 21.0364646912, 50.2089385986, 20.8824481964, 1.28158211708, -0.972654223442, 8.55321788788], [10.6883029938, 0.919684529305, -22.7665576935, 3.66457891464, 7.96414899826, 0.551027059555, 6.33975172043, -1.23502767086, 20.8824481964, 49.8900260925, 19.2740058899, -1.942517519, -1.28287625313], [39.6813812256, 20.5766887665, 25.9551925659, 19.0699672699, 14.1038208008, 5.61427783966, 3.94974803925, 5.91839122772, 1.28158211708, 19.2740058899, 51.6257629395, 17.986700058, -2.44405937195], [-15.4799461365, 75.5124053955, -14.6965141296, 4.57801151276, 12.6511087418, -2.26942753792, -0.519860029221, -1.59468781948, -0.972654223442, -1.942517519, 17.986700058, 59.934211731, 18.1335945129], [31.1857566833, 43.6237068176, 21.0854034424, 19.0270328522, 19.0427875519, 8.88896083832, 2.13604044914, 3.76575446129, 8.55321788788, -1.28287625313, -2.44405937195, 18.1335945129, 65.0032043457]],
        "icov": [[0.000377850956284, -0.000185130877071, -2.52489226114e-05, 0.000158847891726, -0.000362384074833, -4.69596052426e-05, -0.000230343677686, 0.000144237914355, -0.000214319123188, 0.000277073733741, -0.000460494164145, 0.000571043754462, -0.000126492086565], [-0.000185130877071, 0.00213201832958, -9.86513405223e-05, -0.0019858868327, 5.52498968318e-05, -0.000204875410418, 0.0016190262977, -0.000266260525677, 0.000805279240012, -0.00114547193516, 0.00147816888057, -0.00309766666032, 3.65098167094e-05], [-2.52489226114e-05, -9.86513405223e-05, 0.00435649650171, -0.00273386063054, -0.00132010679226, -0.00107971113175, 0.000407543149777, -0.000504288997035, -0.000502410635818, 0.00385097321123, -0.00308831036091, 0.00289826258086, -0.000766918295994], [0.000158847891726, -0.0019858868327, -0.00273386063054, 0.0111709460616, -0.00501670688391, 0.000889071903657, -0.00199022656307, -0.000905133667402, 0.00256426865235, -0.00168132863473, -0.000921540369745, 0.00257133296691, -0.000783162366133], [-0.000362384074833, 5.52498968318e-05, -0.00132010679226, -0.00501670688391, 0.0169700086117, -0.00445127254352, -0.0029439558275, 0.0031912131235, -0.00183846207801, -0.00195416226052, 0.000482325092889, -0.00367902172729, -0.00116961018648], [-4.69596052426e-05, -0.000204875410418, -0.00107971113175, 0.000889071903657, -0.00445127254352, 0.0194712132215, -0.00376427057199, 0.000325382774463, -0.00345338694751, 0.0028404048644, -0.00229475111701, 0.00269360141829, -0.00133099558298], [-0.000230343677686, 0.0016190262977, 0.000407543149777, -0.00199022656307, -0.0029439558275, -0.00376427057199, 0.0189150236547, -0.00847462937236, 0.00342698954046, -0.00462625734508, 0.00351228588261, -0.00291867367923, 0.00112495501526], [0.000144237914355, -0.000266260525677, -0.000504288997035, -0.000905133667402, 0.0031912131235, 0.000325382774463, -0.00847462937236, 0.0322269611061, -0.0174356140196, 0.0118959806859, -0.00858088769019, 0.00334783038124, -0.000757425092161], [-0.000214319123188, 0.000805279240012, -0.000502410635818, 0.00256426865235, -0.00183846207801, -0.00345338694751, 0.00342698954046, -0.0174356140196, 0.0368165262043, -0.0202172100544, 0.00949651561677, -0.00356316706166, -0.0030092485249], [0.000277073733741, -0.00114547193516, 0.00385097321123, -0.00168132863473, -0.00195416226052, 0.0028404048644, -0.00462625734508, 0.0118959806859, -0.0202172100544, 0.0395571514964, -0.0198137704283, 0.0104980710894, -0.00070697022602], [-0.000460494164145, 0.00147816888057, -0.00308831036091, -0.000921540369745, 0.000482325092889, -0.00229475111701, 0.00351228588261, -0.00858088769019, 0.00949651561677, -0.0198137704283, 0.0346478708088, -0.0154628837481, 0.00503035355359], [0.000571043754462, -0.00309766666032, 0.00289826258086, 0.00257133296691, -0.00367902172729, 0.00269360141829, -0.00291867367923, 0.00334783038124, -0.00356316706166, 0.0104980710894, -0.0154628837481, 0.0293440185487, -0.0073677948676], [-0.000126492086565, 3.65098167094e-05, -0.000766918295994, -0.000783162366133, -0.00116961018648, -0.00133099558298, 0.00112495501526, -0.000757425092161, -0.0030092485249, -0.00070697022602, 0.00503035355359, -0.0073677948676, 0.0190561078489]]
    },
    "spectral_contrast_coeffs": {
        "max": [-0.484037458897, -0.605609893799, -0.530234992504, -0.580921292305, -0.582946479321, -0.647612810135],
        "mean": [-0.721631169319, -0.772356629372, -0.762571871281, -0.76856803894, -0.764225184917, -0.743845283985],
        "min": [-0.966603398323, -0.959381937981, -0.969403743744, -0.960260510445, -0.962002933025, -0.957894265652],
        "stdev": [0.0585650913417, 0.0549406707287, 0.0598235689104, 0.0500827990472, 0.0508730299771, 0.0321772433817]
    },
    "spectral_contrast_valleys": {
        "max": [-5.49694061279, -5.11632156372, -5.71328258514, -5.63732624054, -5.95785856247, -8.07709312439],
        "mean": [-7.03434276581, -6.49847602844, -7.10833072662, -7.12480354309, -7.03146696091, -9.43680095673],
        "min": [-27.0877304077, -26.9884929657, -27.1766662598, -27.3551464081, -27.2268600464, -27.2392368317],
        "stdev": [1.34158492088, 1.12158501148, 1.07982623577, 1.08436274529, 1.03802096844, 1.06800115108]
    }
},
"rhythm": {
    "beats_count": 38,
    "beats_loudness": {
        "max": 0.068297021091,
        "mean": 0.0251734182239,
        "min": 0.00614970270544,
        "stdev": 0.0113545767963
    },
    "bpm": 184.570281982,
    "bpm_histogram_first_peak_bpm": 185,
    "bpm_histogram_first_peak_weight": 0,
    "bpm_histogram_second_peak_bpm": 191,
    "bpm_histogram_second_peak_spread": 0,
    "bpm_histogram_second_peak_weight": 0.108108110726,
    "danceability": 1.16165101528,
    "onset_rate": 3.91869020462,
    "beats_loudness_band_ratio": {
        "max": [0.483522951603, 0.438962221146, 0.535544097424, 0.420873850584, 0.611495196819, 0.519201278687],
        "mean": [0.129814073443, 0.141210585833, 0.156560465693, 0.163788855076, 0.198142066598, 0.243288114667],
        "min": [0.000578313600272, 0.00826735887676, 0.0217009373009, 0.0402447655797, 0.0620399042964, 0.0366897322237],
        "stdev": [0.104944191873, 0.0873554646969, 0.106995530427, 0.0907570123672, 0.115926325321, 0.12820571661]
    },
    "beats_position": [0.359909296036, 0.743038535118, 1.05650794506, 1.38158726692, 1.71827661991, 2.04335594177, 2.36843538284, 2.69351458549, 3.01859402657, 3.33206343651, 3.64553284645, 3.97061228752, 4.29569149017, 4.62077093124, 4.93424034119, 5.25931978226, 5.59600877762, 5.92108821869, 6.24616765976, 6.57124710083, 6.8963265419, 7.22140598297, 7.5464849472, 7.87156438828, 8.19664382935, 8.52172279358, 8.84680271149, 9.17188167572, 9.49696159363, 9.82204055786, 10.1471195221, 10.47219944, 10.7972784042, 11.1223583221, 11.4474372864, 11.7725172043, 12.0975961685, 12.4226751328],
