{
"metadata": {
    "version": {
        "essentia": "2.1-beta5",
        "essentia_git_sha": "Undefined",
        "extractor": "music 2.0"
    },
    "audio_properties": {
        "analysis": {
            "equal_loudness": 0,
            "length": 61.5096588135,
            "sample_rate": 44100,
            "start_time": 32.4963264465,
            "downmix": "mix"
        },
        "bit_rate": 192000,
        "length": 304.529693604,
        "lossless": 0,
        "number_channels": 1,
        "replay_gain": -0.89115524292,
        "sample_rate": 48000,
        "codec": "mp3",
        "md5_encoded": "92d3e069a6ca0bb3c122f9428b21df44"
    },
    "tags": {
        "file_name": "Portugal_Conquistador_Da Vinci.mp3",
        "encoding": ["Lavf58.29.100"]
    }
},
"lowlevel": {
    "average_loudness": 0.682521820068,
    "barkbands_crest": {
        "max": 24.1980018616,
        "mean": 10.0088615417,
        "min": 2.73573493958,
        "stdev": 3.81290411949
    },
    "barkbands_flatness_db": {
        "max": 0.415675222874,
        "mean": 0.210211843252,
        "min": 0.0919140130281,
        "stdev": 0.0506027266383
    },
    "barkbands_kurtosis": {
        "max": 73.9521179199,
        "mean": 4.07877969742,
        "min": -1.7932933569,
        "stdev": 5.43237352371
    },
    "barkbands_skewness": {
        "max": 7.03899478912,
        "mean": 1.52282202244,
        "min": -2.55900168419,
        "stdev": 0.980377793312
    },
    "barkbands_spread": {
        "max": 67.981880188,
        "mean": 13.9112482071,
        "min": 1.01231300831,
        "stdev": 9.13741207123
    },
    "dissonance": {
        "max": 0.5,
        "mean": 0.444952726364,
        "min": 0.187215104699,
        "stdev": 0.0425096303225
    },
    "dynamic_complexity": 6.30662727356,
    "erbbands_crest": {
        "max": 30.1598529816,
        "mean": 10.0773563385,
        "min": 2.74330711365,
        "stdev": 4.15997123718
    },
    "erbbands_flatness_db": {
        "max": 0.452125072479,
        "mean": 0.260172575712,
        "min": 0.144860163331,
        "stdev": 0.0447939932346
    },
    "erbbands_kurtosis": {
        "max": 21.8501682281,
        "mean": 1.10157060623,
        "min": -1.84299397469,
        "stdev": 2.98882579803
    },
    "erbbands_skewness": {
        "max": 3.90309596062,
        "mean": 0.704711854458,
        "min": -3.27980899811,
        "stdev": 0.875380754471
    },
    "erbbands_spread": {
        "max": 86.1598510742,
        "mean": 28.4467945099,
        "min": 2.30565714836,
        "stdev": 12.8635816574
    },
    "hfc": {
        "max": 81.9777603149,
        "mean": 8.66449069977,
        "min": 0.0927564352751,
        "stdev": 13.3612642288
    },
    "loudness_ebu128": {
        "integrated": -29.3639335632,
        "loudness_range": 6.2309589386,
        "momentary": {
            "max": -23.1962451935,
            "mean": -32.1741676331,
            "min": -48.3807525635,
            "stdev": 5.18196105957
        },
        "short_term": {
            "max": -26.2625522614,
            "mean": -30.0096988678,
            "min": -36.2593307495,
            "stdev": 2.21720027924
        }
    },
    "melbands_crest": {
        "max": 31.8616123199,
        "mean": 12.4378356934,
        "min": 3.32564139366,
        "stdev": 4.41660451889
    },
    "melbands_flatness_db": {
        "max": 0.460685521364,
        "mean": 0.249180614948,
        "min": 0.0941078290343,
        "stdev": 0.059608604759
    },
    "melbands_kurtosis": {
        "max": 99.8367156982,
        "mean": 8.41327285767,
        "min": -1.85109305382,
        "stdev": 8.25937747955
    },
    "melbands_skewness": {
        "max": 7.59911775589,
        "mean": 2.05624485016,
        "min": -1.14923810959,
        "stdev": 1.06802904606
    },
    "melbands_spread": {
        "max": 166.231369019,
        "mean": 18.9812545776,
        "min": 1.73611223698,
        "stdev": 19.0124702454
    },
    "pitch_salience": {
        "max": 0.882428109646,
        "mean": 0.627838373184,
        "min": 0.260591000319,
        "stdev": 0.11086448282
    },
    "silence_rate_20dB": {
        "max": 1,
        "mean": 1,
        "min": 1,
        "stdev": 0
    },
    "silence_rate_30dB": {
        "max": 1,
        "mean": 0.999622642994,
        "min": 0,
        "stdev": 0.0194215569645
    },
    "silence_rate_60dB": {
        "max": 1,
        "mean": 0.481132090092,
        "min": 0,
        "stdev": 0.499645233154
    },
    "spectral_centroid": {
        "max": 4669.46337891,
        "mean": 1147.88183594,
        "min": 291.457580566,
        "stdev": 644.921142578
    },
    "spectral_complexity": {
        "max": 39,
        "mean": 9.90867900848,
        "min": 0,
        "stdev": 6.7517080307
    },
    "spectral_decrease": {
        "max": -2.06578799206e-11,
        "mean": -2.93906277093e-09,
        "min": -3.08691952e-08,
        "stdev": 4.69426053584e-09
    },
    "spectral_energy": {
        "max": 0.123702354729,
        "mean": 0.0118785789236,
        "min": 8.65860420163e-05,
        "stdev": 0.0188423842192
    },
    "spectral_energyband_high": {
        "max": 0.00696627981961,
        "mean": 0.000130392858409,
        "min": 2.17988235818e-06,
        "stdev": 0.000465947989142
    },
    "spectral_energyband_low": {
        "max": 0.00683220895007,
        "mean": 0.0002744619851,
        "min": 5.33100887878e-07,
        "stdev": 0.000524472212419
    },
    "spectral_energyband_middle_high": {
        "max": 0.0582254603505,
        "mean": 0.00220647500828,
        "min": 1.52063885253e-05,
        "stdev": 0.00417868373916
    },
    "spectral_energyband_middle_low": {
        "max": 0.114351429045,
        "mean": 0.00949384830892,
        "min": 4.96434040542e-05,
        "stdev": 0.0159693453461
    },
    "spectral_entropy": {
        "max": 8.10562419891,
        "mean": 7.13773012161,
        "min": 5.23488712311,
        "stdev": 0.406619518995
    },
    "spectral_flux": {
        "max": 0.313015729189,
        "mean": 0.0551251396537,
        "min": 0.00498250871897,
        "stdev": 0.0526660494506
    },
    "spectral_kurtosis": {
        "max": 64.8596496582,
        "mean": 5.92465305328,
        "min": -0.999067306519,
        "stdev": 6.52116918564
    },
    "spectral_rms": {
        "max": 0.0109856827185,
        "mean": 0.00265451776795,
        "min": 0.00029064444243,
        "stdev": 0.002131289104
    },
    "spectral_rolloff": {
        "max": 7730.41992188,
        "mean": 1305.05859375,
        "min": 236.865234375,
        "stdev": 1025.45178223
    },
    "spectral_skewness": {
        "max": 6.26399040222,
        "mean": 1.41659331322,
        "min": -0.74269592762,
        "stdev": 0.776075184345
    },
    "spectral_spread": {
        "max": 19369988,
        "mean": 2761357,
        "min": 1147330,
        "stdev": 669040.0625
    },
    "spectral_strongpeak": {
        "max": 8.36333656311,
        "mean": 0.834387779236,
        "min": 0.00558885280043,
        "stdev": 0.990618884563
    },
    "zerocrossingrate": {
        "max": 0.25,
        "mean": 0.0499067641795,
        "min": 0.0107421875,
        "stdev": 0.0274208690971
    },
    "barkbands": {
        "max": [1.66048848769e-05, 0.00179814756848, 0.00554441660643, 0.00695293396711, 0.037660703063, 0.100649632514, 0.0715147703886, 0.0783505067229, 0.0623128563166, 0.0568508170545, 0.0476264469326, 0.016658032313, 0.0158597175032, 0.0138048566878, 0.00788424815983, 0.00971852522343, 0.00894322432578, 0.00329405558296, 0.0105706574395, 0.00388339720666, 0.00294076278806, 0.00283331936225, 0.001284948783, 0.000139814350405, 7.79707420406e-07, 7.59459680921e-07, 8.06723846836e-07],
        "mean": [4.2876880002e-07, 3.1525567465e-05, 0.000132814093377, 0.000245691393502, 0.00128625484649, 0.00164655467961, 0.00225043599494, 0.00180898688268, 0.00198102043942, 0.000565598485991, 0.000323130487232, 0.000268642150331, 0.000287504197331, 0.000195004671696, 0.000134592308314, 0.000206725148018, 0.000129579333588, 4.60243718408e-05, 0.000138920149766, 0.000100916367956, 4.93773040944e-05, 3.36751509167e-05, 1.25614315039e-05, 2.62753223979e-06, 1.1550799206e-09, 1.28517885223e-09, 1.38948774708e-09],
        "min": [5.99321814398e-10, 2.68172719586e-08, 2.67600874793e-08, 1.0027227404e-07, 2.18130412577e-06, 2.04778257284e-06, 1.73196747255e-06, 5.03757178194e-07, 1.23279528452e-06, 5.80951507345e-07, 4.06253207075e-07, 5.47131207895e-07, 5.68214886698e-07, 4.53579986015e-07, 2.41450294425e-07, 4.0827140424e-07, 6.14801706433e-07, 3.4398468074e-07, 5.62119623737e-07, 4.3982919351e-07, 2.5099444656e-07, 2.12783447751e-07, 6.03688876666e-09, 3.36933175804e-10, 1.84166293327e-10, 2.95267310602e-10, 3.09756692518e-10],
        "stdev": [8.16198621578e-07, 9.71816552919e-05, 0.000323909771396, 0.000478204136016, 0.0025514268782, 0.00471013784409, 0.00616790680215, 0.00542742619291, 0.00601794617251, 0.00224021845497, 0.00161458773073, 0.000940094003454, 0.000984512502328, 0.000781971844845, 0.000497149419971, 0.000690417888109, 0.000366020860383, 0.000124509766465, 0.000454201828688, 0.000285081245238, 0.000214088329813, 0.000163708653417, 6.47426422802e-05, 8.55263806443e-06, 1.63055560165e-08, 1.58695794283e-08, 1.68450746685e-08]
    },
    "erbbands": {
        "max": [0.017983853817, 0.599001705647, 4.65095329285, 9.91279506683, 45.2465820312, 130.100463867, 435.180053711, 1158.05895996, 1137.9888916, 1265.74499512, 1368.08166504, 1596.0012207, 2407.39624023, 1197.96508789, 886.05456543, 498.95098877, 704.280273438, 486.681304932, 543.178955078, 370.685516357, 444.382598877, 443.468444824, 126.709251404, 360.669616699, 490.549072266, 154.735916138, 115.638130188, 164.848464966, 111.890144348, 94.2315216064, 29.9187870026, 7.28696346283, 0.330987811089, 0.0124108791351, 0.00546463113278, 0.00302261137404, 0.00140386680141, 0.000501122965943, 0.000114943417429, 0.000141896336572],
        "mean": [0.000345091248164, 0.0109013430774, 0.118204623461, 0.543206870556, 1.78349220753, 4.91023254395, 8.6795463562, 15.2756261826, 29.1794109344, 36.8602600098, 40.9031867981, 45.645652771, 27.1497497559, 13.4856204987, 12.6769771576, 11.2411632538, 13.5406455994, 10.6142759323, 7.89587116241, 8.14537525177, 11.7554521561, 6.64606285095, 2.82296013832, 4.52125263214, 8.01351165771, 4.60291147232, 2.22694087029, 1.85219419003, 1.20513963699, 0.737114906311, 0.323318481445, 0.133003473282, 0.00651050638407, 0.000265522714471, 4.34416142525e-05, 1.75532059075e-05, 8.44267287903e-06, 2.76305217994e-06, 6.55776420899e-06, 1.39491894515e-05],
        "min": [2.3699533358e-06, 2.34421695495e-05, 0.000188308156794, 0.000401050929213, 0.00374282849953, 0.00870480947196, 0.0233206041157, 0.0191503800452, 0.0278742425144, 0.0328339114785, 0.0587434843183, 0.0540701001883, 0.0284988489002, 0.0327206030488, 0.0395546853542, 0.0219227168709, 0.0304796677083, 0.0358286984265, 0.0303312893957, 0.0324125550687, 0.0379881151021, 0.0376679524779, 0.0308138690889, 0.0362807586789, 0.0240979809314, 0.0250017214566, 0.0191488489509, 0.016150245443, 0.00742832571268, 0.00936969276518, 0.0018019360723, 0.000135163732921, 1.66781501321e-05, 6.58153612676e-06, 2.99233511214e-06, 1.76807293428e-06, 7.98373605448e-07, 3.27480648821e-07, 1.5600802783e-07, 1.21724397673e-07],
        "stdev": [0.000891912146471, 0.0311825443059, 0.280653744936, 0.960483133793, 3.35759210587, 10.6357622147, 23.0325641632, 48.720489502, 82.4865722656, 101.975868225, 112.597694397, 135.539871216, 104.846832275, 47.2348480225, 41.9781112671, 34.4899139404, 44.9914741516, 37.2429504395, 29.6692752838, 26.7192020416, 35.9894790649, 18.6482887268, 6.66792964935, 15.1524410248, 23.9005680084, 12.5068826675, 7.6938252449, 8.9904756546, 5.86041116714, 3.96659731865, 1.65146279335, 0.46126127243, 0.0209479704499, 0.000847969262395, 0.000149836545461, 6.776698865e-05, 3.09330062009e-05, 1.09856828203e-05, 9.91405067907e-06, 2.17277320189e-05]
    },
    "gfcc": {
        "mean": [-143.281890869, 157.573699951, -184.320480347, 30.9489974976, -82.7827453613, -29.620552063, -20.9220275879, -32.872177124, 1.51847600937, -28.1687412262, -2.10447216034, -14.7073802948, -11.4600687027],
        "cov": [[3740.54370117, 184.141815186, -304.419555664, -276.862548828, 59.2762908936, -339.751464844, 82.7434692383, 38.0583190918, 27.1420555115, 29.0156097412, 76.0594329834, -239.578216553, 12.2235937119], [184.141815186, 643.349731445, 166.01902771, -354.005767822, 154.543045044, -134.503860474, 65.2329177856, 18.8813991547, -15.9846992493, -37.4596176147, 20.8503627777, -29.8156051636, -23.8359775543], [-304.419555664, 166.01902771, 331.716064453, 18.3778991699, -29.6183795929, 12.5542078018, -5.63782930374, 3.50482082367, -10.4125080109, -30.2337055206, -4.50566339493, 13.5786914825, 13.9570608139], [-276.862548828, -354.005767822, 18.3778991699, 583.074768066, 16.0985183716, 76.3574676514, -92.1132049561, -70.4100723267, 11.505074501, 39.3782310486, -23.7517776489, 28.8022899628, 30.1303825378], [59.2762908936, 154.543045044, -29.6183795929, 16.0985183716, 218.147384644, -22.8959293365, -32.0845375061, -11.1124811172, -1.34944427013, 6.16335916519, -5.1418428421, -13.566824913, -10.9831752777], [-339.751464844, -134.503860474, 12.5542078018, 76.3574676514, -22.8959293365, 253.292816162, 39.1289634705, 9.63127994537, 4.16411876678, -6.36821222305, -2.20509839058, 13.4618682861, -10.1409416199], [82.7434692383, 65.2329177856, -5.63782930374, -92.1132049561, -32.0845375061, 39.1289634705, 183.179199219, 60.1224441528, -18.5461044312, -1.22669506073, -10.0329971313, 12.9632911682, -19.267080307], [38.0583190918, 18.8813991547, 3.50482082367, -70.4100723267, -11.1124811172, 9.63127994537, 60.1224441528, 114.486091614, 24.9194335938, -19.8299674988, 10.459944725, -8.46557617188, -11.186914444], [27.1420555115, -15.9846992493, -10.4125080109, 11.505074501, -1.34944427013, 4.16411876678, -18.5461044312, 24.9194335938, 88.8975524902, 39.475528717, -10.0466327667, 0.51922005415, 6.87329816818], [29.0156097412, -37.4596176147, -30.2337055206, 39.3782310486, 6.16335916519, -6.36821222305, -1.22669506073, -19.8299674988, 39.475528717, 108.184051514, 31.1147918701, -6.21795320511, 2.42834496498], [76.0594329834, 20.8503627777, -4.50566339493, -23.7517776489, -5.1418428421, -2.20509839058, -10.0329971313, 10.459944725, -10.0466327667, 31.1147918701, 98.5894317627, 13.5791597366, -5.64839601517], [-239.578216553, -29.8156051636, 13.5786914825, 28.8022899628, -13.566824913, 13.4618682861, 12.9632911682, -8.46557617188, 0.51922005415, -6.21795320511, 13.5791597366, 102.048034668, 26.0823154449], [12.2235937119, -23.8359775543, 13.9570608139, 30.1303825378, -10.9831752777, -10.1409416199, -19.267080307, -11.186914444, 6.87329816818, 2.42834496498, -5.64839601517, 26.0823154449, 71.1195907593]],
        "icov": [[0.000610967399552, 0.00087807723321, -4.68978796562e-05, 0.000323165528243, -0.000933185801841, 0.00125541025773, -0.00212965416722, 0.0019256954547, -0.00227199611254, 0.00213432614692, -0.00233533163555, 0.00248736608773, -0.00112856074702], [0.00087807723321, 0.0116296550259, -0.0065655708313, 0.0055811391212, -0.0104567687958, 0.00622777920216, -0.0112663879991, 0.0114114247262, -0.0114011373371, 0.0105177350342, -0.0105059621856, 0.00757900625467, -0.00218444387428], [-4.68978796562e-05, -0.0065655708313, 0.00724840164185, -0.00335852755234, 0.00616508955136, -0.00295976339839, 0.00542315468192, -0.00566518865526, 0.00534828566015, -0.00393155403435, 0.00452951435, -0.00284725194797, -6.26004912192e-05], [0.000323165528243, 0.0055811391212, -0.00335852755234, 0.00500660669059, -0.00502467295155, 0.0018982894253, -0.00353167741559, 0.00511513277888, -0.0040748976171, 0.0029511381872, -0.00322419777513, 0.00229033990763, -0.00110743637197], [-0.000933185801841, -0.0104567687958, 0.00616508955136, -0.00502467295155, 0.014357724227, -0.00552455941215, 0.0116935903206, -0.0110968882218, 0.0115446532145, -0.0106609473005, 0.0107381083071, -0.00738050881773, 0.00323443114758], [0.00125541025773, 0.00622777920216, -0.00295976339839, 0.0018982894253, -0.00552455941215, 0.0090601304546, -0.00965381972492, 0.00839515309781, -0.00965774711221, 0.00907301250845, -0.00881661102176, 0.00685274740681, -0.00179778994061], [-0.00212965416722, -0.0112663879991, 0.00542315468192, -0.00353167741559, 0.0116935903206, -0.00965381972492, 0.0253154449165, -0.0220629349351, 0.0228824038059, -0.020761243999, 0.0202198550105, -0.0160518642515, 0.00682928599417], [0.0019256954547, 0.0114114247262, -0.00566518865526, 0.00511513277888, -0.0110968882218, 0.00839515309781, -0.0220629349351, 0.0318858250976, -0.0266161970794, 0.0236269179732, -0.0215451791883, 0.015682965517, -0.00473700184375], [-0.00227199611254, -0.0114011373371, 0.00534828566015, -0.0040748976171, 0.0115446532145, -0.00965774711221, 0.0228824038059, -0.0266161970794, 0.0391291491687, -0.0286641363055, 0.0246385131031, -0.0170531850308, 0.00507235201076], [0.00213432614692, 0.0105177350342, -0.00393155403435, 0.0029511381872, -0.0106609473005, 0.00907301250845, -0.020761243999, 0.0236269179732, -0.0286641363055, 0.0340248607099, -0.0246362574399, 0.0168121941388, -0.00609503313899], [-0.00233533163555, -0.0105059621856, 0.00452951435, -0.00322419777513, 0.0107381083071, -0.00881661102176, 0.0202198550105, -0.0215451791883, 0.0246385131031, -0.0246362574399, 0.0314424857497, -0.0176837518811, 0.0072897975333], [0.00248736608773, 0.00757900625467, -0.00284725194797, 0.00229033990763, -0.00738050881773, 0.00685274740681, -0.0160518642515, 0.015682965517, -0.0170531850308, 0.0168121941388, -0.0176837518811, 0.0250225458294, -0.00985048804432], [-0.00112856074702, -0.00218444387428, -6.26004912192e-05, -0.00110743637197, 0.00323443114758, -0.00179778994061, 0.00682928599417, -0.00473700184375, 0.00507235201076, -0.00609503313899, 0.0072897975333, -0.00985048804432, 0.019261714071]]
    },
    "melbands": {
        "max": [0.00031950842822, 0.00177771609742, 0.00269914418459, 0.00546966446564, 0.0129902688786, 0.0229397937655, 0.0159632582217, 0.0139160035178, 0.0122387399897, 0.0113500328735, 0.0116051370278, 0.00441314792261, 0.00526838656515, 0.00205207406543, 0.00200315401889, 0.00151665031444, 0.000964049075264, 0.000989825231954, 0.000598978018388, 0.000659422541503, 0.000592658936512, 0.00066267803777, 0.000192750914721, 0.000137229944812, 0.000307614915073, 0.000451421714388, 0.000197725108592, 7.82688657637e-05, 7.54152497393e-05, 9.55443028943e-05, 0.000114961643703, 7.76221349952e-05, 5.67527677049e-05, 4.64223303425e-05, 1.89455222426e-05, 8.99928272702e-06, 2.84594989353e-06, 6.31923882111e-08, 8.21351076041e-09, 7.21371229417e-09],
        "mean": [5.62283457839e-06, 4.91610226163e-05, 0.000124383004731, 0.00023737315496, 0.000298795144772, 0.000345374923199, 0.000454482593341, 0.000403606158216, 0.00034536482417, 0.000276833772659, 0.000128417494125, 5.30243814865e-05, 4.38683891844e-05, 3.0998235161e-05, 3.209874194e-05, 2.5685856599e-05, 1.9181132302e-05, 1.3054079318e-05, 9.83680456557e-06, 1.24848002088e-05, 1.42723374665e-05, 7.72743260313e-06, 3.24824827658e-06, 2.31340209211e-06, 3.50079085365e-06, 6.2025810621e-06, 5.16120690008e-06, 2.4720827696e-06, 1.3797525753e-06, 1.21834671063e-06, 1.02959711512e-06, 7.28520490156e-07, 5.4012042483e-07, 3.38437388336e-07, 1.93030359696e-07, 1.268263361e-07, 5.74363667738e-08, 4.02442745795e-10, 1.09214651212e-11, 1.05231483249e-11],
        "min": [5.94852966884e-09, 7.21309660889e-08, 2.15867743236e-07, 6.66395067128e-07, 5.9378851347e-07, 3.56824244818e-07, 3.04663387851e-07, 2.26046040552e-07, 3.60774436103e-07, 2.94081530683e-07, 1.20329360698e-07, 1.23349551018e-07, 7.26052959976e-08, 7.06539040607e-08, 6.62947314822e-08, 2.77686282857e-08, 4.2121158117e-08, 3.57106060278e-08, 9.14618336623e-09, 3.41946915228e-08, 2.92498718579e-08, 3.78205342599e-08, 2.16457269886e-08, 1.92474729488e-08, 2.31967405284e-08, 1.70461689208e-08, 7.57100426796e-09, 1.11648112977e-08, 1.00347499199e-08, 2.55554621909e-09, 9.49397852001e-11, 2.56915755337e-09, 3.35268679486e-09, 4.03489242018e-10, 9.37491837633e-12, 4.40416540043e-12, 3.85068582923e-12, 1.26048878366e-12, 1.04220386661e-12, 1.33079062093e-12],
        "stdev": [1.66211848409e-05, 0.000109217398858, 0.000199290821911, 0.000442373973783, 0.000729425868485, 0.00103830324952, 0.00124643964227, 0.00114250055049, 0.000972360663582, 0.000840038876049, 0.000515070045367, 0.000183366631973, 0.000183060168638, 0.00010215225484, 0.000115638329589, 8.90774535947e-05, 7.4082025094e-05, 5.44709000678e-05, 3.69428562408e-05, 4.4427200919e-05, 4.38815477537e-05, 2.43780905294e-05, 9.77925355983e-06, 5.75808007852e-06, 1.27931707539e-05, 2.12649720197e-05, 1.5342810002e-05, 6.80250195728e-06, 4.58652493762e-06, 5.70316797166e-06, 5.4351653489e-06, 3.55922225026e-06, 2.8548638511e-06, 1.85531746411e-06, 1.04192599792e-06, 5.45350815173e-07, 1.80416733997e-07, 2.16033768652e-09, 1.71776051716e-10, 1.50645954045e-10]
    },
    "melbands128": {
        "max": [1.1793566955e-05, 6.51700393064e-05, 0.000287739996566, 0.00113414204679, 0.00241900980473, 0.00287833320908, 0.0020451224409, 0.00452006561682, 0.00510292872787, 0.00877626147121, 0.00971139222383, 0.0174957849085, 0.019978236407, 0.0256966874003, 0.0406075380743, 0.0245998650789, 0.0277915224433, 0.0267389398068, 0.0296198520809, 0.0232686568052, 0.0302897356451, 0.0249074120075, 0.0225742943585, 0.0225638467818, 0.0184197500348, 0.0229269843549, 0.0238225664943, 0.0205610785633, 0.00992334168404, 0.00193137233146, 0.00724243372679, 0.0161924809217, 0.00537549797446, 0.0025859286543, 0.00530030112714, 0.00158800720237, 0.00213892525062, 0.00436129048467, 0.00425937119871, 0.00326895248145, 0.00162403425202, 0.00228120852262, 0.0020961125847, 0.00202512089163, 0.0025081562344, 0.00148672517389, 0.00184411846567, 0.000800585839897, 0.00146550673526, 0.00118520099204, 0.00100104440935, 0.00120111682918, 0.000846809707582, 0.001089868485, 0.00137890293263, 0.000852621276863, 0.000297224498354, 0.000432653992902, 0.000162273601745, 0.000156734851771, 9.31085451157e-05, 0.000143111421494, 0.000471823062981, 0.000335940654622, 0.00047664574231, 0.000417219940573, 0.000574843608774, 0.000272275297903, 0.000401358352974, 0.000228699951549, 9.06439090613e-05, 9.40050231293e-05, 7.47904414311e-05, 0.000127971215989, 0.000132996443426, 0.000133337307489, 0.000111080007628, 9.84115249594e-05, 0.000144538338645, 0.000103179496364, 0.000111574940092, 5.72368480789e-05, 7.89237456047e-05, 4.89915473736e-05, 9.89138352452e-05, 5.23775088368e-05, 2.80756230495e-05, 2.38929405896e-05, 3.37366291205e-05, 2.01144739549e-05, 1.65411001944e-05, 1.29000818561e-05, 7.6447495303e-06, 3.4319000406e-06, 8.6013795908e-07, 9.96128690645e-09, 9.23932486074e-09, 8.73137917523e-09, 8.28364932204e-09, 7.96160737337e-09, 7.56097850996e-09, 7.07642966447e-09, 6.85313805704e-09, 6.45232267615e-09, 6.15587358865e-09, 5.91203708211e-09, 5.62008528604e-09, 5.47281420182e-09, 5.20074427968e-09, 4.99960917111e-09, 4.78146766625e-09, 4.60252280732e-09, 4.45160575069e-09, 4.31557589664e-09, 4.15609813231e-09, 4.0302778892e-09, 3.89120735633e-09, 3.78589826155e-09, 3.63895069633e-09, 3.58160923142e-09, 3.50924556081e-09, 3.41381878322e-09, 3.33958971588e-09, 3.26389781868e-09, 3.23729998364e-09, 3.2062199562e-09, 3.18363846397e-09, 3.16656789678e-09],
        "mean": [2.85917394649e-07, 1.15074874429e-06, 5.07487175128e-06, 1.90696991922e-05, 4.41257252533e-05, 7.20305179129e-05, 0.000101996942249, 0.000130365835503, 0.00016677090025, 0.000238201915636, 0.000280240783468, 0.000308878748911, 0.000287634058623, 0.000306332338369, 0.000333512900397, 0.000361105194315, 0.000434620276792, 0.000500076159369, 0.000448441453045, 0.000404697057093, 0.000405601138482, 0.00032085904968, 0.000336288067047, 0.000367480563, 0.000327691115672, 0.000229219716857, 0.000186680073966, 0.000126483675558, 7.24436322344e-05, 5.25074574398e-05, 4.50187981187e-05, 5.37392006663e-05, 4.26804726885e-05, 4.05592218158e-05, 3.41077357007e-05, 2.70665950666e-05, 2.71937442449e-05, 3.13527707476e-05, 3.73005350411e-05, 3.12369447784e-05, 2.09639820241e-05, 2.09240570257e-05, 1.93597898033e-05, 1.95512857317e-05, 1.47421915244e-05, 1.19049309433e-05, 1.11674498839e-05, 8.58877865539e-06, 9.92405693978e-06, 1.10162109195e-05, 1.26337199617e-05, 1.43658689922e-05, 1.40874099088e-05, 1.58887251018e-05, 1.12133293442e-05, 6.83901998855e-06, 4.29846477346e-06, 4.95179892823e-06, 2.13328439713e-06, 1.56215025982e-06, 2.53298571806e-06, 2.37762355937e-06, 3.20594062941e-06, 3.29359954776e-06, 4.8743681873e-06, 7.09353071215e-06, 6.62626962367e-06, 5.25413588548e-06, 5.47203444512e-06, 4.07991274187e-06, 2.35567472373e-06, 1.7276915969e-06, 1.51307756369e-06, 1.32274487896e-06, 1.17576837511e-06, 1.29343231947e-06, 1.24062773921e-06, 1.05431001884e-06, 1.00423199001e-06, 9.85000610854e-07, 8.71860095231e-07, 5.35270373803e-07, 5.64197705444e-07, 5.57360579023e-07, 5.31946625415e-07, 4.00526687372e-07, 2.69239848194e-07, 2.03371655516e-07, 2.04218309818e-07, 1.71727663201e-07, 1.39505502261e-07, 1.049930205e-07, 1.22004436776e-07, 7.21437132256e-08, 6.43013597923e-09, 1.73791762231e-11, 1.27065137925e-11, 1.11358647997e-11, 1.0678281176e-11, 1.1047371351e-11, 1.08431917958e-11, 1.04212680152e-11, 1.01722293783e-11, 9.78257318901e-12, 9.39578102821e-12, 9.1351986739e-12, 8.84607578161e-12, 8.67775382801e-12, 8.38307721851e-12, 8.20301639115e-12, 8.07179843798e-12, 7.91029568237e-12, 7.72702821866e-12, 7.47548637575e-12, 7.32791865382e-12, 7.25386287495e-12, 7.06054182134e-12, 6.69678635462e-12, 6.54512815473e-12, 6.40289817694e-12, 6.27291534688e-12, 6.1837193352e-12, 6.11175216339e-12, 5.90974361461e-12, 5.10285867381e-12, 3.71197300328e-12, 3.25314341437e-12, 3.18569823299e-12],
        "min": [5.4949558792e-11, 3.82676779154e-10, 8.36770708279e-10, 9.28450205606e-09, 2.56203236404e-08, 1.05888187107e-08, 1.62224793598e-08, 5.20071594678e-08, 2.08156990311e-07, 1.0290158059e-07, 1.77944173174e-07, 4.23211652389e-08, 1.81699959967e-07, 1.42910423051e-07, 1.42301303185e-07, 5.63677815535e-08, 1.22519622892e-07, 2.95175972553e-08, 6.92200927688e-08, 3.69885384544e-08, 3.75820299325e-08, 8.11722689065e-09, 8.29562907256e-08, 6.78432741097e-08, 2.6058099678e-08, 5.35801198964e-08, 3.49846978054e-08, 5.35038360283e-08, 7.1710601901e-08, 1.12316929091e-08, 1.28840840219e-08, 1.25945849305e-08, 2.98001712196e-09, 4.250241048e-09, 1.04268871315e-09, 3.00970715017e-09, 4.21671808581e-09, 1.51470889165e-08, 6.40180575218e-09, 2.19774909382e-09, 3.88913523608e-09, 9.84037296092e-09, 3.6283229754e-09, 5.14086728742e-09, 5.22721377294e-09, 3.8545295844e-09, 2.04570516082e-09, 1.17758014451e-09, 9.02667773861e-10, 1.22244783185e-08, 3.056235931e-09, 7.75685915499e-09, 2.40666797602e-09, 2.53486143187e-09, 7.19613835187e-09, 1.69237979186e-09, 6.40045128009e-09, 5.67626434744e-09, 2.58456744895e-09, 7.57401086293e-10, 2.59729127094e-09, 8.78956907258e-10, 3.90679222306e-09, 3.32941496595e-09, 5.78690917408e-09, 3.1394900013e-09, 6.59102061817e-09, 1.88217885722e-09, 1.58760660174e-09, 3.09554826217e-09, 3.02977531952e-09, 1.25437871201e-09, 4.65278371387e-10, 1.43089162741e-09, 1.77076708852e-09, 5.25336218971e-10, 5.24300936e-10, 6.64474031353e-11, 5.57988065475e-11, 8.46003198052e-11, 1.81477666228e-10, 2.28969135319e-10, 3.27090576846e-10, 5.60465951427e-10, 1.85969087352e-10, 1.95042773599e-10, 1.02539227109e-10, 9.43518180252e-12, 3.58343368e-12, 2.90615903738e-12, 2.33914797254e-12, 3.85288285651e-12, 3.85877788056e-12, 3.51638683449e-12, 1.5807636233e-12, 9.67008265997e-13, 5.86008401093e-13, 4.11862791051e-13, 5.72360572566e-13, 7.73810323543e-13, 8.12181864731e-13, 7.17004851759e-13, 1.05133317416e-12, 1.06098962081e-12, 9.61647536775e-13, 1.02000558607e-12, 1.03806232273e-12, 1.07243131476e-12, 1.00363196486e-12, 1.01059091651e-12, 1.07909037608e-12, 1.07652884003e-12, 9.83906857897e-13, 7.63900227796e-13, 7.55726319197e-13, 9.90093640754e-13, 9.90138743565e-13, 1.05188796042e-12, 9.14874512953e-13, 9.51786501176e-13, 9.0923888427e-13, 9.17375767365e-13, 8.94744293847e-13, 8.46926749652e-13, 6.98718589497e-13, 2.02190965793e-13, 2.17871409119e-14, 5.79443116058e-16],
        "stdev": [6.06870173669e-07, 3.63882804777e-06, 1.59058981808e-05, 6.11607756582e-05, 0.000128236497403, 0.000175285138539, 0.000209283723962, 0.000270713295322, 0.00037885751226, 0.000566185626667, 0.00071102171205, 0.000952530826908, 0.000964961771388, 0.00104314403143, 0.00146585144103, 0.00135763187427, 0.00157704413868, 0.00173342693597, 0.00164962129202, 0.00140286539681, 0.00164185359608, 0.00120405829512, 0.00126909196842, 0.00146507914178, 0.00117216340732, 0.00101215799805, 0.000901788938791, 0.000733369030058, 0.000351850991137, 0.000148290535435, 0.000235372383031, 0.000459289643914, 0.000192760431673, 0.000145232406794, 0.000188393038115, 9.74792201305e-05, 0.000109010084998, 0.000160633222549, 0.00015529753, 0.000139004725497, 8.81474115886e-05, 9.14052434382e-05, 9.16580465855e-05, 0.000103936894448, 8.60524160089e-05, 6.10754577792e-05, 6.04194465268e-05, 3.89742635889e-05, 5.29130738869e-05, 4.16497605329e-05, 5.64826477785e-05, 6.12301519141e-05, 5.01106442243e-05, 5.79252227908e-05, 4.39774375991e-05, 2.93329649139e-05, 1.56369787874e-05, 1.7260610548e-05, 8.08702407085e-06, 5.83295741308e-06, 5.77511536903e-06, 7.08416655471e-06, 1.36260978252e-05, 1.40460933835e-05, 2.09491772694e-05, 2.79384585156e-05, 2.34695980907e-05, 1.60444451467e-05, 2.1197458409e-05, 1.38745435834e-05, 6.91074455972e-06, 5.47278568774e-06, 5.25962695974e-06, 4.96244138048e-06, 5.87428621657e-06, 6.12406302025e-06, 6.79211188981e-06, 5.68528548683e-06, 6.11536870565e-06, 5.25497625858e-06, 4.23860592491e-06, 2.96072494166e-06, 3.18745992445e-06, 2.96036455438e-06, 3.33695220434e-06, 2.34303320212e-06, 1.40925010328e-06, 1.06883874196e-06, 1.31162414618e-06, 9.42553924688e-07, 7.14506541044e-07, 4.9758671139e-07, 4.16306534134e-07, 2.22410250217e-07, 3.04659479866e-08, 2.07990485945e-10, 1.93387444947e-10, 1.82523079983e-10, 1.73327574515e-10, 1.66669997248e-10, 1.57764343256e-10, 1.47870077294e-10, 1.42823822213e-10, 1.34884617364e-10, 1.28756769135e-10, 1.24234442178e-10, 1.17666293376e-10, 1.14183017208e-10, 1.08762138185e-10, 1.04553816993e-10, 1.00085210952e-10, 9.62175131236e-11, 9.33036842232e-11, 9.00056557063e-11, 8.67981242436e-11, 8.4097652453e-11, 8.1192302881e-11, 7.88901027837e-11, 7.60575699643e-11, 7.48037257137e-11, 7.33982943868e-11, 7.1288024095e-11, 6.97220475798e-11, 6.81440459616e-11, 6.75708100584e-11, 6.69924463126e-11, 6.65053220827e-11, 6.61379770395e-11]
    },
    "mfcc": {
        "mean": [-759.270874023, 167.830200195, -47.1431083679, 40.2297477722, -43.2499923706, 5.34243154526, -34.7778015137, 5.05477380753, -24.5485725403, 5.07579231262, -15.5077819824, -1.30617570877, -5.63835096359],
        "cov": [[3364.86376953, 468.831359863, -700.798706055, 268.068725586, -363.297088623, -20.0474147797, -180.495391846, 14.1770076752, -180.77243042, 303.436309814, -146.957504272, 40.8184814453, 99.6901550293], [468.831359863, 966.155700684, -31.1989021301, -269.070678711, 7.54166889191, -258.194335938, 106.27293396, -31.0666465759, 4.03365850449, 24.6285991669, -3.40754723549, -18.5952091217, 57.9520149231], [-700.798706055, -31.1989021301, 421.107025146, -13.1181030273, 26.0946044922, 10.9086418152, 23.7809143066, 24.8259716034, 30.7620353699, -54.8367843628, -10.4423809052, 4.0744304657, -25.8295288086], [268.068725586, -269.070678711, -13.1181030273, 395.484436035, 48.4196166992, 80.1469039917, -77.0982284546, -41.453994751, -19.491235733, 15.3414125443, -42.0167007446, -38.6184272766, 47.8029212952], [-363.297088623, 7.54166889191, 26.0946044922, 48.4196166992, 295.743591309, 23.3011932373, -11.550409317, -46.3354873657, -11.1878833771, -6.71601247787, -16.4717693329, -22.5983352661, 15.2978878021], [-20.0474147797, -258.194335938, 10.9086418152, 80.1469039917, 23.3011932373, 228.701019287, -7.19802713394, -0.688462197781, 14.2007684708, -10.8911333084, 21.0950717926, 10.3350658417, -27.2467212677], [-180.495391846, 106.27293396, 23.7809143066, -77.0982284546, -11.550409317, -7.19802713394, 174.018463135, 43.6040420532, 9.28614234924, -18.6177711487, 35.2412071228, 10.1192531586, -13.1448516846], [14.1770076752, -31.0666465759, 24.8259716034, -41.453994751, -46.3354873657, -0.688462197781, 43.6040420532, 160.20904541, 31.4712924957, -14.5316810608, 12.9851665497, 8.38777065277, -20.1314296722], [-180.77243042, 4.03365850449, 30.7620353699, -19.491235733, -11.1878833771, 14.2007684708, 9.28614234924, 31.4712924957, 134.733978271, -12.0770130157, 19.9407978058, -3.88133454323, -19.4654979706], [303.436309814, 24.6285991669, -54.8367843628, 15.3414125443, -6.71601247787, -10.8911333084, -18.6177711487, -14.5316810608, -12.0770130157, 152.036682129, -3.71823239326, 4.59560537338, 15.2010812759], [-146.957504272, -3.40754723549, -10.4423809052, -42.0167007446, -16.4717693329, 21.0950717926, 35.2412071228, 12.9851665497, 19.9407978058, -3.71823239326, 128.402862549, 20.5031585693, -20.355758667], [40.8184814453, -18.5952091217, 4.0744304657, -38.6184272766, -22.5983352661, 10.3350658417, 10.1192531586, 8.38777065277, -3.88133454323, 4.59560537338, 20.5031585693, 103.277053833, 1.82463490963], [99.6901550293, 57.9520149231, -25.8295288086, 47.8029212952, 15.2978878021, -27.2467212677, -13.1448516846, -20.1314296722, -19.4654979706, 15.2010812759, -20.355758667, 1.82463490963, 122.280845642]],
        "icov": [[0.00696498434991, -0.0092390421778, 0.00922492239624, -0.00907833594829, 0.00904764700681, -0.00847928225994, 0.00780393695459, -0.00765829486772, 0.00781614053994, -0.00758275436237, 0.00693010352552, -0.00630794884637, 0.00418938929215], [-0.0092390421778, 0.0142957214266, -0.0121408160776, 0.0131623344496, -0.0122213251889, 0.0130038708448, -0.01139713265, 0.0109482966363, -0.0107723167166, 0.00976279098541, -0.0090661868453, 0.00895415246487, -0.00652048224583], [0.00922492239624, -0.0121408160776, 0.0148258944973, -0.0120136747137, 0.0116858696565, -0.0111455349252, 0.0100163659081, -0.0103261321783, 0.00983658153564, -0.00924355350435, 0.00965933129191, -0.00862120371312, 0.0059441877529], [-0.00907833594829, 0.0131623344496, -0.0120136747137, 0.0158826448023, -0.0120861269534, 0.0105731347576, -0.0096589224413, 0.0106109278277, -0.0101482160389, 0.00953451637179, -0.0083995629102, 0.00974462274462, -0.00735126389191], [0.00904764700681, -0.0122213251889, 0.0116858696565, -0.0120861269534, 0.0154870320112, -0.0116056604311, 0.0100874928758, -0.00902735255659, 0.0103112757206, -0.00966219604015, 0.00921063683927, -0.00756433047354, 0.00517246453092], [-0.00847928225994, 0.0130038708448, -0.0111455349252, 0.0105731347576, -0.0116056604311, 0.0171074979007, -0.0104272291064, 0.00997789669782, -0.0103002600372, 0.00929821003228, -0.00922188349068, 0.00715333875269, -0.00438951095566], [0.00780393695459, -0.01139713265, 0.0100163659081, -0.0096589224413, 0.0100874928758, -0.0104272291064, 0.0162414833903, -0.01053680107, 0.00929577555507, -0.0078476369381, 0.00616786302999, -0.00724156247452, 0.004946840927], [-0.00765829486772, 0.0109482966363, -0.0103261321783, 0.0106109278277, -0.00902735255659, 0.00997789669782, -0.01053680107, 0.0161354001611, -0.0101377116516, 0.00852992013097, -0.00735691329464, 0.00689907046035, -0.004399927333], [0.00781614053994, -0.0107723167166, 0.00983658153564, -0.0101482160389, 0.0103112757206, -0.0103002600372, 0.00929577555507, -0.0101377116516, 0.0170723292977, -0.00822965893894, 0.00662889145315, -0.00641675014049, 0.00546328583732], [-0.00758275436237, 0.00976279098541, -0.00924355350435, 0.00953451637179, -0.00966219604015, 0.00929821003228, -0.0078476369381, 0.00852992013097, -0.00822965893894, 0.0153832547367, -0.0075824810192, 0.00631355401129, -0.00486229080707], [0.00693010352552, -0.0090661868453, 0.00965933129191, -0.0083995629102, 0.00921063683927, -0.00922188349068, 0.00616786302999, -0.00735691329464, 0.00662889145315, -0.0075824810192, 0.0160274244845, -0.00764548499137, 0.00499553792179], [-0.00630794884637, 0.00895415246487, -0.00862120371312, 0.00974462274462, -0.00756433047354, 0.00715333875269, -0.00724156247452, 0.00689907046035, -0.00641675014049, 0.00631355401129, -0.00764548499137, 0.0166370682418, -0.00516120065004], [0.00418938929215, -0.00652048224583, 0.0059441877529, -0.00735126389191, 0.00517246453092, -0.00438951095566, 0.004946840927, -0.004399927333, 0.00546328583732, -0.00486229080707, 0.00499553792179, -0.00516120065004, 0.0125470645726]]
    },
    "spectral_contrast_coeffs": {
        "max": [-0.360839933157, -0.403130114079, -0.413743644953, -0.456255584955, -0.530638754368, -0.288081616163],
        "mean": [-0.649407744408, -0.742473185062, -0.773085772991, -0.792299151421, -0.781057238579, -0.578074097633],
        "min": [-0.840186715126, -0.917950809002, -0.908416569233, -0.907961308956, -0.90386724472, -0.910058498383],
        "stdev": [0.0775468870997, 0.075870886445, 0.0680518373847, 0.0532891191542, 0.0505887381732, 0.0670278221369]
    },
    "spectral_contrast_valleys": {
        "max": [-6.03724193573, -4.32011222839, -5.30318927765, -5.96713161469, -5.97469854355, -10.6098852158],
        "mean": [-8.19720649719, -6.97806406021, -8.0318441391, -8.45501899719, -8.59342002869, -14.559961319],
        "min": [-10.504193306, -8.86062908173, -10.131316185, -10.1957607269, -10.0898141861, -15.5856895447],
        "stdev": [0.716205298901, 0.837004065514, 0.822182774544, 0.774819910526, 0.716201663017, 0.702297627926]
    }
},
"rhythm": {
    "beats_count": 97,
    "beats_loudness": {
        "max": 0.104337736964,
        "mean": 0.0225975215435,
        "min": 0.000127652485389,
        "stdev": 0.0261921379715
    },
    "bpm": 79.7687835693,
    "bpm_histogram_first_peak_bpm": 81,
    "bpm_histogram_first_peak_weight": 0.200000047684,
    "bpm_histogram_second_peak_bpm": 117,
    "bpm_histogram_second_peak_spread": 0.466666638851,
    "bpm_histogram_second_peak_weight": 0.0833333358169,
    "danceability": 1.12700784206,
    "onset_rate": 4.37247133255,
    "beats_loudness_band_ratio": {
        "max": [0.358733385801, 0.840450167656, 0.885138750076, 0.365711569786, 0.326932072639, 0.598059058189],
        "mean": [0.0708304792643, 0.273327261209, 0.49303278327, 0.123928159475, 0.0638017058372, 0.0352122522891],
        "min": [0.000639596721157, 0.0217440985143, 0.0423809401691, 0.00650081643835, 0.0017853800673, 0.000566595175769],
        "stdev": [0.0788233205676, 0.206498712301, 0.22830376029, 0.0836736783385, 0.0684200152755, 0.073951818049]
    },
