{
"metadata": {
    "version": {
        "essentia": "2.1-beta5",
        "essentia_git_sha": "Undefined",
        "extractor": "music 2.0"
    },
    "audio_properties": {
        "analysis": {
            "equal_loudness": 0,
            "length": 48.7502937317,
            "sample_rate": 44100,
            "start_time": 142.744674683,
            "downmix": "mix"
        },
        "bit_rate": 192000,
        "length": 218.65071106,
        "lossless": 0,
        "number_channels": 2,
        "replay_gain": -1.32091712952,
        "sample_rate": 48000,
        "codec": "mp3",
        "md5_encoded": "f61a2c8e26050dd916761a33899e747d"
    },
    "tags": {
        "file_name": "Israel_Derech Ha_melech_Gili ve Galit.mp3",
        "encoding": ["Lavf58.29.100"]
    }
},
"lowlevel": {
    "average_loudness": 0.976492643356,
    "barkbands_crest": {
        "max": 23.881685257,
        "mean": 7.85839223862,
        "min": 2.67153429985,
        "stdev": 3.30451107025
    },
    "barkbands_flatness_db": {
        "max": 0.237287282944,
        "mean": 0.130401164293,
        "min": 0.0531407594681,
        "stdev": 0.0245731379837
    },
    "barkbands_kurtosis": {
        "max": 31.3677139282,
        "mean": -0.0017063266132,
        "min": -1.69474363327,
        "stdev": 1.66267955303
    },
    "barkbands_skewness": {
        "max": 5.22914505005,
        "mean": 0.477467596531,
        "min": -1.46926057339,
        "stdev": 0.650872707367
    },
    "barkbands_spread": {
        "max": 53.9094924927,
        "mean": 23.2914657593,
        "min": 3.75400972366,
        "stdev": 7.17564201355
    },
    "dissonance": {
        "max": 0.499586224556,
        "mean": 0.468856453896,
        "min": 0.34623131156,
        "stdev": 0.0208177268505
    },
    "dynamic_complexity": 1.56950092316,
    "erbbands_crest": {
        "max": 30.9157314301,
        "mean": 9.42157173157,
        "min": 2.88712525368,
        "stdev": 4.34465646744
    },
    "erbbands_flatness_db": {
        "max": 0.318174958229,
        "mean": 0.199592322111,
        "min": 0.102072715759,
        "stdev": 0.0307410694659
    },
    "erbbands_kurtosis": {
        "max": 11.9729089737,
        "mean": -0.0691752061248,
        "min": -1.75113725662,
        "stdev": 1.30042493343
    },
    "erbbands_skewness": {
        "max": 2.35558342934,
        "mean": -0.0402940250933,
        "min": -2.25576877594,
        "stdev": 0.597537279129
    },
    "erbbands_spread": {
        "max": 75.9253845215,
        "mean": 29.2290649414,
        "min": 5.08765602112,
        "stdev": 10.6338357925
    },
    "hfc": {
        "max": 93.0081253052,
        "mean": 29.5292377472,
        "min": 1.0870705843,
        "stdev": 14.3737983704
    },
    "loudness_ebu128": {
        "integrated": -21.3963165283,
        "loudness_range": 1.3032245636,
        "momentary": {
            "max": -19.2937259674,
            "mean": -21.5369548798,
            "min": -25.958782196,
            "stdev": 1.15887653828
        },
        "short_term": {
            "max": -20.584356308,
            "mean": -21.4333133698,
            "min": -23.0275592804,
            "stdev": 0.504338085651
        }
    },
    "melbands_crest": {
        "max": 27.8631744385,
        "mean": 10.0268316269,
        "min": 3.45063400269,
        "stdev": 4.12119102478
    },
    "melbands_flatness_db": {
        "max": 0.304283738136,
        "mean": 0.153965830803,
        "min": 0.0523891933262,
        "stdev": 0.0332348458469
    },
    "melbands_kurtosis": {
        "max": 62.8892288208,
        "mean": 2.29737567902,
        "min": -1.70625638962,
        "stdev": 4.10236310959
    },
    "melbands_skewness": {
        "max": 6.81718873978,
        "mean": 1.22000205517,
        "min": -0.919627606869,
        "stdev": 0.873550832272
    },
    "melbands_spread": {
        "max": 84.8774490356,
        "mean": 34.9204750061,
        "min": 3.09464669228,
        "stdev": 12.2259664536
    },
    "pitch_salience": {
        "max": 0.790984869003,
        "mean": 0.571841835976,
        "min": 0.216743260622,
        "stdev": 0.0818672031164
    },
    "silence_rate_20dB": {
        "max": 1,
        "mean": 1,
        "min": 1,
        "stdev": 0
    },
    "silence_rate_30dB": {
        "max": 1,
        "mean": 1,
        "min": 1,
        "stdev": 0
    },
    "silence_rate_60dB": {
        "max": 1,
        "mean": 0.00190385535825,
        "min": 0,
        "stdev": 0.0435912162066
    },
    "spectral_centroid": {
        "max": 3136.19287109,
        "mean": 1828.69128418,
        "min": 400.758056641,
        "stdev": 429.604064941
    },
    "spectral_complexity": {
        "max": 54,
        "mean": 26.4050445557,
        "min": 2,
        "stdev": 7.79510259628
    },
    "spectral_decrease": {
        "max": -1.87456383749e-10,
        "mean": -6.16768192074e-09,
        "min": -2.33812276207e-08,
        "stdev": 2.86756729473e-09
    },
    "spectral_energy": {
        "max": 0.0913936346769,
        "mean": 0.0259566679597,
        "min": 0.000806103402283,
        "stdev": 0.0117865744978
    },
    "spectral_energyband_high": {
        "max": 0.00512805534527,
        "mean": 0.000806399155408,
        "min": 4.40187932327e-06,
        "stdev": 0.000671841786243
    },
    "spectral_energyband_low": {
        "max": 0.0486453771591,
        "mean": 0.0026265066117,
        "min": 3.97778931074e-05,
        "stdev": 0.00410151900724
    },
    "spectral_energyband_middle_high": {
        "max": 0.0460649989545,
        "mean": 0.0120243672282,
        "min": 0.000483070354676,
        "stdev": 0.00755462562665
    },
    "spectral_energyband_middle_low": {
        "max": 0.068846732378,
        "mean": 0.0112538756803,
        "min": 0.000248947646469,
        "stdev": 0.00787949562073
    },
    "spectral_entropy": {
        "max": 8.48176860809,
        "mean": 7.4916882515,
        "min": 6.58769655228,
        "stdev": 0.232888385653
    },
    "spectral_flux": {
        "max": 0.227450981736,
        "mean": 0.08955052495,
        "min": 0.0232704132795,
        "stdev": 0.030527792871
    },
    "spectral_kurtosis": {
        "max": 16.8202724457,
        "mean": 4.46640920639,
        "min": 0.882739543915,
        "stdev": 1.97326099873
    },
    "spectral_rms": {
        "max": 0.00944269727916,
        "mean": 0.00489038554952,
        "min": 0.000886815832928,
        "stdev": 0.0011864596745
    },
    "spectral_rolloff": {
        "max": 4866.50390625,
        "mean": 2082.98730469,
        "min": 236.865234375,
        "stdev": 685.170227051
    },
    "spectral_skewness": {
        "max": 3.03907394409,
        "mean": 1.24782133102,
        "min": 0.535768210888,
        "stdev": 0.277958631516
    },
    "spectral_spread": {
        "max": 18145722,
        "mean": 3167836.5,
        "min": 2187800.75,
        "stdev": 639781.5
    },
    "spectral_strongpeak": {
        "max": 14.9320363998,
        "mean": 2.13195085526,
        "min": 0.0393786095083,
        "stdev": 2.03129005432
    },
    "zerocrossingrate": {
        "max": 0.15234375,
        "mean": 0.0699757486582,
        "min": 0.013671875,
        "stdev": 0.0154175814241
    },
    "barkbands": {
        "max": [0.000710707623512, 0.0283618830144, 0.0310821831226, 0.0127976583317, 0.0598632581532, 0.0458573177457, 0.0214284546673, 0.0200245026499, 0.0310329906642, 0.0263848118484, 0.0379514843225, 0.0221949722618, 0.0130137847736, 0.0198414996266, 0.026391543448, 0.0208682771772, 0.0241071116179, 0.00662209233269, 0.0101867504418, 0.00727279577404, 0.00217514997348, 0.000879924569745, 0.00130070676096, 0.00113504158799, 0.000242863025051, 0.000128305866383, 2.3823997708e-06],
        "mean": [4.95080385008e-05, 0.00119386590086, 0.00102233712096, 0.000723516510334, 0.00285590998828, 0.00242172623985, 0.00168244866654, 0.00122268649284, 0.00162962055765, 0.00146763713565, 0.00228754198179, 0.0016100978246, 0.000855872000102, 0.000591072195675, 0.00171813066117, 0.00100562430453, 0.00101457966957, 0.000708792300429, 0.000787414668594, 0.000681527366396, 0.000263562833425, 6.60173100187e-05, 4.44955476269e-05, 3.75629497285e-05, 1.15770053526e-05, 3.52471738552e-06, 4.06353883875e-09],
        "min": [1.41604971304e-07, 2.12275904232e-06, 6.37195057607e-07, 1.70321493442e-06, 3.69088847947e-05, 5.65515847484e-06, 8.20713012217e-06, 3.45925809597e-06, 5.58141573492e-06, 4.36977643403e-06, 6.0452366597e-06, 9.86991653917e-06, 9.46814907365e-06, 6.18105877948e-06, 1.62284813996e-05, 3.45863213624e-06, 1.04385562736e-05, 7.24790697859e-06, 8.95212542673e-06, 7.19283798389e-06, 1.33031437599e-06, 8.42337499307e-07, 2.02959583362e-07, 1.22236869515e-07, 1.01664234364e-07, 2.42334792233e-08, 1.13426990023e-10],
        "stdev": [5.60555272386e-05, 0.0021873426158, 0.0020780863706, 0.00114875717554, 0.00432972609997, 0.0033127667848, 0.00226928130724, 0.00175269832835, 0.00252720527351, 0.00234419247136, 0.00400368822739, 0.00239802105352, 0.00136440666392, 0.00101894687396, 0.00280661392026, 0.00155474874191, 0.00169556157198, 0.000796128588263, 0.000803067232482, 0.000596128695179, 0.000256148370681, 8.67929193191e-05, 6.66226405883e-05, 5.78393737669e-05, 1.89501206478e-05, 8.54163499753e-06, 7.51311262093e-08]
    },
    "erbbands": {
        "max": [0.459456950426, 7.52787637711, 31.9583454132, 40.5785713196, 85.5535049438, 354.581298828, 401.727020264, 306.167999268, 431.771942139, 360.924468994, 343.887329102, 637.131347656, 1035.22668457, 1159.78210449, 1765.98376465, 1143.93847656, 598.41595459, 1143.59875488, 785.434143066, 823.532348633, 947.946838379, 941.088378906, 473.982055664, 420.066497803, 712.40222168, 298.127593994, 144.899154663, 56.2096252441, 42.8951683044, 27.621547699, 39.099395752, 26.435710907, 13.9205780029, 2.62974095345, 1.87432730198, 0.751208245754, 0.198371037841, 0.0125790331513, 0.00034860172309, 0.000110170498374],
        "mean": [0.0238558966666, 0.308372527361, 1.08525049686, 2.02270388603, 5.22974443436, 11.6532917023, 12.2253904343, 21.6058578491, 24.7075099945, 24.5696258545, 32.9321975708, 35.0499839783, 44.6860923767, 72.5979232788, 68.9505691528, 70.5983200073, 43.3136444092, 37.4264183044, 56.922870636, 74.5951766968, 60.9803199768, 51.3722724915, 41.2596588135, 44.9624938965, 36.2733612061, 28.8612918854, 19.3818283081, 6.22216510773, 2.75465130806, 1.44305336475, 1.28066647053, 0.928722679615, 0.521038711071, 0.156984061003, 0.0736757665873, 0.0254913251847, 0.00457986351103, 0.000224150964641, 2.2498643375e-05, 3.30452567141e-05],
        "min": [0.000137942173751, 0.00095642847009, 0.00508930394426, 0.0171713866293, 0.045370940119, 0.0892998576164, 0.103858403862, 0.0451444201171, 0.121953435242, 0.208155691624, 0.288717508316, 0.292494773865, 0.223648399115, 0.67505043745, 0.422509402037, 0.498674422503, 0.865470588207, 0.964902877808, 0.911522328854, 0.785799145699, 0.459421545267, 0.934260368347, 0.522864580154, 0.282083034515, 0.497011750937, 0.269259870052, 0.0847084373236, 0.0408963337541, 0.0359219163656, 0.0130005376413, 0.00420274026692, 0.00287836021744, 0.00174992170651, 0.000960973149631, 0.000771966122556, 0.000308995658997, 1.33761786856e-05, 1.00610668596e-06, 1.4108409232e-06, 2.76916966868e-06],
        "stdev": [0.0338084474206, 0.602011919022, 2.14017963409, 3.27542114258, 7.47065544128, 21.3568077087, 20.1067829132, 32.1241950989, 35.3732757568, 31.3692131042, 43.4840087891, 54.4531021118, 81.9295730591, 110.49797821, 139.52645874, 104.441444397, 58.7135429382, 58.4316444397, 77.3699111938, 101.823822021, 91.0167770386, 72.7255783081, 49.6161499023, 45.5749359131, 37.1170768738, 25.8798217773, 17.5089302063, 6.31908798218, 3.69391894341, 2.03189015388, 1.93334972858, 1.37988507748, 0.814646065235, 0.244775846601, 0.127736955881, 0.0537621043622, 0.0124745639041, 0.000742283184081, 2.20643341891e-05, 1.48894660015e-05]
    },
    "gfcc": {
        "mean": [13.2091064453, 110.768318176, -167.474075317, 37.7112350464, -62.5325508118, 3.57125639915, -37.2650642395, 7.00821495056, -26.5648460388, -1.80738592148, -7.23652172089, -7.47434234619, 0.973426222801],
        "cov": [[1225.40600586, -323.939422607, 85.5484390259, 31.9010562897, -82.5172958374, 84.2354354858, -79.1160430908, 50.9646987915, -63.4138374329, 60.6133232117, -53.0872764587, -60.1940231323, -86.0103530884], [-323.939422607, 415.807189941, 3.47981953621, 21.5176105499, 120.813583374, -19.9019470215, 85.7261962891, -41.6662940979, 35.0438194275, -54.7706832886, 42.2548179626, -49.9901008606, 53.2813224792], [85.5484390259, 3.47981953621, 293.077087402, 70.0407409668, -4.45132255554, 26.7329311371, -60.9091491699, -4.09588098526, -6.60450983047, 14.1006231308, -69.5963439941, 34.1279258728, -52.7534103394], [31.9010562897, 21.5176105499, 70.0407409668, 194.814758301, 54.9449768066, -18.8684825897, -23.5231018066, -0.84308475256, 34.8317947388, -19.6636199951, -9.16434001923, 18.7437820435, -19.4708709717], [-82.5172958374, 120.813583374, -4.45132255554, 54.9449768066, 153.0415802, 38.5528106689, 42.4233131409, -19.6428394318, -3.34326672554, -19.8835964203, -7.71159315109, -11.9086894989, 5.40208530426], [84.2354354858, -19.9019470215, 26.7329311371, -18.8684825897, 38.5528106689, 163.616424561, 66.5908355713, -10.6757831573, -35.1532402039, 8.98280525208, -15.0961265564, -23.6441364288, -0.555178403854], [-79.1160430908, 85.7261962891, -60.9091491699, -23.5231018066, 42.4233131409, 66.5908355713, 135.73614502, 10.3683271408, -20.9069137573, -11.1158409119, 23.5759830475, -25.3621044159, 29.9869213104], [50.9646987915, -41.6662940979, -4.09588098526, -0.84308475256, -19.6428394318, -10.6757831573, 10.3683271408, 79.2217941284, 32.8761024475, 1.49340963364, -0.669408380985, 4.39889335632, -9.37129497528], [-63.4138374329, 35.0438194275, -6.60450983047, 34.8317947388, -3.34326672554, -35.1532402039, -20.9069137573, 32.8761024475, 103.935768127, 17.6454181671, 4.466132164, 1.69060230255, -8.27427005768], [60.6133232117, -54.7706832886, 14.1006231308, -19.6636199951, -19.8835964203, 8.98280525208, -11.1158409119, 1.49340963364, 17.6454181671, 83.7866210938, 8.68846225739, -10.3594646454, -10.0382728577], [-53.0872764587, 42.2548179626, -69.5963439941, -9.16434001923, -7.71159315109, -15.0961265564, 23.5759830475, -0.669408380985, 4.466132164, 8.68846225739, 86.8949661255, 2.85160970688, 30.9679756165], [-60.1940231323, -49.9901008606, 34.1279258728, 18.7437820435, -11.9086894989, -23.6441364288, -25.3621044159, 4.39889335632, 1.69060230255, -10.3594646454, 2.85160970688, 95.8971252441, 1.66544640064], [-86.0103530884, 53.2813224792, -52.7534103394, -19.4708709717, 5.40208530426, -0.555178403854, 29.9869213104, -9.37129497528, -8.27427005768, -10.0382728577, 30.9679756165, 1.66544640064, 79.4552536011]],
        "icov": [[0.00138107920066, 0.000558869389351, -1.4829473912e-05, -0.000734868342988, 0.000348961446434, -0.000817778287455, 0.00107912288513, -0.00136177951936, 0.00138831185177, -0.000514016661327, -0.000156330774189, 0.00141364557203, 0.000443934841314], [0.000558869389351, 0.0131373768672, -0.00867643766105, 0.00494509423152, -0.00861931778491, 0.00734584731981, -0.00942806527019, 0.00950293149799, -0.0108410278335, 0.0103256972507, -0.00864207930863, 0.00876619014889, -0.00407703733072], [-1.4829473912e-05, -0.00867643766105, 0.0116089154035, -0.00565498275682, 0.00654552690685, -0.00678766332567, 0.00829366315156, -0.00693061808124, 0.00884522125125, -0.00867526885122, 0.00921203382313, -0.00734543381259, 0.00407272391021], [-0.000734868342988, 0.00494509423152, -0.00565498275682, 0.0102604841813, -0.00681636575609, 0.00435925275087, -0.00397806987166, 0.00532217975706, -0.00818011816591, 0.00683234026656, -0.00508138118312, 0.00210262951441, -0.000781059847213], [0.000348961446434, -0.00861931778491, 0.00654552690685, -0.00681636575609, 0.0154601968825, -0.00675152381882, 0.0039976532571, -0.00430100271478, 0.00723195495084, -0.00611992785707, 0.00736375432462, -0.00481989514083, 0.00292975828052], [-0.000817778287455, 0.00734584731981, -0.00678766332567, 0.00435925275087, -0.00675152381882, 0.0147717315704, -0.011623442173, 0.00765290576965, -0.00573934754357, 0.00461412779987, -0.00342063582502, 0.00499736471102, -0.0021842403803], [0.00107912288513, -0.00942806527019, 0.00829366315156, -0.00397806987166, 0.0039976532571, -0.011623442173, 0.0222460608929, -0.013169484213, 0.0116893164814, -0.00706498138607, 0.00363246211782, -0.00338270142674, 0.000699857424479], [-0.00136177951936, 0.00950293149799, -0.00693061808124, 0.00532217975706, -0.00430100271478, 0.00765290576965, -0.013169484213, 0.0260745249689, -0.0162939075381, 0.009904445149, -0.00560776563361, 0.00374184781685, -0.00109070260078], [0.00138831185177, -0.0108410278335, 0.00884522125125, -0.00818011816591, 0.00723195495084, -0.00573934754357, 0.0116893164814, -0.0162939075381, 0.0256181526929, -0.0136823244393, 0.0075253713876, -0.00522798346356, 0.00389131531119], [-0.000514016661327, 0.0103256972507, -0.00867526885122, 0.00683234026656, -0.00611992785707, 0.00461412779987, -0.00706498138607, 0.009904445149, -0.0136823244393, 0.0238312594593, -0.0106420647353, 0.00802871584892, -0.00171787501313], [-0.000156330774189, -0.00864207930863, 0.00921203382313, -0.00508138118312, 0.00736375432462, -0.00342063582502, 0.00363246211782, -0.00560776563361, 0.0075253713876, -0.0106420647353, 0.022908328101, -0.007538696751, -0.00139128207229], [0.00141364557203, 0.00876619014889, -0.00734543381259, 0.00210262951441, -0.00481989514083, 0.00499736471102, -0.00338270142674, 0.00374184781685, -0.00522798346356, 0.00802871584892, -0.007538696751, 0.0189018156379, -0.00361729529686], [0.000443934841314, -0.00407703733072, 0.00407272391021, -0.000781059847213, 0.00292975828052, -0.0021842403803, 0.000699857424479, -0.00109070260078, 0.00389131531119, -0.00171787501313, -0.00139128207229, -0.00361729529686, 0.0185119379312]]
    },
    "melbands": {
        "max": [0.00648341840133, 0.0134568465874, 0.0063564479351, 0.0145958848298, 0.0110233146697, 0.00640162266791, 0.00554556259885, 0.00427113845944, 0.00347601692192, 0.00464029051363, 0.00512233097106, 0.0042798970826, 0.00563126988709, 0.00276631955057, 0.00196644058451, 0.00170836958569, 0.0024015547242, 0.00099157448858, 0.00276172789745, 0.00179091759492, 0.00144568027463, 0.00148457591422, 0.000428035011282, 0.000341855193255, 0.000408511812566, 0.000542043242604, 0.000209159959923, 0.000238007065491, 0.000137435548822, 6.97751675034e-05, 2.98875620501e-05, 2.66067982011e-05, 1.42321914609e-05, 2.00374124688e-05, 2.92351942335e-05, 1.19218029795e-05, 1.98606885533e-05, 1.38666682687e-05, 3.51412541022e-06, 1.82334622423e-06],
        "mean": [0.000278454826912, 0.000522602815181, 0.000422757788328, 0.000634368450847, 0.000442807649961, 0.000486690056277, 0.000380020122975, 0.000260207132669, 0.000293437216897, 0.000216377564357, 0.000213786654058, 0.000271832424914, 0.000254971790127, 0.000170844883542, 0.000154138891958, 8.49477801239e-05, 6.65577972541e-05, 6.58382487018e-05, 0.000156198235345, 7.11032989784e-05, 7.26062862668e-05, 5.95899291511e-05, 3.81444151571e-05, 3.18542261084e-05, 3.82905782317e-05, 2.4094051696e-05, 2.45462670136e-05, 1.88219528354e-05, 1.51261010615e-05, 6.04747629041e-06, 2.59918488155e-06, 1.68536473666e-06, 8.94014817732e-07, 7.5789495213e-07, 7.72116493408e-07, 6.28413317827e-07, 5.49703258912e-07, 4.0999938733e-07, 2.18903352334e-07, 1.04311901339e-07],
        "min": [1.32117156681e-06, 4.02617752115e-06, 3.41590339303e-06, 5.7114439187e-06, 4.05312630392e-06, 1.11575786832e-06, 1.72361160367e-06, 2.71842623079e-06, 9.97098140942e-07, 1.46949844293e-06, 5.50906577246e-07, 9.82305436992e-07, 7.78718572292e-07, 7.60727289162e-07, 6.8244941076e-07, 1.07498851776e-06, 1.15600300887e-06, 1.00134730019e-06, 1.12373481898e-06, 3.02308279743e-07, 4.81848928757e-07, 7.35778201033e-07, 3.31574966594e-07, 1.7090265203e-07, 2.17693155946e-07, 2.95572107234e-07, 2.9903799259e-07, 8.55005595213e-08, 4.05082971611e-08, 5.15435942816e-08, 1.03537667329e-08, 1.36912108317e-08, 8.63456506295e-09, 5.43703526645e-09, 2.08199812946e-09, 2.0800414724e-09, 1.59315238779e-09, 1.24761589948e-09, 8.13495049101e-10, 7.81705811193e-10],
        "stdev": [0.000461950170575, 0.000948849890847, 0.000580814084969, 0.00106760836206, 0.000643148901872, 0.000685252540279, 0.0005160489236, 0.000353895971784, 0.000411330664065, 0.000360427598935, 0.000410428125178, 0.000424924452091, 0.000495223037433, 0.000265285081696, 0.000246089999564, 0.000156766443979, 0.000120496755699, 9.15077325772e-05, 0.000289966294076, 9.97215029201e-05, 0.000138111776323, 9.85590813798e-05, 5.07182958245e-05, 3.65040905308e-05, 4.33441564383e-05, 2.97442129522e-05, 2.22042181122e-05, 2.00765498448e-05, 1.46478105307e-05, 6.74390639688e-06, 3.06329002342e-06, 2.3784671157e-06, 1.30850548885e-06, 1.17691263313e-06, 1.27885300572e-06, 8.61041485223e-07, 8.95845175819e-07, 6.73701379128e-07, 3.47532250089e-07, 1.69498676428e-07]
    },
    "melbands128": {
        "max": [0.000503350398503, 0.00238338904455, 0.0106960469857, 0.0136457215995, 0.0191095620394, 0.0163491088897, 0.00957868713886, 0.00544182490557, 0.00903562922031, 0.0168144293129, 0.0275173839182, 0.0148393642157, 0.0166378561407, 0.0168811008334, 0.00966704264283, 0.014362456277, 0.0140235712752, 0.00463245203719, 0.00688925199211, 0.004670700524, 0.00729218451306, 0.00653228769079, 0.00525018805638, 0.00546146696433, 0.00810290500522, 0.0107982456684, 0.00544830784202, 0.0101496754214, 0.00763627840206, 0.00398987066001, 0.00887390784919, 0.0105357868597, 0.00818082410842, 0.0118943452835, 0.00390992918983, 0.00413272250444, 0.00639890972525, 0.00382077437826, 0.00147443730384, 0.00322583061643, 0.00340333837084, 0.00291639147326, 0.004428723827, 0.00186436076183, 0.000990327913314, 0.00170171167701, 0.00408856570721, 0.0067996326834, 0.00279682572, 0.00131137040444, 0.00289961369708, 0.00297257280909, 0.00212230836041, 0.00324398698285, 0.00510221952572, 0.00111154816113, 0.00106107536703, 0.00071657152148, 0.000659162527882, 0.00117749616038, 0.00034979308839, 0.000757328292821, 0.00061516527785, 0.000970564666204, 0.000552362413146, 0.000371932779672, 0.00151034398004, 0.000552815967239, 0.0003541384649, 0.00016489198606, 0.000286607450107, 0.00059735646937, 0.000247606134508, 0.00017335069424, 0.000205840173294, 0.000131064240122, 9.22386316233e-05, 6.18872873019e-05, 4.41267111455e-05, 3.01309810311e-05, 4.04060956498e-05, 5.64027213841e-05, 1.95475040528e-05, 1.24760872495e-05, 3.07667469315e-05, 1.04801147245e-05, 2.90488223982e-05, 3.04235491058e-05, 4.2988176574e-05, 1.76907706191e-05, 1.01308751255e-05, 1.61747266247e-05, 9.76106548478e-06, 1.77413803613e-05, 3.04056211462e-05, 2.26095071412e-05, 8.33908234199e-06, 7.27913175069e-06, 4.86939143229e-06, 3.47056311512e-06, 1.34926256123e-06, 2.10406346923e-06, 2.81440429717e-06, 1.72181159996e-06, 1.77708386673e-06, 3.18547449751e-06, 1.7572234583e-06, 1.67165569565e-06, 1.38151960982e-06, 1.53825931193e-06, 1.32980926537e-06, 8.64364210429e-07, 7.32162845907e-07, 5.28902262431e-07, 5.16746354151e-07, 1.20579999319e-08, 1.15933671552e-08, 1.12018554432e-08, 1.08592654868e-08, 1.05540696183e-08, 1.02710417949e-08, 1.00601411646e-08, 9.85845716173e-09, 9.66996438478e-09, 9.49454737054e-09, 9.4013943297e-09, 9.31222121636e-09, 9.2593372969e-09],
        "mean": [3.92194378946e-05, 0.000144515375723, 0.000366538006347, 0.000556238635909, 0.000559071311727, 0.000499836867675, 0.000400728487875, 0.000356365606422, 0.000487305456772, 0.000744725111872, 0.000709912041202, 0.000406194507377, 0.000400471792091, 0.000424174912041, 0.000492501654662, 0.00053787213983, 0.000447614031145, 0.000311591487844, 0.00038279950968, 0.000237629326875, 0.000244893686613, 0.000173341250047, 0.00035662582377, 0.000358089571819, 0.000168343089172, 0.000215928113903, 0.000165475037647, 0.000313242315315, 0.000123127596453, 0.000151370913954, 0.000400513410568, 0.00038007623516, 0.000188582242117, 0.000261055218289, 0.000100749683043, 0.000165278863278, 0.000235204119235, 0.000199160800548, 6.07148685958e-05, 7.53255517338e-05, 0.000119463678857, 5.01864669786e-05, 6.66830310365e-05, 8.41252476675e-05, 3.06200308842e-05, 4.24579920946e-05, 0.000115547110909, 0.00024863917497, 0.000122764700791, 3.69645167666e-05, 8.64080284373e-05, 8.53113961057e-05, 4.57954920421e-05, 8.37133920868e-05, 9.39743986237e-05, 5.03175906488e-05, 3.93199479731e-05, 3.46511951648e-05, 3.56437994924e-05, 5.15425381309e-05, 2.12884860957e-05, 2.40218396357e-05, 5.06875039719e-05, 4.21320073656e-05, 2.13666826312e-05, 1.80667648237e-05, 3.05294342979e-05, 3.01811032841e-05, 2.41343550442e-05, 1.33263138196e-05, 1.78790123755e-05, 2.24090726988e-05, 2.17003307625e-05, 1.29198451759e-05, 8.44648639031e-06, 7.18218416296e-06, 4.48379523732e-06, 3.51239577867e-06, 2.21780101128e-06, 1.87664602436e-06, 1.74956630872e-06, 1.76573428234e-06, 1.10067685455e-06, 7.38636799724e-07, 7.92403170635e-07, 7.24259507479e-07, 7.5809214195e-07, 7.94163099727e-07, 8.41776852667e-07, 6.76954982737e-07, 6.8228979444e-07, 5.92822459566e-07, 5.79802133416e-07, 5.50822960577e-07, 5.54207474579e-07, 4.63533922357e-07, 3.88291482523e-07, 3.0892522318e-07, 2.50301496862e-07, 1.7111662487e-07, 7.25029210003e-08, 1.044559923e-07, 1.19583276614e-07, 9.19091860396e-08, 7.69146097923e-08, 8.60022097982e-08, 5.47960219421e-08, 4.77452175573e-08, 4.15606677961e-08, 3.99457107392e-08, 3.03668237223e-08, 1.55853463468e-08, 1.05094857261e-08, 7.89984788696e-09, 4.24107016173e-09, 1.51008247573e-10, 3.07588295112e-11, 1.76659398915e-11, 1.71634529506e-11, 1.67063394368e-11, 1.62897421246e-11, 1.59579294223e-11, 1.56603601614e-11, 1.53533956382e-11, 1.49438569158e-11, 1.44914262881e-11, 1.4204821347e-11, 1.41034094125e-11],
        "min": [3.74587294516e-09, 2.02313813702e-07, 4.75316539905e-07, 4.42240207121e-07, 7.71617635564e-07, 2.95983909382e-07, 3.56494496145e-07, 4.18906410005e-07, 1.12630357307e-06, 1.38185635024e-06, 1.52747111315e-06, 7.84349481364e-07, 6.61750618747e-07, 8.98686039363e-07, 4.57248802377e-07, 1.35348079766e-06, 4.69441914674e-07, 1.08265521703e-06, 6.62661648221e-07, 6.91210175319e-07, 4.88398541165e-07, 1.03483074554e-07, 1.61083221428e-07, 6.42472627987e-07, 4.78325489439e-07, 1.2689567086e-07, 1.32768860794e-07, 1.84822226856e-07, 1.07473454136e-07, 3.05662325673e-07, 7.19054639831e-07, 4.80762423649e-07, 3.44236980254e-07, 2.15768181988e-07, 2.23066479066e-07, 2.35136269566e-07, 2.48634961508e-07, 1.95203796238e-07, 1.44952508663e-07, 2.85575310954e-07, 2.36460110159e-07, 2.33901801039e-07, 2.11703905961e-07, 3.24933068896e-07, 2.15319332142e-07, 1.15683945978e-07, 1.55191060003e-07, 2.5862098596e-07, 2.45618650752e-07, 2.03692366085e-07, 1.72460332237e-07, 1.12850820244e-07, 1.78229484504e-07, 1.93033315554e-07, 2.77256788195e-07, 1.87197144896e-07, 1.72304041257e-07, 2.7476374953e-07, 1.47225009073e-07, 1.29887226308e-07, 2.8379787409e-08, 6.42240749471e-08, 1.00519642388e-07, 1.82580166097e-07, 1.13046567662e-07, 9.66106057376e-08, 7.85961589145e-08, 2.21199954353e-07, 7.17269585948e-08, 2.27034266942e-08, 5.30243049468e-08, 5.10095645723e-08, 4.61695464082e-08, 8.92010643128e-09, 2.55870418187e-08, 7.31099660811e-08, 1.72691514422e-08, 5.23856558132e-09, 9.31165367035e-09, 4.61695925935e-09, 1.27657973081e-08, 1.82092374512e-09, 1.39754027795e-10, 1.30842794932e-10, 3.47081674512e-09, 2.58577070866e-09, 2.25720930835e-09, 1.93344140698e-09, 1.68444069804e-09, 1.47201462131e-09, 1.68985536675e-09, 1.75644998546e-09, 1.75905912059e-09, 1.23075560854e-09, 1.29320187892e-09, 1.11583453588e-09, 6.88418377859e-10, 8.94033402865e-10, 4.46552406164e-10, 6.09003347751e-10, 2.24927382275e-10, 5.0919057859e-10, 8.21440748755e-10, 3.23587989737e-10, 4.84146001067e-10, 6.12029704694e-10, 7.42558903255e-10, 3.6654471125e-10, 4.03591465803e-11, 1.73850087104e-10, 2.93880961233e-11, 9.27846991947e-13, 4.10995917204e-13, 3.23251977486e-13, 2.40780268987e-13, 3.62280924661e-13, 3.3048796989e-13, 3.75693887892e-13, 3.39363357294e-13, 3.7024585329e-13, 3.0709937089e-13, 2.78843056501e-13, 3.45684066224e-13, 3.3273104866e-13, 2.38942817355e-13, 9.24105491565e-14, 1.51710919218e-14, 5.77973566834e-16],
        "stdev": [4.74216103612e-05, 0.000189872429473, 0.000689033127856, 0.00117548950948, 0.00117302045692, 0.00100878241938, 0.000733142078388, 0.000530400138814, 0.000729782448616, 0.00150357198436, 0.00153350248002, 0.00071777345147, 0.000868781877216, 0.000770661106799, 0.00098090316169, 0.00096434756415, 0.00094333657762, 0.000534738239367, 0.000601269770414, 0.000378794386052, 0.000519784982316, 0.000425365898991, 0.000582714565098, 0.000715015630703, 0.000411771441577, 0.00063823221717, 0.000447165017249, 0.000742674572393, 0.000299653911497, 0.000337054079864, 0.000751235114876, 0.000823561975267, 0.000661089667119, 0.000784139381722, 0.000291986041702, 0.000403249898227, 0.000480176269775, 0.000467404111987, 0.000134683315991, 0.000193005093024, 0.000268804724328, 0.000133573965286, 0.000190031671082, 0.000155473971972, 7.19908784959e-05, 0.00010016268061, 0.000264057714958, 0.000600588973612, 0.000264851580141, 7.64810392866e-05, 0.000161381569342, 0.000156929716468, 0.000137579569127, 0.000268875533948, 0.000282405351754, 9.33470801101e-05, 8.99037986528e-05, 7.10641761543e-05, 6.01768733759e-05, 0.000100124700111, 3.48465509887e-05, 4.68411490147e-05, 6.9720997999e-05, 7.08049119567e-05, 4.75931992696e-05, 3.10299401463e-05, 6.80824596202e-05, 3.7427416828e-05, 3.09472634399e-05, 1.78400769073e-05, 2.74770300166e-05, 3.76294883608e-05, 2.74513131444e-05, 1.69018803717e-05, 1.35875379783e-05, 1.03290067273e-05, 7.3973783401e-06, 5.11945245307e-06, 3.20982917401e-06, 2.83448412119e-06, 2.77210938293e-06, 3.39764051205e-06, 2.01089846996e-06, 1.24679206692e-06, 1.38182258524e-06, 1.029714781e-06, 1.52248151153e-06, 1.56197575052e-06, 1.65866538282e-06, 1.10512837637e-06, 9.57232487053e-07, 9.58713826549e-07, 8.65584127041e-07, 9.16551698538e-07, 1.12913392059e-06, 8.84203643636e-07, 6.22000982275e-07, 5.569129371e-07, 3.97408001618e-07, 3.07743334815e-07, 1.28446785652e-07, 1.85162079447e-07, 2.03703265811e-07, 1.47886424884e-07, 1.44254229895e-07, 1.98650994321e-07, 1.09632850354e-07, 1.05741690959e-07, 8.80447359464e-08, 1.0370895609e-07, 8.30248865213e-08, 4.25427799655e-08, 3.5473782134e-08, 3.31392051578e-08, 2.11730437627e-08, 6.53099685444e-10, 3.69973440772e-10, 3.52162271566e-10, 3.41903394485e-10, 3.32574023876e-10, 3.24548804498e-10, 3.17523535243e-10, 3.11123904417e-10, 3.05330372097e-10, 3.00201558057e-10, 2.97259022952e-10, 2.94650692734e-10, 2.93017221598e-10]
    },
    "mfcc": {
        "mean": [-610.466247559, 127.174934387, -38.4555778503, 27.2846488953, -6.33160972595, -3.91451096535, 1.06041145325, -2.42736101151, -5.56630086899, 3.53943109512, -13.0929851532, 1.84974837303, -0.539133369923],
        "cov": [[1265.02380371, -350.010528564, 74.5088424683, -67.7886581421, 6.10385513306, -45.7272987366, 39.696182251, -59.4342765808, -5.85364866257, 59.3103256226, -10.8345966339, 59.3325195312, -52.2174606323], [-350.010528564, 383.098297119, -58.4680557251, 26.0903568268, 15.5118808746, 36.1043586731, 53.6923751831, 14.7243804932, 6.07594966888, 22.5039367676, -11.4173755646, -40.8916931152, 3.4753036499], [74.5088424683, -58.4680557251, 263.391082764, 23.8642654419, 37.7688903809, 23.8885688782, -59.1278800964, -2.73749041557, 8.97708320618, -17.8130512238, 43.3960914612, -21.3745861053, -24.3253040314], [-67.7886581421, 26.0903568268, 23.8642654419, 192.784301758, 71.4608612061, -4.65758466721, -57.4123649597, 24.682598114, 3.32297229767, -40.9149169922, 21.9971370697, 21.8027820587, 5.69243717194], [6.10385513306, 15.5118808746, 37.7688903809, 71.4608612061, 118.119491577, 29.1002292633, -34.4047203064, 15.5091905594, 10.3743124008, -23.6208953857, 10.963722229, 3.99292325974, 3.92877149582], [-45.7272987366, 36.1043586731, 23.8885688782, -4.65758466721, 29.1002292633, 154.214141846, 63.4721794128, 11.9103536606, 14.4561462402, 0.781619489193, 7.29309415817, -35.6847724915, -0.310406595469], [39.696182251, 53.6923751831, -59.1278800964, -57.4123649597, -34.4047203064, 63.4721794128, 185.975326538, 6.20453166962, -2.71851539612, 48.1119308472, -50.3056945801, -27.7690734863, -0.987541258335], [-59.4342765808, 14.7243804932, -2.73749041557, 24.682598114, 15.5091905594, 11.9103536606, 6.20453166962, 104.623802185, 22.1534347534, -21.6235809326, 3.37169528008, -7.32799959183, 13.4383192062], [-5.85364866257, 6.07594966888, 8.97708320618, 3.32297229767, 10.3743124008, 14.4561462402, -2.71851539612, 22.1534347534, 68.5791168213, 15.9712333679, 12.7398424149, -9.33841896057, -2.45490121841], [59.3103256226, 22.5039367676, -17.8130512238, -40.9149169922, -23.6208953857, 0.781619489193, 48.1119308472, -21.6235809326, 15.9712333679, 107.605567932, 6.06761741638, -9.29581546783, -7.93322658539], [-10.8345966339, -11.4173755646, 43.3960914612, 21.9971370697, 10.963722229, 7.29309415817, -50.3056945801, 3.37169528008, 12.7398424149, 6.06761741638, 91.7022171021, 17.8551921844, -12.8875322342], [59.3325195312, -40.8916931152, -21.3745861053, 21.8027820587, 3.99292325974, -35.6847724915, -27.7690734863, -7.32799959183, -9.33841896057, -9.29581546783, 17.8551921844, 97.9370498657, 18.5755634308], [-52.2174606323, 3.4753036499, -24.3253040314, 5.69243717194, 3.92877149582, -0.310406595469, -0.987541258335, 13.4383192062, -2.45490121841, -7.93322658539, -12.8875322342, 18.5755634308, 82.3260192871]],
        "icov": [[0.00131623679772, 0.00119913928211, -0.000307522132061, 0.000250140903518, -0.000841381668579, 0.000466052995762, -0.000812334474176, 0.000334500917234, -3.38687495969e-05, -0.000703065830749, 0.000292791199172, -0.000693357083946, 0.000787159835454], [0.00119913928211, 0.00418561324477, 0.000535585335456, -0.00053063192172, -0.00123479834292, 0.000270227930741, -0.00139333703555, 0.000206048920518, 0.000128650353872, -0.00115943874698, -0.000154697918333, 0.000868430826813, 0.000460380048025], [-0.000307522132061, 0.000535585335456, 0.00504411477596, -7.25182107999e-05, -0.000895547505934, -0.000879267929122, 0.00131520465948, 0.000234543855186, 7.31400577934e-05, 0.000432098400779, -0.001765100169, 0.00188242574222, 0.000637442222796], [0.000250140903518, -0.00053063192172, -7.25182107999e-05, 0.00775294099003, -0.00405920855701, 0.000691756198648, 0.000738641305361, -0.00098408467602, 0.000169335748069, 0.00141345581505, -0.000807535892818, -0.00132135418244, 0.000302355270833], [-0.000841381668579, -0.00123479834292, -0.000895547505934, -0.00405920855701, 0.013404420577, -0.0038135452196, 0.00303972396068, -0.000840248540044, -0.00101477652788, 0.000427447841503, 0.00172323465813, -0.000709166983142, -0.000505225209054], [0.000466052995762, 0.000270227930741, -0.000879267929122, 0.000691756198648, -0.0038135452196, 0.0108558153734, -0.00600586691871, 0.00107135262806, -0.0016370289959, 0.0024358201772, -0.00409021042287, 0.00301793403924, -0.00118276814464], [-0.000812334474176, -0.00139333703555, 0.00131520465948, 0.000738641305361, 0.00303972396068, -0.00600586691871, 0.0120561691001, -0.00258466321975, 0.00185582845006, -0.00455755833536, 0.0060518165119, -0.000598825048655, 0.000978565309197], [0.000334500917234, 0.000206048920518, 0.000234543855186, -0.00098408467602, -0.000840248540044, 0.00107135262806, -0.00258466321975, 0.0122286723927, -0.0045058852993, 0.0036004926078, -0.00183044536971, 0.00139125832357, -0.00203003850766], [-3.38687495969e-05, 0.000128650353872, 7.31400577934e-05, 0.000169335748069, -0.00101477652788, -0.0016370289959, 0.00185582845006, -0.0045058852993, 0.0179343800992, -0.00435598753393, -0.00096710777143, 0.00106326641981, 0.000506743614096], [-0.000703065830749, -0.00115943874698, 0.000432098400779, 0.00141345581505, 0.000427447841503, 0.0024358201772, -0.00455755833536, 0.0036004926078, -0.00435598753393, 0.0143318502232, -0.00438672956079, 0.00146257469896, -0.000786198070273], [0.000292791199172, -0.000154697918333, -0.001765100169, -0.000807535892818, 0.00172323465813, -0.00409021042287, 0.0060518165119, -0.00183044536971, -0.00096710777143, -0.00438672956079, 0.0172639340162, -0.0047137835063, 0.00331483292393], [-0.000693357083946, 0.000868430826813, 0.00188242574222, -0.00132135418244, -0.000709166983142, 0.00301793403924, -0.000598825048655, 0.00139125832357, 0.00106326641981, 0.00146257469896, -0.0047137835063, 0.0145959798247, -0.00387654034421], [0.000787159835454, 0.000460380048025, 0.000637442222796, 0.000302355270833, -0.000505225209054, -0.00118276814464, 0.000978565309197, -0.00203003850766, 0.000506743614096, -0.000786198070273, 0.00331483292393, -0.00387654034421, 0.0144898137078]]
    },
    "spectral_contrast_coeffs": {
        "max": [-0.351045489311, -0.501594722271, -0.483669519424, -0.582806289196, -0.575549542904, -0.627325832844],
        "mean": [-0.705303013325, -0.73241007328, -0.706022441387, -0.74102628231, -0.745631694794, -0.738274037838],
        "min": [-0.889742851257, -0.893508076668, -0.888224124908, -0.864713966846, -0.861626684666, -0.877481460571],
        "stdev": [0.0635989159346, 0.0632310584188, 0.0683781430125, 0.0492709204555, 0.0419697463512, 0.0286821033806]
    },
    "spectral_contrast_valleys": {
        "max": [-5.11320400238, -5.13996458054, -5.66166162491, -6.09905481339, -5.77266216278, -8.79038047791],
        "mean": [-6.77110290527, -6.43995380402, -7.07894945145, -7.20443201065, -7.04993724823, -10.5527162552],
        "min": [-8.71067333221, -8.200299263, -8.88508796692, -8.63331317902, -8.98161220551, -12.6763801575],
        "stdev": [0.558117032051, 0.478773444891, 0.468717992306, 0.408618509769, 0.485803693533, 0.635774850845]
    }
},
"rhythm": {
    "beats_count": 69,
    "beats_loudness": {
        "max": 0.114151537418,
        "mean": 0.0366767756641,
        "min": 0.0122409388423,
        "stdev": 0.0159901361912
    },
    "bpm": 85.133102417,
    "bpm_histogram_first_peak_bpm": 85,
    "bpm_histogram_first_peak_weight": 0.328125059605,
    "bpm_histogram_second_peak_bpm": 92,
    "bpm_histogram_second_peak_spread": 0,
    "bpm_histogram_second_peak_weight": 0.0588235296309,
    "danceability": 1.42245137691,
    "onset_rate": 2.830078125,
    "beats_loudness_band_ratio": {
        "max": [0.647857785225, 0.592333674431, 0.429505348206, 0.639474093914, 0.430831164122, 0.201943039894],
        "mean": [0.239338591695, 0.255114167929, 0.167965456843, 0.177737131715, 0.153108134866, 0.0706397369504],
        "min": [0.0239468235523, 0.02731506899, 0.0213436558843, 0.030439093709, 0.0243623293936, 0.00860259309411],
        "stdev": [0.14436750114, 0.147183313966, 0.0921524614096, 0.139396578074, 0.0867971777916, 0.0349273644388]
    },
    "beats_position": [0.638548731804, 1.28870749474, 1.93886613846, 2.58902478218, 3.25079369545, 3.94739222527, 4.66721057892, 5.38702917099, 6.10684776306, 6.82666635513, 7.5464849472, 8.26630401611, 8.98612213135, 9.70594120026, 10.4141492844, 11.110748291, 11.8189563751, 12.5155553818, 13.235373497, 13.9319725037, 14.6517915726, 15.3483896255, 16.0565986633, 16.7415866852, 17.4497947693, 18.1347846985, 18.8546028137, 19.5512008667, 20.2710208893, 20.9676189423, 21.6874370575, 22.3840351105, 23.0922451019, 23.800453186, 24.497051239, 25.1936511993, 25.8902492523, 26.5752372742, 27.2602272034, 27.9452152252, 28.6418132782, 29.3384113312, 30.0466213226, 30.7548294067, 31.474647522, 32.171245575, 32.8562355042, 33.5528335571, 34.2494316101, 34.9576416016, 35.6658477783, 36.362449646, 37.0822677612, 37.790473938, 38.4986839294, 39.1952819824, 39.9034919739, 40.6116981506, 41.3199081421, 42.0165061951, 42.7247161865, 43.4213142395, 44.129524231, 44.8261222839, 45.5343284607, 46.2425384521, 46.9507484436, 47.6589546204, 48.3671646118],
