{
"metadata": {
    "version": {
        "essentia": "2.1-beta5",
        "essentia_git_sha": "Undefined",
        "extractor": "music 2.0"
    },
    "audio_properties": {
        "analysis": {
            "equal_loudness": 0,
            "length": 32.4963264465,
            "sample_rate": 44100,
            "start_time": 142.744674683,
            "downmix": "mix"
        },
        "bit_rate": 192000,
        "length": 207.238098145,
        "lossless": 0,
        "number_channels": 2,
        "replay_gain": -6.51504898071,
        "sample_rate": 48000,
        "codec": "mp3",
        "md5_encoded": "a81a4df5e685e690b1d8e30e3a689335"
    },
    "tags": {
        "file_name": "Netherlands_Blijf Zoals Je Bent_Justine Pelmelay.mp3",
        "encoding": ["Lavf58.29.100"]
    }
},
"lowlevel": {
    "average_loudness": 0.890230596066,
    "barkbands_crest": {
        "max": 23.5940093994,
        "mean": 10.2264518738,
        "min": 2.43105912209,
        "stdev": 3.93029785156
    },
    "barkbands_flatness_db": {
        "max": 0.294649153948,
        "mean": 0.156442731619,
        "min": 0.0340578444302,
        "stdev": 0.0407337322831
    },
    "barkbands_kurtosis": {
        "max": 44.1110229492,
        "mean": 1.77735817432,
        "min": -1.8868316412,
        "stdev": 3.42608833313
    },
    "barkbands_skewness": {
        "max": 6.13952827454,
        "mean": 0.94542235136,
        "min": -2.30600976944,
        "stdev": 0.926191210747
    },
    "barkbands_spread": {
        "max": 62.3076515198,
        "mean": 17.1996746063,
        "min": 3.01754117012,
        "stdev": 8.84315109253
    },
    "dissonance": {
        "max": 0.49989387393,
        "mean": 0.455015927553,
        "min": 0.314193487167,
        "stdev": 0.0286043751985
    },
    "dynamic_complexity": 4.618080616,
    "erbbands_crest": {
        "max": 30.7545623779,
        "mean": 12.015130043,
        "min": 2.67165517807,
        "stdev": 6.07213068008
    },
    "erbbands_flatness_db": {
        "max": 0.364979088306,
        "mean": 0.21364185214,
        "min": 0.100764662027,
        "stdev": 0.0474983863533
    },
    "erbbands_kurtosis": {
        "max": 16.2439689636,
        "mean": 0.701943576336,
        "min": -1.73452019691,
        "stdev": 2.09456682205
    },
    "erbbands_skewness": {
        "max": 2.71717834473,
        "mean": 0.40802654624,
        "min": -3.87436699867,
        "stdev": 0.639192998409
    },
    "erbbands_spread": {
        "max": 80.5261917114,
        "mean": 27.6367740631,
        "min": 3.85708594322,
        "stdev": 13.7565412521
    },
    "hfc": {
        "max": 82.472618103,
        "mean": 21.4937438965,
        "min": 0.0583630427718,
        "stdev": 18.7083282471
    },
    "loudness_ebu128": {
        "integrated": -16.8988513947,
        "loudness_range": 8.72115325928,
        "momentary": {
            "max": -13.6725435257,
            "mean": -19.3496742249,
            "min": -37.6569595337,
            "stdev": 5.5809803009
        },
        "short_term": {
            "max": -14.5901937485,
            "mean": -18.6466121674,
            "min": -31.2612476349,
            "stdev": 3.84537005424
        }
    },
    "melbands_crest": {
        "max": 28.857427597,
        "mean": 12.5685949326,
        "min": 4.55884552002,
        "stdev": 4.47845602036
    },
    "melbands_flatness_db": {
        "max": 0.328023284674,
        "mean": 0.188154071569,
        "min": 0.0619829371572,
        "stdev": 0.0462300740182
    },
    "melbands_kurtosis": {
        "max": 93.1679458618,
        "mean": 5.09511423111,
        "min": -1.82356023788,
        "stdev": 6.99359893799
    },
    "melbands_skewness": {
        "max": 7.84748506546,
        "mean": 1.54697918892,
        "min": -1.28474020958,
        "stdev": 1.18034696579
    },
    "melbands_spread": {
        "max": 177.01651001,
        "mean": 24.2946834564,
        "min": 2.50680327415,
        "stdev": 14.2970275879
    },
    "pitch_salience": {
        "max": 0.846387267113,
        "mean": 0.55167132616,
        "min": 0.23877120018,
        "stdev": 0.0920648351312
    },
    "silence_rate_20dB": {
        "max": 1,
        "mean": 1,
        "min": 1,
        "stdev": 0
    },
    "silence_rate_30dB": {
        "max": 1,
        "mean": 1,
        "min": 1,
        "stdev": 0
    },
    "silence_rate_60dB": {
        "max": 1,
        "mean": 0.171306207776,
        "min": 0,
        "stdev": 0.37677448988
    },
    "spectral_centroid": {
        "max": 4885.43847656,
        "mean": 1354.64404297,
        "min": 372.050598145,
        "stdev": 491.355895996
    },
    "spectral_complexity": {
        "max": 51,
        "mean": 17.0185585022,
        "min": 0,
        "stdev": 9.0644493103
    },
    "spectral_decrease": {
        "max": -1.61841668539e-11,
        "mean": -5.26305221626e-09,
        "min": -1.93821243499e-08,
        "stdev": 4.16048662188e-09
    },
    "spectral_energy": {
        "max": 0.0772775039077,
        "mean": 0.0218135025352,
        "min": 6.6376356699e-05,
        "stdev": 0.0172583200037
    },
    "spectral_energyband_high": {
        "max": 0.00581545056775,
        "mean": 0.00044452684233,
        "min": 4.59588960666e-07,
        "stdev": 0.000671273563057
    },
    "spectral_energyband_low": {
        "max": 0.0285385735333,
        "mean": 0.00156698096544,
        "min": 8.70172812029e-07,
        "stdev": 0.00249731587246
    },
    "spectral_energyband_middle_high": {
        "max": 0.0574931949377,
        "mean": 0.010342345573,
        "min": 1.25451342683e-05,
        "stdev": 0.0122373206541
    },
    "spectral_energyband_middle_low": {
        "max": 0.0666897147894,
        "mean": 0.0102576809004,
        "min": 3.73263974325e-05,
        "stdev": 0.0101606035605
    },
    "spectral_entropy": {
        "max": 8.54528045654,
        "mean": 7.35194778442,
        "min": 6.44991493225,
        "stdev": 0.326533019543
    },
    "spectral_flux": {
        "max": 0.23526711762,
        "mean": 0.0726335719228,
        "min": 0.00358639168553,
        "stdev": 0.0441631488502
    },
    "spectral_kurtosis": {
        "max": 21.4280929565,
        "mean": 4.99333953857,
        "min": -0.456984043121,
        "stdev": 2.94073820114
    },
    "spectral_rms": {
        "max": 0.00868289638311,
        "mean": 0.00413428992033,
        "min": 0.000254474784015,
        "stdev": 0.00204673083499
    },
    "spectral_rolloff": {
        "max": 6761.42578125,
        "mean": 1550.55639648,
        "min": 236.865234375,
        "stdev": 888.964904785
    },
    "spectral_skewness": {
        "max": 2.80749750137,
        "mean": 1.45468854904,
        "min": -0.279051959515,
        "stdev": 0.381104826927
    },
    "spectral_spread": {
        "max": 9144940,
        "mean": 3381773.25,
        "min": 1967477.375,
        "stdev": 836321.0625
    },
    "spectral_strongpeak": {
        "max": 10.8211355209,
        "mean": 2.05411267281,
        "min": 0,
        "stdev": 2.16752409935
    },
    "zerocrossingrate": {
        "max": 0.21826171875,
        "mean": 0.0580950118601,
        "min": 0.01513671875,
        "stdev": 0.0228833556175
    },
    "barkbands": {
        "max": [0.000184178148629, 0.00858697853982, 0.0123452935368, 0.0296667180955, 0.0475812070072, 0.0396387055516, 0.0276354849339, 0.028854848817, 0.0370359309018, 0.0453195646405, 0.0369257777929, 0.0526871755719, 0.0299339238554, 0.0373344197869, 0.0233386140317, 0.0170830003917, 0.0112116672099, 0.00637252768502, 0.00444350298494, 0.00221394910477, 0.00212028226815, 0.00330127379857, 0.00107838877011, 0.0011263146298, 0.000416452938225, 0.000131251072162, 2.81153688775e-06],
        "mean": [1.26647400975e-05, 0.000611391093116, 0.000658033066429, 0.00064028421184, 0.0025175313931, 0.00245847646147, 0.00115504628047, 0.0013029021211, 0.00131167587824, 0.00242888578214, 0.00109822000377, 0.00289668701589, 0.000999442883767, 0.00095998076722, 0.000620687089395, 0.000446331541752, 0.000439443188952, 0.000372128997697, 0.000348868401488, 0.000203294679523, 0.000124624217278, 9.99772310024e-05, 5.78534090891e-05, 3.52712668246e-05, 1.05975932456e-05, 3.21091147271e-06, 1.96742693248e-08],
        "min": [1.81902515273e-09, 1.32116596774e-07, 1.27364046421e-07, 4.00617281571e-08, 4.53438451586e-06, 1.93020900952e-06, 8.49476236908e-07, 7.82491724749e-07, 3.05524167743e-07, 6.15038288743e-07, 8.80395305103e-07, 9.42793235481e-07, 2.11152894281e-07, 2.89213517135e-07, 6.23968560376e-07, 1.72739632376e-07, 3.67208542684e-07, 4.45482413625e-07, 4.47842467111e-07, 1.77743373797e-07, 6.20440232524e-08, 4.25815969152e-08, 3.68549244456e-08, 3.86011080877e-08, 3.43157537941e-08, 1.57766055775e-09, 4.62021358671e-11],
        "stdev": [2.32484362641e-05, 0.000942744954955, 0.00116994988639, 0.00174617615994, 0.00359057169408, 0.00449494691566, 0.00239503663033, 0.00233097979799, 0.00345094618388, 0.00539998989552, 0.00325114256702, 0.00704108690843, 0.00285138865001, 0.00281440769322, 0.0014045399148, 0.00123443221673, 0.000782565854024, 0.000539235421456, 0.000441565207439, 0.000284177396679, 0.000214793792111, 0.000185890923603, 0.000108014806756, 7.9918470874e-05, 2.53531306953e-05, 7.59327622291e-06, 9.96269307052e-08]
    },
    "erbbands": {
        "max": [0.240608140826, 2.48674941063, 12.0778856277, 68.4577026367, 97.4889068604, 163.701583862, 272.333648682, 392.421508789, 549.928222656, 551.640380859, 799.722839355, 1130.06848145, 1667.74829102, 1377.5020752, 1729.5333252, 2716.12915039, 1146.55285645, 2171.88208008, 1118.35876465, 1385.95227051, 629.131652832, 431.648254395, 428.628112793, 280.105773926, 136.498764038, 119.66381073, 118.50806427, 108.371604919, 137.057907104, 68.3587036133, 27.0678291321, 19.9336090088, 19.6514549255, 6.89077234268, 1.94796204567, 0.892952203751, 0.140592366457, 0.00362979760394, 0.000407421670388, 9.35897478485e-05],
        "mean": [0.0136103471741, 0.157144427299, 0.669418931007, 1.59954929352, 5.54167175293, 8.49915885925, 11.7949981689, 20.7489051819, 23.3679275513, 17.6027317047, 28.0354576111, 36.2406082153, 57.044303894, 63.7426185608, 59.9858703613, 136.785003662, 56.3844680786, 47.9368743896, 43.4885292053, 27.3019218445, 22.5905017853, 19.7740077972, 21.1234321594, 22.4535827637, 13.3753862381, 10.5401992798, 6.3286318779, 4.63189649582, 3.69350886345, 2.57390904427, 1.48278367519, 0.886429131031, 0.492252528667, 0.14391361177, 0.0638236030936, 0.0255255680531, 0.00368388742208, 0.00012860132847, 1.92013576452e-05, 2.71496628557e-05],
        "min": [3.76283878722e-06, 9.65896761045e-05, 0.000735988433007, 0.00116505334154, 0.00423374352977, 0.0196661856025, 0.0141262589023, 0.0283780265599, 0.015396472998, 0.0127105508, 0.0232565104961, 0.0182256866246, 0.0363119728863, 0.0308696739376, 0.0462857745588, 0.0455161295831, 0.0298337973654, 0.0177558548748, 0.0336154177785, 0.0244535282254, 0.0151354465634, 0.0152421249077, 0.022169759497, 0.0245802607387, 0.0250543486327, 0.00847502425313, 0.00353823392652, 0.00207214686088, 0.00159724301193, 0.00103146326728, 0.00102826114744, 0.00103627808858, 0.000438294315245, 0.000225360883633, 0.000229514422244, 4.01411161874e-05, 3.25098881149e-06, 1.00512670542e-06, 1.49133526861e-07, 8.45770600222e-08],
        "stdev": [0.0203595794737, 0.248195946217, 1.109375, 4.00024604797, 8.46464538574, 13.6852293015, 22.8830184937, 41.502658844, 49.6693992615, 37.2169723511, 52.0500640869, 94.1194000244, 131.921585083, 164.448135376, 143.457077026, 338.079742432, 128.078094482, 141.650085449, 89.9862442017, 66.8416366577, 49.349697113, 33.0283432007, 31.7299289703, 28.7329902649, 18.0874671936, 14.0092496872, 11.49472332, 8.40634250641, 7.47596311569, 4.52925682068, 2.73714923859, 1.80549824238, 1.24902963638, 0.37760451436, 0.14136607945, 0.056189648807, 0.00984115712345, 0.000281420536339, 2.34865601669e-05, 2.14070732909e-05]
    },
    "gfcc": {
        "mean": [-40.1421012878, 111.614425659, -162.531845093, 24.2278232574, -70.7565917969, -0.751353502274, -40.4730567932, -3.14434885979, -25.0890483856, -6.51474094391, -9.80847263336, -4.86436748505, -6.79063558578],
        "cov": [[7232.42431641, -777.479736328, 161.436538696, 798.980895996, -103.405967712, 933.837402344, 167.940536499, 176.213226318, -99.0694961548, 205.597091675, 69.0014419556, 206.493972778, -142.371032715], [-777.479736328, 681.20324707, 22.8065986633, -100.077430725, 294.438262939, -105.56022644, 131.419281006, 4.67562913895, -4.48456954956, -64.5418243408, 57.2043914795, -56.8259086609, 43.856967926], [161.436538696, 22.8065986633, 522.010375977, 269.046936035, 47.193157196, 162.13092041, -74.4862670898, 115.192993164, -21.461397171, 37.3000297546, -92.4232635498, 26.5876789093, -11.1495838165], [798.980895996, -100.077430725, 269.046936035, 392.31451416, 51.155418396, 187.933029175, -36.3531570435, 87.1905517578, 7.8295006752, 56.800743103, -48.8745079041, 19.9561290741, -15.8122682571], [-103.405967712, 294.438262939, 47.193157196, 51.155418396, 358.835357666, 107.623725891, 103.903694153, 61.0415496826, -71.1777572632, 36.7283439636, 37.4543647766, -5.54562997818, -3.23074150085], [933.837402344, -105.56022644, 162.13092041, 187.933029175, 107.623725891, 350.169647217, 80.2473526001, 74.8687591553, -83.0879211426, 62.0120582581, 8.8808555603, 13.6840190887, -35.2688941956], [167.940536499, 131.419281006, -74.4862670898, -36.3531570435, 103.903694153, 80.2473526001, 182.693374634, 19.2959480286, -54.6782035828, -6.7705411911, 63.2216758728, -3.97285676003, -6.06506919861], [176.213226318, 4.67562913895, 115.192993164, 87.1905517578, 61.0415496826, 74.8687591553, 19.2959480286, 138.310043335, 21.1690578461, 35.4166145325, -10.2234630585, 33.1327857971, 6.4940867424], [-99.0694961548, -4.48456954956, -21.461397171, 7.8295006752, -71.1777572632, -83.0879211426, -54.6782035828, 21.1690578461, 169.05645752, 11.9983205795, -23.1301441193, 6.86754894257, 24.6116275787], [205.597091675, -64.5418243408, 37.3000297546, 56.800743103, 36.7283439636, 62.0120582581, -6.7705411911, 35.4166145325, 11.9983205795, 97.92137146, 7.78315591812, 22.282289505, -9.73886871338], [69.0014419556, 57.2043914795, -92.4232635498, -48.8745079041, 37.4543647766, 8.8808555603, 63.2216758728, -10.2234630585, -23.1301441193, 7.78315591812, 109.42339325, 21.6034889221, -5.37749671936], [206.493972778, -56.8259086609, 26.5876789093, 19.9561290741, -5.54562997818, 13.6840190887, -3.97285676003, 33.1327857971, 6.86754894257, 22.282289505, 21.6034889221, 85.4119567871, 11.9258022308], [-142.371032715, 43.856967926, -11.1495838165, -15.8122682571, -3.23074150085, -35.2688941956, -6.06506919861, 6.4940867424, 24.6116275787, -9.73886871338, -5.37749671936, 11.9258022308, 67.9786071777]],
        "icov": [[0.000361691665603, -0.000446038815426, 0.00076520035509, -0.000762630603276, 0.000804988434538, -0.00112989475019, 0.000118637573905, -8.03841103334e-05, 0.00018496530538, -0.000194084292161, 0.000349111738615, -0.00109596794937, 0.000588808674365], [-0.000446038815426, 0.00836493913084, -0.00553085003048, 0.00249417405576, -0.00793666858226, 0.0058344528079, -0.00493257539347, 0.00216973852366, -0.00382536044344, 0.00428583752364, -0.00490886811167, 0.00627127895132, -0.00414491305128], [0.00076520035509, -0.00553085003048, 0.0084625640884, -0.00415607308969, 0.00549002923071, -0.00573352817446, 0.00480425124988, -0.00358590902761, 0.00368791562505, -0.00205217278562, 0.00544337090105, -0.00592884421349, 0.00349108758382], [-0.000762630603276, 0.00249417405576, -0.00415607308969, 0.00702537363395, -0.00341525697149, 0.000998674193397, -0.000148771490785, 0.00028908229433, -0.0023881115485, 0.000794043997303, -0.0012643088121, 0.00318541121669, -0.00161940825637], [0.000804988434538, -0.00793666858226, 0.00549002923071, -0.00341525697149, 0.0120909102261, -0.00617024721578, 0.00270078657195, -0.00350250978954, 0.00513570802286, -0.00559724122286, 0.00392822222784, -0.00530653307214, 0.0034417361021], [-0.00112989475019, 0.0058344528079, -0.00573352817446, 0.000998674193397, -0.00617024721578, 0.0124067133293, -0.00605375086889, 0.000505886855535, -0.000192522144062, 0.000243681191932, -0.00355622451752, 0.00651351967826, -0.00260283378884], [0.000118637573905, -0.00493257539347, 0.00480425124988, -0.000148771490785, 0.00270078657195, -0.00605375086889, 0.0137948496267, -0.0040052914992, 0.00331223546527, 0.000309903523885, -0.00111237936653, -0.00201928475872, 0.00189653167035], [-8.03841103334e-05, 0.00216973852366, -0.00358590902761, 0.00028908229433, -0.00350250978954, 0.000505886855535, -0.0040052914992, 0.0133151626214, -0.00423619477078, -0.000441800249973, 0.000245868024649, -0.00233919522725, -0.00172219995875], [0.00018496530538, -0.00382536044344, 0.00368791562505, -0.0023881115485, 0.00513570802286, -0.000192522144062, 0.00331223546527, -0.00423619477078, 0.0109690940008, -0.00413380330428, 0.00285737472586, -0.00191155681387, -0.000253057893133], [-0.000194084292161, 0.00428583752364, -0.00205217278562, 0.000794043997303, -0.00559724122286, 0.000243681191932, 0.000309903523885, -0.000441800249973, -0.00413380330428, 0.0165948774666, -0.00398211041465, 0.000558098719921, 6.80236043991e-05], [0.000349111738615, -0.00490886811167, 0.00544337090105, -0.0012643088121, 0.00392822222784, -0.00355622451752, -0.00111237936653, 0.000245868024649, 0.00285737472586, -0.00398211041465, 0.0180270504206, -0.00916046090424, 0.00414387974888], [-0.00109596794937, 0.00627127895132, -0.00592884421349, 0.00318541121669, -0.00530653307214, 0.00651351967826, -0.00201928475872, -0.00233919522725, -0.00191155681387, 0.000558098719921, -0.00916046090424, 0.0223988909274, -0.00728446571156], [0.000588808674365, -0.00414491305128, 0.00349108758382, -0.00161940825637, 0.0034417361021, -0.00260283378884, 0.00189653167035, -0.00172219995875, -0.000253057893133, 6.80236043991e-05, 0.00414387974888, -0.00728446571156, 0.0196677278727]]
    },
    "melbands": {
        "max": [0.00235630222596, 0.00474163377658, 0.0104016009718, 0.0107765290886, 0.00961300078779, 0.00919739622623, 0.00717527512461, 0.00637439358979, 0.00649293186143, 0.00619009928778, 0.00845704507083, 0.00640723202378, 0.00553508475423, 0.00509742507711, 0.00438505923375, 0.00277811242267, 0.00458031240851, 0.00248624547385, 0.00218349811621, 0.00164599274285, 0.000691942637786, 0.000668153865263, 0.000385112682125, 0.000232628372032, 0.000281265762169, 0.000119632190035, 6.3181418227e-05, 9.92638379103e-05, 0.000122805766296, 6.10842107562e-05, 7.35701905796e-05, 7.80788031989e-05, 5.73720863031e-05, 3.45050102624e-05, 1.75030836544e-05, 1.2060501831e-05, 1.15132961582e-05, 1.46199263327e-05, 1.03049051177e-05, 4.79259824715e-06],
        "mean": [0.000147145357914, 0.000304738758132, 0.00038448930718, 0.000525319250301, 0.000408650026657, 0.000490320904646, 0.000325575500028, 0.000204887459404, 0.000235381405219, 0.0002138090058, 0.000285874062683, 0.000264090311248, 0.000159721035743, 0.000329326867359, 0.000231181649724, 8.5255727754e-05, 9.27407527342e-05, 7.4502073403e-05, 3.59317236871e-05, 3.9029859181e-05, 2.42797086685e-05, 1.99079622689e-05, 2.29704692174e-05, 1.86068191397e-05, 1.85518420039e-05, 1.07131854747e-05, 6.86251269144e-06, 6.99224483469e-06, 4.2740725803e-06, 3.13062059831e-06, 2.53559142038e-06, 2.17022284232e-06, 1.65214476056e-06, 1.35926586609e-06, 8.94930508366e-07, 6.55313613152e-07, 4.88427815526e-07, 3.8377137912e-07, 2.16703696765e-07, 9.06310617665e-08],
        "min": [3.49492097484e-08, 9.23956520182e-08, 2.89974906309e-07, 9.8969485407e-07, 5.6690475958e-07, 5.6729879816e-07, 2.04411520599e-07, 1.34323784096e-07, 1.53741083864e-07, 5.93643321167e-08, 1.66801598311e-07, 7.78090765152e-08, 1.34625651071e-07, 7.58364180342e-08, 8.07707678518e-08, 3.23351514453e-08, 2.30536745249e-08, 4.2494779251e-08, 3.91483112594e-08, 1.41599452164e-08, 1.93049665143e-08, 1.87857764899e-08, 6.0913376565e-09, 2.48681306658e-08, 1.33611086639e-08, 1.73829608485e-08, 1.08937427967e-08, 4.68709648871e-09, 2.16277773468e-09, 1.8479234809e-09, 8.29415480741e-10, 8.62919347089e-10, 8.00306487747e-10, 4.34750929701e-10, 5.43757816551e-10, 4.50645964989e-10, 4.86460871585e-10, 2.92814189562e-10, 2.09860129274e-10, 1.64451396945e-10],
        "stdev": [0.000221785710892, 0.0004734833783, 0.000706197752152, 0.000802302034572, 0.000713618472219, 0.000952005502768, 0.000677739852108, 0.000435782159911, 0.000462399533717, 0.00057549320627, 0.000680082477629, 0.000721135002095, 0.000447793921921, 0.000777420878876, 0.000530846824404, 0.000259438587818, 0.000291378091788, 0.000169782419107, 9.16421558941e-05, 0.000109531050839, 5.40310575161e-05, 3.84828999813e-05, 4.26568840339e-05, 2.83185781882e-05, 2.59763928625e-05, 1.62994456332e-05, 8.61179250933e-06, 1.01302175608e-05, 9.56244548433e-06, 5.17099124409e-06, 5.09924939252e-06, 4.39460700363e-06, 3.23523818224e-06, 2.4701937491e-06, 1.71453382336e-06, 1.28833301005e-06, 1.05310255094e-06, 9.74844738266e-07, 5.98945405272e-07, 2.44624828838e-07]
    },
    "melbands128": {
        "max": [0.000181494557182, 0.00155400088988, 0.00386191136204, 0.00554610788822, 0.00593814952299, 0.00813402514905, 0.0165392570198, 0.0149657158181, 0.01054031495, 0.019100163132, 0.0106947189197, 0.0149321844801, 0.0119012799114, 0.0120098600164, 0.0138174807653, 0.0200748648494, 0.0181915406138, 0.00785328820348, 0.007997142151, 0.0080553246662, 0.00883998349309, 0.00513971596956, 0.0118670286611, 0.00949562620372, 0.0142158046365, 0.0108751915395, 0.00748070143163, 0.0171349272132, 0.00738563574851, 0.014629362151, 0.00944814551622, 0.00944261346012, 0.010073767975, 0.0135411377996, 0.00721972016618, 0.0099830320105, 0.0148843917996, 0.00948328804225, 0.00736315688118, 0.00615691626444, 0.00556856160983, 0.00886776484549, 0.00978496577591, 0.00759321963415, 0.00508702499792, 0.00286430795677, 0.00480110058561, 0.00199088267982, 0.00361182843335, 0.00183821120299, 0.00295640155673, 0.00278622470796, 0.000976146722678, 0.00179891940206, 0.00228860531934, 0.000745361088775, 0.000280588574242, 0.000960986071732, 0.000540649751201, 0.000852079421747, 0.000514028244652, 0.000395185663365, 0.000425718462793, 0.000556819024496, 0.000229701574426, 0.000259563414147, 0.000213723033085, 0.000136593007483, 0.000117413546832, 0.000159862305736, 0.000204520008992, 0.000171288644196, 0.000242190260906, 0.000163522170624, 7.58134119678e-05, 6.35330725345e-05, 9.71867193584e-05, 5.70078955207e-05, 8.75271507539e-05, 7.68608297221e-05, 5.71028358536e-05, 9.7046031442e-05, 0.000115048882435, 3.2267489587e-05, 3.42191015079e-05, 3.34467549692e-05, 4.25250582339e-05, 2.78206844087e-05, 1.96443688765e-05, 1.56637870532e-05, 1.81942341442e-05, 1.63192744367e-05, 1.95310694835e-05, 1.00938214018e-05, 1.14066078822e-05, 1.31206716105e-05, 2.22725175263e-05, 1.45850544868e-05, 1.40649781315e-05, 6.9928951234e-06, 2.5177319003e-06, 5.96330392e-06, 6.55381336401e-06, 2.11276028494e-06, 1.63801769304e-06, 1.99483156393e-06, 2.02793648896e-06, 1.84692123639e-06, 1.61831894729e-06, 1.55962266035e-06, 8.09945504443e-07, 1.03970239707e-06, 3.01567069982e-07, 6.5928048798e-08, 1.528967708e-08, 1.69423763907e-08, 1.37304461134e-08, 1.32393536134e-08, 4.40703935567e-08, 1.58028843344e-08, 1.43587328694e-08, 1.81666361954e-08, 1.15868505901e-08, 1.13764366816e-08, 1.11994511443e-08, 1.10714220014e-08, 1.0955690577e-08, 1.08925508613e-08],
        "mean": [1.09572329166e-05, 8.61869993969e-05, 0.000202667943086, 0.00026714336127, 0.000323385902448, 0.000323710497469, 0.00029437430203, 0.000339533726219, 0.000616269768216, 0.000575296231546, 0.000450371473562, 0.000410810112953, 0.000386921572499, 0.000425935373642, 0.000395136623411, 0.000622112071142, 0.000570188800339, 0.000208317273064, 0.000114469934488, 0.000186475474038, 0.000270359189017, 0.000197900822968, 0.000263802619884, 0.000194112290046, 0.000293879857054, 0.000170064318809, 0.000154307796038, 0.000393970840378, 0.000249865523074, 0.000378509692382, 0.000236616804614, 0.000106968735054, 0.000139305557241, 0.000238838285441, 0.000137962662848, 0.00044122064719, 0.000537132204045, 0.000127110703033, 0.000143498153193, 0.000124367084936, 5.57120329177e-05, 5.64825022593e-05, 8.9769520855e-05, 0.000130819244077, 6.48657151032e-05, 7.21299074939e-05, 7.82946226536e-05, 1.60252257047e-05, 3.03173383145e-05, 4.11994951719e-05, 4.16625771322e-05, 3.98659904022e-05, 1.48569070006e-05, 2.15669879253e-05, 3.40667320415e-05, 1.11970921353e-05, 1.14732119982e-05, 4.12827830587e-05, 1.5638235709e-05, 1.52368611452e-05, 1.83068259503e-05, 2.04096450034e-05, 2.4995786589e-05, 1.71357296495e-05, 9.80361528491e-06, 9.6974963526e-06, 1.38776704262e-05, 5.97150801696e-06, 3.99221653424e-06, 9.36206924962e-06, 7.6160131357e-06, 5.48171783521e-06, 5.91479192735e-06, 3.76156867787e-06, 2.63882634499e-06, 3.77270703211e-06, 2.99638622892e-06, 2.45268483923e-06, 2.48611104325e-06, 2.61485638475e-06, 2.17120350499e-06, 1.97898270926e-06, 2.19170738092e-06, 1.37628001085e-06, 1.52394557063e-06, 1.45488786529e-06, 1.32444938572e-06, 1.13899477583e-06, 8.63367347392e-07, 7.17084049029e-07, 6.99787221947e-07, 6.19646641553e-07, 6.34533535049e-07, 4.30845574328e-07, 4.53361508335e-07, 4.56927608639e-07, 3.61804325166e-07, 2.97091077073e-07, 2.60463821178e-07, 1.60427063634e-07, 5.52054260083e-08, 1.05790370242e-07, 9.13360764798e-08, 7.32705061068e-08, 7.31006934984e-08, 6.38647748019e-08, 6.47202895721e-08, 4.11355394192e-08, 4.78630965972e-08, 3.86752496695e-08, 3.22961142274e-08, 1.64619358145e-08, 4.91045515361e-09, 1.08938169596e-09, 3.59031998576e-10, 4.66975569324e-10, 4.12514272741e-10, 5.54661629126e-11, 1.28433721991e-10, 8.93579377159e-11, 3.91928330068e-11, 3.26909090076e-11, 2.30341440366e-11, 1.19349764446e-11, 1.16388322591e-11, 1.14113241426e-11, 1.12487120313e-11, 1.11769352454e-11],
        "min": [6.03802008392e-11, 9.52577572377e-10, 1.53186874297e-09, 4.72328265388e-09, 4.30747171265e-08, 6.3523103222e-08, 7.89256944245e-08, 2.84526251448e-08, 2.16250413132e-07, 6.14888392647e-07, 4.58368809575e-08, 2.60955744125e-07, 9.33166504069e-08, 2.6558979016e-07, 1.69520717463e-07, 1.55680567104e-07, 1.33944922709e-07, 2.41865727446e-08, 5.61897337548e-08, 9.74449676505e-08, 5.87625379467e-08, 5.91883875245e-08, 4.70685677101e-08, 5.21758813932e-08, 2.81327352525e-08, 3.66462238333e-09, 3.0810802798e-08, 9.39482163176e-08, 1.3217771766e-08, 8.0860278473e-09, 6.02417404849e-09, 1.82579977803e-08, 1.09899467304e-07, 4.82143853731e-08, 1.46121656996e-08, 2.28090257792e-08, 1.50516470399e-08, 3.59336453926e-08, 6.18184436973e-09, 1.10735181025e-08, 1.68270162249e-08, 1.69302456499e-08, 2.31072814216e-08, 4.40698455506e-09, 8.07271582914e-09, 2.94132167511e-08, 3.17743484857e-08, 2.69366484673e-09, 2.54707477332e-09, 6.22758733471e-09, 5.94207127946e-09, 9.0463707636e-09, 8.20738232932e-09, 1.93005078586e-08, 1.08075726146e-08, 7.83349030087e-09, 3.68978536613e-09, 3.16044612703e-09, 2.71683830988e-09, 1.91203319844e-09, 1.73984275875e-08, 7.13201186997e-09, 6.39463682006e-09, 1.07611271005e-08, 5.5458357906e-09, 1.12306990374e-08, 1.53101389344e-08, 1.08701954105e-08, 4.38703295913e-09, 4.04045374935e-09, 3.10497916267e-09, 4.49678827508e-09, 1.20399856751e-09, 8.72347138969e-10, 3.82055470594e-10, 2.06651340484e-09, 1.18980170161e-09, 5.28416865819e-10, 5.33896649113e-10, 4.89868534626e-10, 2.52119519706e-10, 3.93767934925e-10, 6.01155514257e-10, 4.87757501055e-10, 3.71495667562e-10, 2.89371887563e-10, 1.51994819508e-10, 2.1012068474e-10, 3.13727599455e-10, 3.12387227197e-10, 3.22826904098e-10, 3.08024022955e-10, 2.26465513009e-10, 3.86068177427e-10, 2.60784283057e-10, 1.96645186246e-10, 1.73260558678e-10, 8.88743870164e-11, 1.94961394251e-10, 5.48981832216e-11, 5.87517742789e-11, 4.33902080932e-11, 1.70392977505e-10, 1.37965805447e-10, 1.82158718665e-10, 2.03733183102e-10, 1.18545839811e-10, 3.90618162815e-11, 1.47632719851e-12, 5.39139371168e-13, 1.70525187937e-13, 1.6534981663e-13, 1.06442137819e-13, 1.46422221678e-13, 1.47107640739e-13, 1.27407456872e-13, 1.90794727023e-13, 1.57749925319e-13, 1.03012338785e-13, 1.27683562508e-13, 1.14665140447e-13, 1.15253835122e-13, 9.99906266726e-14, 1.11035041838e-13, 6.93103343816e-14, 3.10777303143e-14, 3.92700017402e-15, 2.02777887628e-16],
        "stdev": [2.12754221138e-05, 0.000136997798108, 0.000346875051036, 0.000461120478576, 0.000558867643122, 0.000615696539171, 0.000912422954571, 0.000811966718175, 0.00100227759685, 0.00116457766853, 0.000836740829982, 0.000824941264, 0.000949453038629, 0.00105460570194, 0.0010286225006, 0.00163444713689, 0.00149314035662, 0.000495350162964, 0.00036100007128, 0.00049584946828, 0.000700364180375, 0.000401126948418, 0.000703932018951, 0.000641454011202, 0.00099431804847, 0.000767388439272, 0.00054323009681, 0.00119050627109, 0.000782395596616, 0.00131841795519, 0.000823588343337, 0.000563076988328, 0.000578302831855, 0.000834570266306, 0.000542309368029, 0.0013267978793, 0.00161112193018, 0.000582081265748, 0.000505563395564, 0.00049620505888, 0.000286920752842, 0.000429501204053, 0.000444911216618, 0.000420708442107, 0.000292727636406, 0.00023101241095, 0.00022970851569, 6.86648854753e-05, 0.000164199271239, 0.000110079810838, 0.000176747184014, 0.000160584226251, 5.48277821508e-05, 7.7854427218e-05, 9.73464120761e-05, 3.51336457243e-05, 2.48945816566e-05, 9.95531590888e-05, 3.45938460669e-05, 5.12582773808e-05, 4.48676182714e-05, 4.2449843022e-05, 4.58680551674e-05, 3.59357254638e-05, 2.10890539165e-05, 2.16835032916e-05, 2.69208121608e-05, 1.07935384221e-05, 8.92053776624e-06, 1.60947347467e-05, 1.41343052746e-05, 1.26703025671e-05, 1.75013374246e-05, 1.05987674033e-05, 5.5552241065e-06, 6.23519918008e-06, 6.33038735032e-06, 5.52233314011e-06, 5.86187525187e-06, 5.32180274604e-06, 4.33657214671e-06, 5.1908491514e-06, 5.78828257858e-06, 2.90468847197e-06, 2.831942993e-06, 2.63374704446e-06, 2.85210489892e-06, 2.52037079917e-06, 1.75694162863e-06, 1.42832243455e-06, 1.49442212205e-06, 1.37061908845e-06, 1.42055262131e-06, 1.01896966953e-06, 1.08430276669e-06, 1.09104644253e-06, 1.10008159027e-06, 9.30971395974e-07, 7.35815149255e-07, 4.56257282622e-07, 1.6268138836e-07, 2.98711171354e-07, 2.72882374475e-07, 1.64701134509e-07, 1.58365423886e-07, 1.62976689921e-07, 1.51267357751e-07, 9.9387058583e-08, 1.08007917277e-07, 9.66480442344e-08, 7.33175511414e-08, 5.94168234613e-08, 2.16272830755e-08, 3.98015931324e-09, 1.28293253798e-09, 1.30228128281e-09, 8.2518714084e-10, 5.22317578078e-10, 1.43691158971e-09, 7.69031949233e-10, 5.49380485548e-10, 5.96168170386e-10, 3.93097165929e-10, 3.04449937483e-10, 2.99709340679e-10, 2.96284441426e-10, 2.93189250655e-10, 2.91496354832e-10]
    },
    "mfcc": {
        "mean": [-667.638427734, 132.918045044, -33.0361061096, 19.8810062408, -13.6882600784, -1.68124961853, -11.2727546692, -1.42152070999, -13.2574415207, -2.85541653633, -7.51028013229, -3.36574959755, -5.07829284668],
        "cov": [[7476.30566406, -1316.05078125, 481.542938232, 45.9075088501, 88.9543380737, 550.49407959, 277.80456543, 295.599029541, 23.0285053253, 32.1328392029, 261.775543213, 161.981063843, 0.0150497052819], [-1316.05078125, 869.480529785, -275.125518799, 49.8726501465, 54.4864349365, -78.9047012329, 134.330780029, 7.51132249832, 0.858527481556, 13.1691808701, -13.2120523453, -51.6542701721, 30.9319400787], [481.542938232, -275.125518799, 537.170227051, 81.7023849487, 120.2317276, 78.2675323486, -22.1925601959, 53.2259254456, 70.9613189697, 17.1280574799, 16.9479522705, 16.5176506042, -54.9937324524], [45.9075088501, 49.8726501465, 81.7023849487, 190.096496582, 103.138381958, 23.9047203064, 14.1914625168, 22.9648323059, 42.7336883545, 13.5909824371, 12.3176965714, 10.3701238632, 13.3411073685], [88.9543380737, 54.4864349365, 120.2317276, 103.138381958, 250.583221436, 79.9769821167, 94.4834289551, 33.9514389038, 75.0379714966, 26.1721172333, 25.1238250732, 21.1439304352, 23.3619270325], [550.49407959, -78.9047012329, 78.2675323486, 23.9047203064, 79.9769821167, 175.593933105, 130.63432312, 28.7589015961, 23.1061077118, 8.24687671661, 44.422668457, 8.23474788666, 16.9666957855], [277.80456543, 134.330780029, -22.1925601959, 14.1914625168, 94.4834289551, 130.63432312, 367.656219482, 68.7932434082, 10.6101818085, -12.8133068085, 65.8547897339, -10.9032230377, 40.7942085266], [295.599029541, 7.51132249832, 53.2259254456, 22.9648323059, 33.9514389038, 28.7589015961, 68.7932434082, 114.089599609, 23.659072876, 12.4437036514, 28.0890350342, 9.25219345093, -1.98894929886], [23.0285053253, 0.858527481556, 70.9613189697, 42.7336883545, 75.0379714966, 23.1061077118, 10.6101818085, 23.659072876, 122.56187439, 34.8827972412, 6.71289110184, 6.52309846878, 8.07164573669], [32.1328392029, 13.1691808701, 17.1280574799, 13.5909824371, 26.1721172333, 8.24687671661, -12.8133068085, 12.4437036514, 34.8827972412, 80.2613067627, 17.0846424103, 0.222823798656, -5.51725912094], [261.775543213, -13.2120523453, 16.9479522705, 12.3176965714, 25.1238250732, 44.422668457, 65.8547897339, 28.0890350342, 6.71289110184, 17.0846424103, 82.8754043579, 24.0954246521, 13.0512132645], [161.981063843, -51.6542701721, 16.5176506042, 10.3701238632, 21.1439304352, 8.23474788666, -10.9032230377, 9.25219345093, 6.52309846878, 0.222823798656, 24.0954246521, 88.2888031006, 40.8661727905], [0.0150497052819, 30.9319400787, -54.9937324524, 13.3411073685, 23.3619270325, 16.9666957855, 40.7942085266, -1.98894929886, 8.07164573669, -5.51725912094, 13.0512132645, 40.8661727905, 106.941741943]],
        "icov": [[0.000275303114904, 0.000383252336178, 0.000102010541013, -0.00012236686598, 9.52530899667e-05, -0.000606785586569, -1.44144269143e-05, -0.000563707144465, 0.000124988786411, -4.39755203843e-05, -0.000279014930129, -0.000182792704436, 0.000119507043564], [0.000383252336178, 0.00242427852936, 0.00109388947021, -0.000795867992565, -0.00063270481769, 0.000662199279759, -0.000980600365438, -0.000894750410225, 0.000211637263419, -0.000596347788814, -0.000103865881101, 0.000648647430353, 6.91952736815e-05], [0.000102010541013, 0.00109388947021, 0.00326736620627, -0.000823804817628, -0.0011854916811, -0.000800943002105, 0.000384639017284, -0.00118682312313, -0.000781562586781, 0.000413553934777, -2.87825223495e-05, -0.000346042885212, 0.00189989327919], [-0.00012236686598, -0.000795867992565, -0.000823804817628, 0.00738337635994, -0.00255490606651, 0.000175728229806, 0.00101101072505, -0.000446338119218, -0.000599901715759, 0.000484866672195, -0.000681185803842, 0.000514681159984, -0.00102146714926], [9.52530899667e-05, -0.00063270481769, -0.0011854916811, -0.00255490606651, 0.00771347992122, -0.00208132667467, -0.00126909161918, 0.000395573442802, -0.00239146850072, -0.000963398255408, 0.000828806078061, -0.00180482980795, -0.000251939083682], [-0.000606785586569, 0.000662199279759, -0.000800943002105, 0.000175728229806, -0.00208132667467, 0.0119648026302, -0.00352443684824, 0.0019856961444, -0.000240692199441, -0.000789874175098, -0.00152337620966, 0.00127218698617, -0.00101028080098], [-1.44144269143e-05, -0.000980600365438, 0.000384639017284, 0.00101101072505, -0.00126909161918, -0.00352443684824, 0.00595277966931, -0.00242228689604, 0.000281592918327, 0.0024036897812, -0.00293968012556, 0.00238818512298, -0.0015751956962], [-0.000563707144465, -0.000894750410225, -0.00118682312313, -0.000446338119218, 0.000395573442802, 0.0019856961444, -0.00242228689604, 0.0125815160573, -0.00155005324632, -0.000987055012956, -0.00106894993223, -0.00122444320004, 0.00112522870768], [0.000124988786411, 0.000211637263419, -0.000781562586781, -0.000599901715759, -0.00239146850072, -0.000240692199441, 0.000281592918327, -0.00155005324632, 0.0117750661448, -0.00416051829234, 0.00104849750642, 0.000378073775209, -0.00133976317011], [-4.39755203843e-05, -0.000596347788814, 0.000413553934777, 0.000484866672195, -0.000963398255408, -0.000789874175098, 0.0024036897812, -0.000987055012956, -0.00416051829234, 0.016162648797, -0.00451156776398, 0.00138625397813, 0.00089390669018], [-0.000279014930129, -0.000103865881101, -2.87825223495e-05, -0.000681185803842, 0.000828806078061, -0.00152337620966, -0.00293968012556, -0.00106894993223, 0.00104849750642, -0.00451156776398, 0.0185563247651, -0.00521553214639, 0.000678907730617], [-0.000182792704436, 0.000648647430353, -0.000346042885212, 0.000514681159984, -0.00180482980795, 0.00127218698617, 0.00238818512298, -0.00122444320004, 0.000378073775209, 0.00138625397813, -0.00521553214639, 0.0174967441708, -0.00717771239579], [0.000119507043564, 6.91952736815e-05, 0.00189989327919, -0.00102146714926, -0.000251939083682, -0.00101028080098, -0.0015751956962, 0.00112522870768, -0.00133976317011, 0.00089390669018, 0.000678907730617, -0.00717771239579, 0.0140796517953]]
    },
    "spectral_contrast_coeffs": {
        "max": [-0.389538198709, -0.484903991222, -0.424867451191, -0.54530698061, -0.623034596443, -0.596484959126],
        "mean": [-0.666657447815, -0.724683105946, -0.695189535618, -0.74711894989, -0.762397408485, -0.72850471735],
        "min": [-0.955982685089, -0.9053606987, -0.90897500515, -0.890571653843, -0.868090748787, -0.869284212589],
        "stdev": [0.0831555277109, 0.0716564208269, 0.0915534123778, 0.0578732453287, 0.0435082279146, 0.0403687357903]
    },
    "spectral_contrast_valleys": {
        "max": [-5.25382232666, -5.25880908966, -5.95287799835, -6.24485015869, -6.06292200089, -8.24981403351],
        "mean": [-7.49505233765, -6.83494329453, -7.67897367477, -7.87379217148, -7.82802438736, -11.1491451263],
        "min": [-10.1294717789, -9.33407688141, -10.0859880447, -10.4315824509, -10.5770483017, -13.3222570419],
        "stdev": [1.11841905117, 0.740537941456, 0.760504305363, 0.777615725994, 0.865474164486, 1.0978770256]
    }
},
"rhythm": {
    "beats_count": 75,
    "beats_loudness": {
        "max": 0.0707547515631,
        "mean": 0.026705102995,
        "min": 0.000240531022428,
        "stdev": 0.0181958843023
    },
    "bpm": 152.281982422,
    "bpm_histogram_first_peak_bpm": 152,
    "bpm_histogram_first_peak_weight": 0.266666650772,
    "bpm_histogram_second_peak_bpm": 157,
    "bpm_histogram_second_peak_spread": 0.230769217014,
    "bpm_histogram_second_peak_weight": 0.135135129094,
    "danceability": 0.81305706501,
    "onset_rate": 2.30712866783,
    "beats_loudness_band_ratio": {
        "max": [0.727023184299, 0.788493335247, 0.759856641293, 0.819631695747, 0.423753261566, 0.640252232552],
        "mean": [0.143952980638, 0.292395949364, 0.236113637686, 0.259449213743, 0.10726800561, 0.0538259521127],
        "min": [0.0012565436773, 0.0222944319248, 0.0250983573496, 0.0161007419229, 0.0111883021891, 0.0030488492921],
        "stdev": [0.162967294455, 0.176627010107, 0.16367392242, 0.236056447029, 0.0860961228609, 0.101370789111]
    },
