{
"metadata": {
    "version": {
        "essentia": "2.1-beta5",
        "essentia_git_sha": "Undefined",
        "extractor": "music 2.0"
    },
    "audio_properties": {
        "analysis": {
            "equal_loudness": 0,
            "length": 32.4963264465,
            "sample_rate": 44100,
            "start_time": 12.7477550507,
            "downmix": "mix"
        },
        "bit_rate": 192000,
        "length": 174.776596069,
        "lossless": 0,
        "number_channels": 2,
        "replay_gain": 3.40902900696,
        "sample_rate": 44100,
        "codec": "mp3",
        "md5_encoded": "49beb50f9c19337ed5825ef803b77fe8"
    },
    "tags": {
        "file_name": "Belgium_Door De Wind_Ingeborg.mp3",
        "encoding": ["Lavf58.29.100"]
    }
},
"lowlevel": {
    "average_loudness": 0.95109051466,
    "barkbands_crest": {
        "max": 24.8461990356,
        "mean": 11.0096197128,
        "min": 2.96638774872,
        "stdev": 4.48446416855
    },
    "barkbands_flatness_db": {
        "max": 0.260110348463,
        "mean": 0.131248235703,
        "min": 0.0450707525015,
        "stdev": 0.0349916517735
    },
    "barkbands_kurtosis": {
        "max": 51.5302085876,
        "mean": 2.2736158371,
        "min": -1.83294713497,
        "stdev": 5.95460271835
    },
    "barkbands_skewness": {
        "max": 6.03290653229,
        "mean": 1.06483161449,
        "min": -2.07610654831,
        "stdev": 1.18233084679
    },
    "barkbands_spread": {
        "max": 83.5572128296,
        "mean": 23.6685562134,
        "min": 2.13788843155,
        "stdev": 11.3136234283
    },
    "dissonance": {
        "max": 0.498924911022,
        "mean": 0.457264333963,
        "min": 0.288924068213,
        "stdev": 0.0274629797786
    },
    "dynamic_complexity": 3.02499890327,
    "erbbands_crest": {
        "max": 31.0656394958,
        "mean": 12.3372297287,
        "min": 3.22168946266,
        "stdev": 5.61028766632
    },
    "erbbands_flatness_db": {
        "max": 0.266523987055,
        "mean": 0.1730889678,
        "min": 0.080210916698,
        "stdev": 0.0322049036622
    },
    "erbbands_kurtosis": {
        "max": 21.978811264,
        "mean": 0.799739658833,
        "min": -1.84532284737,
        "stdev": 2.97243976593
    },
    "erbbands_skewness": {
        "max": 3.51815581322,
        "mean": -0.160671174526,
        "min": -3.34497070312,
        "stdev": 0.988404870033
    },
    "erbbands_spread": {
        "max": 103.058067322,
        "mean": 34.4861488342,
        "min": 4.57046222687,
        "stdev": 14.6591587067
    },
    "hfc": {
        "max": 119.392158508,
        "mean": 17.0961780548,
        "min": 0.071658551693,
        "stdev": 14.5379905701
    },
    "loudness_ebu128": {
        "integrated": -28.8289203644,
        "loudness_range": 4.22429466248,
        "momentary": {
            "max": -25.4030590057,
            "mean": -29.577085495,
            "min": -37.8965682983,
            "stdev": 2.77517032623
        },
        "short_term": {
            "max": -26.9626274109,
            "mean": -28.8769207001,
            "min": -34.8316192627,
            "stdev": 1.77023494244
        }
    },
    "melbands_crest": {
        "max": 29.4355545044,
        "mean": 13.5417280197,
        "min": 4.49024438858,
        "stdev": 5.38380479813
    },
    "melbands_flatness_db": {
        "max": 0.345843672752,
        "mean": 0.192606210709,
        "min": 0.0382691286504,
        "stdev": 0.0497081279755
    },
    "melbands_kurtosis": {
        "max": 77.1731033325,
        "mean": 6.74598932266,
        "min": -1.80123817921,
        "stdev": 9.42114925385
    },
    "melbands_skewness": {
        "max": 7.80922317505,
        "mean": 2.00879311562,
        "min": -0.961042702198,
        "stdev": 1.24049913883
    },
    "melbands_spread": {
        "max": 213.176345825,
        "mean": 32.3103103638,
        "min": 2.28945708275,
        "stdev": 21.9274024963
    },
    "pitch_salience": {
        "max": 0.853091299534,
        "mean": 0.509077787399,
        "min": 0.135279580951,
        "stdev": 0.124652594328
    },
    "silence_rate_20dB": {
        "max": 1,
        "mean": 1,
        "min": 1,
        "stdev": 0
    },
    "silence_rate_30dB": {
        "max": 1,
        "mean": 1,
        "min": 1,
        "stdev": 0
    },
    "silence_rate_60dB": {
        "max": 1,
        "mean": 0.0521056391299,
        "min": 0,
        "stdev": 0.222242176533
    },
    "spectral_centroid": {
        "max": 4385.68212891,
        "mean": 1502.57580566,
        "min": 338.093566895,
        "stdev": 612.302368164
    },
    "spectral_complexity": {
        "max": 38,
        "mean": 14.044254303,
        "min": 0,
        "stdev": 4.73865509033
    },
    "spectral_decrease": {
        "max": -5.77904044063e-11,
        "mean": -4.14543421812e-09,
        "min": -1.85760082871e-08,
        "stdev": 3.21808624193e-09
    },
    "spectral_energy": {
        "max": 0.0733807533979,
        "mean": 0.0171964801848,
        "min": 0.000224613555474,
        "stdev": 0.0130578940734
    },
    "spectral_energyband_high": {
        "max": 0.0136630684137,
        "mean": 0.000494678446557,
        "min": 1.55690247539e-06,
        "stdev": 0.00109757483006
    },
    "spectral_energyband_low": {
        "max": 0.0126460520551,
        "mean": 0.00157625111751,
        "min": 5.63350749871e-06,
        "stdev": 0.00170180434361
    },
    "spectral_energyband_middle_high": {
        "max": 0.0338760130107,
        "mean": 0.00483978539705,
        "min": 6.94188838679e-06,
        "stdev": 0.00440463516861
    },
    "spectral_energyband_middle_low": {
        "max": 0.0685009658337,
        "mean": 0.0105844754726,
        "min": 0.000143504847074,
        "stdev": 0.0107691977173
    },
    "spectral_entropy": {
        "max": 8.69674682617,
        "mean": 7.20718479156,
        "min": 6.03652667999,
        "stdev": 0.3883703053
    },
    "spectral_flux": {
        "max": 0.218370631337,
        "mean": 0.0617346540093,
        "min": 0.00919285789132,
        "stdev": 0.0349930487573
    },
    "spectral_kurtosis": {
        "max": 19.1379261017,
        "mean": 5.44265413284,
        "min": -1.1969050169,
        "stdev": 2.7948384285
    },
    "spectral_rms": {
        "max": 0.0084611447528,
        "mean": 0.00381331820972,
        "min": 0.000468118756544,
        "stdev": 0.00149522442371
    },
    "spectral_rolloff": {
        "max": 9689.94140625,
        "mean": 1913.25695801,
        "min": 258.3984375,
        "stdev": 1375.22631836
    },
    "spectral_skewness": {
        "max": 3.84616923332,
        "mean": 1.66833102703,
        "min": 0.111952804029,
        "stdev": 0.488113820553
    },
    "spectral_spread": {
        "max": 21127312,
        "mean": 4191035,
        "min": 2659573.25,
        "stdev": 1167489.75
    },
    "spectral_strongpeak": {
        "max": 11.2488193512,
        "mean": 1.54339599609,
        "min": 0,
        "stdev": 1.50904202461
    },
    "zerocrossingrate": {
        "max": 0.31884765625,
        "mean": 0.0689309537411,
        "min": 0.0068359375,
        "stdev": 0.0329135917127
    },
    "barkbands": {
        "max": [0.000134882240673, 0.00897152163088, 0.00784371141344, 0.00511779170483, 0.0456239134073, 0.0638398826122, 0.0428367219865, 0.0149740921333, 0.0370464734733, 0.0269581060857, 0.0122460825369, 0.0179349966347, 0.00829680263996, 0.00973600149155, 0.0073765181005, 0.014535962604, 0.0094052888453, 0.0102941114455, 0.00858793500811, 0.0141326077282, 0.00449155131355, 0.00456409202889, 0.00510050263256, 0.00501197529957, 0.00212515937164, 0.000123091245769, 1.72079562617e-05],
        "mean": [1.13835885713e-05, 0.00070229585981, 0.000605427485425, 0.000479255220853, 0.00235090218484, 0.00493146432564, 0.000986699247733, 0.000387059932109, 0.00137075548992, 0.000482104369439, 0.000364404375432, 0.000565098423976, 0.000238605964114, 0.000459633040009, 0.000256544910371, 0.00119183503557, 0.000272299919743, 0.000292650045594, 0.000601915060543, 0.000233170663705, 6.77670104778e-05, 8.71893280419e-05, 0.000121709781524, 9.22794861253e-05, 3.03644883388e-05, 4.43098315372e-06, 9.26213760977e-06],
        "min": [8.66367422248e-09, 4.26725222269e-07, 1.12165378141e-06, 6.66114374326e-07, 1.12165071187e-05, 1.35742902785e-05, 9.13505346034e-07, 8.28280121823e-07, 1.15732996164e-06, 1.02347792108e-06, 5.32516537533e-07, 9.43208533499e-07, 5.07884521994e-07, 5.85251541452e-07, 4.80592859731e-07, 5.13916461387e-07, 1.35220079756e-06, 4.56720982811e-07, 3.03388162592e-07, 2.8976643307e-07, 1.89722740629e-07, 1.84708710549e-07, 1.55527047241e-07, 1.95832740246e-07, 1.63635789363e-07, 1.68574388226e-07, 3.4806447502e-07],
        "stdev": [1.40162492244e-05, 0.00094128359342, 0.000855642138049, 0.000665593252052, 0.00341894547455, 0.00867320038378, 0.00325188832358, 0.0011452906765, 0.00342296273448, 0.00190617144108, 0.000961991085205, 0.0010504918173, 0.000593563658185, 0.000865058449563, 0.000632889859844, 0.00180953054223, 0.000761864532251, 0.000780479225796, 0.00103573699016, 0.000756389985327, 0.000175044944626, 0.000224138246267, 0.000350354006514, 0.000358612043783, 0.000129437001306, 4.95905533171e-06, 2.64098639491e-06]
    },
    "erbbands": {
        "max": [0.153414323926, 2.47156667709, 8.68138599396, 11.8780603409, 60.0883865356, 224.537414551, 393.829925537, 756.095825195, 749.664489746, 283.947509766, 596.652832031, 1045.03820801, 569.383056641, 398.213378906, 545.989318848, 452.604888916, 315.918273926, 551.829589844, 451.49407959, 367.079223633, 982.718200684, 630.726989746, 293.268463135, 474.709259033, 554.501525879, 349.416931152, 58.2282371521, 298.132629395, 175.764648438, 118.479957581, 141.404678345, 107.528015137, 91.0899047852, 28.9820575714, 11.0195102692, 1.48578870296, 0.0840888693929, 0.0286459196359, 0.000720963114873, 0.000100612305687],
        "mean": [0.0136212967336, 0.184868589044, 0.660191595554, 1.31224691868, 4.19089365005, 8.23563480377, 18.5601215363, 50.3730773926, 23.7237873077, 7.31822538376, 10.1751213074, 31.7208747864, 22.8965835571, 11.5451669693, 21.0602207184, 19.142742157, 11.4535512924, 16.5639839172, 22.041967392, 19.237493515, 69.1167755127, 22.5541648865, 14.5895147324, 30.4148368835, 23.3135223389, 9.22793769836, 3.93099236488, 2.30317974091, 3.2308447361, 3.30591917038, 3.40853452682, 2.39909100533, 1.25787734985, 0.451187252998, 0.163816645741, 0.0301990304142, 0.00813592039049, 0.0153200486675, 0.000388887245208, 2.88857499982e-05],
        "min": [3.45787993865e-05, 0.000211150967516, 0.00138648878783, 0.00510422280058, 0.0345128662884, 0.0377029590309, 0.0621736384928, 0.0862021520734, 0.0847544446588, 0.0485384762287, 0.0226347390562, 0.0256717577577, 0.0266557149589, 0.0250114742666, 0.0339881516993, 0.0319363959134, 0.0229184571654, 0.0325077660382, 0.0279482267797, 0.0220199041069, 0.0363891161978, 0.0899826437235, 0.0300851818174, 0.0202627666295, 0.0134361451492, 0.0156892668456, 0.00945836398751, 0.00692907115445, 0.00655950978398, 0.00497471913695, 0.0044181146659, 0.00516467820853, 0.00257297512144, 0.00190071680117, 0.00103863677941, 0.000593016389757, 0.00033080848516, 0.000397065159632, 3.30395487254e-05, 2.74464264294e-06],
        "stdev": [0.0156972724944, 0.25669926405, 0.960668325424, 1.44783985615, 5.27540302277, 14.0673027039, 39.011177063, 94.5845947266, 60.5116844177, 14.5394449234, 35.989654541, 87.9733428955, 55.2793998718, 30.7124195099, 45.709941864, 32.8867149353, 23.6181926727, 37.4420318604, 41.0357551575, 30.4546604156, 106.863624573, 49.1282043457, 33.6479644775, 55.8495025635, 44.5929946899, 23.8270645142, 6.86974573135, 9.70073509216, 7.76947879791, 9.14556217194, 9.81458473206, 8.15957355499, 5.59226512909, 2.04290223122, 0.648455142975, 0.0594504550099, 0.00374858942814, 0.00416521402076, 0.000105209051981, 1.65661367646e-05]
    },
    "gfcc": {
        "mean": [-13.5861148834, 78.3653030396, -117.70262146, 21.3304901123, -47.9640083313, -2.7584605217, -44.797908783, -2.21097517014, -23.9553813934, -4.10773181915, -14.4645500183, 8.48432731628, -12.1079320908],
        "cov": [[1710.75109863, -91.7691421509, -431.141113281, 301.42074585, -479.464202881, 49.8797836304, 87.7233505249, 179.289764404, 138.721755981, -132.197296143, 288.885253906, -58.3914604187, -0.967550814152], [-91.7691421509, 534.839355469, 209.448883057, -116.337898254, 133.351287842, -102.949386597, 112.698448181, 18.6534786224, -56.1289024353, -12.439868927, 31.3895835876, -7.22689294815, -78.7476654053], [-431.141113281, 209.448883057, 498.928131104, 1.96608054638, 72.5339202881, 29.1077060699, -28.6025733948, 10.6209344864, -60.3783378601, -8.69273281097, -44.9263420105, 3.28938055038, -47.2051010132], [301.42074585, -116.337898254, 1.96608054638, 253.190689087, -33.1688308716, 33.3061561584, -22.4554748535, 50.436630249, 55.3351669312, -34.1395378113, 23.3908748627, 15.284620285, 18.6559467316], [-479.464202881, 133.351287842, 72.5339202881, -33.1688308716, 418.359924316, 41.9486160278, -30.8470954895, -58.2080574036, -10.7247600555, 48.0979728699, -169.63168335, 36.320854187, 16.087682724], [49.8797836304, -102.949386597, 29.1077060699, 33.3061561584, 41.9486160278, 268.472961426, 34.1843032837, 1.57275795937, 12.2122869492, 20.2794933319, -51.0955734253, -40.1776657104, 18.6046886444], [87.7233505249, 112.698448181, -28.6025733948, -22.4554748535, -30.8470954895, 34.1843032837, 245.157836914, 68.2949752808, -52.441368103, 34.4176139832, 84.9533843994, -44.7504348755, -43.1600875854], [179.289764404, 18.6534786224, 10.6209344864, 50.436630249, -58.2080574036, 1.57275795937, 68.2949752808, 142.630065918, 19.2169322968, -25.6968898773, 65.5837860107, -25.8910484314, -34.9491043091], [138.721755981, -56.1289024353, -60.3783378601, 55.3351669312, -10.7247600555, 12.2122869492, -52.441368103, 19.2169322968, 109.918083191, -3.37865281105, -18.013753891, 18.8492069244, 19.9216022491], [-132.197296143, -12.439868927, -8.69273281097, -34.1395378113, 48.0979728699, 20.2794933319, 34.4176139832, -25.6968898773, -3.37865281105, 120.077445984, 8.05408287048, -19.6137142181, 10.6271905899], [288.885253906, 31.3895835876, -44.9263420105, 23.3908748627, -169.63168335, -51.0955734253, 84.9533843994, 65.5837860107, -18.013753891, 8.05408287048, 214.22857666, 1.07870829105, -50.0479507446], [-58.3914604187, -7.22689294815, 3.28938055038, 15.284620285, 36.320854187, -40.1776657104, -44.7504348755, -25.8910484314, 18.8492069244, -19.6137142181, 1.07870829105, 119.105392456, 38.7470664978], [-0.967550814152, -78.7476654053, -47.2051010132, 18.6559467316, 16.087682724, 18.6046886444, -43.1600875854, -34.9491043091, 19.9216022491, 10.6271905899, -50.0479507446, 38.7470664978, 106.642837524]],
        "icov": [[0.00627344939858, -0.00786345079541, 0.00831073056906, -0.00830929074436, 0.00768645107746, -0.00600639125332, 0.00473439134657, -0.0033581329044, 0.00101617269684, 0.000381683639716, -0.000939794932492, 0.000242646448896, -0.000670516688842], [-0.00786345079541, 0.0158220604062, -0.0137895513326, 0.013264561072, -0.0136097269133, 0.0105652259663, -0.0102009801194, 0.00673854025081, -0.00558760808781, 0.00434422073886, -0.00307061639614, 0.00288814725354, -0.00040208172868], [0.00831073056906, -0.0137895513326, 0.0156621970236, -0.0130821643397, 0.012682360597, -0.0102206710726, 0.00977736338973, -0.00728982081637, 0.00645188707858, -0.00323488167487, 0.00262678437866, -0.00296366051771, 0.00197882717475], [-0.00830929074436, 0.013264561072, -0.0130821643397, 0.0176535844803, -0.0125676849857, 0.00867715105414, -0.00793732795864, 0.0045214863494, -0.00588607462123, 0.00351255433634, -0.00252039777115, 0.00161742442288, -0.00152902968694], [0.00768645107746, -0.0136097269133, 0.012682360597, -0.0125676849857, 0.0170910507441, -0.00966230779886, 0.00841715652496, -0.00678806332871, 0.00597544154152, -0.00616161292419, 0.00708528980613, -0.00556937744841, 0.00296818674542], [-0.00600639125332, 0.0105652259663, -0.0102206710726, 0.00867715105414, -0.00966230779886, 0.0119973197579, -0.00811045337468, 0.00513241998851, -0.00439938576892, 0.00206351117231, -0.000469853490358, 0.00341502414085, -0.00137593375985], [0.00473439134657, -0.0102009801194, 0.00977736338973, -0.00793732795864, 0.00841715652496, -0.00811045337468, 0.014047825709, -0.00827150046825, 0.00811465270817, -0.00551533093676, 0.000995753682218, -0.00209709745832, 0.00160956277978], [-0.0033581329044, 0.00673854025081, -0.00728982081637, 0.0045214863494, -0.00678806332871, 0.00513241998851, -0.00827150046825, 0.0158666167408, -0.00799187738448, 0.00638345489278, -0.00527621945366, 0.00506986863911, -0.000552924582735], [0.00101617269684, -0.00558760808781, 0.00645188707858, -0.00588607462123, 0.00597544154152, -0.00439938576892, 0.00811465270817, -0.00799187738448, 0.0192952398211, -0.00765509810299, 0.00704391347244, -0.00667371600866, 0.00318880472332], [0.000381683639716, 0.00434422073886, -0.00323488167487, 0.00351255433634, -0.00616161292419, 0.00206351117231, -0.00551533093676, 0.00638345489278, -0.00765509810299, 0.0172518566251, -0.00907020736486, 0.00802278425545, -0.00586648890749], [-0.000939794932492, -0.00307061639614, 0.00262678437866, -0.00252039777115, 0.00708528980613, -0.000469853490358, 0.000995753682218, -0.00527621945366, 0.00704391347244, -0.00907020736486, 0.0166826024652, -0.00872006639838, 0.00760022876784], [0.000242646448896, 0.00288814725354, -0.00296366051771, 0.00161742442288, -0.00556937744841, 0.00341502414085, -0.00209709745832, 0.00506986863911, -0.00667371600866, 0.00802278425545, -0.00872006639838, 0.0168421659619, -0.00816726218909], [-0.000670516688842, -0.00040208172868, 0.00197882717475, -0.00152902968694, 0.00296818674542, -0.00137593375985, 0.00160956277978, -0.000552924582735, 0.00318880472332, -0.00586648890749, 0.00760022876784, -0.00816726218909, 0.0170031879097]]
    },
    "melbands": {
        "max": [0.00179936783388, 0.0031796542462, 0.00288997660391, 0.00860229786485, 0.0109946653247, 0.0147810466588, 0.0102110216394, 0.00354388612323, 0.0058898893185, 0.00716995541006, 0.00326127698645, 0.00226562120952, 0.00203050090931, 0.00256220041774, 0.00138128665276, 0.000721430813428, 0.000994828762487, 0.000698027899489, 0.000608127505984, 0.000955335504841, 0.00133718212601, 0.00079322088277, 0.00033747436828, 0.000548416632228, 0.000437583890744, 0.00029360424378, 0.000764475553297, 0.000144883233588, 6.09803428233e-05, 7.36996589694e-05, 0.000201922273845, 0.000106952858914, 7.11981556378e-05, 6.81319506839e-05, 8.01890200819e-05, 8.98272846825e-05, 6.1269638536e-05, 6.94294649293e-05, 3.94128219341e-05, 2.49048662226e-05],
        "mean": [0.000162449039635, 0.000314115022775, 0.00029193086084, 0.000472468324006, 0.000598557351623, 0.0010533296736, 0.00031943290378, 7.12970286258e-05, 8.71479860507e-05, 0.000216842934606, 0.000113979862363, 4.94696068927e-05, 5.52160199732e-05, 7.69076868892e-05, 3.08302114718e-05, 2.84873131022e-05, 2.90317184408e-05, 3.94592861994e-05, 2.0138662876e-05, 4.5685981604e-05, 8.5205771029e-05, 2.00471076823e-05, 1.02548947325e-05, 1.63549702847e-05, 2.59439366346e-05, 2.31788817473e-05, 1.17205008792e-05, 4.82384166389e-06, 2.69827660304e-06, 1.29662089421e-06, 1.29105353608e-06, 1.87570481103e-06, 1.67145799423e-06, 1.96075529857e-06, 2.05195351555e-06, 1.73494993305e-06, 1.36148196361e-06, 9.73784494818e-07, 5.55996507501e-07, 3.26028839481e-07],
        "min": [4.08647622407e-07, 4.90510160489e-07, 2.25281792154e-06, 2.45906699092e-06, 2.33680702877e-06, 2.31975059251e-06, 1.00388217561e-06, 3.89482352148e-07, 1.98023272446e-07, 1.26030656133e-07, 1.34343949298e-07, 1.05546369866e-07, 9.33194428399e-08, 1.25932047013e-07, 4.67803182858e-08, 5.55463905982e-08, 5.8615732712e-08, 4.44859438176e-08, 3.08656211701e-08, 3.23489857124e-08, 3.98121713374e-08, 8.42670715429e-08, 3.49261988219e-08, 2.02867163068e-08, 1.5916858942e-08, 1.09842268614e-08, 8.45968894936e-09, 1.07964952534e-08, 5.76928593787e-09, 4.75277595058e-09, 3.90769283598e-09, 3.84665987951e-09, 3.44883410719e-09, 2.55447818454e-09, 2.63455190996e-09, 2.41164577197e-09, 3.51134898935e-09, 1.84649495694e-09, 1.46954903801e-09, 1.62014635041e-09],
        "stdev": [0.000200094262254, 0.000405071099522, 0.00029722994077, 0.00063587166369, 0.00114038854372, 0.00189524551388, 0.000820014683995, 0.000157403235789, 0.000342034472851, 0.0005995114916, 0.00029407045804, 0.000161757678143, 0.000143634053529, 0.000138963965583, 0.000107530911919, 5.52275087102e-05, 6.97196082911e-05, 7.93589424575e-05, 5.09680248797e-05, 8.40025240905e-05, 0.00014041599934, 5.66821181565e-05, 2.7821148251e-05, 4.5242766646e-05, 4.99784619024e-05, 3.95028437197e-05, 4.01090001105e-05, 1.34059782795e-05, 5.20038202012e-06, 3.61491061085e-06, 6.49341973258e-06, 4.69095357403e-06, 4.34718413089e-06, 5.58069405088e-06, 5.72254384679e-06, 5.54754933546e-06, 5.171477369e-06, 4.53874326922e-06, 2.50359403253e-06, 1.59967044056e-06]
    },
    "melbands128": {
        "max": [0.000129722815473, 0.000894280383363, 0.00294243381359, 0.00488720787689, 0.00482580671087, 0.00371680222452, 0.00267841340974, 0.00365879014134, 0.00698077864945, 0.0149775929749, 0.0155507475138, 0.0167068019509, 0.0191088858992, 0.0190082974732, 0.0290839504451, 0.0227090828121, 0.0150795364752, 0.0146095296368, 0.00323101039976, 0.00370828784071, 0.00591209437698, 0.00468945875764, 0.00868825148791, 0.00797371659428, 0.00704185385257, 0.0129471495748, 0.00761600164697, 0.00422680098563, 0.00978552736342, 0.00299673620611, 0.00175886577927, 0.00227768556215, 0.00393329421058, 0.00292047136463, 0.0050376560539, 0.00239618495107, 0.00105486402754, 0.0027173217386, 0.00189660489559, 0.00114686158486, 0.0011841772357, 0.00222910288721, 0.00197435659356, 0.00106143194716, 0.00133396370802, 0.00147849495988, 0.00136332411785, 0.000884028035216, 0.000872646109201, 0.000723027042113, 0.00123949034605, 0.00206772983074, 0.00301275611855, 0.0011728182435, 0.000756917230319, 0.00159022863954, 0.00192537973635, 0.000907585723326, 0.000319965125527, 0.000679587770719, 0.00096131383907, 0.00163399043959, 0.000888014619704, 0.000687668740284, 0.00132681673858, 0.000523280526977, 0.000633899820969, 0.00115319748875, 0.00110683823004, 9.9840486655e-05, 0.000239602581132, 0.000403078680392, 0.000145713944221, 5.75219055463e-05, 5.7961929997e-05, 4.37797207269e-05, 5.57197708986e-05, 0.000307761714794, 0.000202881914447, 0.000131611086545, 0.000149433297338, 7.40916148061e-05, 6.81386882206e-05, 7.26313664927e-05, 9.05856722966e-05, 0.000108832493424, 7.88045726949e-05, 0.00012145331857, 9.24234118429e-05, 0.000109387656266, 0.000181767944014, 0.000124952377519, 4.75822198496e-05, 8.89384173206e-05, 0.000122233075672, 6.88275977154e-05, 9.35848729569e-05, 7.06198479747e-05, 3.82473008358e-05, 3.98027877964e-05, 2.08257424674e-05, 3.34209180437e-05, 3.00687570416e-05, 2.22678827413e-05, 1.42144790516e-05, 9.16360386327e-06, 5.7177699091e-06, 3.03859565065e-06, 2.18259128815e-06, 9.03394663965e-07, 5.53666211545e-07, 2.99035633589e-07, 1.18320862441e-07, 5.35286837078e-08, 3.11808001641e-08, 2.75875834177e-07, 5.91586115206e-07, 1.77290071512e-09, 9.05934494089e-10, 8.09672107138e-10, 7.5580536274e-10, 7.21225301703e-10, 7.00736690895e-10, 6.8397604247e-10, 6.68975930207e-10, 6.53881282453e-10, 6.43658570887e-10, 6.44508668657e-10],
        "mean": [9.71143344941e-06, 7.480779459e-05, 0.000229049488553, 0.000325297762174, 0.000344172556652, 0.000286023423541, 0.0002597005805, 0.000228534467169, 0.000414434151025, 0.000589653500356, 0.000412698776927, 0.000427297316492, 0.000546076335013, 0.000878614664543, 0.00146107038017, 0.000946857850067, 0.000450249906862, 0.000251392862992, 7.73541905801e-05, 5.68343202758e-05, 8.48409399623e-05, 6.23236774118e-05, 9.36174255912e-05, 9.42450933508e-05, 0.000197990928427, 0.000314919801895, 0.000145435857121, 5.9211950429e-05, 0.000137242197525, 4.88236910314e-05, 2.76657465292e-05, 2.69065621978e-05, 4.40862422693e-05, 8.47318369779e-05, 0.000103652128018, 7.69319085521e-05, 1.9396398784e-05, 5.06141914229e-05, 1.6154599507e-05, 1.5097519281e-05, 3.45725966326e-05, 4.15400972997e-05, 2.93202701869e-05, 1.07253172246e-05, 5.80297819397e-05, 4.80942944705e-05, 1.45108961078e-05, 2.71040844382e-05, 1.92699480976e-05, 4.86751059725e-06, 4.7514517064e-05, 7.95043670223e-05, 0.000147149941768, 5.39310785825e-05, 7.0881837928e-06, 2.86400445475e-05, 2.2562506274e-05, 8.18872831587e-06, 6.09976541455e-06, 1.21783978102e-05, 1.64265402418e-05, 1.90069476957e-05, 2.32979673456e-05, 1.93810446945e-05, 4.71998682769e-05, 2.38590619119e-05, 8.54038808029e-06, 1.61431835295e-05, 1.4032877516e-05, 2.90178945761e-06, 5.33423326488e-06, 6.20520177108e-06, 1.77228537268e-06, 3.04306968246e-06, 2.20168408305e-06, 9.84341909316e-07, 9.08208676265e-07, 1.49781112668e-06, 1.20546428661e-06, 1.22650442336e-06, 1.94137169274e-06, 2.41674479184e-06, 1.26231316244e-06, 1.94903736883e-06, 1.43048316659e-06, 1.69052111687e-06, 2.3282523216e-06, 2.21925438382e-06, 2.08059896067e-06, 1.85802525721e-06, 1.82346298061e-06, 1.70720772985e-06, 1.57888462127e-06, 1.33922901568e-06, 1.30757837269e-06, 1.05401750261e-06, 9.77000695457e-07, 7.23700736671e-07, 5.74033208522e-07, 5.26437588633e-07, 2.27816244092e-07, 3.46856580791e-07, 3.4054784237e-07, 2.5780929036e-07, 1.99768479092e-07, 1.0130511896e-07, 5.54610721792e-08, 8.35672722133e-08, 3.95236838813e-08, 2.59351065068e-08, 2.63659973854e-08, 1.77817049973e-08, 1.63327413816e-08, 1.44332483742e-08, 1.33289530524e-08, 1.47939616113e-07, 3.16462518413e-07, 6.08094824495e-11, 6.41441327137e-12, 6.11631361877e-12, 5.95718179647e-12, 5.89490912681e-12, 5.77722201675e-12, 5.65676542066e-12, 5.67000483023e-12, 5.68776709758e-12, 5.65108983913e-12, 5.60512530487e-12],
        "min": [8.46676417865e-09, 1.94926599306e-07, 6.03934111609e-08, 5.70479308237e-08, 2.32095544561e-07, 6.35198716736e-07, 1.47050613464e-07, 4.85740144995e-07, 1.01803834696e-06, 9.3304265647e-07, 6.87074077632e-07, 3.3241070696e-07, 2.74214613682e-07, 1.75355421561e-06, 5.23369863004e-07, 2.23074181349e-07, 4.17125789909e-07, 6.2351588781e-08, 6.24940952321e-08, 1.0417134888e-07, 7.9588133417e-08, 5.71031328889e-08, 1.71825590201e-07, 2.56299621526e-08, 7.75295347921e-08, 5.6558835837e-08, 4.32803801687e-08, 9.31279870997e-08, 2.52125129663e-08, 7.6083765066e-08, 2.10100541409e-08, 7.19337256427e-09, 2.54316407933e-08, 9.04288128822e-08, 1.70519783182e-07, 1.72667764531e-08, 1.48025307567e-08, 1.27836541353e-08, 8.28603941017e-09, 4.59730067348e-08, 8.47823855565e-09, 2.30865033757e-08, 2.16736033565e-08, 2.72149414116e-08, 3.37314141063e-08, 4.16390477653e-08, 2.15111004565e-08, 2.41472601914e-08, 2.73433116149e-08, 1.22163843486e-08, 2.91130586305e-08, 4.7361115918e-08, 3.28445040054e-08, 3.42092754124e-08, 2.8686981679e-08, 2.15622897315e-08, 1.38094238267e-08, 1.02917550038e-08, 9.14443187838e-09, 8.29577739836e-09, 5.89950355234e-09, 1.50714445368e-08, 1.41180755975e-08, 1.06911999254e-08, 1.58172266396e-08, 9.2148217945e-09, 1.16707203901e-08, 5.96560001398e-09, 6.45619291362e-09, 1.09185025465e-08, 7.0345800296e-09, 6.29316154743e-09, 5.35100053156e-09, 4.99117813746e-09, 3.98069399665e-09, 4.54116921844e-09, 3.35715188982e-09, 3.3463201099e-09, 3.67539199075e-09, 4.86356244167e-09, 3.58186391658e-09, 3.93852017666e-09, 2.30681940216e-09, 4.5330055265e-09, 2.2602137939e-09, 2.13520912062e-09, 2.40456499156e-09, 2.92526425305e-09, 2.95639290826e-09, 2.04584149621e-09, 2.08179362637e-09, 2.58786037044e-09, 2.71490763204e-09, 4.42180603244e-09, 2.78282086263e-09, 2.09031303378e-09, 1.94981431001e-09, 1.03985942079e-09, 1.25291121922e-09, 1.89547000318e-09, 1.50260970333e-09, 1.6419097193e-09, 1.6813730408e-09, 1.65728453183e-09, 1.10924514019e-09, 7.29806104438e-10, 9.24432586036e-10, 8.90786444607e-10, 1.12016707021e-09, 9.76138170294e-10, 1.31551947113e-09, 9.03387531448e-10, 6.94728163886e-10, 9.46673073265e-10, 1.04773922871e-09, 3.31497229666e-09, 7.02580216227e-09, 5.95915287602e-12, 6.99166310784e-13, 6.92539016585e-13, 7.59509480048e-13, 8.10045119089e-13, 6.38286407235e-13, 6.59223272758e-13, 5.88740644777e-13, 6.29488052396e-13, 6.8864906182e-13, 6.02986844483e-13],
        "stdev": [1.34807878567e-05, 0.000103326841781, 0.000297639577184, 0.000506476731971, 0.000559670792427, 0.00036998844007, 0.000320149469189, 0.00036140755401, 0.000605565088335, 0.000847373099532, 0.000937192991842, 0.00116646511015, 0.00165366276633, 0.00208384008147, 0.00312564824708, 0.00227823201567, 0.00132226769347, 0.00101917411666, 0.000197535875486, 0.000166837053257, 0.000240098146605, 0.000217798442463, 0.00053842185298, 0.00043009640649, 0.000673566246405, 0.00103008886799, 0.000506768061314, 0.000245645584073, 0.000629911664873, 0.000231945174164, 8.45118047437e-05, 9.50570247369e-05, 0.000220698551857, 0.000228848322877, 0.000252762634773, 0.000165312871104, 7.12210603524e-05, 0.000206427910598, 9.7359654319e-05, 5.86040878261e-05, 7.98061737441e-05, 0.000139097392093, 0.000116769224405, 4.85734344693e-05, 0.000125371880131, 0.000121188706544, 7.32425251044e-05, 7.25456993678e-05, 6.26241308055e-05, 2.91378000838e-05, 0.00010977286729, 0.000172818196006, 0.000283376546577, 0.000102737372799, 3.60467820428e-05, 9.95974332909e-05, 9.46088621276e-05, 4.37010567111e-05, 1.97137615032e-05, 4.43335302407e-05, 6.38521305518e-05, 8.2078804553e-05, 8.3642808022e-05, 6.06131216045e-05, 0.000100774683233, 5.65037771594e-05, 3.20476174238e-05, 7.03338591848e-05, 5.817391866e-05, 7.31532054488e-06, 1.67988728208e-05, 2.58062500507e-05, 7.33771230443e-06, 5.42750285604e-06, 5.19586274095e-06, 3.44972090716e-06, 3.14358385367e-06, 9.22758590605e-06, 6.45428872303e-06, 6.06089679422e-06, 6.17809837422e-06, 4.68784310215e-06, 3.65238224731e-06, 4.85726650368e-06, 5.18246861247e-06, 6.10862025496e-06, 6.35313381281e-06, 6.5995800469e-06, 6.10176221016e-06, 5.92974993197e-06, 7.11831035005e-06, 5.91597063249e-06, 4.72938336316e-06, 5.29329327037e-06, 6.62926595396e-06, 5.13171107741e-06, 4.85439431941e-06, 3.40372616847e-06, 2.72629972642e-06, 2.51142841989e-06, 1.08915151031e-06, 1.94356198335e-06, 1.80345750778e-06, 1.22259700674e-06, 8.1998382484e-07, 3.69849459503e-07, 1.89876686818e-07, 1.70173478864e-07, 7.55291864607e-08, 3.79576263754e-08, 2.38707773548e-08, 1.16171756659e-08, 6.35155394946e-09, 4.63280880325e-09, 4.19053991507e-09, 3.9454288725e-08, 8.99539003285e-08, 9.74765962392e-11, 3.45149499259e-11, 3.11274998832e-11, 2.92091975607e-11, 2.82361755505e-11, 2.75809756978e-11, 2.70101736116e-11, 2.63780160908e-11, 2.6018999455e-11, 2.57416067628e-11, 2.57796752695e-11]
    },
    "mfcc": {
        "mean": [-666.739379883, 120.287063599, -7.75177764893, 23.2066287994, 7.83501243591, 0.783039987087, -9.46664237976, 2.26458406448, -13.4423599243, -1.90612912178, -9.96723842621, -9.77902126312, 4.12256097794],
        "cov": [[2463.34863281, -683.178710938, -44.4455871582, 30.1372299194, -279.06729126, -231.742904663, -73.9535903931, 231.167373657, -255.599441528, 257.819122314, 43.8056373596, -0.278386414051, -34.3561592102], [-683.178710938, 804.044555664, -25.4270057678, 50.7540664673, 55.65467453, -5.9386844635, 109.922470093, -19.7006244659, 3.61642289162, -54.7900009155, 30.9204902649, 7.2516951561, 39.0085906982], [-44.4455871582, -25.4270057678, 415.373626709, 2.08162426949, -1.10967314243, -43.8556098938, 24.5997371674, 48.3982658386, -29.7168521881, -27.7291851044, 28.6138496399, 34.6062774658, -10.0842418671], [30.1372299194, 50.7540664673, 2.08162426949, 214.77986145, 22.1842670441, -69.6607513428, -5.02226400375, 36.2396125793, -21.851360321, -27.2125511169, 13.3898649216, 9.57064628601, 18.4081039429], [-279.06729126, 55.65467453, -1.10967314243, 22.1842670441, 288.006103516, 87.289855957, -92.3928909302, 3.47858738899, 128.287521362, -112.204910278, 4.87831783295, 5.75096797943, -30.3092880249], [-231.742904663, -5.9386844635, -43.8556098938, -69.6607513428, 87.289855957, 262.014434814, 20.8052425385, -53.1328620911, 118.038764954, -14.4227724075, -41.3651885986, -15.6142463684, 26.0752620697], [-73.9535903931, 109.922470093, 24.5997371674, -5.02226400375, -92.3928909302, 20.8052425385, 247.295562744, 15.2336206436, -28.8002948761, 77.9877700806, 18.3365211487, 41.8369903564, 38.3108520508], [231.167373657, -19.7006244659, 48.3982658386, 36.2396125793, 3.47858738899, -53.1328620911, 15.2336206436, 166.480865479, -32.9338493347, -1.78287672997, 31.7945232391, -0.0893372818828, 19.0556716919], [-255.599441528, 3.61642289162, -29.7168521881, -21.851360321, 128.287521362, 118.038764954, -28.8002948761, -32.9338493347, 230.353973389, -43.624961853, -42.4052886963, 12.513882637, 4.65521526337], [257.819122314, -54.7900009155, -27.7291851044, -27.2125511169, -112.204910278, -14.4227724075, 77.9877700806, -1.78287672997, -43.624961853, 198.277099609, 13.4045505524, -13.3055667877, 0.465984851122], [43.8056373596, 30.9204902649, 28.6138496399, 13.3898649216, 4.87831783295, -41.3651885986, 18.3365211487, 31.7945232391, -42.4052886963, 13.4045505524, 128.94543457, 28.1515769958, -31.4236660004], [-0.278386414051, 7.2516951561, 34.6062774658, 9.57064628601, 5.75096797943, -15.6142463684, 41.8369903564, -0.0893372818828, 12.513882637, -13.3055667877, 28.1515769958, 122.358970642, 20.1393947601], [-34.3561592102, 39.0085906982, -10.0842418671, 18.4081039429, -30.3092880249, 26.0752620697, 38.3108520508, 19.0556716919, 4.65521526337, 0.465984851122, -31.4236660004, 20.1393947601, 155.967651367]],
        "icov": [[0.000920237333048, 0.000569107010961, 0.000267427763902, -0.000134913745569, 0.000397738302127, 6.21558065177e-05, 0.000630611670204, -0.00127669097856, 0.000556011102162, -0.000981894088909, 0.000211862483411, -0.00058011157671, 0.000265498820227], [0.000569107010961, 0.00193679193035, 0.000330593815306, -0.000218843124458, -0.000427260878496, 0.000555502658244, -0.00087328045629, -0.000145315003465, 0.00037796041579, 8.5682644567e-05, -0.000405526981922, 0.000327911431668, -0.000391062319977], [0.000267427763902, 0.000330593815306, 0.00274542346597, 0.000214180690818, 1.81808991329e-05, 0.000330396229401, -0.000280139356619, -0.000987532432191, 0.00039077558904, 0.000335482356604, -8.31790748634e-05, -0.00071434531128, 0.000329031143337], [-0.000134913745569, -0.000218843124458, 0.000214180690818, 0.00566961755976, -0.00115880416706, 0.00186727184337, -0.00047178499517, -0.000302598375129, 0.000119665521197, 0.000635020434856, -8.65408583195e-05, 0.00021454677335, -0.00106541393325], [0.000397738302127, -0.000427260878496, 1.81808991329e-05, -0.00115880416706, 0.00762342708185, -0.00226591248065, 0.00256300880574, -0.00193145335652, -0.00256862351671, 0.00177985639311, -0.00121186161414, -0.000966654100921, 0.00175113324076], [6.21558065177e-05, 0.000555502658244, 0.000330396229401, 0.00186727184337, -0.00226591248065, 0.00695133721456, -0.00209590909071, 0.00168398232199, -0.00204206584021, 0.000102232050267, 0.000256310915574, 0.00188803940546, -0.00174918130506], [0.000630611670204, -0.00087328045629, -0.000280139356619, -0.00047178499517, 0.00256300880574, -0.00209590909071, 0.00739245675504, -0.00213019852526, 0.000516682106536, -0.00288910837844, -1.68876958924e-05, -0.0031242442783, 8.10208439361e-05], [-0.00127669097856, -0.000145315003465, -0.000987532432191, -0.000302598375129, -0.00193145335652, 0.00168398232199, -0.00213019852526, 0.00948461797088, -0.000436538190115, 0.00160763715394, -0.00210401392542, 0.00243091699667, -0.00229502213188], [0.000556011102162, 0.00037796041579, 0.00039077558904, 0.000119665521197, -0.00256862351671, -0.00204206584021, 0.000516682106536, -0.000436538190115, 0.00783405825496, -0.000915468262974, 0.00225735618733, -0.0019240421243, 0.000279901811155], [-0.000981894088909, 8.5682644567e-05, 0.000335482356604, 0.000635020434856, 0.00177985639311, 0.000102232050267, -0.00288910837844, 0.00160763715394, -0.000915468262974, 0.00869094766676, -0.001533164992, 0.00216389098205, -3.58928664355e-05], [0.000211862483411, -0.000405526981922, -8.31790748634e-05, -8.65408583195e-05, -0.00121186161414, 0.000256310915574, -1.68876958924e-05, -0.00210401392542, 0.00225735618733, -0.001533164992, 0.0106858601794, -0.00314052216709, 0.00263145263307], [-0.00058011157671, 0.000327911431668, -0.00071434531128, 0.00021454677335, -0.000966654100921, 0.00188803940546, -0.0031242442783, 0.00243091699667, -0.0019240421243, 0.00216389098205, -0.00314052216709, 0.0112344603986, -0.00234682182781], [0.000265498820227, -0.000391062319977, 0.000329031143337, -0.00106541393325, 0.00175113324076, -0.00174918130506, 8.10208439361e-05, -0.00229502213188, 0.000279901811155, -3.58928664355e-05, 0.00263145263307, -0.00234682182781, 0.00843308772892]]
    },
    "spectral_contrast_coeffs": {
        "max": [-0.369070649147, -0.392659455538, -0.46881493926, -0.505170941353, -0.55907523632, -0.659250080585],
        "mean": [-0.686517059803, -0.696076333523, -0.692489266396, -0.700729608536, -0.735299170017, -0.779279947281],
        "min": [-0.911895751953, -0.915286064148, -0.915246486664, -0.933480739594, -0.86793166399, -0.928263306618],
        "stdev": [0.0712647140026, 0.0934480503201, 0.0701835080981, 0.0725827887654, 0.0583237819374, 0.0337512269616]
    },
    "spectral_contrast_valleys": {
        "max": [-5.60506343842, -5.42159175873, -5.48605155945, -6.42145109177, -6.10685300827, -7.65187454224],
        "mean": [-7.06072378159, -7.27330303192, -8.17311191559, -8.19550323486, -8.18542385101, -10.5272436142],
        "min": [-9.4301109314, -9.19399452209, -10.2317857742, -10.3511648178, -11.1745710373, -11.9986476898],
        "stdev": [0.610949993134, 0.591498732567, 0.601177334785, 0.528109192848, 0.634634435177, 0.6949634552]
    }
},
"rhythm": {
    "beats_count": 68,
    "beats_loudness": {
        "max": 0.0684353485703,
        "mean": 0.0218263398856,
        "min": 0.00171415542718,
        "stdev": 0.0135960038751
    },
    "bpm": 127.83001709,
    "bpm_histogram_first_peak_bpm": 129,
    "bpm_histogram_first_peak_weight": 0.509090900421,
    "bpm_histogram_second_peak_bpm": 123,
    "bpm_histogram_second_peak_spread": 0.166666686535,
    "bpm_histogram_second_peak_weight": 0.149253726006,
    "danceability": 1.08702659607,
    "onset_rate": 3.53759741783,
    "beats_loudness_band_ratio": {
        "max": [0.525954425335, 0.848387002945, 0.679106533527, 0.480776011944, 0.689936995506, 0.618412613869],
        "mean": [0.171918675303, 0.329360991716, 0.179290771484, 0.119281895459, 0.167001321912, 0.0811400786042],
        "min": [0.0101654883474, 0.0375637859106, 0.00653527863324, 0.00615053996444, 0.00563452905044, 0.00359080219641],
        "stdev": [0.133731380105, 0.20859259367, 0.160913348198, 0.10798227042, 0.148406848311, 0.0963325798512]
    },
    "beats_position": [0.441179126501, 0.905578196049, 1.369977355, 1.84598636627, 2.32199549675, 2.79800438881, 3.27401351929, 3.76163268089, 4.2492518425, 4.73687076569, 5.22448968887, 5.71210861206, 6.19972801208, 6.6989569664, 7.19818592072, 7.6858048439, 8.16181373596, 8.63782310486, 9.11383247375, 9.58984088898, 10.077460289, 10.5534696579, 11.0294780731, 11.4938774109, 11.9582767487, 12.4342851639, 12.9102945328, 13.3863039017, 13.8623123169, 14.3383216858, 14.8143310547, 15.301949501, 15.7663488388, 16.2307472229, 16.6951465607, 17.1595458984, 17.6239452362, 18.0999546051, 18.575963974, 19.0403633118, 19.5047607422, 19.96916008, 20.4451694489, 20.9095687866, 21.3855781555, 21.8499774933, 22.3259868622, 22.7903842926, 23.2547836304, 23.707572937, 24.1719722748, 24.6479816437, 25.1239910126, 25.5883903503, 26.076007843, 26.5287971497, 26.9931964874, 27.4575958252, 27.9336051941, 28.3980045319, 28.8624038696, 29.3268013, 29.7912006378, 30.2672100067, 30.7432193756, 31.2076187134, 31.6720180511, 32.1364173889],
