{
"metadata": {
    "version": {
        "essentia": "2.1-beta5",
        "essentia_git_sha": "Undefined",
        "extractor": "music 2.0"
    },
    "audio_properties": {
        "analysis": {
            "equal_loudness": 0,
            "length": 48.7502937317,
            "sample_rate": 44100,
            "start_time": 45.2440834045,
            "downmix": "mix"
        },
        "bit_rate": 192000,
        "length": 220.438644409,
        "lossless": 0,
        "number_channels": 2,
        "replay_gain": -7.38748168945,
        "sample_rate": 48000,
        "codec": "mp3",
        "md5_encoded": "0cb18bf3972cf59b4164d32e5a972f47"
    },
    "tags": {
        "file_name": "France_J_ai Volé La Vie_Nathalie Pâque.mp3",
        "encoding": ["Lavf58.29.100"]
    }
},
"lowlevel": {
    "average_loudness": 0.959695279598,
    "barkbands_crest": {
        "max": 23.3993873596,
        "mean": 8.21208381653,
        "min": 2.51830601692,
        "stdev": 3.55222249031
    },
    "barkbands_flatness_db": {
        "max": 0.266971588135,
        "mean": 0.13038136065,
        "min": 0.0499338544905,
        "stdev": 0.031644821167
    },
    "barkbands_kurtosis": {
        "max": 31.6797218323,
        "mean": 0.826051831245,
        "min": -1.8434009552,
        "stdev": 2.78407883644
    },
    "barkbands_skewness": {
        "max": 5.11643505096,
        "mean": 0.800959765911,
        "min": -1.56413972378,
        "stdev": 0.824265301228
    },
    "barkbands_spread": {
        "max": 71.1629638672,
        "mean": 23.9963359833,
        "min": 2.21967315674,
        "stdev": 10.8774995804
    },
    "dissonance": {
        "max": 0.5,
        "mean": 0.469330072403,
        "min": 0.352018028498,
        "stdev": 0.0205836780369
    },
    "dynamic_complexity": 1.80228936672,
    "erbbands_crest": {
        "max": 27.0330600739,
        "mean": 8.75512504578,
        "min": 2.56324720383,
        "stdev": 4.28028392792
    },
    "erbbands_flatness_db": {
        "max": 0.288809418678,
        "mean": 0.188122794032,
        "min": 0.0861918032169,
        "stdev": 0.0359863750637
    },
    "erbbands_kurtosis": {
        "max": 18.9185466766,
        "mean": -0.144760027528,
        "min": -1.7559992075,
        "stdev": 1.42710757256
    },
    "erbbands_skewness": {
        "max": 3.85206460953,
        "mean": 0.0803359597921,
        "min": -2.46014809608,
        "stdev": 0.717643558979
    },
    "erbbands_spread": {
        "max": 100.179969788,
        "mean": 35.0033454895,
        "min": 6.7308716774,
        "stdev": 13.4650268555
    },
    "hfc": {
        "max": 108.180656433,
        "mean": 22.7363243103,
        "min": 0.276929289103,
        "stdev": 15.8030605316
    },
    "loudness_ebu128": {
        "integrated": -16.4064350128,
        "loudness_range": 2.64393806458,
        "momentary": {
            "max": -13.2855482101,
            "mean": -16.6441268921,
            "min": -20.1369190216,
            "stdev": 1.45819425583
        },
        "short_term": {
            "max": -14.8381977081,
            "mean": -16.483833313,
            "min": -18.0852680206,
            "stdev": 0.865743875504
        }
    },
    "melbands_crest": {
        "max": 27.0394649506,
        "mean": 10.6950740814,
        "min": 3.25843667984,
        "stdev": 4.0335226059
    },
    "melbands_flatness_db": {
        "max": 0.344960480928,
        "mean": 0.161050349474,
        "min": 0.0380482301116,
        "stdev": 0.0438552834094
    },
    "melbands_kurtosis": {
        "max": 62.7655258179,
        "mean": 4.49212646484,
        "min": -1.61222648621,
        "stdev": 5.71899223328
    },
    "melbands_skewness": {
        "max": 6.52956199646,
        "mean": 1.64438045025,
        "min": -0.857100188732,
        "stdev": 0.960061132908
    },
    "melbands_spread": {
        "max": 160.486602783,
        "mean": 33.3158416748,
        "min": 2.80851650238,
        "stdev": 18.209733963
    },
    "pitch_salience": {
        "max": 0.831233084202,
        "mean": 0.588540434837,
        "min": 0.20591647923,
        "stdev": 0.0916652679443
    },
    "silence_rate_20dB": {
        "max": 1,
        "mean": 1,
        "min": 1,
        "stdev": 0
    },
    "silence_rate_30dB": {
        "max": 1,
        "mean": 1,
        "min": 1,
        "stdev": 0
    },
    "silence_rate_60dB": {
        "max": 0,
        "mean": 0,
        "min": 0,
        "stdev": 0
    },
    "spectral_centroid": {
        "max": 4003.39624023,
        "mean": 1749.6340332,
        "min": 458.916564941,
        "stdev": 650.869384766
    },
    "spectral_complexity": {
        "max": 57,
        "mean": 22.3322219849,
        "min": 1,
        "stdev": 7.16672611237
    },
    "spectral_decrease": {
        "max": -8.77472955407e-11,
        "mean": -4.66831551194e-09,
        "min": -1.94889899774e-08,
        "stdev": 2.45891440542e-09
    },
    "spectral_energy": {
        "max": 0.0766441822052,
        "mean": 0.0196815356612,
        "min": 0.000356297299732,
        "stdev": 0.0102182216942
    },
    "spectral_energyband_high": {
        "max": 0.0157980620861,
        "mean": 0.000917350291274,
        "min": 1.16303854156e-05,
        "stdev": 0.00133463763632
    },
    "spectral_energyband_low": {
        "max": 0.0223759487271,
        "mean": 0.00183763878886,
        "min": 3.57772660209e-06,
        "stdev": 0.00197050860152
    },
    "spectral_energyband_middle_high": {
        "max": 0.0425789877772,
        "mean": 0.00723120523617,
        "min": 4.40484182036e-05,
        "stdev": 0.00678940769285
    },
    "spectral_energyband_middle_low": {
        "max": 0.0720236226916,
        "mean": 0.0101422406733,
        "min": 0.000287814880721,
        "stdev": 0.0078089996241
    },
    "spectral_entropy": {
        "max": 8.54205608368,
        "mean": 7.51068782806,
        "min": 6.51715898514,
        "stdev": 0.314259082079
    },
    "spectral_flux": {
        "max": 0.197569280863,
        "mean": 0.0779543146491,
        "min": 0.0253641735762,
        "stdev": 0.0311878491193
    },
    "spectral_kurtosis": {
        "max": 19.1253013611,
        "mean": 4.20601701736,
        "min": -0.436705350876,
        "stdev": 2.28839468956
    },
    "spectral_rms": {
        "max": 0.00864724349231,
        "mean": 0.00423687184229,
        "min": 0.000589582137764,
        "stdev": 0.00111821421888
    },
    "spectral_rolloff": {
        "max": 10938.8671875,
        "mean": 2126.95117188,
        "min": 301.46484375,
        "stdev": 1271.2980957
    },
    "spectral_skewness": {
        "max": 2.88681435585,
        "mean": 1.24030578136,
        "min": 0.0312517955899,
        "stdev": 0.369157850742
    },
    "spectral_spread": {
        "max": 14259962,
        "mean": 3566661.75,
        "min": 2146283.25,
        "stdev": 1059429.25
    },
    "spectral_strongpeak": {
        "max": 10.984500885,
        "mean": 1.59287595749,
        "min": 0.017954159528,
        "stdev": 1.79470145702
    },
    "zerocrossingrate": {
        "max": 0.25830078125,
        "mean": 0.0714550018311,
        "min": 0.01220703125,
        "stdev": 0.0284293964505
    },
    "barkbands": {
        "max": [0.000239890970988, 0.0127375964075, 0.00979756284505, 0.0157580375671, 0.0226895660162, 0.0462213419378, 0.0546916462481, 0.041920170188, 0.031874448061, 0.0260933078825, 0.0243639014661, 0.0181615017354, 0.0256577041, 0.0244021341205, 0.014537718147, 0.0156024796888, 0.0104437116534, 0.0116020292044, 0.00958956778049, 0.00618346873671, 0.00431436626241, 0.00686414027587, 0.00532499747351, 0.00297361961566, 0.00212789000943, 0.000809615827166, 3.55226256943e-06],
        "mean": [1.23473901112e-05, 0.000772436091211, 0.000689126725774, 0.000815811625216, 0.00223004817963, 0.00204606936313, 0.00171644543298, 0.00182105810381, 0.00138193834573, 0.00094513327349, 0.000927348155528, 0.000667773361783, 0.000571837415919, 0.000846020469908, 0.000499377551023, 0.00062796153361, 0.000582253269386, 0.000585072382819, 0.00071676709922, 0.000581985979807, 0.000349813431967, 0.000121052056784, 9.20934398891e-05, 4.75112246932e-05, 2.59139287664e-05, 8.31967281556e-06, 2.08296473403e-08],
        "min": [2.36251906927e-10, 5.53355448574e-07, 2.56834624679e-07, 2.68965834493e-07, 4.47492238891e-05, 1.51844278662e-05, 8.44778151077e-06, 2.89777635771e-05, 8.46943112265e-06, 2.57013334704e-06, 6.54680661683e-07, 3.92422498408e-06, 1.06402069378e-06, 3.65258301827e-06, 2.15135560211e-06, 6.39105701339e-06, 8.69992072694e-06, 4.81820461573e-06, 8.8520364443e-06, 2.18084960579e-06, 3.07164100377e-06, 8.67270046001e-07, 4.36429189676e-07, 1.41306671253e-07, 9.83867280979e-08, 7.79558373409e-09, 3.31939718767e-11],
        "stdev": [1.74934393726e-05, 0.0011062117992, 0.000924721942283, 0.00127039640211, 0.00277553428896, 0.003730062861, 0.00321787432767, 0.00279037095606, 0.00246676849201, 0.00183599418961, 0.00202303007245, 0.0015040844446, 0.00164121540729, 0.00252970377915, 0.00125873985235, 0.00124212459195, 0.000894941622391, 0.000943708990235, 0.00117357156705, 0.000755437242333, 0.000508232100401, 0.000375747506041, 0.000299130246276, 0.000156826165039, 8.69392097229e-05, 3.42045459547e-05, 1.34579877908e-07]
    },
    "erbbands": {
        "max": [0.248021140695, 3.77871990204, 13.5121927261, 24.2061862946, 81.4761276245, 105.586669922, 340.908782959, 354.879150391, 980.418640137, 465.283721924, 1120.83837891, 958.018493652, 671.087890625, 759.140930176, 978.780029297, 524.920837402, 935.433532715, 1350.92236328, 889.110595703, 894.234375, 863.001831055, 551.069274902, 544.897888184, 717.697631836, 316.496490479, 196.785018921, 222.802871704, 170.641036987, 227.459716797, 230.608825684, 135.497192383, 81.5763473511, 28.3491630554, 13.0714082718, 21.2109565735, 7.25020742416, 1.02511739731, 0.0552995204926, 0.0013277613325, 0.00012352327758],
        "mean": [0.0173826701939, 0.195749685168, 0.771898448467, 1.8149793148, 4.69186639786, 8.21537399292, 14.5175065994, 16.0951576233, 22.6515674591, 31.2094726562, 42.9657058716, 27.0919322968, 21.7268447876, 33.04429245, 38.3974761963, 22.2411746979, 24.1247215271, 35.4431762695, 34.8625564575, 30.4761962891, 33.1963539124, 33.3294944763, 30.4741230011, 43.8728637695, 30.0537204742, 22.3546123505, 19.7472839355, 10.1542568207, 4.40990924835, 3.93747448921, 2.38248133659, 1.22499382496, 0.657634019852, 0.263701766729, 0.203013926744, 0.0688918381929, 0.00854162406176, 0.000322440580931, 2.46645340667e-05, 2.61301320279e-05],
        "min": [2.01854618354e-05, 0.000246423209319, 0.00169254851062, 0.00287265935913, 0.033512506634, 0.117413066328, 0.214762404561, 0.19391874969, 0.126733720303, 0.354740679264, 0.788138568401, 0.40716201067, 0.145652338862, 0.0747070387006, 0.0419635213912, 0.171714216471, 0.069200925529, 0.172330036759, 0.0959191396832, 0.279216915369, 0.388816684484, 0.401580601931, 0.271275579929, 0.351401031017, 0.450140565634, 0.109739840031, 0.140283674002, 0.0980754494667, 0.0505705960095, 0.0332764722407, 0.0110076609999, 0.00536327017471, 0.00227293814532, 0.00113275228068, 0.000806708529126, 0.000171346822754, 1.2090963537e-05, 1.71519650394e-06, 2.51226288128e-06, 1.9932658688e-06],
        "stdev": [0.0246682353318, 0.290390998125, 1.04745864868, 2.37537527084, 6.92916870117, 11.512430191, 29.5450172424, 28.1394348145, 46.5305595398, 47.3491477966, 60.0193367004, 49.0733757019, 39.5712738037, 64.3759536743, 79.6108016968, 41.0888748169, 60.5359992981, 106.714454651, 74.785949707, 64.0119934082, 64.4110412598, 45.7011528015, 43.3903503418, 80.2814483643, 38.6789054871, 26.3586902618, 26.8151950836, 15.7457504272, 13.1484966278, 13.1537628174, 7.51739597321, 4.15248155594, 1.96372282505, 0.710795462132, 0.809317052364, 0.273096114397, 0.0417743772268, 0.00205610739067, 5.65450754948e-05, 1.38882187457e-05]
    },
    "gfcc": {
        "mean": [-1.89132630825, 104.719146729, -156.275100708, 37.813205719, -69.6081619263, -2.07949304581, -38.3989181519, 9.08202648163, -25.4368267059, 0.929814040661, -13.8210697174, -6.60846138, -4.54461860657],
        "cov": [[1257.24243164, -676.505981445, 149.775314331, 126.19770813, -169.63734436, 127.831741333, -125.937049866, 86.7378158569, -212.944900513, 109.143249512, -82.4758529663, 22.4846534729, -72.4058837891], [-676.505981445, 918.287109375, -50.9264221191, -8.98450088501, 296.232818604, -82.4082565308, 186.01385498, -72.4768829346, 172.502593994, -97.753692627, 101.554542542, -72.9512786865, 89.4434814453], [149.775314331, -50.9264221191, 478.129852295, 76.7172088623, -113.325942993, 141.266799927, -96.3427963257, 3.94010591507, -16.1787338257, -13.0106525421, -65.2023239136, 41.2819137573, -31.4819011688], [126.19770813, -8.98450088501, 76.7172088623, 288.222290039, 4.8591094017, 21.5863456726, 31.7875289917, 31.4568519592, 61.0440826416, -57.0660705566, -8.63506221771, -21.8149433136, 2.02838373184], [-169.63734436, 296.232818604, -113.325942993, 4.8591094017, 296.227539062, 23.5882358551, 98.3868942261, -7.26984977722, 28.53383255, 12.7680063248, 49.8594169617, -32.3451309204, 18.2268714905], [127.831741333, -82.4082565308, 141.266799927, 21.5863456726, 23.5882358551, 242.833511353, -5.52049541473, -28.8657665253, -11.3087377548, 12.8908653259, -17.4481639862, 21.4046077728, -34.6123161316], [-125.937049866, 186.01385498, -96.3427963257, 31.7875289917, 98.3868942261, -5.52049541473, 173.765548706, 28.3407306671, 45.3150672913, -7.54470396042, 38.3387298584, -28.1855125427, 18.1824703217], [86.7378158569, -72.4768829346, 3.94010591507, 31.4568519592, -7.26984977722, -28.8657665253, 28.3407306671, 140.782424927, 21.7612895966, 22.6070041656, -1.98616564274, -5.74481487274, 1.07185089588], [-212.944900513, 172.502593994, -16.1787338257, 61.0440826416, 28.53383255, -11.3087377548, 45.3150672913, 21.7612895966, 189.048950195, -32.3452224731, 19.2444095612, -16.3006896973, 2.5379076004], [109.143249512, -97.753692627, -13.0106525421, -57.0660705566, 12.7680063248, 12.8908653259, -7.54470396042, 22.6070041656, -32.3452224731, 117.681785583, 29.9669570923, 14.2676420212, -8.98123645782], [-82.4758529663, 101.554542542, -65.2023239136, -8.63506221771, 49.8594169617, -17.4481639862, 38.3387298584, -1.98616564274, 19.2444095612, 29.9669570923, 99.5880966187, 13.5598897934, 19.1869659424], [22.4846534729, -72.9512786865, 41.2819137573, -21.8149433136, -32.3451309204, 21.4046077728, -28.1855125427, -5.74481487274, -16.3006896973, 14.2676420212, 13.5598897934, 75.7919158936, 17.9610595703], [-72.4058837891, 89.4434814453, -31.4819011688, 2.02838373184, 18.2268714905, -34.6123161316, 18.1824703217, 1.07185089588, 2.5379076004, -8.98123645782, 19.1869659424, 17.9610595703, 89.9063491821]],
        "icov": [[0.00186315539759, 0.000513313047122, 0.000148672057549, -0.00134827685542, 0.000356325472239, -0.000704864156432, 0.000466141675133, -0.000825280614663, 0.00171000463888, -0.00139441108331, 0.000482775038108, 0.000413898698753, 0.000270982942311], [0.000513313047122, 0.00766151351854, -0.00496607972309, 0.00342982518487, -0.00596410175785, 0.0037704098504, -0.00431601656601, 0.00435722852126, -0.00420440640301, 0.00525306165218, -0.00561894197017, 0.00631760293618, -0.00496294349432], [0.000148672057549, -0.00496607972309, 0.00683036958799, -0.0035403452348, 0.00480350106955, -0.00455962726846, 0.00428297929466, -0.00365302036516, 0.00317203695886, -0.00376588851213, 0.00498675601557, -0.00523959007114, 0.00349681521766], [-0.00134827685542, 0.00342982518487, -0.0035403452348, 0.00748440856114, -0.00332041014917, 0.00211744080298, -0.00304571120068, 0.00174797605723, -0.00438142474741, 0.00600577704608, -0.00397307472304, 0.00413595372811, -0.00307784089819], [0.000356325472239, -0.00596410175785, 0.00480350106955, -0.00332041014917, 0.00986076146364, -0.00462531065568, 0.00194834312424, -0.00336202909239, 0.00394038669765, -0.00533082522452, 0.0033158599399, -0.00290452223271, 0.00307244318537], [-0.000704864156432, 0.0037704098504, -0.00455962726846, 0.00211744080298, -0.00462531065568, 0.00857530813664, -0.00377459684387, 0.00441008852795, -0.00301690772176, 0.00233207317069, -0.00202130456455, 0.000842203444336, -0.00043197706691], [0.000466141675133, -0.00431601656601, 0.00428297929466, -0.00304571120068, 0.00194834312424, -0.00377459684387, 0.0118969064206, -0.00503553589806, 0.00236168201081, -0.00244634528644, 0.00111985264812, -0.00120486400556, 0.00173421262298], [-0.000825280614663, 0.00435722852126, -0.00365302036516, 0.00174797605723, -0.00336202909239, 0.00441008852795, -0.00503553589806, 0.0120375398546, -0.00455864006653, 0.000672089634463, -0.00189776450861, 0.00326177524403, -0.003114560619], [0.00171000463888, -0.00420440640301, 0.00317203695886, -0.00438142474741, 0.00394038669765, -0.00301690772176, 0.00236168201081, -0.00455864006653, 0.0108924452215, -0.00286415382288, 0.00230619753711, -0.00292805233039, 0.00388511316851], [-0.00139441108331, 0.00525306165218, -0.00376588851213, 0.00600577704608, -0.00533082522452, 0.00233207317069, -0.00244634528644, 0.000672089634463, -0.00286415382288, 0.0176311433315, -0.00924491975456, 0.00371288903989, -0.00226456881501], [0.000482775038108, -0.00561894197017, 0.00498675601557, -0.00397307472304, 0.0033158599399, -0.00202130456455, 0.00111985264812, -0.00189776450861, 0.00230619753711, -0.00924491975456, 0.0196439810097, -0.00909355189651, 0.00279619125649], [0.000413898698753, 0.00631760293618, -0.00523959007114, 0.00413595372811, -0.00290452223271, 0.000842203444336, -0.00120486400556, 0.00326177524403, -0.00292805233039, 0.00371288903989, -0.00909355189651, 0.0239870361984, -0.00915971398354], [0.000270982942311, -0.00496294349432, 0.00349681521766, -0.00307784089819, 0.00307244318537, -0.00043197706691, 0.00173421262298, -0.003114560619, 0.00388511316851, -0.00226456881501, 0.00279619125649, -0.00915971398354, 0.0173666886985]]
    },
    "melbands": {
        "max": [0.00206251977943, 0.00625683413818, 0.00573365716264, 0.00495480140671, 0.00928237941116, 0.00685027521104, 0.0126482117921, 0.00518248556182, 0.00816096458584, 0.00548779545352, 0.00332557712682, 0.00349591649137, 0.00245031551458, 0.00220161350444, 0.00204725353979, 0.00327088334598, 0.00294966530055, 0.00157318019774, 0.00152560754213, 0.00110420875717, 0.000946020940319, 0.000606279529165, 0.000526322633959, 0.000786923395935, 0.000719284405932, 0.000406601786381, 0.000313059077598, 0.000135170135763, 0.000196008564672, 0.000125022939756, 0.000120815559058, 0.000124899597722, 0.000162835916854, 0.000129039850435, 0.000105868064566, 3.08055023197e-05, 5.94652010477e-05, 2.38862849073e-05, 1.21803177535e-05, 1.14949361887e-05],
        "mean": [0.000184655145858, 0.000354795629391, 0.000395572336856, 0.000470697297715, 0.000475391483633, 0.00037450081436, 0.000339911901392, 0.000366509659216, 0.000369686575141, 0.00014889605518, 0.000113988644443, 0.000140644857311, 0.000124457350466, 8.18693515612e-05, 5.94345037825e-05, 5.12268015882e-05, 7.17266884749e-05, 6.34462194284e-05, 4.00978169637e-05, 4.82764480694e-05, 3.38718346029e-05, 3.43146311934e-05, 2.80829735857e-05, 2.83149911411e-05, 3.75431627617e-05, 2.35241986957e-05, 2.14936098928e-05, 1.32774184749e-05, 1.37580209412e-05, 9.68040694715e-06, 4.50443758382e-06, 2.41214547714e-06, 2.21929803956e-06, 2.16776788875e-06, 1.53220207721e-06, 8.81921835116e-07, 6.95486164659e-07, 5.04636204823e-07, 3.06846970943e-07, 1.90952491153e-07],
        "min": [1.95844179984e-07, 5.0151038522e-07, 1.23599249946e-06, 8.34340244182e-06, 8.25296774565e-06, 3.9390179154e-06, 1.81234315733e-06, 3.97890062231e-06, 5.35310255145e-06, 1.55713701133e-06, 6.07642220984e-07, 3.04513946503e-07, 9.30840187152e-08, 3.54492357246e-07, 3.64402580999e-07, 1.06307858516e-07, 3.62041078006e-07, 1.59195394644e-07, 1.94851466517e-07, 4.90558534239e-07, 5.03934529661e-07, 4.96574955378e-07, 2.69190763902e-07, 2.11063394318e-07, 2.96395057831e-07, 2.89377794616e-07, 2.37373967593e-07, 3.85179710349e-08, 6.28408614034e-08, 7.31095255446e-08, 4.93681611147e-08, 2.07807993036e-08, 1.10205364834e-08, 1.22164705019e-08, 5.2246309501e-09, 2.02298289231e-09, 2.05305172862e-09, 1.47575551779e-09, 1.23806276342e-09, 7.25560556081e-10],
        "stdev": [0.000255934457527, 0.000451971485745, 0.000523028254975, 0.000563305919059, 0.000852631870657, 0.000629142392427, 0.000663289858494, 0.000551476143301, 0.000530297809746, 0.000278905208688, 0.000213596678805, 0.000269878393738, 0.000247872609179, 0.000189306869288, 0.000156329377205, 0.000165486126207, 0.000236048246734, 0.00015602746862, 9.92005516309e-05, 9.45368446992e-05, 7.31534382794e-05, 5.3395084251e-05, 4.19059579144e-05, 4.8749090638e-05, 7.66660668887e-05, 3.72190297639e-05, 3.51600792783e-05, 1.72162963281e-05, 2.04725147341e-05, 1.50623718582e-05, 8.40573829919e-06, 7.31903719497e-06, 7.6705155152e-06, 7.43131704439e-06, 5.05329762746e-06, 2.6118407277e-06, 2.62798653239e-06, 1.6055598735e-06, 7.94832715201e-07, 5.46061357909e-07]
    },
    "melbands128": {
        "max": [0.000223801194807, 0.00208437768742, 0.00333572551608, 0.008236059919, 0.00900503247976, 0.00442369049415, 0.00587979424745, 0.0103649487719, 0.010231201537, 0.00657428102568, 0.00816973671317, 0.00987524725497, 0.0160452648997, 0.0209972430021, 0.0130606302992, 0.00538528524339, 0.025537867099, 0.0145145412534, 0.010691890493, 0.00819361303002, 0.00957359466702, 0.0130813801661, 0.0113757159561, 0.012630940415, 0.0116164758801, 0.00617529964074, 0.00253199506551, 0.00635005766526, 0.00603019911796, 0.00792824383825, 0.00550124142319, 0.00803613848984, 0.0033799551893, 0.00755671365187, 0.00597997615114, 0.00144846667536, 0.00254824245349, 0.00401647109538, 0.00512327998877, 0.00203519081697, 0.00763142202049, 0.00331331859343, 0.00579405156896, 0.00583399739116, 0.00505307130516, 0.002402221784, 0.00315119721927, 0.00222856109031, 0.00248890486546, 0.0022644631099, 0.00180067855399, 0.00360978790559, 0.00223552249372, 0.00218786811456, 0.00113891297951, 0.00133348722011, 0.00171877024695, 0.000822915986646, 0.00120725773741, 0.00130777014419, 0.00119073910173, 0.000962046848144, 0.00150064949412, 0.00153159291949, 0.00117074162699, 0.000838875013869, 0.00054623093456, 0.000627844710834, 0.000538699270692, 0.000379089324269, 0.000295780104352, 0.000267867493676, 0.000592908763792, 0.000365767191397, 0.000332690600771, 0.000294666475384, 0.000146634949488, 0.000112041670945, 0.000163254720974, 0.000175774388481, 0.000158651775564, 0.00014612225641, 0.00019377800345, 0.000157620961545, 0.000202578055905, 0.000163159886142, 0.000139199401019, 0.00016268172476, 0.000134368790896, 7.3504044849e-05, 3.34369142365e-05, 3.24539687426e-05, 5.25087634742e-05, 6.71828820487e-05, 6.55719413771e-05, 3.66381318599e-05, 1.96493328986e-05, 3.40637488989e-05, 1.40057400131e-05, 1.12373936645e-05, 8.07363903732e-06, 1.45322364915e-05, 1.39552084875e-05, 2.06643981073e-05, 4.50275256298e-05, 3.18717466143e-05, 1.68047663465e-05, 1.37346232805e-05, 1.44408895721e-05, 9.06453806238e-06, 7.37663049222e-06, 5.96804329689e-06, 3.24350889969e-06, 1.91540016203e-06, 6.6764590656e-07, 4.61508477656e-07, 1.09208940557e-07, 1.83827939537e-08, 1.6298967509e-08, 2.21148059865e-08, 1.48988608117e-08, 1.47274148432e-08, 1.44974245941e-08, 1.43002019115e-08, 1.41277620713e-08, 1.39809062105e-08, 1.38674103312e-08, 1.38014941697e-08],
        "mean": [1.04196233224e-05, 0.000114171205496, 0.000247750751441, 0.000338315876434, 0.000404361227993, 0.00031212050817, 0.000339349993737, 0.000432329485193, 0.000461844028905, 0.000509259465616, 0.000462327414425, 0.00037167762639, 0.000517138571013, 0.000561420922168, 0.000386646250263, 0.000217823515413, 0.000359392317478, 0.000370022899006, 0.000320225488394, 0.000301475432934, 0.000467716134153, 0.0003559414763, 0.000338681187714, 0.000453847140307, 0.000134210902615, 7.08906372893e-05, 4.10760185332e-05, 8.33814410726e-05, 0.000229423836572, 0.000143007244333, 0.00010135400953, 0.000154801949975, 7.55010405555e-05, 0.000170612198417, 0.000123463352793, 3.70519483113e-05, 3.5617609683e-05, 8.23397058412e-05, 6.03083026363e-05, 3.20883445966e-05, 7.0855145168e-05, 4.20067772211e-05, 4.72818574053e-05, 0.000106451741885, 9.96979870251e-05, 4.81460592709e-05, 2.97574315482e-05, 4.54762994195e-05, 4.45368204964e-05, 2.48851847573e-05, 5.68051982555e-05, 6.63270111545e-05, 2.98355498671e-05, 2.5251723855e-05, 2.80832973658e-05, 3.45039807144e-05, 4.24413701694e-05, 2.85865990008e-05, 2.24772229558e-05, 2.74598551187e-05, 2.65557901002e-05, 2.75903475995e-05, 4.29138053732e-05, 3.73458678951e-05, 3.67264947272e-05, 2.39462260652e-05, 1.27000985231e-05, 2.37171898334e-05, 2.68830299319e-05, 1.34426090881e-05, 8.87465012056e-06, 1.50169644257e-05, 2.04422522074e-05, 1.04849450508e-05, 1.05342041934e-05, 1.20984786918e-05, 8.30455064715e-06, 5.48724574401e-06, 4.40122448708e-06, 3.05382422994e-06, 2.32501292885e-06, 2.27266582442e-06, 2.13414705286e-06, 1.96239579964e-06, 2.74791545962e-06, 1.99764917852e-06, 2.04785965252e-06, 2.31098647419e-06, 1.40612962696e-06, 1.14831959763e-06, 9.19662682008e-07, 8.37418383526e-07, 7.37184450372e-07, 6.92875573804e-07, 6.92543494552e-07, 5.81575534397e-07, 4.67171815899e-07, 3.80275594125e-07, 3.41935901815e-07, 2.80954395748e-07, 1.17898025565e-07, 1.91350082446e-07, 2.34749052197e-07, 2.68011405069e-07, 2.78394850284e-07, 2.08642589428e-07, 1.63023102573e-07, 1.31013308646e-07, 1.18849598607e-07, 1.0224260194e-07, 7.05286993252e-08, 3.36806138534e-08, 9.96720217472e-09, 4.95862861882e-09, 2.04971173368e-09, 1.58532886818e-09, 6.36537211829e-10, 2.76335083288e-11, 3.5527462916e-11, 4.13369061203e-11, 2.45043655506e-11, 1.10587546065e-11, 1.01620491536e-11, 1.00060628186e-11, 9.8327353204e-12, 9.64722485924e-12, 9.52509772445e-12, 9.47100817911e-12],
        "min": [1.97432903359e-10, 1.79299952663e-08, 6.93808885899e-08, 1.09208230015e-07, 2.12039921621e-07, 1.41791659303e-07, 1.27277900219e-07, 1.19496846196e-07, 1.4756311657e-06, 2.71861972578e-06, 8.57952500155e-07, 6.31059265288e-07, 9.84394660009e-07, 2.27050736612e-06, 6.76612899042e-07, 2.17827903271e-07, 9.8341172361e-07, 5.22887603438e-07, 4.48048780299e-07, 3.86623582926e-07, 1.38215091283e-06, 1.07621758616e-06, 2.39853966377e-06, 4.36587328068e-07, 8.38092944377e-07, 1.11716317974e-07, 1.40913712698e-07, 3.53417931365e-07, 2.95015354368e-07, 3.29931395981e-07, 2.69078640258e-07, 6.69744295578e-08, 4.57637767681e-08, 1.22794006074e-07, 1.70163801272e-07, 5.21803933395e-08, 2.14752418515e-07, 2.88586647912e-07, 1.36399123107e-07, 6.906889638e-08, 5.99610245899e-08, 5.08963999835e-08, 5.89126294415e-08, 2.00232236125e-07, 2.29351641678e-07, 8.15005449795e-08, 3.69227493024e-08, 8.76508607917e-08, 2.32628380559e-07, 1.38854616694e-07, 4.59064267488e-07, 3.85612281661e-07, 1.66154563885e-07, 2.15245108848e-07, 5.51242784752e-08, 3.35280986974e-07, 2.31109623883e-07, 6.03429555213e-08, 2.26481745358e-07, 1.07097037017e-07, 1.44417967363e-07, 1.50962392809e-07, 2.56386073261e-07, 1.58722230026e-07, 1.0220019675e-07, 1.54677280761e-07, 1.09871791665e-07, 1.21364863048e-07, 1.46899296283e-07, 6.14609660943e-08, 3.70503734359e-08, 2.76707154967e-08, 1.96913934047e-08, 2.86628498714e-08, 4.6538183085e-08, 4.38663647628e-08, 2.91362294291e-08, 4.59695570498e-08, 1.57210546803e-08, 1.31443087525e-08, 1.51739687482e-08, 2.05769778994e-09, 8.40358804766e-09, 2.22461327137e-10, 5.21276355414e-09, 5.1761479547e-09, 6.15020079309e-09, 3.84633613848e-09, 2.16573159406e-09, 3.05052716421e-09, 2.14082929162e-09, 9.44574196637e-10, 1.59762425511e-09, 1.20086607325e-09, 1.01615138526e-09, 8.74279093566e-10, 9.01576091561e-10, 7.08235692315e-10, 2.60706983779e-10, 2.0175094928e-10, 1.99389060818e-10, 5.71650227155e-10, 6.78994083181e-10, 7.67791830114e-10, 6.15200279608e-10, 4.82909379151e-10, 5.86838522221e-10, 1.3125571463e-10, 7.69409189139e-11, 4.08798949553e-12, 9.95960448445e-14, 9.12746847504e-14, 1.20577850547e-13, 1.35147833679e-13, 1.01845384882e-13, 1.48894690522e-13, 1.2373336676e-13, 1.35722365963e-13, 9.42004043129e-14, 9.47084411221e-14, 9.58045356372e-14, 8.18072551974e-14, 9.12528177479e-14, 8.80099487212e-14, 5.81333212905e-14, 2.59474093009e-14, 2.91796518758e-15, 1.25207894102e-16],
        "stdev": [1.55386333063e-05, 0.000178434784175, 0.000388166634366, 0.000566413102206, 0.000627748086117, 0.000420829979703, 0.000493027153425, 0.000759720627684, 0.000849371775985, 0.000665443018079, 0.000810440047644, 0.000804870796856, 0.0012732539326, 0.00134782167152, 0.000891688978299, 0.000447327911388, 0.000999138923362, 0.000862018787302, 0.000746811972931, 0.000627626490314, 0.00085190939717, 0.000789735233411, 0.00065422966145, 0.000912710558623, 0.000420436961576, 0.00021528621437, 0.000133819223265, 0.000295962003293, 0.000415847782278, 0.000419430813054, 0.000321265979437, 0.000519544468261, 0.000194223728613, 0.000500493100844, 0.000384675251553, 9.51719630393e-05, 0.000123065183288, 0.000218832792598, 0.000276062171906, 0.000110968183435, 0.000314630306093, 0.000210464073461, 0.000258976040641, 0.000494620762765, 0.000342447747244, 0.000159998962772, 0.000165846184245, 0.00011231686949, 0.000167501362739, 0.000120653807244, 0.000118429335998, 0.000202452938538, 0.000101281686511, 0.000109673630504, 8.85177068994e-05, 7.19692907296e-05, 9.30313690333e-05, 6.13197044004e-05, 6.60585355945e-05, 6.56868869555e-05, 6.78812430124e-05, 7.2678172728e-05, 0.000122227502288, 0.000121992066852, 8.52696393849e-05, 6.11929208389e-05, 3.08563394356e-05, 5.34368664376e-05, 5.72350290895e-05, 2.79072410194e-05, 1.82625262823e-05, 2.58915679296e-05, 4.35393158114e-05, 2.31572212215e-05, 2.32849633903e-05, 2.4263477826e-05, 1.57372796821e-05, 1.01593786894e-05, 1.00207853393e-05, 8.76063859323e-06, 6.8948693297e-06, 7.75113221607e-06, 8.97339577932e-06, 7.25502104615e-06, 9.03270938579e-06, 7.74878299126e-06, 8.11787504063e-06, 6.99738757248e-06, 5.72040289626e-06, 4.00242925025e-06, 2.59949456449e-06, 2.57105034507e-06, 2.7567127745e-06, 2.78368338513e-06, 2.93597236123e-06, 2.08489359466e-06, 1.32676791509e-06, 1.3044860907e-06, 8.79202900705e-07, 7.16487079444e-07, 3.53171571987e-07, 6.05874561188e-07, 6.69686812671e-07, 9.14402733088e-07, 1.38084817536e-06, 1.04033847492e-06, 7.31810928301e-07, 6.02470720423e-07, 4.7487685606e-07, 3.69911788312e-07, 2.64789747462e-07, 1.9602350676e-07, 9.24205920683e-08, 6.51342020319e-08, 2.05003622966e-08, 1.47037546583e-08, 3.61847596331e-09, 4.08609091007e-10, 3.93191923465e-10, 6.90248247448e-10, 4.18114792788e-10, 3.22133708597e-10, 3.16476372886e-10, 3.12167097727e-10, 3.08400416316e-10, 3.05194064465e-10, 3.02715602585e-10, 3.01275809855e-10]
    },
    "mfcc": {
        "mean": [-629.315246582, 123.988815308, -28.5046749115, 31.523727417, -12.7246332169, -7.34162092209, -5.05834674835, -2.52385520935, -2.98764944077, 1.31982970238, -6.44581365585, -0.103385813534, -2.28290295601],
        "cov": [[1254.88061523, -711.833557129, 163.464416504, -4.50563335419, -16.5230960846, -31.8176460266, 64.2734375, -64.0642623901, -32.5970230103, -2.38445687294, -37.3227996826, 12.1107206345, -36.4916381836], [-711.833557129, 888.453186035, -243.6640625, 64.3520889282, 68.5930328369, 49.0873718262, 62.5331687927, 17.8771820068, 31.0526447296, 31.5143756866, 13.4516496658, 7.00023460388, 39.4066390991], [163.464416504, -243.6640625, 601.75592041, -59.1143531799, 35.7655296326, 64.6593322754, -99.3983230591, 47.9359474182, -1.45266091824, -34.1799163818, 5.02380657196, -47.5125694275, -32.6473426819], [-4.50563335419, 64.3520889282, -59.1143531799, 260.879577637, 10.1510648727, -58.107711792, 24.8159313202, 35.8533706665, 52.496055603, 13.1602640152, 12.7685480118, 39.826965332, -32.9253883362], [-16.5230960846, 68.5930328369, 35.7655296326, 10.1510648727, 160.804641724, 64.1081924438, 12.9037790298, 22.6695747375, 7.07459640503, 15.813662529, -1.13718640804, 2.42093610764, 10.3492136002], [-31.8176460266, 49.0873718262, 64.6593322754, -58.107711792, 64.1081924438, 227.194564819, 18.821182251, 39.5996322632, -28.9185142517, 29.6764774323, -1.47436928749, -35.3752670288, 24.1285190582], [64.2734375, 62.5331687927, -99.3983230591, 24.8159313202, 12.9037790298, 18.821182251, 177.397720337, -13.8277053833, 1.82080900669, 19.3034381866, -14.5246038437, 24.6093463898, 1.22062885761], [-64.0642623901, 17.8771820068, 47.9359474182, 35.8533706665, 22.6695747375, 39.5996322632, -13.8277053833, 132.551086426, 35.1166152954, 26.6460285187, 12.9218921661, 2.60760354996, -9.35357952118], [-32.5970230103, 31.0526447296, -1.45266091824, 52.496055603, 7.07459640503, -28.9185142517, 1.82080900669, 35.1166152954, 110.446128845, 15.924077034, 16.6250343323, 16.2226047516, -22.8530006409], [-2.38445687294, 31.5143756866, -34.1799163818, 13.1602640152, 15.813662529, 29.6764774323, 19.3034381866, 26.6460285187, 15.924077034, 87.1981430054, 25.8839187622, 16.0359020233, 8.81052398682], [-37.3227996826, 13.4516496658, 5.02380657196, 12.7685480118, -1.13718640804, -1.47436928749, -14.5246038437, 12.9218921661, 16.6250343323, 25.8839187622, 86.7403030396, 27.6173286438, 2.6636724472], [12.1107206345, 7.00023460388, -47.5125694275, 39.826965332, 2.42093610764, -35.3752670288, 24.6093463898, 2.60760354996, 16.2226047516, 16.0359020233, 27.6173286438, 87.6873855591, 20.6473941803], [-36.4916381836, 39.4066390991, -32.6473426819, -32.9253883362, 10.3492136002, 24.1285190582, 1.22062885761, -9.35357952118, -22.8530006409, 8.81052398682, 2.6636724472, 20.6473941803, 91.3656082153]],
        "icov": [[0.00177056179382, 0.00148943823297, -0.000162139374879, -0.000363200349966, -0.000373587768991, -1.26631421153e-05, -0.000990271801129, 0.000835795304738, 0.000101557008747, -0.000619161874056, 0.000497534230817, -0.000118027855933, 0.00011767061369], [0.00148943823297, 0.00268214847893, 0.000484239775687, -0.000604491855484, -0.000867779541295, -0.000299821811495, -0.00101705326233, 0.000589078583289, -0.000359536206815, -0.00032877625199, 2.51874353125e-05, 0.000532640668098, -0.000534713210072], [-0.000162139374879, 0.000484239775687, 0.00241130241193, 0.000327499030391, -0.000636191107333, -0.000668327265885, 0.00101526721846, -0.00076560646994, -0.000246189360041, 0.00111967453267, -0.000531191995833, 0.000494879554026, 0.000596744415816], [-0.000363200349966, -0.000604491855484, 0.000327499030391, 0.00524913845584, -0.000459379749373, 0.00110817339737, -0.000152049018652, -0.00148512702435, -0.000984154641628, 4.92254221172e-05, 6.06396934018e-05, -0.00185513310134, 0.00190024066251], [-0.000373587768991, -0.000867779541295, -0.000636191107333, -0.000459379749373, 0.00768945924938, -0.00206826860085, 4.49783256045e-05, -0.000246821902692, -0.000608953880146, -0.000384682003642, 0.000758536974899, -0.00102307705674, -0.000424609635957], [-1.26631421153e-05, -0.000299821811495, -0.000668327265885, 0.00110817339737, -0.00206826860085, 0.00718719093129, -0.00149435689673, -0.00218344666064, 0.00184954982251, -0.00196266849525, -0.000653603114188, 0.00320916506462, -0.00163682503626], [-0.000990271801129, -0.00101705326233, 0.00101526721846, -0.000152049018652, 4.49783256045e-05, -0.00149435689673, 0.0077867791988, 0.000763257965446, -0.000188288729987, -0.000883056200109, 0.00198326120153, -0.00271124928258, 0.00130773242563], [0.000835795304738, 0.000589078583289, -0.00076560646994, -0.00148512702435, -0.000246821902692, -0.00218344666064, 0.000763257965446, 0.0105248428881, -0.00261747348122, -0.0024720474612, 0.000485318043502, -0.000677207426634, 0.0006654181052], [0.000101557008747, -0.000359536206815, -0.000246189360041, -0.000984154641628, -0.000608953880146, 0.00184954982251, -0.000188288729987, -0.00261747348122, 0.0120272478089, -0.0014617262641, -0.000983380712569, -0.00100868893787, 0.00247400370426], [-0.000619161874056, -0.00032877625199, 0.00111967453267, 4.92254221172e-05, -0.000384682003642, -0.00196266849525, -0.000883056200109, -0.0024720474612, -0.0014617262641, 0.0154270706698, -0.00414875661954, -0.000791124301031, -0.00092058815062], [0.000497534230817, 2.51874353125e-05, -0.000531191995833, 6.06396934018e-05, 0.000758536974899, -0.000653603114188, 0.00198326120153, 0.000485318043502, -0.000983380712569, -0.00414875661954, 0.0151022160426, -0.00530293025076, 0.00104197382461], [-0.000118027855933, 0.000532640668098, 0.000494879554026, -0.00185513310134, -0.00102307705674, 0.00320916506462, -0.00271124928258, -0.000677207426634, -0.00100868893787, -0.000791124301031, -0.00530293025076, 0.017913358286, -0.00560288038105], [0.00011767061369, -0.000534713210072, 0.000596744415816, 0.00190024066251, -0.000424609635957, -0.00163682503626, 0.00130773242563, 0.0006654181052, 0.00247400370426, -0.00092058815062, 0.00104197382461, -0.00560288038105, 0.0145950820297]]
    },
    "spectral_contrast_coeffs": {
        "max": [-0.393174350262, -0.481973648071, -0.515031099319, -0.574066519737, -0.620037794113, -0.590779781342],
        "mean": [-0.690824151039, -0.748737215996, -0.740050852299, -0.7549482584, -0.760028541088, -0.727658867836],
        "min": [-0.878627717495, -0.901608228683, -0.89217633009, -0.902766704559, -0.866459727287, -0.857565939426],
        "stdev": [0.0718568339944, 0.0644587427378, 0.0571872293949, 0.0529298894107, 0.0506365522742, 0.0390936359763]
    },
    "spectral_contrast_valleys": {
        "max": [-5.53052997589, -4.97306251526, -5.68761444092, -5.81662654877, -5.63722133636, -8.13107204437],
        "mean": [-6.97082233429, -6.32276725769, -7.29208707809, -7.55412006378, -7.22792434692, -10.6175308228],
        "min": [-9.59287071228, -7.64519071579, -8.86520671844, -8.77801322937, -8.72034358978, -12.559466362],
        "stdev": [0.611162364483, 0.406827747822, 0.432321339846, 0.430273294449, 0.501755416393, 0.845659077168]
    }
},
"rhythm": {
    "beats_count": 118,
    "beats_loudness": {
        "max": 0.0520154647529,
        "mean": 0.0251674875617,
        "min": 0.00689855124801,
        "stdev": 0.0107041737065
    },
    "bpm": 146.577011108,
    "bpm_histogram_first_peak_bpm": 148,
    "bpm_histogram_first_peak_weight": 0.428571403027,
    "bpm_histogram_second_peak_bpm": 133,
    "bpm_histogram_second_peak_spread": 0.199999988079,
    "bpm_histogram_second_peak_weight": 0.0341880358756,
    "danceability": 1.2339297533,
    "onset_rate": 3.609375,
    "beats_loudness_band_ratio": {
        "max": [0.696688711643, 0.615952432156, 0.750332772732, 0.542815387249, 0.747149705887, 0.541438519955],
        "mean": [0.182203307748, 0.207084670663, 0.238416850567, 0.152058362961, 0.160133868456, 0.10659725219],
        "min": [0.00734240142629, 0.0223783701658, 0.0237262491137, 0.0134187545627, 0.0173086654395, 0.0106577044353],
        "stdev": [0.136886209249, 0.147117465734, 0.159717813134, 0.133698806167, 0.136713698506, 0.0988026484847]
    },
