{
"metadata": {
    "version": {
        "essentia": "2.1-beta5",
        "essentia_git_sha": "Undefined",
        "extractor": "music 2.0"
    },
    "audio_properties": {
        "analysis": {
            "equal_loudness": 0,
            "length": 12.7477550507,
            "sample_rate": 44100,
            "start_time": 0,
            "downmix": "mix"
        },
        "bit_rate": 192000,
        "length": 187.199295044,
        "lossless": 0,
        "number_channels": 2,
        "replay_gain": -10.4760856628,
        "sample_rate": 48000,
        "codec": "mp3",
        "md5_encoded": "d4184dc30b0e8aa2e7f26ced2f35af5b"
    },
    "tags": {
        "file_name": "Germany_Flieger_Nino de Angelo.mp3",
        "encoding": ["Lavf58.29.100"]
    }
},
"lowlevel": {
    "average_loudness": 0.865633487701,
    "barkbands_crest": {
        "max": 24.3763694763,
        "mean": 8.50297546387,
        "min": 2.90211129189,
        "stdev": 3.89395546913
    },
    "barkbands_flatness_db": {
        "max": 0.294169992208,
        "mean": 0.141128763556,
        "min": 0.0636324435472,
        "stdev": 0.0437517277896
    },
    "barkbands_kurtosis": {
        "max": 63.3754348755,
        "mean": 3.12214159966,
        "min": -1.69237363338,
        "stdev": 7.18136548996
    },
    "barkbands_skewness": {
        "max": 6.78167057037,
        "mean": 0.236952871084,
        "min": -2.42017650604,
        "stdev": 1.65268659592
    },
    "barkbands_spread": {
        "max": 84.8889312744,
        "mean": 18.7994499207,
        "min": 1.90564787388,
        "stdev": 9.11480617523
    },
    "dissonance": {
        "max": 0.499622434378,
        "mean": 0.472882866859,
        "min": 0.345294773579,
        "stdev": 0.0267553292215
    },
    "dynamic_complexity": 2.64428782463,
    "erbbands_crest": {
        "max": 25.4667987823,
        "mean": 9.58698558807,
        "min": 2.96172738075,
        "stdev": 4.34225988388
    },
    "erbbands_flatness_db": {
        "max": 0.296937733889,
        "mean": 0.205819115043,
        "min": 0.0964564308524,
        "stdev": 0.0435981415212
    },
    "erbbands_kurtosis": {
        "max": 9.0609331131,
        "mean": 1.13971674442,
        "min": -1.71564459801,
        "stdev": 1.79397547245
    },
    "erbbands_skewness": {
        "max": 2.67924046516,
        "mean": 0.0250086840242,
        "min": -2.13725066185,
        "stdev": 0.901774942875
    },
    "erbbands_spread": {
        "max": 116.483428955,
        "mean": 25.3536128998,
        "min": 6.39898967743,
        "stdev": 14.3163089752
    },
    "hfc": {
        "max": 109.024559021,
        "mean": 15.4404277802,
        "min": 1.20257383572e-16,
        "stdev": 12.8157939911
    },
    "loudness_ebu128": {
        "integrated": -14.0782651901,
        "loudness_range": 1.8880033493,
        "momentary": {
            "max": -10.1072759628,
            "mean": -20.8909416199,
            "min": -88.7438201904,
            "stdev": 20.8068084717
        },
        "short_term": {
            "max": -13.237821579,
            "mean": -14.4530792236,
            "min": -16.0295982361,
            "stdev": 0.628142058849
        }
    },
    "melbands_crest": {
        "max": 29.7618637085,
        "mean": 9.82873439789,
        "min": 1.67280948162,
        "stdev": 5.71347856522
    },
    "melbands_flatness_db": {
        "max": 0.35447460413,
        "mean": 0.144281208515,
        "min": 0.00352205056697,
        "stdev": 0.0757805928588
    },
    "melbands_kurtosis": {
        "max": 106.559379578,
        "mean": 5.31644058228,
        "min": -1.62226474285,
        "stdev": 13.9526081085
    },
    "melbands_skewness": {
        "max": 8.80304813385,
        "mean": 1.0151604414,
        "min": -1.17034566402,
        "stdev": 1.67736589909
    },
    "melbands_spread": {
        "max": 150.937469482,
        "mean": 44.8131942749,
        "min": 1.94011998177,
        "stdev": 33.9259414673
    },
    "pitch_salience": {
        "max": 0.850136876106,
        "mean": 0.650933682919,
        "min": 0.279386729002,
        "stdev": 0.111575506628
    },
    "silence_rate_20dB": {
        "max": 1,
        "mean": 1,
        "min": 1,
        "stdev": 0
    },
    "silence_rate_30dB": {
        "max": 1,
        "mean": 0.994545459747,
        "min": 0,
        "stdev": 0.0736532211304
    },
    "silence_rate_60dB": {
        "max": 1,
        "mean": 0.118181817234,
        "min": 0,
        "stdev": 0.322821438313
    },
    "spectral_centroid": {
        "max": 11399.9228516,
        "mean": 1952.91088867,
        "min": 325.008789062,
        "stdev": 1084.56176758
    },
    "spectral_complexity": {
        "max": 39,
        "mean": 18.0054550171,
        "min": 0,
        "stdev": 8.57808971405
    },
    "spectral_decrease": {
        "max": 6.18389503235e-29,
        "mean": -3.69993435889e-09,
        "min": -3.24809050767e-08,
        "stdev": 4.65298422014e-09
    },
    "spectral_energy": {
        "max": 0.126351505518,
        "mean": 0.0153648881242,
        "min": 1.06743069783e-20,
        "stdev": 0.0181077681482
    },
    "spectral_energyband_high": {
        "max": 0.0156537424773,
        "mean": 0.000531546480488,
        "min": 7.54633964775e-21,
        "stdev": 0.0013912274735
    },
    "spectral_energyband_low": {
        "max": 0.026102013886,
        "mean": 0.000931764487177,
        "min": 8.74280152434e-23,
        "stdev": 0.00220051268116
    },
    "spectral_energyband_middle_high": {
        "max": 0.0226332992315,
        "mean": 0.00486854044721,
        "min": 1.70350859741e-21,
        "stdev": 0.00360564747825
    },
    "spectral_energyband_middle_low": {
        "max": 0.119226068258,
        "mean": 0.00948508735746,
        "min": 2.33985737037e-22,
        "stdev": 0.0176576059312
    },
    "spectral_entropy": {
        "max": 9.79715251923,
        "mean": 7.58529663086,
        "min": 6.39333438873,
        "stdev": 0.562438368797
    },
    "spectral_flux": {
        "max": 0.24810308218,
        "mean": 0.0616149678826,
        "min": 1.03316535882e-10,
        "stdev": 0.0395225808024
    },
    "spectral_kurtosis": {
        "max": 33.5859260559,
        "mean": 6.23571300507,
        "min": -1.20754647255,
        "stdev": 5.10199451447
    },
    "spectral_rms": {
        "max": 0.0111026922241,
        "mean": 0.00332411262207,
        "min": 3.22706640056e-12,
        "stdev": 0.0019850526005
    },
    "spectral_rolloff": {
        "max": 19293.75,
        "mean": 3573.45556641,
        "min": 236.865234375,
        "stdev": 4170.69335938
    },
    "spectral_skewness": {
        "max": 3.77745437622,
        "mean": 1.65854346752,
        "min": -0.0272765625268,
        "stdev": 0.559076011181
    },
    "spectral_spread": {
        "max": 40711760,
        "mean": 3891223.5,
        "min": 1429406.375,
        "stdev": 2736865
    },
    "spectral_strongpeak": {
        "max": 5.92981767654,
        "mean": 1.32181859016,
        "min": 0,
        "stdev": 1.06487870216
    },
    "zerocrossingrate": {
        "max": 0.818359375,
        "mean": 0.124246269464,
        "min": 0.013671875,
        "stdev": 0.13376276195
    },
    "barkbands": {
        "max": [0.000341330596711, 0.00224227481522, 0.00854483433068, 0.024466348812, 0.107080832124, 0.0522535555065, 0.0618892647326, 0.0352993458509, 0.0241216272116, 0.0176856219769, 0.00813496951014, 0.00641112914309, 0.00634542386979, 0.0040076491423, 0.00741443177685, 0.00446827569976, 0.00713895168155, 0.00520442891866, 0.00724344095215, 0.00137167726643, 0.00241126911715, 0.00545780966058, 0.00604566931725, 0.00439505511895, 0.00249437568709, 7.04998528818e-05, 4.69109338042e-08],
        "mean": [2.01981256396e-05, 0.000165772406035, 0.000360478588846, 0.000786235264968, 0.00324826035649, 0.00213471567258, 0.00163725751918, 0.000721463467926, 0.000806715106592, 0.000741626776289, 0.000233708749874, 0.00039209210081, 0.000536372361239, 0.000569108349737, 0.000846933282446, 0.000624375650659, 0.000548637704924, 0.000194074265892, 0.000234491657466, 6.32583396509e-05, 9.90230255411e-05, 0.000143378681969, 0.000145050915307, 8.86738489498e-05, 2.17282686208e-05, 1.27697262542e-06, 8.02208910411e-10],
        "min": [7.29562378887e-25, 6.06686037826e-23, 2.40311991289e-23, 3.80310157951e-24, 6.19527557403e-23, 5.25315319442e-23, 4.54404707335e-23, 7.14736615781e-24, 5.5392613696e-23, 8.47657295951e-23, 8.85335312268e-23, 1.28441600525e-22, 1.27956204944e-22, 6.22226850094e-23, 1.66944159504e-22, 2.47920605207e-22, 2.08553505163e-22, 2.00178200487e-22, 2.12615154327e-22, 3.07854747933e-22, 5.59495494951e-22, 4.45240264075e-22, 4.53107517084e-22, 8.61377644442e-22, 1.15798712337e-21, 1.55953161198e-21, 2.60890220649e-21],
        "stdev": [2.92484364763e-05, 0.000232551625231, 0.000825825496577, 0.00269319536164, 0.0106564406306, 0.00640520546585, 0.00456718308851, 0.00284978444688, 0.00248402915895, 0.00158911477774, 0.000573125202209, 0.000630560854916, 0.000856924103573, 0.000598381098825, 0.000903585110791, 0.000775259395596, 0.000866399903316, 0.000417089468101, 0.00051601632731, 0.000123793535749, 0.000200845781364, 0.00040775720845, 0.000463473377749, 0.000391322857467, 0.000117465060612, 3.95254119212e-06, 2.67027577827e-09]
    },
    "erbbands": {
        "max": [0.0436909794807, 0.734756171703, 5.78484487534, 58.4375457764, 205.726852417, 450.350860596, 481.759643555, 546.045715332, 844.620544434, 511.063446045, 831.512329102, 562.409545898, 492.701751709, 679.221008301, 280.208709717, 263.79095459, 329.059783936, 232.560012817, 437.00289917, 207.445098877, 249.882980347, 273.078704834, 214.244430542, 335.607574463, 303.783996582, 66.8740844727, 56.0977592468, 136.219329834, 265.545196533, 148.792556763, 139.178314209, 123.789878845, 50.2714195251, 44.1573905945, 5.63249111176, 0.433224618435, 0.160162553191, 0.00808959268034, 0.000287370756269, 0.000140866861329],
        "mean": [0.00424148980528, 0.0442944653332, 0.329101800919, 1.77489638329, 6.69213914871, 11.6159210205, 14.8256692886, 17.4296073914, 24.674779892, 15.3559379578, 17.5291519165, 17.3215847015, 17.216840744, 24.9275684357, 11.6890707016, 18.3939647675, 26.2569522858, 27.9025821686, 44.9981460571, 37.0588569641, 33.2093467712, 26.2709674835, 14.0520353317, 10.6770420074, 10.9793519974, 3.31259441376, 3.74466490746, 4.54565095901, 4.9661192894, 4.53794527054, 4.21034097672, 2.33447813988, 1.13869512081, 0.390556633472, 0.0715837180614, 0.0115923667327, 0.00162489153445, 7.92763239588e-05, 1.35139043778e-05, 1.97928075067e-05],
        "min": [1.10897677305e-21, 1.56566904575e-20, 3.27097781112e-20, 1.93090337508e-20, 3.89006304601e-20, 2.6996473932e-19, 5.51536476996e-19, 2.88651550689e-19, 4.42436782573e-19, 7.15949221993e-19, 1.50131019356e-19, 1.11429241823e-18, 1.98698998816e-18, 4.63057071755e-18, 3.85222684836e-18, 5.0065309234e-18, 5.04389549885e-18, 2.80964488878e-18, 6.73266206077e-18, 1.03760866022e-17, 1.32104135265e-17, 1.24912304419e-17, 9.95436014745e-18, 1.08661969054e-17, 1.33886155274e-17, 1.40231267502e-17, 1.96869697163e-17, 2.12835143253e-17, 1.498627104e-17, 1.80106915137e-17, 1.28546464538e-17, 1.53268146807e-17, 1.47052397356e-17, 1.02795207103e-17, 1.03465289574e-17, 5.56124982271e-18, 3.35116943014e-18, 1.03330409503e-18, 3.65207788465e-19, 4.03969711076e-20],
        "stdev": [0.00552376871929, 0.0649051144719, 0.660174190998, 5.4645485878, 22.5646286011, 40.4493408203, 49.8888549805, 56.4819335938, 67.6391143799, 43.9942932129, 68.3173141479, 51.4967918396, 42.6937828064, 55.8327331543, 25.8665981293, 23.8523273468, 42.3554573059, 28.2446517944, 51.2109184265, 38.018119812, 45.1773414612, 37.4895477295, 18.8782215118, 28.2437496185, 23.0255470276, 6.01183605194, 6.64793634415, 10.3708200455, 17.5690002441, 13.6819000244, 11.6589813232, 10.693693161, 4.56421899796, 2.12427186966, 0.30619546771, 0.0296421218663, 0.00777756422758, 0.000390201836126, 1.90331411432e-05, 2.07555858651e-05]
    },
    "gfcc": {
        "mean": [-135.298339844, 76.8314743042, -159.31262207, 28.8048839569, -63.1580886841, 17.2454357147, -48.1361694336, -0.698354125023, -13.1711921692, -4.80162858963, -9.54236793518, -4.16669797897, -4.19985723495],
        "cov": [[85501.890625, 16614.8554688, -6824.14599609, 2628.62670898, -2068.01464844, 84.7503051758, -2494.83203125, -1376.29992676, 347.731628418, -1665.06750488, 51.6060180664, -1367.890625, 355.501464844], [16614.8554688, 4469.45605469, -1190.37194824, 284.056243896, -212.689163208, -310.642028809, -572.072937012, -415.493469238, 96.8679885864, -361.51739502, 66.3177108765, -389.928863525, 74.4504165649], [-6824.14599609, -1190.37194824, 1193.41088867, -24.3308963776, 12.4651193619, -238.487792969, 73.0524749756, 59.8947296143, -183.055862427, 94.5055084229, -28.7242050171, 43.040977478, -27.288974762], [2628.62670898, 284.056243896, -24.3308963776, 357.878479004, -96.7118911743, 15.5473127365, -109.858192444, -50.6847190857, -49.3721961975, -69.9198760986, -15.1481142044, -35.509475708, 32.9587860107], [-2068.01464844, -212.689163208, 12.4651193619, -96.7118911743, 319.879180908, 57.6088294983, 31.2087631226, 11.4073238373, 65.2214889526, 59.3076438904, -19.0846977234, 45.7520599365, -2.67211651802], [84.7503051758, -310.642028809, -238.487792969, 15.5473127365, 57.6088294983, 334.567138672, 111.903678894, 57.5277557373, 49.686832428, 31.1378326416, 36.0497322083, 37.0029945374, 6.49702835083], [-2494.83203125, -572.072937012, 73.0524749756, -109.858192444, 31.2087631226, 111.903678894, 210.375335693, 79.4131011963, -9.0052318573, 55.6721343994, 10.1427326202, 60.3553352356, -16.434545517], [-1376.29992676, -415.493469238, 59.8947296143, -50.6847190857, 11.4073238373, 57.5277557373, 79.4131011963, 132.354003906, 10.5742540359, 31.5594329834, 20.3464946747, 27.053062439, -19.4125614166], [347.731628418, 96.8679885864, -183.055862427, -49.3721961975, 65.2214889526, 49.686832428, -9.0052318573, 10.5742540359, 144.257278442, 14.8309936523, 14.9904584885, 16.0620498657, -12.5782108307], [-1665.06750488, -361.51739502, 94.5055084229, -69.9198760986, 59.3076438904, 31.1378326416, 55.6721343994, 31.5594329834, 14.8309936523, 104.770133972, 6.33211946487, 29.7984752655, -12.5001373291], [51.6060180664, 66.3177108765, -28.7242050171, -15.1481142044, -19.0846977234, 36.0497322083, 10.1427326202, 20.3464946747, 14.9904584885, 6.33211946487, 134.015335083, -11.2291622162, -8.83343887329], [-1367.890625, -389.928863525, 43.040977478, -35.509475708, 45.7520599365, 37.0029945374, 60.3553352356, 27.053062439, 16.0620498657, 29.7984752655, -11.2291622162, 118.482177734, 0.13128554821], [355.501464844, 74.4504165649, -27.288974762, 32.9587860107, -2.67211651802, 6.49702835083, -16.434545517, -19.4125614166, -12.5782108307, -12.5001373291, -8.83343887329, 0.13128554821, 57.2336273193]],
        "icov": [[0.000457810965599, -0.00130669248756, 0.0011132741347, -0.00128196843434, 0.00187011656817, -0.00143260869663, 0.00202255765907, -0.000942306709476, 0.00067386450246, -0.000350548536517, 0.00113909784704, -0.000789603393059, 0.000885416229721], [-0.00130669248756, 0.00470384443179, -0.00232994207181, 0.00358766014688, -0.00549323530868, 0.00502323685214, -0.0052627264522, 0.00409527635202, -0.00210626749322, 0.00222581648268, -0.00399268046021, 0.00396478362381, -0.00273027992807], [0.0011132741347, -0.00232994207181, 0.00509999459609, -0.00370807899162, 0.0039606266655, -0.00111146143172, 0.00470797810704, -0.00186268659309, 0.00335025624372, -0.00132495525759, 0.00196511065587, -0.00087171170162, 0.0024662357755], [-0.00128196843434, 0.00358766014688, -0.00370807899162, 0.00830962043256, -0.00416776584461, 0.00172536063474, -0.00259859045036, 0.00293396995403, -0.000763070944231, 0.00258956220932, -0.00255535892211, 0.0017821987858, -0.00339936232194], [0.00187011656817, -0.00549323530868, 0.0039606266655, -0.00416776584461, 0.0119693586603, -0.00713476119563, 0.00902442634106, -0.0034796805121, 0.00109363382217, -0.00291206291877, 0.00570806255564, -0.00425019394606, 0.0030930431094], [-0.00143260869663, 0.00502323685214, -0.00111146143172, 0.00172536063474, -0.00713476119563, 0.0117038656026, -0.00981437880546, 0.00294760521501, -0.00266303261742, 0.000708857318386, -0.00550540303811, 0.00400451896712, -0.00392874516547], [0.00202255765907, -0.0052627264522, 0.00470797810704, -0.00259859045036, 0.00902442634106, -0.00981437880546, 0.0200700704008, -0.0061121522449, 0.00543333077803, -0.00196767342277, 0.00522133661434, -0.0054582869634, 0.00483221421018], [-0.000942306709476, 0.00409527635202, -0.00186268659309, 0.00293396995403, -0.0034796805121, 0.00294760521501, -0.0061121522449, 0.0148431425914, -0.00296140043065, 0.00227078236639, -0.00428058579564, 0.00372693641111, -9.35800271691e-05], [0.00067386450246, -0.00210626749322, 0.00335025624372, -0.000763070944231, 0.00109363382217, -0.00266303261742, 0.00543333077803, -0.00296140043065, 0.012534616515, -0.00234397104941, 0.0010149970185, -0.00329777644947, 0.00390713755041], [-0.000350548536517, 0.00222581648268, -0.00132495525759, 0.00258956220932, -0.00291206291877, 0.000708857318386, -0.00196767342277, 0.00227078236639, -0.00234397104941, 0.0162640679628, -0.00211144192144, 0.00194986572023, -0.000145509955473], [0.00113909784704, -0.00399268046021, 0.00196511065587, -0.00255535892211, 0.00570806255564, -0.00550540303811, 0.00522133661434, -0.00428058579564, 0.0010149970185, -0.00211144192144, 0.0116870589554, -0.0021382085979, 0.00303630717099], [-0.000789603393059, 0.00396478362381, -0.00087171170162, 0.0017821987858, -0.00425019394606, 0.00400451896712, -0.0054582869634, 0.00372693641111, -0.00329777644947, 0.00194986572023, -0.0021382085979, 0.0153008271009, -0.003315087175], [0.000885416229721, -0.00273027992807, 0.0024662357755, -0.00339936232194, 0.0030930431094, -0.00392874516547, 0.00483221421018, -9.35800271691e-05, 0.00390713755041, -0.000145509955473, 0.00303630717099, -0.003315087175, 0.0219069551677]]
    },
    "melbands": {
        "max": [0.000453867192846, 0.00295203272253, 0.00918002147228, 0.0296750515699, 0.0138383507729, 0.0104318466038, 0.0134691148996, 0.00495772715658, 0.00575935700908, 0.00340132741258, 0.00244349939749, 0.00298721482977, 0.00105119531509, 0.000791922269855, 0.000713952409569, 0.000606655084994, 0.000485759577714, 0.000645698222797, 0.000310163741233, 0.000349558889866, 0.000381417543394, 0.000379894539947, 0.00020930430037, 0.000305713969283, 0.000285313930362, 0.000393807480577, 4.22359444201e-05, 4.95020722155e-05, 3.89590750274e-05, 5.72815115447e-05, 0.000105111445009, 0.00017861717788, 5.81310632697e-05, 0.000115951377666, 9.93020512396e-05, 9.28155786823e-05, 6.2497536419e-05, 3.99894197471e-05, 3.19467617373e-05, 3.94389608118e-05],
        "mean": [4.32904198533e-05, 0.000145496669575, 0.000413834524807, 0.000762966636103, 0.000483554264065, 0.000386784289731, 0.000370626017684, 0.000159601157065, 0.000143478901009, 0.00010823689081, 8.47337578307e-05, 0.000104706014099, 3.57378121407e-05, 4.21668773924e-05, 5.59241889277e-05, 5.20654502907e-05, 5.00219721289e-05, 6.93803158356e-05, 5.57912353543e-05, 4.61895615445e-05, 3.80514611606e-05, 2.83718854917e-05, 1.94639796973e-05, 1.01860250652e-05, 7.86942200648e-06, 9.86550458038e-06, 3.60729882232e-06, 1.89052070709e-06, 1.95945722226e-06, 2.64869709099e-06, 2.90342700282e-06, 3.04065292767e-06, 2.15390014091e-06, 2.67041923507e-06, 2.81068469121e-06, 1.58205409662e-06, 1.29148861561e-06, 8.40753330067e-07, 5.75312981255e-07, 2.41298693027e-07],
        "min": [1.38906682936e-23, 1.82812377447e-23, 3.69227845524e-24, 9.34762228477e-24, 1.91020696047e-23, 7.34350064468e-24, 7.32282538921e-24, 6.40804887288e-24, 9.45089384081e-25, 8.27317558806e-24, 9.72439329716e-24, 1.83056624561e-23, 1.15125508538e-23, 1.37259604475e-23, 1.63446867743e-23, 8.47152677407e-24, 4.22022085505e-24, 1.04223821593e-23, 1.26412877469e-23, 1.59617468696e-23, 1.46327560581e-23, 1.19044380189e-23, 1.07414243306e-23, 9.5450126382e-24, 8.30434348243e-24, 9.46312729852e-24, 1.02994208322e-23, 8.50973919632e-24, 1.08693815137e-23, 1.29638876809e-23, 1.29786606791e-23, 7.58782191108e-24, 9.52721988048e-24, 9.92507714487e-24, 7.26613390026e-24, 7.28252800759e-24, 1.04728377028e-23, 1.19152051814e-23, 7.61187191349e-24, 8.54437176778e-24],
        "stdev": [5.62815985177e-05, 0.000288680748781, 0.00111614901107, 0.00281143118627, 0.00146394665353, 0.00118482473772, 0.00101414241362, 0.000483198935399, 0.000539262429811, 0.000316852063406, 0.000212405182538, 0.000244067559834, 8.53578167153e-05, 6.77362040733e-05, 8.42781664687e-05, 6.96803836036e-05, 5.43041278434e-05, 7.90400663391e-05, 5.41602166777e-05, 5.48303178221e-05, 5.84586850891e-05, 4.56992202089e-05, 2.80187014141e-05, 2.25126987061e-05, 2.37100375671e-05, 2.47980042332e-05, 5.73790202907e-06, 4.09905760534e-06, 3.4519109704e-06, 5.97754296905e-06, 7.41003077565e-06, 1.12478819574e-05, 6.23959294899e-06, 9.46389991441e-06, 7.57528323447e-06, 7.11625807526e-06, 5.92008109379e-06, 3.46183196598e-06, 2.31989338317e-06, 1.75542481884e-06]
    },
    "melbands128": {
        "max": [0.000173435430042, 0.000368355831597, 0.000778536894359, 0.00146685971413, 0.00291056721471, 0.00579315470532, 0.0148387271911, 0.0168427377939, 0.0166896544397, 0.053902361542, 0.0240721032023, 0.0193493608385, 0.0230540018529, 0.0197431109846, 0.0180687084794, 0.0138154802844, 0.0152306891978, 0.0237809792161, 0.0132404742762, 0.00803179852664, 0.0065353019163, 0.0140896961093, 0.00980322714895, 0.00892728194594, 0.00580180017278, 0.00365532003343, 0.00680634519085, 0.00387107441202, 0.0018764953129, 0.00582821667194, 0.00264223967679, 0.00166644551791, 0.00159447779879, 0.00125278905034, 0.00188279873691, 0.000578003178816, 0.00118176196702, 0.00142944674008, 0.00148891634308, 0.0010249747429, 0.000962483463809, 0.000866049260367, 0.000570333912037, 0.000607558118645, 0.000463924719952, 0.000952267320827, 0.00151008495595, 0.000335339165758, 0.000396782706957, 0.000391451496398, 0.00057548424229, 0.000421340053435, 0.000694631249644, 0.000566628063098, 0.00086712493794, 0.000248066149652, 0.000237267915509, 0.000608984788414, 0.000219958237722, 0.000284204172203, 0.000468013691716, 0.000424763391493, 0.000460205599666, 0.000207881632377, 0.000339054764481, 0.000764043652453, 0.000206361277378, 9.22107792576e-05, 3.34118230967e-05, 5.78408325964e-05, 5.30494653503e-05, 7.93366707512e-05, 6.00318890065e-05, 4.36876216554e-05, 3.89872620872e-05, 0.000150541629409, 7.55745277274e-05, 4.73856598546e-05, 0.00018152348639, 0.000126615166664, 0.000118913783808, 0.00031444846536, 8.54275058373e-05, 6.9107481977e-05, 6.37810080661e-05, 6.39643985778e-05, 0.000161124407896, 0.000279009196674, 9.45434148889e-05, 5.32438280061e-05, 8.08916374808e-05, 9.93390422082e-05, 0.000147942570038, 6.05913555773e-05, 5.35529070476e-05, 3.44202453562e-05, 7.022034697e-05, 2.6069006708e-05, 3.66338026652e-05, 5.96412610321e-05, 4.09036401834e-05, 4.85534765176e-05, 1.48476610775e-05, 1.01847999758e-05, 1.67325390521e-06, 3.0341452657e-06, 8.5065607891e-07, 5.42684745142e-07, 2.75963628837e-07, 7.80627033237e-07, 8.23519997084e-07, 9.18001319405e-07, 3.72569786578e-07, 2.71414791086e-07, 1.66982175642e-07, 5.19145659794e-09, 7.69210473095e-10, 2.24700910656e-10, 2.16955509114e-10, 2.09386591399e-10, 2.03497413365e-10, 1.97957053527e-10, 1.91488810919e-10, 1.86708981609e-10, 1.84490298039e-10, 1.81864232007e-10, 1.79463735539e-10, 1.78200398882e-10],
        "mean": [1.45454023368e-05, 2.97128681268e-05, 5.5686050473e-05, 6.87400170136e-05, 0.000120055745356, 0.000196361244889, 0.000345786829712, 0.000394359900383, 0.000573300640099, 0.00116979295854, 0.000561618537176, 0.000330410664901, 0.000539806205779, 0.000548520882148, 0.000449198647402, 0.000241038986132, 0.000273780548014, 0.000555211561732, 0.000274668767815, 0.00011555346282, 0.00013215430954, 0.000163441960467, 0.000141675132909, 0.000128878848045, 0.000117131836305, 8.42918962007e-05, 0.00012640884961, 6.96504139341e-05, 4.55673543911e-05, 0.000173791282577, 9.57997326623e-05, 3.2498195651e-05, 3.73710863641e-05, 3.25476430589e-05, 3.34565120284e-05, 4.65352713945e-05, 5.77065402467e-05, 3.23818276229e-05, 8.71534793987e-05, 5.66038906982e-05, 3.12507982017e-05, 6.50663132546e-05, 4.89605990879e-05, 4.54202745459e-05, 4.57006171928e-05, 8.06017123978e-05, 9.64694700087e-05, 4.05715218221e-05, 4.89130543428e-05, 5.18279448443e-05, 4.70058475912e-05, 3.92635847675e-05, 3.80250930903e-05, 3.70382767869e-05, 3.95723691327e-05, 2.21016343858e-05, 2.09650625038e-05, 3.68844339391e-05, 9.39704295888e-06, 7.84777057561e-06, 1.25465767269e-05, 8.26065479487e-06, 1.18302823466e-05, 6.15841645413e-06, 4.48332866654e-06, 1.18476000353e-05, 1.3740461327e-05, 3.07123991661e-06, 2.15956924876e-06, 2.01826105695e-06, 1.88395824807e-06, 1.89460752154e-06, 1.64662060342e-06, 1.54390193075e-06, 2.45829915002e-06, 4.25556663686e-06, 1.68763847341e-06, 1.48640856423e-06, 3.32991976393e-06, 4.37926155428e-06, 2.37332324105e-06, 3.18333241012e-06, 2.6530251489e-06, 1.5853856894e-06, 2.25918756769e-06, 2.53649227488e-06, 3.09480265059e-06, 2.38922052631e-06, 3.70477869183e-06, 2.17797173718e-06, 1.28735030103e-06, 1.56256680839e-06, 1.8255982468e-06, 1.33035302952e-06, 8.91073227649e-07, 9.89719410427e-07, 8.43394047934e-07, 6.53920153582e-07, 5.91486639223e-07, 6.35833714568e-07, 2.14772981622e-07, 2.1115836546e-07, 1.70393249732e-07, 1.06959888058e-07, 5.12233064853e-08, 5.13127140778e-08, 2.98454558845e-08, 1.8087991549e-08, 1.33741089314e-08, 1.67830602749e-08, 1.32794779617e-08, 4.77385331266e-09, 2.31276797713e-09, 2.35486896649e-09, 1.01030517285e-09, 8.37342972737e-11, 1.39922769551e-11, 2.55421226704e-12, 2.47445011529e-12, 2.40144926514e-12, 2.33860175149e-12, 2.28516858214e-12, 2.23416055621e-12, 2.19019290551e-12, 2.13943598081e-12, 2.07385779556e-12, 2.03369287556e-12, 2.01886662769e-12],
        "min": [1.28622303808e-25, 5.39836331775e-24, 2.06932588485e-23, 2.82467676768e-23, 2.08703802098e-23, 9.90361381736e-24, 3.72829035e-24, 1.49802733471e-24, 4.12131820792e-24, 4.00057279118e-24, 1.73227670117e-23, 2.15337396559e-23, 1.96659615792e-23, 1.85824059057e-23, 4.55233957919e-24, 3.02741425698e-24, 4.60918686817e-24, 9.14502308279e-24, 7.81496020924e-24, 1.22373404763e-23, 1.96430921072e-24, 4.20871788255e-25, 5.69068233289e-25, 1.44877184586e-24, 5.16633289869e-24, 1.37580623532e-23, 1.04526728403e-23, 7.08694177905e-24, 1.25648005824e-23, 1.05924881806e-23, 3.07070607571e-23, 1.2924136191e-23, 3.3691744391e-24, 1.40145762537e-23, 2.17966827729e-23, 9.77385803136e-24, 8.39932154655e-24, 2.26535166668e-23, 1.68243836244e-23, 6.23950519061e-24, 1.01135273377e-23, 6.10761948017e-24, 3.32178125364e-24, 3.05834391535e-24, 6.066369549e-24, 1.82645722692e-23, 3.44624930498e-24, 1.72941771148e-23, 1.34185539745e-23, 1.05622519309e-23, 1.95894199833e-23, 1.66491034645e-23, 1.89074702412e-23, 1.14258045532e-23, 7.2935026405e-24, 1.13935661746e-23, 1.66621575347e-23, 1.57400958879e-23, 4.44437055367e-24, 9.40300742007e-24, 6.95669295499e-24, 1.36778493986e-23, 1.15064206157e-23, 4.3252371742e-24, 7.17150214607e-24, 1.11267237182e-23, 8.34724804934e-24, 1.16021402091e-23, 8.73332604269e-24, 1.29841976938e-23, 8.14044974076e-24, 5.58999695872e-24, 1.02385081486e-23, 8.55179179345e-24, 1.73525054901e-23, 1.3598254911e-23, 1.13824550688e-23, 1.01139367565e-23, 1.67673395147e-23, 1.29830546343e-23, 2.8405313336e-24, 8.67985941711e-24, 9.68709200926e-24, 5.32473735175e-24, 1.62333011922e-23, 8.16664071167e-24, 1.08192462478e-23, 6.84200125684e-24, 7.05858617382e-24, 7.67658769557e-24, 5.14956644901e-24, 8.59605793429e-24, 7.76088852735e-24, 9.57964599852e-24, 1.0582390761e-23, 1.87709641724e-23, 9.73303447952e-24, 7.60733911873e-24, 6.8227057191e-24, 8.09267395776e-24, 8.74968938444e-24, 6.75275426719e-24, 1.12129320157e-23, 1.37908079694e-23, 1.35288461954e-23, 1.05411112475e-23, 9.27354351261e-24, 1.15310922405e-23, 8.50345118604e-24, 7.93985661206e-24, 1.19195849371e-23, 6.61657242026e-24, 1.63150902909e-23, 1.09426722139e-23, 5.86508892802e-24, 5.75162864175e-24, 7.41524833287e-24, 8.88475499319e-24, 1.30154152864e-23, 1.18108688603e-23, 9.77512573084e-24, 1.44596074003e-23, 1.12530045719e-23, 8.49602563834e-24, 1.55190602177e-23, 1.23558486835e-23, 1.10010842084e-23, 1.16236595457e-23],
        "stdev": [1.9845640054e-05, 4.1257841076e-05, 8.52292359923e-05, 0.000115948540042, 0.000252885423834, 0.000501953123603, 0.00123696168885, 0.00146337621845, 0.0019745179452, 0.00512091303244, 0.00203830981627, 0.00143475760706, 0.00222995062359, 0.00202720030211, 0.00179190840572, 0.0010953231249, 0.00102317740675, 0.00164795143064, 0.000936080352403, 0.000545799499378, 0.000583206652664, 0.000866542512085, 0.000706029415596, 0.000594663782977, 0.000452600506833, 0.000283936708001, 0.000464798271423, 0.000225976662477, 0.000138634612085, 0.000463423784822, 0.000220922069275, 9.61027835729e-05, 0.000101146688394, 0.000106029016024, 0.00011145548342, 6.5470863774e-05, 9.29178859224e-05, 8.32992009236e-05, 0.000193249201402, 0.00011399275536, 5.84657573199e-05, 9.59813260124e-05, 5.91826392338e-05, 6.5873064159e-05, 6.03040971328e-05, 0.000108270018245, 0.00015958007134, 4.94342566526e-05, 6.18669582764e-05, 6.90279484843e-05, 6.65590487188e-05, 5.89730407228e-05, 6.53448441881e-05, 7.03851546859e-05, 9.00670420378e-05, 3.7207169953e-05, 3.18652273563e-05, 7.03862824594e-05, 1.52150714712e-05, 1.52997836267e-05, 2.83080935333e-05, 3.03686356347e-05, 4.00598146371e-05, 1.74178348971e-05, 1.90031441889e-05, 4.04105594498e-05, 2.92089716822e-05, 7.55905466576e-06, 4.02979912906e-06, 4.36735854237e-06, 4.34296634921e-06, 5.3477297115e-06, 4.1397829591e-06, 3.3859200812e-06, 4.26365431849e-06, 1.34519605126e-05, 5.26288522451e-06, 4.60629189547e-06, 1.00081488199e-05, 1.07013975139e-05, 9.85936094366e-06, 1.70489038283e-05, 8.98633516044e-06, 5.34739592695e-06, 7.01202043274e-06, 6.93724450684e-06, 1.3781310372e-05, 1.43587121784e-05, 9.23878087633e-06, 5.02864122609e-06, 5.73179568164e-06, 8.35777973407e-06, 1.06951929411e-05, 6.03578610026e-06, 4.06522804042e-06, 3.65680102732e-06, 4.27247914558e-06, 2.90725233754e-06, 2.5427041237e-06, 2.93782159133e-06, 1.81623954632e-06, 2.11912970371e-06, 8.07283868198e-07, 6.19475542862e-07, 1.57415229296e-07, 2.11414061368e-07, 7.49558779489e-08, 5.31908845858e-08, 3.10169063766e-08, 5.23583345569e-08, 5.88609978536e-08, 4.26633981476e-08, 1.72647283136e-08, 1.48185241855e-08, 8.51344950092e-09, 4.02937322397e-10, 6.20005297103e-11, 1.02805220933e-11, 9.93564692325e-12, 9.59874627698e-12, 9.33273250348e-12, 9.08505649183e-12, 8.80489865046e-12, 8.5947516465e-12, 8.4898416422e-12, 8.37286316668e-12, 8.26879970744e-12, 8.2125929321e-12]
    },
    "mfcc": {
        "mean": [-725.052490234, 104.977401733, -31.8887577057, 5.77487230301, 5.52060270309, 6.38404941559, -15.2773628235, 0.0496069192886, -5.15635919571, -0.177212655544, -2.72430992126, -2.96874904633, -3.27495217323],
        "cov": [[38179.4335938, 6690.80566406, -1866.53918457, 502.619995117, 167.492858887, 343.7628479, -1059.78308105, 38.5134887695, -378.444366455, -81.732963562, -214.546981812, -294.726959229, -304.67175293], [6690.80566406, 2599.13745117, -547.871887207, 128.275802612, 137.510818481, -40.2417602539, -323.66784668, -150.458511353, -145.77684021, -8.8498210907, -58.4494361877, -62.0784721375, -18.1204738617], [-1866.53918457, -547.871887207, 849.320495605, 245.257766724, -112.04788208, -163.569564819, 99.1762237549, -97.3750076294, -100.896255493, -52.819606781, -64.4440078735, -80.8893661499, -42.8379325867], [502.619995117, 128.275802612, 245.257766724, 334.257965088, 26.1781406403, -62.922328949, -75.4358139038, -68.0892333984, -47.7415275574, -87.2920684814, -71.2378234863, -32.1326332092, -74.3442230225], [167.492858887, 137.510818481, -112.04788208, 26.1781406403, 253.85144043, 42.584274292, -47.1318435669, -9.99929046631, 4.70527124405, 34.3232841492, -10.4637527466, -4.51338815689, 32.1965026855], [343.7628479, -40.2417602539, -163.569564819, -62.922328949, 42.584274292, 189.273666382, 17.7542591095, 32.6527671814, 47.7836456299, 5.29809331894, -8.33727359772, 67.4399261475, -26.9393939972], [-1059.78308105, -323.66784668, 99.1762237549, -75.4358139038, -47.1318435669, 17.7542591095, 211.848388672, 18.1053943634, 10.4516038895, 23.7884407043, 1.62191450596, 21.4024620056, 18.5370578766], [38.5134887695, -150.458511353, -97.3750076294, -68.0892333984, -9.99929046631, 32.6527671814, 18.1053943634, 125.259422302, 36.077796936, 2.27387547493, 37.2249984741, 7.01735448837, 5.97299051285], [-378.444366455, -145.77684021, -100.896255493, -47.7415275574, 4.70527124405, 47.7836456299, 10.4516038895, 36.077796936, 107.55973053, 1.60998308659, 9.66538143158, 40.0828475952, -28.4268836975], [-81.732963562, -8.8498210907, -52.819606781, -87.2920684814, 34.3232841492, 5.29809331894, 23.7884407043, 2.27387547493, 1.60998308659, 106.148178101, 20.740606308, -0.0506478622556, 42.9447898865], [-214.546981812, -58.4494361877, -64.4440078735, -71.2378234863, -10.4637527466, -8.33727359772, 1.62191450596, 37.2249984741, 9.66538143158, 20.740606308, 97.6701507568, 4.43382072449, 33.5717544556], [-294.726959229, -62.0784721375, -80.8893661499, -32.1326332092, -4.51338815689, 67.4399261475, 21.4024620056, 7.01735448837, 40.0828475952, -0.0506478622556, 4.43382072449, 135.441238403, -42.4686279297], [-304.67175293, -18.1204738617, -42.8379325867, -74.3442230225, 32.1965026855, -26.9393939972, 18.5370578766, 5.97299051285, -28.4268836975, 42.9447898865, 33.5717544556, -42.4686279297, 150.215988159]],
        "icov": [[6.31324146525e-05, -0.00014572260261, 5.60515618417e-05, -0.000124100130051, 0.000120045573567, -0.000208309997106, 6.74262118991e-05, -0.000232164675253, 0.000141340467962, -0.000130452099256, 5.03093033331e-05, 0.000172980740899, 0.000104559694591], [-0.00014572260261, 0.0011397319613, 0.000822236470412, -2.10216658161e-05, -0.000249938369961, 0.000798008579295, 0.000288701470708, 0.00141758029349, 0.00102124654222, 0.000166895173606, 0.000160844690981, -5.80757441639e-05, 0.000263876543613], [5.60515618417e-05, 0.000822236470412, 0.00362274656072, -0.00214934884571, 0.000868582283147, 0.00124619412236, -0.00127292086836, 0.00154840189498, 0.00258116680197, -0.000568331335671, 0.000452559557743, 0.0012883717427, 0.00122912030201], [-0.000124100130051, -2.10216658161e-05, -0.00214934884571, 0.0077156862244, -0.00225599785335, 0.00138955330476, 0.00177969352808, 0.000949612352997, 0.000313180527883, 0.00436155078933, 0.00189303001389, -0.000454178691143, 0.00168767070863], [0.000120045573567, -0.000249938369961, 0.000868582283147, -0.00225599785335, 0.00569132110104, -0.00192494539078, 0.00081944745034, -8.21306748549e-05, -0.00022798095597, -0.0027873092331, 0.000598761078436, 0.000732245040126, -0.00149150646757], [-0.000208309997106, 0.000798008579295, 0.00124619412236, 0.00138955330476, -0.00192494539078, 0.00938349589705, -0.00102997920476, -4.68401776743e-05, -0.000566358095966, 0.00119761563838, 0.00203179568052, -0.00312110758387, 0.00115518516395], [6.74262118991e-05, 0.000288701470708, -0.00127292086836, 0.00177969352808, 0.00081944745034, -0.00102997920476, 0.00732055818662, -0.000812909740489, 0.000241248431848, -0.000872168806382, 0.0014726810623, -0.00102492247242, -0.000865926791448], [-0.000232164675253, 0.00141758029349, 0.00154840189498, 0.000949612352997, -8.21306748549e-05, -4.68401776743e-05, -0.000812909740489, 0.0128466729075, -0.00134385854471, 0.00186764402315, -0.00337736611255, 0.0014730412513, 0.000593378732447], [0.000141340467962, 0.00102124654222, 0.00258116680197, 0.000313180527883, -0.00022798095597, -0.000566358095966, 0.000241248431848, -0.00134385854471, 0.0157112851739, -0.000119650117995, 0.00042307129479, -0.00071757810656, 0.00398189341649], [-0.000130452099256, 0.000166895173606, -0.000568331335671, 0.00436155078933, -0.0027873092331, 0.00119761563838, -0.000872168806382, 0.00186764402315, -0.000119650117995, 0.0144078703597, -0.000768139609136, -0.000575596583076, -0.0015350925969], [5.03093033331e-05, 0.000160844690981, 0.000452559557743, 0.00189303001389, 0.000598761078436, 0.00203179568052, 0.0014726810623, -0.00337736611255, 0.00042307129479, -0.000768139609136, 0.0144755011424, -0.00135537306778, -0.0019426594954], [0.000172980740899, -5.80757441639e-05, 0.0012883717427, -0.000454178691143, 0.000732245040126, -0.00312110758387, -0.00102492247242, 0.0014730412513, -0.00071757810656, -0.000575596583076, -0.00135537306778, 0.011377078481, 0.00338586629368], [0.000104559694591, 0.000263876543613, 0.00122912030201, 0.00168767070863, -0.00149150646757, 0.00115518516395, -0.000865926791448, 0.000593378732447, 0.00398189341649, -0.0015350925969, -0.0019426594954, 0.00338586629368, 0.0112806688994]]
    },
    "spectral_contrast_coeffs": {
        "max": [-0.309331774712, -0.506370067596, -0.593066096306, -0.653300583363, -0.595343470573, -0.557116150856],
        "mean": [-0.721438229084, -0.76636248827, -0.797434747219, -0.811062574387, -0.768008291721, -0.738448560238],
        "min": [-0.939215064049, -0.968993365765, -0.954368472099, -0.958641409874, -0.955992043018, -0.960416972637],
        "stdev": [0.117145687342, 0.0972668007016, 0.069149017334, 0.0570033341646, 0.082921244204, 0.0783322900534]
    },
    "spectral_contrast_valleys": {
        "max": [-5.72290420532, -5.38684844971, -5.7034277916, -5.9502363205, -6.32005643845, -8.0426902771],
        "mean": [-8.66959953308, -8.07780170441, -8.26531505585, -7.96717882156, -8.77102470398, -11.8440570831],
        "min": [-28.0672664642, -27.5127944946, -27.3837127686, -27.2554969788, -27.3505268097, -27.2395477295],
        "stdev": [3.36871194839, 3.10677599907, 3.0165681839, 3.05247330666, 2.61826992035, 2.16780138016]
    }
},
"rhythm": {
    "beats_count": 21,
    "beats_loudness": {
        "max": 0.111201651394,
        "mean": 0.0229615941644,
        "min": 2.54707421821e-10,
        "stdev": 0.0267965290695
    },
    "bpm": 111.35308075,
    "bpm_histogram_first_peak_bpm": 110,
    "bpm_histogram_first_peak_weight": 0,
    "bpm_histogram_second_peak_bpm": 94,
    "bpm_histogram_second_peak_spread": 0.625,
    "bpm_histogram_second_peak_weight": 0.15000000596,
    "danceability": 1.1099499464,
    "onset_rate": 1.88097131252,
    "beats_loudness_band_ratio": {
        "max": [0.416672825813, 0.911721765995, 0.658921599388, 0.53072565794, 0.569312334061, 0.84804880619],
        "mean": [0.0851095840335, 0.192124024034, 0.184484407306, 0.197529539466, 0.216265752912, 0.156873628497],
        "min": [0.010089378804, 0.00388567172922, 0.00690669426695, 0.00210625468753, 0.0100048044696, 0.00351814669557],
        "stdev": [0.0946278274059, 0.273456126451, 0.164538294077, 0.143744364381, 0.174067154527, 0.262969255447]
    },
    "beats_position": [0.615328788757, 1.25387752056, 1.89242625237, 2.53097510338, 3.13469386101, 3.73841261864, 4.35374164581, 4.96907043457, 5.58439922333, 6.23455762863, 6.88471651077, 7.47682523727, 8.06893444061, 8.66104316711, 9.2067117691, 9.75238037109, 10.2980499268, 10.8437185287, 11.3893871307, 11.9118366241, 12.4342851639],
