{
"metadata": {
    "version": {
        "essentia": "2.1-beta5",
        "essentia_git_sha": "Undefined",
        "extractor": "music 2.0"
    },
    "audio_properties": {
        "analysis": {
            "equal_loudness": 0,
            "length": 12.7477550507,
            "sample_rate": 44100,
            "start_time": 0,
            "downmix": "mix"
        },
        "bit_rate": 192000,
        "length": 193.77053833,
        "lossless": 0,
        "number_channels": 2,
        "replay_gain": 0.617197036743,
        "sample_rate": 48000,
        "codec": "mp3",
        "md5_encoded": "9ea08587d7024b97c2ba871157721a49"
    },
    "tags": {
        "file_name": "Finland_La Dolce Vita_Anneli Saaristo.mp3",
        "encoding": ["Lavf58.29.100"]
    }
},
"lowlevel": {
    "average_loudness": 0.0188055057079,
    "barkbands_crest": {
        "max": 18.0604686737,
        "mean": 7.82074308395,
        "min": 4.30035638809,
        "stdev": 2.5699737072
    },
    "barkbands_flatness_db": {
        "max": 0.282104790211,
        "mean": 0.102831482887,
        "min": 0.0493686981499,
        "stdev": 0.0532201603055
    },
    "barkbands_kurtosis": {
        "max": 45.7562637329,
        "mean": 4.77389097214,
        "min": -1.37598490715,
        "stdev": 4.84082603455
    },
    "barkbands_skewness": {
        "max": 5.20980119705,
        "mean": -0.632985293865,
        "min": -2.20879030228,
        "stdev": 1.95202934742
    },
    "barkbands_spread": {
        "max": 95.6021347046,
        "mean": 23.7448406219,
        "min": 2.54302501678,
        "stdev": 9.06015396118
    },
    "dissonance": {
        "max": 0.499968737364,
        "mean": 0.48029756546,
        "min": 0.338258117437,
        "stdev": 0.0272088125348
    },
    "dynamic_complexity": 9.03036117554,
    "erbbands_crest": {
        "max": 17.4100341797,
        "mean": 4.96738433838,
        "min": 2.66758584976,
        "stdev": 3.04983091354
    },
    "erbbands_flatness_db": {
        "max": 0.236117750406,
        "mean": 0.113900482655,
        "min": 0.0383679829538,
        "stdev": 0.0339059270918
    },
    "erbbands_kurtosis": {
        "max": 7.2611207962,
        "mean": 0.203250780702,
        "min": -1.54746222496,
        "stdev": 0.990732908249
    },
    "erbbands_skewness": {
        "max": 2.3544459343,
        "mean": -0.222647860646,
        "min": -1.02170097828,
        "stdev": 0.762892186642
    },
    "erbbands_spread": {
        "max": 108.705528259,
        "mean": 40.0709495544,
        "min": 14.9181270599,
        "stdev": 13.0977334976
    },
    "hfc": {
        "max": 180.569595337,
        "mean": 6.3365149498,
        "min": 1.05852185406e-16,
        "stdev": 17.8267364502
    },
    "loudness_ebu128": {
        "integrated": -21.7478122711,
        "loudness_range": 14.1700000763,
        "momentary": {
            "max": -17.8569431305,
            "mean": -218.846160889,
            "min": -300.691009521,
            "stdev": 124.317398071
        },
        "short_term": {
            "max": -21.6034145355,
            "mean": -199.264602661,
            "min": -300.691009521,
            "stdev": 129.21105957
        }
    },
    "melbands_crest": {
        "max": 25.9780597687,
        "mean": 5.68608427048,
        "min": 1.50513589382,
        "stdev": 5.66133499146
    },
    "melbands_flatness_db": {
        "max": 0.37860918045,
        "mean": 0.0738225728273,
        "min": 0.00226663472131,
        "stdev": 0.110141560435
    },
    "melbands_kurtosis": {
        "max": 105.345741272,
        "mean": 5.85936594009,
        "min": -1.43630182743,
        "stdev": 14.5439386368
    },
    "melbands_skewness": {
        "max": 9.08164978027,
        "mean": 1.02100670338,
        "min": -0.331798732281,
        "stdev": 1.74181997776
    },
    "melbands_spread": {
        "max": 158.326660156,
        "mean": 97.6673660278,
        "min": 1.90867495537,
        "stdev": 55.3670310974
    },
    "pitch_salience": {
        "max": 0.96810489893,
        "mean": 0.723558962345,
        "min": 0.258958160877,
        "stdev": 0.119993641973
    },
    "silence_rate_20dB": {
        "max": 1,
        "mean": 1,
        "min": 1,
        "stdev": 0
    },
    "silence_rate_30dB": {
        "max": 1,
        "mean": 0.958181798458,
        "min": 0,
        "stdev": 0.200173541903
    },
    "silence_rate_60dB": {
        "max": 1,
        "mean": 0.758181810379,
        "min": 0,
        "stdev": 0.428184390068
    },
    "spectral_centroid": {
        "max": 11896.3339844,
        "mean": 8036.89794922,
        "min": 288.686340332,
        "stdev": 4655.19580078
    },
    "spectral_complexity": {
        "max": 54,
        "mean": 4.20363616943,
        "min": 0,
        "stdev": 8.71792221069
    },
    "spectral_decrease": {
        "max": 1.85904649002e-28,
        "mean": -3.6481320187e-09,
        "min": -5.19762899387e-08,
        "stdev": 8.53262260847e-09
    },
    "spectral_energy": {
        "max": 0.211792036891,
        "mean": 0.014343640767,
        "min": 9.7015038038e-21,
        "stdev": 0.0334963016212
    },
    "spectral_energyband_high": {
        "max": 0.0166221726686,
        "mean": 0.000234706298215,
        "min": 6.69714342933e-21,
        "stdev": 0.00107166578528
    },
    "spectral_energyband_low": {
        "max": 0.137977704406,
        "mean": 0.00533566437662,
        "min": 1.48504422249e-23,
        "stdev": 0.0165001042187
    },
    "spectral_energyband_middle_high": {
        "max": 0.0285915993154,
        "mean": 0.00111538148485,
        "min": 9.79918119217e-22,
        "stdev": 0.0032594515942
    },
    "spectral_energyband_middle_low": {
        "max": 0.160455286503,
        "mean": 0.00779948849231,
        "min": 1.47241859836e-22,
        "stdev": 0.0196164697409
    },
    "spectral_entropy": {
        "max": 9.8288898468,
        "mean": 9.06463527679,
        "min": 6.10320854187,
        "stdev": 1.17589724064
    },
    "spectral_flux": {
        "max": 0.2554294765,
        "mean": 0.021481635049,
        "min": 6.19539489155e-11,
        "stdev": 0.0431547500193
    },
    "spectral_kurtosis": {
        "max": 19.8608589172,
        "mean": 0.337336778641,
        "min": -1.27543437481,
        "stdev": 2.92483353615
    },
    "spectral_rms": {
        "max": 0.0143745047972,
        "mean": 0.00172645342536,
        "min": 3.07650476275e-12,
        "stdev": 0.00331860803999
    },
    "spectral_rolloff": {
        "max": 19767.4804688,
        "mean": 13521.3740234,
        "min": 107.666015625,
        "stdev": 8166.58740234
    },
    "spectral_skewness": {
        "max": 4.13071346283,
        "mean": 0.482698261738,
        "min": -0.0882363170385,
        "stdev": 0.796134531498
    },
    "spectral_spread": {
        "max": 42680888,
        "mean": 30152680,
        "min": 2632796.25,
        "stdev": 16028995
    },
    "spectral_strongpeak": {
        "max": 4.19414377213,
        "mean": 0.215827435255,
        "min": 0,
        "stdev": 0.555989444256
    },
    "zerocrossingrate": {
        "max": 0.7353515625,
        "mean": 0.368998587132,
        "min": 0.00927734375,
        "stdev": 0.206334799528
    },
    "barkbands": {
        "max": [0.00757738901302, 0.111471235752, 0.0531192719936, 0.00882623903453, 0.0638596042991, 0.0686445087194, 0.0253486335278, 0.0105072166771, 0.0130568780005, 0.00174952647649, 0.00382117042318, 0.00641294661909, 0.00511841429397, 0.00274163810536, 0.00529520493001, 0.00426410790533, 0.00291193346493, 0.00361661077477, 0.0040537007153, 0.00586639717221, 0.00305302697234, 0.00434239720926, 0.00273662758991, 0.00224245572463, 0.00123360706493, 0.000511023914441, 1.92819425138e-06],
        "mean": [0.000185749493539, 0.00365560874343, 0.00137750606518, 0.000372203387087, 0.00307523738593, 0.00311146955937, 0.000679710239638, 0.00029443114181, 0.000227608790738, 6.64856779622e-05, 0.00013571632735, 0.000204473268241, 0.000247568474151, 5.96241188759e-05, 0.000118468400615, 5.64352303627e-05, 8.4020459326e-05, 4.72946521768e-05, 7.33673077775e-05, 6.22027073405e-05, 4.31094449596e-05, 4.76727655041e-05, 4.50590378023e-05, 4.42738673883e-05, 2.15515119635e-05, 6.79109143675e-06, 6.05583005964e-09],
        "min": [1.75716178188e-25, 1.86120745699e-24, 5.93583170603e-25, 7.72097512377e-25, 6.74985756995e-24, 4.73559985608e-24, 5.41366485273e-24, 4.65225670144e-24, 5.19645476349e-24, 1.18945867239e-23, 1.08961657081e-23, 1.98179750757e-23, 2.06866623936e-23, 2.76317654042e-23, 3.95479164298e-23, 4.35855242683e-23, 4.55885841016e-23, 4.91982317436e-23, 1.17102955636e-22, 1.49497004905e-22, 1.73416693812e-22, 2.841725882e-22, 2.7990120301e-22, 5.08085997738e-22, 8.12050790505e-22, 1.23208431071e-21, 1.84211627997e-21],
        "stdev": [0.000792820530478, 0.0118223242462, 0.00463278498501, 0.00107774289791, 0.0080747185275, 0.00889230147004, 0.002173056826, 0.000902222120203, 0.00107456557453, 0.000215279345866, 0.000407447456382, 0.000813374121208, 0.000747572456021, 0.000246501207585, 0.00040743718273, 0.000304994056933, 0.00032289524097, 0.000231163314311, 0.000325596367475, 0.00035661176662, 0.000238167645875, 0.000259571766946, 0.000180448347237, 0.00019064071239, 0.000106155581307, 3.76360949303e-05, 8.38805291892e-08]
    },
    "erbbands": {
        "max": [4.88146162033, 21.6815128326, 67.3072509766, 38.0615959167, 188.130340576, 242.512252808, 572.930358887, 469.617004395, 676.927856445, 158.364685059, 277.869354248, 202.649047852, 65.7161560059, 74.2402877808, 139.947723389, 329.815979004, 214.006500244, 153.412200928, 140.371826172, 231.629501343, 223.88053894, 154.164840698, 178.73298645, 207.089035034, 210.706253052, 301.936767578, 138.205764771, 136.955474854, 151.237823486, 129.35987854, 64.4696731567, 52.9958610535, 29.7142181396, 14.5005645752, 9.29469680786, 4.0426530838, 0.46573895216, 0.0135515453294, 0.000614287157077, 0.000287299160846],
        "mean": [0.137167558074, 0.692201554775, 1.7508649826, 1.18560147285, 6.2070016861, 9.93004512787, 26.0380764008, 15.4518232346, 14.1180257797, 5.43808794022, 8.88618564606, 4.00631999969, 2.02389502525, 3.94914293289, 4.26761865616, 10.8117580414, 12.2663049698, 5.09649038315, 4.64526700974, 4.0316529274, 3.76286220551, 4.66781711578, 3.01536750793, 3.12915468216, 4.16591596603, 2.91547894478, 1.83937644958, 1.71949660778, 1.84898221493, 1.35782825947, 1.31110942364, 0.787954509258, 0.751534044743, 0.282932728529, 0.158822208643, 0.0555581189692, 0.00663417438045, 0.000187051933608, 1.56992718985e-05, 1.73760854523e-05],
        "min": [5.46631193071e-23, 5.06851285271e-22, 1.31762015787e-21, 3.2916406455e-21, 4.53534849979e-21, 2.00882976645e-20, 2.39891037187e-20, 4.91209768408e-20, 7.60010315639e-20, 1.0691905892e-19, 2.05918302915e-19, 2.07012649941e-19, 4.4789984523e-19, 5.58108892252e-19, 6.56582417731e-19, 1.0007556753e-18, 1.06314959872e-18, 1.35344160366e-18, 2.3926844419e-18, 2.17606734617e-18, 3.04531691711e-18, 3.33067499649e-18, 2.97307820024e-18, 4.47076314552e-18, 4.60797751989e-18, 7.06552036644e-18, 8.34433249446e-18, 7.43743069601e-18, 9.01849627422e-18, 1.04011361127e-17, 9.09939453813e-18, 9.33650751507e-18, 9.14811382184e-18, 7.723974332e-18, 5.945886326e-18, 3.66737017943e-18, 2.26169997831e-18, 8.506661313e-19, 2.39338919978e-19, 2.59823908907e-20],
        "stdev": [0.503068804741, 2.12823343277, 6.00826025009, 3.13408493996, 17.8125972748, 26.6935596466, 68.2101821899, 47.9188690186, 55.6172599792, 15.2125101089, 28.0772476196, 16.5484333038, 7.75956869125, 10.7302503586, 13.8721809387, 41.6009407043, 35.0206375122, 15.685464859, 14.8176107407, 15.8370790482, 17.7585277557, 18.6773948669, 13.8221206665, 15.2399702072, 16.5097122192, 17.4765758514, 10.3419218063, 9.80042266846, 9.22887039185, 7.38719272614, 5.05860614777, 3.66333055496, 3.14792275429, 1.29287338257, 0.82715511322, 0.299592494965, 0.0378356538713, 0.00105471361894, 5.25166506122e-05, 4.0261860704e-05]
    },
    "gfcc": {
        "mean": [-915.607910156, 32.4637947083, -29.4188175201, 14.6381912231, -19.5626163483, 5.58249235153, -13.740814209, -1.38025534153, -5.95245790482, 0.202529847622, 0.829901099205, -0.639242887497, -1.59076654911],
        "cov": [[307752.125, 29330.4257812, -25552.0859375, 12610.1328125, -16745.3046875, 4849.59814453, -12083.4902344, -1293.359375, -5074.39453125, 196.551040649, 1186.07629395, -414.29574585, -1148.56628418], [29330.4257812, 3180.02539062, -2440.50219727, 1258.34033203, -1527.91723633, 420.733337402, -1067.92944336, -194.199645996, -414.840148926, -51.0091667175, 179.536178589, -79.7917175293, -50.3908081055], [-25552.0859375, -2440.50219727, 2291.78466797, -1038.38513184, 1412.88781738, -371.148925781, 1012.58081055, 133.877502441, 398.147949219, -15.2640361786, -110.402351379, 63.0159225464, 104.343521118], [12610.1328125, 1258.34033203, -1038.38513184, 596.788757324, -676.11706543, 201.710098267, -465.062133789, -80.7569503784, -197.294311523, -5.34223270416, 50.4897232056, -35.0931930542, -48.1663208008], [-16745.3046875, -1527.91723633, 1412.88781738, -676.11706543, 955.187927246, -264.515991211, 675.711914062, 64.300994873, 290.378997803, -19.8784980774, -45.3308944702, 24.1591186523, 77.3059768677], [4849.59814453, 420.733337402, -371.148925781, 201.710098267, -264.515991211, 116.568641663, -199.155258179, -10.631275177, -84.1507263184, 22.7546157837, 20.0279331207, -5.36215591431, -30.3989315033], [-12083.4902344, -1067.92944336, 1012.58081055, -465.062133789, 675.711914062, -199.155258179, 529.393859863, 41.0474586487, 220.17098999, -24.1065254211, -44.9399375916, 1.79851019382, 59.9510612488], [-1293.359375, -194.199645996, 133.877502441, -80.7569503784, 64.300994873, -10.631275177, 41.0474586487, 50.1569213867, 3.07926416397, 6.92932653427, -24.3815307617, 16.1037693024, 0.97432744503], [-5074.39453125, -414.840148926, 398.147949219, -197.294311523, 290.378997803, -84.1507263184, 220.17098999, 3.07926416397, 115.472763062, -5.65999984741, 3.47294378281, -6.28902006149, 28.4401855469], [196.551040649, -51.0091667175, -15.2640361786, -5.34223270416, -19.8784980774, 22.7546157837, -24.1065254211, 6.92932653427, -5.65999984741, 33.4727706909, 1.63552820683, 4.2394952774, -15.8721504211], [1186.07629395, 179.536178589, -110.402351379, 50.4897232056, -45.3308944702, 20.0279331207, -44.9399375916, -24.3815307617, 3.47294378281, 1.63552820683, 54.8229789734, 0.382818758488, 8.70834255219], [-414.29574585, -79.7917175293, 63.0159225464, -35.0931930542, 24.1591186523, -5.36215591431, 1.79851019382, 16.1037693024, -6.28902006149, 4.2394952774, 0.382818758488, 28.4633407593, 4.72293043137], [-1148.56628418, -50.3908081055, 104.343521118, -48.1663208008, 77.3059768677, -30.3989315033, 59.9510612488, 0.97432744503, 28.4401855469, -15.8721504211, 8.70834255219, 4.72293043137, 28.3590602875]],
        "icov": [[0.000914061674848, -0.00360224209726, 0.00240206159651, -0.002498336602, 0.00246523367241, -0.00247092987411, 0.00213580857962, -0.00275633786805, 0.00242901989259, -0.00465708272532, 0.00285995192826, -0.00490877497941, -0.00135425338522], [-0.00360224209726, 0.0204515829682, -0.00780284916982, 0.00559301953763, -0.00647195149213, 0.00551936356351, -0.00690931035206, 0.0124621186405, -0.0104202153161, 0.0273187533021, -0.0166462622583, 0.0239618029445, -0.0067469351925], [0.00240206159651, -0.00780284916982, 0.0170901231468, -0.00428812624887, -0.00346914655529, -0.0165934748948, -0.00342443399131, -0.00369061646052, 0.0144109260291, -0.010431740433, 0.0114961639047, -0.0220236573368, -0.00786046590656], [-0.002498336602, 0.00559301953763, -0.00428812624887, 0.0274810586125, -0.00313430232927, -0.00568177644163, -0.0160258542746, 0.0196091439575, 0.00438418239355, 0.0175962615758, -0.00598716083914, 0.0105704059824, 0.0123943248764], [0.00246523367241, -0.00647195149213, -0.00346914655529, -0.00313430232927, 0.0411674752831, -0.00225320481695, -0.00231237546541, -0.00682975584641, -0.00883655063808, -0.00163280090783, -0.00525437947363, -0.0110533144325, -0.00232633226551], [-0.00247092987411, 0.00551936356351, -0.0165934748948, -0.00568177644163, -0.00225320481695, 0.0615915134549, 0.00541526917368, -0.0127466553822, -0.00387277523987, -0.0167166981846, -0.0207805093378, 0.0284750182182, 0.0184565763921], [0.00213580857962, -0.00690931035206, -0.00342443399131, -0.0160258542746, -0.00231237546541, 0.00541526917368, 0.0526934564114, -0.0144579578191, -0.0336715430021, -0.00613935338333, 0.0220154877752, 0.00323300203308, -0.0161503013223], [-0.00275633786805, 0.0124621186405, -0.00369061646052, 0.0196091439575, -0.00682975584641, -0.0127466553822, -0.0144579578191, 0.0573606975377, 0.00648438138887, 0.0156614426523, 0.00650623207912, -0.000523675698787, -0.00870662275702], [0.00242901989259, -0.0104202153161, 0.0144109260291, 0.00438418239355, -0.00883655063808, -0.00387277523987, -0.0336715430021, 0.00648438138887, 0.122673004866, -0.0379967465997, -0.0286577902734, 0.0202955845743, -0.0136894015595], [-0.00465708272532, 0.0273187533021, -0.010431740433, 0.0175962615758, -0.00163280090783, -0.0167166981846, -0.00613935338333, 0.0156614426523, -0.0379967465997, 0.107077538967, -0.0249636992812, 0.0142835816368, 0.03048944287], [0.00285995192826, -0.0166462622583, 0.0114961639047, -0.00598716083914, -0.00525437947363, -0.0207805093378, 0.0220154877752, 0.00650623207912, -0.0286577902734, -0.0249636992812, 0.0698501691222, -0.0425445586443, -0.0205276310444], [-0.00490877497941, 0.0239618029445, -0.0220236573368, 0.0105704059824, -0.0110533144325, 0.0284750182182, 0.00323300203308, -0.000523675698787, 0.0202955845743, 0.0142835816368, -0.0425445586443, 0.114014014602, -0.0216909963638], [-0.00135425338522, -0.0067469351925, -0.00786046590656, 0.0123943248764, -0.00232633226551, 0.0184565763921, -0.0161503013223, -0.00870662275702, -0.0136894015595, 0.03048944287, -0.0205276310444, -0.0216909963638, 0.119673348963]]
    },
    "melbands": {
        "max": [0.0345484726131, 0.029199000448, 0.00766987819225, 0.0137076284736, 0.0161739885807, 0.0121844485402, 0.00902035366744, 0.00178089609835, 0.00301732169464, 0.00107494881377, 0.000313004653435, 0.000269634736469, 0.000410845968872, 0.000708031759132, 0.000488696910907, 0.000698608113453, 0.000326616427628, 0.000164095676155, 0.000548962911125, 0.000330970011419, 0.000246003997745, 0.000166316633113, 0.000234542356338, 0.00011065385479, 0.000171704406966, 0.000157619593665, 0.000167742997291, 0.000210581318242, 7.56329463911e-05, 0.000113140609756, 7.62367053539e-05, 0.000100623467006, 6.06051580689e-05, 7.4875264545e-05, 3.30271686835e-05, 3.30329385179e-05, 3.38463323715e-05, 2.48183805525e-05, 1.79816343007e-05, 9.94927177089e-06],
        "mean": [0.00107406440657, 0.000857446459122, 0.000356705335435, 0.000572649820242, 0.000800190377049, 0.000428488128819, 0.000199574365979, 5.31110781594e-05, 7.9619268945e-05, 2.01676375582e-05, 9.16329463507e-06, 1.44182058648e-05, 1.33535777422e-05, 2.19780522457e-05, 2.59800035565e-05, 2.5240746254e-05, 7.51538891564e-06, 5.7391239352e-06, 9.83960489975e-06, 3.72540034732e-06, 4.01252782467e-06, 4.71689827464e-06, 4.0930308387e-06, 1.93333517018e-06, 2.49027834798e-06, 2.92245636047e-06, 2.56201792581e-06, 1.79737344297e-06, 1.16941919259e-06, 1.09615621113e-06, 9.52147559019e-07, 1.13023770609e-06, 7.29982730263e-07, 7.81198650657e-07, 8.75648481724e-07, 4.77267860788e-07, 4.79976165479e-07, 5.48122045529e-07, 4.41224557335e-07, 1.7213515946e-07],
        "min": [7.68253689009e-25, 1.13999571312e-24, 6.17477915333e-25, 8.20572078231e-25, 8.8492296284e-25, 9.97135468379e-25, 1.10707881552e-24, 1.11285120659e-24, 1.21162093066e-24, 9.18007789205e-25, 2.01049090305e-24, 1.7838941579e-24, 1.74555788448e-24, 2.81396427325e-24, 1.30110852289e-24, 2.2374244918e-24, 2.38648666238e-24, 2.9967798298e-24, 3.04595524927e-24, 2.17930871449e-24, 2.61677744593e-24, 2.56808678149e-24, 2.80002391776e-24, 2.49627243456e-24, 2.6056199945e-24, 4.12786614786e-24, 2.07860352019e-24, 3.95848469531e-24, 3.57272540177e-24, 3.37126215949e-24, 3.35697707178e-24, 4.08782317388e-24, 5.25310089294e-24, 5.26973244741e-24, 3.99161803662e-24, 6.02142972095e-24, 5.5551446895e-24, 5.44318678882e-24, 4.87611254938e-24, 5.98810350315e-24],
        "stdev": [0.00362427253276, 0.00277266302146, 0.000933999370318, 0.00156485545449, 0.00201039388776, 0.00131365389097, 0.000751543382648, 0.000154517780175, 0.000273360783467, 8.77518759808e-05, 3.63808430848e-05, 3.88196567656e-05, 4.14521091443e-05, 8.88328504516e-05, 7.61921328376e-05, 8.46260008984e-05, 2.8975375244e-05, 1.88552749023e-05, 3.72130525648e-05, 2.03276104003e-05, 1.86072120414e-05, 1.90098598978e-05, 1.88130125025e-05, 8.41969904286e-06, 1.29055106299e-05, 1.16344999697e-05, 1.18195121104e-05, 1.18966027003e-05, 6.34773959973e-06, 7.15297346687e-06, 5.42494171896e-06, 6.10839606452e-06, 3.83599990528e-06, 4.10975144405e-06, 3.18454658554e-06, 2.2536803499e-06, 2.29851980293e-06, 2.31070589507e-06, 1.95412212634e-06, 8.13314898096e-07]
    },
    "melbands128": {
        "max": [0.00757545558736, 0.0459917932749, 0.0442756228149, 0.0336972735822, 0.0436586737633, 0.0216856896877, 0.00765480287373, 0.00608834251761, 0.0243382751942, 0.0190177690238, 0.0143801057711, 0.0147305745631, 0.0228432007134, 0.0243604630232, 0.00411266367882, 0.0230390597135, 0.022703172639, 0.00260849529877, 0.00283047696576, 0.00150096369907, 0.0029882832896, 0.00165664032102, 0.0042548943311, 0.00540954153985, 0.000510331068654, 0.000114938753541, 0.000169888211531, 0.000640423968434, 0.000266772403847, 0.000169151797309, 0.000569937634282, 0.000432576111052, 0.000212220649701, 0.000857287261169, 0.000152992346557, 0.00128974067047, 0.00151923170779, 0.000455656670965, 0.00101730739698, 0.000566478760447, 0.00129656353965, 0.000194400185137, 0.000303048320347, 0.000655044103041, 4.09471213061e-05, 0.00016679467808, 0.000304201385006, 0.00107463868335, 0.000404623104259, 8.45976028359e-05, 0.000440478994278, 0.000652061426081, 0.000439892784925, 9.07236462808e-05, 0.000218810819206, 0.000212420083699, 0.000225913143368, 0.000348598201526, 0.000394393573515, 0.000121838085761, 9.94196889224e-05, 7.71438135416e-05, 0.000318638805766, 0.000203736897674, 0.000133749112138, 0.000209787875065, 0.000126667000586, 0.000229616620345, 0.00017888667935, 0.000205741132959, 0.000284985842882, 0.000163131131558, 9.5835654065e-05, 5.30889337824e-05, 7.98807595856e-05, 0.00027427324676, 0.000147690079757, 8.83455577423e-05, 8.19525012048e-05, 0.000111930348794, 0.000125448787003, 8.99517617654e-05, 6.07388246863e-05, 3.54108560714e-05, 9.44117928157e-05, 9.160337504e-05, 6.4213105361e-05, 4.98329245602e-05, 4.10790635215e-05, 3.91253888665e-05, 4.57645619463e-05, 3.19138416671e-05, 3.02839580399e-05, 4.63474170829e-05, 2.83041154034e-05, 3.31143710355e-05, 2.12704908336e-05, 2.07434077311e-05, 3.41545965057e-05, 1.72995623871e-05, 9.10135258891e-06, 1.00259685496e-05, 7.26727012079e-06, 1.91323306353e-05, 1.35914688144e-05, 6.04885190114e-06, 6.98373833075e-06, 7.48630691305e-06, 1.01665318653e-05, 5.18354499945e-06, 4.28374460171e-06, 2.08427672987e-06, 1.08567724055e-06, 2.45617144401e-07, 6.12789179399e-08, 5.68104248089e-08, 1.27649091297e-08, 9.00469387943e-09, 8.72438210564e-09, 8.50729442448e-09, 8.32184809951e-09, 8.1346671621e-09, 7.98357913112e-09, 7.82566722535e-09, 7.662346313e-09, 7.61302043628e-09, 7.56451790096e-09, 7.5182517989e-09],
        "mean": [0.000182134230272, 0.00121174065862, 0.00131806137506, 0.00107078510337, 0.00105288985651, 0.00052614643937, 0.000166072088177, 0.000224073126446, 0.000785453710705, 0.000525542884134, 0.000506869575474, 0.000615481520072, 0.00102582026739, 0.000947015418205, 0.00015401179553, 0.000359475088771, 0.000353222421836, 0.000116210037959, 9.84864891507e-05, 4.03346712119e-05, 4.33395798609e-05, 4.29333740612e-05, 0.000110555782157, 9.00252416614e-05, 1.01437517515e-05, 2.78513971352e-06, 4.62092793896e-06, 1.66398422152e-05, 4.4589855861e-06, 5.89601131651e-06, 2.56241000898e-05, 1.81920131581e-05, 5.78361641601e-06, 2.04267253139e-05, 3.3933188206e-06, 2.95284826279e-05, 4.23427154601e-05, 1.36942007884e-05, 3.07875088765e-05, 2.83453373413e-05, 3.19533282891e-05, 2.97612587019e-06, 7.27614724383e-06, 1.19141141113e-05, 7.10553933914e-07, 4.9834920901e-06, 8.9557361207e-06, 1.75115201273e-05, 5.0351459322e-06, 1.44970158544e-06, 3.42868747794e-06, 6.61506692268e-06, 4.78427500639e-06, 2.4182895686e-06, 3.68343421542e-06, 4.7737667046e-06, 5.70799102206e-06, 5.09395931658e-06, 3.81986319553e-06, 2.05290120903e-06, 1.53767086886e-06, 9.6607618616e-07, 4.77199819215e-06, 1.94140534404e-06, 8.15952660105e-07, 3.14794760925e-06, 4.38238703282e-06, 2.79312916973e-06, 1.92134666577e-06, 2.41055613515e-06, 1.65441133504e-06, 1.85269038866e-06, 1.32241393658e-06, 1.03803893126e-06, 7.13266217645e-07, 1.5719874682e-06, 8.97339134553e-07, 9.51870390509e-07, 8.96150993412e-07, 1.00867532637e-06, 1.11994631879e-06, 1.34307970256e-06, 9.1242389999e-07, 5.58870908662e-07, 6.65168442993e-07, 6.71091299864e-07, 8.77914487774e-07, 9.04019714199e-07, 1.10407825105e-06, 5.83916687447e-07, 5.75974411277e-07, 3.8526792423e-07, 4.18205615915e-07, 4.94681842156e-07, 5.24266283719e-07, 5.41938106835e-07, 5.48154616808e-07, 4.84372151277e-07, 6.72314001804e-07, 2.80768290395e-07, 1.27714599785e-07, 1.69572658137e-07, 1.5926016772e-07, 2.89130611009e-07, 1.89071442946e-07, 1.16080087764e-07, 1.39395055498e-07, 1.35523563927e-07, 9.3786248101e-08, 6.71179236633e-08, 5.10734174952e-08, 2.54927865484e-08, 1.26149499735e-08, 2.21169127457e-09, 2.15874484955e-10, 2.78583045521e-10, 9.27867921385e-11, 2.20467203521e-11, 3.25148068192e-11, 2.08819472131e-11, 1.7594257648e-11, 1.72600787829e-11, 1.68398402861e-11, 1.63643092133e-11, 1.59519116666e-11, 1.56978093718e-11, 1.55230741455e-11, 1.54180956197e-11],
        "min": [4.18884524375e-26, 1.38525836176e-25, 3.33797173625e-25, 4.90807006886e-26, 3.61436369902e-25, 3.18877398021e-25, 2.73831123054e-25, 2.60766033393e-25, 1.9624956195e-25, 3.24235883631e-25, 4.04498505618e-26, 4.56726157346e-25, 2.60899597405e-25, 1.26951237566e-25, 4.42132427815e-25, 1.25239039623e-25, 6.9030382847e-25, 3.46380934873e-25, 4.66431562367e-25, 2.57822891963e-25, 6.31021424481e-25, 3.26198076525e-25, 3.85676093367e-25, 5.08428199682e-25, 5.934523183e-25, 3.00220061077e-26, 5.8077502773e-25, 5.83318857631e-25, 8.37185735414e-25, 3.38824584174e-25, 2.64803645373e-25, 5.76874554288e-25, 4.98013707315e-25, 7.29047992273e-25, 6.19881180081e-25, 5.00680057175e-25, 5.97657686482e-25, 7.16065659052e-25, 8.014074914e-25, 9.6366370574e-25, 3.28291466848e-25, 1.0491896385e-24, 1.02646147114e-24, 7.80064021444e-25, 1.21206279137e-24, 9.37644410681e-25, 8.38052397726e-25, 1.28765627509e-24, 6.63140241364e-25, 1.27318767862e-24, 1.33709221586e-24, 1.03663600188e-24, 6.56388183661e-25, 9.94087901487e-25, 8.73238946758e-25, 9.12376308418e-25, 1.70752019493e-24, 1.2857563036e-24, 1.0293882437e-24, 1.94178466808e-24, 9.51097841774e-25, 1.46307093584e-24, 9.1980096865e-25, 1.24183834624e-24, 2.27931438638e-24, 1.89808394329e-24, 1.76795305394e-24, 2.054437358e-24, 1.05593686443e-24, 2.20132976665e-24, 2.08324793877e-24, 2.20812777551e-24, 2.03331679055e-24, 2.37227198051e-24, 1.68357215278e-24, 2.47920957039e-24, 2.54173784118e-24, 2.28624058513e-24, 2.11805070697e-24, 2.9705644042e-24, 2.49823728986e-24, 3.07507466908e-24, 3.30294996054e-24, 2.51198575493e-24, 2.70570258033e-24, 2.5469526062e-24, 2.39793559791e-24, 3.05150606903e-24, 2.5047489422e-24, 3.39320274784e-24, 3.45721959916e-24, 2.7883040085e-24, 4.03592677594e-24, 2.86400270654e-24, 2.92943043559e-24, 2.6420649739e-24, 3.05931381983e-24, 3.81736142367e-24, 3.94694957672e-24, 3.14297291326e-24, 4.36877598528e-24, 4.34001490553e-24, 3.29938391482e-24, 3.66122336799e-24, 3.62313676905e-24, 4.51920978775e-24, 3.34547666308e-24, 3.71724748062e-24, 3.8899062558e-24, 4.93130717476e-24, 4.4425317189e-24, 3.8694455705e-24, 4.63933515982e-24, 4.20974241565e-24, 4.96330771182e-24, 4.71589411067e-24, 3.85037367483e-24, 5.71853987108e-24, 5.07588131843e-24, 4.23271088976e-24, 4.5092851287e-24, 4.91291054402e-24, 5.27438159915e-24, 5.49058825732e-24, 4.7375365096e-24, 5.51842636981e-24, 4.76651373723e-24, 4.70544052038e-24],
        "stdev": [0.000785452313721, 0.00478380871937, 0.00421822490171, 0.00345343770459, 0.00373526639305, 0.00170023844112, 0.000482458504848, 0.000696118106134, 0.00228489981964, 0.00166363175958, 0.0015306713758, 0.00168878119439, 0.00271159713157, 0.00298662134446, 0.000473427120596, 0.00181342335418, 0.00176192563958, 0.00033123040339, 0.000318596779834, 0.000123664998682, 0.000208950339584, 0.000152690830873, 0.000386018335121, 0.000441272801254, 4.18414092564e-05, 1.07576388473e-05, 1.7882188331e-05, 7.16162103345e-05, 1.84793807421e-05, 1.8557664589e-05, 7.45481520426e-05, 5.69342519157e-05, 2.06861623155e-05, 7.77301611379e-05, 1.2820192751e-05, 0.000134015383082, 0.000185456941836, 4.93073712278e-05, 0.00012357927335, 8.82626045495e-05, 0.000141763157444, 1.2128398339e-05, 2.87444054266e-05, 5.4897096561e-05, 2.94834103443e-06, 2.00030117412e-05, 3.41195045621e-05, 7.45577199268e-05, 2.22195012611e-05, 6.60870182401e-06, 2.336707621e-05, 4.07209772675e-05, 2.5506305974e-05, 9.15190139494e-06, 1.67263460753e-05, 2.17676151806e-05, 2.43733320531e-05, 2.24558298214e-05, 2.44174752879e-05, 8.60254749568e-06, 7.696042303e-06, 4.93134484714e-06, 2.23393526539e-05, 1.26378135974e-05, 6.50048650641e-06, 1.44430423461e-05, 1.50684172695e-05, 1.49805164256e-05, 1.14865470096e-05, 1.34291140057e-05, 1.3934863091e-05, 1.30579710458e-05, 7.91724960436e-06, 4.8936717576e-06, 4.50059087598e-06, 1.29942891363e-05, 7.45094712329e-06, 5.68872701479e-06, 4.95281392432e-06, 6.72803798807e-06, 7.85775137047e-06, 5.95798474023e-06, 4.54004020867e-06, 2.53430789598e-06, 5.67039705857e-06, 4.79644222651e-06, 3.78106051357e-06, 3.82706139135e-06, 3.80909682463e-06, 2.60382739725e-06, 2.80619656223e-06, 2.06787262869e-06, 2.10369762499e-06, 2.73067075796e-06, 2.33706214203e-06, 2.52104041465e-06, 2.22648509407e-06, 2.15616432797e-06, 3.07433447233e-06, 1.4237951973e-06, 6.4282630774e-07, 8.26777295515e-07, 7.40150937872e-07, 1.63732931924e-06, 1.06235222574e-06, 5.87026534049e-07, 6.94178993399e-07, 7.14372447419e-07, 5.84964141126e-07, 3.82525371379e-07, 3.04747970858e-07, 1.66310044847e-07, 8.57945394728e-08, 1.54892436655e-08, 2.70756639331e-09, 2.73455991184e-09, 7.53763051975e-10, 3.83929388281e-10, 3.83276382854e-10, 3.63611613041e-10, 3.54493129295e-10, 3.46517647909e-10, 3.40084072015e-10, 3.33362920601e-10, 3.26408344797e-10, 3.24310633903e-10, 3.22246368478e-10, 3.20275778121e-10]
    },
    "mfcc": {
        "mean": [-1102.56591797, 36.3426437378, 8.27163124084, 8.11586380005, 3.34238982201, 3.81010293961, -1.32328879833, -0.727630794048, -4.96300983429, -0.996883332729, 0.201664239168, 1.05259644985, 0.972751557827],
        "cov": [[76066.4296875, 15635.8720703, 2984.92285156, 3205.59277344, 1348.53527832, 1486.34411621, -733.411621094, -394.770050049, -2378.92358398, -497.984619141, -1.7547494173, 504.12802124, 569.911437988], [15635.8720703, 3596.89257812, 697.885314941, 775.790466309, 288.808685303, 351.736663818, -135.208358765, -49.6186103821, -478.373168945, -102.422828674, 9.59050750732, 92.9803466797, 99.7024307251], [2984.92285156, 697.885314941, 284.394348145, 164.591110229, 89.1514816284, 96.9949264526, -0.899011909962, -4.86396598816, -80.248260498, -30.7674865723, 18.6457576752, 20.2079544067, 12.8226318359], [3205.59277344, 775.790466309, 164.591110229, 239.81703186, 57.6929702759, 104.406684875, -17.7681846619, 0.0158058255911, -89.5795135498, -26.928352356, 9.28402519226, 22.8863716125, 8.34151744843], [1348.53527832, 288.808685303, 89.1514816284, 57.6929702759, 61.9396133423, 33.0460395813, -5.5144906044, -3.56737661362, -48.7334060669, -13.3384895325, 4.46606111526, 13.3694391251, 13.3754987717], [1486.34411621, 351.736663818, 96.9949264526, 104.406684875, 33.0460395813, 82.0568161011, -8.47093772888, -10.0059776306, -46.0812644958, -6.92161464691, 21.0228309631, 17.1612243652, 6.27182531357], [-733.411621094, -135.208358765, -0.899011909962, -17.7681846619, -5.5144906044, -8.47093772888, 27.1491031647, 15.611161232, 34.3250350952, 4.00668668747, 1.1320707798, -4.12865829468, -8.67289733887], [-394.770050049, -49.6186103821, -4.86396598816, 0.0158058255911, -3.56737661362, -10.0059776306, 15.611161232, 23.2815742493, 23.2145442963, -3.11506986618, -2.76406621933, -4.66980648041, -5.59971046448], [-2378.92358398, -478.373168945, -80.248260498, -89.5795135498, -48.7334060669, -46.0812644958, 34.3250350952, 23.2145442963, 104.059753418, 19.3878421783, -4.15034341812, -20.0875663757, -24.7912139893], [-497.984619141, -102.422828674, -30.7674865723, -26.928352356, -13.3384895325, -6.92161464691, 4.00668668747, -3.11506986618, 19.3878421783, 26.8438892365, 7.08491659164, -2.95887756348, -3.32737636566], [-1.7547494173, 9.59050750732, 18.6457576752, 9.28402519226, 4.46606111526, 21.0228309631, 1.1320707798, -2.76406621933, -4.15034341812, 7.08491659164, 21.5242042542, 4.97582149506, -0.857646465302], [504.12802124, 92.9803466797, 20.2079544067, 22.8863716125, 13.3694391251, 17.1612243652, -4.12865829468, -4.66980648041, -20.0875663757, -2.95887756348, 4.97582149506, 15.358042717, 7.91089010239], [569.911437988, 99.7024307251, 12.8226318359, 8.34151744843, 13.3754987717, 6.27182531357, -8.67289733887, -5.59971046448, -24.7912139893, -3.32737636566, -0.857646465302, 7.91089010239, 16.7898139954]],
        "icov": [[0.000200921000214, -0.000673596339766, -0.000196926412173, -2.66319420916e-06, 1.41617847476e-05, 0.000111087254481, 0.000200191658223, 0.000732172396965, 0.000885156739969, -1.21562707136e-05, 0.000824039627332, -0.000920056249015, -0.000593320524786], [-0.000673596339766, 0.00526611879468, -0.00274135149084, -0.00463353842497, 0.000209445963264, -0.00205639121123, 0.00538234366104, -0.00892803259194, 0.00419548712671, -0.00613829493523, 0.00417011836544, 0.00492062233388, -0.000734593835659], [-0.000196926412173, -0.00274135149084, 0.0147867705673, 0.00121225940529, -0.0102291330695, -0.00175240100361, -0.0164453368634, 0.013924729079, -0.00955645460635, 0.0138991987333, -0.0135478051379, 0.00659608794376, 0.000864838657435], [-2.66319420916e-06, -0.00463353842497, 0.00121225940529, 0.0268490090966, 0.0037308789324, -0.0189182162285, -0.000946322397795, -0.0143452137709, 0.00234794826247, 0.00389793515205, 0.00765839451924, -0.00990258716047, 0.0214585345238], [1.41617847476e-05, 0.000209445963264, -0.0102291330695, 0.0037308789324, 0.0426865443587, -0.00217070849612, -0.00821691378951, -0.0119609097019, 0.0187257807702, -0.00329126417637, 0.00607105251402, -0.00980939436704, -0.00526510924101], [0.000111087254481, -0.00205639121123, -0.00175240100361, -0.0189182162285, -0.00217070849612, 0.0572359450161, -0.00923082977533, 0.0312518179417, -0.0114395972341, 0.00952504202724, -0.0433199889958, -0.0114057464525, -0.00666081672534], [0.000200191658223, 0.00538234366104, -0.0164453368634, -0.000946322397795, -0.00821691378951, -0.00923082977533, 0.12000079453, -0.0624836347997, -0.0141336610541, -0.0226691141725, 0.018272606656, -0.019360486418, 0.0101083097979], [0.000732172396965, -0.00892803259194, 0.013924729079, -0.0143452137709, -0.0119609097019, 0.0312518179417, -0.0624836347997, 0.129755660892, -0.0384064279497, 0.0432221516967, -0.0352547317743, 0.0121506033465, -0.0221589300781], [0.000885156739969, 0.00419548712671, -0.00955645460635, 0.00234794826247, 0.0187257807702, -0.0114395972341, -0.0141336610541, -0.0384064279497, 0.07424338907, -0.0312021262944, 0.0332545004785, 0.0036715909373, 0.023827880621], [-1.21562707136e-05, -0.00613829493523, 0.0138991987333, 0.00389793515205, -0.00329126417637, 0.00952504202724, -0.0226691141725, 0.0432221516967, -0.0312021262944, 0.0768978223205, -0.0462555512786, 0.00711617339402, -0.0104669006541], [0.000824039627332, 0.00417011836544, -0.0135478051379, 0.00765839451924, 0.00607105251402, -0.0433199889958, 0.018272606656, -0.0352547317743, 0.0332545004785, -0.0462555512786, 0.115936785936, -0.0211592018604, 0.0186612140387], [-0.000920056249015, 0.00492062233388, 0.00659608794376, -0.00990258716047, -0.00980939436704, -0.0114057464525, -0.019360486418, 0.0121506033465, 0.0036715909373, 0.00711617339402, -0.0211592018604, 0.128496289253, -0.046773660928], [-0.000593320524786, -0.000734593835659, 0.000864838657435, 0.0214585345238, -0.00526510924101, -0.00666081672534, 0.0101083097979, -0.0221589300781, 0.023827880621, -0.0104669006541, 0.0186612140387, -0.046773660928, 0.133354619145]]
    },
    "spectral_contrast_coeffs": {
        "max": [-0.529869794846, -0.51656639576, -0.601779520512, -0.627639353275, -0.712510585785, -0.5869602561],
        "mean": [-0.887457847595, -0.897109806538, -0.900730907917, -0.904814898968, -0.910853743553, -0.908282935619],
        "min": [-0.984770834446, -0.982085824013, -0.98063826561, -0.976358950138, -0.975623011589, -0.966229379177],
        "stdev": [0.126568973064, 0.114036120474, 0.103017084301, 0.0983119159937, 0.0824988856912, 0.0852897837758]
    },
    "spectral_contrast_valleys": {
        "max": [-4.67594385147, -5.12109661102, -6.09557056427, -6.25584936142, -5.57972860336, -8.09524345398],
        "mean": [-21.1691665649, -21.3720321655, -21.7767448425, -21.7909049988, -21.7710800171, -22.3852272034],
        "min": [-28.3768692017, -28.014421463, -27.9775924683, -27.7533435822, -27.5746631622, -27.4227046967],
        "stdev": [9.441365242, 9.09495353699, 8.53361988068, 8.44933128357, 8.50925350189, 7.56988191605]
    }
},
"rhythm": {
    "beats_count": 26,
    "beats_loudness": {
        "max": 0.127943441272,
        "mean": 0.0148604940623,
        "min": 0,
        "stdev": 0.0332881100476
    },
    "bpm": 132.565658569,
    "bpm_histogram_first_peak_bpm": 133,
    "bpm_histogram_first_peak_weight": 0.615384578705,
    "bpm_histogram_second_peak_bpm": 123,
    "bpm_histogram_second_peak_spread": 0.600000023842,
    "bpm_histogram_second_peak_weight": 0.159999996424,
    "danceability": 0.777950227261,
    "onset_rate": 1.25398087502,
    "beats_loudness_band_ratio": {
        "max": [0.800835251808, 0.734514474869, 0.438501805067, 0.24046549201, 0.0725142657757, 0.114968858659],
        "mean": [0.110980838537, 0.111660756171, 0.0508265681565, 0.0295088607818, 0.0107477707788, 0.0133666731417],
        "min": [0, 0, 0, 0, 0, 0],
        "stdev": [0.217920333147, 0.201538339257, 0.0999370738864, 0.0587366372347, 0.0205903220922, 0.0287505984306]
    },
    "beats_position": [0.487619042397, 0.99845802784, 1.49768710136, 1.99691605568, 2.49614500999, 2.9837641716, 3.47138309479, 3.95900225639, 4.446621418, 4.8994102478, 5.35219955444, 5.80498838425, 6.28099775314, 6.7570066452, 7.23301553726, 7.69741487503, 8.16181373596, 8.62621307373, 9.0906124115, 9.54340076447, 9.99619007111, 10.4373693466, 10.866938591, 11.3081178665, 11.749297142, 12.1904764175],
