{
"metadata": {
    "version": {
        "essentia": "2.1-beta5",
        "essentia_git_sha": "Undefined",
        "extractor": "music 2.0"
    },
    "audio_properties": {
        "analysis": {
            "equal_loudness": 0,
            "length": 34.7486610413,
            "sample_rate": 44100,
            "start_time": 158.998641968,
            "downmix": "mix"
        },
        "bit_rate": 192000,
        "length": 193.77053833,
        "lossless": 0,
        "number_channels": 2,
        "replay_gain": -6.44093513489,
        "sample_rate": 48000,
        "codec": "mp3",
        "md5_encoded": "9ea08587d7024b97c2ba871157721a49"
    },
    "tags": {
        "file_name": "Finland_La Dolce Vita_Anneli Saaristo.mp3",
        "encoding": ["Lavf58.29.100"]
    }
},
"lowlevel": {
    "average_loudness": 0.561905682087,
    "barkbands_crest": {
        "max": 18.892791748,
        "mean": 6.94080972672,
        "min": 2.44987487793,
        "stdev": 2.50412273407
    },
    "barkbands_flatness_db": {
        "max": 0.248041003942,
        "mean": 0.110366098583,
        "min": 0.0278510972857,
        "stdev": 0.0363269671798
    },
    "barkbands_kurtosis": {
        "max": 18.643491745,
        "mean": 1.55474746227,
        "min": -1.64030241966,
        "stdev": 2.41055011749
    },
    "barkbands_skewness": {
        "max": 3.38475036621,
        "mean": -0.105808198452,
        "min": -2.22934031487,
        "stdev": 1.32979810238
    },
    "barkbands_spread": {
        "max": 67.9612121582,
        "mean": 22.0902614594,
        "min": 2.99760723114,
        "stdev": 8.55798625946
    },
    "dissonance": {
        "max": 0.499982953072,
        "mean": 0.477200776339,
        "min": 0.275166213512,
        "stdev": 0.024954026565
    },
    "dynamic_complexity": 5.76605653763,
    "erbbands_crest": {
        "max": 23.516456604,
        "mean": 7.11603355408,
        "min": 2.60634469986,
        "stdev": 3.92597365379
    },
    "erbbands_flatness_db": {
        "max": 0.296494096518,
        "mean": 0.162909775972,
        "min": 0.0821889936924,
        "stdev": 0.052186101675
    },
    "erbbands_kurtosis": {
        "max": 10.2467908859,
        "mean": 0.422531843185,
        "min": -1.65262079239,
        "stdev": 1.28781092167
    },
    "erbbands_skewness": {
        "max": 2.79753041267,
        "mean": -0.0364827550948,
        "min": -1.90432679653,
        "stdev": 0.611028015614
    },
    "erbbands_spread": {
        "max": 92.5826263428,
        "mean": 29.8943881989,
        "min": 5.4400639534,
        "stdev": 12.5896596909
    },
    "hfc": {
        "max": 114.366165161,
        "mean": 18.1728115082,
        "min": 1.05958554215e-16,
        "stdev": 20.5676002502
    },
    "loudness_ebu128": {
        "integrated": -16.2362270355,
        "loudness_range": 9.45787525177,
        "momentary": {
            "max": -11.9067621231,
            "mean": -102.276992798,
            "min": -300.691009521,
            "stdev": 128.075744629
        },
        "short_term": {
            "max": -14.4641942978,
            "mean": -86.8077545166,
            "min": -300.691009521,
            "stdev": 119.244636536
        }
    },
    "melbands_crest": {
        "max": 23.7965717316,
        "mean": 6.8558473587,
        "min": 1.55502998829,
        "stdev": 4.29106330872
    },
    "melbands_flatness_db": {
        "max": 0.285899460316,
        "mean": 0.100729435682,
        "min": 0.00292584649287,
        "stdev": 0.0728916227818
    },
    "melbands_kurtosis": {
        "max": 33.4179000854,
        "mean": 2.0405292511,
        "min": -1.65667116642,
        "stdev": 4.75086307526
    },
    "melbands_skewness": {
        "max": 4.94214582443,
        "mean": 0.90393948555,
        "min": -1.38127088547,
        "stdev": 1.05517435074
    },
    "melbands_spread": {
        "max": 162.203369141,
        "mean": 60.9544448853,
        "min": 4.30114507675,
        "stdev": 48.2997550964
    },
    "pitch_salience": {
        "max": 0.912398338318,
        "mean": 0.703433513641,
        "min": 0.360121250153,
        "stdev": 0.110304541886
    },
    "silence_rate_20dB": {
        "max": 1,
        "mean": 1,
        "min": 1,
        "stdev": 0
    },
    "silence_rate_30dB": {
        "max": 1,
        "mean": 0.989986658096,
        "min": 0,
        "stdev": 0.0995641350746
    },
    "silence_rate_60dB": {
        "max": 1,
        "mean": 0.423898518085,
        "min": 0,
        "stdev": 0.494170963764
    },
    "spectral_centroid": {
        "max": 11870.8896484,
        "mean": 4492.53222656,
        "min": 446.280853271,
        "stdev": 4318.64453125
    },
    "spectral_complexity": {
        "max": 55,
        "mean": 15.751001358,
        "min": 0,
        "stdev": 13.8997011185
    },
    "spectral_decrease": {
        "max": 2.28074690694e-28,
        "mean": -4.33764935082e-09,
        "min": -5.78672896268e-08,
        "stdev": 5.94770188656e-09
    },
    "spectral_energy": {
        "max": 0.228777602315,
        "mean": 0.0180196166039,
        "min": 9.87209930382e-21,
        "stdev": 0.0240738037974
    },
    "spectral_energyband_high": {
        "max": 0.00706689013168,
        "mean": 0.00043731147889,
        "min": 6.84978410174e-21,
        "stdev": 0.000692013360094
    },
    "spectral_energyband_low": {
        "max": 0.020312609151,
        "mean": 0.00151682633441,
        "min": 9.95059442857e-24,
        "stdev": 0.00237618503161
    },
    "spectral_energyband_middle_high": {
        "max": 0.0527725182474,
        "mean": 0.00763952406123,
        "min": 1.09342038552e-21,
        "stdev": 0.00971312541515
    },
    "spectral_energyband_middle_low": {
        "max": 0.218866154552,
        "mean": 0.00884114671499,
        "min": 1.09474115324e-22,
        "stdev": 0.0181666463614
    },
    "spectral_entropy": {
        "max": 9.83090686798,
        "mean": 8.33447647095,
        "min": 6.74152326584,
        "stdev": 0.993184447289
    },
    "spectral_flux": {
        "max": 0.355300068855,
        "mean": 0.057052180171,
        "min": 6.32110128129e-11,
        "stdev": 0.05493369326
    },
    "spectral_kurtosis": {
        "max": 15.0713253021,
        "mean": 2.66558790207,
        "min": -1.28025496006,
        "stdev": 2.98087286949
    },
    "spectral_rms": {
        "max": 0.0149398008361,
        "mean": 0.00307511514984,
        "min": 3.10343612787e-12,
        "stdev": 0.00285023846664
    },
    "spectral_rolloff": {
        "max": 19595.2148438,
        "mean": 7097.00341797,
        "min": 301.46484375,
        "stdev": 7727.37646484
    },
    "spectral_skewness": {
        "max": 2.70513367653,
        "mean": 1.03026759624,
        "min": -0.0873472169042,
        "stdev": 0.724147617817
    },
    "spectral_spread": {
        "max": 43171180,
        "mean": 14775292,
        "min": 2102123,
        "stdev": 16909612
    },
    "spectral_strongpeak": {
        "max": 8.33053588867,
        "mean": 1.14644491673,
        "min": 0,
        "stdev": 1.65059626102
    },
    "zerocrossingrate": {
        "max": 0.80615234375,
        "mean": 0.204023003578,
        "min": 0.01953125,
        "stdev": 0.198458790779
    },
    "barkbands": {
        "max": [0.000391469424358, 0.00916591007262, 0.0101947151124, 0.0109060890973, 0.0283530000597, 0.0842831358314, 0.151718333364, 0.0762333273888, 0.0329566895962, 0.018568880856, 0.0280059576035, 0.025188524276, 0.0186844263226, 0.0247003231198, 0.00552724627778, 0.00879930518568, 0.0102231483907, 0.00546839646995, 0.0134776048362, 0.00577890127897, 0.00231055519544, 0.00135931209661, 0.00146965298336, 0.00207717879675, 0.00174260837957, 0.000319034530548, 1.38075556606e-05],
        "mean": [1.17920108096e-05, 0.000647364533506, 0.000673425849527, 0.000390259752749, 0.00231633847579, 0.00205215066671, 0.00169666064903, 0.00121549586765, 0.000677936710417, 0.00109723058995, 0.00113134610001, 0.00161043158732, 0.000516020634677, 0.00138077186421, 0.00046823581215, 0.000510513084009, 0.000437268870883, 0.000355230557034, 0.000290493451757, 0.000188181031263, 0.000129987500259, 9.01546081877e-05, 6.18461272097e-05, 4.45853584097e-05, 1.88492704183e-05, 7.02764509697e-06, 2.20334790413e-08],
        "min": [2.11647337959e-25, 1.20357780348e-24, 5.09374586249e-25, 5.56987222956e-25, 2.25767257909e-24, 4.66574543406e-24, 3.74905277459e-24, 2.40916937163e-24, 1.37413195693e-23, 1.27616371554e-23, 9.90091354648e-24, 2.36298487885e-23, 1.98081995113e-23, 2.88973128663e-23, 4.10257463615e-23, 4.49968595366e-23, 2.95302569914e-23, 8.45975255174e-23, 1.2931915464e-22, 1.55982804697e-22, 1.85372669691e-22, 2.99353275999e-22, 3.26348525316e-22, 5.3877765993e-22, 7.86920686047e-22, 1.21375446493e-21, 1.73492025611e-21],
        "stdev": [3.21324987453e-05, 0.00116004631855, 0.00121318513993, 0.000887129048351, 0.00385733623989, 0.00542768323794, 0.00827888585627, 0.00423237821087, 0.00161260145251, 0.00200388883241, 0.00280078477226, 0.00302612246014, 0.00103965692688, 0.00272325682454, 0.000767297344282, 0.00109288434032, 0.000803136033937, 0.000555987411644, 0.000633372343145, 0.000324476452079, 0.000218235814827, 0.000148671955685, 0.000111581299279, 0.000115619615826, 7.72129424149e-05, 2.16665121116e-05, 3.62137853926e-07]
    },
    "erbbands": {
        "max": [0.209678933024, 2.77883505821, 13.2828330994, 28.3165473938, 53.8448410034, 147.409622192, 360.09072876, 882.881103516, 1529.81274414, 2294.92529297, 1839.88537598, 1043.0098877, 509.842956543, 659.985839844, 1252.88256836, 1250.5291748, 987.47442627, 1330.24743652, 366.535949707, 289.418823242, 586.99395752, 334.241516113, 262.793457031, 258.343841553, 726.972717285, 293.391113281, 121.450767517, 77.0069122314, 57.9174537659, 44.0404243469, 52.6718025208, 39.1116981506, 36.3144302368, 20.5761852264, 12.7763357162, 2.32468652725, 0.370039492846, 0.0188112277538, 0.00197208183818, 0.000259166728938],
        "mean": [0.0150846652687, 0.165081962943, 0.729809403419, 1.10437226295, 4.13875770569, 8.19093704224, 14.8206567764, 14.7078409195, 21.5506973267, 26.4886283875, 26.9891986847, 14.660153389, 30.4952125549, 42.8711624146, 43.6076660156, 73.0087814331, 29.51212883, 75.994644165, 30.5453739166, 22.6886062622, 32.4042167664, 21.835308075, 20.2384586334, 15.7026319504, 14.3459234238, 9.04070472717, 5.99358797073, 4.50257730484, 3.56969261169, 2.22171235085, 1.6956641674, 1.09460222721, 0.633396148682, 0.236844822764, 0.127215415239, 0.0537901557982, 0.00760608352721, 0.000244792259764, 2.1468162231e-05, 2.31716985581e-05],
        "min": [5.42857787371e-23, 2.77436296671e-22, 1.13457686191e-21, 3.95834518999e-21, 6.20415307387e-21, 1.30519310203e-20, 2.97669182922e-20, 6.39363567606e-20, 7.04151390485e-20, 1.11164311383e-19, 1.79194488392e-19, 2.76383273133e-19, 4.24021338144e-19, 4.92619038602e-19, 8.78355898907e-19, 1.20118515664e-18, 1.17528313313e-18, 1.53591040895e-18, 2.19230841711e-18, 2.69678974268e-18, 2.90025983655e-18, 2.94537323319e-18, 4.21490915102e-18, 5.51070122907e-18, 6.41254936756e-18, 7.78557612658e-18, 6.01081710896e-18, 7.39341062535e-18, 1.01982833024e-17, 9.26656608556e-18, 9.51868990909e-18, 1.02114172762e-17, 8.38091124833e-18, 7.12800558991e-18, 5.3869947141e-18, 4.06047370348e-18, 2.07452865123e-18, 8.87764251195e-19, 2.44964006637e-19, 2.32760740307e-20],
        "stdev": [0.0304089784622, 0.290882140398, 1.29445910454, 2.21171522141, 7.35449028015, 15.1557369232, 32.5265235901, 50.1517028809, 83.2726898193, 123.664405823, 86.1113815308, 40.2234420776, 56.9479522705, 82.2928924561, 114.526580811, 141.328475952, 52.3934745789, 150.104690552, 45.0337486267, 35.2124862671, 71.8962173462, 35.3576698303, 32.1634140015, 23.7338943481, 33.5909461975, 15.8800477982, 9.99802398682, 7.08029556274, 6.26876401901, 3.64050722122, 3.280595541, 2.48612332344, 1.90879786015, 0.997910499573, 0.510056734085, 0.158778443933, 0.027028651908, 0.000968493230175, 6.16098186583e-05, 2.95658301184e-05]
    },
    "gfcc": {
        "mean": [-395.628662109, 58.5577697754, -115.167747498, 18.6702632904, -49.4802093506, 10.448097229, -31.4705734253, 1.99544072151, -19.113822937, -0.999260485172, -8.21191215515, -1.93775701523, -5.23308515549],
        "cov": [[335961.71875, 23271.4628906, -42956.9570312, 7246.58105469, -18660.0195312, 3960.29858398, -11801.6865234, 808.026062012, -7361.11376953, -387.124908447, -2996.89233398, -690.042297363, -2013.17663574], [23271.4628906, 2744.99243164, -2357.29882812, 732.183288574, -1091.15075684, 114.241455078, -806.342163086, -63.080078125, -503.789459229, -118.026069641, -90.5313415527, -118.974487305, -141.441680908], [-42956.9570312, -2357.29882812, 6376.27978516, -599.745483398, 2596.10693359, -612.482910156, 1517.85754395, -147.9243927, 909.106445312, 13.4617271423, 430.820251465, 100.998687744, 234.982009888], [7246.58105469, 732.183288574, -599.745483398, 511.226043701, -305.202362061, 41.6751251221, -287.348907471, 2.24435162544, -141.515930176, -35.5867385864, -49.385635376, 2.56109189987, -35.1398353577], [-18660.0195312, -1091.15075684, 2596.10693359, -305.202362061, 1174.02441406, -191.034973145, 697.916137695, -46.8691825867, 394.688598633, 12.1538963318, 186.256561279, 52.7093353271, 115.426971436], [3960.29858398, 114.241455078, -612.482910156, 41.6751251221, -191.034973145, 239.259124756, -37.866859436, 47.3336029053, -121.191986084, 1.40289235115, -38.3503303528, 4.34752893448, -16.1493530273], [-11801.6865234, -806.342163086, 1517.85754395, -287.348907471, 697.916137695, -37.866859436, 547.329467773, 6.93434143066, 248.157943726, 8.2137670517, 128.922317505, 23.6595668793, 67.5494766235], [808.026062012, -63.080078125, -147.9243927, 2.24435162544, -46.8691825867, 47.3336029053, 6.93434143066, 71.4925460815, 7.27161931992, 23.4136238098, -21.4240074158, 10.8846817017, -7.72677707672], [-7361.11376953, -503.789459229, 909.106445312, -141.515930176, 394.688598633, -121.191986084, 248.157943726, 7.27161931992, 245.286056519, 22.7079944611, 72.154258728, 13.7657852173, 52.8965568542], [-387.124908447, -118.026069641, 13.4617271423, -35.5867385864, 12.1538963318, 1.40289235115, 8.2137670517, 23.4136238098, 22.7079944611, 52.4134292603, -2.18054294586, 13.1119613647, 0.946687161922], [-2996.89233398, -90.5313415527, 430.820251465, -49.385635376, 186.256561279, -38.3503303528, 128.922317505, -21.4240074158, 72.154258728, -2.18054294586, 86.7642364502, 2.05442738533, 23.4902515411], [-690.042297363, -118.974487305, 100.998687744, 2.56109189987, 52.7093353271, 4.34752893448, 23.6595668793, 10.8846817017, 13.7657852173, 13.1119613647, 2.05442738533, 48.2202949524, 15.8203191757], [-2013.17663574, -141.441680908, 234.982009888, -35.1398353577, 115.426971436, -16.1493530273, 67.5494766235, -7.72677707672, 52.8965568542, 0.946687161922, 23.4902515411, 15.8203191757, 44.3661499023]],
        "icov": [[0.000231432713917, -0.000721925694961, 0.00044681050349, -0.000417736009695, 0.00112899777014, -0.000581117754336, 0.000543179630768, -0.000931137707084, 0.000827899784781, -0.00034684559796, 0.000226831747568, -0.000973576214164, 0.000612055475358], [-0.000721925694961, 0.00351759372279, -0.00116324960254, 0.000268868781859, -0.00377972587012, 0.00227232975885, -0.0008942411514, 0.0026303564664, -0.00124582368881, 0.00206012441777, -0.00286388606764, 0.00495074223727, -0.00149730523117], [0.00044681050349, -0.00116324960254, 0.00349995144643, -0.0019631262403, -0.00207152357325, 0.00210232683457, -0.00132914423011, -0.00053436413873, 0.00220922660083, -0.00116617383901, 0.000471363979159, -0.00197807117365, 0.00240604067221], [-0.000417736009695, 0.000268868781859, -0.0019631262403, 0.00556678231806, -0.00195312569849, -0.00149166362826, 0.00358308665454, -0.00101013726089, -0.00256617693231, 0.00345045491122, -0.000844639493152, -0.000698228075635, -0.000702254415955], [0.00112899777014, -0.00377972587012, -0.00207152357325, -0.00195312569849, 0.0195718016475, -0.00523374043405, -0.00256631011143, -0.00102339650039, 0.00127951207105, -0.00303645967506, 0.00267770164646, -0.00759550789371, -0.000661187164951], [-0.000581117754336, 0.00227232975885, 0.00210232683457, -0.00149166362826, -0.00523374043405, 0.0154162365943, -0.0104023162276, -0.000649216759484, 0.0059906039387, -0.00117383280303, 0.000608161382843, 0.00274020479992, -0.00490447040647], [0.000543179630768, -0.0008942411514, -0.00132914423011, 0.00358308665454, -0.00256631011143, -0.0104023162276, 0.022226523608, -0.0113099236041, -0.000575355545152, 0.00676397792995, -0.00878036208451, 0.00108232803177, 0.00355857424438], [-0.000931137707084, 0.0026303564664, -0.00053436413873, -0.00101013726089, -0.00102339650039, -0.000649216759484, -0.0113099236041, 0.0340299084783, -0.0118682226166, -0.00857992190868, 0.00822348240763, -0.00279207108542, 0.00471173971891], [0.000827899784781, -0.00124582368881, 0.00220922660083, -0.00256617693231, 0.00127951207105, 0.0059906039387, -0.000575355545152, -0.0118682226166, 0.0211766604334, -0.00393316941336, -0.00321008544415, 0.00273554539308, -0.00691767968237], [-0.00034684559796, 0.00206012441777, -0.00116617383901, 0.00345045491122, -0.00303645967506, -0.00117383280303, 0.00676397792995, -0.00857992190868, -0.00393316941336, 0.0295873582363, -0.00506221828982, -0.00338919577189, 0.0033654216677], [0.000226831747568, -0.00286388606764, 0.000471363979159, -0.000844639493152, 0.00267770164646, 0.000608161382843, -0.00878036208451, 0.00822348240763, -0.00321008544415, -0.00506221828982, 0.026564290747, -0.00316388811916, -0.00294873630628], [-0.000973576214164, 0.00495074223727, -0.00197807117365, -0.000698228075635, -0.00759550789371, 0.00274020479992, 0.00108232803177, -0.00279207108542, 0.00273554539308, -0.00338919577189, -0.00316388811916, 0.0363277047873, -0.0143140042201], [0.000612055475358, -0.00149730523117, 0.00240604067221, -0.000702254415955, -0.000661187164951, -0.00490447040647, 0.00355857424438, 0.00471173971891, -0.00691767968237, 0.0033654216677, -0.00294873630628, -0.0143140042201, 0.0424183011055]]
    },
    "melbands": {
        "max": [0.00208608526736, 0.00558045692742, 0.00382790248841, 0.00773285003379, 0.0103044519201, 0.0180732309818, 0.0283035766333, 0.0200549326837, 0.0123092150316, 0.00603137956932, 0.0025489225518, 0.00261899316683, 0.00454185297713, 0.00295044039376, 0.00163838127628, 0.00217960961163, 0.00302743096836, 0.000722656375729, 0.000515874358825, 0.000450539053418, 0.000889770977665, 0.000539035710972, 0.000473546737339, 0.00020022278477, 0.000182619594852, 0.000707058934495, 0.000302329077385, 0.000168306447449, 8.71223237482e-05, 6.47625493002e-05, 5.07763106725e-05, 3.63093240594e-05, 2.44710590778e-05, 2.81018983515e-05, 2.68712192337e-05, 3.36562043231e-05, 2.49676777457e-05, 2.7002157367e-05, 3.28691348841e-05, 1.48336339407e-05],
        "mean": [0.000156757450895, 0.000317877333146, 0.000266875402303, 0.000465409015305, 0.000475907523651, 0.000350192538463, 0.000345591863152, 0.000284706358798, 0.000208478391869, 8.82952663233e-05, 0.000148372462718, 0.000164127603057, 0.000133107532747, 0.000196483306354, 0.000105555081973, 6.11851355643e-05, 0.000156313253683, 4.69382357551e-05, 3.51910093741e-05, 2.89172694465e-05, 4.06484905398e-05, 2.19762550842e-05, 2.34062008531e-05, 1.47802456922e-05, 1.22911651488e-05, 1.10258461063e-05, 8.24668586574e-06, 5.47878744328e-06, 3.85409794035e-06, 3.0604130643e-06, 2.49430308941e-06, 2.16911712414e-06, 1.38340385547e-06, 1.18395905702e-06, 1.02534522739e-06, 7.74650175117e-07, 6.42406462248e-07, 4.82112625377e-07, 3.1447828519e-07, 1.61091378459e-07],
        "min": [5.21234321098e-25, 6.38524872196e-25, 1.05003874866e-24, 5.16373113681e-25, 1.32883836421e-24, 1.15463184393e-24, 9.22452724583e-25, 1.28888995493e-24, 1.33841168434e-24, 1.8280407863e-24, 1.84933766416e-24, 1.71498912998e-24, 2.32078204315e-24, 2.33103427669e-24, 2.32215071682e-24, 2.84346727667e-24, 2.35959143589e-24, 2.95238214641e-24, 3.04608166423e-24, 2.29050654769e-24, 2.80093031894e-24, 2.02432298737e-24, 3.58114294206e-24, 4.1552128e-24, 3.41062907967e-24, 4.42263033599e-24, 3.94397635997e-24, 4.11892598722e-24, 2.47149155251e-24, 3.87619506441e-24, 3.31948724612e-24, 4.65977730688e-24, 4.6506008824e-24, 4.32423492642e-24, 5.02567623827e-24, 4.68718667347e-24, 4.88985766179e-24, 4.89338268675e-24, 4.76715902545e-24, 4.54814047259e-24],
        "stdev": [0.000290459720418, 0.000529574288521, 0.000436708767666, 0.000813251943327, 0.000975525821559, 0.00106623279862, 0.0014501347905, 0.00121384812519, 0.000617127632722, 0.000234464620007, 0.000281694869045, 0.000321125175105, 0.000360836478649, 0.000374391616788, 0.000189380123629, 0.000125574559206, 0.000325359083945, 7.72583371145e-05, 6.08552472841e-05, 5.16689106007e-05, 9.71583358478e-05, 3.83677615901e-05, 4.49590224889e-05, 2.29982142628e-05, 1.96002274606e-05, 3.03144297504e-05, 1.68129845406e-05, 9.68617223407e-06, 6.75763158142e-06, 5.49522383153e-06, 3.95553524868e-06, 3.89060323869e-06, 2.36429400502e-06, 1.99078749574e-06, 1.93087657863e-06, 1.75740967734e-06, 1.56385772243e-06, 1.33057835683e-06, 1.41308396451e-06, 6.61827755266e-07]
    },
    "melbands128": {
        "max": [0.000340761558618, 0.0018566607032, 0.00358695536852, 0.00573007948697, 0.0082799019292, 0.00528532173485, 0.00727794133127, 0.0052690692246, 0.00667805364355, 0.0128592345864, 0.0112893935293, 0.0102326478809, 0.0181774292141, 0.0257571507245, 0.0333188809454, 0.0173112824559, 0.0226718541235, 0.0432604290545, 0.0534304864705, 0.0331269875169, 0.0193330831826, 0.0305218175054, 0.0137169370428, 0.00495316553861, 0.0131106320769, 0.00313713750802, 0.00419691298157, 0.00481475610286, 0.00380510301329, 0.00370079884306, 0.0050113373436, 0.00367343937978, 0.00869539007545, 0.00904544442892, 0.00348982168362, 0.00633900798857, 0.00624373508617, 0.00187149969861, 0.00171731528826, 0.00498924404383, 0.00205316464417, 0.00294892303646, 0.00444643432274, 0.00470171263441, 0.00121809612028, 0.00109101284761, 0.00103971036151, 0.00103310088161, 0.000696827715728, 0.000613777781837, 0.000748905469663, 0.00172597006895, 0.00185553671326, 0.00180942413863, 0.00198378949426, 0.00033959018765, 0.0002766517282, 0.00103538192343, 0.000670772220474, 0.000431729247794, 0.000348470639437, 0.000277867948171, 0.000294190482236, 0.000231533296756, 0.000512994942255, 0.000897002290003, 0.000866526155733, 0.000418760348111, 0.000230020712479, 0.000346272514435, 0.000141957032611, 0.000158773342264, 9.53982089413e-05, 0.000175563094672, 6.35198812233e-05, 0.000135390480864, 0.000123470817925, 6.6560729465e-05, 7.47604863136e-05, 3.88708467653e-05, 5.14890452905e-05, 7.39903116482e-05, 5.26829899172e-05, 2.38798511418e-05, 3.48052526533e-05, 2.81960874418e-05, 3.49413094227e-05, 2.70863911283e-05, 3.26500157826e-05, 5.16996187798e-05, 5.25005270902e-05, 2.61500827037e-05, 2.77277049463e-05, 2.82021173916e-05, 3.51455091732e-05, 4.2211075197e-05, 1.73272474058e-05, 3.4946926462e-05, 4.46097037639e-05, 3.39277466992e-05, 1.32544400913e-05, 1.96580276679e-05, 1.13176965897e-05, 1.8506172637e-05, 2.19301236939e-05, 1.00155248219e-05, 5.3428116189e-06, 5.55575297767e-06, 6.64119397698e-06, 6.77730486132e-06, 3.7634047203e-06, 2.26420706895e-06, 1.03486354419e-06, 8.87269720806e-07, 2.60904698735e-07, 1.05863932731e-07, 6.67079689265e-08, 6.43482920282e-08, 6.26451210906e-08, 6.105961603e-08, 5.97451403905e-08, 5.84356598665e-08, 5.73447600516e-08, 5.63514923613e-08, 5.55998767027e-08, 5.49378640358e-08, 5.44564144889e-08, 5.41626477002e-08],
        "mean": [1.08007961899e-05, 0.000101414050732, 0.000209522913792, 0.000278729043202, 0.000384250131901, 0.000301338732243, 0.000202500261366, 0.00020084856078, 0.00042806903366, 0.000555834325496, 0.000439123105025, 0.000390002969652, 0.000584043445997, 0.000458730646642, 0.000283826666418, 0.000344388681697, 0.000324037217069, 0.000336784520186, 0.000401864846935, 0.000280664535239, 0.000240220484557, 0.000241045243456, 0.000237407395616, 0.000139323601616, 6.50466026855e-05, 6.01897991146e-05, 0.000140345146065, 0.000211161066545, 8.75985933817e-05, 0.000131610402605, 0.000235218030866, 0.000150757259689, 9.01948660612e-05, 0.000172173226019, 0.000102963313111, 0.000268292002147, 0.000252762140008, 6.57562704873e-05, 4.2843981646e-05, 5.53129029868e-05, 5.80076739425e-05, 7.32260159566e-05, 0.000216176835238, 0.000178308750037, 3.66705935448e-05, 3.45666194335e-05, 3.83037913707e-05, 4.05208011216e-05, 3.1751467759e-05, 2.30859495787e-05, 2.859396227e-05, 3.19592763844e-05, 4.56529342046e-05, 4.26681835961e-05, 3.53548530256e-05, 1.33323574119e-05, 1.56011847139e-05, 2.95136196655e-05, 2.53376892942e-05, 1.51006470333e-05, 1.4130553609e-05, 1.27100711325e-05, 1.67196812981e-05, 1.04964383354e-05, 8.60509862832e-06, 1.15465545605e-05, 1.26124941744e-05, 9.77183663053e-06, 6.69508654028e-06, 6.71430052535e-06, 5.66782819078e-06, 5.17758871865e-06, 3.85495559385e-06, 3.76345997211e-06, 3.24556253872e-06, 3.81426866625e-06, 2.50495236287e-06, 2.33301489061e-06, 2.78524976238e-06, 2.27194141189e-06, 2.15762361222e-06, 2.29188526646e-06, 1.77643016741e-06, 1.13672729185e-06, 1.23785207506e-06, 1.18403738725e-06, 1.23451820855e-06, 1.03850254618e-06, 1.11294491489e-06, 8.88723491244e-07, 8.7814936478e-07, 7.19966521956e-07, 6.37176299279e-07, 6.39855386453e-07, 6.60051739487e-07, 5.89945216234e-07, 4.12264625993e-07, 3.64920879292e-07, 3.95414446075e-07, 2.63597456751e-07, 1.09115603664e-07, 1.75296761995e-07, 1.61668438636e-07, 1.70260108234e-07, 1.60218775136e-07, 1.13351781295e-07, 1.12851935796e-07, 9.81770611475e-08, 1.03477539426e-07, 8.33519706589e-08, 6.98934528032e-08, 2.89447861235e-08, 1.1064152261e-08, 3.56878171459e-09, 9.71900449009e-10, 7.54628637356e-10, 3.76354891696e-10, 7.38146349599e-11, 1.02690779491e-10, 9.14588821344e-11, 5.80389382387e-11, 4.20599284567e-11, 4.07579976713e-11, 4.00461330763e-11, 3.94745174048e-11, 3.89375719168e-11, 3.85616538701e-11, 3.83481996158e-11],
        "min": [3.91889881384e-27, 1.87126533492e-25, 1.95484946191e-25, 2.65440995681e-25, 1.28324237645e-25, 1.86123484525e-25, 2.103591281e-25, 3.08545440226e-25, 3.04278146463e-25, 1.70208967645e-25, 2.41810790524e-25, 4.78532269571e-26, 5.02682845591e-26, 3.46657972963e-25, 5.03508813773e-25, 3.83393696901e-25, 3.46522658665e-25, 2.24540332682e-25, 2.50197836409e-25, 3.12302612154e-25, 2.72067008202e-25, 3.6889167245e-25, 4.42077897805e-25, 5.17945313466e-25, 2.06784811665e-25, 6.1360372082e-25, 4.28607456899e-25, 3.0888043494e-25, 5.94745557147e-25, 5.50902788098e-25, 5.98515769932e-25, 3.1427661331e-25, 7.2136453636e-25, 5.76103097627e-25, 3.99666418261e-25, 8.57144606569e-25, 8.20551370632e-25, 6.96548254181e-25, 6.73585154179e-25, 6.6644561786e-25, 1.24955103931e-24, 8.50295617583e-25, 1.23340946608e-24, 4.97359593713e-25, 1.1839553815e-24, 6.96383727378e-25, 1.01770373458e-24, 1.1297967277e-24, 1.65456494843e-24, 9.8197277292e-25, 1.4755136389e-24, 1.0927585249e-24, 6.92079554368e-25, 9.91172074366e-25, 9.70364980523e-25, 1.04117362841e-24, 7.3108857822e-25, 1.25116149885e-24, 1.56374171609e-24, 1.72487789585e-24, 1.74514570466e-24, 1.58830477392e-24, 1.81437061568e-24, 1.20282000397e-24, 1.20180030264e-24, 2.4335956607e-24, 1.55562108332e-24, 2.25684683894e-24, 2.22834273063e-24, 1.44999448166e-24, 1.64957283941e-24, 2.6219462598e-24, 1.30223333993e-24, 1.43699937875e-24, 2.28783921175e-24, 2.1180576095e-24, 1.68293889469e-24, 1.57298933526e-24, 1.61187564194e-24, 2.30246587622e-24, 1.82140173293e-24, 2.98489011824e-24, 2.58763534637e-24, 3.38655028383e-24, 2.64095997698e-24, 1.18808999872e-24, 3.02251700848e-24, 2.50084743338e-24, 3.05099685931e-24, 2.20321553865e-24, 2.75198682458e-24, 3.32204473318e-24, 3.33114306043e-24, 3.3218092582e-24, 3.1918345633e-24, 3.39964103612e-24, 3.38404604489e-24, 3.48964888212e-24, 2.53130850837e-24, 3.43645796343e-24, 3.74234864019e-24, 2.87247211443e-24, 2.56871432034e-24, 4.43780604765e-24, 3.24937309165e-24, 4.13878082735e-24, 3.93082210437e-24, 3.52763411242e-24, 3.4362698201e-24, 3.97526771107e-24, 4.94209800309e-24, 4.05500379921e-24, 3.98068205789e-24, 4.21981143624e-24, 2.96156034583e-24, 4.56146709429e-24, 4.02029707483e-24, 4.20853348631e-24, 5.15506599281e-24, 3.66531795052e-24, 5.22269188277e-24, 5.3483578194e-24, 4.4394050687e-24, 5.01458327622e-24, 5.25660106878e-24, 5.00898946355e-24, 4.80789028057e-24, 5.46771602424e-24],
        "stdev": [3.03704000544e-05, 0.000231337573496, 0.000432542699855, 0.0005229380331, 0.00072390132118, 0.000556720653549, 0.00050252006622, 0.000434058980318, 0.000855335558299, 0.00118363485672, 0.000957433134317, 0.000922511855606, 0.00137096189428, 0.00167056906503, 0.00161006813869, 0.00100303220097, 0.00101384089794, 0.00202636257745, 0.00274862139486, 0.00168700958602, 0.0010769222863, 0.00116851099301, 0.00076097715646, 0.000394750852138, 0.000422831624746, 0.000185263837921, 0.000306798407109, 0.000478565576486, 0.000221651658649, 0.000321926636389, 0.000554683501832, 0.000360797712347, 0.000444171251729, 0.000679020595271, 0.000274164922303, 0.000581009197049, 0.00059170438908, 0.000149949832121, 0.000100381359516, 0.000198851441382, 0.00014378738706, 0.000212690443732, 0.000524409813806, 0.000434301560745, 9.80916011031e-05, 8.43665839056e-05, 7.86781383795e-05, 9.07520879991e-05, 6.41542865196e-05, 4.83797302877e-05, 6.5295083914e-05, 9.18102377909e-05, 0.000162321797688, 0.000121941731777, 9.47026637732e-05, 2.70953223662e-05, 3.07399714075e-05, 7.38110029488e-05, 6.04741981078e-05, 3.22188097925e-05, 3.08581038553e-05, 2.30547830142e-05, 3.33257266902e-05, 2.05257238122e-05, 2.66701372311e-05, 3.9313785237e-05, 3.61266138498e-05, 2.26561351155e-05, 1.49161123773e-05, 1.63318400155e-05, 1.13189025797e-05, 1.02657377283e-05, 7.25430072634e-06, 9.07264711714e-06, 6.41229053144e-06, 8.6347308752e-06, 5.53667132408e-06, 4.15095519202e-06, 5.09945630256e-06, 3.86909232475e-06, 4.27279246651e-06, 5.48067964701e-06, 3.9180672502e-06, 2.13052658182e-06, 2.53076836998e-06, 2.15899694922e-06, 2.37922336055e-06, 1.92933089238e-06, 2.16239300244e-06, 2.21274535761e-06, 2.26822953664e-06, 1.65658559581e-06, 1.51889491917e-06, 1.65770711646e-06, 1.89021625374e-06, 1.76259823093e-06, 1.01752220871e-06, 1.44382192957e-06, 1.83488555194e-06, 1.39362532536e-06, 5.01538352182e-07, 7.42329689274e-07, 5.5899539575e-07, 7.32677619908e-07, 8.51001800584e-07, 3.90230155745e-07, 3.24296195231e-07, 2.84545023987e-07, 3.42271363252e-07, 2.93859102385e-07, 2.1533010397e-07, 1.28624080276e-07, 5.79345993401e-08, 3.00219404892e-08, 9.6284979989e-09, 4.09694678183e-09, 2.52987764071e-09, 1.6672777603e-09, 1.65975733157e-09, 1.6304503303e-09, 1.55586843409e-09, 1.50927759179e-09, 1.48108558751e-09, 1.45542489172e-09, 1.43599832025e-09, 1.41891065564e-09, 1.40648259706e-09, 1.39889821948e-09]
    },
    "mfcc": {
        "mean": [-829.695617676, 73.8265151978, -22.9590072632, 5.56528997421, -5.45227003098, 1.90713024139, -4.37888813019, 0.128567174077, -6.93791866302, -1.57414293289, -3.95623493195, -0.667420506477, -3.1139793396],
        "cov": [[89543.375, 14683.859375, -4146.54052734, 1188.90930176, -1107.10510254, 341.566436768, -698.806335449, 116.542953491, -1422.20446777, -335.889465332, -738.246337891, -89.3468933105, -612.354858398], [14683.859375, 3351.19311523, -375.731506348, 475.61630249, -38.4103546143, 65.8271484375, -93.4499130249, -15.0987300873, -339.100982666, -81.5805435181, -111.660835266, -49.3402099609, -112.272941589], [-4146.54052734, -375.731506348, 708.855895996, 299.638000488, 223.436141968, 13.9853754044, 68.5640563965, 5.77336168289, 14.1329545975, -16.1116523743, 31.044713974, 9.5894613266, 19.9426517487], [1188.90930176, 475.61630249, 299.638000488, 441.000213623, 172.368713379, 20.0071678162, -46.1721992493, -2.75118732452, -57.6244926453, -39.2071723938, -27.8373260498, 16.6415843964, 9.55176258087], [-1107.10510254, -38.4103546143, 223.436141968, 172.368713379, 156.282943726, 27.7012901306, 4.67165756226, -0.382655531168, 6.53933143616, -16.3682537079, -5.03087902069, 6.90131378174, 16.064863205], [341.566436768, 65.8271484375, 13.9853754044, 20.0071678162, 27.7012901306, 90.6725616455, 72.2427139282, 39.3069076538, 1.36359667778, -2.00649547577, -3.94458961487, -2.19330072403, -15.1390752792], [-698.806335449, -93.4499130249, 68.5640563965, -46.1721992493, 4.67165756226, 72.2427139282, 170.178527832, 64.9677124023, 7.63319301605, 16.5851631165, 25.2653427124, -15.5707550049, -22.6173267365], [116.542953491, -15.0987300873, 5.77336168289, -2.75118732452, -0.382655531168, 39.3069076538, 64.9677124023, 84.3433609009, 23.0653133392, 9.51429843903, 12.7894210815, 10.0163259506, -10.9834403992], [-1422.20446777, -339.100982666, 14.1329545975, -57.6244926453, 6.53933143616, 1.36359667778, 7.63319301605, 23.0653133392, 90.8005905151, 27.3921146393, 20.7899036407, 15.6356153488, 14.3002567291], [-335.889465332, -81.5805435181, -16.1116523743, -39.2071723938, -16.3682537079, -2.00649547577, 16.5851631165, 9.51429843903, 27.3921146393, 48.6567764282, 24.356760025, 3.09627127647, 2.84467101097], [-738.246337891, -111.660835266, 31.044713974, -27.8373260498, -5.03087902069, -3.94458961487, 25.2653427124, 12.7894210815, 20.7899036407, 24.356760025, 50.3064727783, 13.0200834274, 6.06272554398], [-89.3468933105, -49.3402099609, 9.5894613266, 16.6415843964, 6.90131378174, -2.19330072403, -15.5707550049, 10.0163259506, 15.6356153488, 3.09627127647, 13.0200834274, 46.9464225769, 20.606502533], [-612.354858398, -112.272941589, 19.9426517487, 9.55176258087, 16.064863205, -15.1390752792, -22.6173267365, -10.9834403992, 14.3002567291, 2.84467101097, 6.06272554398, 20.606502533, 45.8183517456]],
        "icov": [[8.63453315105e-05, -0.000273147918051, 0.000315686949762, -0.00024830782786, 0.00038223672891, -0.000177639478352, 9.21721002669e-05, -0.000179599010153, 8.4100109234e-05, -8.2009966718e-05, 0.000415393442381, -0.000362371851224, 0.000295615958748], [-0.000273147918051, 0.001708637923, -0.000148481150973, -0.000592127558775, -0.000898022612091, 0.000133407214889, -0.00012397809769, 0.000303156703012, 0.00193946331274, -0.000253472651821, -0.001576923416, 0.00130001909565, 0.000129141990328], [0.000315686949762, -0.000148481150973, 0.00579800549895, -0.00417575333267, -0.00194930669386, 0.00205331388861, -0.00309905712493, 0.000751626677811, 0.000808398064692, 0.000771285558585, -0.000948060536757, -0.00126787135378, 0.00260995351709], [-0.00024830782786, -0.000592127558775, -0.00417575333267, 0.00976878684014, -0.00668398011476, -0.000281138462014, 0.00382991391234, -0.00276035210118, 0.00205467129126, -0.000797271088231, 0.00113289849833, -0.00103931350168, -0.00178327749018], [0.00038223672891, -0.000898022612091, -0.00194930669386, -0.00668398011476, 0.0211688745767, -0.0076362574473, 0.00130029860884, 0.00183303630911, -0.00422414485365, 0.00254373741336, 0.00211537978612, 0.00126950116828, -0.00340462452732], [-0.000177639478352, 0.000133407214889, 0.00205331388861, -0.000281138462014, -0.0076362574473, 0.0244839265943, -0.0117852725089, -0.00146272080019, -0.00260996236466, 0.00133403029758, 0.00473740650341, -0.00396233890206, 0.00360369705595], [9.21721002669e-05, -0.00012397809769, -0.00309905712493, 0.00382991391234, 0.00130029860884, -0.0117852725089, 0.0186364427209, -0.00992469582707, 0.00593087775633, -0.00315735512413, -0.00513533968478, 0.00651571108028, 4.3046031351e-05], [-0.000179599010153, 0.000303156703012, 0.000751626677811, -0.00276035210118, 0.00183303630911, -0.00146272080019, -0.00992469582707, 0.0240127239376, -0.00884427223355, 0.00232937792316, -0.00126194849145, -0.00659608840942, 0.00407123938203], [8.4100109234e-05, 0.00193946331274, 0.000808398064692, 0.00205467129126, -0.00422414485365, -0.00260996236466, 0.00593087775633, -0.00884427223355, 0.0265578385442, -0.0106811681762, -0.000368114648154, -0.00238932436332, 2.00110935111e-05], [-8.2009966718e-05, -0.000253472651821, 0.000771285558585, -0.000797271088231, 0.00254373741336, 0.00133403029758, -0.00315735512413, 0.00232937792316, -0.0106811681762, 0.0335666723549, -0.0139460368082, 0.00394317274913, -0.00201633875258], [0.000415393442381, -0.001576923416, -0.000948060536757, 0.00113289849833, 0.00211537978612, 0.00473740650341, -0.00513533968478, -0.00126194849145, -0.000368114648154, -0.0139460368082, 0.0371302887797, -0.0125366747379, 0.00155611871742], [-0.000362371851224, 0.00130001909565, -0.00126787135378, -0.00103931350168, 0.00126950116828, -0.00396233890206, 0.00651571108028, -0.00659608840942, -0.00238932436332, 0.00394317274913, -0.0125366747379, 0.0365175977349, -0.0152719169855], [0.000295615958748, 0.000129141990328, 0.00260995351709, -0.00178327749018, -0.00340462452732, 0.00360369705595, 4.3046031351e-05, 0.00407123938203, 2.00110935111e-05, -0.00201633875258, 0.00155611871742, -0.0152719169855, 0.0354915112257]]
    },
    "spectral_contrast_coeffs": {
        "max": [-0.33652946353, -0.436536341906, -0.532710373402, -0.591396868229, -0.673763334751, -0.627831816673],
        "mean": [-0.777542769909, -0.819480836391, -0.818600416183, -0.836649954319, -0.837656319141, -0.813374400139],
        "min": [-0.983384668827, -0.982093393803, -0.978634595871, -0.972940802574, -0.969348073006, -0.965699672699],
        "stdev": [0.142800286412, 0.118893124163, 0.120430216193, 0.100593850017, 0.0892161503434, 0.0998443290591]
    },
    "spectral_contrast_valleys": {
        "max": [-5.42027044296, -4.793217659, -5.4109249115, -5.49076557159, -5.90065956116, -7.97377204895],
        "mean": [-13.4629449844, -12.9943685532, -13.1598567963, -13.2513504028, -13.3453874588, -15.4334869385],
        "min": [-28.1057758331, -28.0295619965, -28.0274066925, -27.7361526489, -27.5522327423, -27.4506549835],
        "stdev": [9.1135931015, 9.37138271332, 9.28899383545, 9.21080207825, 9.1580247879, 7.79652738571]
    }
},
"rhythm": {
    "beats_count": 67,
    "beats_loudness": {
        "max": 0.176394209266,
        "mean": 0.0210596360266,
        "min": 0,
        "stdev": 0.0300835445523
    },
    "bpm": 135.559356689,
    "bpm_histogram_first_peak_bpm": 136,
    "bpm_histogram_first_peak_weight": 0.399999976158,
    "bpm_histogram_second_peak_bpm": 115,
    "bpm_histogram_second_peak_spread": 0.428571403027,
    "bpm_histogram_second_peak_weight": 0.121212124825,
    "danceability": 0.92733424902,
    "onset_rate": 1.84118235111,
    "beats_loudness_band_ratio": {
        "max": [0.610977947712, 0.723592877388, 0.570760130882, 0.676183462143, 0.406282305717, 0.654622614384],
        "mean": [0.089138828218, 0.119902357459, 0.143707439303, 0.199569180608, 0.106840185821, 0.0439441949129],
        "min": [0, 0, 0, 0, 0, 0],
        "stdev": [0.126542776823, 0.157612979412, 0.16309697926, 0.214351192117, 0.11729837209, 0.0904396474361]
    },
    "beats_position": [0.592108845711, 1.18421769142, 1.78793644905, 2.39165520668, 2.9837641716, 3.5758728981, 4.1679816246, 4.74848079681, 5.32897949219, 5.90947818756, 6.43192720413, 6.94276618958, 7.46521520615, 7.99927425385, 8.52172279358, 9.04417228699, 9.56662082672, 10.077460289, 10.5999088287, 11.1223583221, 11.6448068619, 12.0975961685, 12.5503854752, 13.0147848129, 13.479183197, 13.9319725037, 14.3847618103, 14.9304304123, 15.4877090454, 16.0449886322, 16.602268219, 17.2059860229, 17.7748756409, 18.3437633514, 18.9126529694, 19.4699325562, 20.0388202667, 20.6193199158, 21.153377533, 21.6874370575, 22.2911567688, 22.8716545105, 23.4637641907, 23.9978218079, 24.5551013947, 25.1123809814, 25.553560257, 25.9947395325, 26.435918808, 26.8770961761, 27.3182754517, 27.7594547272, 28.2006340027, 28.6185932159, 29.0365524292, 29.4545116425, 29.895690918, 30.3368701935, 30.7664394379, 31.1960086823, 31.6139678955, 32.0203170776, 32.4266662598, 32.8330154419, 33.239364624, 33.6457138062, 34.0520629883],
