{
"metadata": {
    "version": {
        "essentia": "2.1-beta5",
        "essentia_git_sha": "Undefined",
        "extractor": "music 2.0"
    },
    "audio_properties": {
        "analysis": {
            "equal_loudness": 0,
            "length": 48.7502937317,
            "sample_rate": 44100,
            "start_time": 94.0059890747,
            "downmix": "mix"
        },
        "bit_rate": 192000,
        "length": 304.529693604,
        "lossless": 0,
        "number_channels": 1,
        "replay_gain": -0.496128082275,
        "sample_rate": 48000,
        "codec": "mp3",
        "md5_encoded": "92d3e069a6ca0bb3c122f9428b21df44"
    },
    "tags": {
        "file_name": "Portugal_Conquistador_Da Vinci.mp3",
        "encoding": ["Lavf58.29.100"]
    }
},
"lowlevel": {
    "average_loudness": 0.900889873505,
    "barkbands_crest": {
        "max": 24.6341152191,
        "mean": 8.95067977905,
        "min": 2.62650370598,
        "stdev": 4.28421783447
    },
    "barkbands_flatness_db": {
        "max": 0.361044704914,
        "mean": 0.201152935624,
        "min": 0.0805986747146,
        "stdev": 0.0408326536417
    },
    "barkbands_kurtosis": {
        "max": 93.167755127,
        "mean": 2.86504912376,
        "min": -1.78895998001,
        "stdev": 7.49199676514
    },
    "barkbands_skewness": {
        "max": 7.79468345642,
        "mean": 0.979441165924,
        "min": -2.12994098663,
        "stdev": 1.27145385742
    },
    "barkbands_spread": {
        "max": 54.6646385193,
        "mean": 17.3669281006,
        "min": 1.05665063858,
        "stdev": 9.31742572784
    },
    "dissonance": {
        "max": 0.499999970198,
        "mean": 0.463526904583,
        "min": 0.26796913147,
        "stdev": 0.0351887792349
    },
    "dynamic_complexity": 3.59736967087,
    "erbbands_crest": {
        "max": 29.4936141968,
        "mean": 9.713514328,
        "min": 2.78693461418,
        "stdev": 4.73369169235
    },
    "erbbands_flatness_db": {
        "max": 0.385902822018,
        "mean": 0.260668098927,
        "min": 0.144526943564,
        "stdev": 0.0403815880418
    },
    "erbbands_kurtosis": {
        "max": 27.8638629913,
        "mean": 0.713277101517,
        "min": -1.7110991478,
        "stdev": 2.94146704674
    },
    "erbbands_skewness": {
        "max": 4.61242341995,
        "mean": 0.235330894589,
        "min": -3.1931912899,
        "stdev": 0.922671079636
    },
    "erbbands_spread": {
        "max": 95.2835998535,
        "mean": 28.5633811951,
        "min": 3.19633412361,
        "stdev": 15.5570335388
    },
    "hfc": {
        "max": 82.7377166748,
        "mean": 19.9520816803,
        "min": 0.122386336327,
        "stdev": 16.2650680542
    },
    "loudness_ebu128": {
        "integrated": -27.182302475,
        "loudness_range": 5.0343208313,
        "momentary": {
            "max": -23.5275287628,
            "mean": -28.3658733368,
            "min": -45.1356964111,
            "stdev": 3.68111395836
        },
        "short_term": {
            "max": -24.7487983704,
            "mean": -27.5854282379,
            "min": -31.5066356659,
            "stdev": 1.62619245052
        }
    },
    "melbands_crest": {
        "max": 30.3161621094,
        "mean": 11.7478952408,
        "min": 2.80651807785,
        "stdev": 5.44450139999
    },
    "melbands_flatness_db": {
        "max": 0.422501951456,
        "mean": 0.222059458494,
        "min": 0.0816456228495,
        "stdev": 0.055932380259
    },
    "melbands_kurtosis": {
        "max": 155.515792847,
        "mean": 7.45721054077,
        "min": -1.74222064018,
        "stdev": 14.5884313583
    },
    "melbands_skewness": {
        "max": 9.89545059204,
        "mean": 1.68209695816,
        "min": -1.1503098011,
        "stdev": 1.56986641884
    },
    "melbands_spread": {
        "max": 156.728317261,
        "mean": 26.7077064514,
        "min": 1.03510534763,
        "stdev": 17.7305774689
    },
    "pitch_salience": {
        "max": 0.869613528252,
        "mean": 0.606003582478,
        "min": 0.14078257978,
        "stdev": 0.118988551199
    },
    "silence_rate_20dB": {
        "max": 1,
        "mean": 1,
        "min": 1,
        "stdev": 0
    },
    "silence_rate_30dB": {
        "max": 1,
        "mean": 1,
        "min": 1,
        "stdev": 0
    },
    "silence_rate_60dB": {
        "max": 1,
        "mean": 0.117563068867,
        "min": 0,
        "stdev": 0.322094380856
    },
    "spectral_centroid": {
        "max": 4470.43457031,
        "mean": 1564.31188965,
        "min": 335.397064209,
        "stdev": 662.213195801
    },
    "spectral_complexity": {
        "max": 45,
        "mean": 19.5687770844,
        "min": 0,
        "stdev": 10.5490322113
    },
    "spectral_decrease": {
        "max": -1.19218142303e-11,
        "mean": -4.58063542652e-09,
        "min": -2.8955884801e-08,
        "stdev": 3.79816889051e-09
    },
    "spectral_energy": {
        "max": 0.11582633853,
        "mean": 0.0190980974585,
        "min": 5.68962714169e-05,
        "stdev": 0.0155050372705
    },
    "spectral_energyband_high": {
        "max": 0.00557848159224,
        "mean": 0.000364865496522,
        "min": 2.23727192861e-06,
        "stdev": 0.0004391403927
    },
    "spectral_energyband_low": {
        "max": 0.0214847102761,
        "mean": 0.000943449791521,
        "min": 5.84282645377e-07,
        "stdev": 0.00153376464732
    },
    "spectral_energyband_middle_high": {
        "max": 0.0711351707578,
        "mean": 0.00796759687364,
        "min": 1.3879585822e-05,
        "stdev": 0.00865209195763
    },
    "spectral_energyband_middle_low": {
        "max": 0.100062549114,
        "mean": 0.0103879282251,
        "min": 2.17284723476e-05,
        "stdev": 0.011917386204
    },
    "spectral_entropy": {
        "max": 8.15511417389,
        "mean": 7.33540582657,
        "min": 5.8182516098,
        "stdev": 0.359893739223
    },
    "spectral_flux": {
        "max": 0.298408329487,
        "mean": 0.0772776901722,
        "min": 0.00539121218026,
        "stdev": 0.0413616634905
    },
    "spectral_kurtosis": {
        "max": 42.388469696,
        "mean": 4.0422410965,
        "min": -0.941332817078,
        "stdev": 4.09579658508
    },
    "spectral_rms": {
        "max": 0.0106302071363,
        "mean": 0.00393263576552,
        "min": 0.000235602536122,
        "stdev": 0.00177952309605
    },
    "spectral_rolloff": {
        "max": 6223.09570312,
        "mean": 1806.51342773,
        "min": 172.265625,
        "stdev": 989.58984375
    },
    "spectral_skewness": {
        "max": 4.63949871063,
        "mean": 1.07122313976,
        "min": -0.577585577965,
        "stdev": 0.565848529339
    },
    "spectral_spread": {
        "max": 13308644,
        "mean": 2703238.75,
        "min": 1087987.5,
        "stdev": 574883.625
    },
    "spectral_strongpeak": {
        "max": 11.5375404358,
        "mean": 1.4772592783,
        "min": 0.00781805254519,
        "stdev": 1.57432091236
    },
    "zerocrossingrate": {
        "max": 0.21728515625,
        "mean": 0.063070088625,
        "min": 0.0078125,
        "stdev": 0.0253066960722
    },
    "barkbands": {
        "max": [0.00013969358406, 0.0051720677875, 0.00983573682606, 0.0284331403673, 0.0237632971257, 0.0746621266007, 0.0545264184475, 0.0462355874479, 0.0770288780332, 0.0454657636583, 0.0505695268512, 0.0144045669585, 0.0197956543416, 0.0225432161242, 0.0369027219713, 0.0179787017405, 0.0130221517757, 0.00522138923407, 0.00561652891338, 0.00380243500695, 0.00302738067694, 0.00158015417401, 0.000569557654671, 0.000111971989099, 8.56878386912e-07, 8.35329785787e-07, 8.87603448518e-07],
        "mean": [4.04667071052e-06, 0.000190484657651, 0.000383320089895, 0.000988625222817, 0.00163240055554, 0.00229180278257, 0.00177808606531, 0.00143919175025, 0.00183526822366, 0.00170106336009, 0.000877399463207, 0.000561248743907, 0.000689609965775, 0.000661544268951, 0.0012468182249, 0.000773264619056, 0.00068287079921, 0.000362053222489, 0.000500785885379, 0.00022139181965, 0.000168500060681, 7.69864200265e-05, 2.76868649962e-05, 3.65802725355e-06, 1.43071954284e-09, 1.54368851035e-09, 1.60447433117e-09],
        "min": [2.099269647e-10, 1.30527855191e-08, 3.97524075879e-08, 8.87187283638e-08, 1.41199234349e-06, 8.30396515994e-07, 3.23702147398e-06, 5.72432327317e-07, 8.01345549917e-07, 8.98698885976e-07, 4.88887167194e-07, 9.79530113909e-07, 6.23704181635e-07, 6.66518872094e-07, 6.34942807665e-07, 8.75415423707e-07, 1.00500494682e-06, 7.44728026802e-07, 1.06729601157e-06, 6.22040602138e-07, 6.37389007352e-07, 5.06249705268e-07, 2.48243345879e-08, 2.11648976123e-10, 1.8148606229e-10, 2.88150420191e-10, 3.17322418342e-10],
        "stdev": [9.46952604863e-06, 0.000413289817516, 0.000715237285476, 0.00221890443936, 0.00243080873042, 0.00538376299664, 0.0040869731456, 0.00370403495617, 0.00491863070056, 0.00393671775237, 0.0028350641951, 0.00102820876054, 0.00146695552394, 0.00154562946409, 0.0025703413412, 0.00144213740714, 0.00111854926217, 0.000443394848844, 0.000736669346225, 0.000327693094732, 0.000233070124523, 0.000119579992315, 3.93857299059e-05, 6.59746183373e-06, 1.87725621714e-08, 1.82604669163e-08, 1.93954292627e-08]
    },
    "erbbands": {
        "max": [0.0757725536823, 1.56067454815, 9.27605056763, 53.1628723145, 73.9046859741, 102.718109131, 525.604614258, 506.279937744, 726.853637695, 1275.94641113, 1245.64904785, 2246.02685547, 1228.93225098, 2577.08496094, 849.938781738, 650.256286621, 978.76739502, 960.171081543, 1155.55151367, 1334.30969238, 1188.56335449, 519.798339844, 226.096282959, 247.404495239, 318.520263672, 197.201080322, 134.164306641, 112.238731384, 59.225025177, 36.675403595, 19.7522449493, 6.25741481781, 0.287145137787, 0.0103893177584, 0.00602676626295, 0.00333231408149, 0.00154150789604, 0.000551573990379, 0.000125982885947, 0.00013314197713],
        "mean": [0.00332616083324, 0.0548674352467, 0.366910636425, 1.86850464344, 4.40683507919, 5.31390762329, 14.7214612961, 17.2696647644, 24.0553798676, 25.4003715515, 36.3343544006, 42.9076042175, 39.4841804504, 64.9405975342, 27.8573455811, 25.1139087677, 32.6006813049, 35.3443183899, 57.2860069275, 48.532207489, 49.034778595, 31.4562931061, 23.1072444916, 21.5120162964, 24.6872005463, 11.9131603241, 8.52493858337, 4.70756721497, 2.76712989807, 1.59496378899, 0.709968984127, 0.203591763973, 0.00949181988835, 0.000432393047959, 7.813663251e-05, 3.20551043842e-05, 1.5464347598e-05, 5.80492860536e-06, 1.16176870506e-05, 2.34894050664e-05],
        "min": [6.98956796441e-07, 8.64845969772e-06, 0.000111384804768, 0.000589707167819, 0.00174506159965, 0.00631410023198, 0.00316060916521, 0.011451292783, 0.030579354614, 0.0422744490206, 0.0152842151001, 0.0245714262128, 0.0309202056378, 0.0497123114765, 0.0534048229456, 0.0502083264291, 0.0434798970819, 0.0328140817583, 0.0490247234702, 0.0304920487106, 0.0586879327893, 0.044415127486, 0.0475930124521, 0.0442060269415, 0.0471954531968, 0.0383836403489, 0.0284251794219, 0.0195156410336, 0.0167894493788, 0.0111240455881, 0.00225401110947, 0.000136039670906, 1.56204314408e-05, 7.15789155947e-06, 3.6248802644e-06, 2.08137362279e-06, 1.08686538169e-06, 4.03162147222e-07, 1.63659905184e-07, 1.09455911002e-07],
        "stdev": [0.00688875699416, 0.116544358432, 0.663568615913, 3.65155720711, 8.3120880127, 9.36828422546, 41.8884658813, 40.7745323181, 48.4701957703, 66.3845977783, 89.1156539917, 110.783569336, 95.6512908936, 172.745162964, 53.3251228333, 43.4362564087, 63.7366943359, 73.6748352051, 100.773712158, 95.2023162842, 89.3606491089, 45.1802215576, 27.8103179932, 30.2178878784, 38.8274536133, 17.2109642029, 11.1391849518, 7.05498170853, 4.46171045303, 2.51313066483, 1.02944219112, 0.337925821543, 0.0158296544105, 0.000629390124232, 0.000149274303112, 7.56157896831e-05, 3.48672401742e-05, 1.26219483718e-05, 9.00486156752e-06, 1.84555465239e-05]
    },
    "gfcc": {
        "mean": [-73.9391326904, 147.176132202, -203.566131592, 42.6179199219, -71.5157928467, -23.3890018463, -13.7571697235, -34.2445602417, 5.17545843124, -27.927986145, -4.58882045746, -12.0357837677, -8.81960105896],
        "cov": [[3380.69262695, -156.258041382, -753.096801758, -84.7607040405, 93.8326339722, -104.928771973, 72.1092681885, -18.6697177887, 39.1124191284, -22.1673908234, 18.1528720856, -67.3107147217, 23.201461792], [-156.258041382, 739.107666016, 644.884460449, 75.2779769897, 100.022102356, -80.3413696289, 60.8866500854, 5.81855630875, -28.8870220184, -34.6511878967, -17.2274398804, -30.970375061, -24.247505188], [-753.096801758, 644.884460449, 1134.61877441, 396.572387695, -31.1070156097, -28.0858078003, -4.94603538513, -2.15341663361, -59.1562385559, -74.8775558472, -25.1107177734, -21.657743454, -16.8509025574], [-84.7607040405, 75.2779769897, 396.572387695, 606.022705078, 146.233810425, 40.9776344299, -15.3141717911, -12.6080341339, -6.6171541214, -10.8207445145, -41.0382995605, -7.4231762886, -22.9124526978], [93.8326339722, 100.022102356, -31.1070156097, 146.233810425, 282.291656494, 64.0814208984, 38.5691184998, 9.0860786438, 19.7944698334, 18.5867061615, -34.2753639221, -10.0618858337, -10.565448761], [-104.928771973, -80.3413696289, -28.0858078003, 40.9776344299, 64.0814208984, 216.762313843, 68.3481292725, 11.2734670639, 14.8735618591, -4.11886787415, -13.2564678192, -14.3185930252, -1.60140001774], [72.1092681885, 60.8866500854, -4.94603538513, -15.3141717911, 38.5691184998, 68.3481292725, 153.873931885, 35.8470344543, -7.16631603241, 9.54851531982, -15.6525611877, 4.04604196548, -10.74061203], [-18.6697177887, 5.81855630875, -2.15341663361, -12.6080341339, 9.0860786438, 11.2734670639, 35.8470344543, 95.1456375122, 40.2436752319, 0.302637785673, 5.3368973732, -11.7605876923, -10.7005338669], [39.1124191284, -28.8870220184, -59.1562385559, -6.6171541214, 19.7944698334, 14.8735618591, -7.16631603241, 40.2436752319, 86.2670974731, 38.7102966309, -5.58886384964, -4.25174570084, -3.31944704056], [-22.1673908234, -34.6511878967, -74.8775558472, -10.8207445145, 18.5867061615, -4.11886787415, 9.54851531982, 0.302637785673, 38.7102966309, 92.654296875, 28.1201019287, 1.03807199001, -3.38828206062], [18.1528720856, -17.2274398804, -25.1107177734, -41.0382995605, -34.2753639221, -13.2564678192, -15.6525611877, 5.3368973732, -5.58886384964, 28.1201019287, 80.1403427124, 19.6149291992, 1.52067351341], [-67.3107147217, -30.970375061, -21.657743454, -7.4231762886, -10.0618858337, -14.3185930252, 4.04604196548, -11.7605876923, -4.25174570084, 1.03807199001, 19.6149291992, 76.780708313, 29.0769462585], [23.201461792, -24.247505188, -16.8509025574, -22.9124526978, -10.565448761, -1.60140001774, -10.74061203, -10.7005338669, -3.31944704056, -3.38828206062, 1.52067351341, 29.0769462585, 66.6221084595]],
        "icov": [[0.000606279994827, -0.000344066793332, 0.000867613125592, -0.000650430447422, 0.000108285064925, 0.000918499135878, -0.00145583576523, 0.00145168940071, -0.00179213134106, 0.00201257457957, -0.00169556844048, 0.00175021588802, -0.00101501191966], [-0.000344066793332, 0.00897867791355, -0.00701408693567, 0.00449572317302, -0.00698753958568, 0.00550484703854, -0.00596030894667, 0.0049886200577, -0.00522262463346, 0.00375241553411, -0.00399489002302, 0.00343954493292, 0.000544889946468], [0.000867613125592, -0.00701408693567, 0.00743419583887, -0.00506239337847, 0.00587513204664, -0.00278116343543, 0.00247855018824, -0.00229315692559, 0.00228696502745, 0.00016490193957, 0.000897841295227, -0.000175048291567, -0.00164127815515], [-0.000650430447422, 0.00449572317302, -0.00506239337847, 0.00552261667326, -0.00480097578838, 0.00109817250632, -0.000217871289351, 0.000763676711358, -0.000157519345521, -0.00101730052847, 0.00094299094053, -0.00101412960794, 0.00219569238834], [0.000108285064925, -0.00698753958568, 0.00587513204664, -0.00480097578838, 0.0104062678292, -0.00540643790737, 0.00448086997494, -0.00478613330051, 0.00474693346769, -0.00475686835125, 0.00538722705096, -0.00319033674896, -7.93848266767e-06], [0.000918499135878, 0.00550484703854, -0.00278116343543, 0.00109817250632, -0.00540643790737, 0.0121775791049, -0.0112778190523, 0.00918937567621, -0.0112768439576, 0.0100936572999, -0.0088186590001, 0.00859566964209, -0.00314779835753], [-0.00145583576523, -0.00596030894667, 0.00247855018824, -0.000217871289351, 0.00448086997494, -0.0112778190523, 0.0215488281101, -0.0168112199754, 0.0187464710325, -0.0162537861615, 0.0151637271047, -0.0129307191819, 0.00550795625895], [0.00145168940071, 0.0049886200577, -0.00229315692559, 0.000763676711358, -0.00478613330051, 0.00918937567621, -0.0168112199754, 0.0288204737008, -0.0247338209301, 0.0185866355896, -0.0166671480983, 0.0129403434694, -0.00318107823841], [-0.00179213134106, -0.00522262463346, 0.00228696502745, -0.000157519345521, 0.00474693346769, -0.0112768439576, 0.0187464710325, -0.0247338209301, 0.0385971963406, -0.025857353583, 0.0204753819853, -0.0139446612448, 0.00500572705641], [0.00201257457957, 0.00375241553411, 0.00016490193957, -0.00101730052847, -0.00475686835125, 0.0100936572999, -0.0162537861615, 0.0185866355896, -0.025857353583, 0.0326789431274, -0.0214092992246, 0.0136311594397, -0.00487711653113], [-0.00169556844048, -0.00399489002302, 0.000897841295227, 0.00094299094053, 0.00538722705096, -0.0088186590001, 0.0151637271047, -0.0166671480983, 0.0204753819853, -0.0214092992246, 0.0303554069251, -0.0157229285687, 0.00619863485917], [0.00175021588802, 0.00343954493292, -0.000175048291567, -0.00101412960794, -0.00319033674896, 0.00859566964209, -0.0129307191819, 0.0129403434694, -0.0139446612448, 0.0136311594397, -0.0157229285687, 0.0270666331053, -0.0115120718256], [-0.00101501191966, 0.000544889946468, -0.00164127815515, 0.00219569238834, -7.93848266767e-06, -0.00314779835753, 0.00550795625895, -0.00318107823841, 0.00500572705641, -0.00487711653113, 0.00619863485917, -0.0115120718256, 0.021086236462]]
    },
    "melbands": {
        "max": [0.000905978318769, 0.0035537132062, 0.0101484665647, 0.00608288636431, 0.0138228312135, 0.0112659186125, 0.0106907831505, 0.0127112250775, 0.00887262076139, 0.0126686133444, 0.00620381953195, 0.00980084110051, 0.00464365864173, 0.0019627304282, 0.00136305892374, 0.00268276315182, 0.00224712281488, 0.00174753251486, 0.00396607816219, 0.000912328017876, 0.00169655925129, 0.000591216376051, 0.000592109805439, 0.000271278986474, 0.00025233780616, 0.000335636985255, 0.000246548413998, 0.000156385314767, 6.88908112352e-05, 0.000106506668089, 6.59628058202e-05, 4.28786042903e-05, 3.18501261063e-05, 1.60806266649e-05, 1.17687804959e-05, 7.92459104559e-06, 2.21456139116e-06, 5.30344443916e-08, 8.91940388215e-09, 7.91387133603e-09],
        "mean": [4.13272755395e-05, 0.000162106371135, 0.000416481139837, 0.000341200182447, 0.000447762518888, 0.000399265205488, 0.000376226875233, 0.000277391402051, 0.000308393500745, 0.000262293790001, 0.000190751670743, 0.000265588023467, 0.000104960308818, 6.81841993355e-05, 6.10851711826e-05, 6.89724911354e-05, 6.48985151201e-05, 8.33671510918e-05, 8.76204285305e-05, 4.90725469717e-05, 6.15986937191e-05, 3.25320943375e-05, 2.88750507025e-05, 1.73877579073e-05, 1.66346890182e-05, 1.99790920306e-05, 1.14758759082e-05, 6.80005041431e-06, 5.70849488213e-06, 3.68073324353e-06, 2.49654908657e-06, 1.73664750491e-06, 1.08420476863e-06, 7.63665468639e-07, 4.56703105556e-07, 2.14073693883e-07, 7.826089643e-08, 6.12975892267e-10, 1.3843317985e-11, 1.31116367763e-11],
        "min": [3.10736947284e-09, 5.09425461814e-08, 1.25030751974e-07, 2.57379753066e-07, 1.28191075532e-07, 2.70187570095e-07, 5.19585114489e-07, 3.9034895849e-07, 9.86452945995e-08, 1.62723480912e-07, 1.41876270732e-07, 1.84854670238e-07, 1.60928195214e-07, 1.30336019311e-07, 1.01398420327e-07, 4.88152593903e-08, 6.09545125485e-08, 7.76073463271e-08, 4.4435040536e-08, 3.80720202031e-08, 5.19513783104e-08, 4.84578102089e-08, 4.26142534593e-08, 2.70644022748e-08, 2.88769488321e-08, 3.86110876605e-08, 1.96619982518e-08, 2.33341381772e-08, 1.48159022828e-08, 1.20719674257e-08, 8.18543455239e-09, 7.6639059543e-09, 4.53291404412e-09, 2.93922197692e-09, 1.21151061405e-10, 6.85787329702e-11, 2.59208886993e-12, 1.59288283518e-12, 1.30263941994e-12, 1.55246540449e-12],
        "stdev": [8.59258070705e-05, 0.000278250139672, 0.000809858494904, 0.000529607525095, 0.00114441663027, 0.000905746186618, 0.000781989539973, 0.000714172667358, 0.000756840978283, 0.000698692165315, 0.00047910498688, 0.000711282307748, 0.00026076528593, 0.00012727608555, 0.000102311154478, 0.000156971684191, 0.000156410809723, 0.000148365594214, 0.000218502784264, 8.51125732879e-05, 0.000123524703667, 5.47792187717e-05, 4.57292298961e-05, 2.33047976508e-05, 2.67478753813e-05, 3.29956747009e-05, 1.79758189915e-05, 1.0552729691e-05, 7.91122511146e-06, 5.97434291194e-06, 3.99385089622e-06, 2.88288606498e-06, 1.96626251636e-06, 1.17584431791e-06, 6.53277652418e-07, 3.98072074859e-07, 1.39219622497e-07, 2.56374499408e-09, 1.96171731637e-10, 1.73468919784e-10]
    },
    "melbands128": {
        "max": [9.91359265754e-05, 0.000581033527851, 0.00104145088699, 0.00316343922168, 0.00439271330833, 0.00474260561168, 0.0102949608117, 0.0153039041907, 0.00827138870955, 0.00664816005155, 0.00791827775538, 0.00824068672955, 0.0254870280623, 0.0352241136134, 0.0150946490467, 0.0179753266275, 0.013898095116, 0.0191956739873, 0.021358134225, 0.0223867744207, 0.0150368353352, 0.0158015731722, 0.0151097318158, 0.0140495132655, 0.0267541166395, 0.0161457825452, 0.0186591502279, 0.0118111437187, 0.0142401261255, 0.0132306562737, 0.0219300054014, 0.0137442480773, 0.00567577872425, 0.00286185601726, 0.00342511036433, 0.00437537161633, 0.00207811570726, 0.00118853873573, 0.00347587605938, 0.00482867890969, 0.00567248743027, 0.00456877145916, 0.00342633388937, 0.00596531014889, 0.00376179302111, 0.00292212935165, 0.00408976012841, 0.00828150007874, 0.00555524462834, 0.00194382539485, 0.00180042837746, 0.00299055734649, 0.0031835953705, 0.0032284152694, 0.00191596685909, 0.00105683051515, 0.000722847296856, 0.00135487795342, 0.000395845767343, 0.000429471663665, 0.000416316033807, 0.000342458515661, 0.000432528613601, 0.00036878924584, 0.000347027234966, 0.000520700530615, 0.000587920832913, 0.00037768742186, 0.000296451617032, 0.000296611717204, 0.000213900377275, 0.000156712092576, 7.96833046479e-05, 0.000142442324432, 0.000108590342279, 0.000171933948877, 7.63413845561e-05, 0.000100289857073, 8.33420272102e-05, 7.43852797314e-05, 4.89541125717e-05, 5.1678474847e-05, 2.71400604106e-05, 4.94149498991e-05, 4.98543704452e-05, 1.72414456756e-05, 2.58426480286e-05, 9.13416079129e-06, 1.12265061034e-05, 1.67699654412e-05, 1.08889307739e-05, 9.92893274088e-06, 5.30750003236e-06, 2.14116153074e-06, 6.25006691735e-07, 1.07670601324e-08, 1.00278487736e-08, 9.47032585685e-09, 9.02644980982e-09, 8.65373994685e-09, 8.15742051685e-09, 7.84804843335e-09, 7.55312523637e-09, 7.10751280053e-09, 6.77330502796e-09, 6.52560272485e-09, 6.27707352763e-09, 5.98618310477e-09, 5.71344749289e-09, 5.5567506152e-09, 5.25139132179e-09, 5.07508746139e-09, 4.8634336558e-09, 4.74111061521e-09, 4.52142723262e-09, 4.51119852585e-09, 4.28225011007e-09, 4.121633701e-09, 4.01540534156e-09, 3.93969878942e-09, 3.81254272597e-09, 3.74262709713e-09, 3.7023561994e-09, 3.63411967186e-09, 3.57613405555e-09, 3.52204820864e-09, 3.49246698228e-09, 3.46935813411e-09],
        "mean": [3.22488472193e-06, 1.79264588951e-05, 5.17802036484e-05, 9.5805102319e-05, 0.000147699160152, 0.000202963608899, 0.000327628862578, 0.000568246119656, 0.000437445356511, 0.000328385038301, 0.000267501163762, 0.000287547823973, 0.000554285594262, 0.000581759784836, 0.000394155213144, 0.000307123002131, 0.000302395725157, 0.000463360804133, 0.000376702606445, 0.000250379147474, 0.000237243744778, 0.000291401258437, 0.000327497837134, 0.000305846129777, 0.00031016379944, 0.000217211301788, 0.000226286574616, 0.00018852314679, 0.000121932149341, 0.000332581490511, 0.000310849864036, 0.00015549971431, 9.42028709687e-05, 6.43006278551e-05, 6.1294536863e-05, 7.80318514444e-05, 6.92658795742e-05, 3.52469396603e-05, 7.98839100753e-05, 8.26587056508e-05, 6.24616150162e-05, 5.67626957491e-05, 6.28699053777e-05, 7.68028476159e-05, 4.97997934872e-05, 7.89228870417e-05, 0.000136117509101, 8.95735502127e-05, 7.00907694409e-05, 5.90480594838e-05, 4.03694066335e-05, 4.2066185415e-05, 7.0279580541e-05, 6.58405842842e-05, 5.463258276e-05, 1.83227984962e-05, 1.95097200049e-05, 5.01318281749e-05, 2.11042934097e-05, 1.39269623105e-05, 2.01261645998e-05, 1.48073340824e-05, 2.10520520341e-05, 1.58731108968e-05, 1.24532589325e-05, 1.87280165846e-05, 3.03160795738e-05, 1.1142299627e-05, 6.52010476188e-06, 1.13005544335e-05, 7.21297010386e-06, 4.62001662527e-06, 4.66881783723e-06, 7.28207260181e-06, 4.56849011243e-06, 4.5334350034e-06, 2.80346034742e-06, 2.24355108003e-06, 2.59808848568e-06, 2.64384789261e-06, 1.94453286895e-06, 1.36441519771e-06, 1.08071014893e-06, 1.03157969988e-06, 1.18144782846e-06, 8.19152376152e-07, 6.79818185745e-07, 5.091226285e-07, 5.10442475843e-07, 3.55291035703e-07, 2.298221915e-07, 1.77247230226e-07, 1.73884657784e-07, 9.10084239081e-08, 9.47679534846e-09, 2.28451476486e-11, 1.62504506379e-11, 1.43106013151e-11, 1.36209819465e-11, 1.38346807968e-11, 1.35148992692e-11, 1.30191404532e-11, 1.26173724246e-11, 1.20509756688e-11, 1.15624263636e-11, 1.11850988541e-11, 1.08248462277e-11, 1.05308539666e-11, 1.01965649466e-11, 9.95776117813e-12, 9.709887408e-12, 9.48399952322e-12, 9.20296824858e-12, 8.91662525065e-12, 8.7163436191e-12, 8.66207452987e-12, 8.39401204794e-12, 7.66004187164e-12, 7.44990527601e-12, 7.30669517945e-12, 7.11525196401e-12, 7.02098318719e-12, 6.99168023824e-12, 6.76080502346e-12, 5.93772253588e-12, 4.63565427364e-12, 4.14937268572e-12, 4.06942665329e-12],
        "min": [9.09145189687e-11, 5.7303872758e-10, 1.43554024223e-09, 6.4644454234e-09, 7.01208957565e-09, 2.63729855732e-08, 1.91078193268e-08, 3.69839412429e-08, 9.77689609272e-08, 5.65591022905e-08, 1.00370087353e-07, 7.87888438936e-08, 4.54642439252e-08, 4.47167707307e-08, 2.7524109214e-08, 6.01173510972e-08, 1.92916900232e-07, 2.29811874419e-07, 3.77344974822e-07, 1.2903332447e-07, 8.62703473103e-08, 6.97172168884e-08, 5.59360273655e-08, 1.84095458877e-08, 4.59594318158e-08, 1.4052467634e-07, 1.73417475935e-08, 3.60059431159e-08, 4.48726993341e-08, 7.15085306524e-08, 3.56068916574e-08, 3.20075379534e-08, 2.64101966962e-08, 1.89445135135e-08, 5.3873627337e-08, 5.39953859402e-09, 2.33495711655e-09, 2.5574319551e-08, 3.14519219557e-08, 3.48270994266e-08, 1.50100110119e-08, 1.54571768718e-08, 1.06546531597e-08, 2.41536319834e-08, 2.52386307409e-08, 2.67854431968e-08, 8.1610034286e-09, 2.65886246353e-09, 2.4143549382e-08, 1.92923206299e-08, 3.84433036515e-08, 2.15172484275e-08, 5.89007997931e-09, 8.22212165019e-09, 1.21286083399e-08, 5.90401505463e-09, 7.6048127795e-09, 2.85916379461e-09, 1.06943964795e-08, 2.31487917723e-09, 2.9679461111e-09, 2.57615315746e-08, 6.04561156692e-09, 5.72014036138e-09, 2.67521604869e-09, 2.26339267329e-08, 3.43921091606e-09, 2.46162268347e-09, 2.20885221225e-09, 2.55012988504e-09, 3.07259284682e-09, 3.6673541981e-09, 6.25991303238e-09, 2.86035661823e-09, 8.0906579214e-09, 3.09059466908e-09, 9.62773305524e-10, 3.49705353564e-09, 9.9343311355e-10, 5.86576065498e-10, 9.58972901088e-10, 7.97477694991e-10, 1.07243225411e-09, 2.37355718413e-10, 2.40411412999e-10, 4.20766255171e-10, 2.22502377634e-10, 1.165624125e-10, 2.80149445309e-11, 1.66678858216e-11, 1.8087340653e-11, 4.2153945265e-12, 1.89320044017e-12, 1.90579561681e-12, 1.27700877216e-12, 1.27719568862e-12, 7.7952802633e-13, 6.70664370393e-13, 7.5522839935e-13, 8.94826367951e-13, 1.13111798573e-12, 1.11814333834e-12, 1.11598501707e-12, 1.12306973617e-12, 1.01237551328e-12, 1.10807446118e-12, 1.00826270076e-12, 1.10780991585e-12, 1.11092396133e-12, 7.86470985992e-13, 1.16464368531e-12, 1.0046585959e-12, 1.00249810623e-12, 1.11800054891e-12, 1.06871336867e-12, 1.26008968884e-12, 1.0611107262e-12, 1.02866207306e-12, 9.30047597096e-13, 8.96184602223e-13, 8.73398575685e-13, 8.01403485674e-13, 1.00382104972e-12, 8.64873114532e-13, 6.19889014251e-13, 2.02591524286e-13, 2.93670693503e-14, 8.41393348952e-16],
        "stdev": [8.03207876743e-06, 4.44422003056e-05, 0.000119164993521, 0.000229770987062, 0.000309313763864, 0.000381010002457, 0.000663379207253, 0.00135465012863, 0.000918546633329, 0.000639330537524, 0.000620624923613, 0.000710079388227, 0.00189050845802, 0.00187487353105, 0.00118614488747, 0.000948370958213, 0.000775418418925, 0.00111438031308, 0.00123770756181, 0.000898296653759, 0.000869008887094, 0.000924418156501, 0.00106857751962, 0.00106324232183, 0.00104677747004, 0.000889576564077, 0.000917211174965, 0.000646273372695, 0.000442733493401, 0.000958194897976, 0.00110690365545, 0.000659401004668, 0.000282852299279, 0.000187190933502, 0.000158972688951, 0.000203473420697, 0.000152744411025, 8.97861027624e-05, 0.000186675140867, 0.000223179958994, 0.000253160396824, 0.000163834847626, 0.000179160779226, 0.000286838039756, 0.000184916294529, 0.000173765525687, 0.000318429141771, 0.000383376027457, 0.000264484726358, 0.000143518293044, 0.00011219530279, 0.000114839618618, 0.000198616355192, 0.000168910628418, 0.000135382128065, 5.04624804307e-05, 4.16339207732e-05, 0.000105065897515, 3.65638334188e-05, 2.60413398792e-05, 3.63073631888e-05, 2.72724446404e-05, 4.54717810499e-05, 3.28888054355e-05, 2.90075022349e-05, 3.81159152312e-05, 6.04662309343e-05, 2.45789033215e-05, 1.58545517479e-05, 2.42860023718e-05, 1.27799276015e-05, 8.34681668493e-06, 7.4142176345e-06, 1.28330339066e-05, 7.95873893367e-06, 9.5619016065e-06, 5.38352333024e-06, 4.94437881571e-06, 4.89677313453e-06, 4.79856043967e-06, 3.84293252864e-06, 2.97628230328e-06, 2.01245711651e-06, 2.31602325584e-06, 2.22498761104e-06, 1.39558017054e-06, 1.25766962356e-06, 7.73869885506e-07, 7.92563412233e-07, 7.01963642769e-07, 5.14876660418e-07, 3.99152099817e-07, 3.40713512514e-07, 1.74779586359e-07, 3.29073515104e-08, 2.42330072675e-10, 2.22507359759e-10, 2.08896289156e-10, 1.98596694645e-10, 1.90012464096e-10, 1.78931924832e-10, 1.71989783526e-10, 1.65411129238e-10, 1.55628648857e-10, 1.4827454542e-10, 1.42792999647e-10, 1.37319794424e-10, 1.30926380848e-10, 1.24949883773e-10, 1.21491747218e-10, 1.14814394103e-10, 1.10947501186e-10, 1.06312084136e-10, 1.03626156267e-10, 9.88084405962e-11, 9.85717202306e-11, 9.35798175061e-11, 9.00822680339e-11, 8.77554001688e-11, 8.60806981251e-11, 8.33053140359e-11, 8.17800202557e-11, 8.08904193628e-11, 7.9400153119e-11, 7.81529702065e-11, 7.69965757819e-11, 7.63580379481e-11, 7.58543922119e-11]
    },
    "mfcc": {
        "mean": [-686.791748047, 157.820678711, -72.7114257812, 52.7280769348, -45.7128143311, 21.4763870239, -37.0119171143, 13.8423442841, -21.6464691162, 8.37309741974, -15.5109443665, -2.54431724548, -6.34577703476],
        "cov": [[3476.87817383, -73.0221557617, -1202.48693848, 152.798706055, -374.02935791, 183.464584351, -239.336349487, 156.323989868, -160.985427856, 204.924331665, -103.116271973, 8.29978847504, -32.1004676819], [-73.0221557617, 688.685546875, 371.569732666, 18.5568695068, 59.8742752075, -110.437309265, 89.6961898804, -34.9335136414, 25.5058288574, -15.458147049, 27.5847377777, -60.9465332031, 23.7037143707], [-1202.48693848, 371.569732666, 1176.55969238, 300.824920654, 188.195251465, -45.240524292, 109.277786255, -10.66908741, 21.6589889526, -80.4468536377, -1.90419900417, -12.0478057861, -35.9743804932], [152.798706055, 18.5568695068, 300.824920654, 528.173034668, 158.357330322, 91.079498291, 9.75004482269, 28.4873561859, 10.1094923019, -14.0200567245, 3.93966293335, -20.2630653381, 16.226556778], [-374.02935791, 59.8742752075, 188.195251465, 158.357330322, 285.155792236, 52.2027511597, 49.3932991028, -4.62011146545, 44.7820320129, 8.36573028564, 12.2871179581, -1.61274111271, 7.37712526321], [183.464584351, -110.437309265, -45.240524292, 91.079498291, 52.2027511597, 225.228302002, 45.3637123108, 43.481842041, 29.6364116669, 16.0717983246, 21.6527862549, -15.1849708557, -21.9823436737], [-239.336349487, 89.6961898804, 109.277786255, 9.75004482269, 49.3932991028, 45.3637123108, 162.740905762, 26.4048156738, 31.3271541595, -0.847939133644, 28.8587379456, -3.71761107445, -1.86959946156], [156.323989868, -34.9335136414, -10.66908741, 28.4873561859, -4.62011146545, 43.481842041, 26.4048156738, 126.907424927, 27.5925331116, 8.3734369278, 2.7308177948, 3.36532759666, -16.9919776917], [-160.985427856, 25.5058288574, 21.6589889526, 10.1094923019, 44.7820320129, 29.6364116669, 31.3271541595, 27.5925331116, 118.610649109, 17.5288486481, 30.2395801544, -12.9949331284, -1.35318565369], [204.924331665, -15.458147049, -80.4468536377, -14.0200567245, 8.36573028564, 16.0717983246, -0.847939133644, 8.3734369278, 17.5288486481, 119.337348938, 15.4172878265, 10.624464035, -11.3250236511], [-103.116271973, 27.5847377777, -1.90419900417, 3.93966293335, 12.2871179581, 21.6527862549, 28.8587379456, 2.7308177948, 30.2395801544, 15.4172878265, 106.189758301, 12.6030101776, 6.83259391785], [8.29978847504, -60.9465332031, -12.0478057861, -20.2630653381, -1.61274111271, -15.1849708557, -3.71761107445, 3.36532759666, -12.9949331284, 10.624464035, 12.6030101776, 102.695655823, 17.3897838593], [-32.1004676819, 23.7037143707, -35.9743804932, 16.226556778, 7.37712526321, -21.9823436737, -1.86959946156, -16.9919776917, -1.35318565369, -11.3250236511, 6.83259391785, 17.3897838593, 99.8443832397]],
        "icov": [[0.00584929483011, -0.00745504442602, 0.00773331010714, -0.00731630763039, 0.00701258098707, -0.00654012570158, 0.00613969378173, -0.00601340085268, 0.00619271071628, -0.00658863410354, 0.00664014928043, -0.00601469399408, 0.00468914024532], [-0.00745504442602, 0.0118889575824, -0.0105306347832, 0.00954284798354, -0.00908568128943, 0.00963071361184, -0.00889803934842, 0.00787560176104, -0.00790430698544, 0.00794106349349, -0.00915335863829, 0.00946459267288, -0.00682757142931], [0.00773331010714, -0.0105306347832, 0.0117541421205, -0.0105222305283, 0.00885521434247, -0.00813981983811, 0.00744856521487, -0.00771080097184, 0.00800092797726, -0.00775454845279, 0.00905343983322, -0.00866877287626, 0.00743143679574], [-0.00731630763039, 0.00954284798354, -0.0105222305283, 0.0121634686366, -0.00996094755828, 0.0070146122016, -0.00666652387008, 0.00664965901524, -0.00705328583717, 0.00809316150844, -0.0085606938228, 0.00837308168411, -0.00714867841452], [0.00701258098707, -0.00908568128943, 0.00885521434247, -0.00996094755828, 0.0134492767975, -0.00859723333269, 0.00649260450155, -0.00602630479261, 0.0057553849183, -0.00846923142672, 0.00846455059946, -0.0078507270664, 0.00533591490239], [-0.00654012570158, 0.00963071361184, -0.00813981983811, 0.0070146122016, -0.00859723333269, 0.014161019586, -0.00905224401504, 0.0057147894986, -0.00732407532632, 0.00710649229586, -0.00849549286067, 0.00818231981248, -0.00404277257621], [0.00613969378173, -0.00889803934842, 0.00744856521487, -0.00666652387008, 0.00649260450155, -0.00905224401504, 0.015021382831, -0.00789770018309, 0.00600244244561, -0.00663030985743, 0.00562737928703, -0.00664594536647, 0.00441979756579], [-0.00601340085268, 0.00787560176104, -0.00771080097184, 0.00664965901524, -0.00602630479261, 0.0057147894986, -0.00789770018309, 0.0157981682569, -0.00874314177781, 0.00670845620334, -0.00586504023522, 0.0049824854359, -0.00324181537144], [0.00619271071628, -0.00790430698544, 0.00800092797726, -0.00705328583717, 0.0057553849183, -0.00732407532632, 0.00600244244561, -0.00874314177781, 0.0174567494541, -0.00819177832454, 0.00435180170462, -0.0043300781399, 0.00424705771729], [-0.00658863410354, 0.00794106349349, -0.00775454845279, 0.00809316150844, -0.00846923142672, 0.00710649229586, -0.00663030985743, 0.00670845620334, -0.00819177832454, 0.0170510411263, -0.00827797781676, 0.00518447114155, -0.00341840600595], [0.00664014928043, -0.00915335863829, 0.00905343983322, -0.0085606938228, 0.00846455059946, -0.00849549286067, 0.00562737928703, -0.00586504023522, 0.00435180170462, -0.00827797781676, 0.0188153665513, -0.00906927138567, 0.00498461490497], [-0.00601469399408, 0.00946459267288, -0.00866877287626, 0.00837308168411, -0.0078507270664, 0.00818231981248, -0.00664594536647, 0.0049824854359, -0.0043300781399, 0.00518447114155, -0.00906927138567, 0.0184788238257, -0.00762829463929], [0.00468914024532, -0.00682757142931, 0.00743143679574, -0.00714867841452, 0.00533591490239, -0.00404277257621, 0.00441979756579, -0.00324181537144, 0.00424705771729, -0.00341840600595, 0.00498461490497, -0.00762829463929, 0.0158874969929]]
    },
    "spectral_contrast_coeffs": {
        "max": [-0.355688631535, -0.424325495958, -0.39724484086, -0.481573998928, -0.579423666, -0.307276934385],
        "mean": [-0.662291765213, -0.752176046371, -0.749228835106, -0.765410482883, -0.757384002209, -0.515195727348],
        "min": [-0.909793496132, -0.927862465382, -0.914535343647, -0.900713741779, -0.901666343212, -0.85841780901],
        "stdev": [0.0797887817025, 0.0782568231225, 0.0818257778883, 0.0733970403671, 0.0589457042515, 0.064509510994]
    },
    "spectral_contrast_valleys": {
        "max": [-5.78055238724, -4.44512224197, -5.4349694252, -5.626912117, -5.82607030869, -10.8740329742],
        "mean": [-7.651658535, -6.68168544769, -7.39854240417, -7.54167413712, -7.66789722443, -14.1773262024],
        "min": [-11.062163353, -9.2583770752, -10.0874214172, -9.88809299469, -9.9327955246, -15.4597654343],
        "stdev": [0.862357318401, 0.66537976265, 0.790646493435, 0.834913849831, 0.741871058941, 0.733049929142]
    }
},
"rhythm": {
    "beats_count": 115,
    "beats_loudness": {
        "max": 0.0714680850506,
        "mean": 0.0233158580959,
        "min": 0.000439330178779,
        "stdev": 0.0151146939024
    },
    "bpm": 137.649078369,
    "bpm_histogram_first_peak_bpm": 136,
    "bpm_histogram_first_peak_weight": 0.471264362335,
    "bpm_histogram_second_peak_bpm": 178,
    "bpm_histogram_second_peak_spread": 0,
    "bpm_histogram_second_peak_weight": 0.0877192988992,
    "danceability": 1.04573059082,
    "onset_rate": 2.9736328125,
    "beats_loudness_band_ratio": {
        "max": [0.855809807777, 0.822771608829, 0.882931232452, 0.867474079132, 0.566230595112, 0.170647382736],
        "mean": [0.18519333005, 0.192302286625, 0.254172950983, 0.188821449876, 0.183122172952, 0.0489335767925],
        "min": [0.000509979843628, 0.00225543626584, 0.00734937749803, 0.00831023417413, 0.00270434911363, 0.00345224281773],
        "stdev": [0.231314912438, 0.19007357955, 0.202789247036, 0.166057869792, 0.150857269764, 0.0357878431678]
    },
