{
"metadata": {
    "version": {
        "essentia": "2.1-beta5",
        "essentia_git_sha": "Undefined",
        "extractor": "music 2.0"
    },
    "audio_properties": {
        "analysis": {
            "equal_loudness": 0,
            "length": 24.4157829285,
            "sample_rate": 44100,
            "start_time": 158.998641968,
            "downmix": "mix"
        },
        "bit_rate": 192000,
        "length": 183.437652588,
        "lossless": 0,
        "number_channels": 2,
        "replay_gain": -12.2302703857,
        "sample_rate": 48000,
        "codec": "mp3",
        "md5_encoded": "0546e0d5bb136d255dac761b4abe77d2"
    },
    "tags": {
        "file_name": "Ireland_The Real Me_Kiev Connolly and the Missing Passengers.mp3",
        "encoding": ["Lavf58.29.100"]
    }
},
"lowlevel": {
    "average_loudness": 0.954610228539,
    "barkbands_crest": {
        "max": 26.8978061676,
        "mean": 7.99094390869,
        "min": 2.82027792931,
        "stdev": 3.60427594185
    },
    "barkbands_flatness_db": {
        "max": 0.610100984573,
        "mean": 0.136855170131,
        "min": 0.0452408120036,
        "stdev": 0.0407996922731
    },
    "barkbands_kurtosis": {
        "max": 3664.13525391,
        "mean": 10.130396843,
        "min": -1.93432092667,
        "stdev": 160.417800903
    },
    "barkbands_skewness": {
        "max": 59.4875984192,
        "mean": 1.17675793171,
        "min": -1.05750799179,
        "stdev": 2.88875985146
    },
    "barkbands_spread": {
        "max": 153.27897644,
        "mean": 21.9939346313,
        "min": 0.114486671984,
        "stdev": 15.8815088272
    },
    "dissonance": {
        "max": 0.499999970198,
        "mean": 0.468114614487,
        "min": 0.357796907425,
        "stdev": 0.0224709026515
    },
    "dynamic_complexity": 2.92258286476,
    "erbbands_crest": {
        "max": 27.0383052826,
        "mean": 8.04821872711,
        "min": 2.84154176712,
        "stdev": 3.85759115219
    },
    "erbbands_flatness_db": {
        "max": 0.328173041344,
        "mean": 0.187566563487,
        "min": 0.0561106204987,
        "stdev": 0.0385457202792
    },
    "erbbands_kurtosis": {
        "max": 12.9656524658,
        "mean": -0.047098454088,
        "min": -1.63534283638,
        "stdev": 1.29143822193
    },
    "erbbands_skewness": {
        "max": 2.53887963295,
        "mean": 0.244208961725,
        "min": -1.64109134674,
        "stdev": 0.602927088737
    },
    "erbbands_spread": {
        "max": 151.501449585,
        "mean": 33.2197570801,
        "min": 4.28235673904,
        "stdev": 14.9920759201
    },
    "hfc": {
        "max": 70.652633667,
        "mean": 23.3645057678,
        "min": 8.4715443549e-09,
        "stdev": 15.0019578934
    },
    "loudness_ebu128": {
        "integrated": -10.7816705704,
        "loudness_range": 3.18783378601,
        "momentary": {
            "max": -8.20983028412,
            "mean": -12.0777854919,
            "min": -93.8870391846,
            "stdev": 7.77952241898
        },
        "short_term": {
            "max": -9.59252643585,
            "mean": -11.0217103958,
            "min": -13.8492202759,
            "stdev": 1.12446033955
        }
    },
    "melbands_crest": {
        "max": 39.9902687073,
        "mean": 11.3079242706,
        "min": 3.56346750259,
        "stdev": 5.149995327
    },
    "melbands_flatness_db": {
        "max": 0.589351594448,
        "mean": 0.163932338357,
        "min": 0.0422962121665,
        "stdev": 0.0483224876225
    },
    "melbands_kurtosis": {
        "max": 7169.4609375,
        "mean": 16.8495578766,
        "min": -1.2876663208,
        "stdev": 239.803894043
    },
    "melbands_skewness": {
        "max": 82.2992630005,
        "mean": 1.94483578205,
        "min": -0.68493360281,
        "stdev": 3.29672122002
    },
    "melbands_spread": {
        "max": 200.270004272,
        "mean": 27.3318367004,
        "min": 0.13002063334,
        "stdev": 17.6259860992
    },
    "pitch_salience": {
        "max": 0.865238726139,
        "mean": 0.597593486309,
        "min": 0.00221947557293,
        "stdev": 0.116735696793
    },
    "silence_rate_20dB": {
        "max": 1,
        "mean": 1,
        "min": 1,
        "stdev": 0
    },
    "silence_rate_30dB": {
        "max": 1,
        "mean": 1,
        "min": 1,
        "stdev": 0
    },
    "silence_rate_60dB": {
        "max": 1,
        "mean": 0.0512820519507,
        "min": 0,
        "stdev": 0.220572084188
    },
    "spectral_centroid": {
        "max": 4347.6875,
        "mean": 1545.2623291,
        "min": 559.769470215,
        "stdev": 591.902893066
    },
    "spectral_complexity": {
        "max": 46,
        "mean": 23.812915802,
        "min": 0,
        "stdev": 9.3663482666
    },
    "spectral_decrease": {
        "max": -7.50871520834e-20,
        "mean": -5.86393289481e-09,
        "min": -2.07549994968e-08,
        "stdev": 3.81543907579e-09
    },
    "spectral_energy": {
        "max": 0.083441324532,
        "mean": 0.024251062423,
        "min": 1.05179005696e-12,
        "stdev": 0.0153969191015
    },
    "spectral_energyband_high": {
        "max": 0.00908000860363,
        "mean": 0.000692139787134,
        "min": 6.45478028666e-13,
        "stdev": 0.000955693540163
    },
    "spectral_energyband_low": {
        "max": 0.026576127857,
        "mean": 0.00280322716571,
        "min": 2.02827649966e-13,
        "stdev": 0.00381364952773
    },
    "spectral_energyband_middle_high": {
        "max": 0.0348776504397,
        "mean": 0.00760615477338,
        "min": 6.72524170142e-14,
        "stdev": 0.00584041094407
    },
    "spectral_energyband_middle_low": {
        "max": 0.0694412887096,
        "mean": 0.0140141434968,
        "min": 4.33353067244e-14,
        "stdev": 0.0124727226794
    },
    "spectral_entropy": {
        "max": 8.96233272552,
        "mean": 7.62821865082,
        "min": 6.48754739761,
        "stdev": 0.315771460533
    },
    "spectral_flux": {
        "max": 0.218755587935,
        "mean": 0.0846065506339,
        "min": 3.81461791221e-06,
        "stdev": 0.0328945145011
    },
    "spectral_kurtosis": {
        "max": 15.4161434174,
        "mean": 4.04845762253,
        "min": -0.454635858536,
        "stdev": 2.20212364197
    },
    "spectral_rms": {
        "max": 0.00902253668755,
        "mean": 0.00457310397178,
        "min": 3.20333697346e-08,
        "stdev": 0.00165719573852
    },
    "spectral_rolloff": {
        "max": 17915.625,
        "mean": 1963.67272949,
        "min": 21.533203125,
        "stdev": 1854.5435791
    },
    "spectral_skewness": {
        "max": 2.66488862038,
        "mean": 1.351983428,
        "min": 0.28101849556,
        "stdev": 0.330556720495
    },
    "spectral_spread": {
        "max": 13559252,
        "mean": 3694614.75,
        "min": 2109385.25,
        "stdev": 1453692.5
    },
    "spectral_strongpeak": {
        "max": 8.78579330444,
        "mean": 1.19656717777,
        "min": 0,
        "stdev": 1.24688851833
    },
    "zerocrossingrate": {
        "max": 0.56103515625,
        "mean": 0.069250151515,
        "min": 0,
        "stdev": 0.0497275851667
    },
    "barkbands": {
        "max": [0.000197644068976, 0.0197174996138, 0.0128601435572, 0.0402453988791, 0.0305163376033, 0.0386837162077, 0.0510411821306, 0.0455526635051, 0.0462771058083, 0.0131625244394, 0.0166499949992, 0.0242286883295, 0.0108944280073, 0.0174747891724, 0.0132519584149, 0.0120716486126, 0.0040580118075, 0.00502352835611, 0.00418533943594, 0.00397752271965, 0.0027697859332, 0.00254003307782, 0.00316356960684, 0.00298378523439, 0.000797655957285, 0.000299435982015, 7.95393225417e-06],
        "mean": [1.90142345673e-05, 0.00134531164076, 0.000779921188951, 0.00151109171566, 0.00342898978852, 0.00265703978948, 0.00168330245651, 0.00230989884585, 0.00203930214047, 0.000873634649906, 0.000979419564828, 0.000959870463703, 0.000831765180919, 0.000745847355574, 0.000942178885452, 0.000727127771825, 0.000546902418137, 0.000464848271804, 0.000512694066856, 0.000305521884002, 0.000185324417544, 0.000160023104399, 0.000117401883472, 9.24747801037e-05, 2.36637624766e-05, 8.47874798637e-06, 1.48160230751e-08],
        "min": [1.61026248759e-13, 1.01116706154e-13, 2.11616094097e-16, 4.89525539448e-16, 3.33180494506e-15, 6.01634373424e-15, 5.6931913475e-15, 4.41539555976e-15, 2.62206968581e-15, 4.64908009144e-15, 8.57757337279e-16, 4.31324592742e-15, 1.10884151389e-14, 8.65992339823e-15, 3.46515927117e-15, 2.07319767229e-14, 7.51502369177e-15, 3.05278805707e-15, 1.66365381181e-15, 9.58359080435e-15, 2.15063122205e-14, 2.90591118876e-14, 3.93955294819e-14, 7.35147145524e-14, 1.26921652984e-13, 1.89257951758e-13, 1.68909414992e-13],
        "stdev": [2.70155487669e-05, 0.00273738289252, 0.00116029696073, 0.00305811408907, 0.00418005837128, 0.00404597725719, 0.00356423435733, 0.00506182853132, 0.00388424145058, 0.00124390982091, 0.00143636891153, 0.00143816357013, 0.00131135131232, 0.00124847271945, 0.00144764955621, 0.000947988941334, 0.000607362599112, 0.000504307623487, 0.000593803648371, 0.000425853155321, 0.000243959875661, 0.000247784424573, 0.000258427724475, 0.000285446032649, 5.98562328378e-05, 2.37592776102e-05, 2.47199807291e-07]
    },
    "erbbands": {
        "max": [0.418459624052, 5.09569549561, 15.975730896, 75.9010314941, 151.216796875, 156.208389282, 208.043609619, 257.888641357, 431.054748535, 1171.16894531, 1107.9822998, 969.359130859, 345.84967041, 715.392028809, 354.523162842, 1213.27746582, 462.160705566, 973.382873535, 363.203399658, 521.270080566, 430.609039307, 277.860168457, 336.025177002, 253.873275757, 241.346191406, 159.203277588, 143.137619019, 78.6454238892, 99.4185333252, 100.996765137, 74.0778274536, 82.4162063599, 44.664516449, 12.7556238174, 3.78980088234, 1.5035367012, 0.696932077408, 0.0222152601928, 0.00112898729276, 0.000119663476653],
        "mean": [0.0271016340703, 0.344607591629, 0.939554274082, 3.13970112801, 9.34921455383, 10.5373907089, 17.989200592, 18.5056877136, 24.0422611237, 36.3612136841, 59.5410423279, 42.6703529358, 28.4628486633, 35.9799995422, 30.1134757996, 46.6467628479, 37.2744903564, 40.8468780518, 37.8936729431, 50.909778595, 34.7656402588, 30.4068317413, 26.7791748047, 22.4831409454, 28.1865062714, 12.6077919006, 8.24857616425, 6.86100625992, 5.75882005692, 4.81930351257, 3.11555886269, 2.47843933105, 1.12715554237, 0.317958652973, 0.155741468072, 0.0600868947804, 0.0106296148151, 0.000506203738041, 2.98122067761e-05, 3.12444026349e-05],
        "min": [5.4336357462e-12, 6.35219004133e-12, 2.14459027793e-12, 1.62783361009e-12, 4.26227152531e-12, 1.21311866802e-11, 2.60059525997e-11, 6.12551120938e-11, 6.92467194696e-11, 9.79263475864e-11, 9.6233181146e-11, 5.22004835191e-11, 1.49053547283e-10, 6.39022029736e-11, 5.62461292819e-11, 2.21646312415e-10, 4.92104135219e-10, 5.75241909662e-10, 1.92493548878e-10, 2.65474864314e-10, 1.35088085162e-09, 3.94830362849e-10, 1.93570867668e-10, 1.31049754382e-10, 1.17776732811e-10, 3.89278415058e-10, 6.75936306926e-10, 1.18422249784e-09, 1.10995423963e-09, 7.15977888088e-10, 1.24151466885e-09, 1.59483581896e-09, 1.44096778953e-09, 1.22776622202e-09, 9.12409092724e-10, 5.72896119433e-10, 3.5651975816e-10, 9.52526460485e-11, 2.38339955411e-11, 2.77042993581e-12],
        "stdev": [0.0578820742667, 0.698149740696, 1.46420574188, 5.5189614296, 15.5446453094, 14.4388017654, 24.5460700989, 31.6124038696, 41.8292274475, 106.233360291, 121.880897522, 70.560005188, 37.6528930664, 59.2657394409, 41.2300376892, 71.1866912842, 52.449798584, 65.9652404785, 48.1718406677, 68.4363021851, 39.4921264648, 33.5637168884, 29.240530014, 25.6164722443, 35.8607635498, 14.7317209244, 12.5445203781, 8.15859985352, 8.72795772552, 8.77513980865, 7.3013010025, 7.68205356598, 3.54549765587, 0.932056248188, 0.347419321537, 0.146623700857, 0.0387269966304, 0.00193926738575, 5.81346976105e-05, 1.94721469597e-05]
    },
    "gfcc": {
        "mean": [-17.4561901093, 99.4848709106, -159.992416382, 31.8933696747, -71.248626709, 8.00751209259, -41.8552055359, 4.00250577927, -21.3465995789, -5.05416584015, -12.971777916, -5.91791296005, -6.920545578],
        "cov": [[21882.46875, 2656.83276367, -1366.21813965, 668.684387207, -1138.99035645, -262.545837402, -871.307067871, -233.979598999, -338.397125244, -174.029647827, -290.118164062, -235.555908203, -230.759414673], [2656.83276367, 2157.90429688, 299.564819336, 510.046386719, 133.326034546, -343.950866699, 21.4965934753, -171.02154541, 65.8313751221, -205.944763184, 150.811813354, -200.111709595, 47.7839012146], [-1366.21813965, 299.564819336, 1045.40270996, 383.657226562, 160.890060425, -1.66068160534, 24.6644668579, -35.013256073, 24.6526031494, -6.9019742012, 39.9623451233, 21.5534057617, -56.0447807312], [668.684387207, 510.046386719, 383.657226562, 442.569580078, 94.2369766235, -81.3282852173, -22.3747005463, -50.2757873535, 34.3713684082, -48.0022888184, 25.3953361511, -34.4084587097, 12.8724088669], [-1138.99035645, 133.326034546, 160.890060425, 94.2369766235, 229.110046387, -5.91250371933, 79.0961151123, 29.0607242584, 44.2897949219, 18.8863239288, 40.0978660583, 0.277860403061, 31.3223514557], [-262.545837402, -343.950866699, -1.66068160534, -81.3282852173, -5.91250371933, 191.314987183, 52.6441116333, 50.7715950012, -24.5618019104, 38.3897209167, -27.9592266083, 29.2672214508, -18.5436935425], [-871.307067871, 21.4965934753, 24.6644668579, -22.3747005463, 79.0961151123, 52.6441116333, 181.901672363, 38.1863059998, 28.2806549072, 14.3526134491, 19.4976902008, -21.7492141724, 3.36814451218], [-233.979598999, -171.02154541, -35.013256073, -50.2757873535, 29.0607242584, 50.7715950012, 38.1863059998, 113.177482605, 46.1991157532, 42.2143363953, -4.25131559372, 17.7858963013, 4.08241224289], [-338.397125244, 65.8313751221, 24.6526031494, 34.3713684082, 44.2897949219, -24.5618019104, 28.2806549072, 46.1991157532, 121.541152954, 22.5276813507, 28.5706710815, -10.2694969177, 19.4730091095], [-174.029647827, -205.944763184, -6.9019742012, -48.0022888184, 18.8863239288, 38.3897209167, 14.3526134491, 42.2143363953, 22.5276813507, 108.120956421, 2.74567961693, 32.2390480042, -13.4195966721], [-290.118164062, 150.811813354, 39.9623451233, 25.3953361511, 40.0978660583, -27.9592266083, 19.4976902008, -4.25131559372, 28.5706710815, 2.74567961693, 106.866485596, 17.5406990051, 17.7586841583], [-235.555908203, -200.111709595, 21.5534057617, -34.4084587097, 0.277860403061, 29.2672214508, -21.7492141724, 17.7858963013, -10.2694969177, 32.2390480042, 17.5406990051, 88.1750030518, 11.4099388123], [-230.759414673, 47.7839012146, -56.0447807312, 12.8724088669, 31.3223514557, -18.5436935425, 3.36814451218, 4.08241224289, 19.4730091095, -13.4195966721, 17.7586841583, 11.4099388123, 74.4315719604]],
        "icov": [[0.000447612634161, -0.0011743871728, 0.00108785321936, -0.00136491376907, 0.00185554812197, -0.00120233278722, 0.00145031674765, -0.00124404183589, 0.000899832579307, -0.00135808403138, 0.00118643173482, -0.0010979862418, 0.00152401661035], [-0.0011743871728, 0.00436589960009, -0.00284973601811, 0.00270827440545, -0.0049830628559, 0.00436512194574, -0.00413090735674, 0.00363171915524, -0.00220566592179, 0.00450071040541, -0.00466024270281, 0.00489963311702, -0.00413638260216], [0.00108785321936, -0.00284973601811, 0.00452092755586, -0.00488208280876, 0.0035582606215, -0.00336216436699, 0.00330152176321, -0.00243100570515, 0.00174995604903, -0.00288323150016, 0.00282138981856, -0.00425474718213, 0.00610090931877], [-0.00136491376907, 0.00270827440545, -0.00488208280876, 0.00915568042547, -0.00647620297968, 0.00347547908314, -0.00311952969059, 0.00442145578563, -0.00367510295473, 0.00426581641659, -0.00254443427548, 0.00376392179169, -0.00597923761234], [0.00185554812197, -0.0049830628559, 0.0035582606215, -0.00647620297968, 0.0149963153526, -0.00429681362584, 0.00329976575449, -0.00668674334884, 0.00403614342213, -0.00740679912269, 0.00397841259837, -0.00419443566352, 0.00288965716027], [-0.00120233278722, 0.00436512194574, -0.00336216436699, 0.00347547908314, -0.00429681362584, 0.0127034364268, -0.00695787603036, 0.000559333420824, 0.000354973133653, 0.0034063658677, -0.00278131687082, 0.00265926262364, -0.00362809631042], [0.00145031674765, -0.00413090735674, 0.00330152176321, -0.00311952969059, 0.00329976575449, -0.00695787603036, 0.0134380916134, -0.00519474036992, 0.00225451006554, -0.00449369475245, 0.00227854144759, -3.08392300212e-05, 0.0047896457836], [-0.00124404183589, 0.00363171915524, -0.00243100570515, 0.00442145578563, -0.00668674334884, 0.000559333420824, -0.00519474036992, 0.0190101396292, -0.00905437860638, 0.00216755853035, -0.00145417579915, 0.000874378019944, -0.00366530730389], [0.000899832579307, -0.00220566592179, 0.00174995604903, -0.00367510295473, 0.00403614342213, 0.000354973133653, 0.00225451006554, -0.00905437860638, 0.0155401360244, -0.00567032722756, -0.000686173385475, 0.00184185709804, -0.000263086665655], [-0.00135808403138, 0.00450071040541, -0.00288323150016, 0.00426581641659, -0.00740679912269, 0.0034063658677, -0.00449369475245, 0.00216755853035, -0.00567032722756, 0.0185447502881, -0.00430252263322, -0.000274093676126, -6.29590140306e-05], [0.00118643173482, -0.00466024270281, 0.00282138981856, -0.00254443427548, 0.00397841259837, -0.00278131687082, 0.00227854144759, -0.00145417579915, -0.000686173385475, -0.00430252263322, 0.0173028949648, -0.00973977148533, 0.00361261074431], [-0.0010979862418, 0.00489963311702, -0.00425474718213, 0.00376392179169, -0.00419443566352, 0.00265926262364, -3.08392300212e-05, 0.000874378019944, 0.00184185709804, -0.000274093676126, -0.00973977148533, 0.0245279464871, -0.00999060552567], [0.00152401661035, -0.00413638260216, 0.00610090931877, -0.00597923761234, 0.00288965716027, -0.00362809631042, 0.0047896457836, -0.00366530730389, -0.000263086665655, -6.29590140306e-05, 0.00361261074431, -0.00999060552567, 0.0250348336995]]
    },
    "melbands": {
        "max": [0.00478600058705, 0.00679371738806, 0.0150155778974, 0.0064732437022, 0.00555972708389, 0.00653163623065, 0.00595002248883, 0.0132498787716, 0.0103614721447, 0.00523521238938, 0.00177563808393, 0.00264509348199, 0.0011848246213, 0.00229829386808, 0.00244429637678, 0.00113340793177, 0.00218637636863, 0.000631956325378, 0.00138394790702, 0.00106160028372, 0.000365987536497, 0.000309876835672, 0.00028528214898, 0.000178330927156, 0.000257911422523, 0.000171096806298, 0.000238452164922, 0.00014485057909, 0.00012000038987, 9.22082472243e-05, 5.21463516634e-05, 4.87172874273e-05, 6.95360358804e-05, 7.46379155316e-05, 4.54260516562e-05, 4.6372966608e-05, 5.16807849635e-05, 2.90902826237e-05, 2.17068500206e-05, 7.64561627875e-06],
        "mean": [0.000318861479172, 0.00049554760335, 0.000732310058083, 0.000711913628038, 0.000582685519475, 0.000458460533991, 0.000368407956557, 0.000396580348024, 0.000526098767295, 0.000244770169957, 0.000133553534397, 0.000137354596518, 0.000107921179733, 8.71015727171e-05, 0.000148252234794, 5.88656039326e-05, 7.90391131886e-05, 5.13928498549e-05, 8.15230159787e-05, 6.10745119047e-05, 3.58622528438e-05, 3.1917639717e-05, 2.95634308713e-05, 1.80891820492e-05, 1.78806039912e-05, 2.07604407478e-05, 1.74232718564e-05, 6.41983160676e-06, 4.95399626743e-06, 4.54772771263e-06, 3.86485089621e-06, 3.28860005538e-06, 2.9506534247e-06, 2.54691531154e-06, 1.78958464403e-06, 1.65246149209e-06, 1.43988609125e-06, 8.50648007145e-07, 4.69630180078e-07, 1.98708448806e-07],
        "min": [4.62394540517e-14, 1.62113966647e-16, 2.00799814233e-16, 5.60442208287e-16, 8.39541417292e-16, 1.41715780092e-15, 1.10400516752e-15, 1.04942765835e-15, 7.48171020359e-16, 3.15260924878e-16, 7.72887759398e-16, 2.92809469578e-16, 1.43921790053e-16, 2.6450403723e-16, 1.04162013216e-15, 1.15788726263e-15, 1.01169699923e-15, 2.5167135573e-16, 2.89471709779e-16, 7.10448725691e-16, 1.73959751531e-15, 3.87118303213e-16, 2.26082755092e-16, 1.52115483859e-16, 1.02167221509e-16, 4.65679457636e-17, 1.34025176211e-16, 2.99487133227e-16, 4.69327085909e-16, 5.08497753978e-16, 6.85313234739e-16, 8.0000477805e-16, 3.09210436186e-16, 3.8824880103e-16, 6.11539312011e-16, 9.67169959504e-16, 9.92673168634e-16, 5.8965970983e-16, 1.94207205927e-15, 6.36615351838e-16],
        "stdev": [0.000664588005748, 0.000758756417781, 0.00123264221475, 0.000935346120968, 0.000738268718123, 0.000769060105085, 0.000648733752314, 0.00116633553989, 0.00113723916002, 0.000390462082578, 0.000187652607565, 0.000229918281548, 0.000145672369399, 0.000131898719701, 0.00026295351563, 8.98005528143e-05, 0.000140573873068, 7.19556846889e-05, 0.000141493743286, 8.17966138129e-05, 4.26196893386e-05, 3.7674089981e-05, 3.35896584147e-05, 1.89208822121e-05, 2.29836077779e-05, 2.62710836978e-05, 2.61826917267e-05, 9.69424218056e-06, 8.10476649349e-06, 6.69374458084e-06, 4.87512124892e-06, 4.81361348648e-06, 5.65335994906e-06, 4.94340520163e-06, 4.21929371441e-06, 4.84415204483e-06, 4.62454863737e-06, 2.58974841927e-06, 1.64420748661e-06, 5.45517934825e-07]
    },
    "melbands128": {
        "max": [0.000136008544359, 0.00273113045841, 0.0077404291369, 0.00918327085674, 0.00975847057998, 0.00498726125807, 0.0151897836477, 0.0206760428846, 0.0178879182786, 0.00847442820668, 0.0111062768847, 0.00775461178273, 0.010151672177, 0.00883313268423, 0.00448922347277, 0.013850947842, 0.0135453231633, 0.00723339989781, 0.0191382039338, 0.0192853882909, 0.0165496915579, 0.0138904117048, 0.0182440876961, 0.0183015801013, 0.00740615371615, 0.00326381390914, 0.00172365701292, 0.00346512184478, 0.00230676727369, 0.00271387421526, 0.00586221273988, 0.00322246155702, 0.00182602927089, 0.00236105266958, 0.00113780947868, 0.00311146304011, 0.00635207351297, 0.00487830024213, 0.00165705534164, 0.00191994942725, 0.00129190587904, 0.000971352914348, 0.00341052282602, 0.00257406034507, 0.00119837454986, 0.000968010223005, 0.000967116618995, 0.00325619475916, 0.00176708714571, 0.00108715356328, 0.00196259957738, 0.000790825928561, 0.000637546123471, 0.000364394742064, 0.00078917411156, 0.000502582348417, 0.000696594885085, 0.000436957052443, 0.000533385842573, 0.000572537595872, 0.000142442600918, 0.000156378358952, 0.000326141162077, 0.000494536303449, 0.000385245366488, 0.000284973153612, 0.000397492869524, 0.000563068257179, 0.000320548511809, 0.000123679681565, 8.60166546772e-05, 0.000292766228085, 0.000221247741138, 8.3591825387e-05, 0.0001809297828, 0.000179714930709, 5.1863531553e-05, 7.4713381764e-05, 4.88863552164e-05, 9.63435522863e-05, 6.22199659119e-05, 8.80004881765e-05, 0.000116679271741, 0.000119889904454, 7.18059382052e-05, 0.000100554410892, 7.69452090026e-05, 5.96055979258e-05, 5.82601569477e-05, 4.80902890558e-05, 6.09150629316e-05, 7.42538904888e-05, 8.87697460712e-05, 8.2312093582e-05, 4.09882486565e-05, 4.08367232012e-05, 4.34620269516e-05, 5.44128961337e-05, 2.15890868276e-05, 2.24953982979e-05, 1.29879445012e-05, 1.02986923594e-05, 5.73478564547e-06, 5.83913106311e-06, 6.94165009918e-06, 3.66016229236e-06, 3.72862064069e-06, 2.37689278038e-06, 3.40398946719e-06, 3.82168218493e-06, 8.06714797363e-06, 2.9978943985e-06, 1.69179713794e-06, 9.24329981444e-07, 7.26878795376e-07, 9.34645782991e-08, 3.81851315012e-08, 3.70978661124e-08, 3.60913112729e-08, 3.52080782307e-08, 3.4365797319e-08, 3.36284102787e-08, 3.29959348733e-08, 3.24578266486e-08, 3.19992530251e-08, 3.16307477988e-08, 3.13617967151e-08, 3.11969330369e-08],
        "mean": [1.38583409353e-05, 0.000146259029862, 0.000473598367535, 0.000600804865826, 0.000501967966557, 0.000363924627891, 0.00057527970057, 0.000808388344012, 0.00108684063889, 0.000651975162327, 0.00055103719933, 0.000533176586032, 0.000717749935575, 0.000505560601596, 0.000268862961093, 0.000593764474615, 0.000519260705914, 0.000212225713767, 0.000348270696122, 0.000449661340099, 0.000401359720854, 0.000272511679213, 0.000732558139134, 0.000559436855838, 0.000195599306608, 0.000190643651877, 0.000104776998342, 0.000176161644049, 9.94671790977e-05, 8.39505300974e-05, 0.000204562617, 0.000142733028042, 8.41356231831e-05, 0.000110309199954, 4.68375110358e-05, 8.32431032904e-05, 0.000137437193189, 0.000220638728933, 9.39839665079e-05, 4.80364105897e-05, 6.37637640466e-05, 4.93980151077e-05, 0.000101293429907, 8.13823426142e-05, 4.29171559517e-05, 4.02942059736e-05, 6.1615370214e-05, 0.000113440022687, 7.01497774571e-05, 5.33166494279e-05, 7.71782288211e-05, 4.94603591505e-05, 2.73593068414e-05, 3.71809292119e-05, 3.70596426365e-05, 2.91996257147e-05, 3.0682716897e-05, 2.56551447819e-05, 3.57830977009e-05, 2.60707711277e-05, 1.25607966766e-05, 1.44160821947e-05, 2.10112939385e-05, 1.61995358212e-05, 1.79932012543e-05, 2.16095104406e-05, 1.95978846023e-05, 2.76131540886e-05, 1.50955629579e-05, 7.24269648344e-06, 5.8917548813e-06, 6.80215180182e-06, 4.68622238259e-06, 4.02202977057e-06, 6.00016483077e-06, 5.09140500071e-06, 3.50887466993e-06, 4.02902060159e-06, 4.10473512602e-06, 3.45073294739e-06, 3.43452347806e-06, 3.17901253766e-06, 3.02704120259e-06, 2.87353805106e-06, 2.99597195408e-06, 2.79164191852e-06, 2.38873553826e-06, 1.99425471692e-06, 1.79946414391e-06, 1.62083813393e-06, 1.51146559801e-06, 1.75108391431e-06, 1.73633259237e-06, 1.57394231337e-06, 1.15240789e-06, 9.40082486522e-07, 8.1971779764e-07, 6.89013688771e-07, 5.21271601883e-07, 3.61611114386e-07, 1.45511862115e-07, 1.99319913463e-07, 1.9965987974e-07, 2.1407996087e-07, 1.98625357939e-07, 1.4332074727e-07, 1.16173673348e-07, 1.05467989897e-07, 1.06023634316e-07, 1.0260787775e-07, 8.31341964158e-08, 3.85662559665e-08, 1.9538758167e-08, 1.40274609706e-08, 8.83072814872e-09, 1.58629154257e-09, 3.01969504957e-10, 4.53721574201e-11, 5.28890160834e-11, 4.38601724384e-11, 3.619397837e-11, 3.54177763506e-11, 3.47539115542e-11, 3.41721026476e-11, 3.36142190471e-11, 3.31029474665e-11, 3.27581226034e-11, 3.25760529662e-11],
        "min": [7.57648541887e-14, 5.65808657522e-14, 2.29109266281e-14, 9.98514003436e-17, 1.36443680269e-16, 1.31346950676e-16, 1.33538674897e-16, 2.20324863344e-16, 1.1433139549e-16, 3.38265545632e-16, 5.0101527668e-16, 8.34663672186e-16, 9.14249882058e-16, 5.04526810582e-16, 7.43392431048e-16, 5.02266820799e-16, 9.98974987882e-16, 1.06525446897e-15, 1.26871580631e-15, 1.15869130866e-15, 8.91941681206e-16, 8.53493426362e-16, 8.3412755327e-16, 5.47096515989e-16, 1.96480541772e-16, 1.92277431939e-16, 5.93537109025e-16, 9.50894644939e-16, 8.85532765229e-16, 4.02793839042e-16, 7.83509579026e-17, 3.60908926686e-17, 1.40746435587e-16, 2.51240877705e-16, 1.31904192476e-16, 1.00604803063e-16, 7.09036562949e-16, 1.23649054371e-15, 1.13513881641e-15, 1.01605466611e-15, 9.75508681232e-16, 1.66632588312e-15, 1.43396822855e-15, 4.05104041997e-16, 2.33017837347e-16, 2.08029849243e-16, 2.81192730343e-16, 4.48001919731e-16, 2.1690789273e-16, 6.61918661192e-17, 4.18124473643e-16, 1.73517896794e-15, 2.23091283538e-15, 1.8333183228e-15, 5.52660516601e-16, 7.56318365581e-17, 3.76780107273e-16, 3.33461624741e-16, 7.13272680597e-17, 2.27650904245e-16, 9.8833624083e-17, 1.70377567141e-16, 1.92221885106e-16, 4.31332999544e-17, 2.31382914867e-17, 4.60692319548e-17, 5.06795330251e-17, 9.56657870347e-17, 2.13635063301e-16, 1.10000701319e-16, 1.83313957237e-16, 4.07231232895e-16, 6.58564040144e-16, 5.40536881087e-16, 1.77120187629e-16, 2.32679977081e-16, 7.35239368354e-16, 1.13355624122e-15, 2.59478087828e-16, 6.23737539364e-16, 1.48083339685e-15, 4.62785609276e-16, 3.07321499774e-16, 2.4802993462e-16, 3.49949332818e-16, 4.27419786737e-16, 4.62506088404e-16, 2.49851531913e-16, 6.35595630049e-16, 1.01150916968e-15, 4.06762982494e-16, 1.58129319846e-15, 5.79972670468e-16, 1.56515616202e-15, 5.61683270373e-16, 5.14396226725e-16, 5.02038704239e-16, 8.15691457656e-16, 2.51198801343e-15, 2.3722368945e-15, 6.83380940828e-16, 2.62629420969e-16, 6.80296682109e-16, 6.90896981807e-16, 1.82119622253e-15, 1.03648192442e-15, 3.05468800491e-16, 5.74786181853e-16, 1.06430367449e-15, 9.39704175035e-16, 1.9330799575e-15, 1.9053440754e-15, 3.55119780746e-16, 9.32300471802e-16, 1.65995788943e-15, 1.06885488839e-15, 3.59066901341e-16, 3.36007091096e-16, 6.71384254378e-16, 4.96463268682e-16, 5.27138513927e-16, 1.52954552049e-15, 1.10641243515e-15, 6.5667298615e-16, 8.57626629507e-16, 5.22060022013e-16, 1.17580124184e-16, 1.82267634974e-18],
        "stdev": [2.02927458304e-05, 0.000320621416904, 0.00112023821566, 0.00125869037583, 0.000934655603487, 0.000512365135364, 0.00107451668009, 0.00170721649192, 0.00196425593458, 0.000983920414001, 0.000958965742029, 0.000812163867522, 0.00111238413956, 0.000812520913314, 0.000466622703243, 0.00153702846728, 0.00119080708828, 0.000459059752757, 0.00118322845083, 0.00166583259124, 0.00146322243381, 0.000823324779049, 0.00184663070831, 0.00156092550606, 0.000423834018875, 0.000373144866899, 0.000161416595802, 0.000332433555741, 0.00018268689746, 0.000186077362741, 0.000435746303992, 0.000272198521998, 0.000153638553456, 0.000222987044253, 0.000100691191619, 0.000171699255588, 0.000306567410007, 0.000493551953696, 0.000196184715605, 0.000103680722532, 0.000122028148326, 0.000101198587799, 0.000223648181418, 0.000157773276442, 9.32647599257e-05, 8.42601366458e-05, 0.000106830171717, 0.0002533326915, 0.00015253755555, 9.47649386944e-05, 0.000125530918012, 8.06749012554e-05, 5.0230861234e-05, 5.01469585288e-05, 5.95556921326e-05, 4.88039586344e-05, 5.73321522097e-05, 3.90806017094e-05, 5.63880421396e-05, 3.75194358639e-05, 1.72397230926e-05, 2.01780003408e-05, 3.24833381455e-05, 3.11575531668e-05, 3.01729633065e-05, 3.51695234713e-05, 3.43688880093e-05, 5.6155022321e-05, 2.83654535451e-05, 1.07544556158e-05, 9.18641399039e-06, 1.62132346304e-05, 1.07307423605e-05, 7.06943592377e-06, 1.2452667761e-05, 9.90565786196e-06, 5.27030670128e-06, 6.12759731666e-06, 5.63766207051e-06, 5.93954064243e-06, 5.08594621351e-06, 5.88862894801e-06, 7.23773337086e-06, 6.71536690788e-06, 6.32416004009e-06, 5.86916848988e-06, 5.28587952431e-06, 4.67403606308e-06, 4.77691355627e-06, 4.15618796978e-06, 4.30369573223e-06, 5.79383595323e-06, 6.18769945504e-06, 5.86693204241e-06, 3.32049535245e-06, 2.71726321444e-06, 2.9783257105e-06, 2.94638903142e-06, 1.77423817149e-06, 1.26846896364e-06, 5.36665140771e-07, 5.70726797378e-07, 4.7617371024e-07, 5.24473648511e-07, 5.03002809182e-07, 3.24747020386e-07, 2.56089862205e-07, 2.33349254586e-07, 2.76299459756e-07, 3.36875757512e-07, 3.44449489376e-07, 1.70271135858e-07, 1.05740255663e-07, 7.57935367801e-08, 5.40867191035e-08, 6.78763534268e-09, 1.75263425994e-09, 1.14355114267e-09, 1.11657760815e-09, 1.086205903e-09, 1.05844555343e-09, 1.03574104848e-09, 1.01625574622e-09, 9.99687777004e-10, 9.85563519684e-10, 9.74207603477e-10, 9.65929003449e-10, 9.60853174803e-10]
    },
    "mfcc": {
        "mean": [-633.946411133, 118.462867737, -29.1174201965, 17.7001342773, -9.3272228241, -0.0828631743789, -11.5212049484, 3.25462913513, -7.44253396988, 0.844071269035, -5.5572347641, -3.63718271255, -2.56269717216],
        "cov": [[9971.86816406, 676.544067383, -34.3869934082, 240.633026123, -122.231933594, 10.4688549042, -266.495819092, -7.17515420914, -142.84147644, 75.1255645752, -21.0783691406, -70.357749939, -86.3605804443], [676.544067383, 1429.4119873, 230.692306519, 560.571777344, 124.913352966, 3.49779486656, 21.6456127167, 35.9748382568, -73.6733627319, 24.7596054077, 8.35003471375, -8.584649086, 32.2799263], [-34.3869934082, 230.692306519, 793.650146484, 362.705444336, 178.767547607, 85.6564483643, 1.32710766792, 23.6526470184, -65.0564651489, -18.2635707855, -8.73530864716, 12.8409671783, 1.91340577602], [240.633026123, 560.571777344, 362.705444336, 575.362548828, 182.50541687, 45.2915306091, -22.0473022461, 10.1834316254, -36.240322113, 24.3959026337, -10.3187732697, -26.9355354309, 22.5976753235], [-122.231933594, 124.913352966, 178.767547607, 182.50541687, 192.677474976, 13.9779462814, -11.8480186462, 8.11490726471, -10.7898855209, 7.34255981445, -11.2158823013, 2.1718518734, 17.2704582214], [10.4688549042, 3.49779486656, 85.6564483643, 45.2915306091, 13.9779462814, 103.206451416, 46.6835746765, 7.28552675247, 14.9072294235, -1.94708037376, 0.963649988174, 10.9447507858, -8.36240768433], [-266.495819092, 21.6456127167, 1.32710766792, -22.0473022461, -11.8480186462, 46.6835746765, 137.992034912, 23.4283561707, 24.0336055756, -9.04170036316, 7.68067836761, 32.0672798157, 3.98430085182], [-7.17515420914, 35.9748382568, 23.6526470184, 10.1834316254, 8.11490726471, 7.28552675247, 23.4283561707, 81.7300720215, 16.1809844971, 19.3311634064, 1.85987854004, 2.28800868988, 6.94414186478], [-142.84147644, -73.6733627319, -65.0564651489, -36.240322113, -10.7898855209, 14.9072294235, 24.0336055756, 16.1809844971, 107.425865173, 38.5524215698, 17.7204437256, 3.45966482162, -15.0088558197], [75.1255645752, 24.7596054077, -18.2635707855, 24.3959026337, 7.34255981445, -1.94708037376, -9.04170036316, 19.3311634064, 38.5524215698, 89.1489639282, 37.1896286011, 2.83402061462, -6.57834005356], [-21.0783691406, 8.35003471375, -8.73530864716, -10.3187732697, -11.2158823013, 0.963649988174, 7.68067836761, 1.85987854004, 17.7204437256, 37.1896286011, 80.3022384644, 29.2200832367, 6.43436479568], [-70.357749939, -8.584649086, 12.8409671783, -26.9355354309, 2.1718518734, 10.9447507858, 32.0672798157, 2.28800868988, 3.45966482162, 2.83402061462, 29.2200832367, 71.8451461792, 20.5140132904], [-86.3605804443, 32.2799263, 1.91340577602, 22.5976753235, 17.2704582214, -8.36240768433, 3.98430085182, 6.94414186478, -15.0088558197, -6.57834005356, 6.43436479568, 20.5140132904, 62.2230567932]],
        "icov": [[0.000119608601381, -6.03695043537e-05, 3.77204305551e-05, -2.79053565464e-05, 0.000144848963828, -0.000180601884495, 0.000295608042507, -7.23905613995e-05, 0.000179174530786, -0.000131792781758, 7.76640299591e-05, -0.000101857527625, 0.000185809782124], [-6.03695043537e-05, 0.00134483736474, 0.000277290353552, -0.00161296222359, 0.000284780020593, 0.000732571759727, -0.000769685138948, -0.000505915784743, 0.000716990965884, 4.4056589104e-05, -0.000308147165924, -0.000288605602691, 0.000225569820032], [3.77204305551e-05, 0.000277290353552, 0.00232923286967, -0.00138549273834, -0.00093639199622, -0.00125471514184, 0.000359253957868, -0.00104799913242, 0.00134993938264, 0.000800223613624, -0.000457403104519, -0.0010645709699, 0.00133377022576], [-2.79053565464e-05, -0.00161296222359, -0.00138549273834, 0.00533000240102, -0.00244138413109, -0.00155400449876, 0.000606032786891, 0.00116040965077, -0.000394283881178, -0.00146257074084, 0.000281893182546, 0.00253622583114, -0.00190963537898], [0.000144848963828, 0.000284780020593, -0.00093639199622, -0.00244138413109, 0.00856228359044, 0.000414041569456, 0.000810895930044, -0.000237485699472, -0.000450240098871, -0.00094146799529, 0.00193678040523, -0.0016197541263, -0.00125196704175], [-0.000180601884495, 0.000732571759727, -0.00125471514184, -0.00155400449876, 0.000414041569456, 0.0141154816374, -0.00497861113399, 0.000405379221775, -0.00186448951717, 0.000706237507984, 0.000175805544131, -0.000968815293163, 0.00195407518186], [0.000295608042507, -0.000769685138948, 0.000359253957868, 0.000606032786891, 0.000810895930044, -0.00497861113399, 0.0117245493457, -0.00294477283023, -0.00180967804044, 0.0023934408091, 0.000200460272026, -0.00426632910967, 0.000464496173663], [-7.23905613995e-05, -0.000505915784743, -0.00104799913242, 0.00116040965077, -0.000237485699472, 0.000405379221775, -0.00294477283023, 0.0149493608624, -0.00166143209208, -0.00422285590321, 0.00194762565661, 0.0016355937114, -0.00317445304245], [0.000179174530786, 0.000716990965884, 0.00134993938264, -0.000394283881178, -0.000450240098871, -0.00186448951717, -0.00180967804044, -0.00166143209208, 0.014055069536, -0.00540103763342, -0.000579818093684, -7.03368277755e-05, 0.00305645819753], [-0.000131792781758, 4.4056589104e-05, 0.000800223613624, -0.00146257074084, -0.00094146799529, 0.000706237507984, 0.0023934408091, -0.00422285590321, -0.00540103763342, 0.0191520061344, -0.00843382440507, 0.000411831424572, 0.00243337545544], [7.76640299591e-05, -0.000308147165924, -0.000457403104519, 0.000281893182546, 0.00193678040523, 0.000175805544131, 0.000200460272026, 0.00194762565661, -0.000579818093684, -0.00843382440507, 0.0194517076015, -0.007209260948, -0.00123096723109], [-0.000101857527625, -0.000288605602691, -0.0010645709699, 0.00253622583114, -0.0016197541263, -0.000968815293163, -0.00426632910967, 0.0016355937114, -7.03368277755e-05, 0.000411831424572, -0.007209260948, 0.0218657068908, -0.00690670404583], [0.000185809782124, 0.000225569820032, 0.00133377022576, -0.00190963537898, -0.00125196704175, 0.00195407518186, 0.000464496173663, -0.00317445304245, 0.00305645819753, 0.00243337545544, -0.00123096723109, -0.00690670404583, 0.0211980696768]]
    },
    "spectral_contrast_coeffs": {
        "max": [-0.430983066559, -0.49908170104, -0.537624835968, -0.627193450928, -0.616425991058, -0.594135165215],
        "mean": [-0.68524903059, -0.746188938618, -0.760510087013, -0.779228508472, -0.772578835487, -0.717332303524],
        "min": [-0.953821063042, -0.971727788448, -0.963742613792, -0.951752185822, -0.949136018753, -0.928731739521],
        "stdev": [0.0777969285846, 0.0758809968829, 0.0550418719649, 0.0505466014147, 0.0487083904445, 0.0467621870339]
    },
    "spectral_contrast_valleys": {
        "max": [-5.3779835701, -5.18168926239, -5.32967567444, -5.44196033478, -5.69047737122, -8.16288280487],
        "mean": [-7.24517059326, -6.60922765732, -7.15023899078, -7.31308364868, -7.41657018661, -10.7837562561],
        "min": [-22.5548171997, -19.5943584442, -19.4159507751, -18.9899673462, -19.1170120239, -19.7800235748],
        "stdev": [1.92046153545, 1.54779684544, 1.47506666183, 1.45968437195, 1.37697637081, 1.36268651485]
    }
},
"rhythm": {
    "beats_count": 52,
    "beats_loudness": {
        "max": 0.0812337845564,
        "mean": 0.0311145670712,
        "min": 0.00118606048636,
        "stdev": 0.0163205582649
    },
    "bpm": 129.30078125,
    "bpm_histogram_first_peak_bpm": 129,
    "bpm_histogram_first_peak_weight": 0.230769217014,
    "bpm_histogram_second_peak_bpm": 140,
    "bpm_histogram_second_peak_spread": 0.222222208977,
    "bpm_histogram_second_peak_weight": 0.137254908681,
    "danceability": 1.03831481934,
    "onset_rate": 3.02938580513,
    "beats_loudness_band_ratio": {
        "max": [0.691355168819, 0.724653482437, 0.748409032822, 0.605421960354, 0.519254148006, 0.184058532119],
        "mean": [0.234150350094, 0.22257040441, 0.222847476602, 0.19428819418, 0.137341916561, 0.055375661701],
        "min": [0.000595232297201, 0.00228797644377, 0.0481485836208, 0.00961494632065, 0.0156371183693, 0.00390674406663],
        "stdev": [0.195972248912, 0.16443297267, 0.164032563567, 0.155276760459, 0.118997164071, 0.038851596415]
    },
    "beats_position": [0.476009070873, 0.975238084793, 1.48607707024, 1.97369611263, 2.43809509277, 2.90249419212, 3.36689329147, 3.84290242195, 4.3073015213, 4.77170038223, 5.23609972, 5.6888885498, 6.15328788757, 6.62929677963, 7.0936961174, 7.55809497833, 8.0224943161, 8.48689365387, 8.93968200684, 9.4040813446, 9.86848068237, 10.3328800201, 10.7972784042, 11.261677742, 11.7260770798, 12.1904764175, 12.6432647705, 13.1076641083, 13.5604534149, 14.0248527527, 14.4892511368, 14.9536504745, 15.4296598434, 15.8940582275, 16.3584575653, 16.8344669342, 17.298866272, 17.7632656097, 18.2276649475, 18.6920623779, 19.1564617157, 19.5976409912, 20.0504302979, 20.5148296356, 20.94439888, 21.3739681244, 21.8035373688, 22.2331066132, 22.6626758575, 23.0922451019, 23.5218143463, 23.9397735596],
