{
"metadata": {
    "version": {
        "essentia": "2.1-beta5",
        "essentia_git_sha": "Undefined",
        "extractor": "music 2.0"
    },
    "audio_properties": {
        "analysis": {
            "equal_loudness": 0,
            "length": 31.7649211884,
            "sample_rate": 44100,
            "start_time": 272.741577148,
            "downmix": "mix"
        },
        "bit_rate": 192000,
        "length": 304.529693604,
        "lossless": 0,
        "number_channels": 1,
        "replay_gain": 0.706075668335,
        "sample_rate": 48000,
        "codec": "mp3",
        "md5_encoded": "92d3e069a6ca0bb3c122f9428b21df44"
    },
    "tags": {
        "file_name": "Portugal_Conquistador_Da Vinci.mp3",
        "encoding": ["Lavf58.29.100"]
    }
},
"lowlevel": {
    "average_loudness": 0.93656462431,
    "barkbands_crest": {
        "max": 24.1029777527,
        "mean": 8.53990745544,
        "min": 2.76097536087,
        "stdev": 4.17337942123
    },
    "barkbands_flatness_db": {
        "max": 0.308695971966,
        "mean": 0.192766994238,
        "min": 0.0480931289494,
        "stdev": 0.0313874818385
    },
    "barkbands_kurtosis": {
        "max": 21.0199642181,
        "mean": 0.699408829212,
        "min": -1.74868917465,
        "stdev": 2.22833490372
    },
    "barkbands_skewness": {
        "max": 3.88324332237,
        "mean": 0.496629744768,
        "min": -1.94383370876,
        "stdev": 0.675573885441
    },
    "barkbands_spread": {
        "max": 76.9558105469,
        "mean": 15.6919708252,
        "min": 2.47240662575,
        "stdev": 7.10464525223
    },
    "dissonance": {
        "max": 0.500000059605,
        "mean": 0.473187178373,
        "min": 0.361479610205,
        "stdev": 0.0244520697743
    },
    "dynamic_complexity": 2.92269420624,
    "erbbands_crest": {
        "max": 29.1566486359,
        "mean": 9.67670631409,
        "min": 2.83895349503,
        "stdev": 4.46195936203
    },
    "erbbands_flatness_db": {
        "max": 0.356450617313,
        "mean": 0.274299860001,
        "min": 0.0915120840073,
        "stdev": 0.0326355732977
    },
    "erbbands_kurtosis": {
        "max": 15.86951828,
        "mean": 0.618090748787,
        "min": -1.62438738346,
        "stdev": 1.74976706505
    },
    "erbbands_skewness": {
        "max": 3.5600707531,
        "mean": 0.285442888737,
        "min": -1.98082995415,
        "stdev": 0.738197147846
    },
    "erbbands_spread": {
        "max": 56.6253051758,
        "mean": 21.1781845093,
        "min": 4.98416090012,
        "stdev": 9.17792510986
    },
    "hfc": {
        "max": 79.4791183472,
        "mean": 26.1316776276,
        "min": 1.4168861151e-15,
        "stdev": 16.0787258148
    },
    "loudness_ebu128": {
        "integrated": -27.3668632507,
        "loudness_range": 3.32502174377,
        "momentary": {
            "max": -24.1377906799,
            "mean": -28.2697353363,
            "min": -43.5774002075,
            "stdev": 3.16914343834
        },
        "short_term": {
            "max": -25.9378643036,
            "mean": -27.6620426178,
            "min": -32.719543457,
            "stdev": 1.38951027393
        }
    },
    "melbands_crest": {
        "max": 29.8296527863,
        "mean": 10.3617925644,
        "min": 1.09003949165,
        "stdev": 4.85261201859
    },
    "melbands_flatness_db": {
        "max": 0.339146494865,
        "mean": 0.199399933219,
        "min": 3.47688910551e-05,
        "stdev": 0.0373174957931
    },
    "melbands_kurtosis": {
        "max": 38.7629432678,
        "mean": 2.16992425919,
        "min": -1.51491689682,
        "stdev": 3.52736449242
    },
    "melbands_skewness": {
        "max": 5.58512878418,
        "mean": 0.898396849632,
        "min": -0.879266917706,
        "stdev": 0.778557538986
    },
    "melbands_spread": {
        "max": 165.626663208,
        "mean": 27.029718399,
        "min": 4.1726398468,
        "stdev": 12.9559488297
    },
    "pitch_salience": {
        "max": 0.955711483955,
        "mean": 0.635311841965,
        "min": 0.199211537838,
        "stdev": 0.123182192445
    },
    "silence_rate_20dB": {
        "max": 1,
        "mean": 1,
        "min": 1,
        "stdev": 0
    },
    "silence_rate_30dB": {
        "max": 1,
        "mean": 1,
        "min": 1,
        "stdev": 0
    },
    "silence_rate_60dB": {
        "max": 1,
        "mean": 0.0532846711576,
        "min": 0,
        "stdev": 0.224599793553
    },
    "spectral_centroid": {
        "max": 11587.6103516,
        "mean": 1687.93664551,
        "min": 567.282958984,
        "stdev": 514.002319336
    },
    "spectral_complexity": {
        "max": 52,
        "mean": 26.5080299377,
        "min": 0,
        "stdev": 7.8330373764
    },
    "spectral_decrease": {
        "max": 5.17906515799e-29,
        "mean": -5.68009994595e-09,
        "min": -2.23080434125e-08,
        "stdev": 4.07107858535e-09
    },
    "spectral_energy": {
        "max": 0.0914047434926,
        "mean": 0.023808227852,
        "min": 1.28320399178e-19,
        "stdev": 0.0166580621153
    },
    "spectral_energyband_high": {
        "max": 0.00423196610063,
        "mean": 0.000449904415291,
        "min": 9.31123417468e-20,
        "stdev": 0.000440183532191
    },
    "spectral_energyband_low": {
        "max": 0.00775084923953,
        "mean": 0.000715945265256,
        "min": 8.54468081193e-22,
        "stdev": 0.00100252276752
    },
    "spectral_energyband_middle_high": {
        "max": 0.0632459372282,
        "mean": 0.0130213629454,
        "min": 1.86570861811e-20,
        "stdev": 0.0107913287356
    },
    "spectral_energyband_middle_low": {
        "max": 0.078484095633,
        "mean": 0.010342027992,
        "min": 3.89749046552e-21,
        "stdev": 0.0119212111458
    },
    "spectral_entropy": {
        "max": 9.79458522797,
        "mean": 7.53463029861,
        "min": 6.76715135574,
        "stdev": 0.211929798126
    },
    "spectral_flux": {
        "max": 0.267204105854,
        "mean": 0.0916817933321,
        "min": 1.33906933115e-05,
        "stdev": 0.0395455285907
    },
    "spectral_kurtosis": {
        "max": 21.4727573395,
        "mean": 3.74591135979,
        "min": -1.20237767696,
        "stdev": 3.05020713806
    },
    "spectral_rms": {
        "max": 0.00944327097386,
        "mean": 0.00448261806741,
        "min": 1.11888623366e-11,
        "stdev": 0.0017702174373
    },
    "spectral_rolloff": {
        "max": 18755.4199219,
        "mean": 1949.80541992,
        "min": 366.064453125,
        "stdev": 962.38659668
    },
    "spectral_skewness": {
        "max": 2.82359838486,
        "mean": 1.04381930828,
        "min": -0.160623908043,
        "stdev": 0.367772907019
    },
    "spectral_spread": {
        "max": 40867484,
        "mean": 2538348.5,
        "min": 1755784.5,
        "stdev": 1123047.5
    },
    "spectral_strongpeak": {
        "max": 10.1571359634,
        "mean": 1.9080439806,
        "min": 0,
        "stdev": 1.81710314751
    },
    "zerocrossingrate": {
        "max": 0.623046875,
        "mean": 0.068746432662,
        "min": 0.01953125,
        "stdev": 0.0280305277556
    },
    "barkbands": {
        "max": [9.18547520996e-05, 0.00264598522335, 0.00552597874776, 0.0143913645297, 0.0163547210395, 0.067847199738, 0.0507556833327, 0.0523100942373, 0.0613419525325, 0.0551873445511, 0.0366790667176, 0.0144093362615, 0.0216097943485, 0.0266647227108, 0.0219207126647, 0.0198134724051, 0.00674683833495, 0.0049405163154, 0.00497140362859, 0.00297527527437, 0.00272210291587, 0.00119512085803, 0.000872146047186, 0.000104006590846, 1.99283675784e-07, 2.1657227478e-07, 2.38038197153e-07],
        "mean": [3.03081196762e-06, 0.000116350747703, 0.000284642155748, 0.000911820388865, 0.0010247976752, 0.00166649161838, 0.00215245527215, 0.001190607436, 0.00265196384862, 0.0042285239324, 0.0014916472137, 0.000950345827732, 0.00152600731235, 0.00134687800892, 0.00123534770682, 0.00105371151585, 0.000611693889368, 0.000377743184799, 0.000367167085642, 0.000292746466585, 0.000199631991563, 8.50949800224e-05, 3.5955094063e-05, 3.58832289749e-06, 1.41913569784e-09, 1.61018531841e-09, 1.67493408032e-09],
        "min": [2.66314493867e-22, 4.12894291144e-22, 2.36400762123e-22, 1.87758740427e-22, 6.96231065438e-22, 6.38762662089e-22, 6.53980382174e-22, 6.15789366454e-22, 8.34177417507e-22, 8.96919349697e-22, 8.5045274132e-22, 1.07552826288e-21, 1.19493852938e-21, 1.30620320749e-21, 1.65190058493e-21, 2.01642036026e-21, 2.02409964981e-21, 2.60084365787e-21, 3.28065424909e-21, 4.01916356375e-21, 5.18310967929e-21, 6.36766018534e-21, 7.54816203004e-21, 1.04257028535e-20, 1.44754199972e-20, 2.07081063593e-20, 2.87539807021e-20],
        "stdev": [6.74530474498e-06, 0.000245044764597, 0.000555308361072, 0.00159133051056, 0.00158225686755, 0.00536217819899, 0.00423409231007, 0.00376843987033, 0.00569657469168, 0.00742166582495, 0.00330348056741, 0.00154103268869, 0.002110859612, 0.00244104466401, 0.00202174275182, 0.00184420205187, 0.00060160033172, 0.000387439504266, 0.000405055005103, 0.000276768143522, 0.000247196614509, 0.000112109984912, 5.45286202396e-05, 6.43060002403e-06, 5.49105250158e-09, 5.93333515653e-09, 6.51216058856e-09]
    },
    "erbbands": {
        "max": [0.0383366718888, 0.742989242077, 5.20614385605, 21.9191265106, 54.4976272583, 79.6281890869, 177.727416992, 848.743225098, 910.625854492, 797.757019043, 1031.33215332, 1241.56494141, 1646.75744629, 1822.26416016, 1284.71252441, 562.103759766, 1102.9720459, 1543.9630127, 1370.34997559, 686.890808105, 1322.66101074, 264.953674316, 333.464324951, 283.490234375, 230.475631714, 165.824508667, 134.016891479, 112.809654236, 48.3046798706, 38.1468734741, 26.8002204895, 6.42720556259, 0.237394630909, 0.00959456525743, 0.0014892074978, 0.000846567912959, 0.00041239571874, 0.000147100305185, 4.84720512759e-05, 0.000107799896796],
        "mean": [0.00206216122024, 0.0342836380005, 0.265176802874, 1.62098133564, 3.2936937809, 4.0869345665, 4.85848426819, 17.635055542, 28.4776878357, 31.5794563293, 30.0962619781, 56.0296516418, 103.385299683, 111.626029968, 53.5027732849, 44.2126274109, 73.5263137817, 60.7764205933, 75.9067840576, 55.5069618225, 56.1803436279, 34.689994812, 23.6705608368, 19.029542923, 17.3333568573, 14.5285997391, 9.37132644653, 6.71455526352, 3.19124865532, 1.98125350475, 0.832914054394, 0.214319467545, 0.010699830018, 0.000488219375256, 8.9844535978e-05, 3.75495110347e-05, 1.83269185072e-05, 6.94012214808e-06, 1.44334426295e-05, 2.93464836432e-05],
        "min": [1.62602673483e-20, 7.6645902862e-20, 2.31123155339e-19, 6.12257427619e-19, 1.45832221167e-18, 2.6591877664e-18, 3.58953827405e-18, 5.7112288347e-18, 7.46626290344e-18, 1.11050701227e-17, 1.55528814878e-17, 1.96801438219e-17, 2.4522057118e-17, 3.21555842131e-17, 3.74064440235e-17, 4.62351676944e-17, 5.37258572414e-17, 6.52098439134e-17, 8.0143636961e-17, 9.44610811906e-17, 1.09384610581e-16, 1.20874605893e-16, 1.34536215011e-16, 1.53811018826e-16, 1.78315218769e-16, 1.89242274661e-16, 2.04517931529e-16, 2.13726132578e-16, 2.21195070584e-16, 2.30668750287e-16, 2.14154559196e-16, 2.07816886631e-16, 1.78882095569e-16, 1.46625691274e-16, 1.10040432458e-16, 7.42344174836e-17, 3.97349839176e-17, 1.58566536416e-17, 3.99370823393e-18, 4.2349375201e-19],
        "stdev": [0.00403881957754, 0.0691076368093, 0.470773994923, 2.52676653862, 5.50599098206, 7.48155069351, 10.980424881, 60.2131347656, 63.4803581238, 71.3815689087, 78.1584320068, 108.956878662, 198.16633606, 187.108413696, 104.30103302, 63.2997398376, 100.874382019, 116.109535217, 118.473754883, 67.1168518066, 109.821983337, 32.5479049683, 23.0824947357, 20.4029941559, 18.6459922791, 13.9274253845, 10.9071455002, 8.4631986618, 4.30503797531, 2.85085868835, 1.36913359165, 0.349628537893, 0.0188888199627, 0.00066638662247, 8.51105505717e-05, 3.13822856697e-05, 1.46372649397e-05, 5.37255073141e-06, 9.15353120945e-06, 1.97605950234e-05]
    },
    "gfcc": {
        "mean": [-54.3089866638, 139.143936157, -224.685943604, 30.6388397217, -69.1668548584, -16.73412323, -7.98601007462, -35.0147895813, 5.19645357132, -26.4059925079, -5.86583518982, -12.3654727936, -9.56650257111],
        "cov": [[4447.72460938, 853.644714355, -35.140750885, 263.705291748, -214.118423462, -226.120544434, 49.6367111206, -175.334396362, -20.1902484894, -148.62008667, -3.04257416725, -117.00415802, -26.9888153076], [853.644714355, 698.304504395, 357.897613525, 147.451980591, 76.7902145386, -153.240936279, 34.4587402344, -27.276889801, -43.0045814514, -64.7458496094, -42.2237930298, -61.6738395691, -51.9709014893], [-35.140750885, 357.897613525, 546.264526367, 254.909057617, 75.7645721436, -33.7223167419, 2.61852836609, 7.20169401169, -62.346031189, -36.3996925354, -26.6452579498, -40.9443817139, -48.9178352356], [263.705291748, 147.451980591, 254.909057617, 342.491088867, 68.708732605, 22.5424289703, -16.8315181732, -4.87632751465, -15.6189012527, -23.2200222015, -1.65136146545, -3.82882380486, -26.6731472015], [-214.118423462, 76.7902145386, 75.7645721436, 68.708732605, 141.576629639, 26.0018463135, 23.6317710876, 16.0128536224, -6.33849191666, -0.313182234764, -20.1356678009, 8.13059329987, -6.41466665268], [-226.120544434, -153.240936279, -33.7223167419, 22.5424289703, 26.0018463135, 203.220352173, 97.7294769287, 25.5328960419, -9.34251403809, -8.49157428741, -2.16455054283, 8.11522483826, 19.5897274017], [49.6367111206, 34.4587402344, 2.61852836609, -16.8315181732, 23.6317710876, 97.7294769287, 193.79460144, 47.6725540161, -30.9986095428, -19.7220973969, -39.9488716125, -5.98378038406, 9.89785766602], [-175.334396362, -27.276889801, 7.20169401169, -4.87632751465, 16.0128536224, 25.5328960419, 47.6725540161, 99.5508117676, 41.4097747803, 2.02232646942, 1.825050354, -4.66730833054, 1.48595559597], [-20.1902484894, -43.0045814514, -62.346031189, -15.6189012527, -6.33849191666, -9.34251403809, -30.9986095428, 41.4097747803, 93.8299865723, 42.3748054504, 17.1688671112, 13.1661481857, 0.253014028072], [-148.62008667, -64.7458496094, -36.3996925354, -23.2200222015, -0.313182234764, -8.49157428741, -19.7220973969, 2.02232646942, 42.3748054504, 75.6709747314, 36.2710876465, 18.7698059082, -1.93318891525], [-3.04257416725, -42.2237930298, -26.6452579498, -1.65136146545, -20.1356678009, -2.16455054283, -39.9488716125, 1.825050354, 17.1688671112, 36.2710876465, 82.5960159302, 29.5633869171, 4.95769357681], [-117.00415802, -61.6738395691, -40.9443817139, -3.82882380486, 8.13059329987, 8.11522483826, -5.98378038406, -4.66730833054, 13.1661481857, 18.7698059082, 29.5633869171, 70.0725021362, 29.1457633972], [-26.9888153076, -51.9709014893, -48.9178352356, -26.6731472015, -6.41466665268, 19.5897274017, 9.89785766602, 1.48595559597, 0.253014028072, -1.93318891525, 4.95769357681, 29.1457633972, 66.3129501343]],
        "icov": [[0.000804913695902, -0.000983570469543, 0.00105536927003, -0.00133648316842, 0.00126232742332, 0.000796106469352, -0.00166614400223, 0.00230368645862, -0.0019950713031, 0.0019313065568, -0.00166247831658, 0.0016205831198, -0.000642377359327], [-0.000983570469543, 0.00789419189095, -0.00536874402314, 0.00210106815211, -0.00612127268687, 0.00660716602579, -0.00659337360412, 0.00670484965667, -0.00771695002913, 0.00770524563268, -0.0054986118339, 0.00384429469705, -6.33360323263e-05], [0.00105536927003, -0.00536874402314, 0.00754414824769, -0.00460634753108, 0.0039576664567, -0.00251004868187, 0.00340534118004, -0.00491554150358, 0.00700737303123, -0.00481900060549, 0.00312251760624, -0.000566556700505, 0.000508837518282], [-0.00133648316842, 0.00210106815211, -0.00460634753108, 0.00763484323397, -0.00389030086808, -0.00214377208613, 0.0026015189942, -0.00137210963294, 9.68935055425e-05, 8.23053560453e-05, 0.000896271027159, -0.00305739673786, 0.00195389799774], [0.00126232742332, -0.00612127268687, 0.0039576664567, -0.00389030086808, 0.0146242184564, -0.00509641505778, 0.00426661269739, -0.00601759599522, 0.00662696734071, -0.00720558082685, 0.0073057115078, -0.00511851813644, 0.00095743231941], [0.000796106469352, 0.00660716602579, -0.00251004868187, -0.00214377208613, -0.00509641505778, 0.0168758481741, -0.0157284289598, 0.0136321568862, -0.0141714056954, 0.0143685285002, -0.0126442285255, 0.00928871985525, -0.0033122189343], [-0.00166614400223, -0.00659337360412, 0.00340534118004, 0.0026015189942, 0.00426661269739, -0.0157284289598, 0.0260997675359, -0.0253089535981, 0.0256755761802, -0.0213879346848, 0.0202378258109, -0.0135298259556, 0.00315569574013], [0.00230368645862, 0.00670484965667, -0.00491554150358, -0.00137210963294, -0.00601759599522, 0.0136321568862, -0.0253089535981, 0.0419488213956, -0.0369851924479, 0.0286401789635, -0.0232993252575, 0.0176569484174, -0.00479990290478], [-0.0019950713031, -0.00771695002913, 0.00700737303123, 9.68935055425e-05, 0.00662696734071, -0.0141714056954, 0.0256755761802, -0.0369851924479, 0.0493700914085, -0.0357903055847, 0.0240597724915, -0.0172217767686, 0.00471095833927], [0.0019313065568, 0.00770524563268, -0.00481900060549, 8.23053560453e-05, -0.00720558082685, 0.0143685285002, -0.0213879346848, 0.0286401789635, -0.0357903055847, 0.0465301126242, -0.0273852460086, 0.0127405459061, -0.00114737916738], [-0.00166247831658, -0.0054986118339, 0.00312251760624, 0.000896271027159, 0.0073057115078, -0.0126442285255, 0.0202378258109, -0.0232993252575, 0.0240597724915, -0.0273852460086, 0.0355640798807, -0.0189735312015, 0.0044115409255], [0.0016205831198, 0.00384429469705, -0.000566556700505, -0.00305739673786, -0.00511851813644, 0.00928871985525, -0.0135298259556, 0.0176569484174, -0.0172217767686, 0.0127405459061, -0.0189735312015, 0.0321677960455, -0.0118733532727], [-0.000642377359327, -6.33360323263e-05, 0.000508837518282, 0.00195389799774, 0.00095743231941, -0.0033122189343, 0.00315569574013, -0.00479990290478, 0.00471095833927, -0.00114737916738, 0.0044115409255, -0.0118733532727, 0.0214751549065]]
    },
    "melbands": {
        "max": [0.000490086618811, 0.00192850374151, 0.0052607357502, 0.00291411229409, 0.00550780398771, 0.0163408685476, 0.0118816904724, 0.0105408281088, 0.00851766485721, 0.00833499897271, 0.00793238636106, 0.00759147014469, 0.00553504237905, 0.00179878389463, 0.00252854591236, 0.00163627229631, 0.00330077903345, 0.00213983934373, 0.00191338080913, 0.00098621903453, 0.00170829193667, 0.000368924171198, 0.00065513869049, 0.000241142886807, 0.000284140871372, 0.000241138986894, 0.00015529099619, 9.30017995415e-05, 9.77514064289e-05, 8.2539889263e-05, 6.55096228002e-05, 3.1237006624e-05, 2.18042405322e-05, 2.20836573135e-05, 2.25333769777e-05, 7.68896279624e-06, 2.22840867536e-06, 1.26624726704e-07, 1.78852277433e-09, 1.7904481231e-09],
        "mean": [2.53421458183e-05, 0.000116634109872, 0.000355369149474, 0.000245380215347, 0.000181773502845, 0.000383165286621, 0.000442063901573, 0.0003281662066, 0.000273919053143, 0.000358124292688, 0.000546616036445, 0.000496204651427, 0.000201346498216, 0.000100309865957, 0.000164563156432, 0.000132404296892, 0.000110348308226, 0.000127770326799, 8.34523234516e-05, 6.68661596137e-05, 6.47475899314e-05, 3.32603412971e-05, 3.11054645863e-05, 1.70576022356e-05, 1.49988818521e-05, 1.4259303498e-05, 1.12159787022e-05, 8.80036986928e-06, 6.10941833656e-06, 4.64782215204e-06, 3.62040736945e-06, 1.89124693861e-06, 1.29068610022e-06, 1.01187549717e-06, 5.28757652773e-07, 2.41563526515e-07, 8.03435966645e-08, 1.08499587093e-09, 1.2831754756e-11, 1.29003491917e-11],
        "min": [1.30710137297e-22, 1.17495871475e-22, 1.21913555653e-22, 1.35735761865e-22, 1.24047190899e-22, 1.27566949419e-22, 1.20802852121e-22, 1.23232707792e-22, 1.3015741717e-22, 1.22903733862e-22, 1.22686980128e-22, 1.28220088383e-22, 1.17763957965e-22, 1.24619323315e-22, 1.18964528532e-22, 1.1791449787e-22, 1.21275095813e-22, 1.23510563535e-22, 1.28403545875e-22, 1.26262287078e-22, 1.29987515464e-22, 1.24284278311e-22, 1.19635565173e-22, 1.22889029494e-22, 1.22758141693e-22, 1.2849441003e-22, 1.28766005373e-22, 1.24561919484e-22, 1.25677722214e-22, 1.2408510671e-22, 1.24337630552e-22, 1.23804272227e-22, 1.25277889642e-22, 1.28792309151e-22, 1.21784296061e-22, 1.21937297211e-22, 1.28767381146e-22, 1.23144759267e-22, 1.25117340671e-22, 1.22657987912e-22],
        "stdev": [5.08419070684e-05, 0.000188438105397, 0.000570216216147, 0.000351392664015, 0.000355558324372, 0.00125176482834, 0.000922945619095, 0.000794394640252, 0.000665805127937, 0.000764869328123, 0.00104348757304, 0.000854790210724, 0.000450351508334, 0.000158152761287, 0.000237355066929, 0.000182742121979, 0.000238095788518, 0.00020993257931, 0.000135613197926, 9.24113483052e-05, 0.000144620920764, 3.39946600434e-05, 4.10590437241e-05, 1.7883392502e-05, 1.87175173778e-05, 1.66028130479e-05, 1.30115413413e-05, 8.6578711489e-06, 7.41247822589e-06, 6.43218072582e-06, 4.84644624521e-06, 2.71213230008e-06, 1.90152513824e-06, 1.50829589529e-06, 9.72627844931e-07, 4.23182257236e-07, 1.47283415686e-07, 5.7232054651e-09, 4.97663611709e-11, 4.94142574081e-11]
    },
    "melbands128": {
        "max": [5.88038201386e-05, 0.000309106719214, 0.000597075733822, 0.00158431497402, 0.00241861958057, 0.0028124274686, 0.00348166655749, 0.0089106624946, 0.00548731349409, 0.00320618716069, 0.00546345114708, 0.00672479579225, 0.00829558633268, 0.0159998834133, 0.0309854801744, 0.0287480000407, 0.0253078229725, 0.0129726752639, 0.0134305376559, 0.0139975212514, 0.0201865117997, 0.0179832987487, 0.0146719440818, 0.0137223759666, 0.0125742154196, 0.0168689601123, 0.0199347920716, 0.0152279669419, 0.0184207540005, 0.00961439870298, 0.0119475778192, 0.0100535908714, 0.0108793005347, 0.00382164958864, 0.00313368579373, 0.00202184123918, 0.00315435742959, 0.0052465912886, 0.0050763594918, 0.00353397475556, 0.00283973128535, 0.00375018478371, 0.00642685685307, 0.0057957530953, 0.00359795708209, 0.00392321217805, 0.00305131450295, 0.00415470730513, 0.00157536426559, 0.00180084456224, 0.0016427016817, 0.00276638590731, 0.00392626458779, 0.00225920393132, 0.00111158296932, 0.000510409590788, 0.000695694296155, 0.000970936613157, 0.000866917253006, 0.000180078510311, 0.000313239870593, 0.00052754371427, 0.000250997807598, 0.000569611089304, 0.000396845454816, 0.000335137563525, 0.00015155255096, 0.000269544339972, 0.000239681045059, 0.000361260928912, 0.000125655860757, 8.11960926512e-05, 8.06642128737e-05, 0.000183387819561, 0.000140479867696, 9.66486040852e-05, 9.36843571253e-05, 8.13887600088e-05, 0.000145104640978, 4.0724837163e-05, 4.51187224826e-05, 3.38957470376e-05, 4.54038890894e-05, 3.64034931408e-05, 2.09521967918e-05, 2.79895866697e-05, 2.11930382648e-05, 3.08061607939e-05, 3.50414193235e-05, 1.306377726e-05, 1.05642620838e-05, 5.32714329893e-06, 7.38041580917e-06, 3.11896360472e-06, 1.33364380872e-06, 1.26959653901e-09, 1.55645696331e-09, 1.71132263915e-09, 1.80240011804e-09, 1.802061389e-09, 1.86817694647e-09, 1.78666326178e-09, 1.70747649353e-09, 1.72016567657e-09, 1.66134006552e-09, 1.63555202715e-09, 1.55234336496e-09, 1.46605871887e-09, 1.41213529758e-09, 1.43993261759e-09, 1.34524402728e-09, 1.33728950136e-09, 1.3085480477e-09, 1.24404353485e-09, 1.2388959858e-09, 1.18059473309e-09, 1.14362963544e-09, 1.06017361556e-09, 1.03601771606e-09, 1.06319530957e-09, 1.02498343146e-09, 1.02573116667e-09, 1.0202096945e-09, 9.91153048524e-10, 9.60337032119e-10, 9.47365075277e-10, 9.43746303328e-10, 9.38270017237e-10],
        "mean": [2.3047398372e-06, 1.11152794489e-05, 3.16697005474e-05, 5.84129047638e-05, 9.82133569778e-05, 0.000154888097313, 0.000275831494946, 0.000538727967069, 0.000316099409247, 0.000167280450114, 0.000265197071712, 0.000172693195054, 9.69807151705e-05, 0.000263739028014, 0.000419508985942, 0.000431694788858, 0.00042254125583, 0.000484499323647, 0.000404480466386, 0.00037271619658, 0.000280827953247, 0.000217161665205, 0.00021083278989, 0.000413866800955, 0.000378452823497, 0.000296856916975, 0.00043309017201, 0.000434980902355, 0.000837556028273, 0.000672161171678, 0.000323388929246, 0.000243761154707, 0.00025002748589, 0.000111557455966, 0.000104523576738, 9.19626691029e-05, 0.000100821365777, 0.000149660903844, 0.000234512233874, 0.000174309170689, 8.20239220047e-05, 0.000111087014375, 0.000117323324957, 9.27407163545e-05, 0.000143348865095, 0.000139421143103, 0.000110062399472, 8.13751248643e-05, 6.93822294124e-05, 8.00792840892e-05, 5.62689383514e-05, 6.53770039207e-05, 8.67887501954e-05, 5.6824508647e-05, 3.12276861223e-05, 2.83774716081e-05, 3.38751997333e-05, 4.79273076053e-05, 2.2617439754e-05, 1.52361071741e-05, 1.81134437298e-05, 1.81093218998e-05, 1.19909982459e-05, 1.51651929627e-05, 1.7913433112e-05, 1.44208979691e-05, 1.21964912978e-05, 1.08724952952e-05, 9.56410985964e-06, 1.41599493872e-05, 9.74770227913e-06, 5.31330260856e-06, 6.60052228341e-06, 6.71138104735e-06, 5.0831677072e-06, 4.55002646049e-06, 4.62770367449e-06, 4.09727044826e-06, 3.70417365048e-06, 2.9981820262e-06, 1.93674691218e-06, 1.5306146679e-06, 1.34772903948e-06, 1.29743432353e-06, 1.22137237213e-06, 1.11601218578e-06, 9.88830038295e-07, 6.99331508258e-07, 5.28513339759e-07, 3.75655247353e-07, 3.04318490407e-07, 1.94118442209e-07, 1.48850318737e-07, 1.03631784043e-07, 1.59317750104e-08, 2.23844380531e-11, 1.49643769598e-11, 1.28492216867e-11, 1.24100851123e-11, 1.31633176581e-11, 1.32062537989e-11, 1.28956064577e-11, 1.24814542382e-11, 1.2188008415e-11, 1.17675496084e-11, 1.13507259147e-11, 1.09734252934e-11, 1.07768117347e-11, 1.04809112778e-11, 1.03230332268e-11, 1.0125551439e-11, 9.93095015944e-12, 9.70570932651e-12, 9.39928343491e-12, 9.20032019319e-12, 9.06091347785e-12, 8.92405854075e-12, 8.01932392019e-12, 7.76952547438e-12, 7.69859783561e-12, 7.49817048729e-12, 7.40353091333e-12, 7.40468710653e-12, 7.0954960657e-12, 6.09389708833e-12, 4.40702248999e-12, 3.7963850813e-12, 3.70306953504e-12],
        "min": [6.69351633524e-23, 1.48154376266e-22, 1.46822993628e-22, 1.18662805013e-22, 1.04701999097e-22, 1.24577595728e-22, 1.37040335853e-22, 6.82365187887e-23, 1.96336309039e-22, 8.04923059884e-23, 1.88755254766e-22, 9.96920760163e-23, 1.37681484132e-22, 9.98015004901e-23, 1.44369850783e-22, 1.21663202757e-22, 1.27049911049e-22, 9.22847730904e-23, 1.59452833426e-22, 1.12599796801e-22, 1.19488117603e-22, 1.30933997089e-22, 1.35137653837e-22, 1.08144600709e-22, 1.35454321537e-22, 1.28373518674e-22, 1.19926332992e-22, 1.21800817964e-22, 1.16941245461e-22, 1.33578044273e-22, 1.34744144774e-22, 1.13614966122e-22, 1.11594510328e-22, 1.26307725466e-22, 1.20267297608e-22, 1.33959209241e-22, 1.17586558925e-22, 1.17211023269e-22, 1.17604961472e-22, 1.17970286113e-22, 1.20108995312e-22, 1.15670762885e-22, 1.26706056047e-22, 1.15851557183e-22, 1.21040090994e-22, 1.18390111576e-22, 1.41103865661e-22, 1.25547377149e-22, 1.23161571471e-22, 1.30895437568e-22, 1.29802303545e-22, 1.2045723007e-22, 1.19687554262e-22, 1.48003621792e-22, 1.21820444823e-22, 1.24673268779e-22, 1.19471797649e-22, 1.22916191553e-22, 1.15331110934e-22, 1.22230488411e-22, 1.21439305099e-22, 1.26383910496e-22, 1.22075152232e-22, 1.20130363976e-22, 1.27518721618e-22, 1.28787083736e-22, 1.26876475246e-22, 1.35287032538e-22, 1.27443091946e-22, 1.24009111006e-22, 1.2402734947e-22, 1.24872844277e-22, 1.25612593858e-22, 1.24031401059e-22, 1.27603136046e-22, 1.26345212136e-22, 1.21330669486e-22, 1.22039710289e-22, 1.2591569315e-22, 1.25827201889e-22, 1.2358258338e-22, 1.23489194871e-22, 1.21435455458e-22, 1.24940433879e-22, 1.27939544202e-22, 1.33610722047e-22, 1.28143903352e-22, 1.21782503769e-22, 1.2178827192e-22, 1.22016309519e-22, 1.18120876504e-22, 1.21678942109e-22, 1.2850109957e-22, 1.31620141993e-22, 1.28173413061e-22, 1.2073570428e-22, 1.26095679654e-22, 1.19644097492e-22, 1.26512349674e-22, 1.26476592186e-22, 1.22953993768e-22, 1.21274212289e-22, 1.22787260127e-22, 1.26334458384e-22, 1.22866928767e-22, 1.24352562111e-22, 1.26255875216e-22, 1.23203551493e-22, 1.27398776896e-22, 1.36292255902e-22, 1.30050384523e-22, 1.30327293633e-22, 1.26870240089e-22, 1.24733903784e-22, 1.21593404344e-22, 1.23041109255e-22, 1.25663939236e-22, 1.28658063958e-22, 1.26019999495e-22, 1.18851538407e-22, 1.24848459009e-22, 1.28019187599e-22, 1.24541989703e-22, 1.2490124327e-22, 1.20540634756e-22, 1.2331662997e-22, 1.2630178061e-22, 1.2700830968e-22],
        "stdev": [5.02846387462e-06, 2.58179716184e-05, 6.96407296346e-05, 0.000135767448228, 0.000197839719476, 0.000302008789731, 0.000430052430602, 0.000979964854196, 0.000591679476202, 0.000296961632557, 0.000554140657187, 0.000413645931985, 0.000345581589499, 0.000795547734015, 0.00172827893402, 0.001908263308, 0.00152581511065, 0.00110538094305, 0.00102298904676, 0.0010483347578, 0.00108875171281, 0.000968056672718, 0.000806823081803, 0.00103612209205, 0.000844271737151, 0.00117634201888, 0.00165045319591, 0.00123825250193, 0.00190916226711, 0.00137866090517, 0.000857327890117, 0.000635271950159, 0.000789445650298, 0.00026409723796, 0.000218584726099, 0.000186764911632, 0.000255383813055, 0.000331249815645, 0.000426227634307, 0.000341940467479, 0.000182997784577, 0.000259734631982, 0.00039535362157, 0.000309253286105, 0.000294054043479, 0.000336246477673, 0.000262001238298, 0.000233160375501, 0.000130365646328, 0.000127082457766, 0.000105843428173, 0.000155107132741, 0.00027101719752, 0.000150116407895, 6.1653307057e-05, 3.97751209675e-05, 4.32280394307e-05, 7.7082302596e-05, 4.64556396764e-05, 1.91621074919e-05, 2.49091226578e-05, 2.74423618976e-05, 1.8768116206e-05, 3.14751596306e-05, 3.0442215575e-05, 2.14551746467e-05, 1.82359308383e-05, 1.8276485207e-05, 1.43908373502e-05, 2.01104776352e-05, 1.15633874884e-05, 6.66412142891e-06, 8.62510387378e-06, 1.11239132821e-05, 8.86550969881e-06, 7.71866507421e-06, 8.24330891191e-06, 6.28399948255e-06, 7.07248591425e-06, 4.30430372944e-06, 3.33523826157e-06, 2.72672650681e-06, 2.32721345128e-06, 2.15607451537e-06, 2.11703491004e-06, 1.93465098164e-06, 1.61964919698e-06, 1.33750961595e-06, 1.29413444938e-06, 6.65837376346e-07, 5.9768524352e-07, 3.91508081066e-07, 3.21299125972e-07, 2.15124742908e-07, 6.81913903122e-08, 4.19380780103e-11, 4.46571252199e-11, 4.80401482483e-11, 5.02080668707e-11, 5.00017770244e-11, 5.157992089e-11, 4.93064165885e-11, 4.71134208035e-11, 4.73418387825e-11, 4.56923561487e-11, 4.49274090153e-11, 4.2648270332e-11, 4.03049954523e-11, 3.87984019912e-11, 3.94720298114e-11, 3.69069289019e-11, 3.66425501053e-11, 3.58375794318e-11, 3.40869658888e-11, 3.39077030342e-11, 3.23149562664e-11, 3.12973431893e-11, 2.90723695118e-11, 2.84123228417e-11, 2.90961681831e-11, 2.80558874743e-11, 2.80602728553e-11, 2.78965808787e-11, 2.71072331248e-11, 2.62989682115e-11, 2.59760685184e-11, 2.58863781105e-11, 2.5738343748e-11]
    },
    "mfcc": {
        "mean": [-660.825561523, 154.830673218, -95.0381469727, 39.8105430603, -52.7810630798, 26.6655769348, -34.6209182739, 15.5543069839, -20.2241783142, 9.75778007507, -15.0315647125, -1.92634940147, -7.34454631805],
        "cov": [[2811.57006836, 592.018798828, -19.9272785187, 437.312103271, -300.66809082, 129.470809937, -172.379455566, 80.5040893555, -169.963470459, 55.4383773804, -135.186233521, 20.076089859, -54.0883522034], [592.018798828, 606.823120117, 207.154190063, 214.569213867, 13.3674154282, -54.6596107483, 28.5464782715, -22.8286266327, -4.7626619339, -14.7513151169, 6.82810497284, -69.6539001465, -10.4923782349], [-19.9272785187, 207.154190063, 440.864898682, 246.430969238, 102.006416321, 20.6027088165, 61.5930404663, 25.6883678436, -22.6531658173, 0.949343025684, -4.98537492752, 0.974529862404, -42.6580505371], [437.312103271, 214.569213867, 246.430969238, 382.54107666, 78.4679641724, 46.9198493958, -6.23606824875, 19.9280185699, -31.1538219452, -14.1280374527, -6.77362775803, -19.5785503387, 20.0992527008], [-300.66809082, 13.3674154282, 102.006416321, 78.4679641724, 203.487014771, -13.9276132584, -6.80973577499, -19.6080532074, -3.69122004509, -4.96694374084, 2.52432227135, 11.8386611938, 31.5226726532], [129.470809937, -54.6596107483, 20.6027088165, 46.9198493958, -13.9276132584, 163.948074341, 54.5185012817, 45.8887405396, 6.54453897476, -6.49111890793, 4.15142631531, -15.7972869873, -18.858259201], [-172.379455566, 28.5464782715, 61.5930404663, -6.23606824875, -6.80973577499, 54.5185012817, 182.618225098, 63.7129478455, 46.6113815308, 8.82872390747, 17.7267417908, -33.0787124634, -54.9775772095], [80.5040893555, -22.8286266327, 25.6883678436, 19.9280185699, -19.6080532074, 45.8887405396, 63.7129478455, 114.808319092, 42.4961433411, 19.5998477936, 7.98899173737, -1.09918987751, -31.3224391937], [-169.963470459, -4.7626619339, -22.6531658173, -31.1538219452, -3.69122004509, 6.54453897476, 46.6113815308, 42.4961433411, 112.187400818, 23.7374248505, 28.9428920746, -26.1727733612, -20.5098514557], [55.4383773804, -14.7513151169, 0.949343025684, -14.1280374527, -4.96694374084, -6.49111890793, 8.82872390747, 19.5998477936, 23.7374248505, 79.2908782959, 10.951215744, 16.4888782501, -21.0526008606], [-135.186233521, 6.82810497284, -4.98537492752, -6.77362775803, 2.52432227135, 4.15142631531, 17.7267417908, 7.98899173737, 28.9428920746, 10.951215744, 88.4404830933, 14.3812656403, 14.111489296], [20.076089859, -69.6539001465, 0.974529862404, -19.5785503387, 11.8386611938, -15.7972869873, -33.0787124634, -1.09918987751, -26.1727733612, 16.4888782501, 14.3812656403, 105.297309875, 25.5420093536], [-54.0883522034, -10.4923782349, -42.6580505371, 20.0992527008, 31.5226726532, -18.858259201, -54.9775772095, -31.3224391937, -20.5098514557, -21.0526008606, 14.111489296, 25.5420093536, 114.922866821]],
        "icov": [[0.00632808916271, -0.00840997509658, 0.0075697787106, -0.00774996867403, 0.00763319898397, -0.00720957340673, 0.00724666984752, -0.00707262195647, 0.00755660515279, -0.00706188660115, 0.00822352152318, -0.00745210750028, 0.00533939898014], [-0.00840997509658, 0.0139887006953, -0.0108397891745, 0.0088660158217, -0.00928162783384, 0.0112436423078, -0.010281952098, 0.0102629158646, -0.0100752301514, 0.00944159831852, -0.0115992529318, 0.0115610491484, -0.00719954632223], [0.0075697787106, -0.0108397891745, 0.014098348096, -0.0119401793927, 0.00736974645406, -0.00825772620738, 0.00706968922168, -0.00849922467023, 0.00988073274493, -0.00821811426431, 0.00990240834653, -0.0106928059831, 0.00900198239833], [-0.00774996867403, 0.0088660158217, -0.0119401793927, 0.0154782449827, -0.0102536948398, 0.00662979809567, -0.00685642752796, 0.00664175394922, -0.00819165073335, 0.00835610739887, -0.00995231047273, 0.010491498746, -0.00858741812408], [0.00763319898397, -0.00928162783384, 0.00736974645406, -0.0102536948398, 0.0158112999052, -0.00789289269596, 0.00821521040052, -0.00680850865319, 0.00777363311499, -0.00854355189949, 0.0102210929617, -0.0091976262629, 0.0043276604265], [-0.00720957340673, 0.0112436423078, -0.00825772620738, 0.00662979809567, -0.00789289269596, 0.0169931352139, -0.0105138476938, 0.00620109215379, -0.00752684054896, 0.00910374615341, -0.0102358711883, 0.00977219734341, -0.0055680423975], [0.00724666984752, -0.010281952098, 0.00706968922168, -0.00685642752796, 0.00821521040052, -0.0105138476938, 0.0177648849785, -0.0116665586829, 0.00754802674055, -0.00754438573495, 0.00772920949385, -0.00652892002836, 0.00810234434903], [-0.00707262195647, 0.0102629158646, -0.00849922467023, 0.00664175394922, -0.00680850865319, 0.00620109215379, -0.0116665586829, 0.0223918426782, -0.0132666286081, 0.00664015999064, -0.0079954219982, 0.00561474077404, -0.00471859890968], [0.00755660515279, -0.0100752301514, 0.00988073274493, -0.00819165073335, 0.00777363311499, -0.00752684054896, 0.00754802674055, -0.0132666286081, 0.0235366057605, -0.0115644279867, 0.00541572179645, -0.00419781263918, 0.00671457313001], [-0.00706188660115, 0.00944159831852, -0.00821811426431, 0.00835610739887, -0.00854355189949, 0.00910374615341, -0.00754438573495, 0.00664015999064, -0.0115644279867, 0.0235284045339, -0.010109744966, 0.00467243883759, -0.00248637562618], [0.00822352152318, -0.0115992529318, 0.00990240834653, -0.00995231047273, 0.0102210929617, -0.0102358711883, 0.00772920949385, -0.0079954219982, 0.00541572179645, -0.010109744966, 0.0248527172953, -0.0130111817271, 0.00421740906313], [-0.00745210750028, 0.0115610491484, -0.0106928059831, 0.010491498746, -0.0091976262629, 0.00977219734341, -0.00652892002836, 0.00561474077404, -0.00419781263918, 0.00467243883759, -0.0130111817271, 0.0233587175608, -0.00920950062573], [0.00533939898014, -0.00719954632223, 0.00900198239833, -0.00858741812408, 0.0043276604265, -0.0055680423975, 0.00810234434903, -0.00471859890968, 0.00671457313001, -0.00248637562618, 0.00421740906313, -0.00920950062573, 0.0181615576148]]
    },
    "spectral_contrast_coeffs": {
        "max": [-0.36599957943, -0.464873492718, -0.470268249512, -0.541267514229, -0.558431744576, -0.321354627609],
        "mean": [-0.671810746193, -0.764015257359, -0.743053376675, -0.772846281528, -0.772066831589, -0.494977265596],
        "min": [-0.975647985935, -0.96542352438, -0.964143574238, -0.962940335274, -0.957571983337, -0.960137426853],
        "stdev": [0.0757861882448, 0.0763219594955, 0.08934109658, 0.0555968545377, 0.0387368686497, 0.0574114024639]
    },
    "spectral_contrast_valleys": {
        "max": [-5.65177536011, -4.59423828125, -5.35719203949, -5.73486948013, -5.9296503067, -11.9734239578],
        "mean": [-7.96519231796, -6.48753786087, -6.77089691162, -6.84183549881, -7.22908639908, -14.0557107925],
        "min": [-26.9151515961, -26.9510955811, -27.179359436, -27.1765022278, -27.2953643799, -27.2353458405],
        "stdev": [1.0654270649, 0.894973635674, 0.840668261051, 0.801670491695, 0.763511300087, 0.784101307392]
    }
},
"rhythm": {
    "beats_count": 63,
    "beats_loudness": {
        "max": 0.0768548771739,
        "mean": 0.0281354002655,
        "min": 0.000980735523626,
        "stdev": 0.0139842946082
    },
    "bpm": 137.050384521,
    "bpm_histogram_first_peak_bpm": 136,
    "bpm_histogram_first_peak_weight": 0.435897469521,
    "bpm_histogram_second_peak_bpm": 105,
    "bpm_histogram_second_peak_spread": 0.5,
    "bpm_histogram_second_peak_weight": 0.0806451588869,
    "danceability": 0.962985038757,
    "onset_rate": 2.51666355133,
    "beats_loudness_band_ratio": {
        "max": [0.354015797377, 0.314334988594, 0.805943727493, 0.831431865692, 0.461998015642, 0.275469481945],
        "mean": [0.0840345993638, 0.0866059958935, 0.260843515396, 0.344403505325, 0.213431686163, 0.0488000698388],
        "min": [0.000667845597491, 0.00361945596524, 0.0292853564024, 0.0509306117892, 0.0236633270979, 0.00819700490683],
        "stdev": [0.0955078825355, 0.081286676228, 0.198484554887, 0.218091487885, 0.135238111019, 0.0375718064606]
    },
    "beats_position": [0.406349211931, 0.812698423862, 1.23065757751, 1.64861679077, 2.07818579674, 2.50775504112, 2.94893407822, 3.3785033226, 3.80807256699, 4.2492518425, 4.69043064117, 5.11999988556, 5.56117916107, 6.01396799088, 6.45514726639, 6.88471651077, 7.31428575516, 7.74385452271, 8.18503379822, 8.6146030426, 9.05578231812, 9.49696159363, 9.92653083801, 10.3677091599, 10.8088884354, 11.2500677109, 11.6796369553, 12.1208162308, 12.5619955063, 13.0031747818, 13.4327430725, 13.8623123169, 14.3034915924, 14.7446708679, 15.1858501434, 15.6270294189, 16.0682086945, 16.50938797, 16.9505672455, 17.3801364899, 17.8213157654, 18.2741031647, 18.7268924713, 19.3190021515, 19.8878898621, 20.45677948, 21.0256690979, 21.5945568085, 22.1518363953, 22.7091159821, 23.2663936615, 23.8352832794, 24.3809528351, 24.9382305145, 25.6000003815, 26.2501583099, 26.9467563629, 27.6433563232, 28.3283443451, 29.0017223358, 29.686712265, 30.383310318, 31.079908371],
