{
"metadata": {
    "version": {
        "essentia": "2.1-beta5",
        "essentia_git_sha": "Undefined",
        "extractor": "music 2.0"
    },
    "audio_properties": {
        "analysis": {
            "equal_loudness": 0,
            "length": 52.2448997498,
            "sample_rate": 44100,
            "start_time": 12.7477550507,
            "downmix": "mix"
        },
        "bit_rate": 192000,
        "length": 197.021316528,
        "lossless": 0,
        "number_channels": 2,
        "replay_gain": -18.0465431213,
        "sample_rate": 44100,
        "codec": "mp3",
        "md5_encoded": "bf6bf2fb025e922e5dfb7d76f7416d5a"
    },
    "tags": {
        "file_name": "Greece_To Diko Sou Asteri_Marianna.mp3",
        "encoding": ["Lavf58.29.100"]
    }
},
"lowlevel": {
    "average_loudness": 0.813932478428,
    "barkbands_crest": {
        "max": 25.8540153503,
        "mean": 11.4274559021,
        "min": 2.96634578705,
        "stdev": 4.64395952225
    },
    "barkbands_flatness_db": {
        "max": 0.366266548634,
        "mean": 0.158689945936,
        "min": 0.0569245666265,
        "stdev": 0.0459070987999
    },
    "barkbands_kurtosis": {
        "max": 96.0813369751,
        "mean": 4.7121553421,
        "min": -1.84160900116,
        "stdev": 5.92338132858
    },
    "barkbands_skewness": {
        "max": 6.07571601868,
        "mean": 1.67586696148,
        "min": -1.4443821907,
        "stdev": 0.885298669338
    },
    "barkbands_spread": {
        "max": 71.8625640869,
        "mean": 13.6722412109,
        "min": 0.762629032135,
        "stdev": 9.29805374146
    },
    "dissonance": {
        "max": 0.499690651894,
        "mean": 0.432051151991,
        "min": 0.206311151385,
        "stdev": 0.0435726754367
    },
    "dynamic_complexity": 2.85314369202,
    "erbbands_crest": {
        "max": 31.973526001,
        "mean": 11.0233955383,
        "min": 3.00513982773,
        "stdev": 5.30508041382
    },
    "erbbands_flatness_db": {
        "max": 0.339414209127,
        "mean": 0.198274239898,
        "min": 0.0790283307433,
        "stdev": 0.0397331416607
    },
    "erbbands_kurtosis": {
        "max": 31.4423294067,
        "mean": 0.800528943539,
        "min": -1.72950303555,
        "stdev": 2.48458051682
    },
    "erbbands_skewness": {
        "max": 4.67109775543,
        "mean": 0.761290073395,
        "min": -1.5967271328,
        "stdev": 0.697867691517
    },
    "erbbands_spread": {
        "max": 106.78276062,
        "mean": 29.9141979218,
        "min": 2.63378238678,
        "stdev": 14.2386579514
    },
    "hfc": {
        "max": 103.089813232,
        "mean": 14.3345899582,
        "min": 0.127735346556,
        "stdev": 12.3597373962
    },
    "loudness_ebu128": {
        "integrated": -7.04626750946,
        "loudness_range": 5.05100870132,
        "momentary": {
            "max": -2.75019621849,
            "mean": -7.8192281723,
            "min": -20.9487781525,
            "stdev": 2.69457840919
        },
        "short_term": {
            "max": -3.62146496773,
            "mean": -7.28553581238,
            "min": -12.6945123672,
            "stdev": 1.73358666897
        }
    },
    "melbands_crest": {
        "max": 30.2412033081,
        "mean": 14.0088949203,
        "min": 4.63116788864,
        "stdev": 5.05173397064
    },
    "melbands_flatness_db": {
        "max": 0.42905318737,
        "mean": 0.218759045005,
        "min": 0.0365214012563,
        "stdev": 0.0562739297748
    },
    "melbands_kurtosis": {
        "max": 69.6178741455,
        "mean": 9.51384925842,
        "min": -1.30421686172,
        "stdev": 8.33215904236
    },
    "melbands_skewness": {
        "max": 6.67548465729,
        "mean": 2.24770474434,
        "min": -1.69568407536,
        "stdev": 1.0561478138
    },
    "melbands_spread": {
        "max": 135.634155273,
        "mean": 16.2307720184,
        "min": 1.08856987953,
        "stdev": 12.4346475601
    },
    "pitch_salience": {
        "max": 0.857465684414,
        "mean": 0.554109930992,
        "min": 0.143948465586,
        "stdev": 0.107747517526
    },
    "silence_rate_20dB": {
        "max": 1,
        "mean": 1,
        "min": 1,
        "stdev": 0
    },
    "silence_rate_30dB": {
        "max": 1,
        "mean": 1,
        "min": 1,
        "stdev": 0
    },
    "silence_rate_60dB": {
        "max": 1,
        "mean": 0.0248778313398,
        "min": 0,
        "stdev": 0.155749931931
    },
    "spectral_centroid": {
        "max": 3867.43505859,
        "mean": 1007.58929443,
        "min": 255.406692505,
        "stdev": 490.405822754
    },
    "spectral_complexity": {
        "max": 46,
        "mean": 14.8831634521,
        "min": 0,
        "stdev": 5.33698558807
    },
    "spectral_decrease": {
        "max": -3.57870677536e-11,
        "mean": -5.18884801792e-09,
        "min": -1.70817138212e-08,
        "stdev": 3.60978025249e-09
    },
    "spectral_energy": {
        "max": 0.0706086307764,
        "mean": 0.0208841152489,
        "min": 0.000147004349856,
        "stdev": 0.0145299900323
    },
    "spectral_energyband_high": {
        "max": 0.00911087635905,
        "mean": 0.000263401685515,
        "min": 5.30693614564e-06,
        "stdev": 0.000590431969613
    },
    "spectral_energyband_low": {
        "max": 0.0150927538052,
        "mean": 0.00104355323128,
        "min": 4.8644551498e-06,
        "stdev": 0.00143768882845
    },
    "spectral_energyband_middle_high": {
        "max": 0.0559756234288,
        "mean": 0.00444122869521,
        "min": 1.55475499923e-05,
        "stdev": 0.00682771531865
    },
    "spectral_energyband_middle_low": {
        "max": 0.0604764781892,
        "mean": 0.0161682870239,
        "min": 0.000108098138298,
        "stdev": 0.0124796396121
    },
    "spectral_entropy": {
        "max": 8.33100986481,
        "mean": 7.10774183273,
        "min": 5.10757541656,
        "stdev": 0.446794033051
    },
    "spectral_flux": {
        "max": 0.191983893514,
        "mean": 0.0574965067208,
        "min": 0.00744780059904,
        "stdev": 0.0285473335534
    },
    "spectral_kurtosis": {
        "max": 33.8511886597,
        "mean": 6.44134712219,
        "min": -0.979296445847,
        "stdev": 4.24529886246
    },
    "spectral_rms": {
        "max": 0.00829978752881,
        "mean": 0.00422708038241,
        "min": 0.00037870684173,
        "stdev": 0.00158321647905
    },
    "spectral_rolloff": {
        "max": 7364.35546875,
        "mean": 1151.70507812,
        "min": 215.33203125,
        "stdev": 989.906005859
    },
    "spectral_skewness": {
        "max": 4.80194044113,
        "mean": 1.78730368614,
        "min": -0.157075166702,
        "stdev": 0.645737946033
    },
    "spectral_spread": {
        "max": 11031628,
        "mean": 3543801.25,
        "min": 2112086.25,
        "stdev": 802475.625
    },
    "spectral_strongpeak": {
        "max": 12.0320339203,
        "mean": 1.38580131531,
        "min": 0.00930711627007,
        "stdev": 1.35604763031
    },
    "zerocrossingrate": {
        "max": 0.2119140625,
        "mean": 0.0452446490526,
        "min": 0.01171875,
        "stdev": 0.0240089651197
    },
    "barkbands": {
        "max": [0.000189910031622, 0.00769293587655, 0.0106329647824, 0.00705089559779, 0.0446310415864, 0.0454262755811, 0.0224900320172, 0.0399105884135, 0.0379163324833, 0.0522497221828, 0.0134752476588, 0.0304389316589, 0.011836880818, 0.0467514097691, 0.00527534168214, 0.00410583708435, 0.00575822545215, 0.00392082519829, 0.0165599491447, 0.00342327193357, 0.00361974816769, 0.00611454294994, 0.00331353954971, 0.00118681846652, 0.000153854241944, 9.04315129446e-06, 5.41497411177e-06],
        "mean": [4.53035636383e-06, 0.000364416511729, 0.000508050550707, 0.000528248376213, 0.0046713957563, 0.0040958924219, 0.00151722168084, 0.00238805217668, 0.00124334194697, 0.00263169500977, 0.000449726125225, 0.000306465255562, 0.000307809270453, 0.00028241131804, 0.000270858872682, 0.000246301555308, 0.000256372295553, 0.000167869438883, 0.000330320908688, 0.000113768517622, 5.58574574825e-05, 5.33442325832e-05, 6.01256178925e-05, 2.42862315645e-05, 3.64433094546e-06, 7.58664612022e-07, 1.36116341309e-06],
        "min": [3.00242963824e-09, 3.70299375163e-07, 4.18356535192e-07, 1.42402868164e-07, 4.02701425628e-06, 8.49511889101e-06, 4.28635803473e-06, 2.46432932727e-06, 2.77651224678e-06, 4.35398305854e-07, 1.15913064747e-06, 9.83842937785e-07, 7.87953808867e-07, 1.68047805005e-07, 6.49391324714e-07, 5.19821526268e-07, 5.03602564095e-07, 2.36278808075e-07, 3.33399327701e-07, 3.91372850572e-07, 6.26666064818e-07, 4.23181518272e-07, 6.62941147311e-07, 7.97528969088e-07, 5.05786374561e-07, 1.73254690594e-07, 9.8702514606e-08],
        "stdev": [9.50642879616e-06, 0.00056753231911, 0.000913082971238, 0.000703002791852, 0.00608196947724, 0.00657689571381, 0.00222651474178, 0.00396968889982, 0.00283971987665, 0.00714933918789, 0.000864367699251, 0.00115392322186, 0.000738351896871, 0.00116584368516, 0.000587296439335, 0.000401842378778, 0.000418655661633, 0.000296924379654, 0.000853159872349, 0.000223555922275, 0.00015135173453, 0.000205464850296, 0.000203327173949, 7.24682540749e-05, 8.15534349385e-06, 7.55438975375e-07, 8.40364577925e-07]
    },
    "erbbands": {
        "max": [0.118268057704, 2.05072021484, 10.4004993439, 12.556476593, 105.12625885, 215.153213501, 421.643371582, 479.031066895, 452.272827148, 750.728881836, 746.311401367, 1116.44555664, 2035.18945312, 1918.43481445, 440.180664062, 1559.74609375, 581.521057129, 2615.72583008, 370.06854248, 344.957794189, 236.408370972, 288.182952881, 152.295928955, 1103.4588623, 265.223754883, 100.456710815, 119.580337524, 145.275650024, 230.962677002, 117.898933411, 106.347290039, 42.9324531555, 11.1205997467, 2.82701730728, 0.643820643425, 0.0788316354156, 0.0174752082676, 0.00863280612975, 0.000225440977374, 9.20504680835e-05],
        "mean": [0.00461189355701, 0.106551930308, 0.542297124863, 1.19365286827, 6.38876342773, 16.968624115, 28.8816146851, 33.2156219482, 26.4437427521, 43.9715499878, 32.5319023132, 34.9810562134, 83.7717285156, 38.4800338745, 21.1198673248, 15.7532567978, 15.9893712997, 15.6021232605, 12.5173482895, 15.2959327698, 13.2002973557, 11.4296092987, 9.96621227264, 19.9060249329, 10.5288257599, 5.66140842438, 3.40609240532, 1.89710795879, 1.90682113171, 1.88059365749, 1.672285676, 0.747635602951, 0.273579448462, 0.064058072865, 0.016788110137, 0.00469883577898, 0.00143834704068, 0.00229040440172, 6.76909621689e-05, 2.56217026617e-05],
        "min": [2.01554485102e-05, 0.000266334129265, 0.00172505876981, 0.00515742832795, 0.00862247496843, 0.0280056335032, 0.0803591907024, 0.0772460624576, 0.107150755823, 0.159788906574, 0.156152695417, 0.0727813243866, 0.0762905627489, 0.083017885685, 0.0535716749728, 0.0300847087055, 0.0476392619312, 0.0271064862609, 0.0554637648165, 0.0436739176512, 0.0570360645652, 0.0287057142705, 0.0248389355838, 0.0312445871532, 0.0177081394941, 0.0186849329621, 0.025378163904, 0.0212521012872, 0.0123431598768, 0.0206088814884, 0.0179048869759, 0.0179486721754, 0.0117808738723, 0.00766511214897, 0.00318157137372, 0.00168199406471, 0.000352382892743, 0.000225292213145, 7.84487838246e-06, 1.03375907656e-06],
        "stdev": [0.00825207214803, 0.16137342155, 0.916129767895, 1.43013393879, 10.2701120377, 25.2501068115, 46.8800163269, 56.9328346252, 39.4000511169, 70.4196624756, 54.9144554138, 76.341506958, 243.434494019, 151.293991089, 31.2653369904, 58.5051689148, 37.2388954163, 64.2372283936, 23.0455703735, 33.1934318542, 20.7954673767, 17.6326446533, 12.7240657806, 57.9914283752, 17.8379364014, 9.77010250092, 7.89075517654, 5.79921770096, 7.56389570236, 6.35420751572, 5.89336442947, 2.46068644524, 0.727430164814, 0.159050554037, 0.0292636938393, 0.00446598930284, 0.00125622435007, 0.00131332757883, 3.40777041856e-05, 1.70330331457e-05]
    },
    "gfcc": {
        "mean": [-29.7881011963, 109.968040466, -131.954742432, 11.6128530502, -68.8507919312, -11.7977552414, -40.4768791199, -1.62471961975, -21.1640090942, -8.03121376038, -9.99051952362, -2.77717518806, -13.8594331741],
        "cov": [[1717.42810059, -121.916572571, -571.798583984, 425.537597656, -105.70791626, -77.6368713379, 10.5681619644, -65.3299865723, 58.2462501526, -161.416381836, 24.702960968, -131.751937866, 23.9441833496], [-121.916572571, 453.719909668, 234.106414795, -145.615402222, 178.402114868, -38.5900230408, 34.0771789551, -24.3663082123, -64.9948730469, 12.9583415985, 2.61302542686, -15.3135499954, -3.75230979919], [-571.798583984, 234.106414795, 526.678405762, -68.6892242432, 66.720375061, 83.9000015259, -2.27180075645, -32.0828132629, -27.4072818756, 36.1786308289, -11.673661232, 46.2787590027, -1.41940677166], [425.537597656, -145.615402222, -68.6892242432, 443.798278809, 56.3894309998, 20.8185176849, -70.7376327515, -60.3158187866, 38.9913597107, -60.7058181763, -47.1856575012, -38.9223213196, -24.898103714], [-105.70791626, 178.402114868, 66.720375061, 56.3894309998, 289.973815918, -17.3600482941, -18.565782547, -1.73983800411, -35.7850456238, 19.2096672058, -40.653553009, -23.6697654724, -29.4596595764], [-77.6368713379, -38.5900230408, 83.9000015259, 20.8185176849, -17.3600482941, 177.107971191, 54.6989250183, 9.6094827652, 17.5757579803, 19.0328807831, 6.12530374527, 2.34898257256, -6.58500862122], [10.5681619644, 34.0771789551, -2.27180075645, -70.7376327515, -18.565782547, 54.6989250183, 128.855239868, 60.4066238403, -10.0340976715, 16.91929245, 22.541103363, -4.79415655136, -0.151436015964], [-65.3299865723, -24.3663082123, -32.0828132629, -60.3158187866, -1.73983800411, 9.6094827652, 60.4066238403, 131.21963501, 37.3817939758, 17.2655220032, 6.54495048523, 8.94402980804, 5.84094238281], [58.2462501526, -64.9948730469, -27.4072818756, 38.9913597107, -35.7850456238, 17.5757579803, -10.0340976715, 37.3817939758, 110.388145447, 21.1354522705, -4.20013570786, 15.7206144333, 12.9511175156], [-161.416381836, 12.9583415985, 36.1786308289, -60.7058181763, 19.2096672058, 19.0328807831, 16.91929245, 17.2655220032, 21.1354522705, 94.1468276978, 25.549118042, 11.8887529373, 3.44265723228], [24.702960968, 2.61302542686, -11.673661232, -47.1856575012, -40.653553009, 6.12530374527, 22.541103363, 6.54495048523, -4.20013570786, 25.549118042, 82.5921936035, 30.6095237732, 5.41824579239], [-131.751937866, -15.3135499954, 46.2787590027, -38.9223213196, -23.6697654724, 2.34898257256, -4.79415655136, 8.94402980804, 15.7206144333, 11.8887529373, 30.6095237732, 90.0728607178, 33.649105072], [23.9441833496, -3.75230979919, -1.41940677166, -24.898103714, -29.4596595764, -6.58500862122, -0.151436015964, 5.84094238281, 12.9511175156, 3.44265723228, 5.41824579239, 33.649105072, 92.2764511108]],
        "icov": [[0.00322386762127, -0.00275175482966, 0.00346431229264, -0.0032748405356, 0.00169792887755, 4.78174151795e-05, -0.00169727392495, 0.00152895890642, -0.00237333634868, 0.00322073348798, -0.00321823265404, 0.00310969492421, -0.00206490885466], [-0.00275175482966, 0.00989198125899, -0.00643328158185, 0.00570844905451, -0.00688440026715, 0.00339286099188, -0.0029508434236, 0.00254402426071, -0.000708282459527, 0.00112890161108, -0.00110301701352, 0.00146164768375, 2.50106040767e-05], [0.00346431229264, -0.00643328158185, 0.0079364720732, -0.00431360537186, 0.00376163190231, -0.00305780326016, 0.000629824004136, 0.000607207475696, -0.000580948253628, 0.00095485127531, -0.000417036208091, -0.000423998106271, -0.00103203358594], [-0.0032748405356, 0.00570844905451, -0.00431360537186, 0.00804949365556, -0.00501409778371, 2.31507056014e-05, 0.00111412559636, 0.00158191274386, -0.00107643334195, 0.000769028032664, 0.00174225762021, -0.000707246537786, 0.00176802475471], [0.00169792887755, -0.00688440026715, 0.00376163190231, -0.00501409778371, 0.00968998670578, -0.00168606603984, 0.00286765443161, -0.00351932016201, 0.00359249929897, -0.00398000329733, 0.00364934606478, -0.00146500032861, 0.00114936160389], [4.78174151795e-05, 0.00339286099188, -0.00305780326016, 2.31507056014e-05, -0.00168606603984, 0.00985632184893, -0.00675522862002, 0.0029974183999, -0.00297820777632, 0.000676089723129, -0.00154387950897, 0.0018834292423, -0.000154345529154], [-0.00169727392495, -0.0029508434236, 0.000629824004136, 0.00111412559636, 0.00286765443161, -0.00675522862002, 0.0180647429079, -0.00990822352469, 0.00687315454707, -0.00442698877305, 0.00128730467986, -0.00152832502499, 0.00140322104562], [0.00152895890642, 0.00254402426071, 0.000607207475696, 0.00158191274386, -0.00351932016201, 0.0029974183999, -0.00990822352469, 0.0159717518836, -0.00876159034669, 0.00446974858642, -0.00264894054271, 0.00229071523063, -0.00141085858922], [-0.00237333634868, -0.000708282459527, -0.000580948253628, -0.00107643334195, 0.00359249929897, -0.00297820777632, 0.00687315454707, -0.00876159034669, 0.0181538816541, -0.00941168982536, 0.0069293603301, -0.00634115375578, 0.00149659602903], [0.00322073348798, 0.00112890161108, 0.00095485127531, 0.000769028032664, -0.00398000329733, 0.000676089723129, -0.00442698877305, 0.00446974858642, -0.00941168982536, 0.0210994575173, -0.0108941169456, 0.00683088926598, -0.00339769478887], [-0.00321823265404, -0.00110301701352, -0.000417036208091, 0.00174225762021, 0.00364934606478, -0.00154387950897, 0.00128730467986, -0.00264894054271, 0.0069293603301, -0.0108941169456, 0.0237695779651, -0.0123170642182, 0.00500827515498], [0.00310969492421, 0.00146164768375, -0.000423998106271, -0.000707246537786, -0.00146500032861, 0.0018834292423, -0.00152832502499, 0.00229071523063, -0.00634115375578, 0.00683088926598, -0.0123170642182, 0.0225574821234, -0.00829297676682], [-0.00206490885466, 2.50106040767e-05, -0.00103203358594, 0.00176802475471, 0.00114936160389, -0.000154345529154, 0.00140322104562, -0.00141085858922, 0.00149659602903, -0.00339769478887, 0.00500827515498, -0.00829297676682, 0.0149292517453]]
    },
    "melbands": {
        "max": [0.00162472878583, 0.0039587742649, 0.00404375931248, 0.0100369574502, 0.0110479714349, 0.0091639123857, 0.00605675252154, 0.00942385941744, 0.00531732011586, 0.00608762353659, 0.0101139657199, 0.00835144892335, 0.00205116998404, 0.00332098128274, 0.00177478371188, 0.000756926543545, 0.00590036669746, 0.000487241515657, 0.000391577719711, 0.000364700186765, 0.00035347827361, 0.000227604017709, 0.000340076570865, 0.000149581450387, 0.00115608179476, 0.000169810926309, 8.78149003256e-05, 7.84608564572e-05, 0.000129980937345, 9.78867101367e-05, 8.40608117869e-05, 0.000134314439492, 0.000116883289593, 5.35061553819e-05, 8.55980542838e-05, 4.04916791013e-05, 2.16159442061e-05, 9.83245899988e-06, 5.10414611199e-06, 1.64565028626e-06],
        "mean": [7.07102663e-05, 0.00023507658625, 0.000349747919245, 0.000814985192847, 0.00103710743133, 0.00076087389607, 0.000370025489246, 0.000521939073224, 0.000244215712883, 0.000212668543099, 0.000411928311223, 0.000152543114382, 6.44729661872e-05, 4.38867355115e-05, 3.59239602403e-05, 2.76797327388e-05, 3.06211186398e-05, 1.92430179595e-05, 1.76239864231e-05, 2.15181298699e-05, 1.47496211866e-05, 1.12314592116e-05, 1.26328131955e-05, 8.27130497782e-06, 1.79657035915e-05, 8.05992294772e-06, 4.69412179882e-06, 3.61015304406e-06, 2.52447148341e-06, 1.35913080612e-06, 9.9360488548e-07, 1.09685402094e-06, 9.79447690952e-07, 1.1110083733e-06, 1.12175314371e-06, 5.81096628594e-07, 4.04281990996e-07, 2.20136485041e-07, 8.83679689423e-08, 3.99569834997e-08],
        "min": [1.59070040695e-07, 8.62476326802e-07, 8.30357635095e-07, 1.49758011503e-06, 4.44021935664e-07, 1.60248089287e-06, 1.96651399165e-06, 7.31849979729e-07, 1.19538344734e-06, 4.83278256524e-07, 1.16202222955e-07, 1.95734827457e-07, 1.44910302424e-07, 1.43934187236e-07, 7.92863588117e-08, 9.95923912228e-08, 2.16868816239e-08, 3.74812252346e-08, 5.76460053026e-08, 3.43228450106e-08, 5.49592797938e-08, 2.62448160981e-08, 1.92191471626e-08, 1.21328183056e-08, 2.30182344296e-08, 8.73365468834e-09, 1.56958925857e-08, 1.07072750666e-08, 8.62143423319e-09, 9.85095738315e-09, 1.28427117829e-08, 6.01574345893e-09, 9.27797483286e-09, 9.31149557459e-09, 7.74813191384e-09, 1.01846344691e-08, 1.02988302331e-08, 8.4074054385e-09, 6.43617026341e-09, 5.84781467694e-09],
        "stdev": [0.000115644324978, 0.000356038886821, 0.000441664888058, 0.00106464873534, 0.00151545275003, 0.00124342786148, 0.000549414311536, 0.0008649462834, 0.000420009513618, 0.0004615605867, 0.0012142972555, 0.000652976101264, 0.000116739327495, 0.000124762795167, 9.10070884856e-05, 5.85444504395e-05, 0.000143113153172, 3.51042217517e-05, 4.09301901527e-05, 3.42042985721e-05, 2.72935449175e-05, 1.95516640815e-05, 1.96614892047e-05, 1.36543494591e-05, 5.83714827371e-05, 1.36878961712e-05, 7.60998227634e-06, 6.66478445055e-06, 6.86399880578e-06, 4.20988590122e-06, 3.3024464301e-06, 4.44543002232e-06, 4.04094134865e-06, 3.68786163563e-06, 4.06342178394e-06, 2.07370248972e-06, 1.30823286781e-06, 5.8322126506e-07, 2.40203689827e-07, 9.8795290171e-08]
    },
    "melbands128": {
        "max": [5.77441132918e-05, 0.000493296945933, 0.00258279312402, 0.00397912599146, 0.00513825798407, 0.00495631247759, 0.00260156858712, 0.00392894865945, 0.0136629417539, 0.0169117655605, 0.0148300062865, 0.0188497919589, 0.0206024292856, 0.0204328410327, 0.0168544910848, 0.0143437366933, 0.0146757308394, 0.00613002758473, 0.0045461487025, 0.0096925618127, 0.0164196379483, 0.00906149297953, 0.00726669747382, 0.00744598079473, 0.0141762066633, 0.00856823474169, 0.00784702412784, 0.020200310275, 0.00985151249915, 0.0150119364262, 0.0125342290848, 0.00264582806267, 0.0039973561652, 0.00212236214429, 0.000715631817002, 0.00590137857944, 0.0069633196108, 0.000773237668909, 0.00345663167536, 0.00163107470144, 0.000577847240493, 0.0014210245572, 0.00932377949357, 0.00695824623108, 0.000529342214577, 0.000723968551029, 0.0011211874662, 0.000878887076396, 0.00103259284515, 0.000750544015318, 0.000468735117465, 0.000641631428152, 0.000507410732098, 0.000776461267378, 0.000814715400338, 0.000376212294213, 0.000498518988024, 0.000839979329612, 0.000172041734913, 0.000145760408486, 0.000319663900882, 0.00029744906351, 0.00129081367049, 0.00212717195973, 0.000171478721313, 0.000270755233942, 0.000435861817095, 0.000156290989253, 0.00014562960132, 0.000176928107976, 0.000202905343031, 9.24554260564e-05, 0.000403148325859, 0.000146269623656, 8.43633097247e-05, 0.000130995409563, 7.72931234678e-05, 7.8943092376e-05, 0.000129526320961, 6.38036799501e-05, 0.000172212079633, 0.000108938627818, 0.000205566087971, 0.000112731868285, 7.05493439455e-05, 9.11081006052e-05, 6.52519447613e-05, 0.000102476056782, 0.000125186648802, 6.03170556133e-05, 5.33026832272e-05, 3.12456504616e-05, 3.80898673029e-05, 2.47985371971e-05, 1.64583761944e-05, 1.7408912754e-05, 7.18674800737e-06, 1.49311308633e-05, 4.28987414125e-06, 3.81224936064e-06, 2.23255324272e-06, 1.6280082491e-06, 1.82907024282e-06, 1.34624315251e-06, 8.50488390824e-07, 3.68761703839e-07, 2.62954046093e-07, 2.35671805626e-07, 1.25355157365e-07, 8.83637980564e-08, 9.26106480392e-08, 5.14535294371e-08, 6.21778752929e-08, 5.22701064654e-08, 4.52911912419e-08, 7.59764446912e-08, 1.90109290088e-07, 8.39115554818e-10, 7.48790918159e-10, 8.45179204401e-10, 8.95423013514e-10, 9.16147602226e-10, 9.2514307326e-10, 9.29769483626e-10, 9.30843402358e-10, 9.26001664237e-10, 9.24681942127e-10, 9.2442459243e-10],
        "mean": [3.11457142743e-06, 1.91079143406e-05, 7.86925083958e-05, 0.000205016855034, 0.000278683262877, 0.000238354230532, 0.000180609407835, 0.000319708837196, 0.000695379101671, 0.000723609235138, 0.000942612998188, 0.00124738796148, 0.000935829128139, 0.000989223830402, 0.000796298962086, 0.000641936727334, 0.000555516860913, 0.00027714992757, 0.000182093514013, 0.000540923734661, 0.00077164079994, 0.000251055054832, 0.000175226785359, 0.000182592120836, 0.000269775831839, 0.000140292962897, 0.000289535033517, 0.000718417577446, 0.000172324696905, 0.00021549637313, 0.000134475456434, 3.70847519662e-05, 6.2733568484e-05, 9.97727547656e-05, 2.18227651203e-05, 3.88733678847e-05, 5.7838835346e-05, 9.58504097071e-06, 5.23714224983e-05, 4.02483383368e-05, 1.72442069015e-05, 1.59455303219e-05, 3.14405151585e-05, 4.61872077722e-05, 1.04455057226e-05, 1.65318760992e-05, 2.68108506134e-05, 7.58214810048e-06, 2.05422038562e-05, 2.54906335613e-05, 2.12289014598e-05, 1.97329827643e-05, 1.13269543363e-05, 1.42973894981e-05, 1.79083890544e-05, 5.02910143041e-06, 8.78961509443e-06, 2.45434075623e-05, 7.41851363273e-06, 5.33297043148e-06, 6.69392238706e-06, 7.82748429629e-06, 2.77578437817e-05, 1.89714628505e-05, 5.83106975682e-06, 6.76396302879e-06, 1.17472582133e-05, 5.11745110998e-06, 2.50386165135e-06, 4.46265266874e-06, 3.63956564797e-06, 3.01703721561e-06, 3.98362863052e-06, 2.19352068598e-06, 1.16163437269e-06, 1.7413117348e-06, 1.20901461287e-06, 9.04087926301e-07, 9.28621489038e-07, 1.14323404432e-06, 1.08151357381e-06, 1.11421547899e-06, 1.06598258753e-06, 9.33087164867e-07, 9.48279364366e-07, 9.31755039346e-07, 1.22452615869e-06, 1.36699202358e-06, 1.25532710626e-06, 8.27886765364e-07, 6.48275658932e-07, 4.93245181588e-07, 4.9711951533e-07, 4.19886390546e-07, 3.49244970721e-07, 2.76745794281e-07, 1.96736465341e-07, 1.29986844399e-07, 9.11659014946e-08, 6.6967416501e-08, 4.73590482386e-08, 3.61359369094e-08, 2.96493265495e-08, 2.26973941864e-08, 1.72162302192e-08, 1.31078765619e-08, 1.06293276403e-08, 8.92669227426e-09, 7.59301954645e-09, 6.53970744224e-09, 4.92105423078e-09, 3.82920317676e-09, 3.08357406276e-09, 2.39939579316e-09, 1.928707416e-09, 2.26848921869e-08, 4.66591636439e-08, 2.31888622887e-11, 3.397266626e-12, 3.33386660292e-12, 3.2759760616e-12, 3.22120411941e-12, 3.16630619293e-12, 3.11894021894e-12, 3.07971161594e-12, 3.04569260437e-12, 3.02336215958e-12, 3.00837501611e-12],
        "min": [6.73865019341e-10, 2.6948235643e-08, 2.7134294811e-08, 7.96850869733e-08, 1.81776783847e-07, 2.40584114408e-07, 5.11115331392e-07, 3.23244933043e-08, 1.62334799825e-07, 3.30800617121e-07, 4.07995344176e-08, 8.21173884447e-08, 1.80977878017e-07, 6.08340428698e-07, 6.57566260998e-07, 7.68230847825e-08, 4.50180380085e-07, 2.89253307528e-07, 2.06857407647e-07, 1.52802741127e-07, 2.63262592171e-07, 1.78592969746e-07, 8.57995416936e-08, 3.75750829562e-07, 1.3961987122e-07, 6.13047461684e-08, 4.47510153379e-08, 4.15398702103e-08, 1.96696845478e-08, 3.17681241313e-08, 3.34908278887e-08, 3.11178958157e-08, 7.07218390517e-08, 1.27640106484e-07, 1.15965512748e-08, 2.61684505176e-08, 1.14038165577e-08, 1.35879307805e-08, 2.9734682272e-08, 6.83961189907e-08, 3.32791003643e-08, 2.27393623931e-08, 8.65604210532e-09, 1.17949188194e-08, 5.61160762302e-09, 1.36255513539e-08, 1.48303680447e-08, 1.01670538655e-08, 1.30922988006e-08, 1.43033815903e-08, 1.34862805368e-08, 5.94636206941e-09, 1.00872101783e-08, 1.70011116296e-08, 1.56330042245e-08, 1.3975856028e-08, 2.56986787406e-09, 8.37335534243e-09, 1.71958820516e-08, 8.67438831875e-09, 1.18573693086e-08, 7.99373278682e-09, 8.92311291523e-09, 9.24849974382e-09, 3.42107187024e-09, 4.36733449405e-09, 9.27859211686e-09, 8.25727664022e-09, 1.02758654918e-08, 8.68286154088e-09, 6.93632706827e-09, 6.07852435053e-09, 2.74429345914e-09, 7.39795558147e-09, 7.12453873675e-09, 3.66386943007e-09, 9.50461931382e-09, 6.70721211904e-09, 4.29079838327e-09, 6.69359279115e-09, 6.23534512911e-09, 5.01766006522e-09, 4.95115815013e-09, 4.73310901583e-09, 5.70838798453e-09, 7.89368392873e-09, 4.04642008789e-09, 5.2740438683e-09, 3.69032226999e-09, 5.3215880591e-09, 6.19081097497e-09, 5.0740665003e-09, 5.66606361829e-09, 5.56670531893e-09, 6.39855723961e-09, 6.22490148317e-09, 6.79391032321e-09, 4.38387548485e-09, 4.58511184576e-09, 4.39233627247e-09, 2.3292918705e-09, 3.18243298381e-09, 3.99978361543e-09, 1.13232090371e-09, 2.90641688494e-09, 1.42128264713e-09, 2.15228057598e-09, 1.93825089312e-09, 5.21657828045e-10, 2.09026226883e-10, 8.0346758977e-13, 6.79455610156e-14, 2.81581246357e-14, 1.48726618857e-14, 7.56727037803e-14, 2.2726369675e-09, 3.52923001934e-09, 1.50491381509e-12, 1.09293906323e-14, 8.39294284842e-15, 9.638907138e-15, 1.09219723177e-14, 9.6046090799e-15, 1.12500874705e-14, 1.19347874004e-14, 1.15476620033e-14, 1.02071053094e-14, 9.45640711325e-15],
        "stdev": [5.31647492608e-06, 3.98598058382e-05, 0.000163147822605, 0.000315274781315, 0.000487701967359, 0.00043311380432, 0.000276964739896, 0.00044962062384, 0.00134030601475, 0.00132102903444, 0.00166625634301, 0.00227177003399, 0.00202643242665, 0.00236761383712, 0.00186007993761, 0.00129442720208, 0.00117756857071, 0.000551368459128, 0.000369581975974, 0.000967786007095, 0.00152426608838, 0.000596855999902, 0.000558937783353, 0.000591491174418, 0.000839500280563, 0.000559006934054, 0.000893906573765, 0.00237638130784, 0.000580530671868, 0.0011209147051, 0.000805721792858, 0.000144400270074, 0.000176976624061, 0.000170794053702, 4.88291880174e-05, 0.000203951320145, 0.000276168982964, 2.89803210762e-05, 0.000171406456502, 0.000117327210319, 4.70584964205e-05, 7.15880523785e-05, 0.000217287655687, 0.000188830512343, 2.8836340789e-05, 4.62925272586e-05, 6.92455869284e-05, 3.34455580742e-05, 9.14660558919e-05, 6.80498123984e-05, 3.96241739509e-05, 4.34483554272e-05, 3.34396354447e-05, 4.10922148149e-05, 4.96489992656e-05, 1.51201165863e-05, 2.050841249e-05, 4.80136586702e-05, 1.3134744222e-05, 1.04538166852e-05, 1.64914490597e-05, 1.87021469173e-05, 9.03621112229e-05, 8.54236859595e-05, 1.25154583657e-05, 1.590260581e-05, 2.67418108706e-05, 9.23699826672e-06, 6.86541079631e-06, 1.1723197531e-05, 8.64411867951e-06, 6.03322268944e-06, 1.6424786736e-05, 7.08965353624e-06, 3.49324864146e-06, 5.97481221121e-06, 4.05859373132e-06, 3.13628606818e-06, 3.90461673305e-06, 3.74857563656e-06, 5.25393261341e-06, 4.84025440528e-06, 5.62486411582e-06, 4.22403718403e-06, 3.52312713403e-06, 3.47188051819e-06, 4.18010404246e-06, 5.17137323186e-06, 4.80321614305e-06, 3.35439926857e-06, 2.49740560321e-06, 1.68464566741e-06, 1.81282655376e-06, 1.46693287206e-06, 1.10280075205e-06, 7.87279873293e-07, 5.08932373577e-07, 4.55956495671e-07, 2.42007104134e-07, 1.96816273501e-07, 1.2181597242e-07, 8.85923086003e-08, 8.2186758732e-08, 4.73845815918e-08, 2.98754407879e-08, 1.68647478205e-08, 1.15250413657e-08, 9.55714174466e-09, 7.34509209011e-09, 6.4935066213e-09, 5.32708810397e-09, 4.4775259056e-09, 4.42250236432e-09, 3.7152692034e-09, 3.20041593227e-09, 1.23877716973e-08, 2.88272765658e-08, 3.18517642817e-11, 1.70835047497e-11, 1.87311624544e-11, 1.96482934089e-11, 2.00195172939e-11, 2.01627447377e-11, 2.0228844641e-11, 2.02334676791e-11, 2.01192881799e-11, 2.00798648542e-11, 2.00630449754e-11]
    },
    "mfcc": {
        "mean": [-670.284057617, 143.552368164, -12.1135778427, 17.7943954468, -9.87928199768, -11.4551296234, -13.3933267593, -1.2574647665, -14.9621124268, 0.408927828074, -7.90391492844, -2.27617907524, -2.55085349083],
        "cov": [[2429.3972168, -652.0078125, -450.765350342, 312.704315186, -99.479850769, 6.70060682297, -135.230682373, 88.5120544434, -119.720970154, 180.695404053, -91.3608856201, -135.916946411, -157.15725708], [-652.0078125, 778.991394043, 60.5131797791, -83.3001251221, 68.5572662354, -35.0518798828, 143.253723145, -62.8945846558, 2.91606020927, -28.2623920441, 23.0414390564, -15.5271644592, 30.3016033173], [-450.765350342, 60.5131797791, 441.820251465, -65.7308197021, -0.848367810249, 90.7554855347, 1.90003430843, 18.2377243042, 8.31887626648, -43.029258728, 17.4272880554, 24.8638591766, 3.78453373909], [312.704315186, -83.3001251221, -65.7308197021, 286.275421143, 139.265548706, 39.5165061951, -36.250087738, -0.698769927025, -10.9637613297, 0.123352780938, -25.3393688202, -27.0461025238, -39.6152572632], [-99.479850769, 68.5572662354, -0.848367810249, 139.265548706, 219.064407349, 68.0765838623, -7.20985651016, -12.4836826324, 15.924202919, -11.0656461716, -9.85833263397, -3.3323559761, -5.89117670059], [6.70060682297, -35.0518798828, 90.7554855347, 39.5165061951, 68.0765838623, 164.737380981, 21.088306427, -10.6035079956, 3.83667111397, -14.3522052765, 13.4304037094, 8.46804332733, -11.4184455872], [-135.230682373, 143.253723145, 1.90003430843, -36.250087738, -7.20985651016, 21.088306427, 160.003433228, 6.82673835754, 0.935511529446, 16.9939880371, 16.8992443085, -1.86009442806, 6.07751464844], [88.5120544434, -62.8945846558, 18.2377243042, -0.698769927025, -12.4836826324, -10.6035079956, 6.82673835754, 110.511108398, 19.5204734802, 14.6451702118, -1.39263308048, -4.99413204193, 12.7637996674], [-119.720970154, 2.91606020927, 8.31887626648, -10.9637613297, 15.924202919, 3.83667111397, 0.935511529446, 19.5204734802, 119.029815674, 20.0026359558, 7.86860847473, 6.53747844696, 21.1511287689], [180.695404053, -28.2623920441, -43.029258728, 0.123352780938, -11.0656461716, -14.3522052765, 16.9939880371, 14.6451702118, 20.0026359558, 122.66569519, 6.74641036987, -37.347240448, -15.3570575714], [-91.3608856201, 23.0414390564, 17.4272880554, -25.3393688202, -9.85833263397, 13.4304037094, 16.8992443085, -1.39263308048, 7.86860847473, 6.74641036987, 81.668182373, 35.8621444702, 13.4965353012], [-135.916946411, -15.5271644592, 24.8638591766, -27.0461025238, -3.3323559761, 8.46804332733, -1.86009442806, -4.99413204193, 6.53747844696, -37.347240448, 35.8621444702, 112.703407288, 53.8372955322], [-157.15725708, 30.3016033173, 3.78453373909, -39.6152572632, -5.89117670059, -11.4184455872, 6.07751464844, 12.7637996674, 21.1511287689, -15.3570575714, 13.4965353012, 53.8372955322, 98.4772567749]],
        "icov": [[0.00130621460266, 0.000250905723078, 0.00122477044351, -0.00134102255106, 0.00166282581631, -0.00139796640724, 0.000904095941223, -0.00121639820281, 0.0011684539495, -0.00161211530212, 0.000889708462637, -0.000204778581974, 0.000947711174376], [0.000250905723078, 0.00234161829576, -0.000320537743391, 0.000568380404729, -0.00143535144161, 0.00144294812344, -0.00200894568115, 0.00131134106778, 0.000209098405321, 0.000571707903873, -0.000690179818776, 0.00143179588486, -0.000687604304403], [0.00122477044351, -0.000320537743391, 0.00420013256371, -0.000441170559498, 0.00192744331434, -0.00352050550282, 0.00174815906212, -0.00234884303063, 0.000979655655101, -0.000830067496281, 0.000862194981892, -0.000695219554473, 0.00154002581257], [-0.00134102255106, 0.000568380404729, -0.000441170559498, 0.00778014957905, -0.00600315956399, 0.0013797886204, -0.000525448587723, 0.000774402869865, -0.000423909077654, 0.00193140283227, -0.000509376637638, 0.000685073260684, 0.000652187212836], [0.00166282581631, -0.00143535144161, 0.00192744331434, -0.00600315956399, 0.0112166386098, -0.0053472770378, 0.00255749956705, -0.00173172983341, 0.000134927569889, -0.00227056676522, 0.00223459070548, -0.00114662479609, 0.000661452941131], [-0.00139796640724, 0.00144294812344, -0.00352050550282, 0.0013797886204, -0.0053472770378, 0.0113940257579, -0.00395998172462, 0.0032113136258, -0.00145315949339, 0.00274337688461, -0.00279208738357, 0.00078611279605, -0.000462380732642], [0.000904095941223, -0.00200894568115, 0.00174815906212, -0.000525448587723, 0.00255749956705, -0.00395998172462, 0.00964368786663, -0.00285162567161, 0.00128755124751, -0.00276516098529, 0.000266525923507, -0.000825581664685, 0.000957759679295], [-0.00121639820281, 0.00131134106778, -0.00234884303063, 0.000774402869865, -0.00173172983341, 0.0032113136258, -0.00285162567161, 0.0122138839215, -0.00250230589882, 0.0011172540253, -0.00114864401985, 0.00210735597648, -0.00336422747932], [0.0011684539495, 0.000209098405321, 0.000979655655101, -0.000423909077654, 0.000134927569889, -0.00145315949339, 0.00128755124751, -0.00250230589882, 0.0106255318969, -0.00330371921882, 0.000353435316356, -0.000164392549777, -0.00107930530794], [-0.00161211530212, 0.000571707903873, -0.000830067496281, 0.00193140283227, -0.00227056676522, 0.00274337688461, -0.00276516098529, 0.0011172540253, -0.00330371921882, 0.0127869937569, -0.00395081518218, 0.00470321578905, -0.00105780025478], [0.000889708462637, -0.000690179818776, 0.000862194981892, -0.000509376637638, 0.00223459070548, -0.00279208738357, 0.000266525923507, -0.00114864401985, 0.000353435316356, -0.00395081518218, 0.0166462156922, -0.00669937813655, 0.00202566199005], [-0.000204778581974, 0.00143179588486, -0.000695219554473, 0.000685073260684, -0.00114662479609, 0.00078611279605, -0.000825581664685, 0.00210735597648, -0.000164392549777, 0.00470321578905, -0.00669937813655, 0.0167006105185, -0.00810795929283], [0.000947711174376, -0.000687604304403, 0.00154002581257, 0.000652187212836, 0.000661452941131, -0.000462380732642, 0.000957759679295, -0.00336422747932, -0.00107930530794, -0.00105780025478, 0.00202566199005, -0.00810795929283, 0.0166665390134]]
    },
    "spectral_contrast_coeffs": {
        "max": [-0.384537786245, -0.442396521568, -0.431931972504, -0.596567988396, -0.568852603436, -0.544264853001],
        "mean": [-0.644218623638, -0.693181991577, -0.688021659851, -0.759475111961, -0.767058908939, -0.775291204453],
        "min": [-0.838197290897, -0.896242320538, -0.897347390652, -0.911392390728, -0.889571785927, -0.867617845535],
        "stdev": [0.0867710188031, 0.0747469365597, 0.0754472240806, 0.0450282543898, 0.0466454401612, 0.0401123948395]
    },
    "spectral_contrast_valleys": {
        "max": [-5.54053401947, -5.15269994736, -6.23285007477, -6.54692840576, -5.95657014847, -8.65914916992],
        "mean": [-7.20609283447, -6.67837619781, -7.97220230103, -8.09761333466, -8.04043006897, -10.8642930984],
        "min": [-9.75263786316, -8.68787288666, -10.1429481506, -10.1974687576, -10.1434144974, -11.827881813],
        "stdev": [0.639181613922, 0.490558177233, 0.536198139191, 0.59614276886, 0.63501894474, 0.486407488585]
    }
},
"rhythm": {
    "beats_count": 107,
    "beats_loudness": {
        "max": 0.060765735805,
        "mean": 0.0245749168098,
        "min": 0.00352129735984,
        "stdev": 0.0147582963109
    },
    "bpm": 125.793617249,
    "bpm_histogram_first_peak_bpm": 126,
    "bpm_histogram_first_peak_weight": 0.494736850262,
    "bpm_histogram_second_peak_bpm": 101,
    "bpm_histogram_second_peak_spread": 0.285714268684,
    "bpm_histogram_second_peak_weight": 0.0471698120236,
    "danceability": 0.938007950783,
    "onset_rate": 2.8704559803,
    "beats_loudness_band_ratio": {
        "max": [0.589327633381, 0.918049991131, 0.740017652512, 0.781589269638, 0.231553718448, 0.213159427047],
        "mean": [0.14015135169, 0.396946102381, 0.321176052094, 0.133077099919, 0.0685591101646, 0.0325475558639],
        "min": [0.00451164366677, 0.00548900850117, 0.0359349623322, 0.0132146477699, 0.000490439182613, 0.000268252479145],
        "stdev": [0.133729562163, 0.224791124463, 0.191301882267, 0.141114607453, 0.0550677925348, 0.0365483723581]
    },
