{
"metadata": {
    "version": {
        "essentia": "2.1-beta5",
        "essentia_git_sha": "Undefined",
        "extractor": "music 2.0"
    },
    "audio_properties": {
        "analysis": {
            "equal_loudness": 0,
            "length": 12.7477550507,
            "sample_rate": 44100,
            "start_time": 0,
            "downmix": "mix"
        },
        "bit_rate": 192000,
        "length": 168.437561035,
        "lossless": 0,
        "number_channels": 1,
        "replay_gain": -10.9141998291,
        "sample_rate": 48000,
        "codec": "mp3",
        "md5_encoded": "d83cef134b7564249bbdad01041726e4"
    },
    "tags": {
        "file_name": "Yugoslavia_Rock Me_Riva.mp3",
        "encoding": ["Lavf58.29.100"]
    }
},
"lowlevel": {
    "average_loudness": 0.976256251335,
    "barkbands_crest": {
        "max": 21.8371276855,
        "mean": 7.84581947327,
        "min": 2.49644207954,
        "stdev": 3.3977599144
    },
    "barkbands_flatness_db": {
        "max": 0.273921281099,
        "mean": 0.152886509895,
        "min": 0.0458051711321,
        "stdev": 0.0444486066699
    },
    "barkbands_kurtosis": {
        "max": 17.688873291,
        "mean": 1.84726178646,
        "min": -1.70071554184,
        "stdev": 2.88289451599
    },
    "barkbands_skewness": {
        "max": 3.63827610016,
        "mean": 0.802930295467,
        "min": -2.25949263573,
        "stdev": 1.20154285431
    },
    "barkbands_spread": {
        "max": 70.3012008667,
        "mean": 20.8861846924,
        "min": 3.79177641869,
        "stdev": 9.89944839478
    },
    "dissonance": {
        "max": 0.499681800604,
        "mean": 0.47164323926,
        "min": 0.354360073805,
        "stdev": 0.0242856722325
    },
    "dynamic_complexity": 1.94477200508,
    "erbbands_crest": {
        "max": 21.3940525055,
        "mean": 6.88222980499,
        "min": 2.71758890152,
        "stdev": 3.35942053795
    },
    "erbbands_flatness_db": {
        "max": 0.314718127251,
        "mean": 0.199335455894,
        "min": 0.0838150531054,
        "stdev": 0.0474859960377
    },
    "erbbands_kurtosis": {
        "max": 6.07605838776,
        "mean": -0.125508725643,
        "min": -1.60905539989,
        "stdev": 1.01682293415
    },
    "erbbands_skewness": {
        "max": 2.0024766922,
        "mean": 0.146384835243,
        "min": -1.89397192001,
        "stdev": 0.616516888142
    },
    "erbbands_spread": {
        "max": 70.4384155273,
        "mean": 33.2077713013,
        "min": 9.40819168091,
        "stdev": 11.503528595
    },
    "hfc": {
        "max": 67.6962127686,
        "mean": 18.3940830231,
        "min": 1.09650711275e-16,
        "stdev": 13.2816696167
    },
    "loudness_ebu128": {
        "integrated": -16.2531986237,
        "loudness_range": 1.2978515625,
        "momentary": {
            "max": -13.7793970108,
            "mean": -37.786151886,
            "min": -300.691009521,
            "stdev": 73.7448959351
        },
        "short_term": {
            "max": -15.4902229309,
            "mean": -16.3713264465,
            "min": -18.0666942596,
            "stdev": 0.494593888521
        }
    },
    "melbands_crest": {
        "max": 27.5732650757,
        "mean": 10.0756177902,
        "min": 1.52225065231,
        "stdev": 4.83541965485
    },
    "melbands_flatness_db": {
        "max": 0.313262581825,
        "mean": 0.154572024941,
        "min": 0.00189654447604,
        "stdev": 0.0708917081356
    },
    "melbands_kurtosis": {
        "max": 35.6855583191,
        "mean": 5.23342847824,
        "min": -1.40986585617,
        "stdev": 6.07758045197
    },
    "melbands_skewness": {
        "max": 5.47815990448,
        "mean": 1.68478298187,
        "min": -0.511354506016,
        "stdev": 1.11904597282
    },
    "melbands_spread": {
        "max": 165.460525513,
        "mean": 37.0389251709,
        "min": 4.03778266907,
        "stdev": 36.4358482361
    },
    "pitch_salience": {
        "max": 0.933646321297,
        "mean": 0.667917251587,
        "min": 0.248896062374,
        "stdev": 0.104502439499
    },
    "silence_rate_20dB": {
        "max": 1,
        "mean": 1,
        "min": 1,
        "stdev": 0
    },
    "silence_rate_30dB": {
        "max": 1,
        "mean": 1,
        "min": 1,
        "stdev": 0
    },
    "silence_rate_60dB": {
        "max": 1,
        "mean": 0.110909089446,
        "min": 0,
        "stdev": 0.314021736383
    },
    "spectral_centroid": {
        "max": 11526.6132812,
        "mean": 2395.9128418,
        "min": 425.356170654,
        "stdev": 2897.59912109
    },
    "spectral_complexity": {
        "max": 53,
        "mean": 22.8290901184,
        "min": 0,
        "stdev": 11.0601596832
    },
    "spectral_decrease": {
        "max": 2.10277581338e-28,
        "mean": -5.39201927552e-09,
        "min": -2.06636414646e-08,
        "stdev": 3.95579968782e-09
    },
    "spectral_energy": {
        "max": 0.0838351845741,
        "mean": 0.0220191478729,
        "min": 1.01329099972e-20,
        "stdev": 0.0158058349043
    },
    "spectral_energyband_high": {
        "max": 0.0081781623885,
        "mean": 0.000530503806658,
        "min": 7.15366473251e-21,
        "stdev": 0.000808166863862
    },
    "spectral_energyband_low": {
        "max": 0.0445160381496,
        "mean": 0.00331021379679,
        "min": 2.08233814548e-23,
        "stdev": 0.00453310180455
    },
    "spectral_energyband_middle_high": {
        "max": 0.0370946675539,
        "mean": 0.00584735767916,
        "min": 1.11310247772e-21,
        "stdev": 0.00492947967723
    },
    "spectral_energyband_middle_low": {
        "max": 0.066294066608,
        "mean": 0.0129741523415,
        "min": 1.84304110263e-22,
        "stdev": 0.012829949148
    },
    "spectral_entropy": {
        "max": 9.81764698029,
        "mean": 7.80529928207,
        "min": 6.70714902878,
        "stdev": 0.717892348766
    },
    "spectral_flux": {
        "max": 0.238164380193,
        "mean": 0.0774713903666,
        "min": 6.36690353217e-11,
        "stdev": 0.0406207554042
    },
    "spectral_kurtosis": {
        "max": 22.1778182983,
        "mean": 3.04718494415,
        "min": -1.26262533665,
        "stdev": 2.99151325226
    },
    "spectral_rms": {
        "max": 0.00904380530119,
        "mean": 0.00419813394547,
        "min": 3.1441637488e-12,
        "stdev": 0.00196411181241
    },
    "spectral_rolloff": {
        "max": 19724.4140625,
        "mean": 3417.67138672,
        "min": 172.265625,
        "stdev": 5284.98583984
    },
    "spectral_skewness": {
        "max": 3.53676652908,
        "mean": 1.07461488247,
        "min": -0.0593936666846,
        "stdev": 0.534368872643
    },
    "spectral_spread": {
        "max": 41866360,
        "mean": 6862447,
        "min": 2080071.375,
        "stdev": 11119570
    },
    "spectral_strongpeak": {
        "max": 7.0161652565,
        "mean": 0.93737912178,
        "min": 0,
        "stdev": 1.00388038158
    },
    "zerocrossingrate": {
        "max": 0.837890625,
        "mean": 0.108378015459,
        "min": 0.0146484375,
        "stdev": 0.146340072155
    },
    "barkbands": {
        "max": [0.00053944636602, 0.020635150373, 0.0233458094299, 0.0144465053454, 0.0416893027723, 0.0441119931638, 0.0366587676108, 0.01652354002, 0.0338780768216, 0.0163876228034, 0.00879403669387, 0.0233868639916, 0.00898420996964, 0.00666815740988, 0.00825933832675, 0.00316086434759, 0.00530624296516, 0.00429771095514, 0.00302921119146, 0.00699580227956, 0.00221164384857, 0.00166136107873, 0.0025118466001, 0.00128219870385, 9.14785632631e-05, 8.37401273657e-07, 8.45059105359e-07],
        "mean": [2.48998640018e-05, 0.00108560023364, 0.00168869260233, 0.00119958247524, 0.00305197946727, 0.0034835813567, 0.00225294055417, 0.00111483130604, 0.00162263703533, 0.000750291685108, 0.000665339117404, 0.000741190568078, 0.000717943708878, 0.000567219918594, 0.000669617787935, 0.000534420425538, 0.00046877990826, 0.000360899983207, 0.000338232755894, 0.000258209678577, 0.000179714639671, 0.000127479070215, 7.10911044735e-05, 4.22765078838e-05, 1.68267877143e-06, 2.88967227924e-09, 2.19241624855e-09],
        "min": [1.38897520317e-24, 2.3820015937e-24, 1.97768099471e-24, 7.09507611828e-25, 8.32815445999e-24, 7.89997101583e-24, 1.17047670686e-23, 4.52922043264e-24, 1.31034040429e-23, 2.78948315834e-23, 1.26625846247e-23, 3.00588600622e-23, 3.67969880593e-23, 2.29530723961e-23, 3.57788526206e-23, 6.4139566522e-23, 8.05927753133e-23, 7.74203364731e-23, 1.40377545649e-22, 1.93412866255e-22, 2.24828160022e-22, 3.09612178568e-22, 3.85864029025e-22, 5.62183276584e-22, 8.23484603575e-22, 1.4271196051e-21, 2.0367331373e-21],
        "stdev": [4.24085956183e-05, 0.00218414911069, 0.00254482892342, 0.00175345281605, 0.00441518751904, 0.00645544240251, 0.00415583513677, 0.00207373220474, 0.0037183535751, 0.00137749896385, 0.0009164607618, 0.00171927746851, 0.00105561234523, 0.000852999626659, 0.000855915481225, 0.00055778468959, 0.000542783818673, 0.000423177494667, 0.000406236795243, 0.000424071884481, 0.000239529341343, 0.00021348183509, 0.000191821731278, 0.000119950265798, 5.91812931816e-06, 3.5728930925e-08, 3.59852059262e-08]
    },
    "erbbands": {
        "max": [0.20572501421, 6.28284454346, 29.815202713, 21.584980011, 108.294273376, 223.00932312, 292.723388672, 547.770202637, 528.704650879, 546.432800293, 331.498809814, 951.864318848, 557.789123535, 509.496002197, 308.335266113, 873.036437988, 546.840820312, 381.291442871, 305.000488281, 272.221221924, 177.841033936, 247.519622803, 280.494873047, 165.065887451, 255.463760376, 270.33605957, 107.094299316, 68.647857666, 74.4825592041, 74.3246765137, 54.0456848145, 34.461807251, 15.9161920547, 2.32543158531, 0.0648929476738, 0.00396482087672, 0.00154639023822, 0.000537164276466, 0.000124737824081, 9.91736960714e-05],
        "mean": [0.0185198448598, 0.30733910203, 1.78315031528, 2.99475097656, 6.75989723206, 12.5387926102, 16.4409542084, 31.2046527863, 26.9033546448, 36.7574653625, 25.4071369171, 36.059677124, 27.4208869934, 29.4396724701, 21.9238376617, 32.2273025513, 34.0527839661, 29.9465522766, 31.9164104462, 33.0317115784, 29.1658058167, 25.6717033386, 19.7582931519, 20.6877880096, 16.1673755646, 11.06062603, 8.16993236542, 6.42093086243, 4.67422294617, 3.41466927528, 1.78437209129, 1.21876096725, 0.474251866341, 0.0578089021146, 0.00172574981116, 0.000140865071444, 3.07265618176e-05, 8.81759297044e-06, 1.35724158099e-05, 2.67020604952e-05],
        "min": [1.11094536598e-22, 2.84748317821e-22, 2.89843379819e-21, 1.10197728219e-20, 2.40488772115e-20, 2.68440869068e-20, 4.69303150042e-20, 1.02089125474e-19, 1.41008251176e-19, 2.5556378335e-19, 2.51096025765e-19, 3.55908184579e-19, 6.65680370493e-19, 7.84406947982e-19, 9.64328709078e-19, 1.61844938561e-18, 1.96494562483e-18, 1.60666144149e-18, 3.00343448795e-18, 3.39933078054e-18, 3.78581003544e-18, 5.18643071251e-18, 5.48945302708e-18, 5.95629225811e-18, 6.93312680068e-18, 8.14744613788e-18, 7.04618832834e-18, 1.10452740634e-17, 1.04808879043e-17, 1.17087275086e-17, 1.20608864195e-17, 1.25959192474e-17, 9.97845426434e-18, 8.36255611053e-18, 5.79184875233e-18, 4.50327754745e-18, 2.57402042335e-18, 9.43200551679e-19, 2.6768084195e-19, 2.8954355512e-20],
        "stdev": [0.03122276254, 0.624529659748, 2.90456819534, 3.33993625641, 10.085524559, 21.9564170837, 34.6403923035, 63.794631958, 46.7457733154, 69.1484680176, 41.1883201599, 82.1706390381, 55.1728782654, 48.0446052551, 28.6792316437, 66.3599777222, 52.248462677, 39.9856452942, 37.5046348572, 35.0403938293, 27.4484405518, 28.2666664124, 23.9731330872, 25.4412784576, 24.202796936, 16.964969635, 11.2845697403, 8.41264724731, 7.68201541901, 7.27543640137, 4.7077498436, 3.48825001717, 1.30537188053, 0.174608126283, 0.0049886177294, 0.000355809926987, 7.9296027252e-05, 2.51886176557e-05, 1.02323720057e-05, 1.83896918315e-05]
    },
    "gfcc": {
        "mean": [-148.74067688, 125.15221405, -162.586654663, 46.620059967, -67.1545639038, 3.10290050507, -27.164642334, -15.6500234604, 0.0344686694443, -22.115655899, 5.22385931015, -19.8733844757, 1.5936306715],
        "cov": [[145842.8125, 16664.5410156, -20551.8261719, 6239.8125, -8687.22070312, 438.479614258, -3487.00952148, -2109.39770508, 65.8080291748, -2991.43115234, 701.938903809, -2640.41333008, 239.604217529], [16664.5410156, 2795.80151367, -2020.72741699, 631.254394531, -881.052246094, -187.057189941, -400.737548828, -319.299194336, 54.8522415161, -383.668060303, 109.46672821, -362.117248535, 41.3190155029], [-20551.8261719, -2020.72741699, 3431.79882812, -684.736877441, 1270.2088623, -108.766639709, 413.692321777, 267.425109863, -26.1082077026, 407.867645264, -87.2818069458, 364.845214844, -21.6004943848], [6239.8125, 631.254394531, -684.736877441, 582.922424316, -273.35824585, 122.64730072, -137.525360107, -57.6347579956, -13.3217115402, -122.288223267, 38.7785835266, -78.6907958984, 17.8785095215], [-8687.22070312, -881.052246094, 1270.2088623, -273.35824585, 663.382995605, 6.11526298523, 238.495773315, 141.285675049, 13.8140087128, 178.339324951, -25.0555419922, 168.227706909, -2.83029675484], [438.479614258, -187.057189941, -108.766639709, 122.64730072, 6.11526298523, 210.23588562, 74.7282485962, 65.5740661621, 5.36404275894, 6.4316573143, 5.1053481102, 19.7756462097, -7.38104391098], [-3487.00952148, -400.737548828, 413.692321777, -137.525360107, 238.495773315, 74.7282485962, 250.711151123, 113.026634216, 23.3130626678, 78.438041687, -18.1473846436, 64.6632995605, -24.635723114], [-2109.39770508, -319.299194336, 267.425109863, -57.6347579956, 141.285675049, 65.5740661621, 113.026634216, 117.825050354, 23.407907486, 60.8968276978, 4.61318492889, 45.6671867371, -8.98436450958], [65.8080291748, 54.8522415161, -26.1082077026, -13.3217115402, 13.8140087128, 5.36404275894, 23.3130626678, 23.407907486, 49.9785385132, 17.3282642365, 7.05611944199, -5.94393062592, -5.31861352921], [-2991.43115234, -383.668060303, 407.867645264, -122.288223267, 178.339324951, 6.4316573143, 78.438041687, 60.8968276978, 17.3282642365, 104.373260498, 2.84557843208, 53.6840629578, -11.2807731628], [701.938903809, 109.46672821, -87.2818069458, 38.7785835266, -25.0555419922, 5.1053481102, -18.1473846436, 4.61318492889, 7.05611944199, 2.84557843208, 48.3658027649, -0.755364656448, 4.56344461441], [-2640.41333008, -362.117248535, 364.845214844, -78.6907958984, 168.227706909, 19.7756462097, 64.6632995605, 45.6671867371, -5.94393062592, 53.6840629578, -0.755364656448, 92.4430923462, 18.1684761047], [239.604217529, 41.3190155029, -21.6004943848, 17.8785095215, -2.83029675484, -7.38104391098, -24.635723114, -8.98436450958, -5.31861352921, -11.2807731628, 4.56344461441, 18.1684761047, 45.7178916931]],
        "icov": [[0.000839587417431, -0.00203871773556, 0.0021973059047, -0.00232085166499, 0.0027424977161, -0.00159775267821, 0.00179052201565, -0.000690282904543, 0.000649269728456, -0.000426230515586, 0.000512218044605, 7.6512558735e-05, 1.79547769221e-05], [-0.00203871773556, 0.0082486756146, -0.0058061145246, 0.00416388176382, -0.00612018164247, 0.0062797232531, -0.00684941513464, 0.00578586896881, -0.00808608159423, 0.00861706025898, -0.00868907105178, 0.00745208840817, -0.0039693498984], [0.0021973059047, -0.0058061145246, 0.00733781373128, -0.00596750713885, 0.0051272585988, -0.00332954572514, 0.00550745846704, -0.0033640996553, 0.00443965522572, -0.00420322129503, 0.00407995888963, -0.00239478074946, 0.00164246046916], [-0.00232085166499, 0.00416388176382, -0.00596750713885, 0.0105597414076, -0.00804277416319, 0.000427616439993, -0.00241053127684, 0.000458602182334, 0.000950805901084, 0.000706507242285, -0.00043499545427, -0.00196795398369, 0.000923914310988], [0.0027424977161, -0.00612018164247, 0.0051272585988, -0.00804277416319, 0.0162736866623, -0.00476839067414, 0.00273967906833, -0.00111169577576, -0.000966304854956, -0.00150940089952, 0.00018190962146, -0.00154112535529, -0.00166930421256], [-0.00159775267821, 0.0062797232531, -0.00332954572514, 0.000427616439993, -0.00476839067414, 0.014731281437, -0.00751790031791, -0.000895750126801, -0.00365931168199, 0.00433978717774, -0.00378846982494, 0.00102026597597, -0.000568345771171], [0.00179052201565, -0.00684941513464, 0.00550745846704, -0.00241053127684, 0.00273967906833, -0.00751790031791, 0.0161108020693, -0.0100849997252, 0.00511272437871, -0.0053737629205, 0.00939590390772, -0.00701581966132, 0.00712575623766], [-0.000690282904543, 0.00578586896881, -0.0033640996553, 0.000458602182334, -0.00111169577576, -0.000895750126801, -0.0100849997252, 0.0275521762669, -0.0146977296099, 0.00636736629531, -0.0139569342136, 0.00865680258721, -0.00579946814105], [0.000649269728456, -0.00808608159423, 0.00443965522572, 0.000950805901084, -0.000966304854956, -0.00365931168199, 0.00511272437871, -0.0146977296099, 0.0412895418704, -0.0227642338723, 0.0139305824414, -0.0088381562382, 0.00615539588034], [-0.000426230515586, 0.00861706025898, -0.00420322129503, 0.000706507242285, -0.00150940089952, 0.00433978717774, -0.0053737629205, 0.00636736629531, -0.0227642338723, 0.0462181195617, -0.0242442656308, 0.0132815940306, -0.00295576709323], [0.000512218044605, -0.00868907105178, 0.00407995888963, -0.00043499545427, 0.00018190962146, -0.00378846982494, 0.00939590390772, -0.0139569342136, 0.0139305824414, -0.0242442656308, 0.0442045368254, -0.0214589256793, 0.00874015595764], [7.6512558735e-05, 0.00745208840817, -0.00239478074946, -0.00196795398369, -0.00154112535529, 0.00102026597597, -0.00701581966132, 0.00865680258721, -0.0088381562382, 0.0132815940306, -0.0214589256793, 0.049611710012, -0.0248329006135], [1.79547769221e-05, -0.0039693498984, 0.00164246046916, 0.000923914310988, -0.00166930421256, -0.000568345771171, 0.00712575623766, -0.00579946814105, 0.00615539588034, -0.00295576709323, 0.00874015595764, -0.0248329006135, 0.0372693687677]]
    },
    "melbands": {
        "max": [0.00337633723393, 0.0126041928306, 0.00581711158156, 0.00710094673559, 0.00753974402323, 0.0106771141291, 0.00774173531681, 0.00556787243113, 0.0035564743448, 0.00650912988931, 0.00281682168134, 0.0020888778381, 0.000767961726524, 0.00112359505147, 0.0042450549081, 0.000607625232078, 0.000853103469126, 0.000654110161122, 0.000836368650198, 0.000322003295878, 0.000253065401921, 0.000291720556561, 0.00024467104231, 0.000147525657667, 0.000146107500768, 0.000141054028063, 0.000385624793125, 0.00011256759899, 7.19360177754e-05, 4.9436926929e-05, 4.0500646719e-05, 4.48367500212e-05, 4.2069445044e-05, 5.29454046045e-05, 3.57308381354e-05, 2.96096895909e-05, 2.10466569115e-05, 1.23457884911e-05, 6.07801848673e-06, 7.4243337167e-07],
        "mean": [0.000228598277317, 0.000742829113733, 0.00063519901596, 0.000691787805408, 0.00056806759676, 0.000682093028445, 0.000445878744358, 0.000372264767066, 0.000212124752579, 0.000230716221267, 0.000132359637064, 0.000115747978271, 7.46975274524e-05, 6.94555710652e-05, 9.64545542956e-05, 6.68817156111e-05, 5.48457319383e-05, 4.8036352382e-05, 5.49393807887e-05, 4.03832455049e-05, 3.24894026562e-05, 2.83079243673e-05, 1.96756445803e-05, 1.53900382429e-05, 1.72892523551e-05, 1.10533510451e-05, 1.13899668577e-05, 6.47374781693e-06, 5.08758057549e-06, 4.55899771623e-06, 3.42106909557e-06, 2.77208005173e-06, 2.17207025344e-06, 1.74041383616e-06, 1.04064952211e-06, 8.76592650911e-07, 6.85721602167e-07, 3.82500076057e-07, 1.44920747402e-07, 1.26346435536e-08],
        "min": [1.28030241512e-24, 2.16014254993e-24, 2.97277853955e-24, 1.74186029621e-24, 1.29924927634e-24, 2.29570040789e-24, 2.04463398632e-24, 2.15766296289e-24, 2.19503623435e-24, 2.12181239019e-24, 2.89793595281e-24, 2.87293517578e-24, 2.31454254782e-24, 2.68822832521e-24, 3.87078426746e-24, 3.14319852748e-24, 2.83748652772e-24, 3.94645180549e-24, 2.92223346033e-24, 2.51496804358e-24, 4.12189368195e-24, 4.76207126705e-24, 4.95515167892e-24, 3.30074982747e-24, 3.61571201021e-24, 4.88929086523e-24, 3.63933484445e-24, 4.53519723729e-24, 3.18108830562e-24, 5.34449516198e-24, 5.69452497297e-24, 5.43441150011e-24, 5.30648034939e-24, 5.63291651399e-24, 5.52961517846e-24, 6.44592879026e-24, 6.42732902784e-24, 6.40343127557e-24, 6.12950366497e-24, 6.32514787478e-24],
        "stdev": [0.000418199197156, 0.00120083068032, 0.000724367273506, 0.000958829128649, 0.00104485277552, 0.00130877865013, 0.000758250593208, 0.000686314830091, 0.000387903681258, 0.000551296398044, 0.000279081141343, 0.000195453278138, 9.43318373174e-05, 9.73809073912e-05, 0.000295825651847, 8.76034755493e-05, 8.49627540447e-05, 6.55689364066e-05, 7.90415069787e-05, 4.7281744628e-05, 3.38893005392e-05, 3.22124869854e-05, 2.42375281232e-05, 1.81032737601e-05, 2.27192067541e-05, 1.51021104102e-05, 2.35118659475e-05, 9.36627293413e-06, 7.45701345295e-06, 6.04070282861e-06, 4.73454429084e-06, 4.51972528026e-06, 4.27479835707e-06, 4.18048193751e-06, 2.87696911982e-06, 2.51008736996e-06, 1.97102690436e-06, 1.03599427348e-06, 4.28539209452e-07, 4.58667486214e-08]
    },
    "melbands128": {
        "max": [0.000332096300554, 0.00191243865993, 0.00358871603385, 0.0132346395403, 0.0185540467501, 0.0085916435346, 0.00459689181298, 0.00923941563815, 0.0143318707123, 0.00861180666834, 0.0163658894598, 0.0145627334714, 0.0131369493902, 0.0179594941437, 0.0165019854903, 0.0172141604125, 0.00668799038976, 0.0128552410752, 0.015087813139, 0.0088954847306, 0.00630030361935, 0.00534125510603, 0.00536511279643, 0.00916768424213, 0.00688166543841, 0.0130382301286, 0.00767776090652, 0.00545277493075, 0.00364480516873, 0.00315368385054, 0.00325498078018, 0.00218362011947, 0.000779155176133, 0.00227741803974, 0.00131218624301, 0.00161874503829, 0.00157581013627, 0.00961050949991, 0.0019921453204, 0.00121520867106, 0.000917187484447, 0.0008002948598, 0.00137206551153, 0.00106168107595, 0.00144985225052, 0.000981900491752, 0.000929730944335, 0.00192905555014, 0.00081581925042, 0.000496862456203, 0.000680000463035, 0.00047232673387, 0.000229221623158, 0.000554156780709, 0.000368371343939, 0.000255502091022, 0.000440485047875, 0.000290713098366, 0.000460302777356, 0.000455507775769, 0.000240656838287, 0.000162930722581, 0.000441341398982, 0.000235500148847, 0.000157845468493, 0.000141819487908, 0.000257221865468, 0.000335894641466, 0.00053134461632, 0.000405664555728, 9.13738986128e-05, 9.45596766542e-05, 7.70696060499e-05, 8.39360800455e-05, 8.32114310469e-05, 4.16147631768e-05, 4.28610474046e-05, 5.05099924339e-05, 6.13119555055e-05, 4.56291199953e-05, 4.15919530496e-05, 7.74843138061e-05, 5.69959738641e-05, 4.46049816674e-05, 6.41255028313e-05, 5.25356044818e-05, 6.36587283225e-05, 5.43132518942e-05, 4.76642562717e-05, 2.41236703005e-05, 4.04363636335e-05, 4.17978299083e-05, 3.14732933475e-05, 2.35083243751e-05, 3.16941514029e-05, 2.18444929487e-05, 1.18990328701e-05, 9.98418909148e-06, 7.32816124582e-06, 4.71778230349e-06, 1.08739016014e-06, 1.03087288039e-07, 3.68610635348e-08, 7.28483140477e-09, 6.99817848115e-09, 6.68261357362e-09, 6.35411145922e-09, 6.18117645956e-09, 5.96929350394e-09, 5.58335511158e-09, 5.31585531149e-09, 5.07325825794e-09, 4.84180917582e-09, 4.63096228032e-09, 4.46623582562e-09, 4.29937951907e-09, 4.13467704519e-09, 3.98918409417e-09, 3.85879328491e-09, 3.75765596416e-09, 3.66680197317e-09, 3.55841556221e-09, 3.48052986432e-09, 3.41171513263e-09, 3.35377792204e-09, 3.31477489901e-09, 3.28143667794e-09, 3.26289728569e-09],
        "mean": [2.07382181543e-05, 0.000112515306682, 0.000252311525401, 0.000563551438972, 0.000917880097404, 0.000770203827415, 0.000554439320695, 0.000648702844046, 0.000669773668051, 0.000689755601343, 0.000795559666585, 0.000421709031798, 0.000498534995131, 0.000746812089346, 0.000786102493294, 0.000638358062133, 0.000360988167813, 0.000373107730411, 0.000627660949249, 0.000411336310208, 0.00026848827838, 0.000169850914972, 0.000207338758628, 0.000254929065704, 0.000218034881982, 0.000264442438493, 0.000160359064466, 0.000122113720863, 0.000100027624285, 9.01252569747e-05, 0.000160258234246, 9.32203329285e-05, 5.38382919331e-05, 8.00104462542e-05, 4.82794857817e-05, 7.33730776119e-05, 8.26308241813e-05, 0.000136423666845, 6.57350319671e-05, 6.86578569002e-05, 7.93852013885e-05, 4.26713813795e-05, 5.50492077309e-05, 6.05235982221e-05, 5.02647453686e-05, 4.09416934417e-05, 4.74166190543e-05, 7.92805876699e-05, 4.27662380389e-05, 3.05756220769e-05, 5.09744750161e-05, 3.73999282601e-05, 2.75624224741e-05, 3.53452451236e-05, 3.2158826798e-05, 2.8044816645e-05, 2.54680489888e-05, 1.6802790924e-05, 1.98918405658e-05, 2.13519306271e-05, 1.05856142909e-05, 1.24591988424e-05, 2.570525794e-05, 1.60164818226e-05, 1.04560604086e-05, 1.03241391116e-05, 1.08641061161e-05, 1.42632461575e-05, 1.1756060303e-05, 7.08545940142e-06, 5.50466893401e-06, 7.67081291997e-06, 5.04835452375e-06, 4.18685067416e-06, 5.42025918548e-06, 5.0005637604e-06, 3.98207475882e-06, 3.95769620809e-06, 3.3134572277e-06, 2.9006753266e-06, 3.02527200802e-06, 2.71707449429e-06, 2.11347287404e-06, 2.10338839679e-06, 2.2761416858e-06, 1.96898531613e-06, 1.55194868512e-06, 1.27029170471e-06, 1.07445987396e-06, 7.77109050887e-07, 8.62539820901e-07, 9.64250830293e-07, 8.18187800178e-07, 6.856150776e-07, 6.25511120234e-07, 4.66895755835e-07, 3.25117241573e-07, 2.63025185632e-07, 1.63803591136e-07, 8.5271260275e-08, 1.78287802299e-08, 5.06943986789e-10, 1.64246560796e-10, 3.42646744311e-11, 2.23693234075e-11, 3.0863582523e-11, 2.76637775187e-11, 5.01209317105e-11, 2.44074066513e-11, 1.43338058436e-11, 1.35930294798e-11, 1.30165487763e-11, 1.24735811957e-11, 1.19565468637e-11, 1.15326108038e-11, 1.11258042709e-11, 1.07316438722e-11, 1.03340886196e-11, 1.0009180984e-11, 9.74525321551e-12, 9.50680680012e-12, 9.24988818179e-12, 9.05474133173e-12, 8.87925063336e-12, 8.70170862449e-12, 8.53886666236e-12, 8.42381806671e-12, 8.37185442498e-12],
        "min": [2.17340103377e-25, 2.4234721594e-25, 4.54892400868e-25, 4.03780919528e-25, 4.02459232385e-25, 6.77862752438e-25, 1.4620872263e-24, 5.37684141732e-25, 1.15856865428e-24, 7.05180660459e-25, 3.25957005563e-25, 1.60167865332e-25, 6.05967202131e-25, 7.79716922646e-25, 1.37166315757e-24, 4.70281770578e-26, 1.02061680069e-24, 1.42604190356e-24, 1.00238208365e-24, 1.36801694385e-24, 8.36022461402e-25, 3.73446900443e-25, 8.74530805098e-25, 6.78849025784e-25, 7.64629612707e-25, 1.23243048969e-24, 2.29594515198e-24, 2.33739328445e-24, 1.37010900298e-24, 1.73166919939e-24, 2.7592753077e-24, 1.03119808784e-24, 1.43008925304e-24, 1.41203488933e-24, 1.30418754561e-24, 1.1094578228e-24, 2.09247899186e-24, 2.12674572908e-24, 1.56528423498e-24, 2.27573788825e-24, 1.14502657494e-24, 1.14296705633e-24, 1.37964199258e-24, 1.40592013263e-24, 1.07319931041e-24, 9.25367269805e-25, 1.64296672098e-24, 7.23149925804e-25, 2.48877194507e-24, 1.21990061751e-24, 1.43993798423e-24, 1.77809011379e-24, 1.74098702718e-24, 2.11884982306e-24, 2.28931793152e-24, 2.79333832159e-24, 8.29694317828e-25, 1.96168506492e-24, 3.09258067585e-24, 2.66098028068e-24, 1.3186357303e-24, 2.87873369787e-24, 2.85970755613e-24, 1.79717147579e-24, 2.41926225527e-24, 2.72726924862e-24, 3.5728618747e-24, 3.21724337863e-24, 3.00031629324e-24, 2.25623941604e-24, 3.42417855458e-24, 2.57342480603e-24, 2.04610619798e-24, 1.94795750466e-24, 3.39996013036e-24, 3.89096648486e-24, 3.72788763651e-24, 3.48400497677e-24, 3.23511028927e-24, 3.91829104889e-24, 3.33606081931e-24, 3.06616744338e-24, 2.63278165876e-24, 4.48534320023e-24, 4.31288085141e-24, 3.36662089635e-24, 2.77895147083e-24, 3.25107624235e-24, 4.80106663374e-24, 3.34291799273e-24, 2.51714451082e-24, 4.86351483515e-24, 4.64320097268e-24, 3.40072966417e-24, 3.6360780322e-24, 4.12475606374e-24, 4.43997817615e-24, 5.42836961444e-24, 2.90632075537e-24, 5.38194278358e-24, 5.75984423364e-24, 5.14493110233e-24, 5.04563678576e-24, 4.39028940545e-24, 3.84614774696e-24, 6.27571666717e-24, 5.2848994816e-24, 4.19612154883e-24, 5.66145750154e-24, 5.46916831716e-24, 5.66542902177e-24, 7.02553211303e-24, 6.4726084605e-24, 5.33679035752e-24, 7.15423792516e-24, 6.86435520831e-24, 4.91660911838e-24, 5.9018005424e-24, 5.30242797092e-24, 6.33419255949e-24, 5.44245945906e-24, 5.44974419509e-24, 5.46350390143e-24, 5.53935366633e-24, 6.18025069257e-24, 6.12812434168e-24, 7.01740132368e-24, 6.06689493037e-24],
        "stdev": [3.48530920746e-05, 0.000206052005524, 0.000494442589115, 0.00129173276946, 0.00172056921292, 0.00108536810149, 0.000691643566824, 0.00105940212961, 0.00125703925733, 0.00114377727732, 0.00161779031623, 0.00121953350026, 0.00135047349613, 0.0019407083746, 0.00187100202311, 0.00175318017136, 0.000799575354904, 0.000985315069556, 0.00134457857348, 0.00100436597131, 0.000701214827131, 0.000412728724768, 0.000469474558486, 0.000775126623921, 0.000631028728094, 0.000940476427786, 0.000636651646346, 0.000307136157062, 0.000247994612437, 0.000223938157433, 0.000329428759869, 0.000163375691045, 8.80338629941e-05, 0.000165229590493, 0.00010539629875, 0.000135487760417, 0.000165191318956, 0.000643394014332, 0.000173315725988, 0.000119496064144, 0.000125496357214, 7.51727275201e-05, 0.000122506477055, 0.000109347587568, 0.000114250477054, 7.35191933927e-05, 7.38159069442e-05, 0.000156811904162, 6.50137953926e-05, 4.62246716779e-05, 8.4571147454e-05, 5.06783580931e-05, 3.53446339432e-05, 5.43705573364e-05, 4.68742728117e-05, 3.9300059143e-05, 4.05697974202e-05, 3.00497722492e-05, 3.13347372867e-05, 3.7402689486e-05, 1.83266020031e-05, 1.77302372322e-05, 5.07778058818e-05, 2.67412760877e-05, 1.57320464496e-05, 1.6633701307e-05, 2.07999892154e-05, 2.79569849226e-05, 3.14446842822e-05, 1.90636401385e-05, 8.93765081855e-06, 1.32663226395e-05, 8.25082770461e-06, 7.92103219283e-06, 9.31882277655e-06, 6.87069405103e-06, 6.21424942437e-06, 5.78632580073e-06, 5.51313496544e-06, 4.94195319334e-06, 4.61616718894e-06, 5.80159530728e-06, 4.29319288742e-06, 4.69099632028e-06, 5.07174354425e-06, 4.76360037283e-06, 4.91110176881e-06, 3.78849563276e-06, 3.32201102538e-06, 1.89842569398e-06, 2.38152847487e-06, 3.31394471687e-06, 2.53053440247e-06, 2.02779756364e-06, 1.87059822565e-06, 1.33660500978e-06, 9.29762165924e-07, 7.8288462646e-07, 4.70688689802e-07, 3.02924377138e-07, 6.4108370168e-08, 5.32604094161e-09, 1.84857573693e-09, 4.21353230085e-10, 3.05922231991e-10, 3.25035831583e-10, 2.98316232827e-10, 2.89991725078e-10, 2.5622387545e-10, 2.37753872145e-10, 2.26366425604e-10, 2.16034870548e-10, 2.06178088491e-10, 1.9719953448e-10, 1.90184992754e-10, 1.83079315597e-10, 1.76065398372e-10, 1.69871394728e-10, 1.64318905704e-10, 1.60012128547e-10, 1.56143487029e-10, 1.5152776256e-10, 1.48211137807e-10, 1.45280967812e-10, 1.42815148596e-10, 1.41156725197e-10, 1.39738345895e-10, 1.38949060591e-10]
    },
    "mfcc": {
        "mean": [-691.778686523, 118.495445251, -28.6675891876, 24.7746620178, -11.4372682571, 7.49143981934, -14.1073083878, 3.63121795654, -10.2677183151, 3.76994585991, -8.7003288269, 2.77686166763, -7.42164897919],
        "cov": [[40840.859375, 7660.875, -1892.8458252, 1728.9005127, -762.655639648, 561.299072266, -967.280761719, 273.267150879, -724.38104248, 235.132476807, -621.428405762, 185.978515625, -512.036132812], [7660.875, 2593.65551758, -268.940765381, 464.892059326, -134.433364868, -10.0090055466, -280.358642578, -43.2216567993, -190.476547241, 41.5290603638, -144.616714478, 16.304643631, -123.336036682], [-1892.8458252, -268.940765381, 479.886047363, 79.1304321289, 127.218170166, -18.0917224884, 30.5735492706, -37.6226882935, 6.77657365799, -30.5193710327, 0.112818486989, -7.09369945526, 24.7838554382], [1728.9005127, 464.892059326, 79.1304321289, 329.59967041, 78.985206604, 66.7149505615, -25.0859775543, 27.2342395782, -39.6139259338, 11.4197597504, -52.2202529907, 18.2836933136, -19.080739975], [-762.655639648, -134.433364868, 127.218170166, 78.985206604, 176.278549194, 26.5639762878, 11.5825567245, -5.10801124573, -0.649186909199, -7.69275188446, -13.9811601639, -1.6693007946, 25.294380188], [561.299072266, -10.0090055466, -18.0917224884, 66.7149505615, 26.5639762878, 121.098190308, 44.366355896, 62.7679290771, 18.7184848785, 15.6117582321, 0.803171873093, 31.1625537872, -7.1101770401], [-967.280761719, -280.358642578, 30.5735492706, -25.0859775543, 11.5825567245, 44.366355896, 127.669815063, 70.1099472046, 52.4549255371, 21.7610187531, 43.301109314, 23.6370220184, 14.6031150818], [273.267150879, -43.2216567993, -37.6226882935, 27.2342395782, -5.10801124573, 62.7679290771, 70.1099472046, 118.443069458, 41.8892784119, 29.8570384979, 15.5565395355, 35.8702201843, -1.95588195324], [-724.38104248, -190.476547241, 6.77657365799, -39.6139259338, -0.649186909199, 18.7184848785, 52.4549255371, 41.8892784119, 83.5312347412, 17.7067680359, 29.2231616974, 15.5764427185, 14.3882045746], [235.132476807, 41.5290603638, -30.5193710327, 11.4197597504, -7.69275188446, 15.6117582321, 21.7610187531, 29.8570384979, 17.7067680359, 59.4083900452, 26.7177352905, 21.0854740143, 5.03031206131], [-621.428405762, -144.616714478, 0.112818486989, -52.2202529907, -13.9811601639, 0.803171873093, 43.301109314, 15.5565395355, 29.2231616974, 26.7177352905, 71.63230896, 21.668806076, 16.0715732574], [185.978515625, 16.304643631, -7.09369945526, 18.2836933136, -1.6693007946, 31.1625537872, 23.6370220184, 35.8702201843, 15.5764427185, 21.0854740143, 21.668806076, 56.4785232544, 13.3695888519], [-512.036132812, -123.336036682, 24.7838554382, -19.080739975, 25.294380188, -7.1101770401, 14.6031150818, -1.95588195324, 14.3882045746, 5.03031206131, 16.0715732574, 13.3695888519, 49.266418457]],
        "icov": [[0.000120291988424, -0.000152625128976, 0.000211535516428, -0.00026757089654, 0.000411293003708, -0.000524221570231, 0.000594756973442, -0.000359334429959, 0.00045283473446, -0.000291995791486, 0.000294205907267, -8.83959874045e-05, 6.28292855254e-06], [-0.000152625128976, 0.00121790077537, 0.000123064644868, -0.00110522948671, 0.00027870820486, 0.00124113168567, 0.000648369023111, 0.000417111587012, 9.01990861166e-05, -0.000579617917538, 6.27079934929e-05, -0.000770802609622, 0.00105468882248], [0.000211535516428, 0.000123064644868, 0.0036767241545, -0.00211332482286, -0.000791898171883, 0.000648693006951, -0.000265909329755, 0.00100663630292, 0.000200390859391, 0.000920408638194, 8.67691487656e-05, -0.00106138561387, 0.000564732705243], [-0.00026757089654, -0.00110522948671, -0.00211332482286, 0.00806762371212, -0.0036226506345, -0.00172840582673, -0.00178988080006, -0.000612952106167, 0.000439333933173, -0.000802657217719, 0.00205039652064, -0.00033126512426, 0.000131256892928], [0.000411293003708, 0.00027870820486, -0.000791898171883, -0.0036226506345, 0.0111207505688, -0.00398627948016, 0.00263081677258, -0.000419483985752, 0.00208002724685, -0.00173611624632, 0.00262056430802, 0.0015413928777, -0.00481703737751], [-0.000524221570231, 0.00124113168567, 0.000648693006951, -0.00172840582673, -0.00398627948016, 0.0174950417131, -0.00531722838059, -0.00187642523088, -0.0025325040333, 0.00183788733557, 0.000323237065459, -0.00556765729561, 0.00469358777627], [0.000594756973442, 0.000648369023111, -0.000265909329755, -0.00178988080006, 0.00263081677258, -0.00531722838059, 0.0228737927973, -0.0107618840411, 0.000177840076503, -0.00194687373005, -0.00544531270862, 0.0015796009684, -0.000585710688028], [-0.000359334429959, 0.000417111587012, 0.00100663630292, -0.000612952106167, -0.000419483985752, -0.00187642523088, -0.0107618840411, 0.0215665269643, -0.00632472988218, -0.00253520114347, 0.00375732523389, -0.00627660378814, 0.00314007233828], [0.00045283473446, 9.01990861166e-05, 0.000200390859391, 0.000439333933173, 0.00208002724685, -0.0025325040333, 0.000177840076503, -0.00632472988218, 0.0213601160794, -0.00366425700486, -0.000704113626853, 8.04100200185e-05, -0.00239185825922], [-0.000291995791486, -0.000579617917538, 0.000920408638194, -0.000802657217719, -0.00173611624632, 0.00183788733557, -0.00194687373005, -0.00253520114347, -0.00366425700486, 0.0269158724695, -0.0106243416667, -0.00177691050339, -0.00135670288], [0.000294205907267, 6.27079934929e-05, 8.67691487656e-05, 0.00205039652064, 0.00262056430802, 0.000323237065459, -0.00544531270862, 0.00375732523389, -0.000704113626853, -0.0106243416667, 0.0281193070114, -0.00818414799869, -0.0012320196256], [-8.83959874045e-05, -0.000770802609622, -0.00106138561387, -0.00033126512426, 0.0015413928777, -0.00556765729561, 0.0015796009684, -0.00627660378814, 8.04100200185e-05, -0.00177691050339, -0.00818414799869, 0.0308557674289, -0.0103007191792], [6.28292855254e-06, 0.00105468882248, 0.000564732705243, 0.000131256892928, -0.00481703737751, 0.00469358777627, -0.000585710688028, 0.00314007233828, -0.00239185825922, -0.00135670288, -0.0012320196256, -0.0103007191792, 0.0302533358335]]
    },
    "spectral_contrast_coeffs": {
        "max": [-0.419717460871, -0.537757456303, -0.535914123058, -0.61879491806, -0.63257676363, -0.584228396416],
        "mean": [-0.709627270699, -0.773602187634, -0.793556332588, -0.805572092533, -0.798747122288, -0.707277417183],
        "min": [-0.979045510292, -0.978295922279, -0.979647874832, -0.969279706478, -0.968657851219, -0.962567210197],
        "stdev": [0.118747018278, 0.095188587904, 0.0797788798809, 0.0709189325571, 0.0646059587598, 0.0911155641079]
    },
    "spectral_contrast_valleys": {
        "max": [-5.37876176834, -4.8614358902, -5.41940784454, -5.73054933548, -5.86202859879, -8.85788917542],
        "mean": [-8.97667694092, -8.43091487885, -8.96412277222, -9.09860038757, -9.25690555573, -12.7240371704],
        "min": [-27.8064899445, -27.8700294495, -27.8436851501, -27.5441570282, -27.5311489105, -27.4141750336],
        "stdev": [6.15893602371, 6.29257106781, 6.11893415451, 6.07622909546, 6.01106023788, 4.87845277786]
    }
},
"rhythm": {
    "beats_count": 29,
    "beats_loudness": {
        "max": 0.057545017451,
        "mean": 0.0263830088079,
        "min": 0,
        "stdev": 0.0156220337376
    },
    "bpm": 147.046737671,
    "bpm_histogram_first_peak_bpm": 148,
    "bpm_histogram_first_peak_weight": 0.473684251308,
    "bpm_histogram_second_peak_bpm": 129,
    "bpm_histogram_second_peak_spread": 0.375,
    "bpm_histogram_second_peak_weight": 0.178571432829,
    "danceability": 1.2407553196,
    "onset_rate": 2.03771901131,
    "beats_loudness_band_ratio": {
        "max": [0.696555793285, 0.83450627327, 0.623980343342, 0.421568900347, 0.508683502674, 0.508264005184],
        "mean": [0.210324928164, 0.193113997579, 0.21504753828, 0.157054796815, 0.115844734013, 0.0769624561071],
        "min": [0, 0, 0, 0, 0, 0],
        "stdev": [0.170694872737, 0.196982204914, 0.193904131651, 0.112975031137, 0.104393668473, 0.109960585833]
    },
    "beats_position": [0.452789098024, 0.917188167572, 1.38158726692, 1.83437633514, 2.28716540337, 2.73995471001, 3.20435357094, 3.66875267029, 4.13315200806, 4.55111122131, 4.96907043457, 5.38702917099, 5.81659841537, 6.2229475975, 6.62929677963, 7.03564596176, 7.45360517502, 7.87156438828, 8.26630401611, 8.66104316711, 9.05578231812, 9.46213150024, 9.86848068237, 10.2748298645, 10.6811790466, 11.0991382599, 11.505487442, 11.9118366241, 12.3181858063],
