{
"metadata": {
    "version": {
        "essentia": "2.1-beta5",
        "essentia_git_sha": "Undefined",
        "extractor": "music 2.0"
    },
    "audio_properties": {
        "analysis": {
            "equal_loudness": 0,
            "length": 52.2448997498,
            "sample_rate": 44100,
            "start_time": 77.7520217896,
            "downmix": "mix"
        },
        "bit_rate": 192000,
        "length": 186.328536987,
        "lossless": 0,
        "number_channels": 2,
        "replay_gain": -13.5991611481,
        "sample_rate": 48000,
        "codec": "mp3",
        "md5_encoded": "36c25da2cfdf59d57513249fd6749093"
    },
    "tags": {
        "file_name": "Italy_Avrei Voluto_Anna Oxa and Fausto Leali.mp3",
        "encoding": ["Lavf58.29.100"]
    }
},
"lowlevel": {
    "average_loudness": 0.957337260246,
    "barkbands_crest": {
        "max": 24.0710067749,
        "mean": 9.98512649536,
        "min": 2.55983543396,
        "stdev": 4.26946020126
    },
    "barkbands_flatness_db": {
        "max": 0.311776727438,
        "mean": 0.176378160715,
        "min": 0.0797428637743,
        "stdev": 0.0340224802494
    },
    "barkbands_kurtosis": {
        "max": 23.822052002,
        "mean": 1.43480443954,
        "min": -1.81054067612,
        "stdev": 2.96611881256
    },
    "barkbands_skewness": {
        "max": 3.79528069496,
        "mean": 0.761149466038,
        "min": -1.68543970585,
        "stdev": 0.866925239563
    },
    "barkbands_spread": {
        "max": 68.6870422363,
        "mean": 19.8698940277,
        "min": 1.93198692799,
        "stdev": 9.51119422913
    },
    "dissonance": {
        "max": 0.49991992116,
        "mean": 0.462978541851,
        "min": 0.276647865772,
        "stdev": 0.0304378662258
    },
    "dynamic_complexity": 1.97292280197,
    "erbbands_crest": {
        "max": 32.6370239258,
        "mean": 11.9044713974,
        "min": 2.53207421303,
        "stdev": 6.13739204407
    },
    "erbbands_flatness_db": {
        "max": 0.366381466389,
        "mean": 0.227542802691,
        "min": 0.117446370423,
        "stdev": 0.0422795861959
    },
    "erbbands_kurtosis": {
        "max": 27.0936450958,
        "mean": 0.87086302042,
        "min": -1.72348713875,
        "stdev": 2.84616470337
    },
    "erbbands_skewness": {
        "max": 3.56054258347,
        "mean": 0.307306438684,
        "min": -2.81576752663,
        "stdev": 0.802170336246
    },
    "erbbands_spread": {
        "max": 95.9446868896,
        "mean": 29.8838787079,
        "min": 3.25993323326,
        "stdev": 16.2988758087
    },
    "hfc": {
        "max": 112.320159912,
        "mean": 25.4956512451,
        "min": 0.924218118191,
        "stdev": 15.9605369568
    },
    "loudness_ebu128": {
        "integrated": -9.62166309357,
        "loudness_range": 2.38770675659,
        "momentary": {
            "max": -6.73103380203,
            "mean": -9.84039020538,
            "min": -16.1772727966,
            "stdev": 1.43371832371
        },
        "short_term": {
            "max": -8.26368141174,
            "mean": -9.73020553589,
            "min": -11.7223587036,
            "stdev": 0.837505102158
        }
    },
    "melbands_crest": {
        "max": 29.1811294556,
        "mean": 11.9414663315,
        "min": 3.86465740204,
        "stdev": 4.66050243378
    },
    "melbands_flatness_db": {
        "max": 0.328247666359,
        "mean": 0.180150195956,
        "min": 0.0702337250113,
        "stdev": 0.0424848459661
    },
    "melbands_kurtosis": {
        "max": 42.1120376587,
        "mean": 4.63679885864,
        "min": -1.74698853493,
        "stdev": 6.289270401
    },
    "melbands_skewness": {
        "max": 5.48592472076,
        "mean": 1.37864816189,
        "min": -1.47701537609,
        "stdev": 1.18766176701
    },
    "melbands_spread": {
        "max": 104.620742798,
        "mean": 27.8085956573,
        "min": 3.29923081398,
        "stdev": 13.7114858627
    },
    "pitch_salience": {
        "max": 0.824247837067,
        "mean": 0.570456147194,
        "min": 0.176028937101,
        "stdev": 0.123122349381
    },
    "silence_rate_20dB": {
        "max": 1,
        "mean": 1,
        "min": 1,
        "stdev": 0
    },
    "silence_rate_30dB": {
        "max": 1,
        "mean": 1,
        "min": 1,
        "stdev": 0
    },
    "silence_rate_60dB": {
        "max": 1,
        "mean": 0.0013327409979,
        "min": 0,
        "stdev": 0.036481551826
    },
    "spectral_centroid": {
        "max": 3381.7668457,
        "mean": 1515.10827637,
        "min": 346.027893066,
        "stdev": 500.724639893
    },
    "spectral_complexity": {
        "max": 53,
        "mean": 22.1541538239,
        "min": 3,
        "stdev": 8.0727891922
    },
    "spectral_decrease": {
        "max": -5.7905258366e-10,
        "mean": -6.11108763593e-09,
        "min": -2.14972875057e-08,
        "stdev": 3.2907518932e-09
    },
    "spectral_energy": {
        "max": 0.0888253599405,
        "mean": 0.0253771748394,
        "min": 0.00228969962336,
        "stdev": 0.0136464834213
    },
    "spectral_energyband_high": {
        "max": 0.00957182515413,
        "mean": 0.000535317580216,
        "min": 6.64789195071e-06,
        "stdev": 0.000724691199139
    },
    "spectral_energyband_low": {
        "max": 0.0427908524871,
        "mean": 0.00234422180802,
        "min": 2.35968436755e-05,
        "stdev": 0.0027720911894
    },
    "spectral_energyband_middle_high": {
        "max": 0.0829762741923,
        "mean": 0.011979226023,
        "min": 6.86344428686e-05,
        "stdev": 0.0116372415796
    },
    "spectral_energyband_middle_low": {
        "max": 0.0693031921983,
        "mean": 0.0117001719773,
        "min": 0.00112685922068,
        "stdev": 0.00884692370892
    },
    "spectral_entropy": {
        "max": 8.30826568604,
        "mean": 7.43756151199,
        "min": 6.18999576569,
        "stdev": 0.311042457819
    },
    "spectral_flux": {
        "max": 0.274484723806,
        "mean": 0.082435682416,
        "min": 0.0196799151599,
        "stdev": 0.0366401821375
    },
    "spectral_kurtosis": {
        "max": 19.7281513214,
        "mean": 3.61498379707,
        "min": -1.0043951273,
        "stdev": 2.77541804314
    },
    "spectral_rms": {
        "max": 0.00930907577276,
        "mean": 0.00479725608602,
        "min": 0.00149460812099,
        "stdev": 0.00132084614597
    },
    "spectral_rolloff": {
        "max": 7127.49023438,
        "mean": 1652.40063477,
        "min": 236.865234375,
        "stdev": 870.92755127
    },
    "spectral_skewness": {
        "max": 3.01274323463,
        "mean": 1.11543989182,
        "min": -0.0653514266014,
        "stdev": 0.440420240164
    },
    "spectral_spread": {
        "max": 9726444,
        "mean": 3137898.5,
        "min": 1910938.875,
        "stdev": 721755.1875
    },
    "spectral_strongpeak": {
        "max": 11.8978157043,
        "mean": 2.26450061798,
        "min": 0.0468572452664,
        "stdev": 2.06952500343
    },
    "zerocrossingrate": {
        "max": 0.18017578125,
        "mean": 0.0596076212823,
        "min": 0.01025390625,
        "stdev": 0.0184554643929
    },
    "barkbands": {
        "max": [0.000524481874891, 0.0250151343644, 0.0170504637063, 0.0121000865474, 0.0435038805008, 0.0193722397089, 0.0364753007889, 0.0312599763274, 0.0661372095346, 0.0611510425806, 0.0613494925201, 0.0309463087469, 0.0509788431227, 0.0377171039581, 0.0455222092569, 0.0323162041605, 0.00993689429015, 0.011611610651, 0.0108912894502, 0.00553676392883, 0.00316890166141, 0.00298794149421, 0.00381698040292, 0.00189246947411, 0.000516015395988, 3.01854015561e-07, 2.04275607985e-07],
        "mean": [3.89601300412e-05, 0.00113281502854, 0.000700496602803, 0.00087227858603, 0.00320857134648, 0.00189397542272, 0.00110379827674, 0.00101462332532, 0.00240845652297, 0.00412814598531, 0.00223292317241, 0.000779581139795, 0.000681811477989, 0.00129464257043, 0.00103556120303, 0.000532481994014, 0.000465889752377, 0.00049408338964, 0.00062183564296, 0.000322875188431, 0.000200074297027, 9.95124137262e-05, 6.26532782917e-05, 4.32114684372e-05, 7.96909625933e-06, 2.53019782903e-09, 1.09282294325e-09],
        "min": [1.9462917944e-09, 2.48690025728e-06, 3.36067250828e-06, 4.92361368742e-06, 2.35176376009e-05, 3.05612047669e-05, 1.8148599338e-05, 1.27566936499e-05, 6.43574412607e-06, 4.64983895654e-06, 3.91628555008e-06, 2.19239973376e-06, 1.85047269952e-06, 7.05888396624e-06, 4.18982062911e-06, 3.38302243108e-06, 1.18316384032e-05, 9.15977852856e-06, 3.56131158696e-06, 3.17632702718e-06, 9.05446711386e-07, 4.40989623485e-07, 4.20260278133e-07, 2.0797922673e-07, 1.25387922267e-08, 6.09620687264e-12, 7.69877217532e-12],
        "stdev": [5.40269393241e-05, 0.00147331145126, 0.00129495793954, 0.0011104530422, 0.00328228645958, 0.00182576454245, 0.00199191155843, 0.00250079506077, 0.00605562701821, 0.00730738416314, 0.00678524048999, 0.00255485693924, 0.00200830795802, 0.00278794276528, 0.00223048706539, 0.00161101121921, 0.000703230150975, 0.000780571019277, 0.000883247121237, 0.000508195487782, 0.000265237817075, 0.000186782024684, 0.000151727479533, 0.000113458234409, 2.87006077997e-05, 1.60751643108e-08, 5.98817440078e-09]
    },
    "erbbands": {
        "max": [0.551187694073, 6.69982528687, 20.480764389, 37.5078468323, 89.9744262695, 176.439331055, 121.093215942, 206.849594116, 394.501281738, 514.297485352, 899.671386719, 979.086486816, 1625.82019043, 3131.23632812, 2363.00048828, 1523.18713379, 2793.84057617, 2250.60205078, 3200.73510742, 2870.25683594, 922.529541016, 596.622009277, 450.365570068, 666.66192627, 478.886962891, 326.397277832, 200.140319824, 129.258911133, 115.877632141, 118.297363281, 112.897499084, 41.2075805664, 47.9804611206, 10.6481952667, 0.395286172628, 0.0134319085628, 0.00135522475466, 0.000226888398174, 7.04807898728e-05, 0.000105787570646],
        "mean": [0.0309249516577, 0.259799718857, 0.786893367767, 2.1485376358, 6.5465130806, 11.1491823196, 15.0814189911, 13.5803232193, 17.1606044769, 14.4433193207, 28.0316448212, 49.3188438416, 108.255584717, 120.763122559, 79.7749176025, 37.063533783, 33.1011123657, 66.9158554077, 66.0255355835, 36.4841308594, 27.4051570892, 25.937789917, 24.675447464, 29.7575531006, 31.6276931763, 15.4120721817, 8.83516120911, 7.11336755753, 3.77353072166, 2.52681708336, 1.6674592495, 1.02484619617, 0.648896753788, 0.182304292917, 0.00729977153242, 0.000306417030515, 4.54504370282e-05, 1.11667277451e-05, 1.60372219398e-05, 3.131012636e-05],
        "min": [6.37090706732e-05, 0.00101462705061, 0.00810699258, 0.0278005488217, 0.0597746744752, 0.160193383694, 0.116007715464, 0.315631151199, 0.268214792013, 0.201843068004, 0.459210276604, 0.581782400608, 0.177738532424, 0.288462758064, 0.230497375131, 0.110213458538, 0.157080665231, 0.321474403143, 0.282325983047, 0.165281012654, 0.37128379941, 0.498671680689, 0.343758016825, 0.402395695448, 0.32003185153, 0.193144485354, 0.0754313841462, 0.0229385364801, 0.018220372498, 0.02607287094, 0.0145968683064, 0.00560104986653, 0.00257975934073, 0.000558252679184, 2.65677317657e-05, 4.02198520533e-06, 1.52073937443e-06, 4.02469424898e-07, 1.35972334192e-06, 2.81831989923e-06],
        "stdev": [0.0333909317851, 0.390013486147, 1.4820817709, 2.61666703224, 8.03544425964, 12.6216049194, 13.2348871231, 17.1596775055, 28.104637146, 32.2757606506, 67.6733856201, 108.323265076, 200.589828491, 250.660095215, 234.995681763, 109.571098328, 94.8004989624, 152.254806519, 136.899536133, 98.6630249023, 67.9624481201, 41.4542541504, 35.1843910217, 45.1330223083, 44.0220298767, 23.65807724, 11.696595192, 10.5445346832, 6.95059680939, 5.73687553406, 4.15374612808, 2.51786231995, 1.97916948795, 0.620479941368, 0.0236858613789, 0.000864394649398, 9.07084759092e-05, 1.64949142345e-05, 8.96336314327e-06, 1.66474128491e-05]
    },
    "gfcc": {
        "mean": [-18.3263282776, 139.825973511, -173.428634644, 53.6372642517, -72.0159683228, 3.87245392799, -26.75207901, -9.86723423004, -7.14789295197, -24.4995517731, 6.72861719131, -21.2446746826, 8.72344970703],
        "cov": [[1141.66247559, -507.690124512, -155.37701416, 34.1768188477, -95.6680450439, 237.695220947, -6.05505752563, 55.0556526184, -93.3650665283, 29.5038166046, -69.4948120117, -24.7348613739, 27.0619735718], [-507.690124512, 512.281433105, 34.5175476074, -103.040077209, 159.999847412, -139.191970825, 110.961975098, -39.5991134644, 58.240272522, -48.3897361755, 70.7259063721, 8.05692195892, -22.4321899414], [-155.37701416, 34.5175476074, 361.304199219, 158.323394775, -88.6028823853, -14.8007135391, -115.698440552, 29.330329895, 19.8441562653, 22.5218410492, 3.97519278526, 10.6962404251, -28.6117954254], [34.1768188477, -103.040077209, 158.323394775, 337.546173096, -24.347070694, -106.184913635, -101.878364563, 38.5416412354, 54.1898002625, 66.5811462402, -48.3831100464, -0.643422663212, -7.25172138214], [-95.6680450439, 159.999847412, -88.6028823853, -24.347070694, 215.912338257, 12.7914943695, 38.6095161438, -20.7477035522, 21.0611667633, -20.5004463196, 19.5863552094, 3.80956435204, 13.7858304977], [237.695220947, -139.191970825, -14.8007135391, -106.184913635, 12.7914943695, 284.996063232, 16.5348987579, -4.9508562088, -71.8050384521, -16.4796848297, 24.9773349762, 13.8500947952, 12.7558355331], [-6.05505752563, 110.961975098, -115.698440552, -101.878364563, 38.6095161438, 16.5348987579, 215.382598877, 18.4209785461, -31.9808616638, -49.1825866699, 14.2836475372, -5.76609706879, -1.46907627583], [55.0556526184, -39.5991134644, 29.330329895, 38.5416412354, -20.7477035522, -4.9508562088, 18.4209785461, 103.214546204, 16.4910793304, 11.7408847809, -17.2467098236, -19.3847408295, 7.99281930923], [-93.3650665283, 58.240272522, 19.8441562653, 54.1898002625, 21.0611667633, -71.8050384521, -31.9808616638, 16.4910793304, 116.078666687, 45.794467926, -5.08495855331, -1.56293725967, -9.88328552246], [29.5038166046, -48.3897361755, 22.5218410492, 66.5811462402, -20.5004463196, -16.4796848297, -49.1825866699, 11.7408847809, 45.794467926, 103.468658447, 18.4391155243, -10.8236436844, -14.7643556595], [-69.4948120117, 70.7259063721, 3.97519278526, -48.3831100464, 19.5863552094, 24.9773349762, 14.2836475372, -17.2467098236, -5.08495855331, 18.4391155243, 96.2730331421, 45.6261482239, -22.7088699341], [-24.7348613739, 8.05692195892, 10.6962404251, -0.643422663212, 3.80956435204, 13.8500947952, -5.76609706879, -19.3847408295, -1.56293725967, -10.8236436844, 45.6261482239, 82.3066482544, 16.6060161591], [27.0619735718, -22.4321899414, -28.6117954254, -7.25172138214, 13.7858304977, 12.7558355331, -1.46907627583, 7.99281930923, -9.88328552246, -14.7643556595, -22.7088699341, 16.6060161591, 76.9450912476]],
        "icov": [[0.00190438714344, 0.00136198638938, 0.000803646806162, -0.000450489664217, 5.35604121978e-05, -0.00100620382, -0.000348068686435, -0.000512363913003, 0.00042425171705, -0.000275500060525, 0.000483745709062, -1.09566717583e-05, 0.000334212207235], [0.00136198638938, 0.0143571952358, -0.00868499744684, 0.00621765572578, -0.00981677789241, 0.00814220309258, -0.00774000957608, 0.00506763393059, -0.00542399054393, 0.00335894012824, -0.00834229867905, 0.00546411238611, -0.00289555150084], [0.000803646806162, -0.00868499744684, 0.0118564134464, -0.00749791413546, 0.00892876274884, -0.00746524147689, 0.00715228635818, -0.00494410935789, 0.00286726932973, 0.000962538993917, 0.0025660910178, -0.00216546561569, 0.00295315030962], [-0.000450489664217, 0.00621765572578, -0.00749791413546, 0.0106885451823, -0.00727726845071, 0.00691941473633, -0.0029648207128, 0.000651607406326, -0.000395040638978, -0.00476324837655, 0.00391554972157, -0.00361307314597, 0.0011934582144], [5.35604121978e-05, -0.00981677789241, 0.00892876274884, -0.00727726845071, 0.0143210608512, -0.0079280724749, 0.00513981375843, -0.002085482236, 0.000141092939884, 0.0022039366886, 0.000395307404688, 0.000522285874467, -0.000738277914934], [-0.00100620382, 0.00814220309258, -0.00746524147689, 0.00691941473633, -0.0079280724749, 0.0115141728893, -0.00441058212891, 0.00267868186347, -0.000133939858642, -0.000181129958946, -0.00420773401856, 0.00135203602258, -0.00183259719051], [-0.000348068686435, -0.00774000957608, 0.00715228635818, -0.0029648207128, 0.00513981375843, -0.00441058212891, 0.0116686364636, -0.00595022365451, 0.00397111335769, 0.00133202143479, 0.00261578802019, -0.00216420320794, 0.0029019843787], [-0.000512363913003, 0.00506763393059, -0.00494410935789, 0.000651607406326, -0.002085482236, 0.00267868186347, -0.00595022365451, 0.0153392953798, -0.00562836648896, 0.00208348943852, -0.00558765279129, 0.00719780428335, -0.0054225246422], [0.00042425171705, -0.00542399054393, 0.00286726932973, -0.000395040638978, 0.000141092939884, -0.000133939858642, 0.00397111335769, -0.00562836648896, 0.0181688014418, -0.0106389839202, 0.0108757605776, -0.00891755521297, 0.00538247125223], [-0.000275500060525, 0.00335894012824, 0.000962538993917, -0.00476324837655, 0.0022039366886, -0.000181129958946, 0.00133202143479, 0.00208348943852, -0.0106389839202, 0.0236807651818, -0.0180909316987, 0.0138310296461, -0.00471747294068], [0.000483745709062, -0.00834229867905, 0.0025660910178, 0.00391554972157, 0.000395307404688, -0.00420773401856, 0.00261578802019, -0.00558765279129, 0.0108757605776, -0.0180909316987, 0.0383051782846, -0.026188865304, 0.0148607594892], [-1.09566717583e-05, 0.00546411238611, -0.00216546561569, -0.00361307314597, 0.000522285874467, 0.00135203602258, -0.00216420320794, 0.00719780428335, -0.00891755521297, 0.0138310296461, -0.026188865304, 0.032109182328, -0.0138059565797], [0.000334212207235, -0.00289555150084, 0.00295315030962, 0.0011934582144, -0.000738277914934, -0.00183259719051, 0.0029019843787, -0.0054225246422, 0.00538247125223, -0.00471747294068, 0.0148607594892, -0.0138059565797, 0.0214515198022]]
    },
    "melbands": {
        "max": [0.00604418572038, 0.00915139168501, 0.00502152740955, 0.0109258964658, 0.0039338869974, 0.00437313318253, 0.00636083539575, 0.00576003408059, 0.00771748553962, 0.00814218539745, 0.00840313453227, 0.0126345222816, 0.00888181757182, 0.0043033468537, 0.00233060400933, 0.00558083597571, 0.00382210034877, 0.00563294952735, 0.00195416691713, 0.00341128953733, 0.00131685484666, 0.000737731985282, 0.000428760715295, 0.000785661104601, 0.000646032567602, 0.000405224971473, 0.000426408631029, 0.000178577640327, 0.000151610831381, 7.78485191404e-05, 8.66278569447e-05, 7.31114705559e-05, 5.68338291487e-05, 6.60330333631e-05, 7.27452716092e-05, 3.84447921533e-05, 1.85607023013e-05, 3.07104346575e-05, 2.63533820544e-05, 5.21010269949e-06],
        "mean": [0.000293725170195, 0.000397375348257, 0.00047035861644, 0.000684726634063, 0.000499615329318, 0.000317245168844, 0.000262089481112, 0.000157560134539, 0.000236558887991, 0.000338650716003, 0.00055216398323, 0.000499729881994, 0.000325259577949, 9.56061921897e-05, 6.89611260896e-05, 8.59176288941e-05, 0.000124501544633, 0.000107410451164, 6.11785217188e-05, 3.85265011573e-05, 3.09164861392e-05, 2.62824360107e-05, 2.2993366656e-05, 2.5045223083e-05, 2.34448070842e-05, 2.47565822065e-05, 1.76429985004e-05, 8.3799695858e-06, 5.36170909982e-06, 5.00774194734e-06, 3.78412323698e-06, 2.22667995331e-06, 1.56192311351e-06, 1.33944183744e-06, 1.02953117675e-06, 6.99553481809e-07, 5.94102516516e-07, 4.83574183363e-07, 3.23369050648e-07, 9.39842053072e-08],
        "min": [1.01672753772e-06, 5.55831138627e-06, 8.88691192813e-06, 1.18053831102e-05, 3.18455408888e-06, 7.58363512432e-06, 3.82515918318e-06, 2.18094601223e-06, 2.80517519968e-06, 1.38189398058e-06, 5.08088533024e-07, 6.08005620961e-07, 7.96800009084e-07, 3.87822836956e-07, 3.76618118025e-07, 1.64188875829e-07, 4.9966683946e-07, 4.25635164447e-07, 2.82216859659e-07, 1.62195235021e-07, 2.9861550388e-07, 6.10206711826e-07, 2.42184626131e-07, 3.68588388255e-07, 3.07330424221e-07, 1.77146972646e-07, 1.28032979774e-07, 7.95271049014e-08, 3.79206852585e-08, 2.10435402437e-08, 9.36656352479e-09, 9.06326924621e-09, 9.01105678963e-09, 9.45558742416e-09, 6.1342024793e-09, 4.2591432603e-09, 2.08258721379e-09, 1.72167968771e-09, 3.00280217358e-10, 2.06570219263e-10],
        "stdev": [0.000336728728143, 0.000640394864604, 0.000488177640364, 0.000820997054689, 0.000405632017646, 0.000387037551263, 0.000428340019425, 0.000344111875165, 0.000577924249228, 0.000810024619568, 0.00102561630774, 0.0010688318871, 0.00101136486046, 0.0003162715293, 0.000186914970982, 0.000245210772846, 0.000294862635201, 0.000236819978454, 0.000127701292513, 0.000136041970109, 8.43868110678e-05, 4.53789325547e-05, 3.2146625017e-05, 4.60034243588e-05, 3.95945244236e-05, 3.61739294021e-05, 3.00998635794e-05, 1.34413457999e-05, 7.90171361587e-06, 6.78431206325e-06, 6.30079193797e-06, 4.23396159022e-06, 3.35270715368e-06, 3.22430469168e-06, 2.61165337179e-06, 1.79428718639e-06, 1.49823392803e-06, 1.4129648207e-06, 1.13547253022e-06, 3.27853598492e-07]
    },
    "melbands128": {
        "max": [0.000446768797701, 0.00327041721903, 0.00931683927774, 0.012877500616, 0.012225439772, 0.00679389201105, 0.00963703170419, 0.00467593502253, 0.00984537042677, 0.0170349795371, 0.010407442227, 0.00529017671943, 0.00573979597539, 0.00452920887619, 0.00711925141513, 0.00870683323592, 0.0101394923404, 0.0112994583324, 0.0128248939291, 0.00857961084694, 0.00688687199727, 0.00848428718746, 0.0154456030577, 0.0157748851925, 0.0109223714098, 0.0150152444839, 0.0239190924913, 0.0155759342015, 0.00977495871484, 0.0157676208764, 0.0229797959328, 0.0154655836523, 0.0169163178653, 0.0125549547374, 0.00843933504075, 0.00835787784308, 0.0073627056554, 0.00493480497971, 0.00294745597057, 0.0152993267402, 0.00538099138066, 0.0121908280998, 0.00685783848166, 0.00478035444394, 0.00256307260133, 0.0124194072559, 0.00387478922494, 0.00244495552033, 0.0011586061446, 0.0109720211476, 0.00460699992254, 0.00249901157804, 0.00270494748838, 0.00252445950173, 0.000876423961017, 0.00143030809704, 0.00177932309452, 0.000534310995135, 0.000358918769052, 0.00075726461364, 0.00123574433383, 0.0011805848917, 0.000745920464396, 0.00108098471537, 0.000945314648561, 0.000771014601924, 0.000501255621202, 0.00108016550075, 0.000467824866064, 0.000402699311962, 0.000351727794623, 0.000102099889773, 0.000190991660929, 0.000157522998052, 0.000145398647874, 9.39326127991e-05, 0.000196710883756, 7.46046061977e-05, 0.000136014699819, 8.83269603946e-05, 8.34854290588e-05, 8.95445555216e-05, 4.77273933939e-05, 7.89418481872e-05, 7.11749817128e-05, 7.29558596504e-05, 6.38907076791e-05, 7.48053716961e-05, 9.91434862954e-05, 6.769249012e-05, 4.91707105539e-05, 4.12616282119e-05, 3.56197197107e-05, 2.16053031181e-05, 1.99860969587e-05, 3.83265542041e-05, 2.77861909126e-05, 8.68338174769e-05, 1.44138048199e-05, 3.05763387587e-05, 7.67429810367e-06, 6.9118891588e-06, 3.77364955284e-07, 8.27215718147e-09, 5.99381522193e-09, 4.70276484421e-09, 4.04431776957e-09, 3.10922598779e-09, 2.59862642515e-09, 2.41795850009e-09, 1.95012828108e-09, 2.23049512194e-09, 3.12654058199e-09, 2.24081908584e-09, 1.36283229146e-09, 1.23167165356e-09, 9.76456249191e-10, 9.50165057745e-10, 9.23775889117e-10, 9.01878294268e-10, 8.83656148254e-10, 8.67035609975e-10, 8.52461101708e-10, 8.34515900827e-10, 8.23500045932e-10, 8.12589384669e-10, 8.08205946612e-10, 8.04130539933e-10],
        "mean": [3.52128990926e-05, 0.000230995938182, 0.000389632274164, 0.000439495313913, 0.000405874976423, 0.00033415335929, 0.000432361557614, 0.000413274334278, 0.000654637173284, 0.00086656876374, 0.000582088890951, 0.000464770913823, 0.000630784605164, 0.000332116120262, 0.000248084572377, 0.000380080920877, 0.000273365643807, 0.000272678706096, 0.000201313392608, 0.000148387611262, 0.000114881026093, 0.000219399706111, 0.000280100881355, 0.000203106770641, 0.000281008688034, 0.000353656359948, 0.000576185935643, 0.000584840017837, 0.000488386722282, 0.000676428782754, 0.000410365639254, 0.000318516569678, 0.000530378310941, 0.000122012999782, 6.34243406239e-05, 0.000111301029392, 0.000117841904284, 4.39971991e-05, 5.84163244639e-05, 7.42591510061e-05, 5.86053465668e-05, 0.000161297226441, 0.000136489543365, 0.000117101466458, 6.88469081069e-05, 0.000125835300423, 0.000129157648189, 4.63998039777e-05, 3.33285934175e-05, 6.53300012345e-05, 2.98776812997e-05, 2.51457695413e-05, 3.96242721763e-05, 2.73088044196e-05, 2.58258114627e-05, 2.55264822044e-05, 2.67847644864e-05, 2.99211515085e-05, 1.85679073184e-05, 1.55461457325e-05, 2.68625790341e-05, 3.18442362186e-05, 2.38881875703e-05, 2.15032468986e-05, 2.08260316867e-05, 2.47967527685e-05, 2.88531300612e-05, 2.15699528781e-05, 1.47307100633e-05, 1.22415794976e-05, 9.14195970836e-06, 5.73142051508e-06, 5.5708533182e-06, 5.24574215888e-06, 5.2869454521e-06, 5.01884778714e-06, 5.09476831212e-06, 4.43143744633e-06, 3.69792974197e-06, 3.06759238811e-06, 2.35939205595e-06, 1.8609438257e-06, 1.81177040304e-06, 1.46610159391e-06, 1.45877652358e-06, 1.39007136113e-06, 1.3103923493e-06, 1.20685365346e-06, 1.06718471216e-06, 8.80579023033e-07, 7.00092755324e-07, 6.63135665491e-07, 6.58079443383e-07, 5.86361920796e-07, 5.86275291425e-07, 4.8468842806e-07, 4.65830140683e-07, 4.87965962748e-07, 3.05849482629e-07, 3.07030944668e-07, 1.20143297977e-07, 8.33389108834e-08, 3.63589225394e-09, 3.96185480256e-11, 1.28499875671e-11, 1.40522029776e-11, 1.60246555608e-11, 1.85452191798e-11, 1.92657573922e-11, 1.85451792811e-11, 1.68326463879e-11, 1.56390039807e-11, 1.4842441512e-11, 1.37469324119e-11, 1.21299957925e-11, 1.04885692145e-11, 6.51089295325e-12, 5.2870399031e-12, 5.11255274227e-12, 4.90162771483e-12, 4.72826118536e-12, 4.55442454583e-12, 4.38269949846e-12, 4.21699047209e-12, 4.01225493801e-12, 3.77457830616e-12, 3.64402128264e-12, 3.60823285313e-12],
        "min": [9.81465020367e-10, 4.14994048015e-08, 3.31461592395e-07, 5.29088822532e-07, 1.65708468103e-06, 2.11084102375e-06, 4.11953266166e-07, 1.36790072247e-06, 1.16864771371e-06, 1.02165881799e-06, 1.60668992066e-06, 7.41284736705e-07, 1.85298154065e-06, 2.01103694053e-06, 1.39234566632e-06, 3.5657205899e-07, 5.93293975726e-07, 1.34767890358e-06, 9.45241311001e-07, 2.71556700682e-07, 4.51008645541e-07, 1.00187014596e-06, 6.41615088171e-07, 4.67454214004e-07, 3.62692645695e-07, 3.17457846677e-07, 6.27125530173e-07, 3.72940945681e-07, 1.32311853918e-07, 1.60000851679e-07, 1.23061710156e-07, 3.57100617521e-07, 2.07698192867e-07, 1.73979060492e-07, 1.29942691274e-07, 8.73872991747e-08, 1.03470569002e-07, 1.39727688975e-07, 4.30164242005e-08, 3.73911461793e-08, 1.60887353218e-07, 1.38245340509e-07, 6.92184300988e-08, 1.18189007026e-07, 1.84978233619e-07, 7.07377125764e-08, 1.47035507325e-07, 7.37019121289e-08, 1.46161013959e-07, 1.97782270561e-07, 1.0965649011e-07, 1.65048859913e-07, 1.47202882772e-07, 1.86111137168e-07, 1.76200231294e-07, 1.78797662898e-07, 1.69369542391e-07, 2.49126117069e-07, 4.27290771654e-08, 3.95005699261e-08, 1.55115372991e-07, 3.22846545942e-07, 1.65103458016e-07, 7.08883618472e-08, 7.3157515601e-08, 1.55299119342e-07, 8.43294145625e-08, 1.00022951699e-07, 5.37563593639e-08, 3.58983029969e-08, 8.35311411151e-08, 2.54591867588e-08, 1.80209358547e-08, 2.18156568366e-08, 1.2465745769e-08, 1.79415451385e-08, 7.3638721787e-09, 6.84219036984e-09, 6.79066891607e-09, 3.24054671985e-09, 4.52396919925e-09, 2.96017765855e-09, 4.97855845438e-09, 6.25274587662e-09, 6.74303723969e-09, 4.94938534601e-09, 3.32920535584e-09, 3.33907523853e-09, 1.73507608281e-09, 2.97955504713e-09, 7.77804209928e-10, 1.58152005381e-10, 7.75523922858e-10, 4.89788376523e-10, 3.68902908221e-10, 5.47715539589e-10, 1.78855541488e-10, 4.33994784554e-11, 6.04400765547e-11, 8.54369092834e-12, 6.86096318647e-11, 9.90844369443e-14, 7.33991386008e-14, 4.17290002195e-14, 2.26870134685e-14, 2.44247456055e-14, 2.15235408706e-14, 2.47465639153e-14, 3.00998240004e-14, 2.25516372747e-14, 2.4046994322e-14, 2.72972782751e-14, 2.12115972709e-14, 3.01071593058e-14, 2.56522098485e-14, 1.89848476024e-14, 2.22795567395e-14, 2.55454379573e-14, 2.74710521664e-14, 2.8838053229e-14, 2.68300565955e-14, 2.11489032802e-14, 2.47458253026e-14, 1.90202756025e-14, 1.95175872805e-14, 7.47555788566e-15, 9.15557700929e-16, 5.00472593259e-17],
        "stdev": [5.08908415213e-05, 0.000278044026345, 0.000474771455629, 0.000758162001148, 0.000870952266268, 0.000568597228266, 0.000611740455497, 0.000561763648875, 0.000923262792639, 0.00136279850267, 0.000753385422286, 0.000499468937051, 0.000661252706777, 0.000341772043612, 0.000403189944336, 0.000708054169081, 0.000653184542898, 0.000564697955269, 0.000534201157279, 0.000496760592796, 0.000342501414707, 0.000598883314524, 0.000940948026255, 0.000743632845115, 0.000887567701284, 0.00127055705525, 0.00197578268126, 0.00156148069073, 0.00111272232607, 0.00176121899858, 0.00140569603536, 0.00111573410686, 0.00190088909585, 0.000647184788249, 0.000349753827322, 0.000518936256412, 0.000482364441268, 0.000212021332118, 0.000165701130754, 0.000453515007393, 0.00022921722848, 0.000583615212236, 0.000439862080384, 0.000389262771932, 0.000196512090042, 0.000451464031357, 0.000359622616088, 0.000166335041285, 9.42252227105e-05, 0.000330336479237, 0.000168037135154, 0.000106358202174, 0.000148361272295, 9.16931894608e-05, 4.59448529e-05, 6.48789064144e-05, 7.02288671164e-05, 4.95420499647e-05, 3.16302466672e-05, 3.47978639184e-05, 6.64051040076e-05, 6.73189279041e-05, 4.63539909106e-05, 5.0340560847e-05, 4.97308865306e-05, 4.44994293503e-05, 4.5052569476e-05, 4.93015686516e-05, 3.28826863552e-05, 2.6808682378e-05, 1.79854068847e-05, 9.51632046053e-06, 1.11674489744e-05, 8.40103803057e-06, 8.74783927429e-06, 7.47893000153e-06, 8.79548952071e-06, 7.56683948566e-06, 7.99615645519e-06, 5.50971208213e-06, 5.07117420057e-06, 4.31962371295e-06, 3.5360842503e-06, 3.80721417059e-06, 3.59129035132e-06, 3.60089165952e-06, 3.46025012732e-06, 2.92060394713e-06, 2.96166513181e-06, 2.62892581304e-06, 1.91767458091e-06, 1.74789283847e-06, 1.8227495957e-06, 1.59131934652e-06, 1.57376564403e-06, 1.45650994909e-06, 1.3691416143e-06, 2.37175709117e-06, 9.30876183247e-07, 1.2781267742e-06, 4.49793503776e-07, 3.01625277643e-07, 1.51394061731e-08, 2.69310740375e-10, 1.40368286439e-10, 1.33196759178e-10, 1.3032952495e-10, 1.20735310638e-10, 1.31941596537e-10, 1.30057686842e-10, 1.08295712675e-10, 1.06924642751e-10, 1.08787423514e-10, 9.10266167997e-11, 7.53705223233e-11, 5.99795213496e-11, 3.69243802201e-11, 3.06289091312e-11, 2.97455081399e-11, 2.7680193207e-11, 2.63356524088e-11, 2.50509526317e-11, 2.39222513326e-11, 2.28672757813e-11, 2.15582066088e-11, 2.04604336945e-11, 2.01221435348e-11, 1.99597040285e-11]
    },
    "mfcc": {
        "mean": [-629.048522949, 131.738327026, -25.098274231, 31.8796882629, -9.45617389679, 1.44828283787, -4.58959054947, 4.20707416534, -8.10234737396, 4.94501686096, -6.35367298126, -7.01988744736, -9.83121299744],
        "cov": [[1316.34472656, -615.422485352, -74.0865020752, -154.207015991, -50.4119949341, 68.206199646, 100.376464844, -16.9929275513, 94.7043533325, 14.9670763016, -7.23885297775, -34.6158676147, -66.1641082764], [-615.422485352, 648.732543945, -164.708740234, 8.89379882812, -16.2820453644, -18.2009754181, 35.2109031677, 68.0084686279, -70.6766433716, 20.259059906, 13.7027225494, -9.47288513184, 12.644068718], [-74.0865020752, -164.708740234, 444.431091309, 51.9846115112, 47.7189025879, -26.6345100403, -73.5958023071, -34.2383575439, -19.2896747589, -30.1593894958, 12.700548172, 40.7951469421, 52.4624481201], [-154.207015991, 8.89379882812, 51.9846115112, 374.767456055, 29.9097499847, -72.7854537964, -118.406364441, -52.7930374146, 46.0100631714, 6.79269456863, 15.4487028122, 56.1570930481, 43.1491889954], [-50.4119949341, -16.2820453644, 47.7189025879, 29.9097499847, 204.801971436, 26.9407043457, -50.8300666809, -28.4324188232, 5.90143013, -4.66646575928, -10.7254238129, 4.46366930008, 39.97996521], [68.206199646, -18.2009754181, -26.6345100403, -72.7854537964, 26.9407043457, 122.269180298, 40.3277359009, 17.9529056549, -22.8798522949, -9.18163299561, -5.61423540115, -14.7305765152, -1.32228243351], [100.376464844, 35.2109031677, -73.5958023071, -118.406364441, -50.8300666809, 40.3277359009, 196.211242676, 65.5238723755, -8.2046546936, -8.22966766357, 3.5033891201, -32.3507385254, -46.2643852234], [-16.9929275513, 68.0084686279, -34.2383575439, -52.7930374146, -28.4324188232, 17.9529056549, 65.5238723755, 114.786018372, -6.44679164886, -6.27626657486, -18.0934391022, -20.7665958405, -12.6747903824], [94.7043533325, -70.6766433716, -19.2896747589, 46.0100631714, 5.90143013, -22.8798522949, -8.2046546936, -6.44679164886, 123.03842926, 34.133682251, -13.6725254059, -21.9543838501, -10.076177597], [14.9670763016, 20.259059906, -30.1593894958, 6.79269456863, -4.66646575928, -9.18163299561, -8.22966766357, -6.27626657486, 34.133682251, 101.945236206, 22.7062644958, -24.734292984, -28.4924869537], [-7.23885297775, 13.7027225494, 12.700548172, 15.4487028122, -10.7254238129, -5.61423540115, 3.5033891201, -18.0934391022, -13.6725254059, 22.7062644958, 95.0767745972, 39.6455192566, 1.97566056252], [-34.6158676147, -9.47288513184, 40.7951469421, 56.1570930481, 4.46366930008, -14.7305765152, -32.3507385254, -20.7665958405, -21.9543838501, -24.734292984, 39.6455192566, 118.512039185, 55.2848777771], [-66.1641082764, 12.644068718, 52.4624481201, 43.1491889954, 39.97996521, -1.32228243351, -46.2643852234, -12.6747903824, -10.076177597, -28.4924869537, 1.97566056252, 55.2848777771, 132.433578491]],
        "icov": [[0.00190700008534, 0.00205027335323, 0.000849324918818, 0.000390277797123, 0.000238539170823, -0.000255254446529, -0.000704044708982, -9.6742529422e-05, -0.000341647362802, -0.000406319304602, -0.000256662053289, -4.81525603391e-07, -0.000145772806718], [0.00205027335323, 0.00440801493824, 0.00181095348671, 6.79901268086e-06, -1.25251572172e-05, 0.000649383175187, -0.000922648294363, -0.00142420188058, 0.0015200903872, -0.00123867578804, -0.000630329886917, 0.000580705120228, -0.000948355416767], [0.000849324918818, 0.00181095348671, 0.00331721454859, 4.46895173809e-05, -0.000415741640609, 0.000766244193073, 0.000282888300717, -0.000434719637269, 0.0008703097119, 0.000220880378038, -0.000728485989384, 0.000184193253517, -0.000839132699184], [0.000390277797123, 6.79901268086e-06, 4.46895173809e-05, 0.00404245359823, -0.000135162146762, 0.00116126111243, 0.0015525148483, 0.000446121412097, -0.00180581246968, 0.000288848328637, -0.000331986579113, -0.00131721491925, -2.34417602769e-05], [0.000238539170823, -1.25251572172e-05, -0.000415741640609, -0.000135162146762, 0.0060561010614, -0.00220099603757, 0.00102565961424, 0.00110727641732, -0.000721925753169, -3.31920273311e-05, 0.00051798298955, 0.000570981530473, -0.00136500841472], [-0.000255254446529, 0.000649383175187, 0.000766244193073, 0.00116126111243, -0.00220099603757, 0.0109093720093, -0.00146806670818, -0.000897615973372, 0.00232054991648, 4.21268669015e-06, -0.000174022628926, 0.00096144946292, -0.000918111822102], [-0.000704044708982, -0.000922648294363, 0.000282888300717, 0.0015525148483, 0.00102565961424, -0.00146806670818, 0.00896200258285, -0.00334772188216, -0.000994703965262, 0.00216200063005, -0.0021357240621, 0.000698666204698, 0.00173420796636], [-9.6742529422e-05, -0.00142420188058, -0.000434719637269, 0.000446121412097, 0.00110727641732, -0.000897615973372, -0.00334772188216, 0.0123096080497, -0.000537187675945, 0.000139607655001, 0.00257595581934, 9.88228566712e-05, -0.000310635135975], [-0.000341647362802, 0.0015200903872, 0.0008703097119, -0.00180581246968, -0.000721925753169, 0.00232054991648, -0.000994703965262, -0.000537187675945, 0.0120335239917, -0.00413175066933, 0.0019610656891, 0.00167294510175, -0.000931003771257], [-0.000406319304602, -0.00123867578804, 0.000220880378038, 0.000288848328637, -3.31920273311e-05, 4.21268669015e-06, 0.00216200063005, 0.000139607655001, -0.00413175066933, 0.0142792621627, -0.00540006347001, 0.00328340474516, 0.00197999528609], [-0.000256662053289, -0.000630329886917, -0.000728485989384, -0.000331986579113, 0.00051798298955, -0.000174022628926, -0.0021357240621, 0.00257595581934, 0.0019610656891, -0.00540006347001, 0.0155604770407, -0.00636447640136, 0.00108318310231], [-4.81525603391e-07, 0.000580705120228, 0.000184193253517, -0.00131721491925, 0.000570981530473, 0.00096144946292, 0.000698666204698, 9.88228566712e-05, 0.00167294510175, 0.00328340474516, -0.00636447640136, 0.0147276064381, -0.00482817133889], [-0.000145772806718, -0.000948355416767, -0.000839132699184, -2.34417602769e-05, -0.00136500841472, -0.000918111822102, 0.00173420796636, -0.000310635135975, -0.000931003771257, 0.00197999528609, 0.00108318310231, -0.00482817133889, 0.0112422639504]]
    },
    "spectral_contrast_coeffs": {
        "max": [-0.426471352577, -0.529334723949, -0.415905922651, -0.539670825005, -0.588241755962, -0.50958532095],
        "mean": [-0.689515531063, -0.763882637024, -0.700884580612, -0.76123636961, -0.766460359097, -0.673551559448],
        "min": [-0.867066025734, -0.907625436783, -0.895867645741, -0.917758226395, -0.870999217033, -0.794735193253],
        "stdev": [0.0600449591875, 0.0600179508328, 0.0978309139609, 0.059830494225, 0.0359724573791, 0.0461777970195]
    },
    "spectral_contrast_valleys": {
        "max": [-5.33533763885, -4.79420900345, -5.32766389847, -5.82431554794, -5.86217308044, -8.50733089447],
        "mean": [-6.70699930191, -6.47632408142, -7.27474737167, -7.40143966675, -7.22780942917, -11.3108997345],
        "min": [-8.62763977051, -8.02712631226, -8.90277194977, -8.82621479034, -8.78479957581, -13.722743988],
        "stdev": [0.459073334932, 0.451708853245, 0.486645340919, 0.432784855366, 0.534649133682, 0.877953529358]
    }
},
"rhythm": {
    "beats_count": 117,
    "beats_loudness": {
        "max": 0.0669223666191,
        "mean": 0.0328206643462,
        "min": 0.00787550769746,
        "stdev": 0.0128628015518
    },
    "bpm": 135.688110352,
    "bpm_histogram_first_peak_bpm": 136,
    "bpm_histogram_first_peak_weight": 0.398230075836,
    "bpm_histogram_second_peak_bpm": 144,
    "bpm_histogram_second_peak_spread": 0,
    "bpm_histogram_second_peak_weight": 0.0172413792461,
    "danceability": 1.21512269974,
    "onset_rate": 3.10009241104,
    "beats_loudness_band_ratio": {
        "max": [0.587256014347, 0.763597011566, 0.692780256271, 0.882934629917, 0.544144749641, 0.181339427829],
        "mean": [0.16609673202, 0.261544942856, 0.183523774147, 0.281250327826, 0.131941914558, 0.059317715466],
        "min": [0.0193284898996, 0.0206271279603, 0.00784094724804, 0.00533147063106, 0.00645159743726, 0.00280218897387],
        "stdev": [0.117321223021, 0.194732904434, 0.159805744886, 0.244588151574, 0.11942807585, 0.0418177619576]
    },
