{
"metadata": {
    "version": {
        "essentia": "2.1-beta5",
        "essentia_git_sha": "Undefined",
        "extractor": "music 2.0"
    },
    "audio_properties": {
        "analysis": {
            "equal_loudness": 0,
            "length": 12.7477550507,
            "sample_rate": 44100,
            "start_time": 0,
            "downmix": "mix"
        },
        "bit_rate": 192000,
        "length": 186.723266602,
        "lossless": 0,
        "number_channels": 2,
        "replay_gain": -4.05404281616,
        "sample_rate": 48000,
        "codec": "mp3",
        "md5_encoded": "e0cdea3324ba2ebe2c55fe1c7a61078b"
    },
    "tags": {
        "file_name": "Sweden_En Dag_Tommy Nilsson.mp3",
        "encoding": ["Lavf58.29.100"]
    }
},
"lowlevel": {
    "average_loudness": 0.890040516853,
    "barkbands_crest": {
        "max": 21.238275528,
        "mean": 9.5415687561,
        "min": 3.31910014153,
        "stdev": 3.90367865562
    },
    "barkbands_flatness_db": {
        "max": 0.311189055443,
        "mean": 0.162938073277,
        "min": 0.0718423649669,
        "stdev": 0.0440263189375
    },
    "barkbands_kurtosis": {
        "max": 26.8628864288,
        "mean": 3.62856221199,
        "min": -1.51983642578,
        "stdev": 4.56686115265
    },
    "barkbands_skewness": {
        "max": 4.83293533325,
        "mean": 1.3388941288,
        "min": -2.50721859932,
        "stdev": 0.97740316391
    },
    "barkbands_spread": {
        "max": 43.9511222839,
        "mean": 13.9422473907,
        "min": 2.35957741737,
        "stdev": 6.9847574234
    },
    "dissonance": {
        "max": 0.499961525202,
        "mean": 0.455140113831,
        "min": 0.343032866716,
        "stdev": 0.0299111846834
    },
    "dynamic_complexity": 3.13970804214,
    "erbbands_crest": {
        "max": 26.3286590576,
        "mean": 9.12000083923,
        "min": 2.91821718216,
        "stdev": 4.07791137695
    },
    "erbbands_flatness_db": {
        "max": 0.296506434679,
        "mean": 0.198260694742,
        "min": 0.0936356633902,
        "stdev": 0.0329066179693
    },
    "erbbands_kurtosis": {
        "max": 8.18888950348,
        "mean": 0.412985175848,
        "min": -1.60565137863,
        "stdev": 1.64378094673
    },
    "erbbands_skewness": {
        "max": 2.28708434105,
        "mean": 0.604220271111,
        "min": -2.46564030647,
        "stdev": 0.613039731979
    },
    "erbbands_spread": {
        "max": 94.0610961914,
        "mean": 29.0501918793,
        "min": 7.49716997147,
        "stdev": 11.3657684326
    },
    "hfc": {
        "max": 62.2087554932,
        "mean": 12.9036741257,
        "min": 1.16017771913e-16,
        "stdev": 8.9174079895
    },
    "loudness_ebu128": {
        "integrated": -19.6157112122,
        "loudness_range": 3.93173980713,
        "momentary": {
            "max": -16.4150314331,
            "mean": -20.7832870483,
            "min": -34.2579498291,
            "stdev": 3.59538221359
        },
        "short_term": {
            "max": -17.6349658966,
            "mean": -19.7241859436,
            "min": -24.0094203949,
            "stdev": 1.50801205635
        }
    },
    "melbands_crest": {
        "max": 28.8824367523,
        "mean": 11.5033845901,
        "min": 2.08591485023,
        "stdev": 5.28424453735
    },
    "melbands_flatness_db": {
        "max": 0.382944613695,
        "mean": 0.205483064055,
        "min": 0.00726927770302,
        "stdev": 0.0671919882298
    },
    "melbands_kurtosis": {
        "max": 106.950119019,
        "mean": 8.07029628754,
        "min": -1.66823196411,
        "stdev": 9.39231204987
    },
    "melbands_skewness": {
        "max": 9.37002277374,
        "mean": 1.93636476994,
        "min": -0.422989666462,
        "stdev": 1.19531667233
    },
    "melbands_spread": {
        "max": 158.789779663,
        "mean": 18.5644855499,
        "min": 2.4628264904,
        "stdev": 14.4272670746
    },
    "pitch_salience": {
        "max": 0.919257342815,
        "mean": 0.608616828918,
        "min": 0.245750173926,
        "stdev": 0.122664645314
    },
    "silence_rate_20dB": {
        "max": 1,
        "mean": 1,
        "min": 1,
        "stdev": 0
    },
    "silence_rate_30dB": {
        "max": 1,
        "mean": 1,
        "min": 1,
        "stdev": 0
    },
    "silence_rate_60dB": {
        "max": 1,
        "mean": 0.10000000149,
        "min": 0,
        "stdev": 0.299997508526
    },
    "spectral_centroid": {
        "max": 11259.8916016,
        "mean": 1129.61804199,
        "min": 284.181732178,
        "stdev": 838.6640625
    },
    "spectral_complexity": {
        "max": 46,
        "mean": 16.9145450592,
        "min": 0,
        "stdev": 7.05420827866
    },
    "spectral_decrease": {
        "max": 8.20937569371e-29,
        "mean": -6.14197182003e-09,
        "min": -2.5971063522e-08,
        "stdev": 4.89444795804e-09
    },
    "spectral_energy": {
        "max": 0.100147724152,
        "mean": 0.024351624772,
        "min": 1.02133193844e-20,
        "stdev": 0.0191327538341
    },
    "spectral_energyband_high": {
        "max": 0.00251202913933,
        "mean": 0.000217535896809,
        "min": 7.27236353483e-21,
        "stdev": 0.000328913505655
    },
    "spectral_energyband_low": {
        "max": 0.0469079650939,
        "mean": 0.0044006020762,
        "min": 5.17065317432e-23,
        "stdev": 0.00592241529375
    },
    "spectral_energyband_middle_high": {
        "max": 0.0274115744978,
        "mean": 0.00366249959916,
        "min": 1.39379781754e-21,
        "stdev": 0.00345137086697
    },
    "spectral_energyband_middle_low": {
        "max": 0.0837333425879,
        "mean": 0.0168165955693,
        "min": 2.83747486835e-22,
        "stdev": 0.0155964288861
    },
    "spectral_entropy": {
        "max": 9.80762195587,
        "mean": 7.30790281296,
        "min": 5.84237289429,
        "stdev": 0.430371373892
    },
    "spectral_flux": {
        "max": 0.237552940845,
        "mean": 0.0706281214952,
        "min": 6.94360680065e-11,
        "stdev": 0.0380364358425
    },
    "spectral_kurtosis": {
        "max": 31.3818664551,
        "mean": 5.52625799179,
        "min": -1.21739137173,
        "stdev": 3.51558017731
    },
    "spectral_rms": {
        "max": 0.00988458842039,
        "mean": 0.00445881206542,
        "min": 3.15661429287e-12,
        "stdev": 0.00196893024258
    },
    "spectral_rolloff": {
        "max": 19336.8164062,
        "mean": 1236.75,
        "min": 129.19921875,
        "stdev": 1481.00585938
    },
    "spectral_skewness": {
        "max": 4.12248706818,
        "mean": 1.60451567173,
        "min": -0.0379992872477,
        "stdev": 0.477020353079
    },
    "spectral_spread": {
        "max": 40448764,
        "mean": 3242451.5,
        "min": 1780643.875,
        "stdev": 2330717.25
    },
    "spectral_strongpeak": {
        "max": 4.57985925674,
        "mean": 1.07404303551,
        "min": 0,
        "stdev": 0.883918702602
    },
    "zerocrossingrate": {
        "max": 0.66015625,
        "mean": 0.0485289432108,
        "min": 0.01220703125,
        "stdev": 0.047748465091
    },
    "barkbands": {
        "max": [0.00099013815634, 0.032879114151, 0.0354743413627, 0.0255923196673, 0.0572511851788, 0.048387825489, 0.00913796480745, 0.04651754722, 0.0218295548111, 0.0249703526497, 0.00183269230183, 0.0100020579994, 0.00158646563068, 0.00289655080996, 0.00814272742718, 0.00342205073684, 0.00368808908388, 0.00195989245549, 0.0021548406221, 0.00128427380696, 0.00160697882529, 0.000554317899514, 0.000269373093033, 0.000194938111235, 0.000114236070658, 7.51716215746e-05, 3.54550024895e-08],
        "mean": [6.10982169746e-05, 0.00204437412322, 0.00169549114071, 0.00109806365799, 0.00788396503776, 0.00268601276912, 0.000932737253606, 0.00283421087079, 0.00116258044727, 0.00131745566614, 0.000286135415081, 0.000330866489094, 0.000261691922788, 0.000422214128776, 0.000274085294222, 0.000287221861072, 0.000205583128263, 0.000135903464979, 0.000166157013155, 0.0001116986532, 7.83124705777e-05, 4.03522353736e-05, 1.80899842235e-05, 1.1080407603e-05, 4.8180304475e-06, 1.44488376463e-06, 9.85755366223e-10],
        "min": [1.50356425079e-24, 1.93853574444e-23, 1.46753498138e-23, 4.54068021501e-24, 6.44298547134e-23, 2.83616163583e-23, 3.10880774189e-23, 4.88853821304e-23, 4.39873005937e-23, 6.02673260173e-23, 1.0195750152e-22, 5.18656733868e-23, 3.21909775396e-23, 7.3250367241e-23, 1.38048866122e-22, 9.246529602e-23, 6.26101356207e-23, 1.47650439298e-22, 3.29385299013e-22, 2.47331849915e-22, 2.84442870879e-22, 4.66799971454e-22, 4.22227209851e-22, 6.87369923418e-22, 1.05827742736e-21, 1.59874524387e-21, 2.51967494468e-21],
        "stdev": [0.000103257501905, 0.0029018393252, 0.00321819097735, 0.00184619659558, 0.0103498771787, 0.00494527863339, 0.0011214890983, 0.00459830230102, 0.0025183535181, 0.00290802237578, 0.000309324008413, 0.000640348007437, 0.000225218391279, 0.000450244842796, 0.00064320868114, 0.000302979809931, 0.000265279435553, 0.000131910055643, 0.00023504703131, 0.000165634031873, 0.000160121373483, 6.6084881837e-05, 2.71890330623e-05, 1.8213655494e-05, 9.79392461886e-06, 4.62411890112e-06, 2.63130206513e-09]
    },
    "erbbands": {
        "max": [0.662580668926, 8.18967819214, 27.6649951935, 66.3363113403, 80.2168426514, 294.188049316, 591.321594238, 182.309234619, 163.129776001, 289.657501221, 1237.14807129, 372.823455811, 738.73034668, 556.122619629, 201.089492798, 349.214691162, 78.7746505737, 97.6824264526, 251.035171509, 367.543334961, 160.854278564, 166.871124268, 156.848480225, 69.3413772583, 86.1512451172, 65.4464111328, 83.5254592896, 58.0157546997, 23.0268135071, 11.1848497391, 6.92655134201, 5.39683246613, 3.22372221947, 1.95916104317, 0.657323241234, 0.493981271982, 0.0988575816154, 0.00295797153376, 0.000100440265669, 0.00011021469254],
        "mean": [0.0451472066343, 0.511997818947, 1.79808521271, 3.24257731438, 8.05453777313, 23.3744525909, 53.8556518555, 14.5687713623, 17.0321102142, 19.7262611389, 68.96043396, 23.0466194153, 34.2550735474, 26.0301685333, 11.4951095581, 11.5758447647, 11.6463747025, 12.9966125488, 21.1934757233, 16.9152565002, 15.264541626, 13.7345952988, 8.24584960938, 7.5814781189, 7.24015808105, 5.43488693237, 3.86551809311, 2.59467077255, 1.64631581306, 0.806055903435, 0.467425912619, 0.273145675659, 0.156713396311, 0.0637752637267, 0.0306629594415, 0.0120596857741, 0.00132244278211, 3.69914996554e-05, 1.39572375701e-05, 2.80648127955e-05],
        "min": [2.91098559756e-22, 1.86152695354e-21, 1.17898868579e-20, 2.01284369269e-20, 2.91298728982e-20, 1.65452304231e-19, 2.88254943435e-19, 2.37782734752e-19, 4.6839862158e-19, 4.95660323221e-19, 1.28724906008e-18, 1.01177775357e-18, 1.52704354978e-18, 2.89421418025e-18, 3.16678859686e-18, 1.96928211919e-18, 1.4925559085e-18, 2.2156382191e-18, 5.77367269914e-18, 7.19693372317e-18, 1.00295756806e-17, 3.82234784387e-18, 6.90517057751e-18, 1.36044335667e-17, 1.27657559708e-17, 1.21216378724e-17, 1.14822206415e-17, 1.28754508734e-17, 2.10592573894e-17, 9.83292755199e-18, 1.33559989687e-17, 1.30008481455e-17, 1.20075481593e-17, 1.22675955459e-17, 7.34681057836e-18, 6.16307541713e-18, 3.09068446498e-18, 1.30292402929e-18, 3.09694017346e-19, 3.54463629962e-20],
        "stdev": [0.0618270337582, 0.762488245964, 3.14768505096, 5.6012840271, 10.4875268936, 36.3799171448, 85.6536407471, 19.0721855164, 18.8697662354, 25.7467689514, 112.510398865, 43.9447517395, 78.8414611816, 48.548324585, 13.367939949, 19.9463844299, 10.0366649628, 11.4798984528, 27.1230812073, 30.6177330017, 14.9773721695, 15.6100349426, 9.0269613266, 8.82823467255, 10.1206884384, 8.33655738831, 7.35797023773, 4.90123128891, 2.78814983368, 1.19835066795, 0.741464138031, 0.440963566303, 0.267906159163, 0.136496320367, 0.0643334537745, 0.0329922065139, 0.00584042211995, 0.000162884025485, 1.16705796245e-05, 2.15561212826e-05]
    },
    "gfcc": {
        "mean": [-40.6044158936, 133.46182251, -149.539413452, 34.2196998596, -65.7035980225, 3.00255703926, -38.3197059631, 2.66885137558, -17.1223602295, -4.13363313675, -11.385559082, -9.67534732819, 2.45212960243],
        "cov": [[10770.609375, 1588.30908203, -20.0857601166, 483.822357178, -491.697113037, -168.288192749, -203.448059082, 38.7468261719, -144.64855957, -81.6693344116, -172.495147705, -111.509376526, -4.90825891495], [1588.30908203, 1606.06091309, 525.304382324, 93.7164230347, 129.568893433, -391.101654053, 111.270225525, -191.106719971, 65.772064209, -162.545059204, 105.025840759, -127.214279175, 140.871826172], [-20.0857601166, 525.304382324, 794.23223877, 142.613510132, 86.0768890381, -131.413833618, 77.6651992798, -61.817024231, -28.1674060822, -48.4496116638, -2.41296863556, -15.7767372131, 2.19642829895], [483.822357178, 93.7164230347, 142.613510132, 247.401641846, 32.7822875977, -1.29002737999, 34.4497299194, 2.36725735664, -5.64978790283, 4.0092921257, 2.59588265419, -18.7193965912, -1.16149675846], [-491.697113037, 129.568893433, 86.0768890381, 32.7822875977, 154.605239868, 7.2613120079, 44.1901664734, -16.4493541718, 27.6061649323, -13.4553499222, 26.5113220215, 0.816504001617, 19.3668498993], [-168.288192749, -391.101654053, -131.413833618, -1.29002737999, 7.2613120079, 236.842056274, 21.5620880127, 94.2006225586, 3.45416498184, 51.4239501953, -38.256111145, 48.0027008057, -43.3229675293], [-203.448059082, 111.270225525, 77.6651992798, 34.4497299194, 44.1901664734, 21.5620880127, 113.358161926, 24.1045036316, 19.3762397766, -1.27311217785, 15.133895874, -8.77995491028, 6.70784711838], [38.7468261719, -191.106719971, -61.817024231, 2.36725735664, -16.4493541718, 94.2006225586, 24.1045036316, 100.391677856, 20.5312995911, 43.0900840759, -17.8900680542, 19.6328983307, -33.5952033997], [-144.64855957, 65.772064209, -28.1674060822, -5.64978790283, 27.6061649323, 3.45416498184, 19.3762397766, 20.5312995911, 90.9547958374, 13.3493127823, 15.8760547638, -21.0244464874, 6.77498722076], [-81.6693344116, -162.545059204, -48.4496116638, 4.0092921257, -13.4553499222, 51.4239501953, -1.27311217785, 43.0900840759, 13.3493127823, 72.6661148071, 4.53557300568, 14.1727333069, -25.1861934662], [-172.495147705, 105.025840759, -2.41296863556, 2.59588265419, 26.5113220215, -38.256111145, 15.133895874, -17.8900680542, 15.8760547638, 4.53557300568, 67.0305938721, 8.36631202698, 27.712053299], [-111.509376526, -127.214279175, -15.7767372131, -18.7193965912, 0.816504001617, 48.0027008057, -8.77995491028, 19.6328983307, -21.0244464874, 14.1727333069, 8.36631202698, 62.5143852234, 7.18359947205], [-4.90825891495, 140.871826172, 2.19642829895, -1.16149675846, 19.3668498993, -43.3229675293, 6.70784711838, -33.5952033997, 6.77498722076, -25.1861934662, 27.712053299, 7.18359947205, 61.4102783203]],
        "icov": [[0.000631400966085, -0.00209770770743, 0.000912854273338, -0.001606788137, 0.00206371606328, -0.00112881045789, 0.00212920992635, -0.00171289511491, 0.00140778790228, -0.000862938875798, 0.0021528378129, -0.00143542746082, 0.000869841838721], [-0.00209770770743, 0.00903066806495, -0.00389717007056, 0.00536053394899, -0.00704721454531, 0.00519772944972, -0.00807164981961, 0.00585447112098, -0.00557049969211, 0.00474929669872, -0.00855042692274, 0.00716415653005, -0.00508620869368], [0.000912854273338, -0.00389717007056, 0.00381899648346, -0.00338961137459, 0.00218211929314, -0.000148888895637, 0.00148872379214, -0.0013182767434, 0.00219723163173, -0.00178851082455, 0.00563251087442, -0.00574686424807, 0.00428974721581], [-0.001606788137, 0.00536053394899, -0.00338961137459, 0.00916639249772, -0.00592060294002, 0.00184385722969, -0.00531447632238, 0.00307120452635, -0.00174233934376, 0.00098696409259, -0.00650797924027, 0.00740717398003, -0.00403467006981], [0.00206371606328, -0.00704721454531, 0.00218211929314, -0.00592060294002, 0.0163391381502, -0.00644974922761, 0.00476190634072, -0.00193321809638, 0.00115195754915, -0.00102400721516, 0.0041932198219, -0.00616949331015, 0.00314256502315], [-0.00112881045789, 0.00519772944972, -0.000148888895637, 0.00184385722969, -0.00644974922761, 0.0144573431462, -0.00786311458796, -0.000150619016495, -0.00415809219703, 0.000716041366104, 0.00245019979775, -0.00503068650141, 0.00127159710974], [0.00212920992635, -0.00807164981961, 0.00148872379214, -0.00531447632238, 0.00476190634072, -0.00786311458796, 0.0223915241659, -0.0133772287518, 0.00688774744049, -0.00168315158226, 0.00197468302213, 0.00201067514718, -0.00085707224207], [-0.00171289511491, 0.00585447112098, -0.0013182767434, 0.00307120452635, -0.00193321809638, -0.000150619016495, -0.0133772287518, 0.0309010632336, -0.0120225874707, -0.00300198723562, -0.000695299298968, -0.00601629493758, 0.00652059260756], [0.00140778790228, -0.00557049969211, 0.00219723163173, -0.00174233934376, 0.00115195754915, -0.00415809219703, 0.00688774744049, -0.0120225874707, 0.0218117516488, -0.00594461569563, 0.000773380044848, 0.00816803239286, -0.00399561505765], [-0.000862938875798, 0.00474929669872, -0.00178851082455, 0.00098696409259, -0.00102400721516, 0.000716041366104, -0.00168315158226, -0.00300198723562, -0.00594461569563, 0.0267714802176, -0.0121814142913, 0.00106949254405, 0.00549620389938], [0.0021528378129, -0.00855042692274, 0.00563251087442, -0.00650797924027, 0.0041932198219, 0.00245019979775, 0.00197468302213, -0.000695299298968, 0.000773380044848, -0.0121814142913, 0.0362897180021, -0.0173443388194, -0.000156725072884], [-0.00143542746082, 0.00716415653005, -0.00574686424807, 0.00740717398003, -0.00616949331015, -0.00503068650141, 0.00201067514718, -0.00601629493758, 0.00816803239286, 0.00106949254405, -0.0173443388194, 0.0418898612261, -0.01885333471], [0.000869841838721, -0.00508620869368, 0.00428974721581, -0.00403467006981, 0.00314256502315, 0.00127159710974, -0.00085707224207, 0.00652059260756, -0.00399561505765, 0.00549620389938, -0.000156725072884, -0.01885333471, 0.0363290756941]]
    },
    "melbands": {
        "max": [0.0080113010481, 0.0102875577286, 0.0104992967099, 0.0109627638012, 0.0189556274563, 0.00545641453937, 0.00213720672764, 0.00577418738976, 0.00991045963019, 0.00200468022376, 0.0037405337207, 0.00257281586528, 0.00033666958916, 0.00144965283107, 0.000198128516786, 0.000184139964404, 0.000222193426453, 0.000365436921129, 0.000767912250012, 0.000296136626275, 0.00018680820358, 0.000124388534459, 0.000304357992718, 4.66362143925e-05, 5.91412135691e-05, 9.84222569969e-05, 6.10485003563e-05, 4.44143406639e-05, 5.05128227815e-05, 4.11042674386e-05, 2.96305643133e-05, 1.52620850713e-05, 7.64720061852e-06, 6.21178332949e-06, 4.43250382887e-06, 3.20805315823e-06, 3.74665410163e-06, 1.84672217074e-06, 2.70712689598e-06, 1.49418917772e-06],
        "mean": [0.000488956400659, 0.000862589047756, 0.000670829496812, 0.00105927151162, 0.00185905524995, 0.000358385645086, 0.000229901314015, 0.000332112133037, 0.000530497985892, 0.000120094053273, 0.00018358201487, 0.000125038292026, 3.60601661669e-05, 4.0164020902e-05, 2.44391267188e-05, 2.71326916845e-05, 2.4391365514e-05, 4.00619719585e-05, 2.20833517233e-05, 2.12059003388e-05, 1.61081570695e-05, 1.41310192703e-05, 9.25491895032e-06, 5.87116619499e-06, 6.13673546468e-06, 6.85328132022e-06, 3.6926935536e-06, 3.69103372577e-06, 2.56425096268e-06, 2.01679472411e-06, 1.29280977035e-06, 1.02539183899e-06, 5.86164503602e-07, 3.93802821463e-07, 2.78119756558e-07, 2.10621209362e-07, 1.50428661527e-07, 1.1147898249e-07, 8.81772947992e-08, 4.3431494845e-08],
        "min": [4.26067088126e-24, 4.79751636524e-24, 3.24391831571e-24, 1.59341872251e-23, 8.86507054702e-24, 5.11671394218e-24, 7.02379898562e-24, 5.56621280243e-24, 9.73385962802e-24, 6.32604835951e-24, 7.26153484118e-24, 1.15096107692e-23, 1.35384150782e-23, 4.86418655021e-24, 5.23206276146e-24, 2.6144676612e-24, 3.95552607248e-24, 8.24993101263e-24, 1.08568039155e-23, 5.72817738476e-24, 1.12830475507e-23, 3.30123083541e-24, 4.86235008203e-24, 7.62031509176e-24, 1.11331702896e-23, 1.16948203214e-23, 6.93029135822e-24, 8.34686071864e-24, 6.49019966426e-24, 6.89628514231e-24, 7.11948702456e-24, 1.08140508098e-23, 4.97851892222e-24, 5.27363454788e-24, 7.43675268114e-24, 7.90666371175e-24, 7.94808679788e-24, 7.58968046737e-24, 9.79697244474e-24, 9.36374029079e-24],
        "stdev": [0.000682374113239, 0.001324595185, 0.000965840590652, 0.00148353120312, 0.00283990637399, 0.000533533049747, 0.000249272881774, 0.00047848050599, 0.000896423065569, 0.000231756726862, 0.000418332056142, 0.000238413078478, 3.57749922841e-05, 9.15254931897e-05, 2.64177033387e-05, 2.5423907573e-05, 2.40380377363e-05, 4.89529884362e-05, 5.18596971233e-05, 2.81229968095e-05, 1.71687333932e-05, 1.59762676049e-05, 1.49113047883e-05, 5.22123991686e-06, 7.5711336649e-06, 1.01292107502e-05, 5.98757515036e-06, 5.73768647882e-06, 4.44195393356e-06, 4.4703151616e-06, 2.41208726948e-06, 1.8735388494e-06, 8.83057509782e-07, 5.94041921431e-07, 4.48097182471e-07, 3.37024829378e-07, 2.63207482476e-07, 1.80984812914e-07, 1.89566506492e-07, 9.66268274283e-08]
    },
    "melbands128": {
        "max": [0.000840707099997, 0.00311100413091, 0.0132180303335, 0.0140356011689, 0.0125137548894, 0.0195748005062, 0.0155021203682, 0.0102546932176, 0.00828587356955, 0.0163908042014, 0.0212421547621, 0.0255679152906, 0.0293971002102, 0.0199393760413, 0.0020464186091, 0.0032109785825, 0.003727421863, 0.00260027148761, 0.00142115657218, 0.00345790525898, 0.0105978157371, 0.0173635389656, 0.0164243932813, 0.0089544756338, 0.00326881743968, 0.000929347821511, 0.00222481973469, 0.00675296084955, 0.00810397882015, 0.00561717059463, 0.00169507006649, 0.000502001610585, 0.00037282082485, 0.0003473496472, 0.00300230574794, 0.00268357992172, 0.000242929861997, 0.000409851345466, 0.000102064987004, 0.00033237808384, 0.000294442172162, 0.000281302432995, 0.000191452840227, 0.00044619126129, 0.000688317115419, 0.000679375836626, 0.001153384801, 0.00181717984378, 0.000989590073004, 0.000864171073772, 0.000246992887696, 0.000184983291547, 0.000203256946406, 0.00021535535052, 0.000125377540826, 0.000142794422572, 0.000185355413123, 0.000583687738981, 0.000224273768254, 9.08750298549e-05, 6.34205644019e-05, 3.65660998796e-05, 5.63672911085e-05, 6.0806509282e-05, 0.000183754556929, 0.000112666370114, 7.0547706855e-05, 6.674046017e-05, 6.59990255372e-05, 5.85593916185e-05, 5.708147728e-05, 8.77354978002e-05, 2.33956070588e-05, 6.76049457979e-05, 6.83533507981e-05, 5.90147719777e-05, 6.52846283629e-05, 4.982952305e-05, 3.07016416627e-05, 2.29320248764e-05, 3.02014414046e-05, 2.15204545384e-05, 1.27185749079e-05, 9.24976757233e-06, 9.31648992264e-06, 5.3597805163e-06, 5.7014271988e-06, 7.55112068873e-06, 4.626928785e-06, 5.18440947417e-06, 3.67868801732e-06, 3.88208809454e-06, 3.40769838658e-06, 4.94375626658e-06, 2.89474678539e-06, 2.96592884297e-06, 2.49536242336e-06, 2.80074664261e-06, 4.82501218357e-06, 3.00902206618e-06, 1.72841293988e-06, 1.32178661261e-06, 1.48697915847e-06, 1.50436892454e-06, 1.05647541204e-06, 9.94693664325e-07, 6.84851670485e-07, 4.13827052625e-07, 1.06446918835e-06, 1.5710278376e-06, 8.41610528823e-07, 3.64263343045e-07, 2.68076689736e-07, 7.09637859586e-08, 1.28168231583e-08, 4.67915173274e-09, 1.04611896923e-09, 1.60042590291e-10, 1.61151328393e-10, 1.58553795093e-10, 1.53194387731e-10, 1.51178722319e-10, 1.48771092667e-10, 1.43069375791e-10, 1.44492959264e-10, 1.45130088502e-10, 1.4228157541e-10, 1.41149023025e-10],
        "mean": [5.20436951774e-05, 0.000297079590382, 0.000644293846563, 0.000907663372345, 0.000925381376874, 0.000824521761388, 0.000656789459754, 0.000514543324243, 0.000840240332764, 0.000884429086, 0.00107552716509, 0.00259905890562, 0.00231740646996, 0.000648173503578, 0.000191458952031, 0.000257377774687, 0.000347895635059, 0.000235542407609, 7.60768598411e-05, 6.51168811601e-05, 0.000528362230398, 0.000954121991526, 0.000408133870224, 0.000370746070985, 8.17052205093e-05, 5.92924916418e-05, 7.84711228334e-05, 0.000156196707394, 0.000362231599865, 0.000140715608723, 5.31987316208e-05, 5.27358279214e-05, 2.64720365521e-05, 2.72579800367e-05, 5.63259891351e-05, 4.18893905589e-05, 1.42380358739e-05, 3.55459815182e-05, 1.69979884959e-05, 2.56992152572e-05, 3.35175755026e-05, 2.25117455557e-05, 1.4409922187e-05, 1.59720802912e-05, 7.77274835855e-05, 3.53769028152e-05, 1.29417257995e-05, 2.24499362957e-05, 2.88908322545e-05, 1.84312102647e-05, 2.26667343668e-05, 1.83272386494e-05, 2.32605525525e-05, 1.19969154184e-05, 6.84228734826e-06, 1.78297195816e-05, 1.8159067622e-05, 6.99394877302e-06, 8.18051103124e-06, 8.38352207211e-06, 5.03486126036e-06, 4.78013816974e-06, 4.72917190564e-06, 4.15734120907e-06, 1.33110561364e-05, 5.54278176423e-06, 5.48057278138e-06, 3.5567818486e-06, 3.39270172844e-06, 3.5322009353e-06, 2.8148454021e-06, 5.58355850444e-06, 2.20509991777e-06, 2.28560566029e-06, 2.08473784369e-06, 2.29594525081e-06, 1.74919136953e-06, 1.71121621406e-06, 1.08708570679e-06, 1.13329838314e-06, 1.12070665637e-06, 9.67538198893e-07, 7.94854429387e-07, 5.19733873716e-07, 4.40793996859e-07, 4.44159013568e-07, 3.62741872095e-07, 3.40038496915e-07, 2.60368835825e-07, 2.48566607297e-07, 2.34270231658e-07, 2.03523299547e-07, 1.6531134861e-07, 1.47669567241e-07, 1.49316804254e-07, 1.1482448059e-07, 9.82262093885e-08, 1.09987631447e-07, 1.08780113806e-07, 7.22724848856e-08, 2.98823614742e-08, 4.41390390904e-08, 4.6857344671e-08, 4.55551223411e-08, 3.23313678052e-08, 2.98578015645e-08, 2.32955361668e-08, 1.94657037156e-08, 2.31808794382e-08, 2.22719016563e-08, 1.38581670583e-08, 2.85211654294e-09, 1.17852805293e-09, 3.39779399061e-10, 8.72605876445e-11, 4.82733159002e-11, 1.21559325106e-11, 3.77719773861e-12, 3.69327225053e-12, 3.59850018707e-12, 3.50135263665e-12, 3.43886377707e-12, 3.38219448108e-12, 3.30986692047e-12, 3.18923316575e-12, 2.99050476223e-12, 2.87740382736e-12, 2.84907080567e-12],
        "min": [1.50290870738e-24, 1.38126241149e-24, 5.10949665376e-24, 2.07189031388e-24, 4.3877642617e-24, 8.07491275447e-24, 4.27923435608e-24, 2.1111424548e-24, 8.2767443948e-25, 6.59469454635e-24, 8.81741782632e-24, 3.20921159132e-24, 8.66394020405e-24, 6.73362675682e-24, 5.68188939342e-24, 3.39158913286e-24, 4.95133753644e-24, 1.06103763904e-23, 5.70372900758e-24, 2.62613294184e-24, 3.9564095967e-24, 1.3332124796e-23, 1.26366232124e-23, 3.72730545716e-24, 2.77979279098e-24, 7.39002844973e-24, 9.06147009115e-24, 3.97344820339e-24, 8.14967073588e-24, 3.56115715102e-24, 8.08599072817e-24, 2.16545899912e-23, 8.84269687403e-24, 5.36756776574e-24, 5.02465821328e-24, 4.54238967659e-24, 4.57889539827e-24, 7.85036113122e-24, 3.50091539356e-24, 2.11266180091e-24, 2.38323754152e-24, 3.31147005274e-24, 2.94458050927e-24, 2.8954114007e-24, 1.12458346152e-23, 6.50582344892e-24, 7.59171257306e-24, 1.21594404619e-23, 9.7680157275e-24, 5.16177367709e-24, 4.68770574394e-24, 6.106296166e-24, 6.86131099408e-24, 9.18346900787e-24, 3.73123911206e-24, 2.09882044746e-24, 3.01680821932e-24, 4.21621620266e-24, 6.93230689783e-24, 3.48977628315e-24, 6.51589168065e-24, 4.38756625761e-24, 8.72477400161e-24, 6.12497560337e-24, 1.50328394879e-23, 7.75277667066e-24, 8.83440989022e-24, 5.33819176892e-24, 6.90415245212e-24, 7.82617781131e-24, 5.61153088928e-24, 6.62466218885e-24, 6.00821432864e-24, 3.13665591235e-24, 5.38149549945e-24, 4.97799906288e-24, 4.99242930099e-24, 5.73727650087e-24, 6.84784592729e-24, 5.01512167379e-24, 5.84574211432e-24, 1.22029769064e-23, 5.25848605191e-24, 3.93218328387e-24, 4.58014574281e-24, 4.9626845117e-24, 4.65433534993e-24, 7.10051097548e-24, 5.69826693467e-24, 9.17815760739e-24, 6.93371028138e-24, 4.74176204304e-24, 9.04268415756e-24, 6.67998263755e-24, 8.89590948639e-24, 6.90704126076e-24, 6.1402881824e-24, 1.04511108957e-23, 9.03443109477e-24, 9.36183282512e-24, 1.08772433015e-23, 7.7354832619e-24, 8.41583477188e-24, 6.74242650022e-24, 6.93952813056e-24, 7.52802309902e-24, 7.21730025478e-24, 9.70136408075e-24, 1.08429601954e-23, 9.3044526606e-24, 9.84354205942e-24, 9.21824515201e-24, 9.76808199181e-24, 1.0716677764e-23, 6.37633863664e-24, 8.56786956756e-24, 1.30979561695e-23, 1.08884396043e-23, 9.07885579664e-24, 1.16573028856e-23, 7.34686434758e-24, 9.93195680082e-24, 7.3972567822e-24, 7.65299365476e-24, 1.22548263671e-23, 1.10273004229e-23, 8.40214093543e-24, 1.02024919151e-23],
        "stdev": [8.96343917702e-05, 0.000429625477409, 0.00107275263872, 0.00141023821197, 0.00163901853375, 0.00160569476429, 0.00130583113059, 0.000825012160931, 0.00110548886005, 0.00178292451892, 0.00222042878158, 0.00428205821663, 0.00389395398088, 0.00177673308644, 0.000285631336737, 0.000445214274805, 0.000425293081207, 0.000309264811222, 0.000126482467749, 0.00019384000916, 0.000831515353639, 0.00154792610556, 0.00125725765247, 0.00102574296761, 0.000240078632487, 9.57286247285e-05, 0.000168742408277, 0.000607763999142, 0.000755130196922, 0.000434518151451, 0.00011726340017, 6.90061278874e-05, 3.64150946552e-05, 4.01720280934e-05, 0.00014878300135, 0.000132741843117, 2.45418123086e-05, 5.20273788425e-05, 1.9280363631e-05, 3.58259676432e-05, 3.61268503184e-05, 3.2684100006e-05, 1.97303506866e-05, 3.24759676005e-05, 0.00010016230226, 5.50100776309e-05, 6.40349826426e-05, 8.78839637153e-05, 7.13791741873e-05, 5.92711621721e-05, 3.30250331899e-05, 2.21376540139e-05, 2.81406228169e-05, 2.03440486075e-05, 1.18034058687e-05, 2.12849681702e-05, 2.52787413046e-05, 2.66207771347e-05, 1.21291232063e-05, 9.12182986212e-06, 6.29120177109e-06, 5.22655363966e-06, 6.43855082672e-06, 7.40380846764e-06, 2.38654447458e-05, 9.89642194327e-06, 8.85702502273e-06, 5.5061123021e-06, 6.46377930025e-06, 7.21536252968e-06, 6.14617556494e-06, 1.05726503534e-05, 3.33896605298e-06, 5.35591289008e-06, 5.30932447873e-06, 5.69833582631e-06, 4.48969740319e-06, 3.49980655301e-06, 2.54285123447e-06, 2.30511909649e-06, 2.38883671955e-06, 2.01261377697e-06, 1.21827463317e-06, 8.71378233569e-07, 9.17939416922e-07, 6.72627493259e-07, 5.78690276143e-07, 6.1725188516e-07, 4.37316117541e-07, 4.83014446218e-07, 4.19576025479e-07, 3.26655992922e-07, 2.83421513814e-07, 3.13552504849e-07, 2.57981781715e-07, 2.03391451237e-07, 1.85363916216e-07, 2.10367673503e-07, 2.84166134179e-07, 1.64843996231e-07, 9.26582970351e-08, 9.88436852367e-08, 9.83699592894e-08, 1.09689580086e-07, 7.2129836326e-08, 8.11752798313e-08, 5.57116628386e-08, 3.72883626198e-08, 6.65926478405e-08, 9.0437936251e-08, 5.28981232151e-08, 2.29507559624e-08, 1.30185027203e-08, 3.46097461801e-09, 7.19886816825e-10, 3.0329447287e-10, 6.53701745512e-11, 8.79438362411e-12, 8.72773381344e-12, 8.55517132831e-12, 8.30017565095e-12, 8.15698290163e-12, 8.01444154097e-12, 7.77923732376e-12, 7.77872904978e-12, 7.76877433911e-12, 7.6496422044e-12, 7.59651022642e-12]
    },
    "mfcc": {
        "mean": [-663.864196777, 149.177398682, -22.2450504303, 25.61951828, -7.03714466095, 0.200077876449, -9.13669013977, -1.49966669083, -0.96585893631, 1.62797892094, -4.49973392487, -3.41539096832, -5.05258274078],
        "cov": [[4783.2734375, 710.699829102, 558.538208008, 406.67300415, -11.7889699936, -42.3893508911, -16.9498291016, 2.88238167763, 14.6287546158, 88.0875854492, -18.2005386353, -92.7264785767, -82.8241653442], [710.699829102, 1503.30065918, 379.431854248, 415.134765625, 35.0279884338, -64.2669372559, -12.4412069321, -59.9627952576, -45.3383331299, -45.82629776, -41.7257957458, -81.9417114258, -13.604429245], [558.538208008, 379.431854248, 527.769165039, 264.875762939, 23.8462181091, 2.55113196373, 32.5823173523, -4.25959444046, -7.21734809875, -12.5502996445, -4.32697534561, -43.838973999, -27.3104324341], [406.67300415, 415.134765625, 264.875762939, 358.925994873, 35.6335258484, -3.71160268784, 28.456943512, -32.5831985474, -19.7475986481, -8.34444904327, -14.2538738251, -23.9698867798, -13.4184036255], [-11.7889699936, 35.0279884338, 23.8462181091, 35.6335258484, 97.846496582, 38.2107658386, 0.185067236423, 13.7525510788, 1.77117884159, 0.531076133251, -6.75447130203, 5.26270103455, 9.296833992], [-42.3893508911, -64.2669372559, 2.55113196373, -3.71160268784, 38.2107658386, 84.5619049072, 35.8350105286, 29.8054275513, 27.383638382, 5.07660150528, 10.6757745743, 10.4232625961, 6.20316362381], [-16.9498291016, -12.4412069321, 32.5823173523, 28.456943512, 0.185067236423, 35.8350105286, 90.2934417725, 33.5760917664, 16.3351421356, -3.40496706963, 5.0336356163, 6.67443227768, 10.3327188492], [2.88238167763, -59.9627952576, -4.25959444046, -32.5831985474, 13.7525510788, 29.8054275513, 33.5760917664, 76.0862960815, 37.2970161438, 12.6984777451, 13.115986824, 5.61151599884, 9.05301094055], [14.6287546158, -45.3383331299, -7.21734809875, -19.7475986481, 1.77117884159, 27.383638382, 16.3351421356, 37.2970161438, 63.5535621643, 29.1988658905, 20.8215999603, 9.34768199921, 3.79026174545], [88.0875854492, -45.82629776, -12.5502996445, -8.34444904327, 0.531076133251, 5.07660150528, -3.40496706963, 12.6984777451, 29.1988658905, 69.1244430542, 34.1274528503, 14.3096866608, 2.66327738762], [-18.2005386353, -41.7257957458, -4.32697534561, -14.2538738251, -6.75447130203, 10.6757745743, 5.0336356163, 13.115986824, 20.8215999603, 34.1274528503, 60.241973877, 22.9326210022, 6.96261024475], [-92.7264785767, -81.9417114258, -43.838973999, -23.9698867798, 5.26270103455, 10.4232625961, 6.67443227768, 5.61151599884, 9.34768199921, 14.3096866608, 22.9326210022, 50.5223808289, 21.3441352844], [-82.8241653442, -13.604429245, -27.3104324341, -13.4184036255, 9.296833992, 6.20316362381, 10.3327188492, 9.05301094055, 3.79026174545, 2.66327738762, 6.96261024475, 21.3441352844, 42.0943374634]],
        "icov": [[0.000269990530796, -5.7772918808e-05, -0.000186265067896, -0.000141417622217, 0.000198621564778, -4.43667158834e-05, 0.000176372821443, -0.000263337278739, 9.93632638711e-05, -0.000595521007199, 0.000316267483868, 6.09666240052e-05, 0.000268148665782], [-5.7772918808e-05, 0.00114622106776, -0.000156568479724, -0.00106846657582, -0.000341639533872, 0.000796450243797, 0.000271093187621, 0.000231654310483, -0.000394008064177, 0.000717320421245, -0.000430304178735, 0.00140536797699, -0.000995012116618], [-0.000186265067896, -0.000156568479724, 0.00346720009111, -0.00205239537172, -0.00027865357697, 5.83617947996e-05, -0.000530794553924, -0.000625680200756, -8.64299436216e-05, 0.00102358369622, -0.00154365273193, 0.00166275596712, 0.000851189834066], [-0.000141417622217, -0.00106846657582, -0.00205239537172, 0.00643042335287, -0.0021464980673, 0.000566124101169, -0.00303539517336, 0.00330072268844, 6.99934826116e-05, -0.0010829026578, 0.000638751371298, -0.000991450855508, 0.000979820149951], [0.000198621564778, -0.000341639533872, -0.00027865357697, -0.0021464980673, 0.016310499981, -0.00964866857976, 0.00575853837654, -0.0048520215787, 0.00424293382093, -0.00249028787948, 0.00456411205232, -0.00228192075156, -0.00295744230971], [-4.43667158834e-05, 0.000796450243797, 5.83617947996e-05, 0.000566124101169, -0.00964866857976, 0.022354548797, -0.0077858902514, 0.000833822996356, -0.00765395816416, 0.00339706242085, -0.00341577152722, 2.50714638241e-05, 0.00198353687301], [0.000176372821443, 0.000271093187621, -0.000530794553924, -0.00303539517336, 0.00575853837654, -0.0077858902514, 0.0185773056, -0.00803668983281, 0.00158482417464, 0.00157271674834, 0.00125163735356, -0.00151430908591, -0.00351486145519], [-0.000263337278739, 0.000231654310483, -0.000625680200756, 0.00330072268844, -0.0048520215787, 0.000833822996356, -0.00803668983281, 0.0247934348881, -0.0117118898779, 0.00125457218383, -0.00230235862546, 0.00352933001705, -0.00264132511802], [9.93632638711e-05, -0.000394008064177, -8.64299436216e-05, 6.99934826116e-05, 0.00424293382093, -0.00765395816416, 0.00158482417464, -0.0117118898779, 0.0298565551639, -0.00984831992537, -0.000357919663657, -0.00125929410569, 0.00098751205951], [-0.000595521007199, 0.000717320421245, 0.00102358369622, -0.0010829026578, -0.00249028787948, 0.00339706242085, 0.00157271674834, 0.00125457218383, -0.00984831992537, 0.0255889482796, -0.0121340639889, -0.000358219956979, 0.000228960750974], [0.000316267483868, -0.000430304178735, -0.00154365273193, 0.000638751371298, 0.00456411205232, -0.00341577152722, 0.00125163735356, -0.00230235862546, -0.000357919663657, -0.0121340639889, 0.0289804581553, -0.0108576640487, 0.000880446226802], [6.09666240052e-05, 0.00140536797699, 0.00166275596712, -0.000991450855508, -0.00228192075156, 2.50714638241e-05, -0.00151430908591, 0.00352933001705, -0.00125929410569, -0.000358219956979, -0.0108576640487, 0.0344007387757, -0.0140612414107], [0.000268148665782, -0.000995012116618, 0.000851189834066, 0.000979820149951, -0.00295744230971, 0.00198353687301, -0.00351486145519, -0.00264132511802, 0.00098751205951, 0.000228960750974, 0.000880446226802, -0.0140612414107, 0.0334992669523]]
    },
    "spectral_contrast_coeffs": {
        "max": [-0.412805765867, -0.50291544199, -0.530886292458, -0.644333362579, -0.645874142647, -0.621484994888],
        "mean": [-0.669785320759, -0.733317434788, -0.754652738571, -0.789150953293, -0.78602284193, -0.715127944946],
        "min": [-0.962526321411, -0.96364235878, -0.969263911247, -0.964119672775, -0.96233022213, -0.960224926472],
        "stdev": [0.0924887880683, 0.0737590864301, 0.0595914646983, 0.0441260077059, 0.0384463369846, 0.0368967168033]
    },
    "spectral_contrast_valleys": {
        "max": [-4.87322282791, -5.23253440857, -6.25986766815, -5.79812288284, -5.95426893234, -9.00501346588],
        "mean": [-6.9702000618, -6.74903726578, -7.43562793732, -7.5912528038, -7.88904190063, -11.5775613785],
        "min": [-27.5722541809, -27.5525913239, -27.3108711243, -27.3479385376, -27.2209644318, -27.2776813507],
        "stdev": [1.6967086792, 1.50362980366, 1.36057734489, 1.34807479382, 1.36081659794, 1.27070307732]
    }
},
"rhythm": {
    "beats_count": 19,
    "beats_loudness": {
        "max": 0.0828679576516,
        "mean": 0.0434202440083,
        "min": 0.0014562549768,
        "stdev": 0.0191233046353
    },
    "bpm": 93.1273880005,
    "bpm_histogram_first_peak_bpm": 94,
    "bpm_histogram_first_peak_weight": 0.444444417953,
    "bpm_histogram_second_peak_bpm": 0,
    "bpm_histogram_second_peak_spread": 0,
    "bpm_histogram_second_peak_weight": 0,
    "danceability": 0.90721487999,
    "onset_rate": 2.11609268188,
    "beats_loudness_band_ratio": {
        "max": [0.932379543781, 0.661550581455, 0.350963175297, 0.430340319872, 0.438508868217, 0.053683321923],
        "mean": [0.495383024216, 0.263013035059, 0.130138516426, 0.0725446417928, 0.0609203130007, 0.0174477044493],
        "min": [0.00578189501539, 0.01402730681, 0.00824729353189, 0.00796638056636, 0.010054724291, 0.00244187912904],
        "stdev": [0.248615384102, 0.219315141439, 0.106361143291, 0.105296343565, 0.0991832464933, 0.0150359338149]
    },
    "beats_position": [0.615328788757, 1.25387752056, 1.90403628349, 2.54258489609, 3.1811337471, 3.8196823597, 4.45823097229, 5.0967798233, 5.74693870544, 6.38548755646, 7.03564596176, 7.6858048439, 8.34757328033, 8.99773216248, 9.63628101349, 10.2864398956, 10.9365987778, 11.5751476288, 12.2136955261],
