{
"metadata": {
    "version": {
        "essentia": "2.1-beta5",
        "essentia_git_sha": "Undefined",
        "extractor": "music 2.0"
    },
    "audio_properties": {
        "analysis": {
            "equal_loudness": 0,
            "length": 12.7477550507,
            "sample_rate": 44100,
            "start_time": 0,
            "downmix": "mix"
        },
        "bit_rate": 192000,
        "length": 203.62739563,
        "lossless": 0,
        "number_channels": 2,
        "replay_gain": 6.22696876526,
        "sample_rate": 48000,
        "codec": "mp3",
        "md5_encoded": "c40ef4a5a3a66de76bfdb2979e2bdd55"
    },
    "tags": {
        "file_name": "Luxembourg_Monsieur_Park Café.mp3",
        "encoding": ["Lavf58.29.100"]
    }
},
"lowlevel": {
    "average_loudness": 0.00138423836324,
    "barkbands_crest": {
        "max": 17.961687088,
        "mean": 6.4663233757,
        "min": 2.58241939545,
        "stdev": 1.5739287138
    },
    "barkbands_flatness_db": {
        "max": 0.174932256341,
        "mean": 0.0806003063917,
        "min": 0.050658069551,
        "stdev": 0.0165967214853
    },
    "barkbands_kurtosis": {
        "max": 6.08879852295,
        "mean": 2.29537773132,
        "min": -1.54454243183,
        "stdev": 1.78045070171
    },
    "barkbands_skewness": {
        "max": 2.32407355309,
        "mean": -1.28783118725,
        "min": -2.34102511406,
        "stdev": 0.965515673161
    },
    "barkbands_spread": {
        "max": 46.5235671997,
        "mean": 26.892534256,
        "min": 8.59895610809,
        "stdev": 5.93125295639
    },
    "dissonance": {
        "max": 0.499981671572,
        "mean": 0.49196049571,
        "min": 0.388700902462,
        "stdev": 0.00730709731579
    },
    "dynamic_complexity": 6.9914689064,
    "erbbands_crest": {
        "max": 20.6423034668,
        "mean": 4.48090314865,
        "min": 2.67816305161,
        "stdev": 2.66264462471
    },
    "erbbands_flatness_db": {
        "max": 0.254038393497,
        "mean": 0.119930155575,
        "min": 0.0830093473196,
        "stdev": 0.0390934534371
    },
    "erbbands_kurtosis": {
        "max": 2.57200145721,
        "mean": 0.125723570585,
        "min": -1.17699992657,
        "stdev": 0.499275773764
    },
    "erbbands_skewness": {
        "max": 0.870559990406,
        "mean": -0.489391714334,
        "min": -0.981574237347,
        "stdev": 0.30276453495
    },
    "erbbands_spread": {
        "max": 59.3261871338,
        "mean": 34.1304855347,
        "min": 10.8602256775,
        "stdev": 7.37232494354
    },
    "hfc": {
        "max": 340.730957031,
        "mean": 9.66396522522,
        "min": 1.04674935341e-16,
        "stdev": 31.3661003113
    },
    "loudness_ebu128": {
        "integrated": -27.8052005768,
        "loudness_range": 18.0678386688,
        "momentary": {
            "max": -23.5626354218,
            "mean": -228.556152344,
            "min": -300.691009521,
            "stdev": 118.191772461
        },
        "short_term": {
            "max": -28.0261287689,
            "mean": -211.854797363,
            "min": -300.691009521,
            "stdev": 123.099021912
        }
    },
    "melbands_crest": {
        "max": 23.7100334167,
        "mean": 4.01345968246,
        "min": 1.49728858471,
        "stdev": 3.53503727913
    },
    "melbands_flatness_db": {
        "max": 0.233081802726,
        "mean": 0.0338797494769,
        "min": 0.00269768782891,
        "stdev": 0.0487910360098
    },
    "melbands_kurtosis": {
        "max": 26.1040210724,
        "mean": -0.440775185823,
        "min": -1.41137206554,
        "stdev": 2.09787392616
    },
    "melbands_skewness": {
        "max": 4.91953802109,
        "mean": 0.280540466309,
        "min": -0.383373737335,
        "stdev": 0.641197741032
    },
    "melbands_spread": {
        "max": 161.140396118,
        "mean": 108.482627869,
        "min": 13.3077535629,
        "stdev": 40.7871208191
    },
    "pitch_salience": {
        "max": 0.95781826973,
        "mean": 0.758606135845,
        "min": 0.223659053445,
        "stdev": 0.0827672332525
    },
    "silence_rate_20dB": {
        "max": 1,
        "mean": 1,
        "min": 1,
        "stdev": 0
    },
    "silence_rate_30dB": {
        "max": 1,
        "mean": 0.985454559326,
        "min": 0,
        "stdev": 0.119724191725
    },
    "silence_rate_60dB": {
        "max": 1,
        "mean": 0.792727291584,
        "min": 0,
        "stdev": 0.405352830887
    },
    "spectral_centroid": {
        "max": 12179.6552734,
        "mean": 8695.70507812,
        "min": 1162.5501709,
        "stdev": 3904.53833008
    },
    "spectral_complexity": {
        "max": 60,
        "mean": 7.26727294922,
        "min": 0,
        "stdev": 14.9368152618
    },
    "spectral_decrease": {
        "max": 2.41582007766e-28,
        "mean": -1.76531722573e-09,
        "min": -5.99292988568e-08,
        "stdev": 5.80422598873e-09
    },
    "spectral_energy": {
        "max": 0.234193265438,
        "mean": 0.00753926532343,
        "min": 9.70710019763e-21,
        "stdev": 0.0244566965848
    },
    "spectral_energyband_high": {
        "max": 0.0285538639873,
        "mean": 0.000663869606797,
        "min": 6.81076605687e-21,
        "stdev": 0.00248038349673
    },
    "spectral_energyband_low": {
        "max": 0.15885220468,
        "mean": 0.00157292280346,
        "min": 9.77682572609e-24,
        "stdev": 0.00879137124866
    },
    "spectral_energyband_middle_high": {
        "max": 0.0976570472121,
        "mean": 0.00262871640734,
        "min": 1.04099629958e-21,
        "stdev": 0.00775722181424
    },
    "spectral_energyband_middle_low": {
        "max": 0.108522690833,
        "mean": 0.00281159300357,
        "min": 1.28229933367e-22,
        "stdev": 0.0104832248762
    },
    "spectral_entropy": {
        "max": 9.83055782318,
        "mean": 9.31140995026,
        "min": 7.51439714432,
        "stdev": 0.828140556812
    },
    "spectral_flux": {
        "max": 0.359858423471,
        "mean": 0.0225207358599,
        "min": 6.27973506528e-11,
        "stdev": 0.0522791482508
    },
    "spectral_kurtosis": {
        "max": 10.2763814926,
        "mean": -0.0415009371936,
        "min": -1.27214491367,
        "stdev": 2.12706589699
    },
    "spectral_rms": {
        "max": 0.0151155954227,
        "mean": 0.00110837339889,
        "min": 3.07739207381e-12,
        "stdev": 0.00247525633313
    },
    "spectral_rolloff": {
        "max": 19595.2148438,
        "mean": 14567.8417969,
        "min": 473.73046875,
        "stdev": 7083.90136719
    },
    "spectral_skewness": {
        "max": 2.52458333969,
        "mean": 0.323101937771,
        "min": -0.135576352477,
        "stdev": 0.565911471844
    },
    "spectral_spread": {
        "max": 43415832,
        "mean": 30951874,
        "min": 2615247,
        "stdev": 16248783
    },
    "spectral_strongpeak": {
        "max": 7.49643230438,
        "mean": 0.261874645948,
        "min": 0,
        "stdev": 0.954196751118
    },
    "zerocrossingrate": {
        "max": 0.544921875,
        "mean": 0.393621265888,
        "min": 0.03125,
        "stdev": 0.180635556579
    },
    "barkbands": {
        "max": [0.000627935747616, 0.107246249914, 0.0628283619881, 0.0112040806562, 0.0531351789832, 0.0195572040975, 0.0351849906147, 0.0239484030753, 0.00526400655508, 0.0146018136293, 0.00690117292106, 0.0089451149106, 0.0150629105046, 0.0116002671421, 0.0143250152469, 0.00762307923287, 0.00949681829661, 0.00792265404016, 0.00594001496211, 0.009695218876, 0.00918535329401, 0.0133083499968, 0.00463062571362, 0.00208920543082, 0.000456247100374, 0.000204721276532, 4.6968211791e-06],
        "mean": [8.86747329787e-06, 0.001017269562, 0.000460578216007, 0.000176011235453, 0.000867094553541, 0.000423489051173, 0.000629702291917, 0.000470461294753, 0.00017820703215, 0.000231177968089, 0.000190989885596, 0.00022191311291, 0.000252140831435, 0.000256108789472, 0.000702060584445, 0.000178169284482, 0.000192070932826, 0.00021688194829, 0.000143981000292, 0.000182434814633, 0.000243522386882, 0.000151323401951, 0.000110988898086, 2.67072264251e-05, 5.19109926245e-06, 1.87364889825e-06, 4.91288147941e-08],
        "min": [1.12124448941e-25, 2.29000857924e-24, 5.82831883933e-25, 2.42264656716e-25, 3.49610255318e-24, 2.50129274536e-24, 2.43637067615e-24, 5.78921668059e-24, 9.55037452577e-24, 9.32094458668e-24, 1.28703406105e-23, 2.00840263046e-23, 2.07955157322e-23, 2.8576631442e-23, 3.66042409412e-23, 4.4346484741e-23, 5.17873678979e-23, 7.45487565604e-23, 9.1736028823e-23, 1.33121022441e-22, 1.53624274674e-22, 2.66916224344e-22, 3.68670496362e-22, 4.84379023596e-22, 8.27238622229e-22, 1.28749188121e-21, 1.87961183592e-21],
        "stdev": [4.50217157777e-05, 0.00583801791072, 0.00357007863931, 0.000916423567105, 0.00404519634321, 0.00163104361854, 0.00281926500611, 0.00193822488654, 0.00061987148365, 0.0010817872826, 0.000589620613027, 0.000744363816921, 0.000912904797588, 0.000975402595941, 0.0020738907624, 0.000558981613722, 0.000670496257953, 0.000777536595706, 0.000517748761922, 0.000676485185977, 0.000838954991195, 0.000827768351883, 0.000426793529186, 0.000149802493979, 2.63274996541e-05, 1.24967200463e-05, 2.60084505044e-07]
    },
    "erbbands": {
        "max": [0.777983367443, 30.7133026123, 79.1013641357, 51.6364250183, 76.1058120728, 271.65447998, 99.4654998779, 212.711471558, 522.286682129, 355.355957031, 635.156616211, 132.23600769, 347.926818848, 373.029571533, 311.433929443, 344.961212158, 519.97052002, 748.660583496, 877.433349609, 244.237548828, 534.790710449, 550.16394043, 376.74697876, 370.954223633, 338.467071533, 515.989624023, 437.680480957, 301.201629639, 359.454864502, 459.777008057, 97.3851242065, 49.9650650024, 39.3696784973, 5.37799787521, 3.46225547791, 1.38596999645, 0.366168737411, 0.0170284956694, 0.000834350241348, 0.000347912951838],
        "mean": [0.0206500645727, 0.255252689123, 0.579591453075, 0.56687194109, 1.26010715961, 4.09158039093, 2.77185559273, 3.45946979523, 8.03243160248, 7.79432535172, 11.5812292099, 4.68627500534, 6.78544807434, 7.77085924149, 6.83364439011, 9.37053489685, 10.5621519089, 13.5892868042, 42.665473938, 14.0088119507, 11.5100421906, 9.48077106476, 11.0822572708, 7.5073223114, 8.54769992828, 9.58240795135, 11.2759180069, 6.51453781128, 5.11029434204, 6.35478973389, 2.07928681374, 0.715355694294, 0.384691268206, 0.0717613771558, 0.0369279012084, 0.0136526999995, 0.00260960054584, 0.000168230006238, 1.29329737319e-05, 1.05106928459e-05],
        "min": [6.5895066026e-23, 5.12828553769e-22, 1.26173346481e-21, 2.89254033828e-21, 7.09243317234e-21, 1.75728575776e-20, 2.38746652197e-20, 4.88158570547e-20, 8.01886140279e-20, 1.15682126319e-19, 2.32499118589e-19, 3.02770308824e-19, 3.48862441067e-19, 5.56094035376e-19, 7.18663563474e-19, 9.80969825244e-19, 1.19741776254e-18, 1.68336062642e-18, 1.9716327597e-18, 2.43967843365e-18, 3.30995060663e-18, 3.25016571426e-18, 5.08649281886e-18, 5.18149699375e-18, 5.97631457843e-18, 6.77931876963e-18, 8.46947995805e-18, 8.03765445517e-18, 9.19987299431e-18, 7.2451575257e-18, 1.12984235909e-17, 1.04422536066e-17, 9.64004474957e-18, 7.19566896402e-18, 5.90991844502e-18, 3.68278138142e-18, 2.05675440102e-18, 9.15828628222e-19, 2.33998822889e-19, 2.44864428309e-20],
        "stdev": [0.0832640752196, 1.60341060162, 4.42968225479, 3.1779756546, 6.14585876465, 20.3640346527, 10.1850156784, 15.1129894257, 38.0291748047, 30.2236118317, 48.4383277893, 15.995182991, 28.6130466461, 28.3325042725, 22.284658432, 30.0832824707, 35.3936882019, 45.52186203, 129.574905396, 35.2618141174, 38.0710029602, 34.2946624756, 39.0850219727, 27.6907024384, 30.8369922638, 35.8257713318, 37.75025177, 24.5207901001, 23.9489574432, 30.6166782379, 8.46588230133, 3.46313762665, 2.35713553429, 0.345549792051, 0.209101960063, 0.0788958594203, 0.0225428212434, 0.00109170447104, 6.04091364949e-05, 3.44151412719e-05]
    },
    "gfcc": {
        "mean": [-943.291870117, 19.7627277374, -45.175655365, 9.66707611084, -17.8823509216, 4.91096544266, -9.67769813538, 0.617581009865, -3.37159442902, 2.14678382874, -3.04950404167, -0.432820856571, -1.47344601154],
        "cov": [[300734.96875, 19083.1171875, -40905.5976562, 9532.57421875, -16486.6308594, 4454.86572266, -8808.33007812, 437.575256348, -3023.01318359, 2025.70861816, -2800.15625, -411.883911133, -1402.71276855], [19083.1171875, 1395.28588867, -2411.28735352, 691.782409668, -974.999755859, 293.636199951, -513.632446289, 29.4118690491, -166.245758057, 130.929794312, -155.650634766, -23.552520752, -71.8948440552], [-40905.5976562, -2411.28735352, 5975.03125, -1130.73132324, 2323.19262695, -627.32019043, 1276.66430664, -87.7487411499, 454.847991943, -265.498748779, 398.158569336, 62.8733482361, 187.090057373], [9532.57421875, 691.782409668, -1130.73132324, 389.47644043, -475.434326172, 145.25062561, -236.958114624, 10.189743042, -70.5012969971, 73.2427368164, -78.4299850464, -11.2450990677, -42.2858047485], [-16486.6308594, -974.999755859, 2323.19262695, -475.434326172, 953.629394531, -227.446563721, 513.50201416, -13.4766731262, 186.140350342, -101.232498169, 163.343444824, 25.1956291199, 84.0858764648], [4454.86572266, 293.636199951, -627.32019043, 145.25062561, -227.446563721, 106.217590332, -125.058784485, 33.0934906006, -38.7480316162, 36.2223968506, -33.4884719849, 0.73515689373, -10.8548784256], [-8808.33007812, -513.632446289, 1276.66430664, -236.958114624, 513.50201416, -125.058784485, 293.478973389, -9.8185043335, 109.001098633, -49.4548454285, 88.3840332031, 11.0824327469, 40.2531738281], [437.575256348, 29.4118690491, -87.7487411499, 10.189743042, -13.4766731262, 33.0934906006, -9.8185043335, 32.3360939026, 1.02701556683, 8.6257724762, 3.03212356567, 4.57095909119, 5.69282817841], [-3023.01318359, -166.245758057, 454.847991943, -70.5012969971, 186.140350342, -38.7480316162, 109.001098633, 1.02701556683, 53.659954071, -7.4493637085, 34.5299301147, 6.02798032761, 15.1891565323], [2025.70861816, 130.929794312, -265.498748779, 73.2427368164, -101.232498169, 36.2223968506, -49.4548454285, 8.6257724762, -7.4493637085, 29.0974178314, -13.2027788162, 0.243935063481, -7.69483137131], [-2800.15625, -155.650634766, 398.158569336, -78.4299850464, 163.343444824, -33.4884719849, 88.3840332031, 3.03212356567, 34.5299301147, -13.2027788162, 40.3814506531, 8.81383037567, 19.427192688], [-411.883911133, -23.552520752, 62.8733482361, -11.2450990677, 25.1956291199, 0.73515689373, 11.0824327469, 4.57095909119, 6.02798032761, 0.243935063481, 8.81383037567, 13.0000572205, 7.31462669373], [-1402.71276855, -71.8948440552, 187.090057373, -42.2858047485, 84.0858764648, -10.8548784256, 40.2531738281, 5.69282817841, 15.1891565323, -7.69483137131, 19.427192688, 7.31462669373, 21.5446147919]],
        "icov": [[0.00167298631277, -0.00461255991831, 0.00381554313935, -0.00852633733302, 0.00799086596817, 0.000309661787469, 0.00149846763816, -0.00117101508658, 0.00145769491792, -0.00557555863634, 0.00439847633243, -0.00355963082984, 0.00436492590234], [-0.00461255991831, 0.0248279087245, -0.00725956633687, 0.00478835310787, -0.026191290468, -9.97305614874e-05, 0.0013883409556, 0.00536019727588, -0.00633057625964, 0.0244973357767, -0.0211447738111, 0.0133596789092, -0.0191170610487], [0.00381554313935, -0.00725956633687, 0.0178527478129, -0.0283694975078, 0.00497043458745, 0.0113444952294, -0.00425659865141, 0.0016144599067, 0.00127510505263, 0.00114441197366, 0.00174895999953, -0.0186871066689, 0.0116032585502], [-0.00852633733302, 0.00478835310787, -0.0283694975078, 0.0856281146407, -0.020282689482, -0.0196578539908, -0.0208846610039, 0.0117375645787, -0.00869127735496, 0.00433808332309, -0.00469379127026, 0.018961019814, -0.0140820834786], [0.00799086596817, -0.026191290468, 0.00497043458745, -0.020282689482, 0.096139319241, -0.015832901001, -0.028980853036, -0.0114712808281, -0.00329756480642, -0.0240911245346, 0.0244137439877, -0.00573143642396, -0.00247500371188], [0.000309661787469, -9.97305614874e-05, 0.0113444952294, -0.0196578539908, -0.015832901001, 0.0726073458791, -0.000505907693878, -0.0445204377174, 0.00865430012345, -0.000633751507849, -0.00127192877699, -0.0201731752604, -0.0045149968937], [0.00149846763816, 0.0013883409556, -0.00425659865141, -0.0208846610039, -0.028980853036, -0.000505907693878, 0.114820711315, -0.00657443515956, -0.0416561998427, -0.00777040282264, -0.00625958712772, 0.0243513751775, 0.0222009252757], [-0.00117101508658, 0.00536019727588, 0.0016144599067, 0.0117375645787, -0.0114712808281, -0.0445204377174, -0.00657443515956, 0.0825627073646, -0.0131896585226, 0.00902319792658, -0.0178918465972, -0.00149930664338, -0.00736526912078], [0.00145769491792, -0.00633057625964, 0.00127510505263, -0.00869127735496, -0.00329756480642, 0.00865430012345, -0.0416561998427, -0.0131896585226, 0.144155666232, -0.0868147388101, 0.00542818056419, -0.0068753156811, 0.0089963702485], [-0.00557555863634, 0.0244973357767, 0.00114441197366, 0.00433808332309, -0.0240911245346, -0.000633751507849, -0.00777040282264, 0.00902319792658, -0.0868147388101, 0.167114198208, -0.0450314804912, -0.00937818083912, -0.0121651003137], [0.00439847633243, -0.0211447738111, 0.00174895999953, -0.00469379127026, 0.0244137439877, -0.00127192877699, -0.00625958712772, -0.0178918465972, 0.00542818056419, -0.0450314804912, 0.132612496614, -0.0286171827465, -0.017863066867], [-0.00355963082984, 0.0133596789092, -0.0186871066689, 0.018961019814, -0.00573143642396, -0.0201731752604, 0.0243513751775, -0.00149930664338, -0.0068753156811, -0.00937818083912, -0.0286171827465, 0.131187692285, -0.0378189049661], [0.00436492590234, -0.0191170610487, 0.0116032585502, -0.0140820834786, -0.00247500371188, -0.0045149968937, 0.0222009252757, -0.00736526912078, 0.0089963702485, -0.0121651003137, -0.017863066867, -0.0378189049661, 0.124521709979]]
    },
    "melbands": {
        "max": [0.0181374009699, 0.0417161993682, 0.00787596218288, 0.0122581375763, 0.00573413399979, 0.0049244700931, 0.00819570571184, 0.00367761240341, 0.00485043367371, 0.000736805377528, 0.0018551236717, 0.00166496483143, 0.000976506213192, 0.00106362660881, 0.000977224786766, 0.00156436755788, 0.00126933236606, 0.00146663829219, 0.000599849910941, 0.000305610505166, 0.000685738166794, 0.000589315604884, 0.000343377876561, 0.000411683373386, 0.00028772893711, 0.00021799535898, 0.000254660437349, 0.00036443839781, 0.000223400813411, 0.000316761346767, 0.000143882731209, 0.000174649976543, 0.000327037880197, 0.000200771697564, 5.76479251322e-05, 2.36374144151e-05, 3.53316463588e-05, 4.01774668717e-05, 6.4416431087e-06, 3.58596548722e-06],
        "mean": [0.000239043583861, 0.000315949204378, 0.000113213856821, 0.000194590102183, 0.000117870178656, 8.47199989948e-05, 0.000128132436657, 8.33046797197e-05, 8.79981016624e-05, 2.55191589531e-05, 3.45191292581e-05, 3.15900360874e-05, 2.40095414483e-05, 2.40318095166e-05, 2.18136683543e-05, 2.67122286459e-05, 2.2551344955e-05, 6.60372170387e-05, 3.51883463736e-05, 1.19954947877e-05, 1.43201750689e-05, 1.02943431557e-05, 8.72518103279e-06, 1.14240501716e-05, 5.11665257363e-06, 6.1739742705e-06, 4.87059151055e-06, 7.09760752216e-06, 5.37392770639e-06, 8.61519129103e-06, 2.57647820945e-06, 2.54801420851e-06, 3.53523364538e-06, 3.37387518812e-06, 1.28460931137e-06, 5.0867487289e-07, 3.99818105734e-07, 3.41201399578e-07, 9.83777823649e-08, 4.40217213793e-08],
        "min": [8.77507670331e-25, 9.21820649783e-25, 1.13902206155e-24, 7.35059260282e-25, 1.35527200846e-24, 1.0477013538e-24, 1.01997378045e-24, 1.16856066233e-24, 1.56841670303e-24, 1.58607071983e-24, 1.44104623519e-24, 1.76809564055e-24, 2.10595411663e-24, 2.42223310544e-24, 1.88468237981e-24, 2.3382941636e-24, 2.51573225258e-24, 2.35909110086e-24, 2.61639583447e-24, 2.94970278035e-24, 3.83367506719e-24, 3.02875058735e-24, 2.93133316809e-24, 3.62963619405e-24, 2.58910381095e-24, 3.81859480769e-24, 4.20114264849e-24, 3.60060650717e-24, 3.95462164345e-24, 3.67553330481e-24, 4.17301739063e-24, 4.44406013691e-24, 3.66208914283e-24, 3.91382412402e-24, 5.35897588719e-24, 6.10781630096e-24, 4.90271333353e-24, 5.48057248484e-24, 5.14768856562e-24, 5.31651702668e-24],
        "stdev": [0.00115791591816, 0.00217701308429, 0.000568717601709, 0.000944820640143, 0.000477053545183, 0.000362071819836, 0.00059421651531, 0.000315649260301, 0.000366358057363, 8.87363858055e-05, 0.000150017644046, 0.000122382218251, 7.67529709265e-05, 8.07577598607e-05, 7.24773199181e-05, 9.8258475191e-05, 7.87636527093e-05, 0.000202918570722, 9.45922438405e-05, 3.23157873936e-05, 4.97520086356e-05, 3.67446918972e-05, 3.32492927555e-05, 4.02071236749e-05, 2.02471292141e-05, 2.19560097321e-05, 1.93492924154e-05, 2.62308039964e-05, 1.80753995664e-05, 2.98426384688e-05, 1.1574871678e-05, 1.22032251966e-05, 1.94875392481e-05, 1.50525456775e-05, 5.26490111952e-06, 2.30820728575e-06, 2.15147724703e-06, 2.26803649639e-06, 4.81984386624e-07, 2.07650685979e-07]
    },
    "melbands128": {
        "max": [0.000461986957816, 0.00472776824608, 0.018421785906, 0.0673333853483, 0.0567141622305, 0.0303798802197, 0.0112610124052, 0.00704639405012, 0.00630371039733, 0.0116546945646, 0.0200225822628, 0.00792459957302, 0.00297864945605, 0.00359599385411, 0.00406086537987, 0.00735245645046, 0.0117428619415, 0.0105036217719, 0.00776733877137, 0.00406806403771, 0.00359153235331, 0.00576303200796, 0.00777699518949, 0.000957996118814, 0.000577645376325, 0.00107986689545, 0.000867257476784, 0.00231466745026, 0.00345910061151, 0.00212353211828, 0.00122411001939, 0.00130830379203, 0.00084430834977, 0.000759312650189, 0.00156205461826, 0.00101261842065, 0.000697234936524, 0.00131463306025, 0.00115508842282, 0.000651667825878, 0.00188451749273, 0.00286221713759, 0.0012788712047, 0.000743050943129, 0.00222350936383, 0.00235649757087, 0.00255113397725, 0.000606909976341, 0.000378162454581, 0.000302282249322, 0.000284071720671, 0.000682295591105, 0.000509780540597, 0.00109056208748, 0.000572643009946, 0.00055113947019, 0.000783547759056, 0.000366860942449, 0.000509995385073, 0.000273920159088, 0.000509348872583, 0.000636712415144, 0.000306984817144, 0.000320549326716, 0.000169342805748, 0.000220442016143, 0.000333805801347, 0.000222415706958, 0.000141901444294, 0.000462211231934, 0.000387417851016, 0.000343889958458, 0.000232439793763, 0.000120266697195, 0.00026605068706, 0.000591946183704, 0.000165551275131, 0.000124638609122, 0.000164141965797, 0.000164960816619, 0.000183667172678, 0.000206341224839, 0.000202921801247, 0.00045380849042, 0.000444354605861, 0.000331128889229, 0.000100147131889, 8.05606105132e-05, 9.75711009232e-05, 6.35870164842e-05, 3.64366278518e-05, 3.68879227608e-05, 1.51739895955e-05, 3.35461045324e-05, 4.95680542372e-05, 6.0539237893e-05, 4.46324629593e-05, 1.08280019049e-05, 7.04982949173e-06, 4.75550450574e-06, 3.01929026136e-06, 3.19363107337e-06, 4.5271685849e-06, 3.99281361751e-06, 4.63502601633e-06, 5.32583635504e-06, 3.13877512781e-06, 1.60230933943e-06, 2.87831267087e-06, 2.30182695304e-06, 1.90537173239e-06, 2.30849559557e-06, 1.23687289033e-06, 2.20075193624e-07, 1.19060764803e-07, 1.51093317413e-07, 4.42168008874e-08, 2.1226469471e-08, 2.0984517235e-08, 2.0706568904e-08, 2.01552730061e-08, 1.9789631267e-08, 1.9146977337e-08, 1.89482971535e-08, 1.86744699704e-08, 1.84058688291e-08, 1.82173884866e-08, 1.81243855479e-08],
        "mean": [7.69471444073e-06, 0.000118066142022, 0.000343567604432, 0.000457232876215, 0.000349157024175, 0.000204099924304, 0.000108262480353, 8.83670290932e-05, 0.000103253958514, 0.000207534190849, 0.000279718195088, 0.000130864107632, 7.80864793342e-05, 9.4139308203e-05, 5.62576933589e-05, 9.29479356273e-05, 0.000134489542688, 0.000120987322589, 0.000155944624566, 6.64953622618e-05, 5.20808134752e-05, 0.000105711376818, 0.000122730940348, 3.01207710436e-05, 1.95982556761e-05, 2.83942135866e-05, 2.32671482081e-05, 3.8464248064e-05, 4.21694239776e-05, 2.51931651292e-05, 3.22177402268e-05, 3.44715517713e-05, 2.25050334848e-05, 1.62149681273e-05, 2.27790096687e-05, 2.67387786153e-05, 2.60931610683e-05, 2.30565765378e-05, 1.82673738891e-05, 1.91863164218e-05, 3.55484626198e-05, 2.62372923316e-05, 1.82769817911e-05, 2.21915670409e-05, 2.84882535198e-05, 8.47298651934e-05, 0.000109301392513, 2.09951849683e-05, 1.48520275616e-05, 1.23951485875e-05, 1.18500265671e-05, 1.12515144792e-05, 1.14258054964e-05, 1.83688734978e-05, 1.62418309628e-05, 6.96203505868e-06, 7.71939630795e-06, 8.62174783833e-06, 1.03736956589e-05, 6.84172846377e-06, 1.55170982907e-05, 1.09325528683e-05, 4.73793670608e-06, 4.60008777736e-06, 3.25474456986e-06, 5.08491120854e-06, 1.06675179268e-05, 3.96092173105e-06, 3.82789630748e-06, 4.90490037919e-06, 6.85973373038e-06, 1.02473504739e-05, 3.42078055837e-06, 2.37647532231e-06, 7.42665315556e-06, 1.81184950634e-05, 2.73851878774e-06, 1.87558794096e-06, 2.88610044663e-06, 3.12146107717e-06, 1.73114005975e-06, 2.24567725127e-06, 4.24930658482e-06, 2.9559844279e-06, 3.24496249959e-06, 6.12580015513e-06, 1.96321548174e-06, 1.12252234885e-06, 2.03825493372e-06, 5.94762525452e-07, 5.39186373771e-07, 5.9017094145e-07, 2.72823427849e-07, 4.0956345515e-07, 4.18435206484e-07, 4.7593462682e-07, 3.37599772138e-07, 1.40424461392e-07, 1.16702231878e-07, 6.38924788632e-08, 3.16476409523e-08, 4.36838227813e-08, 5.20389669134e-08, 4.27235562483e-08, 4.41152216979e-08, 4.02410194056e-08, 3.30914353697e-08, 2.45457858483e-08, 2.24392149306e-08, 2.03832541956e-08, 1.79805432765e-08, 1.21072476489e-08, 6.62399157747e-09, 1.39878475469e-09, 6.92266466373e-10, 1.35518263278e-09, 1.25103571946e-09, 1.11804496217e-10, 1.86313686701e-10, 1.07496289647e-10, 5.79180696458e-11, 5.55264133284e-11, 5.32865175595e-11, 5.16001859296e-11, 5.00325163244e-11, 4.82034377691e-11, 4.71917227518e-11, 4.66638082341e-11],
        "min": [6.25235052704e-27, 1.65362440437e-25, 1.52529485424e-25, 2.12691099544e-25, 2.90937571783e-25, 3.66023620717e-25, 1.19475671153e-25, 7.42895212869e-26, 3.80198169285e-25, 1.77826824844e-25, 2.69318345638e-26, 2.84261244727e-25, 2.56688756501e-25, 2.83645859265e-25, 1.62273335088e-25, 3.65969707005e-25, 4.28627868675e-25, 2.45112666451e-25, 5.53302207149e-25, 3.87310440599e-25, 4.31368667282e-25, 3.65474400964e-25, 4.61995403067e-25, 6.82819707847e-25, 2.79753077217e-25, 3.32412895299e-25, 3.80167773488e-25, 5.73442269794e-25, 5.25571872786e-25, 7.97421574461e-25, 7.52242968077e-25, 2.92178523943e-25, 1.10140049612e-24, 6.80234364142e-25, 8.05810370631e-25, 1.2016092997e-24, 5.48262470648e-25, 9.97088826978e-25, 6.37635727348e-25, 7.64755534629e-25, 5.40193606879e-25, 9.47646082275e-25, 8.37337295315e-25, 9.91543134815e-25, 9.45755379901e-25, 1.10518831037e-24, 7.50363605578e-25, 9.96171776176e-25, 1.47374875984e-24, 1.1108864499e-24, 1.35105919541e-24, 1.00865658468e-24, 1.52404238964e-24, 1.42596291886e-24, 1.0459891312e-24, 1.12081288388e-24, 1.31104836751e-24, 1.54384615102e-24, 1.22689801095e-24, 1.63198045236e-24, 1.54715492948e-24, 1.75906357761e-24, 1.02584556799e-24, 1.9516649537e-24, 1.74686325207e-24, 2.09038693274e-24, 1.28660048337e-24, 1.45088697916e-24, 2.16998753403e-24, 2.4036940853e-24, 2.0412156548e-24, 1.69108979999e-24, 1.96952851168e-24, 2.34815808036e-24, 1.97342173746e-24, 1.77392039226e-24, 1.73624853694e-24, 2.53520686175e-24, 2.39391437945e-24, 2.47449139332e-24, 2.5601743094e-24, 2.40644681543e-24, 2.93456434236e-24, 1.88908422366e-24, 3.16271711565e-24, 9.17684652057e-25, 3.49173384149e-24, 3.22228183323e-24, 3.06674607285e-24, 3.421002995e-24, 3.80255884321e-24, 2.96246299992e-24, 2.0829647377e-24, 2.52945468524e-24, 3.39009858018e-24, 3.55950054312e-24, 3.16093350114e-24, 3.27150695093e-24, 3.97861287573e-24, 4.59315997559e-24, 3.31084093617e-24, 3.39826407941e-24, 4.13696644727e-24, 4.30454693037e-24, 4.3788272565e-24, 4.48338761405e-24, 3.65807265753e-24, 4.07803735435e-24, 3.84200701607e-24, 3.87110651714e-24, 3.95920058658e-24, 3.30978938459e-24, 4.40174129922e-24, 4.84166733238e-24, 3.98035073631e-24, 3.88021509958e-24, 4.65700327751e-24, 4.27564740554e-24, 4.28989620564e-24, 5.03130909957e-24, 4.55178461554e-24, 5.03641263519e-24, 3.22325055442e-24, 5.46466155481e-24, 4.61277579086e-24, 4.83424060139e-24, 5.38554866678e-24, 5.62813483362e-24],
        "stdev": [3.74574738089e-05, 0.000482234434457, 0.0015281306114, 0.00333680631593, 0.00284412782639, 0.00155501032714, 0.000675193383358, 0.000508309167344, 0.000545205606613, 0.001030953601, 0.00147272506729, 0.000611178926192, 0.000276271020994, 0.000368254404748, 0.0002790185099, 0.000488045538077, 0.000701044045854, 0.000707292812876, 0.000665953033604, 0.000278722727671, 0.000247965945164, 0.000480986200273, 0.000544801936485, 0.000106820378278, 6.9739180617e-05, 0.000116710623843, 8.61750377226e-05, 0.000171785257407, 0.000251194724115, 0.00012044912728, 0.000106978564872, 0.000116574083222, 8.22213769425e-05, 5.49936812604e-05, 9.83617865131e-05, 9.44461717154e-05, 8.07877877378e-05, 9.24805208342e-05, 6.92836911185e-05, 6.40822836431e-05, 0.000136382150231, 0.00013635418145, 7.1306269092e-05, 7.10082094884e-05, 0.000145498997881, 0.000283519359073, 0.000357959739631, 6.48748100502e-05, 4.2007992306e-05, 3.538981764e-05, 3.36206430802e-05, 4.00925491704e-05, 4.01320248784e-05, 7.6622767665e-05, 5.17004082212e-05, 2.85150872514e-05, 3.94248199882e-05, 3.42600396834e-05, 4.7611152695e-05, 2.34152921621e-05, 5.51490629732e-05, 4.47032034572e-05, 1.89579513972e-05, 2.2037735107e-05, 1.21506564028e-05, 1.97852968995e-05, 3.98436750402e-05, 1.68758433574e-05, 1.52732154675e-05, 2.9139491744e-05, 2.73107398243e-05, 3.52521892637e-05, 1.54933732119e-05, 1.00020606624e-05, 2.57303399849e-05, 6.42657687422e-05, 1.25157284856e-05, 9.36627930059e-06, 1.27029998112e-05, 1.4207199456e-05, 1.22871970234e-05, 1.25057631521e-05, 1.62395790539e-05, 2.25474359468e-05, 2.57681767835e-05, 2.56719631579e-05, 8.55486905493e-06, 6.01467854722e-06, 8.53363144415e-06, 3.2783586903e-06, 2.73444675258e-06, 2.61080617747e-06, 1.36775008741e-06, 2.02693308893e-06, 2.69794736596e-06, 3.47446280102e-06, 2.30032401305e-06, 7.83345456057e-07, 5.76383513362e-07, 3.01815731518e-07, 1.65592751955e-07, 1.98004201479e-07, 2.63384094978e-07, 2.38068281533e-07, 2.81982750039e-07, 2.62622819491e-07, 1.84395801739e-07, 1.11207128839e-07, 1.43544411912e-07, 1.32680611387e-07, 1.29938229065e-07, 1.18245495173e-07, 8.14852754161e-08, 1.4750974664e-08, 6.63467281115e-09, 9.37767108411e-09, 4.70827421495e-09, 1.09565934103e-09, 1.541416772e-09, 1.13751041919e-09, 9.66971502869e-10, 9.39957778279e-10, 9.04313846029e-10, 8.84075701535e-10, 8.66197114036e-10, 8.47350412059e-10, 8.36125502168e-10, 8.29667001767e-10]
    },
    "mfcc": {
        "mean": [-1103.42431641, 24.4277896881, -10.5369510651, 3.49967122078, -2.70798373222, 3.61142921448, -3.19145441055, -0.215048581362, -0.499517887831, 1.5409168005, -0.182727918029, 0.802084028721, 0.273936092854],
        "cov": [[79350.0625, 11761.5595703, -4270.16552734, 2222.29321289, -1282.42138672, 1883.19689941, -1542.06604004, -96.7645568848, -280.200897217, 789.65411377, -50.9159507751, 377.076934814, 118.382843018], [11761.5595703, 1855.17126465, -649.684082031, 336.292572021, -159.323471069, 292.29498291, -208.487518311, -0.208943232894, -26.0061264038, 120.969985962, -0.427666991949, 62.6250801086, 19.9320163727], [-4270.16552734, -649.684082031, 460.318756104, 5.79948997498, 97.127571106, -66.1512756348, 97.2724533081, 16.5942344666, 12.3100223541, -34.763584137, 15.259806633, -21.2141017914, -9.67018222809], [2222.29321289, 336.292572021, 5.79948997498, 157.818267822, -16.4013843536, 83.3102874756, -32.4137763977, 4.53808403015, -3.50083088875, 37.3854904175, 7.70639514923, 10.7727394104, 3.99168634415], [-1282.42138672, -159.323471069, 97.127571106, -16.4013843536, 52.3984375, -17.0393676758, 41.8343734741, 16.2295017242, 17.1495380402, -7.86459493637, 8.22006416321, 0.774989783764, 3.18502187729], [1883.19689941, 292.29498291, -66.1512756348, 83.3102874756, -17.0393676758, 72.5249862671, -28.6306152344, 5.59598445892, 1.95803141594, 30.3824176788, 5.41613817215, 13.5687179565, 7.52490234375], [-1542.06604004, -208.487518311, 97.2724533081, -32.4137763977, 41.8343734741, -28.6306152344, 51.6934165955, 13.5773267746, 14.6916370392, -10.9989376068, 6.87682104111, -0.918896496296, 1.8206243515], [-96.7645568848, -0.208943232894, 16.5942344666, 4.53808403015, 16.2295017242, 5.59598445892, 13.5773267746, 18.6336212158, 9.88410568237, 4.07961034775, 6.84221315384, 4.67757034302, 3.39230060577], [-280.200897217, -26.0061264038, 12.3100223541, -3.50083088875, 17.1495380402, 1.95803141594, 14.6916370392, 9.88410568237, 18.9863510132, 6.89467906952, 5.74683046341, 5.74701786041, 4.73530721664], [789.65411377, 120.969985962, -34.763584137, 37.3854904175, -7.86459493637, 30.3824176788, -10.9989376068, 4.07961034775, 6.89467906952, 25.7831611633, 7.82908391953, 8.66018104553, 7.47643613815], [-50.9159507751, -0.427666991949, 15.259806633, 7.70639514923, 8.22006416321, 5.41613817215, 6.87682104111, 6.84221315384, 5.74683046341, 7.82908391953, 12.4077396393, 5.91574335098, 4.79941129684], [377.076934814, 62.6250801086, -21.2141017914, 10.7727394104, 0.774989783764, 13.5687179565, -0.918896496296, 4.67757034302, 5.74701786041, 8.66018104553, 5.91574335098, 14.7756843567, 8.4413394928], [118.382843018, 19.9320163727, -9.67018222809, 3.99168634415, 3.18502187729, 7.52490234375, 1.8206243515, 3.39230060577, 4.73530721664, 7.47643613815, 4.79941129684, 8.4413394928, 12.1598844528]],
        "icov": [[0.000494538107887, -0.00205243728124, 0.000582059321459, -0.00149049737956, 0.00257251993753, -0.000629236456007, 0.00206357240677, -0.00159225577954, 0.00107624579687, 0.000212456958252, 0.000729443505406, -0.00150935037527, -0.000437200331362], [-0.00205243728124, 0.016213465482, 0.00862245168537, -0.00835001282394, -0.0152174727991, -0.00400345725939, -0.00488144857809, 0.00202418374829, -0.000983609468676, 0.00863707903773, -0.00773513363674, -0.000593104050495, 0.00816995091736], [0.000582059321459, 0.00862245168537, 0.0243700034916, -0.0318843275309, -0.0102000199258, -0.00187496619765, -0.000977984513156, -0.00389084755443, 0.00677789980546, 0.0219603423029, -0.01551494468, -0.00321731017902, 0.00732589932159], [-0.00149049737956, -0.00835001282394, -0.0318843275309, 0.0624464787543, -1.72517356987e-05, -0.0156193170696, -0.00305028562434, 0.0104788383469, 0.00477942591533, -0.0430473685265, 0.017019610852, 0.00873184483498, 0.00137328670826], [0.00257251993753, -0.0152174727991, -0.0102000199258, -1.72517356987e-05, 0.0977076366544, -0.00949358940125, -0.0250865761191, -0.0236464943737, -0.0366466864944, 0.0292271710932, -0.00677908724174, 0.00695129856467, -0.0234206393361], [-0.000629236456007, -0.00400345725939, -0.00187496619765, -0.0156193170696, -0.00949358940125, 0.0761422291398, 0.00439260527492, -0.00820447318256, -0.00367177114822, -0.0292715635151, 0.0103314490989, -0.00648398930207, -0.00682607106864], [0.00206357240677, -0.00488144857809, -0.000977984513156, -0.00305028562434, -0.0250865761191, 0.00439260527492, 0.0932060852647, -0.0272761210799, -0.00718320347369, 0.00200867350213, 0.000152558932314, -0.0174671467394, -0.000730449683033], [-0.00159225577954, 0.00202418374829, -0.00389084755443, 0.0104788383469, -0.0236464943737, -0.00820447318256, -0.0272761210799, 0.110913403332, -0.0265148468316, 0.00464713852853, -0.0312734693289, 0.00872472021729, 0.00381701928563], [0.00107624579687, -0.000983609468676, 0.00677789980546, 0.00477942591533, -0.0366466864944, -0.00367177114822, -0.00718320347369, -0.0265148468316, 0.140652567148, -0.0704761222005, 0.0280745439231, -0.0403097905219, 0.0207601301372], [0.000212456958252, 0.00863707903773, 0.0219603423029, -0.0430473685265, 0.0292271710932, -0.0292715635151, 0.00200867350213, 0.00464713852853, -0.0704761222005, 0.174455478787, -0.0837660059333, 0.0272696185857, -0.041456181556], [0.000729443505406, -0.00773513363674, -0.01551494468, 0.017019610852, -0.00677908724174, 0.0103314490989, 0.000152558932314, -0.0312734693289, 0.0280745439231, -0.0837660059333, 0.173241257668, -0.0502388812602, -0.00119486707263], [-0.00150935037527, -0.000593104050495, -0.00321731017902, 0.00873184483498, 0.00695129856467, -0.00648398930207, -0.0174671467394, 0.00872472021729, -0.0403097905219, 0.0272696185857, -0.0502388812602, 0.167967766523, -0.0852281525731], [-0.000437200331362, 0.00816995091736, 0.00732589932159, 0.00137328670826, -0.0234206393361, -0.00682607106864, -0.000730449683033, 0.00381701928563, 0.0207601301372, -0.041456181556, -0.00119486707263, -0.0852281525731, 0.164921790361]]
    },
    "spectral_contrast_coeffs": {
        "max": [-0.527427971363, -0.657013177872, -0.698302030563, -0.708021402359, -0.678379774094, -0.603349804878],
        "mean": [-0.906243145466, -0.923440158367, -0.925442516804, -0.923910319805, -0.918494045734, -0.896595537663],
        "min": [-0.987803220749, -0.981342494488, -0.97672778368, -0.973420858383, -0.971079409122, -0.965731918812],
        "stdev": [0.101556971669, 0.0756848230958, 0.062796279788, 0.0669390931726, 0.0739686712623, 0.110681086779]
    },
    "spectral_contrast_valleys": {
        "max": [-4.87577581406, -4.44997787476, -4.84964799881, -5.13584566116, -4.96386241913, -8.17643260956],
        "mean": [-22.1124458313, -21.8457775116, -21.9539089203, -21.9054145813, -22.0105381012, -22.8729362488],
        "min": [-28.0483493805, -28.2208404541, -28.1711196899, -27.6904220581, -27.5787124634, -27.4759864807],
        "stdev": [8.63747119904, 9.00194358826, 8.93109512329, 8.95490455627, 8.8156337738, 7.37774085999]
    }
},
"rhythm": {
    "beats_count": 24,
    "beats_loudness": {
        "max": 0.180081963539,
        "mean": 0.0164730325341,
        "min": 0,
        "stdev": 0.0423718616366
    },
    "bpm": 114.879226685,
    "bpm_histogram_first_peak_bpm": 115,
    "bpm_histogram_first_peak_weight": 0.625,
    "bpm_histogram_second_peak_bpm": 108,
    "bpm_histogram_second_peak_spread": 0,
    "bpm_histogram_second_peak_weight": 0.130434781313,
    "danceability": 0.917591750622,
    "onset_rate": 0.705364227295,
    "beats_loudness_band_ratio": {
        "max": [0.636450707912, 0.38871973753, 0.256873488426, 0.346726834774, 0.508046269417, 0.179019466043],
        "mean": [0.0664403960109, 0.0510180704296, 0.0485784858465, 0.049896594137, 0.0606879107654, 0.0304039269686],
        "min": [0, 0, 0, 0, 0, 0],
        "stdev": [0.150002226233, 0.108699657023, 0.0831237733364, 0.096503905952, 0.118879392743, 0.0554765015841]
    },
    "beats_position": [0.510838985443, 1.03328800201, 1.55573689938, 2.07818579674, 2.60063481331, 3.13469386101, 3.66875267029, 4.20281171799, 4.76009082794, 5.31736946106, 5.87464857101, 6.40870714188, 6.94276618958, 7.45360517502, 7.96444416046, 8.47528362274, 8.99773216248, 9.52018165588, 10.0310201645, 10.5302495956, 11.0294780731, 11.5170974731, 12.0279359818, 12.5155553818],
    "bpm_histogram": [0, 0, 0, 0, 0, 0, 0, 0, 0, 0, 0, 0, 0, 0, 0, 0, 0, 0, 0, 0, 0, 0, 0, 0, 0, 0, 0, 0, 0, 0, 0, 0, 0, 0, 0, 0, 0, 0, 0, 0, 0, 0, 0, 0, 0, 0, 0, 0, 0, 0, 0, 0, 0, 0, 0, 0, 0, 0, 0, 0, 0, 0, 0, 0, 0, 0, 0, 0, 0, 0, 0, 0, 0, 0, 0, 0, 0, 0, 0, 0, 0, 0, 0, 0, 0, 0, 0, 0, 0, 0, 0, 0, 0, 0, 0, 0, 0, 0, 0, 0, 0, 0, 0, 0, 0, 0, 0, 0, 0.130434781313, 0, 0, 0, 0.217391297221, 0, 0, 0.260869562626, 0, 0.217391297221, 0, 0, 0.0869565233588, 0, 0, 0.0869565233588, 0, 0, 0, 0, 0, 0, 0, 0, 0, 0, 0, 0, 0, 0, 0, 0, 0, 0, 0, 0, 0, 0, 0, 0, 0, 0, 0, 0, 0, 0, 0, 0, 0, 0, 0, 0, 0, 0, 0, 0, 0, 0, 0, 0, 0, 0, 0, 0, 0, 0, 0, 0, 0, 0, 0, 0, 0, 0, 0, 0, 0, 0, 0, 0, 0, 0, 0, 0, 0, 0, 0, 0, 0, 0, 0, 0, 0, 0, 0, 0, 0, 0, 0, 0, 0, 0, 0, 0, 0, 0, 0, 0, 0, 0, 0, 0, 0, 0, 0, 0, 0, 0, 0, 0, 0, 0, 0, 0, 0, 0, 0, 0, 0, 0, 0, 0, 0, 0, 0, 0, 0, 0, 0, 0, 0, 0]
},
"tonal": {
