{
"metadata": {
    "version": {
        "essentia": "2.1-beta5",
        "essentia_git_sha": "Undefined",
        "extractor": "music 2.0"
    },
    "audio_properties": {
        "analysis": {
            "equal_loudness": 0,
            "length": 48.7502937317,
            "sample_rate": 44100,
            "start_time": 12.7477550507,
            "downmix": "mix"
        },
        "bit_rate": 192000,
        "length": 218.65071106,
        "lossless": 0,
        "number_channels": 2,
        "replay_gain": -1.16982650757,
        "sample_rate": 48000,
        "codec": "mp3",
        "md5_encoded": "f61a2c8e26050dd916761a33899e747d"
    },
    "tags": {
        "file_name": "Israel_Derech Ha_melech_Gili ve Galit.mp3",
        "encoding": ["Lavf58.29.100"]
    }
},
"lowlevel": {
    "average_loudness": 0.87935346365,
    "barkbands_crest": {
        "max": 26.4183940887,
        "mean": 11.0697336197,
        "min": 3.01107883453,
        "stdev": 5.23599815369
    },
    "barkbands_flatness_db": {
        "max": 0.374067425728,
        "mean": 0.186321482062,
        "min": 0.0740776732564,
        "stdev": 0.0459844656289
    },
    "barkbands_kurtosis": {
        "max": 195.923843384,
        "mean": 5.14690637589,
        "min": -1.80242753029,
        "stdev": 13.6713809967
    },
    "barkbands_skewness": {
        "max": 12.6027526855,
        "mean": 1.40510606766,
        "min": -2.23140978813,
        "stdev": 1.65304267406
    },
    "barkbands_spread": {
        "max": 55.7362785339,
        "mean": 13.7806415558,
        "min": 0.560864150524,
        "stdev": 7.38955307007
    },
    "dissonance": {
        "max": 0.499946057796,
        "mean": 0.452270567417,
        "min": 0.21688733995,
        "stdev": 0.0323269218206
    },
    "dynamic_complexity": 4.27911090851,
    "erbbands_crest": {
        "max": 31.3321590424,
        "mean": 11.3527841568,
        "min": 3.45016288757,
        "stdev": 5.40687799454
    },
    "erbbands_flatness_db": {
        "max": 0.373496383429,
        "mean": 0.24497294426,
        "min": 0.119940780103,
        "stdev": 0.0364347398281
    },
    "erbbands_kurtosis": {
        "max": 48.9600753784,
        "mean": 0.819473624229,
        "min": -1.77780222893,
        "stdev": 3.61977863312
    },
    "erbbands_skewness": {
        "max": 6.24711799622,
        "mean": 0.526823937893,
        "min": -2.6336081028,
        "stdev": 0.987236142159
    },
    "erbbands_spread": {
        "max": 66.897315979,
        "mean": 25.422416687,
        "min": 3.39707112312,
        "stdev": 10.3503608704
    },
    "hfc": {
        "max": 98.0989379883,
        "mean": 16.4378414154,
        "min": 4.75988999824e-05,
        "stdev": 13.4728574753
    },
    "loudness_ebu128": {
        "integrated": -22.8464927673,
        "loudness_range": 5.44291305542,
        "momentary": {
            "max": -19.4880161285,
            "mean": -25.2492713928,
            "min": -64.0060424805,
            "stdev": 6.7842259407
        },
        "short_term": {
            "max": -20.5881023407,
            "mean": -24.0167045593,
            "min": -43.3369598389,
            "stdev": 4.10076761246
        }
    },
    "melbands_crest": {
        "max": 32.3848381042,
        "mean": 14.1401367188,
        "min": 2.73491287231,
        "stdev": 6.63278961182
    },
    "melbands_flatness_db": {
        "max": 0.439765870571,
        "mean": 0.215421468019,
        "min": 0.0831767320633,
        "stdev": 0.0609041787684
    },
    "melbands_kurtosis": {
        "max": 214.730178833,
        "mean": 10.9478254318,
        "min": -1.5020595789,
        "stdev": 21.6901607513
    },
    "melbands_skewness": {
        "max": 12.1275987625,
        "mean": 2.07307052612,
        "min": -1.19873726368,
        "stdev": 1.87942147255
    },
    "melbands_spread": {
        "max": 131.343826294,
        "mean": 21.1837806702,
        "min": 0.685813069344,
        "stdev": 14.5605726242
    },
    "pitch_salience": {
        "max": 0.861820697784,
        "mean": 0.54773157835,
        "min": 0.0880380645394,
        "stdev": 0.157190054655
    },
    "silence_rate_20dB": {
        "max": 1,
        "mean": 1,
        "min": 1,
        "stdev": 0
    },
    "silence_rate_30dB": {
        "max": 1,
        "mean": 1,
        "min": 1,
        "stdev": 0
    },
    "silence_rate_60dB": {
        "max": 1,
        "mean": 0.125654444098,
        "min": 0,
        "stdev": 0.331464618444
    },
    "spectral_centroid": {
        "max": 3862.30615234,
        "mean": 1353.17956543,
        "min": 338.748748779,
        "stdev": 660.574279785
    },
    "spectral_complexity": {
        "max": 43,
        "mean": 14.97382164,
        "min": 0,
        "stdev": 7.21482849121
    },
    "spectral_decrease": {
        "max": -4.99602732774e-15,
        "mean": -4.84483964058e-09,
        "min": -2.33837536001e-08,
        "stdev": 3.8674938807e-09
    },
    "spectral_energy": {
        "max": 0.0932682156563,
        "mean": 0.0197764821351,
        "min": 2.31735217682e-08,
        "stdev": 0.0154939619824
    },
    "spectral_energyband_high": {
        "max": 0.0125615010038,
        "mean": 0.000273334764643,
        "min": 1.64609015307e-09,
        "stdev": 0.000546842697076
    },
    "spectral_energyband_low": {
        "max": 0.0074065271765,
        "mean": 0.00045364847756,
        "min": 2.87234229457e-11,
        "stdev": 0.000688937376253
    },
    "spectral_energyband_middle_high": {
        "max": 0.0327786058187,
        "mean": 0.0056070163846,
        "min": 1.7127067764e-08,
        "stdev": 0.00593151012436
    },
    "spectral_energyband_middle_low": {
        "max": 0.0882662683725,
        "mean": 0.0140457060188,
        "min": 4.52453585709e-09,
        "stdev": 0.013749005273
    },
    "spectral_entropy": {
        "max": 8.15985584259,
        "mean": 7.13321781158,
        "min": 5.38207292557,
        "stdev": 0.408117413521
    },
    "spectral_flux": {
        "max": 0.263179153204,
        "mean": 0.0611714906991,
        "min": 0.000188278907444,
        "stdev": 0.0347599722445
    },
    "spectral_kurtosis": {
        "max": 28.6273040771,
        "mean": 6.28993082047,
        "min": -0.158093690872,
        "stdev": 3.61416840553
    },
    "spectral_rms": {
        "max": 0.00953904539347,
        "mean": 0.00397384772077,
        "min": 4.75482011097e-06,
        "stdev": 0.00187154288869
    },
    "spectral_rolloff": {
        "max": 5512.5,
        "mean": 1516.46057129,
        "min": 258.3984375,
        "stdev": 925.396728516
    },
    "spectral_skewness": {
        "max": 3.93449735641,
        "mean": 1.48755204678,
        "min": -0.26047950983,
        "stdev": 0.496537566185
    },
    "spectral_spread": {
        "max": 11789283,
        "mean": 2821602.75,
        "min": 1608376.625,
        "stdev": 665758.5
    },
    "spectral_strongpeak": {
        "max": 10.1974239349,
        "mean": 1.54926121235,
        "min": 0.000523926690221,
        "stdev": 1.43431019783
    },
    "zerocrossingrate": {
        "max": 0.1689453125,
        "mean": 0.0544636957347,
        "min": 0.01318359375,
        "stdev": 0.0255305822939
    },
    "barkbands": {
        "max": [0.000192220468307, 0.00168745475821, 0.00677506159991, 0.00684737507254, 0.054544325918, 0.0832591429353, 0.0364040844142, 0.0474147163332, 0.0333592109382, 0.0343974158168, 0.0100752776489, 0.0116920061409, 0.0134235899895, 0.00739757576957, 0.0120768630877, 0.0200250893831, 0.00799612700939, 0.00660205818713, 0.00536692747846, 0.00600080192089, 0.00665523298085, 0.00306130293757, 0.00041818927275, 0.000442450371338, 0.000237796222791, 4.10291213484e-05, 6.15233147983e-07],
        "mean": [1.21430166473e-05, 9.571807459e-05, 0.000234775259742, 0.000399859127356, 0.00233218516223, 0.00614719418809, 0.00143056060188, 0.00121069548186, 0.00166539626662, 0.00144406745676, 0.000625629909337, 0.000639513193164, 0.000529363926034, 0.000244380004006, 0.000381527555874, 0.000991759821773, 0.000250004959526, 0.000381721009035, 0.000415721005993, 0.000196843480808, 0.000102197482192, 2.73971272691e-05, 8.38596315589e-06, 6.09932476436e-06, 2.44229249802e-06, 9.03882835246e-07, 3.72596131726e-09],
        "min": [1.56204714961e-12, 9.06975362869e-12, 4.56095924917e-12, 1.19353051747e-11, 5.83522882791e-11, 2.85946821776e-10, 1.92685090106e-10, 4.06944894449e-10, 2.67208699611e-09, 1.37390221422e-09, 2.05515604534e-09, 2.41900188769e-09, 1.42091549638e-09, 2.90676505088e-09, 1.27236321479e-09, 2.98738744853e-09, 1.95494109789e-09, 3.43475747844e-10, 3.05509867404e-10, 4.47243714286e-10, 3.65213859155e-10, 1.49632431445e-10, 1.22436477623e-10, 1.58606669465e-10, 2.01598487903e-10, 2.31739877288e-10, 1.15866559403e-10],
        "stdev": [1.58736675075e-05, 0.000162048396305, 0.000487787299789, 0.00079929351341, 0.00428431620821, 0.0102970106527, 0.00358043448068, 0.0034321367275, 0.00332795479335, 0.00371066015214, 0.00104815512896, 0.00126456387807, 0.00102215446532, 0.000541393470485, 0.000811593781691, 0.00208217930049, 0.000624423380941, 0.000710906053428, 0.000656914606225, 0.000336455588695, 0.000309846946038, 0.000121709839732, 2.62056310021e-05, 1.95409611479e-05, 1.04988939711e-05, 2.59327271124e-06, 2.12189910087e-08]
    },
    "erbbands": {
        "max": [0.0182726196945, 0.480126172304, 6.0320982933, 13.8007593155, 74.3203735352, 289.689697266, 502.160522461, 960.498046875, 738.127746582, 791.172485352, 1212.69091797, 842.356079102, 1290.04968262, 716.287414551, 502.973449707, 605.191955566, 545.428833008, 358.606872559, 678.975341797, 572.990356445, 662.226196289, 433.292572021, 438.792114258, 369.94128418, 335.355926514, 221.332931519, 316.073730469, 273.522338867, 169.376541138, 44.0402603149, 14.9379138947, 9.59976577759, 7.41365718842, 3.95111823082, 1.20656311512, 0.269100636244, 0.0450051501393, 0.00273145129904, 0.000112615838589, 0.000109846128908],
        "mean": [0.00133801996708, 0.0302594657987, 0.241400644183, 0.760746836662, 3.5813832283, 8.50582695007, 25.9205646515, 57.211101532, 30.6760177612, 18.0434017181, 28.370262146, 42.1074142456, 52.1236839294, 31.2955207825, 24.1151752472, 29.7500171661, 23.9861068726, 17.6063690186, 19.6473331451, 33.6451225281, 39.0774765015, 14.802980423, 24.1553325653, 13.0133590698, 22.6178741455, 9.6626739502, 6.39830350876, 2.94469094276, 1.2269808054, 0.426944643259, 0.245998606086, 0.16273239255, 0.0785107314587, 0.0296233519912, 0.0165321025997, 0.007356795948, 0.000785302952863, 3.01979689539e-05, 1.23121917568e-05, 2.36693776969e-05],
        "min": [2.74018557844e-10, 1.96592120361e-09, 6.11285999597e-09, 4.38751044385e-08, 7.22735862269e-08, 3.4548472172e-07, 1.08526955955e-06, 2.65132439381e-06, 1.83309384738e-06, 6.41475162411e-06, 1.05859335235e-05, 5.20192479598e-05, 4.06027138524e-05, 4.99600246258e-05, 0.000102585370769, 9.89557811408e-05, 7.06367718522e-05, 0.000118626689073, 8.53427991387e-05, 9.11646275199e-05, 0.00019095238531, 0.000105316808913, 4.00684184569e-05, 1.31286724354e-05, 2.04888874578e-05, 2.16516182263e-05, 1.80791448656e-05, 1.21371385831e-05, 6.14842201685e-06, 3.7660356611e-06, 3.95127062802e-06, 2.69980023404e-06, 2.74493004326e-06, 2.29524425777e-06, 1.42983367368e-06, 7.8418281646e-07, 4.84867200612e-07, 1.55599209961e-07, 3.13418979658e-08, 2.63508437293e-09],
        "stdev": [0.00191514752805, 0.0497106425464, 0.457217037678, 1.31842792034, 7.38247585297, 17.082321167, 53.0824584961, 107.444786072, 71.4795227051, 51.0273132324, 75.5617599487, 77.6533889771, 136.320388794, 62.7250442505, 42.7249832153, 61.0347099304, 42.0062217712, 29.237657547, 44.600769043, 56.467880249, 70.9166183472, 32.7581634521, 45.9419174194, 25.7741470337, 37.1959648132, 15.3494310379, 14.9186382294, 9.5600194931, 5.35498809814, 1.87800598145, 0.726894974709, 0.441358834505, 0.311449795961, 0.143010601401, 0.0628248676658, 0.0198386982083, 0.00244495575316, 9.74844006123e-05, 9.59064527706e-06, 1.80744809768e-05]
    },
    "gfcc": {
        "mean": [-72.8474349976, 118.404548645, -178.990661621, 16.0320968628, -68.3807983398, -17.6612186432, -38.3821144104, -5.03387594223, -28.4927425385, -5.0056552887, -9.98826313019, -7.39103221893, 2.29222583771],
        "cov": [[9035.38671875, 1222.66918945, 1107.24169922, 753.987915039, -204.866592407, -77.5874176025, -253.088302612, 198.95463562, -359.076599121, 3.46939253807, 68.7341461182, -194.511901855, 224.107894897], [1222.66918945, 809.761474609, 449.958770752, 33.9097824097, 10.2355794907, -105.952033997, -108.988365173, -47.0503234863, -106.356124878, -104.478813171, 68.295249939, -88.8260421753, 58.2024002075], [1107.24169922, 449.958770752, 897.938415527, 120.78074646, -192.310394287, -18.6776332855, -273.747344971, 23.3923549652, -187.235610962, -16.1303958893, 146.776229858, 9.52176094055, 111.668037415], [753.987915039, 33.9097824097, 120.78074646, 336.105743408, 12.4605808258, 24.3434677124, -32.741065979, 6.92867040634, -2.1084549427, -30.3083229065, 17.206829071, 22.8189411163, 5.81140136719], [-204.866592407, 10.2355794907, -192.310394287, 12.4605808258, 220.122406006, 39.0207366943, 66.1559829712, 8.94135856628, 31.8702487946, -5.71284914017, -66.0191650391, 6.41230201721, -46.6075286865], [-77.5874176025, -105.952033997, -18.6776332855, 24.3434677124, 39.0207366943, 187.962127686, 43.3089561462, 23.1281604767, -1.47986471653, 13.8896999359, -54.9152679443, 5.60224628448, -39.7565498352], [-253.088302612, -108.988365173, -273.747344971, -32.741065979, 66.1559829712, 43.3089561462, 199.697845459, 28.2135467529, 31.7770462036, 17.4432525635, -70.1550827026, -17.9426593781, -37.6453514099], [198.95463562, -47.0503234863, 23.3923549652, 6.92867040634, 8.94135856628, 23.1281604767, 28.2135467529, 127.710700989, 9.53224372864, 29.6355457306, -1.96508324146, 0.472016781569, 8.94176101685], [-359.076599121, -106.356124878, -187.235610962, -2.1084549427, 31.8702487946, -1.47986471653, 31.7770462036, 9.53224372864, 142.785430908, 20.9656162262, -26.4395313263, 7.32252454758, -39.3505821228], [3.46939253807, -104.478813171, -16.1303958893, -30.3083229065, -5.71284914017, 13.8896999359, 17.4432525635, 29.6355457306, 20.9656162262, 136.009765625, 13.6328229904, 6.85687923431, 8.28046607971], [68.7341461182, 68.295249939, 146.776229858, 17.206829071, -66.0191650391, -54.9152679443, -70.1550827026, -1.96508324146, -26.4395313263, 13.6328229904, 149.137145996, 40.6087646484, 53.0585403442], [-194.511901855, -88.8260421753, 9.52176094055, 22.8189411163, 6.41230201721, 5.60224628448, -17.9426593781, 0.472016781569, 7.32252454758, 6.85687923431, 40.6087646484, 102.952537537, 26.7839584351], [224.107894897, 58.2024002075, 111.668037415, 5.81140136719, -46.6075286865, -39.7565498352, -37.6453514099, 8.94176101685, -39.3505821228, 8.28046607971, 53.0585403442, 26.7839584351, 115.750328064]],
        "icov": [[0.000290326366667, -0.000759442977142, 0.000584389199503, -0.000805985939223, 0.000749876140617, -0.000118014395412, 0.000626041146461, -0.000845536531415, 0.000874450546689, -0.000736428017262, 0.000584645255003, -0.000137724346132, -5.93870754528e-05], [-0.000759442977142, 0.00623330613598, -0.00528980046511, 0.00278290361166, -0.00577312894166, 0.00214007403702, -0.00429620686918, 0.00450416700915, -0.00415029982105, 0.00472109718248, -0.00337415351532, 0.00496132671833, -0.00138513452839], [0.000584389199503, -0.00528980046511, 0.00816834252328, -0.00310792634264, 0.00631607882679, -0.0026667106431, 0.00763367675245, -0.00538108078763, 0.00684574758634, -0.00420340010896, 0.00210558157414, -0.00367656419985, 0.000843384244945], [-0.000805985939223, 0.00278290361166, -0.00310792634264, 0.00578759703785, -0.0033588684164, 0.000152962238644, -0.00257386895828, 0.00277122599073, -0.00378389866091, 0.00343310204335, -0.00220891833305, 0.000568960385863, -0.000133272682433], [0.000749876140617, -0.00577312894166, 0.00631607882679, -0.0033588684164, 0.0118135139346, -0.00223683309741, 0.00443868990988, -0.00512703508139, 0.0050384234637, -0.00430371426046, 0.00489542400464, -0.00587130337954, 0.00248981942423], [-0.000118014395412, 0.00214007403702, -0.0026667106431, 0.000152962238644, -0.00223683309741, 0.00804422888905, -0.00278617278673, 0.000587822170928, -0.000310571020236, 0.000457958871266, 0.00164851627778, -6.41510850983e-05, 0.00174893601798], [0.000626041146461, -0.00429620686918, 0.00763367675245, -0.00257386895828, 0.00443868990988, -0.00278617278673, 0.0141799841076, -0.00622569443658, 0.00625132583082, -0.00425996491686, 0.0037778832484, -0.00215196888894, 0.000832074321806], [-0.000845536531415, 0.00450416700915, -0.00538108078763, 0.00277122599073, -0.00512703508139, 0.000587822170928, -0.00622569443658, 0.0132656963542, -0.00571868242696, 0.00222379737534, -0.00288385758176, 0.00323458155617, -0.00201741862111], [0.000874450546689, -0.00415029982105, 0.00684574758634, -0.00378389866091, 0.0050384234637, -0.000310571020236, 0.00625132583082, -0.00571868242696, 0.0153927253559, -0.00526412390172, 0.00321635790169, -0.00379937002435, 0.00339077529497], [-0.000736428017262, 0.00472109718248, -0.00420340010896, 0.00343310204335, -0.00430371426046, 0.000457958871266, -0.00425996491686, 0.00222379737534, -0.00526412390172, 0.0122599806637, -0.00416339980438, 0.00345728802495, -0.00175634375773], [0.000584645255003, -0.00337415351532, 0.00210558157414, -0.00220891833305, 0.00489542400464, 0.00164851627778, 0.0037778832484, -0.00288385758176, 0.00321635790169, -0.00416339980438, 0.0136276781559, -0.00636658398435, -0.000749211932998], [-0.000137724346132, 0.00496132671833, -0.00367656419985, 0.000568960385863, -0.00587130337954, -6.41510850983e-05, -0.00215196888894, 0.00323458155617, -0.00379937002435, 0.00345728802495, -0.00636658398435, 0.0177179370075, -0.00476603256539], [-5.93870754528e-05, -0.00138513452839, 0.000843384244945, -0.000133272682433, 0.00248981942423, 0.00174893601798, 0.000832074321806, -0.00201741862111, 0.00339077529497, -0.00175634375773, -0.000749211932998, -0.00476603256539, 0.0133981416002]]
    },
    "melbands": {
        "max": [0.000316358171403, 0.00205886131153, 0.0028102803044, 0.0143177807331, 0.0136000467464, 0.0189918577671, 0.00950044207275, 0.00865596812218, 0.00866100564599, 0.00591860758141, 0.00650007836521, 0.00312926992774, 0.00131362921093, 0.00149945239536, 0.000945679959841, 0.00161110132467, 0.000817484513391, 0.00093128165463, 0.000822978676297, 0.00192132324446, 0.000506803451572, 0.000456125388155, 0.00028950633714, 0.000290239229798, 0.000370353722246, 0.000309027702315, 0.000243007540121, 0.000121212025988, 0.000219053516048, 0.000153063054313, 0.000197319823201, 9.1720452474e-05, 5.59778527531e-05, 1.60579929798e-05, 9.23315383261e-06, 5.58794499739e-06, 8.94547156349e-06, 4.64898175778e-06, 5.63618959859e-06, 2.63907213593e-06],
        "mean": [1.95207285287e-05, 9.60097895586e-05, 0.000212760394788, 0.000432341330452, 0.000804227485787, 0.00123829464428, 0.000426224840339, 0.000200260416023, 0.000224010786042, 0.00027618202148, 0.000254796934314, 0.000121722216136, 7.42100019124e-05, 7.88676479715e-05, 4.86114840896e-05, 6.35571195744e-05, 2.75100646832e-05, 2.88546198135e-05, 2.54627229879e-05, 8.61822336446e-05, 3.29363429046e-05, 1.5401003111e-05, 1.91376493603e-05, 1.60302952281e-05, 8.6821610239e-06, 2.03981417144e-05, 7.66456469137e-06, 6.54473524264e-06, 4.79908021589e-06, 2.62576622845e-06, 1.28910198782e-06, 7.72601367771e-07, 3.44393271234e-07, 1.78618947189e-07, 1.43659988794e-07, 1.16592062227e-07, 9.38630435598e-08, 5.77633407772e-08, 3.93153953837e-08, 2.02464853771e-08],
        "min": [2.8430174881e-12, 3.44885773586e-12, 7.93248192826e-12, 1.39058521642e-11, 3.33484351245e-11, 5.73817243721e-11, 2.93362070747e-11, 8.49303266603e-11, 1.14612937197e-10, 3.01561609017e-10, 2.01221289631e-10, 1.895710533e-10, 3.3218411355e-10, 2.7376545475e-10, 2.1921919835e-10, 1.26495092179e-10, 2.51553611275e-10, 1.67245647886e-10, 1.04822983626e-10, 1.22471907615e-10, 2.46128839532e-10, 9.89045789712e-11, 7.79000544626e-11, 1.70574214475e-11, 8.61068768371e-12, 1.15923963137e-11, 2.13408960642e-11, 1.11330588845e-11, 1.22556227319e-11, 8.77329198873e-12, 5.69643464343e-12, 3.61288733305e-12, 2.34399392257e-12, 1.81352903614e-12, 2.19779836691e-12, 1.77053792634e-12, 1.58868046756e-12, 1.81387229455e-12, 1.78968602091e-12, 1.69481583715e-12],
        "stdev": [2.9409682611e-05, 0.000165391655173, 0.00037270237226, 0.000820682267658, 0.00153841043357, 0.00221206294373, 0.000994974630885, 0.000594242708758, 0.000587296846788, 0.000543095520698, 0.000684852420818, 0.000270688789897, 0.000129826628836, 0.000145631289342, 9.0135508799e-05, 0.000132106826641, 5.71461823711e-05, 6.95683047525e-05, 5.02870207129e-05, 0.000186833451153, 5.480217078e-05, 4.14617243223e-05, 3.54113763024e-05, 2.87656403088e-05, 2.39866294578e-05, 3.5935176129e-05, 1.33991024995e-05, 1.03102192952e-05, 1.06052284536e-05, 6.1693558564e-06, 6.06500861977e-06, 3.12713291351e-06, 1.98137240659e-06, 7.2355589964e-07, 4.48163717692e-07, 2.84095165171e-07, 3.04388180439e-07, 2.13982232822e-07, 2.24173803076e-07, 8.96446721299e-08]
    },
    "melbands128": {
        "max": [9.96893068077e-05, 0.000131924069137, 0.000356354401447, 0.00105623761192, 0.00269280932844, 0.00326248817146, 0.00298619596288, 0.00378835527226, 0.00972696021199, 0.0222541429102, 0.020424477756, 0.0163706298918, 0.0232054516673, 0.0266392119229, 0.0371404513717, 0.0372385010123, 0.0247403495014, 0.0152000971138, 0.0103031573817, 0.0139004718512, 0.0168739855289, 0.0161086153239, 0.0118879070505, 0.00838475860655, 0.00675410218537, 0.0119805904105, 0.0124634345993, 0.0131488069892, 0.00625079544261, 0.00680242618546, 0.00335057731718, 0.00266226101667, 0.00234360108152, 0.00391980446875, 0.00174124084879, 0.00332892732695, 0.00304459454492, 0.00148669397458, 0.00153404509183, 0.00154586788267, 0.00263315602206, 0.00120142824017, 0.000880127365235, 0.00191778712906, 0.00073875579983, 0.00163562537637, 0.00306533789262, 0.00090618187096, 0.00155631348025, 0.00111340126023, 0.0039233523421, 0.00279026222415, 0.000425709265983, 0.00110937235877, 0.00167286186479, 0.000647903303616, 0.000824896502309, 0.000467629317427, 0.000726628000848, 0.00113495555706, 0.000476266955957, 0.000407166604418, 0.000681292382069, 0.000439424125943, 0.000685859937221, 0.000549490679987, 0.000686553015839, 0.000208794619539, 0.00039157710853, 0.000321345112752, 0.0001541886013, 0.000186865509022, 0.000178325193701, 0.000434409012087, 0.000271841417998, 0.000273316196399, 0.000143002689583, 0.00013799862063, 0.000370722293155, 0.000123526217067, 0.000104137296148, 0.000129299471155, 8.70644071256e-05, 4.82929608552e-05, 4.32547421951e-05, 1.89802467503e-05, 2.21885602514e-05, 8.3347713371e-06, 8.38247888169e-06, 1.64839057106e-05, 6.86472958478e-06, 3.17708304465e-06, 8.39419226395e-06, 6.75214914736e-06, 2.18503901124e-05, 7.28425857233e-06, 4.53961683888e-06, 7.26906682758e-06, 6.64862545818e-06, 6.15921771896e-06, 2.08066558116e-06, 2.94586993732e-06, 2.11822566598e-06, 3.12679458148e-06, 1.99004261958e-06, 1.23329073176e-06, 4.8830185051e-07, 7.81312337494e-07, 7.39582048936e-07, 6.05269178777e-07, 6.21046240212e-07, 2.00407370698e-07, 8.44783940579e-08, 1.33901679078e-07, 1.05856571508e-07, 6.69648692053e-09, 3.17857806742e-09, 2.86347745515e-09, 2.7934572433e-09, 2.72788569511e-09, 2.6598145908e-09, 2.61074895036e-09, 2.55439824848e-09, 2.5114543778e-09, 2.47352649474e-09, 2.44697195839e-09, 2.42520425964e-09, 2.41246800314e-09],
        "mean": [7.894823284e-06, 7.26150847186e-06, 1.76741759788e-05, 5.4676693253e-05, 0.000114856738946, 0.000110108005174, 0.000111164168629, 0.00024887532345, 0.000344686704921, 0.000471477396786, 0.000456191191915, 0.000490443781018, 0.000863419438247, 0.00115442299284, 0.0016188248992, 0.0010920658242, 0.000654028903227, 0.000266567512881, 0.000197848887183, 0.000176123998244, 0.000212496874155, 0.000220063244342, 0.000276848382782, 0.000151181287947, 0.000225092706387, 0.000412814843003, 0.000191580911633, 0.000374727911549, 0.000118559473776, 0.000128567073261, 0.000137082097353, 7.90903650341e-05, 4.36741393059e-05, 0.000116197195894, 3.88090411434e-05, 8.77168931765e-05, 0.000111483437649, 3.19175342156e-05, 2.18864843191e-05, 5.14549537911e-05, 0.000105966886622, 2.22702437895e-05, 2.34682629525e-05, 3.55433548975e-05, 1.35949312607e-05, 3.16019722959e-05, 4.31773623859e-05, 2.1759309675e-05, 2.01736984309e-05, 2.18243185373e-05, 0.000138556351885, 0.000109858941869, 1.40865795402e-05, 1.429681015e-05, 2.6586896638e-05, 1.45117492139e-05, 8.61124317453e-06, 6.38194296698e-06, 2.59472326434e-05, 4.10038592236e-05, 7.41206213206e-06, 6.49620551485e-06, 1.14767872219e-05, 7.89741079643e-06, 6.53448523735e-06, 2.53170856013e-05, 2.92850781989e-05, 5.89450883126e-06, 4.62331627205e-06, 5.48542084289e-06, 4.32404704043e-06, 1.04478958747e-05, 6.01880810791e-06, 3.77386049877e-06, 2.68529834102e-06, 2.79898085864e-06, 2.88858404929e-06, 1.55187467499e-06, 1.21503865103e-06, 6.53183690247e-07, 9.27178064103e-07, 7.55924475015e-07, 4.67594190923e-07, 2.93179056143e-07, 2.80220604054e-07, 2.03800581744e-07, 1.43979050904e-07, 1.22460775742e-07, 1.62400311865e-07, 1.39693611345e-07, 1.20796471492e-07, 1.13018707282e-07, 1.04428409031e-07, 9.02201691133e-08, 9.90067192674e-08, 6.28238083777e-08, 4.74585597487e-08, 4.90835674327e-08, 4.61653471007e-08, 3.36413670254e-08, 1.42058667052e-08, 1.9920518568e-08, 2.31537136131e-08, 2.14220676753e-08, 1.90578521853e-08, 1.43658880347e-08, 1.83009891686e-08, 1.7433549715e-08, 1.32731052815e-08, 9.56581924783e-09, 6.73975364407e-09, 2.56638199581e-09, 8.70769734096e-10, 3.44962530763e-10, 1.84805198922e-10, 7.30924140657e-11, 5.74285445587e-11, 1.36085422445e-11, 2.0405024892e-11, 1.62861113484e-11, 1.26675718526e-11, 1.0316197549e-11, 7.7657845432e-12, 5.40340818964e-12, 5.12443386336e-12, 4.7560206641e-12, 4.55000100097e-12, 4.5022978401e-12],
        "min": [1.47046589315e-12, 2.6376871607e-12, 2.02738498732e-12, 3.92844654376e-12, 3.02204268554e-12, 2.27427213347e-12, 3.9820963367e-12, 9.08222282103e-12, 2.83525633527e-12, 1.36753473129e-11, 1.58767634456e-11, 7.64464273134e-12, 2.5192545966e-11, 2.58038521106e-11, 5.07065327227e-11, 3.66200333946e-11, 2.3873304375e-11, 2.39112375733e-11, 3.30328681075e-11, 6.62464944012e-11, 4.27360855038e-11, 6.03646299613e-11, 7.04839919069e-12, 1.92301480295e-10, 3.31066757342e-10, 9.44938918779e-11, 2.48806919512e-10, 1.88528387346e-10, 1.76917397399e-10, 2.46546616456e-10, 1.2774460656e-10, 2.07916447947e-10, 2.69890859661e-10, 3.61411733873e-10, 2.26712287832e-10, 2.4792007336e-10, 2.57867643905e-10, 2.33583069553e-10, 5.68524671785e-11, 1.18602475063e-10, 1.22083093634e-10, 8.60051196927e-11, 2.0052809413e-10, 4.05427968975e-10, 3.33518407336e-10, 4.80176592932e-11, 7.32140806314e-11, 8.22648407728e-11, 1.29927096859e-10, 1.52624843319e-10, 5.62234564461e-11, 1.37043723591e-10, 2.17064158314e-10, 1.91203095024e-10, 7.97259411267e-11, 1.03125882833e-10, 8.31947288837e-11, 9.07123126614e-11, 2.75946609313e-11, 1.17763689425e-11, 3.05451566818e-11, 7.53633527112e-12, 5.89628562989e-12, 1.20511161814e-11, 7.01891322841e-12, 1.27406444769e-11, 1.03104894414e-11, 1.84994883995e-11, 2.49534143348e-11, 1.26382801793e-11, 9.6305845243e-12, 4.61015687431e-12, 5.43153022559e-12, 1.09121418498e-11, 8.99940278548e-12, 8.05676879378e-12, 5.75183563972e-12, 7.1862333792e-12, 4.23107295727e-12, 2.51222610423e-12, 3.46554924514e-12, 4.43049763543e-12, 2.26688589774e-12, 2.06307150183e-12, 2.10028023619e-12, 2.61547380975e-12, 1.46594227642e-12, 9.56700105421e-13, 2.00510550004e-12, 2.68822724497e-12, 1.96198352703e-12, 7.35761169872e-13, 1.41423428957e-12, 1.54735490913e-12, 1.51848564105e-12, 1.13785142333e-12, 1.24798836629e-12, 1.09837724853e-12, 1.16213755199e-12, 1.29505650995e-12, 1.72728910168e-12, 1.02627455145e-12, 1.54009834399e-12, 1.33980858092e-12, 8.71819868901e-13, 1.06493969459e-12, 1.16550085555e-12, 1.19558128588e-12, 1.32302101132e-12, 1.10483627455e-12, 4.31376532802e-13, 5.41686758383e-13, 3.54509336383e-13, 3.33762206241e-13, 3.11063620608e-13, 2.45184542157e-13, 3.45097187588e-13, 3.42040225353e-13, 3.24988733841e-13, 3.48167458405e-13, 3.23481719926e-13, 3.45501622104e-13, 3.36375919523e-13, 3.416044845e-13, 2.97324881729e-13, 9.63707737743e-14, 1.13545689845e-14, 4.52393467925e-16],
        "stdev": [9.34318632062e-06, 1.2140238141e-05, 3.18848942698e-05, 0.000101325153082, 0.000221571928705, 0.000233333586948, 0.000233963844948, 0.000509314704686, 0.000922163308132, 0.00106779113412, 0.00108757778071, 0.00132654421031, 0.00233469717205, 0.00253501534462, 0.00371464784257, 0.00262835039757, 0.0020955868531, 0.000962339225225, 0.000745514058508, 0.000722882105038, 0.000887542148121, 0.000826900883112, 0.000850945711136, 0.000503358722199, 0.000511966529302, 0.00105911458377, 0.00069042382529, 0.00127982709091, 0.000444775039796, 0.000467637350084, 0.00031316006789, 0.000194094318431, 0.000139272931847, 0.000292507669656, 0.00011473910854, 0.000249054777669, 0.00028519728221, 9.30999594857e-05, 7.57080051699e-05, 0.000115403301606, 0.000248233409366, 5.72097524127e-05, 6.27479530522e-05, 0.000107397572719, 4.30956970376e-05, 0.000109351676656, 0.000149869316374, 5.55143778911e-05, 6.32106821286e-05, 6.67734784656e-05, 0.000340730970493, 0.000264015339781, 3.57019744115e-05, 4.50823536084e-05, 9.44860439631e-05, 5.03950031998e-05, 4.7759469453e-05, 1.83088268386e-05, 5.90264462517e-05, 9.83609643299e-05, 1.91060680663e-05, 2.22820290219e-05, 4.33294917457e-05, 2.61185850832e-05, 2.49017994065e-05, 5.09869205416e-05, 5.95740384597e-05, 1.5675665054e-05, 1.53727014549e-05, 1.64749417308e-05, 9.90807438939e-06, 1.985216295e-05, 1.2402880202e-05, 1.72782547452e-05, 1.07820796984e-05, 9.95141454041e-06, 6.36669028609e-06, 4.92287199449e-06, 9.85023143585e-06, 4.4077792154e-06, 3.3270714539e-06, 3.44197724189e-06, 3.32725426233e-06, 1.94562812794e-06, 1.33976323013e-06, 7.97236168637e-07, 7.74266197823e-07, 4.69134988634e-07, 4.49897868293e-07, 5.53166955797e-07, 3.26263204897e-07, 2.43991991056e-07, 3.08373472535e-07, 2.89833508305e-07, 5.45494401649e-07, 2.44582423647e-07, 1.83404523568e-07, 2.49889694715e-07, 2.98538793686e-07, 2.04475355758e-07, 6.97002775496e-08, 9.09602917432e-08, 8.40927469881e-08, 1.2563954499e-07, 8.70261089858e-08, 5.16952027851e-08, 4.78667026016e-08, 5.66849713834e-08, 4.22187831361e-08, 3.09198000537e-08, 2.18387885553e-08, 1.11251212687e-08, 4.1162997455e-09, 3.65653152201e-09, 2.58070542714e-09, 2.75799300065e-10, 2.33659952498e-10, 9.79831563108e-11, 1.18080073497e-10, 1.08001552146e-10, 9.47905989812e-11, 8.87828352503e-11, 8.07123742841e-11, 7.73512573438e-11, 7.61843851893e-11, 7.5361585028e-11, 7.47031950188e-11, 7.43094058508e-11]
    },
    "mfcc": {
        "mean": [-697.814941406, 144.450180054, -52.8509750366, 23.0586872101, -20.3310413361, -11.7583274841, -7.59974336624, -11.5161094666, -9.32705688477, -5.91745233536, -16.0336971283, -2.28399443626, -5.1829328537],
        "cov": [[7943.73242188, 886.428344727, 821.348632812, 869.047790527, 68.6811828613, -84.0977478027, 167.884048462, -81.8841171265, -63.2755279541, 83.1359176636, -289.027770996, 35.4279594421, -73.4305419922], [886.428344727, 853.244506836, 291.61026001, 90.6065368652, 91.0265960693, -105.81741333, 59.8279647827, -87.1969985962, -85.3174591064, -59.0215339661, -81.3833236694, 6.26533937454, -58.6150474548], [821.348632812, 291.61026001, 946.302246094, 117.067741394, 171.895858765, -143.209960938, 51.1867599487, -103.824790955, -165.657562256, -92.6552276611, -127.945655823, 42.2235107422, -66.8208694458], [869.047790527, 90.6065368652, 117.067741394, 291.641448975, 34.6813011169, -7.23330545425, 10.0130691528, 4.18979024887, -25.0674953461, -25.409488678, -24.2238960266, 6.2618098259, 2.22162437439], [68.6811828613, 91.0265960693, 171.895858765, 34.6813011169, 185.665054321, -15.8403959274, -10.3025760651, 0.437767058611, -39.6485366821, -37.3413352966, -14.069606781, 24.9105873108, -14.9645004272], [-84.0977478027, -105.81741333, -143.209960938, -7.23330545425, -15.8403959274, 207.291015625, -10.7376098633, 56.6492080688, 44.2222251892, 17.4030570984, 36.9529953003, -32.2447357178, 23.3216915131], [167.884048462, 59.8279647827, 51.1867599487, 10.0130691528, -10.3025760651, -10.7376098633, 160.321334839, -0.931386888027, 13.7563323975, 13.4641942978, -31.7780685425, 2.18004322052, -15.1565818787], [-81.8841171265, -87.1969985962, -103.824790955, 4.18979024887, 0.437767058611, 56.6492080688, -0.931386888027, 154.988113403, 39.5391464233, -13.3131971359, 46.0949401855, -18.8144779205, 8.1031255722], [-63.2755279541, -85.3174591064, -165.657562256, -25.0674953461, -39.6485366821, 44.2222251892, 13.7563323975, 39.5391464233, 146.491790771, 57.4998817444, 24.67137146, -5.88747930527, 22.71134758], [83.1359176636, -59.0215339661, -92.6552276611, -25.409488678, -37.3413352966, 17.4030570984, 13.4641942978, -13.3131971359, 57.4998817444, 134.159500122, 5.42032623291, 3.18906974792, 2.27733635902], [-289.027770996, -81.3833236694, -127.945655823, -24.2238960266, -14.069606781, 36.9529953003, -31.7780685425, 46.0949401855, 24.67137146, 5.42032623291, 119.194442749, 12.5170907974, 20.7399196625], [35.4279594421, 6.26533937454, 42.2235107422, 6.2618098259, 24.9105873108, -32.2447357178, 2.18004322052, -18.8144779205, -5.88747930527, 3.18906974792, 12.5170907974, 92.5394973755, 21.1349525452], [-73.4305419922, -58.6150474548, -66.8208694458, 2.22162437439, -14.9645004272, 23.3216915131, -15.1565818787, 8.1031255722, 22.71134758, 2.27733635902, 20.7399196625, 21.1349525452, 97.232749939]],
        "icov": [[0.000243264017627, -0.000183235533768, -0.000135299909743, -0.00064541323809, 0.000196582783246, -9.59615208558e-05, 1.34963065648e-05, -0.000149808838614, -6.46094849799e-05, -0.000379594712285, 0.000340396509273, -0.000139712923556, 4.46222693427e-05], [-0.000183235533768, 0.00165286916308, 1.94143958652e-05, 0.000176835717866, -0.0006226892001, 0.00043319989345, -0.000497690518387, 0.000730761035811, 0.000170390107087, 0.000695168564562, -5.44984541193e-05, 0.000315513665555, 0.000416067923652], [-0.000135299909743, 1.94143958652e-05, 0.00198229961097, 1.89167155895e-06, -0.00125407916494, 0.000497439410537, -0.000467054254841, 0.000516329251695, 0.00112478877418, 0.0006301056128, 0.000887012516614, -0.000403476238716, 0.000464631943032], [-0.00064541323809, 0.000176835717866, 1.89167155895e-06, 0.00548441382125, -0.000670654466376, 2.51153833233e-05, -4.58079302916e-05, -0.000212996674236, 0.000348359142663, 0.00118390715215, -0.000373463553842, 0.000196376742679, -0.000675579765812], [0.000196582783246, -0.0006226892001, -0.00125407916494, -0.000670654466376, 0.0074428091757, -0.000768916041125, 0.00103651103564, -0.0012641325593, 0.000183796742931, 0.000493544677738, 0.000476861867355, -0.00223291921429, 0.000852547760587], [-9.59615208558e-05, 0.00043319989345, 0.000497439410537, 2.51153833233e-05, -0.000768916041125, 0.00639959005639, -0.000133091147291, -0.00105852249544, -0.00047320802696, -0.000329498870997, -0.00102234841324, 0.00240690121427, -0.00124274240807], [1.34963065648e-05, -0.000497690518387, -0.000467054254841, -4.58079302916e-05, 0.00103651103564, -0.000133091147291, 0.00723250303417, -0.000974568363745, -0.00114959978964, -0.000650313624647, 0.00186494295485, -0.000953976414166, 0.000883621629328], [-0.000149808838614, 0.000730761035811, 0.000516329251695, -0.000212996674236, -0.0012641325593, -0.00105852249544, -0.000974568363745, 0.00932790525258, -0.00200897268951, 0.00247192569077, -0.00300777726807, 0.00176010234281, 0.000487483717734], [-6.46094849799e-05, 0.000170390107087, 0.00112478877418, 0.000348359142663, 0.000183796742931, -0.00047320802696, -0.00114959978964, -0.00200897268951, 0.0106917014346, -0.00357448589057, 8.33325393614e-05, 1.19791784527e-05, -0.00148503656965], [-0.000379594712285, 0.000695168564562, 0.0006301056128, 0.00118390715215, 0.000493544677738, -0.000329498870997, -0.000650313624647, 0.00247192569077, -0.00357448589057, 0.0106907077134, -0.00037122858339, -0.00082546583144, 0.00122912542429], [0.000340396509273, -5.44984541193e-05, 0.000887012516614, -0.000373463553842, 0.000476861867355, -0.00102234841324, 0.00186494295485, -0.00300777726807, 8.33325393614e-05, -0.00037122858339, 0.0124747594818, -0.00325562781654, -0.000261701876298], [-0.000139712923556, 0.000315513665555, -0.000403476238716, 0.000196376742679, -0.00223291921429, 0.00240690121427, -0.000953976414166, 0.00176010234281, 1.19791784527e-05, -0.00082546583144, -0.00325562781654, 0.0141622722149, -0.00378083321266], [4.46222693427e-05, 0.000416067923652, 0.000464631943032, -0.000675579765812, 0.000852547760587, -0.00124274240807, 0.000883621629328, 0.000487483717734, -0.00148503656965, 0.00122912542429, -0.000261701876298, -0.00378083321266, 0.0126259857789]]
    },
    "spectral_contrast_coeffs": {
        "max": [-0.329160362482, -0.385134994984, -0.459041744471, -0.541976392269, -0.593727469444, -0.50390458107],
        "mean": [-0.630782663822, -0.698209702969, -0.719066143036, -0.757026076317, -0.761884868145, -0.723662674427],
        "min": [-0.933091878891, -0.942979335785, -0.952998161316, -0.924455583096, -0.903003811836, -0.907750368118],
        "stdev": [0.0979642421007, 0.100172325969, 0.08444801718, 0.0722306743264, 0.0585295557976, 0.0493766218424]
    },
    "spectral_contrast_valleys": {
        "max": [-5.82584619522, -5.20150661469, -5.83132362366, -6.10081338882, -6.00226974487, -8.67869853973],
        "mean": [-8.11955547333, -7.05617952347, -7.67578268051, -7.89573812485, -7.93250226974, -11.7958517075],
        "min": [-15.414358139, -13.2066802979, -12.3742055893, -12.8436670303, -13.3804416656, -15.9327001572],
        "stdev": [1.31367230415, 0.905501544476, 0.717647314072, 0.708575546741, 0.734118282795, 0.895691156387]
    }
},
"rhythm": {
    "beats_count": 118,
    "beats_loudness": {
        "max": 0.0832618400455,
        "mean": 0.0230924021453,
        "min": 1.79818675861e-06,
        "stdev": 0.0170904994011
    },
    "bpm": 162.367294312,
    "bpm_histogram_first_peak_bpm": 161,
    "bpm_histogram_first_peak_weight": 0.25,
    "bpm_histogram_second_peak_bpm": 152,
    "bpm_histogram_second_peak_spread": 0.27586209774,
    "bpm_histogram_second_peak_weight": 0.17948718369,
    "danceability": 0.98017591238,
    "onset_rate": 2.1533203125,
    "beats_loudness_band_ratio": {
        "max": [0.353266686201, 0.976934194565, 0.736621856689, 0.810349941254, 0.60751926899, 0.419724851847],
        "mean": [0.0533456914127, 0.369883954525, 0.286493360996, 0.166660964489, 0.138698741794, 0.0439285710454],
        "min": [0.00103075592779, 0.00302014010958, 0.00678429473191, 0.00723764719442, 0.00121856119949, 0.00105145899579],
        "stdev": [0.0667721182108, 0.29471719265, 0.210643142462, 0.138170838356, 0.138903215528, 0.0570840984583]
    },
