{
"metadata": {
    "version": {
        "essentia": "2.1-beta5",
        "essentia_git_sha": "Undefined",
        "extractor": "music 2.0"
    },
    "audio_properties": {
        "analysis": {
            "equal_loudness": 0,
            "length": 25.6696605682,
            "sample_rate": 44100,
            "start_time": 142.744674683,
            "downmix": "mix"
        },
        "bit_rate": 192000,
        "length": 168.437561035,
        "lossless": 0,
        "number_channels": 1,
        "replay_gain": -10.0917568207,
        "sample_rate": 48000,
        "codec": "mp3",
        "md5_encoded": "d83cef134b7564249bbdad01041726e4"
    },
    "tags": {
        "file_name": "Yugoslavia_Rock Me_Riva.mp3",
        "encoding": ["Lavf58.29.100"]
    }
},
"lowlevel": {
    "average_loudness": 0.986057043076,
    "barkbands_crest": {
        "max": 25.1787776947,
        "mean": 7.33075094223,
        "min": 2.31577897072,
        "stdev": 2.83990359306
    },
    "barkbands_flatness_db": {
        "max": 0.252237200737,
        "mean": 0.144728794694,
        "min": 0.0804894194007,
        "stdev": 0.0248257163912
    },
    "barkbands_kurtosis": {
        "max": 14.3034420013,
        "mean": 0.161404177547,
        "min": -1.7555642128,
        "stdev": 1.81152701378
    },
    "barkbands_skewness": {
        "max": 3.86233592033,
        "mean": 0.667030692101,
        "min": -1.16748857498,
        "stdev": 0.683332204819
    },
    "barkbands_spread": {
        "max": 64.993270874,
        "mean": 24.5076599121,
        "min": 6.35116195679,
        "stdev": 7.54215812683
    },
    "dissonance": {
        "max": 0.499972313643,
        "mean": 0.474660366774,
        "min": 0.360071152449,
        "stdev": 0.0170259289443
    },
    "dynamic_complexity": 1.52795815468,
    "erbbands_crest": {
        "max": 25.2654247284,
        "mean": 8.1382856369,
        "min": 2.02789068222,
        "stdev": 3.37419891357
    },
    "erbbands_flatness_db": {
        "max": 0.305227100849,
        "mean": 0.206417709589,
        "min": 0.025145592168,
        "stdev": 0.0302801206708
    },
    "erbbands_kurtosis": {
        "max": 4.03784036636,
        "mean": -0.308211743832,
        "min": -1.63814997673,
        "stdev": 0.8294968009
    },
    "erbbands_skewness": {
        "max": 1.76960039139,
        "mean": -0.00291995494626,
        "min": -1.83144521713,
        "stdev": 0.499521315098
    },
    "erbbands_spread": {
        "max": 106.036857605,
        "mean": 33.2855262756,
        "min": 8.81193256378,
        "stdev": 12.6225805283
    },
    "hfc": {
        "max": 82.5119400024,
        "mean": 30.4227180481,
        "min": 7.79025413067e-08,
        "stdev": 14.6245203018
    },
    "loudness_ebu128": {
        "integrated": -16.0740737915,
        "loudness_range": 0.636682510376,
        "momentary": {
            "max": -14.0495052338,
            "mean": -16.274394989,
            "min": -26.5097904205,
            "stdev": 1.43773305416
        },
        "short_term": {
            "max": -15.5713186264,
            "mean": -16.0866317749,
            "min": -16.8186168671,
            "stdev": 0.231774061918
        }
    },
    "melbands_crest": {
        "max": 38.1889724731,
        "mean": 9.51067447662,
        "min": 3.39167237282,
        "stdev": 3.48267650604
    },
    "melbands_flatness_db": {
        "max": 0.279225379229,
        "mean": 0.14271683991,
        "min": 0.0647906139493,
        "stdev": 0.0327826701105
    },
    "melbands_kurtosis": {
        "max": 73.4003601074,
        "mean": 3.55344033241,
        "min": -1.43492436409,
        "stdev": 5.56233072281
    },
    "melbands_skewness": {
        "max": 8.30611038208,
        "mean": 1.50480258465,
        "min": -0.500604152679,
        "stdev": 0.928190886974
    },
    "melbands_spread": {
        "max": 80.2745056152,
        "mean": 33.7786560059,
        "min": 6.5826587677,
        "stdev": 11.6529588699
    },
    "pitch_salience": {
        "max": 0.828643620014,
        "mean": 0.610285580158,
        "min": 0.0794738009572,
        "stdev": 0.0813841447234
    },
    "silence_rate_20dB": {
        "max": 1,
        "mean": 1,
        "min": 1,
        "stdev": 0
    },
    "silence_rate_30dB": {
        "max": 1,
        "mean": 1,
        "min": 1,
        "stdev": 0
    },
    "silence_rate_60dB": {
        "max": 1,
        "mean": 0.0180668476969,
        "min": 0,
        "stdev": 0.133193194866
    },
    "spectral_centroid": {
        "max": 4225.46875,
        "mean": 1744.03405762,
        "min": 644.20489502,
        "stdev": 421.389678955
    },
    "spectral_complexity": {
        "max": 51,
        "mean": 29.6485996246,
        "min": 0,
        "stdev": 8.38786029816
    },
    "spectral_decrease": {
        "max": -1.5426853904e-17,
        "mean": -6.470183056e-09,
        "min": -1.67180296273e-08,
        "stdev": 2.54770426977e-09
    },
    "spectral_energy": {
        "max": 0.067776568234,
        "mean": 0.0271794088185,
        "min": 6.52906409493e-11,
        "stdev": 0.0106292208657
    },
    "spectral_energyband_high": {
        "max": 0.00464464491233,
        "mean": 0.000901649706066,
        "min": 5.55377141845e-12,
        "stdev": 0.000666960142553
    },
    "spectral_energyband_low": {
        "max": 0.0310422405601,
        "mean": 0.00312945549376,
        "min": 3.71512820507e-11,
        "stdev": 0.00295828492381
    },
    "spectral_energyband_middle_high": {
        "max": 0.0476423986256,
        "mean": 0.0113790342584,
        "min": 1.88927215886e-12,
        "stdev": 0.00804218184203
    },
    "spectral_energyband_middle_low": {
        "max": 0.0533254891634,
        "mean": 0.0126116797328,
        "min": 6.43695383454e-12,
        "stdev": 0.0070947916247
    },
    "spectral_entropy": {
        "max": 9.1865234375,
        "mean": 7.67051649094,
        "min": 6.82610321045,
        "stdev": 0.22450453043
    },
    "spectral_flux": {
        "max": 0.18620121479,
        "mean": 0.0957362055779,
        "min": 1.60506551765e-05,
        "stdev": 0.0254116524011
    },
    "spectral_kurtosis": {
        "max": 14.9164943695,
        "mean": 2.63296341896,
        "min": -0.797817707062,
        "stdev": 1.91188538074
    },
    "spectral_rms": {
        "max": 0.008131634444,
        "mean": 0.00502854539081,
        "min": 2.52385007116e-07,
        "stdev": 0.00110915361438
    },
    "spectral_rolloff": {
        "max": 7364.35546875,
        "mean": 2028.47766113,
        "min": 21.533203125,
        "stdev": 711.68371582
    },
    "spectral_skewness": {
        "max": 2.07831573486,
        "mean": 1.0239918232,
        "min": 0.460066080093,
        "stdev": 0.250768274069
    },
    "spectral_spread": {
        "max": 29982200,
        "mean": 3375537.75,
        "min": 2022244.25,
        "stdev": 1228866
    },
    "spectral_strongpeak": {
        "max": 11.3832578659,
        "mean": 1.67728948593,
        "min": 0,
        "stdev": 1.82431232929
    },
    "zerocrossingrate": {
        "max": 0.14013671875,
        "mean": 0.0713172927499,
        "min": 0,
        "stdev": 0.016387892887
    },
    "barkbands": {
        "max": [0.000380532117561, 0.0122478688136, 0.021023362875, 0.0119108762592, 0.0169898420572, 0.0174855720252, 0.0358910784125, 0.0178971793503, 0.030293777585, 0.0298852268606, 0.0256474725902, 0.00914925150573, 0.028128279373, 0.02348453179, 0.0164014007896, 0.0212604030967, 0.00430625258014, 0.00466388696805, 0.00594520522282, 0.00319813238457, 0.00306699075736, 0.00159409444313, 0.0011254347628, 0.00273586204275, 0.000309324270347, 1.10909036266e-06, 1.04430478132e-06],
        "mean": [3.3480948332e-05, 0.00116576114669, 0.00141651800368, 0.00126120483037, 0.00269671017304, 0.00184087920934, 0.00314093730412, 0.000999322044663, 0.00216054194607, 0.0019485502271, 0.000847902556416, 0.00089148490224, 0.00124368106481, 0.00148427963722, 0.00113606825471, 0.00150091492105, 0.000856054073665, 0.000778733112384, 0.000632816401776, 0.000441802054411, 0.000310858129524, 0.000181011375389, 0.000119661264762, 8.45565155032e-05, 5.66664266444e-06, 5.42260192304e-09, 2.5817974425e-09],
        "min": [2.89721163726e-11, 1.40397251117e-11, 1.07070839553e-13, 5.47738829119e-13, 1.09091262499e-12, 4.13858102519e-13, 5.41681174741e-13, 3.27488633e-13, 4.21780367793e-13, 2.90864934135e-13, 3.58159817993e-13, 2.5376722208e-13, 2.63708136274e-13, 1.91422859551e-13, 1.19286335367e-13, 1.03978132528e-13, 5.75869376056e-14, 1.35297440027e-13, 8.22855442096e-14, 1.91552408158e-13, 8.34510683213e-14, 7.48625946932e-14, 1.95668798547e-13, 3.05246008591e-13, 9.49279934173e-13, 2.77869827842e-12, 1.05088355552e-12],
        "stdev": [4.36822920165e-05, 0.00145526393317, 0.00171900657006, 0.00149718497414, 0.00262781162746, 0.00205233879387, 0.00380184710957, 0.00144384114537, 0.00332193938084, 0.00337013602257, 0.00161542731803, 0.00114216597285, 0.00240374542773, 0.00285959709436, 0.00160724984016, 0.00243681226857, 0.0006803656579, 0.000649888592307, 0.000598338665441, 0.000365762942238, 0.000296071782941, 0.000197724555619, 0.000126175335026, 0.000162015028764, 1.98479174287e-05, 4.4588627901e-08, 3.98657320488e-08]
    },
    "erbbands": {
        "max": [0.229702457786, 3.61591267586, 22.575302124, 24.2955379486, 52.2569541931, 80.1380157471, 117.878738403, 172.703063965, 352.762451172, 389.41027832, 370.765014648, 750.196044922, 675.534240723, 803.958679199, 778.875427246, 340.381225586, 1544.60717773, 755.497375488, 960.665527344, 880.659790039, 458.851531982, 297.285125732, 333.326385498, 287.635650635, 141.374221802, 219.284561157, 130.58656311, 84.59349823, 43.2790641785, 68.4696426392, 33.7309799194, 43.8612632751, 45.8808441162, 6.67966938019, 0.316260963678, 0.0119521496817, 0.00200741528533, 0.000642386090476, 0.000157330665388, 8.07578981039e-05],
        "mean": [0.0231574308127, 0.311011075974, 1.49338507652, 2.93883347511, 6.08004570007, 10.4316358566, 11.498878479, 17.0775260925, 41.9340019226, 34.991859436, 26.5561637878, 49.0057525635, 62.7208938599, 40.1405792236, 36.8046112061, 35.2032356262, 58.1715354919, 59.0352478027, 68.3389816284, 91.6914978027, 56.2711372375, 52.0299797058, 45.5109405518, 38.790348053, 24.680562973, 21.4966220856, 15.6710596085, 9.53285598755, 6.0814909935, 5.37429428101, 3.06475758553, 2.17976164818, 1.0933265686, 0.16580016911, 0.00508269621059, 0.000334110867698, 5.67452589166e-05, 1.56737460202e-05, 1.88074936887e-05, 3.44696854881e-05],
        "min": [9.92078752482e-10, 9.33219501675e-10, 2.2567814284e-10, 1.30311339497e-09, 2.29463092971e-09, 3.97544575037e-09, 3.07260572541e-09, 4.25275770155e-09, 8.31065882778e-09, 7.10896808087e-09, 7.81893749746e-09, 9.63939950083e-09, 8.59472404358e-09, 1.19836212065e-08, 1.33015927162e-08, 1.09519611158e-08, 1.20760770272e-08, 1.02280006686e-08, 8.82094663979e-09, 5.02556618542e-09, 5.07049069398e-09, 3.7789287255e-09, 6.18334139446e-09, 5.91997606492e-09, 4.36364500089e-09, 1.08493090067e-08, 5.40054179154e-09, 2.34895258799e-09, 2.87227064355e-09, 2.71278910446e-09, 7.31330329629e-09, 6.73028477394e-09, 4.58968019146e-09, 9.36847044386e-09, 7.6717219244e-09, 1.27561774477e-08, 4.59685711718e-09, 1.48014556167e-09, 1.06882371009e-10, 1.07849536593e-11],
        "stdev": [0.0270161796361, 0.401091575623, 1.81660854816, 2.98816299438, 6.66903495789, 11.6725311279, 13.3579730988, 17.8914470673, 56.3527069092, 43.7059135437, 30.2603302002, 77.0134963989, 96.1803665161, 59.8949584961, 53.6233787537, 39.5631217957, 118.664176941, 84.5896148682, 114.821098328, 108.593696594, 62.1957778931, 40.4849052429, 38.0823478699, 33.0419006348, 17.9773159027, 19.1442127228, 14.6352567673, 8.42628765106, 5.71826314926, 6.83108043671, 3.37224912643, 3.41837978363, 2.50651264191, 0.478376060724, 0.0161126051098, 0.00079759262735, 0.000108933658339, 3.02323205688e-05, 9.30702572077e-06, 1.32233635668e-05]
    },
    "gfcc": {
        "mean": [4.26941299438, 126.340164185, -184.152496338, 56.734703064, -76.3355407715, 7.21331357956, -32.6615142822, -10.3317546844, 0.991965651512, -24.2022247314, 6.13563108444, -22.0947151184, 2.62884783745],
        "cov": [[3966.80053711, 465.477020264, -353.557312012, 189.104217529, -183.789840698, 29.2906723022, -22.3648796082, -51.1360092163, 23.9464244843, -113.965499878, 17.6190700531, -123.379081726, 4.44015264511], [465.477020264, 572.373718262, 152.164367676, 130.40838623, 110.356460571, -142.250473022, -7.39428472519, -57.621509552, 40.8097572327, -52.2697486877, 41.297580719, -14.5554552078, 7.01027679443], [-353.557312012, 152.164367676, 546.84979248, 187.625015259, -6.30781841278, 0.0819437280297, -116.360267639, 8.16561698914, -15.8876562119, 20.5130157471, 43.8416442871, 68.81275177, -15.8081417084], [189.104217529, 130.40838623, 187.625015259, 192.061416626, 15.5640897751, -18.6801986694, -37.0939178467, -10.8459415436, 3.59877705574, -12.7233142853, 10.0842790604, 18.2326259613, -8.8118391037], [-183.789840698, 110.356460571, -6.30781841278, 15.5640897751, 158.536987305, 12.1815929413, 48.010471344, 23.1092357635, 21.672870636, -3.93839931488, -1.31194090843, -15.4763031006, 14.6201648712], [29.2906723022, -142.250473022, 0.0819437280297, -18.6801986694, 12.1815929413, 226.51914978, 94.5782775879, 55.3890113831, -7.65643978119, 50.8562202454, 10.1814002991, -19.863079071, -12.3200073242], [-22.3648796082, -7.39428472519, -116.360267639, -37.0939178467, 48.010471344, 94.5782775879, 176.928161621, 39.0454559326, 11.5554151535, 23.1853046417, -3.29604816437, -36.3607559204, -10.771730423], [-51.1360092163, -57.621509552, 8.16561698914, -10.8459415436, 23.1092357635, 55.3890113831, 39.0454559326, 97.280960083, 33.1044998169, 16.9450302124, 0.776105463505, -1.22917258739, 10.3911542892], [23.9464244843, 40.8097572327, -15.8876562119, 3.59877705574, 21.672870636, -7.65643978119, 11.5554151535, 33.1044998169, 63.0376205444, 14.1506223679, -1.90130031109, -1.72161507607, 8.44969749451], [-113.965499878, -52.2697486877, 20.5130157471, -12.7233142853, -3.93839931488, 50.8562202454, 23.1853046417, 16.9450302124, 14.1506223679, 70.7715988159, 34.3020133972, 4.28706073761, -4.93813419342], [17.6190700531, 41.297580719, 43.8416442871, 10.0842790604, -1.31194090843, 10.1814002991, -3.29604816437, 0.776105463505, -1.90130031109, 34.3020133972, 73.1257247925, 32.7759132385, -1.90409469604], [-123.379081726, -14.5554552078, 68.81275177, 18.2326259613, -15.4763031006, -19.863079071, -36.3607559204, -1.22917258739, -1.72161507607, 4.28706073761, 32.7759132385, 72.3335494995, 21.6172237396], [4.44015264511, 7.01027679443, -15.8081417084, -8.8118391037, 14.6201648712, -12.3200073242, -10.771730423, 10.3911542892, 8.44969749451, -4.93813419342, -1.90409469604, 21.6172237396, 50.4440040588]],
        "icov": [[0.000966081337538, -0.00244063604623, 0.00248844898306, -0.00196876842529, 0.00274681649171, -0.00224434770644, 0.00212666555308, -0.00204666960053, 0.0015334590571, -0.000349948211806, 0.000546335009858, 0.00013259856496, -0.000105788371002], [-0.00244063604623, 0.01547784172, -0.0113369403407, 0.00400539627299, -0.00974063575268, 0.00975699163973, -0.0110096903518, 0.0143160643056, -0.0155844530091, 0.0142421703786, -0.0169957391918, 0.0125831058249, -0.0069123338908], [0.00248844898306, -0.0113369403407, 0.0132718291134, -0.00800241157413, 0.00776069657877, -0.00837019644678, 0.0111185442656, -0.0122282169759, 0.0125051708892, -0.010567936115, 0.0106422118843, -0.00962821021676, 0.00611586775631], [-0.00196876842529, 0.00400539627299, -0.00800241157413, 0.0130404913798, -0.00587025284767, 0.00385774695314, -0.00448788609356, 0.00550742354244, -0.00512974476442, 0.00307720410638, -0.000792768027168, -0.000974568130914, 0.00148579198867], [0.00274681649171, -0.00974063575268, 0.00776069657877, -0.00587025284767, 0.0169103629887, -0.0073825516738, 0.00497976364568, -0.0086430683732, 0.00547562446445, -0.00255708955228, 0.00393856177106, -3.23189706251e-05, -0.00234690168872], [-0.00224434770644, 0.00975699163973, -0.00837019644678, 0.00385774695314, -0.0073825516738, 0.015123420395, -0.0106236059219, 0.00464407214895, -0.00389446155168, 0.0013118366478, -0.0067726066336, 0.00611093780026, -0.00259310565889], [0.00212666555308, -0.0110096903518, 0.0111185442656, -0.00448788609356, 0.00497976364568, -0.0106236059219, 0.0187931228429, -0.0123329367489, 0.0109588801861, -0.0104402946308, 0.0105313910171, -0.0066127711907, 0.00693249888718], [-0.00204666960053, 0.0143160643056, -0.0122282169759, 0.00550742354244, -0.0086430683732, 0.00464407214895, -0.0123329367489, 0.0306053441018, -0.0246224105358, 0.0163461323828, -0.0169059466571, 0.0125568509102, -0.0102728595957], [0.0015334590571, -0.0155844530091, 0.0125051708892, -0.00512974476442, 0.00547562446445, -0.00389446155168, 0.0109588801861, -0.0246224105358, 0.0426110886037, -0.0270396880805, 0.0246595479548, -0.0169844701886, 0.00835233833641], [-0.000349948211806, 0.0142421703786, -0.010567936115, 0.00307720410638, -0.00255708955228, 0.0013118366478, -0.0104402946308, 0.0163461323828, -0.0270396880805, 0.0468439497054, -0.0360410250723, 0.0226508583874, -0.0112099545076], [0.000546335009858, -0.0169957391918, 0.0106422118843, -0.000792768027168, 0.00393856177106, -0.0067726066336, 0.0105313910171, -0.0169059466571, 0.0246595479548, -0.0360410250723, 0.052009422332, -0.0345080457628, 0.0175386015326], [0.00013259856496, 0.0125831058249, -0.00962821021676, -0.000974568130914, -3.23189706251e-05, 0.00611093780026, -0.0066127711907, 0.0125568509102, -0.0169844701886, 0.0226508583874, -0.0345080457628, 0.0453472882509, -0.0231180284172], [-0.000105788371002, -0.0069123338908, 0.00611586775631, 0.00148579198867, -0.00234690168872, -0.00259310565889, 0.00693249888718, -0.0102728595957, 0.00835233833641, -0.0112099545076, 0.0175386015326, -0.0231180284172, 0.0346859619021]]
    },
    "melbands": {
        "max": [0.00225396919996, 0.00866229552776, 0.00495351944119, 0.00448947632685, 0.00342145957984, 0.00359979155473, 0.00634660804644, 0.00374108552933, 0.00257003470324, 0.00447637913749, 0.00382708315738, 0.00366984074935, 0.00376868457533, 0.00117985147517, 0.00247032102197, 0.00294257956557, 0.00157116726041, 0.00200117123313, 0.00117903458886, 0.00225143926218, 0.000372448703274, 0.000330938724801, 0.000310466450173, 0.000260362197878, 0.000268750445684, 0.000209026562516, 0.000129368592752, 0.000161292526172, 8.5779451183e-05, 0.000120621407405, 3.14169956255e-05, 2.71940807579e-05, 4.43725875812e-05, 3.74058145098e-05, 2.05217911571e-05, 2.53526959568e-05, 3.64514125977e-05, 4.65022931166e-05, 1.36835542435e-05, 2.56291355072e-06],
        "mean": [0.000264302652795, 0.00065397459548, 0.000616185134277, 0.000583338027354, 0.000435998634202, 0.000422435929067, 0.000612109142821, 0.000337484030752, 0.000242252208409, 0.000300936604617, 0.000321770930896, 0.000178799353307, 0.000129352672957, 8.78782520886e-05, 0.000128364699776, 0.000115111026389, 0.000113372625492, 0.000122073164675, 9.24435662455e-05, 0.000139217299875, 4.7557765356e-05, 5.46063929505e-05, 4.23651181336e-05, 4.00725039071e-05, 3.07416703436e-05, 2.18395525735e-05, 1.58550137712e-05, 1.32878176373e-05, 1.04900791484e-05, 7.01885846865e-06, 5.0863427532e-06, 3.42944053955e-06, 3.34688184012e-06, 2.78135485132e-06, 1.7963997152e-06, 1.45271940255e-06, 1.29029649543e-06, 8.83953134689e-07, 3.90243314996e-07, 4.54714523812e-08],
        "min": [8.44410045359e-12, 8.9666975559e-14, 2.27521912985e-13, 2.33275692599e-13, 1.30173785163e-13, 9.61061539053e-14, 1.23960154749e-13, 7.55761691293e-14, 6.47783218667e-14, 6.02741462427e-14, 4.21308597547e-14, 4.71174579117e-14, 4.86119323506e-14, 2.76012428245e-14, 3.17334964458e-14, 2.39712678825e-14, 1.79193614699e-14, 1.48573373656e-14, 8.18806336617e-15, 7.06859455341e-15, 5.42158980945e-15, 3.90203091328e-15, 3.84139817733e-15, 6.97781040915e-15, 4.69939511906e-15, 2.3101644143e-15, 4.00472603484e-15, 8.05332329415e-15, 3.92757700345e-15, 1.80629797178e-15, 1.24226699077e-15, 1.85063273503e-15, 1.13718503625e-15, 1.59572589873e-15, 4.9869742396e-15, 2.60939701412e-15, 5.23335198351e-15, 2.80147676975e-15, 5.04546059405e-15, 9.01475481719e-15],
        "stdev": [0.000307350768708, 0.000748176884372, 0.00060005497653, 0.000584045774303, 0.000454270251794, 0.000441306037828, 0.000796435924713, 0.000433900335338, 0.000294572324492, 0.000485777185531, 0.000507944263518, 0.000291513919365, 0.000231825819355, 0.000126835875562, 0.000204786410904, 0.00021030876087, 0.000186060759006, 0.000243326445343, 0.000118075426144, 0.000247777701588, 4.75417618873e-05, 4.70385675726e-05, 3.85386047128e-05, 3.61203165085e-05, 2.9804165024e-05, 2.09578920476e-05, 1.3714281522e-05, 1.34954834721e-05, 1.02276044345e-05, 8.50178366818e-06, 4.55967301605e-06, 3.27803172695e-06, 4.73940554002e-06, 3.39365419677e-06, 1.96192354451e-06, 2.04660864256e-06, 2.26919155466e-06, 2.15204136111e-06, 1.05178673948e-06, 1.71880984112e-07]
    },
    "melbands128": {
        "max": [0.000295184436254, 0.00149228435475, 0.00364669132978, 0.00802029017359, 0.0122528206557, 0.00899620354176, 0.00492641050369, 0.00621126638725, 0.00647237105295, 0.00692885369062, 0.00608680257574, 0.00429055374116, 0.00555381923914, 0.00614105304703, 0.00602659443393, 0.00374980154447, 0.00935239624232, 0.00947527959943, 0.0124956322834, 0.00671256799251, 0.00422855466604, 0.00607624696568, 0.00262916646898, 0.0072150491178, 0.00821600854397, 0.00856560561806, 0.0075655290857, 0.00572941219434, 0.0104429433122, 0.0081601915881, 0.00195487192832, 0.00493215397, 0.00682743638754, 0.00137297960464, 0.00303326663561, 0.00182624871377, 0.00134289287962, 0.00241032941267, 0.00748606119305, 0.00835407804698, 0.00167661136948, 0.00450402405113, 0.00241722096689, 0.00418924819678, 0.00673816911876, 0.00308779790066, 0.00315793650225, 0.00236936402507, 0.00111569697037, 0.00166851712856, 0.00478113396093, 0.00148649828043, 0.000793882529251, 0.000358138466254, 0.000435337919043, 0.000517145323101, 0.000525971699972, 0.000562446657568, 0.000676715979353, 0.00073918804992, 0.000459328613942, 0.000294242665404, 0.000491084996611, 0.000495632179081, 0.000785089097917, 0.000410907523474, 0.00015000415442, 0.000145605052239, 0.000231925121625, 0.000238824388362, 0.000382638594601, 0.000155986432219, 0.000183110882062, 0.00018293238827, 0.000224908275413, 0.000311411567964, 9.97296956484e-05, 5.9740144934e-05, 4.29166502727e-05, 5.79046572966e-05, 3.41645172739e-05, 2.16089156311e-05, 5.31668338226e-05, 6.24840904493e-05, 9.76125811576e-05, 5.22821792401e-05, 4.14562273363e-05, 2.12577924685e-05, 2.31015455938e-05, 3.07182635879e-05, 2.49582717515e-05, 3.95045353798e-05, 2.31497742789e-05, 2.60175893345e-05, 6.73134272802e-05, 7.83811847214e-05, 3.11316580337e-05, 1.99386595341e-05, 2.02983246709e-05, 1.60392810358e-05, 3.92586161979e-06, 2.52717018157e-06, 1.71893782408e-06, 5.48205250084e-08, 2.3515765335e-08, 9.35472286301e-08, 1.50348178352e-08, 8.82771189481e-09, 8.59864801583e-09, 6.8112746554e-09, 7.2994494893e-09, 7.63518315239e-09, 5.94210058935e-09, 5.39670752531e-09, 5.69226221714e-09, 5.27648813531e-09, 4.95225283004e-09, 4.82714179739e-09, 4.71427208382e-09, 4.61092053428e-09, 4.50894033222e-09, 4.42152670033e-09, 4.34390656778e-09, 4.29671986879e-09, 4.2382848342e-09, 4.19683710007e-09, 4.1613956725e-09, 4.14103595858e-09],
        "mean": [2.68577223324e-05, 0.000147121594637, 0.00032621860737, 0.000556055572815, 0.000759536924306, 0.000663693353999, 0.000541305460501, 0.0006943551125, 0.000593574426603, 0.000542014022358, 0.000636584183667, 0.00048089743359, 0.000321686500683, 0.000473583408166, 0.000318388629239, 0.000331545918016, 0.000865566602442, 0.000587579328567, 0.000420138938352, 0.000463162985398, 0.000225735260756, 0.000191134080524, 0.000182954288903, 0.000371145171812, 0.000376716227038, 0.00023256179702, 0.000252303376328, 0.000316651799949, 0.000449497747468, 0.000184190022992, 7.54509092076e-05, 0.000148963765241, 0.00015668256674, 8.65182009875e-05, 0.000122648925753, 6.21937506367e-05, 7.40150499041e-05, 0.000132105400553, 0.000172997228219, 0.000127381557832, 7.42020929465e-05, 0.000149117913679, 6.74961265759e-05, 0.000101398174593, 0.000231428144616, 7.94238803792e-05, 7.50614126446e-05, 8.23391019367e-05, 8.85038898559e-05, 0.000157909918926, 0.000189490951016, 6.53667084407e-05, 5.52769306523e-05, 3.48230460077e-05, 3.53428367816e-05, 7.32340777176e-05, 4.95602143928e-05, 5.01387330587e-05, 3.29686663463e-05, 3.95066927013e-05, 5.18972228747e-05, 3.02395474137e-05, 2.23054030357e-05, 3.45223415934e-05, 4.05328719353e-05, 1.86730794667e-05, 1.22657611428e-05, 1.64448883879e-05, 1.47231075971e-05, 1.83366810234e-05, 1.48061599248e-05, 9.92498371488e-06, 1.01155328593e-05, 1.18528914754e-05, 9.34354739002e-06, 6.64438948661e-06, 6.78611513649e-06, 5.17142916578e-06, 4.70375880468e-06, 5.34600030733e-06, 3.45580542671e-06, 2.52179756899e-06, 3.28516102854e-06, 3.47059062733e-06, 3.44597719959e-06, 3.17467583955e-06, 2.52684526458e-06, 2.06186632568e-06, 1.79405219569e-06, 1.55415079917e-06, 1.45185106248e-06, 1.47287914842e-06, 1.38810355566e-06, 1.30749810978e-06, 1.23706115573e-06, 1.06316588244e-06, 8.10740004908e-07, 6.21456990757e-07, 4.47158924999e-07, 2.69009206022e-07, 7.28029050379e-08, 4.07793976365e-09, 3.22746274151e-09, 1.48275086653e-10, 6.48950615467e-11, 2.21477267082e-10, 7.7879300231e-11, 1.52187762392e-10, 4.47869102915e-11, 1.76192081758e-11, 1.73268552284e-11, 1.72626617861e-11, 1.54163088545e-11, 1.45276429775e-11, 1.45199876428e-11, 1.38634572572e-11, 1.31295876948e-11, 1.29115728525e-11, 1.22743403982e-11, 1.1693366761e-11, 1.16371582509e-11, 1.15140570689e-11, 1.08279019431e-11, 1.07725790094e-11, 9.51776504832e-12, 7.36013073405e-12, 7.10808712237e-12, 7.06454296104e-12],
        "min": [1.36600245004e-11, 1.0298600514e-11, 3.22053928664e-12, 1.17476110762e-13, 3.71025841886e-14, 7.29290014338e-14, 2.89267064078e-13, 2.25987915989e-13, 2.10737704414e-13, 2.70453066409e-13, 2.0676586528e-13, 2.18413191721e-13, 8.8095295761e-14, 6.28511457289e-14, 4.5673869824e-14, 1.30659697471e-13, 1.46213959993e-13, 1.14805558181e-13, 9.71079770415e-14, 7.4702912042e-14, 6.75283193621e-14, 5.34624461943e-14, 6.13966410806e-14, 6.62271615586e-14, 6.48735893564e-14, 5.95322605774e-14, 4.666154751e-14, 3.77981066585e-14, 3.99058566682e-14, 4.46383381647e-14, 4.80180335056e-14, 5.53342026604e-14, 5.61414962099e-14, 3.92268208475e-14, 2.6287177933e-14, 2.42844566206e-14, 2.79519652866e-14, 3.65099152354e-14, 3.17508064111e-14, 2.32837109104e-14, 2.29623720212e-14, 2.32155501691e-14, 1.97578973039e-14, 1.3040021401e-14, 1.57910014546e-14, 1.67309369755e-14, 1.17445937754e-14, 1.05806993551e-14, 4.42787955485e-15, 5.08186988178e-15, 8.62932009784e-15, 8.09952978845e-15, 5.42852446819e-15, 4.61229217999e-15, 4.22815045644e-15, 4.23974379638e-15, 3.72531400598e-15, 1.36097865833e-15, 5.82195179043e-15, 4.84949698061e-15, 6.94042279838e-15, 9.60084147735e-15, 4.36071026565e-15, 5.35602268307e-15, 9.42745235074e-16, 1.40315041707e-15, 3.36046642241e-15, 4.04329610361e-15, 1.92128989415e-15, 6.73944983208e-15, 1.18100694223e-14, 6.7062397878e-15, 4.18036551623e-15, 4.41247922532e-15, 1.60626436502e-15, 2.64485550736e-15, 1.36609823134e-15, 6.3557741884e-16, 1.06141624505e-15, 1.98047356848e-15, 2.36211866243e-15, 1.73104904705e-15, 9.02307670414e-16, 1.68118612327e-15, 5.56789166944e-16, 6.71783736292e-16, 2.10822794802e-15, 2.91972383973e-15, 7.09355449678e-15, 5.06423338526e-15, 1.71113212609e-15, 2.48202845809e-15, 2.96239270094e-15, 3.97832952359e-15, 9.04028015506e-15, 3.97942007851e-15, 8.2911100064e-16, 1.32808116921e-15, 4.32857171805e-15, 7.02614803835e-15, 8.90072808887e-15, 9.15207918673e-15, 1.02289714649e-14, 6.00976059417e-15, 7.13327864794e-15, 6.53782295635e-15, 1.31687687149e-14, 1.61045679694e-14, 3.44610645087e-14, 2.75492282253e-14, 1.24072217208e-14, 8.65358166255e-15, 1.25662462275e-14, 2.47939401621e-14, 6.74298238299e-15, 1.19964878214e-14, 1.81737542631e-14, 6.3532815822e-15, 3.10768235655e-15, 3.67760783984e-15, 6.71862086839e-16, 1.10141007033e-15, 4.74636267247e-15, 4.39987283396e-15, 2.65203940555e-15, 1.13950273015e-15, 2.67943652741e-16, 4.7973150262e-17],
        "stdev": [3.671158629e-05, 0.000188711390365, 0.000435041321907, 0.000818672415335, 0.00103302835487, 0.000805809744634, 0.000613308511674, 0.000858543324284, 0.000773837207817, 0.000709096260834, 0.000816550338641, 0.000600003055297, 0.000496870779898, 0.000735650886782, 0.000465924822493, 0.000467404228402, 0.00135441229213, 0.00104138010647, 0.000858059618622, 0.000688181084115, 0.000425646168878, 0.000383997074096, 0.000302542961435, 0.000649360881653, 0.000771819439251, 0.000609147362411, 0.000673596339766, 0.000633434799965, 0.000969409593381, 0.00050723872846, 0.000149283543578, 0.000337845965987, 0.000399009208195, 0.000132227462018, 0.000273933750577, 0.000117175928608, 0.000118707241199, 0.000215898355236, 0.000483749230625, 0.00043154580635, 0.000158619586728, 0.000306562025798, 0.000139365831274, 0.000315211509587, 0.000656957679894, 0.000215538952034, 0.000229370882153, 0.000196710796445, 0.000122444194858, 0.000223100898438, 0.00050538755022, 0.000137211653055, 7.86152668297e-05, 4.42914424639e-05, 4.55899062217e-05, 8.289917605e-05, 5.72325116082e-05, 6.24518288532e-05, 5.09334349772e-05, 6.38195269858e-05, 6.00733619649e-05, 3.54247204086e-05, 3.08208364004e-05, 5.04063864355e-05, 6.35993201286e-05, 2.49083041126e-05, 1.46768015838e-05, 1.73449298018e-05, 1.93513988052e-05, 2.2689706384e-05, 2.44897946686e-05, 1.38599962156e-05, 1.25530086734e-05, 1.6682799469e-05, 1.46829370351e-05, 1.3947907064e-05, 8.39433141664e-06, 6.41140877633e-06, 5.45848388356e-06, 6.84305950927e-06, 3.62790297004e-06, 2.65735707217e-06, 4.13519819631e-06, 5.7705119616e-06, 6.71463749313e-06, 4.52218637292e-06, 3.11296366817e-06, 2.34603817262e-06, 2.27869190894e-06, 2.23446522796e-06, 1.93677533389e-06, 2.60086540038e-06, 2.1976024982e-06, 2.31007402363e-06, 2.86554791273e-06, 3.01055138152e-06, 1.98595557777e-06, 1.54794395257e-06, 1.2550011661e-06, 9.54991037361e-07, 2.94788804922e-07, 7.72977841734e-08, 5.38347357804e-08, 2.00681404827e-09, 8.18126677515e-10, 2.97214830525e-09, 6.13994077803e-10, 6.09323758116e-10, 3.30470817378e-10, 2.75631406588e-10, 2.82197598622e-10, 2.86533269334e-10, 2.44307879482e-10, 2.27981952761e-10, 2.32298888458e-10, 2.19991122541e-10, 2.05560804489e-10, 2.03853670055e-10, 1.92067917126e-10, 1.82181728037e-10, 1.81630099849e-10, 1.80454040599e-10, 1.67816205376e-10, 1.6823166471e-10, 1.45894893389e-10, 1.26170157655e-10, 1.25015095498e-10, 1.24403820578e-10]
    },
    "mfcc": {
        "mean": [-598.292297363, 115.928031921, -31.8800029755, 27.0917358398, -9.37533092499, 4.59494590759, -14.4098920822, 6.53976249695, -10.0615634918, 7.50790262222, -8.87455844879, 3.76625967026, -8.09275722504],
        "cov": [[2527.55249023, 139.326843262, -130.090789795, -9.77853965759, -75.4259033203, 32.7078704834, 24.0752124786, 16.7974205017, 18.2070407867, 37.4292144775, -5.26223182678, 0.52675151825, -51.7571334839], [139.326843262, 487.924835205, 24.7015171051, 192.765441895, 77.0965499878, -19.3712730408, -30.7655258179, -2.07194900513, -33.6536445618, 5.97656583786, -31.2052268982, 10.4912691116, 2.5298576355], [-130.090789795, 24.7015171051, 506.926635742, 124.839324951, 114.788978577, 8.46154880524, -29.5948181152, -13.0616226196, -57.9926223755, -83.3161087036, 16.9104309082, 35.0570373535, 43.216178894], [-9.77853965759, 192.765441895, 124.839324951, 258.789215088, 78.5118484497, -26.6191864014, -64.1315231323, -4.46779680252, -31.2748222351, -43.0885734558, -40.0036354065, 3.16568541527, 17.1608638763], [-75.4259033203, 77.0965499878, 114.788978577, 78.5118484497, 148.679824829, -13.4396066666, -25.8454017639, 3.46067690849, -7.96447277069, -14.4429550171, -17.7895965576, -1.04365170002, 20.2251205444], [32.7078704834, -19.3712730408, 8.46154880524, -26.6191864014, -13.4396066666, 116.210250854, 70.7742156982, 13.4895305634, 10.7472791672, 26.3169841766, 30.3933696747, 8.92978858948, -13.9210424423], [24.0752124786, -30.7655258179, -29.5948181152, -64.1315231323, -25.8454017639, 70.7742156982, 142.199645996, 37.5227508545, 23.9490375519, 48.9872360229, 38.3776817322, 14.5085039139, -16.0079021454], [16.7974205017, -2.07194900513, -13.0616226196, -4.46779680252, 3.46067690849, 13.4895305634, 37.5227508545, 70.7332992554, 34.2196388245, 22.4312572479, 10.2910556793, -2.26615381241, 1.27601277828], [18.2070407867, -33.6536445618, -57.9926223755, -31.2748222351, -7.96447277069, 10.7472791672, 23.9490375519, 34.2196388245, 90.1496429443, 51.4728240967, 15.6111974716, -13.1414403915, -13.108215332], [37.4292144775, 5.97656583786, -83.3161087036, -43.0885734558, -14.4429550171, 26.3169841766, 48.9872360229, 22.4312572479, 51.4728240967, 112.224891663, 29.5860404968, -4.61376523972, -32.6155509949], [-5.26223182678, -31.2052268982, 16.9104309082, -40.0036354065, -17.7895965576, 30.3933696747, 38.3776817322, 10.2910556793, 15.6111974716, 29.5860404968, 70.9361953735, 29.1942806244, 1.16522955894], [0.52675151825, 10.4912691116, 35.0570373535, 3.16568541527, -1.04365170002, 8.92978858948, 14.5085039139, -2.26615381241, -13.1414403915, -4.61376523972, 29.1942806244, 67.7370071411, 24.4506835938], [-51.7571334839, 2.5298576355, 43.216178894, 17.1608638763, 20.2251205444, -13.9210424423, -16.0079021454, 1.27601277828, -13.108215332, -32.6155509949, 1.16522955894, 24.4506835938, 67.2868347168]],
        "icov": [[0.00042234241846, -0.000183470678166, 3.35543918482e-05, 7.50639301259e-05, 0.000225816460443, -0.000135342270369, 8.14862869447e-05, -0.000132220244268, -7.65570803196e-05, 4.95814856549e-05, 0.000135840440635, -0.000169333230588, 0.00028538465267], [-0.000183470678166, 0.00339522655122, 0.000591398915276, -0.00258725020103, -0.00102739187423, 0.000251687219134, -0.000307397189317, -5.89777082496e-05, 0.0014824437676, -0.001454037847, 0.000234798018937, -0.000649220834021, 0.000115946670121], [3.35543918482e-05, 0.000591398915276, 0.00336186843924, -0.00138308038004, -0.002288735006, -0.000529560027644, -9.54609786277e-05, 3.07902373606e-05, 0.00104470667429, 0.00199168897234, -0.00255842786282, -0.000296526472084, 7.31861800887e-05], [7.50639301259e-05, -0.00258725020103, -0.00138308038004, 0.00775038590655, -0.000942843558732, -0.000702273857314, 0.00240293424577, -0.00152967392933, -0.000297842256259, 0.000902242783923, 0.00267730979249, -0.001075310749, 0.000529145472683], [0.000225816460443, -0.00102739187423, -0.002288735006, -0.000942843558732, 0.0101665398106, 0.000125051854411, 0.000542688881978, -0.000682817655616, -0.000833187426906, -0.0018378905952, 0.0025074176956, 0.000879049766809, -0.00238119973801], [-0.000135342270369, 0.000251687219134, -0.000529560027644, -0.000702273857314, 0.000125051854411, 0.0131450509652, -0.00632491661236, 0.00113940692972, 9.91431716102e-06, -4.09276799473e-06, -0.00280099222437, 0.000642934755888, 0.00137614866253], [8.14862869447e-05, -0.000307397189317, -9.54609786277e-05, 0.00240293424577, 0.000542688881978, -0.00632491661236, 0.0142170600593, -0.00611114967614, 0.00157467008103, -0.00275317206979, -0.000939691439271, -0.00241065281443, 0.00141370878555], [-0.000132220244268, -5.89777082496e-05, 3.07902373606e-05, -0.00152967392933, -0.000682817655616, 0.00113940692972, -0.00611114967614, 0.0207127742469, -0.00718069961295, 0.000267091789283, -0.000510223500896, 0.00186057167593, -0.00307149882428], [-7.65570803196e-05, 0.0014824437676, 0.00104470667429, -0.000297842256259, -0.000833187426906, 9.91431716102e-06, 0.00157467008103, -0.00718069961295, 0.0192562863231, -0.00703031569719, -0.00240886723623, 0.0032104451675, -0.000727681152057], [4.95814856549e-05, -0.001454037847, 0.00199168897234, 0.000902242783923, -0.0018378905952, -4.09276799473e-06, -0.00275317206979, 0.000267091789283, -0.00703031569719, 0.01819463633, -0.00569364847615, -0.000140687829116, 0.00607454637066], [0.000135840440635, 0.000234798018937, -0.00255842786282, 0.00267730979249, 0.0025074176956, -0.00280099222437, -0.000939691439271, -0.000510223500896, -0.00240886723623, -0.00569364847615, 0.0257802698761, -0.0100234029815, -0.000524293980561], [-0.000169333230588, -0.000649220834021, -0.000296526472084, -0.001075310749, 0.000879049766809, 0.000642934755888, -0.00241065281443, 0.00186057167593, 0.0032104451675, -0.000140687829116, -0.0100234029815, 0.0234602317214, -0.00817530602217], [0.00028538465267, 0.000115946670121, 7.31861800887e-05, 0.000529145472683, -0.00238119973801, 0.00137614866253, 0.00141370878555, -0.00307149882428, -0.000727681152057, 0.00607454637066, -0.000524293980561, -0.00817530602217, 0.022072520107]]
    },
    "spectral_contrast_coeffs": {
        "max": [-0.444333165884, -0.505198419094, -0.506422877312, -0.531596064568, -0.583466768265, -0.58804500103],
        "mean": [-0.704447984695, -0.745056927204, -0.745361804962, -0.749342679977, -0.764050841331, -0.682581841946],
        "min": [-0.97184330225, -0.976937174797, -0.972936213017, -0.957917749882, -0.938010573387, -0.950640201569],
        "stdev": [0.067425340414, 0.0621863678098, 0.0653500854969, 0.0558268167078, 0.0396912544966, 0.0351384095848]
    },
    "spectral_contrast_valleys": {
        "max": [-5.28182554245, -5.14954566956, -5.20198440552, -5.60894441605, -6.01906442642, -8.60881614685],
        "mean": [-6.74109649658, -6.24563980103, -6.95998287201, -7.01684904099, -6.93615579605, -10.6215639114],
        "min": [-18.7876834869, -19.0891132355, -18.3628673553, -18.4438285828, -18.2603702545, -18.9725837708],
        "stdev": [0.888042509556, 0.749744832516, 0.736954987049, 0.712566554546, 0.669187664986, 0.652442097664]
    }
},
"rhythm": {
    "beats_count": 62,
    "beats_loudness": {
        "max": 0.0504358001053,
        "mean": 0.0306638274342,
        "min": 0.00185235869139,
        "stdev": 0.00949584227055
    },
    "bpm": 147.840484619,
    "bpm_histogram_first_peak_bpm": 148,
    "bpm_histogram_first_peak_weight": 0.254545509815,
    "bpm_histogram_second_peak_bpm": 136,
    "bpm_histogram_second_peak_spread": 0.5,
    "bpm_histogram_second_peak_weight": 0.049180328846,
    "danceability": 1.74141204357,
    "onset_rate": 2.95935511589,
    "beats_loudness_band_ratio": {
        "max": [0.420077800751, 0.482944011688, 0.556835711002, 0.514298260212, 0.578505694866, 0.27706938982],
        "mean": [0.176895961165, 0.168643891811, 0.258687376976, 0.192323550582, 0.185567468405, 0.077668659389],
        "min": [0.00187325233128, 0.00243720249273, 0.0662895292044, 0.0196839328855, 0.0284570641816, 0.01529293973],
        "stdev": [0.111711673439, 0.120378419757, 0.11147454381, 0.12110119313, 0.103472344577, 0.0388550870121]
    },
    "beats_position": [0.406349211931, 0.835918366909, 1.26548755169, 1.70666658878, 2.14784574509, 2.58902478218, 3.01859402657, 3.42494320869, 3.83129239082, 4.2492518425, 4.65560102463, 5.06195020676, 5.47990942001, 5.88625860214, 6.29260778427, 6.68734693527, 7.0936961174, 7.50004529953, 7.90639448166, 8.31274318695, 8.71909236908, 9.12544155121, 9.53179073334, 9.93814086914, 10.3444900513, 10.7392292023, 11.1455783844, 11.5403175354, 11.9582767487, 12.3646259308, 12.7709751129, 13.177324295, 13.572063446, 13.9784126282, 14.3963718414, 14.8027210236, 15.2090702057, 15.6154193878, 16.0217685699, 16.4281177521, 16.8344669342, 17.2292060852, 17.6355552673, 18.0419044495, 18.4482536316, 18.8546028137, 19.2493419647, 19.6556911469, 20.062040329, 20.45677948, 20.8747386932, 21.2694778442, 21.6758270264, 22.0821762085, 22.4885253906, 22.8948745728, 23.312833786, 23.7191829681, 24.1255321503, 24.5318813324, 24.9382305145, 25.3445796967],
