{
"metadata": {
    "version": {
        "essentia": "2.1-beta5",
        "essentia_git_sha": "Undefined",
        "extractor": "music 2.0"
    },
    "audio_properties": {
        "analysis": {
            "equal_loudness": 0,
            "length": 29.0017242432,
            "sample_rate": 44100,
            "start_time": 97.4889831543,
            "downmix": "mix"
        },
        "bit_rate": 192000,
        "length": 276.584503174,
        "lossless": 0,
        "number_channels": 2,
        "replay_gain": -5.37577629089,
        "sample_rate": 48000,
        "codec": "mp3",
        "md5_encoded": "f2ec2e8913a1c9fb4100a680ad2aa600"
    },
    "tags": {
        "file_name": "Turkey_Bana Bana_Pan.mp3",
        "encoding": ["Lavf58.29.100"]
    }
},
"lowlevel": {
    "average_loudness": 0.818630039692,
    "barkbands_crest": {
        "max": 25.3001499176,
        "mean": 7.62736940384,
        "min": 2.4639377594,
        "stdev": 3.4393761158
    },
    "barkbands_flatness_db": {
        "max": 0.36945861578,
        "mean": 0.177250266075,
        "min": 0.0705546289682,
        "stdev": 0.0496402196586
    },
    "barkbands_kurtosis": {
        "max": 94.3209075928,
        "mean": 2.78442549706,
        "min": -1.82215511799,
        "stdev": 7.11137962341
    },
    "barkbands_skewness": {
        "max": 8.42793560028,
        "mean": 0.918099582195,
        "min": -3.72126579285,
        "stdev": 1.24105000496
    },
    "barkbands_spread": {
        "max": 71.6238327026,
        "mean": 20.1235694885,
        "min": 1.15121018887,
        "stdev": 12.2864313126
    },
    "dissonance": {
        "max": 0.500000059605,
        "mean": 0.471633046865,
        "min": 0.301326483488,
        "stdev": 0.0317292548716
    },
    "dynamic_complexity": 4.14767742157,
    "erbbands_crest": {
        "max": 25.9958839417,
        "mean": 8.23847770691,
        "min": 2.71984529495,
        "stdev": 3.69241929054
    },
    "erbbands_flatness_db": {
        "max": 0.37122297287,
        "mean": 0.235045969486,
        "min": 0.142022237182,
        "stdev": 0.0444225817919
    },
    "erbbands_kurtosis": {
        "max": 41.488445282,
        "mean": 0.766158044338,
        "min": -1.86068212986,
        "stdev": 3.1971142292
    },
    "erbbands_skewness": {
        "max": 4.6495680809,
        "mean": 0.273114025593,
        "min": -2.8701839447,
        "stdev": 0.88119494915
    },
    "erbbands_spread": {
        "max": 107.507255554,
        "mean": 30.4631748199,
        "min": 4.02953720093,
        "stdev": 15.7217292786
    },
    "hfc": {
        "max": 90.7069320679,
        "mean": 11.4617948532,
        "min": 0.0299107693136,
        "stdev": 11.2652511597
    },
    "loudness_ebu128": {
        "integrated": -20.5438213348,
        "loudness_range": 4.88381958008,
        "momentary": {
            "max": -15.2902297974,
            "mean": -21.8893661499,
            "min": -39.8784103394,
            "stdev": 3.85544705391
        },
        "short_term": {
            "max": -18.7746620178,
            "mean": -21.1060371399,
            "min": -27.4264545441,
            "stdev": 1.82655644417
        }
    },
    "melbands_crest": {
        "max": 29.5884494781,
        "mean": 9.92353820801,
        "min": 2.65827798843,
        "stdev": 4.43385505676
    },
    "melbands_flatness_db": {
        "max": 0.490669250488,
        "mean": 0.178288653493,
        "min": 0.0464257225394,
        "stdev": 0.076933182776
    },
    "melbands_kurtosis": {
        "max": 286.521057129,
        "mean": 7.03890323639,
        "min": -1.74352884293,
        "stdev": 13.4428863525
    },
    "melbands_skewness": {
        "max": 12.8906011581,
        "mean": 1.66616487503,
        "min": -2.47199368477,
        "stdev": 1.40007293224
    },
    "melbands_spread": {
        "max": 183.012817383,
        "mean": 29.2948379517,
        "min": 1.14374184608,
        "stdev": 21.4101009369
    },
    "pitch_salience": {
        "max": 0.894613027573,
        "mean": 0.692411065102,
        "min": 0.174852311611,
        "stdev": 0.106321014464
    },
    "silence_rate_20dB": {
        "max": 1,
        "mean": 1,
        "min": 1,
        "stdev": 0
    },
    "silence_rate_30dB": {
        "max": 1,
        "mean": 0.995999991894,
        "min": 0,
        "stdev": 0.0631200149655
    },
    "silence_rate_60dB": {
        "max": 1,
        "mean": 0.228000000119,
        "min": 0,
        "stdev": 0.419544160366
    },
    "spectral_centroid": {
        "max": 4390.35498047,
        "mean": 1686.20275879,
        "min": 253.584960938,
        "stdev": 758.921203613
    },
    "spectral_complexity": {
        "max": 39,
        "mean": 15.8215999603,
        "min": 0,
        "stdev": 9.56371498108
    },
    "spectral_decrease": {
        "max": -8.48500436579e-12,
        "mean": -3.43806760839e-09,
        "min": -4.85349040957e-08,
        "stdev": 4.92190466161e-09
    },
    "spectral_energy": {
        "max": 0.188314735889,
        "mean": 0.0140156690031,
        "min": 3.8833142753e-05,
        "stdev": 0.0194212924689
    },
    "spectral_energyband_high": {
        "max": 0.00469724228606,
        "mean": 0.000297301390674,
        "min": 1.28342435346e-07,
        "stdev": 0.000442742981249
    },
    "spectral_energyband_low": {
        "max": 0.0214653015137,
        "mean": 0.00128926301841,
        "min": 1.52271894649e-07,
        "stdev": 0.0020611549262
    },
    "spectral_energyband_middle_high": {
        "max": 0.0277825724334,
        "mean": 0.00345130381174,
        "min": 6.29198780189e-07,
        "stdev": 0.00352813489735
    },
    "spectral_energyband_middle_low": {
        "max": 0.182834476233,
        "mean": 0.00940144155174,
        "min": 1.57327235684e-06,
        "stdev": 0.0175585988909
    },
    "spectral_entropy": {
        "max": 8.34522914886,
        "mean": 7.55033969879,
        "min": 5.60356903076,
        "stdev": 0.432357698679
    },
    "spectral_flux": {
        "max": 0.309310317039,
        "mean": 0.0649944022298,
        "min": 0.00433326279745,
        "stdev": 0.0459302887321
    },
    "spectral_kurtosis": {
        "max": 87.0410308838,
        "mean": 4.00517129898,
        "min": -0.92723941803,
        "stdev": 5.18499660492
    },
    "spectral_rms": {
        "max": 0.0135543979704,
        "mean": 0.00310012907721,
        "min": 0.000194643245777,
        "stdev": 0.0020156938117
    },
    "spectral_rolloff": {
        "max": 7364.35546875,
        "mean": 1967.75720215,
        "min": 129.19921875,
        "stdev": 1207.55456543
    },
    "spectral_skewness": {
        "max": 7.14765167236,
        "mean": 1.1231546402,
        "min": -0.0349973812699,
        "stdev": 0.620609402657
    },
    "spectral_spread": {
        "max": 15549156,
        "mean": 2980158.75,
        "min": 1182409,
        "stdev": 822028.6875
    },
    "spectral_strongpeak": {
        "max": 5.02022027969,
        "mean": 0.742110669613,
        "min": 0.00542691117153,
        "stdev": 0.797390520573
    },
    "zerocrossingrate": {
        "max": 0.24267578125,
        "mean": 0.0704296901822,
        "min": 0.0078125,
        "stdev": 0.0322216041386
    },
    "barkbands": {
        "max": [0.000221779628191, 0.0121152363718, 0.00988313369453, 0.0143915396184, 0.176458865404, 0.096845947206, 0.0656960830092, 0.0681556537747, 0.0540255233645, 0.0143052395433, 0.00817477330565, 0.010831611231, 0.00865512434393, 0.00667821289971, 0.00881713815033, 0.0038088739384, 0.00321543007158, 0.00235974625684, 0.00781137868762, 0.00315895839594, 0.00379918166436, 0.00200412608683, 0.000818157102913, 0.000624168955255, 7.91429738456e-06, 4.09635021015e-07, 4.44494048679e-07],
        "mean": [1.27174835143e-05, 0.000411256420193, 0.0005316385068, 0.00060247577494, 0.00271336478181, 0.0022899932228, 0.0015402106801, 0.00132420635782, 0.000756100285798, 0.000398731470341, 0.000296302110655, 0.000594949699007, 0.000323363754433, 0.000371035945136, 0.000361823826097, 0.000367416389054, 0.000254064652836, 0.000207046221476, 0.000282384222373, 0.000133578752866, 0.000116248760605, 6.92078610882e-05, 4.28622442996e-05, 1.45664544107e-05, 1.29101977109e-07, 1.13114950739e-09, 1.20538112824e-09],
        "min": [1.7877839209e-09, 4.59185471868e-08, 2.86988655063e-08, 7.70605197431e-08, 2.56468467796e-07, 3.90948684981e-07, 1.00454656149e-07, 2.42437767639e-08, 1.51145627569e-07, 3.8365250532e-08, 1.12186668844e-08, 2.04759746936e-08, 2.76072551486e-08, 1.45527734308e-09, 5.2671816908e-10, 1.68815253443e-10, 7.36597116635e-10, 1.94731142322e-09, 2.14095745577e-08, 2.86727370735e-08, 7.62630048001e-09, 1.00851460516e-09, 4.5305045826e-10, 1.20967558193e-09, 3.49260655119e-11, 3.34028048277e-11, 4.17971074418e-11],
        "stdev": [2.37186141021e-05, 0.000781524344347, 0.00108209857717, 0.00123605667613, 0.00789653323591, 0.00658803712577, 0.00450437748805, 0.00465600565076, 0.00250336248428, 0.00105390511453, 0.000603269261774, 0.00114397285506, 0.000649860594422, 0.000596734462306, 0.000579698651563, 0.000499695481267, 0.00033046270255, 0.000284027657472, 0.000503694871441, 0.000244625582127, 0.000256860163063, 0.000117201307148, 8.70349977049e-05, 4.49664839834e-05, 3.87278589642e-07, 1.57770703169e-08, 1.72134395626e-08]
    },
    "erbbands": {
        "max": [0.207313463092, 3.42985248566, 10.6111927032, 37.8225517273, 169.642425537, 998.944213867, 606.031005859, 1181.13879395, 965.376525879, 1062.82556152, 1303.52294922, 1431.03442383, 536.430358887, 320.663452148, 271.664489746, 553.276611328, 383.200439453, 288.164306641, 446.111816406, 286.275878906, 217.49861145, 215.576751709, 144.344848633, 428.32220459, 268.898529053, 131.914245605, 84.8790283203, 211.21043396, 94.8468170166, 34.5822906494, 25.899936676, 22.8642349243, 4.87043237686, 0.297753453255, 0.00995777081698, 0.00161456584465, 0.000762816925999, 0.000274019374046, 8.82830790943e-05, 0.000208708006539],
        "mean": [0.00717544043437, 0.112999513745, 0.519900083542, 1.58281040192, 4.56193971634, 10.5701208115, 13.7910013199, 20.1286334991, 21.2937240601, 26.8813152313, 27.0829181671, 16.6477069855, 14.8780050278, 11.5885162354, 13.3010597229, 27.8470306396, 16.1829566956, 18.4959220886, 19.0460662842, 19.0178947449, 19.2138671875, 14.1454544067, 12.1268777847, 13.21180439, 12.5035467148, 6.16262054443, 4.20114469528, 4.69521999359, 2.73670482635, 1.64732813835, 1.15541398525, 0.57502502203, 0.10666616261, 0.00714573077857, 0.000298603030387, 4.30463842349e-05, 1.40094325616e-05, 4.48762830274e-06, 8.33398007671e-06, 1.68725255207e-05],
        "min": [1.94965787159e-06, 1.0992951502e-05, 3.89042252209e-05, 9.36915093916e-05, 0.000323975662468, 0.00124718854204, 0.00323609844781, 0.00176578876562, 0.00180948863272, 0.000936652999371, 0.00134006107692, 0.00341368746012, 0.00174602901097, 0.000575134181418, 0.000460689974716, 0.00108816660941, 0.00192859570961, 0.000358421035344, 4.28251987614e-05, 1.29413256218e-05, 1.36940834636e-05, 4.23340061388e-05, 0.000183475902304, 0.00148963055108, 0.00072171370266, 0.00160709326155, 0.00147892988753, 0.00010198950622, 5.64367765037e-05, 1.61465941346e-05, 1.66286572494e-05, 3.90265304304e-05, 4.63715332444e-06, 2.06284198612e-06, 7.05969569026e-07, 4.3965377472e-07, 1.95108256662e-07, 6.94514596944e-08, 4.22484305318e-08, 5.60590613929e-08],
        "stdev": [0.0142948348075, 0.209327548742, 0.976720273495, 3.07254099846, 11.2866239548, 40.2435951233, 34.5983467102, 69.6566925049, 58.5061798096, 89.4332122803, 86.4144973755, 57.3785820007, 43.7277908325, 24.3172168732, 24.6140270233, 55.5381011963, 29.9840965271, 29.1668281555, 30.0356254578, 27.843957901, 25.0283126831, 18.2896766663, 16.0432739258, 24.3792419434, 23.1606082916, 10.5919723511, 6.95886659622, 12.2838878632, 5.27889442444, 2.763058424, 2.5008263588, 1.70642018318, 0.316846609116, 0.0185525398701, 0.000683902180754, 9.13907861104e-05, 3.27111119987e-05, 1.13849564514e-05, 9.90287480818e-06, 2.19821340579e-05]
    },
    "gfcc": {
        "mean": [-94.2307662964, 130.907119751, -188.509185791, 54.2492370605, -76.1170654297, -3.65574073792, -23.9648742676, -21.0715694427, 6.17556905746, -24.7451190948, 6.80162811279, -16.3840751648, -2.71525382996],
        "cov": [[5288.68701172, 693.178466797, -62.7049713135, -97.6777801514, 47.5868644714, -383.30279541, -153.725997925, -283.082427979, -165.641967773, -192.867111206, -56.8063621521, 0.538321912289, -73.783744812], [693.178466797, 1665.48217773, 1103.20019531, 6.03561592102, 189.765701294, -473.507293701, -44.8077392578, -134.585952759, -25.1010894775, -97.8413009644, 4.70670223236, -16.0348682404, -65.8438949585], [-62.7049713135, 1103.20019531, 1702.1204834, 606.875305176, -2.67427062988, -331.095458984, -131.593383789, 0.518193185329, -55.7945976257, -57.9242706299, 39.584186554, -41.9844894409, -80.0048828125], [-97.6777801514, 6.03561592102, 606.875305176, 711.774108887, 55.6413574219, 44.2082099915, -52.6259994507, 41.9219360352, -29.7113189697, 12.3177947998, 21.093793869, -17.4205360413, -7.96092557907], [47.5868644714, 189.765701294, -2.67427062988, 55.6413574219, 244.440002441, -32.6380729675, -19.2267799377, -37.0895423889, 6.4665851593, -7.10355949402, -13.363284111, 4.95641183853, 4.75649547577], [-383.30279541, -473.507293701, -331.095458984, 44.2082099915, -32.6380729675, 437.876953125, 132.478149414, 46.5411758423, 2.45128107071, 49.2915687561, -3.27657580376, -3.96680045128, 18.9970359802], [-153.725997925, -44.8077392578, -131.593383789, -52.6259994507, -19.2267799377, 132.478149414, 208.643280029, 44.5298194885, -29.3154830933, 17.5100383759, 6.74529933929, 2.80178332329, -21.454498291], [-283.082427979, -134.585952759, 0.518193185329, 41.9219360352, -37.0895423889, 46.5411758423, 44.5298194885, 128.88104248, 35.3393135071, 20.0589370728, 21.3509197235, -7.58132600784, 1.4958370924], [-165.641967773, -25.1010894775, -55.7945976257, -29.7113189697, 6.4665851593, 2.45128107071, -29.3154830933, 35.3393135071, 108.912742615, 33.2640457153, -8.45882701874, 3.22789740562, 15.7640333176], [-192.867111206, -97.8413009644, -57.9242706299, 12.3177947998, -7.10355949402, 49.2915687561, 17.5100383759, 20.0589370728, 33.2640457153, 80.4078674316, 19.9505825043, -12.3126134872, 1.87546813488], [-56.8063621521, 4.70670223236, 39.584186554, 21.093793869, -13.363284111, -3.27657580376, 6.74529933929, 21.3509197235, -8.45882701874, 19.9505825043, 60.1991729736, 12.8094339371, -6.2813615799], [0.538321912289, -16.0348682404, -41.9844894409, -17.4205360413, 4.95641183853, -3.96680045128, 2.80178332329, -7.58132600784, 3.22789740562, -12.3126134872, 12.8094339371, 61.8813095093, 24.5726947784], [-73.783744812, -65.8438949585, -80.0048828125, -7.96092557907, 4.75649547577, 18.9970359802, -21.454498291, 1.4958370924, 15.7640333176, 1.87546813488, -6.2813615799, 24.5726947784, 69.645652771]],
        "icov": [[0.000296073703794, -0.000467538251542, 0.000546508759726, -0.000417244562414, 0.000453480955912, 5.39797874808e-05, 0.000452750246041, 3.52480274159e-05, 0.000475096516311, 0.000211829144973, 0.000223946408369, -0.000148634033394, 0.000504170486238], [-0.000467538251542, 0.00478135654703, -0.00424426281825, 0.00301682180725, -0.00381962931715, 0.00173768866807, -0.00465360656381, 0.00435456680134, -0.00423498079181, 0.00276623410173, -0.0032615843229, 0.00288205430843, -0.00267282547429], [0.000546508759726, -0.00424426281825, 0.00513299461454, -0.00396295078099, 0.00386095349677, -0.000391250650864, 0.00391109939665, -0.00328622478992, 0.00343813700601, -0.00127494661137, 0.00204091053456, -0.00177585578058, 0.00319509301335], [-0.000417244562414, 0.00301682180725, -0.00396295078099, 0.00482710497454, -0.00345970783383, -0.000392310030293, -0.00151781155728, 0.00089645240223, -0.000981489662081, 1.75862842298e-05, -0.00120753212832, 0.000970457796939, -0.00196368643083], [0.000453480955912, -0.00381962931715, 0.00386095349677, -0.00345970783383, 0.00779608776793, -0.000594235491008, 0.00302840746008, -0.00140556169208, 0.00205799657851, -0.00137770350557, 0.00265461392701, -0.00206087739207, 0.00203964533284], [5.39797874808e-05, 0.00173768866807, -0.000391250650864, -0.000392310030293, -0.000594235491008, 0.00494221923873, -0.00407709414139, 0.00220254994929, -0.00176384567749, 0.000593543110881, -0.000941746751778, 0.00202033203095, -0.00181952642743], [0.000452750246041, -0.00465360656381, 0.00391109939665, -0.00151781155728, 0.00302840746008, -0.00407709414139, 0.0132647156715, -0.00866639148444, 0.0090267136693, -0.00592123996466, 0.00613311911002, -0.00669221580029, 0.00660766521469], [3.52480274159e-05, 0.00435456680134, -0.00328622478992, 0.00089645240223, -0.00140556169208, 0.00220254994929, -0.00866639148444, 0.018026445061, -0.0111183738336, 0.00723572354764, -0.0101837283, 0.00790676660836, -0.0044664288871], [0.000475096516311, -0.00423498079181, 0.00343813700601, -0.000981489662081, 0.00205799657851, -0.00176384567749, 0.0090267136693, -0.0111183738336, 0.0206541214138, -0.0119216516614, 0.0110671706498, -0.00810531247407, 0.00320088188164], [0.000211829144973, 0.00276623410173, -0.00127494661137, 1.75862842298e-05, -0.00137770350557, 0.000593543110881, -0.00592123996466, 0.00723572354764, -0.0119216516614, 0.0245545264333, -0.0139199411497, 0.0110507644713, -0.00378741743043], [0.000223946408369, -0.0032615843229, 0.00204091053456, -0.00120753212832, 0.00265461392701, -0.000941746751778, 0.00613311911002, -0.0101837283, 0.0110671706498, -0.0139199411497, 0.0294501278549, -0.0137989968061, 0.0069383578375], [-0.000148634033394, 0.00288205430843, -0.00177585578058, 0.000970457796939, -0.00206087739207, 0.00202033203095, -0.00669221580029, 0.00790676660836, -0.00810531247407, 0.0110507644713, -0.0137989968061, 0.0275615844876, -0.0114354230464], [0.000504170486238, -0.00267282547429, 0.00319509301335, -0.00196368643083, 0.00203964533284, -0.00181952642743, 0.00660766521469, -0.0044664288871, 0.00320088188164, -0.00378741743043, 0.0069383578375, -0.0114354230464, 0.022337872535]]
    },
    "melbands": {
        "max": [0.00226912694052, 0.00507431617007, 0.00575766246766, 0.0455628558993, 0.0167120732367, 0.0229544509202, 0.0148046975955, 0.0117703219876, 0.00893362425268, 0.0079098911956, 0.00269353506155, 0.00125202839263, 0.00121529644821, 0.00101350608747, 0.00130032678135, 0.000943583901972, 0.000568639312405, 0.000759598624427, 0.00047032389557, 0.000300452898955, 0.000241325687966, 0.000199452319066, 0.000212069571717, 0.000128387240693, 0.00039110230864, 0.000245101458859, 0.000197300265427, 7.56782101234e-05, 4.85752498207e-05, 6.09828348388e-05, 0.000181094175787, 8.45178728923e-05, 1.57751910592e-05, 2.24021059694e-05, 1.36517337523e-05, 1.52974789671e-05, 1.35903401315e-05, 4.15084014094e-06, 7.19453055353e-07, 4.89116871449e-08],
        "mean": [9.15882119443e-05, 0.000241961548454, 0.000334801326972, 0.000563808076549, 0.000484236137709, 0.000446121324785, 0.000324815569911, 0.000295776844723, 0.000209409452509, 9.85598380794e-05, 7.20720345271e-05, 4.52382773801e-05, 3.99805358029e-05, 6.14520613453e-05, 5.89038354519e-05, 3.11738876917e-05, 3.43089704984e-05, 3.02092139464e-05, 2.70250111498e-05, 2.63260535576e-05, 2.13276089198e-05, 1.4901900613e-05, 1.24725011119e-05, 9.30930764298e-06, 1.10262108137e-05, 1.01729501694e-05, 6.84247743266e-06, 3.39022722073e-06, 2.55300665231e-06, 2.25002077059e-06, 3.15706324727e-06, 1.70303212599e-06, 9.60871375355e-07, 8.76293256624e-07, 6.96187953508e-07, 5.07464733346e-07, 2.9013918379e-07, 8.21622450076e-08, 1.62795323888e-08, 7.48184292299e-10],
        "min": [2.67095856543e-08, 1.61184861014e-08, 2.99791622638e-08, 4.47587780172e-08, 9.64289625927e-08, 4.62280134172e-08, 2.69030397959e-08, 8.99326835224e-09, 1.7568220656e-08, 1.9132247786e-08, 6.85717083115e-09, 2.21032125935e-09, 1.37338052042e-09, 2.33769714697e-09, 2.0054815586e-09, 5.74914160723e-09, 2.40719527644e-10, 4.74271247275e-11, 2.71858906914e-11, 9.328463349e-12, 1.65833978494e-11, 3.26348184587e-11, 6.96681948242e-11, 8.27772572709e-11, 1.32747735027e-09, 4.00584482252e-10, 6.42979669507e-10, 8.33660473987e-10, 5.89366389026e-10, 1.36535879824e-10, 8.02478049289e-12, 2.54453211973e-11, 2.26285604837e-11, 5.5148385858e-12, 3.27391586064e-12, 3.42644836115e-11, 1.33489799076e-11, 2.0958662323e-12, 3.37303600849e-12, 3.01024396382e-13],
        "stdev": [0.00017490623577, 0.000410034728702, 0.000572633289266, 0.00192778802011, 0.00114550907165, 0.00141400785651, 0.000887635396793, 0.000998881878331, 0.000638016092125, 0.000338349142112, 0.000215300198761, 9.68788663158e-05, 8.0040859757e-05, 0.000112530993647, 0.000120822318422, 5.94762459514e-05, 5.50146032765e-05, 5.15949941473e-05, 4.12533663621e-05, 3.7972433347e-05, 2.85607147816e-05, 2.0298984964e-05, 1.72107065737e-05, 1.38135101224e-05, 2.26417960221e-05, 1.92396419152e-05, 1.46219663293e-05, 5.55906626687e-06, 4.10783741245e-06, 4.13844918512e-06, 1.05161770989e-05, 3.87091904486e-06, 1.46366437548e-06, 1.6802943037e-06, 1.46819604652e-06, 1.43832778576e-06, 9.18760292734e-07, 2.57932669001e-07, 4.29928057599e-08, 2.18618079195e-09]
    },
    "melbands128": {
        "max": [0.000171664083609, 0.00116310862359, 0.0037351353094, 0.00704894633964, 0.00726589746773, 0.00565828662366, 0.0089960237965, 0.00675934785977, 0.0178765896708, 0.060348469764, 0.0735233128071, 0.0186969079077, 0.0205328650773, 0.0371578261256, 0.0336779728532, 0.0315210931003, 0.0205342918634, 0.0268247425556, 0.0133842620999, 0.0186830423772, 0.0258555691689, 0.0191281959414, 0.00938264280558, 0.0131154693663, 0.0151697490364, 0.00635518413037, 0.00675228144974, 0.00455956580117, 0.00228723930195, 0.00162673206069, 0.00192817533389, 0.00164386536926, 0.00206626718864, 0.00176830450073, 0.00133569538593, 0.00132135301828, 0.00309722055681, 0.00212528416887, 0.00108388427179, 0.00143263768405, 0.00105108658317, 0.00107311760075, 0.000682098907419, 0.000689017469995, 0.000901053252164, 0.00133991136681, 0.000488752441015, 0.000530812656507, 0.000780576549005, 0.000635767355561, 0.000336845288984, 0.000611887371633, 0.000509763718583, 0.000256448372966, 0.000258227344602, 0.000263878580881, 0.000349787122104, 0.000236820764258, 0.000233763450524, 0.000242804395384, 0.000237682819716, 0.000227748736506, 0.000382928265026, 0.000551018456463, 0.000582225271501, 0.000359348778147, 0.000289483461529, 0.00044485120452, 0.000246746087214, 0.000148414183059, 6.85372433509e-05, 7.76225351728e-05, 8.22510410217e-05, 7.47836893424e-05, 0.000119266609545, 0.000107351435872, 2.52581066889e-05, 6.50443616905e-05, 0.000363308005035, 0.000104056402051, 0.000217807086301, 4.74777589261e-05, 3.70350680896e-05, 1.33544535856e-05, 2.42272435571e-05, 2.78034713119e-05, 5.01394169987e-05, 1.85479166248e-05, 1.59696610353e-05, 2.39887831412e-05, 2.55580125668e-05, 2.09144218388e-05, 2.31852754951e-05, 1.92255411093e-05, 1.02786516436e-05, 7.26418602426e-06, 3.00191231872e-06, 1.19336618809e-06, 9.39714539072e-07, 3.46978367816e-07, 7.4307514808e-08, 8.85244411108e-09, 1.35007542923e-08, 3.34133343216e-09, 3.22937721009e-09, 3.1030578107e-09, 2.98254954068e-09, 2.89284640687e-09, 2.78310485768e-09, 2.66728683584e-09, 2.58324051039e-09, 2.50514631261e-09, 2.42310704834e-09, 2.33564345642e-09, 2.26832930217e-09, 2.19497597875e-09, 2.11731321365e-09, 2.08206762942e-09, 2.01695327107e-09, 1.96175276024e-09, 1.91538540584e-09, 1.88306858995e-09, 1.85027893007e-09, 1.81302617364e-09, 1.79814108048e-09, 1.76778591765e-09, 1.75736569741e-09, 1.7494247162e-09],
        "mean": [8.65507536219e-06, 3.64395891665e-05, 0.000123364079627, 0.000201947594178, 0.000234625171288, 0.000276615144685, 0.000325686385622, 0.000280152191408, 0.00043554516742, 0.00065043324139, 0.0006170112174, 0.000470357044833, 0.000476962421089, 0.000450015533715, 0.000486722245114, 0.000429813895607, 0.000343096529832, 0.000313334952807, 0.000284073350485, 0.000320168270264, 0.000292724813335, 0.000245971343247, 0.000217855907977, 0.000151878863107, 9.61538826232e-05, 7.68055761e-05, 9.4507013273e-05, 8.10607671156e-05, 4.27197737736e-05, 4.57595560874e-05, 4.83919939143e-05, 3.91824141843e-05, 3.46800443367e-05, 5.01587564941e-05, 3.17275298585e-05, 6.71216257615e-05, 0.000110872708319, 5.41650952073e-05, 3.49727815774e-05, 2.82506607618e-05, 2.93502234854e-05, 3.71758396795e-05, 3.26139706885e-05, 3.81345344067e-05, 2.77009639831e-05, 2.88367009489e-05, 3.23333370034e-05, 2.77954331978e-05, 2.48467476922e-05, 2.2676138542e-05, 2.90861844405e-05, 2.69704869424e-05, 2.26889605983e-05, 1.80556799023e-05, 1.94214844669e-05, 1.36157605084e-05, 1.25136275528e-05, 1.26607228594e-05, 1.37796241688e-05, 9.85062524705e-06, 9.81077937467e-06, 7.45238048694e-06, 1.04795853986e-05, 1.25748274513e-05, 9.82533947536e-06, 1.13729083751e-05, 9.47433727561e-06, 8.60047475726e-06, 6.3466472966e-06, 4.1101111492e-06, 3.80806136491e-06, 2.63660422206e-06, 2.47329739977e-06, 2.57189526565e-06, 2.54620658779e-06, 2.68882649834e-06, 1.80080678547e-06, 1.78671166395e-06, 4.7705561883e-06, 2.80965809907e-06, 1.81382245046e-06, 1.21794664665e-06, 1.08737037863e-06, 8.61638852712e-07, 9.80926301963e-07, 8.91094771305e-07, 9.30124258502e-07, 6.53721599519e-07, 7.49590697069e-07, 6.58694375488e-07, 5.41814074495e-07, 4.92810670494e-07, 3.8094805177e-07, 3.27573218328e-07, 2.12700058455e-07, 1.14505944282e-07, 5.3734904526e-08, 3.06915310944e-08, 2.00098089209e-08, 5.92014082201e-09, 8.0229084487e-10, 1.00664775127e-10, 1.19457638226e-10, 1.11094198077e-11, 9.70316275245e-12, 1.80845234621e-11, 1.07931536972e-11, 8.78020052497e-12, 7.79574061555e-12, 7.28189297056e-12, 7.03203944727e-12, 6.80079777216e-12, 6.56033734281e-12, 6.33444425385e-12, 6.1459730534e-12, 5.96289684296e-12, 5.77923646439e-12, 5.63858595232e-12, 5.50230304028e-12, 5.36457293518e-12, 5.21797839312e-12, 5.12368186073e-12, 5.04384815164e-12, 4.93900450052e-12, 4.82150907741e-12, 4.63871909634e-12, 4.53598226688e-12, 4.50336599608e-12],
        "min": [1.21011645149e-10, 6.39751718268e-09, 1.93972198304e-08, 1.57671742329e-08, 1.14775167148e-08, 8.91691698257e-09, 1.84187509689e-09, 1.80223196367e-08, 2.2498340968e-08, 1.71337770638e-08, 2.3381273806e-08, 2.51647520599e-08, 3.09760466166e-08, 3.54731035657e-08, 2.53521097449e-08, 2.27834462407e-09, 1.90355038399e-08, 1.47143897067e-08, 9.57186596651e-09, 6.58932552966e-09, 7.62686269695e-09, 1.84177184614e-09, 7.61424434614e-09, 2.33462849053e-08, 1.54940344999e-08, 4.61534011009e-09, 6.08330275043e-09, 7.15204429014e-09, 4.60229721e-09, 1.20765142331e-09, 2.20445861565e-09, 1.82093318202e-09, 1.23603693947e-09, 1.28262767074e-09, 6.48924414204e-10, 3.96013932757e-09, 2.3309316699e-09, 4.10034783904e-10, 1.04612940532e-09, 1.68566083314e-09, 1.0879004364e-09, 6.46103059943e-10, 2.34308433766e-10, 5.33942265402e-11, 1.49603975041e-11, 7.17539153094e-11, 5.26089970199e-11, 2.56468162679e-11, 1.78675303719e-11, 8.53978866788e-12, 7.1415503719e-12, 1.13977620744e-11, 1.47782255183e-11, 1.76494582838e-11, 2.20898091485e-11, 2.56747002131e-11, 3.89680371304e-11, 9.16668616013e-11, 4.7994292568e-11, 2.95239319104e-11, 5.67471764024e-11, 1.59536078792e-10, 1.14421888631e-10, 1.01386954388e-09, 2.53199433642e-10, 4.29866392482e-10, 4.06520705987e-10, 5.08939113075e-10, 6.1527849482e-10, 9.4987984145e-10, 4.47399728376e-10, 8.36136507254e-11, 8.43215663959e-10, 2.72213696029e-10, 2.96144414547e-10, 1.56182705657e-10, 2.50548644332e-11, 1.48553096907e-11, 6.13233118799e-12, 2.93236420389e-12, 2.83019896581e-12, 4.16272988302e-11, 6.8199737524e-11, 5.28041456047e-12, 2.96918587807e-12, 8.54721675381e-12, 4.04193475564e-12, 5.46906964161e-12, 2.66684092344e-12, 2.04291097927e-12, 4.04257443493e-12, 7.25988149805e-12, 2.17129283303e-11, 3.56186499566e-12, 4.07764447208e-12, 3.18690234792e-12, 6.41526382798e-13, 1.18514724944e-12, 2.12865402388e-12, 1.1971467654e-12, 2.9461304815e-13, 1.26474053669e-13, 1.18060604153e-13, 8.33717589323e-14, 9.08386186367e-14, 1.46903810731e-13, 1.27147722689e-13, 1.40948830298e-13, 1.11146613018e-13, 1.4446209257e-13, 1.34816840309e-13, 1.21569055278e-13, 1.41117220448e-13, 1.04424817046e-13, 1.26925244403e-13, 1.24450485182e-13, 1.14167464545e-13, 1.43301034016e-13, 1.51685792833e-13, 1.28755431881e-13, 1.36053210256e-13, 1.28132083394e-13, 1.19980075679e-13, 1.50665775429e-13, 1.10322084042e-13, 3.55660427053e-14, 4.50542753875e-15, 1.63998734069e-16],
        "stdev": [1.7488911908e-05, 8.25091701699e-05, 0.000267562951194, 0.000398721196689, 0.000485226511955, 0.000592962547671, 0.000728743616492, 0.00059441284975, 0.00112219073344, 0.00271582650021, 0.00285244663246, 0.00128758698702, 0.00141912663821, 0.00156831706408, 0.00213852990419, 0.00162150897086, 0.00106113986112, 0.00125182175543, 0.000983873382211, 0.00136770191602, 0.00136012525763, 0.00115462963004, 0.000659779587295, 0.000597070669755, 0.000513660663273, 0.000311147741741, 0.000372928450815, 0.000289088056888, 0.00012631129357, 0.000105814477138, 0.000120272474305, 0.000106078907265, 9.18737714528e-05, 0.000128581144963, 7.12035034667e-05, 0.000131822118419, 0.000272771867458, 0.000155355228344, 8.14292361611e-05, 7.88644392742e-05, 6.42313534627e-05, 7.83971554483e-05, 6.26636174275e-05, 7.09050655132e-05, 5.53340723854e-05, 7.06424252712e-05, 5.37476262252e-05, 4.82818468299e-05, 5.17972948728e-05, 4.49556391686e-05, 4.88507757836e-05, 4.84921874886e-05, 4.2797975766e-05, 2.72739962384e-05, 2.96602847811e-05, 2.28061271628e-05, 2.25777348533e-05, 2.06509612326e-05, 2.33105347434e-05, 1.70430321305e-05, 1.826962216e-05, 1.46899710671e-05, 2.12310333154e-05, 3.21360093949e-05, 2.49361746683e-05, 2.41814941546e-05, 2.02531409741e-05, 2.13130770135e-05, 1.62888009072e-05, 9.30213263928e-06, 6.82820336806e-06, 4.52427821074e-06, 4.41638485427e-06, 5.11098869538e-06, 6.85320810589e-06, 6.59114130031e-06, 2.84376687887e-06, 3.35282993547e-06, 2.22346952796e-05, 7.17061811883e-06, 7.97928259999e-06, 2.43215708906e-06, 2.04413186111e-06, 1.37938138778e-06, 2.02952401196e-06, 1.83802012543e-06, 2.39496034737e-06, 1.39888970807e-06, 1.70664293364e-06, 1.72258114617e-06, 1.58357215696e-06, 1.61843036039e-06, 1.3301795434e-06, 1.16423336749e-06, 6.24891185907e-07, 4.147829884e-07, 2.00352289426e-07, 8.78829311546e-08, 5.589827623e-08, 1.74899223992e-08, 3.47334427886e-09, 4.02207989136e-10, 5.41753197858e-10, 1.28220017936e-10, 1.23543397734e-10, 1.28728055993e-10, 1.14750091373e-10, 1.10779267704e-10, 1.07304914954e-10, 1.03149898345e-10, 9.96779325746e-11, 9.65029861577e-11, 9.31405508275e-11, 9.00595570341e-11, 8.74973982157e-11, 8.46926487275e-11, 8.2009433966e-11, 8.01814170615e-11, 7.81931672189e-11, 7.62762908391e-11, 7.41563824236e-11, 7.28413648843e-11, 7.15688897035e-11, 7.01953425941e-11, 6.96433258285e-11, 6.86098677871e-11, 6.80537917686e-11, 6.77111630654e-11]
    },
    "mfcc": {
        "mean": [-699.741516113, 126.540527344, -42.3335914612, 36.1193122864, -22.3400497437, 12.540099144, -24.2789993286, 10.8118810654, -17.9332504272, 10.1496629715, -10.2139120102, 5.77745771408, -7.17702579498],
        "cov": [[5294.82617188, 327.36730957, -650.806640625, 5.60627412796, -164.46546936, 74.6563339233, -173.048278809, 4.71191930771, -209.963043213, -203.9584198, -49.7023429871, -110.904975891, -112.086143494], [327.36730957, 1958.11352539, 594.865722656, 384.84576416, 136.74520874, -238.651092529, -128.644210815, -85.7983093262, -141.893081665, -122.918174744, 8.44344329834, -160.078094482, 101.001907349], [-650.806640625, 594.865722656, 1480.65148926, 716.251586914, 215.153640747, -70.5975952148, 23.6151599884, -5.13798284531, -96.7952041626, 13.1339416504, 9.0891418457, 7.67034816742, -3.28371715546], [5.60627412796, 384.84576416, 716.251586914, 764.063720703, 253.520370483, -60.2416419983, -31.1798038483, -13.2760133743, -92.9991455078, -5.46843719482, -21.0962772369, -35.2480659485, 20.2740440369], [-164.46546936, 136.74520874, 215.153640747, 253.520370483, 298.978820801, 17.7568969727, -46.3886528015, -27.3722610474, -9.98917293549, -0.774922370911, -16.1396827698, -28.4263420105, 12.0652456284], [74.6563339233, -238.651092529, -70.5975952148, -60.2416419983, 17.7568969727, 247.125396729, 91.0707778931, 27.4946022034, 48.9838485718, -6.05408763885, 25.4254493713, 38.339553833, -47.7791595459], [-173.048278809, -128.644210815, 23.6151599884, -31.1798038483, -46.3886528015, 91.0707778931, 219.955963135, 49.4444694519, 29.2203235626, 3.15696883202, 39.88854599, 41.2249908447, -20.3041725159], [4.71191930771, -85.7983093262, -5.13798284531, -13.2760133743, -27.3722610474, 27.4946022034, 49.4444694519, 114.012657166, 24.1516132355, 2.09170222282, 9.95864009857, 21.7452812195, -7.60707998276], [-209.963043213, -141.893081665, -96.7952041626, -92.9991455078, -9.98917293549, 48.9838485718, 29.2203235626, 24.1516132355, 115.104011536, 29.3612575531, 9.87887096405, 14.6058568954, -3.05907773972], [-203.9584198, -122.918174744, 13.1339416504, -5.46843719482, -0.774922370911, -6.05408763885, 3.15696883202, 2.09170222282, 29.3612575531, 125.933158875, 16.8566989899, 18.3135032654, 14.4925537109], [-49.7023429871, 8.44344329834, 9.0891418457, -21.0962772369, -16.1396827698, 25.4254493713, 39.88854599, 9.95864009857, 9.87887096405, 16.8566989899, 82.0821228027, 20.4085559845, -2.67129516602], [-110.904975891, -160.078094482, 7.67034816742, -35.2480659485, -28.4263420105, 38.339553833, 41.2249908447, 21.7452812195, 14.6058568954, 18.3135032654, 20.4085559845, 97.6052627563, -7.76649427414], [-112.086143494, 101.001907349, -3.28371715546, 20.2740440369, 12.0652456284, -47.7791595459, -20.3041725159, -7.60707998276, -3.05907773972, 14.4925537109, -2.67129516602, -7.76649427414, 81.9950256348]],
        "icov": [[0.000283732137177, -8.73328681337e-05, 0.000248700845987, -0.00024203133944, 0.000279555591987, -0.000297810765915, 0.000277024460956, -0.000181996016181, 0.000501079543028, 0.000137003036798, 2.03132713068e-05, 0.00012175829761, 0.000408955296734], [-8.73328681337e-05, 0.000925977888983, -0.000411380286096, 8.36516846903e-05, -0.000138566931128, 0.000507081858814, 5.7115808886e-05, 0.000276250648312, 8.71561423992e-05, 0.000877147191204, -0.000816171290353, 0.001068732352, -0.00101866701152], [0.000248700845987, -0.000411380286096, 0.00165594217833, -0.00143919850234, 0.00021928451315, -6.84400001774e-05, -0.000130607222673, -0.000165842429851, 0.000514923362061, -0.000374673458282, 3.44255095115e-05, -0.00078062992543, 0.00116162316408], [-0.00024203133944, 8.36516846903e-05, -0.00143919850234, 0.00350830703974, -0.00210916530341, 0.000469654769404, -0.000394538772525, -0.000419787858846, 0.00104519596789, -0.000252667348832, 0.000376300013158, 0.000454486551462, -0.000772651284933], [0.000279555591987, -0.000138566931128, 0.00021928451315, -0.00210916530341, 0.00568073196337, -0.00179027928971, 0.00141379318666, 0.000740559829865, -0.000618045160081, 0.000112841262307, 0.000332925206749, 0.000882806780282, -0.000325717410306], [-0.000297810765915, 0.000507081858814, -6.84400001774e-05, 0.000469654769404, -0.00179027928971, 0.0067790239118, -0.00223404238932, 0.00021725591796, -0.00206708186306, 0.00094814482145, -0.00110231828876, -0.00108810537495, 0.00214629480615], [0.000277024460956, 5.7115808886e-05, -0.000130607222673, -0.000394538772525, 0.00141379318666, -0.00223404238932, 0.00688771391287, -0.0018247946864, -4.33635104855e-05, 0.000608803995419, -0.00204467377625, -0.000601821520831, 0.000194275256945], [-0.000181996016181, 0.000276250648312, -0.000165842429851, -0.000419787858846, 0.000740559829865, 0.00021725591796, -0.0018247946864, 0.0105167264119, -0.00224812841043, 0.000589398376178, -0.000123449950479, -0.00110223493539, -0.000246945593972], [0.000501079543028, 8.71561423992e-05, 0.000514923362061, 0.00104519596789, -0.000618045160081, -0.00206708186306, -4.33635104855e-05, -0.00224812841043, 0.0127765890211, -0.00226008472964, 7.09872329026e-05, 0.000693815527484, -4.89047779411e-05], [0.000137003036798, 0.000877147191204, -0.000374673458282, -0.000252667348832, 0.000112841262307, 0.00094814482145, 0.000608803995419, 0.000589398376178, -0.00226008472964, 0.0102307740599, -0.00246036774479, -0.000431039632531, -0.00211798236705], [2.03132713068e-05, -0.000816171290353, 3.44255095115e-05, 0.000376300013158, 0.000332925206749, -0.00110231828876, -0.00204467377625, -0.000123449950479, 7.09872329026e-05, -0.00246036774479, 0.0148925250396, -0.00239004055038, 0.0004286931362], [0.00012175829761, 0.001068732352, -0.00078062992543, 0.000454486551462, 0.000882806780282, -0.00108810537495, -0.000601821520831, -0.00110223493539, 0.000693815527484, -0.000431039632531, -0.00239004055038, 0.0139463311061, -0.000963712809607], [0.000408955296734, -0.00101866701152, 0.00116162316408, -0.000772651284933, -0.000325717410306, 0.00214629480615, 0.000194275256945, -0.000246945593972, -4.89047779411e-05, -0.00211798236705, 0.0004286931362, -0.000963712809607, 0.0158662628382]]
    },
    "spectral_contrast_coeffs": {
        "max": [-0.342103362083, -0.500910460949, -0.577552855015, -0.596322059631, -0.548650383949, -0.443900078535],
        "mean": [-0.710230827332, -0.786169588566, -0.804607570171, -0.816185295582, -0.793695211411, -0.619035601616],
        "min": [-0.919046401978, -0.928013622761, -0.936423182487, -0.912881553173, -0.898139476776, -0.855503380299],
        "stdev": [0.0902560800314, 0.0725752413273, 0.0562139190733, 0.0468188561499, 0.046122469008, 0.0507208295166]
    },
    "spectral_contrast_valleys": {
        "max": [-5.61020565033, -4.26989412308, -5.31483221054, -5.85362052917, -5.87312269211, -9.64680099487],
        "mean": [-7.734395504, -6.90455245972, -7.53425312042, -7.58899068832, -7.68646192551, -12.5986166],
        "min": [-11.068611145, -10.6752309799, -11.4931116104, -13.6594438553, -11.8859987259, -16.0397930145],
        "stdev": [1.1972181797, 0.859069466591, 0.948021292686, 0.9579859972, 0.79786747694, 0.855823338032]
    }
},
"rhythm": {
    "beats_count": 53,
    "beats_loudness": {
        "max": 0.147068291903,
        "mean": 0.0248805582523,
        "min": 0.000214902975131,
        "stdev": 0.0278497245163
    },
    "bpm": 125.825950623,
    "bpm_histogram_first_peak_bpm": 126,
    "bpm_histogram_first_peak_weight": 0.320000052452,
    "bpm_histogram_second_peak_bpm": 98,
    "bpm_histogram_second_peak_spread": 0.5,
    "bpm_histogram_second_peak_weight": 0.173076927662,
    "danceability": 1.19690752029,
    "onset_rate": 3.75689315796,
    "beats_loudness_band_ratio": {
        "max": [0.666041910648, 0.899069011211, 0.803034007549, 0.491618990898, 0.631025314331, 0.873546302319],
        "mean": [0.191601336002, 0.246082812548, 0.235409855843, 0.158280491829, 0.163159877062, 0.0665929317474],
        "min": [0.000357777345926, 0.00413953932002, 0.00903458334506, 0.00301517103799, 0.000302483560517, 0.00011917953816],
        "stdev": [0.174747228622, 0.208511188626, 0.194857865572, 0.142397671938, 0.166869044304, 0.118775606155]
    },
    "beats_position": [0.580498874187, 1.16099774837, 1.764716506, 2.28716540337, 2.83283448219, 3.3785033226, 3.90095233917, 4.43501138687, 4.96907043457, 5.51473903656, 6.13006782532, 6.74539661407, 7.36072540283, 7.97605419159, 8.59138298035, 9.19510173798, 9.82204055786, 10.4605894089, 11.0991382599, 11.7376871109, 12.3646259308, 12.9915647507, 13.5836734772, 14.1757822037, 14.7678909302, 15.3716096878, 15.9753284454, 16.4513378143, 16.9273471832, 17.391746521, 17.8677539825, 18.3437633514, 18.8197727203, 19.2957820892, 19.7717914581, 20.247800827, 20.7238082886, 21.1998176575, 21.6758270264, 22.1518363953, 22.6278457642, 23.1038551331, 23.5682544708, 24.0442619324, 24.5202713013, 24.9962806702, 25.4955101013, 25.9831295013, 26.470746994, 26.9351463318, 27.4227657318, 27.9103851318, 28.3980045319],
