{
"metadata": {
    "version": {
        "essentia": "2.1-beta5",
        "essentia_git_sha": "Undefined",
        "extractor": "music 2.0"
    },
    "audio_properties": {
        "analysis": {
            "equal_loudness": 0,
            "length": 12.7477550507,
            "sample_rate": 44100,
            "start_time": 0,
            "downmix": "mix"
        },
        "bit_rate": 192000,
        "length": 186.142776489,
        "lossless": 0,
        "number_channels": 2,
        "replay_gain": -10.2042560577,
        "sample_rate": 48000,
        "codec": "mp3",
        "md5_encoded": "cfdbdc96c72b7aada87b4268e078e5c1"
    },
    "tags": {
        "file_name": "Austria_Nur Ein Lied_Thomas Forstner.mp3",
        "encoding": ["Lavf58.29.100"]
    }
},
"lowlevel": {
    "average_loudness": 0.980260372162,
    "barkbands_crest": {
        "max": 20.9751873016,
        "mean": 7.94060707092,
        "min": 3.00939011574,
        "stdev": 3.30693387985
    },
    "barkbands_flatness_db": {
        "max": 0.239467054605,
        "mean": 0.121978662908,
        "min": 0.0498293489218,
        "stdev": 0.0309105738997
    },
    "barkbands_kurtosis": {
        "max": 30.8669548035,
        "mean": 2.22784352303,
        "min": -1.40053367615,
        "stdev": 3.60463786125
    },
    "barkbands_skewness": {
        "max": 4.90935325623,
        "mean": 0.594576776028,
        "min": -2.94527029991,
        "stdev": 1.38722169399
    },
    "barkbands_spread": {
        "max": 50.5685577393,
        "mean": 19.5169696808,
        "min": 4.01018953323,
        "stdev": 7.55631923676
    },
    "dissonance": {
        "max": 0.499998241663,
        "mean": 0.471698373556,
        "min": 0.35766556859,
        "stdev": 0.025819260627
    },
    "dynamic_complexity": 9.59831428528,
    "erbbands_crest": {
        "max": 24.4703025818,
        "mean": 7.07002878189,
        "min": 2.83705329895,
        "stdev": 3.35956120491
    },
    "erbbands_flatness_db": {
        "max": 0.270384311676,
        "mean": 0.166594982147,
        "min": 0.0997736677527,
        "stdev": 0.0301340594888
    },
    "erbbands_kurtosis": {
        "max": 6.4305934906,
        "mean": 0.0228053871542,
        "min": -1.56436681747,
        "stdev": 1.06309390068
    },
    "erbbands_skewness": {
        "max": 2.64134716988,
        "mean": 0.0945536270738,
        "min": -1.3423871994,
        "stdev": 0.564538896084
    },
    "erbbands_spread": {
        "max": 66.0325698853,
        "mean": 32.0378608704,
        "min": 7.89336585999,
        "stdev": 9.75073337555
    },
    "hfc": {
        "max": 145.264373779,
        "mean": 20.6606636047,
        "min": 1.22046753908e-16,
        "stdev": 14.8385534286
    },
    "loudness_ebu128": {
        "integrated": -13.257443428,
        "loudness_range": 0.776396751404,
        "momentary": {
            "max": -10.5297403336,
            "mean": -19.9446353912,
            "min": -87.5668563843,
            "stdev": 20.7693748474
        },
        "short_term": {
            "max": -12.9350538254,
            "mean": -13.4324541092,
            "min": -15.5863962173,
            "stdev": 0.470707595348
        }
    },
    "melbands_crest": {
        "max": 26.9258918762,
        "mean": 9.37870979309,
        "min": 1.81230568886,
        "stdev": 4.79424190521
    },
    "melbands_flatness_db": {
        "max": 0.305056631565,
        "mean": 0.139945164323,
        "min": 0.00461043976247,
        "stdev": 0.0669321939349
    },
    "melbands_kurtosis": {
        "max": 53.577747345,
        "mean": 4.63559103012,
        "min": -1.44745993614,
        "stdev": 6.58976364136
    },
    "melbands_skewness": {
        "max": 5.18293523788,
        "mean": 1.49717998505,
        "min": -0.823286235332,
        "stdev": 1.1881519556
    },
    "melbands_spread": {
        "max": 173.724105835,
        "mean": 38.8198051453,
        "min": 3.80440592766,
        "stdev": 36.2916603088
    },
    "pitch_salience": {
        "max": 0.897574067116,
        "mean": 0.666070640087,
        "min": 0.323733538389,
        "stdev": 0.111987523735
    },
    "silence_rate_20dB": {
        "max": 1,
        "mean": 1,
        "min": 1,
        "stdev": 0
    },
    "silence_rate_30dB": {
        "max": 1,
        "mean": 0.994545459747,
        "min": 0,
        "stdev": 0.0736534893513
    },
    "silence_rate_60dB": {
        "max": 1,
        "mean": 0.110909089446,
        "min": 0,
        "stdev": 0.314021736383
    },
    "spectral_centroid": {
        "max": 11338.1328125,
        "mean": 1733.57446289,
        "min": 438.039978027,
        "stdev": 1104.90014648
    },
    "spectral_complexity": {
        "max": 55,
        "mean": 22.9090900421,
        "min": 0,
        "stdev": 9.33920288086
    },
    "spectral_decrease": {
        "max": 2.05880725651e-18,
        "mean": -5.98523408613e-09,
        "min": -3.44698243282e-08,
        "stdev": 4.54425075347e-09
    },
    "spectral_energy": {
        "max": 0.13688133657,
        "mean": 0.024463666603,
        "min": 1.11935623376e-20,
        "stdev": 0.0177879929543
    },
    "spectral_energyband_high": {
        "max": 0.0183658376336,
        "mean": 0.000674830866046,
        "min": 8.13412175101e-21,
        "stdev": 0.00157105259132
    },
    "spectral_energyband_low": {
        "max": 0.0229294169694,
        "mean": 0.00346846319735,
        "min": 7.22344974108e-23,
        "stdev": 0.0036203560885
    },
    "spectral_energyband_middle_high": {
        "max": 0.0284673478454,
        "mean": 0.00646255724132,
        "min": 1.75284277198e-21,
        "stdev": 0.00451267231256
    },
    "spectral_energyband_middle_low": {
        "max": 0.114781759679,
        "mean": 0.0146210882813,
        "min": 2.65892825625e-22,
        "stdev": 0.0156074538827
    },
    "spectral_entropy": {
        "max": 9.80884933472,
        "mean": 7.78287553787,
        "min": 6.67501163483,
        "stdev": 0.470079869032
    },
    "spectral_flux": {
        "max": 0.279697537422,
        "mean": 0.0764433145523,
        "min": 1.05799632943e-10,
        "stdev": 0.0398916043341
    },
    "spectral_kurtosis": {
        "max": 12.5902204514,
        "mean": 3.97472977638,
        "min": -1.16788423061,
        "stdev": 2.11449956894
    },
    "spectral_rms": {
        "max": 0.011556070298,
        "mean": 0.00443313084543,
        "min": 3.30462523665e-12,
        "stdev": 0.00205288641155
    },
    "spectral_rolloff": {
        "max": 18475.4882812,
        "mean": 3249.55541992,
        "min": 279.931640625,
        "stdev": 4506.50390625
    },
    "spectral_skewness": {
        "max": 2.50644516945,
        "mean": 1.45279049873,
        "min": -0.0138658359647,
        "stdev": 0.322417020798
    },
    "spectral_spread": {
        "max": 39723372,
        "mean": 4582801.5,
        "min": 2550925,
        "stdev": 2811719.25
    },
    "spectral_strongpeak": {
        "max": 8.64192390442,
        "mean": 1.06769704819,
        "min": 0,
        "stdev": 1.15083658695
    },
    "zerocrossingrate": {
        "max": 0.779296875,
        "mean": 0.115094989538,
        "min": 0.01611328125,
        "stdev": 0.145494401455
    },
    "barkbands": {
        "max": [0.0005830686423, 0.00479953270406, 0.017815746367, 0.0198350548744, 0.0473797656596, 0.0773566365242, 0.0391803309321, 0.0315584540367, 0.00777810160071, 0.0259690470994, 0.0186269693077, 0.0146536258981, 0.0072902101092, 0.0205015111715, 0.00415891222656, 0.00694623822346, 0.00404471065849, 0.00564137566835, 0.00582871027291, 0.0020882000681, 0.00371869513765, 0.00471504125744, 0.00510542653501, 0.00744215166196, 0.0025465877261, 9.91370397969e-05, 1.35976260935e-05],
        "mean": [5.54049911443e-05, 0.000630108697806, 0.00207478296943, 0.00144372112118, 0.00376544822939, 0.00472953775898, 0.00181987159885, 0.00168070360087, 0.00106954644434, 0.000580941385124, 0.000559955660719, 0.00135420914739, 0.000679668213706, 0.00110349082388, 0.00052665383555, 0.000549790682271, 0.000381217745598, 0.000432450935477, 0.000247847201535, 0.000171769046574, 0.000188589590834, 0.000141494936543, 0.000108800020826, 0.000117519593914, 4.50367879239e-05, 5.06568994751e-06, 2.99960021266e-08],
        "min": [1.03654153579e-23, 3.77353822823e-23, 2.61849219288e-23, 1.92077974764e-23, 2.8418774064e-23, 5.04634352624e-23, 4.20260566992e-23, 8.46729153764e-23, 2.98045155291e-23, 4.92237214172e-23, 4.1401853153e-23, 8.49618593488e-23, 1.96423310931e-22, 8.69553108563e-23, 2.90341934863e-22, 1.31809922994e-22, 1.53746933078e-22, 2.03113457252e-22, 3.38408706565e-22, 3.1425451771e-22, 4.75259185687e-22, 6.34400223417e-22, 6.72814745519e-22, 1.03868843336e-21, 1.06950050728e-21, 1.85716789751e-21, 2.31547624201e-21],
        "stdev": [8.23179216241e-05, 0.000789943384007, 0.00257735932246, 0.00252945092507, 0.00605135271326, 0.00812287349254, 0.00334743596613, 0.00301733519882, 0.00123429240193, 0.00163541431539, 0.00115875422489, 0.00204903562553, 0.000867648341227, 0.00167988648172, 0.000494991836604, 0.000570144620724, 0.000357615208486, 0.000519530207384, 0.000330132024828, 0.000189008656889, 0.000322083040373, 0.000333843490807, 0.000344940373907, 0.00048903899733, 0.000156025460456, 8.05205672805e-06, 5.79273205403e-07]
    },
    "erbbands": {
        "max": [0.112746670842, 1.36050379276, 16.8957614899, 33.4875335693, 84.7321014404, 272.096191406, 933.128967285, 715.249389648, 626.53894043, 471.694824219, 634.366394043, 225.56842041, 419.739562988, 798.774475098, 409.745819092, 438.832794189, 363.550292969, 1163.7779541, 454.650085449, 169.144546509, 475.800048828, 233.816879272, 208.98600769, 264.486541748, 208.679977417, 104.906669617, 126.575782776, 160.311294556, 171.100204468, 114.779319763, 121.195266724, 195.859725952, 107.118743896, 43.4349441528, 7.91271495819, 0.483841776848, 0.219436049461, 0.0159717667848, 0.00193281669635, 0.000210778365727],
        "mean": [0.0134707102552, 0.195917218924, 1.98478066921, 3.885648489, 7.41664791107, 14.23944664, 30.5622692108, 35.707572937, 25.860660553, 30.577293396, 35.6967430115, 23.8566989899, 19.8156738281, 21.6967220306, 36.6406288147, 41.904586792, 33.6461830139, 47.5536460876, 39.6175537109, 28.1211624146, 32.000793457, 22.6364383698, 22.9306564331, 16.9373207092, 11.0689525604, 8.88286781311, 7.89249134064, 6.34509086609, 5.38373565674, 4.08548164368, 2.81405329704, 2.83576798439, 1.63625371456, 0.671648263931, 0.224442228675, 0.0428024865687, 0.00684881722555, 0.000340438738931, 2.89413364953e-05, 3.13315103995e-05],
        "min": [1.63344149218e-21, 6.90858743444e-21, 2.58229922173e-20, 3.88238092919e-20, 1.22470901004e-19, 8.31708650925e-20, 2.13606533118e-19, 4.34855723958e-19, 6.18138113088e-19, 1.4003978553e-18, 1.16923241035e-18, 5.98116413156e-19, 1.29729527201e-18, 1.69371289518e-18, 2.16831500946e-18, 3.68232188259e-18, 6.23048815551e-18, 6.58236499783e-18, 8.4615803832e-18, 1.61236046776e-17, 6.57157111801e-18, 7.51693185186e-18, 1.15250785234e-17, 1.26154845505e-17, 1.77603916234e-17, 1.90828548995e-17, 1.2805468912e-17, 2.09553469609e-17, 2.00403164586e-17, 2.247245907e-17, 2.07447815185e-17, 2.15216761673e-17, 1.78926065182e-17, 1.21086072962e-17, 7.82577627717e-18, 6.68404865617e-18, 3.43097912436e-18, 1.50751371212e-18, 3.43418481113e-19, 3.18430866997e-20],
        "stdev": [0.0208077784628, 0.230532303452, 2.43469500542, 5.27003622055, 10.197924614, 28.5399932861, 70.8319702148, 66.9018707275, 51.3494758606, 46.0969657898, 61.9264221191, 30.1555595398, 34.7393379211, 49.6917037964, 48.6905136108, 56.9998779297, 41.7760887146, 88.9543762207, 41.6468963623, 23.1755905151, 37.0416793823, 20.5166225433, 23.0606460571, 19.7853717804, 12.6737823486, 9.4727935791, 12.0905065536, 13.5508184433, 12.8899745941, 10.9789886475, 8.59277534485, 12.1137781143, 6.90165376663, 2.71255731583, 0.543882191181, 0.0579954273999, 0.0146737266332, 0.00102181138936, 8.6356405518e-05, 2.22863236559e-05]
    },
    "gfcc": {
        "mean": [-83.3619918823, 78.044960022, -143.014877319, 29.1963825226, -65.2694702148, 12.9578933716, -47.3434829712, 4.00843048096, -24.5945796967, 1.43994021416, -12.8188552856, -3.24864053726, -8.75320148468],
        "cov": [[89153.015625, 18184.4238281, -5748.55859375, 3385.81591797, -2373.49780273, -9.63260936737, -2191.14379883, -986.320251465, -776.324768066, -1077.67443848, -321.756195068, -1339.21386719, -259.71862793], [18184.4238281, 4936.84814453, -832.813171387, 662.935546875, -362.83581543, -347.163757324, -466.381835938, -349.454620361, -145.93019104, -314.100891113, -32.0481262207, -324.957855225, -18.6218986511], [-5748.55859375, -832.813171387, 771.444946289, -142.114059448, 160.89112854, -150.046325684, 87.2411651611, -2.06561183929, 9.25566101074, 38.7144126892, 22.2104110718, 68.2877655029, -10.3096351624], [3385.81591797, 662.935546875, -142.114059448, 301.751098633, -41.5595626831, 36.021736145, -101.414138794, -44.381362915, -29.7160835266, -59.2022247314, -24.8001213074, -87.0914840698, -0.0343860983849], [-2373.49780273, -362.83581543, 160.89112854, -41.5595626831, 180.10369873, 11.2200269699, 68.4485244751, 16.4207401276, 17.280714035, 23.03307724, 2.98587703705, 37.1276664734, 20.4577388763], [-9.63260936737, -347.163757324, -150.046325684, 36.021736145, 11.2200269699, 196.03326416, 40.853225708, 54.2789115906, 9.36035633087, 23.6833171844, -15.6973724365, -6.21686410904, -5.4425330162], [-2191.14379883, -466.381835938, 87.2411651611, -101.414138794, 68.4485244751, 40.853225708, 139.107803345, 65.2588729858, 36.9626655579, 40.8658218384, 7.1040558815, 43.1908073425, -8.62664222717], [-986.320251465, -349.454620361, -2.06561183929, -44.381362915, 16.4207401276, 54.2789115906, 65.2588729858, 90.5133666992, 33.7660293579, 40.1285552979, -2.97223901749, 20.4139862061, -6.53626060486], [-776.324768066, -145.93019104, 9.25566101074, -29.7160835266, 17.280714035, 9.36035633087, 36.9626655579, 33.7660293579, 67.6868515015, 23.8324508667, 3.37233710289, 3.48972153664, 15.8477525711], [-1077.67443848, -314.100891113, 38.7144126892, -59.2022247314, 23.03307724, 23.6833171844, 40.8658218384, 40.1285552979, 23.8324508667, 73.8037948608, 14.667637825, 33.8491592407, -13.2459478378], [-321.756195068, -32.0481262207, 22.2104110718, -24.8001213074, 2.98587703705, -15.6973724365, 7.1040558815, -2.97223901749, 3.37233710289, 14.667637825, 40.5071601868, 23.851556778, 7.8798365593], [-1339.21386719, -324.957855225, 68.2877655029, -87.0914840698, 37.1276664734, -6.21686410904, 43.1908073425, 20.4139862061, 3.48972153664, 33.8491592407, 23.851556778, 96.2191696167, 10.004450798], [-259.71862793, -18.6218986511, -10.3096351624, -0.0343860983849, 20.4577388763, -5.4425330162, -8.62664222717, -6.53626060486, 15.8477525711, -13.2459478378, 7.8798365593, 10.004450798, 61.7270469666]],
        "icov": [[0.000503558199853, -0.00142325903289, 0.00119154562708, -0.00155576283578, 0.0021779446397, -0.0013031543931, 0.00142943300307, -0.00107867829502, 0.00144845491741, -0.000968050735537, 0.00124828307889, -0.00147684989497, 0.000636743032373], [-0.00142325903289, 0.0049060927704, -0.00224971561693, 0.00314613408409, -0.00618838332593, 0.00597237283364, -0.00429221568629, 0.00416098861024, -0.00415871338919, 0.00364203169011, -0.0041918233037, 0.00502335559577, -0.000893825606909], [0.00119154562708, -0.00224971561693, 0.00647547235712, -0.00509505020455, 0.00332560669631, 0.00183742039371, 0.00218657730147, -0.00104807934258, 0.00376247568056, -0.00178643281106, 0.00218692747876, -0.00255379267037, 0.00345330266282], [-0.00155576283578, 0.00314613408409, -0.00509505020455, 0.0127144940197, -0.007887089625, -0.00113782356493, -2.5841047318e-05, 0.00140290777199, -0.00445486605167, 0.00437378650531, -0.00366621185094, 0.00654998701066, -0.00229338021018], [0.0021779446397, -0.00618838332593, 0.00332560669631, -0.007887089625, 0.0189900994301, -0.0068391431123, 0.00129368377384, -0.00201187445782, 0.00693210074678, -0.00664100190625, 0.00810097716749, -0.00771701801568, -0.00206932402216], [-0.0013031543931, 0.00597237283364, 0.00183742039371, -0.00113782356493, -0.0068391431123, 0.0184988062829, -0.00768845062703, 0.00218143803068, -0.00115633103997, 0.00148306170013, -0.00243900716305, 0.00669586705044, -0.000479620241094], [0.00142943300307, -0.00429221568629, 0.00218657730147, -2.5841047318e-05, 0.00129368377384, -0.00768845062703, 0.0234199855477, -0.0114988218993, -0.00158543721773, 0.00165454763919, 0.000712003151421, -0.00675695110112, 0.00779982144013], [-0.00107867829502, 0.00416098861024, -0.00104807934258, 0.00140290777199, -0.00201187445782, 0.00218143803068, -0.0114988218993, 0.0278955437243, -0.00873162504286, -0.00407961755991, 0.00204512407072, 0.0025159874931, -0.000554136873689], [0.00144845491741, -0.00415871338919, 0.00376247568056, -0.00445486605167, 0.00693210074678, -0.00115633103997, -0.00158543721773, -0.00873162504286, 0.0291662793607, -0.0109623838216, 0.00423884158954, 0.00188661215361, -0.00876725185663], [-0.000968050735537, 0.00364203169011, -0.00178643281106, 0.00437378650531, -0.00664100190625, 0.00148306170013, 0.00165454763919, -0.00407961755991, -0.0109623838216, 0.0307328216732, -0.0118548069149, -0.00168662471697, 0.0100567759946], [0.00124828307889, -0.0041918233037, 0.00218692747876, -0.00366621185094, 0.00810097716749, -0.00243900716305, 0.000712003151421, 0.00204512407072, 0.00423884158954, -0.0118548069149, 0.0373631827533, -0.0104212677106, -0.00494581181556], [-0.00147684989497, 0.00502335559577, -0.00255379267037, 0.00654998701066, -0.00771701801568, 0.00669586705044, -0.00675695110112, 0.0025159874931, 0.00188661215361, -0.00168662471697, -0.0104212677106, 0.0241948086768, -0.00608860002831], [0.000636743032373, -0.000893825606909, 0.00345330266282, -0.00229338021018, -0.00206932402216, -0.000479620241094, 0.00779982144013, -0.000554136873689, -0.00876725185663, 0.0100567759946, -0.00494581181556, -0.00608860002831, 0.0268873777241]]
    },
    "melbands": {
        "max": [0.00111963180825, 0.00590530550107, 0.00728296255693, 0.00970902107656, 0.024700557813, 0.0140813170001, 0.00817042030394, 0.00540465163067, 0.00412712758407, 0.00121490960009, 0.00203534634784, 0.00335346907377, 0.00222731591202, 0.00209424365312, 0.00125038065016, 0.00140515703242, 0.00199250201695, 0.000955970608629, 0.000235871208133, 0.000173909545993, 0.000575981975999, 0.000243189919274, 0.000285889604129, 0.000401006022003, 0.00023722932383, 0.000201929273317, 0.000101005251054, 5.89299379499e-05, 7.94725565356e-05, 6.35919859633e-05, 0.000117048650282, 0.000112577006803, 6.32937080809e-05, 8.14981758595e-05, 5.27827833139e-05, 0.000108976266347, 0.000121544624562, 7.88141405792e-05, 5.26043804712e-05, 2.83773824776e-05],
        "mean": [0.000145372294355, 0.000757807691116, 0.000765175500419, 0.000790114048868, 0.000960303877946, 0.000818076659925, 0.000391849316657, 0.000359996600309, 0.000265232753009, 0.000143719284097, 9.77155505097e-05, 8.71396841831e-05, 0.000102832775156, 0.000169129256392, 7.40584873711e-05, 7.90480698925e-05, 8.665646601e-05, 7.11350221536e-05, 3.850338544e-05, 3.40520055033e-05, 3.64691113646e-05, 2.25617495744e-05, 2.03400486498e-05, 2.2503787477e-05, 1.25749747895e-05, 1.01660180007e-05, 6.42687427899e-06, 5.28241298525e-06, 5.25386849404e-06, 3.82266853194e-06, 3.63120466318e-06, 3.14425619763e-06, 2.53260054706e-06, 2.24315817832e-06, 1.56074759161e-06, 1.70815553702e-06, 1.67312930444e-06, 1.2309341173e-06, 8.12065763967e-07, 4.89567241857e-07],
        "min": [1.27083054251e-23, 1.11128444995e-23, 1.06082054452e-23, 6.79773827145e-24, 6.46377795153e-24, 9.74026912288e-24, 9.24439746874e-24, 1.76275197566e-23, 7.93518103347e-24, 3.9105586343e-24, 6.66879264561e-24, 6.97108098904e-24, 6.65130281048e-24, 9.63473767756e-24, 1.13977345156e-23, 1.77183066027e-23, 1.13248445569e-23, 9.7539353492e-24, 2.85489361134e-23, 1.3301510682e-23, 6.77389100629e-24, 8.40893697213e-24, 7.39700907988e-24, 1.18984355762e-23, 9.14200726755e-24, 1.50335399964e-23, 9.92132847784e-24, 1.28352899427e-23, 6.76446096303e-24, 8.22675033493e-24, 1.3713491712e-23, 1.06837002227e-23, 1.26116328877e-23, 1.14286468191e-23, 1.13001760875e-23, 1.21620515915e-23, 1.4589551724e-23, 1.48035128896e-23, 8.01451519699e-24, 1.08233191366e-23],
        "stdev": [0.000196403023438, 0.000870906922501, 0.000982693163678, 0.00118315441068, 0.00201987987384, 0.00141550414264, 0.000737454043701, 0.000533855461981, 0.000432114611613, 0.000173547974555, 0.000177247682586, 0.000208188343095, 0.000157096335897, 0.000277692859527, 0.000109744672955, 0.000125222286442, 0.000154444904183, 8.7907705165e-05, 3.53325522156e-05, 2.70263662969e-05, 4.58790091216e-05, 2.37943859247e-05, 1.9885628717e-05, 3.35472177539e-05, 1.56512778631e-05, 1.26089807964e-05, 7.84143412602e-06, 5.93529102844e-06, 7.84336862125e-06, 6.82674817654e-06, 8.71450720297e-06, 8.00731868367e-06, 5.58606006962e-06, 6.74640796205e-06, 4.25953021477e-06, 6.68515986035e-06, 7.61387309467e-06, 5.06921878696e-06, 3.79309881282e-06, 1.74812510068e-06]
    },
    "melbands128": {
        "max": [0.000487593875732, 0.000946555403061, 0.0021638572216, 0.00229419232346, 0.00825146026909, 0.0081930058077, 0.00884443148971, 0.0113229546696, 0.0100023047999, 0.00883524958044, 0.0211917385459, 0.0189969502389, 0.0466478541493, 0.0285975430161, 0.0180834084749, 0.0227849241346, 0.0140926465392, 0.0106634059921, 0.00743745174259, 0.00719826621935, 0.00740541610867, 0.0121610686183, 0.00464776949957, 0.00165971461684, 0.00275909900665, 0.00173153367359, 0.00192666356452, 0.00328064197674, 0.00473349355161, 0.00501725077629, 0.00425876583904, 0.00586066860706, 0.00234785443172, 0.00257331691682, 0.00450903782621, 0.00186973519158, 0.00143830233719, 0.00213640090078, 0.00188916304614, 0.000857355247717, 0.000501358183101, 0.00557415978983, 0.00262717041187, 0.000413841684349, 0.00216986355372, 0.000813171733171, 0.000778115936555, 0.000387218926335, 0.000363762286725, 0.00040532508865, 0.00021409796318, 0.00029536272632, 0.00151399732567, 0.000279196858173, 0.000179568916792, 0.000442866410594, 0.000388427142752, 0.000377810414648, 0.000206843120395, 0.000265828042757, 0.000599395483732, 0.000597380334511, 0.000256141298451, 0.000294633122394, 0.000362830323866, 0.000260302069364, 0.000157062604558, 9.31004833546e-05, 0.000142325516208, 0.000117640018289, 8.11674108263e-05, 5.80411215196e-05, 7.76264932938e-05, 0.000128358049551, 0.000137068142067, 8.2612838014e-05, 8.76021586009e-05, 0.000114933856821, 0.000160122799571, 0.000109794353193, 0.000140705931699, 9.48840679484e-05, 7.5171723438e-05, 5.93887452851e-05, 8.14132436062e-05, 6.8276807724e-05, 0.000145943515236, 5.49338983546e-05, 5.4162403103e-05, 6.67618660373e-05, 8.29004711704e-05, 0.000153489236254, 9.61584228207e-05, 0.000199213434826, 5.94316079514e-05, 5.74792356929e-05, 0.000122059689602, 5.06488722749e-05, 5.45914081158e-05, 8.14950326458e-05, 4.17991250288e-05, 1.69971299329e-05, 1.61570751516e-05, 1.26440463646e-05, 9.05289016373e-06, 4.50782454209e-06, 1.92168158719e-06, 8.82817744241e-07, 7.20979016933e-07, 6.15281919636e-07, 1.39759072226e-06, 1.04118373656e-06, 4.71786535172e-07, 1.1135814475e-06, 2.56950244193e-07, 6.74365452369e-08, 6.67075710226e-08, 6.37015844518e-08, 6.17878086473e-08, 6.01147647217e-08, 5.86293857907e-08, 5.73526435232e-08, 5.62502542323e-08, 5.52966348266e-08, 5.44817702064e-08, 5.38355600099e-08, 5.33672341874e-08, 5.30840864599e-08],
        "mean": [4.2865438445e-05, 9.47696680669e-05, 0.000152471227921, 0.00030634176801, 0.000911868060939, 0.000991495791823, 0.000774746120442, 0.000722527038306, 0.000674328533933, 0.000902174622752, 0.000786230841186, 0.000651060894597, 0.00109323684592, 0.00127605267335, 0.000820831453893, 0.000622938561719, 0.000387836451409, 0.000381292746169, 0.000333284260705, 0.000325097760651, 0.000371259695385, 0.000488565594424, 0.000169502585777, 0.000167353704455, 0.000178655202035, 0.000102711353975, 0.000148665742017, 6.68997963658e-05, 9.83823920251e-05, 8.97821155377e-05, 7.26548532839e-05, 9.74394133664e-05, 0.00010331372323, 5.27548399987e-05, 0.000299344683299, 0.000155160421855, 4.53237225884e-05, 8.5570034571e-05, 8.45097019919e-05, 6.18969643256e-05, 4.55236404378e-05, 0.00015933252871, 8.05444578873e-05, 3.46340966644e-05, 0.000132770030177, 5.8754987549e-05, 3.81759164156e-05, 3.70714624296e-05, 3.71139431081e-05, 4.34774992755e-05, 2.50246430369e-05, 2.96922571579e-05, 6.21360886726e-05, 2.42111364059e-05, 1.72413892869e-05, 2.76349182968e-05, 1.87724417628e-05, 2.51577057497e-05, 1.85655371752e-05, 1.71869178303e-05, 2.51037618e-05, 2.70908640232e-05, 9.17924535315e-06, 8.37944116938e-06, 1.73624666786e-05, 9.7789315987e-06, 7.35565754439e-06, 5.24523693457e-06, 5.77766240895e-06, 8.63047989696e-06, 5.67752795178e-06, 3.37015922014e-06, 4.19744992541e-06, 7.15978103472e-06, 4.20729429607e-06, 3.47204263562e-06, 3.90471632272e-06, 3.53445943801e-06, 3.88989110434e-06, 3.31106753038e-06, 3.42229918715e-06, 2.74453032034e-06, 3.11913254336e-06, 2.60562478616e-06, 1.96289352061e-06, 2.1725534225e-06, 2.78481388705e-06, 1.57967247105e-06, 1.51201300014e-06, 1.37978577186e-06, 1.46984984895e-06, 1.81524910658e-06, 2.15520481106e-06, 1.8249841105e-06, 1.25447718347e-06, 1.22191408991e-06, 1.44819716752e-06, 8.79146227817e-07, 8.75163834735e-07, 8.17434340661e-07, 3.54753495913e-07, 5.46077103536e-07, 4.55972894997e-07, 3.44932459484e-07, 2.4113813879e-07, 1.52596655312e-07, 1.3236376617e-07, 7.2965313791e-08, 5.58687176522e-08, 4.46561010392e-08, 6.54208989204e-08, 2.11597779298e-08, 1.17585132742e-08, 1.00728287933e-08, 4.49641479605e-09, 1.17945264666e-09, 3.28485599832e-10, 1.19520490727e-10, 1.15843917792e-10, 1.12701833976e-10, 1.09908832036e-10, 1.07512700132e-10, 1.05436007147e-10, 1.03624574199e-10, 1.02075715935e-10, 1.00821594129e-10, 9.99215571396e-11, 9.93870749588e-11],
        "min": [5.73531775924e-24, 1.45678059843e-23, 1.60987641203e-23, 8.57729566652e-24, 1.23769633345e-23, 1.21965153467e-23, 4.77446229971e-24, 1.36649404788e-23, 1.50697045357e-23, 3.42136311001e-24, 5.32842212104e-24, 1.87029178196e-24, 5.40544413324e-24, 1.48108130084e-23, 8.95270510498e-24, 8.81355161903e-24, 6.48809064463e-24, 1.28100408717e-23, 7.46830396191e-24, 1.47902363606e-23, 2.68272093224e-23, 1.35116553386e-23, 4.46778355091e-24, 3.81578922388e-24, 1.42557657423e-24, 6.42941872037e-24, 4.16670926441e-24, 7.59857250749e-24, 7.42346037489e-24, 6.77318260919e-24, 5.02501438397e-24, 1.02207643002e-23, 5.10832677304e-24, 3.61721597353e-24, 1.51996851471e-23, 7.83667833882e-24, 7.8331576526e-24, 1.25556016754e-23, 1.59454016717e-23, 3.11472400146e-24, 3.12146959051e-23, 1.92018336879e-23, 4.79026831124e-24, 1.3010421008e-23, 7.33189097873e-24, 9.78070455516e-24, 9.11448785487e-24, 3.68241090973e-23, 3.11672348776e-23, 1.88868005077e-23, 1.06680082016e-23, 1.09628946632e-23, 2.8222569763e-24, 5.66807407239e-24, 1.366430939e-23, 7.6801446694e-24, 4.93315350371e-24, 7.79883983664e-24, 5.70876549003e-24, 1.20404116065e-23, 1.5229608219e-23, 8.23716645432e-24, 9.82401459658e-24, 8.47199377973e-24, 1.04297532756e-23, 1.83821740753e-23, 1.52424145869e-23, 1.00678120593e-23, 4.50882995596e-24, 1.57966098832e-23, 1.90177829724e-23, 8.45040186789e-24, 2.83227669308e-24, 8.72194672413e-24, 8.10081342458e-24, 7.5194032159e-24, 7.24819362555e-24, 1.14443972159e-23, 2.18991873589e-23, 5.72447999369e-24, 1.18595589331e-23, 1.05536044377e-23, 1.16355973778e-23, 9.81875841636e-24, 1.86806601091e-23, 1.11677050423e-23, 1.03181933552e-23, 9.88467957791e-24, 9.2891574365e-24, 1.53723809987e-23, 1.01799967575e-23, 1.56789544346e-23, 6.85432010874e-24, 1.48236603971e-23, 1.68213796421e-23, 1.98009530351e-23, 1.56868335773e-23, 7.69726452876e-24, 5.2454935128e-24, 9.18607067113e-24, 1.25241040371e-23, 1.06152483954e-23, 9.67472819229e-24, 7.76984840951e-24, 6.18983850801e-24, 9.21299212724e-24, 1.03260535653e-23, 1.86589837892e-23, 1.18628642603e-23, 8.05316070387e-24, 7.7660934316e-24, 1.03748525009e-23, 1.33866461286e-23, 1.04503796217e-23, 1.05989773504e-23, 1.12485435635e-23, 1.24690084138e-23, 1.36992827494e-23, 1.17578723958e-23, 8.05351648014e-24, 1.23514626169e-23, 1.0126530132e-23, 9.0877793912e-24, 1.06030328843e-23, 7.91706799823e-24, 5.88810000063e-24, 1.10278889131e-23, 1.66565976431e-23],
        "stdev": [7.2020207881e-05, 0.000165676246979, 0.000294324592687, 0.000393615599023, 0.00121294008568, 0.00125157355797, 0.00114837323781, 0.00139031617437, 0.0011430864688, 0.00140437006485, 0.00210872874595, 0.00189026433509, 0.00331680080853, 0.00241556786932, 0.00173038057983, 0.00203387741931, 0.00101099780295, 0.000920985185076, 0.000686800689436, 0.000645554158837, 0.000713300425559, 0.00104259431828, 0.000436982751125, 0.000253670674283, 0.000326509471051, 0.000167443329701, 0.000263434078079, 0.000204353447771, 0.000296245852951, 0.000278324267128, 0.00024726826814, 0.000287903356366, 0.000202071809326, 0.00013683445286, 0.000556033162866, 0.000270809105132, 0.000108917345642, 0.000174607412191, 0.000157322152518, 0.000105930361315, 6.24563108431e-05, 0.000450756779173, 0.000194726439076, 3.98297088395e-05, 0.000227248368901, 7.32658663765e-05, 5.65099981031e-05, 4.89733429276e-05, 4.11281653214e-05, 5.17367589055e-05, 2.84521083813e-05, 3.26179178955e-05, 0.000112386718683, 2.85031110252e-05, 2.34392791754e-05, 3.90187378798e-05, 2.54339101957e-05, 3.18127786159e-05, 2.11993101402e-05, 2.37335443671e-05, 4.85446144012e-05, 5.22826012457e-05, 1.52797474584e-05, 1.60605613928e-05, 2.60201086348e-05, 1.55575016834e-05, 1.08097592602e-05, 7.59138538342e-06, 1.00709421531e-05, 1.10525370474e-05, 7.39458482713e-06, 5.06409378431e-06, 6.53587721899e-06, 1.15444818221e-05, 1.02452686406e-05, 7.3204569162e-06, 7.64915603213e-06, 8.98204143596e-06, 1.15402153824e-05, 7.32887656341e-06, 9.89507952909e-06, 8.16521878733e-06, 6.94066466167e-06, 5.86129181102e-06, 5.58029023523e-06, 7.29308385417e-06, 9.48412798607e-06, 4.07999004892e-06, 4.02119530918e-06, 4.47995853392e-06, 5.25893756276e-06, 8.77365346241e-06, 7.28241275283e-06, 1.07993673737e-05, 5.25872246726e-06, 5.35472690899e-06, 6.35646711089e-06, 3.52387928615e-06, 4.29717238148e-06, 4.40843496108e-06, 2.06156573768e-06, 1.5459044107e-06, 1.39041583225e-06, 9.09123400561e-07, 5.96859365487e-07, 3.15319965694e-07, 1.9248274441e-07, 1.16786125659e-07, 8.57365520801e-08, 6.24310416697e-08, 1.42441990647e-07, 6.06867089914e-08, 3.54141924674e-08, 6.15051973796e-08, 2.01615968365e-08, 4.31270263945e-09, 2.89741985959e-09, 2.71362288196e-09, 2.6321014257e-09, 2.56083199091e-09, 2.49755638393e-09, 2.44316855635e-09, 2.39620812081e-09, 2.35558572648e-09, 2.32087438157e-09, 2.29334817803e-09, 2.27339902459e-09, 2.2613373396e-09]
    },
    "mfcc": {
        "mean": [-678.521240234, 106.570449829, -18.6761054993, 13.9423475266, -0.490326583385, 2.72292685509, -7.91564559937, -2.59874796867, -7.52307796478, -2.23640847206, -2.77606940269, -0.354640096426, -3.27095961571],
        "cov": [[42985.1796875, 7652.45800781, -1109.11999512, 1025.5246582, -112.156021118, 148.516876221, -563.852172852, -245.32572937, -638.718444824, -203.984176636, -165.980270386, -30.4693698883, -272.33102417], [7652.45800781, 2581.49267578, -50.6517562866, 460.214996338, -16.1898422241, -87.1680984497, -200.885528564, -127.023384094, -210.965957642, -113.301872253, -98.6949920654, -38.8251075745, -24.3532238007], [-1109.11999512, -50.6517562866, 336.304656982, 105.705505371, 25.2819442749, -46.6388511658, -14.6604776382, -42.4663391113, -35.9860115051, -34.9681510925, -1.74109852314, -24.6939277649, -21.4239196777], [1025.5246582, 460.214996338, 105.705505371, 226.193878174, 55.5942611694, -14.0106716156, -31.4542675018, -37.0361061096, -48.3462219238, -24.4786262512, -26.9252929688, -21.8070888519, -22.3917598724], [-112.156021118, -16.1898422241, 25.2819442749, 55.5942611694, 114.779502869, 36.9674377441, 9.8693189621, -11.527598381, 11.2390317917, -0.39762404561, -21.790561676, -19.3840465546, -18.0065879822], [148.516876221, -87.1680984497, -46.6388511658, -14.0106716156, 36.9674377441, 85.2913970947, 33.7651023865, 17.9940547943, 18.7300052643, 11.2106599808, 3.22533106804, 8.10926818848, -7.42597007751], [-563.852172852, -200.885528564, -14.6604776382, -31.4542675018, 9.8693189621, 33.7651023865, 74.8423080444, 30.7247047424, 19.3550338745, 15.4571590424, 16.6460952759, 9.44467926025, -1.86285161972], [-245.32572937, -127.023384094, -42.4663391113, -37.0361061096, -11.527598381, 17.9940547943, 30.7247047424, 61.520904541, 32.1582145691, 9.96683979034, 6.34525203705, 12.9243717194, 12.0403823853], [-638.718444824, -210.965957642, -35.9860115051, -48.3462219238, 11.2390317917, 18.7300052643, 19.3550338745, 32.1582145691, 83.2619018555, 39.6425170898, 8.40620803833, 6.17099523544, 10.298664093], [-203.984176636, -113.301872253, -34.9681510925, -24.4786262512, -0.39762404561, 11.2106599808, 15.4571590424, 9.96683979034, 39.6425170898, 65.1435470581, 24.7357215881, 5.3634557724, -5.36835289001], [-165.980270386, -98.6949920654, -1.74109852314, -26.9252929688, -21.790561676, 3.22533106804, 16.6460952759, 6.34525203705, 8.40620803833, 24.7357215881, 59.7999763489, 20.5315246582, -0.326715052128], [-30.4693698883, -38.8251075745, -24.6939277649, -21.8070888519, -19.3840465546, 8.10926818848, 9.44467926025, 12.9243717194, 6.17099523544, 5.3634557724, 20.5315246582, 50.6826972961, 23.5941162109], [-272.33102417, -24.3532238007, -21.4239196777, -22.3917598724, -18.0065879822, -7.42597007751, -1.86285161972, 12.0403823853, 10.298664093, -5.36835289001, -0.326715052128, 23.5941162109, 57.8304367065]],
        "icov": [[6.8883804488e-05, -0.000193890402443, 0.000164991084603, 2.94044166367e-05, 5.36852530786e-05, -0.000304101384245, 0.000231606813031, -0.000134316491312, 0.000180297720362, -4.04102793254e-05, -0.000104278158688, -8.03750372143e-05, 0.000324676308082], [-0.000193890402443, 0.001633709413, 0.000657043652609, -0.00249869399704, 0.000845508417115, 0.000822321337182, 0.000759065384045, 0.000817034218926, 0.000416965514887, 0.000632448587567, 0.000607695197687, 0.000248948839726, -0.000839631771669], [0.000164991084603, 0.000657043652609, 0.0059044668451, -0.0040965564549, 0.000555626465939, 0.00179697549902, 0.000337957404554, 0.0022093099542, 3.43067877111e-05, 0.00337434536777, -0.00198745680973, 0.000706314458512, 0.0016172460746], [2.94044166367e-05, -0.00249869399704, -0.0040965564549, 0.0126442816108, -0.00594100123271, 0.00046838200069, -0.000659789016936, -0.00201131799258, 0.00243420572951, -0.003073110478, 0.000964889943134, -0.000854723970406, 0.000707654457074], [5.36852530786e-05, 0.000845508417115, 0.000555626465939, -0.00594100123271, 0.0165700633079, -0.00723158707842, -0.00125875312369, 0.00551419705153, -0.00471524568275, 0.00171300931834, 0.00408541969955, 0.00278352992609, 0.00144271261524], [-0.000304101384245, 0.000822321337182, 0.00179697549902, 0.00046838200069, -0.00723158707842, 0.0210168808699, -0.00696632126346, -0.00103296351153, -0.00144391681533, 0.00108009227552, 0.000239605651586, -0.0041205896996, 0.00223894813098], [0.000231606813031, 0.000759065384045, 0.000337957404554, -0.000659789016936, -0.00125875312369, -0.00696632126346, 0.0246287193149, -0.0101333558559, 0.0046581979841, -0.00231883814558, -0.00376101653092, -0.000519960245583, 0.00204278575256], [-0.000134316491312, 0.000817034218926, 0.0022093099542, -0.00201131799258, 0.00551419705153, -0.00103296351153, -0.0101333558559, 0.029660500586, -0.0113310720772, 0.00575808435678, 0.00163466087542, -0.00163473479915, -0.0019376486307], [0.000180297720362, 0.000416965514887, 3.43067877111e-05, 0.00243420572951, -0.00471524568275, -0.00144391681533, 0.0046581979841, -0.0113310720772, 0.0273988805711, -0.0149592356756, 0.00255023594946, 0.000921018538065, -0.00379384099506], [-4.04102793254e-05, 0.000632448587567, 0.00337434536777, -0.003073110478, 0.00171300931834, 0.00108009227552, -0.00231883814558, 0.00575808435678, -0.0149592356756, 0.0297701079398, -0.010268853046, 0.000957888085395, 0.00451344717294], [-0.000104278158688, 0.000607695197687, -0.00198745680973, 0.000964889943134, 0.00408541969955, 0.000239605651586, -0.00376101653092, 0.00163466087542, 0.00255023594946, -0.010268853046, 0.0275714900345, -0.0102038858458, 0.00315494905226], [-8.03750372143e-05, 0.000248948839726, 0.000706314458512, -0.000854723970406, 0.00278352992609, -0.0041205896996, -0.000519960245583, -0.00163473479915, 0.000921018538065, 0.000957888085395, -0.0102038858458, 0.0319980941713, -0.012869338505], [0.000324676308082, -0.000839631771669, 0.0016172460746, 0.000707654457074, 0.00144271261524, 0.00223894813098, 0.00204278575256, -0.0019376486307, -0.00379384099506, 0.00451344717294, 0.00315494905226, -0.012869338505, 0.0269093234092]]
    },
    "spectral_contrast_coeffs": {
        "max": [-0.308639496565, -0.472665429115, -0.584465205669, -0.641449451447, -0.673219680786, -0.667748630047],
        "mean": [-0.688848316669, -0.778741180897, -0.782692730427, -0.805464029312, -0.797074615955, -0.754516720772],
        "min": [-0.968463778496, -0.95973110199, -0.967552900314, -0.963435471058, -0.963200867176, -0.959082305431],
        "stdev": [0.108094848692, 0.0889075994492, 0.0828572511673, 0.0608495473862, 0.0537870749831, 0.0632333680987]
    },
    "spectral_contrast_valleys": {
        "max": [-5.08511257172, -4.68527841568, -5.24026441574, -5.90010404587, -5.79028463364, -7.53479099274],
        "mean": [-8.02006244659, -7.35095739365, -7.93379545212, -7.87072372437, -8.08341503143, -10.9624252319],
        "min": [-27.3786125183, -27.4447860718, -26.9778118134, -27.3370876312, -27.175239563, -27.2522087097],
        "stdev": [3.50460767746, 3.23924684525, 3.01728630066, 2.97767996788, 2.70603275299, 2.18901228905]
    }
},
"rhythm": {
    "beats_count": 25,
    "beats_loudness": {
        "max": 0.127015963197,
        "mean": 0.0293449349701,
        "min": 4.01221555979e-10,
        "stdev": 0.0243806373328
    },
    "bpm": 139.674819946,
    "bpm_histogram_first_peak_bpm": 140,
    "bpm_histogram_first_peak_weight": 0,
    "bpm_histogram_second_peak_bpm": 112,
    "bpm_histogram_second_peak_spread": 0.25,
    "bpm_histogram_second_peak_weight": 0.25,
    "danceability": 1.23241961002,
    "onset_rate": 1.48910236359,
    "beats_loudness_band_ratio": {
        "max": [0.678923547268, 0.835963845253, 0.541592597961, 0.414558917284, 0.564316987991, 0.898863077164],
        "mean": [0.166450455785, 0.270640850067, 0.140478760004, 0.150519996881, 0.129651427269, 0.169682145119],
        "min": [0.00441591348499, 0.00230772374198, 0.00517181539908, 0.0246406160295, 0.0193503964692, 0.00581280933693],
        "stdev": [0.168944358826, 0.234656974673, 0.120534650981, 0.118165403605, 0.11355946213, 0.297983080149]
    },
    "beats_position": [0.53405892849, 1.07972788811, 1.62539684772, 2.13623571396, 2.6470746994, 3.15791368484, 3.66875267029, 4.17959165573, 4.71365070343, 5.24770975113, 5.78176879883, 6.31582736969, 6.84988641739, 7.38394546509, 7.81351470947, 8.24308395386, 8.67265319824, 9.10222244263, 9.53179073334, 9.96135997772, 10.3909292221, 10.8204984665, 11.2500677109, 11.6796369553, 12.1092061996],
