{
"metadata": {
    "version": {
        "essentia": "2.1-beta5",
        "essentia_git_sha": "Undefined",
        "extractor": "music 2.0"
    },
    "audio_properties": {
        "analysis": {
            "equal_loudness": 0,
            "length": 97.5005874634,
            "sample_rate": 44100,
            "start_time": 12.7477550507,
            "downmix": "mix"
        },
        "bit_rate": 192000,
        "length": 183.437652588,
        "lossless": 0,
        "number_channels": 2,
        "replay_gain": -12.4186191559,
        "sample_rate": 48000,
        "codec": "mp3",
        "md5_encoded": "0546e0d5bb136d255dac761b4abe77d2"
    },
    "tags": {
        "file_name": "Ireland_The Real Me_Kiev Connolly and the Missing Passengers.mp3",
        "encoding": ["Lavf58.29.100"]
    }
},
"lowlevel": {
    "average_loudness": 0.961777150631,
    "barkbands_crest": {
        "max": 25.6787166595,
        "mean": 9.82064819336,
        "min": 2.73558473587,
        "stdev": 4.07985782623
    },
    "barkbands_flatness_db": {
        "max": 0.335910767317,
        "mean": 0.149120792747,
        "min": 0.0413164459169,
        "stdev": 0.0377235114574
    },
    "barkbands_kurtosis": {
        "max": 67.804901123,
        "mean": 2.69308328629,
        "min": -1.8786239624,
        "stdev": 4.90475320816
    },
    "barkbands_skewness": {
        "max": 6.722468853,
        "mean": 1.4062410593,
        "min": -2.13030385971,
        "stdev": 0.927831947803
    },
    "barkbands_spread": {
        "max": 86.6505737305,
        "mean": 20.7440814972,
        "min": 1.19564402103,
        "stdev": 12.1446685791
    },
    "dissonance": {
        "max": 0.499882996082,
        "mean": 0.46322080493,
        "min": 0.31939047575,
        "stdev": 0.0236623492092
    },
    "dynamic_complexity": 2.07453107834,
    "erbbands_crest": {
        "max": 28.3639392853,
        "mean": 8.9939622879,
        "min": 2.49994921684,
        "stdev": 4.4569401741
    },
    "erbbands_flatness_db": {
        "max": 0.350341260433,
        "mean": 0.186087742448,
        "min": 0.0806652531028,
        "stdev": 0.0351292304695
    },
    "erbbands_kurtosis": {
        "max": 41.4623947144,
        "mean": -0.0891710743308,
        "min": -1.79426538944,
        "stdev": 1.84126532078
    },
    "erbbands_skewness": {
        "max": 5.54195642471,
        "mean": 0.295435100794,
        "min": -2.78884577751,
        "stdev": 0.754227697849
    },
    "erbbands_spread": {
        "max": 124.788917542,
        "mean": 38.2179489136,
        "min": 3.72863984108,
        "stdev": 15.857509613
    },
    "hfc": {
        "max": 112.297996521,
        "mean": 19.8348464966,
        "min": 0.742048740387,
        "stdev": 14.0098714828
    },
    "loudness_ebu128": {
        "integrated": -10.9666137695,
        "loudness_range": 2.09538650513,
        "momentary": {
            "max": -7.74828910828,
            "mean": -11.2293205261,
            "min": -17.8716239929,
            "stdev": 1.59933924675
        },
        "short_term": {
            "max": -9.65870380402,
            "mean": -11.0374250412,
            "min": -14.102104187,
            "stdev": 0.82917714119
        }
    },
    "melbands_crest": {
        "max": 32.170009613,
        "mean": 12.9397745132,
        "min": 3.84761118889,
        "stdev": 4.56844854355
    },
    "melbands_flatness_db": {
        "max": 0.363841354847,
        "mean": 0.189057484269,
        "min": 0.0370915643871,
        "stdev": 0.0511798039079
    },
    "melbands_kurtosis": {
        "max": 154.434936523,
        "mean": 8.96973228455,
        "min": -1.78228974342,
        "stdev": 10.2604732513
    },
    "melbands_skewness": {
        "max": 10.4452571869,
        "mean": 2.3269162178,
        "min": -0.811387717724,
        "stdev": 1.14571869373
    },
    "melbands_spread": {
        "max": 183.417953491,
        "mean": 24.2451343536,
        "min": 1.55654513836,
        "stdev": 18.2493724823
    },
    "pitch_salience": {
        "max": 0.832256436348,
        "mean": 0.564543485641,
        "min": 0.13231022656,
        "stdev": 0.100693278015
    },
    "silence_rate_20dB": {
        "max": 1,
        "mean": 1,
        "min": 1,
        "stdev": 0
    },
    "silence_rate_30dB": {
        "max": 1,
        "mean": 1,
        "min": 1,
        "stdev": 0
    },
    "silence_rate_60dB": {
        "max": 1,
        "mean": 0.00476190494373,
        "min": 0,
        "stdev": 0.068843588233
    },
    "spectral_centroid": {
        "max": 4356.38769531,
        "mean": 1313.84631348,
        "min": 325.518035889,
        "stdev": 583.48638916
    },
    "spectral_complexity": {
        "max": 51,
        "mean": 20.8371429443,
        "min": 1,
        "stdev": 7.67144393921
    },
    "spectral_decrease": {
        "max": -2.94370333664e-10,
        "mean": -6.10562933545e-09,
        "min": -3.36779457655e-08,
        "stdev": 3.85728515795e-09
    },
    "spectral_energy": {
        "max": 0.133658155799,
        "mean": 0.0248431228101,
        "min": 0.00118788029067,
        "stdev": 0.015315159224
    },
    "spectral_energyband_high": {
        "max": 0.0159489419311,
        "mean": 0.000687674095389,
        "min": 5.609254913e-06,
        "stdev": 0.00145464530215
    },
    "spectral_energyband_low": {
        "max": 0.0426371097565,
        "mean": 0.00362052419223,
        "min": 3.01632062474e-05,
        "stdev": 0.00487247155979
    },
    "spectral_energyband_middle_high": {
        "max": 0.0446103736758,
        "mean": 0.00496737705544,
        "min": 9.57606243901e-05,
        "stdev": 0.00406970689073
    },
    "spectral_energyband_middle_low": {
        "max": 0.130553424358,
        "mean": 0.0165266636759,
        "min": 0.000472283398267,
        "stdev": 0.0134229203686
    },
    "spectral_entropy": {
        "max": 8.59008407593,
        "mean": 7.50192737579,
        "min": 6.18271398544,
        "stdev": 0.328025192022
    },
    "spectral_flux": {
        "max": 0.249528855085,
        "mean": 0.0836518332362,
        "min": 0.0152621883899,
        "stdev": 0.0310582835227
    },
    "spectral_kurtosis": {
        "max": 19.8898029327,
        "mean": 3.94588589668,
        "min": -0.670889854431,
        "stdev": 2.60299825668
    },
    "spectral_rms": {
        "max": 0.0114192031324,
        "mean": 0.0046969964169,
        "min": 0.0010765256593,
        "stdev": 0.00147495302372
    },
    "spectral_rolloff": {
        "max": 9000.87890625,
        "mean": 1570.04284668,
        "min": 150.732421875,
        "stdev": 1388.39758301
    },
    "spectral_skewness": {
        "max": 2.89997625351,
        "mean": 1.27785158157,
        "min": -0.0953342616558,
        "stdev": 0.389925479889
    },
    "spectral_spread": {
        "max": 11442851,
        "mean": 3570838.5,
        "min": 1937710.875,
        "stdev": 1104812.875
    },
    "spectral_strongpeak": {
        "max": 12.1045560837,
        "mean": 1.14624857903,
        "min": 0.0273276586086,
        "stdev": 1.15509974957
    },
    "zerocrossingrate": {
        "max": 0.28076171875,
        "mean": 0.0570224151015,
        "min": 0.0126953125,
        "stdev": 0.0325922966003
    },
    "barkbands": {
        "max": [0.000403213663958, 0.0339006260037, 0.0161511022598, 0.0334100052714, 0.058237247169, 0.0557380616665, 0.0810347720981, 0.100242622197, 0.0477159395814, 0.024767819792, 0.0233106948435, 0.0164484102279, 0.0149349533021, 0.00738842319697, 0.0141921946779, 0.0169781669974, 0.00833703018725, 0.00571852643043, 0.00523996446282, 0.00824173539877, 0.00852676294744, 0.0080747185275, 0.00510387634858, 0.00356725021265, 0.000793854880612, 0.000620802689809, 1.59853573223e-06],
        "mean": [2.31996818911e-05, 0.00176908040885, 0.000991927809082, 0.00187252485193, 0.00487513793632, 0.00237516756169, 0.00308203441091, 0.00284767267294, 0.00119046727195, 0.000583016138989, 0.000775760156102, 0.000482139352243, 0.00030264511588, 0.000384121609386, 0.000580771709792, 0.000640524551272, 0.000450429681223, 0.000350584130501, 0.000420497817686, 0.000246095529292, 0.000197949251742, 0.000179640861461, 0.000123580772197, 7.36577421776e-05, 1.83900810953e-05, 6.1662999542e-06, 5.8563891514e-09],
        "min": [2.99392972636e-08, 2.03626063922e-06, 2.64232767222e-06, 2.11110818782e-06, 2.94416222459e-05, 5.05280877405e-06, 9.54395909503e-06, 5.49215292267e-06, 8.17299223854e-06, 2.79137157122e-06, 5.77851824346e-06, 4.31500939158e-06, 2.0160459826e-06, 2.15686168303e-06, 4.69919541501e-06, 6.67352833261e-06, 2.65708240477e-06, 3.46503338733e-06, 3.25634096043e-06, 4.27033137385e-06, 1.83135512088e-06, 6.27112058282e-07, 1.88948817481e-07, 1.11200648689e-07, 6.03255188025e-08, 2.49976950251e-09, 9.16995299138e-12],
        "stdev": [3.01015425066e-05, 0.003759205807, 0.00142558757216, 0.00338937574998, 0.0057067447342, 0.00408336753026, 0.00658541172743, 0.00680691516027, 0.00260094809346, 0.00119067938067, 0.00128361780662, 0.00104785209987, 0.000628399371635, 0.000679765129462, 0.000910634524189, 0.0011258397717, 0.000575920334086, 0.000470059894724, 0.000548640382476, 0.000400809105486, 0.000438696559286, 0.000453532062238, 0.000371404486941, 0.000261887238594, 5.85044872423e-05, 2.59459775407e-05, 3.89795111744e-08]
    },
    "erbbands": {
        "max": [0.762485384941, 9.08807563782, 21.5115776062, 64.2274932861, 247.515518188, 286.069000244, 572.307678223, 526.565002441, 661.94744873, 2388.76391602, 1789.39746094, 695.458435059, 1002.19970703, 1071.89904785, 933.245056152, 793.827636719, 633.932617188, 432.154052734, 387.563446045, 739.531860352, 436.350189209, 560.665649414, 377.458709717, 240.891036987, 347.570739746, 191.171279907, 257.775390625, 374.01550293, 284.614868164, 157.090164185, 147.373092651, 102.245368958, 54.9809799194, 11.5785837173, 4.79528665543, 4.14230966568, 0.792927801609, 0.0301251094788, 0.000850580167025, 0.000151424246724],
        "mean": [0.0365392118692, 0.450172573328, 1.17782175541, 3.94228982925, 11.1765794754, 17.8557338715, 19.134513855, 17.1115074158, 33.8790664673, 59.6487426758, 58.9219512939, 27.090555191, 20.7228069305, 26.2916545868, 23.2150268555, 21.2705459595, 15.5663604736, 20.9580440521, 23.2794647217, 36.2225265503, 27.5531234741, 24.625087738, 21.3436641693, 16.2815876007, 23.8991241455, 10.7099351883, 7.93227481842, 7.79382944107, 6.54025220871, 4.97277975082, 3.34011864662, 1.96971797943, 0.955813884735, 0.257514983416, 0.116029188037, 0.043734267354, 0.00801251363009, 0.000317503116094, 2.43580016104e-05, 3.09314309561e-05],
        "min": [6.34792086203e-05, 0.000980954268016, 0.00571722723544, 0.0215159133077, 0.0859201699495, 0.0991391539574, 0.0888415127993, 0.0460165590048, 0.161475151777, 0.141544640064, 0.179598227143, 0.237572565675, 0.157542005181, 0.194056600332, 0.154320761561, 0.257243424654, 0.176080241799, 0.165997639298, 0.225129052997, 0.339458167553, 0.354306548834, 0.180614069104, 0.243641078472, 0.129881650209, 0.240636974573, 0.221977457404, 0.106050491333, 0.0641196146607, 0.0245459061116, 0.00884927995503, 0.00538026588038, 0.00375047093257, 0.00120945007075, 0.000674520619214, 0.000519745692145, 0.000114402995678, 5.82534403293e-06, 6.36215190752e-07, 1.02139836144e-06, 1.46328045503e-06],
        "stdev": [0.077387675643, 0.963591814041, 1.85647535324, 6.18181467056, 17.7461433411, 24.5992546082, 30.7377738953, 29.880777359, 63.218334198, 132.235168457, 138.792785645, 47.1586952209, 46.9347724915, 45.9845428467, 48.7543106079, 46.347618103, 26.8027935028, 36.0966072083, 31.8665142059, 52.0924530029, 36.1812477112, 32.3630561829, 28.1103363037, 20.3725376129, 34.3039741516, 14.8333978653, 15.6730365753, 18.7795352936, 16.9262008667, 12.5263767242, 10.5390291214, 6.9805893898, 3.49108219147, 0.887618303299, 0.349483758211, 0.163013324142, 0.0389677658677, 0.00164183380548, 4.3559972255e-05, 1.8316837668e-05]
    },
    "gfcc": {
        "mean": [-6.72205781937, 119.410636902, -148.812393188, 43.1501502991, -70.0830459595, 1.06991398335, -42.5133972168, 0.57382786274, -19.0578327179, -6.83473348618, -12.9759502411, -8.18088531494, -5.63060617447],
        "cov": [[1648.24401855, -774.734741211, 12.3185653687, 95.497467041, -249.202468872, 115.195755005, -109.980033875, 59.0377655029, -44.7831954956, 105.049560547, -123.964187622, 66.5226516724, -119.838386536], [-774.734741211, 1019.36523438, -172.483184814, -149.351425171, 296.065093994, -166.879180908, 196.832931519, -20.3409290314, 141.33203125, -73.7456130981, 175.477844238, -73.2507705688, 115.969230652], [12.3185653687, -172.483184814, 386.745361328, 83.3002090454, -50.6700515747, 120.475112915, -51.6218910217, 0.902712702751, -54.177734375, 6.75463867188, -39.0552101135, 35.9906196594, -27.5355300903], [95.497467041, -149.351425171, 83.3002090454, 254.867385864, 28.0756511688, 39.7389678955, -25.1236991882, -15.3763942719, 1.58206939697, -27.286863327, -32.2024002075, 0.67893409729, 11.5248861313], [-249.202468872, 296.065093994, -50.6700515747, 28.0756511688, 274.682220459, -1.51095664501, 67.5925598145, 45.6543693542, 51.272983551, 6.28067111969, 42.2209091187, 0.383398294449, 46.4398040771], [115.195755005, -166.879180908, 120.475112915, 39.7389678955, -1.51095664501, 203.139862061, 40.6922187805, 37.8087730408, -46.1019058228, 26.2446746826, -22.3897666931, 31.6195716858, -12.7048254013], [-109.980033875, 196.832931519, -51.6218910217, -25.1236991882, 67.5925598145, 40.6922187805, 193.554885864, 38.2267417908, 27.8536758423, 11.8533697128, 30.1919631958, -9.56024456024, 11.0264844894], [59.0377655029, -20.3409290314, 0.902712702751, -15.3763942719, 45.6543693542, 37.8087730408, 38.2267417908, 104.558990479, 44.0161018372, 44.9553909302, 4.85943746567, 14.3589744568, -2.51640963554], [-44.7831954956, 141.33203125, -54.177734375, 1.58206939697, 51.272983551, -46.1019058228, 27.8536758423, 44.0161018372, 148.416976929, 30.8627433777, 44.9605751038, -6.76035308838, 27.0771179199], [105.049560547, -73.7456130981, 6.75463867188, -27.286863327, 6.28067111969, 26.2446746826, 11.8533697128, 44.9553909302, 30.8627433777, 103.142967224, 19.4670066833, 28.5689525604, -13.318564415], [-123.964187622, 175.477844238, -39.0552101135, -32.2024002075, 42.2209091187, -22.3897666931, 30.1919631958, 4.85943746567, 44.9605751038, 19.4670066833, 115.314361572, 29.0586261749, 35.9046516418], [66.5226516724, -73.2507705688, 35.9906196594, 0.67893409729, 0.383398294449, 31.6195716858, -9.56024456024, 14.3589744568, -6.76035308838, 28.5689525604, 29.0586261749, 93.4746932983, 25.6164684296], [-119.838386536, 115.969230652, -27.5355300903, 11.5248861313, 46.4398040771, -12.7048254013, 11.0264844894, -2.51640963554, 27.0771179199, -13.318564415, 35.9046516418, 25.6164684296, 87.3175735474]],
        "icov": [[0.00109657610301, 0.000273078330792, 0.000609616748989, -0.000502488925122, 0.000686424609739, -0.000339287566021, 0.000245415576501, -0.00046391034266, -0.000223828683374, -0.000552512065042, 0.000573238881771, -0.000874484423548, 0.000948036264163], [0.000273078330792, 0.0085109397769, -0.00254325964488, 0.0054247318767, -0.00686095189303, 0.0040496266447, -0.00599354878068, 0.00447739940137, -0.00355585571378, 0.00569576583803, -0.00713587645441, 0.00614968826994, -0.00422121118754], [0.000609616748989, -0.00254325964488, 0.00497881835327, -0.00288257212378, 0.00291247386485, -0.00358800613321, 0.00313164945692, -0.00162586639635, 0.00109708518721, -0.00193931756075, 0.00277741369791, -0.00354053871706, 0.0029122219421], [-0.000502488925122, 0.0054247318767, -0.00288257212378, 0.00891016423702, -0.00591121707112, 0.00163428869564, -0.00344651006162, 0.00474264333025, -0.00386407831684, 0.0053211315535, -0.00335129373707, 0.00424441555515, -0.00388314458542], [0.000686424609739, -0.00686095189303, 0.00291247386485, -0.00591121707112, 0.0112286619842, -0.00335995457135, 0.00413060747087, -0.00636260211468, 0.00291158189066, -0.00510106841102, 0.00521422643214, -0.00490791583434, 0.00220199394971], [-0.000339287566021, 0.0040496266447, -0.00358800613321, 0.00163428869564, -0.00335995457135, 0.0108716767281, -0.00563687738031, -0.000702963094227, 0.00174061243888, 0.00141166883986, -0.00299342931248, 0.00205180235207, -0.0028263644781], [0.000245415576501, -0.00599354878068, 0.00313164945692, -0.00344651006162, 0.00413060747087, -0.00563687738031, 0.0114945406094, -0.00468204915524, 0.00193372357171, -0.00374521478079, 0.00366489985026, -0.0030403973069, 0.00335006997921], [-0.00046391034266, 0.00447739940137, -0.00162586639635, 0.00474264333025, -0.00636260211468, -0.000702963094227, -0.00468204915524, 0.0191745515913, -0.00717763183638, -0.000437786366092, -0.0010865611257, 0.00153511436656, -0.00114101334475], [-0.000223828683374, -0.00355585571378, 0.00109708518721, -0.00386407831684, 0.00291158189066, 0.00174061243888, 0.00193372357171, -0.00717763183638, 0.0134183457121, -0.00548501266167, -0.000529664859641, 0.000906270754058, -0.0015206024982], [-0.000552512065042, 0.00569576583803, -0.00193931756075, 0.0053211315535, -0.00510106841102, 0.00141166883986, -0.00374521478079, -0.000437786366092, -0.00548501266167, 0.0194484479725, -0.00686263525859, 0.00026918479125, 0.0011521151755], [0.000573238881771, -0.00713587645441, 0.00277741369791, -0.00335129373707, 0.00521422643214, -0.00299342931248, 0.00366489985026, -0.0010865611257, -0.000529664859641, -0.00686263525859, 0.0201498530805, -0.0101824216545, 0.00169863540214], [-0.000874484423548, 0.00614968826994, -0.00354053871706, 0.00424441555515, -0.00490791583434, 0.00205180235207, -0.0030403973069, 0.00153511436656, 0.000906270754058, 0.00026918479125, -0.0101824216545, 0.0222166832536, -0.0102782379836], [0.000948036264163, -0.00422121118754, 0.0029122219421, -0.00388314458542, 0.00220199394971, -0.0028263644781, 0.00335006997921, -0.00114101334475, -0.0015206024982, 0.0011521151755, 0.00169863540214, -0.0102782379836, 0.020716631785]]
    },
    "melbands": {
        "max": [0.00761564495042, 0.0100663695484, 0.012202504091, 0.013683735393, 0.0160792637616, 0.011075809598, 0.0119990576059, 0.0276887137443, 0.0124139431864, 0.00380647950806, 0.00483074923977, 0.00457504903898, 0.0029099592939, 0.00126134243328, 0.00185093446635, 0.00187339296099, 0.000856659782585, 0.000549276708625, 0.00153636536561, 0.00172078527976, 0.000287356262561, 0.000623255153187, 0.000340648868587, 0.000288577488391, 0.000219681911403, 0.000265052658506, 0.000548824376892, 0.000142359436722, 0.000146823265823, 0.000210802216316, 0.000211804101127, 0.000213432766031, 8.63449167809e-05, 0.000106077859527, 0.000114920752821, 6.27646004432e-05, 6.79752847645e-05, 4.31794251199e-05, 2.76107912214e-05, 8.26518407848e-06],
        "mean": [0.000425103848102, 0.00063097680686, 0.000890794035513, 0.00103170145303, 0.000708840438165, 0.00041688841884, 0.000573416531552, 0.000651278183796, 0.000455093220808, 0.000152768217959, 9.64230130194e-05, 9.83753852779e-05, 8.20001005195e-05, 5.68297255086e-05, 4.36476693721e-05, 3.34872893291e-05, 4.00169010391e-05, 3.11710646201e-05, 5.02033835801e-05, 5.56683589821e-05, 2.59679418377e-05, 2.56224102486e-05, 2.38966731558e-05, 1.45359626913e-05, 1.24933321786e-05, 1.74523011083e-05, 1.45483591041e-05, 5.49587775822e-06, 4.65486982648e-06, 4.84258453071e-06, 4.49557728643e-06, 3.85537259717e-06, 3.12109523293e-06, 2.59505736722e-06, 2.04719208341e-06, 1.42319640872e-06, 1.12992938739e-06, 7.41662802284e-07, 3.95157854882e-07, 1.5515144014e-07],
        "min": [7.26598443634e-07, 4.35853280578e-06, 9.36521882977e-06, 6.04474098509e-06, 3.43016017723e-06, 9.59618887464e-07, 2.60597039414e-06, 1.55378916133e-06, 1.36443134124e-06, 1.25123847283e-06, 5.7324956515e-07, 5.03105582084e-07, 5.88307841554e-07, 5.82282837058e-07, 6.17050659457e-07, 2.10961559333e-07, 2.00715334131e-07, 3.30365935497e-07, 3.18833315305e-07, 4.15095570361e-07, 3.08316288056e-07, 1.70221724716e-07, 1.71039587826e-07, 1.69519694282e-07, 8.55732693594e-08, 1.25846895571e-07, 1.5845311907e-07, 1.04874906981e-07, 4.43623626722e-08, 1.89912654491e-08, 2.40646400584e-08, 1.19829577372e-08, 4.63644234117e-09, 3.99826438624e-09, 2.83785550614e-09, 2.7754945009e-09, 1.31429855887e-09, 5.29273014305e-10, 2.13814209393e-12, 2.6952143295e-10],
        "stdev": [0.00090370606631, 0.000996163231321, 0.00136975466739, 0.00124601763673, 0.00100082659628, 0.000744668766856, 0.00110401923303, 0.00145336007699, 0.00109410635196, 0.000274844176602, 0.000228852790315, 0.000183565774933, 0.000152577296831, 0.00011251810065, 9.80686236289e-05, 7.64944998082e-05, 7.43442869862e-05, 4.52615931863e-05, 8.44538881211e-05, 0.00010654059588, 3.05386129185e-05, 3.60457597708e-05, 3.27952402586e-05, 1.94100539375e-05, 1.73783282662e-05, 2.42259593506e-05, 2.58354702964e-05, 8.67964172357e-06, 9.13468193176e-06, 1.10681448859e-05, 1.15614102469e-05, 1.05634217107e-05, 7.93640811025e-06, 6.93269521435e-06, 6.78662172504e-06, 4.88204568683e-06, 4.19920979766e-06, 2.66668530458e-06, 1.62479409482e-06, 4.97449946124e-07]
    },
    "melbands128": {
        "max": [0.000330240582116, 0.0049922936596, 0.0128018027171, 0.018017616123, 0.0138057954609, 0.00616071000695, 0.0144695285708, 0.0191151723266, 0.0344183705747, 0.0155720273033, 0.0216600522399, 0.0196098145097, 0.0248202066869, 0.0198264438659, 0.0159474760294, 0.022453840822, 0.0219253804535, 0.0175210144371, 0.0346620343626, 0.0373500809073, 0.0378447771072, 0.0249656066298, 0.0191346276551, 0.0189406070858, 0.00453974399716, 0.00638378318399, 0.00952465925366, 0.00697844848037, 0.00423259427771, 0.00706926127896, 0.00537590263411, 0.0060241217725, 0.00377968559042, 0.0062147709541, 0.00178076454904, 0.002747122664, 0.00521469302475, 0.00322852493264, 0.00114923948422, 0.00177498417906, 0.00356704741716, 0.00097338820342, 0.00197787350044, 0.00157488777768, 0.000930353824515, 0.00128350604791, 0.00170055858325, 0.00338819436729, 0.00152081134729, 0.00160252302885, 0.00374318938702, 0.00128298904747, 0.000436312344391, 0.000462672382127, 0.000554077792913, 0.000840006803628, 0.00107673008461, 0.000687310006469, 0.00072087283479, 0.000892566225957, 0.000327414221829, 0.000264681730187, 0.000514216197189, 0.000284424138954, 0.000633060990367, 0.000454328779597, 0.000678210402839, 0.000675630348269, 0.000871809665114, 0.000218348897761, 0.000189287646208, 0.000247656134889, 0.000129309599288, 0.000187423778698, 0.00016198992671, 0.000330486189341, 0.000346079585142, 0.000242328620516, 0.000211337639485, 0.000405463651987, 0.000341258913977, 0.000183848751476, 0.000152823893586, 0.000127702704049, 0.000107440180727, 0.00011402767268, 0.00017943122657, 0.000211069593206, 0.000160487543326, 8.61243461259e-05, 7.33970155125e-05, 8.51466465974e-05, 6.31697184872e-05, 0.000100457036751, 5.62631139474e-05, 5.05731804878e-05, 5.56000923098e-05, 6.62640450173e-05, 4.4555607019e-05, 2.25132716878e-05, 7.9533083408e-06, 9.32703551371e-06, 8.84811197466e-06, 1.00916913652e-05, 7.83591622167e-06, 6.07401307207e-06, 5.97049347562e-06, 4.24908057539e-06, 1.07096739157e-05, 1.05648596218e-05, 6.33345098322e-06, 4.54270184491e-06, 1.28696808588e-06, 1.22257154089e-06, 1.41516727581e-06, 1.62294782058e-07, 6.06559069638e-08, 1.1807526068e-09, 2.20124141137e-09, 1.59875557237e-09, 9.0499380212e-10, 5.47049849864e-10, 5.11081121868e-10, 4.52300280562e-10, 3.1130098499e-10, 1.15917005161e-10, 4.81673277652e-11, 4.79042361334e-11],
        "mean": [1.71629199031e-05, 0.000197038272745, 0.000644898798782, 0.000774117419496, 0.000621576560661, 0.000471707666293, 0.000735617417376, 0.000990549684502, 0.00122181640472, 0.000938536715694, 0.00107619736809, 0.000816417683382, 0.00069513078779, 0.000482544739498, 0.000273305631708, 0.00047713983804, 0.000508937751874, 0.000464961252874, 0.000903024512809, 0.000633928109892, 0.00059181189863, 0.000457199988887, 0.000574553385377, 0.000278893334325, 0.000117517520266, 0.000135717040394, 9.74584254436e-05, 0.000124645390315, 5.8494417317e-05, 5.10985664732e-05, 0.00016079582565, 0.000104817765532, 5.30094694113e-05, 0.000101516234281, 3.28701971739e-05, 5.5270629673e-05, 6.95796334185e-05, 4.84245028929e-05, 2.05083033507e-05, 3.44738000422e-05, 4.08382547903e-05, 2.20828133024e-05, 5.04740783072e-05, 4.3174426537e-05, 2.43389531533e-05, 2.34592444031e-05, 4.19839452661e-05, 7.23151533748e-05, 3.74598712369e-05, 3.63483341062e-05, 8.35277460283e-05, 4.63202195533e-05, 1.55511297635e-05, 2.6019386496e-05, 2.61726690951e-05, 2.43364556809e-05, 2.5803097742e-05, 2.48396845564e-05, 2.38905686274e-05, 2.22482285608e-05, 1.13889354907e-05, 1.0880087757e-05, 1.36384132929e-05, 1.07655469037e-05, 1.46904894791e-05, 1.72958189069e-05, 1.81666709977e-05, 2.33474329434e-05, 1.15337861644e-05, 6.61048761685e-06, 5.14939574714e-06, 5.45338161828e-06, 4.28443945566e-06, 4.23331039201e-06, 5.32178137291e-06, 5.3186772675e-06, 4.33069772043e-06, 4.41994689027e-06, 4.70018767373e-06, 4.3608379201e-06, 4.07317338613e-06, 3.67486313735e-06, 3.20095045936e-06, 3.09521851705e-06, 3.04484888147e-06, 2.75897627944e-06, 2.37115204982e-06, 2.37193353314e-06, 2.10085636354e-06, 1.81746997896e-06, 1.49825370954e-06, 1.35044581384e-06, 1.19982780689e-06, 1.16910075576e-06, 1.09402753878e-06, 8.47243882163e-07, 6.68932159442e-07, 5.69274618556e-07, 4.53802471156e-07, 3.05690520008e-07, 1.11097698152e-07, 1.49441248709e-07, 1.61000144772e-07, 1.61848092262e-07, 1.43283699572e-07, 1.07797831106e-07, 7.86850264944e-08, 7.2738529866e-08, 8.15612253291e-08, 7.23426154536e-08, 6.16015682908e-08, 3.66905332783e-08, 1.32730768598e-08, 7.95486787553e-09, 3.97456112466e-09, 8.68859317826e-10, 1.90297416713e-10, 9.50524815108e-12, 2.64026040614e-11, 1.47047304888e-11, 3.69552912577e-12, 3.38902712317e-12, 3.27762144682e-12, 3.191195138e-12, 3.06365067863e-12, 2.9024851099e-12, 2.81422888465e-12, 2.78941691793e-12],
        "min": [4.09066197582e-10, 5.99282259373e-08, 1.52464252778e-07, 5.38048595899e-07, 3.1096760722e-07, 1.34871822866e-06, 8.4630028141e-07, 5.64614708765e-07, 2.82108180727e-06, 2.99399835058e-06, 7.17407431239e-07, 1.16533328764e-06, 2.49017915621e-07, 7.90966510067e-07, 4.64569495762e-07, 1.52861602487e-07, 5.0445441957e-07, 1.14462113743e-06, 8.89089164957e-07, 1.05915898985e-06, 1.72307863977e-07, 2.81865254692e-07, 3.96010648274e-07, 2.94390133604e-07, 5.78009860419e-07, 8.20284640213e-08, 2.34371896113e-07, 7.70160824004e-08, 2.05363491546e-07, 9.16924633998e-08, 2.20987899979e-07, 3.49149331669e-07, 1.94370642248e-07, 8.94904772508e-08, 1.05996427635e-07, 7.20792883158e-08, 2.61726071926e-08, 4.99281185284e-08, 7.37226741876e-08, 1.70577465042e-07, 6.01441882964e-08, 1.06330460881e-07, 1.21009108511e-07, 1.72665110654e-07, 1.35151466907e-07, 5.39371001196e-08, 1.02528545654e-07, 2.01561476842e-07, 1.09929182202e-07, 1.97027688387e-07, 2.11227018099e-07, 1.47649728888e-07, 8.43282208507e-08, 1.25153064801e-07, 2.11841140185e-07, 1.06023804847e-07, 8.12028204678e-08, 6.39963602111e-08, 6.1824863451e-08, 6.9823919091e-08, 1.02084442233e-07, 1.18592559772e-07, 7.57430598242e-08, 5.23421732623e-08, 5.78063819034e-08, 6.35997707832e-08, 7.35443421718e-08, 5.39429834134e-08, 1.07654066994e-07, 5.59453390281e-08, 2.92412529745e-08, 8.69883898247e-09, 1.86140152181e-08, 2.07529655682e-08, 3.08418002248e-09, 7.86393439256e-09, 3.995261455e-09, 5.30931476561e-09, 1.15660174771e-08, 8.84739215223e-09, 4.6880845872e-09, 2.37669062209e-09, 4.00049549043e-09, 2.18804818708e-09, 1.86971682581e-09, 1.44784451095e-09, 9.24174292649e-10, 1.82044579411e-09, 4.80441908479e-10, 3.05127978439e-10, 1.78510942139e-10, 4.84685958035e-10, 5.51021672734e-10, 2.19288850967e-10, 9.96622367966e-11, 5.52298450029e-11, 6.63420143474e-12, 6.04523755273e-13, 6.25380064574e-13, 4.0207580646e-13, 5.20763445387e-13, 2.76839857462e-12, 1.18207721389e-10, 1.73309006035e-11, 4.29850599559e-12, 1.38865446919e-11, 4.01216516607e-12, 3.59615948131e-11, 7.65104125888e-12, 1.32863107994e-13, 4.46589041247e-14, 3.6950656971e-14, 3.52457693836e-14, 3.24716721068e-14, 3.59178290409e-14, 3.34760871638e-14, 3.37848984357e-14, 3.10084023617e-14, 3.13217334014e-14, 2.82787048579e-14, 2.98804289146e-14, 3.36429221612e-14, 3.11560469806e-14, 2.90580344617e-14, 2.22923147498e-14, 8.5013562894e-15, 1.05326694107e-15, 2.97617698425e-17],
        "stdev": [2.40195840888e-05, 0.000423189310823, 0.00151930353604, 0.00174917583354, 0.00122360431124, 0.000609700626228, 0.0012328568846, 0.00188183202408, 0.00225674174726, 0.00131511827931, 0.00175866554491, 0.00148339511361, 0.00133492285386, 0.00104530993849, 0.00056292762747, 0.00130443822127, 0.00140987941995, 0.00120663212147, 0.00251124985516, 0.00175102753565, 0.00196761102416, 0.00166326423641, 0.00163042510394, 0.000975712377112, 0.000254437269177, 0.000330938113621, 0.000420582044171, 0.000318235339364, 0.000158820170327, 0.000210340935155, 0.000311824172968, 0.000206872631679, 0.000154534587637, 0.000302235770505, 9.41018370213e-05, 0.000172533764271, 0.000216708358494, 0.000147782353451, 4.83608564537e-05, 7.9296711192e-05, 0.000137888389872, 5.71330783714e-05, 0.000133690235089, 8.49545176607e-05, 5.68875439058e-05, 5.74860569031e-05, 9.52346454142e-05, 0.000157724600285, 8.34766688058e-05, 9.26008578972e-05, 0.000203150717425, 9.99516414595e-05, 2.77027629636e-05, 3.51978451363e-05, 3.70771631424e-05, 5.6120185036e-05, 4.94590203743e-05, 5.10982245032e-05, 4.7446526878e-05, 4.39858486061e-05, 1.93988216779e-05, 1.84860255104e-05, 2.62773810391e-05, 1.83665542863e-05, 2.85210953734e-05, 3.25868786604e-05, 3.57688186341e-05, 5.20858520758e-05, 2.80339063465e-05, 1.25924425447e-05, 9.49607510847e-06, 1.13789683382e-05, 9.30454189074e-06, 1.00791348814e-05, 1.20846316349e-05, 1.40587480928e-05, 1.15105040095e-05, 1.1991331121e-05, 1.24927473735e-05, 1.37108681884e-05, 1.26861596073e-05, 1.02146505014e-05, 9.30344413064e-06, 8.74476245372e-06, 8.00920497568e-06, 7.18543287803e-06, 7.3446794886e-06, 8.81468713487e-06, 7.39877577871e-06, 6.35689366391e-06, 5.24523829881e-06, 5.13684744874e-06, 4.72002557217e-06, 4.99089856021e-06, 3.92670017391e-06, 2.85578562398e-06, 2.81185543827e-06, 2.64569575847e-06, 1.98671023099e-06, 1.25185488287e-06, 4.16477433873e-07, 4.77617618344e-07, 5.08372977492e-07, 5.59143188639e-07, 4.51347773378e-07, 3.41663593417e-07, 2.6401426112e-07, 2.44093570245e-07, 3.39740864774e-07, 3.56127344503e-07, 3.07153072754e-07, 2.1285043772e-07, 7.66161321053e-08, 6.27885441418e-08, 3.64048844403e-08, 6.08990591289e-09, 1.52186041547e-09, 4.49350417986e-11, 1.40335285059e-10, 7.96363322508e-11, 1.76955013143e-11, 1.03917733793e-11, 9.68315358452e-12, 8.80253855917e-12, 6.87152201459e-12, 4.86556888529e-12, 4.44934150287e-12, 4.41781680682e-12]
    },
    "mfcc": {
        "mean": [-633.166564941, 132.482849121, -18.6544017792, 32.6154670715, -6.29669618607, 1.00953936577, -14.0509090424, 1.53656876087, -6.98517799377, -0.0404722876847, -6.59010028839, -3.90440559387, -1.49989974499],
        "cov": [[1735.0402832, -795.433166504, 90.3533172607, -74.4827194214, -111.915672302, 9.26388835907, -106.327529907, -11.6307954788, -18.3418827057, 28.1435108185, 30.2793884277, -31.2158546448, -27.8589172363], [-795.433166504, 1061.11975098, -350.18371582, 46.7544822693, 25.6094245911, -59.52135849, 74.6887359619, 32.9609222412, 19.3574810028, 37.0352668762, 51.0340919495, 42.8209266663, 65.7319869995], [90.3533172607, -350.18371582, 467.751281738, -46.7684173584, 11.0393409729, 63.6635742188, 0.950369238853, -2.42601752281, -21.0933971405, -40.9931907654, -38.5207481384, -5.35404729843, -32.3418884277], [-74.4827194214, 46.7544822693, -46.7684173584, 204.357635498, 60.9500160217, 15.1287822723, -21.2294254303, 15.6901416779, 18.1972255707, 10.0120353699, -12.5011348724, -8.12029361725, 8.59918022156], [-111.915672302, 25.6094245911, 11.0393409729, 60.9500160217, 203.645721436, 10.8891057968, -3.0829873085, 10.5160741806, 15.2695083618, 9.41521644592, -21.1965847015, 2.83193445206, 20.3328342438], [9.26388835907, -59.52135849, 63.6635742188, 15.1287822723, 10.8891057968, 115.635917664, 59.3055076599, 27.3169326782, 21.5609035492, -1.49950957298, -3.70374011993, 4.18202257156, -10.3999986649], [-106.327529907, 74.6887359619, 0.950369238853, -21.2294254303, -3.0829873085, 59.3055076599, 163.177139282, 37.7635612488, 26.2670135498, -10.7593832016, 11.7227144241, 17.6567211151, 3.58681225777], [-11.6307954788, 32.9609222412, -2.42601752281, 15.6901416779, 10.5160741806, 27.3169326782, 37.7635612488, 91.222328186, 28.5599460602, 17.6452999115, 5.98074865341, 5.00966119766, 6.37506484985], [-18.3418827057, 19.3574810028, -21.0933971405, 18.1972255707, 15.2695083618, 21.5609035492, 26.2670135498, 28.5599460602, 96.7476577759, 40.1412239075, 11.3166036606, 15.187871933, -0.318862199783], [28.1435108185, 37.0352668762, -40.9931907654, 10.0120353699, 9.41521644592, -1.49950957298, -10.7593832016, 17.6452999115, 40.1412239075, 93.4922714233, 36.5948944092, 11.2990226746, 3.39996027946], [30.2793884277, 51.0340919495, -38.5207481384, -12.5011348724, -21.1965847015, -3.70374011993, 11.7227144241, 5.98074865341, 11.3166036606, 36.5948944092, 94.735748291, 32.4878997803, 3.91512823105], [-31.2158546448, 42.8209266663, -5.35404729843, -8.12029361725, 2.83193445206, 4.18202257156, 17.6567211151, 5.00966119766, 15.187871933, 11.2990226746, 32.4878997803, 80.7976303101, 29.9898319244], [-27.8589172363, 65.7319869995, -32.3418884277, 8.59918022156, 20.3328342438, -10.3999986649, 3.58681225777, 6.37506484985, -0.318862199783, 3.39996027946, 3.91512823105, 29.9898319244, 75.5871429443]],
        "icov": [[0.00105974217877, 0.000947592605371, 0.000437607930508, 0.000226213538554, 0.000386864092434, -0.000128701576614, 0.000381889636628, -0.000339113496011, 0.000186860866961, -0.000340329512255, -0.000559287087526, 0.000296112964861, -0.000455666187918], [0.000947592605371, 0.00225705630146, 0.00128523819149, -2.82797441287e-06, 0.000167784543009, 0.000584657245781, -0.000529972661752, -0.000575963873416, 0.000445352023235, -0.000474104250316, -0.000646406202577, -6.35307296761e-05, -0.000872356526088], [0.000437607930508, 0.00128523819149, 0.00344936945476, 0.00082059687702, -0.000317646074109, -0.00145119288936, 0.000375971343601, -0.000490408099722, 0.000698082090821, 0.000505156931467, 0.000504692841787, -0.000796041102149, 0.000605381501373], [0.000226213538554, -2.82797441287e-06, 0.00082059687702, 0.0061108651571, -0.00147669494618, -0.00175756774843, 0.00182002910879, -0.000889766553883, -0.000809168384876, 0.000316045188811, 0.000243830683758, 0.000728317769244, -0.000433396809967], [0.000386864092434, 0.000167784543009, -0.000317646074109, -0.00147669494618, 0.00595152517781, -0.000233396858675, 0.000146925114677, -9.80077456916e-05, -0.000381309626391, -0.00100873177871, 0.00128744298127, -3.85745843232e-05, -0.00161062565167], [-0.000128701576614, 0.000584657245781, -0.00145119288936, -0.00175756774843, -0.000233396858675, 0.0132562052459, -0.00488523393869, -0.00158708740491, -0.0010335620027, -0.000401979166782, 0.000520385336131, -0.000670348410495, 0.0015282612294], [0.000381889636628, -0.000529972661752, 0.000375971343601, 0.00182002910879, 0.000146925114677, -0.00488523393869, 0.00990901421756, -0.00255125737749, -0.00198611407541, 0.00307923136279, -0.00143686844967, -0.000496351916809, -0.00028680334799], [-0.000339113496011, -0.000575963873416, -0.000490408099722, -0.000889766553883, -9.80077456916e-05, -0.00158708740491, -0.00255125737749, 0.0139284487814, -0.00233833142556, -0.00186239322647, 0.000185796554433, 0.000933934585191, -0.00128466112074], [0.000186860866961, 0.000445352023235, 0.000698082090821, -0.000809168384876, -0.000381309626391, -0.0010335620027, -0.00198611407541, -0.00233833142556, 0.0150305768475, -0.0064616445452, 0.00173715804704, -0.00280462577939, 0.00170099455863], [-0.000340329512255, -0.000474104250316, 0.000505156931467, 0.000316045188811, -0.00100873177871, -0.000401979166782, 0.00307923136279, -0.00186239322647, -0.0064616445452, 0.0169921033084, -0.00602573016658, 0.00101482204627, -0.000188061560038], [-0.000559287087526, -0.000646406202577, 0.000504692841787, 0.000243830683758, 0.00128744298127, 0.000520385336131, -0.00143686844967, 0.000185796554433, 0.00173715804704, -0.00602573016658, 0.0159984286875, -0.00635259691626, 0.00229214807041], [0.000296112964861, -6.35307296761e-05, -0.000796041102149, 0.000728317769244, -3.85745843232e-05, -0.000670348410495, -0.000496351916809, 0.000933934585191, -0.00280462577939, 0.00101482204627, -0.00635259691626, 0.0183146949857, -0.00739109748974], [-0.000455666187918, -0.000872356526088, 0.000605381501373, -0.000433396809967, -0.00161062565167, 0.0015282612294, -0.00028680334799, -0.00128466112074, 0.00170099455863, -0.000188061560038, 0.00229214807041, -0.00739109748974, 0.0177236478776]]
    },
    "spectral_contrast_coeffs": {
        "max": [-0.345297634602, -0.460574239492, -0.556729853153, -0.576990842819, -0.60194170475, -0.529060721397],
        "mean": [-0.665339827538, -0.721237063408, -0.764894902706, -0.778356015682, -0.775905847549, -0.700305640697],
        "min": [-0.88311123848, -0.933089971542, -0.899653196335, -0.899028778076, -0.877214610577, -0.849436640739],
        "stdev": [0.0817941427231, 0.074088178575, 0.0512853749096, 0.046752911061, 0.0419100150466, 0.0426242910326]
    },
    "spectral_contrast_valleys": {
        "max": [-5.08788537979, -5.2863984108, -5.61833381653, -5.75368833542, -5.67735910416, -8.03673934937],
        "mean": [-6.70970964432, -6.47940778732, -7.22707414627, -7.39336681366, -7.35871744156, -10.9623327255],
        "min": [-8.73173904419, -8.25225830078, -8.80834102631, -9.01626968384, -8.95883750916, -13.4427337646],
        "stdev": [0.493242055178, 0.451220303774, 0.445804655552, 0.429356008768, 0.511900126934, 0.959496855736]
    }
},
"rhythm": {
    "beats_count": 210,
    "beats_loudness": {
        "max": 0.0794205963612,
        "mean": 0.0375421307981,
        "min": 0.00478597311303,
        "stdev": 0.0157146360725
    },
    "bpm": 129.407562256,
    "bpm_histogram_first_peak_bpm": 129,
    "bpm_histogram_first_peak_weight": 0.22549021244,
    "bpm_histogram_second_peak_bpm": 136,
    "bpm_histogram_second_peak_spread": 0.25,
    "bpm_histogram_second_peak_weight": 0.0143540669233,
    "danceability": 1.21468913555,
    "onset_rate": 3.67133545876,
    "beats_loudness_band_ratio": {
        "max": [0.887233257294, 0.698052227497, 0.809703707695, 0.356602072716, 0.333585143089, 0.560688793659],
        "mean": [0.381452858448, 0.249300599098, 0.247128590941, 0.0781708657742, 0.0837815478444, 0.0440485179424],
        "min": [0.0174361784011, 0.0126897329465, 0.0176290906966, 0.00521900644526, 0.00684820208699, 0.001401939895],
        "stdev": [0.201282575727, 0.147005259991, 0.185224592686, 0.0649713277817, 0.0615094527602, 0.0469853952527]
    },
