{
"metadata": {
    "version": {
        "essentia": "2.1-beta5",
        "essentia_git_sha": "Undefined",
        "extractor": "music 2.0"
    },
    "audio_properties": {
        "analysis": {
            "equal_loudness": 0,
            "length": 48.7502937317,
            "sample_rate": 44100,
            "start_time": 142.744674683,
            "downmix": "mix"
        },
        "bit_rate": 192000,
        "length": 294.208435059,
        "lossless": 0,
        "number_channels": 2,
        "replay_gain": -1.67111587524,
        "sample_rate": 48000,
        "codec": "mp3",
        "md5_encoded": "494af55d207ee0b39b6326bcff33ba75"
    },
    "tags": {
        "file_name": "Norway_Venners Nærhet_Britt Synnøve Johansen.mp3",
        "encoding": ["Lavf58.29.100"]
    }
},
"lowlevel": {
    "average_loudness": 0.870984256268,
    "barkbands_crest": {
        "max": 25.0385913849,
        "mean": 10.3930578232,
        "min": 2.82751822472,
        "stdev": 4.45518064499
    },
    "barkbands_flatness_db": {
        "max": 0.299994379282,
        "mean": 0.143318757415,
        "min": 0.0399259328842,
        "stdev": 0.0512340702116
    },
    "barkbands_kurtosis": {
        "max": 74.2324676514,
        "mean": 5.2567949295,
        "min": -1.84834802151,
        "stdev": 9.28428649902
    },
    "barkbands_skewness": {
        "max": 7.69489860535,
        "mean": 1.43859326839,
        "min": -1.78556454182,
        "stdev": 1.37659144402
    },
    "barkbands_spread": {
        "max": 89.6491317749,
        "mean": 17.6406078339,
        "min": 1.32988393307,
        "stdev": 11.8209209442
    },
    "dissonance": {
        "max": 0.499752521515,
        "mean": 0.454467356205,
        "min": 0.246913000941,
        "stdev": 0.0335610844195
    },
    "dynamic_complexity": 3.86083388329,
    "erbbands_crest": {
        "max": 31.7124023438,
        "mean": 10.6427183151,
        "min": 2.77729797363,
        "stdev": 4.73063802719
    },
    "erbbands_flatness_db": {
        "max": 0.320207089186,
        "mean": 0.178489521146,
        "min": 0.0525132790208,
        "stdev": 0.0357705913484
    },
    "erbbands_kurtosis": {
        "max": 29.5316619873,
        "mean": 0.925023376942,
        "min": -1.77648854256,
        "stdev": 2.77753424644
    },
    "erbbands_skewness": {
        "max": 4.01297330856,
        "mean": 0.488045811653,
        "min": -2.45804953575,
        "stdev": 0.951997876167
    },
    "erbbands_spread": {
        "max": 139.813735962,
        "mean": 31.589466095,
        "min": 2.97097277641,
        "stdev": 15.5887117386
    },
    "hfc": {
        "max": 125.405426025,
        "mean": 16.8938560486,
        "min": 0.0856677591801,
        "stdev": 17.8058242798
    },
    "loudness_ebu128": {
        "integrated": -22.723443985,
        "loudness_range": 8.70402145386,
        "momentary": {
            "max": -18.8847560883,
            "mean": -24.3765602112,
            "min": -36.8868942261,
            "stdev": 4.16884183884
        },
        "short_term": {
            "max": -19.7594528198,
            "mean": -23.7577629089,
            "min": -31.0788326263,
            "stdev": 3.0898604393
        }
    },
    "melbands_crest": {
        "max": 28.5463752747,
        "mean": 12.1889982224,
        "min": 3.47062587738,
        "stdev": 4.6890707016
    },
    "melbands_flatness_db": {
        "max": 0.405572026968,
        "mean": 0.203689977527,
        "min": 0.0502570159733,
        "stdev": 0.0701556280255
    },
    "melbands_kurtosis": {
        "max": 137.926544189,
        "mean": 11.3137607574,
        "min": -1.66845297813,
        "stdev": 16.3935184479
    },
    "melbands_skewness": {
        "max": 9.36033916473,
        "mean": 2.17899250984,
        "min": -1.0022482872,
        "stdev": 1.54807054996
    },
    "melbands_spread": {
        "max": 128.594970703,
        "mean": 23.5158443451,
        "min": 1.58665180206,
        "stdev": 18.2071723938
    },
    "pitch_salience": {
        "max": 0.875138759613,
        "mean": 0.568907916546,
        "min": 0.159749478102,
        "stdev": 0.0998275578022
    },
    "silence_rate_20dB": {
        "max": 1,
        "mean": 1,
        "min": 1,
        "stdev": 0
    },
    "silence_rate_30dB": {
        "max": 1,
        "mean": 1,
        "min": 1,
        "stdev": 0
    },
    "silence_rate_60dB": {
        "max": 1,
        "mean": 0.112803429365,
        "min": 0,
        "stdev": 0.316353023052
    },
    "spectral_centroid": {
        "max": 3373.25097656,
        "mean": 1282.22229004,
        "min": 243.638793945,
        "stdev": 743.234741211
    },
    "spectral_complexity": {
        "max": 49,
        "mean": 15.6292238235,
        "min": 0,
        "stdev": 8.92995262146
    },
    "spectral_decrease": {
        "max": -3.79466735811e-11,
        "mean": -4.01896338431e-09,
        "min": -1.98662739592e-08,
        "stdev": 3.06462855093e-09
    },
    "spectral_energy": {
        "max": 0.0791455730796,
        "mean": 0.0167008191347,
        "min": 0.000158288879902,
        "stdev": 0.0127945523709
    },
    "spectral_energyband_high": {
        "max": 0.00804107263684,
        "mean": 0.000536116363946,
        "min": 7.34508830647e-07,
        "stdev": 0.000857986975461
    },
    "spectral_energyband_low": {
        "max": 0.0179535150528,
        "mean": 0.00125675636809,
        "min": 3.64076527148e-07,
        "stdev": 0.00180935871322
    },
    "spectral_energyband_middle_high": {
        "max": 0.0589315071702,
        "mean": 0.00588640663773,
        "min": 1.73793014255e-05,
        "stdev": 0.00787033885717
    },
    "spectral_energyband_middle_low": {
        "max": 0.0696561932564,
        "mean": 0.00937766488642,
        "min": 8.46294860821e-05,
        "stdev": 0.00894628558308
    },
    "spectral_entropy": {
        "max": 8.69922733307,
        "mean": 7.23569297791,
        "min": 5.6830534935,
        "stdev": 0.4517531991
    },
    "spectral_flux": {
        "max": 0.274255186319,
        "mean": 0.0630935057998,
        "min": 0.00576032232493,
        "stdev": 0.0377329587936
    },
    "spectral_kurtosis": {
        "max": 25.1629066467,
        "mean": 6.25061893463,
        "min": -0.676638841629,
        "stdev": 3.35355496407
    },
    "spectral_rms": {
        "max": 0.00878721754998,
        "mean": 0.0037129544653,
        "min": 0.000392973510316,
        "stdev": 0.00158348341938
    },
    "spectral_rolloff": {
        "max": 11972.4609375,
        "mean": 1527.12756348,
        "min": 86.1328125,
        "stdev": 1426.23156738
    },
    "spectral_skewness": {
        "max": 4.01288414001,
        "mean": 1.77436947823,
        "min": 0.382489472628,
        "stdev": 0.559828221798
    },
    "spectral_spread": {
        "max": 14325045,
        "mean": 3912938.75,
        "min": 2128371.75,
        "stdev": 1336654.625
    },
    "spectral_strongpeak": {
        "max": 11.1439208984,
        "mean": 1.38048899174,
        "min": 0.00750756217167,
        "stdev": 1.67115342617
    },
    "zerocrossingrate": {
        "max": 0.3154296875,
        "mean": 0.0564560964704,
        "min": 0.00732421875,
        "stdev": 0.0345072187483
    },
    "barkbands": {
        "max": [0.000374171300791, 0.0111142359674, 0.00951927248389, 0.00877036340535, 0.0560154058039, 0.0620318986475, 0.013525175862, 0.0146056599915, 0.0420356765389, 0.0300724096596, 0.0272058919072, 0.0128344735131, 0.0281318128109, 0.0207660216838, 0.0503705702722, 0.0186140071601, 0.0120115038007, 0.0102754477412, 0.00916734151542, 0.00774129712954, 0.00511155417189, 0.000709180836566, 0.000715460744686, 0.00100747973192, 0.00110008695628, 0.0013370619854, 0.000165809760801],
        "mean": [2.09655845538e-05, 0.000675103568938, 0.00042871691403, 0.00040363005246, 0.00284136133268, 0.00315055344254, 0.00107297534123, 0.000676295021549, 0.000789790297858, 0.000924775318708, 0.00105007132515, 0.000482394651044, 0.000395789626054, 0.000532226345968, 0.000806475232821, 0.000460416922579, 0.00048704262008, 0.000345344073139, 0.000516093394253, 0.000281826331047, 0.000225614887313, 3.28748683387e-05, 2.74829781119e-05, 3.21494844684e-05, 2.31355988944e-05, 1.61849457072e-05, 1.52611050908e-06],
        "min": [6.7188938857e-09, 1.54938717856e-07, 4.40963674464e-08, 1.59914037567e-07, 4.65817902295e-06, 4.25352254751e-06, 2.7064202186e-06, 8.04457954473e-07, 4.35351637407e-07, 1.55045245265e-06, 1.03962292997e-07, 3.0895631653e-07, 1.21489847515e-07, 7.343740549e-08, 2.46846610708e-07, 1.49859772591e-07, 9.88306609884e-08, 5.68850637706e-08, 9.73497904511e-08, 1.02292318616e-07, 9.06188759586e-08, 5.90989586158e-08, 7.6179567543e-08, 9.29331989141e-08, 7.57951426067e-08, 3.14827097725e-08, 1.36691580277e-09],
        "stdev": [2.89638719551e-05, 0.00115015753545, 0.000786707911175, 0.00063894293271, 0.00431257067248, 0.00574191054329, 0.00162818806712, 0.00125496415421, 0.00245952652767, 0.00181004160549, 0.00323449168354, 0.0013215058716, 0.00141222600359, 0.00147898634896, 0.00255994382314, 0.00109696411528, 0.0010799128795, 0.000798866676632, 0.000907604582608, 0.000583883724175, 0.000474945351016, 5.44766844541e-05, 5.06799151481e-05, 6.25586544629e-05, 7.4402167229e-05, 6.36006443528e-05, 5.96515792495e-06]
    },
    "erbbands": {
        "max": [0.191833749413, 3.10561084747, 11.0033569336, 15.8054714203, 166.381744385, 248.042221069, 380.17791748, 504.871520996, 235.372894287, 434.34487915, 385.920196533, 1239.67932129, 1004.17578125, 774.234985352, 1087.09484863, 621.016784668, 1438.0916748, 1196.7130127, 2287.50976562, 1956.45166016, 676.509338379, 611.623962402, 605.581970215, 582.978820801, 558.798278809, 305.800201416, 359.422149658, 72.3995742798, 31.19672966, 18.7594909668, 22.0177726746, 34.5900154114, 6.78298664093, 8.79180049896, 13.6247901917, 8.47700023651, 1.66616642475, 0.240385308862, 0.0305931326002, 0.000685390725266],
        "mean": [0.0160870458931, 0.163528054953, 0.492133945227, 0.941682875156, 5.0261054039, 10.0697546005, 18.5183887482, 24.6979885101, 18.8913593292, 15.0867776871, 15.7182216644, 19.2497444153, 28.6316947937, 28.5308094025, 38.9734535217, 23.431388855, 18.7056026459, 31.4505882263, 29.49177742, 42.59192276, 24.0917415619, 25.0766391754, 17.6087017059, 23.536195755, 24.8564834595, 13.9701662064, 14.9218559265, 4.15659141541, 1.30489969254, 0.840915858746, 0.825017154217, 0.796977519989, 0.428553730249, 0.209412202239, 0.193083256483, 0.0915741547942, 0.0237473715097, 0.00474015437067, 0.000229556491831, 2.61714612861e-05],
        "min": [2.76763080365e-06, 2.40354056587e-05, 5.33373604412e-05, 0.000578432052862, 0.0100126713514, 0.00959758833051, 0.00885407347232, 0.064048871398, 0.0837249085307, 0.0261706504971, 0.0345534235239, 0.0155493924394, 0.0435621887445, 0.047029081732, 0.0279693286866, 0.0192110352218, 0.0235577169806, 0.0240258611739, 0.0152221089229, 0.00680320337415, 0.00831916742027, 0.00553657626733, 0.00415090611205, 0.00474619632587, 0.00456946715713, 0.00497744372115, 0.00816160347313, 0.00360932946205, 0.00254049617797, 0.00249488907866, 0.00232436042279, 0.00188562949188, 0.00154471164569, 0.000734512344934, 0.000601347128395, 0.000149783270899, 3.85354614991e-05, 9.62208741839e-06, 7.38214623652e-07, 4.05414681381e-07],
        "stdev": [0.0198757611215, 0.311150401831, 0.915798902512, 1.28528511524, 7.47945976257, 18.6841869354, 35.7550697327, 47.4153327942, 25.1711349487, 30.5693435669, 31.2283706665, 66.2265319824, 57.8976516724, 60.9643974304, 116.389602661, 61.179977417, 60.3344116211, 85.3240890503, 116.260803223, 113.556526184, 47.924079895, 56.3356513977, 40.7733688354, 48.3792037964, 45.0536613464, 24.8399753571, 31.1942157745, 8.22772502899, 2.14644503593, 1.41264569759, 1.52261602879, 1.66168141365, 0.817945122719, 0.547125458717, 0.717768847942, 0.389867514372, 0.0935872793198, 0.013564908877, 0.00102138600778, 2.95529043797e-05]
    },
    "gfcc": {
        "mean": [-32.9539718628, 97.2927703857, -121.316864014, 22.4215297699, -58.6229057312, -2.98733091354, -44.542388916, 4.94999217987, -29.4716205597, 4.26404237747, -14.5022678375, 1.56956732273, -5.35986661911],
        "cov": [[5275.10839844, -1394.13024902, -1503.75549316, 97.8715820312, 93.2887420654, -269.538818359, 158.981994629, 253.06211853, -221.516296387, 65.1502456665, -19.8061275482, 37.9538536072, -33.3813896179], [-1394.13024902, 1092.62512207, 470.423370361, -41.6012763977, 31.371131897, 21.1431102753, 29.2363929749, -70.2312698364, 109.992378235, -108.078598022, 14.3080425262, -34.6409378052, 30.2795791626], [-1503.75549316, 470.423370361, 970.596130371, 88.1384506226, -67.4461593628, 133.112106323, -97.6061096191, -62.0410461426, 94.3258514404, -37.7943267822, -37.5943336487, 3.26089024544, -6.83936214447], [97.8715820312, -41.6012763977, 88.1384506226, 259.783538818, 94.8043365479, -31.4279689789, -35.3325080872, 30.3038845062, 24.8268165588, -4.67642498016, -11.4642162323, 4.59629774094, -13.017575264], [93.2887420654, 31.371131897, -67.4461593628, 94.8043365479, 202.55809021, 44.8351898193, 20.6944961548, 16.3461227417, -1.72250497341, 18.4927616119, -5.71477890015, -36.0500526428, -11.2386522293], [-269.538818359, 21.1431102753, 133.112106323, -31.4279689789, 44.8351898193, 238.608657837, 69.115852356, -32.7372207642, -13.6547937393, 45.029876709, -13.4693403244, -42.6998023987, -27.5109081268], [158.981994629, 29.2363929749, -97.6061096191, -35.3325080872, 20.6944961548, 69.115852356, 148.976745605, 35.8732833862, -30.9193935394, 5.15567445755, 11.2304697037, -28.7053127289, -8.97309017181], [253.06211853, -70.2312698364, -62.0410461426, 30.3038845062, 16.3461227417, -32.7372207642, 35.8732833862, 136.588424683, 35.5699882507, -21.5790481567, -14.4213876724, 21.6436672211, -11.4992084503], [-221.516296387, 109.992378235, 94.3258514404, 24.8268165588, -1.72250497341, -13.6547937393, -30.9193935394, 35.5699882507, 100.057678223, 10.1922960281, -4.55829811096, 14.0265989304, 1.05514073372], [65.1502456665, -108.078598022, -37.7943267822, -4.67642498016, 18.4927616119, 45.029876709, 5.15567445755, -21.5790481567, 10.1922960281, 100.913825989, 28.0119285583, -19.8300437927, -8.57550048828], [-19.8061275482, 14.3080425262, -37.5943336487, -11.4642162323, -5.71477890015, -13.4693403244, 11.2304697037, -14.4213876724, -4.55829811096, 28.0119285583, 80.7521820068, 27.9638290405, -2.80571937561], [37.9538536072, -34.6409378052, 3.26089024544, 4.59629774094, -36.0500526428, -42.6998023987, -28.7053127289, 21.6436672211, 14.0265989304, -19.8300437927, 27.9638290405, 97.3298721313, 20.1554508209], [-33.3813896179, 30.2795791626, -6.83936214447, -13.017575264, -11.2386522293, -27.5109081268, -8.97309017181, -11.4992084503, 1.05514073372, -8.57550048828, -2.80571937561, 20.1554508209, 65.3478164673]],
        "icov": [[0.000488951278385, 0.0002327424736, 0.000529287732206, -0.000332039693603, 7.51393308747e-05, 0.000324451364577, -0.000317494821502, -0.000404923397582, 0.000612101226579, -0.000386211788282, 0.000600486935582, -0.000331013114192, 0.00023315360886], [0.0002327424736, 0.00333667895757, -0.00128847092856, 0.00147690763697, -0.00235173176043, 0.0016521285288, -0.0035155415535, 0.00358866923489, -0.00535112665966, 0.00513832597062, -0.00239789555781, 0.00174268253613, -0.000707753701136], [0.000529287732206, -0.00128847092856, 0.00328447646461, -0.00232757511549, 0.00263026938774, -0.00264213629998, 0.00265208235942, -0.00154163467232, 0.00134275504388, -0.000928766559809, 0.00124365615193, -0.000516769709066, 0.000249642704148], [-0.000332039693603, 0.00147690763697, -0.00232757511549, 0.00714217778295, -0.00497078569606, 0.0027866452001, -0.00125973438844, 0.00137038074899, -0.00270048505627, 0.00174408406019, -0.000526693766005, -0.000216104977881, 0.00102814671118], [7.51393308747e-05, -0.00235173176043, 0.00263026938774, -0.00497078569606, 0.00999929104, -0.0043303729035, 0.00375135126524, -0.00410137884319, 0.00370364403352, -0.00283942651004, 9.33559203986e-05, 0.0021694120951, -0.00099432177376], [0.000324451364577, 0.0016521285288, -0.00264213629998, 0.0027866452001, -0.0043303729035, 0.0107561312616, -0.00788591336459, 0.0045200297609, -0.00115631846711, -0.00314000970684, 0.00427701417357, -0.00225774152204, 0.00366144883446], [-0.000317494821502, -0.0035155415535, 0.00265208235942, -0.00125973438844, 0.00375135126524, -0.00788591336459, 0.0178110711277, -0.0107222823426, 0.00867840833962, -0.00200696359389, -0.00431438628584, 0.0045305560343, -0.00260855467059], [-0.000404923397582, 0.00358866923489, -0.00154163467232, 0.00137038074899, -0.00410137884319, 0.0045200297609, -0.0107222823426, 0.019047992304, -0.0134790493175, 0.00736233498901, 0.0020974657964, -0.00342811644077, 0.00365022220649], [0.000612101226579, -0.00535112665966, 0.00134275504388, -0.00270048505627, 0.00370364403352, -0.00115631846711, 0.00867840833962, -0.0134790493175, 0.0262812171131, -0.0142025649548, 0.00562955299392, -0.00405569979921, 0.000569165800698], [-0.000386211788282, 0.00513832597062, -0.000928766559809, 0.00174408406019, -0.00283942651004, -0.00314000970684, -0.00200696359389, 0.00736233498901, -0.0142025649548, 0.0255967471749, -0.0131854861975, 0.00890890695155, -0.00284382468089], [0.000600486935582, -0.00239789555781, 0.00124365615193, -0.000526693766005, 9.33559203986e-05, 0.00427701417357, -0.00431438628584, 0.0020974657964, 0.00562955299392, -0.0131854861975, 0.0247009415179, -0.0128167243674, 0.00622882507741], [-0.000331013114192, 0.00174268253613, -0.000516769709066, -0.000216104977881, 0.0021694120951, -0.00225774152204, 0.0045305560343, -0.00342811644077, -0.00405569979921, 0.00890890695155, -0.0128167243674, 0.0205537900329, -0.00728742126375], [0.00023315360886, -0.000707753701136, 0.000249642704148, 0.00102814671118, -0.00099432177376, 0.00366144883446, -0.00260855467059, 0.00365022220649, 0.000569165800698, -0.00284382468089, 0.00622882507741, -0.00728742126375, 0.0197680275887]]
    },
    "melbands": {
        "max": [0.00215728487819, 0.00488672172651, 0.00592581182718, 0.0143237952143, 0.0120651107281, 0.0103907007724, 0.00319129251875, 0.0041648610495, 0.00314295082353, 0.00711596710607, 0.00508296443149, 0.00285730254836, 0.0042459978722, 0.00163711211644, 0.00141510018148, 0.00340558937751, 0.00231087440625, 0.00364384823479, 0.00345410872251, 0.00174938945565, 0.000829899567179, 0.000736394664273, 0.0010386336362, 0.000493071449455, 0.000524424074683, 0.000637706543785, 0.000516897649504, 0.000175268680323, 0.000254010199569, 0.0001099091387, 3.27233210555e-05, 1.98376983462e-05, 1.01672158053e-05, 1.02628455352e-05, 1.31532224259e-05, 2.11534097616e-05, 1.64523225976e-05, 5.22843311046e-06, 1.06161296571e-05, 6.51014352115e-06],
        "mean": [0.000166693105712, 0.000242263806285, 0.00027697061887, 0.000545763759874, 0.000623825239018, 0.000573962344788, 0.000275187252555, 0.000153671295266, 0.000131748471176, 0.000116022514703, 0.00013984675752, 0.000107855550596, 0.000151084503159, 6.44550455036e-05, 4.16590410168e-05, 4.41822630819e-05, 5.88156763115e-05, 4.08750493079e-05, 5.9120971855e-05, 4.40294934378e-05, 2.63418878603e-05, 2.65025282715e-05, 1.97847766685e-05, 1.70439252543e-05, 1.84264590644e-05, 2.19847497647e-05, 1.02330668597e-05, 8.92457501322e-06, 1.17562995001e-05, 4.31930948253e-06, 1.6049656324e-06, 7.34745924547e-07, 5.14490977821e-07, 4.36526562453e-07, 4.68137471898e-07, 4.73810359836e-07, 5.06266076172e-07, 3.19228149692e-07, 2.25708873813e-07, 1.53093992594e-07],
        "min": [4.3397037075e-08, 3.36425571845e-08, 2.05942569664e-07, 9.49398440753e-07, 2.7113469514e-07, 1.2920760355e-06, 1.13076202979e-06, 1.59158943802e-07, 1.45882864899e-07, 6.66829222951e-08, 1.68028464032e-07, 1.63214821214e-07, 3.04295220133e-08, 3.13688950371e-08, 2.78229563833e-08, 8.31888335995e-09, 1.29677113492e-08, 1.70520131348e-08, 1.22214478537e-08, 1.04427977377e-08, 6.83973722104e-09, 5.2915232196e-09, 5.17650544651e-09, 2.89134405307e-09, 3.24762550186e-09, 2.4952653277e-09, 2.18378648498e-09, 2.48294318439e-09, 6.78482958705e-09, 2.3543169636e-09, 1.21618659588e-09, 1.27328436683e-09, 1.29989385922e-09, 1.23840482313e-09, 1.33688937698e-09, 1.26078814056e-09, 1.10981457357e-09, 1.04997410766e-09, 7.36322169903e-10, 5.48383116694e-10],
        "stdev": [0.000248297466896, 0.000428704894148, 0.00035557767842, 0.000813208753243, 0.0011421070667, 0.0010571234161, 0.000364704581443, 0.000300874176901, 0.000281649030512, 0.000383097707527, 0.000290534546366, 0.000236199353822, 0.000476022396469, 0.000160468567628, 0.000111619585368, 0.000157880669576, 0.000164935423527, 0.000182606847375, 0.000187266559806, 0.000110819593829, 5.87184695178e-05, 6.24124368187e-05, 5.59664913453e-05, 3.96115356125e-05, 4.18315685238e-05, 4.47380625701e-05, 2.14552710531e-05, 1.70343100763e-05, 2.60533961409e-05, 9.18635487324e-06, 3.42758244187e-06, 1.32160198518e-06, 8.38771143208e-07, 8.00859822903e-07, 9.06231207409e-07, 1.02556998627e-06, 1.02040655747e-06, 6.01823671786e-07, 5.62269008242e-07, 4.20252462163e-07]
    },
    "melbands128": {
        "max": [0.000298574566841, 0.00109916494694, 0.00391991669312, 0.00637086573988, 0.00683160033077, 0.00396908866242, 0.00304575357586, 0.00586347654462, 0.0190976709127, 0.0218104347587, 0.016515802592, 0.0221182368696, 0.0149161126465, 0.0229241997004, 0.0175383277237, 0.0118564069271, 0.00706675136462, 0.00517258467153, 0.00456809671596, 0.00852108839899, 0.00344437244348, 0.0045684943907, 0.00587001442909, 0.00905666220933, 0.0157424584031, 0.0118504092097, 0.00492215249687, 0.0100051118061, 0.00518720690161, 0.00418258924037, 0.00536747183651, 0.00542760640383, 0.00845978409052, 0.00688460329548, 0.00179822696373, 0.00370378629304, 0.00310585089028, 0.0021130326204, 0.00315338349901, 0.00700114434585, 0.00554388388991, 0.00690057687461, 0.00503436569124, 0.00456392718479, 0.00183972145896, 0.00796780269593, 0.0108945574611, 0.00448608817533, 0.00619233446196, 0.00572542659938, 0.00305872526951, 0.00193620007485, 0.00149245653301, 0.0019890202675, 0.00200026412494, 0.00129561626818, 0.00112632545643, 0.00191960087977, 0.00158762326464, 0.00140047771856, 0.000857650011312, 0.000848961877637, 0.00156186334789, 0.000582607579418, 0.000902155356016, 0.00140631094109, 0.000464729848318, 0.001429186319, 0.000271839671768, 0.00050131540047, 0.000305439985823, 0.000402680336265, 0.000487456039991, 0.000478705274872, 0.00036014066427, 0.000221874477575, 0.000108452244604, 9.01868697838e-05, 5.19128225278e-05, 2.47305142693e-05, 2.31452340813e-05, 2.34010294662e-05, 1.95586744667e-05, 9.15708096727e-06, 1.13198821055e-05, 1.32245504574e-05, 1.45828462337e-05, 2.03970594157e-05, 1.3806971765e-05, 1.6389596567e-05, 2.36013365793e-05, 2.33066930377e-05, 6.50002039038e-05, 1.62233045558e-05, 1.28669989863e-05, 7.33243905415e-06, 7.01291537553e-06, 5.88844750382e-06, 1.46747934195e-05, 1.33065686896e-05, 7.28925533622e-06, 8.85796089278e-06, 8.09814446256e-06, 2.19069952436e-05, 2.59739408648e-05, 1.47683349496e-05, 2.69260563073e-05, 2.23485822062e-05, 1.47594982991e-05, 1.19241340144e-05, 1.54877998284e-05, 1.47472183016e-05, 4.5368924475e-06, 3.7368665744e-06, 2.92515323963e-06, 2.89883610094e-06, 2.01790135179e-06, 2.04887828659e-06, 1.25615099478e-06, 8.59604369907e-07, 1.03318166111e-06, 3.19899868373e-07, 6.75689904028e-08, 2.68039168638e-09, 5.83738779536e-10, 5.79169878723e-10, 5.7397075981e-10, 5.70252234322e-10],
        "mean": [1.85328881344e-05, 0.000110218345071, 0.000223363895202, 0.000285517948214, 0.0002693986753, 0.000196834371309, 0.000144248391734, 0.000240785680944, 0.000567842158489, 0.000545898685232, 0.000551460776478, 0.000589826318901, 0.000613005191553, 0.000738249276765, 0.000539033790119, 0.000563873152714, 0.000406852981541, 0.000179622409632, 0.000158978786203, 0.00020051530737, 0.000114395399578, 0.00011452576291, 0.000142937467899, 0.000124208614579, 0.000158571405336, 6.12180883763e-05, 0.000146146616316, 0.00019408755179, 7.63190182624e-05, 0.000116591123515, 8.48675263114e-05, 0.000150330321048, 0.000229839002714, 9.1296104074e-05, 3.67961474694e-05, 7.8452656453e-05, 7.48758684495e-05, 1.79389444384e-05, 4.36415975855e-05, 4.08004125347e-05, 2.81873781205e-05, 7.78910398367e-05, 6.58652061247e-05, 5.56073027838e-05, 1.78389964276e-05, 4.27124032285e-05, 6.22763400315e-05, 4.3581600039e-05, 6.88204163453e-05, 7.31561158318e-05, 3.45815606124e-05, 2.26081247092e-05, 2.75115417026e-05, 2.3828659323e-05, 3.25950641127e-05, 2.2311529392e-05, 2.56093189819e-05, 3.17292870022e-05, 1.17408835649e-05, 9.48171054915e-06, 1.64783068612e-05, 2.1974907213e-05, 2.63605761575e-05, 1.21304719869e-05, 1.41148766488e-05, 2.82166565739e-05, 2.39916189457e-05, 1.21602361105e-05, 5.7799870774e-06, 9.08595120563e-06, 8.11560767033e-06, 8.69777431944e-06, 1.3117493836e-05, 1.49111028804e-05, 6.55278608974e-06, 4.28441671829e-06, 3.68022369912e-06, 2.2914452984e-06, 1.19298545087e-06, 9.98808559416e-07, 7.58006024171e-07, 6.31787941074e-07, 6.12726125837e-07, 4.67001143534e-07, 4.91595926633e-07, 4.43892815838e-07, 4.02230995178e-07, 4.34445695419e-07, 4.92404979013e-07, 4.53779847476e-07, 5.18545789419e-07, 4.34311829167e-07, 5.01858494317e-07, 5.22991854268e-07, 5.47980050669e-07, 3.39083072731e-07, 2.9120377576e-07, 2.28107865041e-07, 2.47956563726e-07, 2.36482875948e-07, 1.16136895656e-07, 1.46939726164e-07, 1.6776756695e-07, 2.11962827734e-07, 2.55243975289e-07, 2.40891097292e-07, 1.94625471295e-07, 1.72041865198e-07, 1.56520442829e-07, 1.42977043538e-07, 1.26257191368e-07, 1.01425797538e-07, 4.98559131756e-08, 4.61194495927e-08, 5.38559099539e-08, 5.47474030554e-08, 3.34194147911e-08, 2.01616927598e-08, 6.78823219857e-09, 3.38357541985e-09, 2.9347839714e-09, 1.71961944684e-09, 5.74465142122e-10, 2.07217350917e-11, 3.37501793006e-12, 3.05625598614e-12, 2.88137113995e-12, 2.84340866824e-12],
        "min": [3.58454294025e-10, 7.4063337685e-09, 1.93191205256e-08, 2.23557012902e-08, 6.2090750319e-09, 2.77840737084e-08, 8.9790379576e-09, 5.1391850775e-08, 4.27894690347e-07, 5.91637785874e-07, 1.45590263401e-07, 6.2048904681e-08, 6.51749800795e-08, 4.03400512994e-08, 3.81633441293e-07, 1.73470880327e-07, 5.16690931818e-07, 2.60441993305e-07, 1.29721144049e-07, 4.70005154796e-08, 5.82311159292e-08, 6.4024106905e-08, 3.01599598629e-08, 3.75051243395e-08, 2.23133191923e-08, 1.29673534133e-08, 3.11620063087e-08, 3.26049125476e-08, 4.04324183023e-08, 1.47357352986e-08, 1.4659035763e-08, 7.79193243261e-09, 9.99474458752e-09, 6.98701541069e-09, 2.43640019271e-09, 3.72097508361e-09, 7.05803859802e-09, 1.19865664061e-08, 5.74365577322e-09, 3.13603498725e-09, 2.17890683274e-09, 6.98938107391e-09, 5.24479260022e-09, 4.0685415037e-09, 1.3771099816e-09, 4.43114922533e-09, 5.88574433635e-09, 1.18318221887e-09, 4.79593253999e-10, 1.64705615813e-09, 5.66063507179e-09, 3.79620157531e-09, 2.15540540971e-09, 2.6286999244e-09, 3.52230844491e-09, 2.35536545823e-09, 1.47141221429e-09, 2.14771755935e-09, 2.821263001e-09, 1.78468684275e-09, 1.59769286689e-09, 2.01838945557e-09, 4.29082458453e-09, 1.41765088557e-09, 9.17213305307e-10, 5.72829561563e-10, 2.77000111737e-09, 1.82238879542e-09, 1.58413115958e-09, 3.92673005223e-10, 1.09128872605e-09, 1.99552441238e-09, 3.87330212348e-09, 2.78714340496e-09, 1.28959576351e-09, 1.76623826675e-09, 1.5954453314e-09, 2.69112815365e-10, 8.77682704292e-10, 1.11176023943e-09, 5.03954100672e-10, 1.13638676247e-09, 1.33561872673e-09, 7.91700260905e-10, 1.05023090224e-09, 9.81153144841e-11, 5.11589715035e-10, 7.23942239489e-10, 1.08467324011e-09, 1.15178233617e-09, 9.49423317742e-10, 8.66935634392e-10, 9.35959865167e-10, 7.05807523538e-10, 7.95415122656e-10, 7.82559461676e-10, 4.12134172276e-12, 1.21021821037e-11, 4.79350614757e-10, 2.40449826716e-10, 1.72261482856e-10, 3.31825900091e-10, 4.99949359689e-10, 4.5655285108e-10, 4.15222412009e-10, 4.85810558448e-10, 1.98693672626e-10, 1.26385332755e-10, 1.68804914491e-10, 1.17552620416e-10, 2.95791884909e-12, 6.18766496374e-11, 5.88054119288e-11, 8.74487704472e-11, 1.34738123436e-10, 1.1048105486e-10, 5.16378467763e-11, 8.15068336175e-13, 2.58992290504e-13, 2.90934377284e-13, 2.70592142443e-13, 3.47434076951e-13, 2.77609966265e-13, 3.48034128643e-13, 2.28408112736e-13, 9.42670285364e-14, 1.15445254403e-14, 3.10198738347e-16],
        "stdev": [2.63487418124e-05, 0.000131334541948, 0.000366750464309, 0.000608951435424, 0.000555228209123, 0.000351075897925, 0.000245302799158, 0.000401221041102, 0.000897361838724, 0.000998455099761, 0.00124509737361, 0.00140848732553, 0.00142932706513, 0.00178299983963, 0.0013505644165, 0.00101826025639, 0.000679688295349, 0.000367583736079, 0.000395768583985, 0.000532783975359, 0.000258858926827, 0.000285367423203, 0.000364915613318, 0.000532443635166, 0.000756775320042, 0.000303772685584, 0.000322262814734, 0.000491996877827, 0.000238791602897, 0.000297990889521, 0.000280720676528, 0.00052389560733, 0.00083570566494, 0.0004233950458, 0.000116488961794, 0.000254267419223, 0.000257770268945, 9.97303213808e-05, 0.000169394683326, 0.000226281772484, 0.000173050022568, 0.00036455024383, 0.000225723328185, 0.000223079856369, 9.08336951397e-05, 0.000313941534841, 0.000376245036023, 0.000236599167692, 0.000285395479295, 0.000265960319666, 0.000128310799482, 8.19550841697e-05, 0.000101381847344, 6.82607787894e-05, 9.30374517338e-05, 8.37860789034e-05, 9.50259636738e-05, 0.000117136682093, 4.82961731905e-05, 5.71068339923e-05, 5.0848328101e-05, 6.57291893731e-05, 8.98323341971e-05, 3.57203171006e-05, 5.36914740223e-05, 7.97894317657e-05, 5.38038548257e-05, 4.61817871837e-05, 1.74856995727e-05, 2.13842522498e-05, 1.92500356206e-05, 2.7842939744e-05, 4.13303678215e-05, 4.12678855355e-05, 2.27548862313e-05, 1.24893904285e-05, 1.12804464152e-05, 7.37248001315e-06, 3.09901520268e-06, 1.95997063202e-06, 1.60885826972e-06, 1.3064606037e-06, 1.1540282685e-06, 8.5203589606e-07, 8.79052151959e-07, 8.35189780446e-07, 8.80583343132e-07, 1.03603144908e-06, 1.06142249479e-06, 9.03359421045e-07, 1.06049071746e-06, 1.10191160729e-06, 1.80606582489e-06, 1.08561357592e-06, 1.06543518541e-06, 6.86142527684e-07, 6.27519568752e-07, 5.06452295213e-07, 6.82369829974e-07, 6.96524637078e-07, 3.191501321e-07, 4.42420684976e-07, 5.24123549894e-07, 7.98435280558e-07, 1.1096600474e-06, 1.01261787222e-06, 9.82801452665e-07, 7.17965519925e-07, 7.66398159158e-07, 6.96727965988e-07, 6.65193226723e-07, 5.6372743984e-07, 1.72645115981e-07, 1.50927576215e-07, 1.52334934e-07, 1.54241703854e-07, 1.07774397407e-07, 9.00481254007e-08, 4.40957848014e-08, 3.24545368358e-08, 3.20321085212e-08, 1.2237587832e-08, 3.21114135282e-09, 1.36479647028e-10, 2.07860881285e-11, 2.05728038771e-11, 2.03912910862e-11, 2.02582586123e-11]
    },
    "mfcc": {
        "mean": [-678.930603027, 132.669036865, -8.03556442261, 25.3861465454, 0.925331771374, -6.26743221283, -4.98705530167, -7.43455314636, -7.17769289017, 0.648847281933, -11.0832195282, -2.94842147827, -3.77793717384],
        "cov": [[6244.9296875, -1465.96264648, -1697.60778809, 114.695327759, -338.855285645, -373.296234131, 237.794998169, 28.4603481293, -28.1345977783, 56.8735923767, -188.080337524, 154.993988037, 35.7070198059], [-1465.96264648, 964.654602051, 402.633239746, -33.0812301636, 49.6098136902, 70.2899627686, -54.5322380066, 52.4165840149, 30.2617263794, -32.9180107117, 74.4042434692, -65.2409896851, -27.5321788788], [-1697.60778809, 402.633239746, 922.78125, 6.900203228, 110.667236328, 127.121650696, -119.879714966, 21.9649753571, 33.8538780212, -65.2393951416, 95.2722702026, -42.0693664551, -44.8992881775], [114.695327759, -33.0812301636, 6.900203228, 264.471954346, 107.097000122, -66.1362380981, -34.2920875549, 24.7525272369, 13.5278949738, -22.1814403534, -12.2188749313, 30.8480014801, -1.24583649635], [-338.855285645, 49.6098136902, 110.667236328, 107.097000122, 206.878463745, 46.5441589355, -39.1952705383, 7.28801727295, 25.5234642029, 11.7878370285, 19.3194122314, -15.8028087616, 5.45574522018], [-373.296234131, 70.2899627686, 127.121650696, -66.1362380981, 46.5441589355, 213.216308594, 68.5456314087, -45.2338943481, -1.5570141077, 45.894908905, 27.2685699463, -36.7506408691, 8.23251342773], [237.794998169, -54.5322380066, -119.879714966, -34.2920875549, -39.1952705383, 68.5456314087, 183.881942749, 3.72978448868, -1.60784852505, 61.9081764221, -16.5278091431, 20.8576927185, 0.559011936188], [28.4603481293, 52.4165840149, 21.9649753571, 24.7525272369, 7.28801727295, -45.2338943481, 3.72978448868, 139.343902588, 36.9096641541, -32.3233413696, 22.0826587677, 9.03227615356, 4.76610326767], [-28.1345977783, 30.2617263794, 33.8538780212, 13.5278949738, 25.5234642029, -1.5570141077, -1.60784852505, 36.9096641541, 106.712501526, 25.3399925232, 8.24240207672, -4.47950220108, -8.65230369568], [56.8735923767, -32.9180107117, -65.2393951416, -22.1814403534, 11.7878370285, 45.894908905, 61.9081764221, -32.3233413696, 25.3399925232, 111.925743103, 7.21414041519, -8.27364063263, -3.10083127022], [-188.080337524, 74.4042434692, 95.2722702026, -12.2188749313, 19.3194122314, 27.2685699463, -16.5278091431, 22.0826587677, 8.24240207672, 7.21414041519, 93.1099777222, 11.0051527023, 2.8093791008], [154.993988037, -65.2409896851, -42.0693664551, 30.8480014801, -15.8028087616, -36.7506408691, 20.8576927185, 9.03227615356, -4.47950220108, -8.27364063263, 11.0051527023, 103.948158264, 23.2990436554], [35.7070198059, -27.5321788788, -44.8992881775, -1.24583649635, 5.45574522018, 8.23251342773, 0.559011936188, 4.76610326767, -8.65230369568, -3.10083127022, 2.8093791008, 23.2990436554, 76.895652771]],
        "icov": [[0.000477003864944, 0.000452221982414, 0.000669214117806, -0.00033766310662, 0.00049252883764, 5.88267830608e-05, -0.000138587303809, -0.000165915829712, -0.000250066514127, 0.000250446639257, -0.000243600341491, 5.60423904972e-05, 0.00026962836273], [0.000452221982414, 0.00179264496546, 0.00015549636737, -0.000199147558305, 0.000439153256593, 5.47132767679e-05, -0.000234520528466, -0.000481702765683, -0.000344027619576, 0.000469779159175, -0.00084745005006, 0.000796547101345, 0.000283815781586], [0.000669214117806, 0.00015549636737, 0.00289650750346, -0.000596329220571, 0.000471744016977, -0.00166592397727, 0.00114683096763, -0.00044916087063, -0.000800690613687, 0.00141571799759, -0.00115258595906, -0.00044824561337, 0.00173583568539], [-0.00033766310662, -0.000199147558305, -0.000596329220571, 0.00662524113432, -0.00462295394391, 0.00256182090379, -0.000694572809152, 0.000233508602832, 6.2582665123e-05, 0.000770045968238, 0.00110471481457, -0.00164636643603, 0.000385515100788], [0.00049252883764, 0.000439153256593, 0.000471744016977, -0.00462295394391, 0.00943800620735, -0.00374100450426, 0.00298030045815, -0.00158171425574, -0.000767515855841, -0.00210017594509, -0.000240339169977, 0.000677565287333, -0.000431230553659], [5.88267830608e-05, 5.47132767679e-05, -0.00166592397727, 0.00256182090379, -0.00374100450426, 0.0116993431002, -0.00698278378695, 0.00464948825538, -0.000489129044581, 0.000867546303198, -0.00329862651415, 0.00422324705869, -0.00334265129641], [-0.000138587303809, -0.000234520528466, 0.00114683096763, -0.000694572809152, 0.00298030045815, -0.00698278378695, 0.0126481764019, -0.00524850795045, 0.00216361973435, -0.00648533785716, 0.00436305813491, -0.00485852081329, 0.00270289089531], [-0.000165915829712, -0.000481702765683, -0.00044916087063, 0.000233508602832, -0.00158171425574, 0.00464948825538, -0.00524850795045, 0.0125161986798, -0.0049198763445, 0.00602586846799, -0.0046315593645, 0.00234274053946, -0.0023282978218], [-0.000250066514127, -0.000344027619576, -0.000800690613687, 6.2582665123e-05, -0.000767515855841, -0.000489129044581, 0.00216361973435, -0.0049198763445, 0.0128728421405, -0.00582501944155, 0.00182658212725, -0.000883917964529, 0.00133711495437], [0.000250446639257, 0.000469779159175, 0.00141571799759, 0.000770045968238, -0.00210017594509, 0.000867546303198, -0.00648533785716, 0.00602586846799, -0.00582501944155, 0.0169337708503, -0.00472276192158, 0.00262191146612, 2.63442670985e-05], [-0.000243600341491, -0.00084745005006, -0.00115258595906, 0.00110471481457, -0.000240339169977, -0.00329862651415, 0.00436305813491, -0.0046315593645, 0.00182658212725, -0.00472276192158, 0.0158858951181, -0.0047654574737, 0.000658757169731], [5.60423904972e-05, 0.000796547101345, -0.00044824561337, -0.00164636643603, 0.000677565287333, 0.00422324705869, -0.00485852081329, 0.00234274053946, -0.000883917964529, 0.00262191146612, -0.0047654574737, 0.0144720124081, -0.0048439106904], [0.00026962836273, 0.000283815781586, 0.00173583568539, 0.000385515100788, -0.000431230553659, -0.00334265129641, 0.00270289089531, -0.0023282978218, 0.00133711495437, 2.63442670985e-05, 0.000658757169731, -0.0048439106904, 0.0161091051996]]
    },
    "spectral_contrast_coeffs": {
        "max": [-0.393311023712, -0.433812379837, -0.445806711912, -0.471561849117, -0.56490945816, -0.660177469254],
        "mean": [-0.678122341633, -0.727578341961, -0.719882309437, -0.756886065006, -0.770445108414, -0.781087338924],
        "min": [-0.911036491394, -0.912878870964, -0.925137579441, -0.913174450397, -0.902189970016, -0.869480490685],
        "stdev": [0.0778729096055, 0.0728000625968, 0.0646050199866, 0.0598281919956, 0.0586954914033, 0.035098105669]
    },
    "spectral_contrast_valleys": {
        "max": [-5.48347377777, -5.15293645859, -5.83271360397, -6.13090419769, -5.76431941986, -8.63375854492],
        "mean": [-7.07879972458, -6.94789981842, -7.97157621384, -8.14939880371, -7.99597549438, -10.8015003204],
        "min": [-10.6338787079, -9.23406505585, -10.4243631363, -11.0600471497, -10.6853437424, -13.0346679688],
        "stdev": [0.67655134201, 0.696132063866, 0.893399059772, 0.930948197842, 0.982805430889, 0.787164986134]
    }
},
"rhythm": {
    "beats_count": 61,
    "beats_loudness": {
        "max": 0.066303268075,
        "mean": 0.0241924077272,
        "min": 0.00191466195974,
        "stdev": 0.0159515496343
    },
    "bpm": 75.9268569946,
    "bpm_histogram_first_peak_bpm": 76,
    "bpm_histogram_first_peak_weight": 0.16666674614,
    "bpm_histogram_second_peak_bpm": 0,
    "bpm_histogram_second_peak_spread": 0,
    "bpm_histogram_second_peak_weight": 0,
    "danceability": 0.929193854332,
    "onset_rate": 2.296875,
    "beats_loudness_band_ratio": {
        "max": [0.790402173996, 0.960128068924, 0.515354633331, 0.661290109158, 0.640928387642, 0.293159753084],
        "mean": [0.273681819439, 0.37475925684, 0.146194264293, 0.115804791451, 0.127804771066, 0.0736947581172],
        "min": [0.0115168131888, 0.0190477147698, 0.014883024618, 0.00306932721287, 0.00104995607398, 0.00083536922466],
        "stdev": [0.191924080253, 0.224888443947, 0.104914344847, 0.136154264212, 0.150231063366, 0.070927746594]
    },
    "beats_position": [0.801088392735, 1.62539684772, 2.43809509277, 3.25079369545, 4.06349182129, 4.87619018555, 5.66566896439, 6.46675729752, 7.26784563065, 8.05732440948, 8.84680271149, 9.63628101349, 10.4257593155, 11.2036275864, 11.9931058884, 12.782585144, 13.572063446, 14.3499317169, 15.1277999878, 15.9056682587, 16.6951465607, 17.4846248627, 18.2741031647, 19.0751914978, 19.8762817383, 20.6657600403, 21.4552383423, 22.2447166443, 23.0574150085, 23.8468933105, 24.6595916748, 25.4490699768, 26.2501583099, 27.0280265808, 27.8058948517, 28.5837631226, 29.3732414246, 30.1743297577, 30.9754180908, 31.7648983002, 32.5659866333, 33.3554649353, 34.1333312988, 34.8879814148, 35.6542396545, 36.455329895, 37.244808197, 38.034286499, 38.8353729248, 39.6248512268, 40.402721405, 41.1689796448, 41.9468460083, 42.7247161865, 43.5141944885, 44.2920608521, 45.0931510925, 45.8710212708, 46.6488876343, 47.4383659363, 48.2278442383],
