{
"metadata": {
    "version": {
        "essentia": "2.1-beta5",
        "essentia_git_sha": "Undefined",
        "extractor": "music 2.0"
    },
    "audio_properties": {
        "analysis": {
            "equal_loudness": 0,
            "length": 12.7477550507,
            "sample_rate": 44100,
            "start_time": 0,
            "downmix": "mix"
        },
        "bit_rate": 192000,
        "length": 220.438644409,
        "lossless": 0,
        "number_channels": 2,
        "replay_gain": 8.68351173401,
        "sample_rate": 48000,
        "codec": "mp3",
        "md5_encoded": "0cb18bf3972cf59b4164d32e5a972f47"
    },
    "tags": {
        "file_name": "France_J_ai Volé La Vie_Nathalie Pâque.mp3",
        "encoding": ["Lavf58.29.100"]
    }
},
"lowlevel": {
    "average_loudness": 0.000395856361138,
    "barkbands_crest": {
        "max": 12.4459581375,
        "mean": 6.57619714737,
        "min": 2.9543466568,
        "stdev": 0.880557894707
    },
    "barkbands_flatness_db": {
        "max": 0.220216035843,
        "mean": 0.0794203430414,
        "min": 0.0566276982427,
        "stdev": 0.019372060895
    },
    "barkbands_kurtosis": {
        "max": 9.59076690674,
        "mean": 3.17350530624,
        "min": -1.46413362026,
        "stdev": 1.04883134365
    },
    "barkbands_skewness": {
        "max": 2.57937502861,
        "mean": -1.67206907272,
        "min": -2.30082726479,
        "stdev": 0.680741667747
    },
    "barkbands_spread": {
        "max": 53.2098693848,
        "mean": 25.3551273346,
        "min": 5.16471242905,
        "stdev": 4.89946460724
    },
    "dissonance": {
        "max": 0.499999761581,
        "mean": 0.491708993912,
        "min": 0.379588365555,
        "stdev": 0.0115185650066
    },
    "dynamic_complexity": 7.06335830688,
    "erbbands_crest": {
        "max": 15.2759666443,
        "mean": 3.81280040741,
        "min": 2.56963133812,
        "stdev": 1.47738409042
    },
    "erbbands_flatness_db": {
        "max": 0.301198601723,
        "mean": 0.108568221331,
        "min": 0.0809570476413,
        "stdev": 0.0329478867352
    },
    "erbbands_kurtosis": {
        "max": 4.49223041534,
        "mean": 0.179315969348,
        "min": -1.45884776115,
        "stdev": 0.486298680305
    },
    "erbbands_skewness": {
        "max": 1.6242467165,
        "mean": -0.569462954998,
        "min": -0.950509548187,
        "stdev": 0.34166970849
    },
    "erbbands_spread": {
        "max": 44.1005973816,
        "mean": 34.8815689087,
        "min": 8.65258693695,
        "stdev": 5.53378868103
    },
    "hfc": {
        "max": 451.483642578,
        "mean": 10.6994132996,
        "min": 1.03747182801e-16,
        "stdev": 49.6185340881
    },
    "loudness_ebu128": {
        "integrated": -25.1975650787,
        "loudness_range": 6.82954216003,
        "momentary": {
            "max": -23.4589252472,
            "mean": -276.837432861,
            "min": -300.691009521,
            "stdev": 76.8439407349
        },
        "short_term": {
            "max": -30.12591362,
            "mean": -271.391693115,
            "min": -300.691009521,
            "stdev": 82.9425888062
        }
    },
    "melbands_crest": {
        "max": 14.8052110672,
        "mean": 2.75197458267,
        "min": 1.41953980923,
        "stdev": 1.77645337582
    },
    "melbands_flatness_db": {
        "max": 0.242908149958,
        "mean": 0.0168548710644,
        "min": 0.00277772545815,
        "stdev": 0.0401445664465
    },
    "melbands_kurtosis": {
        "max": 12.5709972382,
        "mean": -0.882152557373,
        "min": -1.41589093208,
        "stdev": 1.49811792374
    },
    "melbands_skewness": {
        "max": 2.41517663002,
        "mean": 0.0583709664643,
        "min": -0.713085174561,
        "stdev": 0.358064323664
    },
    "melbands_spread": {
        "max": 174.163497925,
        "mean": 124.356651306,
        "min": 7.90788793564,
        "stdev": 29.6935482025
    },
    "pitch_salience": {
        "max": 0.974874794483,
        "mean": 0.789905190468,
        "min": 0.659476816654,
        "stdev": 0.0177678205073
    },
    "silence_rate_20dB": {
        "max": 1,
        "mean": 0.990909099579,
        "min": 0,
        "stdev": 0.0949118584394
    },
    "silence_rate_30dB": {
        "max": 1,
        "mean": 0.972727298737,
        "min": 0,
        "stdev": 0.162877053022
    },
    "silence_rate_60dB": {
        "max": 1,
        "mean": 0.923636376858,
        "min": 0,
        "stdev": 0.265579044819
    },
    "spectral_centroid": {
        "max": 12016.3632812,
        "mean": 10266.7236328,
        "min": 646.658752441,
        "stdev": 2522.83984375
    },
    "spectral_complexity": {
        "max": 63,
        "mean": 3.39454555511,
        "min": 0,
        "stdev": 12.3203744888
    },
    "spectral_decrease": {
        "max": 2.44381106199e-28,
        "mean": -2.20679075014e-09,
        "min": -1.20339279874e-07,
        "stdev": 1.19904433049e-08
    },
    "spectral_energy": {
        "max": 0.495139718056,
        "mean": 0.00929940026253,
        "min": 9.66814273728e-21,
        "stdev": 0.0489365905523
    },
    "spectral_energyband_high": {
        "max": 0.0271676927805,
        "mean": 0.000353171635652,
        "min": 6.92133360914e-21,
        "stdev": 0.00234891125001
    },
    "spectral_energyband_low": {
        "max": 0.0230630077422,
        "mean": 0.000376255775336,
        "min": 7.43665644011e-24,
        "stdev": 0.00229394366033
    },
    "spectral_energyband_middle_high": {
        "max": 0.232039779425,
        "mean": 0.00327500677668,
        "min": 1.12316647485e-21,
        "stdev": 0.0167793203145
    },
    "spectral_energyband_middle_low": {
        "max": 0.39152431488,
        "mean": 0.00545543571934,
        "min": 1.50995386241e-22,
        "stdev": 0.0358326248825
    },
    "spectral_entropy": {
        "max": 9.83075714111,
        "mean": 9.63023853302,
        "min": 7.10471391678,
        "stdev": 0.577330589294
    },
    "spectral_flux": {
        "max": 0.509340286255,
        "mean": 0.0165376123041,
        "min": 6.22325038724e-11,
        "stdev": 0.0670022591949
    },
    "spectral_kurtosis": {
        "max": 20.440536499,
        "mean": -0.554423689842,
        "min": -1.27958881855,
        "stdev": 2.45336270332
    },
    "spectral_rms": {
        "max": 0.0219786968082,
        "mean": 0.000727824459318,
        "min": 3.07121060354e-12,
        "stdev": 0.00292281690054
    },
    "spectral_rolloff": {
        "max": 19659.8144531,
        "mean": 17489.6269531,
        "min": 538.330078125,
        "stdev": 4424.53955078
    },
    "spectral_skewness": {
        "max": 3.1142706871,
        "mean": 0.140499442816,
        "min": -0.0988509953022,
        "stdev": 0.495285272598
    },
    "spectral_spread": {
        "max": 43857120,
        "mean": 37471536,
        "min": 2271916.25,
        "stdev": 10249213
    },
    "spectral_strongpeak": {
        "max": 11.191534996,
        "mean": 0.220413610339,
        "min": 0,
        "stdev": 1.0518733263
    },
    "zerocrossingrate": {
        "max": 0.7080078125,
        "mean": 0.468253731728,
        "min": 0.03369140625,
        "stdev": 0.112002767622
    },
    "barkbands": {
        "max": [0.000836972263642, 0.0085635446012, 0.0139588220045, 0.0307011138648, 0.051761418581, 0.113804914057, 0.208059549332, 0.108608350158, 0.196510896087, 0.0277758929878, 0.0575563088059, 0.133673205972, 0.00798343960196, 0.00646625924855, 0.00584699306637, 0.0080000301823, 0.0140546811745, 0.0455561205745, 0.0278344973922, 0.0100004039705, 0.0105449045077, 0.00891395192593, 0.00398556515574, 0.00326786236838, 0.000381537654903, 4.44348443125e-05, 2.57709434663e-05],
        "mean": [2.06166964745e-06, 0.000103212165413, 0.000150922176545, 0.000248760246905, 0.000581619329751, 0.00106264092028, 0.00139798724558, 0.000870311923791, 0.00118781032506, 0.000264118076302, 0.000435417838162, 0.000751306768507, 0.000232658683672, 0.00018643499061, 0.000188711739611, 0.000214393614442, 0.000230039091548, 0.000423301069532, 0.000348150701029, 0.000140620424645, 0.000101710596937, 9.84283979051e-05, 4.12587432947e-05, 3.17877165799e-05, 5.07237973579e-06, 5.57430780646e-07, 1.02162900362e-07],
        "min": [2.78832821667e-25, 1.2309812536e-24, 1.34615008934e-25, 5.11740823838e-25, 3.46022042605e-24, 5.18001647995e-24, 2.91594012525e-24, 4.84228067174e-24, 8.37285605205e-24, 1.57496837034e-23, 1.42387231914e-23, 2.14333334399e-23, 2.28116107031e-23, 2.46547889413e-23, 2.66063913778e-23, 4.64417561033e-23, 6.19495498096e-23, 7.89666805522e-23, 1.01297123968e-22, 1.40869403578e-22, 2.02719064665e-22, 3.08070353084e-22, 3.89425590862e-22, 5.19163674818e-22, 7.90406769673e-22, 1.20341834235e-21, 1.88297468054e-21],
        "stdev": [3.57761564374e-05, 0.000683405436575, 0.000942135928199, 0.00204278365709, 0.00403679674491, 0.00839767418802, 0.012305252254, 0.00673241121694, 0.0118912700564, 0.00179758062586, 0.00357256550342, 0.00798738189042, 0.000964616541751, 0.000772636616603, 0.000778402900323, 0.000919970392715, 0.00118052947801, 0.00315219257027, 0.00224530487321, 0.000875883037224, 0.000708643754479, 0.000738685950637, 0.000283550733002, 0.00022495444864, 3.00434621749e-05, 2.9302520943e-06, 1.1238745401e-06]
    },
    "erbbands": {
        "max": [0.0766775384545, 2.50117874146, 12.288599968, 50.4178504944, 173.543258667, 131.917984009, 532.19732666, 1415.54870605, 1761.74841309, 3080.60351562, 1687.50732422, 4012.78344727, 3949.68383789, 1395.6171875, 4357.0625, 5802.08740234, 603.888366699, 312.000518799, 342.462463379, 368.642242432, 767.877441406, 757.782470703, 2253.36621094, 1736.51013184, 1533.27563477, 563.80255127, 495.642456055, 355.052886963, 395.254241943, 150.400253296, 115.578399658, 100.663421631, 38.8723220825, 7.44246149063, 2.46095299721, 0.344137728214, 0.062489297241, 0.0168645456433, 0.00372123974375, 0.000589278584812],
        "mean": [0.00128227495588, 0.0302267596126, 0.156219944358, 0.553620100021, 1.23849999905, 1.62546825409, 5.47575712204, 10.1371479034, 14.0476636887, 26.4039173126, 18.7979545593, 24.1942367554, 17.8060646057, 10.7056903839, 23.9125347137, 29.3332309723, 11.7679376602, 9.4286403656, 9.65277385712, 10.2850236893, 13.2646951675, 13.2488193512, 18.7215652466, 22.413766861, 14.8384084702, 6.86441230774, 5.42827653885, 3.60151124001, 3.67104673386, 1.58434247971, 1.19781839848, 0.886856913567, 0.380545794964, 0.0845499634743, 0.0264381151646, 0.00556765403599, 0.000393490394345, 0.00011596580589, 1.95976117539e-05, 1.27048097056e-05],
        "min": [2.20345984887e-23, 3.6427589741e-22, 8.21930156316e-22, 3.23574961055e-21, 8.57947692372e-21, 1.38050175757e-20, 2.24322270213e-20, 5.51226180869e-20, 9.42087244123e-20, 7.96123728714e-20, 1.68704235563e-19, 2.73451124657e-19, 4.4280854856e-19, 5.27293932893e-19, 7.84781402305e-19, 9.29606045107e-19, 1.16320040253e-18, 1.59299910611e-18, 1.9999883043e-18, 2.57302553187e-18, 2.91807813413e-18, 4.1758753251e-18, 3.56953828761e-18, 4.41132236029e-18, 5.49416133913e-18, 6.54297631142e-18, 7.51159570973e-18, 6.79147667027e-18, 8.80759665088e-18, 1.05457322469e-17, 1.05713384499e-17, 9.12289804805e-18, 9.07269066641e-18, 7.54156032742e-18, 5.51684469948e-18, 3.58303622085e-18, 2.23358555685e-18, 8.58952568182e-19, 2.34389794975e-19, 2.44363063153e-20],
        "stdev": [0.00796009786427, 0.199572861195, 0.97776132822, 4.01683950424, 10.7663354874, 10.7105236053, 41.233505249, 86.1601486206, 113.649497986, 228.366134644, 133.243774414, 215.395477295, 203.724334717, 76.3220291138, 226.86416626, 305.575134277, 50.7390022278, 38.1684532166, 39.8084068298, 42.5750427246, 60.0275344849, 67.6221923828, 135.923202515, 142.2421875, 104.425498962, 43.8054046631, 36.722026825, 25.6202201843, 28.0564174652, 10.7265195847, 8.4141740799, 6.40502548218, 2.72704195976, 0.544949769974, 0.157690018415, 0.0269767865539, 0.00305786984973, 0.000819743494503, 0.00016755721299, 6.26763576292e-05]
    },
    "gfcc": {
        "mean": [-1159.40673828, 5.84021472931, -14.4483613968, 1.71438026428, -5.98470115662, 0.692676126957, -3.03908371925, 0.487711787224, -1.35097539425, -0.362252861261, -0.612818241119, -0.551725327969, -0.782645583153],
        "cov": [[127737.515625, 7562.55957031, -17216.0136719, 2102.03808594, -7125.02197266, 791.166687012, -3609.46459961, 568.858520508, -1615.69299316, -479.632507324, -660.27557373, -676.67010498, -931.11541748], [7562.55957031, 738.222961426, -906.305908203, 75.346282959, -420.128479004, -4.50971508026, -217.0181427, 10.8429765701, -93.860534668, -52.7872810364, -42.0653800964, -55.0353317261, -68.1011962891], [-17216.0136719, -906.305908203, 2396.70678711, -284.882263184, 966.629577637, -133.651321411, 483.278076172, -86.8954925537, 218.712310791, 58.3947525024, 94.7132492065, 86.7367706299, 120.69152832], [2102.03808594, 75.346282959, -284.882263184, 77.5571975708, -112.758392334, 23.6232719421, -59.7907791138, 13.0523071289, -20.956325531, -2.21621918678, -4.13898658752, -11.5622339249, -11.4511489868], [-7125.02197266, -420.128479004, 966.629577637, -112.758392334, 405.311889648, -42.0934486389, 202.592056274, -30.9877758026, 90.7158584595, 27.6747913361, 38.3271789551, 38.1423454285, 52.6077461243], [791.166687012, -4.50971508026, -133.651321411, 23.6232719421, -42.0934486389, 33.1284065247, -16.5504875183, 7.30889368057, -10.2100753784, -0.899134457111, -5.01485443115, -3.85167098045, -2.77764439583], [-3609.46459961, -217.0181427, 483.278076172, -59.7907791138, 202.592056274, -16.5504875183, 110.254554749, -13.4986639023, 44.3754119873, 10.0994625092, 20.0379085541, 18.5419406891, 26.4945297241], [568.858520508, 10.8429765701, -86.8954925537, 13.0523071289, -30.9877758026, 7.30889368057, -13.4986639023, 8.36391353607, -6.29363012314, -1.01847481728, -2.14985775948, -2.40715265274, -4.30183839798], [-1615.69299316, -93.860534668, 218.712310791, -20.956325531, 90.7158584595, -10.2100753784, 44.3754119873, -6.29363012314, 25.1648387909, 8.24189567566, 9.15073108673, 8.25922584534, 12.3883829117], [-479.632507324, -52.7872810364, 58.3947525024, -2.21621918678, 27.6747913361, -0.899134457111, 10.0994625092, -1.01847481728, 8.24189567566, 8.21559143066, 3.18890666962, 5.27025938034, 5.3368973732], [-660.27557373, -42.0653800964, 94.7132492065, -4.13898658752, 38.3271789551, -5.01485443115, 20.0379085541, -2.14985775948, 9.15073108673, 3.18890666962, 9.70975971222, 5.03970813751, 6.32730579376], [-676.67010498, -55.0353317261, 86.7367706299, -11.5622339249, 38.1423454285, -3.85167098045, 18.5419406891, -2.40715265274, 8.25922584534, 5.27025938034, 5.03970813751, 7.36217021942, 6.8113951683], [-931.11541748, -68.1011962891, 120.69152832, -11.4511489868, 52.6077461243, -2.77764439583, 26.4945297241, -4.30183839798, 12.3883829117, 5.3368973732, 6.32730579376, 6.8113951683, 10.6323404312]],
        "icov": [[0.00356978247873, -0.0113773867488, 0.0127765592188, -0.0134540162981, 0.00919871404767, -0.00113314716145, 0.00245387479663, -0.0151577154174, 0.0329213626683, -0.0231087170541, -0.002821914386, -0.00920919049531, 0.00298681971617], [-0.0113773867488, 0.049195472151, -0.0409266278148, 0.0522489920259, -0.0243806280196, 0.00736072706059, 0.0201430451125, 0.0702678784728, -0.129396542907, 0.123497724533, -0.0125205395743, 0.0494424253702, 0.00493243802339], [0.0127765592188, -0.0409266278148, 0.0870337039232, -0.0495164841413, -0.0309630632401, 0.0327824503183, -0.0358123593032, 0.0350637584925, 0.0888679474592, -0.0957610979676, -0.0413924753666, -0.0109289065003, 0.0568223074079], [-0.0134540162981, 0.0522489920259, -0.0495164841413, 0.107165582478, -0.030328957364, -0.013512596488, 0.0464642941952, 0.0416188910604, -0.147634804249, 0.0938753560185, -0.0705524533987, 0.133202970028, -0.0369230508804], [0.00919871404767, -0.0243806280196, -0.0309630632401, -0.030328957364, 0.205858230591, -0.039346601814, -0.0354325398803, -0.109349913895, 0.0827475190163, -0.110451489687, 0.0418707877398, -0.0475701093674, -0.0519944615662], [-0.00113314716145, 0.00736072706059, 0.0327824503183, -0.013512596488, -0.039346601814, 0.0979906916618, -0.0859423279762, 0.0746662095189, -0.00155708182137, -0.0403719618917, 0.0106749376282, 0.0595387108624, 0.00346803222783], [0.00245387479663, 0.0201430451125, -0.0358123593032, 0.0464642941952, -0.0354325398803, -0.0859423279762, 0.372417390347, -0.159689247608, -0.0513460189104, 0.322607606649, -0.0774663463235, -0.0311461556703, -0.0753432959318], [-0.0151577154174, 0.0702678784728, 0.0350637584925, 0.0416188910604, -0.109349913895, 0.0746662095189, -0.159689247608, 0.556481003761, -0.267310202122, 0.0827003419399, -0.0869620963931, 0.0492708273232, 0.243226960301], [0.0329213626683, -0.129396542907, 0.0888679474592, -0.147634804249, 0.0827475190163, -0.00155708182137, -0.0513460189104, -0.267310202122, 0.68887424469, -0.498606145382, 0.0201746635139, 0.0620767734945, -0.107708893716], [-0.0231087170541, 0.123497724533, -0.0957610979676, 0.0938753560185, -0.110451489687, -0.0403719618917, 0.322607606649, 0.0827003419399, -0.498606145382, 0.918847382069, 0.00847093109041, -0.274043232203, 0.0111955041066], [-0.002821914386, -0.0125205395743, -0.0413924753666, -0.0705524533987, 0.0418707877398, 0.0106749376282, -0.0774663463235, -0.0869620963931, 0.0201746635139, 0.00847093109041, 0.354505211115, -0.220492124557, -0.077448643744], [-0.00920919049531, 0.0494424253702, -0.0109289065003, 0.133202970028, -0.0475701093674, 0.0595387108624, -0.0311461556703, 0.0492708273232, 0.0620767734945, -0.274043232203, -0.220492124557, 0.854614973068, -0.224858790636], [0.00298681971617, 0.00493243802339, 0.0568223074079, -0.0369230508804, -0.0519944615662, 0.00346803222783, -0.0753432959318, 0.243226960301, -0.107708893716, 0.0111955041066, -0.077448643744, -0.224858790636, 0.556780695915]]
    },
    "melbands": {
        "max": [0.00145518861245, 0.00501074222848, 0.0103951739147, 0.0106326751411, 0.0148234879598, 0.0273554138839, 0.0346334800124, 0.0309217199683, 0.0118382396176, 0.0292615722865, 0.0195881593972, 0.00464416574687, 0.0110194375739, 0.0194095205516, 0.00561714777723, 0.000682249607053, 0.000612595409621, 0.000578983337618, 0.000487508252263, 0.000416303053498, 0.00110784743447, 0.000787873868831, 0.00148266681936, 0.00292572076432, 0.00138683174737, 0.00139206205495, 0.000540092936717, 0.000359295663657, 0.000349096837454, 0.000257235195022, 0.000243371818215, 0.000254899758147, 0.000126957733301, 6.28881462035e-05, 6.98835428921e-05, 6.44200117677e-05, 6.00100211159e-05, 3.16315345117e-05, 1.46545617099e-05, 3.85278553949e-06],
        "mean": [2.01912735065e-05, 7.13979243301e-05, 0.000115823706437, 9.87602761597e-05, 0.000167322141351, 0.000215329724597, 0.000241323985392, 0.000271751079708, 0.00014772664872, 0.000161503194249, 8.59857100295e-05, 3.85384737456e-05, 6.61946469336e-05, 9.95466689346e-05, 3.97580661229e-05, 2.14502833842e-05, 1.69702834683e-05, 1.52595730469e-05, 1.45447020259e-05, 1.33253815875e-05, 1.61915213539e-05, 1.36519174703e-05, 1.25445794765e-05, 2.18526183744e-05, 1.76747853402e-05, 1.3556009435e-05, 6.16384795649e-06, 4.18530817115e-06, 3.5152829696e-06, 2.51507253779e-06, 2.13820158024e-06, 2.45455021286e-06, 1.24169730498e-06, 7.28283680473e-07, 7.31680643185e-07, 5.62236380119e-07, 5.48059688299e-07, 3.03903334498e-07, 1.32548720444e-07, 4.83294435583e-08],
        "min": [4.24820678035e-25, 4.63904988799e-25, 8.57956837479e-25, 7.44638250343e-25, 6.69536226975e-25, 1.13514027425e-24, 1.04258559083e-24, 8.60536708462e-25, 1.5448756145e-24, 1.43511005688e-24, 1.88226136569e-24, 1.78857604737e-24, 2.25263333563e-24, 1.9773855663e-24, 2.04313455895e-24, 2.22145341113e-24, 2.24373202639e-24, 2.90102375161e-24, 2.41850475158e-24, 2.91077249467e-24, 3.4207347823e-24, 3.36942174699e-24, 3.49339044939e-24, 3.41643588479e-24, 3.10804156073e-24, 3.19778020795e-24, 2.66569727446e-24, 3.53350442085e-24, 3.41713323783e-24, 3.75741430576e-24, 3.65752873794e-24, 3.21771176479e-24, 4.55521616048e-24, 5.6538733928e-24, 5.08878944943e-24, 5.14772643095e-24, 5.11713361618e-24, 5.31607723673e-24, 5.66544992659e-24, 5.54571780168e-24],
        "stdev": [0.000127927167341, 0.000432226603152, 0.000848936848342, 0.000744250835851, 0.00121939042583, 0.00177476450335, 0.00204962864518, 0.00230530137196, 0.00101577304304, 0.00157798512373, 0.00100762653165, 0.000258473039139, 0.000581500935368, 0.00111582991667, 0.000280601147097, 8.82552776602e-05, 7.0428912295e-05, 6.43612947897e-05, 6.03473636147e-05, 5.69981129956e-05, 7.73996362113e-05, 6.87292995281e-05, 8.30965655041e-05, 0.000178050802788, 0.000111519657366, 9.78078242042e-05, 4.07522020396e-05, 2.73200421361e-05, 2.33864211623e-05, 1.77229940164e-05, 1.64477005455e-05, 1.91465569515e-05, 9.27837754716e-06, 4.80912831335e-06, 5.16029740538e-06, 4.09336007579e-06, 3.95259758079e-06, 2.2293602342e-06, 9.33544356485e-07, 2.92211382202e-07]
    },
    "melbands128": {
        "max": [0.000444248784333, 0.000580909021664, 0.00168103259057, 0.00536402873695, 0.00780637934804, 0.00783733837306, 0.0103461453691, 0.0170502718538, 0.0223254486918, 0.0132768116891, 0.00642083212733, 0.0107957776636, 0.0260641165078, 0.0252223573625, 0.04318908602, 0.0320216715336, 0.0162267647684, 0.0255393590778, 0.0763891488314, 0.0439880564809, 0.0229703001678, 0.01996072568, 0.0138907926157, 0.0176139734685, 0.0148891098797, 0.0537871457636, 0.0596024915576, 0.00929270964116, 0.00229966174811, 0.00376127241179, 0.00682147918269, 0.00556453596801, 0.0106613598764, 0.0135447978973, 0.026822604239, 0.0321642383933, 0.0148344542831, 0.00327835488133, 0.00111713807564, 0.000953642826062, 0.000865797162987, 0.00101095228456, 0.000765492790379, 0.000735940004233, 0.00079565361375, 0.000912347051781, 0.000826038653031, 0.000691777851898, 0.000891801551916, 0.000533754529897, 0.000596909609158, 0.000614216376562, 0.00114333000965, 0.0013201222755, 0.00166320404969, 0.00103218387812, 0.00147007522173, 0.0014236405259, 0.00211967504583, 0.00184939405881, 0.0051964125596, 0.00401152437553, 0.00237614382058, 0.001193225733, 0.00133368081879, 0.00170852791052, 0.00202861428261, 0.000481979193864, 0.000370479276171, 0.000363094528439, 0.000584719062317, 0.000592660391703, 0.000388015876524, 0.000357832643203, 0.000407869083574, 0.000352205621311, 0.000149622821482, 0.00010265205492, 0.000366428197594, 0.000468513724627, 0.00025891783298, 0.000392453075619, 0.000168985439814, 0.000173446271219, 0.00012387613242, 5.41399240319e-05, 5.54214711883e-05, 0.000107811203634, 7.56095905672e-05, 6.30959475529e-05, 5.90046329307e-05, 7.20338430256e-05, 5.99692248215e-05, 7.79530164436e-05, 4.54297187389e-05, 3.74405026378e-05, 3.55038064299e-05, 2.51947567449e-05, 1.62523829204e-05, 1.08395570351e-05, 3.61887191502e-06, 4.01011857321e-06, 2.09169616028e-06, 2.21785921894e-06, 6.85222494212e-06, 1.77399090262e-06, 7.26362713976e-07, 5.69414169149e-07, 5.24946017322e-07, 3.87043968431e-07, 3.38037949632e-07, 1.8376999833e-07, 1.44126474311e-07, 1.36618453439e-07, 1.35848324589e-07, 1.40397688142e-07, 1.26478965967e-07, 1.17898878216e-07, 1.15571189951e-07, 1.12763181903e-07, 1.11021279281e-07, 1.08502391072e-07, 1.06362477936e-07, 1.04448872662e-07, 1.03374844684e-07, 1.02124502632e-07, 1.01169973732e-07, 1.00694478533e-07],
        "mean": [1.26525151245e-06, 4.77018193124e-06, 2.33755727095e-05, 5.79199659114e-05, 7.32534681447e-05, 7.56631634431e-05, 0.00010903095972, 0.000126417246065, 0.000135082635097, 8.97746576811e-05, 6.81127348798e-05, 0.000140984207974, 0.000213300329051, 0.000165704783285, 0.00025562394876, 0.000226719203056, 0.000148926003021, 0.000242843903834, 0.000348715839209, 0.000353763171006, 0.00018189358525, 0.000164510711329, 0.000131562948809, 0.000155633839313, 0.000138550807605, 0.000180309682037, 0.000186997043784, 5.33339734829e-05, 2.73614641628e-05, 3.34595206368e-05, 4.06950493925e-05, 5.27270494786e-05, 5.31211226189e-05, 9.53716735239e-05, 8.95073462743e-05, 0.000131094901008, 6.48181812721e-05, 3.0873598007e-05, 2.64933660219e-05, 2.35331317526e-05, 2.06689401239e-05, 1.7615762772e-05, 1.79124563147e-05, 1.43639726957e-05, 1.8187736714e-05, 1.31446631713e-05, 1.60470699484e-05, 1.42655881064e-05, 1.49447914737e-05, 1.29996315081e-05, 1.19555943456e-05, 1.47496621139e-05, 1.6125582988e-05, 1.70550447365e-05, 1.63665099535e-05, 1.18255702546e-05, 1.39151698022e-05, 1.17303752631e-05, 1.16359260574e-05, 1.30126254589e-05, 2.60464094026e-05, 2.52046065725e-05, 2.10570869967e-05, 1.39390904224e-05, 1.46416950884e-05, 1.50646064867e-05, 1.29326690512e-05, 6.84808401274e-06, 4.85747750645e-06, 4.28437397204e-06, 4.35383026343e-06, 4.16021657657e-06, 3.71265741705e-06, 2.99375005852e-06, 3.81244649361e-06, 3.15046622745e-06, 1.67817051988e-06, 1.29100180857e-06, 1.99060514205e-06, 3.29336739924e-06, 2.81439042737e-06, 2.29174679589e-06, 1.21747609683e-06, 1.37551671742e-06, 9.6641520031e-07, 6.29827582088e-07, 6.24808365046e-07, 8.92725836366e-07, 7.66419873344e-07, 6.26924247626e-07, 5.70614702156e-07, 5.62310219721e-07, 4.83190547129e-07, 6.41068936602e-07, 5.44124702628e-07, 3.51611333826e-07, 2.66897870915e-07, 1.88651370081e-07, 1.53842876216e-07, 9.89524977513e-08, 4.16755518984e-08, 4.98064380849e-08, 3.45323840634e-08, 3.813531535e-08, 3.42661898856e-08, 2.08641566246e-08, 1.31074013865e-08, 1.2970254204e-08, 1.02467279106e-08, 4.17095424865e-09, 2.35369146395e-09, 5.0329240775e-10, 3.53215900972e-10, 3.41549261096e-10, 3.61743385247e-10, 9.99154869952e-10, 1.44230960508e-09, 3.35038996546e-10, 7.88076826019e-10, 4.21868040501e-10, 2.08998235385e-10, 2.03613861882e-10, 1.9946162777e-10, 1.96019589449e-10, 1.94446680979e-10, 1.92499668983e-10, 1.91278187733e-10, 1.90947965772e-10],
        "min": [4.36601693194e-27, 1.12517203064e-25, 8.83684019811e-26, 1.98654897457e-25, 6.95583095189e-26, 8.44826210734e-26, 1.22481305158e-25, 2.20085265372e-25, 3.52045473863e-25, 3.04455418299e-25, 3.97194818438e-25, 4.15957529942e-25, 3.73001144728e-25, 2.11463336153e-25, 3.65821746281e-25, 2.02187847999e-25, 3.34047834177e-25, 3.45783816472e-25, 3.97291207379e-25, 4.12856764242e-25, 1.57798373691e-25, 2.76439590244e-25, 4.59636363833e-25, 5.14767978955e-25, 2.41183177719e-25, 3.37491261333e-25, 1.4550800707e-25, 4.93695532024e-25, 5.84548593174e-25, 1.00712234883e-24, 6.20968082497e-25, 2.39513602917e-25, 6.21164755382e-25, 9.72563535866e-25, 4.69550028133e-25, 5.484574179e-25, 6.388694565e-25, 7.62217177451e-25, 3.92565092392e-25, 1.18809798593e-24, 8.3343756143e-25, 5.44193328884e-25, 5.82102828545e-25, 9.30024408767e-25, 1.01798585097e-24, 6.09669572878e-25, 1.03011439017e-24, 1.02425719655e-24, 1.07005846071e-24, 5.1721058814e-25, 7.77024343161e-25, 7.41957750291e-25, 1.46427937214e-24, 9.19503765304e-25, 9.6436894739e-25, 1.20183461809e-24, 1.15081020727e-24, 9.93237115001e-25, 1.60083444889e-24, 7.4962937329e-25, 1.17248327318e-24, 1.70299292219e-24, 1.63041959246e-24, 1.15216123018e-24, 1.36705019482e-24, 1.56458195156e-24, 1.69593675861e-24, 1.64263234256e-24, 1.16387798399e-24, 1.87005177103e-24, 1.77214663851e-24, 2.25499321302e-24, 1.96314702139e-24, 1.95945771615e-24, 1.19246393661e-24, 1.8425408386e-24, 2.11180391467e-24, 2.04521675731e-24, 1.38735734806e-24, 1.86353479387e-24, 2.75629439955e-24, 2.31654388794e-24, 2.35549981159e-24, 2.4624559397e-24, 2.45629434439e-24, 3.32869719719e-24, 2.79947664551e-24, 2.93032086233e-24, 2.7062526136e-24, 3.08175296828e-24, 3.04919391771e-24, 3.1135509653e-24, 3.31208773083e-24, 3.05256353707e-24, 2.55383620646e-24, 4.38900947864e-24, 3.17588399301e-24, 3.37352855687e-24, 4.34998531852e-24, 3.43532831461e-24, 3.7095186159e-24, 3.76516210314e-24, 3.88655478025e-24, 2.97842717806e-24, 3.07239727516e-24, 4.13038853061e-24, 3.82827097556e-24, 4.17155642024e-24, 4.6239515833e-24, 4.09560370899e-24, 2.77063510195e-24, 3.96101023349e-24, 3.7243152799e-24, 4.20598270457e-24, 3.16413450148e-24, 4.27162579265e-24, 4.04665488982e-24, 3.92837742443e-24, 4.31827429342e-24, 5.23310800216e-24, 4.43088300435e-24, 4.64361354693e-24, 3.53145772123e-24, 4.81526613004e-24, 4.1675628119e-24, 5.14031074401e-24, 4.20729694684e-24, 4.70992677235e-24],
        "stdev": [1.90973787539e-05, 3.42607563653e-05, 0.000157961127115, 0.000408718013205, 0.000521068519447, 0.000492833612952, 0.000850840297062, 0.00115864933468, 0.00132402696181, 0.000728011829779, 0.000476623536088, 0.00103479716927, 0.00175506668165, 0.00140105071478, 0.00235419813544, 0.0021158948075, 0.00114479416516, 0.00195826939307, 0.00383981782943, 0.00319243851118, 0.00142881483771, 0.00133636174724, 0.00095739151584, 0.00121347571258, 0.00102955091279, 0.00243694405071, 0.0027857623063, 0.000476131011965, 0.000166851954418, 0.000217833658098, 0.000324208231177, 0.000376697949832, 0.000494612613693, 0.000908975198399, 0.00117806904018, 0.00170316558797, 0.000677701842505, 0.000188619145774, 0.000119970325613, 0.000103960323031, 9.63092388702e-05, 8.20326531539e-05, 7.84404837759e-05, 6.81476885802e-05, 8.57380655361e-05, 6.20952196186e-05, 7.58388268878e-05, 6.54536779621e-05, 7.03013865859e-05, 5.82144602959e-05, 5.50666154595e-05, 6.92843968864e-05, 7.80351620051e-05, 9.08095244085e-05, 0.000101529622043, 6.49473295198e-05, 8.34650563775e-05, 7.95219966676e-05, 0.000100383651443, 0.000105554623588, 0.000260947999777, 0.000214803061681, 0.00015081212041, 9.33097544475e-05, 9.61602272582e-05, 0.000115850241855, 0.000115439361252, 4.35111469415e-05, 3.21911247738e-05, 2.67837240244e-05, 3.20364670188e-05, 3.20070648741e-05, 2.4276707336e-05, 2.02125411306e-05, 2.94347155432e-05, 2.3948314265e-05, 1.09682014227e-05, 8.08058939583e-06, 1.8222757717e-05, 2.8112614018e-05, 2.18908717216e-05, 2.07615157706e-05, 9.73194073595e-06, 1.14464364742e-05, 7.12956853022e-06, 3.91315734305e-06, 3.97184658141e-06, 6.89308035362e-06, 5.36318111699e-06, 4.65183302367e-06, 4.1115199565e-06, 4.28536895924e-06, 3.54802455149e-06, 5.01566319144e-06, 3.82098141927e-06, 2.64804521066e-06, 2.12542772715e-06, 1.37503695896e-06, 1.11200051833e-06, 7.09677465238e-07, 2.66447273134e-07, 3.07489813167e-07, 1.77281094693e-07, 2.16396472297e-07, 3.17060823818e-07, 1.23101898453e-07, 6.25357685635e-08, 5.88408362034e-08, 4.98981371777e-08, 2.82364478466e-08, 2.17002771308e-08, 7.94495580436e-09, 6.17263129499e-09, 5.8535452041e-09, 5.82846571007e-09, 6.99029989448e-09, 8.33791169441e-09, 5.08566389001e-09, 6.18422735243e-09, 5.08038544567e-09, 4.72980854482e-09, 4.62248550548e-09, 4.53130022393e-09, 4.44975434277e-09, 4.404126841e-09, 4.35115499187e-09, 4.31091118358e-09, 4.29109103806e-09]
    },
    "mfcc": {
        "mean": [-1209.52807617, 8.04820537567, -3.50377035141, 0.351240128279, -1.19944632053, -0.316496491432, -0.781006217003, 0.277273803949, -0.583685219288, 0.121675983071, -0.076671846211, 0.29072701931, -0.0911830440164],
        "cov": [[36753.9453125, 5151.84033203, -2302.66479492, 264.96572876, -785.142456055, -208.242675781, -487.417419434, 182.544952393, -398.589294434, 85.3149642944, -60.2572593689, 206.344787598, -53.586566925], [5151.84033203, 1024.16210938, -257.844329834, 37.1397705078, -123.45009613, -57.3152656555, -97.0649261475, 15.8555240631, -69.2594833374, -9.06994056702, -8.72628211975, 19.5130176544, -12.2197589874], [-2302.66479492, -257.844329834, 188.525817871, 3.48263478279, 53.8034477234, 8.87936115265, 25.181810379, -16.2489833832, 16.5633068085, -7.51090240479, 1.98154735565, -12.137295723, 4.37638235092], [264.96572876, 37.1397705078, 3.48263478279, 26.8859348297, 1.95562326908, -5.34898948669, -7.50185775757, -3.49064993858, -6.68538951874, 1.48746991158, 1.49450755119, 4.05755805969, -2.60298609734], [-785.142456055, -123.45009613, 53.8034477234, 1.95562326908, 25.7921409607, 8.8480424881, 10.2526731491, -6.20954847336, 8.7123041153, 1.30826973915, 0.428831905127, -1.88021206856, 1.46156680584], [-208.242675781, -57.3152656555, 8.87936115265, -5.34898948669, 8.8480424881, 13.3066282272, 7.92836141586, 0.902785420418, 5.69006156921, 3.01216030121, -2.13292431831, -0.419044584036, 3.22563934326], [-487.417419434, -97.0649261475, 25.181810379, -7.50185775757, 10.2526731491, 7.92836141586, 16.3256969452, 3.52341914177, 6.30478334427, 2.02210688591, -1.20661592484, -3.2693772316, 2.22294187546], [182.544952393, 15.8555240631, -16.2489833832, -3.49064993858, -6.20954847336, 0.902785420418, 3.52341914177, 8.24094676971, -0.314189702272, 2.82367563248, 0.633684754372, -0.650258362293, -0.0286136884242], [-398.589294434, -69.2594833374, 16.5633068085, -6.68538951874, 8.7123041153, 5.69006156921, 6.30478334427, -0.314189702272, 8.90442657471, 0.167049184442, 1.39723742008, -2.92542934418, 0.4898019135], [85.3149642944, -9.06994056702, -7.51090240479, 1.48746991158, 1.30826973915, 3.01216030121, 2.02210688591, 2.82367563248, 0.167049184442, 7.3011136055, -0.9502145648, 0.267431020737, 1.44761300087], [-60.2572593689, -8.72628211975, 1.98154735565, 1.49450755119, 0.428831905127, -2.13292431831, -1.20661592484, 0.633684754372, 1.39723742008, -0.9502145648, 5.37183332443, 0.251179158688, -1.96776497364], [206.344787598, 19.5130176544, -12.137295723, 4.05755805969, -1.88021206856, -0.419044584036, -3.2693772316, -0.650258362293, -2.92542934418, 0.267431020737, 0.251179158688, 4.21397447586, 0.17584002018], [-53.586566925, -12.2197589874, 4.37638235092, -2.60298609734, 1.46156680584, 3.22563934326, 2.22294187546, -0.0286136884242, 0.4898019135, 1.44761300087, -1.96776497364, 0.17584002018, 3.87378287315]],
        "icov": [[0.00281208683737, -0.00604173028842, 0.0183339323848, -0.0204914491624, 0.0179116539657, -0.0176917314529, 0.0015724565601, -0.00716637494043, 0.0135279484093, -0.00918271206319, 0.0091695478186, -0.0213995184749, -0.000271757482551], [-0.00604173028842, 0.02233039774, -0.0433129779994, 0.0449410751462, -0.0291386302561, 0.0308724157512, 0.0557850375772, -0.0324915014207, -0.000982548925094, 0.0317512862384, 0.0102710239589, 0.0490139946342, 0.0102819008753], [0.0183339323848, -0.0433129779994, 0.160633921623, -0.148581132293, 0.033234924078, -0.0947939753532, -0.0383763983846, -0.0130263026804, 0.121957726777, -0.00790047645569, 0.00780879799277, -0.0296690221876, -0.0831629708409], [-0.0204914491624, 0.0449410751462, -0.148581132293, 0.231857329607, -0.145065680146, 0.130597874522, 0.0260267052799, 0.042856361717, -0.0397442020476, 0.01781941019, -0.065984852612, 0.0912850946188, 0.0740312039852], [0.0179116539657, -0.0291386302561, 0.033234924078, -0.145065680146, 0.472905099392, -0.202693849802, -0.0106525439769, 0.084267064929, -0.0558934919536, -0.219599545002, 0.108371935785, -0.349909484386, 0.177986443043], [-0.0176917314529, 0.0308724157512, -0.0947939753532, 0.130597874522, -0.202693849802, 0.328131318092, -0.0733090043068, 0.0209964122623, -0.208992108703, 0.0572135597467, 0.000763369607739, 0.0687316805124, -0.104716457427], [0.0015724565601, 0.0557850375772, -0.0383763983846, 0.0260267052799, -0.0106525439769, -0.0733090043068, 0.602810323238, -0.51221626997, 0.153571546078, 0.0903371870518, 0.283287346363, -0.0130341444165, 0.0652463510633], [-0.00716637494043, -0.0324915014207, -0.0130263026804, 0.042856361717, 0.084267064929, 0.0209964122623, -0.51221626997, 0.707025885582, -0.130253136158, -0.179085791111, -0.341662228107, 0.115430153906, -0.0036376491189], [0.0135279484093, -0.000982548925094, 0.121957726777, -0.0397442020476, -0.0558934919536, -0.208992108703, 0.153571546078, -0.130253136158, 0.610517919064, 0.0503266900778, -0.0797283649445, 0.211242556572, -0.0205168593675], [-0.00918271206319, 0.0317512862384, -0.00790047645569, 0.01781941019, -0.219599545002, 0.0572135597467, 0.0903371870518, -0.179085791111, 0.0503266900778, 0.356957644224, 0.00440007029101, 0.232066720724, -0.171972021461], [0.0091695478186, 0.0102710239589, 0.00780879799277, -0.065984852612, 0.108371935785, 0.000763369607739, 0.283287346363, -0.341662228107, -0.0797283649445, 0.00440007029101, 0.519564568996, -0.289358735085, 0.184967204928], [-0.0213995184749, 0.0490139946342, -0.0296690221876, 0.0912850946188, -0.349909484386, 0.0687316805124, -0.0130341444165, 0.115430153906, 0.211242556572, 0.232066720724, -0.289358735085, 0.9034897089, -0.264860153198], [-0.000271757482551, 0.0102819008753, -0.0831629708409, 0.0740312039852, 0.177986443043, -0.104716457427, 0.0652463510633, -0.0036376491189, -0.0205168593675, -0.171972021461, 0.184967204928, -0.264860153198, 0.585932075977]]
    },
    "spectral_contrast_coeffs": {
        "max": [-0.524706423283, -0.554708600044, -0.558359503746, -0.757431030273, -0.62916469574, -0.630185723305],
        "mean": [-0.940597593784, -0.949151694775, -0.947085499763, -0.949079394341, -0.944374680519, -0.940879583359],
        "min": [-0.983110427856, -0.984863996506, -0.977254807949, -0.976897716522, -0.968520283699, -0.967464089394],
        "stdev": [0.0793430134654, 0.0547533929348, 0.0494238734245, 0.042100392282, 0.0539211705327, 0.0650355294347]
    },
    "spectral_contrast_valleys": {
        "max": [-5.07215261459, -3.648260355, -4.14335584641, -5.49831867218, -4.74164962769, -7.8423871994],
        "mean": [-25.5995521545, -25.4432296753, -25.5278759003, -25.5043125153, -25.548789978, -25.8133087158],
        "min": [-28.1962413788, -28.4228897095, -27.9597835541, -27.768535614, -27.5782489777, -27.4664993286],
        "stdev": [5.44784164429, 5.86123752594, 5.79191541672, 5.72898674011, 5.68036842346, 4.80058431625]
    }
},
"rhythm": {
    "beats_count": 25,
    "beats_loudness": {
        "max": 0.322662681341,
        "mean": 0.0165183935314,
        "min": 0,
        "stdev": 0.064944088459
    },
    "bpm": 120.705589294,
    "bpm_histogram_first_peak_bpm": 120,
    "bpm_histogram_first_peak_weight": 0.521739125252,
    "bpm_histogram_second_peak_bpm": 115,
    "bpm_histogram_second_peak_spread": 0,
    "bpm_histogram_second_peak_weight": 0.0416666679084,
    "danceability": 1.58511292934,
    "onset_rate": 0.313495218754,
    "beats_loudness_band_ratio": {
        "max": [0.0397060476243, 0.0718136951327, 0.496952265501, 0.408150017262, 0.521149814129, 0.277596563101],
        "mean": [0.00178435270209, 0.00333584845066, 0.0216527990997, 0.022171670571, 0.0215095821768, 0.0116030406207],
        "min": [0, 0, 0, 0, 0, 0],
        "stdev": [0.00780002400279, 0.0141607411206, 0.0974082052708, 0.0838222578168, 0.102040342987, 0.0543506518006]
    },
    "beats_position": [0.487619042397, 0.986848056316, 1.48607707024, 1.98530614376, 2.48453521729, 2.9837641716, 3.48299312592, 3.97061228752, 4.45823097229, 4.94585037231, 5.4334692955, 5.92108821869, 6.420317173, 6.91954612732, 7.41877555847, 7.90639448166, 8.39401340485, 8.91646194458, 9.42730140686, 9.93814086914, 10.4489793777, 10.9482088089, 11.4590473175, 11.9582767487, 12.445895195],
    "bpm_histogram": [0, 0, 0, 0, 0, 0, 0, 0, 0, 0, 0, 0, 0, 0, 0, 0, 0, 0, 0, 0, 0, 0, 0, 0, 0, 0, 0, 0, 0, 0, 0, 0, 0, 0, 0, 0, 0, 0, 0, 0, 0, 0, 0, 0, 0, 0, 0, 0, 0, 0, 0, 0, 0, 0, 0, 0, 0, 0, 0, 0, 0, 0, 0, 0, 0, 0, 0, 0, 0, 0, 0, 0, 0, 0, 0, 0, 0, 0, 0, 0, 0, 0, 0, 0, 0, 0, 0, 0, 0, 0, 0, 0, 0, 0, 0, 0, 0, 0, 0, 0, 0, 0, 0, 0, 0, 0, 0, 0, 0, 0, 0, 0, 0, 0, 0, 0.0416666679084, 0, 0.166666671634, 0, 0, 0.458333343267, 0, 0, 0.333333343267, 0, 0, 0, 0, 0, 0, 0, 0, 0, 0, 0, 0, 0, 0, 0, 0, 0, 0, 0, 0, 0, 0, 0, 0, 0, 0, 0, 0, 0, 0, 0, 0, 0, 0, 0, 0, 0, 0, 0, 0, 0, 0, 0, 0, 0, 0, 0, 0, 0, 0, 0, 0, 0, 0, 0, 0, 0, 0, 0, 0, 0, 0, 0, 0, 0, 0, 0, 0, 0, 0, 0, 0, 0, 0, 0, 0, 0, 0, 0, 0, 0, 0, 0, 0, 0, 0, 0, 0, 0, 0, 0, 0, 0, 0, 0, 0, 0, 0, 0, 0, 0, 0, 0, 0, 0, 0, 0, 0, 0, 0, 0, 0, 0, 0, 0, 0, 0, 0, 0, 0, 0, 0, 0, 0, 0, 0]
},
"tonal": {
    "chords_changes_rate": 0.0326086953282,
    "chords_number_rate": 0.0144927538931,
    "chords_strength": {
        "max": 0.842590808868,
        "mean": -0.758013546467,
        "min": -1,
        "stdev": 0.56510001421
    },
    "hpcp_crest": {
