{
"metadata": {
    "version": {
        "essentia": "2.1-beta5",
        "essentia_git_sha": "Undefined",
        "extractor": "music 2.0"
    },
    "audio_properties": {
        "analysis": {
            "equal_loudness": 0,
            "length": 20.1897506714,
            "sample_rate": 44100,
            "start_time": 158.998641968,
            "downmix": "mix"
        },
        "bit_rate": 192000,
        "length": 179.211608887,
        "lossless": 0,
        "number_channels": 2,
        "replay_gain": -9.30386161804,
        "sample_rate": 44100,
        "codec": "mp3",
        "md5_encoded": "508645de930121dad829b2e909ef7754"
    },
    "tags": {
        "file_name": "Iceland_Það Sem Enginn Sér_Daníel Augúst Haraldsson.mp3",
        "encoding": ["Lavf58.29.100"]
    }
},
"lowlevel": {
    "average_loudness": 0.800419330597,
    "barkbands_crest": {
        "max": 22.4412117004,
        "mean": 8.65496444702,
        "min": 2.95784401894,
        "stdev": 3.70570158958
    },
    "barkbands_flatness_db": {
        "max": 0.256163656712,
        "mean": 0.109085291624,
        "min": 0.0271950196475,
        "stdev": 0.0363246574998
    },
    "barkbands_kurtosis": {
        "max": 59.1791038513,
        "mean": 4.09376239777,
        "min": -1.83616662025,
        "stdev": 7.73514795303
    },
    "barkbands_skewness": {
        "max": 6.1303062439,
        "mean": 1.40563809872,
        "min": -2.08361411095,
        "stdev": 1.06741678715
    },
    "barkbands_spread": {
        "max": 55.9113388062,
        "mean": 18.1373596191,
        "min": 1.80542969704,
        "stdev": 9.6150226593
    },
    "dissonance": {
        "max": 0.500000119209,
        "mean": 0.46628922224,
        "min": 0.328600525856,
        "stdev": 0.0277261752635
    },
    "dynamic_complexity": 3.38620853424,
    "erbbands_crest": {
        "max": 29.0495662689,
        "mean": 8.87662887573,
        "min": 2.70704936981,
        "stdev": 4.44952440262
    },
    "erbbands_flatness_db": {
        "max": 0.266828089952,
        "mean": 0.161697462201,
        "min": 0.0854287222028,
        "stdev": 0.037344135344
    },
    "erbbands_kurtosis": {
        "max": 22.2643890381,
        "mean": 0.986963093281,
        "min": -1.74229943752,
        "stdev": 3.27990818024
    },
    "erbbands_skewness": {
        "max": 4.11431360245,
        "mean": 0.655035555363,
        "min": -2.51649928093,
        "stdev": 0.855812132359
    },
    "erbbands_spread": {
        "max": 81.5875549316,
        "mean": 32.4017410278,
        "min": 5.78354406357,
        "stdev": 15.4942770004
    },
    "hfc": {
        "max": 107.558685303,
        "mean": 19.6530170441,
        "min": 1.1361604929,
        "stdev": 17.7355422974
    },
    "loudness_ebu128": {
        "integrated": -15.6539201736,
        "loudness_range": 6.58305072784,
        "momentary": {
            "max": -11.6366271973,
            "mean": -16.8174915314,
            "min": -25.9723548889,
            "stdev": 3.39009141922
        },
        "short_term": {
            "max": -12.8632278442,
            "mean": -16.7195072174,
            "min": -20.8764095306,
            "stdev": 2.37632465363
        }
    },
    "melbands_crest": {
        "max": 29.3285923004,
        "mean": 10.8373222351,
        "min": 2.98997545242,
        "stdev": 4.34134864807
    },
    "melbands_flatness_db": {
        "max": 0.349469304085,
        "mean": 0.165316775441,
        "min": 0.0321013852954,
        "stdev": 0.0534592680633
    },
    "melbands_kurtosis": {
        "max": 53.0591087341,
        "mean": 7.4978351593,
        "min": -1.72280561924,
        "stdev": 7.56789302826
    },
    "melbands_skewness": {
        "max": 5.40826797485,
        "mean": 1.87679755688,
        "min": -0.274540364742,
        "stdev": 1.05235254765
    },
    "melbands_spread": {
        "max": 171.669845581,
        "mean": 23.0369586945,
        "min": 2.08168506622,
        "stdev": 18.2968444824
    },
    "pitch_salience": {
        "max": 0.867109298706,
        "mean": 0.63615322113,
        "min": 0.271025985479,
        "stdev": 0.109079577029
    },
    "silence_rate_20dB": {
        "max": 1,
        "mean": 1,
        "min": 1,
        "stdev": 0
    },
    "silence_rate_30dB": {
        "max": 1,
        "mean": 1,
        "min": 1,
        "stdev": 0
    },
    "silence_rate_60dB": {
        "max": 1,
        "mean": 0.052812859416,
        "min": 0,
        "stdev": 0.223659306765
    },
    "spectral_centroid": {
        "max": 4286.92578125,
        "mean": 1392.94445801,
        "min": 369.023681641,
        "stdev": 615.471923828
    },
    "spectral_complexity": {
        "max": 50,
        "mean": 19.7014923096,
        "min": 0,
        "stdev": 8.94545078278
    },
    "spectral_decrease": {
        "max": -1.51991613739e-10,
        "mean": -4.62362992337e-09,
        "min": -2.12164330549e-08,
        "stdev": 3.71609765182e-09
    },
    "spectral_energy": {
        "max": 0.0855725184083,
        "mean": 0.0192332323641,
        "min": 0.00071667128941,
        "stdev": 0.0153597434983
    },
    "spectral_energyband_high": {
        "max": 0.0158847402781,
        "mean": 0.00059378228616,
        "min": 2.19054199988e-05,
        "stdev": 0.00124833150767
    },
    "spectral_energyband_low": {
        "max": 0.0277281124145,
        "mean": 0.000982843339443,
        "min": 5.45980446987e-06,
        "stdev": 0.00189247762319
    },
    "spectral_energyband_middle_high": {
        "max": 0.0588865503669,
        "mean": 0.00669209752232,
        "min": 4.13187262893e-05,
        "stdev": 0.00875464174896
    },
    "spectral_energyband_middle_low": {
        "max": 0.073623560369,
        "mean": 0.011611700058,
        "min": 0.000106525731098,
        "stdev": 0.0107883960009
    },
    "spectral_entropy": {
        "max": 8.49557209015,
        "mean": 7.5352897644,
        "min": 6.14007329941,
        "stdev": 0.387602895498
    },
    "spectral_flux": {
        "max": 0.231864631176,
        "mean": 0.0655789673328,
        "min": 0.0133307976648,
        "stdev": 0.0367447845638
    },
    "spectral_kurtosis": {
        "max": 16.1784191132,
        "mean": 4.99112558365,
        "min": 0.311664581299,
        "stdev": 2.43291091919
    },
    "spectral_rms": {
        "max": 0.00913703348488,
        "mean": 0.00399888493121,
        "min": 0.00083617673954,
        "stdev": 0.00166524539236
    },
    "spectral_rolloff": {
        "max": 7515.08789062,
        "mean": 1617.48754883,
        "min": 301.46484375,
        "stdev": 1036.88232422
    },
    "spectral_skewness": {
        "max": 3.45566940308,
        "mean": 1.65449202061,
        "min": 0.184886395931,
        "stdev": 0.460144817829
    },
    "spectral_spread": {
        "max": 12155426,
        "mean": 4299357,
        "min": 2791881.5,
        "stdev": 876650.8125
    },
    "spectral_strongpeak": {
        "max": 8.97443771362,
        "mean": 1.27758288383,
        "min": 0.0427073277533,
        "stdev": 1.28452551365
    },
    "zerocrossingrate": {
        "max": 0.26318359375,
        "mean": 0.0675913542509,
        "min": 0.01806640625,
        "stdev": 0.0294970571995
    },
    "barkbands": {
        "max": [5.11683610966e-05, 0.00769021268934, 0.0178782027215, 0.0206784307957, 0.0185701139271, 0.0200643297285, 0.0195853393525, 0.0518178679049, 0.0534015223384, 0.0470435917377, 0.0144043210894, 0.0208250768483, 0.0275038573891, 0.00951593741775, 0.00853432063013, 0.0083837993443, 0.00474117184058, 0.00495284236968, 0.00299005652778, 0.00565574830398, 0.0032799213659, 0.00585638917983, 0.00442760623991, 0.00127868168056, 0.000609918613918, 0.000106855186459, 2.36754422076e-05],
        "mean": [5.76464344704e-06, 0.000273355632089, 0.000420877564466, 0.000701945915353, 0.00228199502453, 0.00174107344355, 0.00137911678758, 0.00274129770696, 0.00214335834607, 0.00152686599176, 0.000731847307179, 0.000698133197147, 0.000953463546466, 0.000736084883101, 0.000697345996741, 0.000419755699113, 0.00040809015627, 0.000299290230032, 0.000361305370461, 0.000227764510782, 0.000163726159371, 0.000126079452457, 8.88360518729e-05, 5.36905790796e-05, 3.23563326674e-05, 9.35991738515e-06, 1.0452819879e-05],
        "min": [4.31034514747e-08, 1.58179705068e-06, 8.80419634086e-07, 7.87712338024e-07, 3.83631595469e-06, 1.71137508005e-05, 2.14529300138e-05, 4.16129068981e-06, 6.14187592873e-06, 4.17808138309e-07, 5.53114716695e-07, 8.02920169463e-07, 1.22095809729e-06, 6.58999567804e-07, 9.93586809273e-07, 6.79848483287e-07, 1.21462790048e-06, 9.02018030047e-07, 1.15592240491e-06, 6.36341894733e-07, 1.39226449392e-06, 7.86995428825e-07, 9.60607508205e-07, 1.36746291446e-06, 1.25335611756e-06, 4.78888182442e-07, 3.37335535505e-07],
        "stdev": [6.2787466959e-06, 0.000529964803718, 0.00103736983147, 0.00161326595116, 0.00266159372404, 0.00220763054676, 0.00223628012463, 0.0058809206821, 0.00562722235918, 0.00337686482817, 0.00146609882358, 0.00167281983886, 0.00259146280587, 0.00120420753956, 0.00129121355712, 0.000802170834504, 0.00065593176987, 0.00041191931814, 0.00047370660468, 0.000372530572349, 0.000324764754623, 0.000374809518689, 0.000301795458654, 0.000112819645437, 4.92746621603e-05, 1.03755037344e-05, 1.9198771497e-06]
    },
    "erbbands": {
        "max": [0.0812255889177, 2.13329911232, 15.6360740662, 38.6878395081, 55.3722724915, 107.719528198, 105.933769226, 200.35975647, 459.255279541, 558.384399414, 1355.13061523, 1611.44091797, 761.834106445, 1141.59545898, 431.356201172, 1046.78540039, 1480.34130859, 647.574645996, 462.975372314, 470.14465332, 343.78225708, 269.146636963, 234.800933838, 120.983894348, 188.57144165, 279.336608887, 197.575973511, 157.724609375, 228.450332642, 170.39666748, 133.748046875, 43.5555801392, 17.6739501953, 7.31390476227, 4.2609705925, 0.579881072044, 0.186645284295, 0.0448872298002, 0.00107802066486, 0.000110668392153],
        "mean": [0.00554425548762, 0.0739895477891, 0.403310149908, 1.47661483288, 3.76066994667, 9.53426170349, 9.89156341553, 15.9493284225, 21.4833431244, 34.1027030945, 55.9516372681, 60.2763442993, 41.9192504883, 40.4793357849, 32.121307373, 32.9969978333, 43.9372444153, 41.1926841736, 36.3517608643, 32.6210975647, 22.2562007904, 20.8322963715, 17.6831550598, 15.4596652985, 18.4203701019, 11.1754236221, 7.46937608719, 6.02104520798, 4.58367538452, 3.56838488579, 2.3964111805, 1.2758295536, 0.817184567451, 0.401556879282, 0.209142953157, 0.0578836388886, 0.0178698841482, 0.0186211820692, 0.000462897616671, 3.29261529259e-05],
        "min": [4.79937771161e-05, 0.000359217927326, 0.0012055094121, 0.00256911152974, 0.0028567595873, 0.0139456167817, 0.0623780377209, 0.169956818223, 0.37711545825, 0.206634506583, 0.183457583189, 0.10212866962, 0.15114235878, 0.0410505495965, 0.0500392988324, 0.0746627002954, 0.0667544752359, 0.0823269858956, 0.0759576931596, 0.0398190058768, 0.0507781431079, 0.0607136525214, 0.0563316456974, 0.0519194118679, 0.0568287745118, 0.0388580076396, 0.0552728436887, 0.040105573833, 0.0315255187452, 0.0253368820995, 0.0305073931813, 0.0295068100095, 0.0192715078592, 0.0143348062411, 0.00637885509059, 0.00236447807401, 0.000899995153304, 0.000475132605061, 2.86805498035e-05, 2.76664718513e-06],
        "stdev": [0.0078954724595, 0.152135819197, 0.980281054974, 3.24425005913, 5.10414791107, 12.9644861221, 11.5949993134, 22.548948288, 37.3737182617, 60.0581703186, 131.245315552, 163.705154419, 77.5568008423, 111.353408813, 52.9551086426, 81.2151947021, 116.766990662, 68.6880264282, 62.2073097229, 60.7285957336, 39.2314338684, 33.0962600708, 21.8582115173, 17.298116684, 27.8435535431, 18.3787078857, 14.4461746216, 13.4647789001, 13.3904399872, 11.8266372681, 8.24176025391, 3.37707948685, 1.51902461052, 0.654204666615, 0.325203716755, 0.0647077336907, 0.0175457429141, 0.00407327245921, 9.59558674367e-05, 1.98359539354e-05]
    },
    "gfcc": {
        "mean": [2.25560832024, 70.2589035034, -124.621330261, 7.48352575302, -66.4701919556, -6.93874263763, -41.0321617126, 2.98976588249, -26.8207302094, 3.86449599266, -19.1756362915, -0.0170736424625, -17.07380867],
        "cov": [[2229.21948242, -188.618041992, -899.402282715, 86.1571655273, -80.7966766357, 307.842987061, 56.3960838318, 149.124420166, -11.5251817703, -125.463996887, -26.8335952759, -171.684020996, -23.1040382385], [-188.618041992, 653.600219727, 440.09463501, -99.3724822998, 56.1036186218, -160.468002319, 5.11980962753, -12.2201871872, -17.7454509735, -15.6299314499, 39.997379303, -3.2392911911, -13.8078317642], [-899.402282715, 440.09463501, 1023.34289551, 218.661560059, -74.5096206665, -192.259719849, -52.8455162048, -88.4424285889, -19.5652542114, 33.0211830139, 14.0562496185, 61.1066207886, 11.6610479355], [86.1571655273, -99.3724822998, 218.661560059, 371.051727295, -49.7241783142, -37.6877098083, -59.8009262085, -27.8399047852, 11.2133655548, -2.76265382767, -31.3395309448, 6.48309707642, 13.3947849274], [-80.7966766357, 56.1036186218, -74.5096206665, -49.7241783142, 131.162490845, -12.627073288, -25.3581867218, 2.47156190872, 17.7165412903, 12.9042930603, 4.39716815948, 16.5588359833, 11.1798820496], [307.842987061, -160.468002319, -192.259719849, -37.6877098083, -12.627073288, 265.603759766, 91.344291687, 18.3900566101, -18.4354248047, -11.4468536377, -3.11334514618, -30.2981472015, 2.50158596039], [56.3960838318, 5.11980962753, -52.8455162048, -59.8009262085, -25.3581867218, 91.344291687, 150.879364014, 31.3309574127, -38.7376480103, -10.0519809723, 12.7375326157, -14.9919910431, -21.6340007782], [149.124420166, -12.2201871872, -88.4424285889, -27.8399047852, 2.47156190872, 18.3900566101, 31.3309574127, 77.5383605957, 29.6405200958, -7.7708864212, -0.00812922418118, -6.11807107925, -0.733034193516], [-11.5251817703, -17.7454509735, -19.5652542114, 11.2133655548, 17.7165412903, -18.4354248047, -38.7376480103, 29.6405200958, 94.9828186035, 30.8049488068, -14.9332380295, 3.05426573753, 4.45449590683], [-125.463996887, -15.6299314499, 33.0211830139, -2.76265382767, 12.9042930603, -11.4468536377, -10.0519809723, -7.7708864212, 30.8049488068, 62.038230896, 17.2422103882, 6.50603342056, 6.10249137878], [-26.8335952759, 39.997379303, 14.0562496185, -31.3395309448, 4.39716815948, -3.11334514618, 12.7375326157, -0.00812922418118, -14.9332380295, 17.2422103882, 60.7528457642, 18.3729915619, -12.2408065796], [-171.684020996, -3.2392911911, 61.1066207886, 6.48309707642, 16.5588359833, -30.2981472015, -14.9919910431, -6.11807107925, 3.05426573753, 6.50603342056, 18.3729915619, 74.6754989624, 31.682220459], [-23.1040382385, -13.8078317642, 11.6610479355, 13.3947849274, 11.1798820496, 2.50158596039, -21.6340007782, -0.733034193516, 4.45449590683, 6.10249137878, -12.2408065796, 31.682220459, 63.9777069092]],
        "icov": [[0.00575772859156, -0.00964535400271, 0.01032379549, -0.00882581900805, 0.01052444987, -0.00762513745576, 0.00756676867604, -0.0081081148237, 0.00564936129376, -0.0035250117071, 0.00204032752663, -0.000480633549159, 0.00145983498078], [-0.00964535400271, 0.0224054865539, -0.0210466776043, 0.0175201203674, -0.0224065352231, 0.0160324741155, -0.0160191617906, 0.0152264377102, -0.0139270266518, 0.014885937795, -0.0113036520779, 0.00930377095938, -0.0076536340639], [0.01032379549, -0.0210466776043, 0.0222999192774, -0.0181744042784, 0.0224672164768, -0.0145656075329, 0.014885481447, -0.0141129884869, 0.0127314617857, -0.012259262614, 0.00817645713687, -0.00676407152787, 0.00563860079274], [-0.00882581900805, 0.0175201203674, -0.0181744042784, 0.0183405168355, -0.0170249938965, 0.0125988936052, -0.0114515665919, 0.0129565466195, -0.0104450946674, 0.00917698163539, -0.00469625601545, 0.00395442731678, -0.00417962903157], [0.01052444987, -0.0224065352231, 0.0224672164768, -0.0170249938965, 0.0322144590318, -0.0162322856486, 0.0181220956147, -0.0161330904812, 0.0135066583753, -0.0150728970766, 0.0103279175237, -0.00970104243606, 0.00666006794199], [-0.00762513745576, 0.0160324741155, -0.0145656075329, 0.0125988936052, -0.0162322856486, 0.0179039388895, -0.0162163618952, 0.0140038095415, -0.0116346506402, 0.0108727645129, -0.00853783078492, 0.00786018930376, -0.00821602344513], [0.00756676867604, -0.0160191617906, 0.014885481447, -0.0114515665919, 0.0181220956147, -0.0162163618952, 0.0260649956763, -0.0209712404758, 0.0193754453212, -0.0152072384953, 0.0108989216387, -0.00856636464596, 0.0114294877276], [-0.0081081148237, 0.0152264377102, -0.0141129884869, 0.0129565466195, -0.0161330904812, 0.0140038095415, -0.0209712404758, 0.037107963115, -0.0250438973308, 0.0191238652915, -0.013429954648, 0.00771121680737, -0.0106453858316], [0.00564936129376, -0.0139270266518, 0.0127314617857, -0.0104450946674, 0.0135066583753, -0.0116346506402, 0.0193754453212, -0.0250438973308, 0.0354951806366, -0.027763241902, 0.0210957974195, -0.0131644485518, 0.0139923989773], [-0.0035250117071, 0.014885937795, -0.012259262614, 0.00917698163539, -0.0150728970766, 0.0108727645129, -0.0152072384953, 0.0191238652915, -0.027763241902, 0.0461878031492, -0.0285977907479, 0.0199491027743, -0.0182846430689], [0.00204032752663, -0.0113036520779, 0.00817645713687, -0.00469625601545, 0.0103279175237, -0.00853783078492, 0.0108989216387, -0.013429954648, 0.0210957974195, -0.0285977907479, 0.0420072823763, -0.0244794860482, 0.0212694425136], [-0.000480633549159, 0.00930377095938, -0.00676407152787, 0.00395442731678, -0.00970104243606, 0.00786018930376, -0.00856636464596, 0.00771121680737, -0.0131644485518, 0.0199491027743, -0.0244794860482, 0.036732673645, -0.0230413135141], [0.00145983498078, -0.0076536340639, 0.00563860079274, -0.00417962903157, 0.00666006794199, -0.00821602344513, 0.0114294877276, -0.0106453858316, 0.0139923989773, -0.0182846430689, 0.0212694425136, -0.0230413135141, 0.0335030071437]]
    },
    "melbands": {
        "max": [0.00147911952808, 0.00598348816857, 0.00690667051822, 0.00466960575432, 0.00421731732786, 0.00525028677657, 0.0059673464857, 0.00805550534278, 0.00941415783018, 0.00935686659068, 0.00401849672198, 0.00548378238454, 0.0018886262551, 0.00237815547734, 0.00213447841816, 0.00347849237733, 0.000893406162504, 0.000736431626137, 0.000832371006254, 0.000690289656632, 0.000313852273393, 0.000323303975165, 0.00026002372033, 0.000208951489185, 0.000109265565698, 0.000185967801372, 0.000105045553937, 0.000245687260758, 0.000150022882735, 8.43006346258e-05, 0.000108989479486, 0.000127013365272, 0.000122842466226, 8.37124753161e-05, 8.56057959027e-05, 4.78319270769e-05, 2.32437560044e-05, 1.30290000016e-05, 7.5007092164e-06, 6.01436249781e-06],
        "mean": [6.32077935734e-05, 0.000180075527169, 0.000321190222166, 0.000469000719022, 0.000384754646802, 0.000368348468328, 0.000312623713398, 0.000432286033174, 0.000463832257083, 0.000343111925758, 0.000197170826141, 0.000163541859365, 0.000103436643258, 8.20584973553e-05, 8.76337580848e-05, 9.53093986027e-05, 7.52842752263e-05, 5.83323926548e-05, 4.86548269691e-05, 3.78366967198e-05, 2.42075566348e-05, 2.24763480219e-05, 1.88929843716e-05, 1.40488236866e-05, 1.20434478958e-05, 1.36865483e-05, 1.03335723907e-05, 6.81352958054e-06, 4.85418513563e-06, 4.08928326578e-06, 3.2725431538e-06, 2.66121173809e-06, 2.24138034355e-06, 1.87298189758e-06, 1.52614632043e-06, 9.3124333489e-07, 7.10459005404e-07, 6.10384290667e-07, 4.21736928047e-07, 3.08552756678e-07],
        "min": [7.85019665273e-07, 7.73110969021e-07, 4.39051945023e-07, 4.98776103086e-07, 1.90266109712e-06, 3.75508238903e-06, 6.28236466582e-06, 2.44371449298e-06, 1.24582481931e-06, 8.25537483706e-07, 6.04115300007e-08, 4.87715752229e-08, 9.48378158228e-08, 1.06308270631e-07, 1.38390532811e-07, 1.61155526257e-07, 1.4021360073e-07, 9.58334140932e-08, 4.69872034614e-08, 4.77886743511e-08, 4.5099124435e-08, 5.82578927322e-08, 4.50381705264e-08, 2.96971087721e-08, 3.81251759052e-08, 4.2571102199e-08, 2.63604782447e-08, 2.02017886863e-08, 2.36057964287e-08, 2.50602383289e-08, 2.16778204276e-08, 1.63629820804e-08, 1.29555655093e-08, 1.3030722279e-08, 1.28971260338e-08, 1.73937273473e-08, 1.6408320036e-08, 1.33684023851e-08, 9.71990132825e-09, 9.36212440905e-09],
        "stdev": [0.000107966916403, 0.000390879664337, 0.000606325163972, 0.00056316627888, 0.000449749291874, 0.000522004032973, 0.000513013859745, 0.000823459937237, 0.00104994850699, 0.000932920782361, 0.000393335387344, 0.000478462694446, 0.000198556415853, 0.000168138125446, 0.000210681275348, 0.000271255499683, 0.000121059485537, 0.000100580982689, 9.54680217546e-05, 6.85316990712e-05, 4.49410872534e-05, 3.93369082303e-05, 2.675873111e-05, 2.03592680919e-05, 1.41969530887e-05, 2.09349327633e-05, 1.42496628541e-05, 1.39762578328e-05, 9.99907206278e-06, 7.74429099692e-06, 8.0207710198e-06, 7.77749755798e-06, 7.3136689025e-06, 6.32843830317e-06, 5.38164658792e-06, 2.92874187835e-06, 1.76606295099e-06, 1.15294403713e-06, 6.98883695804e-07, 5.10584015956e-07]
    },
    "melbands128": {
        "max": [5.04784766235e-05, 0.000333221396431, 0.00188850995619, 0.00436179339886, 0.0076177418232, 0.0092853596434, 0.00806258805096, 0.0122857475653, 0.00518802227452, 0.0060310116969, 0.00811315979809, 0.00646853353828, 0.00372878625058, 0.00470959115773, 0.00707574002445, 0.0105592766777, 0.0154705038294, 0.00358604686335, 0.00680390233174, 0.00765396188945, 0.0170319955796, 0.0185195356607, 0.0144087765366, 0.0111914826557, 0.0205988306552, 0.0104400152341, 0.00636738725007, 0.00691343005747, 0.0089118136093, 0.0106619987637, 0.00526110641658, 0.00440476741642, 0.00380169181153, 0.00278837792575, 0.00111955229659, 0.00453517772257, 0.00561121478677, 0.00358220539056, 0.00540300877765, 0.00526710459962, 0.00741663342342, 0.00266407476738, 0.00103920581751, 0.00233310344629, 0.00116329884622, 0.000910192844458, 0.0015275424812, 0.00136533833575, 0.00109601917211, 0.00112755398732, 0.000885394401848, 0.00104509177618, 0.000610266230069, 0.000616838398855, 0.000742260308471, 0.000718825962394, 0.000549700984266, 0.000393366935896, 0.000502783455886, 0.000263244583039, 0.00027129825321, 0.000302150845528, 0.000157024376676, 0.000177573805558, 0.000232757025515, 0.000273786252365, 0.000406484788982, 0.00021624933288, 9.87335588434e-05, 0.00012969825184, 0.000279222993413, 0.000367422821, 0.000204153067898, 0.000131383189, 0.000142902834341, 9.28370282054e-05, 0.000130001848447, 0.000114053262223, 0.000152560081915, 0.000100956931419, 0.000123006975628, 0.000146564430906, 0.000128894593217, 0.000143086028402, 0.000128463725559, 0.000116979987069, 0.000106676889118, 6.97951982147e-05, 0.000128299434436, 9.76546361926e-05, 7.02508114045e-05, 3.81996578653e-05, 2.8668449886e-05, 2.47429397859e-05, 2.40220288106e-05, 1.44562918649e-05, 2.08313904295e-05, 1.20245122162e-05, 7.9689461927e-06, 7.40436871638e-06, 6.68979055263e-06, 5.71281543671e-06, 7.2699813245e-06, 1.05694998638e-05, 4.43922817794e-06, 3.80828532798e-06, 2.21103596232e-06, 1.42668295666e-06, 8.64145533797e-07, 5.93101106006e-07, 5.57960788683e-07, 6.88752322731e-07, 6.6905283802e-07, 7.16602698958e-07, 7.88097281657e-07, 5.04934746459e-07, 8.38782852952e-07, 1.20101253387e-08, 8.08660249874e-09, 6.81635992095e-09, 6.12599615479e-09, 5.68789415567e-09, 5.37021227487e-09, 5.13891196263e-09, 4.96851404463e-09, 4.83694551079e-09, 4.75587924598e-09, 4.69389105362e-09],
        "mean": [4.77652611153e-06, 3.3004929719e-05, 8.45489848871e-05, 0.000126674116473, 0.00017358759942, 0.000219255482079, 0.000270145566901, 0.000389785098378, 0.000334842363372, 0.000446275109425, 0.000604289351031, 0.000466491590487, 0.000313649507007, 0.0002817993809, 0.000350226036971, 0.000412484048866, 0.000467655481771, 0.000218709174078, 0.000253368489211, 0.000306494650431, 0.000652078248095, 0.00046454675612, 0.000461021525552, 0.000361565354979, 0.000539461674634, 0.000242701848038, 0.000125956139527, 0.000280564010609, 0.000137521274155, 0.000199909423827, 0.000173613923835, 8.18713670014e-05, 0.000103323465737, 0.000129509528051, 5.76749771426e-05, 7.01171156834e-05, 0.00011822416127, 5.34770842933e-05, 0.000109776410682, 9.9593984487e-05, 0.000101297111541, 7.46488294681e-05, 6.2974235334e-05, 9.78714742814e-05, 5.00088644912e-05, 5.12241713295e-05, 6.68286011205e-05, 4.30883083027e-05, 4.2830768507e-05, 5.01790564158e-05, 3.38336394634e-05, 3.48489265889e-05, 1.6574302208e-05, 2.27437576541e-05, 3.29494141624e-05, 1.89023012354e-05, 1.715092003e-05, 2.36137911998e-05, 1.73349799297e-05, 1.43223678606e-05, 1.50822634168e-05, 1.26586728584e-05, 1.24505904751e-05, 1.22555829876e-05, 1.05819481178e-05, 1.0860256225e-05, 2.06278164114e-05, 1.14764570753e-05, 7.07622348273e-06, 9.27131804929e-06, 6.56686415823e-06, 5.95137726123e-06, 6.07518768447e-06, 4.34866478827e-06, 3.74859109797e-06, 4.54396194982e-06, 4.09199628848e-06, 3.27876318806e-06, 3.35909294336e-06, 3.02168109556e-06, 2.78132438325e-06, 2.55509894487e-06, 2.22174821829e-06, 2.31741637435e-06, 2.15068303078e-06, 1.85360329397e-06, 1.83869724424e-06, 1.80219217327e-06, 1.64704272265e-06, 1.18034324714e-06, 1.05146557416e-06, 8.32968623854e-07, 7.8435124351e-07, 7.20329808246e-07, 6.84192173139e-07, 5.7399375919e-07, 6.74936131873e-07, 5.23569440247e-07, 4.423775124e-07, 3.25760908026e-07, 3.75007232378e-07, 2.80234047523e-07, 2.72845994687e-07, 2.78309244095e-07, 2.15716411844e-07, 2.39767672383e-07, 2.18903878135e-07, 9.81887637863e-08, 8.01306967446e-08, 6.61229293542e-08, 5.50079128914e-08, 4.97551440048e-08, 4.67554919226e-08, 4.28213411396e-08, 4.21423074215e-08, 1.8460580975e-07, 3.60949741207e-07, 1.10687910226e-10, 1.39315642356e-11, 1.21047564333e-11, 1.11077145745e-11, 1.04644739055e-11, 9.99334903024e-12, 9.63854603769e-12, 9.38554008817e-12, 9.18209518835e-12, 9.05780832283e-12, 8.96454698668e-12],
        "min": [1.33092070698e-09, 5.96167524236e-08, 2.48742537678e-08, 3.6531372416e-07, 1.15663844724e-07, 3.56992046591e-07, 5.46253488665e-07, 3.460068001e-07, 1.80366185987e-07, 2.94671281154e-07, 7.23213474885e-07, 5.58592660127e-07, 5.59258410249e-07, 9.31569331897e-07, 2.61610944108e-06, 3.26350618707e-06, 3.59746377399e-06, 2.42894861913e-06, 1.45970602716e-06, 1.01473267478e-06, 5.73628767597e-07, 2.49422186016e-07, 1.54440058964e-07, 9.6716988196e-08, 5.24288701342e-08, 2.02971833119e-07, 2.76568172808e-08, 4.8177000167e-08, 2.90084223309e-08, 2.30202683582e-08, 2.09882831115e-08, 3.03716376493e-08, 4.75122021726e-08, 1.10205988335e-07, 5.80609693657e-08, 1.14052758349e-08, 3.20135491449e-08, 3.08605940802e-08, 6.91755062121e-08, 8.65567102437e-08, 6.51435883015e-08, 3.94935177894e-08, 2.92465145435e-08, 4.11762322017e-08, 3.52491689171e-08, 3.92174150932e-08, 4.65061731347e-08, 2.51979965782e-08, 3.20768158701e-08, 1.79948642653e-08, 2.1544037665e-08, 3.45200277252e-08, 3.60772318686e-08, 1.36424214148e-08, 1.99623642061e-08, 1.78789854033e-08, 2.20073843593e-08, 2.99966949058e-08, 1.92675173594e-08, 2.2038923575e-08, 2.37706174744e-08, 2.36306121337e-08, 2.76455924819e-08, 1.68980331949e-08, 1.80165535824e-08, 2.0746702134e-08, 1.59772053365e-08, 2.02281498218e-08, 1.79186976368e-08, 1.7286797771e-08, 1.08994253623e-08, 8.66899974028e-09, 2.16854818547e-08, 2.12973532143e-08, 1.1310882897e-08, 1.30601440773e-08, 1.59306523528e-08, 1.64277320636e-08, 2.24852740871e-08, 9.53910017643e-09, 8.15193867965e-09, 7.56708651295e-09, 8.11799250044e-09, 1.13700657778e-08, 6.68657706981e-09, 6.86813006467e-09, 9.40595423771e-09, 1.11955875681e-08, 9.10150532718e-09, 9.87132153796e-09, 8.64808757939e-09, 1.534836791e-08, 1.86760136245e-08, 9.85312098578e-09, 9.51606349275e-09, 8.02035948766e-09, 8.09428346571e-09, 9.37325328465e-09, 8.1041822142e-09, 8.16492029543e-09, 7.45101136346e-09, 8.67921201575e-09, 7.29979277025e-09, 8.28108959183e-09, 5.02796915214e-09, 6.03514660469e-09, 3.17488391133e-09, 1.95376248513e-09, 4.33600133576e-09, 4.59609372783e-09, 4.46132331078e-09, 2.06537142944e-09, 3.19859050357e-09, 1.18747001121e-09, 1.57939050727e-09, 3.88326926171e-09, 8.40860447937e-09, 8.29720320228e-12, 5.81384576983e-14, 5.83233344975e-14, 4.79086442826e-14, 4.19605959679e-14, 5.46057001157e-14, 5.52237156828e-14, 4.0636700412e-14, 4.0659966713e-14, 4.6581902696e-14, 4.04548187213e-14],
        "stdev": [5.49879541722e-06, 4.3256473873e-05, 0.000151576241478, 0.000295617530355, 0.000468627084047, 0.000523949682247, 0.000670391600579, 0.00087209243793, 0.000514113111421, 0.000658125733025, 0.000927338784095, 0.000770785089117, 0.000456692563603, 0.00043975043809, 0.000638196477666, 0.000802872877102, 0.00115536432713, 0.000349156965967, 0.000626591674518, 0.000643230217975, 0.00160920631606, 0.00146197353024, 0.00155673758127, 0.00112319365144, 0.0019447611412, 0.000633915129583, 0.000319876620779, 0.000665010302328, 0.000452508189483, 0.000755000917707, 0.000599696999416, 0.000278660882032, 0.000306191592244, 0.000225402036449, 0.000120807671919, 0.000227666940191, 0.000403377751354, 0.000179728114745, 0.000376556097763, 0.000366870168364, 0.000456316192867, 0.000222773029236, 0.000130246582557, 0.000198556066607, 0.000120642005641, 0.000128046551254, 0.000164264798514, 0.000116417540994, 0.000107848150947, 0.000119236356113, 7.90732956375e-05, 8.31974248285e-05, 4.72183201055e-05, 5.50488657609e-05, 7.57660236559e-05, 5.04858762724e-05, 4.52141975984e-05, 3.96042632929e-05, 3.56602395186e-05, 2.35374754993e-05, 2.99284274661e-05, 2.68590956694e-05, 1.78717400559e-05, 1.68138485606e-05, 1.91218587133e-05, 1.93848627532e-05, 4.67068966827e-05, 2.18388504436e-05, 1.18274929264e-05, 1.52942066052e-05, 1.62590567925e-05, 1.77260681085e-05, 1.34413176056e-05, 9.74202339421e-06, 8.83846496436e-06, 7.85287556937e-06, 9.10129620024e-06, 8.84172459337e-06, 8.70546773513e-06, 7.82680035627e-06, 8.52239008964e-06, 7.83861833042e-06, 7.53413087295e-06, 7.67411893321e-06, 7.5252564784e-06, 7.05288994141e-06, 6.70214922138e-06, 5.4948345678e-06, 6.92219600751e-06, 4.53894153907e-06, 3.60737999472e-06, 2.73656769423e-06, 2.01617626772e-06, 1.88603542028e-06, 1.67924520156e-06, 1.14049043987e-06, 1.38752739076e-06, 1.00317674878e-06, 7.68307131693e-07, 5.49420462903e-07, 6.74544196499e-07, 4.81716085687e-07, 5.04710271798e-07, 5.98051315137e-07, 4.08334500435e-07, 3.05926931787e-07, 2.11120948279e-07, 1.3900618967e-07, 9.49980432097e-08, 7.20910051655e-08, 5.6062237519e-08, 5.88235238297e-08, 6.07784329532e-08, 5.6078640398e-08, 5.63845183876e-08, 4.62354883268e-08, 6.63327668349e-08, 4.51186449313e-10, 2.75484274281e-10, 2.32247582277e-10, 2.08776163024e-10, 1.93876581456e-10, 1.8309215255e-10, 1.75241765543e-10, 1.69461070176e-10, 1.64980806794e-10, 1.6224045718e-10, 1.60141275241e-10]
    },
    "mfcc": {
        "mean": [-643.652526855, 114.864730835, -12.2270154953, 13.2272567749, -11.3109312057, -8.61404037476, -10.3022193909, -7.33080530167, -8.25144958496, -0.799614548683, -2.89629769325, -3.1710255146, -3.77244400978],
        "cov": [[3175.64672852, -659.475158691, -861.870056152, -378.85635376, -70.2464065552, 53.9363670349, 153.763061523, 203.164031982, 76.238067627, 189.650222778, 89.2200622559, -136.723022461, -104.003990173], [-659.475158691, 876.02355957, 239.566253662, 33.5517883301, 32.8385047913, -114.074745178, 13.1025028229, -35.1711959839, -63.2259864807, -22.4243946075, -6.74912405014, 13.9334583282, 5.46079730988], [-861.870056152, 239.566253662, 881.932922363, 349.11895752, 21.7982559204, 13.8831529617, -39.3835487366, -59.8469772339, -30.0697135925, -72.0169525146, -52.1699295044, 52.2119178772, 20.5401382446], [-378.85635376, 33.5517883301, 349.11895752, 419.284851074, 69.791809082, -58.0039100647, -110.93611908, -61.7282104492, -25.2735424042, -48.2165031433, -34.214931488, 0.715539216995, 29.0572090149], [-70.2464065552, 32.8385047913, 21.7982559204, 69.791809082, 151.397735596, -4.63465499878, -80.9217300415, -32.3496665955, 15.9417419434, -16.7535762787, -24.0166683197, 0.406467974186, 26.3638973236], [53.9363670349, -114.074745178, 13.8831529617, -58.0039100647, -4.63465499878, 128.686355591, 59.1157569885, 8.01747894287, 22.6028690338, -0.496756285429, -3.8981423378, 14.933473587, -8.61336040497], [153.763061523, 13.1025028229, -39.3835487366, -110.93611908, -80.9217300415, 59.1157569885, 178.047714233, 53.2786941528, -22.4813899994, 13.1098976135, 15.5701179504, -0.942885041237, -28.0666694641], [203.164031982, -35.1711959839, -59.8469772339, -61.7282104492, -32.3496665955, 8.01747894287, 53.2786941528, 96.9816055298, 17.4886760712, 5.73834896088, 17.100358963, -1.7401137352, -4.43151521683], [76.238067627, -63.2259864807, -30.0697135925, -25.2735424042, 15.9417419434, 22.6028690338, -22.4813899994, 17.4886760712, 99.2167205811, 14.4140901566, -14.8330307007, 3.96870994568, 2.67410087585], [189.650222778, -22.4243946075, -72.0169525146, -48.2165031433, -16.7535762787, -0.496756285429, 13.1098976135, 5.73834896088, 14.4140901566, 92.3018875122, 37.9871368408, -14.6332159042, -24.9781627655], [89.2200622559, -6.74912405014, -52.1699295044, -34.214931488, -24.0166683197, -3.8981423378, 15.5701179504, 17.100358963, -14.8330307007, 37.9871368408, 69.8505020142, 15.8448896408, -17.3451309204], [-136.723022461, 13.9334583282, 52.2119178772, 0.715539216995, 0.406467974186, 14.933473587, -0.942885041237, -1.7401137352, 3.96870994568, -14.6332159042, 15.8448896408, 64.1536026001, 22.5433921814], [-104.003990173, 5.46079730988, 20.5401382446, 29.0572090149, 26.3638973236, -8.61336040497, -28.0666694641, -4.43151521683, 2.67410087585, -24.9781627655, -17.3451309204, 22.5433921814, 61.3135757446]],
        "icov": [[0.000618166464847, 0.000345491745975, 0.000337830511853, 1.49897541633e-05, -0.000322828243952, 0.000145314683323, -0.000312756747007, -0.000830718723591, 6.89468924975e-06, -0.000677814590745, -1.75373406819e-05, 0.000639194971882, 0.000337134726578], [0.000345491745975, 0.00198978721164, -0.00062810536474, 0.000877440557815, -0.00138923036866, 0.00270664971322, -0.00156045041513, 0.000346756569343, 0.000225545692956, -0.00017999150441, -0.000117809468065, 1.49273992065e-05, 0.000369772227714], [0.000337830511853, -0.00062810536474, 0.00266113411635, -0.002265088493, 0.000839945685584, -0.00175924587529, 0.000270609220024, -0.000823707086965, 0.000469776423415, -0.000640584039502, 0.0019330913201, -0.00199586735107, 0.0012662258232], [1.49897541633e-05, 0.000877440557815, -0.002265088493, 0.0053367135115, -0.00148978258949, 0.00252331234515, 0.000824440445285, 0.0011425986886, 0.000497573346365, 0.00115780672058, -0.00102551700547, 0.00189507345203, -0.000904916669242], [-0.000322828243952, -0.00138923036866, 0.000839945685584, -0.00148978258949, 0.0107717765495, -0.00398670136929, 0.00514462171122, 0.000503448944073, -0.000262247864157, 0.000201459217351, 0.00151592679322, 0.000440697796876, -0.00243929331191], [0.000145314683323, 0.00270664971322, -0.00175924587529, 0.00252331234515, -0.00398670136929, 0.0154942590743, -0.00731480913237, 0.0031931148842, -0.00347892404534, 0.00108388985973, 4.58111426269e-05, -0.0026404268574, 0.00174926279578], [-0.000312756747007, -0.00156045041513, 0.000270609220024, 0.000824440445285, 0.00514462171122, -0.00731480913237, 0.0139914117754, -0.00597109040245, 0.00533468695357, -0.00161359936465, 0.00344461901113, -0.00123511999846, 0.00239904411137], [-0.000830718723591, 0.000346756569343, -0.000823707086965, 0.0011425986886, 0.000503448944073, 0.0031931148842, -0.00597109040245, 0.017570419237, -0.00620543723926, 0.00504641374573, -0.00730611616746, 0.00314018153585, -0.00383177027106], [6.89468924975e-06, 0.000225545692956, 0.000469776423415, 0.000497573346365, -0.000262247864157, -0.00347892404534, 0.00533468695357, -0.00620543723926, 0.0160712711513, -0.00626778835431, 0.00931653380394, -0.00532311201096, 0.0025543703232], [-0.000677814590745, -0.00017999150441, -0.000640584039502, 0.00115780672058, 0.000201459217351, 0.00108388985973, -0.00161359936465, 0.00504641374573, -0.00626778835431, 0.0200204197317, -0.013635981828, 0.00723739992827, 0.000134760834044], [-1.75373406819e-05, -0.000117809468065, 0.0019330913201, -0.00102551700547, 0.00151592679322, 4.58111426269e-05, 0.00344461901113, -0.00730611616746, 0.00931653380394, -0.013635981828, 0.0324062518775, -0.0168083254248, 0.00960855744779], [0.000639194971882, 1.49273992065e-05, -0.00199586735107, 0.00189507345203, 0.000440697796876, -0.0026404268574, -0.00123511999846, 0.00314018153585, -0.00532311201096, 0.00723739992827, -0.0168083254248, 0.029776468873, -0.0125678200275], [0.000337134726578, 0.000369772227714, 0.0012662258232, -0.000904916669242, -0.00243929331191, 0.00174926279578, 0.00239904411137, -0.00383177027106, 0.0025543703232, 0.000134760834044, 0.00960855744779, -0.0125678200275, 0.026251565665]]
    },
    "spectral_contrast_coeffs": {
        "max": [-0.460658758879, -0.489093273878, -0.54625582695, -0.583146631718, -0.659852147102, -0.618329465389],
        "mean": [-0.685256183147, -0.742613315582, -0.750154733658, -0.772365570068, -0.777075827122, -0.771260082722],
        "min": [-0.845706582069, -0.937688589096, -0.890528976917, -0.898083746433, -0.882394969463, -0.857638597488],
        "stdev": [0.0644062235951, 0.0758390501142, 0.0694854259491, 0.0611121617258, 0.0496420040727, 0.0303658973426]
    },
    "spectral_contrast_valleys": {
        "max": [-5.57495737076, -5.034512043, -5.39714241028, -5.30632972717, -5.85820531845, -8.06806468964],
        "mean": [-7.21178007126, -6.3778591156, -7.39799690247, -7.66200399399, -7.59281873703, -10.1553325653],
        "min": [-9.79634284973, -8.46052360535, -9.68055915833, -9.58376407623, -9.54128742218, -11.4729585648],
        "stdev": [0.648499131203, 0.523347139359, 0.841935038567, 0.841685533524, 0.728773355484, 0.634397268295]
    }
},
"rhythm": {
    "beats_count": 32,
    "beats_loudness": {
        "max": 0.0672224014997,
        "mean": 0.0264987535775,
        "min": 0.00162300490774,
        "stdev": 0.0186095554382
    },
    "bpm": 96.1021347046,
    "bpm_histogram_first_peak_bpm": 96,
    "bpm_histogram_first_peak_weight": 0.551724135876,
    "bpm_histogram_second_peak_bpm": 101,
    "bpm_histogram_second_peak_spread": 0.5,
    "bpm_histogram_second_peak_weight": 0.0322580635548,
    "danceability": 1.02386546135,
    "onset_rate": 2.02956628799,
    "beats_loudness_band_ratio": {
        "max": [0.609307467937, 0.70081359148, 0.801647543907, 0.817900002003, 0.40038266778, 0.776206314564],
        "mean": [0.169379904866, 0.200988247991, 0.314051061869, 0.201986283064, 0.106294989586, 0.0799821093678],
        "min": [0.00229172338732, 0.00813223607838, 0.0488316081464, 0.0345973819494, 0.00430044578388, 0.00368513050489],
        "stdev": [0.171993911266, 0.183505296707, 0.186829686165, 0.181213453412, 0.102537445724, 0.131018161774]
    },
    "beats_position": [0.557278871536, 1.1261677742, 1.71827661991, 2.32199549675, 2.92571425438, 3.52943301201, 4.15637159348, 4.78331041336, 5.41024923325, 6.025578022, 6.64090681076, 7.24462556839, 7.8831744194, 8.51011276245, 9.13705158234, 9.75238037109, 10.379319191, 11.0062580109, 11.6215867996, 12.2369155884, 12.8638544083, 13.4907932281, 14.117732048, 14.7446708679, 15.3716096878, 15.9985485077, 16.637096405, 17.2756462097, 17.9141941071, 18.5527439117, 19.1912918091, 19.8298416138],
