{
"metadata": {
    "version": {
        "essentia": "2.1-beta5",
        "essentia_git_sha": "Undefined",
        "extractor": "music 2.0"
    },
    "audio_properties": {
        "analysis": {
            "equal_loudness": 0,
            "length": 12.7477550507,
            "sample_rate": 44100,
            "start_time": 0,
            "downmix": "mix"
        },
        "bit_rate": 192000,
        "length": 179.211608887,
        "lossless": 0,
        "number_channels": 2,
        "replay_gain": -9.72358703613,
        "sample_rate": 44100,
        "codec": "mp3",
        "md5_encoded": "508645de930121dad829b2e909ef7754"
    },
    "tags": {
        "file_name": "Iceland_Það Sem Enginn Sér_Daníel Augúst Haraldsson.mp3",
        "encoding": ["Lavf58.29.100"]
    }
},
"lowlevel": {
    "average_loudness": 0.941231131554,
    "barkbands_crest": {
        "max": 22.0881023407,
        "mean": 9.37108135223,
        "min": 2.47297072411,
        "stdev": 4.41178131104
    },
    "barkbands_flatness_db": {
        "max": 0.263730943203,
        "mean": 0.129328772426,
        "min": 0.0292869266123,
        "stdev": 0.0526495724916
    },
    "barkbands_kurtosis": {
        "max": 72.016998291,
        "mean": 7.32323884964,
        "min": -1.89880263805,
        "stdev": 11.0545988083
    },
    "barkbands_skewness": {
        "max": 7.53158140182,
        "mean": 1.7416921854,
        "min": -3.2744102478,
        "stdev": 1.68506538868
    },
    "barkbands_spread": {
        "max": 76.7932891846,
        "mean": 16.9074745178,
        "min": 2.64092636108,
        "stdev": 13.8226957321
    },
    "dissonance": {
        "max": 0.499935090542,
        "mean": 0.455432504416,
        "min": 0.199046492577,
        "stdev": 0.0434445850551
    },
    "dynamic_complexity": 3.89578199387,
    "erbbands_crest": {
        "max": 25.442615509,
        "mean": 9.09321022034,
        "min": 2.46526813507,
        "stdev": 3.86675810814
    },
    "erbbands_flatness_db": {
        "max": 0.288195639849,
        "mean": 0.170699447393,
        "min": 0.0462201796472,
        "stdev": 0.0418246500194
    },
    "erbbands_kurtosis": {
        "max": 32.5670089722,
        "mean": 1.62494301796,
        "min": -1.81477725506,
        "stdev": 3.78539824486
    },
    "erbbands_skewness": {
        "max": 5.11963176727,
        "mean": 0.661977648735,
        "min": -3.70832061768,
        "stdev": 1.05002951622
    },
    "erbbands_spread": {
        "max": 119.905647278,
        "mean": 31.3072166443,
        "min": 6.34990262985,
        "stdev": 21.8232402802
    },
    "hfc": {
        "max": 221.826690674,
        "mean": 13.9545278549,
        "min": 1.2007816993e-16,
        "stdev": 23.8039398193
    },
    "loudness_ebu128": {
        "integrated": -16.230594635,
        "loudness_range": 3.72258472443,
        "momentary": {
            "max": -12.2288208008,
            "mean": -17.6996021271,
            "min": -32.3072280884,
            "stdev": 3.93977332115
        },
        "short_term": {
            "max": -14.1480236053,
            "mean": -16.2417812347,
            "min": -18.5221252441,
            "stdev": 1.29414498806
        }
    },
    "melbands_crest": {
        "max": 26.0619659424,
        "mean": 11.0801305771,
        "min": 1.3184081316,
        "stdev": 5.10678911209
    },
    "melbands_flatness_db": {
        "max": 0.36928576231,
        "mean": 0.19192302227,
        "min": 0.000568399496842,
        "stdev": 0.0774642303586
    },
    "melbands_kurtosis": {
        "max": 107.879638672,
        "mean": 12.5732383728,
        "min": -1.70777523518,
        "stdev": 16.508972168
    },
    "melbands_skewness": {
        "max": 8.35921382904,
        "mean": 2.25440645218,
        "min": -0.867019951344,
        "stdev": 1.72567439079
    },
    "melbands_spread": {
        "max": 199.11895752,
        "mean": 23.9008636475,
        "min": 2.11905646324,
        "stdev": 27.291021347
    },
    "pitch_salience": {
        "max": 0.99056828022,
        "mean": 0.674153804779,
        "min": 0.273151636124,
        "stdev": 0.118130192161
    },
    "silence_rate_20dB": {
        "max": 1,
        "mean": 1,
        "min": 1,
        "stdev": 0
    },
    "silence_rate_30dB": {
        "max": 1,
        "mean": 0.998181819916,
        "min": 0,
        "stdev": 0.042601082474
    },
    "silence_rate_60dB": {
        "max": 1,
        "mean": 0.152727276087,
        "min": 0,
        "stdev": 0.35972520709
    },
    "spectral_centroid": {
        "max": 11323.3193359,
        "mean": 1247.12316895,
        "min": 298.139587402,
        "stdev": 1106.66345215
    },
    "spectral_complexity": {
        "max": 40,
        "mean": 15.978181839,
        "min": 0,
        "stdev": 9.59997463226
    },
    "spectral_decrease": {
        "max": 2.07026418999e-28,
        "mean": -3.74628594813e-09,
        "min": -2.97624165313e-08,
        "stdev": 4.38220881804e-09
    },
    "spectral_energy": {
        "max": 0.118447765708,
        "mean": 0.0154050672427,
        "min": 1.05134340816e-20,
        "stdev": 0.0177262015641
    },
    "spectral_energyband_high": {
        "max": 0.0326427035034,
        "mean": 0.000544903858099,
        "min": 7.74257047662e-21,
        "stdev": 0.0029452056624
    },
    "spectral_energyband_low": {
        "max": 0.00560378003865,
        "mean": 0.000385465682484,
        "min": 4.64771380926e-23,
        "stdev": 0.000612492323853
    },
    "spectral_energyband_middle_high": {
        "max": 0.0348815582693,
        "mean": 0.00314261694439,
        "min": 1.30449462313e-21,
        "stdev": 0.0036504752934
    },
    "spectral_energyband_middle_low": {
        "max": 0.108405895531,
        "mean": 0.0115888463333,
        "min": 1.88872044045e-22,
        "stdev": 0.0156019888818
    },
    "spectral_entropy": {
        "max": 9.8126335144,
        "mean": 7.48153209686,
        "min": 6.01513338089,
        "stdev": 0.560943186283
    },
    "spectral_flux": {
        "max": 0.284391760826,
        "mean": 0.0597033016384,
        "min": 6.64793567418e-11,
        "stdev": 0.0425769090652
    },
    "spectral_kurtosis": {
        "max": 26.8436985016,
        "mean": 7.00022268295,
        "min": -1.22650277615,
        "stdev": 4.7197508812
    },
    "spectral_rms": {
        "max": 0.0107498280704,
        "mean": 0.00336119253188,
        "min": 3.20265645601e-12,
        "stdev": 0.00193177012261
    },
    "spectral_rolloff": {
        "max": 19229.1503906,
        "mean": 1789.29321289,
        "min": 215.33203125,
        "stdev": 2340.7565918
    },
    "spectral_skewness": {
        "max": 4.31231451035,
        "mean": 1.9608309269,
        "min": -0.0263158846647,
        "stdev": 0.692734777927
    },
    "spectral_spread": {
        "max": 41315836,
        "mean": 4491997,
        "min": 2261869,
        "stdev": 3446593.5
    },
    "spectral_strongpeak": {
        "max": 26.0624008179,
        "mean": 1.0235530138,
        "min": 0,
        "stdev": 1.57200241089
    },
    "zerocrossingrate": {
        "max": 0.53759765625,
        "mean": 0.0726411566138,
        "min": 0.01904296875,
        "stdev": 0.0627059787512
    },
    "barkbands": {
        "max": [3.0443246942e-05, 0.00319691188633, 0.00233256490901, 0.0104769160971, 0.0163696072996, 0.0304447356611, 0.0905815064907, 0.0625958442688, 0.0397209450603, 0.015026492998, 0.00376122654416, 0.00431190337986, 0.00620337668806, 0.00774225639179, 0.00525352545083, 0.00616511562839, 0.00538374809548, 0.0011624940671, 0.00990989990532, 0.00621305825189, 0.0052650468424, 0.0140575058758, 0.0135747138411, 0.00256560696289, 0.00122537917923, 0.000214773928747, 3.01586769638e-05],
        "mean": [2.35469815379e-06, 8.18156186142e-05, 0.000170896571944, 0.000493526691571, 0.00195646448992, 0.00259731337428, 0.00308652082458, 0.00151242571883, 0.00167824735399, 0.000568967603613, 0.000292860146146, 0.000367086526239, 0.000369687069906, 0.000414774316596, 0.000345453387126, 0.000320276158163, 0.000270149001153, 0.000127069186419, 0.000162159616593, 8.42257068143e-05, 8.88724025572e-05, 0.000165143908816, 0.000139848212712, 6.37897173874e-05, 2.78600491583e-05, 7.93926938059e-06, 9.34317449719e-06],
        "min": [2.30798415547e-24, 5.45388216497e-24, 3.19261060522e-24, 1.05151096032e-23, 1.93160418144e-23, 2.43255925524e-23, 3.56214306938e-23, 1.09768890556e-23, 3.8007236372e-23, 2.64266162884e-23, 3.36011137393e-23, 6.05928289595e-23, 7.006213225e-23, 8.07240607006e-23, 7.82405687988e-23, 1.35132882806e-22, 1.16985749838e-22, 9.64420006412e-23, 1.42450937165e-22, 1.60713004012e-22, 3.29591614539e-22, 4.32610613604e-22, 3.76383990915e-22, 5.71445589084e-22, 9.19624205432e-22, 1.7109055631e-21, 2.43010275501e-21],
        "stdev": [2.91430296784e-06, 0.000196600944037, 0.000291586358799, 0.00122144818306, 0.00229891715571, 0.00423014396802, 0.00774559332058, 0.00514819053933, 0.00540166720748, 0.00112517050002, 0.000451197905932, 0.000490257574711, 0.000605760200415, 0.000687235733494, 0.000524671224412, 0.00055837596301, 0.000407539977459, 0.000155044486746, 0.000708725652657, 0.000423963414505, 0.000434770539869, 0.00109975819942, 0.00101000093855, 0.000267009949312, 0.000100295794255, 2.15624859266e-05, 2.05096625905e-06]
    },
    "erbbands": {
        "max": [0.028204953298, 0.931154131889, 3.13130736351, 15.9938440323, 68.1226272583, 57.0231361389, 246.970611572, 253.707794189, 1134.84985352, 1261.18713379, 1817.72692871, 597.637817383, 979.590576172, 195.972320557, 168.956161499, 170.717453003, 203.993331909, 301.187042236, 275.665649414, 293.504760742, 276.065429688, 289.00958252, 59.5011901855, 226.622512817, 544.800415039, 324.034362793, 153.174133301, 273.886444092, 446.4090271, 824.712341309, 206.544586182, 67.5479660034, 32.2885093689, 13.039150238, 9.10424423218, 1.16859328747, 0.573254823685, 0.0932251885533, 0.00216511613689, 0.000174926637555],
        "mean": [0.00177979515865, 0.0224712248892, 0.148332208395, 0.919443488121, 4.78728055954, 5.75178909302, 11.4271812439, 23.4043712616, 36.2436141968, 47.1717987061, 38.4256324768, 32.9632453918, 30.3442897797, 12.7208890915, 13.1533384323, 15.9547357559, 16.8335208893, 20.8526649475, 18.969669342, 18.8788032532, 17.4289474487, 14.4213247299, 7.65625524521, 7.46873569489, 7.14000797272, 4.17478942871, 3.10334062576, 3.94346189499, 5.42411756516, 6.97090673447, 2.9507830143, 1.55936515331, 0.883043467999, 0.323198527098, 0.188809141517, 0.0503572933376, 0.0157130286098, 0.0164851304144, 0.00040988708497, 2.70624295808e-05],
        "min": [1.19009424184e-22, 2.6796972347e-21, 5.19668949694e-21, 1.61169292267e-20, 4.90635136376e-20, 8.26960181844e-20, 9.82405384272e-20, 2.15554491762e-19, 3.45049138443e-19, 5.411514829e-19, 2.63405869147e-19, 8.71862324304e-19, 1.05771295414e-18, 9.71899169442e-19, 1.53380688866e-18, 2.10528963705e-18, 3.38809787461e-18, 4.89434744796e-18, 4.50982923149e-18, 5.24494340109e-18, 8.10655694584e-18, 6.31700545732e-18, 4.83466678035e-18, 6.89990846805e-18, 9.47790328744e-18, 9.06486305627e-18, 1.00916274614e-17, 1.61819986658e-17, 1.69069116305e-17, 1.32227873213e-17, 1.13466928884e-17, 9.60199775012e-18, 1.11146224044e-17, 1.00546293269e-17, 7.27330400041e-18, 5.38001661845e-18, 3.54997712049e-18, 1.25029611038e-18, 3.38820054841e-19, 3.18720412523e-20],
        "stdev": [0.00345817371272, 0.0545821450651, 0.24174465239, 1.80270516872, 8.54815292358, 7.14098453522, 25.6918487549, 37.8273124695, 85.5709762573, 120.531417847, 147.865951538, 97.1737594604, 82.1854629517, 22.1316108704, 19.422618866, 20.1985359192, 26.472120285, 32.3258743286, 28.6252918243, 30.7185192108, 27.331703186, 21.7114200592, 9.16975593567, 18.8690795898, 36.2710494995, 21.4428253174, 12.8919353485, 21.7681922913, 35.9444541931, 52.0126571655, 19.9436588287, 7.25008678436, 3.52759933472, 1.23052275181, 0.67145293951, 0.12477594614, 0.0435310341418, 0.00759851559997, 0.000170042199898, 2.53542457358e-05]
    },
    "gfcc": {
        "mean": [-50.5506439209, 69.3478088379, -114.457389832, -1.25001990795, -60.5323143005, -10.9408531189, -51.3101387024, -3.50232338905, -26.4645767212, 1.02454817295, -20.3823299408, 5.39836978912, -17.4816093445],
        "cov": [[16587.5585938, 775.842407227, -2869.05786133, -360.278869629, -931.013122559, -27.5377178192, -646.634887695, -0.881088376045, -138.898498535, 80.2697296143, -191.229217529, -31.3294944763, -130.441390991], [775.842407227, 1130.6986084, 118.546340942, -520.625183105, 119.436103821, -276.821594238, -46.067401886, 23.1959953308, 0.196364194155, -10.9193687439, 28.860874176, 10.6489124298, -34.9203453064], [-2869.05786133, 118.546340942, 1672.96875, 524.826843262, 39.712852478, -221.262634277, -30.2729187012, -56.679813385, -66.7987747192, -52.6968994141, 64.6573867798, 78.1622695923, -48.0819969177], [-360.278869629, -520.625183105, 524.826843262, 786.463378906, -19.1048431396, 21.4614677429, -71.8839797974, -67.5049133301, -56.9754981995, -35.5693778992, -3.02919054031, 43.7457008362, -20.7799263], [-931.013122559, 119.436103821, 39.712852478, -19.1048431396, 330.556549072, 68.1315994263, 69.2983474731, 2.1826941967, -17.6589832306, -18.4632205963, -19.8136196136, 2.87141561508, 8.39493370056], [-27.5377178192, -276.821594238, -221.262634277, 21.4614677429, 68.1315994263, 326.270141602, 126.398979187, -9.0021314621, -10.6722164154, 30.6325035095, -39.4831085205, -45.7259521484, 18.3018875122], [-646.634887695, -46.067401886, -30.2729187012, -71.8839797974, 69.2983474731, 126.398979187, 166.742675781, 46.2501792908, 2.05317854881, 7.68791627884, -11.0097990036, -29.3390636444, -0.533123910427], [-0.881088376045, 23.1959953308, -56.679813385, -67.5049133301, 2.1826941967, -9.0021314621, 46.2501792908, 89.196395874, 24.7853775024, -7.32499647141, -0.675897061825, -3.73718094826, -2.17203783989], [-138.898498535, 0.196364194155, -66.7987747192, -56.9754981995, -17.6589832306, -10.6722164154, 2.05317854881, 24.7853775024, 83.9597396851, 37.0798072815, 11.5201416016, -9.94970226288, 5.00130319595], [80.2697296143, -10.9193687439, -52.6968994141, -35.5693778992, -18.4632205963, 30.6325035095, 7.68791627884, -7.32499647141, 37.0798072815, 71.7372589111, 26.4050445557, -7.33508825302, 8.13355064392], [-191.229217529, 28.860874176, 64.6573867798, -3.02919054031, -19.8136196136, -39.4831085205, -11.0097990036, -0.675897061825, 11.5201416016, 26.4050445557, 51.6969261169, 19.7366962433, 6.28990030289], [-31.3294944763, 10.6489124298, 78.1622695923, 43.7457008362, 2.87141561508, -45.7259521484, -29.3390636444, -3.73718094826, -9.94970226288, -7.33508825302, 19.7366962433, 46.0047225952, 15.7228841782], [-130.441390991, -34.9203453064, -48.0819969177, -20.7799263, 8.39493370056, 18.3018875122, -0.533123910427, -2.17203783989, 5.00130319595, 8.13355064392, 6.28990030289, 15.7228841782, 44.1102294922]],
        "icov": [[0.000844314636197, -0.00224425899796, 0.00193405919708, -0.00185727549251, 0.00279553933069, -0.00194422202185, 0.00304861436598, -0.00267676450312, 0.00320984423161, -0.00379836256616, 0.00427572941408, -0.00362904067151, 0.00315333460458], [-0.00224425899796, 0.00850726291537, -0.00565702468157, 0.0070818644017, -0.00869405083358, 0.00681119598448, -0.00728670088574, 0.00713163521141, -0.0073150889948, 0.00896038208157, -0.0108754662797, 0.00926026795059, -0.00621310947463], [0.00193405919708, -0.00565702468157, 0.00561153283343, -0.00541329476982, 0.00648349756375, -0.00371022429317, 0.00553449336439, -0.00524188671261, 0.00722456956282, -0.00816777534783, 0.00874917022884, -0.00880510918796, 0.0074997022748], [-0.00185727549251, 0.0070818644017, -0.00541329476982, 0.00803969986737, -0.00693620368838, 0.00403121067211, -0.00452959397808, 0.00613982742652, -0.00609404966235, 0.00801079906523, -0.00844644289464, 0.00553082348779, -0.00365724810399], [0.00279553933069, -0.00869405083358, 0.00648349756375, -0.00693620368838, 0.0135118998587, -0.00768722034991, 0.00804666895419, -0.00799867976457, 0.0097748124972, -0.011213529855, 0.0153335975483, -0.0139152128249, 0.00923811923712], [-0.00194422202185, 0.00681119598448, -0.00371022429317, 0.00403121067211, -0.00768722034991, 0.0137790786102, -0.0127207934856, 0.00877671130002, -0.00441603781655, 0.0033122622408, -0.00501034455374, 0.0114732636139, -0.00996333640069], [0.00304861436598, -0.00728670088574, 0.00553449336439, -0.00452959397808, 0.00804666895419, -0.0127207934856, 0.0259957388043, -0.0178334135562, 0.0137470914051, -0.0136869456619, 0.0123362019658, -0.00809549819678, 0.0124199036509], [-0.00267676450312, 0.00713163521141, -0.00524188671261, 0.00613982742652, -0.00799867976457, 0.00877671130002, -0.0178334135562, 0.0272467434406, -0.0172339510173, 0.0179083589464, -0.0139745231718, 0.00756057584658, -0.00813478883356], [0.00320984423161, -0.0073150889948, 0.00722456956282, -0.00609404966235, 0.0097748124972, -0.00441603781655, 0.0137470914051, -0.0172339510173, 0.0329065434635, -0.026880454272, 0.0180937573314, -0.00846496410668, 0.00965743418783], [-0.00379836256616, 0.00896038208157, -0.00816777534783, 0.00801079906523, -0.011213529855, 0.0033122622408, -0.0136869456619, 0.0179083589464, -0.026880454272, 0.0485189929605, -0.0380787812173, 0.022090068087, -0.0161347705871], [0.00427572941408, -0.0108754662797, 0.00874917022884, -0.00844644289464, 0.0153335975483, -0.00501034455374, 0.0123362019658, -0.0139745231718, 0.0180937573314, -0.0380787812173, 0.0608822926879, -0.0346457995474, 0.016851592809], [-0.00362904067151, 0.00926026795059, -0.00880510918796, 0.00553082348779, -0.0139152128249, 0.0114732636139, -0.00809549819678, 0.00756057584658, -0.00846496410668, 0.022090068087, -0.0346457995474, 0.0622388869524, -0.0325886458158], [0.00315333460458, -0.00621310947463, 0.0074997022748, -0.00365724810399, 0.00923811923712, -0.00996333640069, 0.0124199036509, -0.00813478883356, 0.00965743418783, -0.0161347705871, 0.016851592809, -0.0325886458158, 0.0467473715544]]
    },
    "melbands": {
        "max": [0.000571086478885, 0.00147877493873, 0.00366540136747, 0.0032591780182, 0.0064415037632, 0.00546892778948, 0.018975654617, 0.0123293632641, 0.0154890967533, 0.00483308453113, 0.004870578181, 0.00097273098072, 0.000554157537408, 0.000512005237397, 0.000416709022829, 0.000563450797927, 0.000591654446907, 0.000619846861809, 0.000394197879359, 0.000445513549494, 0.00029987556627, 0.000370633468265, 9.09446680453e-05, 4.34901776316e-05, 0.000169213264599, 0.000486584962346, 0.000239375018282, 0.000217325199628, 9.47897569858e-05, 0.000148892097059, 0.000146678910824, 0.000202719806111, 0.000417982810177, 0.000452153763035, 0.000134907415486, 8.14158047433e-05, 4.88854857394e-05, 3.75191375497e-05, 1.12874067781e-05, 1.15262728286e-05],
        "mean": [1.97250556084e-05, 6.53073075227e-05, 0.000285638583591, 0.000369753310224, 0.000379957520636, 0.000527979340404, 0.000597423990257, 0.000451978150522, 0.000319228100125, 0.000212288563489, 0.000150901410962, 5.00235946674e-05, 4.23897581641e-05, 4.21764198109e-05, 3.81083409593e-05, 3.69798872271e-05, 3.91117355321e-05, 3.11035073537e-05, 2.64443497144e-05, 2.38014526985e-05, 1.99670248549e-05, 1.67725229403e-05, 8.59530427988e-06, 5.55360566068e-06, 5.97661710344e-06, 6.60097930449e-06, 3.40376163876e-06, 2.57327610598e-06, 1.72292072875e-06, 2.37173981077e-06, 2.13541397898e-06, 2.57302599493e-06, 4.09526046496e-06, 3.87874661101e-06, 1.8090793219e-06, 1.00895226751e-06, 1.01439513855e-06, 8.00592886208e-07, 2.74344415629e-07, 2.65632479568e-07],
        "min": [2.08561274654e-24, 3.41329030193e-24, 5.9573308281e-24, 4.69168949151e-24, 4.38430431777e-24, 4.60537390898e-24, 6.70003705948e-24, 5.84367884862e-24, 2.06549639903e-24, 5.01513942316e-24, 5.15321729728e-24, 3.81707072842e-24, 4.91579580279e-24, 6.63872205676e-24, 4.60413697509e-24, 8.96167760892e-24, 7.433787353e-24, 6.56252124876e-24, 5.39753619709e-24, 6.64844082311e-24, 8.7627213666e-24, 7.65492084195e-24, 4.03436719793e-24, 3.88994136011e-24, 4.18039757883e-24, 5.44030862981e-24, 6.90501231051e-24, 5.44015519636e-24, 4.96555399324e-24, 9.11788705651e-24, 9.44269264563e-24, 1.0076553427e-23, 6.51934570813e-24, 6.40611498037e-24, 6.18269418923e-24, 6.38841096951e-24, 5.72570154481e-24, 6.73539143867e-24, 8.85789112393e-24, 8.6216012504e-24],
        "stdev": [4.22600060119e-05, 0.000108869637188, 0.000523954222444, 0.000457861518953, 0.000728877435904, 0.000828588148579, 0.00142440700438, 0.00113286776468, 0.00127798714675, 0.000646636122838, 0.000413739297073, 9.43300910876e-05, 6.61717349431e-05, 5.71901655348e-05, 5.39435968676e-05, 5.9591329773e-05, 6.23874002486e-05, 5.10517820658e-05, 4.26817896368e-05, 4.26280385e-05, 3.07432965201e-05, 2.68373878498e-05, 1.15013344839e-05, 6.78972764945e-06, 1.48795506902e-05, 3.50957052433e-05, 1.66416848515e-05, 1.36536173159e-05, 6.58595263303e-06, 1.24229427456e-05, 1.20563918244e-05, 1.66363533936e-05, 2.88293522317e-05, 2.97702026728e-05, 1.23089548651e-05, 6.71366842653e-06, 4.47182992502e-06, 3.44011550624e-06, 1.03016589037e-06, 1.04829678094e-06]
    },
    "melbands128": {
        "max": [2.36504947679e-05, 0.000216166794416, 0.000610036135186, 0.00192630523816, 0.00201166467741, 0.00112680881284, 0.00267211138271, 0.00620541907847, 0.00939870718867, 0.00315020559356, 0.0034945840016, 0.00768578611314, 0.00987777486444, 0.0126652242616, 0.00641180761158, 0.0112338075414, 0.0125931184739, 0.0338693149388, 0.0237045269459, 0.0246073454618, 0.0080966707319, 0.0119698829949, 0.0305624026805, 0.0122281890363, 0.00663023721427, 0.00933370180428, 0.0155400736257, 0.00316722597927, 0.00424984563142, 0.00128412339836, 0.00113272306044, 0.000957732088864, 0.00103705748916, 0.000664017046802, 0.000762950861827, 0.000839741434902, 0.000495258718729, 0.000561610155273, 0.000567668816075, 0.000836234306917, 0.000699658005033, 0.00138769648038, 0.00109040725511, 0.000929207133595, 0.00179741473403, 0.000472193525638, 0.000598909973633, 0.000479173526401, 0.000446921883849, 0.000633600051515, 0.000506857642904, 0.000691464170814, 0.000528356467839, 0.000292168115266, 0.000420004158514, 0.000511725374963, 0.00017412735906, 0.000141163487569, 0.000181730472832, 4.69908118248e-05, 4.567500946e-05, 6.99254233041e-05, 8.56416372699e-05, 0.000225253796089, 0.000357853743481, 0.000745944736991, 0.000603491032962, 0.000206339464057, 0.000284742360236, 0.000259327556705, 0.000219913301407, 0.000238646462094, 0.00015195812739, 5.27739357494e-05, 7.58948663133e-05, 0.000201372400625, 0.000210229467484, 0.00023425136169, 0.000117017203593, 0.000190496444702, 0.000180961491424, 0.000219489680603, 0.000521603622474, 0.000576729420573, 0.000488999648951, 0.00083054904826, 0.000365600368241, 0.000235818646615, 0.000117505231174, 9.7795680631e-05, 0.000110997636511, 0.0001175432335, 4.38566567027e-05, 3.14300013997e-05, 0.000130740314489, 7.06699138391e-05, 2.40688368649e-05, 1.79099752131e-05, 8.58426119521e-06, 1.32660434247e-05, 1.29754907903e-05, 1.85361059266e-05, 1.71450919879e-05, 1.68067235791e-05, 1.0867974197e-05, 7.64699416322e-06, 3.8331718315e-06, 2.23082111006e-06, 1.83999281944e-06, 1.82713733921e-06, 1.19384174013e-06, 1.86296085758e-06, 2.91509354611e-06, 1.85937085462e-06, 1.56526436967e-06, 1.06829281776e-06, 1.06750837858e-06, 4.10324796363e-09, 2.15986473151e-09, 1.69993485954e-09, 1.46993561767e-09, 1.34604161151e-09, 1.26078092411e-09, 1.20001830695e-09, 1.14684495234e-09, 1.12615838876e-09, 1.10598186165e-09, 1.09306830254e-09],
        "mean": [1.7477404981e-06, 1.02315743788e-05, 2.83435474557e-05, 3.59682890121e-05, 5.05188072566e-05, 9.74416107056e-05, 0.000126680155518, 0.000313680706313, 0.000604318513069, 0.000292020151392, 0.000288962386549, 0.0003945362987, 0.000379533477826, 0.000411353597883, 0.000457134243334, 0.000703054072801, 0.00053832231788, 0.000541438465007, 0.000705580518115, 0.000636072130874, 0.000220321016968, 0.000195422631805, 0.00045994023094, 0.000276116275927, 0.000142300734296, 0.000226744028623, 0.000263643800281, 0.000128105792101, 7.5811316492e-05, 5.63580397284e-05, 3.86035790143e-05, 3.94784437958e-05, 4.68096041004e-05, 4.15288559452e-05, 3.66974963981e-05, 4.56965244666e-05, 4.67142999696e-05, 3.16725781886e-05, 3.93881564378e-05, 3.70048765035e-05, 3.23318308801e-05, 4.50372317573e-05, 3.59990008292e-05, 4.07751140301e-05, 3.60646990885e-05, 2.796584522e-05, 2.68216590484e-05, 2.70245145657e-05, 2.57626470557e-05, 2.58738782577e-05, 2.42637815973e-05, 2.1255304091e-05, 1.84114669537e-05, 1.98761517822e-05, 2.24488103413e-05, 1.74331780727e-05, 1.1374292626e-05, 9.251026313e-06, 7.99745703262e-06, 6.33869967714e-06, 5.18982187714e-06, 5.09436085849e-06, 5.38536733075e-06, 6.26562996331e-06, 6.81219489707e-06, 8.02113663667e-06, 5.81901076657e-06, 3.00595456793e-06, 3.20646972796e-06, 3.13105010719e-06, 2.78113498098e-06, 2.2688370791e-06, 1.77526828793e-06, 1.51245274083e-06, 1.74018066446e-06, 2.18016180042e-06, 2.8813285553e-06, 2.55352142631e-06, 1.81004804745e-06, 1.99803480427e-06, 1.96025052901e-06, 2.52812424151e-06, 4.66447500003e-06, 4.06271419706e-06, 3.71265855392e-06, 4.72927786177e-06, 3.74561727767e-06, 2.88669480142e-06, 1.45296996834e-06, 1.28491956275e-06, 1.14244710403e-06, 1.00660440694e-06, 6.60486762172e-07, 6.3756255031e-07, 1.71286774275e-06, 1.17588911053e-06, 5.07816764639e-07, 3.70183897758e-07, 2.32137523426e-07, 2.52491474839e-07, 2.5689399763e-07, 2.89014280952e-07, 2.37505616951e-07, 2.637794978e-07, 1.87379541217e-07, 2.24147484573e-07, 1.90431961755e-07, 8.54856807564e-08, 7.21401818282e-08, 5.27424468544e-08, 4.15169765233e-08, 4.47160140027e-08, 4.24801420706e-08, 4.06331146507e-08, 3.44679378372e-08, 1.60759753953e-07, 3.22344476444e-07, 9.1360932708e-11, 6.37412561968e-12, 5.37742636877e-12, 4.87365443141e-12, 4.58566734932e-12, 4.37521243193e-12, 4.2187312671e-12, 4.09185489311e-12, 4.02957788664e-12, 3.97517825948e-12, 3.9390162139e-12],
        "min": [1.27756349006e-24, 6.90041778738e-25, 1.79594598038e-24, 2.90262474481e-24, 2.67412033678e-24, 1.24651047356e-24, 1.09963344769e-24, 4.84244238822e-24, 3.41586198849e-24, 5.81138524975e-24, 2.31807092544e-24, 1.91611947295e-24, 1.33278631722e-24, 2.8707243931e-24, 6.73572591569e-24, 5.65072554197e-25, 5.91178525348e-25, 3.84548234279e-24, 9.58790142789e-24, 4.26432606826e-24, 3.46927812696e-24, 1.34271699133e-24, 6.16311633789e-25, 3.03939784299e-24, 6.51595281737e-24, 1.85246332828e-24, 2.50168875353e-24, 3.21516867445e-24, 3.79974892067e-24, 4.42256683268e-24, 2.65036576277e-24, 3.8325690842e-24, 4.3269533411e-24, 4.12230783392e-24, 2.63041980921e-24, 4.01275635343e-24, 3.74676468354e-24, 3.78434246719e-24, 4.31566395268e-24, 9.10135016536e-24, 4.32009616768e-24, 4.54289454757e-24, 8.55874086917e-24, 3.75156292999e-24, 3.07630331994e-24, 3.17005332485e-24, 1.99109360225e-24, 3.21140738565e-24, 5.02532361745e-24, 5.54522003045e-24, 6.15517753756e-24, 6.62348915268e-24, 6.03970920585e-24, 3.53294314632e-24, 5.26583389682e-24, 6.97180516335e-24, 3.38044568371e-24, 3.12020855691e-24, 4.49919165342e-24, 1.59184952039e-24, 3.59215583472e-24, 6.19921057e-24, 1.989947979e-24, 1.97819138771e-24, 3.35690252443e-24, 2.13767539692e-24, 4.68348573253e-24, 9.38329536377e-24, 5.68670696697e-24, 2.83158190384e-24, 4.54031378912e-24, 5.05886519428e-24, 5.96359280597e-24, 2.49243206246e-24, 6.19936518674e-24, 8.08932208777e-24, 7.01947366127e-24, 6.51740589916e-24, 5.62109070016e-24, 1.06326301566e-23, 6.0701813249e-24, 5.92045710281e-24, 5.55316543749e-24, 6.01172436524e-24, 5.84926082839e-24, 5.07111383755e-24, 5.44855222627e-24, 6.43995592991e-24, 4.41369924725e-24, 6.5832493579e-24, 8.29350532245e-24, 5.11771579553e-24, 4.86060551613e-24, 4.80843656675e-24, 5.04365082843e-24, 5.14293725639e-24, 6.39024743769e-24, 8.71398001785e-24, 9.55709483182e-24, 6.07038485101e-24, 7.93986607839e-24, 6.64810950153e-24, 7.55070442776e-24, 5.4841337974e-24, 8.87106431218e-24, 8.11072309527e-24, 6.74484672548e-24, 7.81549032377e-24, 8.7178975011e-24, 7.33739643899e-24, 1.02085992762e-23, 1.18546127752e-23, 8.94243650258e-24, 8.26410447651e-24, 9.76031013417e-24, 7.16473135292e-24, 8.58879883624e-24, 7.87599358861e-24, 6.9845547333e-24, 8.42290927648e-24, 1.15320791055e-23, 1.08660028225e-23, 8.59370870651e-24, 7.3926884887e-24, 8.18782083812e-24, 1.06556767279e-23, 7.70037974048e-24, 1.16048893894e-23],
        "stdev": [2.2682756935e-06, 2.10959369724e-05, 6.15414537606e-05, 0.000104961516627, 0.000114131806185, 0.000171547595528, 0.000288545445073, 0.000804163806606, 0.00115160737187, 0.000439032854047, 0.000455237604911, 0.000734435394406, 0.0010689299088, 0.00126183591783, 0.000933298026212, 0.00134441861883, 0.00107173202559, 0.00231329374947, 0.00221858313307, 0.00195040053222, 0.000648636138067, 0.000899520236999, 0.00224126130342, 0.00115122715943, 0.000609636597801, 0.000937000033446, 0.00114792329259, 0.000270926277153, 0.000274988706224, 0.000127930659801, 8.12944053905e-05, 7.77149907663e-05, 9.4933413493e-05, 7.18048468116e-05, 6.64184626658e-05, 7.64992510085e-05, 6.43590392428e-05, 5.6025761296e-05, 7.33939232305e-05, 8.11682912172e-05, 5.85160814808e-05, 0.000104229089629, 6.74364200677e-05, 8.2316728367e-05, 9.68980384641e-05, 4.87974612042e-05, 4.82457471662e-05, 5.00491150888e-05, 4.72793217341e-05, 5.27047923242e-05, 4.71149833174e-05, 4.46552658104e-05, 3.68576947949e-05, 3.09114366246e-05, 3.66964304703e-05, 3.52218776243e-05, 1.90516693692e-05, 1.47740875036e-05, 1.31675988086e-05, 8.43811358209e-06, 7.14015050107e-06, 7.54785696699e-06, 8.04628507467e-06, 1.88490175788e-05, 2.82854925899e-05, 4.84341071569e-05, 3.52435818058e-05, 1.23030595205e-05, 1.6527956177e-05, 1.79523594852e-05, 1.46646334542e-05, 1.31858014356e-05, 8.14377563074e-06, 4.70596160085e-06, 6.54929363009e-06, 1.25058049889e-05, 1.57689737534e-05, 1.56264195539e-05, 9.50388221099e-06, 1.31270362544e-05, 1.22725559777e-05, 1.62999167514e-05, 3.65962005162e-05, 2.99629100482e-05, 2.88757455564e-05, 4.23472592956e-05, 2.91031865345e-05, 2.06203621929e-05, 9.3168919193e-06, 8.74870420375e-06, 7.92850823927e-06, 7.48352522351e-06, 3.64418860954e-06, 2.87016109723e-06, 9.20137426874e-06, 5.96366135142e-06, 2.09486370295e-06, 1.51375206769e-06, 8.4255452748e-07, 9.84368057289e-07, 9.74693421085e-07, 1.2372394167e-06, 1.12401608021e-06, 1.1064686305e-06, 8.3409116769e-07, 6.32484272955e-07, 3.69121437416e-07, 2.23023405965e-07, 1.95513948142e-07, 1.43746731851e-07, 1.09998595121e-07, 1.48091729102e-07, 1.59238837227e-07, 1.64775272538e-07, 1.08416593037e-07, 8.60228297483e-08, 7.33880298753e-08, 3.19504867008e-10, 9.20324649822e-11, 7.24670115582e-11, 6.2685044655e-11, 5.74154335187e-11, 5.37892265451e-11, 5.12043220324e-11, 4.894261732e-11, 4.80611141163e-11, 4.72024329345e-11, 4.66529731513e-11]
    },
    "mfcc": {
        "mean": [-695.461181641, 121.887985229, -10.4196310043, 8.48963451385, -2.32364201546, -8.24692440033, -18.3480358124, -8.91212844849, -11.2865991592, -10.1034946442, -5.35409259796, -2.83566594124, -3.70413541794],
        "cov": [[7421.12109375, 221.438156128, -1630.33288574, -715.387939453, -386.592498779, -102.79158783, -295.269378662, -143.640060425, 28.055398941, 98.4452438354, 47.762966156, -59.5116271973, 24.0729866028], [221.438156128, 1760.4888916, -135.821655273, -243.984054565, -5.05876874924, -285.845184326, -66.2948532104, -52.732963562, -37.1322021484, -46.7013130188, 29.4844589233, 68.3799514771, -52.4580307007], [-1630.33288574, -135.821655273, 1304.37316895, 637.145629883, 123.424751282, -15.242524147, -32.5539588928, -11.5964345932, -152.438751221, -96.231048584, -41.069229126, 20.0023365021, 26.0975418091], [-715.387939453, -243.984054565, 637.145629883, 633.659851074, 197.004104614, -7.28484010696, -25.7443943024, 14.7877950668, -102.309822083, -112.863487244, -42.7872772217, 3.99499535561, 26.2872123718], [-386.592498779, -5.05876874924, 123.424751282, 197.004104614, 209.101913452, 68.3975143433, 23.6864490509, 13.3131847382, -7.1086063385, -50.2248001099, -35.5024871826, 1.5995862484, 13.8612604141], [-102.79158783, -285.845184326, -15.242524147, -7.28484010696, 68.3975143433, 253.511322021, 113.491905212, 14.1962795258, 43.2013053894, 44.8045425415, -8.86969661713, -34.0262985229, 9.55582714081], [-295.269378662, -66.2948532104, -32.5539588928, -25.7443943024, 23.6864490509, 113.491905212, 163.945236206, 66.1134643555, 44.1082496643, 28.6143054962, -2.08858323097, -10.5696783066, -10.5086832047], [-143.640060425, -52.732963562, -11.5964345932, 14.7877950668, 13.3131847382, 14.1962795258, 66.1134643555, 89.744354248, 38.7551765442, -0.480890333652, 2.32977962494, 4.67782688141, -15.701461792], [28.055398941, -37.1322021484, -152.438751221, -102.309822083, -7.1086063385, 43.2013053894, 44.1082496643, 38.7551765442, 91.5721435547, 39.700553894, 10.8963241577, 9.83651924133, -5.49592876434], [98.4452438354, -46.7013130188, -96.231048584, -112.863487244, -50.2248001099, 44.8045425415, 28.6143054962, -0.480890333652, 39.700553894, 91.4311447144, 38.5638046265, -6.01128053665, -0.347708314657], [47.762966156, 29.4844589233, -41.069229126, -42.7872772217, -35.5024871826, -8.86969661713, -2.08858323097, 2.32977962494, 10.8963241577, 38.5638046265, 53.7607955933, 13.9732961655, -3.57870030403], [-59.5116271973, 68.3799514771, 20.0023365021, 3.99499535561, 1.5995862484, -34.0262985229, -10.5696783066, 4.67782688141, 9.83651924133, -6.01128053665, 13.9732961655, 48.0548324585, 13.7469863892], [24.0729866028, -52.4580307007, 26.0975418091, 26.2872123718, 13.8612604141, 9.55582714081, -10.5086832047, -15.701461792, -5.49592876434, -0.347708314657, -3.57870030403, 13.7469863892, 54.2693481445]],
        "icov": [[0.000263105088379, -0.000123546677059, 0.000479337119032, -0.000349130306859, 0.000683974009007, -0.000548220938072, 0.000818130327389, -0.000373712508008, 0.00039002954145, -0.000227712778724, 0.000402728823246, -1.5419032934e-05, -0.000256892497418], [-0.000123546677059, 0.00112769531552, -0.000483238865854, 0.00129543431103, -0.00180314399768, 0.00201249448583, -0.00151294190437, 0.00144941627514, 0.00012247095583, 0.00069482967956, -0.00113171746489, -0.00056776823476, 0.00106837914791], [0.000479337119032, -0.000483238865854, 0.00276666344143, -0.00289928354323, 0.00255652749911, -0.00197066459805, 0.00174835533835, -0.00108597101644, 0.00253817602061, -0.00193501194008, 0.00255907513201, -0.00214508571662, 6.93170441082e-05], [-0.000349130306859, 0.00129543431103, -0.00289928354323, 0.00710269017145, -0.00608227634802, 0.0029246180784, -0.00149534619413, -0.000544865906704, 0.00155965727754, 0.00350229488686, -0.00384778529406, 0.00173622264992, -0.000560942804441], [0.000683974009007, -0.00180314399768, 0.00255652749911, -0.00608227634802, 0.0135740367696, -0.00712080672383, 0.00372670521028, -0.00210205907933, -0.00104701938108, 0.00138960964978, 0.00522163882852, -0.00228688516654, -0.00160283979494], [-0.000548220938072, 0.00201249448583, -0.00197066459805, 0.0029246180784, -0.00712080672383, 0.013319702819, -0.00960360281169, 0.00706317089498, -0.00422498397529, -0.00067730457522, -0.00319999619387, 0.00582587625831, -0.000742114149034], [0.000818130327389, -0.00151294190437, 0.00174835533835, -0.00149534619413, 0.00372670521028, -0.00960360281169, 0.0183569323272, -0.0133381988853, 0.0035732248798, -0.00474034249783, 0.005555822514, -0.00186935823876, -0.000335695774993], [-0.000373712508008, 0.00144941627514, -0.00108597101644, -0.000544865906704, -0.00210205907933, 0.00706317089498, -0.0133381988853, 0.0266224127263, -0.012233494781, 0.00708018802106, -0.00624927971512, 0.00134631991386, 0.00481922132894], [0.00039002954145, 0.00012247095583, 0.00253817602061, 0.00155965727754, -0.00104701938108, -0.00422498397529, 0.0035732248798, -0.012233494781, 0.0277352426201, -0.0116971954703, 0.00811452325433, -0.0120602361858, 0.00245707086287], [-0.000227712778724, 0.00069482967956, -0.00193501194008, 0.00350229488686, 0.00138960964978, -0.00067730457522, -0.00474034249783, 0.00708018802106, -0.0116971954703, 0.0314332693815, -0.0218468718231, 0.0108894156292, -0.00428064446896], [0.000402728823246, -0.00113171746489, 0.00255907513201, -0.00384778529406, 0.00522163882852, -0.00319999619387, 0.005555822514, -0.00624927971512, 0.00811452325433, -0.0218468718231, 0.0399175770581, -0.0167991761118, 0.00542760686949], [-1.5419032934e-05, -0.00056776823476, -0.00214508571662, 0.00173622264992, -0.00228688516654, 0.00582587625831, -0.00186935823876, 0.00134631991386, -0.0120602361858, 0.0108894156292, -0.0167991761118, 0.0383672229946, -0.0127438018098], [-0.000256892497418, 0.00106837914791, 6.93170441082e-05, -0.000560942804441, -0.00160283979494, -0.000742114149034, -0.000335695774993, 0.00481922132894, 0.00245707086287, -0.00428064446896, 0.00542760686949, -0.0127438018098, 0.0254884939641]]
    },
    "spectral_contrast_coeffs": {
        "max": [-0.421642512083, -0.45433229208, -0.555368959904, -0.699172735214, -0.663014829159, -0.646329402924],
        "mean": [-0.657628595829, -0.729608952999, -0.796687960625, -0.826887667179, -0.807576179504, -0.791710913181],
        "min": [-0.967741906643, -0.988633811474, -0.989174008369, -0.980383217335, -0.984077751637, -0.960487127304],
        "stdev": [0.088035069406, 0.0965626388788, 0.0673880949616, 0.0418670959771, 0.0436251536012, 0.0378304943442]
    },
    "spectral_contrast_valleys": {
        "max": [-6.02003669739, -4.7503361702, -5.74637746811, -5.57460260391, -5.85228967667, -7.78527736664],
        "mean": [-7.88124799728, -7.04538106918, -7.75105571747, -7.84131145477, -8.13436126709, -10.6789426804],
        "min": [-27.8734874725, -27.7064704895, -27.7096595764, -27.334104538, -27.2269878387, -27.3234844208],
        "stdev": [1.89427030087, 1.96130609512, 2.08325386047, 2.09946703911, 1.88726484776, 1.64790713787]
    }
},
"rhythm": {
    "beats_count": 22,
    "beats_loudness": {
        "max": 0.0746029093862,
        "mean": 0.0268465764821,
        "min": 0.00129973248113,
        "stdev": 0.0191208142787
    },
    "bpm": 95.1876754761,
    "bpm_histogram_first_peak_bpm": 96,
    "bpm_histogram_first_peak_weight": 0.5,
    "bpm_histogram_second_peak_bpm": 123,
    "bpm_histogram_second_peak_spread": 0.625,
    "bpm_histogram_second_peak_weight": 0.142857149243,
    "danceability": 1.10623848438,
    "onset_rate": 2.66470932961,
    "beats_loudness_band_ratio": {
        "max": [0.681970953941, 0.799654245377, 0.810797214508, 0.495047986507, 0.41098344326, 0.895271658897],
        "mean": [0.121098615229, 0.279745042324, 0.403497964144, 0.114354342222, 0.0835273712873, 0.0757333114743],
        "min": [0.000126749422634, 0.0237066559494, 0.030189121142, 0.00219791592099, 0.00468038767576, 0.00190893968102],
        "stdev": [0.18084192276, 0.238826587796, 0.292072445154, 0.123913556337, 0.103694170713, 0.198860734701]
    },
    "beats_position": [0.452789098024, 0.905578196049, 1.35836732388, 1.82276642323, 2.29877543449, 2.77478456497, 3.25079369545, 3.73841261864, 4.22603178024, 4.71365070343, 5.21287965775, 5.71210861206, 6.35065746307, 6.98920631409, 7.61614513397, 8.24308395386, 8.88163280487, 9.52018165588, 10.1471195221, 10.774058342, 11.4009971619, 12.0163259506],
