{
"metadata": {
    "version": {
        "essentia": "2.1-beta5",
        "essentia_git_sha": "Undefined",
        "extractor": "music 2.0"
    },
    "audio_properties": {
        "analysis": {
            "equal_loudness": 0,
            "length": 48.7502937317,
            "sample_rate": 44100,
            "start_time": 12.7477550507,
            "downmix": "mix"
        },
        "bit_rate": 192000,
        "length": 185.086273193,
        "lossless": 0,
        "number_channels": 2,
        "replay_gain": -5.99179077148,
        "sample_rate": 48000,
        "codec": "mp3",
        "md5_encoded": "d7c35640d96203c856cf773458eb76ff"
    },
    "tags": {
        "file_name": "Portugal_Vida Minha_Filipa Sousa.mp3",
        "encoding": ["Lavf58.29.100"]
    }
},
"lowlevel": {
    "average_loudness": 0.959667146206,
    "barkbands_crest": {
        "max": 25.8196926117,
        "mean": 12.9383716583,
        "min": 3.15749263763,
        "stdev": 5.31732654572
    },
    "barkbands_flatness_db": {
        "max": 0.393444120884,
        "mean": 0.180344313383,
        "min": 0.0523790717125,
        "stdev": 0.0517294257879
    },
    "barkbands_kurtosis": {
        "max": 283.827301025,
        "mean": 7.74800682068,
        "min": -1.90924358368,
        "stdev": 18.3921871185
    },
    "barkbands_skewness": {
        "max": 14.6165599823,
        "mean": 1.82252812386,
        "min": -3.99613904953,
        "stdev": 1.69070351124
    },
    "barkbands_spread": {
        "max": 108.230354309,
        "mean": 17.6757946014,
        "min": 0.695846438408,
        "stdev": 15.2076253891
    },
    "dissonance": {
        "max": 0.5,
        "mean": 0.441745758057,
        "min": 0.284935772419,
        "stdev": 0.0387773066759
    },
    "dynamic_complexity": 2.68996548653,
    "erbbands_crest": {
        "max": 30.6734828949,
        "mean": 11.4736185074,
        "min": 2.17357826233,
        "stdev": 5.61153745651
    },
    "erbbands_flatness_db": {
        "max": 0.350647002459,
        "mean": 0.194319248199,
        "min": 0.0542896389961,
        "stdev": 0.0530409887433
    },
    "erbbands_kurtosis": {
        "max": 26.6726512909,
        "mean": 1.56135904789,
        "min": -1.81925058365,
        "stdev": 3.03964591026
    },
    "erbbands_skewness": {
        "max": 4.53903532028,
        "mean": 0.821699559689,
        "min": -2.97832226753,
        "stdev": 0.968833625317
    },
    "erbbands_spread": {
        "max": 168.15272522,
        "mean": 34.711265564,
        "min": 5.04115533829,
        "stdev": 20.6721134186
    },
    "hfc": {
        "max": 162.617431641,
        "mean": 22.8319549561,
        "min": 0.615378320217,
        "stdev": 20.4677238464
    },
    "loudness_ebu128": {
        "integrated": -17.7190761566,
        "loudness_range": 2.34707260132,
        "momentary": {
            "max": -14.2746868134,
            "mean": -18.0482769012,
            "min": -25.07538414,
            "stdev": 1.75600504875
        },
        "short_term": {
            "max": -16.0412521362,
            "mean": -17.7995586395,
            "min": -19.5270347595,
            "stdev": 0.814061820507
        }
    },
    "melbands_crest": {
        "max": 32.9038276672,
        "mean": 15.9282264709,
        "min": 3.20542836189,
        "stdev": 6.15128755569
    },
    "melbands_flatness_db": {
        "max": 0.47444999218,
        "mean": 0.202847227454,
        "min": 0.0312405396253,
        "stdev": 0.0648691728711
    },
    "melbands_kurtosis": {
        "max": 504.722961426,
        "mean": 18.2640399933,
        "min": -1.83396553993,
        "stdev": 37.4901847839
    },
    "melbands_skewness": {
        "max": 19.6514396667,
        "mean": 2.63967514038,
        "min": -1.18897151947,
        "stdev": 2.12976574898
    },
    "melbands_spread": {
        "max": 221.082168579,
        "mean": 22.7841072083,
        "min": 0.519266664982,
        "stdev": 28.3700580597
    },
    "pitch_salience": {
        "max": 0.80695515871,
        "mean": 0.515949726105,
        "min": 0.0708266273141,
        "stdev": 0.141208484769
    },
    "silence_rate_20dB": {
        "max": 1,
        "mean": 1,
        "min": 1,
        "stdev": 0
    },
    "silence_rate_30dB": {
        "max": 1,
        "mean": 0.99857211113,
        "min": 0,
        "stdev": 0.0377610363066
    },
    "silence_rate_60dB": {
        "max": 1,
        "mean": 0.0314136110246,
        "min": 0,
        "stdev": 0.174435257912
    },
    "spectral_centroid": {
        "max": 6192.63134766,
        "mean": 1238.91821289,
        "min": 157.768951416,
        "stdev": 710.832763672
    },
    "spectral_complexity": {
        "max": 39,
        "mean": 14.2698717117,
        "min": 2,
        "stdev": 5.81189680099
    },
    "spectral_decrease": {
        "max": -2.02426977958e-10,
        "mean": -6.64962218622e-09,
        "min": -4.30856417211e-08,
        "stdev": 5.05649433435e-09
    },
    "spectral_energy": {
        "max": 0.163886800408,
        "mean": 0.0271681472659,
        "min": 0.000840310065541,
        "stdev": 0.0195759069175
    },
    "spectral_energyband_high": {
        "max": 0.0183303933591,
        "mean": 0.000861965876538,
        "min": 1.21934190247e-05,
        "stdev": 0.00203541992232
    },
    "spectral_energyband_low": {
        "max": 0.16176430881,
        "mean": 0.00589061388746,
        "min": 7.52354367251e-07,
        "stdev": 0.0158481057733
    },
    "spectral_energyband_middle_high": {
        "max": 0.0545071363449,
        "mean": 0.0055285631679,
        "min": 8.34949678392e-05,
        "stdev": 0.00739285070449
    },
    "spectral_energyband_middle_low": {
        "max": 0.0902820751071,
        "mean": 0.0151624055579,
        "min": 0.00016532187874,
        "stdev": 0.0138067016378
    },
    "spectral_entropy": {
        "max": 8.81422519684,
        "mean": 7.3398900032,
        "min": 5.92386388779,
        "stdev": 0.50261849165
    },
    "spectral_flux": {
        "max": 0.287692666054,
        "mean": 0.0787130892277,
        "min": 0.0178451370448,
        "stdev": 0.0407423079014
    },
    "spectral_kurtosis": {
        "max": 14.8797492981,
        "mean": 3.76858830452,
        "min": -1.51260995865,
        "stdev": 2.36274051666
    },
    "spectral_rms": {
        "max": 0.0126447444782,
        "mean": 0.00482346024364,
        "min": 0.000905436230823,
        "stdev": 0.00179993989877
    },
    "spectral_rolloff": {
        "max": 12037.0605469,
        "mean": 1625.22338867,
        "min": 64.599609375,
        "stdev": 2123.91088867
    },
    "spectral_skewness": {
        "max": 2.82486772537,
        "mean": 1.54091620445,
        "min": -0.329136818647,
        "stdev": 0.465063869953
    },
    "spectral_spread": {
        "max": 21247186,
        "mean": 4926145.5,
        "min": 2054125.625,
        "stdev": 2041375
    },
    "spectral_strongpeak": {
        "max": 13.9805774689,
        "mean": 1.75977921486,
        "min": 0.0137597154826,
        "stdev": 1.85753417015
    },
    "zerocrossingrate": {
        "max": 0.40771484375,
        "mean": 0.0655438005924,
        "min": 0.00390625,
        "stdev": 0.0577626675367
    },
    "barkbands": {
        "max": [0.00319687486626, 0.143403813243, 0.0352879464626, 0.0182342082262, 0.0873027741909, 0.047900646925, 0.0367158427835, 0.0443528927863, 0.0658770352602, 0.0336769893765, 0.0232737325132, 0.0311042312533, 0.046945374459, 0.0231842976063, 0.0180732179433, 0.0255104098469, 0.0177935771644, 0.0125164687634, 0.0040993951261, 0.00375945633277, 0.00547508057207, 0.00402455730364, 0.00558341294527, 0.0108367484063, 0.00872129946947, 0.0016155615449, 5.25528821527e-06],
        "mean": [5.71599994146e-05, 0.0048865461722, 0.000803959497716, 0.000332351424731, 0.0035998923704, 0.00266370526515, 0.00153554510325, 0.00176307093352, 0.00501603959128, 0.00101187417749, 0.00081871036673, 0.00066341337515, 0.00079806993017, 0.000673770555295, 0.000419028161559, 0.000331483781338, 0.000242374837399, 0.000315662153298, 0.000230077115702, 0.000225712603424, 9.69610482571e-05, 0.000104525286588, 0.000166883051861, 0.00024346500868, 0.000137964612804, 2.98785453197e-05, 1.30134560905e-08],
        "min": [6.79480360866e-10, 1.85223463234e-08, 1.07906600988e-07, 2.04494483569e-07, 6.47966726319e-06, 8.15927887743e-06, 1.41871248616e-06, 1.29894533529e-06, 3.95371307604e-06, 2.05249534702e-06, 6.0684823211e-07, 1.80145843842e-06, 1.33664832447e-06, 2.94248792443e-07, 7.2652221661e-07, 3.96660539081e-07, 6.53263709793e-09, 5.47374090498e-10, 1.566649388e-08, 1.47881928569e-06, 5.10526149355e-07, 6.64567210151e-07, 1.78560389941e-06, 8.85215740709e-07, 6.15622468558e-08, 3.84908181716e-11, 3.85486850774e-11],
        "stdev": [0.000242892783717, 0.014152770862, 0.00264074536972, 0.000777011213358, 0.00783799123019, 0.00452336343005, 0.00331570277922, 0.00370281329378, 0.0104471063241, 0.00305657810532, 0.00171943509486, 0.00182375428267, 0.00285947252996, 0.00197373470291, 0.00119709852152, 0.00132291927002, 0.000794171588495, 0.000703809200786, 0.000362825056072, 0.000398477830458, 0.000303373031784, 0.000288349052425, 0.00041315794806, 0.000711330445483, 0.000606706715189, 0.000126421582536, 1.54580746425e-07]
    },
    "erbbands": {
        "max": [3.79211854935, 35.0561904907, 55.8348846436, 41.604259491, 67.4369277954, 372.983551025, 515.985534668, 419.897247314, 437.483703613, 729.52722168, 880.228820801, 1810.80456543, 897.05065918, 579.647949219, 1127.29772949, 859.918701172, 2111.45019531, 1510.03161621, 970.142272949, 914.36529541, 1683.05810547, 435.446411133, 896.657165527, 306.598632812, 156.622192383, 165.933334351, 204.684524536, 208.310943604, 162.499786377, 110.520942688, 186.461090088, 147.839019775, 231.862487793, 121.960777283, 43.5600776672, 12.8904066086, 2.11524534225, 0.0587089210749, 0.00195573735982, 0.000283957604552],
        "mean": [0.117618344724, 1.14582383633, 1.40463316441, 0.904835820198, 2.69253134727, 14.7689008713, 24.5507202148, 21.3139476776, 18.6308040619, 33.2480812073, 42.9554710388, 121.426651001, 58.3752288818, 31.9147396088, 33.4452095032, 22.656255722, 34.8713417053, 33.4027900696, 30.483253479, 18.900390625, 18.1058483124, 13.258898735, 17.1997070312, 15.4149188995, 11.302822113, 9.44605350494, 4.65746498108, 3.65306687355, 3.73333978653, 3.80408430099, 5.14071273804, 5.29636859894, 3.80888080597, 1.99935114384, 0.73767375946, 0.231772124767, 0.0368530377746, 0.00101671810262, 5.66501475987e-05, 3.77744690923e-05],
        "min": [1.43019485677e-06, 1.65266228578e-05, 0.000371165690012, 0.00224983226508, 0.00303037790582, 0.015830880031, 0.058468170464, 0.0532491058111, 0.053363032639, 0.0648081228137, 0.336918532848, 0.252245336771, 0.15681643784, 0.231283426285, 0.241527304053, 0.151245608926, 0.122133560479, 0.0899046510458, 0.0793338865042, 0.0431360453367, 0.0561983250082, 0.0178743153811, 0.00376246310771, 0.0215943604708, 0.0120651787147, 0.081717595458, 0.0659848302603, 0.0408921167254, 0.0283820573241, 0.0579531565309, 0.050377972424, 0.0232058614492, 0.0116030573845, 0.000849438773002, 0.000220569214434, 1.92311108549e-05, 4.95434642289e-06, 1.15930379252e-06, 8.57781401464e-07, 1.07168966679e-06],
        "stdev": [0.400749891996, 3.26775693893, 4.41267538071, 2.0129802227, 4.90503931046, 34.0608329773, 48.5349388123, 37.2342681885, 34.9944572449, 66.554069519, 81.7339630127, 267.106719971, 121.095031738, 64.5820388794, 67.5812530518, 50.9390487671, 121.583839417, 87.2363204956, 77.0964202881, 51.7979774475, 74.4648666382, 35.0458374023, 42.5328598022, 25.090555191, 18.5678710938, 16.3690929413, 12.1118068695, 12.0382471085, 10.4338331223, 9.71684265137, 12.7491321564, 14.6068439484, 12.0871191025, 8.25468921661, 3.47046661377, 1.03282952309, 0.145870015025, 0.00405515125021, 0.000158876529895, 2.92112745228e-05]
    },
    "gfcc": {
        "mean": [-15.7147579193, 88.3254394531, -139.818222046, 23.21667099, -85.4980010986, 14.8862581253, -48.4143218994, 8.76318454742, -19.8115234375, -6.23836612701, -3.51962208748, -8.52509403229, -3.27110075951],
        "cov": [[1477.30371094, -337.991790771, 58.5502815247, -62.1798286438, 34.8862190247, 123.414451599, 30.8705101013, 178.789611816, -91.6410598755, 110.13785553, 25.3818721771, 48.7786827087, -81.4150466919], [-337.991790771, 1187.90039062, -97.440864563, 195.533996582, 259.743133545, -96.3760375977, 324.329162598, 1.60169577599, 194.406539917, -86.280632019, 191.946594238, -85.6842498779, 119.899902344], [58.5502815247, -97.440864563, 1341.24279785, 377.515350342, 273.751312256, 293.406494141, 62.695186615, 156.387664795, -36.8701896667, 312.213348389, -196.887054443, 278.990234375, -92.880531311], [-62.1798286438, 195.533996582, 377.515350342, 557.909240723, 219.189712524, 133.501480103, 166.480499268, 43.8593025208, 154.977081299, 80.6783065796, 37.071144104, 36.1297111511, 45.3753242493], [34.8862190247, 259.743133545, 273.751312256, 219.189712524, 395.393157959, 161.592544556, 210.122421265, 142.308853149, 77.252166748, 139.822113037, 18.2841243744, 72.7094192505, -19.5098228455], [123.414451599, -96.3760375977, 293.406494141, 133.501480103, 161.592544556, 345.435974121, 209.21913147, 107.344444275, 21.0376262665, 115.416725159, 19.3370094299, 31.0211524963, -27.5913047791], [30.8705101013, 324.329162598, 62.695186615, 166.480499268, 210.122421265, 209.21913147, 473.6875, 147.071548462, 58.6280899048, 50.8970870972, 126.847824097, -12.8909025192, 11.33959198], [178.789611816, 1.60169577599, 156.387664795, 43.8593025208, 142.308853149, 107.344444275, 147.071548462, 225.350418091, 41.6029701233, 66.1856079102, 26.1251888275, 42.6980400085, -20.1540260315], [-91.6410598755, 194.406539917, -36.8701896667, 154.977081299, 77.252166748, 21.0376262665, 58.6280899048, 41.6029701233, 221.412872314, -11.5612211227, 64.9310455322, -37.5151138306, 68.7952270508], [110.13785553, -86.280632019, 312.213348389, 80.6783065796, 139.822113037, 115.416725159, 50.8970870972, 66.1856079102, -11.5612211227, 242.682846069, -58.002407074, 127.039611816, -48.2198982239], [25.3818721771, 191.946594238, -196.887054443, 37.071144104, 18.2841243744, 19.3370094299, 126.847824097, 26.1251888275, 64.9310455322, -58.002407074, 220.699111938, -64.4882049561, 48.7419624329], [48.7786827087, -85.6842498779, 278.990234375, 36.1297111511, 72.7094192505, 31.0211524963, -12.8909025192, 42.6980400085, -37.5151138306, 127.039611816, -64.4882049561, 206.46762085, -25.2218818665], [-81.4150466919, 119.899902344, -92.880531311, 45.3753242493, -19.5098228455, -27.5913047791, 11.33959198, -20.1540260315, 68.7952270508, -48.2198982239, 48.7419624329, -25.2218818665, 117.333381653]],
        "icov": [[0.000875825877301, 9.26694701775e-05, 0.000181511364644, -0.000158757975441, 0.000129470339743, -0.000211259510252, 0.000284855661448, -0.000897045480087, 0.00051179662114, -0.000373715622118, -0.00032033919706, 5.06482174387e-05, 0.000198634152184], [9.26694701775e-05, 0.00275592668913, -0.0010267283069, 0.000995961716399, -0.00245646084659, 0.00293466052972, -0.00251131178811, 0.00211463100277, -0.00151413923595, 0.0008741877391, -0.001176461461, 0.000844612775836, -0.00114493980072], [0.000181511364644, -0.0010267283069, 0.0024657191243, -0.00179803546052, 0.00102412642445, -0.00225538131781, 0.00158737285528, -0.00189087667968, 0.00142994604539, -0.000921689264942, 0.00148190953769, -0.00163016968872, 0.000800832989626], [-0.000158757975441, 0.000995961716399, -0.00179803546052, 0.00431455671787, -0.00208906759508, 0.00134915939998, -0.00185892044101, 0.00264997081831, -0.00289540435188, 0.000596211350057, -0.000906543747988, 0.000677738164086, -0.00115008524153], [0.000129470339743, -0.00245646084659, 0.00102412642445, -0.00208906759508, 0.00744144013152, -0.00289634522051, 0.00114648533054, -0.00359806837514, 0.000598885933869, -0.00235889526084, 0.00119167054072, -0.00126637506764, 0.00195821397938], [-0.000211259510252, 0.00293466052972, -0.00225538131781, 0.00134915939998, -0.00289634522051, 0.00869663991034, -0.00466859107837, 0.00229149567895, -0.0018683768576, -0.000388591055525, -0.00153420981951, 0.00232912087813, -0.000970522756688], [0.000284855661448, -0.00251131178811, 0.00158737285528, -0.00185892044101, 0.00114648533054, -0.00466859107837, 0.00696043297648, -0.00399979110807, 0.00269389268942, -0.00091755570611, -0.000646159169264, -0.000433039997006, 0.000691185647156], [-0.000897045480087, 0.00211463100277, -0.00189087667968, 0.00264997081831, -0.00359806837514, 0.00229149567895, -0.00399979110807, 0.0102135241032, -0.00383214280009, 0.00137464073487, -0.00126243033446, -0.000185795797734, 7.2841423389e-05], [0.00051179662114, -0.00151413923595, 0.00142994604539, -0.00289540435188, 0.000598885933869, -0.0018683768576, 0.00269389268942, -0.00383214280009, 0.00930733047426, -0.00126487878151, -0.000133358160383, 0.000938444689382, -0.00282411649823], [-0.000373715622118, 0.0008741877391, -0.000921689264942, 0.000596211350057, -0.00235889526084, -0.000388591055525, -0.00091755570611, 0.00137464073487, -0.00126487878151, 0.00898893270642, 0.000436052097939, -0.00333001674153, 0.00126719463151], [-0.00032033919706, -0.001176461461, 0.00148190953769, -0.000906543747988, 0.00119167054072, -0.00153420981951, -0.000646159169264, -0.00126243033446, -0.000133358160383, 0.000436052097939, 0.00792674627155, -0.000149078987306, -0.00088098924607], [5.06482174387e-05, 0.000844612775836, -0.00163016968872, 0.000677738164086, -0.00126637506764, 0.00232912087813, -0.000433039997006, -0.000185795797734, 0.000938444689382, -0.00333001674153, -0.000149078987306, 0.00931581947953, -0.00188770703971], [0.000198634152184, -0.00114493980072, 0.000800832989626, -0.00115008524153, 0.00195821397938, -0.000970522756688, 0.000691185647156, 7.2841423389e-05, -0.00282411649823, 0.00126719463151, -0.00088098924607, -0.00188770703971, 0.0130891418085]]
    },
    "melbands": {
        "max": [0.0341720841825, 0.0299466662109, 0.0073430580087, 0.0143217109144, 0.0174959581345, 0.008240387775, 0.00657671829686, 0.00720862811431, 0.00869459658861, 0.0125839784741, 0.00459634559229, 0.00295482971705, 0.00317279761657, 0.00460142549127, 0.00234911288135, 0.00639438861981, 0.0024938986171, 0.00210315734148, 0.0019406726351, 0.00206013885327, 0.00187565980013, 0.000664048420731, 0.00053090241272, 0.000690222077537, 0.000277344050119, 0.000154509209096, 0.000202377617825, 0.000145954603795, 0.000123387872009, 0.000148766775965, 0.000120582786622, 9.29177986109e-05, 7.87798708188e-05, 6.37327102595e-05, 9.92269269773e-05, 0.000107154344732, 0.000102666068415, 0.000209236022783, 8.74267789186e-05, 0.000131603286718],
        "mean": [0.00124214997049, 0.00100301683415, 0.000194696753169, 0.000575591984671, 0.000889973074663, 0.000471427483717, 0.000299581151921, 0.000386200321373, 0.000364120380254, 0.00080887513468, 0.000278158579022, 0.000129798980197, 0.00010469587869, 8.80706356838e-05, 5.3554722399e-05, 8.55217222124e-05, 6.00848579779e-05, 5.32573139935e-05, 3.26324807247e-05, 2.3909522497e-05, 1.995016828e-05, 1.46313805089e-05, 1.28458586914e-05, 1.52186476043e-05, 1.25779697555e-05, 6.87095416652e-06, 9.78965908871e-06, 5.43691203347e-06, 3.20646381624e-06, 2.01946795642e-06, 2.14889382733e-06, 2.18218360715e-06, 1.97423833015e-06, 2.10640951082e-06, 2.81924690171e-06, 3.30447846864e-06, 3.2476132219e-06, 2.82647170025e-06, 2.14411738853e-06, 1.53465646235e-06],
        "min": [8.64921378962e-09, 1.13093932441e-07, 3.93332868498e-07, 6.86826695073e-07, 1.86421880244e-06, 1.39644873798e-06, 4.15088493355e-07, 7.16076897334e-07, 6.77842706409e-07, 4.81549079723e-07, 4.2313394033e-07, 1.41755336358e-07, 1.03218297909e-07, 1.22302566297e-07, 8.4241335685e-08, 1.74666226371e-07, 1.01004154374e-07, 1.51060689291e-07, 4.20774028953e-08, 7.08692766693e-08, 2.93746360569e-09, 3.96762428467e-10, 4.86014770096e-11, 2.34438805174e-11, 4.57330395776e-10, 2.68783273416e-10, 1.49885637235e-09, 8.92946960818e-09, 8.06388220087e-11, 3.18621240503e-09, 3.45851525196e-09, 3.40125394516e-09, 9.48906642151e-09, 1.32141586562e-08, 2.59440664507e-08, 8.90237306095e-09, 1.12347358083e-08, 4.81281814402e-09, 2.95320712329e-10, 1.06246775267e-10],
        "stdev": [0.00377889326774, 0.00281903706491, 0.000371615285985, 0.0012054212857, 0.00177686451934, 0.000800282985438, 0.000574432197027, 0.00074912502896, 0.000754279317334, 0.00183162919711, 0.000618151505478, 0.000296863232506, 0.000199458983843, 0.000248161988566, 0.000171450650669, 0.000345266715158, 0.000171119216247, 0.000159821662237, 0.000112426365376, 8.87989372131e-05, 8.99156511878e-05, 4.22609409725e-05, 3.72401627828e-05, 3.31514311256e-05, 2.23665174417e-05, 1.091843842e-05, 1.94178192032e-05, 1.07464838948e-05, 8.20363857201e-06, 7.30967803975e-06, 7.44800991015e-06, 6.38399478703e-06, 5.60619673706e-06, 5.37073219675e-06, 6.84478891344e-06, 8.96364508662e-06, 9.55155610427e-06, 9.3236722023e-06, 7.51468132876e-06, 7.07727349436e-06]
    },
    "melbands128": {
        "max": [0.00318952696398, 0.0326555520296, 0.0553836338222, 0.0628727301955, 0.0393728688359, 0.0147119257599, 0.00887349341065, 0.00860312767327, 0.00859152991325, 0.0168546084315, 0.0260183122009, 0.038941629231, 0.0251661501825, 0.0194528829306, 0.0147234033793, 0.0110987089574, 0.00880763214082, 0.0122723933309, 0.0147156259045, 0.0140681359917, 0.0148325096816, 0.0127372853458, 0.00997354928404, 0.0254808235914, 0.0155132282525, 0.0246243532747, 0.0152037655935, 0.0085464855656, 0.012208160013, 0.00395047478378, 0.0044421153143, 0.003630109597, 0.00304839457385, 0.00767769291997, 0.00790300779045, 0.00532693509012, 0.00100669823587, 0.0037474767305, 0.00559021206573, 0.00971665140241, 0.00998801738024, 0.0103875724599, 0.00331983179785, 0.00514965038747, 0.00556702865288, 0.00334317865781, 0.00166304945014, 0.00467925984412, 0.00130121060647, 0.00290028052405, 0.00395918777213, 0.0049780854024, 0.00469118682668, 0.00336596602574, 0.00177132501267, 0.000775546650402, 0.00122696661856, 0.00085196562577, 0.00134515820537, 0.00226448988542, 0.000539727858268, 0.00107129022945, 0.000581857806537, 0.000302859232761, 0.00043067720253, 0.000236951396801, 0.000185419310583, 0.000373935035896, 0.000467390374979, 0.000320510735037, 0.000225184281589, 0.000415358517785, 0.000177222042112, 0.000236608073465, 0.000222683185712, 0.000166092271684, 0.000187016805285, 0.000163404794876, 0.000163525022799, 0.00013892451534, 0.000156988098752, 0.000123221499962, 0.000115903181722, 9.89588806988e-05, 8.54155587149e-05, 0.000103894672066, 9.13880721782e-05, 0.000107281106466, 0.00010755994299, 0.000197419023607, 0.000137350391014, 0.000107971034595, 0.000119040123536, 0.000128264247905, 0.000142356468132, 0.000371552858269, 0.000162464901223, 0.000163458855241, 0.000106275452708, 0.000132282657432, 0.00014935467334, 0.000217910768697, 9.07009816729e-05, 8.99971710169e-05, 6.41476508463e-05, 7.77988898335e-05, 3.99134114559e-05, 3.00796400552e-05, 2.60446468019e-05, 1.90895316337e-05, 1.59364299179e-05, 1.39993871926e-05, 3.60039393854e-06, 6.08909715538e-07, 3.7836679212e-07, 4.99859595493e-07, 1.04412301027e-07, 2.43599274086e-08, 2.37753479126e-08, 2.32363515096e-08, 2.27341985237e-08, 2.2259186494e-08, 2.18566036381e-08, 2.15501234635e-08, 2.12516155784e-08, 2.10420907365e-08, 2.08728838658e-08, 2.07708730215e-08],
        "mean": [5.27438533027e-05, 0.000729876628611, 0.00190027803183, 0.00194386625662, 0.000995461479761, 0.000307160167722, 0.000153762914124, 0.000177050635102, 0.000211114063859, 0.000439941504737, 0.000906000146642, 0.00111884146463, 0.000871593132615, 0.000656556396279, 0.0005107006873, 0.000367617525626, 0.000228478078498, 0.000293573451927, 0.000384223851142, 0.000338814745191, 0.000450309191365, 0.000357775454177, 0.000274543155683, 0.000458606838947, 0.000778146553785, 0.00119767768774, 0.000345096748788, 0.000147316575749, 0.000230380202993, 0.000109480701212, 0.00012079418957, 0.000115557777463, 6.70197769068e-05, 0.000132954330184, 0.000134200890898, 6.21874060016e-05, 2.6731788239e-05, 6.38406927465e-05, 5.51761368115e-05, 8.20116183604e-05, 0.000116246323159, 4.84537413286e-05, 4.75886336062e-05, 7.48425445636e-05, 6.9820205681e-05, 4.85504933749e-05, 2.99963430734e-05, 5.08854827785e-05, 2.08118854061e-05, 1.49532552314e-05, 3.03391225316e-05, 2.61288114416e-05, 1.83828014997e-05, 1.94454787561e-05, 1.93548348761e-05, 1.48282188093e-05, 9.71482768364e-06, 7.91372167441e-06, 1.52598295244e-05, 2.09280860872e-05, 1.34849206006e-05, 1.14384365588e-05, 1.78426034836e-05, 1.10984947241e-05, 8.17234194983e-06, 5.77105856792e-06, 5.35641811439e-06, 1.17146573757e-05, 1.15014236144e-05, 6.87321698933e-06, 4.58210297438e-06, 6.05070044912e-06, 3.25087830788e-06, 3.07674417854e-06, 2.29053080147e-06, 1.86223928722e-06, 2.12165582525e-06, 1.82119424608e-06, 2.52091763286e-06, 1.71035628682e-06, 2.82077439806e-06, 1.8857743953e-06, 1.81881159733e-06, 1.9582096229e-06, 2.22818994189e-06, 1.94378640117e-06, 2.05194305636e-06, 2.40493523052e-06, 2.82423729914e-06, 3.11277722176e-06, 3.37765004588e-06, 3.28258465743e-06, 3.36348489327e-06, 3.16444175041e-06, 3.33842785949e-06, 3.03581191474e-06, 2.76416562883e-06, 2.44431521423e-06, 2.19199114326e-06, 1.99436749426e-06, 1.75373793354e-06, 1.55053942308e-06, 1.15872990136e-06, 8.89746161192e-07, 8.22127049105e-07, 7.23413506876e-07, 5.38952178886e-07, 4.42561287173e-07, 3.79757125302e-07, 3.30000858639e-07, 2.68008136572e-07, 1.90608886896e-07, 7.2573762111e-08, 4.45030856611e-09, 3.00444491508e-09, 2.27615903903e-09, 4.51906873034e-10, 1.65841923527e-11, 1.59903704861e-11, 1.56008816976e-11, 1.52402673814e-11, 1.49163494056e-11, 1.46399489753e-11, 1.440968872e-11, 1.41488279426e-11, 1.38953119844e-11, 1.37229845543e-11, 1.36445958698e-11],
        "min": [1.64201832686e-10, 3.426193107e-09, 6.06410788251e-09, 8.40450553596e-09, 4.24574935209e-08, 4.73756216479e-08, 5.34834931898e-08, 1.09620785338e-07, 5.75433567462e-08, 1.65833284882e-07, 1.20719676033e-07, 3.29109894892e-07, 2.33995990584e-07, 4.30229732729e-07, 7.51146771449e-08, 1.12243000672e-07, 1.06204652184e-07, 4.21903436632e-08, 7.79002107265e-08, 6.85633807507e-08, 7.13134866714e-08, 7.46805000063e-08, 1.30383483565e-07, 1.22208547282e-07, 1.2425955731e-07, 6.63774955001e-08, 6.52792735423e-08, 5.27243955162e-08, 4.20700914106e-08, 6.70607747111e-08, 7.92771928104e-08, 5.50268381971e-08, 2.21472831186e-08, 1.48314009962e-08, 3.46999442513e-08, 1.44772505095e-08, 2.20037250642e-08, 7.46397699203e-09, 1.14102940429e-08, 4.76757699985e-09, 3.31447180812e-09, 4.13692058387e-09, 5.95186211427e-09, 1.7217349324e-08, 5.53625723043e-09, 1.33402426883e-08, 1.3424305223e-08, 2.41378952381e-08, 1.34824809095e-08, 8.6248252984e-09, 3.19228909973e-09, 4.35317071279e-09, 1.67895397585e-09, 1.92243265751e-09, 7.04689750997e-10, 2.32495439567e-10, 3.52380069568e-11, 3.41034804563e-11, 3.22998919278e-11, 3.00433497524e-11, 2.23274315703e-11, 1.97884625353e-11, 1.88054103539e-11, 1.34590519285e-10, 1.30507427781e-11, 1.13042457339e-10, 2.39867181673e-10, 1.09552233951e-09, 9.10645614471e-10, 9.651541788e-10, 3.77273184915e-10, 4.41556818886e-10, 4.76818654005e-11, 1.3171313866e-11, 4.56724137676e-11, 2.37022901306e-10, 1.1271178435e-10, 2.09307904342e-10, 2.00116020976e-10, 3.00021729682e-10, 1.19277532296e-10, 1.45805215124e-10, 1.42391665126e-09, 2.3072954658e-09, 2.51674070473e-10, 2.47482867533e-10, 4.47883008459e-10, 7.69911245868e-09, 9.48921741184e-09, 6.23865537008e-09, 5.56767565385e-09, 1.88735138629e-09, 7.24472537517e-10, 7.26776194782e-10, 3.8890974885e-09, 2.82293477483e-09, 3.03285729863e-11, 3.69623776031e-11, 8.72101349469e-11, 1.39198166882e-11, 8.95602949441e-12, 1.29667413959e-12, 4.57451947416e-13, 5.35554781946e-13, 2.70246417475e-13, 2.52030004939e-13, 2.20992359612e-13, 2.45573120216e-13, 1.72123816936e-13, 1.62701490193e-13, 1.95974218299e-13, 1.33662205653e-13, 1.85979690307e-13, 1.44180647239e-13, 1.11916023866e-13, 1.11872737094e-13, 1.19944866214e-13, 1.17387057106e-13, 1.33476346295e-13, 1.24797158827e-13, 1.35485074765e-13, 1.17025082658e-13, 1.01157567023e-13, 1.08294348153e-13, 8.71107520969e-14, 3.95548936487e-14, 4.74183443433e-15, 1.46485282328e-16],
        "stdev": [0.000236768843024, 0.00291481008753, 0.00604360224679, 0.00564773986116, 0.00324199255556, 0.000934959331062, 0.000430433603469, 0.000403657410061, 0.000505724805407, 0.00113444938324, 0.00229924893938, 0.00321975513361, 0.002006722847, 0.00155791942962, 0.00110477895942, 0.00092337076785, 0.000570924137719, 0.000778704532422, 0.0011077565141, 0.000977139687166, 0.00111741374712, 0.00103743607178, 0.000863075139932, 0.00153678655624, 0.00198413897306, 0.00338613986969, 0.00129546551034, 0.000560178013984, 0.000957381445915, 0.000364492181689, 0.000369484303519, 0.000334785901941, 0.000204600262805, 0.000397529656766, 0.000500508409459, 0.000238715714659, 7.2897040809e-05, 0.000273351848591, 0.000292163866106, 0.000413012545323, 0.000572086661123, 0.000329748087097, 0.000198313675355, 0.000284348090645, 0.000330043549184, 0.00020479100931, 9.06768982532e-05, 0.000261152075836, 7.13541376172e-05, 0.000104463390016, 0.000125092294184, 0.000177567024366, 0.000143449928146, 0.000141513432027, 9.19071972021e-05, 5.15285719302e-05, 4.75318265671e-05, 3.79209814128e-05, 6.46109328954e-05, 8.19657143438e-05, 4.08136329497e-05, 4.48702812719e-05, 4.55004810647e-05, 2.77323706541e-05, 2.03790350497e-05, 1.33324710987e-05, 1.3532923731e-05, 3.49691144947e-05, 3.11232361128e-05, 2.04488078452e-05, 1.22577575894e-05, 2.02617611649e-05, 8.92854041012e-06, 1.12439311124e-05, 8.45608792588e-06, 7.8197736002e-06, 8.49059961183e-06, 7.34769855626e-06, 1.07961641334e-05, 6.8238023232e-06, 1.02716448964e-05, 6.13992551735e-06, 6.11144787399e-06, 6.0349116211e-06, 6.20325954515e-06, 6.01933697908e-06, 5.51061566512e-06, 6.19327147433e-06, 6.91168634148e-06, 9.20115599001e-06, 9.56744224823e-06, 9.66324478213e-06, 9.50215326156e-06, 9.88442025118e-06, 1.11052095235e-05, 1.29967047542e-05, 8.68639108376e-06, 8.70286839927e-06, 7.88944907981e-06, 8.33072772366e-06, 8.41739893076e-06, 8.24057769933e-06, 5.64003676118e-06, 4.63305286758e-06, 3.99344207835e-06, 3.94473227061e-06, 2.67710538537e-06, 2.1321609438e-06, 1.78029711151e-06, 1.44893817833e-06, 1.16342278034e-06, 8.16819010652e-07, 2.85735382022e-07, 3.10680796645e-08, 2.24811600447e-08, 1.73447993745e-08, 3.76657771639e-09, 5.31428900885e-10, 5.18676546157e-10, 5.06909680897e-10, 4.95957941382e-10, 4.85597395627e-10, 4.7681636417e-10, 4.70129490893e-10, 4.6361861572e-10, 4.59046828327e-10, 4.55356585771e-10, 4.53131393519e-10]
    },
    "mfcc": {
        "mean": [-647.243469238, 108.261245728, 0.447995632887, 0.502316236496, -5.33025598526, -9.05049037933, -8.10015392303, 0.799781322479, -12.3977909088, 6.55752134323, -6.04050731659, -4.34784889221, -4.93265104294],
        "cov": [[1481.00280762, -260.608764648, -253.720413208, -147.422821045, -43.865688324, -146.580657959, 70.2646026611, 13.2434577942, -65.0810394287, 67.2321929932, -11.1882486343, 29.5862426758, 1.45593094826], [-260.608764648, 915.276428223, -119.34564209, 216.239486694, 23.1400032043, 29.4131317139, 108.864936829, 85.9949417114, 67.1379241943, 33.5647773743, 66.5834960938, 39.8480224609, 61.8059806824], [-253.720413208, -119.34564209, 867.803894043, 200.874755859, 173.807998657, 252.173782349, 68.905128479, 34.4470329285, 152.000732422, -32.9158401489, 71.5133209229, 64.9642486572, 111.424598694], [-147.422821045, 216.239486694, 200.874755859, 493.897918701, 134.129440308, 163.504837036, 66.2947235107, 81.5172653198, 146.981170654, 20.8556671143, 71.0980606079, 112.674446106, 112.181419373], [-43.865688324, 23.1400032043, 173.807998657, 134.129440308, 283.821105957, 68.617515564, -5.74530506134, 44.0717048645, 82.8706970215, 28.8520641327, 31.4159812927, 70.6306991577, 68.0951766968], [-146.580657959, 29.4131317139, 252.173782349, 163.504837036, 68.617515564, 342.442932129, 128.256607056, 37.9685096741, 133.80140686, 22.8168563843, 98.6910552979, 70.1414031982, 71.4242935181], [70.2646026611, 108.864936829, 68.905128479, 66.2947235107, -5.74530506134, 128.256607056, 379.939880371, 145.825027466, 36.7755012512, 153.280441284, 109.882598877, 11.4417963028, 43.1067237854], [13.2434577942, 85.9949417114, 34.4470329285, 81.5172653198, 44.0717048645, 37.9685096741, 145.825027466, 207.519622803, 58.41746521, 92.9193115234, 62.3239936829, 25.6235466003, 32.8306350708], [-65.0810394287, 67.1379241943, 152.000732422, 146.981170654, 82.8706970215, 133.80140686, 36.7755012512, 58.41746521, 224.361877441, 22.2520141602, 62.6780204773, 66.9154052734, 63.7945251465], [67.2321929932, 33.5647773743, -32.9158401489, 20.8556671143, 28.8520641327, 22.8168563843, 153.280441284, 92.9193115234, 22.2520141602, 227.780593872, 62.6154899597, -17.5147304535, -10.6707391739], [-11.1882486343, 66.5834960938, 71.5133209229, 71.0980606079, 31.4159812927, 98.6910552979, 109.882598877, 62.3239936829, 62.6780204773, 62.6154899597, 139.700836182, 50.7269096375, 31.4287052155], [29.5862426758, 39.8480224609, 64.9642486572, 112.674446106, 70.6306991577, 70.1414031982, 11.4417963028, 25.6235466003, 66.9154052734, -17.5147304535, 50.7269096375, 149.75881958, 76.0445404053], [1.45593094826, 61.8059806824, 111.424598694, 112.181419373, 68.0951766968, 71.4242935181, 43.1067237854, 32.8306350708, 63.7945251465, -10.6707391739, 31.4287052155, 76.0445404053, 161.152770996]],
        "icov": [[0.000858797982801, 0.000323216081597, 0.000249508651905, 9.96917224256e-05, -1.22019418995e-05, 0.000431295571616, -0.000410867884057, 0.000112822519441, -8.07980613899e-05, -0.000136719827424, 3.70857342205e-05, -0.000504285562783, -0.000219051595195], [0.000323216081597, 0.00151952938177, 0.000517976353876, -0.000643979816232, -3.92436086258e-05, 0.000397517113015, -0.000503886374645, -7.65818622313e-05, -0.000252138503129, 0.00030237773899, -0.000479362381157, 0.000176170738996, -0.000374574476155], [0.000249508651905, 0.000517976353876, 0.00191653927322, -0.000305842113448, -0.00081146962475, -0.000695167807862, -0.000399302050937, 5.80467858526e-05, -0.000416055845562, 0.000720738491509, -0.00031903636409, 0.00061453867238, -0.000582513748668], [9.96917224256e-05, -0.000643979816232, -0.000305842113448, 0.00346383918077, -0.000487819430418, -0.000702021643519, 0.000215571097215, -0.000527648080606, -0.000676196883433, -0.000257852982031, 0.000386877014535, -0.0012270139996, -0.00063243432669], [-1.22019418995e-05, -3.92436086258e-05, -0.00081146962475, -0.000487819430418, 0.00514082284644, -4.20408150603e-06, 0.00124634278473, -0.000661315512843, -0.000353901472408, -0.00149387307465, 0.000362918595783, -0.00139315170236, -0.000825442315545], [0.000431295571616, 0.000397517113015, -0.000695167807862, -0.000702021643519, -4.20408150603e-06, 0.0059020020999, -0.00196973374113, 0.00144647981506, -0.00196875887923, 0.00056883826619, -0.00183652038686, -0.000594900280703, -0.000112936817459], [-0.000410867884057, -0.000503886374645, -0.000399302050937, 0.000215571097215, 0.00124634278473, -0.00196973374113, 0.00605527870357, -0.00260685337707, 0.00138215476181, -0.00251166126691, -0.00171010650229, 0.000812971789856, -0.0011828658171], [0.000112822519441, -7.65818622313e-05, 5.80467858526e-05, -0.000527648080606, -0.000661315512843, 0.00144647981506, -0.00260685337707, 0.00798866525292, -0.00143622746691, -0.00121399760246, -0.000760590657592, -0.000333706178935, -0.000142336444696], [-8.07980613899e-05, -0.000252138503129, -0.000416055845562, -0.000676196883433, -0.000353901472408, -0.00196875887923, 0.00138215476181, -0.00143622746691, 0.00741179799661, -0.000585780246183, -0.000959281867836, -0.000728253216948, -0.000641310645733], [-0.000136719827424, 0.00030237773899, 0.000720738491509, -0.000257852982031, -0.00149387307465, 0.00056883826619, -0.00251166126691, -0.00121399760246, -0.000585780246183, 0.00766109814867, -0.00207317085005, 0.00198040460236, 0.00107369152829], [3.70857342205e-05, -0.000479362381157, -0.00031903636409, 0.000386877014535, 0.000362918595783, -0.00183652038686, -0.00171010650229, -0.000760590657592, -0.000959281867836, -0.00207317085005, 0.0127465371042, -0.00366884469986, 0.000895619799849], [-0.000504285562783, 0.000176170738996, 0.00061453867238, -0.0012270139996, -0.00139315170236, -0.000594900280703, 0.000812971789856, -0.000333706178935, -0.000728253216948, 0.00198040460236, -0.00366884469986, 0.0118333883584, -0.00337989139371], [-0.000219051595195, -0.000374574476155, -0.000582513748668, -0.00063243432669, -0.000825442315545, -0.000112936817459, -0.0011828658171, -0.000142336444696, -0.000641310645733, 0.00107369152829, 0.000895619799849, -0.00337989139371, 0.00968338549137]]
    },
    "spectral_contrast_coeffs": {
        "max": [-0.326972872019, -0.410038590431, -0.411553859711, -0.467395424843, -0.494373470545, -0.567572534084],
        "mean": [-0.647368609905, -0.692607581615, -0.717262744904, -0.748728573322, -0.740424156189, -0.767763137817],
        "min": [-0.906919300556, -0.918608367443, -0.902825176716, -0.902664482594, -0.878913402557, -0.898232102394],
        "stdev": [0.115510337055, 0.0895014628768, 0.102048963308, 0.0784706100821, 0.0731631964445, 0.0439114756882]
    },
    "spectral_contrast_valleys": {
        "max": [-5.28937196732, -5.16705322266, -5.4721570015, -5.7508649826, -6.23755216599, -7.42714118958],
        "mean": [-7.46750640869, -6.83158731461, -7.58801221848, -7.9747171402, -8.14788532257, -10.2816696167],
        "min": [-10.2728233337, -8.38625907898, -9.46567440033, -10.0418691635, -11.9954366684, -13.4766941071],
        "stdev": [0.85723733902, 0.538076102734, 0.61770683527, 0.626997232437, 0.578743457794, 0.831634163857]
    }
},
"rhythm": {
    "beats_count": 87,
    "beats_loudness": {
        "max": 0.10326334089,
        "mean": 0.0365513823926,
        "min": 0.00321154715493,
        "stdev": 0.0221780408174
    },
    "bpm": 108.108978271,
    "bpm_histogram_first_peak_bpm": 108,
    "bpm_histogram_first_peak_weight": 0.349999964237,
    "bpm_histogram_second_peak_bpm": 115,
    "bpm_histogram_second_peak_spread": 0,
    "bpm_histogram_second_peak_weight": 0.0581395365298,
    "danceability": 1.33137345314,
    "onset_rate": 3.6708984375,
    "beats_loudness_band_ratio": {
        "max": [0.986999928951, 0.817499518394, 0.925146400928, 0.839102387428, 0.645143508911, 0.90907984972],
        "mean": [0.242535367608, 0.212645173073, 0.292650938034, 0.140446156263, 0.0759626999497, 0.0587852410972],
        "min": [0.000981937046163, 0.00462687201798, 0.00282338447869, 0.000882699561771, 0.000454290333437, 0.000414406968048],
        "stdev": [0.341904044151, 0.207764834166, 0.234443739057, 0.156879082322, 0.10980732739, 0.137368619442]
    },
