{
"metadata": {
    "version": {
        "essentia": "2.1-beta5",
        "essentia_git_sha": "Undefined",
        "extractor": "music 2.0"
    },
    "audio_properties": {
        "analysis": {
            "equal_loudness": 0,
            "length": 32.4963264465,
            "sample_rate": 44100,
            "start_time": 93.9943771362,
            "downmix": "mix"
        },
        "bit_rate": 192000,
        "length": 212.125900269,
        "lossless": 0,
        "number_channels": 2,
        "replay_gain": -6.59429168701,
        "sample_rate": 48000,
        "codec": "mp3",
        "md5_encoded": "de9423f33e4fc067fd5057e4be861bf5"
    },
    "tags": {
        "file_name": "Albania_Suus_Rona Nishliu.mp3",
        "encoding": ["Lavf58.29.100"]
    }
},
"lowlevel": {
    "average_loudness": 0.978054821491,
    "barkbands_crest": {
        "max": 24.0952281952,
        "mean": 12.5917367935,
        "min": 3.61800670624,
        "stdev": 4.59719181061
    },
    "barkbands_flatness_db": {
        "max": 0.347077429295,
        "mean": 0.19458244741,
        "min": 0.0805838406086,
        "stdev": 0.0441286638379
    },
    "barkbands_kurtosis": {
        "max": 65.9640655518,
        "mean": 3.86351060867,
        "min": -1.89765822887,
        "stdev": 8.32099819183
    },
    "barkbands_skewness": {
        "max": 7.1543469429,
        "mean": 1.03466427326,
        "min": -1.67969799042,
        "stdev": 1.62648534775
    },
    "barkbands_spread": {
        "max": 108.797973633,
        "mean": 23.1288032532,
        "min": 2.0552585125,
        "stdev": 13.3317012787
    },
    "dissonance": {
        "max": 0.499681055546,
        "mean": 0.458253383636,
        "min": 0.342499762774,
        "stdev": 0.0292852222919
    },
    "dynamic_complexity": 2.675593853,
    "erbbands_crest": {
        "max": 28.0794506073,
        "mean": 13.3063573837,
        "min": 3.07215738297,
        "stdev": 6.25921344757
    },
    "erbbands_flatness_db": {
        "max": 0.32767996192,
        "mean": 0.213757231832,
        "min": 0.0898006632924,
        "stdev": 0.0397657379508
    },
    "erbbands_kurtosis": {
        "max": 16.7142696381,
        "mean": 1.27976644039,
        "min": -1.71716737747,
        "stdev": 1.84502661228
    },
    "erbbands_skewness": {
        "max": 2.42393493652,
        "mean": 0.432028532028,
        "min": -3.1753513813,
        "stdev": 0.659431755543
    },
    "erbbands_spread": {
        "max": 115.751045227,
        "mean": 25.7614898682,
        "min": 4.56413078308,
        "stdev": 16.9298305511
    },
    "hfc": {
        "max": 113.250076294,
        "mean": 34.1688270569,
        "min": 0.0353921763599,
        "stdev": 21.5534553528
    },
    "loudness_ebu128": {
        "integrated": -15.2692718506,
        "loudness_range": 2.46171188354,
        "momentary": {
            "max": -13.7150154114,
            "mean": -15.7312345505,
            "min": -34.5401000977,
            "stdev": 2.44431328773
        },
        "short_term": {
            "max": -14.1380634308,
            "mean": -15.2599077225,
            "min": -18.517080307,
            "stdev": 1.02896952629
        }
    },
    "melbands_crest": {
        "max": 31.2117118835,
        "mean": 16.1273918152,
        "min": 3.94614076614,
        "stdev": 6.27176332474
    },
    "melbands_flatness_db": {
        "max": 0.436623692513,
        "mean": 0.236367419362,
        "min": 0.104138851166,
        "stdev": 0.0626981630921
    },
    "melbands_kurtosis": {
        "max": 131.480773926,
        "mean": 10.3845415115,
        "min": -1.67007422447,
        "stdev": 18.7013969421
    },
    "melbands_skewness": {
        "max": 9.82472515106,
        "mean": 1.99671590328,
        "min": -0.995257735252,
        "stdev": 2.031717062
    },
    "melbands_spread": {
        "max": 106.223838806,
        "mean": 32.3427696228,
        "min": 1.63923060894,
        "stdev": 19.9870223999
    },
    "pitch_salience": {
        "max": 0.77826577425,
        "mean": 0.428298801184,
        "min": 0.159225583076,
        "stdev": 0.0931250378489
    },
    "silence_rate_20dB": {
        "max": 1,
        "mean": 1,
        "min": 1,
        "stdev": 0
    },
    "silence_rate_30dB": {
        "max": 1,
        "mean": 1,
        "min": 1,
        "stdev": 0
    },
    "silence_rate_60dB": {
        "max": 1,
        "mean": 0.0206995010376,
        "min": 0,
        "stdev": 0.142378732562
    },
    "spectral_centroid": {
        "max": 4670.58251953,
        "mean": 1618.69238281,
        "min": 288.568054199,
        "stdev": 682.515930176
    },
    "spectral_complexity": {
        "max": 44,
        "mean": 17.2883663177,
        "min": 0,
        "stdev": 5.61006832123
    },
    "spectral_decrease": {
        "max": -1.91041245323e-11,
        "mean": -1.02058903551e-08,
        "min": -2.24886722577e-08,
        "stdev": 3.08706726848e-09
    },
    "spectral_energy": {
        "max": 0.0861161723733,
        "mean": 0.0416186004877,
        "min": 7.54107022658e-05,
        "stdev": 0.0124720297754
    },
    "spectral_energyband_high": {
        "max": 0.0189171917737,
        "mean": 0.00109290296678,
        "min": 3.24405732499e-07,
        "stdev": 0.00141091831028
    },
    "spectral_energyband_low": {
        "max": 0.0718823596835,
        "mean": 0.0181162022054,
        "min": 2.76855898846e-05,
        "stdev": 0.0118368910626
    },
    "spectral_energyband_middle_high": {
        "max": 0.0503030791879,
        "mean": 0.0173060148954,
        "min": 4.39281666331e-06,
        "stdev": 0.0141140064225
    },
    "spectral_energyband_middle_low": {
        "max": 0.0465870052576,
        "mean": 0.00558888120577,
        "min": 2.19774428842e-05,
        "stdev": 0.00497910333797
    },
    "spectral_entropy": {
        "max": 8.61503314972,
        "mean": 7.10096883774,
        "min": 5.91866588593,
        "stdev": 0.429956018925
    },
    "spectral_flux": {
        "max": 0.243739590049,
        "mean": 0.07476323843,
        "min": 0.004618386738,
        "stdev": 0.0345474034548
    },
    "spectral_kurtosis": {
        "max": 23.6877632141,
        "mean": 4.74474906921,
        "min": -1.24218428135,
        "stdev": 3.02552175522
    },
    "spectral_rms": {
        "max": 0.00916601251811,
        "mean": 0.00625498592854,
        "min": 0.000271240511211,
        "stdev": 0.00121597247198
    },
    "spectral_rolloff": {
        "max": 8548.68164062,
        "mean": 1287.8145752,
        "min": 86.1328125,
        "stdev": 1006.65338135
    },
    "spectral_skewness": {
        "max": 3.52405166626,
        "mean": 1.35599422455,
        "min": -0.384313613176,
        "stdev": 0.421788930893
    },
    "spectral_spread": {
        "max": 12219069,
        "mean": 3275343.25,
        "min": 1719081.875,
        "stdev": 1230179.25
    },
    "spectral_strongpeak": {
        "max": 11.4003543854,
        "mean": 3.03252696991,
        "min": 0,
        "stdev": 2.90497279167
    },
    "zerocrossingrate": {
        "max": 0.21142578125,
        "mean": 0.050998032093,
        "min": 0.001953125,
        "stdev": 0.0267176311463
    },
    "barkbands": {
        "max": [0.00711513916031, 0.0580546744168, 0.0484505966306, 0.00783296488225, 0.00924606062472, 0.0429739840329, 0.0126100648195, 0.0125347450376, 0.0361936427653, 0.0101158265024, 0.0330416187644, 0.038813829422, 0.0114446971565, 0.0285686571151, 0.0228070281446, 0.0191234722733, 0.00314254267141, 0.009432092309, 0.00635736947879, 0.00614334875718, 0.00382275902666, 0.00643466878682, 0.0044470964931, 0.00458380253986, 0.00266563752666, 0.00023830831924, 3.01214583942e-07],
        "mean": [0.00087964074919, 0.0134567376226, 0.00333994883113, 0.000901023449842, 0.000994800706394, 0.00142694520764, 0.000715690955985, 0.000859561376274, 0.000599931227043, 0.000369339657482, 0.00529322074726, 0.00539400661364, 0.000290838826913, 0.00221799639985, 0.00153445545584, 0.000460242037661, 0.000347294990206, 0.000475214852486, 0.00078041641973, 0.000732041604351, 0.000266834307695, 7.0903894084e-05, 8.85595800355e-05, 9.35178613872e-05, 2.69521715381e-05, 2.52056770478e-06, 2.0376436094e-09],
        "min": [4.73223451536e-08, 3.40382894137e-06, 1.7661084712e-05, 1.56292594511e-06, 3.86690498999e-06, 1.8346993329e-06, 1.25704877973e-06, 9.8395491932e-07, 9.04694161363e-07, 5.11899429512e-07, 4.58815463844e-07, 3.15659121952e-07, 9.14414002295e-08, 1.77696747983e-07, 1.10637692785e-07, 6.17159727767e-08, 5.17946894263e-08, 8.26827033507e-08, 5.91890447765e-08, 2.16292932009e-07, 8.89509124136e-08, 4.45118786274e-08, 5.04861619177e-09, 5.11650388724e-10, 2.94969985937e-11, 2.88032653284e-11, 3.57779153526e-11],
        "stdev": [0.00106416700874, 0.0105636389926, 0.00609272206202, 0.000996746704914, 0.000983313424513, 0.00365709909238, 0.00109194812831, 0.00116427789908, 0.00155255163554, 0.000744678778574, 0.00809266231954, 0.00709837907925, 0.000796348263975, 0.00323526817374, 0.00349308061413, 0.00109293009154, 0.000400418008212, 0.000772238068748, 0.000883478438482, 0.000894863100257, 0.000395862211008, 0.000290214491542, 0.000387602922274, 0.000377415242838, 0.000153937173309, 1.17141426017e-05, 1.32589841328e-08]
    },
    "erbbands": {
        "max": [2.36596608162, 15.3178043365, 45.3572540283, 30.3272705078, 32.5800819397, 21.5293655396, 139.775497437, 491.674499512, 228.623916626, 169.831161499, 332.043121338, 734.923034668, 432.759887695, 1092.828125, 1865.13562012, 1304.8795166, 428.938537598, 1484.9954834, 1335.6628418, 1367.69116211, 724.560668945, 177.575134277, 633.856079102, 456.728881836, 362.98449707, 277.73336792, 174.869308472, 170.57460022, 262.053222656, 187.488525391, 143.263748169, 98.314163208, 69.3363800049, 40.6568984985, 8.42850875854, 1.62186264992, 0.296261876822, 0.00629883818328, 0.000340029422659, 0.000105539089418],
        "mean": [0.440219014883, 2.74242019653, 4.49715709686, 3.31697750092, 3.45875954628, 2.88174104691, 5.94159936905, 14.5170021057, 12.5130195618, 11.3112716675, 16.9845085144, 13.4341907501, 12.8098945618, 36.7308006287, 338.839569092, 159.326980591, 25.0335674286, 85.5765151978, 114.600494385, 40.6453781128, 24.2194328308, 18.5401191711, 25.7768058777, 47.2709655762, 26.4125366211, 28.9283657074, 22.3544540405, 6.67684412003, 2.54756760597, 2.69485139847, 2.57900309563, 2.22477769852, 1.30105185509, 0.460272878408, 0.107982181013, 0.0233549978584, 0.002137536183, 6.81516175973e-05, 2.81334723695e-05, 5.06960423081e-05],
        "min": [7.73794090492e-05, 0.00160237587988, 0.0130030028522, 0.012015893124, 0.0119680780917, 0.0151363071054, 0.0170990936458, 0.0163823273033, 0.0240963120013, 0.010004715994, 0.0396185293794, 0.0626373291016, 0.0170837678015, 0.019551768899, 0.0153130693361, 0.0121199786663, 0.0067166602239, 0.00755368545651, 0.0168303977698, 0.0051294430159, 0.00576291512698, 0.0037389874924, 0.00417084200308, 0.00867707654834, 0.00618961825967, 0.0125397639349, 0.0040478897281, 0.00203857710585, 0.00182973220944, 0.000542581430636, 0.000138843824971, 0.000226484044106, 7.14609050192e-05, 7.59955537433e-06, 9.72945599642e-07, 3.26271219819e-07, 1.25685659214e-07, 3.49637723218e-08, 4.57985649405e-08, 8.77023182966e-08],
        "stdev": [0.417829602957, 2.22982740402, 5.85882377625, 4.30823087692, 4.00700235367, 2.79353046417, 12.7093095779, 39.0966415405, 20.165309906, 15.198179245, 22.043548584, 36.6931686401, 24.0180454254, 80.5608139038, 455.443359375, 217.232833862, 43.9029197693, 114.042388916, 186.481536865, 94.035118103, 40.4769973755, 19.7168807983, 39.3537483215, 52.302947998, 33.0393447876, 36.7911338806, 25.3411254883, 10.243473053, 10.2521743774, 11.8131837845, 11.2890090942, 8.7669916153, 5.64525413513, 2.51934671402, 0.61543571949, 0.104985386133, 0.0120571097359, 0.000305459019728, 2.35012339544e-05, 1.58586226462e-05]
    },
    "gfcc": {
        "mean": [-5.48084878922, 129.613876343, -151.487716675, 53.7169036865, -44.2116584778, 26.2333526611, -16.7642974854, 6.77270126343, -14.7873926163, -2.60331892967, 10.6733207703, -12.660651207, 4.76710987091],
        "cov": [[3306.19897461, -1316.27905273, -610.935241699, 20.5393218994, 159.646835327, 441.641601562, -337.862731934, 330.328582764, -621.276977539, 357.063659668, 128.467086792, 92.9874572754, 78.3628540039], [-1316.27905273, 1214.59814453, 183.77696228, -33.657875061, -29.199930191, -366.397979736, 309.889678955, -256.10824585, 479.300750732, -278.501708984, -4.27042865753, -52.6937065125, 0.664334535599], [-610.935241699, 183.77696228, 686.245117188, 60.0994148254, -240.193084717, -12.3238248825, -82.9398574829, -48.0800628662, 277.601745605, -39.0704841614, -128.655029297, 86.3095169067, -54.4541282654], [20.5393218994, -33.657875061, 60.0994148254, 147.135375977, -39.6574821472, 45.282623291, -23.9471683502, -38.8259086609, 89.6545715332, -50.3408546448, -8.10103988647, -19.7430915833, 9.2122926712], [159.646835327, -29.199930191, -240.193084717, -39.6574821472, 292.550750732, 30.550737381, 63.6347427368, 36.6321716309, -165.575576782, 54.0145606995, 51.8319587708, -23.1714229584, 9.69062232971], [441.641601562, -366.397979736, -12.3238248825, 45.282623291, 30.550737381, 236.943099976, -66.3414306641, 61.8492469788, -91.6014480591, 48.3377075195, 1.41058278084, 13.4900932312, 9.50305271149], [-337.862731934, 309.889678955, -82.9398574829, -23.9471683502, 63.6347427368, -66.3414306641, 234.492965698, -59.08644104, 72.3206329346, -65.4092025757, 23.2965049744, -12.2513446808, 13.637550354], [330.328582764, -256.10824585, -48.0800628662, -38.8259086609, 36.6321716309, 61.8492469788, -59.08644104, 144.813980103, -130.331436157, 83.2990264893, -2.06106972694, 10.524479866, 0.978943943977], [-621.276977539, 479.300750732, 277.601745605, 89.6545715332, -165.575576782, -91.6014480591, 72.3206329346, -130.331436157, 488.393432617, -174.985137939, -53.4406204224, 9.22019290924, -27.4679584503], [357.063659668, -278.501708984, -39.0704841614, -50.3408546448, 54.0145606995, 48.3377075195, -65.4092025757, 83.2990264893, -174.985137939, 172.319793701, 27.1130599976, 40.8557929993, -2.47882771492], [128.467086792, -4.27042865753, -128.655029297, -8.10103988647, 51.8319587708, 1.41058278084, 23.2965049744, -2.06106972694, -53.4406204224, 27.1130599976, 91.3405990601, -9.38948345184, 21.408000946], [92.9874572754, -52.6937065125, 86.3095169067, -19.7430915833, -23.1714229584, 13.4900932312, -12.2513446808, 10.524479866, 9.22019290924, 40.8557929993, -9.38948345184, 100.617599487, 3.81292438507], [78.3628540039, 0.664334535599, -54.4541282654, 9.2122926712, 9.69062232971, 9.50305271149, 13.637550354, 0.978943943977, -27.4679584503, -2.47882771492, 21.408000946, 3.81292438507, 68.3147659302]],
        "icov": [[0.000947833235841, -0.000946099229623, 0.00158667797223, -0.00136512529571, 0.000909854134079, -0.00174947059713, 0.00130151363555, -0.00124993082136, 0.000578945386223, -0.0012574774446, 0.000312940508593, -0.00179668038618, 0.000432551838458], [-0.000946099229623, 0.0122286239639, -0.00659670634195, 0.0087913768366, -0.00656283507124, 0.0115450192243, -0.00663430942222, 0.00687373429537, -0.00632713967934, 0.00845760013908, -0.00533682340756, 0.00694650691003, -0.005879024975], [0.00158667797223, -0.00659670634195, 0.0083280140534, -0.00608085654676, 0.00533726206049, -0.00741839874536, 0.0050908154808, -0.00398590601981, 0.00213054800406, -0.00656961183995, 0.00582422362641, -0.00714114261791, 0.00420979922637], [-0.00136512529571, 0.0087913768366, -0.00608085654676, 0.0177407544106, -0.00522229028866, 0.00579455588013, -0.00345979281701, 0.00795585196465, -0.00649639638141, 0.00762191647664, -0.00432212464511, 0.0086813904345, -0.00671323109418], [0.000909854134079, -0.00656283507124, 0.00533726206049, -0.00522229028866, 0.00950346328318, -0.00719516118988, 0.00195048912428, -0.00413089198992, 0.00451347837225, -0.00582812353969, 0.00253566401079, -0.004032749217, 0.00433514080942], [-0.00174947059713, 0.0115450192243, -0.00741839874536, 0.00579455588013, -0.00719516118988, 0.0178113691509, -0.00640405667946, 0.00502182310447, -0.00507351895794, 0.00870336219668, -0.00495563773438, 0.00649347435683, -0.00558431167156], [0.00130151363555, -0.00663430942222, 0.0050908154808, -0.00345979281701, 0.00195048912428, -0.00640405667946, 0.0110962111503, -0.00290220696479, 0.00226422888227, -0.00314549473114, 0.00203424855135, -0.00557700591162, 0.00200674543157], [-0.00124993082136, 0.00687373429537, -0.00398590601981, 0.00795585196465, -0.00413089198992, 0.00502182310447, -0.00290220696479, 0.0165240839124, -0.00297692185268, 0.00145394855645, -5.79904735787e-05, 0.00586136430502, -0.00410630460829], [0.000578945386223, -0.00632713967934, 0.00213054800406, -0.00649639638141, 0.00451347837225, -0.00507351895794, 0.00226422888227, -0.00297692185268, 0.00878213066608, -0.000595220248215, 0.00182712893002, -0.00522075360641, 0.00485624885187], [-0.0012574774446, 0.00845760013908, -0.00656961183995, 0.00762191647664, -0.00582812353969, 0.00870336219668, -0.00314549473114, 0.00145394855645, -0.000595220248215, 0.0209037940949, -0.0085531109944, 0.000503818038851, -0.00150981161278], [0.000312940508593, -0.00533682340756, 0.00582422362641, -0.00432212464511, 0.00253566401079, -0.00495563773438, 0.00203424855135, -5.79904735787e-05, 0.00182712893002, -0.0085531109944, 0.0197605602443, -0.00224618148059, -0.000800052366685], [-0.00179668038618, 0.00694650691003, -0.00714114261791, 0.0086813904345, -0.004032749217, 0.00649347435683, -0.00557700591162, 0.00586136430502, -0.00522075360641, 0.000503818038851, -0.00224618148059, 0.0202920008451, -0.00668100640178], [0.000432551838458, -0.005879024975, 0.00420979922637, -0.00671323109418, 0.00433514080942, -0.00558431167156, 0.00200674543157, -0.00410630460829, 0.00485624885187, -0.00150981161278, -0.000800052366685, -0.00668100640178, 0.0208015907556]]
    },
    "melbands": {
        "max": [0.018597446382, 0.0179042033851, 0.00472431816161, 0.00197305739857, 0.00385761912912, 0.0099964691326, 0.00295419828035, 0.00188111525495, 0.00265764608048, 0.00573850655928, 0.00223561236635, 0.00411902414635, 0.00461116386577, 0.00521816406399, 0.00327748269774, 0.000970404886175, 0.00313299824484, 0.00220558419824, 0.00218794425018, 0.0018490300281, 0.000590710958932, 0.000186210250831, 0.000746373843867, 0.000382014724892, 0.000476561486721, 0.000250302138738, 0.000318033067742, 0.000251836812822, 0.000147896003909, 0.00011208626529, 9.0544752311e-05, 0.000160698822583, 0.000114772592497, 0.000107144500362, 9.6306001069e-05, 6.65092957206e-05, 6.33009185549e-05, 5.92387768847e-05, 5.47503768757e-05, 2.64304690063e-05],
        "mean": [0.0038282671012, 0.00273625319824, 0.00059395225253, 0.000221412541578, 0.000191380939214, 0.000314240023727, 0.000170068378793, 0.00014725967776, 0.000126986633404, 8.54134268593e-05, 6.04433589615e-05, 9.93876892608e-05, 0.00085453200154, 0.00083456246648, 0.000143148601637, 2.97503647744e-05, 0.000188337100553, 0.000203908421099, 9.78655007202e-05, 3.66792010027e-05, 2.41638554144e-05, 1.79764410859e-05, 2.29128399951e-05, 2.33442515309e-05, 4.24807367381e-05, 1.89558722923e-05, 1.62030482898e-05, 2.27395994443e-05, 1.89990914805e-05, 7.91510137788e-06, 2.11692008634e-06, 1.34221238568e-06, 1.42270505421e-06, 1.52412951593e-06, 1.56667181272e-06, 1.29919726533e-06, 1.37720178373e-06, 1.01344539871e-06, 6.17782689005e-07, 2.99344861787e-07],
        "min": [1.06320123905e-06, 5.73160423301e-06, 2.13177759179e-06, 9.1949527814e-07, 5.44849626749e-07, 4.21660416805e-07, 4.0286931835e-07, 1.27011816176e-07, 1.29450896225e-07, 1.02628568754e-07, 3.58212055573e-08, 7.32393559133e-08, 5.10440543167e-08, 2.9665692125e-08, 1.98008347496e-08, 8.19600387558e-09, 1.25677850349e-08, 2.86436048214e-08, 6.70517685819e-09, 5.89081183833e-09, 7.24054194379e-09, 2.8401869745e-09, 1.25076005109e-09, 3.98252675282e-09, 2.62737032131e-09, 2.40538633456e-09, 3.74574060658e-09, 7.77493713855e-09, 1.807158867e-09, 1.48881540429e-09, 1.05964736985e-09, 9.01597019265e-10, 7.77357178627e-10, 8.83562736864e-11, 5.57200084683e-11, 1.28782068343e-10, 6.82746784456e-12, 4.83421950474e-13, 4.86579906141e-13, 2.46197241196e-13],
        "stdev": [0.0032329892274, 0.00237743859179, 0.000666809093673, 0.000228527642321, 0.000358573248377, 0.000789223064203, 0.000266827148153, 0.000198080932023, 0.000170233412064, 0.000246775598498, 0.000120393524412, 0.000303992885165, 0.00116247392725, 0.000993421999738, 0.000392685265979, 8.12872385723e-05, 0.000268395669991, 0.000329174508806, 0.000250701064942, 9.92351851892e-05, 3.57243225153e-05, 2.53954949585e-05, 4.21217555413e-05, 3.61120219168e-05, 5.21384135936e-05, 2.89572781185e-05, 2.63864822045e-05, 3.24609172822e-05, 2.33556856983e-05, 1.263735885e-05, 4.67315248898e-06, 6.04728757025e-06, 6.00660905548e-06, 7.10369158696e-06, 7.09083951733e-06, 5.44713157069e-06, 5.44411204828e-06, 4.24894005846e-06, 3.22742289427e-06, 1.7877874825e-06]
    },
    "melbands128": {
        "max": [0.00634545320645, 0.0187083557248, 0.0303287710994, 0.0301260538399, 0.0236565992236, 0.022179890424, 0.00627077557147, 0.00428556697443, 0.00441948510706, 0.00302772177383, 0.00155441090465, 0.00225152052008, 0.00468689249828, 0.0106294481084, 0.017045173794, 0.0183834712952, 0.00590900704265, 0.00291067757644, 0.00162111001555, 0.0032340826001, 0.00319058750756, 0.00283343857154, 0.00387855805457, 0.00352906784974, 0.00561577919871, 0.0133401211351, 0.00494687957689, 0.00206826394424, 0.00115309702232, 0.00177046051249, 0.00950796343386, 0.00889589264989, 0.00738580804318, 0.0144910942763, 0.011966641061, 0.010713214986, 0.00635702349246, 0.00574696389958, 0.00195248483215, 0.00107898225542, 0.00213038385846, 0.00174990994856, 0.00420374749228, 0.00452426122501, 0.00683917570859, 0.00460084341466, 0.00330846430734, 0.00305860792287, 0.00564695289358, 0.000824887712952, 0.00379139184952, 0.00343320681714, 0.00038171451888, 0.000394376460463, 0.000466096098535, 0.000380844634492, 0.00024657472386, 0.000675036804751, 0.00181545282248, 0.00111574993934, 0.000680704310071, 0.000555486010853, 0.00053057965124, 0.000977415824309, 0.000973102170974, 0.000426687154686, 0.00057076808298, 0.000891458883416, 0.000624567677733, 0.000362862279871, 0.000356789998477, 0.00050516956253, 0.000389306718716, 0.000319392245729, 0.000111948000267, 0.000243071277509, 0.000164032797329, 0.000122080731671, 7.35912180971e-05, 8.1343408965e-05, 0.000157378235599, 0.00022899749456, 9.70095716184e-05, 0.000137493712828, 9.29656962398e-05, 0.000102229314507, 0.000152657317813, 0.00010849089449, 0.00012443268497, 0.000129227308207, 7.88489705883e-05, 6.85552658979e-05, 9.38965531532e-05, 8.4410305135e-05, 0.000106646635686, 0.000106160383439, 6.29683199804e-05, 6.80117009324e-05, 4.70270715596e-05, 8.76588746905e-05, 4.30612744822e-05, 2.34858925978e-05, 3.50693080691e-05, 1.59521259775e-05, 8.82435506355e-06, 1.32392688101e-05, 6.13902193436e-06, 6.28340376352e-06, 2.02183014153e-06, 2.23332654059e-06, 3.51581297764e-06, 1.85281646736e-06, 6.19188085693e-07, 9.68283320191e-09, 5.96190163904e-09, 8.41929548301e-09, 1.55720192296e-09, 1.38696354401e-09, 1.35736655249e-09, 1.32687005827e-09, 1.30204613757e-09, 1.27840116271e-09, 1.25921340022e-09, 1.24173704652e-09, 1.22425403148e-09, 1.2137544303e-09, 1.20410037496e-09, 1.19889875805e-09],
        "mean": [0.000831669545732, 0.0035886534024, 0.00502637401223, 0.00445381877944, 0.00280699017458, 0.00143386691343, 0.000648134329822, 0.0004289210774, 0.000363618542906, 0.000204346564715, 0.000136954404297, 0.000139774376294, 0.000179457420018, 0.000276254577329, 0.000399255979573, 0.000259170483332, 0.000262455723714, 0.000148111765157, 6.79172662785e-05, 9.50225366978e-05, 0.000220660323976, 0.000221134658204, 8.26487812446e-05, 8.31301658764e-05, 7.86347736721e-05, 9.83658101177e-05, 7.19128947821e-05, 4.97309192724e-05, 6.22563820798e-05, 4.37070011685e-05, 0.000130769622047, 0.000179242648301, 0.000345073756762, 0.00217391108163, 0.00111760571599, 0.000407880492276, 0.000294298049994, 0.000168145794305, 1.83841966646e-05, 1.74671622517e-05, 4.34160501754e-05, 2.90075968223e-05, 0.000116031820653, 0.000363773026038, 0.000232540944126, 0.000166586105479, 0.000174066590262, 0.000129064894281, 5.26526055182e-05, 1.22747560454e-05, 4.52924723504e-05, 5.08210105181e-05, 1.90432456293e-05, 1.80604365596e-05, 2.02767605515e-05, 1.72849322553e-05, 1.3106257029e-05, 2.83807803498e-05, 2.31590820476e-05, 2.08667006518e-05, 2.27334949159e-05, 1.94290314539e-05, 4.99059497088e-05, 5.11839316459e-05, 2.89225445158e-05, 1.22156534417e-05, 1.46211878018e-05, 2.59425632976e-05, 1.56030891958e-05, 5.85208863413e-06, 8.83906250237e-06, 4.82508730784e-05, 3.16074911098e-05, 1.03340580608e-05, 5.42902080269e-06, 1.17027902888e-05, 7.10768381396e-06, 2.89045669888e-06, 1.39171982028e-06, 1.31958211114e-06, 1.38838413477e-06, 1.35162895276e-06, 1.20612014598e-06, 1.51037420437e-06, 1.53443204454e-06, 1.36712060339e-06, 1.60608738042e-06, 1.65723167811e-06, 1.67460973444e-06, 1.42345845688e-06, 1.21106722872e-06, 1.16971068564e-06, 1.59760475071e-06, 1.36265828132e-06, 1.34604306368e-06, 1.1628236507e-06, 9.79888795882e-07, 7.06833361619e-07, 6.64705169129e-07, 5.6569501794e-07, 3.85819959092e-07, 2.41866274564e-07, 2.14237658724e-07, 1.51070551624e-07, 1.08273731314e-07, 8.21952994556e-08, 4.89212084176e-08, 4.80295412331e-08, 3.40893429041e-08, 3.53727109825e-08, 1.64799640601e-08, 6.71096156424e-09, 1.58320467847e-09, 6.52224038666e-11, 4.31200075646e-11, 4.45408154803e-11, 1.59406533112e-11, 8.66893796331e-12, 8.44210638895e-12, 8.22866254302e-12, 8.04105480118e-12, 7.88159208037e-12, 7.726000395e-12, 7.59409462397e-12, 7.43539951831e-12, 7.26064043957e-12, 7.15278660954e-12, 7.10793967088e-12],
        "min": [3.37729133548e-08, 4.21649986038e-08, 3.79276229978e-07, 9.54903725869e-07, 3.75581817025e-06, 6.50456968287e-06, 9.3188577921e-07, 3.74838350581e-07, 3.57727003575e-07, 1.20119602798e-06, 2.26581619245e-07, 1.73612733079e-07, 8.08542566233e-08, 1.78846406129e-07, 6.49436273648e-08, 1.02051032513e-07, 1.53404954517e-07, 9.34615584924e-08, 3.59161305141e-08, 6.05202572501e-08, 1.03104554228e-07, 1.0476649237e-07, 7.0351724446e-08, 3.87331162699e-08, 5.54634773664e-08, 1.36979263488e-08, 2.09460200296e-08, 1.66192322126e-08, 4.45315535558e-08, 3.46629462911e-08, 7.19720958386e-08, 5.44297549254e-08, 1.38391600402e-08, 3.50480497957e-08, 3.1047329152e-09, 7.79439712773e-09, 9.83544534705e-09, 7.87975995564e-09, 9.03035957123e-09, 5.62223334555e-09, 4.76889905343e-09, 3.12148973336e-09, 4.6850883173e-09, 8.75990568971e-09, 1.55222465992e-08, 2.3771645985e-08, 1.1163085567e-08, 2.02664107718e-09, 4.13810230526e-09, 2.22888596468e-09, 6.55092202706e-10, 3.95501686956e-10, 1.75374803568e-09, 1.82210035948e-09, 3.21575055473e-09, 1.5183924118e-09, 5.78034786702e-10, 2.59443744266e-10, 5.89695126063e-10, 1.72892122841e-09, 3.04457037359e-09, 1.5514156626e-09, 1.53928825242e-09, 1.4963068562e-09, 2.06257722013e-09, 1.75261449797e-09, 9.69019753327e-10, 7.62608254323e-10, 2.00633087921e-09, 4.56642412772e-09, 7.98021293491e-09, 2.42470266087e-09, 1.2214445011e-09, 1.10080244919e-09, 7.62146956657e-10, 1.50957735201e-09, 1.46448464466e-09, 6.83093193121e-10, 8.71985372797e-10, 7.77172437516e-10, 2.88140594717e-10, 1.24664931156e-10, 1.0825158131e-10, 3.48811153572e-11, 2.73466860268e-10, 3.11107181683e-11, 5.47810824481e-11, 1.07964907847e-10, 4.44622359763e-11, 6.03401573498e-12, 9.31959717732e-12, 7.00232059836e-12, 8.55223877827e-12, 5.24280098502e-12, 5.08704840405e-13, 4.69980770881e-13, 1.89200854961e-13, 3.15370017427e-13, 5.227413012e-13, 2.29273956591e-13, 1.64099284291e-13, 1.79881757818e-13, 1.92574580414e-13, 2.09811985494e-13, 1.83395277588e-13, 1.4065276179e-13, 1.46163205779e-13, 1.13397186335e-13, 1.04465881204e-13, 1.14412372263e-13, 1.12254565994e-13, 9.18451309472e-14, 1.30206704251e-13, 1.10031856673e-13, 9.25492592719e-14, 1.07290830951e-13, 1.05663131782e-13, 1.13438480885e-13, 1.22959707195e-13, 1.21945544483e-13, 1.13786109983e-13, 1.07365918727e-13, 1.25477848056e-13, 1.13775972693e-13, 7.30121800692e-14, 3.12498541855e-14, 5.27552702451e-15, 1.76078098876e-16],
        "stdev": [0.00100319099147, 0.00367302587256, 0.00533422362059, 0.0037284293212, 0.00317497132346, 0.00287690572441, 0.000959340541158, 0.000460512615973, 0.000527188647538, 0.000271478260402, 0.000176681831363, 0.000176463101525, 0.000400481687393, 0.000956595002208, 0.00123155245092, 0.000932841561735, 0.000501918082591, 0.000263636320597, 0.000115937502414, 0.000220689500566, 0.000340127066011, 0.00037617541966, 0.000170000828803, 0.000254331156611, 0.000297881459119, 0.00041806459194, 0.000208080527955, 0.000129711115733, 0.000111938963528, 0.000103312988358, 0.00056179065723, 0.000709284795448, 0.000719472940546, 0.00350729585625, 0.00190175767057, 0.00110569864046, 0.000836811901536, 0.000703329103999, 8.45904432936e-05, 6.48686109344e-05, 0.000160024661454, 0.000108629792521, 0.000285665912088, 0.000591968244407, 0.000639726116788, 0.000519460474607, 0.000514335988555, 0.00044083231478, 0.00031219876837, 4.22099692514e-05, 0.000168598809978, 0.000163485281519, 3.67059401469e-05, 4.20630240114e-05, 5.17851440236e-05, 4.08871674153e-05, 2.23435454245e-05, 4.48086102551e-05, 8.80701481947e-05, 5.78003127885e-05, 6.1935512349e-05, 5.3566742281e-05, 7.77056338848e-05, 9.79607866611e-05, 8.7228094344e-05, 3.74471346731e-05, 3.92522524635e-05, 5.08810117026e-05, 4.52184431197e-05, 2.13681141759e-05, 3.03331889882e-05, 8.63950044732e-05, 5.49972464796e-05, 3.04522145598e-05, 1.28476413011e-05, 2.57082228927e-05, 1.65420442499e-05, 7.6451096902e-06, 4.24887184636e-06, 4.78108267998e-06, 6.91165269018e-06, 7.5851571637e-06, 5.03786122863e-06, 6.93432002663e-06, 6.64444587528e-06, 6.30691420156e-06, 8.85141162144e-06, 7.76908655098e-06, 8.10403889773e-06, 7.23645280232e-06, 5.36693960385e-06, 5.30282250111e-06, 6.49756020721e-06, 5.8010241446e-06, 6.0305515035e-06, 4.9703521654e-06, 4.38127426605e-06, 3.79567336495e-06, 3.27465727423e-06, 3.64145103049e-06, 2.23078245654e-06, 1.61234402185e-06, 1.64880634657e-06, 9.36153298881e-07, 5.94667994847e-07, 6.15357521383e-07, 3.00804430253e-07, 2.94322774153e-07, 1.26901213093e-07, 1.31895859568e-07, 1.23670361063e-07, 7.1059893969e-08, 2.02415630923e-08, 4.50539383579e-10, 2.94282487268e-10, 3.53182344481e-10, 9.095635356e-11, 6.04883365618e-11, 5.90797341604e-11, 5.77844334881e-11, 5.66399635527e-11, 5.55331371166e-11, 5.45905751159e-11, 5.37597119599e-11, 5.30371996321e-11, 5.25272221552e-11, 5.21549817223e-11, 5.19057054282e-11]
    },
    "mfcc": {
        "mean": [-635.837890625, 135.656524658, -20.3646697998, 34.0885429382, 6.03528738022, 12.7253274918, 18.8293151855, 8.04358386993, 0.0588535480201, 11.9763660431, -5.67141580582, 11.9592475891, 3.65276551247],
        "cov": [[3302.20703125, -1184.53466797, -482.472900391, -241.083999634, 280.718139648, -153.671890259, 440.555847168, -180.275482178, -74.6703338623, -1.29663038254, -194.139175415, 159.565612793, -8.54902458191], [-1184.53466797, 1111.41247559, -22.7319278717, 208.661514282, -243.864181519, 77.8109817505, -265.15725708, 142.011352539, 31.5405521393, 9.05174732208, 87.9408340454, -41.0823326111, -2.50186896324], [-482.472900391, -22.7319278717, 756.624633789, -77.2235488892, -19.657705307, 123.132141113, -377.698791504, 84.8625793457, 63.9660339355, -67.2069396973, 146.323745728, -22.2790031433, -23.9251556396], [-241.083999634, 208.661514282, -77.2235488892, 155.964950562, -50.9886283875, 7.2620306015, -20.9678440094, 9.34515285492, -5.24839687347, 11.251584053, -6.85588741302, -2.32434940338, 6.11653804779], [280.718139648, -243.864181519, -19.657705307, -50.9886283875, 205.282745361, -30.572681427, 109.278121948, -57.2338790894, -0.983650922775, -11.9151258469, -13.4936952591, 6.74727630615, 15.3597316742], [-153.671890259, 77.8109817505, 123.132141113, 7.2620306015, -30.572681427, 190.396881104, -121.091094971, 102.271034241, 19.2285041809, 4.29513311386, 48.6680984497, -11.0032529831, -32.2837486267], [440.555847168, -265.15725708, -377.698791504, -20.9678440094, 109.278121948, -121.091094971, 458.98449707, -153.633590698, -35.8973350525, 13.3478937149, -137.13873291, 38.6895828247, 34.3655700684], [-180.275482178, 142.011352539, 84.8625793457, 9.34515285492, -57.2338790894, 102.271034241, -153.633590698, 181.436645508, 30.3288555145, 33.8971786499, 50.8532905579, -34.2919960022, -22.1089420319], [-74.6703338623, 31.5405521393, 63.9660339355, -5.24839687347, -0.983650922775, 19.2285041809, -35.8973350525, 30.3288555145, 74.0277023315, -0.287623018026, 16.9551372528, -10.5117368698, -3.93997621536], [-1.29663038254, 9.05174732208, -67.2069396973, 11.251584053, -11.9151258469, 4.29513311386, 13.3478937149, 33.8971786499, -0.287623018026, 83.5046005249, -0.307863086462, -6.02736139297, 8.88403606415], [-194.139175415, 87.9408340454, 146.323745728, -6.85588741302, -13.4936952591, 48.6680984497, -137.13873291, 50.8532905579, 16.9551372528, -0.307863086462, 120.456230164, -21.1895656586, -7.52566814423], [159.565612793, -41.0823326111, -22.2790031433, -2.32434940338, 6.74727630615, -11.0032529831, 38.6895828247, -34.2919960022, -10.5117368698, -6.02736139297, -21.1895656586, 97.9105224609, 3.9081633091], [-8.54902458191, -2.50186896324, -23.9251556396, 6.11653804779, 15.3597316742, -32.2837486267, 34.3655700684, -22.1089420319, -3.93997621536, 8.88403606415, -7.52566814423, 3.9081633091, 73.6405944824]],
        "icov": [[0.000694888003636, 0.000723566219676, 0.000733396329451, 0.000452843756648, -0.000141466312925, 7.06542487023e-05, 0.000457346206531, -0.000181748837349, -7.90438716649e-05, 0.000366761698388, 0.000151568296133, -0.000835407699924, 0.000109750690171], [0.000723566219676, 0.00259937695228, 0.00137930666097, -0.00123551744036, 0.00121373450384, 0.000102851838164, 0.00115173077211, -0.000660723890178, -0.00076989189256, 0.00124839576893, -0.000838623964228, -0.00073156360304, -0.000459528702777], [0.000733396329451, 0.00137930666097, 0.00414956454188, 0.00148663914297, -0.000115823684609, -0.000831281882711, 0.00324990064837, 0.000709074491169, -0.001765142777, 0.00221221451648, -0.0010239466792, -0.00100525957532, -0.000699944037478], [0.000452843756648, -0.00123551744036, 0.00148663914297, 0.00983084365726, 0.000194696083781, -0.00087269913638, 0.00125644728541, 0.00131670210976, 0.000249528238783, -0.000607767142355, 0.00146817381028, -0.000497559376527, -0.000674063048791], [-0.000141466312925, 0.00121373450384, -0.000115823684609, 0.000194696083781, 0.0074806669727, -0.000274453224847, -0.0014863954857, 0.000663830549456, -0.000924977648538, 0.000957850948907, -0.00182187219616, 0.000604854663834, -0.00119998224545], [7.06542487023e-05, 0.000102851838164, -0.000831281882711, -0.00087269913638, -0.000274453224847, 0.00858712568879, -0.000296999787679, -0.00454315915704, 0.000379654986318, 0.000527518393937, -0.00100617180578, -0.00100878847297, 0.0023179159034], [0.000457346206531, 0.00115173077211, 0.00324990064837, 0.00125644728541, -0.0014863954857, -0.000296999787679, 0.00741048809141, 0.00306395208463, -0.0012181752827, -0.000234727980569, 0.00309982057661, -0.000713448389433, -0.000997000024654], [-0.000181748837349, -0.000660723890178, 0.000709074491169, 0.00131670210976, 0.000663830549456, -0.00454315915704, 0.00306395208463, 0.0125583093613, -0.00261738849804, -0.00470440322533, 0.00030168145895, 0.00231272727251, 0.000623402593192], [-7.90438716649e-05, -0.00076989189256, -0.001765142777, 0.000249528238783, -0.000924977648538, 0.000379654986318, -0.0012181752827, -0.00261738849804, 0.0157978553325, -0.000194144668058, -1.71968895302e-05, 0.00074795394903, 0.000339698890457], [0.000366761698388, 0.00124839576893, 0.00221221451648, -0.000607767142355, 0.000957850948907, 0.000527518393937, -0.000234727980569, -0.00470440322533, -0.000194144668058, 0.0159930698574, -0.00159222946968, -0.000427813036367, -0.00249698781408], [0.000151568296133, -0.000838623964228, -0.0010239466792, 0.00146817381028, -0.00182187219616, -0.00100617180578, 0.00309982057661, 0.00030168145895, -1.71968895302e-05, -0.00159222946968, 0.0142625756562, 0.00109466840513, -0.000291991455015], [-0.000835407699924, -0.00073156360304, -0.00100525957532, -0.000497559376527, 0.000604854663834, -0.00100878847297, -0.000713448389433, 0.00231272727251, 0.00074795394903, -0.000427813036367, 0.00109466840513, 0.012270918116, -0.000395959970774], [0.000109750690171, -0.000459528702777, -0.000699944037478, -0.000674063048791, -0.00119998224545, 0.0023179159034, -0.000997000024654, 0.000623402593192, 0.000339698890457, -0.00249698781408, -0.000291991455015, -0.000395959970774, 0.0156346466392]]
    },
    "spectral_contrast_coeffs": {
        "max": [-0.439518094063, -0.516003191471, -0.478350907564, -0.444803446531, -0.499195516109, -0.491837859154],
        "mean": [-0.760620296001, -0.751274645329, -0.680162072182, -0.725184440613, -0.695741772652, -0.659910559654],
        "min": [-0.901313602924, -0.919823825359, -0.927706241608, -0.949703872204, -0.92678296566, -0.875847697258],
        "stdev": [0.0660597980022, 0.0672402307391, 0.101059302688, 0.0870072692633, 0.091853544116, 0.0581037402153]
    },
    "spectral_contrast_valleys": {
        "max": [-5.28359413147, -5.44400310516, -5.86173772812, -6.31225442886, -6.0139670372, -7.68901157379],
        "mean": [-6.43055582047, -6.83135318756, -7.31038856506, -7.78029203415, -8.0937795639, -11.9878520966],
        "min": [-9.09225082397, -9.25051307678, -10.21555233, -10.8413658142, -10.8362264633, -15.5793733597],
        "stdev": [0.513459324837, 0.501916050911, 0.608806967735, 0.577132999897, 0.592635691166, 1.21580588818]
    }
},
"rhythm": {
    "beats_count": 81,
    "beats_loudness": {
        "max": 0.0660925656557,
        "mean": 0.043407317251,
        "min": 0.000728015962522,
        "stdev": 0.0110104121268
    },
    "bpm": 151.435058594,
    "bpm_histogram_first_peak_bpm": 152,
    "bpm_histogram_first_peak_weight": 0.45454543829,
    "bpm_histogram_second_peak_bpm": 144,
    "bpm_histogram_second_peak_spread": 0.142857193947,
    "bpm_histogram_second_peak_weight": 0.15000000596,
    "danceability": 0.978800177574,
    "onset_rate": 1.72265613079,
    "beats_loudness_band_ratio": {
        "max": [0.955040931702, 0.654106199741, 0.537067651749, 0.712038815022, 0.570201158524, 0.553106665611],
        "mean": [0.468173086643, 0.066636800766, 0.0684875026345, 0.265749752522, 0.102742783725, 0.0540598221123],
        "min": [0.00222426187247, 0.0035006927792, 0.00660853553563, 0.00409685634077, 0.00238107587211, 0.000631113129202],
        "stdev": [0.256336927414, 0.0865800008178, 0.0817105546594, 0.229292303324, 0.11030305922, 0.0713633671403]
    },
