{
"metadata": {
    "version": {
        "essentia": "2.1-beta5",
        "essentia_git_sha": "Undefined",
        "extractor": "music 2.0"
    },
    "audio_properties": {
        "analysis": {
            "equal_loudness": 0,
            "length": 48.7502937317,
            "sample_rate": 44100,
            "start_time": 126.490699768,
            "downmix": "mix"
        },
        "bit_rate": 192000,
        "length": 212.091079712,
        "lossless": 0,
        "number_channels": 2,
        "replay_gain": -6.03220558167,
        "sample_rate": 48000,
        "codec": "mp3",
        "md5_encoded": "b98d5a0ecc4943e716d6efa82db61280"
    },
    "tags": {
        "file_name": "Ukraine_Be My Guest_Gaitana.mp3",
        "encoding": ["Lavf58.29.100"]
    }
},
"lowlevel": {
    "average_loudness": 0.962849855423,
    "barkbands_crest": {
        "max": 25.8309402466,
        "mean": 11.612985611,
        "min": 2.51456475258,
        "stdev": 4.71593761444
    },
    "barkbands_flatness_db": {
        "max": 0.268709391356,
        "mean": 0.132073149085,
        "min": 0.0336683392525,
        "stdev": 0.0450818650424
    },
    "barkbands_kurtosis": {
        "max": 78.6337814331,
        "mean": 1.80522406101,
        "min": -1.72745144367,
        "stdev": 5.11552619934
    },
    "barkbands_skewness": {
        "max": 8.49601745605,
        "mean": 0.926346540451,
        "min": -1.04075813293,
        "stdev": 1.0983299017
    },
    "barkbands_spread": {
        "max": 93.5327682495,
        "mean": 33.4202842712,
        "min": 3.66002106667,
        "stdev": 16.9429016113
    },
    "dissonance": {
        "max": 0.499762624502,
        "mean": 0.46095252037,
        "min": 0.220064163208,
        "stdev": 0.0323508046567
    },
    "dynamic_complexity": 1.93152940273,
    "erbbands_crest": {
        "max": 30.397315979,
        "mean": 12.8634643555,
        "min": 2.07599329948,
        "stdev": 7.02724599838
    },
    "erbbands_flatness_db": {
        "max": 0.325695484877,
        "mean": 0.157975941896,
        "min": 0.0616739541292,
        "stdev": 0.0523866824806
    },
    "erbbands_kurtosis": {
        "max": 23.2045211792,
        "mean": 1.5212136507,
        "min": -1.72970020771,
        "stdev": 3.02392816544
    },
    "erbbands_skewness": {
        "max": 4.47204828262,
        "mean": 0.657347619534,
        "min": -2.22682857513,
        "stdev": 0.933584272861
    },
    "erbbands_spread": {
        "max": 136.561538696,
        "mean": 36.3833007812,
        "min": 5.05583000183,
        "stdev": 21.0906543732
    },
    "hfc": {
        "max": 170.524520874,
        "mean": 46.9820594788,
        "min": 1.84788572788,
        "stdev": 25.0207118988
    },
    "loudness_ebu128": {
        "integrated": -15.3656845093,
        "loudness_range": 2.05737304688,
        "momentary": {
            "max": -13.774520874,
            "mean": -15.5054721832,
            "min": -20.4304733276,
            "stdev": 1.15012443066
        },
        "short_term": {
            "max": -14.0773458481,
            "mean": -15.4009609222,
            "min": -17.126039505,
            "stdev": 0.697108209133
        }
    },
    "melbands_crest": {
        "max": 33.9540214539,
        "mean": 16.3103408813,
        "min": 3.27254605293,
        "stdev": 5.71690607071
    },
    "melbands_flatness_db": {
        "max": 0.357778549194,
        "mean": 0.165497839451,
        "min": 0.0255687907338,
        "stdev": 0.0533120147884
    },
    "melbands_kurtosis": {
        "max": 263.929199219,
        "mean": 10.4473209381,
        "min": -1.43141126633,
        "stdev": 22.1388931274
    },
    "melbands_skewness": {
        "max": 14.7756910324,
        "mean": 2.06100821495,
        "min": -1.04932975769,
        "stdev": 2.04231095314
    },
    "melbands_spread": {
        "max": 146.681518555,
        "mean": 36.432888031,
        "min": 1.74288201332,
        "stdev": 19.8386535645
    },
    "pitch_salience": {
        "max": 0.791094899178,
        "mean": 0.468799322844,
        "min": 0.0753151476383,
        "stdev": 0.117746725678
    },
    "silence_rate_20dB": {
        "max": 1,
        "mean": 1,
        "min": 1,
        "stdev": 0
    },
    "silence_rate_30dB": {
        "max": 1,
        "mean": 1,
        "min": 1,
        "stdev": 0
    },
    "silence_rate_60dB": {
        "max": 1,
        "mean": 0.000475963839563,
        "min": 0,
        "stdev": 0.0218114107847
    },
    "spectral_centroid": {
        "max": 3837.94165039,
        "mean": 1900.81774902,
        "min": 454.847961426,
        "stdev": 591.043457031
    },
    "spectral_complexity": {
        "max": 50,
        "mean": 20.7448825836,
        "min": 1,
        "stdev": 7.24032592773
    },
    "spectral_decrease": {
        "max": -3.39779898662e-10,
        "mean": -9.28466636907e-09,
        "min": -2.36067005943e-08,
        "stdev": 4.23876933553e-09
    },
    "spectral_energy": {
        "max": 0.093887232244,
        "mean": 0.0393039137125,
        "min": 0.00145001884084,
        "stdev": 0.0168275311589
    },
    "spectral_energyband_high": {
        "max": 0.0180542171001,
        "mean": 0.00279892096296,
        "min": 6.05613386142e-05,
        "stdev": 0.00243916735053
    },
    "spectral_energyband_low": {
        "max": 0.0802674293518,
        "mean": 0.0147705674171,
        "min": 9.73908026936e-06,
        "stdev": 0.0138838561252
    },
    "spectral_energyband_middle_high": {
        "max": 0.079103179276,
        "mean": 0.0166586227715,
        "min": 0.000344874919392,
        "stdev": 0.0139722423628
    },
    "spectral_energyband_middle_low": {
        "max": 0.0531485490501,
        "mean": 0.00607561646029,
        "min": 0.000150714855408,
        "stdev": 0.00668286532164
    },
    "spectral_entropy": {
        "max": 8.70979118347,
        "mean": 7.84396028519,
        "min": 6.47350215912,
        "stdev": 0.391375422478
    },
    "spectral_flux": {
        "max": 0.240864753723,
        "mean": 0.116671800613,
        "min": 0.0336555950344,
        "stdev": 0.0408870726824
    },
    "spectral_kurtosis": {
        "max": 8.25528812408,
        "mean": 1.91706287861,
        "min": -0.578832149506,
        "stdev": 1.13554358482
    },
    "spectral_rms": {
        "max": 0.00957064796239,
        "mean": 0.00602428195998,
        "min": 0.00118939159438,
        "stdev": 0.00143296446186
    },
    "spectral_rolloff": {
        "max": 11025,
        "mean": 2311.76123047,
        "min": 64.599609375,
        "stdev": 1953.70446777
    },
    "spectral_skewness": {
        "max": 2.35674023628,
        "mean": 1.18485713005,
        "min": 0.177959665656,
        "stdev": 0.249756157398
    },
    "spectral_spread": {
        "max": 21511084,
        "mean": 6137227.5,
        "min": 2804010,
        "stdev": 1649996
    },
    "spectral_strongpeak": {
        "max": 12.8962631226,
        "mean": 2.49903917313,
        "min": 0,
        "stdev": 2.68329668045
    },
    "zerocrossingrate": {
        "max": 0.26904296875,
        "mean": 0.0906206741929,
        "min": 0.013671875,
        "stdev": 0.0408271476626
    },
    "barkbands": {
        "max": [0.0032879866194, 0.0781043767929, 0.0548470169306, 0.032433770597, 0.0166256390512, 0.045333661139, 0.0249648764729, 0.0251843389124, 0.0476569905877, 0.0518295615911, 0.0649110302329, 0.0358183421195, 0.0403424277902, 0.0330960676074, 0.0207039266825, 0.0204336419702, 0.017330667004, 0.0114824119955, 0.00753049133345, 0.00557084754109, 0.0063978228718, 0.0044201053679, 0.0031677428633, 0.00501315761358, 0.00408913521096, 0.00289231026545, 4.91983473694e-06],
        "mean": [0.000356594275218, 0.00994040537626, 0.0038032673765, 0.00110468058847, 0.000706907128915, 0.000613490352407, 0.00116214784794, 0.00079149933299, 0.00118054205086, 0.00245054066181, 0.00579953379929, 0.00169225642458, 0.00258188904263, 0.00111467204988, 0.00106965343002, 0.000432579137851, 0.000378742231987, 0.00046751103946, 0.000598615326453, 0.000578017905354, 0.000562424247619, 0.000470922474051, 0.000422402867116, 0.000401846802561, 0.000404903636081, 0.000217749300646, 1.04593475214e-07],
        "min": [4.81037503164e-08, 2.78628408523e-06, 6.34800358057e-07, 1.57545827051e-07, 3.34355127052e-06, 1.571803665e-07, 1.91650178749e-06, 1.12447855827e-06, 1.6176011286e-06, 1.47346042922e-06, 1.23781865113e-06, 1.62473020282e-06, 8.93770356925e-06, 2.3867503387e-06, 6.53029610476e-06, 6.80098366956e-07, 3.27259976984e-06, 1.03674465208e-05, 9.24277446757e-06, 9.66446259554e-06, 5.22363507116e-06, 1.28043902805e-05, 6.40660573481e-06, 2.90212096843e-06, 1.4475714849e-08, 5.82210737954e-11, 4.16031653572e-11],
        "stdev": [0.00051595113473, 0.011850678362, 0.00601164950058, 0.00263422448188, 0.00125803961419, 0.00191850215197, 0.00214455928653, 0.00171506404877, 0.0039946269244, 0.006078498438, 0.0111474208534, 0.00399753218517, 0.00460996106267, 0.00307459756732, 0.00218691769987, 0.00113734474871, 0.000750720384531, 0.000754367967602, 0.000820442277472, 0.000710259948391, 0.000814782630187, 0.000481064693304, 0.000404762336984, 0.000384057377232, 0.000506453798153, 0.000334496609867, 3.75149483034e-07]
    },
    "erbbands": {
        "max": [2.29023122787, 19.1097412109, 54.140625, 67.1642608643, 83.1140060425, 51.535697937, 134.717300415, 550.28137207, 367.922393799, 388.716888428, 611.479980469, 1085.48071289, 1513.29516602, 2768.82495117, 1608.73730469, 1436.63525391, 1785.28955078, 1830.84069824, 1231.72595215, 931.682067871, 1227.37548828, 782.219299316, 631.029052734, 508.491821289, 403.621368408, 266.741546631, 221.301879883, 312.924133301, 217.112442017, 187.195724487, 84.5555953979, 76.7655105591, 90.3937225342, 35.9815063477, 34.3530311584, 20.3835353851, 3.91363501549, 0.1119986251, 0.00317664677277, 0.00035298144212],
        "mean": [0.271156698465, 2.26120734215, 4.66706943512, 4.20224285126, 2.64104151726, 2.42448472977, 3.13275289536, 5.68704557419, 11.6899690628, 19.517616272, 18.2297668457, 29.5077877045, 50.7525215149, 227.546844482, 113.605102539, 71.5960388184, 100.778106689, 95.1530303955, 52.812335968, 38.1952552795, 25.7865562439, 18.8252983093, 26.4011116028, 28.7913360596, 31.9619197845, 22.3674240112, 21.6876983643, 24.2612304688, 18.3284130096, 15.7041845322, 11.1319112778, 8.39304637909, 6.73803567886, 4.58488178253, 2.83125710487, 1.48459196091, 0.300217986107, 0.0080853337422, 0.000288390932838, 7.41797484807e-05],
        "min": [7.20771640772e-05, 0.000626845518127, 0.00165238336194, 0.00197205459699, 0.010343731381, 0.0120409848168, 0.0147042647004, 0.00987985730171, 0.0354052893817, 0.0562924221158, 0.179346501827, 0.0759820193052, 0.165830150247, 0.328444004059, 0.28097435832, 0.44670945406, 0.754431903362, 0.73908406496, 0.28797647357, 0.328219771385, 0.451083272696, 0.445088863373, 0.558500945568, 0.535877466202, 0.662146747112, 0.385420769453, 0.271083712578, 0.290554225445, 0.450516700745, 0.495951533318, 0.205981567502, 0.0701764672995, 0.0402342267334, 0.00915678683668, 0.000405178987421, 0.000177354493644, 1.79731887329e-05, 3.03059368889e-06, 3.90326658817e-06, 5.91053048993e-06],
        "stdev": [0.37338784337, 2.77908825874, 6.67726182938, 7.3743429184, 5.87925338745, 4.15113401413, 8.86423587799, 20.0278511047, 24.1637172699, 30.0788326263, 41.788520813, 97.5742111206, 142.726455688, 426.94720459, 201.074798584, 155.348052979, 157.677230835, 203.387741089, 109.128089905, 70.1924819946, 63.4887695312, 32.8615722656, 45.2196159363, 44.7884407043, 38.7542037964, 24.4257793427, 28.1878452301, 37.3532600403, 21.7087078094, 16.480588913, 10.3649787903, 7.52310466766, 6.90814781189, 5.13780450821, 4.00857496262, 2.35567164421, 0.442203730345, 0.0116861546412, 0.000374034163542, 4.05995051551e-05]
    },
    "gfcc": {
        "mean": [48.6088790894, 53.1055412292, -125.112770081, 41.5013656616, -60.4698677063, 46.2128982544, -26.6241111755, 20.5712299347, -24.9887332916, 10.7686347961, -11.812456131, 1.83664786816, -12.6381549835],
        "cov": [[1227.80395508, -654.153442383, 245.092315674, -160.726226807, 54.3766593933, 44.0572776794, -136.465896606, 87.7236633301, -216.022674561, 157.785171509, -189.328231812, 91.7196655273, -74.6223678589], [-654.153442383, 1144.22290039, -236.415817261, 171.661697388, -5.64863872528, -103.435287476, 157.917877197, -118.400382996, 214.344421387, -264.161682129, 181.716644287, -135.077865601, 77.3174819946], [245.092315674, -236.415817261, 685.49005127, 83.7055053711, 57.2454223633, 18.3095741272, -131.104934692, 119.490364075, -87.249710083, 60.8470802307, -147.660873413, 63.1532516479, -77.2424163818], [-160.726226807, 171.661697388, 83.7055053711, 370.417449951, 110.308532715, 42.1961708069, 37.6332740784, -51.2540168762, 102.081008911, -25.9688224792, 39.6993522644, -86.0660324097, -3.33012723923], [54.3766593933, -5.64863872528, 57.2454223633, 110.308532715, 193.71484375, 89.521270752, 35.7105407715, 26.869184494, 13.1724710464, 27.370721817, -1.92828178406, 5.56475973129, -12.6561489105], [44.0572776794, -103.435287476, 18.3095741272, 42.1961708069, 89.521270752, 189.621444702, 106.95173645, 20.11028862, 1.53658175468, 43.2654380798, -0.403412461281, 8.21046352386, 23.5522270203], [-136.465896606, 157.917877197, -131.104934692, 37.6332740784, 35.7105407715, 106.95173645, 245.07484436, 14.6335582733, 35.2899665833, -41.2015457153, 52.9702415466, -4.87292337418, 65.8915405273], [87.7236633301, -118.400382996, 119.490364075, -51.2540168762, 26.869184494, 20.11028862, 14.6335582733, 169.67300415, 23.0517482758, 23.2764968872, -38.5577964783, 52.6081809998, 7.79815006256], [-216.022674561, 214.344421387, -87.249710083, 102.081008911, 13.1724710464, 1.53658175468, 35.2899665833, 23.0517482758, 194.586044312, 2.71181893349, 65.2460174561, -40.2165489197, 24.922832489], [157.785171509, -264.161682129, 60.8470802307, -25.9688224792, 27.370721817, 43.2654380798, -41.2015457153, 23.2764968872, 2.71181893349, 206.365982056, 24.1668815613, 33.8528862, -46.0963363647], [-189.328231812, 181.716644287, -147.660873413, 39.6993522644, -1.92828178406, -0.403412461281, 52.9702415466, -38.5577964783, 65.2460174561, 24.1668815613, 162.786331177, 4.51164197922, 22.5331935883], [91.7196655273, -135.077865601, 63.1532516479, -86.0660324097, 5.56475973129, 8.21046352386, -4.87292337418, 52.6081809998, -40.2165489197, 33.8528862, 4.51164197922, 119.482551575, 38.8706626892], [-74.6223678589, 77.3174819946, -77.2424163818, -3.33012723923, -12.6561489105, 23.5522270203, 65.8915405273, 7.79815006256, 24.922832489, -46.0963363647, 22.5331935883, 38.8706626892, 130.838623047]],
        "icov": [[0.00145964790136, 5.93699696765e-05, 0.000289321382297, -0.000124274753034, -0.000281458895188, -0.000111002205813, 0.000407853891375, -0.000548761570826, 0.00124863593373, -0.0010291255312, 0.00131074513774, -0.000377592950827, 7.11334287189e-05], [5.93699696765e-05, 0.00447511207312, -0.00259039294906, 0.00306721124798, -0.00320159085095, 0.0036475288216, -0.00293047819287, 0.003625766607, -0.00458547752351, 0.00506053166464, -0.00506041618064, 0.00450195511803, -0.00157803157344], [0.000289321382297, -0.00259039294906, 0.00519544072449, -0.00474047195166, 0.00305867451243, -0.00306877098046, 0.00324901961721, -0.0047197076492, 0.00445752637461, -0.0033627373632, 0.00542473699898, -0.00571638345718, 0.0028658430092], [-0.000124274753034, 0.00306721124798, -0.00474047195166, 0.00944835320115, -0.00625545484945, 0.00318623846397, -0.00297222542576, 0.00588094070554, -0.00640586996451, 0.00421550637111, -0.00571938930079, 0.00814361963421, -0.00320282229222], [-0.000281458895188, -0.00320159085095, 0.00305867451243, -0.00625545484945, 0.0117085473612, -0.00668176775798, 0.00278700981289, -0.0047055715695, 0.00394372921437, -0.00320377899334, 0.00417762203142, -0.00663854321465, 0.00396298756823], [-0.000111002205813, 0.0036475288216, -0.00306877098046, 0.00318623846397, -0.00668176775798, 0.0139864487574, -0.00760180829093, 0.0040594432503, -0.00346670066938, 0.000690415501595, -0.00271385838278, 0.00533577380702, -0.00374121940695], [0.000407853891375, -0.00293047819287, 0.00324901961721, -0.00297222542576, 0.00278700981289, -0.00760180829093, 0.010512159206, -0.00522796344012, 0.00440251408145, -0.00138418911956, 0.00133274623659, -0.00241514877416, -0.000375935604097], [-0.000548761570826, 0.003625766607, -0.0047197076492, 0.00588094070554, -0.0047055715695, 0.0040594432503, -0.00522796344012, 0.0146414255723, -0.00945383217186, 0.00431701075286, -0.00200436683372, 0.000530011893716, -0.0010084612295], [0.00124863593373, -0.00458547752351, 0.00445752637461, -0.00640586996451, 0.00394372921437, -0.00346670066938, 0.00440251408145, -0.00945383217186, 0.0157790370286, -0.00731488876045, 0.00341578386724, -0.00128349894658, -0.0005475411308], [-0.0010291255312, 0.00506053166464, -0.0033627373632, 0.00421550637111, -0.00320377899334, 0.000690415501595, -0.00138418911956, 0.00431701075286, -0.00731488876045, 0.0142149971798, -0.00897452421486, 0.00277443905361, 0.00167312729172], [0.00131074513774, -0.00506041618064, 0.00542473699898, -0.00571938930079, 0.00417762203142, -0.00271385838278, 0.00133274623659, -0.00200436683372, 0.00341578386724, -0.00897452421486, 0.0185660626739, -0.010887186043, 0.00336034153588], [-0.000377592950827, 0.00450195511803, -0.00571638345718, 0.00814361963421, -0.00663854321465, 0.00533577380702, -0.00241514877416, 0.000530011893716, -0.00128349894658, 0.00277443905361, -0.010887186043, 0.0249454174191, -0.0107751796022], [7.11334287189e-05, -0.00157803157344, 0.0028658430092, -0.00320282229222, 0.00396298756823, -0.00374121940695, -0.000375935604097, -0.0010084612295, -0.0005475411308, 0.00167312729172, 0.00336034153588, -0.0107751796022, 0.0148489195853]]
    },
    "melbands": {
        "max": [0.0203488133848, 0.0219082012773, 0.0120859751478, 0.00353154912591, 0.00461411429569, 0.0106865605339, 0.00545973423868, 0.00439444789663, 0.00549177546054, 0.00812663789839, 0.00772112281993, 0.0102823087946, 0.00651861401275, 0.00476662348956, 0.00485810777172, 0.00539455143735, 0.00327776651829, 0.00235880864784, 0.0016117215855, 0.00111036573071, 0.00144957471639, 0.00120413443074, 0.000377796503017, 0.000887561473064, 0.000469491496915, 0.000383602047805, 0.00032346212538, 0.000234734834521, 0.000238011300098, 0.000202291514142, 0.000244809256401, 0.000149301049532, 0.000107701904199, 0.00010000198381, 6.49575085845e-05, 3.76957104891e-05, 5.30463585164e-05, 7.99409317551e-05, 3.47750647052e-05, 3.54080912075e-05],
        "mean": [0.00263715698384, 0.0025929689873, 0.000685283215716, 0.000166593090398, 0.00011102987628, 0.000125600534375, 0.000207250224776, 0.000203213319764, 0.000141629294376, 0.000193722429685, 0.000234426144743, 0.000868168950547, 0.000523262424394, 0.000198891561013, 0.000139657407999, 0.000313790282235, 0.000147877071868, 7.44592616684e-05, 8.24952876428e-05, 3.32859235641e-05, 2.9683660614e-05, 2.05135020224e-05, 2.02639876079e-05, 2.27774071391e-05, 2.36035175476e-05, 2.09228601307e-05, 2.17597407755e-05, 1.41965165312e-05, 1.55118304974e-05, 1.16025530588e-05, 1.45388939927e-05, 1.0331289559e-05, 8.68697770784e-06, 8.72845430422e-06, 6.41671886115e-06, 5.46629144083e-06, 4.97570135849e-06, 4.84226029585e-06, 4.29741794505e-06, 3.69491385754e-06],
        "min": [1.17768183827e-06, 8.27542635307e-07, 2.4186820724e-07, 4.91980358674e-07, 3.31880755766e-07, 1.38318242193e-07, 3.30779528213e-07, 4.01424188112e-07, 6.42054203581e-07, 2.11141852446e-07, 1.72126647158e-07, 4.66699930257e-07, 1.58176888476e-07, 6.31345187685e-07, 2.84462061018e-07, 5.64338279219e-07, 4.07978177464e-07, 2.73417811059e-07, 3.63705254358e-07, 1.57695978942e-07, 2.96917676224e-07, 2.48896157018e-07, 2.15238344481e-07, 5.06564504121e-07, 2.02753255962e-07, 2.69175245649e-07, 3.77461361722e-07, 1.78699977482e-07, 1.12957643239e-07, 6.97263615734e-08, 1.72886359451e-07, 2.23341089622e-07, 2.97543977013e-07, 2.02245203695e-07, 5.56965495946e-08, 5.2979533649e-08, 1.07048583331e-08, 1.23338752545e-08, 1.22180587869e-09, 9.99388592715e-12],
        "stdev": [0.00327115459368, 0.00299952295609, 0.00117482233327, 0.000299630366499, 0.000276952428976, 0.000414239155361, 0.000397289550165, 0.00030787664582, 0.000346550543327, 0.000694504065905, 0.000746263656765, 0.00162856187671, 0.000928175402805, 0.00047190694022, 0.000325478700688, 0.000560110725928, 0.000352024362655, 0.000179159527761, 0.000167822814547, 7.78471294325e-05, 7.62010240578e-05, 4.79524278489e-05, 3.17341909977e-05, 4.26422484452e-05, 4.26607402915e-05, 3.05891480821e-05, 2.88087194349e-05, 1.98000470846e-05, 2.55721479334e-05, 1.52546854224e-05, 2.52525314863e-05, 1.31029182739e-05, 8.95356970432e-06, 1.00094293884e-05, 6.26882683719e-06, 4.9336936172e-06, 4.62558818981e-06, 5.18910201208e-06, 4.57201213067e-06, 4.3312784328e-06]
    },
    "melbands128": {
        "max": [0.00294633116573, 0.0205312576145, 0.036994792521, 0.0347743183374, 0.0313444063067, 0.0242878049612, 0.0166426561773, 0.0162509568036, 0.00809709262103, 0.00318523752503, 0.00295202992857, 0.00756056886166, 0.0060646594502, 0.0110433921218, 0.0209826286882, 0.00791360344738, 0.0071623865515, 0.00936899706721, 0.00752261746675, 0.00627095904201, 0.00890902150422, 0.00512992311269, 0.0105070089921, 0.00617154547945, 0.00962604489177, 0.0190310738981, 0.00934953428805, 0.0148594817147, 0.0140245705843, 0.0180201698095, 0.0228483714163, 0.0188375804573, 0.0134677737951, 0.0116953076795, 0.0121534364298, 0.0079979179427, 0.00805088412017, 0.0109009547159, 0.00581168755889, 0.00749415718019, 0.00865703541785, 0.00958275608718, 0.00785969384015, 0.00317510776222, 0.00384857342578, 0.00549460062757, 0.00497258966789, 0.00296796183102, 0.00318187312223, 0.00186728162225, 0.00165048311464, 0.00367177184671, 0.00362081779167, 0.00318275438622, 0.00335642695427, 0.00137682480272, 0.000377724383725, 0.000432636792539, 0.000931454298552, 0.00137796823401, 0.00199131993577, 0.000748072634451, 0.0012651818106, 0.00100305117667, 0.0011037660297, 0.000736052577849, 0.000701080774888, 0.000634944415651, 0.000418723589974, 0.000358759600203, 0.000501704635099, 0.000624032923952, 0.000776419357862, 0.00046695113997, 0.000256013212493, 0.000201833594474, 0.000546642811969, 0.00051035132492, 0.00055397558026, 0.000268139905529, 0.000237948450376, 0.000343084830092, 0.000225386727834, 0.000105152670585, 0.000130586660816, 0.000270715623628, 0.000201654722332, 8.86061388883e-05, 0.000114032940473, 8.04600131232e-05, 4.91503888043e-05, 3.38373829436e-05, 5.77337523282e-05, 5.80385203648e-05, 9.1632049589e-05, 9.51625625021e-05, 9.31237373152e-05, 3.86168794648e-05, 4.03515805374e-05, 3.97893745685e-05, 4.36569534941e-05, 4.63574506284e-05, 4.31062217103e-05, 4.45459736511e-05, 4.48728787887e-05, 5.48547250219e-05, 3.88192056562e-05, 5.02496113768e-05, 4.52943422715e-05, 3.35875120072e-05, 3.6858538806e-05, 2.47514635703e-05, 1.2358328604e-05, 1.18857451525e-06, 7.72547366523e-07, 7.07443518877e-07, 1.56834346399e-07, 8.92801121921e-09, 7.20324822012e-09, 5.83421222444e-09, 4.84335815898e-09, 4.20638279763e-09, 4.21160439856e-09, 4.19773327209e-09, 4.18420409432e-09, 4.1685033203e-09, 4.15157419553e-09, 4.14100487234e-09],
        "mean": [0.00032096891664, 0.00191956933122, 0.00378247071058, 0.00372383277863, 0.00274432194419, 0.0016917635221, 0.000886562396772, 0.000463555217721, 0.000233364029555, 0.000140411750181, 0.000135289184982, 0.000110515022243, 9.88797910395e-05, 0.000116022652946, 0.000133874433232, 0.000125924227177, 0.000124035577755, 0.000198889509193, 0.000373278540792, 0.000192782186787, 0.000147292492329, 0.000129855849082, 0.000179864655365, 9.24311825656e-05, 0.000153418528498, 0.000300273444736, 0.00013479028712, 0.000258891581325, 0.00024741148809, 0.000391382607631, 0.00148108776193, 0.00115528271999, 0.000237770320382, 0.000299722451018, 0.000176336980076, 0.00017360347556, 0.000226011354243, 0.000131219567265, 7.99152985564e-05, 0.000194886742975, 0.000473445339594, 0.000321281288052, 0.000117071656859, 9.0562083642e-05, 5.2801649872e-05, 6.16173201706e-05, 0.000109828040877, 0.00011247832299, 5.67130518903e-05, 2.78960196738e-05, 3.43608262483e-05, 3.47645145666e-05, 2.36974392465e-05, 3.24840329995e-05, 3.34623146045e-05, 1.56683981913e-05, 1.26084532894e-05, 1.61233820108e-05, 2.23592705879e-05, 3.18396669172e-05, 2.08800975088e-05, 1.68988717633e-05, 2.53766411333e-05, 2.89604595309e-05, 1.59105857165e-05, 1.68680780916e-05, 2.48248943535e-05, 3.18834208883e-05, 2.04859679798e-05, 8.63367768034e-06, 9.06565492187e-06, 2.1051546355e-05, 2.21219488594e-05, 1.29162654048e-05, 9.34063064051e-06, 1.08675130832e-05, 1.19232772704e-05, 1.66565914697e-05, 1.76629309863e-05, 8.89515195013e-06, 9.69629036263e-06, 1.20883805721e-05, 8.75360183272e-06, 8.13639144326e-06, 8.56231599755e-06, 9.86845680018e-06, 8.85191002453e-06, 6.02155841989e-06, 6.70700774208e-06, 6.13102065472e-06, 6.03317994319e-06, 4.8479673751e-06, 5.3673848015e-06, 4.83830444864e-06, 4.95647236676e-06, 4.99388806929e-06, 4.97238534081e-06, 4.25491998612e-06, 4.51891673947e-06, 4.15778185925e-06, 3.9497463149e-06, 3.71919077224e-06, 3.29424324264e-06, 3.0661051369e-06, 3.38317317983e-06, 3.07978507408e-06, 3.06829701913e-06, 2.84954535346e-06, 2.72517718258e-06, 2.26953875426e-06, 2.07596031032e-06, 1.74073591097e-06, 6.83220321207e-07, 3.20437791856e-08, 2.27709442413e-08, 2.18226361426e-08, 4.69840077955e-09, 1.63054778013e-11, 1.34980160729e-11, 1.28064121807e-11, 1.22275236811e-11, 1.17508372824e-11, 1.1334030936e-11, 1.09875745655e-11, 1.06537513186e-11, 1.03362552892e-11, 1.01324209439e-11, 1.00322528063e-11],
        "min": [6.5356018375e-09, 1.53271741965e-07, 6.4218602347e-07, 4.03365930879e-07, 5.99401460022e-07, 3.33656089424e-07, 1.31719303909e-07, 4.37284306543e-08, 1.45386167105e-07, 2.63937209866e-07, 2.76834075663e-08, 7.45959596316e-08, 1.11566663463e-07, 2.34840840108e-08, 4.48766401817e-09, 5.85843151768e-09, 1.43029936339e-07, 1.52074790094e-07, 3.95669218278e-07, 1.65161793575e-07, 7.00061164594e-08, 5.3743093531e-08, 1.13160346871e-07, 6.45272351107e-08, 4.37807763376e-08, 2.1542753359e-08, 1.87778059768e-08, 3.53733362601e-08, 8.7737639376e-08, 1.95623854893e-07, 2.42879337975e-07, 8.01515014359e-08, 6.58357421912e-08, 3.0457915301e-08, 8.58508784063e-08, 6.5231418489e-08, 7.31933482712e-08, 3.80585625237e-08, 3.45941266744e-08, 2.62052822109e-07, 2.30009042923e-08, 1.02978717109e-07, 9.69245377291e-08, 3.19373363311e-08, 2.25316991731e-08, 4.44444125947e-08, 1.10254021024e-07, 4.95512963994e-08, 5.63327802183e-08, 5.37929523148e-08, 3.02439069344e-08, 5.7040718815e-09, 1.11706626171e-08, 8.91303031381e-08, 1.01699271227e-07, 3.74223674271e-08, 1.31052999564e-08, 4.37520846219e-08, 4.6411582133e-08, 7.63968444062e-08, 3.23436708527e-08, 1.04465911477e-08, 3.64605128311e-08, 2.77039529095e-08, 5.99259486478e-09, 2.39638104915e-08, 2.04347205823e-08, 4.93644556343e-08, 8.23863821608e-09, 6.23800788802e-09, 1.68634901598e-08, 3.99314572519e-08, 4.39277769715e-08, 4.49093384702e-09, 2.39363160404e-08, 1.29173933772e-08, 1.78419590213e-08, 8.44658032406e-09, 6.72685587233e-08, 9.30929786591e-08, 5.98360188064e-08, 1.43510817452e-07, 5.55224275445e-08, 1.12430981858e-07, 4.65584371057e-08, 1.0340852441e-07, 5.75869805175e-08, 8.46151948508e-09, 9.91576243337e-09, 1.37682052426e-08, 4.02461672877e-08, 3.86000529318e-08, 4.53940274259e-10, 7.14266035207e-10, 8.0456787066e-11, 2.58072008208e-10, 5.42356541622e-11, 1.3594583792e-10, 2.42811659668e-10, 4.37787375795e-11, 9.5910883402e-12, 2.57617408309e-12, 6.80556739435e-13, 1.73399023005e-12, 5.65797842605e-13, 6.05189834878e-13, 4.015118587e-13, 4.71107202728e-13, 2.07720735686e-13, 1.87902699043e-13, 3.08173191826e-13, 2.22663846996e-13, 2.63617117502e-13, 1.89256108615e-13, 1.69106102819e-13, 1.65415221126e-13, 1.40122695348e-13, 1.08639700426e-13, 1.44031935359e-13, 1.26931356593e-13, 1.06664317949e-13, 1.26859406226e-13, 1.40546306689e-13, 1.3273261071e-13, 9.5707221716e-14, 4.29080971871e-14, 5.90680204537e-15, 1.07855292595e-16],
        "stdev": [0.000478981266497, 0.00301755103283, 0.00538387289271, 0.00487314723432, 0.00401494000107, 0.00266751577146, 0.00168297428172, 0.00116751901805, 0.000573277589865, 0.000272147270152, 0.000245315080974, 0.000313997297781, 0.00033235605224, 0.000510181416757, 0.000685136183165, 0.000418815063313, 0.000429030624218, 0.00051185808843, 0.000742137664929, 0.000357631157385, 0.000383168837288, 0.00035782114719, 0.000573102734052, 0.000294233526802, 0.00063140882412, 0.00138916948345, 0.000620176608209, 0.00119810039178, 0.00106747599784, 0.00133220222779, 0.00321124074981, 0.00264299940318, 0.000874484598171, 0.00104193564039, 0.000792018894572, 0.000579772284254, 0.000726308906451, 0.000499016838148, 0.000317613885272, 0.000490129983518, 0.000977112678811, 0.00110055867117, 0.000452294538263, 0.000280472624581, 0.000213157574763, 0.000263083464233, 0.000388742308132, 0.000269409327302, 0.000202773182536, 0.000122416488011, 9.5315357612e-05, 0.000155231304234, 0.000129331965582, 9.8453470855e-05, 0.000126294748043, 4.90219354106e-05, 2.1789681341e-05, 3.29007962137e-05, 5.58713763894e-05, 8.32364457892e-05, 7.13898843969e-05, 4.24965910497e-05, 6.59227807773e-05, 7.39279203117e-05, 4.48702703579e-05, 4.25552061643e-05, 5.32240810571e-05, 5.61263404961e-05, 3.92215151805e-05, 1.66784539033e-05, 1.9274870283e-05, 4.36028749391e-05, 5.87558424741e-05, 3.2304909837e-05, 1.55545822054e-05, 1.47959890455e-05, 2.80345866486e-05, 3.9823800762e-05, 4.47684324172e-05, 1.54161934915e-05, 1.45000794873e-05, 2.47860061791e-05, 1.48999697558e-05, 9.50722460402e-06, 1.1173619896e-05, 1.55306242959e-05, 1.35768159453e-05, 6.66649020786e-06, 7.766422641e-06, 7.94970492279e-06, 6.21547906121e-06, 4.83140547658e-06, 5.74160731048e-06, 5.00443911733e-06, 5.37214464202e-06, 6.08108211964e-06, 5.89266301176e-06, 4.70702661914e-06, 5.13340000907e-06, 4.95724270877e-06, 4.88451814817e-06, 4.79965456179e-06, 4.3259578888e-06, 4.65897119284e-06, 5.07222785018e-06, 5.11552252647e-06, 4.9070104069e-06, 4.89707508677e-06, 4.86665794597e-06, 3.71781811737e-06, 3.42370208273e-06, 2.69124871011e-06, 1.15876719065e-06, 7.4894096258e-08, 5.99311960059e-08, 5.84082080479e-08, 1.416017259e-08, 2.20614235213e-10, 1.97230454191e-10, 1.78752665447e-10, 1.6633881772e-10, 1.57422935798e-10, 1.50647966324e-10, 1.45627107595e-10, 1.4189545372e-10, 1.39220746043e-10, 1.37368921793e-10, 1.36258559991e-10]
    },
    "mfcc": {
        "mean": [-590.968566895, 76.3380661011, 2.56487751007, 10.0679311752, 2.17707538605, 19.2636871338, 14.8873109818, 13.0377655029, 4.17945480347, 7.48413467407, 6.48239803314, 5.0498342514, 4.62076044083],
        "cov": [[974.511291504, -315.217590332, -32.0259170532, -99.9845275879, 20.1346035004, -17.5505313873, 37.6044616699, -97.1662063599, 6.6920208931, -12.863902092, -30.534072876, -38.4206848145, -16.7110462189], [-315.217590332, 702.466918945, -53.5900192261, 68.121131897, -44.6248893738, -44.8881225586, -55.7948722839, 97.688117981, -43.3622207642, -12.0034914017, -24.3324832916, -23.4252891541, 21.1245918274], [-32.0259170532, -53.5900192261, 403.489593506, 88.4944992065, 106.930900574, -11.0687294006, -13.9547796249, -4.63681221008, 40.1062965393, -5.87830114365, -19.6504974365, 6.5185046196, -10.9743938446], [-99.9845275879, 68.121131897, 88.4944992065, 254.379470825, 82.6190261841, 55.9470901489, -8.19156646729, 26.5959434509, 6.46294355392, 12.0697975159, 25.5403995514, 19.4861755371, -17.6533279419], [20.1346035004, -44.6248893738, 106.930900574, 82.6190261841, 208.475708008, 21.0087337494, -13.2023057938, 10.6998376846, 21.7637119293, 13.5954818726, 31.742149353, 5.89263153076, -2.65767836571], [-17.5505313873, -44.8881225586, -11.0687294006, 55.9470901489, 21.0087337494, 198.127944946, 81.1972885132, 6.1572022438, 28.4591598511, 22.8259849548, 34.9960098267, 29.6591358185, -2.66254997253], [37.6044616699, -55.7948722839, -13.9547796249, -8.19156646729, -13.2023057938, 81.1972885132, 172.119415283, 41.9630126953, 19.7238025665, 8.17877864838, -3.5683760643, -3.0555100441, 18.8265857697], [-97.1662063599, 97.688117981, -4.63681221008, 26.5959434509, 10.6998376846, 6.1572022438, 41.9630126953, 159.941848755, 67.2512359619, 12.9197540283, -13.7701511383, -31.1428432465, -4.56083774567], [6.6920208931, -43.3622207642, 40.1062965393, 6.46294355392, 21.7637119293, 28.4591598511, 19.7238025665, 67.2512359619, 139.754745483, 46.8289413452, -11.1227436066, -11.9330797195, -1.40723717213], [-12.863902092, -12.0034914017, -5.87830114365, 12.0697975159, 13.5954818726, 22.8259849548, 8.17877864838, 12.9197540283, 46.8289413452, 94.4897460938, 45.344833374, 22.2754516602, 3.87519621849], [-30.534072876, -24.3324832916, -19.6504974365, 25.5403995514, 31.742149353, 34.9960098267, -3.5683760643, -13.7701511383, -11.1227436066, 45.344833374, 118.816802979, 65.8081436157, -0.88873487711], [-38.4206848145, -23.4252891541, 6.5185046196, 19.4861755371, 5.89263153076, 29.6591358185, -3.0555100441, -31.1428432465, -11.9330797195, 22.2754516602, 65.8081436157, 118.905418396, 40.2890930176], [-16.7110462189, 21.1245918274, -10.9743938446, -17.6533279419, -2.65767836571, -2.66254997253, 18.8265857697, -4.56083774567, -1.40723717213, 3.87519621849, -0.88873487711, 40.2890930176, 105.047714233]],
        "icov": [[0.00135257281363, 0.000426489044912, 0.000270483549684, 0.000227381518926, -0.000394410308218, 0.000332322902977, -0.000506088952534, 0.00093121296959, -0.000378984608687, 8.94223121577e-05, 0.00024887881591, 0.000386004190659, 0.000171133287949], [0.000426489044912, 0.00218585506082, 0.000160804673214, -0.000561613996979, 0.000506289070472, -6.07855326962e-05, 0.00106434198096, -0.00177974987309, 0.0015422134893, -0.000575136044063, 0.000512394704856, 0.000466010562377, -0.000838570762426], [0.000270483549684, 0.000160804673214, 0.00342577672563, -0.000926837383304, -0.00161882548127, 0.000929663772695, -0.00051485048607, 0.00100796646439, -0.00141834979877, 0.000569347932469, 0.00137628114317, -0.00107021979056, 0.000713573244866], [0.000227381518926, -0.000561613996979, -0.000926837383304, 0.00570253515616, -0.00171849993058, -0.00181156839244, 0.000703631551005, -0.000986878178082, 0.000945172971115, -0.000493827683385, 0.00030425353907, -0.00100166606717, 0.00116987503134], [-0.000394410308218, 0.000506289070472, -0.00161882548127, -0.00171849993058, 0.00700138835236, -0.000543201284017, 0.00120185327251, -0.00093853607541, -0.00018658474437, 0.000380362762371, -0.00294230924919, 0.00196666433476, -0.00151094957255], [0.000332322902977, -6.07855326962e-05, 0.000929663772695, -0.00181156839244, -0.000543201284017, 0.00820862222463, -0.00448449142277, 0.00218835589476, -0.00267317565158, 0.000720756535884, -0.00127963360865, -0.00139509374276, 0.00141264719423], [-0.000506088952534, 0.00106434198096, -0.00051485048607, 0.000703631551005, 0.00120185327251, -0.00448449142277, 0.00958662759513, -0.00421242089942, 0.00232423190027, -0.00100369832944, 0.000617359764874, 0.00111050589476, -0.0025668698363], [0.00093121296959, -0.00177974987309, 0.00100796646439, -0.000986878178082, -0.00093853607541, 0.00218835589476, -0.00421242089942, 0.0123032759875, -0.00708174984902, 0.00205567595549, -0.0014576112153, 0.0021216836758, 0.000769566569943], [-0.000378984608687, 0.0015422134893, -0.00141834979877, 0.000945172971115, -0.00018658474437, -0.00267317565158, 0.00232423190027, -0.00708174984902, 0.0146379424259, -0.00791097525507, 0.00445292936638, -0.000361528975191, -0.000491991348099], [8.94223121577e-05, -0.000575136044063, 0.000569347932469, -0.000493827683385, 0.000380362762371, 0.000720756535884, -0.00100369832944, 0.00205567595549, -0.00791097525507, 0.0177902840078, -0.00799564924091, 0.000830155157018, -0.000744895020034], [0.00024887881591, 0.000512394704856, 0.00137628114317, 0.00030425353907, -0.00294230924919, -0.00127963360865, 0.000617359764874, -0.0014576112153, 0.00445292936638, -0.00799564924091, 0.0185269843787, -0.00951269827783, 0.00401043379679], [0.000386004190659, 0.000466010562377, -0.00107021979056, -0.00100166606717, 0.00196666433476, -0.00139509374276, 0.00111050589476, 0.0021216836758, -0.000361528975191, 0.000830155157018, -0.00951269827783, 0.0171641930938, -0.0071039092727], [0.000171133287949, -0.000838570762426, 0.000713573244866, 0.00116987503134, -0.00151094957255, 0.00141264719423, -0.0025668698363, 0.000769566569943, -0.000491991348099, -0.000744895020034, 0.00401043379679, -0.0071039092727, 0.0132568990812]]
    },
    "spectral_contrast_coeffs": {
        "max": [-0.473212629557, -0.47479647398, -0.387014865875, -0.509708940983, -0.470327734947, -0.497748404741],
        "mean": [-0.737421751022, -0.742087006569, -0.683201253414, -0.725685715675, -0.741333246231, -0.757464885712],
        "min": [-0.899470150471, -0.951200962067, -0.889069020748, -0.898735761642, -0.867257833481, -0.874493360519],
        "stdev": [0.0700508356094, 0.0738315731287, 0.0974811539054, 0.0737777799368, 0.0592594444752, 0.0477316491306]
    },
    "spectral_contrast_valleys": {
        "max": [-5.02275085449, -5.29264783859, -5.79682779312, -6.08666086197, -5.92029762268, -7.7781085968],
        "mean": [-6.80941724777, -6.96590805054, -7.25449371338, -7.54209756851, -7.35845279694, -9.14914417267],
        "min": [-9.15886974335, -9.47350597382, -9.02370548248, -9.15476322174, -9.52707862854, -13.2479314804],
        "stdev": [0.592798411846, 0.569848775864, 0.503859102726, 0.466738343239, 0.463239073753, 0.822436213493]
    }
},
"rhythm": {
    "beats_count": 103,
    "beats_loudness": {
        "max": 0.075099915266,
        "mean": 0.04467228055,
        "min": 0.0105899786577,
        "stdev": 0.0140947792679
    },
    "bpm": 128.131530762,
    "bpm_histogram_first_peak_bpm": 129,
    "bpm_histogram_first_peak_weight": 0.404255330563,
    "bpm_histogram_second_peak_bpm": 117,
    "bpm_histogram_second_peak_spread": 0.400000035763,
    "bpm_histogram_second_peak_weight": 0.0294117648154,
    "danceability": 1.22319197655,
    "onset_rate": 4.142578125,
    "beats_loudness_band_ratio": {
        "max": [0.919644296169, 0.277491956949, 0.67150592804, 0.871218144894, 0.367561459541, 0.329148411751],
        "mean": [0.458011418581, 0.0303104296327, 0.0938772112131, 0.257149875164, 0.0759302675724, 0.103203289211],
        "min": [0.0245748851448, 0.00086820544675, 0.00556767638773, 0.0084892148152, 0.00747273815796, 0.00441493233666],
        "stdev": [0.227172717452, 0.0367468707263, 0.121073834598, 0.21798312664, 0.0774321258068, 0.0721792951226]
    },
