{
"metadata": {
    "version": {
        "essentia": "2.1-beta5",
        "essentia_git_sha": "Undefined",
        "extractor": "music 2.0"
    },
    "audio_properties": {
        "analysis": {
            "equal_loudness": 0,
            "length": 45.2557144165,
            "sample_rate": 44100,
            "start_time": 81.2350082397,
            "downmix": "mix"
        },
        "bit_rate": 192000,
        "length": 184.807632446,
        "lossless": 0,
        "number_channels": 2,
        "replay_gain": -8.08073234558,
        "sample_rate": 48000,
        "codec": "mp3",
        "md5_encoded": "b763232466208ddd08b9381982bf3ce4"
    },
    "tags": {
        "file_name": "Austria_Woki Mit Deim Popo_Trackshittaz.mp3",
        "encoding": ["Lavf58.29.100"]
    }
},
"lowlevel": {
    "average_loudness": 0.981881201267,
    "barkbands_crest": {
        "max": 25.0642795563,
        "mean": 13.3856954575,
        "min": 2.29340076447,
        "stdev": 4.6383562088
    },
    "barkbands_flatness_db": {
        "max": 0.333118230104,
        "mean": 0.133046969771,
        "min": 0.0225712433457,
        "stdev": 0.0478209219873
    },
    "barkbands_kurtosis": {
        "max": 105.541145325,
        "mean": 8.32657909393,
        "min": -1.89514160156,
        "stdev": 11.9264698029
    },
    "barkbands_skewness": {
        "max": 9.84664916992,
        "mean": 2.36318945885,
        "min": -1.84682571888,
        "stdev": 1.42743837833
    },
    "barkbands_spread": {
        "max": 106.333755493,
        "mean": 24.583070755,
        "min": 2.34029579163,
        "stdev": 14.2469701767
    },
    "dissonance": {
        "max": 0.499834060669,
        "mean": 0.46237128973,
        "min": 0,
        "stdev": 0.0317605957389
    },
    "dynamic_complexity": 2.05450391769,
    "erbbands_crest": {
        "max": 29.3654747009,
        "mean": 9.27250289917,
        "min": 2.2509791851,
        "stdev": 5.21053743362
    },
    "erbbands_flatness_db": {
        "max": 0.277146279812,
        "mean": 0.112526483834,
        "min": 0.04006261006,
        "stdev": 0.0386514700949
    },
    "erbbands_kurtosis": {
        "max": 21.9139633179,
        "mean": 0.563306212425,
        "min": -1.69222390652,
        "stdev": 2.41102361679
    },
    "erbbands_skewness": {
        "max": 4.01155185699,
        "mean": 0.584953069687,
        "min": -3.23487997055,
        "stdev": 0.863612771034
    },
    "erbbands_spread": {
        "max": 135.897384644,
        "mean": 53.1813468933,
        "min": 8.70690727234,
        "stdev": 21.2139415741
    },
    "hfc": {
        "max": 158.57585144,
        "mean": 32.2911643982,
        "min": 2.80772860606e-06,
        "stdev": 21.7085151672
    },
    "loudness_ebu128": {
        "integrated": -13.7130556107,
        "loudness_range": 1.79822826385,
        "momentary": {
            "max": -12.233959198,
            "mean": -14.1182661057,
            "min": -37.6760940552,
            "stdev": 2.71011734009
        },
        "short_term": {
            "max": -13.0498847961,
            "mean": -13.847073555,
            "min": -16.4955749512,
            "stdev": 0.799955904484
        }
    },
    "melbands_crest": {
        "max": 36.5543785095,
        "mean": 18.7856769562,
        "min": 1.00000059605,
        "stdev": 6.50818157196
    },
    "melbands_flatness_db": {
        "max": 0.42158511281,
        "mean": 0.211163401604,
        "min": 3.32204024289e-07,
        "stdev": 0.0605601742864
    },
    "melbands_kurtosis": {
        "max": 378.287139893,
        "mean": 29.8048439026,
        "min": -1.20150089264,
        "stdev": 38.5616455078
    },
    "melbands_skewness": {
        "max": 16.8918018341,
        "mean": 3.955773592,
        "min": -0.157151982188,
        "stdev": 2.39742684364
    },
    "melbands_spread": {
        "max": 133.25,
        "mean": 17.8612060547,
        "min": 1.32598996162,
        "stdev": 12.4575948715
    },
    "pitch_salience": {
        "max": 0.996097385883,
        "mean": 0.464319884777,
        "min": 0.0878051891923,
        "stdev": 0.13652561605
    },
    "silence_rate_20dB": {
        "max": 1,
        "mean": 1,
        "min": 1,
        "stdev": 0
    },
    "silence_rate_30dB": {
        "max": 1,
        "mean": 0.997437238693,
        "min": 0,
        "stdev": 0.0505597889423
    },
    "silence_rate_60dB": {
        "max": 1,
        "mean": 0.0235776528716,
        "min": 0,
        "stdev": 0.151730164886
    },
    "spectral_centroid": {
        "max": 11024.9306641,
        "mean": 1337.46154785,
        "min": 369.375335693,
        "stdev": 602.69140625
    },
    "spectral_complexity": {
        "max": 58,
        "mean": 19.6873397827,
        "min": 0,
        "stdev": 9.77188110352
    },
    "spectral_decrease": {
        "max": -1.78115229856e-30,
        "mean": -1.33726691942e-08,
        "min": -3.4649868752e-08,
        "stdev": 6.31817709262e-09
    },
    "spectral_energy": {
        "max": 0.13617746532,
        "mean": 0.0534005463123,
        "min": 2.54669063615e-10,
        "stdev": 0.0244769304991
    },
    "spectral_energyband_high": {
        "max": 0.0177407544106,
        "mean": 0.00197796127759,
        "min": 1.848522585e-10,
        "stdev": 0.00212205993012
    },
    "spectral_energyband_low": {
        "max": 0.111444622278,
        "mean": 0.0302524100989,
        "min": 1.73920480882e-12,
        "stdev": 0.0218422226608
    },
    "spectral_energyband_middle_high": {
        "max": 0.0375640280545,
        "mean": 0.0046685282141,
        "min": 3.72686395633e-11,
        "stdev": 0.00430180504918
    },
    "spectral_energyband_middle_low": {
        "max": 0.117926880717,
        "mean": 0.0176057238132,
        "min": 7.70219478474e-12,
        "stdev": 0.0152432378381
    },
    "spectral_entropy": {
        "max": 10.0015592575,
        "mean": 7.89862823486,
        "min": 6.59085083008,
        "stdev": 0.340744942427
    },
    "spectral_flux": {
        "max": 0.35166478157,
        "mean": 0.129150867462,
        "min": 0.00446822680533,
        "stdev": 0.0558138862252
    },
    "spectral_kurtosis": {
        "max": 14.1564006805,
        "mean": 2.22255253792,
        "min": -1.20000219345,
        "stdev": 1.10825622082
    },
    "spectral_rms": {
        "max": 0.0115263201296,
        "mean": 0.0069358930923,
        "min": 4.98455221987e-07,
        "stdev": 0.00199789600447
    },
    "spectral_rolloff": {
        "max": 18755.4199219,
        "mean": 1074.3293457,
        "min": 64.599609375,
        "stdev": 1418.92102051
    },
    "spectral_skewness": {
        "max": 3.14032292366,
        "mean": 1.33421742916,
        "min": -2.44280778199e-17,
        "stdev": 0.280812591314
    },
    "spectral_spread": {
        "max": 40596008,
        "mean": 6702748.5,
        "min": 3194874.5,
        "stdev": 1534174.375
    },
    "spectral_strongpeak": {
        "max": 7.21828842163,
        "mean": 0.811626791954,
        "min": 0,
        "stdev": 1.0001424551
    },
    "zerocrossingrate": {
        "max": 0.22705078125,
        "mean": 0.060948561877,
        "min": 0.00048828125,
        "stdev": 0.0290578361601
    },
    "barkbands": {
        "max": [0.0227556172758, 0.103138059378, 0.0487044490874, 0.0746142193675, 0.0645082294941, 0.0497638210654, 0.0516582503915, 0.0521550439298, 0.0530784651637, 0.0353349708021, 0.0184113066643, 0.012537388131, 0.00527714425698, 0.0137241957709, 0.0132690342143, 0.00721256947145, 0.00805146340281, 0.00515301013365, 0.00626429263502, 0.00351690989919, 0.00297040306032, 0.00567558035254, 0.00688634812832, 0.00660096807405, 0.00430568773299, 0.001559350756, 0.000133039167849],
        "mean": [0.00214692228474, 0.0238879118115, 0.00327708967961, 0.00220843334682, 0.00378304789774, 0.00300082261674, 0.00246633356437, 0.00316594913602, 0.00266232644208, 0.000934825919103, 0.000551572069526, 0.000404995051213, 0.000419351068558, 0.00048383732792, 0.000497775734402, 0.000406632374506, 0.000349405221641, 0.000378162803827, 0.000287276896415, 0.00023407136905, 0.000289803021587, 0.000401916739065, 0.000348900648532, 0.000352413888322, 0.000284120818833, 0.000170616534888, 6.060934993e-06],
        "min": [4.96915659662e-13, 7.45373489493e-13, 4.96915659662e-13, 4.96915659662e-13, 1.24228914915e-12, 1.24228914915e-12, 1.24228914915e-12, 1.24228914915e-12, 1.73920480882e-12, 1.73920480882e-12, 1.73920480882e-12, 2.2361205769e-12, 2.48457851515e-12, 2.7330364534e-12, 3.2299523299e-12, 3.72686820641e-12, 4.22378408291e-12, 5.21761583591e-12, 6.45990552717e-12, 7.95065228931e-12, 1.0435227335e-11, 1.26713448761e-11, 1.51559199218e-11, 2.06219850224e-11, 2.88210826732e-11, 4.04985871227e-11, 2.75091911056e-11],
        "stdev": [0.00334207341075, 0.0193405319005, 0.00530568184331, 0.00591120775789, 0.0065695438534, 0.00534951640293, 0.006099158898, 0.00667810114101, 0.0051567372866, 0.00213973317295, 0.00108874286525, 0.000749661528971, 0.000573696044739, 0.0010264122393, 0.00118581135757, 0.000594767101575, 0.000618170073722, 0.000547172559891, 0.000441957090516, 0.000313291180646, 0.000340028462233, 0.000495997082908, 0.000514213868883, 0.000523633905686, 0.000337362405844, 0.000194288848434, 9.32409693633e-06]
    },
    "erbbands": {
        "max": [4.94934129715, 26.5604667664, 45.2279167175, 152.431442261, 230.882980347, 393.918182373, 320.528533936, 271.819549561, 598.701904297, 1122.76013184, 1401.27294922, 1120.35583496, 1223.04431152, 1265.01855469, 653.44317627, 629.520812988, 261.395202637, 803.94708252, 617.716918945, 594.407897949, 224.56111145, 480.547454834, 246.751602173, 424.039093018, 204.955413818, 110.19342804, 100.499816895, 195.357055664, 210.853271484, 231.807342529, 158.965744019, 162.011001587, 88.98387146, 72.4272232056, 19.0916976929, 8.41294002533, 2.8980588913, 0.579415440559, 0.0131282415241, 0.000447814061772],
        "mean": [0.804827690125, 4.78667354584, 5.15818929672, 5.83559513092, 8.04588890076, 13.9641304016, 27.8070163727, 18.5099411011, 21.3118724823, 59.0934524536, 76.731338501, 59.9153366089, 32.0480041504, 27.9847507477, 20.1512947083, 18.1202793121, 19.4644508362, 26.7688465118, 22.826997757, 26.0020103455, 19.6737308502, 19.532119751, 20.436466217, 17.695192337, 13.0865001678, 10.9497852325, 9.65428543091, 13.8995933533, 14.2552309036, 12.8552408218, 9.36568164825, 7.99814081192, 5.28527927399, 3.20165419579, 2.01998639107, 0.783150792122, 0.314233034849, 0.0467865951359, 0.00118489156011, 0.000105777500721],
        "min": [2.7163710517e-11, 1.51518256275e-10, 5.11503395195e-10, 1.24159293957e-09, 2.5060751252e-09, 4.45961356732e-09, 7.25345783437e-09, 1.10381757068e-08, 1.59572373093e-08, 2.2149883705e-08, 2.97569329177e-08, 3.89190830674e-08, 4.97772454366e-08, 6.24785414516e-08, 7.7158098577e-08, 9.39557693869e-08, 1.12994115398e-07, 1.34379135375e-07, 1.581774427e-07, 1.84397549674e-07, 2.1295269903e-07, 2.43637344965e-07, 2.76055914128e-07, 3.09567440127e-07, 3.43200838415e-07, 3.75577002387e-07, 4.04822003475e-07, 4.28525282814e-07, 4.43768414016e-07, 4.4726735382e-07, 4.35758693129e-07, 4.06662195473e-07, 3.59062084954e-07, 2.94875746931e-07, 2.19842078764e-07, 1.43538727571e-07, 7.7568920176e-08, 3.15004875517e-08, 7.98075294739e-09, 8.48713987978e-10],
        "stdev": [0.831331074238, 4.04285907745, 6.30162191391, 13.1740274429, 18.4984645844, 29.1182403564, 47.1558799744, 31.4623737335, 45.1630249023, 138.69984436, 152.303863525, 111.478935242, 69.4592056274, 58.9684524536, 32.9661254883, 33.7028045654, 24.8762359619, 56.1202392578, 45.055065155, 48.7479629517, 24.5952949524, 33.6298751831, 27.8284454346, 28.603307724, 19.6909255981, 13.5148925781, 10.963593483, 17.0330753326, 17.8929710388, 17.4878349304, 13.7352952957, 12.6977272034, 7.63146114349, 4.30881881714, 2.34169650078, 0.884526789188, 0.351768016815, 0.0597994141281, 0.00139747001231, 6.04646265856e-05]
    },
    "gfcc": {
        "mean": [49.4091453552, 63.5129585266, -87.1731872559, 35.8906211853, -60.723941803, 27.3904418945, -33.4956016541, 21.8169574738, -15.8616886139, 13.1550216675, -17.9682369232, 8.82089805603, -11.4733257294],
        "cov": [[4044.73657227, -405.630340576, 346.709106445, -10.99426651, 226.234130859, -27.5226287842, -90.1147460938, 119.6065979, -124.780555725, 106.369110107, -65.0910339355, 97.1017837524, -205.809570312], [-405.630340576, 522.282165527, -16.9839286804, 55.9038391113, -3.46996355057, -15.0511808395, 41.5445175171, -7.4464392662, 85.8818435669, -11.289721489, 25.3530197144, -55.821144104, 74.0019226074], [346.709106445, -16.9839286804, 562.317810059, 90.504447937, 176.160308838, 55.3223495483, 42.0957374573, 58.2697944641, -23.7531490326, 22.4857559204, -36.1976242065, 46.572555542, -14.7188072205], [-10.99426651, 55.9038391113, 90.504447937, 274.670928955, 155.108184814, 55.0647888184, -25.3337745667, -51.46118927, 2.61722064018, -11.2531299591, 14.6192569733, 6.16070556641, 55.9283103943], [226.234130859, -3.46996355057, 176.160308838, 155.108184814, 385.206573486, 98.5066375732, -14.1395549774, -15.95997715, -8.68147182465, 30.9088783264, 0.43828228116, 41.5333709717, 14.2575216293], [-27.5226287842, -15.0511808395, 55.3223495483, 55.0647888184, 98.5066375732, 177.185241699, 83.7012557983, 12.4641599655, 2.52761435509, 16.3630027771, 16.1956558228, 8.80945301056, -1.01776301861], [-90.1147460938, 41.5445175171, 42.0957374573, -25.3337745667, -14.1395549774, 83.7012557983, 200.248596191, 112.015312195, 48.0419807434, 27.2421703339, 14.2444858551, 7.46997833252, -24.2211685181], [119.6065979, -7.4464392662, 58.2697944641, -51.46118927, -15.95997715, 12.4641599655, 112.015312195, 163.574172974, 82.3200302124, 38.4664077759, 0.0315939188004, 12.7300252914, -28.0943870544], [-124.780555725, 85.8818435669, -23.7531490326, 2.61722064018, -8.68147182465, 2.52761435509, 48.0419807434, 82.3200302124, 144.232589722, 61.9009513855, 14.0751495361, -7.22153759003, 19.6401309967], [106.369110107, -11.289721489, 22.4857559204, -11.2531299591, 30.9088783264, 16.3630027771, 27.2421703339, 38.4664077759, 61.9009513855, 115.803535461, 20.6621742249, -5.19403171539, -6.583776474], [-65.0910339355, 25.3530197144, -36.1976242065, 14.6192569733, 0.43828228116, 16.1956558228, 14.2444858551, 0.0315939188004, 14.0751495361, 20.6621742249, 74.4182128906, 30.1198921204, 10.9610500336], [97.1017837524, -55.821144104, 46.572555542, 6.16070556641, 41.5333709717, 8.80945301056, 7.46997833252, 12.7300252914, -7.22153759003, -5.19403171539, 30.1198921204, 91.4517822266, 26.4905395508], [-205.809570312, 74.0019226074, -14.7188072205, 55.9283103943, 14.2575216293, -1.01776301861, -24.2211685181, -28.0943870544, 19.6401309967, -6.583776474, 10.9610500336, 26.4905395508, 114.152084351]],
        "icov": [[0.000388458865928, -0.000130342275952, 4.89502417622e-05, -0.000294323603157, 2.9575670851e-05, -0.000100595905678, 0.00068588234717, -0.000885632820427, 0.000848371942993, -0.000832602672745, 0.00065855437424, -0.000862934160978, 0.000801391259301], [-0.000130342275952, 0.00375227537006, -0.000838784791995, 0.000799043511506, -0.001018582494, 0.0017988284817, -0.00268505979329, 0.00255100056529, -0.00347216660157, 0.00307040009648, -0.00356740388088, 0.00489533971995, -0.00298477802426], [4.89502417622e-05, -0.000838784791995, 0.00289246393368, -0.00127435510512, -0.000339747348335, -0.00048272398999, 0.000563109701034, -0.00223692599684, 0.00236218073405, -0.00190273311455, 0.00300566991791, -0.00270314305089, 0.00105894473381], [-0.000294323603157, 0.000799043511506, -0.00127435510512, 0.00682053668424, -0.00248208199628, -0.000178162372322, -0.00110769597813, 0.00324000022374, -0.00313189113513, 0.00343631207943, -0.00366718368605, 0.00394613994285, -0.00351044698618], [2.9575670851e-05, -0.001018582494, -0.000339747348335, -0.00248208199628, 0.00509469723329, -0.0028875481803, 0.00234988634475, -0.00101777538657, 0.00123790488578, -0.00267489207909, 0.00264611258171, -0.0038282207679, 0.00173901848029], [-0.000100595905678, 0.0017988284817, -0.00048272398999, -0.000178162372322, -0.0028875481803, 0.0107110673562, -0.00717290583998, 0.00394220231101, -0.0013433219865, 0.00128820491955, -0.00300776469521, 0.00319016911089, -0.0015641390346], [0.00068588234717, -0.00268505979329, 0.000563109701034, -0.00110769597813, 0.00234988634475, -0.00717290583998, 0.0147744994611, -0.0111358668655, 0.00455113360658, -0.00326109607704, 0.00191405275837, -0.00405807979405, 0.00341616640799], [-0.000885632820427, 0.00255100056529, -0.00223692599684, 0.00324000022374, -0.00101777538657, 0.00394220231101, -0.0111358668655, 0.0215203408152, -0.0131527725607, 0.00431124540046, -0.00123477529269, 0.000915573909879, 0.000387236301322], [0.000848371942993, -0.00347216660157, 0.00236218073405, -0.00313189113513, 0.00123790488578, -0.0013433219865, 0.00455113360658, -0.0131527725607, 0.0203075371683, -0.0103496825323, 0.00341002154164, -0.00293197715655, -0.000556384562515], [-0.000832602672745, 0.00307040009648, -0.00190273311455, 0.00343631207943, -0.00267489207909, 0.00128820491955, -0.00326109607704, 0.00431124540046, -0.0103496825323, 0.0175748281181, -0.00882021896541, 0.00819796975702, -0.00296705449], [0.00065855437424, -0.00356740388088, 0.00300566991791, -0.00366718368605, 0.00264611258171, -0.00300776469521, 0.00191405275837, -0.00123477529269, 0.00341002154164, -0.00882021896541, 0.0247668512166, -0.0150218047202, 0.0054416381754], [-0.000862934160978, 0.00489533971995, -0.00270314305089, 0.00394613994285, -0.0038282207679, 0.00319016911089, -0.00405807979405, 0.000915573909879, -0.00293197715655, 0.00819796975702, -0.0150218047202, 0.0258733499795, -0.0107249906287], [0.000801391259301, -0.00298477802426, 0.00105894473381, -0.00351044698618, 0.00173901848029, -0.0015641390346, 0.00341616640799, 0.000387236301322, -0.000556384562515, -0.00296705449, 0.0054416381754, -0.0107249906287, 0.0164765063673]]
    },
    "melbands": {
        "max": [0.0351060330868, 0.0224101748317, 0.026915486902, 0.015714854002, 0.00958565343171, 0.00712777255103, 0.00812450330704, 0.0107419770211, 0.0110526103526, 0.0061862282455, 0.00617729965597, 0.00508852116764, 0.00269645592198, 0.00136384519283, 0.0010676109232, 0.000703142315615, 0.00146275630686, 0.00105749245267, 0.00136485672556, 0.000689602689818, 0.000228486736887, 0.00070020678686, 0.00044700349099, 0.00029169456684, 0.000401304278057, 0.000166177560459, 0.000219437148189, 8.39427520987e-05, 6.58162462059e-05, 7.62830823078e-05, 0.00016821558529, 0.000133980574901, 0.00011929327593, 0.000160235227668, 0.000111034001748, 0.000124592275824, 9.64964565355e-05, 7.07704894012e-05, 6.42562154098e-05, 6.03835542279e-05],
        "mean": [0.00704757403582, 0.00389982573688, 0.00106329785194, 0.000751748273615, 0.00091077882098, 0.00044639070984, 0.000376972282538, 0.000651501002721, 0.000644967833068, 0.000347787019564, 0.000152646898641, 0.000113921021693, 6.90386586939e-05, 4.78570291307e-05, 4.44041143055e-05, 4.47165402875e-05, 4.9995182053e-05, 3.28908354277e-05, 4.04498823627e-05, 3.39823200193e-05, 2.01693419513e-05, 2.02746487048e-05, 1.96761975531e-05, 1.71413812495e-05, 1.41788523251e-05, 9.94764650386e-06, 8.20092009235e-06, 7.14954057912e-06, 5.85166435485e-06, 6.42998202238e-06, 8.7557691586e-06, 8.36175058794e-06, 7.20510706742e-06, 7.11036545908e-06, 5.50229424334e-06, 4.74509579362e-06, 4.97984183312e-06, 3.85922703572e-06, 3.07116715703e-06, 2.54619385487e-06],
        "min": [2.48457829831e-13, 2.48457829831e-13, 2.48457829831e-13, 2.48457856936e-13, 2.48457829831e-13, 2.48457829831e-13, 2.48457829831e-13, 2.48457856936e-13, 2.48457802726e-13, 2.48457829831e-13, 2.48457856936e-13, 2.48457829831e-13, 2.48457829831e-13, 2.48457829831e-13, 2.48457802726e-13, 2.48457856936e-13, 2.48457829831e-13, 2.48457802726e-13, 2.48457829831e-13, 2.48457829831e-13, 2.48457856936e-13, 2.48457829831e-13, 2.48457775621e-13, 2.48457829831e-13, 2.48457802726e-13, 2.48457802726e-13, 2.48457775621e-13, 2.48457856936e-13, 2.48457884041e-13, 2.48457775621e-13, 2.48457802726e-13, 2.48457884041e-13, 2.48457856936e-13, 2.48457911146e-13, 2.48457856936e-13, 2.48457829831e-13, 2.48457856936e-13, 2.48457884041e-13, 2.48457884041e-13, 2.48457748516e-13],
        "stdev": [0.00616555148736, 0.00343928323127, 0.00232919352129, 0.00143191637471, 0.00142842822243, 0.000761777570006, 0.000839131884277, 0.00145282235462, 0.00130302470643, 0.000656281015836, 0.000355383352144, 0.000249808595981, 0.000129418505821, 7.47984668124e-05, 8.08173135738e-05, 6.44206738798e-05, 0.000112868525321, 6.80302327964e-05, 0.000107937274151, 5.42149609828e-05, 2.72006836894e-05, 3.90968889405e-05, 3.37440251315e-05, 2.7264964956e-05, 2.58029067481e-05, 1.4980620108e-05, 1.44279383676e-05, 8.83617303771e-06, 6.98875328453e-06, 7.57569750931e-06, 1.15088505481e-05, 1.07745991045e-05, 9.49479453993e-06, 1.05361732494e-05, 8.29313194117e-06, 7.85573320172e-06, 7.95535743237e-06, 5.81201447858e-06, 4.43002818429e-06, 3.47217678609e-06]
    },
    "melbands128": {
        "max": [0.018686639145, 0.0466283038259, 0.0522218383849, 0.0475498773158, 0.0291314162314, 0.0282437764108, 0.0326515212655, 0.0359071902931, 0.0246566385031, 0.0209009051323, 0.0311190746725, 0.0201934818178, 0.0151524255052, 0.023569881916, 0.00913431029767, 0.0109107689932, 0.0136335939169, 0.0123348273337, 0.0197410266846, 0.0209604520351, 0.0195006113499, 0.0185034126043, 0.0182523913682, 0.0221823677421, 0.0116918580607, 0.00943550094962, 0.00738376332447, 0.0116958394647, 0.00919658597559, 0.00408831145614, 0.00979701802135, 0.00355418608524, 0.00481011392549, 0.00308206910267, 0.00150781834964, 0.00234793778509, 0.00277725490741, 0.0015510142548, 0.000952178204898, 0.00052704726113, 0.000900569895748, 0.00256711756811, 0.00264957570471, 0.00161745818332, 0.00232493551448, 0.0022327657789, 0.00211733416654, 0.00290942005813, 0.00241614878178, 0.00207834667526, 0.00107562006451, 0.000945159757975, 0.000312238436891, 0.000492120918352, 0.000874090823345, 0.00141565618105, 0.000726374157239, 0.000964308332186, 0.000848484167363, 0.000528412812855, 0.000642924103886, 0.000435575348092, 0.000409905303968, 0.000948474567849, 0.000352384027792, 0.000276851002127, 0.000403838959755, 0.000347477936884, 0.000387393549317, 0.00014072562044, 0.000123072299175, 0.000230020712479, 9.87599050859e-05, 8.78630016814e-05, 8.28368065413e-05, 8.94397526281e-05, 9.12096729735e-05, 0.00011106076272, 0.000224810908549, 0.000291522825137, 0.000146068297909, 0.000214543993934, 0.000134552319651, 0.000183206706424, 0.000128134124679, 0.000186387464055, 0.000172633313923, 0.000197175802896, 0.000122588564409, 0.000134752102895, 0.000106015249912, 0.000213393883314, 0.000157419781317, 0.000126674582134, 0.00014886027202, 8.04731098469e-05, 9.78334719548e-05, 7.47436497477e-05, 5.47960953554e-05, 6.19580823695e-05, 8.95544944797e-05, 5.30668767169e-05, 4.54274922959e-05, 4.7390396503e-05, 3.78262011509e-05, 2.40795361606e-05, 1.90706286958e-05, 2.04423376999e-05, 2.25342082558e-05, 1.6111338482e-05, 1.37738679769e-05, 1.10411956484e-05, 1.39447556649e-05, 1.08017084131e-05, 1.10376131488e-05, 9.86722261587e-06, 4.7557950893e-06, 2.13198191545e-07, 4.51448329386e-07, 4.01911279369e-07, 3.72409601823e-07, 1.56194261081e-07, 1.26081076246e-07, 7.83980169672e-09, 8.737575663e-10, 8.02678146172e-10, 7.79034670106e-10, 7.70673969086e-10],
        "mean": [0.00189761375077, 0.00645658979192, 0.00966440327466, 0.00746300630271, 0.00339929270558, 0.00143191567622, 0.00117581291124, 0.0010547360871, 0.00075017468771, 0.000679429038428, 0.000793234677985, 0.000808780547231, 0.00105297169648, 0.000945409701671, 0.000406122213462, 0.000192364066606, 0.000203655465157, 0.000356047530659, 0.00064988451777, 0.000745733093936, 0.000594492652453, 0.00055959407473, 0.000750600476749, 0.000627525500022, 0.000355720549123, 0.000287425937131, 0.000164083976415, 0.00015169022663, 0.000115428330901, 0.000131784414407, 0.000112585228635, 8.14042869024e-05, 6.05249042565e-05, 7.56194567657e-05, 3.70314410247e-05, 4.37109483755e-05, 5.49289725313e-05, 4.35450638179e-05, 4.06106082664e-05, 3.93233494833e-05, 4.58164140582e-05, 4.91323844471e-05, 6.05117529631e-05, 4.58063695987e-05, 2.85200512735e-05, 2.79167070403e-05, 3.93714035454e-05, 5.24941751792e-05, 3.41437626048e-05, 2.58731524809e-05, 4.50523803011e-05, 2.97606165987e-05, 1.56533915288e-05, 1.84223536053e-05, 2.24673458433e-05, 2.02135124709e-05, 1.86044726433e-05, 1.975277155e-05, 2.05531086976e-05, 1.90526170627e-05, 1.60687777679e-05, 1.62387677847e-05, 1.72092350113e-05, 1.3346497326e-05, 9.97009010462e-06, 9.79768356046e-06, 1.00259212559e-05, 8.87902297109e-06, 7.80561822467e-06, 7.35684261599e-06, 5.98011092734e-06, 9.02495685295e-06, 5.83349856242e-06, 5.30840634383e-06, 5.23330754731e-06, 6.11839413978e-06, 7.04121066519e-06, 7.71072245698e-06, 9.45375632e-06, 9.23977950151e-06, 8.69481573318e-06, 8.05034596851e-06, 7.20909383745e-06, 6.88823729433e-06, 7.57854968469e-06, 7.22973754819e-06, 7.43553437133e-06, 5.85049383517e-06, 5.68655013922e-06, 4.83643680127e-06, 4.69837732453e-06, 4.57394207842e-06, 5.09814663019e-06, 4.96673874295e-06, 5.26677695234e-06, 4.09492577091e-06, 3.5941227452e-06, 3.31854425895e-06, 3.18609227179e-06, 2.94178539662e-06, 2.51798860518e-06, 2.30659748013e-06, 2.76181117442e-06, 3.09747815663e-06, 2.48429228122e-06, 1.77800723122e-06, 1.56717510436e-06, 1.29606667088e-06, 1.43879810821e-06, 1.14593194667e-06, 1.16843750675e-06, 1.05633000658e-06, 1.04786556676e-06, 9.39014569212e-07, 7.834785265e-07, 5.82291306728e-07, 1.97987361616e-07, 9.54474543846e-09, 9.66126290081e-09, 9.59987644933e-09, 9.42688771488e-09, 8.33095725739e-09, 5.50814593936e-09, 1.36302205633e-10, 6.70540055772e-12, 6.51316457365e-12, 6.40586628881e-12, 6.35884357322e-12],
        "min": [2.48457829831e-13, 2.48457829831e-13, 2.48457829831e-13, 2.48457802726e-13, 2.48457829831e-13, 2.48457829831e-13, 2.48457829831e-13, 2.48457829831e-13, 2.48457802726e-13, 2.48457829831e-13, 2.48457829831e-13, 2.48457829831e-13, 2.48457829831e-13, 2.48457856936e-13, 2.48457856936e-13, 2.48457829831e-13, 2.48457829831e-13, 2.48457829831e-13, 2.48457829831e-13, 2.48457829831e-13, 2.48457856936e-13, 2.48457829831e-13, 2.48457829831e-13, 2.48457829831e-13, 2.48457829831e-13, 2.48457829831e-13, 2.48457829831e-13, 2.48457829831e-13, 2.48457829831e-13, 2.48457829831e-13, 2.48457829831e-13, 2.48457829831e-13, 2.48457829831e-13, 2.48457829831e-13, 2.48457856936e-13, 2.48457802726e-13, 2.48457829831e-13, 2.48457829831e-13, 2.48457829831e-13, 2.48457829831e-13, 2.48457829831e-13, 2.48457856936e-13, 2.48457829831e-13, 2.48457829831e-13, 2.48457829831e-13, 2.48457829831e-13, 2.48457856936e-13, 2.48457829831e-13, 2.48457856936e-13, 2.48457856936e-13, 2.48457829831e-13, 2.48457829831e-13, 2.48457829831e-13, 2.48457802726e-13, 2.48457829831e-13, 2.48457829831e-13, 2.48457829831e-13, 2.48457829831e-13, 2.48457802726e-13, 2.48457802726e-13, 2.48457802726e-13, 2.48457829831e-13, 2.48457856936e-13, 2.48457829831e-13, 2.48457829831e-13, 2.48457829831e-13, 2.48457829831e-13, 2.48457802726e-13, 2.48457829831e-13, 2.48457829831e-13, 2.48457829831e-13, 2.48457829831e-13, 2.48457829831e-13, 2.48457829831e-13, 2.48457829831e-13, 2.48457829831e-13, 2.48457856936e-13, 2.48457802726e-13, 2.48457829831e-13, 2.48457802726e-13, 2.48457856936e-13, 2.48457829831e-13, 2.48457856936e-13, 2.48457829831e-13, 2.48457802726e-13, 2.48457829831e-13, 2.48457856936e-13, 2.48457829831e-13, 2.48457802726e-13, 2.48457856936e-13, 2.48457802726e-13, 2.48457856936e-13, 2.48457775621e-13, 2.48457856936e-13, 2.48457775621e-13, 2.48457829831e-13, 2.48457829831e-13, 2.48457829831e-13, 2.48457829831e-13, 2.48457856936e-13, 2.48457856936e-13, 2.48457856936e-13, 2.48457829831e-13, 2.48457829831e-13, 2.48457856936e-13, 2.48457802726e-13, 2.48457802726e-13, 2.48457856936e-13, 2.48457802726e-13, 2.48457884041e-13, 1.85020699933e-13, 2.48457856936e-13, 1.64340722563e-13, 9.8851069203e-14, 9.30812095153e-14, 1.02340309621e-13, 7.94194489903e-14, 9.88988283087e-14, 8.42548483781e-14, 8.33906918128e-14, 8.67249387538e-14, 8.00358179254e-14, 8.0801542486e-14, 9.3181979331e-14, 6.48189794482e-14, 2.07174246969e-14, 2.45286130207e-15, 9.91121721912e-17],
        "stdev": [0.00300481519662, 0.00795210897923, 0.00921798869967, 0.00672867195681, 0.00415126653388, 0.00251558725722, 0.00290508917533, 0.00290762493387, 0.00195058714598, 0.00158549658954, 0.00206653703935, 0.0017680110177, 0.00201659929007, 0.00208827806637, 0.000871144118719, 0.000452377455076, 0.000623327156063, 0.00100324477535, 0.00202517583966, 0.00223248125985, 0.00179274764378, 0.00166333408561, 0.00194658851251, 0.00172935798764, 0.000935943680815, 0.000816222280264, 0.000476344284834, 0.000514060200658, 0.000393197522499, 0.000343702384271, 0.000354160962161, 0.000235732790316, 0.000174168046215, 0.000154812078108, 7.33510387363e-05, 9.31703834794e-05, 0.000154527340783, 0.000103740436316, 7.44873977965e-05, 5.76618076593e-05, 7.58609894547e-05, 0.000146436592331, 0.000191751052625, 0.000110056658741, 9.19889789657e-05, 8.84016990312e-05, 0.000129842635943, 0.000197195011424, 0.000114260175906, 8.36082253954e-05, 8.18691914901e-05, 5.72724566155e-05, 2.74927806458e-05, 3.41392333212e-05, 5.65497757634e-05, 5.96089339524e-05, 4.76279055874e-05, 5.38582607987e-05, 4.71111743536e-05, 3.38008976541e-05, 4.13875568483e-05, 3.74361225113e-05, 3.40677688655e-05, 4.21392287535e-05, 2.09485424421e-05, 1.71900665009e-05, 2.28169574257e-05, 1.91235994862e-05, 1.87092173292e-05, 1.21012117233e-05, 8.85422832653e-06, 1.34764432005e-05, 8.60384716361e-06, 7.29189105186e-06, 7.74616819399e-06, 8.60617637954e-06, 8.77633556229e-06, 1.13745099952e-05, 1.41689088196e-05, 1.45678986883e-05, 1.17660456453e-05, 1.24150456031e-05, 1.07067726276e-05, 1.03731254057e-05, 1.06438101284e-05, 1.14427193694e-05, 1.29440913952e-05, 1.06944571598e-05, 8.82349286258e-06, 7.86965483712e-06, 7.99037206889e-06, 8.86878387973e-06, 9.57521024247e-06, 8.51855384099e-06, 9.23723382584e-06, 6.57506461721e-06, 6.10268398304e-06, 5.07826916873e-06, 5.02467355545e-06, 4.4450284804e-06, 4.29764077126e-06, 3.42124508279e-06, 3.59265186489e-06, 4.56371208202e-06, 3.33512957695e-06, 2.21447430704e-06, 1.89522484106e-06, 1.79413393653e-06, 1.77141419044e-06, 1.53933990532e-06, 1.45084129599e-06, 1.25350129565e-06, 1.22073686271e-06, 1.2036298358e-06, 1.06020036128e-06, 8.41711198518e-07, 3.31687431299e-07, 2.11431867569e-08, 2.68456474828e-08, 2.45923015285e-08, 2.58164387645e-08, 1.98606198154e-08, 1.39400162524e-08, 6.03237959584e-10, 2.30066625473e-11, 2.15692116945e-11, 2.10731310873e-11, 2.08743734104e-11]
    },
    "mfcc": {
        "mean": [-602.921875, 98.5424346924, 27.251411438, 18.7108860016, 5.65598154068, 9.90351486206, -0.455547749996, 10.2970781326, 8.08381271362, 6.6855635643, 7.37623405457, 4.2947177887, 1.12057697773],
        "cov": [[3496.80078125, -287.71081543, -15.4385070801, 37.1224937439, 166.731933594, -72.5498504639, 55.1930847168, -36.7760887146, -85.4421157837, -9.57598686218, 77.0376205444, -3.15870761871, -52.3084831238], [-287.71081543, 411.438568115, 48.5958023071, 36.5424575806, -7.24523735046, -3.94704818726, -8.01271438599, 9.55513763428, 54.5323143005, 40.3723678589, 29.1196804047, 12.8680992126, 2.49435353279], [-15.4385070801, 48.5958023071, 349.178314209, 65.0383987427, 14.4616699219, 1.70345020294, 37.8115158081, 44.9706764221, 40.6062393188, 1.33199524879, 10.164806366, 1.84892976284, 3.18528938293], [37.1224937439, 36.5424575806, 65.0383987427, 221.442779541, 144.390716553, 57.2563514709, 7.58391094208, -2.45612025261, 16.7728672028, 8.77683067322, -27.4094753265, -27.2917003632, 15.9163141251], [166.731933594, -7.24523735046, 14.4616699219, 144.390716553, 334.338653564, 130.043670654, 36.2204780579, -14.9600877762, -11.2141885757, -10.4008159637, -45.2838973999, -26.9654922485, -5.3714928627], [-72.5498504639, -3.94704818726, 1.70345020294, 57.2563514709, 130.043670654, 197.973800659, 76.5486679077, 2.00500440598, 6.31922340393, 5.24184989929, -25.6146507263, -0.211541682482, 24.5384483337], [55.1930847168, -8.01271438599, 37.8115158081, 7.58391094208, 36.2204780579, 76.5486679077, 148.601898193, 61.8722381592, 11.2842769623, -2.49060440063, 16.2771110535, 20.0531597137, 15.1099052429], [-36.7760887146, 9.55513763428, 44.9706764221, -2.45612025261, -14.9600877762, 2.00500440598, 61.8722381592, 144.58644104, 45.2503242493, -5.25308609009, 43.0141830444, 21.4292049408, 1.80637049675], [-85.4421157837, 54.5323143005, 40.6062393188, 16.7728672028, -11.2141885757, 6.31922340393, 11.2842769623, 45.2503242493, 128.313461304, 61.2496604919, 31.2088871002, 38.8688774109, 33.8254928589], [-9.57598686218, 40.3723678589, 1.33199524879, 8.77683067322, -10.4008159637, 5.24184989929, -2.49060440063, -5.25308609009, 61.2496604919, 100.635620117, 42.9397201538, 32.1962738037, 29.754529953], [77.0376205444, 29.1196804047, 10.164806366, -27.4094753265, -45.2838973999, -25.6146507263, 16.2771110535, 43.0141830444, 31.2088871002, 42.9397201538, 128.023254395, 59.8302268982, 4.04849433899], [-3.15870761871, 12.8680992126, 1.84892976284, -27.2917003632, -26.9654922485, -0.211541682482, 20.0531597137, 21.4292049408, 38.8688774109, 32.1962738037, 59.8302268982, 92.6626052856, 42.8839530945], [-52.3084831238, 2.49435353279, 3.18528938293, 15.9163141251, -5.3714928627, 24.5384483337, 15.1099052429, 1.80637049675, 33.8254928589, 29.754529953, 4.04849433899, 42.8839530945, 95.318572998]],
        "icov": [[0.00035072278115, 0.000251418037806, 2.74682406598e-06, -4.20522410423e-05, -0.000308263959596, 0.000416799739469, -0.000343904481269, 0.000248513708357, 0.000103333499283, -5.96724712523e-05, -0.000391094363295, 8.68688657647e-05, 7.74403160904e-05], [0.000251418037806, 0.00286918482743, -0.000220388785237, -0.00052833580412, -1.96075166059e-06, 0.000208243378438, -5.7819266658e-05, 0.000383955833968, -0.000837535422761, -0.000456880574347, -0.000677510397509, 8.06140888017e-05, 0.000538986583706], [2.74682406598e-06, -0.000220388785237, 0.00335417268798, -0.00116608350072, 0.00023745346698, 0.000487035606056, -0.000943531049415, -0.000263414753135, -0.00103596400004, 0.000679209129885, -0.000115431168524, 0.000117644041893, 0.000240044973907], [-4.20522410423e-05, -0.00052833580412, -0.00116608350072, 0.00759294442832, -0.0031279202085, -0.000145295372931, 0.000760114286095, -0.000278407213045, -0.000639779609628, -0.000473190768389, -0.000350333517417, 0.00314492499456, -0.00251751462929], [-0.000308263959596, -1.96075166059e-06, 0.00023745346698, -0.0031279202085, 0.00582662876695, -0.00320976949297, 0.000245496572461, 5.30510551471e-05, 0.000235811210587, 0.000194315420231, 0.00117678474635, -0.00104241084773, 0.00173464801628], [0.000416799739469, 0.000208243378438, 0.000487035606056, -0.000145295372931, -0.00320976949297, 0.00957537535578, -0.00496164057404, 0.00140199624002, -0.000305033812765, -0.000728556595277, 0.000775880995207, 0.000348475499777, -0.00150877365377], [-0.000343904481269, -5.7819266658e-05, -0.000943531049415, 0.000760114286095, 0.000245496572461, -0.00496164057404, 0.0117843234912, -0.00506201805547, 0.00168002361897, -0.000155579939019, 0.000127836407046, -0.00152104755398, -0.000632317678537], [0.000248513708357, 0.000383955833968, -0.000263414753135, -0.000278407213045, 5.30510551471e-05, 0.00140199624002, -0.00506201805547, 0.0122918765992, -0.00576177425683, 0.00520129874349, -0.00453277304769, 0.00154124642722, 0.000313326338073], [0.000103333499283, -0.000837535422761, -0.00103596400004, -0.000639779609628, 0.000235811210587, -0.000305033812765, 0.00168002361897, -0.00576177425683, 0.0155513202772, -0.00897962413728, 0.00284733902663, -0.00380365666933, -0.000970497610979], [-5.96724712523e-05, -0.000456880574347, 0.000679209129885, -0.000473190768389, 0.000194315420231, -0.000728556595277, -0.000155579939019, 0.00520129874349, -0.00897962413728, 0.0192061495036, -0.00677284225821, 0.00170913536567, -0.00312994024716], [-0.000391094363295, -0.000677510397509, -0.000115431168524, -0.000350333517417, 0.00117678474635, 0.000775880995207, 0.000127836407046, -0.00453277304769, 0.00284733902663, -0.00677284225821, 0.0165018904954, -0.0104120597243, 0.00488495687023], [8.68688657647e-05, 8.06140888017e-05, 0.000117644041893, 0.00314492499456, -0.00104241084773, 0.000348475499777, -0.00152104755398, 0.00154124642722, -0.00380365666933, 0.00170913536567, -0.0104120597243, 0.0236353632063, -0.00979512743652], [7.74403160904e-05, 0.000538986583706, 0.000240044973907, -0.00251751462929, 0.00173464801628, -0.00150877365377, -0.000632317678537, 0.000313326338073, -0.000970497610979, -0.00312994024716, 0.00488495687023, -0.00979512743652, 0.0170331411064]]
    },
    "spectral_contrast_coeffs": {
        "max": [-0.379632860422, -0.471616864204, -0.517453730106, -0.601858139038, -0.61663877964, -0.63342654705],
        "mean": [-0.722947359085, -0.748224198818, -0.776795804501, -0.802200675011, -0.796381831169, -0.764435648918],
        "min": [-1, -1, -1, -1, -1, -1],
        "stdev": [0.0842507407069, 0.0865059345961, 0.0629955604672, 0.0484796501696, 0.0404271483421, 0.0340684242547]
    },
    "spectral_contrast_valleys": {
        "max": [-4.97495698929, -4.93728256226, -5.27101755142, -5.65549707413, -5.81966686249, -7.62572240829],
        "mean": [-6.3080534935, -6.40982055664, -7.13001728058, -7.39996957779, -7.36225366592, -9.27538108826],
        "min": [-16.2501068115, -16.2501068115, -16.2501068115, -16.2501087189, -16.2501087189, -16.2501068115],
        "stdev": [0.829207181931, 0.657146751881, 0.636442065239, 0.672935366631, 0.701424896717, 0.80009663105]
    }
},
"rhythm": {
    "beats_count": 91,
    "beats_loudness": {
        "max": 0.109174825251,
        "mean": 0.0686060786247,
        "min": 9.22812832869e-05,
        "stdev": 0.0194419585168
    },
    "bpm": 120.993507385,
    "bpm_histogram_first_peak_bpm": 120,
    "bpm_histogram_first_peak_weight": 0.348314642906,
    "bpm_histogram_second_peak_bpm": 129,
    "bpm_histogram_second_peak_spread": 0,
    "bpm_histogram_second_peak_weight": 0.0111111113802,
    "danceability": 1.25705063343,
    "onset_rate": 3.99744582176,
    "beats_loudness_band_ratio": {
        "max": [0.96568441391, 0.636584460735, 0.686032414436, 0.35390034318, 0.237342208624, 0.282538950443],
        "mean": [0.576158046722, 0.124385789037, 0.165622442961, 0.0588187538087, 0.0452472753823, 0.0516158789396],
        "min": [0.0017445870908, 0.00889427866787, 0.00709180114791, 0.00494387885556, 0.00275802030228, 0.00528933666646],
        "stdev": [0.203800871968, 0.108138263226, 0.17643006146, 0.0744472593069, 0.0442871749401, 0.0460039675236]
    },
