{
"metadata": {
    "version": {
        "essentia": "2.1-beta5",
        "essentia_git_sha": "Undefined",
        "extractor": "music 2.0"
    },
    "audio_properties": {
        "analysis": {
            "equal_loudness": 0,
            "length": 32.4963264465,
            "sample_rate": 44100,
            "start_time": 142.744674683,
            "downmix": "mix"
        },
        "bit_rate": 192000,
        "length": 211.568618774,
        "lossless": 0,
        "number_channels": 2,
        "replay_gain": -5.20948982239,
        "sample_rate": 48000,
        "codec": "mp3",
        "md5_encoded": "8af95a33b08d4c68740910597bcf380b"
    },
    "tags": {
        "file_name": "Germany_Standing Still_Roman Lob.mp3",
        "encoding": ["Lavf58.29.100"]
    }
},
"lowlevel": {
    "average_loudness": 0.980919420719,
    "barkbands_crest": {
        "max": 23.2457942963,
        "mean": 9.69209194183,
        "min": 2.32702493668,
        "stdev": 4.38138484955
    },
    "barkbands_flatness_db": {
        "max": 0.253274291754,
        "mean": 0.136961847544,
        "min": 0.0480590425432,
        "stdev": 0.0404926203191
    },
    "barkbands_kurtosis": {
        "max": 19.665063858,
        "mean": 1.13807463646,
        "min": -1.93024945259,
        "stdev": 2.93222379684
    },
    "barkbands_skewness": {
        "max": 4.32426214218,
        "mean": 1.01461648941,
        "min": -1.7837151289,
        "stdev": 0.852948129177
    },
    "barkbands_spread": {
        "max": 107.976013184,
        "mean": 34.6609687805,
        "min": 7.1444029808,
        "stdev": 19.1387500763
    },
    "dissonance": {
        "max": 0.499292641878,
        "mean": 0.459860026836,
        "min": 0.29742410779,
        "stdev": 0.028905723244
    },
    "dynamic_complexity": 1.73840808868,
    "erbbands_crest": {
        "max": 26.4059352875,
        "mean": 9.38007354736,
        "min": 2.34586620331,
        "stdev": 4.43673992157
    },
    "erbbands_flatness_db": {
        "max": 0.256043851376,
        "mean": 0.160509258509,
        "min": 0.0693814903498,
        "stdev": 0.0320311151445
    },
    "erbbands_kurtosis": {
        "max": 14.3313541412,
        "mean": 0.88340318203,
        "min": -1.51143014431,
        "stdev": 2.27283191681
    },
    "erbbands_skewness": {
        "max": 3.10037970543,
        "mean": 0.225191891193,
        "min": -3.63079190254,
        "stdev": 0.838116407394
    },
    "erbbands_spread": {
        "max": 102.698524475,
        "mean": 39.7658805847,
        "min": 8.6548500061,
        "stdev": 16.2917976379
    },
    "hfc": {
        "max": 300.228607178,
        "mean": 49.0112266541,
        "min": 1.05387866497,
        "stdev": 42.8549041748
    },
    "loudness_ebu128": {
        "integrated": -16.0384101868,
        "loudness_range": 2.24503040314,
        "momentary": {
            "max": -14.5280847549,
            "mean": -16.3174362183,
            "min": -21.5732269287,
            "stdev": 1.73180651665
        },
        "short_term": {
            "max": -14.9251375198,
            "mean": -16.0688533783,
            "min": -20.6667327881,
            "stdev": 1.12322056293
        }
    },
    "melbands_crest": {
        "max": 29.3065128326,
        "mean": 14.3015880585,
        "min": 4.94304180145,
        "stdev": 5.1058678627
    },
    "melbands_flatness_db": {
        "max": 0.325314044952,
        "mean": 0.168946400285,
        "min": 0.0494556240737,
        "stdev": 0.0543369874358
    },
    "melbands_kurtosis": {
        "max": 57.985004425,
        "mean": 7.36288118362,
        "min": -1.48977434635,
        "stdev": 8.10861492157
    },
    "melbands_skewness": {
        "max": 6.77335882187,
        "mean": 2.18488788605,
        "min": -0.183803781867,
        "stdev": 1.11969673634
    },
    "melbands_spread": {
        "max": 233.294235229,
        "mean": 37.4780731201,
        "min": 4.91495227814,
        "stdev": 27.346950531
    },
    "pitch_salience": {
        "max": 0.842461526394,
        "mean": 0.503857493401,
        "min": 0.228923469782,
        "stdev": 0.0976538807154
    },
    "silence_rate_20dB": {
        "max": 1,
        "mean": 1,
        "min": 1,
        "stdev": 0
    },
    "silence_rate_30dB": {
        "max": 1,
        "mean": 1,
        "min": 1,
        "stdev": 0
    },
    "silence_rate_60dB": {
        "max": 0,
        "mean": 0,
        "min": 0,
        "stdev": 0
    },
    "spectral_centroid": {
        "max": 5376.70703125,
        "mean": 1638.85986328,
        "min": 454.891448975,
        "stdev": 723.024963379
    },
    "spectral_complexity": {
        "max": 49,
        "mean": 24.7187728882,
        "min": 0,
        "stdev": 8.58232021332
    },
    "spectral_decrease": {
        "max": -1.85261861407e-10,
        "mean": -9.75579883544e-09,
        "min": -2.62116977012e-08,
        "stdev": 3.38426309199e-09
    },
    "spectral_energy": {
        "max": 0.102993413806,
        "mean": 0.0412661097944,
        "min": 0.000794810883235,
        "stdev": 0.0135024283081
    },
    "spectral_energyband_high": {
        "max": 0.0372559055686,
        "mean": 0.00352336722426,
        "min": 3.09712668241e-05,
        "stdev": 0.00530919618905
    },
    "spectral_energyband_low": {
        "max": 0.0850705653429,
        "mean": 0.0150268375874,
        "min": 8.81616360857e-05,
        "stdev": 0.00829210504889
    },
    "spectral_energyband_middle_high": {
        "max": 0.0534425787628,
        "mean": 0.0105759203434,
        "min": 0.000398171920097,
        "stdev": 0.0081880306825
    },
    "spectral_energyband_middle_low": {
        "max": 0.0707241222262,
        "mean": 0.0134983565658,
        "min": 0.00024936941918,
        "stdev": 0.00923063606024
    },
    "spectral_entropy": {
        "max": 8.70472240448,
        "mean": 7.76368999481,
        "min": 6.91966342926,
        "stdev": 0.345917344093
    },
    "spectral_flux": {
        "max": 0.247673258185,
        "mean": 0.102056957781,
        "min": 0.0234395992011,
        "stdev": 0.0396367199719
    },
    "spectral_kurtosis": {
        "max": 11.3263721466,
        "mean": 1.63416945934,
        "min": -1.49778902531,
        "stdev": 1.52567589283
    },
    "spectral_rms": {
        "max": 0.0100240400061,
        "mean": 0.00625869771466,
        "min": 0.000880582316313,
        "stdev": 0.00104324216954
    },
    "spectral_rolloff": {
        "max": 10529.7363281,
        "mean": 2170.10498047,
        "min": 86.1328125,
        "stdev": 2099.91796875
    },
    "spectral_skewness": {
        "max": 2.54750037193,
        "mean": 1.092222929,
        "min": -0.432789385319,
        "stdev": 0.389157056808
    },
    "spectral_spread": {
        "max": 15285465,
        "mean": 5230898,
        "min": 2364740,
        "stdev": 1695255.25
    },
    "spectral_strongpeak": {
        "max": 10.3146448135,
        "mean": 1.36388897896,
        "min": 0,
        "stdev": 1.89539694786
    },
    "zerocrossingrate": {
        "max": 0.32763671875,
        "mean": 0.0804444253445,
        "min": 0.00732421875,
        "stdev": 0.0517882294953
    },
    "barkbands": {
        "max": [0.00188956735656, 0.0649199187756, 0.0322036594152, 0.0292989443988, 0.0263345688581, 0.0355053544044, 0.0447748042643, 0.0396765172482, 0.0379733331501, 0.0483151860535, 0.0147193819284, 0.0267734210938, 0.0262133590877, 0.0194204561412, 0.0216262955219, 0.0186186954379, 0.0141437929124, 0.00404514046386, 0.00627038395032, 0.00697758980095, 0.00436757551506, 0.00637122569606, 0.0172014217824, 0.0196408033371, 0.00871076155454, 0.00258637359366, 5.5253467508e-06],
        "mean": [0.000217493347009, 0.00975881423801, 0.00403994834051, 0.00175395561382, 0.00254015042447, 0.00233895424753, 0.00126322708093, 0.00258028623648, 0.0022753670346, 0.00219729682431, 0.000942099723034, 0.00119741854724, 0.0014225919731, 0.000869532465003, 0.00150889484212, 0.000988855725154, 0.00110106461216, 0.000308143207803, 0.00025108634145, 0.000381787103834, 0.000404698221246, 0.000658202799968, 0.000981147866696, 0.000938979675993, 0.000300540326862, 4.55718582089e-05, 1.42613236775e-08],
        "min": [3.63174059714e-08, 5.26744370291e-05, 8.87149144546e-06, 1.69830695995e-06, 9.83430436463e-06, 3.04114018945e-05, 5.36076731805e-06, 9.26268603507e-06, 3.97649409933e-06, 8.70590974955e-06, 1.12920106403e-05, 8.71924476087e-06, 2.56841622104e-06, 8.56464703247e-06, 5.85498355576e-06, 6.95014114171e-06, 2.39895427967e-07, 1.04286632663e-08, 9.34541510844e-09, 2.0139497181e-08, 4.41781185145e-06, 6.02383806836e-06, 1.50217249484e-06, 2.66307580432e-07, 3.79521969407e-10, 4.31580569893e-11, 5.3588970067e-11],
        "stdev": [0.000247823336395, 0.00738100847229, 0.00493727624416, 0.00310124480166, 0.00304920063354, 0.00249326019548, 0.00277120806277, 0.00425509316847, 0.00454387953505, 0.00494167907164, 0.00133320339955, 0.00267888745293, 0.00310412538238, 0.00173709238879, 0.00237404392101, 0.00194218568504, 0.00152701116167, 0.000347286229953, 0.000350622518454, 0.000556781538762, 0.000462609372335, 0.000730604922865, 0.00142923463136, 0.00239029107615, 0.000973937800154, 0.000182656513061, 1.78797620265e-07]
    },
    "erbbands": {
        "max": [1.71019148827, 15.0119943619, 33.0278930664, 57.1799926758, 82.2486419678, 126.482818604, 336.296264648, 217.115325928, 347.696105957, 1136.08850098, 1111.40783691, 1137.28381348, 1222.14074707, 1605.5625, 499.906707764, 1353.20239258, 1285.30175781, 1115.89550781, 1096.58581543, 727.278991699, 852.00592041, 618.630065918, 222.051101685, 115.4582901, 425.957611084, 242.863708496, 276.648864746, 196.284805298, 210.415100098, 291.632141113, 599.681518555, 507.71105957, 370.050354004, 151.474243164, 51.9379959106, 17.5903911591, 3.9197435379, 0.10169300437, 0.00357115571387, 0.000435807189206],
        "mean": [0.28579044342, 2.18093705177, 4.71961259842, 5.54706716537, 5.16087961197, 9.07607555389, 19.1170711517, 17.5369663239, 14.7606992722, 34.4651870728, 59.9670143127, 58.8594245911, 53.7949180603, 67.3124771118, 36.7952766418, 60.879989624, 57.3612976074, 59.8220863342, 82.0890960693, 58.7918891907, 55.8696479797, 44.2529411316, 20.9845981598, 11.4864835739, 16.6216812134, 17.0250244141, 16.0253887177, 17.1122665405, 23.1651515961, 27.4033031464, 27.8013782501, 20.940952301, 14.4499759674, 5.21380329132, 1.29894351959, 0.375094801188, 0.05053621158, 0.00133969425224, 9.99164840323e-05, 6.50813817629e-05],
        "min": [0.00231374357827, 0.00897415075451, 0.0123371491209, 0.0216682646424, 0.0383011139929, 0.096969075501, 0.199985012412, 0.110640130937, 0.632057487965, 0.388738751411, 0.509324133396, 0.40879753232, 0.858133614063, 0.885357618332, 1.11823308468, 1.07638216019, 0.402909904718, 0.852123320103, 1.06971132755, 0.627064585686, 0.576278209686, 0.049670688808, 0.0182786304504, 0.00420353375375, 0.00491182412952, 0.012742202729, 0.160210043192, 0.196839392185, 0.2564907372, 0.136087685823, 0.0399795845151, 0.0182616524398, 0.00270770909265, 0.000373928662157, 4.66084129584e-05, 1.85346816579e-05, 8.59379542817e-06, 1.23333859392e-06, 5.2445716392e-06, 3.58805550604e-06],
        "stdev": [0.250087887049, 1.66944289207, 4.86924123764, 7.09620094299, 7.82178926468, 12.2141876221, 27.8112258911, 17.7277393341, 25.8625278473, 73.7525253296, 102.239997864, 115.952270508, 115.139427185, 148.088500977, 47.1702423096, 128.1875, 125.493362427, 106.853790283, 129.41758728, 87.7291030884, 85.3116531372, 53.3219604492, 20.7465419769, 11.7684421539, 24.2883338928, 24.1285629272, 20.8382377625, 20.6789894104, 25.5963687897, 31.7756633759, 46.0534210205, 46.0668106079, 41.656463623, 16.7346248627, 4.40233469009, 1.36597597599, 0.227552875876, 0.00555406138301, 0.00024011520145, 4.4065509428e-05]
    },
    "gfcc": {
        "mean": [45.4613609314, 97.8215637207, -131.548629761, 53.1030845642, -73.3031768799, 39.1703453064, -34.735206604, 4.82832384109, -2.59538149834, -4.12011957169, -7.29779243469, -2.66791987419, -2.31582689285],
        "cov": [[1706.96838379, -1041.1739502, 109.410812378, 60.459903717, -194.373641968, 181.686767578, -456.175842285, 140.039855957, -226.716781616, 94.2079238892, -327.109588623, -109.194740295, -194.851791382], [-1041.1739502, 1177.01611328, -439.076599121, -37.8800430298, 154.493789673, -214.90057373, 383.321380615, -193.522750854, 212.176498413, -198.598098755, 255.178787231, -23.4452266693, 100.223251343], [109.410812378, -439.076599121, 551.241577148, -96.2402572632, -86.4281387329, 142.178665161, -128.313140869, 101.809310913, -142.315658569, 137.647583008, -60.6651573181, 114.949768066, -33.3643951416], [60.459903717, -37.8800430298, -96.2402572632, 292.445861816, 35.4767036438, -111.363235474, -52.5094909668, -37.7632827759, 73.5316467285, -36.1743431091, 16.4890995026, -49.9695663452, 61.4450454712], [-194.373641968, 154.493789673, -86.4281387329, 35.4767036438, 196.902282715, -72.2883682251, 63.5780754089, 14.9702157974, -3.15562057495, 0.796649456024, -10.9678688049, 12.2209844589, 17.5618915558], [181.686767578, -214.90057373, 142.178665161, -111.363235474, -72.2883682251, 236.145492554, -15.663476944, 22.0029945374, -54.0690383911, 7.43048429489, -18.9368591309, 5.18251895905, -32.1127281189], [-456.175842285, 383.321380615, -128.313140869, -52.5094909668, 63.5780754089, -15.663476944, 296.316375732, -21.8386440277, 49.4862327576, -53.4444046021, 98.1667404175, 23.0871810913, 25.7264900208], [140.039855957, -193.522750854, 101.809310913, -37.7632827759, 14.9702157974, 22.0029945374, -21.8386440277, 135.735397339, -43.71616745, 78.2939987183, -65.0625076294, 18.3181209564, -18.9321937561], [-226.716781616, 212.176498413, -142.315658569, 73.5316467285, -3.15562057495, -54.0690383911, 49.4862327576, -43.71616745, 210.632995605, -32.2438850403, 73.9233779907, -28.1872463226, 71.8224716187], [94.2079238892, -198.598098755, 137.647583008, -36.1743431091, 0.796649456024, 7.43048429489, -53.4444046021, 78.2939987183, -32.2438850403, 161.860305786, -39.9873962402, 50.3864059448, -6.34877634048], [-327.109588623, 255.178787231, -60.6651573181, 16.4890995026, -10.9678688049, -18.9368591309, 98.1667404175, -65.0625076294, 73.9233779907, -39.9873962402, 163.351089478, 21.2730045319, 59.3685531616], [-109.194740295, -23.4452266693, 114.949768066, -49.9695663452, 12.2209844589, 5.18251895905, 23.0871810913, 18.3181209564, -28.1872463226, 50.3864059448, 21.2730045319, 128.440917969, 16.7821350098], [-194.851791382, 100.223251343, -33.3643951416, 61.4450454712, 17.5618915558, -32.1127281189, 25.7264900208, -18.9321937561, 71.8224716187, -6.34877634048, 59.3685531616, 16.7821350098, 124.673690796]],
        "icov": [[0.00355604221113, 0.000724728975911, 0.00306871230714, -0.00210007163696, 0.00292989984155, -0.00254149152897, 0.00307351537049, -0.00214297883213, 0.00217968947254, -0.000665250117891, 0.00264044594951, -0.000838706735522, 0.00237036379986], [0.000724728975911, 0.0064525892958, 0.000519173336215, 0.00451465975493, -0.00280245137401, 0.00472724251449, -0.00316228717566, 0.00395595561713, -0.00203686021268, 0.00291432300583, -0.00349737447686, 0.00223169871606, -0.000588092952967], [0.00306871230714, 0.000519173336215, 0.00693059340119, -0.00234236498363, 0.00384579971433, -0.00404154835269, 0.00388033501804, -0.00339542352594, 0.00350841507316, -0.00202036695555, 0.00195962912403, -0.00384303531609, 0.00194894254673], [-0.00210007163696, 0.00451465975493, -0.00234236498363, 0.0107824411243, -0.0053177033551, 0.00776818115264, -0.00323861301877, 0.00516979815438, -0.00402319151908, 0.00369647052139, -0.00492037786171, 0.00442351773381, -0.00439557339996], [0.00292989984155, -0.00280245137401, 0.00384579971433, -0.0053177033551, 0.0115367919207, -0.00357249262743, 0.00269360747188, -0.00505864061415, 0.00448593124747, -0.00260098231956, 0.00620972411707, -0.00345475715585, 0.00140398368239], [-0.00254149152897, 0.00472724251449, -0.00404154835269, 0.00776818115264, -0.00357249262743, 0.0128533253446, -0.0056840274483, 0.00505415024236, -0.00330150988884, 0.00419596163556, -0.00503162294626, 0.0043180831708, -0.00299764284864], [0.00307351537049, -0.00316228717566, 0.00388033501804, -0.00323861301877, 0.00269360747188, -0.0056840274483, 0.0109849506989, -0.0063303723, 0.00290624774061, -0.000705429527443, 0.00108065875247, -0.0034718522802, 0.00315130897798], [-0.00214297883213, 0.00395595561713, -0.00339542352594, 0.00516979815438, -0.00505864061415, 0.00505415024236, -0.0063303723, 0.0175379682332, -0.00299058784731, -0.0023997258395, 0.000163790173247, 0.00350796291605, -0.00295165274292], [0.00217968947254, -0.00203686021268, 0.00350841507316, -0.00402319151908, 0.00448593124747, -0.00330150988884, 0.00290624774061, -0.00299058784731, 0.010311992839, -0.00263399584219, 0.0014404815156, -0.000388500688132, -0.00127873220481], [-0.000665250117891, 0.00291432300583, -0.00202036695555, 0.00369647052139, -0.00260098231956, 0.00419596163556, -0.000705429527443, -0.0023997258395, -0.00263399584219, 0.0126673970371, -0.00239171343856, -0.00125464249868, -0.00104639097117], [0.00264044594951, -0.00349737447686, 0.00195962912403, -0.00492037786171, 0.00620972411707, -0.00503162294626, 0.00108065875247, 0.000163790173247, 0.0014404815156, -0.00239171343856, 0.0169975683093, -0.00410054856911, -0.000974979309831], [-0.000838706735522, 0.00223169871606, -0.00384303531609, 0.00442351773381, -0.00345475715585, 0.0043180831708, -0.0034718522802, 0.00350796291605, -0.000388500688132, -0.00125464249868, -0.00410054856911, 0.0144353220239, -0.00329596549273], [0.00237036379986, -0.000588092952967, 0.00194894254673, -0.00439557339996, 0.00140398368239, -0.00299764284864, 0.00315130897798, -0.00295165274292, -0.00127873220481, -0.00104639097117, -0.000974979309831, -0.00329596549273, 0.0144091676921]]
    },
    "melbands": {
        "max": [0.0177129339427, 0.0180319026113, 0.00954494345933, 0.00694165145978, 0.00935686845332, 0.00500385649502, 0.00621322542429, 0.0103865759447, 0.00877136550844, 0.00675556529313, 0.00611625798047, 0.00737957749516, 0.00178379402496, 0.00322289695032, 0.00279856706038, 0.00312359025702, 0.00248064170592, 0.00180102209561, 0.00198049773462, 0.00161172926892, 0.000928860681597, 0.000914352131076, 0.000398034782847, 0.000188803081983, 8.49879070302e-05, 0.000303157255985, 0.000261918234173, 0.000226250296691, 0.000230835212278, 0.000131833789055, 0.000123597113998, 0.000125669510453, 0.000156027599587, 0.000190777951502, 0.000393249647459, 0.000282626744593, 0.000350141897798, 0.000276018836303, 0.000291345757432, 0.000117752337246],
        "mean": [0.00267277169041, 0.00254650297575, 0.000946797721554, 0.000473076623166, 0.00062981172232, 0.000393200869439, 0.000241890258621, 0.000406407983974, 0.000483679003082, 0.00035904237302, 0.000262814457528, 0.000278518302366, 0.000107629864942, 0.000155745263328, 0.000125896796817, 0.00013718358241, 0.000101967983937, 0.000121522491099, 9.52743648668e-05, 8.33602607599e-05, 6.74645707477e-05, 5.60454791412e-05, 2.45102855843e-05, 1.37904517032e-05, 8.2405140347e-06, 1.0570656741e-05, 1.34907759275e-05, 1.09981137939e-05, 9.54284314503e-06, 9.96449489321e-06, 9.87282055576e-06, 1.3068836779e-05, 1.32641443997e-05, 1.60703020811e-05, 1.63977238117e-05, 1.39967587529e-05, 1.2462273844e-05, 1.08407093649e-05, 7.43949794924e-06, 3.35921936312e-06],
        "min": [1.97892150027e-05, 8.13098358776e-06, 4.93754077979e-06, 2.42818236984e-06, 5.84777899348e-06, 2.83801750811e-06, 4.25910502599e-06, 3.25796236211e-06, 2.1828914214e-06, 9.06544357804e-07, 1.4493391518e-06, 1.64479808973e-06, 1.73344676568e-06, 1.79696473879e-06, 9.40174288644e-07, 3.95930072727e-07, 9.54933966568e-07, 1.18363220736e-06, 3.75214938231e-07, 1.15926489741e-07, 2.88504452328e-07, 1.87723738776e-08, 1.64952917991e-09, 3.90244336845e-10, 2.32663818767e-10, 1.56640797555e-10, 4.37196182035e-11, 7.29019788981e-10, 3.47524924393e-08, 7.45915968992e-08, 9.24642549194e-08, 1.13672548707e-07, 9.22977463347e-08, 7.64366134831e-08, 1.65163474009e-08, 5.97499605348e-09, 1.93449745112e-09, 4.8736570335e-10, 1.54776139821e-11, 2.949187769e-12],
        "stdev": [0.00211706524715, 0.00187081063632, 0.00116175576113, 0.000607406313065, 0.00082555267727, 0.000385169376386, 0.000449150364147, 0.000819739827421, 0.000887407397386, 0.000732906803023, 0.000581940286793, 0.000669318134896, 0.000147735772771, 0.000335396180162, 0.000284146051854, 0.000288819544949, 0.00020194274839, 0.000203518909984, 0.000152386157424, 0.000174222281203, 0.000109604559839, 7.67273231759e-05, 2.8689391911e-05, 1.52504835569e-05, 9.22904018807e-06, 1.63533040904e-05, 2.13112580241e-05, 1.82071689778e-05, 1.42255821629e-05, 1.28179153762e-05, 1.28223737192e-05, 1.49869110828e-05, 1.62043470482e-05, 1.91565377463e-05, 2.71445351245e-05, 2.70748587354e-05, 2.98806298815e-05, 3.06604233629e-05, 2.47386979026e-05, 1.1275849829e-05]
    },
    "melbands128": {
        "max": [0.00187518226448, 0.0103411758319, 0.0306390020996, 0.0267935600132, 0.0207051225007, 0.0146320015192, 0.0144095942378, 0.0139626525342, 0.0092143798247, 0.0115742664784, 0.00867478456348, 0.00863165128976, 0.0171446464956, 0.0139973014593, 0.00694289943203, 0.00531668867916, 0.00450483383611, 0.0100359823555, 0.0119319800287, 0.0209346450865, 0.0117675261572, 0.00832154694945, 0.0171531774104, 0.0139825921506, 0.0135737387463, 0.0100165558979, 0.00863298587501, 0.012383251451, 0.00573884230107, 0.0172750223428, 0.00483248988166, 0.00343707902357, 0.00317173800431, 0.00375979044475, 0.00272659095936, 0.00697084562853, 0.00524982949719, 0.00250999070704, 0.00801797956228, 0.00400034943596, 0.00683030765504, 0.00547024002299, 0.00469035422429, 0.00278373225592, 0.00227466202341, 0.00401467643678, 0.00360246188939, 0.00428886711597, 0.00202440470457, 0.00203222106211, 0.00313135143369, 0.00363398087211, 0.000580624910071, 0.00251621077769, 0.00198094453663, 0.00147457665298, 0.00069976481609, 0.000747848593164, 0.000353941257345, 0.000286128604785, 0.000206522803637, 0.000177746667759, 0.000124402664369, 8.22705696919e-05, 0.000167248304933, 0.000362608057912, 0.000613649259321, 0.000665423518512, 0.000274583493592, 0.000363861676306, 0.000343166146195, 0.000544291222468, 0.000523494964, 0.000170391256688, 0.00031296510133, 0.00032746521174, 0.000151117521455, 0.000199841073481, 0.000143468540045, 0.000182464078534, 0.000143970857607, 0.000194448439288, 0.000198115623789, 0.000230101082707, 0.000184997421457, 0.000199264046387, 0.000250262382906, 0.000313178665238, 0.000506550597493, 0.000555032747798, 0.000299230887322, 0.000344873347785, 0.000637479359284, 0.000505635107402, 0.000407813553466, 0.000483777490444, 0.000296351208817, 0.000472511834232, 0.000328977970639, 0.00026568226167, 0.000169427119545, 0.000142668388435, 0.000109717388113, 0.000107514722913, 5.10115642101e-05, 6.63243044983e-05, 3.86409119528e-05, 4.62206298835e-05, 3.81739046134e-05, 4.13303096138e-05, 4.65241137135e-05, 1.96140154003e-05, 6.43912471787e-06, 7.94696688899e-07, 6.55626820389e-07, 3.09104592588e-07, 1.05416681606e-07, 2.59498378341e-08, 2.51339411506e-08, 2.44932216731e-08, 2.38946817888e-08, 2.32907400033e-08, 2.28440111272e-08, 2.23894005558e-08, 2.210033756e-08, 2.18049489575e-08, 2.16214193216e-08, 2.1495576874e-08],
        "mean": [0.000194959837245, 0.00202809483744, 0.0040337909013, 0.00336365378462, 0.00263450643979, 0.0018157325685, 0.00116235099267, 0.000786718155723, 0.000447977363365, 0.000406576436944, 0.000497209315654, 0.000628848210908, 0.000764481839724, 0.000496019842103, 0.000449508224847, 0.000307548645651, 0.000186467703315, 0.000209997713682, 0.00034596119076, 0.000384839833714, 0.000433088629507, 0.000445456942543, 0.000619963335339, 0.000338147918228, 0.000374865572667, 0.00040476481081, 0.000190374019439, 0.000314967386657, 0.000173330161488, 0.000427390623372, 0.000268824223895, 0.000112844121759, 7.28236773284e-05, 0.000149912055349, 6.07058645983e-05, 0.000243606380536, 0.000172790765646, 6.68161301292e-05, 0.000165865771123, 8.97945792531e-05, 0.000148056773469, 0.000171577921719, 9.43788691075e-05, 8.24063899927e-05, 4.84155752929e-05, 0.000154736510012, 0.000180047354661, 0.000106860941742, 4.29576430179e-05, 6.36968034087e-05, 0.000133629087941, 4.81229290017e-05, 2.21965565288e-05, 0.000107894018583, 0.00010636778461, 3.50349982909e-05, 2.7683468943e-05, 3.21054758388e-05, 1.90950740944e-05, 2.00733247766e-05, 1.40988413477e-05, 8.24143171485e-06, 9.81861558103e-06, 7.67423898651e-06, 7.14442285243e-06, 1.060568502e-05, 1.25649585243e-05, 1.28773863253e-05, 1.6610521925e-05, 9.58387954597e-06, 1.0028296856e-05, 1.33937419378e-05, 8.67698781803e-06, 8.17083218863e-06, 1.09059601527e-05, 1.065066499e-05, 9.34202034841e-06, 9.27577457333e-06, 9.46176533034e-06, 1.04811724668e-05, 1.38004015753e-05, 1.3408630366e-05, 1.33164012368e-05, 1.24191074065e-05, 1.37199886012e-05, 1.67295766005e-05, 1.6653793864e-05, 1.55941634148e-05, 1.66133195307e-05, 1.75614459295e-05, 1.3869029317e-05, 1.34760994115e-05, 1.26956483655e-05, 1.25414408103e-05, 1.24983052956e-05, 1.13880741992e-05, 1.05268718471e-05, 9.94284528133e-06, 8.25706592877e-06, 5.86480609854e-06, 4.28380781159e-06, 3.01352929455e-06, 2.10752182284e-06, 1.64590073837e-06, 1.33018136239e-06, 1.07256676074e-06, 9.36007666041e-07, 7.41656663195e-07, 6.33740228295e-07, 4.70830769927e-07, 4.09360325193e-07, 2.46309468821e-07, 7.53971249878e-08, 2.70432432004e-09, 1.67601388323e-09, 1.53736279263e-09, 4.09800360313e-10, 2.72144130148e-11, 2.621698518e-11, 2.55060694787e-11, 2.48519121948e-11, 2.42423581209e-11, 2.3755698797e-11, 2.32804105854e-11, 2.28904100535e-11, 2.24599523008e-11, 2.21975372111e-11, 2.20578364601e-11],
        "min": [8.31055579908e-09, 9.81236439657e-07, 2.57398869508e-06, 1.37301876748e-05, 7.51149491407e-06, 3.93655864173e-06, 2.35701008933e-06, 7.23562948224e-07, 1.55526390699e-06, 1.62265553172e-06, 9.25122208173e-07, 5.50077686512e-07, 1.07942028649e-07, 2.27478403758e-06, 7.60713874115e-07, 6.00456758093e-07, 4.52052347555e-07, 2.761036626e-07, 9.9430485534e-07, 3.9236041971e-07, 1.91448435771e-07, 3.64356765203e-07, 3.29982782432e-07, 2.79499886346e-07, 1.99031774173e-07, 1.80140034445e-07, 2.67440924517e-07, 1.19697219247e-07, 3.03098516952e-07, 4.18826232362e-07, 8.82593042206e-07, 6.25887366823e-07, 1.76425075438e-07, 7.644620581e-08, 2.17310955009e-07, 2.65314383796e-07, 1.09555330141e-07, 3.41843957585e-08, 1.64514055712e-08, 7.86070089021e-08, 4.08878378266e-07, 1.74466265435e-07, 1.82695785611e-07, 2.79616472199e-07, 1.10053647973e-07, 5.47822232022e-08, 4.88908028728e-07, 2.81130621005e-08, 2.56797481057e-08, 8.55463184735e-08, 2.23342873085e-08, 7.62522400777e-09, 1.25061241363e-08, 1.26587842431e-08, 1.99490983732e-08, 2.16811706366e-08, 7.22310211643e-09, 7.03468838736e-10, 7.61697649398e-10, 4.60486732079e-10, 8.04380034802e-11, 1.69160921382e-10, 2.23393206711e-10, 2.19986931449e-10, 6.27180044011e-11, 1.3541467947e-10, 3.87832023441e-11, 3.77715220212e-11, 3.86951061471e-11, 4.37619523952e-11, 5.03963926146e-10, 1.10027997824e-09, 1.53947787851e-09, 6.09912564897e-10, 3.26706928178e-09, 4.91920559842e-10, 6.95009161333e-09, 1.89940099204e-08, 3.60698537705e-09, 7.4950721185e-09, 5.63969813072e-08, 6.09050871958e-08, 7.52384750058e-08, 6.88756829348e-09, 3.90243322101e-08, 3.24377253946e-08, 5.11728686092e-08, 2.78069958171e-08, 5.9565365973e-09, 7.75625697003e-09, 4.25999546749e-09, 1.57853008442e-09, 1.25462118472e-09, 6.19217066511e-10, 2.7634636246e-10, 1.03643364724e-10, 1.54878158909e-11, 1.77325619466e-11, 1.23052653137e-11, 2.92969446446e-12, 6.79588059004e-13, 3.50308757696e-13, 2.99452249022e-13, 3.26656616253e-13, 2.12651321248e-13, 2.6081646066e-13, 2.9379705049e-13, 3.20487939572e-13, 1.41593103887e-13, 1.25404271386e-13, 2.80618789924e-13, 2.52070987781e-13, 1.73776547622e-13, 1.85305262346e-13, 2.11399311684e-13, 1.95970789509e-13, 1.45299367698e-13, 1.82115851262e-13, 1.94417195559e-13, 1.83697431181e-13, 1.14603205398e-13, 1.54238641715e-13, 1.85939723904e-13, 1.70645710561e-13, 1.21342307946e-13, 3.92866145974e-14, 5.32805619625e-15, 3.06301433878e-16],
        "stdev": [0.000231877740589, 0.00202369946055, 0.00357032055035, 0.00289502739906, 0.00264758686535, 0.00226491922513, 0.00161746959202, 0.00146823958494, 0.000802725029644, 0.000762874318752, 0.00080166006228, 0.00101230631117, 0.00134291604627, 0.000764015479945, 0.000603335560299, 0.000408215069911, 0.000355602853233, 0.000642699887976, 0.000870114308782, 0.00116311688907, 0.00115006044507, 0.000868071336299, 0.00146366551053, 0.00113311549649, 0.00108381826431, 0.00101733882912, 0.00058729929151, 0.00104900216684, 0.000472104613436, 0.00148053909652, 0.000507585820742, 0.000241104440647, 0.000167548292666, 0.000283056288026, 0.000147453436512, 0.00070425105514, 0.000443987228209, 0.000196185748791, 0.000700960983522, 0.00026795984013, 0.000462382449768, 0.00052353303181, 0.000285361282295, 0.000225223906455, 0.000138410308864, 0.000363664556062, 0.00037582355435, 0.000266956893029, 0.000116134702694, 0.000182622272405, 0.00033478467958, 0.000142745295307, 3.59942787327e-05, 0.00024067031336, 0.000196569264517, 7.84853764344e-05, 4.42735326942e-05, 5.27595730091e-05, 3.34946344083e-05, 2.65050421149e-05, 1.99854257517e-05, 1.25905025925e-05, 1.39151416079e-05, 9.65794333752e-06, 1.217740828e-05, 1.88682606677e-05, 2.5817345886e-05, 3.05655776174e-05, 3.35577169608e-05, 2.16047465074e-05, 1.79006419785e-05, 3.50728478224e-05, 2.18315835809e-05, 1.24017078633e-05, 1.94764306798e-05, 1.92961870198e-05, 1.47540613398e-05, 1.54521039804e-05, 1.40414003909e-05, 1.55207217176e-05, 1.82523472176e-05, 1.8085092961e-05, 1.87291461771e-05, 1.87772966456e-05, 1.95954598894e-05, 2.2051992346e-05, 2.26462925639e-05, 2.35087572946e-05, 3.12560514431e-05, 3.63348917745e-05, 2.71201006399e-05, 2.92108725262e-05, 3.1161824154e-05, 3.21933657688e-05, 3.3145690395e-05, 3.29480462824e-05, 3.19816390402e-05, 3.59074110747e-05, 2.85837231786e-05, 2.06362055906e-05, 1.56447877089e-05, 1.06531442725e-05, 7.58749592933e-06, 6.40743564873e-06, 4.8865131248e-06, 4.17131104768e-06, 3.40637052432e-06, 2.80247832052e-06, 2.55898726209e-06, 2.11001383832e-06, 2.26176848628e-06, 1.27119051285e-06, 4.16581173113e-07, 2.51426222064e-08, 1.95048563967e-08, 1.46177852045e-08, 4.02376221231e-09, 6.93608614988e-10, 6.71809718966e-10, 6.54679921386e-10, 6.38675834441e-10, 6.22538243178e-10, 6.10591910366e-10, 5.98444904742e-10, 5.90719195781e-10, 5.82819126294e-10, 5.77917103062e-10, 5.74555125699e-10]
    },
    "mfcc": {
        "mean": [-582.008605957, 104.302909851, 9.00457954407, 14.2275295258, 1.67656171322, 24.0431690216, -12.2900295258, 15.703037262, 0.693724870682, 10.2531795502, -3.22391223907, 6.44862413406, 0.0251311659813],
        "cov": [[1755.87390137, -945.090698242, 63.4049491882, -134.371658325, 192.692306519, -112.793113708, -121.531005859, -168.544692993, 44.995716095, 1.96533250809, -31.5168190002, -37.9245796204, -85.8184356689], [-945.090698242, 1016.73132324, -381.030883789, 117.200546265, -231.429626465, 74.9158935547, 59.7343635559, 175.644073486, -99.2560348511, 25.4039001465, 23.1398277283, 8.90241146088, 11.421831131], [63.4049491882, -381.030883789, 578.356445312, -248.295944214, 79.1335906982, -8.4237909317, 19.6983184814, -75.5746231079, 17.7601089478, -96.7980804443, 58.7132530212, 15.4406290054, -4.63883543015], [-134.371658325, 117.200546265, -248.295944214, 407.861755371, -7.39964580536, -35.6565208435, -47.683380127, -2.11742806435, -3.32023334503, 51.1015777588, -84.5090255737, 1.39621305466, 54.8920631409], [192.692306519, -231.429626465, 79.1335906982, -7.39964580536, 205.548751831, -42.8745193481, -32.7984962463, -78.4791946411, 38.5535507202, -0.383632779121, -39.0601654053, -28.4247093201, 12.502289772], [-112.793113708, 74.9158935547, -8.4237909317, -35.6565208435, -42.8745193481, 129.831085205, -1.03684186935, 52.1373710632, -22.6945800781, 2.61635136604, -2.82987856865, 22.0365810394, -14.3579311371], [-121.531005859, 59.7343635559, 19.6983184814, -47.683380127, -32.7984962463, -1.03684186935, 209.161209106, 26.0249462128, 3.56985449791, -49.4144134521, 58.2846832275, -29.1167163849, -20.9495582581], [-168.544692993, 175.644073486, -75.5746231079, -2.11742806435, -78.4791946411, 52.1373710632, 26.0249462128, 150.11769104, -29.2968025208, 2.58990716934, -2.43635129929, 17.7025680542, -8.75570487976], [44.995716095, -99.2560348511, 17.7601089478, -3.32023334503, 38.5535507202, -22.6945800781, 3.56985449791, -29.2968025208, 117.523414612, 27.9443187714, -3.208319664, -6.00391054153, 3.66639375687], [1.96533250809, 25.4039001465, -96.7980804443, 51.1015777588, -0.383632779121, 2.61635136604, -49.4144134521, 2.58990716934, 27.9443187714, 130.670928955, -32.8446159363, 6.58269786835, -2.06097769737], [-31.5168190002, 23.1398277283, 58.7132530212, -84.5090255737, -39.0601654053, -2.82987856865, 58.2846832275, -2.43635129929, -3.208319664, -32.8446159363, 148.638687134, -9.10250663757, -21.9100971222], [-37.9245796204, 8.90241146088, 15.4406290054, 1.39621305466, -28.4247093201, 22.0365810394, -29.1167163849, 17.7025680542, -6.00391054153, 6.58269786835, -9.10250663757, 80.6374282837, 18.1539363861], [-85.8184356689, 11.421831131, -4.63883543015, 54.8920631409, 12.502289772, -14.3579311371, -20.9495582581, -8.75570487976, 3.66639375687, -2.06097769737, -21.9100971222, 18.1539363861, 96.9309463501]],
        "icov": [[0.00212247646414, 0.00255953753367, 0.00199118047021, 0.00115709309466, 0.000432026718045, 0.00111605646089, 0.000859941763338, 0.000350529066054, 0.00104111840483, 0.000602242187597, 8.35008686408e-05, 0.000137780181831, 0.00131118413992], [0.00255953753367, 0.00499448925257, 0.00339274760336, 0.00145134853665, 0.00172762095463, 0.00107250281144, 0.000759347632993, -0.000463577453047, 0.00209759059362, 0.00069785118103, -0.000220975241973, 0.000550377415493, 0.000858791754581], [0.00199118047021, 0.00339274760336, 0.00541391549632, 0.00274512497708, 0.000245203438681, 0.000901615829207, 0.000751599611249, 0.00101832486689, 0.0010860475013, 0.00222898065113, -0.00034214585321, -0.000891174480785, 0.000519882887602], [0.00115709309466, 0.00145134853665, 0.00274512497708, 0.0047382991761, 0.000610630901065, 0.00156786444131, 0.000604747037869, 0.000832947378512, 0.000808662734926, 0.000254496728303, 0.00152050575707, 4.11306209571e-05, -0.00102827174123], [0.000432026718045, 0.00172762095463, 0.000245203438681, 0.000610630901065, 0.00840562582016, 0.000864402856678, 0.000755251734518, 0.00207438482903, -0.000687213556375, 0.000389349093894, 0.0021678104531, 0.00283344625495, -0.0007670505438], [0.00111605646089, 0.00107250281144, 0.000901615829207, 0.00156786444131, 0.000864402856678, 0.0105231776834, 0.000738676113542, -0.00223562424071, 0.00142950855661, -1.10220007628e-05, 0.000904826913029, -0.00182842311915, 0.00191462063231], [0.000859941763338, 0.000759347632993, 0.000751599611249, 0.000604747037869, 0.000755251734518, 0.000738676113542, 0.00682750204578, -0.0010250848718, -0.000898126745597, 0.00245579215698, -0.00155144976452, 0.00223593274131, 0.00107714382466], [0.000350529066054, -0.000463577453047, 0.00101832486689, 0.000832947378512, 0.00207438482903, -0.00223562424071, -0.0010250848718, 0.0105166649446, 0.000786846561823, 0.000217471577344, 0.00136959983502, -0.00126832094975, 0.000593691132963], [0.00104111840483, 0.00209759059362, 0.0010860475013, 0.000808662734926, -0.000687213556375, 0.00142950855661, -0.000898126745597, 0.000786846561823, 0.0111146373674, -0.00275893742219, -0.00024791713804, -5.11264915986e-05, -7.95645682956e-05], [0.000602242187597, 0.00069785118103, 0.00222898065113, 0.000254496728303, 0.000389349093894, -1.10220007628e-05, 0.00245579215698, 0.000217471577344, -0.00275893742219, 0.0108723966405, 0.000965316954535, -0.00058440072462, 0.00157525669783], [8.35008686408e-05, -0.000220975241973, -0.00034214585321, 0.00152050575707, 0.0021678104531, 0.000904826913029, -0.00155144976452, 0.00136959983502, -0.00024791713804, 0.000965316954535, 0.00937179476023, 0.000512936967425, 0.00091757113114], [0.000137780181831, 0.000550377415493, -0.000891174480785, 4.11306209571e-05, 0.00283344625495, -0.00182842311915, 0.00223593274131, -0.00126832094975, -5.11264915986e-05, -0.00058440072462, 0.000512936967425, 0.0159732010216, -0.00316255167127], [0.00131118413992, 0.000858791754581, 0.000519882887602, -0.00102827174123, -0.0007670505438, 0.00191462063231, 0.00107714382466, 0.000593691132963, -7.95645682956e-05, 0.00157525669783, 0.00091757113114, -0.00316255167127, 0.0134886670858]]
    },
    "spectral_contrast_coeffs": {
        "max": [-0.485653162003, -0.449042320251, -0.460018277168, -0.544440925121, -0.566003859043, -0.448933303356],
        "mean": [-0.730007112026, -0.721394002438, -0.72496765852, -0.744939208031, -0.751839756966, -0.690756320953],
        "min": [-0.882010400295, -0.946708440781, -0.944520413876, -0.878540217876, -0.893369913101, -0.857460856438],
        "stdev": [0.0575202591717, 0.0664855390787, 0.0689320340753, 0.0608037337661, 0.0542433559895, 0.0611962862313]
    },
    "spectral_contrast_valleys": {
        "max": [-5.10555505753, -5.28567218781, -5.25731611252, -6.03640222549, -5.99097537994, -7.1308927536],
        "mean": [-6.23206281662, -6.47240591049, -7.05914449692, -7.25539588928, -7.49173879623, -9.89707946777],
        "min": [-7.73504686356, -7.83615064621, -8.97362995148, -9.4492483139, -11.978969574, -14.2078104019],
        "stdev": [0.427156984806, 0.446590334177, 0.456010222435, 0.491116553545, 0.733017504215, 1.22273242474]
    }
},
"rhythm": {
    "beats_count": 55,
    "beats_loudness": {
        "max": 0.0803699791431,
        "mean": 0.0458955280483,
        "min": 0.0137695223093,
        "stdev": 0.0132607724518
    },
    "bpm": 106.575813293,
    "bpm_histogram_first_peak_bpm": 108,
    "bpm_histogram_first_peak_weight": 0.53125,
    "bpm_histogram_second_peak_bpm": 103,
    "bpm_histogram_second_peak_spread": 0.357142806053,
    "bpm_histogram_second_peak_weight": 0.166666671634,
    "danceability": 1.11289668083,
    "onset_rate": 2.76855444908,
    "beats_loudness_band_ratio": {
        "max": [0.803853809834, 0.520678043365, 0.633660793304, 0.707824647427, 0.473981201649, 0.754183590412],
        "mean": [0.385412931442, 0.128515034914, 0.155144125223, 0.126112014055, 0.105511210859, 0.125567659736],
        "min": [0.129906490445, 0.0220297481865, 0.0109177036211, 0.00652446504682, 0.0031245413702, 0.00430350657552],
        "stdev": [0.16815456748, 0.0981936529279, 0.133323937654, 0.156219556928, 0.0983416512609, 0.174123108387]
    },
    "beats_position": [0.696598649025, 1.40480720997, 2.11301589012, 2.82122445107, 3.43655323982, 4.06349182129, 4.67882061005, 5.30575942993, 5.92108821869, 6.48997735977, 7.07047605515, 7.66258478165, 8.23147392273, 8.80036258698, 9.38086128235, 9.96135997772, 10.5418596268, 11.1223583221, 11.6912469864, 12.2601356506, 12.8290243149, 13.3746938705, 13.9203624725, 14.4776411057, 15.0233106613, 15.5805892944, 16.1378688812, 16.6951465607, 17.2640361786, 17.8445339203, 18.4250335693, 19.0171432495, 19.6092510223, 20.2013607025, 20.7818584442, 21.3739681244, 21.9544658661, 22.523355484, 23.0806350708, 23.6379127502, 24.195192337, 24.7524719238, 25.2981395721, 25.8438091278, 26.4010887146, 26.958366394, 27.5156459808, 28.0729255676, 28.6185932159, 29.1642627716, 29.7215423584, 30.290430069, 30.8593196869, 31.4165973663, 31.9738769531],
