{
"metadata": {
    "version": {
        "essentia": "2.1-beta5",
        "essentia_git_sha": "Undefined",
        "extractor": "music 2.0"
    },
    "audio_properties": {
        "analysis": {
            "equal_loudness": 0,
            "length": 48.7502937317,
            "sample_rate": 44100,
            "start_time": 12.7477550507,
            "downmix": "mix"
        },
        "bit_rate": 192000,
        "length": 211.522186279,
        "lossless": 0,
        "number_channels": 2,
        "replay_gain": -5.74942588806,
        "sample_rate": 48000,
        "codec": "mp3",
        "md5_encoded": "0e42915aa4e5cd1fd88203cc585a47b6"
    },
    "tags": {
        "file_name": "BosniaHerzegovina_Korake Ti Znam_Maya Sar.mp3",
        "encoding": ["Lavf58.29.100"]
    }
},
"lowlevel": {
    "average_loudness": 0.805440604687,
    "barkbands_crest": {
        "max": 26.5158214569,
        "mean": 15.5414152145,
        "min": 2.32122373581,
        "stdev": 5.71788597107
    },
    "barkbands_flatness_db": {
        "max": 0.546566426754,
        "mean": 0.239799037576,
        "min": 0.0583490505815,
        "stdev": 0.0722041577101
    },
    "barkbands_kurtosis": {
        "max": 304.748809814,
        "mean": 27.0924091339,
        "min": -1.93817472458,
        "stdev": 34.644317627
    },
    "barkbands_skewness": {
        "max": 15.2668781281,
        "mean": 3.61002469063,
        "min": -7.63987159729,
        "stdev": 2.7285797596
    },
    "barkbands_spread": {
        "max": 85.5442733765,
        "mean": 11.4218959808,
        "min": 0.42081579566,
        "stdev": 14.7919797897
    },
    "dissonance": {
        "max": 0.499999970198,
        "mean": 0.421650320292,
        "min": 0.224887028337,
        "stdev": 0.0495901145041
    },
    "dynamic_complexity": 5.3139834404,
    "erbbands_crest": {
        "max": 34.4018707275,
        "mean": 15.2532262802,
        "min": 2.96188378334,
        "stdev": 6.82531833649
    },
    "erbbands_flatness_db": {
        "max": 0.459327489138,
        "mean": 0.232575014234,
        "min": 0.0886516794562,
        "stdev": 0.0514125190675
    },
    "erbbands_kurtosis": {
        "max": 128.648681641,
        "mean": 6.52314805984,
        "min": -1.87807178497,
        "stdev": 9.71442985535
    },
    "erbbands_skewness": {
        "max": 9.63929748535,
        "mean": 1.71358835697,
        "min": -6.71530151367,
        "stdev": 1.65210318565
    },
    "erbbands_spread": {
        "max": 133.6509552,
        "mean": 27.327457428,
        "min": 1.06474375725,
        "stdev": 18.4622421265
    },
    "hfc": {
        "max": 246.202911377,
        "mean": 11.106051445,
        "min": 0.0184645913541,
        "stdev": 20.2545108795
    },
    "loudness_ebu128": {
        "integrated": -19.5674934387,
        "loudness_range": 5.10992622375,
        "momentary": {
            "max": -14.9274358749,
            "mean": -22.0080184937,
            "min": -44.1068496704,
            "stdev": 5.63575839996
        },
        "short_term": {
            "max": -16.8611564636,
            "mean": -20.2941532135,
            "min": -27.5698986053,
            "stdev": 1.90702092648
        }
    },
    "melbands_crest": {
        "max": 32.7468109131,
        "mean": 19.8769168854,
        "min": 3.0751080513,
        "stdev": 7.06652402878
    },
    "melbands_flatness_db": {
        "max": 0.482753008604,
        "mean": 0.271036446095,
        "min": 0.0227755960077,
        "stdev": 0.0869503393769
    },
    "melbands_kurtosis": {
        "max": 642.206848145,
        "mean": 53.4410247803,
        "min": -1.90494418144,
        "stdev": 74.1685028076
    },
    "melbands_skewness": {
        "max": 20.447145462,
        "mean": 4.61464977264,
        "min": -4.01980733871,
        "stdev": 3.21787977219
    },
    "melbands_spread": {
        "max": 250.399673462,
        "mean": 17.3989048004,
        "min": 0.361812114716,
        "stdev": 35.9268951416
    },
    "pitch_salience": {
        "max": 0.82649064064,
        "mean": 0.434333443642,
        "min": 0.0542634241283,
        "stdev": 0.180952489376
    },
    "silence_rate_20dB": {
        "max": 1,
        "mean": 1,
        "min": 1,
        "stdev": 0
    },
    "silence_rate_30dB": {
        "max": 1,
        "mean": 1,
        "min": 1,
        "stdev": 0
    },
    "silence_rate_60dB": {
        "max": 1,
        "mean": 0.246073305607,
        "min": 0,
        "stdev": 0.430719107389
    },
    "spectral_centroid": {
        "max": 7618.96484375,
        "mean": 821.002319336,
        "min": 231.019699097,
        "stdev": 907.18347168
    },
    "spectral_complexity": {
        "max": 26,
        "mean": 6.69109964371,
        "min": 0,
        "stdev": 3.85447049141
    },
    "spectral_decrease": {
        "max": -1.03414126221e-11,
        "mean": -4.51487291997e-09,
        "min": -2.59551420356e-08,
        "stdev": 4.88312545954e-09
    },
    "spectral_energy": {
        "max": 0.100558705628,
        "mean": 0.0180475134403,
        "min": 4.42123528046e-05,
        "stdev": 0.0189620833844
    },
    "spectral_energyband_high": {
        "max": 0.0295863952488,
        "mean": 0.000606997404248,
        "min": 2.25310188284e-07,
        "stdev": 0.00254185381345
    },
    "spectral_energyband_low": {
        "max": 0.0163253117353,
        "mean": 0.000428139755968,
        "min": 1.68052025629e-07,
        "stdev": 0.000952953821979
    },
    "spectral_energyband_middle_high": {
        "max": 0.0557986646891,
        "mean": 0.00101689051371,
        "min": 2.02088335755e-06,
        "stdev": 0.00213413918391
    },
    "spectral_energyband_middle_low": {
        "max": 0.0998185798526,
        "mean": 0.0161140933633,
        "min": 1.64766206581e-05,
        "stdev": 0.018654698506
    },
    "spectral_entropy": {
        "max": 8.63678264618,
        "mean": 6.91481351852,
        "min": 4.83368968964,
        "stdev": 0.716889560223
    },
    "spectral_flux": {
        "max": 0.221237957478,
        "mean": 0.0504432208836,
        "min": 0.00234236917458,
        "stdev": 0.0349848158658
    },
    "spectral_kurtosis": {
        "max": 41.1933174133,
        "mean": 5.75583744049,
        "min": -1.54387164116,
        "stdev": 5.15911531448
    },
    "spectral_rms": {
        "max": 0.00990485027432,
        "mean": 0.00356199336238,
        "min": 0.000207687262446,
        "stdev": 0.00221800082363
    },
    "spectral_rolloff": {
        "max": 10056.0058594,
        "mean": 1244.42871094,
        "min": 215.33203125,
        "stdev": 2101.76660156
    },
    "spectral_skewness": {
        "max": 4.49630069733,
        "mean": 1.87027990818,
        "min": -0.913846254349,
        "stdev": 0.766242682934
    },
    "spectral_spread": {
        "max": 14629297,
        "mean": 4884550.5,
        "min": 1368731.375,
        "stdev": 1917183
    },
    "spectral_strongpeak": {
        "max": 19.6448154449,
        "mean": 1.14398336411,
        "min": 0.0121655650437,
        "stdev": 1.31195902824
    },
    "zerocrossingrate": {
        "max": 0.38818359375,
        "mean": 0.0509285926819,
        "min": 0.009765625,
        "stdev": 0.0628472417593
    },
    "barkbands": {
        "max": [3.60638077836e-05, 0.00266606174409, 0.010936671868, 0.00680398801342, 0.0984748229384, 0.0747266188264, 0.0255722049624, 0.0127957724035, 0.0204769074917, 0.0210166834295, 0.00519986078143, 0.00325681897812, 0.00179543776903, 0.00499081145972, 0.00182904978283, 0.00144010223448, 0.00237285881303, 0.055427391082, 0.00146398006473, 0.000516069354489, 0.00133329699747, 0.00851612910628, 0.0215545687824, 0.015999654308, 0.00616567023098, 0.000290140800644, 2.74457363503e-07],
        "mean": [1.04788284716e-06, 6.72902533552e-05, 0.000279137166217, 0.000147574115545, 0.00835644081235, 0.00582270743325, 0.000867589667905, 0.000539770058822, 0.000323810905684, 0.000473459425848, 9.14336706046e-05, 8.5636289441e-05, 4.44909383077e-05, 7.58999231039e-05, 6.25635511824e-05, 3.3098316635e-05, 4.20118049078e-05, 8.37524130475e-05, 2.98395079881e-05, 2.7477130061e-05, 2.74831145362e-05, 9.6989038866e-05, 0.000172731335624, 0.000227216994972, 6.49788198643e-05, 3.09254301101e-06, 9.42649069913e-10],
        "min": [8.83944722974e-11, 1.12330607038e-08, 1.41756233418e-08, 1.92787847908e-08, 4.44838747171e-07, 1.49763036461e-06, 2.43459197691e-07, 1.9016817987e-07, 6.62138148755e-08, 3.12066317232e-10, 2.1055329702e-10, 7.77939657137e-11, 2.8105079028e-11, 3.81724027387e-11, 3.7678615783e-10, 1.15123743871e-09, 3.61547042305e-10, 1.87234963644e-10, 1.40339323496e-10, 8.19180669964e-08, 1.03203397828e-07, 1.64563207505e-08, 3.69424740798e-10, 3.26317271815e-11, 2.50292755272e-11, 2.5776391438e-11, 3.9686830211e-11],
        "stdev": [2.5256194931e-06, 0.000152724955115, 0.00073083199095, 0.000349471723894, 0.0132491318509, 0.0104507952929, 0.00243058218621, 0.00113711936865, 0.00100040691905, 0.00149980338756, 0.000256611587247, 0.000193522122572, 9.62120975601e-05, 0.000208309298614, 0.000124319529277, 7.85891606938e-05, 0.000125065678731, 0.00128118367866, 8.88757494977e-05, 5.60253465665e-05, 8.82164968061e-05, 0.000498613226227, 0.00103171740193, 0.00105040613562, 0.000297877850244, 1.4462375475e-05, 7.38682848223e-09]
    },
    "erbbands": {
        "max": [0.0140032377094, 0.888365626335, 9.2522687912, 21.5166873932, 88.9034576416, 465.883026123, 721.467041016, 517.641845703, 452.255950928, 366.044311523, 254.581497192, 626.470947266, 489.687469482, 580.983337402, 72.9476776123, 162.320953369, 66.3219909668, 135.534286499, 270.294128418, 41.7411689758, 106.425888062, 199.217468262, 3900.38305664, 343.384613037, 60.7530822754, 26.6020736694, 35.3902053833, 73.5318222046, 244.459823608, 811.773742676, 330.9012146, 261.875976562, 327.261566162, 119.831573486, 14.2449617386, 2.54673576355, 0.214539423585, 0.00633175484836, 0.000601870182436, 0.000221329974011],
        "mean": [0.000600437691901, 0.0254290960729, 0.283361136913, 0.460934609175, 2.4085149765, 27.7982463837, 86.5138168335, 29.9670372009, 14.798374176, 8.93923282623, 11.589009285, 7.90834903717, 10.7633018494, 11.8849143982, 3.78588867188, 3.27176117897, 2.28250694275, 2.64024662971, 4.45597839355, 2.57131147385, 2.1715388298, 2.34821081161, 4.88015604019, 2.21993327141, 1.41214108467, 1.32759952545, 1.07132959366, 1.26589906216, 2.67939662933, 5.85399580002, 4.35300827026, 4.4442486763, 3.71968150139, 1.24682712555, 0.231078028679, 0.0337015576661, 0.0032169111073, 0.000106501800474, 1.93536907318e-05, 2.32624115597e-05],
        "min": [6.6523972464e-07, 8.311872989e-06, 8.55382240843e-05, 0.000177533584065, 0.000843363173772, 0.0010945473332, 0.00481607532129, 0.0127501962706, 0.0126059008762, 0.00790403224528, 0.0128822401166, 0.00705641973764, 0.000559111591429, 6.52283124509e-05, 2.02870705834e-05, 7.20427897249e-06, 3.67939742318e-06, 3.981959253e-06, 1.6121126464e-05, 0.000257665873505, 0.000175391804078, 0.000184586431715, 9.5385214081e-05, 0.000572004006244, 0.00169855938293, 0.00371815473773, 0.00501781655475, 0.00269467546605, 0.00079356180504, 0.000152086737216, 1.96965920622e-05, 2.43242629949e-05, 3.21495053868e-06, 9.80341951617e-07, 4.7420863325e-07, 2.80575193301e-07, 1.22155327631e-07, 3.82457301384e-08, 3.38201004979e-08, 6.00729563871e-08],
        "stdev": [0.00113528850488, 0.0596456341445, 0.74664157629, 0.944933831692, 6.54654598236, 49.6098518372, 136.101303101, 62.623752594, 40.8299217224, 20.9439125061, 23.9119853973, 27.4087963104, 31.5573310852, 38.813583374, 6.36550664902, 8.66607761383, 4.32519435883, 5.94599723816, 11.1493844986, 4.35669946671, 5.28218746185, 7.68955039978, 88.7137985229, 9.67163276672, 4.20308256149, 2.76715397835, 2.55178809166, 4.75192451477, 13.2703924179, 39.4163475037, 22.3913726807, 20.1458835602, 18.1230564117, 6.1862154007, 0.852394163609, 0.134238138795, 0.0144072016701, 0.000404734164476, 4.18081508542e-05, 2.49509030255e-05]
    },
    "gfcc": {
        "mean": [-112.858123779, 105.365432739, -124.24407959, 18.5114212036, -97.3664093018, 1.71646869183, -61.1167030334, -9.79853725433, -27.3743877411, -14.9452877045, -4.48967027664, -11.8284711838, 8.93957424164],
        "cov": [[6670.33447266, -1956.46228027, 800.206115723, 37.8907852173, -662.536437988, 326.214569092, -977.674743652, 406.765289307, -211.233032227, 70.2822189331, -80.2494735718, 197.21295166, -3.66063857079], [-1956.46228027, 2719.19311523, -518.132568359, -197.090805054, 787.387878418, -572.608154297, 652.734985352, -446.337585449, 205.365447998, -292.213256836, 164.243026733, -209.0206604, 6.17433357239], [800.206115723, -518.132568359, 712.761474609, 86.0042800903, -233.571243286, 180.615280151, -275.591888428, 44.3277893066, -95.2789764404, 15.2109880447, -70.7769470215, 61.131072998, 4.43533277512], [37.8907852173, -197.090805054, 86.0042800903, 500.716308594, 123.0938797, 82.5385894775, 1.36989581585, 21.9098072052, 51.9646568298, -19.9687652588, -55.5757293701, -2.79390931129, -71.0771942139], [-662.536437988, 787.387878418, -233.571243286, 123.0938797, 493.382171631, -164.450592041, 232.277084351, -79.5075378418, 73.5123977661, -64.5925216675, -19.9491863251, -45.1303710938, -59.2256736755], [326.214569092, -572.608154297, 180.615280151, 82.5385894775, -164.450592041, 396.636657715, -22.8772983551, 99.144317627, -1.41890668869, 113.291618347, -78.1925964355, -12.0283327103, -32.6343231201], [-977.674743652, 652.734985352, -275.591888428, 1.36989581585, 232.277084351, -22.8772983551, 450.728668213, -105.138877869, 124.344070435, 2.67581605911, -16.7789611816, -64.9573059082, -60.9986534119], [406.765289307, -446.337585449, 44.3277893066, 21.9098072052, -79.5075378418, 99.144317627, -105.138877869, 271.954345703, -34.0041389465, 84.6433334351, -13.1611967087, 51.8405265808, -4.12859153748], [-211.233032227, 205.365447998, -95.2789764404, 51.9646568298, 73.5123977661, -1.41890668869, 124.344070435, -34.0041389465, 162.487060547, 5.67014932632, 6.79159784317, -32.5416603088, -12.8986225128], [70.2822189331, -292.213256836, 15.2109880447, -19.9687652588, -64.5925216675, 113.291618347, 2.67581605911, 84.6433334351, 5.67014932632, 173.242706299, -20.274646759, 24.5388965607, -41.1415328979], [-80.2494735718, 164.243026733, -70.7769470215, -55.5757293701, -19.9491863251, -78.1925964355, -16.7789611816, -13.1611967087, 6.79159784317, -20.274646759, 154.395568848, 14.0099096298, 38.9954986572], [197.21295166, -209.0206604, 61.131072998, -2.79390931129, -45.1303710938, -12.0283327103, -64.9573059082, 51.8405265808, -32.5416603088, 24.5388965607, 14.0099096298, 128.97694397, 3.53197717667], [-3.66063857079, 6.17433357239, 4.43533277512, -71.0771942139, -59.2256736755, -32.6343231201, -60.9986534119, -4.12859153748, -12.8986225128, -41.1415328979, 38.9954986572, 3.53197717667, 125.098709106]],
        "icov": [[0.000249990756856, 3.53293762601e-06, -3.73968359781e-05, 8.15503444755e-05, 7.08939842298e-05, -0.000118737312732, 0.000517689506523, -0.000159242583322, -0.000200896203751, 0.000204010473681, 9.52339032665e-05, -0.000127310151584, 0.000324849708704], [3.53293762601e-06, 0.00314801651984, -0.00135981978383, 0.00183634611312, -0.00359947374091, 0.00178082531784, -0.0027191566769, 0.00115000270307, -0.000826192670502, 0.00187164917588, -0.00297302310355, 0.00261956267059, -0.000208032215596], [-3.73968359781e-05, -0.00135981978383, 0.0030354030896, -0.00110311200842, 0.0020008708816, -0.00167466839775, 0.00232706824318, 0.000202985611395, 0.000702185730916, -0.000386283732951, 0.00211667548865, -0.0019629241433, 0.000324419059325], [8.15503444755e-05, 0.00183634611312, -0.00110311200842, 0.00399824324995, -0.00319252838381, -2.15578347706e-05, -0.000668041349854, 0.000350202637492, -0.00179975095671, 0.00234971218742, -0.00151332269888, 0.00108880107291, 0.00141946750227], [7.08939842298e-05, -0.00359947374091, 0.0020008708816, -0.00319252838381, 0.00820193998516, -0.000304676796077, 0.00167397747282, -0.0016216764925, 0.000951578898821, -0.00149634946138, 0.00427519716322, -0.00259549892507, 0.00120782025624], [-0.000118737312732, 0.00178082531784, -0.00167466839775, -2.15578347706e-05, -0.000304676796077, 0.00609813211486, -0.00301357242279, -0.0003724580165, -0.000306402333081, -0.00127869809512, -0.000355328549631, 0.00317345559597, -0.000510353886057], [0.000517689506523, -0.0027191566769, 0.00232706824318, -0.000668041349854, 0.00167397747282, -0.00301357242279, 0.00827122386545, 7.42291813367e-05, -0.00181831396185, -0.00134778779466, 0.0031598424539, -0.00248051504605, 0.00218351138756], [-0.000159242583322, 0.00115000270307, 0.000202985611395, 0.000350202637492, -0.0016216764925, -0.0003724580165, 7.42291813367e-05, 0.00594257097691, 0.000206020820769, -0.00144156930037, -0.000962817342952, -0.000486364995595, -0.000641232880298], [-0.000200896203751, -0.000826192670502, 0.000702185730916, -0.00179975095671, 0.000951578898821, -0.000306402333081, -0.00181831396185, 0.000206020820769, 0.00901581440121, -0.00176163681317, -0.000154786059284, 0.000560185231734, -0.00113912287634], [0.000204010473681, 0.00187164917588, -0.000386283732951, 0.00234971218742, -0.00149634946138, -0.00127869809512, -0.00134778779466, -0.00144156930037, -0.00176163681317, 0.01086181961, -0.001670643338, -0.000210521058762, 0.00343279773369], [9.52339032665e-05, -0.00297302310355, 0.00211667548865, -0.00151332269888, 0.00427519716322, -0.000355328549631, 0.0031598424539, -0.000962817342952, -0.000154786059284, -0.001670643338, 0.0111771505326, -0.003458321793, -0.00129691546317], [-0.000127310151584, 0.00261956267059, -0.0019629241433, 0.00108880107291, -0.00259549892507, 0.00317345559597, -0.00248051504605, -0.000486364995595, 0.000560185231734, -0.000210521058762, -0.003458321793, 0.0120476819575, -0.000344898173353], [0.000324849708704, -0.000208032215596, 0.000324419059325, 0.00141946750227, 0.00120782025624, -0.000510353886057, 0.00218351138756, -0.000641232880298, -0.00113912287634, 0.00343279773369, -0.00129691546317, -0.000344898173353, 0.011716177687]]
    },
    "melbands": {
        "max": [0.000378511467716, 0.00349637842737, 0.00347605883144, 0.014723341912, 0.023925807327, 0.0104508604854, 0.00609681708738, 0.00356920599006, 0.00190142239444, 0.00351342745125, 0.00254158070311, 0.00240117427893, 0.00034276038059, 0.000255997525528, 0.000385314051528, 0.00011716564768, 0.000314117351081, 0.000581781030633, 8.75266778166e-05, 6.98404983268e-05, 0.000174583416083, 0.000173167340108, 0.00195061869454, 0.00294527434744, 6.40532234684e-05, 6.27506888122e-05, 3.19434111589e-05, 1.67033540492e-05, 1.90250411833e-05, 3.8136200601e-05, 5.60807420698e-05, 0.000116546070785, 0.000210092606721, 0.000702603661921, 0.000194722451852, 0.000210263257031, 0.000194605527213, 0.000214355473872, 0.000308121030685, 8.07628166513e-05],
        "mean": [1.1085726328e-05, 0.000104656079202, 0.000104314865894, 0.000910973758437, 0.00283724581823, 0.000740054587368, 0.000197389774257, 0.000100404817204, 8.75718178577e-05, 4.54199798696e-05, 5.68506475247e-05, 5.46224255231e-05, 1.31973602038e-05, 9.7147831184e-06, 6.7647938522e-06, 4.16239072365e-06, 5.02723969475e-06, 8.01919668447e-06, 4.07378638556e-06, 2.43427393798e-06, 2.78583843283e-06, 2.46942772719e-06, 3.17436524711e-06, 4.31831085734e-06, 1.54081351411e-06, 1.03227364434e-06, 9.5859513749e-07, 8.62889010023e-07, 6.75153785323e-07, 6.23845323844e-07, 7.42794952657e-07, 1.21928655972e-06, 2.44416719397e-06, 3.64499373973e-06, 2.34074877881e-06, 2.57863598563e-06, 2.83708072857e-06, 2.77613935395e-06, 1.99308396986e-06, 7.43531074932e-07],
        "min": [5.01356867133e-09, 1.15766871644e-08, 2.73846083587e-08, 7.58574500992e-08, 1.3634513607e-07, 3.42973436318e-07, 7.90638807757e-08, 3.04063831891e-08, 4.63234606229e-08, 1.63369353601e-08, 4.2631294328e-11, 3.61983672204e-11, 2.9779352595e-11, 1.13340985902e-11, 3.525705769e-12, 2.77470472813e-12, 3.14239129509e-12, 4.93112451913e-12, 3.99009957019e-11, 7.87522408396e-11, 7.08741884625e-11, 2.49285123793e-11, 8.51119261874e-12, 8.74193425981e-12, 2.98852609326e-12, 6.13745165801e-12, 2.63414880186e-11, 2.46861575626e-09, 3.05459013639e-09, 4.05654676516e-10, 1.26487112451e-10, 3.98339611296e-10, 3.83584171371e-11, 2.56944084065e-11, 8.20358700675e-13, 8.47705586282e-13, 3.26316420716e-13, 3.41582908877e-13, 2.15652379309e-13, 1.46468598426e-13],
        "stdev": [2.33402115555e-05, 0.000262045039563, 0.000221231050091, 0.00170047045685, 0.00420015817508, 0.00144624186214, 0.000559142266866, 0.000228570483159, 0.000186489050975, 0.000155726855155, 0.000173414257006, 0.000178290589247, 2.80357908196e-05, 1.80917595571e-05, 2.31813955907e-05, 6.82583095113e-06, 1.30798753162e-05, 2.24110099225e-05, 7.87207227404e-06, 4.9316681725e-06, 8.11658264865e-06, 7.59803833716e-06, 4.64460317744e-05, 6.85384438839e-05, 4.03057174481e-06, 3.54524991053e-06, 2.64963614427e-06, 1.73030446149e-06, 1.53457278884e-06, 1.95715529117e-06, 2.97795963888e-06, 5.97978169026e-06, 1.3306832443e-05, 2.90569423669e-05, 1.24141661217e-05, 1.30837388497e-05, 1.33198509502e-05, 1.30897342387e-05, 1.21213342936e-05, 3.52713618668e-06]
    },
    "melbands128": {
        "max": [2.11975420825e-05, 4.31644366472e-05, 0.00030219880864, 0.00186599290464, 0.00401354487985, 0.00577575340867, 0.00482350587845, 0.00286781275645, 0.00903588533401, 0.0215422902256, 0.0312985256314, 0.0414368733764, 0.0359749607742, 0.031226394698, 0.0189207307994, 0.0110126575455, 0.0102420691401, 0.00848569720984, 0.00473932595924, 0.00714214053005, 0.00517211668193, 0.0035709515214, 0.00359369581565, 0.00498523795977, 0.00800198409706, 0.00196153018624, 0.00201307609677, 0.00454747630283, 0.00563615933061, 0.0049107754603, 0.00444004125893, 0.000793778104708, 0.000658186909277, 0.000430536689237, 0.000347865308868, 0.000237461077631, 0.0010456701275, 0.000761531409808, 0.000297425605822, 0.00019402995531, 0.000145075406181, 0.000135250767926, 0.000228657809203, 0.00087394809816, 0.000920163001865, 0.000794964726083, 0.000324972032104, 0.000184991411516, 0.0001405828516, 0.000141978802276, 0.000129409221699, 0.000152651089593, 7.70559272496e-05, 0.000418498239014, 0.000403781508794, 0.000200147274882, 0.000112234629341, 0.000103258927993, 0.00190151005518, 0.00955871678889, 0.0021062202286, 0.000422722107032, 6.36079348624e-05, 9.92423811113e-05, 0.000111368557555, 8.0549485574e-05, 6.76667550579e-05, 5.45562943444e-05, 3.68594628526e-05, 2.88974642899e-05, 3.22484956996e-05, 1.9694578441e-05, 1.98637371795e-05, 3.17370286211e-05, 3.09314418701e-05, 4.09518906963e-05, 4.8998506827e-05, 6.39247809886e-05, 0.000110728375148, 7.91393613326e-05, 0.000105374652776, 0.000149389292346, 0.000178420043085, 0.000309275812469, 0.000598439073656, 0.00053887575632, 0.00148434215225, 0.000338427547831, 0.000148531151353, 0.000392268499127, 0.00034682257683, 0.000282222608803, 0.000205343400012, 0.000268921401585, 0.000269389944151, 0.00033080947469, 0.000208693178138, 0.000379649631213, 0.0006133330171, 0.000227941578487, 0.000120076969324, 5.94535740674e-05, 8.97268546396e-05, 1.35452883114e-05, 1.52948123286e-05, 8.14628674561e-06, 9.22458548303e-06, 7.45252145862e-06, 4.32447768617e-06, 3.1176664379e-06, 2.49445133704e-06, 1.84576947504e-06, 7.73301053414e-07, 2.7739384123e-08, 4.47960211147e-08, 3.8636319033e-08, 5.35890620768e-09, 1.44454515016e-09, 1.34595157242e-09, 1.2450767084e-09, 1.16544796036e-09, 1.11250386681e-09, 1.06136321953e-09, 1.01442609868e-09, 9.92216975249e-10, 9.63465418558e-10, 9.46101530452e-10, 9.35045707529e-10],
        "mean": [5.54591167656e-07, 1.47719060806e-06, 7.72939893068e-06, 4.31386106357e-05, 0.000139463852975, 0.000124874364701, 8.71408556122e-05, 6.95261114743e-05, 0.000139498428325, 0.000513257167768, 0.00140864308923, 0.00330964196473, 0.00368827371858, 0.00172210216988, 0.000649149296805, 0.000173921027454, 0.000248048978392, 0.000237535918131, 8.62257511471e-05, 8.67272174219e-05, 0.000105305858597, 0.000141000244184, 7.29045059416e-05, 5.24062415934e-05, 6.18955527898e-05, 3.00372594211e-05, 4.00263197662e-05, 4.02839905291e-05, 9.91496126517e-05, 7.77162204031e-05, 3.4529275581e-05, 1.43249853863e-05, 1.68843107531e-05, 4.8428350965e-06, 1.32444201881e-05, 9.01772364159e-06, 8.31989382277e-06, 7.22518370821e-06, 5.8828886722e-06, 4.44824081569e-06, 3.22725486512e-06, 4.47395586889e-06, 3.70633119928e-06, 4.93715788252e-06, 1.08596577775e-05, 8.55137932376e-06, 5.34717810297e-06, 3.70850966647e-06, 3.86992724088e-06, 3.56241389454e-06, 2.07531934393e-06, 1.38135919769e-06, 2.25684289035e-06, 3.61309935215e-06, 3.65110713574e-06, 2.19395678869e-06, 1.6484734715e-06, 1.76523212758e-06, 3.06232527691e-06, 7.33585193302e-06, 4.43545104645e-06, 2.70465875474e-06, 1.51375013502e-06, 1.31400713599e-06, 1.3205947198e-06, 8.43489544877e-07, 1.03608010704e-06, 1.03407296592e-06, 8.69473467446e-07, 9.74405224952e-07, 8.85001043116e-07, 8.18460023311e-07, 7.31990667191e-07, 6.54892460261e-07, 5.97357086463e-07, 5.83042321978e-07, 6.51295636089e-07, 6.98912003827e-07, 7.06601611e-07, 8.01750161372e-07, 1.11644305889e-06, 1.30458602143e-06, 1.7123421685e-06, 2.35564789364e-06, 3.37276537721e-06, 3.40575229529e-06, 4.56841235064e-06, 2.52251129496e-06, 1.833266424e-06, 2.35366451307e-06, 2.79346500065e-06, 2.48860396823e-06, 2.50925927503e-06, 2.79174332718e-06, 3.15279635288e-06, 2.92271374747e-06, 2.63287529378e-06, 2.63001675194e-06, 2.38075881498e-06, 1.51295409978e-06, 9.002611705e-07, 6.49356024951e-07, 4.74832006603e-07, 3.08325297738e-07, 2.31399127415e-07, 1.50840719471e-07, 9.3316984362e-08, 5.39303428582e-08, 4.50159447496e-08, 3.9339376201e-08, 2.19031921489e-08, 1.10351692229e-08, 4.64122962285e-09, 5.86059673013e-11, 5.49646682335e-11, 4.38350432341e-11, 1.01821658743e-11, 4.08163867288e-12, 3.93261334955e-12, 3.76302027733e-12, 3.60317331527e-12, 3.49726779654e-12, 3.40773091169e-12, 3.31823739493e-12, 3.2018541464e-12, 3.03894626477e-12, 2.94624350958e-12, 2.91573210888e-12],
        "min": [1.73255108177e-11, 1.47873061018e-10, 1.80792691928e-09, 3.97041688416e-09, 8.38256486446e-09, 5.59569768299e-09, 2.37250197266e-09, 9.29553589657e-09, 1.65520290807e-08, 1.36025910535e-08, 5.79198271566e-08, 2.93479089919e-08, 3.35633814075e-08, 1.35667050927e-07, 3.57468756818e-08, 2.04417887062e-08, 1.94077802718e-08, 2.08700416948e-08, 2.1130672323e-08, 1.29589672326e-08, 2.06299617389e-08, 2.46397604542e-08, 6.4050151849e-09, 1.07874917887e-08, 1.97234717447e-09, 1.78467518541e-10, 1.04837770409e-11, 5.77336650709e-11, 3.27567382941e-11, 4.93918413114e-11, 2.77990078873e-11, 3.05652100852e-11, 4.01569125175e-11, 2.08392747503e-11, 1.51422312189e-11, 8.08074787639e-12, 5.08227661344e-12, 2.87912944354e-12, 3.18942160009e-12, 2.48458068355e-12, 2.97240227223e-12, 2.33328439035e-12, 4.04211950369e-12, 2.30226991985e-12, 4.16271314294e-12, 3.12703227028e-12, 9.19753509465e-12, 9.01089619587e-12, 5.46323229711e-11, 4.07338190955e-11, 4.85238897674e-11, 6.326698887e-11, 2.52150002267e-11, 4.16558419702e-11, 3.01740889219e-11, 1.72587309027e-11, 1.78625985531e-11, 6.52893928157e-12, 6.77880711633e-12, 6.7752669794e-12, 5.89134904055e-12, 3.36048029681e-12, 3.03412785348e-12, 2.84309251489e-12, 2.9813187509e-12, 4.19444947525e-12, 1.12271546227e-11, 6.6997223741e-12, 8.53595666372e-12, 4.73379668797e-11, 3.72308295304e-10, 1.0727433386e-09, 2.14531103992e-09, 2.48879006293e-09, 1.00327024466e-09, 3.83250542413e-10, 5.08170970581e-11, 3.25150184555e-11, 1.18205167876e-11, 5.31241717283e-12, 3.51169197887e-11, 1.3745821148e-10, 3.11089105864e-11, 2.08981460609e-11, 9.2453111139e-12, 3.47093014053e-12, 1.41811595019e-12, 2.03421481049e-13, 3.2297726776e-13, 3.09001901757e-13, 3.81746148364e-13, 5.93630667626e-13, 4.46110731906e-13, 3.26268878451e-13, 1.708968931e-13, 2.03406031168e-13, 2.65815689772e-13, 1.89128470914e-13, 2.23811461443e-13, 1.31158362708e-13, 1.95176475893e-13, 1.0005287343e-13, 1.5677997095e-13, 1.56192821264e-13, 1.00850358338e-13, 1.13200308773e-13, 9.099434395e-14, 1.40245508349e-13, 1.02192227933e-13, 1.24047134869e-13, 1.03713715947e-13, 8.51331876631e-14, 9.43657180391e-14, 1.07640472599e-13, 1.12304263111e-13, 1.25943431573e-13, 1.20974776962e-13, 1.05106814094e-13, 1.26949760925e-13, 1.10508600697e-13, 1.19268635766e-13, 9.562063462e-14, 1.16270477946e-13, 1.11652088399e-13, 8.04374741727e-14, 3.02913313736e-14, 3.80819999152e-15, 1.20009547026e-16],
        "stdev": [1.29192528675e-06, 3.20362642015e-06, 1.89099537238e-05, 0.000103853009932, 0.000389446213376, 0.000316566205584, 0.000213858162169, 0.000170707789948, 0.000571873271838, 0.00163767265622, 0.00326586188748, 0.00579015584663, 0.00655436096713, 0.00356350443326, 0.00202129897662, 0.000695390917826, 0.000905303808395, 0.000750854611397, 0.000273312092759, 0.000336999772117, 0.00028797268169, 0.000330996146658, 0.000249018601608, 0.000229769764701, 0.000323515851051, 9.18613586691e-05, 0.000121274060803, 0.000218470100663, 0.000385031366022, 0.000305089430185, 0.000191361788893, 4.24414756708e-05, 4.32251581515e-05, 1.67681628227e-05, 2.65497001237e-05, 1.68914084497e-05, 4.74295011372e-05, 3.94861890527e-05, 1.61885982379e-05, 9.7158463177e-06, 8.03449802333e-06, 1.10214232336e-05, 1.07956984721e-05, 2.936780038e-05, 3.74975388695e-05, 3.22648302244e-05, 1.60331783263e-05, 1.13321566459e-05, 9.69507891568e-06, 8.14620580059e-06, 6.64981234877e-06, 5.30189072379e-06, 6.09260769124e-06, 1.55267007358e-05, 1.84317341336e-05, 8.51597451401e-06, 5.1821029956e-06, 6.65750030748e-06, 4.59236689494e-05, 0.000210472440813, 6.32961309748e-05, 1.45930443978e-05, 4.17060709879e-06, 4.37052176494e-06, 5.44809017811e-06, 3.62668924936e-06, 3.83256929126e-06, 3.1294512155e-06, 2.73454520539e-06, 2.68393046099e-06, 2.2373237698e-06, 1.66799827639e-06, 1.70915120634e-06, 1.84537998393e-06, 1.75337959263e-06, 1.94152721633e-06, 2.25853318625e-06, 3.04441732624e-06, 3.51453809344e-06, 3.26581698573e-06, 5.42401676284e-06, 6.79712184137e-06, 1.03618749563e-05, 1.38826771945e-05, 2.22177859541e-05, 2.41278030444e-05, 5.19713757967e-05, 1.57676422532e-05, 9.143565876e-06, 1.44700061355e-05, 1.67907983268e-05, 1.31459009935e-05, 1.26833483591e-05, 1.3964291611e-05, 1.61574207596e-05, 1.5859686755e-05, 1.20738668556e-05, 1.49719071487e-05, 1.98485031433e-05, 9.24107735045e-06, 4.56544739791e-06, 2.74675812761e-06, 2.67182417701e-06, 1.11255224056e-06, 8.14390830328e-07, 5.40509461189e-07, 4.64680596224e-07, 2.96299475622e-07, 2.41108921273e-07, 2.14231292262e-07, 1.38765727797e-07, 7.26277988861e-08, 3.56597027462e-08, 7.35785765649e-10, 1.07447051256e-09, 9.1371465949e-10, 1.36311142929e-10, 3.69472473449e-11, 3.44240157213e-11, 3.1959657143e-11, 2.99888065769e-11, 2.85946856471e-11, 2.72735081047e-11, 2.61226734688e-11, 2.54904708452e-11, 2.4776831628e-11, 2.43397298844e-11, 2.40534120399e-11]
    },
    "mfcc": {
        "mean": [-747.42376709, 123.888267517, 18.4279193878, 0.0581238418818, -8.45741653442, -12.9117031097, -14.9707841873, -14.496673584, -15.1330718994, -10.1883516312, -16.4872608185, -12.8898801804, -9.41702365875],
        "cov": [[6058.48828125, -1612.84509277, 761.541625977, -354.870727539, 352.545562744, -311.492401123, -333.375244141, 14.689702034, -220.887191772, 24.5006484985, -82.5799331665, -146.146987915, 60.3335762024], [-1612.84509277, 2558.12255859, -861.92199707, 415.712921143, -97.1607437134, 44.7681121826, 193.566253662, 24.179983139, 4.90706682205, -73.6908721924, 21.3937473297, 48.4038696289, 13.1975069046], [761.541625977, -861.92199707, 990.478393555, -276.410675049, 65.12109375, 71.6519851685, -125.945251465, -31.1455516815, -28.0295372009, -20.0303421021, -52.5831222534, -23.1378440857, -29.6050186157], [-354.870727539, 415.712921143, -276.410675049, 512.498596191, 121.742736816, 63.2457809448, 44.9642066956, 94.0498352051, 39.3119506836, -59.2028160095, 46.7255058289, 78.6857910156, -8.3164434433], [352.545562744, -97.1607437134, 65.12109375, 121.742736816, 286.539276123, -50.4898490906, -24.4970188141, 33.041721344, -10.4872598648, -32.7792625427, -0.00258673890494, 0.115662373602, -17.9871253967], [-311.492401123, 44.7681121826, 71.6519851685, 63.2457809448, -50.4898490906, 371.976470947, 38.8783340454, 35.7042884827, 109.769233704, 74.1082687378, 36.1348190308, 48.0502853394, 11.8867692947], [-333.375244141, 193.566253662, -125.945251465, 44.9642066956, -24.4970188141, 38.8783340454, 160.022766113, 28.3029232025, 32.0753898621, 35.5954284668, 35.9254760742, 10.444726944, 16.4470443726], [14.689702034, 24.179983139, -31.1455516815, 94.0498352051, 33.041721344, 35.7042884827, 28.3029232025, 131.509643555, 46.9600906372, -6.63907289505, 19.5173721313, 36.2369194031, 0.970737159252], [-220.887191772, 4.90706682205, -28.0295372009, 39.3119506836, -10.4872598648, 109.769233704, 32.0753898621, 46.9600906372, 202.479721069, 72.552696228, 35.5679893494, 25.0487365723, 27.0395488739], [24.5006484985, -73.6908721924, -20.0303421021, -59.2028160095, -32.7792625427, 74.1082687378, 35.5954284668, -6.63907289505, 72.552696228, 161.710906982, 37.0291824341, -12.8027582169, 19.2183189392], [-82.5799331665, 21.3937473297, -52.5831222534, 46.7255058289, -0.00258673890494, 36.1348190308, 35.9254760742, 19.5173721313, 35.5679893494, 37.0291824341, 136.789077759, 49.4191513062, 7.09392976761], [-146.146987915, 48.4038696289, -23.1378440857, 78.6857910156, 0.115662373602, 48.0502853394, 10.444726944, 36.2369194031, 25.0487365723, -12.8027582169, 49.4191513062, 162.17338562, 39.5779914856], [60.3335762024, 13.1975069046, -29.6050186157, -8.3164434433, -17.9871253967, 11.8867692947, 16.4470443726, 0.970737159252, 27.0395488739, 19.2183189392, 7.09392976761, 39.5779914856, 121.294525146]],
        "icov": [[0.000264651782345, 8.48911950015e-05, -6.92880421411e-05, 5.93218028371e-05, -0.000253635807894, 0.000115033762995, 0.000400102668209, -0.000339738297043, 0.000332793657435, -0.000269226060482, -6.36114200461e-05, 0.000224119372433, -0.000355081108864], [8.48911950015e-05, 0.000667866785079, 0.000429917272413, -0.000254769867752, 9.8285934655e-05, -0.000144743404235, -0.000334137439495, 0.000165768360603, 0.000137716939207, 0.000333741423674, 0.000155817630002, 6.36347176624e-05, -6.8144981924e-05], [-6.92880421411e-05, 0.000429917272413, 0.00191553297918, 0.000982413766906, -0.000639886944555, -0.000970160239376, 0.0004060457577, 8.94387121662e-05, 6.73336080581e-06, 0.00090491573792, 0.000253550475463, -0.000254478480201, 0.00039031819324], [5.93218028371e-05, -0.000254769867752, 0.000982413766906, 0.00390546442941, -0.00185679737478, -0.00100555282552, 0.000141947937664, -0.00135263300035, -0.000220561065362, 0.00153259839863, -0.000544322945643, -0.000815647654235, 0.000424857833423], [-0.000253635807894, 9.8285934655e-05, -0.000639886944555, -0.00185679737478, 0.00498618930578, 0.00096282211598, -4.94631385664e-05, -0.000289644667646, -0.000283694564132, -8.28783504403e-06, -2.51318997471e-05, 0.000268230010988, 0.000464566750452], [0.000115033762995, -0.000144743404235, -0.000970160239376, -0.00100555282552, 0.00096282211598, 0.00412847427651, -0.000228501667152, -0.000297590508126, -0.00121337024029, -0.00178820628207, 0.000110066634079, -0.000680984870996, 0.000193935964489], [0.000400102668209, -0.000334137439495, 0.0004060457577, 0.000141947937664, -4.94631385664e-05, -0.000228501667152, 0.00887887179852, -0.00217955745757, 0.000650769623462, -0.00176480785012, -0.00153738597874, 0.000983469421044, -0.0013216988882], [-0.000339738297043, 0.000165768360603, 8.94387121662e-05, -0.00135263300035, -0.000289644667646, -0.000297590508126, -0.00217955745757, 0.0106417518109, -0.00259275129065, 0.00148361572064, 0.000211870312341, -0.00166328472551, 0.00114987697452], [0.000332793657435, 0.000137716939207, 6.73336080581e-06, -0.000220561065362, -0.000283694564132, -0.00121337024029, 0.000650769623462, -0.00259275129065, 0.00780621822923, -0.00300054973923, -0.000485199532704, 0.000343314663041, -0.00153307896107], [-0.000269226060482, 0.000333741423674, 0.00090491573792, 0.00153259839863, -8.28783504403e-06, -0.00178820628207, -0.00176480785012, 0.00148361572064, -0.00300054973923, 0.0103276707232, -0.00216658599675, 0.00141040491872, -0.00047595819342], [-6.36114200461e-05, 0.000155817630002, 0.000253550475463, -0.000544322945643, -2.51318997471e-05, 0.000110066634079, -0.00153738597874, 0.000211870312341, -0.000485199532704, -0.00216658599675, 0.00964833982289, -0.00309623382054, 0.00112895632628], [0.000224119372433, 6.36347176624e-05, -0.000254478480201, -0.000815647654235, 0.000268230010988, -0.000680984870996, 0.000983469421044, -0.00166328472551, 0.000343314663041, 0.00141040491872, -0.00309623382054, 0.00902944151312, -0.00331516517326], [-0.000355081108864, -6.8144981924e-05, 0.00039031819324, 0.000424857833423, 0.000464566750452, 0.000193935964489, -0.0013216988882, 0.00114987697452, -0.00153307896107, -0.00047595819342, 0.00112895632628, -0.00331516517326, 0.0102056032047]]
    },
    "spectral_contrast_coeffs": {
        "max": [-0.213987573981, -0.404316186905, -0.50642156601, -0.544784545898, -0.456300705671, -0.547087550163],
        "mean": [-0.56706237793, -0.736347079277, -0.764631152153, -0.810500562191, -0.813500463963, -0.777090609074],
        "min": [-0.872737050056, -0.918097198009, -0.913003206253, -0.931556940079, -0.908716917038, -0.895810604095],
        "stdev": [0.138750299811, 0.0921565890312, 0.0728444382548, 0.052127212286, 0.0610843040049, 0.0550954714417]
    },
    "spectral_contrast_valleys": {
        "max": [-5.89718532562, -5.29357910156, -6.43159294128, -6.88561916351, -6.58047103882, -7.12945175171],
        "mean": [-8.11445999146, -7.49913215637, -8.26731586456, -8.76113605499, -8.88336181641, -11.284412384],
        "min": [-11.0785303116, -9.82879066467, -14.3625335693, -15.1296005249, -14.063536644, -16.6838912964],
        "stdev": [0.925360381603, 0.711024463177, 0.680604279041, 0.718458473682, 0.802575230598, 1.75855016708]
    }
},
"rhythm": {
    "beats_count": 103,
    "beats_loudness": {
        "max": 0.066997282207,
        "mean": 0.0216376297176,
        "min": 8.73536700965e-05,
        "stdev": 0.0198863185942
    },
    "bpm": 136.059951782,
    "bpm_histogram_first_peak_bpm": 136,
    "bpm_histogram_first_peak_weight": 0.645161271095,
    "bpm_histogram_second_peak_bpm": 112,
    "bpm_histogram_second_peak_spread": 0.5,
    "bpm_histogram_second_peak_weight": 0.0784313753247,
    "danceability": 1.07489991188,
    "onset_rate": 2.830078125,
    "beats_loudness_band_ratio": {
        "max": [0.533384859562, 0.983834326267, 0.891979277134, 0.710065841675, 0.557585597038, 0.9645652771],
        "mean": [0.0582467019558, 0.604951381683, 0.134160488844, 0.0763293504715, 0.039945922792, 0.110635347664],
        "min": [0.000119258365885, 0.00229632249102, 0.000148086401168, 0.000100456461951, 0.000583404034842, 0.000516449857969],
        "stdev": [0.0968794748187, 0.334390133619, 0.171632379293, 0.126383841038, 0.0949881821871, 0.24142588675]
    },
