{
"metadata": {
    "version": {
        "essentia": "2.1-beta5",
        "essentia_git_sha": "Undefined",
        "extractor": "music 2.0"
    },
    "audio_properties": {
        "analysis": {
            "equal_loudness": 0,
            "length": 48.7502937317,
            "sample_rate": 44100,
            "start_time": 12.7477550507,
            "downmix": "mix"
        },
        "bit_rate": 192000,
        "length": 210.047714233,
        "lossless": 0,
        "number_channels": 2,
        "replay_gain": -3.72559165955,
        "sample_rate": 44100,
        "codec": "mp3",
        "md5_encoded": "3217ce5166c09f2bab69d17ce03d90b7"
    },
    "tags": {
        "file_name": "Bulgaria_Love Unlimited_Sofi Marinova.mp3",
        "encoding": ["Lavf58.29.100"]
    }
},
"lowlevel": {
    "average_loudness": 0.959475457668,
    "barkbands_crest": {
        "max": 26.074640274,
        "mean": 12.9134263992,
        "min": 2.07556819916,
        "stdev": 7.11156129837
    },
    "barkbands_flatness_db": {
        "max": 0.425383210182,
        "mean": 0.174119859934,
        "min": 0.0287295039743,
        "stdev": 0.0820608884096
    },
    "barkbands_kurtosis": {
        "max": 514.130249023,
        "mean": 21.3231220245,
        "min": -1.94278860092,
        "stdev": 56.1055831909
    },
    "barkbands_skewness": {
        "max": 20.2186088562,
        "mean": 2.55405712128,
        "min": -3.43876004219,
        "stdev": 3.45847797394
    },
    "barkbands_spread": {
        "max": 122.217567444,
        "mean": 27.0627155304,
        "min": 0.345419466496,
        "stdev": 23.0394973755
    },
    "dissonance": {
        "max": 0.500000059605,
        "mean": 0.464530855417,
        "min": 0.276739925146,
        "stdev": 0.0319652073085
    },
    "dynamic_complexity": 2.80273890495,
    "erbbands_crest": {
        "max": 30.2614364624,
        "mean": 8.91752052307,
        "min": 2.26440763474,
        "stdev": 5.03745222092
    },
    "erbbands_flatness_db": {
        "max": 0.320546746254,
        "mean": 0.148284375668,
        "min": 0.0582184791565,
        "stdev": 0.0496538430452
    },
    "erbbands_kurtosis": {
        "max": 34.8657722473,
        "mean": 0.660645723343,
        "min": -1.85564124584,
        "stdev": 2.7440829277
    },
    "erbbands_skewness": {
        "max": 5.55547952652,
        "mean": 0.272564679384,
        "min": -3.9355969429,
        "stdev": 0.908292293549
    },
    "erbbands_spread": {
        "max": 193.116744995,
        "mean": 50.8724098206,
        "min": 5.05093431473,
        "stdev": 28.7931232452
    },
    "hfc": {
        "max": 396.301086426,
        "mean": 36.134803772,
        "min": 0.426717936993,
        "stdev": 49.5096740723
    },
    "loudness_ebu128": {
        "integrated": -18.191526413,
        "loudness_range": 4.20112228394,
        "momentary": {
            "max": -15.1971340179,
            "mean": -18.528635025,
            "min": -25.4718723297,
            "stdev": 1.86466836929
        },
        "short_term": {
            "max": -16.6759777069,
            "mean": -18.2980918884,
            "min": -22.1085414886,
            "stdev": 1.30002319813
        }
    },
    "melbands_crest": {
        "max": 34.2678222656,
        "mean": 18.7480487823,
        "min": 1.99260759354,
        "stdev": 9.16769886017
    },
    "melbands_flatness_db": {
        "max": 0.524379312992,
        "mean": 0.205779343843,
        "min": 0.0111625641584,
        "stdev": 0.111732311547
    },
    "melbands_kurtosis": {
        "max": 926.96472168,
        "mean": 57.6513442993,
        "min": -1.83776199818,
        "stdev": 120.411842346
    },
    "melbands_skewness": {
        "max": 25.1335201263,
        "mean": 4.44449949265,
        "min": -0.879199683666,
        "stdev": 4.52680253983
    },
    "melbands_spread": {
        "max": 262.546966553,
        "mean": 31.3728542328,
        "min": 0.328116059303,
        "stdev": 37.3150100708
    },
    "pitch_salience": {
        "max": 0.855544269085,
        "mean": 0.465643942356,
        "min": 0.0311636459082,
        "stdev": 0.212199166417
    },
    "silence_rate_20dB": {
        "max": 1,
        "mean": 1,
        "min": 1,
        "stdev": 0
    },
    "silence_rate_30dB": {
        "max": 1,
        "mean": 0.812946200371,
        "min": 0,
        "stdev": 0.389957785606
    },
    "silence_rate_60dB": {
        "max": 1,
        "mean": 0.0718705356121,
        "min": 0,
        "stdev": 0.258274704218
    },
    "spectral_centroid": {
        "max": 6457.04541016,
        "mean": 1590.39550781,
        "min": 197.167709351,
        "stdev": 903.837097168
    },
    "spectral_complexity": {
        "max": 53,
        "mean": 15.634935379,
        "min": 0,
        "stdev": 8.89499187469
    },
    "spectral_decrease": {
        "max": -1.39293757084e-10,
        "mean": -1.24576757798e-08,
        "min": -6.40948059072e-08,
        "stdev": 1.27760770852e-08
    },
    "spectral_energy": {
        "max": 0.244316384196,
        "mean": 0.0502957180142,
        "min": 0.00056797079742,
        "stdev": 0.0484669022262
    },
    "spectral_energyband_high": {
        "max": 0.0411111600697,
        "mean": 0.00258266320452,
        "min": 4.96230768476e-06,
        "stdev": 0.00513678556308
    },
    "spectral_energyband_low": {
        "max": 0.240563511848,
        "mean": 0.0338601879776,
        "min": 2.89615599058e-07,
        "stdev": 0.0463782772422
    },
    "spectral_energyband_middle_high": {
        "max": 0.0430724844337,
        "mean": 0.00481249671429,
        "min": 5.6128585129e-05,
        "stdev": 0.0062873181887
    },
    "spectral_energyband_middle_low": {
        "max": 0.106831371784,
        "mean": 0.00990169961005,
        "min": 8.59187421156e-05,
        "stdev": 0.0141938906163
    },
    "spectral_entropy": {
        "max": 8.83671474457,
        "mean": 7.82652807236,
        "min": 6.07326555252,
        "stdev": 0.511576533318
    },
    "spectral_flux": {
        "max": 0.506765246391,
        "mean": 0.115296237171,
        "min": 0.0135522102937,
        "stdev": 0.0824193432927
    },
    "spectral_kurtosis": {
        "max": 22.4758319855,
        "mean": 2.32454133034,
        "min": -1.65427267551,
        "stdev": 2.36318707466
    },
    "spectral_rms": {
        "max": 0.0154388295487,
        "mean": 0.00610261643305,
        "min": 0.000744390941691,
        "stdev": 0.00343904038891
    },
    "spectral_rolloff": {
        "max": 13092.1875,
        "mean": 2618.20068359,
        "min": 64.599609375,
        "stdev": 3374.22070312
    },
    "spectral_skewness": {
        "max": 3.4218556881,
        "mean": 1.26014018059,
        "min": -0.515811383724,
        "stdev": 0.459846705198
    },
    "spectral_spread": {
        "max": 20187302,
        "mean": 6253468,
        "min": 1584656.75,
        "stdev": 2623442.75
    },
    "spectral_strongpeak": {
        "max": 12.4342603683,
        "mean": 1.02322113514,
        "min": 0,
        "stdev": 1.34949195385
    },
    "zerocrossingrate": {
        "max": 0.4404296875,
        "mean": 0.0887533128262,
        "min": 0.00244140625,
        "stdev": 0.0816629379988
    },
    "barkbands": {
        "max": [0.00860773772001, 0.213575050235, 0.0958255007863, 0.0531693324447, 0.0443939715624, 0.0608054921031, 0.0682809054852, 0.0540248081088, 0.0549011193216, 0.0378029122949, 0.0276720635593, 0.0330833159387, 0.0188787374645, 0.0121833272278, 0.0100669078529, 0.00968222226948, 0.00726503133774, 0.00648923916742, 0.00306832254864, 0.00339399860241, 0.00291879754514, 0.00682003656402, 0.0178111605346, 0.00767542328686, 0.0179765243083, 0.0090060941875, 4.65902445512e-07],
        "mean": [0.000856497732457, 0.0267455987632, 0.00555173773319, 0.00119622854982, 0.00203184504062, 0.00230353022926, 0.00114449090324, 0.00119609443936, 0.00166656437796, 0.000718233583029, 0.000771141960286, 0.00113135168795, 0.00034456019057, 0.000395897601265, 0.000399733369704, 0.0003881030716, 0.000304820743622, 0.00026243031607, 0.000204968542675, 0.000218533808948, 0.000215238032979, 0.000263586640358, 0.000433373264968, 0.000573139172047, 0.000679685676005, 0.000298341474263, 3.19035220464e-09],
        "min": [7.99642019267e-11, 8.2647764188e-09, 5.35301438731e-08, 2.27588230928e-07, 8.06678599474e-06, 3.30918578584e-06, 2.04304046747e-06, 7.93797198639e-07, 8.13442738945e-07, 2.10398866329e-06, 8.51767367749e-07, 1.67989878719e-06, 6.02324234933e-07, 9.31842762952e-08, 2.66560505224e-07, 5.14729947554e-07, 6.1328404577e-09, 1.50081600481e-08, 8.65447158382e-10, 6.21963702763e-10, 1.90298603542e-08, 8.46803970944e-07, 5.85991642765e-07, 5.42447686769e-08, 7.23392734603e-10, 5.80474522616e-11, 8.16599426967e-11],
        "stdev": [0.00155885564163, 0.043195284903, 0.0114905647933, 0.00490384036675, 0.00369419599883, 0.00540650077164, 0.00499422382563, 0.00386371905915, 0.00451324181631, 0.00215419894084, 0.00234046555124, 0.00318025657907, 0.000977282994427, 0.00102038460318, 0.000803648144938, 0.000865324516781, 0.000637163291685, 0.000437229376985, 0.000307558802888, 0.000328962458298, 0.000360657722922, 0.000489419326186, 0.000951320747845, 0.00108650291804, 0.00190971384291, 0.00089761702111, 1.78492793879e-08]
    },
    "erbbands": {
        "max": [9.75553417206, 52.2064437866, 110.188102722, 150.748336792, 154.432235718, 100.094024658, 426.109375, 685.512573242, 1040.62841797, 313.314849854, 1429.90600586, 1513.04455566, 1517.51635742, 873.279785156, 1052.56335449, 1273.00158691, 769.735229492, 717.823974609, 733.415466309, 580.605407715, 584.847717285, 332.121002197, 288.25112915, 196.693206787, 163.615203857, 188.869522095, 98.9465560913, 138.231872559, 224.56401062, 400.887878418, 591.859619141, 196.140457153, 178.180496216, 212.934890747, 125.959686279, 62.5627784729, 12.7546463013, 0.304651021957, 0.00998841039836, 0.000997095135972],
        "mean": [1.05380392075, 4.88158226013, 6.85778284073, 5.07223272324, 4.36485958099, 6.6452960968, 15.794262886, 18.0252761841, 20.4268817902, 12.5454187393, 31.6671600342, 39.4384117126, 32.3292617798, 21.4176044464, 46.3295669556, 34.9316673279, 16.6835269928, 19.4340724945, 20.6023960114, 20.6789073944, 23.9616737366, 15.9269485474, 13.8118982315, 11.0812940598, 10.9449300766, 10.7306318283, 8.75538444519, 8.56203937531, 8.90465164185, 11.6169881821, 12.5269737244, 10.8687810898, 10.2971153259, 7.83578968048, 4.61422491074, 2.02402615547, 0.435869216919, 0.0100723672658, 0.000381589488825, 9.47220687522e-05],
        "min": [2.86973602215e-07, 8.33792455524e-06, 0.000238438267843, 0.00176932441536, 0.0122446753085, 0.0214098375291, 0.0401654243469, 0.0513417981565, 0.0621227025986, 0.0718566700816, 0.0421742275357, 0.0856433734298, 0.108918435872, 0.0990053862333, 0.0776519775391, 0.0721586868167, 0.109744079411, 0.0422842353582, 0.0204625315964, 0.0553086400032, 0.0456885844469, 0.0036259626504, 0.0058370907791, 0.00212220544927, 0.000345987151377, 0.000152182867168, 0.0013227397576, 0.0197197142988, 0.0296351741999, 0.0286439638585, 0.0188556686044, 0.00249928957783, 0.00032951918547, 5.25738905708e-05, 8.23134450911e-06, 2.90769276035e-06, 8.88563533863e-07, 2.41642140963e-07, 4.39712266598e-07, 7.14503300969e-07],
        "stdev": [1.89674305916, 7.62285327911, 12.7858200073, 15.132396698, 13.5801553726, 10.8901100159, 37.0357017517, 46.4331741333, 84.4192047119, 29.9350681305, 96.9915542603, 112.532302856, 94.3345870972, 53.8052825928, 115.251106262, 91.9555358887, 43.9705314636, 49.7123413086, 45.4967041016, 41.6003189087, 54.1347770691, 27.3389434814, 21.743560791, 15.9429368973, 16.6398239136, 16.7914638519, 13.601111412, 15.4991064072, 16.1262893677, 24.6768474579, 28.3767681122, 20.2599620819, 21.2463569641, 21.5051212311, 13.2925443649, 6.06768655777, 1.33758699894, 0.03061022982, 0.0010340862209, 0.000114569251309]
    },
    "gfcc": {
        "mean": [2.73011350632, 70.2283554077, -115.480781555, 39.8069114685, -70.7317581177, 31.5913887024, -40.5908126831, 14.4977684021, -19.0615901947, -0.567457795143, -10.0149507523, -0.930837988853, -2.92684555054],
        "cov": [[3515.58666992, -1108.36975098, 595.712341309, 19.6842880249, -27.1476535797, 158.031600952, -254.785171509, 242.129699707, -362.796722412, 198.995758057, -247.809387207, 153.977508545, -186.950149536], [-1108.36975098, 2235.47583008, -298.667907715, 281.065032959, 324.985595703, 15.1155462265, 519.388000488, -211.476165771, 499.74029541, -249.002349854, 505.094055176, -229.118606567, 308.476470947], [595.712341309, -298.667907715, 1532.88317871, 354.025085449, 273.590515137, 389.665618896, 37.4109840393, 158.300628662, -2.93183517456, 168.456588745, -57.0987739563, 154.960296631, -79.7342224121], [19.6842880249, 281.065032959, 354.025085449, 620.530944824, 328.281341553, 199.731842041, 247.437057495, 78.8853149414, 229.995101929, 6.47287893295, 189.942901611, 1.04140043259, 114.507835388], [-27.1476535797, 324.985595703, 273.590515137, 328.281341553, 531.624816895, 227.776062012, 307.118682861, 123.995391846, 146.118164062, 95.7511062622, 81.4174499512, 33.6334266663, 74.9762802124], [158.031600952, 15.1155462265, 389.665618896, 199.731842041, 227.776062012, 398.033996582, 212.965194702, 82.3152236938, 98.8763961792, 63.0546798706, 98.8094711304, 21.9794998169, 49.4410362244], [-254.785171509, 519.388000488, 37.4109840393, 247.437057495, 307.118682861, 212.965194702, 408.815551758, 41.7901725769, 204.590560913, 14.7747488022, 217.150085449, -37.3591117859, 117.87260437], [242.129699707, -211.476165771, 158.300628662, 78.8853149414, 123.995391846, 82.3152236938, 41.7901725769, 220.950424194, 47.9874534607, 96.151184082, -38.9451026917, 65.4107055664, 6.72801780701], [-362.796722412, 499.74029541, -2.93183517456, 229.995101929, 146.118164062, 98.8763961792, 204.590560913, 47.9874534607, 360.708740234, -40.5130271912, 234.730270386, -27.8583869934, 156.553955078], [198.995758057, -249.002349854, 168.456588745, 6.47287893295, 95.7511062622, 63.0546798706, 14.7747488022, 96.151184082, -40.5130271912, 178.918365479, -47.1372489929, 84.9999084473, -37.7951393127], [-247.809387207, 505.094055176, -57.0987739563, 189.942901611, 81.4174499512, 98.8094711304, 217.150085449, -38.9451026917, 234.730270386, -47.1372489929, 319.845153809, -35.3970413208, 146.801681519], [153.977508545, -229.118606567, 154.960296631, 1.04140043259, 33.6334266663, 21.9794998169, -37.3591117859, 65.4107055664, -27.8583869934, 84.9999084473, -35.3970413208, 136.565628052, -4.92845010757], [-186.950149536, 308.476470947, -79.7342224121, 114.507835388, 74.9762802124, 49.4410362244, 117.87260437, 6.72801780701, 156.553955078, -37.7951393127, 146.801681519, -4.92845010757, 165.458786011]],
        "icov": [[0.000409528729506, 2.59912249021e-05, -3.63586368621e-05, -0.000132157598273, 2.9164730222e-06, -0.000201241156901, 0.000336015917128, -0.000543666770682, 0.000592544791289, -1.0464746083e-05, -0.000353314069798, 4.68727084808e-05, 8.15721577965e-05], [2.59912249021e-05, 0.00160848221276, -0.000400053890189, 0.000760789087508, -0.00119101861492, 0.00128623505589, -0.00106286560185, 0.00120741000865, -0.000955934694503, 0.000926545239054, -0.000876767910086, 0.00130349758547, -0.000892427982762], [-3.63586368621e-05, -0.000400053890189, 0.00142549921293, -0.000907045847271, 0.000134927249746, -0.00160821515601, 0.000954298244324, -0.000131446926389, 1.22375940919e-05, -0.000325142231304, 0.000402242934797, -0.00133576383814, 0.00128183769993], [-0.000132157598273, 0.000760789087508, -0.000907045847271, 0.00387128232978, -0.00224876892753, 0.000953773793299, -0.000393376365537, 0.000199138201424, -0.00116392807104, 0.0013269726187, -0.00168035319075, 0.00109646981582, -0.000749894708861], [2.9164730222e-06, -0.00119101861492, 0.000134927249746, -0.00224876892753, 0.00649899058044, -0.00116536393762, -0.00325790769421, -0.000981842982583, 0.000216627391637, -0.00230616028421, 0.00348544982262, -0.00159791240003, -0.000262564659351], [-0.000201241156901, 0.00128623505589, -0.00160821515601, 0.000953773793299, -0.00116536393762, 0.00640517706051, -0.0032485765405, 0.000469406106276, -0.00055910932133, 0.000342691433616, -0.00112952047493, 0.00167105451692, -0.00149190973025], [0.000336015917128, -0.00106286560185, 0.000954298244324, -0.000393376365537, -0.00325790769421, -0.0032485765405, 0.00999622605741, -0.00169534108136, 0.00105979503132, -0.00114178843796, -0.00394417112693, 0.00156226207037, 0.000770387589], [-0.000543666770682, 0.00120741000865, -0.000131446926389, 0.000199138201424, -0.000981842982583, 0.000469406106276, -0.00169534108136, 0.00987096410245, -0.00435271114111, -0.00241827592254, 0.00339066004381, -0.000794312742073, -0.00142141059041], [0.000592544791289, -0.000955934694503, 1.22375940919e-05, -0.00116392807104, 0.000216627391637, -0.00055910932133, 0.00105979503132, -0.00435271114111, 0.00915987975895, 0.000728303275537, -0.00405976269394, 0.000420511816628, -0.0021319927182], [-1.0464746083e-05, 0.000926545239054, -0.000325142231304, 0.0013269726187, -0.00230616028421, 0.000342691433616, -0.00114178843796, -0.00241827592254, 0.000728303275537, 0.0119716729969, -0.00177030835766, -0.00438660010695, 0.00252564391121], [-0.000353314069798, -0.000876767910086, 0.000402242934797, -0.00168035319075, 0.00348544982262, -0.00112952047493, -0.00394417112693, 0.00339066004381, -0.00405976269394, -0.00177030835766, 0.0117950970307, -0.00167518202215, -0.00305587332696], [4.68727084808e-05, 0.00130349758547, -0.00133576383814, 0.00109646981582, -0.00159791240003, 0.00167105451692, 0.00156226207037, -0.000794312742073, 0.000420511816628, -0.00438660010695, -0.00167518202215, 0.0141291376203, -0.00412842072546], [8.15721577965e-05, -0.000892427982762, 0.00128183769993, -0.000749894708861, -0.000262564659351, -0.00149190973025, 0.000770387589, -0.00142141059041, -0.0021319927182, 0.00252564391121, -0.00305587332696, -0.00412842072546, 0.0141927246004]]
    },
    "melbands": {
        "max": [0.0717217996716, 0.0507918745279, 0.0252202451229, 0.00908158440143, 0.0124065484852, 0.0134467743337, 0.015832150355, 0.00509270234033, 0.0100659858435, 0.00895755831152, 0.00748220644891, 0.00376885104924, 0.00440492434427, 0.00460520153865, 0.00240320409648, 0.00144385639578, 0.00158965319861, 0.00157782738097, 0.000904952350538, 0.000614383199718, 0.000930827867705, 0.000426048703957, 0.000499320449308, 0.000302278698655, 0.000198478184757, 0.000204185431357, 0.00010859289614, 0.000131497043185, 8.00792549853e-05, 6.70795052429e-05, 0.00011723053467, 0.000117687828606, 0.00020316807786, 0.000217983644689, 0.000373884715373, 0.00022466473456, 0.000102669437183, 0.000125324280816, 0.000157548332936, 0.000231157435337],
        "mean": [0.00823453068733, 0.0042742206715, 0.000871626136359, 0.000372481154045, 0.000506473879796, 0.000416469789343, 0.000294782046694, 0.000154893408762, 0.000258906366071, 0.000250227662036, 0.000153536224389, 7.79323963798e-05, 0.000138557355967, 0.000150256266352, 3.58430916094e-05, 3.91053108615e-05, 3.46007764165e-05, 3.34168180416e-05, 2.91709475277e-05, 2.340809624e-05, 3.09177812596e-05, 1.71114061231e-05, 1.37877677844e-05, 1.18014559121e-05, 8.33861304272e-06, 8.70204894454e-06, 6.94673917678e-06, 7.09947835276e-06, 5.64212496101e-06, 4.70651366413e-06, 5.05581965626e-06, 4.75500792163e-06, 5.67975848753e-06, 6.81682831782e-06, 7.29231715013e-06, 6.78141623212e-06, 6.54876521367e-06, 7.17434613762e-06, 7.10952008376e-06, 6.42293571218e-06],
        "min": [2.24928076165e-09, 5.80196903854e-08, 4.80691426219e-07, 1.23145343878e-06, 1.27472230815e-06, 8.91129616321e-07, 6.80711821133e-07, 5.51918446945e-07, 1.36849436672e-07, 1.02133007829e-07, 4.93664742862e-07, 3.70411612494e-07, 2.47838158884e-07, 1.05366503078e-07, 5.69626870117e-08, 5.76146810261e-08, 9.60281809625e-09, 2.73711435739e-08, 2.58902836947e-08, 5.3530989419e-08, 1.67997189493e-08, 4.07644223932e-10, 1.3362239093e-09, 7.90507492798e-10, 1.03568015275e-10, 2.60307591454e-11, 2.53626737667e-11, 1.5827866795e-11, 1.41454487013e-11, 2.73659012118e-10, 8.64280291779e-09, 1.57838042636e-09, 1.06726778526e-08, 1.3209557892e-08, 1.19455103587e-08, 1.78957804131e-09, 7.9331680114e-10, 2.1714241516e-10, 2.39209468206e-11, 2.98800112257e-12],
        "stdev": [0.0140327820554, 0.00623463932425, 0.00252710818313, 0.000772592553403, 0.00107577734161, 0.00105281569995, 0.00122890982311, 0.000390307366615, 0.000759961432777, 0.00069953687489, 0.000469456426799, 0.000216735206777, 0.000374520896003, 0.000415682210587, 0.000112534959044, 0.000105535807961, 9.61147889029e-05, 8.58707935549e-05, 6.15895842202e-05, 5.05644966324e-05, 8.08735130704e-05, 3.35753757099e-05, 2.80908061541e-05, 1.91026520042e-05, 1.30892512971e-05, 1.55838042701e-05, 1.00442794064e-05, 1.20880795293e-05, 9.04387616174e-06, 8.0044283095e-06, 9.92945206235e-06, 8.58906514623e-06, 1.16495311886e-05, 1.49923898789e-05, 1.74780561792e-05, 1.37774186442e-05, 1.23197205539e-05, 1.432890258e-05, 1.7446163838e-05, 1.87036093848e-05]
    },
    "melbands128": {
        "max": [0.00839614216238, 0.084364823997, 0.105495646596, 0.0947388857603, 0.0690882503986, 0.0417680926621, 0.0334746465087, 0.0232636053115, 0.0157052967697, 0.0088310809806, 0.00592609681189, 0.0122427772731, 0.0215305890888, 0.0240500457585, 0.0200135987252, 0.0275293122977, 0.0212826728821, 0.0297150053084, 0.0115666761994, 0.00364757934585, 0.0109447017312, 0.0189126431942, 0.016533954069, 0.0146327996626, 0.0183461401612, 0.0129600651562, 0.0168391950428, 0.0138942738995, 0.00490163313225, 0.00641944399104, 0.00526229990646, 0.0042501213029, 0.00895639695227, 0.00778367137536, 0.0104783605784, 0.00581375602633, 0.00668388605118, 0.002375833923, 0.0049531199038, 0.00219671963714, 0.00273257144727, 0.00326375337318, 0.00311719253659, 0.0020617605187, 0.00253683771007, 0.0024799015373, 0.00166065187659, 0.00176648993511, 0.00188204436563, 0.00159127940424, 0.00117221649271, 0.00135580310598, 0.00164252717514, 0.00194631295744, 0.00120292080101, 0.000899975246284, 0.000414986076066, 0.000938852026593, 0.00100185954943, 0.000227137716138, 0.000405674334615, 0.000515997118782, 0.000316475663567, 0.000321804080158, 0.00019998208154, 0.000429132313002, 0.00022092150175, 0.00014947418822, 0.00011221463501, 0.000295055418974, 0.000244159571594, 0.000153093889821, 0.000192235573195, 0.000118943848065, 8.62556626089e-05, 9.84867510851e-05, 9.82202109299e-05, 0.000139324969496, 0.00017812702572, 0.000186217919691, 0.000191314480617, 0.000155960355187, 0.000207505901926, 0.000235743180383, 0.000326599983964, 0.000226263829973, 0.000282622757368, 0.000410400942201, 0.000379360368242, 0.000502114358824, 0.000309211143758, 0.000191423576325, 0.000129853942781, 0.000121930250316, 0.000142492324812, 0.000124085519928, 0.000157631089678, 0.000189088750631, 0.000158662573085, 0.000218620567466, 0.000278774823528, 0.000314945733408, 0.000303432025248, 0.000292122684186, 0.000188306847122, 0.000152708234964, 0.000125312624732, 0.000192151390365, 0.000129094158183, 0.000111382447358, 0.000108589658339, 9.84120342764e-05, 4.39338145952e-05, 4.93580955663e-07, 1.14552463515e-07, 5.0326512735e-08, 1.95287341853e-08, 3.23637028288e-09, 1.61214730454e-09, 1.56689317077e-09, 1.53452250906e-09, 1.49917900316e-09, 1.463774435e-09, 1.4473823251e-09, 1.42496958677e-09, 1.40177836006e-09, 1.3937137e-09, 1.37362976549e-09],
        "mean": [0.000841067230795, 0.0088706323877, 0.0116723617539, 0.00662784278393, 0.00393797690049, 0.00239679939114, 0.00102023384534, 0.000526627409272, 0.000424532714533, 0.000336886878358, 0.000342080718838, 0.000462535448605, 0.000604582543019, 0.000499381450936, 0.000381713995012, 0.000411168730352, 0.000359297235264, 0.000319998187479, 0.00014994374942, 8.66804912221e-05, 0.000164754717844, 0.000322372128721, 0.000261454086285, 0.000202611321583, 0.00028835280682, 0.000236568856053, 0.000240493624005, 0.000160793759278, 6.37603661744e-05, 7.76289161877e-05, 7.17145085218e-05, 9.67117666733e-05, 0.000148791441461, 0.000134375921334, 0.000239501852775, 0.000131595574203, 6.25441316515e-05, 1.92196530406e-05, 2.75627025985e-05, 4.15672511735e-05, 3.49627698597e-05, 4.74287189718e-05, 3.65205232811e-05, 2.33986775129e-05, 3.89247543353e-05, 3.58687029802e-05, 2.79985306406e-05, 2.64498721663e-05, 3.37577948812e-05, 2.70514774456e-05, 2.26772353926e-05, 1.61702537298e-05, 2.97134629363e-05, 4.31598782598e-05, 2.28712469834e-05, 1.34950842039e-05, 1.10216533358e-05, 1.51061976794e-05, 1.5721847376e-05, 9.88337978924e-06, 1.20979011626e-05, 1.28727924675e-05, 9.00422764971e-06, 6.72401210977e-06, 7.45253919376e-06, 1.03900611066e-05, 7.98984910944e-06, 6.8468561949e-06, 6.39424024484e-06, 7.60677585276e-06, 8.16712781671e-06, 5.98199358137e-06, 5.84303052165e-06, 6.09828430242e-06, 4.74006856166e-06, 4.44934994448e-06, 4.85815098727e-06, 4.87819124828e-06, 5.38378662895e-06, 4.79320806335e-06, 4.89397962156e-06, 4.27033364758e-06, 5.3298176681e-06, 5.88078000874e-06, 5.82451821174e-06, 6.71553925713e-06, 7.04243120708e-06, 7.36971060178e-06, 7.23214043319e-06, 7.25855898054e-06, 7.32786656954e-06, 6.23390542387e-06, 6.70837789585e-06, 6.50304355077e-06, 6.42583472654e-06, 7.02122315488e-06, 7.57510906624e-06, 7.00294685885e-06, 7.24177607481e-06, 6.97104997016e-06, 6.98646908859e-06, 6.31652164884e-06, 5.89625460634e-06, 5.68492623643e-06, 5.31310342922e-06, 4.89091553391e-06, 4.46902686235e-06, 4.02559044232e-06, 3.11395979224e-06, 3.22822211274e-06, 2.94980077342e-06, 2.54039036918e-06, 1.11170606942e-06, 3.31659988362e-09, 2.01171829195e-10, 7.76423231263e-11, 3.59596900867e-11, 1.59802674565e-11, 1.27108506012e-11, 1.15483768381e-11, 1.12284122972e-11, 1.09494930484e-11, 1.06857448237e-11, 1.04762041056e-11, 1.03158957071e-11, 1.01989935594e-11, 1.01080307319e-11, 1.00307375253e-11],
        "min": [6.23126827914e-11, 8.71427485727e-10, 2.72858180494e-10, 5.64447688589e-09, 2.83761263375e-08, 1.93940614679e-08, 4.45770602653e-08, 9.76149152621e-08, 4.0239845589e-07, 5.94739844928e-07, 9.37987536531e-08, 3.32347440235e-07, 2.79081234567e-07, 2.7062310437e-07, 2.17855088636e-07, 1.47620085045e-07, 8.38220444166e-08, 1.34090214488e-07, 1.35801514034e-07, 4.74353853974e-08, 2.0836928627e-07, 1.25646423044e-07, 5.80387577997e-08, 6.59718963902e-08, 4.2728920846e-08, 2.74445426385e-08, 4.58238424983e-08, 8.82953514747e-08, 3.3936885302e-08, 5.85338852943e-08, 4.14157028672e-08, 8.48162216016e-08, 1.33218762244e-07, 6.10718160488e-08, 3.92074923639e-08, 1.17820874834e-07, 3.73506665596e-08, 2.46098892376e-08, 1.78334467194e-08, 1.09319424624e-08, 6.63120980349e-09, 3.72661945747e-09, 5.81972603442e-09, 4.33559410595e-09, 1.28235235763e-08, 4.91392304625e-09, 1.73053305019e-09, 2.08455546158e-08, 1.2092154833e-08, 1.34445663491e-08, 4.74532502182e-09, 3.98493993359e-09, 4.10379819016e-09, 4.62179672311e-09, 5.31762078815e-10, 5.09619464684e-11, 4.29219368381e-11, 6.95916935189e-11, 1.75341241526e-10, 8.46229253337e-10, 4.48928644259e-10, 1.99201308226e-10, 9.95118154545e-11, 2.92537001567e-11, 1.56333418433e-11, 1.14107482144e-11, 2.48797423635e-11, 1.50399484533e-11, 1.03619595543e-11, 9.51664441695e-12, 8.55929563337e-12, 1.10557335856e-11, 1.16350202042e-11, 1.25593979661e-11, 2.01863890187e-11, 2.12085106421e-11, 1.30240526697e-10, 9.23924686758e-11, 2.23267196398e-10, 5.70629543617e-10, 2.24745155819e-09, 2.04626385281e-10, 3.15663994943e-10, 3.4242979563e-09, 5.62111468483e-09, 7.02631819394e-09, 6.93564183862e-09, 4.93443286231e-09, 5.16871567768e-09, 2.06957362359e-09, 7.74932062964e-10, 1.45831746678e-09, 3.00723029811e-10, 5.79490566643e-10, 1.8098689214e-11, 7.14864209495e-11, 5.57734067264e-11, 1.31872689851e-11, 2.75148150791e-11, 9.43537869363e-12, 9.97375142545e-13, 4.31472078118e-13, 2.7724071411e-13, 2.56584413005e-13, 3.19289679331e-13, 2.65611941079e-13, 3.21165864086e-13, 3.871064168e-13, 3.42785776977e-13, 2.30706729762e-13, 2.59429684766e-13, 2.72924938942e-13, 2.97466343007e-13, 2.08359669579e-13, 2.41539589978e-13, 1.9686926785e-13, 2.30107572536e-13, 2.43294967506e-13, 2.30861770673e-13, 2.23668739779e-13, 1.78899104732e-13, 2.27416664059e-13, 2.25186880319e-13, 2.22463283146e-13, 2.17938148539e-13, 2.39577211151e-13, 2.26197749767e-13, 2.48037267808e-13],
        "stdev": [0.00154574983753, 0.016544599086, 0.0207605157048, 0.010736127384, 0.00752711948007, 0.00519778812304, 0.00330842216499, 0.00217174505815, 0.00138067849912, 0.000766028300859, 0.000593461736571, 0.000991821638308, 0.00166662677657, 0.00153202936053, 0.00116905686446, 0.001620522351, 0.00159489526413, 0.00198699999601, 0.00073472521035, 0.000240685461904, 0.00061059941072, 0.00120231334586, 0.00103658542503, 0.00091034185607, 0.00116187590174, 0.000792019476648, 0.000852626399137, 0.000702941906638, 0.00023700192105, 0.00029103338602, 0.000298615545034, 0.000359949161066, 0.000606321438681, 0.000479717011331, 0.000873945420608, 0.000458509253804, 0.000311816256726, 9.37169752433e-05, 0.000144922174513, 0.000168065744219, 0.000129648455186, 0.000174333239556, 0.00016414214042, 8.82107706275e-05, 0.000141779673868, 0.000124935773783, 8.88933500391e-05, 8.21066787466e-05, 0.000104135513538, 8.54655881994e-05, 7.78029425419e-05, 4.91819337185e-05, 9.47870212258e-05, 0.000158403810929, 6.85007325956e-05, 3.5392047721e-05, 2.4520979423e-05, 4.23976343882e-05, 4.73445034004e-05, 1.98822308448e-05, 2.43598060479e-05, 3.18224738294e-05, 2.04633070098e-05, 1.41730024552e-05, 1.384920688e-05, 2.64317495748e-05, 1.72419277078e-05, 1.34392885229e-05, 1.14844233394e-05, 1.59066112246e-05, 1.78632653842e-05, 1.132966554e-05, 1.19077803902e-05, 1.10299570224e-05, 8.81747018866e-06, 8.27686108096e-06, 9.56456460699e-06, 1.070781218e-05, 1.25210517581e-05, 9.97726692731e-06, 1.00312099676e-05, 8.50723154144e-06, 1.19422120406e-05, 1.24796697492e-05, 1.35500140459e-05, 1.62658452609e-05, 1.58701113833e-05, 1.83500924322e-05, 1.85753215192e-05, 1.94460444618e-05, 1.65483706951e-05, 1.32440691232e-05, 1.32443346956e-05, 1.33663634188e-05, 1.2688613424e-05, 1.43552761074e-05, 1.62161795743e-05, 1.60318031703e-05, 1.77142501343e-05, 1.99517526198e-05, 2.1467993065e-05, 1.97158369701e-05, 1.8240274585e-05, 1.85555709322e-05, 1.60325707839e-05, 1.49177085405e-05, 1.34293140945e-05, 1.28878400574e-05, 9.84961116046e-06, 1.07977675725e-05, 9.15914461075e-06, 8.29632881505e-06, 3.68099927073e-06, 2.10801260891e-08, 3.30384630765e-09, 1.33841082661e-09, 5.42999478714e-10, 1.04640150711e-10, 6.01229066532e-11, 5.11967482297e-11, 5.00754299138e-11, 4.90040889811e-11, 4.80699265115e-11, 4.73329882233e-11, 4.67089873724e-11, 4.61057199364e-11, 4.5788806774e-11, 4.53585294324e-11]
    },
    "mfcc": {
        "mean": [-635.047058105, 91.7826385498, 15.0254249573, 10.2635145187, 5.46970891953, 7.26179075241, -0.332302898169, 9.31196308136, 0.653250694275, 4.35946416855, -2.8134188652, 1.39994359016, 0.953010857105],
        "cov": [[3108.09399414, -763.735473633, 92.3638534546, -30.3740367889, 58.3935661316, -139.030059814, 66.4111557007, -74.6982116699, -67.1777267456, -12.3744916916, -107.336555481, -62.2657241821, -20.9556751251], [-763.735473633, 1462.96777344, -137.603027344, 172.213851929, 2.17837810516, 175.774215698, 82.2612380981, 107.972167969, 11.5619249344, 147.352737427, 27.1021194458, 74.4827041626, 62.4865989685], [92.3638534546, -137.603027344, 1124.76733398, 85.3391342163, 313.358673096, 231.179763794, 104.433784485, 126.138671875, 60.4077339172, -0.477822750807, 95.5972671509, 73.0295028687, 41.3772163391], [-30.3740367889, 172.213851929, 85.3391342163, 497.17477417, 190.648834229, 153.348114014, 134.24647522, 118.014526367, 109.230751038, 81.4720916748, 64.172996521, 97.2597579956, 74.4881286621], [58.3935661316, 2.17837810516, 313.358673096, 190.648834229, 329.937683105, 172.539489746, 115.960189819, 135.379928589, 143.279998779, 74.0973510742, 79.7080230713, 68.4059371948, 65.7046585083], [-139.030059814, 175.774215698, 231.179763794, 153.348114014, 172.539489746, 355.641052246, 216.951065063, 130.954299927, 82.8803100586, 107.866401672, 92.4155578613, 63.3743515015, 80.0426864624], [66.4111557007, 82.2612380981, 104.433784485, 134.24647522, 115.960189819, 216.951065063, 306.999328613, 96.2002487183, 83.1532440186, 111.363265991, 69.7549514771, 34.5417327881, 77.8503112793], [-74.6982116699, 107.972167969, 126.138671875, 118.014526367, 135.379928589, 130.954299927, 96.2002487183, 194.152160645, 94.664932251, 93.1432876587, 63.3666305542, 76.3972625732, 52.2467308044], [-67.1777267456, 11.5619249344, 60.4077339172, 109.230751038, 143.279998779, 82.8803100586, 83.1532440186, 94.664932251, 200.825241089, 61.4077796936, 64.615562439, 49.7992591858, 57.0214881897], [-12.3744916916, 147.352737427, -0.477822750807, 81.4720916748, 74.0973510742, 107.866401672, 111.363265991, 93.1432876587, 61.4077796936, 183.076797485, 57.4377403259, 49.9575080872, 44.2311782837], [-107.336555481, 27.1021194458, 95.5972671509, 64.172996521, 79.7080230713, 92.4155578613, 69.7549514771, 63.3666305542, 64.615562439, 57.4377403259, 123.115341187, 61.082244873, 46.1513061523], [-62.2657241821, 74.4827041626, 73.0295028687, 97.2597579956, 68.4059371948, 63.3743515015, 34.5417327881, 76.3972625732, 49.7992591858, 49.9575080872, 61.082244873, 116.26348114, 54.2597503662], [-20.9556751251, 62.4865989685, 41.3772163391, 74.4881286621, 65.7046585083, 80.0426864624, 77.8503112793, 52.2467308044, 57.0214881897, 44.2311782837, 46.1513061523, 54.2597503662, 99.3384170532]],
        "icov": [[0.000423873658292, 0.000220030415221, -2.14329229493e-05, -2.22111684707e-05, -0.000269171840046, 0.000300532963593, -0.000332129799062, 0.00010582881805, 0.000275458733086, -0.000256620434811, 0.000482649338664, -6.58263088553e-05, -0.000115032402391], [0.000220030415221, 0.000964832259342, 0.000113396752567, -0.000238957480178, 0.000188291553059, -0.000390214030631, 0.000143852827023, -0.000187757395906, 0.00032605935121, -0.000647430191748, 0.000541570654605, -0.000197146786377, -0.000295461970381], [-2.14329229493e-05, 0.000113396752567, 0.00148617883679, 0.000358890421921, -0.00154459686019, -0.000639924255665, -2.16674197873e-05, -0.000257911277004, 0.000736545189284, 0.000827345356811, -0.000428463885328, -0.00052701466484, 0.000421637989348], [-2.22111684707e-05, -0.000238957480178, 0.000358890421921, 0.00314533268102, -0.00157883344218, -0.000150211402797, -0.000740756746382, 4.4447115215e-06, -0.000145065743709, 0.00035457094782, 0.000465889577754, -0.00187604653183, 0.000114794362162], [-0.000269171840046, 0.000188291553059, -0.00154459686019, -0.00157883344218, 0.00814269855618, -0.0013965931721, 0.000878088467289, -0.00159226672258, -0.00340656703338, -0.000519869674463, -0.000360325851943, 0.000943140534218, -0.000619990518317], [0.000300532963593, -0.000390214030631, -0.000639924255665, -0.000150211402797, -0.0013965931721, 0.00718344841152, -0.00356512772851, -0.00113113853149, 0.00110963219777, -0.000406741368352, -0.00122055946849, 0.000407263200032, -0.000898713653442], [-0.000332129799062, 0.000143852827023, -2.16674197873e-05, -0.000740756746382, 0.000878088467289, -0.00356512772851, 0.00741204246879, -0.000367006927263, -0.000809589517303, -0.00194376637228, -0.000821263238322, 0.00269273924641, -0.00267900037579], [0.00010582881805, -0.000187757395906, -0.000257911277004, 4.4447115215e-06, -0.00159226672258, -0.00113113853149, -0.000367006927263, 0.010727930814, -0.00191894627642, -0.00247942702845, 0.00068074761657, -0.00394000345841, 0.0008956954116], [0.000275458733086, 0.00032605935121, 0.000736545189284, -0.000145065743709, -0.00340656703338, 0.00110963219777, -0.000809589517303, -0.00191894627642, 0.00917967781425, -0.000166686455486, -0.00174195191357, 0.000482593051856, -0.00199153344147], [-0.000256620434811, -0.000647430191748, 0.000827345356811, 0.00035457094782, -0.000519869674463, -0.000406741368352, -0.00194376637228, -0.00247942702845, -0.000166686455486, 0.0095182582736, -0.00192287471145, -0.00108638009988, 0.000585912377574], [0.000482649338664, 0.000541570654605, -0.000428463885328, 0.000465889577754, -0.000360325851943, -0.00122055946849, -0.000821263238322, 0.00068074761657, -0.00174195191357, -0.00192287471145, 0.014499607496, -0.00512041244656, -0.000985765364021], [-6.58263088553e-05, -0.000197146786377, -0.00052701466484, -0.00187604653183, 0.000943140534218, 0.000407263200032, 0.00269273924641, -0.00394000345841, 0.000482593051856, -0.00108638009988, -0.00512041244656, 0.0174475982785, -0.00619811750948], [-0.000115032402391, -0.000295461970381, 0.000421637989348, 0.000114794362162, -0.000619990518317, -0.000898713653442, -0.00267900037579, 0.0008956954116, -0.00199153344147, 0.000585912377574, -0.000985765364021, -0.00619811750948, 0.017454855144]]
    },
    "spectral_contrast_coeffs": {
        "max": [-0.28724566102, -0.427269816399, -0.415590375662, -0.498645573854, -0.502841591835, -0.5370002985],
        "mean": [-0.704671561718, -0.765594184399, -0.763904035091, -0.790708899498, -0.78309237957, -0.769591987133],
        "min": [-0.930453836918, -0.932137131691, -0.908385336399, -0.901771783829, -0.891317605972, -0.859505653381],
        "stdev": [0.087251290679, 0.0875708162785, 0.0838960632682, 0.0672494247556, 0.0605918243527, 0.0445734187961]
    },
    "spectral_contrast_valleys": {
        "max": [-4.66381311417, -5.05910539627, -5.43226194382, -5.89909934998, -5.8117146492, -7.13831520081],
        "mean": [-6.9527759552, -6.85504198074, -7.34273815155, -7.68950462341, -7.71979045868, -9.67825698853],
        "min": [-10.4211759567, -9.67141151428, -10.184009552, -10.2776832581, -13.6745214462, -14.4433746338],
        "stdev": [0.939059793949, 0.585491657257, 0.57612413168, 0.568500518799, 0.776252567768, 1.1416516304]
    }
},
"rhythm": {
    "beats_count": 104,
    "beats_loudness": {
        "max": 0.180314049125,
        "mean": 0.0624744705856,
        "min": 0.00221147015691,
        "stdev": 0.0560664497316
    },
    "bpm": 129.852539062,
    "bpm_histogram_first_peak_bpm": 129,
    "bpm_histogram_first_peak_weight": 0.260869562626,
    "bpm_histogram_second_peak_bpm": 120,
    "bpm_histogram_second_peak_spread": 0.54545456171,
    "bpm_histogram_second_peak_weight": 0.0485436879098,
    "danceability": 1.51738786697,
    "onset_rate": 5.00390625,
    "beats_loudness_band_ratio": {
        "max": [0.993627846241, 0.613508701324, 0.731091201305, 0.726395070553, 0.590565502644, 0.904163897038],
        "mean": [0.418222010136, 0.0881549566984, 0.114350758493, 0.0782207325101, 0.0707654803991, 0.247555866838],
        "min": [0.000531439727638, 0.00356084061787, 0.00115286326036, 0.000431126856711, 0.000206810771488, 9.72196867224e-05],
        "stdev": [0.344506144524, 0.115985877812, 0.153622120619, 0.118946187198, 0.110297858715, 0.277974009514]
    },
