{
"metadata": {
    "version": {
        "essentia": "2.1-beta5",
        "essentia_git_sha": "Undefined",
        "extractor": "music 2.0"
    },
    "audio_properties": {
        "analysis": {
            "equal_loudness": 0,
            "length": 12.7477550507,
            "sample_rate": 44100,
            "start_time": 0,
            "downmix": "mix"
        },
        "bit_rate": 192000,
        "length": 213.205627441,
        "lossless": 0,
        "number_channels": 2,
        "replay_gain": -1.79173278809,
        "sample_rate": 48000,
        "codec": "mp3",
        "md5_encoded": "4bc022979990d9aac7410e35c70bc0dd"
    },
    "tags": {
        "file_name": "Slovakia_Don_t Close Your Eyes_Max Jason Mai.mp3",
        "encoding": ["Lavf58.29.100"]
    }
},
"lowlevel": {
    "average_loudness": 0.0898492708802,
    "barkbands_crest": {
        "max": 21.1986656189,
        "mean": 7.50484371185,
        "min": 2.74293041229,
        "stdev": 3.18873357773
    },
    "barkbands_flatness_db": {
        "max": 0.237276345491,
        "mean": 0.144354879856,
        "min": 0.0680633708835,
        "stdev": 0.0307309515774
    },
    "barkbands_kurtosis": {
        "max": 14.1508674622,
        "mean": 1.80933594704,
        "min": -1.29429233074,
        "stdev": 2.60100889206
    },
    "barkbands_skewness": {
        "max": 3.11222314835,
        "mean": 1.17805683613,
        "min": -0.543655216694,
        "stdev": 0.646326720715
    },
    "barkbands_spread": {
        "max": 38.1614646912,
        "mean": 18.8550930023,
        "min": 5.03091526031,
        "stdev": 5.23496437073
    },
    "dissonance": {
        "max": 0.499506443739,
        "mean": 0.471929490566,
        "min": 0.345243930817,
        "stdev": 0.0178124103695
    },
    "dynamic_complexity": 6.24315881729,
    "erbbands_crest": {
        "max": 21.8099555969,
        "mean": 7.42979669571,
        "min": 3.19523191452,
        "stdev": 3.08414363861
    },
    "erbbands_flatness_db": {
        "max": 0.272999823093,
        "mean": 0.187884956598,
        "min": 0.101935774088,
        "stdev": 0.040786486119
    },
    "erbbands_kurtosis": {
        "max": 7.60570812225,
        "mean": 0.0856030285358,
        "min": -1.27479934692,
        "stdev": 0.986230969429
    },
    "erbbands_skewness": {
        "max": 2.51319074631,
        "mean": 0.437243551016,
        "min": -0.672679543495,
        "stdev": 0.471549779177
    },
    "erbbands_spread": {
        "max": 69.8874435425,
        "mean": 32.4555664062,
        "min": 11.551194191,
        "stdev": 8.20183849335
    },
    "hfc": {
        "max": 83.2839813232,
        "mean": 10.9752807617,
        "min": 0.00334038143046,
        "stdev": 15.4281568527
    },
    "loudness_ebu128": {
        "integrated": -22.4594345093,
        "loudness_range": 13.8129138947,
        "momentary": {
            "max": -15.8262386322,
            "mean": -26.6644382477,
            "min": -34.1748886108,
            "stdev": 5.72452545166
        },
        "short_term": {
            "max": -18.3409748077,
            "mean": -27.1591567993,
            "min": -33.1292724609,
            "stdev": 4.92955541611
        }
    },
    "melbands_crest": {
        "max": 23.6768627167,
        "mean": 10.181476593,
        "min": 3.4556658268,
        "stdev": 3.75010538101
    },
    "melbands_flatness_db": {
        "max": 0.282787770033,
        "mean": 0.173997014761,
        "min": 0.0460853502154,
        "stdev": 0.0459397062659
    },
    "melbands_kurtosis": {
        "max": 28.7837238312,
        "mean": 5.89075183868,
        "min": -0.934166669846,
        "stdev": 5.34080410004
    },
    "melbands_skewness": {
        "max": 4.29310321808,
        "mean": 1.84208989143,
        "min": 0.0752317458391,
        "stdev": 0.78339868784
    },
    "melbands_spread": {
        "max": 76.9082794189,
        "mean": 23.1601696014,
        "min": 6.29583644867,
        "stdev": 9.4761390686
    },
    "pitch_salience": {
        "max": 0.848029077053,
        "mean": 0.652728319168,
        "min": 0.286026626825,
        "stdev": 0.0854472592473
    },
    "silence_rate_20dB": {
        "max": 1,
        "mean": 1,
        "min": 1,
        "stdev": 0
    },
    "silence_rate_30dB": {
        "max": 1,
        "mean": 0.992727279663,
        "min": 0,
        "stdev": 0.0849698111415
    },
    "silence_rate_60dB": {
        "max": 1,
        "mean": 0.476363629103,
        "min": 0,
        "stdev": 0.499440401793
    },
    "spectral_centroid": {
        "max": 3017.9309082,
        "mean": 1252.76940918,
        "min": 469.223846436,
        "stdev": 360.797119141
    },
    "spectral_complexity": {
        "max": 45,
        "mean": 13.5709095001,
        "min": 0,
        "stdev": 9.42190265656
    },
    "spectral_decrease": {
        "max": -2.22190009989e-13,
        "mean": -4.40740555163e-09,
        "min": -3.03131564294e-08,
        "stdev": 6.46139275418e-09
    },
    "spectral_energy": {
        "max": 0.120314247906,
        "mean": 0.0176300611347,
        "min": 1.14158024189e-06,
        "stdev": 0.0256813336164
    },
    "spectral_energyband_high": {
        "max": 0.00224327668548,
        "mean": 0.000298807019135,
        "min": 2.97669885185e-07,
        "stdev": 0.000423400488216
    },
    "spectral_energyband_low": {
        "max": 0.058392200619,
        "mean": 0.00510554388165,
        "min": 1.37479485574e-08,
        "stdev": 0.00967556238174
    },
    "spectral_energyband_middle_high": {
        "max": 0.0315510109067,
        "mean": 0.00324087426998,
        "min": 6.06830894867e-07,
        "stdev": 0.00489003723487
    },
    "spectral_energyband_middle_low": {
        "max": 0.102023027837,
        "mean": 0.00963408686221,
        "min": 2.3517324621e-07,
        "stdev": 0.0157808251679
    },
    "spectral_entropy": {
        "max": 8.20915412903,
        "mean": 7.6759967804,
        "min": 7.03889465332,
        "stdev": 0.214024350047
    },
    "spectral_flux": {
        "max": 0.213008984923,
        "mean": 0.0571770183742,
        "min": 0.00106844760012,
        "stdev": 0.0472457706928
    },
    "spectral_kurtosis": {
        "max": 16.8368396759,
        "mean": 2.9618396759,
        "min": -0.417169570923,
        "stdev": 1.79507613182
    },
    "spectral_rms": {
        "max": 0.0108341937885,
        "mean": 0.00324628734961,
        "min": 3.33726966346e-05,
        "stdev": 0.00258102267981
    },
    "spectral_rolloff": {
        "max": 5512.5,
        "mean": 1314.11401367,
        "min": 322.998046875,
        "stdev": 594.356811523
    },
    "spectral_skewness": {
        "max": 2.94427967072,
        "mean": 1.23139882088,
        "min": 0.379343748093,
        "stdev": 0.32135373354
    },
    "spectral_spread": {
        "max": 10573455,
        "mean": 3640334,
        "min": 2120901.75,
        "stdev": 919897.5625
    },
    "spectral_strongpeak": {
        "max": 4.63561439514,
        "mean": 0.486415505409,
        "min": 0.00910555571318,
        "stdev": 0.597840607166
    },
    "zerocrossingrate": {
        "max": 0.119140625,
        "mean": 0.0565296523273,
        "min": 0.02783203125,
        "stdev": 0.0157566741109
    },
    "barkbands": {
        "max": [0.00213149888441, 0.0436075590551, 0.0260420870036, 0.0329437330365, 0.050244551152, 0.0149482553825, 0.0707936808467, 0.0140146324411, 0.0135357305408, 0.00915770698339, 0.00426786951721, 0.0113172465935, 0.00635336060077, 0.00793226715177, 0.00727822212502, 0.00257449690253, 0.00816357880831, 0.00664044171572, 0.00224309368059, 0.000826469855383, 0.000593702832703, 0.000600452767685, 0.00103195977863, 0.000435509165982, 0.000513620441779, 0.000394606788177, 7.11422046606e-07],
        "mean": [8.10609999462e-05, 0.00273268483579, 0.00167419435456, 0.00155029969756, 0.00291583850048, 0.000827456067782, 0.00192215468269, 0.00102232350037, 0.00132457155269, 0.000551115139388, 0.000214836778468, 0.000469017832074, 0.000557258725166, 0.000381591700716, 0.000464401993668, 0.000201584232855, 0.000145892990986, 0.000134860587423, 0.000123065314256, 7.50004182919e-05, 7.13265835657e-05, 6.16462275502e-05, 6.14167947788e-05, 3.38164572895e-05, 2.59219286818e-05, 6.72120177114e-06, 3.74626729638e-09],
        "min": [2.87489504425e-10, 1.01836250543e-09, 2.23021556778e-09, 2.44963445084e-08, 3.09437027113e-08, 9.06580943649e-09, 4.965829703e-08, 5.12480866632e-08, 6.45783089226e-08, 1.55469201957e-08, 1.20346843602e-08, 2.16662208175e-08, 8.66900435881e-08, 5.27904191472e-08, 1.15972255799e-07, 5.86310164863e-08, 8.04674655797e-08, 4.81612580927e-08, 7.80621220997e-08, 6.26141982707e-08, 6.71508644245e-08, 8.3510272475e-08, 9.55692147642e-09, 7.56713414152e-10, 6.51372497606e-11, 7.56998977391e-11, 9.28961976787e-11],
        "stdev": [0.000201316492166, 0.00625883881003, 0.00349493138492, 0.00419440772384, 0.00570020778105, 0.00161084032152, 0.00616971822456, 0.0018684847746, 0.00217810808681, 0.00108280673157, 0.000411657354562, 0.000869162788149, 0.000989902997389, 0.000824023387395, 0.00099323852919, 0.000329094647896, 0.000499690650031, 0.000359720259439, 0.000221338676056, 0.000107141793706, 9.41133330343e-05, 9.29883099161e-05, 0.000110502965981, 5.84644767514e-05, 6.23838423053e-05, 2.55064878729e-05, 3.17592920851e-08]
    },
    "erbbands": {
        "max": [1.584030509, 10.2808246613, 26.4378185272, 73.98853302, 150.956283569, 157.854858398, 74.2209777832, 133.651977539, 1103.19897461, 331.383300781, 269.903015137, 420.221923828, 126.417358398, 365.308929443, 177.826385498, 392.961853027, 305.74105835, 157.805938721, 704.427612305, 168.694625854, 176.352233887, 532.440734863, 358.526428223, 276.434295654, 123.054389954, 41.8613700867, 27.0396518707, 20.7833957672, 19.5033359528, 32.1736297607, 25.2943649292, 13.2724761963, 7.08831262589, 8.36824703217, 4.63406133652, 1.95912218094, 0.706282615662, 0.014932830818, 0.000514432846103, 0.000158337774337],
        "mean": [0.081649929285, 0.614939212799, 1.85029387474, 3.52103853226, 8.56531715393, 9.65508747101, 6.9798746109, 7.33118581772, 29.0598678589, 16.8939037323, 26.6562976837, 33.7651367188, 12.0422468185, 18.9772510529, 13.6271305084, 17.0868358612, 27.3427848816, 12.7755413055, 33.2440261841, 14.2081317902, 11.7931566238, 8.4367313385, 7.47420740128, 6.6965470314, 5.88998317719, 3.51791524887, 3.23886299133, 2.54262471199, 2.23266577721, 1.92933595181, 1.75374186039, 0.878247857094, 0.492506533861, 0.354037851095, 0.150174289942, 0.0434434004128, 0.0100365495309, 0.000254355574725, 1.86934776139e-05, 2.15679428948e-05],
        "min": [2.77665179738e-08, 2.48304644401e-07, 2.2109791189e-06, 4.42745149485e-05, 0.000101473313407, 0.000104124126665, 6.72151436447e-05, 0.000121608260088, 0.000672496971674, 0.00109900918324, 0.000588261871599, 0.00134042708669, 0.00114607461728, 0.00036637118319, 0.00102355878334, 0.000574941746891, 0.00246998900548, 0.0044985585846, 0.00732726603746, 0.00250755413435, 0.00322860642336, 0.00492902100086, 0.00336639792658, 0.00262135243975, 0.00431361608207, 0.00267308810726, 0.00191390572581, 0.00414743134752, 0.00332007464021, 0.00166167877614, 0.00118525302969, 0.000119329146401, 2.56494058704e-05, 7.23356833987e-06, 3.16096384267e-06, 5.49095545921e-07, 1.9875821522e-07, 7.53459090674e-08, 1.60617830147e-08, 3.70964459151e-09],
        "stdev": [0.205373108387, 1.35744571686, 3.63338756561, 8.2475194931, 19.8177986145, 17.860578537, 10.0938196182, 14.2883396149, 94.7103805542, 36.0516967773, 41.032661438, 57.3042945862, 17.4680938721, 39.9694023132, 24.5594329834, 29.4893856049, 48.2051696777, 20.0468044281, 78.0088729858, 24.1435127258, 21.6819705963, 31.4483528137, 19.3829669952, 15.2844648361, 10.9155797958, 5.09283685684, 4.2430062294, 3.49393677711, 3.3013958931, 3.28848600388, 3.08839917183, 1.57741868496, 0.954953372478, 0.881366372108, 0.396265178919, 0.142687872052, 0.044424906373, 0.000986523926258, 3.88714906876e-05, 3.12025113089e-05]
    },
    "gfcc": {
        "mean": [-71.3599395752, 131.838043213, -162.568283081, 41.0265159607, -73.6687927246, 7.96030521393, -31.7429695129, -8.15779590607, -10.0032835007, -12.0900688171, -5.34055662155, -15.9026384354, -3.39335155487],
        "cov": [[9039.64941406, -1707.64501953, 2602.0546875, -402.453674316, 109.73349762, 1353.86499023, -807.868896484, 1169.16113281, -733.740234375, 1062.57250977, -720.638671875, 452.161682129, -566.39831543], [-1707.64501953, 1351.28735352, -375.118682861, 315.303405762, 431.77355957, -580.054382324, 623.60949707, -270.843841553, 249.638824463, -232.795944214, 276.480560303, -5.44171953201, 211.59992981], [2602.0546875, -375.118682861, 1160.66589355, -11.9476594925, 134.437026978, 405.008483887, -214.819061279, 405.460754395, -286.194671631, 388.447906494, -210.448928833, 217.315536499, -160.362045288], [-402.453674316, 315.303405762, -11.9476594925, 188.869476318, 127.857170105, -95.9668884277, 130.367950439, -58.5943489075, 67.6259384155, -62.143913269, 88.0408782959, 3.93517899513, 55.8792266846], [109.73349762, 431.77355957, 134.437026978, 127.857170105, 302.934020996, -107.38772583, 228.351776123, 17.3650169373, 9.32616424561, 27.4376296997, 29.5365409851, 70.1726074219, 27.9503860474], [1353.86499023, -580.054382324, 405.008483887, -95.9668884277, -107.38772583, 420.845825195, -280.095336914, 211.753494263, -137.174591064, 177.327804565, -122.972503662, 28.383846283, -103.676567078], [-807.868896484, 623.60949707, -214.819061279, 130.367950439, 228.351776123, -280.095336914, 375.608947754, -99.9664993286, 122.135604858, -103.748046875, 109.250205994, 10.4979810715, 79.889541626], [1169.16113281, -270.843841553, 405.460754395, -58.5943489075, 17.3650169373, 211.753494263, -99.9664993286, 239.645095825, -106.918251038, 175.52166748, -101.437042236, 69.8139953613, -67.1196670532], [-733.740234375, 249.638824463, -286.194671631, 67.6259384155, 9.32616424561, -137.174591064, 122.135604858, -106.918251038, 155.112945557, -108.130645752, 101.711730957, -50.285446167, 65.5694503784], [1062.57250977, -232.795944214, 388.447906494, -62.143913269, 27.4376296997, 177.327804565, -103.748046875, 175.52166748, -108.130645752, 200.818603516, -89.0169448853, 83.5987014771, -68.8423690796], [-720.638671875, 276.480560303, -210.448928833, 88.0408782959, 29.5365409851, -122.972503662, 109.250205994, -101.437042236, 101.711730957, -89.0169448853, 145.544509888, -30.2294788361, 81.5621566772], [452.161682129, -5.44171953201, 217.315536499, 3.93517899513, 70.1726074219, 28.383846283, 10.4979810715, 69.8139953613, -50.285446167, 83.5987014771, -30.2294788361, 100.502006531, -20.0329399109], [-566.39831543, 211.59992981, -160.362045288, 55.8792266846, 27.9503860474, -103.676567078, 79.889541626, -67.1196670532, 65.5694503784, -68.8423690796, 81.5621566772, -20.0329399109, 92.0393981934]],
        "icov": [[0.000630537921097, -0.000707898347173, -0.000274122372502, 0.000598984421231, -0.000393217051169, -0.000856373633724, 0.00103486969601, -0.00121161655989, -0.000433240027633, -0.000230971636483, 0.000665416300762, -0.000589928589761, 0.00145719386637], [-0.000707898347173, 0.0178601834923, -0.00923005491495, 0.00425264798105, -0.0110027138144, 0.00951854325831, -0.0129041066393, 0.0105119030923, -0.00625043082982, 0.00443662051111, -0.00985080376267, 0.0107487877831, -0.0123106557876], [-0.000274122372502, -0.00923005491495, 0.0116581926122, -0.00842809397727, 0.00608790758997, -0.00467045092955, 0.00747374491766, -0.00847040396184, 0.00805037189275, -0.00657302234322, 0.00565889803693, -0.00928037520498, 0.00750219030306], [0.000598984421231, 0.00425264798105, -0.00842809397727, 0.0190459545702, -0.0102271735668, 0.000865958514623, -0.000939504534472, 0.00406695529819, -0.00809470377862, 0.0098614403978, -0.00815708935261, 0.00382423098199, -0.00327232666314], [-0.000393217051169, -0.0110027138144, 0.00608790758997, -0.0102271735668, 0.0217361357063, -0.00599481491372, -0.00252863857895, -0.00359672075137, 0.00865642167628, -0.00832255836576, 0.00892585795373, -0.00758338207379, 0.00395794259384], [-0.000856373633724, 0.00951854325831, -0.00467045092955, 0.000865958514623, -0.00599481491372, 0.0144855063409, -0.00185618957039, 0.000855769088957, -0.00295035308227, 0.00155717111193, -0.00714089535177, 0.00840687472373, -0.00401932466775], [0.00103486969601, -0.0129041066393, 0.00747374491766, -0.000939504534472, -0.00252863857895, -0.00185618957039, 0.0243239402771, -0.0133363204077, -0.000638236117084, 0.00105058250483, 0.00430575292557, -0.00982127524912, 0.0127529446036], [-0.00121161655989, 0.0105119030923, -0.00847040396184, 0.00406695529819, -0.00359672075137, 0.000855769088957, -0.0133363204077, 0.0256948862225, -0.00467348285019, -0.00471375044435, -0.00169887347147, 0.00840231776237, -0.0133424233645], [-0.000433240027633, -0.00625043082982, 0.00805037189275, -0.00809470377862, 0.00865642167628, -0.00295035308227, -0.000638236117084, -0.00467348285019, 0.0231773573905, -0.00407365616411, -0.00183251383714, -0.00226357020438, 0.00341080455109], [-0.000230971636483, 0.00443662051111, -0.00657302234322, 0.0098614403978, -0.00832255836576, 0.00155717111193, 0.00105058250483, -0.00471375044435, -0.00407365616411, 0.0276797171682, -0.00703880842775, -0.00354926590808, -5.79715779168e-05], [0.000665416300762, -0.00985080376267, 0.00565889803693, -0.00815708935261, 0.00892585795373, -0.00714089535177, 0.00430575292557, -0.00169887347147, -0.00183251383714, -0.00703880842775, 0.0276147779077, -0.00648596929386, -0.00401890929788], [-0.000589928589761, 0.0107487877831, -0.00928037520498, 0.00382423098199, -0.00758338207379, 0.00840687472373, -0.00982127524912, 0.00840231776237, -0.00226357020438, -0.00354926590808, -0.00648596929386, 0.029219744727, -0.00934286694974], [0.00145719386637, -0.0123106557876, 0.00750219030306, -0.00327232666314, 0.00395794259384, -0.00401932466775, 0.0127529446036, -0.0133424233645, 0.00341080455109, -5.79715779168e-05, -0.00401890929788, -0.00934286694974, 0.0357183590531]]
    },
    "melbands": {
        "max": [0.0134477578104, 0.0120489886031, 0.0131404176354, 0.0130293369293, 0.00287892180495, 0.00291439075954, 0.0165393669158, 0.00265620136634, 0.00234523368999, 0.0025643450208, 0.000527735217474, 0.00157254992519, 0.000668127962854, 0.00162846024614, 0.000900200684555, 0.000400616554543, 0.000362485443475, 0.00128283491358, 0.000438987946836, 0.000131911278004, 0.000199498957954, 0.000622410094365, 0.000286108028376, 0.000319361453876, 0.000224266681471, 0.000125867925817, 2.83707449853e-05, 2.58125837718e-05, 1.72199906956e-05, 1.517887722e-05, 1.28613737616e-05, 1.11590770757e-05, 1.44712230394e-05, 1.97247227334e-05, 2.35301595239e-05, 1.22726087284e-05, 6.86890007273e-06, 5.74123214392e-06, 8.30846875033e-06, 8.13868336991e-06],
        "mean": [0.000747240614146, 0.000894519034773, 0.000768913538195, 0.000734776200261, 0.000260724220425, 0.000165396180819, 0.000433120498201, 0.000193532294361, 0.000233607803239, 0.000192589708604, 5.45394577784e-05, 8.09439006844e-05, 3.8394722651e-05, 5.45962393517e-05, 6.06808680459e-05, 4.12673070969e-05, 2.31863832596e-05, 5.77412138227e-05, 2.43900285568e-05, 1.51327185449e-05, 1.27620778585e-05, 8.55986581882e-06, 7.56526014811e-06, 6.20909895588e-06, 5.20362436873e-06, 5.15859346706e-06, 2.87185093839e-06, 2.16313605961e-06, 2.17836668526e-06, 1.59161174906e-06, 1.43075885717e-06, 1.28634542307e-06, 1.13196665552e-06, 1.06613163098e-06, 1.07726850729e-06, 7.78592948336e-07, 4.41795407369e-07, 3.3312065284e-07, 3.43259699775e-07, 2.89769872097e-07],
        "min": [2.54693655055e-10, 1.28985533365e-09, 9.63832480494e-09, 7.01879843135e-09, 3.12084313947e-09, 2.86510770664e-09, 9.7669499155e-09, 1.28963684176e-08, 3.67699648507e-09, 1.00244017531e-08, 5.71804603666e-09, 1.38808742278e-09, 2.49032794386e-09, 2.77759970579e-09, 7.6919626224e-10, 1.08984057334e-08, 6.71119071427e-09, 1.19872938242e-08, 4.90512386264e-09, 3.81205333966e-09, 3.08393377502e-09, 5.11510345191e-09, 3.53380036344e-09, 2.73556088892e-09, 1.8854493522e-09, 3.50687123785e-09, 2.79479950294e-09, 1.42511680234e-09, 1.56582302679e-09, 4.17367918004e-10, 3.435223217e-09, 2.41363529163e-09, 7.1226752274e-10, 7.23005266767e-10, 8.98155438911e-11, 6.66122712545e-11, 1.00412985218e-11, 1.0266700684e-12, 6.34856154192e-13, 4.52836661398e-13],
        "stdev": [0.00178641884122, 0.00166932342108, 0.00168828165624, 0.00149686308578, 0.000361104728654, 0.000314419507049, 0.00143054604996, 0.000374360359274, 0.000346235960023, 0.000330832466716, 8.2679798652e-05, 0.000172941450728, 7.18168957974e-05, 0.000115884351544, 0.000104402621218, 6.89983935445e-05, 4.07584011555e-05, 0.000137837967486, 4.75806591567e-05, 2.37281328737e-05, 2.41501511482e-05, 3.8215341192e-05, 1.7214433683e-05, 1.73429016286e-05, 1.22182636915e-05, 1.01945124698e-05, 4.41041902377e-06, 3.19652485814e-06, 2.96795656141e-06, 2.09482277569e-06, 2.11402334571e-06, 1.94751851268e-06, 1.80314589215e-06, 2.02733258448e-06, 2.03016065825e-06, 1.47419507357e-06, 8.30779640637e-07, 6.71334248636e-07, 8.42359725084e-07, 7.81069616096e-07]
    },
    "melbands128": {
        "max": [0.00207873806357, 0.0126361688599, 0.0231119375676, 0.0179543942213, 0.0138863250613, 0.0121779832989, 0.0155236562714, 0.0172261074185, 0.017551055178, 0.0210139062256, 0.00668927654624, 0.00298881949857, 0.00234365696087, 0.00632805470377, 0.00412860373035, 0.000831645389553, 0.00924750976264, 0.0312748514116, 0.00993965752423, 0.00140968943015, 0.00360963889398, 0.00496317911893, 0.00243020895869, 0.00476012332365, 0.00446522515267, 0.00241258484311, 0.00118925853167, 0.000410312961321, 0.00100048654713, 0.0029809512198, 0.00118948030286, 0.000899057951756, 0.00107832229696, 0.00052582565695, 0.00183138542343, 0.00252940901555, 0.000702447025105, 0.000977853196673, 0.00185547978617, 0.000920849910472, 0.000388302811189, 0.000398184231017, 0.000297818420222, 0.000266305141849, 0.00217588525265, 0.00107138685416, 0.00142174016219, 0.000660126330331, 0.000349673035089, 0.000340525846696, 0.000132915709401, 0.000181799929123, 0.000489996629767, 0.000148976876517, 0.000520735513419, 0.00110763276462, 0.000576883554459, 0.000173108957824, 0.000378075521439, 0.000342323066434, 0.000343971420079, 0.000140777148772, 0.000550471013412, 9.47217340581e-05, 8.30913340906e-05, 0.000154017703608, 0.000176515051862, 4.63574142486e-05, 3.35961849487e-05, 4.18580602854e-05, 4.52855856565e-05, 4.11376058764e-05, 2.87642706098e-05, 2.4476519684e-05, 2.50300290645e-05, 1.58447710419e-05, 1.94307795027e-05, 2.12585164263e-05, 2.10066391446e-05, 2.24212035391e-05, 1.43940642374e-05, 1.54682329594e-05, 2.26915599342e-05, 1.26092745631e-05, 1.8751301468e-05, 2.26612773986e-05, 2.45914761763e-05, 9.12811374292e-05, 1.13571340989e-05, 1.69528429979e-05, 1.72776526597e-05, 1.67964099091e-05, 9.51140191319e-06, 8.54835707287e-06, 8.69446284923e-06, 8.42199915496e-06, 7.54907250666e-06, 1.13744263217e-05, 6.30947852187e-06, 1.8479733626e-05, 6.30940212432e-06, 1.28018182295e-05, 1.1811344848e-05, 1.12969419206e-05, 1.19866272144e-05, 6.80542871123e-06, 2.29667352869e-06, 4.69064798381e-06, 4.94001778861e-06, 3.69685949408e-06, 6.27387817076e-06, 4.92486151416e-06, 1.30189880565e-06, 2.56533425613e-08, 2.45199256454e-08, 2.0478450935e-08, 4.13850731462e-09, 3.39396488691e-09, 3.2512865733e-09, 3.14960257874e-09, 3.05749647822e-09, 2.98752800276e-09, 2.94557378488e-09, 2.85466805749e-09, 2.81244227907e-09, 2.77704725882e-09, 2.7481228404e-09, 2.73004507889e-09],
        "mean": [7.07051731297e-05, 0.000603001739364, 0.00107846967876, 0.000948510074522, 0.000968452717643, 0.000762755051255, 0.000635479809716, 0.000860239204485, 0.000797554850578, 0.00100870791357, 0.000459296861663, 0.000233819620917, 0.000206973971217, 0.000282757158857, 0.000162737691426, 6.19672573521e-05, 0.000294670317089, 0.000744919641875, 0.000266946241027, 8.73617609614e-05, 0.000222425936954, 0.000288679468213, 0.000154448352987, 0.000289188406896, 0.000308896822389, 0.000104855214886, 4.75257984363e-05, 3.8734957343e-05, 6.10947317909e-05, 0.000128545580083, 6.46902044537e-05, 3.68092260032e-05, 3.37129604304e-05, 2.46636409429e-05, 0.000100674798887, 4.08629130106e-05, 2.25551102631e-05, 4.82166142319e-05, 0.000109827786218, 6.24554013484e-05, 2.09280042327e-05, 1.32591885631e-05, 1.39592966661e-05, 1.60643849085e-05, 8.16452593426e-05, 5.5522632465e-05, 6.07253532507e-05, 1.17630688692e-05, 1.61161769938e-05, 2.32630682149e-05, 9.40294103202e-06, 1.29152513182e-05, 2.13158546103e-05, 7.53844415158e-06, 7.27803944756e-06, 9.98870473268e-06, 7.17639841241e-06, 9.37375716603e-06, 6.91392506269e-06, 6.58805038256e-06, 5.69039593756e-06, 6.25507163932e-06, 6.29469423075e-06, 4.00080170948e-06, 5.27018437424e-06, 5.55409633307e-06, 5.32014246346e-06, 2.81740790342e-06, 2.46076683652e-06, 2.55981331065e-06, 2.09226936931e-06, 1.93736832443e-06, 2.39353198594e-06, 2.28791918744e-06, 1.92507491192e-06, 1.43170097999e-06, 1.64726679941e-06, 1.39828159718e-06, 1.45263823015e-06, 1.39501355534e-06, 1.27451323806e-06, 1.31798458369e-06, 1.10898088224e-06, 1.17471222438e-06, 1.10939788556e-06, 9.32521629693e-07, 1.01166062905e-06, 1.36547612328e-06, 9.76686806098e-07, 1.05621984403e-06, 8.70571795986e-07, 7.46392345263e-07, 5.32691387889e-07, 4.56453534525e-07, 3.43740396147e-07, 3.73547351273e-07, 2.84551788354e-07, 3.37230176228e-07, 3.32653371515e-07, 4.38945221504e-07, 2.37195607156e-07, 2.5503749157e-07, 3.36944765422e-07, 1.99675312729e-07, 1.54292379762e-07, 1.19757800121e-07, 1.1373070663e-07, 1.15059719974e-07, 5.67949278718e-08, 3.88124696826e-08, 4.86686886347e-08, 8.13511746856e-08, 2.05505834572e-08, 7.01964431027e-10, 3.64509755713e-10, 2.97540381222e-10, 7.53871826076e-11, 9.24098384619e-12, 8.88550084205e-12, 8.63196580186e-12, 8.38455520291e-12, 8.21687249491e-12, 8.0998575902e-12, 7.87295575955e-12, 7.61922729769e-12, 7.25854142417e-12, 7.04433907039e-12, 6.97976962685e-12],
        "min": [4.40043383676e-11, 2.15387721547e-10, 2.89712087653e-10, 4.25788543312e-10, 2.35296421236e-10, 1.51938317483e-09, 8.25183832376e-09, 1.3286468814e-08, 1.10516884533e-08, 4.97229279972e-09, 6.20096241022e-09, 5.13952214121e-09, 1.49415813055e-09, 1.79825232483e-09, 2.13787210157e-09, 1.99222593977e-09, 1.00118180413e-08, 1.34440290012e-08, 5.79522163591e-09, 1.25305668064e-08, 1.96799838648e-08, 6.12592110372e-09, 6.5380978409e-10, 1.38066147404e-09, 5.19580378722e-09, 1.87398754292e-08, 1.06807203082e-08, 2.95248825388e-09, 2.66122812675e-09, 1.18848042518e-09, 1.43633693828e-09, 5.04762565079e-10, 6.89425405653e-10, 6.13637718416e-09, 4.51473303187e-09, 1.26840837833e-09, 7.77394537632e-10, 7.26033233533e-10, 4.01848498921e-10, 2.25491936234e-09, 1.60001079053e-08, 2.11655866167e-08, 3.73757114147e-09, 1.90713644876e-09, 3.03740699259e-09, 2.31067858181e-08, 1.00278105819e-08, 4.50225101645e-09, 1.88011850533e-09, 2.30812258195e-09, 2.14618967043e-09, 9.3041858662e-09, 2.79804890368e-09, 7.62975738144e-10, 2.35048003283e-09, 6.23432727664e-09, 7.20826376366e-09, 4.02563671287e-09, 1.71653646852e-09, 3.32226957056e-09, 3.94403842918e-09, 1.20961207717e-09, 1.23078069958e-09, 1.86493087639e-09, 3.05057601402e-09, 4.04419786548e-09, 4.09970724036e-09, 1.67053226807e-09, 3.39707928454e-09, 3.05260128286e-09, 4.96196084221e-10, 1.11551112791e-09, 1.82509907187e-09, 2.30019292502e-09, 3.59126034466e-10, 2.26256888225e-10, 3.21536464121e-10, 1.21276910736e-09, 5.45932143936e-09, 3.4027112239e-09, 8.62643068089e-10, 9.20927334391e-10, 3.85814324932e-10, 6.69026667399e-10, 7.03502811561e-10, 2.2667867583e-11, 4.76553276008e-11, 2.5975374629e-11, 6.14865276749e-12, 1.71496703557e-12, 3.84474093187e-12, 1.57346427554e-11, 1.38437056957e-11, 8.02854907122e-13, 2.7232510409e-13, 1.18191307436e-12, 6.03686425935e-13, 5.02429803491e-13, 5.18436584895e-13, 2.59334003924e-13, 2.55135891797e-13, 4.1548071949e-13, 3.28880694379e-13, 3.72441389795e-13, 2.8891881834e-13, 3.21159657028e-13, 3.0312181259e-13, 3.04169341624e-13, 2.70626647177e-13, 2.68722977897e-13, 2.20067738446e-13, 2.67430608908e-13, 3.35385826099e-13, 3.38616694363e-13, 2.20761641389e-13, 2.88087533429e-13, 2.55402497111e-13, 3.13692431406e-13, 2.91396491355e-13, 3.56370803093e-13, 3.22849928215e-13, 3.35424450802e-13, 2.91040493572e-13, 3.24733160284e-13, 2.6474403724e-13, 8.47969562406e-14, 1.25737729622e-14, 3.92041999857e-16],
        "stdev": [0.000189745958778, 0.001595909358, 0.00276087387465, 0.00212206412107, 0.0019263777649, 0.00163778313436, 0.0016368458746, 0.00234280806035, 0.0021835656371, 0.00222420645878, 0.000850015378091, 0.000327486952301, 0.000290943222353, 0.000642653962132, 0.000388554326491, 0.000109296743176, 0.000772341212723, 0.00269758002833, 0.000890955678187, 0.000165275821928, 0.000462280557258, 0.000612370902672, 0.000260784872808, 0.000574472825974, 0.000594697718043, 0.000240237626713, 0.000108872496639, 5.94430894125e-05, 0.000110620771011, 0.000324747350533, 0.000138008777867, 7.67138408264e-05, 9.06023051357e-05, 4.61337149318e-05, 0.000212517465116, 0.000125314269098, 5.44679060113e-05, 9.94677466224e-05, 0.000252605415881, 0.000121961929835, 4.15653739765e-05, 2.47803909588e-05, 2.46781801252e-05, 2.8598758945e-05, 0.000219938592636, 0.000133703608299, 0.000161509131431, 3.51470043825e-05, 3.19285973092e-05, 4.94982923556e-05, 1.45329649968e-05, 2.29433098866e-05, 5.14472994837e-05, 1.48903600348e-05, 2.55561226368e-05, 6.59895522404e-05, 2.81361226371e-05, 2.03702802537e-05, 2.04210846277e-05, 1.86021989066e-05, 1.90639984794e-05, 1.43288471008e-05, 2.55023769569e-05, 7.20012030797e-06, 9.49134755501e-06, 1.21279008454e-05, 1.38096538649e-05, 4.63740661871e-06, 3.75897388949e-06, 4.46747753813e-06, 3.51146263711e-06, 3.36587390848e-06, 3.75348531634e-06, 3.33566458721e-06, 3.06447850562e-06, 1.97910685529e-06, 2.50014727499e-06, 2.184912546e-06, 2.4992350518e-06, 2.51413916885e-06, 2.05177616408e-06, 2.21699269787e-06, 1.87693433418e-06, 1.92646552932e-06, 2.10979192161e-06, 1.79834182745e-06, 2.14198598769e-06, 4.8826332204e-06, 1.77863955741e-06, 2.16252055907e-06, 1.82169924301e-06, 1.67380028415e-06, 1.0276944522e-06, 9.80699837783e-07, 7.5832042512e-07, 8.31901161291e-07, 6.8151416599e-07, 8.72071893809e-07, 7.64702235756e-07, 1.5670538005e-06, 6.77459127019e-07, 8.90773094397e-07, 1.08643246222e-06, 7.63558148265e-07, 6.94595428286e-07, 4.33794525634e-07, 2.73648623761e-07, 3.61918239378e-07, 3.27896572117e-07, 2.40555294795e-07, 3.43764156696e-07, 3.69915198917e-07, 9.39327406968e-08, 2.87640866681e-09, 1.82002191096e-09, 1.39828859602e-09, 3.43947259562e-10, 1.44628226062e-10, 1.38551115025e-10, 1.3421816436e-10, 1.30294733336e-10, 1.27313076748e-10, 1.25522564565e-10, 1.21652077301e-10, 1.19858456493e-10, 1.18361292989e-10, 1.17134968391e-10, 1.16365528324e-10]
    },
    "mfcc": {
        "mean": [-688.242370605, 136.700500488, -23.4350891113, 22.0353069305, -13.253698349, 7.84764003754, -10.1524276733, 1.18456828594, -6.59888076782, 4.87513828278, -6.26202297211, 2.70914959908, -7.29655075073],
        "cov": [[6901.671875, -763.798522949, 1633.52587891, -768.046264648, 737.164855957, 143.727935791, 244.78062439, 32.8475723267, 221.756088257, 141.451599121, 549.070068359, -276.100372314, 297.612762451], [-763.798522949, 979.375366211, -305.542694092, 635.12322998, -99.7028884888, 18.8581295013, 207.625, 87.7147903442, 62.8319015503, 6.38764619827, -59.3584136963, 69.6950912476, 0.0566848441958], [1633.52587891, -305.542694092, 745.678405762, -224.502731323, 284.17086792, 38.7847251892, 81.8107528687, -17.3572788239, 37.190574646, 15.283624649, 161.203659058, -87.6944351196, 115.574554443], [-768.046264648, 635.12322998, -224.502731323, 546.772827148, -70.1765213013, 18.7043266296, 127.495491028, 80.0663375854, 22.4119110107, 1.44131350517, -72.0774993896, 58.0064086914, -12.8401937485], [737.164855957, -99.7028884888, 284.17086792, -70.1765213013, 194.152542114, 40.0183563232, 66.1303405762, -6.64325475693, 32.9287796021, 1.38226604462, 77.1212692261, -35.6630477905, 55.2729263306], [143.727935791, 18.8581295013, 38.7847251892, 18.7043266296, 40.0183563232, 85.554725647, 19.0188961029, 25.3549060822, -9.77782821655, 17.9801330566, 5.44596338272, 7.66893529892, 9.14326000214], [244.78062439, 207.625, 81.8107528687, 127.495491028, 66.1303405762, 19.0188961029, 166.428237915, 29.5617218018, 59.3504219055, -3.18471169472, 47.2393722534, 2.636677742, 30.9033069611], [32.8475723267, 87.7147903442, -17.3572788239, 80.0663375854, -6.64325475693, 25.3549060822, 29.5617218018, 80.454246521, 11.8463954926, 26.6030540466, -9.21309757233, 21.4839572906, -4.77129077911], [221.756088257, 62.8319015503, 37.190574646, 22.4119110107, 32.9287796021, -9.77782821655, 59.3504219055, 11.8463954926, 80.8056564331, 9.51589107513, 40.0327186584, -13.1673955917, 19.8775424957], [141.451599121, 6.38764619827, 15.283624649, 1.44131350517, 1.38226604462, 17.9801330566, -3.18471169472, 26.6030540466, 9.51589107513, 58.5519599915, 12.759396553, 12.6921291351, 0.794404864311], [549.070068359, -59.3584136963, 161.203659058, -72.0774993896, 77.1212692261, 5.44596338272, 47.2393722534, -9.21309757233, 40.0327186584, 12.759396553, 105.001525879, -22.7336235046, 42.2202377319], [-276.100372314, 69.6950912476, -87.6944351196, 58.0064086914, -35.6630477905, 7.66893529892, 2.636677742, 21.4839572906, -13.1673955917, 12.6921291351, -22.7336235046, 62.4878692627, -11.5409040451], [297.612762451, 0.0566848441958, 115.574554443, -12.8401937485, 55.2729263306, 9.14326000214, 30.9033069611, -4.77129077911, 19.8775424957, 0.794404864311, 42.2202377319, -11.5409040451, 65.1353378296]],
        "icov": [[0.000485071650473, -0.00028306018794, -0.000466699100798, 0.000672320311423, -0.000487833371153, -0.000109550463094, -4.26039150625e-05, -0.000788239529356, -6.93482797942e-05, -0.00065073807491, -0.000840418331791, 0.000978038879111, -0.00011651677778], [-0.00028306018794, 0.00582281081006, 0.00112633372191, -0.00574605725706, 0.00223649526015, -0.00060157669941, -0.00360154709779, 0.00185150792822, -0.000982513302006, -0.000886788126081, 0.000448650622275, -0.000164896919159, -0.0018214074662], [-0.000466699100798, 0.00112633372191, 0.00496433768421, -0.000519159890246, -0.00379642518237, 0.0014363899827, -0.00162388384342, -0.000446265330538, 0.00284264259972, -0.00120038352907, -0.000789050769527, 0.00200980412774, -0.00300708366558], [0.000672320311423, -0.00574605725706, -0.000519159890246, 0.00980213377625, -0.00207107700408, 0.000556952378247, -0.000579962972552, -0.00414046738297, 0.00132037163712, -0.000144523903145, 0.00183038867544, 0.000718663039152, -2.25571056944e-05], [-0.000487833371153, 0.00223649526015, -0.00379642518237, -0.00207107700408, 0.0165384430438, -0.00609673932195, -0.00343658123165, 0.00319783622399, -0.00333837047219, 0.00252810306847, -0.000227178519708, -0.000436335743871, -0.00170080736279], [-0.000109550463094, -0.00060157669941, 0.0014363899827, 0.000556952378247, -0.00609673932195, 0.0176070239395, -0.00149906845763, -0.00453993724659, 0.00684733549133, -0.00461900234222, 0.000771668564994, 7.69378602854e-05, -0.00137695064768], [-4.26039150625e-05, -0.00360154709779, -0.00162388384342, -0.000579962972552, -0.00343658123165, -0.00149906845763, 0.0174804199487, -0.00273054279387, -0.00678874179721, 0.00667442660779, -0.00516641885042, -0.00373350013979, 0.00227560778148], [-0.000788239529356, 0.00185150792822, -0.000446265330538, -0.00414046738297, 0.00319783622399, -0.00453993724659, -0.00273054279387, 0.0219956059009, -0.00371352816001, -0.00620408542454, 0.00439072819427, -0.00497178547084, 0.00188794406131], [-6.93482797942e-05, -0.000982513302006, 0.00284264259972, 0.00132037163712, -0.00333837047219, 0.00684733549133, -0.00678874179721, -0.00371352816001, 0.0241301152855, -0.00536520127207, -0.00496728532016, 0.00625481735915, -0.00261573796161], [-0.00065073807491, -0.000886788126081, -0.00120038352907, -0.000144523903145, 0.00252810306847, -0.00461900234222, 0.00667442660779, -0.00620408542454, -0.00536520127207, 0.0269976630807, -0.00449353083968, -0.00729137845337, 0.00288627971895], [-0.000840418331791, 0.000448650622275, -0.000789050769527, 0.00183038867544, -0.000227178519708, 0.000771668564994, -0.00516641885042, 0.00439072819427, -0.00496728532016, -0.00449353083968, 0.0239925943315, -0.000994086381979, -0.00569948554039], [0.000978038879111, -0.000164896919159, 0.00200980412774, 0.000718663039152, -0.000436335743871, 7.69378602854e-05, -0.00373350013979, -0.00497178547084, 0.00625481735915, -0.00729137845337, -0.000994086381979, 0.0262169130147, -0.00265681976452], [-0.00011651677778, -0.0018214074662, -0.00300708366558, -2.25571056944e-05, -0.00170080736279, -0.00137695064768, 0.00227560778148, 0.00188794406131, -0.00261573796161, 0.00288627971895, -0.00569948554039, -0.00265681976452, 0.0258997436613]]
    },
    "spectral_contrast_coeffs": {
        "max": [-0.545609891415, -0.551440238953, -0.614535987377, -0.626527667046, -0.651234090328, -0.506839752197],
        "mean": [-0.720436096191, -0.788372576237, -0.80108332634, -0.816596090794, -0.826467037201, -0.681840896606],
        "min": [-0.850269794464, -0.929759800434, -0.900950491428, -0.895345389843, -0.88850402832, -0.816544771194],
        "stdev": [0.0524416305125, 0.057191517204, 0.0453496798873, 0.0480415597558, 0.0281458571553, 0.0673397853971]
    },
    "spectral_contrast_valleys": {
        "max": [-4.96445178986, -4.67405128479, -5.58277177811, -5.90065574646, -6.25557518005, -8.89360809326],
        "mean": [-7.20400047302, -6.65789222717, -7.39404439926, -7.56901550293, -7.76097726822, -11.9419136047],
        "min": [-12.2636222839, -11.1861381531, -11.6842784882, -11.3711547852, -11.0071706772, -15.933216095],
        "stdev": [1.16513514519, 0.765595853329, 0.672571718693, 0.618496894836, 0.552565932274, 1.88830268383]
    }
},
"rhythm": {
    "beats_count": 30,
    "beats_loudness": {
        "max": 0.104025036097,
        "mean": 0.0190517939627,
        "min": 0.000800402427558,
        "stdev": 0.0262820888311
    },
    "bpm": 132.511993408,
    "bpm_histogram_first_peak_bpm": 133,
    "bpm_histogram_first_peak_weight": 0,
    "bpm_histogram_second_peak_bpm": 152,
    "bpm_histogram_second_peak_spread": 0,
    "bpm_histogram_second_peak_weight": 0.206896558404,
    "danceability": 0.650990962982,
    "onset_rate": 0.626990437508,
    "beats_loudness_band_ratio": {
        "max": [0.709474682808, 0.518361568451, 0.728985726833, 0.319794654846, 0.265460789204, 0.0996362566948],
        "mean": [0.264462828636, 0.250541031361, 0.261282354593, 0.151126608253, 0.0911935940385, 0.0368163324893],
        "min": [0.0171982720494, 0.086615704, 0.0924980267882, 0.0399940758944, 0.016784960404, 0.0105828577653],
        "stdev": [0.178681433201, 0.120087869465, 0.143527194858, 0.0850650966167, 0.0633055344224, 0.0212001949549]
    },
    "beats_position": [0.348299324512, 0.719818592072, 1.06811785698, 1.4164172411, 1.764716506, 2.11301589012, 2.4497051239, 2.7863945961, 3.15791368484, 3.52943301201, 3.90095233917, 4.27247142792, 4.66721057892, 5.06195020676, 5.45668935776, 5.94430828094, 6.420317173, 6.8963265419, 7.37233543396, 7.76707458496, 8.16181373596, 8.55655288696, 9.0093421936, 9.46213150024, 9.91492080688, 10.3677091599, 10.8204984665, 11.2732877731, 11.7260770798, 12.1788663864],
