{
"metadata": {
    "version": {
        "essentia": "2.1-beta5",
        "essentia_git_sha": "Undefined",
        "extractor": "music 2.0"
    },
    "audio_properties": {
        "analysis": {
            "equal_loudness": 0,
            "length": 29.0017242432,
            "sample_rate": 44100,
            "start_time": 129.985305786,
            "downmix": "mix"
        },
        "bit_rate": 192000,
        "length": 190.508117676,
        "lossless": 0,
        "number_channels": 2,
        "replay_gain": -3.57088661194,
        "sample_rate": 48000,
        "codec": "mp3",
        "md5_encoded": "66de20141b404a9fe7c5eb69366ff401"
    },
    "tags": {
        "file_name": "Latvia_Beautiful Song_Anmary.mp3",
        "encoding": ["Lavf58.29.100"]
    }
},
"lowlevel": {
    "average_loudness": 0.974778234959,
    "barkbands_crest": {
        "max": 23.9863815308,
        "mean": 8.77729225159,
        "min": 2.41082954407,
        "stdev": 3.97467756271
    },
    "barkbands_flatness_db": {
        "max": 0.247064501047,
        "mean": 0.1013122648,
        "min": 0.0365529507399,
        "stdev": 0.0352535694838
    },
    "barkbands_kurtosis": {
        "max": 64.4335632324,
        "mean": 1.72857558727,
        "min": -1.91342151165,
        "stdev": 5.41556024551
    },
    "barkbands_skewness": {
        "max": 7.43374586105,
        "mean": 1.19602167606,
        "min": -2.97245311737,
        "stdev": 1.11360692978
    },
    "barkbands_spread": {
        "max": 109.040916443,
        "mean": 43.6684875488,
        "min": 3.1148982048,
        "stdev": 19.3453197479
    },
    "dissonance": {
        "max": 0.499645978212,
        "mean": 0.4681622684,
        "min": 0.357106566429,
        "stdev": 0.0211739726365
    },
    "dynamic_complexity": 1.54388904572,
    "erbbands_crest": {
        "max": 23.3420124054,
        "mean": 7.13479852676,
        "min": 2.33164787292,
        "stdev": 3.46582698822
    },
    "erbbands_flatness_db": {
        "max": 0.240826532245,
        "mean": 0.114777877927,
        "min": 0.0573765896261,
        "stdev": 0.0290945414454
    },
    "erbbands_kurtosis": {
        "max": 17.1154632568,
        "mean": -0.192125350237,
        "min": -1.71816706657,
        "stdev": 1.4755666256
    },
    "erbbands_skewness": {
        "max": 2.55613136292,
        "mean": 0.109411679208,
        "min": -3.79574489594,
        "stdev": 0.820841312408
    },
    "erbbands_spread": {
        "max": 143.108078003,
        "mean": 63.8209114075,
        "min": 13.7346229553,
        "stdev": 22.1209869385
    },
    "hfc": {
        "max": 486.755737305,
        "mean": 62.893032074,
        "min": 6.57298946381,
        "stdev": 55.4972381592
    },
    "loudness_ebu128": {
        "integrated": -17.583978653,
        "loudness_range": 0.881284713745,
        "momentary": {
            "max": -15.7128047943,
            "mean": -17.6657505035,
            "min": -20.6294345856,
            "stdev": 0.84430706501
        },
        "short_term": {
            "max": -17.0881729126,
            "mean": -17.6362762451,
            "min": -18.6292667389,
            "stdev": 0.339998334646
        }
    },
    "melbands_crest": {
        "max": 30.4864273071,
        "mean": 12.961359024,
        "min": 4.40988826752,
        "stdev": 5.21354866028
    },
    "melbands_flatness_db": {
        "max": 0.32541757822,
        "mean": 0.136719092727,
        "min": 0.0309482719749,
        "stdev": 0.0474319122732
    },
    "melbands_kurtosis": {
        "max": 207.384094238,
        "mean": 15.6035423279,
        "min": -1.89432656765,
        "stdev": 21.4780502319
    },
    "melbands_skewness": {
        "max": 12.6023797989,
        "mean": 3.08893084526,
        "min": 0.0739780515432,
        "stdev": 1.71652090549
    },
    "melbands_spread": {
        "max": 298.212982178,
        "mean": 42.10962677,
        "min": 2.04105448723,
        "stdev": 36.6198616028
    },
    "pitch_salience": {
        "max": 0.80611872673,
        "mean": 0.582504272461,
        "min": 0.186928108335,
        "stdev": 0.109175771475
    },
    "silence_rate_20dB": {
        "max": 1,
        "mean": 1,
        "min": 1,
        "stdev": 0
    },
    "silence_rate_30dB": {
        "max": 1,
        "mean": 0.998399972916,
        "min": 0,
        "stdev": 0.0399676710367
    },
    "silence_rate_60dB": {
        "max": 0,
        "mean": 0,
        "min": 0,
        "stdev": 0
    },
    "spectral_centroid": {
        "max": 6317.87988281,
        "mean": 1818.62060547,
        "min": 267.813476562,
        "stdev": 763.567993164
    },
    "spectral_complexity": {
        "max": 53,
        "mean": 24.6583995819,
        "min": 6,
        "stdev": 8.90164661407
    },
    "spectral_decrease": {
        "max": -1.05145514517e-09,
        "mean": -8.21128320894e-09,
        "min": -2.96696551771e-08,
        "stdev": 4.41848779786e-09
    },
    "spectral_energy": {
        "max": 0.115287318826,
        "mean": 0.0366958416998,
        "min": 0.00495469942689,
        "stdev": 0.0172027535737
    },
    "spectral_energyband_high": {
        "max": 0.0488111823797,
        "mean": 0.00553914625198,
        "min": 0.000164584533195,
        "stdev": 0.00612768810242
    },
    "spectral_energyband_low": {
        "max": 0.106743521988,
        "mean": 0.0100660426542,
        "min": 3.67606116924e-05,
        "stdev": 0.0134460944682
    },
    "spectral_energyband_middle_high": {
        "max": 0.0445956401527,
        "mean": 0.00613884115592,
        "min": 0.000249684671871,
        "stdev": 0.00547676952556
    },
    "spectral_energyband_middle_low": {
        "max": 0.0783944651484,
        "mean": 0.0164012070745,
        "min": 0.00119823100977,
        "stdev": 0.0113783301786
    },
    "spectral_entropy": {
        "max": 8.8505563736,
        "mean": 8.14129734039,
        "min": 6.75317811966,
        "stdev": 0.310749053955
    },
    "spectral_flux": {
        "max": 0.30968940258,
        "mean": 0.114533230662,
        "min": 0.0307012200356,
        "stdev": 0.0397131592035
    },
    "spectral_kurtosis": {
        "max": 5.68307495117,
        "mean": 0.948100268841,
        "min": -1.40913164616,
        "stdev": 0.964282631874
    },
    "spectral_rms": {
        "max": 0.010605443269,
        "mean": 0.00582159170881,
        "min": 0.00219860253856,
        "stdev": 0.00138198304921
    },
    "spectral_rolloff": {
        "max": 12510.7910156,
        "mean": 3673.75512695,
        "min": 86.1328125,
        "stdev": 3057.92993164
    },
    "spectral_skewness": {
        "max": 2.29809522629,
        "mean": 1.02777814865,
        "min": -0.327904343605,
        "stdev": 0.335918158293
    },
    "spectral_spread": {
        "max": 18158508,
        "mean": 7880683.5,
        "min": 4689580.5,
        "stdev": 1917523.75
    },
    "spectral_strongpeak": {
        "max": 17.0128707886,
        "mean": 1.0412569046,
        "min": 0,
        "stdev": 1.42674338818
    },
    "zerocrossingrate": {
        "max": 0.41552734375,
        "mean": 0.130256250501,
        "min": 0.01171875,
        "stdev": 0.0676376596093
    },
    "barkbands": {
        "max": [0.00519094383344, 0.10241945833, 0.0340085253119, 0.0382361337543, 0.040788166225, 0.0340587198734, 0.0424723960459, 0.0436745025218, 0.0275171101093, 0.0136220632121, 0.0320446416736, 0.0189184676856, 0.0171902664006, 0.0149531411007, 0.0111054778099, 0.00647532381117, 0.0067772353068, 0.00427052658051, 0.00775268068537, 0.00596718071029, 0.00513899698853, 0.00961736030877, 0.0157711748034, 0.0155389951542, 0.025791445747, 0.0104589546099, 2.15506406676e-05],
        "mean": [0.00026671696105, 0.00602174596861, 0.00242497911677, 0.00297452695668, 0.00487067410722, 0.00190553208813, 0.00252059753984, 0.0013191299513, 0.00257366290316, 0.00067372911144, 0.00112328992691, 0.000706795311999, 0.000577566213906, 0.000703319674358, 0.000527187075932, 0.000381566060241, 0.000395337643567, 0.000483210285893, 0.000436126370914, 0.000536725332495, 0.000456317007774, 0.00067821634002, 0.00103211950045, 0.00145160569809, 0.00127477000933, 0.00038013397716, 2.71915723715e-07],
        "min": [1.68238614151e-08, 8.37182597024e-07, 5.01014073961e-06, 4.72583815281e-06, 0.000101043340692, 3.25020118908e-05, 9.3328380899e-06, 5.94849916524e-06, 1.05931594589e-05, 1.55487377924e-05, 1.80608949449e-05, 2.39277119363e-06, 3.09075380756e-06, 5.80759842705e-06, 3.02813759845e-06, 5.51172115593e-06, 2.25995154324e-06, 2.12565083757e-07, 3.07831805912e-06, 1.06954223611e-06, 1.11341787488e-05, 1.8369873942e-05, 3.73838702217e-05, 4.836251901e-05, 2.08121764445e-05, 7.49623225715e-08, 8.09879940888e-11],
        "stdev": [0.000538613938261, 0.0109246391803, 0.00366918439977, 0.00485121738166, 0.00598992686719, 0.0031398748979, 0.0043673994951, 0.00277058384381, 0.00413986714557, 0.00134057202376, 0.00192348635755, 0.0016815996496, 0.00134782702662, 0.00130115251523, 0.000912225979846, 0.000622689491138, 0.000610995863099, 0.000548376701772, 0.000580854772124, 0.000639326986857, 0.000512839236762, 0.000740688876249, 0.00121014378965, 0.0019484392833, 0.00243541458622, 0.00081173167564, 1.0972067912e-06]
    },
    "erbbands": {
        "max": [3.60974764824, 20.2054920197, 40.2092132568, 69.9282989502, 166.738891602, 244.653518677, 283.163208008, 372.102050781, 688.318603516, 800.952880859, 1002.8371582, 826.756469727, 555.76550293, 1429.24536133, 430.721221924, 562.028381348, 901.306762695, 693.82220459, 375.952819824, 683.075317383, 415.641296387, 305.241455078, 278.965515137, 194.820983887, 482.734710693, 229.578079224, 184.367355347, 251.623687744, 220.287200928, 628.016174316, 473.891357422, 320.754455566, 368.070587158, 411.118896484, 98.3365936279, 66.5280456543, 11.5731554031, 0.438710570335, 0.0109308697283, 0.000978910364211],
        "mean": [0.175881132483, 1.32351863384, 2.92374444008, 6.64671707153, 13.2219610214, 17.5537147522, 15.6573295593, 16.0522556305, 29.9349098206, 37.9733734131, 34.1044540405, 54.5143318176, 36.3924674988, 30.2935123444, 39.6535339355, 27.1556777954, 27.0566272736, 36.8796043396, 26.6447525024, 26.5918903351, 23.0889797211, 23.2338161469, 24.9438037872, 23.3880271912, 24.2088794708, 24.9544563293, 18.5219345093, 19.2884845734, 22.7446804047, 29.9126491547, 29.3028812408, 28.5909194946, 24.9242763519, 17.5239772797, 6.87930011749, 2.74557566643, 0.496223837137, 0.0155125185847, 0.000545269867871, 0.000103346290416],
        "min": [2.7249861887e-05, 0.000570231874008, 0.00798157602549, 0.0445988588035, 0.054555542767, 0.407944709063, 0.377901613712, 0.383898615837, 0.358300864697, 0.431546241045, 0.526610910892, 0.482000529766, 0.300120681524, 0.830922782421, 0.682070851326, 0.47701099515, 0.162202090025, 0.541976928711, 0.769041597843, 0.203139096498, 0.447152107954, 0.337693542242, 0.135583475232, 0.270057916641, 0.178032934666, 0.18126437068, 0.333756089211, 0.330892831087, 0.557383656502, 0.947550415993, 1.13799214363, 0.935938775539, 0.738294184208, 0.315153568983, 0.112744405866, 0.0130896344781, 0.000381594436476, 3.13354503305e-05, 1.8882972654e-05, 1.2820619304e-05],
        "stdev": [0.393276900053, 2.28601837158, 4.06651735306, 9.12695980072, 19.1978263855, 26.7445316315, 24.128578186, 29.3026638031, 67.1623687744, 64.554977417, 62.4174919128, 96.0086288452, 64.3586959839, 67.7333908081, 53.6031150818, 56.1550140381, 63.8840866089, 70.2652893066, 39.8497657776, 50.3588409424, 36.5322990417, 33.1819190979, 29.1643028259, 24.8366718292, 35.3165626526, 29.1061115265, 18.7714519501, 22.8794784546, 24.3531703949, 36.6113929749, 34.9726524353, 35.470035553, 38.4319190979, 36.0494613647, 11.4460134506, 5.67388057709, 1.04849481583, 0.0347952991724, 0.00105133245233, 0.000106485924334]
    },
    "gfcc": {
        "mean": [69.6982727051, 44.9496154785, -100.10496521, 38.8190193176, -82.1031188965, 30.391456604, -53.0260429382, 17.6302909851, -30.9614524841, 3.1054315567, -19.8535118103, -1.18588387966, -13.32670784],
        "cov": [[856.617004395, -189.613891602, -21.552520752, 94.4781265259, 130.343017578, 72.328125, 102.537818909, 138.236297607, 31.5746154785, 58.9288101196, -18.0248699188, 35.4879722595, -17.6649169922], [-189.613891602, 637.892028809, -212.117538452, 41.0131988525, 82.008392334, 6.79390239716, 96.8433837891, 4.34681463242, 30.5390720367, -38.8153648376, 90.2076873779, -56.1122665405, 25.1829795837], [-21.552520752, -212.117538452, 601.977478027, 207.143157959, 157.973175049, 106.276184082, 15.6966199875, 50.3912200928, 11.9215106964, 84.0423812866, -65.0457077026, 77.3391571045, -31.4497413635], [94.4781265259, 41.0131988525, 207.143157959, 417.984222412, 165.688781738, 47.2045211792, 68.6829452515, 53.3612823486, 67.6258850098, 46.7193832397, 17.9487895966, 42.8156318665, 29.1101322174], [130.343017578, 82.008392334, 157.973175049, 165.688781738, 285.839233398, 137.475875854, 130.591674805, 124.605018616, 31.3114280701, 57.6141662598, -3.44056916237, 28.8750724792, -18.3977508545], [72.328125, 6.79390239716, 106.276184082, 47.2045211792, 137.475875854, 192.805099487, 140.982070923, 67.8210601807, 8.47214984894, 37.7930603027, 22.3006782532, -2.39047670364, -9.48419189453], [102.537818909, 96.8433837891, 15.6966199875, 68.6829452515, 130.591674805, 140.982070923, 206.353103638, 100.438804626, 6.53193569183, 42.84715271, 35.4254150391, 0.0931809395552, -8.36146068573], [138.236297607, 4.34681463242, 50.3912200928, 53.3612823486, 124.605018616, 67.8210601807, 100.438804626, 155.102294922, 62.5244064331, 36.6758956909, -1.23085343838, 30.6259975433, 3.8569047451], [31.5746154785, 30.5390720367, 11.9215106964, 67.6258850098, 31.3114280701, 8.47214984894, 6.53193569183, 62.5244064331, 102.312171936, 31.0743312836, 9.49604988098, 20.3754825592, 23.4406223297], [58.9288101196, -38.8153648376, 84.0423812866, 46.7193832397, 57.6141662598, 37.7930603027, 42.84715271, 36.6758956909, 31.0743312836, 94.315246582, 26.8110923767, 30.5616531372, -3.02823424339], [-18.0248699188, 90.2076873779, -65.0457077026, 17.9487895966, -3.44056916237, 22.3006782532, 35.4254150391, -1.23085343838, 9.49604988098, 26.8110923767, 101.644828796, 11.9260492325, 20.5137367249], [35.4879722595, -56.1122665405, 77.3391571045, 42.8156318665, 28.8750724792, -2.39047670364, 0.0931809395552, 30.6259975433, 20.3754825592, 30.5616531372, 11.9260492325, 84.1779403687, 23.7074623108], [-17.6649169922, 25.1829795837, -31.4497413635, 29.1101322174, -18.3977508545, -9.48419189453, -8.36146068573, 3.8569047451, 23.4406223297, -3.02823424339, 20.5137367249, 23.7074623108, 63.2615852356]],
        "icov": [[0.00182480539661, 0.000685348932166, 0.00118720065802, -0.000874814053532, -9.39340316108e-05, -0.000678708951455, 0.000383689504815, -0.00163793866523, 0.000875553057995, -0.00096767564537, 0.000685364473611, -0.000550978991669, 0.000864481728058], [0.000685348932166, 0.00465801917017, -0.000369529327145, 0.00186865346041, -0.00563833210617, 0.0057927351445, -0.00616685533896, 0.00519984634593, -0.00553728966042, 0.00479047233239, -0.00453690998256, 0.00324676185846, -0.00207434408367], [0.00118720065802, -0.000369529327145, 0.00549969496205, -0.00370779191144, 0.00223588664085, -0.00645643053576, 0.00552110094577, -0.0039269272238, 0.00456815445796, -0.0050578690134, 0.0049139414914, -0.00445216707885, 0.00371057633311], [-0.000874814053532, 0.00186865346041, -0.00370779191144, 0.00739826261997, -0.00710403034464, 0.0081161512062, -0.00802327692509, 0.00840481743217, -0.00857530161738, 0.00542992027476, -0.00462077278644, 0.00300022074953, -0.00484648067504], [-9.39340316108e-05, -0.00563833210617, 0.00223588664085, -0.00710403034464, 0.0181794967502, -0.0142730372027, 0.0108681349084, -0.014975710772, 0.0119215566665, -0.00932735111564, 0.00811594165862, -0.00593562517315, 0.00682422332466], [-0.000678708951455, 0.0057927351445, -0.00645643053576, 0.0081161512062, -0.0142730372027, 0.0269272420555, -0.0213084444404, 0.0145345088094, -0.0139444544911, 0.0108346510679, -0.0107391001657, 0.00946063920856, -0.00763388490304], [0.000383689504815, -0.00616685533896, 0.00552110094577, -0.00802327692509, 0.0108681349084, -0.0213084444404, 0.0291523486376, -0.0212235245854, 0.0188054535538, -0.013160164468, 0.0060933791101, -0.00427443021908, 0.0061398553662], [-0.00163793866523, 0.00519984634593, -0.0039269272238, 0.00840481743217, -0.014975710772, 0.0145345088094, -0.0212235245854, 0.0320634096861, -0.0231029614806, 0.0115312645212, -0.00480155600235, 0.000875090248883, -0.00494179083034], [0.000875553057995, -0.00553728966042, 0.00456815445796, -0.00857530161738, 0.0119215566665, -0.0139444544911, 0.0188054535538, -0.0231029614806, 0.0312035325915, -0.0152875427157, 0.00754835410044, -0.00317690335214, 0.000385372142773], [-0.00096767564537, 0.00479047233239, -0.0050578690134, 0.00542992027476, -0.00932735111564, 0.0108346510679, -0.013160164468, 0.0115312645212, -0.0152875427157, 0.0260444488376, -0.0120830722153, 0.000825963565148, -0.000201046466827], [0.000685364473611, -0.00453690998256, 0.0049139414914, -0.00462077278644, 0.00811594165862, -0.0107391001657, 0.0060933791101, -0.00480155600235, 0.00754835410044, -0.0120830722153, 0.0215892102569, -0.00757220713422, 0.000876666395925], [-0.000550978991669, 0.00324676185846, -0.00445216707885, 0.00300022074953, -0.00593562517315, 0.00946063920856, -0.00427443021908, 0.000875090248883, -0.00317690335214, 0.000825963565148, -0.00757220713422, 0.0235000066459, -0.0111009739339], [0.000864481728058, -0.00207434408367, 0.00371057633311, -0.00484648067504, 0.00682422332466, -0.00763388490304, 0.0061398553662, -0.00494179083034, 0.000385372142773, -0.000201046466827, 0.000876666395925, -0.0111009739339, 0.0266257133335]]
    },
    "melbands": {
        "max": [0.0311035886407, 0.0189592987299, 0.0144218690693, 0.0107231512666, 0.00858106464148, 0.0075173121877, 0.0100653832778, 0.00740058347583, 0.00662377849221, 0.00531912362203, 0.00275219045579, 0.00532923918217, 0.00222885352559, 0.00289665465243, 0.00110830517951, 0.00158290378749, 0.00147883617319, 0.000857082835864, 0.000926986103877, 0.000446094200015, 0.000458949129097, 0.000395491952077, 0.000281134882243, 0.000255154474871, 0.000176065397682, 0.000476665009046, 0.00037120183697, 0.000192169492948, 0.000139058960485, 0.000133269553771, 0.000146020276588, 0.000132757020765, 0.000228172983043, 0.000381947145797, 0.000307411391987, 0.00022949531558, 0.000238185282797, 0.000297453661915, 0.000296364014503, 0.000362446531653],
        "mean": [0.00162907177582, 0.00161921372637, 0.00135586014949, 0.00110751308966, 0.000611406227108, 0.000377208227292, 0.00045984738972, 0.00038647375186, 0.000301497842884, 0.000346091459505, 0.00017329097318, 0.000113423659059, 0.000151798449224, 9.10473027034e-05, 5.1835893828e-05, 6.62495585857e-05, 6.70731460559e-05, 4.25891703344e-05, 4.03255326091e-05, 2.74646827165e-05, 2.70596392511e-05, 2.47422540269e-05, 1.93753803615e-05, 2.49835375143e-05, 1.79295093403e-05, 1.7826390831e-05, 1.83553893294e-05, 1.60561630764e-05, 1.18381358334e-05, 1.00169463622e-05, 1.16280170914e-05, 1.22226929307e-05, 1.42370445246e-05, 1.76007924892e-05, 1.69594823092e-05, 1.61173084052e-05, 1.81856921699e-05, 1.79846829269e-05, 1.67185880855e-05, 1.39563662742e-05],
        "min": [2.20243606464e-07, 4.41828888142e-06, 1.84881155292e-05, 1.38867753776e-05, 1.80799634109e-05, 4.99861835124e-06, 1.98430484488e-06, 2.39635210164e-06, 3.01115665025e-06, 1.22516735246e-06, 8.75305431691e-07, 1.06703703295e-06, 2.12210034078e-06, 4.15843942392e-07, 3.56183704753e-07, 3.87140090652e-07, 2.5496299827e-07, 7.04959973064e-07, 2.2587657611e-07, 1.64846838402e-07, 2.72998704531e-07, 2.72445475957e-07, 1.36422841024e-07, 7.72683161898e-09, 1.28216541384e-07, 7.93638719188e-08, 1.44169316485e-08, 3.1316471194e-08, 1.65616157233e-07, 1.8612645647e-07, 6.62217658487e-08, 2.76709243963e-07, 3.80318681437e-07, 5.32595947789e-07, 7.33756110094e-07, 4.04883508054e-07, 6.0188841644e-07, 5.99850409344e-07, 3.5534685594e-07, 2.37637337364e-07],
        "stdev": [0.00322412629612, 0.00218402245082, 0.00177674531005, 0.00140833179466, 0.000872917240486, 0.000653623894323, 0.000923787185457, 0.000663307844661, 0.000522015383467, 0.00060605048202, 0.000321295461617, 0.000263515394181, 0.000217871653149, 0.000244998431299, 9.68544190982e-05, 0.000150509746163, 0.000133143315907, 7.58677269914e-05, 7.46208679629e-05, 4.88916557515e-05, 4.58693793917e-05, 3.93806767534e-05, 2.50694774877e-05, 2.97266778944e-05, 2.08408036997e-05, 2.91006235784e-05, 2.92442600767e-05, 2.02299324883e-05, 1.24928556033e-05, 1.20661197798e-05, 1.47053006003e-05, 1.37824436024e-05, 1.61686330102e-05, 2.26591000683e-05, 2.1755186026e-05, 1.86144425243e-05, 2.44873062911e-05, 2.91210944852e-05, 3.03251908917e-05, 3.02212538372e-05]
    },
    "melbands128": {
        "max": [0.00483876047656, 0.0275207273662, 0.0497040823102, 0.0298801995814, 0.0235865116119, 0.0165337715298, 0.0181147754192, 0.0235186778009, 0.0190047472715, 0.017345700413, 0.0192811712623, 0.018189067021, 0.0140200555325, 0.0123908603564, 0.0142484409735, 0.00900134723634, 0.0197638683021, 0.0186532009393, 0.00750308390707, 0.0153771303594, 0.0122167486697, 0.0180631801486, 0.00732611492276, 0.0107233626768, 0.00971563626081, 0.00958083104342, 0.00900987535715, 0.00282549415715, 0.00433461554348, 0.00185936584603, 0.011856932193, 0.00569482846186, 0.00335810845718, 0.00221441593021, 0.00523997005075, 0.00435747532174, 0.00100250367541, 0.000972681911662, 0.00288441614248, 0.00388775323518, 0.00280195195228, 0.0045943884179, 0.00208981358446, 0.00215917848982, 0.00219254614785, 0.00143895868678, 0.000772763276473, 0.00133092503529, 0.0024484267924, 0.00129046663642, 0.000714245077688, 0.000913228897844, 0.00092212180607, 0.000891604577191, 0.00115670578089, 0.000592104159296, 0.000652573595289, 0.000420611089794, 0.00046589714475, 0.000528774573468, 0.000487157900352, 0.000555689446628, 0.000331089249812, 0.000292959128274, 0.000861575768795, 0.00106705224607, 0.000437437469373, 0.000704755831975, 0.000904623128008, 0.000368524866644, 0.000429329869803, 0.000413540110458, 0.000178949485417, 0.000135507696541, 0.000162629556144, 0.000118819443742, 0.000242582042119, 0.000130455955514, 0.000167682184838, 0.000161010932061, 0.000180815652129, 0.000223703260417, 0.0001422266796, 0.000160860945471, 0.000435116264271, 0.000418481271481, 0.000363801780622, 0.000354441668605, 0.000348278816091, 0.000252295838436, 0.000264164671535, 0.000259878725046, 0.00030095083639, 0.000269853801001, 0.000381240970455, 0.000541108078323, 0.000368438108126, 0.00027022822178, 0.000287054572254, 0.000476829241961, 0.000547279661987, 0.00042605746421, 0.000181244526175, 0.000144911871757, 0.000155826026457, 0.000174478103872, 0.000124126512674, 0.000194416657905, 0.000121457218484, 0.000109822278318, 9.39052697504e-05, 7.09716550773e-05, 2.53580128629e-05, 3.89711294702e-06, 4.98515237268e-06, 5.61674505661e-06, 9.73296096163e-07, 5.26540908652e-08, 5.08741031524e-08, 4.93062302098e-08, 4.78923105618e-08, 4.67244483104e-08, 4.56019328965e-08, 4.47137757931e-08, 4.39554099785e-08, 4.33209095263e-08, 4.28786357531e-08, 4.26055315472e-08],
        "mean": [0.000238342792727, 0.00132950325496, 0.00223844428547, 0.00217601424083, 0.00161758519243, 0.00112547876779, 0.00128094304819, 0.00154871318955, 0.00132841768209, 0.00108257471584, 0.00101996283047, 0.000727626495063, 0.000488960766234, 0.000492012128234, 0.000343044986948, 0.000275004014838, 0.000512847676873, 0.000460814568214, 0.000426711427281, 0.000514417304657, 0.000280244043097, 0.000270089425612, 0.000238861844991, 0.000434254412539, 0.00039369231672, 0.000278521329165, 0.000328182097292, 0.000123270248878, 0.000105137907667, 7.36379588488e-05, 0.000113807167509, 0.00019402448379, 0.000197075889446, 7.48454476707e-05, 0.000104191705759, 0.000107906198537, 4.56151828985e-05, 5.04592790094e-05, 5.11214129801e-05, 6.13509037066e-05, 5.77817481826e-05, 9.35316493269e-05, 7.65597942518e-05, 4.63386568299e-05, 5.30197503394e-05, 4.10591273976e-05, 3.18251622957e-05, 4.0849634388e-05, 4.76372588309e-05, 3.2961164834e-05, 2.23573370022e-05, 2.24094528676e-05, 3.12600895995e-05, 2.67066188826e-05, 2.35607349168e-05, 2.76550999843e-05, 2.3045888156e-05, 1.7079675672e-05, 1.8559050659e-05, 2.23323404498e-05, 2.77803683275e-05, 2.64295067609e-05, 1.63258591783e-05, 1.48339795487e-05, 2.07668490475e-05, 1.9077966499e-05, 1.46240518006e-05, 1.803701889e-05, 1.98479483515e-05, 1.78771661012e-05, 1.70171788341e-05, 1.48606150105e-05, 1.24384341689e-05, 1.17612253234e-05, 1.0499416021e-05, 9.32908096729e-06, 1.03676375147e-05, 1.04235950857e-05, 1.26754239318e-05, 1.163856723e-05, 1.136947958e-05, 1.30011721922e-05, 1.30142834678e-05, 1.3613774172e-05, 1.54865174409e-05, 1.83670417755e-05, 1.81097930181e-05, 1.70061393874e-05, 1.73699081643e-05, 1.64972880157e-05, 1.56207024702e-05, 1.58448910952e-05, 1.71377232618e-05, 1.76194753294e-05, 1.91403814824e-05, 2.05305022973e-05, 1.69780305441e-05, 1.56603782671e-05, 1.59454357345e-05, 1.83219581231e-05, 1.68348215084e-05, 1.37834085763e-05, 9.78870866675e-06, 8.28520842333e-06, 7.59530075811e-06, 6.37855100649e-06, 6.48881405141e-06, 5.33489992449e-06, 4.76404375149e-06, 3.9686206037e-06, 3.41675354321e-06, 2.74907006315e-06, 1.0418285683e-06, 1.12617549064e-07, 7.6815162231e-08, 6.97458588661e-08, 1.34591751078e-08, 7.42983174984e-11, 6.60468901792e-11, 6.3469146605e-11, 6.13043088515e-11, 5.9504415284e-11, 5.79878749185e-11, 5.67580635269e-11, 5.55898105326e-11, 5.45727872614e-11, 5.38656376448e-11, 5.3481483131e-11],
        "min": [1.35313644734e-08, 1.97815683833e-08, 1.84655874591e-07, 3.74631525801e-07, 2.61959712589e-07, 2.06072672881e-06, 1.38718314702e-06, 1.0500962162e-06, 3.2504981391e-06, 9.86303712125e-06, 2.62777120952e-06, 1.20181312013e-06, 9.90355488284e-07, 3.69188001059e-06, 6.20361674919e-07, 4.02493867568e-07, 7.25453105588e-07, 1.05661501948e-06, 1.4158056274e-06, 9.84738676379e-07, 5.49154265173e-07, 3.75549092269e-07, 6.05225181971e-07, 1.17924480492e-06, 4.8352092108e-07, 1.72056616066e-07, 1.65399995922e-07, 3.82693087886e-07, 4.28472901604e-07, 1.4561535977e-07, 1.67169901033e-07, 5.56770487492e-07, 1.35081893404e-06, 3.4093773138e-07, 3.82954787881e-08, 5.88248951772e-08, 1.66645349964e-07, 7.93982195546e-08, 3.28333022992e-08, 4.84995332783e-08, 1.49784654013e-07, 6.23889135909e-08, 8.50067891633e-08, 1.43942770592e-07, 1.94992708202e-07, 1.8715913086e-07, 3.86964416066e-08, 5.68901867837e-08, 6.02813301498e-08, 7.4982864362e-08, 5.10432798251e-08, 3.02958618192e-08, 1.22588460272e-07, 7.18916197684e-08, 2.96345152861e-08, 3.35803882479e-08, 5.40831948115e-08, 1.80317663023e-08, 1.68200759987e-08, 4.40592851092e-09, 9.06051145222e-09, 6.84939793771e-09, 4.11483114249e-09, 2.29556089693e-08, 7.67388819156e-09, 4.50940706997e-09, 5.65907765093e-09, 2.16157207689e-08, 5.666236369e-09, 2.14664463982e-09, 2.59204036013e-09, 1.77723382677e-08, 7.47399031553e-09, 7.8195753872e-08, 1.57101069931e-08, 2.37439170547e-08, 1.8391103751e-08, 2.41681199498e-08, 2.91746555803e-08, 1.28556338908e-08, 1.70157036905e-07, 2.0393319744e-07, 1.20273170978e-07, 1.10593283864e-07, 2.94722553917e-07, 3.75253620177e-07, 1.98760346848e-07, 3.75131321562e-07, 2.46712232865e-07, 4.10198310874e-07, 3.79048344712e-07, 2.52348883123e-07, 2.77524236481e-07, 4.29271523217e-07, 3.71332873783e-07, 4.14055023157e-07, 3.58239873322e-07, 3.12169106564e-07, 3.83650757385e-07, 2.31425886454e-07, 2.23006836109e-07, 1.3917610886e-07, 8.4362326902e-08, 2.1809515971e-08, 3.48610598166e-08, 3.41286963135e-08, 7.84960718647e-09, 2.58559262889e-09, 1.25151894056e-11, 3.0859826413e-12, 6.88862324388e-13, 6.87902154944e-13, 5.91804491697e-13, 2.63957041988e-13, 2.28772269141e-13, 2.68592792322e-13, 3.25029418527e-13, 3.25519776065e-13, 1.78508588662e-13, 2.35791963211e-13, 2.185251627e-13, 2.52084215047e-13, 2.45178470625e-13, 1.84823131192e-13, 1.87328085444e-13, 6.60771621881e-14, 9.60105916482e-15, 5.77341362618e-16],
        "stdev": [0.000509610807057, 0.00328334560618, 0.00483131222427, 0.00366515107453, 0.00245799520053, 0.00180978537537, 0.00193821906578, 0.00272998563014, 0.00219514896162, 0.00190719484817, 0.00194900599308, 0.00143091706559, 0.00104781892151, 0.000996055197902, 0.000926648383029, 0.00062311795773, 0.0014839489013, 0.00128000753466, 0.000790107646026, 0.0011338313343, 0.00064379296964, 0.000924361869693, 0.00054613687098, 0.000932383467443, 0.000932970608119, 0.00076479424024, 0.000816306273919, 0.000282710330794, 0.000305515743094, 0.000181942945346, 0.000487017940031, 0.000389025750337, 0.00032102005207, 0.00017210196529, 0.000339556543622, 0.000373878196115, 9.75654111244e-05, 9.8748561868e-05, 0.000167988240719, 0.000243954738835, 0.000168400525581, 0.000278379564406, 0.00019890202384, 0.000145922778756, 0.000134335918119, 0.000103917045635, 6.88343498041e-05, 8.44692767714e-05, 0.000147369122715, 8.64530738909e-05, 5.78644721827e-05, 6.11118448433e-05, 7.01752505847e-05, 5.62772111152e-05, 6.61924786982e-05, 5.56003396923e-05, 4.33442801295e-05, 2.90741900244e-05, 3.26865374518e-05, 4.16959082941e-05, 4.26491242251e-05, 4.20498981839e-05, 2.69906067842e-05, 2.33122482314e-05, 5.03078808833e-05, 4.64429758722e-05, 2.43677986873e-05, 3.78512304451e-05, 4.668780457e-05, 3.2447893318e-05, 2.92757995339e-05, 2.70360105787e-05, 1.73511216417e-05, 1.41045547934e-05, 1.36379549076e-05, 1.27828689074e-05, 1.50946389113e-05, 1.35094596772e-05, 1.81185423571e-05, 1.72183936229e-05, 1.46259171743e-05, 1.66203481058e-05, 1.55857342179e-05, 1.65810870385e-05, 2.26320335059e-05, 2.68035528279e-05, 2.54206552199e-05, 2.35424049606e-05, 2.53010275628e-05, 2.13797939068e-05, 1.97135759663e-05, 1.90286555153e-05, 2.53516882367e-05, 2.50190641964e-05, 2.86053400487e-05, 4.17390874645e-05, 3.282245234e-05, 2.00387730729e-05, 2.8395335903e-05, 4.25915786764e-05, 4.36834307038e-05, 3.12771480822e-05, 1.71487408807e-05, 1.37367733259e-05, 1.2183839317e-05, 1.28139263325e-05, 1.30686803459e-05, 1.23569798234e-05, 1.1190191799e-05, 8.63087825564e-06, 7.11078564564e-06, 5.9683593463e-06, 2.72208376373e-06, 3.21442172435e-07, 2.55193810972e-07, 2.58072759607e-07, 5.05499286874e-08, 1.6476374709e-09, 1.582619924e-09, 1.52761259198e-09, 1.48011358725e-09, 1.44046963246e-09, 1.40495792778e-09, 1.37693978441e-09, 1.35240407761e-09, 1.33264099755e-09, 1.31845367957e-09, 1.30977939605e-09]
    },
    "mfcc": {
        "mean": [-572.975219727, 71.371421814, 31.348859787, 7.21935939789, 4.37292528152, 0.13609392941, -2.08731722832, 3.27087807655, -3.46471333504, 2.19769024849, -2.10234284401, -3.5806593895, -3.22644662857],
        "cov": [[912.597595215, -150.476348877, -203.225891113, 65.0067901611, -11.3614091873, -10.7672681808, 46.1556930542, 78.0569763184, 40.234954834, 90.1583862305, 38.7797164917, 8.52074337006, 13.7428379059], [-150.476348877, 473.939941406, -155.773010254, -46.8993110657, -17.2320480347, -8.65410900116, 71.985710144, 34.1608581543, -25.5878505707, 48.5948257446, 25.5720367432, -12.5052852631, -7.64220285416], [-203.225891113, -155.773010254, 371.626617432, 106.210166931, 96.6307754517, 87.0040817261, -5.58247804642, -9.67741966248, 45.9020576477, -49.3508911133, 5.0486035347, 42.2024040222, 10.2714862823], [65.0067901611, -46.8993110657, 106.210166931, 352.815612793, 130.474121094, 75.1846694946, 23.1083869934, 50.6986122131, 72.4806060791, 10.8773860931, 4.24624824524, 57.6909599304, 54.2713813782], [-11.3614091873, -17.2320480347, 96.6307754517, 130.474121094, 190.476074219, 62.8046607971, 25.4796791077, 57.1602401733, 69.9561004639, 25.038356781, 20.4943904877, 33.6265525818, 25.6880340576], [-10.7672681808, -8.65410900116, 87.0040817261, 75.1846694946, 62.8046607971, 157.034210205, 112.003715515, 31.4974422455, 28.8337574005, 31.7001075745, 39.4284553528, 22.6339988708, 11.3619699478], [46.1556930542, 71.985710144, -5.58247804642, 23.1083869934, 25.4796791077, 112.003715515, 233.675613403, 85.8894424438, 21.1398715973, 80.076133728, 65.0439224243, 9.69024658203, 17.7580471039], [78.0569763184, 34.1608581543, -9.67741966248, 50.6986122131, 57.1602401733, 31.4974422455, 85.8894424438, 129.111907959, 73.1052780151, 52.1719322205, 30.8718509674, 20.8633403778, 22.8085842133], [40.234954834, -25.5878505707, 45.9020576477, 72.4806060791, 69.9561004639, 28.8337574005, 21.1398715973, 73.1052780151, 128.589950562, 43.7073707581, 21.3465270996, 24.3329620361, 15.3690748215], [90.1583862305, 48.5948257446, -49.3508911133, 10.8773860931, 25.038356781, 31.7001075745, 80.076133728, 52.1719322205, 43.7073707581, 118.782539368, 53.0046653748, -3.20789861679, 13.7475633621], [38.7797164917, 25.5720367432, 5.0486035347, 4.24624824524, 20.4943904877, 39.4284553528, 65.0439224243, 30.8718509674, 21.3465270996, 53.0046653748, 85.6326599121, 26.6266021729, 5.21828746796], [8.52074337006, -12.5052852631, 42.2024040222, 57.6909599304, 33.6265525818, 22.6339988708, 9.69024658203, 20.8633403778, 24.3329620361, -3.20789861679, 26.6266021729, 80.2567520142, 38.0350723267], [13.7428379059, -7.64220285416, 10.2714862823, 54.2713813782, 25.6880340576, 11.3619699478, 17.7580471039, 22.8085842133, 15.3690748215, 13.7475633621, 5.21828746796, 38.0350723267, 72.072807312]],
        "icov": [[0.00184362614527, 0.00121116871014, 0.00151408126112, -0.000618460238911, 0.000224648596486, -4.14404494222e-05, 6.48570712656e-05, -0.000943628314417, 0.000266614370048, -0.000874237332027, -0.000413211702835, -0.000480516639072, 0.000629323127214], [0.00121116871014, 0.00344827352092, 0.00200991053134, -0.000323900254443, -0.000302438478684, 0.00023131594935, -0.000649505003821, -0.00100136327092, 0.000937081349548, -0.000887160073034, -0.000395698618377, -0.000674768525641, 0.000994545291178], [0.00151408126112, 0.00200991053134, 0.00597670814022, -0.000665662751999, -0.00136839051265, -0.00207600230351, -0.000106262690679, 0.000720854499377, -0.0014490125468, 0.00215350301005, -0.00123207550496, -0.000901588995475, 0.000650163448881], [-0.000618460238911, -0.000323900254443, -0.000665662751999, 0.0047606471926, -0.00200022244826, -0.00139422202483, 0.000333852105541, 0.000135339068947, -0.000922526232898, 0.000210789075936, 0.00159992603585, -0.00124212331139, -0.00190255010966], [0.000224648596486, -0.000302438478684, -0.00136839051265, -0.00200022244826, 0.00939077883959, -0.00231284764595, 0.00206999201328, -0.00300038675778, -0.00121477490757, -0.00118218478747, -0.000442679913249, -1.11912777356e-05, -0.000394145085011], [-4.14404494222e-05, 0.00023131594935, -0.00207600230351, -0.00139422202483, -0.00231284764595, 0.0143061894923, -0.00766098033637, 0.00369347259402, -0.00102875300217, -1.17755180327e-05, -0.000898680824321, -0.0010778735159, 0.00152143195737], [6.48570712656e-05, -0.000649505003821, -0.000106262690679, 0.000333852105541, 0.00206999201328, -0.00766098033637, 0.0121649149805, -0.00743262190372, 0.00388399325311, -0.00309879891574, -0.00290285958908, 0.00183002499398, -0.00148543517571], [-0.000943628314417, -0.00100136327092, 0.000720854499377, 0.000135339068947, -0.00300038675778, 0.00369347259402, -0.00743262190372, 0.0189991313964, -0.00905241072178, 0.00096140417736, 0.000563117093407, -0.00101068674121, -0.0015854255762], [0.000266614370048, 0.000937081349548, -0.0014490125468, -0.000922526232898, -0.00121477490757, -0.00102875300217, 0.00388399325311, -0.00905241072178, 0.0163829494268, -0.00607271818444, 0.00110481400043, -0.00245616096072, 0.00233363057487], [-0.000874237332027, -0.000887160073034, 0.00215350301005, 0.000210789075936, -0.00118218478747, -1.17755180327e-05, -0.00309879891574, 0.00096140417736, -0.00607271818444, 0.0197671633214, -0.00999668706208, 0.00778718199581, -0.00537180993706], [-0.000413211702835, -0.000395698618377, -0.00123207550496, 0.00159992603585, -0.000442679913249, -0.000898680824321, -0.00290285958908, 0.000563117093407, 0.00110481400043, -0.00999668706208, 0.0235165506601, -0.0111011825502, 0.00567114865407], [-0.000480516639072, -0.000674768525641, -0.000901588995475, -0.00124212331139, -1.11912777356e-05, -0.0010778735159, 0.00183002499398, -0.00101068674121, -0.00245616096072, 0.00778718199581, -0.0111011825502, 0.0245407409966, -0.0119820125401], [0.000629323127214, 0.000994545291178, 0.000650163448881, -0.00190255010966, -0.000394145085011, 0.00152143195737, -0.00148543517571, -0.0015854255762, 0.00233363057487, -0.00537180993706, 0.00567114865407, -0.0119820125401, 0.0224083457142]]
    },
    "spectral_contrast_coeffs": {
        "max": [-0.32165491581, -0.504416644573, -0.474642693996, -0.585148990154, -0.510147929192, -0.678048729897],
        "mean": [-0.684494972229, -0.738661944866, -0.748869717121, -0.776114046574, -0.776549100876, -0.795481801033],
        "min": [-0.865882754326, -0.913803458214, -0.896014451981, -0.894124388695, -0.864713847637, -0.870940327644],
        "stdev": [0.0967902988195, 0.0718359574676, 0.0710329636931, 0.055509917438, 0.0440450012684, 0.0238368064165]
    },
    "spectral_contrast_valleys": {
        "max": [-5.03037977219, -4.97684526443, -5.80876588821, -6.2424993515, -5.90329933167, -7.15456771851],
        "mean": [-6.45712280273, -6.37924194336, -7.12118339539, -7.38168525696, -7.0774846077, -8.40661907196],
        "min": [-8.57790184021, -7.79781341553, -9.00043487549, -9.09163665771, -9.47006607056, -9.89756774902],
        "stdev": [0.684118509293, 0.40576851368, 0.438879907131, 0.418998122215, 0.525549530983, 0.469572067261]
    }
},
"rhythm": {
    "beats_count": 42,
    "beats_loudness": {
        "max": 0.0689041092992,
        "mean": 0.044780343771,
        "min": 0.017851581797,
        "stdev": 0.012188420631
    },
    "bpm": 87.9515380859,
    "bpm_histogram_first_peak_bpm": 89,
    "bpm_histogram_first_peak_weight": 0.243902444839,
    "bpm_histogram_second_peak_bpm": 0,
    "bpm_histogram_second_peak_spread": 0,
    "bpm_histogram_second_peak_weight": 0,
    "danceability": 1.75993263721,
    "onset_rate": 3.48115801811,
    "beats_loudness_band_ratio": {
        "max": [0.897454202175, 0.553691744804, 0.541104376316, 0.401884317398, 0.240266174078, 0.780425965786],
        "mean": [0.316865503788, 0.148347824812, 0.194091826677, 0.0936436802149, 0.0866312906146, 0.202368035913],
        "min": [0.00641647865996, 0.0179256927222, 0.00521434377879, 0.00441855937243, 0.00897448230535, 0.0426994338632],
        "stdev": [0.225364506245, 0.106483563781, 0.138298556209, 0.0883049294353, 0.0597562603652, 0.180225268006]
    },
    "beats_position": [0.696598649025, 1.40480720997, 2.11301589012, 2.80961441994, 3.49460315704, 4.1679816246, 4.86458063126, 5.54956912994, 6.2229475975, 6.8963265419, 7.58131504059, 8.27791404724, 8.96290206909, 9.63628101349, 10.3096599579, 10.9830379486, 11.656416893, 12.3297958374, 13.0263938904, 13.722992897, 14.3963718414, 15.0813598633, 15.7779588699, 16.4629478455, 17.1363258362, 17.8097057343, 18.483083725, 19.179681778, 19.8646717072, 20.549659729, 21.2230377197, 21.8964176178, 22.5697956085, 23.2431735992, 23.9281635284, 24.6247615814, 25.3097496033, 25.9831295013, 26.6681175232, 27.353105545, 28.0380954742, 28.7230834961],
