{
"metadata": {
    "version": {
        "essentia": "2.1-beta5",
        "essentia_git_sha": "Undefined",
        "extractor": "music 2.0"
    },
    "audio_properties": {
        "analysis": {
            "equal_loudness": 0,
            "length": 48.7502937317,
            "sample_rate": 44100,
            "start_time": 142.744674683,
            "downmix": "mix"
        },
        "bit_rate": 192000,
        "length": 211.568618774,
        "lossless": 0,
        "number_channels": 2,
        "replay_gain": -5.58334732056,
        "sample_rate": 48000,
        "codec": "mp3",
        "md5_encoded": "3b44b35adb675dbe82a9475f20efde13"
    },
    "tags": {
        "file_name": "Russia_Party For Everybody_Buranovskiye Babushki.mp3",
        "encoding": ["Lavf58.29.100"]
    }
},
"lowlevel": {
    "average_loudness": 0.968479752541,
    "barkbands_crest": {
        "max": 23.2481899261,
        "mean": 8.56294536591,
        "min": 2.23878097534,
        "stdev": 3.98393559456
    },
    "barkbands_flatness_db": {
        "max": 0.339195519686,
        "mean": 0.143417656422,
        "min": 0.0347177796066,
        "stdev": 0.0741215273738
    },
    "barkbands_kurtosis": {
        "max": 14.9349536896,
        "mean": 1.04009521008,
        "min": -1.71082222462,
        "stdev": 2.3394715786
    },
    "barkbands_skewness": {
        "max": 3.90079474449,
        "mean": 0.940683722496,
        "min": -0.755222558975,
        "stdev": 0.74676668644
    },
    "barkbands_spread": {
        "max": 88.4165649414,
        "mean": 26.6277542114,
        "min": 3.08094191551,
        "stdev": 16.2679691315
    },
    "dissonance": {
        "max": 0.500000059605,
        "mean": 0.483902126551,
        "min": 0.394742310047,
        "stdev": 0.0144298681989
    },
    "dynamic_complexity": 1.66660809517,
    "erbbands_crest": {
        "max": 25.7579841614,
        "mean": 8.26415538788,
        "min": 2.23934864998,
        "stdev": 3.68411779404
    },
    "erbbands_flatness_db": {
        "max": 0.404287427664,
        "mean": 0.200620859861,
        "min": 0.0756829977036,
        "stdev": 0.0833105742931
    },
    "erbbands_kurtosis": {
        "max": 8.64750862122,
        "mean": 0.483430802822,
        "min": -1.51524353027,
        "stdev": 1.42513358593
    },
    "erbbands_skewness": {
        "max": 2.67261147499,
        "mean": 0.671427667141,
        "min": -1.01570403576,
        "stdev": 0.631662249565
    },
    "erbbands_spread": {
        "max": 87.6734695435,
        "mean": 31.1086883545,
        "min": 6.39045906067,
        "stdev": 14.8395547867
    },
    "hfc": {
        "max": 160.194000244,
        "mean": 40.9108428955,
        "min": 0.0074594928883,
        "stdev": 22.2257976532
    },
    "loudness_ebu128": {
        "integrated": -16.1033973694,
        "loudness_range": 3.4045381546,
        "momentary": {
            "max": -14.0773582458,
            "mean": -16.4543304443,
            "min": -33.401725769,
            "stdev": 2.03091883659
        },
        "short_term": {
            "max": -14.6531333923,
            "mean": -16.1642570496,
            "min": -20.4739646912,
            "stdev": 1.1588588953
        }
    },
    "melbands_crest": {
        "max": 30.0432682037,
        "mean": 12.0867414474,
        "min": 3.14637207985,
        "stdev": 5.21040439606
    },
    "melbands_flatness_db": {
        "max": 0.29880720377,
        "mean": 0.140800535679,
        "min": 0.0187748689204,
        "stdev": 0.0614462643862
    },
    "melbands_kurtosis": {
        "max": 80.1098403931,
        "mean": 5.66536664963,
        "min": -1.21191596985,
        "stdev": 7.04489898682
    },
    "melbands_skewness": {
        "max": 8.18761920929,
        "mean": 1.77735435963,
        "min": -0.0953512713313,
        "stdev": 1.03705477715
    },
    "melbands_spread": {
        "max": 136.900909424,
        "mean": 33.8547515869,
        "min": 4.33331441879,
        "stdev": 21.2003574371
    },
    "pitch_salience": {
        "max": 0.875116586685,
        "mean": 0.629679083824,
        "min": 0.163151800632,
        "stdev": 0.127265572548
    },
    "silence_rate_20dB": {
        "max": 1,
        "mean": 1,
        "min": 1,
        "stdev": 0
    },
    "silence_rate_30dB": {
        "max": 1,
        "mean": 0.999048054218,
        "min": 0,
        "stdev": 0.0308391805738
    },
    "silence_rate_60dB": {
        "max": 1,
        "mean": 0.0104712042958,
        "min": 0,
        "stdev": 0.101791732013
    },
    "spectral_centroid": {
        "max": 3622.46704102,
        "mean": 1930.30859375,
        "min": 709.063598633,
        "stdev": 525.668640137
    },
    "spectral_complexity": {
        "max": 55,
        "mean": 31.6468353271,
        "min": 0,
        "stdev": 8.20211219788
    },
    "spectral_decrease": {
        "max": -2.1870513213e-12,
        "mean": -7.04135194596e-09,
        "min": -3.1598695216e-08,
        "stdev": 4.17439638412e-09
    },
    "spectral_energy": {
        "max": 0.122835472226,
        "mean": 0.0302864387631,
        "min": 8.93104697752e-06,
        "stdev": 0.0165881644934
    },
    "spectral_energyband_high": {
        "max": 0.0159144606441,
        "mean": 0.00224006082863,
        "min": 3.19552299288e-07,
        "stdev": 0.00230147410184
    },
    "spectral_energyband_low": {
        "max": 0.11149045825,
        "mean": 0.00672538857907,
        "min": 4.15162837442e-09,
        "stdev": 0.013732759282
    },
    "spectral_energyband_middle_high": {
        "max": 0.0564803890884,
        "mean": 0.0138518502936,
        "min": 1.62316882779e-06,
        "stdev": 0.00849540904164
    },
    "spectral_energyband_middle_low": {
        "max": 0.0557553619146,
        "mean": 0.00865683890879,
        "min": 6.45823774903e-06,
        "stdev": 0.00691190827638
    },
    "spectral_entropy": {
        "max": 8.65751743317,
        "mean": 7.93135690689,
        "min": 7.07638216019,
        "stdev": 0.328439742327
    },
    "spectral_flux": {
        "max": 0.347587347031,
        "mean": 0.108233690262,
        "min": 0.0123641798273,
        "stdev": 0.0365164615214
    },
    "spectral_kurtosis": {
        "max": 14.6869258881,
        "mean": 2.5841460228,
        "min": -0.130427360535,
        "stdev": 2.03048396111
    },
    "spectral_rms": {
        "max": 0.0109471222386,
        "mean": 0.00523616094142,
        "min": 9.33446135605e-05,
        "stdev": 0.00145957258064
    },
    "spectral_rolloff": {
        "max": 9689.94140625,
        "mean": 2624.98413086,
        "min": 86.1328125,
        "stdev": 1791.38916016
    },
    "spectral_skewness": {
        "max": 2.54739093781,
        "mean": 1.2247710228,
        "min": 0.415174722672,
        "stdev": 0.250397235155
    },
    "spectral_spread": {
        "max": 13987592,
        "mean": 4577966,
        "min": 1820636.125,
        "stdev": 1622267.25
    },
    "spectral_strongpeak": {
        "max": 17.9847335815,
        "mean": 1.4439997673,
        "min": 0.00298304017633,
        "stdev": 1.62605798244
    },
    "zerocrossingrate": {
        "max": 0.25537109375,
        "mean": 0.0936028882861,
        "min": 0.0166015625,
        "stdev": 0.040887709707
    },
    "barkbands": {
        "max": [0.00133975828066, 0.0733662322164, 0.0532574951649, 0.0367749333382, 0.0168135520071, 0.0118483286351, 0.0277480706573, 0.0129626067355, 0.0295102801174, 0.039768088609, 0.0194936096668, 0.0405194163322, 0.0167854148895, 0.0117877805606, 0.00729168765247, 0.0077502084896, 0.00715484051034, 0.0137535845861, 0.0168140828609, 0.0175609476864, 0.00537219876423, 0.00388318998739, 0.00410860450938, 0.00407816888765, 0.00367422495037, 0.00198052916676, 1.74989520474e-06],
        "mean": [9.97217357508e-05, 0.00482947612181, 0.00146921770647, 0.000611917523202, 0.000624744454399, 0.000619778060354, 0.000609438400716, 0.000880030391272, 0.00350981741212, 0.00460387533531, 0.00255139521323, 0.00192855030764, 0.000984207028523, 0.00104948936496, 0.000866215676069, 0.000609649287071, 0.000645182095468, 0.000640259473585, 0.000562470406294, 0.000577994389459, 0.0004124060506, 0.000420709577156, 0.000445637648227, 0.000413565692725, 0.000277921673842, 4.27632767241e-05, 1.58048170107e-08],
        "min": [1.81017804912e-11, 5.26745091989e-10, 6.32400687373e-10, 4.70470862268e-09, 8.41346476932e-08, 1.46737920659e-06, 9.05399588191e-07, 1.47832531638e-06, 4.74115182669e-07, 5.08461425852e-07, 2.53574285125e-07, 5.57969173087e-08, 2.28366872079e-07, 1.16226722469e-07, 2.1939143835e-07, 5.98609375402e-08, 4.28480042558e-08, 2.47824427646e-08, 1.04242459997e-07, 7.48890442992e-08, 6.69636293082e-08, 7.45106802924e-08, 7.89305687476e-08, 7.04823088782e-09, 3.0703970616e-11, 2.89539451442e-11, 4.12088314861e-11],
        "stdev": [0.000179889495485, 0.0103551996872, 0.00498309684917, 0.00280917319469, 0.00150933780242, 0.00108378613368, 0.00127476686612, 0.00108149205334, 0.00428147893399, 0.00517455255613, 0.00257595512085, 0.00283367675729, 0.00149204186164, 0.00116287858691, 0.000902463681996, 0.000656038464513, 0.000638238096144, 0.000714372028597, 0.000854370766319, 0.00116002734285, 0.000420504220529, 0.000418997020461, 0.000498928653542, 0.000514955609106, 0.000448129576398, 0.00011919424287, 9.14882249958e-08]
    },
    "erbbands": {
        "max": [1.80401992798, 20.586933136, 71.727935791, 96.6897201538, 99.7305679321, 57.1129493713, 107.261199951, 119.014335632, 203.933670044, 372.602172852, 357.251678467, 608.039855957, 1548.81384277, 1473.58789062, 702.092956543, 1623.90209961, 834.599975586, 564.463012695, 483.738037109, 341.731964111, 419.189727783, 337.48626709, 669.877868652, 995.713806152, 1127.88891602, 809.659362793, 262.886749268, 109.812408447, 155.890701294, 135.481521606, 174.207427979, 100.775283813, 76.5151901245, 48.5393714905, 34.9803504944, 14.6723775864, 5.67101049423, 0.168960154057, 0.00382926268503, 0.000293290097034],
        "mean": [0.123023666441, 1.12660038471, 2.01602220535, 1.80249321461, 2.01795101166, 2.07988238335, 2.64928674698, 5.60781574249, 8.80044269562, 12.018529892, 25.0479888916, 68.9964294434, 151.177993774, 122.908325195, 99.8666152954, 74.608291626, 48.3238677979, 55.5786857605, 45.7982673645, 41.5836372375, 35.0864143372, 33.9071655273, 32.6251602173, 35.4691047668, 27.9746761322, 25.5448646545, 17.3290958405, 16.2199783325, 15.1725883484, 14.0077533722, 12.2483968735, 9.48746109009, 6.6552271843, 3.86627960205, 1.51139080524, 0.367036670446, 0.0490276217461, 0.00145108951256, 8.49440257298e-05, 4.83400726807e-05],
        "min": [1.6462384167e-07, 5.22732591435e-07, 2.25765870709e-06, 2.64757181867e-05, 0.000383337086532, 0.000509096600581, 0.00423454865813, 0.0104379672557, 0.0105574131012, 0.0206934288144, 0.0324322618544, 0.00957833603024, 0.0118463486433, 0.0181065276265, 0.00597648974508, 0.00385435065255, 0.0108614452183, 0.00589797273278, 0.00821264553815, 0.00958093907684, 0.00353447766975, 0.00213934248313, 0.00130314356647, 0.00264165201224, 0.00673681590706, 0.00329667329788, 0.0018290047301, 0.0035248985514, 0.00181509077083, 0.00245955307037, 0.00219951593317, 0.00116754393093, 0.000471591367386, 0.000142597709782, 2.09502450161e-05, 7.76936212787e-06, 3.78629169973e-06, 1.38578820952e-06, 3.70244862324e-07, 1.41528403219e-07],
        "stdev": [0.260319977999, 2.56376743317, 6.24632501602, 7.16389465332, 7.2098326683, 4.61267185211, 5.14724826813, 10.1685123444, 16.4227581024, 21.1417045593, 26.9633197784, 81.2612838745, 175.248977661, 135.322341919, 95.4615707397, 112.161354065, 69.9112930298, 58.8861083984, 44.7865257263, 38.6589813232, 34.4161720276, 30.8992538452, 36.1466674805, 39.7950210571, 54.2335395813, 44.0652961731, 18.212392807, 15.9175605774, 15.126709938, 15.3772211075, 13.7526082993, 10.8915405273, 8.95097732544, 5.89899110794, 2.79468560219, 0.886528611183, 0.195993632078, 0.00552828563377, 0.000168526967173, 2.86000540655e-05]
    },
    "gfcc": {
        "mean": [18.32396698, 61.1983222961, -181.313812256, 22.869228363, -84.9699325562, 29.1877841949, -27.0396671295, 12.0743083954, -15.358748436, -11.3933620453, -10.2812318802, -6.30204582214, -3.07724094391],
        "cov": [[3763.24267578, -766.405212402, 2776.58666992, 1202.64221191, 627.467102051, 1223.01306152, -434.196655273, 977.383483887, -510.163635254, 1022.77764893, -189.745666504, 503.543212891, 75.4496307373], [-766.405212402, 932.45703125, -301.350372314, 2.94885253906, 100.460624695, -162.371765137, 215.5103302, -257.083831787, 222.214279175, -219.733810425, 92.1033935547, -126.410270691, 16.8709983826], [2776.58666992, -301.350372314, 3179.24926758, 1416.95629883, 752.414794922, 1262.95471191, -430.195129395, 947.716003418, -476.890594482, 1027.07141113, -199.200164795, 503.825073242, 81.7450332642], [1202.64221191, 2.94885253906, 1416.95629883, 815.689208984, 418.855224609, 606.90020752, -127.300506592, 429.706665039, -149.529541016, 429.92666626, -44.5951652527, 207.792694092, 58.7969779968], [627.467102051, 100.460624695, 752.414794922, 418.855224609, 371.774475098, 398.242218018, 31.509847641, 250.733901978, -40.6215324402, 244.856262207, -27.3331756592, 123.955291748, 20.4443130493], [1223.01306152, -162.371765137, 1262.95471191, 606.90020752, 398.242218018, 707.706726074, -68.8327789307, 474.172180176, -154.316345215, 450.333068848, -45.7827377319, 201.538146973, 63.4485473633], [-434.196655273, 215.5103302, -430.195129395, -127.300506592, 31.509847641, -68.8327789307, 287.483276367, -60.646156311, 159.207351685, -140.320922852, 73.295425415, -67.3206787109, -7.24488067627], [977.383483887, -257.083831787, 947.716003418, 429.706665039, 250.733901978, 474.172180176, -60.646156311, 452.639709473, -115.525505066, 370.751678467, -37.8606643677, 179.672195435, 38.3817710876], [-510.163635254, 222.214279175, -476.890594482, -149.529541016, -40.6215324402, -154.316345215, 159.207351685, -115.525505066, 200.064422607, -138.595291138, 74.9069519043, -73.9124069214, 7.6736330986], [1022.77764893, -219.733810425, 1027.07141113, 429.92666626, 244.856262207, 450.333068848, -140.320922852, 370.751678467, -138.595291138, 453.911254883, -32.6610221863, 209.182327271, 39.8281517029], [-189.745666504, 92.1033935547, -199.200164795, -44.5951652527, -27.3331756592, -45.7827377319, 73.295425415, -37.8606643677, 74.9069519043, -32.6610221863, 102.266372681, -9.72493171692, 21.4987716675], [503.543212891, -126.410270691, 503.825073242, 207.792694092, 123.955291748, 201.538146973, -67.3206787109, 179.672195435, -73.9124069214, 209.182327271, -9.72493171692, 153.991653442, 32.6236686707], [75.4496307373, 16.8709983826, 81.7450332642, 58.7969779968, 20.4443130493, 63.4485473633, -7.24488067627, 38.3817710876, 7.6736330986, 39.8281517029, 21.4987716675, 32.6236686707, 65.1500854492]],
        "icov": [[0.00103435723577, 0.000307398615405, -0.000139522904647, -0.00032231406658, -2.68200892606e-05, -0.000422784505645, 0.000117698087706, -0.000249699864071, 0.000568443152588, -0.000588899536524, 0.000200663285796, -0.000262254790869, 0.000126981714857], [0.000307398615405, 0.0046799373813, -0.00386476842687, 0.00122635671869, -0.00381065276451, 0.00276304595172, -0.00183296645992, 0.00383746204898, -0.00335642648861, 0.00164539786056, -0.00349989463575, 0.00469232955948, -0.00359042966738], [-0.000139522904647, -0.00386476842687, 0.00866725016385, -0.00593907618895, 0.00304996687919, -0.00414784858003, 0.00274862069637, -0.00337412301451, 0.00513162091374, -0.00489071011543, 0.00637799780816, -0.00639263214543, 0.00450506014749], [-0.00032231406658, 0.00122635671869, -0.00593907618895, 0.0100751379505, -0.00554130179808, 0.00162488000933, 0.00126248563174, -0.000375418982003, -0.00296179926954, 0.0042185569182, -0.00599088799208, 0.00444101402536, -0.00354406912811], [-2.68200892606e-05, -0.00381065276451, 0.00304996687919, -0.00554130179808, 0.0171320270747, -0.00838348828256, -0.00354545610026, 0.00101125286892, -0.000531045952812, -0.00215449859388, 0.00785748381168, -0.00952052697539, 0.00754451518878], [-0.000422784505645, 0.00276304595172, -0.00414784858003, 0.00162488000933, -0.00838348828256, 0.0141711086035, -0.00306635047309, -0.00262838671915, 0.00170678924769, -0.00164353218861, -0.00426334701478, 0.0096626477316, -0.0090786665678], [0.000117698087706, -0.00183296645992, 0.00274862069637, 0.00126248563174, -0.00354545610026, -0.00306635047309, 0.0121836271137, -0.00501709710807, -0.00325635238551, 0.00371217145585, -0.00267319031991, -0.00221701734699, 0.0042661158368], [-0.000249699864071, 0.00383746204898, -0.00337412301451, -0.000375418982003, 0.00101125286892, -0.00262838671915, -0.00501709710807, 0.0148502076045, -0.00400833273306, -0.00246507953852, 4.27301665695e-06, 0.000337346631568, -0.00138760614209], [0.000568443152588, -0.00335642648861, 0.00513162091374, -0.00296179926954, -0.000531045952812, 0.00170678924769, -0.00325635238551, -0.00400833273306, 0.0184491556138, -0.00530631886795, -0.000467250531074, 0.000515246938448, -0.00208409153856], [-0.000588899536524, 0.00164539786056, -0.00489071011543, 0.0042185569182, -0.00215449859388, -0.00164353218861, 0.00371217145585, -0.00246507953852, -0.00530631886795, 0.0174257792532, -0.00643393909559, -0.0049282158725, 0.00128996593412], [0.000200663285796, -0.00349989463575, 0.00637799780816, -0.00599088799208, 0.00785748381168, -0.00426334701478, -0.00267319031991, 4.27301665695e-06, -0.000467250531074, -0.00643393909559, 0.022693766281, -0.00830904580653, 0.000124872618471], [-0.000262254790869, 0.00469232955948, -0.00639263214543, 0.00444101402536, -0.00952052697539, 0.0096626477316, -0.00221701734699, 0.000337346631568, 0.000515246938448, -0.0049282158725, -0.00830904580653, 0.0288497582078, -0.0125188259408], [0.000126981714857, -0.00359042966738, 0.00450506014749, -0.00354406912811, 0.00754451518878, -0.0090786665678, 0.0042661158368, -0.00138760614209, -0.00208409153856, 0.00128996593412, 0.000124872618471, -0.0125188259408, 0.027128143236]]
    },
    "melbands": {
        "max": [0.0160087943077, 0.0315244793892, 0.0148710412905, 0.00430075405166, 0.00295601622202, 0.00260360655375, 0.00431547267362, 0.00343245710246, 0.00273199658841, 0.00438033463433, 0.00779530359432, 0.00634335307404, 0.00266496324912, 0.0060050515458, 0.00286104530096, 0.00188807782251, 0.00117588811554, 0.00108877453022, 0.000766425277106, 0.00051453866763, 0.00042165198829, 0.00044716525008, 0.000519086956047, 0.000996520626359, 0.000913448981009, 0.00100490218028, 0.000886732072104, 0.000390981294913, 0.000158689159434, 0.00019698482356, 8.52191806189e-05, 8.83470493136e-05, 8.11187492218e-05, 8.21729263407e-05, 9.13504045457e-05, 0.00013451113773, 5.8813708165e-05, 4.57952228317e-05, 6.56748234178e-05, 3.36931625498e-05],
        "mean": [0.00125139870215, 0.00118595676031, 0.000322606589179, 0.000143514189404, 9.19012891245e-05, 0.00013099044736, 0.000132205081172, 0.000137195776915, 0.000223313836614, 0.000498329056427, 0.000764148309827, 0.000500525231473, 0.000347230670741, 0.000236042076722, 0.000142339631566, 9.36302458285e-05, 0.000105734929093, 7.21014512237e-05, 6.56271513435e-05, 4.71888561151e-05, 4.06335457228e-05, 3.68749970221e-05, 2.84716570604e-05, 3.14068456646e-05, 2.86685226456e-05, 1.94249532797e-05, 2.29495035455e-05, 1.50675878103e-05, 1.08260655907e-05, 1.00375364127e-05, 9.21168702916e-06, 8.61184071255e-06, 7.92463833932e-06, 7.73947067501e-06, 6.94098434906e-06, 6.85398754285e-06, 5.40262453796e-06, 4.85663713334e-06, 4.03407557314e-06, 2.98213353744e-06],
        "min": [1.70481989636e-10, 4.33818481138e-10, 1.05052198052e-08, 1.87098407878e-08, 5.91051083632e-08, 2.41030306825e-07, 1.68214540963e-07, 2.49102015459e-07, 2.46690461836e-07, 5.10708275669e-08, 6.09078867342e-08, 7.65692718119e-08, 2.77862604037e-08, 4.26186463898e-09, 2.29737402435e-08, 1.8830061066e-08, 9.86366721634e-09, 1.14385159122e-08, 1.79382109167e-08, 6.15913053892e-09, 4.20389278943e-09, 2.45999043358e-09, 1.37104239073e-09, 1.00289876404e-09, 1.83981196944e-09, 5.50493917117e-09, 4.21324530819e-09, 1.53405521619e-09, 8.07254152413e-10, 1.71936964666e-09, 2.3286004236e-09, 1.09510789326e-09, 1.24528365397e-09, 1.29347321742e-09, 1.22320253926e-09, 1.3680360178e-09, 1.4425867445e-10, 1.18913056485e-11, 2.45741225762e-13, 2.34280531173e-13],
        "stdev": [0.00262108165771, 0.00302875414491, 0.00121172703803, 0.000391630397644, 0.000166323035955, 0.000233381637372, 0.000251783058047, 0.000222942850087, 0.000238605003688, 0.000607757654507, 0.000887100759428, 0.000575984129682, 0.000341880251653, 0.000343040737789, 0.000235496670939, 0.000134902438731, 0.000122281257063, 7.75564767537e-05, 7.52765117795e-05, 5.0897080655e-05, 4.35191323049e-05, 3.64659208572e-05, 3.13806522172e-05, 4.2706833483e-05, 3.50584341504e-05, 4.10027460021e-05, 6.55735857436e-05, 2.04750995181e-05, 1.21027460409e-05, 1.10455939648e-05, 9.83011887001e-06, 8.73614226293e-06, 8.5004239736e-06, 8.86122143129e-06, 7.91105139797e-06, 9.98950417852e-06, 6.45413047096e-06, 6.54820723867e-06, 5.9997723838e-06, 4.74160970043e-06]
    },
    "melbands128": {
        "max": [0.0013394029811, 0.0128660239279, 0.0287535749376, 0.0433461144567, 0.0465022325516, 0.0243344251066, 0.0220873113722, 0.0184106174856, 0.0100053427741, 0.00476668821648, 0.00318393833004, 0.00275016925298, 0.0049108043313, 0.00339431129396, 0.0031726625748, 0.0054298620671, 0.00461587822065, 0.00460044341162, 0.0112715046853, 0.00485196476802, 0.00412821117789, 0.00330784753896, 0.00436389539391, 0.00342591665685, 0.00551194185391, 0.00939984060824, 0.0102980909869, 0.0126809217036, 0.00704974774271, 0.0107278693467, 0.00652637192979, 0.00578309688717, 0.00457399850711, 0.00412604212761, 0.00693315593526, 0.0120333954692, 0.00597929395735, 0.00589398806915, 0.0048824432306, 0.00296326936223, 0.00239680008963, 0.00206347531639, 0.00159208627883, 0.00161276885774, 0.00307881250046, 0.00169741048012, 0.00125866895542, 0.00177012488712, 0.00088050874183, 0.000999141484499, 0.000823726237286, 0.00120592722669, 0.000832648947835, 0.000979439588264, 0.00112540111877, 0.000514067884069, 0.000953424314503, 0.00147139490582, 0.000883013010025, 0.000892710348126, 0.0018435184611, 0.000692485657055, 0.00217023561709, 0.000926427950617, 0.00121528294403, 0.00181414338294, 0.00218121171929, 0.00134761782829, 0.00204158667475, 0.00174226448871, 0.000195527187316, 0.000377331249183, 0.000150187101099, 0.000277196231764, 0.000294832367217, 0.000390519446228, 0.000105253595393, 0.00013448955724, 0.0001270553621, 0.000125767081045, 8.18116895971e-05, 0.000150737148942, 0.000101242760138, 7.97287648311e-05, 0.000173156513483, 0.000122724784887, 0.000110833607323, 0.000102701305877, 9.45860083448e-05, 0.000308404385578, 0.000125706239487, 0.000224845294724, 9.94375659502e-05, 5.30347897438e-05, 7.63968928368e-05, 6.45795153105e-05, 6.36268232483e-05, 6.00697967457e-05, 0.000105286177131, 4.53241409559e-05, 5.05750649609e-05, 3.84342311008e-05, 4.38064380432e-05, 3.6186997022e-05, 7.17045040801e-05, 4.68961552542e-05, 2.67258783424e-05, 2.33168429986e-05, 2.31960784731e-05, 4.56965972262e-05, 1.63840613823e-05, 2.20342553803e-05, 4.74447515444e-05, 4.12881320244e-07, 3.84951420074e-07, 3.37006014206e-07, 5.5379889119e-08, 1.61977897761e-09, 1.58062196665e-09, 1.53487433874e-09, 1.5005531262e-09, 1.46930678735e-09, 1.4362628864e-09, 1.42567779804e-09, 1.40067946131e-09, 1.38387545867e-09, 1.37193234551e-09, 1.36529887396e-09],
        "mean": [8.82535168785e-05, 0.000807865522802, 0.00187417003326, 0.00186751934234, 0.00126479868777, 0.000603458844125, 0.000358871562639, 0.00028718682006, 0.000194621810806, 0.000136484886752, 0.0001113848557, 9.39826641115e-05, 8.86162961251e-05, 8.65743422764e-05, 0.000100183824543, 0.000181464332854, 0.000177866211743, 0.000102573510958, 0.000103116297396, 0.000138916802825, 0.000147527447552, 0.000151199899847, 0.000245007075137, 0.000268771284027, 0.000333604810294, 0.000595656456426, 0.000887260423042, 0.000845561444294, 0.000593762029894, 0.000572229386307, 0.000446851481684, 0.000393825786887, 0.000360887032002, 0.000305578956613, 0.000256838509813, 0.000222796617891, 0.000188144331332, 0.000149524625158, 0.0001060282666, 9.64825958363e-05, 8.85380286491e-05, 9.27072032937e-05, 0.000115533570352, 0.000112889727461, 7.2022434324e-05, 6.53773458907e-05, 6.8961569923e-05, 7.50556646381e-05, 5.93849617871e-05, 5.08617486048e-05, 4.80150010844e-05, 4.1199644329e-05, 3.4655957279e-05, 4.41071970272e-05, 4.67682075396e-05, 3.35879340128e-05, 3.17159283441e-05, 2.95214704238e-05, 2.71657172561e-05, 2.67160830845e-05, 3.26550034515e-05, 3.13318887493e-05, 3.79956654797e-05, 2.43005924858e-05, 2.12334707612e-05, 1.96953715204e-05, 1.88386893569e-05, 1.56952864927e-05, 3.20540493703e-05, 2.12610411836e-05, 1.25702053992e-05, 1.31693341245e-05, 1.2478932149e-05, 9.69689335761e-06, 9.16489716474e-06, 1.21878420032e-05, 8.53095843922e-06, 9.42386031966e-06, 9.76058890956e-06, 8.73865064932e-06, 8.11850713944e-06, 9.23533207242e-06, 8.11057179817e-06, 7.56728013585e-06, 7.97466782387e-06, 7.90341164247e-06, 7.70614224166e-06, 7.2972657108e-06, 6.68955999572e-06, 6.86401426719e-06, 7.28381883164e-06, 6.92611411068e-06, 5.92630976826e-06, 5.11174721396e-06, 5.34933678864e-06, 5.26617486685e-06, 4.83904750581e-06, 4.11038308812e-06, 4.12736972066e-06, 4.03038666263e-06, 3.40566793966e-06, 2.87341845251e-06, 2.38998632085e-06, 2.00444492293e-06, 1.78899415459e-06, 1.39815722378e-06, 9.66494553722e-07, 7.27755946173e-07, 5.58939746043e-07, 4.43752981028e-07, 3.43095649669e-07, 2.25992494052e-07, 1.02249970269e-07, 6.547491882e-09, 4.62587923522e-09, 3.79695297426e-09, 7.24599380497e-10, 5.58716831481e-12, 5.15757141856e-12, 5.00080489171e-12, 4.86100569519e-12, 4.75390473514e-12, 4.65661103427e-12, 4.56946633309e-12, 4.43239195347e-12, 4.26071938148e-12, 4.16001131112e-12, 4.12733605973e-12],
        "min": [1.44411392566e-11, 3.47162507075e-11, 8.00149044244e-11, 1.87070609003e-10, 2.70226202526e-10, 2.92285390335e-10, 5.1848814131e-10, 2.07064232427e-09, 1.43035912004e-08, 5.24666887713e-09, 8.4850810822e-09, 2.03287804368e-08, 1.71745764277e-08, 1.13459130091e-07, 9.35659016932e-08, 1.61460917525e-07, 1.02882026454e-07, 1.21355313354e-07, 1.17049104631e-07, 1.88723461747e-07, 1.30088977812e-07, 3.21922641433e-07, 2.85960425117e-07, 1.25185991351e-07, 2.06121768542e-08, 3.62682115451e-08, 6.50385700851e-08, 4.80346500353e-08, 7.16923977961e-08, 9.43420559452e-08, 7.46530588458e-08, 5.19938723187e-08, 2.85115042686e-08, 7.95111443352e-09, 1.70489689033e-09, 3.88806586926e-09, 5.83769210749e-09, 2.41783144617e-08, 3.32966969552e-08, 2.89369044282e-08, 1.25287300534e-08, 8.13892420126e-09, 1.28118706755e-08, 7.81970932451e-09, 9.5563787994e-09, 1.12408509167e-08, 1.43698315469e-08, 2.00031742281e-08, 2.10102424347e-08, 1.03793915684e-08, 3.38544814404e-09, 2.23689844425e-09, 3.36991057281e-09, 6.02514438341e-09, 4.25741797372e-09, 1.51626822209e-09, 1.61547408783e-09, 1.32192989888e-09, 1.36127209505e-09, 1.17009224532e-09, 7.31383065222e-10, 7.40673078425e-10, 2.44360309765e-09, 9.59517132415e-10, 2.82785461714e-09, 7.61582796827e-09, 6.32788665911e-09, 2.42756525992e-09, 5.68249269861e-09, 3.36594818684e-09, 1.36108757598e-09, 5.47390466288e-10, 6.63339438933e-10, 8.76593631016e-10, 8.6636176011e-10, 1.84323578623e-09, 2.07233408211e-09, 1.61283686406e-09, 2.33634089852e-09, 3.54394957824e-09, 1.03441166743e-09, 3.58990226434e-10, 1.26588725613e-10, 1.43087475202e-09, 2.3653656811e-09, 1.06760766894e-09, 1.04080244423e-09, 1.15351139751e-09, 1.51023604733e-09, 9.32745658488e-10, 1.43919465234e-09, 1.80552217621e-09, 1.17561321789e-10, 1.09396804115e-10, 2.34709682245e-11, 4.71087405196e-12, 4.37517589432e-13, 3.33871927501e-13, 1.99594545535e-13, 2.16339411121e-13, 1.69765040242e-13, 2.11281404698e-13, 1.54102709868e-13, 1.7847908481e-13, 1.73997968811e-13, 1.50718454102e-13, 1.26957282577e-13, 1.11642120516e-13, 1.06274601478e-13, 1.14848858505e-13, 1.5064020181e-13, 1.57254770186e-13, 1.484221139e-13, 1.15242532314e-13, 1.42560727221e-13, 1.45063757014e-13, 1.62535512393e-13, 1.49648807343e-13, 1.50918516508e-13, 1.41029955726e-13, 1.56316799782e-13, 1.32719125945e-13, 1.38376045648e-13, 1.23531610288e-13, 9.86121652543e-14, 3.80844478404e-14, 5.35735379534e-15, 1.89002206995e-16],
        "stdev": [0.000165475954418, 0.00175514491275, 0.00428912462667, 0.00466793077067, 0.00398223521188, 0.00209899363108, 0.00155310228001, 0.00134150858503, 0.000717354298104, 0.000378588913009, 0.00025426884531, 0.000192348146811, 0.000208661294891, 0.000202157039894, 0.000216701548197, 0.000409730506362, 0.000404167338274, 0.000251761608524, 0.000395339477109, 0.000302686385112, 0.000265681155724, 0.000239774337388, 0.000345846521668, 0.000355058145942, 0.00051836919738, 0.000974076567218, 0.00130328768864, 0.00124481751118, 0.000793028390035, 0.000899985723663, 0.000634982890915, 0.000499992049299, 0.000463780859718, 0.00041951960884, 0.00045777898049, 0.000524974078871, 0.0004082415835, 0.000358068849891, 0.000257088453509, 0.000219565452426, 0.000164698882145, 0.000146078673424, 0.00017024364206, 0.000164008917636, 0.00012999829778, 9.98751056613e-05, 0.000103978905827, 0.000141491007525, 8.22546717245e-05, 6.67150234221e-05, 7.25988575141e-05, 6.93510810379e-05, 5.69616931898e-05, 6.08456975897e-05, 6.75095870974e-05, 4.67149548058e-05, 4.31473636127e-05, 5.38585227332e-05, 4.0600898501e-05, 4.09483473049e-05, 7.58332462283e-05, 4.30867694377e-05, 6.8123859819e-05, 3.63166873285e-05, 4.80951930513e-05, 5.57478197152e-05, 6.82643076289e-05, 4.46601588919e-05, 0.000142288103234, 6.61572994431e-05, 1.53698529175e-05, 1.96788769244e-05, 1.55664420163e-05, 1.51982630996e-05, 1.3863957065e-05, 1.76136854861e-05, 9.85806218523e-06, 1.13592250273e-05, 1.31028864416e-05, 1.13807645903e-05, 8.67067228683e-06, 1.19091428132e-05, 9.74987142399e-06, 8.77825368661e-06, 1.04190366983e-05, 1.03514248622e-05, 1.00637544165e-05, 8.84560631675e-06, 8.05669697002e-06, 1.12374100354e-05, 1.10688151835e-05, 1.57509348355e-05, 7.6453843576e-06, 6.50329138807e-06, 7.73121610109e-06, 7.43129430703e-06, 6.9627344601e-06, 6.34135039945e-06, 6.61696822135e-06, 6.34327716398e-06, 5.78333083467e-06, 4.88879913974e-06, 4.26992619396e-06, 3.69579902326e-06, 3.84320082958e-06, 3.14151589009e-06, 2.17683304982e-06, 1.84096268185e-06, 1.56583860189e-06, 1.56019268616e-06, 1.06299910385e-06, 1.02533897461e-06, 1.17796616905e-06, 2.57914258839e-08, 1.79468049311e-08, 1.60848507846e-08, 3.55952889386e-09, 3.58772664355e-11, 3.49708595415e-11, 3.39570697949e-11, 3.31931530873e-11, 3.24986149103e-11, 3.17688896023e-11, 3.15243317561e-11, 3.09740740001e-11, 3.0604657697e-11, 3.03412572844e-11, 3.01939410974e-11]
    },
    "mfcc": {
        "mean": [-596.755371094, 80.5327224731, -38.227722168, -8.34477519989, -25.195930481, 4.06053113937, -4.68059539795, 18.2339687347, -0.818940758705, 7.62140655518, -5.58742952347, -1.49934351444, -6.67085981369],
        "cov": [[2460.89526367, -714.223266602, 1717.48706055, 296.426361084, 1092.60644531, 226.308166504, 687.3671875, -141.927307129, 492.009857178, -84.9943771362, 274.10736084, 146.263671875, 396.644470215], [-714.223266602, 710.663757324, -514.940795898, 28.3025817871, -302.202758789, 55.970451355, -194.513748169, 85.068901062, -138.312026978, 56.6827354431, -56.9226989746, -29.5069904327, -129.296203613], [1717.48706055, -514.940795898, 2515.34692383, 537.413879395, 1514.10498047, 344.46496582, 861.77746582, -204.748214722, 643.313232422, -152.34286499, 390.43460083, 167.35774231, 456.794128418], [296.426361084, 28.3025817871, 537.413879395, 317.852813721, 344.964996338, 137.367050171, 176.982635498, 11.4607801437, 132.605117798, -11.7963037491, 78.6183395386, 69.6021194458, 104.800773621], [1092.60644531, -302.202758789, 1514.10498047, 344.964996338, 1051.5748291, 269.620117188, 572.789367676, -97.6696166992, 442.734741211, -86.3233261108, 273.275665283, 108.259422302, 292.235198975], [226.308166504, 55.970451355, 344.46496582, 137.367050171, 269.620117188, 211.45362854, 189.117797852, 37.0569953918, 124.294235229, 28.7016620636, 82.2825927734, 51.738494873, 72.1990203857], [687.3671875, -194.513748169, 861.77746582, 176.982635498, 572.789367676, 189.117797852, 456.99118042, 14.4455900192, 287.926239014, 0.0821416527033, 186.210830688, 78.876083374, 191.874053955], [-141.927307129, 85.068901062, -204.748214722, 11.4607801437, -97.6696166992, 37.0569953918, 14.4455900192, 162.928237915, 6.16899871826, 75.493057251, -1.10029602051, 16.936126709, -24.8367271423], [492.009857178, -138.312026978, 643.313232422, 132.605117798, 442.734741211, 124.294235229, 287.926239014, 6.16899871826, 283.702301025, 1.37182974815, 153.245285034, 57.2257270813, 142.318267822], [-84.9943771362, 56.6827354431, -152.34286499, -11.7963037491, -86.3233261108, 28.7016620636, 0.0821416527033, 75.493057251, 1.37182974815, 111.414138794, 10.1795015335, 23.4259147644, -9.54835987091], [274.10736084, -56.9226989746, 390.43460083, 78.6183395386, 273.275665283, 82.2825927734, 186.210830688, -1.10029602051, 153.245285034, 10.1795015335, 153.228622437, 54.3037605286, 100.583251953], [146.263671875, -29.5069904327, 167.35774231, 69.6021194458, 108.259422302, 51.738494873, 78.876083374, 16.936126709, 57.2257270813, 23.4259147644, 54.3037605286, 91.8243408203, 65.1416244507], [396.644470215, -129.296203613, 456.794128418, 104.800773621, 292.235198975, 72.1990203857, 191.874053955, -24.8367271423, 142.318267822, -9.54835987091, 100.583251953, 65.1416244507, 158.695465088]],
        "icov": [[0.00103800557554, 0.000560654734727, -0.000141222364618, 1.74678134499e-05, -0.000247795687756, -0.000159031609655, -0.000474202213809, 0.000351387745468, -0.000181411756785, -0.000139928306453, 0.000508509518113, -0.000172287705936, -0.000682950194459], [0.000560654734727, 0.00286454847082, 0.000127651626826, -0.00132215954363, 0.000745588622522, -0.00229624449275, 0.000748152320739, 0.000108819927846, 8.1092955952e-05, 0.000130778134917, -0.00145746360067, 0.000790000427514, 0.0007570523303], [-0.000141222364618, 0.000127651626826, 0.0046190135181, -0.00223561981693, -0.00362645532005, 0.00139423238579, -0.00305339903571, 0.00341129861772, -0.00117746042088, 0.000514619459864, 0.000569633382838, -0.000632736308035, -0.000107151921839], [1.74678134499e-05, -0.00132215954363, -0.00223561981693, 0.00806597433984, -0.00169610453304, -0.00138353568036, 0.00273812492378, -0.00380835984834, 0.00150643545203, 0.00022118621564, 0.00188591086771, -0.00219813571312, -0.00179699086584], [-0.000247795687756, 0.000745588622522, -0.00362645532005, -0.00169610453304, 0.0118504846469, -0.00430639088154, -0.00138769112527, 0.00152696797159, -0.00423303758726, 0.00363203859888, -0.00282131810673, 0.00115600624122, 0.000167314938153], [-0.000159031609655, -0.00229624449275, 0.00139423238579, -0.00138353568036, -0.00430639088154, 0.0126796476543, -0.00404410529882, -0.000314877019264, 0.000783713359851, -0.00317599135451, 0.00166737788823, -0.00213843188249, 0.0013559893705], [-0.000474202213809, 0.000748152320739, -0.00305339903571, 0.00273812492378, -0.00138769112527, -0.00404410529882, 0.0142393838614, -0.00640979409218, -0.000544248789083, -0.000830187054817, -0.00302818440832, 0.00226002093405, -0.00361901381984], [0.000351387745468, 0.000108819927846, 0.00341129861772, -0.00380835984834, 0.00152696797159, -0.000314877019264, -0.00640979409218, 0.0151671469212, -0.00447099329904, -0.00393703021109, 0.0014777041506, -0.00199171784334, 0.00301489816047], [-0.000181411756785, 8.1092955952e-05, -0.00117746042088, 0.00150643545203, -0.00423303758726, 0.000783713359851, -0.000544248789083, -0.00447099329904, 0.0159801673144, -0.00241996417753, -0.00500825839117, 0.0020938271191, -0.00185109686572], [-0.000139928306453, 0.000130778134917, 0.000514619459864, 0.00022118621564, 0.00363203859888, -0.00317599135451, -0.000830187054817, -0.00393703021109, -0.00241996417753, 0.0167745444924, -0.00251403916627, -0.00322939595208, 7.16494760127e-05], [0.000508509518113, -0.00145746360067, 0.000569633382838, 0.00188591086771, -0.00282131810673, 0.00166737788823, -0.00302818440832, 0.0014777041506, -0.00500825839117, -0.00251403916627, 0.0192350782454, -0.0045031523332, -0.00301695941016], [-0.000172287705936, 0.000790000427514, -0.000632736308035, -0.00219813571312, 0.00115600624122, -0.00213843188249, 0.00226002093405, -0.00199171784334, 0.0020938271191, -0.00322939595208, -0.0045031523332, 0.0197926312685, -0.0071953558363], [-0.000682950194459, 0.0007570523303, -0.000107151921839, -0.00179699086584, 0.000167314938153, 0.0013559893705, -0.00361901381984, 0.00301489816047, -0.00185109686572, 7.16494760127e-05, -0.00301695941016, -0.0071953558363, 0.0205728951842]]
    },
    "spectral_contrast_coeffs": {
        "max": [-0.486313283443, -0.504845023155, -0.537500739098, -0.62228935957, -0.62825101614, -0.387785702944],
        "mean": [-0.733278930187, -0.769543468952, -0.753142118454, -0.800552606583, -0.775351643562, -0.702858626842],
        "min": [-0.905582785606, -0.929505228996, -0.895212054253, -0.956194102764, -0.888202667236, -0.849465489388],
        "stdev": [0.0802801251411, 0.0642873570323, 0.0545599199831, 0.0399250946939, 0.0375697426498, 0.0955567061901]
    },
    "spectral_contrast_valleys": {
        "max": [-5.50461530685, -5.08570575714, -4.857234478, -5.73633384705, -5.80434274673, -7.52456665039],
        "mean": [-7.73806381226, -6.51518964767, -6.14053010941, -6.7582025528, -6.91215515137, -9.99277305603],
        "min": [-12.2983016968, -9.25462627411, -10.6119556427, -10.116481781, -11.1317405701, -16.1561908722],
        "stdev": [1.4144974947, 0.476589411497, 0.481506109238, 0.40752145648, 0.442159414291, 1.8122023344]
    }
},
"rhythm": {
    "beats_count": 95,
    "beats_loudness": {
        "max": 0.117302022874,
        "mean": 0.0429155640304,
        "min": 0.00552417524159,
        "stdev": 0.023227814585
    },
    "bpm": 126.111282349,
    "bpm_histogram_first_peak_bpm": 126,
    "bpm_histogram_first_peak_weight": 0.203125,
    "bpm_histogram_second_peak_bpm": 108,
    "bpm_histogram_second_peak_spread": 0.476190507412,
    "bpm_histogram_second_peak_weight": 0.117021277547,
    "danceability": 1.18613839149,
    "onset_rate": 2.3583984375,
    "beats_loudness_band_ratio": {
        "max": [0.883755624294, 0.442783713341, 0.808503806591, 0.747986793518, 0.405426949263, 0.400822520256],
        "mean": [0.337550461292, 0.0413176119328, 0.206609666348, 0.286988317966, 0.0912427231669, 0.0710881203413],
        "min": [5.01913345943e-05, 0.000410652224673, 0.0122541906312, 0.0274875108153, 0.00625055003911, 0.011952476576],
        "stdev": [0.293690234423, 0.065241239965, 0.168438389897, 0.192458033562, 0.0587620697916, 0.0633793994784]
    },
