{
"metadata": {
    "version": {
        "essentia": "2.1-beta5",
        "essentia_git_sha": "Undefined",
        "extractor": "music 2.0"
    },
    "audio_properties": {
        "analysis": {
            "equal_loudness": 0,
            "length": 32.4963264465,
            "sample_rate": 44100,
            "start_time": 142.744674683,
            "downmix": "mix"
        },
        "bit_rate": 192000,
        "length": 210.047714233,
        "lossless": 0,
        "number_channels": 2,
        "replay_gain": -5.53894996643,
        "sample_rate": 44100,
        "codec": "mp3",
        "md5_encoded": "b6165283652549136f632ad7fd50f1db"
    },
    "tags": {
        "file_name": "Belarus_We Are The Heroes_Litesound.mp3",
        "encoding": ["Lavf58.29.100"]
    }
},
"lowlevel": {
    "average_loudness": 0.979004740715,
    "barkbands_crest": {
        "max": 24.792547226,
        "mean": 10.5804853439,
        "min": 2.02151751518,
        "stdev": 5.56318092346
    },
    "barkbands_flatness_db": {
        "max": 0.227728143334,
        "mean": 0.122396975756,
        "min": 0.0434736944735,
        "stdev": 0.0385076999664
    },
    "barkbands_kurtosis": {
        "max": 24.9861602783,
        "mean": 1.41091489792,
        "min": -1.78988146782,
        "stdev": 3.14364480972
    },
    "barkbands_skewness": {
        "max": 4.96129131317,
        "mean": 1.11580073833,
        "min": -0.839063346386,
        "stdev": 0.905928075314
    },
    "barkbands_spread": {
        "max": 91.3858642578,
        "mean": 31.3463058472,
        "min": 9.33523750305,
        "stdev": 13.3255138397
    },
    "dissonance": {
        "max": 0.499910861254,
        "mean": 0.474347412586,
        "min": 0.347282350063,
        "stdev": 0.0193739403039
    },
    "dynamic_complexity": 1.28401613235,
    "erbbands_crest": {
        "max": 24.9268779755,
        "mean": 8.7935962677,
        "min": 2.24149847031,
        "stdev": 4.32536172867
    },
    "erbbands_flatness_db": {
        "max": 0.291149139404,
        "mean": 0.147675946355,
        "min": 0.0749766305089,
        "stdev": 0.0369802601635
    },
    "erbbands_kurtosis": {
        "max": 8.44041252136,
        "mean": 0.31417542696,
        "min": -1.49263072014,
        "stdev": 1.1810811758
    },
    "erbbands_skewness": {
        "max": 2.33242726326,
        "mean": 0.277343124151,
        "min": -1.81646001339,
        "stdev": 0.623515129089
    },
    "erbbands_spread": {
        "max": 100.086051941,
        "mean": 38.1302604675,
        "min": 10.8489665985,
        "stdev": 13.9814558029
    },
    "hfc": {
        "max": 179.187973022,
        "mean": 43.8880462646,
        "min": 0.832837760448,
        "stdev": 20.5443687439
    },
    "loudness_ebu128": {
        "integrated": -15.5864200592,
        "loudness_range": 1.02382946014,
        "momentary": {
            "max": -14.1789255142,
            "mean": -15.6598739624,
            "min": -20.329366684,
            "stdev": 0.876096189022
        },
        "short_term": {
            "max": -15.0140867233,
            "mean": -15.6113080978,
            "min": -17.380405426,
            "stdev": 0.484015405178
        }
    },
    "melbands_crest": {
        "max": 32.8840370178,
        "mean": 15.8625602722,
        "min": 3.6008682251,
        "stdev": 7.67388963699
    },
    "melbands_flatness_db": {
        "max": 0.290991097689,
        "mean": 0.147928804159,
        "min": 0.0260750688612,
        "stdev": 0.0562565103173
    },
    "melbands_kurtosis": {
        "max": 102.337173462,
        "mean": 9.1091966629,
        "min": -1.22690391541,
        "stdev": 12.2097768784
    },
    "melbands_skewness": {
        "max": 9.43710422516,
        "mean": 2.30403590202,
        "min": -0.217020660639,
        "stdev": 1.50740981102
    },
    "melbands_spread": {
        "max": 135.492797852,
        "mean": 33.8034286499,
        "min": 4.5612950325,
        "stdev": 17.6794719696
    },
    "pitch_salience": {
        "max": 0.788592875004,
        "mean": 0.505848824978,
        "min": 0.117509111762,
        "stdev": 0.140127822757
    },
    "silence_rate_20dB": {
        "max": 1,
        "mean": 1,
        "min": 1,
        "stdev": 0
    },
    "silence_rate_30dB": {
        "max": 1,
        "mean": 0.995717346668,
        "min": 0,
        "stdev": 0.0653010085225
    },
    "silence_rate_60dB": {
        "max": 0,
        "mean": 0,
        "min": 0,
        "stdev": 0
    },
    "spectral_centroid": {
        "max": 3635.62548828,
        "mean": 1889.14257812,
        "min": 696.538574219,
        "stdev": 434.844238281
    },
    "spectral_complexity": {
        "max": 59,
        "mean": 32.4468231201,
        "min": 1,
        "stdev": 7.34372138977
    },
    "spectral_decrease": {
        "max": -9.19759490792e-10,
        "mean": -1.13083951092e-08,
        "min": -3.24690567766e-08,
        "stdev": 5.88143000968e-09
    },
    "spectral_energy": {
        "max": 0.12542244792,
        "mean": 0.0466613397002,
        "min": 0.00354693061672,
        "stdev": 0.022194582969
    },
    "spectral_energyband_high": {
        "max": 0.0192623902112,
        "mean": 0.00260232202709,
        "min": 4.3251497118e-05,
        "stdev": 0.00211691483855
    },
    "spectral_energyband_low": {
        "max": 0.113115951419,
        "mean": 0.0220627449453,
        "min": 6.18698140897e-06,
        "stdev": 0.023668659851
    },
    "spectral_energyband_middle_high": {
        "max": 0.0441563278437,
        "mean": 0.0113563807681,
        "min": 0.000124451762531,
        "stdev": 0.00662873312831
    },
    "spectral_energyband_middle_low": {
        "max": 0.0547268390656,
        "mean": 0.0116930827498,
        "min": 0.000461097341031,
        "stdev": 0.00926029216498
    },
    "spectral_entropy": {
        "max": 8.73354530334,
        "mean": 7.99144744873,
        "min": 7.12872982025,
        "stdev": 0.225798293948
    },
    "spectral_flux": {
        "max": 0.306204617023,
        "mean": 0.121557049453,
        "min": 0.0359124131501,
        "stdev": 0.0417731329799
    },
    "spectral_kurtosis": {
        "max": 7.6163482666,
        "mean": 1.92849433422,
        "min": -0.896326303482,
        "stdev": 1.08642864227
    },
    "spectral_rms": {
        "max": 0.0110617969185,
        "mean": 0.00655034696683,
        "min": 0.00186022045091,
        "stdev": 0.00161747622769
    },
    "spectral_rolloff": {
        "max": 9560.7421875,
        "mean": 2061.5,
        "min": 64.599609375,
        "stdev": 1584.6854248
    },
    "spectral_skewness": {
        "max": 2.22902584076,
        "mean": 1.13287973404,
        "min": 0.303361177444,
        "stdev": 0.189578562975
    },
    "spectral_spread": {
        "max": 16364698,
        "mean": 5168608.5,
        "min": 2589217,
        "stdev": 1269582.125
    },
    "spectral_strongpeak": {
        "max": 9.4632396698,
        "mean": 1.31714892387,
        "min": 0,
        "stdev": 1.46958124638
    },
    "zerocrossingrate": {
        "max": 0.263671875,
        "mean": 0.080104611814,
        "min": 0.0078125,
        "stdev": 0.0361395888031
    },
    "barkbands": {
        "max": [0.00566491158679, 0.105943337083, 0.0627143085003, 0.0303294807673, 0.027560532093, 0.0271199382842, 0.0122326090932, 0.0223584976047, 0.0461523607373, 0.0322436057031, 0.0271741170436, 0.0253983438015, 0.0154058886692, 0.00756527995691, 0.0224668607116, 0.0108113437891, 0.00535618280992, 0.0108553376049, 0.00527736078948, 0.00331450300291, 0.00263674906455, 0.00278912554495, 0.00379718025215, 0.00762256234884, 0.00510450452566, 0.00142199150287, 1.27619659906e-05],
        "mean": [0.000572350574657, 0.0162486955523, 0.00436104042456, 0.00144119805191, 0.00190232158639, 0.00140278437175, 0.000826996460091, 0.00162797840312, 0.00395461730659, 0.00187280529644, 0.00120458647143, 0.00198252662085, 0.00153335789219, 0.000872753327712, 0.0011280780891, 0.000930436595809, 0.000766545534134, 0.000529337383341, 0.00065333431121, 0.000480483431602, 0.000555543636438, 0.000464248994831, 0.000487988407258, 0.000533077924047, 0.000279724568827, 4.85072050651e-05, 1.16797025385e-08],
        "min": [1.37981039927e-08, 1.89797606254e-06, 1.79624166208e-07, 3.3029499491e-07, 1.05325398181e-05, 5.73127272219e-06, 1.05559263375e-06, 6.88980298946e-06, 8.84827932168e-06, 1.10888940981e-05, 4.11781411458e-06, 1.24164525914e-05, 2.52169757005e-05, 1.63988152053e-05, 4.34241746916e-06, 9.86030863714e-06, 4.61542140329e-06, 4.0196032387e-06, 3.35967320098e-06, 1.45359672388e-06, 6.2099875322e-06, 1.38960258482e-05, 5.35777508048e-06, 4.2455499738e-07, 3.59983209908e-10, 7.54507706313e-11, 5.8525809199e-11],
        "stdev": [0.000974206253886, 0.0219875574112, 0.00768308760598, 0.00325567019172, 0.00260751321912, 0.00215918198228, 0.00127249292564, 0.00243129022419, 0.00628113001585, 0.00288942991756, 0.00257469178177, 0.00284848129377, 0.00215337797999, 0.0010708324844, 0.00179127720185, 0.00121300679166, 0.000634459604044, 0.000536395818926, 0.000515087798703, 0.000376040465198, 0.000390425877413, 0.000351436290657, 0.000433878856711, 0.000697682087775, 0.00047862532665, 0.000103502832644, 3.41937010262e-07]
    },
    "erbbands": {
        "max": [4.00013446808, 27.0078144073, 65.9771957397, 105.910369873, 117.504669189, 86.5475845337, 175.566055298, 310.099609375, 188.789001465, 238.399490356, 545.072814941, 1378.33154297, 1292.81750488, 920.795715332, 1256.3894043, 1265.4564209, 845.825195312, 441.924926758, 1288.98254395, 840.133789062, 700.774414062, 381.93069458, 636.08392334, 241.236160278, 223.932815552, 194.998245239, 115.024536133, 142.164749146, 109.390068054, 128.862838745, 122.535354614, 152.524841309, 120.812675476, 74.2593307495, 26.6678657532, 9.90726470947, 1.54897284508, 0.0336424596608, 0.00189522875007, 0.000263463822193],
        "mean": [0.521875202656, 3.38775873184, 5.61014556885, 5.10068750381, 4.95210266113, 6.25606203079, 11.1007013321, 10.488653183, 11.0400724411, 15.5749425888, 47.4510574341, 78.0131530762, 80.4761886597, 63.1627845764, 54.4233016968, 89.2560958862, 71.8654632568, 54.1415557861, 53.7127037048, 55.9897346497, 49.8647460938, 40.0542373657, 30.6279354095, 29.3323574066, 33.3589401245, 22.7476215363, 21.8979320526, 20.9488124847, 16.9249191284, 15.6290187836, 13.5020198822, 11.844704628, 8.28733634949, 4.0690870285, 1.4507266283, 0.40794429183, 0.0547174625099, 0.0013340722071, 9.60389297688e-05, 6.74063630868e-05],
        "min": [6.7941902671e-05, 0.000258207641309, 0.00118868693244, 0.00305593432859, 0.0233699642122, 0.0341470912099, 0.0644495338202, 0.0853455141187, 0.0702550783753, 0.224013775587, 0.491975069046, 0.760579586029, 0.600915133953, 0.369414508343, 0.450774788857, 0.559984087944, 1.48005449772, 1.98856854439, 0.642458617687, 0.304251104593, 0.472200632095, 0.302350431681, 0.223042920232, 0.153637692332, 0.151763156056, 0.0745084807277, 0.172618225217, 0.397972553968, 0.5493683815, 0.176178202033, 0.17573210597, 0.0168211944401, 0.00205514044501, 0.000366397871403, 0.000134433823405, 6.60648729536e-05, 2.65227590717e-05, 6.5203316808e-06, 5.03789988215e-06, 6.65381321596e-06],
        "stdev": [0.780592083931, 4.89664554596, 8.89043712616, 9.47900772095, 9.58647060394, 9.06427574158, 17.2382602692, 18.2351417542, 16.7353916168, 23.1904067993, 68.6960983276, 126.072303772, 148.214324951, 93.645149231, 91.400604248, 132.447891235, 97.5257415771, 64.9323348999, 78.4089355469, 79.0261306763, 61.1502952576, 33.8913040161, 28.5679111481, 24.5648460388, 26.0834579468, 18.2157497406, 16.075302124, 15.1866779327, 12.5183839798, 13.2477474213, 12.2957696915, 14.4250478745, 11.6447563171, 6.9083366394, 2.48931026459, 0.813503086567, 0.121591418982, 0.00276572350413, 0.000130493950564, 2.99008970615e-05]
    },
    "gfcc": {
        "mean": [61.1745834351, 72.997505188, -138.730834961, 47.8832588196, -68.2243499756, 39.7844085693, -33.2045822144, 18.5154533386, -18.4155311584, 2.21139121056, -11.4716472626, -3.69881701469, -4.50026607513],
        "cov": [[904.708679199, -258.328582764, 438.861907959, 11.3886404037, -60.1994819641, 89.9760665894, -224.269760132, 37.4016876221, -163.22744751, 57.5531311035, -90.1537475586, 29.3706550598, -113.289764404], [-258.328582764, 580.849975586, -76.2425231934, 119.922576904, 106.78616333, -27.1433982849, 177.894119263, -74.4930114746, 142.854248047, -66.1155853271, 87.0347900391, -61.2383270264, 56.0703697205], [438.861907959, -76.2425231934, 690.51361084, 167.893127441, 116.620010376, 144.294036865, -133.577285767, 91.6444168091, -34.6355514526, 114.461593628, -16.7333335876, 73.461227417, -68.5872879028], [11.3886404037, 119.922576904, 167.893127441, 210.245574951, 117.924255371, 42.58335495, -9.14923858643, -6.69301462173, 67.9128875732, 14.1680011749, 48.7228050232, 0.981314182281, 37.3858070374], [-60.1994819641, 106.78616333, 116.620010376, 117.924255371, 209.1822052, 61.7276229858, 34.5699653625, 16.2266864777, 58.0405654907, 41.1036643982, 20.1386566162, 25.9829807281, 25.1451568604], [89.9760665894, -27.1433982849, 144.294036865, 42.58335495, 61.7276229858, 177.14151001, 84.4355392456, 45.8250350952, 7.05954933167, 21.8460159302, 33.5889625549, 15.7906236649, 1.63300466537], [-224.269760132, 177.894119263, -133.577285767, -9.14923858643, 34.5699653625, 84.4355392456, 319.604248047, 26.6510887146, 62.6020927429, -33.1556510925, 43.7199668884, -15.9237804413, 28.9508457184], [37.4016876221, -74.4930114746, 91.6444168091, -6.69301462173, 16.2266864777, 45.8250350952, 26.6510887146, 110.711128235, 38.9869995117, 48.1957550049, 0.602788448334, 16.5332336426, -0.914647817612], [-163.22744751, 142.854248047, -34.6355514526, 67.9128875732, 58.0405654907, 7.05954933167, 62.6020927429, 38.9869995117, 186.601623535, 43.4442520142, 68.7975616455, -10.8456497192, 60.9738388062], [57.5531311035, -66.1155853271, 114.461593628, 14.1680011749, 41.1036643982, 21.8460159302, -33.1556510925, 48.1957550049, 43.4442520142, 111.715377808, 26.9295310974, 40.3297309875, -3.82686972618], [-90.1537475586, 87.0347900391, -16.7333335876, 48.7228050232, 20.1386566162, 33.5889625549, 43.7199668884, 0.602788448334, 68.7975616455, 26.9295310974, 125.273719788, 28.0777587891, 45.0143737793], [29.3706550598, -61.2383270264, 73.461227417, 0.981314182281, 25.9829807281, 15.7906236649, -15.9237804413, 16.5332336426, -10.8456497192, 40.3297309875, 28.0777587891, 82.9444503784, 11.8565692902], [-113.289764404, 56.0703697205, -68.5872879028, 37.3858070374, 25.1451568604, 1.63300466537, 28.9508457184, -0.914647817612, 60.9738388062, -3.82686972618, 45.0143737793, 11.8565692902, 100.231239319]],
        "icov": [[0.00258686509915, -0.000697180454154, -0.000508165743668, -0.000823697540909, 0.00199132692069, -0.00231168884784, 0.00164107792079, -0.000517070933711, 0.00150792382192, -0.00148848793469, 0.00169230019674, -0.000482187781017, 0.000655641139019], [-0.000697180454154, 0.00722412299365, -0.00387229118496, 0.00311173032969, -0.00491264509037, 0.00651901075616, -0.00497396383435, 0.00598753383383, -0.0047966488637, 0.00589802069589, -0.00614854739979, 0.00582438986748, -0.000806632684544], [-0.000508165743668, -0.00387229118496, 0.00750941596925, -0.00673821754754, 0.003049377352, -0.0062529980205, 0.00402315752581, -0.00582451606169, 0.00322533980943, -0.00512222805992, 0.00523515464738, -0.00645900936797, 0.00362071674317], [-0.000823697540909, 0.00311173032969, -0.00673821754754, 0.0159497223794, -0.00825932063162, 0.00499455584213, -0.00200159987435, 0.00619324343279, -0.00515228323638, 0.00693461904302, -0.00795019138604, 0.00768141634762, -0.0045456206426], [0.00199132692069, -0.00491264509037, 0.003049377352, -0.00825932063162, 0.0136946709827, -0.00794970523566, 0.0030612621922, -0.00283492868766, 0.00228434917517, -0.00757984537631, 0.00906052906066, -0.00780261820182, 0.00112494314089], [-0.00231168884784, 0.00651901075616, -0.0062529980205, 0.00499455584213, -0.00794970523566, 0.0185041055083, -0.00877406168729, 0.00291544850916, -0.00200702878647, 0.00649923970923, -0.0107728298753, 0.00844261515886, -0.00283916993067], [0.00164107792079, -0.00497396383435, 0.00402315752581, -0.00200159987435, 0.0030612621922, -0.00877406168729, 0.0095790931955, -0.00573725858703, 0.00204795855097, -0.00177168077789, 0.00403242511675, -0.00463729258627, 0.00211683893576], [-0.000517070933711, 0.00598753383383, -0.00582451606169, 0.00619324343279, -0.00283492868766, 0.00291544850916, -0.00573725858703, 0.0210904646665, -0.0088014639914, 0.000998629606329, -0.00167574430816, 0.00393874803558, -0.00203732284717], [0.00150792382192, -0.0047966488637, 0.00322533980943, -0.00515228323638, 0.00228434917517, -0.00200702878647, 0.00204795855097, -0.0088014639914, 0.0170829873532, -0.00999149214476, -0.000131745502586, 0.00261116051115, -0.00371901900508], [-0.00148848793469, 0.00589802069589, -0.00512222805992, 0.00693461904302, -0.00757984537631, 0.00649923970923, -0.00177168077789, 0.000998629606329, -0.00999149214476, 0.0244688224047, -0.00894570257515, -0.000576133897994, 0.00234110862948], [0.00169230019674, -0.00614854739979, 0.00523515464738, -0.00795019138604, 0.00906052906066, -0.0107728298753, 0.00403242511675, -0.00167574430816, -0.000131745502586, -0.00894570257515, 0.0221296064556, -0.012505245395, -9.8095901194e-05], [-0.000482187781017, 0.00582438986748, -0.00645900936797, 0.00768141634762, -0.00780261820182, 0.00844261515886, -0.00463729258627, 0.00393874803558, 0.00261116051115, -0.000576133897994, -0.012505245395, 0.0271885674447, -0.00710339192301], [0.000655641139019, -0.000806632684544, 0.00362071674317, -0.0045456206426, 0.00112494314089, -0.00283916993067, 0.00211683893576, -0.00203732284717, -0.00371901900508, 0.00234110862948, -9.8095901194e-05, -0.00710339192301, 0.0177124794573]]
    },
    "melbands": {
        "max": [0.0279980562627, 0.0288671925664, 0.0158375445753, 0.00691575929523, 0.00462242215872, 0.00618923362345, 0.00265334220603, 0.00292692123912, 0.00410126196221, 0.00757224112749, 0.00630205869675, 0.00347458594479, 0.00431192107499, 0.00282829697244, 0.0018493476091, 0.00156351027545, 0.000850138720125, 0.00180677103344, 0.001674589701, 0.00106397608761, 0.00077912514098, 0.000420788710471, 0.000737671507522, 0.000269028474577, 0.000224896342843, 0.000250675308052, 0.000120885975775, 0.000133294961415, 8.84850960574e-05, 9.49220047914e-05, 9.29903471842e-05, 6.56648844597e-05, 6.98759104125e-05, 9.6037532785e-05, 7.38468734198e-05, 7.98651599325e-05, 0.000103430815216, 9.41994367167e-05, 8.79399522091e-05, 5.52347955818e-05],
        "mean": [0.00459296209738, 0.00337569811381, 0.000871527125128, 0.000395791255869, 0.000363844650565, 0.000237922591623, 0.000171668070834, 0.000187612793525, 0.000412314606365, 0.000537293555681, 0.000396506249672, 0.000253113626968, 0.000175249006134, 0.000226361458772, 0.000182052564924, 0.000151003012434, 8.96338315215e-05, 7.8976561781e-05, 8.4359649918e-05, 6.7067470809e-05, 5.7265147916e-05, 4.22173325205e-05, 3.39553625963e-05, 2.48789983743e-05, 2.28856097237e-05, 2.65093513008e-05, 1.97975914489e-05, 1.38027471621e-05, 1.32954910441e-05, 1.39567973747e-05, 1.13867990876e-05, 9.61411933531e-06, 8.65046877152e-06, 8.73490625963e-06, 7.72452858655e-06, 7.57563657316e-06, 7.04146759745e-06, 6.21179651716e-06, 4.51712776339e-06, 3.05923504129e-06],
        "min": [6.16255476871e-07, 6.33962145002e-07, 4.33907104025e-07, 1.44554019244e-06, 1.58585339705e-06, 2.0324905563e-06, 8.3564691522e-07, 2.64141363004e-06, 1.48824324242e-06, 2.28743601838e-06, 2.34223034568e-06, 1.23580230138e-06, 9.43434599776e-07, 1.18520006254e-06, 1.77960521341e-06, 2.03881540983e-06, 1.79846483661e-06, 1.16764124414e-06, 2.32208464013e-07, 6.3788195348e-07, 5.01916076701e-07, 3.72186860886e-07, 1.42952316651e-07, 1.86469705454e-07, 1.14394801187e-07, 1.4195688891e-07, 5.6053849562e-08, 5.12146023368e-08, 8.00613264573e-08, 1.64520201906e-07, 2.58734132785e-07, 3.86231818084e-07, 1.56229504e-07, 7.13974657174e-08, 8.78150174799e-08, 2.0770511977e-09, 1.02695418835e-09, 4.47890379299e-12, 5.42083739008e-12, 6.50866079782e-13],
        "stdev": [0.00637714611366, 0.00438509881496, 0.00152543804143, 0.000611100520473, 0.0005169340875, 0.000390653498471, 0.00025565805845, 0.000271397875622, 0.000610943359789, 0.000867185357492, 0.000736200308893, 0.000398009433411, 0.000356348667992, 0.000318833190249, 0.000241916452069, 0.000208576457226, 0.000115805123642, 0.000114967362606, 0.000143248034874, 9.00269442354e-05, 7.05534839653e-05, 3.79002340196e-05, 3.6220306356e-05, 2.31288813666e-05, 2.18364639295e-05, 2.34906310652e-05, 1.58167931659e-05, 1.25602327898e-05, 1.12191228254e-05, 1.19197893582e-05, 8.89950297278e-06, 7.35483308745e-06, 7.16318072591e-06, 7.8450939327e-06, 6.96088500263e-06, 8.48050967761e-06, 9.05529486772e-06, 8.55791131471e-06, 7.72421844886e-06, 5.2650507314e-06]
    },
    "melbands128": {
        "max": [0.00560049293563, 0.0380352027714, 0.0440113954246, 0.0468681156635, 0.0425203368068, 0.0310062207282, 0.0248953215778, 0.0135635212064, 0.0169331859797, 0.00895948894322, 0.00583340693265, 0.00477364100516, 0.00834095012397, 0.0103129921481, 0.00975619908422, 0.00603217072785, 0.00553009007126, 0.00452541001141, 0.0037349187769, 0.00374059076421, 0.00461222371086, 0.00722913164645, 0.00675750756636, 0.00833074934781, 0.0176085568964, 0.0132797267288, 0.0195058099926, 0.0120147261769, 0.00600224547088, 0.00511737121269, 0.0060779559426, 0.00784192886204, 0.00752485357225, 0.00519466586411, 0.00274200644344, 0.00531345698982, 0.00548948626965, 0.00358126196079, 0.0032464673277, 0.0042226370424, 0.00287548475899, 0.00286509515718, 0.00177567533683, 0.00125488906633, 0.00137170171365, 0.00346219888888, 0.0053233820945, 0.00355443567969, 0.00248283008114, 0.00280821882188, 0.000845505623147, 0.00115158036351, 0.00169725925662, 0.00141912978142, 0.000496433407534, 0.00071904232027, 0.000678961223457, 0.000464683689643, 0.00175774493255, 0.000539058120921, 0.000268599949777, 0.000574257283006, 0.000410178938182, 0.000393834721763, 0.000602316984441, 0.000567099777982, 0.00039107829798, 0.000214829531615, 0.000282787164906, 0.000201170070795, 0.000235033396166, 0.000174940534635, 0.0001446189126, 0.000179450929863, 0.000104579048639, 0.000141066804645, 0.000202577211894, 0.000144481484313, 9.75493239821e-05, 0.000146991515066, 8.93055694178e-05, 7.93295621406e-05, 9.92114873952e-05, 6.40617290628e-05, 0.000128104045871, 8.58520288602e-05, 0.000162443364388, 7.01568205841e-05, 7.47748708818e-05, 0.000107310661406, 7.3350915045e-05, 9.64959108387e-05, 0.000141942917253, 0.00010504443344, 0.000111536755867, 0.000121205041069, 0.000164138094988, 8.85436238605e-05, 0.000122695011669, 0.000103674377897, 9.95953814709e-05, 4.81758106616e-05, 4.2870240577e-05, 5.48047646589e-05, 3.05353460135e-05, 3.10242430714e-05, 2.11067545024e-05, 3.14255121339e-05, 1.67126090673e-05, 1.19903606901e-05, 1.08222111521e-05, 1.48172994159e-05, 3.33047387358e-06, 8.09786158129e-08, 7.39816030659e-08, 6.90356856126e-08, 6.50552394177e-08, 6.17639202005e-08, 5.91288511487e-08, 5.68711939763e-08, 5.49024328222e-08, 5.3242015241e-08, 5.18377412106e-08, 5.0675193819e-08, 4.96504704017e-08, 4.89046918517e-08, 4.83344457791e-08, 4.80217821064e-08],
        "mean": [0.000546013528947, 0.00403840374202, 0.006551370956, 0.00526233529672, 0.0033635944128, 0.00190176523756, 0.00106407434214, 0.000612835458014, 0.000477219262393, 0.00040786981117, 0.000321869563777, 0.000332156458171, 0.000427270395448, 0.000337647885317, 0.000245182018261, 0.000186508012121, 0.000137379509397, 0.000201127069886, 0.000163688804605, 0.000156143039931, 0.000169507111423, 0.000350092101144, 0.0004983934341, 0.000381282530725, 0.000469101534691, 0.000559100939427, 0.000810728932265, 0.000258440501057, 0.000180656745215, 0.000345289270626, 0.000227908589295, 0.000183376454515, 0.000204623982427, 0.000128532105009, 0.000166599726072, 0.000287233706331, 0.000295840523904, 0.000118215408293, 0.00017123593716, 0.000166855796124, 0.000127658699057, 0.000169005332282, 8.94442564459e-05, 4.82229770569e-05, 6.37513076072e-05, 7.61179835536e-05, 0.000113240414066, 8.85847039171e-05, 6.21814178885e-05, 8.90410665306e-05, 6.26811161055e-05, 5.24737588421e-05, 6.18573758402e-05, 5.87487338635e-05, 5.17664484505e-05, 3.62551727449e-05, 3.62503706128e-05, 4.51556661574e-05, 2.9009543141e-05, 2.16503249248e-05, 2.75600850728e-05, 2.43100985244e-05, 2.03649506147e-05, 2.25594321819e-05, 2.72695033345e-05, 2.59480730165e-05, 2.82436358248e-05, 2.20646252274e-05, 1.79597318493e-05, 1.62283176905e-05, 1.39424892041e-05, 1.20205595522e-05, 1.32900831886e-05, 1.43216793731e-05, 1.18297457448e-05, 1.50447949636e-05, 1.45820922626e-05, 1.2030977814e-05, 1.14944614324e-05, 1.00603574538e-05, 9.48979504756e-06, 9.68223412201e-06, 9.0746625574e-06, 8.44769692776e-06, 8.12881626189e-06, 9.29042471398e-06, 8.89504372026e-06, 7.98733071861e-06, 7.69629787101e-06, 7.40395717003e-06, 7.38520247978e-06, 7.78857520345e-06, 7.74619729782e-06, 7.13908457328e-06, 6.26505016044e-06, 6.97675932315e-06, 6.36932099951e-06, 5.01673775943e-06, 4.72891315439e-06, 4.1499533836e-06, 3.52819415639e-06, 3.00607257486e-06, 2.26563861361e-06, 2.0164156922e-06, 1.48119875121e-06, 1.34009098929e-06, 1.14337706236e-06, 8.44347198381e-07, 6.1899567072e-07, 5.06985088577e-07, 3.91198312855e-07, 2.8743923508e-07, 9.26717689254e-08, 1.73034322981e-10, 6.7075282828e-11, 6.22613280377e-11, 5.89440718457e-11, 5.61771774932e-11, 5.39378021414e-11, 5.19780329888e-11, 5.02955732617e-11, 4.88499032891e-11, 4.76101484626e-11, 4.65813811135e-11, 4.57071949733e-11, 4.50480035219e-11, 4.4562454421e-11, 4.42765338282e-11],
        "min": [3.30535065984e-09, 6.20491462655e-08, 3.50977416019e-07, 2.05837295653e-07, 2.12272368572e-07, 6.12622486074e-08, 1.14994669786e-07, 1.17139855149e-07, 2.29532517437e-07, 3.05805912149e-07, 9.33579045181e-08, 1.398925491e-07, 1.62786847113e-07, 5.84404119763e-07, 6.22144739282e-07, 1.82171309149e-08, 3.46462201151e-08, 1.17810117217e-07, 4.10901463965e-08, 3.20254571307e-07, 4.72998834766e-07, 6.46085140943e-07, 6.35962351225e-07, 4.44697860758e-07, 1.85059519708e-07, 1.03040399324e-07, 1.10271017206e-07, 4.09859978845e-07, 8.52637185744e-07, 1.12783811801e-06, 4.37225565975e-07, 1.34046317157e-07, 1.34949601716e-07, 2.73234007864e-07, 4.62567527393e-07, 5.06822289026e-07, 8.53580047533e-07, 4.09354811381e-07, 1.492003463e-07, 7.90780489979e-08, 2.78181659041e-07, 9.92273854195e-08, 3.94247905433e-07, 5.8081401022e-08, 1.54534575358e-07, 1.01222303783e-06, 3.15672707529e-07, 2.07560219678e-07, 9.15156306291e-08, 8.59431139588e-08, 5.09706751473e-07, 1.5836150169e-07, 1.15207946294e-07, 2.81608549813e-07, 4.16621332988e-07, 1.59245317377e-07, 1.01038914124e-07, 1.22771988131e-08, 2.10758315689e-07, 2.35505780211e-07, 1.58290731633e-07, 1.25215507296e-07, 5.31189172648e-08, 6.03537486654e-08, 1.71767155166e-07, 1.66871487295e-07, 1.08744501404e-07, 1.09667482207e-07, 2.14765876194e-08, 2.59100474409e-08, 1.92054052661e-08, 6.9212418019e-09, 7.60160112634e-09, 5.49438361475e-08, 8.41462082235e-08, 1.32986528456e-07, 1.93076104438e-07, 1.98263535367e-07, 1.74023085719e-07, 1.90289327406e-07, 1.58608216339e-07, 2.34510793007e-07, 1.0337152645e-07, 1.75728771978e-07, 6.64602239908e-08, 7.89188732142e-08, 7.34547569436e-08, 6.16693327515e-08, 1.39872113891e-08, 8.51474446506e-11, 5.8284800597e-11, 3.48249273863e-09, 3.91360677199e-09, 3.88305498866e-11, 3.11760838499e-12, 4.06893269078e-12, 4.18842217853e-12, 3.98320005451e-12, 1.97619459859e-12, 4.06128581286e-13, 3.35985525426e-13, 2.39680020622e-13, 8.61832090068e-13, 1.07945607748e-12, 7.80247990783e-13, 2.05558682055e-12, 3.59189403481e-13, 3.82036985597e-13, 3.11182964162e-13, 2.88368287582e-13, 3.0443955191e-13, 2.76485296246e-13, 2.52830498508e-13, 2.30230575273e-13, 1.89630985068e-13, 2.01214194503e-13, 1.75997901691e-13, 1.40796242395e-13, 1.57346520795e-13, 1.47796271749e-13, 1.7235669001e-13, 1.67268190401e-13, 1.28085855724e-13, 1.55204191513e-13, 1.77419534684e-13, 1.90798535283e-13, 1.89388394832e-13, 1.72183746211e-13],
        "stdev": [0.000957480573561, 0.00670622428879, 0.0101780649275, 0.00826044939458, 0.00556174432859, 0.00333363329992, 0.00216920184903, 0.00143505178858, 0.00107195170131, 0.000736806134228, 0.000563000212424, 0.000526231946424, 0.000767827674281, 0.000651901646052, 0.00053331622621, 0.000420929223765, 0.000290960044367, 0.000376231910195, 0.000312828604365, 0.000340670638252, 0.000343266612617, 0.000608882633969, 0.000928373774514, 0.000897585938219, 0.00127790996339, 0.00118048663717, 0.00205513392575, 0.000713623303454, 0.000378360593459, 0.000648657325655, 0.000478070054669, 0.000511229445692, 0.000588210241403, 0.000346002547303, 0.000321094179526, 0.000548272510059, 0.000621930928901, 0.000268869829597, 0.000348429428414, 0.000384034181479, 0.000274425488897, 0.000304860819597, 0.000170836356119, 8.75746627571e-05, 0.00011208318756, 0.00015414984955, 0.000281685526716, 0.000240595836658, 0.000142603661516, 0.000204672061955, 9.4721413916e-05, 0.000110744433186, 0.000132677145302, 8.66035188665e-05, 5.96847312408e-05, 5.30840152351e-05, 5.12278056704e-05, 5.27474294358e-05, 6.16075194557e-05, 2.88734354399e-05, 3.09689312417e-05, 3.25816981785e-05, 3.12337724608e-05, 2.94651181321e-05, 3.79523808078e-05, 3.42422281392e-05, 3.5009750718e-05, 2.5900772016e-05, 2.09478948818e-05, 1.96159944608e-05, 1.97797780856e-05, 1.29987638502e-05, 1.48862318383e-05, 1.62887954502e-05, 1.22794108393e-05, 1.54889967234e-05, 2.00000631594e-05, 1.21719285744e-05, 1.12914376587e-05, 1.01831956272e-05, 8.50157812238e-06, 9.20547336136e-06, 8.35126229504e-06, 7.76128217694e-06, 8.87232454261e-06, 9.50265257416e-06, 9.43472332438e-06, 7.70049518906e-06, 7.87734643382e-06, 7.77799414209e-06, 8.010523743e-06, 1.02427711681e-05, 1.06217048597e-05, 9.73331043497e-06, 8.90378851182e-06, 1.00208189906e-05, 9.66034713201e-06, 7.78106095822e-06, 8.54224253999e-06, 8.06738626125e-06, 7.09110008756e-06, 4.95556741953e-06, 4.08612322644e-06, 4.04213960792e-06, 2.72799275081e-06, 2.5254519187e-06, 2.2542537863e-06, 1.90701052816e-06, 1.44928333157e-06, 1.25658903016e-06, 9.45278827658e-07, 8.09276059499e-07, 2.5178403007e-07, 2.24500862345e-09, 1.98084038061e-09, 1.84875559306e-09, 1.74245184947e-09, 1.65451374823e-09, 1.58407420514e-09, 1.52369217243e-09, 1.47107526161e-09, 1.42665435021e-09, 1.38908395897e-09, 1.35798261525e-09, 1.33059707697e-09, 1.31060651221e-09, 1.29536692484e-09, 1.28700794466e-09]
    },
    "mfcc": {
        "mean": [-565.72253418, 86.3664474487, -3.89582419395, 11.8382978439, 2.04103684425, 13.3837852478, 5.20348978043, 12.6136636734, 5.39843273163, 8.14893341064, 1.64548015594, 3.85624313354, -0.178878381848],
        "cov": [[715.914306641, -185.787185669, 265.603363037, -92.9861068726, 77.4508209229, -48.8767242432, -4.96875858307, -73.5747909546, -67.9796447754, -43.0832710266, -35.9829292297, -18.2837200165, -37.395198822], [-185.787185669, 391.310943604, -72.9164047241, 120.692955017, -33.7478866577, 77.3413238525, 6.72705125809, 55.0972862244, 20.4823417664, 26.3772411346, 40.3652648926, 6.24403476715, 1.54414904118], [265.603363037, -72.9164047241, 542.165283203, 32.6043167114, 220.098815918, 26.6481742859, 49.8888282776, -14.836139679, -1.36572444439, 3.94305181503, 19.1093940735, 66.0908432007, 50.733341217], [-92.9861068726, 120.692955017, 32.6043167114, 196.631561279, 90.7238388062, 54.5722885132, -21.4351902008, 4.59120035172, 16.9209785461, 21.0050830841, 2.91519474983, 1.50595271587, 20.8534812927], [77.4508209229, -33.7478866577, 220.098815918, 90.7238388062, 316.242248535, 35.9873161316, -27.6588401794, -51.0671310425, 10.0849380493, 20.2249298096, -4.48667526245, 24.7167549133, 51.0379867554], [-48.8767242432, 77.3413238525, 26.6481742859, 54.5722885132, 35.9873161316, 150.749160767, 73.3739471436, 52.1325378418, 25.6456451416, 16.331577301, 23.1723041534, 26.2316303253, 12.0520143509], [-4.96875858307, 6.72705125809, 49.8888282776, -21.4351902008, -27.6588401794, 73.3739471436, 160.29145813, 76.9337387085, 20.6202869415, -2.90054368973, 16.6752490997, 21.0917224884, 5.74468946457], [-73.5747909546, 55.0972862244, -14.836139679, 4.59120035172, -51.0671310425, 52.1325378418, 76.9337387085, 114.654724121, 44.2545776367, 16.9624347687, 22.4423065186, 16.9446086884, 2.37561988831], [-67.9796447754, 20.4823417664, -1.36572444439, 16.9209785461, 10.0849380493, 25.6456451416, 20.6202869415, 44.2545776367, 104.268325806, 53.3776168823, 28.5665016174, 4.19349098206, 4.4941034317], [-43.0832710266, 26.3772411346, 3.94305181503, 21.0050830841, 20.2249298096, 16.331577301, -2.90054368973, 16.9624347687, 53.3776168823, 96.5560913086, 44.3090858459, 18.2155799866, 5.63955307007], [-35.9829292297, 40.3652648926, 19.1093940735, 2.91519474983, -4.48667526245, 23.1723041534, 16.6752490997, 22.4423065186, 28.5665016174, 44.3090858459, 88.272895813, 41.6768302917, 10.875125885], [-18.2837200165, 6.24403476715, 66.0908432007, 1.50595271587, 24.7167549133, 26.2316303253, 21.0917224884, 16.9446086884, 4.19349098206, 18.2155799866, 41.6768302917, 85.7849731445, 42.6596031189], [-37.395198822, 1.54414904118, 50.733341217, 20.8534812927, 51.0379867554, 12.0520143509, 5.74468946457, 2.37561988831, 4.4941034317, 5.63955307007, 10.875125885, 42.6596031189, 90.3406448364]],
        "icov": [[0.00234007835388, 0.000483881158289, -0.00132393336389, 0.000897901307326, 1.31200131364e-05, -0.000245654518949, 0.000155153102241, 0.000541495741345, 0.00100894947536, -9.94079746306e-05, 0.000111663837743, 0.000777891371399, 0.00107309850864], [0.000483881158289, 0.00411176122725, 1.77016336238e-05, -0.00225680950098, 0.000836332095787, -0.00135275768116, 0.000887571601197, -0.00132476433646, 0.000944181694649, 2.04044717975e-05, -0.00174654298462, 0.000784946314525, 0.000118739997561], [-0.00132393336389, 1.77016336238e-05, 0.00387109373696, -0.000671668210998, -0.00229721516371, 0.00105035142042, -0.00171777838841, -0.00019311151118, -0.000365344894817, 0.000517754524481, -0.000448233855423, -0.00222548423335, -0.000204502299312], [0.000897901307326, -0.00225680950098, -0.000671668210998, 0.00903654005378, -0.00214625196531, -0.00241878349334, 0.00217612157576, -0.000515226915013, 0.000211208898691, -0.000818229163997, 0.00116615265142, 0.00160756439436, -0.000747014011722], [1.31200131364e-05, 0.000836332095787, -0.00229721516371, -0.00214625196531, 0.00671477848664, -0.00220939866267, 0.00118283799384, 0.00296179763973, -0.00114892760757, -0.000990902306512, 0.00107769318856, 0.000385985040339, -0.00206822901964], [-0.000245654518949, -0.00135275768116, 0.00105035142042, -0.00241878349334, -0.00220939866267, 0.0120945489034, -0.00537390820682, -0.00158599135466, -0.000404878839618, 7.09183732397e-05, -0.000336746132234, -0.00256379065104, 0.00117494817823], [0.000155153102241, 0.000887571601197, -0.00171777838841, 0.00217612157576, 0.00118283799384, -0.00537390820682, 0.0128323258832, -0.00667735747993, 0.000413297821069, 0.00153495871928, -0.000574331614189, 0.00093619240215, -0.000569658295717], [0.000541495741345, -0.00132476433646, -0.00019311151118, -0.000515226915013, 0.00296179763973, -0.00158599135466, -0.00667735747993, 0.0187198370695, -0.00613838760182, 0.000306695699692, 0.000873362179846, -0.00236454932019, 0.000242465743213], [0.00100894947536, 0.000944181694649, -0.000365344894817, 0.000211208898691, -0.00114892760757, -0.000404878839618, 0.000413297821069, -0.00613838760182, 0.0171121023595, -0.00775536661968, -0.00189154862892, 0.004043599125, -0.000652694609016], [-9.94079746306e-05, 2.04044717975e-05, 0.000517754524481, -0.000818229163997, -0.000990902306512, 7.09183732397e-05, 0.00153495871928, 0.000306695699692, -0.00775536661968, 0.0182048790157, -0.00671098986641, -0.00128827302251, 0.000966843159404], [0.000111663837743, -0.00174654298462, -0.000448233855423, 0.00116615265142, 0.00107769318856, -0.000336746132234, -0.000574331614189, 0.000873362179846, -0.00189154862892, -0.00671098986641, 0.0202664639801, -0.00900312326849, 0.00183296820614], [0.000777891371399, 0.000784946314525, -0.00222548423335, 0.00160756439436, 0.000385985040339, -0.00256379065104, 0.00093619240215, -0.00236454932019, 0.004043599125, -0.00128827302251, -0.00900312326849, 0.023104775697, -0.00863331463188], [0.00107309850864, 0.000118739997561, -0.000204502299312, -0.000747014011722, -0.00206822901964, 0.00117494817823, -0.000569658295717, 0.000242465743213, -0.000652694609016, 0.000966843159404, 0.00183296820614, -0.00863331463188, 0.0166683923453]]
    },
    "spectral_contrast_coeffs": {
        "max": [-0.505287289619, -0.452333956957, -0.543085753918, -0.602207005024, -0.629410684109, -0.307354301214],
        "mean": [-0.733559429646, -0.755736708641, -0.739275574684, -0.772292673588, -0.774024486542, -0.738872110844],
        "min": [-0.904000997543, -0.912983119488, -0.937629461288, -0.8874797225, -0.876896679401, -0.840818166733],
        "stdev": [0.0669025108218, 0.069449275732, 0.0700696110725, 0.047170009464, 0.0344920121133, 0.0554611720145]
    },
    "spectral_contrast_valleys": {
        "max": [-5.1167845726, -5.26235103607, -5.23630094528, -5.69984531403, -5.71787071228, -7.16815233231],
        "mean": [-6.46537637711, -6.45474767685, -6.6657333374, -6.84582519531, -6.81172275543, -9.1740655899],
        "min": [-9.81613922119, -8.55486679077, -8.34225273132, -8.73573303223, -9.04394054413, -15.8145484924],
        "stdev": [0.649239003658, 0.49437391758, 0.452754586935, 0.384479254484, 0.360609799623, 0.895398974419]
    }
},
"rhythm": {
    "beats_count": 65,
    "beats_loudness": {
        "max": 0.119222462177,
        "mean": 0.0664269849658,
        "min": 0.00644938787445,
        "stdev": 0.0294615533203
    },
    "bpm": 122.750915527,
    "bpm_histogram_first_peak_bpm": 123,
    "bpm_histogram_first_peak_weight": 0.103448271751,
    "bpm_histogram_second_peak_bpm": 117,
    "bpm_histogram_second_peak_spread": 0.333333313465,
    "bpm_histogram_second_peak_weight": 0.0625,
    "danceability": 1.21593856812,
    "onset_rate": 3.66064429283,
    "beats_loudness_band_ratio": {
        "max": [0.943642258644, 0.420688092709, 0.584371089935, 0.586757600307, 0.402640253305, 0.368824005127],
        "mean": [0.53978985548, 0.0690455362201, 0.123947903514, 0.125261068344, 0.0826393738389, 0.0717483907938],
        "min": [0.00384013680741, 0.00334488553926, 0.00386753701605, 0.0135090844706, 0.00577681837603, 0.0105453198776],
        "stdev": [0.283953011036, 0.0846757367253, 0.119648352265, 0.12199665606, 0.0889388918877, 0.0604227036238]
    },
    "beats_position": [0.487619042397, 0.975238084793, 1.46285712719, 1.95047616959, 2.43809509277, 2.92571425438, 3.41333317757, 3.90095233917, 4.38857126236, 4.87619018555, 5.36380958557, 5.85142850876, 6.35065746307, 6.84988641739, 7.36072540283, 7.85995435715, 8.35918331146, 8.87002277374, 9.38086128235, 9.90331077576, 10.4141492844, 10.9365987778, 11.4358272552, 11.9350566864, 12.4226751328, 12.9102945328, 13.3979139328, 13.8855323792, 14.3731517792, 14.8607711792, 15.3483896255, 15.8360090256, 16.3236274719, 16.8112468719, 17.298866272, 17.786485672, 18.2741031647, 18.7617225647, 19.2493419647, 19.7369613647, 20.2245807648, 20.7121982574, 21.1998176575, 21.6874370575, 22.1750564575, 22.6626758575, 23.1502952576, 23.6379127502, 24.1255321503, 24.6131515503, 25.1007709503, 25.5883903503, 26.076007843, 26.563627243, 27.0512466431, 27.5388660431, 28.0264854431, 28.5141029358, 29.0017223358, 29.4893417358, 29.9769611359, 30.4645805359, 30.9521980286, 31.4398174286, 31.9274368286],
