{
"metadata": {
    "version": {
        "essentia": "2.1-beta5",
        "essentia_git_sha": "Undefined",
        "extractor": "music 2.0"
    },
    "audio_properties": {
        "analysis": {
            "equal_loudness": 0,
            "length": 32.4963264465,
            "sample_rate": 44100,
            "start_time": 45.2440834045,
            "downmix": "mix"
        },
        "bit_rate": 192000,
        "length": 190.508117676,
        "lossless": 0,
        "number_channels": 2,
        "replay_gain": -3.49860191345,
        "sample_rate": 48000,
        "codec": "mp3",
        "md5_encoded": "66de20141b404a9fe7c5eb69366ff401"
    },
    "tags": {
        "file_name": "Latvia_Beautiful Song_Anmary.mp3",
        "encoding": ["Lavf58.29.100"]
    }
},
"lowlevel": {
    "average_loudness": 0.98328691721,
    "barkbands_crest": {
        "max": 25.6110458374,
        "mean": 8.17061805725,
        "min": 2.52774763107,
        "stdev": 3.61750602722
    },
    "barkbands_flatness_db": {
        "max": 0.279707998037,
        "mean": 0.0980805680156,
        "min": 0.0313761755824,
        "stdev": 0.0334214828908
    },
    "barkbands_kurtosis": {
        "max": 66.7443313599,
        "mean": 1.42394900322,
        "min": -1.94124865532,
        "stdev": 4.4552283287
    },
    "barkbands_skewness": {
        "max": 8.10128116608,
        "mean": 1.19021725655,
        "min": -1.84334886074,
        "stdev": 1.02014887333
    },
    "barkbands_spread": {
        "max": 115.500305176,
        "mean": 45.9488525391,
        "min": 5.61797332764,
        "stdev": 19.659116745
    },
    "dissonance": {
        "max": 0.499642550945,
        "mean": 0.473105072975,
        "min": 0.383383661509,
        "stdev": 0.0173633359373
    },
    "dynamic_complexity": 1.56391096115,
    "erbbands_crest": {
        "max": 25.9049453735,
        "mean": 6.55686807632,
        "min": 2.17761540413,
        "stdev": 3.36006712914
    },
    "erbbands_flatness_db": {
        "max": 0.195852085948,
        "mean": 0.107364028692,
        "min": 0.0564739219844,
        "stdev": 0.0245971493423
    },
    "erbbands_kurtosis": {
        "max": 7.86456775665,
        "mean": -0.322567999363,
        "min": -1.69375872612,
        "stdev": 1.28296625614
    },
    "erbbands_skewness": {
        "max": 2.49422383308,
        "mean": -0.0727746486664,
        "min": -2.87380886078,
        "stdev": 0.696408390999
    },
    "erbbands_spread": {
        "max": 142.691070557,
        "mean": 64.0635070801,
        "min": 16.3882713318,
        "stdev": 21.8615818024
    },
    "hfc": {
        "max": 361.870422363,
        "mean": 61.010635376,
        "min": 1.28080415726,
        "stdev": 49.9975814819
    },
    "loudness_ebu128": {
        "integrated": -17.6058559418,
        "loudness_range": 1.85757255554,
        "momentary": {
            "max": -15.3115921021,
            "mean": -17.7506046295,
            "min": -21.3775901794,
            "stdev": 1.15258812904
        },
        "short_term": {
            "max": -16.6729202271,
            "mean": -17.6266059875,
            "min": -19.5768318176,
            "stdev": 0.73046195507
        }
    },
    "melbands_crest": {
        "max": 32.6755523682,
        "mean": 12.6817121506,
        "min": 4.51130867004,
        "stdev": 4.64522027969
    },
    "melbands_flatness_db": {
        "max": 0.357867717743,
        "mean": 0.140375599265,
        "min": 0.0236342344433,
        "stdev": 0.0490060076118
    },
    "melbands_kurtosis": {
        "max": 412.516723633,
        "mean": 15.7811450958,
        "min": -1.51996695995,
        "stdev": 22.5143623352
    },
    "melbands_skewness": {
        "max": 18.177986145,
        "mean": 3.17202425003,
        "min": 0.121650077403,
        "stdev": 1.73502421379
    },
    "melbands_spread": {
        "max": 234.251663208,
        "mean": 40.7526016235,
        "min": 1.86731290817,
        "stdev": 31.5035018921
    },
    "pitch_salience": {
        "max": 0.808967113495,
        "mean": 0.587736546993,
        "min": 0.113690167665,
        "stdev": 0.0991687178612
    },
    "silence_rate_20dB": {
        "max": 1,
        "mean": 1,
        "min": 1,
        "stdev": 0
    },
    "silence_rate_30dB": {
        "max": 1,
        "mean": 0.996431112289,
        "min": 0,
        "stdev": 0.0596334710717
    },
    "silence_rate_60dB": {
        "max": 0,
        "mean": 0,
        "min": 0,
        "stdev": 0
    },
    "spectral_centroid": {
        "max": 4772.48876953,
        "mean": 1908.703125,
        "min": 552.158752441,
        "stdev": 685.057434082
    },
    "spectral_complexity": {
        "max": 55,
        "mean": 26.2012844086,
        "min": 1,
        "stdev": 9.45393848419
    },
    "spectral_decrease": {
        "max": -1.26336885398e-10,
        "mean": -8.55482085171e-09,
        "min": -3.87889720344e-08,
        "stdev": 4.62184068795e-09
    },
    "spectral_energy": {
        "max": 0.148466661572,
        "mean": 0.0378217212856,
        "min": 0.000592997879721,
        "stdev": 0.0181871335953
    },
    "spectral_energyband_high": {
        "max": 0.0380043536425,
        "mean": 0.0054223369807,
        "min": 0.000119142750918,
        "stdev": 0.00556969456375
    },
    "spectral_energyband_low": {
        "max": 0.144359990954,
        "mean": 0.0139318760484,
        "min": 5.14461589773e-06,
        "stdev": 0.0158734302968
    },
    "spectral_energyband_middle_high": {
        "max": 0.0358556881547,
        "mean": 0.00648166285828,
        "min": 0.000134992966196,
        "stdev": 0.00602027680725
    },
    "spectral_energyband_middle_low": {
        "max": 0.0602612160146,
        "mean": 0.0132833151147,
        "min": 0.000331334507791,
        "stdev": 0.0083145853132
    },
    "spectral_entropy": {
        "max": 8.85195827484,
        "mean": 8.15396881104,
        "min": 7.11869668961,
        "stdev": 0.290500193834
    },
    "spectral_flux": {
        "max": 0.314708799124,
        "mean": 0.116699129343,
        "min": 0.0354214683175,
        "stdev": 0.0427388735116
    },
    "spectral_kurtosis": {
        "max": 5.33934020996,
        "mean": 1.05122697353,
        "min": -1.34820091724,
        "stdev": 0.962758362293
    },
    "spectral_rms": {
        "max": 0.0120351789519,
        "mean": 0.00591069972143,
        "min": 0.00076061458094,
        "stdev": 0.00140103278682
    },
    "spectral_rolloff": {
        "max": 12962.9882812,
        "mean": 3577.81591797,
        "min": 64.599609375,
        "stdev": 2933.77294922
    },
    "spectral_skewness": {
        "max": 2.03355288506,
        "mean": 1.0306943655,
        "min": -0.164070978761,
        "stdev": 0.302323192358
    },
    "spectral_spread": {
        "max": 17646546,
        "mean": 7574570.5,
        "min": 3982459,
        "stdev": 1735238.375
    },
    "spectral_strongpeak": {
        "max": 19.6602115631,
        "mean": 0.777024149895,
        "min": 0,
        "stdev": 1.29585945606
    },
    "zerocrossingrate": {
        "max": 0.3955078125,
        "mean": 0.124383114278,
        "min": 0.0185546875,
        "stdev": 0.0616003498435
    },
    "barkbands": {
        "max": [0.00649293605238, 0.140829175711, 0.040597230196, 0.0276516862214, 0.0277707129717, 0.0166980754584, 0.0390132665634, 0.0172750279307, 0.0294028632343, 0.0179795511067, 0.0234560631216, 0.0311883632094, 0.0162500049919, 0.0129800466821, 0.0108255045488, 0.0156692154706, 0.00535955885425, 0.0042581949383, 0.00423103803769, 0.00827841367573, 0.00417183386162, 0.00745816808194, 0.00855048000813, 0.0193228777498, 0.0182293336838, 0.0122521528974, 2.41363923124e-05],
        "mean": [0.000380145589588, 0.00869359541684, 0.00366832572035, 0.00251007871702, 0.00426604086533, 0.00135671102908, 0.00191470538266, 0.00115009816363, 0.00186981935985, 0.000772115192376, 0.0009758209344, 0.000733433582354, 0.000526651856489, 0.000751282495912, 0.000591737683862, 0.000463182135718, 0.000467960577225, 0.00052721373504, 0.00049858231796, 0.000620960781816, 0.000519828288816, 0.000673426955473, 0.000955457682721, 0.00140891957562, 0.00118132913485, 0.000344091269653, 2.46588314212e-07],
        "min": [3.63144010862e-07, 2.48445030593e-06, 2.39798453094e-07, 2.99268464232e-07, 4.68167399958e-06, 2.11882397707e-05, 5.83276960242e-06, 1.06985098682e-05, 8.73207682162e-06, 6.26415385341e-06, 7.36797392165e-06, 2.65746365358e-07, 1.13745363706e-06, 1.98512339011e-06, 2.26368115364e-06, 3.18132606481e-06, 8.50292599353e-06, 1.51575650307e-05, 3.0545552363e-06, 2.98134341392e-06, 1.12781008283e-05, 1.22858364193e-05, 1.64996836247e-05, 1.4175875549e-05, 8.84300334292e-06, 6.37464914188e-10, 7.55484216852e-11],
        "stdev": [0.000627116649412, 0.0134504195303, 0.00387663044967, 0.00259903096594, 0.00405320478603, 0.00181039958261, 0.00390235101804, 0.0019007892115, 0.00316725578159, 0.00150210189167, 0.00198384886608, 0.00215111579746, 0.00125547091011, 0.00149758905172, 0.00103310775012, 0.000813194666989, 0.000623743282631, 0.000566013564821, 0.000549135089386, 0.00070824084105, 0.000530911551323, 0.000700110860635, 0.000856802274939, 0.00206070649438, 0.00194904045202, 0.00063617824344, 1.01240505046e-06]
    },
    "erbbands": {
        "max": [4.69195556641, 28.7066173553, 48.3210449219, 40.4183692932, 165.667236328, 122.069999695, 155.374450684, 167.982666016, 575.591674805, 782.045288086, 325.976257324, 610.974060059, 679.775146484, 780.143371582, 1234.59692383, 1220.78271484, 641.156799316, 772.537231445, 740.618530273, 584.493164062, 834.291870117, 333.670928955, 271.287109375, 208.102416992, 251.990356445, 492.388244629, 152.318649292, 249.748184204, 229.137466431, 426.593048096, 172.108947754, 427.548339844, 338.565826416, 303.981842041, 69.6100387573, 94.3417663574, 9.21992588043, 0.224434539676, 0.00799952633679, 0.000782172486652],
        "mean": [0.264202922583, 1.88346219063, 4.2801527977, 6.64115428925, 13.0166511536, 13.7106151581, 11.2570524216, 10.8981466293, 21.6022567749, 29.9179801941, 30.4387626648, 37.8821220398, 31.2470550537, 31.3917675018, 35.4118347168, 28.4364204407, 23.9050540924, 35.0374603271, 35.377746582, 27.7710475922, 28.3240871429, 28.3594894409, 27.4859161377, 26.640745163, 26.7201404572, 29.0116405487, 22.5504417419, 21.2182807922, 23.3265972137, 27.8265724182, 26.9298038483, 27.2175445557, 24.2903862, 16.0911102295, 6.46807575226, 2.51575732231, 0.441704839468, 0.0134482029825, 0.00048897229135, 9.97689421638e-05],
        "min": [0.000148128456203, 0.000307963317027, 0.000314822536893, 0.000709459069185, 0.00376492412761, 0.0198928080499, 0.025744497776, 0.217310890555, 0.428644895554, 0.406119376421, 0.303040504456, 0.234220519662, 0.29561200738, 0.401644736528, 0.296707570553, 0.134642541409, 0.0978079661727, 0.0661300718784, 0.313978046179, 0.59532982111, 0.697779595852, 0.81797337532, 0.909864127636, 0.419960051775, 0.210824549198, 0.251598358154, 0.651617825031, 0.24580667913, 0.329510003328, 0.493555992842, 0.599087834358, 0.363320320845, 0.221187889576, 0.112583480775, 0.0378932915628, 0.00235820817761, 0.000122020763229, 1.05880635601e-05, 9.16898807191e-06, 5.85031602895e-06],
        "stdev": [0.48644593358, 2.80899262428, 4.66947174072, 5.665163517, 13.2753677368, 15.7432889938, 14.5936403275, 15.7704277039, 53.1457481384, 57.3839492798, 44.556854248, 66.0976486206, 56.0579605103, 58.4463043213, 75.6358795166, 79.0424880981, 53.1288528442, 69.1023254395, 68.1438827515, 45.3627624512, 47.5894851685, 36.7044563293, 30.3999023438, 26.6842746735, 29.6766033173, 34.8179550171, 21.9863147736, 23.9506549835, 23.3215808868, 29.0287055969, 23.681684494, 37.5491218567, 38.1213417053, 29.5518951416, 9.08363342285, 4.54040384293, 0.80236017704, 0.0241868682206, 0.000767356250435, 8.5361811216e-05]
    },
    "gfcc": {
        "mean": [71.9158782959, 49.5787086487, -96.7157516479, 49.4663085938, -73.6137466431, 33.7114677429, -48.6046409607, 22.0265827179, -28.6083164215, 3.12214207649, -20.438539505, -1.42602062225, -11.8184175491],
        "cov": [[1005.09967041, -411.46762085, -96.4034957886, -130.06451416, -20.0282363892, 16.4914264679, 14.4997024536, 32.6761360168, -74.9275665283, 94.7516555786, -25.1815280914, 14.3831558228, -84.0658111572], [-411.46762085, 757.603820801, -190.765930176, 75.8108901978, 84.7286224365, 28.3578624725, 104.111663818, 6.31434774399, 72.6074829102, -104.294700623, 101.314086914, -85.4480895996, 71.0670776367], [-96.4034957886, -190.765930176, 493.315032959, 130.430221558, 25.9368476868, 22.1553916931, -40.6479072571, 26.9603004456, 27.1934661865, 54.3670387268, -48.2582244873, 84.5501708984, -10.5998182297], [-130.06451416, 75.8108901978, 130.430221558, 310.084899902, 68.0375976562, 13.0129995346, 18.9350471497, -1.74459052086, 53.8244934082, -24.8442687988, 10.6076841354, 11.2924413681, 56.9310760498], [-20.0282363892, 84.7286224365, 25.9368476868, 68.0375976562, 165.313552856, 90.6705932617, 71.3347396851, 37.9159889221, 20.9068965912, 11.3178863525, 8.40138626099, -10.0795898438, 0.927105426788], [16.4914264679, 28.3578624725, 22.1553916931, 13.0129995346, 90.6705932617, 175.789016724, 111.30594635, 11.2902345657, -12.6977910995, 4.21861314774, 34.6681251526, -27.7121868134, -1.97222554684], [14.4997024536, 104.111663818, -40.6479072571, 18.9350471497, 71.3347396851, 111.30594635, 151.357025146, 44.0312232971, -8.52710914612, -1.10430562496, 34.2582130432, -26.5848941803, 0.18413606286], [32.6761360168, 6.31434774399, 26.9603004456, -1.74459052086, 37.9159889221, 11.2902345657, 44.0312232971, 106.991592407, 54.7640914917, 10.6506261826, -6.94236755371, 7.62400960922, 0.457145214081], [-74.9275665283, 72.6074829102, 27.1934661865, 53.8244934082, 20.9068965912, -12.6977910995, -8.52710914612, 54.7640914917, 107.348930359, 11.0443572998, -0.983078539371, 2.51277637482, 23.3747901917], [94.7516555786, -104.294700623, 54.3670387268, -24.8442687988, 11.3178863525, 4.21861314774, -1.10430562496, 10.6506261826, 11.0443572998, 87.213180542, 6.08677721024, 22.1238231659, -26.2143001556], [-25.1815280914, 101.314086914, -48.2582244873, 10.6076841354, 8.40138626099, 34.6681251526, 34.2582130432, -6.94236755371, -0.983078539371, 6.08677721024, 86.8266220093, -3.25118756294, 9.38436508179], [14.3831558228, -85.4480895996, 84.5501708984, 11.2924413681, -10.0795898438, -27.7121868134, -26.5848941803, 7.62400960922, 2.51277637482, 22.1238231659, -3.25118756294, 81.2855453491, 10.7165613174], [-84.0658111572, 71.0670776367, -10.5998182297, 56.9310760498, 0.927105426788, -1.97222554684, 0.18413606286, 0.457145214081, 23.3747901917, -26.2143001556, 9.38436508179, 10.7165613174, 66.0580368042]],
        "icov": [[0.00170827645343, 0.000690914981533, 0.00105153850745, -0.00051031250041, 0.000323954678606, -0.000684086058754, 0.000493881641887, -0.00161537760869, 0.00138992187567, -0.00148918258492, 0.00026360101765, -0.000230046309298, 0.000941106816754], [0.000690914981533, 0.0048224395141, -0.000842077890411, 0.00229456555098, -0.0040198978968, 0.00574072543532, -0.00606283638626, 0.00472584506497, -0.0054261656478, 0.00546268513426, -0.00542808510363, 0.00324815628119, -0.0018774617929], [0.00105153850745, -0.000842077890411, 0.00539101101458, -0.00390269677155, 0.00282523152418, -0.00607699574903, 0.00536395702511, -0.00498216506094, 0.00345570943318, -0.00449300231412, 0.00420035561547, -0.00480705220252, 0.00344842695631], [-0.00051031250041, 0.00229456555098, -0.00390269677155, 0.00842117797583, -0.00584043981507, 0.00743764126673, -0.0075542666018, 0.00827167928219, -0.00753323361278, 0.00631861621514, -0.00461939442903, 0.00299590989016, -0.00539070414379], [0.000323954678606, -0.0040198978968, 0.00282523152418, -0.00584043981507, 0.0150970611721, -0.0120100602508, 0.00650738971308, -0.00897001102567, 0.00594755262136, -0.00777915865183, 0.0071340627037, -0.00399022642523, 0.00413953373209], [-0.000684086058754, 0.00574072543532, -0.00607699574903, 0.00743764126673, -0.0120100602508, 0.0256799589843, -0.0203336253762, 0.0143438037485, -0.0101529834792, 0.00991346873343, -0.0109569495544, 0.0086637865752, -0.00586133124307], [0.000493881641887, -0.00606283638626, 0.00536395702511, -0.0075542666018, 0.00650738971308, -0.0203336253762, 0.0300594978034, -0.0206623934209, 0.0166471134871, -0.0109380986542, 0.00557416072115, -0.00310485018417, 0.0033636665903], [-0.00161537760869, 0.00472584506497, -0.00498216506094, 0.00827167928219, -0.00897001102567, 0.0143438037485, -0.0206623934209, 0.0308718718588, -0.0220583826303, 0.0116939246655, -0.00485286395997, 0.000938763725571, -0.00168699666392], [0.00138992187567, -0.0054261656478, 0.00345570943318, -0.00753323361278, 0.00594755262136, -0.0101529834792, 0.0166471134871, -0.0220583826303, 0.0292158070952, -0.0146125080064, 0.00636403914541, -2.86970225716e-05, -0.0026633059606], [-0.00148918258492, 0.00546268513426, -0.00449300231412, 0.00631861621514, -0.00777915865183, 0.00991346873343, -0.0109380986542, 0.0116939246655, -0.0146125080064, 0.0269881337881, -0.0105122914538, -0.000277318089502, 0.00383507297374], [0.00026360101765, -0.00542808510363, 0.00420035561547, -0.00461939442903, 0.0071340627037, -0.0109569495544, 0.00557416072115, -0.00485286395997, 0.00636403914541, -0.0105122914538, 0.0222712997347, -0.00675170030445, 0.00192889617756], [-0.000230046309298, 0.00324815628119, -0.00480705220252, 0.00299590989016, -0.00399022642523, 0.0086637865752, -0.00310485018417, 0.000938763725571, -2.86970225716e-05, -0.000277318089502, -0.00675170030445, 0.0227766167372, -0.00965948961675], [0.000941106816754, -0.0018774617929, 0.00344842695631, -0.00539070414379, 0.00413953373209, -0.00586133124307, 0.0033636665903, -0.00168699666392, -0.0026633059606, 0.00383507297374, 0.00192889617756, -0.00965948961675, 0.0270814746618]]
    },
    "melbands": {
        "max": [0.0415767729282, 0.0262201428413, 0.0119130089879, 0.0068923458457, 0.00501756835729, 0.00352434650995, 0.00740645127371, 0.00732659408823, 0.00371809769422, 0.00389759312384, 0.00332551100291, 0.00300183705986, 0.00339379487559, 0.00476539228112, 0.0011128091719, 0.00189978361595, 0.00164976238739, 0.00131327519193, 0.000913016847335, 0.000949524284806, 0.000784387637395, 0.000427111983299, 0.000265292008407, 0.000309808179736, 0.000206376629649, 0.000218033019337, 0.000218698682147, 0.000467942241812, 0.000153672604938, 8.9626024419e-05, 0.000179883136298, 0.000138712843182, 0.000146227292134, 0.000274838908808, 9.92026834865e-05, 0.000148334991536, 0.000315919722198, 0.000318185455399, 0.000308300572215, 0.000253181031439],
        "mean": [0.00239214510657, 0.00230126897804, 0.00134533725213, 0.000998003757559, 0.000427617196692, 0.000261467066593, 0.000339820835507, 0.000312878430123, 0.000264512404101, 0.000239391360083, 0.000153707675054, 0.000123078469187, 0.000129569220007, 9.19859812711e-05, 5.3652220231e-05, 5.67127062823e-05, 6.55250478303e-05, 6.04603774264e-05, 4.15239046561e-05, 3.05788889818e-05, 3.3075317333e-05, 3.05630019284e-05, 2.18835539272e-05, 2.67091509158e-05, 2.06806107599e-05, 1.99843925657e-05, 1.93991108972e-05, 1.94434687728e-05, 1.50656978803e-05, 1.10504761324e-05, 1.28873361973e-05, 1.28245192172e-05, 1.35998334372e-05, 1.637690184e-05, 1.55401703523e-05, 1.48703593368e-05, 1.75507975655e-05, 1.76280700543e-05, 1.59533155966e-05, 1.26524737425e-05],
        "min": [1.24268660784e-06, 2.3103009994e-07, 1.82228120593e-07, 8.06596631264e-07, 8.78302216734e-07, 4.1828270696e-06, 4.83453732159e-06, 1.44386285683e-06, 1.08020753942e-06, 1.6471528852e-06, 1.2651664747e-06, 7.12200744601e-07, 9.57581391958e-07, 6.75841249631e-08, 8.91436897632e-08, 1.26484067664e-07, 1.06904742836e-07, 4.16429713823e-07, 1.75615141984e-07, 2.07284529097e-07, 3.23367771671e-07, 6.63559944769e-07, 6.91773948347e-07, 6.37409527826e-07, 1.41656187225e-07, 1.15873525885e-07, 7.6012504735e-08, 1.23910112393e-07, 3.48460616806e-07, 2.97849794606e-07, 8.12312919152e-08, 1.94638730022e-07, 2.26696485583e-07, 2.43764759489e-07, 3.50886921296e-07, 2.25593154823e-07, 2.44449580578e-07, 1.45233201465e-07, 1.24395157286e-07, 6.99112163716e-08],
        "stdev": [0.00398390134797, 0.00253887521103, 0.00106929428875, 0.000989394611679, 0.000492751714773, 0.000386243715184, 0.000744789896999, 0.000554542872123, 0.00040608929703, 0.000421847566031, 0.000282927765511, 0.000236996114836, 0.000261032459093, 0.000301511143334, 0.000110053653771, 0.000142085933476, 0.000139566589496, 0.000132325294544, 7.30381143512e-05, 5.29959215783e-05, 5.73797988181e-05, 4.32049710071e-05, 2.6114150387e-05, 3.08366688841e-05, 2.29483794101e-05, 2.43134963966e-05, 2.34280487348e-05, 2.87981511065e-05, 1.66679856193e-05, 1.17583686006e-05, 1.60620220413e-05, 1.36143307827e-05, 1.42096496347e-05, 1.76535086212e-05, 1.3639521967e-05, 1.55938942044e-05, 2.76846330962e-05, 2.99730563711e-05, 2.72815250355e-05, 2.42449841608e-05]
    },
    "melbands128": {
        "max": [0.00620377575979, 0.0371635258198, 0.0681876540184, 0.0416423045099, 0.0328482314944, 0.0182919278741, 0.00860992260277, 0.0193763505667, 0.0206549819559, 0.0110158482566, 0.00936806760728, 0.00772726163268, 0.00791003834456, 0.00585478870198, 0.00591405387968, 0.00486196111888, 0.0157672278583, 0.0103525007144, 0.0136291701347, 0.0147002674639, 0.00501484097913, 0.00636572670192, 0.00452948594466, 0.011337784119, 0.00696703325957, 0.00877472013235, 0.00987115874887, 0.00440334854648, 0.00504729431123, 0.00397823052481, 0.00512396590784, 0.00694710668176, 0.0063113369979, 0.00931083131582, 0.00609212741256, 0.00909070018679, 0.00260653859004, 0.00210247351788, 0.0021968302317, 0.00296762702055, 0.00368579453789, 0.00332991033792, 0.00355850486085, 0.00203201477416, 0.00282390392385, 0.00302065629512, 0.00186856638175, 0.00184028618969, 0.00143231125548, 0.00130254135001, 0.000763535732403, 0.00310956453905, 0.00148778955918, 0.0010100286454, 0.000825668976177, 0.000895517878234, 0.000601241190452, 0.000504250405356, 0.000546143739484, 0.000390195520595, 0.000601461448241, 0.000371871632524, 0.000434471789049, 0.000349181558704, 0.00034128385596, 0.000502966693603, 0.000331114773871, 0.000394025497371, 0.000391646957723, 0.000292914657621, 0.000585895730183, 0.000755529035814, 0.000380319601391, 0.000308281247271, 0.000148351653479, 0.000142656892422, 0.000146274876897, 0.000119066258776, 0.000207922435948, 0.000280616513919, 0.000172220286913, 0.000154133464093, 0.000115434755571, 0.000196651410079, 0.000265487382421, 0.000382395257475, 0.000285345449811, 0.000135827125632, 0.000146299076732, 0.000184489719686, 0.000196237990167, 0.000126541024656, 0.000338220823323, 0.000395029055653, 0.000446215679403, 0.000568388146348, 0.000411776680266, 0.000177666806849, 0.000385525549063, 0.000459324219264, 0.000406976352679, 0.000302935572108, 0.000158572176588, 0.000147554121213, 8.62479719217e-05, 8.80963198142e-05, 8.18545668153e-05, 8.75449550222e-05, 0.000232869089814, 0.000436004105723, 6.63119426463e-05, 3.8191134081e-05, 2.83265653707e-05, 7.64674223319e-06, 1.87004604868e-06, 2.5495578484e-06, 9.13863345886e-07, 1.301857111e-08, 1.27439712116e-08, 1.25083294833e-08, 1.22760157595e-08, 1.20845067286e-08, 1.18900675972e-08, 1.171542241e-08, 1.15967635494e-08, 1.14826290698e-08, 1.13871596596e-08, 1.13323004314e-08],
        "mean": [0.000343719671946, 0.00202731578611, 0.00330668059178, 0.00302480300888, 0.00237173144706, 0.00168877257966, 0.00129333790392, 0.00127168151084, 0.00139549595769, 0.00107372493949, 0.000724686542526, 0.000472268351587, 0.00036556579289, 0.000354031857569, 0.000211058722925, 0.000201856251806, 0.000369304761989, 0.000317129015457, 0.000368429697119, 0.000379489414627, 0.00024152561673, 0.000263770169113, 0.000219603374717, 0.000353717972757, 0.000242006135522, 0.000191919680219, 0.000241775938775, 0.000115083028504, 0.000131509528728, 0.000100594174, 0.000119875367091, 0.000167497695656, 0.000148696504766, 8.28206175356e-05, 9.91556662484e-05, 0.000109592212539, 5.28005693923e-05, 5.87510148762e-05, 4.41449374193e-05, 4.76867062389e-05, 5.81033491471e-05, 7.21087999409e-05, 6.63875980536e-05, 5.73463112232e-05, 7.42761258152e-05, 6.59970537527e-05, 3.90542154491e-05, 3.98405027227e-05, 4.65479461127e-05, 3.43438732671e-05, 2.44976999966e-05, 2.8733853469e-05, 4.12780282204e-05, 3.10825635097e-05, 2.44623442995e-05, 3.85504536098e-05, 2.72329070867e-05, 1.86254274013e-05, 2.11094793485e-05, 2.50347238762e-05, 2.93647935905e-05, 2.65918188234e-05, 2.06633176276e-05, 1.77708043338e-05, 2.23648676183e-05, 2.17604356294e-05, 1.66350400832e-05, 1.93436226255e-05, 2.0689172743e-05, 1.85213630175e-05, 1.96960663743e-05, 2.06812055694e-05, 1.63198365044e-05, 1.47031132656e-05, 1.25977867356e-05, 1.05116223494e-05, 1.06096613308e-05, 1.14641288746e-05, 1.42794215208e-05, 1.30317284857e-05, 1.20126396723e-05, 1.34712363433e-05, 1.29417385324e-05, 1.3332416529e-05, 1.38862787935e-05, 1.6460322513e-05, 1.78317532118e-05, 1.5529418306e-05, 1.56676978804e-05, 1.51585982167e-05, 1.43972974911e-05, 1.46275224324e-05, 1.5932982933e-05, 1.6963123926e-05, 1.9107839762e-05, 1.96651708393e-05, 1.69698851096e-05, 1.51546801135e-05, 1.58059156092e-05, 1.70041712408e-05, 1.47477685459e-05, 1.21283628687e-05, 1.00048418972e-05, 8.04733826953e-06, 7.26417647456e-06, 5.73404531679e-06, 5.78007393415e-06, 4.6777231546e-06, 4.40342319052e-06, 3.86443844036e-06, 3.1067834243e-06, 2.41658744926e-06, 8.59420140387e-07, 9.66796207535e-08, 6.25121430176e-08, 5.56861436962e-08, 1.17313989634e-08, 2.35891133016e-11, 1.8221495493e-11, 1.75865658841e-11, 1.70548176276e-11, 1.66395057455e-11, 1.62598771253e-11, 1.59209399136e-11, 1.55708917982e-11, 1.51777861113e-11, 1.4925267619e-11, 1.48175933329e-11],
        "min": [3.78514108945e-08, 6.20955518116e-07, 8.91160425454e-07, 4.03402509619e-07, 1.76138684083e-07, 1.15386647792e-07, 1.22838841321e-07, 1.62251552638e-07, 2.97043101227e-07, 6.98417352396e-07, 1.248688136e-06, 1.01229875327e-06, 2.93675810781e-07, 3.61461559351e-07, 1.01094531146e-06, 4.83976521082e-07, 8.73837734616e-07, 7.73921556174e-07, 6.87932811161e-07, 4.1886775648e-07, 8.3952386376e-07, 3.58241663889e-07, 1.5837962053e-07, 1.70310300973e-07, 2.05840706258e-07, 5.20565492934e-07, 1.73009993887e-07, 3.93897011008e-07, 1.79454488602e-07, 1.58546740181e-07, 4.01474096634e-07, 4.853907285e-07, 2.2112192255e-07, 3.38541390477e-08, 4.65973286623e-08, 2.48622171739e-08, 1.2178583475e-08, 5.91903273062e-08, 5.45281153563e-08, 1.37644260434e-08, 3.20714192981e-08, 6.89095784878e-08, 3.41542616411e-08, 8.61837463617e-08, 6.36939745391e-08, 5.10493869399e-08, 8.59021866972e-08, 3.45963719894e-08, 1.7390226148e-08, 5.4892893786e-08, 4.85156022023e-08, 7.12160996841e-08, 1.08765405571e-07, 3.51879094751e-08, 8.42816021418e-08, 1.11080407095e-08, 1.21328127989e-07, 2.04756986477e-07, 1.84581963936e-07, 1.42686985782e-07, 1.63319199942e-07, 1.10584011281e-07, 5.41517763963e-08, 6.05759638006e-08, 1.37695138847e-07, 9.02042955886e-08, 1.46100873621e-08, 4.43976677644e-09, 4.97769825358e-09, 3.70058614863e-08, 1.63141820053e-07, 1.69829466046e-08, 3.71873376537e-08, 1.16131204209e-07, 8.71629239896e-08, 1.65541429453e-08, 4.23054444809e-08, 2.67672799481e-08, 1.13922462575e-08, 7.88701939314e-08, 1.43530300534e-07, 4.54427251384e-08, 4.60138096514e-08, 1.59748068995e-07, 1.66642280419e-07, 2.53449371712e-07, 1.60632097845e-07, 1.09390150271e-07, 2.24169596663e-07, 5.07164145347e-07, 2.07964447441e-07, 1.31533411718e-07, 1.18152151174e-07, 2.98877182558e-07, 1.57492451081e-07, 1.31892321065e-07, 1.34416268338e-07, 1.78994625344e-07, 5.86254458312e-08, 1.4008607252e-07, 7.86696006116e-08, 3.94664176895e-08, 2.06771186839e-08, 1.17278800005e-08, 3.44182238265e-09, 1.27547339357e-09, 9.06242580978e-11, 9.89293022502e-12, 2.33790872946e-12, 1.20362541548e-12, 1.32983652302e-12, 1.31181589029e-12, 4.56462179253e-13, 3.99013721369e-13, 2.91366458955e-13, 2.89525456561e-13, 2.49637983896e-13, 2.18684567525e-13, 2.51904156172e-13, 2.44059275827e-13, 2.28099982479e-13, 2.25538690371e-13, 2.34480620684e-13, 2.48430887407e-13, 1.86956109231e-13, 8.19949915799e-14, 9.39969910447e-15, 3.46051922469e-16],
        "stdev": [0.000597268226556, 0.00405676756054, 0.00605953484774, 0.00445457687601, 0.0029336581938, 0.00174692540895, 0.001288252417, 0.00151236518286, 0.00161131878849, 0.00145290407818, 0.00106434326153, 0.000705695652869, 0.000625458254945, 0.000627468980383, 0.000441643351223, 0.000377593678422, 0.00129217270296, 0.000847942661494, 0.000942166429013, 0.000948093773331, 0.000460131122964, 0.000624224252533, 0.000457441055914, 0.000822643865831, 0.000580014660954, 0.000533107668161, 0.000661757483613, 0.000294479774311, 0.000308037939249, 0.000289747869829, 0.000334514596034, 0.000392625865061, 0.000358498480637, 0.000383908889489, 0.000379905890441, 0.000523431168403, 0.000162006515893, 0.000155555520905, 0.000123829755466, 0.000183823503903, 0.000206926080864, 0.000198439403903, 0.000209739810089, 0.0001815395226, 0.000216499640374, 0.00019773771055, 0.000116968825751, 9.7085860034e-05, 0.000117749841593, 8.351267752e-05, 5.82242537348e-05, 0.000101406840258, 9.6080962976e-05, 6.70674926369e-05, 5.4345386161e-05, 7.02933830325e-05, 4.64350632683e-05, 3.14353019348e-05, 3.53131763404e-05, 4.16800430685e-05, 4.73940563097e-05, 3.69207191397e-05, 3.45379849023e-05, 2.79337928077e-05, 3.56463679054e-05, 3.70258021576e-05, 2.67080249614e-05, 3.33199132001e-05, 3.36515149684e-05, 2.71503377007e-05, 3.51588096237e-05, 4.83196126879e-05, 2.79291889456e-05, 1.98381767404e-05, 1.48946892295e-05, 1.35590353239e-05, 1.30423832161e-05, 1.42035441968e-05, 1.96991095436e-05, 2.04805619433e-05, 1.47765595102e-05, 1.51047579493e-05, 1.38962750498e-05, 1.58102229761e-05, 1.80879123945e-05, 2.08216388273e-05, 2.13835592149e-05, 1.61338684848e-05, 1.55422221724e-05, 1.53358287207e-05, 1.58234870469e-05, 1.62259093486e-05, 2.34819981415e-05, 2.79453561234e-05, 3.55964439223e-05, 4.33583481936e-05, 3.08722665068e-05, 1.84595955943e-05, 2.81445663859e-05, 3.68949913536e-05, 3.47509594576e-05, 2.38485627051e-05, 1.63865570357e-05, 1.26167669805e-05, 1.03920538095e-05, 9.14424617804e-06, 8.5901510829e-06, 7.93087747297e-06, 9.56755957304e-06, 1.31335618789e-05, 5.50917093278e-06, 4.61669424112e-06, 2.08737628782e-06, 3.01920920265e-07, 1.60040471542e-07, 1.58505756076e-07, 4.15110754659e-08, 3.53166995648e-10, 3.44405781671e-10, 3.37616212764e-10, 3.3109801012e-10, 3.25726501327e-10, 3.2036134856e-10, 3.15542758589e-10, 3.12248560341e-10, 3.09115261166e-10, 3.06518116444e-10, 3.05015124269e-10]
    },
    "mfcc": {
        "mean": [-570.979125977, 72.2672729492, 31.7992534637, 16.2053871155, 10.2139902115, 3.34314751625, 2.07458138466, 7.93638181686, 1.82747554779, 4.79855489731, -1.35049676895, -1.97004210949, -2.22589468956],
        "cov": [[1037.36669922, -250.342605591, -228.545425415, -109.854232788, -100.527099609, -24.1430912018, 49.1817169189, -36.569606781, -65.1671981812, 64.6399307251, 26.129322052, -49.5071220398, -6.215716362], [-250.342605591, 510.668212891, -128.528823853, -31.7332611084, -0.000343933119439, -10.3447675705, 54.8566703796, 60.0557403564, -12.3762350082, 71.5961761475, 11.39316082, -14.2973423004, -6.93425035477], [-228.545425415, -128.528823853, 368.394989014, 107.773323059, 69.9440078735, 30.7265739441, -47.2778511047, -3.78276371956, 44.4558639526, -74.493270874, 4.51570749283, 51.5335998535, 15.6618862152], [-109.854232788, -31.7332611084, 107.773323059, 250.276199341, 76.7072143555, 17.2570934296, -44.7328033447, 20.946937561, 51.3808021545, -29.345457077, -28.4175834656, 35.9590415955, 30.254152298], [-100.527099609, -0.000343933119439, 69.9440078735, 76.7072143555, 129.477142334, 35.6514053345, -13.8921175003, 24.5157470703, 43.5868034363, 8.7136888504, 3.0193669796, 21.1277236938, 11.8228168488], [-24.1430912018, -10.3447675705, 30.7265739441, 17.2570934296, 35.6514053345, 148.905105591, 96.4223251343, 14.5911931992, 1.62820422649, 16.0036697388, 20.9950218201, -7.99857711792, -6.42670917511], [49.1817169189, 54.8566703796, -47.2778511047, -44.7328033447, -13.8921175003, 96.4223251343, 197.711380005, 55.5003967285, -23.9455070496, 57.9605369568, 31.3582305908, -25.8683738708, -8.5341424942], [-36.569606781, 60.0557403564, -3.78276371956, 20.946937561, 24.5157470703, 14.5911931992, 55.5003967285, 97.8780670166, 45.3314743042, 30.3397655487, 3.35392022133, 7.31444263458, 8.56875419617], [-65.1671981812, -12.3762350082, 44.4558639526, 51.3808021545, 43.5868034363, 1.62820422649, -23.9455070496, 45.3314743042, 105.297050476, 21.7932701111, -2.51826715469, 18.2845039368, 4.49685096741], [64.6399307251, 71.5961761475, -74.493270874, -29.345457077, 8.7136888504, 16.0036697388, 57.9605369568, 30.3397655487, 21.7932701111, 122.480491638, 39.0204429626, -21.8627853394, -8.48802471161], [26.129322052, 11.39316082, 4.51570749283, -28.4175834656, 3.0193669796, 20.9950218201, 31.3582305908, 3.35392022133, -2.51826715469, 39.0204429626, 79.4443130493, 13.7407741547, -9.69049739838], [-49.5071220398, -14.2973423004, 51.5335998535, 35.9590415955, 21.1277236938, -7.99857711792, -25.8683738708, 7.31444263458, 18.2845039368, -21.8627853394, 13.7407741547, 69.2979888916, 31.4286518097], [-6.215716362, -6.93425035477, 15.6618862152, 30.254152298, 11.8228168488, -6.42670917511, -8.5341424942, 8.56875419617, 4.49685096741, -8.48802471161, -9.69049739838, 31.4286518097, 65.5041427612]],
        "icov": [[0.00170107826125, 0.00131932238583, 0.00108483887743, -5.47902855033e-05, 0.000528554839548, 0.000257648673141, -5.7735669543e-05, -0.000321420608088, 0.000814117665868, -0.000932500581257, -0.000508255208842, 0.000360304722562, -0.000393379305024], [0.00131932238583, 0.00350681925192, 0.00141523592174, -5.80382511544e-05, 8.04520241218e-05, 0.000408714433433, 0.000223227354581, -0.00214693532325, 0.00201743096113, -0.00189303292427, -8.0280835391e-05, -0.000247771677095, 0.00024356378708], [0.00108483887743, 0.00141523592174, 0.00503486674279, -0.000903681560885, -0.000987333594821, -0.000303495791741, -0.000186814402696, 0.000179141337867, -0.00097558950074, 0.00231858436018, -0.00206272630021, -0.000594132987317, -8.57081322465e-05], [-5.47902855033e-05, -5.80382511544e-05, -0.000903681560885, 0.00607021385804, -0.00203739968129, -0.00111720361747, 0.00112231110688, -0.000786561169662, -0.000869517680258, 7.37103619031e-05, 0.00222420552745, -0.00122075167019, -0.00110767316073], [0.000528554839548, 8.04520241218e-05, -0.000987333594821, -0.00203739968129, 0.0125031452626, -0.00414303317666, 0.00332356221043, -0.0025204163976, -0.000723082397599, -0.00283220387064, 6.37332850602e-05, -0.0011146562174, -0.000437832291937], [0.000257648673141, 0.000408714433433, -0.000303495791741, -0.00111720361747, -0.00414303317666, 0.0136174252257, -0.00917614530772, 0.00466787582263, -0.00251894025132, 0.00225944421254, -0.001967927441, 0.00160474900622, 0.000338579091476], [-5.7735669543e-05, 0.000223227354581, -0.000186814402696, 0.00112231110688, 0.00332356221043, -0.00917614530772, 0.0152664361522, -0.0104055600241, 0.00688290176913, -0.00435230042785, -0.000847730785608, 0.00148199975956, -0.000478493690025], [-0.000321420608088, -0.00214693532325, 0.000179141337867, -0.000786561169662, -0.0025204163976, 0.00466787582263, -0.0104055600241, 0.0222812909633, -0.0111229792237, 0.0015954504488, 0.00108246528544, -0.00143330998253, -0.00147662253585], [0.000814117665868, 0.00201743096113, -0.00097558950074, -0.000869517680258, -0.000723082397599, -0.00251894025132, 0.00688290176913, -0.0111229792237, 0.0198983792216, -0.00746508454904, 0.00294725783169, -0.00372598948888, 0.00305118481629], [-0.000932500581257, -0.00189303292427, 0.00231858436018, 7.37103619031e-05, -0.00283220387064, 0.00225944421254, -0.00435230042785, 0.0015954504488, -0.00746508454904, 0.0180996265262, -0.00911695044488, 0.00732692657039, -0.00292651541531], [-0.000508255208842, -8.0280835391e-05, -0.00206272630021, 0.00222420552745, 6.37332850602e-05, -0.001967927441, -0.000847730785608, 0.00108246528544, 0.00294725783169, -0.00911695044488, 0.0218228194863, -0.0115284183994, 0.00632855249569], [0.000360304722562, -0.000247771677095, -0.000594132987317, -0.00122075167019, -0.0011146562174, 0.00160474900622, 0.00148199975956, -0.00143330998253, -0.00372598948888, 0.00732692657039, -0.0115284183994, 0.0282337721437, -0.0125936884433], [-0.000393379305024, 0.00024356378708, -8.57081322465e-05, -0.00110767316073, -0.000437832291937, 0.000338579091476, -0.000478493690025, -0.00147662253585, 0.00305118481629, -0.00292651541531, 0.00632855249569, -0.0125936884433, 0.0224197711796]]
    },
    "spectral_contrast_coeffs": {
        "max": [-0.475135654211, -0.467999815941, -0.450489878654, -0.555483877659, -0.577627182007, -0.700934290886],
        "mean": [-0.715723097324, -0.757540762424, -0.754377603531, -0.772576987743, -0.775585353374, -0.79297631979],
        "min": [-0.873558402061, -0.900251805782, -0.901811718941, -0.886172890663, -0.86841571331, -0.849548041821],
        "stdev": [0.0614432655275, 0.0668097436428, 0.067636616528, 0.0580913349986, 0.045161921531, 0.0214930903167]
    },
    "spectral_contrast_valleys": {
        "max": [-5.1368689537, -5.19936990738, -5.56193733215, -6.05551528931, -5.8360824585, -7.10796451569],
        "mean": [-6.15418958664, -6.42848587036, -7.15708589554, -7.39482450485, -6.98203229904, -8.44596099854],
        "min": [-9.20414161682, -8.22072505951, -9.54320144653, -9.34486293793, -9.0571308136, -10.2591791153],
        "stdev": [0.468975841999, 0.441708236933, 0.542400896549, 0.47997584939, 0.507607340813, 0.536401748657]
    }
},
"rhythm": {
    "beats_count": 47,
    "beats_loudness": {
        "max": 0.0968974903226,
        "mean": 0.0482463799417,
        "min": 0.0160411763936,
        "stdev": 0.017346970737
    },
    "bpm": 87.3583602905,
    "bpm_histogram_first_peak_bpm": 88,
    "bpm_histogram_first_peak_weight": 0.25,
    "bpm_histogram_second_peak_bpm": 83,
    "bpm_histogram_second_peak_spread": 0,
    "bpm_histogram_second_peak_weight": 0.130434781313,
    "danceability": 1.42113924026,
    "onset_rate": 3.26074194908,
    "beats_loudness_band_ratio": {
        "max": [0.836407661438, 0.424545735121, 0.430842071772, 0.223273679614, 0.215904846787, 0.789336800575],
        "mean": [0.44018048048, 0.12220852077, 0.126488804817, 0.0654822662473, 0.0818682610989, 0.203142940998],
        "min": [0.0321166887879, 0.00564701808617, 0.00658629555255, 0.0107922255993, 0.0137253049761, 0.0564990453422],
        "stdev": [0.188538104296, 0.0945405587554, 0.0918029397726, 0.0572670735419, 0.0521606467664, 0.154899254441]
    },
    "beats_position": [0.626938760281, 1.30031740665, 1.97369611263, 2.6470746994, 3.32045340538, 4.01705217361, 4.7020406723, 5.38702917099, 6.07201814651, 6.7570066452, 7.4303855896, 8.10376358032, 8.78875255585, 9.47374153137, 10.1587295532, 10.8553285599, 11.5287075043, 12.2136955261, 12.9102945328, 13.6068935394, 14.2918815613, 14.9884805679, 15.696688652, 16.4165077209, 17.1363258362, 17.8561439514, 18.5875740051, 19.3190021515, 20.0388202667, 20.7354183197, 21.4087982178, 22.0937862396, 22.7787742615, 23.4637641907, 24.1487522125, 24.8221302032, 25.4955101013, 26.1921081543, 26.8887062073, 27.5620861053, 28.2354640961, 28.9088420868, 29.593832016, 30.2788200378, 30.9521980286, 31.6487979889, 32.322177887],
