{
"metadata": {
    "version": {
        "essentia": "2.1-beta5",
        "essentia_git_sha": "Undefined",
        "extractor": "music 2.0"
    },
    "audio_properties": {
        "analysis": {
            "equal_loudness": 0,
            "length": 32.4963264465,
            "sample_rate": 44100,
            "start_time": 12.7477550507,
            "downmix": "mix"
        },
        "bit_rate": 192000,
        "length": 190.508117676,
        "lossless": 0,
        "number_channels": 2,
        "replay_gain": -2.68510246277,
        "sample_rate": 48000,
        "codec": "mp3",
        "md5_encoded": "66de20141b404a9fe7c5eb69366ff401"
    },
    "tags": {
        "file_name": "Latvia_Beautiful Song_Anmary.mp3",
        "encoding": ["Lavf58.29.100"]
    }
},
"lowlevel": {
    "average_loudness": 0.980239212513,
    "barkbands_crest": {
        "max": 24.6609115601,
        "mean": 9.53843212128,
        "min": 2.66517329216,
        "stdev": 3.75989675522
    },
    "barkbands_flatness_db": {
        "max": 0.269924938679,
        "mean": 0.128994435072,
        "min": 0.0388887114823,
        "stdev": 0.0428498573601
    },
    "barkbands_kurtosis": {
        "max": 72.8791275024,
        "mean": 5.45904541016,
        "min": -1.91888153553,
        "stdev": 9.51963710785
    },
    "barkbands_skewness": {
        "max": 8.11351680756,
        "mean": 1.92326056957,
        "min": -2.52669000626,
        "stdev": 1.42860031128
    },
    "barkbands_spread": {
        "max": 114.117927551,
        "mean": 38.9879722595,
        "min": 3.16696882248,
        "stdev": 22.2221431732
    },
    "dissonance": {
        "max": 0.5,
        "mean": 0.465633034706,
        "min": 0.357781112194,
        "stdev": 0.0222676508129
    },
    "dynamic_complexity": 1.6755862236,
    "erbbands_crest": {
        "max": 25.0564117432,
        "mean": 7.05828762054,
        "min": 2.11897087097,
        "stdev": 3.43958950043
    },
    "erbbands_flatness_db": {
        "max": 0.215390652418,
        "mean": 0.109722562134,
        "min": 0.0559533126652,
        "stdev": 0.0278965011239
    },
    "erbbands_kurtosis": {
        "max": 21.1972904205,
        "mean": -0.217811688781,
        "min": -1.72669661045,
        "stdev": 1.73129248619
    },
    "erbbands_skewness": {
        "max": 2.19551348686,
        "mean": -0.0280988290906,
        "min": -3.67957353592,
        "stdev": 0.85936909914
    },
    "erbbands_spread": {
        "max": 142.297744751,
        "mean": 72.5623474121,
        "min": 13.0742769241,
        "stdev": 25.2363395691
    },
    "hfc": {
        "max": 421.331054688,
        "mean": 45.2824325562,
        "min": 1.60138547421,
        "stdev": 44.336856842
    },
    "loudness_ebu128": {
        "integrated": -19.1173915863,
        "loudness_range": 1.34237670898,
        "momentary": {
            "max": -16.6051864624,
            "mean": -19.2492675781,
            "min": -24.5170288086,
            "stdev": 1.09704399109
        },
        "short_term": {
            "max": -18.0553646088,
            "mean": -19.1612033844,
            "min": -20.2543087006,
            "stdev": 0.448845952749
        }
    },
    "melbands_crest": {
        "max": 31.4037780762,
        "mean": 14.2843923569,
        "min": 4.17902851105,
        "stdev": 4.52461290359
    },
    "melbands_flatness_db": {
        "max": 0.35450348258,
        "mean": 0.183365166187,
        "min": 0.0382844544947,
        "stdev": 0.0608338341117
    },
    "melbands_kurtosis": {
        "max": 302.794403076,
        "mean": 32.0263977051,
        "min": -1.8852711916,
        "stdev": 36.006893158
    },
    "melbands_skewness": {
        "max": 14.0815181732,
        "mean": 4.35302400589,
        "min": 0.116467639804,
        "stdev": 2.22408127785
    },
    "melbands_spread": {
        "max": 270.322814941,
        "mean": 29.6527404785,
        "min": 1.75864005089,
        "stdev": 29.1692886353
    },
    "pitch_salience": {
        "max": 0.811499834061,
        "mean": 0.557207763195,
        "min": 0.124567016959,
        "stdev": 0.105126537383
    },
    "silence_rate_20dB": {
        "max": 1,
        "mean": 1,
        "min": 1,
        "stdev": 0
    },
    "silence_rate_30dB": {
        "max": 1,
        "mean": 0.986438274384,
        "min": 0,
        "stdev": 0.115662485361
    },
    "silence_rate_60dB": {
        "max": 0,
        "mean": 0,
        "min": 0,
        "stdev": 0
    },
    "spectral_centroid": {
        "max": 5439.14990234,
        "mean": 1624.63293457,
        "min": 295.603363037,
        "stdev": 808.364562988
    },
    "spectral_complexity": {
        "max": 50,
        "mean": 18.2583866119,
        "min": 1,
        "stdev": 8.83703327179
    },
    "spectral_decrease": {
        "max": -2.92694174453e-10,
        "mean": -9.37401356538e-09,
        "min": -4.0421106462e-08,
        "stdev": 5.59696822222e-09
    },
    "spectral_energy": {
        "max": 0.15777669847,
        "mean": 0.0394869744778,
        "min": 0.00124994688667,
        "stdev": 0.0219411365688
    },
    "spectral_energyband_high": {
        "max": 0.0442766286433,
        "mean": 0.00400084489956,
        "min": 8.99564256542e-05,
        "stdev": 0.00497555965558
    },
    "spectral_energyband_low": {
        "max": 0.148800268769,
        "mean": 0.0200116671622,
        "min": 0.000234307721257,
        "stdev": 0.019320923835
    },
    "spectral_energyband_middle_high": {
        "max": 0.0343661308289,
        "mean": 0.00436499482021,
        "min": 0.000118230222142,
        "stdev": 0.00493334745988
    },
    "spectral_energyband_middle_low": {
        "max": 0.0632166191936,
        "mean": 0.0130693623796,
        "min": 0.000303687847918,
        "stdev": 0.00823112949729
    },
    "spectral_entropy": {
        "max": 8.77505493164,
        "mean": 7.99358510971,
        "min": 6.90744876862,
        "stdev": 0.370358347893
    },
    "spectral_flux": {
        "max": 0.339444100857,
        "mean": 0.104095600545,
        "min": 0.0191223081201,
        "stdev": 0.0486211143434
    },
    "spectral_kurtosis": {
        "max": 4.80942106247,
        "mean": 0.905131995678,
        "min": -1.40412652493,
        "stdev": 0.911204874516
    },
    "spectral_rms": {
        "max": 0.0124067915604,
        "mean": 0.00599053734913,
        "min": 0.00110429176129,
        "stdev": 0.00162399606779
    },
    "spectral_rolloff": {
        "max": 11563.3300781,
        "mean": 2573.87280273,
        "min": 64.599609375,
        "stdev": 2818.88012695
    },
    "spectral_skewness": {
        "max": 1.92126214504,
        "mean": 1.00357401371,
        "min": -0.253897845745,
        "stdev": 0.31495898962
    },
    "spectral_spread": {
        "max": 16067548,
        "mean": 7751276.5,
        "min": 3682994.25,
        "stdev": 1649871.875
    },
    "spectral_strongpeak": {
        "max": 13.27896595,
        "mean": 0.647113502026,
        "min": 0,
        "stdev": 0.959107398987
    },
    "zerocrossingrate": {
        "max": 0.37841796875,
        "mean": 0.100449316204,
        "min": 0.00927734375,
        "stdev": 0.0562603399158
    },
    "barkbands": {
        "max": [0.00613157777116, 0.143773213029, 0.0475181341171, 0.0196958873421, 0.0331779718399, 0.0243091695011, 0.0301431640983, 0.0342819914222, 0.0276278052479, 0.00890978425741, 0.017366617918, 0.0288240369409, 0.00944624841213, 0.014351173304, 0.0101429726928, 0.0110667226836, 0.00618138164282, 0.00979860406369, 0.00926021486521, 0.0123644843698, 0.00675739347935, 0.00747409462929, 0.00919176451862, 0.0220578089356, 0.0182325746864, 0.00636545009911, 8.99602127902e-06],
        "mean": [0.000521655601915, 0.0123817017302, 0.00520826689899, 0.00339889945462, 0.00485844770446, 0.00134551315568, 0.0014246882638, 0.000981134711765, 0.00096363312332, 0.000470000435598, 0.000542950816453, 0.000500261725392, 0.000222112939809, 0.000400945689762, 0.000383872713428, 0.000415486778365, 0.000366728490917, 0.000478228233987, 0.000420282915002, 0.000455630361103, 0.000413246743847, 0.000521827663761, 0.000773394887801, 0.00103215756826, 0.000789027370047, 0.000216704924242, 1.5826773847e-07],
        "min": [1.87322413581e-07, 8.03894181445e-06, 1.86097895494e-05, 7.32331409381e-06, 0.000114629285235, 2.11694095924e-05, 8.59778356244e-06, 3.07022105517e-06, 7.51276729716e-07, 3.44458794643e-06, 4.87297882046e-07, 1.29930526782e-06, 4.13492017515e-07, 3.31305591317e-06, 4.81102460981e-07, 1.11088404253e-07, 4.42048360583e-07, 2.69428266364e-08, 4.26989254265e-06, 4.32342721979e-06, 5.67912593397e-06, 9.32371040108e-06, 2.06609929592e-05, 1.71342890098e-05, 3.00941178466e-06, 7.13586634227e-10, 9.23883261561e-11],
        "stdev": [0.000794235907961, 0.0159803349525, 0.00519400695339, 0.0031428874936, 0.00485450169072, 0.00198520114645, 0.00260593206622, 0.00231929495931, 0.00233612582088, 0.000961659417953, 0.0014561326243, 0.00195304991212, 0.000638677389361, 0.00103682826739, 0.000985426246189, 0.00107790913898, 0.000690880697221, 0.000977403833531, 0.000712277425919, 0.00080626050476, 0.000599108345341, 0.000651275273412, 0.000844465801492, 0.00176967564039, 0.00154031941202, 0.000464143988211, 6.58281010146e-07]
    },
    "erbbands": {
        "max": [5.07287216187, 28.9375209808, 52.8446083069, 42.709564209, 113.331085205, 145.006393433, 222.611953735, 117.146736145, 395.243652344, 644.301818848, 373.957214355, 575.583251953, 428.732574463, 634.303039551, 891.570739746, 797.784545898, 483.666046143, 853.221862793, 625.456359863, 561.277709961, 537.089599609, 444.102722168, 557.611450195, 354.138916016, 652.58782959, 415.385650635, 327.727111816, 294.734649658, 234.930023193, 268.139709473, 241.715698242, 379.436523438, 402.718353271, 315.559112549, 150.911895752, 46.0468482971, 5.45703792572, 0.261534124613, 0.00657288171351, 0.000747904472519],
        "mean": [0.3999966681, 2.60147595406, 6.17062807083, 9.32420635223, 15.1402273178, 14.6151857376, 14.0618877411, 9.06729125977, 18.9735622406, 21.1096115112, 23.0854587555, 18.8542327881, 16.5882701874, 15.4463996887, 25.2653713226, 16.6216373444, 10.5147037506, 16.426651001, 21.2802867889, 23.1366519928, 21.6125011444, 22.3330020905, 25.0927181244, 24.9127693176, 20.1859798431, 20.7782173157, 18.2095088959, 16.4028186798, 17.3487606049, 23.3927745819, 21.318359375, 20.2198047638, 17.5565090179, 11.0946884155, 4.25972414017, 1.60007834435, 0.26637595892, 0.00820387527347, 0.000314968900057, 8.19873530418e-05],
        "min": [0.000457383983303, 0.00867723766714, 0.045329131186, 0.0971668362617, 0.315965175629, 0.359578073025, 0.190139606595, 0.167139574885, 0.204443559051, 0.0980447754264, 0.195189222693, 0.220055803657, 0.18568494916, 0.141939774156, 0.0914567261934, 0.0596817955375, 0.102353729308, 0.180289566517, 0.279014825821, 0.13559345901, 0.0814209282398, 0.0345096178353, 0.0520597435534, 0.225402861834, 0.195555776358, 0.268468558788, 0.25087594986, 0.324328809977, 0.291011720896, 0.553430080414, 0.432075858116, 0.317136734724, 0.256973654032, 0.101028934121, 0.0221560560167, 0.00100370589644, 6.1955593992e-05, 8.61804255692e-06, 6.96871256878e-06, 5.45643115402e-06],
        "stdev": [0.609080851078, 3.25919771194, 6.18603610992, 7.63947200775, 15.6012411118, 16.7429332733, 23.4579162598, 11.8636655807, 36.3142967224, 52.1342658997, 44.7677383423, 46.019744873, 33.8616218567, 30.9612140656, 77.6351165771, 53.4923477173, 27.0373268127, 48.5959968567, 49.1112937927, 55.5029907227, 46.6986083984, 41.1926002502, 53.2015953064, 40.0047721863, 38.5733184814, 33.8026046753, 26.6203422546, 25.0698852539, 21.5668182373, 27.6088752747, 23.1423816681, 32.3465232849, 31.5977497101, 23.4118041992, 7.77298259735, 3.35660409927, 0.549236893654, 0.018083203584, 0.000576442282181, 7.07843719283e-05]
    },
    "gfcc": {
        "mean": [48.830696106, 60.1717414856, -84.0480880737, 61.0292358398, -72.1276626587, 34.0537338257, -48.2764892578, 20.0167808533, -26.3236446381, 1.58925366402, -17.5229568481, -2.80784344673, -10.2711286545],
        "cov": [[1362.79211426, -553.31427002, -208.88911438, -89.2078170776, 12.7018222809, 21.63763237, -26.1207942963, 106.418373108, -61.626449585, 75.1158294678, -61.4800949097, 37.1681747437, -87.0076065063], [-553.31427002, 833.276245117, -127.489807129, 67.0643768311, 89.6452255249, -9.42045211792, 53.834728241, -14.4904756546, 129.504898071, -119.168312073, 132.074066162, -68.8556213379, 91.2525253296], [-208.88911438, -127.489807129, 573.534973145, 71.7050247192, 45.960308075, 60.2246665955, 21.7029018402, -22.6019191742, -42.3976173401, 68.7351531982, -60.5327682495, 98.576675415, -17.4137535095], [-89.2078170776, 67.0643768311, 71.7050247192, 356.101959229, 76.3576507568, -54.6074066162, -12.7967939377, 12.3434906006, 90.3172302246, -51.2681465149, 30.1554050446, -3.55940008163, 42.2160644531], [12.7018222809, 89.6452255249, 45.960308075, 76.3576507568, 178.131317139, 38.6466178894, 17.5589084625, 40.0696525574, 41.5465965271, 0.569964706898, -4.19709062576, 9.56947422028, 12.8061952591], [21.63763237, -9.42045211792, 60.2246665955, -54.6074066162, 38.6466178894, 205.298843384, 116.831230164, -11.7327861786, -37.3908576965, 24.0818214417, 22.2285423279, -21.018781662, 4.00406599045], [-26.1207942963, 53.834728241, 21.7029018402, -12.7967939377, 17.5589084625, 116.831230164, 158.582717896, 25.642999649, -36.4007110596, 0.0587085224688, 31.6218776703, -5.61827945709, 4.70541763306], [106.418373108, -14.4904756546, -22.6019191742, 12.3434906006, 40.0696525574, -11.7327861786, 25.642999649, 101.875221252, 34.0333824158, -12.923327446, -3.189245224, 11.7339735031, -3.7395825386], [-61.626449585, 129.504898071, -42.3976173401, 90.3172302246, 41.5465965271, -37.3908576965, -36.4007110596, 34.0333824158, 140.936523438, -4.5407538414, 5.71636486053, -19.1275901794, 23.5447883606], [75.1158294678, -119.168312073, 68.7351531982, -51.2681465149, 0.569964706898, 24.0818214417, 0.0587085224688, -12.923327446, -4.5407538414, 99.6843719482, -23.1629905701, 16.8053665161, -18.5333652496], [-61.4800949097, 132.074066162, -60.5327682495, 30.1554050446, -4.19709062576, 22.2285423279, 31.6218776703, -3.189245224, 5.71636486053, -23.1629905701, 103.163970947, -10.5501947403, 17.2507476807], [37.1681747437, -68.8556213379, 98.576675415, -3.55940008163, 9.56947422028, -21.018781662, -5.61827945709, 11.7339735031, -19.1275901794, 16.8053665161, -10.5501947403, 96.5701446533, 0.456464797258], [-87.0076065063, 91.2525253296, -17.4137535095, 42.2160644531, 12.8061952591, 4.00406599045, 4.70541763306, -3.7395825386, 23.5447883606, -18.5333652496, 17.2507476807, 0.456464797258, 61.7325820923]],
        "icov": [[0.00152138539124, 0.000572974386159, 0.00122771854512, -0.000609252485447, -0.000122571815155, -0.00127098476514, 0.00116375309881, -0.00182768842205, 0.000950729707256, -0.00103155244142, 0.000335369928507, -0.00102866499219, 0.00121030933224], [0.000572974386159, 0.00506968796253, -0.000997022842057, 0.00373283284716, -0.00421206327155, 0.00456405663863, -0.00512644601986, 0.00508105754852, -0.00600599776953, 0.00544351898134, -0.00495959073305, 0.0023798965849, -0.00295079685748], [0.00122771854512, -0.000997022842057, 0.0045048808679, -0.00323287840001, 0.00120437319856, -0.00421780021861, 0.00285792560317, -0.00256117875688, 0.00335973920301, -0.00388165214099, 0.00356646021828, -0.00474420189857, 0.00292818574235], [-0.000609252485447, 0.00373283284716, -0.00323287840001, 0.00868040509522, -0.0053347251378, 0.00743904989213, -0.0067321928218, 0.00699271261692, -0.00833871774375, 0.00752145238221, -0.00579699408263, 0.00385051500052, -0.00463376706466], [-0.000122571815155, -0.00421206327155, 0.00120437319856, -0.0053347251378, 0.0117532433942, -0.00779511267319, 0.0063180886209, -0.00814438145608, 0.00439690193161, -0.00527353445068, 0.00536546763033, -0.00352279189974, 0.00240038032643], [-0.00127098476514, 0.00456405663863, -0.00421780021861, 0.00743904989213, -0.00779511267319, 0.0188724957407, -0.0153014818206, 0.0111533058807, -0.00759639963508, 0.00566467829049, -0.00710375467315, 0.00771985435858, -0.00605405028909], [0.00116375309881, -0.00512644601986, 0.00285792560317, -0.0067321928218, 0.0063180886209, -0.0153014818206, 0.0220175348222, -0.0146155981347, 0.0121136158705, -0.00788744539022, 0.00377940782346, -0.00400103302673, 0.0037316638045], [-0.00182768842205, 0.00508105754852, -0.00256117875688, 0.00699271261692, -0.00814438145608, 0.0111533058807, -0.0146155981347, 0.0249329824001, -0.0140972500667, 0.0110416105017, -0.00490439822897, 0.00131287646946, -0.00194832345005], [0.000950729707256, -0.00600599776953, 0.00335973920301, -0.00833871774375, 0.00439690193161, -0.00759639963508, 0.0121136158705, -0.0140972500667, 0.0216355212033, -0.011701351963, 0.00619872659445, -0.0010633317288, 0.00118238502182], [-0.00103155244142, 0.00544351898134, -0.00388165214099, 0.00752145238221, -0.00527353445068, 0.00566467829049, -0.00788744539022, 0.0110416105017, -0.011701351963, 0.0217364579439, -0.00477776164189, 0.00185733882245, -0.00143236177973], [0.000335369928507, -0.00495959073305, 0.00356646021828, -0.00579699408263, 0.00536546763033, -0.00710375467315, 0.00377940782346, -0.00490439822897, 0.00619872659445, -0.00477776164189, 0.0181124899536, -0.00475642224774, 0.0027119659353], [-0.00102866499219, 0.0023798965849, -0.00474420189857, 0.00385051500052, -0.00352279189974, 0.00771985435858, -0.00400103302673, 0.00131287646946, -0.0010633317288, 0.00185733882245, -0.00475642224774, 0.0180453918874, -0.0061657698825], [0.00121030933224, -0.00295079685748, 0.00292818574235, -0.00463376706466, 0.00240038032643, -0.00605405028909, 0.0037316638045, -0.00194832345005, 0.00118238502182, -0.00143236177973, 0.0027119659353, -0.0061657698825, 0.02416042611]]
    },
    "melbands": {
        "max": [0.0439876429737, 0.0270961783826, 0.00804166123271, 0.00777773698792, 0.00733938347548, 0.00319980178028, 0.00536574283615, 0.00804466661066, 0.00419455720112, 0.00310426647775, 0.00212785694748, 0.00246163713746, 0.00249000987969, 0.00429904880002, 0.00164328247774, 0.00110403669532, 0.00172461313196, 0.00105438474566, 0.00104759226087, 0.00117719068658, 0.000576131686103, 0.000485558877699, 0.00033392207115, 0.000545354443602, 0.00032000511419, 0.000306866160827, 0.000748922291677, 0.00037577067269, 0.000314335571602, 0.000155106681632, 0.000209759935387, 0.000127459832584, 0.000150238309288, 0.000143158438732, 0.000111395034764, 0.00020835842588, 0.000272776262136, 0.000340265163686, 0.000206551194424, 0.000286832655547],
        "mean": [0.00347436522134, 0.00323731615208, 0.00176059396472, 0.00112140760757, 0.000507177086547, 0.000234860941418, 0.000276907376247, 0.00022854396957, 0.000195172702661, 0.000112866742711, 8.36234976305e-05, 6.22494117124e-05, 8.01702699391e-05, 6.46619591862e-05, 3.03207889374e-05, 2.20389283641e-05, 3.16548830597e-05, 3.61469610652e-05, 2.91212581942e-05, 3.00890096696e-05, 2.430364475e-05, 2.38325974351e-05, 1.90206155821e-05, 2.45143746724e-05, 1.99597288884e-05, 1.45471285578e-05, 1.46587372001e-05, 1.39133653647e-05, 1.23801510199e-05, 8.64489811647e-06, 9.96490325633e-06, 9.33642149903e-06, 1.07975674837e-05, 1.39423655128e-05, 1.23431500469e-05, 1.15369039122e-05, 1.28441897687e-05, 1.28602832774e-05, 1.10187656901e-05, 8.72890268511e-06],
        "min": [2.5368117349e-06, 2.34916005866e-05, 5.40738401469e-05, 2.85928890662e-05, 8.10877827462e-06, 3.91657840737e-06, 2.03230524676e-06, 9.88314127426e-07, 7.13540373454e-07, 2.79307215578e-07, 6.39589302409e-07, 4.12489072232e-07, 5.75006318115e-08, 1.3527821352e-07, 2.13661053294e-08, 3.24800026874e-08, 3.03003872659e-07, 3.69659517219e-07, 4.3537447425e-08, 9.53529699643e-09, 4.48349766202e-08, 3.2805075989e-08, 1.43992249235e-08, 8.73025873815e-10, 1.76817067654e-07, 1.10773989093e-07, 3.44911725847e-08, 9.68101687704e-08, 8.00685242552e-08, 6.89069494797e-08, 9.45296463328e-08, 1.2659789661e-07, 1.20546630455e-07, 2.6094801342e-07, 2.21103107378e-07, 2.53918614135e-07, 1.5075426063e-07, 1.49300547037e-07, 2.04949785143e-07, 2.58109142948e-08],
        "stdev": [0.00483358465135, 0.00309747247957, 0.00129712140188, 0.00111356354319, 0.000769349921029, 0.000309072376695, 0.000503138231579, 0.000566669972613, 0.000401533790864, 0.000272776873317, 0.00017464531993, 0.000126715007355, 0.000218703222345, 0.000278149120277, 9.55829309532e-05, 6.52579838061e-05, 0.000100366632978, 8.70958465384e-05, 7.49063037802e-05, 9.33013870963e-05, 5.74944242544e-05, 4.72267311125e-05, 3.6255154555e-05, 5.47530216863e-05, 3.39504185831e-05, 2.36002833844e-05, 3.704460687e-05, 2.60260767391e-05, 2.15835716517e-05, 1.15508819363e-05, 1.67398156918e-05, 1.20342228911e-05, 1.36341386678e-05, 1.65188921528e-05, 1.34004239953e-05, 1.44968871609e-05, 2.38246393565e-05, 2.5071833079e-05, 2.01672773983e-05, 1.94950516743e-05]
    },
    "melbands128": {
        "max": [0.00595896597952, 0.0399117209017, 0.0743098109961, 0.0475718937814, 0.032155200839, 0.0205456446856, 0.0101892035455, 0.0143698863685, 0.0141867315397, 0.0119483713061, 0.0111074391752, 0.0119106769562, 0.0104252509773, 0.0107127800584, 0.00290875160135, 0.00567700155079, 0.0104005560279, 0.00815486349165, 0.0119662191719, 0.010040383786, 0.0133706433699, 0.00701407995075, 0.00615612883121, 0.0113261481747, 0.0066335615702, 0.00246854219586, 0.00697219045833, 0.0023734732531, 0.00313264527358, 0.00182211061474, 0.00539724482223, 0.00189894833602, 0.00507801305503, 0.00686288159341, 0.00763399386778, 0.00511289341375, 0.00313919852488, 0.00357370707206, 0.00135484989733, 0.00230014836416, 0.00212365272455, 0.00254543288611, 0.00405724300072, 0.0031787219923, 0.00167341472115, 0.00230001541786, 0.00151746696793, 0.00206022756174, 0.00179461203516, 0.00124876631889, 0.00256593595259, 0.00117570639122, 0.00118491612375, 0.00141846167389, 0.000660621502902, 0.00100132264197, 0.000841694767587, 0.000427247723565, 0.00078060751548, 0.00116994988639, 0.00122705346439, 0.000934317184146, 0.000589945353568, 0.000775395717937, 0.000545785645954, 0.000250354583841, 0.000655961572193, 0.00158310355619, 0.00127835199237, 0.000405583676184, 0.000807463715319, 0.000666507985443, 0.000442136428319, 0.000528760429006, 0.000193937958102, 0.000100066972664, 0.000209932477446, 0.000273590616416, 0.00030664211954, 0.000242852984229, 9.40226236708e-05, 0.000152714870637, 0.000126552055008, 0.000202199997148, 0.000262761139311, 0.000200968948775, 0.000166465775692, 0.000230974561418, 0.00015914447431, 0.000189708225662, 0.000255256949458, 0.000235683357459, 0.000345717591699, 0.000289716757834, 0.000443426164566, 0.000572626304347, 0.000312312680762, 0.000199774120119, 0.00023237336427, 0.000371001777239, 0.000459075701656, 0.000294209225103, 0.000329094269546, 0.000463707430754, 0.000158429058501, 8.3263956185e-05, 0.000129725493025, 0.000124247177155, 0.000131997643621, 0.000108040811028, 3.514844866e-05, 3.55853517249e-05, 2.11423448491e-05, 3.12314045914e-06, 3.39433927365e-06, 2.16861508306e-06, 3.42855770441e-07, 2.71292988074e-09, 2.61279864411e-09, 2.54791721055e-09, 2.47527998098e-09, 2.39973552141e-09, 2.35897124057e-09, 2.32326269334e-09, 2.28185936813e-09, 2.25641239027e-09, 2.23456786408e-09, 2.22432361419e-09],
        "mean": [0.000483267998789, 0.0031865995843, 0.00472345063463, 0.00409469380975, 0.00344339967705, 0.00230849115178, 0.00192463002168, 0.00156129978132, 0.00158764526714, 0.00127855211031, 0.000688263797201, 0.000576211663429, 0.000510562676936, 0.00037546918611, 0.000126397819258, 0.000176031171577, 0.000391882756958, 0.000252787664067, 0.000196890294319, 0.000260899309069, 0.000226665550144, 0.000199748654268, 0.000174926011823, 0.000233432598179, 0.00010776965064, 7.14769121259e-05, 0.000100042787381, 6.36228869553e-05, 0.000109657114081, 4.9615984608e-05, 5.29630233359e-05, 6.69467626722e-05, 8.06075695436e-05, 8.88724825927e-05, 9.53736962401e-05, 4.73914697068e-05, 2.78451916529e-05, 4.16398979723e-05, 2.16817243199e-05, 1.69634186022e-05, 2.08138571907e-05, 3.13807540806e-05, 2.84040088445e-05, 2.97656097246e-05, 4.86132048536e-05, 3.68519686162e-05, 2.33932387346e-05, 2.82409037027e-05, 3.15628894896e-05, 3.30178445438e-05, 3.47208188032e-05, 1.9073329895e-05, 2.75794809568e-05, 2.43066224357e-05, 2.10959988181e-05, 2.91526666842e-05, 2.07103039429e-05, 1.61993229995e-05, 1.80787719728e-05, 2.37213262153e-05, 2.86067188426e-05, 2.20632664423e-05, 1.93025789486e-05, 2.04520383704e-05, 1.95943011931e-05, 1.25177039081e-05, 1.18324023788e-05, 1.72586878762e-05, 1.53141954797e-05, 1.15259899758e-05, 1.35956079248e-05, 1.57069662237e-05, 1.33309313242e-05, 1.25170236061e-05, 1.02806734503e-05, 8.10953042674e-06, 8.15254679765e-06, 8.96122401173e-06, 1.08845833893e-05, 1.05448871182e-05, 8.22631045594e-06, 9.70006840362e-06, 9.62961530604e-06, 1.03393876998e-05, 1.17211939141e-05, 1.48375856952e-05, 1.48670151248e-05, 1.24709531519e-05, 1.25713086163e-05, 1.17183990369e-05, 1.11961808216e-05, 1.1635725059e-05, 1.19575024655e-05, 1.19002879728e-05, 1.42828239404e-05, 1.4302891941e-05, 1.21217599371e-05, 1.16000637718e-05, 1.06333027361e-05, 1.12103234642e-05, 1.06033339762e-05, 8.43747784529e-06, 6.34507159702e-06, 5.53194786335e-06, 4.80597782371e-06, 3.64936795449e-06, 3.59152909368e-06, 3.0425960631e-06, 2.82930477624e-06, 2.36591199609e-06, 2.03440276891e-06, 1.41558086852e-06, 4.58766038491e-07, 5.66417917014e-08, 4.11405949308e-08, 3.63146419602e-08, 7.09685732403e-09, 1.6345095416e-11, 1.26263062505e-11, 1.22407275288e-11, 1.19024000725e-11, 1.16244331869e-11, 1.13767190113e-11, 1.11587917725e-11, 1.08582387873e-11, 1.0501172848e-11, 1.02853715128e-11, 1.02102909461e-11],
        "min": [3.46382833527e-08, 2.24537004101e-07, 2.70969167104e-06, 1.91484446077e-06, 1.1531785276e-05, 9.48235719989e-06, 7.23405673853e-06, 1.59227613494e-06, 5.04132049173e-06, 6.90440992912e-06, 1.99150395019e-06, 5.75465833208e-07, 2.16341368287e-06, 1.69468989952e-06, 7.99907695637e-07, 3.54176535211e-07, 3.51842743385e-07, 5.67640654481e-07, 5.87385159179e-07, 3.16911808795e-07, 3.52330175701e-07, 1.06438136527e-07, 1.53980167283e-07, 3.1572210446e-07, 8.65479776735e-08, 6.02279328632e-08, 1.36625175173e-07, 2.28231641586e-07, 1.30425391376e-07, 1.7614429737e-07, 9.04707917471e-08, 9.08275836764e-08, 2.89312502844e-08, 4.84031374981e-08, 2.01037142489e-08, 1.29919328629e-08, 3.2324074084e-08, 1.43643692496e-08, 3.33228888927e-09, 1.03970538845e-08, 1.42033842465e-08, 5.75438097172e-09, 3.41085808486e-08, 5.75490766153e-08, 1.008690802e-07, 9.31349148914e-08, 1.20333361053e-08, 1.98676239904e-08, 1.05509290194e-08, 1.60878119715e-08, 8.23042523024e-09, 1.51727030939e-09, 3.66398966722e-10, 9.43529587794e-10, 3.93522547881e-08, 1.89581026433e-08, 3.55051654743e-09, 4.59576021683e-09, 1.9201755741e-09, 1.79186721017e-10, 1.53577331408e-10, 7.76664677016e-10, 5.27420773722e-09, 7.66287868714e-08, 1.19251652109e-07, 1.65357381121e-08, 1.54192321133e-08, 2.40362796333e-09, 2.9852671446e-09, 1.1299134961e-08, 3.0172440546e-08, 4.07393834223e-08, 8.21904233561e-09, 1.18637242252e-08, 3.85228808852e-08, 6.47645448382e-09, 3.60071550354e-09, 7.70814789774e-09, 1.66743312491e-08, 5.44210188025e-09, 2.7495923316e-09, 1.65898548232e-08, 2.50327545359e-08, 2.74827787194e-08, 7.59976188647e-08, 1.19812440857e-07, 2.75429982821e-07, 1.25274382867e-07, 1.67087350178e-07, 1.51783950741e-07, 1.98238936377e-07, 1.92850137637e-07, 1.46491984765e-07, 7.62462875059e-08, 5.22207059817e-08, 9.28940764311e-08, 1.36305757792e-07, 1.02091320286e-07, 7.97661385832e-08, 7.98883519337e-08, 9.87274084707e-09, 1.27174777376e-08, 3.48367246161e-09, 1.88081106245e-09, 3.67552077662e-09, 3.60855706427e-10, 6.43527897637e-10, 3.72662456449e-11, 9.53322598814e-13, 1.07819471667e-12, 6.52681034219e-13, 6.11814472782e-13, 3.61692934717e-13, 4.38081645612e-13, 3.58336000846e-13, 3.69208976543e-13, 3.55360191143e-13, 3.08217129119e-13, 3.06165710189e-13, 2.9681387014e-13, 2.54640736665e-13, 3.2570465964e-13, 2.68337896391e-13, 2.39862790003e-13, 2.28167148803e-13, 8.72986917672e-14, 1.32081396533e-14, 2.75883183723e-16],
        "stdev": [0.000763511867262, 0.0052109034732, 0.00726313516498, 0.00511739309877, 0.00381329003721, 0.00225827097893, 0.0018405726878, 0.00165966292843, 0.00192499090917, 0.00160347600468, 0.00109078211244, 0.00113915151451, 0.00104617653415, 0.000733382359613, 0.000226684569498, 0.000423721794505, 0.00088888045866, 0.00058146903757, 0.000602500105742, 0.000840906111989, 0.000719203730114, 0.000600002764259, 0.000476295477711, 0.00078322639456, 0.00039821176324, 0.000222257294809, 0.000393624359276, 0.000166168363648, 0.000268057337962, 0.000126694241771, 0.000214742205571, 0.000161315008882, 0.000277333223494, 0.000453557004221, 0.000524543283973, 0.000291073898552, 0.00012656096078, 0.000173718392034, 8.50942815305e-05, 8.17406908027e-05, 8.62502420205e-05, 0.00012701759988, 0.000162458658451, 0.000133043038659, 0.000133145367727, 0.000135522335768, 9.26557549974e-05, 0.000110461944132, 0.000118774929433, 0.000108827174699, 0.000176641246071, 7.40598334232e-05, 9.15101772989e-05, 8.08477052487e-05, 6.09783091932e-05, 7.77259556344e-05, 6.44033352728e-05, 4.07457191614e-05, 5.06273354404e-05, 7.71721024648e-05, 9.14922202355e-05, 5.84630724916e-05, 4.44664110546e-05, 5.59741674806e-05, 4.40618750872e-05, 2.14528699871e-05, 2.82214950857e-05, 6.66004925733e-05, 5.29972312506e-05, 2.36825017055e-05, 3.81077552447e-05, 4.08853193221e-05, 3.18554848491e-05, 2.92414733849e-05, 1.67170419445e-05, 1.14245503937e-05, 1.27208058984e-05, 1.63467921084e-05, 2.04747520911e-05, 1.93256291823e-05, 1.1326218555e-05, 1.32717332235e-05, 1.30890794026e-05, 1.43926290548e-05, 1.73086937139e-05, 2.09978770727e-05, 1.94752356037e-05, 1.5577483282e-05, 1.56345085998e-05, 1.46170668813e-05, 1.47528708112e-05, 1.63272561622e-05, 1.89226793736e-05, 2.24383747991e-05, 3.25152213918e-05, 3.4772514482e-05, 2.42879250436e-05, 1.77315469045e-05, 1.90247228602e-05, 2.58069740084e-05, 2.89068448183e-05, 1.93649648281e-05, 1.34778201755e-05, 1.51757622007e-05, 8.71851170814e-06, 6.60697105559e-06, 7.6401320257e-06, 6.77593834553e-06, 7.12321707397e-06, 5.81314679948e-06, 3.98441261495e-06, 3.16880095852e-06, 1.24335679175e-06, 1.70661621723e-07, 1.49320712239e-07, 1.27933603267e-07, 2.45179467839e-08, 1.17711534964e-10, 1.13696191351e-10, 1.11058565122e-10, 1.08762533702e-10, 1.06496110541e-10, 1.04649747201e-10, 1.03146026442e-10, 1.01617304848e-10, 1.00558457394e-10, 9.97538301961e-11, 9.93019694251e-11]
    },
    "mfcc": {
        "mean": [-596.378112793, 76.9711990356, 44.9033889771, 25.7600059509, 15.0241947174, 6.92838191986, 2.48933649063, 8.74206542969, 1.00409078598, 4.9223575592, -0.609295070171, -2.07548713684, -2.37612509727],
        "cov": [[1465.74182129, -445.907012939, -356.470214844, -88.8339080811, -32.9808883667, -87.4844665527, 2.53837704659, 3.61615204811, -28.1142024994, 78.9781951904, -2.59085273743, -22.2481689453, 40.2700195312], [-445.907012939, 608.977050781, -49.1091957092, -31.5802059174, 42.0429878235, 0.718891501427, 12.7917022705, 51.7280960083, -0.111178174615, 21.5152664185, -3.41294813156, 0.290255486965, 21.4186172485], [-356.470214844, -49.1091957092, 401.308044434, 59.7545127869, 2.54400277138, 95.0054321289, 33.4951515198, -8.47323989868, 25.222530365, -76.1983718872, 15.2251977921, 38.1076698303, -7.51134157181], [-88.8339080811, -31.5802059174, 59.7545127869, 322.478820801, 121.756286621, -38.8727912903, -85.7374572754, 48.9613227844, 24.3614234924, -20.6689376831, -15.5365762711, 40.5044212341, 0.502133905888], [-32.9808883667, 42.0429878235, 2.54400277138, 121.756286621, 187.463729858, 0.742048084736, -58.3209877014, 33.9470558167, 27.6743755341, 22.2896881104, -13.9465112686, 22.9830417633, 11.8489742279], [-87.4844665527, 0.718891501427, 95.0054321289, -38.8727912903, 0.742048084736, 174.481735229, 83.1619110107, -17.8703117371, 24.2412185669, 3.84908556938, 20.7684020996, 7.56800222397, -6.03506565094], [2.53837704659, 12.7917022705, 33.4951515198, -85.7374572754, -58.3209877014, 83.1619110107, 219.11895752, 43.9526939392, -20.2536506653, 17.6996383667, 11.7562389374, -23.6419219971, 22.1514377594], [3.61615204811, 51.7280960083, -8.47323989868, 48.9613227844, 33.9470558167, -17.8703117371, 43.9526939392, 128.037918091, 19.5822200775, 4.21618700027, -1.80768418312, 6.77737569809, 23.2971515656], [-28.1142024994, -0.111178174615, 25.222530365, 24.3614234924, 27.6743755341, 24.2412185669, -20.2536506653, 19.5822200775, 96.0407943726, 20.116645813, 1.3894380331, 7.76133298874, -8.11499500275], [78.9781951904, 21.5152664185, -76.1983718872, -20.6689376831, 22.2896881104, 3.84908556938, 17.6996383667, 4.21618700027, 20.116645813, 115.617378235, 16.6855449677, -27.4283370972, 0.706628501415], [-2.59085273743, -3.41294813156, 15.2251977921, -15.5365762711, -13.9465112686, 20.7684020996, 11.7562389374, -1.80768418312, 1.3894380331, 16.6855449677, 68.2781524658, 18.6747131348, -15.3107948303], [-22.2481689453, 0.290255486965, 38.1076698303, 40.5044212341, 22.9830417633, 7.56800222397, -23.6419219971, 6.77737569809, 7.76133298874, -27.4283370972, 18.6747131348, 77.1544342041, 13.8480911255], [40.2700195312, 21.4186172485, -7.51134157181, 0.502133905888, 11.8489742279, -6.03506565094, 22.1514377594, 23.2971515656, -8.11499500275, 0.706628501415, -15.3107948303, 13.8480911255, 69.0758743286]],
        "icov": [[0.00145881448407, 0.0012817470124, 0.00132863083854, 0.000400825461838, -0.000140231102705, 5.36735242349e-05, -1.05822155092e-05, -0.000403083337005, 9.62766862358e-05, -0.000297568913084, -0.000193965955987, -0.000287464878056, -0.000909260415938], [0.0012817470124, 0.00292030232958, 0.0012794531649, 0.000846768496558, -0.000602409359999, -0.000175745983142, 0.000247240677709, -0.00125340383966, 0.000385421066312, -0.000421182543505, -8.13752194517e-05, -0.000326173059875, -0.000991403125226], [0.00132863083854, 0.0012794531649, 0.00496345665306, -0.000583534652833, -0.000175244655111, -0.00151112210006, -0.000808604701888, 0.000379043456633, -0.00114250031766, 0.00251695234329, -0.00126227340661, -0.000358972058166, -0.000965608749539], [0.000400825461838, 0.000846768496558, -0.000583534652833, 0.0053895926103, -0.0026432571467, 0.000805158051662, 0.00131309451535, -0.00219991104677, 0.000386886036722, -7.60818002163e-05, 0.000970346736722, -0.00157324958127, 0.000822474365123], [-0.000140231102705, -0.000602409359999, -0.000175244655111, -0.0026432571467, 0.00928235799074, -0.00249852170236, 0.00296737928875, -0.00228458223864, 0.000452808046248, -0.00330605497584, 0.00258558848873, -0.00169074558653, -0.000723842997104], [5.36735242349e-05, -0.000175745983142, -0.00151112210006, 0.000805158051662, -0.00249852170236, 0.0105659877881, -0.00545775191858, 0.00406195782125, -0.00362218148075, 0.000538241642062, -0.00166026817169, -0.00120849523228, 0.00102822156623], [-1.05822155092e-05, 0.000247240677709, -0.000808604701888, 0.00131309451535, 0.00296737928875, -0.00545775191858, 0.0102424938232, -0.00591800920665, 0.00385019509122, -0.00223120953888, 0.000163119490026, 0.00222244975157, -0.00237669399939], [-0.000403083337005, -0.00125340383966, 0.000379043456633, -0.00219991104677, -0.00228458223864, 0.00406195782125, -0.00591800920665, 0.0134098893031, -0.00468383496627, 0.0022973397281, -0.00206812284887, 0.000348044675775, -0.00229924800806], [9.62766862358e-05, 0.000385421066312, -0.00114250031766, 0.000386886036722, 0.000452808046248, -0.00362218148075, 0.00385019509122, -0.00468383496627, 0.0144764762372, -0.00459132390097, 0.00267153326422, -0.00196342286654, 0.00238162558526], [-0.000297568913084, -0.000421182543505, 0.00251695234329, -7.60818002163e-05, -0.00330605497584, 0.000538241642062, -0.00223120953888, 0.0022973397281, -0.00459132390097, 0.0148206548765, -0.00687255244702, 0.00658410368487, -0.00240112654865], [-0.000193965955987, -8.13752194517e-05, -0.00126227340661, 0.000970346736722, 0.00258558848873, -0.00166026817169, 0.000163119490026, -0.00206812284887, 0.00267153326422, -0.00687255244702, 0.0219742637128, -0.00964731350541, 0.00723947584629], [-0.000287464878056, -0.000326173059875, -0.000358972058166, -0.00157324958127, -0.00169074558653, -0.00120849523228, 0.00222244975157, 0.000348044675775, -0.00196342286654, 0.00658410368487, -0.00964731350541, 0.0213049221784, -0.00711201829836], [-0.000909260415938, -0.000991403125226, -0.000965608749539, 0.000822474365123, -0.000723842997104, 0.00102822156623, -0.00237669399939, -0.00229924800806, 0.00238162558526, -0.00240112654865, 0.00723947584629, -0.00711201829836, 0.0202897656709]]
    },
    "spectral_contrast_coeffs": {
        "max": [-0.459032714367, -0.492884635925, -0.47824677825, -0.502008378506, -0.513854324818, -0.644482076168],
        "mean": [-0.715194165707, -0.749148130417, -0.759504914284, -0.776768624783, -0.770533263683, -0.795308887959],
        "min": [-0.931919813156, -0.931958138943, -0.917645573616, -0.90016835928, -0.887113511562, -0.860942780972],
        "stdev": [0.0579458773136, 0.0736566632986, 0.0692524686456, 0.0696261376143, 0.0644452497363, 0.0257735792547]
    },
    "spectral_contrast_valleys": {
        "max": [-4.90798568726, -5.30612468719, -5.98752307892, -6.28290939331, -5.7651219368, -7.05927181244],
        "mean": [-6.02528905869, -6.75436687469, -7.61099767685, -7.8458147049, -7.35984277725, -8.67617797852],
        "min": [-7.56041717529, -8.26674747467, -9.45149040222, -10.2988395691, -9.98734760284, -10.6860218048],
        "stdev": [0.447132587433, 0.429172158241, 0.543916046619, 0.5138463974, 0.57297295332, 0.599520802498]
    }
},
"rhythm": {
    "beats_count": 47,
    "beats_loudness": {
        "max": 0.127145379782,
        "mean": 0.05379929021,
        "min": 0.00780713418499,
        "stdev": 0.0279973577708
    },
    "bpm": 88.4996871948,
    "bpm_histogram_first_peak_bpm": 88,
    "bpm_histogram_first_peak_weight": 0.136363625526,
    "bpm_histogram_second_peak_bpm": 94,
    "bpm_histogram_second_peak_spread": 0,
    "bpm_histogram_second_peak_weight": 0.0434782616794,
    "danceability": 1.3372232914,
    "onset_rate": 3.96826148033,
    "beats_loudness_band_ratio": {
        "max": [0.901755511761, 0.434464544058, 0.399747312069, 0.557686090469, 0.252319008112, 0.61862641573],
        "mean": [0.513374507427, 0.136533170938, 0.103828661144, 0.0574245974422, 0.0727759078145, 0.171780958772],
        "min": [0.0654745101929, 0.00970435701311, 0.0028283612337, 0.00178528437391, 0.00339886592701, 0.0108395274729],
        "stdev": [0.219695672393, 0.0891584828496, 0.0979278534651, 0.101371027529, 0.069931872189, 0.118932075799]
    },
    "beats_position": [0.626938760281, 1.26548755169, 1.91564619541, 2.55419492722, 3.20435357094, 3.85451245308, 4.51628112793, 5.17804956436, 5.85142850876, 6.53641700745, 7.22140598297, 7.90639448166, 8.57977294922, 9.25315189362, 9.93814086914, 10.6115188599, 11.2965078354, 11.9814968109, 12.6548748016, 13.328253746, 14.0132427216, 14.6982307434, 15.3832197189, 16.0682086945, 16.7531967163, 17.4381847382, 18.1115646362, 18.784942627, 19.4699325562, 20.154920578, 20.8399085999, 21.5248966217, 22.1982765198, 22.8832645416, 23.5566444397, 24.2416324615, 24.9266204834, 25.6116104126, 26.2849884033, 26.958366394, 27.6433563232, 28.3283443451, 29.0249423981, 29.6983222961, 30.383310318, 31.0682983398, 31.7416782379],
