{
"metadata": {
    "version": {
        "essentia": "2.1-beta5",
        "essentia_git_sha": "Undefined",
        "extractor": "music 2.0"
    },
    "audio_properties": {
        "analysis": {
            "equal_loudness": 0,
            "length": 22.3375968933,
            "sample_rate": 44100,
            "start_time": 191.483352661,
            "downmix": "mix"
        },
        "bit_rate": 192000,
        "length": 213.844192505,
        "lossless": 0,
        "number_channels": 2,
        "replay_gain": -6.48941421509,
        "sample_rate": 48000,
        "codec": "mp3",
        "md5_encoded": "b8d254739b3073112f40a80c97eed0c3"
    },
    "tags": {
        "file_name": "Turkey_Love Me Back_Can Bonomo.mp3",
        "encoding": ["Lavf58.29.100"]
    }
},
"lowlevel": {
    "average_loudness": 0.925472199917,
    "barkbands_crest": {
        "max": 24.5368728638,
        "mean": 10.0087776184,
        "min": 3.21150398254,
        "stdev": 4.39106845856
    },
    "barkbands_flatness_db": {
        "max": 0.326076805592,
        "mean": 0.210674792528,
        "min": 0.0512570291758,
        "stdev": 0.0430651605129
    },
    "barkbands_kurtosis": {
        "max": 170.542419434,
        "mean": 3.20750284195,
        "min": -1.9005395174,
        "stdev": 9.01159954071
    },
    "barkbands_skewness": {
        "max": 11.9588708878,
        "mean": 1.3244202137,
        "min": -1.01514446735,
        "stdev": 1.20110547543
    },
    "barkbands_spread": {
        "max": 102.532455444,
        "mean": 15.8687143326,
        "min": 1.87392032146,
        "stdev": 14.2005233765
    },
    "dissonance": {
        "max": 0.500000059605,
        "mean": 0.478369951248,
        "min": 0.368492871523,
        "stdev": 0.020618127659
    },
    "dynamic_complexity": 2.57805132866,
    "erbbands_crest": {
        "max": 30.2527675629,
        "mean": 10.6248455048,
        "min": 3.48667550087,
        "stdev": 4.64378881454
    },
    "erbbands_flatness_db": {
        "max": 0.375870019197,
        "mean": 0.266847908497,
        "min": 0.0689303576946,
        "stdev": 0.0656602233648
    },
    "erbbands_kurtosis": {
        "max": 33.9934959412,
        "mean": 1.3254545927,
        "min": -1.83266556263,
        "stdev": 3.78988480568
    },
    "erbbands_skewness": {
        "max": 4.87277317047,
        "mean": 0.747752606869,
        "min": -2.23329496384,
        "stdev": 0.925617277622
    },
    "erbbands_spread": {
        "max": 176.494552612,
        "mean": 25.7885303497,
        "min": 3.49525046349,
        "stdev": 24.0442237854
    },
    "hfc": {
        "max": 124.363578796,
        "mean": 27.3056163788,
        "min": 0.259078353643,
        "stdev": 16.6907310486
    },
    "loudness_ebu128": {
        "integrated": -16.4003715515,
        "loudness_range": 2.5234413147,
        "momentary": {
            "max": -13.648771286,
            "mean": -17.1519584656,
            "min": -32.573928833,
            "stdev": 2.98713898659
        },
        "short_term": {
            "max": -14.7776660919,
            "mean": -16.3829612732,
            "min": -19.8893527985,
            "stdev": 0.934021115303
        }
    },
    "melbands_crest": {
        "max": 32.1016082764,
        "mean": 13.283621788,
        "min": 4.19010639191,
        "stdev": 5.32931995392
    },
    "melbands_flatness_db": {
        "max": 0.448282241821,
        "mean": 0.189788013697,
        "min": 0.06187633425,
        "stdev": 0.0489484071732
    },
    "melbands_kurtosis": {
        "max": 279.390563965,
        "mean": 11.4073514938,
        "min": -1.39387357235,
        "stdev": 26.0698184967
    },
    "melbands_skewness": {
        "max": 12.54758358,
        "mean": 2.17562150955,
        "min": -0.385099768639,
        "stdev": 1.83185768127
    },
    "melbands_spread": {
        "max": 124.150497437,
        "mean": 20.023267746,
        "min": 0.855849385262,
        "stdev": 12.842001915
    },
    "pitch_salience": {
        "max": 0.859353303909,
        "mean": 0.607633829117,
        "min": 0.13040599227,
        "stdev": 0.123804353178
    },
    "silence_rate_20dB": {
        "max": 1,
        "mean": 1,
        "min": 1,
        "stdev": 0
    },
    "silence_rate_30dB": {
        "max": 1,
        "mean": 1,
        "min": 1,
        "stdev": 0
    },
    "silence_rate_60dB": {
        "max": 1,
        "mean": 0.0467289723456,
        "min": 0,
        "stdev": 0.21105773747
    },
    "spectral_centroid": {
        "max": 3670.89038086,
        "mean": 1626.12207031,
        "min": 311.378997803,
        "stdev": 492.785919189
    },
    "spectral_complexity": {
        "max": 43,
        "mean": 23.5337486267,
        "min": 1,
        "stdev": 8.47705936432
    },
    "spectral_decrease": {
        "max": -8.17069398251e-11,
        "mean": -5.34745447922e-09,
        "min": -3.53830849065e-08,
        "stdev": 3.52997475694e-09
    },
    "spectral_energy": {
        "max": 0.134858831763,
        "mean": 0.0226592458785,
        "min": 0.000331880204612,
        "stdev": 0.0144479162991
    },
    "spectral_energyband_high": {
        "max": 0.0115690911189,
        "mean": 0.000592301483266,
        "min": 2.79210726148e-05,
        "stdev": 0.000862315646373
    },
    "spectral_energyband_low": {
        "max": 0.132418423891,
        "mean": 0.00147779122926,
        "min": 8.03867816757e-09,
        "stdev": 0.0078023658134
    },
    "spectral_energyband_middle_high": {
        "max": 0.0838839560747,
        "mean": 0.0124421641231,
        "min": 4.12968620367e-06,
        "stdev": 0.0104141160846
    },
    "spectral_energyband_middle_low": {
        "max": 0.073025599122,
        "mean": 0.00911280699074,
        "min": 5.88115799474e-05,
        "stdev": 0.00886156596243
    },
    "spectral_entropy": {
        "max": 8.43887329102,
        "mean": 7.60144519806,
        "min": 6.82778644562,
        "stdev": 0.249533042312
    },
    "spectral_flux": {
        "max": 0.275383591652,
        "mean": 0.0894980877638,
        "min": 0.00952062383294,
        "stdev": 0.035082962364
    },
    "spectral_kurtosis": {
        "max": 13.9687995911,
        "mean": 4.04323720932,
        "min": -0.197839260101,
        "stdev": 2.37992405891
    },
    "spectral_rms": {
        "max": 0.0114703793079,
        "mean": 0.00445233471692,
        "min": 0.000569021562114,
        "stdev": 0.00151105318218
    },
    "spectral_rolloff": {
        "max": 11025,
        "mean": 2019.02282715,
        "min": 86.1328125,
        "stdev": 1235.93530273
    },
    "spectral_skewness": {
        "max": 2.84680724144,
        "mean": 1.45172476768,
        "min": 0.482285708189,
        "stdev": 0.435831964016
    },
    "spectral_spread": {
        "max": 22217898,
        "mean": 3702901.25,
        "min": 1862826.125,
        "stdev": 1816519.625
    },
    "spectral_strongpeak": {
        "max": 13.4916753769,
        "mean": 2.02846908569,
        "min": 0.0114754512906,
        "stdev": 1.87688076496
    },
    "zerocrossingrate": {
        "max": 0.255859375,
        "mean": 0.0739185810089,
        "min": 0.0107421875,
        "stdev": 0.0268511921167
    },
    "barkbands": {
        "max": [0.00224452419207, 0.12002234906, 0.0152394156903, 0.011789470911, 0.0049168439582, 0.0338636189699, 0.0185090042651, 0.0186955742538, 0.0618038028479, 0.0778899490833, 0.0202056393027, 0.0102177457884, 0.017423434183, 0.0245948024094, 0.0270780716091, 0.00664738100022, 0.0139740630984, 0.0193443410099, 0.0105035761371, 0.0114592341706, 0.00178969255649, 0.00150736432988, 0.00281748664565, 0.00316036585718, 0.00370418373495, 0.0020904566627, 5.9016342675e-06],
        "mean": [1.6556970877e-05, 0.00111607171129, 0.000273905316135, 0.00012455934484, 0.000115949143947, 0.000697224575561, 0.000960928096902, 0.000772713683546, 0.00453999545425, 0.00452910736203, 0.0020052511245, 0.0011276738951, 0.000805435352959, 0.0013944102684, 0.00108638149686, 0.000909423280973, 0.00054691976402, 0.000553102989215, 0.000362725666491, 0.000268640986178, 9.53429189394e-05, 0.000118559692055, 9.10494418349e-05, 7.41172916605e-05, 5.09611236339e-05, 2.22242251766e-05, 1.2857148235e-08],
        "min": [7.70361135993e-11, 1.20098098133e-09, 1.44623080178e-09, 1.01965691446e-09, 7.81414613016e-08, 3.81620282042e-07, 1.55315944994e-07, 2.80161629007e-07, 1.89018109609e-07, 8.62448473526e-07, 1.38364441682e-07, 2.38949240838e-07, 1.25755818203e-07, 1.21944083276e-07, 1.25126405237e-07, 1.91621609247e-07, 5.465237507e-08, 2.50097571097e-07, 4.65283051199e-07, 1.51921085489e-07, 1.80646486569e-06, 1.33703031224e-06, 5.32864169145e-06, 5.52449428426e-08, 2.26785500101e-11, 2.37380601287e-11, 3.2477017603e-11],
        "stdev": [0.000103011130705, 0.00659033097327, 0.00129972421564, 0.000589345523622, 0.000305993016809, 0.00185778073501, 0.00214215228334, 0.00143200019374, 0.00699394475669, 0.00837886985391, 0.00233534164727, 0.00150083354674, 0.0012206796091, 0.00229145283811, 0.00223113386892, 0.00102709024213, 0.0010382886976, 0.00100080564152, 0.000657108030282, 0.00068446440855, 0.000150535517605, 0.000135919079185, 0.000129170221044, 0.000166354278917, 0.000182370073162, 0.000104704005935, 2.00642318759e-07]
    },
    "erbbands": {
        "max": [2.51151609421, 30.4854068756, 31.1330375671, 21.7373905182, 26.1265220642, 10.0008630753, 76.590461731, 377.427001953, 349.370727539, 280.380615234, 509.848236084, 1729.5390625, 2282.34448242, 2857.72827148, 1051.88659668, 473.884643555, 949.187866211, 1373.82128906, 1670.85839844, 850.427978516, 446.817016602, 661.826171875, 988.181762695, 706.885681152, 393.138702393, 665.904907227, 123.647621155, 54.6691589355, 60.2301559448, 64.485534668, 72.127494812, 59.2380599976, 49.3294563293, 36.9212341309, 31.9367847443, 13.367231369, 3.25721716881, 0.108699962497, 0.00310088926926, 0.000294706143904],
        "mean": [0.0211679097265, 0.279223144054, 0.437857329845, 0.3662365973, 0.338141560555, 0.380329340696, 1.65848302841, 7.38894319534, 16.0400047302, 9.7375087738, 24.7533168793, 91.8925323486, 169.255889893, 102.054222107, 78.5944061279, 45.6761207581, 38.7279815674, 66.9554748535, 63.1856269836, 50.866027832, 48.6016540527, 30.761592865, 29.6053962708, 25.7631282806, 14.8705654144, 12.5755977631, 4.93655538559, 4.18808460236, 4.19579076767, 3.53500294685, 2.50049495697, 1.70295274258, 1.13098502159, 0.630077779293, 0.309564292431, 0.145058915019, 0.0354547351599, 0.000854774261825, 4.31713888247e-05, 3.11668736686e-05],
        "min": [2.02293023222e-07, 7.49302898839e-07, 4.32450951848e-06, 2.62448575086e-05, 0.000149706786033, 0.000360558042303, 0.00149059959222, 0.00676938332617, 0.00866228435189, 0.00764560233802, 0.00873330142349, 0.00542101776227, 0.0182679388672, 0.0268128104508, 0.0117685031146, 0.0058829812333, 0.00580920465291, 0.00741387298331, 0.00610606232658, 0.0110762147233, 0.00696745421737, 0.00434658396989, 0.0139557011425, 0.0250404905528, 0.0283146686852, 0.0155047830194, 0.0337229967117, 0.0571822300553, 0.0629488751292, 0.171164005995, 0.140201821923, 0.036079891026, 0.00199428386986, 0.000133156238007, 1.74978486029e-05, 5.24800998392e-06, 2.25512280849e-06, 8.67300400387e-07, 1.40320730679e-06, 8.79396452547e-07],
        "stdev": [0.142171472311, 1.65318155289, 2.24137043953, 1.4756718874, 1.54542016983, 0.884993314743, 3.98518610001, 20.4722576141, 36.3760643005, 17.2893848419, 40.1109313965, 151.823440552, 259.388061523, 206.245986938, 93.1611175537, 61.5937957764, 56.0391197205, 112.790534973, 111.706161499, 77.304397583, 56.7550582886, 47.3479728699, 55.6904563904, 39.743057251, 29.1573753357, 33.7242393494, 10.7156162262, 5.71664237976, 5.13417863846, 4.13762378693, 3.50959229469, 3.27591824532, 2.75686597824, 1.96394729614, 1.40076482296, 0.637356519699, 0.181855410337, 0.00469694659114, 0.000142168413731, 2.2157904823e-05]
    },
    "gfcc": {
        "mean": [-49.1295852661, 54.6464385986, -219.884902954, -4.84961938858, -96.3476409912, 6.05091714859, -35.172744751, -1.62789845467, -9.12761974335, -20.9528045654, -9.14608287811, -10.2063732147, -5.47427082062],
        "cov": [[1602.27453613, -473.259063721, -183.306838989, -378.238952637, 22.632101059, 113.51701355, -147.889801025, 358.782104492, -110.59362793, 187.273696899, -33.1076545715, 90.7731552124, 4.9958896637], [-473.259063721, 1531.95593262, -347.663848877, 590.441894531, 30.7153968811, -522.813110352, 292.265167236, -727.416015625, 446.308898926, -248.620422363, 270.817657471, -146.677764893, 58.0148277283], [-183.306838989, -347.663848877, 3713.9765625, 1119.58605957, 1000.03759766, 1118.75012207, -0.30393320322, 759.558837891, -723.820617676, 585.421630859, -506.257019043, 436.387939453, -275.578460693], [-378.238952637, 590.441894531, 1119.58605957, 1041.42211914, 384.006164551, 151.617889404, 164.444641113, -185.649536133, -2.59977173805, 79.2149734497, 8.20129203796, 23.0049419403, -58.1088180542], [22.632101059, 30.7153968811, 1000.03759766, 384.006164551, 509.052124023, 416.927276611, 200.862304688, 254.323852539, -174.87348938, 147.033081055, -152.212936401, 120.703330994, -110.483154297], [113.51701355, -522.813110352, 1118.75012207, 151.617889404, 416.927276611, 791.958862305, 130.424621582, 595.450195312, -360.118255615, 190.51965332, -244.401397705, 114.943778992, -96.8476333618], [-147.889801025, 292.265167236, -0.30393320322, 164.444641113, 200.862304688, 130.424621582, 384.99432373, 2.59406685829, 52.6015968323, -78.7054977417, -8.82310962677, -47.80027771, -47.1026420593], [358.782104492, -727.416015625, 759.558837891, -185.649536133, 254.323852539, 595.450195312, 2.59406685829, 699.699035645, -330.14364624, 196.900360107, -239.547409058, 132.95980835, -81.3844604492], [-110.59362793, 446.308898926, -723.820617676, -2.59977173805, -174.87348938, -360.118255615, 52.6015968323, -330.14364624, 318.206298828, -141.376464844, 176.880325317, -112.275665283, 64.6375045776], [187.273696899, -248.620422363, 585.421630859, 79.2149734497, 147.033081055, 190.51965332, -78.7054977417, 196.900360107, -141.376464844, 224.471664429, -83.7217636108, 107.421890259, -41.3738632202], [-33.1076545715, 270.817657471, -506.257019043, 8.20129203796, -152.212936401, -244.401397705, -8.82310962677, -239.547409058, 176.880325317, -83.7217636108, 186.388031006, -56.3380966187, 65.9023666382], [90.7731552124, -146.677764893, 436.387939453, 23.0049419403, 120.703330994, 114.943778992, -47.80027771, 132.95980835, -112.275665283, 107.421890259, -56.3380966187, 156.912109375, -25.0330696106], [4.9958896637, 58.0148277283, -275.578460693, -58.1088180542, -110.483154297, -96.8476333618, -47.1026420593, -81.3844604492, 64.6375045776, -41.3738632202, 65.9023666382, -25.0330696106, 95.0725250244]],
        "icov": [[0.00105206971057, -0.000435630528955, 0.000780038011726, -0.00022796470148, -0.000514739425853, 0.000197355329874, 0.000656607851852, -0.00110116275027, 0.000718836847227, -0.00131309090648, -4.07429943152e-05, -0.000337184115779, 0.000197097411728], [-0.000435630528955, 0.00403394689783, -0.00220152479596, 0.000730850442778, -0.00174495077226, 0.0018073314568, -0.00233142008074, 0.00236435420811, -0.00312548456714, 0.00280711310916, -0.00252630840987, 0.00194584857672, -0.00208112318069], [0.000780038011726, -0.00220152479596, 0.0041908021085, -0.00311805889942, 0.000138455725391, -0.00161395734176, 0.00259992433712, -0.00198958395049, 0.00309594254941, -0.00323217990808, 0.00403179088607, -0.00390923162922, 0.00231041456573], [-0.00022796470148, 0.000730850442778, -0.00311805889942, 0.00513591244817, -0.00215302640572, -0.000108249754703, -0.00103204813786, 0.00315594021231, -0.00171189685352, 0.00100825319532, -0.00393290491775, 0.0039314632304, -0.00139095413033], [-0.000514739425853, -0.00174495077226, 0.000138455725391, -0.00215302640572, 0.0109670609236, -0.00301517685875, -0.00318079185672, -0.000698177784216, -0.000429039646406, -0.00214435416274, 0.00367649854161, -0.00502178771421, 0.00316473655403], [0.000197355329874, 0.0018073314568, -0.00161395734176, -0.000108249754703, -0.00301517685875, 0.00912236236036, -0.00285335024819, -0.00433554314077, 0.00271441950463, 0.00119751913007, -0.00272018718533, 0.00410011550412, -0.00355302821845], [0.000656607851852, -0.00233142008074, 0.00259992433712, -0.00103204813786, -0.00318079185672, -0.00285335024819, 0.00820065476, -0.00131736765616, 6.42392406007e-05, 0.000667866552249, 0.00176801485941, -0.000711610540748, 0.00345981772989], [-0.00110116275027, 0.00236435420811, -0.00198958395049, 0.00315594021231, -0.000698177784216, -0.00433554314077, -0.00131736765616, 0.00997642241418, -0.00252294074744, 0.000743768119719, 0.000466290832264, 0.000515243969858, -0.000712056295015], [0.000718836847227, -0.00312548456714, 0.00309594254941, -0.00171189685352, -0.000429039646406, 0.00271441950463, 6.42392406007e-05, -0.00252294074744, 0.0154859311879, -0.00301625416614, -0.00270518963225, 0.00101452379022, 0.000236894193222], [-0.00131309090648, 0.00280711310916, -0.00323217990808, 0.00100825319532, -0.00214435416274, 0.00119751913007, 0.000667866552249, 0.000743768119719, -0.00301625416614, 0.0135552026331, -0.00321618607268, -0.000110413886432, -0.00055104290368], [-4.07429943152e-05, -0.00252630840987, 0.00403179088607, -0.00393290491775, 0.00367649854161, -0.00272018718533, 0.00176801485941, 0.000466290832264, -0.00270518963225, -0.00321618607268, 0.0199696049094, -0.0064699370414, -0.00150344497524], [-0.000337184115779, 0.00194584857672, -0.00390923162922, 0.0039314632304, -0.00502178771421, 0.00410011550412, -0.000711610540748, 0.000515243969858, 0.00101452379022, -0.000110413886432, -0.0064699370414, 0.0168095175177, -0.00349564547651], [0.000197097411728, -0.00208112318069, 0.00231041456573, -0.00139095413033, 0.00316473655403, -0.00355302821845, 0.00345981772989, -0.000712056295015, 0.000236894193222, -0.00055104290368, -0.00150344497524, -0.00349564547651, 0.01850852184]]
    },
    "melbands": {
        "max": [0.027516014874, 0.0250814314932, 0.0040132640861, 0.00116976117715, 0.00242203148082, 0.00755859492347, 0.00458023557439, 0.0029680384323, 0.00422135880217, 0.0115321874619, 0.0118080414832, 0.0127124115825, 0.00288823829032, 0.00141645758413, 0.000832117977552, 0.00189442385454, 0.00309377489612, 0.00255426275544, 0.00155797891784, 0.000542906404007, 0.000547177332919, 0.000540799985174, 0.00180613563862, 0.000625425658654, 0.000725327816326, 0.000482726143673, 0.000344307394698, 0.000632089562714, 0.000132107772515, 8.80773441168e-05, 2.90386051347e-05, 3.89352571801e-05, 2.71950684692e-05, 4.75208835269e-05, 4.68308753625e-05, 2.63359070232e-05, 4.47573365818e-05, 3.97251969844e-05, 2.35869974858e-05, 3.31040719175e-05],
        "mean": [0.000257940962911, 0.000284511654172, 6.23453670414e-05, 2.29143788602e-05, 4.88846308144e-05, 0.000170674247784, 0.00022791561787, 0.000106842897367, 0.000224946837989, 0.000662382459268, 0.000849857227877, 0.000418345851358, 0.000273285899311, 0.000151432774146, 8.47235933179e-05, 8.72701202752e-05, 0.000130756976432, 0.000102873789729, 8.00083143986e-05, 6.26372348052e-05, 5.42492743989e-05, 3.01869949908e-05, 3.07788250211e-05, 2.50866523857e-05, 2.09801128221e-05, 1.12298448585e-05, 9.4252955023e-06, 8.45867452881e-06, 3.24526672557e-06, 2.67975929091e-06, 2.30801947509e-06, 2.39053974838e-06, 2.26576344176e-06, 1.84430473382e-06, 1.52058180447e-06, 1.14297495202e-06, 1.00088152521e-06, 8.28046211154e-07, 6.48670209102e-07, 4.9269738156e-07],
        "min": [4.9692605586e-10, 1.28283716982e-09, 4.53680470969e-09, 7.173533767e-09, 6.65222685825e-08, 8.74187904287e-08, 1.12392015694e-07, 1.02286726644e-07, 7.04632654447e-08, 2.97228410773e-08, 8.8734559256e-08, 1.09066533582e-07, 3.07821359513e-08, 2.16708215817e-08, 8.60367244115e-09, 1.40337048649e-08, 1.13082769815e-08, 8.83868178647e-09, 1.50653072239e-08, 1.281449169e-08, 5.85457060609e-09, 3.57129925632e-09, 7.01474123233e-09, 7.75190933666e-09, 1.96675511432e-08, 1.66176601368e-08, 1.14254747885e-08, 5.56280133068e-09, 1.30758950334e-08, 1.0911097803e-08, 1.47774805725e-08, 9.51201872823e-09, 2.31292069941e-08, 4.91415406145e-08, 6.89671608711e-08, 8.12595268851e-11, 1.25817645191e-09, 8.71156174542e-13, 1.92005794402e-13, 1.77803992775e-13],
        "stdev": [0.00156824162696, 0.00152796215843, 0.000252826808719, 7.51008483348e-05, 0.000119839030958, 0.000439091847511, 0.000509065983351, 0.000192436389625, 0.000382426107535, 0.00106550694909, 0.00132503034547, 0.00092879019212, 0.000322935084114, 0.000192333434825, 0.000105608982267, 0.000140846561408, 0.000241294663283, 0.00018371999613, 0.000166129146237, 7.80450282036e-05, 7.06729988451e-05, 4.51017476735e-05, 9.13842523005e-05, 3.35620861733e-05, 3.86059327866e-05, 2.46994804911e-05, 2.10518373933e-05, 3.00428655464e-05, 9.51567017182e-06, 5.68816221858e-06, 3.03187630379e-06, 3.21405241266e-06, 2.4344421945e-06, 2.48288711191e-06, 2.18695686272e-06, 1.81781661013e-06, 2.2483786779e-06, 2.068763024e-06, 1.65605047187e-06, 1.71027681972e-06]
    },
    "melbands128": {
        "max": [0.00205432996154, 0.0176228452474, 0.0425136908889, 0.0560959093273, 0.0249752551317, 0.00641890335828, 0.00437499769032, 0.00605545658618, 0.00266145751812, 0.00109945167787, 0.000718330673408, 0.00128108495846, 0.00153451040387, 0.00805349647999, 0.0138906165957, 0.00993599742651, 0.0105324862525, 0.00830791704357, 0.00430259015411, 0.00450434908271, 0.00353362550959, 0.00472837500274, 0.00582386460155, 0.0110591202974, 0.015530613251, 0.0169855412096, 0.0254052989185, 0.0219466742128, 0.0189970433712, 0.0262404363602, 0.0143144596368, 0.00228790240362, 0.00449782982469, 0.00729491515085, 0.0021181050688, 0.00298491073772, 0.0026764171198, 0.00122473866213, 0.00155142287258, 0.00499823968858, 0.00196171947755, 0.00262115173973, 0.00490407599136, 0.00459620170295, 0.00339207891375, 0.00422379095107, 0.0044940598309, 0.00373139046133, 0.00361699820496, 0.00189750827849, 0.00108147005085, 0.00108696334064, 0.0013342956081, 0.00126462918706, 0.00203626276925, 0.000287675997242, 0.00129828741774, 0.00227115955204, 0.00289757549763, 0.00240251142532, 0.000429431616794, 0.000437960086856, 0.000591410440393, 0.00123207014985, 0.000360549631296, 0.000975753646344, 0.000780318630859, 0.000627141853329, 0.00041283617611, 0.000433453562437, 0.000704424222931, 0.00114780617878, 0.000309317285428, 0.000100023455161, 8.73407334439e-05, 0.000160206080182, 0.000115077760711, 4.29121537309e-05, 4.01668112318e-05, 4.2201794713e-05, 4.4371929107e-05, 4.69548795081e-05, 3.62697282981e-05, 2.84326888504e-05, 3.23694257531e-05, 4.69390688522e-05, 5.28812670382e-05, 5.78335966566e-05, 5.01541580888e-05, 3.60757949238e-05, 3.74344308511e-05, 2.42191526922e-05, 3.08840171783e-05, 3.94240378228e-05, 6.79411750752e-05, 3.84718623536e-05, 3.82356374757e-05, 3.15478137054e-05, 2.18295772356e-05, 2.29756296903e-05, 3.36107477779e-05, 3.45968473994e-05, 2.95838872262e-05, 5.1776660257e-05, 4.48826867796e-05, 3.74499795726e-05, 2.67117411568e-05, 1.33914763865e-05, 3.09122733597e-05, 2.85911901301e-05, 4.24026911787e-05, 1.92835304915e-05, 7.72825751483e-06, 1.07858329557e-06, 7.98223027232e-07, 4.28337074254e-07, 1.69282998286e-07, 1.69342329048e-09, 1.61690716372e-09, 1.58598634226e-09, 1.55467649865e-09, 1.53598678221e-09, 1.52998091973e-09, 1.51164414319e-09, 1.49980827757e-09, 1.49013978934e-09, 1.4821199823e-09, 1.47851952903e-09],
        "mean": [1.38752620842e-05, 0.000114182323159, 0.00036871645716, 0.000517338339705, 0.000301682506688, 0.000112698144221, 7.50189865357e-05, 5.55394653929e-05, 3.175884558e-05, 1.78328318725e-05, 1.85088683793e-05, 2.53182042798e-05, 4.49157050753e-05, 9.01228704606e-05, 0.000146769787534, 0.000208724581171, 0.000308668037178, 0.000252969010035, 0.000103543854493, 8.63350796863e-05, 0.000109981127025, 0.000153656583279, 0.000229001074331, 0.000283455650788, 0.000507515564095, 0.000801760703325, 0.00107817677781, 0.000912563351449, 0.000629420974292, 0.000484420161229, 0.000341453414876, 0.000270416203421, 0.00030114754918, 0.000266096409177, 0.000149810439325, 0.000134849644382, 0.000119968084618, 6.55372132314e-05, 7.80005211709e-05, 8.70336443768e-05, 8.0052705016e-05, 9.9953445897e-05, 0.000144495861605, 0.00014483515406, 0.000105658196844, 9.49544919422e-05, 9.73897112999e-05, 9.00848172023e-05, 6.74374969094e-05, 6.15988174104e-05, 5.71859782212e-05, 7.04113845131e-05, 6.42349259579e-05, 4.4846397941e-05, 3.66172971553e-05, 2.38639677264e-05, 2.90379412036e-05, 3.68329929188e-05, 2.89823492494e-05, 2.46194431384e-05, 2.25998428505e-05, 2.83485787804e-05, 2.63706388068e-05, 1.81141804205e-05, 1.26438762891e-05, 1.12558918772e-05, 1.0232488421e-05, 9.96826565824e-06, 9.56834446697e-06, 8.11345580587e-06, 8.07172727946e-06, 1.04852024378e-05, 4.61424588138e-06, 1.42474857512e-06, 1.73574062501e-06, 3.28168266606e-06, 2.72880174634e-06, 2.19730054596e-06, 2.26514566748e-06, 2.38377742789e-06, 2.51762685366e-06, 2.27795453611e-06, 2.34943399846e-06, 2.34718254433e-06, 2.18059221879e-06, 1.83979034318e-06, 1.7266049781e-06, 1.81462007731e-06, 1.52757399974e-06, 1.34063134283e-06, 1.14838996979e-06, 1.12044267553e-06, 1.06595837224e-06, 9.81108541964e-07, 1.00181421203e-06, 8.90060789516e-07, 7.9488074789e-07, 7.25878919638e-07, 6.78504989082e-07, 6.00884959567e-07, 5.10686220423e-07, 5.00303599438e-07, 4.48102923656e-07, 3.66617456393e-07, 3.40238273111e-07, 2.81317085182e-07, 3.72399682647e-07, 2.64136275518e-07, 1.99988818395e-07, 1.96038257627e-07, 3.67139591617e-07, 2.17519371404e-07, 4.7466286901e-08, 2.43164133273e-09, 2.14822737377e-09, 1.53364154709e-09, 4.34040442476e-10, 5.60386372722e-12, 5.20586351804e-12, 5.0829440483e-12, 4.95707338025e-12, 4.85466614825e-12, 4.78963960507e-12, 4.70156118898e-12, 4.5925884623e-12, 4.45409291047e-12, 4.36895051387e-12, 4.34222623136e-12],
        "min": [1.26789030663e-11, 1.2626986956e-10, 1.34062705381e-10, 7.91387649857e-11, 7.86691267685e-10, 4.70557204313e-10, 1.50337720051e-09, 3.41349393196e-10, 2.60061572277e-09, 5.90526427757e-09, 1.10111220142e-09, 6.40783692774e-09, 3.58413956292e-08, 1.82896986445e-08, 5.06105379827e-08, 3.26195319644e-08, 4.11619751617e-08, 1.42206726395e-08, 2.09677857299e-08, 5.80620636015e-08, 2.94042319382e-08, 1.20038725626e-08, 4.74903103509e-08, 1.66957700998e-08, 2.62178154742e-08, 1.517349979e-08, 2.62187249689e-08, 4.96589969146e-08, 8.93842937444e-08, 4.81356394744e-08, 6.03699419344e-08, 2.68108664159e-08, 2.96687674428e-09, 1.18443068686e-08, 9.08785580123e-09, 7.22445081536e-09, 8.95199736561e-09, 4.1833732034e-09, 1.25747794399e-08, 6.03077854322e-09, 1.02888031428e-09, 9.0322744839e-09, 1.03055635137e-08, 1.07252251524e-08, 9.00450913832e-09, 6.22828189023e-09, 2.95899837965e-09, 9.27650756211e-09, 4.1840606535e-09, 9.56833989818e-09, 2.38649122686e-09, 4.65335858735e-09, 3.22240634176e-09, 2.57890109268e-09, 2.58954258037e-09, 4.63946747686e-09, 3.37958105945e-09, 3.22178950185e-09, 3.91220167373e-09, 6.80790446239e-09, 4.8081392201e-09, 8.45368575142e-09, 1.22319052664e-08, 1.67115654648e-08, 5.58096502346e-09, 3.50444628872e-09, 4.24995967307e-08, 1.10355911076e-08, 3.74218966925e-09, 1.6667993652e-09, 3.80990616833e-09, 6.50361409171e-09, 2.32705321679e-09, 1.10243189577e-10, 7.0601929858e-10, 4.01845490217e-09, 5.24774934618e-09, 5.98671512364e-09, 1.25792558592e-08, 4.8580792722e-09, 5.75103653588e-09, 4.9622759235e-09, 2.20187534872e-09, 2.05687058497e-08, 1.93150366812e-08, 1.94875071635e-09, 1.30016475364e-09, 2.54867096317e-08, 3.88343046609e-08, 1.24052351724e-10, 1.19113842054e-11, 1.07582259073e-12, 9.72947417077e-11, 1.08968792323e-10, 7.89265267725e-12, 4.05654784937e-13, 2.30966369077e-13, 1.80529229803e-13, 1.78916601044e-13, 1.89636636472e-13, 1.80732056924e-13, 1.09805685323e-13, 1.23553036834e-13, 1.8282951379e-13, 9.76756924041e-14, 1.49977022446e-13, 1.56097330157e-13, 1.36013826612e-13, 9.35295203374e-14, 1.06346368886e-13, 1.21601906604e-13, 9.21011178564e-14, 1.33150936566e-13, 1.16655030904e-13, 7.6988471208e-14, 9.17036357875e-14, 1.14506060883e-13, 1.18539130334e-13, 1.19744288812e-13, 1.14658594576e-13, 1.03104651824e-13, 1.23811551289e-13, 1.11413177674e-13, 1.14138055561e-13, 8.52273980556e-14, 3.6686396244e-14, 3.11182900635e-15, 1.55710212278e-16],
        "stdev": [9.26376960706e-05, 0.000927556364331, 0.00240345252678, 0.00309504079632, 0.00166631955653, 0.000509045028593, 0.00031006426434, 0.00029251689557, 0.000160532290465, 6.15468161413e-05, 4.97793735121e-05, 6.1983228079e-05, 0.000103018333903, 0.000323409534758, 0.000591601419728, 0.0005843808176, 0.000770075654145, 0.000718647032045, 0.000280044914689, 0.000206446275115, 0.000242987283855, 0.000337725155987, 0.000526174611878, 0.000676531286445, 0.00136191502679, 0.00163789233193, 0.00213551498018, 0.00194965396076, 0.00162756559439, 0.00174342107493, 0.000813365564682, 0.000374975934392, 0.000451238069218, 0.000462973170215, 0.00023204376339, 0.000253044068813, 0.000281055225059, 9.99681506073e-05, 0.000133683337481, 0.000241198460571, 0.00017357278557, 0.000216946384171, 0.000360450445442, 0.00037377353874, 0.000230423203902, 0.000263155816356, 0.000325368950143, 0.000277658517007, 0.000205792151974, 0.000131965367473, 0.000100466131698, 0.000126685001305, 0.000112191090011, 9.1513255029e-05, 0.000112515757792, 2.90497337119e-05, 7.1385060437e-05, 0.000155284200446, 0.000117188785225, 8.74197066878e-05, 3.0108169085e-05, 4.32445849583e-05, 5.26183030161e-05, 6.0274189309e-05, 2.49596760113e-05, 3.73306793335e-05, 3.70067718904e-05, 3.50891896232e-05, 2.73299283435e-05, 2.10821417568e-05, 2.90045827569e-05, 6.24604363111e-05, 1.7527194359e-05, 4.31263379141e-06, 4.1735565901e-06, 9.03728778212e-06, 6.34558955426e-06, 3.54392750523e-06, 3.22860319102e-06, 3.76733942176e-06, 3.89917840948e-06, 3.40508427144e-06, 3.26164467879e-06, 2.56182170233e-06, 2.86973681796e-06, 2.80438553091e-06, 2.78177321889e-06, 3.19631885759e-06, 2.35061725107e-06, 2.13967314266e-06, 1.97163853954e-06, 2.00137355932e-06, 2.0570982997e-06, 2.32557408708e-06, 2.97118549497e-06, 2.14205738303e-06, 2.12574150282e-06, 1.99161945602e-06, 1.69370207459e-06, 1.63306242484e-06, 1.78711025001e-06, 1.86219642728e-06, 1.80444646958e-06, 1.97911572286e-06, 1.7808819166e-06, 1.80984466169e-06, 1.68760891484e-06, 1.01495299987e-06, 1.22825633753e-06, 1.21352832139e-06, 2.22085714086e-06, 1.13012060865e-06, 3.45416850678e-07, 3.61810030824e-08, 2.81630629928e-08, 1.70237548502e-08, 6.01146732393e-09, 5.5022549017e-11, 5.24706077198e-11, 5.14779885386e-11, 5.0455986611e-11, 4.981278931e-11, 4.95995813865e-11, 4.90030273304e-11, 4.86127631205e-11, 4.82976957039e-11, 4.80344722331e-11, 4.79162230727e-11]
    },
    "mfcc": {
        "mean": [-656.823730469, 83.166595459, -73.4319152832, -22.9139251709, -41.1151123047, -8.98551464081, -26.2716121674, 12.0233736038, -12.7983789444, 5.09540653229, -10.2349672318, -7.09446382523, -9.96545219421],
        "cov": [[2160.26953125, -299.475250244, -1131.76782227, -657.43951416, -371.828063965, -475.208618164, -328.940368652, -153.345535278, -113.643630981, 29.8924884796, -45.9919891357, 69.0282440186, -39.7929916382], [-299.475250244, 895.768798828, -86.7496261597, 625.52532959, -204.546783447, 328.542541504, -254.204864502, 69.3895874023, -198.193817139, 96.0689849854, -130.742950439, 76.3445510864, -17.9826965332], [-1131.76782227, -86.7496261597, 2140.16992188, 617.584716797, 1057.45117188, 427.568054199, 807.873962402, 133.874633789, 406.562774658, -99.0542526245, 264.107666016, -30.9995040894, 163.58946228], [-657.43951416, 625.52532959, 617.584716797, 1193.70031738, 132.601043701, 593.803466797, -77.3981170654, 16.0977287292, -150.331344604, 86.6901092529, -106.915596008, 115.607467651, 65.6328964233], [-371.828063965, -204.546783447, 1057.45117188, 132.601043701, 705.140014648, 143.136352539, 527.378601074, 96.7061462402, 301.546508789, -56.5751876831, 196.138671875, -32.9319534302, 120.108695984], [-475.208618164, 328.542541504, 427.568054199, 593.803466797, 143.136352539, 491.629882812, 168.771240234, 133.209487915, 15.6548728943, 89.7788619995, -13.5824594498, 65.5604705811, 30.8271102905], [-328.940368652, -254.204864502, 807.873962402, -77.3981170654, 527.378601074, 168.771240234, 774.433898926, 278.516418457, 407.307189941, 0.972758412361, 229.079162598, -20.5194702148, 82.2076416016], [-153.345535278, 69.3895874023, 133.874633789, 16.0977287292, 96.7061462402, 133.209487915, 278.516418457, 278.959869385, 149.269607544, 58.6342010498, 66.6453399658, 5.17034959793, 12.2548418045], [-113.643630981, -198.193817139, 406.562774658, -150.331344604, 301.546508789, 15.6548728943, 407.307189941, 149.269607544, 307.468536377, 5.73652791977, 154.848876953, -35.9265213013, 52.4518623352], [29.8924884796, 96.0689849854, -99.0542526245, 86.6901092529, -56.5751876831, 89.7788619995, 0.972758412361, 58.6342010498, 5.73652791977, 128.851776123, -8.07466220856, 22.6996612549, -16.0369853973], [-45.9919891357, -130.742950439, 264.107666016, -106.915596008, 196.138671875, -13.5824594498, 229.079162598, 66.6453399658, 154.848876953, -8.07466220856, 158.922103882, -13.3163394928, 44.9113464355], [69.0282440186, 76.3445510864, -30.9995040894, 115.607467651, -32.9319534302, 65.5604705811, -20.5194702148, 5.17034959793, -35.9265213013, 22.6996612549, -13.3163394928, 98.7502441406, 14.9181833267], [-39.7929916382, -17.9826965332, 163.58946228, 65.6328964233, 120.108695984, 30.8271102905, 82.2076416016, 12.2548418045, 52.4518623352, -16.0369853973, 44.9113464355, 14.9181833267, 107.919906616]],
        "icov": [[0.000885885034222, 5.58678839297e-05, 0.000708910403773, 7.33652632334e-06, -0.000747184967622, 0.000561095541343, -0.000101024597825, 0.000331150484271, -1.66614681802e-05, -0.000385245744837, -1.69081442891e-06, -0.00103565037716, 6.22668885626e-05], [5.58678839297e-05, 0.00262004998513, -0.000118055511848, -0.000928276858758, 0.000530726625584, -0.000611360417679, 0.00128505739849, -0.00171371304896, 0.000191361250472, -1.79973358172e-05, -0.000299028179143, -4.72821739095e-05, 3.56508026016e-05], [0.000708910403773, -0.000118055511848, 0.00381212774664, -0.00177208997775, -0.00392398331314, 0.00048745831009, -0.0014956635423, 0.00136169267353, -0.000415813876316, 0.00153327023145, -0.000909478927497, -9.81805442279e-06, 0.00156326137949], [7.33652632334e-06, -0.000928276858758, -0.00177208997775, 0.00499995145947, 8.44996538945e-05, -0.00408978853375, 0.00203410512768, 0.000164431272424, 0.000981401768513, -0.00120614038315, 0.00155702175107, -0.0013760807924, -0.00211446080357], [-0.000747184967622, 0.000530726625584, -0.00392398331314, 8.44996538945e-05, 0.00929710548371, -0.000233526254306, -0.00108066119719, 0.000335203803843, -0.00137242279015, 0.000167909849552, -0.000982242170721, 0.00156253692694, -0.00290088774636], [0.000561095541343, -0.000611360417679, 0.00048745831009, -0.00408978853375, -0.000233526254306, 0.00962303951383, -0.00374228716828, -0.000848377821967, 0.00158226152416, -0.00266596209258, 0.000946410000324, -0.000996834016405, 0.000890239956789], [-0.000101024597825, 0.00128505739849, -0.0014956635423, 0.00203410512768, -0.00108066119719, -0.00374228716828, 0.00954255554825, -0.00425837794319, -0.00526343239471, 0.00103353546001, -0.00106496701483, -0.00175354792736, 9.05786873773e-05], [0.000331150484271, -0.00171371304896, 0.00136169267353, 0.000164431272424, 0.000335203803843, -0.000848377821967, -0.00425837794319, 0.00932697672397, -0.00187259167433, -0.00122655497398, -8.32295336295e-05, 0.000148899795022, 0.000468306971015], [-1.66614681802e-05, 0.000191361250472, -0.000415813876316, 0.000981401768513, -0.00137242279015, 0.00158226152416, -0.00526343239471, -0.00187259167433, 0.0157991815358, -0.00350624858402, -0.00312418793328, 0.00249832635745, -0.0018883489538], [-0.000385245744837, -1.79973358172e-05, 0.00153327023145, -0.00120614038315, 0.000167909849552, -0.00266596209258, 0.00103353546001, -0.00122655497398, -0.00350624858402, 0.0128011535853, -0.00159003713634, -0.000533776124939, 0.00253280391917], [-1.69081442891e-06, -0.000299028179143, -0.000909478927497, 0.00155702175107, -0.000982242170721, 0.000946410000324, -0.00106496701483, -8.32295336295e-05, -0.00312418793328, -0.00159003713634, 0.0151060940698, -0.00136116193607, -0.00279137608595], [-0.00103565037716, -4.72821739095e-05, -9.81805442279e-06, -0.0013760807924, 0.00156253692694, -0.000996834016405, -0.00175354792736, 0.000148899795022, 0.00249832635745, -0.000533776124939, -0.00136116193607, 0.0145174143836, -0.00240732147358], [6.22668885626e-05, 3.56508026016e-05, 0.00156326137949, -0.00211446080357, -0.00290088774636, 0.000890239956789, 9.05786873773e-05, 0.000468306971015, -0.0018883489538, 0.00253280391917, -0.00279137608595, -0.00240732147358, 0.0138519415632]]
    },
    "spectral_contrast_coeffs": {
        "max": [-0.411290943623, -0.468991726637, -0.516843557358, -0.620064973831, -0.600058317184, -0.395060420036],
        "mean": [-0.691907405853, -0.761760473251, -0.744065582752, -0.79362398386, -0.758559167385, -0.664044499397],
        "min": [-0.877480685711, -0.932072281837, -0.920203208923, -0.914008438587, -0.894995450974, -0.856556296349],
        "stdev": [0.0921064913273, 0.0738290771842, 0.064155369997, 0.0476074516773, 0.0474498234689, 0.109890244901]
    },
    "spectral_contrast_valleys": {
        "max": [-5.57232427597, -5.25007820129, -5.18805503845, -5.8135843277, -6.212890625, -8.10245227814],
        "mean": [-9.22384738922, -6.76784086227, -6.53373146057, -6.92560529709, -7.47872114182, -11.3138532639],
        "min": [-12.0353879929, -9.60429668427, -10.4182367325, -10.8962450027, -10.5584020615, -15.8054504395],
        "stdev": [1.09521985054, 0.798327505589, 0.834850132465, 0.792201399803, 0.571433365345, 1.5441968441]
    }
},
"rhythm": {
    "beats_count": 50,
    "beats_loudness": {
        "max": 0.0807194188237,
        "mean": 0.0245996695012,
        "min": 0.00107300514355,
        "stdev": 0.0138762388378
    },
    "bpm": 131.495941162,
    "bpm_histogram_first_peak_bpm": 133,
    "bpm_histogram_first_peak_weight": 0.44827580452,
    "bpm_histogram_second_peak_bpm": 148,
    "bpm_histogram_second_peak_spread": 0.428571403027,
    "bpm_histogram_second_peak_weight": 0.163265302777,
    "danceability": 1.14934694767,
    "onset_rate": 2.55042600632,
    "beats_loudness_band_ratio": {
        "max": [0.926681280136, 0.295910984278, 0.918079912663, 0.946709215641, 0.630884051323, 0.266283035278],
        "mean": [0.0857231989503, 0.0393903106451, 0.335228353739, 0.338291317225, 0.192180916667, 0.0508046373725],
        "min": [3.05698122247e-05, 0.000148672042997, 0.00437581446022, 0.00765591999516, 0.00318605825305, 0.00532909063622],
        "stdev": [0.234387278557, 0.0532536990941, 0.218884184957, 0.221810892224, 0.157956898212, 0.0528118796647]
    },
    "beats_position": [0.417959183455, 0.835918366909, 1.25387752056, 1.68344664574, 2.11301589012, 2.54258489609, 2.96054410934, 3.39011335373, 3.8196823597, 4.2492518425, 4.65560102463, 5.06195020676, 5.46829938889, 5.87464857101, 6.28099775314, 6.68734693527, 7.0936961174, 7.50004529953, 7.91800451279, 8.33596324921, 8.75392246246, 9.21832180023, 9.682721138, 10.1471195221, 10.6115188599, 11.0643081665, 11.5170974731, 11.9814968109, 12.4342851639, 12.8754644394, 13.328253746, 13.7810430527, 14.2338323593, 14.6982307434, 15.1626300812, 15.6154193878, 16.0682086945, 16.50938797, 16.9621772766, 17.4149665833, 17.8677539825, 18.3321533203, 18.784942627, 19.2493419647, 19.7021312714, 20.154920578, 20.6077098846, 21.0604991913, 21.5248966217, 21.9892959595],
