{
"metadata": {
    "version": {
        "essentia": "2.1-beta5",
        "essentia_git_sha": "Undefined",
        "extractor": "music 2.0"
    },
    "audio_properties": {
        "analysis": {
            "equal_loudness": 0,
            "length": 32.4963264465,
            "sample_rate": 44100,
            "start_time": 142.744674683,
            "downmix": "mix"
        },
        "bit_rate": 192000,
        "length": 210.930084229,
        "lossless": 0,
        "number_channels": 2,
        "replay_gain": -4.09782218933,
        "sample_rate": 48000,
        "codec": "mp3",
        "md5_encoded": "960c677ea424c3e54adbca31aaa303c9"
    },
    "tags": {
        "file_name": "Ireland_Waterline_Jedward.mp3",
        "encoding": ["Lavf58.29.100"]
    }
},
"lowlevel": {
    "average_loudness": 0.977390646935,
    "barkbands_crest": {
        "max": 25.5239391327,
        "mean": 13.74061203,
        "min": 2.52840638161,
        "stdev": 5.11943531036
    },
    "barkbands_flatness_db": {
        "max": 0.251170694828,
        "mean": 0.135500982404,
        "min": 0.0526748076081,
        "stdev": 0.0372160933912
    },
    "barkbands_kurtosis": {
        "max": 34.6163673401,
        "mean": 3.33448910713,
        "min": -1.85413813591,
        "stdev": 5.2403755188
    },
    "barkbands_skewness": {
        "max": 5.78537750244,
        "mean": 1.74368095398,
        "min": -1.0928786993,
        "stdev": 1.10995435715
    },
    "barkbands_spread": {
        "max": 111.018821716,
        "mean": 34.2767486572,
        "min": 6.32080793381,
        "stdev": 15.383597374
    },
    "dissonance": {
        "max": 0.499926030636,
        "mean": 0.481143087149,
        "min": 0.338125348091,
        "stdev": 0.017155604437
    },
    "dynamic_complexity": 1.65939044952,
    "erbbands_crest": {
        "max": 23.0462112427,
        "mean": 6.2500500679,
        "min": 2.37713694572,
        "stdev": 3.32231926918
    },
    "erbbands_flatness_db": {
        "max": 0.26093262434,
        "mean": 0.126275092363,
        "min": 0.0661358311772,
        "stdev": 0.0268921889365
    },
    "erbbands_kurtosis": {
        "max": 6.95244216919,
        "mean": 0.172894850373,
        "min": -1.445520401,
        "stdev": 0.980107069016
    },
    "erbbands_skewness": {
        "max": 2.43054652214,
        "mean": -0.244368955493,
        "min": -2.18067193031,
        "stdev": 0.686680197716
    },
    "erbbands_spread": {
        "max": 108.735984802,
        "mean": 48.8416481018,
        "min": 12.1857099533,
        "stdev": 15.7614011765
    },
    "hfc": {
        "max": 202.667282104,
        "mean": 39.8397483826,
        "min": 0.571882605553,
        "stdev": 20.939037323
    },
    "loudness_ebu128": {
        "integrated": -16.6386375427,
        "loudness_range": 1.20695400238,
        "momentary": {
            "max": -14.906288147,
            "mean": -16.7503128052,
            "min": -24.8065280914,
            "stdev": 1.10733067989
        },
        "short_term": {
            "max": -15.4726848602,
            "mean": -16.5649242401,
            "min": -17.7870407104,
            "stdev": 0.387635320425
        }
    },
    "melbands_crest": {
        "max": 31.9250183105,
        "mean": 19.1303329468,
        "min": 3.52664279938,
        "stdev": 5.38620376587
    },
    "melbands_flatness_db": {
        "max": 0.313565045595,
        "mean": 0.176863476634,
        "min": 0.025271454826,
        "stdev": 0.051307760179
    },
    "melbands_kurtosis": {
        "max": 161.958999634,
        "mean": 22.5254802704,
        "min": -1.03130292892,
        "stdev": 24.1887283325
    },
    "melbands_skewness": {
        "max": 11.9529790878,
        "mean": 3.89480996132,
        "min": -0.0548865310848,
        "stdev": 2.12772679329
    },
    "melbands_spread": {
        "max": 177.450881958,
        "mean": 26.9504699707,
        "min": 3.37768650055,
        "stdev": 18.7673206329
    },
    "pitch_salience": {
        "max": 0.790132701397,
        "mean": 0.424043506384,
        "min": 0.0788267850876,
        "stdev": 0.135650992393
    },
    "silence_rate_20dB": {
        "max": 1,
        "mean": 1,
        "min": 1,
        "stdev": 0
    },
    "silence_rate_30dB": {
        "max": 1,
        "mean": 0.960028529167,
        "min": 0,
        "stdev": 0.195892766118
    },
    "silence_rate_60dB": {
        "max": 1,
        "mean": 0.00713775865734,
        "min": 0,
        "stdev": 0.0841808542609
    },
    "spectral_centroid": {
        "max": 3968.07202148,
        "mean": 2056.64624023,
        "min": 568.512512207,
        "stdev": 538.293273926
    },
    "spectral_complexity": {
        "max": 54,
        "mean": 33.0292663574,
        "min": 2,
        "stdev": 7.67502260208
    },
    "spectral_decrease": {
        "max": -3.36660505029e-10,
        "mean": -1.35609177221e-08,
        "min": -4.31087805453e-08,
        "stdev": 7.02701585809e-09
    },
    "spectral_energy": {
        "max": 0.167964532971,
        "mean": 0.0547955855727,
        "min": 0.00132250331808,
        "stdev": 0.0269803516567
    },
    "spectral_energyband_high": {
        "max": 0.0226385835558,
        "mean": 0.00277909706347,
        "min": 4.78200890939e-05,
        "stdev": 0.00217784848064
    },
    "spectral_energyband_low": {
        "max": 0.154204279184,
        "mean": 0.0365376323462,
        "min": 4.62104217149e-05,
        "stdev": 0.0264289490879
    },
    "spectral_energyband_middle_high": {
        "max": 0.0543811097741,
        "mean": 0.00807219091803,
        "min": 6.38609926682e-05,
        "stdev": 0.00647530239075
    },
    "spectral_energyband_middle_low": {
        "max": 0.0640080273151,
        "mean": 0.0085312500596,
        "min": 0.000190480641322,
        "stdev": 0.00851214583963
    },
    "spectral_entropy": {
        "max": 8.720287323,
        "mean": 8.08755207062,
        "min": 7.21784067154,
        "stdev": 0.190240338445
    },
    "spectral_flux": {
        "max": 0.338703930378,
        "mean": 0.114917509258,
        "min": 0.0220577009022,
        "stdev": 0.0518760047853
    },
    "spectral_kurtosis": {
        "max": 5.84027862549,
        "mean": 1.57453870773,
        "min": -0.98366522789,
        "stdev": 0.773220896721
    },
    "spectral_rms": {
        "max": 0.0128010874614,
        "mean": 0.00708045298234,
        "min": 0.00113589048851,
        "stdev": 0.00182381935883
    },
    "spectral_rolloff": {
        "max": 10292.8710938,
        "mean": 1614.34570312,
        "min": 64.599609375,
        "stdev": 1578.02294922
    },
    "spectral_skewness": {
        "max": 1.72654974461,
        "mean": 1.01237678528,
        "min": 0.16392211616,
        "stdev": 0.204035520554
    },
    "spectral_spread": {
        "max": 10918724,
        "mean": 5266775.5,
        "min": 3437628.25,
        "stdev": 886273.6875
    },
    "spectral_strongpeak": {
        "max": 7.20028209686,
        "mean": 0.72129124403,
        "min": 0,
        "stdev": 0.880512535572
    },
    "zerocrossingrate": {
        "max": 0.27783203125,
        "mean": 0.0693429112434,
        "min": 0.01025390625,
        "stdev": 0.0341370664537
    },
    "barkbands": {
        "max": [0.00333056785166, 0.132823675871, 0.081729657948, 0.0231167245656, 0.023625254631, 0.0228581093252, 0.0287824012339, 0.0233988426626, 0.0610497258604, 0.0532639361918, 0.0221428479999, 0.0146413864568, 0.0232708547264, 0.0104038435966, 0.00813749060035, 0.00819801539183, 0.00396802043542, 0.00409289030358, 0.00342370034195, 0.00354349194095, 0.00403351057321, 0.00451245391741, 0.0045021334663, 0.0126451179385, 0.00633001420647, 0.00161177385598, 1.52475297455e-06],
        "mean": [0.000275134341791, 0.0277935601771, 0.0076333032921, 0.00139723182656, 0.00153104995843, 0.000933470961172, 0.000685957609676, 0.000773507461417, 0.00273769372143, 0.00130716746207, 0.000899821403436, 0.00078460550867, 0.0010220509721, 0.000625891319942, 0.000789355952293, 0.000586550449952, 0.000581615488045, 0.0007883431972, 0.000599881692324, 0.000556644401513, 0.00055366428569, 0.000558269734029, 0.000554317550268, 0.000559043139219, 0.00023462829995, 3.28904134221e-05, 1.63701798783e-08],
        "min": [6.86538186301e-08, 3.61644060831e-06, 9.52759546635e-06, 3.93474056182e-06, 3.72915455955e-05, 7.48709726395e-06, 3.57223996161e-07, 2.6480042834e-06, 5.21390575159e-06, 2.46285298999e-06, 1.37004985845e-06, 3.87396949009e-06, 5.43946043763e-06, 3.79679363505e-06, 7.24842129785e-06, 3.20248682328e-06, 5.58724877919e-06, 8.18584067019e-06, 2.44794409809e-06, 4.64027743874e-06, 7.55744122216e-06, 7.89123441791e-06, 8.38552841742e-06, 7.64868218539e-06, 7.7725508163e-07, 1.36206365631e-10, 6.67865276971e-11],
        "stdev": [0.000451997242635, 0.0233224201947, 0.0107297031209, 0.00253129797056, 0.00201255572028, 0.00163398310542, 0.00205327617005, 0.00173352891579, 0.00684075383469, 0.00381280272268, 0.00160685507581, 0.00132707844023, 0.00198036339134, 0.000991151435301, 0.000913440831937, 0.000569004158024, 0.000388394400943, 0.00051753106527, 0.000394696980948, 0.000411219778471, 0.000441567914095, 0.000460946001112, 0.000395767536247, 0.000733969383873, 0.00040192695451, 8.97203717614e-05, 7.28083549006e-08]
    },
    "erbbands": {
        "max": [4.58204317093, 34.2531547546, 103.620773315, 81.0356292725, 44.1429405212, 126.183677673, 133.458511353, 285.796295166, 191.778869629, 506.08972168, 620.001525879, 1453.80603027, 1949.39733887, 903.14666748, 454.928466797, 626.89642334, 892.39654541, 445.755432129, 429.861877441, 510.663909912, 258.125549316, 192.822387695, 254.795333862, 192.764770508, 194.07774353, 170.40562439, 204.809005737, 147.585845947, 147.111343384, 180.890518188, 108.236358643, 180.835662842, 234.373260498, 105.78490448, 27.1378250122, 12.1775665283, 1.42877221107, 0.0347745269537, 0.00161772116553, 0.000303233595332],
        "mean": [0.607519090176, 6.77688074112, 11.2576160431, 5.98579406738, 4.02138805389, 5.72112035751, 7.18523406982, 7.79378700256, 6.77470064163, 14.421254158, 19.4755191803, 61.8245277405, 57.9571609497, 40.496131897, 33.1128921509, 31.5504989624, 41.0080871582, 41.1361312866, 38.4697914124, 37.1625709534, 31.8467464447, 32.5372428894, 43.6259269714, 34.7000923157, 30.1968231201, 25.3190383911, 24.4840145111, 20.4275665283, 19.925453186, 17.504278183, 16.1478996277, 13.1001882553, 8.21654224396, 3.57145953178, 1.13993906975, 0.280195116997, 0.037145268172, 0.00110835162923, 8.53885430843e-05, 7.41832409403e-05],
        "min": [0.000188447083929, 0.00333348754793, 0.0111549999565, 0.0631427690387, 0.09100394696, 0.131318122149, 0.0944779664278, 0.0691926777363, 0.0572167672217, 0.108086369932, 0.124098300934, 0.160213068128, 0.193003058434, 0.175857901573, 0.198600694537, 0.407805353403, 0.20426055789, 0.228129312396, 0.364406347275, 0.249722599983, 0.263956010342, 0.39139175415, 0.435174047947, 0.248838037252, 0.11357781291, 0.207432478666, 0.355377942324, 0.252264350653, 0.304320782423, 0.250081896782, 0.280772387981, 0.115984492004, 0.10889557749, 0.0241705123335, 0.00150190049317, 7.37541704439e-05, 1.07025216494e-05, 2.67287214228e-06, 1.84354996691e-06, 2.30035016102e-06],
        "stdev": [0.703024923801, 5.58429336548, 13.0478715897, 9.32553291321, 4.55567359924, 9.89931583405, 12.6758003235, 16.5923538208, 13.2405328751, 38.3766021729, 43.1639289856, 150.713729858, 142.977874756, 71.5524291992, 50.3950805664, 48.0905380249, 72.7074966431, 56.1316299438, 48.4772148132, 39.1938400269, 24.1690349579, 20.770980835, 29.3673362732, 22.94373703, 20.6148414612, 19.1995506287, 20.1549472809, 16.483959198, 16.5353679657, 13.2242231369, 11.6133432388, 13.1258440018, 13.3022241592, 6.22980213165, 2.02208137512, 0.686338543892, 0.103206142783, 0.00269331247546, 0.000112828704005, 3.47913082805e-05]
    },
    "gfcc": {
        "mean": [58.2840995789, 72.4836578369, -124.643699646, 68.3114089966, -60.4719161987, 43.9346733093, -31.8953323364, 22.2598018646, -15.6919288635, -1.03539717197, -9.10989665985, -4.7405090332, -4.28109407425],
        "cov": [[817.456237793, -212.097839355, 46.3296203613, -105.693817139, 6.32002592087, 110.13910675, 36.6557579041, 117.638381958, -52.8581962585, 77.7698135376, -74.2713928223, 5.97943973541, -66.7319564819], [-212.097839355, 490.605010986, -163.628662109, -49.4741172791, 3.76712727547, -41.496711731, 77.978263855, -44.5541763306, 105.312866211, -83.8498001099, 108.897514343, -74.6268920898, 60.2975234985], [46.3296203613, -163.628662109, 381.612487793, 159.130554199, 80.6542358398, -20.1808624268, -62.0505485535, 52.7574882507, -17.1350040436, 89.8491134644, -34.972454071, 95.1352005005, -35.4682655334], [-105.693817139, -49.4741172791, 159.130554199, 239.345184326, 66.6996612549, -39.0149002075, -46.3615074158, -20.4733467102, 18.1721057892, 9.78828716278, 16.6999320984, 42.5795135498, 24.0901260376], [6.32002592087, 3.76712727547, 80.6542358398, 66.6996612549, 144.891769409, 54.0877075195, 35.9331359863, 38.3136940002, 9.36652946472, 22.0281333923, 3.80724740028, 28.9914283752, -1.72187530994], [110.13910675, -41.496711731, -20.1808624268, -39.0149002075, 54.0877075195, 150.495040894, 94.1803588867, 44.5785560608, -7.09922981262, -3.17731523514, -5.18292284012, -17.2418346405, -7.03889989853], [36.6557579041, 77.978263855, -62.0505485535, -46.3615074158, 35.9331359863, 94.1803588867, 145.285263062, 54.4454078674, 28.8860626221, -15.7787027359, 20.7221260071, -26.0498390198, 6.84673976898], [117.638381958, -44.5541763306, 52.7574882507, -20.4733467102, 38.3136940002, 44.5785560608, 54.4454078674, 111.210075378, 32.5316009521, 39.7209472656, -9.92519855499, 13.4942817688, -10.2547388077], [-52.8581962585, 105.312866211, -17.1350040436, 18.1721057892, 9.36652946472, -7.09922981262, 28.8860626221, 32.5316009521, 99.2000427246, 12.6298351288, 43.3878479004, -19.6327457428, 22.1987495422], [77.7698135376, -83.8498001099, 89.8491134644, 9.78828716278, 22.0281333923, -3.17731523514, -15.7787027359, 39.7209472656, 12.6298351288, 90.1911849976, 6.33890151978, 42.9124794006, -18.7660884857], [-74.2713928223, 108.897514343, -34.972454071, 16.6999320984, 3.80724740028, -5.18292284012, 20.7221260071, -9.92519855499, 43.3878479004, 6.33890151978, 89.1041030884, 9.73080730438, 36.0235671997], [5.97943973541, -74.6268920898, 95.1352005005, 42.5795135498, 28.9914283752, -17.2418346405, -26.0498390198, 13.4942817688, -19.6327457428, 42.9124794006, 9.73080730438, 86.9676361084, 15.2940788269], [-66.7319564819, 60.2975234985, -35.4682655334, 24.0901260376, -1.72187530994, -7.03889989853, 6.84673976898, -10.2547388077, 22.1987495422, -18.7660884857, 36.0235671997, 15.2940788269, 74.7352752686]],
        "icov": [[0.00198869756423, -0.000506333133671, 0.000506638141815, -0.000360578414984, 0.000957630341873, -0.00169678928796, 0.000964387902059, -0.00246977619827, 0.00193921721075, -0.0021503509488, 0.000936768541578, 0.000404291320592, 0.000325695611537], [-0.000506333133671, 0.00997773185372, -0.00336272665299, 0.00686781853437, -0.00680442713201, 0.00890585035086, -0.00620298972353, 0.0064855478704, -0.00729521969333, 0.00879865698516, -0.00885210279375, 0.00555308489129, -0.00266504380852], [0.000506638141815, -0.00336272665299, 0.00874004233629, -0.00692315632477, 0.00220466614701, -0.00379987433553, 0.00385669595562, -0.00555031839758, 0.00302753946744, -0.00590656464919, 0.00524474261329, -0.0063457461074, 0.00451113004237], [-0.000360578414984, 0.00686781853437, -0.00692315632477, 0.0141280321404, -0.00842181313783, 0.00741678988561, -0.00339775090106, 0.00823563244194, -0.00795713905245, 0.0089026382193, -0.0068683908321, 0.00395484082401, -0.00465651554987], [0.000957630341873, -0.00680442713201, 0.00220466614701, -0.00842181313783, 0.0167199317366, -0.010857142508, 0.00300639751367, -0.00634694285691, 0.00412905123085, -0.00626053893939, 0.00646358309314, -0.00742672756314, 0.00392810394987], [-0.00169678928796, 0.00890585035086, -0.00379987433553, 0.00741678988561, -0.010857142508, 0.0234612822533, -0.0140338558704, 0.00553305400535, -0.00163560628425, 0.0065348688513, -0.00827349722385, 0.0096604609862, -0.00475235562772], [0.000964387902059, -0.00620298972353, 0.00385669595562, -0.00339775090106, 0.00300639751367, -0.0140338558704, 0.02199966833, -0.0121926851571, 0.00325916730799, -0.000640129030216, 0.000681046862155, -0.00279340916313, 0.00296492711641], [-0.00246977619827, 0.0064855478704, -0.00555031839758, 0.00823563244194, -0.00634694285691, 0.00553305400535, -0.0121926851571, 0.0283583775163, -0.0163137819618, 0.0023736229632, 0.00182479631621, -0.00169517798349, -0.00243455986492], [0.00193921721075, -0.00729521969333, 0.00302753946744, -0.00795713905245, 0.00412905123085, -0.00163560628425, 0.00325916730799, -0.0163137819618, 0.03126148507, -0.0144570982084, -0.00317454058677, 0.0113679934293, -0.00468886550516], [-0.0021503509488, 0.00879865698516, -0.00590656464919, 0.0089026382193, -0.00626053893939, 0.0065348688513, -0.000640129030216, 0.0023736229632, -0.0144570982084, 0.034537371248, -0.0128427464515, -0.00744922459126, 0.00684520043433], [0.000936768541578, -0.00885210279375, 0.00524474261329, -0.0068683908321, 0.00646358309314, -0.00827349722385, 0.000681046862155, 0.00182479631621, -0.00317454058677, -0.0128427464515, 0.0300415754318, -0.0112597914413, -0.0022189815063], [0.000404291320592, 0.00555308489129, -0.0063457461074, 0.00395484082401, -0.00742672756314, 0.0096604609862, -0.00279340916313, -0.00169517798349, 0.0113679934293, -0.00744922459126, -0.0112597914413, 0.0351374447346, -0.0146540580317], [0.000325695611537, -0.00266504380852, 0.00451113004237, -0.00465651554987, 0.00392810394987, -0.00475235562772, 0.00296492711641, -0.00243455986492, -0.00468886550516, 0.00684520043433, -0.0022189815063, -0.0146540580317, 0.0256807096303]]
    },
    "melbands": {
        "max": [0.0373578369617, 0.0438355915248, 0.0116507736966, 0.00489702215418, 0.00435733096674, 0.00555769354105, 0.00385314063169, 0.00463884230703, 0.00483603868634, 0.0105931693688, 0.00978844799101, 0.00394643656909, 0.00239203241654, 0.00187492149416, 0.00196596933529, 0.0031643230468, 0.000886260007974, 0.000814934726804, 0.00083520548651, 0.00075513520278, 0.000298210477922, 0.000167978942045, 0.000247285643127, 0.000202880284633, 0.000166158977663, 0.000169660386746, 0.000127674953546, 0.000105840183096, 0.000158207200002, 9.50956673478e-05, 9.46398067754e-05, 8.52742523421e-05, 8.44444439281e-05, 0.000107327687147, 5.35637191206e-05, 8.32106088637e-05, 0.00013258997933, 0.000189833473996, 0.000161847725394, 6.43230450805e-05],
        "mean": [0.00678840139881, 0.00691655045375, 0.000999055802822, 0.000327708839905, 0.000260732573224, 0.000169675593497, 0.000118596799439, 0.000158869632287, 0.000152340740897, 0.000440318195615, 0.000290763011435, 0.000162127485964, 0.000113598020107, 9.13924814085e-05, 6.15534081589e-05, 0.000118776391901, 6.92993053235e-05, 5.82137254241e-05, 5.98265360168e-05, 4.47913116659e-05, 3.52756651409e-05, 3.27755806211e-05, 3.74832634407e-05, 3.81836725865e-05, 2.69868451142e-05, 2.15191612369e-05, 2.02629835258e-05, 1.60191466421e-05, 1.55794077727e-05, 1.35654854603e-05, 1.13608657557e-05, 1.14615731945e-05, 1.03714710349e-05, 9.32529383135e-06, 9.43322811509e-06, 8.49296975503e-06, 7.92188529886e-06, 6.25897746431e-06, 4.22522452936e-06, 2.59425860349e-06],
        "min": [1.20783818147e-06, 7.17112880011e-06, 1.2951672943e-05, 7.29351768314e-06, 2.45007845479e-06, 1.44869898122e-06, 9.60978582043e-07, 5.41931285625e-07, 1.31866670472e-06, 5.67257870898e-07, 5.51798677861e-07, 5.58873409773e-07, 2.51336075507e-07, 3.68211942714e-07, 3.94741732634e-07, 5.74513592255e-07, 3.64101168771e-07, 5.67325514567e-07, 4.66620605266e-07, 1.9859494671e-07, 3.52964008243e-07, 2.64917531467e-07, 2.8899495419e-07, 4.51610048913e-07, 1.73031807549e-07, 6.446612133e-08, 9.3766878706e-08, 1.45669957874e-07, 2.59291795146e-07, 1.36112902283e-07, 1.53122030611e-07, 1.87160978271e-07, 1.29067345256e-07, 1.26479989149e-07, 1.70879133066e-07, 9.77303145078e-08, 5.71192835253e-08, 7.23340960462e-08, 1.99274960977e-08, 8.32344593249e-09],
        "stdev": [0.0063623781316, 0.00593310501426, 0.0013996764319, 0.000412304361816, 0.000428933504736, 0.000334641663358, 0.000276135251625, 0.000377293647034, 0.000350939691998, 0.00113138288725, 0.000730969884899, 0.000302373955492, 0.000184089818504, 0.000150270701852, 9.83807476587e-05, 0.000250020442763, 9.94831934804e-05, 8.11128120404e-05, 6.91355235176e-05, 4.86561766593e-05, 2.65264261543e-05, 2.2261579943e-05, 2.73434634437e-05, 2.54295428022e-05, 1.98170291696e-05, 1.58975835802e-05, 1.50997911987e-05, 1.32447039505e-05, 1.44184541568e-05, 1.15356242532e-05, 1.01564392025e-05, 9.97991082841e-06, 8.96483106771e-06, 7.09074856786e-06, 6.75477349432e-06, 7.283242212e-06, 8.75722344063e-06, 9.98931682261e-06, 8.0640975284e-06, 4.52488211522e-06]
    },
    "melbands128": {
        "max": [0.00323426583782, 0.0356285721064, 0.0647357851267, 0.0653421059251, 0.0642415359616, 0.0364950411022, 0.0194334462285, 0.00952922087163, 0.00405620411038, 0.00606880430132, 0.00913818925619, 0.00860778614879, 0.00632063532248, 0.00345694809221, 0.00842320360243, 0.00713912304491, 0.00554944621399, 0.00310630514286, 0.0122837098315, 0.00820881966501, 0.00444289809093, 0.0076622152701, 0.00742583442479, 0.00559842586517, 0.00594322010875, 0.0243537463248, 0.00899371970445, 0.0190950259566, 0.0131865721196, 0.00712061673403, 0.00524053862318, 0.00711546931416, 0.00212424341589, 0.0029739625752, 0.0038462174125, 0.00110359536484, 0.00269117229618, 0.00333871715702, 0.00132345117163, 0.00229000672698, 0.00640955334529, 0.00248142401688, 0.00134531897493, 0.00120799534488, 0.00256136059761, 0.00105481955688, 0.00167467363644, 0.000896949029993, 0.00170045555569, 0.001055314322, 0.00079644843936, 0.000841396045871, 0.000482320552692, 0.000439590716269, 0.000276182981906, 0.000231474070461, 0.000320115708746, 0.000512405647896, 0.000358433986548, 0.000526883872226, 0.000275136320852, 0.00020231390954, 0.00039907291648, 0.000188208912732, 0.000105077131593, 0.000284850044409, 0.00019676417287, 0.000167552308994, 0.000206790675293, 0.000199869449716, 0.00015557113511, 0.000149988904013, 0.000207272663829, 0.000231213256484, 0.000114566479169, 0.000206905402592, 0.000101269186416, 0.000156913694809, 0.000111324283353, 0.000139733019751, 9.03869149624e-05, 9.60101533565e-05, 0.00012378046813, 9.4096911198e-05, 0.000105540260847, 0.000121211516671, 0.00012197252363, 5.22521186213e-05, 8.17403924884e-05, 7.82140778028e-05, 7.9784920672e-05, 0.000111420042231, 0.000121417164337, 0.000129831358208, 0.000257798674284, 0.000171871623024, 0.000228853547014, 0.000219332752749, 0.000173540087417, 0.000138582283398, 9.29657253437e-05, 6.89339940436e-05, 4.10716165788e-05, 4.43421122327e-05, 3.27050038322e-05, 2.30717760132e-05, 2.77748513327e-05, 2.2295220333e-05, 2.98995091725e-05, 1.63057557074e-05, 1.55310935952e-05, 1.22502506201e-05, 4.22415905632e-06, 2.57748013155e-07, 2.64829395746e-07, 1.69058182564e-07, 4.04292919143e-08, 6.98665925114e-09, 6.85653400723e-09, 6.71179600786e-09, 6.59970211814e-09, 6.50014619907e-09, 6.39410169256e-09, 6.31447027999e-09, 6.23219653662e-09, 6.15417272698e-09, 6.11193451405e-09, 6.08643047073e-09],
        "mean": [0.000240277746343, 0.00353850238025, 0.0102113485336, 0.0118107618764, 0.00747210299596, 0.00306590599939, 0.00116613891441, 0.000599247694481, 0.000355764583219, 0.000290979660349, 0.000338953715982, 0.000287152128294, 0.00025200136588, 0.000207039556699, 0.00020520533144, 0.000133166948217, 7.32605476514e-05, 9.72230263869e-05, 0.000205035452382, 0.000159662406077, 0.000138588511618, 0.000151446220116, 0.000171820254764, 0.000117198040243, 0.000267571856966, 0.000810221477877, 0.000345946493326, 0.000241931833443, 0.000197447632672, 0.000142785385833, 0.000170772123965, 0.000155363712111, 8.26938849059e-05, 0.000116922412417, 9.50293033384e-05, 7.69038524595e-05, 0.000102278361737, 4.9986414524e-05, 4.49745748483e-05, 7.61099217925e-05, 0.000194642198039, 8.63158566062e-05, 5.65970731259e-05, 6.84043989168e-05, 5.17503394803e-05, 5.20580615557e-05, 7.27540973458e-05, 6.43250750727e-05, 5.47617237316e-05, 4.06925828429e-05, 4.77380599477e-05, 4.56941343145e-05, 3.12803203997e-05, 3.32537238137e-05, 3.69515946659e-05, 3.06383917632e-05, 3.05159410345e-05, 3.58792822226e-05, 3.78484437533e-05, 4.69878759759e-05, 3.71691894543e-05, 3.3077198168e-05, 3.39823491231e-05, 2.42928235821e-05, 1.69820850715e-05, 2.1684627427e-05, 2.4655046218e-05, 2.12323793676e-05, 2.03400613827e-05, 1.67814050656e-05, 1.43466568261e-05, 1.736651393e-05, 1.63031945704e-05, 1.48106746565e-05, 1.44729910971e-05, 1.6516118194e-05, 1.09610500658e-05, 1.12533816718e-05, 1.16439368867e-05, 1.13623291327e-05, 1.12442130558e-05, 1.23452409753e-05, 9.95995924313e-06, 1.03933371065e-05, 1.05714898382e-05, 9.25820859266e-06, 9.1313613666e-06, 8.70605890668e-06, 1.00783081507e-05, 9.31493013923e-06, 8.74885336088e-06, 8.29649980005e-06, 8.03673265182e-06, 7.9959663708e-06, 7.95513551566e-06, 7.08514471626e-06, 6.04432671025e-06, 4.74792614114e-06, 4.52952690466e-06, 3.95269171349e-06, 2.74564968095e-06, 2.622496595e-06, 1.99217652153e-06, 1.58042814746e-06, 1.25048075006e-06, 9.01656051155e-07, 7.36804565804e-07, 5.37132166301e-07, 4.57983730939e-07, 3.22794591057e-07, 3.01285439264e-07, 1.78403723794e-07, 5.59511903475e-08, 5.10275333099e-09, 3.74959485683e-09, 3.25989879535e-09, 6.38532393626e-10, 1.39423646239e-11, 1.33072216441e-11, 1.29615268171e-11, 1.26739573697e-11, 1.24469479862e-11, 1.2196762697e-11, 1.20048164118e-11, 1.17511746861e-11, 1.14438033702e-11, 1.12659768667e-11, 1.11970554356e-11],
        "min": [1.27616903711e-08, 7.68304531107e-08, 1.81063307991e-06, 9.12362224881e-07, 3.15671013595e-06, 5.52011306354e-06, 3.83073984267e-06, 2.04284015126e-06, 3.02409421238e-06, 2.774801942e-06, 4.33764256513e-07, 4.36467530562e-07, 3.87172264027e-07, 4.49488823051e-07, 5.18189096965e-07, 6.57502596368e-07, 2.56964284517e-07, 7.51409245936e-08, 3.41119843483e-08, 6.91346286885e-08, 9.52171959057e-08, 2.35091647482e-07, 3.27164457303e-07, 3.4924994452e-07, 3.36071792617e-07, 3.52684651261e-07, 3.66349468095e-07, 1.40193577636e-07, 1.38869765465e-07, 1.91180504316e-07, 4.18202915853e-07, 1.30292377776e-07, 2.65018627488e-07, 3.00781636042e-07, 3.82275366917e-08, 3.08415394557e-07, 1.01820390341e-07, 1.72631104078e-07, 2.26984383289e-07, 1.64011055404e-07, 3.10765074119e-07, 4.76745782407e-07, 2.3161834406e-07, 1.76109097083e-07, 1.77325745199e-07, 1.88967433701e-07, 4.01714231657e-07, 4.16176362705e-07, 4.29928746826e-07, 3.16078484275e-07, 8.17292402644e-08, 1.75054665874e-07, 2.7891104537e-07, 4.10797014183e-07, 2.56733585502e-07, 1.77737248919e-07, 1.53994875518e-07, 2.11964447772e-07, 3.1103527931e-07, 3.68087000879e-07, 4.83460439682e-07, 3.02391015339e-07, 2.59506720113e-07, 1.31243197643e-07, 4.33193925176e-08, 5.17168423642e-08, 9.31790751224e-08, 6.18355571191e-08, 1.1447482251e-07, 7.42450652069e-08, 1.1769310504e-07, 1.48729242255e-07, 2.94757597885e-07, 2.06027664262e-07, 2.34459349713e-07, 1.52683711008e-07, 6.6906430618e-08, 1.47429616959e-07, 1.84256919056e-07, 9.66410453884e-08, 2.76745566907e-07, 1.25658246475e-07, 2.17997097707e-07, 6.11299171283e-08, 1.33479346687e-07, 1.26394823496e-07, 1.03152636655e-07, 1.80166050967e-08, 1.73876856024e-07, 1.05492738101e-07, 6.60236381123e-08, 5.89825219777e-08, 8.98645637903e-08, 4.2724156657e-08, 4.40512053501e-08, 2.16587121571e-08, 3.52408200399e-08, 1.7704524069e-08, 1.09286635297e-09, 3.74805519954e-09, 5.87934634311e-09, 9.53086942701e-10, 1.36698929953e-09, 7.15274627722e-12, 3.03920300385e-12, 1.2890394481e-11, 2.22917587167e-11, 2.48017730485e-12, 5.24874685815e-13, 3.9855247466e-13, 4.16859987284e-13, 4.0086318054e-13, 2.97793744958e-13, 3.12622296756e-13, 2.22935588718e-13, 1.75886770968e-13, 2.23135298758e-13, 2.01938834578e-13, 2.11688780112e-13, 2.07430698052e-13, 2.21962056482e-13, 2.45429761583e-13, 2.0428419427e-13, 2.31006972449e-13, 1.3130435053e-13, 5.80301526775e-14, 6.36619587003e-15, 2.92285950277e-16],
        "stdev": [0.000431324529927, 0.00527101941407, 0.0110896993428, 0.0101940734312, 0.00843373686075, 0.00442606350407, 0.00218252325431, 0.000991977169178, 0.000454292370705, 0.000441720883828, 0.000723303121049, 0.000589041621424, 0.000550088763703, 0.000374598108465, 0.000511698948685, 0.000376458920073, 0.000200824331841, 0.000216309141251, 0.000791398051661, 0.000532323960215, 0.00036149341031, 0.000442687480245, 0.000523268245161, 0.000331671704771, 0.000590515730437, 0.00253046769649, 0.00094597088173, 0.00107517710421, 0.000709265819751, 0.000395647017285, 0.000385532010114, 0.000408623280236, 0.000173868655111, 0.000239997170866, 0.000262869638391, 0.000129150736029, 0.000212555329199, 0.000131886496092, 9.89813925116e-05, 0.000173235268448, 0.000511806691065, 0.000188511243323, 0.000119245596579, 0.000138276343932, 0.000124726590002, 9.41973194131e-05, 0.000137682363857, 9.1497633548e-05, 8.94439799595e-05, 7.24245619494e-05, 6.46398766548e-05, 5.51794109924e-05, 3.33068455802e-05, 3.59681653208e-05, 3.41633458447e-05, 2.85691821773e-05, 3.03466495097e-05, 3.63462349924e-05, 3.94853595935e-05, 4.76961176901e-05, 3.3675445593e-05, 2.74611411442e-05, 3.45127227774e-05, 2.30586920225e-05, 1.49321667777e-05, 2.12007798837e-05, 2.33031059906e-05, 2.0641457013e-05, 1.96470937226e-05, 1.84630207514e-05, 1.55422312673e-05, 1.72491945705e-05, 1.73311000253e-05, 1.96988457901e-05, 1.41485352287e-05, 1.94269450731e-05, 1.08703616206e-05, 1.2770739886e-05, 1.12568568511e-05, 1.29877680592e-05, 1.11659501272e-05, 1.22215315059e-05, 1.05474309748e-05, 1.06062398118e-05, 1.00059696706e-05, 8.26016093924e-06, 8.26997438708e-06, 6.95164180797e-06, 8.44249098009e-06, 7.77668083174e-06, 7.90257854533e-06, 8.65514903126e-06, 8.3667864601e-06, 8.82836957317e-06, 1.15915045171e-05, 1.05270391941e-05, 1.08657704914e-05, 1.03538441181e-05, 9.19606918615e-06, 7.50829758545e-06, 5.17152466273e-06, 4.67192876386e-06, 3.60456419912e-06, 3.00190322378e-06, 2.28051749218e-06, 1.86071906683e-06, 1.72487887085e-06, 1.37534470923e-06, 1.34023071041e-06, 1.00180466234e-06, 9.09480036171e-07, 6.06786102253e-07, 2.10818271285e-07, 1.55967629922e-08, 1.38752627166e-08, 1.03137267615e-08, 2.32578578618e-09, 1.87685172959e-10, 1.84156967453e-10, 1.80268258654e-10, 1.77268116852e-10, 1.74584194323e-10, 1.71740247024e-10, 1.69629615909e-10, 1.67438923837e-10, 1.65357658122e-10, 1.64228367017e-10, 1.63545510468e-10]
    },
    "mfcc": {
        "mean": [-569.344665527, 78.3266296387, 8.76862049103, 26.4840431213, 13.6414251328, 16.9438533783, 9.54781627655, 19.1492767334, 7.13451242447, 10.8610391617, 2.58042502403, 4.19945001602, -1.65298271179],
        "cov": [[760.773498535, -88.4827346802, -66.4982452393, -155.551589966, -56.5751457214, -7.34719991684, 70.6765975952, 23.3224067688, 34.716003418, 76.3051757812, 29.7583656311, -19.558347702, -42.3453941345], [-88.4827346802, 387.017730713, -106.248069763, -55.9592475891, -46.0296974182, -21.4587650299, 2.08456587791, 35.1714439392, -18.6856880188, 57.8811569214, 12.0483589172, 9.74303817749, -6.22711753845], [-66.4982452393, -106.248069763, 231.496231079, 128.423950195, 70.4390563965, -3.12802743912, -30.5306339264, -23.8888473511, 12.0426683426, -46.6914329529, 17.3068580627, 31.4529628754, 43.5878334045], [-155.551589966, -55.9592475891, 128.423950195, 246.679962158, 106.167503357, -1.00443613529, -55.8718414307, -26.9518127441, -0.255150467157, -57.3315238953, -5.47733020782, 32.9280090332, 53.8562202454], [-56.5751457214, -46.0296974182, 70.4390563965, 106.167503357, 134.92855835, 27.1113033295, -5.20600748062, -0.676714360714, 17.6806049347, -22.4239311218, 6.07144880295, 24.0698547363, 30.7950801849], [-7.34719991684, -21.4587650299, -3.12802743912, -1.00443613529, 27.1113033295, 87.4427490234, 53.3614730835, 22.7452659607, 6.95518255234, -2.81666088104, 5.27000522614, -1.08270251751, -4.29327726364], [70.6765975952, 2.08456587791, -30.5306339264, -55.8718414307, -5.20600748062, 53.3614730835, 118.765556335, 63.5047111511, 28.5206298828, 19.0178966522, 15.8562383652, 2.35904216766, -8.57567596436], [23.3224067688, 35.1714439392, -23.8888473511, -26.9518127441, -0.676714360714, 22.7452659607, 63.5047111511, 84.8564605713, 43.7154159546, 26.0098381042, 14.148973465, 6.22078323364, -4.09387969971], [34.716003418, -18.6856880188, 12.0426683426, -0.255150467157, 17.6806049347, 6.95518255234, 28.5206298828, 43.7154159546, 74.6011581421, 33.4354248047, 17.6220302582, 7.11513376236, 2.56202483177], [76.3051757812, 57.8811569214, -46.6914329529, -57.3315238953, -22.4239311218, -2.81666088104, 19.0178966522, 26.0098381042, 33.4354248047, 89.8139419556, 33.4318656921, 3.52917456627, -16.0315532684], [29.7583656311, 12.0483589172, 17.3068580627, -5.47733020782, 6.07144880295, 5.27000522614, 15.8562383652, 14.148973465, 17.6220302582, 33.4318656921, 65.1085891724, 34.9706993103, 8.58483791351], [-19.558347702, 9.74303817749, 31.4529628754, 32.9280090332, 24.0698547363, -1.08270251751, 2.35904216766, 6.22078323364, 7.11513376236, 3.52917456627, 34.9706993103, 64.4765014648, 34.2672233582], [-42.3453941345, -6.22711753845, 43.5878334045, 53.8562202454, 30.7950801849, -4.29327726364, -8.57567596436, -4.09387969971, 2.56202483177, -16.0315532684, 8.58483791351, 34.2672233582, 63.4587402344]],
        "icov": [[0.00180668756366, 0.000748126883991, 0.000106521561975, 0.000734263332561, -0.000144020028529, 0.000968802138232, -0.00117100239731, 0.00047692496446, 5.93543227296e-05, -0.00126518576872, -0.000315183337079, 0.000200748065254, 0.000202847091714], [0.000748126883991, 0.00408760085702, 0.00118138513062, 1.13911037261e-05, 0.000152319116751, 0.00106065697037, 0.00060744601069, -0.00308121438138, 0.00342051545158, -0.00325842807069, 0.000227504206123, -0.000716747657862, -0.000644653395284], [0.000106521561975, 0.00118138513062, 0.00785814784467, -0.00234366371296, -0.000652842049021, 0.000732873217203, 0.000192095889361, 0.00136945804115, -0.00231040245853, 0.00318570923992, -0.00387452403083, 0.000304358021822, -0.00148290244397], [0.000734263332561, 1.13911037261e-05, -0.00234366371296, 0.00963160488755, -0.00470460066572, -0.000404461170547, 0.00345742958598, -0.000863801513333, -0.000568439136259, 0.00213447888382, 0.000890618306585, -0.001135848579, -0.00235106283799], [-0.000144020028529, 0.000152319116751, -0.000652842049021, -0.00470460066572, 0.0135015221313, -0.0046050529927, 0.00055184942903, 0.000817811291199, -0.00338184437715, 0.000530470977537, 0.00037900643656, -0.00179150083568, -0.00118956225924], [0.000968802138232, 0.00106065697037, 0.000732873217203, -0.000404461170547, -0.0046050529927, 0.0192071869969, -0.0100537613034, 0.000577830476686, 0.00268749892712, -0.000112587302283, -0.00163381337188, 0.00196015369147, 0.00182885234244], [-0.00117100239731, 0.00060744601069, 0.000192095889361, 0.00345742958598, 0.00055184942903, -0.0100537613034, 0.0220759566873, -0.0131556093693, 0.000308899965603, 0.0021642469801, -0.00175264501013, -0.000629799091257, -0.00148990738671], [0.00047692496446, -0.00308121438138, 0.00136945804115, -0.000863801513333, 0.000817811291199, 0.000577830476686, -0.0131556093693, 0.0299381967634, -0.0147452568635, 0.00180565111805, 0.000314530538162, -0.00180565961637, 0.00158810382709], [5.93543227296e-05, 0.00342051545158, -0.00231040245853, -0.000568439136259, -0.00338184437715, 0.00268749892712, 0.000308899965603, -0.0147452568635, 0.028645677492, -0.0116819310933, 0.000723088451196, 0.00164648611099, -0.00173655711114], [-0.00126518576872, -0.00325842807069, 0.00318570923992, 0.00213447888382, 0.000530470977537, -0.000112587302283, 0.0021642469801, 0.00180565111805, -0.0116819310933, 0.0255784671754, -0.0118272835389, 0.00203028670512, 0.00241746357642], [-0.000315183337079, 0.000227504206123, -0.00387452403083, 0.000890618306585, 0.00037900643656, -0.00163381337188, -0.00175264501013, 0.000314530538162, 0.000723088451196, -0.0118272835389, 0.031676273793, -0.01711483486, 0.00314595550299], [0.000200748065254, -0.000716747657862, 0.000304358021822, -0.001135848579, -0.00179150083568, 0.00196015369147, -0.000629799091257, -0.00180565961637, 0.00164648611099, 0.00203028670512, -0.01711483486, 0.0331986248493, -0.0135462945327], [0.000202847091714, -0.000644653395284, -0.00148290244397, -0.00235106283799, -0.00118956225924, 0.00182885234244, -0.00148990738671, 0.00158810382709, -0.00173655711114, 0.00241746357642, 0.00314595550299, -0.0135462945327, 0.0270164720714]]
    },
    "spectral_contrast_coeffs": {
        "max": [-0.456933766603, -0.458024799824, -0.508774876595, -0.59692299366, -0.695721745491, -0.646617531776],
        "mean": [-0.723254203796, -0.776171147823, -0.763320922852, -0.78450512886, -0.788166821003, -0.754462838173],
        "min": [-0.90540355444, -0.936912536621, -0.94747287035, -0.891712188721, -0.869594395161, -0.851024270058],
        "stdev": [0.0645464658737, 0.0664581283927, 0.0731542333961, 0.0446120239794, 0.0255968160927, 0.0260575208813]
    },
    "spectral_contrast_valleys": {
        "max": [-5.16265487671, -5.21464538574, -5.54869556427, -5.91002416611, -5.57556962967, -7.36255836487],
        "mean": [-6.27766656876, -6.67623901367, -6.92459535599, -6.98564624786, -6.6389374733, -8.93744659424],
        "min": [-8.29879379272, -8.96843528748, -8.81017494202, -9.47686290741, -8.73949813843, -11.2061882019],
        "stdev": [0.464806944132, 0.45196595788, 0.469621092081, 0.355224579573, 0.324318677187, 0.521757423878]
    }
},
"rhythm": {
    "beats_count": 77,
    "beats_loudness": {
        "max": 0.141547396779,
        "mean": 0.0805987119675,
        "min": 0.00239322101697,
        "stdev": 0.0252616424114
    },
    "bpm": 143.843795776,
    "bpm_histogram_first_peak_bpm": 144,
    "bpm_histogram_first_peak_weight": 0.175675690174,
    "bpm_histogram_second_peak_bpm": 136,
    "bpm_histogram_second_peak_spread": 0,
    "bpm_histogram_second_peak_weight": 0.0131578948349,
    "danceability": 1.31039273739,
    "onset_rate": 3.99902319908,
    "beats_loudness_band_ratio": {
        "max": [0.961567223072, 0.338344842196, 0.378825992346, 0.493582904339, 0.249378740788, 0.447398155928],
        "mean": [0.730244994164, 0.0347473099828, 0.0616550818086, 0.0673258304596, 0.0497305653989, 0.0662114620209],
        "min": [0.111746013165, 0.00148584286217, 0.00163686706219, 0.00621506152675, 0.0106628360227, 0.00968798808753],
        "stdev": [0.19986641407, 0.0583800971508, 0.0739199444652, 0.0784380510449, 0.0459126643836, 0.0634881556034]
    },
    "beats_position": [0.429569154978, 0.870748281479, 1.30031740665, 1.71827661991, 2.13623571396, 2.55419492722, 2.97215414047, 3.39011335373, 3.80807256699, 4.22603178024, 4.6439909935, 5.05034017563, 5.45668935776, 5.86303853989, 6.26938772202, 6.68734693527, 7.11691617966, 7.53487491608, 7.96444416046, 8.38240337372, 8.80036258698, 9.21832180023, 9.63628101349, 10.0542402267, 10.47219944, 10.8901586533, 11.3081178665, 11.7260770798, 12.144036293, 12.5619955063, 12.9799547195, 13.3979139328, 13.8042631149, 14.2222223282, 14.6401815414, 15.0581407547, 15.4644899368, 15.8824491501, 16.3004074097, 16.7183666229, 17.1363258362, 17.5542850494, 17.9722442627, 18.390203476, 18.8081626892, 19.2261219025, 19.6440811157, 20.062040329, 20.4799995422, 20.8979587555, 21.3159179688, 21.733877182, 22.1402263641, 22.5581855774, 22.9761447906, 23.405714035, 23.800453186, 24.2184123993, 24.6363716125, 25.0543308258, 25.4722900391, 25.8902492523, 26.3082084656, 26.7261676788, 27.1441268921, 27.5620861053, 27.9800453186, 28.3863945007, 28.7927436829, 29.2107028961, 29.6286621094, 30.0466213226, 30.4645805359, 30.8825397491, 31.3004989624, 31.7184581757, 32.1364173889],
