{
"metadata": {
    "version": {
        "essentia": "2.1-beta5",
        "essentia_git_sha": "Undefined",
        "extractor": "music 2.0"
    },
    "audio_properties": {
        "analysis": {
            "equal_loudness": 0,
            "length": 48.7502937317,
            "sample_rate": 44100,
            "start_time": 77.7520217896,
            "downmix": "mix"
        },
        "bit_rate": 192000,
        "length": 212.764465332,
        "lossless": 0,
        "number_channels": 2,
        "replay_gain": -5.0049571991,
        "sample_rate": 48000,
        "codec": "mp3",
        "md5_encoded": "9f7a33c660cfd54c495e3d04f0d03aaa"
    },
    "tags": {
        "file_name": "Malta_This Is The Night_Kurt Calleja.mp3",
        "encoding": ["Lavf58.29.100"]
    }
},
"lowlevel": {
    "average_loudness": 0.97552472353,
    "barkbands_crest": {
        "max": 25.2869873047,
        "mean": 11.4402084351,
        "min": 2.05083155632,
        "stdev": 5.28562259674
    },
    "barkbands_flatness_db": {
        "max": 0.308487564325,
        "mean": 0.122447036207,
        "min": 0.0346461609006,
        "stdev": 0.046541146934
    },
    "barkbands_kurtosis": {
        "max": 98.8751831055,
        "mean": 2.76159310341,
        "min": -1.95543396473,
        "stdev": 8.61546897888
    },
    "barkbands_skewness": {
        "max": 9.24012565613,
        "mean": 1.25914418697,
        "min": -1.99049651623,
        "stdev": 1.39393460751
    },
    "barkbands_spread": {
        "max": 108.249031067,
        "mean": 38.4793510437,
        "min": 2.44054460526,
        "stdev": 18.729473114
    },
    "dissonance": {
        "max": 0.499987065792,
        "mean": 0.475731492043,
        "min": 0.345343112946,
        "stdev": 0.0201139431447
    },
    "dynamic_complexity": 2.15959000587,
    "erbbands_crest": {
        "max": 28.1790390015,
        "mean": 8.44110584259,
        "min": 2.30053496361,
        "stdev": 4.86591339111
    },
    "erbbands_flatness_db": {
        "max": 0.294490754604,
        "mean": 0.134794354439,
        "min": 0.0571973212063,
        "stdev": 0.0431942418218
    },
    "erbbands_kurtosis": {
        "max": 19.6682167053,
        "mean": 0.599564552307,
        "min": -1.74795436859,
        "stdev": 2.19612693787
    },
    "erbbands_skewness": {
        "max": 3.55402588844,
        "mean": -0.131487235427,
        "min": -4.20781850815,
        "stdev": 0.881353914738
    },
    "erbbands_spread": {
        "max": 142.626556396,
        "mean": 45.149394989,
        "min": 7.84473514557,
        "stdev": 20.4280796051
    },
    "hfc": {
        "max": 229.871826172,
        "mean": 38.3555030823,
        "min": 0.49549227953,
        "stdev": 24.250667572
    },
    "loudness_ebu128": {
        "integrated": -17.4843597412,
        "loudness_range": 1.81798934937,
        "momentary": {
            "max": -15.4200143814,
            "mean": -17.6614513397,
            "min": -22.407749176,
            "stdev": 1.30417811871
        },
        "short_term": {
            "max": -16.4474697113,
            "mean": -17.5198383331,
            "min": -18.9684238434,
            "stdev": 0.656965076923
        }
    },
    "melbands_crest": {
        "max": 34.4194526672,
        "mean": 17.226316452,
        "min": 4.2340555191,
        "stdev": 6.87865591049
    },
    "melbands_flatness_db": {
        "max": 0.379730641842,
        "mean": 0.159454971552,
        "min": 0.026422502473,
        "stdev": 0.0616534687579
    },
    "melbands_kurtosis": {
        "max": 425.608612061,
        "mean": 17.0280418396,
        "min": -1.79735946655,
        "stdev": 32.7942810059
    },
    "melbands_skewness": {
        "max": 17.9321346283,
        "mean": 2.96313858032,
        "min": -0.951895654202,
        "stdev": 2.32943749428
    },
    "melbands_spread": {
        "max": 194.664138794,
        "mean": 37.3547325134,
        "min": 1.41875219345,
        "stdev": 23.1003341675
    },
    "pitch_salience": {
        "max": 0.849291145802,
        "mean": 0.488919824362,
        "min": 0.0877884402871,
        "stdev": 0.135673359036
    },
    "silence_rate_20dB": {
        "max": 1,
        "mean": 1,
        "min": 1,
        "stdev": 0
    },
    "silence_rate_30dB": {
        "max": 1,
        "mean": 0.99714422226,
        "min": 0,
        "stdev": 0.0533627718687
    },
    "silence_rate_60dB": {
        "max": 1,
        "mean": 0.00618752976879,
        "min": 0,
        "stdev": 0.0784163400531
    },
    "spectral_centroid": {
        "max": 4843.84814453,
        "mean": 2057.79882812,
        "min": 430.130615234,
        "stdev": 576.440124512
    },
    "spectral_complexity": {
        "max": 55,
        "mean": 25.282245636,
        "min": 1,
        "stdev": 9.53435230255
    },
    "spectral_decrease": {
        "max": -2.64524485649e-10,
        "mean": -8.91234375189e-09,
        "min": -4.03775857194e-08,
        "stdev": 5.52750112348e-09
    },
    "spectral_energy": {
        "max": 0.154802963138,
        "mean": 0.0371161289513,
        "min": 0.00112319318578,
        "stdev": 0.0213906709105
    },
    "spectral_energyband_high": {
        "max": 0.0260436572134,
        "mean": 0.00240747793578,
        "min": 2.89047238766e-05,
        "stdev": 0.00260102911852
    },
    "spectral_energyband_low": {
        "max": 0.150821954012,
        "mean": 0.0185070987791,
        "min": 3.53473587893e-05,
        "stdev": 0.0191515889019
    },
    "spectral_energyband_middle_high": {
        "max": 0.0524723492563,
        "mean": 0.008600265719,
        "min": 5.32134363311e-05,
        "stdev": 0.00789002329111
    },
    "spectral_energyband_middle_low": {
        "max": 0.0715480223298,
        "mean": 0.00804543681443,
        "min": 0.000231255879044,
        "stdev": 0.00792442262173
    },
    "spectral_entropy": {
        "max": 8.74919700623,
        "mean": 8.00277805328,
        "min": 6.69086885452,
        "stdev": 0.344851225615
    },
    "spectral_flux": {
        "max": 0.303244978189,
        "mean": 0.107515834272,
        "min": 0.0227742269635,
        "stdev": 0.0397385656834
    },
    "spectral_kurtosis": {
        "max": 14.9094963074,
        "mean": 1.96362733841,
        "min": -0.964282512665,
        "stdev": 1.39807415009
    },
    "spectral_rms": {
        "max": 0.0122893154621,
        "mean": 0.00576583342627,
        "min": 0.0010468037799,
        "stdev": 0.00172221777029
    },
    "spectral_rolloff": {
        "max": 11240.3320312,
        "mean": 2411.02783203,
        "min": 64.599609375,
        "stdev": 2065.10351562
    },
    "spectral_skewness": {
        "max": 2.35869383812,
        "mean": 1.12164902687,
        "min": -0.221835464239,
        "stdev": 0.267108857632
    },
    "spectral_spread": {
        "max": 12263236,
        "mean": 5697942,
        "min": 2132840.25,
        "stdev": 1476464
    },
    "spectral_strongpeak": {
        "max": 10.7745761871,
        "mean": 1.03778648376,
        "min": 0,
        "stdev": 1.67791700363
    },
    "zerocrossingrate": {
        "max": 0.2978515625,
        "mean": 0.0883189439774,
        "min": 0.00634765625,
        "stdev": 0.0430254079401
    },
    "barkbands": {
        "max": [0.0086051300168, 0.124188229442, 0.0631393417716, 0.00948456302285, 0.038583189249, 0.0288914963603, 0.0227266438305, 0.0366898402572, 0.0665173456073, 0.0380984023213, 0.0333676114678, 0.0118400892243, 0.0236050486565, 0.0111672384664, 0.0153409419581, 0.0152840744704, 0.0124865183607, 0.00855870265514, 0.00629586866125, 0.00381584069692, 0.00338217127137, 0.00397123815492, 0.0119069889188, 0.0106004783884, 0.00389504944906, 0.00199799612164, 2.16216176341e-06],
        "mean": [0.000942067359574, 0.0151163376868, 0.00223125959747, 0.000542089634109, 0.00191472494043, 0.000941105070524, 0.000757211004384, 0.0014238182921, 0.00203157472424, 0.0014397125924, 0.000878952909261, 0.000487924873596, 0.000753495609388, 0.000636389770079, 0.00106949848123, 0.00105371687096, 0.00105621712282, 0.000590330455452, 0.00059231632622, 0.000441449461505, 0.000361078651622, 0.000401546421926, 0.000508707831614, 0.000519080087543, 0.000329300353769, 9.62537669693e-05, 2.11750990076e-08],
        "min": [1.54461218926e-07, 1.24969428725e-05, 5.2121168892e-07, 6.27144061127e-07, 3.88960615965e-05, 5.60896660318e-06, 1.25963561004e-06, 1.96434780264e-06, 8.27593623853e-07, 4.19199204771e-06, 1.14388990369e-06, 2.93931066153e-06, 2.40286408371e-06, 1.75129230229e-06, 3.92269794247e-06, 2.43470913119e-06, 3.24546249431e-07, 2.37678000303e-06, 3.7306217564e-06, 4.0440736484e-06, 5.11579628437e-06, 6.55682470097e-06, 3.79297057407e-06, 6.73646013638e-07, 4.64129783495e-08, 5.1737079898e-11, 5.58021927277e-11],
        "stdev": [0.00112352939323, 0.017662640661, 0.00342307169922, 0.000880617357325, 0.00268868589774, 0.00162299897056, 0.00153031095397, 0.00310814287513, 0.0055613652803, 0.00386269856244, 0.00236093811691, 0.00103992596269, 0.00205890228972, 0.00115097593516, 0.0018871674547, 0.00213477248326, 0.00171115074772, 0.00067791325273, 0.000605647510383, 0.000392050074879, 0.000326204026351, 0.000431263877545, 0.000782163057011, 0.00072985253064, 0.000450413906947, 0.000189769954886, 9.78269056873e-08]
    },
    "erbbands": {
        "max": [5.20016145706, 29.8331413269, 93.7889862061, 32.7098693848, 91.740447998, 148.101699829, 144.253509521, 350.145751953, 239.951156616, 543.429626465, 1051.91333008, 1785.31994629, 1306.7845459, 1558.1920166, 1130.56689453, 516.324829102, 1321.92492676, 579.326660156, 730.318054199, 962.690734863, 921.618469238, 778.838012695, 380.026397705, 244.822219849, 389.733886719, 168.180328369, 144.150650024, 158.711181641, 138.829345703, 190.104888916, 382.858673096, 283.379699707, 118.597419739, 53.1010055542, 30.2825546265, 14.0559043884, 3.58456730843, 0.0821104869246, 0.00248602847569, 0.000315579236485],
        "mean": [0.565166831017, 2.80998206139, 3.35796546936, 1.97064363956, 3.072286129, 7.32356119156, 8.79843997955, 7.66873502731, 9.21978187561, 21.6883163452, 33.1362800598, 49.9365348816, 36.4311981201, 46.9159431458, 34.4812049866, 23.5638847351, 34.9394569397, 32.7279129028, 49.612071991, 54.9085617065, 57.5869407654, 52.1741714478, 35.2406234741, 29.2372913361, 29.2580013275, 21.0630760193, 15.7392129898, 13.6885271072, 13.65234375, 15.0102825165, 14.5113477707, 11.8507490158, 7.89753007889, 4.31566572189, 2.02932929993, 0.720210909843, 0.121254593134, 0.0031016964931, 0.000144033212564, 6.06169815001e-05],
        "min": [0.000541122746654, 0.00216136546806, 0.00245944503695, 0.00842562224716, 0.0648930892348, 0.105965837836, 0.142557308078, 0.0988543331623, 0.0962078198791, 0.136672750115, 0.185375198722, 0.0912826657295, 0.101598218083, 0.164040863514, 0.165387928486, 0.338545948267, 0.185431659222, 0.146944731474, 0.244229510427, 0.142284110188, 0.204334408045, 0.0315684713423, 0.1626996696, 0.225642770529, 0.13411912322, 0.166945025325, 0.19864217937, 0.192563727498, 0.224883049726, 0.18505603075, 0.0896495655179, 0.0203781500459, 0.00989666581154, 0.0027678606566, 0.000127255130792, 1.65102101164e-05, 6.75984028931e-06, 8.84010432856e-07, 1.47612581713e-06, 1.6215855112e-06],
        "stdev": [0.726876974106, 3.41351056099, 4.76908349991, 2.85834908485, 4.74674272537, 11.5918045044, 13.4989948273, 15.3147439957, 16.4357204437, 43.97864151, 78.6981430054, 140.997909546, 74.5892333984, 147.66343689, 80.6521759033, 47.6257476807, 93.0631408691, 56.4250144958, 80.853263855, 89.4487915039, 111.113174438, 78.5280380249, 38.1144676208, 25.8914031982, 33.7714042664, 18.4802131653, 13.717338562, 12.8974819183, 14.5036058426, 18.8418426514, 23.4604034424, 18.7153587341, 10.2492017746, 5.74098539352, 2.99525904655, 1.31523025036, 0.265084266663, 0.00635327771306, 0.00021738493524, 3.36971024808e-05]
    },
    "gfcc": {
        "mean": [44.8920478821, 64.3251647949, -120.246482849, 56.0959281921, -64.4926147461, 33.5425872803, -40.2268066406, 24.3490810394, -16.8813323975, 6.41912937164, -9.52718639374, 1.65387427807, -3.57177710533],
        "cov": [[1671.25378418, -551.846679688, 110.713821411, -214.014785767, 13.7037992477, 224.258789062, 11.0739564896, 198.340515137, -136.047393799, 139.559967041, -243.20803833, -14.0102119446, -218.527420044], [-551.846679688, 721.469482422, -258.071838379, 92.7973022461, 66.9657211304, -127.664627075, 113.430923462, -51.0699653625, 192.655914307, -126.195075989, 165.834945679, -94.87550354, 114.64705658], [110.713821411, -258.071838379, 644.975219727, 107.863945007, 27.2122192383, 183.409088135, 36.3629760742, 52.4690093994, -117.839935303, 117.461296082, -71.3374938965, 71.5941696167, -93.9215621948], [-214.014785767, 92.7973022461, 107.863945007, 289.998077393, 92.2263031006, -26.5656967163, -30.3803424835, -41.7639427185, 86.0339279175, -16.1461429596, 70.4862213135, 2.28576612473, 65.5385818481], [13.7037992477, 66.9657211304, 27.2122192383, 92.2263031006, 211.394943237, 29.5773868561, 0.232192933559, 22.2535495758, 62.424911499, 32.1372451782, -12.5633077621, 13.2393264771, 17.5991134644], [224.258789062, -127.664627075, 183.409088135, -26.5656967163, 29.5773868561, 285.270507812, 166.025177002, 38.1051483154, -91.1221313477, 48.1240196228, -19.0186977386, 5.86470365524, -52.3553314209], [11.0739564896, 113.430923462, 36.3629760742, -30.3803424835, 0.232192933559, 166.025177002, 293.020690918, 69.4525680542, -29.8002758026, -9.32802772522, 49.0952224731, -24.1486206055, -20.9800453186], [198.340515137, -51.0699653625, 52.4690093994, -41.7639427185, 22.2535495758, 38.1051483154, 69.4525680542, 145.103775024, 31.9784450531, 39.8724899292, -46.9889411926, -12.8776102066, -27.6280002594], [-136.047393799, 192.655914307, -117.839935303, 86.0339279175, 62.424911499, -91.1221313477, -29.8002758026, 31.9784450531, 212.960189819, -5.69693565369, 26.8668270111, -52.8262519836, 62.7150878906], [139.559967041, -126.195075989, 117.461296082, -16.1461429596, 32.1372451782, 48.1240196228, -9.32802772522, 39.8724899292, -5.69693565369, 108.564552307, -29.3860034943, 19.4370250702, -40.7105789185], [-243.20803833, 165.834945679, -71.3374938965, 70.4862213135, -12.5633077621, -19.0186977386, 49.0952224731, -46.9889411926, 26.8668270111, -29.3860034943, 161.975662231, 14.9472045898, 59.6137084961], [-14.0102119446, -94.87550354, 71.5941696167, 2.28576612473, 13.2393264771, 5.86470365524, -24.1486206055, -12.8776102066, -52.8262519836, 19.4370250702, 14.9472045898, 100.79850769, 18.2903499603], [-218.527420044, 114.64705658, -93.9215621948, 65.5385818481, 17.5991134644, -52.3553314209, -20.9800453186, -27.6280002594, 62.7150878906, -40.7105789185, 59.6137084961, 18.2903499603, 116.73538208]],
        "icov": [[0.00130825000815, 0.000307960930513, 0.000848144758493, -0.000394056085497, 6.07193687756e-05, -0.00119679409545, 0.00079119525617, -0.00169211218599, 0.000383573467843, -0.000238328473642, 0.000626431545243, -0.00023640692234, 0.00167396408506], [0.000307960930513, 0.00568549940363, -0.00158413499594, 0.00297707784921, -0.00373925897293, 0.00329012726434, -0.00348863122053, 0.00284013594501, -0.00327546754852, 0.00408008974046, -0.00401681708172, 0.00461738370359, -0.00135827611666], [0.000848144758493, -0.00158413499594, 0.00534620555118, -0.00511222565547, 0.00284996256232, -0.00352637912147, 0.00161557516549, -0.00334641733207, 0.00262157688849, -0.00406503025442, 0.00365431094542, -0.00433581881225, 0.0037892900873], [-0.000394056085497, 0.00297707784921, -0.00511222565547, 0.0107318097726, -0.00563903199509, 0.00303375255316, -0.00126882840414, 0.00441633723676, -0.00456736935303, 0.00528692547232, -0.00622835475951, 0.00521583389491, -0.00411082617939], [6.07193687756e-05, -0.00373925897293, 0.00284996256232, -0.00563903199509, 0.0101404432207, -0.00423337705433, 0.00205118604936, -0.00256735528819, 0.000155070825713, -0.0049601639621, 0.0054970853962, -0.00646470906213, 0.00197108299471], [-0.00119679409545, 0.00329012726434, -0.00352637912147, 0.00303375255316, -0.00423337705433, 0.0119584603235, -0.00798641610891, 0.00522962165996, 0.000317228084896, -6.02530817559e-05, -0.00203210068867, 0.00521899806336, -0.00417961832136], [0.00079119525617, -0.00348863122053, 0.00161557516549, -0.00126882840414, 0.00205118604936, -0.00798641610891, 0.01162433438, -0.00809070747346, 0.00291348481551, 0.000929300789721, -0.00199248152785, -0.0012796826195, 0.00317958556116], [-0.00169211218599, 0.00284013594501, -0.00334641733207, 0.00441633723676, -0.00256735528819, 0.00522962165996, -0.00809070747346, 0.0170568358153, -0.00670256000012, -0.000387203297578, 0.000995365087874, 0.00197734730318, -0.00316577660851], [0.000383573467843, -0.00327546754852, 0.00262157688849, -0.00456736935303, 0.000155070825713, 0.000317228084896, 0.00291348481551, -0.00670256000012, 0.0145251378417, -0.00627814559266, 0.00179030222353, 0.00428230967373, -0.00391356926411], [-0.000238328473642, 0.00408008974046, -0.00406503025442, 0.00528692547232, -0.0049601639621, -6.02530817559e-05, 0.000929300789721, -0.000387203297578, -0.00627814559266, 0.0204954985529, -0.00602890597656, 0.000393567344872, 0.00364174856804], [0.000626431545243, -0.00401681708172, 0.00365431094542, -0.00622835475951, 0.0054970853962, -0.00203210068867, -0.00199248152785, 0.000995365087874, 0.00179030222353, -0.00602890597656, 0.0160705000162, -0.00730536971241, -0.000434625864727], [-0.00023640692234, 0.00461738370359, -0.00433581881225, 0.00521583389491, -0.00646470906213, 0.00521899806336, -0.0012796826195, 0.00197734730318, 0.00428230967373, 0.000393567344872, -0.00730536971241, 0.0227228552103, -0.00983378011733], [0.00167396408506, -0.00135827611666, 0.0037892900873, -0.00411082617939, 0.00197108299471, -0.00417961832136, 0.00317958556116, -0.00316577660851, -0.00391356926411, 0.00364174856804, -0.000434625864727, -0.00983378011733, 0.0211764648557]]
    },
    "melbands": {
        "max": [0.0393607318401, 0.0430929549038, 0.00467040529475, 0.0104416972026, 0.00515446532518, 0.00692146364599, 0.00424172263592, 0.00746176904067, 0.0099126631394, 0.00970476400107, 0.00667734956369, 0.00645640352741, 0.00384721718729, 0.00172920909245, 0.00188415579032, 0.00290767918341, 0.00129853119142, 0.00111756753176, 0.00144780741539, 0.00119274982717, 0.00134004477877, 0.00106680486351, 0.000771306396928, 0.000277156475931, 0.000201556045795, 0.000302436412312, 0.000241705667577, 0.000140943564475, 0.000111908419058, 0.000112315785373, 9.63138227235e-05, 9.83141071629e-05, 0.000110105000203, 0.0001368028461, 0.000272710778518, 0.000266928313067, 0.000225108742598, 9.63174461504e-05, 6.05142486165e-05, 4.24938079959e-05],
        "mean": [0.00454864697531, 0.0023324880749, 0.000374199444195, 0.000365572108421, 0.000337603531079, 0.00017042348918, 0.000143109296914, 0.000253573030932, 0.000303620501654, 0.00029678014107, 0.000174014465301, 0.00019071821589, 0.000117787581985, 6.41770748189e-05, 7.2670452937e-05, 6.88561558491e-05, 5.96439422225e-05, 7.17522852938e-05, 8.26425239211e-05, 7.85634983913e-05, 6.703811232e-05, 5.8858855482e-05, 4.10618449678e-05, 2.58563704847e-05, 2.29318793572e-05, 2.29494580708e-05, 1.84500495379e-05, 1.26227541841e-05, 9.90791431832e-06, 8.72791224538e-06, 7.65407912695e-06, 7.67179426475e-06, 7.81967719377e-06, 8.52993525768e-06, 8.39855965751e-06, 7.99438385002e-06, 6.93744141245e-06, 5.85280031373e-06, 4.38289634985e-06, 3.38158884006e-06],
        "min": [4.43453700427e-06, 1.94229892259e-06, 2.44492230195e-06, 9.22610524867e-06, 5.82151960771e-06, 1.11735653263e-06, 9.18528598959e-07, 1.19047251701e-06, 8.96252004168e-07, 2.71868657364e-07, 4.68881154347e-07, 4.57198296999e-07, 2.49732579505e-07, 3.16380209142e-07, 5.31598118414e-07, 2.39868114704e-07, 1.52938142151e-07, 2.94923637512e-07, 2.25225562644e-07, 1.48539555767e-07, 8.89534348403e-08, 2.27926015839e-08, 2.50998901663e-08, 1.13287597969e-07, 1.86784731682e-07, 9.76285221554e-08, 1.16392818938e-07, 7.72687869244e-08, 8.75328893812e-08, 6.88426240458e-08, 9.32476567073e-08, 1.20446998153e-07, 1.13769061727e-07, 9.21501452922e-08, 5.53591377184e-08, 2.11051212062e-08, 7.86328513414e-09, 5.79145442714e-09, 9.05406860596e-10, 2.01802213828e-10],
        "stdev": [0.00551027432084, 0.00274585955776, 0.000485515571199, 0.000576808291953, 0.000476620683912, 0.000318120233715, 0.000272171426332, 0.000530350836925, 0.000783681985922, 0.000805443269201, 0.000380580691854, 0.00062899151817, 0.000300430401694, 0.000133807800012, 0.000174040018464, 0.000206768832868, 0.00010980656225, 0.00012408249313, 0.000153725908604, 0.000161469521117, 0.000136396382004, 0.000104117483716, 6.11812138231e-05, 2.55911691056e-05, 2.18992972805e-05, 2.77141425613e-05, 2.07851226151e-05, 1.1846104826e-05, 9.19290505408e-06, 8.501900993e-06, 7.59161866881e-06, 8.19800243335e-06, 9.29153247853e-06, 1.13791629701e-05, 1.35062400659e-05, 1.48722838276e-05, 1.08464009827e-05, 7.70975839259e-06, 5.74765044803e-06, 4.71521070722e-06]
    },
    "melbands128": {
        "max": [0.00785081833601, 0.0447097420692, 0.0636025071144, 0.0639162659645, 0.0638716071844, 0.0201589334756, 0.00774700706825, 0.00587291503325, 0.0108415763825, 0.0193522851914, 0.0100028961897, 0.00924831442535, 0.00700275134295, 0.00701638590544, 0.00923780351877, 0.0105082513765, 0.00584012968466, 0.00654218159616, 0.00795143004507, 0.00907249655575, 0.0150786992162, 0.0102567607537, 0.0189368743449, 0.019191943109, 0.0213958974928, 0.0210719686002, 0.0085412338376, 0.012535892427, 0.00707811722532, 0.0123221278191, 0.0105001786724, 0.00987674109638, 0.00767554854974, 0.00824513938278, 0.00293506169692, 0.00388645892963, 0.00303712300956, 0.00253638229333, 0.00472683040425, 0.00691351667047, 0.0051769502461, 0.00246280105785, 0.00208826269954, 0.00254017487168, 0.00185510725714, 0.00254261516966, 0.00314791547135, 0.00264518009499, 0.00318800727837, 0.0029283859767, 0.00270429695956, 0.00338971847668, 0.00245217327029, 0.00205639610067, 0.0024938872084, 0.0021432870999, 0.00100710289553, 0.00125816243235, 0.00125422235578, 0.00046311551705, 0.000392165384255, 0.000499588728417, 0.000434841524111, 0.000449808314443, 0.000556568149477, 0.000551030156203, 0.000849039992318, 0.000725585385226, 0.00038992104237, 0.000321380357491, 0.000135387628688, 0.000326520123053, 0.000135522190249, 0.00014118188119, 0.000133388690301, 0.000127094535856, 0.000168119935552, 0.000112160785648, 0.000171325809788, 0.00012682833767, 0.000159089977387, 0.000102633319329, 0.000118020747323, 0.000127305349451, 0.000150612133439, 0.000178984962986, 0.000142123011756, 0.000281940214336, 0.000352122442564, 0.000359635421773, 0.000341593113262, 0.000412927154684, 0.000248327851295, 0.000238154956605, 0.000414152949816, 0.000152860142407, 8.58924759086e-05, 9.72170164459e-05, 8.22680667625e-05, 4.853588689e-05, 7.5068885053e-05, 4.62886637251e-05, 3.32608033204e-05, 4.42273121735e-05, 3.84866434615e-05, 4.38342140114e-05, 4.27727136412e-05, 4.04058191634e-05, 2.98576851492e-05, 2.24096311285e-05, 2.67323903245e-05, 2.03919335036e-05, 1.15561297207e-05, 2.82530095319e-07, 3.19391574521e-07, 2.97097301427e-07, 7.33905096695e-08, 6.95643709303e-10, 6.22279339169e-10, 5.5101373464e-10, 4.96499952263e-10, 4.5602940868e-10, 4.29976998451e-10, 4.00045080395e-10, 3.77129938389e-10, 3.62894131412e-10, 3.5085306882e-10, 3.4513789049e-10],
        "mean": [0.000876758480445, 0.00482157012448, 0.00602658512071, 0.00423990795389, 0.00219450285658, 0.000899143284187, 0.00036359889782, 0.00026428423007, 0.000294319412205, 0.000346230110154, 0.000424812023994, 0.000459397793747, 0.000297762977425, 0.000217662673094, 0.000190803213627, 0.000128860760015, 0.000120943244838, 0.000157122398377, 0.000146892838529, 0.000259871972958, 0.00032160023693, 0.000192227380467, 0.000305706984363, 0.000387271866202, 0.000403786281822, 0.000216702916077, 0.000160181924002, 0.000197656889213, 0.000128118001157, 0.000247861695243, 0.000197927831323, 0.000110594162834, 0.000120594748296, 0.000131286826218, 5.40892906429e-05, 5.22459595231e-05, 6.17036785115e-05, 5.55069564143e-05, 0.000103704573121, 7.96659878688e-05, 6.05750065006e-05, 4.884693044e-05, 6.32394949207e-05, 6.56107877148e-05, 4.94451087434e-05, 6.17174009676e-05, 0.00011052818445, 0.000107096777356, 5.04847266711e-05, 6.49244248052e-05, 0.000101612982689, 7.33138513169e-05, 4.55553745269e-05, 7.43677810533e-05, 9.00777013157e-05, 5.08725606778e-05, 3.66895983461e-05, 5.53970239707e-05, 3.65390405932e-05, 2.70935506705e-05, 2.60940123553e-05, 2.33065111388e-05, 2.46827548835e-05, 2.19933517656e-05, 2.22887865675e-05, 2.39749024331e-05, 2.31671929214e-05, 1.87108107639e-05, 1.78488244273e-05, 1.79630969797e-05, 1.17996960398e-05, 1.08652839117e-05, 9.93815683614e-06, 1.0129234397e-05, 9.1668953246e-06, 9.09250684344e-06, 8.41179007693e-06, 7.72929342929e-06, 7.21893457012e-06, 8.05949002824e-06, 7.85942938819e-06, 7.40997165849e-06, 7.41234907764e-06, 7.55941118769e-06, 8.62353317643e-06, 8.33622652863e-06, 8.60934960656e-06, 8.65266792971e-06, 8.40276970848e-06, 8.17956242827e-06, 8.19675915409e-06, 7.8819493865e-06, 7.87337194197e-06, 6.7040346039e-06, 6.65825837132e-06, 6.34382240605e-06, 5.74518071517e-06, 5.05322623212e-06, 4.51593768958e-06, 3.9017581912e-06, 3.80699975722e-06, 3.33381785822e-06, 2.86566432806e-06, 2.64709251496e-06, 2.39889573095e-06, 1.90189678051e-06, 1.68984240645e-06, 1.43882209613e-06, 1.19925994113e-06, 1.02221815723e-06, 8.44117153065e-07, 6.65936056521e-07, 2.56025401768e-07, 7.78396103129e-09, 4.91354423815e-09, 4.45419656714e-09, 9.22244725032e-10, 6.87533970728e-12, 6.23055209856e-12, 6.00253744279e-12, 5.8081798919e-12, 5.66606180377e-12, 5.52516452729e-12, 5.40169645125e-12, 5.23851882012e-12, 5.03436571944e-12, 4.91069294603e-12, 4.86897328011e-12],
        "min": [8.10149600738e-08, 1.77564618298e-06, 4.33423610957e-06, 1.73361229372e-06, 4.27933969149e-07, 2.09781603644e-07, 6.15156636741e-08, 2.10300640902e-07, 7.69566099734e-07, 1.80882227596e-06, 1.33686808113e-06, 8.48648710416e-07, 1.37840811476e-06, 9.99316625894e-07, 2.47981517987e-07, 3.19830597562e-08, 2.74026945135e-07, 1.21873284797e-07, 1.12210663872e-07, 2.0493193631e-07, 1.11328830599e-07, 1.65632414451e-07, 9.87641186612e-08, 4.93859459993e-08, 1.1931535937e-07, 3.26483160507e-08, 1.88672089507e-07, 7.40184447068e-08, 1.64041111361e-07, 1.18788875625e-07, 4.28587085821e-08, 1.92584010961e-08, 5.2411017748e-08, 7.34614218345e-08, 5.03094028659e-08, 6.54679777057e-09, 4.57571829315e-08, 1.27007439232e-07, 5.28241876907e-08, 1.10132214459e-08, 3.56957876591e-08, 2.50955487502e-08, 6.14694712908e-08, 5.37207824891e-08, 3.89932033329e-08, 6.20761753112e-08, 5.68879912066e-08, 4.31134452583e-08, 4.60868427865e-08, 1.10416877419e-07, 1.15623812746e-07, 6.77316549513e-08, 1.14141505136e-08, 1.50185570646e-08, 2.5195213027e-08, 2.94058999373e-08, 3.53292173294e-09, 1.68601594908e-08, 3.7149302301e-08, 2.09578576715e-08, 7.28962348262e-08, 4.62883207319e-08, 6.20599323042e-08, 8.76930457139e-08, 4.1645417781e-08, 4.08823588316e-08, 4.45668604243e-08, 1.26395278244e-07, 6.2609963436e-08, 8.40652703005e-08, 2.21995009042e-08, 5.19426492929e-08, 6.58090613115e-08, 1.35818174485e-08, 1.58791948479e-08, 1.35994735473e-08, 5.66894620135e-08, 6.34776000652e-08, 5.35632942444e-08, 1.12412390507e-08, 7.86398501873e-08, 9.53359631239e-08, 5.48623511065e-08, 5.59486252882e-08, 9.45104048355e-08, 6.0903310839e-08, 3.30147038596e-08, 5.59217845364e-08, 2.63870170158e-08, 3.50460993559e-08, 2.62299977294e-08, 7.11401115794e-09, 1.48125387511e-08, 8.34184457621e-11, 3.33014282816e-09, 5.02728791929e-09, 2.90807711245e-09, 4.362868955e-10, 7.6285908146e-11, 1.8057862497e-11, 6.88000073579e-11, 1.68028882908e-12, 9.53367701624e-13, 8.62468028853e-13, 6.47724549777e-13, 5.1196135005e-13, 5.53639328393e-13, 5.49276715691e-13, 3.39299443576e-13, 3.11633721215e-13, 2.69839651925e-13, 3.11851401907e-13, 2.64541047488e-13, 1.96532202947e-13, 2.44811468189e-13, 1.65304862897e-13, 2.00365331965e-13, 1.40337258958e-13, 1.47108264155e-13, 1.58773235987e-13, 1.38703732202e-13, 1.75088825274e-13, 1.59287730575e-13, 1.31665931955e-13, 1.14986972309e-13, 4.81759272232e-14, 5.89470133269e-15, 3.08722465799e-16],
        "stdev": [0.00105240207631, 0.00640940153971, 0.00820420030504, 0.00536324083805, 0.00328215584159, 0.0013572263997, 0.000628378184047, 0.000439955678303, 0.000489187019411, 0.000876504578628, 0.000739926646929, 0.000814116792753, 0.000583266490139, 0.000439450901467, 0.000475997425383, 0.000341931532603, 0.000247210147791, 0.000406323670177, 0.00044831604464, 0.000635397329461, 0.000838987180032, 0.000574211997446, 0.00113486079499, 0.00153039523866, 0.00150161492638, 0.000719976844266, 0.000489442318212, 0.00056410767138, 0.000461116462247, 0.00103001412936, 0.00080210150918, 0.000489925965667, 0.0004121059319, 0.000401567842346, 0.000141494674608, 0.000169483886566, 0.000192615189007, 0.000166464145877, 0.000362894497812, 0.000328480615281, 0.000307284586597, 0.0001666649041, 0.000156540845637, 0.000157462622155, 0.000149928266183, 0.00017137627583, 0.000276834500255, 0.000281563377939, 0.000156076450367, 0.000187653160538, 0.00027962870081, 0.00024567116634, 0.000164750541444, 0.000204293712159, 0.000226137417485, 0.000155354748131, 7.11142711225e-05, 0.000110344350105, 7.8024197137e-05, 4.12493427575e-05, 3.52206589014e-05, 3.40787191817e-05, 3.25012733811e-05, 3.01258023683e-05, 3.432792073e-05, 3.81812642445e-05, 4.46815683972e-05, 3.36093253281e-05, 2.55712857324e-05, 2.47931620834e-05, 1.48866129166e-05, 1.50284377014e-05, 1.14577833301e-05, 1.14277600005e-05, 1.07603864308e-05, 1.02815492937e-05, 9.72502948571e-06, 8.59852480062e-06, 8.56576480146e-06, 9.281237908e-06, 9.59974568104e-06, 8.90679257282e-06, 9.60233410296e-06, 9.66613697528e-06, 1.13190380944e-05, 1.19216038001e-05, 1.274207807e-05, 1.41417312989e-05, 1.40365345942e-05, 1.52424427142e-05, 1.77770689334e-05, 1.64375105669e-05, 1.40098754855e-05, 1.05189719761e-05, 1.3071497051e-05, 8.94129698281e-06, 7.55865858082e-06, 7.27954375179e-06, 6.43733619654e-06, 5.31823661731e-06, 5.64044421481e-06, 5.09409119331e-06, 4.18070248998e-06, 4.12034660258e-06, 3.84572604162e-06, 3.18896422868e-06, 3.01424097415e-06, 2.82208543467e-06, 2.52954123425e-06, 2.17717797568e-06, 1.92343281924e-06, 1.61729121828e-06, 7.51565380597e-07, 2.10819806057e-08, 1.5613547788e-08, 1.52023407196e-08, 3.83313070174e-09, 2.02117923093e-11, 1.87917667538e-11, 1.75407258163e-11, 1.65507121896e-11, 1.58272665807e-11, 1.52943543247e-11, 1.47620752428e-11, 1.43840451702e-11, 1.41225191264e-11, 1.38877425185e-11, 1.37708160847e-11]
    },
    "mfcc": {
        "mean": [-588.71862793, 79.5751876831, 9.17213058472, 23.147808075, 11.3896150589, 7.12188386917, 2.02504086494, 11.7919130325, 3.94512462616, 9.19658851624, 2.54699778557, 3.43531966209, 1.71684598923],
        "cov": [[1527.9276123, -290.823791504, -125.956237793, -247.942092896, -32.8398551941, -20.7242183685, 56.6930885315, 16.458114624, 89.2178726196, 110.754600525, 56.9499740601, -32.8444252014, -70.9796600342], [-290.823791504, 463.125061035, -165.514541626, 56.4029846191, -28.8828697205, -35.715587616, -15.2734918594, 47.7236747742, 10.6592607498, 39.5736503601, 28.6479206085, 20.9624061584, -4.8733959198], [-125.956237793, -165.514541626, 502.178100586, 16.2425174713, 3.17282223701, 111.589935303, 132.499008179, 5.96407985687, 2.68246197701, -32.1479797363, 28.069940567, 38.6122703552, 3.75165963173], [-247.942092896, 56.4029846191, 16.2425174713, 282.755401611, 133.359634399, -20.283864975, -99.4343948364, -4.13786029816, -1.52346217632, 2.71709656715, -31.3625850677, 26.6258735657, 52.1289024353], [-32.8398551941, -28.8828697205, 3.17282223701, 133.359634399, 239.481124878, 23.3917922974, -110.552734375, -36.9047088623, 37.191734314, 5.88922786713, -26.5864677429, 7.19669961929, 48.2194023132], [-20.7242183685, -35.715587616, 111.589935303, -20.283864975, 23.3917922974, 198.660552979, 129.825134277, 27.6070308685, 7.66883563995, -4.40110635757, 24.0914478302, 19.4567584991, -9.28614521027], [56.6930885315, -15.2734918594, 132.499008179, -99.4343948364, -110.552734375, 129.825134277, 295.062225342, 88.216217041, -6.37536478043, -2.02306842804, 61.7683906555, 21.6991996765, -32.4206695557], [16.458114624, 47.7236747742, 5.96407985687, -4.13786029816, -36.9047088623, 27.6070308685, 88.216217041, 109.507019043, 40.175327301, 19.8008384705, 18.6069717407, 16.0041866302, -8.96484088898], [89.2178726196, 10.6592607498, 2.68246197701, -1.52346217632, 37.191734314, 7.66883563995, -6.37536478043, 40.175327301, 144.470046997, 73.7456054688, 21.8748321533, 6.54633951187, -6.9407119751], [110.754600525, 39.5736503601, -32.1479797363, 2.71709656715, 5.88922786713, -4.40110635757, -2.02306842804, 19.8008384705, 73.7456054688, 131.078475952, 54.23670578, 4.36083984375, -16.0449676514], [56.9499740601, 28.6479206085, 28.069940567, -31.3625850677, -26.5864677429, 24.0914478302, 61.7683906555, 18.6069717407, 21.8748321533, 54.23670578, 87.9915084839, 26.6250743866, -18.3602561951], [-32.8444252014, 20.9624061584, 38.6122703552, 26.6258735657, 7.19669961929, 19.4567584991, 21.6991996765, 16.0041866302, 6.54633951187, 4.36083984375, 26.6250743866, 71.3587722778, 23.910697937], [-70.9796600342, -4.8733959198, 3.75165963173, 52.1289024353, 48.2194023132, -9.28614521027, -32.4206695557, -8.96484088898, -6.9407119751, -16.0449676514, -18.3602561951, 23.910697937, 74.6532974243]],
        "icov": [[0.00110565382056, 0.000895866192877, 0.000509073201101, 0.000858112471178, -0.000555959413759, 0.000451462081401, -0.000315960060107, -0.000299062608974, -6.26648252364e-05, -0.00085943157319, -7.60187613196e-05, -0.000381625170121, 0.000640064303298], [0.000895866192877, 0.00364282284863, 0.00147361948621, -0.000326681416482, 0.000226627249504, 0.000305818888592, -4.92111257699e-06, -0.00129286549054, 4.62076313852e-05, -0.000677867385093, -0.001228919602, -0.000931299466174, 0.000832561810967], [0.000509073201101, 0.00147361948621, 0.00331454421394, -0.000733633642085, 0.000105219718534, -0.000489997852128, -0.00149801780935, 0.0010417214362, -0.00105596764479, 0.000828654156066, -0.00093109975569, -0.00114359194413, 0.000488760299049], [0.000858112471178, -0.000326681416482, -0.000733633642085, 0.00720585556701, -0.00375061202794, 0.000972666486632, 0.0012061484158, -0.00265254429542, 0.00232879188843, -0.00255058566108, 0.00219669239596, -0.00215144408867, -0.00055378198158], [-0.000555959413759, 0.000226627249504, 0.000105219718534, -0.00375061202794, 0.00932801142335, -0.00387281016447, 0.00305352755822, 0.00206209230237, -0.00315701053478, 0.00143360416405, -0.00110589922406, 0.00156211992726, -0.00359091209248], [0.000451462081401, 0.000305818888592, -0.000489997852128, 0.000972666486632, -0.00387281016447, 0.00938341021538, -0.00518753984943, 0.000676205032505, 6.54496907373e-05, -0.000505022413563, 0.00114061543718, -0.00180932146031, 0.00204925239086], [-0.000315960060107, -4.92111257699e-06, -0.00149801780935, 0.0012061484158, 0.00305352755822, -0.00518753984943, 0.0107458373532, -0.00657228054479, 0.00190617248882, 0.00140821782406, -0.00460748467594, 0.0012793848291, -0.000870827818289], [-0.000299062608974, -0.00129286549054, 0.0010417214362, -0.00265254429542, 0.00206209230237, 0.000676205032505, -0.00657228054479, 0.0174218621105, -0.00605298439041, 0.000608393282164, 0.00255762250163, -0.00217456952669, 0.000314717442961], [-6.26648252364e-05, 4.62076313852e-05, -0.00105596764479, 0.00232879188843, -0.00315701053478, 6.54496907373e-05, 0.00190617248882, -0.00605298439041, 0.0130237946287, -0.00710726296529, 0.00182168371975, -0.00102996942587, 0.000979813165031], [-0.00085943157319, -0.000677867385093, 0.000828654156066, -0.00255058566108, 0.00143360416405, -0.000505022413563, 0.00140821782406, 0.000608393282164, -0.00710726296529, 0.0169510170817, -0.0106820305809, 0.00338949798606, -0.000156510708621], [-7.60187613196e-05, -0.001228919602, -0.00093109975569, 0.00219669239596, -0.00110589922406, 0.00114061543718, -0.00460748467594, 0.00255762250163, 0.00182168371975, -0.0106820305809, 0.0250054262578, -0.00977298617363, 0.00467630755156], [-0.000381625170121, -0.000931299466174, -0.00114359194413, -0.00215144408867, 0.00156211992726, -0.00180932146031, 0.0012793848291, -0.00217456952669, -0.00102996942587, 0.00338949798606, -0.00977298617363, 0.0224369131029, -0.0087605882436], [0.000640064303298, 0.000832561810967, 0.000488760299049, -0.00055378198158, -0.00359091209248, 0.00204925239086, -0.000870827818289, 0.000314717442961, 0.000979813165031, -0.000156510708621, 0.00467630755156, -0.0087605882436, 0.0206677075475]]
    },
    "spectral_contrast_coeffs": {
        "max": [-0.449925005436, -0.5027140975, -0.488167047501, -0.520030200481, -0.517719089985, -0.569891393185],
        "mean": [-0.748480558395, -0.759276628494, -0.762226760387, -0.756785988808, -0.771309435368, -0.770000040531],
        "min": [-0.906109809875, -0.927243471146, -0.935607910156, -0.938794016838, -0.876279532909, -0.861502528191],
        "stdev": [0.0718857720494, 0.0704134851694, 0.0689945816994, 0.0725458711386, 0.051460377872, 0.0363776050508]
    },
    "spectral_contrast_valleys": {
        "max": [-5.15159225464, -5.19877147675, -5.60376167297, -6.00804758072, -5.76632642746, -7.32811260223],
        "mean": [-6.46022796631, -6.65747404099, -7.25516319275, -7.39936494827, -6.97275781631, -9.07020759583],
        "min": [-8.94827651978, -8.56262016296, -9.32884502411, -8.96309566498, -8.84325504303, -12.5777788162],
        "stdev": [0.573791146278, 0.511505723, 0.591141879559, 0.533035993576, 0.480647116899, 0.794931411743]
    }
},
"rhythm": {
    "beats_count": 98,
    "beats_loudness": {
        "max": 0.128243133426,
        "mean": 0.0488829500973,
        "min": 0.0153652857989,
        "stdev": 0.0192008260638
    },
    "bpm": 122.114555359,
    "bpm_histogram_first_peak_bpm": 123,
    "bpm_histogram_first_peak_weight": 0.34736841917,
    "bpm_histogram_second_peak_bpm": 117,
    "bpm_histogram_second_peak_spread": 0,
    "bpm_histogram_second_peak_weight": 0.0206185560673,
    "danceability": 1.53206551075,
    "onset_rate": 4.18359375,
    "beats_loudness_band_ratio": {
        "max": [0.971577048302, 0.302564382553, 0.668438673019, 0.623903751373, 0.439621955156, 0.245418503881],
        "mean": [0.54609388113, 0.0679687410593, 0.140367969871, 0.0804552212358, 0.106554508209, 0.0790235772729],
        "min": [0.103764221072, 0.00511837331578, 0.00137914344668, 0.00196439609863, 0.00199415720999, 0.00863435864449],
        "stdev": [0.201214447618, 0.059921681881, 0.157988503575, 0.115592494607, 0.0965680703521, 0.0477697364986]
    },
