{
"metadata": {
    "version": {
        "essentia": "2.1-beta5",
        "essentia_git_sha": "Undefined",
        "extractor": "music 2.0"
    },
    "audio_properties": {
        "analysis": {
            "equal_loudness": 0,
            "length": 32.4963264465,
            "sample_rate": 44100,
            "start_time": 77.7404098511,
            "downmix": "mix"
        },
        "bit_rate": 192000,
        "length": 211.963378906,
        "lossless": 0,
        "number_channels": 2,
        "replay_gain": -7.02894973755,
        "sample_rate": 48000,
        "codec": "mp3",
        "md5_encoded": "5d7da9028bc2652d320da79659291240"
    },
    "tags": {
        "file_name": "United KingdomUK_Love Will Set You Free_Engelbert Humperdinck.mp3",
        "encoding": ["Lavf58.29.100"]
    }
},
"lowlevel": {
    "average_loudness": 0.905964016914,
    "barkbands_crest": {
        "max": 24.2605628967,
        "mean": 11.0405712128,
        "min": 3.45192098618,
        "stdev": 4.1883058548
    },
    "barkbands_flatness_db": {
        "max": 0.308478921652,
        "mean": 0.192220240831,
        "min": 0.07138376683,
        "stdev": 0.0413363128901
    },
    "barkbands_kurtosis": {
        "max": 75.8459091187,
        "mean": 5.4618639946,
        "min": -1.81537628174,
        "stdev": 6.59605741501
    },
    "barkbands_skewness": {
        "max": 7.55631446838,
        "mean": 1.86560463905,
        "min": -2.52213692665,
        "stdev": 1.08014166355
    },
    "barkbands_spread": {
        "max": 81.3303146362,
        "mean": 14.708899498,
        "min": 1.95213651657,
        "stdev": 10.5734176636
    },
    "dissonance": {
        "max": 0.499341338873,
        "mean": 0.449558258057,
        "min": 0.299005895853,
        "stdev": 0.0324985086918
    },
    "dynamic_complexity": 3.04295754433,
    "erbbands_crest": {
        "max": 29.1740455627,
        "mean": 10.3601360321,
        "min": 3.44793891907,
        "stdev": 4.89126396179
    },
    "erbbands_flatness_db": {
        "max": 0.319952517748,
        "mean": 0.212533473969,
        "min": 0.0983045175672,
        "stdev": 0.0354794636369
    },
    "erbbands_kurtosis": {
        "max": 18.6711292267,
        "mean": 0.312798500061,
        "min": -1.66838729382,
        "stdev": 1.94582104683
    },
    "erbbands_skewness": {
        "max": 3.59505653381,
        "mean": 0.580117881298,
        "min": -2.72046136856,
        "stdev": 0.829793214798
    },
    "erbbands_spread": {
        "max": 93.2085876465,
        "mean": 34.514919281,
        "min": 6.8569021225,
        "stdev": 13.0017318726
    },
    "hfc": {
        "max": 127.939346313,
        "mean": 13.3989953995,
        "min": 0.335714668036,
        "stdev": 15.3395147324
    },
    "loudness_ebu128": {
        "integrated": -18.2364559174,
        "loudness_range": 3.14324951172,
        "momentary": {
            "max": -13.657078743,
            "mean": -19.1544113159,
            "min": -30.8167152405,
            "stdev": 2.99195694923
        },
        "short_term": {
            "max": -16.2622051239,
            "mean": -18.3866252899,
            "min": -20.6601600647,
            "stdev": 1.11573958397
        }
    },
    "melbands_crest": {
        "max": 31.9427890778,
        "mean": 13.9015893936,
        "min": 4.25015544891,
        "stdev": 4.99296092987
    },
    "melbands_flatness_db": {
        "max": 0.371789306402,
        "mean": 0.227183610201,
        "min": 0.0226907022297,
        "stdev": 0.0554301403463
    },
    "melbands_kurtosis": {
        "max": 172.092010498,
        "mean": 12.5191411972,
        "min": -1.81155979633,
        "stdev": 11.6407470703
    },
    "melbands_skewness": {
        "max": 9.41897201538,
        "mean": 2.64170527458,
        "min": -0.283886402845,
        "stdev": 1.16840219498
    },
    "melbands_spread": {
        "max": 199.075912476,
        "mean": 17.7780151367,
        "min": 1.72143864632,
        "stdev": 17.4627132416
    },
    "pitch_salience": {
        "max": 0.797715783119,
        "mean": 0.576861143112,
        "min": 0.196112111211,
        "stdev": 0.103920578957
    },
    "silence_rate_20dB": {
        "max": 1,
        "mean": 1,
        "min": 1,
        "stdev": 0
    },
    "silence_rate_30dB": {
        "max": 1,
        "mean": 1,
        "min": 1,
        "stdev": 0
    },
    "silence_rate_60dB": {
        "max": 1,
        "mean": 0.0492505356669,
        "min": 0,
        "stdev": 0.216391757131
    },
    "spectral_centroid": {
        "max": 4772.08007812,
        "mean": 970.368286133,
        "min": 249.047134399,
        "stdev": 558.774108887
    },
    "spectral_complexity": {
        "max": 39,
        "mean": 13.4225549698,
        "min": 1,
        "stdev": 5.93070745468
    },
    "spectral_decrease": {
        "max": -1.32672289821e-10,
        "mean": -4.54784609971e-09,
        "min": -1.96910772132e-08,
        "stdev": 3.60608853889e-09
    },
    "spectral_energy": {
        "max": 0.0775686055422,
        "mean": 0.018379945308,
        "min": 0.000531186582521,
        "stdev": 0.0145455030724
    },
    "spectral_energyband_high": {
        "max": 0.0179428830743,
        "mean": 0.00035459236824,
        "min": 1.15553234536e-06,
        "stdev": 0.00120122858789
    },
    "spectral_energyband_low": {
        "max": 0.0179153364152,
        "mean": 0.00166121369693,
        "min": 2.78569568763e-05,
        "stdev": 0.0018775430508
    },
    "spectral_energyband_middle_high": {
        "max": 0.0366670712829,
        "mean": 0.00357484002598,
        "min": 0.000105606835859,
        "stdev": 0.00530055584386
    },
    "spectral_energyband_middle_low": {
        "max": 0.0753239616752,
        "mean": 0.0134446350858,
        "min": 0.000285689340672,
        "stdev": 0.0121606476605
    },
    "spectral_entropy": {
        "max": 8.65997219086,
        "mean": 7.14327383041,
        "min": 6.09163618088,
        "stdev": 0.380135565996
    },
    "spectral_flux": {
        "max": 0.234741687775,
        "mean": 0.0615588054061,
        "min": 0.0135127184913,
        "stdev": 0.0312839113176
    },
    "spectral_kurtosis": {
        "max": 25.467792511,
        "mean": 5.33920669556,
        "min": -0.796621799469,
        "stdev": 3.4986641407
    },
    "spectral_rms": {
        "max": 0.00869923457503,
        "mean": 0.00392262497917,
        "min": 0.000719882489648,
        "stdev": 0.00159519957379
    },
    "spectral_rolloff": {
        "max": 9237.74414062,
        "mean": 1131.7310791,
        "min": 150.732421875,
        "stdev": 1200.61999512
    },
    "spectral_skewness": {
        "max": 4.16015720367,
        "mean": 1.58162629604,
        "min": 0.103162251413,
        "stdev": 0.473874330521
    },
    "spectral_spread": {
        "max": 14521250,
        "mean": 3308598.5,
        "min": 1932251.125,
        "stdev": 906013.25
    },
    "spectral_strongpeak": {
        "max": 7.80010795593,
        "mean": 1.10182917118,
        "min": 0.0165510307997,
        "stdev": 1.22035384178
    },
    "zerocrossingrate": {
        "max": 0.30126953125,
        "mean": 0.0444266237319,
        "min": 0.005859375,
        "stdev": 0.0296007040888
    },
    "barkbands": {
        "max": [6.38243582216e-05, 0.00761513225734, 0.0123525829986, 0.0148769151419, 0.0263697374612, 0.0374891161919, 0.0541039332747, 0.0396688394248, 0.0247047673911, 0.00998758804053, 0.0225763004273, 0.0173336938024, 0.0196652095765, 0.0166025236249, 0.0155449677259, 0.00580669287592, 0.00873829610646, 0.00562881398946, 0.00795982033014, 0.00221344735473, 0.00378850637935, 0.0036326458212, 0.0105530293658, 0.00663369847462, 0.00100437889341, 0.00018029921921, 1.67132725437e-07],
        "mean": [5.12967062605e-06, 0.000294593715807, 0.000747037120163, 0.00138318887912, 0.00340422452427, 0.00345720001496, 0.00368815567344, 0.00082442490384, 0.000617037236225, 0.000336616882123, 0.000327280227793, 0.000303236301988, 0.000491662998684, 0.000520488247275, 0.000456068315543, 0.000362484133802, 0.000355640833732, 0.00020437411149, 0.000217672859435, 5.82526809012e-05, 0.000103836107883, 8.01524802228e-05, 7.61772244005e-05, 5.47960480617e-05, 9.23582138057e-06, 9.94326910586e-07, 1.04350750263e-09],
        "min": [1.62905937628e-08, 1.85801354746e-06, 1.26890938645e-06, 7.24627125237e-06, 3.7253953451e-06, 3.10141899718e-06, 4.54299106423e-06, 3.85761182997e-07, 7.1559470598e-06, 1.29337695398e-06, 9.12415430321e-07, 3.03812862512e-06, 1.49923641857e-06, 4.75741444461e-06, 2.57121632785e-06, 3.904411642e-06, 2.08207961805e-06, 1.63416018495e-06, 1.89613376733e-06, 2.80284268683e-07, 2.3427541862e-07, 1.96645544293e-07, 5.25622390057e-08, 4.28920632345e-09, 8.61618762449e-11, 2.79691669131e-11, 2.94549454272e-11],
        "stdev": [6.71360203341e-06, 0.0004292432277, 0.00108815217391, 0.00187908369116, 0.00371455983259, 0.00547467079014, 0.00803564023226, 0.00271621369757, 0.00165976653807, 0.000747856858652, 0.00127807597164, 0.000955790979788, 0.00160690629855, 0.00145112804603, 0.00125343585387, 0.000655433221254, 0.000836597231682, 0.000492925173603, 0.000571009411942, 0.000174470071215, 0.000267569441348, 0.000251994904829, 0.000410631939303, 0.000377038435545, 5.60161788599e-05, 7.12692281013e-06, 5.68548186308e-09]
    },
    "erbbands": {
        "max": [0.137872964144, 1.94993877411, 9.48206710815, 27.1318378448, 132.243682861, 64.2868728638, 173.784179688, 449.668426514, 887.662414551, 1309.73730469, 578.156982422, 653.171386719, 322.487609863, 591.27947998, 446.983154297, 830.213256836, 1079.44165039, 947.132995605, 819.210693359, 387.499145508, 362.59777832, 578.444519043, 327.87677002, 237.844467163, 447.967498779, 119.066360474, 120.677429199, 143.635131836, 153.023300171, 219.673782349, 268.580291748, 152.23777771, 93.0159835815, 19.1002025604, 5.5627746582, 1.40927565098, 0.16797028482, 0.00313919293694, 0.000242683716351, 9.77868476184e-05],
        "mean": [0.00570545531809, 0.0852053761482, 0.614427387714, 3.14973020554, 10.1140203476, 9.01373004913, 15.61769104, 32.6386489868, 58.0073013306, 34.6403541565, 15.5245656967, 14.450553894, 9.38473033905, 12.5214061737, 13.2998867035, 12.4370288849, 19.3737564087, 24.6178150177, 29.0901699066, 20.6452827454, 19.6425132751, 19.4287528992, 12.3973426819, 12.8145990372, 7.52069664001, 2.79243564606, 3.62815451622, 4.0648560524, 2.73777985573, 2.69513750076, 2.1711564064, 1.36448466778, 0.782731831074, 0.176829949021, 0.0410047732294, 0.00875465851277, 0.00109945854638, 3.4385760955e-05, 1.24330217659e-05, 2.21970967687e-05],
        "min": [2.76975915767e-05, 0.00095850933576, 0.00685195298865, 0.0305810775608, 0.00765698263422, 0.0168024469167, 0.0293901283294, 0.0323425009847, 0.0645283162594, 0.0584320090711, 0.148896038532, 0.214986935258, 0.128030210733, 0.0984083637595, 0.0609349310398, 0.166618362069, 0.261068314314, 0.291931807995, 0.248384028673, 0.2942045331, 0.245320916176, 0.188955783844, 0.100843325257, 0.152035742998, 0.0914053171873, 0.0196012593806, 0.0112624065951, 0.00706419488415, 0.00797533150762, 0.00430817715824, 0.00110255752224, 0.00033818159136, 0.000153230517753, 3.70736379409e-05, 7.88731449575e-06, 1.68442329596e-06, 6.1318655753e-07, 1.57512587862e-07, 4.37631911154e-07, 8.22360334496e-07],
        "stdev": [0.00863303616643, 0.116059340537, 0.837554931641, 3.554292202, 13.786198616, 10.1129598618, 20.6617488861, 54.0344696045, 123.036804199, 116.994155884, 37.5358467102, 43.0015525818, 21.4897136688, 36.9746208191, 37.7612495422, 35.7478103638, 60.4401626587, 71.8173980713, 75.3533859253, 39.3022613525, 37.298866272, 47.1261558533, 27.8603725433, 25.5062351227, 25.7617511749, 8.1156167984, 9.77987003326, 10.0919160843, 8.78326797485, 9.5386800766, 12.0899362564, 8.80975723267, 5.64311695099, 1.15587258339, 0.22522880137, 0.0572674460709, 0.00712775858119, 0.000180722039659, 1.70164166775e-05, 1.77952806553e-05]
    },
    "gfcc": {
        "mean": [-59.5028648376, 140.084686279, -149.873703003, 44.98462677, -71.3047103882, -3.48619008064, -48.4581451416, -14.6937417984, -9.72912597656, -16.41822052, -4.22946691513, -13.2037801743, -0.855757176876],
        "cov": [[2631.0324707, -1099.2401123, -208.072860718, 6.15204048157, -332.380432129, 113.876953125, -380.082672119, 46.0867424011, -61.9057693481, 116.992477417, -100.681358337, 57.7161216736, -145.569671631], [-1099.2401123, 1058.51049805, -40.8973846436, -86.040397644, 239.15852356, -227.734191895, 227.444915771, -155.383956909, 159.773132324, -135.193954468, 121.094474792, -67.7564849854, 110.85723114], [-208.072860718, -40.8973846436, 453.781951904, 55.724861145, 8.28940200806, 47.9204139709, -85.5429916382, 45.791053772, -96.3154907227, 56.0477294922, -60.5704460144, 40.8215370178, 0.453600406647], [6.15204048157, -86.040397644, 55.724861145, 216.909759521, 28.0675506592, 1.98435306549, -42.0135231018, -32.1473999023, 28.1949272156, -14.8110284805, 2.45494365692, -20.7454605103, 5.00665426254], [-332.380432129, 239.15852356, 8.28940200806, 28.0675506592, 260.614715576, -48.7705802917, -16.321313858, 6.79110002518, 16.4792671204, 25.9281845093, -9.85657024384, -33.5775527954, 11.3838500977], [113.876953125, -227.734191895, 47.9204139709, 1.98435306549, -48.7705802917, 244.567947388, 13.6296138763, 80.9347915649, -51.7710342407, 10.1497144699, -20.2793483734, 12.0129842758, 8.46082496643], [-380.082672119, 227.444915771, -85.5429916382, -42.0135231018, -16.321313858, 13.6296138763, 278.295623779, 7.49491977692, 3.9944422245, -64.7635574341, 47.0845756531, 23.9299907684, 22.1271038055], [46.0867424011, -155.383956909, 45.791053772, -32.1473999023, 6.79110002518, 80.9347915649, 7.49491977692, 185.239074707, -58.0168190002, 45.0428199768, -21.0172214508, 21.9605808258, 7.18376731873], [-61.9057693481, 159.773132324, -96.3154907227, 28.1949272156, 16.4792671204, -51.7710342407, 3.9944422245, -58.0168190002, 188.876876831, -7.48147726059, 53.3964118958, -57.0991668701, 3.9759747982], [116.992477417, -135.193954468, 56.0477294922, -14.8110284805, 25.9281845093, 10.1497144699, -64.7635574341, 45.0428199768, -7.48147726059, 146.880065918, -18.9925441742, 16.0564403534, -34.7890052795], [-100.681358337, 121.094474792, -60.5704460144, 2.45494365692, -9.85657024384, -20.2793483734, 47.0845756531, -21.0172214508, 53.3964118958, -18.9925441742, 119.027366638, 6.1066069603, 20.9812393188], [57.7161216736, -67.7564849854, 40.8215370178, -20.7454605103, -33.5775527954, 12.0129842758, 23.9299907684, 21.9605808258, -57.0991668701, 16.0564403534, 6.1066069603, 125.164031982, 5.32892608643], [-145.569671631, 110.85723114, 0.453600406647, 5.00665426254, 11.3838500977, 8.46082496643, 22.1271038055, 7.18376731873, 3.9759747982, -34.7890052795, 20.9812393188, 5.32892608643, 107.164863586]],
        "icov": [[0.000947877473664, 0.000592502299696, 0.000692973437253, 0.000123545862152, 0.000637672783341, 2.56745879597e-05, 0.0010593655752, 5.35986182513e-05, -0.000110497348942, 3.24155553244e-05, 0.000209101141081, -0.000445723620942, 0.000369702320313], [0.000592502299696, 0.00874391756952, -0.00378655851819, 0.00628044223413, -0.0072602997534, 0.00443559978157, -0.00531666260213, 0.00465705012903, -0.00464505609125, 0.00470825703815, -0.00377231184393, 0.00223526800983, -0.00498291663826], [0.000692973437253, -0.00378655851819, 0.00557439727709, -0.00395811488852, 0.00431944057345, -0.00239385152236, 0.00431624194607, -0.00238617183641, 0.00337458471768, -0.00317935994826, 0.00284214550629, -0.00215552630834, 0.002411988331], [0.000123545862152, 0.00628044223413, -0.00395811488852, 0.0100440243259, -0.00626211240888, 0.0026840637438, -0.00349169364199, 0.00422638794407, -0.00435635773465, 0.00454876711592, -0.00320755550638, 0.00203128834255, -0.00372529239394], [0.000637672783341, -0.0072602997534, 0.00431944057345, -0.00626211240888, 0.0119076399133, -0.00285764574073, 0.00589520623907, -0.00470169214532, 0.00424260925502, -0.00549241574481, 0.00416612019762, -0.00123864633497, 0.00401509273797], [2.56745879597e-05, 0.00443559978157, -0.00239385152236, 0.0026840637438, -0.00285764574073, 0.00760740926489, -0.00353802600875, 0.000332208059262, -0.00164419342764, 0.00229144166224, -0.00167396536563, 0.0019110746216, -0.00322004081681], [0.0010593655752, -0.00531666260213, 0.00431624194607, -0.00349169364199, 0.00589520623907, -0.00353802600875, 0.0101826703176, -0.00382131710649, 0.00306296302006, -0.00111959024798, 0.00162747211289, -0.00342842517421, 0.00426524598151], [5.35986182513e-05, 0.00465705012903, -0.00238617183641, 0.00422638794407, -0.00470169214532, 0.000332208059262, -0.00382131710649, 0.0102100726217, -0.000995704554953, 0.000183770695003, -0.00191152701154, 0.00140483817086, -0.00395325943828], [-0.000110497348942, -0.00464505609125, 0.00337458471768, -0.00435635773465, 0.00424260925502, -0.00164419342764, 0.00306296302006, -0.000995704554953, 0.0110945114866, -0.00415355851874, -0.0010309672216, 0.00214556907304, 0.00229285238311], [3.24155553244e-05, 0.00470825703815, -0.00317935994826, 0.00454876711592, -0.00549241574481, 0.00229144166224, -0.00111959024798, 0.000183770695003, -0.00415355851874, 0.0126997614279, -0.00220091291703, -0.000617712910753, 0.000334336044034], [0.000209101141081, -0.00377231184393, 0.00284214550629, -0.00320755550638, 0.00416612019762, -0.00167396536563, 0.00162747211289, -0.00191152701154, -0.0010309672216, -0.00220091291703, 0.0131548931822, -0.00315465033054, 0.000710966123734], [-0.000445723620942, 0.00223526800983, -0.00215552630834, 0.00203128834255, -0.00123864633497, 0.0019110746216, -0.00342842517421, 0.00140483817086, 0.00214556907304, -0.000617712910753, -0.00315465033054, 0.0116629078984, -0.00265155895613], [0.000369702320313, -0.00498291663826, 0.002411988331, -0.00372529239394, 0.00401509273797, -0.00322004081681, 0.00426524598151, -0.00395325943828, 0.00229285238311, 0.000334336044034, 0.000710966123734, -0.00265155895613, 0.0143802138045]]
    },
    "melbands": {
        "max": [0.00180941703729, 0.00369779043831, 0.0073008928448, 0.00665438827127, 0.00511069735512, 0.0086473133415, 0.0115028433502, 0.0133175244555, 0.00413312809542, 0.00368322012946, 0.00159839785192, 0.00218831561506, 0.00218790513463, 0.00143953727093, 0.001581842429, 0.00180846417788, 0.00213295547292, 0.0011000961531, 0.000947652268223, 0.000356878008461, 0.00054767401889, 0.000652507296763, 0.000609272276051, 0.000280126987491, 0.00024220229534, 0.000399456708692, 0.000181871189852, 8.48354320624e-05, 6.2883416831e-05, 0.000102003301436, 7.37599111744e-05, 7.89280311437e-05, 9.0093788458e-05, 0.000161498377565, 0.000156722875545, 0.000122535420815, 9.57866723184e-05, 7.71612976678e-05, 3.52035203832e-05, 1.1095175978e-05],
        "mean": [6.92754911142e-05, 0.000276172620943, 0.000743970973417, 0.000752173189539, 0.000499987218063, 0.000740479037631, 0.00084571307525, 0.000321271771099, 0.000121451113955, 8.21116918814e-05, 4.57915084553e-05, 5.130820864e-05, 4.40072399215e-05, 3.4190077713e-05, 4.45513433078e-05, 4.08991909353e-05, 4.74874323118e-05, 4.89015546918e-05, 3.24673274008e-05, 2.48186206591e-05, 2.21399604925e-05, 1.98613870452e-05, 1.67343914654e-05, 8.95057382877e-06, 1.06549368866e-05, 7.73659212427e-06, 2.67956534117e-06, 1.60338447586e-06, 1.98032671506e-06, 2.82815221908e-06, 2.09180325328e-06, 1.43005399877e-06, 1.67258588135e-06, 1.39272958677e-06, 1.28016927192e-06, 1.04787488908e-06, 7.55847963774e-07, 6.2397543843e-07, 3.01894914401e-07, 9.57840526894e-08],
        "min": [4.2224723984e-07, 4.43003591499e-06, 4.27429722549e-06, 6.57721557218e-07, 1.33823800752e-06, 6.93463164225e-07, 1.00975546502e-06, 6.87889269102e-07, 4.92802257668e-07, 9.21409935017e-07, 3.35536384455e-07, 2.7821539561e-07, 2.16265476638e-07, 1.85486598525e-07, 2.65166931968e-07, 5.30527231035e-08, 4.23698878649e-07, 2.41384356059e-07, 1.7621628956e-07, 1.79211767204e-07, 1.52633234052e-07, 1.34835076437e-07, 1.02066955776e-07, 7.06595315592e-08, 9.16341704738e-08, 5.42111848745e-08, 1.62139848214e-08, 2.80287304477e-09, 7.91522314358e-09, 4.08062872381e-09, 3.56048213135e-09, 3.93624066675e-09, 4.58856197483e-09, 1.61278890243e-09, 5.01345909232e-10, 3.99312305444e-10, 4.78050628597e-12, 8.95570239062e-13, 2.11783737249e-12, 6.33283898412e-13],
        "stdev": [0.00010129353177, 0.000339286401868, 0.000814352708403, 0.000926844659261, 0.000613225915004, 0.0011750573758, 0.00175268307794, 0.00114494631998, 0.000306141708279, 0.000240927402047, 0.000107936612039, 0.0001438382169, 0.000141058771987, 0.00010955183825, 0.000127409628476, 0.000147151964484, 0.00014579402341, 0.0001299103169, 7.97106840764e-05, 4.36467526015e-05, 4.70142113045e-05, 5.20103385497e-05, 4.99133602716e-05, 1.91878716578e-05, 2.23318165808e-05, 2.5027717129e-05, 1.00264815046e-05, 5.30338820681e-06, 5.3319467952e-06, 8.06869684311e-06, 5.17443868375e-06, 4.78108449897e-06, 5.57347857466e-06, 5.74354180571e-06, 7.02300667399e-06, 6.67544554744e-06, 5.08618359163e-06, 4.60002456748e-06, 2.1529372134e-06, 5.78600406698e-07]
    },
    "melbands128": {
        "max": [3.85001658287e-05, 0.00078960187966, 0.00303851114586, 0.00339589989744, 0.00390008930117, 0.0069025773555, 0.00571383722126, 0.0106852948666, 0.0171538237482, 0.0113418688998, 0.00443326961249, 0.00548973772675, 0.00620985077694, 0.0158625952899, 0.0162353143096, 0.0159802846611, 0.0249417982996, 0.0207131672651, 0.0179733689874, 0.0249461252242, 0.0136702088639, 0.0070028770715, 0.00709956651554, 0.00902789551765, 0.00834243558347, 0.00157264294103, 0.0024800482206, 0.00315528782085, 0.00297928089276, 0.00294308620505, 0.00301985675469, 0.00741745019332, 0.00187705387361, 0.00332547165453, 0.0037476697471, 0.00233100401238, 0.00453623617068, 0.00210382207297, 0.00338126695715, 0.00464674271643, 0.00397701468319, 0.00367940706201, 0.00439568655565, 0.00241754367016, 0.00291199283674, 0.00162102549803, 0.00393203506246, 0.00175164290704, 0.00107367278542, 0.00105928094126, 0.000569100491703, 0.000637867546175, 0.000788031844422, 0.00120600301307, 0.00149678438902, 0.00107334170025, 0.000959991011769, 0.00125227705576, 0.000607799098361, 0.000220221540076, 0.000239835964749, 0.000541598652489, 0.000277439365163, 0.000430896441685, 0.000357275945134, 0.000547503645066, 0.000441996759037, 0.000455250992673, 0.000169406412169, 0.00010311769438, 0.00013888819376, 0.000107713145553, 8.62319138832e-05, 7.29594175937e-05, 9.11444949452e-05, 0.000121212673548, 0.000123499805341, 0.000120253163914, 8.36838080431e-05, 5.99543272983e-05, 7.14464113116e-05, 9.5462470199e-05, 0.000172332132934, 0.000128851519548, 9.1495232482e-05, 0.000136761998874, 0.000253286067164, 0.000101673103927, 0.000181134819286, 0.000149118597619, 0.000191488070413, 0.000120031487313, 0.000106994833914, 0.000132111788844, 8.33502854221e-05, 0.000100798693893, 0.000100655815913, 5.96213212702e-05, 3.96866453229e-05, 4.21379991167e-05, 1.33104167617e-05, 9.06615787244e-06, 1.0930899407e-05, 1.33224393721e-05, 4.33453533333e-06, 3.41733243658e-06, 4.22348102802e-06, 4.94484766023e-06, 2.55747409028e-06, 1.38220036661e-06, 2.13526686821e-06, 1.33026821914e-06, 2.50427689252e-07, 3.97818951114e-08, 2.01372039044e-08, 8.08245381734e-09, 1.59015800527e-09, 7.8716166918e-10, 7.53483553328e-10, 7.38620775653e-10, 7.2366407311e-10, 7.07426228708e-10, 6.86921353132e-10, 6.79002298831e-10, 6.68587241126e-10, 6.60051402424e-10, 6.55374865488e-10, 6.51225129378e-10],
        "mean": [3.34882656716e-06, 2.6137317036e-05, 0.000106779203634, 0.000133871188154, 0.00019753689412, 0.000435023626778, 0.000591657648329, 0.000735159497708, 0.00114416342694, 0.000927139713895, 0.00033752649324, 0.000408138352213, 0.000476772576803, 0.000719355652109, 0.000678177922964, 0.000776958593633, 0.000948931730818, 0.00103990046773, 0.000441224052338, 0.000418391282437, 0.000219049106818, 0.000119266631373, 9.5792907814e-05, 0.000144016608829, 0.000118005526019, 4.10683460359e-05, 3.90474961023e-05, 4.08325249737e-05, 6.15230746916e-05, 4.94942796649e-05, 4.67094723717e-05, 5.68569776078e-05, 3.29463437083e-05, 4.78021211165e-05, 4.62309799332e-05, 2.44052062044e-05, 2.17677388719e-05, 5.03077098983e-05, 5.93062504777e-05, 3.17338635796e-05, 3.64716033801e-05, 5.72372919123e-05, 3.84075829061e-05, 4.22827979492e-05, 6.80031225784e-05, 3.86282918043e-05, 4.99518682773e-05, 3.18449529004e-05, 2.49828608503e-05, 2.76201590168e-05, 2.49919776252e-05, 2.11377446249e-05, 2.62331595877e-05, 2.12889117392e-05, 1.65678102348e-05, 2.14454667002e-05, 1.79201997526e-05, 2.66753595497e-05, 1.1368282685e-05, 7.34377317713e-06, 9.3199132607e-06, 9.30030455493e-06, 1.05087055999e-05, 1.06142870209e-05, 1.25136048155e-05, 7.8906869021e-06, 5.01466638525e-06, 3.57629733116e-06, 1.99717783289e-06, 1.60659624271e-06, 1.56706994403e-06, 1.59026683377e-06, 1.73877958787e-06, 1.96134124053e-06, 2.35550646721e-06, 2.77588969766e-06, 3.15037868859e-06, 2.88211572297e-06, 1.8101434307e-06, 1.51193023612e-06, 1.34384583816e-06, 1.37844097026e-06, 1.63171000622e-06, 1.74262606834e-06, 1.71200588284e-06, 1.48396134136e-06, 1.29863906295e-06, 1.15946079404e-06, 1.35179107019e-06, 1.29110696889e-06, 1.17384854548e-06, 9.9162218703e-07, 8.10862218259e-07, 7.77293791998e-07, 7.02505076333e-07, 6.51299501442e-07, 6.82648192196e-07, 4.63186495381e-07, 3.41939539794e-07, 1.96632825578e-07, 1.12450699419e-07, 7.90920395843e-08, 6.92410679903e-08, 5.71586760145e-08, 4.61048763611e-08, 2.87853207936e-08, 2.27699477051e-08, 1.84391204527e-08, 1.27957839879e-08, 8.85481998836e-09, 9.55432621907e-09, 5.16372944404e-09, 1.31501798339e-09, 7.7422006306e-11, 4.33133806599e-11, 2.59774493583e-11, 8.65201313371e-12, 4.52622748309e-12, 4.39733622778e-12, 4.28582126386e-12, 4.17633592639e-12, 4.0842134362e-12, 4.0019090472e-12, 3.9287358089e-12, 3.82611910904e-12, 3.69553476362e-12, 3.62149394674e-12, 3.59454089757e-12],
        "min": [7.62516827457e-10, 1.84576940399e-08, 1.56843768195e-07, 3.73368436613e-07, 7.32815919946e-07, 6.28677355508e-07, 2.03664421861e-06, 1.75544960257e-06, 2.28669406965e-07, 8.95722038763e-08, 1.01541999697e-07, 2.22250946535e-07, 5.47735908185e-07, 9.39740061767e-07, 2.75388686077e-07, 1.38160928032e-07, 5.3066747796e-07, 4.91257807766e-08, 1.24600816775e-07, 7.02297739963e-08, 7.22024680044e-08, 1.07317916331e-07, 4.84892126451e-08, 2.97385696513e-07, 1.67342818713e-07, 7.77732793722e-08, 6.71352040627e-08, 1.35662503453e-07, 2.6633689032e-08, 6.55238991953e-08, 2.29699850252e-08, 3.93028507517e-08, 3.8257237378e-08, 3.13520160944e-08, 1.49750363221e-08, 2.79807004233e-08, 1.20367875667e-08, 6.31262224715e-08, 7.27791373833e-08, 2.3511031344e-08, 1.3255833764e-08, 1.79972552417e-08, 1.32495650007e-08, 7.13299144195e-08, 1.82192394504e-08, 1.68509135534e-08, 2.52623433283e-08, 3.15832870967e-08, 2.4535534493e-08, 1.6264454672e-08, 6.23453786375e-08, 7.8024733341e-08, 1.6576462869e-08, 2.41710527149e-08, 2.50368827892e-08, 1.21667511621e-08, 4.91277596382e-08, 3.8357867993e-09, 2.58417980348e-08, 1.77906525067e-08, 9.63595425674e-09, 7.06721881016e-09, 8.32470448131e-09, 5.3453605986e-09, 1.24922605593e-08, 8.43861958089e-09, 7.86617937454e-10, 2.64272048689e-09, 1.5079604232e-09, 2.5024222694e-09, 2.21378804177e-09, 1.45259315687e-09, 2.83334822271e-09, 5.04421793224e-09, 6.25515994557e-09, 1.21215226745e-09, 4.33383107179e-09, 6.65785471199e-09, 2.82358181281e-09, 1.25761645542e-09, 2.65879740446e-09, 2.77558154238e-09, 6.0232436816e-09, 1.57839541437e-09, 1.36148037289e-09, 2.64077093526e-10, 6.91890378324e-10, 6.75421607532e-10, 4.32933341954e-11, 6.10978420634e-11, 1.45555165143e-11, 6.43021790328e-12, 2.79510247413e-12, 1.20820020655e-12, 7.35284717227e-13, 6.87498018584e-13, 1.92664718272e-13, 1.32265712597e-13, 3.56577777288e-13, 2.94111170964e-13, 1.92806098235e-13, 2.44720666258e-13, 2.46718390075e-13, 1.64912191975e-13, 9.67895062058e-14, 1.36600840773e-13, 1.28734154413e-13, 1.50440085194e-13, 1.07179503716e-13, 1.01040805226e-13, 8.76804800098e-14, 1.09823439134e-13, 1.05525058635e-13, 9.20774890253e-14, 1.00472771379e-13, 1.12046697333e-13, 1.04057604547e-13, 8.87027674619e-14, 1.00938178714e-13, 5.4728879035e-14, 7.66960889871e-14, 9.01758729537e-14, 6.17909992921e-14, 9.88110011564e-14, 6.56606388184e-14, 3.02613193022e-14, 4.52846302327e-15, 1.09270830233e-16],
        "stdev": [4.5764090828e-06, 4.79707014165e-05, 0.000165966994246, 0.000203899500775, 0.000316879188176, 0.000631836301181, 0.000781383248977, 0.00117505132221, 0.00175323686562, 0.00146526505705, 0.000486863486003, 0.000552451063413, 0.000693622394465, 0.0015113230329, 0.00136159965768, 0.00198857835494, 0.00225435872562, 0.00283433683217, 0.00136045587715, 0.00213760370389, 0.000863540917635, 0.000393008318497, 0.000405165774282, 0.000473815132864, 0.000478687958093, 0.00012773963681, 0.000125195816508, 0.000173301799805, 0.000143277808093, 0.000145973594044, 0.000195123953745, 0.000369999383111, 0.000119678574265, 0.000209895777516, 0.000200801427127, 0.00011303096835, 0.000142519216752, 0.000161648757057, 0.000211381629924, 0.00020591323846, 0.000210207334021, 0.000268848147243, 0.00020828943525, 0.00016742736625, 0.000259084627032, 0.000130733576952, 0.00023694842821, 9.75864604698e-05, 7.72567364038e-05, 6.68626162224e-05, 5.80563173571e-05, 5.02817238157e-05, 6.96231218171e-05, 6.22327497695e-05, 5.95386591158e-05, 8.4502134996e-05, 6.26086330158e-05, 9.20995807974e-05, 4.486441685e-05, 1.71482697624e-05, 2.20461770368e-05, 2.79680152744e-05, 2.79253272311e-05, 3.01775635307e-05, 3.18981401506e-05, 3.12544761982e-05, 2.50130233326e-05, 1.74352717295e-05, 7.93507661001e-06, 5.1268802963e-06, 6.23567939328e-06, 5.96576455791e-06, 5.64969968764e-06, 5.17400167155e-06, 7.56628742238e-06, 9.24799132918e-06, 9.17469515116e-06, 7.83208906796e-06, 4.9566197049e-06, 4.93455900141e-06, 4.75251863463e-06, 4.79905475004e-06, 7.20137495591e-06, 6.31372631688e-06, 5.4040951909e-06, 5.91770503888e-06, 7.52227606426e-06, 4.72581677968e-06, 8.42188455863e-06, 7.719473615e-06, 8.35953051137e-06, 6.96107099429e-06, 5.17275611855e-06, 5.82690290685e-06, 4.71452131023e-06, 4.80589551444e-06, 5.48570005776e-06, 3.2701955206e-06, 2.50740549745e-06, 1.60797924309e-06, 7.3659151667e-07, 4.54703695141e-07, 4.09691153891e-07, 4.27410640214e-07, 2.43726105964e-07, 1.52245192453e-07, 1.78123983119e-07, 1.70277758116e-07, 9.87810224728e-08, 6.2953880331e-08, 8.20270571467e-08, 4.42301235637e-08, 9.58380752536e-09, 1.17116150111e-09, 5.9644805761e-10, 2.63390587119e-10, 6.49542503117e-11, 2.61925741513e-11, 2.51788919575e-11, 2.46102617452e-11, 2.4019265743e-11, 2.34734766347e-11, 2.28065066832e-11, 2.24868422494e-11, 2.21300078956e-11, 2.18155337545e-11, 2.16565688993e-11, 2.15193505376e-11]
    },
    "mfcc": {
        "mean": [-683.265869141, 147.170349121, -14.399523735, 31.5824298859, -1.43119716644, 4.47148656845, -23.1580295563, -3.14426612854, -11.3921909332, -7.38180303574, -5.36121463776, -3.85598659515, -6.21117115021],
        "cov": [[2810.04956055, -1107.92321777, -77.7283630371, -265.421295166, -40.0554847717, -53.5102386475, -274.350952148, -56.7592353821, -104.810668945, -43.8078918457, 52.518989563, 28.426027298, -90.8930282593], [-1107.92321777, 1054.95996094, -198.446289062, 155.546203613, -26.1426582336, 1.79422438145, 30.7871284485, -4.59853601456, 45.2860832214, -57.0025177002, 1.48360705376, 8.47206783295, 97.3243179321], [-77.7283630371, -198.446289062, 448.392364502, -46.248840332, 43.4288597107, -0.543888986111, 41.3912963867, -12.1104154587, 10.2340841293, -18.6563243866, -61.2643737793, -21.3048000336, 46.5035400391], [-265.421295166, 155.546203613, -46.248840332, 289.355377197, 29.9872074127, 24.3396377563, -61.8708152771, -24.7582263947, -37.3826637268, 25.3350524902, -19.1602725983, -17.2378120422, 0.0511973686516], [-40.0554847717, -26.1426582336, 43.4288597107, 29.9872074127, 320.995147705, -13.8947458267, -31.4997959137, -89.9303283691, 31.5224170685, 36.8744812012, 8.04127502441, -50.9670982361, -2.97163128853], [-53.5102386475, 1.79422438145, -0.543888986111, 24.3396377563, -13.8947458267, 148.286743164, -17.4848136902, 11.6031684875, -20.6554336548, 19.1885128021, -2.25286245346, 9.97821521759, -20.68866539], [-274.350952148, 30.7871284485, 41.3912963867, -61.8708152771, -31.4997959137, -17.4848136902, 240.941116333, 68.3136901855, 47.2745933533, -18.6079597473, -15.9371500015, 1.34786832333, -2.45765161514], [-56.7592353821, -4.59853601456, -12.1104154587, -24.7582263947, -89.9303283691, 11.6031684875, 68.3136901855, 156.6822052, -1.25681066513, 2.77173280716, -19.1114578247, 9.76689910889, -16.8283500671], [-104.810668945, 45.2860832214, 10.2340841293, -37.3826637268, 31.5224170685, -20.6554336548, 47.2745933533, -1.25681066513, 118.201454163, 6.58507680893, -6.34274482727, -8.79735374451, 5.66426181793], [-43.8078918457, -57.0025177002, -18.6563243866, 25.3350524902, 36.8744812012, 19.1885128021, -18.6079597473, 2.77173280716, 6.58507680893, 153.570892334, 21.9959449768, 2.42147922516, -47.3366165161], [52.518989563, 1.48360705376, -61.2643737793, -19.1602725983, 8.04127502441, -2.25286245346, -15.9371500015, -19.1114578247, -6.34274482727, 21.9959449768, 120.366348267, 11.1230144501, 3.19793558121], [28.426027298, 8.47206783295, -21.3048000336, -17.2378120422, -50.9670982361, 9.97821521759, 1.34786832333, 9.76689910889, -8.79735374451, 2.42147922516, 11.1230144501, 90.9520339966, 11.8217945099], [-90.8930282593, 97.3243179321, 46.5035400391, 0.0511973686516, -2.97163128853, -20.68866539, -2.45765161514, -16.8283500671, 5.66426181793, -47.3366165161, 3.19793558121, 11.8217945099, 138.840576172]],
        "icov": [[0.00097345066024, 0.00105682003777, 0.000608517089859, 0.000564539514016, 9.19275771594e-05, 0.000315226643579, 0.00105160824023, 9.3452152214e-05, 0.000141515993164, 0.000718324328773, 7.02095167071e-06, -0.000171365594724, 2.48865417234e-05], [0.00105682003777, 0.00250659766607, 0.00136102479883, -0.000185823984793, 0.000180907722097, 0.000124175814562, 0.000780949601904, 0.000173736043507, -0.000560312415473, 0.001154957572, 9.63462371146e-05, -0.000185054625035, -0.00103358505294], [0.000608517089859, 0.00136102479883, 0.00346175720915, 0.000581978238188, -0.00024099687289, -0.000206108525163, -2.62323665083e-05, 0.000492283026688, 0.000129344043671, 0.000318182515912, 0.00160939106718, 0.000462991331005, -0.00166533526499], [0.000564539514016, -0.000185823984793, 0.000581978238188, 0.00495132384822, -0.000238235050347, -0.000210719663301, 0.00134722155053, 0.000441571057308, 0.00174704939127, -0.000700505916029, 0.00125038868282, 0.000780532311182, -6.14119053353e-05], [9.19275771594e-05, 0.000180907722097, -0.00024099687289, -0.000238235050347, 0.00439233426005, 0.000153757428052, 8.95667253644e-05, 0.00231124693528, -0.00100125558674, -0.000979835400358, -0.000172314685187, 0.00200420478359, -4.70804297947e-05], [0.000315226643579, 0.000124175814562, -0.000206108525163, -0.000210719663301, 0.000153757428052, 0.00746188638732, 0.000836828839965, -0.000556850107387, 0.00100556435063, -0.000392531015677, 5.44672438991e-05, -0.000932349066716, 0.00115421786904], [0.00105160824023, 0.000780949601904, -2.62323665083e-05, 0.00134722155053, 8.95667253644e-05, 0.000836828839965, 0.00676567060873, -0.0022961134091, -0.00168525916524, 0.00139895163011, -5.87480681133e-05, -0.000330625392962, 0.000692593865097], [9.3452152214e-05, 0.000173736043507, 0.000492283026688, 0.000441571057308, 0.00231124693528, -0.000556850107387, -0.0022961134091, 0.00910658668727, 0.000557343650144, -0.000964215316344, 0.0014112861827, 0.000423059478635, 0.000383959850296], [0.000141515993164, -0.000560312415473, 0.000129344043671, 0.00174704939127, -0.00100125558674, 0.00100556435063, -0.00168525916524, 0.000557343650144, 0.0106505490839, -0.00124852161389, 0.000978281488642, 0.000649832887575, -0.000330470415065], [0.000718324328773, 0.001154957572, 0.000318182515912, -0.000700505916029, -0.000979835400358, -0.000392531015677, 0.00139895163011, -0.000964215316344, -0.00124852161389, 0.00891640596092, -0.00183282431681, -0.0012888002675, 0.00262564048171], [7.02095167071e-06, 9.63462371146e-05, 0.00160939106718, 0.00125038868282, -0.000172314685187, 5.44672438991e-05, -5.87480681133e-05, 0.0014112861827, 0.000978281488642, -0.00183282431681, 0.0100235147402, -0.000567051174585, -0.00127539795358], [-0.000171365594724, -0.000185054625035, 0.000462991331005, 0.000780532311182, 0.00200420478359, -0.000932349066716, -0.000330625392962, 0.000423059478635, 0.000649832887575, -0.0012888002675, -0.000567051174585, 0.0128994761035, -0.0017396400217], [2.48865417234e-05, -0.00103358505294, -0.00166533526499, -6.14119053353e-05, -4.70804297947e-05, 0.00115421786904, 0.000692593865097, 0.000383959850296, -0.000330470415065, 0.00262564048171, -0.00127539795358, -0.0017396400217, 0.00981708802283]]
    },
    "spectral_contrast_coeffs": {
        "max": [-0.452778697014, -0.429223239422, -0.519572079182, -0.548757910728, -0.540693759918, -0.41861063242],
        "mean": [-0.655235230923, -0.701437175274, -0.764389157295, -0.768286943436, -0.75454968214, -0.659126698971],
        "min": [-0.848123371601, -0.904651999474, -0.904811680317, -0.904304683208, -0.861488044262, -0.942483603954],
        "stdev": [0.070421628654, 0.0885326713324, 0.0606251806021, 0.0613395944238, 0.0533331334591, 0.0642461627722]
    },
    "spectral_contrast_valleys": {
        "max": [-5.79572296143, -5.20898771286, -5.79609107971, -6.39873743057, -6.13494205475, -7.73899269104],
        "mean": [-6.98910856247, -6.85800790787, -7.88936901093, -7.89228487015, -8.31205844879, -12.2473554611],
        "min": [-8.97340679169, -8.95686244965, -9.50479602814, -9.31822967529, -9.52637577057, -15.6149053574],
        "stdev": [0.461824864149, 0.453174263239, 0.522505939007, 0.527000367641, 0.552196204662, 1.20446455479]
    }
},
"rhythm": {
    "beats_count": 64,
    "beats_loudness": {
        "max": 0.0657426789403,
        "mean": 0.023570522666,
        "min": 0.000880512641743,
        "stdev": 0.014190999791
    },
    "bpm": 122.205886841,
    "bpm_histogram_first_peak_bpm": 123,
    "bpm_histogram_first_peak_weight": 0.549999952316,
    "bpm_histogram_second_peak_bpm": 117,
    "bpm_histogram_second_peak_spread": 0.300000011921,
    "bpm_histogram_second_peak_weight": 0.222222223878,
    "danceability": 1.10646951199,
    "onset_rate": 2.73779273033,
    "beats_loudness_band_ratio": {
        "max": [0.656113624573, 0.885822474957, 0.84160220623, 0.587178945541, 0.550744056702, 0.795257270336],
        "mean": [0.209268778563, 0.378318488598, 0.244639828801, 0.11690903455, 0.0980823710561, 0.0462931133807],
        "min": [0.018865082413, 0.00933510717005, 0.00740289920941, 0.00251497630961, 0.00698019005358, 0.00111110974103],
        "stdev": [0.152545824647, 0.234332591295, 0.214583292603, 0.134806007147, 0.105205796659, 0.126516476274]
    },
    "beats_position": [0.46439909935, 0.952018141747, 1.43963718414, 1.92725622654, 2.40326523781, 2.89088439941, 3.36689329147, 3.85451245308, 4.33052158356, 4.80653047562, 5.2941493988, 5.78176879883, 6.26938772202, 6.76861667633, 7.26784563065, 7.75546455383, 8.25469398499, 8.75392246246, 9.24154186249, 9.71755123138, 10.2051696777, 10.7043991089, 11.1920175552, 11.6796369553, 12.1904764175, 12.7013149261, 13.2121543884, 13.7113828659, 14.2106122971, 14.7330608368, 15.2555103302, 15.7663488388, 16.2771873474, 16.7880268097, 17.2872562408, 17.7748756409, 18.2857131958, 18.8081626892, 19.3073921204, 19.8066215515, 20.3174591064, 20.8050785065, 21.3159179688, 21.826757431, 22.3492050171, 22.8832645416, 23.405714035, 23.9281635284, 24.4622211456, 25.0078907013, 25.5187301636, 26.0295696259, 26.5404071808, 27.0396366119, 27.5388660431, 28.0497055054, 28.5489330292, 29.0481624603, 29.5357818604, 30.0350112915, 30.5342407227, 31.0218582153, 31.5094776154, 32.0087051392],
