{
"metadata": {
    "version": {
        "essentia": "2.1-beta5",
        "essentia_git_sha": "Undefined",
        "extractor": "music 2.0"
    },
    "audio_properties": {
        "analysis": {
            "equal_loudness": 0,
            "length": 35.9444885254,
            "sample_rate": 44100,
            "start_time": 175.240997314,
            "downmix": "mix"
        },
        "bit_rate": 192000,
        "length": 211.208709717,
        "lossless": 0,
        "number_channels": 2,
        "replay_gain": -6.38974380493,
        "sample_rate": 48000,
        "codec": "mp3",
        "md5_encoded": "ba6cebd0b1272dd3b7fe69bee82c677b"
    },
    "tags": {
        "file_name": "Azerbaijan_When The Music Dies_Sabina Babayeva.mp3",
        "encoding": ["Lavf58.29.100"]
    }
},
"lowlevel": {
    "average_loudness": 0.926464021206,
    "barkbands_crest": {
        "max": 23.9697113037,
        "mean": 10.3007936478,
        "min": 2.97967505455,
        "stdev": 3.67450881004
    },
    "barkbands_flatness_db": {
        "max": 0.344817787409,
        "mean": 0.211542293429,
        "min": 0.0591964386404,
        "stdev": 0.0626932382584
    },
    "barkbands_kurtosis": {
        "max": 36.8007087708,
        "mean": 2.43017220497,
        "min": -1.74678337574,
        "stdev": 3.64679431915
    },
    "barkbands_skewness": {
        "max": 5.70547389984,
        "mean": 1.1807602644,
        "min": -0.989456832409,
        "stdev": 0.958810389042
    },
    "barkbands_spread": {
        "max": 79.1810836792,
        "mean": 15.3076972961,
        "min": 1.64375150204,
        "stdev": 11.1711158752
    },
    "dissonance": {
        "max": 0.499999910593,
        "mean": 0.471437603235,
        "min": 0.338284909725,
        "stdev": 0.0271131452173
    },
    "dynamic_complexity": 1.5913053751,
    "erbbands_crest": {
        "max": 30.9268703461,
        "mean": 11.4743051529,
        "min": 3.21421575546,
        "stdev": 4.5769610405
    },
    "erbbands_flatness_db": {
        "max": 0.404284447432,
        "mean": 0.274567723274,
        "min": 0.0939650908113,
        "stdev": 0.0690484941006
    },
    "erbbands_kurtosis": {
        "max": 22.5761318207,
        "mean": 1.44176232815,
        "min": -1.47040975094,
        "stdev": 2.2131485939
    },
    "erbbands_skewness": {
        "max": 4.49150037766,
        "mean": 0.966429114342,
        "min": -1.42696070671,
        "stdev": 0.743290185928
    },
    "erbbands_spread": {
        "max": 90.6569824219,
        "mean": 19.16847229,
        "min": 3.77919960022,
        "stdev": 9.18039608002
    },
    "hfc": {
        "max": 79.0522994995,
        "mean": 28.4363231659,
        "min": 3.0115377903,
        "stdev": 14.6937274933
    },
    "loudness_ebu128": {
        "integrated": -16.182384491,
        "loudness_range": 1.94441795349,
        "momentary": {
            "max": -14.1342220306,
            "mean": -16.3764801025,
            "min": -23.3500118256,
            "stdev": 1.40425443649
        },
        "short_term": {
            "max": -14.41837883,
            "mean": -16.2389621735,
            "min": -17.2245178223,
            "stdev": 0.571117579937
        }
    },
    "melbands_crest": {
        "max": 31.076789856,
        "mean": 13.363617897,
        "min": 4.65876865387,
        "stdev": 4.44638586044
    },
    "melbands_flatness_db": {
        "max": 0.321492046118,
        "mean": 0.195288226008,
        "min": 0.0598543658853,
        "stdev": 0.0470748357475
    },
    "melbands_kurtosis": {
        "max": 103.085716248,
        "mean": 5.97528219223,
        "min": -1.27652525902,
        "stdev": 7.23701095581
    },
    "melbands_skewness": {
        "max": 9.19763660431,
        "mean": 1.73385500908,
        "min": -0.552681565285,
        "stdev": 1.05350196362
    },
    "melbands_spread": {
        "max": 93.0108261108,
        "mean": 22.3518600464,
        "min": 1.94682955742,
        "stdev": 16.3408527374
    },
    "pitch_salience": {
        "max": 0.859418809414,
        "mean": 0.594807744026,
        "min": 0.200352713466,
        "stdev": 0.123021371663
    },
    "silence_rate_20dB": {
        "max": 1,
        "mean": 1,
        "min": 1,
        "stdev": 0
    },
    "silence_rate_30dB": {
        "max": 1,
        "mean": 1,
        "min": 1,
        "stdev": 0
    },
    "silence_rate_60dB": {
        "max": 0,
        "mean": 0,
        "min": 0,
        "stdev": 0
    },
    "spectral_centroid": {
        "max": 3560.19897461,
        "mean": 1615.42480469,
        "min": 535.809265137,
        "stdev": 485.569885254
    },
    "spectral_complexity": {
        "max": 42,
        "mean": 22.944480896,
        "min": 10,
        "stdev": 5.30132627487
    },
    "spectral_decrease": {
        "max": -9.127604228e-10,
        "mean": -6.15443385144e-09,
        "min": -2.61399009105e-08,
        "stdev": 2.8769582272e-09
    },
    "spectral_energy": {
        "max": 0.100844174623,
        "mean": 0.0258075073361,
        "min": 0.0040323487483,
        "stdev": 0.0118957087398
    },
    "spectral_energyband_high": {
        "max": 0.0100495107472,
        "mean": 0.000520780449733,
        "min": 2.45800110861e-05,
        "stdev": 0.000703858793713
    },
    "spectral_energyband_low": {
        "max": 0.0941362082958,
        "mean": 0.00261879130267,
        "min": 7.43244488177e-09,
        "stdev": 0.00584402633831
    },
    "spectral_energyband_middle_high": {
        "max": 0.0558954924345,
        "mean": 0.0145083107054,
        "min": 0.00106377247721,
        "stdev": 0.00908957235515
    },
    "spectral_energyband_middle_low": {
        "max": 0.0496114417911,
        "mean": 0.00904137361795,
        "min": 0.000620679697022,
        "stdev": 0.00775556592271
    },
    "spectral_entropy": {
        "max": 8.32803916931,
        "mean": 7.42344665527,
        "min": 6.23789072037,
        "stdev": 0.307875037193
    },
    "spectral_flux": {
        "max": 0.280335515738,
        "mean": 0.0887430980802,
        "min": 0.0262819416821,
        "stdev": 0.0301662739366
    },
    "spectral_kurtosis": {
        "max": 18.4436779022,
        "mean": 4.61354780197,
        "min": -0.255020856857,
        "stdev": 2.64396905899
    },
    "spectral_rms": {
        "max": 0.00991889927536,
        "mean": 0.00488284928724,
        "min": 0.0019834311679,
        "stdev": 0.00115580135025
    },
    "spectral_rolloff": {
        "max": 6675.29296875,
        "mean": 1690.18078613,
        "min": 86.1328125,
        "stdev": 740.619018555
    },
    "spectral_skewness": {
        "max": 3.33948540688,
        "mean": 1.45366644859,
        "min": 0.141481116414,
        "stdev": 0.344226837158
    },
    "spectral_spread": {
        "max": 7086180,
        "mean": 3092224.5,
        "min": 1840314,
        "stdev": 894359.5625
    },
    "spectral_strongpeak": {
        "max": 11.6221866608,
        "mean": 2.3498814106,
        "min": 0.0440360307693,
        "stdev": 2.04019808769
    },
    "zerocrossingrate": {
        "max": 0.169921875,
        "mean": 0.0636663287878,
        "min": 0.02001953125,
        "stdev": 0.0162020940334
    },
    "barkbands": {
        "max": [0.00327376788482, 0.0570047423244, 0.0376483909786, 0.0128345498815, 0.0298487842083, 0.0237940177321, 0.00862833950669, 0.0285049751401, 0.0301690082997, 0.0503549166024, 0.0334201417863, 0.0488750338554, 0.0373085252941, 0.0128992144018, 0.00927103403956, 0.0108566032723, 0.0105591807514, 0.00967463850975, 0.00675492594019, 0.00834929943085, 0.00242295511998, 0.00257855560631, 0.00407407293096, 0.00120386981871, 0.000911029288545, 0.000129422580358, 2.01290754376e-06],
        "mean": [6.46566986688e-05, 0.00161007524002, 0.000823782931548, 0.000249115779297, 0.00104077649303, 0.000540364882909, 0.000445576471975, 0.0012743572006, 0.00387116405182, 0.00485569471493, 0.00277540809475, 0.00208908552304, 0.0018291589804, 0.000812471436802, 0.000594393466599, 0.000435850466602, 0.000411656073993, 0.000646865402814, 0.000635933945887, 0.000411625340348, 0.000124008074636, 0.000107723273686, 7.80069167376e-05, 5.52415331185e-05, 2.32278780459e-05, 1.30185878788e-06, 3.5913805263e-09],
        "min": [1.58487511309e-11, 1.30631561124e-09, 1.09214481903e-09, 9.24197607333e-09, 2.33710366615e-08, 9.92236778075e-07, 9.09898403734e-07, 1.17638055599e-05, 3.80368801416e-05, 1.37202005135e-05, 1.2401332242e-05, 1.34486963361e-05, 1.72997533809e-05, 9.08065703698e-06, 1.34595911732e-05, 6.83564121573e-06, 3.04049603983e-06, 2.5196147817e-06, 3.7237907236e-05, 5.73958368477e-06, 5.7219572227e-06, 3.82084499506e-06, 1.97885901798e-06, 5.4052273768e-10, 2.62876196505e-11, 2.65583631476e-11, 3.48963878627e-11],
        "stdev": [0.000195744476514, 0.00410868087783, 0.00226242584176, 0.000986823695712, 0.00301606324501, 0.00167114869691, 0.000829763768706, 0.00270105712116, 0.00393852032721, 0.00606821710244, 0.00394623866305, 0.00437090732157, 0.00431722123176, 0.000992348766886, 0.000718818395399, 0.000658370670862, 0.00060872733593, 0.000836689490825, 0.00102638907265, 0.000805613643024, 0.00021356997604, 0.000144523553899, 0.000150583888171, 0.000100921060948, 7.4411094829e-05, 5.85655971008e-06, 6.59497487732e-08]
    },
    "erbbands": {
        "max": [1.89001333714, 14.9758710861, 46.9564819336, 32.3364067078, 29.9117450714, 72.4479217529, 279.359802246, 173.007904053, 119.616981506, 273.060180664, 758.352172852, 918.842468262, 1654.0748291, 1573.93713379, 1323.89257812, 1152.99133301, 1912.64147949, 770.470825195, 379.829193115, 707.211120605, 237.264541626, 720.93963623, 625.069763184, 446.271514893, 281.270721436, 294.88168335, 159.062911987, 64.3965377808, 74.9664077759, 141.093719482, 95.8037185669, 45.7334480286, 27.5541095734, 9.50122451782, 8.62079143524, 1.49268603325, 0.0874734669924, 0.00300401914865, 0.000296843645629, 0.000115408416605],
        "mean": [0.044451739639, 0.364899933338, 1.04725944996, 0.768955230713, 0.786544442177, 2.97115707397, 8.85366725922, 3.7352232933, 5.86203289032, 12.4933662415, 35.3873748779, 81.4734954834, 149.887832642, 132.221618652, 107.253372192, 84.5358047485, 82.0569000244, 37.2771110535, 37.721736908, 31.6787223816, 21.4767723083, 25.2835102081, 33.2791099548, 43.6810684204, 23.5712528229, 17.4177875519, 6.42695617676, 4.90227985382, 3.91700673103, 3.08901762962, 2.07627606392, 1.40567708015, 0.765340566635, 0.305137902498, 0.151589199901, 0.0147320711985, 0.00175926147494, 6.45451218588e-05, 1.95582106244e-05, 3.25755936501e-05],
        "min": [1.9384113159e-07, 9.51883578182e-07, 3.488543598e-06, 3.41344275512e-05, 0.000665092957206, 0.00136553798802, 0.00641547655687, 0.0127105312422, 0.0184241347015, 0.235153317451, 1.13744390011, 1.19835424423, 0.850021421909, 1.62162768841, 2.1466524601, 2.08399653435, 1.56663632393, 0.530505657196, 0.895215988159, 0.686901390553, 0.28548169136, 0.285290956497, 0.48424115777, 1.78659188747, 1.49427783489, 0.602845132351, 0.159837961197, 0.15485855937, 0.159152120352, 0.0825969651341, 0.0462303198874, 0.00384919228964, 0.000226015617955, 2.30047699006e-05, 7.5941788964e-06, 4.24712698077e-06, 2.32744969253e-06, 7.23427604044e-07, 2.46251829594e-06, 5.33625461685e-06],
        "stdev": [0.128252461553, 0.946214497089, 2.7027721405, 2.22050571442, 2.16776847839, 7.85603523254, 28.4063510895, 10.6190891266, 10.695473671, 20.9380168915, 59.4882392883, 80.7679443359, 182.89906311, 150.05406189, 144.360137939, 155.991577148, 180.547546387, 41.3738708496, 42.1994743347, 44.8950920105, 23.6410140991, 37.9889564514, 40.3446502686, 62.397403717, 37.4798622131, 33.1493797302, 12.959072113, 6.6984372139, 5.01358890533, 5.36130571365, 3.81127548218, 2.64045119286, 1.5814756155, 0.75571757555, 0.654495954514, 0.0615670457482, 0.00640116678551, 0.000191825034562, 1.63473578141e-05, 1.49805855472e-05]
    },
    "gfcc": {
        "mean": [-38.38904953, 82.0043106079, -218.275161743, 6.77901268005, -88.9137954712, 10.363656044, -21.2144355774, 0.756997823715, -9.36885166168, -27.7664165497, -3.33879351616, -16.2489643097, -4.9358496666],
        "cov": [[2744.71630859, 273.390930176, 2183.33911133, 1349.05749512, 606.243774414, 664.080078125, -334.662109375, 572.073303223, -445.43157959, 912.014587402, 228.813568115, 192.152267456, 13.3170347214], [273.390930176, 748.36895752, 611.094116211, 574.677062988, 375.419219971, 120.981147766, 203.303253174, -9.41451931, -17.542678833, 138.264190674, 151.735641479, -13.2694911957, -51.3102340698], [2183.33911133, 611.094116211, 2404.08520508, 1355.00817871, 675.610839844, 640.270446777, -247.366851807, 560.523620605, -438.287597656, 832.634033203, 171.994110107, 205.802612305, 10.5147104263], [1349.05749512, 574.677062988, 1355.00817871, 1170.62866211, 636.51953125, 456.713500977, 109.372932434, 281.868896484, -146.846893311, 549.214294434, 215.027481079, 75.2288513184, -81.4495849609], [606.243774414, 375.419219971, 675.610839844, 636.51953125, 512.228088379, 308.197296143, 224.136825562, 200.678710938, -48.4627761841, 315.371124268, 110.821853638, 43.8047142029, -108.17881012], [664.080078125, 120.981147766, 640.270446777, 456.713500977, 308.197296143, 362.993164062, 69.0119400024, 222.834671021, -81.8387451172, 286.729766846, 77.4232025146, 54.7142829895, -36.9059829712], [-334.662109375, 203.303253174, -247.366851807, 109.372932434, 224.136825562, 69.0119400024, 461.353027344, -13.5930042267, 144.574676514, -22.9669933319, 58.8358650208, -44.985874176, -129.907485962], [572.073303223, -9.41451931, 560.523620605, 281.868896484, 200.678710938, 222.834671021, -13.5930042267, 330.121063232, -61.0301055908, 249.115829468, 8.49108886719, 59.0890808105, -7.23014259338], [-445.43157959, -17.542678833, -438.287597656, -146.846893311, -48.4627761841, -81.8387451172, 144.574676514, -61.0301055908, 218.284378052, -132.76751709, -11.7413082123, -43.863079071, -21.4515171051], [912.014587402, 138.264190674, 832.634033203, 549.214294434, 315.371124268, 286.729766846, -22.9669933319, 249.115829468, -132.76751709, 446.860595703, 110.05103302, 79.1297225952, -49.4233436584], [228.813568115, 151.735641479, 171.994110107, 215.027481079, 110.821853638, 77.4232025146, 58.8358650208, 8.49108886719, -11.7413082123, 110.05103302, 141.922363281, -1.600248456, -20.6176586151], [192.152267456, -13.2694911957, 205.802612305, 75.2288513184, 43.8047142029, 54.7142829895, -44.985874176, 59.0890808105, -43.863079071, 79.1297225952, -1.600248456, 92.2730636597, 27.2522506714], [13.3170347214, -51.3102340698, 10.5147104263, -81.4495849609, -108.17881012, -36.9059829712, -129.907485962, -7.23014259338, -21.4515171051, -49.4233436584, -20.6176586151, 27.2522506714, 122.917686462]],
        "icov": [[0.00282465759665, 0.00121979229152, -0.000641308899503, -0.00214581098408, 0.000288422015728, -0.000306341098621, 0.00119499326684, -0.000707816914655, 0.00128964625765, -0.00124976376537, -0.00131229683757, 0.000318740174407, -0.000348930159817], [0.00121979229152, 0.0112056415528, -0.00902345497161, 0.0019647446461, -0.00834718812257, 0.00598429981619, -0.00390766607597, 0.00711467955261, -0.00497989682481, 0.00487394910306, -0.00623621046543, 0.00605663005263, -0.00393981486559], [-0.000641308899503, -0.00902345497161, 0.0116082085297, -0.00561857689172, 0.00695869931951, -0.00537695921957, 0.00493902759627, -0.0082127507776, 0.00769980158657, -0.00498196762055, 0.00587314926088, -0.00645030802116, 0.00258920504712], [-0.00214581098408, 0.0019647446461, -0.00561857689172, 0.0103826131672, -0.00772137241438, 0.00152370939031, -0.00210367213003, 0.00563306314871, -0.00571198016405, 0.000888602575287, -0.0032189222984, 0.00396790308878, -0.00187604443636], [0.000288422015728, -0.00834718812257, 0.00695869931951, -0.00772137241438, 0.0197351854295, -0.00671716174111, -0.00110760342795, -0.007603475824, 0.00581599911675, -0.00470791012049, 0.00584075273946, -0.00699919229373, 0.00616025738418], [-0.000306341098621, 0.00598429981619, -0.00537695921957, 0.00152370939031, -0.00671716174111, 0.0120789278299, -0.00382974464446, 0.00182992569171, -0.00252462993376, 0.00190793548245, -0.00368533702567, 0.00329493917525, -0.00324617093429], [0.00119499326684, -0.00390766607597, 0.00493902759627, -0.00210367213003, -0.00110760342795, -0.00382974464446, 0.00965752545744, -0.00388180813752, 0.00101232051384, -0.000575383834075, -0.000166251484188, -0.00281134992838, 0.00481731118634], [-0.000707816914655, 0.00711467955261, -0.0082127507776, 0.00563306314871, -0.007603475824, 0.00182992569171, -0.00388180813752, 0.014242650941, -0.00725635467097, 0.000270988733973, -0.000739071110729, 0.00533525412902, -0.00438955798745], [0.00128964625765, -0.00497989682481, 0.00769980158657, -0.00571198016405, 0.00581599911675, -0.00252462993376, 0.00101232051384, -0.00725635467097, 0.0140633201227, -0.00258543365635, 0.00268722441979, -0.0033751539886, 0.000955334689934], [-0.00124976376537, 0.00487394910306, -0.00498196762055, 0.000888602575287, -0.00470791012049, 0.00190793548245, -0.000575383834075, 0.000270988733973, -0.00258543365635, 0.0148455426097, -0.0068637621589, -0.000791528320406, 0.00356440781616], [-0.00131229683757, -0.00623621046543, 0.00587314926088, -0.0032189222984, 0.00584075273946, -0.00368533702567, -0.000166251484188, -0.000739071110729, 0.00268722441979, -0.0068637621589, 0.0166076011956, -0.00123095023446, -0.000513962469995], [0.000318740174407, 0.00605663005263, -0.00645030802116, 0.00396790308878, -0.00699919229373, 0.00329493917525, -0.00281134992838, 0.00533525412902, -0.0033751539886, -0.000791528320406, -0.00123095023446, 0.0201129093766, -0.00772627582774], [-0.000348930159817, -0.00393981486559, 0.00258920504712, -0.00187604443636, 0.00616025738418, -0.00324617093429, 0.00481731118634, -0.00438955798745, 0.000955334689934, 0.00356440781616, -0.000513962469995, -0.00772627582774, 0.0175707824528]]
    },
    "melbands": {
        "max": [0.0138290952891, 0.0227213390172, 0.00435530021787, 0.00192603538744, 0.00946330931038, 0.00394302792847, 0.00168253656011, 0.00327466544695, 0.005806426052, 0.00557142170146, 0.00812268350273, 0.00724938558415, 0.00462654046714, 0.00623207446188, 0.00566405802965, 0.00252102036029, 0.00157699314877, 0.00086444983026, 0.0007748947246, 0.00093761581229, 0.000335856660968, 0.000885024375748, 0.00061099260347, 0.000733494001906, 0.000442587042926, 0.000306007481413, 0.000382177531719, 0.000258753076196, 0.00016529460845, 5.60535299883e-05, 3.0322402381e-05, 3.60049016308e-05, 6.12064031884e-05, 9.01174353203e-05, 5.98242149863e-05, 4.37255221186e-05, 1.96923247131e-05, 2.3147867978e-05, 1.37591223393e-05, 7.75288117438e-06],
        "mean": [0.000415544549469, 0.000507870747242, 0.000138735907967, 0.000113694331958, 0.000302314758301, 8.65076071932e-05, 8.70108342497e-05, 0.000172301661223, 0.000310636096401, 0.000561133259907, 0.000764198135585, 0.000549627700821, 0.000379146862542, 0.000207110599149, 0.000323791173287, 9.73236601567e-05, 6.67792992317e-05, 6.52808812447e-05, 4.56301786471e-05, 3.41443119396e-05, 2.27142390941e-05, 2.50518151006e-05, 2.59362477664e-05, 3.36224657076e-05, 3.7144516682e-05, 1.79492944881e-05, 1.81565101229e-05, 9.50044523051e-06, 4.68680400445e-06, 2.43307954406e-06, 2.82287578557e-06, 2.23848905989e-06, 1.93248911273e-06, 1.63953689025e-06, 1.23126085327e-06, 9.95110781332e-07, 8.06743628345e-07, 5.98079566316e-07, 3.42729947533e-07, 2.19084540731e-07],
        "min": [5.0451137712e-10, 7.33603289227e-10, 1.50525156783e-08, 8.98725094345e-09, 1.93454496866e-07, 2.48254309554e-07, 1.7264027008e-07, 8.10044866739e-07, 3.60280705536e-06, 5.1556330618e-06, 1.62946491855e-06, 3.93009173649e-07, 4.54005021311e-06, 1.75063291863e-06, 3.04826608044e-06, 1.95032021111e-06, 8.3552936303e-07, 9.220095194e-07, 1.13583098482e-06, 1.33292203941e-07, 1.84240931844e-07, 2.02579414577e-07, 1.54399586449e-07, 5.08886387252e-07, 1.16302805964e-06, 2.41065833961e-07, 5.17830358149e-07, 6.9316364204e-08, 6.45556923473e-08, 5.88660071799e-08, 6.5771743607e-08, 7.04940887886e-08, 3.86021952181e-08, 3.45511210753e-08, 2.58942396414e-08, 1.04726038952e-09, 2.92025735191e-12, 4.23288818276e-13, 3.63924358314e-13, 2.08823220217e-13],
        "stdev": [0.00111608672887, 0.00122141011525, 0.000387109437725, 0.000233903512708, 0.00095490727108, 0.000252352183452, 0.000157824310008, 0.000336001277901, 0.00045210350072, 0.000573115015868, 0.00093564792769, 0.000674356881063, 0.000511247024406, 0.000432637811173, 0.000858556828462, 0.00018723490939, 8.35285827634e-05, 8.4867082478e-05, 5.90256167925e-05, 5.79224506509e-05, 2.9509081287e-05, 4.4826305384e-05, 3.47135319316e-05, 4.94828018418e-05, 5.99450031586e-05, 3.46970518876e-05, 3.79146731575e-05, 2.12393042602e-05, 1.18317839224e-05, 4.00489852836e-06, 3.77849050892e-06, 2.9483758226e-06, 3.01154091176e-06, 3.20486606142e-06, 2.30722321248e-06, 2.08827145798e-06, 1.46787579069e-06, 1.26195402572e-06, 7.88660997841e-07, 5.91619141233e-07]
    },
    "melbands128": {
        "max": [0.0029599822592, 0.0170386172831, 0.0219096709043, 0.0289731770754, 0.0286383293569, 0.0156391151249, 0.00833426881582, 0.00731347082183, 0.00290982495062, 0.00199902011082, 0.0025844196789, 0.0141785312444, 0.0128354495391, 0.0110713504255, 0.00515676476061, 0.00245157419704, 0.00242630485445, 0.002225673059, 0.00228229165077, 0.00362129393034, 0.00547321047634, 0.00981848686934, 0.00896461028606, 0.00976736843586, 0.0102382777259, 0.00837587937713, 0.013014761731, 0.0150194289163, 0.0118235982955, 0.0167383532971, 0.00612810533494, 0.011087580584, 0.00864950101823, 0.00833004619926, 0.0164333041757, 0.00430050492287, 0.00616238685325, 0.0120353400707, 0.00943135004491, 0.00568978115916, 0.00246391631663, 0.00179739436135, 0.00363138969988, 0.000927934364881, 0.00225029047579, 0.00129628635477, 0.00175311532803, 0.00117486040108, 0.000999672105536, 0.00264227134176, 0.0011238680454, 0.000439546303824, 0.000555773905944, 0.000394680973841, 0.000985765480436, 0.001641947194, 0.0017757860478, 0.0009314083145, 0.00138528866228, 0.000831092242151, 0.00131840095855, 0.00137040484697, 0.000855023565236, 0.00114790094085, 0.0011470252648, 0.000477452005725, 0.00050302722957, 0.000573285098653, 0.000765003787819, 0.000514639134053, 0.000532271340489, 0.000439279479906, 0.000508033321239, 0.000219907175051, 7.99802801339e-05, 8.81943196873e-05, 9.42444094107e-05, 8.83535758476e-05, 3.7972440623e-05, 6.06921639701e-05, 7.1979528002e-05, 3.90197892557e-05, 4.53199354524e-05, 5.6660395785e-05, 8.8807544671e-05, 7.39438401069e-05, 8.51860022522e-05, 0.000123917299788, 3.68545988749e-05, 4.80575363326e-05, 3.39101134159e-05, 6.49213179713e-05, 3.17876074405e-05, 1.86747529369e-05, 2.39125311055e-05, 1.57296017278e-05, 4.17981755163e-05, 1.58398979693e-05, 1.48451772475e-05, 1.24882426462e-05, 8.88701561053e-06, 6.36437243884e-06, 1.02430358311e-05, 2.23714177991e-05, 1.80634742719e-05, 8.57400846144e-06, 4.1363073251e-06, 3.172130846e-06, 2.98749728245e-06, 1.38128700655e-06, 7.12260543878e-07, 6.86472276357e-07, 2.87017172695e-07, 1.26923023203e-08, 1.31605855103e-08, 1.59566422298e-08, 9.51658041259e-09, 9.27741972134e-09, 9.08125485921e-09, 8.86216700025e-09, 8.6961007284e-09, 8.54647819182e-09, 8.40305780514e-09, 8.26833446155e-09, 8.18325407437e-09, 8.10782729843e-09, 8.04083910566e-09, 8.00310306914e-09],
        "mean": [6.01118554187e-05, 0.000346276035998, 0.000520456465892, 0.000632308539934, 0.000634656345937, 0.000324839842506, 0.000144733232446, 0.000124408339616, 6.21351355221e-05, 6.14721066086e-05, 0.00012971846445, 0.000415197835537, 0.00036794017069, 0.000140216565342, 7.32867410989e-05, 5.53409845452e-05, 8.68035131134e-05, 0.000102455654996, 6.95796770742e-05, 0.000103731872514, 0.000248343654675, 0.000321550498484, 0.000260129367234, 0.00037494400749, 0.000473289313959, 0.000631551258266, 0.000797561253421, 0.000781716720667, 0.000743340176996, 0.000660744903143, 0.000424361875048, 0.00044870635611, 0.000386033614632, 0.000330993556418, 0.000287298957119, 0.000129539053887, 0.000111800007289, 0.000517828390002, 0.000307533657178, 9.90749758785e-05, 6.30622453173e-05, 6.54895193293e-05, 6.39449863229e-05, 6.00905950705e-05, 9.43778286455e-05, 6.19792335783e-05, 4.1985171265e-05, 4.22928569606e-05, 4.89125268359e-05, 4.70668383059e-05, 3.08216549456e-05, 2.21938298637e-05, 2.89964773401e-05, 1.86258967005e-05, 1.78562149813e-05, 2.88951723633e-05, 2.79807081824e-05, 2.49008135143e-05, 2.40862573264e-05, 2.93366811093e-05, 3.61316124327e-05, 3.17548401654e-05, 4.44626020908e-05, 3.6255154555e-05, 3.13927885145e-05, 1.62071992236e-05, 1.06169163701e-05, 1.54801637109e-05, 2.42812348006e-05, 1.45640196934e-05, 9.46109958022e-06, 6.72259193379e-06, 6.14959617451e-06, 4.99573343404e-06, 1.82590372333e-06, 2.03357808459e-06, 2.64516324933e-06, 3.67687425751e-06, 2.50538892033e-06, 2.5980391456e-06, 2.08568712878e-06, 2.30306409321e-06, 2.10359507946e-06, 1.83496547379e-06, 1.88528485978e-06, 1.65519111306e-06, 1.61373782248e-06, 1.47362163716e-06, 1.17206627692e-06, 1.10380779006e-06, 1.03339721136e-06, 1.00053057395e-06, 8.68850008828e-07, 8.21765297587e-07, 7.77926913997e-07, 6.3276166884e-07, 6.50553317882e-07, 3.89296701542e-07, 3.56360345677e-07, 3.04793957184e-07, 2.49893645332e-07, 1.67235995718e-07, 2.08798056178e-07, 3.19709272389e-07, 2.32003543488e-07, 6.64335715328e-08, 3.14391250811e-08, 1.87491817627e-08, 1.80659505133e-08, 1.51728745124e-08, 8.40270253377e-09, 8.4385529675e-09, 3.97622912374e-09, 1.6978951578e-10, 1.27461347033e-10, 1.18091175727e-10, 3.52209060528e-11, 1.46552006641e-11, 1.42487870461e-11, 1.40543774535e-11, 1.40927582104e-11, 1.35881375596e-11, 1.30089047173e-11, 1.28509390629e-11, 1.26354014057e-11, 1.23971848412e-11, 1.22418707116e-11, 1.21725095281e-11],
        "min": [1.76756764607e-12, 6.82618753189e-11, 6.25889826078e-11, 2.96724103621e-11, 1.41366141015e-10, 6.45293762869e-10, 1.53225676591e-09, 3.78907527576e-09, 1.27880106504e-08, 6.60998100699e-09, 3.18109716346e-09, 1.62991509178e-09, 3.41183126196e-09, 2.73408655715e-08, 7.94978394225e-09, 6.44068052225e-08, 9.86839125972e-08, 1.4844218299e-07, 1.57996495886e-07, 1.4554552763e-07, 6.90636056788e-07, 2.42720176402e-07, 9.43293912314e-07, 4.26484064064e-07, 1.24695668546e-06, 7.16108331744e-07, 3.90061870803e-07, 5.92593323745e-07, 5.61012484468e-07, 3.76850749717e-07, 1.88328499462e-07, 4.22956304647e-07, 5.43770795502e-07, 9.76941464614e-07, 2.00825752472e-07, 4.06379889739e-08, 4.08515944628e-07, 7.58171836424e-07, 8.69594032338e-07, 1.74342332571e-07, 2.6658437946e-07, 2.80861854662e-07, 1.75847290507e-07, 1.83264774023e-07, 1.85441905387e-07, 1.01679567877e-07, 1.34340240265e-07, 7.84154110534e-08, 2.01426402668e-07, 6.8100540318e-08, 7.10405458904e-08, 7.95288030986e-08, 1.3292108747e-08, 8.84190409778e-09, 1.45616159131e-08, 1.71723506526e-08, 5.43536202713e-08, 2.99553803984e-09, 2.33279795481e-09, 2.87351165085e-09, 6.71868471969e-09, 1.01231911742e-07, 2.80667734387e-07, 2.61667878476e-07, 1.22735084318e-08, 6.84473722146e-09, 7.49967732361e-09, 1.56090820269e-08, 2.48291058824e-07, 7.12156023042e-08, 4.94854646149e-09, 6.97017377149e-09, 7.27779436716e-09, 1.25954646713e-09, 5.36539701557e-09, 1.56414037278e-09, 8.69145555527e-09, 1.62968181172e-08, 5.84598103259e-09, 3.46621731317e-09, 9.02067576192e-09, 6.11482420254e-09, 1.31440147655e-08, 4.38052971674e-09, 1.42730760544e-08, 4.21348955726e-09, 1.375349723e-09, 1.30398198905e-08, 6.90227563993e-09, 6.74633751641e-11, 5.46170018934e-11, 5.46571621296e-10, 6.04686439809e-12, 2.25521164243e-12, 7.07850932816e-13, 4.16080473027e-13, 3.84097593141e-13, 3.36015557826e-13, 3.09584037008e-13, 1.51388125126e-13, 1.37803844399e-13, 1.79335916234e-13, 1.39367128406e-13, 1.23315867608e-13, 1.21112321561e-13, 1.78004434651e-13, 1.27621505486e-13, 1.049435468e-13, 1.21308602811e-13, 1.41620317361e-13, 1.4065297863e-13, 1.15588921355e-13, 1.02872619006e-13, 1.21703143982e-13, 8.57019059127e-14, 1.28422500498e-13, 9.10036884174e-14, 1.02856789655e-13, 9.85429796031e-14, 1.09541119665e-13, 1.09337377748e-13, 1.12691546904e-13, 1.19004795168e-13, 1.07116714858e-13, 9.37291761674e-14, 3.31543569454e-14, 4.94733902689e-15, 1.08695820594e-16],
        "stdev": [0.000184690288734, 0.00106513535138, 0.00163518812042, 0.00164972059429, 0.00162128207739, 0.000909382128157, 0.000459730246803, 0.000525123614352, 0.000186060744454, 0.000140143238241, 0.000329781498294, 0.00143491907511, 0.00127227744088, 0.000673253671266, 0.000281980697764, 0.000162201278727, 0.000191234837985, 0.000217367924051, 0.000147922430187, 0.000232616395806, 0.000595407560468, 0.000968717678916, 0.000534479739144, 0.000552237441298, 0.000683992460836, 0.000891270115972, 0.00136788270902, 0.00138765212614, 0.00119186507072, 0.00131601421162, 0.000584628025535, 0.000919665559195, 0.000725778751075, 0.000666518637445, 0.000979230972007, 0.000355306285201, 0.000318061356666, 0.00166668428574, 0.000951622787397, 0.000351170223439, 0.000159390983754, 0.000126923681819, 0.000140268399264, 0.000100927849417, 0.000184288655873, 0.000104006183392, 9.73282221821e-05, 7.33987544663e-05, 8.47360497573e-05, 0.000129965090309, 7.32486514607e-05, 3.26075096382e-05, 5.32723934157e-05, 3.38278623531e-05, 3.94400049117e-05, 7.34041022952e-05, 7.016541349e-05, 4.10229768022e-05, 5.70606571273e-05, 5.44266877114e-05, 8.22078509373e-05, 7.23215853213e-05, 0.000102974830952, 9.42031983868e-05, 9.797745588e-05, 4.3428135541e-05, 3.10031573463e-05, 4.46833364549e-05, 6.72677851981e-05, 4.40796175099e-05, 3.18189195241e-05, 2.28945482377e-05, 2.40137433138e-05, 1.67976722878e-05, 4.55791177956e-06, 5.40297287444e-06, 6.46995567877e-06, 7.7850982052e-06, 4.13392399423e-06, 4.66372785013e-06, 4.60280261905e-06, 3.73533976017e-06, 3.43873239217e-06, 3.71751821149e-06, 3.74941464543e-06, 3.13011423714e-06, 3.55724614565e-06, 4.00227236241e-06, 1.98763564185e-06, 2.11004703488e-06, 1.98094858206e-06, 2.72842589766e-06, 1.92510742636e-06, 1.51078495492e-06, 1.6211329239e-06, 1.23252368667e-06, 1.85148576293e-06, 9.43784186802e-07, 8.45488898449e-07, 8.02305805792e-07, 6.64339040668e-07, 4.68466481607e-07, 7.82733934557e-07, 1.57254839905e-06, 1.15892237318e-06, 3.56414886937e-07, 1.60888944833e-07, 1.11247615564e-07, 1.02585651973e-07, 7.70898935798e-08, 3.99622628322e-08, 3.85783991419e-08, 1.86838917671e-08, 8.07166500305e-10, 7.21878889998e-10, 7.60217278017e-10, 3.48864909183e-10, 3.0389238348e-10, 2.95791058313e-10, 2.92536744828e-10, 2.95522190052e-10, 2.84011258955e-10, 2.7053306817e-10, 2.6771759809e-10, 2.64621352608e-10, 2.61684396374e-10, 2.59507221267e-10, 2.58236515505e-10]
    },
    "mfcc": {
        "mean": [-643.883972168, 99.1317977905, -69.3210296631, -14.9486131668, -39.7450256348, -6.83474302292, -12.1826000214, 19.6467876434, -10.4981908798, 6.64370775223, -5.61301755905, -6.22082805634, -12.9827394485],
        "cov": [[1687.07995605, -138.245452881, 1346.74084473, 669.94519043, 863.70300293, 193.840377808, 561.615905762, -285.97277832, 105.549980164, 68.5001678467, 231.57875061, 211.625244141, 390.902374268], [-138.245452881, 469.459899902, 169.118301392, 340.254119873, 96.0514068604, 193.71963501, 165.714874268, 67.9580078125, -5.29381513596, 66.7630004883, 61.9385490417, 45.7043151855, 72.0564117432], [1346.74084473, 169.118301392, 1828.04943848, 826.537719727, 1045.49938965, 214.086227417, 702.091491699, -314.314331055, 141.99911499, 44.1570320129, 256.045440674, 159.534255981, 429.000640869], [669.94519043, 340.254119873, 826.537719727, 901.107177734, 550.696899414, 414.984649658, 507.454406738, -16.4329166412, 95.8228225708, 162.86491394, 238.936859131, 239.942504883, 337.235595703], [863.70300293, 96.0514068604, 1045.49938965, 550.696899414, 746.672668457, 177.316192627, 469.007415771, -144.976394653, 137.336242676, 62.2554740906, 210.663894653, 119.505752563, 301.368041992], [193.840377808, 193.71963501, 214.086227417, 414.984649658, 177.316192627, 397.376861572, 270.971466064, 84.9787902832, 52.5084991455, 103.140739441, 157.80708313, 167.551315308, 161.367980957], [561.615905762, 165.714874268, 702.091491699, 507.454406738, 469.007415771, 270.971466064, 569.447265625, -21.7629756927, 122.948554993, 101.61541748, 266.976837158, 140.598770142, 284.99420166], [-285.97277832, 67.9580078125, -314.314331055, -16.4329166412, -144.976394653, 84.9787902832, -21.7629756927, 245.847244263, 57.844997406, 81.3964614868, 27.6780853271, 5.88975191116, -35.1487121582], [105.549980164, -5.29381513596, 141.99911499, 95.8228225708, 137.336242676, 52.5084991455, 122.948554993, 57.844997406, 165.346160889, 58.9569854736, 103.092773438, 39.8311729431, 85.0867843628], [68.5001678467, 66.7630004883, 44.1570320129, 162.86491394, 62.2554740906, 103.140739441, 101.61541748, 81.3964614868, 58.9569854736, 144.271835327, 87.4462509155, 68.290435791, 65.1120376587], [231.57875061, 61.9385490417, 256.045440674, 238.936859131, 210.663894653, 157.80708313, 266.976837158, 27.6780853271, 103.092773438, 87.4462509155, 247.259307861, 118.601875305, 170.384246826], [211.625244141, 45.7043151855, 159.534255981, 239.942504883, 119.505752563, 167.551315308, 140.598770142, 5.88975191116, 39.8311729431, 68.290435791, 118.601875305, 189.410949707, 127.839370728], [390.902374268, 72.0564117432, 429.000640869, 337.235595703, 301.368041992, 161.367980957, 284.99420166, -35.1487121582, 85.0867843628, 65.1120376587, 170.384246826, 127.839370728, 248.270309448]],
        "icov": [[0.00278900796548, 0.00229076924734, -0.000782353919931, -0.000861987587996, -0.00136533123441, -5.49380238226e-05, -0.00051009998424, 0.000664999650326, 0.0010571636958, -0.000849028874654, 0.000540003005881, -0.000691958237439, -0.000314602657454], [0.00229076924734, 0.00564234703779, -0.000886662572157, -0.00279018376023, -0.000271788972896, -0.000516969827004, -0.000607475813013, -0.000515104737133, 0.00186874414794, -0.000464096898213, 9.22979597817e-06, 0.00100510334596, 0.000325431057718], [-0.000782353919931, -0.000886662572157, 0.00422379933298, -0.000730150612071, -0.00354881840758, 0.000880243082065, -0.0015838900581, 0.00201955973171, -0.00064760085661, 0.000664099818096, 0.000990886357613, 6.42084414721e-05, 0.000356858130544], [-0.000861987587996, -0.00279018376023, -0.000730150612071, 0.00662004668266, -0.000978678348474, -0.00247477274388, -0.00023057263752, -0.000285091984551, 0.000558585452382, -0.00231750775129, 0.00161657249555, -0.00192860525567, -0.00224276212975], [-0.00136533123441, -0.000271788972896, -0.00354881840758, -0.000978678348474, 0.00974170025438, -0.00018032566004, 6.90678934916e-05, 0.000132938745082, -0.00275458116084, 0.000362686259905, -0.001293475274, 0.00194124376867, -0.00134120031726], [-5.49380238226e-05, -0.000516969827004, 0.000880243082065, -0.00247477274388, -0.00018032566004, 0.0077940071933, -0.00208122446202, -0.00240818597376, 0.00100939825643, 0.00123263383284, -0.000204535288503, -0.00347269233316, 0.000537588028237], [-0.00051009998424, -0.000607475813013, -0.0015838900581, -0.00023057263752, 6.90678934916e-05, -0.00208122446202, 0.00822987500578, -0.000952417671215, 0.000124050173326, 0.000130889093271, -0.00461475038901, 0.0025786999613, -0.00252125179395], [0.000664999650326, -0.000515104737133, 0.00201955973171, -0.000285091984551, 0.000132938745082, -0.00240818597376, -0.000952417671215, 0.0108974687755, -0.00443104468286, -0.00404713023454, 0.000382363039535, 0.00155761535279, 0.00155552430078], [0.0010571636958, 0.00186874414794, -0.00064760085661, 0.000558585452382, -0.00275458116084, 0.00100939825643, 0.000124050173326, -0.00443104468286, 0.0121724149212, -0.00150938564911, -0.00236168364063, -5.18301021657e-05, -0.00205707363784], [-0.000849028874654, -0.000464096898213, 0.000664099818096, -0.00231750775129, 0.000362686259905, 0.00123263383284, 0.000130889093271, -0.00404713023454, -0.00150938564911, 0.0134698776528, -0.00232500163838, -0.00152620242443, 0.000873409619089], [0.000540003005881, 9.22979597817e-06, 0.000990886357613, 0.00161657249555, -0.001293475274, -0.000204535288503, -0.00461475038901, 0.000382363039535, -0.00236168364063, -0.00232500163838, 0.0129391308874, -0.00361235020682, -0.00330714415759], [-0.000691958237439, 0.00100510334596, 6.42084414721e-05, -0.00192860525567, 0.00194124376867, -0.00347269233316, 0.0025786999613, 0.00155761535279, -5.18301021657e-05, -0.00152620242443, -0.00361235020682, 0.0132356192917, -0.00345052336343], [-0.000314602657454, 0.000325431057718, 0.000356858130544, -0.00224276212975, -0.00134120031726, 0.000537588028237, -0.00252125179395, 0.00155552430078, -0.00205707363784, 0.000873409619089, -0.00330714415759, -0.00345052336343, 0.0157739240676]]
    },
    "spectral_contrast_coeffs": {
        "max": [-0.228481531143, -0.406848818064, -0.533103466034, -0.532043516636, -0.501007676125, -0.447414398193],
        "mean": [-0.694013953209, -0.721343278885, -0.716242730618, -0.781335294247, -0.724208652973, -0.665579378605],
        "min": [-0.877930641174, -0.903019309044, -0.868505418301, -0.889920055866, -0.848770022392, -0.838786244392],
        "stdev": [0.127707898617, 0.0744445770979, 0.0623376220465, 0.0669248774648, 0.0646451562643, 0.0802511498332]
    },
    "spectral_contrast_valleys": {
        "max": [-5.58023738861, -5.26416015625, -5.27638530731, -6.02210569382, -6.27905702591, -8.57342147827],
        "mean": [-8.68489551544, -6.83240938187, -6.40072345734, -7.06184053421, -7.59579658508, -11.3804836273],
        "min": [-12.0974836349, -8.76790714264, -8.36494541168, -8.91548061371, -9.76798820496, -15.7984838486],
        "stdev": [1.50000882149, 0.46775379777, 0.534163594246, 0.494786202908, 0.508296012878, 1.31248474121]
    }
},
"rhythm": {
    "beats_count": 70,
    "beats_loudness": {
        "max": 0.0578108094633,
        "mean": 0.0295474398881,
        "min": 0.00454840576276,
        "stdev": 0.012063536793
    },
    "bpm": 126.37739563,
    "bpm_histogram_first_peak_bpm": 126,
    "bpm_histogram_first_peak_weight": 0.390243887901,
    "bpm_histogram_second_peak_bpm": 110,
    "bpm_histogram_second_peak_spread": 0.411764681339,
    "bpm_histogram_second_peak_weight": 0.144927531481,
    "danceability": 0.964342057705,
    "onset_rate": 1.02903258801,
    "beats_loudness_band_ratio": {
        "max": [0.777891874313, 0.599498808384, 0.755697071552, 0.838214218616, 0.359515935183, 0.232855975628],
        "mean": [0.107894539833, 0.0535683073103, 0.28828060627, 0.419785678387, 0.111134290695, 0.0508611015975],
        "min": [3.56755153916e-05, 0.000467249890789, 0.027675691992, 0.0202251896262, 0.0135225560516, 0.00751981092617],
        "stdev": [0.186399444938, 0.119047127664, 0.201019182801, 0.207365766168, 0.0769343972206, 0.0532379001379]
    },
    "beats_position": [0.49922901392, 0.99845802784, 1.48607707024, 1.9620860815, 2.46131515503, 2.94893407822, 3.42494320869, 3.90095233917, 4.38857126236, 4.86458063126, 5.32897949219, 5.80498838425, 6.29260778427, 6.76861667633, 7.24462556839, 7.72063493729, 8.19664382935, 8.66104316711, 9.19510173798, 9.75238037109, 10.2980499268, 10.866938591, 11.4358272552, 11.9814968109, 12.5155553818, 13.0496139526, 13.5836734772, 14.1293420792, 14.66340065, 15.2090702057, 15.7547388077, 16.3004074097, 16.8576869965, 17.4033565521, 17.995464325, 18.5875740051, 19.179681778, 19.760181427, 20.3290691376, 20.8747386932, 21.4204082489, 21.9660758972, 22.4420852661, 22.9297046661, 23.405714035, 23.8817234039, 24.3577327728, 24.8337402344, 25.3097496033, 25.7857589722, 26.2617683411, 26.7261676788, 27.1905670166, 27.6665763855, 28.142583847, 28.6418132782, 29.1410427094, 29.6286621094, 30.0930614471, 30.5574588776, 31.0218582153, 31.4978675842, 31.962266922, 32.4382743835, 32.9142837524, 33.3902931213, 33.8546943665, 34.3307037354, 34.7951011658, 35.2711105347],
