{
"metadata": {
    "version": {
        "essentia": "2.1-beta5",
        "essentia_git_sha": "Undefined",
        "extractor": "music 2.0"
    },
    "audio_properties": {
        "analysis": {
            "equal_loudness": 0,
            "length": 35.5381393433,
            "sample_rate": 44100,
            "start_time": 175.240997314,
            "downmix": "mix"
        },
        "bit_rate": 192000,
        "length": 210.802368164,
        "lossless": 0,
        "number_channels": 2,
        "replay_gain": -6.62111091614,
        "sample_rate": 48000,
        "codec": "mp3",
        "md5_encoded": "3c83963157ce1ff1d182b65d72a7c172"
    },
    "tags": {
        "file_name": "Romania_Zaleilah_Mandinga.mp3",
        "encoding": ["Lavf58.29.100"]
    }
},
"lowlevel": {
    "average_loudness": 0.747662842274,
    "barkbands_crest": {
        "max": 25.5481719971,
        "mean": 11.1090755463,
        "min": 2.84806489944,
        "stdev": 4.35754585266
    },
    "barkbands_flatness_db": {
        "max": 0.36472350359,
        "mean": 0.201229184866,
        "min": 0.0432718470693,
        "stdev": 0.0611332096159
    },
    "barkbands_kurtosis": {
        "max": 91.5230560303,
        "mean": 5.94502496719,
        "min": -1.88033723831,
        "stdev": 8.8285779953
    },
    "barkbands_skewness": {
        "max": 7.94443321228,
        "mean": 1.74291622639,
        "min": -3.83388590813,
        "stdev": 1.27549207211
    },
    "barkbands_spread": {
        "max": 118.780906677,
        "mean": 15.2718257904,
        "min": 1.18176448345,
        "stdev": 12.6985406876
    },
    "dissonance": {
        "max": 0.5,
        "mean": 0.468043327332,
        "min": 0.312502831221,
        "stdev": 0.0258706789464
    },
    "dynamic_complexity": 5.07483243942,
    "erbbands_crest": {
        "max": 32.5433731079,
        "mean": 9.93960380554,
        "min": 2.5932662487,
        "stdev": 5.13340234756
    },
    "erbbands_flatness_db": {
        "max": 0.42020341754,
        "mean": 0.221597060561,
        "min": 0.0675015076995,
        "stdev": 0.067563444376
    },
    "erbbands_kurtosis": {
        "max": 26.3232688904,
        "mean": 1.10829126835,
        "min": -1.68503606319,
        "stdev": 2.84968590736
    },
    "erbbands_skewness": {
        "max": 4.45714616776,
        "mean": 0.73400002718,
        "min": -3.22696852684,
        "stdev": 0.821555793285
    },
    "erbbands_spread": {
        "max": 107.936508179,
        "mean": 29.6967029572,
        "min": 4.68677854538,
        "stdev": 15.9071712494
    },
    "hfc": {
        "max": 122.688819885,
        "mean": 19.5021038055,
        "min": 0.052564445883,
        "stdev": 23.9707298279
    },
    "loudness_ebu128": {
        "integrated": -18.2271747589,
        "loudness_range": 9.21510124207,
        "momentary": {
            "max": -12.7567529678,
            "mean": -20.2187976837,
            "min": -37.6661682129,
            "stdev": 4.36557626724
        },
        "short_term": {
            "max": -13.9298057556,
            "mean": -19.6140480042,
            "min": -24.7156200409,
            "stdev": 3.40819382668
        }
    },
    "melbands_crest": {
        "max": 35.2590408325,
        "mean": 14.8055963516,
        "min": 3.11974525452,
        "stdev": 5.90274572372
    },
    "melbands_flatness_db": {
        "max": 0.450885742903,
        "mean": 0.215774714947,
        "min": 0.0252259466797,
        "stdev": 0.0883297249675
    },
    "melbands_kurtosis": {
        "max": 247.259811401,
        "mean": 14.4486761093,
        "min": -1.57690358162,
        "stdev": 18.6234092712
    },
    "melbands_skewness": {
        "max": 14.1519527435,
        "mean": 2.59002661705,
        "min": -1.03519701958,
        "stdev": 1.61818766594
    },
    "melbands_spread": {
        "max": 201.190185547,
        "mean": 19.3034439087,
        "min": 1.00254416466,
        "stdev": 19.6572704315
    },
    "pitch_salience": {
        "max": 0.840202391148,
        "mean": 0.572053670883,
        "min": 0.077361561358,
        "stdev": 0.137479186058
    },
    "silence_rate_20dB": {
        "max": 1,
        "mean": 1,
        "min": 1,
        "stdev": 0
    },
    "silence_rate_30dB": {
        "max": 1,
        "mean": 1,
        "min": 1,
        "stdev": 0
    },
    "silence_rate_60dB": {
        "max": 1,
        "mean": 0.125979110599,
        "min": 0,
        "stdev": 0.331825226545
    },
    "spectral_centroid": {
        "max": 5974.80957031,
        "mean": 1349.71862793,
        "min": 215.650909424,
        "stdev": 693.484985352
    },
    "spectral_complexity": {
        "max": 40,
        "mean": 13.3237600327,
        "min": 0,
        "stdev": 7.68264770508
    },
    "spectral_decrease": {
        "max": -1.83078534971e-11,
        "mean": -4.26851398672e-09,
        "min": -2.29327241641e-08,
        "stdev": 4.2068943884e-09
    },
    "spectral_energy": {
        "max": 0.0880169644952,
        "mean": 0.0178792476654,
        "min": 7.65243530623e-05,
        "stdev": 0.0175474379212
    },
    "spectral_energyband_high": {
        "max": 0.0131217958406,
        "mean": 0.000628872832749,
        "min": 1.43598185787e-06,
        "stdev": 0.00120030203834
    },
    "spectral_energyband_low": {
        "max": 0.0847939550877,
        "mean": 0.00434117671102,
        "min": 6.51553211384e-09,
        "stdev": 0.00953218713403
    },
    "spectral_energyband_middle_high": {
        "max": 0.0773142129183,
        "mean": 0.00820983760059,
        "min": 9.58443069976e-06,
        "stdev": 0.012657251209
    },
    "spectral_energyband_middle_low": {
        "max": 0.0731934010983,
        "mean": 0.00517528736964,
        "min": 1.9996690753e-05,
        "stdev": 0.00807488616556
    },
    "spectral_entropy": {
        "max": 8.9172744751,
        "mean": 7.45051336288,
        "min": 6.1144695282,
        "stdev": 0.465269505978
    },
    "spectral_flux": {
        "max": 0.276399046183,
        "mean": 0.0691976696253,
        "min": 0.00473806401715,
        "stdev": 0.0417913757265
    },
    "spectral_kurtosis": {
        "max": 25.5826263428,
        "mean": 4.43229675293,
        "min": -1.19696545601,
        "stdev": 3.42249894142
    },
    "spectral_rms": {
        "max": 0.00926661770791,
        "mean": 0.00370291993022,
        "min": 0.000273235986242,
        "stdev": 0.0019317275146
    },
    "spectral_rolloff": {
        "max": 12360.0585938,
        "mean": 1532.65075684,
        "min": 64.599609375,
        "stdev": 1447.50769043
    },
    "spectral_skewness": {
        "max": 3.68838238716,
        "mean": 1.53894078732,
        "min": -0.13833142817,
        "stdev": 0.442559331656
    },
    "spectral_spread": {
        "max": 17250920,
        "mean": 3926178,
        "min": 1945079,
        "stdev": 1660896.625
    },
    "spectral_strongpeak": {
        "max": 13.3635730743,
        "mean": 1.43601763248,
        "min": 0.00546205416322,
        "stdev": 2.08738470078
    },
    "zerocrossingrate": {
        "max": 0.43115234375,
        "mean": 0.0603250451386,
        "min": 0.00439453125,
        "stdev": 0.040123026818
    },
    "barkbands": {
        "max": [0.00656728772447, 0.0832841545343, 0.0317497737706, 0.0172078814358, 0.0254251398146, 0.0181115493178, 0.022176053375, 0.0609722808003, 0.0524056404829, 0.041865054518, 0.0460479222238, 0.0703100040555, 0.025887761265, 0.0291105788201, 0.0344709642231, 0.0187775921077, 0.0221136435866, 0.00955844298005, 0.00595941627398, 0.00172800710425, 0.00189328053966, 0.0017548733158, 0.00355554488488, 0.0088995071128, 0.00370790367015, 0.00122541445307, 2.94405640489e-06],
        "mean": [0.000108541564259, 0.00301655102521, 0.00103374908213, 0.000369829591364, 0.00062934437301, 0.00047390194959, 0.000569205149077, 0.000551419158, 0.00181117630564, 0.00199545267969, 0.00183996174019, 0.00144578074105, 0.000346048589563, 0.000626761990134, 0.000618543766905, 0.000770662445575, 0.000485863536596, 0.000266093993559, 0.000244449998718, 0.000104743907286, 0.000101897814602, 8.00813868409e-05, 0.000141873126267, 0.000151505460963, 7.69908292568e-05, 1.88236263057e-05, 9.39105770925e-09],
        "min": [8.58707827067e-11, 1.75671710512e-09, 1.80036474617e-09, 5.16532550066e-09, 5.93484763556e-08, 1.11689246296e-06, 7.86132204667e-07, 3.67208684793e-07, 1.04594812456e-06, 3.38764209573e-07, 5.33592640295e-07, 4.5487061584e-07, 7.9580900092e-07, 2.25546671118e-07, 3.44003325381e-07, 4.45136862481e-07, 1.37096961339e-07, 4.05514697377e-07, 6.88895681833e-07, 6.15453814135e-07, 3.3895935303e-07, 1.06216511142e-07, 4.40250786937e-08, 1.07931399929e-10, 3.58218350816e-11, 2.69992170981e-11, 3.33324028101e-11],
        "stdev": [0.000486047356389, 0.00821999274194, 0.00265247840434, 0.00111648114398, 0.00150171015412, 0.00123980548233, 0.00118179619312, 0.00284048891626, 0.00489320466295, 0.00444624712691, 0.00519198831171, 0.00642489548773, 0.00114383304026, 0.00177747930866, 0.00204953039065, 0.00192531559151, 0.00148779409938, 0.000591759744566, 0.000529282551724, 0.00018068018835, 0.000227615048061, 0.000138600342325, 0.000274902849924, 0.000431959051639, 0.00028348781052, 8.39036001707e-05, 1.05564495811e-07]
    },
    "erbbands": {
        "max": [3.75256419182, 18.026594162, 29.2167396545, 41.4145355225, 61.5381164551, 80.4974136353, 178.820343018, 228.601501465, 148.106384277, 828.908508301, 1605.41210938, 1251.99462891, 2030.10705566, 1181.23266602, 1387.5715332, 3076.06835938, 729.16192627, 919.232971191, 1071.48034668, 1543.56848145, 1221.7565918, 530.478210449, 532.438476562, 347.464935303, 301.556243896, 115.292617798, 109.74848175, 45.9792861938, 63.8178253174, 58.4165840149, 104.641777039, 177.564239502, 136.652832031, 50.6660308838, 26.7316455841, 7.85282182693, 1.60314369202, 0.0400141999125, 0.00135850999504, 0.000164329700056],
        "mean": [0.096910379827, 0.635510861874, 1.26178812981, 1.18381667137, 1.6121840477, 2.16580200195, 2.76355004311, 4.33471632004, 7.11822032928, 10.1944961548, 13.8331184387, 32.7413253784, 75.4799346924, 56.1329078674, 70.3829421997, 63.8153152466, 18.9132099152, 25.7584171295, 28.9069156647, 44.071937561, 40.7089233398, 23.8812065125, 15.3815507889, 12.6475934982, 10.6662778854, 5.52504777908, 5.2610077858, 2.80796575546, 2.7942109108, 3.5095448494, 4.10196208954, 3.58054733276, 2.18221139908, 1.04232037067, 0.446722656488, 0.143431529403, 0.023860193789, 0.000677793752402, 3.68600558431e-05, 2.53157504631e-05],
        "min": [1.99415453039e-07, 1.10063785996e-06, 5.35970502824e-06, 6.83580510668e-05, 0.00015358440578, 0.000809552671853, 0.00653694849461, 0.0075209136121, 0.0160486511886, 0.0182072985917, 0.0111883496866, 0.0283270012587, 0.00519929314032, 0.0287898723036, 0.0278001353145, 0.0266030915082, 0.0380368381739, 0.0299148187041, 0.0224617570639, 0.0207240656018, 0.0237955395132, 0.00966489501297, 0.0217042919248, 0.0205383859575, 0.0325698703527, 0.0288940407336, 0.0164471361786, 0.013152600266, 0.00399498594925, 0.0030306710396, 0.00129640649538, 0.000675594783388, 5.35400977242e-05, 1.25735741676e-05, 5.16119871463e-06, 1.93531172954e-06, 7.89236935361e-07, 1.47093160763e-07, 1.1006822831e-07, 1.07735601773e-07],
        "stdev": [0.337835788727, 1.60478782654, 3.02790236473, 3.01457571983, 4.15007066727, 5.43990325928, 7.69108200073, 12.6943330765, 14.1682720184, 35.3343009949, 67.3101654053, 86.1359558105, 200.000061035, 112.910675049, 181.882614136, 290.482086182, 49.8268547058, 64.3785171509, 73.0472183228, 121.488204956, 106.319114685, 56.2381286621, 35.6535186768, 23.0365371704, 25.8133010864, 9.49666881561, 12.3911275864, 4.9887919426, 4.91538333893, 6.31395626068, 7.90973949432, 8.82599544525, 7.02413797379, 3.64066958427, 1.80149412155, 0.605178296566, 0.118131816387, 0.00317280623131, 0.000110867353214, 2.6867743145e-05]
    },
    "gfcc": {
        "mean": [-76.1786880493, 91.8005981445, -172.164718628, 22.7856788635, -78.0854034424, 14.5899372101, -34.4507141113, 4.30673313141, -9.68541145325, -15.894115448, -5.36326408386, -10.5829429626, -0.320368021727],
        "cov": [[5475.65625, -3197.29321289, -407.77166748, -656.770080566, -508.554168701, 634.773864746, -663.618774414, 842.182128906, -293.576965332, 514.777648926, -247.335174561, 459.960754395, -85.8286895752], [-3197.29321289, 4527.80371094, 2275.31005859, 1671.25085449, 1581.53137207, -459.3487854, 887.715148926, -469.414398193, 354.03503418, -149.374206543, 274.149200439, -225.937194824, 89.4840621948], [-407.77166748, 2275.31005859, 3513.94946289, 1675.79833984, 1441.26660156, 253.751922607, 230.584381104, 359.362915039, -20.0123271942, 600.93157959, 36.2398033142, 306.057403564, -83.8744659424], [-656.770080566, 1671.25085449, 1675.79833984, 1211.65100098, 906.285583496, 28.6520137787, 260.564819336, 54.0467720032, 95.5319442749, 164.653091431, 85.754989624, 81.3489074707, 38.5158157349], [-508.554168701, 1581.53137207, 1441.26660156, 906.285583496, 943.24420166, 37.8050384521, 314.036895752, 58.0965614319, 88.4017715454, 155.72052002, 78.9880905151, 59.3444137573, -5.72685909271], [634.773864746, -459.3487854, 253.751922607, 28.6520137787, 37.8050384521, 345.004608154, -46.2105484009, 222.282562256, -54.1922111511, 173.430480957, -44.5399093628, 65.4721832275, -44.9220695496], [-663.618774414, 887.715148926, 230.584381104, 260.564819336, 314.036895752, -46.2105484009, 348.176269531, -99.1345291138, 114.810653687, -94.1033859253, 62.8681983948, -100.441947937, 19.885843277], [842.182128906, -469.414398193, 359.362915039, 54.0467720032, 58.0965614319, 222.282562256, -99.1345291138, 346.987792969, -35.8290596008, 221.35987854, -50.6052894592, 138.921615601, -40.9309310913], [-293.576965332, 354.03503418, -20.0123271942, 95.5319442749, 88.4017715454, -54.1922111511, 114.810653687, -35.8290596008, 166.982421875, -40.8882713318, 45.94871521, -48.8652839661, 25.8966388702], [514.777648926, -149.374206543, 600.93157959, 164.653091431, 155.72052002, 173.430480957, -94.1033859253, 221.35987854, -40.8882713318, 315.399871826, -13.8410863876, 144.311752319, -53.0229492188], [-247.335174561, 274.149200439, 36.2398033142, 85.754989624, 78.9880905151, -44.5399093628, 62.8681983948, -50.6052894592, 45.94871521, -13.8410863876, 115.077964783, -8.55530166626, 24.100069046], [459.960754395, -225.937194824, 306.057403564, 81.3489074707, 59.3444137573, 65.4721832275, -100.441947937, 138.921615601, -48.8652839661, 144.311752319, -8.55530166626, 169.342971802, -9.20227527618], [-85.8286895752, 89.4840621948, -83.8744659424, 38.5158157349, -5.72685909271, -44.9220695496, 19.885843277, -40.9309310913, 25.8966388702, -53.0229492188, 24.100069046, -9.20227527618, 96.7791900635]],
        "icov": [[0.000490109494422, 0.000399771844968, 5.60386288271e-05, 6.97889117873e-05, -0.000545763410628, 4.37816233898e-05, 6.19775019004e-05, -0.000499088026118, 3.38395911967e-05, -4.90156235173e-05, 0.000184272023034, -0.00026524066925, -0.000256996921962], [0.000399771844968, 0.0038204267621, -0.00206148833968, -1.55602283485e-05, -0.00251050805673, 0.00313783949241, -0.00245116860606, 0.0018264822429, -0.00155474268831, 0.000643906416371, -0.00135578995105, 0.00334152439609, -0.00095009629149], [5.60386288271e-05, -0.00206148833968, 0.0031338238623, -0.00160176143982, 0.000174049651832, -0.00160242547281, 0.00132414000109, -0.00148697383702, 0.00196889205836, -0.00223357602954, 0.00160509941634, -0.00261124409735, 0.00127618107945], [6.97889117873e-05, -1.55602283485e-05, -0.00160176143982, 0.00475420523435, -0.00245432252996, -0.000459115079138, 0.000978056224994, 0.000334942043992, -0.00134622014593, 0.00134756078478, -0.000528217700776, 5.04754207213e-05, -0.00238675111905], [-0.000545763410628, -0.00251050805673, 0.000174049651832, -0.00245432252996, 0.00812621414661, -0.00148460699711, -0.00216627237387, -0.000944552128203, 0.000991324312054, -0.000888026726898, 0.000128544998006, -0.00264111277647, 0.00176731927786], [4.37816233898e-05, 0.00313783949241, -0.00160242547281, -0.000459115079138, -0.00148460699711, 0.00866646319628, -0.0034243366681, -0.00151273037773, 0.000504189811181, -0.0016259602271, -0.00089605897665, 0.00502815190703, -0.000394311209675], [6.19775019004e-05, -0.00245116860606, 0.00132414000109, 0.000978056224994, -0.00216627237387, -0.0034243366681, 0.0100238900632, -0.00131949759088, -0.00155801139772, 0.00222375430167, -0.000244715280132, 0.0004787259968, 0.000486005010316], [-0.000499088026118, 0.0018264822429, -0.00148697383702, 0.000334942043992, -0.000944552128203, -0.00151273037773, -0.00131949759088, 0.0102479867637, -0.00307071395218, -0.0017347765388, 0.0010507380357, -0.00132145534735, -0.000222229398787], [3.38395911967e-05, -0.00155474268831, 0.00196889205836, -0.00134622014593, 0.000991324312054, 0.000504189811181, -0.00155801139772, -0.00307071395218, 0.0104742003605, -0.00196360773407, -0.00108893273864, 0.000586754467804, -0.000527786556631], [-4.90156235173e-05, 0.000643906416371, -0.00223357602954, 0.00134756078478, -0.000888026726898, -0.0016259602271, 0.00222375430167, -0.0017347765388, -0.00196360773407, 0.0112610971555, -0.00236991862766, -0.00211191014387, 0.00197568489239], [0.000184272023034, -0.00135578995105, 0.00160509941634, -0.000528217700776, 0.000128544998006, -0.00089605897665, -0.000244715280132, 0.0010507380357, -0.00108893273864, -0.00236991862766, 0.012544343248, -0.00339650199749, -0.00134914391674], [-0.00026524066925, 0.00334152439609, -0.00261124409735, 5.04754207213e-05, -0.00264111277647, 0.00502815190703, 0.0004787259968, -0.00132145534735, 0.000586754467804, -0.00211191014387, -0.00339650199749, 0.0177702382207, -0.00286621437408], [-0.000256996921962, -0.00095009629149, 0.00127618107945, -0.00238675111905, 0.00176731927786, -0.000394311209675, 0.000486005010316, -0.000222229398787, -0.000527786556631, 0.00197568489239, -0.00134914391674, -0.00286621437408, 0.0140540339053]]
    },
    "melbands": {
        "max": [0.026238758117, 0.0189134962857, 0.00770733878016, 0.00422692112625, 0.00676883850247, 0.00439627561718, 0.00205114507116, 0.00910960137844, 0.0112935071811, 0.00713871838525, 0.00975622143596, 0.00553994998336, 0.00642699794844, 0.0107095660642, 0.00374210765585, 0.00279275351204, 0.00166254269425, 0.00254525360651, 0.00381125323474, 0.00151392200496, 0.00199371529743, 0.000886568101123, 0.000705805257894, 0.000266261369688, 0.000358534482075, 0.000302183936583, 8.09270568425e-05, 8.22756410344e-05, 9.87400198937e-05, 6.70069421176e-05, 3.61432685168e-05, 3.01897380268e-05, 5.01507638546e-05, 3.68097607861e-05, 5.71832097194e-05, 9.48077795329e-05, 0.000126611819724, 0.000138420655276, 6.04898050369e-05, 3.58358847734e-05],
        "mean": [0.000852795259561, 0.000697114446666, 0.000220555681153, 0.00014349486446, 9.4316295872e-05, 9.77622767095e-05, 0.000109545537271, 0.000113178648462, 0.000114557238703, 0.000244258728344, 0.000379631033866, 0.000222022048547, 0.000253237027209, 0.000190924925846, 8.05761446827e-05, 3.61499696737e-05, 5.05652315042e-05, 4.88087061967e-05, 5.03262017446e-05, 6.17496698396e-05, 4.62364259874e-05, 2.65703783953e-05, 1.64190641954e-05, 1.27570265249e-05, 9.50660160015e-06, 1.05961780719e-05, 3.96585892304e-06, 3.54129201696e-06, 3.20271260534e-06, 2.48936794378e-06, 1.44937348523e-06, 1.51442270635e-06, 1.62938533776e-06, 2.11055794352e-06, 2.39154178416e-06, 2.34873755289e-06, 2.1457051389e-06, 1.70530006471e-06, 1.09419556793e-06, 8.01643125214e-07],
        "min": [5.35427535642e-10, 1.18262077908e-09, 1.35393518619e-08, 1.0546925111e-08, 1.71616150624e-07, 2.03115689601e-07, 2.3017251749e-07, 1.76430660304e-07, 7.91687426727e-08, 1.54773488248e-07, 1.42697054173e-08, 1.10265673925e-07, 1.04817992508e-07, 4.68285286104e-08, 7.45023029936e-08, 6.49917950568e-08, 5.16229441416e-08, 3.37097354475e-08, 2.23797336218e-08, 3.03517353473e-08, 2.63148294266e-08, 8.92654483664e-09, 9.50173273395e-09, 2.59781565148e-08, 1.22349739229e-08, 2.06761878729e-08, 1.90227726904e-08, 1.37056466176e-09, 5.3152510171e-10, 9.32748367433e-09, 6.94212198837e-09, 1.93165283768e-09, 2.14133466514e-09, 1.28783705922e-09, 8.16199163811e-10, 4.1811365481e-10, 1.57456578158e-12, 1.24225412942e-12, 1.16902646417e-12, 3.6318669426e-13],
        "stdev": [0.00255476962775, 0.00149467401206, 0.000534476246685, 0.000337106845109, 0.000262779183686, 0.000264932925347, 0.000207066303119, 0.000423366989708, 0.00051838537911, 0.000645735824946, 0.000988235115074, 0.000458733265987, 0.000717919610906, 0.000831381417811, 0.000302515400108, 0.00012239991338, 0.000136124130222, 0.000144791891216, 0.000183254363947, 0.000161682110047, 0.000152363005327, 7.24537967471e-05, 5.16591026098e-05, 2.4940687581e-05, 2.04133466468e-05, 2.8813163226e-05, 7.06098080627e-06, 6.85523673383e-06, 7.2585144153e-06, 6.4638384174e-06, 2.8286124234e-06, 2.81992447526e-06, 3.02501439364e-06, 4.02550676881e-06, 4.56261568615e-06, 5.41285498912e-06, 5.91962361796e-06, 6.19624597675e-06, 3.47141372004e-06, 2.99588259622e-06]
    },
    "melbands128": {
        "max": [0.00651615019888, 0.0344190262258, 0.0427591577172, 0.037258438766, 0.0227177403867, 0.0163372028619, 0.00930375233293, 0.00818618200719, 0.00644567562267, 0.00455126678571, 0.00592411961406, 0.0119593609124, 0.00738949049264, 0.0046907463111, 0.00821094401181, 0.00335537036881, 0.00309113203548, 0.00273580732755, 0.00386467482895, 0.0160400159657, 0.0165965538472, 0.0210918225348, 0.0159475896508, 0.00934935454279, 0.0149568989873, 0.0124951638281, 0.022682396695, 0.0134260077029, 0.00961821898818, 0.00979334581643, 0.00536066945642, 0.0154753047973, 0.0125374449417, 0.00679032457992, 0.0113025903702, 0.021850798279, 0.0150889744982, 0.00527940457687, 0.00406781164929, 0.00359189673327, 0.00487946439534, 0.00506537081674, 0.0028696723748, 0.00345436926, 0.00835078768432, 0.00153326883446, 0.00268554268405, 0.00538274738938, 0.00520796934143, 0.00444158306345, 0.00246274610981, 0.00202892371453, 0.00310033210553, 0.0055767619051, 0.00265209865756, 0.00123929616529, 0.000966315739788, 0.00123964215163, 0.00189322850201, 0.000865399080794, 0.000506505835801, 0.000366411317373, 0.000706236984115, 0.000611095165368, 0.000791613478214, 0.000512443017215, 0.000637422257569, 0.000145085650729, 0.000146815145854, 0.000150893843966, 0.000176402856596, 0.000146654841956, 0.000138732779305, 0.000148178136442, 0.000221541369683, 0.000161949035828, 4.71723506053e-05, 4.0172941226e-05, 7.38547241781e-05, 5.63987268833e-05, 7.04500052962e-05, 4.82556606585e-05, 5.14410057804e-05, 7.235683006e-05, 3.36536140821e-05, 4.41654337919e-05, 6.53759852867e-05, 6.83197431499e-05, 5.4833766626e-05, 5.90907366131e-05, 0.000113613947178, 0.000114333313832, 7.90209378465e-05, 6.36537224636e-05, 0.000254225364188, 0.000180974093382, 0.000131624721689, 5.32650119567e-05, 7.54677239456e-05, 6.57734344713e-05, 5.04703930346e-05, 5.11862490384e-05, 4.32940032624e-05, 3.78413242288e-05, 3.71519126929e-05, 3.7509980757e-05, 1.6397845684e-05, 3.26265217154e-05, 1.64951834449e-05, 2.01265647775e-05, 1.31059232444e-05, 1.14169788503e-05, 5.93583945374e-06, 3.00787860397e-07, 2.24490705136e-07, 3.33058920887e-07, 9.78166241339e-08, 3.22192250657e-09, 2.2584256687e-09, 1.58584256837e-09, 1.10500786299e-09, 7.66317509449e-10, 5.21611642768e-10, 3.38748973316e-10, 2.10020237312e-10, 1.18319604114e-10, 8.33467392325e-11, 8.27255000613e-11],
        "mean": [0.000103661688627, 0.00074926961679, 0.00121558248065, 0.00097785203252, 0.000731821870431, 0.000448322709417, 0.000230177538469, 0.000183586133062, 0.000144136603922, 0.000178570131538, 0.00010966690752, 8.68669594638e-05, 9.68085223576e-05, 9.06863351702e-05, 9.60760444286e-05, 9.83365462162e-05, 0.000114711707283, 0.00011216825078, 9.62000995059e-05, 0.000126574144815, 0.000107952277176, 0.00011746090604, 0.000107433734229, 0.000118916810607, 0.000161379633937, 0.000250717654126, 0.000536602572538, 0.000378393015126, 0.00029992882628, 0.000221795518883, 0.000156856083777, 0.000282359134872, 0.000334129930707, 0.00018472969532, 0.000106592029624, 0.000294033670798, 0.000159763309057, 6.31442817394e-05, 3.14821809297e-05, 3.05357898469e-05, 3.46604138031e-05, 5.01425056427e-05, 3.82322396035e-05, 5.36301122338e-05, 8.22009897092e-05, 3.52749557351e-05, 2.87584680336e-05, 4.77618596051e-05, 6.09150702076e-05, 6.31834700471e-05, 7.37956652301e-05, 4.59065231553e-05, 3.62780920113e-05, 6.49139547022e-05, 3.11529547616e-05, 2.08152232517e-05, 2.03493127628e-05, 2.05427750188e-05, 1.3623643099e-05, 1.17129202408e-05, 1.39649500852e-05, 1.22952405945e-05, 9.89366708382e-06, 7.94489187683e-06, 1.01669056676e-05, 1.41471136885e-05, 8.1560046965e-06, 4.44343140771e-06, 2.86350314127e-06, 3.53265795638e-06, 3.88158787246e-06, 3.76224352294e-06, 2.12074132833e-06, 3.08634707835e-06, 4.50789548267e-06, 2.9562806958e-06, 1.41151770094e-06, 1.24087125641e-06, 1.54711597133e-06, 1.53564542416e-06, 1.41946384247e-06, 1.49628147028e-06, 1.76876801561e-06, 1.46938066337e-06, 1.68212125118e-06, 2.00522708838e-06, 2.24104223889e-06, 2.36894288719e-06, 2.59053263107e-06, 2.11180213228e-06, 2.48082915277e-06, 2.25868075177e-06, 2.49721483669e-06, 1.89175830201e-06, 2.1448690859e-06, 2.30589944294e-06, 1.43950353504e-06, 1.1859216329e-06, 1.16646378956e-06, 1.00650424883e-06, 8.64579419613e-07, 7.893955285e-07, 6.94153186487e-07, 6.06314301876e-07, 5.10154222866e-07, 3.88208064805e-07, 3.63437123951e-07, 3.09724498493e-07, 2.27466287583e-07, 1.86365184618e-07, 1.38513911452e-07, 1.43769057104e-07, 5.13582456563e-08, 2.29490226822e-09, 1.78690151564e-09, 2.03712868796e-09, 4.28866969715e-10, 5.24367094884e-12, 4.32065971542e-12, 3.80725919541e-12, 3.42123746867e-12, 3.14405337702e-12, 2.93583191611e-12, 2.76338977742e-12, 2.59310910418e-12, 2.41599275308e-12, 2.30668349005e-12, 2.26337308271e-12],
        "min": [6.60449949938e-12, 1.10377512685e-10, 1.46402862056e-10, 3.01495384214e-10, 8.90386431251e-10, 1.0568230735e-09, 1.28936927801e-09, 1.87740312185e-09, 1.17588383475e-08, 7.74316522012e-09, 1.18199796617e-08, 1.59247015574e-08, 4.47591119723e-08, 6.84919996274e-08, 4.15220497985e-08, 8.23151680152e-08, 1.3262962284e-07, 1.01321589341e-07, 1.12477330561e-07, 8.52975858834e-08, 3.68148178609e-08, 5.01458643498e-08, 2.57602579268e-08, 4.81029616139e-08, 7.71992958448e-08, 4.04578415214e-08, 8.39824298993e-09, 5.50238521413e-09, 7.87064458052e-09, 7.87606566632e-08, 2.82737797619e-08, 3.23901510058e-08, 1.57774788789e-08, 4.48576003009e-08, 1.24049419625e-08, 1.2167029162e-08, 2.98640578933e-08, 2.1912496706e-08, 1.70517644449e-08, 4.44396590638e-08, 2.30796697309e-08, 1.33512232381e-08, 1.20064012066e-08, 1.72807528287e-08, 1.20474981102e-08, 1.98064959989e-08, 6.52996012818e-09, 1.42269507286e-09, 4.77567274615e-09, 1.43415377352e-08, 1.79980510495e-08, 2.52115950339e-09, 2.1445442755e-08, 1.55850159445e-08, 7.66940999597e-09, 1.00987485041e-08, 6.9995058638e-09, 5.17626697061e-09, 7.57558904496e-09, 1.75273733305e-08, 5.57133539303e-09, 1.30318316138e-08, 1.01876471703e-08, 5.73553071703e-09, 1.08022568668e-08, 9.29345045364e-09, 1.64686113635e-08, 6.01667293765e-09, 8.91473206366e-09, 3.2759950308e-09, 9.12714570589e-10, 6.16431017342e-10, 8.68483340799e-10, 5.48586509552e-10, 6.92475174424e-11, 4.24526969134e-10, 3.91228205388e-09, 3.72867914322e-09, 4.26193880187e-09, 2.69688493759e-09, 1.92041804681e-09, 1.5115212415e-09, 1.58762358815e-09, 1.70293812385e-09, 1.65367075589e-09, 1.14430975806e-09, 9.09744668487e-10, 6.63875676654e-10, 5.78969441833e-11, 1.8612304753e-10, 3.98791027978e-10, 4.51975470939e-11, 1.57022181715e-12, 6.90367468054e-13, 9.04015848725e-13, 7.0999391262e-13, 5.65683838747e-13, 2.9694354072e-13, 6.60168154951e-13, 3.96234775676e-13, 2.63620153268e-13, 1.85610790518e-13, 1.31211014276e-13, 1.74929569528e-13, 8.69289517214e-14, 1.51888376008e-13, 1.14316908262e-13, 1.15794879111e-13, 1.01290022648e-13, 1.14962333815e-13, 1.11747999634e-13, 1.05213818072e-13, 1.03701091768e-13, 9.36467090397e-14, 9.62999279386e-14, 1.04425603093e-13, 9.84336174853e-14, 8.35697884592e-14, 9.35550261935e-14, 8.45743559821e-14, 8.26988285252e-14, 1.2331785983e-13, 9.55692569895e-14, 9.10912784004e-14, 7.66716944382e-14, 2.26368877527e-14, 4.5631782451e-15, 1.60063048419e-16],
        "stdev": [0.000478114408907, 0.00302862678654, 0.0037044051569, 0.00251991534606, 0.00180874927901, 0.00114975019824, 0.000638520694338, 0.000556271115784, 0.00042121252045, 0.000449783605291, 0.000322766311001, 0.000378496828489, 0.000317529425956, 0.000307752954541, 0.000393942551455, 0.000321907980833, 0.000303177715978, 0.000248513242695, 0.000230784571613, 0.000573488359805, 0.000584449153394, 0.000845545204356, 0.000666544074193, 0.000484474963741, 0.000689336797222, 0.000774575571995, 0.002028738847, 0.00122177321464, 0.000847246497869, 0.000616757548414, 0.000401943572797, 0.00107305997517, 0.00109260238241, 0.000707134488039, 0.000542355526704, 0.00169181858655, 0.000926047039684, 0.000329094036715, 0.000137538576382, 0.00014612879022, 0.000176046873094, 0.000197965957341, 0.000138554678415, 0.000220163608901, 0.000375429692212, 0.000120146913105, 0.000127708204673, 0.000269214506261, 0.000279087165836, 0.000267846713541, 0.000245992850978, 0.000170362007339, 0.000149732848513, 0.000348490924807, 0.000145599071402, 8.00612178864e-05, 7.58146488806e-05, 9.56641015364e-05, 7.51042680349e-05, 4.47157435701e-05, 3.63759063475e-05, 2.91935029963e-05, 3.12711308652e-05, 2.85362493742e-05, 3.4459069866e-05, 4.99507004861e-05, 3.41934901371e-05, 1.05554036054e-05, 6.8154768087e-06, 9.13092753763e-06, 9.96300241241e-06, 1.05103763417e-05, 5.79015477342e-06, 9.20468937693e-06, 1.7861584638e-05, 1.01010973594e-05, 3.23310882777e-06, 2.63070865003e-06, 3.93445543523e-06, 3.71969235857e-06, 3.56277087121e-06, 3.32474337483e-06, 3.83419501304e-06, 3.38374070452e-06, 3.25125370182e-06, 4.15886506744e-06, 5.07072672917e-06, 5.18910746905e-06, 5.61593287784e-06, 4.54644805359e-06, 6.37778884993e-06, 6.03818807576e-06, 6.00719795329e-06, 4.60285718873e-06, 8.99842416402e-06, 1.02889252958e-05, 5.24451570527e-06, 3.47024206349e-06, 3.85921021007e-06, 3.70276598005e-06, 3.37011442753e-06, 3.23072868014e-06, 2.73678710982e-06, 2.61303739535e-06, 2.2570834517e-06, 1.86615250186e-06, 1.4527561234e-06, 1.45620447256e-06, 1.03791717265e-06, 9.56205440161e-07, 6.91539582931e-07, 8.06891421234e-07, 3.07880497985e-07, 1.56368411552e-08, 1.25534080908e-08, 1.63106133044e-08, 4.08651112949e-09, 8.24992990589e-11, 5.79021795788e-11, 4.08289201059e-11, 2.86892471585e-11, 2.02372927444e-11, 1.42720375448e-11, 1.0030005472e-11, 7.35225508947e-12, 5.86002990924e-12, 5.1879559676e-12, 4.99279740815e-12]
    },
    "mfcc": {
        "mean": [-695.492797852, 108.342903137, -31.3786487579, 0.255761176348, -14.7629718781, -2.43769979477, -11.191576004, 10.9012041092, -4.37255811691, 4.49308013916, -6.54119300842, -2.01465368271, -3.3914744854],
        "cov": [[5613.14697266, -3180.55151367, -860.961364746, -1736.78039551, -344.95526123, -681.131835938, -237.030639648, -20.0481643677, -46.8560943604, 168.058273315, -222.470870972, -159.122833252, -4.97534036636], [-3180.55151367, 3392.29418945, 1159.4855957, 2052.015625, 729.999511719, 752.815368652, 443.30859375, 147.125366211, 205.942169189, -44.1926574707, 277.056030273, 227.877822876, 141.832046509], [-860.961364746, 1159.4855957, 1742.12866211, 1249.14709473, 971.631225586, 460.896972656, 449.682769775, 54.2478370667, 238.340530396, 34.185634613, 271.154937744, 219.41104126, 262.860687256], [-1736.78039551, 2052.015625, 1249.14709473, 1799.51806641, 851.463317871, 583.888000488, 391.760894775, 123.388710022, 233.115081787, -35.923789978, 194.252105713, 267.847290039, 210.743240356], [-344.95526123, 729.999511719, 971.631225586, 851.463317871, 746.868225098, 306.315490723, 309.30581665, 74.0247039795, 175.277313232, 35.3566551208, 176.146255493, 149.200454712, 204.159286499], [-681.131835938, 752.815368652, 460.896972656, 583.888000488, 306.315490723, 353.204772949, 198.250671387, 60.8349571228, 94.5564956665, 35.5159950256, 99.3073577881, 78.2713928223, 59.8052902222], [-237.030639648, 443.30859375, 449.682769775, 391.760894775, 309.30581665, 198.250671387, 297.078338623, 65.8128890991, 108.353874207, 33.8880767822, 106.295143127, 64.3007125854, 107.132713318], [-20.0481643677, 147.125366211, 54.2478370667, 123.388710022, 74.0247039795, 60.8349571228, 65.8128890991, 136.628982544, 61.781124115, 38.8418540955, 30.1793251038, 22.1044235229, -2.52246785164], [-46.8560943604, 205.942169189, 238.340530396, 233.115081787, 175.277313232, 94.5564956665, 108.353874207, 61.781124115, 154.721908569, 53.9737358093, 50.6882133484, 34.1120376587, 49.4938354492], [168.058273315, -44.1926574707, 34.185634613, -35.923789978, 35.3566551208, 35.5159950256, 33.8880767822, 38.8418540955, 53.9737358093, 129.15486145, 51.5301971436, -8.05302238464, 9.48540592194], [-222.470870972, 277.056030273, 271.154937744, 194.252105713, 176.146255493, 99.3073577881, 106.295143127, 30.1793251038, 50.6882133484, 51.5301971436, 161.205718994, 42.8317260742, 57.0903205872], [-159.122833252, 227.877822876, 219.41104126, 267.847290039, 149.200454712, 78.2713928223, 64.3007125854, 22.1044235229, 34.1120376587, -8.05302238464, 42.8317260742, 137.405487061, 77.9359893799], [-4.97534036636, 141.832046509, 262.860687256, 210.743240356, 204.159286499, 59.8052902222, 107.132713318, -2.52246785164, 49.4938354492, 9.48540592194, 57.0903205872, 77.9359893799, 159.166900635]],
        "icov": [[0.000467435049359, 0.000407926680055, 0.000145092257299, 2.6407516998e-05, -0.00043495776481, 0.000325696484651, -0.000219645982725, -0.000158802838996, -5.57858729735e-05, -0.000474030937767, 0.000334916927386, -7.63636780903e-05, -7.97546235844e-05], [0.000407926680055, 0.00186141079757, 0.000296279409667, -0.00213383324444, 0.000826400413644, -0.000381962279789, -0.000569119642023, -0.000176521018147, 0.000386503641494, -0.000126616389025, -0.00115212111268, 0.000948077591602, -9.78977459454e-06], [0.000145092257299, 0.000296279409667, 0.00259783724323, -0.000583595770877, -0.00250498927198, -1.16842347779e-05, -0.000876360922121, 0.00147190794814, -0.000437972514192, 1.31584010887e-05, -0.000939360412303, -0.000456886249594, 0.000749674218241], [2.6407516998e-05, -0.00213383324444, -0.000583595770877, 0.00543269468471, -0.00284769572318, -0.0014424569672, 0.00116552459076, -0.000466514320578, -0.0016077097971, 0.00151008309331, 0.00221318542026, -0.00291522406042, 0.000119264659588], [-0.00043495776481, 0.000826400413644, -0.00250498927198, -0.00284769572318, 0.00855957344174, -0.000752820633352, -0.000620034290478, -0.00134335667826, -0.000184021002497, 0.000385356193874, -0.00199692160822, 0.00189022929408, -0.00331786321476], [0.000325696484651, -0.000381962279789, -1.16842347779e-05, -0.0014424569672, -0.000752820633352, 0.00879609305412, -0.00312281004153, 0.000390707806218, 0.000707884260919, -0.00314058014192, 0.000441764685092, -0.000698242802173, 0.00219888007268], [-0.000219645982725, -0.000569119642023, -0.000876360922121, 0.00116552459076, -0.000620034290478, -0.00312281004153, 0.00892342533916, -0.00236593210138, -0.00176843476947, 0.00159172539134, -0.00118153623771, 0.00132628472056, -0.00344125553966], [-0.000158802838996, -0.000176521018147, 0.00147190794814, -0.000466514320578, -0.00134335667826, 0.000390707806218, -0.00236593210138, 0.0114697208628, -0.00295629561879, -0.00198059435934, -0.000427552906331, -0.00237667979673, 0.00404412299395], [-5.57858729735e-05, 0.000386503641494, -0.000437972514192, -0.0016077097971, -0.000184021002497, 0.000707884260919, -0.00176843476947, -0.00295629561879, 0.0124871321023, -0.00436691334471, 0.000903672189452, 0.00107373390347, -0.000853252655361], [-0.000474030937767, -0.000126616389025, 1.31584010887e-05, 0.00151008309331, 0.000385356193874, -0.00314058014192, 0.00159172539134, -0.00198059435934, -0.00436691334471, 0.0134047474712, -0.00441262405366, 0.00138233380858, -0.000875188503414], [0.000334916927386, -0.00115212111268, -0.000939360412303, 0.00221318542026, -0.00199692160822, 0.000441764685092, -0.00118153623771, -0.000427552906331, 0.000903672189452, -0.00441262405366, 0.0121771628037, -0.00191125785932, -0.000607909227256], [-7.63636780903e-05, 0.000948077591602, -0.000456886249594, -0.00291522406042, 0.00189022929408, -0.000698242802173, 0.00132628472056, -0.00237667979673, 0.00107373390347, 0.00138233380858, -0.00191125785932, 0.0138604566455, -0.00584285194054], [-7.97546235844e-05, -9.78977459454e-06, 0.000749674218241, 0.000119264659588, -0.00331786321476, 0.00219888007268, -0.00344125553966, 0.00404412299395, -0.000853252655361, -0.000875188503414, -0.000607909227256, -0.00584285194054, 0.0140993138775]]
    },
    "spectral_contrast_coeffs": {
        "max": [-0.290069878101, -0.437468886375, -0.467358350754, -0.505233585835, -0.532688438892, -0.516047000885],
        "mean": [-0.731071054935, -0.772962152958, -0.744515836239, -0.785134911537, -0.776758730412, -0.723447144032],
        "min": [-0.913021981716, -0.922233104706, -0.906966209412, -0.919442534447, -0.901228010654, -0.901168227196],
        "stdev": [0.0792868509889, 0.0751850605011, 0.0911874324083, 0.0736137256026, 0.0630659535527, 0.0638159066439]
    },
    "spectral_contrast_valleys": {
        "max": [-5.54093647003, -5.46284675598, -5.35501194, -5.92023563385, -6.31363582611, -7.766456604],
        "mean": [-8.11980056763, -7.08723783493, -7.43433618546, -7.83093309402, -8.11746883392, -11.3516540527],
        "min": [-11.8302822113, -9.5666847229, -9.76956176758, -10.1400403976, -10.7326364517, -16.2104644775],
        "stdev": [1.58995163441, 0.491645276546, 0.835047125816, 0.851720154285, 0.736098825932, 1.74863159657]
    }
},
"rhythm": {
    "beats_count": 78,
    "beats_loudness": {
        "max": 0.0739790201187,
        "mean": 0.0188558828086,
        "min": 7.85892407293e-05,
        "stdev": 0.0159046817571
    },
    "bpm": 129.541213989,
    "bpm_histogram_first_peak_bpm": 129,
    "bpm_histogram_first_peak_weight": 0.511627912521,
    "bpm_histogram_second_peak_bpm": 148,
    "bpm_histogram_second_peak_spread": 0.5,
    "bpm_histogram_second_peak_weight": 0.129870131612,
    "danceability": 0.796818256378,
    "onset_rate": 2.64418172836,
    "beats_loudness_band_ratio": {
        "max": [0.92419475317, 0.532300412655, 0.840154290199, 0.843395769596, 0.419288247824, 0.186813980341],
        "mean": [0.301616191864, 0.0922927930951, 0.183355644345, 0.271746724844, 0.140826940536, 0.0480969324708],
        "min": [1.45020740092e-05, 0.000432467146311, 0.0144828632474, 0.00484217470512, 0.00156477163546, 0.000381456862669],
        "stdev": [0.353182226419, 0.115287214518, 0.176432713866, 0.250536352396, 0.125458583236, 0.0460742786527]
    },
