{
"metadata": {
    "version": {
        "essentia": "2.1-beta5",
        "essentia_git_sha": "Undefined",
        "extractor": "music 2.0"
    },
    "audio_properties": {
        "analysis": {
            "equal_loudness": 0,
            "length": 48.7502937317,
            "sample_rate": 44100,
            "start_time": 126.502311707,
            "downmix": "mix"
        },
        "bit_rate": 192000,
        "length": 211.731170654,
        "lossless": 0,
        "number_channels": 2,
        "replay_gain": -6.427942276,
        "sample_rate": 48000,
        "codec": "mp3",
        "md5_encoded": "e1f9348663318fa0b9e8c9e3d906a9b8"
    },
    "tags": {
        "file_name": "Iceland_Never Forget_Greta Salóme _ Jónsi.mp3",
        "encoding": ["Lavf58.29.100"]
    }
},
"lowlevel": {
    "average_loudness": 0.968746781349,
    "barkbands_crest": {
        "max": 24.0472755432,
        "mean": 8.46047019958,
        "min": 2.70289945602,
        "stdev": 3.44368815422
    },
    "barkbands_flatness_db": {
        "max": 0.274363547564,
        "mean": 0.120290003717,
        "min": 0.039729475975,
        "stdev": 0.0303420834243
    },
    "barkbands_kurtosis": {
        "max": 34.8711853027,
        "mean": 0.878914058208,
        "min": -1.78362584114,
        "stdev": 2.66149950027
    },
    "barkbands_skewness": {
        "max": 5.41846179962,
        "mean": 0.78314936161,
        "min": -1.70775413513,
        "stdev": 0.86193728447
    },
    "barkbands_spread": {
        "max": 96.7616653442,
        "mean": 29.2648773193,
        "min": 3.29485297203,
        "stdev": 12.0227403641
    },
    "dissonance": {
        "max": 0.499860137701,
        "mean": 0.469833701849,
        "min": 0.288605779409,
        "stdev": 0.021744325757
    },
    "dynamic_complexity": 1.92828202248,
    "erbbands_crest": {
        "max": 28.3675460815,
        "mean": 8.62156867981,
        "min": 2.54632735252,
        "stdev": 3.79525518417
    },
    "erbbands_flatness_db": {
        "max": 0.329460710287,
        "mean": 0.161759734154,
        "min": 0.0679443329573,
        "stdev": 0.0406553521752
    },
    "erbbands_kurtosis": {
        "max": 13.2293682098,
        "mean": 0.626161456108,
        "min": -1.64698934555,
        "stdev": 1.63563907146
    },
    "erbbands_skewness": {
        "max": 3.56559610367,
        "mean": 0.225705042481,
        "min": -2.1907916069,
        "stdev": 0.708326399326
    },
    "erbbands_spread": {
        "max": 102.185058594,
        "mean": 33.568195343,
        "min": 6.08570098877,
        "stdev": 15.7148151398
    },
    "hfc": {
        "max": 100.716377258,
        "mean": 32.2021255493,
        "min": 1.01738870144,
        "stdev": 18.1773700714
    },
    "loudness_ebu128": {
        "integrated": -16.0937843323,
        "loudness_range": 1.45483493805,
        "momentary": {
            "max": -14.1695613861,
            "mean": -16.3094501495,
            "min": -28.7213840485,
            "stdev": 1.50499677658
        },
        "short_term": {
            "max": -14.9737110138,
            "mean": -16.131942749,
            "min": -17.5903987885,
            "stdev": 0.509817063808
        }
    },
    "melbands_crest": {
        "max": 30.4137420654,
        "mean": 12.2243375778,
        "min": 3.52414035797,
        "stdev": 4.40769338608
    },
    "melbands_flatness_db": {
        "max": 0.340661436319,
        "mean": 0.150398045778,
        "min": 0.0264108553529,
        "stdev": 0.0390045009553
    },
    "melbands_kurtosis": {
        "max": 88.1452941895,
        "mean": 5.70236682892,
        "min": -1.63424515724,
        "stdev": 8.34840869904
    },
    "melbands_skewness": {
        "max": 8.09447669983,
        "mean": 1.74963438511,
        "min": -0.738040864468,
        "stdev": 1.27445220947
    },
    "melbands_spread": {
        "max": 181.064346313,
        "mean": 35.1900672913,
        "min": 2.79502630234,
        "stdev": 17.6322727203
    },
    "pitch_salience": {
        "max": 0.836947321892,
        "mean": 0.534618735313,
        "min": 0.174357607961,
        "stdev": 0.0823990255594
    },
    "silence_rate_20dB": {
        "max": 1,
        "mean": 1,
        "min": 1,
        "stdev": 0
    },
    "silence_rate_30dB": {
        "max": 1,
        "mean": 1,
        "min": 1,
        "stdev": 0
    },
    "silence_rate_60dB": {
        "max": 1,
        "mean": 0.015230842866,
        "min": 0,
        "stdev": 0.122471995652
    },
    "spectral_centroid": {
        "max": 4110.33984375,
        "mean": 1755.63244629,
        "min": 592.687316895,
        "stdev": 468.906768799
    },
    "spectral_complexity": {
        "max": 51,
        "mean": 25.9562110901,
        "min": 0,
        "stdev": 7.5202422142
    },
    "spectral_decrease": {
        "max": -9.31902610635e-11,
        "mean": -7.4230395164e-09,
        "min": -2.5202719911e-08,
        "stdev": 3.13364045823e-09
    },
    "spectral_energy": {
        "max": 0.100049965084,
        "mean": 0.0309370607138,
        "min": 0.000444001634605,
        "stdev": 0.0128171695396
    },
    "spectral_energyband_high": {
        "max": 0.00924318097532,
        "mean": 0.00123566528782,
        "min": 1.71580195456e-05,
        "stdev": 0.00104755198117
    },
    "spectral_energyband_low": {
        "max": 0.087671585381,
        "mean": 0.00974099244922,
        "min": 2.30428881309e-07,
        "stdev": 0.00838109757751
    },
    "spectral_energyband_middle_high": {
        "max": 0.0905640572309,
        "mean": 0.0117349280044,
        "min": 0.000240646477323,
        "stdev": 0.00953818671405
    },
    "spectral_energyband_middle_low": {
        "max": 0.0513220131397,
        "mean": 0.00898179132491,
        "min": 0.000132778004627,
        "stdev": 0.00623058155179
    },
    "spectral_entropy": {
        "max": 8.77678108215,
        "mean": 7.77401828766,
        "min": 6.75488376617,
        "stdev": 0.240338981152
    },
    "spectral_flux": {
        "max": 0.233419567347,
        "mean": 0.102840222418,
        "min": 0.0176058746874,
        "stdev": 0.0330807045102
    },
    "spectral_kurtosis": {
        "max": 12.3391027451,
        "mean": 2.77725505829,
        "min": -0.83823800087,
        "stdev": 1.35862839222
    },
    "spectral_rms": {
        "max": 0.00987976323813,
        "mean": 0.00535796303302,
        "min": 0.000658158271108,
        "stdev": 0.00121439562645
    },
    "spectral_rolloff": {
        "max": 11132.6660156,
        "mean": 1814.95922852,
        "min": 107.666015625,
        "stdev": 1170.50805664
    },
    "spectral_skewness": {
        "max": 2.52322649956,
        "mean": 1.27907514572,
        "min": 0.279300540686,
        "stdev": 0.228752300143
    },
    "spectral_spread": {
        "max": 12545082,
        "mean": 4473414,
        "min": 2504067.5,
        "stdev": 1229113.625
    },
    "spectral_strongpeak": {
        "max": 10.6665878296,
        "mean": 1.20044469833,
        "min": 0,
        "stdev": 1.59049832821
    },
    "zerocrossingrate": {
        "max": 0.34521484375,
        "mean": 0.0731975659728,
        "min": 0.01171875,
        "stdev": 0.0279145650566
    },
    "barkbands": {
        "max": [0.00317683676258, 0.0681332498789, 0.0359168127179, 0.00903097447008, 0.0171355810016, 0.0144228534773, 0.0206368472427, 0.0181212462485, 0.0469840764999, 0.0891086310148, 0.0376082360744, 0.0320335738361, 0.0400736443698, 0.0213381946087, 0.0190978702158, 0.0147883659229, 0.0195700488985, 0.00749313598499, 0.00499408179894, 0.00570985628292, 0.00297685340047, 0.0015575310681, 0.00253001693636, 0.00674627022818, 0.00189329229761, 0.000884583045263, 1.30362275286e-06],
        "mean": [0.000195431595785, 0.00667389761657, 0.0025699858088, 0.000675103394315, 0.00131180463359, 0.00116924324539, 0.00123054604046, 0.00148811656982, 0.0023024037946, 0.00236236397177, 0.00123627344146, 0.00156224379316, 0.00133146066219, 0.00126514967997, 0.000899176811799, 0.00100324093364, 0.000985863618553, 0.000596240453888, 0.000559203966986, 0.000515100720804, 0.000265474489424, 0.000193421365111, 0.000227198732318, 0.000220404894208, 7.99600456958e-05, 1.77682195499e-05, 1.14139400154e-08],
        "min": [2.17429318994e-09, 5.62599566933e-08, 7.71654242726e-08, 4.74631995928e-08, 5.05668594997e-06, 5.17582157045e-06, 4.29010424341e-06, 6.77159732732e-06, 9.16987664823e-06, 1.54881599883e-05, 4.93183461003e-06, 6.38460596747e-06, 1.51037966134e-06, 2.89645413432e-06, 2.58115210272e-06, 9.99917392619e-06, 2.76469654636e-06, 3.71691066903e-06, 4.74229636893e-06, 3.16465025207e-06, 3.89090746467e-06, 2.781368039e-06, 3.6401277157e-06, 9.45427927945e-07, 3.82964504553e-09, 3.95517646412e-11, 3.6364512096e-11],
        "stdev": [0.000265828042757, 0.00647951290011, 0.00321899633855, 0.000808966346085, 0.0013910405105, 0.00146158563439, 0.00166870083194, 0.00216455454938, 0.00431603379548, 0.00447195349261, 0.00231843115762, 0.00283177010715, 0.00292393798009, 0.00206172117032, 0.0016080129426, 0.00163222767878, 0.00166143768001, 0.000828358286526, 0.000562509463634, 0.000531108409632, 0.000310646806611, 0.000174018088728, 0.000233485188801, 0.000335846329108, 0.000155128262122, 4.98787667311e-05, 6.55392540239e-08]
    },
    "erbbands": {
        "max": [1.81207382679, 16.7195053101, 40.3494110107, 29.6059017181, 67.6942214966, 43.482963562, 111.197952271, 175.408935547, 356.408203125, 360.328308105, 483.125183105, 995.152160645, 2975.3112793, 1641.82592773, 1248.26989746, 1525.49658203, 1526.04699707, 1263.16564941, 1124.92089844, 867.795166016, 717.809936523, 1357.34228516, 700.891418457, 415.35848999, 253.229766846, 255.702606201, 203.76701355, 104.353416443, 68.9899902344, 57.5054168701, 84.2672042847, 100.161766052, 184.710342407, 24.0678863525, 11.8464136124, 6.30392742157, 1.14859056473, 0.030575061217, 0.00106236163992, 0.000129586464027],
        "mean": [0.16242107749, 1.58552014828, 3.41887235641, 2.3048813343, 3.45980358124, 4.07625484467, 6.45116949081, 10.6466836929, 18.9342784882, 20.8792457581, 38.3956375122, 46.7066879272, 74.718132019, 59.3694725037, 53.1404762268, 65.8202362061, 63.3020362854, 60.2682151794, 53.6426582336, 54.6587982178, 52.3465080261, 54.8222465515, 34.4232749939, 30.7667427063, 28.0251674652, 23.7411823273, 13.3233089447, 9.14989948273, 6.76918792725, 6.94849157333, 6.45001077652, 5.2761015892, 3.16886162758, 1.16195297241, 0.454533904791, 0.138623297215, 0.0210841130465, 0.000617414189037, 4.48374958069e-05, 4.18475574406e-05],
        "min": [2.90676666737e-06, 1.46547490658e-05, 0.000114503680379, 0.000348643050529, 0.0022428620141, 0.0114064626396, 0.0163838695735, 0.102176040411, 0.0881112739444, 0.0887827575207, 0.191079556942, 0.225503385067, 0.330550551414, 0.62820571661, 0.297517687082, 0.280397862196, 0.271574825048, 0.260753363371, 0.636527001858, 0.554146111012, 1.24808180332, 0.942210614681, 0.292028397322, 0.310628652573, 0.256507277489, 0.182806447148, 0.161869183183, 0.141649141908, 0.10907997936, 0.093284316361, 0.0941032320261, 0.0245985146612, 0.0115390857682, 0.00152704794891, 5.77388200327e-05, 5.75762260269e-06, 1.68809833667e-06, 5.23355708992e-07, 6.63296418679e-07, 8.72506916494e-07],
        "stdev": [0.167475014925, 1.60137224197, 3.83918476105, 2.53379106522, 4.0426068306, 4.39676332474, 8.01553821564, 14.3161659241, 26.0825195312, 28.3320159912, 54.5162200928, 77.5662612915, 150.052536011, 101.447525024, 94.7957839966, 115.640548706, 129.934677124, 97.1922531128, 91.7488632202, 89.947555542, 78.9727478027, 90.796005249, 45.8833122253, 38.249130249, 26.0224304199, 24.0120296478, 14.5574464798, 10.792801857, 6.15597820282, 6.48229122162, 6.98952245712, 6.84019613266, 6.21648597717, 2.17715096474, 0.928394198418, 0.358765512705, 0.0664101243019, 0.00179067929275, 6.34124371572e-05, 1.72010550159e-05]
    },
    "gfcc": {
        "mean": [35.0333251953, 92.9356231689, -143.316329956, 48.0761222839, -68.0517272949, 31.7269115448, -33.8011016846, 18.8317756653, -13.465681076, -1.20205461979, -5.52104377747, -6.23169374466, -3.32840681076],
        "cov": [[1262.68725586, -343.270263672, 105.352020264, 22.9823913574, 77.8213577271, 99.5734710693, -16.878944397, 144.191375732, -97.2463684082, 128.978897095, -59.5337600708, 72.6201248169, -76.3199386597], [-343.270263672, 665.844421387, -59.224647522, 74.5140686035, 32.2976379395, -23.1342124939, 165.651321411, -113.110534668, 93.7786941528, -105.144195557, 143.318405151, -115.314628601, 58.5412559509], [105.352020264, -59.224647522, 769.491516113, 155.81300354, 49.1427001953, 56.2669715881, -117.259437561, 114.454910278, -57.8261299133, 140.566329956, -159.218383789, 147.355667114, -74.3734970093], [22.9823913574, 74.5140686035, 155.81300354, 314.531066895, 96.2539138794, -43.4448928833, -70.7963104248, 20.1712608337, 89.3928909302, -27.1381015778, -21.936050415, 13.3473854065, 40.5266494751], [77.8213577271, 32.2976379395, 49.1427001953, 96.2539138794, 143.945281982, 20.2302703857, 4.96148777008, 17.9468631744, 12.1908979416, 17.2453193665, -29.6350250244, 21.9618740082, -10.2975873947], [99.5734710693, -23.1342124939, 56.2669715881, -43.4448928833, 20.2302703857, 172.462036133, 86.0112609863, -4.16331672668, -47.0746574402, 5.48806524277, 6.16979694366, -12.146156311, -28.141336441], [-16.878944397, 165.651321411, -117.259437561, -70.7963104248, 4.96148777008, 86.0112609863, 227.150436401, -14.8771495819, -32.4787521362, -52.3344421387, 62.8470153809, -69.0471038818, -13.3843173981], [144.191375732, -113.110534668, 114.454910278, 20.1712608337, 17.9468631744, -4.16331672668, -14.8771495819, 114.348548889, -3.86635351181, 43.0567131042, -54.9291114807, 36.3543319702, -18.6666736603], [-97.2463684082, 93.7786941528, -57.8261299133, 89.3928909302, 12.1908979416, -47.0746574402, -32.4787521362, -3.86635351181, 145.504501343, -18.1222610474, 22.2811069489, -23.7565174103, 41.9677085876], [128.978897095, -105.144195557, 140.566329956, -27.1381015778, 17.2453193665, 5.48806524277, -52.3344421387, 43.0567131042, -18.1222610474, 125.537590027, -33.9099464417, 61.9402542114, -33.9067077637], [-59.5337600708, 143.318405151, -159.218383789, -21.936050415, -29.6350250244, 6.16979694366, 62.8470153809, -54.9291114807, 22.2811069489, -33.9099464417, 146.130706787, -37.7990226746, 28.1728382111], [72.6201248169, -115.314628601, 147.355667114, 13.3473854065, 21.9618740082, -12.146156311, -69.0471038818, 36.3543319702, -23.7565174103, 61.9402542114, -37.7990226746, 126.597801208, -6.8290014267], [-76.3199386597, 58.5412559509, -74.3734970093, 40.5266494751, -10.2975873947, -28.141336441, -13.3843173981, -18.6666736603, 41.9677085876, -33.9067077637, 28.1728382111, -6.8290014267, 82.1600646973]],
        "icov": [[0.00125775241759, 6.38903511572e-05, 0.000719556759577, -0.000958750082646, 0.000112078625534, -0.000961304001976, 0.000279479863821, -0.00150823779404, 0.00104083295446, -0.00124576990493, -0.000135247420985, -0.000127727733343, 0.00062472675927], [6.38903511572e-05, 0.0066172266379, -0.00474545080215, 0.00268049584702, -0.00487100100145, 0.00522629590705, -0.00538195949048, 0.00547624705359, -0.00387197569944, 0.00266257463954, -0.00505037233233, 0.00434114877135, -0.00355721404776], [0.000719556759577, -0.00474545080215, 0.00745031516999, -0.00582766719162, 0.00602588616312, -0.00610444275662, 0.00384839600883, -0.00526799913496, 0.00449461815879, -0.00527978315949, 0.00579313049093, -0.00539393955842, 0.00485329469666], [-0.000958750082646, 0.00268049584702, -0.00582766719162, 0.0109330527484, -0.0085013108328, 0.0045548658818, -0.000158619412105, 0.0023472874891, -0.00563634419814, 0.00710251089185, -0.00428946595639, 0.00369671848603, -0.00487836450338], [0.000112078625534, -0.00487100100145, 0.00602588616312, -0.0085013108328, 0.016163084656, -0.0061662918888, 0.00120713782962, -0.00328294513747, 0.00318558560684, -0.00605509895831, 0.0073111592792, -0.00637731747702, 0.00542435469106], [-0.000961304001976, 0.00522629590705, -0.00610444275662, 0.0045548658818, -0.0061662918888, 0.0138681009412, -0.00749540235847, 0.00667312229052, -0.00289037893526, 0.00311655621044, -0.00454682065174, 0.00472467252985, -0.00340278819203], [0.000279479863821, -0.00538195949048, 0.00384839600883, -0.000158619412105, 0.00120713782962, -0.00749540235847, 0.0136206159368, -0.00771121541038, 0.00457690469921, 0.00122066424228, 0.000141086682561, -0.000301965890685, 0.00379957072437], [-0.00150823779404, 0.00547624705359, -0.00526799913496, 0.0023472874891, -0.00328294513747, 0.00667312229052, -0.00771121541038, 0.0194073580205, -0.00564133282751, 0.00032985265716, 0.000317515659845, 0.00187411298975, -0.00313760223798], [0.00104083295446, -0.00387197569944, 0.00449461815879, -0.00563634419814, 0.00318558560684, -0.00289037893526, 0.00457690469921, -0.00564133282751, 0.0142223844305, -0.00455023115501, 0.00176884385291, -6.82283207425e-05, -0.00030715324101], [-0.00124576990493, 0.00266257463954, -0.00527978315949, 0.00710251089185, -0.00605509895831, 0.00311655621044, 0.00122066424228, 0.00032985265716, -0.00455023115501, 0.0187675971538, -0.00495749805123, -0.00100922072306, 0.000930704467464], [-0.000135247420985, -0.00505037233233, 0.00579313049093, -0.00428946595639, 0.0073111592792, -0.00454682065174, 0.000141086682561, 0.000317515659845, 0.00176884385291, -0.00495749805123, 0.0161986611784, -0.00486385636032, 0.00137866055593], [-0.000127727733343, 0.00434114877135, -0.00539393955842, 0.00369671848603, -0.00637731747702, 0.00472467252985, -0.000301965890685, 0.00187411298975, -6.82283207425e-05, -0.00100922072306, -0.00486385636032, 0.0173774342984, -0.00599188357592], [0.00062472675927, -0.00355721404776, 0.00485329469666, -0.00487836450338, 0.00542435469106, -0.00340278819203, 0.00379957072437, -0.00313760223798, -0.00030715324101, 0.000930704467464, 0.00137866055593, -0.00599188357592, 0.0210766177624]]
    },
    "melbands": {
        "max": [0.0176359433681, 0.0159778278321, 0.00460298033431, 0.00423644669354, 0.00315199699253, 0.00341939344071, 0.0048949168995, 0.004394473508, 0.00439757155254, 0.00721234828234, 0.0154884699732, 0.00610853685066, 0.00348662026227, 0.00324499583803, 0.00677715940401, 0.00194140779786, 0.00240561133251, 0.00246349233203, 0.00117226981092, 0.00112535862718, 0.00115083518904, 0.0017099463148, 0.00129934074357, 0.000340667786077, 0.000381668680348, 0.000220962479943, 0.000230322402786, 0.000165863588336, 0.000125011385535, 6.53330862406e-05, 7.46350706322e-05, 5.46833034605e-05, 3.78191980417e-05, 3.76862371922e-05, 5.5996420997e-05, 4.69948281534e-05, 7.35512003303e-05, 0.000142435164889, 5.61038650631e-05, 2.08461187867e-05],
        "mean": [0.00168492051307, 0.00185562146362, 0.00044892024016, 0.000271098047961, 0.000220245856326, 0.00024759961525, 0.000274541351246, 0.000242182635702, 0.000341909064446, 0.000299526029266, 0.000379508972401, 0.000248182623181, 0.000171683102963, 0.000164402546943, 0.000191887666006, 0.000106763764052, 0.000115059992822, 9.06945424504e-05, 6.79402000969e-05, 7.64438591432e-05, 5.78872095502e-05, 6.04042361374e-05, 3.88731714338e-05, 2.72029483313e-05, 2.46084582614e-05, 2.05621290661e-05, 2.00573067559e-05, 1.46896891238e-05, 8.82228596311e-06, 6.41637143417e-06, 4.85848704557e-06, 3.65650225831e-06, 3.87237287214e-06, 3.88127500628e-06, 3.80203209716e-06, 3.3941773836e-06, 3.16828368341e-06, 2.45050273406e-06, 1.44810303482e-06, 8.08671245522e-07],
        "min": [1.89875990486e-08, 3.61593279763e-08, 7.01875393361e-08, 5.98574445121e-07, 4.85678583573e-07, 2.33888840739e-06, 1.12092175186e-06, 1.0607875538e-06, 1.34159699883e-06, 1.40066947552e-06, 1.28677663724e-06, 2.44647890213e-06, 1.02661124401e-06, 4.89437013584e-07, 3.14264042345e-07, 1.36213586188e-07, 3.69317007198e-07, 8.94590357348e-07, 5.63319701996e-07, 9.14068550628e-07, 1.02719661754e-06, 6.97394639815e-08, 1.0769040415e-07, 1.27307103526e-07, 1.79789708454e-07, 1.83595304293e-07, 1.1619216167e-07, 1.0315805099e-07, 7.29365439156e-08, 8.82694592974e-08, 5.47559793063e-08, 4.8174854328e-08, 3.38872432337e-08, 5.67577949084e-08, 4.08027389653e-08, 2.35085479972e-08, 1.20654242153e-08, 2.31925945116e-09, 3.64381330664e-10, 2.81408316788e-11],
        "stdev": [0.00164326326922, 0.00181371765211, 0.000427572056651, 0.000295329809887, 0.00025999857462, 0.000312392076012, 0.000368612207239, 0.000344981963281, 0.000497153436299, 0.000556811166462, 0.000772405473981, 0.000439214287326, 0.000313460244797, 0.000310132192681, 0.000407293584431, 0.000207942866837, 0.000197818226297, 0.000167608464835, 0.000121739489259, 0.000134666493977, 9.97210736386e-05, 0.000109240521851, 6.62918755552e-05, 4.07550614909e-05, 3.37960518664e-05, 2.13833172893e-05, 2.23041352001e-05, 1.63986169355e-05, 1.07883115561e-05, 8.29864075058e-06, 6.04828073847e-06, 3.59743648914e-06, 3.86780675399e-06, 3.84655868402e-06, 4.27472741649e-06, 3.87490854337e-06, 4.41107931692e-06, 4.70460099677e-06, 2.77126468973e-06, 1.67712357779e-06]
    },
    "melbands128": {
        "max": [0.00228010187857, 0.0119377179071, 0.0292375311255, 0.0285646598786, 0.022825980559, 0.0145540498197, 0.00683778617531, 0.00417806161568, 0.00845970399678, 0.0063292500563, 0.00240493519232, 0.00487024383619, 0.00404271343723, 0.00574173778296, 0.00617359951138, 0.00478905439377, 0.00701940339059, 0.00756389182061, 0.00390989892185, 0.00482280319557, 0.0069871051237, 0.00540654361248, 0.0075669279322, 0.0109636196867, 0.00892203114927, 0.0159500781447, 0.015978416428, 0.026896301657, 0.0193161834031, 0.0102229602635, 0.0135382898152, 0.00712333107367, 0.00502714375034, 0.00839500129223, 0.005961376708, 0.00496097514406, 0.00906578917056, 0.0110351983458, 0.00894188415259, 0.00539972819388, 0.00202114926651, 0.00297301774845, 0.00548475794494, 0.00412970408797, 0.00448467116803, 0.00349251134321, 0.00458739744499, 0.00225309911184, 0.00194345042109, 0.00305419694632, 0.00189422874246, 0.00237246858887, 0.00137469242327, 0.00315773882903, 0.00237713754177, 0.00350743951276, 0.00168621737976, 0.00256090098992, 0.00109343894292, 0.000548407144379, 0.00074748886982, 0.000772663857788, 0.00101062853355, 0.000481200637296, 0.000494990381412, 0.000297905091429, 0.000249073578743, 0.000386235158658, 0.000499009736814, 0.000364680221537, 0.0004135480267, 0.000370231689885, 0.000399556302, 0.000150098494487, 0.000298727100017, 0.00013989317813, 0.0001757395803, 0.000144338846439, 0.000171003775904, 5.12571641593e-05, 8.63581662998e-05, 4.927747068e-05, 7.17403017916e-05, 4.92987346661e-05, 5.00154419569e-05, 4.98069057357e-05, 6.2887025706e-05, 4.63123178633e-05, 8.62633460201e-05, 6.3725063228e-05, 4.64243748866e-05, 6.37445627945e-05, 8.03418442956e-05, 0.000134122979944, 4.64114709757e-05, 4.23742421845e-05, 0.000253841804806, 0.000189180282177, 3.27771595039e-05, 3.47175591742e-05, 2.26418414968e-05, 2.56279254245e-05, 1.85946119018e-05, 1.4098959582e-05, 1.96904074983e-05, 1.43773886521e-05, 1.55471752805e-05, 1.34669744511e-05, 1.0138415746e-05, 9.04498574528e-06, 1.28106212287e-05, 8.00452016847e-06, 3.43399869962e-06, 2.33991826804e-07, 1.13510417066e-07, 1.72389448494e-07, 4.38075282716e-08, 6.05525185549e-09, 5.88876725161e-09, 5.75161962502e-09, 5.63952706756e-09, 5.53533530123e-09, 5.43542633125e-09, 5.33554533888e-09, 5.25313037514e-09, 5.21212584204e-09, 5.16422593577e-09, 5.13791764689e-09],
        "mean": [0.00016942761431, 0.00108146690764, 0.0023915565107, 0.0027221927885, 0.00213451054879, 0.00103855622001, 0.000422143144533, 0.000343262334354, 0.0003698693763, 0.000268047122518, 0.000200538139325, 0.000237197091337, 0.000221763330046, 0.000208949160879, 0.000211364618735, 0.000273563637165, 0.000358394579962, 0.000276484410278, 0.000174129803781, 0.000211197431781, 0.000310620234814, 0.000239192842855, 0.000380636716727, 0.0004155728966, 0.000237407861277, 0.000283491011942, 0.000349963404005, 0.000413983972976, 0.00040283461567, 0.000259840890067, 0.000205608754186, 0.000186520817806, 0.000156189329573, 0.000177186913788, 0.000169781109435, 0.00014770081907, 0.000172189160367, 0.000223880517296, 0.000191864746739, 0.000116801842523, 8.43697198434e-05, 9.16190911084e-05, 0.000115768423711, 0.000133583525894, 0.000107703031972, 8.44429378049e-05, 6.76011404721e-05, 6.18035192019e-05, 6.86558560119e-05, 7.93143772171e-05, 8.41699584271e-05, 6.9321366027e-05, 5.10289028171e-05, 5.57282546652e-05, 6.42350350972e-05, 6.4782332629e-05, 5.43378955626e-05, 4.50219522463e-05, 3.32794916176e-05, 2.60744345724e-05, 2.69533229584e-05, 2.76153550658e-05, 2.73268415185e-05, 2.28078279179e-05, 2.14560004679e-05, 2.11892929656e-05, 1.94303192984e-05, 1.96637902263e-05, 2.19862977247e-05, 1.79260550794e-05, 1.49134557432e-05, 1.3570084775e-05, 1.01155364973e-05, 8.08391450846e-06, 6.94059508533e-06, 6.67032236379e-06, 6.23596224614e-06, 5.28501686858e-06, 4.96172151543e-06, 4.08173900723e-06, 3.52691722583e-06, 3.44841737387e-06, 3.89263368561e-06, 4.00691214963e-06, 3.75289096155e-06, 3.79873972634e-06, 3.95668894271e-06, 4.04357751904e-06, 3.84476243198e-06, 3.60962235391e-06, 3.41769577972e-06, 3.30817533722e-06, 3.35699064635e-06, 3.31439150614e-06, 2.98717736769e-06, 2.70725877272e-06, 2.45639103014e-06, 1.91023036678e-06, 1.51129222559e-06, 1.20227707612e-06, 9.01484440874e-07, 7.85093334343e-07, 6.24783353942e-07, 6.03019316259e-07, 6.03086903084e-07, 3.69740462247e-07, 3.06530580474e-07, 2.45541713184e-07, 2.39956591486e-07, 2.04228996381e-07, 1.76946088004e-07, 9.99691280867e-08, 3.3905070751e-08, 3.42843797796e-09, 2.23012541767e-09, 1.94342253401e-09, 4.18976187078e-10, 1.29129684376e-11, 1.22997376173e-11, 1.19243269772e-11, 1.1594154456e-11, 1.13237761182e-11, 1.10658981978e-11, 1.08442569161e-11, 1.06146541209e-11, 1.03902615678e-11, 1.02352241266e-11, 1.01658152382e-11],
        "min": [7.45610309605e-11, 2.02698302587e-09, 1.80261352511e-08, 1.67833160702e-08, 1.54587631584e-08, 4.30561541975e-08, 5.53732704134e-09, 1.73304215423e-08, 2.86834911378e-08, 3.58148639634e-07, 6.37732355813e-08, 4.14564851781e-07, 3.06910322934e-07, 9.38462605404e-08, 2.53539582218e-07, 4.03439855745e-07, 8.31218699204e-07, 2.03737101856e-07, 2.07727708812e-07, 2.2727851956e-07, 4.25797736625e-07, 6.8542237841e-07, 5.13189831963e-07, 4.11880279216e-07, 1.05151734431e-07, 1.78302528298e-07, 2.64060247446e-07, 6.36696029233e-07, 6.26656060376e-07, 8.03410046046e-07, 2.46362333201e-07, 1.10021630917e-07, 4.07375466693e-07, 2.07418111131e-07, 1.38072635991e-07, 1.1477525419e-07, 1.28159626911e-07, 1.37344613904e-07, 6.02805627636e-08, 3.43426904692e-08, 6.23435312264e-08, 4.27791349011e-08, 5.65351960802e-08, 1.50880765659e-07, 1.27698683627e-07, 9.9805511411e-08, 8.8086345329e-08, 5.07205371036e-08, 5.93261155757e-08, 6.52052563055e-08, 9.15395048651e-08, 1.65042365552e-07, 9.85590844493e-08, 1.99820799907e-08, 2.27255405605e-08, 3.49686573031e-08, 5.23285237364e-08, 5.79771182174e-08, 2.55495784529e-08, 3.6392517444e-08, 4.01722566323e-08, 5.18918152892e-09, 4.52697932474e-08, 6.6671482557e-08, 6.05947647614e-08, 6.81656331381e-08, 4.87986682174e-08, 1.51086808842e-07, 2.44678801664e-08, 3.0614295099e-08, 3.96459149954e-08, 4.76007713246e-08, 4.15619219041e-08, 4.38948788428e-08, 1.58620760971e-08, 1.01266639518e-08, 2.52541232371e-09, 5.063382158e-09, 3.54539086977e-09, 2.82682552921e-08, 2.31932926198e-08, 2.14136619547e-08, 3.26878613066e-08, 2.23383160858e-08, 2.8080961556e-08, 4.33238511732e-08, 3.2996062771e-08, 3.90214935919e-08, 1.1368453734e-08, 1.66542459823e-08, 2.13490043421e-08, 8.22659984578e-09, 8.57920223751e-09, 1.06172688419e-08, 5.48361800412e-09, 3.77887360292e-10, 1.98064342705e-10, 9.46212691533e-11, 4.12015005447e-11, 8.82508649491e-11, 1.96802123209e-11, 4.29703500429e-13, 2.03405624592e-13, 2.68137562934e-13, 2.33651341547e-13, 2.2836517833e-13, 2.93385053664e-13, 3.33370267155e-13, 1.30090694619e-13, 1.41879821151e-13, 1.39332908275e-13, 1.27880277439e-13, 1.18466908917e-13, 1.33456031057e-13, 1.24358246682e-13, 1.38411919187e-13, 1.42734294436e-13, 1.11931778679e-13, 1.19719704528e-13, 1.23351402335e-13, 1.17920714968e-13, 1.24156029424e-13, 1.09021929125e-13, 1.25143805366e-13, 8.84778971551e-14, 3.07207160914e-14, 5.00619849937e-15, 1.94388026285e-16],
        "stdev": [0.000237050437136, 0.00125443178695, 0.00266730342992, 0.00295450910926, 0.00238448870368, 0.00132946332451, 0.000548644689843, 0.000411008542869, 0.000494209525641, 0.000422902492573, 0.000250349374255, 0.000366598396795, 0.000324401742546, 0.000347529916326, 0.000388582440792, 0.000451900268672, 0.000556468963623, 0.000506600772496, 0.000342509360053, 0.000367818196537, 0.000578153354581, 0.000437251728727, 0.000741732714232, 0.000792656326666, 0.000496736029163, 0.000841349421535, 0.00118922442198, 0.00107701076195, 0.00100732780993, 0.000641532824375, 0.000561607535928, 0.000432415487012, 0.00043106006342, 0.000477946770843, 0.000470898579806, 0.000393264897866, 0.000451339001302, 0.000595937250182, 0.000598980928771, 0.000379354751203, 0.000209160119994, 0.000254931946984, 0.000296899670502, 0.000304780667648, 0.000252194149652, 0.000238029519096, 0.00021738774376, 0.000160205076099, 0.000160786570632, 0.000222668561037, 0.00018843523867, 0.000167473946931, 0.000107994303107, 0.00015907100169, 0.00016691510973, 0.000162159834872, 0.000123688820167, 0.000117702853458, 7.06032587914e-05, 4.52454478364e-05, 5.80502746743e-05, 6.87163119437e-05, 5.89789378864e-05, 4.04282545787e-05, 3.33726966346e-05, 3.08935632347e-05, 2.69763513643e-05, 2.83407280222e-05, 3.69624176528e-05, 2.75830716419e-05, 2.53291273111e-05, 2.31334342971e-05, 1.93174146261e-05, 1.32200129883e-05, 1.32310178742e-05, 1.0902316717e-05, 1.15666198326e-05, 1.00890165413e-05, 8.42954977998e-06, 4.76535797134e-06, 4.62152593173e-06, 3.89951901525e-06, 5.04303716298e-06, 4.95307449455e-06, 4.05333912568e-06, 4.29420515502e-06, 4.77241292174e-06, 4.67973313789e-06, 5.14904377269e-06, 4.78289848616e-06, 3.82377629649e-06, 4.20631158704e-06, 4.92538674735e-06, 5.42846146345e-06, 4.30635327575e-06, 3.95463985114e-06, 6.65234938424e-06, 6.300358109e-06, 2.59380044554e-06, 2.34035405811e-06, 1.86271518032e-06, 1.82592657438e-06, 1.51411666138e-06, 1.3158770571e-06, 1.20930747016e-06, 9.12734208214e-07, 8.86993973381e-07, 6.8515834073e-07, 6.68274367399e-07, 6.06588059782e-07, 5.89191415656e-07, 4.03664841997e-07, 1.31459160002e-07, 1.25167094467e-08, 8.26524626518e-09, 8.74505179382e-09, 2.01404382061e-09, 2.01900260399e-10, 1.95026036987e-10, 1.88959625724e-10, 1.8386991929e-10, 1.79405712508e-10, 1.75233993982e-10, 1.71695616058e-10, 1.68787539501e-10, 1.66850991357e-10, 1.65108149375e-10, 1.64094376975e-10]
    },
    "mfcc": {
        "mean": [-590.338684082, 103.260528564, -7.04192066193, 15.8660697937, 1.3584651947, 6.56130504608, 1.58897352219, 13.793337822, 1.47882282734, 11.9280347824, -1.36265826225, 5.11231088638, 1.41937053204],
        "cov": [[1215.47753906, -270.166046143, -144.36076355, -31.7102165222, 31.7121829987, -21.0178470612, 94.3342971802, 14.0078315735, 6.18096399307, 47.1369361877, 16.8679676056, 18.7382526398, 17.6625061035], [-270.166046143, 480.338348389, 10.8990459442, 16.7728023529, -90.6390075684, 72.0150680542, 77.9710006714, 24.4360961914, -50.0585136414, 41.6595916748, 31.8917560577, 3.1208126545, -3.8571460247], [-144.36076355, 10.8990459442, 538.113037109, 112.970359802, 132.602996826, 29.3769340515, -24.9352989197, -7.23743247986, 75.2817993164, -68.6095809937, 42.814250946, 16.823392868, 29.7256145477], [-31.7102165222, 16.7728023529, 112.970359802, 314.064331055, 155.88973999, -20.6539916992, -96.6844787598, 13.4898290634, 73.6431121826, -33.9487075806, -12.8380584717, 32.8809356689, 23.9470424652], [31.7121829987, -90.6390075684, 132.602996826, 155.88973999, 228.358947754, 4.23947811127, -102.531837463, -20.7066783905, 73.7459716797, -43.3278846741, -2.31370258331, 17.6872940063, 30.4223499298], [-21.0178470612, 72.0150680542, 29.3769340515, -20.6539916992, 4.23947811127, 150.366592407, 67.1292266846, 27.8101501465, -9.76919364929, 8.69706916809, 21.6270008087, -5.66115903854, -14.4851608276], [94.3342971802, 77.9710006714, -24.9352989197, -96.6844787598, -102.531837463, 67.1292266846, 222.975265503, 53.1663856506, -46.7369194031, 33.785369873, 26.123840332, -16.8139705658, -16.8113155365], [14.0078315735, 24.4360961914, -7.23743247986, 13.4898290634, -20.7066783905, 27.8101501465, 53.1663856506, 101.4008255, 14.1405239105, 11.0931653976, 0.151952430606, 0.190805956721, -11.667766571], [6.18096399307, -50.0585136414, 75.2817993164, 73.6431121826, 73.7459716797, -9.76919364929, -46.7369194031, 14.1405239105, 118.687965393, 0.119553200901, -1.44732701778, -3.29917883873, 2.13089489937], [47.1369361877, 41.6595916748, -68.6095809937, -33.9487075806, -43.3278846741, 8.69706916809, 33.785369873, 11.0931653976, 0.119553200901, 107.589050293, 17.6602611542, -23.1866779327, -22.2622108459], [16.8679676056, 31.8917560577, 42.814250946, -12.8380584717, -2.31370258331, 21.6270008087, 26.123840332, 0.151952430606, -1.44732701778, 17.6602611542, 73.1381530762, 9.33993148804, -0.594204127789], [18.7382526398, 3.1208126545, 16.823392868, 32.8809356689, 17.6872940063, -5.66115903854, -16.8139705658, 0.190805956721, -3.29917883873, -23.1866779327, 9.33993148804, 83.2829437256, 31.5454158783], [17.6625061035, -3.8571460247, 29.7256145477, 23.9470424652, 30.4223499298, -14.4851608276, -16.8113155365, -11.667766571, 2.13089489937, -22.2622108459, -0.594204127789, 31.5454158783, 78.3325195312]],
        "icov": [[0.00116429664195, 0.000771662336774, 0.000364143488696, -0.000140808406286, -0.000458465132397, 0.000180091752554, -0.000990629545413, 0.00010510487482, 8.86982343218e-06, -0.0006153442082, -0.000358523888281, -0.000409746251535, -0.000318091042573], [0.000771662336774, 0.00345078902319, -9.24708438106e-05, -0.00152197049465, 0.00164734397549, -0.00135300436523, -0.00065675273072, 0.000220165224164, 0.000999709940515, -0.00133025913965, -0.000853038509376, -0.000173854146851, -0.00084355531726], [0.000364143488696, -9.24708438106e-05, 0.00283711007796, -0.000290136085823, -0.00108387123328, -0.000116323324619, -0.000822664820589, 0.000420959433541, -0.00139721762389, 0.00168214621954, -0.00193828518968, 0.000303850771161, -0.000409995642258], [-0.000140808406286, -0.00152197049465, -0.000290136085823, 0.00628534704447, -0.00399025715888, 0.00139545847196, 0.0010209166212, -0.00199678167701, -0.00115500332322, 0.000213376872125, 0.00119504914619, -0.00152512756176, 0.000590167357586], [-0.000458465132397, 0.00164734397549, -0.00108387123328, -0.00399025715888, 0.0111401751637, -0.00337165733799, 0.00279854331166, 0.00179117266089, -0.00237163132988, 0.00118733453564, -0.000810737546999, 0.000988651183434, -0.00226930784993], [0.000180091752554, -0.00135300436523, -0.000116323324619, 0.00139545847196, -0.00337165733799, 0.00949258636683, -0.0026736157015, -0.00167381763458, 0.000598379643634, 0.000222731148824, -0.00109611975495, -0.000190597129404, 0.00186747848056], [-0.000990629545413, -0.00065675273072, -0.000822664820589, 0.0010209166212, 0.00279854331166, -0.0026736157015, 0.00905523914844, -0.00364018976688, 0.0017423076788, -0.000261986919213, -0.00126929488033, 0.00148099660873, -0.000716896087397], [0.00010510487482, 0.000220165224164, 0.000420959433541, -0.00199678167701, 0.00179117266089, -0.00167381763458, -0.00364018976688, 0.0134391477332, -0.00327151385136, -0.000113760746899, 0.00125505635515, -0.00137230777182, 0.00127204193268], [8.86982343218e-06, 0.000999709940515, -0.00139721762389, -0.00115500332322, -0.00237163132988, 0.000598379643634, 0.0017423076788, -0.00327151385136, 0.0130834039301, -0.00254290318117, 1.59411792993e-05, 0.00132054649293, 0.000238613080001], [-0.0006153442082, -0.00133025913965, 0.00168214621954, 0.000213376872125, 0.00118733453564, 0.000222731148824, -0.000261986919213, -0.000113760746899, -0.00254290318117, 0.0133485477418, -0.00379597023129, 0.00293725170195, 0.0015277499333], [-0.000358523888281, -0.000853038509376, -0.00193828518968, 0.00119504914619, -0.000810737546999, -0.00109611975495, -0.00126929488033, 0.00125505635515, 1.59411792993e-05, -0.00379597023129, 0.0175920687616, -0.0034986846149, 0.000898902595509], [-0.000409746251535, -0.000173854146851, 0.000303850771161, -0.00152512756176, 0.000988651183434, -0.000190597129404, 0.00148099660873, -0.00137230777182, 0.00132054649293, 0.00293725170195, -0.0034986846149, 0.0161033384502, -0.00558369792998], [-0.000318091042573, -0.00084355531726, -0.000409995642258, 0.000590167357586, -0.00226930784993, 0.00186747848056, -0.000716896087397, 0.00127204193268, 0.000238613080001, 0.0015277499333, 0.000898902595509, -0.00558369792998, 0.0167168676853]]
    },
    "spectral_contrast_coeffs": {
        "max": [-0.471706002951, -0.543835639954, -0.456020116806, -0.54601842165, -0.571442484856, -0.525432467461],
        "mean": [-0.762881278992, -0.752576768398, -0.737004101276, -0.745659053326, -0.744246959686, -0.741166174412],
        "min": [-0.896067738533, -0.905302166939, -0.889817893505, -0.894537091255, -0.860835492611, -0.848661482334],
        "stdev": [0.0509323514998, 0.0600660517812, 0.06623583287, 0.0620566681027, 0.0533343926072, 0.0389264151454]
    },
    "spectral_contrast_valleys": {
        "max": [-5.38032054901, -5.11929988861, -5.35272312164, -5.7127456665, -6.01663303375, -7.54266166687],
        "mean": [-6.45689630508, -6.3747086525, -6.8682513237, -7.22354030609, -7.23483276367, -9.77769470215],
        "min": [-11.326748848, -8.26599407196, -8.48265075684, -8.75389957428, -8.87000846863, -13.6178417206],
        "stdev": [0.638677835464, 0.418181419373, 0.505840480328, 0.445354133844, 0.423732757568, 0.712030231953]
    }
},
"rhythm": {
    "beats_count": 109,
    "beats_loudness": {
        "max": 0.0747754797339,
        "mean": 0.0339533872902,
        "min": 0.00182900635991,
        "stdev": 0.0114543326199
    },
    "bpm": 135.153884888,
    "bpm_histogram_first_peak_bpm": 136,
    "bpm_histogram_first_peak_weight": 0.432989656925,
    "bpm_histogram_second_peak_bpm": 129,
    "bpm_histogram_second_peak_spread": 0.111111104488,
    "bpm_histogram_second_peak_weight": 0.074074074626,
    "danceability": 1.15686118603,
    "onset_rate": 2.912109375,
    "beats_loudness_band_ratio": {
        "max": [0.785116136074, 0.530264437199, 0.59650349617, 0.676059961319, 0.56798094511, 0.271260678768],
        "mean": [0.335074394941, 0.0839134678245, 0.178379222751, 0.206924632192, 0.156679421663, 0.0775290355086],
        "min": [0.000488900346681, 0.0110224215314, 0.0221063122153, 0.0148134892806, 0.0151388356462, 0.0120568061247],
        "stdev": [0.202431663871, 0.0783829912543, 0.114394530654, 0.164776727557, 0.126527443528, 0.0478232316673]
    },
