{
"metadata": {
    "version": {
        "essentia": "2.1-beta5",
        "essentia_git_sha": "Undefined",
        "extractor": "music 2.0"
    },
    "audio_properties": {
        "analysis": {
            "equal_loudness": 0,
            "length": 36.8268470764,
            "sample_rate": 44100,
            "start_time": 175.240997314,
            "downmix": "mix"
        },
        "bit_rate": 192000,
        "length": 212.091079712,
        "lossless": 0,
        "number_channels": 2,
        "replay_gain": -7.43732452393,
        "sample_rate": 48000,
        "codec": "mp3",
        "md5_encoded": "b98d5a0ecc4943e716d6efa82db61280"
    },
    "tags": {
        "file_name": "Ukraine_Be My Guest_Gaitana.mp3",
        "encoding": ["Lavf58.29.100"]
    }
},
"lowlevel": {
    "average_loudness": 0.184392213821,
    "barkbands_crest": {
        "max": 26.2522506714,
        "mean": 10.9755125046,
        "min": 2.75231862068,
        "stdev": 4.85771226883
    },
    "barkbands_flatness_db": {
        "max": 0.564695060253,
        "mean": 0.183734819293,
        "min": 0.0379550084472,
        "stdev": 0.0771661549807
    },
    "barkbands_kurtosis": {
        "max": 140.238998413,
        "mean": 3.95877504349,
        "min": -1.65518283844,
        "stdev": 9.35208892822
    },
    "barkbands_skewness": {
        "max": 7.65607690811,
        "mean": 1.32330131531,
        "min": -1.65197873116,
        "stdev": 1.1486107111
    },
    "barkbands_spread": {
        "max": 86.5210876465,
        "mean": 21.1474609375,
        "min": 0.405239015818,
        "stdev": 14.9573764801
    },
    "dissonance": {
        "max": 0.500000059605,
        "mean": 0.464703589678,
        "min": 0.258551836014,
        "stdev": 0.034051541239
    },
    "dynamic_complexity": 5.27298593521,
    "erbbands_crest": {
        "max": 34.3611335754,
        "mean": 12.2291812897,
        "min": 2.31855082512,
        "stdev": 6.55841112137
    },
    "erbbands_flatness_db": {
        "max": 0.4767383039,
        "mean": 0.223158851266,
        "min": 0.0594969280064,
        "stdev": 0.0873313173652
    },
    "erbbands_kurtosis": {
        "max": 114.483375549,
        "mean": 2.03023123741,
        "min": -1.83871078491,
        "stdev": 6.6583147049
    },
    "erbbands_skewness": {
        "max": 7.87384796143,
        "mean": 0.927135705948,
        "min": -1.37813568115,
        "stdev": 1.05895805359
    },
    "erbbands_spread": {
        "max": 108.631324768,
        "mean": 31.7163944244,
        "min": 0.66871124506,
        "stdev": 19.3134441376
    },
    "hfc": {
        "max": 224.385726929,
        "mean": 23.0985298157,
        "min": 0.0103926518932,
        "stdev": 29.4952163696
    },
    "loudness_ebu128": {
        "integrated": -16.8293933868,
        "loudness_range": 12.7295722961,
        "momentary": {
            "max": -10.8564777374,
            "mean": -20.081615448,
            "min": -44.4481582642,
            "stdev": 6.0964217186
        },
        "short_term": {
            "max": -12.4959449768,
            "mean": -19.2422351837,
            "min": -29.9514541626,
            "stdev": 4.74380493164
        }
    },
    "melbands_crest": {
        "max": 34.82239151,
        "mean": 14.921412468,
        "min": 3.42682099342,
        "stdev": 6.35739326477
    },
    "melbands_flatness_db": {
        "max": 0.752400577068,
        "mean": 0.190530985594,
        "min": 0.0183062851429,
        "stdev": 0.0841711834073
    },
    "melbands_kurtosis": {
        "max": 234.748199463,
        "mean": 11.2394723892,
        "min": -1.67289495468,
        "stdev": 18.465965271
    },
    "melbands_skewness": {
        "max": 13.563129425,
        "mean": 2.17041730881,
        "min": -2.09004688263,
        "stdev": 1.5630569458
    },
    "melbands_spread": {
        "max": 157.591217041,
        "mean": 26.1217479706,
        "min": 0.803791999817,
        "stdev": 19.8693981171
    },
    "pitch_salience": {
        "max": 0.844321072102,
        "mean": 0.539977908134,
        "min": 0.0931285694242,
        "stdev": 0.145144492388
    },
    "silence_rate_20dB": {
        "max": 1,
        "mean": 1,
        "min": 1,
        "stdev": 0
    },
    "silence_rate_30dB": {
        "max": 1,
        "mean": 1,
        "min": 1,
        "stdev": 0
    },
    "silence_rate_60dB": {
        "max": 1,
        "mean": 0.216131061316,
        "min": 0,
        "stdev": 0.411603927612
    },
    "spectral_centroid": {
        "max": 4018.20629883,
        "mean": 1646.31433105,
        "min": 175.522644043,
        "stdev": 649.90234375
    },
    "spectral_complexity": {
        "max": 42,
        "mean": 12.8191556931,
        "min": 0,
        "stdev": 7.36119604111
    },
    "spectral_decrease": {
        "max": -3.7131196555e-12,
        "mean": -3.87573928506e-09,
        "min": -2.30897132525e-08,
        "stdev": 4.33557101331e-09
    },
    "spectral_energy": {
        "max": 0.097832493484,
        "mean": 0.0167230702937,
        "min": 1.49568058987e-05,
        "stdev": 0.0185967683792
    },
    "spectral_energyband_high": {
        "max": 0.0235473029315,
        "mean": 0.00107669923455,
        "min": 4.4635406482e-10,
        "stdev": 0.00213160994463
    },
    "spectral_energyband_low": {
        "max": 0.0543453395367,
        "mean": 0.00297482684255,
        "min": 7.1756822706e-09,
        "stdev": 0.00691074272618
    },
    "spectral_energyband_middle_high": {
        "max": 0.097047790885,
        "mean": 0.00971689540893,
        "min": 7.5985454373e-08,
        "stdev": 0.0166143588722
    },
    "spectral_energyband_middle_low": {
        "max": 0.0368361324072,
        "mean": 0.00331118097529,
        "min": 8.09600351204e-06,
        "stdev": 0.00390790170059
    },
    "spectral_entropy": {
        "max": 8.67142009735,
        "mean": 7.51750850677,
        "min": 4.60300779343,
        "stdev": 0.590575397015
    },
    "spectral_flux": {
        "max": 0.250260025263,
        "mean": 0.0627472773194,
        "min": 0.00225215661339,
        "stdev": 0.0409284457564
    },
    "spectral_kurtosis": {
        "max": 417.687561035,
        "mean": 5.25550317764,
        "min": -1.28188979626,
        "stdev": 23.5780067444
    },
    "spectral_rms": {
        "max": 0.00976966414601,
        "mean": 0.00346554303542,
        "min": 0.000120797376439,
        "stdev": 0.00207489263266
    },
    "spectral_rolloff": {
        "max": 10529.7363281,
        "mean": 2082.61499023,
        "min": 64.599609375,
        "stdev": 1714.16125488
    },
    "spectral_skewness": {
        "max": 17.0391464233,
        "mean": 1.43045592308,
        "min": 0.274589329958,
        "stdev": 1.11338615417
    },
    "spectral_spread": {
        "max": 13769679,
        "mean": 4597038.5,
        "min": 216126.671875,
        "stdev": 1895879
    },
    "spectral_strongpeak": {
        "max": 22.1462097168,
        "mean": 1.94924163818,
        "min": 0.00343270297162,
        "stdev": 2.96946668625
    },
    "zerocrossingrate": {
        "max": 0.3564453125,
        "mean": 0.0796449184418,
        "min": 0.00732421875,
        "stdev": 0.0416378974915
    },
    "barkbands": {
        "max": [0.00242916727439, 0.0524843521416, 0.0269701592624, 0.0117566632107, 0.00609781593084, 0.00780246639624, 0.0118863591924, 0.0126548595726, 0.0312206894159, 0.0486119613051, 0.0432349480689, 0.0949714705348, 0.0783725753427, 0.0319773033261, 0.019799830392, 0.00946998409927, 0.00198526843451, 0.00344717199914, 0.00309631484561, 0.0169477220625, 0.00283214496449, 0.0109818316996, 0.00564288441092, 0.0154570387676, 0.00665477011353, 0.00200667488389, 4.44910347142e-06],
        "mean": [0.000107874577225, 0.00217418069951, 0.000529703043867, 0.000300037674606, 0.00020704967028, 0.000211173028219, 0.000485302734887, 0.000314525474096, 0.00137481105048, 0.0017725530779, 0.00159740133677, 0.00179897889029, 0.00268053612672, 0.000482735660626, 0.000556474085897, 0.000221864218474, 0.000187828409253, 0.000246288225753, 0.000185520693776, 0.000349420268321, 0.000144567980897, 0.000206681259442, 0.000183955344255, 0.000199905975023, 0.000140096803079, 6.35760879959e-05, 1.96020533139e-08],
        "min": [4.11125786193e-11, 4.29206115093e-10, 8.55638726538e-10, 2.75431921715e-09, 7.98749582032e-08, 1.71193306642e-07, 3.95637840711e-07, 1.79483308216e-07, 6.94006416779e-08, 2.64343249512e-08, 5.93442450736e-09, 1.14566089948e-09, 5.49912060333e-10, 1.34886546377e-09, 2.4709188029e-09, 1.05905795245e-09, 8.16452572217e-10, 7.27270910161e-10, 2.28823505283e-11, 3.00445120172e-11, 2.77369238688e-11, 2.30514288213e-11, 1.7366379168e-11, 3.34773320176e-11, 2.90627921035e-11, 2.36535305231e-11, 2.79642888706e-11],
        "stdev": [0.000286167836748, 0.00603374326602, 0.00175979337655, 0.000918803561945, 0.000463198986836, 0.000459662405774, 0.00101033691317, 0.000639777223114, 0.00301342108287, 0.00388494762592, 0.00418686401099, 0.00838270504028, 0.0107581503689, 0.00203191116452, 0.0013803425245, 0.000588692491874, 0.000269902520813, 0.000376847019652, 0.000315580517054, 0.00114351231605, 0.000248266907874, 0.000464804179501, 0.000357359385816, 0.000858100305777, 0.000401118915761, 0.000187196987099, 1.43969117516e-07]
    },
    "erbbands": {
        "max": [1.60906779766, 12.2159147263, 21.2503204346, 41.4196662903, 36.5321121216, 26.2900791168, 60.9234313965, 64.2481384277, 212.918777466, 192.71206665, 382.879638672, 615.546386719, 1085.70678711, 2036.68383789, 1728.60852051, 4921.65917969, 4371.06738281, 1810.18273926, 899.548400879, 1215.70117188, 216.835449219, 136.896240234, 148.783493042, 229.016525269, 166.340194702, 1132.39904785, 125.627281189, 228.33392334, 365.593536377, 193.657501221, 181.309448242, 314.712280273, 256.458984375, 93.2626953125, 42.1133613586, 15.5595216751, 2.12552690506, 0.0609918944538, 0.00234002922662, 0.000338135840138],
        "mean": [0.0681561231613, 0.459235936403, 0.668998479843, 0.889118254185, 0.753495573997, 0.77148193121, 0.928316056728, 2.18317818642, 5.50724220276, 8.14280128479, 8.58535289764, 31.8121757507, 40.8477783203, 79.479927063, 56.3426933289, 95.1566619873, 118.218818665, 32.5221557617, 23.3932762146, 25.5226306915, 9.98093700409, 10.8986873627, 12.3939647675, 12.7147817612, 11.9944963455, 16.7143154144, 6.39268827438, 6.10520458221, 7.00988769531, 6.53941774368, 4.8785610199, 4.30467605591, 3.15444111824, 1.71242618561, 0.923361778259, 0.440706670284, 0.0849843397737, 0.00220065563917, 8.74435572769e-05, 2.93077882816e-05],
        "min": [5.11183060325e-08, 3.97067879021e-07, 2.34277104028e-06, 1.30970120154e-05, 0.000122729456052, 0.000539193104487, 0.00183766603004, 0.00339147937484, 0.00605516787618, 0.00418824981898, 0.00332738412544, 0.00140409590676, 0.00138727424201, 0.000614736112766, 0.00024010243942, 0.000115070390166, 0.000111078763439, 9.57666779868e-05, 7.67032033764e-05, 7.5605152233e-05, 6.20188802714e-05, 6.80911762174e-05, 4.27144368587e-05, 5.66385415368e-06, 1.50626419781e-06, 1.80357585577e-06, 1.45689421061e-06, 1.20772972423e-06, 1.09594009245e-06, 1.03343984392e-06, 8.6727402504e-07, 9.86450231721e-07, 1.05462402189e-06, 8.75192085914e-07, 5.58188446576e-07, 2.78666192344e-07, 1.14134799389e-07, 2.4229629858e-08, 1.99142089485e-08, 1.84132229464e-08],
        "stdev": [0.188570052385, 1.35995984077, 1.99649870396, 2.60818171501, 2.12256836891, 1.61919414997, 2.76892161369, 4.32310628891, 14.0826892853, 16.0467300415, 15.9713506699, 70.8142089844, 89.7753448486, 203.622116089, 134.284606934, 401.640380859, 445.772491455, 119.02180481, 46.0950393677, 77.6876754761, 15.333899498, 15.3598480225, 15.996761322, 22.7372837067, 21.1968708038, 67.086730957, 12.0589170456, 11.0693006516, 15.2896184921, 12.5384979248, 9.83250617981, 16.294588089, 12.9990463257, 5.21131324768, 2.67344498634, 1.34459674358, 0.233742013574, 0.00600032974035, 0.000214229527046, 3.66215717804e-05]
    },
    "gfcc": {
        "mean": [-72.1453552246, 59.7307624817, -170.833190918, 20.4205131531, -83.7937698364, 17.9582118988, -33.6805267334, 4.98606061935, -15.4667749405, -8.092628479, -10.7616128922, -5.24257898331, -9.15424919128],
        "cov": [[9226.88378906, -3133.41870117, 291.092010498, 104.233604431, 318.745330811, 1516.94189453, 142.824371338, 1055.42456055, -494.53704834, 845.381164551, -244.636108398, 641.810852051, -109.474411011], [-3133.41870117, 2657.16235352, 1187.57727051, 743.134216309, 539.753051758, -337.371520996, 244.408126831, -152.889282227, 402.549804688, -349.527954102, 81.6928863525, -256.211853027, 66.8794784546], [291.092010498, 1187.57727051, 4185.22753906, 1573.6114502, 1157.4630127, 466.795074463, -308.027374268, 772.271179199, -229.301971436, 752.439331055, -358.28894043, 566.292663574, -97.1975479126], [104.233604431, 743.134216309, 1573.6114502, 978.786743164, 521.799987793, 199.637557983, -16.6307678223, 276.569793701, 33.9001655579, 240.542068481, -92.3244094849, 166.478546143, -17.5082988739], [318.745330811, 539.753051758, 1157.4630127, 521.799987793, 635.18762207, 317.098175049, 180.668991089, 258.048736572, -31.8207950592, 189.77104187, -38.9544830322, 127.857643127, 6.59238243103], [1516.94189453, -337.371520996, 466.795074463, 199.637557983, 317.098175049, 739.94909668, 295.019592285, 413.596099854, -30.2315311432, 195.126358032, -22.4126987457, 107.24936676, 74.7398147583], [142.824371338, 244.408126831, -308.027374268, -16.6307678223, 180.668991089, 295.019592285, 534.162902832, 71.9227218628, 127.703170776, -139.051223755, 134.118179321, -129.720092773, 102.581108093], [1055.42456055, -152.889282227, 772.271179199, 276.569793701, 258.048736572, 413.596099854, 71.9227218628, 479.119018555, 7.5167016983, 231.813644409, -109.944267273, 172.606384277, 41.4553337097], [-494.53704834, 402.549804688, -229.301971436, 33.9001655579, -31.8207950592, -30.2315311432, 127.703170776, 7.5167016983, 307.74118042, -114.055328369, 60.8226623535, -117.586212158, 48.9743270874], [845.381164551, -349.527954102, 752.439331055, 240.542068481, 189.77104187, 195.126358032, -139.051223755, 231.813644409, -114.055328369, 430.66204834, -54.8081855774, 242.009155273, -53.8547210693], [-244.636108398, 81.6928863525, -358.28894043, -92.3244094849, -38.9544830322, -22.4126987457, 134.118179321, -109.944267273, 60.8226623535, -54.8081855774, 191.916015625, -63.2992248535, 20.0849761963], [641.810852051, -256.211853027, 566.292663574, 166.478546143, 127.857643127, 107.24936676, -129.720092773, 172.606384277, -117.586212158, 242.009155273, -63.2992248535, 266.114257812, -12.7591400146], [-109.474411011, 66.8794784546, -97.1975479126, -17.5082988739, 6.59238243103, 74.7398147583, 102.581108093, 41.4553337097, 48.9743270874, -53.8547210693, 20.0849761963, -12.7591400146, 128.666992188]],
        "icov": [[0.000358996010618, 0.000394588307245, 0.000187411278603, -0.000283267814666, -0.000303837965475, -0.000298590864986, -1.97764693439e-05, -0.000383727572626, 3.51525632141e-05, 0.000169476945302, 8.36010585772e-05, -0.000294422410661, 0.000547095551156], [0.000394588307245, 0.00334438262507, -0.001581532415, -0.000503476941958, -0.0019229388563, 0.00137942668516, -0.0007594639319, 0.00110487802885, -0.00286536244676, 0.00271395873278, -0.0010311040096, 0.00122110510711, -0.000610478804447], [0.000187411278603, -0.001581532415, 0.0026634617243, -0.0011954883812, -0.000809157267213, -0.000770576996729, 0.00145184411667, -0.00229869084433, 0.00236086407676, -0.0017337363679, 0.00101605511736, -0.00108654226642, 0.00101242470555], [-0.000283267814666, -0.000503476941958, -0.0011954883812, 0.00343254161999, -0.000365787767805, -0.000154701410793, 0.000101328303572, 0.000895411183592, -0.00123369914945, -0.000243113405304, -3.91174762626e-05, -4.6253673645e-05, -0.000306657893816], [-0.000303837965475, -0.0019229388563, -0.000809157267213, -0.000365787767805, 0.00732969958335, -0.00120440393221, -0.00307674729265, 0.000637449906208, 0.00183151476085, -0.00193005148321, 0.000961451558396, -0.00128247553948, 0.000869405746926], [-0.000298590864986, 0.00137942668516, -0.000770576996729, -0.000154701410793, -0.00120440393221, 0.00565981632099, -0.00233522406779, -0.00222590263002, -0.000159341900144, 6.47275883239e-05, -0.000794901512563, 0.00198262021877, -0.00181279436219], [-1.97764693439e-05, -0.0007594639319, 0.00145184411667, 0.000101328303572, -0.00307674729265, -0.00233522406779, 0.00721044465899, -0.00172776030377, 0.000339189486112, 0.00122914789245, -0.00301386346109, 0.00147668935824, -0.00118707539514], [-0.000383727572626, 0.00110487802885, -0.00229869084433, 0.000895411183592, 0.000637449906208, -0.00222590263002, -0.00172776030377, 0.00988955888897, -0.00447154697031, -0.000180910545168, 0.0029941610992, -0.00154300499707, -0.00205808132887], [3.51525632141e-05, -0.00286536244676, 0.00236086407676, -0.00123369914945, 0.00183151476085, -0.000159341900144, 0.000339189486112, -0.00447154697031, 0.00867311377078, -0.00237465230748, -0.000469137099572, 0.00104343227576, 0.000185381039046], [0.000169476945302, 0.00271395873278, -0.0017337363679, -0.000243113405304, -0.00193005148321, 6.47275883239e-05, 0.00122914789245, -0.000180910545168, -0.00237465230748, 0.00920127611607, -0.00322848348878, -0.00244741281494, 0.00154677079991], [8.36010585772e-05, -0.0010311040096, 0.00101605511736, -3.91174762626e-05, 0.000961451558396, -0.000794901512563, -0.00301386346109, 0.0029941610992, -0.000469137099572, -0.00322848348878, 0.0101876584813, -0.00171908049379, 0.000286420341581], [-0.000294422410661, 0.00122110510711, -0.00108654226642, -4.6253673645e-05, -0.00128247553948, 0.00198262021877, 0.00147668935824, -0.00154300499707, 0.00104343227576, -0.00244741281494, -0.00171908049379, 0.0116335423663, -0.00347799248993], [0.000547095551156, -0.000610478804447, 0.00101242470555, -0.000306657893816, 0.000869405746926, -0.00181279436219, -0.00118707539514, -0.00205808132887, 0.000185381039046, 0.00154677079991, 0.000286420341581, -0.00347799248993, 0.0120831076056]]
    },
    "melbands": {
        "max": [0.0145998392254, 0.0106092263013, 0.00587686058134, 0.00156242540106, 0.00160258810502, 0.00144414114766, 0.00282252649777, 0.00183618126903, 0.0032682614401, 0.00463142758235, 0.00556421978399, 0.0087898960337, 0.00552890496328, 0.00973752699792, 0.0117411520332, 0.00696520321071, 0.00322181894444, 0.00120285758749, 0.00217369012535, 0.00109056499787, 0.000167189355125, 0.000169637103681, 0.000168176702573, 0.000188051650184, 0.000214681698708, 0.000107743260742, 0.000397085386794, 0.00106850045267, 5.7976001699e-05, 0.000122668003314, 0.000180812858162, 0.000325325003359, 9.22932085814e-05, 0.000128740284708, 0.000103515791125, 0.000149150902871, 0.000270788470516, 0.000239489498199, 0.000128016778035, 6.18057529209e-05],
        "mean": [0.000617317156866, 0.000434977933764, 0.000149884901475, 5.03754272358e-05, 3.37714263878e-05, 5.05390598846e-05, 8.69573341333e-05, 8.50497090141e-05, 8.03151560831e-05, 0.000213347826502, 0.000198174835532, 0.000315994606353, 0.000192183011677, 0.000148273902596, 0.000433760957094, 0.000141998039908, 4.91688369948e-05, 3.32321615133e-05, 4.13207526435e-05, 2.277519161e-05, 9.46638556343e-06, 1.0318758541e-05, 1.26798240672e-05, 1.10461051008e-05, 1.02954190879e-05, 6.71972929922e-06, 1.30317393996e-05, 1.03769161797e-05, 3.42353860106e-06, 3.53730979441e-06, 3.71925193576e-06, 4.07047082263e-06, 3.9134833969e-06, 3.53882251147e-06, 2.72792772193e-06, 2.73417049357e-06, 2.65105813924e-06, 2.3801203497e-06, 1.78133075224e-06, 1.31782860535e-06],
        "min": [1.33639169175e-10, 8.36888947031e-10, 4.60509896882e-09, 1.2904872726e-08, 6.20081479497e-08, 3.86327343449e-08, 9.0309796974e-08, 4.28276436537e-08, 1.35018307645e-08, 6.14732087456e-09, 5.11028064309e-09, 1.83354154082e-09, 8.04974531476e-10, 3.3937408439e-10, 1.02671392221e-10, 2.12837854979e-11, 1.41008399401e-10, 1.0359834518e-10, 1.37720668203e-10, 1.06430628199e-10, 6.07529651586e-11, 4.35285418821e-11, 4.02329072835e-11, 3.04050604139e-11, 1.12991799077e-12, 6.93999979012e-13, 1.09460585127e-12, 9.96733078018e-13, 9.0045505774e-13, 6.89232037328e-13, 5.11777740412e-13, 4.6485010936e-13, 3.20701933976e-13, 3.93249181049e-13, 2.53936032358e-13, 2.30988812062e-13, 3.06681763318e-13, 3.73000973641e-13, 4.22309729504e-13, 2.59850490734e-13],
        "stdev": [0.00168807676528, 0.0011507977033, 0.000413908070186, 0.000116368188174, 8.3664774138e-05, 0.00010315709369, 0.000198726775125, 0.000164356373716, 0.00015872696531, 0.000487553508719, 0.000457146205008, 0.000811479752883, 0.000447030528449, 0.000625161104836, 0.00173992512282, 0.000566517119296, 0.000211102407775, 7.20994066796e-05, 0.000119404954603, 7.05111306161e-05, 1.58089660545e-05, 1.69509658008e-05, 1.93456653506e-05, 1.87175919564e-05, 2.07219327422e-05, 1.05056014945e-05, 4.07320003433e-05, 5.26039657416e-05, 6.00341354584e-06, 7.89143086877e-06, 7.82298320701e-06, 1.09565007733e-05, 8.03843067843e-06, 7.49463515604e-06, 5.67341885471e-06, 6.86409339323e-06, 1.28299125208e-05, 1.07372088678e-05, 6.72969827065e-06, 3.70284737983e-06]
    },
    "melbands128": {
        "max": [0.00214097998105, 0.0134452953935, 0.0247774440795, 0.0222644265741, 0.0130461081862, 0.0147164538503, 0.0101137645543, 0.00622454006225, 0.00395168736577, 0.00195731245913, 0.00178414129186, 0.00112477364019, 0.00281756767072, 0.00331663596444, 0.00201991922222, 0.00137019436806, 0.00492776930332, 0.00326783489436, 0.00285851676017, 0.00305496272631, 0.00150495127309, 0.00258243642747, 0.0050242501311, 0.0044373376295, 0.00565970269963, 0.0105487797409, 0.00986693426967, 0.0103942677379, 0.00707316258922, 0.013641115278, 0.0150247719139, 0.0103034377098, 0.0079380562529, 0.0117563130334, 0.0116415489465, 0.0159946028143, 0.0278411600739, 0.0241513699293, 0.0175222251564, 0.0207466315478, 0.0061229984276, 0.00553761655465, 0.00624584779143, 0.00234976178035, 0.00125285855029, 0.00170680403244, 0.00367382913828, 0.0028921267949, 0.00311605841853, 0.00318780867383, 0.00177869817708, 0.000466777331894, 0.000328220427036, 0.000402668927563, 0.00016743503511, 0.000343823950971, 0.000246292329393, 0.000393437599996, 0.000337747391313, 0.000376904732548, 0.000419903197326, 0.000591957359575, 0.000544521666598, 0.000474396190839, 0.000263476918917, 0.000177364359843, 0.000275010621408, 0.000442242337158, 0.000823312904686, 0.000767729943618, 0.00210137548856, 0.000705175858457, 0.000120745775348, 8.52556258906e-05, 0.000227942960919, 0.000322157138726, 7.89695550338e-05, 0.000109055428766, 0.000111907465907, 0.000524323142599, 0.000738220755011, 0.000184343167348, 0.000238795211772, 0.000176477406058, 0.000189285434317, 0.000194858032046, 0.000175644599949, 0.000117355986731, 9.90158732748e-05, 0.000134563248139, 0.000128881234559, 0.000231218291447, 0.000245664530667, 0.000258958811173, 0.000455112924101, 0.000527302443516, 9.17658762773e-05, 0.000172376472619, 0.000205452524824, 0.000130487853312, 7.1458358434e-05, 6.29136629868e-05, 4.61865238321e-05, 5.10795252922e-05, 6.47935157758e-05, 5.15055726282e-05, 3.19335267704e-05, 3.37917917932e-05, 4.47963429906e-05, 3.39029356837e-05, 2.15651143662e-05, 1.49657862494e-05, 6.92375760991e-06, 1.08781682684e-06, 3.65060316199e-07, 3.33731463797e-07, 4.73678092305e-08, 1.58175641474e-08, 1.81543988731e-08, 1.91532709692e-08, 1.95749638721e-08, 1.97410532365e-08, 1.97785894329e-08, 1.97213818609e-08, 1.96618969994e-08, 1.95825631266e-08, 1.94975307011e-08, 1.94465457071e-08],
        "mean": [9.85196820693e-05, 0.000513478706125, 0.000896988844033, 0.000713261251803, 0.000391043693526, 0.000250952201895, 0.000187874378753, 0.000137066235766, 6.6126769525e-05, 4.02801233577e-05, 4.62533353129e-05, 3.23419117194e-05, 2.48007218033e-05, 4.22158191213e-05, 4.80472626805e-05, 4.40637049905e-05, 9.11477400223e-05, 8.32227160572e-05, 0.000100835241028, 9.92737113847e-05, 7.43130949559e-05, 5.25538744114e-05, 5.72100216232e-05, 0.000127632287331, 0.000224227347644, 0.000242437963607, 0.000214841187699, 0.000191245562746, 0.000161252974067, 0.000309910130454, 0.000435262627434, 0.00021856285457, 0.000144523437484, 0.000212067636312, 0.000126818325953, 9.01547027752e-05, 0.00022684247233, 0.000587212794926, 0.000478307745652, 0.000185541764949, 6.63636237732e-05, 6.64393228362e-05, 6.80442462908e-05, 2.72473207588e-05, 2.34233248193e-05, 3.92491128878e-05, 3.76951393264e-05, 4.2194591515e-05, 4.26430706284e-05, 3.78743097826e-05, 1.79275757546e-05, 1.12057450679e-05, 9.94443507807e-06, 9.32050534175e-06, 6.82666586727e-06, 1.0868157915e-05, 1.14223948913e-05, 1.52941174747e-05, 1.25290689539e-05, 9.6848107205e-06, 8.68119150255e-06, 1.47254877447e-05, 1.23735762827e-05, 9.68388121692e-06, 5.6935223256e-06, 7.3160717875e-06, 5.59913087272e-06, 8.46848070069e-06, 1.90818282135e-05, 1.27370176415e-05, 1.44628702401e-05, 5.67804818274e-06, 2.76748573924e-06, 3.12015117743e-06, 3.91033745473e-06, 4.28696739618e-06, 2.85392889054e-06, 3.03353272102e-06, 3.40522024089e-06, 4.90126240038e-06, 4.80288099425e-06, 3.21506900036e-06, 3.61917886949e-06, 4.44808711109e-06, 3.64996617463e-06, 3.74334081243e-06, 3.51685889655e-06, 2.91572769129e-06, 2.68584722107e-06, 2.27320015256e-06, 3.42315479429e-06, 2.43277827394e-06, 2.61960713033e-06, 2.4390890303e-06, 2.87297871182e-06, 2.91375476991e-06, 2.11436122299e-06, 1.88420995073e-06, 1.93051414499e-06, 1.66402253399e-06, 1.38991424592e-06, 1.28988597226e-06, 1.19636956697e-06, 1.07726054921e-06, 1.09819006866e-06, 9.50343462591e-07, 8.68599386195e-07, 8.56036194818e-07, 8.01976511866e-07, 6.77388356962e-07, 6.0981722072e-07, 4.74375980275e-07, 1.88841482895e-07, 8.10776956683e-09, 5.09308373253e-09, 4.18235313049e-09, 7.55858653445e-10, 1.43742092881e-11, 1.54002696012e-11, 1.59007113032e-11, 1.60563593671e-11, 1.60705910385e-11, 1.60152013179e-11, 1.58967682767e-11, 1.57568385423e-11, 1.55901177384e-11, 1.5462922609e-11, 1.54065371571e-11],
        "min": [4.02052349746e-12, 4.46634257356e-11, 9.76030992139e-11, 1.38199104938e-10, 1.25438590071e-10, 2.55094473323e-10, 1.25306287568e-09, 7.83728637543e-10, 2.63195709671e-09, 7.90189247368e-09, 1.52779371376e-08, 1.21947989484e-08, 1.41572185086e-08, 1.82449575448e-08, 1.2856093079e-08, 3.86854415169e-09, 2.59563464056e-08, 3.55300677768e-08, 5.7641980078e-08, 2.90421393601e-08, 2.73362239511e-08, 1.32314843526e-08, 2.21844631554e-09, 5.78014347496e-09, 3.75063136104e-09, 8.13076606043e-10, 2.16845785772e-09, 1.19561316403e-09, 1.47504353176e-09, 1.89208382295e-09, 1.91078042278e-09, 7.8232098577e-10, 5.93799343029e-10, 1.92199797744e-10, 2.97516844494e-10, 9.75971664596e-11, 1.15574730342e-10, 5.01811855957e-11, 4.81269642194e-11, 6.67382251893e-12, 9.77473397362e-12, 1.3166175615e-11, 2.02437233643e-11, 5.67926192185e-11, 4.53742182716e-11, 1.50998297199e-10, 8.21273951623e-11, 8.89571194485e-11, 7.0834720034e-11, 6.45618766781e-11, 8.01640698267e-11, 5.75919763268e-11, 2.29687154712e-11, 2.06308477246e-11, 1.71051211389e-11, 2.49175107631e-11, 3.09856272585e-11, 2.72309275823e-11, 3.01741895359e-11, 3.98072512453e-11, 7.68831005804e-12, 1.15547296124e-12, 1.33068176703e-12, 1.07868271607e-12, 6.65029392232e-13, 4.44478709481e-13, 9.0460733522e-13, 1.0992812563e-12, 8.60790713882e-13, 8.68268618896e-13, 9.96049380128e-13, 1.04378875335e-12, 8.04482077742e-13, 1.20172448381e-12, 5.05028636098e-13, 5.01847099033e-13, 3.6709678808e-13, 5.84625067541e-13, 3.65311893149e-13, 5.44388481776e-13, 4.12099689226e-13, 3.5162796069e-13, 2.42656724792e-13, 2.67170020916e-13, 3.88374906237e-13, 3.27508175744e-13, 3.47105563693e-13, 3.61715594543e-13, 2.63614027525e-13, 1.64798919953e-13, 1.77089232493e-13, 3.07632771254e-13, 2.34502060782e-13, 2.68977738303e-13, 1.32015980179e-13, 2.75578171394e-13, 2.72376088697e-13, 3.20520546953e-13, 2.13875331291e-13, 2.33262817699e-13, 1.78623405672e-13, 1.26104191651e-13, 1.55029865356e-13, 1.02196795135e-13, 1.05936547241e-13, 1.42689706622e-13, 8.63692526786e-14, 9.08940484727e-14, 6.36906773523e-14, 1.09277251961e-13, 9.12947492669e-14, 9.26055090359e-14, 1.00616977044e-13, 9.8543413284e-14, 7.09488620198e-14, 9.96927285732e-14, 7.82179361428e-14, 9.63306582939e-14, 9.13734691209e-14, 9.07058377519e-14, 8.79947360095e-14, 7.9953283035e-14, 7.45068205266e-14, 8.31097072673e-14, 6.9476759415e-14, 2.46891096705e-14, 3.64271474109e-15, 1.01795883588e-16],
        "stdev": [0.000265075679636, 0.00148139405064, 0.00269804988056, 0.00223650108092, 0.00124189956114, 0.000832677760627, 0.000597762118559, 0.000410683191149, 0.000210129175684, 0.000113684385724, 9.96538074105e-05, 7.77801833465e-05, 0.000112532317871, 0.000150283362018, 0.000117173993203, 0.000100528486655, 0.000321626343066, 0.000229621888138, 0.000229129393119, 0.000241184287006, 0.000171137900907, 0.000128238942125, 0.000173428372364, 0.000321178842569, 0.000590295472648, 0.000821661786176, 0.000621022714768, 0.000681657285895, 0.000452766398666, 0.000880593550391, 0.0014917475637, 0.000767283374444, 0.000473190943012, 0.000742579868529, 0.00062650028849, 0.000745059689507, 0.00187043461483, 0.00288479914889, 0.00224763504229, 0.00139613146894, 0.000326947018038, 0.000354032090399, 0.000419949967181, 9.15541313589e-05, 7.62953422964e-05, 0.000123310499475, 0.000125010541524, 0.000145488229464, 0.000203099116334, 0.000170303726918, 7.14636189514e-05, 2.78756178886e-05, 2.19801513595e-05, 2.37374606513e-05, 1.39085495903e-05, 3.05365247186e-05, 2.52703102888e-05, 3.67635366274e-05, 2.50989724009e-05, 2.273501741e-05, 2.13170678762e-05, 4.17289047618e-05, 3.8638994738e-05, 3.05868816213e-05, 1.57569193107e-05, 1.42358449011e-05, 1.22763058243e-05, 3.07582304231e-05, 8.47018891363e-05, 5.58395877306e-05, 0.000114081442007, 2.493433567e-05, 5.84883036936e-06, 7.6706019172e-06, 1.16263663585e-05, 1.59141327458e-05, 5.89187675359e-06, 6.2592807808e-06, 7.19222907719e-06, 2.10220387089e-05, 2.15725194721e-05, 7.40786344977e-06, 1.12974948934e-05, 1.18629823191e-05, 9.21122227737e-06, 8.96819983609e-06, 9.00926534086e-06, 7.66086031945e-06, 5.97901225774e-06, 5.96529434915e-06, 7.38542621548e-06, 8.29185410112e-06, 9.67136202235e-06, 1.11876133815e-05, 1.87742480193e-05, 1.89043475984e-05, 6.49727735436e-06, 8.21675985208e-06, 8.62618344399e-06, 5.88456077821e-06, 4.26258475272e-06, 3.81591416954e-06, 3.26797817252e-06, 3.20951357935e-06, 3.56717555405e-06, 3.00641136164e-06, 2.57349324784e-06, 2.73431487585e-06, 2.76540049526e-06, 2.21301002057e-06, 1.75138393388e-06, 1.39284145462e-06, 5.33134539182e-07, 4.43781402737e-08, 2.5161078554e-08, 2.10660289213e-08, 3.66109875749e-09, 3.99735522461e-10, 4.57817700417e-10, 4.82628270682e-10, 4.9305987071e-10, 4.97109908792e-10, 4.97965002566e-10, 4.96455487831e-10, 4.94902618886e-10, 4.92881069292e-10, 4.90718243817e-10, 4.89427109951e-10]
    },
    "mfcc": {
        "mean": [-695.330200195, 82.2593536377, -29.1867904663, -2.28928136826, -22.1341876984, 1.49806237221, -12.7059898376, 10.4617424011, -6.63064622879, 5.31144237518, -3.91937851906, -3.60126662254, -3.73509931564],
        "cov": [[8723.26464844, -2609.29907227, -908.151611328, -1182.49316406, -79.9977111816, 307.225616455, 733.603149414, 368.040985107, 355.650726318, 109.830322266, 308.49822998, 191.21723938, 126.813179016], [-2609.29907227, 1690.04370117, 780.221679688, 867.420532227, 393.782989502, 95.3170394897, -56.2893218994, 135.226745605, 76.8752670288, 120.090019226, -31.5852680206, -42.8075180054, -22.2663612366], [-908.151611328, 780.221679688, 2493.47827148, 1326.49682617, 1289.13964844, 287.3175354, 356.770477295, 29.2611198425, 411.481079102, 75.4814453125, 182.876708984, 19.7759952545, 274.737121582], [-1182.49316406, 867.420532227, 1326.49682617, 1259.8894043, 716.328369141, 172.313110352, -1.0871809721, 3.73287630081, 126.446044922, 65.674621582, 31.9806480408, -2.33723759651, 147.963653564], [-79.9977111816, 393.782989502, 1289.13964844, 716.328369141, 854.287780762, 229.104095459, 278.479766846, 73.1105728149, 282.245697021, 65.7474517822, 129.184280396, 8.99254894257, 169.625991821], [307.225616455, 95.3170394897, 287.3175354, 172.313110352, 229.104095459, 293.834381104, 265.135986328, 110.095397949, 137.557235718, 63.3346672058, 79.0829162598, 80.6735916138, 95.615486145], [733.603149414, -56.2893218994, 356.770477295, -1.0871809721, 278.479766846, 265.135986328, 588.715820312, 200.938964844, 267.580474854, 47.9171257019, 121.94631958, 96.8721008301, 120.08241272], [368.040985107, 135.226745605, 29.2611198425, 3.73287630081, 73.1105728149, 110.095397949, 200.938964844, 310.849334717, 208.989715576, 127.243461609, 57.486541748, 14.357758522, -3.69969248772], [355.650726318, 76.8752670288, 411.481079102, 126.446044922, 282.245697021, 137.557235718, 267.580474854, 208.989715576, 384.788269043, 126.673698425, 115.373573303, 14.5230102539, 54.3119125366], [109.830322266, 120.090019226, 75.4814453125, 65.674621582, 65.7474517822, 63.3346672058, 47.9171257019, 127.243461609, 126.673698425, 179.020004272, 73.0227050781, 16.6703796387, -1.64419150352], [308.49822998, -31.5852680206, 182.876708984, 31.9806480408, 129.184280396, 79.0829162598, 121.94631958, 57.486541748, 115.373573303, 73.0227050781, 148.319503784, 57.8292732239, 51.2140274048], [191.21723938, -42.8075180054, 19.7759952545, -2.33723759651, 8.99254894257, 80.6735916138, 96.8721008301, 14.357758522, 14.5230102539, 16.6703796387, 57.8292732239, 148.413513184, 73.8935623169], [126.813179016, -22.2663612366, 274.737121582, 147.963653564, 169.625991821, 95.615486145, 120.08241272, -3.69969248772, 54.3119125366, -1.64419150352, 51.2140274048, 73.8935623169, 167.839889526]],
        "icov": [[0.000338160229148, 0.000608292000834, 0.000213381325011, -8.4903644165e-05, -0.000434297689935, -0.000115495626233, -0.000104617902252, -0.000467174890218, 0.000119496537081, -0.000119407159218, -0.000164500466781, -0.000110825450975, 0.000179179551196], [0.000608292000834, 0.0022121493239, 0.000251657416811, -0.000962627062108, -0.000656064599752, -0.000240078486968, -0.000175825232873, -0.00145171978511, 0.000530928606167, -0.000599922146648, 0.000153319531819, -0.000359996396583, 0.00109820056241], [0.000213381325011, 0.000251657416811, 0.00267636519857, -0.00117214291822, -0.00292718689889, 0.000895689998288, -0.00066479598172, 0.000717876304407, -0.000709840562195, 0.000162804877618, -0.000513921142556, -0.000252873403952, -3.64682382497e-05], [-8.4903644165e-05, -0.000962627062108, -0.00117214291822, 0.00329752406105, -0.000802267575637, -0.00106726610102, 0.00152245152276, -0.00014229984663, 0.000378095253836, -0.000369706278434, 0.00112295045983, -0.000191937040654, -0.0011095944792], [-0.000434297689935, -0.000656064599752, -0.00292718689889, -0.000802267575637, 0.00767403561622, -0.00139221083373, -0.000445513782324, 0.000541040208191, -0.000888749782462, 0.00058597966563, -0.00135769648477, 0.00245898566209, -0.00126701698173], [-0.000115495626233, -0.000240078486968, 0.000895689998288, -0.00106726610102, -0.00139221083373, 0.0080141145736, -0.00296654854901, -8.33643862279e-05, 0.000436725647887, -0.00141409528442, 0.000115729992103, -0.00187959207688, -0.000870711810421], [-0.000104617902252, -0.000175825232873, -0.00066479598172, 0.00152245152276, -0.000445513782324, -0.00296654854901, 0.00525932153687, -0.00189310056157, -0.00139112013858, 0.00223923823796, -0.000285065645585, -0.000984734622762, -0.000869921816047], [-0.000467174890218, -0.00145171978511, 0.000717876304407, -0.00014229984663, 0.000541040208191, -8.33643862279e-05, -0.00189310056157, 0.00862477999181, -0.0032012599986, -0.00304585695267, 0.00122594833374, 0.000364336417988, 0.000627572124358], [0.000119496537081, 0.000530928606167, -0.000709840562195, 0.000378095253836, -0.000888749782462, 0.000436725647887, -0.00139112013858, -0.0032012599986, 0.00736086908728, -0.00214721332304, -0.00155712710693, 0.00132546701934, -0.000128479601699], [-0.000119407159218, -0.000599922146648, 0.000162804877618, -0.000369706278434, 0.00058597966563, -0.00141409528442, 0.00223923823796, -0.00304585695267, -0.00214721332304, 0.0114003773779, -0.00459155533463, -0.000218939152546, 0.000918154371902], [-0.000164500466781, 0.000153319531819, -0.000513921142556, 0.00112295045983, -0.00135769648477, 0.000115729992103, -0.000285065645585, 0.00122594833374, -0.00155712710693, -0.00459155533463, 0.0135493427515, -0.00399020826444, -0.000385667808587], [-0.000110825450975, -0.000359996396583, -0.000252873403952, -0.000191937040654, 0.00245898566209, -0.00187959207688, -0.000984734622762, 0.000364336417988, 0.00132546701934, -0.000218939152546, -0.00399020826444, 0.0120223481208, -0.00458918884397], [0.000179179551196, 0.00109820056241, -3.64682382497e-05, -0.0011095944792, -0.00126701698173, -0.000870711810421, -0.000869921816047, 0.000627572124358, -0.000128479601699, 0.000918154371902, -0.000385667808587, -0.00458918884397, 0.0116077102721]]
    },
    "spectral_contrast_coeffs": {
        "max": [-0.418368309736, -0.474637657404, -0.44599878788, -0.536316931248, -0.50302028656, -0.455174893141],
        "mean": [-0.726686179638, -0.748250067234, -0.729733347893, -0.774887979031, -0.760423064232, -0.709598600864],
        "min": [-0.934530675411, -0.930135726929, -0.91449123621, -0.917915284634, -0.912540733814, -0.954685091972],
        "stdev": [0.0789387822151, 0.0746714472771, 0.0832131952047, 0.0717911124229, 0.0650129467249, 0.0725347995758]
    },
    "spectral_contrast_valleys": {
        "max": [-5.43247032166, -5.36199331284, -5.47906255722, -6.03548574448, -6.18924283981, -7.59376144409],
        "mean": [-8.62951374054, -7.36469984055, -7.7150592804, -8.00123977661, -8.20043468475, -11.0791091919],
        "min": [-13.039853096, -10.3251895905, -12.2779350281, -13.0740671158, -14.8350028992, -16.7612628937],
        "stdev": [1.5426325798, 0.631718158722, 1.23314070702, 1.14288079739, 1.04166996479, 1.71223735809]
    }
},
"rhythm": {
    "beats_count": 73,
    "beats_loudness": {
        "max": 0.0721881091595,
        "mean": 0.0164062380791,
        "min": 3.64205225196e-05,
        "stdev": 0.0152214411646
    },
    "bpm": 97.6172180176,
    "bpm_histogram_first_peak_bpm": 98,
    "bpm_histogram_first_peak_weight": 0.217391312122,
    "bpm_histogram_second_peak_bpm": 144,
    "bpm_histogram_second_peak_spread": 0.461538434029,
    "bpm_histogram_second_peak_weight": 0.0972222238779,
    "danceability": 0.75360751152,
    "onset_rate": 3.23031973839,
    "beats_loudness_band_ratio": {
        "max": [0.908920526505, 0.298611193895, 0.74581849575, 0.930111408234, 0.493498116732, 0.763316035271],
        "mean": [0.202689558268, 0.0511611141264, 0.240934535861, 0.322631508112, 0.114159114659, 0.0998559519649],
        "min": [1.3570623878e-06, 0.000144012374221, 0.00670276908204, 0.00250424724072, 0.000595258781686, 3.41395279975e-05],
        "stdev": [0.273436337709, 0.0709954351187, 0.193723589182, 0.251401215792, 0.103471502662, 0.111305594444]
    },
