{
"metadata": {
    "version": {
        "essentia": "2.1-beta5",
        "essentia_git_sha": "Undefined",
        "extractor": "music 2.0"
    },
    "audio_properties": {
        "analysis": {
            "equal_loudness": 0,
            "length": 32.4963264465,
            "sample_rate": 44100,
            "start_time": 61.4980506897,
            "downmix": "mix"
        },
        "bit_rate": 192000,
        "length": 211.208709717,
        "lossless": 0,
        "number_channels": 2,
        "replay_gain": -4.78934860229,
        "sample_rate": 48000,
        "codec": "mp3",
        "md5_encoded": "ad277cb4f7da58f5f0e7f724a325c5f8"
    },
    "tags": {
        "file_name": "North MacedoniaNorth MacedoniaN_Crno I Belo_Kaliopi.mp3",
        "encoding": ["Lavf58.29.100"]
    }
},
"lowlevel": {
    "average_loudness": 0.9535343647,
    "barkbands_crest": {
        "max": 25.4795856476,
        "mean": 12.4806642532,
        "min": 3.06293725967,
        "stdev": 4.91018342972
    },
    "barkbands_flatness_db": {
        "max": 0.37527474761,
        "mean": 0.193269461393,
        "min": 0.0587032176554,
        "stdev": 0.056911893189
    },
    "barkbands_kurtosis": {
        "max": 161.361495972,
        "mean": 6.40979385376,
        "min": -1.91853153706,
        "stdev": 12.8680686951
    },
    "barkbands_skewness": {
        "max": 11.5580654144,
        "mean": 1.74695444107,
        "min": -3.81078886986,
        "stdev": 1.68442595005
    },
    "barkbands_spread": {
        "max": 94.6141815186,
        "mean": 21.3239898682,
        "min": 1.63533699512,
        "stdev": 17.140794754
    },
    "dissonance": {
        "max": 0.499856591225,
        "mean": 0.448570102453,
        "min": 0.244638502598,
        "stdev": 0.0412885136902
    },
    "dynamic_complexity": 2.70308375359,
    "erbbands_crest": {
        "max": 28.8707714081,
        "mean": 11.9901981354,
        "min": 2.51915812492,
        "stdev": 5.61247634888
    },
    "erbbands_flatness_db": {
        "max": 0.387166202068,
        "mean": 0.208873614669,
        "min": 0.0714538544416,
        "stdev": 0.0621314495802
    },
    "erbbands_kurtosis": {
        "max": 22.973903656,
        "mean": 1.03311216831,
        "min": -1.86231255531,
        "stdev": 2.94020247459
    },
    "erbbands_skewness": {
        "max": 4.10342073441,
        "mean": 0.427947700024,
        "min": -3.5596601963,
        "stdev": 1.0921844244
    },
    "erbbands_spread": {
        "max": 156.403137207,
        "mean": 40.6780052185,
        "min": 6.33926010132,
        "stdev": 26.7723712921
    },
    "hfc": {
        "max": 173.071853638,
        "mean": 23.0842456818,
        "min": 0.381411314011,
        "stdev": 19.7538223267
    },
    "loudness_ebu128": {
        "integrated": -18.5920944214,
        "loudness_range": 1.84652900696,
        "momentary": {
            "max": -15.2276859283,
            "mean": -18.8927936554,
            "min": -25.3656845093,
            "stdev": 1.74544882774
        },
        "short_term": {
            "max": -17.6802501678,
            "mean": -18.6471538544,
            "min": -20.7392845154,
            "stdev": 0.665677249432
        }
    },
    "melbands_crest": {
        "max": 33.0104522705,
        "mean": 16.8575611115,
        "min": 3.62202382088,
        "stdev": 5.68769931793
    },
    "melbands_flatness_db": {
        "max": 0.411502480507,
        "mean": 0.21508488059,
        "min": 0.0387742519379,
        "stdev": 0.0662187635899
    },
    "melbands_kurtosis": {
        "max": 467.592254639,
        "mean": 22.1629257202,
        "min": -1.85920381546,
        "stdev": 43.3199462891
    },
    "melbands_skewness": {
        "max": 16.5990982056,
        "mean": 3.08312416077,
        "min": -2.10193610191,
        "stdev": 2.58463072777
    },
    "melbands_spread": {
        "max": 207.262161255,
        "mean": 25.3717021942,
        "min": 0.918799459934,
        "stdev": 28.103061676
    },
    "pitch_salience": {
        "max": 0.879882633686,
        "mean": 0.5072478652,
        "min": 0.125102698803,
        "stdev": 0.133276641369
    },
    "silence_rate_20dB": {
        "max": 1,
        "mean": 1,
        "min": 1,
        "stdev": 0
    },
    "silence_rate_30dB": {
        "max": 1,
        "mean": 0.966452538967,
        "min": 0,
        "stdev": 0.180061012506
    },
    "silence_rate_60dB": {
        "max": 1,
        "mean": 0.0192719493061,
        "min": 0,
        "stdev": 0.137479349971
    },
    "spectral_centroid": {
        "max": 5274.41357422,
        "mean": 1477.72412109,
        "min": 270.814147949,
        "stdev": 820.672424316
    },
    "spectral_complexity": {
        "max": 54,
        "mean": 14.9907207489,
        "min": 1,
        "stdev": 8.79561233521
    },
    "spectral_decrease": {
        "max": -1.05745863455e-10,
        "mean": -7.00691593636e-09,
        "min": -6.3449647314e-08,
        "stdev": 7.62929097675e-09
    },
    "spectral_energy": {
        "max": 0.241930380464,
        "mean": 0.0285395234823,
        "min": 0.00044555941713,
        "stdev": 0.0294645391405
    },
    "spectral_energyband_high": {
        "max": 0.0261924322695,
        "mean": 0.00101309269667,
        "min": 1.93154937733e-06,
        "stdev": 0.00208232854493
    },
    "spectral_energyband_low": {
        "max": 0.235016793013,
        "mean": 0.0101850768551,
        "min": 4.28929736174e-09,
        "stdev": 0.0268724318594
    },
    "spectral_energyband_middle_high": {
        "max": 0.0718815624714,
        "mean": 0.00651206308976,
        "min": 5.60576045245e-05,
        "stdev": 0.00963449291885
    },
    "spectral_energyband_middle_low": {
        "max": 0.0779339894652,
        "mean": 0.0116170151159,
        "min": 0.000126574697788,
        "stdev": 0.0113453930244
    },
    "spectral_entropy": {
        "max": 8.61857509613,
        "mean": 7.38011980057,
        "min": 6.10898685455,
        "stdev": 0.563366651535
    },
    "spectral_flux": {
        "max": 0.421577870846,
        "mean": 0.102791368961,
        "min": 0.0108652049676,
        "stdev": 0.0697057768703
    },
    "spectral_kurtosis": {
        "max": 26.9438838959,
        "mean": 3.3911011219,
        "min": -1.18713545799,
        "stdev": 3.17907333374
    },
    "spectral_rms": {
        "max": 0.015363256447,
        "mean": 0.00480504333973,
        "min": 0.000659311830532,
        "stdev": 0.00218059425242
    },
    "spectral_rolloff": {
        "max": 11520.2636719,
        "mean": 1773.57678223,
        "min": 86.1328125,
        "stdev": 1972.46948242
    },
    "spectral_skewness": {
        "max": 3.6999976635,
        "mean": 1.20879673958,
        "min": -0.240375801921,
        "stdev": 0.559676826
    },
    "spectral_spread": {
        "max": 17221400,
        "mean": 4193960,
        "min": 1794664.875,
        "stdev": 1623447.875
    },
    "spectral_strongpeak": {
        "max": 12.5710821152,
        "mean": 1.53852069378,
        "min": 0,
        "stdev": 1.83824002743
    },
    "zerocrossingrate": {
        "max": 0.3486328125,
        "mean": 0.0657036304474,
        "min": 0.005859375,
        "stdev": 0.0507831126451
    },
    "barkbands": {
        "max": [0.00369301694445, 0.177377134562, 0.0782622694969, 0.0236953422427, 0.0410128384829, 0.050281021744, 0.0449206009507, 0.0601424686611, 0.0754789113998, 0.0659196376801, 0.0300565958023, 0.0203522760421, 0.0372523330152, 0.0359430797398, 0.010276899673, 0.0150532312691, 0.00465632090345, 0.00553531898186, 0.00484005501494, 0.00459896493703, 0.00775227556005, 0.0102743804455, 0.00478961504996, 0.00440641120076, 0.00237293494865, 0.000642778759357, 1.14138003937e-06],
        "mean": [0.000186910809134, 0.00660609267652, 0.00272066402249, 0.00101052399259, 0.00141667702701, 0.00249599805102, 0.00189844414126, 0.00194962834939, 0.00260180607438, 0.00128612190019, 0.00118513742927, 0.000442615360953, 0.000549799297005, 0.00111342128366, 0.000500144553371, 0.00037796588731, 0.000230351506616, 0.000410113279941, 0.00039320520591, 0.000270794844255, 0.000196439927095, 0.000230249614106, 0.000241401081439, 0.000157490983838, 5.66740309296e-05, 1.08748618004e-05, 6.67736710369e-09],
        "min": [1.60027324725e-10, 3.77528508455e-10, 6.8016092758e-10, 1.51036594342e-09, 1.4034361584e-06, 5.30289071321e-06, 8.00127281764e-07, 5.05303262344e-07, 2.05102242035e-06, 7.13711756362e-07, 2.45359728979e-07, 6.4769403707e-07, 1.84130854564e-07, 2.1538546946e-07, 4.23774935143e-08, 3.73384656527e-09, 5.60204493905e-10, 1.25890198888e-06, 1.17370564112e-06, 1.13052658435e-06, 4.04463833092e-07, 1.69890640223e-07, 3.60076661821e-08, 3.11669845487e-09, 4.18108846156e-11, 4.23876489464e-11, 5.22846210771e-11],
        "stdev": [0.000447782367701, 0.0211144797504, 0.00759634748101, 0.00205033435486, 0.00323374546133, 0.00424006115645, 0.00518259033561, 0.00553613062948, 0.00751903373748, 0.00557359820232, 0.00347429024987, 0.00149022089317, 0.00187326583546, 0.00372405350208, 0.00118102191482, 0.00100647273939, 0.000393558730138, 0.000539127155207, 0.000509123143274, 0.000436725880718, 0.000480969581986, 0.000637162651401, 0.00054070178885, 0.000382703467039, 0.000185111697647, 4.81657370983e-05, 5.47349898739e-08]
    },
    "erbbands": {
        "max": [3.8106136322, 47.9804916382, 102.37134552, 63.9172782898, 81.8153915405, 186.898147583, 232.232345581, 536.66986084, 606.311645508, 1359.95214844, 1108.52270508, 2212.20678711, 1427.73828125, 2498.06005859, 1144.56970215, 567.287719727, 867.578796387, 1681.62841797, 1339.83105469, 660.805480957, 936.286254883, 266.961791992, 262.12286377, 324.417358398, 225.256576538, 226.922332764, 274.969512939, 345.919891357, 371.927886963, 194.029388428, 150.13734436, 128.841659546, 58.0621757507, 26.7014961243, 16.1407146454, 4.13817358017, 1.04387557507, 0.0294448807836, 0.000833193655126, 0.000263554393314],
        "mean": [0.164515912533, 1.55046010017, 3.48651838303, 3.41689872742, 3.2280523777, 4.86494827271, 12.0117950439, 23.7813873291, 24.4075679779, 43.1387138367, 33.8455429077, 60.0363960266, 40.0552978516, 53.4942169189, 44.3486328125, 16.7502384186, 25.5203952789, 50.122882843, 39.0454177856, 23.4203968048, 19.4202251434, 13.5131425858, 19.6921749115, 23.846529007, 18.2617321014, 12.5338134766, 8.20096206665, 7.99217271805, 7.98651266098, 8.10907745361, 6.62955856323, 4.12104034424, 2.1042907238, 0.818533718586, 0.317842572927, 0.0871063321829, 0.013313587755, 0.000373976246919, 3.33432108164e-05, 3.68061482732e-05],
        "min": [6.96557123092e-08, 4.81556128307e-07, 2.3803086151e-06, 2.1057381673e-05, 0.000411716231611, 0.0110641475767, 0.0546093918383, 0.125202655792, 0.0307509489357, 0.0832060351968, 0.0212299283594, 0.0408958829939, 0.0481476485729, 0.0808102265, 0.0908802077174, 0.051365301013, 0.0240314751863, 0.0157518833876, 0.0168050061911, 0.0083788074553, 0.00187589589041, 0.00406107818708, 0.105777353048, 0.0923966988921, 0.0486623197794, 0.0546648912132, 0.0323894657195, 0.0149866817519, 0.00720788119361, 0.00242203567177, 0.00131252920255, 0.000356730190106, 8.1348560343e-05, 1.32244549604e-05, 1.02767089629e-05, 4.44786110165e-06, 1.42731460073e-06, 2.66761645662e-07, 4.66869153115e-07, 6.04441481755e-07],
        "stdev": [0.449355721474, 5.32170724869, 10.4058904648, 6.69067716599, 7.36746454239, 12.2533493042, 23.1828174591, 43.1588478088, 62.969127655, 119.06653595, 84.1040725708, 185.332107544, 127.831230164, 210.825897217, 114.58266449, 44.7924385071, 76.9893493652, 142.654067993, 115.537864685, 49.5261154175, 54.5859107971, 21.759759903, 24.6889247894, 33.1531600952, 23.2621765137, 19.1177902222, 18.0299224854, 20.5935935974, 22.9258041382, 18.8328361511, 15.1786603928, 10.1723709106, 5.05430793762, 2.45921850204, 1.13816440105, 0.365929096937, 0.0628790408373, 0.00166189519223, 6.34872048977e-05, 3.39043799613e-05]
    },
    "gfcc": {
        "mean": [-31.2427349091, 96.6485290527, -148.548309326, 47.4808692932, -78.1787719727, 8.61857128143, -39.6121444702, -0.262231141329, -11.6845092773, -12.6056499481, -0.245036110282, -9.13880825043, -5.64365577698],
        "cov": [[2666.11303711, -710.000427246, 201.522338867, 478.559875488, 195.394638062, 548.57019043, 154.054870605, 305.360107422, -136.027252197, 86.5126419067, -145.986618042, -32.235408783, -30.2254428864], [-710.000427246, 1970.66247559, -252.594680786, 120.424041748, 647.149841309, -197.586914062, 399.905883789, -143.824234009, 376.270935059, -265.572235107, 205.253051758, -110.393981934, 112.791496277], [201.522338867, -252.594680786, 1531.10412598, 757.325622559, 289.604614258, 364.294769287, -82.5959472656, 208.110626221, -239.425506592, 177.462753296, -371.884674072, 204.590820312, -3.7541000843], [478.559875488, 120.424041748, 757.325622559, 1098.0769043, 452.78793335, 292.654174805, 221.600494385, 98.5582275391, 6.74517583847, -44.6604309082, -181.726287842, 12.9355869293, 123.887443542], [195.394638062, 647.149841309, 289.604614258, 452.78793335, 677.700378418, 182.976669312, 232.276870728, 87.3764266968, 57.4421653748, -54.0727729797, -92.3401031494, 16.3886489868, 67.9766082764], [548.57019043, -197.586914062, 364.294769287, 292.654174805, 182.976669312, 570.895019531, 184.584091187, 96.2190093994, -122.128952026, -14.6650600433, -76.3139953613, -6.40453672409, 37.3553848267], [154.054870605, 399.905883789, -82.5959472656, 221.600494385, 232.276870728, 184.584091187, 446.775665283, 26.2597370148, 63.3159866333, -125.129577637, 50.4265518188, -70.18409729, 77.9282684326], [305.360107422, -143.824234009, 208.110626221, 98.5582275391, 87.3764266968, 96.2190093994, 26.2597370148, 213.576187134, -15.8075656891, 67.8203277588, -110.711540222, 25.7331733704, 10.9672212601], [-136.027252197, 376.270935059, -239.425506592, 6.74517583847, 57.4421653748, -122.128952026, 63.3159866333, -15.8075656891, 304.480743408, -53.1036109924, 106.737998962, -63.4628791809, 35.5832138062], [86.5126419067, -265.572235107, 177.462753296, -44.6604309082, -54.0727729797, -14.6650600433, -125.129577637, 67.8203277588, -53.1036109924, 210.010787964, -36.210144043, 57.5648880005, -83.7351150513], [-145.986618042, 205.253051758, -371.884674072, -181.726287842, -92.3401031494, -76.3139953613, 50.4265518188, -110.711540222, 106.737998962, -36.210144043, 279.083984375, -49.4264717102, -8.86581993103], [-32.235408783, -110.393981934, 204.590820312, 12.9355869293, 16.3886489868, -6.40453672409, -70.18409729, 25.7331733704, -63.4628791809, 57.5648880005, -49.4264717102, 155.865463257, 14.0745782852], [-30.2254428864, 112.791496277, -3.7541000843, 123.887443542, 67.9766082764, 37.3553848267, 77.9282684326, 10.9672212601, 35.5832138062, -83.7351150513, -8.86581993103, 14.0745782852, 168.170608521]],
        "icov": [[0.00068711588392, 0.000161077870871, 0.000475700071547, -0.00047700770665, -9.39210876822e-05, -0.000540973618627, 0.000140459102113, -0.000873106706422, 0.000149804051034, -1.82707917702e-05, -5.30057877768e-05, -0.000127309016534, 0.000494529085699], [0.000161077870871, 0.00246487860568, -0.00121397059411, 0.00127755629364, -0.00278219743632, 0.00152842013631, -0.00135129620321, 0.00127156311646, -0.001439025742, 0.00138916261494, -0.0013168688165, 0.001327415579, -0.000448485196102], [0.000475700071547, -0.00121397059411, 0.00326204532757, -0.00242024683394, 0.00146088714246, -0.0020191250369, 0.00145293353125, -0.00167883234099, 0.00125104608014, -0.00145280791912, 0.00182304496411, -0.00264803878963, 0.00137931457721], [-0.00047700770665, 0.00127755629364, -0.00242024683394, 0.00348909175955, -0.00220978935249, 0.00131311267614, -0.00153833557852, 0.00204852293245, -0.00144811428618, 0.000765013624914, -0.000458496739157, 0.00210280506872, -0.00189899047837], [-9.39210876822e-05, -0.00278219743632, 0.00146088714246, -0.00220978935249, 0.00563692022115, -0.002022924833, 0.000635970383883, -0.00184451241512, 0.000934689480346, -0.00125348905567, 0.00205590995029, -0.00240333029069, 0.000993689056486], [-0.000540973618627, 0.00152842013631, -0.0020191250369, 0.00131311267614, -0.002022924833, 0.00458309845999, -0.00209178682417, 0.000813881983049, 0.000284495879896, 0.00119605811778, -0.00157315877732, 0.00211523729376, -0.00114348332863], [0.000140459102113, -0.00135129620321, 0.00145293353125, -0.00153833557852, 0.000635970383883, -0.00209178682417, 0.00514615233988, -0.00216952920891, 0.000988102867268, 0.000799308414571, -0.0004603205889, -0.000246036041062, 0.000246883020736], [-0.000873106706422, 0.00127156311646, -0.00167883234099, 0.00204852293245, -0.00184451241512, 0.000813881983049, -0.00216952920891, 0.0100177144632, -0.00243457802571, -0.00265326839872, 0.00242813164368, 0.00132817262784, -0.00242864107713], [0.000149804051034, -0.001439025742, 0.00125104608014, -0.00144811428618, 0.000934689480346, 0.000284495879896, 0.000988102867268, -0.00243457802571, 0.00627692369744, -0.000576878257561, -0.00126895611174, 0.000651726557408, -0.00039013219066], [-1.82707917702e-05, 0.00138916261494, -0.00145280791912, 0.000765013624914, -0.00125348905567, 0.00119605811778, 0.000799308414571, -0.00265326839872, -0.000576878257561, 0.0103300446644, -0.00230665784329, -0.00131913076621, 0.00376701890491], [-5.30057877768e-05, -0.0013168688165, 0.00182304496411, -0.000458496739157, 0.00205590995029, -0.00157315877732, -0.0004603205889, 0.00242813164368, -0.00126895611174, -0.00230665784329, 0.00790645089, -0.00138828717172, 0.000478512025438], [-0.000127309016534, 0.001327415579, -0.00264803878963, 0.00210280506872, -0.00240333029069, 0.00211523729376, -0.000246036041062, 0.00132817262784, 0.000651726557408, -0.00131913076621, -0.00138828717172, 0.011296463199, -0.00380571326241], [0.000494529085699, -0.000448485196102, 0.00137931457721, -0.00189899047837, 0.000993689056486, -0.00114348332863, 0.000246883020736, -0.00242864107713, -0.00039013219066, 0.00376701890491, 0.000478512025438, -0.00380571326241, 0.00996402371675]]
    },
    "melbands": {
        "max": [0.0403692312539, 0.054301712662, 0.00867988821119, 0.0103825861588, 0.00632867123932, 0.0109043493867, 0.00829045008868, 0.0144956400618, 0.00809338316321, 0.0138035472482, 0.00693768681958, 0.0110343759879, 0.00336175388657, 0.00293662794866, 0.00136352481786, 0.00397792225704, 0.00387382507324, 0.00309510459192, 0.00100125966128, 0.000876997015439, 0.000988750951365, 0.000334214069881, 0.000350364862243, 0.000260107422946, 0.000286245340249, 0.000211557009607, 0.000205128002563, 0.000151042142534, 0.000142817472806, 0.000242250636802, 0.000198027817532, 0.000266220973572, 0.000133896915941, 0.000105833991256, 0.000105568724393, 7.99749614089e-05, 7.30414976715e-05, 4.64575059596e-05, 2.57941919699e-05, 2.13838611671e-05],
        "mean": [0.00166990619618, 0.00188845023513, 0.000569853698835, 0.000285684363917, 0.000381557183573, 0.000505604140926, 0.000377516291337, 0.000486127362819, 0.00027860654518, 0.000387125823181, 0.000192915045773, 0.000214406070882, 0.000151911619469, 7.03806363163e-05, 3.60459816875e-05, 5.93907207076e-05, 0.000102979232906, 7.02840843587e-05, 3.61237398465e-05, 2.83210029011e-05, 2.05403866858e-05, 1.29552472572e-05, 1.59361716214e-05, 1.92600400624e-05, 1.96531891561e-05, 1.33487146741e-05, 1.19132537293e-05, 7.56182544137e-06, 4.94898222314e-06, 4.92411254527e-06, 4.52532594863e-06, 4.43883982371e-06, 4.58987824459e-06, 4.5675524234e-06, 4.14092119172e-06, 2.91665924124e-06, 2.34210369854e-06, 1.64425682669e-06, 9.12115183382e-07, 6.02522902682e-07],
        "min": [1.15392910505e-10, 6.55800358462e-10, 4.29341495689e-09, 1.86361290844e-07, 1.72017257682e-06, 1.12630709737e-06, 2.30437237292e-07, 1.84805045933e-07, 1.1936241151e-07, 2.72093416243e-07, 2.03868737003e-07, 2.43279430379e-07, 6.64871677714e-08, 1.10871823722e-07, 3.09497885098e-08, 3.34233583033e-08, 1.20066410148e-08, 2.89822672528e-08, 2.25757412764e-09, 2.48630005473e-10, 3.58561687286e-11, 3.4119880532e-11, 2.80635354954e-08, 7.48343964574e-08, 2.26685585858e-08, 4.61143478958e-08, 1.2106516678e-08, 3.06804075478e-08, 6.7559886574e-09, 6.86686396634e-09, 6.29083585224e-09, 3.04897307402e-09, 2.37012431903e-09, 7.41734285103e-10, 7.49103834519e-10, 3.84662468544e-10, 6.98002142197e-11, 4.3036290677e-12, 8.43851084929e-13, 3.77662636407e-13],
        "stdev": [0.00504405703396, 0.00569071434438, 0.00102064246312, 0.000747734098695, 0.000681740988512, 0.00089081027545, 0.000980754964985, 0.00135429587681, 0.000739872688428, 0.00120395480189, 0.000662987702526, 0.000900246435776, 0.000393838010496, 0.000212933213334, 0.000114097107144, 0.000199559435714, 0.000319989660056, 0.000260086817434, 9.38470475376e-05, 6.7229164415e-05, 5.92298492847e-05, 2.4128559744e-05, 2.47967509495e-05, 2.57662413787e-05, 2.96324396913e-05, 1.7523252609e-05, 1.87533769349e-05, 1.32255954668e-05, 1.0691080206e-05, 1.27957446239e-05, 1.2330172467e-05, 1.40016882142e-05, 1.19957585412e-05, 1.05019871626e-05, 9.78071966529e-06, 7.00594955561e-06, 6.00268276685e-06, 3.99162172471e-06, 2.40216763814e-06, 1.97640133592e-06]
    },
    "melbands128": {
        "max": [0.00365906907246, 0.0242986176163, 0.064762070775, 0.0942768976092, 0.0665990114212, 0.032320715487, 0.0163628254086, 0.00752004981041, 0.00988056045026, 0.0149205969647, 0.0120936306193, 0.00721960002556, 0.0112372934818, 0.0182211995125, 0.0204818919301, 0.0127483066171, 0.0126625504345, 0.0138928340748, 0.0158604122698, 0.0245404727757, 0.0225702933967, 0.0196331683546, 0.0118612609804, 0.0244584213942, 0.0238636881113, 0.0278815906495, 0.0191910378635, 0.0107136629522, 0.0167073886842, 0.0221296790987, 0.0125674791634, 0.0063872365281, 0.00649479636922, 0.00713833095506, 0.00577040109783, 0.00349970324896, 0.00155009981245, 0.00158478773665, 0.00411766534671, 0.00398615328595, 0.00693801697344, 0.00715065235272, 0.00555244507268, 0.00987477041781, 0.00965628959239, 0.00232483143918, 0.00230827042833, 0.00192808860447, 0.00160366680939, 0.00139492086601, 0.000780916889198, 0.00339109636843, 0.00222034053877, 0.000605955021456, 0.00076421716949, 0.000407283951063, 0.000556570652407, 0.000487301149406, 0.000467696925625, 0.000330500653945, 0.000373387971194, 0.000561732857022, 0.000876055972185, 0.000498083885759, 0.000289975694614, 0.000366104155546, 0.000282545253867, 0.000331083923811, 0.000374564493541, 0.000273259909591, 0.000135958165629, 0.000328227557475, 0.000159802904818, 0.0001601355616, 0.00024407444289, 0.000276863429463, 0.000315975252306, 0.000164122378919, 0.000175539476913, 0.00027719719219, 0.000517064589076, 0.00017989637854, 0.000209928693948, 0.000152401349624, 0.000147811675561, 0.000125943348394, 0.000155590343638, 0.000213248000364, 0.000121332654089, 0.000117525203677, 8.51975928526e-05, 9.76878945949e-05, 0.000110989567474, 7.25151476217e-05, 5.67277347727e-05, 4.89609774377e-05, 5.33830170752e-05, 3.40783044521e-05, 2.10798516491e-05, 3.015794573e-05, 3.21121806337e-05, 2.36465984926e-05, 2.11126116483e-05, 1.98451434699e-05, 2.29008546739e-05, 1.94026397367e-05, 1.62762135005e-05, 1.10083292384e-05, 1.01747591543e-05, 5.9617154875e-06, 5.29783801539e-06, 7.1304730227e-06, 3.41279792337e-06, 1.9413175778e-07, 1.60915433867e-07, 1.57809566304e-07, 2.90813773063e-08, 5.30194910198e-09, 5.16945863893e-09, 5.04672126311e-09, 4.93230789544e-09, 4.83495998793e-09, 4.74148809104e-09, 4.65940797056e-09, 4.60071358788e-09, 4.55303172942e-09, 4.51605774998e-09, 4.49228032551e-09],
        "mean": [0.000173540800461, 0.00113792612683, 0.00230668927543, 0.00268346583471, 0.00210839137435, 0.00115957704838, 0.000734271132387, 0.000401482946472, 0.000293138611596, 0.000312367657898, 0.000246497424087, 0.00026929465821, 0.000396735704271, 0.0005199436564, 0.000686229439452, 0.000377353950171, 0.000290389434667, 0.000446499121608, 0.00037637699279, 0.000512850587256, 0.00059390446404, 0.000249908014666, 0.000199210131541, 0.000329615781084, 0.000433560606325, 0.000418835115852, 0.000278653547866, 0.000126449478557, 0.000144593897858, 0.000257813138887, 0.000245259376243, 0.00013386925275, 0.000147269587615, 0.000174931774382, 8.82600070327e-05, 4.36327718489e-05, 2.69936954282e-05, 2.15769432543e-05, 5.357549162e-05, 6.31402144791e-05, 6.08632763033e-05, 4.95912827319e-05, 0.000105762585008, 0.00012779518147, 0.0001095864136, 5.08164157509e-05, 4.06885628763e-05, 3.96165814891e-05, 3.29865288222e-05, 2.63757283392e-05, 2.78500647255e-05, 3.04178283841e-05, 2.3830556529e-05, 1.58241109602e-05, 1.39959392982e-05, 1.16987812362e-05, 1.28108704303e-05, 1.47472592289e-05, 1.76508037839e-05, 1.76509729499e-05, 1.79651815415e-05, 2.04530151677e-05, 2.47750413109e-05, 1.85785047506e-05, 1.39380954352e-05, 1.21791945276e-05, 1.34902093123e-05, 1.41347472891e-05, 1.18444422696e-05, 8.64874618856e-06, 7.25111340216e-06, 7.94255265646e-06, 4.79443542645e-06, 4.44628039986e-06, 4.81720189782e-06, 5.11626922162e-06, 4.86406543132e-06, 4.63905462311e-06, 4.32986553278e-06, 4.62432217319e-06, 4.54852897747e-06, 4.19882007918e-06, 4.53797201772e-06, 4.85980854137e-06, 4.38893039245e-06, 4.24138943345e-06, 4.73484715258e-06, 5.10631070938e-06, 4.1326857172e-06, 3.51595281245e-06, 3.04841978505e-06, 2.70775262834e-06, 2.75698880614e-06, 2.42286319008e-06, 2.0677800876e-06, 1.84062378139e-06, 1.67629650605e-06, 1.15757279673e-06, 8.97686049939e-07, 8.12016537566e-07, 6.80631387695e-07, 5.69624205582e-07, 4.95273582146e-07, 4.87337104005e-07, 3.50068944499e-07, 2.64378996917e-07, 2.13567290075e-07, 1.75822592041e-07, 1.44378788036e-07, 1.0848049925e-07, 8.42696863401e-08, 7.46977519839e-08, 2.69030060451e-08, 1.25962884567e-09, 7.86903930905e-10, 7.50336071054e-10, 1.67893116076e-10, 1.46788622923e-11, 1.4257121525e-11, 1.39270027802e-11, 1.359006397e-11, 1.33209407047e-11, 1.30648721008e-11, 1.2821708105e-11, 1.25849313609e-11, 1.23083791423e-11, 1.21346292389e-11, 1.2060998901e-11],
        "min": [7.36604666152e-11, 1.11585671259e-10, 1.3022501133e-10, 1.28286173351e-10, 2.75804018512e-10, 3.40058536885e-10, 8.09476041752e-10, 5.5941973276e-10, 1.04672910339e-08, 4.12655616344e-08, 7.89591751982e-08, 1.29598296539e-08, 8.28417299203e-08, 1.72057252712e-06, 2.86470992705e-07, 8.07470428299e-08, 1.33188464702e-07, 5.81483590167e-08, 5.94688636113e-08, 7.51822497591e-08, 2.1932976324e-08, 1.33401044877e-07, 8.45591614507e-08, 7.0345855363e-08, 4.41692016295e-08, 5.39111262299e-08, 9.46403044821e-09, 3.88431047327e-08, 2.42773499082e-08, 3.28489804247e-08, 9.47636422666e-08, 2.76079905603e-08, 2.08468939888e-08, 1.887817902e-08, 1.8832938764e-08, 1.13164722038e-08, 1.82089614498e-08, 1.40485418854e-08, 7.81792941495e-09, 7.2405414997e-09, 8.91838158878e-09, 4.00267152756e-09, 7.94763033163e-10, 5.81511461206e-09, 9.79958514336e-09, 1.22890142507e-09, 8.04510624786e-10, 1.10991671409e-09, 1.24652599354e-09, 3.36869254713e-10, 1.81568954316e-10, 4.136112286e-11, 4.67408715898e-11, 2.31225108505e-11, 2.77380497044e-11, 4.30321056566e-11, 2.40290738696e-11, 1.11490719434e-10, 1.1833780178e-08, 1.06178097425e-08, 6.78883349536e-09, 1.08575859414e-08, 1.0683049112e-08, 5.25491472558e-09, 8.81572237432e-09, 1.44944598546e-08, 1.60300981378e-08, 5.5538982302e-09, 2.74573608294e-09, 5.0903810056e-09, 7.31707539003e-09, 4.78989958808e-09, 1.19366938556e-09, 7.81185116594e-10, 4.67141381133e-10, 5.71543146144e-10, 5.44476741471e-10, 1.27662103111e-09, 1.49299128616e-09, 5.1888737751e-10, 1.0361149716e-09, 7.79321829292e-10, 6.31678487295e-10, 1.75570213923e-09, 1.16964304908e-09, 4.57865967363e-10, 2.66170863128e-10, 1.81456599746e-10, 1.07044040298e-10, 2.09921052763e-10, 3.93356597295e-11, 5.47350012536e-11, 5.19950610345e-11, 1.08215988254e-11, 3.36768807285e-13, 7.79729254254e-13, 1.03798577806e-12, 1.81260876534e-13, 1.65909536001e-13, 3.10971951314e-13, 2.3118228794e-13, 1.43707338781e-13, 2.21064757212e-13, 3.05162606339e-13, 2.40777504271e-13, 2.97218629916e-13, 2.41196819462e-13, 2.2133969733e-13, 2.19537983712e-13, 1.8949703189e-13, 2.39918030104e-13, 2.16460394531e-13, 1.46930251711e-13, 2.00826226308e-13, 1.74898398715e-13, 1.48768164129e-13, 1.58531418245e-13, 1.73390015995e-13, 1.98736033598e-13, 1.90015172108e-13, 1.83173747979e-13, 1.80889550843e-13, 1.82150613494e-13, 1.69752287314e-13, 1.10311594386e-13, 5.23761467682e-14, 6.98566113402e-15, 3.06625318101e-16],
        "stdev": [0.000427638093242, 0.00285620940849, 0.00772116752341, 0.00973410159349, 0.00690079573542, 0.00301282340661, 0.00156273297034, 0.000748668040615, 0.000802132533863, 0.00109569146298, 0.000729322782718, 0.000644363753963, 0.000994110479951, 0.00120291579515, 0.00142668082844, 0.00097705447115, 0.000974275113549, 0.00149181310553, 0.00137948291376, 0.00179928040598, 0.00197906699032, 0.00101477268618, 0.00085038569523, 0.00142355111893, 0.00168967898935, 0.00173060398083, 0.00130801298656, 0.000705703394488, 0.000929802539758, 0.00154920609202, 0.00126267632004, 0.00054906035075, 0.000519756751601, 0.000633191899396, 0.000376962911105, 0.000210714992136, 0.000113832102215, 9.15656200959e-05, 0.000259053282207, 0.000263894762611, 0.00029826912214, 0.000261140463408, 0.000416524766479, 0.000567398266867, 0.000738415459637, 0.00019107456319, 0.000144370875205, 0.000152684820932, 0.000127150808112, 8.91601448529e-05, 7.64536889619e-05, 0.000156944064656, 0.00010666828166, 4.19714488089e-05, 4.14612368331e-05, 2.91714004561e-05, 3.47340137523e-05, 3.2440853829e-05, 3.71181158698e-05, 2.96093003271e-05, 3.46659544448e-05, 3.7433248508e-05, 6.07597357885e-05, 4.01088509534e-05, 2.94604578812e-05, 2.11940750887e-05, 2.41537509282e-05, 2.70963446383e-05, 3.01488398691e-05, 1.84653727047e-05, 1.47540813487e-05, 2.21419541049e-05, 1.24202615552e-05, 1.19853275464e-05, 1.30258813442e-05, 1.49083534779e-05, 1.36230119097e-05, 1.23074869407e-05, 1.23936060845e-05, 1.52130241986e-05, 1.90900300368e-05, 1.24252992464e-05, 1.41940508911e-05, 1.33075300255e-05, 1.15701877803e-05, 1.01020632428e-05, 1.17368690553e-05, 1.37006372825e-05, 1.06948409666e-05, 8.8591759777e-06, 7.42173870094e-06, 7.18330875316e-06, 8.01122223493e-06, 6.6927223088e-06, 5.44397653357e-06, 4.89943749926e-06, 4.18939816882e-06, 2.9496195566e-06, 2.3654524739e-06, 2.52133736467e-06, 2.4081095944e-06, 1.95977327166e-06, 1.81204791261e-06, 1.77207220986e-06, 1.36723997457e-06, 1.12914710826e-06, 9.7727092907e-07, 7.97596896973e-07, 7.21583091945e-07, 4.98272413552e-07, 3.92051248355e-07, 4.13987862657e-07, 1.71687204897e-07, 8.50770032201e-09, 6.0304952143e-09, 5.80839021325e-09, 1.17176490733e-09, 2.18236553828e-10, 2.12904013863e-10, 2.08213432606e-10, 2.03455877146e-10, 1.99386604449e-10, 1.95605379116e-10, 1.92072968641e-10, 1.89774709836e-10, 1.87754839454e-10, 1.86259688228e-10, 1.85308948741e-10]
    },
    "mfcc": {
        "mean": [-657.926574707, 104.762649536, -8.44516658783, 27.3481502533, -7.72784376144, 1.70138323307, -13.9608020782, 8.78879165649, -16.806142807, 6.56084156036, -5.16256189346, -2.26297187805, -4.60293626785],
        "cov": [[2735.1105957, -845.225830078, 19.4480800629, 108.206184387, 175.380264282, 232.282119751, 366.08303833, 235.963500977, 198.504150391, 253.028533936, 62.0570755005, -103.754600525, -67.2644882202], [-845.225830078, 1785.13879395, -585.336791992, 218.860229492, 115.737510681, 41.5896949768, -84.5139083862, 154.762512207, -2.05578279495, 38.2524528503, 17.921421051, 109.630134583, 44.2041015625], [19.4480800629, -585.336791992, 1174.17456055, 232.767807007, 296.957000732, 218.19694519, 204.485977173, -11.8297767639, 248.481903076, -156.88458252, 22.4052810669, 15.9496326447, 22.1698360443], [108.206184387, 218.860229492, 232.767807007, 853.724304199, 317.903869629, 258.801971436, 123.550033569, 155.782730103, 286.336730957, -1.93090188503, -36.3467102051, 90.8151397705, -39.4768218994], [175.380264282, 115.737510681, 296.957000732, 317.903869629, 526.619873047, 207.505096436, 136.157653809, 103.725410461, 259.746490479, -37.3234367371, 18.4474430084, -15.2451705933, 26.5114517212], [232.282119751, 41.5896949768, 218.19694519, 258.801971436, 207.505096436, 430.904998779, 272.129516602, 196.174057007, 170.625534058, 25.129360199, 22.7826499939, -3.12829375267, -54.0927009583], [366.08303833, -84.5139083862, 204.485977173, 123.550033569, 136.157653809, 272.129516602, 471.766082764, 162.024032593, 169.526077271, 23.957403183, 49.5559883118, -50.0671577454, -73.8352584839], [235.963500977, 154.762512207, -11.8297767639, 155.782730103, 103.725410461, 196.174057007, 162.024032593, 261.455322266, 130.364929199, 74.782661438, -5.7373251915, -28.2299785614, -44.2630119324], [198.504150391, -2.05578279495, 248.481903076, 286.336730957, 259.746490479, 170.625534058, 169.526077271, 130.364929199, 402.304870605, -6.02586984634, 17.3126277924, -47.6402664185, -53.1022644043], [253.028533936, 38.2524528503, -156.88458252, -1.93090188503, -37.3234367371, 25.129360199, 23.957403183, 74.782661438, -6.02586984634, 217.462127686, 28.9492473602, 9.58116436005, -26.4748039246], [62.0570755005, 17.921421051, 22.4052810669, -36.3467102051, 18.4474430084, 22.7826499939, 49.5559883118, -5.7373251915, 17.3126277924, 28.9492473602, 130.682174683, 29.3417167664, 15.8624286652], [-103.754600525, 109.630134583, 15.9496326447, 90.8151397705, -15.2451705933, -3.12829375267, -50.0671577454, -28.2299785614, -47.6402664185, 9.58116436005, 29.3417167664, 169.574951172, 63.170715332], [-67.2644882202, 44.2041015625, 22.1698360443, -39.4768218994, 26.5114517212, -54.0927009583, -73.8352584839, -44.2630119324, -53.1022644043, -26.4748039246, 15.8624286652, 63.170715332, 152.883346558]],
        "icov": [[0.000656323856674, 0.000475037348224, 0.000304833753034, -8.5502055299e-05, -0.000303872075165, 4.58933245682e-05, -0.000302833272144, -0.000403691112297, -3.463210669e-05, -0.00051822263049, -0.000188962818356, 6.14322925685e-05, -0.000216614469537], [0.000475037348224, 0.00122785905842, 0.000810214027297, -0.000184862015885, -0.000587159069255, 3.32583986165e-05, -4.5820062951e-05, -0.000899017730262, 5.47718900634e-06, 7.80781701906e-05, -0.000398679054342, -0.000557793944608, -0.000192800711375], [0.000304833753034, 0.000810214027297, 0.00184180424549, -8.30311546451e-05, -0.000655261799693, -0.000507753808051, -0.00039569530054, 0.000216054235352, -0.000600493862294, 0.000731758889742, -0.0001427334646, -0.00065986905247, -0.000377630407456], [-8.5502055299e-05, -0.000184862015885, -8.30311546451e-05, 0.00241966801696, -0.000746943347622, -0.000569152936805, 0.000220980029553, -0.000163579039508, -0.00112903607078, 7.1541100624e-05, 0.00137015385553, -0.00220174039714, 0.0010280017741], [-0.000303872075165, -0.000587159069255, -0.000655261799693, -0.000746943347622, 0.004055689089, -0.000978747033514, 0.000235816754866, 0.000475299020763, -0.00142718083225, 0.000305900088279, -0.000325675820932, 0.00149091158528, -0.00188486336265], [4.58933245682e-05, 3.32583986165e-05, -0.000507753808051, -0.000569152936805, -0.000978747033514, 0.00562635157257, -0.0017901645042, -0.00274877180345, 0.00065845856443, 0.000132821558509, -0.000458622031147, -0.000743141805287, 0.00104362843558], [-0.000302833272144, -4.5820062951e-05, -0.00039569530054, 0.000220980029553, 0.000235816754866, -0.0017901645042, 0.00421945331618, -0.000974042748567, -0.000359152589226, 0.000454775785329, -0.00138556107413, 0.000603891909122, 0.000924192427192], [-0.000403691112297, -0.000899017730262, 0.000216054235352, -0.000163579039508, 0.000475299020763, -0.00274877180345, -0.000974042748567, 0.0086863450706, -0.00141196174081, -0.00209823227488, 0.00185281911399, 0.00114773749374, -0.000522017595358], [-3.463210669e-05, 5.47718900634e-06, -0.000600493862294, -0.00112903607078, -0.00142718083225, 0.00065845856443, -0.000359152589226, -0.00141196174081, 0.00529966130853, 0.000176597997779, -0.00123629882, 0.00147434463724, 0.00106737471651], [-0.00051822263049, 7.80781701906e-05, 0.000731758889742, 7.1541100624e-05, 0.000305900088279, 0.000132821558509, 0.000454775785329, -0.00209823227488, 0.000176597997779, 0.00683681666851, -0.0016218762612, -0.00114606809802, 0.00115497922525], [-0.000188962818356, -0.000398679054342, -0.0001427334646, 0.00137015385553, -0.000325675820932, -0.000458622031147, -0.00138556107413, 0.00185281911399, -0.00123629882, -0.0016218762612, 0.0100889150053, -0.00251286057755, -0.00055064226035], [6.14322925685e-05, -0.000557793944608, -0.00065986905247, -0.00220174039714, 0.00149091158528, -0.000743141805287, 0.000603891909122, 0.00114773749374, 0.00147434463724, -0.00114606809802, -0.00251286057755, 0.0103936558589, -0.00390231469646], [-0.000216614469537, -0.000192800711375, -0.000377630407456, 0.0010280017741, -0.00188486336265, 0.00104362843558, 0.000924192427192, -0.000522017595358, 0.00106737471651, 0.00115497922525, -0.00055064226035, -0.00390231469646, 0.0100531931967]]
    },
    "spectral_contrast_coeffs": {
        "max": [-0.297804325819, -0.405362010002, -0.39417219162, -0.500576198101, -0.474955439568, -0.44767716527],
        "mean": [-0.685803711414, -0.689623892307, -0.731076776981, -0.747515797615, -0.74530184269, -0.695182025433],
        "min": [-0.913163483143, -0.903368532658, -0.914596915245, -0.925841093063, -0.906610786915, -0.845562934875],
        "stdev": [0.0902462601662, 0.109048098326, 0.102863587439, 0.087421476841, 0.0734767019749, 0.0666950568557]
    },
    "spectral_contrast_valleys": {
        "max": [-4.89078903198, -5.43607091904, -5.7927646637, -6.20295667648, -5.78214168549, -7.53297472],
        "mean": [-7.35491609573, -7.1447687149, -7.87929391861, -8.05027198792, -7.85143089294, -10.973359108],
        "min": [-12.9882516861, -9.14363861084, -9.66137886047, -11.8534183502, -9.89762496948, -15.3052539825],
        "stdev": [1.21942460537, 0.544979870319, 0.669751286507, 0.704058885574, 0.87754970789, 1.39771366119]
    }
},
"rhythm": {
    "beats_count": 70,
    "beats_loudness": {
        "max": 0.101565405726,
        "mean": 0.0396042317152,
        "min": 0.00454267719761,
        "stdev": 0.0236649960279
    },
    "bpm": 129.492767334,
    "bpm_histogram_first_peak_bpm": 129,
    "bpm_histogram_first_peak_weight": 0.367346942425,
    "bpm_histogram_second_peak_bpm": 123,
    "bpm_histogram_second_peak_spread": 0,
    "bpm_histogram_second_peak_weight": 0.101449273527,
    "danceability": 1.42087197304,
    "onset_rate": 3.90673804283,
    "beats_loudness_band_ratio": {
        "max": [0.964544415474, 0.879328131676, 0.954488694668, 0.905982911587, 0.750541269779, 0.831199586391],
        "mean": [0.321510791779, 0.190807163715, 0.226717546582, 0.135348662734, 0.081806063652, 0.0717155262828],
        "min": [3.94656817662e-05, 0.00352951395325, 0.00218787393533, 0.00175441859756, 0.00190155208111, 0.00244299438782],
        "stdev": [0.342814356089, 0.222210332751, 0.244157075882, 0.211986467242, 0.108780711889, 0.128869727254]
    },
    "beats_position": [0.371519267559, 0.766258478165, 1.16099774837, 1.54412698746, 1.93886613846, 2.33360528946, 2.71673464775, 3.11147379875, 3.50621318817, 3.90095233917, 4.28408145905, 4.79492044449, 5.30575942993, 5.8282084465, 6.31582736969, 6.79183673859, 7.27945566177, 7.75546455383, 8.23147392273, 8.6958732605, 9.14866161346, 9.61306095123, 10.0890703201, 10.5766887665, 11.0643081665, 11.5403175354, 12.0279359818, 12.5155553818, 13.0031747818, 13.4675731659, 13.9435825348, 14.4079818726, 14.8607711792, 15.3251695633, 15.7895689011, 16.2539672852, 16.7183666229, 17.1827659607, 17.6471652985, 18.0999546051, 18.5643539429, 19.0171432495, 19.4815406799, 19.9459400177, 20.4103393555, 20.8747386932, 21.339138031, 21.8035373688, 22.2679367065, 22.7207260132, 23.1735134125, 23.6379127502, 24.102312088, 24.5667114258, 25.0311107635, 25.5071201324, 25.9599094391, 26.4243087769, 26.8887062073, 27.353105545, 27.8058948517, 28.2586841583, 28.7230834961, 29.1874828339, 29.6402721405, 30.1046714783, 30.5574588776, 31.0218582153, 31.4862575531, 31.9506568909],
