{
"metadata": {
    "version": {
        "essentia": "2.1-beta5",
        "essentia_git_sha": "Undefined",
        "extractor": "music 2.0"
    },
    "audio_properties": {
        "analysis": {
            "equal_loudness": 0,
            "length": 48.7502937317,
            "sample_rate": 44100,
            "start_time": 77.7404098511,
            "downmix": "mix"
        },
        "bit_rate": 192000,
        "length": 213.402999878,
        "lossless": 0,
        "number_channels": 2,
        "replay_gain": -6.55597496033,
        "sample_rate": 48000,
        "codec": "mp3",
        "md5_encoded": "103782d8f878052326007f19fccc9927"
    },
    "tags": {
        "file_name": "Estonia_Kuula_Ott Lepland.mp3",
        "encoding": ["Lavf58.29.100"]
    }
},
"lowlevel": {
    "average_loudness": 0.967648565769,
    "barkbands_crest": {
        "max": 24.7083568573,
        "mean": 10.4864282608,
        "min": 3.23891925812,
        "stdev": 4.1463842392
    },
    "barkbands_flatness_db": {
        "max": 0.358229726553,
        "mean": 0.178285703063,
        "min": 0.0579216592014,
        "stdev": 0.0518112815917
    },
    "barkbands_kurtosis": {
        "max": 47.4396362305,
        "mean": 3.01012134552,
        "min": -1.85478663445,
        "stdev": 6.06686878204
    },
    "barkbands_skewness": {
        "max": 6.37336587906,
        "mean": 1.24664795399,
        "min": -1.9119771719,
        "stdev": 1.16837787628
    },
    "barkbands_spread": {
        "max": 98.7152175903,
        "mean": 24.4098796844,
        "min": 2.30293130875,
        "stdev": 14.8399782181
    },
    "dissonance": {
        "max": 0.499999940395,
        "mean": 0.454902768135,
        "min": 0.306204795837,
        "stdev": 0.0310336519033
    },
    "dynamic_complexity": 1.44384121895,
    "erbbands_crest": {
        "max": 29.1964626312,
        "mean": 11.306142807,
        "min": 3.25100779533,
        "stdev": 5.52259159088
    },
    "erbbands_flatness_db": {
        "max": 0.311492055655,
        "mean": 0.193211704493,
        "min": 0.0812744572759,
        "stdev": 0.0337515249848
    },
    "erbbands_kurtosis": {
        "max": 11.1583509445,
        "mean": 0.635939538479,
        "min": -1.64299845695,
        "stdev": 1.85214793682
    },
    "erbbands_skewness": {
        "max": 2.96285009384,
        "mean": 0.285559058189,
        "min": -2.3096382618,
        "stdev": 0.839821994305
    },
    "erbbands_spread": {
        "max": 106.8227005,
        "mean": 33.41248703,
        "min": 7.37615346909,
        "stdev": 13.3322105408
    },
    "hfc": {
        "max": 149.426391602,
        "mean": 29.4327850342,
        "min": 0.358419209719,
        "stdev": 18.3568649292
    },
    "loudness_ebu128": {
        "integrated": -15.593205452,
        "loudness_range": 1.53419113159,
        "momentary": {
            "max": -14.2203149796,
            "mean": -15.6889467239,
            "min": -19.1014957428,
            "stdev": 0.942782580853
        },
        "short_term": {
            "max": -14.7537851334,
            "mean": -15.6282548904,
            "min": -17.245136261,
            "stdev": 0.549833118916
        }
    },
    "melbands_crest": {
        "max": 29.8094272614,
        "mean": 14.1434545517,
        "min": 2.92220425606,
        "stdev": 5.08355045319
    },
    "melbands_flatness_db": {
        "max": 0.449958652258,
        "mean": 0.213697984815,
        "min": 0.0360816940665,
        "stdev": 0.0671785399318
    },
    "melbands_kurtosis": {
        "max": 98.0216217041,
        "mean": 9.0769739151,
        "min": -1.76957499981,
        "stdev": 12.4089441299
    },
    "melbands_skewness": {
        "max": 8.05600643158,
        "mean": 2.16958212852,
        "min": -0.236376002431,
        "stdev": 1.34998238087
    },
    "melbands_spread": {
        "max": 182.776977539,
        "mean": 28.8234004974,
        "min": 1.80652141571,
        "stdev": 20.9861373901
    },
    "pitch_salience": {
        "max": 0.777136027813,
        "mean": 0.471816301346,
        "min": 0.13041511178,
        "stdev": 0.0947208255529
    },
    "silence_rate_20dB": {
        "max": 1,
        "mean": 1,
        "min": 1,
        "stdev": 0
    },
    "silence_rate_30dB": {
        "max": 1,
        "mean": 1,
        "min": 1,
        "stdev": 0
    },
    "silence_rate_60dB": {
        "max": 0,
        "mean": 0,
        "min": 0,
        "stdev": 0
    },
    "spectral_centroid": {
        "max": 4271.11523438,
        "mean": 1412.72814941,
        "min": 285.249511719,
        "stdev": 668.804138184
    },
    "spectral_complexity": {
        "max": 41,
        "mean": 19.8143749237,
        "min": 1,
        "stdev": 5.69984912872
    },
    "spectral_decrease": {
        "max": -1.84688930815e-10,
        "mean": -9.06252139998e-09,
        "min": -2.07123456164e-08,
        "stdev": 2.93418156438e-09
    },
    "spectral_energy": {
        "max": 0.080319866538,
        "mean": 0.0368736460805,
        "min": 0.0007295695832,
        "stdev": 0.0113386204466
    },
    "spectral_energyband_high": {
        "max": 0.0197791289538,
        "mean": 0.000856950238813,
        "min": 5.00318083141e-06,
        "stdev": 0.00189786637202
    },
    "spectral_energyband_low": {
        "max": 0.0598482005298,
        "mean": 0.0132878739387,
        "min": 2.88896499114e-05,
        "stdev": 0.00913985259831
    },
    "spectral_energyband_middle_high": {
        "max": 0.032398596406,
        "mean": 0.00830595754087,
        "min": 0.000133993613417,
        "stdev": 0.00633432576433
    },
    "spectral_energyband_middle_low": {
        "max": 0.0597156882286,
        "mean": 0.0154962604865,
        "min": 0.000186826757272,
        "stdev": 0.00985900592059
    },
    "spectral_entropy": {
        "max": 8.65679264069,
        "mean": 7.25566101074,
        "min": 6.29167985916,
        "stdev": 0.354385882616
    },
    "spectral_flux": {
        "max": 0.224007889628,
        "mean": 0.0808537900448,
        "min": 0.020786056295,
        "stdev": 0.03071959503
    },
    "spectral_kurtosis": {
        "max": 25.556520462,
        "mean": 4.26670408249,
        "min": -1.15572476387,
        "stdev": 2.82905054092
    },
    "spectral_rms": {
        "max": 0.00885216612369,
        "mean": 0.00592287117615,
        "min": 0.000843667716254,
        "stdev": 0.000945437757764
    },
    "spectral_rolloff": {
        "max": 9689.94140625,
        "mean": 1487.16174316,
        "min": 86.1328125,
        "stdev": 1372.32958984
    },
    "spectral_skewness": {
        "max": 3.44969987869,
        "mean": 1.45929598808,
        "min": 0.0185142420232,
        "stdev": 0.408953368664
    },
    "spectral_spread": {
        "max": 18034396,
        "mean": 3785189.75,
        "min": 1639698.375,
        "stdev": 1165921.75
    },
    "spectral_strongpeak": {
        "max": 11.3504171371,
        "mean": 1.81245863438,
        "min": 0,
        "stdev": 2.18840837479
    },
    "zerocrossingrate": {
        "max": 0.27685546875,
        "mean": 0.0556264147162,
        "min": 0.0029296875,
        "stdev": 0.0333652943373
    },
    "barkbands": {
        "max": [0.000635643082205, 0.0579535216093, 0.0375815927982, 0.0385045111179, 0.049437250942, 0.041265565902, 0.0285423845053, 0.036912098527, 0.0427765771747, 0.0468793287873, 0.0265070609748, 0.0135335987434, 0.0204866211861, 0.0243973657489, 0.021766660735, 0.0161518901587, 0.00850511807948, 0.00465219561011, 0.00535164400935, 0.00707552023232, 0.00277982698753, 0.00603943597525, 0.00941129215062, 0.0068991756998, 0.00318961660378, 0.00081028661225, 8.82053336682e-06],
        "mean": [4.93130100949e-05, 0.00848079752177, 0.00420603808016, 0.000923447019886, 0.00257323379628, 0.00399233121425, 0.00117455469444, 0.00220511457883, 0.00348809501156, 0.00173000327777, 0.000727820035536, 0.000459616072476, 0.000594866287429, 0.00105709698983, 0.00131355423946, 0.000789607875049, 0.000837853120174, 0.000334253360052, 0.000614807999227, 0.000523035472725, 7.06704595359e-05, 0.000228696357226, 0.000287718925392, 0.000149918050738, 5.47811541765e-05, 6.4463902163e-06, 7.33884375492e-09],
        "min": [1.35829374415e-08, 2.56321726511e-07, 9.79887227004e-06, 1.77830770554e-06, 3.82103826269e-05, 2.56092498603e-05, 5.82746997679e-06, 1.76451874268e-06, 9.968822269e-06, 4.8210940804e-06, 5.6488743212e-06, 2.5716235541e-06, 4.46545982413e-06, 3.59368959835e-06, 4.04911543228e-06, 4.91851778861e-06, 5.68125051359e-06, 5.82056827625e-06, 3.15754823532e-06, 3.17048534271e-06, 3.84952727472e-08, 2.41618067776e-07, 1.69793750615e-07, 1.74526865182e-10, 2.12543281586e-11, 3.14066897489e-11, 3.46760987979e-11],
        "stdev": [6.92672329023e-05, 0.00833838246763, 0.00598379038274, 0.00188992777839, 0.00364824593998, 0.00560067361221, 0.00199517910369, 0.00454250024632, 0.00645500514656, 0.00474765943363, 0.00147368956823, 0.00119962298777, 0.00139276357368, 0.00237267627381, 0.00283840787597, 0.00187356001697, 0.00111209810711, 0.000444180652266, 0.000813146471046, 0.000820449960884, 0.000205532531254, 0.000423598277848, 0.000698119401932, 0.000550351222046, 0.000194372420083, 3.26498557115e-05, 1.94682485244e-07]
    },
    "erbbands": {
        "max": [0.999492645264, 15.0654554367, 39.855266571, 81.608291626, 60.4357299805, 219.60067749, 467.261260986, 396.577453613, 370.008026123, 633.027648926, 1012.41357422, 1061.63928223, 1894.02050781, 454.254180908, 792.907836914, 700.63873291, 1096.07067871, 820.178283691, 1428.22155762, 1602.92907715, 489.283721924, 598.83782959, 233.212921143, 254.252624512, 336.577056885, 227.412536621, 125.071838379, 127.172080994, 211.361328125, 215.659881592, 324.902740479, 201.814758301, 98.5800552368, 50.8659057617, 11.9731206894, 5.87493515015, 1.1574921608, 0.0273775570095, 0.00126734923106, 0.000160641706316],
        "mean": [0.172968089581, 2.18573927879, 5.1618270874, 3.81996393204, 3.72699189186, 9.1513633728, 26.2674369812, 33.6679344177, 17.9696826935, 26.9099273682, 50.0835189819, 90.6718902588, 75.0531005859, 29.6336421967, 31.0119590759, 21.4994602203, 28.125951767, 52.0600280762, 62.6105422974, 72.3033752441, 39.1362495422, 40.9419708252, 23.4822368622, 16.8353385925, 44.0845375061, 21.3087215424, 3.55121183395, 3.51441979408, 7.455473423, 9.03792762756, 8.18845081329, 4.38238811493, 1.95433068275, 0.904361903667, 0.222933769226, 0.0507253929973, 0.00882898271084, 0.00025320876739, 3.39880571119e-05, 4.63526739622e-05],
        "min": [2.12074410229e-05, 0.00065541092772, 0.0130068603903, 0.0598412267864, 0.0943225249648, 0.172435328364, 0.242048308253, 0.317391782999, 0.206044077873, 0.0861818417907, 0.189645439386, 0.821719527245, 0.353591680527, 0.627608478069, 0.358217000961, 0.190179511905, 0.266364574432, 0.264768540859, 0.114164210856, 0.309912592173, 0.401088416576, 0.303435355425, 0.369177937508, 0.112379841506, 0.204437538981, 0.150150001049, 0.102223604918, 0.032584797591, 0.0140509037301, 0.00592909241095, 0.00412373850122, 0.000323541287798, 3.34689684678e-05, 2.1375130018e-05, 1.15550628834e-05, 7.64184733271e-06, 4.36666778114e-06, 9.69928692029e-07, 3.99527471018e-06, 7.71900886321e-06],
        "stdev": [0.169721245766, 2.13551330566, 6.29630613327, 4.77734470367, 5.27600049973, 14.8982648849, 45.0642471313, 45.1184616089, 27.1126880646, 56.8661613464, 99.7242126465, 161.681533813, 194.014373779, 43.7006263733, 57.5847358704, 52.8026275635, 62.3847579956, 102.98614502, 127.463973999, 180.731323242, 63.964515686, 54.203918457, 27.9454212189, 19.5470123291, 57.7862548828, 29.0389137268, 7.48984003067, 9.51400566101, 14.5069608688, 16.8209781647, 21.3202114105, 14.5700817108, 7.73051977158, 3.22953486443, 0.866878926754, 0.240383416414, 0.0449913628399, 0.00119446474127, 5.37742635061e-05, 1.52816337504e-05]
    },
    "gfcc": {
        "mean": [10.6861286163, 125.522491455, -141.115844727, 49.6298599243, -63.8890914917, 17.310300827, -34.3902664185, 8.60026168823, -2.66679954529, -10.9441738129, 0.349035829306, -8.75699520111, -3.1394944191],
        "cov": [[1595.40991211, -1224.40588379, -75.1722869873, 115.603019714, -287.432098389, 278.150390625, -311.153167725, 375.971740723, -125.021514893, 287.557617188, -66.8933181763, 133.547836304, -55.2996139526], [-1224.40588379, 1301.23608398, -97.2175445557, -101.112998962, 305.013549805, -270.480438232, 367.435638428, -314.645111084, 169.039886475, -254.389709473, 136.140274048, -133.313842773, 54.3394088745], [-75.1722869873, -97.2175445557, 521.938171387, -22.9206619263, -48.3555374146, 51.8727989197, -170.407623291, 54.3483200073, -143.532531738, 23.2767429352, -64.1935195923, 77.9268035889, 7.09191799164], [115.603019714, -101.112998962, -22.9206619263, 200.949111938, 18.733789444, 43.0611839294, -31.9340209961, -12.4588403702, 79.3792648315, 8.55955028534, 11.9885931015, -3.83579015732, 55.8565101624], [-287.432098389, 305.013549805, -48.3555374146, 18.733789444, 364.604370117, -80.2918548584, 60.6059532166, -49.9184188843, 56.3698348999, 77.4391555786, -40.6843261719, 7.68520641327, 16.3227500916], [278.150390625, -270.480438232, 51.8727989197, 43.0611839294, -80.2918548584, 208.145843506, -24.5386772156, 85.2581253052, 3.23247504234, 51.8406562805, 4.35111713409, -2.20093107224, 39.9296302795], [-311.153167725, 367.435638428, -170.407623291, -31.9340209961, 60.6059532166, -24.5386772156, 329.140045166, -64.2739562988, 118.645881653, -71.6646194458, 83.2351150513, -47.6324806213, 1.54652738571], [375.971740723, -314.645111084, 54.3483200073, -12.4588403702, -49.9184188843, 85.2581253052, -64.2739562988, 229.623825073, -46.5139541626, 98.5026321411, -5.92745399475, 39.3123016357, 5.68550443649], [-125.021514893, 169.039886475, -143.532531738, 79.3792648315, 56.3698348999, 3.23247504234, 118.645881653, -46.5139541626, 234.129165649, -2.87656998634, 45.3376846313, -48.0553817749, 40.2721977234], [287.557617188, -254.389709473, 23.2767429352, 8.55955028534, 77.4391555786, 51.8406562805, -71.6646194458, 98.5026321411, -2.87656998634, 236.772506714, -34.8374557495, 47.350189209, -23.1250724792], [-66.8933181763, 136.140274048, -64.1935195923, 11.9885931015, -40.6843261719, 4.35111713409, 83.2351150513, -5.92745399475, 45.3376846313, -34.8374557495, 158.570556641, -17.1024570465, 22.2780208588], [133.547836304, -133.313842773, 77.9268035889, -3.83579015732, 7.68520641327, -2.20093107224, -47.6324806213, 39.3123016357, -48.0553817749, 47.350189209, -17.1024570465, 164.766998291, 1.52120661736], [-55.2996139526, 54.3394088745, 7.09191799164, 55.8565101624, 16.3227500916, 39.9296302795, 1.54652738571, 5.68550443649, 40.2721977234, -23.1250724792, 22.2780208588, 1.52120661736, 155.146453857]],
        "icov": [[0.00396933592856, 0.000772348605096, 0.00261770607904, -0.0021905885078, 0.00207336852327, -0.00208934978582, 0.00156502937898, -0.00312142586336, 0.00123034405988, -0.00198709289543, 0.000687307852786, -0.00182176439557, 0.00153530633543], [0.000772348605096, 0.00738692609593, -0.00240705977194, 0.00407534651458, -0.0051521952264, 0.00425026146695, -0.00308787752874, 0.00334519473836, -0.00237972917967, 0.00396802090108, -0.00478492164984, 0.00288188806735, -0.00244478182867], [0.00261770607904, -0.00240705977194, 0.00561047391966, -0.00296921026893, 0.00345874321647, -0.00405010348186, 0.00335769308731, -0.00356796057895, 0.00282378867269, -0.00266567501239, 0.00275456882082, -0.00332707492635, 0.00187115836889], [-0.0021905885078, 0.00407534651458, -0.00296921026893, 0.0113473013043, -0.00525609077886, 0.00232986127958, -0.000730408879463, 0.00493898056448, -0.00518093025312, 0.00431783916429, -0.00409162510186, 0.00248681777157, -0.00382653530687], [0.00207336852327, -0.0051521952264, 0.00345874321647, -0.00525609077886, 0.00979649368674, -0.00240878365003, 0.00187791697681, -0.00378011073917, 0.00258240709081, -0.00706780608743, 0.00569461937994, -0.00328993727453, 0.0014775863383], [-0.00208934978582, 0.00425026146695, -0.00405010348186, 0.00232986127958, -0.00240878365003, 0.0118456427008, -0.00432016793638, 0.0024106502533, -0.00214502145536, 0.00156279955991, -0.00287848035805, 0.00421727681533, -0.00456584338099], [0.00156502937898, -0.00308787752874, 0.00335769308731, -0.000730408879463, 0.00187791697681, -0.00432016793638, 0.00803303997964, -0.00280910194851, -0.000715341477189, -0.000777028268203, 0.000386429659557, -0.00249512051232, 0.00272483564913], [-0.00312142586336, 0.00334519473836, -0.00356796057895, 0.00493898056448, -0.00378011073917, 0.0024106502533, -0.00280910194851, 0.0113406954333, -0.00155428622384, 0.00129578541964, -0.00366002554074, 0.00255558802746, -0.00341250258498], [0.00123034405988, -0.00237972917967, 0.00282378867269, -0.00518093025312, 0.00258240709081, -0.00214502145536, -0.000715341477189, -0.00155428622384, 0.00908780936152, -0.00360876927152, 0.00165875477251, -0.000506147916894, 0.000222573216888], [-0.00198709289543, 0.00396802090108, -0.00266567501239, 0.00431783916429, -0.00706780608743, 0.00156279955991, -0.000777028268203, 0.00129578541964, -0.00360876927152, 0.0113856857643, -0.00335641694255, 0.00132740777917, -0.000126323138829], [0.000687307852786, -0.00478492164984, 0.00275456882082, -0.00409162510186, 0.00569461937994, -0.00287848035805, 0.000386429659557, -0.00366002554074, 0.00165875477251, -0.00335641694255, 0.0117153404281, -0.00249012350105, 0.000951339665335], [-0.00182176439557, 0.00288188806735, -0.00332707492635, 0.00248681777157, -0.00328993727453, 0.00421727681533, -0.00249512051232, 0.00255558802746, -0.000506147916894, 0.00132740777917, -0.00249012350105, 0.00962428748608, -0.00261754309759], [0.00153530633543, -0.00244478182867, 0.00187115836889, -0.00382653530687, 0.0014775863383, -0.00456584338099, 0.00272483564913, -0.00341250258498, 0.000222573216888, -0.000126323138829, 0.000951339665335, -0.00261754309759, 0.010071140714]]
    },
    "melbands": {
        "max": [0.0136615000665, 0.0153952185065, 0.0129381893203, 0.00719546340406, 0.0131352720782, 0.00817206222564, 0.00604831427336, 0.00803628750145, 0.00754065345973, 0.00725028570741, 0.00930432695895, 0.00174294423778, 0.00386639358476, 0.00170959881507, 0.00134420755785, 0.00253490242176, 0.00171280698851, 0.00242982525378, 0.00145876617171, 0.00168194435537, 0.000734427536372, 0.000728901475668, 0.000476395740407, 0.000102769270597, 0.000232686797972, 0.000280325242784, 0.000428597937571, 0.000167871869053, 6.78738288116e-05, 7.29946186766e-05, 7.98578403192e-05, 0.000113566049549, 0.000121810822748, 0.000121600845887, 0.000225802985369, 0.000159331408213, 0.000108338645077, 8.12647122075e-05, 9.09138034331e-05, 2.72954948741e-05],
        "mean": [0.00206254608929, 0.00270134070888, 0.000660000136122, 0.000441976211732, 0.000839745393023, 0.00072561687557, 0.000263450812781, 0.000329997041263, 0.000405293394579, 0.000589767587371, 0.000359790457878, 0.000111756395199, 9.93674548226e-05, 6.56461852486e-05, 4.7676909162e-05, 6.30742651992e-05, 0.000103483100247, 0.000101296871435, 7.92243372416e-05, 8.84759574546e-05, 4.15733265982e-05, 4.68625839858e-05, 3.25343935401e-05, 1.16284863907e-05, 1.21477332868e-05, 2.74631656794e-05, 3.4842043533e-05, 8.69082759891e-06, 1.92524407794e-06, 1.62889989497e-06, 2.15949785343e-06, 3.95132383346e-06, 5.01637396155e-06, 5.04787612954e-06, 4.98375766256e-06, 3.73290663447e-06, 2.26747943088e-06, 1.36965479669e-06, 1.10596283776e-06, 6.43675889478e-07],
        "min": [1.29809009763e-07, 5.97596090302e-06, 1.0737347111e-05, 7.52706546336e-06, 1.0056204701e-05, 5.80914047532e-06, 2.88183036901e-06, 9.19282967971e-07, 1.78943992069e-06, 2.13071234612e-06, 1.09681968752e-06, 7.07835511093e-07, 8.86411044121e-07, 2.83879245444e-07, 2.19567425574e-07, 4.49583126283e-07, 4.01949989737e-07, 1.13769253574e-07, 3.79161463115e-07, 3.45499785226e-07, 4.53488723906e-07, 2.92447026595e-07, 2.39923991785e-07, 1.93956537942e-07, 4.9774573796e-08, 8.24880501682e-08, 1.18139979577e-07, 7.97667070174e-08, 1.27657129312e-09, 3.09119702058e-10, 4.69344979548e-11, 7.61551621764e-09, 4.56763626921e-10, 3.35534067197e-09, 3.1731977046e-09, 1.7220236348e-10, 2.30513351462e-12, 2.53117757873e-13, 3.55111068589e-13, 2.02679032953e-13],
        "stdev": [0.00205655745231, 0.00233784900047, 0.000761767965741, 0.000659618177451, 0.00132024753839, 0.000979131669737, 0.000419582531322, 0.000727869512048, 0.000809736549854, 0.0011235420825, 0.000962426362094, 0.000182872507139, 0.000210304977372, 0.000142110016895, 0.000111309025669, 0.000150541134644, 0.000226896561799, 0.000232620339375, 0.000180390634341, 0.000210142126889, 6.96106944815e-05, 6.73359609209e-05, 4.76092463941e-05, 1.28422943817e-05, 1.66671470652e-05, 3.9068316255e-05, 5.1761729992e-05, 1.33342437039e-05, 4.51195683127e-06, 4.98533972859e-06, 6.04287197348e-06, 8.45300291985e-06, 8.67235849e-06, 9.95790924208e-06, 1.30243079184e-05, 1.14388521979e-05, 8.30278440844e-06, 5.65587424717e-06, 4.80124344904e-06, 2.07709308597e-06]
    },
    "melbands128": {
        "max": [0.0005021445686, 0.00364020722918, 0.0239527765661, 0.0262279678136, 0.0219630468637, 0.0152024254203, 0.0185330249369, 0.0171029027551, 0.00740212062374, 0.0108332764357, 0.0142530556768, 0.0207936502993, 0.0236891843379, 0.0194424334913, 0.0147695858032, 0.00433069374412, 0.00314395618625, 0.010660380125, 0.00890652090311, 0.00792523287237, 0.0151941496879, 0.0102824205533, 0.0137447854504, 0.015255282633, 0.00980168581009, 0.0165700558573, 0.0119050713256, 0.0179071426392, 0.00573337916285, 0.00323967146687, 0.00383332977071, 0.00532761123031, 0.00693653756753, 0.00352184823714, 0.00299102184363, 0.00282370275818, 0.00370410620235, 0.00198824540712, 0.00305551290512, 0.00442390237004, 0.00364820077084, 0.00398431764916, 0.00333175109699, 0.00391029054299, 0.00643564620987, 0.0053380690515, 0.00417055608705, 0.00246002455242, 0.00336853670888, 0.00450429925695, 0.00381166744046, 0.00149991619401, 0.00102419406176, 0.00127255555708, 0.00150847877376, 0.00142751669046, 0.00099898071494, 0.0012996958103, 0.000769712380134, 0.000395458948333, 0.000207988865441, 0.000118713556731, 0.000224117393373, 0.000278765539406, 0.000714348221663, 0.000475077860756, 0.000592891359702, 0.000816450919956, 0.00108850782271, 0.000388782529626, 0.000234298946452, 0.000223188457312, 8.27235489851e-05, 0.000104827042378, 0.000170435625478, 6.66270498186e-05, 5.91448224441e-05, 0.000120910379337, 8.69191280799e-05, 0.000100971752545, 0.000105842242192, 0.000154080698849, 0.000131932203658, 0.000146232705447, 0.000141741373227, 0.000123915087897, 0.00015265402908, 0.000204318115721, 0.000331325049046, 0.000214232699363, 0.000218691304326, 0.000172131185536, 0.000191635394003, 0.000128843763378, 0.000115219976578, 9.9529948784e-05, 8.51505828905e-05, 8.65487236297e-05, 0.000150716165081, 0.000214538289583, 4.30239379057e-05, 2.90652151307e-05, 3.26311819663e-05, 2.14225310629e-05, 1.61113857757e-05, 1.70129860635e-05, 1.26387240016e-05, 1.64944340213e-05, 1.36465050673e-05, 9.27717246668e-06, 6.79799495629e-06, 7.04195554135e-06, 2.89804916065e-06, 1.66715992123e-07, 1.50809682964e-07, 8.99859244896e-08, 4.20679739932e-08, 4.09645863897e-08, 3.99348571989e-08, 3.90219376811e-08, 3.81443072683e-08, 3.74064406117e-08, 3.66926009576e-08, 3.60753418249e-08, 3.55782283634e-08, 3.518757552e-08, 3.49032269753e-08, 3.47263657829e-08],
        "mean": [3.74570772692e-05, 0.000840307271574, 0.00333552691154, 0.00363911734894, 0.00305167608894, 0.00178987439722, 0.00076868373435, 0.000402836943977, 0.00031227429281, 0.000451117230114, 0.000472277548397, 0.000669361557811, 0.000922023958992, 0.001049536746, 0.00103671650868, 0.000337671866873, 0.000183958094567, 0.000340376078384, 0.000236646534177, 0.000256638013525, 0.000418939016527, 0.000395893031964, 0.000448796025012, 0.000314069562592, 0.000583307177294, 0.000822396192234, 0.000347486056853, 0.000473187363241, 0.000132541565108, 0.000138249160955, 9.40563841141e-05, 7.70767437643e-05, 9.88555402728e-05, 0.000138551724376, 4.78341280541e-05, 5.90415802435e-05, 6.48502391414e-05, 2.25888506975e-05, 6.2078681367e-05, 6.68567954563e-05, 6.76252529956e-05, 4.40003714175e-05, 0.000114304093586, 0.000136405506055, 7.32063126634e-05, 0.000119335920317, 0.000109853070171, 2.43867034442e-05, 9.37435033848e-05, 0.000145647209138, 8.8377200882e-05, 3.51107119059e-05, 2.10332927963e-05, 5.4515501688e-05, 6.56364791212e-05, 4.4341210014e-05, 2.91328560706e-05, 4.20143624069e-05, 3.29235408572e-05, 1.97610661417e-05, 7.58436408432e-06, 5.92646347286e-06, 1.38793520819e-05, 1.21897282952e-05, 1.31162541948e-05, 2.51942401519e-05, 3.85409075534e-05, 3.79635675927e-05, 4.00124590669e-05, 2.31338981393e-05, 5.20557614436e-06, 3.65528899238e-06, 2.03840090762e-06, 1.56052726652e-06, 1.71512522229e-06, 1.75895468146e-06, 1.43123327234e-06, 1.69740314959e-06, 1.940833954e-06, 2.70425584858e-06, 4.32811384599e-06, 3.4086267533e-06, 5.71609780309e-06, 4.65616221845e-06, 5.38207586942e-06, 4.79778645968e-06, 5.18792694493e-06, 5.06466813022e-06, 5.08320863446e-06, 4.87453962705e-06, 4.27380155088e-06, 3.37440815201e-06, 2.85553960566e-06, 2.42761097979e-06, 1.78014033736e-06, 1.45279614117e-06, 1.31080844312e-06, 1.20502875234e-06, 1.15819671009e-06, 1.09690085992e-06, 7.43786017665e-07, 5.97343955633e-07, 4.65405577188e-07, 2.95057532185e-07, 2.20928001227e-07, 1.62133986237e-07, 1.21553753729e-07, 9.7951350142e-08, 7.85847333873e-08, 6.17667339498e-08, 5.21324103886e-08, 5.29747126166e-08, 1.98000318363e-08, 6.34073682448e-10, 4.62719612626e-10, 3.77932463103e-10, 9.23616808035e-11, 2.84083173652e-11, 2.76464476312e-11, 2.69801195274e-11, 2.63477243495e-11, 2.58261710628e-11, 2.53253529259e-11, 2.48886154741e-11, 2.44890670242e-11, 2.41179524268e-11, 2.38696128835e-11, 2.37380063522e-11],
        "min": [7.87117482304e-09, 3.72488138112e-08, 1.0017801344e-07, 7.47767927578e-08, 7.85956672189e-07, 4.37119479102e-06, 1.36999904043e-06, 8.56360998114e-07, 5.79938500778e-07, 7.41013877814e-07, 1.14441218102e-06, 2.41259022005e-06, 1.71657677583e-06, 2.41398242906e-06, 1.11906194888e-06, 2.97953164363e-07, 7.48059505895e-07, 2.51798979889e-07, 3.11784674523e-07, 2.81670764934e-07, 6.75952520623e-08, 5.31127994918e-08, 1.92347684447e-07, 6.61605724872e-07, 3.80602500627e-07, 2.65366281837e-07, 4.84274274015e-08, 1.48340390638e-07, 1.02369114074e-07, 1.18563065143e-07, 3.81678475492e-08, 2.92706143767e-08, 3.34917530154e-07, 3.81205381927e-07, 1.1985038384e-07, 1.96222682547e-08, 2.14318216507e-08, 3.28644382819e-08, 4.90473297532e-08, 9.38420328112e-08, 9.08218780182e-08, 5.25190522183e-08, 8.44242364906e-08, 1.06698919922e-07, 6.548016529e-08, 9.95770861323e-08, 6.29324290458e-08, 3.81107589931e-08, 1.72656502428e-08, 4.23521022697e-08, 1.06494312035e-07, 1.00889955945e-07, 3.27670974798e-08, 2.08523225353e-08, 9.76341212322e-08, 4.36267058035e-08, 6.27736937986e-08, 2.08037072014e-08, 5.34771800176e-08, 1.57362141096e-08, 2.32296368807e-08, 2.92098878418e-08, 1.04585042848e-08, 1.63275348797e-08, 1.09926450165e-08, 5.78289736097e-08, 3.55130715946e-08, 2.89979773527e-08, 4.57096689388e-08, 4.94304366327e-08, 2.56863739168e-08, 3.28167581998e-09, 7.54825590921e-10, 7.70146238449e-11, 1.00067523712e-10, 1.29549038164e-10, 1.23759657036e-11, 3.50025282196e-12, 4.24173456776e-12, 4.16167378336e-11, 3.77860742695e-10, 1.33873923058e-09, 2.87120327513e-10, 2.74940820111e-10, 1.03455431721e-10, 1.17470894123e-10, 4.76637485036e-09, 9.09189667997e-10, 1.28993449255e-09, 1.0190982086e-10, 3.09778695751e-11, 6.76368336339e-12, 3.06045987164e-12, 2.1217780137e-12, 4.65830878645e-13, 3.00508261938e-13, 1.75188612532e-13, 1.78195918308e-13, 3.52283550638e-13, 1.89017462164e-13, 2.04655980747e-13, 1.38841534298e-13, 1.72540665566e-13, 1.27463415257e-13, 1.31769771418e-13, 1.44387689196e-13, 1.67981568325e-13, 9.77402363146e-14, 1.41093395105e-13, 1.1603309188e-13, 1.14543167702e-13, 1.12622930459e-13, 9.98647779055e-14, 1.24534863216e-13, 1.36582436441e-13, 1.25625800994e-13, 1.08074532938e-13, 1.17824153212e-13, 1.22001136949e-13, 1.26199696309e-13, 1.11068055794e-13, 1.18870679359e-13, 1.25443275559e-13, 1.05390407501e-13, 8.14503155135e-14, 3.05164320734e-14, 4.30807267369e-15, 1.48123616102e-16],
        "stdev": [5.69791955058e-05, 0.000896893034223, 0.00381896039471, 0.00383348250762, 0.00357701978646, 0.00246335193515, 0.00110027100891, 0.000857776205521, 0.000548793002963, 0.000889029237442, 0.000991073669866, 0.0012863825541, 0.00205564196222, 0.00207167351618, 0.0015114370035, 0.000428743893281, 0.000288605195237, 0.000756427180022, 0.000520794012118, 0.000730583793484, 0.00131805310957, 0.000971423927695, 0.00125924614258, 0.000937277276535, 0.00112741801422, 0.00220710318536, 0.00103280530311, 0.00179141084664, 0.000419668736868, 0.000303677137708, 0.0002304497757, 0.000265958573436, 0.000331774470396, 0.000287272152491, 0.000174695058377, 0.000192636187421, 0.000257084349869, 9.85439110082e-05, 0.000181326817255, 0.000231045414694, 0.000202203111257, 0.000200613343623, 0.000353766226908, 0.000357888551662, 0.000377171672881, 0.000379457342206, 0.000304637971567, 9.83721256489e-05, 0.00037732112105, 0.000470284954645, 0.000309143128106, 9.87635648926e-05, 5.6261626014e-05, 0.000128021478304, 0.000130292552058, 0.000111745372124, 7.33238994144e-05, 9.45864157984e-05, 6.63104001433e-05, 3.46402084688e-05, 1.38975965456e-05, 8.5259152911e-06, 2.13641142182e-05, 2.55179620581e-05, 3.75222552975e-05, 5.24703900737e-05, 7.41636467865e-05, 8.9133180154e-05, 8.69232826517e-05, 4.517375055e-05, 1.15810798889e-05, 9.13560870686e-06, 4.82298446514e-06, 5.1655806601e-06, 6.24598351351e-06, 5.16206910106e-06, 4.78505899082e-06, 6.25799884801e-06, 5.95603660258e-06, 8.67339349497e-06, 1.14978156489e-05, 8.45796603244e-06, 1.13722189781e-05, 9.04797252588e-06, 1.05865819933e-05, 1.01311343315e-05, 1.05995213744e-05, 1.31095448523e-05, 1.51370695676e-05, 1.36034004754e-05, 1.35373165904e-05, 1.14253716674e-05, 1.02220119516e-05, 9.2707841759e-06, 7.73851479607e-06, 6.36831373413e-06, 5.59974068892e-06, 5.17959097124e-06, 6.12246094533e-06, 6.1698283389e-06, 2.50289963333e-06, 1.93389655578e-06, 1.6233794895e-06, 1.21613618376e-06, 1.09038080609e-06, 8.4244129539e-07, 6.18206343006e-07, 5.52448454982e-07, 4.98610347677e-07, 3.41738569887e-07, 2.75478669209e-07, 3.08114579184e-07, 1.21750176163e-07, 6.70276989467e-09, 5.22550624993e-09, 4.11629486052e-09, 1.32509536677e-09, 8.97596885707e-10, 8.7500212631e-10, 8.54980808374e-10, 8.35714553116e-10, 8.19541046138e-10, 8.03901112345e-10, 7.90375043191e-10, 7.79480979762e-10, 7.70903063607e-10, 7.64676988396e-10, 7.60800700217e-10]
    },
    "mfcc": {
        "mean": [-619.097717285, 135.812545776, -8.03906726837, 27.7098941803, 4.65598773956, 6.45787096024, -12.2584686279, 18.3350067139, -8.49189662933, 15.5326728821, 0.443802267313, -6.24124956131, 8.0440788269],
        "cov": [[1747.1373291, -1277.7980957, 53.147277832, -259.214416504, 66.6688537598, -153.869354248, -29.3173599243, -29.2353515625, 23.8847255707, 87.082359314, 150.108703613, -64.3283309937, 120.534408569], [-1277.7980957, 1332.23461914, -313.768890381, 266.205688477, -135.061584473, 129.6668396, 36.4686965942, 75.2468338013, -59.6803436279, -23.5589084625, -63.7527694702, 55.7264099121, -56.4604263306], [53.147277832, -313.768890381, 625.427978516, -195.766876221, 125.676727295, -135.491897583, 47.4772338867, -36.7821311951, -15.6690607071, -84.9410552979, -39.9154090881, -66.8253097534, 11.999455452], [-259.214416504, 266.205688477, -195.766876221, 254.574493408, -14.3098087311, 117.138282776, -60.9624557495, 15.8401651382, 22.799861908, 4.77014875412, -20.8311462402, 45.3913002014, 12.3802938461], [66.6688537598, -135.061584473, 125.676727295, -14.3098087311, 333.88571167, -65.9293289185, 15.2942781448, -129.842712402, 106.631988525, -77.7994308472, 19.086315155, -52.2713813782, 88.4445037842], [-153.869354248, 129.6668396, -135.491897583, 117.138282776, -65.9293289185, 245.968093872, -52.7520294189, 20.1063308716, 32.4031143188, 52.6760635376, -6.7338013649, 78.6680145264, -76.6777572632], [-29.3173599243, 36.4686965942, 47.4772338867, -60.9624557495, 15.2942781448, -52.7520294189, 202.679138184, -30.8133087158, 36.9357681274, -40.0620384216, 19.5720825195, 23.6568546295, 9.82727622986], [-29.2353515625, 75.2468338013, -36.7821311951, 15.8401651382, -129.842712402, 20.1063308716, -30.8133087158, 214.059783936, -81.5319671631, 59.3920555115, -27.0500259399, -13.8985748291, -15.861369133], [23.8847255707, -59.6803436279, -15.6690607071, 22.799861908, 106.631988525, 32.4031143188, 36.9357681274, -81.5319671631, 234.568862915, -23.2046337128, 32.5920333862, 21.5624790192, -18.2021560669], [87.082359314, -23.5589084625, -84.9410552979, 4.77014875412, -77.7994308472, 52.6760635376, -40.0620384216, 59.3920555115, -23.2046337128, 226.806121826, 16.4932479858, 60.908946991, -69.5741043091], [150.108703613, -63.7527694702, -39.9154090881, -20.8311462402, 19.086315155, -6.7338013649, 19.5720825195, -27.0500259399, 32.5920333862, 16.4932479858, 154.516479492, -11.2457056046, 55.7209701538], [-64.3283309937, 55.7264099121, -66.8253097534, 45.3913002014, -52.2713813782, 78.6680145264, 23.6568546295, -13.8985748291, 21.5624790192, 60.908946991, -11.2457056046, 208.514938354, -57.6887664795], [120.534408569, -56.4604263306, 11.999455452, 12.3802938461, 88.4445037842, -76.6777572632, 9.82727622986, -15.861369133, -18.2021560669, -69.5741043091, 55.7209701538, -57.6887664795, 223.503662109]],
        "icov": [[0.00305232778192, 0.00303910416551, 0.00147906655911, 0.000693460868206, 0.000134964997414, 0.000602409534622, -0.000183166703209, -0.000382780912332, 0.00027066731127, -0.000491424754728, -0.00100973946974, 0.000118844582175, -0.000710572639946], [0.00303910416551, 0.00418130354956, 0.00177185377106, -0.000532055622898, 0.000209707417525, 0.000575460202526, -0.000941532605793, -0.000550019321963, 0.000771265826188, -0.00014032049512, -0.000865065318067, 0.000260480417637, -0.000229532859521], [0.00147906655911, 0.00177185377106, 0.00333518744446, 0.00187131389976, -0.000916118733585, 0.000503134855535, -0.000233307218878, -0.000514359795488, 0.000552959158085, 0.000518831599038, 0.000307899783365, 2.85170990537e-05, 1.32594577735e-05], [0.000693460868206, -0.000532055622898, 0.00187131389976, 0.0087327612564, -0.000631433504168, -0.00239962385967, 0.00210992177017, -0.000475647655549, -0.00104388257023, 0.00038712870446, 0.00134524481837, -0.00105609942693, -0.00236495118588], [0.000134964997414, 0.000209707417525, -0.000916118733585, -0.000631433504168, 0.00574928941205, 0.000622205494437, 0.000394445843995, 0.00255248625763, -0.00219232635573, -0.000271837168839, 0.00063267047517, 0.000945381529164, -0.00201036804356], [0.000602409534622, 0.000575460202526, 0.000503134855535, -0.00239962385967, 0.000622205494437, 0.0071482420899, 0.00120906438679, -0.000343298655935, -0.000812984537333, -0.000129326595925, -0.00110836070962, -0.00140822702087, 0.00186139263678], [-0.000183166703209, -0.000941532605793, -0.000233307218878, 0.00210992177017, 0.000394445843995, 0.00120906438679, 0.00685126660392, 0.00011662691395, -0.00148705742322, 0.00114161125384, -0.000644229934551, -0.00177449197508, -0.000340814032825], [-0.000382780912332, -0.000550019321963, -0.000514359795488, -0.000475647655549, 0.00255248625763, -0.000343298655935, 0.00011662691395, 0.00732267368585, 0.000760174298193, -0.00173070677556, 0.00135043845512, 0.00145433458965, -0.000929985486437], [0.00027066731127, 0.000771265826188, 0.000552959158085, -0.00104388257023, -0.00219232635573, -0.000812984537333, -0.00148705742322, 0.000760174298193, 0.00660222722217, 0.000573477358557, -0.00151368533261, -0.000165636112797, 0.00183578545693], [-0.000491424754728, -0.00014032049512, 0.000518831599038, 0.00038712870446, -0.000271837168839, -0.000129326595925, 0.00114161125384, -0.00173070677556, 0.000573477358557, 0.00666227191687, -0.00153784186114, -0.00180103897583, 0.00210957950912], [-0.00100973946974, -0.000865065318067, 0.000307899783365, 0.00134524481837, 0.00063267047517, -0.00110836070962, -0.000644229934551, 0.00135043845512, -0.00151368533261, -0.00153784186114, 0.00915459915996, 0.000744961376768, -0.00296347867697], [0.000118844582175, 0.000260480417637, 2.85170990537e-05, -0.00105609942693, 0.000945381529164, -0.00140822702087, -0.00177449197508, 0.00145433458965, -0.000165636112797, -0.00180103897583, 0.000744961376768, 0.00675308424979, 0.000365872343536], [-0.000710572639946, -0.000229532859521, 1.32594577735e-05, -0.00236495118588, -0.00201036804356, 0.00186139263678, -0.000340814032825, -0.000929985486437, 0.00183578545693, 0.00210957950912, -0.00296347867697, 0.000365872343536, 0.00795227475464]]
    },
    "spectral_contrast_coeffs": {
        "max": [-0.404807537794, -0.488702118397, -0.464780509472, -0.554804623127, -0.488977760077, -0.364040374756],
        "mean": [-0.705680727959, -0.710322737694, -0.716857910156, -0.73662596941, -0.703234672546, -0.666732668877],
        "min": [-0.902905583382, -0.872783184052, -0.906459331512, -0.895663678646, -0.858036756516, -0.912494182587],
        "stdev": [0.0789437517524, 0.0653044357896, 0.0793829262257, 0.0617461130023, 0.0673771798611, 0.0739333108068]
    },
    "spectral_contrast_valleys": {
        "max": [-5.0288028717, -5.08526277542, -6.15844297409, -6.28455114365, -6.27206468582, -7.44897031784],
        "mean": [-6.4267282486, -6.46151828766, -7.40945339203, -7.60012722015, -7.9311747551, -11.4356441498],
        "min": [-9.02697753906, -8.20754146576, -9.22513771057, -9.0600528717, -9.51610565186, -16.6894245148],
        "stdev": [0.430276423693, 0.435449123383, 0.470866382122, 0.449906140566, 0.526810467243, 1.36818242073]
    }
},
"rhythm": {
    "beats_count": 97,
    "beats_loudness": {
        "max": 0.0712045803666,
        "mean": 0.037886235863,
        "min": 0.0156301613897,
        "stdev": 0.00997633207589
    },
    "bpm": 101.865989685,
    "bpm_histogram_first_peak_bpm": 101,
    "bpm_histogram_first_peak_weight": 0.54166662693,
    "bpm_histogram_second_peak_bpm": 178,
    "bpm_histogram_second_peak_spread": 0,
    "bpm_histogram_second_peak_weight": 0.114583335817,
    "danceability": 1.00035119057,
    "onset_rate": 2.0302734375,
    "beats_loudness_band_ratio": {
        "max": [0.943403363228, 0.763586163521, 0.70451182127, 0.52879601717, 0.501783013344, 0.591987609863],
        "mean": [0.392977684736, 0.197499811649, 0.164450764656, 0.0895302072167, 0.102154240012, 0.0751008167863],
        "min": [0.018884703517, 0.0160403531045, 0.0148790897802, 0.00562909152359, 0.00427378388122, 0.000369689543732],
        "stdev": [0.215100690722, 0.169939473271, 0.148179203272, 0.0994563549757, 0.125134542584, 0.104263745248]
    },
