{
"metadata": {
    "version": {
        "essentia": "2.1-beta5",
        "essentia_git_sha": "Undefined",
        "extractor": "music 2.0"
    },
    "audio_properties": {
        "analysis": {
            "equal_loudness": 0,
            "length": 36.8616790771,
            "sample_rate": 44100,
            "start_time": 175.240997314,
            "downmix": "mix"
        },
        "bit_rate": 192000,
        "length": 212.125900269,
        "lossless": 0,
        "number_channels": 2,
        "replay_gain": -4.19501876831,
        "sample_rate": 48000,
        "codec": "mp3",
        "md5_encoded": "de9423f33e4fc067fd5057e4be861bf5"
    },
    "tags": {
        "file_name": "Albania_Suus_Rona Nishliu.mp3",
        "encoding": ["Lavf58.29.100"]
    }
},
"lowlevel": {
    "average_loudness": 0.746986865997,
    "barkbands_crest": {
        "max": 26.1793136597,
        "mean": 13.1617994308,
        "min": 2.73797035217,
        "stdev": 5.08492565155
    },
    "barkbands_flatness_db": {
        "max": 0.552802145481,
        "mean": 0.221545800567,
        "min": 0.0438217408955,
        "stdev": 0.0743635669351
    },
    "barkbands_kurtosis": {
        "max": 560.402099609,
        "mean": 14.4452857971,
        "min": -1.82653570175,
        "stdev": 45.2785606384
    },
    "barkbands_skewness": {
        "max": 18.7893466949,
        "mean": 2.31678509712,
        "min": -5.71700429916,
        "stdev": 2.14001893997
    },
    "barkbands_spread": {
        "max": 110.53553009,
        "mean": 13.7769384384,
        "min": 0.194565817714,
        "stdev": 15.7949371338
    },
    "dissonance": {
        "max": 0.500000059605,
        "mean": 0.465161949396,
        "min": 0.217155992985,
        "stdev": 0.0315748862922
    },
    "dynamic_complexity": 5.42015218735,
    "erbbands_crest": {
        "max": 28.844543457,
        "mean": 11.0689668655,
        "min": 2.88590979576,
        "stdev": 4.84938812256
    },
    "erbbands_flatness_db": {
        "max": 0.390436768532,
        "mean": 0.231855213642,
        "min": 0.0632206350565,
        "stdev": 0.0704817175865
    },
    "erbbands_kurtosis": {
        "max": 68.0756072998,
        "mean": 2.6525118351,
        "min": -1.78807759285,
        "stdev": 5.54412317276
    },
    "erbbands_skewness": {
        "max": 7.44354867935,
        "mean": 1.06034731865,
        "min": -4.30362558365,
        "stdev": 1.15570938587
    },
    "erbbands_spread": {
        "max": 170.365737915,
        "mean": 30.1419677734,
        "min": 2.69226408005,
        "stdev": 25.3978767395
    },
    "hfc": {
        "max": 264.174041748,
        "mean": 22.0011749268,
        "min": 0.0138777457178,
        "stdev": 24.9523429871
    },
    "loudness_ebu128": {
        "integrated": -18.0166473389,
        "loudness_range": 8.44496154785,
        "momentary": {
            "max": -14.8982477188,
            "mean": -21.5105800629,
            "min": -43.6074523926,
            "stdev": 6.70123386383
        },
        "short_term": {
            "max": -16.1287307739,
            "mean": -19.67852211,
            "min": -26.8353824615,
            "stdev": 3.09683680534
        }
    },
    "melbands_crest": {
        "max": 31.6199874878,
        "mean": 16.4334812164,
        "min": 2.66044831276,
        "stdev": 5.87532186508
    },
    "melbands_flatness_db": {
        "max": 0.671523451805,
        "mean": 0.242370337248,
        "min": 0.0170391928405,
        "stdev": 0.109047047794
    },
    "melbands_kurtosis": {
        "max": 665.388000488,
        "mean": 25.7586326599,
        "min": -1.82939279079,
        "stdev": 51.0254211426
    },
    "melbands_skewness": {
        "max": 18.0215873718,
        "mean": 3.13766479492,
        "min": -2.73814606667,
        "stdev": 2.2298746109
    },
    "melbands_spread": {
        "max": 238.745101929,
        "mean": 16.2071800232,
        "min": 0.307695120573,
        "stdev": 24.0863513947
    },
    "pitch_salience": {
        "max": 0.888830244541,
        "mean": 0.531787693501,
        "min": 0.0737580806017,
        "stdev": 0.171364828944
    },
    "silence_rate_20dB": {
        "max": 1,
        "mean": 1,
        "min": 1,
        "stdev": 0
    },
    "silence_rate_30dB": {
        "max": 1,
        "mean": 0.988042771816,
        "min": 0,
        "stdev": 0.108693629503
    },
    "silence_rate_60dB": {
        "max": 1,
        "mean": 0.203901827335,
        "min": 0,
        "stdev": 0.402897566557
    },
    "spectral_centroid": {
        "max": 6091.31982422,
        "mean": 1230.13110352,
        "min": 102.439979553,
        "stdev": 740.138671875
    },
    "spectral_complexity": {
        "max": 52,
        "mean": 17.2769031525,
        "min": 0,
        "stdev": 11.5046224594
    },
    "spectral_decrease": {
        "max": -3.25066644609e-12,
        "mean": -7.44525019414e-09,
        "min": -5.21475236326e-08,
        "stdev": 7.31242755236e-09
    },
    "spectral_energy": {
        "max": 0.198388978839,
        "mean": 0.0300956498832,
        "min": 1.3527511328e-05,
        "stdev": 0.0283938348293
    },
    "spectral_energyband_high": {
        "max": 0.0446356460452,
        "mean": 0.000802056980319,
        "min": 1.08094493356e-08,
        "stdev": 0.00264087412506
    },
    "spectral_energyband_low": {
        "max": 0.197507530451,
        "mean": 0.0124896978959,
        "min": 1.77910493449e-07,
        "stdev": 0.0247247796506
    },
    "spectral_energyband_middle_high": {
        "max": 0.0716557502747,
        "mean": 0.00826663989574,
        "min": 8.92953551102e-08,
        "stdev": 0.0104535408318
    },
    "spectral_energyband_middle_low": {
        "max": 0.159595653415,
        "mean": 0.00897585693747,
        "min": 3.93310574509e-06,
        "stdev": 0.0117923105136
    },
    "spectral_entropy": {
        "max": 8.73303318024,
        "mean": 7.40174245834,
        "min": 5.07987117767,
        "stdev": 0.568172991276
    },
    "spectral_flux": {
        "max": 0.317577153444,
        "mean": 0.0819491818547,
        "min": 0.00265906169079,
        "stdev": 0.0527038984001
    },
    "spectral_kurtosis": {
        "max": 74.0395278931,
        "mean": 5.10340833664,
        "min": -1.36933875084,
        "stdev": 6.3188457489
    },
    "spectral_rms": {
        "max": 0.0139122325927,
        "mean": 0.00471021234989,
        "min": 0.000114880684123,
        "stdev": 0.00267871981487
    },
    "spectral_rolloff": {
        "max": 12166.2597656,
        "mean": 1430.7052002,
        "min": 64.599609375,
        "stdev": 1755.69226074
    },
    "spectral_skewness": {
        "max": 6.72934532166,
        "mean": 1.5967977047,
        "min": -0.368815213442,
        "stdev": 0.695146560669
    },
    "spectral_spread": {
        "max": 24852864,
        "mean": 3849520.75,
        "min": 775774.0625,
        "stdev": 1757961.625
    },
    "spectral_strongpeak": {
        "max": 12.7655620575,
        "mean": 1.31748855114,
        "min": 0,
        "stdev": 1.45428669453
    },
    "zerocrossingrate": {
        "max": 0.34619140625,
        "mean": 0.0557313598692,
        "min": 0.00244140625,
        "stdev": 0.045120537281
    },
    "barkbands": {
        "max": [0.0128008909523, 0.163608253002, 0.0416820608079, 0.0188815332949, 0.0316239818931, 0.156974211335, 0.0470754206181, 0.0866474062204, 0.0483196079731, 0.0689590126276, 0.0434458181262, 0.0170131064951, 0.0104353651404, 0.0197183396667, 0.0135553693399, 0.0286626368761, 0.00935510825366, 0.00728573231027, 0.00244749733247, 0.0180116184056, 0.0141438320279, 0.0150814764202, 0.00883984751999, 0.00824080221355, 0.0047795465216, 0.00134695216548, 2.04530933843e-05],
        "mean": [0.000608003116213, 0.00998795963824, 0.00183271802962, 0.000201016577194, 0.000500168302096, 0.00204456062056, 0.000635889300611, 0.0011465458665, 0.00365481106564, 0.00378219760023, 0.00136715045664, 0.00053934432799, 0.000618636899162, 0.000560900836717, 0.000465542543679, 0.000397447642172, 0.000353147042915, 0.000361945742043, 0.000170818166225, 0.000154567736899, 0.000120697266539, 0.000161980555276, 0.000192051695194, 0.000166402402101, 6.17171317572e-05, 9.40998597798e-06, 1.49551198092e-08],
        "min": [3.12420200821e-10, 8.87280748874e-10, 1.06523785348e-08, 2.00444034704e-08, 1.72679705202e-07, 3.24748071989e-07, 5.73073180021e-08, 1.08877715732e-08, 1.7164193622e-08, 2.01181471482e-08, 1.13190989914e-09, 1.32148236798e-09, 2.54646370657e-09, 3.93751475869e-09, 1.83567316903e-09, 2.43812814382e-09, 3.34844241223e-09, 5.72996672332e-09, 1.77781451782e-08, 1.00019370564e-09, 3.77594844281e-09, 4.66247353226e-11, 3.5521020153e-11, 5.88911489019e-11, 4.32998151223e-11, 4.21784968063e-11, 5.66486302311e-11],
        "stdev": [0.00141948298551, 0.0207033455372, 0.00448034284636, 0.000790456484538, 0.00163800036535, 0.00738675892353, 0.00322128436528, 0.00386992911808, 0.0058655468747, 0.00715135922655, 0.0026052526664, 0.00106640625745, 0.000983045552857, 0.00114854250569, 0.000886614434421, 0.00112985027954, 0.000740914663766, 0.000707768427674, 0.000255751598161, 0.00053737295093, 0.00046510854736, 0.000704615842551, 0.00074215332279, 0.000766265555285, 0.000312298274366, 5.72496282985e-05, 5.13116901857e-07]
    },
    "erbbands": {
        "max": [4.52573204041, 45.2732849121, 76.1705474854, 52.7138900757, 22.8381710052, 81.9302444458, 419.885864258, 1972.01733398, 822.582946777, 1037.49523926, 2180.35888672, 1027.95349121, 1963.76867676, 2320.22143555, 1638.84887695, 802.338562012, 468.756072998, 799.81060791, 931.852905273, 1768.53503418, 893.860839844, 553.180664062, 478.230102539, 328.516662598, 153.858917236, 728.043701172, 752.278137207, 615.735290527, 493.425109863, 423.910919189, 306.806488037, 215.095306396, 156.235519409, 64.9670639038, 32.9292602539, 9.67390346527, 2.95028710365, 0.0712057054043, 0.002924060449, 0.000358491030056],
        "mean": [0.29016444087, 2.1444978714, 3.08167266846, 0.972980082035, 0.658354401588, 1.81561791897, 9.34788227081, 18.3788337708, 8.8980474472, 16.6125221252, 31.967956543, 78.3150024414, 101.230522156, 118.586746216, 40.0537719727, 23.2029972076, 27.8604412079, 29.7370891571, 26.7670974731, 25.164434433, 19.5380134583, 20.6085968018, 20.7006587982, 12.084397316, 7.87167739868, 7.28400039673, 5.21575069427, 5.27181482315, 5.62137079239, 5.78146696091, 5.54303646088, 3.95272374153, 2.42778778076, 0.940603792667, 0.321522533894, 0.077305585146, 0.0126592013985, 0.00033768962021, 3.40704536939e-05, 3.82142097806e-05],
        "min": [2.25655199415e-07, 2.11724318433e-06, 5.10213903908e-05, 0.000202429946512, 0.000217493827222, 0.000647576351184, 0.00153374054935, 0.00367418630049, 0.000814407307189, 0.000468832207844, 0.000291855190881, 0.00039354574983, 0.00105944485404, 0.00033009814797, 8.18198386696e-05, 5.4718741012e-05, 8.42026202008e-05, 0.000139594951179, 0.000172972519067, 6.81312594679e-05, 0.000125673337607, 0.000215798383579, 0.000263801397523, 0.000736845540814, 0.000714822148439, 0.000269276089966, 0.000182838761248, 0.000120282427815, 6.81806386638e-06, 1.72463842318e-06, 1.22339156405e-06, 1.13473106467e-06, 1.26827967506e-06, 7.71467341565e-07, 6.70897122745e-07, 4.614044542e-07, 2.5042183438e-07, 5.98591256562e-08, 2.51094878223e-08, 2.23754934581e-08],
        "stdev": [0.598812580109, 4.72652578354, 7.29369449615, 2.72545838356, 1.36431980133, 5.18391895294, 34.4922828674, 75.1218643188, 43.8046646118, 63.5264358521, 97.317489624, 127.094497681, 164.62890625, 220.441925049, 77.1382598877, 44.9309463501, 43.4487838745, 53.415927887, 50.0013656616, 76.1568374634, 39.790977478, 42.6700553894, 41.8104438782, 20.7112026215, 12.7079753876, 22.9758205414, 21.9880580902, 23.1659049988, 23.4675750732, 22.5607242584, 22.2449398041, 17.6785449982, 11.7515478134, 4.68701028824, 1.7819890976, 0.449694216251, 0.0940055772662, 0.00233520311303, 0.000112787427497, 3.64492079825e-05]
    },
    "gfcc": {
        "mean": [-80.9916152954, 96.2171173096, -165.869552612, 23.658498764, -81.0130310059, 16.4068965912, -25.4896011353, 2.91202569008, -5.03835201263, -15.5333404541, -4.15589952469, -12.2155847549, 1.31934249401],
        "cov": [[11255.96875, -2273.1550293, -2957.28051758, -878.591918945, -919.082702637, 651.92767334, -294.591674805, 573.659729004, 493.66192627, 1.48818767071, 64.2839889526, 70.0059127808, -147.67086792], [-2273.1550293, 3164.078125, 1722.64831543, 922.419067383, 1051.76123047, -310.420013428, 588.863891602, -342.827362061, 417.280883789, 112.343231201, 538.705810547, 22.6201496124, 318.513092041], [-2957.28051758, 1722.64831543, 4806.26855469, 2148.07470703, 1544.34436035, 347.378753662, 169.848907471, 286.772644043, -227.088241577, 835.308227539, 86.86378479, 503.314819336, 76.4019622803], [-878.591918945, 922.419067383, 2148.07470703, 1408.59667969, 830.334838867, 226.555435181, 157.242050171, 94.9159698486, 21.8762741089, 363.364837646, 190.069335938, 210.841552734, 122.875984192], [-919.082702637, 1051.76123047, 1544.34436035, 830.334838867, 884.657653809, 72.5043563843, 261.888275146, 97.5125045776, 33.0698127747, 258.352020264, 115.025611877, 156.792495728, 74.1951370239], [651.92767334, -310.420013428, 347.378753662, 226.555435181, 72.5043563843, 394.296569824, 16.8515472412, 165.457260132, -14.2489204407, 139.262237549, -30.7326374054, 79.4017486572, -41.018196106], [-294.591674805, 588.863891602, 169.848907471, 157.242050171, 261.888275146, 16.8515472412, 366.400817871, -22.9294948578, 147.905899048, -33.2094535828, 98.8451843262, -19.3862304688, 27.946434021], [573.659729004, -342.827362061, 286.772644043, 94.9159698486, 97.5125045776, 165.457260132, -22.9294948578, 295.920440674, -58.3812561035, 169.207122803, -76.9710159302, 85.6142578125, -59.476020813], [493.66192627, 417.280883789, -227.088241577, 21.8762741089, 33.0698127747, -14.2489204407, 147.905899048, -58.3812561035, 270.22076416, -38.00548172, 163.326873779, -36.1458473206, 60.9469299316], [1.48818767071, 112.343231201, 835.308227539, 363.364837646, 258.352020264, 139.262237549, -33.2094535828, 169.207122803, -38.00548172, 340.040100098, 33.8202400208, 143.208404541, 5.93413925171], [64.2839889526, 538.705810547, 86.86378479, 190.069335938, 115.025611877, -30.7326374054, 98.8451843262, -76.9710159302, 163.326873779, 33.8202400208, 250.497772217, -1.56764018536, 119.428436279], [70.0059127808, 22.6201496124, 503.314819336, 210.841552734, 156.792495728, 79.4017486572, -19.3862304688, 85.6142578125, -36.1458473206, 143.208404541, -1.56764018536, 142.313415527, 6.23292922974], [-147.67086792, 318.513092041, 76.4019622803, 122.875984192, 74.1951370239, -41.018196106, 27.946434021, -59.476020813, 60.9469299316, 5.93413925171, 119.428436279, 6.23292922974, 155.491165161]],
        "icov": [[0.000213225983316, -1.41939563036e-06, 0.000260520435404, -0.000142162229167, -2.31046415138e-05, -0.000252468511462, 0.000290334515739, -0.000387826585211, -0.000471595645649, 3.32720701408e-05, -8.64842222654e-05, -0.000539443746675, 0.000205269039725], [-1.41939563036e-06, 0.00241681048647, -0.00129845051561, 0.00139712844975, -0.00182054459583, 0.00114099052735, -0.000975555682089, 0.00178456562571, -0.00197105482221, 0.000122081284644, -0.00210710172541, 0.00170183565933, -0.00107234343886], [0.000260520435404, -0.00129845051561, 0.00232785870321, -0.0022228511516, 0.000277494022157, -0.000685466860887, 0.000642814731691, -0.00075751519762, 0.00124624907039, -0.0013721898431, 0.00171443575528, -0.00257561495528, 0.00115178304259], [-0.000142162229167, 0.00139712844975, -0.0022228511516, 0.00442825770006, -0.00228536967188, -0.000520614848938, 4.99169436807e-05, 0.00132769427728, -0.00117834995035, 0.000898481113836, -0.00284881237894, 0.00199240492657, -0.00141627248377], [-2.31046415138e-05, -0.00182054459583, 0.000277494022157, -0.00228536967188, 0.00592430727556, 0.000416167720687, -0.00198135152459, -0.00215908885002, 0.00162766478024, -0.00060417142231, 0.00193568039685, -0.00198975834064, 0.000168212121935], [-0.000252468511462, 0.00114099052735, -0.000685466860887, -0.000520614848938, 0.000416167720687, 0.00502347759902, -0.0017806023825, -0.000319512619171, -0.000657216238324, -0.000765961885918, -0.000126064827782, 0.000435297260992, -0.000138161412906], [0.000290334515739, -0.000975555682089, 0.000642814731691, 4.99169436807e-05, -0.00198135152459, -0.0017806023825, 0.00664588576183, -0.00153164425865, -0.00225273915567, 0.00212382478639, -0.000212971019209, -0.000113076872367, 0.00158423150424], [-0.000387826585211, 0.00178456562571, -0.00075751519762, 0.00132769427728, -0.00215908885002, -0.000319512619171, -0.00153164425865, 0.00911785382777, -0.000597213278525, -0.00364987459034, 0.00094947317848, 0.00103101041168, -0.000389229302527], [-0.000471595645649, -0.00197105482221, 0.00124624907039, -0.00117834995035, 0.00162766478024, -0.000657216238324, -0.00225273915567, -0.000597213278525, 0.0110916839913, -0.000344783184119, -0.00303673697636, -0.000410395732615, 0.00114943494555], [3.32720701408e-05, 0.000122081284644, -0.0013721898431, 0.000898481113836, -0.00060417142231, -0.000765961885918, 0.00212382478639, -0.00364987459034, -0.000344783184119, 0.00957640446723, -0.00371261779219, -0.0027353647165, 0.000785042531788], [-8.64842222654e-05, -0.00210710172541, 0.00171443575528, -0.00284881237894, 0.00193568039685, -0.000126064827782, -0.000212971019209, 0.00094947317848, -0.00303673697636, -0.00371261779219, 0.0141749382019, -0.00081274448894, -0.00443528499454], [-0.000539443746675, 0.00170183565933, -0.00257561495528, 0.00199240492657, -0.00198975834064, 0.000435297260992, -0.000113076872367, 0.00103101041168, -0.000410395732615, -0.0027353647165, -0.00081274448894, 0.0172471404076, -0.0026302379556], [0.000205269039725, -0.00107234343886, 0.00115178304259, -0.00141627248377, 0.000168212121935, -0.000138161412906, 0.00158423150424, -0.000389229302527, 0.00114943494555, 0.000785042531788, -0.00443528499454, -0.0026302379556, 0.0118572916836]]
    },
    "melbands": {
        "max": [0.035746216774, 0.0480162352324, 0.00754333846271, 0.00252977944911, 0.0113329738379, 0.0381696410477, 0.0109163532034, 0.010239967145, 0.0148793710396, 0.00580711988732, 0.0104464627802, 0.0105674313381, 0.00698680430651, 0.00154818070587, 0.00255097728223, 0.000862501969095, 0.00181236246135, 0.00174505671021, 0.00117584341206, 0.00252096098848, 0.00120808824431, 0.00062492932193, 0.000584765162785, 0.000492083781864, 0.000286973867333, 0.000139749463415, 0.000254316604696, 0.000573603843804, 0.000587438174989, 0.000294689263683, 0.000355243479135, 0.000306152098347, 0.000258648971794, 0.000197335641133, 0.000196252556634, 0.000133651396027, 0.000150626743562, 0.000123678546515, 8.1011246948e-05, 4.57831229141e-05],
        "mean": [0.00269827921875, 0.00200619082898, 0.000166470956174, 7.51022816985e-05, 0.000278641382465, 0.000396105548134, 0.000136191272759, 0.000199646034162, 0.000297586258966, 0.000517961685546, 0.000516506668646, 0.000507825869136, 0.000153775967192, 6.51034933981e-05, 5.960110866e-05, 6.11906507402e-05, 5.43216046935e-05, 4.40359326603e-05, 3.3933967643e-05, 3.07799127768e-05, 2.12001796172e-05, 2.12485301745e-05, 2.0022609533e-05, 1.65821256815e-05, 9.01110524865e-06, 6.47884780847e-06, 4.66833898827e-06, 4.95679887536e-06, 3.48600610778e-06, 2.74923968391e-06, 3.14057729156e-06, 3.13347845804e-06, 3.18452566717e-06, 3.2406912851e-06, 3.43190049534e-06, 2.54026417679e-06, 2.37681865656e-06, 1.84289262961e-06, 1.18810646654e-06, 6.5318124598e-07],
        "min": [9.40013844541e-10, 2.28015650805e-08, 7.21001853776e-08, 2.9445553551e-08, 4.96704011255e-08, 7.44052215396e-08, 1.17027489921e-08, 4.0016163716e-09, 1.54857238144e-09, 2.04989425434e-09, 4.87378004621e-09, 1.21096244143e-09, 1.56011967234e-10, 2.12484835282e-10, 1.38768802005e-10, 1.84332993314e-10, 2.83049861327e-10, 1.9332406509e-10, 1.16635590075e-10, 1.07754388745e-10, 1.21400750563e-10, 1.64669083924e-10, 2.44865822063e-10, 2.95449831267e-10, 6.2504523779e-10, 4.35641855923e-10, 2.70566069549e-10, 2.77635588131e-11, 9.60299964547e-11, 8.59635487793e-11, 1.69914048109e-11, 7.10949365785e-13, 5.91024625074e-13, 6.43236928565e-13, 5.78952955455e-13, 6.48070681321e-13, 5.56224445843e-13, 6.09559278053e-13, 4.08354665186e-13, 3.85025073889e-13],
        "stdev": [0.00550880096853, 0.00446100719273, 0.000427750812378, 0.000174618064193, 0.000968381646089, 0.00154933077283, 0.000650559784845, 0.000662683683913, 0.000782084360253, 0.000823065871373, 0.000855121063069, 0.000979322241619, 0.000314502132824, 0.000109748412797, 0.000127465449623, 9.45620704442e-05, 0.000107743057015, 9.3303489848e-05, 7.04793346813e-05, 0.000101696794445, 5.04339805047e-05, 4.59574039269e-05, 4.1579023673e-05, 3.57096905645e-05, 1.64564844454e-05, 1.12075422294e-05, 1.04397831819e-05, 1.78001664608e-05, 1.68067617778e-05, 9.96285962174e-06, 1.48899671331e-05, 1.40774045576e-05, 1.28284100356e-05, 1.24241332742e-05, 1.39690500873e-05, 1.06350726128e-05, 1.119062199e-05, 9.08847414394e-06, 6.03671151111e-06, 3.3513138078e-06]
    },
    "melbands128": {
        "max": [0.0104761207476, 0.03846405074, 0.0571221411228, 0.0970713570714, 0.058319285512, 0.0183667801321, 0.0128296939656, 0.00742780044675, 0.00165973219555, 0.00193115952425, 0.00423037679866, 0.0148284006864, 0.017681222409, 0.023042736575, 0.060199316591, 0.0453784689307, 0.0190250463784, 0.0142431957647, 0.0188298039138, 0.0201613139361, 0.0125181600451, 0.0324658378959, 0.0250423084944, 0.0109957754612, 0.0118453679606, 0.00748752988875, 0.0158106461167, 0.0141556132585, 0.0190336443484, 0.0242029819638, 0.00726164225489, 0.00624370435253, 0.0141680818051, 0.00818664580584, 0.0037877461873, 0.00121496384963, 0.0048135491088, 0.00505134742707, 0.00315371458419, 0.00136225530878, 0.00162593089044, 0.00180203898344, 0.00252748117782, 0.00436268560588, 0.00215224013664, 0.00332596502267, 0.00131102697924, 0.00103265617508, 0.00324304564856, 0.00660403911024, 0.00254370714538, 0.000597014266532, 0.00271415291354, 0.00104753638152, 0.00137406936847, 0.00125296658371, 0.00176423590165, 0.00089358096011, 0.00107495498378, 0.000941144418903, 0.00107498222496, 0.000530292280018, 0.000787071883678, 9.78766183835e-05, 0.000216385684325, 0.000232315825997, 0.000160189447342, 0.000139166979352, 0.00032251662924, 0.000431669206591, 0.000289085844997, 0.000878430728335, 0.000928844267037, 0.000458495866042, 0.00035606714664, 0.000166818848811, 0.000252125231782, 0.00058685062686, 0.000372938637156, 0.000640928337816, 0.000432949251262, 0.000343953404808, 0.000347965193214, 0.000201587827178, 0.000460066483356, 0.000262023764662, 0.000130081156385, 0.000175609413418, 0.00035805060179, 0.000301279855194, 0.000250276701991, 0.000153170185513, 0.000162432988873, 0.0002316388709, 0.000193655592739, 0.000144533289131, 0.000167748701642, 0.000104565631773, 0.00010865789227, 8.67226117407e-05, 5.97119396843e-05, 5.31477417098e-05, 5.33103520866e-05, 5.14794701303e-05, 4.1493527533e-05, 4.02683253924e-05, 4.42050186393e-05, 3.03829256154e-05, 1.71758547367e-05, 7.29227986085e-06, 1.11629269668e-05, 2.25152361963e-05, 1.10282080641e-05, 1.46474818052e-07, 1.4617450006e-07, 1.3029028878e-07, 9.85210490967e-08, 9.55501704425e-08, 9.28829280156e-08, 9.04891805931e-08, 8.83771491544e-08, 8.64765183906e-08, 8.48238741469e-08, 8.33231794672e-08, 8.21533774342e-08, 8.11725087146e-08, 8.04933151244e-08, 8.00560897574e-08],
        "mean": [0.00054711609846, 0.00225443439558, 0.00353955570608, 0.00368836149573, 0.00217562448233, 0.000655399751849, 0.000164183133165, 8.81482992554e-05, 5.55968363187e-05, 5.56783998036e-05, 9.21727332752e-05, 0.000152396823978, 0.000307981244987, 0.000460115232272, 0.000504604948219, 0.00032517517684, 0.000131152337417, 9.68098029261e-05, 0.000136579285027, 0.000187981451745, 0.000227568190894, 0.000252134253969, 0.000226527510677, 0.000430811167462, 0.000561248802114, 0.000483188778162, 0.000624653475825, 0.000411446148064, 0.00051014352357, 0.0007403663476, 0.000437580805738, 0.000231287747738, 0.000133888534037, 0.000104787846794, 6.50723595754e-05, 5.44302893104e-05, 6.02866202826e-05, 5.63825160498e-05, 6.49516732665e-05, 5.93467484578e-05, 6.39095669612e-05, 5.7051089243e-05, 5.75902449782e-05, 5.05053103552e-05, 4.59801849502e-05, 4.74220360047e-05, 3.59360747098e-05, 3.15701072395e-05, 3.18116872222e-05, 4.0320057451e-05, 3.08273920382e-05, 2.16727712541e-05, 2.24678115046e-05, 2.02796672966e-05, 1.94725998881e-05, 2.25572748604e-05, 2.16836815525e-05, 1.89884322026e-05, 1.97394947463e-05, 2.18992627197e-05, 1.57946451509e-05, 1.41393484228e-05, 1.08920521598e-05, 6.86699104335e-06, 6.89463831804e-06, 7.52062396714e-06, 5.44912199985e-06, 4.42067448603e-06, 4.61147737951e-06, 4.73478712593e-06, 4.93495508636e-06, 5.36623883818e-06, 4.42770578957e-06, 2.95866175293e-06, 2.57599072029e-06, 2.7095227324e-06, 2.67087807515e-06, 3.21561810779e-06, 3.19562127515e-06, 3.15045417665e-06, 3.11049802804e-06, 3.09022243528e-06, 3.22198866343e-06, 3.22088999383e-06, 3.16244359055e-06, 3.07226400764e-06, 3.2302591535e-06, 3.60199874194e-06, 3.77807941732e-06, 3.06212336909e-06, 2.62168327936e-06, 2.3350896754e-06, 2.43963108915e-06, 2.55018517237e-06, 2.25724670599e-06, 1.97491635845e-06, 1.86593558738e-06, 1.45231069837e-06, 1.32397531161e-06, 9.58711893873e-07, 7.66380253481e-07, 6.0677325564e-07, 5.27736119693e-07, 4.16064466435e-07, 4.08017143627e-07, 2.3168368557e-07, 2.35169395069e-07, 1.78891752967e-07, 1.07178479425e-07, 6.21921927291e-08, 9.13918682954e-08, 7.565886051e-08, 2.61511861055e-08, 4.77288819578e-10, 3.60821816869e-10, 3.34377248112e-10, 1.1889307594e-10, 6.49189590973e-11, 6.31048061028e-11, 6.14379797037e-11, 6.00022947994e-11, 5.86954373993e-11, 5.75536528158e-11, 5.65122323937e-11, 5.56268538177e-11, 5.48097400799e-11, 5.42655607949e-11, 5.39584869841e-11],
        "min": [7.85590967278e-11, 1.70351510675e-10, 3.3291081003e-10, 1.57276289214e-10, 3.55886042858e-10, 4.25043600316e-09, 8.44784597831e-09, 1.30210722205e-08, 9.87768000726e-09, 1.46168002146e-08, 1.36275541962e-08, 3.68692720798e-09, 3.72034669738e-08, 4.66393039744e-08, 4.94948650953e-08, 1.36450744037e-08, 7.44469774716e-09, 3.90277721252e-09, 4.9502748567e-09, 2.07114037032e-09, 1.67885350066e-09, 1.5637452444e-09, 1.666039251e-10, 4.97404673006e-10, 1.22365961808e-09, 1.09219233657e-09, 1.76974890298e-09, 4.67615812738e-09, 1.52144052912e-09, 6.40049901968e-10, 1.45926548623e-10, 1.41953601651e-10, 6.7177700902e-11, 1.52066623182e-10, 7.2956689301e-11, 5.93548266092e-11, 1.74142592707e-11, 9.231534287e-11, 6.27810164966e-11, 3.97176527778e-11, 1.03539302132e-10, 3.25759211273e-11, 7.06709413212e-11, 6.77802883264e-11, 1.3782827657e-10, 8.42678843371e-11, 1.09209460919e-10, 5.23828758148e-11, 1.23977078603e-11, 4.65464750077e-11, 4.45814878069e-11, 1.08898938478e-10, 3.0011753499e-11, 1.30094643391e-10, 7.18886686291e-11, 1.3135160494e-11, 1.05234267481e-11, 3.54985651985e-10, 1.30552374467e-10, 8.41341146057e-12, 5.91273627282e-11, 1.85175708101e-10, 3.35296485021e-10, 9.41403482946e-11, 3.62431785972e-11, 2.18721499246e-10, 4.25648211122e-10, 4.23776916336e-11, 1.39201575614e-11, 7.27958752306e-12, 5.02287230905e-12, 1.76759197557e-11, 5.62470417464e-11, 1.64006811604e-11, 7.44831540195e-12, 9.76729530588e-11, 1.09833267481e-10, 1.44546700998e-12, 6.54781459088e-13, 9.85264495858e-13, 4.70472727616e-13, 5.99962083053e-13, 3.78209914558e-13, 4.54653513188e-13, 6.60142242519e-13, 6.45040173618e-13, 6.07229978106e-13, 3.97465480667e-13, 3.0640306915e-13, 5.59667546682e-13, 5.25486826362e-13, 3.72384848651e-13, 4.20839470043e-13, 4.09784809167e-13, 2.79086405678e-13, 4.75023286765e-13, 5.03769064224e-13, 2.59361840815e-13, 4.31340618605e-13, 3.71280534529e-13, 2.10739154534e-13, 2.28364880174e-13, 2.33744691354e-13, 1.73168892962e-13, 2.12313836217e-13, 1.93569471433e-13, 1.56613383286e-13, 1.79652557479e-13, 1.74949247797e-13, 1.75723137755e-13, 1.7599763064e-13, 1.82620953949e-13, 1.90209799951e-13, 1.76037813883e-13, 1.79215935711e-13, 1.96031843644e-13, 1.60937262865e-13, 1.55678109835e-13, 1.78836627581e-13, 1.53287444044e-13, 1.72474217525e-13, 1.55864633266e-13, 1.8557348041e-13, 1.61526309906e-13, 1.26959681375e-13, 4.7366018036e-14, 6.95599295801e-15, 1.89026320964e-16],
        "stdev": [0.00129635597114, 0.00480617163703, 0.00794578902423, 0.00852229073644, 0.00526698771864, 0.00159968005028, 0.000581483123824, 0.000313727388857, 0.000119141172036, 0.000138341405545, 0.00029179136618, 0.000720260955859, 0.0013537107734, 0.00192304630764, 0.0021281701047, 0.00210931710899, 0.000970316235907, 0.00067767908331, 0.000819619104732, 0.00105462863576, 0.000634355703369, 0.00116730039008, 0.00105558743235, 0.000980486278422, 0.00123728753533, 0.000878075894434, 0.00147454079706, 0.000963782309555, 0.00122529477812, 0.00183994462714, 0.000920013641007, 0.000476130284369, 0.000492102175485, 0.000272017874522, 0.000157469024998, 9.84421203611e-05, 0.000200259470148, 0.000181082825293, 0.000162681622896, 0.000114340487926, 0.000138669100124, 0.000114345908514, 0.000143376819324, 0.000152445791173, 0.000109770393465, 0.000142554679769, 6.86110943207e-05, 6.19179409114e-05, 0.000113429028715, 0.000239040018641, 0.000124285666971, 4.11654218624e-05, 8.59056017362e-05, 6.06357389188e-05, 6.06041612627e-05, 6.52287053526e-05, 8.22010406409e-05, 4.51843807241e-05, 5.55006299692e-05, 6.33569652564e-05, 5.39573775313e-05, 3.81165773433e-05, 3.33752614097e-05, 1.07089745143e-05, 1.35816399052e-05, 1.64788398251e-05, 1.07369542093e-05, 9.26396751311e-06, 1.36238013511e-05, 1.66848403751e-05, 1.40844140333e-05, 2.99112216453e-05, 2.55173326877e-05, 1.4308307982e-05, 1.16139153761e-05, 8.25910774438e-06, 9.59539647738e-06, 1.84716445801e-05, 1.44058776641e-05, 1.85252538358e-05, 1.69008289959e-05, 1.3532923731e-05, 1.44833002196e-05, 1.23407426145e-05, 1.59575720318e-05, 1.33293760882e-05, 1.24064954434e-05, 1.37284887387e-05, 1.74796550709e-05, 1.41077707667e-05, 1.16874789455e-05, 1.02549893199e-05, 1.16440724014e-05, 1.33213725348e-05, 1.12344432637e-05, 1.0023154573e-05, 1.01101722976e-05, 7.31669479137e-06, 7.35219009584e-06, 4.92840945299e-06, 4.03603280574e-06, 3.39042526321e-06, 2.95380527859e-06, 2.27919281315e-06, 2.4306573323e-06, 1.8932232706e-06, 1.76267815277e-06, 1.20851757401e-06, 6.76515412579e-07, 3.95311644752e-07, 5.8168149053e-07, 6.7335690801e-07, 3.39975628094e-07, 5.26344479113e-09, 4.8698622912e-09, 4.56756144018e-09, 2.57987076147e-09, 2.39616504416e-09, 2.32928498711e-09, 2.26919971702e-09, 2.21625917618e-09, 2.16861550939e-09, 2.12718775927e-09, 2.0895116748e-09, 2.06019135085e-09, 2.03560523993e-09, 2.01858041393e-09, 2.00761918201e-09]
    },
    "mfcc": {
        "mean": [-700.136474609, 111.617103577, -24.6209506989, 0.4961181283, -20.6260547638, 2.29316568375, -10.1900205612, 12.7249660492, -0.793202757835, 7.33920478821, -3.66372227669, -0.593992769718, -7.52658033371],
        "cov": [[13661.9736328, -2611.2512207, -3323.30102539, -2348.94702148, -1150.49511719, -670.523193359, -789.749267578, 315.435760498, -32.9958610535, 310.422424316, 37.455947876, 203.922973633, -99.6468734741], [-2611.2512207, 2409.36108398, 1003.30432129, 1159.21838379, 498.120880127, 430.625457764, 283.197113037, -15.6530570984, 72.6536636353, 20.7703533173, 101.410743713, 263.718170166, 176.943328857], [-3323.30102539, 1003.30432129, 2814.32739258, 1707.99902344, 1274.20495605, 688.1015625, 617.965942383, -74.1925582886, 244.134490967, -66.4290847778, 218.782043457, 236.646743774, 373.080688477], [-2348.94702148, 1159.21838379, 1707.99902344, 1623.52734375, 940.456481934, 555.898010254, 470.922454834, 8.66516113281, 156.869018555, 7.71790933609, 130.697235107, 232.662857056, 250.821472168], [-1150.49511719, 498.120880127, 1274.20495605, 940.456481934, 841.704833984, 349.969177246, 363.901580811, -27.5227146149, 164.836669922, -15.2933006287, 124.0262146, 148.267547607, 229.967132568], [-670.523193359, 430.625457764, 688.1015625, 555.898010254, 349.969177246, 419.543121338, 214.630554199, 75.1659545898, 79.5570755005, 44.6044158936, 73.456703186, 105.238723755, 106.368759155], [-789.749267578, 283.197113037, 617.965942383, 470.922454834, 363.901580811, 214.630554199, 340.187133789, 40.964225769, 124.903762817, 21.9503669739, 105.153793335, 56.1266822815, 112.406692505], [315.435760498, -15.6530570984, -74.1925582886, 8.66516113281, -27.5227146149, 75.1659545898, 40.964225769, 208.857757568, 49.2382011414, 56.9430656433, 34.7869415283, 4.64047145844, -32.2355384827], [-32.9958610535, 72.6536636353, 244.134490967, 156.869018555, 164.836669922, 79.5570755005, 124.903762817, 49.2382011414, 158.935134888, 27.1728496552, 78.9562835693, 38.4046821594, 72.2201385498], [310.422424316, 20.7703533173, -66.4290847778, 7.71790933609, -15.2933006287, 44.6044158936, 21.9503669739, 56.9430656433, 27.1728496552, 109.810760498, 41.2302932739, 46.1679801941, 10.5142230988], [37.455947876, 101.410743713, 218.782043457, 130.697235107, 124.0262146, 73.456703186, 105.153793335, 34.7869415283, 78.9562835693, 41.2302932739, 145.60017395, 61.7398948669, 77.2163162231], [203.922973633, 263.718170166, 236.646743774, 232.662857056, 148.267547607, 105.238723755, 56.1266822815, 4.64047145844, 38.4046821594, 46.1679801941, 61.7398948669, 172.761825562, 89.3020477295], [-99.6468734741, 176.943328857, 373.080688477, 250.821472168, 229.967132568, 106.368759155, 112.406692505, -32.2355384827, 72.2201385498, 10.5142230988, 77.2163162231, 89.3020477295, 160.317733765]],
        "icov": [[0.000196631182916, 0.000171683437657, 0.000268309668172, 0.000138145012897, -0.000251654710155, -9.70846012933e-05, 0.000242183697992, -0.000228840741329, -7.2637318226e-05, -1.66334200458e-06, -0.000101994002762, -0.000665062689222, -0.00024579820456], [0.000171683437657, 0.000889430521056, 0.000347888912074, -0.000598246406298, 0.000251307734288, -0.000343073159456, 0.000138703238918, 5.92552787566e-05, -0.000102442580101, 0.000349873676896, -0.000263611465925, -0.00117821898311, -0.000160292489454], [0.000268309668172, 0.000347888912074, 0.0020066453144, -0.00060334202135, -0.00137603108305, -0.00105668848846, 0.000194996187929, 0.000361942918971, -0.000254094658885, 0.00122531491797, -0.000984386890195, -0.000738280883525, -0.000412509310991], [0.000138145012897, -0.000598246406298, -0.00060334202135, 0.00344469118863, -0.00205632462166, -0.000618669146206, -0.000629730813671, -0.000632128852885, 0.000698354968335, -0.000501887057908, 0.000953872280661, -0.00126853131223, 0.000400996912504], [-0.000251654710155, 0.000251307734288, -0.00137603108305, -0.00205632462166, 0.00642797444016, 0.000134563684696, -0.00167961500119, 0.000789422832895, -0.0013621149119, 0.000881496700458, 0.000659817247652, 0.000322224077536, -0.00192936649546], [-9.70846012933e-05, -0.000343073159456, -0.00105668848846, -0.000618669146206, 0.000134563684696, 0.00608072895557, -0.00113495218102, -0.00223025819287, 0.000984979560599, -0.00184659752995, 0.00110561854672, -0.000113621375931, -0.000926729990169], [0.000242183697992, 0.000138703238918, 0.000194996187929, -0.000629730813671, -0.00167961500119, -0.00113495218102, 0.00811911094934, -0.000701845972799, -0.00224692048505, -0.000699662778061, -0.00240018637851, 0.00155123975128, -0.000792564358562], [-0.000228840741329, 5.92552787566e-05, 0.000361942918971, -0.000632128852885, 0.000789422832895, -0.00223025819287, -0.000701845972799, 0.0083235418424, -0.00274673500098, -0.00169902225025, -0.00150476652198, 0.000679317163303, 0.00414729909971], [-7.2637318226e-05, -0.000102442580101, -0.000254094658885, 0.000698354968335, -0.0013621149119, 0.000984979560599, -0.00224692048505, -0.00274673500098, 0.011920850724, -0.00087575946236, -0.00231990520842, 0.000880683015566, -0.00279575400054], [-1.66334200458e-06, 0.000349873676896, 0.00122531491797, -0.000501887057908, 0.000881496700458, -0.00184659752995, -0.000699662778061, -0.00169902225025, -0.00087575946236, 0.0145995113999, -0.00289683509618, -0.00390920275822, 0.000666050822474], [-0.000101994002762, -0.000263611465925, -0.000984386890195, 0.000953872280661, 0.000659817247652, 0.00110561854672, -0.00240018637851, -0.00150476652198, -0.00231990520842, -0.00289683509618, 0.0132859945297, -0.00140046142042, -0.00365769979544], [-0.000665062689222, -0.00117821898311, -0.000738280883525, -0.00126853131223, 0.000322224077536, -0.000113621375931, 0.00155123975128, 0.000679317163303, 0.000880683015566, -0.00390920275822, -0.00140046142042, 0.0136986318976, -0.00384452287108], [-0.00024579820456, -0.000160292489454, -0.000412509310991, 0.000400996912504, -0.00192936649546, -0.000926729990169, -0.000792564358562, 0.00414729909971, -0.00279575400054, 0.000666050822474, -0.00365769979544, -0.00384452287108, 0.0164853930473]]
    },
    "spectral_contrast_coeffs": {
        "max": [-0.294985771179, -0.405012339354, -0.526416063309, -0.542039334774, -0.537264764309, -0.469840764999],
        "mean": [-0.727229833603, -0.748427927494, -0.760651767254, -0.823405683041, -0.793407559395, -0.701581954956],
        "min": [-0.907175004482, -0.963542044163, -0.924095392227, -0.928797662258, -0.912263095379, -0.946190595627],
        "stdev": [0.0831532329321, 0.0889875814319, 0.0715180188417, 0.0429943278432, 0.0529410839081, 0.0594482347369]
    },
    "spectral_contrast_valleys": {
        "max": [-5.17478275299, -5.20005607605, -4.9500579834, -5.78091192245, -5.86149072647, -7.27434873581],
        "mean": [-8.11061859131, -7.13076925278, -7.31390714645, -7.7186756134, -8.11878871918, -11.5072879791],
        "min": [-11.082075119, -11.210735321, -12.5757255554, -12.8526620865, -12.9897212982, -16.4077262878],
        "stdev": [1.4322668314, 1.04405677319, 1.43896818161, 1.50030684471, 1.29127669334, 1.70753240585]
    }
},
"rhythm": {
    "beats_count": 79,
    "beats_loudness": {
        "max": 0.105100519955,
        "mean": 0.0264135766774,
        "min": 0.000133152512717,
        "stdev": 0.0241333432496
    },
    "bpm": 147.116287231,
    "bpm_histogram_first_peak_bpm": 148,
    "bpm_histogram_first_peak_weight": 0.523809552193,
    "bpm_histogram_second_peak_bpm": 133,
    "bpm_histogram_second_peak_spread": 0.5,
    "bpm_histogram_second_peak_weight": 0.102564103901,
    "danceability": 0.813337445259,
    "onset_rate": 2.5492708683,
    "beats_loudness_band_ratio": {
        "max": [0.99469524622, 0.966617584229, 0.871395945549, 0.919468104839, 0.396609544754, 0.872469007969],
        "mean": [0.280344694853, 0.0934668034315, 0.242443501949, 0.242828324437, 0.0888122022152, 0.0760534331203],
        "min": [7.20824173186e-05, 0.000544911774341, 0.00035528029548, 0.000130801578052, 6.77634016029e-05, 9.49833483901e-05],
        "stdev": [0.363661378622, 0.180985406041, 0.241546183825, 0.260794639587, 0.0991819873452, 0.153428956866]
    },
