{
"metadata": {
    "version": {
        "essentia": "2.1-beta5",
        "essentia_git_sha": "Undefined",
        "extractor": "music 2.0"
    },
    "audio_properties": {
        "analysis": {
            "equal_loudness": 0,
            "length": 32.4963264465,
            "sample_rate": 44100,
            "start_time": 45.2440834045,
            "downmix": "mix"
        },
        "bit_rate": 192000,
        "length": 211.963378906,
        "lossless": 0,
        "number_channels": 2,
        "replay_gain": -5.87875747681,
        "sample_rate": 48000,
        "codec": "mp3",
        "md5_encoded": "5d7da9028bc2652d320da79659291240"
    },
    "tags": {
        "file_name": "United KingdomUK_Love Will Set You Free_Engelbert Humperdinck.mp3",
        "encoding": ["Lavf58.29.100"]
    }
},
"lowlevel": {
    "average_loudness": 0.953535854816,
    "barkbands_crest": {
        "max": 24.531085968,
        "mean": 11.0383930206,
        "min": 3.29430627823,
        "stdev": 4.06382322311
    },
    "barkbands_flatness_db": {
        "max": 0.399913728237,
        "mean": 0.221400886774,
        "min": 0.0746185481548,
        "stdev": 0.0466394014657
    },
    "barkbands_kurtosis": {
        "max": 80.2416534424,
        "mean": 8.91222572327,
        "min": -1.86433708668,
        "stdev": 9.99826717377
    },
    "barkbands_skewness": {
        "max": 7.77166509628,
        "mean": 2.23450613022,
        "min": -1.04761576653,
        "stdev": 1.22454154491
    },
    "barkbands_spread": {
        "max": 80.5090026855,
        "mean": 12.0793714523,
        "min": 0.92292958498,
        "stdev": 10.729432106
    },
    "dissonance": {
        "max": 0.499603778124,
        "mean": 0.439979881048,
        "min": 0.310473233461,
        "stdev": 0.0320413336158
    },
    "dynamic_complexity": 2.89376854897,
    "erbbands_crest": {
        "max": 28.2309875488,
        "mean": 9.9863243103,
        "min": 2.86892151833,
        "stdev": 3.92660498619
    },
    "erbbands_flatness_db": {
        "max": 0.340851187706,
        "mean": 0.217488408089,
        "min": 0.0915558487177,
        "stdev": 0.0375915579498
    },
    "erbbands_kurtosis": {
        "max": 12.9428501129,
        "mean": 0.76609390974,
        "min": -1.7208763361,
        "stdev": 1.99375641346
    },
    "erbbands_skewness": {
        "max": 3.13895702362,
        "mean": 0.708602249622,
        "min": -2.96535134315,
        "stdev": 0.876414239407
    },
    "erbbands_spread": {
        "max": 128.094207764,
        "mean": 33.0037307739,
        "min": 8.49381542206,
        "stdev": 14.919708252
    },
    "hfc": {
        "max": 106.755645752,
        "mean": 12.8633031845,
        "min": 0.031018609181,
        "stdev": 14.2130403519
    },
    "loudness_ebu128": {
        "integrated": -18.6751689911,
        "loudness_range": 2.8060131073,
        "momentary": {
            "max": -14.5812778473,
            "mean": -19.4136886597,
            "min": -31.542383194,
            "stdev": 2.69706726074
        },
        "short_term": {
            "max": -17.4080123901,
            "mean": -18.724981308,
            "min": -22.0662727356,
            "stdev": 1.01385462284
        }
    },
    "melbands_crest": {
        "max": 29.3386077881,
        "mean": 14.1033468246,
        "min": 5.52371644974,
        "stdev": 4.32385206223
    },
    "melbands_flatness_db": {
        "max": 0.480384796858,
        "mean": 0.268390566111,
        "min": 0.0527977086604,
        "stdev": 0.0645725280046
    },
    "melbands_kurtosis": {
        "max": 141.715881348,
        "mean": 17.576335907,
        "min": -1.55776965618,
        "stdev": 17.1761932373
    },
    "melbands_skewness": {
        "max": 8.39530754089,
        "mean": 3.00408434868,
        "min": 0.0282153040171,
        "stdev": 1.40154016018
    },
    "melbands_spread": {
        "max": 157.248672485,
        "mean": 13.7328290939,
        "min": 1.24845588207,
        "stdev": 15.3687381744
    },
    "pitch_salience": {
        "max": 0.821309089661,
        "mean": 0.550217747688,
        "min": 0.23590067029,
        "stdev": 0.0957478061318
    },
    "silence_rate_20dB": {
        "max": 1,
        "mean": 1,
        "min": 1,
        "stdev": 0
    },
    "silence_rate_30dB": {
        "max": 1,
        "mean": 1,
        "min": 1,
        "stdev": 0
    },
    "silence_rate_60dB": {
        "max": 1,
        "mean": 0.0399714484811,
        "min": 0,
        "stdev": 0.195893123746
    },
    "spectral_centroid": {
        "max": 3906.69506836,
        "mean": 758.175476074,
        "min": 225.313735962,
        "stdev": 537.543579102
    },
    "spectral_complexity": {
        "max": 37,
        "mean": 12.2212705612,
        "min": 0,
        "stdev": 4.88872432709
    },
    "spectral_decrease": {
        "max": -1.60318806841e-11,
        "mean": -5.83207349081e-09,
        "min": -2.23174954073e-08,
        "stdev": 4.05325106811e-09
    },
    "spectral_energy": {
        "max": 0.0876841172576,
        "mean": 0.023178299889,
        "min": 6.33215968264e-05,
        "stdev": 0.0161919742823
    },
    "spectral_energyband_high": {
        "max": 0.0115924002603,
        "mean": 0.000243317204877,
        "min": 3.95137590203e-07,
        "stdev": 0.000710781780072
    },
    "spectral_energyband_low": {
        "max": 0.061127409339,
        "mean": 0.00479860277846,
        "min": 9.67133746599e-06,
        "stdev": 0.00561940670013
    },
    "spectral_energyband_middle_high": {
        "max": 0.0476840361953,
        "mean": 0.00338725419715,
        "min": 1.15343991638e-05,
        "stdev": 0.00535101303831
    },
    "spectral_energyband_middle_low": {
        "max": 0.0809892863035,
        "mean": 0.0162439197302,
        "min": 4.51305204479e-05,
        "stdev": 0.0128416903317
    },
    "spectral_entropy": {
        "max": 8.39798736572,
        "mean": 6.92078113556,
        "min": 5.53822183609,
        "stdev": 0.399653702974
    },
    "spectral_flux": {
        "max": 0.219515129924,
        "mean": 0.0640667974949,
        "min": 0.0104784183204,
        "stdev": 0.0328653492033
    },
    "spectral_kurtosis": {
        "max": 35.444984436,
        "mean": 7.38936185837,
        "min": -1.0493350029,
        "stdev": 5.66307544708
    },
    "spectral_rms": {
        "max": 0.00924907997251,
        "mean": 0.00446315016598,
        "min": 0.000248550117249,
        "stdev": 0.00164112157654
    },
    "spectral_rolloff": {
        "max": 8290.28320312,
        "mean": 862.17199707,
        "min": 150.732421875,
        "stdev": 1006.99371338
    },
    "spectral_skewness": {
        "max": 4.23122119904,
        "mean": 1.88492786884,
        "min": 0.0653274133801,
        "stdev": 0.639437377453
    },
    "spectral_spread": {
        "max": 9335060,
        "mean": 3210111.75,
        "min": 1275291.75,
        "stdev": 1086462
    },
    "spectral_strongpeak": {
        "max": 10.3484916687,
        "mean": 0.951590538025,
        "min": 0.00512961251661,
        "stdev": 1.15583622456
    },
    "zerocrossingrate": {
        "max": 0.263671875,
        "mean": 0.0352608077228,
        "min": 0.0078125,
        "stdev": 0.0258610341698
    },
    "barkbands": {
        "max": [0.000292572309263, 0.0183894075453, 0.0412750318646, 0.0362485870719, 0.049679916352, 0.0668857246637, 0.0559720471501, 0.0438989065588, 0.0306084044278, 0.0209713261575, 0.012938817963, 0.0315961390734, 0.0318484306335, 0.0161691661924, 0.00954552274197, 0.00639904616401, 0.0110312951729, 0.00760008394718, 0.0160572882742, 0.00155526958406, 0.00216549891047, 0.00180909119081, 0.0031153333839, 0.00449335807934, 0.000694141490385, 8.28362535685e-05, 2.03247836339e-07],
        "mean": [1.13602372949e-05, 0.000887546280865, 0.00245668995194, 0.00280021317303, 0.00616013584659, 0.00304183876142, 0.0024752735626, 0.00113321573008, 0.000524153234437, 0.000353518960765, 0.000313262804411, 0.000477995228721, 0.000528195756488, 0.000366425403627, 0.000268500851234, 0.000365482846973, 0.000281960994471, 0.000178820613655, 0.000297731603496, 2.95946847473e-05, 7.76313172537e-05, 5.12878505106e-05, 5.3460815252e-05, 3.71585229004e-05, 6.45599720883e-06, 4.18474400021e-07, 1.00692576499e-09],
        "min": [9.51998657683e-09, 1.01541036202e-06, 1.15693785574e-06, 2.87376815322e-06, 2.26942738664e-05, 8.81647974893e-06, 1.37066945172e-06, 5.57722557915e-07, 1.584810434e-06, 1.51834035478e-06, 1.37640518005e-06, 8.80575555584e-07, 1.52891527705e-06, 5.57071587082e-07, 4.82164580262e-07, 5.54061330149e-07, 5.5282799849e-07, 3.9823154907e-07, 3.05650758037e-07, 6.3686940166e-08, 1.26145721424e-07, 3.38611059192e-08, 2.11160191554e-08, 4.44515570186e-11, 2.1277668863e-11, 3.18001007471e-11, 4.17891554694e-11],
        "stdev": [2.24311133934e-05, 0.00123975903261, 0.00376848387532, 0.00315935304388, 0.00671336706728, 0.00558452447876, 0.00577658321708, 0.00297903991304, 0.00140998978168, 0.00118668866344, 0.00101012643427, 0.00154583179392, 0.00196468317881, 0.00127889378928, 0.000799766217824, 0.000757007277571, 0.000884506443981, 0.000533470127266, 0.00117842666805, 9.94270376395e-05, 0.000185528449947, 0.000151781277964, 0.000198315654416, 0.000196308275918, 3.02735661535e-05, 3.13655755235e-06, 5.72768055207e-09]
    },
    "erbbands": {
        "max": [0.187053442001, 5.6232714653, 40.4570388794, 53.9862213135, 171.248733521, 135.70854187, 255.90284729, 757.410827637, 685.986694336, 850.165771484, 971.88684082, 540.876037598, 823.139343262, 279.403137207, 603.807067871, 1413.42285156, 1356.01281738, 708.602416992, 680.238586426, 475.202331543, 422.361877441, 738.409667969, 363.825927734, 738.417175293, 581.707336426, 104.022865295, 82.802444458, 138.368041992, 57.9481582642, 79.3831634521, 93.4816894531, 142.200439453, 43.4396934509, 11.9051198959, 3.23357510567, 0.585625588894, 0.105906173587, 0.00232608849183, 0.000178501504706, 0.000101045159681],
        "mean": [0.0148901185021, 0.274449318647, 2.35713148117, 6.93648004532, 18.09324646, 17.8828697205, 18.0842037201, 26.7241592407, 33.6676940918, 32.5272407532, 23.6813488007, 11.2356863022, 11.9194755554, 11.0612468719, 15.8961219788, 17.7571201324, 25.2306213379, 18.6535415649, 16.4601478577, 15.5421419144, 21.095746994, 16.2261886597, 10.5405187607, 15.9805402756, 8.5251531601, 1.69337642193, 2.14609742165, 3.53293848038, 1.87244319916, 1.67801558971, 1.54046654701, 1.02859508991, 0.455389648676, 0.124595634639, 0.0254965182394, 0.00373716652393, 0.000527581956703, 1.85945373232e-05, 1.33227840706e-05, 2.6987552701e-05],
        "min": [7.68738827901e-05, 0.000229215598665, 0.00229904265143, 0.0191501248628, 0.0518613271415, 0.0787099897861, 0.0953975170851, 0.059581451118, 0.018596386537, 0.0250502228737, 0.016312174499, 0.0401934273541, 0.0835010707378, 0.0804483667016, 0.0486081391573, 0.0461296625435, 0.0659849494696, 0.0281120538712, 0.0326154306531, 0.0310408044606, 0.0297112762928, 0.0295436233282, 0.0255471114069, 0.0115505717695, 0.0128991417587, 0.00393481552601, 0.00346747413278, 0.00522114755586, 0.00146101869177, 0.00149605341721, 0.000683153339196, 6.02207073825e-05, 8.16588180896e-06, 2.48440619544e-06, 1.36847279464e-06, 8.70807809861e-07, 4.71209517627e-07, 1.12638105065e-07, 4.25998109677e-07, 5.42368070455e-07],
        "stdev": [0.0252269152552, 0.395472109318, 3.69917654991, 7.47826719284, 22.248374939, 18.638874054, 23.2546977997, 61.4675102234, 60.7245864868, 85.710144043, 61.8106117249, 27.6434402466, 41.1989784241, 24.4169139862, 48.1750068665, 54.7444725037, 88.4026489258, 60.8630447388, 51.3684234619, 36.1881065369, 44.6100883484, 49.410320282, 29.9990024567, 49.873550415, 38.8798103333, 5.97952842712, 5.50158262253, 8.97359085083, 5.37578392029, 5.45304584503, 5.72505998611, 6.07606554031, 1.97262740135, 0.560396850109, 0.14031560719, 0.0222406294197, 0.00401084823534, 9.12177420105e-05, 1.13593723654e-05, 1.89899928955e-05]
    },
    "gfcc": {
        "mean": [-65.542350769, 156.97958374, -137.195907593, 44.9987449646, -66.4594116211, -0.499729245901, -44.1492614746, -19.8130149841, -9.19456863403, -23.2649669647, -3.1269288063, -17.1548500061, -3.25678682327],
        "cov": [[3319.04541016, -1298.54443359, -337.734405518, 285.10546875, -505.25692749, 321.379394531, -382.166290283, 323.103759766, -56.8835029602, 61.0637321472, 58.6193809509, 17.7060432434, -87.441696167], [-1298.54443359, 1299.88085938, -77.8559265137, -276.376617432, 386.473693848, -326.72177124, 367.969543457, -267.696838379, 201.135848999, -113.910682678, 102.84703064, -41.6258583069, 56.890827179], [-337.734405518, -77.8559265137, 548.266540527, 79.8626251221, 29.9260959625, 117.959617615, -92.4794998169, 70.7388687134, -101.074440002, 73.4575424194, -60.09375, 12.3635978699, 24.724023819], [285.10546875, -276.376617432, 79.8626251221, 340.59552002, 29.4636974335, 73.553527832, -93.4234237671, 60.1069297791, 55.7288665771, 9.92115211487, 1.8794106245, -52.7126998901, 15.202999115], [-505.25692749, 386.473693848, 29.9260959625, 29.4636974335, 370.492706299, -88.2601394653, 48.2887268066, -52.0788116455, 80.1066818237, 30.9435405731, 1.97010397911, -35.1272621155, 17.2163734436], [321.379394531, -326.72177124, 117.959617615, 73.553527832, -88.2601394653, 297.220611572, -70.2390365601, 104.891609192, -60.3646354675, 43.1137046814, -3.54295086861, 16.0013465881, 32.9553527832], [-382.166290283, 367.969543457, -92.4794998169, -93.4234237671, 48.2887268066, -70.2390365601, 304.963226318, -49.3476295471, 38.8715667725, -58.1004447937, 29.8358783722, 34.8976249695, -6.7259554863], [323.103759766, -267.696838379, 70.7388687134, 60.1069297791, -52.0788116455, 104.891609192, -49.3476295471, 224.404754639, -36.7119064331, 41.0983009338, -7.84229135513, 15.7278594971, 14.3879747391], [-56.8835029602, 201.135848999, -101.074440002, 55.7288665771, 80.1066818237, -60.3646354675, 38.8715667725, -36.7119064331, 173.31048584, -11.8537931442, 42.9222145081, -38.935043335, 16.6934604645], [61.0637321472, -113.910682678, 73.4575424194, 9.92115211487, 30.9435405731, 43.1137046814, -58.1004447937, 41.0983009338, -11.8537931442, 146.337402344, -21.5227909088, 18.3058414459, -13.2682228088], [58.6193809509, 102.84703064, -60.09375, 1.8794106245, 1.97010397911, -3.54295086861, 29.8358783722, -7.84229135513, 42.9222145081, -21.5227909088, 106.524116516, 1.71888792515, 7.15876722336], [17.7060432434, -41.6258583069, 12.3635978699, -52.7126998901, -35.1272621155, 16.0013465881, 34.8976249695, 15.7278594971, -38.935043335, 18.3058414459, 1.71888792515, 115.902397156, 0.95623010397], [-87.441696167, 56.890827179, 24.724023819, 15.202999115, 17.2163734436, 32.9553527832, -6.7259554863, 14.3879747391, 16.6934604645, -13.2682228088, 7.15876722336, 0.95623010397, 103.824989319]],
        "icov": [[0.000740551389754, 1.29923055283e-05, 0.000756964145694, -0.000511956692208, 0.000639349396806, -0.000398718868382, 0.000732091255486, -0.000659691577312, 4.87443685415e-05, -0.000139506912092, -0.000351376511389, -0.000266064977041, 0.000671682297252], [1.29923055283e-05, 0.0117074688897, -0.00485131703317, 0.00939626339823, -0.00755035458133, 0.00474657351151, -0.00784256029874, 0.00510079972446, -0.0078179622069, 0.00376078533009, -0.00711142644286, 0.00465313950554, -0.00590922916308], [0.000756964145694, -0.00485131703317, 0.0053688492626, -0.00505899684504, 0.00324296508916, -0.00284307776019, 0.00415247632191, -0.00285687972791, 0.00488894898444, -0.00245829555206, 0.00326030538417, -0.00225698831491, 0.00248343287967], [-0.000511956692208, 0.00939626339823, -0.00505899684504, 0.0121605172753, -0.0068515627645, 0.0031012496911, -0.00569654908031, 0.00364193203859, -0.00850892160088, 0.00399235310033, -0.00529408827424, 0.0048675830476, -0.00467926077545], [0.000639349396806, -0.00755035458133, 0.00324296508916, -0.0068515627645, 0.00914311315864, -0.00233628111891, 0.00488842930645, -0.00332502275705, 0.00401001097634, -0.00410696817562, 0.00438652466983, -0.0022963124793, 0.00345869385637], [-0.000398718868382, 0.00474657351151, -0.00284307776019, 0.0031012496911, -0.00233628111891, 0.00734537513927, -0.00358956051059, 0.00120681908447, -0.00177398894448, 0.000297219026834, -0.00359673053026, 0.00212186481804, -0.00450599053875], [0.000732091255486, -0.00784256029874, 0.00415247632191, -0.00569654908031, 0.00488842930645, -0.00358956051059, 0.010581035167, -0.00409708917141, 0.0040957601741, -0.000659536686726, 0.00407740427181, -0.00523969018832, 0.00536549231037], [-0.000659691577312, 0.00510079972446, -0.00285687972791, 0.00364193203859, -0.00332502275705, 0.00120681908447, -0.00409708917141, 0.00865597743541, -0.00271856761537, 0.000492816383485, -0.00292987446301, 0.00186232116539, -0.00381525233388], [4.87443685415e-05, -0.0078179622069, 0.00488894898444, -0.00850892160088, 0.00401001097634, -0.00177398894448, 0.0040957601741, -0.00271856761537, 0.0153887514025, -0.00413769902661, 0.00180287600961, -0.000829440657981, 0.00182713021059], [-0.000139506912092, 0.00376078533009, -0.00245829555206, 0.00399235310033, -0.00410696817562, 0.000297219026834, -0.000659536686726, 0.000492816383485, -0.00413769902661, 0.010838387534, -0.000862580200192, -0.000796548265498, 0.000415421643993], [-0.000351376511389, -0.00711142644286, 0.00326030538417, -0.00529408827424, 0.00438652466983, -0.00359673053026, 0.00407740427181, -0.00292987446301, 0.00180287600961, -0.000862580200192, 0.0157640948892, -0.00377857754938, 0.0032317803707], [-0.000266064977041, 0.00465313950554, -0.00225698831491, 0.0048675830476, -0.0022963124793, 0.00212186481804, -0.00523969018832, 0.00186232116539, -0.000829440657981, -0.000796548265498, -0.00377857754938, 0.0130637977272, -0.00366752105765], [0.000671682297252, -0.00590922916308, 0.00248343287967, -0.00467926077545, 0.00345869385637, -0.00450599053875, 0.00536549231037, -0.00381525233388, 0.00182713021059, 0.000415421643993, 0.0032317803707, -0.00366752105765, 0.014832331799]]
    },
    "melbands": {
        "max": [0.00340758706443, 0.0161405112594, 0.012547290884, 0.0126198371872, 0.00809607002884, 0.0154509562999, 0.00990274362266, 0.00746796093881, 0.00636977562681, 0.00444924086332, 0.0041168211028, 0.00137405458372, 0.0019411201356, 0.00427855504677, 0.00116343796253, 0.00441961176693, 0.00141466257628, 0.0015574421268, 0.000723844161257, 0.00059172057081, 0.000531616038643, 0.000686274957843, 0.000558532599825, 0.000404053862439, 0.000651464913972, 0.000884605979081, 0.000152451684698, 7.17606380931e-05, 5.80018095206e-05, 7.46510922909e-05, 9.5102332125e-05, 3.84175691579e-05, 4.54676119261e-05, 5.0512211601e-05, 4.56163288618e-05, 9.81100747595e-05, 8.05862582638e-05, 2.61094701273e-05, 2.27875843848e-05, 8.880841051e-06],
        "mean": [0.000184136850294, 0.000955998839345, 0.00149726984091, 0.00140171439853, 0.000637982215267, 0.000601591658778, 0.000530583260115, 0.000337883917382, 0.00017265281349, 6.63335376885e-05, 5.93780496274e-05, 4.40046496806e-05, 4.95143940498e-05, 5.4271571571e-05, 4.80597373098e-05, 5.38336789759e-05, 3.24542634189e-05, 2.75247093668e-05, 2.0450057491e-05, 2.2630143576e-05, 2.39398850681e-05, 1.67585276358e-05, 1.23485224321e-05, 7.74579439167e-06, 1.39401236083e-05, 1.06873330878e-05, 1.44814873693e-06, 9.36224921588e-07, 1.13281043923e-06, 1.89355284874e-06, 1.98564725906e-06, 1.02312719719e-06, 9.47043190536e-07, 9.11508720947e-07, 8.9505277856e-07, 8.21534683837e-07, 5.42964187389e-07, 3.39325652021e-07, 1.98290436515e-07, 7.48393986783e-08],
        "min": [3.5310011981e-07, 1.0488611224e-06, 4.25964026363e-06, 4.75071919936e-06, 3.46561955666e-06, 1.35874347507e-06, 2.87211094019e-07, 2.38773679939e-07, 9.91117659055e-08, 2.22272205974e-07, 4.08130119922e-07, 2.89701034717e-07, 1.9663336559e-07, 1.00355812549e-07, 1.24292711234e-07, 1.12244336492e-07, 4.43507524039e-08, 5.86299933047e-08, 3.13477954705e-08, 3.92796550841e-08, 3.76349618136e-08, 2.91834467703e-08, 3.57209870572e-08, 1.32528903407e-08, 8.03524180526e-09, 1.55183510486e-08, 2.69333644276e-09, 2.46683118377e-09, 1.70189984328e-09, 3.11103343087e-09, 2.78242184848e-09, 6.59289900451e-10, 7.66434027355e-10, 7.33638594319e-10, 3.43034933792e-10, 1.62698569894e-11, 4.23806443498e-13, 4.4722325886e-13, 3.1459779443e-13, 1.45734701975e-13],
        "stdev": [0.000255415769061, 0.00137022056151, 0.00134207867086, 0.00164199667051, 0.000720627256669, 0.0012559966417, 0.00101465336047, 0.00081903784303, 0.000425364036346, 0.000202033843379, 0.000211304330151, 0.000106206804048, 0.000156231413712, 0.000206925018574, 0.00010596512584, 0.00024876309908, 0.000116200913908, 9.74283757387e-05, 5.77925129619e-05, 4.8008543672e-05, 5.40850778634e-05, 5.20879038959e-05, 4.02043297072e-05, 2.37414442381e-05, 4.40577750851e-05, 5.29951830686e-05, 6.01360670771e-06, 3.75728700419e-06, 3.13625560011e-06, 4.68713324153e-06, 5.42067618881e-06, 3.18723914461e-06, 2.93951643471e-06, 3.103165227e-06, 2.9736347642e-06, 4.5298374971e-06, 3.35281038133e-06, 1.47329888023e-06, 8.3887209712e-07, 3.8888450149e-07]
    },
    "melbands128": {
        "max": [0.000231145706493, 0.00132930499967, 0.0039201551117, 0.0108558712527, 0.0202624127269, 0.0196866374463, 0.013671153225, 0.0223039910197, 0.0236678272486, 0.0198795609176, 0.010231143795, 0.0134356915951, 0.0104242451489, 0.0136096635833, 0.016521545127, 0.0300690066069, 0.0210873205215, 0.0137673802674, 0.0220513325185, 0.0159083995968, 0.0095693282783, 0.0179908517748, 0.00516635552049, 0.00279942317866, 0.00256543443538, 0.0101180337369, 0.0060951365158, 0.00793004129082, 0.00669714482501, 0.0024326632265, 0.00112486153375, 0.00158485537395, 0.00354456715286, 0.00315221212804, 0.00517405290157, 0.00939007103443, 0.00287483050488, 0.00193265406415, 0.00225184997544, 0.00596016645432, 0.00865456927568, 0.00343112810515, 0.00319905742072, 0.00199578260072, 0.00436919881031, 0.00180164643098, 0.00235365796834, 0.000748335907701, 0.00185082119424, 0.00157803529873, 0.000564990798011, 0.00140938046388, 0.000871317868587, 0.000770208833274, 0.00186754169408, 0.000674482900649, 0.00234268466011, 0.000974595139269, 0.000511834805366, 0.000593331293203, 0.000293432385661, 0.000928219233174, 0.000525541137904, 0.000631480186712, 0.00225688284263, 0.00167228933424, 0.00090029661078, 0.000148676772369, 4.616046499e-05, 0.000138207949931, 0.000104001621366, 8.2124992332e-05, 4.25584403274e-05, 8.27559706522e-05, 5.50231889065e-05, 7.21646792954e-05, 0.000102655518276, 0.000149535160745, 8.67232956807e-05, 0.000102210513433, 5.10121062689e-05, 4.320377775e-05, 4.50614097645e-05, 5.22372502019e-05, 6.7078632128e-05, 5.96670142841e-05, 6.11827199464e-05, 5.684046846e-05, 3.68790315406e-05, 5.66612870898e-05, 0.000125276128529, 8.48084819154e-05, 0.000115476577776, 0.00012155836157, 4.03019221267e-05, 4.50354600616e-05, 2.38348638959e-05, 3.26614062942e-05, 3.58436300303e-05, 9.36368087423e-06, 8.00211364549e-06, 1.16403070933e-05, 9.63048933045e-06, 7.41262010706e-06, 3.80251708521e-06, 1.43996282986e-06, 9.27229109493e-07, 6.99266138326e-07, 2.03731610782e-06, 1.58017519425e-06, 1.2938043028e-06, 8.65833044372e-07, 1.53749311949e-07, 4.24550972156e-09, 2.60630494964e-09, 1.3659566811e-09, 9.80762693281e-10, 9.44983313822e-10, 9.23957577115e-10, 8.94365526083e-10, 8.73937866519e-10, 8.67121541237e-10, 8.40641389832e-10, 8.30979340893e-10, 8.15586320702e-10, 8.08976163835e-10, 8.02712618597e-10, 7.97771460004e-10],
        "mean": [8.39532549435e-06, 8.34121092339e-05, 0.000208423036383, 0.000464595999802, 0.00104092422407, 0.00121883105021, 0.0013825801434, 0.00137359159999, 0.00201401673257, 0.00168711075094, 0.000800806214102, 0.000682558456901, 0.000603100517765, 0.000582939188462, 0.00054177781567, 0.000702171702869, 0.00053891557036, 0.000487601384521, 0.000560766318813, 0.000329971779138, 0.00025450711837, 0.000267721421551, 0.000152078122483, 0.000101244135294, 5.8279158111e-05, 5.51772827748e-05, 7.24638812244e-05, 5.60973348911e-05, 5.60320841032e-05, 4.45325240435e-05, 3.89804117731e-05, 4.18156341766e-05, 5.69536314288e-05, 3.8881898945e-05, 7.58976239013e-05, 5.09237943334e-05, 3.20255494444e-05, 5.10568279424e-05, 5.47727504454e-05, 6.17579717073e-05, 5.95691053604e-05, 2.80417698377e-05, 3.70535854017e-05, 2.46879171755e-05, 4.05581195082e-05, 2.26531865337e-05, 2.30953846767e-05, 1.93121995835e-05, 2.0438375941e-05, 2.07215671253e-05, 1.80712195288e-05, 3.01082382066e-05, 3.10262985295e-05, 1.85452536243e-05, 1.55155885295e-05, 1.59778592206e-05, 1.94028016267e-05, 1.35316477099e-05, 1.02653229987e-05, 9.18468776945e-06, 5.40668406757e-06, 8.50901324156e-06, 1.12722627819e-05, 1.55105808517e-05, 1.86637917068e-05, 1.2931162928e-05, 4.54541850559e-06, 1.67854011579e-06, 7.31188436021e-07, 9.38469099765e-07, 1.01981743228e-06, 8.48268939535e-07, 9.93041453512e-07, 1.19732339954e-06, 1.26682255086e-06, 1.47759828906e-06, 2.24539508054e-06, 3.02726743939e-06, 1.80861695753e-06, 1.25233714243e-06, 9.84033590612e-07, 9.75494572231e-07, 9.48860417793e-07, 9.18827424812e-07, 9.73981173047e-07, 9.57543988989e-07, 8.75173384429e-07, 8.55824282553e-07, 9.10686139832e-07, 9.21642879348e-07, 8.37810091525e-07, 8.26939015042e-07, 7.43103328205e-07, 5.51284585981e-07, 4.10921643379e-07, 3.62429972256e-07, 3.29704562319e-07, 3.01131052538e-07, 2.28676228176e-07, 1.31340698317e-07, 8.2829487269e-08, 6.72272690849e-08, 6.01134217959e-08, 4.75835619795e-08, 2.08279189451e-08, 1.2317027398e-08, 6.53441833975e-09, 5.27524468552e-09, 5.89371795812e-09, 4.96214402901e-09, 4.56924631465e-09, 2.26012653037e-09, 7.32963467698e-10, 1.9283512287e-11, 1.27823116675e-11, 1.18519430381e-11, 6.51407747188e-12, 4.48134368156e-12, 4.37669822259e-12, 4.27282775134e-12, 4.1418630678e-12, 4.06124005953e-12, 3.98351707523e-12, 3.91586242598e-12, 3.80190930821e-12, 3.64769933009e-12, 3.5603089487e-12, 3.53251152288e-12],
        "min": [3.16351922436e-09, 1.19514691477e-08, 4.16912300238e-08, 2.34717376202e-07, 3.45263515555e-07, 5.88884802255e-07, 3.61557567885e-06, 9.76598130364e-07, 4.56505586044e-06, 3.18630077345e-06, 1.99103942577e-06, 2.18657714868e-06, 2.70213058684e-06, 2.92983543204e-07, 2.85825109358e-07, 3.28222057533e-07, 2.28431929372e-07, 2.02199117894e-07, 2.316813692e-07, 2.30857608585e-07, 1.49102163505e-07, 2.53655656479e-08, 1.70475047412e-08, 1.04238118581e-07, 1.3609871985e-07, 2.32746888429e-08, 5.91274726958e-08, 1.33695564841e-07, 9.01285091004e-08, 8.80595649733e-08, 2.38580781797e-08, 2.11330206668e-08, 3.92985022302e-08, 2.12694732937e-08, 8.61112958717e-09, 1.68269629341e-08, 3.87519776268e-08, 4.70909071737e-08, 2.39802862012e-08, 4.41303456e-08, 2.08493950993e-08, 3.54539899661e-08, 9.95861970665e-09, 2.41191209227e-08, 5.14526732331e-08, 2.92971886751e-08, 2.14703526069e-08, 9.10921826858e-09, 3.46626656267e-08, 3.30288401074e-08, 3.18439710156e-08, 1.99765253228e-08, 2.72355951125e-08, 5.3397538835e-08, 2.20355271807e-08, 1.27371553305e-08, 2.21817444412e-08, 2.25777672114e-08, 3.60947502998e-08, 1.62440851881e-08, 1.32804753861e-08, 8.28427726418e-09, 3.14036951998e-09, 3.65889696319e-09, 1.20752137178e-08, 4.23230606117e-09, 2.44455122811e-09, 1.51734280696e-09, 1.2213136058e-09, 2.67733235582e-09, 2.30137442436e-09, 8.80699513317e-10, 1.19237819618e-09, 1.55505230914e-09, 1.80486436907e-09, 1.70692271428e-09, 4.4595895865e-09, 4.28083257731e-09, 2.76283018685e-09, 8.81054507129e-10, 6.26846852203e-10, 2.64585159337e-10, 1.09624503919e-10, 5.66038327321e-10, 5.07327624355e-10, 1.07859193799e-10, 5.72074297656e-11, 8.79478573301e-11, 6.57910115276e-11, 1.10870410075e-11, 7.33581771717e-12, 7.07899776124e-13, 4.82344199304e-13, 2.78128133588e-13, 2.2476553225e-13, 3.6406720195e-13, 2.67933407665e-13, 3.11359418066e-13, 2.69385425425e-13, 1.68491373739e-13, 1.2603382693e-13, 1.40603417039e-13, 9.37997848339e-14, 1.52916172563e-13, 1.21514858722e-13, 1.63799786994e-13, 1.46571949998e-13, 1.53423416549e-13, 1.29969101345e-13, 1.13280451642e-13, 1.03093721711e-13, 1.3997276374e-13, 1.34946158523e-13, 1.06427399445e-13, 1.02966870056e-13, 1.1658813563e-13, 1.36947555076e-13, 1.41007634714e-13, 1.28043111053e-13, 1.35454175003e-13, 1.36740228515e-13, 1.35264968172e-13, 1.28509480618e-13, 1.05809099275e-13, 8.97967884403e-14, 3.30367921604e-14, 5.53540435602e-15, 1.49064775585e-16],
        "stdev": [1.95391912712e-05, 0.000197408546228, 0.000363937753718, 0.000752055901103, 0.00192075385712, 0.00181372149382, 0.00179422541987, 0.00157437671442, 0.00281105516478, 0.00264048296958, 0.000994687434286, 0.000992146669887, 0.00101838295814, 0.000992075540125, 0.00144598446786, 0.00227045174688, 0.00118306966033, 0.00132640136871, 0.00202910858206, 0.00122472189832, 0.000717229093425, 0.00103375036269, 0.000438830262283, 0.000215771156945, 0.000171032021171, 0.000398807605961, 0.000344534142641, 0.000291601376375, 0.000293870747555, 0.000162390904734, 0.000101442325104, 0.000118628850032, 0.000256127648754, 0.000191666389583, 0.000330427690642, 0.000319277460221, 0.000147346203448, 0.000130169108161, 0.000177736365004, 0.000317750789691, 0.000398722157115, 0.000155369227286, 0.000211854814552, 0.000112865789561, 0.000220258822083, 9.92458735709e-05, 0.000133213688969, 6.92469839123e-05, 7.97597385827e-05, 7.34490895411e-05, 4.8033609346e-05, 9.36498763622e-05, 8.42365916469e-05, 5.82145330554e-05, 7.69536418375e-05, 5.65264490433e-05, 0.000110050787043, 5.9653804783e-05, 3.82212710974e-05, 3.71502173948e-05, 2.00354297704e-05, 3.73210277758e-05, 3.65749365301e-05, 5.56138402317e-05, 0.000101837948023, 8.50630531204e-05, 3.01702366414e-05, 7.07708386471e-06, 2.660239943e-06, 5.41342978977e-06, 5.15302781423e-06, 3.33244429385e-06, 2.74423905466e-06, 4.04801585319e-06, 3.95576944356e-06, 4.70246459372e-06, 5.99435497861e-06, 8.45860540721e-06, 5.50986851522e-06, 4.8091123972e-06, 3.56246709998e-06, 3.27336852024e-06, 2.86459589915e-06, 3.16127761835e-06, 3.46542196894e-06, 3.49421020474e-06, 3.31621731675e-06, 2.93163861897e-06, 2.90355637844e-06, 3.63235130862e-06, 4.98014151162e-06, 4.88957266498e-06, 5.09929577674e-06, 4.11121709476e-06, 2.20515858018e-06, 1.9386495751e-06, 1.39739324823e-06, 1.2614549405e-06, 1.14034492071e-06, 5.40972848739e-07, 4.31275850588e-07, 4.27687155025e-07, 3.94573874019e-07, 3.49063839167e-07, 1.32031161115e-07, 7.50103197333e-08, 3.76133506563e-08, 3.27650511167e-08, 6.46151150363e-08, 5.04098345289e-08, 5.13008728831e-08, 2.54710830205e-08, 6.5983454256e-09, 1.54119175755e-10, 8.82510522993e-11, 6.70868707808e-11, 3.62346784522e-11, 2.64290568597e-11, 2.5806785528e-11, 2.50225621473e-11, 2.4428844364e-11, 2.42065378159e-11, 2.34839214047e-11, 2.32058972732e-11, 2.27852094831e-11, 2.25939857101e-11, 2.24208551031e-11, 2.22845249198e-11]
    },
    "mfcc": {
        "mean": [-693.363342285, 163.116882324, -3.57358026505, 31.7029857635, 2.4038541317, 8.94867992401, -19.0825233459, -0.189865380526, -11.3192815781, -9.11329650879, -6.20992469788, -1.74175846577, -6.7147154808],
        "cov": [[3676.23095703, -1524.25964355, 38.959651947, -272.237854004, -12.6504211426, -163.92024231, -183.750030518, 113.229415894, -82.3698348999, -58.2069473267, 239.405853271, 62.3399772644, -82.71534729], [-1524.25964355, 1518.22802734, -388.983398438, 146.717071533, -130.420837402, 79.2484207153, 42.1982460022, -22.7246627808, 14.5429353714, -7.42007303238, -33.7873649597, 4.55984115601, 87.2295227051], [38.959651947, -388.983398438, 536.594482422, -80.7611618042, 85.0712585449, -7.0840010643, 73.3125076294, -10.0044193268, 26.2028217316, -17.5512332916, -42.0911750793, 9.61124610901, 9.91031837463], [-272.237854004, 146.717071533, -80.7611618042, 315.006072998, 74.1754608154, 30.1057281494, -45.7213439941, 2.44764113426, 8.78691864014, 82.4667129517, -12.6644096375, -23.6218605042, 5.43810558319], [-12.6504211426, -130.420837402, 85.0712585449, 74.1754608154, 378.229949951, 9.458527565, -12.446844101, -77.7556838989, 46.6039047241, 80.3989028931, 22.574716568, -62.20154953, 15.7393732071], [-163.92024231, 79.2484207153, -7.0840010643, 30.1057281494, 9.458527565, 183.025054932, 3.76816749573, -5.90902614594, -3.29675889015, 22.7146949768, -6.53030252457, 8.26925945282, 7.82168960571], [-183.750030518, 42.1982460022, 73.3125076294, -45.7213439941, -12.446844101, 3.76816749573, 175.373748779, 39.178024292, 28.6486797333, -11.2195463181, -1.56093561649, 18.6187725067, -11.4974660873], [113.229415894, -22.7246627808, -10.0044193268, 2.44764113426, -77.7556838989, -5.90902614594, 39.178024292, 172.350814819, -4.83868312836, 2.11646509171, -6.83784341812, 39.1874160767, -34.5728225708], [-82.3698348999, 14.5429353714, 26.2028217316, 8.78691864014, 46.6039047241, -3.29675889015, 28.6486797333, -4.83868312836, 130.440597534, 16.8318824768, 7.98297309875, -2.314712286, -3.35193681717], [-58.2069473267, -7.42007303238, -17.5512332916, 82.4667129517, 80.3989028931, 22.7146949768, -11.2195463181, 2.11646509171, 16.8318824768, 162.129806519, 0.862315297127, -16.6116046906, -26.3178730011], [239.405853271, -33.7873649597, -42.0911750793, -12.6644096375, 22.574716568, -6.53030252457, -1.56093561649, -6.83784341812, 7.98297309875, 0.862315297127, 136.137832642, 16.9520301819, 12.1885795593], [62.3399772644, 4.55984115601, 9.61124610901, -23.6218605042, -62.20154953, 8.26925945282, 18.6187725067, 39.1874160767, -2.314712286, -16.6116046906, 16.9520301819, 112.13356781, -13.8757743835], [-82.71534729, 87.2295227051, 9.91031837463, 5.43810558319, 15.7393732071, 7.82168960571, -11.4974660873, -34.5728225708, -3.35193681717, -26.3178730011, 12.1885795593, -13.8757743835, 125.212791443]],
        "icov": [[0.000721750198863, 0.000732903601602, 0.000365839223377, 0.00035891472362, 2.52495574387e-05, 0.000220237154281, 0.000613842858002, -0.000493149738759, 0.000157361151651, 0.00011481315596, -0.000934815907385, -0.000166216123034, -7.41425101296e-05], [0.000732903601602, 0.00178368564229, 0.00119355611969, -4.91637692903e-05, 0.000332513009198, -6.20818100288e-05, -0.000118735311844, -0.000119693344459, -9.66739607975e-05, 0.000164378274349, -0.000416046765167, -0.000368315872038, -0.000901007733773], [0.000365839223377, 0.00119355611969, 0.00314061017707, 0.000476540037198, -0.000568203104194, -1.58283528435e-05, -0.00106283393688, 9.28086374188e-05, -0.000259114720393, 0.000268815900199, 0.000959257769864, -0.000824223039672, -0.000993793131784], [0.00035891472362, -4.91637692903e-05, 0.000476540037198, 0.00448302505538, -0.000767946359701, -0.000188649180927, 0.00140376586933, -0.00102833891287, -4.13953530369e-05, -0.00162137357984, 3.01561249216e-05, 0.000132800400024, -0.000337909004884], [2.52495574387e-05, 0.000332513009198, -0.000568203104194, -0.000767946359701, 0.0040783919394, -9.79205215117e-05, -0.000172258485691, 0.00142165564466, -0.000959163357038, -0.00148231920321, -0.000912683724891, 0.00151635601651, -0.00034681847319], [0.000220237154281, -6.20818100288e-05, -1.58283528435e-05, -0.000188649180927, -9.79205215117e-05, 0.00589033123106, -2.06225377042e-05, 0.000153340937686, 0.000434855319327, -0.00080194248585, -1.75622247411e-07, -0.000852544559166, -0.000368389562936], [0.000613842858002, -0.000118735311844, -0.00106283393688, 0.00140376586933, -0.000172258485691, -2.06225377042e-05, 0.00795802101493, -0.00226068100892, -0.0011947840685, 0.000280834850855, -0.00126765947789, -0.000272204604698, 0.000761121918913], [-0.000493149738759, -0.000119693344459, 9.28086374188e-05, -0.00102833891287, 0.00142165564466, 0.000153340937686, -0.00226068100892, 0.00795817002654, 5.94954326516e-05, -0.000627514615189, 0.00101908005308, -0.00167363591027, 0.00118144135922], [0.000157361151651, -9.66739607975e-05, -0.000259114720393, -4.13953530369e-05, -0.000959163357038, 0.000434855319327, -0.0011947840685, 5.94954326516e-05, 0.00856043025851, -0.000467717152787, -0.00072384957457, -0.000193517640582, 0.00037359984708], [0.00011481315596, 0.000164378274349, 0.000268815900199, -0.00162137357984, -0.00148231920321, -0.00080194248585, 0.000280834850855, -0.000627514615189, -0.000467717152787, 0.00835867784917, -0.00030872222851, 0.000488290272187, 0.00192793190945], [-0.000934815907385, -0.000416046765167, 0.000959257769864, 3.01561249216e-05, -0.000912683724891, -1.75622247411e-07, -0.00126765947789, 0.00101908005308, -0.00072384957457, -0.00030872222851, 0.00977730751038, -0.00189968768973, -0.00137175200507], [-0.000166216123034, -0.000368315872038, -0.000824223039672, 0.000132800400024, 0.00151635601651, -0.000852544559166, -0.000272204604698, -0.00167363591027, -0.000193517640582, 0.000488290272187, -0.00189968768973, 0.0111496504396, 0.00109974399675], [-7.41425101296e-05, -0.000901007733773, -0.000993793131784, -0.000337909004884, -0.00034681847319, -0.000368389562936, 0.000761121918913, 0.00118144135922, 0.00037359984708, 0.00192793190945, -0.00137175200507, 0.00109974399675, 0.00979177840054]]
    },
    "spectral_contrast_coeffs": {
        "max": [-0.424019277096, -0.462164223194, -0.499066114426, -0.532803535461, -0.527831435204, -0.428240925074],
        "mean": [-0.642324388027, -0.712493598461, -0.756229221821, -0.768073439598, -0.768126189709, -0.661540329456],
        "min": [-0.920434236526, -0.889930903912, -0.900123953819, -0.922257125378, -0.887321352959, -0.870981216431],
        "stdev": [0.0695830434561, 0.0781371593475, 0.0667009577155, 0.0653297454119, 0.0695917829871, 0.0655538737774]
    },
    "spectral_contrast_valleys": {
        "max": [-5.23379135132, -5.3461432457, -6.09433174133, -6.59108352661, -6.39821052551, -7.94691181183],
        "mean": [-6.65508460999, -6.87898159027, -7.94145202637, -8.07971286774, -8.52726364136, -12.5020446777],
        "min": [-8.8160200119, -9.13326740265, -9.54671478271, -9.63262844086, -10.8734550476, -16.5218849182],
        "stdev": [0.492849349976, 0.486583769321, 0.513515889645, 0.476412445307, 0.498003900051, 1.369769454]
    }
},
"rhythm": {
    "beats_count": 63,
    "beats_loudness": {
        "max": 0.0719466358423,
        "mean": 0.0313037596643,
        "min": 0.00103734433651,
        "stdev": 0.0179238189012
    },
    "bpm": 119.964515686,
    "bpm_histogram_first_peak_bpm": 120,
    "bpm_histogram_first_peak_weight": 0.604651153088,
    "bpm_histogram_second_peak_bpm": 115,
    "bpm_histogram_second_peak_spread": 0.466666638851,
    "bpm_histogram_second_peak_weight": 0.129032254219,
    "danceability": 1.10020208359,
    "onset_rate": 2.55322241783,
    "beats_loudness_band_ratio": {
        "max": [0.790704727173, 0.922053933144, 0.711118400097, 0.564956128597, 0.249319523573, 0.306555330753],
        "mean": [0.397875458002, 0.359572827816, 0.190225362778, 0.0986175909638, 0.050034917891, 0.0217489991337],
        "min": [0.0111413346604, 0.0348840728402, 0.00834911502898, 0.00279720826074, 0.00203073420562, 0.000396879710024],
        "stdev": [0.209375277162, 0.220604985952, 0.166411623359, 0.121286854148, 0.0536099411547, 0.0493545122445]
    },
    "beats_position": [0.49922901392, 1.01006805897, 1.52090704441, 2.03174591064, 2.55419492722, 3.08825397491, 3.62231278419, 4.1679816246, 4.7020406723, 5.23609972, 5.75854873657, 6.26938772202, 6.78022670746, 7.27945566177, 7.77868461609, 8.28952407837, 8.8119726181, 9.31120204926, 9.81043052673, 10.3096599579, 10.8204984665, 11.3081178665, 11.7957363129, 12.2833557129, 12.782585144, 13.2818136215, 13.7810430527, 14.2802715302, 14.7911109924, 15.2903394699, 15.7895689011, 16.2887973785, 16.7764167786, 17.2640361786, 17.7632656097, 18.2624931335, 18.7617225647, 19.272562027, 19.760181427, 20.2361907959, 20.7238082886, 21.2114276886, 21.6874370575, 22.1518363953, 22.6394557953, 23.1270751953, 23.614692688, 24.1487522125, 24.6712017059, 25.1936511993, 25.7277088165, 26.2617683411, 26.7726078033, 27.2834453583, 27.7942848206, 28.3051242828, 28.804353714, 29.3035831451, 29.8144207001, 30.3252601624, 30.8477096558, 31.3701572418, 31.8926067352],
