{
"metadata": {
    "version": {
        "essentia": "2.1-beta5",
        "essentia_git_sha": "Undefined",
        "extractor": "music 2.0"
    },
    "audio_properties": {
        "analysis": {
            "equal_loudness": 0,
            "length": 26.8422679901,
            "sample_rate": 44100,
            "start_time": 175.240997314,
            "downmix": "mix"
        },
        "bit_rate": 192000,
        "length": 202.106491089,
        "lossless": 0,
        "number_channels": 2,
        "replay_gain": -9.28017425537,
        "sample_rate": 44100,
        "codec": "mp3",
        "md5_encoded": "8229b80893ea1923d156fbf8499f0a4d"
    },
    "tags": {
        "file_name": "Serbia_Nije Ljubav Stvar_Željko Joksimović.mp3",
        "encoding": ["Lavf58.29.100"]
    }
},
"lowlevel": {
    "average_loudness": 0.88857448101,
    "barkbands_crest": {
        "max": 23.5792331696,
        "mean": 9.63946247101,
        "min": 3.24237060547,
        "stdev": 3.62846279144
    },
    "barkbands_flatness_db": {
        "max": 0.310303002596,
        "mean": 0.145061373711,
        "min": 0.0350870937109,
        "stdev": 0.0573957562447
    },
    "barkbands_kurtosis": {
        "max": 27.6961784363,
        "mean": 2.2728676796,
        "min": -1.90114402771,
        "stdev": 3.2361676693
    },
    "barkbands_skewness": {
        "max": 4.09576416016,
        "mean": 1.02080976963,
        "min": -1.81098842621,
        "stdev": 0.868890821934
    },
    "barkbands_spread": {
        "max": 100.063606262,
        "mean": 19.337348938,
        "min": 1.99489569664,
        "stdev": 15.4523200989
    },
    "dissonance": {
        "max": 0.5,
        "mean": 0.465185701847,
        "min": 0.310268253088,
        "stdev": 0.0290473159403
    },
    "dynamic_complexity": 3.59388113022,
    "erbbands_crest": {
        "max": 28.8195285797,
        "mean": 10.4935159683,
        "min": 2.54589700699,
        "stdev": 4.38408565521
    },
    "erbbands_flatness_db": {
        "max": 0.373360902071,
        "mean": 0.202188298106,
        "min": 0.0658729821444,
        "stdev": 0.0718076080084
    },
    "erbbands_kurtosis": {
        "max": 19.7757434845,
        "mean": 1.84532880783,
        "min": -1.81228542328,
        "stdev": 2.79645729065
    },
    "erbbands_skewness": {
        "max": 3.91238260269,
        "mean": 0.853236556053,
        "min": -3.22967791557,
        "stdev": 0.873688578606
    },
    "erbbands_spread": {
        "max": 99.2194900513,
        "mean": 25.2280292511,
        "min": 4.93882226944,
        "stdev": 15.5787982941
    },
    "hfc": {
        "max": 207.037109375,
        "mean": 29.3688755035,
        "min": 2.76069762606e-08,
        "stdev": 27.4034786224
    },
    "loudness_ebu128": {
        "integrated": -14.2475223541,
        "loudness_range": 8.64426040649,
        "momentary": {
            "max": -11.4289894104,
            "mean": -15.8167657852,
            "min": -39.0079040527,
            "stdev": 4.43011903763
        },
        "short_term": {
            "max": -12.0976924896,
            "mean": -15.1362829208,
            "min": -24.2115726471,
            "stdev": 3.18165826797
        }
    },
    "melbands_crest": {
        "max": 30.9575710297,
        "mean": 12.0571880341,
        "min": 2.85032081604,
        "stdev": 4.66081762314
    },
    "melbands_flatness_db": {
        "max": 0.326808154583,
        "mean": 0.169910222292,
        "min": 0.0117876846343,
        "stdev": 0.0417237319052
    },
    "melbands_kurtosis": {
        "max": 50.3760566711,
        "mean": 5.66797399521,
        "min": -1.75553369522,
        "stdev": 6.08508014679
    },
    "melbands_skewness": {
        "max": 6.49466323853,
        "mean": 1.56150567532,
        "min": -1.04479777813,
        "stdev": 1.06081008911
    },
    "melbands_spread": {
        "max": 188.153839111,
        "mean": 25.145324707,
        "min": 2.83483743668,
        "stdev": 21.8120822906
    },
    "pitch_salience": {
        "max": 0.908558547497,
        "mean": 0.610074579716,
        "min": 0.19561868906,
        "stdev": 0.110081382096
    },
    "silence_rate_20dB": {
        "max": 1,
        "mean": 1,
        "min": 1,
        "stdev": 0
    },
    "silence_rate_30dB": {
        "max": 1,
        "mean": 1,
        "min": 1,
        "stdev": 0
    },
    "silence_rate_60dB": {
        "max": 1,
        "mean": 0.0847018137574,
        "min": 0,
        "stdev": 0.278437525034
    },
    "spectral_centroid": {
        "max": 4409.31884766,
        "mean": 1452.33618164,
        "min": 461.631500244,
        "stdev": 578.518981934
    },
    "spectral_complexity": {
        "max": 56,
        "mean": 19.5462398529,
        "min": 0,
        "stdev": 8.03700637817
    },
    "spectral_decrease": {
        "max": -6.35602093018e-20,
        "mean": -6.70892497112e-09,
        "min": -2.08491783837e-08,
        "stdev": 4.73993111427e-09
    },
    "spectral_energy": {
        "max": 0.0847190916538,
        "mean": 0.0279848668724,
        "min": 2.74392596318e-12,
        "stdev": 0.0194977857172
    },
    "spectral_energyband_high": {
        "max": 0.0274745114148,
        "mean": 0.00140006956644,
        "min": 1.96909849537e-12,
        "stdev": 0.00338383251801
    },
    "spectral_energyband_low": {
        "max": 0.0449374802411,
        "mean": 0.00529154576361,
        "min": 3.28973739255e-14,
        "stdev": 0.00703736487776
    },
    "spectral_energyband_middle_high": {
        "max": 0.0642957463861,
        "mean": 0.00945957936347,
        "min": 3.84772373468e-13,
        "stdev": 0.0090759601444
    },
    "spectral_energyband_middle_low": {
        "max": 0.0674781873822,
        "mean": 0.0124432854354,
        "min": 1.68239134104e-13,
        "stdev": 0.0116383936256
    },
    "spectral_entropy": {
        "max": 8.73587703705,
        "mean": 7.69916915894,
        "min": 6.88665151596,
        "stdev": 0.320098876953
    },
    "spectral_flux": {
        "max": 0.222030475736,
        "mean": 0.0886118859053,
        "min": 3.20190702041e-06,
        "stdev": 0.0431319028139
    },
    "spectral_kurtosis": {
        "max": 17.862361908,
        "mean": 4.04998159409,
        "min": -0.829852342606,
        "stdev": 2.29713988304
    },
    "spectral_rms": {
        "max": 0.0090913567692,
        "mean": 0.00480764452368,
        "min": 5.17397431565e-08,
        "stdev": 0.0020466777496
    },
    "spectral_rolloff": {
        "max": 18690.8203125,
        "mean": 1721.78149414,
        "min": 129.19921875,
        "stdev": 1484.76525879
    },
    "spectral_skewness": {
        "max": 3.03987455368,
        "mean": 1.54641962051,
        "min": 0.0536749474704,
        "stdev": 0.413215517998
    },
    "spectral_spread": {
        "max": 11794897,
        "mean": 4401112,
        "min": 2040309.625,
        "stdev": 1408287.625
    },
    "spectral_strongpeak": {
        "max": 12.5386285782,
        "mean": 1.74038255215,
        "min": 0,
        "stdev": 1.76403808594
    },
    "zerocrossingrate": {
        "max": 0.50146484375,
        "mean": 0.0689282640815,
        "min": 0.01513671875,
        "stdev": 0.0365869551897
    },
    "barkbands": {
        "max": [0.00429557915777, 0.0407120734453, 0.0209440793842, 0.0132799502462, 0.0297183170915, 0.0158920045942, 0.0330796949565, 0.0327642932534, 0.062675870955, 0.0295825898647, 0.0506110340357, 0.0402788110077, 0.0264274328947, 0.0198002103716, 0.0268467999995, 0.00568659603596, 0.00389468483627, 0.00317191728391, 0.00402059452608, 0.00277747935615, 0.0115488981828, 0.0118025420234, 0.0115871569142, 0.0109069040045, 0.00211387732998, 0.000908499700017, 9.519415471e-06],
        "mean": [0.00019378005527, 0.00351852155291, 0.00121007207781, 0.000684050028212, 0.00126187980641, 0.000888305250555, 0.00206808093935, 0.00160448742099, 0.00536043057218, 0.00173502333928, 0.00235695904121, 0.00184043089394, 0.00112135068048, 0.000891918141861, 0.000611738301814, 0.00030843258719, 0.000346331420587, 0.000255305902101, 0.000244486349402, 0.000174979039002, 0.000258553714957, 0.000345270818798, 0.000324576132698, 0.00025735879899, 8.83286556927e-05, 3.38280879078e-05, 3.94953758587e-07],
        "min": [2.00442317095e-14, 1.12723203913e-14, 1.11122114707e-15, 5.25227681714e-15, 1.28678577193e-14, 1.62098965164e-14, 1.8507092221e-14, 4.04969772451e-14, 7.18512231592e-14, 9.33824517008e-15, 1.63808887516e-14, 1.50305318864e-14, 1.39970204006e-14, 2.42262807038e-14, 5.78434869447e-14, 3.45935370735e-14, 5.73364462462e-14, 2.82408611199e-14, 5.76199447855e-14, 2.02486397332e-13, 1.02563770465e-13, 3.42896284283e-14, 3.01516841009e-13, 1.83822548112e-13, 3.39317143177e-13, 3.81579072809e-13, 5.06969141147e-13],
        "stdev": [0.000410991546232, 0.00591039890423, 0.00166267855093, 0.00112078979146, 0.00215263478458, 0.00151002954226, 0.00425016321242, 0.00330622773618, 0.00844007451087, 0.00269228662364, 0.00432298937812, 0.00446962332353, 0.00217274576426, 0.00219899858348, 0.00193590961862, 0.000461730873212, 0.000407407816965, 0.000282490713289, 0.000304803164909, 0.000238907843595, 0.000668818247505, 0.00105864077341, 0.000968659762293, 0.000958096352406, 0.000199215384782, 7.90213307482e-05, 8.48095851325e-07]
    },
    "erbbands": {
        "max": [2.04026222229, 7.58576965332, 20.5829849243, 27.2415885925, 62.6491203308, 129.229141235, 124.60294342, 196.461730957, 347.109771729, 561.621459961, 1011.69506836, 1600.58532715, 1051.86987305, 1492.9720459, 1058.42468262, 1445.08227539, 1264.36914062, 673.003356934, 1719.43762207, 295.110809326, 260.546295166, 232.439483643, 168.756011963, 257.460906982, 124.369430542, 165.349761963, 369.063354492, 428.182830811, 508.702606201, 334.469085693, 347.245635986, 346.351593018, 132.20249939, 34.6280136108, 18.3324584961, 4.11977672577, 2.14435553551, 0.0670109167695, 0.00183623842895, 0.000228809774853],
        "mean": [0.135860785842, 0.658560276031, 1.29328632355, 2.07132482529, 2.84214401245, 4.77351617813, 5.18541669846, 8.51858711243, 18.0318946838, 38.8577346802, 63.6137237549, 110.261032104, 72.590675354, 81.6800842285, 79.7646484375, 63.5418510437, 50.6757125854, 42.7080230713, 47.9184761047, 19.8257312775, 18.7119407654, 20.9177265167, 14.2614622116, 14.2573413849, 10.453877449, 8.06810951233, 9.69275188446, 10.5561475754, 12.2508172989, 11.178393364, 9.1947517395, 6.89968252182, 3.22163844109, 1.24672055244, 0.523154497147, 0.184772461653, 0.0607974901795, 0.00435632001609, 0.000117054019938, 4.11617693317e-05],
        "min": [7.3721259132e-13, 1.77871703911e-12, 2.83009293084e-12, 1.32330466029e-11, 2.43575524334e-11, 5.12449180312e-11, 6.07256814278e-11, 1.60681870587e-10, 2.34952196587e-10, 4.27156116034e-10, 1.33680277958e-09, 1.77906833709e-09, 3.50911549818e-10, 4.57773929874e-10, 5.50845702385e-10, 6.13901762758e-10, 6.32383923005e-10, 1.18937648619e-09, 2.83792656042e-09, 2.37874764331e-09, 2.0574422166e-09, 2.84769341441e-09, 1.45802081519e-09, 2.05526973218e-09, 4.16119227964e-09, 1.14048859245e-08, 6.21094997655e-09, 2.71820255193e-09, 1.38139011341e-09, 4.08101374916e-09, 9.79244774157e-09, 4.60647964218e-09, 3.36709304882e-09, 2.63680011159e-09, 2.65813326905e-09, 1.26090249353e-09, 7.27018500957e-10, 3.86805310004e-10, 6.33690599994e-11, 7.20732284618e-12],
        "stdev": [0.261278599501, 1.02693378925, 1.67406821251, 2.77008771896, 5.14861249924, 8.67088127136, 8.95492839813, 15.6856946945, 34.2270545959, 79.4216079712, 118.780036926, 182.97756958, 104.723335266, 123.040962219, 146.320236206, 132.362213135, 94.7124938965, 77.572555542, 152.406784058, 30.4312133789, 26.306224823, 23.5348491669, 14.439997673, 17.7051525116, 12.1911497116, 11.6377840042, 22.3936576843, 28.5548706055, 39.3696098328, 32.7883415222, 28.5328083038, 28.228887558, 10.2266244888, 3.15566468239, 1.16732430458, 0.391268640757, 0.169223114848, 0.00833719410002, 0.000197925372049, 3.24777465721e-05]
    },
    "gfcc": {
        "mean": [-9.83490371704, 70.1221389771, -159.790237427, 9.88765621185, -80.6161956787, 22.1218643188, -31.9447860718, 13.7683849335, -18.4256324768, -4.36800432205, -16.6596374512, -2.51630163193, -10.7988758087],
        "cov": [[11012.0380859, 1112.71789551, 4061.50512695, 2053.6875, 1061.28271484, 962.33026123, 267.507537842, 695.97467041, -281.543945312, 1069.96948242, 267.178527832, 915.952880859, -223.777603149], [1112.71789551, 848.223876953, 716.491455078, 280.202789307, 348.681030273, 145.100326538, 92.5556335449, 116.333816528, -28.3985157013, 128.687561035, 74.7385177612, 75.1417770386, -30.1188373566], [4061.50512695, 716.491455078, 3146.64819336, 1530.90856934, 814.272644043, 609.988037109, 119.191337585, 429.01953125, -168.472595215, 700.397216797, 142.570831299, 585.374694824, -114.498687744], [2053.6875, 280.202789307, 1530.90856934, 943.7421875, 410.169067383, 305.236022949, 16.1014480591, 157.060150146, -64.8645019531, 366.383911133, 80.0960845947, 287.408538818, -26.6173629761], [1061.28271484, 348.681030273, 814.272644043, 410.169067383, 422.846130371, 222.853561401, 52.1971244812, 114.287277222, -37.3508071899, 246.14932251, 69.9393768311, 154.683395386, -0.237366780639], [962.33026123, 145.100326538, 609.988037109, 305.236022949, 222.853561401, 244.224182129, 87.6420516968, 87.8233413696, -29.7879142761, 161.689224243, 61.8803405762, 138.030548096, 4.33519220352], [267.507537842, 92.5556335449, 119.191337585, 16.1014480591, 52.1971244812, 87.6420516968, 203.893478394, 92.2615127563, -19.4289569855, 18.3174877167, 41.2593765259, 46.2017211914, 1.22787940502], [695.97467041, 116.333816528, 429.01953125, 157.060150146, 114.287277222, 87.8233413696, 92.2615127563, 151.086532593, -8.91138267517, 99.9012298584, 28.5898303986, 86.9900283813, -31.0930709839], [-281.543945312, -28.3985157013, -168.472595215, -64.8645019531, -37.3508071899, -29.7879142761, -19.4289569855, -8.91138267517, 106.11101532, -0.504061818123, 12.449464798, -45.8466300964, 10.1416788101], [1069.96948242, 128.687561035, 700.397216797, 366.383911133, 246.14932251, 161.689224243, 18.3174877167, 99.9012298584, -0.504061818123, 260.246856689, 71.6215209961, 155.224411011, -6.04848909378], [267.178527832, 74.7385177612, 142.570831299, 80.0960845947, 69.9393768311, 61.8803405762, 41.2593765259, 28.5898303986, 12.449464798, 71.6215209961, 89.8007202148, 62.4346542358, 16.9669265747], [915.952880859, 75.1417770386, 585.374694824, 287.408538818, 154.683395386, 138.030548096, 46.2017211914, 86.9900283813, -45.8466300964, 155.224411011, 62.4346542358, 195.160644531, 9.59111499786], [-223.777603149, -30.1188373566, -114.498687744, -26.6173629761, -0.237366780639, 4.33519220352, 1.22787940502, -31.0930709839, 10.1416788101, -6.04848909378, 16.9669265747, 9.59111499786, 76.0295333862]],
        "icov": [[0.000284345354885, -0.000422181736212, 0.000388350279536, -0.000439369003288, 0.000700921751559, -0.000791453407146, 0.000362632010365, -0.000809294579085, 0.000624652195256, -0.000983977341093, 0.000391683657654, -0.000638184603304, 0.000642679806333], [-0.000422181736212, 0.00343946856447, -0.00219023833051, 0.00161967927124, -0.00416679587215, 0.00281672505662, -0.00146516168024, 0.00207208655775, -0.00176457257476, 0.00435543712229, -0.00323556759395, 0.00277867820114, -0.000960637349635], [0.000388350279536, -0.00219023833051, 0.00538289686665, -0.00471121119335, 0.00194321537856, -0.00368619756773, 0.0023471605964, -0.00570597918704, 0.00305208773352, -0.00407651020214, 0.00328556098975, -0.00440442655236, 0.0036683366634], [-0.000439369003288, 0.00161967927124, -0.00471121119335, 0.00742193404585, -0.00199520611204, 0.0017893576296, -0.00103687297087, 0.00519631104544, -0.00235606613569, 0.00132344232406, -0.00161646702327, 0.00192220741883, -0.00257678818889], [0.000700921751559, -0.00416679587215, 0.00194321537856, -0.00199520611204, 0.0126026039943, -0.00678847264498, 0.0023297527805, -0.00402408652008, 0.00490300310776, -0.0103508969769, 0.00287970528007, -2.16047046706e-05, -0.000733998254873], [-0.000791453407146, 0.00281672505662, -0.00368619756773, 0.0017893576296, -0.00678847264498, 0.0159940458834, -0.00657365797088, 0.00660686707124, -0.0035497713834, 0.00393709400669, -0.00333570223302, 0.000973355548922, -0.00285525713116], [0.000362632010365, -0.00146516168024, 0.0023471605964, -0.00103687297087, 0.0023297527805, -0.00657365797088, 0.0118614537641, -0.0107387490571, 0.0040057329461, 0.000567571958527, -0.0025251887273, -0.000552653509658, -0.000398433796363], [-0.000809294579085, 0.00207208655775, -0.00570597918704, 0.00519631104544, -0.00402408652008, 0.00660686707124, -0.0107387490571, 0.0247247256339, -0.00773968687281, 0.00186663737986, 0.000601147010457, -0.00112928031012, 0.00274976505898], [0.000624652195256, -0.00176457257476, 0.00305208773352, -0.00235606613569, 0.00490300310776, -0.0035497713834, 0.0040057329461, -0.00773968687281, 0.0173831544816, -0.00856790877879, -0.00273549789563, 0.005017535761, -0.0011240420863], [-0.000983977341093, 0.00435543712229, -0.00407651020214, 0.00132344232406, -0.0103508969769, 0.00393709400669, 0.000567571958527, 0.00186663737986, -0.00856790877879, 0.0241344515234, -0.00810615904629, -0.000875491066836, -0.00136682239827], [0.000391683657654, -0.00323556759395, 0.00328556098975, -0.00161646702327, 0.00287970528007, -0.00333570223302, -0.0025251887273, 0.000601147010457, -0.00273549789563, -0.00810615904629, 0.02311674878, -0.00927394628525, 0.0004700969439], [-0.000638184603304, 0.00277867820114, -0.00440442655236, 0.00192220741883, -2.16047046706e-05, 0.000973355548922, -0.000552653509658, -0.00112928031012, 0.005017535761, -0.000875491066836, -0.00927394628525, 0.0226654373109, -0.00877468194813], [0.000642679806333, -0.000960637349635, 0.0036683366634, -0.00257678818889, -0.000733998254873, -0.00285525713116, -0.000398433796363, 0.00274976505898, -0.0011240420863, -0.00136682239827, 0.0004700969439, -0.00877468194813, 0.0216208547354]]
    },
    "melbands": {
        "max": [0.0143810193986, 0.00850855465978, 0.00604987563565, 0.00797396525741, 0.00359939970076, 0.00380585994571, 0.00530986953527, 0.00535732228309, 0.00870565976948, 0.00863045267761, 0.00506314169616, 0.005510895513, 0.00423226132989, 0.00621285894886, 0.00233371183276, 0.00344595196657, 0.00137648661621, 0.00312219234183, 0.00104674813338, 0.000411887565861, 0.000266659568297, 0.000317265687045, 0.000148386985529, 0.00022575854382, 0.000230257443036, 0.000108851010737, 7.20714160707e-05, 0.000115957722301, 0.00019587247516, 0.00034117809264, 0.000243015645538, 0.000287834584014, 0.00027177517768, 0.000176938570803, 0.000216586588067, 0.000270555174211, 0.000199552800041, 0.000107397572719, 6.36858749203e-05, 2.57199608313e-05],
        "mean": [0.00107843801379, 0.000720289594028, 0.000374893075787, 0.000274393009022, 0.000190389197087, 0.000186341800145, 0.000324991851812, 0.00039436831139, 0.00064235314494, 0.000687010353431, 0.000347699242411, 0.000316679885145, 0.000290915282676, 0.000207382647204, 0.000149000799865, 0.000100169796497, 7.47589947423e-05, 8.50463620736e-05, 3.8788679376e-05, 1.85673725355e-05, 2.18149434659e-05, 2.23708193516e-05, 1.44384121086e-05, 1.21190187201e-05, 1.15520870168e-05, 9.04599164642e-06, 5.95648134549e-06, 5.06024298375e-06, 6.04462593401e-06, 5.84673944104e-06, 6.12991516391e-06, 6.64059734845e-06, 7.17032480679e-06, 5.8590367189e-06, 5.30901479578e-06, 5.00142959936e-06, 3.87344243791e-06, 2.47578896051e-06, 1.45206695379e-06, 8.95600464901e-07],
        "min": [6.37360740832e-15, 1.9218813349e-15, 2.54226584141e-15, 2.7117492991e-15, 2.22101546715e-15, 3.60393206706e-15, 3.67119325933e-15, 5.1768154989e-15, 1.29649209188e-14, 9.88645166981e-15, 1.35087249648e-15, 1.75605451845e-15, 2.21023146718e-15, 1.55920236744e-15, 1.42118321912e-15, 1.54026821645e-15, 2.25182946698e-15, 4.25719309861e-15, 3.82856689873e-15, 2.86676395174e-15, 2.46900702059e-15, 3.63139922795e-15, 1.19949680325e-15, 1.54065954567e-15, 1.63274737951e-15, 2.01218288214e-15, 4.21032083641e-15, 8.5592730142e-15, 4.47913987123e-15, 1.68199578089e-15, 1.56977990313e-15, 6.54051895634e-16, 8.30781773128e-16, 2.51774233176e-15, 6.03042650402e-15, 4.52431044425e-15, 2.03851671295e-15, 2.44860369096e-15, 2.38395665411e-15, 2.03542673676e-15],
        "stdev": [0.00192722724751, 0.000853929726873, 0.000503648479935, 0.000488534045871, 0.000310537870973, 0.000330954586389, 0.000616677105427, 0.000770832062699, 0.00126336805988, 0.00109364837408, 0.000532247649971, 0.000474924920127, 0.00049376062816, 0.000583881279454, 0.000291569129331, 0.000228755481658, 0.000154737543198, 0.000285510235699, 8.79038416315e-05, 2.9331746191e-05, 3.27665147779e-05, 2.76723785646e-05, 1.52284119395e-05, 1.47638984345e-05, 1.55407160491e-05, 1.19009946502e-05, 7.67189885664e-06, 7.76200340624e-06, 1.25532633319e-05, 1.7067484805e-05, 1.70411240106e-05, 2.21303962462e-05, 2.2661035473e-05, 1.73192129296e-05, 1.60530016728e-05, 1.92734514712e-05, 1.65493147506e-05, 7.99518329586e-06, 4.30254749517e-06, 2.13131465898e-06]
    },
    "melbands128": {
        "max": [0.00362321804278, 0.0187384504825, 0.0192476976663, 0.0103152357042, 0.0101282512769, 0.0100073497742, 0.00497408257797, 0.00747302547097, 0.00748814735562, 0.0131774172187, 0.00752147752792, 0.0052612265572, 0.0061860284768, 0.00322159635834, 0.00667545432225, 0.00594383850694, 0.00882170908153, 0.00723979994655, 0.0136753460392, 0.0108614172786, 0.00877906195819, 0.0101750195026, 0.0153317209333, 0.02086324431, 0.0172751992941, 0.0181615389884, 0.0146830258891, 0.00557772861794, 0.0101525308564, 0.00351343955845, 0.00849867425859, 0.0151719553396, 0.00482851825655, 0.00632549356669, 0.011124715209, 0.0119828227907, 0.00635477853939, 0.00381041038781, 0.00343711790629, 0.00531576387584, 0.00498445890844, 0.00296527706087, 0.00233046663925, 0.00248019676656, 0.00506601296365, 0.00692924950272, 0.00527432374656, 0.00171737838537, 0.000762692128774, 0.000436122965766, 0.000485333992401, 0.00108575518243, 0.000387371692341, 0.000603103486355, 0.000543006055523, 0.000587331422139, 0.000410948501667, 0.000194633219508, 0.000208883619052, 0.00022537849145, 0.000488658144604, 0.000203651652555, 0.000272226927336, 0.000286002148641, 0.000231648751651, 0.000190951352124, 8.42771041789e-05, 0.000104844759335, 9.36623255257e-05, 8.25126626296e-05, 0.000155971996719, 0.000104193190055, 0.000171435356606, 0.000214826868614, 0.000367300672224, 0.000277812418062, 0.000451685016742, 0.000332959752996, 0.000235159794101, 0.00030217578751, 0.000321637897287, 0.000418232491938, 0.000436203408753, 0.000310577161144, 0.000261173991021, 0.000263355643256, 0.000192782681552, 0.000207439443329, 0.000251842604484, 0.000321479281411, 0.000329406408127, 0.000295215053484, 0.000323846179526, 0.000277680373983, 0.000168793296325, 0.000159726201673, 0.000146529695485, 7.29803286958e-05, 9.88797837636e-05, 5.2465020417e-05, 4.21302502218e-05, 2.97001934086e-05, 2.54793885688e-05, 6.80197117617e-05, 1.94411022676e-05, 1.37103397719e-05, 7.77628974902e-06, 8.23278332973e-06, 1.04975943032e-05, 9.48969864112e-06, 1.4871096937e-05, 1.61185289471e-05, 5.41306462765e-06, 1.62840740359e-06, 9.02021838556e-07, 1.44846910644e-06, 4.26067629178e-07, 5.23206189484e-09, 4.6766923667e-09, 4.18480228248e-09, 3.76330699936e-09, 3.41825967531e-09, 3.14789372347e-09, 2.92282931191e-09, 2.76089506812e-09, 2.64708721609e-09, 2.55185295117e-09, 2.50474907482e-09],
        "mean": [0.000176998466486, 0.00114788243081, 0.00148514215834, 0.000919884070754, 0.000655525072943, 0.000588584865909, 0.000433121196693, 0.00031663410482, 0.000267013616394, 0.000286845752271, 0.000281212647678, 0.000206548269489, 0.000173694628756, 0.000153128101374, 0.00018943559553, 0.00020027840219, 0.000202333234483, 0.000281666783849, 0.000564522459172, 0.000494109990541, 0.000241847083089, 0.000307715410599, 0.000611331430264, 0.00117734563537, 0.000697427021805, 0.000553571328055, 0.00050029985141, 0.000291155040031, 0.000276754057268, 0.000199495349079, 0.000372523092665, 0.000481179537019, 0.000206799886655, 0.000228171906201, 0.000297288352158, 0.000161299612955, 0.000120424912893, 0.000208492754609, 0.000117199844681, 8.19498018245e-05, 0.000114920214401, 9.57291340455e-05, 6.63386817905e-05, 5.68257892155e-05, 0.000105211547634, 0.00010240075062, 4.83873191115e-05, 4.74333428429e-05, 2.91972082778e-05, 1.49418046931e-05, 1.81881878234e-05, 2.03260751732e-05, 2.4768505682e-05, 2.2445250579e-05, 1.54055815074e-05, 2.6202387744e-05, 2.56791227002e-05, 1.29070986077e-05, 1.20110044008e-05, 1.28278898046e-05, 1.18022799143e-05, 1.16848559628e-05, 1.28031269924e-05, 1.06279840111e-05, 1.11978661153e-05, 1.06011839307e-05, 6.13635620539e-06, 6.53799088468e-06, 6.02264435656e-06, 5.07399499838e-06, 4.92550270792e-06, 5.11372763867e-06, 5.45378497918e-06, 6.8729400482e-06, 5.71383498027e-06, 5.65308073419e-06, 5.84633926337e-06, 6.37649827695e-06, 6.26697374173e-06, 5.71145665162e-06, 6.27095505479e-06, 6.97712266629e-06, 7.73019201006e-06, 7.35185813028e-06, 6.75607134326e-06, 5.77169839744e-06, 5.72650287722e-06, 5.49549577045e-06, 5.29755516254e-06, 5.18295746588e-06, 5.03367300553e-06, 5.01706426803e-06, 4.93885090691e-06, 3.8344346649e-06, 3.29343060912e-06, 2.93453013001e-06, 2.33111495618e-06, 1.75203831532e-06, 1.57873728313e-06, 1.22542667214e-06, 1.020026275e-06, 8.43235852699e-07, 7.23327559626e-07, 7.27980250304e-07, 6.47231274797e-07, 4.47355745337e-07, 3.80349547413e-07, 3.1412113799e-07, 2.6218418725e-07, 2.94344800977e-07, 3.52726374331e-07, 3.37025966246e-07, 1.53262988078e-07, 8.35531821508e-08, 5.31913570967e-08, 4.33314042425e-08, 1.6405193648e-08, 2.97828671447e-11, 8.70439657852e-12, 8.14212152561e-12, 7.65729493701e-12, 7.25741775703e-12, 6.92987811232e-12, 6.65427261903e-12, 6.45200819854e-12, 6.30814801436e-12, 6.18951981682e-12, 6.12469189948e-12],
        "min": [9.56847804251e-15, 7.49518618015e-15, 1.93487079691e-15, 3.54328408452e-15, 1.99077645373e-15, 4.28230767844e-16, 2.71032691902e-15, 2.54274335623e-15, 2.21899190544e-15, 2.78929961234e-15, 3.08995205114e-15, 2.41279219674e-15, 1.80604301486e-15, 2.1158768673e-15, 8.00575519438e-16, 4.75895254668e-15, 4.30352537731e-15, 2.76167299749e-15, 3.85969663009e-15, 4.35155892169e-15, 5.69477784021e-15, 2.03445624876e-15, 1.32521989191e-14, 1.89591130474e-14, 1.55046382498e-14, 4.40692988896e-15, 7.99814672093e-16, 1.37929606345e-15, 1.46450090756e-15, 1.36649834853e-15, 1.40274172367e-15, 3.48095431806e-15, 2.88482269418e-15, 5.44265202483e-16, 1.60247452786e-15, 1.86095679611e-15, 1.5179914617e-15, 1.82329093501e-15, 9.11192410756e-16, 1.18189736444e-15, 1.995025171e-15, 1.5229300873e-15, 6.60580507954e-16, 3.7222011599e-15, 2.13845474226e-15, 4.15386566696e-15, 7.44937016803e-15, 3.42099476155e-15, 2.1664525693e-15, 3.78253870486e-15, 3.21601215304e-15, 1.78258295508e-15, 1.83899534937e-15, 1.67184684387e-15, 6.07282389116e-15, 4.06259109063e-15, 1.58963393189e-15, 1.66071418397e-15, 7.53773931547e-16, 1.03328670439e-15, 1.34361427115e-15, 2.42917741383e-15, 1.38601843456e-15, 1.59645498234e-15, 1.69056415443e-15, 6.81046623905e-16, 2.97440511044e-15, 4.70891534587e-15, 2.23411758454e-15, 6.56872144772e-15, 1.26016166293e-14, 7.07011794216e-15, 4.49524493218e-15, 4.60027744115e-15, 3.68087230482e-15, 1.40970729912e-15, 7.27211825354e-16, 1.89502742586e-15, 2.11582498653e-15, 8.39995109314e-16, 4.74056229672e-16, 6.29032342317e-16, 8.84760324121e-16, 2.74901207839e-16, 9.21161776787e-16, 3.87564710752e-15, 2.00489670472e-15, 1.84773185894e-15, 8.00170341228e-15, 6.48775865049e-15, 5.20969858846e-15, 3.61300167234e-15, 4.02070361732e-15, 8.61864229463e-16, 1.56835201733e-15, 3.50015613146e-15, 2.39954100155e-15, 1.6098264562e-15, 2.52008564841e-15, 2.82209757509e-15, 1.72099635415e-15, 1.62398715301e-15, 2.71295716808e-15, 4.13418993863e-15, 2.44850649392e-15, 2.37017479279e-15, 5.09246838153e-15, 2.15547332824e-15, 9.65602948552e-16, 1.60396128244e-15, 3.72099667905e-15, 2.63373057663e-15, 1.70188962021e-15, 1.5208233046e-15, 3.2614694467e-15, 4.24932543308e-15, 4.12220484594e-15, 1.5166984659e-15, 1.47892365519e-15, 1.85335827529e-15, 1.36216281039e-15, 2.73635179457e-15, 2.63722458754e-15, 2.41490448515e-15, 1.58457926278e-15, 1.33156088643e-15, 2.31937483881e-15, 2.15613846086e-15],
        "stdev": [0.000387236883398, 0.00233922572806, 0.00276089319959, 0.00136145250872, 0.000885582063347, 0.000804192677606, 0.000613613927271, 0.000562404457014, 0.000560448446777, 0.000650428410154, 0.000558800937142, 0.000431470252806, 0.000380695186323, 0.000279236090137, 0.000425640202593, 0.000476703804452, 0.000526917399839, 0.000660701829474, 0.00138870219234, 0.00126825517509, 0.000660688965581, 0.000925178057514, 0.00140100566205, 0.00276107876562, 0.0015940964222, 0.00134708522819, 0.00122469139751, 0.000578173901886, 0.000701138749719, 0.000394698057789, 0.000740711286198, 0.00111734180246, 0.000494574836921, 0.000724892073777, 0.00111828744411, 0.000691901252139, 0.000429978914326, 0.000496048131026, 0.000302436354104, 0.000308863993268, 0.000364151754184, 0.000243131187744, 0.000209937788895, 0.000200689726626, 0.000426811544457, 0.000469376362162, 0.000289606716251, 0.000120170116134, 6.61628291709e-05, 2.61018976744e-05, 3.55639276677e-05, 5.73841389269e-05, 4.01128090743e-05, 5.08630037075e-05, 3.30321890942e-05, 4.37653943663e-05, 4.11018627346e-05, 1.90544669749e-05, 1.87012392416e-05, 1.79590133484e-05, 2.22950147872e-05, 1.88215672097e-05, 2.19930170715e-05, 2.00667491299e-05, 1.85691205843e-05, 1.99035039259e-05, 9.05336764845e-06, 9.60409033723e-06, 8.76534886629e-06, 8.14880058897e-06, 9.1001875262e-06, 8.23568188935e-06, 9.83903464657e-06, 1.5435178284e-05, 1.74357119249e-05, 1.66505833477e-05, 1.95224274648e-05, 1.89800830412e-05, 1.77584497578e-05, 1.86263132491e-05, 2.08582187042e-05, 2.62405519607e-05, 2.90127882181e-05, 2.3740780307e-05, 2.1467132683e-05, 1.84575583262e-05, 1.74213728314e-05, 1.64875782502e-05, 1.74431788764e-05, 1.80714214366e-05, 1.88803769561e-05, 2.16135376832e-05, 2.42549394898e-05, 1.77453002834e-05, 1.38413788591e-05, 9.54151619226e-06, 8.08104960015e-06, 5.08323637405e-06, 5.37948562851e-06, 3.68768360204e-06, 2.77844333141e-06, 1.9848678221e-06, 1.72755346739e-06, 2.57282340499e-06, 1.52747725224e-06, 9.61076011663e-07, 7.83341533861e-07, 6.54157076951e-07, 6.00790883709e-07, 7.95436960743e-07, 1.15079114948e-06, 1.20697291095e-06, 4.10684606322e-07, 1.74496321392e-07, 1.00268991332e-07, 9.33318702323e-08, 3.44356578807e-08, 1.90504167996e-10, 1.37526309785e-10, 1.23087220971e-10, 1.10717116031e-10, 1.00592568997e-10, 9.26606499863e-11, 8.6059381843e-11, 8.13096465158e-11, 7.7971448742e-11, 7.51790851794e-11, 7.37978150811e-11]
    },
    "mfcc": {
        "mean": [-635.959289551, 98.5366668701, -25.1605701447, -10.356795311, -19.9837799072, -2.01643919945, -6.06991195679, 11.2374334335, 0.396479636431, 3.66276216507, -0.223768994212, -1.51571071148, -5.23044157028],
        "cov": [[6974.53222656, 585.764953613, 2524.85131836, 1480.11694336, 1034.33288574, 744.08392334, 801.717102051, 243.60345459, 150.345123291, 47.0575294495, 354.059539795, 616.072021484, 481.266601562], [585.764953613, 800.221557617, 327.150512695, 215.781326294, 239.911895752, 91.7999954224, 216.334228516, 70.4556808472, 52.2007255554, 26.6069641113, 79.4513320923, 114.148300171, 78.0855026245], [2524.85131836, 327.150512695, 2056.86083984, 1132.25524902, 808.641174316, 521.060302734, 497.815216064, 138.000183105, 123.997596741, 10.4252557755, 174.026245117, 373.747894287, 349.24786377], [1480.11694336, 215.781326294, 1132.25524902, 787.974182129, 526.08215332, 329.361114502, 295.057403564, 39.6844673157, 75.1147918701, 19.0644607544, 100.781356812, 215.759155273, 207.832839966], [1034.33288574, 239.911895752, 808.641174316, 526.08215332, 538.352661133, 294.227050781, 198.738479614, -14.5959348679, 48.0734634399, 41.7658462524, 73.871055603, 152.967895508, 155.597961426], [744.08392334, 91.7999954224, 521.060302734, 329.361114502, 294.227050781, 277.73626709, 180.397232056, 14.3174858093, 34.9627532959, 23.9171466827, 51.2191505432, 88.9598007202, 99.6067581177], [801.717102051, 216.334228516, 497.815216064, 295.057403564, 198.738479614, 180.397232056, 317.733337402, 100.863632202, 53.1986999512, 8.25709629059, 64.8708114624, 114.78364563, 103.525184631], [243.60345459, 70.4556808472, 138.000183105, 39.6844673157, -14.5959348679, 14.3174858093, 100.863632202, 118.300956726, 29.8556575775, -8.59767913818, 25.8104801178, 38.3912467957, 25.7396793365], [150.345123291, 52.2007255554, 123.997596741, 75.1147918701, 48.0734634399, 34.9627532959, 53.1986999512, 29.8556575775, 66.4740982056, 26.2647094727, 19.3093566895, 23.135881424, 23.7655639648], [47.0575294495, 26.6069641113, 10.4252557755, 19.0644607544, 41.7658462524, 23.9171466827, 8.25709629059, -8.59767913818, 26.2647094727, 78.5330276489, 36.2452468872, 13.7269067764, -4.79725265503], [354.059539795, 79.4513320923, 174.026245117, 100.781356812, 73.871055603, 51.2191505432, 64.8708114624, 25.8104801178, 19.3093566895, 36.2452468872, 86.1970443726, 68.247467041, 30.1473560333], [616.072021484, 114.148300171, 373.747894287, 215.759155273, 152.967895508, 88.9598007202, 114.78364563, 38.3912467957, 23.135881424, 13.7269067764, 68.247467041, 150.548019409, 93.0800094604], [481.266601562, 78.0855026245, 349.24786377, 207.832839966, 155.597961426, 99.6067581177, 103.525184631, 25.7396793365, 23.7655639648, -4.79725265503, 30.1473560333, 93.0800094604, 127.243041992]],
        "icov": [[0.000301676278468, 3.52616871169e-06, -0.000141969037941, -0.000123029079987, 2.73487094091e-05, -0.000184583244845, -0.000123153833556, -0.000110640234197, 0.000134439687827, 0.000110861306894, -0.000387570733437, -0.0003774575016, 2.80745407508e-05], [3.52616871169e-06, 0.00195594271645, 0.000470052706078, 0.000190313512576, -0.00183385447599, 0.00130918552168, -0.0013411717955, -0.00056519464124, -0.000586587470025, 0.000579826592002, -0.000917132070754, -0.000367449392797, 0.000226029093028], [-0.000141969037941, 0.000470052706078, 0.00349387899041, -0.00295218499377, -0.0017096317606, -0.000350555113982, 0.000163007920492, -0.00247527821921, -0.000649596506264, 0.00152140913997, -0.000482616742374, -0.00121243146714, -0.000606229470577], [-0.000123029079987, 0.000190313512576, -0.00295218499377, 0.00808187387884, -0.00226558395661, -4.62837306259e-05, -0.00140298495535, 0.00266833184287, -0.00181287748273, 0.000911426439416, -0.000321008526953, -0.000517595966812, -0.00051304185763], [2.73487094091e-05, -0.00183385447599, -0.0017096317606, -0.00226558395661, 0.0102540384978, -0.00491156615317, 0.00123368971981, 0.00421688286588, 0.000944408937357, -0.00335820321925, 0.0016861257609, -0.00041867204709, -0.00153230270371], [-0.000184583244845, 0.00130918552168, -0.000350555113982, -4.62837306259e-05, -0.00491156615317, 0.0121928416193, -0.0045570298098, 0.00123317865655, 0.000427504855907, -0.000868150091264, -0.00134046585299, 0.00294406991452, -0.00109653093386], [-0.000123153833556, -0.0013411717955, 0.000163007920492, -0.00140298495535, 0.00123368971981, -0.0045570298098, 0.00965838506818, -0.00560160260648, -0.000622975756414, 0.000199370799237, 0.000117342256999, -0.000833191792481, -0.000827718351502], [-0.000110640234197, -0.00056519464124, -0.00247527821921, 0.00266833184287, 0.00421688286588, 0.00123317865655, -0.00560160260648, 0.0184685271233, -0.00550778722391, 0.00296510150656, -0.00231477059424, -0.000676747818943, 8.45404283609e-05], [0.000134439687827, -0.000586587470025, -0.000649596506264, -0.00181287748273, 0.000944408937357, 0.000427504855907, -0.000622975756414, -0.00550778722391, 0.0238964725286, -0.01015482191, 0.00223394483328, 0.00258239381947, -0.00253738812171], [0.000110861306894, 0.000579826592002, 0.00152140913997, 0.000911426439416, -0.00335820321925, -0.000868150091264, 0.000199370799237, 0.00296510150656, -0.01015482191, 0.023151602596, -0.0108716944233, -0.000717244169209, 0.00345443212427], [-0.000387570733437, -0.000917132070754, -0.000482616742374, -0.000321008526953, 0.0016861257609, -0.00134046585299, 0.000117342256999, -0.00231477059424, 0.00223394483328, -0.0108716944233, 0.0258603971452, -0.00960030872375, 0.00330652925186], [-0.0003774575016, -0.000367449392797, -0.00121243146714, -0.000517595966812, -0.00041867204709, 0.00294406991452, -0.000833191792481, -0.000676747818943, 0.00258239381947, -0.000717244169209, -0.00960030872375, 0.0212561730295, -0.00893549900502], [2.80745407508e-05, 0.000226029093028, -0.000606229470577, -0.00051304185763, -0.00153230270371, -0.00109653093386, -0.000827718351502, 8.45404283609e-05, -0.00253738812171, 0.00345443212427, 0.00330652925186, -0.00893549900502, 0.0198616478592]]
    },
    "spectral_contrast_coeffs": {
        "max": [-0.565034806728, -0.485852628946, -0.45249709487, -0.581376969814, -0.698657333851, -0.585670173168],
        "mean": [-0.75364369154, -0.716808497906, -0.725223183632, -0.791075289249, -0.793656885624, -0.760460555553],
        "min": [-0.947200000286, -0.963560581207, -0.960765480995, -0.953999638557, -0.943874657154, -0.933438241482],
        "stdev": [0.0582860149443, 0.080228023231, 0.0828893184662, 0.0619389973581, 0.0316066592932, 0.032169289887]
    },
    "spectral_contrast_valleys": {
        "max": [-5.22687339783, -4.79677009583, -5.59037923813, -5.92041492462, -5.74582195282, -7.39097929001],
        "mean": [-7.6501789093, -6.68610668182, -6.86946582794, -7.28812122345, -7.45988559723, -9.96298408508],
        "min": [-19.2998580933, -17.6723041534, -18.4307937622, -18.1225070953, -17.4799060822, -19.1773777008],
        "stdev": [1.96036183834, 0.859836637974, 0.748250603676, 0.664168715477, 0.796866953373, 1.08259558678]
    }
},
"rhythm": {
    "beats_count": 68,
    "beats_loudness": {
        "max": 0.0734662264585,
        "mean": 0.0329747982323,
        "min": 0.00104866537731,
        "stdev": 0.0211955141276
    },
    "bpm": 154.656356812,
    "bpm_histogram_first_peak_bpm": 157,
    "bpm_histogram_first_peak_weight": 0.230769217014,
    "bpm_histogram_second_peak_bpm": 152,
    "bpm_histogram_second_peak_spread": 0.185185194016,
    "bpm_histogram_second_peak_weight": 0.328358203173,
    "danceability": 0.853633642197,
    "onset_rate": 2.5322227478,
    "beats_loudness_band_ratio": {
        "max": [0.750017285347, 0.237072810531, 0.830500721931, 0.730121195316, 0.578291714191, 0.453330129385],
        "mean": [0.159421727061, 0.0596654117107, 0.363846808672, 0.295662045479, 0.103548079729, 0.0459692180157],
        "min": [0.000111540342914, 0.00128925708123, 0.0229547657073, 0.0104680685326, 0.0112385628745, 0.00286669447087],
        "stdev": [0.188120141625, 0.061672821641, 0.206748411059, 0.176524862647, 0.105618439615, 0.0659591704607]
    },
    "beats_position": [0.371519267559, 0.754648506641, 1.1261677742, 1.49768710136, 1.88081634045, 2.26394557953, 2.6470746994, 3.03020405769, 3.41333317757, 3.78485250473, 4.15637159348, 4.52789115906, 4.92263031006, 5.30575942993, 5.6888885498, 6.07201814651, 6.45514726639, 6.82666635513, 7.19818592072, 7.56970500946, 7.95283412933, 8.33596324921, 8.71909236908, 9.10222244263, 9.47374153137, 9.85687065125, 10.2399997711, 10.623128891, 11.0062580109, 11.3893871307, 11.7725172043, 12.1672563553, 12.5619955063, 12.9567346573, 13.3630838394, 13.7694330215, 14.1525621414, 14.5473012924, 14.9536504745, 15.3483896255, 15.7315187454, 16.114648819, 16.50938797, 16.8925170898, 17.2756462097, 17.6703853607, 18.0651245117, 18.4598636627, 18.8546028137, 19.2493419647, 19.6440811157, 20.0388202667, 20.4335594177, 20.8282985687, 21.2230377197, 21.6293869019, 22.0241260529, 22.4072551727, 22.7903842926, 23.1735134125, 23.5566444397, 23.9513835907, 24.3345127106, 24.7292518616, 25.1239910126, 25.5187301636, 25.9250793457, 26.343038559],
