{
"metadata": {
    "version": {
        "essentia": "2.1-beta5",
        "essentia_git_sha": "Undefined",
        "extractor": "music 2.0"
    },
    "audio_properties": {
        "analysis": {
            "equal_loudness": 0,
            "length": 81.2466201782,
            "sample_rate": 44100,
            "start_time": 12.7477550507,
            "downmix": "mix"
        },
        "bit_rate": 192000,
        "length": 212.578689575,
        "lossless": 0,
        "number_channels": 2,
        "replay_gain": -3.8093662262,
        "sample_rate": 48000,
        "codec": "mp3",
        "md5_encoded": "532feb2aeaed74fc8202d53d76020164"
    },
    "tags": {
        "file_name": "Greece_Aphrodisiac_Eleftheria Eleftheriou.mp3",
        "encoding": ["Lavf58.29.100"]
    }
},
"lowlevel": {
    "average_loudness": 0.973253309727,
    "barkbands_crest": {
        "max": 26.1322097778,
        "mean": 12.1301488876,
        "min": 1.8995051384,
        "stdev": 5.49100351334
    },
    "barkbands_flatness_db": {
        "max": 0.309812277555,
        "mean": 0.123470209539,
        "min": 0.0306805167347,
        "stdev": 0.0459521189332
    },
    "barkbands_kurtosis": {
        "max": 94.6140441895,
        "mean": 2.93915653229,
        "min": -1.9533188343,
        "stdev": 7.93728256226
    },
    "barkbands_skewness": {
        "max": 9.30200481415,
        "mean": 1.39583563805,
        "min": -2.17576622963,
        "stdev": 1.3634916544
    },
    "barkbands_spread": {
        "max": 116.30091095,
        "mean": 39.3497238159,
        "min": 3.11266851425,
        "stdev": 19.2536830902
    },
    "dissonance": {
        "max": 0.499999880791,
        "mean": 0.478335559368,
        "min": 0.33271843195,
        "stdev": 0.0207158494741
    },
    "dynamic_complexity": 2.03261065483,
    "erbbands_crest": {
        "max": 28.6793689728,
        "mean": 7.56428861618,
        "min": 2.28750872612,
        "stdev": 4.3873295784
    },
    "erbbands_flatness_db": {
        "max": 0.279917597771,
        "mean": 0.127895250916,
        "min": 0.0584606640041,
        "stdev": 0.0341773442924
    },
    "erbbands_kurtosis": {
        "max": 21.8163948059,
        "mean": 0.297815322876,
        "min": -1.62312996387,
        "stdev": 1.67955362797
    },
    "erbbands_skewness": {
        "max": 3.73321151733,
        "mean": -0.0692712217569,
        "min": -4.25270986557,
        "stdev": 0.726495504379
    },
    "erbbands_spread": {
        "max": 135.106124878,
        "mean": 47.3068618774,
        "min": 6.53613376617,
        "stdev": 19.0911026001
    },
    "hfc": {
        "max": 318.351318359,
        "mean": 46.225566864,
        "min": 1.05708265305,
        "stdev": 36.4834060669
    },
    "loudness_ebu128": {
        "integrated": -17.7363643646,
        "loudness_range": 3.13689804077,
        "momentary": {
            "max": -14.8220558167,
            "mean": -17.9855613708,
            "min": -27.8872776031,
            "stdev": 1.50237417221
        },
        "short_term": {
            "max": -15.6666660309,
            "mean": -17.9129524231,
            "min": -20.5960121155,
            "stdev": 1.14031815529
        }
    },
    "melbands_crest": {
        "max": 35.4391555786,
        "mean": 18.7117004395,
        "min": 2.94084262848,
        "stdev": 6.91871976852
    },
    "melbands_flatness_db": {
        "max": 0.377028763294,
        "mean": 0.161289870739,
        "min": 0.0132715590298,
        "stdev": 0.0664126798511
    },
    "melbands_kurtosis": {
        "max": 419.972839355,
        "mean": 19.3929367065,
        "min": -1.76632940769,
        "stdev": 33.4602394104
    },
    "melbands_skewness": {
        "max": 17.4928646088,
        "mean": 3.30503702164,
        "min": -1.36624324322,
        "stdev": 2.35868501663
    },
    "melbands_spread": {
        "max": 192.296569824,
        "mean": 37.5157546997,
        "min": 1.29197514057,
        "stdev": 27.7583713531
    },
    "pitch_salience": {
        "max": 0.856605529785,
        "mean": 0.471726566553,
        "min": 0.0595860220492,
        "stdev": 0.151770099998
    },
    "silence_rate_20dB": {
        "max": 1,
        "mean": 1,
        "min": 1,
        "stdev": 0
    },
    "silence_rate_30dB": {
        "max": 1,
        "mean": 0.983142852783,
        "min": 0,
        "stdev": 0.128732904792
    },
    "silence_rate_60dB": {
        "max": 1,
        "mean": 0.0142857143655,
        "min": 0,
        "stdev": 0.118660882115
    },
    "spectral_centroid": {
        "max": 5406.06298828,
        "mean": 2158.37060547,
        "min": 352.212341309,
        "stdev": 691.834472656
    },
    "spectral_complexity": {
        "max": 61,
        "mean": 27.6214294434,
        "min": 0,
        "stdev": 12.7397184372
    },
    "spectral_decrease": {
        "max": -9.47055836531e-11,
        "mean": -1.0685353935e-08,
        "min": -4.72766821247e-08,
        "stdev": 6.94506185894e-09
    },
    "spectral_energy": {
        "max": 0.183368504047,
        "mean": 0.0445216633379,
        "min": 0.000583395827562,
        "stdev": 0.0271349400282
    },
    "spectral_energyband_high": {
        "max": 0.0354242697358,
        "mean": 0.0037845345214,
        "min": 4.87335710204e-05,
        "stdev": 0.00401728274301
    },
    "spectral_energyband_low": {
        "max": 0.156257122755,
        "mean": 0.026449425146,
        "min": 7.18719957149e-06,
        "stdev": 0.0243246164173
    },
    "spectral_energyband_middle_high": {
        "max": 0.0740807726979,
        "mean": 0.00804470758885,
        "min": 0.000207400662475,
        "stdev": 0.00786395091563
    },
    "spectral_energyband_middle_low": {
        "max": 0.0664771050215,
        "mean": 0.00720258569345,
        "min": 5.51215998712e-05,
        "stdev": 0.00690623605624
    },
    "spectral_entropy": {
        "max": 8.87266635895,
        "mean": 8.10787200928,
        "min": 7.02854633331,
        "stdev": 0.282700717449
    },
    "spectral_flux": {
        "max": 0.34693261981,
        "mean": 0.115474812686,
        "min": 0.016736028716,
        "stdev": 0.0533968359232
    },
    "spectral_kurtosis": {
        "max": 6.85652351379,
        "mean": 1.45109057426,
        "min": -1.28972566128,
        "stdev": 0.863756775856
    },
    "spectral_rms": {
        "max": 0.0133752040565,
        "mean": 0.00625286530703,
        "min": 0.000754431355745,
        "stdev": 0.00208265567198
    },
    "spectral_rolloff": {
        "max": 12403.125,
        "mean": 2591.54418945,
        "min": 64.599609375,
        "stdev": 2376.91748047
    },
    "spectral_skewness": {
        "max": 2.06837439537,
        "mean": 1.03769481182,
        "min": -0.104433037341,
        "stdev": 0.236166000366
    },
    "spectral_spread": {
        "max": 16563022,
        "mean": 5908035.5,
        "min": 2255777.25,
        "stdev": 1173610
    },
    "spectral_strongpeak": {
        "max": 10.1255598068,
        "mean": 0.685879051685,
        "min": 0,
        "stdev": 0.990671813488
    },
    "zerocrossingrate": {
        "max": 0.35595703125,
        "mean": 0.0929337367415,
        "min": 0.00732421875,
        "stdev": 0.0523148924112
    },
    "barkbands": {
        "max": [0.00917041767389, 0.0983432978392, 0.0989981144667, 0.0460383892059, 0.0333404131234, 0.0285983365029, 0.00996286142617, 0.0292193181813, 0.0597877427936, 0.0566732659936, 0.0629328638315, 0.0381635203958, 0.0166297703981, 0.0263567045331, 0.0145118106157, 0.00936189573258, 0.0176556203514, 0.00904321949929, 0.00668154284358, 0.00578110618517, 0.0066937324591, 0.00633008591831, 0.00873811822385, 0.0149106681347, 0.00892433151603, 0.0025984137319, 6.5981721491e-06],
        "mean": [0.000706652237568, 0.0191103052348, 0.00592803349718, 0.00108153733891, 0.00126837170683, 0.00124996108934, 0.000412319292082, 0.000674227019772, 0.00200447486714, 0.00121616991237, 0.00120633176994, 0.00103806180414, 0.000611595751252, 0.000810073921457, 0.000826824456453, 0.000561378488783, 0.000583011307754, 0.00060976902023, 0.000529353972524, 0.000651420676149, 0.000611003488302, 0.00063259981107, 0.000812533078715, 0.000831118784845, 0.000442039454356, 0.000112556059321, 5.27457082455e-08],
        "min": [8.14884604239e-09, 5.72397880205e-07, 7.40069026506e-07, 6.79122763358e-07, 2.00445356313e-06, 1.17480351491e-06, 6.72439341542e-07, 2.89833508305e-07, 2.53172675002e-06, 3.37686105922e-06, 1.40525332881e-06, 1.94357016881e-06, 4.73929821965e-06, 4.34443063568e-06, 5.95655137658e-06, 1.33377170641e-06, 2.4226962978e-06, 5.26610847373e-06, 5.9131193666e-06, 7.15356236469e-06, 1.04630707938e-05, 6.25549773758e-06, 7.42109568819e-06, 4.93505012855e-06, 6.26232292689e-08, 6.55408921579e-11, 6.06672698189e-11],
        "stdev": [0.000895719742402, 0.0180835518986, 0.0127103263512, 0.0020287213847, 0.00244453316554, 0.00201630615629, 0.000674950599205, 0.00174315751065, 0.00420389976352, 0.00346015230753, 0.00344845326617, 0.00255534145981, 0.0011844842229, 0.00153083517216, 0.00121272483375, 0.000733753899112, 0.00081867352128, 0.000823752838187, 0.000545127724763, 0.000687341263983, 0.000654895731714, 0.000726551283151, 0.000890407012776, 0.00120052555576, 0.000711066939402, 0.000222498245421, 2.41136177692e-07]
    },
    "erbbands": {
        "max": [3.88743162155, 25.3033294678, 104.552963257, 137.549606323, 101.794677734, 121.394119263, 446.692077637, 293.67364502, 113.873802185, 416.833374023, 796.225402832, 1827.29443359, 1775.2668457, 1858.54272461, 2512.61889648, 1471.2800293, 927.746948242, 1480.19360352, 763.441650391, 694.449279785, 639.772216797, 1156.95202637, 576.759765625, 622.674865723, 426.156524658, 304.342041016, 282.480804443, 263.891845703, 223.317718506, 295.726959229, 259.431518555, 298.992370605, 307.065826416, 123.479598999, 46.7913322449, 16.1024665833, 4.98732423782, 0.137529462576, 0.00428078928962, 0.000526367628481],
        "mean": [0.630289614201, 3.93924617767, 7.32373476028, 5.18768072128, 3.13520741463, 4.35996818542, 7.55611515045, 11.1132631302, 5.96935749054, 9.13954544067, 19.2980384827, 45.4777755737, 47.9011039734, 37.6839523315, 51.5802536011, 41.3337402344, 30.0438365936, 40.8224105835, 41.4759521484, 37.5779151917, 33.2548599243, 32.6370544434, 34.0137557983, 28.52252388, 28.3491287231, 30.503036499, 26.5736293793, 22.7964477539, 21.8300437927, 24.0055217743, 23.2476902008, 18.849609375, 12.7968358994, 6.18772602081, 2.45295524597, 0.864060759544, 0.143613860011, 0.00407894467935, 0.000183808093425, 7.48857564759e-05],
        "min": [5.60263515581e-06, 0.000268998206593, 0.00252434774302, 0.00691262912005, 0.005537730176, 0.00598806189373, 0.0136297577992, 0.01003490109, 0.0112935565412, 0.0266987401992, 0.054511487484, 0.0750234350562, 0.151659727097, 0.181886419654, 0.30134627223, 0.170673757792, 0.334632754326, 0.366555809975, 0.488815426826, 0.61707597971, 0.353699147701, 0.260786950588, 0.135052785277, 0.356841742992, 0.45805221796, 0.366938322783, 0.311193406582, 0.392413556576, 0.284512877464, 0.244378194213, 0.198469787836, 0.0936683788896, 0.0635661482811, 0.0159174986184, 0.000760995200835, 6.28654161119e-05, 8.13411952549e-06, 1.79531127742e-06, 9.79314222604e-07, 1.13302519367e-06],
        "stdev": [0.638364136219, 4.1325545311, 14.1855430603, 9.37296295166, 5.65849113464, 9.14994430542, 16.9416408539, 18.9372940063, 9.45560646057, 18.492647171, 47.8465118408, 112.195556641, 108.535400391, 109.353919983, 125.591346741, 95.5708999634, 56.0609970093, 80.7501754761, 58.6006851196, 51.1730957031, 42.6946868896, 45.0402603149, 45.2508125305, 30.7153606415, 29.7369060516, 32.0688285828, 28.4343261719, 24.934469223, 25.0109539032, 27.2508792877, 25.8891716003, 25.6377334595, 19.5920524597, 10.0193910599, 4.0707821846, 1.56127333641, 0.331886321306, 0.00887882523239, 0.00029766667285, 4.93556035508e-05]
    },
    "gfcc": {
        "mean": [51.6043205261, 56.4418716431, -118.726470947, 57.3506660461, -63.5294837952, 44.5977630615, -34.1728553772, 22.8559436798, -18.7052021027, 5.77651119232, -11.012752533, 0.718855619431, -4.04423856735],
        "cov": [[2115.42114258, -352.201080322, 212.662857056, 53.3328018188, 62.4223175049, 58.4390144348, -47.6040000916, 72.8185577393, -134.81628418, 86.4463424683, -162.057983398, 36.4337768555, -159.921127319], [-352.201080322, 756.090698242, -54.468132019, 5.75640869141, 63.3396148682, 17.1535949707, 175.378067017, -7.21641349792, 125.283714294, -65.1748733521, 145.134048462, -58.4217414856, 102.484390259], [212.662857056, -54.468132019, 488.554260254, 145.39982605, 114.816856384, 33.3259468079, -29.2294254303, 39.6398200989, -21.951675415, 61.373840332, -63.1979675293, 40.4718666077, -70.9519271851], [53.3328018188, 5.75640869141, 145.39982605, 291.45501709, 110.232078552, 16.8973655701, -0.32012373209, 30.5804691315, 62.6933937073, -6.66416120529, 8.23241233826, -8.89198112488, 8.31447792053], [62.4223175049, 63.3396148682, 114.816856384, 110.232078552, 206.787506104, 106.928833008, 75.4914550781, 30.2872123718, 21.1549167633, 38.1133117676, 3.10183143616, 7.14359760284, -5.45284700394], [58.4390144348, 17.1535949707, 33.3259468079, 16.8973655701, 106.928833008, 196.632522583, 130.353500366, 3.58217573166, -1.77744293213, 32.5106658936, 22.8764209747, -23.6332569122, 5.68475723267], [-47.6040000916, 175.378067017, -29.2294254303, -0.32012373209, 75.4914550781, 130.353500366, 214.582458496, 43.6596412659, 38.0033035278, 10.3844575882, 55.69947052, -19.2005214691, 30.4825897217], [72.8185577393, -7.21641349792, 39.6398200989, 30.5804691315, 30.2872123718, 3.58217573166, 43.6596412659, 122.250297546, 66.7410583496, 5.029047966, -0.464641481638, 17.1482124329, 8.37926959991], [-134.81628418, 125.283714294, -21.951675415, 62.6933937073, 21.1549167633, -1.77744293213, 38.0033035278, 66.7410583496, 142.152420044, 3.66499662399, 52.5178833008, 0.232188507915, 48.5687522888], [86.4463424683, -65.1748733521, 61.373840332, -6.66416120529, 38.1133117676, 32.5106658936, 10.3844575882, 5.029047966, 3.66499662399, 99.3281021118, 9.87354183197, 27.3801307678, -18.6853065491], [-162.057983398, 145.134048462, -63.1979675293, 8.23241233826, 3.10183143616, 22.8764209747, 55.69947052, -0.464641481638, 52.5178833008, 9.87354183197, 123.155487061, 16.5665893555, 59.9163169861], [36.4337768555, -58.4217414856, 40.4718666077, -8.89198112488, 7.14359760284, -23.6332569122, -19.2005214691, 17.1482124329, 0.232188507915, 27.3801307678, 16.5665893555, 102.326316833, 15.5933122635], [-159.921127319, 102.484390259, -70.9519271851, 8.31447792053, -5.45284700394, 5.68475723267, 30.4825897217, 8.37926959991, 48.5687522888, -18.6853065491, 59.9163169861, 15.5933122635, 99.7904586792]],
        "icov": [[0.00068208319135, -0.000345578679116, 0.000296288984828, -0.000602663611062, 0.000515289430041, -0.000811781268567, 0.000546665105503, -0.0012283338001, 0.00113785581198, -0.000811572361272, 0.000707131170202, -0.00052698381478, 0.000671430898365], [-0.000345578679116, 0.00479035405442, -0.00219136988744, 0.00305400090292, -0.00384237454273, 0.00522035965696, -0.00488029140979, 0.00493824621662, -0.00462326221168, 0.00430259248242, -0.00405851006508, 0.0035071936436, -0.00177267438266], [0.000296288984828, -0.00219136988744, 0.00456091901287, -0.00322726019658, 0.00127860694192, -0.00308961351402, 0.00285333464853, -0.00356541550718, 0.00321286520921, -0.00343663222156, 0.0028926723171, -0.00303904805332, 0.00244160112925], [-0.000602663611062, 0.00305400090292, -0.00322726019658, 0.00835403148085, -0.0059694442898, 0.00428710132837, -0.00202922266908, 0.00426995195448, -0.00610231002793, 0.00518848234788, -0.00377173209563, 0.00377955916338, -0.00178642431274], [0.000515289430041, -0.00384237454273, 0.00127860694192, -0.0059694442898, 0.0132841970772, -0.00861530005932, 0.00258774426766, -0.00477353390306, 0.0038794898428, -0.00543606840074, 0.00480079185218, -0.00466122897342, 0.00194520910736], [-0.000811781268567, 0.00522035965696, -0.00308961351402, 0.00428710132837, -0.00861530005932, 0.0183002930135, -0.0115923183039, 0.00770633947104, -0.00379839655943, 0.00244505796582, -0.00465253880247, 0.00691463425756, -0.00381594267674], [0.000546665105503, -0.00488029140979, 0.00285333464853, -0.00202922266908, 0.00258774426766, -0.0115923183039, 0.0159489158541, -0.00957480818033, 0.00520894303918, -0.00330466544256, 0.00036662054481, -0.00200152467005, 0.0017584603047], [-0.0012283338001, 0.00493824621662, -0.00356541550718, 0.00426995195448, -0.00477353390306, 0.00770633947104, -0.00957480818033, 0.021125074476, -0.0140809603035, 0.00622940296307, -0.000370375841158, 0.000438396702521, -0.00130616209935], [0.00113785581198, -0.00462326221168, 0.00321286520921, -0.00610231002793, 0.0038794898428, -0.00379839655943, 0.00520894303918, -0.0140809603035, 0.0209037736058, -0.00757241994143, -1.59841256391e-05, -0.000348655361449, -0.00214388780296], [-0.000811572361272, 0.00430259248242, -0.00343663222156, 0.00518848234788, -0.00543606840074, 0.00244505796582, -0.00330466544256, 0.00622940296307, -0.00757241994143, 0.0189983211458, -0.00660322839394, -0.000581077416427, 0.00275335437618], [0.000707131170202, -0.00405851006508, 0.0028926723171, -0.00377173209563, 0.00480079185218, -0.00465253880247, 0.00036662054481, -0.000370375841158, -1.59841256391e-05, -0.00660322839394, 0.0193352326751, -0.00610941881314, -0.00376451411285], [-0.00052698381478, 0.0035071936436, -0.00303904805332, 0.00377955916338, -0.00466122897342, 0.00691463425756, -0.00200152467005, 0.000438396702521, -0.000348655361449, -0.000581077416427, -0.00610941881314, 0.0170148890465, -0.00592576758936], [0.000671430898365, -0.00177267438266, 0.00244160112925, -0.00178642431274, 0.00194520910736, -0.00381594267674, 0.0017584603047, -0.00130616209935, -0.00214388780296, 0.00275335437618, -0.00376451411285, -0.00592576758936, 0.0194438453764]]
    },
    "melbands": {
        "max": [0.0299122445285, 0.0417345501482, 0.0209958553314, 0.008012319915, 0.0125406580046, 0.00576035585254, 0.00173817237373, 0.00435121217743, 0.00595077779144, 0.011527352035, 0.00933055114001, 0.00779846124351, 0.0104093132541, 0.00576623948291, 0.00234474497847, 0.00187045079656, 0.00332221901044, 0.00102525670081, 0.00138955179136, 0.000551477714907, 0.000749063445255, 0.0011147854384, 0.00076888804324, 0.000554370868485, 0.000568144372664, 0.000251272052992, 0.000335583317792, 0.000222173475777, 0.000188526988495, 0.00019141555822, 0.000170927858562, 0.000130140208057, 0.000145858008182, 0.000178460482857, 0.000171570616658, 0.000225141615374, 0.000197038534679, 0.000249068078119, 0.000142503966345, 9.52054688241e-05],
        "mean": [0.00544112175703, 0.00415295129642, 0.000847241608426, 0.000246173178311, 0.000261749315541, 0.000239960922045, 9.1650232207e-05, 0.000104794911749, 0.000170894825715, 0.000302454485791, 0.000231747122598, 0.000142792036058, 0.000180098475539, 0.000135967362439, 6.76405397826e-05, 6.73219255987e-05, 7.59008253226e-05, 6.47790366202e-05, 5.98296792305e-05, 3.94134003727e-05, 3.86815445381e-05, 3.26646259055e-05, 3.40122169291e-05, 2.90749921987e-05, 2.21417121793e-05, 2.01457241928e-05, 2.13744242501e-05, 1.99246369448e-05, 1.71704668901e-05, 1.41034824992e-05, 1.30240086946e-05, 1.2019226233e-05, 1.27381908896e-05, 1.3435236724e-05, 1.34234096549e-05, 1.25003953144e-05, 1.12467632789e-05, 9.42076985666e-06, 7.14195311957e-06, 4.54012297268e-06],
        "min": [8.46629433227e-08, 1.57633189701e-06, 1.20242850699e-06, 9.81276002676e-07, 4.42069392648e-07, 1.68189671967e-07, 1.79421249413e-07, 9.35764461474e-08, 1.56613680247e-07, 3.20941978771e-07, 4.104980178e-07, 2.19193793782e-07, 2.90844297979e-07, 1.36593769184e-07, 2.53192752098e-07, 5.52574249468e-07, 3.76414448056e-07, 5.46315334304e-07, 5.03400485741e-07, 2.09820598229e-07, 2.56259227172e-07, 1.79132456424e-07, 1.82365003099e-08, 2.38424718191e-07, 2.40878449631e-07, 2.6661746233e-07, 2.44017741124e-07, 2.42454859745e-07, 1.91703605879e-07, 1.03883202485e-07, 2.15059941411e-07, 1.3405301047e-07, 4.92897918036e-08, 1.33202775032e-07, 1.30438166934e-07, 5.83635326734e-08, 1.14241869298e-08, 5.38662732197e-08, 2.06091748112e-08, 6.47819076161e-10],
        "stdev": [0.00520937051624, 0.00578286452219, 0.00144504767377, 0.000475407461636, 0.000540267967153, 0.000393364956835, 0.000137174836709, 0.000216302840272, 0.000414879265008, 0.000721340416931, 0.000547635660041, 0.000453329354059, 0.000510181882419, 0.00036174809793, 0.000121893965115, 0.000125430145999, 0.000167059959495, 9.80570257525e-05, 9.40946338233e-05, 5.00286005263e-05, 5.26102048752e-05, 4.60948467662e-05, 5.53275385755e-05, 3.94183662138e-05, 2.58181717072e-05, 2.22799335461e-05, 2.63174188149e-05, 2.19701578317e-05, 1.93820978893e-05, 1.64465291164e-05, 1.51858657773e-05, 1.42472135849e-05, 1.53005239554e-05, 1.53694727487e-05, 1.49040561155e-05, 1.63749591593e-05, 1.60940799105e-05, 1.47776154336e-05, 1.1375055692e-05, 7.59826025387e-06]
    },
    "melbands128": {
        "max": [0.00847875699401, 0.0385707058012, 0.0502183586359, 0.0526576191187, 0.0598570220172, 0.0443756505847, 0.0326103158295, 0.0176943540573, 0.0123074585572, 0.00956166069955, 0.00842660851777, 0.0120856752619, 0.0224024727941, 0.00758533645421, 0.00923263281584, 0.00717159640044, 0.00346778379753, 0.00264495005831, 0.00313235586509, 0.00749571621418, 0.00442964630201, 0.00894294213504, 0.0107626440004, 0.00996695272624, 0.0206453390419, 0.0164693873376, 0.0136533090845, 0.0138826519251, 0.0149040697142, 0.0101960515603, 0.0131649468094, 0.0107165509835, 0.0216345489025, 0.00858326535672, 0.00653708539903, 0.012003117241, 0.00588945206255, 0.00380435888655, 0.00299815507606, 0.00500023365021, 0.00184112496208, 0.00515067158267, 0.0052870195359, 0.00394439697266, 0.00227579544298, 0.00207056105137, 0.0034697081428, 0.00198230147362, 0.00237351888791, 0.00153012259398, 0.000789340410847, 0.000750912644435, 0.00198035058565, 0.000831935845781, 0.000571097596548, 0.000765932549257, 0.00330947549082, 0.00201445072889, 0.00139170279726, 0.00125447742175, 0.00121986761224, 0.000841734348796, 0.00156993896235, 0.000597791979089, 0.000358459888957, 0.000367980304873, 0.000528407515958, 0.000323568412568, 0.000838476000354, 0.000475438399008, 0.000455605913885, 0.000350701622665, 0.000302280590404, 0.000322872772813, 0.000194247433683, 0.00046337506501, 0.000164849916473, 0.00021666646353, 0.000209402191103, 0.000222439251957, 0.000160675146617, 0.000159965042258, 0.00019494452863, 0.000209187201108, 0.000211356134969, 0.000243161252001, 0.00022070320847, 0.000188735459233, 0.000217488748604, 0.000191163198906, 0.000252656522207, 0.00027815712383, 0.000283730536466, 0.000274785881629, 0.000232589503867, 0.000330194918206, 0.000265133159701, 0.00023654079996, 0.000161681804457, 0.000187217650819, 0.000133557317895, 9.13991898415e-05, 8.59996653162e-05, 6.993401621e-05, 6.86306157149e-05, 5.89741212025e-05, 6.03637054155e-05, 3.36984594469e-05, 2.99431849271e-05, 4.07161423936e-05, 3.61240490747e-05, 3.85853818443e-05, 2.20275651373e-05, 1.22632116017e-06, 1.10053554181e-06, 7.4957341667e-07, 2.07987497447e-07, 3.17919983672e-08, 3.05996969985e-08, 2.95042319465e-08, 2.85143606504e-08, 2.77053899822e-08, 2.70448978767e-08, 2.644937247e-08, 2.59907455558e-08, 2.56266723397e-08, 2.53452761001e-08, 2.51829206377e-08],
        "mean": [0.000673014845233, 0.00498316949233, 0.00763096520677, 0.00607441598549, 0.00431478582323, 0.00257313228212, 0.0010742401937, 0.000426703394623, 0.000299691804685, 0.000200028225663, 0.000242662514211, 0.000278480409179, 0.00025323141017, 0.000259218126303, 0.000286582799163, 0.000226417076192, 9.52923946897e-05, 6.3381055952e-05, 7.99176195869e-05, 0.000113277310447, 9.60237739491e-05, 0.000143784985994, 0.000174982356839, 0.000185451222933, 0.000329519039951, 0.000315350014716, 0.000329586007865, 0.000241795511101, 0.000132916567964, 0.000138734525535, 0.000137322233059, 0.000158190508955, 0.000251579127507, 0.000120860968309, 0.000135641006636, 0.000169132574229, 8.91478557605e-05, 5.22927402926e-05, 6.00897074037e-05, 7.1453381679e-05, 5.38086896995e-05, 8.76256381162e-05, 8.45338363433e-05, 6.29379428574e-05, 6.63416431053e-05, 6.33318486507e-05, 6.93652982591e-05, 5.9023292124e-05, 5.85556663282e-05, 5.03214032506e-05, 3.18801830872e-05, 3.09363786073e-05, 4.96732791362e-05, 3.50822519977e-05, 3.22822597809e-05, 3.28270289174e-05, 2.91181859211e-05, 4.17346018367e-05, 3.31480368914e-05, 2.6712561521e-05, 3.20449798892e-05, 2.75932652585e-05, 2.20680703933e-05, 2.1124160412e-05, 2.11230872083e-05, 2.02659521165e-05, 1.86476408999e-05, 2.1546957214e-05, 2.24138766498e-05, 2.0881261662e-05, 2.03791678359e-05, 1.92482239072e-05, 1.80568949872e-05, 1.71171195689e-05, 1.54202098201e-05, 1.50673367898e-05, 1.32087780003e-05, 1.219517344e-05, 1.42230483107e-05, 1.22471901705e-05, 1.17154568215e-05, 1.19985734273e-05, 1.21285975183e-05, 1.23299669212e-05, 1.38237246574e-05, 1.40498932524e-05, 1.28518695419e-05, 1.30234411699e-05, 1.35910740937e-05, 1.37556826303e-05, 1.31208244056e-05, 1.20758240882e-05, 1.14527611004e-05, 1.1750230442e-05, 1.07153437057e-05, 1.010770211e-05, 9.2769978437e-06, 8.25474762678e-06, 7.61780938774e-06, 6.36408003629e-06, 5.33981483386e-06, 4.33998366134e-06, 3.45769740306e-06, 2.95858467325e-06, 2.67039081336e-06, 2.35015090766e-06, 2.47718412538e-06, 1.90660921362e-06, 1.36638357162e-06, 9.8255679859e-07, 9.5380505627e-07, 7.95851747171e-07, 3.34757061182e-07, 1.63182356516e-08, 1.17735003968e-08, 1.12023483823e-08, 2.33804819949e-09, 1.79212027163e-11, 1.6163721403e-11, 1.55957833453e-11, 1.50984572067e-11, 1.47044459942e-11, 1.43500237734e-11, 1.40357950956e-11, 1.37060996233e-11, 1.33416559051e-11, 1.31103253254e-11, 1.30139189355e-11],
        "min": [8.04276822919e-09, 2.17242690503e-09, 1.50731267468e-08, 3.10833115691e-07, 1.63594052083e-07, 5.15412580171e-07, 3.38412206702e-07, 3.01048430629e-07, 2.5253953595e-07, 2.19955950342e-07, 1.11305213935e-08, 9.65541460118e-08, 1.54357493898e-07, 1.47899783087e-07, 1.2424276008e-07, 1.91312832243e-08, 9.47045819544e-08, 2.19288907033e-08, 4.31857500871e-08, 1.52685117882e-08, 5.73712739538e-08, 1.8679127578e-08, 3.89160703662e-08, 4.41246470473e-08, 1.90630373709e-07, 7.14260508516e-08, 3.12261988711e-07, 1.64213417975e-07, 6.41677218027e-08, 5.21286906974e-08, 4.50862955859e-08, 2.31247092586e-08, 1.03950476671e-07, 1.31487240651e-07, 5.9011664888e-08, 3.45500374976e-08, 2.99055962216e-08, 4.11371310349e-08, 2.51180765076e-08, 1.07864750021e-07, 7.19876993571e-08, 1.62831330641e-08, 4.30269970764e-08, 1.03923170514e-07, 6.46796962656e-08, 9.55058823138e-08, 1.69471960021e-07, 1.48611334794e-07, 1.20717075447e-07, 1.78722586952e-07, 7.93327359361e-08, 1.79346635321e-08, 2.19861853168e-08, 7.43275236914e-08, 6.76170444081e-08, 2.7226413124e-08, 3.12670458413e-08, 2.27717644741e-09, 1.69362159852e-08, 1.46345131569e-08, 1.13398579416e-08, 7.16773573828e-09, 1.20987317942e-08, 6.59269545622e-08, 9.39578086445e-08, 5.74166882927e-08, 7.1169111493e-08, 6.01661014343e-08, 9.65990025747e-08, 4.29445350392e-08, 8.10876343849e-08, 8.48133794307e-08, 1.16363445102e-07, 1.24080429487e-07, 4.47474874932e-08, 1.43883420733e-08, 6.96398885225e-08, 5.02231820576e-08, 8.33891604657e-08, 2.91820843046e-08, 3.59757166279e-08, 5.3132154676e-08, 1.94388452002e-08, 4.96137033679e-08, 5.80766297276e-08, 6.93200945534e-08, 6.72061446494e-08, 1.22372568967e-07, 1.10828608513e-07, 1.31795957259e-07, 5.54563435173e-08, 4.53952502255e-08, 2.35977957175e-08, 7.90697196607e-09, 4.57659998787e-09, 3.21842530404e-09, 2.57573482543e-08, 5.2909014947e-09, 4.5043231367e-09, 7.37639060944e-10, 5.73037839402e-10, 1.67333126522e-11, 3.80394890934e-12, 1.3855958915e-11, 5.36248172603e-12, 9.58187847643e-13, 5.39219764759e-13, 5.1939220069e-13, 4.17829345341e-13, 3.4088817923e-13, 3.11907265424e-13, 3.44752248667e-13, 2.19015859051e-13, 2.46351685796e-13, 2.25893617505e-13, 2.36144735493e-13, 2.51000012875e-13, 2.05957023354e-13, 1.87524326037e-13, 2.23551347789e-13, 1.64668883455e-13, 2.23662207461e-13, 1.72175397854e-13, 2.04422240311e-13, 1.26757599642e-13, 5.42681337693e-14, 7.69924065231e-15, 3.4360058265e-16],
        "stdev": [0.0008658732404, 0.00540368165821, 0.00848676636815, 0.00722158420831, 0.00826081633568, 0.00536377262324, 0.00207220646553, 0.000772687955759, 0.000629521498922, 0.00051535241073, 0.000572145858314, 0.000734726898372, 0.000773058796767, 0.000532301957719, 0.000586996844504, 0.000460242823465, 0.000230933335843, 0.000128346902784, 0.000142009666888, 0.000305145484162, 0.000280541018583, 0.000451661937404, 0.000634646217804, 0.000509219593368, 0.00111203582492, 0.000924586551264, 0.000804157112725, 0.000858813873492, 0.000523286231328, 0.000611774390563, 0.000622113409918, 0.000568208575714, 0.000921075232327, 0.000383504055208, 0.000409888772992, 0.000631025293842, 0.0002670167014, 0.000132642599056, 0.000137363109388, 0.000235585699556, 0.000119981050375, 0.000217902823351, 0.000258038693573, 0.000208521145396, 0.000149103623698, 0.000119279400678, 0.000169889171957, 0.000128307452542, 0.0001310371008, 9.13291441975e-05, 5.67871720705e-05, 5.29111894139e-05, 9.6978234069e-05, 5.72468052269e-05, 5.32555532118e-05, 6.07471374678e-05, 7.96849853941e-05, 9.21804166865e-05, 7.22134136595e-05, 5.2120838518e-05, 5.76375241508e-05, 4.76232198707e-05, 4.15911454184e-05, 3.01576710626e-05, 2.68128842436e-05, 2.98389550153e-05, 2.56949697359e-05, 2.80409203697e-05, 4.48053469881e-05, 2.99726634694e-05, 2.89021045319e-05, 2.72621891781e-05, 2.53653433901e-05, 2.52491827268e-05, 2.04985335586e-05, 2.41496400122e-05, 1.67260768649e-05, 1.52599986905e-05, 1.97661356651e-05, 1.65177552844e-05, 1.60326289915e-05, 1.54376357386e-05, 1.64406010299e-05, 1.63262175192e-05, 1.92454335775e-05, 1.91009003174e-05, 1.54538174684e-05, 1.59275059559e-05, 1.69978975464e-05, 1.71398442035e-05, 1.91147191799e-05, 1.73260941665e-05, 1.77178826561e-05, 1.77353213076e-05, 1.66890476976e-05, 1.74375400093e-05, 1.52170741785e-05, 1.41425398397e-05, 1.24341677292e-05, 1.08995827759e-05, 9.76687988441e-06, 7.63476054999e-06, 5.93745562583e-06, 5.62582317798e-06, 5.05920115756e-06, 4.28944122177e-06, 4.3036070565e-06, 3.45970806848e-06, 2.93601306112e-06, 2.43292834057e-06, 2.51386268246e-06, 2.04239631785e-06, 9.89173599919e-07, 5.72321674497e-08, 4.49772592503e-08, 4.02698958624e-08, 9.15207998275e-09, 5.37744571094e-10, 5.17546672185e-10, 4.99011276744e-10, 4.82272721758e-10, 4.68587058045e-10, 4.57415966215e-10, 4.47336473419e-10, 4.39587533041e-10, 4.33428543056e-10, 4.28670904329e-10, 4.25924490122e-10]
    },
    "mfcc": {
        "mean": [-581.920776367, 71.1053009033, 12.0402231216, 17.8886241913, 10.4111213684, 16.1339664459, 8.62668323517, 14.5903596878, 5.71552324295, 11.7725524902, 0.451798141003, 3.55776238441, 0.811335980892],
        "cov": [[1982.38134766, -277.518676758, 11.9633636475, 28.6956443787, 22.6643714905, 2.13573026657, 21.80327034, -11.0588216782, 24.1193313599, -14.361246109, 20.2121696472, -13.6501245499, -14.1567668915], [-277.518676758, 580.06652832, -10.4306583405, -12.7768192291, -38.3293914795, 32.7565956116, 68.8905563354, 48.6989631653, -4.45045423508, 61.7949562073, 6.81559610367, 24.4360084534, 11.0015611649], [11.9633636475, -10.4306583405, 300.07635498, 105.552619934, 85.7360458374, 18.0869102478, 1.35454285145, 2.56622958183, 23.4692249298, -21.7758827209, 27.7046222687, 21.129322052, 10.0757274628], [28.6956443787, -12.7768192291, 105.552619934, 235.70401001, 115.816131592, 2.06749916077, -23.6832256317, 31.8418617249, 39.2266731262, -10.8240175247, 19.6773681641, 37.9929504395, 10.9530124664], [22.6643714905, -38.3293914795, 85.7360458374, 115.816131592, 178.190612793, 39.1270179749, -2.63968777657, 18.1835308075, 38.9265289307, 3.06895184517, 13.8974275589, 18.7561035156, 16.1028213501], [2.13573026657, 32.7565956116, 18.0869102478, 2.06749916077, 39.1270179749, 199.229797363, 117.947738647, 8.41990184784, 10.5323448181, 51.53175354, 17.4854125977, -9.94417190552, 26.5753803253], [21.80327034, 68.8905563354, 1.35454285145, -23.6832256317, -2.63968777657, 117.947738647, 176.495437622, 42.3725318909, 15.584151268, 58.5251998901, 11.5186862946, -5.56713581085, 17.1697788239], [-11.0588216782, 48.6989631653, 2.56622958183, 31.8418617249, 18.1835308075, 8.41990184784, 42.3725318909, 115.392501831, 55.4736862183, 26.0552997589, 16.5604763031, 21.0863418579, 9.44342327118], [24.1193313599, -4.45045423508, 23.4692249298, 39.2266731262, 38.9265289307, 10.5323448181, 15.584151268, 55.4736862183, 99.9861907959, 40.4614639282, 20.3580169678, 10.0787420273, 8.85154438019], [-14.361246109, 61.7949562073, -21.7758827209, -10.8240175247, 3.06895184517, 51.53175354, 58.5251998901, 26.0552997589, 40.4614639282, 108.871749878, 29.3312625885, 1.52051877975, 9.05778312683], [20.2121696472, 6.81559610367, 27.7046222687, 19.6773681641, 13.8974275589, 17.4854125977, 11.5186862946, 16.5604763031, 20.3580169678, 29.3312625885, 74.9307403564, 31.6410121918, 7.67654657364], [-13.6501245499, 24.4360084534, 21.129322052, 37.9929504395, 18.7561035156, -9.94417190552, -5.56713581085, 21.0863418579, 10.0787420273, 1.52051877975, 31.6410121918, 76.7078933716, 26.9036464691], [-14.1567668915, 11.0015611649, 10.0757274628, 10.9530124664, 16.1028213501, 26.5753803253, 17.1697788239, 9.44342327118, 8.85154438019, 9.05778312683, 7.67654657364, 26.9036464691, 65.5511016846]],
        "icov": [[0.000552915094886, 0.000269605137873, 3.96169671149e-05, -9.89288382698e-05, 2.28643311857e-05, 0.00010680041305, -0.000301512365695, 0.000121180419228, -0.000146454607602, 0.000102865051304, -0.000214074563701, 7.51393163227e-05, 9.69985849224e-05], [0.000269605137873, 0.0021863062866, -0.000209707286558, -0.000168167403899, 0.000560293963645, 1.15973698485e-05, -0.000400137651013, -0.000902208150364, 0.000999312382191, -0.00139482959639, 0.000617227167822, -0.000843922782224, 0.000175947789103], [3.96169671149e-05, -0.000209707286558, 0.00449350848794, -0.0013164220145, -0.00119456299581, 0.000111579291115, -0.000923203479033, 0.00114553002641, -0.00104422064032, 0.00198635621928, -0.00183721177746, 0.000321882311255, -0.000152399559738], [-9.89288382698e-05, -0.000168167403899, -0.0013164220145, 0.00740265846252, -0.00372109026648, -0.000171853302163, 0.00114764564205, -0.00124548014719, -0.000732446147595, 0.000598539540078, 0.000244565220783, -0.00222988869064, 0.000737631286029], [2.28643311857e-05, 0.000560293963645, -0.00119456299581, -0.00372109026648, 0.0097795734182, -0.00253099598922, 0.00134832726326, -2.80687727354e-05, -0.00197839504108, -0.000137726878165, 0.000786494405475, -0.000457914866274, -0.000627110304777], [0.00010680041305, 1.15973698485e-05, 0.000111579291115, -0.000171853302163, -0.00253099598922, 0.010330545716, -0.00663542281836, 0.002117828466, 0.000663386774249, -0.0012613722356, -0.00195598788559, 0.002728165593, -0.00290673249401], [-0.000301512365695, -0.000400137651013, -0.000923203479033, 0.00114764564205, 0.00134832726326, -0.00663542281836, 0.0125322695822, -0.00478920713067, 0.00179856363684, -0.00339365517721, 0.00139286497142, 0.000150636871695, -0.00028044442297], [0.000121180419228, -0.000902208150364, 0.00114553002641, -0.00124548014719, -2.80687727354e-05, 0.002117828466, -0.00478920713067, 0.0149174407125, -0.0079676695168, 0.00177629769314, -0.000649675901514, -0.00240156496875, 0.00035550488974], [-0.000146454607602, 0.000999312382191, -0.00104422064032, -0.000732446147595, -0.00197839504108, 0.000663386774249, 0.00179856363684, -0.0079676695168, 0.0182465389371, -0.00671557243913, -0.000666869571432, 0.00160715228412, -0.00114010705147], [0.000102865051304, -0.00139482959639, 0.00198635621928, 0.000598539540078, -0.000137726878165, -0.0012613722356, -0.00339365517721, 0.00177629769314, -0.00671557243913, 0.016485767439, -0.00569118559361, 0.00180353142787, -0.00041569507448], [-0.000214074563701, 0.000617227167822, -0.00183721177746, 0.000244565220783, 0.000786494405475, -0.00195598788559, 0.00139286497142, -0.000649675901514, -0.000666869571432, -0.00569118559361, 0.0201674699783, -0.00906581804156, 0.00265574757941], [7.51393163227e-05, -0.000843922782224, 0.000321882311255, -0.00222988869064, -0.000457914866274, 0.002728165593, 0.000150636871695, -0.00240156496875, 0.00160715228412, 0.00180353142787, -0.00906581804156, 0.0219930838794, -0.00863705482334], [9.69985849224e-05, 0.000175947789103, -0.000152399559738, 0.000737631286029, -0.000627110304777, -0.00290673249401, -0.00028044442297, 0.00035550488974, -0.00114010705147, -0.00041569507448, 0.00265574757941, -0.00863705482334, 0.019946815446]]
    },
    "spectral_contrast_coeffs": {
        "max": [-0.420979619026, -0.416492074728, -0.41969281435, -0.524013221264, -0.590815186501, -0.592236161232],
        "mean": [-0.744998931885, -0.765340566635, -0.759100079536, -0.786316156387, -0.783971905708, -0.766281604767],
        "min": [-0.914521455765, -0.944058477879, -0.910636544228, -0.904914975166, -0.875097453594, -0.863149225712],
        "stdev": [0.0696735680103, 0.0818535909057, 0.0846647247672, 0.053174905479, 0.0397885851562, 0.0293073654175]
    },
    "spectral_contrast_valleys": {
        "max": [-4.84674406052, -5.23875951767, -5.51867818832, -5.39328193665, -5.63240003586, -7.03687477112],
        "mean": [-6.50182533264, -6.83433198929, -7.03069496155, -7.11636066437, -6.88619709015, -8.86769866943],
        "min": [-9.2698507309, -9.120054245, -9.05171585083, -9.05794239044, -9.20745563507, -11.7278261185],
        "stdev": [0.661894857883, 0.592222690582, 0.529373526573, 0.523993551731, 0.535165011883, 0.679090261459]
    }
},
"rhythm": {
    "beats_count": 149,
    "beats_loudness": {
        "max": 0.132555648685,
        "mean": 0.0752057284117,
        "min": 0.0184592287987,
        "stdev": 0.0242342948914
    },
    "bpm": 110.094085693,
    "bpm_histogram_first_peak_bpm": 110,
    "bpm_histogram_first_peak_weight": 0.125,
    "bpm_histogram_second_peak_bpm": 115,
    "bpm_histogram_second_peak_spread": 0.5,
    "bpm_histogram_second_peak_weight": 0.0135135138407,
    "danceability": 1.57367646694,
    "onset_rate": 3.86422395706,
    "beats_loudness_band_ratio": {
        "max": [0.98533397913, 0.231980338693, 0.491944551468, 0.631618261337, 0.165172770619, 0.450932592154],
        "mean": [0.712736725807, 0.0271551944315, 0.0891224890947, 0.0763654410839, 0.046888705343, 0.0583734624088],
        "min": [0.0912326574326, 0.00084185419837, 0.000580712279771, 0.00170677539427, 0.00272892299108, 0.00715329591185],
        "stdev": [0.186842247844, 0.0328623987734, 0.111042797565, 0.10832426697, 0.0366089753807, 0.0598092675209]
    },
