{
"metadata": {
    "version": {
        "essentia": "2.1-beta5",
        "essentia_git_sha": "Undefined",
        "extractor": "music 2.0"
    },
    "audio_properties": {
        "analysis": {
            "equal_loudness": 0,
            "length": 32.4963264465,
            "sample_rate": 44100,
            "start_time": 110.248344421,
            "downmix": "mix"
        },
        "bit_rate": 192000,
        "length": 210.047714233,
        "lossless": 0,
        "number_channels": 2,
        "replay_gain": -6.08749389648,
        "sample_rate": 44100,
        "codec": "mp3",
        "md5_encoded": "ee64d09a943cca40fd81a685aa48dfff"
    },
    "tags": {
        "file_name": "Slovenia_Verjamem_Eva Boto.mp3",
        "encoding": ["Lavf58.29.100"]
    }
},
"lowlevel": {
    "average_loudness": 0.96964019537,
    "barkbands_crest": {
        "max": 24.9413032532,
        "mean": 9.20219993591,
        "min": 2.88297772408,
        "stdev": 3.85172986984
    },
    "barkbands_flatness_db": {
        "max": 0.254313319921,
        "mean": 0.132957100868,
        "min": 0.0599949583411,
        "stdev": 0.0285666529089
    },
    "barkbands_kurtosis": {
        "max": 66.0927047729,
        "mean": 1.96958553791,
        "min": -1.85580408573,
        "stdev": 4.93593072891
    },
    "barkbands_skewness": {
        "max": 7.80376625061,
        "mean": 1.10009300709,
        "min": -1.03602910042,
        "stdev": 0.996849894524
    },
    "barkbands_spread": {
        "max": 105.824920654,
        "mean": 28.2118930817,
        "min": 4.43441915512,
        "stdev": 15.0797777176
    },
    "dissonance": {
        "max": 0.499566942453,
        "mean": 0.463327795267,
        "min": 0.356820255518,
        "stdev": 0.0250170305371
    },
    "dynamic_complexity": 1.83492457867,
    "erbbands_crest": {
        "max": 27.3110466003,
        "mean": 9.2605381012,
        "min": 2.45426440239,
        "stdev": 4.27852249146
    },
    "erbbands_flatness_db": {
        "max": 0.27473667264,
        "mean": 0.157668411732,
        "min": 0.0695478618145,
        "stdev": 0.037680696696
    },
    "erbbands_kurtosis": {
        "max": 11.1894578934,
        "mean": 0.557080924511,
        "min": -1.60537099838,
        "stdev": 1.70409929752
    },
    "erbbands_skewness": {
        "max": 2.78460097313,
        "mean": 0.322054475546,
        "min": -2.1690890789,
        "stdev": 0.741840481758
    },
    "erbbands_spread": {
        "max": 111.799781799,
        "mean": 38.0884742737,
        "min": 7.65132570267,
        "stdev": 17.5085163116
    },
    "hfc": {
        "max": 158.938446045,
        "mean": 26.3520259857,
        "min": 0.925173521042,
        "stdev": 16.81640625
    },
    "loudness_ebu128": {
        "integrated": -17.0506954193,
        "loudness_range": 2.20177268982,
        "momentary": {
            "max": -14.5692386627,
            "mean": -17.2622070312,
            "min": -21.8050365448,
            "stdev": 1.39933335781
        },
        "short_term": {
            "max": -15.3826408386,
            "mean": -17.2145576477,
            "min": -19.2777996063,
            "stdev": 0.878431379795
        }
    },
    "melbands_crest": {
        "max": 28.8041706085,
        "mean": 12.527671814,
        "min": 4.07706975937,
        "stdev": 4.5600605011
    },
    "melbands_flatness_db": {
        "max": 0.335241794586,
        "mean": 0.165178433061,
        "min": 0.0429090335965,
        "stdev": 0.0421774126589
    },
    "melbands_kurtosis": {
        "max": 233.94934082,
        "mean": 8.82238864899,
        "min": -1.64476251602,
        "stdev": 14.8809041977
    },
    "melbands_skewness": {
        "max": 12.8007144928,
        "mean": 2.13120961189,
        "min": -0.679331898689,
        "stdev": 1.45721888542
    },
    "melbands_spread": {
        "max": 159.51109314,
        "mean": 31.2375526428,
        "min": 1.96292877197,
        "stdev": 18.8084754944
    },
    "pitch_salience": {
        "max": 0.807318091393,
        "mean": 0.534708499908,
        "min": 0.125058591366,
        "stdev": 0.101420350373
    },
    "silence_rate_20dB": {
        "max": 1,
        "mean": 1,
        "min": 1,
        "stdev": 0
    },
    "silence_rate_30dB": {
        "max": 1,
        "mean": 1,
        "min": 1,
        "stdev": 0
    },
    "silence_rate_60dB": {
        "max": 1,
        "mean": 0.0021413275972,
        "min": 0,
        "stdev": 0.0462243705988
    },
    "spectral_centroid": {
        "max": 3966.81884766,
        "mean": 1607.83740234,
        "min": 352.333282471,
        "stdev": 548.041809082
    },
    "spectral_complexity": {
        "max": 44,
        "mean": 21.1349029541,
        "min": 0,
        "stdev": 6.50719976425
    },
    "spectral_decrease": {
        "max": -1.3086595696e-10,
        "mean": -6.78596911996e-09,
        "min": -3.0363526804e-08,
        "stdev": 3.59950824702e-09
    },
    "spectral_energy": {
        "max": 0.116064615548,
        "mean": 0.0280020516366,
        "min": 0.000577835657168,
        "stdev": 0.0140986908227
    },
    "spectral_energyband_high": {
        "max": 0.0157456528395,
        "mean": 0.00119838875253,
        "min": 2.56260373135e-05,
        "stdev": 0.00147506338544
    },
    "spectral_energyband_low": {
        "max": 0.111727833748,
        "mean": 0.00909631885588,
        "min": 4.26934748248e-05,
        "stdev": 0.0114442920312
    },
    "spectral_energyband_middle_high": {
        "max": 0.0475932173431,
        "mean": 0.00866284780204,
        "min": 0.000300740241073,
        "stdev": 0.0073131211102
    },
    "spectral_energyband_middle_low": {
        "max": 0.0471911914647,
        "mean": 0.00972113013268,
        "min": 9.82312194537e-05,
        "stdev": 0.00653007952496
    },
    "spectral_entropy": {
        "max": 8.75217914581,
        "mean": 7.66146326065,
        "min": 6.81023645401,
        "stdev": 0.326809495687
    },
    "spectral_flux": {
        "max": 0.268318623304,
        "mean": 0.0888120979071,
        "min": 0.0265518631786,
        "stdev": 0.0353065282106
    },
    "spectral_kurtosis": {
        "max": 16.216714859,
        "mean": 2.70340776443,
        "min": -1.18088030815,
        "stdev": 1.48083150387
    },
    "spectral_rms": {
        "max": 0.0106411362067,
        "mean": 0.00506130792201,
        "min": 0.000750827603042,
        "stdev": 0.00130468932912
    },
    "spectral_rolloff": {
        "max": 11606.3964844,
        "mean": 1823.54260254,
        "min": 86.1328125,
        "stdev": 1772.81445312
    },
    "spectral_skewness": {
        "max": 2.88095164299,
        "mean": 1.29941606522,
        "min": 0.247612550855,
        "stdev": 0.291684687138
    },
    "spectral_spread": {
        "max": 15288220,
        "mean": 4891578,
        "min": 2553823,
        "stdev": 1655106.875
    },
    "spectral_strongpeak": {
        "max": 12.0445308685,
        "mean": 1.17525005341,
        "min": 0,
        "stdev": 1.57069242001
    },
    "zerocrossingrate": {
        "max": 0.36083984375,
        "mean": 0.0719087347388,
        "min": 0.0107421875,
        "stdev": 0.0412626601756
    },
    "barkbands": {
        "max": [0.00137253629509, 0.107214905322, 0.0268215425313, 0.0174625180662, 0.0221502892673, 0.0250068940222, 0.0262751877308, 0.0217431355268, 0.0272290799767, 0.0210757832974, 0.0407930091023, 0.0366142764688, 0.00898653268814, 0.0133668985218, 0.00868106726557, 0.00894182641059, 0.01396319177, 0.00793114304543, 0.00359589722939, 0.00657745730132, 0.00153780623805, 0.002925475128, 0.0031072194688, 0.00332496664487, 0.00620436947793, 0.00296785053797, 3.51670882992e-06],
        "mean": [0.000126617596834, 0.00713738845661, 0.00148142536636, 0.000972736161202, 0.00233001727611, 0.00178306316957, 0.00154124200344, 0.00103188259527, 0.00149385922123, 0.00151544634718, 0.00216677458957, 0.00107658084016, 0.000630545429885, 0.00071153533645, 0.000361357233487, 0.000569993106183, 0.000724926416297, 0.000539815460797, 0.000314016040647, 0.000644364394248, 0.00011341075151, 0.000129655614728, 0.000218786444748, 0.000210746322409, 0.000144617370097, 3.1240957469e-05, 3.75655284657e-09],
        "min": [5.38182582943e-08, 6.7061810114e-06, 1.37204438033e-07, 3.20026447298e-06, 3.08990638587e-05, 2.65599628619e-05, 9.05839385723e-07, 1.52694065036e-06, 1.17438912639e-05, 1.06768065962e-05, 2.60949900621e-06, 1.50925575326e-06, 1.66658071521e-06, 1.25247061078e-06, 7.92790501691e-07, 3.12776319333e-06, 9.0049077528e-08, 5.16933232575e-06, 4.92262597618e-06, 8.41897326609e-06, 1.57718466198e-06, 1.20561526273e-06, 4.0336371967e-06, 3.30373632096e-06, 7.17971886388e-08, 4.82968907922e-11, 4.748752086e-11],
        "stdev": [0.000167652688106, 0.0104775391519, 0.00187113985885, 0.00157524750102, 0.00261135096662, 0.00239158095792, 0.0026610523928, 0.00191651785281, 0.00240254821256, 0.00241330335848, 0.00408336147666, 0.00263400538824, 0.0010614071507, 0.00131369149312, 0.000653881928883, 0.00104269944131, 0.00170334836002, 0.000713844434358, 0.000309569062665, 0.000838720763568, 0.000141480210004, 0.000220181813347, 0.000290829979349, 0.000372948066797, 0.000487087963847, 0.000155984249432, 9.43053990454e-08]
    },
    "erbbands": {
        "max": [2.56370592117, 26.1774673462, 29.6166687012, 37.6608734131, 82.6505966187, 106.716842651, 211.968078613, 232.239990234, 321.610900879, 362.803375244, 534.77734375, 600.778747559, 697.855224609, 922.302124023, 1331.48071289, 1292.69262695, 379.278808594, 781.006225586, 576.155822754, 434.939117432, 563.596130371, 955.381347656, 447.577758789, 329.77734375, 142.475646973, 288.45980835, 87.2832641602, 71.711265564, 105.112968445, 143.241760254, 78.0282363892, 62.9224014282, 62.6469421387, 72.1706848145, 48.5631408691, 18.5486106873, 5.09165096283, 0.118538789451, 0.0038774185814, 0.000398838892579],
        "mean": [0.16491663456, 1.69449293613, 2.41935706139, 2.19994902611, 5.49334716797, 7.71884965897, 13.1004371643, 14.8041143417, 22.1238174438, 20.8288478851, 24.0731735229, 34.7428131104, 47.8885154724, 50.456829071, 85.6488113403, 44.9078712463, 30.4999771118, 34.9905357361, 26.325340271, 22.5285797119, 32.4129447937, 45.2876167297, 32.1076202393, 21.7557315826, 17.7924346924, 30.9217224121, 9.37418460846, 4.02263879776, 4.32485771179, 5.68813705444, 6.42434883118, 4.82656860352, 3.29498696327, 1.92255532742, 0.831599533558, 0.243352308869, 0.0432381294668, 0.00104266242124, 5.99815284659e-05, 3.96652867494e-05],
        "min": [8.60804575495e-05, 0.00255090068094, 0.00298956944607, 0.0130436560139, 0.0242616143078, 0.108765766025, 0.0588471069932, 0.162956535816, 0.139389231801, 0.129668131471, 0.142302080989, 0.242839321494, 0.476510167122, 0.397464364767, 0.306417137384, 0.06860435009, 0.220587953925, 0.348056554794, 0.568385124207, 0.229506209493, 0.353578358889, 0.668669700623, 0.387296378613, 0.338269680738, 0.265588462353, 0.423701912165, 0.164631217718, 0.039113689214, 0.0603085160255, 0.195889219642, 0.0953950211406, 0.0878658518195, 0.0420684739947, 0.00836482085288, 0.000689732085448, 0.000112825320684, 1.22375886349e-05, 2.6241177693e-06, 3.37226219926e-06, 4.07926836488e-06],
        "stdev": [0.276974499226, 2.49079704285, 2.90380215645, 3.00773119926, 7.64264345169, 10.4469690323, 18.5874061584, 19.533946991, 35.5229187012, 34.8014259338, 44.8962402344, 55.762966156, 75.0194778442, 84.9663467407, 168.405471802, 107.306091309, 46.6662406921, 63.7373542786, 41.9974975586, 35.3550491333, 61.0082931519, 108.827964783, 44.8113517761, 22.5631980896, 19.6222400665, 39.6375045776, 10.0115890503, 5.66793823242, 7.06017541885, 10.1436023712, 8.18416404724, 6.99056005478, 6.88693571091, 5.96112346649, 3.16623711586, 1.12601780891, 0.223244130611, 0.00522337527946, 0.000187665456906, 2.52041627391e-05]
    },
    "gfcc": {
        "mean": [24.463394165, 95.2524108887, -131.360443115, 45.3356361389, -72.2193145752, 28.6098823547, -38.4670944214, 17.143951416, -22.3842430115, -3.90609025955, -1.3525942564, -3.90933728218, -1.64825177193],
        "cov": [[900.719665527, -267.459777832, -53.0005149841, -0.248558223248, 23.5011444092, 2.0096180439, 30.2116470337, 145.753112793, -8.1761674881, 45.8895835876, -15.509054184, 24.0921840668, -4.55256128311], [-267.459777832, 731.699829102, -227.844848633, 85.8002700806, 71.7188873291, -11.0032682419, 185.819152832, -84.8353042603, 92.3332748413, -119.35975647, 186.161819458, -141.0365448, 65.1685638428], [-53.0005149841, -227.844848633, 615.773132324, 29.9786605835, 31.8574714661, 96.7648773193, -84.1583709717, 72.6204910278, -52.1556129456, 128.435028076, -169.542312622, 113.866203308, -64.0498580933], [-0.248558223248, 85.8002700806, 29.9786605835, 293.436187744, 75.5412521362, -59.9307098389, -24.6730365753, 27.8797264099, 121.044532776, -30.2279262543, 37.5435256958, -1.86324727535, 64.6293106079], [23.5011444092, 71.7188873291, 31.8574714661, 75.5412521362, 186.852844238, 31.292181015, 41.6154518127, 47.0154838562, 41.8685150146, 30.4698047638, 4.76580572128, 16.3651027679, 2.07487487793], [2.0096180439, -11.0032682419, 96.7648773193, -59.9307098389, 31.292181015, 281.92590332, 161.015792847, -27.7592029572, -59.8701400757, 40.5565109253, 15.7603693008, -24.0666179657, -30.8727035522], [30.2116470337, 185.819152832, -84.1583709717, -24.6730365753, 41.6154518127, 161.015792847, 261.451660156, -11.0819311142, -17.4329376221, -9.12556838989, 95.7745666504, -55.0645103455, -9.33539867401], [145.753112793, -84.8353042603, 72.6204910278, 27.8797264099, 47.0154838562, -27.7592029572, -11.0819311142, 167.545944214, 57.9816398621, 35.0937385559, -29.8221950531, 27.551366806, 10.159497261], [-8.1761674881, 92.3332748413, -52.1556129456, 121.044532776, 41.8685150146, -59.8701400757, -17.4329376221, 57.9816398621, 164.057754517, -7.64493465424, 36.0365867615, -8.8894109726, 45.9258995056], [45.8895835876, -119.35975647, 128.435028076, -30.2279262543, 30.4698047638, 40.5565109253, -9.12556838989, 35.0937385559, -7.64493465424, 111.872756958, -39.981628418, 46.695690155, -32.7620582581], [-15.509054184, 186.161819458, -169.542312622, 37.5435256958, 4.76580572128, 15.7603693008, 95.7745666504, -29.8221950531, 36.0365867615, -39.981628418, 159.318725586, -41.1363449097, 44.3889656067], [24.0921840668, -141.0365448, 113.866203308, -1.86324727535, 16.3651027679, -24.0666179657, -55.0645103455, 27.551366806, -8.8894109726, 46.695690155, -41.1363449097, 110.231994629, 0.807757854462], [-4.55256128311, 65.1685638428, -64.0498580933, 64.6293106079, 2.07487487793, -30.8727035522, -9.33539867401, 10.159497261, 45.9258995056, -32.7620582581, 44.3889656067, 0.807757854462, 80.7044143677]],
        "icov": [[0.00164025463164, 0.000772988598328, 0.000542647147086, -0.000443702650955, -7.32663465897e-05, 0.000210627549677, -0.000635945936665, -0.00142136006616, 0.00072382343933, -0.000413294706959, -0.000121478602523, 0.000345571694197, -7.4169744039e-05], [0.000772988598328, 0.00495549477637, -0.00198690057732, 0.00183052150533, -0.00297650229186, 0.00350930914283, -0.00389786274172, 0.00286612403579, -0.00242691859603, 0.00220311386511, -0.00254215858877, 0.00474193738773, -0.00276723108254], [0.000542647147086, -0.00198690057732, 0.0054161134176, -0.00349344196729, 0.00226878677495, -0.00396137684584, 0.00263118790463, -0.00352963991463, 0.00292008765973, -0.00313890189864, 0.00360620697029, -0.0044308914803, 0.00303092924878], [-0.000443702650955, 0.00183052150533, -0.00349344196729, 0.00832091737539, -0.00390873802826, 0.00295317661949, -0.00157576962374, 0.00350752985105, -0.00552002433687, 0.00333221908659, -0.00226260093041, 0.00308235036209, -0.00462524127215], [-7.32663465897e-05, -0.00297650229186, 0.00226878677495, -0.00390873802826, 0.00945413578302, -0.00314963143319, 0.00103516457602, -0.0036890830379, 0.00133845489472, -0.00326743745245, 0.0023677626159, -0.00450120586902, 0.00312102027237], [0.000210627549677, 0.00350930914283, -0.00396137684584, 0.00295317661949, -0.00314963143319, 0.0110349301249, -0.00813206285238, 0.00459343660623, -0.00124002445955, -0.000567205890547, -0.00135111669078, 0.00592057965696, -0.00438806600869], [-0.000635945936665, -0.00389786274172, 0.00263118790463, -0.00157576962374, 0.00103516457602, -0.00813206285238, 0.0129652349278, -0.004417499993, 0.00290873460472, -0.000476913759485, -0.00313291116618, -0.00271241157316, 0.00528157455847], [-0.00142136006616, 0.00286612403579, -0.00352963991463, 0.00350752985105, -0.0036890830379, 0.00459343660623, -0.004417499993, 0.0130549240857, -0.00643783155829, 0.000515988795087, 0.000407036772231, 0.0032124586869, -0.00469011953101], [0.00072382343933, -0.00242691859603, 0.00292008765973, -0.00552002433687, 0.00133845489472, -0.00124002445955, 0.00290873460472, -0.00643783155829, 0.0141406152397, -0.00415378529578, 9.73177448031e-05, -0.000841152679641, -0.000401557888836], [-0.000413294706959, 0.00220311386511, -0.00313890189864, 0.00333221908659, -0.00326743745245, -0.000567205890547, -0.000476913759485, 0.000515988795087, -0.00415378529578, 0.0179200228304, -0.00253401161171, -0.00269806711003, 0.00384412845597], [-0.000121478602523, -0.00254215858877, 0.00360620697029, -0.00226260093041, 0.0023677626159, -0.00135111669078, -0.00313291116618, 0.000407036772231, 9.73177448031e-05, -0.00253401161171, 0.0153974117711, -0.00244745984674, -0.00379993603565], [0.000345571694197, 0.00474193738773, -0.0044308914803, 0.00308235036209, -0.00450120586902, 0.00592057965696, -0.00271241157316, 0.0032124586869, -0.000841152679641, -0.00269806711003, -0.00244745984674, 0.0197128672153, -0.00759984925389], [-7.4169744039e-05, -0.00276723108254, 0.00303092924878, -0.00462524127215, 0.00312102027237, -0.00438806600869, 0.00528157455847, -0.00469011953101, -0.000401557888836, 0.00384412845597, -0.00379993603565, -0.00759984925389, 0.0241283047944]]
    },
    "melbands": {
        "max": [0.0272857416421, 0.0177011042833, 0.00619248859584, 0.00581040186808, 0.00562039529905, 0.00477919867262, 0.00453555816785, 0.00432115979493, 0.00440056063235, 0.00383020238951, 0.00347650516778, 0.00342540745623, 0.00587317580357, 0.00425572507083, 0.00177514413372, 0.00121535477228, 0.00172169366851, 0.000987059436738, 0.000954321003519, 0.000878105172887, 0.000767669058405, 0.00117098470218, 0.000571472861338, 0.000278558989521, 0.000308115617372, 8.3919185272e-05, 0.00019007998344, 0.000246146082645, 8.09283228591e-05, 3.99060809286e-05, 4.55271474493e-05, 4.35341935372e-05, 9.2798814876e-05, 8.53865858517e-05, 5.68696668779e-05, 3.70987399947e-05, 4.31179942098e-05, 4.1505372792e-05, 6.33995514363e-05, 7.01957687852e-05],
        "mean": [0.00177677231841, 0.00160997791681, 0.000496366235893, 0.000470036524348, 0.000444657634944, 0.000344630650943, 0.000327067245962, 0.000225551761105, 0.000208723751712, 0.000219118155655, 0.000239238244831, 0.000194134496269, 0.000286490743747, 0.000155005123815, 8.3162325609e-05, 6.24855456408e-05, 6.77892094245e-05, 4.61432100565e-05, 2.71875032922e-05, 3.89653614548e-05, 3.40534206771e-05, 5.22644622833e-05, 2.79540272459e-05, 2.6069696105e-05, 1.70166149474e-05, 9.81048924587e-06, 1.81979521585e-05, 2.19101384573e-05, 6.98980602465e-06, 2.43158456215e-06, 2.20354513658e-06, 2.32916545428e-06, 2.70685632131e-06, 3.34604487762e-06, 3.82607504434e-06, 3.29393992615e-06, 2.81323127638e-06, 2.39685073211e-06, 1.97082681552e-06, 1.50332346038e-06],
        "min": [1.36712901622e-06, 2.73285809271e-06, 2.48533365266e-06, 4.61786839878e-06, 2.73651835414e-06, 3.94515427615e-06, 7.14498355592e-07, 3.31678535304e-07, 1.21880009374e-06, 1.63388108376e-06, 2.32893648899e-06, 1.63579716173e-06, 1.07589926301e-06, 2.42311529064e-07, 2.6588190849e-07, 1.19463052783e-07, 1.45611437574e-07, 1.34076302061e-07, 2.40948963892e-07, 3.12388294788e-07, 2.66051358722e-07, 1.20939382953e-08, 3.42932537478e-07, 2.51633053949e-07, 2.43300490865e-07, 1.66879218e-07, 1.60123192927e-07, 1.69948805251e-07, 8.24180972359e-08, 1.29205197652e-08, 1.7896143234e-08, 2.92574515726e-08, 3.58797791478e-08, 1.12224917359e-07, 5.23435197408e-08, 6.71871163149e-08, 3.91695742508e-08, 3.32892220456e-08, 3.28503380054e-09, 3.05631187025e-10],
        "stdev": [0.00278728152625, 0.00197453657165, 0.000625336368103, 0.00057972985087, 0.00056844309438, 0.000430598534876, 0.000529452983756, 0.000384991202736, 0.00041410443373, 0.00035770444083, 0.000387165026041, 0.000334586482495, 0.000562905857805, 0.000332686206093, 0.000167052334291, 0.000113326510473, 0.000137449475005, 8.08718177723e-05, 5.14688363182e-05, 7.03454788891e-05, 7.24551282474e-05, 0.000136237664265, 4.69601800432e-05, 3.71661881218e-05, 1.9268685719e-05, 9.89650379779e-06, 2.37800322793e-05, 3.11300464091e-05, 8.68026927492e-06, 3.23035305883e-06, 3.38570339409e-06, 3.55632596438e-06, 5.32175181434e-06, 5.88255988987e-06, 5.02980446981e-06, 4.10930624639e-06, 4.52105632576e-06, 4.76200648336e-06, 5.46907358512e-06, 5.04799754708e-06]
    },
    "melbands128": {
        "max": [0.00124588655308, 0.0173041503876, 0.0474367924035, 0.0426984615624, 0.0201312620193, 0.0119083877653, 0.00901478622109, 0.00857916101813, 0.0113902157173, 0.0100421216339, 0.00779529009014, 0.00768016558141, 0.00973090343177, 0.0109182847664, 0.0074619888328, 0.00418592896312, 0.00756165990606, 0.00600941479206, 0.0104606589302, 0.00564407464117, 0.00785703677684, 0.00670379865915, 0.00731939729303, 0.00633258046582, 0.00717846676707, 0.00777721125633, 0.00669988337904, 0.00682961149141, 0.00733416993171, 0.00288142170757, 0.00582936219871, 0.00924209598452, 0.010313575156, 0.00921904668212, 0.0116058373824, 0.00746766990051, 0.00675744423643, 0.00244266237132, 0.00182921555825, 0.0012414844241, 0.00226689246483, 0.00148364447523, 0.00303197116591, 0.00227004126646, 0.00144828099292, 0.00176115264185, 0.000911956594791, 0.00198589358479, 0.000683159276377, 0.00153935980052, 0.00191591738258, 0.00142617837992, 0.00134581304155, 0.00199880753644, 0.000965598446783, 0.00227352115326, 0.00128929654602, 0.000971702451352, 0.0012621905189, 0.000683564459905, 0.000609789334703, 0.000341835402651, 0.000775966327637, 0.000261421955656, 0.000216548301978, 0.00016415801656, 0.000134231420816, 0.000294316298096, 0.000313280150294, 0.000410936423577, 0.000354883930413, 0.000657876138575, 0.000239544635406, 0.000102002362837, 5.68135765207e-05, 3.70602829207e-05, 5.18539382028e-05, 4.78594411106e-05, 5.87389367865e-05, 5.07125550939e-05, 3.92188994738e-05, 7.2740840551e-05, 7.71497798269e-05, 0.000115034556075, 0.000104760074464, 0.000124321013573, 0.000123390360386, 5.56593658985e-05, 8.80723819137e-05, 6.34575553704e-05, 4.51906817034e-05, 4.41763186245e-05, 7.94959560153e-05, 7.05210259184e-05, 4.79282716697e-05, 5.65710470255e-05, 6.43303865218e-05, 5.15791107318e-05, 0.000115641720186, 8.50621217978e-05, 7.33384367777e-05, 7.20523530617e-05, 9.95043519652e-05, 6.04700762779e-05, 6.54688992654e-05, 7.0955400588e-05, 4.36294867541e-05, 4.26624283136e-05, 2.99922448903e-05, 4.26865226473e-05, 3.03016895487e-05, 3.001667028e-05, 1.52656430146e-05, 1.76014331998e-08, 1.76723720102e-08, 1.72925993525e-08, 1.68927680733e-08, 1.63896327621e-08, 1.59657584931e-08, 1.55662682744e-08, 1.52136152565e-08, 1.48769645492e-08, 1.46024685677e-08, 1.43358231952e-08, 1.41348204252e-08, 1.39727625026e-08, 1.38425555463e-08, 1.37412481394e-08],
        "mean": [0.000113362191769, 0.00102755439002, 0.00261935032904, 0.00295809051022, 0.00166532327421, 0.000583035056479, 0.000362458027666, 0.000557018327527, 0.000580536958296, 0.000443219672889, 0.000410208303947, 0.000449928018497, 0.000471459963592, 0.000421433331212, 0.000337380974088, 0.000261877954472, 0.000400806311518, 0.000328370661009, 0.000281458778773, 0.000196355103981, 0.000249389442615, 0.000153643093654, 0.000220463203732, 0.000239906934439, 0.000211518228753, 0.000238281034399, 0.000160822397447, 0.000283865840174, 0.000274429301498, 0.000130089523736, 0.000192798921489, 0.000256625411566, 0.000275849830359, 0.000385398307117, 0.000134861504193, 0.000110611523269, 0.000123078556499, 8.3895662101e-05, 5.93301265326e-05, 6.07300753472e-05, 7.66352386563e-05, 3.84730919905e-05, 6.76114432281e-05, 8.54853933561e-05, 6.19975253358e-05, 3.87369000237e-05, 2.67741452262e-05, 3.17433732562e-05, 2.33588525589e-05, 2.34100061789e-05, 4.62931202492e-05, 5.00762398588e-05, 3.38260251738e-05, 2.84770176222e-05, 3.05105113512e-05, 8.17406762508e-05, 4.09494532505e-05, 1.83035044756e-05, 2.85829955828e-05, 3.4875683923e-05, 2.81611264654e-05, 1.51810609168e-05, 2.33434511756e-05, 1.49305469677e-05, 1.26775003082e-05, 8.08207732916e-06, 7.4780682553e-06, 1.71789906744e-05, 2.01375842153e-05, 2.0712868718e-05, 2.40956505877e-05, 2.5008148441e-05, 8.60204090714e-06, 4.3824252316e-06, 3.12657084578e-06, 2.34717776948e-06, 2.15107525037e-06, 2.18248305828e-06, 2.25241888074e-06, 2.18623426917e-06, 2.24312475439e-06, 2.46626859735e-06, 2.35219044953e-06, 2.64648861048e-06, 3.12470160679e-06, 3.06180209009e-06, 3.47129548572e-06, 3.77869719159e-06, 3.92675974581e-06, 3.90112700188e-06, 3.37500023306e-06, 3.13571649713e-06, 3.09617917083e-06, 2.82022847387e-06, 2.66888127953e-06, 2.51808523899e-06, 2.47006551035e-06, 1.98736552193e-06, 2.08240680877e-06, 1.8925219365e-06, 1.655051733e-06, 1.46701381709e-06, 1.2955680404e-06, 1.06113975562e-06, 8.79058632108e-07, 8.92008358733e-07, 6.56908639485e-07, 4.71555182457e-07, 3.55316359446e-07, 3.19869116083e-07, 2.7689890203e-07, 2.42234392545e-07, 1.08978746027e-07, 1.23936236274e-10, 1.96462585783e-11, 1.86613589165e-11, 1.81309585401e-11, 1.75592179685e-11, 1.70770880076e-11, 1.66314149952e-11, 1.62367758128e-11, 1.58867363709e-11, 1.55684284908e-11, 1.52797895864e-11, 1.50634227314e-11, 1.48930208443e-11, 1.47587202876e-11, 1.46527356221e-11],
        "min": [1.0163039299e-08, 1.38288712037e-07, 4.89402680159e-07, 2.53739017353e-06, 7.15010344265e-08, 5.267279235e-08, 5.99445343141e-07, 1.17193280857e-06, 1.44024591009e-06, 2.37709264184e-06, 3.1720910556e-06, 1.94940548681e-06, 3.72577261487e-07, 8.44996293381e-07, 8.38928656322e-07, 9.55723180596e-07, 1.46738955209e-07, 5.30133803522e-08, 3.261485233e-07, 1.43562431276e-07, 2.96684248724e-07, 4.75065178307e-07, 3.73168347778e-07, 2.7991293905e-07, 2.12795271182e-07, 1.99091445552e-07, 4.84582081128e-08, 8.54005719475e-08, 2.29209661029e-07, 3.65321596973e-07, 3.39226318147e-07, 9.6631211477e-08, 1.90904799524e-07, 5.28766861407e-08, 1.96983123146e-07, 8.61957829557e-08, 4.02044548764e-08, 4.50812791541e-08, 1.43204445635e-07, 4.59116407114e-08, 2.02108507708e-09, 2.99368130285e-09, 1.77843126892e-08, 6.93829704801e-08, 1.26804280853e-07, 4.02701196833e-08, 1.95287732652e-08, 1.26017329904e-08, 1.06229931518e-08, 1.15049729743e-08, 1.01880166525e-08, 4.33237730135e-08, 1.00999351105e-08, 2.32119790056e-09, 1.63867164282e-09, 1.65773494931e-09, 1.8219730169e-09, 1.93035489815e-08, 8.36887181777e-08, 4.54947155504e-08, 1.04281330238e-08, 1.0279992857e-08, 7.16834680503e-09, 1.24516191136e-07, 7.66251844198e-08, 1.72233285411e-08, 1.51816816896e-08, 1.3807205157e-08, 4.92083245263e-08, 6.1742014168e-08, 1.07763149515e-07, 1.5924952379e-07, 2.77423861661e-08, 1.82760440115e-09, 3.28227223179e-09, 5.58351420654e-10, 1.91798563143e-10, 1.28727239979e-09, 3.12338294117e-10, 3.35235217364e-09, 3.60786733822e-10, 2.1562700514e-09, 5.3424464852e-09, 7.44652961515e-09, 1.16172751419e-08, 7.26201143664e-09, 2.98835765022e-08, 3.66865258172e-08, 1.23534711349e-08, 1.43580720646e-08, 1.33254705048e-08, 4.03728321885e-08, 4.4117367537e-08, 3.1659148636e-09, 1.115114312e-08, 6.96912749731e-09, 2.55838550345e-09, 1.3340482885e-10, 2.81442924521e-11, 2.27474136749e-10, 8.32668309303e-11, 2.20440402043e-11, 1.21215485566e-11, 8.270236709e-13, 2.79367295356e-13, 1.04660170233e-13, 2.15131528585e-13, 2.60113165815e-13, 2.35561597355e-13, 1.86131261771e-13, 1.58624673184e-13, 1.72508627392e-13, 1.77938176346e-13, 1.55597418088e-13, 1.56174416932e-13, 1.27130470322e-13, 1.45605153368e-13, 1.44621388975e-13, 1.32030061255e-13, 1.47800256192e-13, 1.44661355377e-13, 1.21675659457e-13, 1.31593425935e-13, 1.51062715397e-13, 1.36372223193e-13, 1.49266490552e-13, 1.47630280396e-13, 1.64382654082e-13],
        "stdev": [0.000156442649313, 0.00181731942575, 0.00480200350285, 0.00419160537422, 0.0021184051875, 0.000757402740419, 0.000619653845206, 0.000928719877265, 0.000920364400372, 0.0007745809271, 0.000705491751432, 0.000707155268174, 0.000778607733082, 0.000799039029516, 0.000616600969806, 0.000413041911088, 0.000771020306274, 0.000673177361023, 0.000844631809741, 0.000412456662161, 0.000562288914807, 0.000405047438107, 0.000635646400042, 0.000605209846981, 0.00050201441627, 0.000529015378561, 0.000399702548748, 0.000621832790785, 0.0005927089951, 0.000295056612231, 0.000520803441759, 0.000720405485481, 0.000763794290833, 0.000971250759903, 0.000467926671263, 0.000415021844674, 0.000489677127916, 0.000175616703928, 0.000159386385349, 0.000149363360833, 0.000187065190403, 0.000116606759548, 0.000206686701858, 0.000214290848817, 0.000131423788844, 0.000107854051748, 7.8747230873e-05, 8.76971389516e-05, 5.47409399587e-05, 8.46467664815e-05, 0.000111155110062, 0.000131633860292, 0.000108067433757, 0.000106437444629, 8.74505130923e-05, 0.000266011804342, 0.000123592966702, 5.5550950492e-05, 7.36838628654e-05, 5.88871953369e-05, 6.70986628393e-05, 2.93528119073e-05, 4.0531205741e-05, 2.04602692975e-05, 1.77690944838e-05, 1.1380990145e-05, 1.16960018204e-05, 3.1824591133e-05, 3.60845806426e-05, 3.24412831105e-05, 4.24047975685e-05, 5.22013870068e-05, 1.39641961141e-05, 6.70360805088e-06, 4.44527358923e-06, 3.40146061717e-06, 3.48992239196e-06, 3.97899566451e-06, 3.82542521038e-06, 3.50956315742e-06, 3.21882112075e-06, 4.4117705329e-06, 4.9450663937e-06, 5.71689815843e-06, 6.47430488243e-06, 6.90938941261e-06, 6.24897302259e-06, 5.46758974451e-06, 5.92983451497e-06, 5.40147448191e-06, 4.52301082987e-06, 4.29274950875e-06, 4.90481670568e-06, 5.20361800227e-06, 4.61628405901e-06, 4.95002359457e-06, 5.42627230971e-06, 4.85877717438e-06, 6.20908849669e-06, 6.10934421275e-06, 5.6796602621e-06, 5.21080028193e-06, 4.8486876949e-06, 3.91523053622e-06, 3.81874860977e-06, 3.64163520317e-06, 2.71790145234e-06, 2.31824856201e-06, 1.84237069334e-06, 1.7829928538e-06, 1.4923392655e-06, 1.3195867723e-06, 6.44823501261e-07, 7.88148379893e-10, 4.74100148029e-10, 4.63794669336e-10, 4.53035109427e-10, 4.39543401676e-10, 4.28156898824e-10, 4.17436640809e-10, 4.07961719961e-10, 3.98951344183e-10, 3.91567556157e-10, 3.84421855459e-10, 3.79025782982e-10, 3.74669573144e-10, 3.71173564107e-10, 3.68473057621e-10]
    },
    "mfcc": {
        "mean": [-605.745178223, 107.940353394, 5.07906484604, 14.7462425232, 2.67567563057, 1.23068869114, 6.30054712296, 11.5305051804, -6.70651674271, 7.67208433151, -5.82074308395, 1.26781725883, 3.07488870621],
        "cov": [[955.979370117, -183.046005249, -208.380447388, 21.465423584, -41.2161178589, -103.154396057, 39.4347038269, 63.7050018311, -23.7537269592, 141.648880005, -57.088508606, 14.3558750153, 16.2560176849], [-183.046005249, 487.791595459, -109.588592529, -0.779140293598, -49.5633430481, 53.6483612061, 106.015174866, 27.7422523499, -42.8631858826, 54.4126968384, 34.527671814, -10.2937421799, 1.92400658131], [-208.380447388, -109.588592529, 437.128265381, -0.970356464386, 55.8035202026, 62.853553772, -12.5549612045, -28.4944610596, 93.9707717896, -98.0850372314, 70.2831344604, 1.01990091801, -16.0826663971], [21.465423584, -0.779140293598, -0.970356464386, 304.419830322, 127.585655212, -82.8344573975, -113.009483337, 23.9309005737, 48.1158943176, -7.7826333046, -37.926525116, 66.2569961548, 51.2662277222], [-41.2161178589, -49.5633430481, 55.8035202026, 127.585655212, 208.387786865, -41.2066459656, -88.4558334351, 3.68885469437, 79.7637939453, -19.0955638885, -2.01760482788, 35.4951210022, 30.4372825623], [-103.154396057, 53.6483612061, 62.853553772, -82.8344573975, -41.2066459656, 265.685333252, 139.745239258, 6.12654590607, -12.1579408646, 1.88203930855, 68.9297714233, -21.4836463928, -21.2519512177], [39.4347038269, 106.015174866, -12.5549612045, -113.009483337, -88.4558334351, 139.745239258, 262.824462891, 52.1647262573, -46.200378418, 67.8864440918, 49.8728523254, -34.4100151062, -12.6389951706], [63.7050018311, 27.7422523499, -28.4944610596, 23.9309005737, 3.68885469437, 6.12654590607, 52.1647262573, 99.7228317261, 20.4980602264, 47.957321167, 3.50315880775, 11.7673254013, 14.5018987656], [-23.7537269592, -42.8631858826, 93.9707717896, 48.1158943176, 79.7637939453, -12.1579408646, -46.200378418, 20.4980602264, 136.254989624, -4.5029964447, 30.3815479279, 14.2822084427, 8.47043132782], [141.648880005, 54.4126968384, -98.0850372314, -7.7826333046, -19.0955638885, 1.88203930855, 67.8864440918, 47.957321167, -4.5029964447, 157.608566284, 12.4765262604, -2.24668502808, 9.19954299927], [-57.088508606, 34.527671814, 70.2831344604, -37.926525116, -2.01760482788, 68.9297714233, 49.8728523254, 3.50315880775, 30.3815479279, 12.4765262604, 105.913909912, -0.359765768051, -23.4572467804], [14.3558750153, -10.2937421799, 1.01990091801, 66.2569961548, 35.4951210022, -21.4836463928, -34.4100151062, 11.7673254013, 14.2822084427, -2.24668502808, -0.359765768051, 83.2068939209, 40.1035728455], [16.2560176849, 1.92400658131, -16.0826663971, 51.2662277222, 30.4372825623, -21.2519512177, -12.6389951706, 14.5018987656, 8.47043132782, 9.19954299927, -23.4572467804, 40.1035728455, 85.6550216675]],
        "icov": [[0.00168296333868, 0.00100095325615, 0.000649865425657, -0.000310092931613, 0.000394635164412, 0.000569058815017, -0.000721554621123, -0.00020131796191, -0.000201964576263, -0.00110325647984, 0.00026772232377, -0.000340956205036, 0.000265720213065], [0.00100095325615, 0.00315338233486, 0.00110872660298, -0.000897370104212, 0.000552612065803, 0.000283713306999, -0.00125860318076, -8.65576803335e-05, 0.000231436555623, -0.00059342518216, -0.00117107247934, 0.000298826722428, -0.000232334787142], [0.000649865425657, 0.00110872660298, 0.00413412740454, -0.000398003525333, 3.79619523301e-05, -0.000114580987429, -0.00112186756451, 0.000741692434531, -0.00229888805188, 0.0019372170791, -0.00189197412692, 0.000127673280076, -2.54607966781e-05], [-0.000310092931613, -0.000897370104212, -0.000398003525333, 0.00599058670923, -0.0025795835536, 0.000108799111331, 0.0017736130394, -0.00162254227325, 0.000153262895765, -6.3331281126e-05, 0.00146861013491, -0.00249274075031, -0.000540215987712], [0.000394635164412, 0.000552612065803, 3.79619523301e-05, -0.0025795835536, 0.00838519167155, -6.89455118845e-05, 0.000808853365015, 0.000454067398096, -0.00341511447914, -0.000118931435281, -0.000377746328013, -0.000116165676445, -0.00118910032324], [0.000569058815017, 0.000283713306999, -0.000114580987429, 0.000108799111331, -6.89455118845e-05, 0.00636330107227, -0.00339457090013, 0.000589799194131, 0.000139540905366, 0.000707493396476, -0.0023405526299, -1.58081766131e-05, 7.81901690061e-05], [-0.000721554621123, -0.00125860318076, -0.00112186756451, 0.0017736130394, 0.000808853365015, -0.00339457090013, 0.00964347366244, -0.00449882820249, 0.00300490530208, -0.00181810127106, -0.0017776339082, 0.00220732670277, -0.00167416129261], [-0.00020131796191, -8.65576803335e-05, 0.000741692434531, -0.00162254227325, 0.000454067398096, 0.000589799194131, -0.00449882820249, 0.0152759337798, -0.0042435079813, -0.00234101503156, 0.0015587095404, -0.00205771927722, -5.32623453182e-05], [-0.000201964576263, 0.000231436555623, -0.00229888805188, 0.000153262895765, -0.00341511447914, 0.000139540905366, 0.00300490530208, -0.0042435079813, 0.0133449323475, -0.000958318647463, -0.00398563593626, 0.00149649835657, -0.00108913169242], [-0.00110325647984, -0.00059342518216, 0.0019372170791, -6.3331281126e-05, -0.000118931435281, 0.000707493396476, -0.00181810127106, -0.00234101503156, -0.000958318647463, 0.0104659684002, -0.00245506851934, 0.000962393125519, -0.00118200737052], [0.00026772232377, -0.00117107247934, -0.00189197412692, 0.00146861013491, -0.000377746328013, -0.0023405526299, -0.0017776339082, 0.0015587095404, -0.00398563593626, -0.00245506851934, 0.0165914185345, -0.00449156668037, 0.00507302302867], [-0.000340956205036, 0.000298826722428, 0.000127673280076, -0.00249274075031, -0.000116165676445, -1.58081766131e-05, 0.00220732670277, -0.00205771927722, 0.00149649835657, 0.000962393125519, -0.00449156668037, 0.0189954377711, -0.00808966998011], [0.000265720213065, -0.000232334787142, -2.54607966781e-05, -0.000540215987712, -0.00118910032324, 7.81901690061e-05, -0.00167416129261, -5.32623453182e-05, -0.00108913169242, -0.00118200737052, 0.00507302302867, -0.00808966998011, 0.0175635162741]]
    },
    "spectral_contrast_coeffs": {
        "max": [-0.456433981657, -0.522874236107, -0.455619692802, -0.486672997475, -0.551703631878, -0.598059058189],
        "mean": [-0.734116733074, -0.747043907642, -0.732792019844, -0.743167519569, -0.738432526588, -0.761622488499],
        "min": [-0.898771643639, -0.934778213501, -0.894730269909, -0.878229320049, -0.860845506191, -0.887012004852],
        "stdev": [0.0699806138873, 0.0671570822597, 0.0754215493798, 0.0673303380609, 0.06348977983, 0.0348927639425]
    },
    "spectral_contrast_valleys": {
        "max": [-5.08003950119, -5.17589855194, -5.53526210785, -6.26525020599, -6.15439796448, -7.71573209763],
        "mean": [-6.4502658844, -6.51298475266, -7.03482151031, -7.69482946396, -7.52626276016, -9.87362098694],
        "min": [-8.80498218536, -8.52396392822, -8.80494117737, -9.68959140778, -9.45306110382, -12.0299396515],
        "stdev": [0.534429728985, 0.434170991182, 0.515234351158, 0.481140315533, 0.46506562829, 0.68806385994]
    }
},
"rhythm": {
    "beats_count": 71,
    "beats_loudness": {
        "max": 0.0936904400587,
        "mean": 0.0387547872961,
        "min": 0.0140854967758,
        "stdev": 0.0170540306717
    },
    "bpm": 131.999130249,
    "bpm_histogram_first_peak_bpm": 133,
    "bpm_histogram_first_peak_weight": 0.426470577717,
    "bpm_histogram_second_peak_bpm": 126,
    "bpm_histogram_second_peak_spread": 0,
    "bpm_histogram_second_peak_weight": 0.0285714287311,
    "danceability": 1.23961734772,
    "onset_rate": 2.24560523033,
    "beats_loudness_band_ratio": {
        "max": [0.929780066013, 0.467110723257, 0.536748528481, 0.662846207619, 0.332781076431, 0.157261475921],
        "mean": [0.426558196545, 0.142233893275, 0.167786449194, 0.166454821825, 0.0852527320385, 0.0519438013434],
        "min": [0.0502813309431, 0.0119533231482, 0.0114939520136, 0.011958219111, 0.0056798607111, 0.00468781823292],
        "stdev": [0.253783404827, 0.122033335268, 0.124895013869, 0.150156661868, 0.0822663381696, 0.035398542881]
    },
    "beats_position": [0.476009070873, 0.952018141747, 1.42802715302, 1.89242625237, 2.35682535172, 2.80961441994, 3.26240348816, 3.72680258751, 4.19120168686, 4.6439909935, 5.0967798233, 5.56117916107, 6.01396799088, 6.46675729752, 6.91954612732, 7.36072540283, 7.80190467834, 8.25469398499, 8.70748329163, 9.17188167572, 9.63628101349, 10.1006803513, 10.5418596268, 10.9946479797, 11.4474372864, 11.900226593, 12.3530158997, 12.8058052063, 13.2585935593, 13.6997728348, 14.1409521103, 14.5937414169, 15.0581407547, 15.5109291077, 15.9753284454, 16.4281177521, 16.8809070587, 17.3453063965, 17.8097057343, 18.2624931335, 18.7152824402, 19.1680717468, 19.6208610535, 20.0852603912, 20.549659729, 20.9908390045, 21.43201828, 21.8848075867, 22.3375968933, 22.7903842926, 23.2431735992, 23.707572937, 24.1603622437, 24.6131515503, 25.0775508881, 25.5303401947, 25.9831295013, 26.435918808, 26.8887062073, 27.353105545, 27.8058948517, 28.2470741272, 28.6998634338, 29.1526527405, 29.6054420471, 30.0582313538, 30.5110206604, 30.9754180908, 31.4398174286, 31.8809967041, 32.3453979492],
