{
"metadata": {
    "version": {
        "essentia": "2.1-beta5",
        "essentia_git_sha": "Undefined",
        "extractor": "music 2.0"
    },
    "audio_properties": {
        "analysis": {
            "equal_loudness": 0,
            "length": 32.4963264465,
            "sample_rate": 44100,
            "start_time": 29.0017242432,
            "downmix": "mix"
        },
        "bit_rate": 192000,
        "length": 192.783691406,
        "lossless": 0,
        "number_channels": 2,
        "replay_gain": -6.19553565979,
        "sample_rate": 48000,
        "codec": "mp3",
        "md5_encoded": "5f513b2c2777fb5443e8e01cae3ffed3"
    },
    "tags": {
        "file_name": "Sweden_Euphoria_Loreen.mp3",
        "encoding": ["Lavf58.29.100"]
    }
},
"lowlevel": {
    "average_loudness": 0.896568894386,
    "barkbands_crest": {
        "max": 25.4217567444,
        "mean": 12.0382738113,
        "min": 2.30323553085,
        "stdev": 5.310090065
    },
    "barkbands_flatness_db": {
        "max": 0.330358982086,
        "mean": 0.14172655344,
        "min": 0.0360958464444,
        "stdev": 0.0440200455487
    },
    "barkbands_kurtosis": {
        "max": 110.872184753,
        "mean": 3.2168867588,
        "min": -1.80155324936,
        "stdev": 7.48772335052
    },
    "barkbands_skewness": {
        "max": 9.71113681793,
        "mean": 1.13821327686,
        "min": -2.22727537155,
        "stdev": 1.16968739033
    },
    "barkbands_spread": {
        "max": 85.7407226562,
        "mean": 23.6174240112,
        "min": 2.02130889893,
        "stdev": 13.2311449051
    },
    "dissonance": {
        "max": 0.4999820292,
        "mean": 0.464315384626,
        "min": 0.317627668381,
        "stdev": 0.028460059315
    },
    "dynamic_complexity": 2.84486031532,
    "erbbands_crest": {
        "max": 31.8587150574,
        "mean": 11.3458909988,
        "min": 2.28267383575,
        "stdev": 6.40361022949
    },
    "erbbands_flatness_db": {
        "max": 0.348586499691,
        "mean": 0.178641021252,
        "min": 0.0674711242318,
        "stdev": 0.054934091866
    },
    "erbbands_kurtosis": {
        "max": 28.813785553,
        "mean": 1.38225603104,
        "min": -1.63078474998,
        "stdev": 3.50804209709
    },
    "erbbands_skewness": {
        "max": 4.71127939224,
        "mean": 0.659187734127,
        "min": -1.29642629623,
        "stdev": 0.921208441257
    },
    "erbbands_spread": {
        "max": 132.438995361,
        "mean": 33.6552581787,
        "min": 2.8885948658,
        "stdev": 18.3116035461
    },
    "hfc": {
        "max": 83.1447219849,
        "mean": 24.3305702209,
        "min": 0.197645738721,
        "stdev": 18.7502269745
    },
    "loudness_ebu128": {
        "integrated": -17.5210990906,
        "loudness_range": 5.70203590393,
        "momentary": {
            "max": -13.6904497147,
            "mean": -18.3111209869,
            "min": -27.823474884,
            "stdev": 2.80871510506
        },
        "short_term": {
            "max": -15.2016077042,
            "mean": -17.8475608826,
            "min": -21.9399585724,
            "stdev": 1.96616470814
        }
    },
    "melbands_crest": {
        "max": 35.978012085,
        "mean": 15.7763214111,
        "min": 3.77387499809,
        "stdev": 6.88079833984
    },
    "melbands_flatness_db": {
        "max": 0.402369558811,
        "mean": 0.165271669626,
        "min": 0.0262756217271,
        "stdev": 0.0492838211358
    },
    "melbands_kurtosis": {
        "max": 275.708343506,
        "mean": 10.9071035385,
        "min": -1.36000537872,
        "stdev": 23.9912395477
    },
    "melbands_skewness": {
        "max": 15.4659051895,
        "mean": 1.96167588234,
        "min": -2.15707421303,
        "stdev": 1.98542463779
    },
    "melbands_spread": {
        "max": 102.687210083,
        "mean": 28.2120418549,
        "min": 1.19884252548,
        "stdev": 17.0188713074
    },
    "pitch_salience": {
        "max": 0.798449218273,
        "mean": 0.522599816322,
        "min": 0.064758464694,
        "stdev": 0.138284981251
    },
    "silence_rate_20dB": {
        "max": 1,
        "mean": 1,
        "min": 1,
        "stdev": 0
    },
    "silence_rate_30dB": {
        "max": 1,
        "mean": 1,
        "min": 1,
        "stdev": 0
    },
    "silence_rate_60dB": {
        "max": 1,
        "mean": 0.0228408277035,
        "min": 0,
        "stdev": 0.149397224188
    },
    "spectral_centroid": {
        "max": 3463.83398438,
        "mean": 1584.66931152,
        "min": 361.041046143,
        "stdev": 591.039550781
    },
    "spectral_complexity": {
        "max": 55,
        "mean": 17.9329051971,
        "min": 0,
        "stdev": 7.93107938766
    },
    "spectral_decrease": {
        "max": -9.23270002118e-11,
        "mean": -5.83559067735e-09,
        "min": -2.55424037476e-08,
        "stdev": 4.58411042459e-09
    },
    "spectral_energy": {
        "max": 0.0986683666706,
        "mean": 0.024231703952,
        "min": 0.000366388820112,
        "stdev": 0.0184823330492
    },
    "spectral_energyband_high": {
        "max": 0.00922824256122,
        "mean": 0.000958734715823,
        "min": 1.07497517092e-05,
        "stdev": 0.00113930762745
    },
    "spectral_energyband_low": {
        "max": 0.0942525863647,
        "mean": 0.00692466506734,
        "min": 2.00050453714e-05,
        "stdev": 0.0134757934138
    },
    "spectral_energyband_middle_high": {
        "max": 0.0758747160435,
        "mean": 0.0102918548509,
        "min": 5.52776255063e-05,
        "stdev": 0.0132000008598
    },
    "spectral_energyband_middle_low": {
        "max": 0.0507435947657,
        "mean": 0.00638302322477,
        "min": 2.30323585129e-05,
        "stdev": 0.00698371045291
    },
    "spectral_entropy": {
        "max": 8.69921302795,
        "mean": 7.69652557373,
        "min": 6.50523519516,
        "stdev": 0.387784481049
    },
    "spectral_flux": {
        "max": 0.269879102707,
        "mean": 0.0812522917986,
        "min": 0.0177062302828,
        "stdev": 0.0392593890429
    },
    "spectral_kurtosis": {
        "max": 13.2997627258,
        "mean": 3.04056954384,
        "min": -0.948087692261,
        "stdev": 1.7173832655
    },
    "spectral_rms": {
        "max": 0.0098113110289,
        "mean": 0.00449932646006,
        "min": 0.000597873295192,
        "stdev": 0.00184303405695
    },
    "spectral_rolloff": {
        "max": 12037.0605469,
        "mean": 1746.78405762,
        "min": 64.599609375,
        "stdev": 1366.4263916
    },
    "spectral_skewness": {
        "max": 2.50395083427,
        "mean": 1.3755698204,
        "min": 0.676055133343,
        "stdev": 0.287764728069
    },
    "spectral_spread": {
        "max": 16178122,
        "mean": 4910573.5,
        "min": 2264840,
        "stdev": 1532245.75
    },
    "spectral_strongpeak": {
        "max": 13.1754703522,
        "mean": 1.80604052544,
        "min": 0,
        "stdev": 2.19787812233
    },
    "zerocrossingrate": {
        "max": 0.3271484375,
        "mean": 0.071435444057,
        "min": 0.0068359375,
        "stdev": 0.031417388469
    },
    "barkbands": {
        "max": [0.0069679422304, 0.0726115033031, 0.0565165653825, 0.0181798897684, 0.0190170872957, 0.0229344833642, 0.0107127502561, 0.0368249975145, 0.0400266423821, 0.0639898627996, 0.0730510279536, 0.0223951749504, 0.00928839296103, 0.0157181490213, 0.0125789791346, 0.0159659143537, 0.0108921099454, 0.00544602423906, 0.00698297517374, 0.00822696369141, 0.00834010727704, 0.00171837408561, 0.00223022303544, 0.002060898114, 0.00238178879954, 0.000906764122192, 1.82898429557e-06],
        "mean": [0.000312378804665, 0.00500147882849, 0.00139512855094, 0.00036553730024, 0.00128978327848, 0.00120465271175, 0.000799275410827, 0.00099909317214, 0.00143888953608, 0.00330522609875, 0.00279200077057, 0.000717245100532, 0.000440846022684, 0.000589289527852, 0.000704548612703, 0.000614180171397, 0.00034573362791, 0.00040227881982, 0.000333589065121, 0.000357036507921, 0.000224861971219, 0.000120577526104, 0.000155205096235, 0.00019060797058, 0.000103533413494, 2.87221264443e-05, 2.08462012097e-08],
        "min": [4.33864713045e-08, 6.9326023322e-07, 2.1842215574e-06, 1.40766886148e-07, 1.37388462917e-06, 2.45709043156e-06, 2.38767165683e-06, 4.04521728115e-07, 5.1640665788e-07, 5.31264004167e-06, 6.14709188085e-06, 1.5349678506e-06, 1.79429946456e-06, 2.34149410971e-06, 2.20963420361e-06, 3.37159735864e-06, 1.7571958324e-06, 2.34924550568e-06, 1.14476699764e-06, 1.14601186851e-06, 1.82444455277e-06, 7.84555595601e-07, 1.22864446439e-06, 8.36691924633e-07, 7.28907434411e-10, 3.96159390015e-11, 3.93072449589e-11],
        "stdev": [0.00089408189524, 0.0112231913954, 0.00456238957122, 0.000938056735322, 0.00218196422793, 0.00246913102455, 0.00137550360523, 0.00279214489274, 0.00401888880879, 0.00838253740221, 0.00924016814679, 0.00197341130115, 0.000918663805351, 0.00146126421168, 0.00131786137354, 0.00145314959809, 0.000756670429837, 0.000625652261078, 0.000577582977712, 0.000640767626464, 0.000457405520137, 0.000180320712388, 0.000208814744838, 0.000225472365855, 0.000194851381821, 7.02813413227e-05, 1.00210414189e-07]
    },
    "erbbands": {
        "max": [3.62016391754, 15.2201337814, 62.859287262, 58.1900901794, 22.6180591583, 100.23500061, 160.884841919, 244.022705078, 163.328826904, 330.847351074, 1029.23193359, 1161.93835449, 941.073425293, 2895.88647461, 2821.21118164, 645.042358398, 511.434448242, 842.148925781, 830.992797852, 900.398681641, 934.846435547, 363.554290771, 301.538482666, 221.055725098, 269.204956055, 382.107330322, 390.243865967, 124.045379639, 60.730594635, 69.8780059814, 65.144203186, 42.3967170715, 41.5189590454, 30.8131809235, 12.9443817139, 5.40144491196, 1.70680952072, 0.0502680949867, 0.00134121219162, 0.000127996623632],
        "mean": [0.199338406324, 0.895899355412, 1.70220541954, 1.40898621082, 1.72464179993, 5.30919265747, 7.68736696243, 10.5419082642, 10.9279928207, 15.4475908279, 22.218667984, 26.3182792664, 56.6706314087, 142.01725769, 96.166633606, 25.9152832031, 20.45911026, 26.5605564117, 44.8473167419, 23.8450469971, 38.6509742737, 20.1791820526, 19.1801891327, 18.8463535309, 18.6931991577, 17.972360611, 11.8237991333, 5.97379398346, 4.21692609787, 4.51608943939, 4.45577192307, 4.41488170624, 2.77659106255, 1.42450213432, 0.599208056927, 0.208669289947, 0.0374344699085, 0.00114750466309, 5.47885174456e-05, 3.4270928154e-05],
        "min": [2.87541806756e-05, 0.000284613022814, 0.00451982393861, 0.00494448561221, 0.00811732560396, 0.0067624496296, 0.022802207619, 0.0448570661247, 0.0908933207393, 0.0528071895242, 0.0128660248592, 0.0109681049362, 0.137828379869, 0.336649239063, 0.323862224817, 0.0654645934701, 0.0809697881341, 0.0823798552155, 0.123279720545, 0.0723538100719, 0.202701941133, 0.11680469662, 0.144810631871, 0.0995940715075, 0.0396942608058, 0.0538207069039, 0.0902067497373, 0.0565851144493, 0.0492720268667, 0.0430880971253, 0.0358981117606, 0.0230197161436, 0.00950205512345, 0.00116151571274, 5.67847891944e-05, 9.52798018261e-06, 2.56212206295e-06, 7.1168796012e-07, 6.62664774609e-07, 4.87552483719e-07],
        "stdev": [0.538620948792, 1.90479314327, 5.04333686829, 3.96463942528, 2.57955932617, 10.3917980194, 13.6996688843, 24.5651988983, 17.451833725, 32.0125389099, 63.9811058044, 67.6082458496, 118.282218933, 331.955413818, 284.316436768, 55.0879173279, 42.2698707581, 61.0002861023, 90.9935760498, 45.4676742554, 90.5789031982, 35.0249595642, 29.7318954468, 27.4523220062, 30.8285503387, 32.9014205933, 23.4311008453, 9.07779788971, 6.15458154678, 7.16850328445, 5.78919792175, 5.04434347153, 3.66007566452, 2.44762730598, 1.26508259773, 0.477032244205, 0.105853639543, 0.00310573121533, 9.67873274931e-05, 2.52209247265e-05]
    },
    "gfcc": {
        "mean": [-1.76018214226, 77.6762161255, -144.813278198, 35.0546112061, -72.744758606, 30.1440410614, -39.4948883057, 16.8289108276, -21.6673660278, -3.12929797173, -6.05554533005, -3.93358159065, 2.1922814846],
        "cov": [[2052.76855469, -856.389526367, 267.131744385, 202.901428223, 172.80645752, 161.410263062, 78.4924240112, 257.354553223, -83.3013458252, 271.151794434, -80.7468490601, 136.967895508, -171.330245972], [-856.389526367, 771.116088867, -281.463104248, -74.8027572632, -134.908813477, -142.909881592, 7.73176527023, -223.409011841, 82.5318222046, -251.417480469, 105.038337708, -142.734634399, 124.509475708], [267.131744385, -281.463104248, 896.522766113, 140.584396362, 94.9836959839, 197.670608521, -117.192955017, 86.8611984253, -119.806282043, 196.874435425, -252.536758423, 128.514358521, -164.773605347], [202.901428223, -74.8027572632, 140.584396362, 282.561767578, 129.952865601, 92.8907852173, 93.0505905151, 70.6104507446, 82.0365447998, 60.9107627869, 17.0280570984, 24.2433586121, -9.28629112244], [172.80645752, -134.908813477, 94.9836959839, 129.952865601, 278.170257568, 174.085205078, 174.36680603, 166.373794556, 71.8240585327, 121.145103455, 32.0795669556, 59.3187484741, 1.5335752964], [161.410263062, -142.909881592, 197.670608521, 92.8907852173, 174.085205078, 298.902435303, 194.861175537, 117.274589539, 27.4368724823, 99.3181610107, -4.9369225502, 34.9203224182, 8.22790908813], [78.4924240112, 7.73176527023, -117.192955017, 93.0505905151, 174.36680603, 194.861175537, 357.972991943, 119.362106323, 112.350387573, 47.8021888733, 118.647758484, 10.9132976532, 60.5019416809], [257.354553223, -223.409011841, 86.8611984253, 70.6104507446, 166.373794556, 117.274589539, 119.362106323, 247.571502686, 94.6657562256, 148.997528076, 30.5244007111, 56.3942756653, -8.8052778244], [-83.3013458252, 82.5318222046, -119.806282043, 82.0365447998, 71.8240585327, 27.4368724823, 112.350387573, 94.6657562256, 196.835418701, 40.9411773682, 104.291625977, -18.9529514313, 51.3167190552], [271.151794434, -251.417480469, 196.874435425, 60.9107627869, 121.145103455, 99.3181610107, 47.8021888733, 148.997528076, 40.9411773682, 228.89743042, -7.72557210922, 74.2338027954, -67.6548309326], [-80.7468490601, 105.038337708, -252.536758423, 17.0280570984, 32.0795669556, -4.9369225502, 118.647758484, 30.5244007111, 104.291625977, -7.72557210922, 206.61857605, -18.847612381, 78.8933181763], [136.967895508, -142.734634399, 128.514358521, 24.2433586121, 59.3187484741, 34.9203224182, 10.9132976532, 56.3942756653, -18.9529514313, 74.2338027954, -18.847612381, 126.367179871, -12.8211174011], [-171.330245972, 124.509475708, -164.773605347, -9.28629112244, 1.5335752964, 8.22790908813, 60.5019416809, -8.8052778244, 51.3167190552, -67.6548309326, 78.8933181763, -12.8211174011, 141.90965271]],
        "icov": [[0.00102817907464, 0.0010494182352, 0.000130835949676, -0.000658166536596, 0.000250251730904, 0.000176423374796, -0.000371517875465, -0.000280236272374, 0.000530513119884, 4.40606490884e-05, -0.000131297958433, 0.000137037917739, 0.00047205312876], [0.0010494182352, 0.00553688732907, -0.00207389239222, 0.00146290578414, -0.00146491359919, 0.00266459328122, -0.00217769667506, 0.00405308417976, -0.00362404854968, 0.00316182407551, -0.00158033717889, 0.00254408270121, -0.000935713120271], [0.000130835949676, -0.00207389239222, 0.00495564658195, -0.00283927610144, 0.00162721832749, -0.0044254316017, 0.00302098318934, -0.00237313495018, 0.00262827682309, -0.0027336794883, 0.00315913651139, -0.00304144225083, 0.00206485833041], [-0.000658166536596, 0.00146290578414, -0.00283927610144, 0.0073779374361, -0.00344396103173, 0.00173871347215, -0.00142435741145, 0.00352319562808, -0.00518423272297, 0.00235795578919, -0.0012747310102, 0.00113947107457, -0.00031933610444], [0.000250251730904, -0.00146491359919, 0.00162721832749, -0.00344396103173, 0.0103610074148, -0.00358464429155, -0.000738468894269, -0.00518401898444, 0.00231037801132, -0.00207015615888, 0.000809087534435, -0.00264841527678, 0.000829012074973], [0.000176423374796, 0.00266459328122, -0.0044254316017, 0.00173871347215, -0.00358464429155, 0.0122425472364, -0.0069233989343, 0.00220251199789, -0.000436779344454, 0.000146088626934, -0.00018773348711, 0.00431389687583, -0.00401051947847], [-0.000371517875465, -0.00217769667506, 0.00302098318934, -0.00142435741145, -0.000738468894269, -0.0069233989343, 0.0093145230785, -0.00219475361519, 0.000235987550695, -0.000199664704269, -0.00119556044228, -0.00229922332801, 0.0014551023487], [-0.000280236272374, 0.00405308417976, -0.00237313495018, 0.00352319562808, -0.00518401898444, 0.00220251199789, -0.00219475361519, 0.0145749244839, -0.0077489670366, -0.000906067551114, -0.000735342560802, 0.00121083925478, -0.00176261540037], [0.000530513119884, -0.00362404854968, 0.00262827682309, -0.00518423272297, 0.00231037801132, -0.000436779344454, 0.000235987550695, -0.0077489670366, 0.0154920266941, -0.00513148959726, -0.00103491649497, 0.00116710853763, -0.00141616584733], [4.40606490884e-05, 0.00316182407551, -0.0027336794883, 0.00235795578919, -0.00207015615888, 0.000146088626934, -0.000199664704269, -0.000906067551114, -0.00513148959726, 0.0138651346788, -0.00330051104538, -0.00175163906533, 0.00444444594905], [-0.000131297958433, -0.00158033717889, 0.00315913651139, -0.0012747310102, 0.000809087534435, -0.00018773348711, -0.00119556044228, -0.000735342560802, -0.00103491649497, -0.00330051104538, 0.0114162098616, -0.00126269168686, -0.00238109007478], [0.000137037917739, 0.00254408270121, -0.00304144225083, 0.00113947107457, -0.00264841527678, 0.00431389687583, -0.00229922332801, 0.00121083925478, 0.00116710853763, -0.00175163906533, -0.00126269168686, 0.0138327013701, -0.00399511633441], [0.00047205312876, -0.000935713120271, 0.00206485833041, -0.00031933610444, 0.000829012074973, -0.00401051947847, 0.0014551023487, -0.00176261540037, -0.00141616584733, 0.00444444594905, -0.00238109007478, -0.00399511633441, 0.0139018893242]]
    },
    "melbands": {
        "max": [0.0240670610219, 0.0256648566574, 0.00849965680391, 0.00434335693717, 0.00539929745719, 0.00495844613761, 0.00232425332069, 0.00426676031202, 0.00835513230413, 0.00773886358365, 0.00459911255166, 0.012172694318, 0.0110281631351, 0.00298887933604, 0.00104167137761, 0.000942949845921, 0.00187463744078, 0.00163424946368, 0.000814982457086, 0.000973033078481, 0.00145892845467, 0.000478848000057, 0.000471653969726, 0.00031155438046, 0.000213758670725, 0.000408310967032, 0.000431073218351, 0.000229392200708, 0.000313938682666, 0.000350146961864, 6.14647287875e-05, 4.35630936408e-05, 3.87892650906e-05, 4.62540920125e-05, 4.18766976509e-05, 2.30991645367e-05, 2.86569083983e-05, 2.98072372971e-05, 3.17954836646e-05, 2.47175557888e-05],
        "mean": [0.00153195078019, 0.000942102691624, 0.00024769679294, 0.00024261661747, 0.000271628436167, 0.000229417855735, 0.000171803316334, 0.000181990573765, 0.000167708800291, 0.000190117527382, 0.000295219739201, 0.000589177769143, 0.00040518087917, 9.87775129033e-05, 4.12105691794e-05, 4.30446743849e-05, 4.76219938719e-05, 7.60070543038e-05, 3.63484359696e-05, 3.04395380226e-05, 4.7908295528e-05, 2.02183709916e-05, 1.60485287779e-05, 2.09423014894e-05, 1.39544881677e-05, 1.47348700921e-05, 1.34056635943e-05, 1.07983250928e-05, 7.7733402577e-06, 5.23049266121e-06, 2.84933730654e-06, 2.38895449911e-06, 2.27864711633e-06, 2.56974726653e-06, 2.48391120294e-06, 2.68616872745e-06, 2.71412136499e-06, 2.01043417292e-06, 1.57057763772e-06, 1.07302855668e-06],
        "min": [3.01291152027e-07, 2.96004850497e-06, 1.01017667475e-06, 3.1997132055e-07, 6.20879461621e-07, 8.53929577715e-07, 1.37659799293e-06, 4.1011793428e-07, 6.78324738601e-08, 7.06609597501e-08, 3.18161966106e-07, 6.87683211709e-07, 1.05899027858e-06, 3.0783070315e-07, 7.3051872107e-08, 1.99926134314e-07, 1.48034402514e-07, 1.73544975723e-07, 1.04058379691e-07, 9.29367374169e-08, 2.56158728007e-07, 1.00257580016e-07, 1.09783073299e-07, 7.94507499791e-08, 6.20011775254e-08, 3.63664618419e-08, 1.99528731315e-08, 3.80611062667e-08, 5.10631643635e-08, 4.14562464357e-08, 2.19763318654e-08, 2.131559107e-08, 2.12911466235e-09, 1.64992339791e-08, 1.34026532095e-08, 1.08348254813e-08, 1.54187844714e-08, 8.46069259097e-09, 8.01206156975e-10, 7.82167646624e-12],
        "stdev": [0.00373872579075, 0.00217087450437, 0.00059689686168, 0.000414225331042, 0.000468485610327, 0.000512869737577, 0.000266417337116, 0.000389318913221, 0.000488160614623, 0.00052900967421, 0.000628665671684, 0.00142539769877, 0.00131481862627, 0.000273101904895, 8.07456235634e-05, 8.54092140798e-05, 0.000127714913106, 0.000168514059624, 6.06505964242e-05, 6.80698867654e-05, 0.000120977980259, 4.30495674664e-05, 3.50503432855e-05, 3.63116705557e-05, 2.22731669055e-05, 2.92229869956e-05, 2.73507230304e-05, 1.96718738152e-05, 1.5827758034e-05, 1.48331573655e-05, 4.04703223467e-06, 3.67779557564e-06, 3.54705480277e-06, 4.23419351137e-06, 3.48193248101e-06, 3.13404143526e-06, 3.20980097968e-06, 2.6511163469e-06, 2.44818807005e-06, 1.98698785425e-06]
    },
    "melbands128": {
        "max": [0.00691063189879, 0.0362559892237, 0.0366520285606, 0.0312580429018, 0.0352430678904, 0.0243080481887, 0.0139349345118, 0.00653782486916, 0.00250178086571, 0.00452127773315, 0.00758201163262, 0.00779047328979, 0.0074380626902, 0.00880162976682, 0.00503634568304, 0.00949996337295, 0.00371032208204, 0.00410134205595, 0.00403962098062, 0.00550201209262, 0.00880918744951, 0.0106566231698, 0.0158496629447, 0.00518061965704, 0.00920581165701, 0.0120527921245, 0.0138189047575, 0.00728923594579, 0.00917687639594, 0.0170138478279, 0.0178412050009, 0.023259954527, 0.02222507447, 0.00975101068616, 0.00749711086974, 0.00503116007894, 0.00249378406443, 0.00144616363104, 0.0022357085254, 0.00267593143508, 0.00168824859429, 0.00291386037134, 0.00391593528911, 0.00391773041338, 0.00405748281628, 0.00366283231415, 0.0015869474737, 0.00109862280078, 0.00149147596676, 0.00251027313061, 0.00162211328279, 0.0025297102984, 0.00242988299578, 0.00232245610096, 0.00180541956797, 0.000816022744402, 0.000687919789925, 0.00101308722515, 0.00103376223706, 0.000461956631625, 0.000633366580587, 0.000555003236514, 0.000413000467233, 0.000319416896673, 0.000748099759221, 0.000819645123556, 0.000446455494966, 0.000510307727382, 0.00090934248874, 0.00076821167022, 0.000309188995743, 0.000178148256964, 0.000266559683951, 0.000578690320253, 0.000428919331171, 0.000834555830806, 9.21751197893e-05, 0.000219259236474, 4.50179286418e-05, 2.97286169371e-05, 7.35190405976e-05, 4.37513917859e-05, 3.77855867555e-05, 3.64950719813e-05, 0.000101481607999, 5.31835285074e-05, 5.92514516029e-05, 5.48956450075e-05, 4.93237384944e-05, 5.23353774042e-05, 3.22519226756e-05, 2.87177990685e-05, 3.52873503289e-05, 3.78432814614e-05, 2.98774284602e-05, 3.65343003068e-05, 4.23389210482e-05, 4.50805928267e-05, 2.76427999779e-05, 4.1401523049e-05, 2.85908936348e-05, 1.9641362087e-05, 2.22356411541e-05, 2.13998700929e-05, 2.18327622861e-05, 1.92086536117e-05, 1.3346844753e-05, 1.34002939376e-05, 1.04118307718e-05, 8.70596250024e-06, 8.87846726982e-06, 1.01420837382e-05, 6.64214121571e-06, 2.71135547791e-07, 2.80650851892e-07, 3.49327052618e-07, 6.2030515835e-08, 3.44217632176e-09, 3.30357852185e-09, 3.1814209045e-09, 3.07230307861e-09, 2.99963187622e-09, 2.90643531464e-09, 2.83258883016e-09, 2.78118283958e-09, 2.75230327418e-09, 2.72108113819e-09, 2.70373790023e-09],
        "mean": [0.00029996203375, 0.00176956411451, 0.0019374958938, 0.00131670443807, 0.000984693295322, 0.000596784579102, 0.00028726880555, 0.000156561218319, 0.000147930928506, 0.000227765471209, 0.000329435861204, 0.000299862178508, 0.000279397703707, 0.0002057148522, 0.000230235178606, 0.0002753539884, 0.000144059391459, 0.000179990398465, 0.000151108630234, 0.000172418367583, 0.000187384575838, 0.000247022748226, 0.000160689553013, 9.25906861085e-05, 0.000124567988678, 0.000214094819967, 0.000385511404602, 0.00014778507466, 0.000302290078253, 0.000853471457958, 0.000465221964987, 0.000533013662789, 0.000603618042078, 0.000113937108836, 0.000151627857122, 9.04005137272e-05, 3.09171809931e-05, 2.8998729249e-05, 5.9494162997e-05, 4.42444907094e-05, 2.64371301455e-05, 6.26469191047e-05, 4.76976492791e-05, 3.57998178515e-05, 6.04410779488e-05, 0.000105222425191, 7.20219686627e-05, 2.16733260459e-05, 2.94993606076e-05, 3.41135273629e-05, 1.69542563526e-05, 3.98671181756e-05, 6.76843192196e-05, 4.41602242063e-05, 2.24681461987e-05, 1.8201653802e-05, 1.63294753293e-05, 2.01697603188e-05, 1.48158396769e-05, 1.03458241938e-05, 2.53223370237e-05, 2.55807044596e-05, 1.49884199345e-05, 9.32583225222e-06, 1.36013131851e-05, 1.81136147148e-05, 1.32183804453e-05, 1.02608491943e-05, 1.28858255266e-05, 1.93834821403e-05, 1.12598600026e-05, 6.30126805845e-06, 6.93564015819e-06, 9.26994835027e-06, 6.82119070916e-06, 6.18412832409e-06, 4.04968614021e-06, 3.2615866985e-06, 2.59089028987e-06, 2.46041599894e-06, 2.70748023468e-06, 2.21878212869e-06, 2.03900322049e-06, 2.15165005102e-06, 2.66367305812e-06, 2.5584317882e-06, 2.64283539764e-06, 2.35627953771e-06, 2.45617115979e-06, 2.54734436567e-06, 2.64239338321e-06, 2.66555412054e-06, 2.87757507067e-06, 2.93388916361e-06, 2.52125801126e-06, 2.07161315302e-06, 1.96164046429e-06, 1.7933818981e-06, 1.65844198818e-06, 1.43190186463e-06, 1.20152697036e-06, 1.05190258637e-06, 8.54008646911e-07, 7.95739197201e-07, 6.8932342856e-07, 5.54732025648e-07, 4.77217668049e-07, 4.13709898339e-07, 3.46654900341e-07, 2.88627887812e-07, 2.69013838761e-07, 2.09005548868e-07, 7.51884599026e-08, 7.22815940435e-09, 5.25401588902e-09, 4.74158179387e-09, 9.63328528059e-10, 6.92245696529e-12, 6.28822081211e-12, 6.08849429207e-12, 5.91343944298e-12, 5.78447966609e-12, 5.64796343375e-12, 5.52826230973e-12, 5.38453960239e-12, 5.22245658177e-12, 5.11865203001e-12, 5.08106794486e-12],
        "min": [8.06982303203e-09, 3.00153999433e-08, 1.21064857694e-07, 1.92087313167e-07, 8.96795029348e-07, 6.80468758674e-07, 1.30699675083e-07, 7.35659497764e-08, 3.24550001096e-07, 9.67185869172e-08, 1.02506447774e-07, 7.45123998058e-08, 7.2806898288e-08, 2.35718076169e-07, 1.01311840695e-07, 5.62212640887e-08, 4.57591767145e-07, 3.06169170017e-07, 1.07715131037e-07, 9.99153542125e-08, 9.23054415125e-08, 6.20581346311e-08, 2.40188811063e-08, 3.07695806612e-08, 2.23838050317e-08, 6.20290023789e-08, 5.17027416436e-08, 1.59254227583e-07, 1.40606786658e-07, 1.442453339e-07, 1.96331455982e-07, 2.38137602082e-07, 2.19980933025e-07, 2.85688599888e-07, 4.9850548578e-08, 5.92451954162e-08, 4.29042543715e-08, 1.06940678535e-08, 5.04931243483e-08, 6.26366514211e-08, 6.88645016567e-08, 9.80111991566e-08, 2.57479069177e-08, 1.96484855053e-08, 6.03652168252e-08, 8.44004546252e-08, 1.81547704869e-07, 7.43798764802e-08, 3.59408218742e-08, 7.73071349158e-08, 4.71178935868e-08, 1.07583211673e-07, 1.13839902838e-07, 1.14241686333e-07, 8.96980800746e-09, 5.58798340933e-09, 4.57828441824e-08, 2.51117757699e-08, 2.92663511203e-08, 2.23287468515e-08, 4.08051263889e-08, 4.5444430441e-08, 4.20906012266e-08, 2.67193964731e-08, 6.25850873348e-08, 3.93573529323e-08, 2.22277147799e-08, 1.29170611984e-08, 2.16351541127e-08, 2.18588915857e-08, 2.58357246707e-08, 3.66185908263e-08, 1.33665576385e-08, 3.07404803834e-08, 9.1377927447e-09, 2.76190768034e-08, 6.46256426151e-09, 9.31887544908e-09, 3.35701488829e-09, 7.07896807839e-09, 1.55447543726e-09, 1.33322097806e-09, 3.25978022353e-10, 1.1077712081e-09, 7.85818909943e-11, 2.86251189419e-10, 8.52892201308e-10, 4.33724123283e-09, 4.91903406896e-09, 7.53248130536e-09, 1.1101163544e-08, 7.54991269503e-09, 4.75505901321e-09, 7.34033234195e-09, 6.76337030825e-09, 5.55174928252e-09, 5.59063961791e-10, 3.61907948054e-10, 7.81643708092e-11, 5.06346830784e-12, 1.14870933945e-11, 1.36984293266e-12, 3.22044853892e-13, 1.71866183394e-13, 1.9738715057e-13, 1.74485805578e-13, 1.80326836362e-13, 9.92420189539e-14, 1.52321189516e-13, 1.61765430695e-13, 2.04712399918e-13, 1.942533184e-13, 1.65160270985e-13, 9.61186290066e-14, 1.32089394219e-13, 1.43386360727e-13, 1.31184193825e-13, 1.21532897136e-13, 1.01186718509e-13, 1.30635492658e-13, 1.24450159921e-13, 1.2471137133e-13, 1.34963559968e-13, 1.39937730457e-13, 9.71036402328e-14, 3.68992861168e-14, 4.40400847233e-15, 2.03438546857e-16],
        "stdev": [0.000877737125847, 0.00512296846136, 0.00492596393451, 0.00289449398406, 0.00289665581658, 0.00197431701235, 0.000900150102098, 0.000351845053956, 0.000253958656685, 0.000410291715525, 0.000749096099753, 0.000631082395557, 0.000571887823753, 0.000533345679287, 0.000582064385526, 0.000848694122396, 0.000299553386867, 0.000388693995774, 0.000330529117491, 0.00050422915956, 0.000620032195002, 0.000777072797064, 0.000757737318054, 0.000282167457044, 0.000497864093632, 0.000802898895927, 0.00140131951775, 0.00051794067258, 0.000979600823484, 0.00251336349174, 0.00159813975915, 0.00202311063185, 0.00232454412617, 0.00051408726722, 0.000542393361684, 0.000332023366354, 0.000109421169327, 7.86276796134e-05, 0.000173421954969, 0.000157411806867, 8.23420850793e-05, 0.000178074638825, 0.000191193656065, 0.000186623030459, 0.000231968777371, 0.000306798290694, 0.000179999551619, 6.06119756412e-05, 9.02563042473e-05, 0.000113582529593, 5.97670805291e-05, 0.000161640433362, 0.000204544034204, 0.000170658575371, 9.81583725661e-05, 5.55953738512e-05, 4.09243912145e-05, 5.23917587998e-05, 5.66508970223e-05, 2.68406001851e-05, 6.09412927588e-05, 5.66640956094e-05, 3.49639376509e-05, 2.20714064199e-05, 4.0950904804e-05, 5.15047140652e-05, 3.32007693942e-05, 2.75959082501e-05, 4.42216842202e-05, 5.79893167014e-05, 2.58368727373e-05, 1.34463271024e-05, 1.6463418433e-05, 2.59613443632e-05, 2.20275869651e-05, 3.32478775817e-05, 7.3884430094e-06, 7.93019262346e-06, 4.17214596382e-06, 3.66569656762e-06, 5.01507201989e-06, 3.70974157704e-06, 3.35829599862e-06, 3.37118149218e-06, 5.44684689885e-06, 4.54203382105e-06, 4.80145899928e-06, 3.75774607164e-06, 3.87347517972e-06, 3.71545388589e-06, 3.57994895239e-06, 3.44033060173e-06, 3.66520930584e-06, 3.9534111238e-06, 3.47058630723e-06, 3.02293119603e-06, 2.86925501314e-06, 2.84537395601e-06, 2.61141735791e-06, 2.70476425612e-06, 2.25815415433e-06, 2.07989728551e-06, 1.75184254658e-06, 1.76391858986e-06, 1.66311406247e-06, 1.39319411119e-06, 1.17127126487e-06, 1.00494821709e-06, 8.5879571543e-07, 7.33641854822e-07, 7.39775600778e-07, 6.8960275712e-07, 3.10425804173e-07, 2.37197212982e-08, 1.91054443377e-08, 1.91312725661e-08, 4.15919476637e-09, 9.20619414035e-11, 8.83371917282e-11, 8.50742878922e-11, 8.21594875466e-11, 8.02161809199e-11, 7.77271788599e-11, 7.57549994956e-11, 7.43825209759e-11, 7.36122621192e-11, 7.27794421951e-11, 7.23159310212e-11]
    },
    "mfcc": {
        "mean": [-630.194702148, 94.3520355225, -7.83505582809, 5.45448446274, 0.786997556686, 0.528747260571, 3.52444934845, 7.6849656105, -0.509208917618, 7.15166139603, -8.6835308075, 0.438538730145, -0.765102624893],
        "cov": [[1836.22998047, -668.12890625, -52.4182434082, 151.578735352, 50.7067070007, 22.1292514801, 138.301040649, 48.4844360352, 25.4737243652, 110.441726685, 88.3998413086, 64.3693618774, 68.1137084961], [-668.12890625, 545.491455078, -47.9949684143, -84.914642334, -96.0637283325, -52.3764915466, -118.617279053, -39.2866172791, -85.1347427368, -76.7161407471, -69.70677948, -65.6613616943, -80.3239212036], [-52.4182434082, -47.9949684143, 562.206115723, 44.1645774841, 114.608528137, 142.894271851, -20.7867164612, -19.5239639282, 42.380859375, -78.4458007812, 81.9508056641, -58.0759086609, -48.084487915], [151.578735352, -84.914642334, 44.1645774841, 206.592300415, 62.6254844666, 53.8131370544, 17.0582637787, 47.9983215332, 39.7427520752, 32.893321991, 33.9577178955, 59.2266845703, 56.5348052979], [50.7067070007, -96.0637283325, 114.608528137, 62.6254844666, 189.933364868, 43.9519577026, 48.354850769, 28.8824253082, 74.2322387695, 38.689365387, 47.980381012, 25.0161018372, 38.5011138916], [22.1292514801, -52.3764915466, 142.894271851, 53.8131370544, 43.9519577026, 233.320556641, 108.673347473, 71.5161132812, 81.005821228, 21.621011734, 68.2145843506, -14.2646808624, 5.18315696716], [138.301040649, -118.617279053, -20.7867164612, 17.0582637787, 48.354850769, 108.673347473, 242.885269165, 92.0816116333, 93.0681381226, 104.205024719, 50.3801116943, 33.5786132812, 54.6171302795], [48.4844360352, -39.2866172791, -19.5239639282, 47.9983215332, 28.8824253082, 71.5161132812, 92.0816116333, 141.835952759, 79.8134231567, 60.424446106, 28.1698570251, 18.600610733, 37.9634971619], [25.4737243652, -85.1347427368, 42.380859375, 39.7427520752, 74.2322387695, 81.005821228, 93.0681381226, 79.8134231567, 173.144699097, 79.0654144287, 60.879825592, 32.1503753662, 46.3024177551], [110.441726685, -76.7161407471, -78.4458007812, 32.893321991, 38.689365387, 21.621011734, 104.205024719, 60.424446106, 79.0654144287, 178.447052002, 65.4110717773, 65.250793457, 56.6071205139], [88.3998413086, -69.70677948, 81.9508056641, 33.9577178955, 47.980381012, 68.2145843506, 50.3801116943, 28.1698570251, 60.879825592, 65.4110717773, 147.270843506, 50.9714393616, 25.6192550659], [64.3693618774, -65.6613616943, -58.0759086609, 59.2266845703, 25.0161018372, -14.2646808624, 33.5786132812, 18.600610733, 32.1503753662, 65.250793457, 50.9714393616, 159.673751831, 85.8396911621], [68.1137084961, -80.3239212036, -48.084487915, 56.5348052979, 38.5011138916, 5.18315696716, 54.6171302795, 37.9634971619, 46.3024177551, 56.6071205139, 25.6192550659, 85.8396911621, 122.140922546]],
        "icov": [[0.00113429548219, 0.00145114806946, 0.000203319010325, -0.000620443955995, 0.000302265980281, 0.000273147888947, -0.000216773070861, -0.000158270282554, 0.000633722287603, -0.000161621486768, -0.000467929494334, 0.000348882371327, 0.000415870221332], [0.00145114806946, 0.00423975754529, 0.000397175026592, -0.000151653774083, 0.000815805862658, -6.43880002826e-06, 0.000781358568929, -0.000799554225523, 0.00116080779117, -0.000238023232669, -0.000157677350217, 0.000385178253055, 0.00128037680406], [0.000203319010325, 0.000397175026592, 0.00337766902521, -0.000425686652306, -0.00169910222758, -0.0015608118847, 0.000532665348146, 0.000898702011909, -0.000355128722731, 0.00182256451808, -0.00189919164404, 0.000856356695294, 0.000845333794132], [-0.000620443955995, -0.000151653774083, -0.000425686652306, 0.00761292828247, -0.00164791895077, -0.00213214079849, 0.00228714291006, -0.00205742428079, 0.000598503975198, -0.0005306408857, 0.000984747894108, -0.00217220303603, -0.00187929335516], [0.000302265980281, 0.000815805862658, -0.00169910222758, -0.00164791895077, 0.00822644215077, 0.00121466431301, -0.000808269134723, 0.000454879686004, -0.00206961110234, -0.000678278738633, -0.000365058454918, 0.000606325280387, -0.00121345673688], [0.000273147888947, -6.43880002826e-06, -0.0015608118847, -0.00213214079849, 0.00121466431301, 0.00897256471217, -0.00379276019521, -0.00172613211907, -0.00143901060801, 0.00170530972537, -0.00262919208035, 0.00173898902722, 0.00076923641609], [-0.000216773070861, 0.000781358568929, 0.000532665348146, 0.00228714291006, -0.000808269134723, -0.00379276019521, 0.00888779293746, -0.00237057660706, -0.00024825608125, -0.00314620067365, 0.000942173064686, -0.000180364091648, -0.00155458960216], [-0.000158270282554, -0.000799554225523, 0.000898702011909, -0.00205742428079, 0.000454879686004, -0.00172613211907, -0.00237057660706, 0.0125149069354, -0.00368712027557, -0.00079997634748, 0.000425583129982, 0.00122627639212, -0.0012139644241], [0.000633722287603, 0.00116080779117, -0.000355128722731, 0.000598503975198, -0.00206961110234, -0.00143901060801, -0.00024825608125, -0.00368712027557, 0.0113944951445, -0.00251146988012, -0.00112388539128, 0.000245879491558, -0.00112902198453], [-0.000161621486768, -0.000238023232669, 0.00182256451808, -0.0005306408857, -0.000678278738633, 0.00170530972537, -0.00314620067365, -0.00079997634748, -0.00251146988012, 0.0115322954953, -0.0039501641877, -0.00102485890966, -0.000150160150952], [-0.000467929494334, -0.000157677350217, -0.00189919164404, 0.000984747894108, -0.000365058454918, -0.00262919208035, 0.000942173064686, 0.000425583129982, -0.00112388539128, -0.0039501641877, 0.0121698407456, -0.0040257172659, 0.00116021977738], [0.000348882371327, 0.000385178253055, 0.000856356695294, -0.00217220303603, 0.000606325280387, 0.00173898902722, -0.000180364091648, 0.00122627639212, 0.000245879491558, -0.00102485890966, -0.0040257172659, 0.0126956161112, -0.00686031254008], [0.000415870221332, 0.00128037680406, 0.000845333794132, -0.00187929335516, -0.00121345673688, 0.00076923641609, -0.00155458960216, -0.0012139644241, -0.00112902198453, -0.000150160150952, 0.00116021977738, -0.00686031254008, 0.0164979677647]]
    },
    "spectral_contrast_coeffs": {
        "max": [-0.445222735405, -0.492450594902, -0.416223317385, -0.487348139286, -0.519462406635, -0.595541596413],
        "mean": [-0.717311143875, -0.745542645454, -0.709610402584, -0.774544119835, -0.779201090336, -0.765246152878],
        "min": [-0.893275141716, -0.915824174881, -0.884595870972, -0.895432591438, -0.88988751173, -0.853155136108],
        "stdev": [0.0885604843497, 0.0761108547449, 0.0973157584667, 0.0663931965828, 0.0633445829153, 0.043600384146]
    },
    "spectral_contrast_valleys": {
        "max": [-5.32623624802, -5.25855875015, -5.9165558815, -5.94464969635, -5.8778719902, -8.01185131073],
        "mean": [-7.25321006775, -6.95634317398, -7.26441907883, -7.44354915619, -7.47701978683, -9.94470691681],
        "min": [-9.40849685669, -9.21807098389, -8.78888988495, -9.13840293884, -9.04129123688, -13.1835050583],
        "stdev": [0.541887283325, 0.486015349627, 0.453433275223, 0.410892874002, 0.545565605164, 0.900640070438]
    }
},
"rhythm": {
    "beats_count": 73,
    "beats_loudness": {
        "max": 0.0830950066447,
        "mean": 0.0287824850529,
        "min": 0.00183729478158,
        "stdev": 0.0183060895652
    },
    "bpm": 131.559417725,
    "bpm_histogram_first_peak_bpm": 133,
    "bpm_histogram_first_peak_weight": 0.487804949284,
    "bpm_histogram_second_peak_bpm": 126,
    "bpm_histogram_second_peak_spread": 0.400000035763,
    "bpm_histogram_second_peak_weight": 0.0833333358169,
    "danceability": 0.961050033569,
    "onset_rate": 2.79931616783,
    "beats_loudness_band_ratio": {
        "max": [0.937130689621, 0.67412853241, 0.620640099049, 0.926579236984, 0.395225733519, 0.521565079689],
        "mean": [0.298365861177, 0.138964921236, 0.129140883684, 0.289106249809, 0.0957992970943, 0.0711615085602],
        "min": [0.0052608018741, 0.000910209375434, 0.00233754632063, 0.0048804548569, 0.00812698714435, 0.00674577429891],
        "stdev": [0.286243468523, 0.177240327001, 0.138267666101, 0.278353273869, 0.0877138376236, 0.0932570025325]
    },
    "beats_position": [0.46439909935, 0.940408170223, 1.40480720997, 1.86920630932, 2.33360528946, 2.79800438881, 3.25079369545, 3.69197273254, 4.14476203918, 4.59755086899, 5.05034017563, 5.51473903656, 5.9675283432, 6.40870714188, 6.84988641739, 7.30267572403, 7.76707458496, 8.2198638916, 8.67265319824, 9.12544155121, 9.58984088898, 10.0542402267, 10.5070295334, 10.95981884, 11.4242172241, 11.8886165619, 12.3530158997, 12.8290243149, 13.3050336838, 13.8390922546, 14.3731517792, 14.8607711792, 15.3483896255, 15.8360090256, 16.3468475342, 16.8576869965, 17.3685264587, 17.8445339203, 18.3205432892, 18.7965526581, 19.2609519958, 19.6208610535, 19.9923801422, 20.363899231, 20.7354183197, 21.1069393158, 21.4784584045, 21.8499774933, 22.1982765198, 22.5465755463, 22.8832645416, 23.2315635681, 23.5682544708, 23.9165534973, 24.2648525238, 24.6247615814, 24.984670639, 25.4722900391, 25.9366893768, 26.3894786835, 26.8422679901, 27.2950553894, 27.7594547272, 28.2122440338, 28.6766433716, 29.1294326782, 29.5822219849, 30.0350112915, 30.4878005981, 30.9405899048, 31.3933773041, 31.8577766418, 32.2989578247],
