{
"metadata": {
    "version": {
        "essentia": "2.1-beta5",
        "essentia_git_sha": "Undefined",
        "extractor": "music 2.0"
    },
    "audio_properties": {
        "analysis": {
            "equal_loudness": 0,
            "length": 48.7502937317,
            "sample_rate": 44100,
            "start_time": 29.0017242432,
            "downmix": "mix"
        },
        "bit_rate": 192000,
        "length": 211.127456665,
        "lossless": 0,
        "number_channels": 2,
        "replay_gain": -5.98238945007,
        "sample_rate": 48000,
        "codec": "mp3",
        "md5_encoded": "035d9e6fdf40c5d9646efaf01c3ce9a3"
    },
    "tags": {
        "file_name": "Lithuania_Love Is Blind_Donny Montell.mp3",
        "encoding": ["Lavf58.29.100"]
    }
},
"lowlevel": {
    "average_loudness": 0.898364245892,
    "barkbands_crest": {
        "max": 26.1180591583,
        "mean": 11.1222658157,
        "min": 2.74293732643,
        "stdev": 4.49095964432
    },
    "barkbands_flatness_db": {
        "max": 0.404087215662,
        "mean": 0.194046080112,
        "min": 0.0729037746787,
        "stdev": 0.0546880625188
    },
    "barkbands_kurtosis": {
        "max": 165.755706787,
        "mean": 5.17994451523,
        "min": -1.91873848438,
        "stdev": 9.94193267822
    },
    "barkbands_skewness": {
        "max": 11.167265892,
        "mean": 1.5515049696,
        "min": -1.35909676552,
        "stdev": 1.3327395916
    },
    "barkbands_spread": {
        "max": 88.0383758545,
        "mean": 17.6305389404,
        "min": 0.558238625526,
        "stdev": 12.5914535522
    },
    "dissonance": {
        "max": 0.499636411667,
        "mean": 0.439465999603,
        "min": 0.246018275619,
        "stdev": 0.0373248755932
    },
    "dynamic_complexity": 3.83046102524,
    "erbbands_crest": {
        "max": 31.4913597107,
        "mean": 10.656826973,
        "min": 3.21811270714,
        "stdev": 4.1075553894
    },
    "erbbands_flatness_db": {
        "max": 0.392499417067,
        "mean": 0.220958665013,
        "min": 0.0981732532382,
        "stdev": 0.0448777787387
    },
    "erbbands_kurtosis": {
        "max": 43.4869842529,
        "mean": 1.11522746086,
        "min": -1.78900170326,
        "stdev": 2.92708563805
    },
    "erbbands_skewness": {
        "max": 6.00244188309,
        "mean": 0.640262842178,
        "min": -2.20438766479,
        "stdev": 0.920318543911
    },
    "erbbands_spread": {
        "max": 123.227371216,
        "mean": 31.679397583,
        "min": 3.03882098198,
        "stdev": 17.2185840607
    },
    "hfc": {
        "max": 93.3042984009,
        "mean": 18.4456825256,
        "min": 0.0382891222835,
        "stdev": 16.7489280701
    },
    "loudness_ebu128": {
        "integrated": -17.9876117706,
        "loudness_range": 4.79294395447,
        "momentary": {
            "max": -14.8511457443,
            "mean": -19.4652843475,
            "min": -36.8255462646,
            "stdev": 4.07210683823
        },
        "short_term": {
            "max": -15.9728984833,
            "mean": -18.5034484863,
            "min": -25.4839782715,
            "stdev": 1.91054165363
        }
    },
    "melbands_crest": {
        "max": 31.3860206604,
        "mean": 14.4316186905,
        "min": 3.29147553444,
        "stdev": 5.55286884308
    },
    "melbands_flatness_db": {
        "max": 0.520595192909,
        "mean": 0.213121339679,
        "min": 0.0286097321659,
        "stdev": 0.0735216811299
    },
    "melbands_kurtosis": {
        "max": 183.487319946,
        "mean": 10.1767253876,
        "min": -1.53115594387,
        "stdev": 13.5666465759
    },
    "melbands_skewness": {
        "max": 9.92806816101,
        "mean": 2.16504883766,
        "min": -0.153529912233,
        "stdev": 1.34595763683
    },
    "melbands_spread": {
        "max": 150.049438477,
        "mean": 23.0526065826,
        "min": 0.861080825329,
        "stdev": 18.7611675262
    },
    "pitch_salience": {
        "max": 0.837944507599,
        "mean": 0.549142956734,
        "min": 0.135856613517,
        "stdev": 0.115160673857
    },
    "silence_rate_20dB": {
        "max": 1,
        "mean": 1,
        "min": 1,
        "stdev": 0
    },
    "silence_rate_30dB": {
        "max": 1,
        "mean": 1,
        "min": 1,
        "stdev": 0
    },
    "silence_rate_60dB": {
        "max": 1,
        "mean": 0.144693002105,
        "min": 0,
        "stdev": 0.351790040731
    },
    "spectral_centroid": {
        "max": 4237.69482422,
        "mean": 1250.09680176,
        "min": 216.269897461,
        "stdev": 680.979797363
    },
    "spectral_complexity": {
        "max": 30,
        "mean": 12.35364151,
        "min": 0,
        "stdev": 5.69703149796
    },
    "spectral_decrease": {
        "max": -2.75422896295e-11,
        "mean": -4.45800241167e-09,
        "min": -1.65170952471e-08,
        "stdev": 3.11917469631e-09
    },
    "spectral_energy": {
        "max": 0.0657553076744,
        "mean": 0.018498590216,
        "min": 0.000108354382974,
        "stdev": 0.0129828331992
    },
    "spectral_energyband_high": {
        "max": 0.00571772409603,
        "mean": 0.000373164046323,
        "min": 7.37639593851e-09,
        "stdev": 0.00052839302225
    },
    "spectral_energyband_low": {
        "max": 0.0379816554487,
        "mean": 0.00145969784353,
        "min": 2.38525274199e-07,
        "stdev": 0.00298162340187
    },
    "spectral_energyband_middle_high": {
        "max": 0.0471373461187,
        "mean": 0.00595706235617,
        "min": 2.06576692108e-06,
        "stdev": 0.00727776251733
    },
    "spectral_energyband_middle_low": {
        "max": 0.0597090907395,
        "mean": 0.0109267001972,
        "min": 7.18177470844e-05,
        "stdev": 0.00864713732153
    },
    "spectral_entropy": {
        "max": 8.61891651154,
        "mean": 7.03012704849,
        "min": 5.17045116425,
        "stdev": 0.518731832504
    },
    "spectral_flux": {
        "max": 0.236420810223,
        "mean": 0.0643144547939,
        "min": 0.00246530282311,
        "stdev": 0.0382972098887
    },
    "spectral_kurtosis": {
        "max": 98.1135940552,
        "mean": 6.4337978363,
        "min": -1.20190060139,
        "stdev": 9.03146934509
    },
    "spectral_rms": {
        "max": 0.00800946447998,
        "mean": 0.00389365106821,
        "min": 0.000325133180013,
        "stdev": 0.00169908581302
    },
    "spectral_rolloff": {
        "max": 9539.20898438,
        "mean": 1599.24938965,
        "min": 172.265625,
        "stdev": 1383.48034668
    },
    "spectral_skewness": {
        "max": 8.0458650589,
        "mean": 1.75947868824,
        "min": -0.066147595644,
        "stdev": 0.835546553135
    },
    "spectral_spread": {
        "max": 14201917,
        "mean": 3817392.5,
        "min": 834057,
        "stdev": 1343511.5
    },
    "spectral_strongpeak": {
        "max": 8.95018291473,
        "mean": 1.44083404541,
        "min": 0.0216304548085,
        "stdev": 1.43221616745
    },
    "zerocrossingrate": {
        "max": 0.275390625,
        "mean": 0.0568997561932,
        "min": 0.00634765625,
        "stdev": 0.0338717140257
    },
    "barkbands": {
        "max": [0.000751809333451, 0.0120168384165, 0.0256621968001, 0.00982142798603, 0.0244929268956, 0.0433956384659, 0.0249523576349, 0.0541486181319, 0.0532460846007, 0.029874548316, 0.0235237330198, 0.0179632455111, 0.0144031075761, 0.013023942709, 0.0112158721313, 0.0125212129205, 0.00752631714568, 0.00860740337521, 0.00446221604943, 0.00939138140529, 0.000962736085057, 0.00204993202351, 0.00253628683276, 0.00226450432092, 0.000810773868579, 0.000140617761645, 1.18162643048e-06],
        "mean": [1.54154549818e-05, 0.000577016267926, 0.00070505210897, 0.000443001947133, 0.00251144124195, 0.00309219886549, 0.00101952208206, 0.000881413347088, 0.00285679521039, 0.000708753417712, 0.000756633642595, 0.000773005012888, 0.000577556842472, 0.000438068702351, 0.000490146456286, 0.000533359590918, 0.000362085556844, 0.000703573052306, 0.000435853376985, 0.000273263489362, 2.53778343904e-05, 7.47277008486e-05, 0.000124736383441, 0.000100167446362, 1.7939348254e-05, 1.49838422203e-06, 1.77400083512e-09],
        "min": [5.79614578555e-10, 1.30587940461e-08, 1.33092505905e-08, 7.65026371141e-08, 1.18438697427e-06, 3.92884066969e-06, 6.87886654305e-07, 6.7674238835e-07, 2.38129723584e-06, 7.68742950186e-07, 5.55028947247e-08, 1.8064373819e-07, 2.10988790883e-08, 1.32778854578e-08, 8.97755736418e-09, 6.57950316452e-09, 5.71514569003e-09, 5.66275559777e-09, 3.84810983078e-09, 7.66143060105e-09, 2.8603679425e-09, 3.7033574124e-11, 1.03929510831e-10, 3.91919441345e-10, 2.37039589346e-11, 2.99552917193e-11, 3.81434987762e-11],
        "stdev": [4.99290399603e-05, 0.00136530585587, 0.00186481536366, 0.00081460585352, 0.0036282914225, 0.00415880000219, 0.00224223337136, 0.00274853315204, 0.00522000854835, 0.00246598641388, 0.00192220776808, 0.0023904312402, 0.00146134523675, 0.00107712496538, 0.00109948054887, 0.00138476595748, 0.000860994507093, 0.0010360510787, 0.000648444867693, 0.000897496240214, 5.850076559e-05, 0.000136587317684, 0.000193392959773, 0.000175306864548, 4.0659950173e-05, 6.550123544e-06, 3.06616243506e-08]
    },
    "erbbands": {
        "max": [0.308153867722, 4.03782510757, 30.7941246033, 15.1627197266, 66.364730835, 110.238220215, 265.542510986, 534.175720215, 456.128631592, 577.307800293, 832.873168945, 1476.32373047, 1046.05859375, 1199.42578125, 722.845397949, 735.232177734, 576.333129883, 747.037231445, 702.329467773, 732.591003418, 635.534484863, 524.849243164, 607.524597168, 198.406005859, 341.468109131, 534.311340332, 30.488079071, 44.9652862549, 81.6977081299, 75.3030853271, 70.2751998901, 68.7661056519, 24.1454315186, 13.8924417496, 2.24631500244, 0.737129032612, 0.35340616107, 0.00863202940673, 0.000267171359155, 7.6241667557e-05],
        "mean": [0.0110636586323, 0.156427636743, 0.783877968788, 1.11573004723, 4.60473203659, 9.66604804993, 16.1815643311, 27.5915908813, 16.9423942566, 12.5550346375, 31.2247028351, 63.7515258789, 34.0327911377, 30.8512554169, 25.7653427124, 26.2916107178, 27.7449188232, 25.5781497955, 28.3653297424, 26.0757255554, 23.1192932129, 25.443813324, 41.2332000732, 20.5160369873, 25.6657943726, 10.9160337448, 1.42456328869, 1.04710423946, 1.792501688, 4.48701906204, 3.38117313385, 3.04889631271, 0.96723395586, 0.312069386244, 0.077488720417, 0.0130447056144, 0.00182578794193, 5.60713378945e-05, 1.49752340803e-05, 2.35105198954e-05],
        "min": [7.75003059061e-07, 8.74652869243e-06, 0.00010091252625, 0.000836168474052, 0.00188148510642, 0.00951890926808, 0.0144723858684, 0.0466724336147, 0.0133279915899, 0.0249366238713, 0.0482792891562, 0.0435949154198, 0.0253916662186, 0.0316717810929, 0.00844333041459, 0.00774390529841, 0.00159758259542, 0.00102987419814, 0.000787415308878, 0.000422155833803, 0.00042483213474, 0.00037291739136, 0.000438065326307, 0.000227294411161, 0.000180294169695, 0.000325967004756, 7.89698460721e-05, 9.77290110313e-05, 7.56879944674e-06, 2.31422814068e-06, 6.74077136864e-06, 2.3186836188e-05, 2.59077432929e-06, 6.49621711091e-07, 5.74479770421e-07, 3.59279312079e-07, 1.62370753287e-07, 3.44185551171e-08, 6.10004562418e-08, 1.22402795455e-07],
        "stdev": [0.0287655014545, 0.377854973078, 2.16045117378, 1.6566836834, 8.20298290253, 15.2980737686, 29.2855739594, 39.1713981628, 34.1433067322, 28.1447601318, 76.6435699463, 127.253196716, 80.0327758789, 78.8020477295, 66.476600647, 80.2979202271, 63.639377594, 62.2197532654, 55.6862602234, 63.42237854, 55.8145103455, 57.8881721497, 63.1163368225, 26.9845848083, 44.6237754822, 39.8764801025, 2.60439181328, 2.69575548172, 4.17937517166, 6.73605680466, 5.37627887726, 5.10206270218, 2.03303313255, 0.745219826698, 0.15657530725, 0.0409900434315, 0.0109913107008, 0.000263867463218, 1.42939588841e-05, 1.64174889505e-05]
    },
    "gfcc": {
        "mean": [-58.9458847046, 108.160423279, -152.99029541, 25.4387073517, -88.746711731, 3.75105118752, -54.0559997559, 1.08391916752, -17.2570266724, -24.1236534119, 0.873506784439, -10.3799791336, -5.65541362762],
        "cov": [[7293.44287109, -1878.95495605, -871.001220703, 742.713806152, 72.9241638184, 644.573547363, -529.44720459, 699.074951172, 13.7479372025, -117.166366577, 160.452880859, 77.7580718994, -267.353424072], [-1878.95495605, 1809.27185059, 636.637207031, -58.6684455872, 449.016448975, -57.3778381348, 508.714813232, -189.186401367, 194.172531128, -83.6056213379, -6.65305757523, -105.883262634, -14.8197889328], [-871.001220703, 636.637207031, 1199.07177734, 100.320770264, 48.0011138916, 107.344482422, 86.6700897217, -84.084602356, -56.9033889771, 67.8268661499, -214.070007324, 72.1616897583, -66.7824401855], [742.713806152, -58.6684455872, 100.320770264, 504.617614746, 132.832229614, 105.328712463, -11.7901649475, 97.0671310425, 146.919265747, -11.0810441971, -15.3854122162, -10.0940952301, 36.1709823608], [72.9241638184, 449.016448975, 48.0011138916, 132.832229614, 427.346954346, 71.0813140869, 174.732574463, 97.728767395, 104.546043396, 11.5030584335, 15.5695562363, -6.80672264099, -12.3438615799], [644.573547363, -57.3778381348, 107.344482422, 105.328712463, 71.0813140869, 381.239135742, 128.729675293, 94.2793502808, -36.6259269714, 44.1329689026, 29.4707832336, -15.4917554855, -77.0268707275], [-529.44720459, 508.714813232, 86.6700897217, -11.7901649475, 174.732574463, 128.729675293, 417.946136475, 14.6042041779, 49.7294921875, 18.0797958374, 70.645401001, -33.6651649475, -65.7178039551], [699.074951172, -189.186401367, -84.084602356, 97.0671310425, 97.728767395, 94.2793502808, 14.6042041779, 227.192474365, 42.1393547058, 10.8242769241, 20.9307365417, 9.69294548035, -31.3703231812], [13.7479372025, 194.172531128, -56.9033889771, 146.919265747, 104.546043396, -36.6259269714, 49.7294921875, 42.1393547058, 225.618087769, -9.9755487442, 1.97186636925, -39.6346931458, 39.7183227539], [-117.166366577, -83.6056213379, 67.8268661499, -11.0810441971, 11.5030584335, 44.1329689026, 18.0797958374, 10.8242769241, -9.9755487442, 146.710189819, -18.1068534851, 34.316947937, 5.03647518158], [160.452880859, -6.65305757523, -214.070007324, -15.3854122162, 15.5695562363, 29.4707832336, 70.645401001, 20.9307365417, 1.97186636925, -18.1068534851, 191.128890991, -14.0026016235, -7.61843967438], [77.7580718994, -105.883262634, 72.1616897583, -10.0940952301, -6.80672264099, -15.4917554855, -33.6651649475, 9.69294548035, -39.6346931458, 34.316947937, -14.0026016235, 136.636871338, -1.27527368069], [-267.353424072, -14.8197889328, -66.7824401855, 36.1709823608, -12.3438615799, -77.0268707275, -65.7178039551, -31.3703231812, 39.7183227539, 5.03647518158, -7.61843967438, -1.27527368069, 163.768936157]],
        "icov": [[0.000492351478897, 1.90453938558e-05, 0.000382792815799, -0.000537824991625, -4.58689028164e-05, -0.000780647678766, 0.000897644495126, -0.000710017688107, 1.3427086742e-05, 0.000423543271609, -0.00011258408631, -0.000432120170444, 0.000909067632165], [1.90453938558e-05, 0.00467291940004, -0.00290811993182, 0.00234033702873, -0.00425522169098, 0.00105670385528, -0.00312888110057, 0.00374021311291, -0.00343487900682, 0.00342965847813, -0.00150958471932, 0.00216947402805, -0.000937434553634], [0.000382792815799, -0.00290811993182, 0.00349310366437, -0.00237228954211, 0.00254295999184, -0.00153331237379, 0.00218052021228, -0.00214941846207, 0.00256546144374, -0.00203527207486, 0.00243869260885, -0.00232704658993, 0.001779642771], [-0.000537824991625, 0.00234033702873, -0.00237228954211, 0.00512099592015, -0.00261327018961, 7.0841924753e-05, -0.00160938233603, 0.00209274771623, -0.0039976653643, 0.00200460129417, -0.000908938993234, 0.0013060325291, -0.0022974780295], [-4.58689028164e-05, -0.00425522169098, 0.00254295999184, -0.00261327018961, 0.00740565313026, -0.000755915069021, 0.00131556845736, -0.00455950153992, 0.00236623315141, -0.00315512437373, 0.00159148371313, -0.00222921743989, 0.000591237912886], [-0.000780647678766, 0.00105670385528, -0.00153331237379, 7.0841924753e-05, -0.000755915069021, 0.0059536844492, -0.00336123467423, 0.000474116735859, 0.00115546281449, -0.00120781490114, -0.000658080447465, 0.00241929292679, -0.000589273287915], [0.000897644495126, -0.00312888110057, 0.00218052021228, -0.00160938233603, 0.00131556845736, -0.00336123467423, 0.00793887581676, -0.00302828126587, 0.000943694205489, -0.00181137223262, -0.000913774827495, -0.00168465264142, 0.00332202506252], [-0.000710017688107, 0.00374021311291, -0.00214941846207, 0.00209274771623, -0.00455950153992, 0.000474116735859, -0.00302828126587, 0.0105220125988, -0.00375956529751, 0.0018816558877, -0.000964457634836, 0.00125814345665, -0.000660859746858], [1.3427086742e-05, -0.00343487900682, 0.00256546144374, -0.0039976653643, 0.00236623315141, 0.00115546281449, 0.000943694205489, -0.00375956529751, 0.0101779205725, -0.00296094501391, 0.00173829798587, 0.000300045823678, -0.000273615471087], [0.000423543271609, 0.00342965847813, -0.00203527207486, 0.00200460129417, -0.00315512437373, -0.00120781490114, -0.00181137223262, 0.0018816558877, -0.00296094501391, 0.0108786243945, -0.00049487297656, -0.000886215537321, -0.00108961213846], [-0.00011258408631, -0.00150958471932, 0.00243869260885, -0.000908938993234, 0.00159148371313, -0.000658080447465, -0.000913774827495, -0.000964457634836, 0.00173829798587, -0.00049487297656, 0.00820292811841, -0.00114278821275, 0.000100155921245], [-0.000432120170444, 0.00216947402805, -0.00232704658993, 0.0013060325291, -0.00222921743989, 0.00241929292679, -0.00168465264142, 0.00125814345665, 0.000300045823678, -0.000886215537321, -0.00114278821275, 0.0104111693799, -0.0012292744359], [0.000909067632165, -0.000937434553634, 0.001779642771, -0.0022974780295, 0.000591237912886, -0.000589273287915, 0.00332202506252, -0.000660859746858, -0.000273615471087, -0.00108961213846, 0.000100155921245, -0.0012292744359, 0.00980738177896]]
    },
    "melbands": {
        "max": [0.00246681435965, 0.0114597566426, 0.00395958824083, 0.00621598400176, 0.00742946192622, 0.0102796182036, 0.00593305006623, 0.00918741058558, 0.00833271071315, 0.0101932948455, 0.00504088308662, 0.00487801199779, 0.00255823112093, 0.00247790711001, 0.00249763228931, 0.00183999759611, 0.00136605079751, 0.00108288472984, 0.0011418244103, 0.00118006067351, 0.00060939101968, 0.000669478671625, 0.000419499730924, 0.000633303890936, 0.000150371706695, 0.00020658239373, 0.00050411716802, 0.000291364791337, 2.28847638937e-05, 2.11441456486e-05, 3.32517993229e-05, 4.65791745228e-05, 4.17717783421e-05, 4.21699915023e-05, 4.26836631959e-05, 5.16166364832e-05, 4.87577854074e-05, 2.04785701499e-05, 2.04917269002e-05, 1.03182019302e-05],
        "mean": [0.000127607752802, 0.000330816139467, 0.00028633204056, 0.000540806155186, 0.000528987206053, 0.000600014289375, 0.000246816984145, 0.000135575741297, 0.000296206155326, 0.000412720430177, 0.000161008530995, 0.000122906058095, 8.97002028069e-05, 6.97447176208e-05, 7.3551251262e-05, 6.60227233311e-05, 4.24123500125e-05, 4.46799458587e-05, 3.55228949047e-05, 4.19795105699e-05, 2.08030087379e-05, 2.60847082245e-05, 3.13100572384e-05, 3.27206143993e-05, 1.41863856697e-05, 1.92323986994e-05, 1.79512408067e-05, 4.3258974074e-06, 7.01400722392e-07, 6.20554715169e-07, 5.63177252388e-07, 7.34485524845e-07, 1.97186454898e-06, 2.631657253e-06, 1.9245119347e-06, 1.94812628251e-06, 1.78814286755e-06, 6.78701951529e-07, 4.3406464556e-07, 1.96618913151e-07],
        "min": [4.22652846055e-09, 2.79394996028e-08, 1.47345105006e-07, 3.96786731471e-07, 5.56575287192e-07, 9.12869268177e-07, 1.10623474825e-07, 1.14484812741e-07, 2.97692054119e-07, 2.49113696782e-07, 1.10494902117e-07, 3.83024811867e-08, 1.2247284964e-08, 2.06980388384e-08, 8.65915605885e-09, 2.32851804505e-09, 1.35870426021e-09, 1.19277798749e-09, 7.53689721744e-10, 3.81165488061e-10, 3.24650278882e-10, 3.23711280004e-10, 3.49154705148e-10, 1.73732556119e-10, 1.55624083065e-10, 1.22900523092e-10, 1.57894725072e-10, 1.40151792949e-10, 1.94011213345e-11, 6.97096963487e-11, 3.63716660956e-11, 8.58032937236e-13, 4.81134825991e-13, 6.37601841984e-13, 7.88375007638e-13, 2.81945343808e-12, 8.499321906e-12, 4.07333048584e-13, 2.46276333745e-13, 1.88744175454e-13],
        "stdev": [0.00029575789813, 0.000828030111734, 0.000414983893279, 0.000858653686009, 0.000842483423185, 0.000799727684353, 0.000479033769807, 0.000377746822778, 0.000734906992875, 0.00082758726785, 0.000415003043599, 0.000332793802954, 0.000224396149861, 0.000213140636333, 0.000284042907879, 0.000171938881977, 0.00011156675464, 9.3484253739e-05, 8.52348603075e-05, 0.000119862328575, 5.54275466129e-05, 6.95494309184e-05, 5.23596390849e-05, 5.33393904334e-05, 1.98804555112e-05, 2.89858362521e-05, 4.94454288855e-05, 1.95606298803e-05, 1.42003068504e-06, 1.34388938022e-06, 1.69532529526e-06, 2.29673787544e-06, 3.24854454448e-06, 4.05914897783e-06, 3.18100933328e-06, 3.22283835885e-06, 3.29153385792e-06, 1.56883152158e-06, 1.09148936644e-06, 4.88205387228e-07]
    },
    "melbands128": {
        "max": [0.000616194098257, 0.00247296015732, 0.00381216267124, 0.00800158642232, 0.0182599574327, 0.00926363281906, 0.00344806350768, 0.00655901851133, 0.00826034974307, 0.0113659678027, 0.00853603426367, 0.00985510647297, 0.0120880249888, 0.0136529142037, 0.0176448822021, 0.0115049220622, 0.0119278589264, 0.00678025279194, 0.00696893129498, 0.00523600541055, 0.0210349522531, 0.0115160550922, 0.0147995501757, 0.0141957746819, 0.0163711402565, 0.0191749501973, 0.014685981907, 0.0050469157286, 0.00779255013913, 0.0101287346333, 0.00865256600082, 0.00801570434123, 0.00528929987922, 0.00387428910471, 0.00584534369409, 0.00533755449578, 0.00279023684561, 0.0055736345239, 0.00182030745782, 0.00297650531866, 0.00389956287108, 0.00360959814861, 0.00296507473104, 0.00231181108393, 0.0020342071075, 0.00208951183595, 0.00168114143889, 0.00160493445583, 0.001566895633, 0.00291465013288, 0.00243933754973, 0.00229926779866, 0.00114008551463, 0.00109493895434, 0.000982586294413, 0.00157106958795, 0.001061403309, 0.000564037938602, 0.000928386580199, 0.00138807040639, 0.00106304651126, 0.000772847852204, 0.000407122075558, 0.000267235038336, 0.000292343174806, 0.00039584984188, 0.000574261764996, 0.000659928307869, 0.00121512042824, 0.00138318818063, 0.000324554508552, 4.28055791417e-05, 2.02042792807e-05, 3.58669058187e-05, 2.80013118754e-05, 2.15932341234e-05, 2.97425503959e-05, 2.91738833766e-05, 3.92348629248e-05, 4.37612106907e-05, 4.71439889225e-05, 6.38649944449e-05, 5.11005964654e-05, 4.13253437728e-05, 0.00010979448416, 4.82149334857e-05, 9.06247587409e-05, 7.55013679736e-05, 4.45610348834e-05, 4.8306726967e-05, 8.01811547717e-05, 4.51191081083e-05, 4.65975863335e-05, 5.86445421504e-05, 5.2448373026e-05, 2.74872327282e-05, 2.23241167987e-05, 2.05110500247e-05, 2.65492599283e-05, 1.83513111551e-05, 1.68626411323e-05, 1.20485601656e-05, 4.2262399802e-06, 3.46416777575e-06, 3.08361177304e-06, 2.25576218327e-06, 1.53555561155e-06, 2.52103427556e-06, 1.91135700334e-06, 1.76826324605e-06, 1.88993215033e-06, 2.53312987297e-06, 1.51792835368e-06, 2.55867700361e-08, 9.21036402701e-09, 8.66586624682e-09, 5.69478508794e-09, 5.51903100998e-09, 5.37058220118e-09, 5.23587662116e-09, 5.10968956036e-09, 4.98581620434e-09, 4.89037121909e-09, 4.81146100739e-09, 4.74272265905e-09, 4.69700989214e-09, 4.65555061169e-09, 4.62941329715e-09],
        "mean": [1.14573031169e-05, 7.09849555278e-05, 0.0001501909137, 0.000282751221675, 0.000424690253567, 0.000305389839923, 0.000185096738278, 0.000253485399298, 0.000451283180155, 0.000654116272926, 0.000546854163986, 0.000380186771508, 0.000543483358342, 0.000674618291669, 0.000734688655939, 0.00049588951515, 0.000287152535748, 0.000213941239053, 0.000183728465345, 0.000105071500002, 0.000132719986141, 0.000167403530213, 0.000334792770445, 0.000408258085372, 0.000412853260059, 0.000484167016111, 0.000232745340327, 8.73377648531e-05, 0.000155589325004, 7.92567734607e-05, 0.000157349873916, 0.000119007847388, 6.44972606096e-05, 8.01034329925e-05, 9.84407306532e-05, 3.99171403842e-05, 5.83098881179e-05, 0.000130340005853, 2.32920028793e-05, 5.7835237385e-05, 8.04012524895e-05, 7.60071270633e-05, 3.57437602361e-05, 2.6617119147e-05, 4.38063179899e-05, 4.70416453027e-05, 4.92609178764e-05, 4.33061868534e-05, 2.01783368539e-05, 3.23553067574e-05, 5.51286429982e-05, 4.13065026805e-05, 2.35146599152e-05, 1.04149839899e-05, 1.52244756464e-05, 4.09051390307e-05, 2.11408478208e-05, 1.30746348077e-05, 4.21386866947e-05, 5.4052870837e-05, 3.34816650138e-05, 1.68841161212e-05, 1.26563772938e-05, 1.06684019556e-05, 2.14996580326e-05, 2.00830563699e-05, 1.68746937561e-05, 2.12779468711e-05, 2.02691699087e-05, 1.13481864901e-05, 3.29199633597e-06, 1.31868353037e-06, 6.58005035348e-07, 6.82652398609e-07, 5.90146839841e-07, 5.99317445449e-07, 6.65204424877e-07, 5.94095752149e-07, 5.05644322857e-07, 5.85942643738e-07, 6.34603850358e-07, 7.64480773796e-07, 1.0401555528e-06, 1.79847540949e-06, 3.28666510541e-06, 2.5133233521e-06, 2.8712565836e-06, 1.90482330709e-06, 1.98597012968e-06, 1.64091636634e-06, 1.88419903679e-06, 1.91303593056e-06, 2.34150911638e-06, 2.14379997487e-06, 1.28387785026e-06, 6.52697849546e-07, 6.51596906209e-07, 4.74273292639e-07, 5.29486783307e-07, 3.29717920522e-07, 2.72767522347e-07, 1.48584049953e-07, 1.52799074726e-07, 1.29594596388e-07, 8.86630573405e-08, 4.05737026199e-08, 2.56322412184e-08, 2.46289015848e-08, 2.117777953e-08, 1.29584822872e-08, 1.41102800555e-08, 9.81032499681e-09, 2.56835064327e-09, 6.54329021521e-11, 3.80307035863e-11, 3.55387178019e-11, 1.36594971445e-11, 7.94796693737e-12, 7.70444472109e-12, 7.49340693662e-12, 7.28795929855e-12, 7.11120051733e-12, 6.97292831114e-12, 6.83899985254e-12, 6.68404741277e-12, 6.50150116036e-12, 6.38642394177e-12, 6.34128383484e-12],
        "min": [9.09197231391e-11, 1.7608786651e-09, 1.90482429829e-09, 3.12905523714e-09, 7.44930073182e-09, 8.41387226558e-09, 1.78257426597e-08, 2.48675959824e-08, 3.65255772294e-08, 5.97458367224e-08, 1.58513220327e-08, 4.60330511487e-08, 1.63567833056e-07, 1.08189553316e-07, 2.20547377694e-07, 2.43187203708e-09, 3.56548142122e-08, 5.7633418038e-08, 5.63474849002e-08, 4.43846985831e-08, 3.75314819223e-08, 1.35307764992e-08, 7.43096819633e-08, 8.26441137747e-08, 1.27425749952e-07, 1.4564836448e-08, 3.72598529808e-09, 4.01195840993e-08, 2.4646903185e-08, 1.88952427038e-08, 2.00717464871e-09, 4.69826932914e-09, 1.27411881046e-09, 2.11469863842e-09, 5.66602409435e-09, 1.08131281706e-08, 5.46668976753e-09, 1.90894922092e-09, 1.33126676349e-09, 1.68014202551e-09, 1.22742527253e-09, 1.22549481674e-09, 1.18474591249e-10, 3.65873636943e-10, 1.30396993203e-09, 6.17824291727e-10, 7.92792109738e-10, 4.02307936964e-10, 4.75942063538e-10, 4.43050929277e-10, 2.80686668352e-10, 1.64408611725e-10, 1.94089480599e-10, 1.49482370926e-10, 2.80616502257e-10, 2.23660423515e-10, 1.43037970357e-10, 8.83284070885e-11, 3.58027385516e-10, 9.15266265555e-11, 1.36312877652e-10, 5.56965376597e-11, 1.37596267713e-10, 1.21827908872e-10, 1.19817822331e-10, 4.06382288931e-11, 2.26675483939e-11, 1.42062464223e-11, 1.15686293878e-10, 1.0662610378e-10, 4.07305369987e-11, 4.47556089411e-11, 1.45609063001e-11, 1.59412348773e-12, 1.99795614081e-11, 3.39555467077e-11, 3.10165643169e-11, 1.96140360897e-11, 4.9081524435e-12, 7.39035026752e-13, 3.68922991115e-13, 3.24260475242e-13, 4.34103436791e-13, 4.35424482928e-13, 3.39579574312e-13, 1.52849195974e-13, 1.46715877837e-13, 5.29412017697e-13, 5.28842919977e-13, 2.91991501507e-13, 2.58324123811e-13, 3.19202645002e-13, 1.50611966475e-12, 6.12221731644e-12, 2.64832101561e-13, 2.08725411629e-13, 3.01749022904e-13, 2.29635429595e-13, 1.28610297867e-13, 1.12336884044e-13, 1.99828448602e-13, 1.93585002629e-13, 1.30803489784e-13, 1.68064414924e-13, 1.16113160211e-13, 1.14747350077e-13, 1.14283081154e-13, 1.55417576053e-13, 1.19431591353e-13, 1.28068901512e-13, 1.43236212279e-13, 1.51252748932e-13, 1.02329325298e-13, 9.4595345283e-14, 9.82995558866e-14, 1.07020234417e-13, 1.05662942046e-13, 1.23741023938e-13, 1.42200406181e-13, 1.21922681369e-13, 1.19939350335e-13, 1.1440318365e-13, 1.21067123882e-13, 1.16424705705e-13, 9.49047155967e-14, 3.31875979064e-14, 4.29177533627e-15, 1.54512600334e-16],
        "stdev": [4.18911295128e-05, 0.000219082896365, 0.000379236182198, 0.000762900337577, 0.00126967637334, 0.000728245242499, 0.000315302895615, 0.000501357077155, 0.000936906959396, 0.00136248581111, 0.00104865035973, 0.000862572167534, 0.00128160673194, 0.00128021044657, 0.00128509150818, 0.000874347984791, 0.000786636897828, 0.000574820558541, 0.000529891927727, 0.000300717190839, 0.000701238226611, 0.000746107893065, 0.00110228417907, 0.00122272688895, 0.00115294067655, 0.00127275229897, 0.000888902693987, 0.000352100585587, 0.000719551637303, 0.000421224074671, 0.000512648490258, 0.000408779043937, 0.000293239951134, 0.000316274759825, 0.000426022976171, 0.000225442869123, 0.000261872541159, 0.000607997935731, 0.000111221088446, 0.000231293131947, 0.000266361108515, 0.00031002869946, 0.000153838191181, 0.00011500850087, 0.000145176061778, 0.000157503498485, 0.000153836066602, 0.000153598521138, 8.14538871055e-05, 0.000177876412636, 0.000199864298338, 0.000160170369782, 9.50406247284e-05, 4.74551998195e-05, 5.50504591956e-05, 0.0001388998935, 7.30713290977e-05, 4.33420100308e-05, 9.94380607153e-05, 0.000114586335258, 9.01266612345e-05, 4.3941403419e-05, 2.93037246593e-05, 2.19823414227e-05, 4.01662982767e-05, 4.12828485423e-05, 4.6521796321e-05, 5.56288359803e-05, 8.69129944476e-05, 8.16569299786e-05, 1.34644924401e-05, 3.76224397769e-06, 1.57132069489e-06, 1.98653492589e-06, 1.63317565693e-06, 1.5056597249e-06, 1.6782731791e-06, 1.67731684542e-06, 1.92680045075e-06, 2.05837022804e-06, 2.13738712773e-06, 2.81038933281e-06, 2.85090254692e-06, 3.62732066606e-06, 6.41961514702e-06, 4.52343692814e-06, 5.62399873161e-06, 3.79338871426e-06, 3.46620822711e-06, 3.31377236762e-06, 3.97275061914e-06, 3.37485585078e-06, 4.12977078668e-06, 4.45251407655e-06, 3.34096557708e-06, 1.87291379916e-06, 1.62400715453e-06, 1.29290697259e-06, 1.43978058986e-06, 1.0066436289e-06, 8.94664651696e-07, 4.34616850953e-07, 3.3571686231e-07, 3.05504698872e-07, 2.31276473528e-07, 1.35432600246e-07, 8.61908873162e-08, 1.03672839202e-07, 8.84600055429e-08, 7.56507319011e-08, 8.87821371975e-08, 7.83407827498e-08, 3.65964929472e-08, 7.25172033533e-10, 3.73069630744e-10, 3.46240508486e-10, 1.63101754325e-10, 1.44176726113e-10, 1.39731240467e-10, 1.35965086412e-10, 1.32397356967e-10, 1.2903678126e-10, 1.26415433677e-10, 1.24224075471e-10, 1.22404766878e-10, 1.21067544878e-10, 1.19967161205e-10, 1.19268414589e-10]
    },
    "mfcc": {
        "mean": [-685.15234375, 122.370109558, -8.0619354248, 4.51359319687, -5.28812599182, -16.34116745, -19.0066184998, 10.3242616653, -25.858171463, 0.661868810654, -7.28579282761, -11.7588939667, -6.05620145798],
        "cov": [[7538.140625, -2105.48901367, -932.106872559, 40.4807624817, 665.117675781, -183.751266479, -116.803321838, 693.428588867, -503.967987061, 560.775268555, 150.685379028, -254.556549072, 80.6326446533], [-2105.48901367, 1765.49462891, 336.377502441, 156.978713989, -40.5191574097, 269.386657715, 177.679580688, 60.7557487488, 166.936660767, -35.5299186707, 133.820083618, 24.8781318665, -47.2665939331], [-932.106872559, 336.377502441, 1016.80999756, 72.5960006714, -19.5757751465, 224.260726929, 50.7437362671, -66.9625701904, 178.672409058, -193.084487915, 32.6909751892, 58.5983734131, -65.4576873779], [40.4807624817, 156.978713989, 72.5960006714, 398.871124268, 150.151245117, 74.8008804321, -58.9719467163, 75.8553161621, 129.035644531, 52.8525009155, 11.7625513077, -3.72571897507, 38.4207496643], [665.117675781, -40.5191574097, -19.5757751465, 150.151245117, 344.535644531, -0.221027046442, -26.1995925903, 103.949462891, 44.0353965759, 100.355224609, 10.7511129379, -57.1721572876, 41.571723938], [-183.751266479, 269.386657715, 224.260726929, 74.8008804321, -0.221027046442, 323.860870361, 122.192230225, 44.6650314331, 96.3855361938, 30.1422119141, 84.8969268799, 39.3479499817, -51.3662834167], [-116.803321838, 177.679580688, 50.7437362671, -58.9719467163, -26.1995925903, 122.192230225, 337.410430908, 91.6488876343, -25.9645042419, 72.5415420532, 63.1852378845, 55.9366569519, 12.6766996384], [693.428588867, 60.7557487488, -66.9625701904, 75.8553161621, 103.949462891, 44.6650314331, 91.6488876343, 309.411651611, -45.5208282471, 135.297943115, 98.3909225464, -20.7224788666, 23.7148456573], [-503.967987061, 166.936660767, 178.672409058, 129.035644531, 44.0353965759, 96.3855361938, -25.9645042419, -45.5208282471, 274.684814453, -12.7843847275, 4.14315748215, 11.6482009888, -11.7632141113], [560.775268555, -35.5299186707, -193.084487915, 52.8525009155, 100.355224609, 30.1422119141, 72.5415420532, 135.297943115, -12.7843847275, 299.754211426, 55.0347595215, -23.1956996918, 30.3394756317], [150.685379028, 133.820083618, 32.6909751892, 11.7625513077, 10.7511129379, 84.8969268799, 63.1852378845, 98.3909225464, 4.14315748215, 55.0347595215, 175.495269775, 9.98240184784, -12.7601509094], [-254.556549072, 24.8781318665, 58.5983734131, -3.72571897507, -57.1721572876, 39.3479499817, 55.9366569519, -20.7224788666, 11.6482009888, -23.1956996918, 9.98240184784, 108.420074463, 12.1040945053], [80.6326446533, -47.2665939331, -65.4576873779, 38.4207496643, 41.571723938, -51.3662834167, 12.6766996384, 23.7148456573, -11.7632141113, 30.3394756317, -12.7601509094, 12.1040945053, 120.02205658]],
        "icov": [[0.000494059524499, 0.000576827907935, 0.000143527955515, -1.39948260767e-05, -0.000612472358625, -0.000368582754163, 0.000176367990207, -0.000713953166269, 0.000581415253691, -0.000137381139211, -0.000321488041664, 0.000452044216217, 0.000166785684996], [0.000576827907935, 0.00141348852776, 0.00010175150237, -0.000336317491019, -0.000492576102261, -0.000661036523525, -0.000188328151125, -0.000838271109387, 0.000433196109952, 6.57098280499e-05, -0.000743973709177, 0.000887207279447, 0.000262791960267], [0.000143527955515, 0.00010175150237, 0.00157516496256, -3.79399753001e-05, -0.000439499825006, -0.000871981901582, -0.000127501480165, -0.000191063198145, -0.000397863070248, 0.00108813028783, -0.000188313628314, -0.000168782178662, 0.000328064401401], [-1.39948260767e-05, -0.000336317491019, -3.79399753001e-05, 0.00429608440027, -0.00117713399231, -0.000965056126006, 0.00151637732051, -0.0011329826666, -0.00137609895319, -0.000274379475741, 0.000685083505232, -0.000878510647453, -0.0013646481093], [-0.000612472358625, -0.000492576102261, -0.000439499825006, -0.00117713399231, 0.00524763669819, 0.000588616880123, -0.000170564526343, -1.15439854653e-06, -0.00120991456788, -0.000671748595778, 0.000576981517952, 0.00158504990395, -0.0012401327258], [-0.000368582754163, -0.000661036523525, -0.000871981901582, -0.000965056126006, 0.000588616880123, 0.00618219748139, -0.0018064029282, 0.000626294931863, -0.00144025951158, -0.000621468760073, -0.00120713736396, -0.00128626625519, 0.00234696292318], [0.000176367990207, -0.000188328151125, -0.000127501480165, 0.00151637732051, -0.000170564526343, -0.0018064029282, 0.00506415497512, -0.00145870668348, 0.000687543302774, -0.00105672306381, 0.000133331763209, -0.0019297292456, -0.00116497883573], [-0.000713953166269, -0.000838271109387, -0.000191063198145, -0.0011329826666, -1.15439854653e-06, 0.000626294931863, -0.00145870668348, 0.00677945232019, 0.000571082520764, -0.000998139497824, -0.00196803524159, 0.000356944772648, -0.000445972749731], [0.000581415253691, 0.000433196109952, -0.000397863070248, -0.00137609895319, -0.00120991456788, -0.00144025951158, 0.000687543302774, 0.000571082520764, 0.00618779240176, -0.000593039148953, -0.000414256675867, 0.000285052927211, 0.000304321496515], [-0.000137381139211, 6.57098280499e-05, 0.00108813028783, -0.000274379475741, -0.000671748595778, -0.000621468760073, -0.00105672306381, -0.000998139497824, -0.000593039148953, 0.00553742423654, -0.000631881703157, 0.000654768082313, -0.000516117899679], [-0.000321488041664, -0.000743973709177, -0.000188313628314, 0.000685083505232, 0.000576981517952, -0.00120713736396, 0.000133331763209, -0.00196803524159, -0.000414256675867, -0.000631881703157, 0.00843133684248, -0.00107107602526, 0.000382813013857], [0.000452044216217, 0.000887207279447, -0.000168782178662, -0.000878510647453, 0.00158504990395, -0.00128626625519, -0.0019297292456, 0.000356944772648, 0.000285052927211, 0.000654768082313, -0.00107107602526, 0.012972490862, -0.0022910379339], [0.000166785684996, 0.000262791960267, 0.000328064401401, -0.0013646481093, -0.0012401327258, 0.00234696292318, -0.00116497883573, -0.000445972749731, 0.000304321496515, -0.000516117899679, 0.000382813013857, -0.0022910379339, 0.011016190052]]
    },
    "spectral_contrast_coeffs": {
        "max": [-0.294611185789, -0.461492985487, -0.446627229452, -0.506835281849, -0.458501696587, -0.529806733131],
        "mean": [-0.632024407387, -0.695355951786, -0.706924140453, -0.733277916908, -0.704671919346, -0.722653090954],
        "min": [-0.858410775661, -0.903804004192, -0.935686528683, -0.969338655472, -0.941594004631, -0.872997999191],
        "stdev": [0.112198591232, 0.0826755315065, 0.0845824182034, 0.088936239481, 0.102886907756, 0.0561497919261]
    },
    "spectral_contrast_valleys": {
        "max": [-5.49033403397, -5.55467367172, -6.10215330124, -6.80441474915, -6.4399433136, -8.3679857254],
        "mean": [-7.81684494019, -7.02955436707, -7.95824813843, -8.49609184265, -8.69342327118, -11.4662981033],
        "min": [-11.0037260056, -9.45522594452, -10.7407083511, -12.0291576385, -12.6569681168, -16.49559021],
        "stdev": [1.14884603024, 0.602259278297, 0.650428533554, 0.766496777534, 0.840613186359, 1.32268679142]
    }
},
"rhythm": {
    "beats_count": 91,
    "beats_loudness": {
        "max": 0.0636100396514,
        "mean": 0.0215478669852,
        "min": 0.000338307785569,
        "stdev": 0.0131859760731
    },
    "bpm": 111.381118774,
    "bpm_histogram_first_peak_bpm": 112,
    "bpm_histogram_first_peak_weight": 0.536585330963,
    "bpm_histogram_second_peak_bpm": 140,
    "bpm_histogram_second_peak_spread": 0.272727251053,
    "bpm_histogram_second_peak_weight": 0.0888888910413,
    "danceability": 0.96352648735,
    "onset_rate": 3.158203125,
    "beats_loudness_band_ratio": {
        "max": [0.718251168728, 0.882096648216, 0.863278746605, 0.920161485672, 0.420942336321, 0.366975337267],
        "mean": [0.131912067533, 0.326267689466, 0.274048537016, 0.158856153488, 0.104980073869, 0.0547958873212],
        "min": [6.5207699663e-05, 0.00613998575136, 0.0329645425081, 0.00449359929189, 0.000991672510281, 0.000127094303025],
        "stdev": [0.155438765883, 0.231314226985, 0.194842234254, 0.195733621716, 0.112313836813, 0.0652837008238]
    },
