{
"metadata": {
    "version": {
        "essentia": "2.1-beta5",
        "essentia_git_sha": "Undefined",
        "extractor": "music 2.0"
    },
    "audio_properties": {
        "analysis": {
            "equal_loudness": 0,
            "length": 34.783493042,
            "sample_rate": 44100,
            "start_time": 175.240997314,
            "downmix": "mix"
        },
        "bit_rate": 192000,
        "length": 210.047714233,
        "lossless": 0,
        "number_channels": 2,
        "replay_gain": -6.78736686707,
        "sample_rate": 44100,
        "codec": "mp3",
        "md5_encoded": "ee64d09a943cca40fd81a685aa48dfff"
    },
    "tags": {
        "file_name": "Slovenia_Verjamem_Eva Boto.mp3",
        "encoding": ["Lavf58.29.100"]
    }
},
"lowlevel": {
    "average_loudness": 0.942675709724,
    "barkbands_crest": {
        "max": 26.2406330109,
        "mean": 10.8085412979,
        "min": 2.07908177376,
        "stdev": 4.71230506897
    },
    "barkbands_flatness_db": {
        "max": 0.442596018314,
        "mean": 0.194407969713,
        "min": 0.0578703731298,
        "stdev": 0.0872884616256
    },
    "barkbands_kurtosis": {
        "max": 179.760025024,
        "mean": 6.53211688995,
        "min": -1.5968515873,
        "stdev": 15.0494041443
    },
    "barkbands_skewness": {
        "max": 10.7765789032,
        "mean": 1.40388405323,
        "min": -1.4287468195,
        "stdev": 1.52934086323
    },
    "barkbands_spread": {
        "max": 81.553062439,
        "mean": 17.5099906921,
        "min": 0.57478260994,
        "stdev": 14.150891304
    },
    "dissonance": {
        "max": 0.499984055758,
        "mean": 0.457039505243,
        "min": 0.286560922861,
        "stdev": 0.0384300649166
    },
    "dynamic_complexity": 3.23889970779,
    "erbbands_crest": {
        "max": 32.627658844,
        "mean": 12.0666742325,
        "min": 2.61739635468,
        "stdev": 5.44788217545
    },
    "erbbands_flatness_db": {
        "max": 0.459053844213,
        "mean": 0.223459929228,
        "min": 0.0645614489913,
        "stdev": 0.0691255629063
    },
    "erbbands_kurtosis": {
        "max": 94.5050735474,
        "mean": 3.55628561974,
        "min": -1.53173208237,
        "stdev": 8.22161865234
    },
    "erbbands_skewness": {
        "max": 8.38801956177,
        "mean": 1.03463590145,
        "min": -1.93821716309,
        "stdev": 1.30304729939
    },
    "erbbands_spread": {
        "max": 92.2841949463,
        "mean": 23.5980968475,
        "min": 1.39663112164,
        "stdev": 12.7879390717
    },
    "hfc": {
        "max": 159.560714722,
        "mean": 22.8559761047,
        "min": 0.749056518078,
        "stdev": 20.8750190735
    },
    "loudness_ebu128": {
        "integrated": -16.8564796448,
        "loudness_range": 5.52057361603,
        "momentary": {
            "max": -12.2555265427,
            "mean": -17.7771320343,
            "min": -25.1613273621,
            "stdev": 3.05383992195
        },
        "short_term": {
            "max": -14.830529213,
            "mean": -17.2438735962,
            "min": -21.8753604889,
            "stdev": 2.10655140877
        }
    },
    "melbands_crest": {
        "max": 34.368686676,
        "mean": 13.8223485947,
        "min": 3.60073876381,
        "stdev": 5.35777616501
    },
    "melbands_flatness_db": {
        "max": 0.538350403309,
        "mean": 0.217718943954,
        "min": 0.0496445931494,
        "stdev": 0.116707898676
    },
    "melbands_kurtosis": {
        "max": 249.450927734,
        "mean": 12.451300621,
        "min": -1.51020026207,
        "stdev": 23.0583572388
    },
    "melbands_skewness": {
        "max": 11.2796010971,
        "mean": 2.02120757103,
        "min": -0.986058056355,
        "stdev": 1.6270481348
    },
    "melbands_spread": {
        "max": 92.2841873169,
        "mean": 23.2026462555,
        "min": 0.628711283207,
        "stdev": 18.8147716522
    },
    "pitch_salience": {
        "max": 0.830472409725,
        "mean": 0.553667724133,
        "min": 0.0877447649837,
        "stdev": 0.127817004919
    },
    "silence_rate_20dB": {
        "max": 1,
        "mean": 1,
        "min": 1,
        "stdev": 0
    },
    "silence_rate_30dB": {
        "max": 1,
        "mean": 1,
        "min": 1,
        "stdev": 0
    },
    "silence_rate_60dB": {
        "max": 1,
        "mean": 0.0440293513238,
        "min": 0,
        "stdev": 0.205159395933
    },
    "spectral_centroid": {
        "max": 3234.12084961,
        "mean": 1368.06616211,
        "min": 177.675064087,
        "stdev": 690.772583008
    },
    "spectral_complexity": {
        "max": 44,
        "mean": 17.3949298859,
        "min": 3,
        "stdev": 9.19777488708
    },
    "spectral_decrease": {
        "max": -3.52024243089e-10,
        "mean": -5.58406831885e-09,
        "min": -2.63325983241e-08,
        "stdev": 3.85688148086e-09
    },
    "spectral_energy": {
        "max": 0.100245960057,
        "mean": 0.0231486484408,
        "min": 0.00154388486408,
        "stdev": 0.01590933837
    },
    "spectral_energyband_high": {
        "max": 0.00752587383613,
        "mean": 0.000636085285805,
        "min": 4.54453328302e-07,
        "stdev": 0.000844117486849
    },
    "spectral_energyband_low": {
        "max": 0.0965699777007,
        "mean": 0.00576654402539,
        "min": 1.21695657995e-08,
        "stdev": 0.00896923430264
    },
    "spectral_energyband_middle_high": {
        "max": 0.0966059118509,
        "mean": 0.0109684914351,
        "min": 4.35874317191e-05,
        "stdev": 0.0133563484997
    },
    "spectral_energyband_middle_low": {
        "max": 0.0429039783776,
        "mean": 0.00642338348553,
        "min": 0.000175489331014,
        "stdev": 0.00555142434314
    },
    "spectral_entropy": {
        "max": 8.59569168091,
        "mean": 7.29436159134,
        "min": 5.48731565475,
        "stdev": 0.702030539513
    },
    "spectral_flux": {
        "max": 0.24909812212,
        "mean": 0.0778547972441,
        "min": 0.0151271093637,
        "stdev": 0.0355793498456
    },
    "spectral_kurtosis": {
        "max": 61.3097991943,
        "mean": 6.70357179642,
        "min": -0.104799509048,
        "stdev": 8.71807670593
    },
    "spectral_rms": {
        "max": 0.00988943502307,
        "mean": 0.00445185648277,
        "min": 0.0012272852473,
        "stdev": 0.00166284176521
    },
    "spectral_rolloff": {
        "max": 10314.4042969,
        "mean": 1482.78112793,
        "min": 86.1328125,
        "stdev": 1165.5123291
    },
    "spectral_skewness": {
        "max": 5.84288597107,
        "mean": 1.75034368038,
        "min": 0.636241495609,
        "stdev": 0.857547044754
    },
    "spectral_spread": {
        "max": 11052751,
        "mean": 3684995.5,
        "min": 979701.9375,
        "stdev": 1357862.125
    },
    "spectral_strongpeak": {
        "max": 12.511882782,
        "mean": 1.86982023716,
        "min": 0.0336823165417,
        "stdev": 2.32697868347
    },
    "zerocrossingrate": {
        "max": 0.2587890625,
        "mean": 0.0594471842051,
        "min": 0.00439453125,
        "stdev": 0.0334232449532
    },
    "barkbands": {
        "max": [0.00109717540909, 0.0868029370904, 0.0224408488721, 0.030257679522, 0.018687941134, 0.0159417558461, 0.0161497369409, 0.0204905867577, 0.0315328575671, 0.047226253897, 0.0949471667409, 0.0169234611094, 0.0217577721924, 0.035515088588, 0.0124736698344, 0.0209896396846, 0.0333616323769, 0.00674470327795, 0.00278590270318, 0.00964294467121, 0.00238250894472, 0.00129750580527, 0.00331516424194, 0.00194515078329, 0.00299752340652, 0.000894504948519, 3.70611388689e-07],
        "mean": [6.96966890246e-05, 0.00389343895949, 0.00144114776049, 0.000845220929477, 0.00129147758707, 0.0008770970162, 0.00068931421265, 0.000688791566063, 0.0014525258448, 0.00281752017327, 0.00339129869826, 0.000633642252069, 0.00108981714584, 0.000634548952803, 0.000553281744942, 0.000505973759573, 0.000820041401312, 0.000428623636253, 0.000219032590394, 0.000293736869935, 0.000101759847894, 8.79484359757e-05, 0.000147634389577, 0.00010620271496, 5.44729155081e-05, 1.44046189234e-05, 1.25170251941e-09],
        "min": [4.6819791967e-12, 3.61572743968e-10, 3.59267171568e-09, 9.21419918143e-09, 1.46612705976e-07, 4.65277707917e-07, 2.48469723374e-06, 4.44725719717e-06, 2.16887769966e-06, 7.9057633684e-07, 9.39057485994e-07, 8.09478308383e-07, 4.63838887299e-07, 2.96874361538e-07, 6.44577880848e-07, 5.05186790178e-07, 5.80225730573e-07, 7.24077494851e-07, 1.98641160409e-07, 2.15029288597e-07, 1.25934306539e-07, 2.16181526014e-08, 7.45442374495e-09, 1.41344774426e-11, 2.12642022046e-11, 2.95665054939e-11, 3.88130361184e-11],
        "stdev": [0.000111415960419, 0.00732887350023, 0.00237274565734, 0.00180177332368, 0.00197985488921, 0.00138083286583, 0.00138131703716, 0.00179923814721, 0.00286700576544, 0.00574063742533, 0.00987605936825, 0.00136535870843, 0.00234394730069, 0.00219140341505, 0.00105684262235, 0.00146116036922, 0.00237130653113, 0.000727093371097, 0.000279444619082, 0.000551546167117, 0.000135685622809, 0.000107512205432, 0.000224207469728, 0.000174466447788, 0.000207625009352, 6.03873377258e-05, 1.19901626405e-08]
    },
    "erbbands": {
        "max": [1.89748561382, 23.3726863861, 38.107635498, 59.7161254883, 95.8128128052, 71.1418304443, 122.33531189, 140.948013306, 242.587646484, 262.397888184, 563.575927734, 578.714660645, 1543.92333984, 1946.19604492, 3537.83935547, 778.843017578, 1257.72473145, 2009.36657715, 398.320098877, 1210.6986084, 505.74029541, 2017.7845459, 441.744049072, 209.219558716, 129.582672119, 600.842529297, 207.078842163, 41.3801422119, 55.2162818909, 45.3470649719, 120.007705688, 30.602394104, 54.1020202637, 46.6822509766, 16.058347702, 6.76316213608, 1.23007166386, 0.0295333694667, 0.000836351944599, 0.000116943265311],
        "mean": [0.0785597935319, 0.970613956451, 2.05222892761, 2.04413056374, 4.06100177765, 4.1844201088, 4.98519897461, 7.43321466446, 7.54444169998, 12.6439619064, 17.5756511688, 27.7667064667, 69.4447631836, 117.92326355, 104.16293335, 31.8178215027, 51.4263687134, 37.2876281738, 22.7629985809, 35.8750724792, 29.1608448029, 47.8310890198, 23.421087265, 16.3955974579, 12.0287017822, 15.3896245956, 6.213347435, 3.01662993431, 3.02853369713, 3.86145544052, 4.26357793808, 2.51812124252, 1.60538041592, 0.728615403175, 0.322635948658, 0.111329607666, 0.0182510334998, 0.000433748937212, 3.20430845022e-05, 3.06332294713e-05],
        "min": [1.24074432506e-07, 7.52707819629e-07, 7.11805569154e-06, 3.16025434586e-05, 8.27725816634e-05, 0.000501394388266, 0.00196528993547, 0.00723095145077, 0.0275164432824, 0.0706337317824, 0.181103527546, 0.0883552804589, 0.0968298688531, 0.175099745393, 0.168860077858, 0.158524796367, 0.0611858516932, 0.0497086457908, 0.0428784787655, 0.0417590923607, 0.0378543697298, 0.0333798415959, 0.0322868488729, 0.0205224789679, 0.00830241572112, 0.0111961569637, 0.00551297469065, 0.00456840451807, 0.00181427609641, 0.000207611796213, 0.000134714486194, 1.3415763533e-05, 1.04169612314e-05, 4.37079825133e-06, 2.68688199867e-06, 2.00436375053e-06, 1.21234882045e-06, 2.16279588017e-07, 1.31314061491e-06, 2.16310422729e-06],
        "stdev": [0.162458539009, 1.82358908653, 3.26523137093, 3.65296506882, 7.00798225403, 6.95244693756, 8.02523326874, 11.8681259155, 13.606760025, 28.5630435944, 47.2599411011, 45.0349769592, 138.405014038, 230.086898804, 304.468292236, 61.8965606689, 112.598571777, 125.371406555, 38.1764068604, 83.6438827515, 59.7160263062, 141.904678345, 44.4251976013, 21.5298728943, 15.3709421158, 32.7001686096, 9.71705722809, 3.5677344799, 3.88428235054, 4.74820613861, 7.09999895096, 3.6122276783, 3.24244189262, 2.50973463058, 1.35348165035, 0.463984489441, 0.0814046487212, 0.00187926343642, 7.1142843808e-05, 2.16770531551e-05]
    },
    "gfcc": {
        "mean": [-43.7896461487, 104.456489563, -157.747497559, 29.0755405426, -71.6061553955, 19.8482894897, -28.0935058594, 3.17961287498, -16.6783237457, -15.4346828461, -5.02138519287, -9.60014820099, -1.67937350273],
        "cov": [[6961.33056641, -2866.26245117, -179.449386597, 525.703430176, -347.128845215, 1285.15563965, -658.92010498, 1379.0982666, -218.655349731, 725.997924805, -87.3027877808, 281.840576172, -328.460601807], [-2866.26245117, 3828.10424805, 2247.59570312, 871.887756348, 1320.98193359, -662.373596191, 644.919067383, -644.805236816, 96.8451156616, 2.4396982193, 271.863220215, 48.1455116272, 249.129272461], [-179.449386597, 2247.59570312, 2987.01660156, 1011.80322266, 1255.61669922, -3.12042713165, 193.637252808, 92.1109695435, -214.845108032, 513.337890625, 30.9975643158, 341.762176514, 50.1752700806], [525.703430176, 871.887756348, 1011.80322266, 830.342102051, 520.681335449, 7.91879749298, -24.6235599518, 80.262550354, 18.7389163971, 209.012512207, 108.397453308, 97.0516281128, 76.2976379395], [-347.128845215, 1320.98193359, 1255.61669922, 520.681335449, 774.120605469, -106.225875854, 167.2215271, -41.6017303467, -38.2016487122, 190.698959351, 80.7269134521, 125.08278656, 58.1654434204], [1285.15563965, -662.373596191, -3.12042713165, 7.91879749298, -106.225875854, 489.763824463, -26.5922222137, 314.899230957, -104.992660522, 137.585617065, -27.2949295044, 35.2323532104, -75.4649276733], [-658.92010498, 644.919067383, 193.637252808, -24.6235599518, 167.2215271, -26.5922222137, 377.021514893, -117.449356079, 24.6301727295, -70.5780639648, 79.041015625, -7.38334178925, 14.8132305145], [1379.0982666, -644.805236816, 92.1109695435, 80.262550354, -41.6017303467, 314.899230957, -117.449356079, 435.452972412, -55.103717804, 200.884414673, -42.6981773376, 68.7575683594, -66.725227356], [-218.655349731, 96.8451156616, -214.845108032, 18.7389163971, -38.2016487122, -104.992660522, 24.6301727295, -55.103717804, 171.826263428, -73.7989578247, 30.3780174255, -40.8050422668, 25.6962413788], [725.997924805, 2.4396982193, 513.337890625, 209.012512207, 190.698959351, 137.585617065, -70.5780639648, 200.884414673, -73.7989578247, 283.126159668, -7.39558935165, 94.5766296387, -58.4818344116], [-87.3027877808, 271.863220215, 30.9975643158, 108.397453308, 80.7269134521, -27.2949295044, 79.041015625, -42.6981773376, 30.3780174255, -7.39558935165, 157.845321655, 2.80628848076, 41.8989295959], [281.840576172, 48.1455116272, 341.762176514, 97.0516281128, 125.08278656, 35.2323532104, -7.38334178925, 68.7575683594, -40.8050422668, 94.5766296387, 2.80628848076, 162.742462158, -6.70790481567], [-328.460601807, 249.129272461, 50.1752700806, 76.2976379395, 58.1654434204, -75.4649276733, 14.8132305145, -66.725227356, 25.6962413788, -58.4818344116, 41.8989295959, -6.70790481567, 114.563262939]],
        "icov": [[0.00084283517208, -4.57169917354e-05, 0.000569316151086, -0.000923695566598, -1.40408783409e-05, -0.000999090960249, 0.000613319629338, -0.00130541424733, 0.000274047750281, -0.000296759710182, -0.000115923503472, -0.000993318506517, 0.00116237765178], [-4.57169917354e-05, 0.0043215691112, -0.00277457782067, -0.000503848888911, -0.00180933193769, 0.00230955868028, -0.00342586333863, 0.00294348597527, -0.00175364245661, 0.000552676967345, -0.0019717044197, 0.00361950648949, -0.00177219661418], [0.000569316151086, -0.00277457782067, 0.00404551951215, -0.00128095352557, -0.000562781351618, -0.00194483308587, 0.0017035419587, -0.00233380217105, 0.00265098013915, -0.00200451118872, 0.00277098733932, -0.00414467416704, 0.00129826343618], [-0.000923695566598, -0.000503848888911, -0.00128095352557, 0.00473057245836, -0.000995642738417, -0.000101614699815, 0.00158049468882, 0.000929758185521, -0.00221309997141, 0.000139912604936, -0.00172716879752, 0.00139142526314, -0.00208542309701], [-1.40408783409e-05, -0.00180933193769, -0.000562781351618, -0.000995642738417, 0.00665971357375, 0.000421085744165, -0.000386451254599, -0.00103657285217, 0.000826159724966, -0.00158145593014, 0.000280524225673, -0.00133392447606, -2.70377367997e-05], [-0.000999090960249, 0.00230955868028, -0.00194483308587, -0.000101614699815, 0.000421085744165, 0.0075988038443, -0.00419101677835, -0.00038353583659, 0.00155144208111, 0.000353333802195, -0.000931209884584, 0.00333329779096, -0.00148904765956], [0.000613319629338, -0.00342586333863, 0.0017035419587, 0.00158049468882, -0.000386451254599, -0.00419101677835, 0.00839981436729, -0.00245532603003, -0.000113822912681, 0.00203327881172, -0.00139740679879, -0.00297823059373, 0.00372911966406], [-0.00130541424733, 0.00294348597527, -0.00233380217105, 0.000929758185521, -0.00103657285217, -0.00038353583659, -0.00245532603003, 0.0105426181108, -0.00307401153259, -0.00280272960663, -6.97310315445e-05, 0.00276303221472, -0.00356316799298], [0.000274047750281, -0.00175364245661, 0.00265098013915, -0.00221309997141, 0.000826159724966, 0.00155144208111, -0.000113822912681, -0.00307401153259, 0.0103608258069, 0.000464962911792, 0.000977068091743, -0.00151994009502, 0.00120596762281], [-0.000296759710182, 0.000552676967345, -0.00200451118872, 0.000139912604936, -0.00158145593014, 0.000353333802195, 0.00203327881172, -0.00280272960663, 0.000464962911792, 0.0122389392927, -0.00256027351134, 0.000144512901898, 0.0049606487155], [-0.000115923503472, -0.0019717044197, 0.00277098733932, -0.00172716879752, 0.000280524225673, -0.000931209884584, -0.00139740679879, -6.97310315445e-05, 0.000977068091743, -0.00256027351134, 0.0110751390457, -0.00261223735288, -0.00245333369821], [-0.000993318506517, 0.00361950648949, -0.00414467416704, 0.00139142526314, -0.00133392447606, 0.00333329779096, -0.00297823059373, 0.00276303221472, -0.00151994009502, 0.000144512901898, -0.00261223735288, 0.0131329493597, -0.00282397773117], [0.00116237765178, -0.00177219661418, 0.00129826343618, -0.00208542309701, -2.70377367997e-05, -0.00148904765956, 0.00372911966406, -0.00356316799298, 0.00120596762281, 0.0049606487155, -0.00245333369821, -0.00282397773117, 0.0162045825273]]
    },
    "melbands": {
        "max": [0.0204530954361, 0.0226087849587, 0.0114753162488, 0.00513900769874, 0.00328867207281, 0.00307341874577, 0.00369958090596, 0.00284774880856, 0.00421790871769, 0.0046475189738, 0.00778833311051, 0.00717031955719, 0.0115602258593, 0.00245065800846, 0.00250584888272, 0.0028300608974, 0.0045660585165, 0.000610660645179, 0.0010633924976, 0.00209453538992, 0.000674493901897, 0.00257620494813, 0.00119108462241, 0.000370435562218, 0.000199590955162, 0.000106359875645, 0.000207156219403, 0.000410321488744, 0.00014504500723, 3.47732311639e-05, 1.88279609574e-05, 3.23742169712e-05, 2.24473842536e-05, 3.49990987161e-05, 7.07781073288e-05, 3.88951302739e-05, 2.13428647839e-05, 2.70862510661e-05, 6.74166076351e-05, 2.78475272353e-05],
        "mean": [0.000910136441234, 0.00114769116044, 0.000423917779699, 0.000319485930959, 0.000169137914781, 0.000165657911566, 0.000122988698422, 0.000137665847433, 0.000140397343785, 0.00019656989025, 0.000356534321327, 0.000476117798826, 0.0004483400553, 8.86558846105e-05, 0.000105267958133, 9.35391217354e-05, 6.69400178595e-05, 3.37406017934e-05, 4.12360677728e-05, 4.40084768343e-05, 3.12757729262e-05, 5.83155306231e-05, 2.07281718758e-05, 2.40902081714e-05, 1.16694482131e-05, 8.74678062246e-06, 9.7891461337e-06, 9.88219926512e-06, 4.34318098996e-06, 1.99974942916e-06, 1.64454854712e-06, 1.65949199982e-06, 1.7888576167e-06, 2.36828918787e-06, 2.71341286862e-06, 1.79697167368e-06, 1.43687123e-06, 1.20987601804e-06, 8.49173488859e-07, 5.30967497525e-07],
        "min": [7.09648173558e-11, 1.55291224324e-09, 4.55361925944e-09, 2.20500879777e-08, 7.63530039194e-08, 1.29552560679e-07, 3.74377663093e-07, 5.5528488474e-07, 1.43241800288e-06, 2.84438584686e-07, 1.07715976583e-07, 3.97532005536e-07, 2.56929496345e-07, 1.81608271532e-07, 2.12589313264e-07, 4.87845426278e-08, 4.91723035623e-08, 5.25295966725e-08, 4.56817979e-08, 3.70872825783e-08, 3.40752990269e-08, 2.10785557897e-08, 2.70189062235e-08, 2.39359234655e-08, 1.29930342041e-08, 5.74342928772e-09, 4.71683314629e-09, 5.35970112736e-09, 3.05628589103e-09, 2.25436802559e-09, 1.55470492036e-09, 3.52012058391e-10, 1.01496810956e-10, 1.46466898939e-12, 1.97331422036e-11, 6.93921699615e-13, 1.63425371326e-13, 1.65174419823e-13, 1.8039069587e-13, 1.72349425855e-13],
        "stdev": [0.00178234744817, 0.00182306068018, 0.000724545971025, 0.000527741853148, 0.000244386756094, 0.000260411092313, 0.000222952236072, 0.000286394992145, 0.000360098405508, 0.000359525321983, 0.000725612218957, 0.000942780927289, 0.00133166881278, 0.000198035661015, 0.00024528245558, 0.000208460551221, 0.000275133701507, 6.16065735812e-05, 8.55663893162e-05, 0.000136836941238, 6.89542357577e-05, 0.000183933269, 6.60304140183e-05, 4.3952732085e-05, 1.63867425726e-05, 1.08816166176e-05, 1.58506572916e-05, 2.33190985455e-05, 7.22031381883e-06, 2.62142157226e-06, 2.07197103919e-06, 2.2615929538e-06, 2.20636275117e-06, 3.18309184877e-06, 4.50800052931e-06, 2.84639463644e-06, 2.16290959543e-06, 2.23230654228e-06, 2.67579162028e-06, 2.02567207452e-06]
    },
    "melbands128": {
        "max": [0.000998549046926, 0.0134199233726, 0.0333630107343, 0.0468326508999, 0.0275105480105, 0.00951682869345, 0.0118949105963, 0.0158151928335, 0.0120126167312, 0.00925349351019, 0.00343188201077, 0.00221506180242, 0.00624255929142, 0.00626718997955, 0.00480403844267, 0.00244911271147, 0.00257995119318, 0.00684891082346, 0.00341655453667, 0.00487152766436, 0.00415583420545, 0.00591313559562, 0.0067701949738, 0.00462530739605, 0.00537157058716, 0.00798173807561, 0.0132899293676, 0.0137099176645, 0.0110561456531, 0.0119837280363, 0.0129998577759, 0.0302739366889, 0.0218732245266, 0.0185306500643, 0.00285628740676, 0.00376911228523, 0.00330572249368, 0.00344215682708, 0.00366352661513, 0.00503434194252, 0.00402658851817, 0.00145165878348, 0.00736771710217, 0.00519719766453, 0.00176894152537, 0.000857559381984, 0.0015247046249, 0.00122889981139, 0.00291336583905, 0.00416761962697, 0.00453200982884, 0.00179328874219, 0.00102560315281, 0.00160483981017, 0.00184910406824, 0.00407379679382, 0.00360919721425, 0.00271521112882, 0.00113812403288, 0.000939524266869, 0.000662515754811, 0.000599823717494, 0.000372638140107, 0.000234349747188, 0.000202709736186, 0.000217320251977, 0.000230076300795, 0.000174978878931, 0.000320953928167, 0.000720334996004, 0.000776798056904, 0.000239118598984, 0.000121719378512, 0.000222058151849, 0.000111043606012, 3.92659712816e-05, 3.28822279698e-05, 2.88447699859e-05, 2.66021124844e-05, 2.5521401767e-05, 2.62994508375e-05, 5.4575404647e-05, 3.64314146282e-05, 2.17015549424e-05, 3.46526139765e-05, 1.94843651116e-05, 5.58621395612e-05, 9.03346808627e-05, 5.1032860938e-05, 0.000179316921276, 4.73880209029e-05, 5.13567429152e-05, 4.13088018831e-05, 2.81949469354e-05, 2.34466351685e-05, 2.19466110138e-05, 2.65659746219e-05, 5.07809927512e-05, 5.7692934206e-05, 0.000110031454824, 3.12333831971e-05, 2.7124538974e-05, 3.46640772477e-05, 2.93995417451e-05, 2.19880021177e-05, 2.35497045651e-05, 1.68536153069e-05, 1.90109894902e-05, 1.11813087642e-05, 1.14017957458e-05, 9.27570363274e-06, 8.78724222275e-06, 5.0437029131e-06, 1.87818880448e-08, 2.36654340569e-09, 2.19130047441e-09, 2.04031858075e-09, 1.89303972498e-09, 1.78092485204e-09, 1.68027269876e-09, 1.59410795675e-09, 1.5181116364e-09, 1.45359169146e-09, 1.40150047123e-09, 1.36387712235e-09, 1.33508537559e-09, 1.31330990527e-09, 1.29575072894e-09],
        "mean": [6.29129644949e-05, 0.000466679921374, 0.0012553257402, 0.00177695974708, 0.00132530322298, 0.000572759134229, 0.000367059226846, 0.000453582644695, 0.000391102454159, 0.00040051000542, 0.000202644267119, 0.000114822571049, 0.000143186189234, 0.000254822371062, 0.000195278567844, 0.000103779268102, 9.00070299394e-05, 0.000132041517645, 0.000146524500451, 0.00016235516523, 9.91625347524e-05, 0.000162781157997, 0.000148653620272, 0.000111765446491, 0.000144438963616, 0.000200472364668, 0.000392770976759, 0.000303366221488, 0.00039379199734, 0.000514840765391, 0.000375457835617, 0.000655387178995, 0.000606671674177, 0.000188636695384, 8.91844538273e-05, 7.53539279685e-05, 5.43478636246e-05, 7.81353883212e-05, 0.000178667964065, 0.000117609401059, 5.76753263886e-05, 8.04383089417e-05, 8.51790828165e-05, 4.63941432827e-05, 3.6428184103e-05, 3.21931038343e-05, 3.30549482896e-05, 2.69831234618e-05, 5.2743795095e-05, 6.39855497866e-05, 4.0393184463e-05, 2.77005674434e-05, 2.83916815533e-05, 3.19951432175e-05, 3.94740345655e-05, 9.29448433453e-05, 3.49608744727e-05, 2.69529482466e-05, 1.3102732737e-05, 1.320058891e-05, 3.17950361932e-05, 2.67186242127e-05, 1.18606412798e-05, 7.33472188585e-06, 1.04140617623e-05, 9.29448469833e-06, 7.08014476913e-06, 8.431434253e-06, 7.76505839895e-06, 1.64685097843e-05, 1.16118462756e-05, 5.97550979364e-06, 4.57797113995e-06, 5.01785279994e-06, 2.69036559075e-06, 2.04222988032e-06, 1.62289222772e-06, 1.5552370769e-06, 1.73124124103e-06, 1.62439482665e-06, 1.6618716927e-06, 1.6572844288e-06, 1.66363054177e-06, 1.82284759376e-06, 1.89657691863e-06, 1.85133615105e-06, 2.70314285444e-06, 3.08097446577e-06, 2.74961303148e-06, 2.58899513028e-06, 1.82905944257e-06, 1.61014600053e-06, 1.62413209637e-06, 1.35564357606e-06, 1.47045102494e-06, 1.2108143892e-06, 1.30060470838e-06, 9.17810780265e-07, 9.4845319154e-07, 7.54142547521e-07, 5.70232941755e-07, 4.97806809108e-07, 4.73015177249e-07, 4.11203586737e-07, 3.63113628055e-07, 3.1078371876e-07, 2.94331442774e-07, 2.40713376343e-07, 1.7011156217e-07, 1.4254545988e-07, 1.32727294044e-07, 9.94050921577e-08, 3.86344716219e-08, 6.17941878223e-11, 6.86353491403e-12, 6.49632170974e-12, 6.21775807924e-12, 5.95357964317e-12, 5.75732343744e-12, 5.57399439105e-12, 5.40522617984e-12, 5.26028222717e-12, 5.12425041635e-12, 5.01379016429e-12, 4.94108746973e-12, 4.87346057607e-12, 4.82922599479e-12, 4.78651840385e-12],
        "min": [2.09939617773e-12, 1.40019194156e-11, 1.81763857438e-11, 1.63526969743e-10, 6.95722868205e-10, 2.00356065072e-09, 2.69981814682e-09, 3.29352389805e-09, 2.40703568188e-09, 4.90443197165e-09, 1.04697486236e-08, 3.05538137013e-08, 3.31303482426e-08, 7.69732366734e-08, 7.05099765241e-08, 4.01473165823e-08, 1.06922939835e-07, 1.59971506264e-07, 1.86808833291e-07, 2.0493510533e-07, 3.94799712922e-07, 2.08785138511e-07, 1.61249616326e-07, 1.74833019173e-07, 1.54192250079e-07, 1.7870526392e-08, 4.05480591326e-08, 1.69247051929e-08, 5.32746931015e-08, 1.34419877895e-07, 7.99871884283e-08, 5.94890501304e-08, 6.52739240437e-09, 4.4383174469e-08, 3.50628965862e-08, 3.999917908e-08, 2.23240839148e-08, 4.92152452125e-08, 1.97765377408e-08, 1.67409375251e-08, 1.12633520288e-08, 2.60746286784e-08, 9.39630240282e-09, 7.87520004764e-09, 2.47586608992e-08, 1.06342055162e-08, 1.3822885947e-08, 2.8681366171e-09, 1.82234334289e-08, 2.93518476191e-09, 2.6310416068e-09, 6.89448853564e-09, 1.085344703e-08, 1.24474812679e-08, 8.54741166734e-09, 4.19653145567e-10, 1.74960901322e-09, 1.99316030347e-08, 3.44819173215e-09, 3.66251118322e-09, 1.86285631365e-09, 1.35868623019e-08, 7.34104821376e-09, 2.46601361553e-09, 2.22806176287e-10, 2.60870769431e-09, 3.02324365542e-09, 1.52774987106e-10, 1.12068943015e-09, 3.7566834088e-09, 2.22000151595e-09, 2.77989897768e-09, 3.43513351098e-09, 9.81012826529e-10, 1.40460787446e-09, 1.95867033703e-09, 6.65346722162e-10, 3.20837079126e-10, 7.02590152724e-10, 1.71487948841e-10, 3.26726978805e-11, 4.60964148796e-11, 9.8954823502e-11, 1.05783342155e-11, 4.69076557111e-12, 8.54990178049e-13, 9.04361492377e-13, 4.45360762158e-13, 1.82780141933e-13, 7.0084590258e-13, 2.39761525521e-13, 1.62134655745e-13, 1.75743561414e-13, 1.62338241808e-13, 1.75148822312e-13, 1.36747899246e-13, 1.71743099343e-13, 1.17537896733e-13, 8.49386885696e-14, 1.41271895441e-13, 2.28985911179e-13, 1.17552289517e-13, 1.59884461898e-13, 1.22798567647e-13, 1.26550259529e-13, 1.60914210017e-13, 1.25427188709e-13, 1.14711368117e-13, 8.77643904816e-14, 1.06210640326e-13, 1.05421259829e-13, 9.2430308741e-14, 9.47075602079e-14, 1.24539782783e-13, 1.14213312744e-13, 9.73496118244e-14, 1.00092724636e-13, 1.11933411758e-13, 1.26604727136e-13, 1.14303477707e-13, 1.30030982184e-13, 1.3345261582e-13, 1.13840835088e-13, 1.15982581612e-13, 1.17766392341e-13, 1.33701535086e-13, 1.32144241296e-13, 1.17535389516e-13],
        "stdev": [0.000103671860415, 0.0010141346138, 0.00286233844236, 0.00335456803441, 0.00220475322567, 0.00094158493448, 0.000717344635632, 0.000984777929261, 0.000759794027545, 0.000832097313832, 0.000363108352758, 0.000186242032214, 0.000315285869874, 0.00052708981093, 0.000379338744096, 0.000212916987948, 0.000189476690139, 0.000340920960298, 0.000347297958797, 0.000503478688188, 0.000269582873443, 0.000528777367435, 0.000528163567651, 0.000265498907538, 0.000315090321237, 0.000499217072502, 0.00115953490604, 0.000849506934173, 0.00108825333882, 0.00137451221235, 0.0010849108221, 0.00234646094032, 0.00211732508615, 0.00101202458609, 0.000216198983253, 0.000217860593693, 0.000190539896721, 0.000280196341919, 0.000464424403617, 0.00036122254096, 0.000246952316957, 0.000172537213075, 0.000477927475004, 0.000283194240183, 9.21454120544e-05, 7.07390427124e-05, 9.61817058851e-05, 7.85788943176e-05, 0.000160410010722, 0.000211299862713, 0.000246406591032, 0.000105851890112, 8.37814441184e-05, 9.87316961982e-05, 0.000139635085361, 0.000356541888323, 0.000180765971891, 0.000123568665003, 5.59488544241e-05, 4.68984035251e-05, 7.50285325921e-05, 5.34558930667e-05, 2.70320688287e-05, 1.68203459907e-05, 1.64170869539e-05, 1.51303902385e-05, 1.41713671837e-05, 1.84220280062e-05, 1.78361133294e-05, 4.27967279393e-05, 4.00912831537e-05, 1.57240992849e-05, 8.91945092008e-06, 1.08247713797e-05, 5.33066940989e-06, 3.31982118951e-06, 2.40092890635e-06, 2.29465740631e-06, 2.57548254012e-06, 2.32461502492e-06, 2.47953289545e-06, 2.8364740956e-06, 2.44073407885e-06, 2.53684015661e-06, 2.84948259832e-06, 2.43357817453e-06, 4.95647236676e-06, 5.64084029975e-06, 4.38288680016e-06, 8.29693908599e-06, 3.061130883e-06, 2.87545935862e-06, 2.70359646493e-06, 2.28998374041e-06, 2.40322992795e-06, 2.22733388e-06, 2.66672668658e-06, 2.56722705672e-06, 2.70640498456e-06, 3.51297808265e-06, 2.18393256546e-06, 1.93610230781e-06, 2.10746725315e-06, 1.89786362625e-06, 1.60435160979e-06, 1.48705248648e-06, 1.29959710193e-06, 1.08742790417e-06, 7.47461967876e-07, 6.6235088525e-07, 6.44067938538e-07, 4.91892649279e-07, 2.28833613392e-07, 6.40388908568e-10, 7.15090625603e-11, 6.68659641545e-11, 6.30030055904e-11, 5.9221551274e-11, 5.65320741608e-11, 5.40185569886e-11, 5.16999221212e-11, 4.96787055937e-11, 4.79799568132e-11, 4.66662507248e-11, 4.57416916844e-11, 4.48441214718e-11, 4.43016352769e-11, 4.38031728944e-11]
    },
    "mfcc": {
        "mean": [-667.917114258, 119.953384399, -21.3115119934, 7.42310428619, -11.5243120193, 4.0126581192, -0.746540606022, 12.9415864944, -5.74542617798, 6.2591176033, -8.87678813934, -1.5938334465, -5.26165819168],
        "cov": [[7728.66357422, -3742.87304688, -420.3855896, -1113.91418457, 173.697113037, -368.093170166, 31.0472488403, 341.492797852, 74.3391113281, 529.840637207, 348.199066162, 116.966796875, 350.370117188], [-3742.87304688, 3538.15820312, 1271.92016602, 1629.64367676, 608.631896973, 564.978210449, 479.509735107, -159.680038452, 73.7264175415, -228.409164429, -1.38251185417, 133.865127563, 40.0011405945], [-420.3855896, 1271.92016602, 1345.36120605, 947.175415039, 708.774719238, 351.218902588, 434.755249023, -27.4400196075, 150.219314575, -58.6675605774, 170.756576538, 101.779769897, 182.495010376], [-1113.91418457, 1629.64367676, 947.175415039, 1282.87365723, 669.43536377, 312.181793213, 257.960968018, -113.692268372, 75.2698669434, -105.249893188, 29.0009880066, 168.406890869, 143.1978302], [173.697113037, 608.631896973, 708.774719238, 669.43536377, 681.594360352, 148.469772339, 234.01335144, -73.0722808838, 102.246253967, 9.35632801056, 56.3645629883, 105.470489502, 185.760116577], [-368.093170166, 564.978210449, 351.218902588, 312.181793213, 148.469772339, 268.335968018, 160.942123413, 20.9678592682, 14.6874427795, -24.5962409973, 47.4261512756, 24.8574028015, 10.6708421707], [31.0472488403, 479.509735107, 434.755249023, 257.960968018, 234.01335144, 160.942123413, 402.219299316, 47.7022132874, 45.3843612671, 52.4262657166, 104.371185303, 42.6367454529, 88.1565246582], [341.492797852, -159.680038452, -27.4400196075, -113.692268372, -73.0722808838, 20.9678592682, 47.7022132874, 169.644271851, 26.9532241821, 39.1724243164, 35.1813011169, -7.80584573746, 8.26215457916], [74.3391113281, 73.7264175415, 150.219314575, 75.2698669434, 102.246253967, 14.6874427795, 45.3843612671, 26.9532241821, 136.286315918, 26.818271637, 37.9539680481, 1.61831200123, 28.1249923706], [529.840637207, -228.409164429, -58.6675605774, -105.249893188, 9.35632801056, -24.5962409973, 52.4262657166, 39.1724243164, 26.818271637, 162.088195801, 40.938205719, 22.8431396484, 16.1168346405], [348.199066162, -1.38251185417, 170.756576538, 29.0009880066, 56.3645629883, 47.4261512756, 104.371185303, 35.1813011169, 37.9539680481, 40.938205719, 157.135406494, 31.7644462585, 42.9890060425], [116.966796875, 133.865127563, 101.779769897, 168.406890869, 105.470489502, 24.8574028015, 42.6367454529, -7.80584573746, 1.61831200123, 22.8431396484, 31.7644462585, 121.703460693, 58.2422599792], [350.370117188, 40.0011405945, 182.495010376, 143.1978302, 185.760116577, 10.6708421707, 88.1565246582, 8.26215457916, 28.1249923706, 16.1168346405, 42.9890060425, 58.2422599792, 156.426940918]],
        "icov": [[0.000610018789303, 0.000816099985968, -2.4868588298e-05, -0.000189561818843, -0.000455714238342, -0.000170212588273, -0.00015360386169, -0.000490282662213, 0.000240020599449, -0.000618910242338, -0.000580103194807, -0.000282399589196, -0.000422064767918], [0.000816099985968, 0.00218216259964, -0.000221430163947, -0.00164572941139, 0.000356360164005, -0.000780861941166, -0.00108390778769, -3.04476288875e-05, -0.000126116108731, -0.000400731951231, -0.000172524538357, -0.000296785845421, -0.000156645081006], [-2.4868588298e-05, -0.000221430163947, 0.00350460829213, -0.00072941876715, -0.001974087907, -0.00106665922794, -0.00107249920256, -0.000185278579011, -0.0010397315491, 0.00149455212522, -0.00216469657607, 0.000935667951126, 2.13255702874e-06], [-0.000189561818843, -0.00164572941139, -0.00072941876715, 0.00484996009618, -0.00253965239972, -0.000667666667141, 0.00128602492623, 4.85865457449e-05, 0.000251694378676, 0.000935336167458, 0.000722977041733, -0.00271077267826, 0.000259706168436], [-0.000455714238342, 0.000356360164005, -0.001974087907, -0.00253965239972, 0.00728169921786, 4.62563766632e-05, -0.000843010260724, 0.00285933539271, -0.00191208696924, -0.00126879638992, 0.00247687892988, 0.000499818183016, -0.00316099799238], [-0.000170212588273, -0.000780861941166, -0.00106665922794, -0.000667666667141, 4.62563766632e-05, 0.0080046756193, -0.00101865967736, -0.00193211308215, 0.00158738321625, 0.000306403177092, -0.000843768881168, 0.000458343449282, 0.00225594989024], [-0.00015360386169, -0.00108390778769, -0.00107249920256, 0.00128602492623, -0.000843010260724, -0.00101865967736, 0.00586601812392, -0.00126214628108, 0.00121589063201, -0.00211624614894, -0.00123896624427, 0.000616582867224, -0.00136309990194], [-0.000490282662213, -3.04476288875e-05, -0.000185278579011, 4.85865457449e-05, 0.00285933539271, -0.00193211308215, -0.00126214628108, 0.00911264587194, -0.00269096693955, -0.000346050481312, 0.000753237458412, 0.000159068746143, -0.00150286371354], [0.000240020599449, -0.000126116108731, -0.0010397315491, 0.000251694378676, -0.00191208696924, 0.00158738321625, 0.00121589063201, -0.00269096693955, 0.0105333039537, -0.00211379863322, -0.00187585339881, 0.00177889293991, 0.000273614801699], [-0.000618910242338, -0.000400731951231, 0.00149455212522, 0.000935336167458, -0.00126879638992, 0.000306403177092, -0.00211624614894, -0.000346050481312, -0.00211379863322, 0.0103651285172, -0.00083862018073, -0.00242241751403, 0.00203014397994], [-0.000580103194807, -0.000172524538357, -0.00216469657607, 0.000722977041733, 0.00247687892988, -0.000843768881168, -0.00123896624427, 0.000753237458412, -0.00187585339881, -0.00083862018073, 0.0112497769296, -0.00228940625675, -0.000833838013932], [-0.000282399589196, -0.000296785845421, 0.000935667951126, -0.00271077267826, 0.000499818183016, 0.000458343449282, 0.000616582867224, 0.000159068746143, 0.00177889293991, -0.00242241751403, -0.00228940625675, 0.0137216644362, -0.00343240215443], [-0.000422064767918, -0.000156645081006, 2.13255702874e-06, 0.000259706168436, -0.00316099799238, 0.00225594989024, -0.00136309990194, -0.00150286371354, 0.000273614801699, 0.00203014397994, -0.000833838013932, -0.00343240215443, 0.0128341428936]]
    },
    "spectral_contrast_coeffs": {
        "max": [-0.466476887465, -0.541454613209, -0.459017306566, -0.551952958107, -0.496664106846, -0.473402678967],
        "mean": [-0.739315390587, -0.765038073063, -0.719880223274, -0.777300238609, -0.768637359142, -0.715414464474],
        "min": [-0.898422300816, -0.916051864624, -0.894475340843, -0.901529550552, -0.879532694817, -0.925122141838],
        "stdev": [0.0616488792002, 0.0672667995095, 0.0817624777555, 0.0699093639851, 0.0634744688869, 0.057378642261]
    },
    "spectral_contrast_valleys": {
        "max": [-5.29141902924, -5.39472055435, -5.55344963074, -5.88752555847, -5.95051813126, -8.01592350006],
        "mean": [-7.3317399025, -6.93389081955, -7.28400564194, -7.71157026291, -7.96270179749, -11.299788475],
        "min": [-11.7338123322, -8.6022310257, -9.47838973999, -10.054558754, -10.7236022949, -16.8283615112],
        "stdev": [1.5060967207, 0.561894118786, 0.83208990097, 0.915523409843, 0.993940472603, 1.93545353413]
    }
},
"rhythm": {
    "beats_count": 84,
    "beats_loudness": {
        "max": 0.0756049901247,
        "mean": 0.025846503675,
        "min": 0.00249271607026,
        "stdev": 0.0161757953465
    },
    "bpm": 132.337631226,
    "bpm_histogram_first_peak_bpm": 133,
    "bpm_histogram_first_peak_weight": 0.543478250504,
    "bpm_histogram_second_peak_bpm": 172,
    "bpm_histogram_second_peak_spread": 0,
    "bpm_histogram_second_peak_weight": 0.108433738351,
    "danceability": 0.882573783398,
    "onset_rate": 2.21295523643,
    "beats_loudness_band_ratio": {
        "max": [0.943664550781, 0.838651001453, 0.676422834396, 0.978806972504, 0.636195719242, 0.183576062322],
        "mean": [0.298145234585, 0.118335664272, 0.178310468793, 0.313407808542, 0.0981126949191, 0.0421027801931],
        "min": [2.09257850656e-05, 0.000118099451356, 0.00426746113226, 0.00292827538215, 0.000400672346586, 6.55510957586e-05],
        "stdev": [0.306118875742, 0.17335088551, 0.186434626579, 0.290077567101, 0.120240390301, 0.0394211672246]
    },
