{
"metadata": {
    "version": {
        "essentia": "2.1-beta5",
        "essentia_git_sha": "Undefined",
        "extractor": "music 2.0"
    },
    "audio_properties": {
        "analysis": {
            "equal_loudness": 0,
            "length": 12.7477550507,
            "sample_rate": 44100,
            "start_time": 0,
            "downmix": "mix"
        },
        "bit_rate": 192000,
        "length": 210.047714233,
        "lossless": 0,
        "number_channels": 2,
        "replay_gain": -1.11046981812,
        "sample_rate": 44100,
        "codec": "mp3",
        "md5_encoded": "0e1b8292f70c565b6dfc8d45b64c2f62"
    },
    "tags": {
        "file_name": "Israel_Time_Izabo.mp3",
        "encoding": ["Lavf58.29.100"]
    }
},
"lowlevel": {
    "average_loudness": 0.861454963684,
    "barkbands_crest": {
        "max": 25.9326553345,
        "mean": 12.5225820541,
        "min": 3.20957279205,
        "stdev": 6.24036502838
    },
    "barkbands_flatness_db": {
        "max": 0.395373702049,
        "mean": 0.196711808443,
        "min": 0.0686173886061,
        "stdev": 0.0720430836082
    },
    "barkbands_kurtosis": {
        "max": 110.67527771,
        "mean": 8.8108291626,
        "min": -1.59644424915,
        "stdev": 15.0910987854
    },
    "barkbands_skewness": {
        "max": 5.77431821823,
        "mean": 1.5890506506,
        "min": -2.63602113724,
        "stdev": 1.02598309517
    },
    "barkbands_spread": {
        "max": 82.9709396362,
        "mean": 16.2726554871,
        "min": 0.396801322699,
        "stdev": 16.0316009521
    },
    "dissonance": {
        "max": 0.499997287989,
        "mean": 0.461003661156,
        "min": 0.263456910849,
        "stdev": 0.0375416874886
    },
    "dynamic_complexity": 3.26389765739,
    "erbbands_crest": {
        "max": 28.1114215851,
        "mean": 12.9737510681,
        "min": 3.02445697784,
        "stdev": 6.22690629959
    },
    "erbbands_flatness_db": {
        "max": 0.447245270014,
        "mean": 0.240998208523,
        "min": 0.0665322840214,
        "stdev": 0.0969429016113
    },
    "erbbands_kurtosis": {
        "max": 63.2210769653,
        "mean": 6.06743764877,
        "min": -1.53522276878,
        "stdev": 11.3601112366
    },
    "erbbands_skewness": {
        "max": 5.11855840683,
        "mean": 1.27675819397,
        "min": -1.14053285122,
        "stdev": 1.35686707497
    },
    "erbbands_spread": {
        "max": 110.104202271,
        "mean": 25.6496238708,
        "min": 0.918790876865,
        "stdev": 21.8354434967
    },
    "hfc": {
        "max": 105.082649231,
        "mean": 18.238822937,
        "min": 1.15213778828e-16,
        "stdev": 17.0512619019
    },
    "loudness_ebu128": {
        "integrated": -22.935749054,
        "loudness_range": 6.31538772583,
        "momentary": {
            "max": -18.3216762543,
            "mean": -24.403377533,
            "min": -34.9488067627,
            "stdev": 3.76945996284
        },
        "short_term": {
            "max": -20.1847667694,
            "mean": -24.4051990509,
            "min": -27.575170517,
            "stdev": 2.18876481056
        }
    },
    "melbands_crest": {
        "max": 31.5345973969,
        "mean": 15.6683597565,
        "min": 2.37514352798,
        "stdev": 6.07543992996
    },
    "melbands_flatness_db": {
        "max": 0.37129470706,
        "mean": 0.210086539388,
        "min": 0.00935185793787,
        "stdev": 0.0632665008307
    },
    "melbands_kurtosis": {
        "max": 121.205078125,
        "mean": 12.8244657516,
        "min": -1.38199961185,
        "stdev": 15.2769374847
    },
    "melbands_skewness": {
        "max": 9.04552936554,
        "mean": 1.81153976917,
        "min": -2.07721686363,
        "stdev": 1.29483556747
    },
    "melbands_spread": {
        "max": 135.636611938,
        "mean": 18.8848876953,
        "min": 0.92024242878,
        "stdev": 19.1700801849
    },
    "pitch_salience": {
        "max": 0.981827914715,
        "mean": 0.517131567001,
        "min": 0.156691253185,
        "stdev": 0.135694772005
    },
    "silence_rate_20dB": {
        "max": 1,
        "mean": 1,
        "min": 1,
        "stdev": 0
    },
    "silence_rate_30dB": {
        "max": 1,
        "mean": 0.969090938568,
        "min": 0,
        "stdev": 0.173071533442
    },
    "silence_rate_60dB": {
        "max": 1,
        "mean": 0.0963636338711,
        "min": 0,
        "stdev": 0.295088917017
    },
    "spectral_centroid": {
        "max": 11321.9150391,
        "mean": 1303.12402344,
        "min": 274.057006836,
        "stdev": 675.784301758
    },
    "spectral_complexity": {
        "max": 45,
        "mean": 14.2036361694,
        "min": 0,
        "stdev": 9.423869133
    },
    "spectral_decrease": {
        "max": 5.41511768524e-21,
        "mean": -5.56469847979e-09,
        "min": -6.13120363369e-08,
        "stdev": 8.00812838264e-09
    },
    "spectral_energy": {
        "max": 0.235450550914,
        "mean": 0.0226567722857,
        "min": 1.07194335581e-20,
        "stdev": 0.0310727991164
    },
    "spectral_energyband_high": {
        "max": 0.010343180038,
        "mean": 0.000765547330957,
        "min": 7.86050187505e-21,
        "stdev": 0.00148953835014
    },
    "spectral_energyband_low": {
        "max": 0.197554826736,
        "mean": 0.00771398376673,
        "min": 2.27610699627e-23,
        "stdev": 0.023068074137
    },
    "spectral_energyband_middle_high": {
        "max": 0.0316232852638,
        "mean": 0.0069338362664,
        "min": 1.53508101337e-21,
        "stdev": 0.00490521546453
    },
    "spectral_energyband_middle_low": {
        "max": 0.137267574668,
        "mean": 0.00822858419269,
        "min": 4.47035635764e-22,
        "stdev": 0.0124917319044
    },
    "spectral_entropy": {
        "max": 9.79148578644,
        "mean": 7.45255327225,
        "min": 6.09997463226,
        "stdev": 0.515777349472
    },
    "spectral_flux": {
        "max": 0.45629554987,
        "mean": 0.0764573216438,
        "min": 1.03534694706e-10,
        "stdev": 0.0618542991579
    },
    "spectral_kurtosis": {
        "max": 20.0622177124,
        "mean": 5.09007835388,
        "min": -1.19775187969,
        "stdev": 3.9772002697
    },
    "spectral_rms": {
        "max": 0.0151561163366,
        "mean": 0.00404154835269,
        "min": 3.23388061121e-12,
        "stdev": 0.00240209791809
    },
    "spectral_rolloff": {
        "max": 18109.4238281,
        "mean": 1805.03088379,
        "min": 107.666015625,
        "stdev": 2348.75292969
    },
    "spectral_skewness": {
        "max": 3.21806406975,
        "mean": 1.57095098495,
        "min": -0.0162026509643,
        "stdev": 0.497492194176
    },
    "spectral_spread": {
        "max": 40288148,
        "mean": 4074066.75,
        "min": 1786937.75,
        "stdev": 2709355.25
    },
    "spectral_strongpeak": {
        "max": 6.50759506226,
        "mean": 1.48363983631,
        "min": 1.53255352853e-09,
        "stdev": 1.22513175011
    },
    "zerocrossingrate": {
        "max": 0.49169921875,
        "mean": 0.0677281618118,
        "min": 0.01416015625,
        "stdev": 0.0542828068137
    },
    "barkbands": {
        "max": [0.00171469745692, 0.0665788352489, 0.128390997648, 0.0326056219637, 0.100573308766, 0.0112802572548, 0.0420492291451, 0.008285892196, 0.0111017348245, 0.0225973390043, 0.0171800274402, 0.00398380775005, 0.00630631344393, 0.00145986152347, 0.0158477444202, 0.00179825339001, 0.00132049701642, 0.00555896945298, 0.00164229713846, 0.00117637729272, 0.0014246009523, 0.00117967207916, 0.00121139583644, 0.00182131119072, 0.00275491760112, 0.00261963461526, 8.28834515687e-07],
        "mean": [5.0208025641e-05, 0.00238328799605, 0.00437864800915, 0.00189972575754, 0.0026269517839, 0.000513250764925, 0.00162519561127, 0.000601183564868, 0.000782447343227, 0.00152149365749, 0.00331002962776, 0.000272958859568, 0.00044528269791, 0.000162774376804, 0.000530889083166, 0.000188237929251, 0.000156143403728, 0.000221050126129, 0.000149512212374, 0.000134681598865, 0.000127215942484, 0.000119274234748, 0.00011507832096, 0.000124537749798, 0.000130728949443, 8.59941865201e-05, 2.52840592907e-09],
        "min": [5.52670901488e-24, 8.61132712597e-24, 7.30177305823e-24, 6.03311472311e-24, 7.29438222041e-23, 1.23950293536e-22, 6.41806756415e-23, 1.17997889934e-22, 6.1571180565e-23, 3.53091963921e-23, 9.74933061032e-23, 1.77370275342e-22, 4.41911990496e-23, 2.02911281668e-22, 1.98291863669e-22, 7.75521393531e-23, 1.58413228348e-22, 1.73554006096e-22, 2.54135794155e-22, 1.92808813372e-22, 3.92604384765e-22, 5.69780827517e-22, 7.00568563483e-22, 8.33356699243e-22, 1.51073562988e-21, 1.81773040583e-21, 2.13672949905e-21],
        "stdev": [0.00018451375945, 0.00883548241109, 0.0147063517943, 0.00368065247312, 0.00602168403566, 0.00110159709584, 0.00404194090515, 0.00103297806345, 0.00109930033796, 0.00228175707161, 0.00363120948896, 0.000485270546051, 0.00086057104636, 0.000212819591979, 0.00162823626306, 0.000285912887193, 0.000220173082198, 0.000502578157466, 0.000209750680369, 0.000196951383259, 0.000220533591346, 0.000202665265533, 0.000215926396777, 0.00026197207626, 0.000332269468345, 0.000291505886707, 3.53831559607e-08]
    },
    "erbbands": {
        "max": [0.704432070255, 19.2717819214, 135.348098755, 143.187713623, 311.694671631, 267.187927246, 88.9108047485, 113.007888794, 235.179672241, 810.46105957, 102.983627319, 327.137329102, 151.7315979, 894.28515625, 516.907714844, 123.519447327, 284.97567749, 61.3854980469, 258.328582764, 730.161743164, 119.882835388, 57.9116287231, 374.448303223, 70.0506896973, 85.832359314, 52.201713562, 61.0124053955, 51.6594924927, 44.7025718689, 36.1456260681, 34.2661590576, 32.0440597534, 37.8211326599, 35.4226570129, 16.7850761414, 12.6633281708, 5.38889074326, 0.126429527998, 0.00360846100375, 0.000307431881083],
        "mean": [0.0279339235276, 0.726386606693, 4.58019733429, 5.80786705017, 10.0219297409, 7.37293291092, 2.93175196648, 4.92175388336, 16.4811134338, 23.9432182312, 13.1789512634, 18.5806102753, 24.5834331512, 94.7492294312, 94.4427719116, 13.7461395264, 20.2257385254, 7.34568119049, 20.0493297577, 20.6632671356, 12.8424482346, 8.08007240295, 12.7793645859, 8.90548419952, 7.46738529205, 6.23897838593, 5.57199048996, 4.79831695557, 4.3208489418, 3.49999785423, 3.31283664703, 2.66009902954, 2.05812096596, 1.47218811512, 0.911144852638, 0.499320954084, 0.152968853712, 0.00353671843186, 0.000123220204841, 3.65685882571e-05],
        "min": [4.98550802474e-22, 1.30932734911e-21, 8.9911584138e-21, 9.75182288067e-21, 5.25458955488e-20, 2.49950354767e-19, 5.74498700608e-19, 1.11991807358e-18, 1.25727441282e-18, 1.76331786898e-18, 2.07693512643e-18, 1.19233184254e-18, 9.11057140256e-19, 2.95629470561e-18, 5.45902808338e-18, 5.06501011117e-18, 2.65742049502e-18, 9.16128501874e-18, 9.48634135687e-18, 8.55980394504e-18, 5.87126719013e-18, 8.79509381592e-18, 8.85420745122e-18, 1.16209198051e-17, 1.1485287e-17, 1.05104199065e-17, 1.29787591144e-17, 1.66755425957e-17, 1.85621182341e-17, 1.8460920958e-17, 2.03348771291e-17, 1.78144544939e-17, 1.58574609699e-17, 1.65821357065e-17, 1.0655402334e-17, 5.34787113908e-18, 4.40905547182e-18, 1.20706889234e-18, 3.23685570612e-19, 2.91174587267e-20],
        "stdev": [0.084128677845, 2.66161155701, 15.1922645569, 13.9044046402, 20.7005748749, 17.1653900146, 6.19301795959, 10.4599695206, 33.304775238, 71.1397705078, 17.5760154724, 28.8880767822, 24.8314971924, 91.9311447144, 95.0469284058, 16.2632579803, 39.0303001404, 8.03534507751, 35.8664627075, 71.4587402344, 19.5716915131, 10.2962121964, 33.6920318604, 12.2714939117, 10.1684827805, 8.509806633, 9.56611442566, 8.24117946625, 7.35616588593, 6.47741985321, 6.20760393143, 5.33765172958, 4.50303697586, 3.63243079185, 2.41799688339, 1.60800790787, 0.535220861435, 0.0123380403966, 0.000371306115994, 4.79525442643e-05]
    },
    "gfcc": {
        "mean": [-68.1289901733, 101.490539551, -167.618667603, 17.476524353, -79.2000732422, 16.0050506592, -19.645778656, -0.0608430914581, -17.8740844727, -23.8120937347, -9.85635757446, -11.1640367508, -1.57073557377],
        "cov": [[14354.5166016, -1030.61022949, 3344.09716797, 2036.37866211, 501.247711182, 764.770874023, -1261.51623535, 806.064208984, -1312.28039551, 1106.08740234, -1020.96343994, 515.10369873, -942.18145752], [-1030.61022949, 2341.89208984, -1217.87194824, -116.32384491, 119.17250824, -598.558349609, 105.184516907, -595.181335449, 631.219726562, -418.532623291, 313.020507812, -502.003173828, -4.31651973724], [3344.09716797, -1217.87194824, 2914.25463867, 1149.76831055, 398.849029541, 588.288696289, -574.579833984, 529.73449707, -839.98840332, 716.286865234, -550.106872559, 400.438232422, -467.922058105], [2036.37866211, -116.32384491, 1149.76831055, 718.986022949, 224.99937439, 191.553344727, -315.745483398, 162.962524414, -281.375061035, 274.496063232, -221.771820068, 66.0994873047, -247.546478271], [501.247711182, 119.17250824, 398.849029541, 224.99937439, 238.763885498, -5.33089733124, -73.628288269, 11.1180067062, -64.3212738037, 88.1764068604, -73.7992248535, 22.0887260437, -125.846481323], [764.770874023, -598.558349609, 588.288696289, 191.553344727, -5.33089733124, 306.700744629, -46.8892745972, 204.30090332, -229.002456665, 152.012557983, -112.347328186, 145.917724609, -12.5639286041], [-1261.51623535, 105.184516907, -574.579833984, -315.745483398, -73.628288269, -46.8892745972, 338.776367188, -71.6011123657, 172.160263062, -177.678771973, 172.323684692, -14.8415689468, 160.412811279], [806.064208984, -595.181335449, 529.73449707, 162.962524414, 11.1180067062, 204.30090332, -71.6011123657, 249.36088562, -200.895797729, 182.267425537, -114.43473053, 147.43157959, -47.3880500793], [-1312.28039551, 631.219726562, -839.98840332, -281.375061035, -64.3212738037, -229.002456665, 172.160263062, -200.895797729, 370.029785156, -222.457183838, 186.985702515, -181.448165894, 114.998519897], [1106.08740234, -418.532623291, 716.286865234, 274.496063232, 88.1764068604, 152.012557983, -177.678771973, 182.267425537, -222.457183838, 258.972351074, -149.848358154, 121.742218018, -134.143325806], [-1020.96343994, 313.020507812, -550.106872559, -221.771820068, -73.7992248535, -112.347328186, 172.323684692, -114.43473053, 186.985702515, -149.848358154, 187.280944824, -70.6888580322, 121.781349182], [515.10369873, -502.003173828, 400.438232422, 66.0994873047, 22.0887260437, 145.917724609, -14.8415689468, 147.43157959, -181.448165894, 121.742218018, -70.6888580322, 186.228927612, -10.0643310547], [-942.18145752, -4.31651973724, -467.922058105, -247.546478271, -125.846481323, -12.5639286041, 160.412811279, -47.3880500793, 114.998519897, -134.143325806, 121.781349182, -10.0643310547, 191.297576904]],
        "icov": [[0.000289290037472, -0.000484199292259, 0.00072207278572, -0.000696862291079, 0.000327807618305, -0.000483436131617, 0.000137772774906, -0.000421245291363, 0.000805877207313, -0.000527794007212, 0.00103633874096, -0.00116667954717, 0.000666685868055], [-0.000484199292259, 0.00339441210963, -0.00123181228992, -0.000207290941034, -0.00155560590792, 0.00175578694325, 5.06631185999e-05, 0.00330344890244, -0.00283907027915, 0.0017428623978, -0.00401707459241, 0.00397743890062, -2.63023175648e-05], [0.00072207278572, -0.00123181228992, 0.00495583051816, -0.00380173837766, -0.000221150141442, -0.00273143663071, 6.64558028802e-05, -0.000228676057304, 0.00404285034165, -0.00401097582653, 0.0036850690376, -0.00417764717713, 0.00248519121669], [-0.000696862291079, -0.000207290941034, -0.00380173837766, 0.00893447548151, -0.00277851545252, -0.00192344537936, 0.00273034372367, -0.00141920126043, -0.00185860192869, 0.00252752774395, -0.00401369575411, 0.00455869873986, -8.51629665704e-05], [0.000327807618305, -0.00155560590792, -0.000221150141442, -0.00277851545252, 0.0103437826037, 0.0018843295984, -0.00319751328789, 0.000968924665358, -0.000421685574111, -0.00178387598135, 0.00413161283359, -0.00485568400472, 0.00340967741795], [-0.000483436131617, 0.00175578694325, -0.00273143663071, -0.00192344537936, 0.0018843295984, 0.0148378759623, -0.00428259372711, -0.00319847441278, 0.00149935833178, 0.000647413893603, 0.00116852880456, 0.0040444470942, -0.00747711351141], [0.000137772774906, 5.06631185999e-05, 6.64558028802e-05, 0.00273034372367, -0.00319751328789, -0.00428259372711, 0.0109869940206, -0.00225393893197, -0.00216565816663, 0.0058634839952, -0.00681340601295, -0.00339425192215, 0.00179156474769], [-0.000421245291363, 0.00330344890244, -0.000228676057304, -0.00141920126043, 0.000968924665358, -0.00319847441278, -0.00225393893197, 0.0193984936923, -0.00364589551464, -0.00717072514817, -0.000284847832518, -0.00105203432031, 1.61303414643e-05], [0.000805877207313, -0.00283907027915, 0.00404285034165, -0.00185860192869, -0.000421685574111, 0.00149935833178, -0.00216565816663, -0.00364589551464, 0.0172500554472, -0.00355056137778, 0.00144899042789, 0.00327136646956, -0.00148709153291], [-0.000527794007212, 0.0017428623978, -0.00401097582653, 0.00252752774395, -0.00178387598135, 0.000647413893603, 0.0058634839952, -0.00717072514817, -0.00355056137778, 0.0231860987842, -0.00667015276849, -0.00110899517313, 0.0056564505212], [0.00103633874096, -0.00401707459241, 0.0036850690376, -0.00401369575411, 0.00413161283359, 0.00116852880456, -0.00681340601295, -0.000284847832518, 0.00144899042789, -0.00667015276849, 0.0266534350812, -0.00632944051176, -0.00557802943513], [-0.00116667954717, 0.00397743890062, -0.00417764717713, 0.00455869873986, -0.00485568400472, 0.0040444470942, -0.00339425192215, -0.00105203432031, 0.00327136646956, -0.00110899517313, -0.00632944051176, 0.0257474668324, -0.00767931947485], [0.000666685868055, -2.63023175648e-05, 0.00248519121669, -8.51629665704e-05, 0.00340967741795, -0.00747711351141, 0.00179156474769, 1.61303414643e-05, -0.00148709153291, 0.0056564505212, -0.00557802943513, -0.00767931947485, 0.022740220651]]
    },
    "melbands": {
        "max": [0.0130891688168, 0.0521518178284, 0.0212062597275, 0.0256552379578, 0.00327028287575, 0.00221856636927, 0.00504729244858, 0.00732866767794, 0.000953407143243, 0.0017887360882, 0.00075398106128, 0.00388786685653, 0.0025208867155, 0.000557320017833, 0.000650834350381, 0.000338763464242, 0.000123005840578, 0.000271893833997, 0.00172033684794, 0.000179846349056, 0.000147298167576, 5.80584528507e-05, 0.000202363225981, 0.000284328125417, 5.79349907639e-05, 6.57629134366e-05, 5.16784493811e-05, 3.5206652683e-05, 3.38172030752e-05, 4.1255614633e-05, 3.44868240063e-05, 2.70530526905e-05, 2.5715722586e-05, 2.19403846131e-05, 2.28457793128e-05, 2.11459464481e-05, 1.98905599973e-05, 2.35594579863e-05, 3.24107932101e-05, 2.96368853014e-05],
        "mean": [0.000443710479885, 0.00187470484525, 0.00115214905236, 0.000702139164787, 0.000114375689009, 0.000106099549157, 0.000283787259832, 0.000238683744101, 0.000106405947008, 0.000114184847916, 0.000122109224321, 0.000372679409338, 0.000452041014796, 3.67638021999e-05, 4.52786625829e-05, 2.91248343274e-05, 1.20413205877e-05, 2.78122533928e-05, 4.30263244198e-05, 1.31870847326e-05, 1.51179056047e-05, 7.4243121162e-06, 1.11622775876e-05, 1.05588669612e-05, 6.77162870488e-06, 6.00949942964e-06, 4.84649763166e-06, 3.82167399948e-06, 3.56269788426e-06, 2.9867419471e-06, 2.76408172795e-06, 2.50910511568e-06, 2.13454723053e-06, 1.88368665022e-06, 1.91881485989e-06, 1.80340282441e-06, 1.56877058544e-06, 1.42661917835e-06, 1.38068321576e-06, 1.18724256026e-06],
        "min": [3.85228074607e-24, 3.14626542147e-24, 2.71591931513e-24, 1.1170678259e-23, 1.94172242695e-23, 2.64472702446e-23, 1.72094329432e-23, 2.28509685514e-23, 1.58419977842e-23, 7.01427822335e-24, 4.49791922078e-24, 1.13001271781e-23, 1.51491096967e-23, 2.50662540563e-23, 4.81509297507e-24, 5.61092307196e-24, 1.86984221013e-23, 1.49506985573e-23, 1.36463533381e-23, 7.82854833833e-24, 7.03250327685e-24, 9.80802596375e-24, 7.81712484356e-24, 8.21861560127e-24, 9.58246223195e-24, 9.54059738371e-24, 7.25020206542e-24, 6.4978705477e-24, 6.74608839254e-24, 8.15939029109e-24, 1.11561150978e-23, 1.0523118908e-23, 1.11642340543e-23, 9.84564674032e-24, 1.07054704171e-23, 1.31694443224e-23, 1.00382920954e-23, 1.1892067891e-23, 8.8644213145e-24, 1.615938177e-23],
        "stdev": [0.00154286751058, 0.00609376095235, 0.00239309458993, 0.00157394236885, 0.000233535844018, 0.000221714872168, 0.000606570160016, 0.000662008533254, 0.000133660621941, 0.000172501051566, 0.000130082175019, 0.00038498439244, 0.000487833836814, 6.41280712443e-05, 9.0599161922e-05, 4.82962095703e-05, 1.36308608489e-05, 4.2188748921e-05, 0.000170466752024, 2.26843549171e-05, 2.29512897931e-05, 9.67978849076e-06, 2.25912244787e-05, 2.49163695116e-05, 9.49164768826e-06, 8.34997536003e-06, 7.20993057257e-06, 5.41923418496e-06, 6.1212053879e-06, 5.29925409865e-06, 4.87351599077e-06, 4.24848758485e-06, 3.93062555304e-06, 3.5578641473e-06, 3.61397223969e-06, 3.53327322955e-06, 3.24114671457e-06, 3.04790046357e-06, 3.3520859688e-06, 2.99882253785e-06]
    },
    "melbands128": {
        "max": [0.00131017365493, 0.00376481190324, 0.0180609244853, 0.043931722641, 0.0724393799901, 0.0654225721955, 0.0335422381759, 0.0108709642664, 0.0356130264699, 0.0397728309035, 0.00931097567081, 0.00177673390135, 0.00282695167698, 0.00328013231046, 0.00353880273178, 0.0023545124568, 0.00185708666686, 0.00606386875734, 0.0123403612524, 0.0131349777803, 0.00293305260129, 0.00154456449673, 0.00065337237902, 0.00221896893345, 0.00400955229998, 0.00169282406569, 0.00129758939147, 0.00133572483901, 0.00214693509042, 0.00673302821815, 0.00415965355933, 0.00347845396027, 0.00460343016312, 0.000329259491991, 0.00127501832321, 0.000717526068911, 0.00019279186381, 0.00029420357896, 0.00178758113179, 0.000469852035167, 0.000281754415482, 0.000100376360933, 0.00012566067744, 0.000149273342686, 0.000319447251968, 0.00043088523671, 0.000442072516307, 0.00243163038976, 0.00253909174353, 0.000161408708664, 6.388266047e-05, 0.000213257153518, 0.000346731278114, 0.000216228072532, 0.000182634350494, 7.40809045965e-05, 7.43983109714e-05, 0.000251922610914, 0.000108052990981, 0.000956973992288, 0.000138407485792, 7.32876433176e-05, 7.25403151591e-05, 5.85893067182e-05, 8.90720621101e-05, 5.31141195097e-05, 9.28196823224e-05, 5.43882888451e-05, 8.24293529149e-05, 4.08601699746e-05, 4.10757529608e-05, 5.3388208471e-05, 5.45954135305e-05, 4.42419186584e-05, 7.29930325178e-05, 5.21238180227e-05, 4.4733609684e-05, 4.18668169004e-05, 5.69476578676e-05, 2.86685717583e-05, 3.00363335555e-05, 2.87095717795e-05, 2.79887826764e-05, 3.36415032507e-05, 2.72821962426e-05, 2.90281932394e-05, 2.31380927289e-05, 3.29570248141e-05, 3.65050982509e-05, 2.34372673731e-05, 3.12047195621e-05, 2.31371814152e-05, 2.28843382502e-05, 2.23717070185e-05, 2.54902843153e-05, 2.02508199436e-05, 2.34126182477e-05, 2.77727940556e-05, 3.55378688255e-05, 3.09843962896e-05, 3.35256845574e-05, 3.14887729473e-05, 2.05612595892e-05, 2.078804755e-05, 2.01618640858e-05, 2.55797258433e-05, 2.52134614129e-05, 2.32405946008e-05, 2.48234155151e-05, 2.89516538032e-05, 2.74868525594e-05, 3.86872634408e-05, 1.90897972061e-05, 1.87408168983e-08, 4.0314591665e-09, 4.04142630472e-09, 4.00201782824e-09, 3.88794019202e-09, 3.80982667636e-09, 3.68885344493e-09, 3.61544127969e-09, 3.50738282862e-09, 3.4108851299e-09, 3.33133942654e-09, 3.3004137201e-09, 3.27169069614e-09, 3.21734261455e-09, 3.20031090517e-09],
        "mean": [4.19995012635e-05, 0.000125750229927, 0.000414645299315, 0.0013993185712, 0.00238262838684, 0.00199772766791, 0.00112438120414, 0.000972880574409, 0.00103660742752, 0.000936466560233, 0.000302214466501, 7.11239044904e-05, 6.82352256263e-05, 0.000148034465383, 0.000120405529742, 6.32966475678e-05, 0.00013001159823, 0.000368767068721, 0.000418221228756, 0.000269739539362, 0.000156143098138, 0.000121710952953, 7.2455542977e-05, 0.00012520517339, 0.00014104488946, 9.7776442999e-05, 8.88027279871e-05, 8.95210469025e-05, 0.000150158637553, 0.000355686963303, 0.00028654007474, 0.000716353650205, 0.000701760523953, 5.11063772137e-05, 6.08224436291e-05, 2.83499084617e-05, 1.18945126815e-05, 2.50601169682e-05, 0.000105410275864, 3.24051761709e-05, 1.50085143105e-05, 1.04535738501e-05, 9.15140662983e-06, 1.08374570118e-05, 2.51209930866e-05, 3.274658593e-05, 3.14500503009e-05, 4.84548836539e-05, 5.02617949678e-05, 1.42943536048e-05, 5.90916670262e-06, 1.30907756102e-05, 2.14080646401e-05, 1.34918309413e-05, 9.13936764846e-06, 5.09510482516e-06, 5.8568739405e-06, 1.34634055939e-05, 7.8700195445e-06, 1.82255298569e-05, 8.40566099214e-06, 8.74600755196e-06, 7.51370316721e-06, 5.68785344512e-06, 6.79800632497e-06, 6.13943939243e-06, 5.99598433837e-06, 3.79341395274e-06, 5.05985781274e-06, 5.39024495083e-06, 3.44814907294e-06, 3.29776139552e-06, 3.79649668503e-06, 3.41875465892e-06, 3.73883267457e-06, 2.7780806704e-06, 3.01885643239e-06, 2.49789331974e-06, 2.81581719719e-06, 2.93362518278e-06, 2.46444665208e-06, 2.40794270212e-06, 2.33138348449e-06, 2.20481251745e-06, 1.89252023119e-06, 1.74535125552e-06, 2.03982062885e-06, 1.83043493962e-06, 2.01010539058e-06, 1.85146336662e-06, 1.86787326584e-06, 1.82644021152e-06, 1.61096045304e-06, 1.53113944634e-06, 1.6074643554e-06, 1.43241550177e-06, 1.35189850425e-06, 1.46434399539e-06, 1.40524548442e-06, 1.3193380255e-06, 1.32114746521e-06, 1.18461082366e-06, 1.00502688838e-06, 1.05300352971e-06, 1.02335752672e-06, 1.05599451672e-06, 9.75958982963e-07, 8.27236704026e-07, 7.5267325883e-07, 9.2257266715e-07, 9.42599740483e-07, 9.65439198808e-07, 4.62750278984e-07, 4.40986080985e-10, 2.07963299359e-11, 1.62157474948e-11, 1.47549888974e-11, 1.42648141563e-11, 1.13554339543e-11, 1.05839278314e-11, 1.03489708123e-11, 1.0094620452e-11, 9.83614838884e-12, 9.61651591691e-12, 9.53379042379e-12, 9.46236838884e-12, 9.34265772384e-12, 9.27128339379e-12],
        "min": [5.45134321615e-24, 5.2290090809e-24, 3.12043653771e-24, 1.35169718666e-24, 5.15578385623e-24, 2.27857916801e-24, 1.11246643968e-24, 3.95301197278e-24, 1.92983500308e-24, 1.41190009272e-23, 1.12370758925e-23, 2.3691130659e-23, 2.0344017504e-23, 1.57187414232e-23, 1.96868979477e-23, 3.87764388635e-23, 3.49966970331e-23, 6.4067369972e-24, 4.44385108877e-24, 2.05492207358e-23, 3.4004300548e-23, 2.53299560575e-23, 8.17901478383e-24, 1.48526179032e-23, 7.33389862974e-24, 3.98519355341e-24, 6.66631562236e-24, 1.72834079801e-24, 5.77342841843e-24, 7.62773669516e-24, 1.33980988113e-23, 1.94484915603e-23, 8.61793068061e-24, 1.02473804672e-23, 4.82249951122e-23, 2.10878454956e-23, 3.94363320547e-24, 3.6158504553e-24, 6.20605117734e-24, 5.59447374436e-24, 3.19929107379e-24, 7.60959999409e-24, 2.18761541982e-23, 2.65597255221e-23, 1.03486844069e-23, 1.44864507591e-23, 1.74285690363e-23, 1.04391067993e-23, 1.57345596621e-23, 1.14042560287e-23, 5.93720974742e-24, 4.91398852245e-24, 6.13320460591e-24, 6.16447268561e-24, 1.30466904658e-23, 1.14575719819e-23, 5.71453995186e-24, 7.54961579971e-24, 1.02552525102e-23, 5.03971007378e-24, 8.83566812336e-24, 1.12158492233e-23, 4.32168769455e-24, 1.22509806702e-23, 1.15186432266e-23, 9.23529874706e-24, 9.43246506399e-24, 6.125465486e-24, 5.39393978023e-24, 1.12248319824e-23, 6.67031672487e-24, 4.45398755697e-24, 3.1361423639e-24, 6.80332813983e-24, 1.24792320511e-23, 7.38664265872e-24, 7.76019906292e-24, 5.38531200851e-24, 1.37877282564e-23, 1.47426459599e-23, 9.99524632238e-24, 9.29703736809e-24, 9.3085689368e-24, 1.26012672554e-23, 1.18557195471e-23, 7.8891218118e-24, 9.8400537165e-24, 1.2740105197e-23, 7.41430564409e-24, 1.06259350941e-23, 2.02491175371e-23, 8.71483750965e-24, 1.06363251811e-23, 1.30912224528e-23, 4.8262841503e-24, 1.45255435502e-23, 1.31777178956e-23, 1.00101542158e-23, 6.376084229e-24, 9.82453603363e-24, 1.33173604753e-23, 2.1813815254e-23, 1.17272409269e-23, 1.63586480346e-23, 1.08254253952e-23, 1.15043498558e-23, 8.91308141058e-24, 6.79763177523e-24, 8.22930782198e-24, 8.00150688066e-24, 1.36393166988e-23, 1.76890272414e-23, 1.72542986183e-23, 1.27786079201e-23, 8.51146759056e-24, 7.66071423644e-24, 8.114291902e-24, 1.12578734215e-23, 1.02923510608e-23, 1.33884668196e-23, 1.05923517076e-23, 5.99980309924e-24, 5.57833167809e-24, 7.58742116974e-24, 1.0974181685e-23, 9.24546637527e-24, 1.21882701726e-23, 6.53868029448e-24],
        "stdev": [0.000155105837621, 0.000418372364948, 0.00156720401719, 0.00549952453002, 0.00819189567119, 0.00675477925688, 0.00303252250887, 0.00185499910731, 0.00228804396465, 0.00241334177554, 0.00072163779987, 0.000177395806531, 0.000175753535586, 0.000340295169735, 0.000300899147987, 0.000168986385688, 0.000267978291959, 0.000786476302892, 0.00132336933166, 0.0010104982648, 0.000322392064845, 0.000225288662477, 9.14990378078e-05, 0.000206598895602, 0.00031075856532, 0.000181556548341, 0.000163101824, 0.000136869610287, 0.000206213910133, 0.000687248888426, 0.000440479023382, 0.000815413019154, 0.00084219587734, 5.12810547662e-05, 0.000132656525238, 5.67513015994e-05, 1.97805857169e-05, 4.48871578556e-05, 0.000246695795795, 6.02322834311e-05, 3.10611067107e-05, 1.43250272231e-05, 1.25077167468e-05, 1.4210210793e-05, 4.53100874438e-05, 5.67742899875e-05, 5.64349138585e-05, 0.000232753634918, 0.000236502368352, 2.46350464295e-05, 9.02184910956e-06, 2.45659084612e-05, 4.35780893895e-05, 2.59178395936e-05, 1.95042121049e-05, 8.65882884682e-06, 9.08521542442e-06, 2.73862588074e-05, 1.33519761221e-05, 8.28787742648e-05, 1.56848182087e-05, 1.2781397345e-05, 1.16011497084e-05, 9.53798189585e-06, 1.22492883747e-05, 9.19435478863e-06, 9.55707946559e-06, 7.18345927453e-06, 9.79389551503e-06, 7.00440341461e-06, 5.58674491913e-06, 6.29921260042e-06, 7.08788229531e-06, 6.31149396213e-06, 8.6233667389e-06, 5.30220768269e-06, 5.69526173422e-06, 4.86861972604e-06, 5.8814039221e-06, 4.88557543576e-06, 4.51225741926e-06, 4.46898184236e-06, 4.42055534222e-06, 4.39766927229e-06, 3.66451808986e-06, 3.84117038266e-06, 3.87855425288e-06, 3.9283240767e-06, 4.00623457608e-06, 3.62183959624e-06, 3.94753215005e-06, 3.69831673197e-06, 3.33927005158e-06, 3.25953919855e-06, 3.6002759316e-06, 3.05449748339e-06, 3.00552051158e-06, 3.45763874066e-06, 3.56037276106e-06, 3.4027723359e-06, 3.38437962455e-06, 3.15046190735e-06, 2.66426559392e-06, 2.80166545963e-06, 2.76360469798e-06, 3.09607389681e-06, 3.13114219352e-06, 2.73980276688e-06, 2.54957399193e-06, 3.19185119224e-06, 3.26805570694e-06, 3.58371926268e-06, 1.71729971044e-06, 1.7541588182e-09, 2.17503709488e-10, 1.86721776929e-10, 1.79611006623e-10, 1.73902892087e-10, 1.62443183904e-10, 1.57124160904e-10, 1.53996426722e-10, 1.49394108195e-10, 1.45284922981e-10, 1.41897202321e-10, 1.40578215735e-10, 1.39353875661e-10, 1.37038630443e-10, 1.36313807464e-10]
    },
    "mfcc": {
        "mean": [-687.155395508, 118.944610596, -28.0029220581, 0.702510178089, -25.9503822327, 1.20174717903, -2.49051856995, 15.8963499069, -0.583872973919, 3.71689176559, -13.5789346695, -6.43672609329, -5.91127443314],
        "cov": [[7989.03369141, -591.938720703, 2234.81420898, 1413.20727539, 1451.26806641, 439.113586426, 414.105377197, -244.203781128, 15.8318481445, -230.010421753, 366.168426514, 5.14943599701, 188.929824829], [-591.938720703, 1685.70483398, -922.013000488, 101.273216248, -185.242218018, 10.8323440552, -400.358337402, -46.8822097778, -236.008285522, 108.905975342, 44.1999206543, 81.0604095459, -118.641601562], [2234.81420898, -922.013000488, 1857.66821289, 641.683654785, 773.305358887, 244.788711548, 436.36831665, -113.519561768, 108.688323975, -156.453521729, 132.575073242, -47.9636611938, 156.970748901], [1413.20727539, 101.273216248, 641.683654785, 575.148681641, 444.704162598, 165.962722778, 80.2809906006, -79.0390014648, -58.7842292786, -37.3835639954, 118.339439392, 12.0300951004, 37.7771072388], [1451.26806641, -185.242218018, 773.305358887, 444.704162598, 513.210632324, 142.421676636, 127.45123291, -104.945526123, 1.43134760857, -78.8090057373, 111.794189453, -6.45461940765, 59.1870689392], [439.113586426, 10.8323440552, 244.788711548, 165.962722778, 142.421676636, 124.074455261, 56.1837539673, -2.9591653347, -5.01303386688, -4.96491336823, 15.2257070541, 6.85762214661, 14.8897428513], [414.105377197, -400.358337402, 436.36831665, 80.2809906006, 127.45123291, 56.1837539673, 236.657943726, 30.9596595764, 66.0135040283, -41.5021820068, 12.277472496, -24.809720993, 61.7368354797], [-244.203781128, -46.8822097778, -113.519561768, -79.0390014648, -104.945526123, -2.9591653347, 30.9596595764, 109.721130371, 36.7971115112, 22.4010486603, -40.2050743103, 3.31655621529, -0.661388814449], [15.8318481445, -236.008285522, 108.688323975, -58.7842292786, 1.43134760857, -5.01303386688, 66.0135040283, 36.7971115112, 93.3500518799, -0.562176048756, -16.4199409485, -10.4900751114, 24.8716831207], [-230.010421753, 108.905975342, -156.453521729, -37.3835639954, -78.8090057373, -4.96491336823, -41.5021820068, 22.4010486603, -0.562176048756, 76.5687332153, 3.80085778236, 14.3362989426, -30.3557453156], [366.168426514, 44.1999206543, 132.575073242, 118.339439392, 111.794189453, 15.2257070541, 12.277472496, -40.2050743103, -16.4199409485, 3.80085778236, 109.292984009, 19.1052532196, -3.12090396881], [5.14943599701, 81.0604095459, -47.9636611938, 12.0300951004, -6.45461940765, 6.85762214661, -24.809720993, 3.31655621529, -10.4900751114, 14.3362989426, 19.1052532196, 50.7657203674, 3.14141964912], [188.929824829, -118.641601562, 156.970748901, 37.7771072388, 59.1870689392, 14.8897428513, 61.7368354797, -0.661388814449, 24.8716831207, -30.3557453156, -3.12090396881, 3.14141964912, 78.795425415]],
        "icov": [[0.000278875464574, 7.68884638092e-05, 7.25678619347e-05, -0.000375901377993, -0.000422843499109, -0.000119718810311, 1.81788000191e-05, -2.6790828997e-05, -0.000216981090489, 0.000278643186903, -0.000243178918026, -5.09445380885e-05, -2.32329475693e-05], [7.68884638092e-05, 0.00185469235294, 0.000955866125878, -0.00138507399242, 0.000549932650756, -0.00155944086146, 0.00151083746459, 0.000223371753236, 0.00138253939804, 6.92348010034e-07, -0.000888435461093, -8.90182491275e-05, -0.000399969285354], [7.25678619347e-05, 0.000955866125878, 0.00334909535013, -0.0017844485119, -0.00179504300468, -0.00141482253093, -0.00231867912225, 0.00202535209246, -0.00175833352841, 0.000922645325772, -5.09909223183e-05, 0.000158513910719, -0.00019954329764], [-0.000375901377993, -0.00138507399242, -0.0017844485119, 0.0106517495587, -0.00672380067408, -0.00145344936755, 0.000429977633758, -0.00419587362558, 0.00702709937468, -0.0038413614966, -0.00107399164699, 0.000902870902792, -0.00155951676425], [-0.000422843499109, 0.000549932650756, -0.00179504300468, -0.00672380067408, 0.0155556956306, -0.00416254345328, 0.00191318138968, 0.00596810784191, -0.0054605267942, 0.00612062774599, -0.00385435647331, 0.000729102117475, 0.000194344916963], [-0.000119718810311, -0.00155944086146, -0.00141482253093, -0.00145344936755, -0.00416254345328, 0.0188659653068, -0.0038131098263, -0.0029870045837, 0.00189456203952, -0.00476456806064, 0.00649807509035, -0.00406626053154, 0.00196446222253], [1.81788000191e-05, 0.00151083746459, -0.00231867912225, 0.000429977633758, 0.00191318138968, -0.0038131098263, 0.0136567763984, -0.00566953187808, 9.69211323536e-05, 0.00172722712159, -0.0043395110406, 0.00454229256138, -0.00453823246062], [-2.6790828997e-05, 0.000223371753236, 0.00202535209246, -0.00419587362558, 0.00596810784191, -0.0029870045837, -0.00566953187808, 0.0199089609087, -0.00886740442365, 6.1750128225e-05, 0.00374131090939, -0.00374840782024, 0.00218858500011], [-0.000216981090489, 0.00138253939804, -0.00175833352841, 0.00702709937468, -0.0054605267942, 0.00189456203952, 9.69211323536e-05, -0.00886740442365, 0.0258626975119, -0.00773627916351, 0.000436173315393, 0.00183056516107, -0.00487058376893], [0.000278643186903, 6.92348010034e-07, 0.000922645325772, -0.0038413614966, 0.00612062774599, -0.00476456806064, 0.00172722712159, 6.1750128225e-05, -0.00773627916351, 0.02383944951, -0.00499819451943, -0.00279583828524, 0.00582618033513], [-0.000243178918026, -0.000888435461093, -5.09909223183e-05, -0.00107399164699, -0.00385435647331, 0.00649807509035, -0.0043395110406, 0.00374131090939, 0.000436173315393, -0.00499819451943, 0.0181382745504, -0.0076506040059, 0.00392078049481], [-5.09445380885e-05, -8.90182491275e-05, 0.000158513910719, 0.000902870902792, 0.000729102117475, -0.00406626053154, 0.00454229256138, -0.00374840782024, 0.00183056516107, -0.00279583828524, -0.0076506040059, 0.0273795221001, -0.00717968540266], [-2.32329475693e-05, -0.000399969285354, -0.00019954329764, -0.00155951676425, 0.000194344916963, 0.00196446222253, -0.00453823246062, 0.00218858500011, -0.00487058376893, 0.00582618033513, 0.00392078049481, -0.00717968540266, 0.0205701272935]]
    },
    "spectral_contrast_coeffs": {
        "max": [-0.484728902578, -0.62802362442, -0.491211682558, -0.600243806839, -0.661634087563, -0.531441986561],
        "mean": [-0.709223151207, -0.800825178623, -0.689270913601, -0.813055515289, -0.798688530922, -0.712501585484],
        "min": [-0.976226270199, -0.964734852314, -0.960465073586, -0.959158539772, -0.958987116814, -0.958743155003],
        "stdev": [0.0756566524506, 0.0557278878987, 0.0743478238583, 0.0547404624522, 0.0406166911125, 0.0640217363834]
    },
    "spectral_contrast_valleys": {
        "max": [-4.76468610764, -4.89807224274, -6.02611923218, -6.38048744202, -6.20163059235, -7.84929847717],
        "mean": [-7.94851493835, -6.84027481079, -7.31325483322, -7.77207994461, -7.97346305847, -11.473118782],
        "min": [-27.0847206116, -27.1655864716, -27.3285617828, -27.336353302, -27.3372478485, -27.1978149414],
        "stdev": [1.78631675243, 1.2589507103, 1.12871694565, 1.13206279278, 1.2262314558, 1.99173462391]
    }
},
"rhythm": {
    "beats_count": 26,
    "beats_loudness": {
        "max": 0.0760680139065,
        "mean": 0.0308538582176,
        "min": 0.00157229369506,
        "stdev": 0.0255139023066
    },
    "bpm": 127.716339111,
    "bpm_histogram_first_peak_bpm": 129,
    "bpm_histogram_first_peak_weight": 0.470588207245,
    "bpm_histogram_second_peak_bpm": 136,
    "bpm_histogram_second_peak_spread": 0,
    "bpm_histogram_second_peak_weight": 0.119999997318,
    "danceability": 1.00652635098,
    "onset_rate": 1.95934510231,
    "beats_loudness_band_ratio": {
        "max": [0.761796355247, 0.501254796982, 0.775115728378, 0.935061097145, 0.43889978528, 0.0966534391046],
        "mean": [0.317822277546, 0.0937102660537, 0.156003698707, 0.397534370422, 0.0528908111155, 0.0257699601352],
        "min": [0.000613044947386, 0.00119936862029, 0.0228734090924, 0.0172637533396, 0.0099617280066, 0.00142467324622],
        "stdev": [0.309987545013, 0.111949704587, 0.171924814582, 0.358430713415, 0.0819512307644, 0.0270621795207]
    },
    "beats_position": [0.452789098024, 0.917188167572, 1.39319729805, 1.86920630932, 2.34521532059, 2.83283448219, 3.34367346764, 3.85451245308, 4.37696123123, 4.81814050674, 5.25931978226, 5.70049858093, 6.18811798096, 6.66412687302, 7.14013576508, 7.61614513397, 8.08054447174, 8.54494285583, 9.0093421936, 9.47374153137, 9.93814086914, 10.4025392532, 10.866938591, 11.3313379288, 11.807346344, 12.2833557129],
