{
"metadata": {
    "version": {
        "essentia": "2.1-beta5",
        "essentia_git_sha": "Undefined",
        "extractor": "music 2.0"
    },
    "audio_properties": {
        "analysis": {
            "equal_loudness": 0,
            "length": 34.783493042,
            "sample_rate": 44100,
            "start_time": 175.240997314,
            "downmix": "mix"
        },
        "bit_rate": 192000,
        "length": 210.047714233,
        "lossless": 0,
        "number_channels": 2,
        "replay_gain": -5.28013420105,
        "sample_rate": 44100,
        "codec": "mp3",
        "md5_encoded": "b6165283652549136f632ad7fd50f1db"
    },
    "tags": {
        "file_name": "Belarus_We Are The Heroes_Litesound.mp3",
        "encoding": ["Lavf58.29.100"]
    }
},
"lowlevel": {
    "average_loudness": 0.766893744469,
    "barkbands_crest": {
        "max": 25.0381946564,
        "mean": 10.3435268402,
        "min": 2.02067160606,
        "stdev": 5.09735679626
    },
    "barkbands_flatness_db": {
        "max": 0.395536571741,
        "mean": 0.157952412963,
        "min": 0.0542442984879,
        "stdev": 0.063610330224
    },
    "barkbands_kurtosis": {
        "max": 101.301773071,
        "mean": 3.11824941635,
        "min": -1.8748704195,
        "stdev": 8.40498161316
    },
    "barkbands_skewness": {
        "max": 9.30040168762,
        "mean": 1.23555457592,
        "min": -5.36122274399,
        "stdev": 1.32705831528
    },
    "barkbands_spread": {
        "max": 108.764709473,
        "mean": 25.8469219208,
        "min": 0.862663865089,
        "stdev": 16.6881122589
    },
    "dissonance": {
        "max": 0.499980121851,
        "mean": 0.464182287455,
        "min": 0.123172037303,
        "stdev": 0.0440117679536
    },
    "dynamic_complexity": 5.50948143005,
    "erbbands_crest": {
        "max": 29.3513088226,
        "mean": 9.3282585144,
        "min": 2.39530873299,
        "stdev": 5.22318029404
    },
    "erbbands_flatness_db": {
        "max": 0.404216080904,
        "mean": 0.184440001845,
        "min": 0.0592133887112,
        "stdev": 0.081370562315
    },
    "erbbands_kurtosis": {
        "max": 39.0209617615,
        "mean": 0.676864266396,
        "min": -1.80806827545,
        "stdev": 3.0175306797
    },
    "erbbands_skewness": {
        "max": 4.331387043,
        "mean": 0.336471766233,
        "min": -5.90808153152,
        "stdev": 0.885487437248
    },
    "erbbands_spread": {
        "max": 164.072784424,
        "mean": 40.6466941833,
        "min": 3.39577889442,
        "stdev": 27.4232501984
    },
    "hfc": {
        "max": 198.616897583,
        "mean": 25.5311355591,
        "min": 0.0133479740471,
        "stdev": 25.3271160126
    },
    "loudness_ebu128": {
        "integrated": -17.9541378021,
        "loudness_range": 9.30024719238,
        "momentary": {
            "max": -14.4727249146,
            "mean": -20.7041339874,
            "min": -47.5585632324,
            "stdev": 6.33798789978
        },
        "short_term": {
            "max": -15.1181192398,
            "mean": -19.546585083,
            "min": -27.4102497101,
            "stdev": 3.5173869133
        }
    },
    "melbands_crest": {
        "max": 32.9946708679,
        "mean": 15.0085763931,
        "min": 2.46667933464,
        "stdev": 6.75186014175
    },
    "melbands_flatness_db": {
        "max": 0.436205029488,
        "mean": 0.170631662011,
        "min": 0.026810336858,
        "stdev": 0.073796287179
    },
    "melbands_kurtosis": {
        "max": 423.904022217,
        "mean": 14.2555894852,
        "min": -1.82343554497,
        "stdev": 31.8345298767
    },
    "melbands_skewness": {
        "max": 18.2342987061,
        "mean": 2.50264906883,
        "min": -2.41919159889,
        "stdev": 2.16743373871
    },
    "melbands_spread": {
        "max": 235.043731689,
        "mean": 30.4264774323,
        "min": 1.19545853138,
        "stdev": 28.1688690186
    },
    "pitch_salience": {
        "max": 0.84907078743,
        "mean": 0.575603246689,
        "min": 0.10691216588,
        "stdev": 0.153892323375
    },
    "silence_rate_20dB": {
        "max": 1,
        "mean": 1,
        "min": 1,
        "stdev": 0
    },
    "silence_rate_30dB": {
        "max": 1,
        "mean": 0.990660429001,
        "min": 0,
        "stdev": 0.0961882174015
    },
    "silence_rate_60dB": {
        "max": 1,
        "mean": 0.245497003198,
        "min": 0,
        "stdev": 0.430382609367
    },
    "spectral_centroid": {
        "max": 7797.34912109,
        "mean": 1739.72070312,
        "min": 313.538238525,
        "stdev": 735.62890625
    },
    "spectral_complexity": {
        "max": 55,
        "mean": 18.574382782,
        "min": 0,
        "stdev": 13.5298185349
    },
    "spectral_decrease": {
        "max": -4.57657609726e-12,
        "mean": -6.32075103368e-09,
        "min": -3.95582517854e-08,
        "stdev": 7.04436819987e-09
    },
    "spectral_energy": {
        "max": 0.151550248265,
        "mean": 0.0261716917157,
        "min": 1.87511523109e-05,
        "stdev": 0.0280129704624
    },
    "spectral_energyband_high": {
        "max": 0.0218995269388,
        "mean": 0.00147968379315,
        "min": 1.90414013446e-07,
        "stdev": 0.00223104516044
    },
    "spectral_energyband_low": {
        "max": 0.144096061587,
        "mean": 0.0108435852453,
        "min": 2.30874679374e-08,
        "stdev": 0.0210659205914
    },
    "spectral_energyband_middle_high": {
        "max": 0.0481294728816,
        "mean": 0.00628356775269,
        "min": 7.65731613228e-07,
        "stdev": 0.00707221729681
    },
    "spectral_energyband_middle_low": {
        "max": 0.107681639493,
        "mean": 0.00830575916916,
        "min": 2.90787602353e-06,
        "stdev": 0.0111432671547
    },
    "spectral_entropy": {
        "max": 8.78600597382,
        "mean": 7.76668643951,
        "min": 5.17640972137,
        "stdev": 0.571249783039
    },
    "spectral_flux": {
        "max": 0.365109980106,
        "mean": 0.0860269144177,
        "min": 0.00301277427934,
        "stdev": 0.0574676841497
    },
    "spectral_kurtosis": {
        "max": 39.4386367798,
        "mean": 3.30370473862,
        "min": -1.45270633698,
        "stdev": 4.41230154037
    },
    "spectral_rms": {
        "max": 0.0121595188975,
        "mean": 0.00422679679468,
        "min": 0.000135254595079,
        "stdev": 0.00276904064231
    },
    "spectral_rolloff": {
        "max": 13867.3828125,
        "mean": 2340.03930664,
        "min": 64.599609375,
        "stdev": 2293.25683594
    },
    "spectral_skewness": {
        "max": 4.81606435776,
        "mean": 1.30057549477,
        "min": -0.722737669945,
        "stdev": 0.566864788532
    },
    "spectral_spread": {
        "max": 18358560,
        "mean": 5079824,
        "min": 1148712.25,
        "stdev": 2067798.5
    },
    "spectral_strongpeak": {
        "max": 14.4755983353,
        "mean": 1.09642100334,
        "min": 0.00367007707246,
        "stdev": 1.62894690037
    },
    "zerocrossingrate": {
        "max": 0.39453125,
        "mean": 0.0880385115743,
        "min": 0.01123046875,
        "stdev": 0.057063408196
    },
    "barkbands": {
        "max": [0.00460926676169, 0.112284034491, 0.0884615778923, 0.0449384823442, 0.0238998364657, 0.0236522536725, 0.0943685472012, 0.0598467998207, 0.0558741055429, 0.0290122441947, 0.0390633754432, 0.0359772518277, 0.0138000119478, 0.0226745139807, 0.0159836094826, 0.0188590381294, 0.0188569948077, 0.0126816742122, 0.0124901179224, 0.00598503509536, 0.00478460965678, 0.00312812021002, 0.00406132917851, 0.0051752878353, 0.0041207196191, 0.0032128773164, 5.15373130838e-06],
        "mean": [0.000257796287769, 0.00722487131134, 0.00277577131055, 0.00106091762427, 0.00132845155895, 0.000766472017858, 0.000837474595755, 0.00141121202614, 0.00245219841599, 0.00136299594305, 0.000914801494218, 0.000840958207846, 0.000573633122258, 0.000609453010838, 0.00056631892221, 0.000463779317215, 0.000411266606534, 0.0003330874315, 0.000374786090106, 0.000269257434411, 0.000284330541035, 0.000242229027208, 0.000259591732174, 0.000295704405289, 0.000190882463357, 6.34651514702e-05, 4.31439550752e-09],
        "min": [2.54985390441e-11, 8.7532853188e-10, 1.7057674162e-09, 7.60558194202e-09, 1.37750376439e-07, 1.9817828445e-07, 5.97589391305e-08, 7.85952778415e-08, 5.62641062629e-08, 5.08240951547e-08, 1.22511991663e-08, 2.44966056329e-08, 4.50476989045e-09, 4.51509762911e-09, 4.3294061669e-09, 1.91057072385e-08, 4.84218816155e-08, 2.70103424072e-08, 5.54409806952e-09, 4.55793482956e-08, 2.15470663534e-09, 2.06959824278e-10, 1.63046381951e-10, 8.7059970344e-11, 3.08160615081e-11, 4.21557407038e-11, 5.54735528346e-11],
        "stdev": [0.000708094390575, 0.0167063102126, 0.00737946201116, 0.00361350807361, 0.00262694037519, 0.0016701547429, 0.00417576963082, 0.00455440348014, 0.00590056506917, 0.0026630605571, 0.00240599969402, 0.0018980508903, 0.00131090811919, 0.0015555548016, 0.0011176209664, 0.000975148635916, 0.000851190648973, 0.00073071103543, 0.000885761459358, 0.000410228531109, 0.000443983386504, 0.000353955983883, 0.000407767656725, 0.000494379492011, 0.00039449534961, 0.000231887199334, 1.33055308993e-07]
    },
    "erbbands": {
        "max": [3.72543263435, 28.4976100922, 88.9309539795, 137.539306641, 131.184112549, 106.656517029, 97.7635650635, 257.608459473, 1531.1472168, 987.844360352, 1630.45507812, 1042.27197266, 1640.04016113, 1296.50878906, 1988.19128418, 1767.61499023, 713.680175781, 1217.42285156, 994.463928223, 794.379272461, 1279.84228516, 565.15814209, 348.108398438, 1106.73913574, 243.065597534, 282.78302002, 217.176055908, 170.514877319, 106.55644989, 139.14805603, 107.801818848, 111.217102051, 71.9177093506, 46.1243438721, 41.916217804, 18.2086353302, 6.7263674736, 0.164953008294, 0.0046055088751, 0.000381706893677],
        "mean": [0.22681877017, 1.53577136993, 3.37312245369, 3.41750454903, 4.3248925209, 3.93393540382, 5.30664300919, 6.37900257111, 9.36128616333, 15.826965332, 39.2407112122, 45.2324104309, 59.5972328186, 46.5074806213, 34.6378479004, 36.1229782104, 27.3239135742, 32.0303039551, 30.7932548523, 28.1729297638, 25.5767040253, 21.2230987549, 16.7128982544, 23.2966270447, 15.5721416473, 12.6686754227, 11.6918907166, 10.7749652863, 8.55262851715, 8.38996601105, 7.22603988647, 6.67991399765, 4.49692153931, 2.51418066025, 1.13413631916, 0.438949942589, 0.0920647233725, 0.00218387786299, 9.65160434134e-05, 4.11898872699e-05],
        "min": [1.34141259878e-07, 1.55208203978e-06, 1.52223983605e-05, 7.94724037405e-05, 0.000700504111592, 0.00113464833703, 0.00199267175049, 0.00118289049715, 0.00107397371903, 0.00144444708712, 0.00221722992137, 0.0013255989179, 0.00199667946436, 0.00144719099626, 0.000773176026996, 0.000913860858418, 0.000860149797518, 0.000591213407461, 0.00132830359507, 0.000924130028579, 0.00218076375313, 0.00317742698826, 0.00250702654012, 0.00229038554244, 0.000588332186453, 0.00223296205513, 0.00205181865022, 0.00105390837416, 0.000551547389477, 0.000538914464414, 0.000154092296725, 2.3754517315e-05, 1.94900167116e-05, 4.79794334751e-06, 2.4107621357e-06, 1.45599210555e-06, 1.82143509164e-07, 4.80596824559e-08, 2.70087454624e-08, 3.34976384408e-08],
        "stdev": [0.578003048897, 3.67747092247, 8.332654953, 10.6455793381, 11.39341259, 7.75233602524, 10.2974729538, 16.3924465179, 49.2089385986, 55.5470542908, 119.45135498, 90.2652740479, 161.471298218, 101.711700439, 88.2994918823, 85.3665084839, 58.377620697, 81.0758743286, 66.6083450317, 54.3184127808, 52.3611564636, 36.5629425049, 24.7015190125, 76.1983108521, 21.3272094727, 19.429391861, 18.9008369446, 16.6697597504, 12.5286655426, 13.1440515518, 11.3186311722, 11.2824068069, 7.64798688889, 4.75725364685, 2.83363413811, 1.37709522247, 0.397871464491, 0.00931035820395, 0.000288034090772, 4.51194209745e-05]
    },
    "gfcc": {
        "mean": [-40.9032211304, 65.1883850098, -151.699661255, 29.644985199, -79.3676986694, 22.2301902771, -41.9132118225, 9.08035469055, -21.7419471741, -6.04073476791, -15.0839195251, -7.98978042603, -4.64420366287],
        "cov": [[12057.4003906, -642.221801758, 1116.07727051, 1038.32287598, 510.504699707, 1190.03613281, 278.104156494, 805.492431641, -71.3336715698, 538.066101074, -87.6066818237, 146.242004395, -263.565032959], [-642.221801758, 1517.10900879, -259.314056396, -136.589279175, 288.372070312, -154.424865723, 343.69128418, -115.480712891, 183.111297607, -31.7266407013, 200.998703003, -91.2892608643, 128.465133667], [1116.07727051, -259.314056396, 3333.23071289, 1256.72644043, 686.912109375, 690.144836426, -259.582763672, 620.368652344, -353.492401123, 713.019287109, -243.863769531, 505.974975586, -248.585174561], [1038.32287598, -136.589279175, 1256.72644043, 963.622009277, 331.079711914, 381.183502197, -8.80526924133, 288.437805176, -57.6495857239, 264.41897583, -66.5606460571, 197.781234741, -51.9634552002], [510.504699707, 288.372070312, 686.912109375, 331.079711914, 519.229492188, 165.163726807, 102.38344574, 187.845901489, -13.5619821548, 235.832107544, -34.710521698, 140.908325195, -7.40280342102], [1190.03613281, -154.424865723, 690.144836426, 381.183502197, 165.163726807, 567.856750488, 82.3332824707, 252.10005188, -4.55372428894, 146.495269775, -21.1182289124, 62.5879096985, -63.8244590759], [278.104156494, 343.69128418, -259.582763672, -8.80526924133, 102.38344574, 82.3332824707, 411.462524414, 72.4803543091, 114.046279907, -40.7007713318, 65.768913269, -39.109500885, 30.2579135895], [805.492431641, -115.480712891, 620.368652344, 288.437805176, 187.845901489, 252.10005188, 72.4803543091, 323.821807861, -2.03889751434, 171.741577148, -50.1147460938, 112.701812744, -41.6922187805], [-71.3336715698, 183.111297607, -353.492401123, -57.6495857239, -13.5619821548, -4.55372428894, 114.046279907, -2.03889751434, 215.051025391, -40.2438964844, 74.0428314209, -50.1267204285, 68.9240722656], [538.066101074, -31.7266407013, 713.019287109, 264.41897583, 235.832107544, 146.495269775, -40.7007713318, 171.741577148, -40.2438964844, 300.934631348, -24.5660305023, 140.2603302, -43.1539535522], [-87.6066818237, 200.998703003, -243.863769531, -66.5606460571, -34.710521698, -21.1182289124, 65.768913269, -50.1147460938, 74.0428314209, -24.5660305023, 166.922332764, -33.3647155762, 56.2457542419], [146.242004395, -91.2892608643, 505.974975586, 197.781234741, 140.908325195, 62.5879096985, -39.109500885, 112.701812744, -50.1267204285, 140.2603302, -33.3647155762, 176.858398438, -14.5067892075], [-263.565032959, 128.465133667, -248.585174561, -51.9634552002, -7.40280342102, -63.8244590759, 30.2579135895, -41.6922187805, 68.9240722656, -43.1539535522, 56.2457542419, -14.5067892075, 153.325302124]],
        "icov": [[0.000131412962219, -2.10735870496e-05, 0.000198206413188, -0.000139752271934, -8.0143172454e-06, -0.000231362777413, 4.4918670028e-05, -0.000253379519563, 0.000213204621105, -0.000270472140983, 1.71207429958e-05, 2.1198828108e-05, 0.000166840691236], [-2.10735870496e-05, 0.00174597266596, -0.000895153440069, 0.000528953329194, -0.00140904809814, 0.000865807989612, -0.0012313897023, 0.00112025986891, -0.00103858020157, 0.000691325869411, -0.00150914548431, 0.00154402956832, -0.000569988857023], [0.000198206413188, -0.000895153440069, 0.00239670299925, -0.0013460055925, 0.000294361379929, -0.00132717948873, 0.00135110574774, -0.00157470814884, 0.00209169043228, -0.0019857804291, 0.00100329460111, -0.00198198342696, 0.00123248109594], [-0.000139752271934, 0.000528953329194, -0.0013460055925, 0.0026905706618, -0.000728952174541, -9.18731166166e-05, -0.000480449583847, 0.000572874792852, -0.00115082308184, 0.00100257247686, -0.000458483264083, 9.91332781268e-05, -0.000799604109488], [-8.0143172454e-06, -0.00140904809814, 0.000294361379929, -0.000728952174541, 0.00515924720094, -0.000471038190881, -0.000666788662784, -0.000532631122041, 0.000693796377163, -0.00280513800681, 0.00208007101901, -0.00173432822339, -0.000591763411649], [-0.000231362777413, 0.000865807989612, -0.00132717948873, -9.18731166166e-05, -0.000471038190881, 0.00424778787419, -0.00113103387412, -0.000831348123029, -0.00115964259021, 0.00100898416713, -0.00136857829057, 0.00229939329438, -3.85209132219e-05], [4.4918670028e-05, -0.0012313897023, 0.00135110574774, -0.000480449583847, -0.000666788662784, -0.00113103387412, 0.00505312718451, -0.00258074770682, 4.04759884987e-05, 0.000800487119704, -0.000218344983296, -0.000878504652064, 0.00113876757678], [-0.000253379519563, 0.00112025986891, -0.00157470814884, 0.000572874792852, -0.000532631122041, -0.000831348123029, -0.00258074770682, 0.00891553796828, -0.00253527308814, -0.000775918539148, 0.000998180243187, -0.000853354227729, -0.000696877890732], [0.000213204621105, -0.00103858020157, 0.00209169043228, -0.00115082308184, 0.000693796377163, -0.00115964259021, 4.04759884987e-05, -0.00253527308814, 0.00895959045738, -0.00197408907115, -0.000674288719893, -5.20973480889e-05, -0.00124948320445], [-0.000270472140983, 0.000691325869411, -0.0019857804291, 0.00100257247686, -0.00280513800681, 0.00100898416713, 0.000800487119704, -0.000775918539148, -0.00197408907115, 0.0102329328656, -0.00257444870658, -0.00142414064612, 0.000568857823964], [1.71207429958e-05, -0.00150914548431, 0.00100329460111, -0.000458483264083, 0.00208007101901, -0.00136857829057, -0.000218344983296, 0.000998180243187, -0.000674288719893, -0.00257444870658, 0.0099153323099, -0.001416699728, -0.00158246955834], [2.1198828108e-05, 0.00154402956832, -0.00198198342696, 9.91332781268e-05, -0.00173432822339, 0.00229939329438, -0.000878504652064, -0.000853354227729, -5.20973480889e-05, -0.00142414064612, -0.001416699728, 0.0135780302808, -0.00219529657625], [0.000166840691236, -0.000569988857023, 0.00123248109594, -0.000799604109488, -0.000591763411649, -3.85209132219e-05, 0.00113876757678, -0.000696877890732, -0.00124948320445, 0.000568857823964, -0.00158246955834, -0.00219529657625, 0.00964942760766]]
    },
    "melbands": {
        "max": [0.0280323233455, 0.0363155342638, 0.0183574203402, 0.00593521120027, 0.00290131452493, 0.00520266219974, 0.0221701189876, 0.00910731498152, 0.0119822407141, 0.00585258891806, 0.00808470789343, 0.00491767469794, 0.00560626294464, 0.00306198606268, 0.0031303325668, 0.00167133961804, 0.00276858941652, 0.00171459186822, 0.00126150145661, 0.00135844270699, 0.0015358250821, 0.000908021116629, 0.000223185619689, 0.00044718538993, 0.000996393966489, 0.000158075112267, 0.000190919599845, 0.00019473861903, 0.000189801183296, 0.000134770220029, 0.000106580402644, 6.27271147096e-05, 6.5571446612e-05, 7.7668686572e-05, 5.87054164498e-05, 7.2760580224e-05, 7.06526188878e-05, 5.2239294746e-05, 5.01808463014e-05, 3.95813294745e-05],
        "mean": [0.00200306461193, 0.00180582457688, 0.00062385603087, 0.00029846909456, 0.000178738031536, 0.000141441065352, 0.000155073241331, 0.000184745455044, 0.000324540858855, 0.000315836077789, 0.000291239557555, 0.000183843512787, 0.000121908684378, 9.76419614744e-05, 7.61500996305e-05, 5.75473313802e-05, 5.8151777921e-05, 4.8766596592e-05, 4.05189603043e-05, 3.41800223396e-05, 3.00100418826e-05, 2.36957821471e-05, 1.57268641487e-05, 1.57971462613e-05, 1.97056306206e-05, 1.17099334602e-05, 9.63528327702e-06, 8.14234954305e-06, 7.37978007237e-06, 6.8555582402e-06, 5.94735956838e-06, 4.87624674861e-06, 4.50557990916e-06, 4.67225027023e-06, 4.06291792387e-06, 4.2594651859e-06, 3.97659732698e-06, 3.28074634126e-06, 2.62204298451e-06, 1.94025983546e-06],
        "min": [2.56177606905e-10, 1.81897985563e-09, 1.52600758696e-08, 5.15308720139e-08, 8.76392505234e-08, 2.45854803183e-08, 1.33547839454e-08, 1.47434748854e-08, 2.21185612048e-08, 7.16477011053e-09, 9.37536537293e-09, 5.91202642397e-09, 1.83583526159e-09, 3.14634429621e-09, 2.208452754e-09, 9.95960536265e-11, 3.33021138443e-10, 3.18129717014e-10, 1.20748588905e-09, 1.43580680678e-09, 2.64380428661e-09, 3.09581937863e-09, 8.58898452361e-10, 5.28793453469e-10, 4.03330369103e-10, 9.70684435608e-11, 3.3094148949e-11, 1.28647859032e-09, 7.58018925406e-11, 2.6809117426e-11, 9.77325165241e-11, 1.04398659856e-11, 6.23144439695e-13, 2.59391748532e-12, 5.53686924868e-13, 8.58961231136e-13, 1.23852024556e-12, 3.37687885467e-13, 2.22349658759e-13, 2.08698713151e-13],
        "stdev": [0.00479088211432, 0.00397669477388, 0.00169895333238, 0.000632229144685, 0.000327333138557, 0.000343555264408, 0.000792856793851, 0.000592750322539, 0.00095392781077, 0.000687564024702, 0.000797309854534, 0.000419958669227, 0.000311680691084, 0.000209400735912, 0.000186434175703, 0.000133178240503, 0.000164112774655, 0.000117932635476, 7.98943510745e-05, 7.14709458407e-05, 6.6944216087e-05, 4.97167930007e-05, 2.29195884458e-05, 3.20739309245e-05, 7.24754208932e-05, 1.69453669514e-05, 1.47631135405e-05, 1.34835072458e-05, 1.26916484078e-05, 1.1594620446e-05, 9.28185454541e-06, 7.30527790438e-06, 6.95573271514e-06, 7.57918542149e-06, 6.4374894464e-06, 7.28773693481e-06, 6.85835902914e-06, 5.56787472306e-06, 4.84025486003e-06, 3.79586776944e-06]
    },
    "melbands128": {
        "max": [0.00447619520128, 0.031372513622, 0.0443872846663, 0.0501299463212, 0.0459057353437, 0.0416426733136, 0.0352691747248, 0.0175055842847, 0.017216289416, 0.00708928797394, 0.00807911064476, 0.00545936077833, 0.00493112113327, 0.00652192300186, 0.00964212138206, 0.00600118655711, 0.0183586552739, 0.0387334413826, 0.0290412139148, 0.0144903892651, 0.0175343621522, 0.0200924966484, 0.0173396971077, 0.0196014363319, 0.0106398211792, 0.0120070762932, 0.0253042243421, 0.0072403261438, 0.00472944276407, 0.00914828013629, 0.00975718721747, 0.00756339589134, 0.00621394300833, 0.0131819834933, 0.0043743760325, 0.00423593632877, 0.0108426483348, 0.00283026089892, 0.00386795564555, 0.00343506317586, 0.00269192503765, 0.00533340638503, 0.00381281040609, 0.00421466724947, 0.00350824161433, 0.00303756538779, 0.00263715791516, 0.00144167710096, 0.00217745662667, 0.00249405018985, 0.00180457509123, 0.00136031582952, 0.0032098160591, 0.00154180312529, 0.00332440924831, 0.00120406772476, 0.000314615142997, 0.000345808046404, 0.000443885888672, 0.000765075848904, 0.00046418159036, 0.000831974961329, 0.00293765123934, 0.00114224560093, 0.000585642992519, 0.000150774649228, 0.000254723359831, 0.000257799605606, 0.000208955738344, 0.000208103898331, 0.000310191273456, 0.000210165482713, 0.00026923592668, 0.000270652381005, 0.000131685723318, 0.000146274338476, 0.0001688140037, 0.00014985690359, 0.000124911195599, 9.15176351555e-05, 7.18864466762e-05, 7.15723872418e-05, 8.01225105533e-05, 0.000111927038233, 7.77272653067e-05, 0.000120711869386, 0.000102039935882, 5.53127792955e-05, 0.00013755375403, 5.69200419704e-05, 7.29503954062e-05, 9.7067146271e-05, 0.000100337572803, 0.000131329827127, 5.62671084481e-05, 6.31711154711e-05, 5.37368250662e-05, 4.48187383881e-05, 6.71287853038e-05, 5.01911126776e-05, 4.60618648503e-05, 3.74646078853e-05, 4.15498470829e-05, 7.29131497792e-05, 6.71076195431e-05, 3.84500308428e-05, 3.75186136807e-05, 5.42243833479e-05, 4.29796491517e-05, 2.74905814877e-05, 2.69913762168e-05, 4.5290482376e-05, 2.78632433037e-05, 2.7618622056e-08, 2.66029971385e-08, 2.57048178298e-08, 2.48802720648e-08, 2.41351632013e-08, 2.34156338763e-08, 2.28166303629e-08, 2.22519211945e-08, 2.17631761501e-08, 2.13376303293e-08, 2.09879154056e-08, 2.0696344194e-08, 2.04216377142e-08, 2.0261438749e-08, 2.01483238982e-08],
        "mean": [0.000242895883275, 0.00177409313619, 0.00275879423134, 0.00244260649197, 0.00195375503972, 0.00120485469233, 0.000690430519171, 0.000490239704959, 0.00045779204811, 0.000303043896565, 0.000192333391169, 0.000169163482497, 0.000198492532945, 0.000155672008987, 0.000151703468873, 0.000129383624881, 0.000108364722109, 0.000167031234014, 0.000202400609851, 0.000165484874742, 0.00014610720973, 0.000316468853271, 0.000417583214585, 0.000238545297179, 0.00023827291443, 0.000292147306027, 0.000599199964199, 0.000222251066589, 0.000127333769342, 0.000215833948459, 0.000195403044927, 0.00014112079225, 0.000135786875035, 8.94242039067e-05, 8.48733252496e-05, 0.000109352135041, 0.000104301834654, 7.47687299736e-05, 6.08268383075e-05, 5.42103261978e-05, 5.104659067e-05, 7.13421904948e-05, 6.50307702017e-05, 4.8508260079e-05, 4.27450249845e-05, 5.43945207028e-05, 4.88244950247e-05, 3.98236479668e-05, 3.4955002775e-05, 4.20969845436e-05, 3.493010081e-05, 2.49539425567e-05, 2.94224864774e-05, 3.24010579789e-05, 3.22373671224e-05, 2.19677458517e-05, 1.70270905073e-05, 1.8150829419e-05, 1.48011931742e-05, 1.23245145005e-05, 1.42243197843e-05, 1.66828522197e-05, 2.90914522338e-05, 1.66111622093e-05, 1.26285076476e-05, 1.13402038551e-05, 1.18586549434e-05, 1.04045957414e-05, 9.41299003898e-06, 7.79586571298e-06, 8.40414122649e-06, 8.36000162963e-06, 7.2173152148e-06, 7.86695727584e-06, 6.36012282484e-06, 6.96548067936e-06, 7.08088236934e-06, 6.58285307509e-06, 5.77708442506e-06, 5.44300337424e-06, 4.95499261888e-06, 4.59800457975e-06, 4.49044864581e-06, 4.36204982179e-06, 4.5632950787e-06, 5.24283541381e-06, 4.49247863799e-06, 4.06726849178e-06, 4.15192334913e-06, 3.9025139813e-06, 3.95244296669e-06, 4.65412995254e-06, 4.35839001511e-06, 4.07908055422e-06, 3.55331599167e-06, 3.58172997039e-06, 3.27782981913e-06, 2.79681921711e-06, 2.68802841674e-06, 2.56267935583e-06, 2.16107014239e-06, 1.89302625131e-06, 1.55972827542e-06, 1.4148668015e-06, 1.28310591663e-06, 1.09797088044e-06, 1.07300229502e-06, 9.1099701649e-07, 7.05192917394e-07, 5.95312258156e-07, 5.50193249182e-07, 5.50066431515e-07, 2.57085417843e-07, 2.71695221876e-10, 2.49924525519e-11, 2.21411604329e-11, 2.09676043889e-11, 2.02421673173e-11, 1.96167960348e-11, 1.91000409933e-11, 1.86168545857e-11, 1.82055204245e-11, 1.78335072404e-11, 1.75279200876e-11, 1.72880373212e-11, 1.70673700867e-11, 1.69333522898e-11, 1.68332379286e-11],
        "min": [6.66138422634e-13, 2.87752582179e-11, 1.27259730531e-10, 2.55698101581e-10, 2.48520037882e-10, 1.11747044951e-09, 2.85755441531e-09, 5.32452704149e-09, 2.40340121138e-08, 1.48729402127e-08, 2.71489390968e-08, 1.06844861847e-08, 1.31723663088e-08, 2.81854717343e-08, 1.49614969303e-08, 8.11778200216e-09, 3.08813552508e-09, 5.10893016781e-09, 3.83116871561e-09, 4.86527973464e-09, 5.93750471012e-09, 3.00820102161e-09, 1.88017477143e-08, 5.53104495538e-09, 2.53131315908e-09, 2.24423901685e-09, 2.37625075172e-09, 4.93242779953e-09, 2.13450990216e-09, 3.30966076767e-09, 2.66960564765e-09, 9.57428802906e-10, 1.52585188928e-09, 1.84021808902e-09, 1.4732690623e-09, 1.27977617392e-09, 1.2862295673e-09, 1.02631847465e-09, 1.70151753798e-10, 2.97172113306e-11, 5.4410486533e-12, 2.12201471672e-11, 5.52113285646e-11, 2.69852029611e-10, 7.11018299793e-10, 9.92351201212e-11, 5.37697143754e-11, 4.21506475556e-11, 2.18141976704e-10, 6.81687706283e-10, 5.83718295921e-10, 1.01341790515e-09, 9.9920782759e-10, 1.10225018002e-09, 6.20626827708e-10, 8.32237667669e-10, 5.5632259216e-11, 3.72625263978e-11, 1.33272629044e-10, 6.65119792576e-10, 3.34425903636e-10, 1.105899608e-10, 2.25342092208e-10, 1.06296534075e-10, 1.99859837013e-10, 2.40924658695e-11, 1.78883349106e-11, 1.72035320017e-11, 1.43720920581e-11, 6.19139114977e-11, 3.28815891182e-10, 3.47826038805e-11, 2.34967392765e-11, 1.51050890546e-11, 1.95867124603e-11, 1.77882326924e-11, 2.33509999531e-11, 3.04478664503e-12, 3.06423081353e-11, 3.45287752383e-12, 1.43639668302e-12, 9.13900465721e-13, 4.65029219559e-13, 4.12074074949e-13, 2.15804614847e-13, 1.84424497158e-13, 9.57624604614e-13, 5.71876638926e-13, 6.15587984233e-13, 4.94544563721e-13, 4.67536653923e-13, 5.11855640338e-13, 4.18650574277e-13, 3.60437943598e-13, 3.4288956223e-13, 3.07248015008e-13, 2.60601219423e-13, 2.36206345282e-13, 2.15659670569e-13, 2.0577396937e-13, 2.35142092429e-13, 1.37181241301e-13, 1.77177025763e-13, 1.37509469957e-13, 1.99208569562e-13, 2.38111071658e-13, 1.80669728852e-13, 1.91351424181e-13, 1.67710192522e-13, 1.33953232621e-13, 1.64671892116e-13, 1.5847052674e-13, 1.74675202145e-13, 1.71345657931e-13, 1.38751111837e-13, 1.67702738632e-13, 1.53372445495e-13, 1.39408639797e-13, 1.21267362471e-13, 1.74743046096e-13, 1.61839468151e-13, 1.65718553788e-13, 1.18586496417e-13, 1.58004631514e-13, 1.61467912066e-13, 1.67328350069e-13, 1.54925443134e-13, 1.64051267688e-13],
        "stdev": [0.000683475343976, 0.00485773524269, 0.00738626578823, 0.00618394371122, 0.00494549842551, 0.00332224275917, 0.00247102952562, 0.00156606000382, 0.00136322807521, 0.000677197007462, 0.000467291742098, 0.000391577661503, 0.000439793104306, 0.00042347467388, 0.000513022358064, 0.000360011064913, 0.000551291625015, 0.00124340690672, 0.00124397827312, 0.000710973807145, 0.000687845575158, 0.001294788206, 0.00147778156679, 0.000865987269208, 0.000738265633117, 0.000747231242713, 0.00237423810177, 0.000633946096059, 0.000337381206919, 0.00057133968221, 0.000585626577958, 0.000431426888099, 0.000422139768489, 0.000443341967184, 0.000233883823967, 0.00026469794102, 0.000439339579316, 0.000236360749113, 0.00019932219584, 0.000197426881641, 0.000158143651788, 0.000231148835155, 0.000252966739936, 0.000194190259208, 0.000142682882142, 0.000189691505511, 0.000136417918839, 0.000105555838672, 0.000109077438537, 0.000130035143229, 8.91934687388e-05, 6.81754681864e-05, 0.00010569873848, 7.72987332311e-05, 0.000127667590277, 5.75471167394e-05, 3.11408148264e-05, 3.34104406647e-05, 3.03751785395e-05, 2.90689986286e-05, 2.8093558285e-05, 4.95102758578e-05, 0.000164912067703, 6.55826879665e-05, 2.89315248665e-05, 1.8149466996e-05, 2.06765125768e-05, 2.01628026844e-05, 1.68251754076e-05, 1.38880986924e-05, 1.78716527444e-05, 1.55775778694e-05, 1.51050671775e-05, 1.63429940585e-05, 1.17502513604e-05, 1.39197782119e-05, 1.32891636895e-05, 1.19220376291e-05, 9.9998069345e-06, 8.93419110071e-06, 8.46415332489e-06, 7.42756628824e-06, 7.34074910724e-06, 7.79603851697e-06, 7.50564367991e-06, 9.68879976426e-06, 7.96622043708e-06, 6.57093369227e-06, 7.69177495386e-06, 6.72668875268e-06, 7.09442383595e-06, 8.95485754882e-06, 8.32640944282e-06, 8.01397618488e-06, 6.30846216154e-06, 6.55665780869e-06, 5.81216954743e-06, 5.30503939444e-06, 5.22821665072e-06, 5.15626788911e-06, 4.50260131402e-06, 3.89381511923e-06, 3.39526877724e-06, 4.24375002694e-06, 3.72181943931e-06, 3.01196018881e-06, 2.94130541079e-06, 3.14480735142e-06, 2.61655213762e-06, 2.07943344321e-06, 2.24623158829e-06, 2.74882268059e-06, 1.36791732075e-06, 1.57984725302e-09, 6.8959543631e-10, 6.63687271807e-10, 6.42343844781e-10, 6.23104845499e-10, 6.0453242412e-10, 5.89069126811e-10, 5.74482572624e-10, 5.6186927333e-10, 5.50886281037e-10, 5.41852951397e-10, 5.34327304624e-10, 5.27234200742e-10, 5.2309545584e-10, 5.20175291729e-10]
    },
    "mfcc": {
        "mean": [-667.699951172, 85.890625, -14.8982782364, 2.545825243, -7.63203573227, 0.741998791695, -5.15081453323, 4.24381637573, -0.808762073517, 2.34346389771, -7.05732584, -1.33883881569, -5.41077804565],
        "cov": [[12179.8291016, -1073.21154785, 288.24822998, 25.983707428, 276.428619385, 510.235534668, 519.009155273, 475.454345703, 325.156677246, 407.661224365, 378.534698486, 163.706954956, 116.761703491], [-1073.21154785, 1532.11633301, -416.573303223, 112.536102295, -22.0224151611, -1.84484648705, 138.294754028, -75.106262207, 15.6252384186, 76.4545822144, -18.5280017853, 119.536613464, -1.4373973608], [288.24822998, -416.573303223, 2282.44921875, 741.289123535, 875.163330078, 408.234191895, 349.74899292, 157.966690063, 163.162689209, -2.10670471191, 252.247116089, 112.190742493, 365.878997803], [25.983707428, 112.536102295, 741.289123535, 792.141662598, 436.103607178, 169.748504639, 214.016601562, 42.3401145935, 156.144302368, -8.28925895691, 79.107673645, 128.705856323, 146.89944458], [276.428619385, -22.0224151611, 875.163330078, 436.103607178, 654.749816895, 221.444442749, 188.30770874, 21.732963562, 125.191703796, 39.8103713989, 102.010429382, 70.0596542358, 181.491973877], [510.235534668, -1.84484648705, 408.234191895, 169.748504639, 221.444442749, 292.100769043, 169.403259277, 106.592651367, 83.8581542969, 71.8702926636, 100.722587585, 47.4395751953, 82.7474517822], [519.009155273, 138.294754028, 349.74899292, 214.016601562, 188.30770874, 169.403259277, 335.894683838, 115.279685974, 114.579750061, 72.5084686279, 101.897949219, 68.0135192871, 79.98072052], [475.454345703, -75.106262207, 157.966690063, 42.3401145935, 21.732963562, 106.592651367, 115.279685974, 260.196289062, 98.5726394653, 69.5618362427, 89.4714279175, 15.9249429703, 22.0624027252], [325.156677246, 15.6252384186, 163.162689209, 156.144302368, 125.191703796, 83.8581542969, 114.579750061, 98.5726394653, 214.549926758, 70.0430526733, 56.0105781555, 50.0588302612, 48.489440918], [407.661224365, 76.4545822144, -2.10670471191, -8.28925895691, 39.8103713989, 71.8702926636, 72.5084686279, 69.5618362427, 70.0430526733, 150.054199219, 64.4256210327, 31.1276016235, 21.5090713501], [378.534698486, -18.5280017853, 252.247116089, 79.107673645, 102.010429382, 100.722587585, 101.897949219, 89.4714279175, 56.0105781555, 64.4256210327, 168.305755615, 43.3597755432, 63.08436203], [163.706954956, 119.536613464, 112.190742493, 128.705856323, 70.0596542358, 47.4395751953, 68.0135192871, 15.9249429703, 50.0588302612, 31.1276016235, 43.3597755432, 129.760101318, 58.1380348206], [116.761703491, -1.4373973608, 365.878997803, 146.89944458, 181.491973877, 82.7474517822, 79.98072052, 22.0624027252, 48.489440918, 21.5090713501, 63.08436203, 58.1380348206, 171.290878296]],
        "icov": [[0.000114324866445, 0.00012992824486, 7.82775896369e-05, 2.36329451582e-05, -5.58345236641e-05, -9.22741019167e-05, -0.000154198118253, -3.94898634113e-05, 1.69505437952e-05, -0.000168801110703, -7.41164258216e-05, -0.000152071253979, 1.18209864013e-05], [0.00012992824486, 0.0010404640343, 0.000426515209256, -0.000189530124771, -0.000162439187989, -7.25657591829e-05, -0.000739625829738, 0.000274788035313, 0.000307708134642, -0.000575518410187, 7.03978075762e-05, -0.000803691800684, -7.91896964074e-05], [7.82775896369e-05, 0.000426515209256, 0.00148250290658, -0.000391271809349, -0.00115958193783, -0.000455448433058, -0.000396523741074, -0.0004189737665, 0.000466950354166, 0.000734464498237, -0.000748513964936, 8.47684568726e-05, -0.00117060844786], [2.36329451582e-05, -0.000189530124771, -0.000391271809349, 0.00274519971572, -0.00102638953831, 2.14493520616e-05, -0.000503274844959, 2.96985708701e-05, -0.00109421927482, 0.00135431648232, 0.000237410698901, -0.00157647277229, 0.000359422148904], [-5.58345236641e-05, -0.000162439187989, -0.00115958193783, -0.00102638953831, 0.00448226043954, -0.00110771995969, 3.04987315758e-05, 0.00153993547428, -0.000925161875784, -0.000958808115683, 0.000260341097601, 0.00100836029742, -0.00108868966345], [-9.22741019167e-05, -7.25657591829e-05, -0.000455448433058, 2.14493520616e-05, -0.00110771995969, 0.00670876959339, -0.00136993895285, -0.00120686599985, 0.00038570529432, -0.0013184704585, -0.000624971406069, -8.29500277177e-05, 5.93526492594e-05], [-0.000154198118253, -0.000739625829738, -0.000396523741074, -0.000503274844959, 3.04987315758e-05, -0.00136993895285, 0.00586798368022, -0.000994448899291, -0.000923920131754, -0.000205796299269, -0.000705703394488, -9.90040643956e-05, -2.39857581619e-05], [-3.94898634113e-05, 0.000274788035313, -0.0004189737665, 2.96985708701e-05, 0.00153993547428, -0.00120686599985, -0.000994448899291, 0.0066219153814, -0.00215562107041, -0.000959705153946, -0.0017329523107, 0.000845151138492, 0.000543586385902], [1.69505437952e-05, 0.000307708134642, 0.000466950354166, -0.00109421927482, -0.000925161875784, 0.00038570529432, -0.000923920131754, -0.00215562107041, 0.00788532476872, -0.00240030488931, 0.000529701123014, -0.00100195792038, -0.000350791262463], [-0.000168801110703, -0.000575518410187, 0.000734464498237, 0.00135431648232, -0.000958808115683, -0.0013184704585, -0.000205796299269, -0.000959705153946, -0.00240030488931, 0.0114082796499, -0.0026858530473, -0.000818373053335, -0.000233638638747], [-7.41164258216e-05, 7.03978075762e-05, -0.000748513964936, 0.000237410698901, 0.000260341097601, -0.000624971406069, -0.000705703394488, -0.0017329523107, 0.000529701123014, -0.0026858530473, 0.0103206420317, -0.0013988976134, -0.0011137239635], [-0.000152071253979, -0.000803691800684, 8.47684568726e-05, -0.00157647277229, 0.00100836029742, -8.29500277177e-05, -9.90040643956e-05, 0.000845151138492, -0.00100195792038, -0.000818373053335, -0.0013988976134, 0.0119470963255, -0.00297651300207], [1.18209864013e-05, -7.91896964074e-05, -0.00117060844786, 0.000359422148904, -0.00108868966345, 5.93526492594e-05, -2.39857581619e-05, 0.000543586385902, -0.000350791262463, -0.000233638638747, -0.0011137239635, -0.00297651300207, 0.0106366025284]]
    },
    "spectral_contrast_coeffs": {
        "max": [-0.396161794662, -0.339185714722, -0.391406536102, -0.483882546425, -0.503937959671, -0.413482248783],
        "mean": [-0.70464527607, -0.76233625412, -0.762549817562, -0.789541840553, -0.79002815485, -0.742429196835],
        "min": [-0.920238614082, -0.933927357197, -0.922283828259, -0.91491407156, -0.903187692165, -0.881177842617],
        "stdev": [0.0875724330544, 0.101197831333, 0.0946815907955, 0.0728519335389, 0.0546728000045, 0.0623520612717]
    },
    "spectral_contrast_valleys": {
        "max": [-4.96559667587, -4.44921445847, -5.30951786041, -5.66661643982, -5.51943445206, -7.55987787247],
        "mean": [-7.89849233627, -7.20052671432, -7.46418190002, -7.72618579865, -7.71487522125, -10.385008812],
        "min": [-12.2990016937, -10.5397872925, -11.2761974335, -12.6108083725, -12.2722387314, -16.4635696411],
        "stdev": [1.52721393108, 0.983262956142, 1.18943178654, 1.20453929901, 1.15406548977, 1.77600729465]
    }
},
"rhythm": {
    "beats_count": 77,
    "beats_loudness": {
        "max": 0.125842094421,
        "mean": 0.0379037596285,
        "min": 5.31330188096e-05,
        "stdev": 0.0357874035835
    },
    "bpm": 122.739273071,
    "bpm_histogram_first_peak_bpm": 123,
    "bpm_histogram_first_peak_weight": 0.259259223938,
    "bpm_histogram_second_peak_bpm": 140,
    "bpm_histogram_second_peak_spread": 0.357142806053,
    "bpm_histogram_second_peak_weight": 0.118421055377,
    "danceability": 0.920975625515,
    "onset_rate": 3.44876146317,
    "beats_loudness_band_ratio": {
        "max": [0.977243006229, 0.813388168812, 0.920636236668, 0.833541333675, 0.501218020916, 0.788651049137],
        "mean": [0.338540077209, 0.0865714922547, 0.221449941397, 0.199159175158, 0.106583468616, 0.0800474137068],
        "min": [6.53815686746e-06, 0.000742161239032, 0.0023533005733, 0.00154104328249, 0.0011026202701, 0.000439737661509],
        "stdev": [0.355010390282, 0.135277926922, 0.22422324121, 0.222130089998, 0.108227111399, 0.132739245892]
    },
