{
"metadata": {
    "version": {
        "essentia": "2.1-beta5",
        "essentia_git_sha": "Undefined",
        "extractor": "music 2.0"
    },
    "audio_properties": {
        "analysis": {
            "equal_loudness": 0,
            "length": 22.3027439117,
            "sample_rate": 44100,
            "start_time": 162.481628418,
            "downmix": "mix"
        },
        "bit_rate": 192000,
        "length": 184.807632446,
        "lossless": 0,
        "number_channels": 2,
        "replay_gain": -7.90767669678,
        "sample_rate": 48000,
        "codec": "mp3",
        "md5_encoded": "b763232466208ddd08b9381982bf3ce4"
    },
    "tags": {
        "file_name": "Austria_Woki Mit Deim Popo_Trackshittaz.mp3",
        "encoding": ["Lavf58.29.100"]
    }
},
"lowlevel": {
    "average_loudness": 0.973429918289,
    "barkbands_crest": {
        "max": 25.5819759369,
        "mean": 13.7560539246,
        "min": 2.79970622063,
        "stdev": 4.45037555695
    },
    "barkbands_flatness_db": {
        "max": 0.393458276987,
        "mean": 0.160086259246,
        "min": 0.0215044859797,
        "stdev": 0.0798754245043
    },
    "barkbands_kurtosis": {
        "max": 151.211547852,
        "mean": 9.39613723755,
        "min": -1.89758956432,
        "stdev": 11.8324584961
    },
    "barkbands_skewness": {
        "max": 10.3094539642,
        "mean": 2.43815755844,
        "min": -0.084765791893,
        "stdev": 1.29048883915
    },
    "barkbands_spread": {
        "max": 104.866912842,
        "mean": 20.7036628723,
        "min": 0.430961936712,
        "stdev": 15.7917060852
    },
    "dissonance": {
        "max": 0.500000059605,
        "mean": 0.466472387314,
        "min": 0.270983308554,
        "stdev": 0.0307206138968
    },
    "dynamic_complexity": 1.59633553028,
    "erbbands_crest": {
        "max": 31.809009552,
        "mean": 11.0922832489,
        "min": 2.49747300148,
        "stdev": 6.49531173706
    },
    "erbbands_flatness_db": {
        "max": 0.454325407743,
        "mean": 0.169392541051,
        "min": 0.0467961318791,
        "stdev": 0.117233708501
    },
    "erbbands_kurtosis": {
        "max": 70.7679672241,
        "mean": 3.55297088623,
        "min": -1.66687393188,
        "stdev": 8.17651557922
    },
    "erbbands_skewness": {
        "max": 6.52083587646,
        "mean": 1.1027173996,
        "min": -2.33721637726,
        "stdev": 1.28546512127
    },
    "erbbands_spread": {
        "max": 135.631500244,
        "mean": 41.148059845,
        "min": 0.906921446323,
        "stdev": 25.4782714844
    },
    "hfc": {
        "max": 185.147659302,
        "mean": 32.8191375732,
        "min": 0.113031558692,
        "stdev": 20.0836849213
    },
    "loudness_ebu128": {
        "integrated": -13.5078125,
        "loudness_range": 1.44784736633,
        "momentary": {
            "max": -12.3145179749,
            "mean": -13.7661809921,
            "min": -28.1757946014,
            "stdev": 1.80959546566
        },
        "short_term": {
            "max": -13.1249332428,
            "mean": -13.6286783218,
            "min": -15.119931221,
            "stdev": 0.529886007309
        }
    },
    "melbands_crest": {
        "max": 34.7206954956,
        "mean": 18.7277393341,
        "min": 4.53401136398,
        "stdev": 5.92120218277
    },
    "melbands_flatness_db": {
        "max": 0.375516474247,
        "mean": 0.216170236468,
        "min": 0.0431731976569,
        "stdev": 0.0569570288062
    },
    "melbands_kurtosis": {
        "max": 216.964950562,
        "mean": 25.4742279053,
        "min": 0.509034395218,
        "stdev": 27.5027713776
    },
    "melbands_skewness": {
        "max": 12.4876413345,
        "mean": 3.63428759575,
        "min": 0.0811468064785,
        "stdev": 1.88946509361
    },
    "melbands_spread": {
        "max": 97.0741653442,
        "mean": 15.4984827042,
        "min": 0.756564855576,
        "stdev": 12.4811763763
    },
    "pitch_salience": {
        "max": 0.877316713333,
        "mean": 0.49550139904,
        "min": 0.14466381073,
        "stdev": 0.137530222535
    },
    "silence_rate_20dB": {
        "max": 1,
        "mean": 1,
        "min": 1,
        "stdev": 0
    },
    "silence_rate_30dB": {
        "max": 1,
        "mean": 0.994802474976,
        "min": 0,
        "stdev": 0.0719063356519
    },
    "silence_rate_60dB": {
        "max": 1,
        "mean": 0.0239085238427,
        "min": 0,
        "stdev": 0.152764692903
    },
    "spectral_centroid": {
        "max": 4334.88867188,
        "mean": 1337.19226074,
        "min": 495.920166016,
        "stdev": 480.580383301
    },
    "spectral_complexity": {
        "max": 51,
        "mean": 20.4438667297,
        "min": 0,
        "stdev": 9.10811901093
    },
    "spectral_decrease": {
        "max": -2.94236128517e-11,
        "mean": -1.23509114047e-08,
        "min": -3.19857207387e-08,
        "stdev": 6.6423835321e-09
    },
    "spectral_energy": {
        "max": 0.129122421145,
        "mean": 0.0495920367539,
        "min": 0.000121303834021,
        "stdev": 0.025806074962
    },
    "spectral_energyband_high": {
        "max": 0.0244885403663,
        "mean": 0.00176109059248,
        "min": 5.53040933937e-07,
        "stdev": 0.00225766096264
    },
    "spectral_energyband_low": {
        "max": 0.105809628963,
        "mean": 0.0259268991649,
        "min": 1.94213036764e-08,
        "stdev": 0.0234010200948
    },
    "spectral_energyband_middle_high": {
        "max": 0.0477527938783,
        "mean": 0.00876174215227,
        "min": 7.03949626768e-05,
        "stdev": 0.00761982379481
    },
    "spectral_energyband_middle_low": {
        "max": 0.108452007174,
        "mean": 0.014328754507,
        "min": 5.82799075346e-05,
        "stdev": 0.013823944144
    },
    "spectral_entropy": {
        "max": 8.75098991394,
        "mean": 7.75594377518,
        "min": 6.10771560669,
        "stdev": 0.480593472719
    },
    "spectral_flux": {
        "max": 0.332706481218,
        "mean": 0.120126314461,
        "min": 0.0134139796719,
        "stdev": 0.0550114773214
    },
    "spectral_kurtosis": {
        "max": 23.5344142914,
        "mean": 3.5910282135,
        "min": -0.701045274734,
        "stdev": 3.33050656319
    },
    "spectral_rms": {
        "max": 0.011223773472,
        "mean": 0.00665652332827,
        "min": 0.000344013387803,
        "stdev": 0.0020182011649
    },
    "spectral_rolloff": {
        "max": 10465.1367188,
        "mean": 1056.8046875,
        "min": 64.599609375,
        "stdev": 1097.58569336
    },
    "spectral_skewness": {
        "max": 3.86841773987,
        "mean": 1.50297355652,
        "min": 0.224742487073,
        "stdev": 0.438279539347
    },
    "spectral_spread": {
        "max": 12136442,
        "mean": 5655803.5,
        "min": 1909609.875,
        "stdev": 1963405.375
    },
    "spectral_strongpeak": {
        "max": 8.37200737,
        "mean": 1.28204333782,
        "min": 0,
        "stdev": 1.46092867851
    },
    "zerocrossingrate": {
        "max": 0.20947265625,
        "mean": 0.0588546395302,
        "min": 0.0068359375,
        "stdev": 0.0251041334122
    },
    "barkbands": {
        "max": [0.0174952428788, 0.0875969976187, 0.0619337782264, 0.0532247573137, 0.0558481551707, 0.0529536418617, 0.00860413629562, 0.0395314842463, 0.0460393093526, 0.0462248772383, 0.0246461201459, 0.00701380288228, 0.0143161052838, 0.00858131516725, 0.00791621953249, 0.00407680170611, 0.00509548326954, 0.00562313385308, 0.00336338672787, 0.00219867681153, 0.0028210002929, 0.00609217956662, 0.010145585984, 0.00674901017919, 0.00346663570963, 0.00182276917621, 7.81992421253e-05],
        "mean": [0.00178292079363, 0.0203716643155, 0.00287901330739, 0.00203488417901, 0.00225869030692, 0.00319405924529, 0.000552834302653, 0.00189516448881, 0.00376109266654, 0.00338688958436, 0.00226753228344, 0.000494226987939, 0.00059305789182, 0.000460050243419, 0.000441908283392, 0.000369769491954, 0.000325980829075, 0.000426857848652, 0.000254079437582, 0.000191681698197, 0.000252242520219, 0.000391264475184, 0.000321060506394, 0.000312015938107, 0.000215567983105, 0.00015204086958, 5.416951808e-06],
        "min": [3.542691418e-10, 2.46902542855e-09, 1.99734873085e-09, 1.28750610173e-08, 2.84029454178e-07, 1.0195235518e-06, 1.81624170636e-06, 1.09594452624e-06, 7.11206985216e-06, 6.76123227095e-06, 8.02345402917e-06, 1.75316654349e-06, 7.04248896e-06, 3.04679906549e-06, 2.61307695837e-06, 6.85482802965e-07, 8.51259528645e-07, 2.47276062737e-07, 1.39745850447e-07, 1.62548914773e-07, 1.32457259383e-07, 5.77928283008e-08, 1.46155826997e-07, 4.77872177385e-08, 2.75000306971e-08, 1.62478985821e-09, 2.70182955869e-11],
        "stdev": [0.00312660401687, 0.0201308354735, 0.00557490531355, 0.00536697916687, 0.00470457784832, 0.00589776225388, 0.000899466162082, 0.00390809727833, 0.00567213445902, 0.00583948893473, 0.00403290288523, 0.000731284089852, 0.000978778931312, 0.000834198959637, 0.000891684554517, 0.000450824387372, 0.000534193066414, 0.000548131240066, 0.000313165510306, 0.000236910476815, 0.000312597840093, 0.000532992125954, 0.000640556798317, 0.000514576560818, 0.000304288463667, 0.000182174990186, 8.6046047727e-06]
    },
    "erbbands": {
        "max": [4.60680818558, 22.7442741394, 61.1414756775, 119.963241577, 191.984069824, 158.99005127, 410.86541748, 332.275390625, 128.928512573, 256.624237061, 1257.71936035, 1245.27368164, 867.21875, 1642.27734375, 1169.28723145, 225.51385498, 797.010803223, 516.010681152, 309.238555908, 529.735168457, 159.037811279, 336.056762695, 270.190551758, 218.075759888, 100.381713867, 78.6769180298, 111.003555298, 125.503051758, 190.623199463, 333.313446045, 268.878295898, 168.36126709, 93.7671508789, 36.6731681824, 25.9867744446, 10.3780031204, 3.53557634354, 0.533701956272, 0.0101274587214, 0.000471143022878],
        "mean": [0.666719257832, 4.16382169724, 4.46428823471, 5.39332199097, 6.01737117767, 7.11612319946, 26.7700099945, 18.9900074005, 8.39043045044, 14.4132633209, 60.4597549438, 82.6538314819, 75.0518875122, 142.601806641, 64.9839096069, 20.2365264893, 26.2757282257, 28.1797294617, 20.588716507, 23.3433532715, 18.0469722748, 18.8857326508, 22.8536968231, 18.1457576752, 10.2651815414, 9.21555042267, 8.44433307648, 12.3451051712, 13.925863266, 11.3944339752, 9.27942085266, 7.22167539597, 4.60588312149, 2.59851932526, 1.42479217052, 0.692169129848, 0.280712515116, 0.0403264351189, 0.00105132453609, 9.63711136137e-05],
        "min": [2.76056795201e-07, 1.397003075e-06, 4.02498108087e-06, 4.40072253696e-05, 0.000396449991968, 0.00118572206702, 0.00317079923116, 0.0104700075462, 0.0200193282217, 0.0308674126863, 0.0520408675075, 0.182637900114, 0.216651797295, 0.444423556328, 0.261702626944, 0.0984394699335, 0.274780124426, 0.248333603144, 0.209255293012, 0.133030161262, 0.0329246744514, 0.0437315553427, 0.0170540325344, 0.0104781854898, 0.00477780494839, 0.00613026600331, 0.0083325272426, 0.00382049009204, 0.00199514394626, 0.00485385255888, 0.00352520798333, 0.000998269882984, 0.000913597468752, 0.000352796283551, 0.000150572537677, 3.97108015022e-05, 3.43218698617e-06, 6.34681498468e-07, 2.14741618265e-07, 1.58611086931e-07],
        "stdev": [0.789071083069, 4.32930183411, 6.64744234085, 12.4694252014, 17.1180763245, 14.7638034821, 51.3374481201, 33.2757377625, 12.5020465851, 25.278591156, 122.459503174, 125.634529114, 106.359840393, 238.754135132, 109.674797058, 21.9005355835, 43.7154121399, 46.7363853455, 34.2096939087, 41.6131362915, 21.2187461853, 30.9763050079, 28.6094493866, 22.2383003235, 12.3842229843, 11.276925087, 10.5918140411, 15.5212497711, 18.6369667053, 19.449508667, 18.6238613129, 13.0984220505, 7.06957769394, 3.60512566566, 2.03760743141, 0.890394687653, 0.333821505308, 0.0515519529581, 0.00129799719434, 6.27811241429e-05]
    },
    "gfcc": {
        "mean": [24.1543941498, 60.2576828003, -126.393127441, 17.0461387634, -70.6792678833, 24.2769489288, -26.5043087006, 17.7313079834, -16.3662338257, -0.650337696075, -16.9602832794, 4.74586057663, -8.43539714813],
        "cov": [[7282.75341797, -128.367828369, 5070.98339844, 2319.64648438, 1726.79174805, 625.048583984, -737.668518066, 617.565185547, -221.390106201, 1454.29602051, -249.192230225, 871.618408203, -614.463378906], [-128.367828369, 420.29385376, 226.801086426, 116.975791931, 53.7937965393, -13.0226602554, -12.1017532349, 7.09936857224, 47.6474533081, 20.0015773773, 28.2868537903, -8.17155456543, 4.07881832123], [5070.98339844, 226.801086426, 4858.16308594, 2146.41503906, 1580.72094727, 620.561096191, -573.192077637, 522.032958984, -157.024871826, 1280.95959473, -167.053466797, 771.223510742, -466.472717285], [2319.64648438, 116.975791931, 2146.41503906, 1135.6171875, 723.788146973, 296.431030273, -313.886413574, 189.695495605, -61.8632774353, 593.625915527, -49.6273994446, 347.888702393, -203.699295044], [1726.79174805, 53.7937965393, 1580.72094727, 723.788146973, 667.674194336, 226.642837524, -218.165740967, 158.331680298, -37.3230514526, 464.033325195, -50.9069404602, 255.769866943, -152.195739746], [625.048583984, -13.0226602554, 620.561096191, 296.431030273, 226.642837524, 185.331329346, -2.44586133957, 83.7822952271, -19.9305934906, 178.362365723, -15.9545650482, 94.9599685669, -61.0810890198], [-737.668518066, -12.1017532349, -573.192077637, -313.886413574, -218.165740967, -2.44586133957, 261.78717041, 22.9382953644, 36.2960777283, -180.363388062, 22.3656806946, -101.040596008, 55.5392684937], [617.565185547, 7.09936857224, 522.032958984, 189.695495605, 158.331680298, 83.7822952271, 22.9382953644, 182.553833008, 30.4430351257, 140.017349243, -25.8810577393, 86.1160202026, -67.4125442505], [-221.390106201, 47.6474533081, -157.024871826, -61.8632774353, -37.3230514526, -19.9305934906, 36.2960777283, 30.4430351257, 97.2369003296, -10.9891996384, 19.6557884216, -22.8541755676, 20.6476821899], [1454.29602051, 20.0015773773, 1280.95959473, 593.625915527, 464.033325195, 178.362365723, -180.363388062, 140.017349243, -10.9891996384, 431.652648926, -27.0601119995, 215.129989624, -128.367279053], [-249.192230225, 28.2868537903, -167.053466797, -49.6273994446, -50.9069404602, -15.9545650482, 22.3656806946, -25.8810577393, 19.6557884216, -27.0601119995, 70.6946182251, 2.17915701866, 32.681728363], [871.618408203, -8.17155456543, 771.223510742, 347.888702393, 255.769866943, 94.9599685669, -101.040596008, 86.1160202026, -22.8541755676, 215.129989624, 2.17915701866, 198.429046631, -45.4610176086], [-614.463378906, 4.07881832123, -466.472717285, -203.699295044, -152.195739746, -61.0810890198, 55.5392684937, -67.4125442505, 20.6476821899, -128.367279053, 32.681728363, -45.4610176086, 121.062347412]],
        "icov": [[0.00091575057013, 0.000223461393034, 0.000139387324452, -0.00054656737484, -0.000150156804011, 0.000359419616871, 0.000478065747302, -0.001169781317, 0.00111865974031, -0.00103806750849, 0.00122022710275, -0.00129143777303, 0.00127388117835], [0.000223461393034, 0.00437114527449, -0.00205100257881, -0.000725852907635, -0.00042606468196, 0.00247728195973, -0.0010310212383, 0.00120947742835, -0.00305710569955, 0.00230366876349, -0.00318679912016, 0.00369798555039, -0.00106345734093], [0.000139387324452, -0.00205100257881, 0.00433490145952, -0.00262912339531, -0.00133746291976, -0.000565128575545, 0.000106246297946, -0.0030034321826, 0.00412186887115, -0.00359304621816, 0.00423486437649, -0.00482450937852, 0.00190039002337], [-0.00054656737484, -0.000725852907635, -0.00262912339531, 0.0079813124612, 0.000523985421751, -0.00483611272648, 0.00365491467528, 0.00158833200112, -0.00196144613437, 0.000680202210788, -0.00271399714984, 0.000459097209387, -6.35371834505e-05], [-0.000150156804011, -0.00042606468196, -0.00133746291976, 0.000523985421751, 0.00848962925375, -0.00339436484501, 0.00210933852941, 0.000424828438554, -0.000860401196405, -0.00309648178518, 0.000880504900124, -0.000324497726979, -0.000286554859485], [0.000359419616871, 0.00247728195973, -0.000565128575545, -0.00483611272648, -0.00339436484501, 0.0195842646062, -0.0105836931616, 0.00198568659835, 0.00179078499787, -0.00348070426844, -0.000180123970495, 0.00187696295325, -0.000241706657107], [0.000478065747302, -0.0010310212383, 0.000106246297946, 0.00365491467528, 0.00210933852941, -0.0105836931616, 0.0150953270495, -0.00846798717976, 0.00107101199683, 0.00331456307322, -0.00247994624078, 0.00109638040885, -0.000895244302228], [-0.001169781317, 0.00120947742835, -0.0030034321826, 0.00158833200112, 0.000424828438554, 0.00198568659835, -0.00846798717976, 0.0194133296609, -0.0109532186761, 0.00150837516412, 0.00207410985604, -0.00229963310994, 0.00339668011293], [0.00111865974031, -0.00305710569955, 0.00412186887115, -0.00196144613437, -0.000860401196405, 0.00179078499787, 0.00107101199683, -0.0109532186761, 0.0219439957291, -0.00852330774069, 0.000324035674566, -0.000653650786262, -0.00151910935529], [-0.00103806750849, 0.00230366876349, -0.00359304621816, 0.000680202210788, -0.00309648178518, -0.00348070426844, 0.00331456307322, 0.00150837516412, -0.00852330774069, 0.0195017121732, -0.00647826120257, 0.00213371380232, 0.000306093279505], [0.00122022710275, -0.00318679912016, 0.00423486437649, -0.00271399714984, 0.000880504900124, -0.000180123970495, -0.00247994624078, 0.00207410985604, 0.000324035674566, -0.00647826120257, 0.026733905077, -0.0131108909845, 0.00229570106603], [-0.00129143777303, 0.00369798555039, -0.00482450937852, 0.000459097209387, -0.000324497726979, 0.00187696295325, 0.00109638040885, -0.00229963310994, -0.000653650786262, 0.00213371380232, -0.0131108909845, 0.0252744480968, -0.0103366663679], [0.00127388117835, -0.00106345734093, 0.00190039002337, -6.35371834505e-05, -0.000286554859485, -0.000241706657107, -0.000895244302228, 0.00339668011293, -0.00151910935529, 0.000306093279505, 0.00229570106603, -0.0103366663679, 0.0198795758188]]
    },
    "melbands": {
        "max": [0.0314960367978, 0.0230842195451, 0.0199338421226, 0.0128220645711, 0.0107888877392, 0.00677893077955, 0.0018458541017, 0.00343823246658, 0.0122737530619, 0.00679185427725, 0.0042424746789, 0.00698453234509, 0.00345945823938, 0.00126497028396, 0.000868589209858, 0.00146938918624, 0.00108949874993, 0.00067503756145, 0.000707203347702, 0.000438339397078, 0.000201113914954, 0.000407932966482, 0.000464191369247, 0.000202360679395, 0.000210026177228, 9.4715054729e-05, 7.43562559364e-05, 5.55956430617e-05, 5.57621460757e-05, 9.4812043244e-05, 8.34576567286e-05, 0.000118184107123, 0.000125266757095, 0.000210813770536, 0.000174081607838, 9.96098460746e-05, 0.000103589700302, 8.5473555373e-05, 3.68485016224e-05, 3.0571831303e-05],
        "mean": [0.00596005329862, 0.00339782587253, 0.0009498775471, 0.000423259683885, 0.000797695131041, 0.000462228053948, 0.000122058110719, 0.000181833645911, 0.000560587330256, 0.000515729770996, 0.000364196079317, 0.000581729516853, 0.000258587708231, 7.41750045563e-05, 4.47864040325e-05, 6.36919285171e-05, 5.00611095049e-05, 3.00803694699e-05, 3.50997579517e-05, 3.06264264509e-05, 1.85187891475e-05, 1.91628860193e-05, 2.10459620575e-05, 1.94646654563e-05, 1.4504777937e-05, 8.12173220766e-06, 5.94771927354e-06, 6.26764949629e-06, 5.12240785611e-06, 5.49893002244e-06, 7.90078956925e-06, 8.29388682178e-06, 6.85477289153e-06, 5.96404606767e-06, 5.59271393286e-06, 4.42778355136e-06, 4.48585115009e-06, 3.46298065779e-06, 2.50625771514e-06, 2.08037567972e-06],
        "min": [8.90648943486e-10, 2.5809023807e-09, 2.80209917491e-08, 5.41822338107e-08, 1.00598626318e-07, 2.28024418902e-07, 3.31667052933e-07, 3.12248204182e-07, 4.81940503505e-07, 1.10829137157e-06, 8.9540941417e-07, 1.25059432321e-06, 1.19617482142e-06, 1.75954610881e-07, 3.87197076179e-07, 4.82986081352e-07, 3.82079122119e-07, 2.98410981259e-07, 1.95619534793e-07, 8.77128414345e-08, 3.02126608176e-08, 5.68550966307e-08, 1.58159121355e-08, 1.21591856583e-08, 8.67231797486e-09, 2.75493206026e-09, 3.3552203238e-09, 4.48828174626e-09, 7.02524260987e-09, 2.8913447192e-09, 1.8509630495e-09, 9.60523771631e-10, 1.38047351328e-09, 3.22358428839e-09, 2.01732053284e-09, 1.03680830588e-09, 5.11297115757e-10, 7.41120054215e-10, 4.6785003649e-10, 2.43634751262e-10],
        "stdev": [0.0061610089615, 0.00374258845113, 0.00217674160376, 0.00104653963353, 0.00141930032987, 0.000806019175798, 0.000187732410268, 0.000345726060914, 0.00113864452578, 0.000764767173678, 0.000553047168069, 0.000999258016236, 0.000448848673841, 0.000114197733637, 6.45376567263e-05, 0.000107769548777, 9.28563531488e-05, 5.45978764421e-05, 7.80881600804e-05, 4.25896287197e-05, 2.35244133364e-05, 3.54572512151e-05, 3.22543273796e-05, 2.52829395322e-05, 1.94585682038e-05, 1.0279181879e-05, 8.09781340649e-06, 7.95668802311e-06, 6.54713949189e-06, 7.17958755558e-06, 1.04759183159e-05, 1.13216174213e-05, 1.00181468952e-05, 1.15580405691e-05, 1.16193486974e-05, 8.53374967846e-06, 8.09429184301e-06, 5.69988515053e-06, 3.40955375577e-06, 3.00661963593e-06]
    },
    "melbands128": {
        "max": [0.0171106569469, 0.0459993891418, 0.0431006476283, 0.0445567667484, 0.0303546786308, 0.0286272335798, 0.0292246751487, 0.0260839872062, 0.0216833613813, 0.0132099688053, 0.0102178677917, 0.00791555363685, 0.0175064131618, 0.0224187616259, 0.0119963968173, 0.00590062094852, 0.00332872150466, 0.00249155983329, 0.00291593559086, 0.00488899741322, 0.00633545871824, 0.0114164054394, 0.0226657036692, 0.0184226371348, 0.0150106316432, 0.00888023711741, 0.00862676743418, 0.00539573002607, 0.00781252142042, 0.014153605327, 0.00986012071371, 0.00697866640985, 0.00661839591339, 0.00809975713491, 0.00197842321359, 0.00101697072387, 0.00139879935887, 0.000765917124227, 0.00189067574684, 0.00414137123153, 0.00197495473549, 0.00188371585682, 0.00236237281933, 0.00190175371245, 0.00120863551274, 0.00115364207886, 0.000934354611672, 0.00145438220352, 0.00121476140339, 0.0011681439355, 0.000578858191147, 0.000436217233073, 0.000359554891475, 0.000458896683995, 0.000504507333972, 0.000701778684743, 0.000443507306045, 0.000477114925161, 0.000746737758163, 0.000575836456846, 0.000321002036799, 0.000451856874861, 0.000382797647035, 0.000497210363392, 0.00020956863591, 0.000143325945828, 0.000142934295582, 0.000107384410512, 9.28366207518e-05, 9.8361808341e-05, 0.000112557005195, 0.000120325938042, 7.05680213287e-05, 6.11693831161e-05, 6.42490340397e-05, 0.000152264285134, 8.38142368593e-05, 6.89007065375e-05, 0.000108271618956, 0.000219141482376, 0.000103670696262, 0.00017797446344, 8.98436046555e-05, 0.00014227918291, 0.000187040481251, 0.00022190377058, 0.00019566269475, 0.000256491417531, 0.00017607769405, 0.00020414579194, 0.000121812910947, 7.40358955227e-05, 0.000113870817586, 0.000138742601848, 7.9373436165e-05, 0.000106619911094, 0.000104328712041, 6.11918294453e-05, 3.4268010495e-05, 5.4548465414e-05, 2.83130029857e-05, 2.93065331789e-05, 4.13622474298e-05, 3.20063263644e-05, 3.39306752721e-05, 3.43319370586e-05, 2.9216047551e-05, 1.54068911797e-05, 2.37659915001e-05, 1.59691462613e-05, 1.24294665511e-05, 1.66623522091e-05, 1.28985939227e-05, 1.025961501e-05, 9.18169553188e-06, 6.1717596509e-06, 3.1487581964e-06, 2.02734980803e-07, 3.21643227608e-07, 3.89606015005e-07, 2.72347790542e-07, 2.83911731458e-07, 1.61674620358e-07, 4.21106669535e-08, 4.01470678923e-08, 3.87244618594e-08, 3.77254849582e-08, 3.71331907445e-08],
        "mean": [0.00155498564709, 0.00521928770468, 0.00834264233708, 0.00649749534205, 0.00291535584256, 0.00128828606103, 0.00110830680933, 0.000957452342845, 0.000574620091356, 0.000327975489199, 0.000336892524501, 0.000533585902303, 0.00106493069325, 0.000999902142212, 0.000428827945143, 0.000202077790163, 0.000117970477731, 0.000116975912533, 0.000110679065983, 0.000130522617837, 0.00021280470537, 0.000339613150572, 0.000704462116119, 0.000657275784761, 0.000522181100678, 0.000488468329422, 0.000410269247368, 0.000307695154333, 0.000316335528623, 0.00065005075885, 0.000718059192877, 0.000383277569199, 0.000212915474549, 0.000206320779398, 7.71840277594e-05, 4.45769474027e-05, 4.09262538597e-05, 4.03855374316e-05, 4.88304904138e-05, 6.21041399427e-05, 7.07774815965e-05, 5.93405638938e-05, 5.75042395212e-05, 4.33987988799e-05, 2.47386251431e-05, 2.79478354059e-05, 3.31178707711e-05, 4.39336945419e-05, 3.08381895593e-05, 2.52705067396e-05, 3.83752339985e-05, 2.78280167549e-05, 1.53386354214e-05, 1.60032632266e-05, 1.99166879611e-05, 2.01311249839e-05, 1.73986445589e-05, 1.99071782845e-05, 2.33031460084e-05, 2.23203060159e-05, 1.78315149242e-05, 1.85277403943e-05, 1.90160335478e-05, 1.24139523905e-05, 8.87912756298e-06, 8.2023698269e-06, 7.68788868299e-06, 6.17959449301e-06, 5.36556672159e-06, 5.95101619183e-06, 5.44667955182e-06, 8.12827875052e-06, 5.01655586049e-06, 4.54383507531e-06, 4.77505773233e-06, 5.35706431037e-06, 5.78473600399e-06, 6.4333003138e-06, 8.7554599304e-06, 8.60651562107e-06, 8.7504822659e-06, 8.05980926089e-06, 7.15286205377e-06, 6.31301509202e-06, 7.36527954359e-06, 6.20278160568e-06, 5.40337669008e-06, 5.48631032871e-06, 6.1718537836e-06, 5.20201501786e-06, 4.47694492323e-06, 4.1270895963e-06, 4.45239129476e-06, 4.33986360804e-06, 4.98258896187e-06, 3.81942845706e-06, 3.17454941978e-06, 2.73411819762e-06, 2.523105195e-06, 2.47359548666e-06, 2.08061533158e-06, 1.93839832718e-06, 2.23730512516e-06, 1.71738997778e-06, 1.62826142969e-06, 1.41382156471e-06, 1.32356024096e-06, 1.12125621854e-06, 1.35029063131e-06, 1.04880268736e-06, 1.05830667962e-06, 9.58323312261e-07, 9.46375450894e-07, 8.25545328098e-07, 6.57103100821e-07, 4.93807760904e-07, 1.74833431288e-07, 8.50856185508e-09, 8.93769325216e-09, 9.65960911259e-09, 8.84645245947e-09, 8.30546209585e-09, 4.8246637796e-09, 1.17176351955e-10, 4.75104539044e-11, 4.58813403936e-11, 4.47515913216e-11, 4.40971530125e-11],
        "min": [7.27157986602e-11, 3.37774530568e-10, 1.19669552046e-10, 7.19320158993e-10, 1.09953224303e-09, 9.73709335383e-10, 1.39584144243e-09, 3.91346244299e-09, 1.83292350187e-08, 1.74687606602e-08, 2.63130175426e-08, 4.20285957148e-08, 9.98666660479e-09, 1.68919100929e-07, 1.62160006312e-07, 1.34337511781e-07, 1.21040358181e-07, 1.45390458783e-07, 1.60916428626e-07, 3.69445189108e-07, 2.32247359122e-07, 1.92099818719e-07, 2.40240353833e-07, 8.98876805877e-07, 7.10379765678e-07, 3.0506438975e-07, 6.6452844294e-07, 4.35198671767e-07, 4.88896375828e-07, 6.31949092167e-07, 1.28266640331e-06, 5.0544070973e-07, 2.19760494247e-07, 1.67480465052e-07, 1.18936206661e-07, 1.34773856075e-07, 1.41092684203e-07, 3.08793318027e-07, 4.67935763027e-07, 3.60124886356e-07, 3.20374766716e-07, 2.77685785477e-07, 2.1307539555e-07, 1.01497541038e-07, 1.06069535377e-07, 1.92867190663e-07, 7.93031915691e-08, 1.5250601848e-07, 8.85665087935e-08, 1.0988318877e-07, 9.10542468091e-08, 3.4098203372e-08, 2.98528912701e-09, 3.01315203899e-08, 8.45826022555e-08, 6.70115056778e-08, 3.12632089106e-08, 1.12016476095e-08, 1.07870157251e-08, 2.26191687602e-08, 9.82966152918e-09, 8.1381736905e-09, 9.40768263291e-09, 1.11925722024e-08, 3.0648912297e-09, 7.96819998872e-10, 3.56441565152e-09, 4.54044091214e-09, 3.33079497317e-09, 1.6135842662e-09, 2.69878275283e-09, 5.91151438911e-09, 1.15437437387e-08, 7.37430783104e-09, 1.96498439742e-09, 2.36353581151e-09, 4.31570068571e-09, 1.5227581418e-09, 1.98758587366e-09, 1.42664291491e-09, 7.6862727294e-10, 9.15268416612e-10, 9.41562383616e-10, 1.30944421972e-09, 1.12458542478e-09, 5.29248378456e-09, 2.91301249788e-09, 1.09590847508e-09, 1.85005188946e-09, 3.48100193115e-09, 1.07554143369e-09, 4.96736485278e-10, 3.68715946664e-10, 2.64052196775e-10, 8.75822026014e-10, 8.56749338141e-10, 6.65271837619e-10, 5.53590617791e-10, 5.61845514557e-10, 4.32240881976e-10, 1.27061139388e-10, 2.15321441233e-10, 3.17503440206e-10, 6.11668354855e-11, 5.13711989614e-11, 1.73832077205e-11, 8.23577924608e-12, 1.17443793406e-12, 1.91805772654e-11, 1.46554982234e-13, 3.60508064373e-13, 2.00762421011e-13, 1.22572132023e-13, 9.97085240436e-14, 6.44610775348e-14, 7.40892671649e-14, 1.17368788299e-13, 8.02178486939e-14, 8.29939822379e-14, 7.3145963841e-14, 1.14589951026e-13, 1.03906371896e-13, 1.01739898787e-13, 9.52625023136e-14, 7.94256967054e-14, 2.01130006205e-14, 3.06450696965e-15, 9.54831852601e-17],
        "stdev": [0.00279097026214, 0.00730028096586, 0.00931626465172, 0.00722823850811, 0.00432447250932, 0.00263537233695, 0.00277515500784, 0.00260746129788, 0.00181396165863, 0.00100714038126, 0.000839209475089, 0.00103940698318, 0.00223259953782, 0.00222629820928, 0.000908890040591, 0.00047491476289, 0.00022951408755, 0.000221437716391, 0.000218713015784, 0.000303377455566, 0.000537392101251, 0.00090492842719, 0.00182254193351, 0.00160637008958, 0.0011710919207, 0.000910779170226, 0.000901211402379, 0.000566265895031, 0.000780542031862, 0.00145395251457, 0.00141377572436, 0.00089783774456, 0.000554876110982, 0.000508567143697, 0.000182868170668, 7.62689160183e-05, 7.83017239883e-05, 6.93255933584e-05, 9.66039733612e-05, 0.000178722679266, 0.0001534189214, 0.000139480966027, 0.000144882273162, 0.000117633586342, 6.45536856609e-05, 7.66961384215e-05, 8.12637008494e-05, 0.000132703120471, 9.18298828765e-05, 7.16506983736e-05, 5.88923721807e-05, 4.35147885582e-05, 2.68285821221e-05, 2.88923256448e-05, 4.2636107537e-05, 5.51058255951e-05, 3.81544778065e-05, 4.19859170506e-05, 4.85702912556e-05, 3.80485798814e-05, 3.26956360368e-05, 3.36220400641e-05, 3.21162260661e-05, 2.60182896454e-05, 1.47787204696e-05, 1.26765262394e-05, 1.28724523165e-05, 1.04263172034e-05, 8.22931724542e-06, 9.92199238681e-06, 8.55244616105e-06, 1.26491922856e-05, 6.9083280323e-06, 6.87084639139e-06, 7.73783176555e-06, 8.522585631e-06, 8.1165926531e-06, 9.65211074799e-06, 1.30063199322e-05, 1.36361149998e-05, 1.27495204651e-05, 1.23020399769e-05, 1.08539743451e-05, 1.02101630546e-05, 1.23232657643e-05, 1.19041042126e-05, 1.24228572531e-05, 1.29212658067e-05, 1.27336843434e-05, 1.27545390569e-05, 9.04462285689e-06, 7.72334078647e-06, 8.87799978955e-06, 9.20046659303e-06, 8.43202178658e-06, 7.2213661042e-06, 5.88422790315e-06, 3.95465031033e-06, 3.56241980626e-06, 3.85483872378e-06, 3.11080248139e-06, 2.96848293146e-06, 3.60179774361e-06, 2.82248902295e-06, 2.31546187024e-06, 2.41640236709e-06, 1.9595863705e-06, 1.59863634508e-06, 1.90695254787e-06, 1.45233764215e-06, 1.38824009355e-06, 1.29942475269e-06, 1.15328248285e-06, 1.08182484837e-06, 8.73599333318e-07, 6.73055524203e-07, 3.09899434114e-07, 2.1106464132e-08, 2.63025068392e-08, 2.71769042826e-08, 2.3711869801e-08, 2.22637090985e-08, 1.48016638946e-08, 1.40157963013e-09, 1.29355792744e-09, 1.24772248089e-09, 1.21553389576e-09, 1.19644516516e-09]
    },
    "mfcc": {
        "mean": [-615.390563965, 95.5477905273, -2.40348410606, -0.281181573868, -11.3579931259, 2.73224854469, -1.44826555252, 15.7541732788, 6.23516321182, 3.98587608337, 3.41091656685, -1.18982601166, -5.14544057846],
        "cov": [[4429.17919922, -90.8991241455, 2455.31176758, 1613.44433594, 1712.3527832, 656.743835449, 285.03817749, -173.250198364, 94.9999923706, 56.7324638367, 410.101226807, 422.01651001, 251.854614258], [-90.8991241455, 341.944610596, 223.355545044, 133.616882324, 126.043083191, 19.0585517883, 11.27110672, -3.36283063889, 28.1265640259, 15.9864301682, 53.2701416016, 39.707244873, -3.47720599174], [2455.31176758, 223.355545044, 2592.56787109, 1538.20654297, 1556.29248047, 673.680236816, 321.627746582, -106.697029114, 131.565139771, 55.2160377502, 350.498657227, 422.246673584, 270.263977051], [1613.44433594, 133.616882324, 1538.20654297, 1039.51428223, 1041.83813477, 431.306488037, 159.586105347, -110.517105103, 58.7304801941, 30.3215579987, 215.883041382, 261.350494385, 172.256210327], [1712.3527832, 126.043083191, 1556.29248047, 1041.83813477, 1192.22265625, 480.975128174, 158.827957153, -149.677215576, 58.6929512024, 41.5968093872, 212.926834106, 273.48059082, 197.600906372], [656.743835449, 19.0585517883, 673.680236816, 431.306488037, 480.975128174, 299.737457275, 116.769844055, -64.3336029053, 29.2832717896, 17.1273498535, 84.4405059814, 123.572746277, 94.7691726685], [285.03817749, 11.27110672, 321.627746582, 159.586105347, 158.827957153, 116.769844055, 156.068008423, 33.3705253601, 44.960899353, 15.7163887024, 47.4315910339, 66.0761032104, 43.6473655701], [-173.250198364, -3.36283063889, -106.697029114, -110.517105103, -149.677215576, -64.3336029053, 33.3705253601, 128.076278687, 40.5979652405, 3.86948370934, 9.69142341614, -14.6318483353, -12.7390050888], [94.9999923706, 28.1265640259, 131.565139771, 58.7304801941, 58.6929512024, 29.2832717896, 44.960899353, 40.5979652405, 96.6823120117, 41.8629837036, 32.7839241028, 36.7203025818, 14.2686719894], [56.7324638367, 15.9864301682, 55.2160377502, 30.3215579987, 41.5968093872, 17.1273498535, 15.7163887024, 3.86948370934, 41.8629837036, 75.9552078247, 42.440486908, 21.9887542725, 6.07283496857], [410.101226807, 53.2701416016, 350.498657227, 215.883041382, 212.926834106, 84.4405059814, 47.4315910339, 9.69142341614, 32.7839241028, 42.440486908, 146.293243408, 89.7232055664, 30.9252986908], [422.01651001, 39.707244873, 422.246673584, 261.350494385, 273.48059082, 123.572746277, 66.0761032104, -14.6318483353, 36.7203025818, 21.9887542725, 89.7232055664, 123.730201721, 61.6530456543], [251.854614258, -3.47720599174, 270.263977051, 172.256210327, 197.600906372, 94.7691726685, 43.6473655701, -12.7390050888, 14.2686719894, 6.07283496857, 30.9252986908, 61.6530456543, 97.3813247681]],
        "icov": [[0.000741165014915, 0.000839615589939, -0.000160363910254, -0.00045172413229, -0.000725623744074, 0.000749748491216, -0.000466475641588, 0.000363875034964, -0.000239956963924, 0.000397854251787, -0.000913396361284, 0.000272685923846, 0.000484447780764], [0.000839615589939, 0.00433927867562, -0.000510799698532, -0.000597887672484, -0.00105484924279, 0.00189813051838, -0.000445978861535, 0.000760433147661, -0.00106377352495, 0.000615818775259, -0.00163681095, 9.5685791166e-05, 0.00162797549274], [-0.000160363910254, -0.000510799698532, 0.00418535294011, -0.00475423643366, -0.000431462249253, -0.000538033084013, -0.00175483780913, -0.00108113337774, -0.000619806582108, 0.000614828430116, -0.000234489052673, -0.000974291353486, -2.14999363379e-05], [-0.00045172413229, -0.000597887672484, -0.00475423643366, 0.0149200931191, -0.00575700495392, -0.000835267070215, 0.00211123144254, 0.000288089591777, 0.000803353730589, 0.00121701136231, -0.000979960779659, -0.000969728571363, 0.00026715619606], [-0.000725623744074, -0.00105484924279, -0.000431462249253, -0.00575700495392, 0.00982260052115, -0.00374312838539, 0.00164929626044, 0.00263035995886, -0.000584134075325, -0.00123538065236, 0.000616540201008, -0.000595503544901, -0.00312014273368], [0.000749748491216, 0.00189813051838, -0.000538033084013, -0.000835267070215, -0.00374312838539, 0.0142333693802, -0.00654657604173, 0.00453558843583, -0.000758697395213, 0.00081310555106, -0.00097342999652, -8.92963726074e-05, -0.00120309670456], [-0.000466475641588, -0.000445978861535, -0.00175483780913, 0.00211123144254, 0.00164929626044, -0.00654657604173, 0.0142271853983, -0.00571151589975, -0.00051034684293, -0.00119595625438, 0.00218074885197, -0.00318486127071, -0.000300223298836], [0.000363875034964, 0.000760433147661, -0.00108113337774, 0.000288089591777, 0.00263035995886, 0.00453558843583, -0.00571151589975, 0.01757494919, -0.00813637021929, 0.00520298024639, -0.00638726912439, 0.00396084459499, -0.00292684743181], [-0.000239956963924, -0.00106377352495, -0.000619806582108, 0.000803353730589, -0.000584134075325, -0.000758697395213, -0.00051034684293, -0.00813637021929, 0.0204661507159, -0.0110839055851, 0.00513637438416, -0.0057124258019, 0.00164761650376], [0.000397854251787, 0.000615818775259, 0.000614828430116, 0.00121701136231, -0.00123538065236, 0.00081310555106, -0.00119595625438, 0.00520298024639, -0.0110839055851, 0.0226190462708, -0.00915101822466, 0.00330705498345, -0.000908067915589], [-0.000913396361284, -0.00163681095, -0.000234489052673, -0.000979960779659, 0.000616540201008, -0.00097342999652, 0.00218074885197, -0.00638726912439, 0.00513637438416, -0.00915101822466, 0.0190371405333, -0.0112204067409, 0.00344755104743], [0.000272685923846, 9.5685791166e-05, -0.000974291353486, -0.000969728571363, -0.000595503544901, -8.92963726074e-05, -0.00318486127071, 0.00396084459499, -0.0057124258019, 0.00330705498345, -0.0112204067409, 0.0288609657437, -0.00711975013837], [0.000484447780764, 0.00162797549274, -2.14999363379e-05, 0.00026715619606, -0.00312014273368, -0.00120309670456, -0.000300223298836, -0.00292684743181, 0.00164761650376, -0.000908067915589, 0.00344755104743, -0.00711975013837, 0.019142922014]]
    },
    "spectral_contrast_coeffs": {
        "max": [-0.456243544817, -0.510376811028, -0.513829767704, -0.644582152367, -0.664590120316, -0.64905911684],
        "mean": [-0.732432901859, -0.747696101665, -0.736921906471, -0.806778013706, -0.794021904469, -0.754768788815],
        "min": [-0.91599881649, -0.91784286499, -0.894250452518, -0.913941144943, -0.882152676582, -0.858629345894],
        "stdev": [0.0713376328349, 0.0729929432273, 0.080993026495, 0.0397650040686, 0.0345169082284, 0.0325163044035]
    },
    "spectral_contrast_valleys": {
        "max": [-4.99581241608, -5.20471906662, -5.57722711563, -5.48726987839, -5.92377138138, -7.49632501602],
        "mean": [-7.08836317062, -6.49519586563, -6.82394933701, -7.23928594589, -7.35247516632, -9.62410163879],
        "min": [-12.1665344238, -8.48026371002, -8.71811485291, -9.17796516418, -10.2644481659, -13.0401220322],
        "stdev": [1.85047900677, 0.621034801006, 0.498448759317, 0.48970028758, 0.592787265778, 1.10591876507]
    }
},
"rhythm": {
    "beats_count": 44,
    "beats_loudness": {
        "max": 0.102084375918,
        "mean": 0.061766769737,
        "min": 0.00107447977643,
        "stdev": 0.0283132698387
    },
    "bpm": 120.152046204,
    "bpm_histogram_first_peak_bpm": 120,
    "bpm_histogram_first_peak_weight": 0.488372087479,
    "bpm_histogram_second_peak_bpm": 0,
    "bpm_histogram_second_peak_spread": 0,
    "bpm_histogram_second_peak_weight": 0,
    "danceability": 1.07568371296,
    "onset_rate": 3.27143359184,
    "beats_loudness_band_ratio": {
        "max": [0.929856419563, 0.534832239151, 0.616951525211, 0.914995372295, 0.190637543797, 0.205312311649],
        "mean": [0.456654548645, 0.101601846516, 0.156655058265, 0.225497961044, 0.0375731214881, 0.0399740226567],
        "min": [1.93675496121e-05, 0.000298022059724, 0.0163792762905, 0.00877401605248, 0.00268099573441, 0.00110156228766],
        "stdev": [0.303473770618, 0.118891999125, 0.134094327688, 0.306058913469, 0.0352872572839, 0.0435788333416]
    },
    "beats_position": [0.487619042397, 0.986848056316, 1.48607707024, 1.97369611263, 2.47292518616, 2.97215414047, 3.47138309479, 3.97061228752, 4.45823097229, 4.95746040344, 5.45668935776, 5.94430828094, 6.43192720413, 6.93115615845, 7.4303855896, 7.92961454391, 8.42884349823, 8.91646194458, 9.41569137573, 9.91492080688, 10.4025392532, 10.9017686844, 11.4009971619, 11.8886165619, 12.3994560242, 12.8870744705, 13.3863039017, 13.8855323792, 14.3731517792, 14.8723802567, 15.3716096878, 15.8592290878, 16.3700675964, 16.8692970276, 17.3685264587, 17.8793640137, 18.390203476, 18.9010429382, 19.4118824005, 19.9227199554, 20.4335594177, 20.94439888, 21.4552383423, 21.9660758972],
