{
"metadata": {
    "version": {
        "essentia": "2.1-beta5",
        "essentia_git_sha": "Undefined",
        "extractor": "music 2.0"
    },
    "audio_properties": {
        "analysis": {
            "equal_loudness": 0,
            "length": 12.7477550507,
            "sample_rate": 44100,
            "start_time": 0,
            "downmix": "mix"
        },
        "bit_rate": 192000,
        "length": 183.785964966,
        "lossless": 0,
        "number_channels": 2,
        "replay_gain": -6.49468612671,
        "sample_rate": 48000,
        "codec": "mp3",
        "md5_encoded": "400935a4bdf60e1e53203c025241bffc"
    },
    "tags": {
        "file_name": "Latvia_Too Much_Arnis Mednis.mp3",
        "encoding": ["Lavf58.29.100"]
    }
},
"lowlevel": {
    "average_loudness": 0.966751337051,
    "barkbands_crest": {
        "max": 20.790845871,
        "mean": 7.2796254158,
        "min": 2.33470010757,
        "stdev": 3.2663397789
    },
    "barkbands_flatness_db": {
        "max": 0.31685295701,
        "mean": 0.124012589455,
        "min": 0.0643694549799,
        "stdev": 0.028766291216
    },
    "barkbands_kurtosis": {
        "max": 83.7093200684,
        "mean": 0.29542145133,
        "min": -1.6221767664,
        "stdev": 5.88555288315
    },
    "barkbands_skewness": {
        "max": 2.3686311245,
        "mean": 0.147873923182,
        "min": -8.32560253143,
        "stdev": 0.959935963154
    },
    "barkbands_spread": {
        "max": 75.4283599854,
        "mean": 29.3676872253,
        "min": 3.21367239952,
        "stdev": 11.7537174225
    },
    "dissonance": {
        "max": 0.499999970198,
        "mean": 0.482396960258,
        "min": 0.314998835325,
        "stdev": 0.0150355091318
    },
    "dynamic_complexity": 2.36276936531,
    "erbbands_crest": {
        "max": 23.1530838013,
        "mean": 8.75801181793,
        "min": 2.90293335915,
        "stdev": 3.86550807953
    },
    "erbbands_flatness_db": {
        "max": 0.344985991716,
        "mean": 0.182942867279,
        "min": 0.0983521640301,
        "stdev": 0.0369377359748
    },
    "erbbands_kurtosis": {
        "max": 47.4504051208,
        "mean": 0.629445135593,
        "min": -1.62057542801,
        "stdev": 4.35870885849
    },
    "erbbands_skewness": {
        "max": 1.81613326073,
        "mean": -0.0722748786211,
        "min": -5.22387361526,
        "stdev": 0.72787219286
    },
    "erbbands_spread": {
        "max": 86.487739563,
        "mean": 32.4664611816,
        "min": 2.6283929348,
        "stdev": 14.2423343658
    },
    "hfc": {
        "max": 344.72076416,
        "mean": 37.5381546021,
        "min": 1.16169840797e-16,
        "stdev": 34.8822631836
    },
    "loudness_ebu128": {
        "integrated": -15.5697422028,
        "loudness_range": 1.24115180969,
        "momentary": {
            "max": -13.1787509918,
            "mean": -16.164358139,
            "min": -40.7202529907,
            "stdev": 3.10460162163
        },
        "short_term": {
            "max": -14.7063484192,
            "mean": -15.4454259872,
            "min": -16.3478279114,
            "stdev": 0.412106722593
        }
    },
    "melbands_crest": {
        "max": 25.7152481079,
        "mean": 9.65821552277,
        "min": 2.09482836723,
        "stdev": 4.4255361557
    },
    "melbands_flatness_db": {
        "max": 0.265551894903,
        "mean": 0.0949193611741,
        "min": 0.00642696302384,
        "stdev": 0.0350297242403
    },
    "melbands_kurtosis": {
        "max": 24.8815917969,
        "mean": 2.00033116341,
        "min": -1.73936629295,
        "stdev": 3.5378305912
    },
    "melbands_skewness": {
        "max": 4.79479932785,
        "mean": 1.05026888847,
        "min": -3.63739943504,
        "stdev": 0.951632201672
    },
    "melbands_spread": {
        "max": 165.900024414,
        "mean": 48.8289222717,
        "min": 11.5796232224,
        "stdev": 20.6772098541
    },
    "pitch_salience": {
        "max": 0.844614446163,
        "mean": 0.616237938404,
        "min": 0.232852593064,
        "stdev": 0.0947786942124
    },
    "silence_rate_20dB": {
        "max": 1,
        "mean": 1,
        "min": 1,
        "stdev": 0
    },
    "silence_rate_30dB": {
        "max": 1,
        "mean": 1,
        "min": 1,
        "stdev": 0
    },
    "silence_rate_60dB": {
        "max": 1,
        "mean": 0.0581818185747,
        "min": 0,
        "stdev": 0.234087780118
    },
    "spectral_centroid": {
        "max": 10918.1992188,
        "mean": 2322.79394531,
        "min": 1068.01245117,
        "stdev": 703.650634766
    },
    "spectral_complexity": {
        "max": 53,
        "mean": 26.5290908813,
        "min": 0,
        "stdev": 10.5636606216
    },
    "spectral_decrease": {
        "max": -6.0410909381e-29,
        "mean": -4.36345359844e-09,
        "min": -2.22902745151e-08,
        "stdev": 3.18538573296e-09
    },
    "spectral_energy": {
        "max": 0.101890593767,
        "mean": 0.0198735166341,
        "min": 1.07649583801e-20,
        "stdev": 0.013852532953
    },
    "spectral_energyband_high": {
        "max": 0.051665533334,
        "mean": 0.00289073423482,
        "min": 7.94942702207e-21,
        "stdev": 0.00501312781125
    },
    "spectral_energyband_low": {
        "max": 0.0635083690286,
        "mean": 0.00217095925473,
        "min": 4.51582163016e-23,
        "stdev": 0.0061859684065
    },
    "spectral_energyband_middle_high": {
        "max": 0.0362036675215,
        "mean": 0.00992204807699,
        "min": 1.64073122328e-21,
        "stdev": 0.00634003616869
    },
    "spectral_energyband_middle_low": {
        "max": 0.0626681149006,
        "mean": 0.0053195701912,
        "min": 3.24905856492e-22,
        "stdev": 0.00670530647039
    },
    "spectral_entropy": {
        "max": 9.81269550323,
        "mean": 7.9813785553,
        "min": 7.42038440704,
        "stdev": 0.230267778039
    },
    "spectral_flux": {
        "max": 0.267248749733,
        "mean": 0.0874660462141,
        "min": 1.03754317637e-10,
        "stdev": 0.041235730052
    },
    "spectral_kurtosis": {
        "max": 9.24962806702,
        "mean": 2.1295876503,
        "min": -1.18842101097,
        "stdev": 1.32816791534
    },
    "spectral_rms": {
        "max": 0.00997022818774,
        "mean": 0.00412296643481,
        "min": 3.24074035836e-12,
        "stdev": 0.00154594669584
    },
    "spectral_rolloff": {
        "max": 18410.8886719,
        "mean": 3504.19238281,
        "min": 366.064453125,
        "stdev": 1824.90100098
    },
    "spectral_skewness": {
        "max": 2.6288497448,
        "mean": 1.09004199505,
        "min": -0.994088709354,
        "stdev": 0.340539723635
    },
    "spectral_spread": {
        "max": 39843892,
        "mean": 4741246.5,
        "min": 2802467.5,
        "stdev": 1825455.25
    },
    "spectral_strongpeak": {
        "max": 20.5883693695,
        "mean": 2.181640625,
        "min": 0,
        "stdev": 2.32347106934
    },
    "zerocrossingrate": {
        "max": 0.67919921875,
        "mean": 0.117531076074,
        "min": 0.03466796875,
        "stdev": 0.0500016324222
    },
    "barkbands": {
        "max": [0.000750000588596, 0.0478433668613, 0.0420082323253, 0.0274426974356, 0.0230933651328, 0.0111579541117, 0.00653868494555, 0.00608592061326, 0.0520090572536, 0.0272974185646, 0.0122679490596, 0.0131517220289, 0.017188783735, 0.00634324923158, 0.0118312919512, 0.0095648188144, 0.0123204234987, 0.00411367835477, 0.00302528496832, 0.0298850350082, 0.00648603541777, 0.0160723216832, 0.0317415893078, 0.00371807790361, 0.00219198758714, 6.41039878246e-06, 2.99260101144e-08],
        "mean": [5.24408278579e-05, 0.000944126280956, 0.000847557676025, 0.000667382555548, 0.00180460512638, 0.000859023479279, 0.000798926630523, 0.000471091334475, 0.000599230872467, 0.00195045140572, 0.000731383974198, 0.000812621961813, 0.0010142888641, 0.000608823960647, 0.00163190276362, 0.000926780921873, 0.000990328146145, 0.000487363024149, 0.000433871289715, 0.000948387722019, 0.00042252309504, 0.000626038236078, 0.000700589094777, 0.000354360905476, 0.000189309852431, 1.05499417202e-07, 7.57328977308e-10],
        "min": [1.08531246682e-23, 3.26910143793e-23, 2.17137316821e-24, 6.15893882636e-24, 6.0123841685e-23, 2.1982640954e-23, 3.55975660737e-23, 1.35221083766e-22, 5.51636420851e-23, 1.02441710655e-22, 5.51906148172e-23, 8.13732301167e-23, 9.56763701119e-23, 1.5159606911e-22, 1.79100177887e-22, 2.06748629278e-22, 2.71901497099e-22, 1.50688412064e-22, 1.85751651092e-22, 3.45531148663e-22, 5.05825185492e-22, 4.71982219621e-22, 7.61264506029e-22, 8.87294893244e-22, 1.31869745157e-21, 1.40529554727e-21, 2.59489466215e-21],
        "stdev": [7.33015913283e-05, 0.00347079592757, 0.00322145223618, 0.0028315114323, 0.00333953322843, 0.00138994597364, 0.00091880816035, 0.000749956001528, 0.00245938496664, 0.00345783401281, 0.00125993276015, 0.00125249754637, 0.00134101463482, 0.000744018994737, 0.00163645797875, 0.00120179052465, 0.00126139703207, 0.000528763514012, 0.000363597006071, 0.00262261368334, 0.00053309078794, 0.0014855574118, 0.00219281250611, 0.000485671538627, 0.000275805476122, 5.24219387898e-07, 1.57242896481e-09]
    },
    "erbbands": {
        "max": [0.770852863789, 12.9751520157, 39.119846344, 67.17603302, 92.8305740356, 108.400856018, 92.5411834717, 116.600471497, 114.978485107, 107.370994568, 160.128509521, 1113.56298828, 687.601501465, 841.423339844, 623.611755371, 463.000823975, 583.50970459, 307.752960205, 712.062744141, 468.970458984, 729.718933105, 484.620330811, 268.999023438, 163.59072876, 288.631988525, 1588.69567871, 595.390563965, 233.241363525, 557.345397949, 1126.73266602, 757.9453125, 204.212478638, 43.3668899536, 29.821149826, 12.3527412415, 0.897304296494, 0.0225039944053, 0.00151375483256, 0.000272497098194, 0.000194103791728],
        "mean": [0.0191863738, 0.24509049952, 0.901349186897, 1.73888719082, 2.80994129181, 7.78510570526, 7.16640901566, 8.00972270966, 9.76642227173, 11.4635248184, 11.8020210266, 14.7031927109, 28.0558319092, 65.4865875244, 31.7157039642, 36.1330795288, 48.9908256531, 30.879776001, 75.2082672119, 71.8533935547, 56.5545349121, 50.7960128784, 25.7609767914, 28.1595478058, 23.3214454651, 46.669303894, 26.2663383484, 15.4258184433, 19.865650177, 24.1468448639, 19.0973358154, 10.4937820435, 4.80979633331, 2.58050608635, 1.07020294666, 0.0639969184995, 0.00178791920189, 0.000145849931869, 3.71063797502e-05, 3.33448660967e-05],
        "min": [2.12055363482e-21, 2.47235076245e-21, 3.52339197504e-21, 8.66755227191e-21, 8.92044820392e-20, 2.71840940046e-19, 1.54530534541e-19, 1.96459531384e-19, 3.02556405087e-19, 1.16375368296e-18, 3.20869335989e-18, 1.68552060179e-18, 2.04996055985e-18, 3.07430256654e-18, 2.93894479906e-18, 3.3836013208e-18, 3.66226647505e-18, 7.69451346731e-18, 1.21128548687e-17, 7.98267093268e-18, 9.56733888245e-18, 1.50720612501e-17, 1.06841667127e-17, 8.56552638052e-18, 9.31467242845e-18, 1.82146362024e-17, 1.92267396584e-17, 1.81870182961e-17, 2.05653246846e-17, 1.91627340769e-17, 2.08315941238e-17, 1.52291213417e-17, 1.80737640354e-17, 1.87157438719e-17, 6.69847882195e-18, 4.4345409065e-18, 2.70153362349e-18, 1.37385683476e-18, 3.98973740509e-19, 3.57028600719e-20],
        "stdev": [0.0571496114135, 0.924016475677, 3.26307797432, 6.5598449707, 8.74439811707, 15.3117828369, 12.1195602417, 12.8180685043, 12.7363147736, 13.7150316238, 20.1633987427, 54.0475654602, 54.1601104736, 107.257621765, 56.7713546753, 46.6705360413, 60.5573005676, 31.291229248, 96.33177948, 75.2885818481, 61.1788825989, 61.9193458557, 27.8378162384, 24.8473320007, 25.8105773926, 126.72467041, 54.97914505, 20.8195495605, 47.9625396729, 76.4413452148, 57.5367584229, 17.6876792908, 6.4488825798, 3.58092999458, 1.63416302204, 0.109133198857, 0.00280805118382, 0.000200665337616, 3.83874721592e-05, 2.52173140325e-05]
    },
    "gfcc": {
        "mean": [3.83360743523, 59.1519470215, -172.636260986, 44.0421562195, -84.5437545776, 27.5462970734, -50.987247467, 3.94453263283, -19.4529590607, -5.22506475449, -5.06489515305, -7.18376255035, 5.86083650589],
        "cov": [[10102.7021484, -370.876342773, -320.580444336, 116.557907104, -334.334716797, 390.644500732, -594.239990234, 44.5288963318, -620.086303711, -0.146752476692, -153.073242188, -34.0826187134, 185.197433472], [-370.876342773, 813.975830078, 93.4225921631, 141.95161438, 141.121185303, -54.5535011292, 149.752685547, -0.529354453087, 39.0741271973, -47.1725311279, 36.9424247742, -46.4101295471, 29.1596183777], [-320.580444336, 93.4225921631, 689.846252441, 310.120391846, 59.3733596802, 122.541976929, 77.0773468018, -32.0333595276, -47.1874198914, -0.958478987217, -71.970489502, -0.60925924778, -9.31333255768], [116.557907104, 141.95161438, 310.120391846, 294.919525146, 54.0167884827, 60.9360122681, 101.332382202, -39.6489143372, 10.5500679016, -6.00159025192, -17.7690792084, -12.1547861099, -7.25341320038], [-334.334716797, 141.121185303, 59.3733596802, 54.0167884827, 182.167694092, 47.1487617493, 74.2852935791, 47.8923912048, 7.05129289627, 17.3252906799, 24.2870559692, -22.4339370728, 9.0802898407], [390.644500732, -54.5535011292, 122.541976929, 60.9360122681, 47.1487617493, 158.979202271, 45.8268318176, 24.3774337769, -28.1008110046, 4.36591959, -19.7181301117, -5.40765857697, -1.18451857567], [-594.239990234, 149.752685547, 77.0773468018, 101.332382202, 74.2852935791, 45.8268318176, 196.437774658, 9.9040813446, 65.0417556763, -19.323589325, 12.941116333, -18.4944114685, -1.04437720776], [44.5288963318, -0.529354453087, -32.0333595276, -39.6489143372, 47.8923912048, 24.3774337769, 9.9040813446, 109.77520752, 12.4935932159, 23.0168094635, 7.27735280991, -8.04151630402, 8.03731822968], [-620.086303711, 39.0741271973, -47.1874198914, 10.5500679016, 7.05129289627, -28.1008110046, 65.0417556763, 12.4935932159, 154.832687378, 19.8163509369, 29.618888855, 5.38032054901, -24.9649143219], [-0.146752476692, -47.1725311279, -0.958478987217, -6.00159025192, 17.3252906799, 4.36591959, -19.323589325, 23.0168094635, 19.8163509369, 78.3874816895, 27.5866031647, 6.32443523407, 0.614552199841], [-153.073242188, 36.9424247742, -71.970489502, -17.7690792084, 24.2870559692, -19.7181301117, 12.941116333, 7.27735280991, 29.618888855, 27.5866031647, 61.4200820923, 15.9337310791, 1.26712691784], [-34.0826187134, -46.4101295471, -0.60925924778, -12.1547861099, -22.4339370728, -5.40765857697, -18.4944114685, -8.04151630402, 5.38032054901, 6.32443523407, 15.9337310791, 47.9049987793, 9.77323722839], [185.197433472, 29.1596183777, -9.31333255768, -7.25341320038, 9.0802898407, -1.18451857567, -1.04437720776, 8.03731822968, -24.9649143219, 0.614552199841, 1.26712691784, 9.77323722839, 53.9141693115]],
        "icov": [[0.000492777384352, -0.00028775667306, 0.00122696906328, -0.00198096456006, 0.00141653919127, -0.00211183796637, 0.00191753066611, -0.000831256737001, 0.00113364902791, -0.000151119136717, 7.66194862081e-05, 0.000748255522922, -0.00132632767782], [-0.00028775667306, 0.00233400729485, -0.00114467181265, 0.000566181435715, -0.00184569240082, 0.00265141110867, -0.00157856603619, 0.000377116492018, -0.000948929868173, 0.00213329517283, -0.00239809346385, 0.00187238666695, -0.000859923253302], [0.00122696906328, -0.00114467181265, 0.00698248576373, -0.00833844672889, 0.00283712008968, -0.0059799621813, 0.00440733600408, -0.0020826975815, 0.00409157760441, -0.00265236734413, 0.00553179299459, -0.00188262865413, -0.00158849812578], [-0.00198096456006, 0.000566181435715, -0.00833844672889, 0.0165987666696, -0.00599396042526, 0.00763436639681, -0.00979916378856, 0.00638803374022, -0.00537061132491, -1.04511227619e-05, -0.00125626230147, -0.00143536739051, 0.0051292963326], [0.00141653919127, -0.00184569240082, 0.00283712008968, -0.00599396042526, 0.0140070067719, -0.0080733532086, 0.0038998099044, -0.00564588746056, 0.00426258007064, -0.00133201980498, -0.00504509871826, 0.0063031851314, -0.00483823893592], [-0.00211183796637, 0.00265141110867, -0.0059799621813, 0.00763436639681, -0.0080733532086, 0.0194063223898, -0.0115127759054, 0.00142121792305, -0.00192128319759, -0.000418547599111, 0.00223383354023, -0.00478872098029, 0.00709622399881], [0.00191753066611, -0.00157856603619, 0.00440733600408, -0.00979916378856, 0.0038998099044, -0.0115127759054, 0.0185165014118, -0.0033880546689, -0.00108681363054, 0.00487472489476, -0.00398482149467, 0.00696002179757, -0.0080628497526], [-0.000831256737001, 0.000377116492018, -0.0020826975815, 0.00638803374022, -0.00564588746056, 0.00142121792305, -0.0033880546689, 0.0145231503993, -0.00368252163753, -0.00297970115207, 0.00185732939281, 0.000171915104147, 0.000156472815434], [0.00113364902791, -0.000948929868173, 0.00409157760441, -0.00537061132491, 0.00426258007064, -0.00192128319759, -0.00108681363054, -0.00368252163753, 0.0141315106302, -0.00465078372508, 0.000890787283424, -0.00265049445443, 0.00342728220858], [-0.000151119136717, 0.00213329517283, -0.00265236734413, -1.04511227619e-05, -0.00133201980498, -0.000418547599111, 0.00487472489476, -0.00297970115207, -0.00465078372508, 0.0221253857017, -0.0141391372308, 0.00563874747604, -0.00343610113487], [7.66194862081e-05, -0.00239809346385, 0.00553179299459, -0.00125626230147, -0.00504509871826, 0.00223383354023, -0.00398482149467, 0.00185732939281, 0.000890787283424, -0.0141391372308, 0.0377758108079, -0.0177262350917, 0.00526421889663], [0.000748255522922, 0.00187238666695, -0.00188262865413, -0.00143536739051, 0.0063031851314, -0.00478872098029, 0.00696002179757, 0.000171915104147, -0.00265049445443, 0.00563874747604, -0.0177262350917, 0.0359703712165, -0.0125543642789], [-0.00132632767782, -0.000859923253302, -0.00158849812578, 0.0051292963326, -0.00483823893592, 0.00709622399881, -0.0080628497526, 0.000156472815434, 0.00342728220858, -0.00343610113487, 0.00526421889663, -0.0125543642789, 0.0285542365164]]
    },
    "melbands": {
        "max": [0.00956764444709, 0.0151710174978, 0.0105222109705, 0.00596579583362, 0.00302475155331, 0.00223697163165, 0.00151975324843, 0.00100971059874, 0.0011457412038, 0.00847994722426, 0.00334390671924, 0.0036055278033, 0.00195049121976, 0.00182029826101, 0.00104008277413, 0.00213394779712, 0.000338408193784, 0.00103386153933, 0.000484517106088, 0.000861282460392, 0.00118223635945, 0.000568292627577, 0.000401096709538, 0.000252196798101, 0.000150689258589, 0.000151389511302, 0.000494351435918, 0.00126706121955, 0.000670663721394, 0.00010334947001, 0.00015007055481, 0.000277391081909, 0.00038576341467, 0.000732430431526, 0.000534263381269, 0.000227952128625, 6.40454090899e-05, 3.01609470625e-05, 3.32426498062e-05, 1.8885028112e-05],
        "mean": [0.000223661234486, 0.000427473860327, 0.00032462112722, 0.000375244999304, 0.000287245318759, 0.000173001448275, 0.000150943131302, 0.000113301372039, 9.05170381884e-05, 9.34502750169e-05, 0.000156089459779, 0.000289241754217, 0.000107596380985, 7.96587191871e-05, 0.000122555255075, 8.77838174347e-05, 4.80465969304e-05, 0.000117184397823, 9.07393405214e-05, 8.93097967491e-05, 6.10516872257e-05, 6.12756048213e-05, 2.60019005509e-05, 2.42206861003e-05, 2.21358350245e-05, 1.72454456333e-05, 2.01164857572e-05, 3.41722479789e-05, 1.89013571799e-05, 1.03674792626e-05, 8.45176600706e-06, 1.0701040992e-05, 1.31097121994e-05, 1.31914011945e-05, 1.11659464892e-05, 9.58473992796e-06, 5.13149734616e-06, 3.50535515281e-06, 2.68832559414e-06, 1.95135999093e-06],
        "min": [1.3050370502e-23, 2.00914096482e-24, 3.88212572069e-24, 1.24915840352e-23, 7.58356916194e-24, 4.18297242083e-24, 5.86216777609e-24, 1.75734985618e-23, 2.29553048725e-23, 9.03426622284e-24, 1.03054721843e-23, 1.30176595957e-23, 9.36304609319e-24, 9.61637220683e-24, 6.6131172095e-24, 1.03692815652e-23, 1.37428515372e-23, 2.17739951332e-23, 8.49513185894e-24, 1.47318148997e-23, 9.42549468903e-24, 1.28203568058e-23, 1.51942530509e-23, 8.37737780275e-24, 6.55315904754e-24, 8.09246885392e-24, 7.23728920126e-24, 1.29169607122e-23, 1.05368064336e-23, 1.26939607784e-23, 1.06043534374e-23, 1.26714711428e-23, 7.46977124319e-24, 1.21338916238e-23, 1.18587976823e-23, 9.49956399487e-24, 1.00748510652e-23, 1.16632248644e-23, 1.60414044661e-23, 1.58041245722e-23],
        "stdev": [0.000749119091779, 0.00142107857391, 0.00115187338088, 0.000758070324082, 0.000481359515106, 0.000266710150754, 0.000177574547706, 0.000128172294353, 0.000155655958224, 0.000403210287914, 0.000301297288388, 0.000494783918839, 0.000190424194443, 0.000137040551635, 0.000141652999446, 0.000135718029924, 5.09978672198e-05, 0.000159257338964, 8.24572198326e-05, 0.000114122442028, 8.59493011376e-05, 8.46498442115e-05, 3.52761016984e-05, 2.98404374917e-05, 2.11240985664e-05, 1.54887984536e-05, 3.99616874347e-05, 0.000105977356725, 5.26792318851e-05, 1.19140668176e-05, 1.28813699121e-05, 2.42548776441e-05, 3.68189103028e-05, 4.53220272902e-05, 3.85691055271e-05, 1.99711921596e-05, 7.59913837101e-06, 4.94641926707e-06, 3.94812968807e-06, 2.59321382146e-06]
    },
    "melbands128": {
        "max": [0.000679115357343, 0.00371471862309, 0.0149703007191, 0.0266270637512, 0.0193136073649, 0.0198568701744, 0.0155711565167, 0.0151684153825, 0.0101434560493, 0.00679930765182, 0.00763960275799, 0.00432547973469, 0.00358276627958, 0.00312118954025, 0.00436503672972, 0.00162658793852, 0.00254908343777, 0.00189521117136, 0.000927808694541, 0.00198727566749, 0.000615048513282, 0.00197433959693, 0.00167382194195, 0.00160296133254, 0.00352333975025, 0.0184167344123, 0.00662191910669, 0.00438197562471, 0.00698725692928, 0.00776917021722, 0.00446804100648, 0.00237412774004, 0.00349391205236, 0.00470101553947, 0.00332396989688, 0.00356358010322, 0.00113320595119, 0.00216159620322, 0.00187303405255, 0.00186798966024, 0.00459164986387, 0.00131528032944, 0.000320101447869, 0.00052272551693, 0.00124141969718, 0.00213545979932, 0.0024397734087, 0.000374987052055, 0.00113826792222, 0.00120841036551, 0.00180137832649, 0.00050782848848, 0.000756627356168, 0.00321901706047, 0.00108896242455, 0.0011371774599, 0.000809158431366, 0.000658107281197, 0.00043698886293, 0.00049511808902, 0.000539805623703, 0.000260865374003, 0.00027694524033, 0.000152214968693, 0.000139882758958, 0.000235379688093, 0.000354344898369, 0.000330096052494, 0.00109507329762, 0.0010295836255, 0.00275945640169, 0.00309517397545, 0.00137624714989, 0.000714221969247, 0.000119585594803, 0.000126565762912, 0.00020555316587, 7.83203504398e-05, 0.000177485562745, 0.000174008731847, 0.000199387519388, 0.000349313515471, 0.000528139178641, 0.000409839471104, 0.000671379384585, 0.00083189853467, 0.000550096156076, 0.00116447289474, 0.000713254907168, 0.000581035390496, 0.00027412964846, 0.000294313969789, 0.000191367231309, 6.23320884188e-05, 4.17788724008e-05, 5.27380434505e-05, 4.04730926675e-05, 2.89616200462e-05, 3.14220233122e-05, 5.29363205715e-05, 3.59326913895e-05, 1.49771476572e-05, 1.66191839526e-05, 1.62492924574e-05, 2.31060366787e-05, 1.90327209566e-05, 3.97951043851e-06, 4.85398345518e-07, 3.9243976957e-09, 2.47566989131e-09, 1.70075942219e-09, 1.21354171156e-09, 8.97557528301e-10, 6.71474820191e-10, 5.12294595634e-10, 3.95138977094e-10, 3.02390196216e-10, 2.37290215255e-10, 1.86248169665e-10, 1.46904433063e-10, 1.18675166916e-10, 9.30499496898e-11, 7.5126266319e-11, 6.15210660193e-11, 5.35348120001e-11, 4.64304393544e-11, 4.06359286498e-11, 3.79310576004e-11],
        "mean": [3.95239767386e-05, 0.000115961716801, 0.000297613732982, 0.000435098132584, 0.000462335388875, 0.000409116502851, 0.000352499977453, 0.000330188428052, 0.000218392757233, 0.000376832351321, 0.00049820181448, 0.000365907821106, 0.000236839972786, 0.000169376944541, 0.000201269227546, 0.00015090823581, 0.00014490391186, 0.000161467236467, 0.000128945845063, 0.000165566176292, 5.69891453779e-05, 0.000101786346931, 0.0001114507686, 5.31041405338e-05, 8.99127699086e-05, 0.000121036006021, 8.08925251476e-05, 6.74036928103e-05, 0.000265215523541, 0.000513857114129, 0.000180694929441, 0.000108547363197, 0.000134941525175, 7.92070713942e-05, 6.87468345859e-05, 8.16610263428e-05, 9.04607004486e-05, 0.000123418212752, 0.000154307868797, 0.000107794061478, 5.26260737388e-05, 9.48402957874e-05, 4.00937278755e-05, 2.38551510847e-05, 6.36682671029e-05, 0.000165476623806, 0.000156238296768, 3.26508779835e-05, 9.95100053842e-05, 0.000125687074615, 7.74550062488e-05, 6.51118753012e-05, 6.62505772198e-05, 5.49947944819e-05, 6.47590932203e-05, 8.16520769149e-05, 2.86593149212e-05, 4.18938143412e-05, 1.64329831023e-05, 1.49820643855e-05, 2.80347576336e-05, 2.62612247752e-05, 2.52131358138e-05, 2.1031466531e-05, 1.93228879652e-05, 1.95920019905e-05, 1.34527399496e-05, 1.17018407764e-05, 2.03663730645e-05, 3.27003617713e-05, 3.67517277482e-05, 3.64971710951e-05, 2.62375888269e-05, 1.3734453205e-05, 1.27264947878e-05, 1.07399300759e-05, 1.00503111753e-05, 6.63978380544e-06, 7.98739529273e-06, 1.05115705082e-05, 9.91087927105e-06, 1.1225376511e-05, 1.16450682981e-05, 1.17748841149e-05, 1.66365625773e-05, 1.38725599754e-05, 1.19868782349e-05, 1.18291281979e-05, 1.09212669486e-05, 1.10377841338e-05, 1.05137769424e-05, 9.73021724349e-06, 6.97759514878e-06, 4.77649655295e-06, 3.85479188481e-06, 4.61629952042e-06, 2.99038651974e-06, 2.95299219033e-06, 2.5269107482e-06, 2.80344897874e-06, 2.29303691412e-06, 1.78323784894e-06, 1.55339523644e-06, 1.57320994276e-06, 1.39397798193e-06, 1.17051354209e-06, 2.30370076792e-07, 6.65703669966e-09, 2.34976534758e-11, 9.62077292832e-12, 7.82549199052e-12, 6.62819408734e-12, 5.84140895377e-12, 5.43836416872e-12, 4.69412139367e-12, 4.33278933565e-12, 4.01822759094e-12, 3.78059432718e-12, 3.58437151488e-12, 3.41313088903e-12, 3.26642814359e-12, 3.14532471249e-12, 3.05253326956e-12, 2.96302023715e-12, 2.84969617348e-12, 2.70859506699e-12, 2.62294851637e-12, 2.5949448753e-12],
        "min": [9.93365758493e-24, 2.35702834792e-23, 8.85064228107e-24, 3.30155742383e-24, 2.28704897034e-24, 7.26657102781e-25, 3.23049584741e-25, 4.6502912545e-24, 9.73874583247e-24, 9.86951451587e-24, 1.89911841604e-23, 1.16889843284e-23, 3.67124426807e-24, 3.62823517708e-24, 4.21601385984e-24, 5.67562702112e-24, 2.06447857125e-24, 4.3622146347e-24, 1.2881600811e-23, 7.80592696301e-24, 1.93291779261e-23, 4.82575151142e-23, 1.71807815151e-23, 7.13871156482e-24, 1.62457367955e-23, 4.44604333322e-24, 5.45292606555e-24, 9.46857438307e-24, 1.61171019809e-23, 1.81186251132e-23, 1.03947349511e-23, 5.80550981373e-24, 1.25306460606e-23, 6.44277571322e-24, 1.15517738069e-23, 9.70307748664e-24, 1.026343142e-23, 3.97022570659e-24, 7.60594125721e-24, 5.48440279896e-24, 1.18734215858e-23, 1.53547152476e-23, 1.43982292887e-23, 1.37851818134e-23, 1.10742770898e-23, 4.19504932908e-23, 5.79830396379e-24, 9.50760012091e-24, 6.22353864589e-24, 9.05516867024e-24, 2.06771424202e-23, 1.43300369966e-23, 1.33249493172e-23, 4.77079054663e-24, 4.72273708459e-24, 3.91391010986e-24, 3.30751896402e-23, 2.29573243564e-23, 4.57298840781e-24, 8.66251315467e-24, 9.47582559251e-24, 8.1221876108e-24, 5.00413915227e-24, 4.35609425737e-24, 1.10354517226e-23, 1.16432840385e-23, 4.18177847985e-24, 3.58724280901e-24, 6.58321859233e-24, 1.34897470935e-23, 1.41180527164e-23, 1.33226900196e-23, 9.9464229321e-24, 6.12564968502e-24, 1.51520852801e-23, 1.73913789778e-23, 1.0921823409e-23, 5.08100851989e-24, 1.31583939589e-23, 1.1331371592e-23, 1.1030163988e-23, 1.81247372074e-23, 8.34270421053e-24, 2.09493215206e-24, 1.00642479858e-23, 1.3431527581e-23, 1.09737888323e-23, 1.34296169599e-23, 7.11489033206e-24, 1.87600337157e-23, 9.65884763341e-24, 7.63541704493e-24, 6.17938728431e-24, 6.37104340782e-24, 1.86315898054e-23, 1.05689714481e-23, 8.99301431952e-24, 1.33992379264e-23, 1.5256904384e-23, 1.68640286181e-23, 2.1160119354e-23, 1.4974304431e-23, 1.15600639461e-23, 6.61513077696e-24, 5.16651906986e-24, 9.21715652396e-24, 4.52935453899e-24, 5.55780196746e-24, 6.69050604202e-24, 1.11399813146e-23, 8.88749865142e-24, 8.22851501677e-24, 7.72758834196e-24, 9.38346970203e-24, 8.62858109169e-24, 1.22224128614e-23, 1.14427832065e-23, 9.36702668532e-24, 1.1424949428e-23, 1.85678608883e-23, 1.20170068923e-23, 8.9383399479e-24, 7.70889312737e-24, 1.19416509544e-23, 1.13655797563e-23, 8.8448283762e-24, 8.94225033141e-24, 8.97404379247e-24],
        "stdev": [6.28305278951e-05, 0.000305821449729, 0.00105815718416, 0.00180566357449, 0.00179896294139, 0.00157901621424, 0.00143266550731, 0.00143580755685, 0.000874807010405, 0.000823070935439, 0.00104258395731, 0.00071032444248, 0.000444115517894, 0.000330761366058, 0.000389972614357, 0.000252248690231, 0.00028324892628, 0.000235173400142, 0.000144037083373, 0.000259030988673, 7.21622054698e-05, 0.000205139323953, 0.0002361494262, 9.72627749434e-05, 0.000252525351243, 0.00084118056111, 0.000411670625908, 0.000207495249924, 0.000614980817772, 0.00102665880695, 0.000364590901881, 0.000180380433449, 0.000303009583149, 0.000288143201033, 0.000185583878192, 0.000192202147446, 0.00013610869064, 0.000243201167905, 0.000211475460674, 0.000191359955352, 0.000219219262362, 0.00016308267368, 4.52630556538e-05, 3.34256583301e-05, 0.000129397885757, 0.000269092299277, 0.000265959854005, 4.5548837079e-05, 0.000143617813592, 0.000174744156539, 0.000201740782359, 8.94893673831e-05, 9.48902888922e-05, 0.000195831089513, 0.0001237456745, 0.000162081851158, 4.90429374622e-05, 7.02724792063e-05, 3.44713444065e-05, 2.98687482427e-05, 5.79699299124e-05, 3.20998406096e-05, 3.88498992834e-05, 2.34877970797e-05, 1.90176706383e-05, 2.39316050283e-05, 2.05109445233e-05, 2.39147593675e-05, 6.98911535437e-05, 7.2519054811e-05, 0.000134936432005, 0.00020199395658, 9.86518789432e-05, 3.72530557797e-05, 1.69621089299e-05, 1.37521110446e-05, 1.53122982738e-05, 9.25562744669e-06, 1.38171517392e-05, 1.72782401933e-05, 2.22691687668e-05, 2.7188392778e-05, 4.05362225138e-05, 3.35688964697e-05, 4.73107793368e-05, 5.47146446479e-05, 3.6362100218e-05, 5.65974660276e-05, 4.51498672192e-05, 3.3037555113e-05, 2.05733376788e-05, 2.25392086577e-05, 1.34978799906e-05, 7.31787167751e-06, 5.58587271371e-06, 7.87299450167e-06, 4.39545783593e-06, 4.12225199398e-06, 3.75801550945e-06, 5.20889352629e-06, 3.53805398845e-06, 2.23584606829e-06, 2.06676872949e-06, 2.34044728131e-06, 2.40653184846e-06, 2.20528204409e-06, 4.81246161144e-07, 3.07320995319e-08, 2.17334747421e-10, 1.0545380541e-10, 7.2513196836e-11, 5.1835476883e-11, 3.8478175507e-11, 2.95526624006e-11, 2.22461753879e-11, 1.7372922545e-11, 1.35699489839e-11, 1.09462395745e-11, 8.94610687613e-12, 7.46131195023e-12, 6.44102349581e-12, 5.58041937312e-12, 5.01855154655e-12, 4.62342143737e-12, 4.39764327384e-12, 4.21494956993e-12, 4.08038967198e-12, 4.01628643537e-12]
    },
    "mfcc": {
        "mean": [-607.140625, 67.2004547119, -23.6894779205, 4.49365472794, -4.77719926834, 5.85790777206, -9.89573192596, 0.814149022102, -7.09863328934, 1.61714088917, -9.89107894897, -3.2952709198, 2.48361849785],
        "cov": [[6242.62744141, -528.173522949, 159.722381592, -387.98739624, 334.885498047, -109.894500732, 291.724121094, -288.198028564, 22.7168216705, -278.268096924, -212.277938843, -172.644348145, -55.9735412598], [-528.173522949, 583.395874023, -11.9689350128, 156.274963379, 34.375202179, -4.39634609222, 65.0852737427, 30.0769901276, 36.9821929932, 27.0383052826, 10.1224164963, -20.9633216858, 45.3982009888], [159.722381592, -11.9689350128, 544.694152832, 195.17489624, 51.9625778198, 162.798858643, 54.5, 30.2919654846, 25.4165725708, -7.00764656067, -36.5156402588, -31.3668670654, -71.0487823486], [-387.98739624, 156.274963379, 195.17489624, 306.835968018, -11.2543945312, 135.356140137, 11.6164522171, 58.1138763428, 5.42026758194, 62.8222846985, -23.0204467773, 10.8316917419, -1.12204778194], [334.885498047, 34.375202179, 51.9625778198, -11.2543945312, 165.457229614, -21.9333782196, 89.9082946777, -33.8307800293, 35.9645385742, -19.2998485565, 14.7436056137, -18.7721290588, 22.2326221466], [-109.894500732, -4.39634609222, 162.798858643, 135.356140137, -21.9333782196, 208.646194458, 20.1818447113, 71.791305542, -4.12936067581, 44.9611358643, -12.3249883652, 7.78548526764, -18.8440990448], [291.724121094, 65.0852737427, 54.5, 11.6164522171, 89.9082946777, 20.1818447113, 186.126342773, 3.39057040215, 45.8942871094, 3.60707092285, -9.36873340607, -53.8303833008, 20.8407344818], [-288.198028564, 30.0769901276, 30.2919654846, 58.1138763428, -33.8307800293, 71.791305542, 3.39057040215, 121.768531799, 20.4543514252, 48.2844047546, 13.360994339, 5.7014465332, -5.74040460587], [22.7168216705, 36.9821929932, 25.4165725708, 5.42026758194, 35.9645385742, -4.12936067581, 45.8942871094, 20.4543514252, 80.4471817017, 25.8100795746, 10.6706104279, -9.31189155579, 14.4773683548], [-278.268096924, 27.0383052826, -7.00764656067, 62.8222846985, -19.2998485565, 44.9611358643, 3.60707092285, 48.2844047546, 25.8100795746, 114.715202332, 26.8810443878, 2.32045888901, 18.0829334259], [-212.277938843, 10.1224164963, -36.5156402588, -23.0204467773, 14.7436056137, -12.3249883652, -9.36873340607, 13.360994339, 10.6706104279, 26.8810443878, 79.985206604, 22.660774231, 9.09769058228], [-172.644348145, -20.9633216858, -31.3668670654, 10.8316917419, -18.7721290588, 7.78548526764, -53.8303833008, 5.7014465332, -9.31189155579, 2.32045888901, 22.660774231, 83.9142990112, 23.7338237762], [-55.9735412598, 45.3982009888, -71.0487823486, -1.12204778194, 22.2326221466, -18.8440990448, 20.8407344818, -5.74040460587, 14.4773683548, 18.0829334259, 9.09769058228, 23.7338237762, 72.8499298096]],
        "icov": [[0.00027289884747, 0.000189244296052, -6.29394389762e-06, 0.000259987864411, -0.00042401169776, -0.000142754492117, -0.000227356664254, 0.000328840804286, -0.000110013126687, 0.000173540334799, 0.000662480306346, 8.73384051374e-05, 0.000140641786857], [0.000189244296052, 0.00270584365353, 0.000586390669923, -0.00212311581708, -0.000219611320063, 0.000680442724843, -0.000536867708433, -0.000252387777437, -0.000777455454227, 0.00133852206636, -0.000699945376255, 0.00152785796672, -0.00121298409067], [-6.29394389762e-06, 0.000586390669923, 0.00400754483417, -0.00243742810562, -0.00138381659053, -0.00198660069145, -0.000105625251308, 0.000620073813479, -0.00202235905454, 0.00161650998052, 8.28393967822e-05, 0.000479929236462, 0.00332212867215], [0.000259987864411, -0.00212311581708, -0.00243742810562, 0.00839060079306, -0.000644932559226, -0.0023215089459, 0.000284383102553, -0.000108957137854, 0.00166794902179, -0.00397300114855, 0.0038996655494, -0.00241182907484, -0.000265257578576], [-0.00042401169776, -0.000219611320063, -0.00138381659053, -0.000644932559226, 0.0117421438918, 0.00091833708575, -0.0038462288212, 0.00242239213549, -0.00232997443527, 0.00220129895024, -0.00499395048246, 0.000488971360028, -0.00322225526907], [-0.000142754492117, 0.000680442724843, -0.00198660069145, -0.0023215089459, 0.00091833708575, 0.010385805741, -0.00235623610206, -0.00420302804559, 0.00324791786261, -0.00245525920764, 0.000842658453621, -0.00261992122978, 0.000954461516812], [-0.000227356664254, -0.000536867708433, -0.000105625251308, 0.000284383102553, -0.0038462288212, -0.00235623610206, 0.0112911323085, -0.000940925150644, -0.00295846560039, 0.00099373923149, -6.12647563685e-05, 0.00694707036018, -0.00459309807047], [0.000328840804286, -0.000252387777437, 0.000620073813479, -0.000108957137854, 0.00242239213549, -0.00420302804559, -0.000940925150644, 0.0138216949999, -0.00409335177392, -0.00187682243995, -0.00130760611501, -0.000399658922106, 0.00211766734719], [-0.000110013126687, -0.000777455454227, -0.00202235905454, 0.00166794902179, -0.00232997443527, 0.00324791786261, -0.00295846560039, -0.00409335177392, 0.0190138127655, -0.00503749912605, 0.000315279932693, -0.00120418414008, -0.00164692499675], [0.000173540334799, 0.00133852206636, 0.00161650998052, -0.00397300114855, 0.00220129895024, -0.00245525920764, 0.00099373923149, -0.00187682243995, -0.00503749912605, 0.016472755, -0.00629222718999, 0.00538741052151, -0.00498170079663], [0.000662480306346, -0.000699945376255, 8.28393967822e-05, 0.0038996655494, -0.00499395048246, 0.000842658453621, -6.12647563685e-05, -0.00130760611501, 0.000315279932693, -0.00629222718999, 0.0203295703977, -0.00682125380263, 0.00392528902739], [8.73384051374e-05, 0.00152785796672, 0.000479929236462, -0.00241182907484, 0.000488971360028, -0.00261992122978, 0.00694707036018, -0.000399658922106, -0.00120418414008, 0.00538741052151, -0.00682125380263, 0.0224347505718, -0.0108550572768], [0.000140641786857, -0.00121298409067, 0.00332212867215, -0.000265257578576, -0.00322225526907, 0.000954461516812, -0.00459309807047, 0.00211766734719, -0.00164692499675, -0.00498170079663, 0.00392528902739, -0.0108550572768, 0.0251479707658]]
    },
    "spectral_contrast_coeffs": {
        "max": [-0.452769547701, -0.575513720512, -0.531945765018, -0.642637610435, -0.623622894287, -0.355082452297],
        "mean": [-0.696288228035, -0.780197918415, -0.767788231373, -0.770796895027, -0.781154572964, -0.754683792591],
        "min": [-0.975598990917, -0.953062713146, -0.961210072041, -0.960978507996, -0.963975608349, -0.963061630726],
        "stdev": [0.0831717252731, 0.0578328967094, 0.0692043974996, 0.0484391562641, 0.0362125560641, 0.0551772415638]
    },
    "spectral_contrast_valleys": {
        "max": [-5.63960361481, -5.29297113419, -5.62392520905, -5.95467567444, -5.92610263824, -7.80896902084],
        "mean": [-7.68689441681, -6.83525323868, -7.04222631454, -7.05900812149, -6.99515628815, -9.40669059753],
        "min": [-27.1128978729, -27.3869228363, -27.2432384491, -27.2414836884, -27.1436958313, -27.1662693024],
        "stdev": [1.30755889416, 1.15457248688, 1.20205950737, 1.16930198669, 1.15682256222, 1.37574243546]
    }
},
"rhythm": {
    "beats_count": 27,
    "beats_loudness": {
        "max": 0.0722578689456,
        "mean": 0.0283661521971,
        "min": 0.000153855056851,
        "stdev": 0.0172259174287
    },
    "bpm": 129.994308472,
    "bpm_histogram_first_peak_bpm": 129,
    "bpm_histogram_first_peak_weight": 0.240000009537,
    "bpm_histogram_second_peak_bpm": 136,
    "bpm_histogram_second_peak_spread": 0,
    "bpm_histogram_second_peak_weight": 0.0384615398943,
    "danceability": 1.16860806942,
    "onset_rate": 4.31055927277,
    "beats_loudness_band_ratio": {
        "max": [0.712878406048, 0.317941188812, 0.332673221827, 0.422731906176, 0.49667775631, 0.49354198575],
        "mean": [0.233583286405, 0.0972564592957, 0.122740656137, 0.198647230864, 0.22494097054, 0.13953563571],
        "min": [0.00350967375562, 0.0184196364135, 0.00670848926529, 0.0340279787779, 0.0297013446689, 0.0188198648393],
        "stdev": [0.274510145187, 0.0771587342024, 0.094358868897, 0.109974600375, 0.148209765553, 0.109418675303]
    },
    "beats_position": [0.417959183455, 0.859138309956, 1.3235373497, 1.77632653713, 2.22911548615, 2.69351458549, 3.15791368484, 3.62231278419, 4.08671188354, 4.55111122131, 5.01551008224, 5.47990942001, 5.94430828094, 6.40870714188, 6.87310647964, 7.32589578629, 7.77868461609, 8.24308395386, 8.70748329163, 9.17188167572, 9.63628101349, 10.1006803513, 10.5534696579, 11.0062580109, 11.4706573486, 11.9350566864, 12.3994560242],
