{
"metadata": {
    "version": {
        "essentia": "2.1-beta5",
        "essentia_git_sha": "Undefined",
        "extractor": "music 2.0"
    },
    "audio_properties": {
        "analysis": {
            "equal_loudness": 0,
            "length": 97.5005874634,
            "sample_rate": 44100,
            "start_time": 77.7520217896,
            "downmix": "mix"
        },
        "bit_rate": 192000,
        "length": 235.53163147,
        "lossless": 0,
        "number_channels": 1,
        "replay_gain": -3.14047050476,
        "sample_rate": 48000,
        "codec": "mp3",
        "md5_encoded": "9babadde9bcede2a2fb26686b90409b5"
    },
    "tags": {
        "file_name": "Portugal_Só Sei Ser Feliz Assim_MTM.mp3",
        "encoding": ["Lavf58.29.100"]
    }
},
"lowlevel": {
    "average_loudness": 0.966689825058,
    "barkbands_crest": {
        "max": 24.1501235962,
        "mean": 8.79398727417,
        "min": 2.74079227448,
        "stdev": 3.44788765907
    },
    "barkbands_flatness_db": {
        "max": 0.318340390921,
        "mean": 0.162068814039,
        "min": 0.063362672925,
        "stdev": 0.0324982739985
    },
    "barkbands_kurtosis": {
        "max": 42.0036430359,
        "mean": 2.73100852966,
        "min": -1.91910517216,
        "stdev": 4.54652500153
    },
    "barkbands_skewness": {
        "max": 5.55506658554,
        "mean": 1.42061758041,
        "min": -2.00255465508,
        "stdev": 0.976133286953
    },
    "barkbands_spread": {
        "max": 97.0278015137,
        "mean": 29.182888031,
        "min": 3.05141019821,
        "stdev": 15.5899858475
    },
    "dissonance": {
        "max": 0.499878317118,
        "mean": 0.466616123915,
        "min": 0.315421015024,
        "stdev": 0.0240739658475
    },
    "dynamic_complexity": 1.84506630898,
    "erbbands_crest": {
        "max": 26.6170597076,
        "mean": 8.28902626038,
        "min": 2.32453370094,
        "stdev": 3.6810324192
    },
    "erbbands_flatness_db": {
        "max": 0.354067444801,
        "mean": 0.181832358241,
        "min": 0.117032915354,
        "stdev": 0.0279981289059
    },
    "erbbands_kurtosis": {
        "max": 43.2234191895,
        "mean": 0.131505742669,
        "min": -1.82957303524,
        "stdev": 2.14940619469
    },
    "erbbands_skewness": {
        "max": 5.21792888641,
        "mean": 0.245979011059,
        "min": -3.91026306152,
        "stdev": 0.864887773991
    },
    "erbbands_spread": {
        "max": 129.664657593,
        "mean": 49.5757369995,
        "min": 4.66988420486,
        "stdev": 19.5136623383
    },
    "hfc": {
        "max": 163.295791626,
        "mean": 26.9445228577,
        "min": 0.425793111324,
        "stdev": 19.1974468231
    },
    "loudness_ebu128": {
        "integrated": -23.6242332458,
        "loudness_range": 1.94383621216,
        "momentary": {
            "max": -20.671289444,
            "mean": -23.8362102509,
            "min": -31.2286262512,
            "stdev": 1.41241908073
        },
        "short_term": {
            "max": -21.4756660461,
            "mean": -23.7166938782,
            "min": -26.319480896,
            "stdev": 0.728661894798
        }
    },
    "melbands_crest": {
        "max": 27.4907131195,
        "mean": 11.9368877411,
        "min": 3.7653734684,
        "stdev": 3.92421126366
    },
    "melbands_flatness_db": {
        "max": 0.401713848114,
        "mean": 0.173748850822,
        "min": 0.049898378551,
        "stdev": 0.051836039871
    },
    "melbands_kurtosis": {
        "max": 128.86781311,
        "mean": 12.6094894409,
        "min": -1.8096114397,
        "stdev": 12.7333316803
    },
    "melbands_skewness": {
        "max": 9.94667434692,
        "mean": 2.7409901619,
        "min": -0.085608124733,
        "stdev": 1.31557512283
    },
    "melbands_spread": {
        "max": 237.54586792,
        "mean": 30.1097869873,
        "min": 2.29015207291,
        "stdev": 22.3713378906
    },
    "pitch_salience": {
        "max": 0.828473269939,
        "mean": 0.583094954491,
        "min": 0.22359482944,
        "stdev": 0.0928327739239
    },
    "silence_rate_20dB": {
        "max": 1,
        "mean": 1,
        "min": 1,
        "stdev": 0
    },
    "silence_rate_30dB": {
        "max": 1,
        "mean": 1,
        "min": 1,
        "stdev": 0
    },
    "silence_rate_60dB": {
        "max": 1,
        "mean": 0.0042857141234,
        "min": 0,
        "stdev": 0.0653278008103
    },
    "spectral_centroid": {
        "max": 4667.72460938,
        "mean": 1517.90441895,
        "min": 324.689758301,
        "stdev": 710.588989258
    },
    "spectral_complexity": {
        "max": 52,
        "mean": 20.0911903381,
        "min": 2,
        "stdev": 8.67302322388
    },
    "spectral_decrease": {
        "max": -1.58899504665e-10,
        "mean": -6.61380594735e-09,
        "min": -2.53518184223e-08,
        "stdev": 3.42722383806e-09
    },
    "spectral_energy": {
        "max": 0.100990779698,
        "mean": 0.027405994013,
        "min": 0.000640318612568,
        "stdev": 0.0138019314036
    },
    "spectral_energyband_high": {
        "max": 0.0218261964619,
        "mean": 0.00187679368537,
        "min": 9.87052771961e-06,
        "stdev": 0.0020457834471
    },
    "spectral_energyband_low": {
        "max": 0.0654637888074,
        "mean": 0.00698183011264,
        "min": 9.51098900259e-06,
        "stdev": 0.00701468903571
    },
    "spectral_energyband_middle_high": {
        "max": 0.0545965917408,
        "mean": 0.00559566216543,
        "min": 9.78604075499e-05,
        "stdev": 0.00526207173243
    },
    "spectral_energyband_middle_low": {
        "max": 0.0847431719303,
        "mean": 0.0138199059293,
        "min": 0.00035823174403,
        "stdev": 0.0103890541941
    },
    "spectral_entropy": {
        "max": 8.42524528503,
        "mean": 7.70859336853,
        "min": 5.94415187836,
        "stdev": 0.289749234915
    },
    "spectral_flux": {
        "max": 0.268497079611,
        "mean": 0.0941252410412,
        "min": 0.0102422647178,
        "stdev": 0.0383218191564
    },
    "spectral_kurtosis": {
        "max": 18.3894481659,
        "mean": 1.05313205719,
        "min": -1.36422729492,
        "stdev": 1.47728586197
    },
    "spectral_rms": {
        "max": 0.00992610678077,
        "mean": 0.00500170188025,
        "min": 0.000790380348917,
        "stdev": 0.00131168612279
    },
    "spectral_rolloff": {
        "max": 8720.94726562,
        "mean": 1905.59667969,
        "min": 129.19921875,
        "stdev": 1705.75708008
    },
    "spectral_skewness": {
        "max": 3.20299243927,
        "mean": 0.860162198544,
        "min": -0.555531680584,
        "stdev": 0.365471571684
    },
    "spectral_spread": {
        "max": 10632909,
        "mean": 4604094,
        "min": 2107513.25,
        "stdev": 1013846.25
    },
    "spectral_strongpeak": {
        "max": 7.6861038208,
        "mean": 0.930117666721,
        "min": 0.0326572172344,
        "stdev": 1.14230489731
    },
    "zerocrossingrate": {
        "max": 0.32080078125,
        "mean": 0.0737765058875,
        "min": 0.0107421875,
        "stdev": 0.0346224009991
    },
    "barkbands": {
        "max": [0.00133723381441, 0.0469911471009, 0.021977160126, 0.0247626882046, 0.0521976724267, 0.0639821961522, 0.0337358564138, 0.0681347697973, 0.0534150600433, 0.0262693315744, 0.011996679008, 0.0189532060176, 0.0237585771829, 0.0163845568895, 0.0122412964702, 0.0136529188603, 0.00747293001041, 0.00529203377664, 0.0136949466541, 0.00859631318599, 0.00586873758584, 0.00732242269441, 0.0115301245824, 0.0125414747745, 0.000246003706707, 9.72129419097e-06, 9.12702944333e-06],
        "mean": [0.000120012686239, 0.00441930862144, 0.00190139177721, 0.00112500495743, 0.004977514036, 0.00272251456045, 0.00138289702591, 0.00213683629408, 0.000943408871535, 0.00107162655331, 0.000547851028387, 0.000508756143972, 0.000507078540977, 0.000476519315271, 0.000467136065708, 0.000842652574647, 0.000494949053973, 0.000224430885282, 0.000392073387047, 0.000514891173225, 0.000420062424382, 0.000482055504108, 0.000482550181914, 0.000239092390984, 5.35651952305e-06, 3.31641225593e-09, 3.19083359734e-09],
        "min": [2.4551553679e-08, 2.25699409384e-06, 7.03584760231e-07, 2.94444043902e-06, 5.23363050888e-05, 7.85046904639e-06, 4.56662291981e-06, 3.51556082023e-06, 3.08652670356e-06, 1.78636310011e-06, 1.32493460114e-06, 5.42969722517e-08, 2.58741046366e-08, 1.42588572061e-08, 4.00758537467e-08, 4.01400557237e-09, 1.11601949904e-09, 1.81125514587e-09, 7.99433674814e-09, 1.31084107124e-07, 1.00034947081e-06, 8.84778259547e-08, 4.56909390323e-07, 1.85909510009e-08, 2.59460536389e-10, 1.13771464472e-10, 1.43857176171e-10],
        "stdev": [0.000151375585119, 0.00497611239552, 0.00235622585751, 0.00157077622134, 0.00530787417665, 0.00365781388246, 0.00220863637514, 0.00463138893247, 0.00240681041032, 0.00198937323876, 0.00108885229565, 0.00114527868573, 0.00107048498467, 0.000972081848886, 0.000883420172613, 0.00158691417892, 0.000703216181137, 0.000299349921988, 0.000637628894765, 0.000897170451935, 0.000560857646633, 0.00051626842469, 0.000735004490707, 0.000517196836881, 1.07012474473e-05, 1.49977182673e-07, 1.40808253946e-07]
    },
    "erbbands": {
        "max": [0.991872251034, 12.4758043289, 28.5419063568, 41.9597854614, 115.910224915, 238.567306519, 537.449829102, 424.406646729, 545.384765625, 891.132568359, 1764.52514648, 1115.94042969, 892.608337402, 840.842712402, 501.108520508, 859.416137695, 943.415649414, 918.544372559, 785.483886719, 795.754760742, 589.239257812, 240.818161011, 271.751617432, 558.496337891, 548.933837891, 482.449523926, 418.291381836, 238.151931763, 224.436737061, 286.079711914, 366.831542969, 331.788604736, 141.485687256, 7.15287494659, 0.245526820421, 0.0417929589748, 0.0176527500153, 0.00592933595181, 0.00131384050474, 0.000146696402226],
        "mean": [0.0914737656713, 1.08881390095, 2.46262526512, 3.11400389671, 7.74711942673, 17.7778892517, 24.4735221863, 22.0664520264, 23.0773696899, 32.3125991821, 38.6622657776, 22.9226036072, 34.0488853455, 22.4067497253, 24.4964160919, 22.6871623993, 22.5937709808, 27.1942481995, 22.1730289459, 39.8843688965, 38.9917144775, 23.7839164734, 13.5949859619, 16.5160694122, 22.1443443298, 25.0698013306, 16.681974411, 17.4578075409, 17.3821582794, 15.6071071625, 13.6000204086, 8.04445838928, 2.2783741951, 0.210376307368, 0.00741669954732, 0.000550299126189, 0.000103800084617, 2.79939395114e-05, 2.26588563237e-05, 3.59308396582e-05],
        "min": [2.57453702943e-05, 0.000918794830795, 0.00313556496985, 0.0171729847789, 0.0457627475262, 0.161916196346, 0.145685046911, 0.204206302762, 0.156031370163, 0.145992204547, 0.220676660538, 0.0897674933076, 0.0718740224838, 0.145717427135, 0.0610424987972, 0.0088397981599, 0.00182253262028, 0.000864157627802, 0.00365995499305, 0.0190563723445, 0.00130941555835, 0.00105047842953, 0.00148439768236, 0.00349278212525, 0.00568693317473, 0.0392709188163, 0.0476861856878, 0.049319114536, 0.00616718409583, 0.0290313363075, 0.0142680238932, 0.0114465020597, 0.000860264175572, 7.91416605352e-05, 1.0263652257e-05, 2.70459622698e-06, 1.10934638542e-06, 3.37870574185e-07, 3.98205742158e-07, 7.58296209824e-07],
        "stdev": [0.102556541562, 1.29692041874, 2.95174837112, 3.60352563858, 10.4051265717, 21.6178836823, 32.5725135803, 31.3469257355, 36.1622695923, 65.9751052856, 86.0888519287, 55.988948822, 62.7952423096, 46.3581390381, 47.3973312378, 45.8081092834, 45.2929115295, 53.8550300598, 42.0217208862, 76.153678894, 65.8295898438, 29.3785152435, 16.7218456268, 26.0729808807, 33.2943496704, 45.6282043457, 25.8309307098, 21.4977989197, 18.5159244537, 19.2132892609, 22.1567840576, 16.6813468933, 5.0529088974, 0.387282788754, 0.0133269745857, 0.00110820285045, 0.000306985893985, 9.77004965534e-05, 2.46318923018e-05, 1.78208247235e-05]
    },
    "gfcc": {
        "mean": [-0.325399398804, 123.117996216, -149.265441895, 72.654335022, -88.592666626, 17.2498836517, -30.8047027588, -18.2708873749, 5.20923995972, -23.3087215424, 6.55327033997, -14.2171840668, 3.55563950539],
        "cov": [[1642.06994629, -481.792236328, -292.847290039, 118.630149841, -56.7665061951, 79.6040725708, -52.4229545593, 161.400299072, 1.28118562698, 97.0529632568, -35.822303772, -43.4076004028, 60.2099914551], [-481.792236328, 701.827331543, 62.9686088562, -123.876502991, 191.207992554, -56.1469764709, 173.657913208, -42.7517852783, 91.5994262695, -51.3111305237, 73.8964385986, 37.9093284607, -34.8552932739], [-292.847290039, 62.9686088562, 499.782989502, 117.796989441, -35.178768158, 141.1590271, 4.78536128998, 2.39126563072, 5.7897605896, -2.47619557381, 24.0327320099, 29.6309890747, -14.3855419159], [118.630149841, -123.876502991, 117.796989441, 354.996063232, 170.147003174, -5.86105442047, -33.0341835022, 54.4937477112, 49.8487281799, 53.0477676392, -2.6931977272, 21.1416149139, 66.8196029663], [-56.7665061951, 191.207992554, -35.178768158, 170.147003174, 321.294525146, 14.8957252502, 31.4564285278, 24.2733135223, 82.930519104, 27.7558708191, 26.3790035248, 13.238776207, 41.5728225708], [79.6040725708, -56.1469764709, 141.1590271, -5.86105442047, 14.8957252502, 278.08013916, 75.4548568726, 22.2755508423, -31.1495628357, 18.391544342, 10.4969444275, -7.27927780151, -22.8385047913], [-52.4229545593, 173.657913208, 4.78536128998, -33.0341835022, 31.4564285278, 75.4548568726, 218.374435425, 24.666015625, 0.0822830945253, -4.15198564529, 33.705909729, 16.2668170929, -26.4769878387], [161.400299072, -42.7517852783, 2.39126563072, 54.4937477112, 24.2733135223, 22.2755508423, 24.666015625, 112.904129028, 38.203250885, 21.5358638763, 7.25929307938, -5.98237323761, 16.9730873108], [1.28118562698, 91.5994262695, 5.7897605896, 49.8487281799, 82.930519104, -31.1495628357, 0.0822830945253, 38.203250885, 115.843566895, 36.9759674072, 4.71126937866, 10.7561368942, 5.17201566696], [97.0529632568, -51.3111305237, -2.47619557381, 53.0477676392, 27.7558708191, 18.391544342, -4.15198564529, 21.5358638763, 36.9759674072, 79.3428268433, 21.0189208984, -13.2162351608, 13.0520763397], [-35.822303772, 73.8964385986, 24.0327320099, -2.6931977272, 26.3790035248, 10.4969444275, 33.705909729, 7.25929307938, 4.71126937866, 21.0189208984, 71.0186157227, 32.4287986755, -7.53414773941], [-43.4076004028, 37.9093284607, 29.6309890747, 21.1416149139, 13.238776207, -7.27927780151, 16.2668170929, -5.98237323761, 10.7561368942, -13.2162351608, 32.4287986755, 78.4098739624, 23.2197685242], [60.2099914551, -34.8552932739, -14.3855419159, 66.8196029663, 41.5728225708, -22.8385047913, -26.4769878387, 16.9730873108, 5.17201566696, 13.0520763397, -7.53414773941, 23.2197685242, 87.3392486572]],
        "icov": [[0.00119784474373, -0.000542094232515, 0.00173064379487, -0.0016671307385, 0.00178984377999, -0.00158815353643, 0.000839491258375, -0.0012485079933, -0.000115719310998, -0.00039728320553, -0.000103739039332, 5.54239450139e-05, -0.00020918577502], [-0.000542094232515, 0.0116850966588, -0.00699823815376, 0.0104447090998, -0.0110007887706, 0.0074805659242, -0.00877254735678, 0.00558731565252, -0.00811995659024, 0.00863983016461, -0.00810070428997, 0.00568726984784, -0.00368040567264], [0.00173064379487, -0.00699823815376, 0.0102990465239, -0.0117408605292, 0.0121335266158, -0.00971323717386, 0.00606530020013, -0.00136839039624, -0.00125996069983, 0.00154021952767, -0.0022805982735, 0.000694038870279, -5.47185336472e-05], [-0.0016671307385, 0.0104447090998, -0.0117408605292, 0.02004307881, -0.0185727924109, 0.0122393108904, -0.00746960286051, -0.000211656326428, 0.00202023563907, -0.00452444516122, 0.00476086651906, -0.00412263581529, -6.94597547408e-05], [0.00178984377999, -0.0110007887706, 0.0121335266158, -0.0185727924109, 0.0229089241475, -0.0135400854051, 0.00765198748559, 0.000426501646871, -0.00580868450925, 0.00505888089538, -0.00682459352538, 0.00575464405119, -0.00415523257107], [-0.00158815353643, 0.0074805659242, -0.00971323717386, 0.0122393108904, -0.0135400854051, 0.0143332593143, -0.00744339544326, -0.000373790011508, 0.00453596329316, -0.00487712910399, 0.00452254433185, -0.00314001692459, 0.00281087798066], [0.000839491258375, -0.00877254735678, 0.00606530020013, -0.00746960286051, 0.00765198748559, -0.00744339544326, 0.0128699978814, -0.00640461826697, 0.00655855005607, -0.0060849073343, 0.00458726007491, -0.00592287583277, 0.00468284171075], [-0.0012485079933, 0.00558731565252, -0.00136839039624, -0.000211656326428, 0.000426501646871, -0.000373790011508, -0.00640461826697, 0.0201401915401, -0.0163817629218, 0.0152065223083, -0.0160384401679, 0.0142258442938, -0.00959720555693], [-0.000115719310998, -0.00811995659024, -0.00125996069983, 0.00202023563907, -0.00580868450925, 0.00453596329316, 0.00655855005607, -0.0163817629218, 0.0353864319623, -0.0313114114106, 0.0284475181252, -0.0239353552461, 0.0156100057065], [-0.00039728320553, 0.00863983016461, 0.00154021952767, -0.00452444516122, 0.00505888089538, -0.00487712910399, -0.0060849073343, 0.0152065223083, -0.0313114114106, 0.0497527346015, -0.0386622585356, 0.0314541049302, -0.0183244626969], [-0.000103739039332, -0.00810070428997, -0.0022805982735, 0.00476086651906, -0.00682459352538, 0.00452254433185, 0.00458726007491, -0.0160384401679, 0.0284475181252, -0.0386622585356, 0.0524097271264, -0.0350956097245, 0.0197038277984], [5.54239450139e-05, 0.00568726984784, 0.000694038870279, -0.00412263581529, 0.00575464405119, -0.00314001692459, -0.00592287583277, 0.0142258442938, -0.0239353552461, 0.0314541049302, -0.0350956097245, 0.0408995896578, -0.0198045782745], [-0.00020918577502, -0.00368040567264, -5.47185336472e-05, -6.94597547408e-05, -0.00415523257107, 0.00281087798066, 0.00468284171075, -0.00959720555693, 0.0156100057065, -0.0183244626969, 0.0197038277984, -0.0198045782745, 0.0249456763268]]
    },
    "melbands": {
        "max": [0.0104906046763, 0.0147938476875, 0.00993163045496, 0.0112505983561, 0.0141601348296, 0.0101262843236, 0.00793473701924, 0.0108157340437, 0.0128691820428, 0.00718141766265, 0.00459351949394, 0.00355692766607, 0.00165154691786, 0.00198808917776, 0.00154862040654, 0.00307601736858, 0.0015465572942, 0.00147261936218, 0.000977255986072, 0.00108699232806, 0.000940933066886, 0.000317987025483, 0.000407320942031, 0.000319022772601, 0.00051602354506, 0.000690646818839, 0.00030502784648, 0.000330320879584, 0.000302811502479, 0.000221461988986, 0.0001898452756, 0.000112003261165, 0.000204949494218, 0.00018473417731, 0.000204941388802, 0.000367646600353, 0.000222286776989, 0.000132953631692, 1.73921143869e-05, 1.82597659659e-06],
        "mean": [0.00103490403853, 0.00136390514672, 0.000659560086206, 0.000899345381185, 0.000909594644327, 0.000501172500663, 0.000331984949298, 0.000393589521991, 0.000296394253382, 0.000132047760417, 0.000168643571669, 8.99706428754e-05, 7.76035667513e-05, 6.44934407319e-05, 4.85082236992e-05, 5.28523451067e-05, 4.96442225995e-05, 3.36525663442e-05, 3.77511823899e-05, 6.69818764436e-05, 4.20705036959e-05, 2.7309422876e-05, 1.50721843966e-05, 1.07767191366e-05, 1.32741106427e-05, 1.57633494382e-05, 1.76721769094e-05, 1.60366416821e-05, 9.86758732324e-06, 1.03995516838e-05, 9.98532505037e-06, 9.76862429525e-06, 9.30487749429e-06, 8.42135250423e-06, 7.84668009146e-06, 6.93773154126e-06, 4.19640809923e-06, 1.88231047105e-06, 4.73770768394e-07, 4.80210822218e-08],
        "min": [5.76636750793e-07, 1.54296662913e-06, 3.61708316632e-06, 9.08699894353e-06, 3.75807940145e-06, 3.29323961523e-06, 1.19998730952e-06, 1.22354651921e-06, 1.9814958705e-06, 4.62100160803e-07, 9.14475464242e-08, 4.5893577294e-07, 2.84246169713e-07, 1.57287090019e-08, 3.19365422996e-09, 2.18205320479e-09, 1.22444920869e-09, 1.51508794399e-09, 4.00179933635e-09, 8.49463277497e-10, 9.85419107424e-11, 6.46613596e-11, 1.2854721454e-10, 8.2224539677e-11, 6.38893105087e-11, 2.78200656956e-10, 5.26495014253e-10, 4.13378842268e-09, 3.48956019636e-09, 2.03103023289e-09, 1.58380135673e-08, 1.95541782766e-09, 1.62960922534e-09, 3.88563931031e-10, 1.54971271926e-10, 9.39559208213e-10, 3.23173543482e-10, 7.16649482813e-12, 1.91396464649e-12, 2.69152907427e-12],
        "stdev": [0.00114095315803, 0.00153815629892, 0.000709883170202, 0.00102555227932, 0.00111603608821, 0.000691303808708, 0.000514985935297, 0.000847975839861, 0.000676803698298, 0.000325844797771, 0.000319712504279, 0.000197617613594, 0.000151243293658, 0.000133865964017, 0.00010059766646, 0.000119392439956, 9.85849328572e-05, 7.36193323974e-05, 7.08877851139e-05, 0.000133042150992, 7.50418548705e-05, 3.72621252609e-05, 1.99641908694e-05, 1.59241299116e-05, 2.32327402045e-05, 2.8363076126e-05, 2.94143937936e-05, 3.17040394293e-05, 1.68206952367e-05, 1.60505951499e-05, 1.26055638248e-05, 1.07074993139e-05, 1.13693658932e-05, 1.15208495117e-05, 1.27940556922e-05, 1.39469993883e-05, 9.48493652686e-06, 4.52276117358e-06, 9.09849859454e-07, 9.55956309667e-08]
    },
    "melbands128": {
        "max": [0.00106261193287, 0.00642995396629, 0.016411902383, 0.0237527731806, 0.0192755050957, 0.00908528827131, 0.00819016993046, 0.014702421613, 0.0142106637359, 0.0182214863598, 0.0172456167638, 0.0232909098268, 0.023583451286, 0.024042442441, 0.0119435470551, 0.0201189592481, 0.0122437076643, 0.0142231602222, 0.00640707556158, 0.0137876104563, 0.0165611933917, 0.0252704098821, 0.0231405328959, 0.0202900301665, 0.0113099217415, 0.00920419581234, 0.00416424078867, 0.00854174792767, 0.00703230593354, 0.00515783997253, 0.00472303340212, 0.00379885081202, 0.00293270754628, 0.00320056639612, 0.00447855889797, 0.0028318958357, 0.00365448417142, 0.00306688039564, 0.0019197993679, 0.00325743225403, 0.00563206383958, 0.00526996701956, 0.00214939750731, 0.00171522935852, 0.00159177917521, 0.00229501677677, 0.00227877730504, 0.00115433777682, 0.00203915056773, 0.00251600472257, 0.00189375132322, 0.00157369684894, 0.00174247310497, 0.00233941152692, 0.000920000544284, 0.000700050848536, 0.000421932956669, 0.000783548108302, 0.000560807995498, 0.00043664284749, 0.00065720936982, 0.000582039065193, 0.000586502836086, 0.00109658611473, 0.000680730387103, 0.00143965519965, 0.000459677947219, 0.000493076397106, 0.000562238448765, 0.000721169752069, 0.000703571364284, 0.000354000367224, 0.000476110522868, 0.000526258605532, 0.0004908767296, 0.000342905870639, 0.000377992779249, 0.000277466722764, 0.00036106078187, 0.00014257406292, 0.000163996781339, 0.000184762277058, 0.000284781854134, 0.00017897428188, 0.000225766416406, 0.000164446129929, 0.000213612278458, 0.000257152336417, 0.000272410252364, 0.000243112983298, 0.000509069475811, 0.000521872541867, 0.000328383437591, 0.000226562406169, 0.000329188624164, 0.000209837802686, 0.000101672914752, 5.43204041605e-05, 1.85581066035e-05, 9.6995045169e-06, 3.00736360259e-06, 8.62576200689e-07, 1.94237273377e-07, 1.09902920542e-07, 9.83410330946e-08, 8.93883793651e-08, 8.20097838528e-08, 7.58648326382e-08, 7.06698486397e-08, 6.59596324226e-08, 6.20618010316e-08, 5.84712758211e-08, 5.54014114584e-08, 5.24369490051e-08, 4.98428569529e-08, 4.77329358262e-08, 4.56445796715e-08, 4.36711964369e-08, 4.20947259272e-08, 4.06880680259e-08, 3.94386923119e-08, 3.8264062141e-08, 3.73229909201e-08, 3.65138106417e-08, 3.57805198803e-08, 3.52656037705e-08, 3.48780204718e-08, 3.46427100339e-08],
        "mean": [0.000103762577055, 0.000580498075578, 0.00136048032437, 0.0020219348371, 0.00150183588266, 0.000847030896693, 0.000594625831582, 0.000565478636418, 0.000801526766736, 0.00083641713718, 0.000981689081527, 0.00125575333368, 0.000893483753316, 0.000498380570207, 0.000479604001157, 0.000530575693119, 0.000448825856438, 0.000288304872811, 0.000186365345144, 0.000354070565663, 0.000555694743525, 0.000358685327228, 0.00028708341415, 0.000190141596249, 0.000142736374983, 9.43460618146e-05, 0.000124880636577, 0.000246131879976, 0.000128317435156, 9.82095734798e-05, 7.59702525102e-05, 6.59256184008e-05, 7.56143781473e-05, 0.000100930512417, 5.04981071572e-05, 6.3488005253e-05, 7.05612183083e-05, 3.33674688591e-05, 5.03429400851e-05, 4.80568596686e-05, 5.08268931299e-05, 6.55085023027e-05, 4.97451001138e-05, 4.58671856904e-05, 3.1106708775e-05, 3.09534079861e-05, 3.84802660847e-05, 2.68633721134e-05, 3.7005997001e-05, 6.86237181071e-05, 8.31551442388e-05, 5.46315823158e-05, 3.24443426507e-05, 4.53371249023e-05, 4.3032807298e-05, 2.13151251955e-05, 1.73712251126e-05, 2.11779606616e-05, 1.09153288577e-05, 1.02547419374e-05, 1.15278626254e-05, 9.43746454141e-06, 1.38557988976e-05, 1.26913801068e-05, 1.54219324031e-05, 1.74327433342e-05, 1.37690549309e-05, 1.7098383978e-05, 1.71864612639e-05, 2.08375895454e-05, 1.92429506569e-05, 1.10496966954e-05, 1.13944388431e-05, 8.64565117809e-06, 9.72874750005e-06, 1.07143841888e-05, 1.06508823592e-05, 9.88373540167e-06, 1.03512702481e-05, 9.40512109082e-06, 9.57861630013e-06, 1.03233214759e-05, 9.42407405091e-06, 9.71205827227e-06, 8.39850235934e-06, 8.96133315109e-06, 8.34533148009e-06, 7.40766654417e-06, 7.74987711338e-06, 8.3350814748e-06, 7.62566924095e-06, 7.06186028765e-06, 4.99644147567e-06, 4.40558551418e-06, 3.49731953975e-06, 2.43554632107e-06, 1.64576249517e-06, 8.87852309006e-07, 5.22428933891e-07, 2.08400578572e-07, 8.40220550913e-08, 2.18979678834e-08, 1.97614569153e-09, 1.15089410224e-10, 3.78762993192e-11, 3.40908204444e-11, 2.76928618925e-11, 2.51878396612e-11, 2.36058065456e-11, 2.22600722577e-11, 2.11397011007e-11, 2.00505619052e-11, 1.91758865731e-11, 1.81852831405e-11, 1.73585867902e-11, 1.67053766653e-11, 1.60581704184e-11, 1.52386592928e-11, 1.47190350186e-11, 1.42620750279e-11, 1.38315487536e-11, 1.34648594358e-11, 1.31841022474e-11, 1.28857159318e-11, 1.24268919807e-11, 1.18575661442e-11, 1.15222041977e-11, 1.141739394e-11],
        "min": [8.54549586649e-09, 1.88091320297e-08, 1.11941297121e-07, 6.83261703216e-07, 7.44994565594e-07, 4.17086965854e-07, 2.58015745658e-07, 1.13741589303e-06, 2.28001954383e-06, 3.66430685972e-06, 2.51786036642e-06, 2.81127631752e-06, 1.55067891683e-06, 9.80480308499e-07, 6.07521997154e-07, 1.2335987094e-06, 4.28010423548e-07, 4.89615217703e-07, 5.32400008524e-07, 4.17978867517e-07, 7.66930895679e-07, 4.66480543082e-07, 3.47210232121e-07, 2.02853726705e-07, 8.03716915243e-08, 3.30863763054e-08, 9.91446000853e-08, 4.43504930558e-08, 7.5179267256e-09, 1.34875918434e-07, 1.42992305996e-07, 9.17092108921e-08, 3.80643072617e-08, 3.74494391053e-08, 8.9414369242e-09, 3.70570729658e-09, 4.42513448107e-09, 1.28102894958e-09, 2.03400829513e-09, 1.9088222114e-09, 1.66867220042e-09, 6.61061982932e-10, 1.28166599556e-09, 1.46775924748e-09, 1.38780831271e-09, 1.53767887312e-09, 8.1537410157e-10, 1.13392173429e-09, 2.55300380836e-09, 8.5413393025e-10, 3.11372427841e-10, 2.07792116846e-10, 1.18740545174e-10, 4.38741716569e-11, 5.8655240387e-11, 8.49944975512e-11, 3.70341292355e-11, 8.0616763265e-11, 6.78320663527e-11, 7.74487626809e-11, 5.76626385529e-11, 8.14657508119e-11, 4.36456565334e-11, 2.94736318684e-11, 1.14049061861e-10, 1.78143694241e-10, 1.95391702817e-10, 1.89225801694e-10, 3.06185493626e-10, 3.79719533594e-10, 6.3742883194e-10, 7.41810668448e-10, 7.19320158993e-10, 1.08127140575e-09, 9.05733432699e-10, 1.06132302946e-09, 6.14142736666e-10, 6.3721183885e-09, 3.21604232134e-09, 7.59739715583e-10, 3.12022768734e-10, 1.50975654201e-09, 2.00499150615e-09, 5.34183253187e-10, 1.64830316063e-10, 2.93147367492e-10, 1.06744765804e-10, 7.66182048362e-11, 5.8907885514e-11, 5.77219591569e-11, 3.9025371823e-10, 3.93631238715e-10, 2.72396938339e-10, 2.91232767069e-11, 9.06385730359e-12, 6.95961387479e-12, 2.68225806149e-12, 4.51973311208e-13, 1.2022778606e-12, 1.98632690157e-12, 1.85480493811e-12, 9.51202224625e-13, 5.71301957564e-13, 4.20375810984e-13, 4.17525768733e-13, 2.91934147212e-13, 4.55297475069e-13, 4.53645367798e-13, 5.21864181643e-13, 3.99644699929e-13, 4.80828755717e-13, 4.0800717839e-13, 4.28170140402e-13, 4.0067837828e-13, 4.51029377692e-13, 4.44304261351e-13, 5.06158103711e-13, 4.64887405915e-13, 4.34082132218e-13, 4.10926203004e-13, 3.30066811556e-13, 4.07402871204e-13, 4.30727475171e-13, 3.67436522831e-13, 2.92231299923e-13, 1.10677038281e-13, 1.53156923043e-14, 5.63862209691e-16],
        "stdev": [0.000136941409437, 0.000731513020582, 0.00172993249726, 0.0025007778313, 0.00190064415801, 0.00104894756805, 0.000788902339991, 0.000868069881108, 0.0012726666173, 0.00135489180684, 0.00140162126627, 0.00181925739162, 0.00142013526056, 0.000919613521546, 0.000873269396834, 0.00106606073678, 0.000920917198528, 0.000599608931225, 0.000404924387112, 0.000874406425282, 0.00148439349141, 0.00104491249658, 0.000923765532207, 0.000716639857274, 0.000514945248142, 0.00027766887797, 0.000266419840045, 0.000542201683857, 0.000340050290106, 0.000268323521595, 0.000240708279307, 0.000190074075363, 0.000188213438378, 0.000260600150796, 0.000204476091312, 0.000159863746376, 0.000188807418454, 0.000127986393636, 0.000129338048282, 0.000142440199852, 0.00015615450684, 0.000241972433287, 0.000119365628052, 0.000108333246317, 0.000107224521344, 9.85626029433e-05, 9.86774757621e-05, 6.89133739797e-05, 0.000111530920549, 0.000207036428037, 0.000211254038732, 0.00013990237494, 9.19842786971e-05, 0.00011906594591, 8.60911095515e-05, 4.13212219428e-05, 3.13237214868e-05, 3.69042791135e-05, 1.97165063582e-05, 1.94253134396e-05, 2.43507893174e-05, 1.82887106348e-05, 2.5903351343e-05, 3.3775515476e-05, 4.12050176237e-05, 4.50973238912e-05, 2.66169827228e-05, 3.84311715607e-05, 3.83150145353e-05, 5.10406462126e-05, 5.43976020708e-05, 2.67598479695e-05, 2.95551762974e-05, 1.76048615685e-05, 2.1200885385e-05, 2.1374615244e-05, 2.25291732932e-05, 1.59294995683e-05, 1.69829781953e-05, 1.26961867863e-05, 1.26032728076e-05, 1.34588171932e-05, 1.33520861709e-05, 1.47937480506e-05, 1.26497443489e-05, 1.35333111757e-05, 1.35775362651e-05, 1.35102127388e-05, 1.35726631925e-05, 1.49968172991e-05, 1.71180890902e-05, 1.6079919078e-05, 1.18095522339e-05, 1.06992847577e-05, 9.15975488169e-06, 6.90030765327e-06, 4.05962964578e-06, 2.02533965421e-06, 1.01375735539e-06, 4.08584071465e-07, 1.73173177132e-07, 5.83274264443e-08, 8.29113844247e-09, 1.88568360926e-09, 1.52012069599e-09, 1.38050582077e-09, 1.26528831856e-09, 1.17043152947e-09, 1.09028208684e-09, 1.0176106624e-09, 9.57471768537e-10, 9.02075358855e-10, 8.54711412757e-10, 8.08976552413e-10, 7.68955232822e-10, 7.36402883117e-10, 7.04184432987e-10, 6.73741340496e-10, 6.49420517362e-10, 6.27718932389e-10, 6.08443684325e-10, 5.90321513894e-10, 5.75802849845e-10, 5.63319502156e-10, 5.52010215316e-10, 5.44072231712e-10, 5.38095845659e-10, 5.34465804947e-10]
    },
    "mfcc": {
        "mean": [-612.218261719, 107.93850708, 7.8436422348, 34.6611328125, -12.9711933136, 21.5095672607, -21.2631912231, 12.1751880646, -12.9861154556, 7.9256939888, -12.4528083801, 6.71163845062, -6.12687158585],
        "cov": [[1997.67956543, -657.906738281, -287.406860352, -59.5931282043, 22.7746276855, -130.943878174, 45.042552948, -88.5925521851, 124.012718201, 83.0217666626, 26.8891429901, -57.7839126587, 20.508846283], [-657.906738281, 845.067687988, -127.350021362, 6.02021312714, -76.1747512817, 68.9729919434, -8.94561958313, 136.087234497, -60.1927337646, -17.5376319885, 71.0561218262, 66.544883728, -28.9054889679], [-287.406860352, -127.350021362, 604.348388672, -100.573646545, 11.1630191803, 59.8766174316, 55.0879440308, 12.4009609222, -1.49029946327, -32.1716880798, 5.8945851326, 18.250743866, 5.43122768402], [-59.5931282043, 6.02021312714, -100.573646545, 417.316650391, 136.56010437, -7.37745857239, -58.9314575195, 10.9994297028, 38.5194282532, 37.0031051636, -38.7579917908, 20.1542873383, 73.1237335205], [22.7746276855, -76.1747512817, 11.1630191803, 136.56010437, 312.942352295, 34.7484054565, -18.0513572693, -23.9487819672, 60.6937942505, 34.7290306091, -11.6529140472, -5.79651784897, 57.3306541443], [-130.943878174, 68.9729919434, 59.8766174316, -7.37745857239, 34.7484054565, 192.416168213, 67.8720245361, 43.6737556458, 3.9035615921, 24.4634838104, 16.1796550751, 20.0103321075, 2.1784787178], [45.042552948, -8.94561958313, 55.0879440308, -58.9314575195, -18.0513572693, 67.8720245361, 195.515182495, 42.7042198181, 13.830945015, 9.15800189972, 28.5177116394, 6.12557125092, 7.79042625427], [-88.5925521851, 136.087234497, 12.4009609222, 10.9994297028, -23.9487819672, 43.6737556458, 42.7042198181, 144.593017578, 1.80996799469, -5.19746875763, 32.5837402344, 26.9398803711, -9.72653770447], [124.012718201, -60.1927337646, -1.49029946327, 38.5194282532, 60.6937942505, 3.9035615921, 13.830945015, 1.80996799469, 115.391746521, 35.5013160706, -2.32790970802, -4.79146385193, 20.6442508698], [83.0217666626, -17.5376319885, -32.1716880798, 37.0031051636, 34.7290306091, 24.4634838104, 9.15800189972, -5.19746875763, 35.5013160706, 123.186416626, 12.3892507553, 2.71826434135, 7.12205171585], [26.8891429901, 71.0561218262, 5.8945851326, -38.7579917908, -11.6529140472, 16.1796550751, 28.5177116394, 32.5837402344, -2.32790970802, 12.3892507553, 124.81427002, 22.4530124664, -22.6086711884], [-57.7839126587, 66.544883728, 18.250743866, 20.1542873383, -5.79651784897, 20.0103321075, 6.12557125092, 26.9398803711, -4.79146385193, 2.71826434135, 22.4530124664, 86.5136795044, 20.3808364868], [20.508846283, -28.9054889679, 5.43122768402, 73.1237335205, 57.3306541443, 2.1784787178, 7.79042625427, -9.72653770447, 20.6442508698, 7.12205171585, -22.6086711884, 20.3808364868, 100.975921631]],
        "icov": [[0.000963440397754, 0.000853804231156, 0.000667882966809, 0.000317982106935, 7.94210645836e-05, 0.000362069549737, -0.000193845742615, -0.000215005289647, -0.000592107884586, -0.000292270618957, -0.000587968563195, -3.59911136911e-05, -0.000258838874288], [0.000853804231156, 0.00243679597043, 0.00101954711135, 0.000290592841338, 0.000258646177826, -0.000247362186201, 0.000328077963786, -0.00149855366908, 0.000121581593703, -6.58949429635e-05, -0.00103991478682, -0.000754124252126, -0.000153140848852], [0.000667882966809, 0.00101954711135, 0.00242813071236, 0.000739131122828, -0.000156394613441, -0.000354574614903, -0.000262558314716, -0.000452547188615, -0.000363784463843, 0.000400964112487, -0.000394906761358, -0.000639350153506, -0.000349824491423], [0.000317982106935, 0.000290592841338, 0.000739131122828, 0.00367153272964, -0.00114630395547, 0.000297244230751, 0.000939165242016, -0.00116055039689, -0.000352940784069, -0.000783946947195, 0.000665812054649, -0.000612069386989, -0.0018197306199], [7.94210645836e-05, 0.000258646177826, -0.000156394613441, -0.00114630395547, 0.00463587837294, -0.00123840512242, 0.000662914069835, 0.000741886091419, -0.00167941243853, -0.000154273860971, -0.000766910728998, 0.000985778751783, -0.00170506443828], [0.000362069549737, -0.000247362186201, -0.000354574614903, 0.000297244230751, -0.00123840512242, 0.00719896936789, -0.00226567126811, -0.00118490913883, 0.000435193447629, -0.00159989367239, 0.000389473745599, -0.0009418046684, 0.000569108000491], [-0.000193845742615, 0.000328077963786, -0.000262558314716, 0.000939165242016, 0.000662914069835, -0.00226567126811, 0.0070268441923, -0.00177162501495, -0.000649720546789, -0.00012078211148, -0.00109711708501, 0.000761251547374, -0.0018309316365], [-0.000215005289647, -0.00149855366908, -0.000452547188615, -0.00116055039689, 0.000741886091419, -0.00118490913883, -0.00177162501495, 0.00997627340257, -0.00113935745321, 0.00112470658496, -0.00103780929931, -0.00143978837878, 0.00139331351966], [-0.000592107884586, 0.000121581593703, -0.000363784463843, -0.000352940784069, -0.00167941243853, 0.000435193447629, -0.000649720546789, -0.00113935745321, 0.0113997561857, -0.00247129425406, 0.000371713220375, 0.000681169389281, -0.000895879755262], [-0.000292270618957, -6.58949429635e-05, 0.000400964112487, -0.000783946947195, -0.000154273860971, -0.00159989367239, -0.00012078211148, 0.00112470658496, -0.00247129425406, 0.00986987818033, -0.00112949265167, -0.000286026770482, 0.000440348318079], [-0.000587968563195, -0.00103991478682, -0.000394906761358, 0.000665812054649, -0.000766910728998, 0.000389473745599, -0.00109711708501, -0.00103780929931, 0.000371713220375, -0.00112949265167, 0.0104382447898, -0.00268368446268, 0.00265499297529], [-3.59911136911e-05, -0.000754124252126, -0.000639350153506, -0.000612069386989, 0.000985778751783, -0.0009418046684, 0.000761251547374, -0.00143978837878, 0.000681169389281, -0.000286026770482, -0.00268368446268, 0.0147972833365, -0.00417436053976], [-0.000258838874288, -0.000153140848852, -0.000349824491423, -0.0018197306199, -0.00170506443828, 0.000569108000491, -0.0018309316365, 0.00139331351966, -0.000895879755262, 0.000440348318079, 0.00265499297529, -0.00417436053976, 0.0140690701082]]
    },
    "spectral_contrast_coeffs": {
        "max": [-0.379907637835, -0.454854637384, -0.562934994698, -0.489779621363, -0.498883634806, -0.397880136967],
        "mean": [-0.699116885662, -0.740068614483, -0.764866769314, -0.781732678413, -0.781549036503, -0.650442838669],
        "min": [-0.879222989082, -0.912486553192, -0.910816550255, -0.906025409698, -0.880923211575, -0.794172048569],
        "stdev": [0.0762242972851, 0.0682071819901, 0.0559962578118, 0.0575408414006, 0.0469430573285, 0.0477002672851]
    },
    "spectral_contrast_valleys": {
        "max": [-4.98869419098, -4.45065450668, -5.21199798584, -5.76502847672, -6.00165462494, -8.19256782532],
        "mean": [-6.37362766266, -6.48354768753, -7.27337121964, -7.47647476196, -7.34443902969, -10.5194339752],
        "min": [-8.89978981018, -8.52936172485, -10.2950525284, -11.4200305939, -11.8805589676, -15.333442688],
        "stdev": [0.590821564198, 0.521755874157, 0.584347605705, 0.611883759499, 0.624120533466, 0.99042725563]
    }
},
"rhythm": {
    "beats_count": 146,
    "beats_loudness": {
        "max": 0.0652271509171,
        "mean": 0.0341782160103,
        "min": 0.00243869959377,
        "stdev": 0.0121575500816
    },
    "bpm": 90.0214538574,
    "bpm_histogram_first_peak_bpm": 91,
    "bpm_histogram_first_peak_weight": 0.455172419548,
    "bpm_histogram_second_peak_bpm": 0,
    "bpm_histogram_second_peak_spread": 0,
    "bpm_histogram_second_peak_weight": 0,
    "danceability": 1.32343101501,
    "onset_rate": 4.80965471268,
    "beats_loudness_band_ratio": {
        "max": [0.766088366508, 0.69495254755, 0.607787251472, 0.611276865005, 0.452899992466, 0.316346138716],
        "mean": [0.314381301403, 0.222163885832, 0.197606250644, 0.15650716424, 0.090103328228, 0.0822973027825],
        "min": [0.0249106828123, 0.0213605202734, 0.0188667904586, 0.00353049277328, 0.00359584600665, 0.00965528842062],
        "stdev": [0.157727241516, 0.13275963068, 0.130142882466, 0.122204534709, 0.0793582424521, 0.0556470490992]
    },
