{
"metadata": {
    "version": {
        "essentia": "2.1-beta5",
        "essentia_git_sha": "Undefined",
        "extractor": "music 2.0"
    },
    "audio_properties": {
        "analysis": {
            "equal_loudness": 0,
            "length": 48.7502937317,
            "sample_rate": 44100,
            "start_time": 77.7520217896,
            "downmix": "mix"
        },
        "bit_rate": 192000,
        "length": 228.170898438,
        "lossless": 0,
        "number_channels": 1,
        "replay_gain": 5.37904930115,
        "sample_rate": 48000,
        "codec": "mp3",
        "md5_encoded": "175d1f201404d05fafc440dff22d086d"
    },
    "tags": {
        "file_name": "Slovenia_Energy_Nua Derenda.mp3",
        "encoding": ["Lavf58.29.100"]
    }
},
"lowlevel": {
    "average_loudness": 0.92191272974,
    "barkbands_crest": {
        "max": 26.5811710358,
        "mean": 10.5508337021,
        "min": 2.32694244385,
        "stdev": 4.3685669899
    },
    "barkbands_flatness_db": {
        "max": 0.362734109163,
        "mean": 0.141936391592,
        "min": 0.0298250354826,
        "stdev": 0.0402369871736
    },
    "barkbands_kurtosis": {
        "max": 167.39805603,
        "mean": 3.06734204292,
        "min": -1.78380966187,
        "stdev": 9.72187042236
    },
    "barkbands_skewness": {
        "max": 10.8477907181,
        "mean": 1.1534870863,
        "min": -1.88366663456,
        "stdev": 1.46081531048
    },
    "barkbands_spread": {
        "max": 102.290107727,
        "mean": 32.4651374817,
        "min": 1.10467755795,
        "stdev": 15.1783628464
    },
    "dissonance": {
        "max": 0.49991235137,
        "mean": 0.470310151577,
        "min": 0.171981155872,
        "stdev": 0.0243567097932
    },
    "dynamic_complexity": 3.07917714119,
    "erbbands_crest": {
        "max": 27.5907154083,
        "mean": 9.23554325104,
        "min": 2.4147875309,
        "stdev": 4.56235170364
    },
    "erbbands_flatness_db": {
        "max": 0.314905017614,
        "mean": 0.175232410431,
        "min": 0.0705145075917,
        "stdev": 0.038029987365
    },
    "erbbands_kurtosis": {
        "max": 16.7632389069,
        "mean": 0.320131242275,
        "min": -1.70436549187,
        "stdev": 2.08775353432
    },
    "erbbands_skewness": {
        "max": 3.16274452209,
        "mean": -0.0110093904659,
        "min": -2.95999097824,
        "stdev": 0.776869237423
    },
    "erbbands_spread": {
        "max": 160.656814575,
        "mean": 45.2698936462,
        "min": 6.48251771927,
        "stdev": 23.1407699585
    },
    "hfc": {
        "max": 117.398757935,
        "mean": 21.3731784821,
        "min": 1.18065963754e-16,
        "stdev": 18.5444755554
    },
    "loudness_ebu128": {
        "integrated": -33.7592391968,
        "loudness_range": 5.44703483582,
        "momentary": {
            "max": -30.1017932892,
            "mean": -34.4589080811,
            "min": -43.2201309204,
            "stdev": 2.55122232437
        },
        "short_term": {
            "max": -31.0444412231,
            "mean": -34.250579834,
            "min": -38.1779251099,
            "stdev": 2.0484354496
        }
    },
    "melbands_crest": {
        "max": 39.6039886475,
        "mean": 15.0767021179,
        "min": 1.64615905285,
        "stdev": 5.97925043106
    },
    "melbands_flatness_db": {
        "max": 0.427038192749,
        "mean": 0.159456208348,
        "min": 0.00508640706539,
        "stdev": 0.0638044551015
    },
    "melbands_kurtosis": {
        "max": 390.752502441,
        "mean": 15.7624368668,
        "min": -1.79964411259,
        "stdev": 31.5910682678
    },
    "melbands_skewness": {
        "max": 15.7681627274,
        "mean": 2.68425655365,
        "min": -0.875076830387,
        "stdev": 2.23317170143
    },
    "melbands_spread": {
        "max": 175.303039551,
        "mean": 38.7778511047,
        "min": 0.721405982971,
        "stdev": 26.0193691254
    },
    "pitch_salience": {
        "max": 0.931118786335,
        "mean": 0.520161151886,
        "min": 0.0229136906564,
        "stdev": 0.119167491794
    },
    "silence_rate_20dB": {
        "max": 1,
        "mean": 1,
        "min": 1,
        "stdev": 0
    },
    "silence_rate_30dB": {
        "max": 1,
        "mean": 1,
        "min": 1,
        "stdev": 0
    },
    "silence_rate_60dB": {
        "max": 1,
        "mean": 0.0509281307459,
        "min": 0,
        "stdev": 0.219851136208
    },
    "spectral_centroid": {
        "max": 11383.5400391,
        "mean": 1902.64782715,
        "min": 197.156982422,
        "stdev": 813.067199707
    },
    "spectral_complexity": {
        "max": 47,
        "mean": 15.9828653336,
        "min": 0,
        "stdev": 8.66784667969
    },
    "spectral_decrease": {
        "max": 9.78044823102e-29,
        "mean": -4.04681355093e-09,
        "min": -1.5710375223e-08,
        "stdev": 2.64694799412e-09
    },
    "spectral_energy": {
        "max": 0.0663749873638,
        "mean": 0.0172122232616,
        "min": 1.03849052394e-20,
        "stdev": 0.0111828492954
    },
    "spectral_energyband_high": {
        "max": 0.00692512793466,
        "mean": 0.00104150781408,
        "min": 7.49868628965e-21,
        "stdev": 0.000937978620641
    },
    "spectral_energyband_low": {
        "max": 0.0434012822807,
        "mean": 0.00516843888909,
        "min": 3.35796504118e-23,
        "stdev": 0.00574464583769
    },
    "spectral_energyband_middle_high": {
        "max": 0.0485651940107,
        "mean": 0.00602641562,
        "min": 1.4171548656e-21,
        "stdev": 0.00699710240588
    },
    "spectral_energyband_middle_low": {
        "max": 0.0514547340572,
        "mean": 0.00594476936385,
        "min": 2.6356572382e-22,
        "stdev": 0.00635227467865
    },
    "spectral_entropy": {
        "max": 9.80203819275,
        "mean": 7.70594978333,
        "min": 6.35436820984,
        "stdev": 0.381071656942
    },
    "spectral_flux": {
        "max": 0.242728307843,
        "mean": 0.07999381423,
        "min": 6.57503565482e-11,
        "stdev": 0.0423809215426
    },
    "spectral_kurtosis": {
        "max": 12.8802604675,
        "mean": 1.88729786873,
        "min": -1.3702327013,
        "stdev": 1.72215175629
    },
    "spectral_rms": {
        "max": 0.00804711692035,
        "mean": 0.00386207783595,
        "min": 3.18301981994e-12,
        "stdev": 0.00136994873174
    },
    "spectral_rolloff": {
        "max": 19681.3476562,
        "mean": 2270.33398438,
        "min": 21.533203125,
        "stdev": 1826.9276123
    },
    "spectral_skewness": {
        "max": 2.74235630035,
        "mean": 1.0600476265,
        "min": -0.114294290543,
        "stdev": 0.31968870759
    },
    "spectral_spread": {
        "max": 42251476,
        "mean": 4841513.5,
        "min": 2265859.75,
        "stdev": 1907905.25
    },
    "spectral_strongpeak": {
        "max": 14.4069013596,
        "mean": 1.25020217896,
        "min": 0,
        "stdev": 1.82567346096
    },
    "zerocrossingrate": {
        "max": 0.626953125,
        "mean": 0.0834524035454,
        "min": 0,
        "stdev": 0.0453228205442
    },
    "barkbands": {
        "max": [0.00229792390019, 0.0169537216425, 0.03509888798, 0.0259750615805, 0.0365983434021, 0.0177387446165, 0.0140534993261, 0.0177996270359, 0.0227694474161, 0.0302904378623, 0.0203239899129, 0.0226772278547, 0.0106930695474, 0.0221433565021, 0.0172792188823, 0.0229512266815, 0.0136515200138, 0.0124988602474, 0.0108610168099, 0.00581560842693, 0.00127316487487, 0.0016362380702, 0.00298535055481, 0.00302236923017, 0.00123570486903, 1.38350642374e-05, 1.42052276715e-05],
        "mean": [0.000161547432072, 0.00291805993766, 0.0016012795968, 0.00112703233026, 0.00157576298807, 0.00062969251303, 0.000545132847037, 0.000360753561836, 0.00082256377209, 0.00138234649785, 0.000362158578355, 0.000493000610732, 0.000242110414547, 0.000510032114107, 0.000359231809853, 0.000689411535859, 0.000865589012392, 0.000716215814464, 0.000539540196769, 0.00047259486746, 0.000121750192193, 0.000168378493981, 0.000213145336602, 0.000295200443361, 3.96615214413e-05, 3.39193491072e-08, 8.99664431842e-09],
        "min": [2.83276677292e-24, 1.21274489968e-23, 1.95220769e-24, 4.720576789e-24, 2.49108137481e-23, 2.31034718831e-23, 2.7280378358e-23, 2.19327770562e-23, 4.20602333091e-23, 1.45287494809e-23, 3.44410297223e-23, 2.99470027413e-23, 9.33532126113e-23, 7.98316507575e-23, 1.52012915834e-22, 1.42077887998e-22, 1.94922430483e-22, 2.24820157817e-22, 1.39806473462e-22, 2.45174384759e-22, 2.68223789693e-22, 3.72956750003e-22, 4.86897370529e-22, 6.45565394638e-22, 1.15013415821e-21, 1.3189004097e-21, 2.54429447311e-21],
        "stdev": [0.000204857409699, 0.00290697370656, 0.00393395265564, 0.00285661173984, 0.0027768490836, 0.00118444580585, 0.00112290726975, 0.000910813338123, 0.00216514547355, 0.0033577461727, 0.00117275235243, 0.00160062289797, 0.000588006863836, 0.0014958975371, 0.00084382732166, 0.0016685097944, 0.00192356423941, 0.00117053359281, 0.000814151251689, 0.00068310793722, 0.000148153296323, 0.000187576239114, 0.000242186812102, 0.000329067610437, 6.58449644106e-05, 3.03673346025e-07, 3.09798622311e-07]
    },
    "erbbands": {
        "max": [0.597423195839, 4.34937572479, 29.5173511505, 49.3424491882, 137.314712524, 108.023925781, 70.2459182739, 213.816955566, 241.417816162, 216.524047852, 489.705932617, 643.125549316, 1185.86755371, 599.542297363, 953.557922363, 869.823181152, 411.626556396, 995.452453613, 1246.19750977, 656.330749512, 1416.61950684, 769.912353516, 822.265197754, 688.989074707, 219.137237549, 318.226013184, 152.631088257, 42.7683105469, 64.1677703857, 134.80178833, 75.3523788452, 60.7040214539, 66.2136688232, 25.3377304077, 2.81745743752, 0.11652662605, 0.0254354923964, 0.00889585819095, 0.00202793860808, 0.000226457967074],
        "mean": [0.0896666869521, 0.634575903416, 1.66727936268, 3.05277085304, 5.15317630768, 4.81323051453, 3.98405051231, 6.09285879135, 8.8706111908, 7.31531667709, 8.09284877777, 20.6199817657, 50.2819328308, 15.5767860413, 17.987285614, 20.5628223419, 12.9597702026, 19.0048084259, 23.0154056549, 29.1573104858, 40.373500824, 48.2288360596, 40.9980125427, 36.5185508728, 21.6192874908, 22.4599208832, 8.13798904419, 4.25740671158, 5.30593156815, 7.10622930527, 5.95837068558, 6.49349880219, 4.30750370026, 0.972747683525, 0.0447132326663, 0.00221640476957, 0.000195062661078, 3.85541352443e-05, 1.89497895917e-05, 2.41530742642e-05],
        "min": [3.54632634512e-22, 2.18611860358e-21, 2.39580707133e-21, 1.24824971401e-20, 4.43137682433e-20, 6.48877630991e-20, 8.14968389408e-20, 3.23170883326e-19, 6.18540536456e-19, 2.46388902791e-19, 6.79658326978e-19, 8.89877387467e-19, 5.12274090727e-19, 8.6290819757e-19, 1.90488962403e-18, 1.07085240798e-18, 4.81627524661e-18, 4.89402774265e-18, 6.00630401154e-18, 7.24715930279e-18, 7.48607636065e-18, 1.00466619233e-17, 1.17116135418e-17, 9.89183770085e-18, 6.529289781e-18, 1.23113897962e-17, 1.02946663874e-17, 1.29805011568e-17, 1.55222691877e-17, 1.13383640068e-17, 1.47089835551e-17, 1.44877193586e-17, 1.03270926946e-17, 1.21665744592e-17, 8.10986897701e-18, 5.00764058619e-18, 2.64884283886e-18, 1.06234899128e-18, 3.43766181313e-19, 3.61382963474e-20],
        "stdev": [0.0999073162675, 0.685110390186, 3.48826241493, 6.86733484268, 12.4423503876, 8.46644115448, 6.33612394333, 12.3633699417, 18.8153591156, 14.9137945175, 22.0074462891, 54.4828681946, 121.379859924, 33.7054710388, 62.2108726501, 66.9437866211, 28.5648269653, 52.2433166504, 64.0069961548, 56.1478042603, 87.5172958374, 106.428207397, 72.5973739624, 55.0483551025, 28.7574100494, 32.6376800537, 10.5718317032, 4.7400393486, 6.17996835709, 8.86030673981, 6.71960115433, 6.89148664474, 5.55380344391, 1.4476006031, 0.117430046201, 0.00506255542859, 0.000604686560109, 0.000196571243578, 4.56072048109e-05, 1.60285435413e-05]
    },
    "gfcc": {
        "mean": [-28.588300705, 91.9087219238, -147.737136841, 68.4394989014, -74.0612487793, 29.8864135742, -39.4653091431, 10.699133873, -4.92441558838, -21.4340877533, 9.09286594391, -16.5745582581, 6.436024189],
        "cov": [[7882.56884766, 207.411697388, -1129.26416016, 435.300384521, -305.841308594, 209.40725708, -63.1707077026, 178.130828857, -69.4290084839, -135.925048828, 3.12687349319, -126.23299408, 99.391166687], [207.411697388, 745.907043457, 236.174453735, 39.4323921204, 39.3004760742, -45.966999054, 30.3106098175, -114.400337219, 31.9455432892, -76.5757522583, 38.6124725342, -74.2624206543, -15.8496780396], [-1129.26416016, 236.174453735, 910.802062988, 176.988388062, 52.4239349365, 125.810043335, -47.892578125, -64.1021499634, 2.52468156815, 15.7885360718, -27.850725174, -17.4563922882, -60.9540214539], [435.300384521, 39.4323921204, 176.988388062, 322.664855957, 114.151618958, 70.1877746582, 33.7937355042, 41.8251152039, 36.8493270874, -2.16942405701, -19.3292007446, 3.29451203346, 6.87513303757], [-305.841308594, 39.3004760742, 52.4239349365, 114.151618958, 259.616149902, 43.068649292, 66.8936157227, 55.9910049438, 28.0638313293, 2.47084093094, 22.3255329132, 10.9785404205, 22.1665725708], [209.40725708, -45.966999054, 125.810043335, 70.1877746582, 43.068649292, 283.810333252, 114.641334534, -37.8816184998, -8.03516292572, 54.3129692078, 14.6123199463, 22.3891086578, -20.3139896393], [-63.1707077026, 30.3106098175, -47.892578125, 33.7937355042, 66.8936157227, 114.641334534, 228.081207275, 38.9091644287, 34.8927764893, 15.5328464508, 9.31367778778, 14.3380022049, 8.03700447083], [178.130828857, -114.400337219, -64.1021499634, 41.8251152039, 55.9910049438, -37.8816184998, 38.9091644287, 247.582138062, 78.2061309814, 2.18593239784, 1.84461271763, 18.2467269897, 58.7035675049], [-69.4290084839, 31.9455432892, 2.52468156815, 36.8493270874, 28.0638313293, -8.03516292572, 34.8927764893, 78.2061309814, 133.005233765, 48.7492713928, 30.0065746307, 30.7649593353, 22.3635120392], [-135.925048828, -76.5757522583, 15.7885360718, -2.16942405701, 2.47084093094, 54.3129692078, 15.5328464508, 2.18593239784, 48.7492713928, 134.292495728, 60.5877380371, 40.1602287292, 8.27529335022], [3.12687349319, 38.6124725342, -27.850725174, -19.3292007446, 22.3255329132, 14.6123199463, 9.31367778778, 1.84461271763, 30.0065746307, 60.5877380371, 113.61151886, 43.1052284241, 9.872133255], [-126.23299408, -74.2624206543, -17.4563922882, 3.29451203346, 10.9785404205, 22.3891086578, 14.3380022049, 18.2467269897, 30.7649593353, 40.1602287292, 43.1052284241, 97.3678436279, 38.9961128235], [99.391166687, -15.8496780396, -60.9540214539, 6.87513303757, 22.1665725708, -20.3139896393, 8.03700447083, 58.7035675049, 22.3635120392, 8.27529335022, 9.872133255, 38.9961128235, 82.1787033081]],
        "icov": [[0.000715422851499, -0.00114876031876, 0.00174136087298, -0.00203263317235, 0.00172026071232, -0.00216064276174, 0.00167442671955, -0.00157269567717, 0.00110715802293, 4.66324854642e-05, -0.000252070516581, 0.000619255413767, -0.000233158134506], [-0.00114876031876, 0.00514688901603, -0.00392807694152, 0.00317936507054, -0.00271498691291, 0.00439038593322, -0.00411869958043, 0.0054502543062, -0.00469311000779, 0.00344047369435, -0.00348992971703, 0.00316524249502, -0.00262248283252], [0.00174136087298, -0.00392807694152, 0.00608674483374, -0.00555229140446, 0.00395366968587, -0.0062770829536, 0.00536652235314, -0.00461555831134, 0.00330988969654, -0.00115522241686, 0.00112191215158, 7.62972285884e-06, 0.00134685251396], [-0.00203263317235, 0.00317936507054, -0.00555229140446, 0.0102311158553, -0.00652681244537, 0.00516393501312, -0.00438325246796, 0.00409210240468, -0.00429189065471, 0.000274162070127, 0.001944850781, -0.0019275440136, 0.000461277668364], [0.00172026071232, -0.00271498691291, 0.00395366968587, -0.00652681244537, 0.00940567534417, -0.0052289487794, 0.00278083910234, -0.00438165524974, 0.00286096241325, 0.000853132631164, -0.00248272926547, 0.00216263765469, -0.00168966606725], [-0.00216064276174, 0.00439038593322, -0.0062770829536, 0.00516393501312, -0.0052289487794, 0.0130868637934, -0.00884592626244, 0.00615735957399, -0.001927884412, -0.00192004931159, 0.000125486898469, -0.00216439180076, 0.00121413671877], [0.00167442671955, -0.00411869958043, 0.00536652235314, -0.00438325246796, 0.00278083910234, -0.00884592626244, 0.0114150512964, -0.0055342996493, 0.00182262901217, -0.000334399315761, 0.00135578564368, -0.000176609944901, 0.000886547320988], [-0.00157269567717, 0.0054502543062, -0.00461555831134, 0.00409210240468, -0.00438165524974, 0.00615735957399, -0.0055342996493, 0.0123108522967, -0.00823116768152, 0.00361936213449, -0.00239288178273, 0.00319393933751, -0.00571413896978], [0.00110715802293, -0.00469311000779, 0.00330988969654, -0.00429189065471, 0.00286096241325, -0.001927884412, 0.00182262901217, -0.00823116768152, 0.0166746228933, -0.00726428302005, 0.00222671637312, -0.00450527155772, 0.00308740092441], [4.66324854642e-05, 0.00344047369435, -0.00115522241686, 0.000274162070127, 0.000853132631164, -0.00192004931159, -0.000334399315761, 0.00361936213449, -0.00726428302005, 0.0163183230907, -0.0090443585068, 0.00320770894177, -0.00363216595724], [-0.000252070516581, -0.00348992971703, 0.00112191215158, 0.001944850781, -0.00248272926547, 0.000125486898469, 0.00135578564368, -0.00239288178273, 0.00222671637312, -0.0090443585068, 0.0184113960713, -0.00956397503614, 0.00521005876362], [0.000619255413767, 0.00316524249502, 7.62972285884e-06, -0.0019275440136, 0.00216263765469, -0.00216439180076, -0.000176609944901, 0.00319393933751, -0.00450527155772, 0.00320770894177, -0.00956397503614, 0.0223362445831, -0.011901455], [-0.000233158134506, -0.00262248283252, 0.00134685251396, 0.000461277668364, -0.00168966606725, 0.00121413671877, 0.000886547320988, -0.00571413896978, 0.00308740092441, -0.00363216595724, 0.00521005876362, -0.011901455, 0.022203495726]]
    },
    "melbands": {
        "max": [0.00453795539215, 0.0108469491825, 0.0107751619071, 0.00839043222368, 0.00244393991306, 0.00416767178103, 0.0033597801812, 0.00223710457794, 0.00368147925474, 0.00416918797418, 0.00589908100665, 0.00283789238892, 0.00324823777191, 0.00202831113711, 0.00301448465325, 0.00081924512051, 0.00212803366594, 0.00253715692088, 0.00131038040854, 0.00210042926483, 0.00181067199446, 0.000956315430813, 0.00074779021088, 0.000600979547016, 0.000702395860571, 0.000248977390584, 0.000283434928861, 0.000290550058708, 0.000154566732817, 5.51835182705e-05, 2.820120244e-05, 3.98224692617e-05, 4.14776004618e-05, 9.20036036405e-05, 6.20714345132e-05, 4.18056661147e-05, 4.23104720539e-05, 5.21391921211e-05, 5.67767237953e-05, 1.30047483253e-05],
        "mean": [0.0008082833956, 0.000861800333951, 0.00060177652631, 0.000364076287951, 0.000157139584189, 0.000138791961945, 0.000125593986013, 8.03970324341e-05, 7.09630257916e-05, 0.000135344947921, 0.000252348545473, 6.31074944977e-05, 5.21001238667e-05, 5.16370309924e-05, 4.90312850161e-05, 2.14867686736e-05, 3.92795955122e-05, 4.17333940277e-05, 2.75497041002e-05, 5.03105948155e-05, 4.68099206046e-05, 5.3861313063e-05, 3.91428729927e-05, 3.22956766468e-05, 3.03742763208e-05, 1.48142135004e-05, 1.72979089257e-05, 1.42523349496e-05, 5.717442491e-06, 2.88863111564e-06, 2.27521672969e-06, 2.78440779766e-06, 3.69825852431e-06, 3.9620458665e-06, 3.28200781041e-06, 3.62584569302e-06, 4.18567969973e-06, 3.3411847653e-06, 1.95621146304e-06, 4.13433554058e-07],
        "min": [2.77512746759e-24, 1.61209188844e-24, 2.74203593591e-24, 5.71176158375e-24, 3.42972345788e-24, 5.91491535495e-24, 8.04785166998e-24, 3.12272305104e-24, 5.57313190143e-24, 5.93123885923e-24, 2.37054753057e-24, 3.13511250599e-24, 5.0066043426e-24, 4.05199942246e-24, 3.60882880439e-24, 7.84530611054e-24, 8.28288646581e-24, 8.11470447626e-24, 1.16393768104e-23, 1.00743722266e-23, 6.92876096806e-24, 9.91265810763e-24, 1.02799091466e-23, 1.03630684967e-23, 7.88909499053e-24, 4.29915230507e-24, 6.29953040575e-24, 8.38355616136e-24, 6.37554307042e-24, 6.20278568762e-24, 8.56845963552e-24, 8.83124419141e-24, 7.08042026595e-24, 6.07657740912e-24, 7.38013376739e-24, 9.98615075615e-24, 7.84273363513e-24, 6.99443679386e-24, 7.46132175404e-24, 1.08587531908e-23],
        "stdev": [0.000813774124254, 0.00134075421374, 0.00126420543529, 0.00069787557004, 0.000240172739723, 0.000262288900558, 0.00025615064078, 0.000174049986526, 0.000217542736209, 0.00034922795021, 0.000611132767517, 0.000161305884831, 0.000185238546692, 0.000154443870997, 0.000180633098353, 4.57585374534e-05, 0.000117755924293, 0.000132180517539, 6.59659708617e-05, 0.000123930774862, 0.000111400193418, 0.000125236547319, 8.2069200289e-05, 5.43686983292e-05, 4.99375964864e-05, 2.20442707359e-05, 2.77254421235e-05, 2.24268260354e-05, 8.81141568243e-06, 4.23761139245e-06, 2.63023935076e-06, 3.47098466591e-06, 4.36474056187e-06, 5.36532388651e-06, 4.21050435762e-06, 4.01571787734e-06, 4.68185908176e-06, 4.34958428741e-06, 3.05294906866e-06, 7.86453085766e-07]
    },
    "melbands128": {
        "max": [0.00136648188345, 0.0052154767327, 0.00756550487131, 0.00847391039133, 0.0130355600268, 0.0182778667659, 0.0119478078559, 0.0180208906531, 0.0168801788241, 0.0101950392127, 0.00666972342879, 0.0050298939459, 0.00321715278551, 0.00451268255711, 0.00786788575351, 0.00678185280412, 0.00591967254877, 0.00554447900504, 0.00291751744226, 0.00428803311661, 0.00421643815935, 0.0046556009911, 0.00595037778839, 0.00931259710342, 0.00692547811195, 0.00539840431884, 0.00502850068733, 0.0115990750492, 0.0076573160477, 0.00579989189282, 0.00283507769927, 0.00200477638282, 0.00555601483211, 0.0067594666034, 0.00380049925297, 0.00369314430282, 0.00430416595191, 0.00604611169547, 0.00186743005179, 0.00132585212123, 0.00174498406705, 0.00126586528495, 0.00418742280453, 0.00474302237853, 0.0046980525367, 0.00466750562191, 0.00319465715438, 0.00218026828952, 0.00138204556424, 0.00176350434776, 0.00442356383428, 0.00407357793301, 0.00464247399941, 0.00309878587723, 0.00254142330959, 0.00173771521077, 0.00234167976305, 0.0017457799986, 0.00132149248384, 0.00164944783319, 0.000755507790018, 0.000936046300922, 0.00113688292913, 0.00103558995761, 0.000573187367991, 0.000379195029382, 0.000283833331196, 0.000408108870033, 0.000630496244412, 0.000455908768345, 0.00047998901573, 0.0004233745276, 0.000398995878641, 0.000110407549073, 9.91684646579e-05, 0.000111727895273, 7.14954148862e-05, 2.42244204856e-05, 2.46384952334e-05, 6.62595557515e-05, 7.74830914452e-05, 6.68730281177e-05, 6.02847758273e-05, 4.27218037657e-05, 8.81476444192e-05, 0.000212415572605, 7.15609639883e-05, 4.99620946357e-05, 0.000128932588268, 6.75043193041e-05, 4.29477113357e-05, 6.74963303027e-05, 6.90543020028e-05, 6.84799815645e-05, 6.10096649325e-05, 8.00823836471e-05, 6.13597148913e-05, 0.000101008110505, 0.000103196573036, 5.54135112907e-05, 1.89387028513e-05, 1.87938148883e-05, 2.14961746678e-05, 9.7827467016e-07, 4.71278468694e-07, 2.25428721023e-06, 2.39663137336e-07, 1.04720037086e-07, 9.47974143628e-08, 9.129301759e-08, 8.77321184589e-08, 8.34899580582e-08, 8.01119881544e-08, 7.7126507847e-08, 7.39633350122e-08, 7.14028942639e-08, 6.86812100525e-08, 6.6559337597e-08, 6.4494003027e-08, 6.31430765452e-08, 6.12755997054e-08, 5.96461688929e-08, 5.87208255354e-08, 5.78763099668e-08, 5.71494069845e-08, 5.63076909543e-08, 5.57023049907e-08, 5.54152634891e-08],
        "mean": [0.000120562734082, 0.000688179628924, 0.00112260691822, 0.00100326375104, 0.00083687325241, 0.000800078152679, 0.000599830993451, 0.000583739485592, 0.000546790426597, 0.000363291997928, 0.000243774513365, 0.000206043958315, 0.000120937482279, 0.000109772394353, 0.000136940128868, 0.00014196234406, 0.000188388628885, 0.000111640831165, 6.94140981068e-05, 7.74952713982e-05, 9.68253953033e-05, 5.66398448427e-05, 5.47394738533e-05, 9.8269447335e-05, 0.000131945882458, 0.000139401774504, 0.000167398175108, 0.000392996531446, 0.000191944374819, 5.76547936362e-05, 3.37865967595e-05, 2.75251350104e-05, 4.64780569018e-05, 8.63801542437e-05, 3.9411115722e-05, 4.09639251302e-05, 6.71489469823e-05, 6.48702043691e-05, 2.52166428254e-05, 2.1696643671e-05, 2.54503156611e-05, 1.15425100375e-05, 3.18776837958e-05, 5.62132590858e-05, 6.27412227914e-05, 3.62948267139e-05, 2.12280938285e-05, 2.31843441725e-05, 3.04550230794e-05, 4.21463228122e-05, 5.99713166594e-05, 5.16568215971e-05, 3.68868059013e-05, 4.6501896577e-05, 6.47639244562e-05, 5.66689195693e-05, 4.60221745016e-05, 3.1380175642e-05, 4.22391385655e-05, 4.34209578088e-05, 2.78188344964e-05, 2.22899234359e-05, 4.55805202364e-05, 2.68726471404e-05, 1.93329360627e-05, 1.28471046992e-05, 1.32349650812e-05, 1.51042504513e-05, 1.85575354408e-05, 2.06405547942e-05, 1.39670173667e-05, 1.26113018268e-05, 7.73430110712e-06, 4.03582725994e-06, 3.69312010662e-06, 3.25729615724e-06, 2.36497453443e-06, 2.15945760829e-06, 2.21729328587e-06, 2.36412824961e-06, 2.80595668301e-06, 2.86197996502e-06, 3.0151379633e-06, 3.6216783883e-06, 4.51548885394e-06, 4.3119748625e-06, 3.75445438294e-06, 3.22181676893e-06, 3.33638831762e-06, 3.13998475576e-06, 3.48527078131e-06, 3.7664692627e-06, 3.91550793211e-06, 4.19556681663e-06, 4.55901545138e-06, 3.65640630662e-06, 3.07688742396e-06, 2.86187014353e-06, 2.2056369744e-06, 1.47455000388e-06, 6.62258742068e-07, 2.12942339317e-07, 1.14839110665e-07, 7.19814474692e-09, 2.69502908878e-09, 1.01379313833e-08, 3.65937724567e-09, 1.21403498365e-09, 2.02708586028e-10, 5.79080706997e-11, 5.41976880042e-11, 5.35620679754e-11, 5.36750054125e-11, 5.0892578346e-11, 4.90501771144e-11, 4.80594383734e-11, 4.6362608197e-11, 4.25892862643e-11, 4.11289891034e-11, 4.03112057623e-11, 3.90766932701e-11, 3.82464372672e-11, 3.80164996705e-11, 3.71736148808e-11, 3.47681640422e-11, 3.0914139304e-11, 2.9042043076e-11, 2.86779107406e-11],
        "min": [3.40497856761e-25, 3.59435044576e-24, 1.45066097051e-24, 2.08415217058e-24, 1.04188823779e-24, 8.79120200629e-25, 2.78092835626e-24, 1.69546501979e-24, 5.87333134119e-24, 1.39258483346e-24, 3.20538364378e-24, 6.09068934185e-24, 1.71282193185e-24, 2.024468335e-24, 7.87252496721e-24, 3.64487895889e-24, 5.44247129198e-24, 5.9009651387e-24, 1.95749858009e-24, 9.10574944541e-25, 4.16642488005e-24, 6.01073750025e-24, 5.72450405395e-24, 6.11013870747e-24, 2.03966889578e-24, 7.68654469792e-24, 2.28990267466e-24, 1.70930045677e-24, 1.33120080541e-24, 1.92905363636e-24, 2.57039853838e-24, 2.43685089523e-24, 3.42906712561e-24, 9.49271273791e-24, 5.28285002097e-24, 7.7490235663e-25, 2.37702900899e-24, 1.51838625695e-24, 4.44848091342e-24, 1.23372157889e-23, 3.33400978096e-24, 7.78599156047e-25, 4.18367529589e-24, 5.98422112421e-24, 8.11852808506e-24, 4.77178727238e-24, 1.01498417606e-23, 1.03978880282e-23, 1.06522822595e-23, 4.93896425314e-24, 7.50180925114e-24, 8.6773879159e-24, 6.68322958903e-24, 2.52663490194e-24, 5.35616833122e-24, 7.02296042647e-24, 1.04920385772e-23, 8.185728779e-24, 5.60697127325e-24, 9.73488672492e-24, 9.91211379361e-24, 6.35257222972e-24, 5.27206510911e-24, 7.2945257931e-24, 6.89321883998e-24, 2.74665491372e-24, 3.64754294217e-24, 4.17122628195e-24, 6.34385452786e-24, 6.8597608824e-24, 8.34339367496e-24, 8.10953980391e-24, 7.20115148319e-24, 4.73380480309e-24, 5.718103631e-24, 7.30067733044e-24, 4.61632684822e-24, 7.0446272801e-24, 6.41650151748e-24, 6.35632365776e-24, 5.32955176985e-24, 5.51501375753e-24, 7.62880560168e-24, 7.8137280085e-24, 4.44559604909e-24, 5.78481286459e-24, 5.77869012067e-24, 8.45173583168e-24, 3.72598135413e-24, 9.23277912533e-24, 9.01486261115e-24, 8.09903296551e-24, 9.26116155184e-24, 5.0671912267e-24, 5.87002759172e-24, 5.89275940756e-24, 7.03275571234e-24, 7.3432276988e-24, 5.13177329686e-24, 8.0052389816e-24, 8.3113619779e-24, 1.02105698508e-23, 8.24520021378e-24, 7.91622628364e-24, 8.71739263012e-24, 8.1436209616e-24, 8.02403280381e-24, 7.16975639688e-24, 7.12576241306e-24, 8.46957670991e-24, 9.71632877213e-24, 6.2203137825e-24, 9.29548725641e-24, 8.67897747062e-24, 6.60404609795e-24, 5.6096478783e-24, 6.6839648074e-24, 1.1430881662e-23, 9.38042627666e-24, 7.95120516504e-24, 8.86987234335e-24, 8.19021581983e-24, 8.90888861486e-24, 9.45910962993e-24, 9.16503727282e-24, 7.81261571463e-24, 9.97237251158e-24, 1.12453147558e-23],
        "stdev": [0.0001649071055, 0.000880641280673, 0.00126950105187, 0.00124115706421, 0.00165188661776, 0.00204165000468, 0.00151264946908, 0.00161054194905, 0.00145525019616, 0.000783445197158, 0.000515457242727, 0.000415276299464, 0.000236224499531, 0.000299175531836, 0.000386889383662, 0.000325245375279, 0.000469617196359, 0.000311261916067, 0.000199622882064, 0.000216847227421, 0.000276930397376, 0.000214395928197, 0.000243847840466, 0.000477641064208, 0.000511263671797, 0.000489577767439, 0.000482086557895, 0.00115316198207, 0.000547498988453, 0.000255934894085, 0.000120617129141, 8.9545173978e-05, 0.000256658648141, 0.000374296447262, 0.000190733248019, 0.000197050336283, 0.0002993705275, 0.000325582252117, 9.50861503952e-05, 5.73291472392e-05, 7.45735451346e-05, 4.16724942625e-05, 0.000145066325786, 0.000213364546653, 0.000261687702732, 0.000177112480742, 0.000105464896478, 0.000101842051663, 8.87276328285e-05, 0.000124443671666, 0.00021102881874, 0.000191837039893, 0.000173466600245, 0.000159932955285, 0.00021959694277, 0.000186375022167, 0.000181025869097, 0.000123308578623, 0.000114047754323, 0.000121592289361, 7.42309712223e-05, 5.65711052332e-05, 0.000106293889985, 5.91357747908e-05, 5.18387168995e-05, 2.73867717624e-05, 2.44896655204e-05, 3.44834916177e-05, 4.73529980809e-05, 4.350384188e-05, 3.25788496411e-05, 2.91236610792e-05, 1.76594494405e-05, 7.34128525437e-06, 6.91314698997e-06, 6.70043982609e-06, 4.16046532337e-06, 3.05523099087e-06, 2.92023059956e-06, 3.44386853612e-06, 3.88034322896e-06, 4.74988701171e-06, 4.78191941511e-06, 4.82759696752e-06, 6.58439785184e-06, 8.30428234622e-06, 5.85056704949e-06, 4.33004424849e-06, 5.80553796681e-06, 4.58459544461e-06, 4.36490972788e-06, 4.79289292343e-06, 5.28578448211e-06, 5.40273958904e-06, 6.008408036e-06, 5.28386271981e-06, 4.58997601527e-06, 5.00870601172e-06, 4.15221575167e-06, 2.4520243187e-06, 1.03459990441e-06, 8.01865382982e-07, 7.2900388659e-07, 4.35085851791e-08, 1.71275793548e-08, 6.74362610198e-08, 1.34038948829e-08, 2.82978085409e-09, 2.07940109576e-09, 1.99098248999e-09, 1.91335391975e-09, 1.82079473721e-09, 1.74708114642e-09, 1.68199387751e-09, 1.61300428569e-09, 1.55714974248e-09, 1.49779277869e-09, 1.45156897613e-09, 1.40653466651e-09, 1.37707134584e-09, 1.33634403543e-09, 1.30079802485e-09, 1.28061439231e-09, 1.2622011214e-09, 1.24639276677e-09, 1.22811127934e-09, 1.21494436733e-09, 1.2086888157e-09]
    },
    "mfcc": {
        "mean": [-641.516174316, 82.6870498657, 3.87907600403, 21.7134952545, 13.1257104874, 1.14993417263, 0.576093018055, 15.5936040878, -4.7514166832, 10.2276926041, -6.65118122101, 1.91418588161, -1.84358334541],
        "cov": [[5470.50976562, -451.808990479, -669.270202637, 25.7001667023, -144.652023315, -64.0362014771, 80.1147460938, 120.458900452, 80.9900817871, 61.8066139221, -19.0365524292, -93.9792633057, -1.07516682148], [-451.808990479, 666.49407959, 181.325393677, 39.7110328674, 38.1804580688, 19.6740188599, -2.55684280396, -25.0096073151, -65.8628463745, 10.4211177826, -10.5355901718, -5.0678653717, -35.4151229858], [-669.270202637, 181.325393677, 755.109985352, 70.7485275269, 103.211761475, 174.506729126, 2.49680614471, -27.3509216309, -0.221594065428, -35.1053848267, 26.4470767975, 46.5532989502, -45.5999183655], [25.7001667023, 39.7110328674, 70.7485275269, 283.738830566, 126.21875, -22.6650905609, 4.94870185852, 48.1410331726, 75.9230117798, 0.279208242893, -13.8501214981, 47.4746360779, -0.428420692682], [-144.652023315, 38.1804580688, 103.211761475, 126.21875, 240.57975769, -15.4155302048, 20.09416008, 18.0164737701, 32.2079696655, 5.42531824112, -26.6309490204, 48.7490844727, 12.0466604233], [-64.0362014771, 19.6740188599, 174.506729126, -22.6650905609, -15.4155302048, 355.808654785, 91.0708999634, -1.41136908531, -20.2298183441, -17.0050430298, 55.401512146, 7.97774457932, 17.7243919373], [80.1147460938, -2.55684280396, 2.49680614471, 4.94870185852, 20.09416008, 91.0708999634, 162.076507568, 52.6637878418, 12.0035638809, 26.1765670776, 13.2870187759, -8.4690284729, 7.05097532272], [120.458900452, -25.0096073151, -27.3509216309, 48.1410331726, 18.0164737701, -1.41136908531, 52.6637878418, 144.700332642, 73.3962860107, 29.3281974792, 13.2024259567, -1.90839862823, 12.0129127502], [80.9900817871, -65.8628463745, -0.221594065428, 75.9230117798, 32.2079696655, -20.2298183441, 12.0035638809, 73.3962860107, 151.287506104, 28.9504508972, 11.3438940048, 4.8144197464, 8.81371593475], [61.8066139221, 10.4211177826, -35.1053848267, 0.279208242893, 5.42531824112, -17.0050430298, 26.1765670776, 29.3281974792, 28.9504508972, 120.186737061, 30.6997127533, -9.2578420639, 7.70361375809], [-19.0365524292, -10.5355901718, 26.4470767975, -13.8501214981, -26.6309490204, 55.401512146, 13.2870187759, 13.2024259567, 11.3438940048, 30.6997127533, 99.3477554321, 21.3310375214, 16.5600585938], [-93.9792633057, -5.0678653717, 46.5532989502, 47.4746360779, 48.7490844727, 7.97774457932, -8.4690284729, -1.90839862823, 4.8144197464, -9.2578420639, 21.3310375214, 118.819854736, 40.355594635], [-1.07516682148, -35.4151229858, -45.5999183655, -0.428420692682, 12.0466604233, 17.7243919373, 7.05097532272, 12.0129127502, 8.81371593475, 7.70361375809, 16.5600585938, 40.355594635, 91.6461868286]],
        "icov": [[0.000220631380216, 0.000111353263492, 0.000175822729943, -0.00012262960081, 9.90507178358e-05, -6.3016799686e-05, -4.94549349241e-05, -9.04090702534e-05, 1.1204348084e-05, -7.23335324437e-05, 5.91304233239e-05, 6.25079264864e-05, 0.000114145339467], [0.000111353263492, 0.00183550803922, -0.000338002399076, -0.00048746005632, 3.25888117914e-06, 2.82967739622e-05, 3.46341512341e-05, -0.000195827960852, 0.00115113216452, -0.000599185703322, 0.000186869336176, 0.000241595800617, 0.000356763746822], [0.000175822729943, -0.000338002399076, 0.00210853735916, -7.76935485192e-05, -0.00077248935122, -0.00114999746438, 0.000470632949146, 0.000174365981366, -0.000414213805925, 0.000334144366207, -0.000401309138397, -0.000654006842524, 0.00155735365115], [-0.00012262960081, -0.00048746005632, -7.76935485192e-05, 0.00569275440648, -0.00226904498413, 3.17520207318e-05, 0.000321171741234, -0.000826063216664, -0.00228438293561, 0.000539358996321, 0.000473502499517, -0.00172037282027, 0.00102017971221], [9.90507178358e-05, 3.25888117914e-06, -0.00077248935122, -0.00226904498413, 0.00654057459906, 0.000523135007825, -0.00124352762941, 0.000279480300378, -0.000166767538758, -0.00091535091633, 0.00231113983318, -0.00169858674053, -0.000871100579388], [-6.3016799686e-05, 2.82967739622e-05, -0.00114999746438, 3.17520207318e-05, 0.000523135007825, 0.00459107197821, -0.00278982636519, 0.000677639502101, 0.000388783781091, 0.0013741661096, -0.00220551853999, 0.000652894610539, -0.00143458589446], [-4.94549349241e-05, 3.46341512341e-05, 0.000470632949146, 0.000321171741234, -0.00124352762941, -0.00278982636519, 0.00916847959161, -0.0033860381227, 0.000930343638174, -0.00171284459066, 0.000602001789957, 0.000530474819243, 0.000402069155825], [-9.04090702534e-05, -0.000195827960852, 0.000174365981366, -0.000826063216664, 0.000279480300378, 0.000677639502101, -0.0033860381227, 0.0109717920423, -0.00447868695483, -0.000332367053488, -0.000857968407217, 0.00060278509045, -0.00099103525281], [1.1204348084e-05, 0.00115113216452, -0.000414213805925, -0.00228438293561, -0.000166767538758, 0.000388783781091, 0.000930343638174, -0.00447868695483, 0.0107940565795, -0.00158094253857, -0.000732699118089, 0.000903821608517, -0.000480374292238], [-7.23335324437e-05, -0.000599185703322, 0.000334144366207, 0.000539358996321, -0.00091535091633, 0.0013741661096, -0.00171284459066, -0.000332367053488, -0.00158094253857, 0.0108310962096, -0.00422430317849, 0.00164947053418, -0.000755128567107], [5.91304233239e-05, 0.000186869336176, -0.000401309138397, 0.000473502499517, 0.00231113983318, -0.00220551853999, 0.000602001789957, -0.000857968407217, -0.000732699118089, -0.00422430317849, 0.0143769597635, -0.00342495925725, -0.000599807652179], [6.25079264864e-05, 0.000241595800617, -0.000654006842524, -0.00172037282027, -0.00169858674053, 0.000652894610539, 0.000530474819243, 0.00060278509045, 0.000903821608517, 0.00164947053418, -0.00342495925725, 0.0126783605665, -0.00545168295503], [0.000114145339467, 0.000356763746822, 0.00155735365115, 0.00102017971221, -0.000871100579388, -0.00143458589446, 0.000402069155825, -0.00099103525281, -0.000480374292238, -0.000755128567107, -0.000599807652179, -0.00545168295503, 0.0149399666116]]
    },
    "spectral_contrast_coeffs": {
        "max": [-0.41033962369, -0.491956174374, -0.455636590719, -0.546653151512, -0.560744047165, -0.607122540474],
        "mean": [-0.73493885994, -0.756079733372, -0.746629536152, -0.767315745354, -0.757109344006, -0.750494003296],
        "min": [-0.97521686554, -0.974365890026, -0.963463425636, -0.968046188354, -0.96327984333, -0.963292360306],
        "stdev": [0.0893823727965, 0.0734405815601, 0.0787801295519, 0.0615278892219, 0.0610804967582, 0.0325555242598]
    },
    "spectral_contrast_valleys": {
        "max": [-5.58236980438, -5.47028541565, -5.77397108078, -6.028632164, -5.93076467514, -8.28873634338],
        "mean": [-7.09606599808, -7.2928314209, -7.77117729187, -7.90918684006, -7.60879325867, -10.0743541718],
        "min": [-27.1492519379, -27.0622520447, -27.502779007, -27.2864627838, -27.3720417023, -27.3997745514],
        "stdev": [1.20201385021, 1.09138011932, 1.1291077137, 1.10815882683, 1.15021193027, 1.08893954754]
    }
},
"rhythm": {
    "beats_count": 104,
    "beats_loudness": {
        "max": 0.0548103824258,
        "mean": 0.0292677842081,
        "min": 0.00561643159017,
        "stdev": 0.0106942988932
    },
    "bpm": 129.881790161,
    "bpm_histogram_first_peak_bpm": 129,
    "bpm_histogram_first_peak_weight": 0.285714268684,
    "bpm_histogram_second_peak_bpm": 123,
    "bpm_histogram_second_peak_spread": 0.200000047684,
    "bpm_histogram_second_peak_weight": 0.038834951818,
    "danceability": 1.09871816635,
    "onset_rate": 4.142578125,
    "beats_loudness_band_ratio": {
        "max": [0.968731284142, 0.744484603405, 0.602853178978, 0.647027432919, 0.587502300739, 0.411287873983],
        "mean": [0.594337582588, 0.0860741659999, 0.0828926637769, 0.0953249186277, 0.112305469811, 0.0741990059614],
        "min": [0.00140001636464, 0.0029386554379, 0.00273140147328, 0.00162748340517, 0.00156537699513, 0.00301557616331],
        "stdev": [0.265497714281, 0.110257059336, 0.0988411530852, 0.129907637835, 0.132150828838, 0.0596852786839]
    },
