{
"metadata": {
    "version": {
        "essentia": "2.1-beta5",
        "essentia_git_sha": "Undefined",
        "extractor": "music 2.0"
    },
    "audio_properties": {
        "analysis": {
            "equal_loudness": 0,
            "length": 32.4963264465,
            "sample_rate": 44100,
            "start_time": 61.4980506897,
            "downmix": "mix"
        },
        "bit_rate": 192000,
        "length": 183.019683838,
        "lossless": 0,
        "number_channels": 2,
        "replay_gain": -5.1287612915,
        "sample_rate": 44100,
        "codec": "mp3",
        "md5_encoded": "47ddde32803be3b95395d56eca6bc49a"
    },
    "tags": {
        "file_name": "Israel_Ein Davar_Tal Sondak.mp3",
        "encoding": ["Lavf58.29.100"]
    }
},
"lowlevel": {
    "average_loudness": 0.96596121788,
    "barkbands_crest": {
        "max": 23.2768802643,
        "mean": 9.79484653473,
        "min": 2.57681918144,
        "stdev": 3.75198316574
    },
    "barkbands_flatness_db": {
        "max": 0.321207404137,
        "mean": 0.185677707195,
        "min": 0.0754663273692,
        "stdev": 0.0371560044587
    },
    "barkbands_kurtosis": {
        "max": 41.0717163086,
        "mean": 3.31017684937,
        "min": -1.849152565,
        "stdev": 5.5730214119
    },
    "barkbands_skewness": {
        "max": 5.24162864685,
        "mean": 1.29932403564,
        "min": -1.04722642899,
        "stdev": 1.09613502026
    },
    "barkbands_spread": {
        "max": 64.8317337036,
        "mean": 17.6193237305,
        "min": 2.00976419449,
        "stdev": 9.42685127258
    },
    "dissonance": {
        "max": 0.499893039465,
        "mean": 0.456692397594,
        "min": 0.293013930321,
        "stdev": 0.0308471135795
    },
    "dynamic_complexity": 2.17077302933,
    "erbbands_crest": {
        "max": 27.9340896606,
        "mean": 10.3419561386,
        "min": 2.56714677811,
        "stdev": 4.43189382553
    },
    "erbbands_flatness_db": {
        "max": 0.35865393281,
        "mean": 0.228887885809,
        "min": 0.117032460868,
        "stdev": 0.0421131290495
    },
    "erbbands_kurtosis": {
        "max": 19.4975242615,
        "mean": 0.591084241867,
        "min": -1.82362771034,
        "stdev": 2.14777851105
    },
    "erbbands_skewness": {
        "max": 3.87251591682,
        "mean": 0.63380998373,
        "min": -2.74321389198,
        "stdev": 0.78376352787
    },
    "erbbands_spread": {
        "max": 93.000869751,
        "mean": 32.8461952209,
        "min": 8.09360313416,
        "stdev": 16.1969928741
    },
    "hfc": {
        "max": 104.597480774,
        "mean": 23.8825092316,
        "min": 0.120407454669,
        "stdev": 16.9737186432
    },
    "loudness_ebu128": {
        "integrated": -18.8969783783,
        "loudness_range": 3.25012397766,
        "momentary": {
            "max": -15.5634355545,
            "mean": -19.2701568604,
            "min": -26.6734600067,
            "stdev": 1.91426384449
        },
        "short_term": {
            "max": -16.9122638702,
            "mean": -18.9828910828,
            "min": -21.0226097107,
            "stdev": 1.06141901016
        }
    },
    "melbands_crest": {
        "max": 29.32787323,
        "mean": 12.5360069275,
        "min": 4.13275814056,
        "stdev": 4.55092859268
    },
    "melbands_flatness_db": {
        "max": 0.367338955402,
        "mean": 0.187719285488,
        "min": 0.0651592537761,
        "stdev": 0.0472400076687
    },
    "melbands_kurtosis": {
        "max": 98.5413665771,
        "mean": 8.7333612442,
        "min": -1.54026329517,
        "stdev": 10.3283376694
    },
    "melbands_skewness": {
        "max": 9.10568141937,
        "mean": 1.93077945709,
        "min": -0.554396212101,
        "stdev": 1.34369778633
    },
    "melbands_spread": {
        "max": 124.077980042,
        "mean": 23.8033695221,
        "min": 2.80234336853,
        "stdev": 14.5375823975
    },
    "pitch_salience": {
        "max": 0.86011660099,
        "mean": 0.574726223946,
        "min": 0.143124803901,
        "stdev": 0.099404707551
    },
    "silence_rate_20dB": {
        "max": 1,
        "mean": 1,
        "min": 1,
        "stdev": 0
    },
    "silence_rate_30dB": {
        "max": 1,
        "mean": 1,
        "min": 1,
        "stdev": 0
    },
    "silence_rate_60dB": {
        "max": 1,
        "mean": 0.0178443975747,
        "min": 0,
        "stdev": 0.132386103272
    },
    "spectral_centroid": {
        "max": 3781.69970703,
        "mean": 1484.18786621,
        "min": 360.780639648,
        "stdev": 615.142089844
    },
    "spectral_complexity": {
        "max": 43,
        "mean": 19.7180576324,
        "min": 0,
        "stdev": 7.69843959808
    },
    "spectral_decrease": {
        "max": -5.16042417131e-11,
        "mean": -5.64801272418e-09,
        "min": -2.47753817462e-08,
        "stdev": 3.39618821954e-09
    },
    "spectral_energy": {
        "max": 0.10299539566,
        "mean": 0.0234831366688,
        "min": 0.000205687872949,
        "stdev": 0.013936618343
    },
    "spectral_energyband_high": {
        "max": 0.00690467655659,
        "mean": 0.000589066999964,
        "min": 3.79871744371e-06,
        "stdev": 0.00067281362135
    },
    "spectral_energyband_low": {
        "max": 0.0148705514148,
        "mean": 0.00126416876446,
        "min": 2.2989070203e-06,
        "stdev": 0.0016327892663
    },
    "spectral_energyband_middle_high": {
        "max": 0.0535313934088,
        "mean": 0.00883770082146,
        "min": 1.65719775396e-05,
        "stdev": 0.00910842418671
    },
    "spectral_energyband_middle_low": {
        "max": 0.0771697238088,
        "mean": 0.0134549010545,
        "min": 0.000103381506051,
        "stdev": 0.0114670805633
    },
    "spectral_entropy": {
        "max": 8.29780006409,
        "mean": 7.28174638748,
        "min": 5.82028484344,
        "stdev": 0.362130701542
    },
    "spectral_flux": {
        "max": 0.252373456955,
        "mean": 0.0890962854028,
        "min": 0.0196678675711,
        "stdev": 0.0339065082371
    },
    "spectral_kurtosis": {
        "max": 18.2148246765,
        "mean": 3.2422440052,
        "min": -0.814182519913,
        "stdev": 2.73766994476
    },
    "spectral_rms": {
        "max": 0.0100241359323,
        "mean": 0.00456173345447,
        "min": 0.000447963277111,
        "stdev": 0.00144946132787
    },
    "spectral_rolloff": {
        "max": 6266.16210938,
        "mean": 1626.51806641,
        "min": 215.33203125,
        "stdev": 989.431274414
    },
    "spectral_skewness": {
        "max": 3.23022699356,
        "mean": 1.18053734303,
        "min": -0.601923942566,
        "stdev": 0.429566413164
    },
    "spectral_spread": {
        "max": 20993828,
        "mean": 3416637.5,
        "min": 1770594.125,
        "stdev": 930185.4375
    },
    "spectral_strongpeak": {
        "max": 8.85763835907,
        "mean": 1.75428926945,
        "min": 0.0184653978795,
        "stdev": 1.55520296097
    },
    "zerocrossingrate": {
        "max": 0.1689453125,
        "mean": 0.064505405724,
        "min": 0.0068359375,
        "stdev": 0.0228587966412
    },
    "barkbands": {
        "max": [0.000125136823044, 0.00190362683497, 0.00818306859583, 0.0290930010378, 0.0642354488373, 0.0384714230895, 0.0446480959654, 0.0490478239954, 0.0590856298804, 0.0215939525515, 0.0226949546486, 0.0177957993001, 0.021446749568, 0.0300921872258, 0.0189358200878, 0.00774481613189, 0.00471321586519, 0.00569676188752, 0.00537519715726, 0.00555889680982, 0.00297302100807, 0.00268844584934, 0.00165004807059, 0.000346282031387, 4.85950731672e-05, 1.8823100163e-06, 5.7466547787e-07],
        "mean": [1.53751580001e-06, 0.000166555590113, 0.000557695457246, 0.00139516987838, 0.00256637088023, 0.00252845208161, 0.0022474930156, 0.00176753324922, 0.00268641370349, 0.000978526892141, 0.00160774460528, 0.000953100796323, 0.00140694156289, 0.000708785897586, 0.00129829859361, 0.000300215702737, 0.000356335804099, 0.000556129147299, 0.000651414971799, 0.000259955093497, 0.000132455214043, 0.00019730036729, 0.000125204969663, 3.17911471939e-05, 1.64568507444e-06, 6.38052028989e-08, 1.48835366254e-09],
        "min": [9.55054146878e-10, 1.21231849448e-07, 4.15338575976e-07, 8.56673636918e-07, 9.61872729022e-07, 8.32005298435e-07, 2.93468161772e-07, 2.97228808677e-07, 5.76762658966e-06, 5.25069552282e-08, 1.14758620384e-06, 7.62543237443e-08, 1.43100429284e-08, 3.4931994719e-07, 3.52139046811e-08, 1.82277290151e-07, 3.27800506739e-08, 5.31857722308e-07, 1.01439002265e-06, 1.39069236127e-08, 6.28177829753e-08, 8.99418637346e-07, 5.50782033315e-07, 8.97769414365e-09, 4.92834939525e-11, 2.34540945693e-11, 3.55533762153e-11],
        "stdev": [4.37236212747e-06, 0.000216350759729, 0.000829665223137, 0.00251008430496, 0.00408229278401, 0.00429772771895, 0.00456332508475, 0.00377201219089, 0.00522582186386, 0.00201130402274, 0.0029893531464, 0.00175351393409, 0.00311532057822, 0.00182408979163, 0.00252400129102, 0.000564015761483, 0.000506391283125, 0.000711898610462, 0.000755011918955, 0.000409929751186, 0.000262299086899, 0.000235776707996, 0.000123390651424, 3.53580035153e-05, 2.99195016851e-06, 1.7996670465e-07, 1.76725922785e-08]
    },
    "erbbands": {
        "max": [0.0199593156576, 0.568666875362, 6.57500171661, 47.7985496521, 123.462677002, 272.647979736, 200.906112671, 491.718231201, 790.064941406, 988.789245605, 721.215820312, 1119.82763672, 1289.04833984, 570.044433594, 1040.9979248, 881.488830566, 1073.94677734, 1717.00976562, 1144.33178711, 630.204284668, 326.91986084, 303.529937744, 396.431152344, 225.740142822, 295.368927002, 307.518981934, 155.202835083, 134.167510986, 107.158569336, 74.1764144897, 34.710018158, 9.54223632812, 3.7039000988, 1.0784137249, 0.0701321735978, 0.015779433772, 0.00101208302658, 0.000358866003808, 9.06504646991e-05, 0.00012483158207],
        "mean": [0.00197917711921, 0.0552787408233, 0.53545999527, 2.72195124626, 8.15208053589, 7.63247728348, 10.0434494019, 25.7806568146, 29.1353778839, 38.629234314, 36.8742523193, 66.5262680054, 40.2764892578, 43.2236595154, 64.252822876, 41.726524353, 66.9864349365, 41.0082244873, 68.8236541748, 35.2631568909, 17.4615097046, 20.5451698303, 29.5283813477, 27.5274181366, 33.1515579224, 12.4018602371, 6.74359130859, 4.71352052689, 6.71635150909, 5.97297954559, 3.31523251534, 1.24763023853, 0.235272467136, 0.0334722027183, 0.00596055714414, 0.000743178592529, 4.61717063445e-05, 1.01205723695e-05, 1.50603373186e-05, 2.91378273687e-05],
        "min": [8.39323456603e-06, 9.88782485365e-05, 0.000664230261464, 0.00337636214681, 0.00201479741372, 0.0164178051054, 0.0554855801165, 0.00645531527698, 0.0104907732457, 0.0551826506853, 0.105953611434, 0.143911749125, 0.0720437467098, 0.0621426701546, 0.0345994718373, 0.104888267815, 0.0704211518168, 0.019872719422, 0.0563544332981, 0.0429939515889, 0.0608250163496, 0.0366880781949, 0.0530225150287, 0.0532994531095, 0.0518795885146, 0.0267980676144, 0.0321808308363, 0.0159443318844, 0.0305999610573, 0.0425077751279, 0.0139496810734, 0.00818271096796, 0.00174945965409, 0.000439580006059, 6.23607847956e-05, 1.91407198145e-05, 2.7509870506e-06, 6.13266763594e-07, 9.3152965519e-07, 1.84028488093e-06],
        "stdev": [0.00204270752147, 0.0696233436465, 0.710676789284, 4.24103593826, 13.720957756, 14.4932746887, 17.5326290131, 48.0755348206, 54.8877220154, 89.3766326904, 68.4885559082, 124.598274231, 89.1389083862, 67.8713989258, 120.358947754, 70.4643325806, 147.079910278, 106.105278015, 114.314674377, 74.0126571655, 26.3367099762, 28.3149337769, 38.8302459717, 31.7381210327, 38.5525093079, 18.5017623901, 12.9913911819, 9.13610744476, 8.49910068512, 6.20371246338, 3.18754482269, 1.30037438869, 0.320209383965, 0.0623520985246, 0.00823853723705, 0.00134512269869, 5.10672107339e-05, 1.20989161587e-05, 8.47900992085e-06, 1.6831447283e-05]
    },
    "gfcc": {
        "mean": [-28.4051933289, 121.171340942, -178.283157349, 46.1831092834, -86.2629394531, 2.24152064323, -32.2362442017, -17.7509326935, -6.44595861435, -29.6682281494, 0.665314495564, -16.0465354919, -10.0846529007],
        "cov": [[1008.31115723, -28.6578712463, -413.190795898, -103.353630066, 29.803817749, 4.55384778976, 183.317489624, -43.0263977051, 17.2152442932, -62.8992652893, -3.89364862442, -87.9766693115, -87.2178115845], [-28.6578712463, 509.317932129, 305.671264648, -40.9974899292, -26.5659313202, -188.221343994, -60.5480957031, 30.6704330444, 52.6490974426, -62.7528076172, 23.4881496429, 4.50976991653, -103.417556763], [-413.190795898, 305.671264648, 966.876342773, 190.613815308, -206.199996948, -120.573883057, -405.9871521, 44.2368087769, -48.8287315369, 28.6971092224, -75.1659393311, 70.8204574585, -15.2852096558], [-103.353630066, -40.9974899292, 190.613815308, 298.763549805, 26.8441886902, -11.7735824585, -97.6058044434, -70.0629882812, 30.4887447357, 29.5036849976, -70.6453552246, 4.18647813797, 52.5051574707], [29.803817749, -26.5659313202, -206.199996948, 26.8441886902, 240.801498413, 48.415763855, 45.8172225952, 0.590549230576, 23.8640880585, 9.18906497955, -32.1397972107, -26.4993362427, 23.9626731873], [4.55384778976, -188.221343994, -120.573883057, -11.7735824585, 48.415763855, 284.252288818, 117.094070435, -5.87314939499, -48.6899337769, 15.6089468002, 8.67791461945, -31.3321323395, 13.6379671097], [183.317489624, -60.5480957031, -405.9871521, -97.6058044434, 45.8172225952, 117.094070435, 436.256072998, 10.0080165863, -29.0465812683, -38.0106925964, 73.8363876343, -32.943271637, -65.9501037598], [-43.0263977051, 30.6704330444, 44.2368087769, -70.0629882812, 0.590549230576, -5.87314939499, 10.0080165863, 165.064941406, -7.08912754059, -3.11425852776, 15.3346776962, -18.2520484924, -20.0434913635], [17.2152442932, 52.6490974426, -48.8287315369, 30.4887447357, 23.8640880585, -48.6899337769, -29.0465812683, -7.08912754059, 160.762649536, -4.4900803566, 2.12236213684, -6.22390127182, 3.69179439545], [-62.8992652893, -62.7528076172, 28.6971092224, 29.5036849976, 9.18906497955, 15.6089468002, -38.0106925964, -3.11425852776, -4.4900803566, 114.598190308, -3.41317033768, 13.0813531876, 24.3401279449], [-3.89364862442, 23.4881496429, -75.1659393311, -70.6453552246, -32.1397972107, 8.67791461945, 73.8363876343, 15.3346776962, 2.12236213684, -3.41317033768, 139.987930298, 14.8393669128, -33.0524635315], [-87.9766693115, 4.50976991653, 70.8204574585, 4.18647813797, -26.4993362427, -31.3321323395, -32.943271637, -18.2520484924, -6.22390127182, 13.0813531876, 14.8393669128, 100.355201721, 21.783952713], [-87.2178115845, -103.417556763, -15.2852096558, 52.5051574707, 23.9626731873, 13.6379671097, -65.9501037598, -20.0434913635, 3.69179439545, 24.3401279449, -33.0524635315, 21.783952713, 166.786956787]],
        "icov": [[0.00147390156053, -0.000528889009729, 0.00120916229207, -0.00028007524088, 0.000817888008896, -0.000115665636258, 0.0003784619621, 0.000107344560092, 0.000351238413714, 0.000186072982615, 0.000739247188903, 0.000525622279383, 0.000739204406273], [-0.000528889009729, 0.00810431409627, -0.00665446138009, 0.00467451568693, -0.00533600803465, 0.00492202863097, -0.00393818225712, 0.00305803958327, -0.00361082563177, 0.00246668839827, -0.00237498711795, 0.0027100557927, 0.000736949790735], [0.00120916229207, -0.00665446138009, 0.00935691967607, -0.00617846194655, 0.00696917204186, -0.00421171775088, 0.00604691030458, -0.00442250398919, 0.00439247116446, -0.00151968398131, 0.00288685574196, -0.00360108492896, 0.00167833210435], [-0.00028007524088, 0.00467451568693, -0.00617846194655, 0.00885521713644, -0.00487067876384, 0.00298232934438, -0.00357250450179, 0.00483322236687, -0.00370482658036, 0.00041127903387, -0.000155833855388, 0.00292312842794, -0.00136842904612], [0.000817888008896, -0.00533600803465, 0.00696917204186, -0.00487067876384, 0.0101101752371, -0.00396088836715, 0.00372580881231, -0.00355661101639, 0.00233902898617, -0.00175295362715, 0.00340273906477, -0.0019526896067, 0.000341626233421], [-0.000115665636258, 0.00492202863097, -0.00421171775088, 0.00298232934438, -0.00396088836715, 0.00761382142082, -0.00374317285605, 0.0023988338653, -0.000945370120462, 0.000651246518828, -0.00166658964008, 0.0032555074431, -0.000408292224165], [0.0003784619621, -0.00393818225712, 0.00604691030458, -0.00357250450179, 0.00372580881231, -0.00374317285605, 0.00740447407588, -0.00277968216687, 0.00315684359521, -1.24266380226e-05, 0.000270703661954, -0.00216060318053, 0.00206716917455], [0.000107344560092, 0.00305803958327, -0.00442250398919, 0.00483322236687, -0.00355661101639, 0.0023988338653, -0.00277968216687, 0.00942872650921, -0.00192494376097, 0.000444885808975, -0.00141421263106, 0.00360660953447, -0.000399354874389], [0.000351238413714, -0.00361082563177, 0.00439247116446, -0.00370482658036, 0.00233902898617, -0.000945370120462, 0.00315684359521, -0.00192494376097, 0.00919036287814, -0.000590221141465, 0.000268564850558, -0.000930634967517, 0.000329256581608], [0.000186072982615, 0.00246668839827, -0.00151968398131, 0.00041127903387, -0.00175295362715, 0.000651246518828, -1.24266380226e-05, 0.000444885808975, -0.000590221141465, 0.0105111682788, -0.00123775471002, -0.000271636090474, -0.000125499151181], [0.000739247188903, -0.00237498711795, 0.00288685574196, -0.000155833855388, 0.00340273906477, -0.00166658964008, 0.000270703661954, -0.00141421263106, 0.000268564850558, -0.00123775471002, 0.010526811704, -0.00275571737438, 0.00143277924508], [0.000525622279383, 0.0027100557927, -0.00360108492896, 0.00292312842794, -0.0019526896067, 0.0032555074431, -0.00216060318053, 0.00360660953447, -0.000930634967517, -0.000271636090474, -0.00275571737438, 0.0139930052683, -0.00201502768323], [0.000739204406273, 0.000736949790735, 0.00167833210435, -0.00136842904612, 0.000341626233421, -0.000408292224165, 0.00206716917455, -0.000399354874389, 0.000329256581608, -0.000125499151181, 0.00143277924508, -0.00201502768323, 0.00873561948538]]
    },
    "melbands": {
        "max": [0.000304009328829, 0.00248091202229, 0.0106981899589, 0.0172482021153, 0.00672517856583, 0.00959673244506, 0.0105677722022, 0.0114643219858, 0.00580623559654, 0.00839379709214, 0.0063500571996, 0.00212192768231, 0.00368056143634, 0.00213740882464, 0.00164440483786, 0.00265188678168, 0.00384633918293, 0.00177028786857, 0.00151166599244, 0.000637623772491, 0.000280406937236, 0.000313585391268, 0.000380500598112, 0.00029266870115, 0.000216833213926, 0.000245893403189, 0.000220140573219, 0.000201315633603, 9.922542813e-05, 8.0204445112e-05, 7.48523816583e-05, 7.35323264962e-05, 5.0792015827e-05, 4.42349592049e-05, 2.45030951191e-05, 9.71063309407e-06, 5.87654585615e-06, 2.86683734885e-06, 1.89922798199e-06, 5.36138600182e-07],
        "mean": [3.02658827422e-05, 0.000223210037802, 0.000646965170745, 0.00060027174186, 0.000341036356986, 0.000551567063667, 0.0004529604048, 0.000420508295065, 0.00029146776069, 0.000432445318438, 0.000192382241949, 0.000162494179676, 0.0002250191028, 0.000126922735944, 0.000109039217932, 0.000136916307383, 6.75215342198e-05, 0.000102769641671, 9.0431618446e-05, 2.25511321332e-05, 1.93999931071e-05, 2.06529075513e-05, 2.51163983194e-05, 2.58168547589e-05, 2.09066765819e-05, 2.88171249849e-05, 1.53110213432e-05, 6.65235984343e-06, 4.27103623224e-06, 3.01246086565e-06, 2.71135081675e-06, 3.63854974239e-06, 4.10002985518e-06, 2.97640121971e-06, 2.0997606498e-06, 1.1367510524e-06, 6.12693270341e-07, 1.79171095738e-07, 5.09063866616e-08, 1.65088192006e-08],
        "min": [6.11287944707e-08, 3.21397806147e-07, 4.32522000438e-07, 1.44446971717e-07, 2.15549084714e-06, 1.1300986813e-07, 1.28742499328e-07, 2.38145105413e-07, 3.09235815621e-07, 8.22584638627e-07, 8.97191583249e-08, 3.63142760307e-08, 1.17471628869e-07, 6.87740708827e-09, 9.65443902601e-09, 1.26955210789e-08, 2.45491502682e-08, 5.68129330247e-08, 2.08265826807e-09, 1.77062151607e-08, 1.25951093999e-09, 3.74129660585e-09, 2.63015369484e-08, 3.53278011289e-08, 9.71396918459e-09, 2.96706819114e-08, 5.42332312392e-09, 4.21010448726e-11, 2.3581783748e-10, 7.30321692011e-10, 7.17418624507e-10, 4.34755742518e-09, 9.09269193272e-09, 1.25721939526e-08, 6.55373844083e-09, 4.44588615922e-10, 1.29486019129e-10, 2.5476448208e-12, 5.488718746e-13, 4.69742354823e-13],
        "stdev": [3.63002218364e-05, 0.000282613269519, 0.000987646053545, 0.00100522860885, 0.000560970103834, 0.000979321543127, 0.000842829002067, 0.000950109271798, 0.000546081690118, 0.000862152315676, 0.000451442669146, 0.000273545476375, 0.000438409391791, 0.000220648915274, 0.00022034853464, 0.000303190521663, 0.00021696893964, 0.000174305401742, 0.00020983403374, 4.81919923914e-05, 2.94772544294e-05, 3.16662481055e-05, 3.43455249094e-05, 3.54032308678e-05, 2.67799950961e-05, 3.66079802916e-05, 2.19761423068e-05, 1.20614258776e-05, 8.44420264912e-06, 6.55897429169e-06, 5.34229002369e-06, 5.13534087077e-06, 4.69345150123e-06, 3.25164137394e-06, 2.13489533962e-06, 1.24551183944e-06, 6.91300385824e-07, 2.67550092303e-07, 1.18420132367e-07, 3.40327765969e-08]
    },
    "melbands128": {
        "max": [4.91803402838e-05, 0.000108283842565, 0.000337545614457, 0.00124158919789, 0.00260380608961, 0.00448387302458, 0.00792332366109, 0.0173534713686, 0.0158532448113, 0.0279809292406, 0.0157724935561, 0.00958130322397, 0.00918218586594, 0.0104955816641, 0.0168856009841, 0.0124735683203, 0.0166914854199, 0.0135989841074, 0.0132384598255, 0.0186930522323, 0.0197609215975, 0.00777794374153, 0.0102950613946, 0.00805099029094, 0.0101626655087, 0.0197376031429, 0.0165272690356, 0.00832731090486, 0.00676475139335, 0.0030471929349, 0.00321465847082, 0.00564729934558, 0.0075272647664, 0.00479197269306, 0.00441701896489, 0.00445166509598, 0.00301806861535, 0.00187794561498, 0.00421965494752, 0.00511993933469, 0.00399272283539, 0.00409349007532, 0.00650272611529, 0.00392857380211, 0.00190413137898, 0.00319646974094, 0.00468433462083, 0.00371862505563, 0.00262481998652, 0.000422473240178, 0.00135274033528, 0.00130317953881, 0.000504823634401, 0.000525069830474, 0.000657347438391, 0.000375488831196, 0.000606020214036, 0.000548421172425, 0.000436028320109, 0.000986720784567, 0.000454032124253, 0.000384486047551, 0.000402448233217, 0.00030941242585, 0.000497202097904, 0.000533537066076, 0.000406382692745, 0.000371156085748, 0.000258479209151, 0.000416430761106, 0.000205144766369, 0.000159373215865, 0.000100018842204, 0.000148896244355, 0.000195199783775, 0.000100034434581, 0.000161796910106, 6.38433994027e-05, 9.99532785499e-05, 0.000108179170638, 9.7155891126e-05, 6.35121323285e-05, 5.98785809416e-05, 6.92586036166e-05, 5.10490353918e-05, 4.33583372796e-05, 5.5585463997e-05, 3.79081429855e-05, 3.92287329305e-05, 1.85323133337e-05, 1.37493170769e-05, 1.4066953554e-05, 8.27844723972e-06, 8.71702741279e-06, 7.8362872955e-06, 4.17711680711e-06, 2.45868818638e-06, 3.36155085279e-06, 2.57408214566e-06, 1.87098589777e-06, 7.44247870443e-07, 4.29537323043e-07, 1.29927911985e-07, 2.698454864e-07, 9.90037918314e-08, 6.57549534822e-08, 7.39079197842e-08, 5.16660776384e-08, 5.79146544055e-08, 1.09709867857e-08, 3.4011740091e-09, 3.26891691493e-09, 3.15158543707e-09, 3.04330738388e-09, 2.94389645994e-09, 2.85018608714e-09, 2.765703222e-09, 2.69562039357e-09, 2.6282309662e-09, 2.54424104007e-09, 2.47770048922e-09, 2.42754483182e-09, 2.37723551955e-09, 2.33207431144e-09, 2.30806973534e-09, 2.27757035454e-09, 2.2603128258e-09, 2.25095586615e-09],
        "mean": [1.25947804008e-06, 8.39939821162e-06, 2.72293564194e-05, 9.88994943327e-05, 0.000215801381273, 0.000288678449579, 0.000476526212879, 0.000789458863437, 0.000881162064616, 0.00067478150595, 0.000361968966899, 0.000269865588052, 0.000292680371786, 0.000442640302936, 0.000705233542249, 0.000507900724187, 0.000437942217104, 0.00045139627764, 0.000463450793177, 0.000443867058493, 0.000410329870647, 0.000315963232424, 0.000271645461908, 0.000237944506807, 0.000455632456578, 0.000586059875786, 0.000240726731136, 0.000136180824484, 0.000151343570906, 0.000128570158267, 0.000185515527846, 0.000191410130356, 0.000269659067271, 0.000221531081479, 0.000116915412946, 0.000121633740491, 0.000107121748442, 4.96609645779e-05, 0.000149669023813, 0.000208862315048, 0.000119985670608, 6.73371687299e-05, 7.00451637385e-05, 6.21185463388e-05, 6.04044471402e-05, 0.00011433151667, 0.000147723985719, 0.000125165344798, 4.81216156913e-05, 1.97942372324e-05, 2.3356771635e-05, 1.98086072487e-05, 1.75843015313e-05, 1.98728739633e-05, 2.24485520448e-05, 2.13975072256e-05, 1.73478256329e-05, 2.27736600209e-05, 2.69823140115e-05, 3.20561048284e-05, 2.32852235058e-05, 2.61477434833e-05, 1.95419397642e-05, 1.76316698344e-05, 2.45908540819e-05, 3.42806888511e-05, 2.81671382254e-05, 2.13935491047e-05, 1.15630382425e-05, 7.79442234489e-06, 7.52813775762e-06, 5.79656625632e-06, 3.60449848813e-06, 4.60029832539e-06, 4.28295243182e-06, 3.02544162878e-06, 2.57681972471e-06, 2.02222031476e-06, 2.63831589109e-06, 3.61378783964e-06, 3.0553283068e-06, 4.03640524382e-06, 4.20130299972e-06, 4.29696638093e-06, 3.81218205803e-06, 3.33537468578e-06, 2.7337227948e-06, 2.12100530916e-06, 2.39945279645e-06, 1.7904088736e-06, 1.2483116052e-06, 1.02621049791e-06, 7.97433472144e-07, 6.30596559859e-07, 5.36157756414e-07, 2.18587800305e-07, 1.09567132256e-07, 7.78230742071e-08, 5.06264719036e-08, 4.23046166986e-08, 1.80257799798e-08, 1.3125768028e-08, 9.09671449278e-09, 1.41454234992e-08, 3.30609850607e-09, 2.15316320329e-09, 3.30982885544e-09, 1.80707138142e-09, 5.97678184722e-10, 1.3722001313e-10, 8.78734411625e-12, 8.46010587974e-12, 8.18917503254e-12, 7.90025423553e-12, 7.64471905917e-12, 7.40497854007e-12, 7.15948567792e-12, 6.93731010137e-12, 6.75433060177e-12, 6.57813473831e-12, 6.42740548285e-12, 6.3046334646e-12, 6.17339599579e-12, 6.05433455106e-12, 5.9897768169e-12, 5.92964262761e-12, 5.8859505811e-12, 5.84536889378e-12],
        "min": [5.76501735239e-10, 1.9202905932e-09, 2.79194978248e-08, 1.85707165201e-08, 5.47026672848e-08, 2.04667770731e-07, 9.55398604674e-08, 1.98787105887e-07, 2.17715374617e-08, 1.27655155779e-07, 1.07689679396e-07, 8.07517892554e-08, 1.3050194525e-07, 1.65210124692e-07, 8.80236115108e-08, 3.33088046034e-08, 5.77294869686e-08, 7.23475039877e-08, 1.50838488366e-08, 3.72295994033e-09, 5.379324719e-08, 7.7520404318e-08, 1.45574317045e-08, 9.80396297479e-09, 2.98038486335e-07, 1.56944537366e-07, 1.45035494725e-08, 1.16954517182e-08, 3.9030917387e-10, 3.66970426269e-10, 2.88514412361e-09, 6.39857011819e-09, 5.11901454558e-09, 6.71569067023e-09, 1.22104260036e-09, 5.72657143927e-10, 4.67863792153e-09, 8.33611579765e-09, 9.8760633005e-10, 4.16228163047e-10, 9.56761780913e-10, 2.03386507636e-09, 3.8806726721e-09, 1.94797800113e-09, 1.67983893462e-09, 3.36474936802e-09, 1.25445698274e-09, 1.52689272337e-09, 1.0187155286e-10, 1.03045505462e-09, 2.80526557539e-09, 2.38764008564e-09, 1.40898914758e-09, 2.0115109578e-10, 1.12752397696e-10, 6.53446879939e-11, 2.87639273511e-10, 3.0634157433e-09, 3.68653418903e-09, 2.92660051748e-09, 3.17730441957e-09, 1.37940728284e-10, 9.98992642082e-12, 4.06249790752e-11, 7.09526259968e-09, 5.13871745156e-09, 4.46043468827e-09, 3.07149097822e-11, 1.87746432984e-11, 3.11076789328e-11, 8.96890287733e-12, 7.07534291572e-12, 3.78602444534e-12, 1.86741420938e-11, 1.46177236982e-11, 1.73022065425e-11, 6.60368331198e-12, 1.8902200985e-11, 9.54351441623e-12, 7.23429482985e-10, 8.46752279404e-10, 1.32129335251e-10, 1.64158209248e-09, 3.48241013803e-09, 1.9371815263e-09, 2.23924723208e-09, 1.90160087676e-09, 1.19869325577e-09, 1.65435179444e-10, 2.60434295657e-11, 9.43207231069e-12, 4.46587688704e-12, 3.98886392666e-12, 2.39594867384e-12, 2.10683380464e-12, 2.65541820303e-12, 4.66034003922e-13, 2.35017029709e-13, 4.32604391762e-13, 4.72337230092e-13, 3.97162879841e-13, 2.22360907356e-13, 2.89951764855e-13, 2.2090177452e-13, 1.38599648794e-13, 1.48435314062e-13, 1.40760721221e-13, 1.43839841839e-13, 1.40438591203e-13, 8.50314691705e-14, 8.24504784651e-14, 1.1323560633e-13, 1.11474069179e-13, 1.12480886421e-13, 1.05885935328e-13, 1.30228225664e-13, 1.02291771245e-13, 1.10042820667e-13, 9.40471658883e-14, 1.15380185332e-13, 1.27831881365e-13, 1.13856962595e-13, 8.55405359718e-14, 9.59546637568e-14, 9.20456744678e-14, 8.88837546858e-14, 1.29310827996e-13, 1.24877023869e-13],
        "stdev": [2.46222543865e-06, 1.04130303953e-05, 3.71683709091e-05, 0.00013968674466, 0.000301711232169, 0.000459267525002, 0.000801046437118, 0.00154109206051, 0.00165561493486, 0.00145461340435, 0.000875293859281, 0.000648579502013, 0.000700531934854, 0.000955060997512, 0.00158744177315, 0.00102183059789, 0.00107709958684, 0.00114681117702, 0.00131674075965, 0.00138415500987, 0.00121525046416, 0.000755523564294, 0.000750895647798, 0.000556188460905, 0.000937098113354, 0.00161186570767, 0.000868443574291, 0.000455444504041, 0.000510467158165, 0.00027964237961, 0.00043534085853, 0.000450759398518, 0.000758117006626, 0.000491018756293, 0.000280591106275, 0.000285596965114, 0.000260163738858, 0.000149315208546, 0.000472540355986, 0.000566969858482, 0.000384521757951, 0.000291672884487, 0.000335828575771, 0.000245335773798, 0.000145161902765, 0.000254381127888, 0.000351917668013, 0.000399692216888, 0.000208046112675, 4.31234075222e-05, 7.38253656891e-05, 6.27336557955e-05, 3.50055088347e-05, 3.99997807108e-05, 4.55388981209e-05, 4.18181771238e-05, 3.65438318113e-05, 4.02438126912e-05, 4.41026168119e-05, 6.57206401229e-05, 4.42416530859e-05, 4.83506009914e-05, 3.59711048077e-05, 3.32829804393e-05, 4.79651534988e-05, 5.65511654713e-05, 4.68708494736e-05, 3.95836104872e-05, 2.58668333117e-05, 1.968822653e-05, 1.60565887199e-05, 1.40482334245e-05, 9.16133194551e-06, 1.06955249066e-05, 1.19744508993e-05, 7.46716523281e-06, 7.01069802744e-06, 5.10328254677e-06, 5.89353476244e-06, 7.22818413124e-06, 5.63074127058e-06, 5.58148349228e-06, 5.89911678617e-06, 6.0001671045e-06, 5.0416938393e-06, 4.30020236308e-06, 3.56663076673e-06, 2.54453789239e-06, 3.03660317513e-06, 2.11118958759e-06, 1.64053824392e-06, 1.45959745623e-06, 1.01377429473e-06, 8.94049435374e-07, 7.38592802918e-07, 3.98085830966e-07, 2.32554882018e-07, 2.17544467773e-07, 1.44549360925e-07, 1.06000328515e-07, 4.93363749854e-08, 3.00507245754e-08, 1.56834314424e-08, 2.6344032733e-08, 7.08881531253e-09, 5.94079674343e-09, 7.98673571722e-09, 4.93746288299e-09, 2.9125839518e-09, 6.37664865355e-10, 1.04234849918e-10, 1.00317427976e-10, 9.68132171653e-11, 9.34631122496e-11, 9.0424182031e-11, 8.75636091413e-11, 8.49732090247e-11, 8.27621998711e-11, 8.06295863409e-11, 7.81924178184e-11, 7.62478413741e-11, 7.47125764033e-11, 7.31550167665e-11, 7.18271761513e-11, 7.10203701404e-11, 7.01718474994e-11, 6.96124477506e-11, 6.92468166141e-11]
    },
    "mfcc": {
        "mean": [-643.339477539, 124.082008362, -29.6687602997, 26.5539569855, -25.106760025, 9.55867576599, -24.5634307861, 17.747467041, -26.3153934479, 5.1436290741, -7.57260322571, -7.57898235321, -7.1847076416],
        "cov": [[1332.37451172, -114.703491211, -604.581115723, -78.1621551514, -251.407516479, 137.977920532, 82.6684875488, 91.4205856323, -54.3594589233, 186.131057739, 24.2115879059, 24.716796875, -148.181747437], [-114.703491211, 649.864135742, 101.693656921, 51.9810218811, 23.6536521912, -191.967453003, -103.08089447, 98.0702438354, -90.8347854614, -70.9845275879, 117.024215698, 31.7926597595, 60.5925598145], [-604.581115723, 101.693656921, 1090.40991211, 71.4119796753, 261.42578125, -221.924179077, -152.501296997, -182.780090332, 54.6072044373, -271.732086182, -57.9779396057, 87.1156234741, 78.9839782715], [-78.1621551514, 51.9810218811, 71.4119796753, 353.872314453, 12.5790872574, 56.9644012451, -142.762680054, -37.9330062866, 37.2945289612, -18.8021812439, -58.9691009521, 15.5200309753, 13.3633813858], [-251.407516479, 23.6536521912, 261.42578125, 12.5790872574, 464.884552002, -116.227340698, -141.862258911, -132.409103394, 100.380119324, -90.4151535034, -25.5975074768, -37.4005737305, 25.2728843689], [137.977920532, -191.967453003, -221.924179077, 56.9644012451, -116.227340698, 381.033691406, 37.8199920654, 23.4471988678, -0.51581209898, 77.2072067261, -48.9069099426, 29.8980464935, -77.0780944824], [82.6684875488, -103.08089447, -152.501296997, -142.762680054, -141.862258911, 37.8199920654, 376.316040039, 51.9952278137, -11.7713088989, 64.9855575562, 54.5801010132, -34.6665382385, 12.4952144623], [91.4205856323, 98.0702438354, -182.780090332, -37.9330062866, -132.409103394, 23.4471988678, 51.9952278137, 252.779891968, -88.5122299194, 79.9615249634, 45.9469184875, 3.17894458771, -21.7453842163], [-54.3594589233, -90.8347854614, 54.6072044373, 37.2945289612, 100.380119324, -0.51581209898, -11.7713088989, -88.5122299194, 202.444488525, -17.0658493042, -42.2999153137, -41.2277565002, -6.51299476624], [186.131057739, -70.9845275879, -271.732086182, -18.8021812439, -90.4151535034, 77.2072067261, 64.9855575562, 79.9615249634, -17.0658493042, 257.673950195, -30.925239563, -8.44841480255, -49.3309249878], [24.2115879059, 117.024215698, -57.9779396057, -58.9691009521, -25.5975074768, -48.9069099426, 54.5801010132, 45.9469184875, -42.2999153137, -30.925239563, 208.809814453, 27.2499141693, 6.25016450882], [24.716796875, 31.7926597595, 87.1156234741, 15.5200309753, -37.4005737305, 29.8980464935, -34.6665382385, 3.17894458771, -41.2277565002, -8.44841480255, 27.2499141693, 206.509597778, -16.1414928436], [-148.181747437, 60.5925598145, 78.9839782715, 13.3633813858, 25.2728843689, -77.0780944824, 12.4952144623, -21.7453842163, -6.51299476624, -49.3309249878, 6.25016450882, -16.1414928436, 142.412490845]],
        "icov": [[0.00116781936958, 5.4646312492e-05, 0.000599886290729, 0.000106532199425, 0.000344447529642, 0.000250923039857, 5.3030991694e-05, 0.000269006763119, 8.60202271724e-05, -6.07020774623e-05, 7.949754945e-05, -0.000303477892885, 0.000905300723389], [5.4646312492e-05, 0.00252407044172, -7.32097487344e-06, -0.00060761696659, -6.42353843432e-05, 0.00105750153307, 0.000591595948208, -0.00105502840597, 0.000620702165179, 0.000265988666797, -0.00107919261791, -0.000152326319949, -0.000434612826211], [0.000599886290729, -7.32097487344e-06, 0.00201728381217, -0.000160426585353, -0.000303680135403, 0.000889435992576, -0.000129298670799, 0.000501930480823, 9.26848224481e-05, 0.00134680047631, 0.000896344718058, -0.00113231339492, 0.000449895771453], [0.000106532199425, -0.00060761696659, -0.000160426585353, 0.00396888982505, 0.000589352974202, -0.00107201340143, 0.00149131298531, 0.000362796388799, -0.000904783199076, -0.000233036131249, 0.000558873929549, 2.90695843432e-05, -0.000817656866275], [0.000344447529642, -6.42353843432e-05, -0.000303680135403, 0.000589352974202, 0.0035144505091, 0.000435142050264, 0.00122601957992, 0.00101711822208, -0.00112046208233, -0.000122719604406, -0.000265684910119, 0.000634058669675, 0.000148194871144], [0.000250923039857, 0.00105750153307, 0.000889435992576, -0.00107201340143, 0.000435142050264, 0.00436585303396, -0.000371557864128, -0.000104123311758, 0.000253808742855, 0.000334723707056, 0.000698339368682, -0.000996045768261, 0.00170487654395], [5.3030991694e-05, 0.000591595948208, -0.000129298670799, 0.00149131298531, 0.00122601957992, -0.000371557864128, 0.0042550987564, -0.000168541591847, -0.000612899078988, -0.000787925964687, -0.00126626261044, 0.000753144966438, -0.00124252890237], [0.000269006763119, -0.00105502840597, 0.000501930480823, 0.000362796388799, 0.00101711822208, -0.000104123311758, -0.000168541591847, 0.00634144386277, 0.00156874209642, -0.00123205874115, -0.000384765444323, 0.000345651700627, 0.000863624096382], [8.60202271724e-05, 0.000620702165179, 9.26848224481e-05, -0.000904783199076, -0.00112046208233, 0.000253808742855, -0.000612899078988, 0.00156874209642, 0.00690156407654, 5.05103671458e-05, 0.000403222977184, 0.000954319548327, 0.000912027840968], [-6.07020774623e-05, 0.000265988666797, 0.00134680047631, -0.000233036131249, -0.000122719604406, 0.000334723707056, -0.000787925964687, -0.00123205874115, 5.05103671458e-05, 0.00625525973737, 0.0016894194996, -0.000630978785921, 0.0012059637811], [7.949754945e-05, -0.00107919261791, 0.000896344718058, 0.000558873929549, -0.000265684910119, 0.000698339368682, -0.00126626261044, -0.000384765444323, 0.000403222977184, 0.0016894194996, 0.00682364264503, -0.00132136698812, 0.000624183623586], [-0.000303477892885, -0.000152326319949, -0.00113231339492, 2.90695843432e-05, 0.000634058669675, -0.000996045768261, 0.000753144966438, 0.000345651700627, 0.000954319548327, -0.000630978785921, -0.00132136698812, 0.00611921586096, 0.000286033056909], [0.000905300723389, -0.000434612826211, 0.000449895771453, -0.000817656866275, 0.000148194871144, 0.00170487654395, -0.00124252890237, 0.000863624096382, 0.000912027840968, 0.0012059637811, 0.000624183623586, 0.000286033056909, 0.00957775115967]]
    },
    "spectral_contrast_coeffs": {
        "max": [-0.413315802813, -0.428118109703, -0.398878574371, -0.413680583239, -0.326946735382, -0.304888516665],
        "mean": [-0.671889066696, -0.708433687687, -0.710229456425, -0.71192574501, -0.675236165524, -0.598729789257],
        "min": [-0.866506457329, -0.902805566788, -0.885189592838, -0.893860459328, -0.877142012119, -0.905842244625],
        "stdev": [0.0784735456109, 0.0849392712116, 0.0941544175148, 0.0994849056005, 0.0913126915693, 0.0937675312161]
    },
    "spectral_contrast_valleys": {
        "max": [-5.33524417877, -5.06293821335, -5.40708780289, -6.16936779022, -6.29378414154, -9.30223178864],
        "mean": [-7.23311424255, -6.66385746002, -7.4447889328, -8.01388549805, -8.2119512558, -12.2381181717],
        "min": [-10.2839212418, -9.45021057129, -10.9121465683, -10.7839002609, -12.2897853851, -15.4654560089],
        "stdev": [0.611208379269, 0.66797298193, 0.698763906956, 0.790866553783, 0.903490722179, 1.07982039452]
    }
},
"rhythm": {
    "beats_count": 55,
    "beats_loudness": {
        "max": 0.0684829875827,
        "mean": 0.0290496647358,
        "min": 0.00747135700658,
        "stdev": 0.0124884434044
    },
    "bpm": 102.063659668,
    "bpm_histogram_first_peak_bpm": 101,
    "bpm_histogram_first_peak_weight": 0.471698105335,
    "bpm_histogram_second_peak_bpm": 112,
    "bpm_histogram_second_peak_spread": 0,
    "bpm_histogram_second_peak_weight": 0.0185185186565,
    "danceability": 1.2732360363,
    "onset_rate": 3.72216773033,
    "beats_loudness_band_ratio": {
        "max": [0.619079649448, 0.704185664654, 0.732350349426, 0.682645022869, 0.533622562885, 0.242551654577],
        "mean": [0.141299426556, 0.224488258362, 0.28889426589, 0.2172113657, 0.132239490747, 0.0646113231778],
        "min": [0.00710304267704, 0.00808183569461, 0.0185596346855, 0.0127052450553, 0.00897969771177, 0.0101367272437],
        "stdev": [0.142718106508, 0.205222472548, 0.198063090444, 0.207025304437, 0.12521366775, 0.0454504042864]
    },
    "beats_position": [0.603718817234, 1.18421769142, 1.77632653713, 2.38004541397, 2.97215414047, 3.55265307426, 4.13315200806, 4.71365070343, 5.2941493988, 5.88625860214, 6.47836732864, 7.07047605515, 7.65097475052, 8.25469398499, 8.84680271149, 9.38086128235, 9.97297000885, 10.5650787354, 11.1571884155, 11.7376871109, 12.3181858063, 12.9102945328, 13.4907932281, 14.0945119858, 14.6750106812, 15.2671203613, 15.8592290878, 16.4397277832, 17.0202255249, 17.6123352051, 18.2044448853, 18.7965526581, 19.3770523071, 19.96916008, 20.5612697601, 21.1417675018, 21.733877182, 22.3143768311, 22.8948745728, 23.4753742218, 24.0674819946, 24.6595916748, 25.2400894165, 25.8205890656, 26.4010887146, 26.9815864563, 27.5736961365, 28.1658039093, 28.7579135895, 29.3500213623, 29.9305210114, 30.5226306915, 31.1147384644, 31.7068481445, 32.2989578247],
