{
"metadata": {
    "version": {
        "essentia": "2.1-beta5",
        "essentia_git_sha": "Undefined",
        "extractor": "music 2.0"
    },
    "audio_properties": {
        "analysis": {
            "equal_loudness": 0,
            "length": 30.7896595001,
            "sample_rate": 44100,
            "start_time": 146.239273071,
            "downmix": "mix"
        },
        "bit_rate": 192000,
        "length": 177.0521698,
        "lossless": 0,
        "number_channels": 2,
        "replay_gain": -17.335319519,
        "sample_rate": 48000,
        "codec": "mp3",
        "md5_encoded": "a4f2cd132e85ffc7c259e4410a50de9a"
    },
    "tags": {
        "file_name": "Spain_Dile Que La Quiero_David Civera.mp3",
        "encoding": ["Lavf58.29.100"]
    }
},
"lowlevel": {
    "average_loudness": 0.970205903053,
    "barkbands_crest": {
        "max": 23.3201675415,
        "mean": 9.62362194061,
        "min": 2.61541771889,
        "stdev": 4.3344540596
    },
    "barkbands_flatness_db": {
        "max": 0.266636550426,
        "mean": 0.112866573036,
        "min": 0.0451732464135,
        "stdev": 0.0357818193734
    },
    "barkbands_kurtosis": {
        "max": 53.0213813782,
        "mean": 2.03385090828,
        "min": -1.87256240845,
        "stdev": 4.75206422806
    },
    "barkbands_skewness": {
        "max": 6.86242961884,
        "mean": 1.19432222843,
        "min": -0.999550819397,
        "stdev": 0.958709418774
    },
    "barkbands_spread": {
        "max": 103.43825531,
        "mean": 30.8247718811,
        "min": 3.4911968708,
        "stdev": 17.0841331482
    },
    "dissonance": {
        "max": 0.499999880791,
        "mean": 0.467474251986,
        "min": 0.341460138559,
        "stdev": 0.0243541449308
    },
    "dynamic_complexity": 2.71225905418,
    "erbbands_crest": {
        "max": 27.3217067719,
        "mean": 9.06992912292,
        "min": 2.23493766785,
        "stdev": 5.04434680939
    },
    "erbbands_flatness_db": {
        "max": 0.270515292883,
        "mean": 0.140783399343,
        "min": 0.0727015733719,
        "stdev": 0.0434214510024
    },
    "erbbands_kurtosis": {
        "max": 18.3332386017,
        "mean": 0.200618624687,
        "min": -1.62406039238,
        "stdev": 1.91323816776
    },
    "erbbands_skewness": {
        "max": 3.6423432827,
        "mean": 0.343160033226,
        "min": -2.02151656151,
        "stdev": 0.739859998226
    },
    "erbbands_spread": {
        "max": 110.300430298,
        "mean": 46.7265853882,
        "min": 5.34448862076,
        "stdev": 22.7730197906
    },
    "hfc": {
        "max": 96.6288070679,
        "mean": 24.0985355377,
        "min": 0.138839483261,
        "stdev": 17.3064098358
    },
    "loudness_ebu128": {
        "integrated": -6.72742986679,
        "loudness_range": 1.85797786713,
        "momentary": {
            "max": -3.79077386856,
            "mean": -7.19218254089,
            "min": -17.724111557,
            "stdev": 2.14743733406
        },
        "short_term": {
            "max": -5.65057754517,
            "mean": -6.82962942123,
            "min": -8.20505523682,
            "stdev": 0.698409259319
        }
    },
    "melbands_crest": {
        "max": 27.7554855347,
        "mean": 12.5740203857,
        "min": 4.03801250458,
        "stdev": 4.67542934418
    },
    "melbands_flatness_db": {
        "max": 0.363638073206,
        "mean": 0.147030711174,
        "min": 0.0534868165851,
        "stdev": 0.0445565506816
    },
    "melbands_kurtosis": {
        "max": 153.982437134,
        "mean": 10.9382705688,
        "min": -1.43793940544,
        "stdev": 14.2753334045
    },
    "melbands_skewness": {
        "max": 9.88368701935,
        "mean": 2.40758776665,
        "min": -1.01892352104,
        "stdev": 1.50935018063
    },
    "melbands_spread": {
        "max": 133.480422974,
        "mean": 30.6985378265,
        "min": 2.42057800293,
        "stdev": 17.0862197876
    },
    "pitch_salience": {
        "max": 0.853350579739,
        "mean": 0.576218545437,
        "min": 0.240805327892,
        "stdev": 0.110655747354
    },
    "silence_rate_20dB": {
        "max": 1,
        "mean": 1,
        "min": 1,
        "stdev": 0
    },
    "silence_rate_30dB": {
        "max": 1,
        "mean": 1,
        "min": 1,
        "stdev": 0
    },
    "silence_rate_60dB": {
        "max": 1,
        "mean": 0.0331574976444,
        "min": 0,
        "stdev": 0.179047763348
    },
    "spectral_centroid": {
        "max": 3766.35742188,
        "mean": 1636.27111816,
        "min": 393.143737793,
        "stdev": 543.099975586
    },
    "spectral_complexity": {
        "max": 46,
        "mean": 18.742275238,
        "min": 0,
        "stdev": 9.08429908752
    },
    "spectral_decrease": {
        "max": -1.55356387477e-11,
        "mean": -5.16017761854e-09,
        "min": -1.8816610492e-08,
        "stdev": 3.45834427762e-09
    },
    "spectral_energy": {
        "max": 0.0781800374389,
        "mean": 0.0216615665704,
        "min": 7.12283945177e-05,
        "stdev": 0.0142549006268
    },
    "spectral_energyband_high": {
        "max": 0.00927023403347,
        "mean": 0.0012255590409,
        "min": 2.36235996454e-06,
        "stdev": 0.0011115623638
    },
    "spectral_energyband_low": {
        "max": 0.0303834956139,
        "mean": 0.00417107203975,
        "min": 2.53854096854e-07,
        "stdev": 0.00475467415527
    },
    "spectral_energyband_middle_high": {
        "max": 0.0447206944227,
        "mean": 0.00617720000446,
        "min": 6.06876819802e-05,
        "stdev": 0.00725076207891
    },
    "spectral_energyband_middle_low": {
        "max": 0.0634598582983,
        "mean": 0.010587785393,
        "min": 8.20849163574e-06,
        "stdev": 0.0100123099983
    },
    "spectral_entropy": {
        "max": 8.64659309387,
        "mean": 7.89482498169,
        "min": 6.61006450653,
        "stdev": 0.301839143038
    },
    "spectral_flux": {
        "max": 0.246538341045,
        "mean": 0.0901475399733,
        "min": 0.0106976022944,
        "stdev": 0.0425601005554
    },
    "spectral_kurtosis": {
        "max": 15.8467025757,
        "mean": 2.46337127686,
        "min": -0.876696109772,
        "stdev": 1.645398736
    },
    "spectral_rms": {
        "max": 0.00873345322907,
        "mean": 0.00432387180626,
        "min": 0.000263611669652,
        "stdev": 0.00156121421605
    },
    "spectral_rolloff": {
        "max": 10508.203125,
        "mean": 2204.61279297,
        "min": 107.666015625,
        "stdev": 1796.4161377
    },
    "spectral_skewness": {
        "max": 3.46801161766,
        "mean": 1.26144313812,
        "min": 0.129314363003,
        "stdev": 0.293177545071
    },
    "spectral_spread": {
        "max": 11770322,
        "mean": 5605647,
        "min": 2349535.5,
        "stdev": 1461310.375
    },
    "spectral_strongpeak": {
        "max": 9.41702747345,
        "mean": 1.19572198391,
        "min": 0.030375495553,
        "stdev": 1.43391430378
    },
    "zerocrossingrate": {
        "max": 0.267578125,
        "mean": 0.0863168686628,
        "min": 0.0146484375,
        "stdev": 0.0371966063976
    },
    "barkbands": {
        "max": [0.000822995905764, 0.0278347097337, 0.0189290773124, 0.012303782627, 0.0358626209199, 0.0475482977927, 0.0454934798181, 0.0241540949792, 0.0555521398783, 0.0362478159368, 0.0274163279682, 0.0265095308423, 0.0153944399208, 0.0185838937759, 0.0182944852859, 0.0180975981057, 0.00894385762513, 0.00671401061118, 0.00247087446041, 0.00216788519174, 0.00167416164186, 0.00210300227627, 0.00182754383422, 0.00308700255118, 0.0026331958361, 0.000271242053714, 1.26577679112e-05],
        "mean": [4.67546851723e-05, 0.00268015777692, 0.00116062385496, 0.000609700626228, 0.00228831684217, 0.00274584139697, 0.000878541555721, 0.000574599951506, 0.00292777502909, 0.00113763217814, 0.000841990869958, 0.000743484531995, 0.000582389417104, 0.000660265330225, 0.000702701101545, 0.000593604694586, 0.000397171796067, 0.000459838658571, 0.000268937525107, 0.000281519111013, 0.000206457465538, 0.000169024293427, 0.000258221523836, 0.000259954016656, 0.000154490422574, 3.13881355396e-05, 1.66224609188e-07],
        "min": [1.20053513797e-08, 1.88250339761e-08, 4.06924733909e-08, 3.09771905904e-08, 2.49696995525e-07, 2.89107504159e-07, 1.01378736872e-06, 2.19152275349e-06, 3.11511712425e-06, 1.87248917882e-06, 2.70595978691e-06, 2.3754846552e-06, 1.90704747638e-06, 3.50431605511e-06, 4.5996357585e-06, 5.16398677064e-06, 2.85489545604e-06, 5.57948669666e-06, 2.96037728731e-06, 9.0818099352e-07, 9.09339519239e-07, 5.89210856106e-07, 1.60695236673e-07, 1.29005357508e-07, 7.46216315406e-08, 1.91884268474e-08, 4.2268129101e-12],
        "stdev": [7.42118863855e-05, 0.00391671573743, 0.00167978252284, 0.00138360355049, 0.00361740705557, 0.00469575868919, 0.00309438025579, 0.00138434977271, 0.00642657931894, 0.0030463738367, 0.0023925260175, 0.00217696023174, 0.00138509389944, 0.00176730868407, 0.00162521435414, 0.00145820400212, 0.000648008601274, 0.000677977164742, 0.00029104531859, 0.000269339972874, 0.000190556704183, 0.000184976495802, 0.000268491887255, 0.000288426235784, 0.000228005315876, 3.97124713345e-05, 6.68902487178e-07]
    },
    "erbbands": {
        "max": [0.700065374374, 7.26368236542, 15.731388092, 27.4910812378, 76.1149368286, 130.386932373, 233.134353638, 596.945861816, 792.032470703, 284.93270874, 325.605651855, 1711.51318359, 1684.53955078, 775.618591309, 1213.44470215, 1025.58459473, 851.594909668, 900.688537598, 930.453613281, 1801.8939209, 684.817382812, 253.821075439, 448.325744629, 165.25869751, 99.843208313, 113.854240417, 81.7529373169, 69.1768417358, 85.9094848633, 48.9835166931, 58.4489593506, 63.1983642578, 63.1925201416, 45.1071205139, 12.474820137, 2.43159747124, 0.19643753767, 0.021094866097, 0.00223714089952, 0.000147247817949],
        "mean": [0.0668416693807, 0.633888423443, 1.37176823616, 1.7706155777, 3.55407071114, 9.12963962555, 15.090429306, 24.1848297119, 17.0508213043, 11.909526825, 15.1460809708, 61.8238677979, 64.2028808594, 23.8529567719, 38.4156799316, 28.7621364594, 28.423494339, 33.3290481567, 27.2120628357, 48.8918495178, 26.7380847931, 21.6813297272, 24.9247303009, 17.9074172974, 13.0880889893, 13.5709705353, 9.97043037415, 7.29845952988, 6.15611219406, 5.99176979065, 7.49666118622, 5.96347379684, 4.07820606232, 2.12721633911, 0.90076482296, 0.266226917505, 0.0272693391889, 0.00223482353613, 8.17075924715e-05, 3.32623494614e-05],
        "min": [9.03931493212e-07, 5.12303540745e-06, 6.12833318883e-05, 0.000109203290776, 0.000420555123128, 0.000699761149008, 0.0012716378551, 0.00353686418384, 0.0118383001536, 0.0255904048681, 0.0437201075256, 0.0611566714942, 0.0982852056623, 0.115323811769, 0.113743029535, 0.267243236303, 0.204860463738, 0.248986765742, 0.212715297937, 0.337615728378, 0.321618139744, 0.194465786219, 0.281967431307, 0.389048814774, 0.126592323184, 0.0430665500462, 0.0447947196662, 0.0292587354779, 0.0248158108443, 0.00655488856137, 0.00508513953537, 0.00375271448866, 0.00140220078174, 0.00108266808093, 0.000389411638025, 0.000134966598125, 2.37482981902e-05, 3.28155852003e-06, 2.71463989066e-07, 1.66846035654e-07],
        "stdev": [0.105302765965, 0.947152495384, 1.87005543709, 3.13061761856, 5.93047475815, 17.2702007294, 27.606760025, 45.6364059448, 58.3908233643, 22.5577449799, 27.9615345001, 146.374740601, 150.984375, 53.3604621887, 102.454025269, 73.8606414795, 63.873840332, 83.9030532837, 51.0721321106, 116.267364502, 52.5776939392, 30.787612915, 39.6085891724, 21.7294025421, 11.9313011169, 13.2458286285, 9.96052360535, 6.82316589355, 6.75402450562, 6.1272854805, 7.8929309845, 6.57953453064, 4.87749099731, 3.13434553146, 1.3350481987, 0.358408868313, 0.031586330384, 0.00207190890796, 0.000124785845401, 2.04338757612e-05]
    },
    "gfcc": {
        "mean": [19.8269405365, 66.9094848633, -121.134757996, 40.0787734985, -71.0574493408, 22.8187103271, -45.0653305054, 16.2528266907, -25.6254653931, 3.33739161491, -13.9326639175, 2.05122876167, -6.00184488297],
        "cov": [[2083.95654297, -175.978286743, 44.3577957153, 51.7787208557, -95.556022644, 149.810836792, -176.752166748, 122.220458984, 14.8559455872, 7.64443683624, -17.7048225403, -58.3112792969, 1.27842855453], [-175.978286743, 404.923797607, 2.20525932312, -61.9886512756, 120.258468628, -46.0085601807, 89.5692062378, -35.3628234863, 46.1029090881, -13.839179039, 45.2196350098, -0.285321235657, 17.6224555969], [44.3577957153, 2.20525932312, 892.56072998, 457.393707275, -116.282325745, 40.2460861206, -225.702682495, -54.8665466309, -73.1168060303, 61.1704711914, 39.6691894531, 74.0244445801, 15.0431451797], [51.7787208557, -61.9886512756, 457.393707275, 384.306091309, -25.5399932861, 17.1611366272, -141.87802124, -8.40787124634, 10.7685108185, 36.0529022217, 14.5712776184, 30.2906475067, 16.096157074], [-95.556022644, 120.258468628, -116.282325745, -25.5399932861, 173.605514526, 28.4562854767, 74.2790679932, 10.5308799744, 47.6450996399, 0.349081158638, -0.21128423512, -2.88368105888, 4.22658872604], [149.810836792, -46.0085601807, 40.2460861206, 17.1611366272, 28.4562854767, 189.301925659, 76.6258773804, 2.83078670502, -33.4125022888, 17.2046165466, 19.7351264954, -6.69968986511, -15.2819643021], [-176.752166748, 89.5692062378, -225.702682495, -141.87802124, 74.2790679932, 76.6258773804, 226.609802246, 31.9549636841, 12.2153778076, -13.503405571, 8.21335887909, -30.6939582825, -11.1189279556], [122.220458984, -35.3628234863, -54.8665466309, -8.40787124634, 10.5308799744, 2.83078670502, 31.9549636841, 114.281204224, 62.7863044739, 3.91106367111, -19.8760528564, -22.652135849, 3.95939469337], [14.8559455872, 46.1029090881, -73.1168060303, 10.7685108185, 47.6450996399, -33.4125022888, 12.2153778076, 62.7863044739, 127.656295776, 21.9979572296, 5.02070236206, -9.18517780304, 15.4544363022], [7.64443683624, -13.839179039, 61.1704711914, 36.0529022217, 0.349081158638, 17.2046165466, -13.503405571, 3.91106367111, 21.9979572296, 72.4490661621, 36.531539917, 8.63018417358, 1.57967615128], [-17.7048225403, 45.2196350098, 39.6691894531, 14.5712776184, -0.21128423512, 19.7351264954, 8.21335887909, -19.8760528564, 5.02070236206, 36.531539917, 85.9609069824, 40.5192260742, 13.4737606049], [-58.3112792969, -0.285321235657, 74.0244445801, 30.2906475067, -2.88368105888, -6.69968986511, -30.6939582825, -22.652135849, -9.18517780304, 8.63018417358, 40.5192260742, 75.927192688, 27.1800994873], [1.27842855453, 17.6224555969, 15.0431451797, 16.096157074, 4.22658872604, -15.2819643021, -11.1189279556, 3.95939469337, 15.4544363022, 1.57967615128, 13.4737606049, 27.1800994873, 57.2751274109]],
        "icov": [[0.000886466121301, -0.000834341568407, 0.000778254703619, -0.000269730953733, 0.000873623590451, -0.00198687310331, 0.00228750798851, -0.00171073211823, 0.000508497701958, 4.84643751406e-05, -9.1705849627e-05, 0.000503932649735, -0.000280051695881], [-0.000834341568407, 0.0107521573082, -0.00735569326207, 0.00674170488492, -0.00883277878165, 0.00739369401708, -0.0065465089865, 0.0067754839547, -0.00607970356941, 0.00726516544819, -0.00910380017012, 0.00775251397863, -0.00246424111538], [0.000778254703619, -0.00735569326207, 0.00922461971641, -0.00889774411917, 0.00735261524096, -0.00588489649817, 0.00563314603642, -0.0050873500295, 0.00643137702718, -0.00649196142331, 0.00625208579004, -0.00684720976278, 0.00187832606025], [-0.000269730953733, 0.00674170488492, -0.00889774411917, 0.0127907032147, -0.00702942768112, 0.00301914149895, -0.00126264372375, 0.00393814453855, -0.00694055343047, 0.00581694440916, -0.00620517553762, 0.00678328052163, -0.0025659375824], [0.000873623590451, -0.00883277878165, 0.00735261524096, -0.00702942768112, 0.0159407146275, -0.00778546975926, 0.00311850709841, -0.00323494593613, 0.00102262431756, -0.0061879712157, 0.00970710162073, -0.0085820723325, 0.00200175493956], [-0.00198687310331, 0.00739369401708, -0.00588489649817, 0.00301914149895, -0.00778546975926, 0.0158106070012, -0.011010770686, 0.00499959150329, -0.000214737592614, 0.00178990047425, -0.00631446018815, 0.0042189154774, 0.000268454576144], [0.00228750798851, -0.0065465089865, 0.00563314603642, -0.00126264372375, 0.00311850709841, -0.011010770686, 0.017413655296, -0.00890847109258, 0.0042586713098, -0.000669640081469, -3.78056465706e-05, 0.000829910044558, 0.000151302912855], [-0.00171073211823, 0.0067754839547, -0.0050873500295, 0.00393814453855, -0.00323494593613, 0.00499959150329, -0.00890847109258, 0.0207112841308, -0.0123436078429, 0.00310984998941, 0.000185294717085, 0.00376320467331, -0.00199010036886], [0.000508497701958, -0.00607970356941, 0.00643137702718, -0.00694055343047, 0.00102262431756, -0.000214737592614, 0.0042586713098, -0.0123436078429, 0.0208716802299, -0.00875869952142, 0.00203680829145, -0.00223242118955, -0.00114205922], [4.84643751406e-05, 0.00726516544819, -0.00649196142331, 0.00581694440916, -0.0061879712157, 0.00178990047425, -0.000669640081469, 0.00310984998941, -0.00875869952142, 0.0271611493081, -0.0169983804226, 0.00979717075825, -0.0006131035625], [-9.1705849627e-05, -0.00910380017012, 0.00625208579004, -0.00620517553762, 0.00970710162073, -0.00631446018815, -3.78056465706e-05, 0.000185294717085, 0.00203680829145, -0.0169983804226, 0.03209233284, -0.0195905417204, 0.00214997958392], [0.000503932649735, 0.00775251397863, -0.00684720976278, 0.00678328052163, -0.0085820723325, 0.0042189154774, 0.000829910044558, 0.00376320467331, -0.00223242118955, 0.00979717075825, -0.0195905417204, 0.0321222096682, -0.0111474562436], [-0.000280051695881, -0.00246424111538, 0.00187832606025, -0.0025659375824, 0.00200175493956, 0.000268454576144, 0.000151302912855, -0.00199010036886, -0.00114205922, -0.0006131035625, 0.00214997958392, -0.0111474562436, 0.0236520245671]]
    },
    "melbands": {
        "max": [0.0065761837177, 0.0082185100764, 0.00453085592017, 0.0061365715228, 0.00803276244551, 0.0114926369861, 0.0107053406537, 0.00433735642582, 0.00398966111243, 0.0100889466703, 0.00820163823664, 0.00301083829254, 0.00434435531497, 0.00315315579064, 0.00194110360462, 0.00129116349854, 0.00191915559117, 0.00206006225199, 0.00194140919484, 0.00204704958014, 0.00103312393185, 0.000381052232115, 0.000360005244147, 0.000339674821589, 0.000138332427014, 9.80699260253e-05, 7.97620377853e-05, 9.01604798855e-05, 6.86118291924e-05, 4.66564306407e-05, 3.74282426492e-05, 5.47299860045e-05, 4.56464258605e-05, 2.62110170297e-05, 3.783424836e-05, 4.14468922827e-05, 3.46005763276e-05, 5.17689222761e-05, 3.07066366076e-05, 4.64575532533e-05],
        "mean": [0.00068571040174, 0.000756928347982, 0.000356822070898, 0.000429782405263, 0.000533052603714, 0.000539422326256, 0.000237139887759, 0.000128595755086, 0.000149513070937, 0.000425481179263, 0.000313443917548, 9.08217043616e-05, 0.000128264786326, 9.52024638536e-05, 5.73546531086e-05, 6.03368171141e-05, 6.34661482763e-05, 4.14068526879e-05, 6.07469119132e-05, 5.45233269804e-05, 2.84339676e-05, 2.2821188395e-05, 2.22090402531e-05, 2.18387067434e-05, 1.37572005769e-05, 9.61241130426e-06, 9.23962488741e-06, 8.9506711447e-06, 6.67749873173e-06, 4.42172540716e-06, 4.28485782322e-06, 3.7087313558e-06, 2.81444704342e-06, 3.62674882126e-06, 4.48359514849e-06, 4.03874491894e-06, 3.48955313711e-06, 3.07501909447e-06, 2.11307929021e-06, 1.70149382939e-06],
        "min": [6.6194671966e-09, 4.0095528675e-08, 2.49627767346e-08, 4.37039737733e-08, 5.33971586947e-08, 8.96238319115e-08, 1.78361347025e-07, 3.42103589901e-07, 3.28870697786e-07, 4.42296425263e-07, 5.09663664161e-07, 4.74338804679e-07, 3.51250889707e-07, 2.83505215748e-07, 7.83793780101e-07, 2.31556896324e-07, 3.44970061406e-07, 2.43629159513e-07, 3.45785423406e-07, 3.26698852859e-07, 3.57414052132e-07, 2.15327389697e-07, 1.21219983384e-07, 2.21712298298e-07, 1.54995092316e-07, 8.28733845992e-08, 5.74130041286e-08, 2.38670843089e-08, 2.6056939717e-08, 2.69968154498e-08, 1.43047964585e-08, 1.61043836044e-08, 7.01375535428e-09, 2.57578713914e-09, 3.14465808948e-09, 2.43085573892e-09, 2.0752775054e-09, 8.91868356945e-10, 9.57686152603e-10, 8.91025087046e-10],
        "stdev": [0.00102026946843, 0.000952204980422, 0.00058684265241, 0.000675534829497, 0.000873116310686, 0.000981716206297, 0.000789763987996, 0.000277063110843, 0.000313438504236, 0.000983062083833, 0.000757354311645, 0.000237730375375, 0.000346220622305, 0.000277912331512, 0.000129562467919, 0.00014294074208, 0.000174679822521, 9.90122425719e-05, 0.000157598653459, 0.000143941899296, 6.83909311192e-05, 3.56474120053e-05, 3.62233440683e-05, 3.34904507326e-05, 1.77905694727e-05, 1.04114724309e-05, 8.709523172e-06, 9.46818727243e-06, 7.55021119403e-06, 4.23691062679e-06, 4.21811364504e-06, 4.11484234064e-06, 3.3796752632e-06, 3.7114530187e-06, 4.86700719193e-06, 4.49629578725e-06, 3.97965368393e-06, 3.67847269445e-06, 2.84780571747e-06, 2.75176466857e-06]
    },
    "melbands128": {
        "max": [0.000533114071004, 0.00480674533173, 0.0118226325139, 0.0138532081619, 0.0112486556172, 0.00996396876872, 0.00619563646615, 0.00626917835325, 0.00876811519265, 0.00660308916122, 0.0102509399876, 0.0155458133668, 0.0113256797194, 0.0124511914328, 0.0210833624005, 0.015753492713, 0.0205772966146, 0.015503580682, 0.00337591371499, 0.00412482861429, 0.0100578255951, 0.00385249871761, 0.00397590640932, 0.0109780859202, 0.0214450843632, 0.01569217816, 0.0219434220344, 0.0107082417235, 0.0130295269191, 0.00467111030594, 0.00440030079335, 0.00779389543459, 0.00840434338897, 0.0078559955582, 0.00813549291342, 0.00423450907692, 0.00400568451732, 0.00137228309177, 0.00342826778069, 0.00352831301279, 0.00280328909867, 0.00316818361171, 0.00314950034954, 0.00381415314041, 0.00419328548014, 0.00247830571607, 0.00137327366974, 0.00319758779369, 0.0030464893207, 0.00627699913457, 0.00328133907169, 0.000672085967381, 0.00165309011936, 0.00162494240794, 0.00121875677723, 0.000317277590511, 0.000425242353231, 0.000539544969797, 0.000799478089903, 0.00108924438246, 0.000568001996726, 0.000413016008679, 0.000249246280873, 0.000226708580158, 0.00016248121392, 0.000175772031071, 0.000104506849311, 0.000137947223266, 0.000133128050948, 0.000110501234303, 0.000158760987688, 0.000166010169778, 0.000102044163214, 0.00011131039355, 8.64560715854e-05, 5.42597772437e-05, 7.20024399925e-05, 6.44330211799e-05, 4.8824960686e-05, 5.22470945725e-05, 8.63065652084e-05, 5.83425862715e-05, 6.40715588816e-05, 5.54427751922e-05, 4.1194671212e-05, 2.8452845072e-05, 3.05535395455e-05, 5.40522487427e-05, 5.83614237257e-05, 4.70696395496e-05, 3.73441434931e-05, 7.25214413251e-05, 4.721822188e-05, 4.9885144108e-05, 3.27843372361e-05, 5.04953131895e-05, 7.31404215912e-05, 3.49753572664e-05, 3.06443798763e-05, 4.59418733953e-05, 3.1845542253e-05, 8.1854617747e-05, 2.32286547543e-05, 3.61137099389e-05, 1.38363348015e-05, 1.08289132186e-05, 6.12405801803e-06, 8.15587918623e-06, 4.90317734148e-06, 3.51874155058e-06, 2.91987748824e-06, 4.60502036503e-07, 3.0190454936e-07, 2.63562270675e-07, 2.92250604161e-07, 2.6738626957e-07, 2.18161659404e-07, 1.49810006178e-07, 2.63423231672e-07, 9.71195532884e-08, 5.22459231433e-08, 5.17333553773e-08, 2.43020714663e-08, 7.6683354111e-11, 6.64150054397e-11, 5.87584148004e-11, 5.35831101711e-11, 5.03776811933e-11],
        "mean": [4.05198225053e-05, 0.000435072899563, 0.00101985840593, 0.00105622783303, 0.000778675777838, 0.000539794855285, 0.000340366677847, 0.000313566619297, 0.000358553457772, 0.000350407121005, 0.000558777886909, 0.000555160513613, 0.00047039843048, 0.000588428752962, 0.000598189595621, 0.000503069255501, 0.000367745291442, 0.000170973362401, 9.38248485909e-05, 0.000133793408168, 0.000159359100508, 8.35643659229e-05, 9.17759680306e-05, 0.000257245526882, 0.000443001743406, 0.000437803973909, 0.000549519434571, 0.000275551661616, 0.000178505099029, 7.84672229202e-05, 5.36330335308e-05, 0.000113570320536, 0.000154428722453, 0.000121421624499, 0.000108868254756, 8.87214919203e-05, 7.32531116228e-05, 3.45818662026e-05, 7.00946329744e-05, 6.79961303831e-05, 5.17076077813e-05, 5.96103673161e-05, 6.4830739575e-05, 6.77045827615e-05, 5.4209598602e-05, 3.24203319906e-05, 3.0770785088e-05, 5.26451185578e-05, 7.48636739445e-05, 8.63653986016e-05, 5.32781305083e-05, 2.15400614252e-05, 2.62328630924e-05, 3.35556105711e-05, 2.94252458843e-05, 2.1374264179e-05, 1.56998030434e-05, 2.28822300414e-05, 2.38642151089e-05, 2.32972306549e-05, 2.30072255363e-05, 2.05076903512e-05, 1.47793762153e-05, 1.23809040815e-05, 1.05487479232e-05, 9.73374972091e-06, 8.59518968355e-06, 9.48041997617e-06, 9.04101761989e-06, 9.42614678934e-06, 1.01433060991e-05, 7.89250861999e-06, 6.87999772708e-06, 6.96014285495e-06, 5.90082072449e-06, 4.34874255006e-06, 3.84281065635e-06, 3.94352264266e-06, 4.43834733233e-06, 4.43036606157e-06, 4.44394026999e-06, 2.82530413642e-06, 3.23143353853e-06, 2.6640454962e-06, 2.71514613814e-06, 2.93720268019e-06, 4.10109259974e-06, 4.69036149298e-06, 4.74583475807e-06, 4.17845649281e-06, 3.9720116547e-06, 4.14221631218e-06, 3.79076141144e-06, 3.45263106283e-06, 3.22852520185e-06, 3.49613515027e-06, 3.00793817587e-06, 2.7021378628e-06, 1.98804059437e-06, 1.94870631276e-06, 1.82120072623e-06, 1.7664118559e-06, 1.38068071465e-06, 1.18207333344e-06, 1.0743723351e-06, 8.24378048492e-07, 5.94471259774e-07, 5.2141820106e-07, 4.82964594539e-07, 3.70307276398e-07, 2.45402191013e-07, 4.32031654896e-08, 1.94566638356e-08, 2.89746697746e-08, 6.57302834384e-08, 1.04927702083e-08, 5.37888489305e-09, 6.08748995656e-10, 6.38269159747e-10, 2.80496459393e-10, 1.06214273488e-10, 4.78642472879e-11, 2.21723854554e-11, 3.03431455309e-12, 2.9641187508e-12, 2.91037831855e-12, 2.87336062062e-12, 2.8530882084e-12],
        "min": [3.66894670201e-09, 2.89522272823e-09, 7.95409249577e-09, 3.86992304868e-09, 2.98639832863e-08, 1.77331713758e-08, 2.16449826951e-08, 1.04341761897e-08, 4.53538220313e-08, 4.41494307779e-08, 2.35929924486e-08, 4.70202259351e-08, 4.06550064724e-08, 1.4828692052e-08, 2.6714825907e-08, 1.02073563824e-07, 6.36307007085e-08, 7.41816279515e-08, 1.66204443985e-07, 5.31693231665e-08, 4.19886873715e-07, 5.46316307748e-08, 2.6169720968e-07, 1.76796305595e-07, 2.54475821748e-07, 4.23472101829e-07, 4.97813516631e-07, 3.30654728486e-07, 1.73101767587e-07, 5.71338887312e-08, 1.45655832284e-07, 1.1166338254e-07, 2.57691993966e-07, 1.94795447328e-07, 1.12661261653e-07, 3.46089734649e-07, 2.88723555286e-07, 1.32930381369e-07, 1.64302690564e-07, 1.07314832576e-07, 7.66457475265e-08, 1.45353894254e-07, 1.70398436694e-07, 1.10318993052e-07, 9.27311631926e-08, 7.0435454802e-08, 3.48560114105e-08, 5.36296163034e-08, 2.29348728453e-07, 1.62058157116e-07, 8.69101413059e-08, 7.08659868565e-08, 6.76108200537e-08, 1.80013643103e-07, 2.18189541101e-07, 1.24607993257e-07, 2.52136871381e-08, 5.27252126403e-08, 1.5528378583e-07, 4.95164016456e-08, 1.53627951249e-07, 2.53799612437e-07, 1.03598608803e-07, 4.86354494456e-08, 5.6186603814e-08, 6.25317682079e-08, 8.16019394279e-08, 1.27437402853e-07, 2.4313106195e-08, 1.29382389247e-08, 2.51121274886e-08, 2.95835906883e-08, 2.24363905232e-08, 2.31231513936e-08, 2.97203026633e-08, 3.7360415206e-08, 1.7855338541e-08, 1.28649899622e-08, 9.97627225274e-09, 1.90612645667e-08, 1.0909743331e-08, 2.1480687451e-08, 1.04493675934e-08, 5.90002446899e-09, 2.10754835805e-09, 3.15516168747e-09, 1.64859137453e-09, 3.29640181818e-09, 3.77258047024e-09, 3.00237545936e-09, 1.63679891863e-09, 2.54597698479e-09, 3.23522098e-09, 2.36309949386e-09, 1.03804775886e-09, 1.16192755417e-09, 7.2703409959e-10, 8.02078015116e-10, 9.7291885659e-10, 9.2287050224e-10, 1.19847265445e-09, 9.29432419916e-10, 5.57068280393e-10, 2.81472234409e-10, 4.98582064523e-10, 4.18963641557e-10, 2.11937148387e-10, 2.37053376928e-10, 2.42891262658e-10, 2.49539944264e-10, 1.20646603818e-10, 8.51681641878e-11, 3.80243926623e-11, 3.98093259746e-11, 2.96985248893e-11, 3.43660828961e-11, 3.93903862978e-14, 1.68537381181e-14, 1.5378592971e-14, 1.58467904326e-14, 1.04131138865e-14, 1.45424969132e-14, 1.20193865101e-14, 1.26786153123e-14, 1.01105774347e-14, 3.73033309971e-15, 5.43860744251e-16, 3.80683936544e-17],
        "stdev": [6.8167981226e-05, 0.000764917465858, 0.00168438267428, 0.00168642948847, 0.00116189208347, 0.000808430078905, 0.00066648144275, 0.000729283026885, 0.00068850396201, 0.000580084801186, 0.00124770449474, 0.00119051069487, 0.00118290982209, 0.00132869719528, 0.00136225949973, 0.00127313320991, 0.00142193643842, 0.000857935810927, 0.00021258542256, 0.000279262079857, 0.00052461551968, 0.000237277869019, 0.000270584045211, 0.000765881908592, 0.00142356159631, 0.00138140830677, 0.00176156999078, 0.0007950051222, 0.0007904121303, 0.000239174260059, 0.000219734894927, 0.000405219412642, 0.000524044735357, 0.000513537088409, 0.000490924867336, 0.00032390729757, 0.000248558004387, 8.41815854074e-05, 0.00021403322171, 0.000210156023968, 0.000222746777581, 0.000206696524401, 0.000261698820395, 0.000260466389591, 0.000212613653275, 9.87000312307e-05, 8.6264910351e-05, 0.000196359469555, 0.000243416361627, 0.000295134057524, 0.000208498793654, 5.71762102481e-05, 8.61669686856e-05, 0.000117725940072, 7.33638589736e-05, 3.92679212382e-05, 3.07954433083e-05, 4.20951546403e-05, 5.4247360822e-05, 7.01309691067e-05, 4.33891655121e-05, 4.05074861192e-05, 2.48303422268e-05, 2.00841022888e-05, 1.45021367643e-05, 1.59235169122e-05, 1.01131672636e-05, 1.1392918168e-05, 1.0766012565e-05, 1.2241778677e-05, 1.35860182127e-05, 1.13704036266e-05, 9.55552877713e-06, 1.04196997199e-05, 7.17378270565e-06, 5.05274147145e-06, 4.60210731035e-06, 4.79544905829e-06, 5.10558356837e-06, 5.04231547893e-06, 5.43147552889e-06, 3.81687868867e-06, 4.21532013206e-06, 3.71579449165e-06, 3.65155983673e-06, 3.26194981426e-06, 4.59297280031e-06, 5.6489684539e-06, 5.88603188589e-06, 5.01885006088e-06, 4.75892056784e-06, 5.44218937648e-06, 4.60197497887e-06, 4.39969608124e-06, 4.07671450375e-06, 4.36189475295e-06, 4.11601104133e-06, 3.70419184037e-06, 2.79101595879e-06, 3.10415407512e-06, 2.7730113743e-06, 3.48721232513e-06, 2.33070045397e-06, 2.13528051063e-06, 1.67197458723e-06, 1.20631466416e-06, 8.41417090669e-07, 7.79018364483e-07, 6.73355827985e-07, 5.03611147451e-07, 3.76635739485e-07, 5.99309473159e-08, 3.28523448445e-08, 2.85067365269e-08, 3.01385441048e-08, 2.10234532005e-08, 1.6111101786e-08, 6.37659480773e-09, 1.02262438517e-08, 3.78350417662e-09, 1.74281566956e-09, 1.42288414384e-09, 6.6735833526e-10, 4.96033032357e-12, 4.78341715196e-12, 4.65966371391e-12, 4.57641346693e-12, 4.52679690607e-12]
    },
    "mfcc": {
        "mean": [-616.662414551, 89.6703643799, 6.91827058792, 16.2553730011, 3.44521641731, 0.646279573441, -1.0560836792, 4.41122102737, -1.93664360046, 3.70150995255, -5.30132722855, 0.372915446758, -2.86492848396],
        "cov": [[2137.04248047, -253.030181885, -26.4058589935, -165.548706055, 80.0950698853, -75.9115066528, -53.4360198975, 27.1148891449, 13.0054187775, 107.811393738, 13.6977424622, -13.3136014938, -51.4673957825], [-253.030181885, 473.410552979, -214.748306274, -34.5053138733, -37.0954818726, 5.10057640076, 40.606136322, 26.1505432129, 0.203393310308, 38.1910858154, 8.42814731598, -6.16849184036, -31.6733074188], [-26.4058589935, -214.748306274, 967.465209961, 303.64855957, 200.042724609, 69.7941665649, -40.4343338013, -100.061782837, -80.3772659302, -141.860687256, -32.328792572, 56.1947746277, 82.2439651489], [-165.548706055, -34.5053138733, 303.64855957, 260.682159424, 135.768890381, -2.06932473183, -70.1365737915, -36.6322402954, 0.585172235966, -29.1165390015, -29.6717281342, 23.927066803, 48.9179153442], [80.0950698853, -37.0954818726, 200.042724609, 135.768890381, 182.257064819, 27.2306156158, -56.0768241882, -17.7974834442, -1.45331060886, -10.5374441147, -16.9011917114, 19.2293071747, 34.1540565491], [-75.9115066528, 5.10057640076, 69.7941665649, -2.06932473183, 27.2306156158, 149.322921753, 81.903755188, 5.10227632523, -18.3165798187, -13.5571680069, 18.4486789703, 12.8960847855, -0.0426965579391], [-53.4360198975, 40.606136322, -40.4343338013, -70.1365737915, -56.0768241882, 81.903755188, 151.259857178, 39.7504997253, -1.10059559345, 8.00909137726, 28.5212631226, -2.55253767967, -19.7464885712], [27.1148891449, 26.1505432129, -100.061782837, -36.6322402954, -17.7974834442, 5.10227632523, 39.7504997253, 93.9576416016, 43.6708335876, 32.6573829651, 9.06510162354, -6.40379333496, -7.75100183487], [13.0054187775, 0.203393310308, -80.3772659302, 0.585172235966, -1.45331060886, -18.3165798187, -1.10059559345, 43.6708335876, 91.8624267578, 59.9289512634, 6.70859575272, -10.323641777, -9.12777709961], [107.811393738, 38.1910858154, -141.860687256, -29.1165390015, -10.5374441147, -13.5571680069, 8.00909137726, 32.6573829651, 59.9289512634, 141.994949341, 35.3756408691, -10.6199970245, -23.2854290009], [13.6977424622, 8.42814731598, -32.328792572, -29.6717281342, -16.9011917114, 18.4486789703, 28.5212631226, 9.06510162354, 6.70859575272, 35.3756408691, 66.1510620117, 22.2690982819, -6.73046207428], [-13.3136014938, -6.16849184036, 56.1947746277, 23.927066803, 19.2293071747, 12.8960847855, -2.55253767967, -6.40379333496, -10.323641777, -10.6199970245, 22.2690982819, 67.6323928833, 32.5993041992], [-51.4673957825, -31.6733074188, 82.2439651489, 48.9179153442, 34.1540565491, -0.0426965579391, -19.7464885712, -7.75100183487, -9.12777709961, -23.2854290009, -6.73046207428, 32.5993041992, 71.5267105103]],
        "icov": [[0.000710868684109, 0.000391567766201, -0.000194454594748, 0.00111737567931, -0.00105768849608, 0.000628627778497, 5.20485491506e-06, -0.000275023689028, 0.000459307630081, -0.000772842031438, 0.000357320852345, -0.000377618562197, 0.000634107622318], [0.000391567766201, 0.00279612652957, 0.000712224573363, -0.000368651904864, -0.000620323291514, 0.000459276634501, -0.000874621677212, -0.000400925899157, 0.0013743089512, -0.000864803791046, 0.000648188753985, -0.000889491057023, 0.00132492324337], [-0.000194454594748, 0.000712224573363, 0.00251841009595, -0.00259953155182, -0.00071007682709, -0.000290437368676, -0.00119378999807, 0.00110922020394, 0.000670066045132, 0.00146807450801, -0.000517462904099, -0.000233250248129, -0.000191871469724], [0.00111737567931, -0.000368651904864, -0.00259953155182, 0.0112181873992, -0.00534594617784, 0.00150791113265, 0.00147521286272, 0.000755781598855, -0.00202242494561, -0.00153569877148, 0.00233290647157, -0.00107576581649, -0.00104790192563], [-0.00105768849608, -0.000620323291514, -0.00071007682709, -0.00534594617784, 0.0132199693471, -0.00563308456913, 0.00515271071345, -0.00155518262181, -0.00035612101783, -0.000631870119832, 0.000637856894173, 0.000116521376185, -0.00186928571202], [0.000628627778497, 0.000459276634501, -0.000290437368676, 0.00150791113265, -0.00563308456913, 0.013251661323, -0.0085269715637, 0.00114321743604, 0.00146527262405, 0.000209816455026, -0.000997636467218, -0.00123450392857, 0.00114999106154], [5.20485491506e-06, -0.000874621677212, -0.00119378999807, 0.00147521286272, 0.00515271071345, -0.0085269715637, 0.0157723166049, -0.00555993756279, 0.00065148685826, -0.000176361863851, -0.00251662288792, 0.00129775202367, 0.000463914475404], [-0.000275023689028, -0.000400925899157, 0.00110922020394, 0.000755781598855, -0.00155518262181, 0.00114321743604, -0.00555993756279, 0.0175167918205, -0.00791006255895, 0.00079120270675, 0.000463743897853, 1.30656198962e-05, -0.00177536183037], [0.000459307630081, 0.0013743089512, 0.000670066045132, -0.00202242494561, -0.00035612101783, 0.00146527262405, 0.00065148685826, -0.00791006255895, 0.0202376246452, -0.00717934221029, 0.00120691268239, 0.000460721756099, 0.00119431945495], [-0.000772842031438, -0.000864803791046, 0.00146807450801, -0.00153569877148, -0.000631870119832, 0.000209816455026, -0.000176361863851, 0.00079120270675, -0.00717934221029, 0.0140071185306, -0.00756348622963, 0.00266272970475, 0.000480617105495], [0.000357320852345, 0.000648188753985, -0.000517462904099, 0.00233290647157, 0.000637856894173, -0.000997636467218, -0.00251662288792, 0.000463743897853, 0.00120691268239, -0.00756348622963, 0.0254492238164, -0.0116043370217, 0.00396922649816], [-0.000377618562197, -0.000889491057023, -0.000233250248129, -0.00107576581649, 0.000116521376185, -0.00123450392857, 0.00129775202367, 1.30656198962e-05, 0.000460721756099, 0.00266272970475, -0.0116043370217, 0.0250378120691, -0.0109359882772], [0.000634107622318, 0.00132492324337, -0.000191871469724, -0.00104790192563, -0.00186928571202, 0.00114999106154, 0.000463914475404, -0.00177536183037, 0.00119431945495, 0.000480617105495, 0.00396922649816, -0.0109359882772, 0.0224566161633]]
    },
    "spectral_contrast_coeffs": {
        "max": [-0.499755442142, -0.453884780407, -0.499024510384, -0.601701617241, -0.668949604034, -0.695396780968],
        "mean": [-0.730168819427, -0.741813063622, -0.755647182465, -0.784114658833, -0.795738279819, -0.787431240082],
        "min": [-0.918656587601, -0.92865383625, -0.906418561935, -0.902975380421, -0.881345331669, -0.843381643295],
        "stdev": [0.0693596377969, 0.0755967274308, 0.0809187963605, 0.0588765777647, 0.0324268788099, 0.0235496163368]
    },
    "spectral_contrast_valleys": {
        "max": [-5.53398513794, -5.29488277435, -5.35297203064, -5.83789300919, -6.03936815262, -7.83283376694],
        "mean": [-6.753074646, -6.76702451706, -7.28964090347, -7.4869093895, -7.18637609482, -9.3817024231],
        "min": [-10.7595691681, -8.89550590515, -8.79493427277, -9.16417312622, -9.18466663361, -12.3949661255],
        "stdev": [0.64478880167, 0.541658401489, 0.593370616436, 0.551144182682, 0.474475413561, 0.731391131878]
    }
},
"rhythm": {
    "beats_count": 53,
    "beats_loudness": {
        "max": 0.0493154115975,
        "mean": 0.0321439765394,
        "min": 0.00317962025292,
        "stdev": 0.0105495499447
    },
    "bpm": 104.948150635,
    "bpm_histogram_first_peak_bpm": 105,
    "bpm_histogram_first_peak_weight": 0.403846144676,
    "bpm_histogram_second_peak_bpm": 0,
    "bpm_histogram_second_peak_spread": 0,
    "bpm_histogram_second_peak_weight": 0,
    "danceability": 1.32293236256,
    "onset_rate": 5.55171918869,
    "beats_loudness_band_ratio": {
        "max": [0.867200911045, 0.680932104588, 0.554025709629, 0.691465198994, 0.500331103802, 0.252867162228],
        "mean": [0.403047710657, 0.180680885911, 0.139079451561, 0.133429452777, 0.123043760657, 0.0618278197944],
        "min": [0.00187615852337, 0.00451555661857, 0.0113185001537, 0.00988067686558, 0.00607185764238, 0.0153866577893],
        "stdev": [0.203315973282, 0.178766027093, 0.126303300261, 0.178809612989, 0.132670029998, 0.0366367921233]
    },
    "beats_position": [0.53405892849, 1.09133780003, 1.66022670269, 2.22911548615, 2.80961441994, 3.36689329147, 3.94739222527, 4.52789115906, 5.0967798233, 5.66566896439, 6.23455762863, 6.80344676971, 7.38394546509, 7.95283412933, 8.52172279358, 9.10222244263, 9.682721138, 10.2399997711, 10.8088884354, 11.3777770996, 11.9466667175, 12.5155553818, 13.0960540771, 13.6649427414, 14.2338323593, 14.8027210236, 15.3716096878, 15.9521083832, 16.5209980011, 17.0898857117, 17.6587753296, 18.2276649475, 18.8081626892, 19.3770523071, 19.9459400177, 20.5264396667, 21.1069393158, 21.6642169952, 22.2331066132, 22.8019943237, 23.3824939728, 23.9513835907, 24.5202713013, 25.1007709503, 25.6696586609, 26.2385482788, 26.8074378967, 27.3763256073, 27.9568252563, 28.5257129669, 29.106212616, 29.686712265, 30.2672100067],
