{
"metadata": {
    "version": {
        "essentia": "2.1-beta5",
        "essentia_git_sha": "Undefined",
        "extractor": "music 2.0"
    },
    "audio_properties": {
        "analysis": {
            "equal_loudness": 0,
            "length": 45.2556915283,
            "sample_rate": 44100,
            "start_time": 48.7386856079,
            "downmix": "mix"
        },
        "bit_rate": 192000,
        "length": 183.785964966,
        "lossless": 0,
        "number_channels": 2,
        "replay_gain": -6.48943901062,
        "sample_rate": 48000,
        "codec": "mp3",
        "md5_encoded": "400935a4bdf60e1e53203c025241bffc"
    },
    "tags": {
        "file_name": "Latvia_Too Much_Arnis Mednis.mp3",
        "encoding": ["Lavf58.29.100"]
    }
},
"lowlevel": {
    "average_loudness": 0.980080366135,
    "barkbands_crest": {
        "max": 23.2731266022,
        "mean": 9.4729642868,
        "min": 2.37045645714,
        "stdev": 3.93789625168
    },
    "barkbands_flatness_db": {
        "max": 0.236381828785,
        "mean": 0.137389346957,
        "min": 0.0592924319208,
        "stdev": 0.0298102423549
    },
    "barkbands_kurtosis": {
        "max": 49.6687812805,
        "mean": 1.42687630653,
        "min": -1.88407230377,
        "stdev": 3.72565436363
    },
    "barkbands_skewness": {
        "max": 6.75114679337,
        "mean": 1.01061820984,
        "min": -2.21212625504,
        "stdev": 1.01263010502
    },
    "barkbands_spread": {
        "max": 103.724197388,
        "mean": 33.0927848816,
        "min": 5.2500038147,
        "stdev": 15.2961893082
    },
    "dissonance": {
        "max": 0.500000059605,
        "mean": 0.475678354502,
        "min": 0.341540664434,
        "stdev": 0.0204909369349
    },
    "dynamic_complexity": 1.63067150116,
    "erbbands_crest": {
        "max": 25.3020420074,
        "mean": 8.27800655365,
        "min": 2.57514691353,
        "stdev": 3.93178915977
    },
    "erbbands_flatness_db": {
        "max": 0.272314429283,
        "mean": 0.156706243753,
        "min": 0.0881309211254,
        "stdev": 0.0337226092815
    },
    "erbbands_kurtosis": {
        "max": 13.7330780029,
        "mean": 0.376001417637,
        "min": -1.77985572815,
        "stdev": 1.82046282291
    },
    "erbbands_skewness": {
        "max": 3.35846161842,
        "mean": 0.0837833881378,
        "min": -2.78022074699,
        "stdev": 0.792725563049
    },
    "erbbands_spread": {
        "max": 122.995231628,
        "mean": 44.418598175,
        "min": 8.15790939331,
        "stdev": 21.3964481354
    },
    "hfc": {
        "max": 146.453430176,
        "mean": 30.828956604,
        "min": 1.56849575043,
        "stdev": 18.6658191681
    },
    "loudness_ebu128": {
        "integrated": -16.2246589661,
        "loudness_range": 1.08559608459,
        "momentary": {
            "max": -14.084154129,
            "mean": -16.3312530518,
            "min": -20.2294063568,
            "stdev": 0.979813456535
        },
        "short_term": {
            "max": -15.3755092621,
            "mean": -16.2535457611,
            "min": -17.129201889,
            "stdev": 0.380322188139
        }
    },
    "melbands_crest": {
        "max": 28.3651390076,
        "mean": 13.4317770004,
        "min": 3.26168370247,
        "stdev": 5.28098917007
    },
    "melbands_flatness_db": {
        "max": 0.301223814487,
        "mean": 0.141231417656,
        "min": 0.0122942151502,
        "stdev": 0.0477682426572
    },
    "melbands_kurtosis": {
        "max": 208.085525513,
        "mean": 10.2421035767,
        "min": -1.78093147278,
        "stdev": 14.5579547882
    },
    "melbands_skewness": {
        "max": 12.1189308167,
        "mean": 2.35979914665,
        "min": -0.500060796738,
        "stdev": 1.67529559135
    },
    "melbands_spread": {
        "max": 241.57144165,
        "mean": 37.7810058594,
        "min": 2.52322840691,
        "stdev": 24.1061935425
    },
    "pitch_salience": {
        "max": 0.853322386742,
        "mean": 0.57238060236,
        "min": 0.211250439286,
        "stdev": 0.104590959847
    },
    "silence_rate_20dB": {
        "max": 1,
        "mean": 1,
        "min": 1,
        "stdev": 0
    },
    "silence_rate_30dB": {
        "max": 1,
        "mean": 1,
        "min": 1,
        "stdev": 0
    },
    "silence_rate_60dB": {
        "max": 1,
        "mean": 0.00307692307979,
        "min": 0,
        "stdev": 0.0553852207959
    },
    "spectral_centroid": {
        "max": 4523.74609375,
        "mean": 1901.25866699,
        "min": 337.670959473,
        "stdev": 669.259216309
    },
    "spectral_complexity": {
        "max": 54,
        "mean": 23.4651279449,
        "min": 2,
        "stdev": 9.5689907074
    },
    "spectral_decrease": {
        "max": -2.86332069166e-10,
        "mean": -6.67624577844e-09,
        "min": -2.7254195345e-08,
        "stdev": 4.22585166859e-09
    },
    "spectral_energy": {
        "max": 0.106455974281,
        "mean": 0.0279939789325,
        "min": 0.00122295052279,
        "stdev": 0.0168256126344
    },
    "spectral_energyband_high": {
        "max": 0.0177009534091,
        "mean": 0.00193139223848,
        "min": 8.61259031808e-05,
        "stdev": 0.00173236348201
    },
    "spectral_energyband_low": {
        "max": 0.0897057503462,
        "mean": 0.00792639516294,
        "min": 2.7162997867e-05,
        "stdev": 0.00951002817601
    },
    "spectral_energyband_middle_high": {
        "max": 0.0628945603967,
        "mean": 0.00861142668873,
        "min": 0.000298296217807,
        "stdev": 0.0074497172609
    },
    "spectral_energyband_middle_low": {
        "max": 0.086928807199,
        "mean": 0.0105680264533,
        "min": 0.000330334383762,
        "stdev": 0.011905820109
    },
    "spectral_entropy": {
        "max": 8.69859313965,
        "mean": 7.94866371155,
        "min": 7.1479139328,
        "stdev": 0.231426537037
    },
    "spectral_flux": {
        "max": 0.276827186346,
        "mean": 0.11022631079,
        "min": 0.0251678992063,
        "stdev": 0.0460762232542
    },
    "spectral_kurtosis": {
        "max": 9.67347431183,
        "mean": 1.7649128437,
        "min": -0.96742272377,
        "stdev": 1.1657782793
    },
    "spectral_rms": {
        "max": 0.0101911472157,
        "mean": 0.00499408366159,
        "min": 0.00109230144881,
        "stdev": 0.00153958494775
    },
    "spectral_rolloff": {
        "max": 9840.67382812,
        "mean": 2371.16674805,
        "min": 86.1328125,
        "stdev": 1841.59387207
    },
    "spectral_skewness": {
        "max": 2.67912602425,
        "mean": 1.05150330067,
        "min": 0.110552832484,
        "stdev": 0.254250973463
    },
    "spectral_spread": {
        "max": 11361044,
        "mean": 5121073,
        "min": 2462770,
        "stdev": 1046825.25
    },
    "spectral_strongpeak": {
        "max": 13.1034002304,
        "mean": 1.11009025574,
        "min": 0,
        "stdev": 1.38423359394
    },
    "zerocrossingrate": {
        "max": 0.34375,
        "mean": 0.0892107337713,
        "min": 0.02392578125,
        "stdev": 0.0381953306496
    },
    "barkbands": {
        "max": [0.00196082866751, 0.0622061640024, 0.0528844296932, 0.0599973797798, 0.0771180763841, 0.0336931459606, 0.0343244224787, 0.0326652526855, 0.0350969433784, 0.0254431609064, 0.0240469370037, 0.0233350787312, 0.0341483652592, 0.0215292666107, 0.0168292056769, 0.00817291717976, 0.00923515297472, 0.00645625311881, 0.00951364450157, 0.0226536281407, 0.00762715283781, 0.00370097532868, 0.00607230793685, 0.00903676263988, 0.00406179716811, 5.98566202825e-06, 1.7969503574e-07],
        "mean": [0.000170877538039, 0.00472254212946, 0.00212293653749, 0.00224733934738, 0.0038431333378, 0.00163102301303, 0.000799401605036, 0.00070189445978, 0.00115035206545, 0.0015723319957, 0.00131541211158, 0.000782180461101, 0.00106848031282, 0.000780370959546, 0.000894100114238, 0.000524707662407, 0.000510407786351, 0.000454479188193, 0.000486468459712, 0.000575933838263, 0.00031831645174, 0.000373131304514, 0.000485287600895, 0.000319680781104, 0.000143117649714, 8.93540956781e-08, 1.10190245817e-09],
        "min": [1.40935398463e-07, 2.43108365794e-06, 1.08862002435e-06, 1.07584514808e-06, 2.53639937e-05, 1.60321178555e-05, 4.35614492744e-06, 4.27609211329e-06, 7.49734135752e-06, 5.0873732107e-06, 3.65161986338e-06, 5.29732369614e-06, 7.61515002523e-06, 4.08766209148e-06, 4.77020103062e-06, 6.23097912467e-06, 1.31342658278e-05, 1.09986231109e-05, 1.9922366846e-05, 1.16584460557e-05, 1.29224972625e-05, 1.06613315438e-05, 7.04036938259e-06, 4.70208260595e-06, 2.85467513095e-06, 5.11801746816e-11, 3.43735248598e-11],
        "stdev": [0.000228744771448, 0.0062415455468, 0.00478135421872, 0.00500272773206, 0.00664051249623, 0.00266111502424, 0.0016105719842, 0.00207816739567, 0.00294501520693, 0.00287519372068, 0.00265863817185, 0.00152210972738, 0.00206397497095, 0.00161017500795, 0.00157973298337, 0.000780283939093, 0.00075698812725, 0.000592287920881, 0.000634898780845, 0.00081659265561, 0.000354887393769, 0.000350420625182, 0.000534272752702, 0.000518355576787, 0.000214002371649, 3.59320608823e-07, 5.44968203897e-09]
    },
    "erbbands": {
        "max": [1.39706003666, 15.2380599976, 65.5648803711, 122.272315979, 189.998016357, 258.634246826, 331.620391846, 299.577606201, 283.556488037, 987.639099121, 683.262145996, 1091.45483398, 1026.14916992, 757.258911133, 835.525146484, 922.549438477, 1855.27490234, 1399.85900879, 1091.6776123, 708.155395508, 442.058502197, 508.254638672, 403.989654541, 278.201385498, 949.727600098, 657.443969727, 338.084625244, 189.572021484, 105.349311829, 196.879806519, 182.363433838, 186.149673462, 148.815582275, 69.3665542603, 15.695687294, 1.01728129387, 0.0277060046792, 0.0020852915477, 0.000347373890691, 0.000130043394165],
        "mean": [0.129567176104, 1.08801567554, 2.41026377678, 5.10514116287, 10.982383728, 13.1322650909, 11.9305419922, 14.4714727402, 10.6399011612, 14.5575370789, 18.0910415649, 27.6705513, 28.6061172485, 64.7660598755, 46.4490699768, 32.5942573547, 47.4623374939, 40.0777626038, 55.7422981262, 33.6054840088, 30.7785415649, 28.4582481384, 24.8374900818, 23.8419723511, 27.5736618042, 27.7406196594, 16.1094303131, 11.9182882309, 11.8501930237, 13.4596576691, 13.8724107742, 9.51421737671, 4.25779008865, 2.02253770828, 0.786989867687, 0.0474460721016, 0.00134260137565, 0.00011144723976, 3.41430713888e-05, 3.93840382458e-05],
        "min": [6.19134807494e-05, 0.000807918491773, 0.00253698625602, 0.0112213501707, 0.0461904071271, 0.0865997895598, 0.103575177491, 0.156764134765, 0.196957007051, 0.244374170899, 0.274711817503, 0.186538398266, 0.332172244787, 0.166484057903, 0.224017858505, 0.245929762721, 0.315037757158, 0.275060266256, 0.391906261444, 0.397555589676, 0.565681815147, 0.759176433086, 0.873187541962, 0.518404245377, 0.923597514629, 0.590172231197, 0.736463010311, 0.622159719467, 0.303346335888, 0.270012557507, 0.188601866364, 0.0822099745274, 0.0811379924417, 0.0398871414363, 0.00666329683736, 0.000347471126588, 1.654666994e-05, 2.85905025521e-06, 1.75368393229e-06, 1.83398867648e-06],
        "stdev": [0.182762756944, 1.46794402599, 4.73277568817, 10.5393714905, 21.9432811737, 24.2997837067, 21.8017578125, 24.6046714783, 17.8684501648, 39.6053123474, 44.3823165894, 76.9213027954, 54.9093017578, 101.303070068, 85.34349823, 57.7606201172, 88.2817764282, 80.3203353882, 103.740707397, 53.2369995117, 41.93409729, 41.1807022095, 35.1362762451, 27.6132297516, 41.4502449036, 34.6540374756, 18.0002269745, 12.3305702209, 11.1605739594, 13.5653867722, 15.7836952209, 13.0233278275, 7.98090076447, 3.24894118309, 1.12377822399, 0.0715916529298, 0.00192347285338, 0.000145998128573, 2.68024105026e-05, 2.17338838411e-05]
    },
    "gfcc": {
        "mean": [26.5683517456, 81.493057251, -139.978775024, 61.4526824951, -79.0328674316, 33.4378204346, -43.2446708679, 8.55495071411, -22.2227478027, -7.34871912003, -2.50230383873, -8.47462940216, 4.05047655106],
        "cov": [[1102.40551758, -87.4706954956, -58.1632194519, -84.2105178833, -16.2427120209, 109.642875671, -39.3533325195, -64.3826828003, -69.3492202759, -62.7833480835, -80.7499465942, -55.7587013245, -88.6078567505], [-87.4706954956, 556.903442383, 77.0785446167, 6.85321569443, 127.749755859, -19.1934757233, 119.003799438, 13.0658540726, 42.1937942505, -54.4890785217, 45.3925933838, -19.3083648682, 40.4902687073], [-58.1632194519, 77.0785446167, 670.718200684, 307.022460938, -35.375541687, -6.91074943542, -16.3567466736, 86.6778488159, -3.05223083496, -1.64124166965, -22.3327121735, 15.8888425827, -34.641784668], [-84.2105178833, 6.85321569443, 307.022460938, 386.759674072, 131.020050049, -43.6034126282, -25.6796321869, 60.922077179, 59.6237297058, 28.8577613831, 7.67159557343, -14.3759384155, -6.40866565704], [-16.2427120209, 127.749755859, -35.375541687, 131.020050049, 224.227050781, 46.544216156, 42.7950248718, 30.6139392853, 52.3218574524, 20.4430618286, 24.6765079498, -25.7908420563, 17.3598937988], [109.642875671, -19.1934757233, -6.91074943542, -43.6034126282, 46.544216156, 205.853103638, 123.986000061, 7.46723937988, -19.1455516815, 4.01143074036, 20.4035186768, 11.930814743, -13.9138336182], [-39.3533325195, 119.003799438, -16.3567466736, -25.6796321869, 42.7950248718, 123.986000061, 215.010726929, 65.5890197754, -5.84898090363, -14.333990097, 47.3757629395, 23.0731754303, 24.1553497314], [-64.3826828003, 13.0658540726, 86.6778488159, 60.922077179, 30.6139392853, 7.46723937988, 65.5890197754, 131.190216064, 54.3547096252, 6.79898166656, 3.16459369659, 15.4178237915, 19.0689888], [-69.3492202759, 42.1937942505, -3.05223083496, 59.6237297058, 52.3218574524, -19.1455516815, -5.84898090363, 54.3547096252, 125.222465515, 44.2403678894, 13.4844875336, -4.04030752182, 18.4753398895], [-62.7833480835, -54.4890785217, -1.64124166965, 28.8577613831, 20.4430618286, 4.01143074036, -14.333990097, 6.79898166656, 44.2403678894, 97.9293899536, 41.4542045593, 7.48474788666, 0.561794996262], [-80.7499465942, 45.3925933838, -22.3327121735, 7.67159557343, 24.6765079498, 20.4035186768, 47.3757629395, 3.16459369659, 13.4844875336, 41.4542045593, 95.799697876, 38.2173080444, 16.4122467041], [-55.7587013245, -19.3083648682, 15.8888425827, -14.3759384155, -25.7908420563, 11.930814743, 23.0731754303, 15.4178237915, -4.04030752182, 7.48474788666, 38.2173080444, 78.4357299805, 38.9488639832], [-88.6078567505, 40.4902687073, -34.641784668, -6.40866565704, 17.3598937988, -13.9138336182, 24.1553497314, 19.0689888, 18.4753398895, 0.561794996262, 16.4122467041, 38.9488639832, 82.5217208862]],
        "icov": [[0.00120925984811, -0.000477135676192, 0.000602353538852, -0.000545885064639, 0.000644489540718, -0.00161299668252, 0.00124018720817, -0.000585470988881, 0.000608399219345, 0.000271990720648, 0.0006700961967, -1.15017955977e-05, 0.000841844303068], [-0.000477135676192, 0.0121235884726, -0.0105114486068, 0.0131495175883, -0.0155585641041, 0.0142042385414, -0.0136406039819, 0.0129469819367, -0.0107945119962, 0.00933676678687, -0.00605310173705, 0.0035168454051, -0.00128616928123], [0.000602353538852, -0.0105114486068, 0.0130778094754, -0.0156101873145, 0.0166534204036, -0.0142855402082, 0.0128840357065, -0.0135997748002, 0.0107358004898, -0.00761489197612, 0.00544937560335, -0.0033509703353, 0.0016873201821], [-0.000545885064639, 0.0131495175883, -0.0156101873145, 0.022758403793, -0.0230346079916, 0.0187141019851, -0.0151994759217, 0.014827767387, -0.0130646824837, 0.00921282358468, -0.00649578263983, 0.0029499605298, -3.80266646971e-05], [0.000644489540718, -0.0155585641041, 0.0166534204036, -0.0230346079916, 0.0310242623091, -0.0231300983578, 0.018922496587, -0.0186553038657, 0.0131680024788, -0.0105249583721, 0.00428564893082, 0.00178767635953, -0.0026989642065], [-0.00161299668252, 0.0142042385414, -0.0142855402082, 0.0187141019851, -0.0231300983578, 0.0291329044849, -0.0246376879513, 0.0194456614554, -0.0131606068462, 0.00700226519257, -0.00272560492158, -0.00168850866612, 0.00348901073448], [0.00124018720817, -0.0136406039819, 0.0128840357065, -0.0151994759217, 0.018922496587, -0.0246376879513, 0.0296612046659, -0.0229999758303, 0.0150579996407, -0.00526812020689, -0.00173045461997, 0.0014726689551, -0.00293581211008], [-0.000585470988881, 0.0129469819367, -0.0135997748002, 0.014827767387, -0.0186553038657, 0.0194456614554, -0.0229999758303, 0.0303490813822, -0.0186852477491, 0.00859357602894, -0.000367453409126, -0.00188612251077, 0.000471962091979], [0.000608399219345, -0.0107945119962, 0.0107358004898, -0.0130646824837, 0.0131680024788, -0.0131606068462, 0.0150579996407, -0.0186852477491, 0.0241572372615, -0.0130094420165, 0.00426031788811, 0.000113517518912, -0.00185790646356], [0.000271990720648, 0.00933676678687, -0.00761489197612, 0.00921282358468, -0.0105249583721, 0.00700226519257, -0.00526812020689, 0.00859357602894, -0.0130094420165, 0.0246742516756, -0.0139617873356, 0.00521194702014, -0.000757853325922], [0.0006700961967, -0.00605310173705, 0.00544937560335, -0.00649578263983, 0.00428564893082, -0.00272560492158, -0.00173045461997, -0.000367453409126, 0.00426031788811, -0.0139617873356, 0.0264913197607, -0.0150879453868, 0.00569678004831], [-1.15017955977e-05, 0.0035168454051, -0.0033509703353, 0.0029499605298, 0.00178767635953, -0.00168850866612, 0.0014726689551, -0.00188612251077, 0.000113517518912, 0.00521194702014, -0.0150879453868, 0.0297562684864, -0.0146761415526], [0.000841844303068, -0.00128616928123, 0.0016873201821, -3.80266646971e-05, -0.0026989642065, 0.00348901073448, -0.00293581211008, 0.000471962091979, -0.00185790646356, -0.000757853325922, 0.00569678004831, -0.0146761415526, 0.022479750216]]
    },
    "melbands": {
        "max": [0.0150922639295, 0.026387989521, 0.0220988299698, 0.0201976448298, 0.00955876428634, 0.0062328078784, 0.00454415054992, 0.00922168977559, 0.00486060744151, 0.00660176109523, 0.00509143713862, 0.00332437898032, 0.00337787321769, 0.00339091056958, 0.0016967668198, 0.00364814815111, 0.00277915829793, 0.00190147385001, 0.000812821439467, 0.000571419601329, 0.000544648617506, 0.000455623434391, 0.000501518137753, 0.000341870530974, 0.000269012700301, 0.000566778704524, 0.00134874158539, 0.00022345004254, 0.00025235285284, 0.000182035539183, 8.47677656566e-05, 6.23592131888e-05, 7.46404766687e-05, 0.000115328555694, 9.90104890661e-05, 0.000130105996504, 0.00011670999811, 0.000122347119031, 7.62439958635e-05, 5.15984320373e-05],
        "mean": [0.00127283507027, 0.00132074137218, 0.00108486891259, 0.000871038646437, 0.000460588780697, 0.000312113872496, 0.00016598518414, 0.000159024144523, 0.000160467636306, 0.000164639772265, 0.00014651575475, 0.000269018841209, 0.000179408336408, 8.84713954292e-05, 9.9539232906e-05, 9.84063153737e-05, 6.81160890963e-05, 9.3556525826e-05, 5.09210003656e-05, 3.74871269742e-05, 3.56388081855e-05, 2.98446193483e-05, 2.46042600338e-05, 2.1277284759e-05, 1.84680211532e-05, 2.03987019631e-05, 1.98881934921e-05, 1.78144964593e-05, 1.03590491562e-05, 8.01811347628e-06, 6.60554132992e-06, 6.58658746033e-06, 7.24116034689e-06, 7.26835651221e-06, 7.4246645454e-06, 8.90813953447e-06, 4.64829554403e-06, 3.10770110445e-06, 2.23908932639e-06, 1.51005690441e-06],
        "min": [9.68676545199e-07, 1.94972153622e-06, 2.50568268712e-06, 6.35534024696e-06, 3.31258479491e-06, 3.28259966409e-06, 2.33552691498e-06, 1.90193600247e-06, 7.96009601345e-07, 9.63846900959e-07, 7.29845112346e-07, 6.22076242962e-07, 5.47353295133e-07, 4.80562050598e-07, 3.07316412318e-07, 4.06863847502e-07, 4.29646775046e-07, 6.37358539279e-07, 3.05512969589e-07, 5.38733559097e-07, 5.28795396804e-07, 7.07674928435e-07, 5.94064999859e-07, 5.59136424272e-07, 3.7448435819e-07, 6.9105175271e-07, 4.46448751745e-07, 3.83043527563e-07, 3.2345786849e-07, 3.36292259817e-07, 2.76740564686e-07, 1.48692691937e-07, 1.42694062788e-07, 1.28574498603e-07, 1.11844300932e-07, 5.85684567511e-08, 4.66320031478e-08, 5.55801413782e-08, 3.4822441819e-08, 2.54178686987e-08],
        "stdev": [0.00168403924908, 0.00201589846984, 0.00208616489545, 0.00157158239745, 0.000798372086138, 0.000516611966304, 0.000279944710201, 0.000432080822065, 0.000371754693333, 0.0004511566367, 0.000291664618999, 0.000437565176981, 0.000361087411875, 0.000182174277143, 0.000175454784767, 0.000200320791919, 0.000144571080455, 0.000187563331565, 7.72556886659e-05, 6.08266927884e-05, 5.12080296176e-05, 4.48966129625e-05, 3.90948189306e-05, 2.94202236546e-05, 2.25766561925e-05, 3.01993477478e-05, 4.05366263294e-05, 2.19373287109e-05, 1.30780808831e-05, 9.72476391325e-06, 7.11502980266e-06, 6.55230269331e-06, 7.27125552658e-06, 7.68065910961e-06, 8.69636642165e-06, 1.17568861242e-05, 7.4648755799e-06, 6.48550985716e-06, 3.7079125832e-06, 2.43873205363e-06]
    },
    "melbands128": {
        "max": [0.00187867705245, 0.0116117475554, 0.0240365974605, 0.0268716476858, 0.0400313660502, 0.0269857831299, 0.0271052662283, 0.0299813803285, 0.0198249258101, 0.0333256945014, 0.0138168092817, 0.0178466569632, 0.0161318480968, 0.0134995877743, 0.00903328508139, 0.00854674633592, 0.00786019861698, 0.00741787534207, 0.00762548670173, 0.0190712790936, 0.0105722593144, 0.00835482124239, 0.00791450310498, 0.00899306219071, 0.012953767553, 0.00653395429254, 0.00508994888514, 0.00861321855336, 0.00654162466526, 0.00670386478305, 0.00515256868675, 0.00666833529249, 0.00647073425353, 0.00451676826924, 0.00615766039118, 0.00509622320533, 0.00290308753029, 0.00303896144032, 0.0040703676641, 0.009671327658, 0.00540422368795, 0.0052178860642, 0.00539683317766, 0.00126380217262, 0.00323373801075, 0.00395740941167, 0.00287611200474, 0.000931283982936, 0.001953153871, 0.00159523705952, 0.00104313890915, 0.000680211989675, 0.00120769429486, 0.000887415662874, 0.000596432946622, 0.000979436095804, 0.00124349398538, 0.00114486145321, 0.000470656406833, 0.00071544223465, 0.000566040165722, 0.00026364644873, 0.000258082640357, 0.0005345333484, 0.000364074250683, 0.00122752680909, 0.000428725004895, 0.00148549326696, 0.00190729426686, 0.000497466244269, 0.000521991401911, 0.000263605732471, 0.000848842901178, 0.000335787131917, 0.000288790790364, 0.000217805587454, 0.00024388768361, 9.6337760624e-05, 9.14442207431e-05, 8.71432421263e-05, 0.000109546628664, 6.43461171421e-05, 8.35110331536e-05, 0.000119747644931, 0.000199625981622, 0.000129714651848, 0.000111166446004, 0.000102020880149, 0.000128882908029, 0.00010354720871, 0.000168529310031, 0.000165796038345, 0.000148618288222, 0.000120367229101, 0.000146293794387, 0.000124439015053, 0.000143702505738, 0.000104788283352, 6.87383435434e-05, 8.14324303064e-05, 6.31599978078e-05, 5.7250559621e-05, 3.4392127418e-05, 3.08090711769e-05, 2.09360005101e-05, 1.95994489331e-05, 4.19291518483e-06, 3.61480203992e-07, 1.63856939128e-09, 1.10288667088e-09, 1.05246988902e-09, 1.00498320776e-09, 9.7851515779e-10, 9.39453848048e-10, 9.03100427774e-10, 8.74547545493e-10, 8.54626203139e-10, 8.285590547e-10, 8.07939104508e-10, 7.86691101151e-10, 7.73868469306e-10, 7.60616847284e-10, 7.54716844575e-10, 7.4098577274e-10, 7.29395988053e-10, 7.23200055397e-10, 7.18632375829e-10, 7.15076997615e-10],
        "mean": [0.000139422088978, 0.000877090438735, 0.00192963902373, 0.0017161302967, 0.00128038949333, 0.00101508339867, 0.000943416263908, 0.00122898409609, 0.00114562932868, 0.000840597378556, 0.000746361853089, 0.00054228596855, 0.000379630073439, 0.000354807387339, 0.000363713799743, 0.000283933972241, 0.000144982652273, 0.000159538554726, 0.000155951056513, 0.000181935029104, 0.000138030023663, 0.000159122704645, 0.000123041550978, 0.000213840772631, 0.000229060708079, 0.000113297312055, 0.000107570478576, 0.000103501282865, 0.000203166520805, 0.000349592533894, 0.0002317144681, 0.000243088492425, 0.00021492432279, 9.65517756413e-05, 0.00010408309754, 8.36599792819e-05, 6.88517175149e-05, 8.83139291545e-05, 0.000136115239002, 0.000105158069346, 7.63637071941e-05, 0.000115707385703, 6.11525538261e-05, 4.13493944507e-05, 8.28972333693e-05, 0.000122117475257, 8.96689016372e-05, 3.3427906601e-05, 4.38617134932e-05, 5.33805177838e-05, 2.84314683086e-05, 2.96399284707e-05, 4.46944395662e-05, 3.27650122927e-05, 3.04249497276e-05, 3.03907763737e-05, 2.75579004665e-05, 2.88751198241e-05, 2.05715150514e-05, 2.24435752898e-05, 2.15295003727e-05, 1.97122299141e-05, 2.19727389776e-05, 1.57761278388e-05, 1.6878839233e-05, 2.40241006395e-05, 1.91252547665e-05, 1.95393404283e-05, 1.87219575309e-05, 2.156206574e-05, 2.22586859309e-05, 1.20443055494e-05, 1.35588024932e-05, 8.84234941623e-06, 9.00894883671e-06, 8.38458618091e-06, 8.00211273599e-06, 5.68433142689e-06, 6.4612981987e-06, 7.47252715882e-06, 6.36346203464e-06, 6.92138792147e-06, 5.5924492699e-06, 6.8127724262e-06, 9.45440206124e-06, 7.19162198948e-06, 6.73200474921e-06, 6.82510290062e-06, 6.95018115948e-06, 8.06851403468e-06, 9.81958328339e-06, 1.02365247585e-05, 5.53315067009e-06, 4.49582648798e-06, 3.90435843656e-06, 3.56518535227e-06, 2.83879194285e-06, 2.72217016573e-06, 2.16482112592e-06, 2.18377522287e-06, 1.65153744547e-06, 1.43336922065e-06, 1.26506313336e-06, 1.10472308279e-06, 1.01231023564e-06, 8.34950071749e-07, 1.84799887393e-07, 5.44321077101e-09, 1.09947962193e-11, 7.29512110442e-12, 6.80934432104e-12, 6.5579776852e-12, 6.24623096301e-12, 6.03797914445e-12, 5.70434801825e-12, 5.50392413937e-12, 5.31948140051e-12, 5.16402936038e-12, 5.02930076057e-12, 4.8931227993e-12, 4.77211976532e-12, 4.68095093936e-12, 4.59334827119e-12, 4.50752586298e-12, 4.39391231732e-12, 4.25085314171e-12, 4.16588335009e-12, 4.13651187955e-12],
        "min": [8.4530569211e-09, 4.23909739311e-07, 1.33311786499e-07, 5.64714355278e-07, 1.09616325972e-06, 5.27402903572e-07, 9.72523821474e-07, 4.85542443585e-07, 1.10301414225e-06, 1.04470836959e-06, 1.71412679606e-07, 5.16501415859e-07, 8.95844777915e-07, 1.06484458229e-06, 7.68940481066e-07, 1.41466244941e-07, 6.02105274083e-07, 4.69368217182e-07, 5.37164055459e-07, 2.21189949912e-07, 7.04000854057e-07, 2.47325573355e-07, 2.83302398429e-07, 1.77349292585e-07, 1.69220470525e-07, 2.08667131574e-07, 1.94796939468e-07, 2.77344781807e-07, 3.60371643637e-07, 7.03352682763e-08, 2.84896145786e-07, 3.70955149265e-07, 1.68020733327e-07, 2.32316111237e-07, 1.05749982993e-07, 1.65441974787e-07, 2.01852145665e-07, 1.63978299383e-07, 1.28517058329e-07, 3.76645431288e-07, 1.48563870539e-07, 3.02716472333e-07, 1.637692435e-07, 2.31659896599e-07, 1.47491292068e-07, 2.05014288213e-07, 1.98581247446e-07, 1.54221780235e-07, 2.00984061394e-07, 2.31110959703e-07, 1.52140472665e-07, 1.18948449312e-07, 3.74682088022e-07, 2.49182221523e-07, 1.84910476264e-07, 3.11126541419e-07, 3.42136729614e-07, 5.38869414868e-07, 3.16581974857e-07, 4.2091380692e-07, 2.35284218775e-07, 3.66866402146e-07, 3.35599793289e-07, 4.43358544544e-07, 1.81595567028e-07, 2.58489734506e-07, 3.6613207044e-07, 2.51658690331e-07, 2.55856519971e-07, 3.26785340121e-07, 3.59698873353e-07, 2.20280767849e-07, 1.66199043861e-07, 2.17620012677e-07, 3.23435216387e-07, 1.62358333e-07, 1.00999322683e-07, 8.62018723069e-08, 1.4350297306e-07, 1.38955371654e-07, 8.15553633515e-08, 1.01382489959e-07, 8.43836005515e-08, 8.69230945e-08, 1.10627816241e-07, 1.01272668473e-07, 8.5549302753e-08, 7.3838400283e-08, 7.17900903169e-08, 7.36498364518e-08, 8.25340009669e-08, 4.43781580373e-08, 4.01961024465e-08, 3.50348230427e-08, 5.07113071535e-08, 3.83337557253e-08, 2.45597728821e-08, 3.76288831205e-08, 2.21250910926e-08, 3.80105902309e-08, 2.3204314914e-08, 1.84384063573e-08, 1.24922108213e-08, 2.7683619841e-09, 6.54335829964e-09, 2.56085708195e-09, 2.80882921089e-11, 6.17516400427e-13, 1.50178833128e-13, 1.25685391456e-13, 1.26723352406e-13, 1.03782867716e-13, 1.22113460294e-13, 1.21391490067e-13, 1.05993962522e-13, 1.00972730882e-13, 1.05523459437e-13, 1.26964600942e-13, 1.13494507032e-13, 1.07822029029e-13, 1.30060946821e-13, 1.22246857819e-13, 1.01580771789e-13, 1.15484946367e-13, 1.00944670374e-13, 3.45949804177e-14, 4.24743527906e-15, 2.49819132903e-16],
        "stdev": [0.000202268915018, 0.00136880774517, 0.00269065005705, 0.00258706370369, 0.00252896291204, 0.00234272540547, 0.00216742092744, 0.00273465248756, 0.0024966953788, 0.00190316175576, 0.00151578325313, 0.0012241138611, 0.000873919401783, 0.000806812138762, 0.00071175704943, 0.000616393750533, 0.000319422804751, 0.000386771629564, 0.000387275707908, 0.000665506289806, 0.000515716033988, 0.000572834920604, 0.000397205847548, 0.000677496951539, 0.000847525661811, 0.00041844273801, 0.000369762594346, 0.000363747414667, 0.000498337205499, 0.000783125986345, 0.000481858820422, 0.00058048882056, 0.000594894518144, 0.000256499071838, 0.00029157588142, 0.000236393781961, 0.000188114499906, 0.00020351378771, 0.00031605354161, 0.000321328523569, 0.000252572848694, 0.000345557724359, 0.00021213121363, 0.000107893632958, 0.000248833792284, 0.000315597688314, 0.000201220973395, 7.11719621904e-05, 0.000103914368083, 0.000124282436445, 7.01173776179e-05, 5.6113138271e-05, 8.44517780934e-05, 6.47820415907e-05, 5.22675909451e-05, 6.11617797404e-05, 6.4981963078e-05, 5.83006512898e-05, 3.51383787347e-05, 4.66043347842e-05, 3.9020938857e-05, 2.81678730971e-05, 3.28221321979e-05, 2.70688178716e-05, 2.7889287594e-05, 4.71270504931e-05, 3.3595963032e-05, 4.94639898534e-05, 5.62390814594e-05, 3.28912283294e-05, 4.0005925257e-05, 1.45731446537e-05, 2.92859276669e-05, 1.26921686388e-05, 1.37961233122e-05, 1.14869944809e-05, 1.11044892037e-05, 7.054933576e-06, 8.20470995677e-06, 8.96073379408e-06, 7.63954358263e-06, 7.8528355516e-06, 6.23712048764e-06, 8.26078303362e-06, 1.27190432977e-05, 8.61897569848e-06, 8.16726878838e-06, 9.19314425119e-06, 8.99937913346e-06, 1.05532899397e-05, 1.37108227136e-05, 1.56753940246e-05, 8.18570879346e-06, 7.63394382375e-06, 8.46167313284e-06, 7.15159831088e-06, 7.29640578356e-06, 4.93588731842e-06, 3.74659248337e-06, 3.66353174286e-06, 3.19019113704e-06, 2.44821603701e-06, 2.00403246708e-06, 1.7238393184e-06, 1.45917306327e-06, 1.34857043577e-06, 3.5031186485e-07, 1.91674693895e-08, 5.075899423e-11, 3.48490056257e-11, 3.09009172417e-11, 2.91552788856e-11, 2.80422750992e-11, 2.7246361417e-11, 2.6048508836e-11, 2.54765826491e-11, 2.51025814718e-11, 2.46011197524e-11, 2.42078388585e-11, 2.3801054877e-11, 2.35024864154e-11, 2.32844351439e-11, 2.30405538398e-11, 2.27448424678e-11, 2.25495854628e-11, 2.24487772121e-11, 2.23439565461e-11, 2.22687441404e-11]
    },
    "mfcc": {
        "mean": [-594.437561035, 82.7903518677, 5.6261343956, 20.2642021179, 2.55719518661, 9.85295963287, 2.16835999489, 7.55566644669, -5.59554100037, 2.82592844963, -6.67502832413, -1.20377278328, 0.412698566914],
        "cov": [[1169.90966797, -89.6511383057, -173.486923218, -202.262710571, -12.3780202866, 83.5028076172, -6.3033952713, 10.2015457153, -59.0400619507, 4.60219240189, 0.574445962906, -96.8350143433, -84.7265319824], [-89.6511383057, 512.82244873, -32.1031913757, -5.25150871277, -14.4992170334, 1.17937994003, 68.6923980713, 57.7413368225, 29.144613266, -16.031129837, 5.63343095779, 12.2208518982, 7.89868211746], [-173.486923218, -32.1031913757, 612.039245605, 201.080307007, 38.3070030212, -20.7062244415, 10.4801635742, 38.245388031, 26.1401996613, -41.2186126709, 2.07886147499, 99.3666992188, -24.6941680908], [-202.262710571, -5.25150871277, 201.080307007, 394.880462646, 175.229400635, -44.9301071167, -30.4240112305, -6.95728635788, 49.9928359985, 33.5723495483, -7.68727207184, 60.2958526611, 36.8595962524], [-12.3780202866, -14.4992170334, 38.3070030212, 175.229400635, 207.040908813, 23.6457099915, -38.6459274292, -19.7654666901, 34.1733512878, 47.9284210205, 2.18718099594, 15.6711778641, 19.3018054962], [83.5028076172, 1.17937994003, -20.7062244415, -44.9301071167, 23.6457099915, 152.303344727, 80.0400161743, 17.7378120422, -11.2382144928, 13.101480484, 28.992729187, -6.27151155472, 3.43881487846], [-6.3033952713, 68.6923980713, 10.4801635742, -30.4240112305, -38.6459274292, 80.0400161743, 199.061126709, 89.3287811279, 10.1191749573, -3.30159306526, 25.4001865387, 15.8901357651, 5.89032649994], [10.2015457153, 57.7413368225, 38.245388031, -6.95728635788, -19.7654666901, 17.7378120422, 89.3287811279, 141.111343384, 50.2435302734, 3.802932024, 11.1453199387, 18.2120075226, -3.50680661201], [-59.0400619507, 29.144613266, 26.1401996613, 49.9928359985, 34.1733512878, -11.2382144928, 10.1191749573, 50.2435302734, 113.233703613, 35.4767875671, 2.0414276123, 5.93334436417, 10.0680952072], [4.60219240189, -16.031129837, -41.2186126709, 33.5723495483, 47.9284210205, 13.101480484, -3.30159306526, 3.802932024, 35.4767875671, 101.595901489, 37.0479812622, -1.4746285677, 16.3206577301], [0.574445962906, 5.63343095779, 2.07886147499, -7.68727207184, 2.18718099594, 28.992729187, 25.4001865387, 11.1453199387, 2.0414276123, 37.0479812622, 80.936668396, 27.0490760803, 6.08048868179], [-96.8350143433, 12.2208518982, 99.3666992188, 60.2958526611, 15.6711778641, -6.27151155472, 15.8901357651, 18.2120075226, 5.93334436417, -1.4746285677, 27.0490760803, 93.1527099609, 25.3088207245], [-84.7265319824, 7.89868211746, -24.6941680908, 36.8595962524, 19.3018054962, 3.43881487846, 5.89032649994, -3.50680661201, 10.0680952072, 16.3206577301, 6.08048868179, 25.3088207245, 82.6700897217]],
        "icov": [[0.00114023487549, 0.00016563772806, 0.000133493274916, 0.00046558782924, -0.000491401471663, -0.000406146835303, 0.000296143960441, -0.000636812648736, 0.000616880657617, -0.000135310867336, -3.94912567572e-05, 0.000590298091993, 0.00084234715905], [0.00016563772806, 0.00218394352123, 0.000304172164761, 2.45353567152e-05, -0.000221514201257, 0.000326684647007, -0.000633912102785, -0.000493998639286, -0.000416816357756, 0.000767327088397, -0.000323278945871, -7.12327309884e-05, 4.82173454657e-05], [0.000133493274916, 0.000304172164761, 0.00273930514231, -0.00156328442972, 0.000738056667615, -0.000696568575222, 0.000317822647048, -0.000455370114651, -0.000505341973621, 0.0012310652528, 7.2911469033e-05, -0.00246162828989, 0.00200446043164], [0.00046558782924, 2.45353567152e-05, -0.00156328442972, 0.00648565357551, -0.00532770622522, 0.00281053734943, -0.00131984811742, 0.000484817253891, -9.35580319492e-05, -0.000775078195147, 0.000833984173369, -0.000724374724086, -0.00131741748191], [-0.000491401471663, -0.000221514201257, 0.000738056667615, -0.00532770622522, 0.0112257981673, -0.00480712996796, 0.00294750928879, 0.000668952648994, -0.00162742752582, -0.00262747006491, 0.00149348343257, -0.00116696231999, 0.000475080480101], [-0.000406146835303, 0.000326684647007, -0.000696568575222, 0.00281053734943, -0.00480712996796, 0.0118554960936, -0.0056720036082, 0.00114138261415, 0.00124571810011, 0.000261273467913, -0.00293247331865, 0.00197162711993, -0.00141808367334], [0.000296143960441, -0.000633912102785, 0.000317822647048, -0.00131984811742, 0.00294750928879, -0.0056720036082, 0.0105305835605, -0.00569812534377, 0.000928706955165, 0.000325273402268, -0.000666217878461, -0.000405329396017, -0.000401015364332], [-0.000636812648736, -0.000493998639286, -0.000455370114651, 0.000484817253891, 0.000668952648994, 0.00114138261415, -0.00569812534377, 0.0134137924761, -0.00590105401352, 0.000198392182938, 0.00029390596319, -0.00212242896669, 0.00112134648953], [0.000616880657617, -0.000416816357756, -0.000505341973621, -9.35580319492e-05, -0.00162742752582, 0.00124571810011, 0.000928706955165, -0.00590105401352, 0.0140101443976, -0.00471690297127, 0.001527863089, 0.00144282483961, -0.000754645850975], [-0.000135310867336, 0.000767327088397, 0.0012310652528, -0.000775078195147, -0.00262747006491, 0.000261273467913, 0.000325273402268, 0.000198392182938, -0.00471690297127, 0.0172009058297, -0.00892318505794, 0.00301979249343, -0.00200035842136], [-3.94912567572e-05, -0.000323278945871, 7.2911469033e-05, 0.000833984173369, 0.00149348343257, -0.00293247331865, -0.000666217878461, 0.00029390596319, 0.001527863089, -0.00892318505794, 0.0200748257339, -0.0075918356888, 0.00189675798174], [0.000590298091993, -7.12327309884e-05, -0.00246162828989, -0.000724374724086, -0.00116696231999, 0.00197162711993, -0.000405329396017, -0.00212242896669, 0.00144282483961, 0.00301979249343, -0.0075918356888, 0.0189730674028, -0.00569320190698], [0.00084234715905, 4.82173454657e-05, 0.00200446043164, -0.00131741748191, 0.000475080480101, -0.00141808367334, -0.000401015364332, 0.00112134648953, -0.000754645850975, -0.00200035842136, 0.00189675798174, -0.00569320190698, 0.0162555444986]]
    },
    "spectral_contrast_coeffs": {
        "max": [-0.468231737614, -0.480998069048, -0.543834507465, -0.61911290884, -0.651363611221, -0.645651817322],
        "mean": [-0.715678393841, -0.76450997591, -0.76051479578, -0.779795110226, -0.795204699039, -0.763365864754],
        "min": [-0.89032459259, -0.920185387135, -0.916920244694, -0.905059695244, -0.872930943966, -0.854352533817],
        "stdev": [0.0804805606604, 0.0665871948004, 0.0725394561887, 0.0568284578621, 0.0324219837785, 0.0252111926675]
    },
    "spectral_contrast_valleys": {
        "max": [-5.10327243805, -4.97265529633, -5.12684202194, -5.7890625, -5.55170345306, -7.48602485657],
        "mean": [-6.58199882507, -6.68557977676, -7.08171033859, -7.24364805222, -6.87585878372, -9.19582557678],
        "min": [-9.24913024902, -8.36499214172, -8.53669643402, -8.63336086273, -8.09055233002, -10.9648799896],
        "stdev": [0.621655762196, 0.495590984821, 0.564191460609, 0.489696383476, 0.359959363937, 0.521547794342]
    }
},
"rhythm": {
    "beats_count": 97,
    "beats_loudness": {
        "max": 0.0726212114096,
        "mean": 0.0386761277914,
        "min": 0.00954586081207,
        "stdev": 0.0139032742009
    },
    "bpm": 129.927215576,
    "bpm_histogram_first_peak_bpm": 129,
    "bpm_histogram_first_peak_weight": 0.21978020668,
    "bpm_histogram_second_peak_bpm": 123,
    "bpm_histogram_second_peak_spread": 0,
    "bpm_histogram_second_peak_weight": 0.03125,
    "danceability": 1.83280873299,
    "onset_rate": 4.28565406799,
    "beats_loudness_band_ratio": {
        "max": [0.886359035969, 0.637047469616, 0.579263567924, 0.683723211288, 0.466039776802, 0.251550078392],
        "mean": [0.534811079502, 0.118738502264, 0.0811873748899, 0.126610532403, 0.0911986976862, 0.0782394558191],
        "min": [0.00743536930531, 0.00722781801596, 0.012379348278, 0.00789065472782, 0.00794508308172, 0.0158781316131],
        "stdev": [0.200704008341, 0.109619267285, 0.100212231278, 0.126839026809, 0.0888319611549, 0.0433620512486]
    },
