{
"metadata": {
    "version": {
        "essentia": "2.1-beta5",
        "essentia_git_sha": "Undefined",
        "extractor": "music 2.0"
    },
    "audio_properties": {
        "analysis": {
            "equal_loudness": 0,
            "length": 29.0017242432,
            "sample_rate": 44100,
            "start_time": 0,
            "downmix": "mix"
        },
        "bit_rate": 192000,
        "length": 177.0521698,
        "lossless": 0,
        "number_channels": 2,
        "replay_gain": -15.6670331955,
        "sample_rate": 48000,
        "codec": "mp3",
        "md5_encoded": "a4f2cd132e85ffc7c259e4410a50de9a"
    },
    "tags": {
        "file_name": "Spain_Dile Que La Quiero_David Civera.mp3",
        "encoding": ["Lavf58.29.100"]
    }
},
"lowlevel": {
    "average_loudness": 0.961090147495,
    "barkbands_crest": {
        "max": 25.0994739532,
        "mean": 11.9281435013,
        "min": 2.66615581512,
        "stdev": 4.98887586594
    },
    "barkbands_flatness_db": {
        "max": 0.314426094294,
        "mean": 0.150816932321,
        "min": 0.0262727737427,
        "stdev": 0.0577407106757
    },
    "barkbands_kurtosis": {
        "max": 94.4552307129,
        "mean": 11.115319252,
        "min": -1.84588313103,
        "stdev": 13.259305954
    },
    "barkbands_skewness": {
        "max": 7.90494537354,
        "mean": 2.50703811646,
        "min": -2.88618922234,
        "stdev": 1.47277152538
    },
    "barkbands_spread": {
        "max": 96.4605178833,
        "mean": 23.2960910797,
        "min": 1.20847058296,
        "stdev": 18.5627403259
    },
    "dissonance": {
        "max": 0.499969631433,
        "mean": 0.462467640638,
        "min": 0.324859380722,
        "stdev": 0.0273127667606
    },
    "dynamic_complexity": 2.69263863564,
    "erbbands_crest": {
        "max": 30.4423866272,
        "mean": 9.11970615387,
        "min": 2.09486889839,
        "stdev": 5.61693096161
    },
    "erbbands_flatness_db": {
        "max": 0.28072193265,
        "mean": 0.125189691782,
        "min": 0.0659549087286,
        "stdev": 0.035583589226
    },
    "erbbands_kurtosis": {
        "max": 56.2175483704,
        "mean": 1.24245595932,
        "min": -1.70596134663,
        "stdev": 4.97647047043
    },
    "erbbands_skewness": {
        "max": 6.39637708664,
        "mean": 0.670755803585,
        "min": -2.87495112419,
        "stdev": 1.15096127987
    },
    "erbbands_spread": {
        "max": 145.652496338,
        "mean": 54.2155990601,
        "min": 3.99927997589,
        "stdev": 22.873626709
    },
    "hfc": {
        "max": 88.5592803955,
        "mean": 18.5213890076,
        "min": 9.60784404924e-07,
        "stdev": 15.2856807709
    },
    "loudness_ebu128": {
        "integrated": -8.09689998627,
        "loudness_range": 1.6015496254,
        "momentary": {
            "max": -4.88152694702,
            "mean": -8.53850460052,
            "min": -35.2568130493,
            "stdev": 2.44916963577
        },
        "short_term": {
            "max": -6.9493303299,
            "mean": -8.08800697327,
            "min": -9.22835254669,
            "stdev": 0.547139167786
        }
    },
    "melbands_crest": {
        "max": 32.7478485107,
        "mean": 16.0130577087,
        "min": 3.11937737465,
        "stdev": 5.67791986465
    },
    "melbands_flatness_db": {
        "max": 0.400435775518,
        "mean": 0.209517523646,
        "min": 0.0327746793628,
        "stdev": 0.0755831450224
    },
    "melbands_kurtosis": {
        "max": 314.594940186,
        "mean": 33.1377906799,
        "min": -1.66940689087,
        "stdev": 32.4426040649
    },
    "melbands_skewness": {
        "max": 15.4268712997,
        "mean": 4.11163330078,
        "min": -1.02097225189,
        "stdev": 2.03558850288
    },
    "melbands_spread": {
        "max": 178.442718506,
        "mean": 19.1067886353,
        "min": 1.24172186852,
        "stdev": 20.6912059784
    },
    "pitch_salience": {
        "max": 0.828003764153,
        "mean": 0.521083295345,
        "min": 0.15436886251,
        "stdev": 0.124219097197
    },
    "silence_rate_20dB": {
        "max": 1,
        "mean": 1,
        "min": 1,
        "stdev": 0
    },
    "silence_rate_30dB": {
        "max": 1,
        "mean": 0.999199986458,
        "min": 0,
        "stdev": 0.0282731167972
    },
    "silence_rate_60dB": {
        "max": 1,
        "mean": 0.0248000007123,
        "min": 0,
        "stdev": 0.155512422323
    },
    "spectral_centroid": {
        "max": 4360.81787109,
        "mean": 1193.81994629,
        "min": 248.405700684,
        "stdev": 809.710571289
    },
    "spectral_complexity": {
        "max": 43,
        "mean": 15.248000145,
        "min": 0,
        "stdev": 8.53121757507
    },
    "spectral_decrease": {
        "max": -7.70054791531e-17,
        "mean": -7.50291118123e-09,
        "min": -3.10606047549e-08,
        "stdev": 5.14852160904e-09
    },
    "spectral_energy": {
        "max": 0.121152505279,
        "mean": 0.0299976412207,
        "min": 3.77782555239e-10,
        "stdev": 0.0199827831239
    },
    "spectral_energyband_high": {
        "max": 0.0132237905636,
        "mean": 0.00117470009718,
        "min": 6.22948706508e-11,
        "stdev": 0.00155033485498
    },
    "spectral_energyband_low": {
        "max": 0.0694144666195,
        "mean": 0.0103177428246,
        "min": 1.86896505217e-11,
        "stdev": 0.0105753410608
    },
    "spectral_energyband_middle_high": {
        "max": 0.0274052601308,
        "mean": 0.00242353859358,
        "min": 2.16599821412e-10,
        "stdev": 0.0028526680544
    },
    "spectral_energyband_middle_low": {
        "max": 0.116545788944,
        "mean": 0.0171024277806,
        "min": 8.01702385034e-11,
        "stdev": 0.0175063144416
    },
    "spectral_entropy": {
        "max": 8.58925914764,
        "mean": 7.67430782318,
        "min": 5.72528982162,
        "stdev": 0.503995120525
    },
    "spectral_flux": {
        "max": 0.262410968542,
        "mean": 0.0860537365079,
        "min": 1.94366293726e-05,
        "stdev": 0.0440172627568
    },
    "spectral_kurtosis": {
        "max": 18.9104499817,
        "mean": 2.77169775963,
        "min": -0.320629358292,
        "stdev": 2.32458567619
    },
    "spectral_rms": {
        "max": 0.0108718704432,
        "mean": 0.00507719861344,
        "min": 6.07098286309e-07,
        "stdev": 0.00186763470992
    },
    "spectral_rolloff": {
        "max": 9776.07421875,
        "mean": 1318.95422363,
        "min": 64.599609375,
        "stdev": 1745.7824707
    },
    "spectral_skewness": {
        "max": 3.57834148407,
        "mean": 1.39585232735,
        "min": 0.190164521337,
        "stdev": 0.462015599012
    },
    "spectral_spread": {
        "max": 19720602,
        "mean": 6018150,
        "min": 2475008.75,
        "stdev": 1463264.375
    },
    "spectral_strongpeak": {
        "max": 5.74708652496,
        "mean": 0.767076313496,
        "min": 2.82777964458e-05,
        "stdev": 0.773631334305
    },
    "zerocrossingrate": {
        "max": 0.2646484375,
        "mean": 0.0631746128201,
        "min": 0.00830078125,
        "stdev": 0.0431375280023
    },
    "barkbands": {
        "max": [0.00102780596353, 0.056693777442, 0.0422733165324, 0.0404627732933, 0.102391041815, 0.0612397678196, 0.014178942889, 0.0408120378852, 0.0774567648768, 0.0103571079671, 0.00619045319036, 0.00434261327609, 0.0114557892084, 0.00908755604178, 0.00522937998176, 0.00393504463136, 0.0037389441859, 0.00499597191811, 0.0026929017622, 0.00226721982472, 0.00418893992901, 0.00347929517739, 0.00292703905143, 0.00212411419488, 0.00233303802088, 0.000441101001343, 8.26042378321e-06],
        "mean": [9.62587364484e-05, 0.00629074079916, 0.00296338298358, 0.00258180382662, 0.00909570697695, 0.00315538980067, 0.000617242360022, 0.000901425664779, 0.000633913383354, 0.000401260564104, 0.000272834760835, 0.000290728698019, 0.000287018541712, 0.000171954729012, 0.000205753996852, 0.000162528231158, 0.00020501621475, 0.000157237693202, 0.00020546860469, 0.000224567193072, 0.000212309765629, 0.00019208221056, 0.000224301868002, 0.000252987112617, 0.000158016409841, 3.76302195946e-05, 1.05461012367e-07],
        "min": [2.54229688516e-12, 6.3767480879e-12, 1.04162858894e-11, 1.22708668313e-12, 2.20982954158e-11, 2.33898859482e-12, 2.66642177088e-11, 6.73033894241e-12, 2.07643537781e-11, 9.12958944554e-12, 2.50293466508e-11, 3.40504499596e-11, 9.54493949157e-12, 7.72951147532e-12, 9.71204453665e-12, 2.24284792127e-11, 4.86160001145e-11, 2.0223305669e-11, 2.43957423707e-11, 1.30405174506e-11, 1.18759750298e-11, 8.57605132742e-12, 6.16284757601e-12, 1.11719704668e-11, 9.61804160621e-12, 6.62261868609e-12, 6.9015621126e-13],
        "stdev": [0.000147450424265, 0.0083575360477, 0.0044541535899, 0.00526693090796, 0.0128243584186, 0.00652920082211, 0.000979032600299, 0.00267501478083, 0.00299752969295, 0.000774474756327, 0.000551382720005, 0.000490923819598, 0.000756903958973, 0.000473949272418, 0.000413252215367, 0.000266138289589, 0.00038761619362, 0.000234292601817, 0.000273867859505, 0.000307356909616, 0.000377063232008, 0.00031322464929, 0.000335134216584, 0.000308499671519, 0.000256926054135, 5.98468577664e-05, 5.06642891196e-07]
    },
    "erbbands": {
        "max": [1.33682966232, 14.4335432053, 36.8745231628, 77.5004806519, 238.626113892, 470.609771729, 717.489868164, 763.783203125, 166.906600952, 385.956604004, 1128.25476074, 1608.61828613, 252.793960571, 385.317016602, 283.126464844, 199.893295288, 564.476806641, 433.944976807, 316.619537354, 360.896575928, 261.245483398, 141.593093872, 207.882095337, 249.830886841, 147.523681641, 105.136703491, 162.456314087, 153.433029175, 120.046348572, 93.9251861572, 89.0914535522, 45.262260437, 39.3822937012, 28.9358291626, 15.285317421, 4.07754039764, 0.343625813723, 0.0201795492321, 0.00120650813915, 0.000150740452227],
        "mean": [0.155262053013, 1.49999666214, 3.47751402855, 6.04514932632, 18.5410881042, 31.4118900299, 38.4533538818, 21.1426296234, 10.9021501541, 14.646396637, 16.9576759338, 15.4007940292, 11.6570558548, 13.0567016602, 11.6147651672, 12.8424816132, 13.7203035355, 9.09102916718, 8.18414878845, 12.017575264, 10.7558774948, 10.138882637, 9.21314334869, 9.49909305573, 11.215256691, 11.282125473, 8.63564968109, 8.13751602173, 7.15840530396, 5.91490459442, 6.48107433319, 5.64032793045, 3.94987893105, 2.12512350082, 0.946521699429, 0.312209367752, 0.0331435501575, 0.00250120135024, 8.57732011355e-05, 4.18143863499e-05],
        "min": [6.87235338082e-11, 1.96587879309e-09, 1.08502105078e-08, 9.33681221227e-09, 2.25916174657e-08, 9.72083640249e-08, 6.28016749715e-08, 2.00431014008e-08, 2.37074544884e-07, 4.23498732971e-07, 1.52691043809e-07, 5.04123818246e-07, 2.30972560189e-07, 7.45553109027e-07, 9.06690615921e-07, 1.43139652664e-06, 4.69556198368e-07, 4.98772408264e-07, 5.79714878768e-07, 4.31912297927e-07, 1.92405286725e-06, 2.43677891376e-06, 1.18025479878e-06, 1.40378142532e-06, 1.00334443687e-06, 6.20911578153e-07, 4.92133949592e-07, 4.44208865247e-07, 3.21776980172e-07, 1.73801652181e-07, 2.1273538664e-07, 2.45986370828e-07, 1.4201258125e-07, 4.69649918955e-08, 1.01257406016e-07, 6.07159549304e-08, 3.99448207844e-09, 4.94516205762e-10, 1.01777551664e-10, 9.50984863773e-12],
        "stdev": [0.236897677183, 1.98780214787, 4.76766061783, 9.58941745758, 30.2303028107, 55.1225967407, 93.7707366943, 44.7216873169, 15.404211998, 27.5341415405, 63.5072669983, 74.2537918091, 21.0525169373, 25.9428253174, 21.0035400391, 21.4299602509, 36.553855896, 22.8988494873, 18.1963710785, 25.7390022278, 18.3384075165, 17.4487495422, 12.7858781815, 14.5694580078, 13.7068195343, 15.6491355896, 15.0554170609, 14.1355285645, 11.509103775, 9.53911018372, 9.50089645386, 7.06823730469, 5.12748765945, 3.37500119209, 1.58754074574, 0.51743555069, 0.0495139919221, 0.00221247319132, 9.70056644292e-05, 2.6426909244e-05]
    },
    "gfcc": {
        "mean": [7.19145774841, 82.4280929565, -90.8145904541, 46.852684021, -66.7012023926, 22.9026908875, -44.532169342, 11.6183662415, -29.775302887, 1.29488754272, -12.869641304, 1.00669813156, -9.00448799133],
        "cov": [[4368.34814453, -649.824279785, -209.935775757, 410.998321533, -409.36541748, 279.870391846, -195.156707764, 131.350250244, -101.605331421, 59.2789230347, -47.9738540649, -123.233695984, 53.7506942749], [-649.824279785, 766.069946289, 208.524673462, -240.625350952, 167.299819946, -201.569610596, 51.3028297424, -123.652862549, 33.7582206726, -107.301979065, 69.621055603, -0.954361855984, 17.2670536041], [-209.935775757, 208.524673462, 465.743988037, 18.6398735046, 10.8596467972, 6.01484870911, 0.0870774611831, -53.8735542297, -8.72177124023, -39.9571685791, 14.7038116455, 1.89141190052, -4.49444007874], [410.998321533, -240.625350952, 18.6398735046, 282.334655762, -3.45918798447, 92.4847106934, 16.7959671021, 34.862701416, 4.21852207184, 40.3544998169, 5.59945964813, -10.2297716141, 6.15272474289], [-409.36541748, 167.299819946, 10.8596467972, -3.45918798447, 217.609069824, 17.1833724976, 64.48097229, 2.80511331558, 27.1034679413, -6.04545259476, 11.1329135895, 23.0217666626, -13.9690647125], [279.870391846, -201.569610596, 6.01484870911, 92.4847106934, 17.1833724976, 193.775421143, 42.8200149536, 64.7195053101, -6.29016876221, 34.0479774475, -19.4635238647, -3.39639282227, -4.09051465988], [-195.156707764, 51.3028297424, 0.0870774611831, 16.7959671021, 64.48097229, 42.8200149536, 121.278594971, 18.237443924, 23.6068782806, 18.780796051, 11.3196897507, 10.7430381775, 3.0182826519], [131.350250244, -123.652862549, -53.8735542297, 34.862701416, 2.80511331558, 64.7195053101, 18.237443924, 111.308784485, 40.5378036499, 31.0861721039, -11.6107740402, -1.27957928181, -8.27177906036], [-101.605331421, 33.7582206726, -8.72177124023, 4.21852207184, 27.1034679413, -6.29016876221, 23.6068782806, 40.5378036499, 96.3805084229, 35.902759552, 23.9199752808, 12.3334875107, -0.13420535624], [59.2789230347, -107.301979065, -39.9571685791, 40.3544998169, -6.04545259476, 34.0479774475, 18.780796051, 31.0861721039, 35.902759552, 98.0984573364, 22.3415985107, 24.5135726929, 6.48102760315], [-47.9738540649, 69.621055603, 14.7038116455, 5.59945964813, 11.1329135895, -19.4635238647, 11.3196897507, -11.6107740402, 23.9199752808, 22.3415985107, 75.9638748169, 26.675819397, 19.9353942871], [-123.233695984, -0.954361855984, 1.89141190052, -10.2297716141, 23.0217666626, -3.39639282227, 10.7430381775, -1.27957928181, 12.3334875107, 24.5135726929, 26.675819397, 71.8118209839, 23.9144668579], [53.7506942749, 17.2670536041, -4.49444007874, 6.15272474289, -13.9690647125, -4.09051465988, 3.0182826519, -8.27177906036, -0.13420535624, 6.48102760315, 19.9353942871, 23.9144668579, 61.3662872314]],
        "icov": [[0.000549468619283, -0.00127010024153, 0.000719769857824, -0.0013559468789, 0.00159312156029, -0.00151428673416, 0.00132547819521, -0.000672734167892, 0.000680294877384, -0.000612913630903, 0.000562772329431, -0.000245166156674, 0.000149539220729], [-0.00127010024153, 0.0122888013721, -0.00517198862508, 0.00903478451073, -0.0101696392521, 0.00934941973537, -0.00695686927065, 0.00458962796256, -0.00468466663733, 0.00633437093347, -0.00771089876071, 0.00756451953202, -0.00548304617405], [0.000719769857824, -0.00517198862508, 0.00475954404101, -0.00430076988414, 0.00471727410331, -0.00504567986354, 0.003220241284, -0.000304335408146, 0.0011229707161, -0.00117044046056, 0.00256088329479, -0.00348505470902, 0.00279496586882], [-0.0013559468789, 0.00903478451073, -0.00430076988414, 0.0115806190297, -0.00814180355519, 0.00556052336469, -0.00544764986262, 0.00323963607661, -0.00330605916679, 0.00303743919358, -0.00623912131414, 0.00664951046929, -0.00450117466971], [0.00159312156029, -0.0101696392521, 0.00471727410331, -0.00814180355519, 0.0154284154996, -0.00913003180176, 0.00351597205736, -0.00299883657135, 0.00221445737407, -0.0028869882226, 0.00578652089462, -0.00840470660478, 0.0066594472155], [-0.00151428673416, 0.00934941973537, -0.00504567986354, 0.00556052336469, -0.00913003180176, 0.0170962978154, -0.0085081178695, -0.00168581143953, 0.000361132901162, 0.00211478723213, -0.00379612273537, 0.00541311083362, -0.00407772604376], [0.00132547819521, -0.00695686927065, 0.003220241284, -0.00544764986262, 0.00351597205736, -0.0085081178695, 0.0159805938601, -0.00262239552103, 0.00126667297445, -0.00444222567603, 0.0031157087069, -0.00292821833864, 0.00127318827435], [-0.000672734167892, 0.00458962796256, -0.000304335408146, 0.00323963607661, -0.00299883657135, -0.00168581143953, -0.00262239552103, 0.018213249743, -0.0099044945091, 0.00220549060032, 0.000250281911576, 0.00194811285473, -0.000355343770934], [0.000680294877384, -0.00468466663733, 0.0011229707161, -0.00330605916679, 0.00221445737407, 0.000361132901162, 0.00126667297445, -0.0099044945091, 0.0194879025221, -0.007438628003, -0.00113886338659, -0.00152461172547, 0.00205914233811], [-0.000612913630903, 0.00633437093347, -0.00117044046056, 0.00303743919358, -0.0028869882226, 0.00211478723213, -0.00444222567603, 0.00220549060032, -0.007438628003, 0.0197077728808, -0.00696562509984, -0.001318253926, -0.000957271957304], [0.000562772329431, -0.00771089876071, 0.00256088329479, -0.00623912131414, 0.00578652089462, -0.00379612273537, 0.0031157087069, 0.000250281911576, -0.00113886338659, -0.00696562509984, 0.0238480772823, -0.00882828608155, -0.000139207942993], [-0.000245166156674, 0.00756451953202, -0.00348505470902, 0.00664951046929, -0.00840470660478, 0.00541311083362, -0.00292821833864, 0.00194811285473, -0.00152461172547, -0.001318253926, -0.00882828608155, 0.0257223118097, -0.0110015943646], [0.000149539220729, -0.00548304617405, 0.00279496586882, -0.00450117466971, 0.0066594472155, -0.00407772604376, 0.00127318827435, -0.000355343770934, 0.00205914233811, -0.000957271957304, -0.000139207942993, -0.0110015943646, 0.0239351522177]]
    },
    "melbands": {
        "max": [0.0137694785371, 0.0154585335404, 0.0171073209494, 0.0195090845227, 0.0247734971344, 0.0148814646527, 0.00261423434131, 0.00550347846001, 0.0110840173438, 0.00952232535928, 0.00122750166338, 0.00170973036438, 0.000785766460467, 0.000594948942307, 0.00107956142165, 0.000706270569935, 0.000974667898845, 0.000552760728169, 0.000328760972479, 0.000320311402902, 0.000327358487993, 0.000196567241801, 0.000176927977009, 0.000223279013881, 0.000207193283131, 8.85606204974e-05, 0.000100903009297, 6.5686115704e-05, 8.53253441164e-05, 0.000141116397572, 9.6364201454e-05, 7.09580126568e-05, 7.44842473068e-05, 4.36505069956e-05, 5.10950776516e-05, 3.75993113266e-05, 2.80815820588e-05, 2.8531643693e-05, 2.54658207268e-05, 2.600480002e-05],
        "mean": [0.0016016527079, 0.00187209132127, 0.00142878678162, 0.00181906262878, 0.00139496824704, 0.000476659333799, 0.000159943389008, 0.000174577493453, 0.000135801485158, 9.07739376999e-05, 5.65150839975e-05, 5.33450729563e-05, 3.95865426981e-05, 3.57869575964e-05, 3.29938993673e-05, 2.25859366765e-05, 1.69319209817e-05, 1.30796743179e-05, 1.39602389027e-05, 1.36311755341e-05, 1.30973694468e-05, 1.05921481008e-05, 9.38307130127e-06, 8.0755826275e-06, 7.48880711399e-06, 7.81447852205e-06, 8.44441001391e-06, 7.07658682586e-06, 5.13355598741e-06, 4.7729340622e-06, 4.93030938742e-06, 4.19889784098e-06, 3.33935440722e-06, 3.35919776262e-06, 3.76302409677e-06, 3.67575444216e-06, 3.36877701557e-06, 2.97816995953e-06, 2.11859105548e-06, 1.68687438418e-06],
        "min": [1.29997987201e-12, 4.54739154318e-12, 1.76161819507e-12, 4.41611200733e-12, 2.88364948239e-12, 4.55558063061e-13, 4.25182545422e-12, 3.99992235514e-12, 1.40233831492e-12, 3.20976730438e-12, 1.05246594859e-12, 2.83989498584e-12, 3.31721195651e-12, 3.83755917668e-12, 2.08270054848e-12, 9.96318370687e-13, 8.78711979482e-13, 9.07140031495e-13, 5.58798721271e-13, 1.01606169225e-12, 2.60601371212e-12, 2.9917080098e-12, 1.40563710845e-12, 8.39474323389e-13, 1.21163691059e-12, 6.8338894656e-13, 5.60170995961e-13, 3.97427669116e-13, 3.19183264888e-13, 3.11830124439e-13, 2.28153704696e-13, 2.14406698775e-13, 1.3149011502e-13, 7.65931575434e-14, 1.38552106528e-13, 6.05172446985e-14, 2.15555682028e-13, 1.28007386592e-13, 4.65700442348e-14, 3.01939801829e-14],
        "stdev": [0.00223544961773, 0.00218729558401, 0.00215313071385, 0.00267851748504, 0.00297259096988, 0.000952292815782, 0.000238160733716, 0.000368426495697, 0.000557319959626, 0.000435893860413, 0.000101980345789, 0.000111698849651, 7.43236887502e-05, 6.22588559054e-05, 7.28875456844e-05, 5.08947596245e-05, 4.89301055495e-05, 3.11781623168e-05, 2.60034903476e-05, 2.48862288572e-05, 2.42367623287e-05, 2.02361479751e-05, 1.67640100699e-05, 1.27068960865e-05, 1.2579009308e-05, 9.91141041595e-06, 1.10389255497e-05, 1.01549076135e-05, 8.95004541235e-06, 9.53785001911e-06, 8.46043076308e-06, 6.71902625982e-06, 6.03378930464e-06, 5.45913189853e-06, 5.90336367168e-06, 4.96358188684e-06, 4.24355403084e-06, 3.89509932575e-06, 2.93705716103e-06, 2.96005532618e-06]
    },
    "melbands128": {
        "max": [0.000903731095605, 0.0106870941818, 0.0252301320434, 0.0288323126733, 0.0219184197485, 0.0240741074085, 0.0177040491253, 0.0251266025007, 0.0315239094198, 0.0347096174955, 0.0314137712121, 0.0472669973969, 0.032570168376, 0.0150418905541, 0.0220263935626, 0.0200938377529, 0.0023599488195, 0.00381463370286, 0.00503772171214, 0.00356160732917, 0.0120596839115, 0.00866323709488, 0.0162006020546, 0.0302488319576, 0.0194060318172, 0.0129255317152, 0.00335987797007, 0.0016497328179, 0.00149790581781, 0.00351279275492, 0.00169466075022, 0.00197151652537, 0.00109624385368, 0.00199683033861, 0.000948413682636, 0.000985947554, 0.00082183961058, 0.000347695837263, 0.00327491224743, 0.00113705662079, 0.000322536972817, 0.000672470021527, 0.00151636649389, 0.00120160961524, 0.00132028188091, 0.000632527808193, 0.00103702466004, 0.0001577330695, 0.000564787129406, 0.00103246641811, 0.000195263783098, 0.000371669477317, 0.000839666812681, 0.000418032490415, 0.000540058070328, 0.000268841860816, 0.000185283613973, 0.000406729057431, 0.000168671729625, 0.000199753558263, 0.000262498651864, 0.000280525360722, 0.000383557635359, 0.000233116516029, 0.000178985545062, 0.000113721667731, 0.000162340395036, 0.000228900069487, 0.000160171737662, 0.000180582719622, 8.43009111122e-05, 9.84014041023e-05, 0.000107676656626, 8.78779756022e-05, 0.000120507131214, 0.000201082337298, 0.000145690893987, 0.000169727311004, 0.000123037258163, 0.000137268492836, 6.81175442878e-05, 7.41516778362e-05, 0.000110808345198, 7.90723133832e-05, 8.10417404864e-05, 6.5943786467e-05, 6.41104343231e-05, 6.96521383361e-05, 6.7140244937e-05, 8.28440242913e-05, 4.31987609772e-05, 4.26819096901e-05, 3.70800917153e-05, 3.48335561284e-05, 4.46420344815e-05, 3.9038786781e-05, 3.53030118276e-05, 3.77816868422e-05, 2.42268306465e-05, 2.64872523985e-05, 2.66604693024e-05, 3.4566015529e-05, 3.56442433258e-05, 2.1983143597e-05, 1.91578601516e-05, 1.35783993755e-05, 1.13208279799e-05, 1.02411013359e-05, 9.62860121945e-06, 7.3938249443e-06, 4.74232592751e-06, 6.47999115699e-07, 1.88952768099e-07, 3.06570370867e-07, 2.81948103975e-07, 1.80365063329e-07, 2.5704929385e-07, 9.75820029225e-08, 3.7431203026e-08, 3.5939198284e-08, 3.47096431597e-08, 3.36849943494e-08, 3.28382192549e-08, 3.21123998503e-08, 3.15411732288e-08, 3.10970307282e-08, 3.07677510136e-08, 3.05689695779e-08],
        "mean": [8.53039891808e-05, 0.00100121099968, 0.00238527986221, 0.00249673472717, 0.00193496164866, 0.00137732212897, 0.0010441141203, 0.00147160608321, 0.00196563079953, 0.00184430147056, 0.0017381682992, 0.00172764109448, 0.00153867411427, 0.000664292369038, 0.000485020165797, 0.000388409855077, 0.000157870104886, 0.000146610109368, 0.000109269603854, 0.000158383816597, 0.000232942169532, 0.000152400476509, 0.000117643343401, 0.00011677328439, 0.000121096658404, 6.09101589362e-05, 6.95975177223e-05, 5.38917665835e-05, 4.41476331616e-05, 7.02739271219e-05, 4.3963715143e-05, 4.57656933577e-05, 4.53831526102e-05, 2.84161324089e-05, 3.58005054295e-05, 4.19966490881e-05, 3.23992426274e-05, 1.65475576068e-05, 5.66886956221e-05, 2.65709004452e-05, 1.26352233565e-05, 1.79912167368e-05, 1.55938978423e-05, 1.78409027285e-05, 1.56998976308e-05, 1.13507294373e-05, 1.23840181914e-05, 7.87996486906e-06, 1.70345774677e-05, 2.47235911957e-05, 8.07246487966e-06, 9.00872146303e-06, 1.36541293614e-05, 1.52555476234e-05, 1.30846519824e-05, 7.95527921582e-06, 9.16369754123e-06, 1.4020611161e-05, 6.78853848513e-06, 6.97361383573e-06, 9.7718602774e-06, 6.90364095135e-06, 6.89070520821e-06, 8.24989274406e-06, 7.89708155935e-06, 6.57255350234e-06, 8.91278978088e-06, 8.57538361743e-06, 7.15875194146e-06, 1.04296905192e-05, 7.85671909398e-06, 4.85308146381e-06, 4.62763455289e-06, 5.0090266086e-06, 6.28656380286e-06, 4.91990022056e-06, 4.07100060329e-06, 4.08759069614e-06, 5.63841149415e-06, 5.08658649778e-06, 4.41127758677e-06, 3.35589720635e-06, 4.47819684268e-06, 3.10149448524e-06, 2.88138517135e-06, 2.83521808342e-06, 3.90923014493e-06, 3.54290227733e-06, 4.05919536206e-06, 3.61262482329e-06, 3.48983007825e-06, 3.89606339013e-06, 3.53951713805e-06, 3.30734474119e-06, 3.20240360452e-06, 3.49369543073e-06, 2.82858445644e-06, 2.51830738307e-06, 2.09523705053e-06, 1.97389476853e-06, 1.83808913334e-06, 1.67982750554e-06, 1.44261889545e-06, 1.18915295388e-06, 1.12854206691e-06, 8.93591163731e-07, 7.15557007425e-07, 5.75188664698e-07, 5.61910894703e-07, 4.79661139252e-07, 3.32672527747e-07, 5.05374586623e-08, 1.46676466528e-08, 3.09613490401e-08, 8.56980477693e-08, 7.93522225706e-09, 3.70572639241e-09, 4.24191570758e-10, 1.05754294211e-10, 6.11967074238e-11, 4.1745783913e-11, 7.12516087797e-11, 3.94563583195e-11, 2.9866369794e-11, 2.93372583171e-11, 2.89044291973e-11, 2.85929509236e-11, 2.84093061576e-11],
        "min": [6.91454272311e-13, 2.09524644813e-13, 1.32480994491e-12, 3.76147116926e-12, 5.71508118608e-12, 4.79697835273e-12, 1.99631739091e-12, 2.71538678044e-13, 1.79653807022e-12, 4.92417304848e-12, 6.21646657761e-12, 4.6077087458e-12, 2.07233752728e-12, 6.2262315529e-13, 1.59416994579e-13, 1.70407958577e-13, 1.8591417468e-12, 5.16279206886e-12, 7.1004040321e-12, 5.55944092845e-12, 2.01353625613e-12, 4.66479827856e-13, 9.19151690523e-13, 2.65590392561e-12, 4.02947597164e-12, 3.49657629239e-12, 1.46610534043e-12, 2.67341731435e-13, 1.05964792062e-12, 2.12062702468e-12, 3.17999316116e-12, 4.97147635559e-12, 4.01954467974e-12, 1.20714365153e-12, 2.83514856557e-12, 5.32837315936e-12, 4.5801795516e-12, 2.00353102164e-12, 5.30486136789e-13, 5.2227677478e-13, 1.50837849155e-12, 1.04737984778e-12, 7.75207426463e-13, 1.02172263705e-12, 4.00359758367e-13, 1.13708771132e-12, 1.17244180944e-12, 5.62929477338e-13, 3.52051721109e-13, 1.15473535139e-13, 8.83538739133e-13, 2.2543882993e-12, 1.86195937141e-12, 2.46618242321e-12, 5.00821129359e-12, 3.08941002121e-12, 1.32624466964e-12, 1.83573338822e-12, 1.31059703021e-12, 7.55969505745e-13, 8.32730856926e-13, 6.34209427596e-13, 1.72831399799e-12, 1.4170713214e-12, 3.44143577568e-13, 5.90673668831e-13, 9.42120838808e-13, 8.29556746646e-13, 4.22425495191e-13, 1.83803723652e-13, 4.82389627375e-13, 5.02876603206e-13, 2.75598418869e-13, 4.17648635944e-13, 1.56524438051e-13, 2.44260910326e-13, 4.81977359499e-13, 2.28543068801e-13, 1.5562708457e-13, 2.00829587335e-13, 4.30107690999e-13, 7.4389110052e-14, 8.20301332828e-14, 2.31077960586e-13, 5.35429888631e-14, 8.17011050285e-14, 7.48408496634e-14, 9.03434635045e-14, 1.52702110397e-13, 1.97810856779e-13, 3.88402858324e-14, 2.50446754671e-14, 6.58564050732e-14, 1.48204257026e-13, 4.72900689961e-13, 1.31560764344e-13, 6.72289846948e-14, 5.05894459624e-14, 3.87689758226e-14, 6.0316829927e-14, 2.19305808593e-14, 2.56064700693e-14, 2.637985689e-14, 7.6791464897e-14, 1.33716741022e-13, 1.57598096357e-13, 1.46195894475e-13, 1.29098337923e-13, 1.20543250945e-13, 1.06753541011e-13, 1.33308764215e-14, 4.38622840373e-15, 1.57844420314e-15, 3.21515304987e-15, 4.29647679264e-15, 1.22001437646e-15, 2.87015589518e-15, 5.94260273992e-15, 3.90561979188e-15, 2.22845432225e-15, 2.49760518223e-15, 2.92025979983e-15, 4.08498875934e-15, 1.89834970084e-15, 2.63584286505e-15, 9.61708185181e-16, 1.38233699114e-16, 2.14038591783e-17],
        "stdev": [0.000139917246997, 0.00172344001476, 0.00374825485051, 0.0034734425135, 0.00282378401607, 0.00210553198121, 0.00189092522487, 0.00317158689722, 0.0037607611157, 0.00386263197288, 0.00375423161313, 0.00419986620545, 0.00455150380731, 0.00166360056028, 0.00122326181736, 0.00119245436508, 0.000245236529736, 0.000303407316096, 0.000283222965663, 0.000316706107697, 0.000711064087227, 0.000552708341274, 0.000818189058919, 0.00090277910931, 0.000716437178198, 0.000420640484663, 0.00016178797523, 0.000129768435727, 0.000107669759018, 0.000199595611775, 0.000109448425064, 0.000112502952106, 9.46904183365e-05, 0.000101287587313, 8.38257547002e-05, 8.9372646471e-05, 7.62970958021e-05, 3.01813852275e-05, 0.000199545989744, 8.06091411505e-05, 2.92369204544e-05, 4.12781191699e-05, 6.12748772255e-05, 6.97397917975e-05, 5.28120544914e-05, 3.37322235282e-05, 4.58529611933e-05, 1.51396925503e-05, 4.06198996643e-05, 7.2402843216e-05, 1.45459880514e-05, 1.71746178239e-05, 3.99820928578e-05, 3.30117072735e-05, 3.71711539628e-05, 2.15890449908e-05, 1.76419762283e-05, 3.85719831684e-05, 1.04419823401e-05, 1.14440181278e-05, 1.94433705474e-05, 1.27333223645e-05, 1.6313044398e-05, 1.78222107934e-05, 1.58399197971e-05, 9.97660572466e-06, 1.38116220114e-05, 1.40849469972e-05, 1.14644926725e-05, 2.06174936466e-05, 1.21009588838e-05, 8.54449717735e-06, 8.86344059836e-06, 9.75871262199e-06, 1.33522089527e-05, 1.1385790458e-05, 9.37188997341e-06, 8.88661452336e-06, 1.0689370356e-05, 9.4541173894e-06, 7.70254973759e-06, 6.13003885519e-06, 8.95301309356e-06, 5.99342547503e-06, 5.87460863244e-06, 5.12226870342e-06, 6.80632183503e-06, 6.50730635243e-06, 7.20155594536e-06, 5.77174432692e-06, 5.1719498515e-06, 5.77982518735e-06, 4.78308720631e-06, 4.67783502245e-06, 4.49585286333e-06, 4.92110984851e-06, 4.02160185331e-06, 3.83555334338e-06, 2.9028985864e-06, 3.09628148898e-06, 3.23073595609e-06, 3.33012781084e-06, 2.79983510154e-06, 2.21018308366e-06, 2.00336739908e-06, 1.52367636019e-06, 1.24226392018e-06, 1.04229422959e-06, 9.81825110102e-07, 8.75193961747e-07, 6.24755841727e-07, 9.12034323619e-08, 2.82154495324e-08, 2.68398991921e-08, 3.32357146249e-08, 1.73972711792e-08, 1.52984309665e-08, 4.35959934819e-09, 1.56723090061e-09, 1.24080878905e-09, 1.01176989009e-09, 1.37870803663e-09, 9.54512913154e-10, 9.07814989848e-10, 8.91666462888e-10, 8.79111117236e-10, 8.69802618819e-10, 8.64183058447e-10]
    },
    "mfcc": {
        "mean": [-638.036865234, 105.686988831, 31.2801818848, 24.8776283264, 9.67854881287, 5.68833494186, 4.04832792282, 4.09295845032, -5.02056884766, 1.63578140736, -6.49350881577, -0.304585039616, -0.427431434393],
        "cov": [[4546.59521484, -1084.88647461, 39.5290718079, -24.4934387207, -80.9268341064, -3.43748426437, -4.35764789581, -61.2259101868, 48.688079834, 37.7959899902, 38.9522323608, 17.9168605804, -79.9403610229], [-1084.88647461, 1038.66809082, 21.0769062042, -16.4627189636, 45.8765525818, -70.7619018555, -18.5545349121, 2.85749840736, -102.804992676, -10.8349590302, -76.0051956177, -70.330039978, -11.2285881042], [39.5290718079, 21.0769062042, 422.765472412, 36.3559455872, 14.3638782501, 29.2046909332, 8.18479537964, -2.96144771576, -33.8867340088, -3.08633065224, -22.1205425262, -26.1425876617, -16.7463855743], [-24.4934387207, -16.4627189636, 36.3559455872, 162.536453247, 29.955116272, 27.8819828033, 9.43526649475, -3.30976510048, -1.58049511909, -4.82982778549, 3.27206110954, 16.571149826, 14.0089712143], [-80.9268341064, 45.8765525818, 14.3638782501, 29.955116272, 125.486091614, 25.0069656372, 15.5140342712, 32.4178466797, 8.3733587265, 0.705324351788, 11.5588569641, 13.613026619, 0.607477068901], [-3.43748426437, -70.7619018555, 29.2046909332, 27.8819828033, 25.0069656372, 122.777671814, 61.8945045471, 16.5684719086, 30.6536769867, -5.03981113434, 22.3483276367, 19.4717006683, 14.7956180573], [-4.35764789581, -18.5545349121, 8.18479537964, 9.43526649475, 15.5140342712, 61.8945045471, 104.877227783, 31.4253768921, 21.1939716339, 1.37899923325, 10.8425521851, -0.715659201145, -2.28613162041], [-61.2259101868, 2.85749840736, -2.96144771576, -3.30976510048, 32.4178466797, 16.5684719086, 31.4253768921, 86.693359375, 34.5344314575, 11.2125234604, 14.6389093399, 11.377612114, 4.06776762009], [48.688079834, -102.804992676, -33.8867340088, -1.58049511909, 8.3733587265, 30.6536769867, 21.1939716339, 34.5344314575, 95.7017974854, 19.67420578, 28.5329227448, 25.8841362, 15.4422769547], [37.7959899902, -10.8349590302, -3.08633065224, -4.82982778549, 0.705324351788, -5.03981113434, 1.37899923325, 11.2125234604, 19.67420578, 83.2962341309, 25.2872695923, 4.31129550934, -3.98669290543], [38.9522323608, -76.0051956177, -22.1205425262, 3.27206110954, 11.5588569641, 22.3483276367, 10.8425521851, 14.6389093399, 28.5329227448, 25.2872695923, 75.5675201416, 38.4906692505, 14.181804657], [17.9168605804, -70.330039978, -26.1425876617, 16.571149826, 13.613026619, 19.4717006683, -0.715659201145, 11.377612114, 25.8841362, 4.31129550934, 38.4906692505, 73.0102615356, 35.658493042], [-79.9403610229, -11.2285881042, -16.7463855743, 14.0089712143, 0.607477068901, 14.7956180573, -2.28613162041, 4.06776762009, 15.4422769547, -3.98669290543, 14.181804657, 35.658493042, 72.5174102783]],
        "icov": [[0.000311312411213, 0.000347845081706, -3.97297117161e-05, 4.70737541036e-05, -8.28764405014e-06, 0.000161231349921, -9.03374893824e-05, 0.000180196715519, 6.95708586136e-05, -0.000135069276439, 9.74438444246e-05, -6.20876962785e-05, 0.00032222137088], [0.000347845081706, 0.00162743148394, 2.96782127407e-05, 0.000171955063706, -0.000684676168021, 0.000636720273178, -0.000255610386375, -0.000247672141995, 0.00129057560116, -0.00045710671111, 0.000801934977062, 0.00076062080916, -0.000340058613801], [-3.97297117161e-05, 2.96782127407e-05, 0.00265366327949, -0.000513794831932, -0.000130740620079, -0.00115221878514, 0.00040725665167, -0.000427326594945, 0.00111169170123, -0.000374672352336, 0.000512489001267, 0.000760542287026, 0.000214323692489], [4.70737541036e-05, 0.000171955063706, -0.000513794831932, 0.00700419163331, -0.00163999595679, -0.00100963923614, -0.000255764491158, 0.00106951850466, 0.000538646767382, -0.000131537599373, 0.000787130964454, -0.00140926288441, -0.000824431830551], [-8.28764405014e-06, -0.000684676168021, -0.000130740620079, -0.00163999595679, 0.0100486055017, -0.00176301586907, 0.000706080230884, -0.00365737453103, 0.000392526329961, 0.000413609785028, -0.000786954711657, -0.00168741587549, 0.00159720948432], [0.000161231349921, 0.000636720273178, -0.00115221878514, -0.00100963923614, -0.00176301586907, 0.0145389186218, -0.00800262764096, 0.00212015677243, -0.00261167879216, 0.00179856002796, -0.00183719454799, -0.000989391002804, -0.00161669158842], [-9.03374893824e-05, -0.000255610386375, 0.00040725665167, -0.000255764491158, 0.000706080230884, -0.00800262764096, 0.0156445503235, -0.00472382968292, -6.06417561357e-05, 5.48685857211e-05, -0.000742922595236, 0.00267974357121, 0.00123284477741], [0.000180196715519, -0.000247672141995, -0.000427326594945, 0.00106951850466, -0.00365737453103, 0.00212015677243, -0.00472382968292, 0.0167840048671, -0.00532230129465, -0.000661192694679, -0.00035067400313, -0.00116169941612, 9.94944930426e-05], [6.95708586136e-05, 0.00129057560116, 0.00111169170123, 0.000538646767382, 0.000392526329961, -0.00261167879216, -6.06417561357e-05, -0.00532230129465, 0.0164363794029, -0.00283950893208, -0.000891588861123, -0.00151079683565, -0.00148351013195], [-0.000135069276439, -0.00045710671111, -0.000374672352336, -0.000131537599373, 0.000413609785028, 0.00179856002796, 5.48685857211e-05, -0.000661192694679, -0.00283950893208, 0.0145945278928, -0.00587431667373, 0.0017476134235, 0.00108407938387], [9.74438444246e-05, 0.000801934977062, 0.000512489001267, 0.000787130964454, -0.000786954711657, -0.00183719454799, -0.000742922595236, -0.00035067400313, -0.000891588861123, -0.00587431667373, 0.0222051590681, -0.0101352520287, 0.00108368333895], [-6.20876962785e-05, 0.00076062080916, 0.000760542287026, -0.00140926288441, -0.00168741587549, -0.000989391002804, 0.00267974357121, -0.00116169941612, -0.00151079683565, 0.0017476134235, -0.0101352520287, 0.0263275876641, -0.0096831517294], [0.00032222137088, -0.000340058613801, 0.000214323692489, -0.000824431830551, 0.00159720948432, -0.00161669158842, 0.00123284477741, 9.94944930426e-05, -0.00148351013195, 0.00108407938387, 0.00108368333895, -0.0096831517294, 0.019575862214]]
    },
    "spectral_contrast_coeffs": {
        "max": [-0.404589235783, -0.484308719635, -0.601966023445, -0.633035778999, -0.687141776085, -0.683806121349],
        "mean": [-0.686970591545, -0.758692502975, -0.798305630684, -0.821641623974, -0.809224247932, -0.797680854797],
        "min": [-0.924086809158, -0.926107704639, -0.942809998989, -0.933752954006, -0.931748867035, -0.887792825699],
        "stdev": [0.0887285917997, 0.0658155828714, 0.0483283177018, 0.0413681156933, 0.0335408858955, 0.0292003471404]
    },
    "spectral_contrast_valleys": {
        "max": [-5.2509765625, -5.22749471664, -5.34841918945, -6.11931324005, -6.15551042557, -7.68849658966],
        "mean": [-6.36516427994, -6.80783510208, -7.41398668289, -7.77289390564, -7.56020784378, -9.56143569946],
        "min": [-15.5220022202, -15.0989112854, -14.8455820084, -15.2545795441, -14.8318939209, -17.4890003204],
        "stdev": [0.6548178792, 0.641071856022, 0.646206080914, 0.632585167885, 0.742916285992, 0.936774432659]
    }
},
"rhythm": {
    "beats_count": 50,
    "beats_loudness": {
        "max": 0.0945473536849,
        "mean": 0.0538949221373,
        "min": 0.0114196967334,
        "stdev": 0.0166617184877
    },
    "bpm": 105.128265381,
    "bpm_histogram_first_peak_bpm": 105,
    "bpm_histogram_first_peak_weight": 0.340425550938,
    "bpm_histogram_second_peak_bpm": 110,
    "bpm_histogram_second_peak_spread": 0.5,
    "bpm_histogram_second_peak_weight": 0.0204081628472,
    "danceability": 1.28033745289,
    "onset_rate": 5.10110282898,
    "beats_loudness_band_ratio": {
        "max": [0.953467726707, 0.878289103508, 0.319138050079, 0.197487384081, 0.0774226486683, 0.107894994318],
        "mean": [0.667067110538, 0.250891000032, 0.0453853234649, 0.0243624392897, 0.0181226748973, 0.0387800447643],
        "min": [0.0435437709093, 0.00863740034401, 0.00474959425628, 0.00427330192178, 0.000732274842449, 0.00580433616415],
        "stdev": [0.261902183294, 0.252728164196, 0.0563535615802, 0.0325850732625, 0.0202611833811, 0.0291971024126]
    },
    "beats_position": [0.522448956966, 1.05650794506, 1.60217678547, 2.15945577621, 2.72834467888, 3.29723358154, 3.86612248421, 4.43501138687, 5.01551008224, 5.59600877762, 6.1648979187, 6.73378658295, 7.31428575516, 7.87156438828, 8.44045352936, 9.0093421936, 9.58984088898, 10.1587295532, 10.7276191711, 11.3081178665, 11.8770065308, 12.445895195, 13.0263938904, 13.5952835083, 14.1641721725, 14.7330608368, 15.301949501, 15.870839119, 16.4397277832, 17.0202255249, 17.5891151428, 18.1580047607, 18.7268924713, 19.2957820892, 19.8762817383, 20.45677948, 21.037279129, 21.5945568085, 22.1634464264, 22.7323360443, 23.312833786, 23.8817234039, 24.4622211456, 25.0311107635, 25.6000003815, 26.168888092, 26.73777771, 27.3066654205, 27.8871650696, 28.4560546875],
