{
"metadata": {
    "version": {
        "essentia": "2.1-beta5",
        "essentia_git_sha": "Undefined",
        "extractor": "music 2.0"
    },
    "audio_properties": {
        "analysis": {
            "equal_loudness": 0,
            "length": 12.7477550507,
            "sample_rate": 44100,
            "start_time": 0,
            "downmix": "mix"
        },
        "bit_rate": 192000,
        "length": 196.998092651,
        "lossless": 0,
        "number_channels": 2,
        "replay_gain": -2.61275672913,
        "sample_rate": 44100,
        "codec": "mp3",
        "md5_encoded": "a2e28ad9f6adb5be1ced387bcb667553"
    },
    "tags": {
        "file_name": "Sweden_Listen To Your Heartbeat_Friends.mp3",
        "encoding": ["Lavf58.29.100"]
    }
},
"lowlevel": {
    "average_loudness": 0.981146097183,
    "barkbands_crest": {
        "max": 20.1122913361,
        "mean": 7.31765031815,
        "min": 3.40645885468,
        "stdev": 2.73040223122
    },
    "barkbands_flatness_db": {
        "max": 0.169301658869,
        "mean": 0.111804142594,
        "min": 0.059472553432,
        "stdev": 0.0220547281206
    },
    "barkbands_kurtosis": {
        "max": 10.3404884338,
        "mean": 0.637301623821,
        "min": -1.51912009716,
        "stdev": 1.78301548958
    },
    "barkbands_skewness": {
        "max": 3.08178567886,
        "mean": 1.1372436285,
        "min": -1.93665409088,
        "stdev": 0.621407628059
    },
    "barkbands_spread": {
        "max": 53.2810630798,
        "mean": 31.6953792572,
        "min": 10.7432842255,
        "stdev": 7.92950773239
    },
    "dissonance": {
        "max": 0.499149471521,
        "mean": 0.479710131884,
        "min": 0.365764588118,
        "stdev": 0.0128129916266
    },
    "dynamic_complexity": 1.68019676208,
    "erbbands_crest": {
        "max": 19.3794441223,
        "mean": 6.2500910759,
        "min": 2.70554971695,
        "stdev": 2.77597761154
    },
    "erbbands_flatness_db": {
        "max": 0.234579771757,
        "mean": 0.139897704124,
        "min": 0.0892131775618,
        "stdev": 0.0236533433199
    },
    "erbbands_kurtosis": {
        "max": 0.955314874649,
        "mean": -0.615484297276,
        "min": -1.36767411232,
        "stdev": 0.442675381899
    },
    "erbbands_skewness": {
        "max": 1.10631084442,
        "mean": -0.250985145569,
        "min": -1.16947722435,
        "stdev": 0.330076158047
    },
    "erbbands_spread": {
        "max": 74.5336227417,
        "mean": 44.9317817688,
        "min": 16.5963459015,
        "stdev": 9.98928833008
    },
    "hfc": {
        "max": 157.216369629,
        "mean": 28.6180477142,
        "min": 1.1459613299e-16,
        "stdev": 18.4290771484
    },
    "loudness_ebu128": {
        "integrated": -18.9691162109,
        "loudness_range": 0.979551315308,
        "momentary": {
            "max": -16.926815033,
            "mean": -19.2894611359,
            "min": -36.5608444214,
            "stdev": 2.10280704498
        },
        "short_term": {
            "max": -18.2947273254,
            "mean": -18.8204669952,
            "min": -19.7998561859,
            "stdev": 0.342038154602
        }
    },
    "melbands_crest": {
        "max": 23.0353183746,
        "mean": 11.8351182938,
        "min": 1.7411929369,
        "stdev": 3.78020358086
    },
    "melbands_flatness_db": {
        "max": 0.237603589892,
        "mean": 0.150034502149,
        "min": 0.00235959864222,
        "stdev": 0.0341816805303
    },
    "melbands_kurtosis": {
        "max": 37.143032074,
        "mean": 7.68079471588,
        "min": -1.29837679863,
        "stdev": 6.22807264328
    },
    "melbands_skewness": {
        "max": 5.62294435501,
        "mean": 2.47980761528,
        "min": -0.2975230515,
        "stdev": 0.886818945408
    },
    "melbands_spread": {
        "max": 139.168624878,
        "mean": 31.1317462921,
        "min": 8.22823238373,
        "stdev": 14.3302106857
    },
    "pitch_salience": {
        "max": 0.959076881409,
        "mean": 0.583304524422,
        "min": 0.341494619846,
        "stdev": 0.0861292630434
    },
    "silence_rate_20dB": {
        "max": 1,
        "mean": 1,
        "min": 1,
        "stdev": 0
    },
    "silence_rate_30dB": {
        "max": 1,
        "mean": 1,
        "min": 1,
        "stdev": 0
    },
    "silence_rate_60dB": {
        "max": 1,
        "mean": 0.0309090912342,
        "min": 0,
        "stdev": 0.173072040081
    },
    "spectral_centroid": {
        "max": 11316.6699219,
        "mean": 1870.13623047,
        "min": 693.394287109,
        "stdev": 873.722839355
    },
    "spectral_complexity": {
        "max": 59,
        "mean": 30.4654541016,
        "min": 0,
        "stdev": 9.55089950562
    },
    "spectral_decrease": {
        "max": 1.23807130546e-28,
        "mean": -8.00888955155e-09,
        "min": -3.42354624649e-08,
        "stdev": 4.5018082595e-09
    },
    "spectral_energy": {
        "max": 0.141124889255,
        "mean": 0.0328231565654,
        "min": 1.0324875676e-20,
        "stdev": 0.0182702001184
    },
    "spectral_energyband_high": {
        "max": 0.0154302418232,
        "mean": 0.00153951882385,
        "min": 7.52010655167e-21,
        "stdev": 0.00174061197322
    },
    "spectral_energyband_low": {
        "max": 0.0954411700368,
        "mean": 0.012591579929,
        "min": 2.43024095082e-23,
        "stdev": 0.0116748744622
    },
    "spectral_energyband_middle_high": {
        "max": 0.0272144563496,
        "mean": 0.00741935102269,
        "min": 1.49604348048e-21,
        "stdev": 0.00394794903696
    },
    "spectral_energyband_middle_low": {
        "max": 0.0821002945304,
        "mean": 0.0131744332612,
        "min": 1.04950117939e-22,
        "stdev": 0.00894091371447
    },
    "spectral_entropy": {
        "max": 9.81071186066,
        "mean": 7.80489444733,
        "min": 7.26776504517,
        "stdev": 0.263372927904
    },
    "spectral_flux": {
        "max": 0.271391868591,
        "mean": 0.0936305522919,
        "min": 6.59077584175e-11,
        "stdev": 0.0437690205872
    },
    "spectral_kurtosis": {
        "max": 15.8717060089,
        "mean": 2.78233289719,
        "min": -1.2293959856,
        "stdev": 1.54033195972
    },
    "spectral_rms": {
        "max": 0.0117338318378,
        "mean": 0.0054412134923,
        "min": 3.17380670356e-12,
        "stdev": 0.0015542875044
    },
    "spectral_rolloff": {
        "max": 19229.1503906,
        "mean": 2043.5411377,
        "min": 172.265625,
        "stdev": 1805.01989746
    },
    "spectral_skewness": {
        "max": 2.30563640594,
        "mean": 1.10814213753,
        "min": -0.0319040380418,
        "stdev": 0.242387413979
    },
    "spectral_spread": {
        "max": 42114216,
        "mean": 4423083.5,
        "min": 2343475.75,
        "stdev": 3258234.5
    },
    "spectral_strongpeak": {
        "max": 5.58189725876,
        "mean": 0.573596000671,
        "min": 0,
        "stdev": 0.612904310226
    },
    "zerocrossingrate": {
        "max": 0.5224609375,
        "mean": 0.0730575248599,
        "min": 0.0166015625,
        "stdev": 0.0446490943432
    },
    "barkbands": {
        "max": [0.00101339945104, 0.0830662176013, 0.030938282609, 0.018353080377, 0.052188500762, 0.0138364862651, 0.0165321473032, 0.0118180280551, 0.0102522782981, 0.0124657014385, 0.0136055257171, 0.00418745633215, 0.00259728799574, 0.00267105316743, 0.0026223345194, 0.00591863784939, 0.00511629413813, 0.0041636605747, 0.00533087179065, 0.00669878022745, 0.00452015036717, 0.00450511649251, 0.00223160302266, 0.00100115989335, 0.000538259977475, 0.000357686716598, 4.4962607717e-06],
        "mean": [6.26873734291e-05, 0.0066479393281, 0.00404841639102, 0.00348402699456, 0.00396922649816, 0.0018485422479, 0.0020350611303, 0.00077708583558, 0.000969997956418, 0.00134371372405, 0.000761451898143, 0.000405974889873, 0.000393235182855, 0.000437449110905, 0.000639779900666, 0.000890137569513, 0.000950538553298, 0.000683714519255, 0.000673933769576, 0.000566362170503, 0.000442593707703, 0.000327976886183, 0.000223252180149, 0.000137148672366, 8.91370509635e-05, 1.37723664011e-05, 9.37496125175e-09],
        "min": [7.38001021205e-25, 6.854403728e-24, 1.74136923029e-24, 5.56653662983e-24, 1.42482258098e-23, 9.03959734483e-24, 1.07524313068e-23, 2.09555898094e-23, 2.83921957624e-23, 3.95278762074e-23, 5.16066998179e-23, 2.74648960792e-23, 6.01584505906e-23, 5.15191993663e-23, 1.047645463e-22, 8.57180235472e-23, 1.13722061879e-22, 2.2019869509e-22, 2.03879876642e-22, 2.5555407771e-22, 3.37306043103e-22, 4.00655208863e-22, 5.29163957229e-22, 8.28444304614e-22, 1.14468750911e-21, 1.48461360541e-21, 2.26370253087e-21],
        "stdev": [0.000108134474431, 0.00909836776555, 0.00384604209103, 0.00310196075588, 0.00512668211013, 0.00172954774462, 0.0023493792396, 0.00134750234429, 0.00115249317605, 0.00172669696622, 0.00139321142342, 0.000366764550563, 0.000354277697625, 0.000389274209738, 0.00048494731891, 0.000753155210987, 0.000799345376436, 0.000515779596753, 0.000522473070305, 0.000566625443753, 0.000485789147206, 0.000493304280099, 0.000292821787298, 0.000173054402694, 0.000102313882962, 2.37047588598e-05, 1.91502067537e-07]
    },
    "erbbands": {
        "max": [1.45082557201, 21.1848583221, 42.0869445801, 48.437828064, 121.15397644, 198.883117676, 84.0043869019, 112.945861816, 181.938674927, 407.62512207, 221.142608643, 281.509552002, 180.81237793, 457.627319336, 518.20892334, 139.918075562, 135.280471802, 129.444580078, 197.668716431, 392.209991455, 288.365997314, 335.538452148, 264.067230225, 212.515426636, 265.952453613, 381.211700439, 230.205688477, 178.905563354, 182.336883545, 72.3060684204, 58.6917266846, 26.9033279419, 15.6006164551, 6.786860466, 4.82217645645, 3.37249541283, 0.0749758780003, 0.00275921286084, 0.000653648632579, 0.000186011122423],
        "mean": [0.116916783154, 1.74154388905, 4.5898141861, 9.07346630096, 12.5293455124, 13.5404081345, 13.8233604431, 15.5252962112, 25.5477237701, 27.1445808411, 16.2993431091, 20.1668052673, 28.0451145172, 46.6322975159, 29.232416153, 15.6962184906, 19.9317054749, 18.6944046021, 30.7662754059, 40.1713256836, 47.5700149536, 54.810333252, 40.8682594299, 34.357925415, 36.1740074158, 28.3989009857, 21.3047084808, 14.8863697052, 11.9086856842, 8.40949726105, 6.22506332397, 3.71650385857, 1.85043227673, 1.03473842144, 0.571707725525, 0.161058411002, 0.00384324626066, 0.000166062833159, 3.59487239621e-05, 4.30385407526e-05],
        "min": [2.33242188302e-22, 1.73882412047e-21, 3.96087762282e-21, 1.3795390292e-20, 2.8768960426e-20, 2.57078784029e-20, 6.55908924691e-20, 7.110583486e-20, 1.30149786651e-19, 2.37486138803e-19, 6.05138762967e-19, 4.50235493087e-19, 1.02219350844e-18, 1.39646161295e-18, 2.22427170995e-18, 1.60984556986e-18, 2.79005787226e-18, 2.94759173159e-18, 5.6346269469e-18, 3.99749713472e-18, 4.7181401931e-18, 6.8479776556e-18, 1.23527777782e-17, 8.38893986335e-18, 9.77104534318e-18, 1.33033307247e-17, 1.37473703765e-17, 1.50552959534e-17, 1.30877964084e-17, 1.49344481746e-17, 1.82710978967e-17, 1.45773609216e-17, 1.44387635013e-17, 1.02879554711e-17, 8.94404671037e-18, 5.77531796138e-18, 2.80175875562e-18, 1.02386854918e-18, 2.69025087994e-19, 3.3450857623e-20],
        "stdev": [0.163505092263, 2.36145448685, 4.61829519272, 7.43818616867, 14.2028179169, 20.8871841431, 12.7834177017, 13.5631771088, 28.1044769287, 46.9670219421, 25.4232692719, 27.8812427521, 24.7365951538, 59.5634117126, 48.7505226135, 12.6342010498, 17.4417304993, 15.9311971664, 24.4490852356, 37.1767425537, 40.483795166, 47.1171150208, 29.3393573761, 23.9300289154, 28.3869228363, 29.9331493378, 22.6843624115, 19.0787658691, 19.6674499512, 10.9465141296, 8.09805870056, 4.62381696701, 2.41388130188, 1.24244070053, 0.683236241341, 0.238126844168, 0.00542004406452, 0.000232886741287, 3.75632807845e-05, 2.46602940024e-05]
    },
    "gfcc": {
        "mean": [30.2197723389, 99.056098938, -136.514144897, 61.6415061951, -63.4648094177, 20.1077194214, -41.1746559143, 14.7744064331, -24.2526378632, -4.01220464706, -14.220457077, -4.85133552551, -1.06978642941],
        "cov": [[17877.9941406, 671.915161133, -1278.81274414, 905.693969727, -977.35949707, 287.135772705, -726.576843262, 213.920837402, -416.873687744, 63.8879127502, -236.757278442, -3.80265474319, -58.8612136841], [671.915161133, 415.140838623, -244.452804565, 19.9803733826, 35.5928230286, -61.658618927, 47.1886711121, -26.187921524, 35.2295303345, -61.0950241089, 11.5153112411, -45.5579910278, 22.8189888], [-1278.81274414, -244.452804565, 390.392333984, -37.5725021362, 65.1492233276, 25.1862678528, -16.8731327057, 4.30316495895, -9.7241973877, 50.1476402283, -15.7082071304, 30.1104774475, -28.5558929443], [905.693969727, 19.9803733826, -37.5725021362, 107.977180481, -34.0552978516, 30.5383110046, -20.3727741241, 5.7573261261, -12.4130182266, -4.3922123909, -3.12724709511, -1.07110965252, 5.82482719421], [-977.35949707, 35.5928230286, 65.1492233276, -34.0552978516, 134.924987793, -6.35831928253, 59.568321228, -5.6702003479, 22.4059696198, -14.4397239685, 2.24015259743, -0.669279038906, 7.39003610611], [287.135772705, -61.658618927, 25.1862678528, 30.5383110046, -6.35831928253, 90.5448303223, 6.62770175934, 28.3040676117, -9.22747993469, 10.7909355164, 3.10482263565, 9.21410274506, -1.25597584248], [-726.576843262, 47.1886711121, -16.8731327057, -20.3727741241, 59.568321228, 6.62770175934, 119.387718201, 10.6186466217, 41.38463974, -23.7400436401, 24.5227451324, -8.45123291016, 13.4100170135], [213.920837402, -26.187921524, 4.30316495895, 5.7573261261, -5.6702003479, 28.3040676117, 10.6186466217, 62.2334861755, 6.94464969635, 14.0483627319, -3.54598379135, 9.31704235077, -0.180095851421], [-416.873687744, 35.2295303345, -9.7241973877, -12.4130182266, 22.4059696198, -9.22747993469, 41.38463974, 6.94464969635, 65.9333572388, 8.08069896698, 23.8250160217, -12.2230587006, 4.66726875305], [63.8879127502, -61.0950241089, 50.1476402283, -4.3922123909, -14.4397239685, 10.7909355164, -23.7400436401, 14.0483627319, 8.08069896698, 59.4764480591, 6.55356359482, 12.6115045547, -14.0091590881], [-236.757278442, 11.5153112411, -15.7082071304, -3.12724709511, 2.24015259743, 3.10482263565, 24.5227451324, -3.54598379135, 23.8250160217, 6.55356359482, 53.5854759216, 12.0535669327, 14.2283906937], [-3.80265474319, -45.5579910278, 30.1104774475, -1.07110965252, -0.669279038906, 9.21410274506, -8.45123291016, 9.31704235077, -12.2230587006, 12.6115045547, 12.0535669327, 47.8708572388, 13.8367528915], [-58.8612136841, 22.8189888, -28.5558929443, 5.82482719421, 7.39003610611, -1.25597584248, 13.4100170135, -0.180095851421, 4.66726875305, -14.0091590881, 14.2283906937, 13.8367528915, 49.178565979]],
        "icov": [[0.000968216918409, -0.0023405929096, 0.00164768472314, -0.00456882687286, 0.00346109573729, -0.0020589241758, 0.00263933395036, -0.00261064548977, 0.00289193843491, -0.00238101859577, 0.00262859859504, -0.00149883958511, 0.00114931550343], [-0.0023405929096, 0.0113487513736, -0.000622071151156, 0.00937217567116, -0.0115669341758, 0.00768205383793, -0.00600536959246, 0.00646341312677, -0.00817625131458, 0.00728860776871, -0.00704950047657, 0.00579964742064, -0.00268297386356], [0.00164768472314, -0.000622071151156, 0.00867318734527, -0.00790669303387, 0.00160803541075, -0.00324437953532, 0.00530969724059, -0.00333149568178, 0.00431198626757, -0.00595678109676, 0.00560833700001, -0.00368873844855, 0.00375797692686], [-0.00456882687286, 0.00937217567116, -0.00790669303387, 0.0340533405542, -0.0135969538242, 0.00413580890745, -0.0104510970414, 0.0126440497115, -0.0136261545122, 0.0124059002846, -0.0117669869214, 0.00730154151097, -0.00721932342276], [0.00346109573729, -0.0115669341758, 0.00160803541075, -0.0135969538242, 0.0264287982136, -0.00871342327446, 0.0035913111642, -0.00730444304645, 0.00867205858231, -0.00716423755512, 0.0128475250676, -0.00779233686626, 0.00246533099562], [-0.0020589241758, 0.00768205383793, -0.00324437953532, 0.00413580890745, -0.00871342327446, 0.0218233671039, -0.00841792486608, -0.00106953026261, -0.0015075802803, 0.00360933318734, -0.00899870786816, 0.00516613898799, -0.00192310276907], [0.00263933395036, -0.00600536959246, 0.00530969724059, -0.0104510970414, 0.0035913111642, -0.00841792486608, 0.0247665029019, -0.0110509991646, 0.000475960900076, 0.00180609105155, 0.00139035435859, -0.00260689365678, 0.00351853622124], [-0.00261064548977, 0.00646341312677, -0.00333149568178, 0.0126440497115, -0.00730444304645, -0.00106953026261, -0.0110509991646, 0.0300400480628, -0.012736924924, 0.00136912509333, 0.00117822503671, -0.00228045508265, -0.00346247991547], [0.00289193843491, -0.00817625131458, 0.00431198626757, -0.0136261545122, 0.00867205858231, -0.0015075802803, 0.000475960900076, -0.012736924924, 0.0382780022919, -0.0169543307275, -0.00297963130288, 0.00734179373831, 0.000188735095435], [-0.00238101859577, 0.00728860776871, -0.00595678109676, 0.0124059002846, -0.00716423755512, 0.00360933318734, 0.00180609105155, 0.00136912509333, -0.0169543307275, 0.0362012758851, -0.0115340808406, -0.00251924386248, 0.0054886052385], [0.00262859859504, -0.00704950047657, 0.00560833700001, -0.0117669869214, 0.0128475250676, -0.00899870786816, 0.00139035435859, 0.00117822503671, -0.00297963130288, -0.0115340808406, 0.0387391149998, -0.015455070883, -0.00133035401814], [-0.00149883958511, 0.00579964742064, -0.00368873844855, 0.00730154151097, -0.00779233686626, 0.00516613898799, -0.00260689365678, -0.00228045508265, 0.00734179373831, -0.00251924386248, -0.015455070883, 0.0378650836647, -0.0130828674883], [0.00114931550343, -0.00268297386356, 0.00375797692686, -0.00721932342276, 0.00246533099562, -0.00192310276907, 0.00351853622124, -0.00346247991547, 0.000188735095435, 0.0054886052385, -0.00133035401814, -0.0130828674883, 0.0302114989609]]
    },
    "melbands": {
        "max": [0.0190408471972, 0.0226114522666, 0.00826001446694, 0.0132618052885, 0.00302249286324, 0.00248521473259, 0.00288632139564, 0.00369933038019, 0.0014914534986, 0.00156647420954, 0.000991909299046, 0.0020365822129, 0.0022127314005, 0.000531568599399, 0.00028526224196, 0.000278280349448, 0.000229337747442, 0.000352245377144, 0.000288760464173, 0.000532169127837, 0.000367335218471, 0.000404054968385, 0.000244397087954, 0.00024299058714, 0.000172244297573, 0.000215063424548, 0.000203660776606, 0.000260284054093, 0.000142004399095, 0.000119632066344, 9.5119488833e-05, 0.000125961407321, 5.97953403485e-05, 4.59224538645e-05, 3.41195627698e-05, 2.6839243219e-05, 1.50800387928e-05, 1.26663726405e-05, 9.90290936898e-06, 5.95360643274e-06],
        "mean": [0.00149788882118, 0.00245480006561, 0.00167341262568, 0.000915815297049, 0.000519243534654, 0.000355400465196, 0.000391600158764, 0.000272396078799, 0.000123470745166, 0.000130976201035, 0.000146553633385, 0.000200405425858, 0.000113108966616, 4.54183063994e-05, 4.33956847701e-05, 4.03321319027e-05, 3.29938920913e-05, 4.80335074826e-05, 4.88928380946e-05, 5.56976374355e-05, 5.17540938745e-05, 5.30449142389e-05, 4.90010752401e-05, 3.49421861756e-05, 2.5797438866e-05, 2.94349993055e-05, 2.06219410757e-05, 1.82534295163e-05, 1.38891628012e-05, 1.01909645309e-05, 8.01956412033e-06, 7.1276140261e-06, 5.49421793039e-06, 4.29984311268e-06, 3.68536188944e-06, 2.90181537821e-06, 2.00195404432e-06, 1.33078106046e-06, 1.04756338715e-06, 8.13265785382e-07],
        "min": [2.66286329166e-24, 2.66957472303e-24, 4.52830259298e-24, 3.58307249583e-24, 2.42303932128e-24, 1.75885275454e-24, 2.0707222081e-24, 3.86836995866e-24, 4.78551384657e-24, 3.43967691035e-24, 5.6871775225e-24, 4.75522829312e-24, 8.17317011339e-24, 3.29684141612e-24, 6.43188075526e-24, 4.49269301728e-24, 5.17783488512e-24, 6.98226151465e-24, 5.96251088323e-24, 6.13848169093e-24, 5.11854409948e-24, 5.99299838507e-24, 1.08155654228e-23, 7.27930787737e-24, 5.45942904043e-24, 5.74427054165e-24, 8.16813560309e-24, 8.25371044523e-24, 7.38687931699e-24, 7.08027038238e-24, 7.11356346802e-24, 6.5872709708e-24, 8.72052440792e-24, 7.1829808611e-24, 1.05145810664e-23, 8.34838637563e-24, 9.03148864359e-24, 8.64855662753e-24, 9.65973746851e-24, 8.36761486019e-24],
        "stdev": [0.00206039543264, 0.0025050227996, 0.00124350667465, 0.00127446698025, 0.000470333499834, 0.000309361232212, 0.000424802972702, 0.000452176347608, 0.000185136435903, 0.000171352352481, 0.000134392888867, 0.000264072034042, 0.000217138906009, 4.5765631512e-05, 3.75611125492e-05, 3.46549131791e-05, 2.95609042951e-05, 4.2164385377e-05, 4.19131611125e-05, 5.53990175831e-05, 5.13065606356e-05, 5.54554026166e-05, 4.42651835328e-05, 2.97371661873e-05, 1.93022988242e-05, 2.43063204834e-05, 1.79622929863e-05, 2.17901288124e-05, 1.4281357835e-05, 1.31851520564e-05, 1.08291551442e-05, 1.2886013792e-05, 7.27716951587e-06, 5.95242181589e-06, 4.86173303216e-06, 3.8280136323e-06, 2.50468883678e-06, 1.82457449682e-06, 1.41428279221e-06, 9.86521740742e-07]
    },
    "melbands128": {
        "max": [0.000998421921395, 0.00770764099434, 0.0289807803929, 0.0390147864819, 0.0273458417505, 0.0129427835345, 0.0113310012966, 0.01013173908, 0.0123381623998, 0.0199634749442, 0.0118056600913, 0.00437858514488, 0.00333740003407, 0.00458017690107, 0.00289262854494, 0.00314432242885, 0.00299177505076, 0.00512595335022, 0.00390863744542, 0.00784812495112, 0.00299912923947, 0.00341704045422, 0.0013115456095, 0.00213876320049, 0.00330367381684, 0.00230368576013, 0.00221780245192, 0.000737222610041, 0.00273032765836, 0.00428861798719, 0.00174647301901, 0.00188586453442, 0.00454499199986, 0.000750541745219, 0.000776010216214, 0.000548601034097, 0.000302004482364, 0.000615580938756, 0.000522973772604, 0.000468068668852, 0.000343658291968, 0.000518371060025, 0.00037794560194, 0.000138452669489, 0.000497071363498, 0.000444706936833, 0.000398092612159, 0.000574279983994, 0.000303832726786, 0.00146700139157, 0.00054346548859, 0.000545984657947, 0.000869297655299, 0.000327782821842, 0.000202884461032, 0.000885295274202, 0.000514953688253, 0.000693349051289, 0.000209494101, 0.000433979119407, 0.000336983444868, 0.000291454343824, 0.000304721761495, 0.000179724709596, 0.000382922647987, 0.000280964362901, 0.000289548595902, 0.00015606280067, 0.000204922660487, 0.000220344227273, 0.000476579531096, 0.000210810700082, 0.000243513670284, 0.00014971998462, 0.000203082774533, 0.000235322324443, 0.000116689232527, 0.00015341026301, 7.31413529138e-05, 0.000171596533619, 0.00014822553203, 0.000137843861012, 0.000115666538477, 5.25920149812e-05, 5.72532080696e-05, 6.11560535617e-05, 7.72527928348e-05, 4.04621205234e-05, 3.65314917872e-05, 5.55692058697e-05, 4.51508822152e-05, 2.69127049251e-05, 3.2553980418e-05, 1.69728318724e-05, 3.44936561305e-05, 1.82856310857e-05, 1.29445916173e-05, 1.29752334033e-05, 1.99083297048e-05, 1.02380208773e-05, 6.63876608087e-06, 7.28940085537e-06, 1.08746626211e-05, 4.94028518006e-06, 8.54365498526e-06, 7.93517756392e-06, 1.56999776664e-05, 1.84249602171e-05, 2.0388631583e-06, 2.46146129257e-07, 2.52669938305e-08, 2.46630182943e-08, 2.40089832459e-08, 2.33675603312e-08, 2.26873684284e-08, 2.20170246479e-08, 2.13835953389e-08, 2.08762980236e-08, 2.03445882363e-08, 1.98689846798e-08, 1.9452713218e-08, 1.90253270915e-08, 1.87143491814e-08, 1.84400619219e-08, 1.81784844955e-08, 1.7973148303e-08, 1.78508994253e-08, 1.7661145435e-08],
        "mean": [5.21518923051e-05, 0.000564615125768, 0.00215830188245, 0.00317947007716, 0.00248942663893, 0.00199449341744, 0.00187176384497, 0.00168359314557, 0.00125500222202, 0.000838631473016, 0.000767947756685, 0.00056750146905, 0.000415862392401, 0.000522200891282, 0.000346885266481, 0.000249625969445, 0.000363158236723, 0.000478655274492, 0.000317017984344, 0.000364174309652, 0.000189205442439, 0.000185720840818, 7.25272038835e-05, 0.000122329583974, 0.000138470262755, 0.000120073702419, 0.000160598967341, 7.3387651355e-05, 0.000212388898944, 0.000293148506898, 0.000144939607708, 0.000114858907182, 0.000173711465322, 4.33825371147e-05, 6.28583729849e-05, 3.90207896999e-05, 2.88927312795e-05, 4.74277767353e-05, 5.11961588927e-05, 4.56616799056e-05, 3.06413967337e-05, 4.29543724749e-05, 3.1803836464e-05, 1.93476353161e-05, 5.66758972127e-05, 4.98018198414e-05, 4.86046410515e-05, 4.42890304839e-05, 4.2034607759e-05, 7.24469646229e-05, 5.10284444317e-05, 4.09219319408e-05, 9.13564726943e-05, 3.32569543389e-05, 1.71640695044e-05, 7.04849371687e-05, 5.56447557756e-05, 8.18235712359e-05, 2.81399716187e-05, 2.62464454863e-05, 3.84731065424e-05, 3.98177216994e-05, 2.82721684925e-05, 1.61797106557e-05, 3.22629093716e-05, 2.89494746539e-05, 3.29281865561e-05, 2.06307431654e-05, 1.75627083081e-05, 1.67769885593e-05, 2.4422442948e-05, 1.53489399963e-05, 1.21914426927e-05, 1.58194452524e-05, 1.25971218949e-05, 9.62654758041e-06, 9.57122756517e-06, 9.38137145567e-06, 6.55230542179e-06, 8.43609723233e-06, 7.81726521382e-06, 6.13283646089e-06, 6.42733766654e-06, 5.23850667378e-06, 5.30227043782e-06, 4.41283782493e-06, 4.16693728766e-06, 3.2529433156e-06, 4.02990463044e-06, 3.53864288627e-06, 3.4422380395e-06, 2.29771035265e-06, 2.88880005428e-06, 1.75379238954e-06, 1.87807904695e-06, 1.44958312376e-06, 1.15045202165e-06, 1.24957068692e-06, 9.77164063443e-07, 1.07875450794e-06, 8.26912582852e-07, 8.37912693896e-07, 6.70195163366e-07, 5.72023964196e-07, 5.13649922596e-07, 7.3146708246e-07, 8.94106619853e-07, 5.98226620241e-07, 1.17084063334e-07, 5.46551293112e-09, 5.71024824647e-11, 5.20315596164e-11, 5.03178818057e-11, 4.88841710167e-11, 4.7413458576e-11, 4.60046237216e-11, 4.46358262851e-11, 4.35265712362e-11, 4.24264234855e-11, 4.1437287629e-11, 4.05554513583e-11, 3.96857026408e-11, 3.9008289654e-11, 3.8411038239e-11, 3.78813681812e-11, 3.74728477415e-11, 3.72081358779e-11, 3.68293139041e-11],
        "min": [6.73977563176e-25, 1.16056930414e-24, 7.11126699532e-25, 3.21674600183e-24, 1.90952715958e-24, 5.4172444077e-25, 9.54422693274e-25, 2.59102113738e-24, 2.70175728973e-24, 1.69603970496e-24, 6.70436958218e-25, 1.63966307011e-24, 1.12964516779e-24, 2.56802406705e-24, 1.00902103842e-24, 1.62667871544e-24, 2.35844462935e-24, 1.54491979071e-24, 3.15236607728e-24, 7.00104439141e-25, 4.85796835413e-24, 2.5238833551e-24, 3.45704604976e-24, 9.15502071147e-25, 1.57019282335e-24, 3.98156084894e-24, 1.57929124921e-24, 2.12086595432e-24, 5.75581867644e-24, 2.15044646333e-24, 1.45562122928e-24, 4.66028493888e-24, 1.16090356423e-23, 5.89348555403e-24, 1.47499920298e-24, 2.27134728567e-24, 2.84322253257e-24, 5.58052273925e-24, 9.00416486841e-24, 2.83029369398e-24, 3.82591622575e-24, 5.79348126264e-24, 5.76674755543e-24, 4.42742187712e-24, 2.79243290648e-24, 9.45886429418e-24, 5.99260395462e-24, 4.05615829715e-24, 3.73052440408e-24, 3.20576150815e-24, 6.3674126755e-24, 4.03348406815e-24, 3.78506309162e-24, 4.4508431574e-24, 2.5365001992e-24, 1.36049495791e-24, 6.10991467097e-24, 6.68427325201e-24, 1.1102122302e-23, 1.12385131971e-23, 4.16231846461e-24, 4.61349365428e-24, 3.81874153582e-24, 5.97711427631e-24, 4.36341961973e-24, 4.74555922501e-24, 5.71371953652e-24, 3.59260745759e-24, 7.29184997691e-24, 1.20238794485e-23, 1.03407886981e-23, 3.76214904891e-24, 4.07256699841e-24, 8.52336282415e-24, 4.36088895395e-24, 5.64982180319e-24, 8.38591485547e-24, 5.89950337944e-24, 6.29298088808e-24, 4.40959677611e-24, 4.87877179949e-24, 3.01721625763e-24, 5.11561032577e-24, 8.88807688646e-24, 8.87546536717e-24, 5.05328755325e-24, 3.16567692176e-24, 1.05487379548e-23, 1.25065960582e-23, 7.09369679499e-24, 7.66417496923e-24, 8.1082910371e-24, 7.87056149242e-24, 8.16360044174e-24, 8.95454551748e-24, 7.63200048835e-24, 6.07734891508e-24, 6.90069566364e-24, 7.21029911425e-24, 5.19007130105e-24, 5.242838207e-24, 8.62780169712e-24, 8.11604790638e-24, 7.05536919904e-24, 8.66167222894e-24, 8.14342137979e-24, 9.50239600552e-24, 7.05082930453e-24, 8.29875361405e-24, 8.54657584515e-24, 8.51886316155e-24, 7.90765846535e-24, 7.40098336112e-24, 7.65839577424e-24, 7.14862123551e-24, 8.00823823077e-24, 5.21097019858e-24, 7.90848045841e-24, 1.03208549719e-23, 6.39748720865e-24, 6.2575476228e-24, 8.30967066012e-24, 7.6776708016e-24, 8.35858240283e-24, 1.06415111527e-23, 1.03532747885e-23, 9.8354349359e-24, 7.82852546136e-24],
        "stdev": [9.17399520404e-05, 0.000849527306855, 0.00321553903632, 0.00449507590383, 0.00308447191492, 0.00190790498164, 0.0018267526757, 0.00164958438836, 0.00163959339261, 0.00184009864461, 0.0013562241802, 0.000641089864075, 0.000495602958836, 0.000647584151011, 0.000346640008502, 0.000387603911804, 0.000455011002487, 0.000711124390364, 0.0004802364856, 0.00089384871535, 0.00033570904634, 0.000410312815802, 0.000131908644107, 0.000214823128772, 0.000291072094114, 0.000210366531974, 0.000264768401394, 7.65083168517e-05, 0.000304481596686, 0.000525565701537, 0.000225934578339, 0.000196724038688, 0.000430580868851, 6.08970476605e-05, 7.90293124737e-05, 4.74005792057e-05, 3.77400610887e-05, 5.97178150201e-05, 6.83744583512e-05, 5.57706189284e-05, 3.8973390474e-05, 6.28085690551e-05, 3.97056792281e-05, 2.0320101612e-05, 7.34824934625e-05, 5.3055195167e-05, 6.80225130054e-05, 6.97713621776e-05, 4.48280188721e-05, 0.000124155863887, 7.68022655393e-05, 4.98535373481e-05, 0.000119360003737, 3.54807270924e-05, 2.14561896428e-05, 0.000106940948172, 6.61649901303e-05, 0.000114022455818, 2.96027901641e-05, 4.40123694716e-05, 4.43082135462e-05, 4.13993948314e-05, 3.61806087312e-05, 1.90876908164e-05, 3.60985541192e-05, 2.88779756374e-05, 3.93705304305e-05, 2.00764388865e-05, 2.33975679294e-05, 1.96593518922e-05, 3.95140959881e-05, 2.2069672923e-05, 1.79958933586e-05, 1.7382319129e-05, 1.78440932359e-05, 1.76453959284e-05, 1.28545407279e-05, 1.47086893776e-05, 9.06367404241e-06, 1.51098747665e-05, 1.4949794604e-05, 1.43879851748e-05, 1.02925050669e-05, 7.09106325303e-06, 7.38723520044e-06, 7.26428470443e-06, 6.43077237328e-06, 5.12292490384e-06, 5.4008078223e-06, 5.6065678109e-06, 5.17048965776e-06, 3.53269979314e-06, 4.29948295277e-06, 2.23224265028e-06, 3.36374887411e-06, 2.29672150454e-06, 1.84685177373e-06, 1.78840946319e-06, 1.72393208686e-06, 1.42869373576e-06, 1.18630975976e-06, 1.09326049369e-06, 1.07110008685e-06, 7.56557142267e-07, 7.9909239048e-07, 9.70647533904e-07, 1.43447823575e-06, 1.11726035357e-06, 2.37148512383e-07, 2.55358898471e-08, 1.07728514998e-09, 1.05042197163e-09, 1.02257169399e-09, 9.95254656466e-10, 9.6628538504e-10, 9.37734112583e-10, 9.10756803307e-10, 8.89152029782e-10, 8.6650497888e-10, 8.46247905084e-10, 8.28518476048e-10, 8.10314537691e-10, 7.97070409675e-10, 7.85389253632e-10, 7.74247554958e-10, 7.65500995925e-10, 7.60294494029e-10, 7.52212181432e-10]
    },
    "mfcc": {
        "mean": [-590.390014648, 106.397109985, -6.63136816025, 36.4367256165, 5.30153036118, 5.64191770554, 0.144384518266, 9.45692062378, 1.46275508404, 1.93859350681, -6.08066797256, -2.57558560371, -0.761722803116],
        "cov": [[6468.89941406, 181.574417114, 307.918823242, 299.801544189, 32.3470497131, 18.9501361847, -72.6846008301, -36.0878639221, -39.9369697571, -37.205280304, -64.7823257446, -13.1953697205, 1.53708612919], [181.574417114, 426.65927124, -160.394317627, 75.9270858765, -6.11437892914, 1.00254297256, -5.47276496887, 32.5921440125, 2.72505092621, 22.660785675, -11.7079620361, -9.37093257904, -15.966547966], [307.918823242, -160.394317627, 213.711608887, -11.8943338394, 37.5357513428, 10.3492069244, -4.00554180145, -26.9786319733, -4.38104581833, -20.927066803, 20.3387184143, 1.80204665661, 6.85494232178], [299.801544189, 75.9270858765, -11.8943338394, 84.3776931763, 6.7885632515, 5.91001033783, -5.87384843826, 8.30182933807, 0.0861800983548, 1.33206021786, -10.7969036102, -5.46000862122, -4.95613908768], [32.3470497131, -6.11437892914, 37.5357513428, 6.7885632515, 69.0006866455, 15.3061475754, 6.39802217484, -3.04385375977, 4.66048192978, -6.66582345963, 3.96139192581, -6.23769950867, -0.116009667516], [18.9501361847, 1.00254297256, 10.3492069244, 5.91001033783, 15.3061475754, 53.4481544495, 16.9291648865, 8.61270809174, -1.43062794209, 2.38199520111, 4.26074934006, 3.68838572502, 0.500027239323], [-72.6846008301, -5.47276496887, -4.00554180145, -5.87384843826, 6.39802217484, 16.9291648865, 57.6022872925, 30.4231376648, 14.3091421127, 2.90470981598, -0.482929766178, -2.19922947884, 2.67552185059], [-36.0878639221, 32.5921440125, -26.9786319733, 8.30182933807, -3.04385375977, 8.61270809174, 30.4231376648, 63.0137901306, 21.2345867157, 8.7181968689, -3.8058655262, 2.33859181404, 1.8254673481], [-39.9369697571, 2.72505092621, -4.38104581833, 0.0861800983548, 4.66048192978, -1.43062794209, 14.3091421127, 21.2345867157, 49.6880378723, 16.0736026764, 7.82630634308, -3.50413799286, 0.430301457644], [-37.205280304, 22.660785675, -20.927066803, 1.33206021786, -6.66582345963, 2.38199520111, 2.90470981598, 8.7181968689, 16.0736026764, 45.7531776428, 17.7917079926, 4.39356803894, -2.92889428139], [-64.7823257446, -11.7079620361, 20.3387184143, -10.7969036102, 3.96139192581, 4.26074934006, -0.482929766178, -3.8058655262, 7.82630634308, 17.7917079926, 50.7016334534, 17.9354915619, 4.55609607697], [-13.1953697205, -9.37093257904, 1.80204665661, -5.46000862122, -6.23769950867, 3.68838572502, -2.19922947884, 2.33859181404, -3.50413799286, 4.39356803894, 17.9354915619, 44.2226104736, 18.6046962738], [1.53708612919, -15.966547966, 6.85494232178, -4.95613908768, -0.116009667516, 0.500027239323, 2.67552185059, 1.8254673481, 0.430301457644, -2.92889428139, 4.55609607697, 18.6046962738, 43.9577789307]],
        "icov": [[0.000221255788347, -0.000169369901414, -0.000553537218366, -0.000685994920786, 0.000198253575945, -7.89424939285e-06, 0.000100109900814, 6.58455028315e-05, 3.12421470881e-05, -0.000116369774332, 0.000395095790736, -0.000120034193969, -6.67011336191e-05], [-0.000169369901414, 0.00428800750524, 0.00349792093039, -0.00258894194849, -0.00123359251302, -1.60702365974e-05, 0.00081069720909, -0.0012767756125, 0.000757545407396, -0.00029412881122, -0.00152185373008, 0.000823492009658, 0.000508848810568], [-0.000553537218366, 0.00349792093039, 0.0097409458831, -0.000162736105267, -0.00375319668092, -0.000771699822508, 0.000247619696893, 0.00111262011342, -0.000210753816646, 0.00343863549642, -0.00505425594747, 0.00140123825986, -0.000147927275975], [-0.000685994920786, -0.00258894194849, -0.000162736105267, 0.0176727157086, -0.00164741778281, -0.00188044924289, 0.00273796916008, -0.00225994247012, -0.000363516883226, -0.000627894711215, 0.0025982838124, 0.000346342480043, 0.000591631920543], [0.000198253575945, -0.00123359251302, -0.00375319668092, -0.00164741778281, 0.0185687411577, -0.00466233678162, -0.00128095666878, 0.00193212146405, -0.00297321751714, 0.00300412834622, -0.00137151172385, 0.00296460557729, -0.000839006737806], [-7.89424939285e-06, -1.60702365974e-05, -0.000771699822508, -0.00188044924289, -0.00466233678162, 0.0232928302139, -0.00706721888855, -0.00117516226601, 0.00427690939978, -0.00236336956732, -0.000847903836984, -0.00264695496298, 0.00111329637002], [0.000100109900814, 0.00081069720909, 0.000247619696893, 0.00273796916008, -0.00128095666878, -0.00706721888855, 0.0273950193077, -0.0122501347214, -0.00273807533085, 0.00106741557829, -0.000183791824384, 0.00349164521322, -0.00188146764413], [6.58455028315e-05, -0.0012767756125, 0.00111262011342, -0.00225994247012, 0.00193212146405, -0.00117516226601, -0.0122501347214, 0.0269322972745, -0.00866350997239, -0.000768818659708, 0.00390822254121, -0.004564457573, 0.000311640644213], [3.12421470881e-05, 0.000757545407396, -0.000210753816646, -0.000363516883226, -0.00297321751714, 0.00427690939978, -0.00273807533085, -0.00866350997239, 0.0286934059113, -0.00853970088065, -0.00363790360279, 0.00506880646572, -0.00188226054888], [-0.000116369774332, -0.00029412881122, 0.00343863549642, -0.000627894711215, 0.00300412834622, -0.00236336956732, 0.00106741557829, -0.000768818659708, -0.00853970088065, 0.0319650806487, -0.0120681999251, 0.000343615451129, 0.00261079822667], [0.000395095790736, -0.00152185373008, -0.00505425594747, 0.0025982838124, -0.00137151172385, -0.000847903836984, -0.000183791824384, 0.00390822254121, -0.00363790360279, -0.0120681999251, 0.0321160629392, -0.0128510147333, 0.00171129172668], [-0.000120034193969, 0.000823492009658, 0.00140123825986, 0.000346342480043, 0.00296460557729, -0.00264695496298, 0.00349164521322, -0.004564457573, 0.00506880646572, 0.000343615451129, -0.0128510147333, 0.0349942296743, -0.0133669069037], [-6.67011336191e-05, 0.000508848810568, -0.000147927275975, 0.000591631920543, -0.000839006737806, 0.00111329637002, -0.00188146764413, 0.000311640644213, -0.00188226054888, 0.00261079822667, 0.00171129172668, -0.0133669069037, 0.0287851542234]]
    },
    "spectral_contrast_coeffs": {
        "max": [-0.507871925831, -0.551780045033, -0.538012444973, -0.645718693733, -0.578133404255, -0.54149889946],
        "mean": [-0.716155588627, -0.753748238087, -0.766221046448, -0.777270972729, -0.764265835285, -0.697036981583],
        "min": [-0.966127753258, -0.975402653217, -0.973763823509, -0.969892323017, -0.968131005764, -0.962107479572],
        "stdev": [0.0588962696493, 0.0650189444423, 0.0571501553059, 0.042768150568, 0.0425312034786, 0.0574951581657]
    },
    "spectral_contrast_valleys": {
        "max": [-4.96718358994, -4.60097026825, -5.40281915665, -5.83622407913, -5.38162755966, -8.41969966888],
        "mean": [-6.31576728821, -6.64214372635, -7.05820035934, -7.24742650986, -7.04369211197, -10.3802204132],
        "min": [-27.7902336121, -27.4735107422, -27.3107128143, -27.3772258759, -27.368478775, -27.2698307037],
        "stdev": [1.98639249802, 1.93563091755, 1.85635852814, 1.85073459148, 1.8860989809, 1.81134748459]
    }
},
"rhythm": {
    "beats_count": 29,
    "beats_loudness": {
        "max": 0.078203253448,
        "mean": 0.0474823266268,
        "min": 0.0135456304997,
        "stdev": 0.0172793455422
    },
    "bpm": 139.434173584,
    "bpm_histogram_first_peak_bpm": 140,
    "bpm_histogram_first_peak_weight": 0.285714268684,
    "bpm_histogram_second_peak_bpm": 0,
    "bpm_histogram_second_peak_spread": 0,
    "bpm_histogram_second_peak_weight": 0,
    "danceability": 1.42826044559,
    "onset_rate": 3.4484474659,
    "beats_loudness_band_ratio": {
        "max": [0.719274580479, 0.403776019812, 0.327410101891, 0.268351137638, 0.226154908538, 0.176456615329],
        "mean": [0.49336412549, 0.147607818246, 0.108507975936, 0.0888910517097, 0.100410990417, 0.0947914421558],
        "min": [0.18473815918, 0.0481189638376, 0.0192389078438, 0.0226021092385, 0.0438572764397, 0.0371481217444],
        "stdev": [0.163495451212, 0.0830913484097, 0.0741979405284, 0.0643819794059, 0.0456108227372, 0.0374949574471]
    },
    "beats_position": [0.406349211931, 0.835918366909, 1.26548755169, 1.69505667686, 2.12462592125, 2.55419492722, 2.9837641716, 3.41333317757, 3.84290242195, 4.27247142792, 4.71365070343, 5.14321994781, 5.58439922333, 6.01396799088, 6.43192720413, 6.86149644852, 7.2910656929, 7.73224496841, 8.15020370483, 8.59138298035, 9.02095222473, 9.45052146912, 9.8800907135, 10.3096599579, 10.7392292023, 11.1687984467, 11.6099767685, 12.0279359818, 12.4575052261],
