{
"metadata": {
    "version": {
        "essentia": "2.1-beta5",
        "essentia_git_sha": "Undefined",
        "extractor": "music 2.0"
    },
    "audio_properties": {
        "analysis": {
            "equal_loudness": 0,
            "length": 32.4963264465,
            "sample_rate": 44100,
            "start_time": 110.248344421,
            "downmix": "mix"
        },
        "bit_rate": 192000,
        "length": 176.610977173,
        "lossless": 0,
        "number_channels": 2,
        "replay_gain": -0.706430435181,
        "sample_rate": 44100,
        "codec": "mp3",
        "md5_encoded": "3dbe65deca9cf829e8f99c7df10e7220"
    },
    "tags": {
        "file_name": "BosniaHerzegovina_Hano_Nino.mp3",
        "encoding": ["Lavf58.29.100"]
    }
},
"lowlevel": {
    "average_loudness": 0.956508040428,
    "barkbands_crest": {
        "max": 24.7672348022,
        "mean": 9.94292926788,
        "min": 2.67235279083,
        "stdev": 4.53618812561
    },
    "barkbands_flatness_db": {
        "max": 0.311068326235,
        "mean": 0.134919300675,
        "min": 0.0436213538051,
        "stdev": 0.0464228913188
    },
    "barkbands_kurtosis": {
        "max": 69.9238204956,
        "mean": 4.28393507004,
        "min": -1.83094489574,
        "stdev": 7.79011487961
    },
    "barkbands_skewness": {
        "max": 7.52665281296,
        "mean": 1.69728863239,
        "min": -2.08236193657,
        "stdev": 1.30305671692
    },
    "barkbands_spread": {
        "max": 107.536895752,
        "mean": 32.3851013184,
        "min": 2.1203930378,
        "stdev": 19.1974372864
    },
    "dissonance": {
        "max": 0.499781876802,
        "mean": 0.463109403849,
        "min": 0.30644261837,
        "stdev": 0.0270695593208
    },
    "dynamic_complexity": 2.61499261856,
    "erbbands_crest": {
        "max": 26.5716724396,
        "mean": 7.81183624268,
        "min": 2.54657077789,
        "stdev": 3.81436824799
    },
    "erbbands_flatness_db": {
        "max": 0.281899571419,
        "mean": 0.139929234982,
        "min": 0.0555218048394,
        "stdev": 0.0345498509705
    },
    "erbbands_kurtosis": {
        "max": 13.1548919678,
        "mean": -0.252698302269,
        "min": -1.69957566261,
        "stdev": 1.49673461914
    },
    "erbbands_skewness": {
        "max": 3.30633568764,
        "mean": 0.274312436581,
        "min": -2.29624581337,
        "stdev": 0.777703225613
    },
    "erbbands_spread": {
        "max": 148.176071167,
        "mean": 58.2947387695,
        "min": 9.64261054993,
        "stdev": 19.4236087799
    },
    "hfc": {
        "max": 141.356994629,
        "mean": 28.0313835144,
        "min": 0.227595061064,
        "stdev": 24.761680603
    },
    "loudness_ebu128": {
        "integrated": -23.4543056488,
        "loudness_range": 3.75050926208,
        "momentary": {
            "max": -20.1434574127,
            "mean": -23.9179553986,
            "min": -30.6444187164,
            "stdev": 2.12434220314
        },
        "short_term": {
            "max": -21.4371051788,
            "mean": -23.7118263245,
            "min": -26.7213916779,
            "stdev": 1.33171534538
        }
    },
    "melbands_crest": {
        "max": 29.5859069824,
        "mean": 14.4815912247,
        "min": 2.5115301609,
        "stdev": 5.54972982407
    },
    "melbands_flatness_db": {
        "max": 0.396822422743,
        "mean": 0.16490380466,
        "min": 0.0193650200963,
        "stdev": 0.0617757216096
    },
    "melbands_kurtosis": {
        "max": 135.588226318,
        "mean": 18.7925739288,
        "min": -1.73122060299,
        "stdev": 20.879650116
    },
    "melbands_skewness": {
        "max": 10.904507637,
        "mean": 3.3286421299,
        "min": 0.00876427721232,
        "stdev": 1.7169547081
    },
    "melbands_spread": {
        "max": 204.749053955,
        "mean": 30.8331775665,
        "min": 1.53204655647,
        "stdev": 28.5462284088
    },
    "pitch_salience": {
        "max": 0.890759527683,
        "mean": 0.560376107693,
        "min": 0.15702418983,
        "stdev": 0.125301852822
    },
    "silence_rate_20dB": {
        "max": 1,
        "mean": 1,
        "min": 1,
        "stdev": 0
    },
    "silence_rate_30dB": {
        "max": 1,
        "mean": 1,
        "min": 1,
        "stdev": 0
    },
    "silence_rate_60dB": {
        "max": 1,
        "mean": 0.0556745193899,
        "min": 0,
        "stdev": 0.229289934039
    },
    "spectral_centroid": {
        "max": 4692.03515625,
        "mean": 1589.4432373,
        "min": 238.462554932,
        "stdev": 786.572937012
    },
    "spectral_complexity": {
        "max": 59,
        "mean": 17.1877231598,
        "min": 0,
        "stdev": 9.74828243256
    },
    "spectral_decrease": {
        "max": -6.29716140343e-11,
        "mean": -5.90463367089e-09,
        "min": -2.41388029565e-08,
        "stdev": 4.04216082828e-09
    },
    "spectral_energy": {
        "max": 0.0963018834591,
        "mean": 0.0248279944062,
        "min": 0.000258313026279,
        "stdev": 0.0164625011384
    },
    "spectral_energyband_high": {
        "max": 0.0182766057551,
        "mean": 0.00206638104282,
        "min": 1.21208549899e-05,
        "stdev": 0.00235250010155
    },
    "spectral_energyband_low": {
        "max": 0.0752121731639,
        "mean": 0.0062927082181,
        "min": 1.98221550818e-05,
        "stdev": 0.00877028331161
    },
    "spectral_energyband_middle_high": {
        "max": 0.029829505831,
        "mean": 0.00383120239712,
        "min": 3.97303920181e-05,
        "stdev": 0.00431228103116
    },
    "spectral_energyband_middle_low": {
        "max": 0.0779951661825,
        "mean": 0.0145178027451,
        "min": 0.000177301742951,
        "stdev": 0.0118902968243
    },
    "spectral_entropy": {
        "max": 8.66931152344,
        "mean": 7.82229757309,
        "min": 6.56614875793,
        "stdev": 0.360748082399
    },
    "spectral_flux": {
        "max": 0.256063848734,
        "mean": 0.0825963616371,
        "min": 0.0139338346198,
        "stdev": 0.0408450551331
    },
    "spectral_kurtosis": {
        "max": 13.9376506805,
        "mean": 1.64771068096,
        "min": -0.663881778717,
        "stdev": 1.28527927399
    },
    "spectral_rms": {
        "max": 0.00969293899834,
        "mean": 0.0046138772741,
        "min": 0.000502008653712,
        "stdev": 0.00171305635013
    },
    "spectral_rolloff": {
        "max": 13113.7207031,
        "mean": 2545.98901367,
        "min": 86.1328125,
        "stdev": 2673.49560547
    },
    "spectral_skewness": {
        "max": 2.54980063438,
        "mean": 1.06842625141,
        "min": 0.226392000914,
        "stdev": 0.305702328682
    },
    "spectral_spread": {
        "max": 22022924,
        "mean": 5861184.5,
        "min": 2804574,
        "stdev": 1748047
    },
    "spectral_strongpeak": {
        "max": 6.46034955978,
        "mean": 0.906509399414,
        "min": 0.00565449334681,
        "stdev": 0.953306496143
    },
    "zerocrossingrate": {
        "max": 0.41650390625,
        "mean": 0.0944449529052,
        "min": 0.0078125,
        "stdev": 0.0579859614372
    },
    "barkbands": {
        "max": [0.00143979524728, 0.0504412949085, 0.0439269803464, 0.0413200780749, 0.0404548719525, 0.0465377084911, 0.0665328204632, 0.038658477366, 0.040408257395, 0.0141577692702, 0.0121226003394, 0.0164306033403, 0.0120974034071, 0.0127602154389, 0.00329050747678, 0.00606426084414, 0.00679494813085, 0.00637521129102, 0.00538657186553, 0.0044246786274, 0.00265026581474, 0.00579585600644, 0.00575051410124, 0.00594595586881, 0.00327548757195, 0.00340878916904, 5.92850881276e-07],
        "mean": [5.75982739974e-05, 0.00267376401462, 0.00178003835026, 0.0033212734852, 0.00398088805377, 0.0014996934915, 0.00251893233508, 0.00145379954483, 0.00155859673396, 0.000743926968426, 0.000268098403467, 0.000471047940664, 0.000429785141023, 0.000346404733136, 0.000179833194125, 0.000265283684712, 0.000361919985153, 0.000240646186285, 0.000392486428609, 0.0003573615395, 0.000326573848724, 0.000372852082364, 0.000404197780881, 0.000392966030631, 0.000272049393971, 0.000157970745931, 2.70278754932e-09],
        "min": [5.26905186149e-09, 4.54733140032e-07, 1.46787954236e-06, 1.73293665284e-06, 3.6640099097e-06, 7.0490627877e-06, 1.23299378174e-05, 2.07221387427e-06, 1.43800264141e-06, 2.87723173642e-06, 1.14531371764e-06, 3.32678337145e-06, 1.40210045174e-06, 1.93962932826e-06, 2.59157353355e-08, 8.13847322867e-10, 3.2738853406e-08, 3.27686689161e-06, 1.01030786936e-06, 3.14367616738e-06, 2.61713876171e-06, 1.72695956735e-06, 9.45730050717e-07, 2.05570842127e-07, 4.09316802674e-10, 8.59589621705e-11, 9.81235231956e-11],
        "stdev": [0.000110336412035, 0.00533047132194, 0.00365725858137, 0.00562034966424, 0.00506222667173, 0.00316592375748, 0.0050730900839, 0.00339862960391, 0.00413216976449, 0.00136482727248, 0.000621109036729, 0.0011193647515, 0.000932318624109, 0.000831997778732, 0.000313245865982, 0.000562577333767, 0.000541091081686, 0.000412090361351, 0.000576500606257, 0.000492909632158, 0.000397895579226, 0.000455300731119, 0.000541753135622, 0.000645010150038, 0.000456577487057, 0.000375058618374, 2.48743923237e-08]
    },
    "erbbands": {
        "max": [0.829077601433, 13.9052963257, 49.7816619873, 102.189506531, 218.693832397, 141.979675293, 336.276367188, 397.608551025, 712.081115723, 734.058837891, 1002.29980469, 1277.13684082, 341.478881836, 625.455688477, 371.26739502, 549.626220703, 395.43649292, 699.238647461, 144.695327759, 190.184112549, 397.731628418, 338.228607178, 375.395690918, 154.58694458, 368.549346924, 235.108612061, 127.785484314, 130.224990845, 211.846832275, 167.85710144, 199.592102051, 217.975784302, 110.029594421, 31.8259162903, 41.5074234009, 25.257183075, 3.5630941391, 0.142967477441, 0.00344607466832, 0.000263682595687],
        "mean": [0.0535908602178, 0.687058448792, 1.91756510735, 7.57110500336, 13.8321247101, 12.3962306976, 8.9372625351, 12.8928489685, 36.3437232971, 24.068447113, 39.7453422546, 43.8148040771, 18.5053424835, 24.5946598053, 13.9093084335, 19.0407485962, 18.5648422241, 22.6688289642, 11.0726308823, 9.31826972961, 17.6415748596, 19.9061050415, 14.1704797745, 13.8335552216, 23.8371105194, 16.8264884949, 12.2781791687, 13.8391971588, 13.3237953186, 11.3147449493, 12.4458217621, 10.0806932449, 5.35318183899, 2.62917780876, 2.16361641884, 1.25860118866, 0.156916186213, 0.00562999164686, 0.000191689861822, 4.85526907141e-05],
        "min": [1.84530381375e-05, 0.000364613399142, 0.0041745188646, 0.0134556172416, 0.0416945666075, 0.0228077378124, 0.061779614538, 0.112018294632, 0.130223959684, 0.193530887365, 0.0339073427022, 0.0334066040814, 0.0467141009867, 0.160144865513, 0.118779756129, 0.172998964787, 0.0739374086261, 0.159852519631, 0.0739512071013, 0.00524498755112, 0.00216719764285, 0.075999468565, 0.27308088541, 0.0369947254658, 0.0942934527993, 0.162901341915, 0.0468596555293, 0.116291545331, 0.0757199749351, 0.0368664711714, 0.0283393040299, 0.00378009839915, 0.00278589152731, 0.000154515859322, 1.87010246009e-05, 6.93169477017e-06, 2.84819248009e-06, 6.71167526889e-07, 9.094396205e-07, 1.18552202366e-06],
        "stdev": [0.102981314063, 1.39776420593, 3.88138389587, 11.3345136642, 18.8698215485, 17.8660316467, 19.5413513184, 25.1142559052, 70.9632415771, 48.1603469849, 88.8258361816, 122.776184082, 32.4639015198, 52.8045463562, 29.2355232239, 37.8694572449, 35.3824424744, 52.7537155151, 18.4090480804, 17.9797267914, 34.4257926941, 30.0533599854, 23.5670967102, 18.0193347931, 37.3347129822, 22.0833816528, 16.6467456818, 15.8204717636, 16.41040802, 15.7676048279, 16.7390232086, 17.3822307587, 9.35472106934, 4.38353061676, 4.3173584938, 2.88455080986, 0.391430526972, 0.0155090363696, 0.000410464854212, 4.35370529885e-05]
    },
    "gfcc": {
        "mean": [13.0119476318, 74.8595275879, -118.06350708, 50.3952102661, -84.2961578369, 18.9997081757, -45.0483818054, 7.37686872482, -25.5709095001, -3.85145378113, -13.1503629684, -9.06296730042, -14.4850625992],
        "cov": [[2985.77563477, -1074.21130371, 306.303009033, -366.117218018, -153.929840088, 194.481155396, -121.130905151, 402.69732666, -228.761367798, 287.161315918, -310.022491455, 222.569961548, -181.732055664], [-1074.21130371, 1587.46569824, -529.010437012, 361.963439941, 79.9855041504, -154.657775879, 177.536956787, -338.966217041, 359.849060059, -423.43951416, 369.074737549, -322.860778809, 222.456497192], [306.303009033, -529.010437012, 711.773010254, -65.4020996094, 114.800231934, 100.180885315, -52.8246612549, 171.641647339, -163.187271118, 238.835784912, -153.569534302, 182.905990601, -103.663818359], [-366.117218018, 361.963439941, -65.4020996094, 496.98135376, 136.920974731, 27.5746879578, 63.8531150818, -106.100479126, 184.153182983, -112.585746765, 178.289581299, -84.8398895264, 114.314476013], [-153.929840088, 79.9855041504, 114.800231934, 136.920974731, 286.262756348, 49.7757873535, 21.8275127411, 25.6607227325, 76.8686141968, 62.5297698975, 2.90031147003, 26.822309494, 6.53101444244], [194.481155396, -154.657775879, 100.180885315, 27.5746879578, 49.7757873535, 227.075439453, 74.1142959595, 84.1222305298, 8.3192024231, 77.2972869873, -8.57191181183, 7.95948934555, -1.88933956623], [-121.130905151, 177.536956787, -52.8246612549, 63.8531150818, 21.8275127411, 74.1142959595, 219.0287323, 25.2876224518, 81.5945053101, -1.20821249485, 74.9176559448, -12.3598814011, 16.4238090515], [402.69732666, -338.966217041, 171.641647339, -106.100479126, 25.6607227325, 84.1222305298, 25.2876224518, 222.392547607, -55.3088569641, 160.733688354, -83.4191665649, 103.194351196, -47.0695610046], [-228.761367798, 359.849060059, -163.187271118, 184.153182983, 76.8686141968, 8.3192024231, 81.5945053101, -55.3088569641, 224.581161499, -65.0850753784, 133.873855591, -79.9327316284, 74.7720031738], [287.161315918, -423.43951416, 238.835784912, -112.585746765, 62.5297698975, 77.2972869873, -1.20821249485, 160.733688354, -65.0850753784, 266.921081543, -97.4778366089, 132.552322388, -75.7967147827], [-310.022491455, 369.074737549, -153.569534302, 178.289581299, 2.90031147003, -8.57191181183, 74.9176559448, -83.4191665649, 133.873855591, -97.4778366089, 190.511413574, -71.9823074341, 87.7127761841], [222.569961548, -322.860778809, 182.905990601, -84.8398895264, 26.822309494, 7.95948934555, -12.3598814011, 103.194351196, -79.9327316284, 132.552322388, -71.9823074341, 169.341522217, -45.9972190857], [-181.732055664, 222.456497192, -103.663818359, 114.314476013, 6.53101444244, -1.88933956623, 16.4238090515, -47.0695610046, 74.7720031738, -75.7967147827, 87.7127761841, -45.9972190857, 105.796539307]],
        "icov": [[0.00056990730809, 1.80107908818e-05, 0.000107125713839, -0.000100502264104, 0.000487748038722, -0.000498284876812, 0.000487927580252, -0.000865347567014, -0.000338236597599, 0.000263043126324, 0.000444527046056, -0.000401800876716, 0.000539163826033], [1.80107908818e-05, 0.00318611646071, -0.000348619534634, 0.0012009103084, -0.00196452834643, 0.00205951184034, -0.00208688830025, 0.000997802242637, -0.00100867717993, 0.00197419524193, -0.00245395954698, 0.00288458354771, -0.00196578120813], [0.000107125713839, -0.000348619534634, 0.00293267378584, -0.000985969789326, -0.000473547319416, -0.00100994121749, 0.000793813960627, -0.000650424975902, 0.00171830912586, -0.00112762930803, 0.000497479632031, -0.00162876897957, 0.00131166307256], [-0.000100502264104, 0.0012009103084, -0.000985969789326, 0.00494862673804, -0.00244484352879, 0.000273731275229, -0.000697867188137, 0.00140769290738, -0.00161134428345, 0.00168426940218, -0.00339661771432, 0.00125301862136, -0.002414167393], [0.000487748038722, -0.00196452834643, -0.000473547319416, -0.00244484352879, 0.00731737213209, -0.00206044618972, 0.00179285136983, -0.000856520084199, -0.00267217331566, -0.00202253693715, 0.004165452905, -0.00295520271175, 0.00169964099769], [-0.000498284876812, 0.00205951184034, -0.00100994121749, 0.000273731275229, -0.00206044618972, 0.00860258191824, -0.00411427021027, -0.000499867717735, 0.000479360925965, -0.000733889173716, -0.00130722764879, 0.00507069891319, -0.00335085694678], [0.000487927580252, -0.00208688830025, 0.000793813960627, -0.000697867188137, 0.00179285136983, -0.00411427021027, 0.0088721299544, -0.00284855184145, -0.00135833397508, -0.00019379684818, -0.00121306604706, -0.00337437423877, 0.00428907386959], [-0.000865347567014, 0.000997802242637, -0.000650424975902, 0.00140769290738, -0.000856520084199, -0.000499867717735, -0.00284855184145, 0.0116774756461, -0.000687579682563, -0.00324424682185, 0.000923287530895, -0.000945568899624, -0.00307624554262], [-0.000338236597599, -0.00100867717993, 0.00171830912586, -0.00161134428345, -0.00267217331566, 0.000479360925965, -0.00135833397508, -0.000687579682563, 0.0123858386651, -0.00250050099567, -0.0039375028573, 0.00238227145746, -0.0012018266134], [0.000263043126324, 0.00197419524193, -0.00112762930803, 0.00168426940218, -0.00202253693715, -0.000733889173716, -0.00019379684818, -0.00324424682185, -0.00250050099567, 0.0117455143481, -0.0015499665169, -0.00257769483142, 0.00242091389373], [0.000444527046056, -0.00245395954698, 0.000497479632031, -0.00339661771432, 0.004165452905, -0.00130722764879, -0.00121306604706, 0.000923287530895, -0.0039375028573, -0.0015499665169, 0.0177304092795, -0.00291848927736, -0.00389661476947], [-0.000401800876716, 0.00288458354771, -0.00162876897957, 0.00125301862136, -0.00295520271175, 0.00507069891319, -0.00337437423877, -0.000945568899624, 0.00238227145746, -0.00257769483142, -0.00291848927736, 0.0158128850162, -0.00356509000994], [0.000539163826033, -0.00196578120813, 0.00131166307256, -0.002414167393, 0.00169964099769, -0.00335085694678, 0.00428907386959, -0.00307624554262, -0.0012018266134, 0.00242091389373, -0.00389661476947, -0.00356509000994, 0.020470591262]]
    },
    "melbands": {
        "max": [0.00992740318179, 0.0205410160124, 0.0148086119443, 0.0108377141878, 0.00890160817653, 0.00921065546572, 0.0113962534815, 0.00659438828006, 0.00738580012694, 0.00779766822234, 0.00170634570532, 0.00256523163989, 0.00118101399858, 0.00226509803906, 0.00058493798133, 0.00138047104701, 0.00152729067486, 0.000344073458109, 0.000237555010244, 0.000284391280729, 0.000540415232535, 0.000413581175962, 0.000390645232983, 0.000218104454689, 0.000135565089295, 0.000268420175416, 0.000253043515841, 0.000136711489176, 0.000102234254882, 7.64876895119e-05, 8.59641440911e-05, 0.000140325064422, 0.000102329628135, 9.23013358261e-05, 0.000125033868244, 8.08315962786e-05, 0.000126152677694, 9.30859459913e-05, 5.43775749975e-05, 2.49125168921e-05],
        "mean": [0.00064077595016, 0.0010426210938, 0.00145995884668, 0.00101949542295, 0.000321340630762, 0.000296666461509, 0.000560423766728, 0.000251204968663, 0.000332686438924, 0.000247260468313, 8.19705455797e-05, 0.000101841425931, 3.90773020627e-05, 6.16099423496e-05, 3.32456475007e-05, 4.65040975541e-05, 4.05584214604e-05, 1.6988347852e-05, 1.23517720567e-05, 1.36418020702e-05, 2.23949773499e-05, 2.2478217943e-05, 1.42173030326e-05, 1.15888888104e-05, 1.0425608707e-05, 1.65183246281e-05, 1.7058731828e-05, 9.58234431891e-06, 7.64554351917e-06, 7.22206414139e-06, 8.17991985969e-06, 8.08898494142e-06, 6.44376086711e-06, 5.9944250097e-06, 7.36464744477e-06, 6.7012879299e-06, 5.72833778278e-06, 3.7809998048e-06, 2.97174528896e-06, 1.88170099591e-06],
        "min": [1.33896492116e-07, 3.26639428749e-06, 3.31166961587e-06, 3.24739266944e-06, 1.82112353286e-06, 2.34786966757e-06, 2.0243335257e-06, 1.63431082001e-06, 1.86694379067e-07, 2.23362732754e-07, 2.24813959449e-07, 6.34742946204e-07, 3.94167983586e-07, 3.90194969668e-07, 2.01023865998e-07, 2.02602222998e-07, 1.46390419786e-07, 1.08525007647e-07, 1.46435374937e-09, 1.89503260306e-10, 4.22171637926e-11, 8.45061187693e-10, 1.96756658966e-07, 4.66105696262e-08, 1.92180333869e-08, 5.18314529074e-08, 1.27438127606e-07, 9.1308962169e-08, 1.89802005224e-08, 4.06731750502e-08, 4.69874592568e-08, 4.08911837724e-08, 2.53389629279e-08, 1.8515942557e-08, 1.74309455758e-08, 7.1376615729e-09, 3.15890952285e-10, 2.7862689933e-10, 7.95107903129e-12, 4.39380031924e-13],
        "stdev": [0.00123674154747, 0.00184192345478, 0.00195423653349, 0.00127832056023, 0.000595678517129, 0.00059039646294, 0.00110084970947, 0.000491350016091, 0.00069946446456, 0.000717512855772, 0.000156600086484, 0.000222736533033, 7.93159633758e-05, 0.000152928740135, 5.22424234077e-05, 0.000109531807539, 9.97558308882e-05, 3.01946183754e-05, 2.2462423658e-05, 2.82666987914e-05, 4.41593474534e-05, 3.56264390575e-05, 2.65785001829e-05, 1.81658815563e-05, 1.46643715198e-05, 2.52475711022e-05, 2.87147777271e-05, 1.32882678372e-05, 1.16711653391e-05, 9.65280560195e-06, 9.57318934525e-06, 1.05259641714e-05, 9.17459146876e-06, 8.93426749826e-06, 1.0541739357e-05, 9.62441390584e-06, 1.06992329165e-05, 7.1100535024e-06, 5.24622510056e-06, 3.41226473211e-06]
    },
    "melbands128": {
        "max": [0.0011004214175, 0.0052960831672, 0.0152073912323, 0.0280139446259, 0.0283884201199, 0.0184387564659, 0.0261398181319, 0.026819197461, 0.0285170525312, 0.0196004044265, 0.00998616497964, 0.00908880494535, 0.0117735313252, 0.020826568827, 0.0063609816134, 0.0213850401342, 0.0119854733348, 0.0213186405599, 0.0250015817583, 0.0108533138409, 0.00642058439553, 0.0151988957077, 0.0129447355866, 0.00884067919105, 0.0158694684505, 0.00742973573506, 0.00385914649814, 0.00314918695949, 0.00449339998886, 0.00375627842732, 0.00416766386479, 0.00236792420037, 0.00121544080321, 0.00250163953751, 0.00520365312696, 0.00383981643245, 0.00215824297629, 0.000722133147065, 0.00116805022117, 0.0014083130518, 0.00206320849247, 0.00349908182397, 0.00241883518174, 0.00195587077178, 0.000744646589737, 0.000518117158208, 0.00066309410613, 0.00041812719428, 0.000271245109616, 0.000638441706542, 0.000393028749386, 0.000731363601517, 0.00117640919052, 0.000476869492559, 0.000652031041682, 0.000647143810056, 0.000476575165521, 0.000399512646254, 0.000850300129969, 0.000468273123261, 0.000354871095624, 0.000277948216535, 0.000181325944141, 0.000157611648319, 0.000289838819299, 0.000356952950824, 0.000666992680635, 0.000743976328522, 0.000503453542478, 0.000530311663169, 0.00019581450033, 0.000211287289858, 0.000161995718372, 0.000195683373022, 0.000148872321006, 0.00011489039025, 0.000121963974379, 0.00011652748799, 8.4414590674e-05, 0.000114752299851, 0.000177059089765, 0.000161342817592, 0.000103950260382, 0.000131239619805, 0.000197410758119, 0.000141826632898, 0.000126813276438, 0.000151317115524, 0.000150928171934, 0.00020890844462, 0.000139263225719, 9.70492255874e-05, 0.000374817609554, 0.00012384292495, 9.30833484745e-05, 7.19560994185e-05, 0.000160158859217, 8.86086272658e-05, 7.30923420633e-05, 6.01289139013e-05, 3.91513785871e-05, 3.61305355909e-05, 2.8331825888e-05, 4.36598456872e-05, 6.93342226441e-05, 5.80222294957e-05, 7.6917327533e-05, 8.0951002019e-05, 0.00011783435184, 4.4361964683e-05, 3.82087564503e-05, 1.02305348264e-05, 1.65864385053e-05, 7.673640539e-06, 3.48453590959e-06, 1.26116833599e-06, 3.01753111387e-08, 1.93729920994e-09, 1.89019000452e-09, 1.85140847098e-09, 1.80267889505e-09, 1.76558434539e-09, 1.73404413051e-09, 1.70347547179e-09, 1.68484093344e-09, 1.66683544744e-09, 1.65263869256e-09, 1.63916691331e-09],
        "mean": [4.7356577852e-05, 0.000278447172605, 0.000970603548922, 0.00118754606228, 0.000909797556233, 0.000932776893023, 0.0015814860817, 0.00158496201038, 0.00136545370333, 0.00127856596373, 0.000589238479733, 0.000257538136793, 0.000287577568088, 0.000334105046932, 0.000242755122599, 0.000301250402117, 0.000431629130617, 0.000807208882179, 0.000468313955935, 0.000187773155631, 0.000146644946653, 0.000338900834322, 0.000389031338273, 0.000253073289059, 0.000420708267484, 0.000145453057485, 8.4208077169e-05, 8.47716510179e-05, 5.96407699049e-05, 0.000140893025673, 0.000113321235403, 3.35446457029e-05, 3.11408439302e-05, 3.83128863177e-05, 6.60109581077e-05, 7.6345022535e-05, 4.57466558146e-05, 1.40543024827e-05, 4.29241081292e-05, 4.00266544602e-05, 4.13562302128e-05, 6.75638293615e-05, 4.30540130765e-05, 3.07739210257e-05, 1.34230722324e-05, 1.46507054524e-05, 2.17358719965e-05, 9.86433497019e-06, 8.66926802701e-06, 1.49123898154e-05, 1.13823307402e-05, 1.46463326018e-05, 2.61536042672e-05, 2.03105955734e-05, 2.68024323304e-05, 2.61044224317e-05, 1.49291845446e-05, 1.65313012985e-05, 1.33259554786e-05, 1.11937133624e-05, 1.36424387165e-05, 9.18857222132e-06, 9.40441350394e-06, 1.0093277524e-05, 1.35198015414e-05, 1.52808279381e-05, 2.07351295103e-05, 1.77354013431e-05, 1.84630371223e-05, 1.24346352095e-05, 9.80896857072e-06, 7.80132540967e-06, 6.72948090141e-06, 9.04529497348e-06, 6.28017460258e-06, 7.08010020389e-06, 7.28995655663e-06, 8.56612587086e-06, 8.14373288449e-06, 8.22288075142e-06, 9.17595662031e-06, 7.19485160516e-06, 6.36214053884e-06, 6.44339297651e-06, 6.95212838764e-06, 5.72647059016e-06, 5.81239328312e-06, 5.98586757405e-06, 8.23212667456e-06, 7.70756105339e-06, 6.3800348471e-06, 5.88637021792e-06, 8.23426398711e-06, 5.90664330957e-06, 4.49096296506e-06, 3.43568126482e-06, 3.98985321226e-06, 3.69407302969e-06, 2.94829214909e-06, 2.77031085716e-06, 2.02963815354e-06, 1.80129097771e-06, 1.55026168613e-06, 1.87985415323e-06, 2.67156156042e-06, 2.67399536824e-06, 3.08287781081e-06, 2.90858179142e-06, 2.98763302453e-06, 1.10234771e-06, 8.06225045835e-07, 5.33072068265e-07, 4.89800925152e-07, 1.39147601885e-07, 4.99165331291e-08, 8.98074414835e-09, 1.25524937666e-10, 7.888451177e-12, 7.43679597071e-12, 7.18857308749e-12, 6.98280235717e-12, 6.82166432717e-12, 6.64453127935e-12, 6.48553519916e-12, 6.41599880863e-12, 6.35761452164e-12, 6.30131537227e-12, 6.24072061389e-12],
        "min": [2.7366011679e-09, 1.31992496932e-08, 7.65588126228e-09, 4.07302849226e-08, 2.93042479171e-08, 4.96456323162e-07, 1.91495337276e-06, 1.16212129342e-06, 9.45684973885e-07, 2.89503475415e-07, 2.04888749522e-07, 1.29962870687e-07, 6.38410313059e-07, 1.95247508827e-07, 6.05225750405e-07, 2.52872581541e-07, 1.19705555335e-06, 1.10997916636e-06, 9.37690344927e-07, 5.62876039112e-07, 3.40170487334e-07, 2.93319772027e-07, 1.03228657622e-07, 9.02136179093e-08, 2.01170422542e-07, 8.99033949509e-08, 5.91677924433e-08, 4.18458654394e-08, 1.11619200993e-07, 2.28399784419e-07, 2.28774709399e-07, 1.25905387449e-07, 6.74806983625e-08, 2.60284807041e-08, 6.13882420453e-08, 1.72316376279e-07, 6.14984685399e-08, 6.28845953088e-08, 6.27919831686e-08, 1.39845752756e-07, 7.56821094683e-08, 9.67606084146e-09, 2.72015707736e-08, 5.82129366933e-08, 1.38818254669e-08, 4.46754242489e-08, 1.61924573749e-09, 4.47008680071e-10, 9.85046558211e-11, 1.80379738923e-11, 7.14074147035e-11, 4.98872471111e-11, 3.24426700782e-11, 1.68102823328e-11, 3.37106800807e-11, 2.5894894562e-10, 1.18602228039e-09, 1.77163812509e-08, 3.50225342061e-08, 4.15229948203e-08, 3.33990826107e-08, 1.85611099823e-08, 1.50485508499e-08, 2.00772500847e-08, 2.36901644968e-08, 6.44045670128e-08, 6.93345896252e-08, 1.81220478623e-08, 1.04040253746e-07, 1.62044614171e-07, 7.02419242771e-08, 1.94974951739e-08, 1.14316938138e-08, 1.43190637125e-09, 3.34409548941e-08, 1.88342283991e-08, 4.08729725621e-08, 3.43121584478e-08, 1.82600743415e-08, 1.5700857503e-08, 1.97127683066e-08, 1.29591057885e-08, 1.20951479943e-08, 6.21405193968e-09, 1.52908157247e-08, 1.78478831714e-09, 1.14487294645e-10, 1.28642207997e-08, 1.53759494026e-08, 1.35007844904e-08, 9.03147512332e-09, 4.59344073889e-09, 5.41069411497e-11, 1.86363043053e-11, 1.3783558496e-11, 1.19228724116e-11, 1.21959751326e-11, 1.49136154814e-11, 1.39852788638e-12, 7.55114666542e-13, 5.44948526408e-13, 3.08767171987e-13, 4.52110760938e-13, 5.65039985287e-13, 5.32824923506e-13, 5.75826983751e-13, 5.50142722176e-13, 5.80404647954e-13, 4.6270436484e-13, 3.69112780705e-13, 3.10712230684e-13, 2.3544187433e-13, 4.05364137439e-13, 2.91617397548e-13, 3.15398206684e-13, 3.61547705836e-13, 3.22265651664e-13, 2.37561814838e-13, 2.70306482275e-13, 3.72504815622e-13, 3.07564493622e-13, 2.70129486271e-13, 2.59565860559e-13, 2.73518512527e-13, 2.98514441248e-13, 3.32139562164e-13, 2.98125998714e-13, 3.30488430676e-13],
        "stdev": [9.56941585173e-05, 0.000606270914432, 0.0019740043208, 0.00259275292046, 0.00222637597471, 0.00181583047379, 0.00256309984252, 0.00295692798682, 0.00235832016915, 0.00202345335856, 0.001079336158, 0.000685189676005, 0.000767817313317, 0.00106461602263, 0.000553508463781, 0.00100798509084, 0.0010216528317, 0.00187939347234, 0.00122940260917, 0.000619192607701, 0.000432638888014, 0.00104703276884, 0.00105704367161, 0.000709706568159, 0.00146398856305, 0.000545567716472, 0.000249733799137, 0.000218956498429, 0.000188072182937, 0.000346668850398, 0.000315431097988, 0.000100137323898, 7.86192467785e-05, 0.000134161717142, 0.000270315416856, 0.000208007739275, 0.000110826789751, 4.0125745727e-05, 8.73975441209e-05, 0.000108423642814, 0.000153556538862, 0.000221557624172, 0.000125579550513, 0.000125395788928, 3.61476159014e-05, 3.14958815579e-05, 5.24123679497e-05, 2.51055244007e-05, 2.18469795072e-05, 4.56523121102e-05, 2.85100522888e-05, 4.13297166233e-05, 8.14820668893e-05, 3.95757888327e-05, 5.16736981808e-05, 5.45997281733e-05, 3.02690532408e-05, 3.30632756231e-05, 4.15464564867e-05, 2.5379444196e-05, 2.39085838984e-05, 1.90399496205e-05, 1.63220320246e-05, 1.56724217959e-05, 2.5896993975e-05, 2.62273752014e-05, 4.46722187917e-05, 4.25136749982e-05, 4.10446191381e-05, 2.50428529398e-05, 1.58417769853e-05, 1.36772059705e-05, 1.313363191e-05, 1.6301890355e-05, 9.33501723921e-06, 1.1466034266e-05, 1.13221949505e-05, 1.19432979773e-05, 1.08585281851e-05, 1.12788375191e-05, 1.31981360028e-05, 1.08411977635e-05, 9.94023139356e-06, 1.06466823127e-05, 1.21658658827e-05, 9.30594524107e-06, 1.01057330539e-05, 1.10841510832e-05, 1.37303677548e-05, 1.21293724078e-05, 1.0319870853e-05, 9.01113526197e-06, 2.19212179218e-05, 1.13540318125e-05, 8.89289276529e-06, 6.68446818963e-06, 9.39430901781e-06, 7.78425237513e-06, 5.93217055211e-06, 5.28940563527e-06, 4.06485423809e-06, 3.71566102331e-06, 3.08859853249e-06, 3.58773127118e-06, 6.55108669889e-06, 6.02235286351e-06, 7.78125649958e-06, 7.20912521501e-06, 9.6447283795e-06, 3.5621508232e-06, 2.73867613032e-06, 1.38641235026e-06, 1.53230018896e-06, 5.2186544508e-07, 2.7253679491e-07, 6.15876345478e-08, 1.46168011028e-09, 7.43853381668e-11, 7.20113829678e-11, 7.02314040257e-11, 6.82937456586e-11, 6.68324909303e-11, 6.55585238873e-11, 6.43908537601e-11, 6.36624156169e-11, 6.29597693425e-11, 6.2415655977e-11, 6.19151604986e-11]
    },
    "mfcc": {
        "mean": [-621.141662598, 90.2375946045, 17.8998184204, 24.2283744812, -5.97412776947, 4.23542070389, -6.08690547943, 4.32354450226, -9.81664180756, 2.31618666649, -2.68108844757, 4.29330396652, -5.01919031143],
        "cov": [[2715.19311523, -597.839904785, 68.9818344116, -348.95223999, -51.1628341675, -173.431854248, 27.4837417603, 33.7883300781, 129.732681274, 7.79859018326, 82.6280975342, -52.6412239075, 54.5172386169], [-597.839904785, 876.323913574, -212.459777832, 155.760162354, -41.5592384338, 50.1070098877, -85.5476455688, 67.4143676758, -100.367912292, 64.2682723999, -76.6379547119, 19.1808776855, -46.6712608337], [68.9818344116, -212.459777832, 422.285614014, -19.250164032, 58.2942352295, 1.2392141819, 102.65927124, -26.181476593, 39.0177268982, -60.1799201965, 49.3627967834, 6.87199544907, 13.1544141769], [-348.95223999, 155.760162354, -19.250164032, 363.678283691, 106.64377594, 87.9200973511, -38.4116973877, 39.4941444397, -28.5215854645, 18.2964267731, -30.4302654266, 46.2659950256, 17.3603229523], [-51.1628341675, -41.5592384338, 58.2942352295, 106.64377594, 311.874969482, 54.0375099182, 3.11618995667, -29.6908283234, 63.5304298401, -0.775833487511, 11.7576160431, 7.53800582886, 26.6569862366], [-173.431854248, 50.1070098877, 1.2392141819, 87.9200973511, 54.0375099182, 194.799575806, 27.9204387665, 38.3438796997, 14.6887903214, 56.9272499084, 17.7412281036, 46.474697113, -1.47411477566], [27.4837417603, -85.5476455688, 102.65927124, -38.4116973877, 3.11618995667, 27.9204387665, 158.089492798, 20.986989975, 53.7611427307, -0.708258330822, 59.922668457, 19.4682121277, 22.6755313873], [33.7883300781, 67.4143676758, -26.181476593, 39.4941444397, -29.6908283234, 38.3438796997, 20.986989975, 124.471603394, 11.4167194366, 31.2981758118, 0.570706188679, 27.6768436432, 5.25222444534], [129.732681274, -100.367912292, 39.0177268982, -28.5215854645, 63.5304298401, 14.6887903214, 53.7611427307, 11.4167194366, 133.723739624, 27.7798633575, 55.1045608521, 21.8850440979, 38.4612236023], [7.79859018326, 64.2682723999, -60.1799201965, 18.2964267731, -0.775833487511, 56.9272499084, -0.708258330822, 31.2981758118, 27.7798633575, 128.069900513, 27.149564743, 32.4214935303, 9.97727012634], [82.6280975342, -76.6379547119, 49.3627967834, -30.4302654266, 11.7576160431, 17.7412281036, 59.922668457, 0.570706188679, 55.1045608521, 27.149564743, 112.406898499, 35.6068572998, 34.7914619446], [-52.6412239075, 19.1808776855, 6.87199544907, 46.2659950256, 7.53800582886, 46.474697113, 19.4682121277, 27.6768436432, 21.8850440979, 32.4214935303, 35.6068572998, 93.1385650635, 24.5640544891], [54.5172386169, -46.6712608337, 13.1544141769, 17.3603229523, 26.6569862366, -1.47411477566, 22.6755313873, 5.25222444534, 38.4612236023, 9.97727012634, 34.7914619446, 24.5640544891, 87.2370071411]],
        "icov": [[0.000531755737029, 0.000318748352583, -9.43294617173e-06, 0.000369237473933, -7.36517904443e-05, 0.000363139144611, 0.000295870326227, -0.000580520660151, -0.000141896030982, -0.000243119735387, -0.000165238729096, 0.00020817577024, -0.000149505227455], [0.000318748352583, 0.00179089978337, 0.000527017575223, -0.000251650431892, -5.61940687476e-05, 0.000275524478639, 0.000154719076818, -0.000852244033013, 0.000774393382017, -0.000773093488533, 0.000292299635476, -0.000154230379849, 0.000436312431702], [-9.43294617173e-06, 0.000527017575223, 0.00342087936588, -0.000246497744229, -0.000470802158816, -1.36124899655e-05, -0.00188430771232, 0.000413838162785, 0.000168045415194, 0.00141675176565, -0.000626950641163, -0.000365083105862, 0.000546288385522], [0.000369237473933, -0.000251650431892, -0.000246497744229, 0.00463978759944, -0.00164966948796, -0.000976050272584, 0.00108242710121, -0.00153056730051, 0.00137799070217, 0.000133255307446, 0.000915269716643, -0.00149627320934, -0.00151962356176], [-7.36517904443e-05, -5.61940687476e-05, -0.000470802158816, -0.00164966948796, 0.00486701400951, -0.00131091440562, 0.000644029583782, 0.00187760568224, -0.00304191722535, 0.000604020140599, 0.00033297893242, 0.000897747580893, -0.000488105579279], [0.000363139144611, 0.000275524478639, -1.36124899655e-05, -0.000976050272584, -0.00131091440562, 0.00803334265947, -0.00153039034922, -0.00138946936931, 0.000611755996943, -0.00299858418293, -0.000136305185151, -0.00206968118437, 0.00184489914682], [0.000295870326227, 0.000154719076818, -0.00188430771232, 0.00108242710121, 0.000644029583782, -0.00153039034922, 0.0105821425095, -0.00226601073518, -0.00225539482199, 0.00133320235182, -0.0036073946394, 0.000551076373085, -0.000744844437577], [-0.000580520660151, -0.000852244033013, 0.000413838162785, -0.00153056730051, 0.00187760568224, -0.00138946936931, -0.00226601073518, 0.01125246007, -0.00167197990231, -0.00086054939311, 0.00203086459078, -0.00183720060159, 6.2829012677e-06], [-0.000141896030982, 0.000774393382017, 0.000168045415194, 0.00137799070217, -0.00304191722535, 0.000611755996943, -0.00225539482199, -0.00167197990231, 0.0132550746202, -0.00235528382473, -0.00256883190013, -0.000672638940159, -0.00253048702143], [-0.000243119735387, -0.000773093488533, 0.00141675176565, 0.000133255307446, 0.000604020140599, -0.00299858418293, 0.00133320235182, -0.00086054939311, -0.00235528382473, 0.011787946336, -0.00251491228119, -0.00132188631687, 3.36339580826e-05], [-0.000165238729096, 0.000292299635476, -0.000626950641163, 0.000915269716643, 0.00033297893242, -0.000136305185151, -0.0036073946394, 0.00203086459078, -0.00256883190013, -0.00251491228119, 0.015682792291, -0.00415327260271, -0.00278149847873], [0.00020817577024, -0.000154230379849, -0.000365083105862, -0.00149627320934, 0.000897747580893, -0.00206968118437, 0.000551076373085, -0.00183720060159, -0.000672638940159, -0.00132188631687, -0.00415327260271, 0.0159347634763, -0.00258448137902], [-0.000149505227455, 0.000436312431702, 0.000546288385522, -0.00151962356176, -0.000488105579279, 0.00184489914682, -0.000744844437577, 6.2829012677e-06, -0.00253048702143, 3.36339580826e-05, -0.00278149847873, -0.00258448137902, 0.0153323058039]]
    },
    "spectral_contrast_coeffs": {
        "max": [-0.381445139647, -0.467116177082, -0.533943355083, -0.536531090736, -0.620125889778, -0.485018074512],
        "mean": [-0.656754314899, -0.729006230831, -0.772908985615, -0.798040747643, -0.786969423294, -0.725706875324],
        "min": [-0.932676196098, -0.921115159988, -0.92195636034, -0.897003948689, -0.886080622673, -0.859360158443],
        "stdev": [0.0889920070767, 0.0824856981635, 0.0642498210073, 0.0512409694493, 0.0411385893822, 0.0527478940785]
    },
    "spectral_contrast_valleys": {
        "max": [-5.24729061127, -4.80901622772, -5.48889303207, -5.61097717285, -5.80635690689, -7.80282974243],
        "mean": [-6.93971157074, -6.67531013489, -7.52791547775, -7.73595380783, -7.31437444687, -9.84454631805],
        "min": [-9.40297222137, -8.4708776474, -8.96617126465, -12.4560813904, -9.80780601501, -14.3727836609],
        "stdev": [0.633213996887, 0.528364062309, 0.561905324459, 0.606116890907, 0.523057639599, 1.13684511185]
    }
},
"rhythm": {
    "beats_count": 46,
    "beats_loudness": {
        "max": 0.074582837522,
        "mean": 0.0364111214876,
        "min": 0.0045840870589,
        "stdev": 0.0142439994961
    },
    "bpm": 86.7869110107,
    "bpm_histogram_first_peak_bpm": 88,
    "bpm_histogram_first_peak_weight": 0.45454543829,
    "bpm_histogram_second_peak_bpm": 83,
    "bpm_histogram_second_peak_spread": 0,
    "bpm_histogram_second_peak_weight": 0.0222222227603,
    "danceability": 1.17389810085,
    "onset_rate": 4.36816358566,
    "beats_loudness_band_ratio": {
        "max": [0.966659426689, 0.614466071129, 0.723275601864, 0.438554495573, 0.107431009412, 0.688397169113],
        "mean": [0.416179686785, 0.132848605514, 0.245932012796, 0.083383873105, 0.0341476090252, 0.142120480537],
        "min": [0.00714747142047, 0.00616442039609, 0.00839816592634, 0.00288174976595, 0.0028513087891, 0.00288030784577],
        "stdev": [0.298924446106, 0.118092440069, 0.201956823468, 0.0852578654885, 0.0287862867117, 0.144854083657]
    },
    "beats_position": [0.719818592072, 1.42802715302, 2.14784574509, 2.85605430603, 3.55265307426, 4.2492518425, 4.94585037231, 5.630838871, 6.31582736969, 7.00081634521, 7.6858048439, 8.38240337372, 9.07900238037, 9.76399040222, 10.4489793777, 11.1455783844, 11.8421764374, 12.5271654129, 13.2121543884, 13.8971424103, 14.5821313858, 15.2787294388, 15.9753284454, 16.6719264984, 17.3569164276, 18.0419044495, 18.7268924713, 19.4118824005, 20.1084804535, 20.8050785065, 21.4900684357, 22.1750564575, 22.8600444794, 23.5566444397, 24.2416324615, 24.9382305145, 25.6232185364, 26.3082084656, 27.0048065186, 27.7014045715, 28.3863945007, 29.0713825226, 29.7679805756, 30.4529705048, 31.1379585266, 31.8345565796],
