{
"metadata": {
    "version": {
        "essentia": "2.1-beta5",
        "essentia_git_sha": "Undefined",
        "extractor": "music 2.0"
    },
    "audio_properties": {
        "analysis": {
            "equal_loudness": 0,
            "length": 32.4963264465,
            "sample_rate": 44100,
            "start_time": 0,
            "downmix": "mix"
        },
        "bit_rate": 192000,
        "length": 228.170898438,
        "lossless": 0,
        "number_channels": 1,
        "replay_gain": 6.92116355896,
        "sample_rate": 48000,
        "codec": "mp3",
        "md5_encoded": "175d1f201404d05fafc440dff22d086d"
    },
    "tags": {
        "file_name": "Slovenia_Energy_Nua Derenda.mp3",
        "encoding": ["Lavf58.29.100"]
    }
},
"lowlevel": {
    "average_loudness": 0.916756033897,
    "barkbands_crest": {
        "max": 24.6266994476,
        "mean": 9.45375537872,
        "min": 2.43855690956,
        "stdev": 4.06721496582
    },
    "barkbands_flatness_db": {
        "max": 0.301857113838,
        "mean": 0.167580679059,
        "min": 0.0591144002974,
        "stdev": 0.0476018600166
    },
    "barkbands_kurtosis": {
        "max": 43.3051109314,
        "mean": 2.73781943321,
        "min": -1.93015027046,
        "stdev": 5.08922290802
    },
    "barkbands_skewness": {
        "max": 5.93572616577,
        "mean": 0.932435274124,
        "min": -4.5863199234,
        "stdev": 1.34973180294
    },
    "barkbands_spread": {
        "max": 141.507049561,
        "mean": 21.0856513977,
        "min": 1.54336702824,
        "stdev": 13.323559761
    },
    "dissonance": {
        "max": 0.499973356724,
        "mean": 0.460828065872,
        "min": 0.25567907095,
        "stdev": 0.0349122472107
    },
    "dynamic_complexity": 4.64827251434,
    "erbbands_crest": {
        "max": 30.5062408447,
        "mean": 9.86078453064,
        "min": 2.74588704109,
        "stdev": 4.4948759079
    },
    "erbbands_flatness_db": {
        "max": 0.369680345058,
        "mean": 0.230290398002,
        "min": 0.0756886899471,
        "stdev": 0.0530337616801
    },
    "erbbands_kurtosis": {
        "max": 36.0802001953,
        "mean": 0.961299955845,
        "min": -1.8783853054,
        "stdev": 3.50653505325
    },
    "erbbands_skewness": {
        "max": 4.60422754288,
        "mean": 0.0148869054392,
        "min": -3.97256326675,
        "stdev": 1.0847107172
    },
    "erbbands_spread": {
        "max": 98.004486084,
        "mean": 33.1235427856,
        "min": 2.33424758911,
        "stdev": 16.7511100769
    },
    "hfc": {
        "max": 152.969543457,
        "mean": 15.2861604691,
        "min": 1.13003512526e-16,
        "stdev": 19.1652908325
    },
    "loudness_ebu128": {
        "integrated": -35.6189880371,
        "loudness_range": 3.36596679688,
        "momentary": {
            "max": -31.3960361481,
            "mean": -37.3239746094,
            "min": -61.3174285889,
            "stdev": 4.90259313583
        },
        "short_term": {
            "max": -33.4402236938,
            "mean": -35.8836708069,
            "min": -39.1335601807,
            "stdev": 1.11329305172
        }
    },
    "melbands_crest": {
        "max": 30.373298645,
        "mean": 11.8542814255,
        "min": 1.93756008148,
        "stdev": 4.91023111343
    },
    "melbands_flatness_db": {
        "max": 0.368020147085,
        "mean": 0.19735532999,
        "min": 0.00528935994953,
        "stdev": 0.0664672851562
    },
    "melbands_kurtosis": {
        "max": 78.2112045288,
        "mean": 7.52049016953,
        "min": -1.83323895931,
        "stdev": 9.39852905273
    },
    "melbands_skewness": {
        "max": 7.18125867844,
        "mean": 1.8739426136,
        "min": -2.8117609024,
        "stdev": 1.42467808723
    },
    "melbands_spread": {
        "max": 168.969421387,
        "mean": 31.4087677002,
        "min": 1.93734121323,
        "stdev": 29.3528747559
    },
    "pitch_salience": {
        "max": 0.92238253355,
        "mean": 0.670598566532,
        "min": 0.231968089938,
        "stdev": 0.100788317621
    },
    "silence_rate_20dB": {
        "max": 1,
        "mean": 1,
        "min": 1,
        "stdev": 0
    },
    "silence_rate_30dB": {
        "max": 1,
        "mean": 1,
        "min": 1,
        "stdev": 0
    },
    "silence_rate_60dB": {
        "max": 1,
        "mean": 0.276231259108,
        "min": 0,
        "stdev": 0.447132378817
    },
    "spectral_centroid": {
        "max": 11367.8173828,
        "mean": 1484.68640137,
        "min": 404.121795654,
        "stdev": 914.309692383
    },
    "spectral_complexity": {
        "max": 49,
        "mean": 13.9942893982,
        "min": 0,
        "stdev": 9.60578536987
    },
    "spectral_decrease": {
        "max": 6.54372675537e-29,
        "mean": -3.58284313329e-09,
        "min": -1.90054052496e-08,
        "stdev": 3.5704728063e-09
    },
    "spectral_energy": {
        "max": 0.0771062523127,
        "mean": 0.014908994548,
        "min": 1.0630391281e-20,
        "stdev": 0.0146145280451
    },
    "spectral_energyband_high": {
        "max": 0.022732578218,
        "mean": 0.000503876421135,
        "min": 7.55927484614e-21,
        "stdev": 0.00181052682456
    },
    "spectral_energyband_low": {
        "max": 0.00944756902754,
        "mean": 0.00112778076436,
        "min": 3.05904955143e-23,
        "stdev": 0.00114884984214
    },
    "spectral_energyband_middle_high": {
        "max": 0.0319275595248,
        "mean": 0.00439351378009,
        "min": 1.33668812502e-21,
        "stdev": 0.00578110665083
    },
    "spectral_energyband_middle_low": {
        "max": 0.0625961720943,
        "mean": 0.00928696710616,
        "min": 1.8222070968e-22,
        "stdev": 0.0107248490676
    },
    "spectral_entropy": {
        "max": 9.80319786072,
        "mean": 7.407122612,
        "min": 6.06967353821,
        "stdev": 0.439124494791
    },
    "spectral_flux": {
        "max": 0.223357498646,
        "mean": 0.0745557919145,
        "min": 6.63287758051e-11,
        "stdev": 0.0472275912762
    },
    "spectral_kurtosis": {
        "max": 45.5327033997,
        "mean": 5.209461689,
        "min": -1.19654989243,
        "stdev": 4.80592775345
    },
    "spectral_rms": {
        "max": 0.00867327023298,
        "mean": 0.0033185610082,
        "min": 3.22042132544e-12,
        "stdev": 0.00187949556857
    },
    "spectral_rolloff": {
        "max": 19379.8828125,
        "mean": 1964.11914062,
        "min": 279.931640625,
        "stdev": 1911.18322754
    },
    "spectral_skewness": {
        "max": 4.74042272568,
        "mean": 1.3193603754,
        "min": -0.0903761833906,
        "stdev": 0.587519705296
    },
    "spectral_spread": {
        "max": 41645280,
        "mean": 3170398.25,
        "min": 1228810.75,
        "stdev": 2332075.25
    },
    "spectral_strongpeak": {
        "max": 8.7857503891,
        "mean": 0.952843666077,
        "min": 0,
        "stdev": 1.0411067009
    },
    "zerocrossingrate": {
        "max": 0.57763671875,
        "mean": 0.068307094276,
        "min": 0.00634765625,
        "stdev": 0.0513960830867
    },
    "barkbands": {
        "max": [0.00204912712798, 0.00141386734322, 0.00575425708666, 0.0155767723918, 0.025259250775, 0.0560977272689, 0.0436935983598, 0.0308102369308, 0.0274035707116, 0.0171696543694, 0.0243733022362, 0.012794832699, 0.0124615179375, 0.0248633977026, 0.0135417608544, 0.0119035607204, 0.0162260346115, 0.00887704547495, 0.00848167017102, 0.00709117809311, 0.0117112379521, 0.00638640439138, 0.00856278277934, 0.00153082038742, 3.68781911675e-05, 1.42520264035e-07, 1.52785403884e-07],
        "mean": [8.30358621897e-05, 0.000228215314564, 0.000520990288351, 0.000663717917632, 0.00169775646646, 0.00318066682667, 0.00177014840301, 0.000920358172152, 0.000849182135426, 0.000486483739223, 0.000235357423662, 0.000330305454554, 0.000399670709157, 0.000485622440465, 0.00042444668361, 0.000590440817177, 0.000835599319544, 0.000376260693884, 0.000251545628998, 0.000145586702274, 0.000120634067571, 9.2449656222e-05, 0.000189612503164, 2.98474933516e-05, 1.05452136268e-06, 4.3105070624e-09, 3.91838916869e-09],
        "min": [8.60825372389e-24, 1.14043601584e-23, 3.13737180362e-24, 6.18609339087e-25, 3.16451173476e-23, 1.50550900986e-23, 1.6795615445e-23, 1.63970892265e-23, 3.16245911869e-23, 2.91265148246e-23, 4.90181726643e-23, 2.14444153579e-23, 7.09054434904e-23, 9.86474916491e-23, 5.96606982921e-23, 1.20689306637e-22, 1.63007188229e-22, 1.09409517082e-22, 1.96110290923e-22, 2.98671498228e-22, 3.60692449416e-22, 4.43226030815e-22, 4.14821282698e-22, 6.05044550811e-22, 1.12658344164e-21, 1.46257154429e-21, 2.10143598837e-21],
        "stdev": [0.000154801557073, 0.000235250117839, 0.000715642119758, 0.0012838896364, 0.00241757230833, 0.00587460771203, 0.00421811733395, 0.00260136579163, 0.00236266199499, 0.00162263668608, 0.000995852518827, 0.00116154365242, 0.00121802312788, 0.00152457656804, 0.00115273939446, 0.00125003920402, 0.00167646573391, 0.000810270255897, 0.000841534347273, 0.000538138207048, 0.00052256550407, 0.000342872517649, 0.000804778886959, 0.000103148748167, 2.93239668281e-06, 5.52634293882e-09, 5.67204194724e-09]
    },
    "erbbands": {
        "max": [0.050382271409, 0.385585516691, 4.68034505844, 23.5630168915, 72.901184082, 120.291976929, 280.557220459, 722.464660645, 792.845458984, 774.426879883, 353.830627441, 721.837341309, 487.144256592, 587.369812012, 809.915710449, 536.732421875, 557.446960449, 1083.74023438, 749.242614746, 807.274475098, 790.457580566, 1054.68676758, 515.377441406, 670.387207031, 487.611328125, 300.123718262, 546.23260498, 226.130783081, 234.228485107, 177.469100952, 298.721099854, 80.44921875, 5.19404888153, 0.78800791502, 0.0385440029204, 0.00280858995393, 0.000612763338722, 0.00018624101358, 9.44838830037e-05, 9.09086011234e-05],
        "mean": [0.0064751598984, 0.0584621652961, 0.438603192568, 1.65041661263, 2.86587643623, 6.19015645981, 15.4349756241, 29.684053421, 25.401763916, 25.7965602875, 18.4658584595, 19.7391357422, 18.6118965149, 10.5448455811, 10.8645420074, 14.1524038315, 18.4503135681, 23.0006866455, 23.5282688141, 24.6012840271, 37.9754981995, 47.1831741333, 23.0317668915, 15.7748432159, 10.7995910645, 6.59421491623, 5.96893548965, 3.80733847618, 3.47368240356, 3.60992503166, 5.73950242996, 1.83378767967, 0.17406283319, 0.0274753719568, 0.001095595886, 0.000116473274829, 3.09685892717e-05, 1.00539318737e-05, 1.06890365714e-05, 1.88428912224e-05],
        "min": [4.31053086633e-22, 2.46425727676e-21, 7.18991204545e-21, 2.79431365028e-21, 3.41920146831e-20, 1.51256747547e-19, 1.54525610231e-19, 1.04611664451e-19, 1.8379650773e-19, 2.73302257996e-19, 4.87443628003e-19, 9.27394474342e-19, 7.72316410859e-19, 1.42705075201e-18, 1.28781681617e-18, 1.30673195524e-18, 3.34665509195e-18, 3.72441544961e-18, 5.82503317056e-18, 4.89222614328e-18, 6.87962765379e-18, 9.10761754059e-18, 6.8465056877e-18, 1.01214555943e-17, 1.26076255075e-17, 1.37339998291e-17, 1.42628800876e-17, 1.69965912437e-17, 1.51838414749e-17, 1.28063465506e-17, 1.44024932858e-17, 1.23666363622e-17, 9.48665072242e-18, 8.25279255197e-18, 9.7203788763e-18, 5.72142011344e-18, 2.52815925544e-18, 1.11407311197e-18, 2.71720766213e-19, 3.0717904578e-20],
        "stdev": [0.00695874588564, 0.0590520612895, 0.542118191719, 2.38880395889, 6.48117446899, 9.32686901093, 28.6765575409, 61.7947120667, 58.9760475159, 67.0341262817, 44.6262741089, 53.529132843, 55.6277999878, 35.5911407471, 38.0922317505, 47.107635498, 54.4659233093, 68.5386047363, 60.7833442688, 63.6873664856, 75.5380096436, 96.1263961792, 45.9621429443, 44.8696594238, 38.2742080688, 23.4927806854, 25.7107467651, 14.1975975037, 13.2124576569, 13.1788730621, 25.8600711823, 7.45708274841, 0.435583353043, 0.0696821063757, 0.00275581609458, 0.000255658436799, 6.03123662586e-05, 1.95906686713e-05, 1.14965059765e-05, 1.82040130312e-05]
    },
    "gfcc": {
        "mean": [-92.3905258179, 132.537277222, -165.312194824, 50.8001327515, -69.5457382202, -6.91031217575, -39.6025657654, -15.8729982376, 4.34299039841, -25.9294948578, 3.58476853371, -11.45038414, -0.598747134209],
        "cov": [[10047.1699219, 1443.34838867, -902.817382812, 579.597351074, -400.870788574, -288.871917725, -490.752380371, -374.461090088, 347.212646484, -435.364379883, 156.379226685, -169.900527954, -171.158920288], [1443.34838867, 1539.21264648, 50.3338508606, -533.58782959, 168.328018188, -331.860748291, -120.907119751, -181.040405273, 101.347709656, -158.50151062, 36.020740509, -26.532535553, -45.8135643005], [-902.817382812, 50.3338508606, 823.466186523, 270.722473145, -179.714294434, 107.277175903, 68.9088592529, 63.1824874878, -78.8689422607, 76.6001205444, 12.3965349197, 5.68620967865, 109.681152344], [579.597351074, -533.58782959, 270.722473145, 863.673278809, -126.282791138, 157.337875366, -23.0904331207, 26.5478630066, -4.21145820618, 35.8131599426, -7.50196933746, 7.26707315445, 73.3944015503], [-400.870788574, 168.328018188, -179.714294434, -126.282791138, 387.733123779, -143.321624756, -106.228569031, -53.9187736511, 81.6115646362, -50.1374320984, -41.4648323059, 32.1115608215, -55.8755989075], [-288.871917725, -331.860748291, 107.277175903, 157.337875366, -143.321624756, 390.2684021, 195.590042114, 85.9092941284, -96.3235702515, 88.0212478638, 2.70846867561, -29.8118438721, 55.3152618408], [-490.752380371, -120.907119751, 68.9088592529, -23.0904331207, -106.228569031, 195.590042114, 314.834564209, 85.6517105103, -90.9337234497, 38.9991455078, -4.3894906044, 10.041097641, 5.01331996918], [-374.461090088, -181.040405273, 63.1824874878, 26.5478630066, -53.9187736511, 85.9092941284, 85.6517105103, 147.407150269, -8.56495857239, 25.8530292511, -10.1380157471, 5.48490142822, 28.1858501434], [347.212646484, 101.347709656, -78.8689422607, -4.21145820618, 81.6115646362, -96.3235702515, -90.9337234497, -8.56495857239, 162.10760498, -7.90937757492, 0.0891454070807, 3.72751188278, -43.7705841064], [-435.364379883, -158.50151062, 76.6001205444, 35.8131599426, -50.1374320984, 88.0212478638, 38.9991455078, 25.8530292511, -7.90937757492, 137.304626465, 25.3219528198, -19.6342105865, 16.8282394409], [156.379226685, 36.020740509, 12.3965349197, -7.50196933746, -41.4648323059, 2.70846867561, -4.3894906044, -10.1380157471, 0.0891454070807, 25.3219528198, 63.3786811829, 6.76615047455, -12.6348600388], [-169.900527954, -26.532535553, 5.68620967865, 7.26707315445, 32.1115608215, -29.8118438721, 10.041097641, 5.48490142822, 3.72751188278, -19.6342105865, 6.76615047455, 70.3866043091, 21.920375824], [-171.158920288, -45.8135643005, 109.681152344, 73.3944015503, -55.8755989075, 55.3152618408, 5.01331996918, 28.1858501434, -43.7705841064, 16.8282394409, -12.6348600388, 21.920375824, 124.736976624]],
        "icov": [[0.000604527012911, -0.00109480670653, 0.00127481622621, -0.00123889010865, 0.0015148636885, -0.000526210002135, 0.000695165887009, -2.57851625065e-05, -0.00053004611982, 0.00100780359935, -0.000537817191798, 0.000264783913735, 0.000502265815157], [-0.00109480670653, 0.00399617478251, -0.00329936179332, 0.0034116867464, -0.00362372212112, 0.00184917659499, -0.00266702985391, 0.00217274203897, -0.00101273565087, 0.00110676605254, -0.00221209228039, 0.00300483196042, -0.00322464574128], [0.00127481622621, -0.00329936179332, 0.00482535874471, -0.0036268606782, 0.0039518517442, -0.00110903184395, 0.00189736147877, -0.00141209620051, 0.000284674635623, 4.51375963166e-05, 0.0002310367272, -0.0010230219923, 0.00123037677258], [-0.00123889010865, 0.0034116867464, -0.0036268606782, 0.00479201599956, -0.00311683537439, 0.000542931549717, -0.00137007050216, 0.00151320477016, -0.000539618253242, -0.000316853955155, 0.00011819764768, 0.000441427720943, -0.0022134128958], [0.0015148636885, -0.00362372212112, 0.0039518517442, -0.00311683537439, 0.00863337423652, -0.00185160932597, 0.00372886797413, -0.000203378222068, -0.00117592758033, 0.000488815247081, 0.00431163934991, -0.00454708002508, 0.00444848602638], [-0.000526210002135, 0.00184917659499, -0.00110903184395, 0.000542931549717, -0.00185160932597, 0.00669616134837, -0.00430893804878, -0.000127555424115, 0.000805343792308, -0.00126047013327, -0.00199236860499, 0.00466995080933, -0.00355385639705], [0.000695165887009, -0.00266702985391, 0.00189736147877, -0.00137007050216, 0.00372886797413, -0.00430893804878, 0.00892668496817, -0.00350394006819, 0.00318214134313, -0.00172791967634, 0.0045942235738, -0.00687294686213, 0.00614915788174], [-2.57851625065e-05, 0.00217274203897, -0.00141209620051, 0.00151320477016, -0.000203378222068, -0.000127555424115, -0.00350394006819, 0.0116269839928, -0.00423971191049, 0.0024460174609, -0.00122758932412, 0.00255488697439, -0.00379808968864], [-0.00053004611982, -0.00101273565087, 0.000284674635623, -0.000539618253242, -0.00117592758033, 0.000805343792308, 0.00318214134313, -0.00423971191049, 0.011927629821, -0.00534326862544, 0.00417416589335, -0.00499258982018, 0.00512063270435], [0.00100780359935, 0.00110676605254, 4.51375963166e-05, -0.000316853955155, 0.000488815247081, -0.00126047013327, -0.00172791967634, 0.0024460174609, -0.00534326862544, 0.0165057778358, -0.0110591156408, 0.00958433561027, -0.00467547122389], [-0.000537817191798, -0.00221209228039, 0.0002310367272, 0.00011819764768, 0.00431163934991, -0.00199236860499, 0.0045942235738, -0.00122758932412, 0.00417416589335, -0.0110591156408, 0.0292425081134, -0.0146323814988, 0.00957466010004], [0.000264783913735, 0.00300483196042, -0.0010230219923, 0.000441427720943, -0.00454708002508, 0.00466995080933, -0.00687294686213, 0.00255488697439, -0.00499258982018, 0.00958433561027, -0.0146323814988, 0.0289030298591, -0.0119083784521], [0.000502265815157, -0.00322464574128, 0.00123037677258, -0.0022134128958, 0.00444848602638, -0.00355385639705, 0.00614915788174, -0.00379808968864, 0.00512063270435, -0.00467547122389, 0.00957466010004, -0.0119083784521, 0.0174120813608]]
    },
    "melbands": {
        "max": [0.000407126324717, 0.00167805270758, 0.00539432605729, 0.00420997850597, 0.00733204185963, 0.0138560151681, 0.0102809360251, 0.00866230018437, 0.00305384211242, 0.00456168502569, 0.00244466494769, 0.00215822760947, 0.00258274795488, 0.00195215200074, 0.00131951016374, 0.00157769722864, 0.0025095785968, 0.00144135963637, 0.000980994896963, 0.000831544515677, 0.000973800662905, 0.00132102810312, 0.000741084746551, 0.000337369041517, 0.000617041252553, 0.000341484730598, 0.000298926810501, 0.000204692230909, 0.000356613832992, 0.000311636889819, 8.54004101711e-05, 0.000109994391096, 0.00016355648404, 0.000120067481475, 0.000178498841706, 0.00015346861619, 1.83977936103e-05, 3.64797233487e-06, 2.31645003623e-06, 2.71162605259e-07],
        "mean": [6.38484780211e-05, 0.00019022016204, 0.000314985343721, 0.000306691305013, 0.000501259637531, 0.000641725200694, 0.000388936052332, 0.000267614028417, 0.00014372143778, 0.000123437654111, 9.15037235245e-05, 4.32609922427e-05, 3.33069765475e-05, 3.69230365322e-05, 3.85246930819e-05, 4.06881299568e-05, 4.35934634879e-05, 3.86722167605e-05, 3.23556669173e-05, 3.46907581843e-05, 4.68777434435e-05, 5.38769600098e-05, 2.82961955236e-05, 1.61402367667e-05, 1.24813923321e-05, 8.75790647115e-06, 6.10476490692e-06, 3.96206678488e-06, 3.88352009395e-06, 3.00044644064e-06, 1.9161277578e-06, 1.9589256226e-06, 1.76727246526e-06, 2.14827105083e-06, 3.39939788319e-06, 2.79459982266e-06, 4.93817253755e-07, 9.67747411096e-08, 5.03563057919e-08, 9.60477475331e-09],
        "min": [4.98723149649e-24, 3.98475849662e-24, 8.53388741192e-25, 7.66818396035e-24, 5.55006284755e-24, 2.36303382767e-24, 3.00554999092e-24, 2.91353350784e-24, 3.88207405031e-24, 3.86640096184e-24, 3.75073068174e-24, 4.95606478541e-24, 5.30335014932e-24, 2.38348228562e-24, 6.39412113917e-24, 5.79420228151e-24, 6.43238720396e-24, 8.61700534677e-24, 4.45630444145e-24, 9.4359234302e-24, 7.09288663484e-24, 8.58374618214e-24, 7.42394552435e-24, 4.3985897999e-24, 7.65223319285e-24, 7.86867690372e-24, 8.17627901421e-24, 9.08688087863e-24, 8.27471465569e-24, 9.52208202941e-24, 1.01111568106e-23, 8.12448240718e-24, 9.64302860567e-24, 5.85735217469e-24, 8.33899498655e-24, 7.68510897107e-24, 8.15661902273e-24, 6.83956525437e-24, 5.91703739078e-24, 7.57046381572e-24],
        "stdev": [6.22888692305e-05, 0.0002096946846, 0.000495230488013, 0.000459257134935, 0.000832416000776, 0.00126581103541, 0.000880998501088, 0.000700815231539, 0.000359380966984, 0.000338387355441, 0.000279539497569, 0.000151977728819, 0.000128894724185, 0.000135480659083, 0.000120160410006, 0.000121771961858, 0.000142719305586, 0.000110157270683, 9.02360407053e-05, 8.31162324175e-05, 9.62442936725e-05, 0.000116977367725, 6.13998199697e-05, 3.42603962054e-05, 3.95071256207e-05, 3.16520636261e-05, 2.42041060119e-05, 1.42353201227e-05, 1.6700303604e-05, 1.352226991e-05, 6.8190388447e-06, 7.28050872567e-06, 7.32422131478e-06, 8.20123204903e-06, 1.54886311066e-05, 1.28444989969e-05, 1.71300132479e-06, 2.70327461749e-07, 1.51257296466e-07, 2.65950710343e-08]
    },
    "melbands128": {
        "max": [0.000608558417298, 0.000460584706161, 0.000570071686525, 0.000777918263339, 0.0021837526001, 0.00319722108543, 0.00425311457366, 0.00953107327223, 0.0102143231779, 0.00648716418073, 0.00822585262358, 0.00977589376271, 0.0135632846504, 0.0172032769769, 0.0235562734306, 0.0210113972425, 0.0200676992536, 0.0168870873749, 0.0106297358871, 0.0129127809778, 0.0127623062581, 0.00586378015578, 0.00468944804743, 0.00887925177813, 0.00821169279516, 0.0104997009039, 0.00527087319642, 0.00485075591132, 0.00499630812556, 0.00318976817653, 0.00253736483864, 0.00718437321484, 0.00337672652677, 0.00413978705183, 0.00251453532837, 0.00377366156317, 0.00260461191647, 0.00250515900552, 0.00262546818703, 0.00256137014367, 0.00252898084, 0.00169512629509, 0.00322795147076, 0.00672185374424, 0.00399447791278, 0.0019489597762, 0.00245721591637, 0.00128799211234, 0.00184761185665, 0.00162486510817, 0.00106658006553, 0.00103506364394, 0.00128439930268, 0.00130614882801, 0.00183779129293, 0.00249580200762, 0.00107510667294, 0.0012251266744, 0.00127293751575, 0.00044725817861, 0.000572686665691, 0.000445350277005, 0.00105254584923, 0.000774353859015, 0.000683863821905, 0.000554661673959, 0.000544903508853, 0.000533205515239, 0.000440560223069, 0.000337969890097, 0.000229291195865, 0.00034615045297, 0.000189689439139, 0.000649071647786, 0.000314663804602, 0.00041928209248, 0.000277817482129, 0.000116941955639, 0.000116505238111, 9.37181175686e-05, 8.6197615019e-05, 0.000125917125843, 0.000228638047702, 0.000214857223909, 6.91769237164e-05, 8.50354626891e-05, 0.000207412784221, 0.000294819619739, 0.000191485771211, 0.000251576624578, 0.000265822221991, 0.000196770371986, 5.17136068083e-05, 1.74406341102e-05, 6.54145696899e-06, 5.19838431501e-06, 3.78323920813e-06, 4.39101495431e-06, 3.21560264638e-06, 1.56728947331e-06, 5.9517981299e-07, 2.91856395052e-07, 1.10739932779e-07, 2.57212704469e-08, 9.29824306439e-09, 1.41346099269e-08, 4.46615722183e-09, 1.06088660079e-09, 9.9281205479e-10, 9.54935908126e-10, 9.05847064026e-10, 8.71733907282e-10, 8.46005820954e-10, 8.06285205268e-10, 7.64991403557e-10, 7.64339314063e-10, 7.39811212291e-10, 6.95115132121e-10, 6.95186019861e-10, 6.90841495121e-10, 6.31586949407e-10, 6.59635956968e-10, 6.46891373801e-10, 6.28047780449e-10, 6.15753670274e-10, 5.97105365152e-10, 5.8845817108e-10, 5.83739390159e-10],
        "mean": [3.4249304008e-05, 4.95741223858e-05, 7.70760307205e-05, 8.97756326594e-05, 0.000157223155838, 0.000291448581265, 0.000342049839674, 0.000324651016854, 0.000272311765002, 0.000270789314527, 0.00034153755405, 0.000424295518314, 0.000508907076437, 0.000630641938187, 0.000779171939939, 0.000592115800828, 0.000386050058296, 0.000376641110051, 0.000355038442649, 0.000293048273306, 0.000232963968301, 0.00016158678045, 0.000128272571601, 0.000128459403641, 0.000130927190185, 0.000124593585497, 9.68985477812e-05, 9.98707182589e-05, 7.80159680289e-05, 4.44628567493e-05, 3.42888342857e-05, 3.07489499392e-05, 3.10460818582e-05, 3.84417908208e-05, 3.42721505149e-05, 3.88079388358e-05, 3.62671889889e-05, 3.84942177334e-05, 3.87708714698e-05, 4.27293598477e-05, 4.13381967519e-05, 3.68456021533e-05, 4.39829746028e-05, 4.60872761323e-05, 4.66097699245e-05, 3.38772952091e-05, 3.47629502357e-05, 3.25001383317e-05, 3.13176678901e-05, 3.21623119817e-05, 3.40554142895e-05, 3.79914563382e-05, 4.31875232607e-05, 5.20616631547e-05, 5.3605013818e-05, 6.25203756499e-05, 4.68055222882e-05, 3.03178803733e-05, 2.36599462369e-05, 1.81797440746e-05, 1.53819000843e-05, 1.51433459905e-05, 1.37625438583e-05, 1.16814298963e-05, 1.04385890154e-05, 8.76585181686e-06, 7.49833316149e-06, 7.70891074353e-06, 5.69627081859e-06, 4.1492157834e-06, 3.68299333786e-06, 4.13836187363e-06, 3.90675677409e-06, 3.85898601962e-06, 3.89269780499e-06, 3.14791486744e-06, 2.6789198273e-06, 2.07351558856e-06, 1.78030791176e-06, 1.75450668394e-06, 1.93288565242e-06, 2.05368473871e-06, 2.01205489248e-06, 1.79164157998e-06, 1.47776177073e-06, 1.72512568497e-06, 2.44974899033e-06, 2.82626729131e-06, 3.34354353981e-06, 3.96252107748e-06, 3.80292954105e-06, 2.49354116022e-06, 1.08688766431e-06, 3.83374612056e-07, 1.39116451692e-07, 1.03600925172e-07, 9.99692275627e-08, 6.73737119428e-08, 5.18710017161e-08, 4.62090099518e-08, 1.73058829489e-08, 1.76150893871e-09, 4.19927370654e-10, 7.4155438734e-11, 4.30639551796e-11, 6.26774812607e-11, 4.90025867106e-11, 5.3489757762e-11, 2.73625063579e-11, 2.25642005081e-11, 2.25042987717e-11, 2.27048831125e-11, 2.22105268205e-11, 2.1871664202e-11, 2.19136774698e-11, 2.17253211948e-11, 2.10689850982e-11, 1.93719103259e-11, 1.89775521686e-11, 1.87663495854e-11, 1.81762938034e-11, 1.81410893252e-11, 1.84492629507e-11, 1.7600882557e-11, 1.30309886145e-11, 5.40808934094e-12, 2.87550864196e-12, 2.55885655547e-12],
        "min": [4.57360371932e-24, 4.5997398644e-24, 2.52044431598e-24, 4.73703676622e-24, 5.28507579202e-24, 1.00700441413e-24, 4.4543662102e-25, 1.80792411832e-25, 1.35579472742e-24, 2.73715564792e-24, 7.12775270912e-24, 3.51174684822e-24, 5.50686561324e-24, 4.53874908351e-24, 2.59182439499e-24, 9.73609170995e-25, 1.32463343976e-24, 2.70203634928e-24, 3.13111199512e-24, 3.41683070968e-24, 2.02791920703e-24, 3.79246339578e-24, 4.53370352916e-24, 3.16462418688e-24, 3.07867266366e-24, 1.67731668302e-24, 2.77152454262e-24, 7.90081864687e-25, 4.63539450377e-25, 2.97789430252e-24, 4.57922080339e-24, 4.02229880937e-24, 3.93049117722e-24, 2.6529126002e-24, 3.64428534106e-24, 1.59493850248e-24, 1.74805147381e-24, 4.6758215544e-24, 2.4502341177e-24, 3.94165119245e-24, 2.61463608301e-24, 3.51293723933e-24, 5.19219925334e-24, 6.91690359979e-24, 4.9477505859e-24, 6.83411974754e-24, 3.29176016581e-24, 1.94251613935e-24, 4.24379911865e-24, 6.30137791799e-24, 7.40429578806e-24, 9.38047834148e-24, 3.25701518167e-24, 2.62812363233e-24, 2.95190074404e-24, 7.8157680028e-24, 8.60427786492e-24, 6.72680942088e-24, 2.48215320486e-24, 2.4623677845e-24, 2.52530271308e-24, 6.5534422486e-24, 5.79244548827e-24, 6.33738192413e-24, 8.14325650786e-24, 5.80006036259e-24, 1.0385241799e-23, 4.77777393779e-24, 8.2127109774e-24, 7.30104415076e-24, 7.33384419834e-24, 6.82558821685e-24, 5.69718382865e-24, 5.21264140041e-24, 8.91708172423e-24, 7.85019231499e-24, 8.35020548887e-24, 9.1184723913e-24, 7.66406926187e-24, 6.01922367143e-24, 6.22023923515e-24, 5.04916891046e-24, 7.62286390135e-24, 7.04033272133e-24, 9.31687643099e-24, 3.21571160797e-24, 3.64789714072e-24, 8.08359337988e-24, 7.50992741871e-24, 6.1145015027e-24, 7.50475564662e-24, 7.04194909732e-24, 5.68175094833e-24, 6.01760453443e-24, 1.19425281677e-23, 8.1557339208e-24, 4.27409019412e-24, 5.19267059773e-24, 4.74810882345e-24, 6.51284312768e-24, 2.9789367822e-24, 7.461554468e-24, 9.18963237812e-24, 8.94696771962e-24, 9.19201316033e-24, 1.01206057866e-23, 1.04394838748e-23, 9.73254223031e-24, 7.56641064839e-24, 8.67136654061e-24, 6.645662455e-24, 7.70946426266e-24, 7.86351065365e-24, 8.15886017656e-24, 7.92801896531e-24, 8.81691216648e-24, 6.8416691464e-24, 8.40131263148e-24, 8.16483974223e-24, 9.51128094589e-24, 6.06294155394e-24, 8.94316777664e-24, 6.40950353239e-24, 6.37703480639e-24, 7.48803968404e-24, 8.94541208592e-24, 9.3228228645e-24, 6.96640383274e-24],
        "stdev": [5.39839420526e-05, 6.08171139902e-05, 8.70334479259e-05, 0.000108450272819, 0.000208390803891, 0.000416590395616, 0.000512181897648, 0.000767507124692, 0.000819084292743, 0.000576864054892, 0.000637872901279, 0.000857256178278, 0.00121698202565, 0.00151711551007, 0.0019011994591, 0.00168113829568, 0.0011465823045, 0.00125822843984, 0.00105281209107, 0.00103524280712, 0.000890148920007, 0.000537559622899, 0.000422051001806, 0.000506036158185, 0.000460687588202, 0.000427870341809, 0.000381232996006, 0.000366330903489, 0.00037247419823, 0.00019051185518, 0.000146960897837, 0.000219694600673, 0.00014317460591, 0.00016028607206, 0.000144596473547, 0.0002087909088, 0.000149055427755, 0.000153656685143, 0.000159518487635, 0.000165135017596, 0.000152265027282, 0.000133475463372, 0.000189157683053, 0.000224843301112, 0.000187074037967, 0.000108283304144, 0.000125807287986, 0.000107018728158, 0.000112799214548, 0.0001160464235, 9.04475164134e-05, 9.0094479674e-05, 0.000106502702693, 0.000122758763609, 0.000130130676553, 0.000175180583028, 0.000100915611256, 7.58484529797e-05, 6.87177162035e-05, 4.3184376409e-05, 3.66575695807e-05, 3.81271456718e-05, 4.73356740258e-05, 4.69795995741e-05, 4.13995512645e-05, 3.64241095667e-05, 3.17542690027e-05, 3.41027262039e-05, 2.55201121035e-05, 1.65335659403e-05, 1.47001637743e-05, 1.67583039001e-05, 1.50084551933e-05, 2.21238660743e-05, 1.81304712896e-05, 1.60457839229e-05, 1.24265534396e-05, 8.04852970759e-06, 7.13648068995e-06, 6.05611285209e-06, 7.02799661667e-06, 8.64617049956e-06, 9.7954625744e-06, 8.46081093187e-06, 5.45371767657e-06, 6.28424959359e-06, 1.0571776329e-05, 1.32282921186e-05, 1.58593575179e-05, 2.0078747184e-05, 1.87916230061e-05, 1.18701009342e-05, 4.48990522273e-06, 1.24951623093e-06, 3.70633244984e-07, 2.95179745535e-07, 3.16655331289e-07, 2.36238719253e-07, 1.83977704182e-07, 1.32204021952e-07, 4.70957211007e-08, 1.4424152539e-08, 4.70429695199e-09, 8.92251383888e-10, 3.31367433493e-10, 4.97042740299e-10, 1.74314396251e-10, 9.01299659906e-11, 3.93434347601e-11, 3.59730162325e-11, 3.40582041736e-11, 3.27228903696e-11, 3.17252508986e-11, 3.02781202888e-11, 2.8930528112e-11, 2.86478393091e-11, 2.7539331926e-11, 2.64257348642e-11, 2.62121522404e-11, 2.60080307984e-11, 2.40093257775e-11, 2.47609016624e-11, 2.4439866797e-11, 2.39012785258e-11, 2.32255117916e-11, 2.26384605506e-11, 2.2434838709e-11, 2.22759224261e-11]
    },
    "mfcc": {
        "mean": [-704.65411377, 133.463516235, -26.0082778931, 35.9421730042, -4.25871372223, 3.83420395851, -28.2470245361, 8.51969337463, -15.7429170609, 3.38409638405, -12.478978157, 3.84322404861, -8.20752048492],
        "cov": [[6152.56201172, 606.980651855, -246.804504395, 442.708557129, 50.6897277832, 87.9353256226, -643.881713867, 187.766052246, -397.514282227, 26.0834827423, -83.8135910034, 90.0825653076, -82.5833053589], [606.980651855, 1925.49963379, -314.446990967, -321.191375732, 137.173904419, -269.712738037, -229.456756592, -80.3031845093, -92.1620559692, -197.613464355, -3.18076872826, 46.6403541565, 4.85642433167], [-246.804504395, -314.446990967, 1089.00280762, 132.210418701, -108.885772705, 27.5964946747, 256.14755249, -80.559135437, 121.7237854, -23.2041568756, 18.9862556458, -31.5863304138, 23.1460361481], [442.708557129, -321.191375732, 132.210418701, 587.484130859, 85.7221298218, 112.510055542, -163.450485229, 74.4567947388, -82.0723419189, 54.084236145, -71.690826416, -27.7050552368, -11.8805160522], [50.6897277832, 137.173904419, -108.885772705, 85.7221298218, 382.219207764, -64.0607299805, -162.689849854, -70.3175582886, 7.9884185791, -57.9272193909, -25.8180961609, -18.0259399414, 10.8459377289], [87.9353256226, -269.712738037, 27.5964946747, 112.510055542, -64.0607299805, 265.556640625, 68.1085205078, 51.6349487305, -22.9401512146, 97.0519638062, -16.5401954651, 3.64874649048, -19.6755714417], [-643.881713867, -229.456756592, 256.14755249, -163.450485229, -162.689849854, 68.1085205078, 389.736999512, 3.56964468956, 116.915534973, -12.1162586212, 48.0598678589, -21.0272712708, 0.947093248367], [187.766052246, -80.3031845093, -80.559135437, 74.4567947388, -70.3175582886, 51.6349487305, 3.56964468956, 196.173812866, -1.55035328865, 29.3117752075, -22.293428421, 19.1156311035, -10.9079589844], [-397.514282227, -92.1620559692, 121.7237854, -82.0723419189, 7.9884185791, -22.9401512146, 116.915534973, -1.55035328865, 174.067840576, -7.80800580978, 11.3818473816, -9.05605506897, 18.2374992371], [26.0834827423, -197.613464355, -23.2041568756, 54.084236145, -57.9272193909, 97.0519638062, -12.1162586212, 29.3117752075, -7.80800580978, 158.583862305, 14.5363588333, 5.98954105377, -16.3051490784], [-83.8135910034, -3.18076872826, 18.9862556458, -71.690826416, -25.8180961609, -16.5401954651, 48.0598678589, -22.293428421, 11.3818473816, 14.5363588333, 124.036483765, 30.2046546936, -8.10060310364], [90.0825653076, 46.6403541565, -31.5863304138, -27.7050552368, -18.0259399414, 3.64874649048, -21.0272712708, 19.1156311035, -9.05605506897, 5.98954105377, 30.2046546936, 101.266471863, 17.2933101654], [-82.5833053589, 4.85642433167, 23.1460361481, -11.8805160522, 10.8459377289, -19.6755714417, 0.947093248367, -10.9079589844, 18.2374992371, -16.3051490784, -8.10060310364, 17.2933101654, 65.7784576416]],
        "icov": [[0.000234695733525, -5.31993537152e-05, -9.6260853752e-05, 2.82881660496e-06, 6.3367166149e-05, -0.000178709233296, 0.000408242398407, -0.000228238539421, 0.000257603649516, 0.000125873033539, -4.37994276581e-05, -7.32787084416e-05, 0.000198986002943], [-5.31993537152e-05, 0.000818975560833, 7.25705285731e-06, 0.000554306141566, -7.39080787753e-05, 0.000263266672846, 0.000456723209936, 1.06199404399e-05, 0.000293465389404, 0.000720864802133, 9.7399999504e-05, -0.000187955753063, 0.000215157298953], [-9.6260853752e-05, 7.25705285731e-06, 0.00155280774925, -0.00106715515722, 0.000511071120854, 0.000355973286787, -0.0012068497017, 0.00121603370644, -0.000933720788453, 0.000200934271561, 9.76254432317e-06, -0.000180904389708, -0.000261842447799], [2.82881660496e-06, 0.000554306141566, -0.00106715515722, 0.0036610760726, -0.00090304762125, -0.00121400447097, 0.00202717282809, -0.00170626025647, 0.00131315307226, 0.000145813581184, 0.000463582924567, 0.00101869867649, -6.56522897771e-05], [6.3367166149e-05, -7.39080787753e-05, 0.000511071120854, -0.00090304762125, 0.00443902937695, -0.000487598619657, 0.00205628597178, 0.00173878250644, -0.00217064237222, 0.00193987321109, -0.000356708740583, 0.00059305067407, 5.86148098591e-06], [-0.000178709233296, 0.000263266672846, 0.000355973286787, -0.00121400447097, -0.000487598619657, 0.00704568531364, -0.00322982785292, -7.48000893509e-05, 0.00155498983804, -0.00385105446912, 0.00194998318329, -0.00154821423348, 0.000895106350072], [0.000408242398407, 0.000456723209936, -0.0012068497017, 0.00202717282809, 0.00205628597178, -0.00322982785292, 0.00779122905806, -0.000946111627854, -0.00243143341504, 0.00316888582893, -0.00217742030509, 0.00206950609572, 0.000342798884958], [-0.000228238539421, 1.06199404399e-05, 0.00121603370644, -0.00170626025647, 0.00173878250644, -7.48000893509e-05, -0.000946111627854, 0.00754293054342, -0.00188118440565, -8.51658387546e-06, 0.00148620107211, -0.00200692866929, 0.00116209010594], [0.000257603649516, 0.000293465389404, -0.000933720788453, 0.00131315307226, -0.00217064237222, 0.00155498983804, -0.00243143341504, -0.00188118440565, 0.00975645333529, -0.00159489922225, 0.000579670304433, 0.000189849859453, -0.00166534038726], [0.000125873033539, 0.000720864802133, 0.000200934271561, 0.000145813581184, 0.00193987321109, -0.00385105446912, 0.00316888582893, -8.51658387546e-06, -0.00159489922225, 0.0107134440914, -0.00233735772781, 0.000515452644322, 0.00121610495262], [-4.37994276581e-05, 9.7399999504e-05, 9.76254432317e-06, 0.000463582924567, -0.000356708740583, 0.00194998318329, -0.00217742030509, 0.00148620107211, 0.000579670304433, -0.00233735772781, 0.0110429041088, -0.0043054507114, 0.00268975622021], [-7.32787084416e-05, -0.000187955753063, -0.000180904389708, 0.00101869867649, 0.00059305067407, -0.00154821423348, 0.00206950609572, -0.00200692866929, 0.000189849859453, 0.000515452644322, -0.0043054507114, 0.0132928071544, -0.00470375688747], [0.000198986002943, 0.000215157298953, -0.000261842447799, -6.56522897771e-05, 5.86148098591e-06, 0.000895106350072, 0.000342798884958, 0.00116209010594, -0.00166534038726, 0.00121610495262, 0.00268975622021, -0.00470375688747, 0.0183023568243]]
    },
    "spectral_contrast_coeffs": {
        "max": [-0.369923949242, -0.431968271732, -0.485240906477, -0.547720313072, -0.518821060658, -0.30076277256],
        "mean": [-0.679097414017, -0.73668885231, -0.793680012226, -0.798774182796, -0.771588563919, -0.68716865778],
        "min": [-0.961433827877, -0.982203006744, -0.98482811451, -0.984047889709, -0.975219786167, -0.965017974377],
        "stdev": [0.104038126767, 0.0901609957218, 0.0570398233831, 0.0659622848034, 0.0722597315907, 0.0789934247732]
    },
    "spectral_contrast_valleys": {
        "max": [-5.84101390839, -5.02531528473, -5.38294458389, -5.65772819519, -5.74356794357, -9.23187160492],
        "mean": [-7.65443992615, -7.15167236328, -7.92024374008, -7.80895757675, -7.99851179123, -12.050696373],
        "min": [-27.5542030334, -27.0799121857, -27.3029022217, -27.2052021027, -27.3490371704, -27.295955658],
        "stdev": [1.43556475639, 1.38555502892, 1.33169186115, 1.35237193108, 1.30756890774, 1.2025976181]
    }
},
"rhythm": {
    "beats_count": 45,
    "beats_loudness": {
        "max": 0.0459228940308,
        "mean": 0.0185788739473,
        "min": 8.17759355414e-05,
        "stdev": 0.0125404410064
    },
    "bpm": 79.5458526611,
    "bpm_histogram_first_peak_bpm": 81,
    "bpm_histogram_first_peak_weight": 0.346153855324,
    "bpm_histogram_second_peak_bpm": 96,
    "bpm_histogram_second_peak_spread": 0.199999988079,
    "bpm_histogram_second_peak_weight": 0.0909090936184,
    "danceability": 1.29307556152,
    "onset_rate": 4.70654249191,
    "beats_loudness_band_ratio": {
        "max": [0.37751942873, 0.841681778431, 0.703665971756, 0.56233805418, 0.845967710018, 0.696570634842],
        "mean": [0.122876085341, 0.289855659008, 0.233468398452, 0.109259575605, 0.192856803536, 0.0957997888327],
        "min": [0.00357619998977, 0.00421648845077, 0.0162254925817, 0.00199305848219, 0.00431809294969, 0.00091044761939],
        "stdev": [0.0934693589807, 0.234623610973, 0.199656069279, 0.130913257599, 0.178260311484, 0.191958650947]
    },
    "beats_position": [0.592108845711, 1.1261677742, 1.66022670269, 2.18267560005, 2.72834467888, 3.32045340538, 3.9125623703, 4.53950119019, 5.16644001007, 5.79337835312, 6.44353723526, 7.07047605515, 7.73224496841, 8.40562343597, 9.16027164459, 9.92653083801, 10.6811790466, 11.4242172241, 12.1672563553, 12.8986845016, 13.6417226791, 14.3847618103, 15.1277999878, 15.8824491501, 16.6487064362, 17.4149665833, 18.181224823, 18.9474830627, 19.7253513336, 20.5032196045, 21.3275279999, 22.1518363953, 22.9877548218, 23.7772331238, 24.5434913635, 25.3329696655, 26.0992279053, 26.830657959, 27.5620861053, 28.3051242828, 29.0481624603, 29.8028106689, 30.5342407227, 31.2772789001, 32.0203170776],
