{
"metadata": {
    "version": {
        "essentia": "2.1-beta5",
        "essentia_git_sha": "Undefined",
        "extractor": "music 2.0"
    },
    "audio_properties": {
        "analysis": {
            "equal_loudness": 0,
            "length": 48.7502937317,
            "sample_rate": 44100,
            "start_time": 77.7520217896,
            "downmix": "mix"
        },
        "bit_rate": 192000,
        "length": 225.686355591,
        "lossless": 0,
        "number_channels": 2,
        "replay_gain": 1.36768531799,
        "sample_rate": 48000,
        "codec": "mp3",
        "md5_encoded": "b8c2efd03b432d3944d4dcd17aa4b433"
    },
    "tags": {
        "file_name": "Greece_Die For You_Antique.mp3",
        "encoding": ["Lavf58.29.100"]
    }
},
"lowlevel": {
    "average_loudness": 0.965662360191,
    "barkbands_crest": {
        "max": 26.8900909424,
        "mean": 8.37417697906,
        "min": 2.34951496124,
        "stdev": 4.02125644684
    },
    "barkbands_flatness_db": {
        "max": 0.558490991592,
        "mean": 0.100482366979,
        "min": 0.0387453399599,
        "stdev": 0.0334988720715
    },
    "barkbands_kurtosis": {
        "max": 1859.27770996,
        "mean": 2.36441469193,
        "min": -1.91172897816,
        "stdev": 45.8923606873
    },
    "barkbands_skewness": {
        "max": 42.5707015991,
        "mean": 0.8430762887,
        "min": -2.09460306168,
        "stdev": 1.54620313644
    },
    "barkbands_spread": {
        "max": 142.862823486,
        "mean": 35.4195632935,
        "min": 0.300673037767,
        "stdev": 15.6975946426
    },
    "dissonance": {
        "max": 0.49999910593,
        "mean": 0.471206992865,
        "min": 0.31341946125,
        "stdev": 0.0230919532478
    },
    "dynamic_complexity": 3.0003592968,
    "erbbands_crest": {
        "max": 26.2238559723,
        "mean": 7.63649749756,
        "min": 2.311814785,
        "stdev": 3.19249343872
    },
    "erbbands_flatness_db": {
        "max": 0.241106897593,
        "mean": 0.134393364191,
        "min": 0.0566745512187,
        "stdev": 0.0318219438195
    },
    "erbbands_kurtosis": {
        "max": 14.2926540375,
        "mean": 0.238005355,
        "min": -1.64315843582,
        "stdev": 1.55958855152
    },
    "erbbands_skewness": {
        "max": 2.21539735794,
        "mean": -0.0303945671767,
        "min": -3.38908243179,
        "stdev": 0.708151221275
    },
    "erbbands_spread": {
        "max": 114.820159912,
        "mean": 40.7006111145,
        "min": 8.64670181274,
        "stdev": 16.9035816193
    },
    "hfc": {
        "max": 168.257247925,
        "mean": 27.3812961578,
        "min": 1.11996350647e-16,
        "stdev": 20.8353424072
    },
    "loudness_ebu128": {
        "integrated": -25.386800766,
        "loudness_range": 3.08538246155,
        "momentary": {
            "max": -21.4905719757,
            "mean": -26.7639274597,
            "min": -229.129104614,
            "stdev": 11.4391231537
        },
        "short_term": {
            "max": -23.7109012604,
            "mean": -25.4919586182,
            "min": -28.1070365906,
            "stdev": 1.10888040066
        }
    },
    "melbands_crest": {
        "max": 39.9771347046,
        "mean": 12.5567789078,
        "min": 1.55492591858,
        "stdev": 5.91508626938
    },
    "melbands_flatness_db": {
        "max": 0.533848643303,
        "mean": 0.136776462197,
        "min": 0.003577131778,
        "stdev": 0.0515074059367
    },
    "melbands_kurtosis": {
        "max": 3201.63183594,
        "mean": 9.18362140656,
        "min": -1.66624164581,
        "stdev": 77.8554992676
    },
    "melbands_skewness": {
        "max": 54.7864685059,
        "mean": 2.04007935524,
        "min": -0.311633050442,
        "stdev": 1.99556553364
    },
    "melbands_spread": {
        "max": 212.319656372,
        "mean": 42.9774627686,
        "min": 0.293088465929,
        "stdev": 26.5315475464
    },
    "pitch_salience": {
        "max": 0.892580330372,
        "mean": 0.555751025677,
        "min": 0.00278066983446,
        "stdev": 0.114704735577
    },
    "silence_rate_20dB": {
        "max": 1,
        "mean": 1,
        "min": 1,
        "stdev": 0
    },
    "silence_rate_30dB": {
        "max": 1,
        "mean": 1,
        "min": 1,
        "stdev": 0
    },
    "silence_rate_60dB": {
        "max": 1,
        "mean": 0.0242741554976,
        "min": 0,
        "stdev": 0.15389508009
    },
    "spectral_centroid": {
        "max": 11473.4550781,
        "mean": 2108.62084961,
        "min": 204.254669189,
        "stdev": 1091.93127441
    },
    "spectral_complexity": {
        "max": 50,
        "mean": 21.0937652588,
        "min": 0,
        "stdev": 10.0777082443
    },
    "spectral_decrease": {
        "max": 1.77239252218e-28,
        "mean": -4.73422678837e-09,
        "min": -1.76684213926e-08,
        "stdev": 2.91828783361e-09
    },
    "spectral_energy": {
        "max": 0.0724932998419,
        "mean": 0.0203516837209,
        "min": 1.01135132581e-20,
        "stdev": 0.0120709883049
    },
    "spectral_energyband_high": {
        "max": 0.0220578536391,
        "mean": 0.00181470578536,
        "min": 7.13022579437e-21,
        "stdev": 0.0019834828563
    },
    "spectral_energyband_low": {
        "max": 0.0400516614318,
        "mean": 0.00525569822639,
        "min": 3.24365530948e-23,
        "stdev": 0.00607331003994
    },
    "spectral_energyband_middle_high": {
        "max": 0.0381354615092,
        "mean": 0.00654810061678,
        "min": 1.26206799233e-21,
        "stdev": 0.00607828423381
    },
    "spectral_energyband_middle_low": {
        "max": 0.0516330078244,
        "mean": 0.00730981025845,
        "min": 1.71999293781e-22,
        "stdev": 0.00713905133307
    },
    "spectral_entropy": {
        "max": 9.82018089294,
        "mean": 7.89087343216,
        "min": 6.93462753296,
        "stdev": 0.353345483541
    },
    "spectral_flux": {
        "max": 0.243199497461,
        "mean": 0.0850202590227,
        "min": 6.30705487836e-11,
        "stdev": 0.0425985753536
    },
    "spectral_kurtosis": {
        "max": 11.3452339172,
        "mean": 2.85542988777,
        "min": -1.24192798138,
        "stdev": 1.47730946541
    },
    "spectral_rms": {
        "max": 0.00840982608497,
        "mean": 0.00423037074506,
        "min": 3.14115291937e-12,
        "stdev": 0.00139973917976
    },
    "spectral_rolloff": {
        "max": 19358.3496094,
        "mean": 2847.35546875,
        "min": 21.533203125,
        "stdev": 2506.61352539
    },
    "spectral_skewness": {
        "max": 2.78466582298,
        "mean": 1.29647767544,
        "min": -0.0347381085157,
        "stdev": 0.310367107391
    },
    "spectral_spread": {
        "max": 47028316,
        "mean": 5757605.5,
        "min": 2941898.5,
        "stdev": 3728055.75
    },
    "spectral_strongpeak": {
        "max": 11.942237854,
        "mean": 1.09417486191,
        "min": 0,
        "stdev": 1.6355535984
    },
    "zerocrossingrate": {
        "max": 0.6171875,
        "mean": 0.0995308235288,
        "min": 0,
        "stdev": 0.0612868182361
    },
    "barkbands": {
        "max": [0.000681225559674, 0.0298369731754, 0.0227970816195, 0.0259301103652, 0.0288929883391, 0.0218828525394, 0.0112312566489, 0.0162979476154, 0.0258844643831, 0.0200803820044, 0.0140365324914, 0.0195275731385, 0.00649207178503, 0.0156688410789, 0.0119880698621, 0.00586566329002, 0.0151414936408, 0.0116518847644, 0.0068286578171, 0.00748659390956, 0.00349421030842, 0.00453914143145, 0.0116802863777, 0.00600123172626, 0.00350939133205, 0.000836971099488, 5.51224275114e-06],
        "mean": [7.88348115748e-05, 0.00347322109155, 0.00124184717424, 0.00102177402005, 0.0019221509574, 0.00123789638747, 0.000768355093896, 0.000900377810467, 0.00123853434343, 0.000601481646299, 0.000608389673289, 0.00119040952995, 0.000338524085237, 0.000645265681669, 0.000712449080311, 0.000523982627783, 0.000715025817044, 0.000591456133407, 0.000438179122284, 0.00080065894872, 0.000316832360113, 0.000185267315828, 0.000280198408291, 0.000307456502924, 0.000154020235641, 5.89862320339e-05, 7.57751905667e-08],
        "min": [7.69970102427e-25, 1.33635778636e-24, 3.14062467156e-24, 1.63250041031e-24, 1.08857811431e-23, 2.31916539106e-23, 1.8808357757e-23, 1.78679093403e-23, 2.04072746823e-23, 1.58441198201e-23, 2.29931891286e-23, 4.40987287743e-23, 3.54623742472e-23, 3.30557394857e-23, 3.42647729526e-23, 4.71590105264e-23, 6.69894243609e-23, 1.5240715696e-22, 1.38156024987e-22, 1.94849249435e-22, 2.66730785233e-22, 2.97861811395e-22, 4.54319510357e-22, 5.80926359257e-22, 1.06350950629e-21, 1.52567425728e-21, 2.08335938588e-21],
        "stdev": [0.000103859674709, 0.00444555515423, 0.00258244154975, 0.0027151608374, 0.00307787046768, 0.00158984784503, 0.00109305931255, 0.00144958694, 0.00244833575562, 0.0012810115004, 0.00103601475712, 0.00212146062404, 0.000585262023378, 0.00138185627293, 0.0012806475861, 0.000740505231079, 0.00132513500284, 0.000854985439219, 0.000664024322759, 0.00100867205765, 0.000415294867707, 0.000302989268675, 0.00056724116439, 0.000459011003841, 0.000250565528404, 8.36478939163e-05, 1.70002508071e-07]
    },
    "erbbands": {
        "max": [0.807549595833, 7.51142263412, 25.121673584, 51.6318321228, 98.0384216309, 114.428268433, 109.335418701, 237.948730469, 178.934402466, 315.121429443, 416.87411499, 569.360656738, 785.478881836, 1133.85241699, 702.575866699, 953.562072754, 195.129074097, 652.543457031, 773.538696289, 667.243896484, 541.290588379, 562.308898926, 687.204284668, 341.259429932, 422.010253906, 334.761901855, 194.861434937, 115.758827209, 137.888092041, 253.503311157, 303.466003418, 141.346664429, 119.692520142, 48.5174865723, 19.6310424805, 5.94057321548, 1.04920816422, 0.160671696067, 0.00243971147574, 0.000177376161446],
        "mean": [0.099423147738, 0.767817139626, 1.54316878319, 2.46957921982, 4.69542169571, 6.36374807358, 8.4480009079, 10.846288681, 9.67758369446, 15.5316696167, 21.6229381561, 24.3070812225, 28.4321231842, 22.0756835938, 32.420841217, 43.4975662231, 15.3860330582, 30.6814498901, 33.7931213379, 32.7477149963, 36.6056251526, 37.1472930908, 33.4525909424, 26.6218013763, 23.7390384674, 38.5603752136, 23.1369380951, 7.92603778839, 6.74918889999, 6.49545478821, 8.5946893692, 7.14788579941, 4.52962112427, 2.15347909927, 0.884311318398, 0.346710294485, 0.0942113548517, 0.00751989195123, 0.000169479259057, 3.66276653949e-05],
        "min": [2.4406392104e-22, 5.22212792611e-22, 3.06650453942e-21, 9.31438731609e-21, 4.25358404519e-21, 2.29483651053e-20, 1.06624938051e-19, 2.10193379116e-19, 1.83198675867e-19, 3.67731878406e-19, 3.34609602125e-19, 5.77192310875e-19, 6.43992108422e-19, 8.63012939315e-19, 1.22059887882e-18, 2.24895953572e-18, 1.87943727658e-18, 1.7953206597e-18, 2.51367470253e-18, 2.83085545405e-18, 2.43544595725e-18, 5.06019261128e-18, 7.8802378487e-18, 7.5643747959e-18, 5.81827345059e-18, 9.33413185236e-18, 1.06089594514e-17, 1.09788944736e-17, 1.21682180671e-17, 1.2360599598e-17, 1.22368517241e-17, 1.21543197784e-17, 8.73033798167e-18, 9.03188336525e-18, 6.86040397635e-18, 4.2583311701e-18, 2.86922091804e-18, 1.15942163469e-18, 2.88798194302e-19, 2.72944108178e-20],
        "stdev": [0.134533554316, 1.0592662096, 2.80347585678, 5.79415893555, 11.2650842667, 10.2997407913, 10.1734466553, 15.8853769302, 13.6518230438, 22.8470687866, 36.1447715759, 46.9969291687, 53.5830154419, 46.0716667175, 50.3042678833, 80.693321228, 21.0925636292, 55.4459838867, 61.0837669373, 56.1948699951, 53.0644683838, 62.3012161255, 49.4371070862, 34.9786109924, 33.9590148926, 49.3113327026, 29.5040416718, 10.5285387039, 10.4970407486, 14.0815267563, 16.0258655548, 10.734462738, 7.2561879158, 3.62537360191, 1.45594382286, 0.528962910175, 0.136165976524, 0.0116495443508, 0.000221640031668, 2.32855800277e-05]
    },
    "gfcc": {
        "mean": [10.6418104172, 57.9284629822, -118.392997742, 37.34790802, -63.2995147705, 20.4498519897, -40.6812973022, 20.6748771667, -27.2901172638, 7.06273651123, -12.772485733, 4.93592453003, -8.21193027496],
        "cov": [[24051.0722656, 1501.49609375, -2056.49511719, 664.686096191, -1084.12487793, 161.235061646, -905.350158691, 217.288116455, -622.188232422, -39.3180770874, -340.30670166, -160.538986206, -190.612182617], [1501.49609375, 839.419799805, -74.1187362671, -43.6372489929, 49.6874847412, 44.5546112061, 79.3227462769, 5.13115978241, -12.511177063, -22.1266727448, 13.9317522049, -54.7121124268, -42.4593009949], [-2056.49511719, -74.1187362671, 744.11126709, 90.5394973755, 75.1875686646, 68.0481185913, 43.3040809631, -8.33329391479, 80.172744751, -21.8771190643, -44.8787345886, 76.9462814331, -54.0862808228], [664.686096191, -43.6372489929, 90.5394973755, 303.792907715, 41.4080238342, -21.8413009644, -74.679901123, 46.0381584167, 28.1070308685, -21.5710048676, -14.4586019516, 18.5557250977, 17.1560554504], [-1084.12487793, 49.6874847412, 75.1875686646, 41.4080238342, 266.542205811, 43.4496612549, 94.7102661133, 25.6813163757, 40.2646789551, 19.9711608887, 26.3517551422, -12.3298635483, 18.7192134857], [161.235061646, 44.5546112061, 68.0481185913, -21.8413009644, 43.4496612549, 226.934631348, 111.310745239, -3.4566693306, 14.805973053, 30.0408477783, -7.4431810379, -18.3667545319, -36.2781867981], [-905.350158691, 79.3227462769, 43.3040809631, -74.679901123, 94.7102661133, 111.310745239, 228.640930176, 47.3815078735, 48.6021652222, 38.9913215637, 37.366771698, -9.83902072906, 10.6787509918], [217.288116455, 5.13115978241, -8.33329391479, 46.0381584167, 25.6813163757, -3.4566693306, 47.3815078735, 151.931030273, 62.9709587097, 26.9454574585, 32.0215644836, 21.6588878632, 45.0812416077], [-622.188232422, -12.511177063, 80.172744751, 28.1070308685, 40.2646789551, 14.805973053, 48.6021652222, 62.9709587097, 119.062217712, 34.6463851929, 26.9442977905, 13.8478937149, 18.4099979401], [-39.3180770874, -22.1266727448, -21.8771190643, -21.5710048676, 19.9711608887, 30.0408477783, 38.9913215637, 26.9454574585, 34.6463851929, 87.2441711426, 39.9572143555, 9.88599395752, 5.21884155273], [-340.30670166, 13.9317522049, -44.8787345886, -14.4586019516, 26.3517551422, -7.4431810379, 37.366771698, 32.0215644836, 26.9442977905, 39.9572143555, 112.560020447, 40.0046577454, 38.148639679], [-160.538986206, -54.7121124268, 76.9462814331, 18.5557250977, -12.3298635483, -18.3667545319, -9.83902072906, 21.6588878632, 13.8478937149, 9.88599395752, 40.0046577454, 125.065330505, 43.5385360718], [-190.612182617, -42.4593009949, -54.0862808228, 17.1560554504, 18.7192134857, -36.2781867981, 10.6787509918, 45.0812416077, 18.4099979401, 5.21884155273, 38.148639679, 43.5385360718, 99.0751037598]],
        "icov": [[0.000452578882687, -0.000956271542236, 0.0011933427304, -0.00130012107547, 0.00133461679798, -0.00151300453581, 0.00155558460392, -0.001854022732, 0.00189325388055, -0.00134079146665, 0.00147175358143, -0.000856404658407, 0.000735750363674], [-0.000956271542236, 0.00338651426136, -0.00231216358952, 0.00280054076575, -0.00303209479898, 0.00315359351225, -0.00373605731875, 0.00365528534167, -0.00391793390736, 0.00372301274911, -0.00364484684542, 0.00201981025748, -0.000620823237114], [0.0011933427304, -0.00231216358952, 0.00541307590902, -0.0039201839827, 0.0029329014942, -0.0041549038142, 0.00343720894307, -0.00429533747956, 0.00312862289138, -0.00237480294891, 0.00504887476563, -0.00474783079699, 0.00413345592096], [-0.00130012107547, 0.00280054076575, -0.0039201839827, 0.00849680695683, -0.0051137516275, 0.00353808049113, -0.00155427120626, 0.0033465353772, -0.00613556010649, 0.00502530299127, -0.00406157691032, 0.0025357590057, -0.00268107443117], [0.00133461679798, -0.00303209479898, 0.0029329014942, -0.0051137516275, 0.00910501554608, -0.00432572001591, 0.00240865861997, -0.00470270588994, 0.0054083596915, -0.0045981449075, 0.00350881530903, -0.00097522244323, 0.000645589199848], [-0.00151300453581, 0.00315359351225, -0.0041549038142, 0.00353808049113, -0.00432572001591, 0.0119510106742, -0.00909103825688, 0.00704258074984, -0.00578453904018, 0.00240517314523, -0.00364658120088, 0.00256522698328, -0.00024653802393], [0.00155558460392, -0.00373605731875, 0.00343720894307, -0.00155427120626, 0.00240865861997, -0.00909103825688, 0.014942066744, -0.00881408527493, 0.00532001629472, -0.00468164170161, 0.00337468483485, -0.00148151093163, 0.000763069256209], [-0.001854022732, 0.00365528534167, -0.00429533747956, 0.0033465353772, -0.00470270588994, 0.00704258074984, -0.00881408527493, 0.0183135941625, -0.0119134131819, 0.00414473190904, -0.00571415666491, 0.00296018226072, -0.00594582548365], [0.00189325388055, -0.00391793390736, 0.00312862289138, -0.00613556010649, 0.0054083596915, -0.00578453904018, 0.00532001629472, -0.0119134131819, 0.0218801591545, -0.00963694415987, 0.00490555213764, -0.00201775599271, 0.0018809933681], [-0.00134079146665, 0.00372301274911, -0.00237480294891, 0.00502530299127, -0.0045981449075, 0.00240517314523, -0.00468164170161, 0.00414473190904, -0.00963694415987, 0.0213448051363, -0.00928095076233, 0.00150888110511, 0.000794369319919], [0.00147175358143, -0.00364484684542, 0.00504887476563, -0.00406157691032, 0.00350881530903, -0.00364658120088, 0.00337468483485, -0.00571415666491, 0.00490555213764, -0.00928095076233, 0.0193119496107, -0.00722982594743, 0.000285624584649], [-0.000856404658407, 0.00201981025748, -0.00474783079699, 0.0025357590057, -0.00097522244323, 0.00256522698328, -0.00148151093163, 0.00296018226072, -0.00201775599271, 0.00150888110511, -0.00722982594743, 0.0149592496455, -0.00737129570916], [0.000735750363674, -0.000620823237114, 0.00413345592096, -0.00268107443117, 0.000645589199848, -0.00024653802393, 0.000763069256209, -0.00594582548365, 0.0018809933681, 0.000794369319919, 0.000285624584649, -0.00737129570916, 0.0191125236452]]
    },
    "melbands": {
        "max": [0.00806824490428, 0.0106139359996, 0.0105282925069, 0.00691378768533, 0.00413637189195, 0.00481385318562, 0.00251049175858, 0.00357017782517, 0.00347187859006, 0.00396706769243, 0.00390953198075, 0.00455604493618, 0.00208539771847, 0.00241612130776, 0.000890157651156, 0.00107523961924, 0.00108191545587, 0.00143982714508, 0.00109085673466, 0.000568189600017, 0.000957123469561, 0.000659334124066, 0.000943559163716, 0.000493981293403, 0.000335729419021, 0.000453569256933, 0.000221563357627, 0.000260589033132, 0.000181456329301, 5.85640882491e-05, 8.11208883533e-05, 7.64413853176e-05, 9.29623929551e-05, 0.000204347597901, 0.000215709529584, 0.000126305676531, 6.98295698385e-05, 9.32958573685e-05, 5.18760971318e-05, 3.76827301807e-05],
        "mean": [0.000926895998418, 0.000875136756804, 0.000502598006278, 0.000385397870559, 0.000307971524308, 0.000239525164943, 0.000155204921612, 0.000173923297552, 0.000165068515344, 0.000170952422195, 0.000142558608786, 8.53981255204e-05, 9.80472832453e-05, 0.000149753046571, 4.66928468086e-05, 4.10608954553e-05, 5.756007522e-05, 5.37967207492e-05, 5.41360313946e-05, 3.1013682019e-05, 4.6370576456e-05, 3.68538458133e-05, 3.46246270055e-05, 3.14306271321e-05, 2.00296653929e-05, 1.69394916156e-05, 1.89789043361e-05, 2.81072880171e-05, 1.84355449164e-05, 5.95469646214e-06, 3.94190783481e-06, 3.92442825614e-06, 3.28921260007e-06, 3.74739420295e-06, 5.05269508722e-06, 4.89758076583e-06, 4.09798303735e-06, 3.29908721142e-06, 2.53070084e-06, 1.55453926709e-06],
        "min": [3.92115855828e-24, 1.95355092291e-24, 1.95234179635e-24, 1.0748429021e-24, 3.67193294364e-24, 4.60472152102e-24, 2.88760443875e-24, 3.59862528301e-24, 2.16701964209e-24, 2.97795504481e-24, 2.9482282021e-24, 2.87439969606e-24, 3.48967412566e-24, 4.14709621015e-24, 3.48139226945e-24, 3.93005020398e-24, 2.80961705801e-24, 3.51713674036e-24, 4.47851166479e-24, 3.59006456446e-24, 2.24390971731e-24, 4.23833980675e-24, 4.58272413467e-24, 6.17456418874e-24, 5.17800843452e-24, 4.46946895223e-24, 4.43975887282e-24, 5.49937301236e-24, 5.53155695957e-24, 6.24404547955e-24, 6.07625476501e-24, 6.03620271913e-24, 5.32293993217e-24, 7.35648056201e-24, 7.23302856351e-24, 5.65772618946e-24, 6.1915388977e-24, 4.44551637414e-24, 6.79571247665e-24, 7.58920083994e-24],
        "stdev": [0.00119146110956, 0.00129625143018, 0.00116141501348, 0.000722041469999, 0.000372713577235, 0.000335167394951, 0.000206293756492, 0.000241800487856, 0.000291481410386, 0.00034017598955, 0.000271483295364, 0.000188456178876, 0.000150361593114, 0.000273918733001, 8.63029054017e-05, 7.4092487921e-05, 0.000111331006337, 0.000114827693324, 0.000105973231257, 4.95868625876e-05, 7.68295285525e-05, 6.316305371e-05, 6.86241037329e-05, 4.88855439471e-05, 2.89004037768e-05, 2.85216319753e-05, 2.56836628978e-05, 3.81153113267e-05, 2.5773400921e-05, 7.63435491535e-06, 6.02092450208e-06, 6.15037197349e-06, 5.90226636632e-06, 9.24287269299e-06, 1.01297273432e-05, 8.04575029179e-06, 6.20226819592e-06, 5.53093013878e-06, 4.06000572184e-06, 2.79001960735e-06]
    },
    "melbands128": {
        "max": [0.00065977795748, 0.00558851566166, 0.0133505016565, 0.0157239083201, 0.0150181027129, 0.0110478829592, 0.0107539733872, 0.0134760886431, 0.0105292890221, 0.0069786789827, 0.0078014517203, 0.00685478607193, 0.00440632319078, 0.00582419103011, 0.00759003404528, 0.0068962899968, 0.00409856857732, 0.00435199867934, 0.00385939935222, 0.00504516903311, 0.00371809746139, 0.00547385308892, 0.00558561459184, 0.0078494027257, 0.00564472889528, 0.00900119449943, 0.00834449473768, 0.00771853281185, 0.0030773782637, 0.00368484715, 0.00877694506198, 0.00334473187104, 0.00248819775879, 0.00388297368772, 0.0057478453964, 0.00521858548746, 0.00294197979383, 0.00143506610766, 0.000674905604683, 0.000898323778529, 0.00107909191865, 0.0041853254661, 0.00193968787789, 0.00164217385463, 0.00405800202861, 0.0030657008756, 0.00195184303448, 0.00260371575132, 0.00238523609005, 0.00146630092058, 0.000739901093766, 0.000618811813183, 0.00118236232083, 0.00197485275567, 0.00213947962038, 0.000954203074798, 0.00159535114653, 0.00188208871987, 0.00212691328488, 0.00046383231529, 0.00113209383562, 0.000616605510004, 0.00073127693031, 0.000451257947134, 0.000782758987043, 0.000857189879753, 0.000381417165045, 0.000410374603234, 0.000370952067897, 0.000501626112964, 0.00060709763784, 0.000535704544745, 0.000563302019145, 0.000336349825375, 0.000128627478261, 9.75448638201e-05, 8.43635862111e-05, 7.93275467004e-05, 8.7162690761e-05, 0.000115822695079, 8.39359563543e-05, 0.000106941908598, 7.80795453466e-05, 0.00011528498726, 0.00010832965927, 0.000170133018401, 0.000337347446475, 0.000308606919134, 0.000209412071854, 0.000141753771459, 0.000138187155244, 0.000161679316079, 0.000108421569166, 9.26164939301e-05, 8.87166170287e-05, 8.94872500794e-05, 0.000121035060147, 0.000116258888738, 5.37184314453e-05, 8.31335273688e-05, 5.50174663658e-05, 4.04147176596e-05, 2.20681758947e-05, 3.80602032237e-05, 2.12507657125e-05, 2.95229219773e-05, 2.23052811634e-05, 1.62313099281e-05, 1.70272378455e-05, 1.00443394331e-05, 6.64439630782e-06, 6.27832469036e-06, 3.34136575475e-06, 3.83731412512e-06, 6.87480769557e-06, 2.08181950256e-06, 1.75483847897e-07, 9.62602264565e-09, 7.3935053635e-09, 2.27657412921e-08, 9.28472942974e-09, 5.5762918727e-09, 5.5185900294e-09, 5.36717914557e-09, 5.3139328493e-09, 5.27112709037e-09, 5.21804865983e-09, 5.18867482313e-09],
        "mean": [7.33416090952e-05, 0.000732492597308, 0.00131343654357, 0.00125991890673, 0.000892927288078, 0.000560654851142, 0.000469192542369, 0.000536092673428, 0.000493765051942, 0.000332153460477, 0.000351187947672, 0.000384286540793, 0.000295193254715, 0.00021487424965, 0.000233494196436, 0.000292488548439, 0.00016512858565, 0.000106568382762, 0.000156585534569, 0.000202714203624, 0.000139074458275, 0.000224511997658, 0.00017483632837, 0.00010144024418, 0.00010648794705, 0.00023387321562, 0.000256791507127, 0.000106701707409, 7.31521431589e-05, 8.0840276496e-05, 7.8763703641e-05, 0.000115115566587, 9.33615301619e-05, 6.61020167172e-05, 0.000185052471352, 0.000177912792424, 0.000111639892566, 2.01256571017e-05, 2.69540214504e-05, 2.17210672417e-05, 3.37894452969e-05, 8.94363984116e-05, 4.83628318761e-05, 4.85533892061e-05, 6.27335830359e-05, 5.04333474964e-05, 4.73933323519e-05, 6.34388561593e-05, 5.34319951839e-05, 4.26266378781e-05, 1.87886180356e-05, 2.42038240685e-05, 5.90286945226e-05, 4.99669004057e-05, 3.77214819309e-05, 2.65852431767e-05, 4.33069835708e-05, 4.96659631608e-05, 2.56898601947e-05, 1.96308119484e-05, 4.10226857639e-05, 3.12213014695e-05, 1.85780172615e-05, 1.67651141965e-05, 2.22903199756e-05, 1.66044337675e-05, 1.27964785861e-05, 1.86893230421e-05, 1.83310912689e-05, 2.26730971917e-05, 2.97517635772e-05, 3.2420259231e-05, 2.25290477829e-05, 1.93963041966e-05, 7.81315156928e-06, 6.1972682488e-06, 4.90338925374e-06, 3.85196199204e-06, 3.84875829695e-06, 4.0607255869e-06, 3.75492595595e-06, 4.39994664703e-06, 3.07725485982e-06, 3.35991944667e-06, 3.08467997456e-06, 3.34737842422e-06, 3.79913421966e-06, 4.90051888846e-06, 5.43541773368e-06, 4.81146025777e-06, 5.03903720528e-06, 4.72066903967e-06, 5.18047636433e-06, 4.02911928177e-06, 3.60584112968e-06, 3.31282399202e-06, 3.39693315254e-06, 3.00310671264e-06, 2.67083601102e-06, 2.21709069592e-06, 1.91983349396e-06, 1.37776248721e-06, 1.18147795547e-06, 1.2079968883e-06, 9.96903509076e-07, 8.71996007845e-07, 6.61640683575e-07, 6.04438810115e-07, 6.59130364511e-07, 5.04094714415e-07, 4.51214987152e-07, 4.37687504018e-07, 2.25201475246e-07, 1.99678211743e-07, 1.74958984189e-07, 6.04853056529e-08, 3.42116646124e-09, 7.481867903e-11, 3.56292009784e-11, 5.49613791978e-11, 2.36049339797e-11, 1.18816892089e-11, 9.65643710826e-12, 8.08790014128e-12, 7.48112682913e-12, 6.84176977225e-12, 6.48037179474e-12, 6.39673730651e-12],
        "min": [7.65534386861e-25, 1.21730240551e-24, 3.33459097423e-25, 4.06829275281e-25, 1.26069044555e-24, 1.69203840523e-24, 1.38700610774e-24, 7.6204269128e-25, 1.22363949772e-25, 4.9648928292e-25, 4.347585012e-25, 1.94729565036e-24, 2.46299828158e-24, 2.240745399e-24, 1.16849706042e-24, 2.04030412602e-24, 1.49424967705e-24, 1.8147620879e-24, 2.3015614472e-24, 3.23489019708e-24, 2.08282925084e-24, 2.24524289224e-24, 7.15091613049e-25, 2.04583127995e-24, 2.86987656484e-24, 6.15543924217e-25, 1.23815722544e-24, 1.79825517346e-24, 3.2155812487e-24, 1.17083021515e-24, 1.58714909269e-24, 2.77826673956e-24, 7.77365426895e-25, 1.55158260852e-24, 2.23972974058e-24, 1.51139832984e-24, 2.02054177984e-24, 9.79954965332e-25, 1.61083671213e-24, 2.78452003996e-24, 4.0907001496e-24, 3.1630429152e-24, 4.61370575926e-25, 1.79252587392e-24, 4.3069072022e-24, 1.62113016365e-24, 1.82365787511e-24, 1.59511274214e-24, 1.67147082928e-24, 2.74726963358e-24, 4.70890085874e-24, 2.7670933137e-24, 2.70846832667e-24, 9.77236353438e-25, 2.20960255097e-24, 2.86811464401e-24, 8.88897145473e-25, 2.26084202499e-24, 3.12489813777e-24, 2.94291108238e-24, 2.49931211284e-24, 4.47061280055e-24, 4.86111354256e-24, 3.9252373636e-24, 2.70579053833e-24, 3.45406849428e-24, 3.07335909382e-24, 2.86478998972e-24, 1.84837249284e-24, 4.49975687226e-24, 5.08849086557e-24, 3.46478635297e-24, 3.05761047193e-24, 4.77178451137e-24, 2.14224763473e-24, 2.64300647939e-24, 3.10837307953e-24, 3.88213124272e-24, 4.46049565944e-24, 4.33103254084e-24, 3.43116865106e-24, 4.60466630075e-24, 4.09524122741e-24, 3.44033955351e-24, 4.23546085888e-24, 5.81125863757e-24, 6.32898923296e-24, 7.44779831154e-24, 5.1732366149e-24, 3.74348499432e-24, 4.35673126255e-24, 6.21557272846e-24, 3.59932342491e-24, 5.26284253626e-24, 2.8776176569e-24, 4.38634588979e-24, 2.63824452053e-24, 5.54107377753e-24, 6.15026608956e-24, 4.77739252355e-24, 5.34113264237e-24, 5.86496744344e-24, 6.8400085942e-24, 6.60844951952e-24, 4.92003356357e-24, 6.19381515584e-24, 6.4650196186e-24, 7.11899556422e-24, 4.0506930688e-24, 4.76805674916e-24, 5.29498349055e-24, 5.41782964388e-24, 6.96349530258e-24, 7.54473432843e-24, 6.25265234645e-24, 6.58399246488e-24, 6.24859917912e-24, 5.15551682682e-24, 3.75940617954e-24, 7.27750769679e-24, 6.52986082956e-24, 5.18277749312e-24, 6.42871347872e-24, 5.4751190894e-24, 7.48589871554e-24, 7.3762210173e-24, 7.26682099811e-24, 7.42496315491e-24],
        "stdev": [0.000101492943941, 0.00107596663292, 0.00190370285418, 0.00191769050434, 0.0016134781763, 0.0012095014099, 0.00116262980737, 0.00144754769281, 0.00123851152603, 0.000717378337868, 0.00062963925302, 0.00056494778255, 0.000406756182201, 0.000380113517167, 0.000433178473031, 0.000501974718645, 0.000293950288324, 0.000261000037426, 0.000266839837423, 0.000385039689718, 0.000251378427492, 0.000416868162574, 0.000400575314416, 0.000350715039531, 0.000347275374224, 0.00058354518842, 0.000613266718574, 0.000314102770062, 0.000186595338164, 0.000224982533837, 0.000301684223814, 0.000217894732486, 0.000189521975699, 0.000199423331651, 0.000457416550489, 0.000409177242545, 0.000275358674116, 6.6284861532e-05, 6.02361251367e-05, 5.05622701894e-05, 8.07968972367e-05, 0.000226478558034, 0.000118271738756, 0.000159224349773, 0.000258773477981, 0.000140671530971, 0.000125723789097, 0.000188353384146, 0.000135490787216, 0.000107253552414, 4.68688194815e-05, 4.86894605274e-05, 0.000109005057311, 0.000140374395414, 0.000117988165584, 6.35315300315e-05, 0.00012418931874, 0.000146439720993, 7.77512686909e-05, 3.95184470108e-05, 8.99985898286e-05, 6.46797634545e-05, 4.80501366837e-05, 3.34952092089e-05, 4.97856599395e-05, 4.15863869421e-05, 2.59104326688e-05, 3.56884847861e-05, 3.43500505551e-05, 4.09603017033e-05, 5.69446019654e-05, 6.52083690511e-05, 4.32131455455e-05, 3.80430392397e-05, 1.22594092318e-05, 9.45485862758e-06, 7.83976793173e-06, 6.32933688394e-06, 6.56710881231e-06, 7.02015404386e-06, 6.00630983172e-06, 8.14998111309e-06, 4.91974878969e-06, 6.70480494591e-06, 6.61243893774e-06, 8.40106349642e-06, 1.21737839436e-05, 1.19034166346e-05, 1.12667230496e-05, 9.13074836717e-06, 9.3210792329e-06, 8.68299321155e-06, 7.4911572483e-06, 6.69999644742e-06, 6.1855948843e-06, 6.13009706285e-06, 6.06399407843e-06, 5.48061871086e-06, 4.37704284195e-06, 4.42767850473e-06, 3.96426412408e-06, 2.84094767267e-06, 2.07372886507e-06, 2.26769589062e-06, 1.8161205162e-06, 1.80027689112e-06, 1.18582181585e-06, 1.018031071e-06, 1.14254396522e-06, 8.57619852468e-07, 6.28927580237e-07, 7.40779285024e-07, 3.79916940574e-07, 3.30227720724e-07, 3.56853803396e-07, 1.29707245833e-07, 6.3504081993e-09, 3.81016856954e-10, 3.2784805426e-10, 6.81520395673e-10, 2.96594387938e-10, 1.41609182713e-10, 1.35420175074e-10, 1.24007623614e-10, 1.22362758814e-10, 1.21281401588e-10, 1.20024545858e-10, 1.19305815227e-10]
    },
    "mfcc": {
        "mean": [-621.043457031, 86.9251174927, 2.24874067307, 18.1071052551, 4.78740644455, -1.99961161613, 4.36760377884, 5.03423070908, -1.20502114296, 6.0254406929, -7.7469420433, 6.13550567627, 1.71071016788],
        "cov": [[9581.03417969, 697.895935059, -378.19140625, 122.25806427, 16.8219909668, -146.19909668, 18.6239891052, -103.688064575, -114.093215942, 125.41583252, -198.809738159, -62.6289520264, -101.740356445], [697.895935059, 806.585449219, -42.3645935059, -41.4968643188, -30.1861114502, 62.242351532, 102.731781006, 49.7786178589, -3.96456885338, 80.2882614136, 36.4398422241, -8.54649353027, -23.5211009979], [-378.19140625, -42.3645935059, 542.405151367, 57.6861305237, 44.6575927734, 70.03125, -82.4783554077, 82.4794158936, 39.8260612488, -83.4217529297, 30.5532054901, 35.9699058533, 32.5014305115], [122.25806427, -41.4968643188, 57.6861305237, 265.374359131, 123.325813293, -61.4702262878, -36.4668579102, 22.3707942963, 35.3534812927, -37.6078033447, -46.3960456848, 79.1562652588, 35.7567749023], [16.8219909668, -30.1861114502, 44.6575927734, 123.325813293, 191.829208374, 5.42775630951, -9.39684772491, 17.4164867401, 29.3400917053, -13.8906202316, -18.6081466675, 49.7179374695, 24.1217784882], [-146.19909668, 62.242351532, 70.03125, -61.4702262878, 5.42775630951, 233.174240112, 62.1814117432, 28.9107093811, -3.96836590767, 39.4542808533, 67.051322937, -62.4084014893, -28.2256641388], [18.6239891052, 102.731781006, -82.4783554077, -36.4668579102, -9.39684772491, 62.1814117432, 159.750900269, 32.1574020386, 18.9284744263, 60.9679260254, 28.9639034271, -7.57784461975, -8.94469261169], [-103.688064575, 49.7786178589, 82.4794158936, 22.3707942963, 17.4164867401, 28.9107093811, 32.1574020386, 107.914909363, 53.6928749084, 8.81252288818, 12.1484079361, 24.2831935883, 20.5848846436], [-114.093215942, -3.96456885338, 39.8260612488, 35.3534812927, 29.3400917053, -3.96836590767, 18.9284744263, 53.6928749084, 125.48789978, 27.6988067627, 8.62265300751, 22.9773349762, 14.3092956543], [125.41583252, 80.2882614136, -83.4217529297, -37.6078033447, -13.8906202316, 39.4542808533, 60.9679260254, 8.81252288818, 27.6988067627, 167.232681274, 55.929485321, -22.1520957947, -32.8223381042], [-198.809738159, 36.4398422241, 30.5532054901, -46.3960456848, -18.6081466675, 67.051322937, 28.9639034271, 12.1484079361, 8.62265300751, 55.929485321, 112.307983398, -6.61135101318, -10.2070007324], [-62.6289520264, -8.54649353027, 35.9699058533, 79.1562652588, 49.7179374695, -62.4084014893, -7.57784461975, 24.2831935883, 22.9773349762, -22.1520957947, -6.61135101318, 135.534927368, 62.8531761169], [-101.740356445, -23.5211009979, 32.5014305115, 35.7567749023, 24.1217784882, -28.2256641388, -8.94469261169, 20.5848846436, 14.3092956543, -32.8223381042, -10.2070007324, 62.8531761169, 92.6088562012]],
        "icov": [[0.000125585327623, -0.000116683448141, 2.6468293072e-05, -8.12507059891e-05, -8.46071179694e-06, 3.60089179594e-05, 3.29937174683e-05, 6.7529239459e-05, 9.50487374212e-05, -0.000151832049596, 0.000257212639553, 4.32841843576e-05, 6.22439038125e-05], [-0.000116683448141, 0.0015359747922, -1.33173798531e-05, 7.32427361072e-05, 0.000183693715371, -0.000122936326079, -0.000643665087409, -0.000776188448071, 0.000409806030802, -0.000312123447657, -0.000186280551134, -0.000260833854554, 0.000245915056439], [2.6468293072e-05, -1.33173798531e-05, 0.00310260057449, -0.000299294362776, 2.34911703956e-06, -0.00134917488322, 0.0021789255552, -0.00224003940821, -0.000473904801765, 0.0015513949329, -0.00117924984079, -0.000564045622014, 0.000224841933232], [-8.12507059891e-05, 7.32427361072e-05, -0.000299294362776, 0.00674049276859, -0.00343827158213, 0.000819089240395, 0.000627551402431, -0.000581696280278, -0.000697918410879, 0.000176568632014, 0.00143026129808, -0.00215362408198, 0.000556667684577], [-8.46071179694e-06, 0.000183693715371, 2.34911703956e-06, -0.00343827158213, 0.00817720033228, -0.00204628636129, 0.000180002854904, 0.000603920547292, -0.00097460456891, -0.000236493258853, 0.00104651029687, -0.00179955025669, -0.000102907149994], [3.60089179594e-05, -0.000122936326079, -0.00134917488322, 0.000819089240395, -0.00204628636129, 0.00793752726167, -0.00276562687941, -0.0012180878548, 0.00142067694105, -7.54914071877e-05, -0.00327836116776, 0.0040551838465, -0.000238394946791], [3.29937174683e-05, -0.000643665087409, 0.0021789255552, 0.000627551402431, 0.000180002854904, -0.00276562687941, 0.0102072479203, -0.00307245296426, -0.000666982727125, -0.00141867191996, 7.74957970862e-06, -0.00139675289392, 0.000193849642528], [6.7529239459e-05, -0.000776188448071, -0.00224003940821, -0.000581696280278, 0.000603920547292, -0.0012180878548, -0.00307245296426, 0.0157418772578, -0.00512331398204, -0.000287061178824, 0.000956750067417, -0.00111629546154, -0.00188363040797], [9.50487374212e-05, 0.000409806030802, -0.000473904801765, -0.000697918410879, -0.00097460456891, 0.00142067694105, -0.000666982727125, -0.00512331398204, 0.0115301478654, -0.00250364653766, -7.16969370842e-05, 0.000370419234969, -0.000522679823916], [-0.000151832049596, -0.000312123447657, 0.0015513949329, 0.000176568632014, -0.000236493258853, -7.54914071877e-05, -0.00141867191996, -0.000287061178824, -0.00250364653766, 0.0100765358657, -0.00470866216347, 0.000117452545965, 0.00246613216586], [0.000257212639553, -0.000186280551134, -0.00117924984079, 0.00143026129808, 0.00104651029687, -0.00327836116776, 7.74957970862e-06, 0.000956750067417, -7.16969370842e-05, -0.00470866216347, 0.0145841566846, -0.00271317129955, 0.000404268474085], [4.32841843576e-05, -0.000260833854554, -0.000564045622014, -0.00215362408198, -0.00179955025669, 0.0040551838465, -0.00139675289392, -0.00111629546154, 0.000370419234969, 0.000117452545965, -0.00271317129955, 0.0147340437397, -0.00748587865382], [6.22439038125e-05, 0.000245915056439, 0.000224841933232, 0.000556667684577, -0.000102907149994, -0.000238394946791, 0.000193849642528, -0.00188363040797, -0.000522679823916, 0.00246613216586, 0.000404268474085, -0.00748587865382, 0.0171066503972]]
    },
    "spectral_contrast_coeffs": {
        "max": [-0.461556017399, -0.524567842484, -0.509948432446, -0.600129842758, -0.601189494133, -0.634443283081],
        "mean": [-0.73540854454, -0.750643610954, -0.746135592461, -0.776764750481, -0.77327889204, -0.792648613453],
        "min": [-0.982864320278, -0.973678052425, -0.973702609539, -0.968386054039, -0.96475315094, -0.964752852917],
        "stdev": [0.0751754939556, 0.067773796618, 0.0731044635177, 0.0608360953629, 0.0557460486889, 0.0319524109364]
    },
    "spectral_contrast_valleys": {
        "max": [-5.35845470428, -5.14522314072, -5.68214607239, -5.92139863968, -5.6200466156, -7.39314985275],
        "mean": [-7.0698723793, -7.07353115082, -7.532122612, -7.7565536499, -7.40090227127, -9.60651397705],
        "min": [-27.9948177338, -27.7662200928, -27.7987976074, -27.7414798737, -27.39361763, -27.3950462341],
        "stdev": [2.24899578094, 2.21127867699, 2.16004157066, 2.12410068512, 2.13793683052, 1.94203925133]
    }
},
"rhythm": {
    "beats_count": 99,
    "beats_loudness": {
        "max": 0.0486990958452,
        "mean": 0.0237790327519,
        "min": 2.45180320491e-09,
        "stdev": 0.00899956095964
    },
    "bpm": 123.653251648,
    "bpm_histogram_first_peak_bpm": 123,
    "bpm_histogram_first_peak_weight": 0.28888887167,
    "bpm_histogram_second_peak_bpm": 115,
    "bpm_histogram_second_peak_spread": 0.16666662693,
    "bpm_histogram_second_peak_weight": 0.0510204099119,
    "danceability": 1.19302082062,
    "onset_rate": 5.3115234375,
    "beats_loudness_band_ratio": {
        "max": [0.866343736649, 0.618326425552, 0.584697961807, 0.480371028185, 0.459727674723, 0.642415106297],
        "mean": [0.26210346818, 0.16186837852, 0.160925656557, 0.126071751118, 0.148040995002, 0.17457254231],
        "min": [0.00441910186782, 0.00210584909655, 0.0150950886309, 0.00526295183226, 0.00383293954656, 0.00727076781914],
        "stdev": [0.227755829692, 0.118629425764, 0.130907818675, 0.113419830799, 0.111232861876, 0.105842635036]
    },
