{
"metadata": {
    "version": {
        "essentia": "2.1-beta5",
        "essentia_git_sha": "Undefined",
        "extractor": "music 2.0"
    },
    "audio_properties": {
        "analysis": {
            "equal_loudness": 0,
            "length": 12.7477550507,
            "sample_rate": 44100,
            "start_time": 0,
            "downmix": "mix"
        },
        "bit_rate": 192000,
        "length": 183.019683838,
        "lossless": 0,
        "number_channels": 2,
        "replay_gain": -3.02703094482,
        "sample_rate": 44100,
        "codec": "mp3",
        "md5_encoded": "47ddde32803be3b95395d56eca6bc49a"
    },
    "tags": {
        "file_name": "Israel_Ein Davar_Tal Sondak.mp3",
        "encoding": ["Lavf58.29.100"]
    }
},
"lowlevel": {
    "average_loudness": 0.959070801735,
    "barkbands_crest": {
        "max": 19.7350673676,
        "mean": 8.16411590576,
        "min": 3.73726558685,
        "stdev": 2.60675239563
    },
    "barkbands_flatness_db": {
        "max": 0.275234133005,
        "mean": 0.180198356509,
        "min": 0.0681501999497,
        "stdev": 0.0296824611723
    },
    "barkbands_kurtosis": {
        "max": 45.2386703491,
        "mean": 5.98646640778,
        "min": -1.47992479801,
        "stdev": 7.8406162262
    },
    "barkbands_skewness": {
        "max": 5.30890035629,
        "mean": 1.6891528368,
        "min": -2.00648403168,
        "stdev": 1.06725001335
    },
    "barkbands_spread": {
        "max": 40.1241950989,
        "mean": 13.0137710571,
        "min": 2.75148510933,
        "stdev": 6.65953016281
    },
    "dissonance": {
        "max": 0.499175518751,
        "mean": 0.4351606071,
        "min": 0.207757115364,
        "stdev": 0.0309884119779
    },
    "dynamic_complexity": 2.34096360207,
    "erbbands_crest": {
        "max": 25.516336441,
        "mean": 10.6541032791,
        "min": 2.76031827927,
        "stdev": 3.98103618622
    },
    "erbbands_flatness_db": {
        "max": 0.321197628975,
        "mean": 0.219516441226,
        "min": 0.0933924391866,
        "stdev": 0.032208442688
    },
    "erbbands_kurtosis": {
        "max": 13.8789157867,
        "mean": 1.72015154362,
        "min": -1.48630166054,
        "stdev": 3.03969049454
    },
    "erbbands_skewness": {
        "max": 3.19197654724,
        "mean": 0.988258361816,
        "min": -0.837783873081,
        "stdev": 0.753301501274
    },
    "erbbands_spread": {
        "max": 58.8993148804,
        "mean": 26.7917232513,
        "min": 6.57381439209,
        "stdev": 9.32414340973
    },
    "hfc": {
        "max": 58.3665847778,
        "mean": 17.8915481567,
        "min": 1.05468552273e-16,
        "stdev": 12.8039388657
    },
    "loudness_ebu128": {
        "integrated": -21.5269622803,
        "loudness_range": 4.23241043091,
        "momentary": {
            "max": -18.6120815277,
            "mean": -22.3495559692,
            "min": -33.9480667114,
            "stdev": 2.92237496376
        },
        "short_term": {
            "max": -19.5828609467,
            "mean": -21.4840316772,
            "min": -25.3357582092,
            "stdev": 1.55015873909
        }
    },
    "melbands_crest": {
        "max": 22.7044467926,
        "mean": 11.0865592957,
        "min": 2.028455019,
        "stdev": 3.60227394104
    },
    "melbands_flatness_db": {
        "max": 0.328516304493,
        "mean": 0.206708937883,
        "min": 0.006496806629,
        "stdev": 0.0458932258189
    },
    "melbands_kurtosis": {
        "max": 68.8574829102,
        "mean": 9.62639427185,
        "min": -1.36526489258,
        "stdev": 10.8416919708
    },
    "melbands_skewness": {
        "max": 5.49931335449,
        "mean": 1.9810706377,
        "min": -0.628828465939,
        "stdev": 0.997977495193
    },
    "melbands_spread": {
        "max": 150.231613159,
        "mean": 18.1275463104,
        "min": 2.59933876991,
        "stdev": 14.655872345
    },
    "pitch_salience": {
        "max": 0.975634157658,
        "mean": 0.603675544262,
        "min": 0.399251818657,
        "stdev": 0.0822560191154
    },
    "silence_rate_20dB": {
        "max": 1,
        "mean": 1,
        "min": 1,
        "stdev": 0
    },
    "silence_rate_30dB": {
        "max": 1,
        "mean": 1,
        "min": 1,
        "stdev": 0
    },
    "silence_rate_60dB": {
        "max": 1,
        "mean": 0.0436363629997,
        "min": 0,
        "stdev": 0.204283252358
    },
    "spectral_centroid": {
        "max": 11095.9833984,
        "mean": 1245.33276367,
        "min": 301.664642334,
        "stdev": 1051.90527344
    },
    "spectral_complexity": {
        "max": 27,
        "mean": 15.2781820297,
        "min": 0,
        "stdev": 5.66944742203
    },
    "spectral_decrease": {
        "max": 2.08966807862e-27,
        "mean": -5.30859400882e-09,
        "min": -1.35841009552e-08,
        "stdev": 2.62896171499e-09
    },
    "spectral_energy": {
        "max": 0.0555283688009,
        "mean": 0.0216586831957,
        "min": 9.90663086322e-21,
        "stdev": 0.0108995540068
    },
    "spectral_energyband_high": {
        "max": 0.000911273353267,
        "mean": 0.000167096484802,
        "min": 7.34769755509e-21,
        "stdev": 0.000123460602481
    },
    "spectral_energyband_low": {
        "max": 0.00921388808638,
        "mean": 0.00135550589766,
        "min": 4.15169889799e-23,
        "stdev": 0.00159782916307
    },
    "spectral_energyband_middle_high": {
        "max": 0.0404827781022,
        "mean": 0.00654862634838,
        "min": 1.35895566151e-21,
        "stdev": 0.00635602418333
    },
    "spectral_energyband_middle_low": {
        "max": 0.0494686812162,
        "mean": 0.0147011149675,
        "min": 2.76024122055e-22,
        "stdev": 0.00778919039294
    },
    "spectral_entropy": {
        "max": 9.79917430878,
        "mean": 7.12873697281,
        "min": 6.41058635712,
        "stdev": 0.366493999958
    },
    "spectral_flux": {
        "max": 0.159433797002,
        "mean": 0.0573268719018,
        "min": 6.70658112378e-11,
        "stdev": 0.0238157138228
    },
    "spectral_kurtosis": {
        "max": 21.2881584167,
        "mean": 5.52804613113,
        "min": -1.26202237606,
        "stdev": 2.59319448471
    },
    "spectral_rms": {
        "max": 0.00736030004919,
        "mean": 0.00440905522555,
        "min": 3.1088590903e-12,
        "stdev": 0.00130025972612
    },
    "spectral_rolloff": {
        "max": 19143.0175781,
        "mean": 1393.39440918,
        "min": 301.46484375,
        "stdev": 1836.89941406
    },
    "spectral_skewness": {
        "max": 3.83901262283,
        "mean": 1.74808168411,
        "min": -0.00577316293493,
        "stdev": 0.469609498978
    },
    "spectral_spread": {
        "max": 41905072,
        "mean": 3940371.5,
        "min": 1901544.625,
        "stdev": 3329279.5
    },
    "spectral_strongpeak": {
        "max": 12.8630542755,
        "mean": 1.49916362762,
        "min": 1.87978366206e-09,
        "stdev": 1.29855906963
    },
    "zerocrossingrate": {
        "max": 0.51025390625,
        "mean": 0.0554483309388,
        "min": 0.01025390625,
        "stdev": 0.0466347634792
    },
    "barkbands": {
        "max": [8.41414585011e-05, 0.000541885965504, 0.00397217273712, 0.00769264250994, 0.0115368105471, 0.0153602194041, 0.0247783400118, 0.0162191223353, 0.0302908401936, 0.0303009394556, 0.00770940864459, 0.0116389226168, 0.00908634439111, 0.00401785410941, 0.0027742786333, 0.000435875263065, 0.000383248436265, 0.00288974563591, 0.00986638572067, 0.00246778829023, 0.000248775118962, 0.000289572577458, 0.000372847396648, 0.000186969191418, 2.50202974712e-05, 2.19919570554e-06, 3.91125567489e-08],
        "mean": [2.31863032241e-06, 7.21946562408e-05, 0.000539904402103, 0.000990742933936, 0.00251027126797, 0.00295070419088, 0.00324609479867, 0.00206052768044, 0.00215114583261, 0.00242907600477, 0.000827900366858, 0.000663470185827, 0.000902929226868, 0.000362662918633, 0.000229417812079, 8.15137173049e-05, 7.05201600795e-05, 0.000254220649367, 0.00106580532156, 0.000141877433634, 2.10903999687e-05, 1.72291329363e-05, 3.96954492317e-05, 1.95588745555e-05, 7.57487759984e-06, 2.48887658927e-07, 8.28829727073e-10],
        "min": [1.13765812105e-24, 1.2479465554e-23, 4.64036659545e-24, 3.76561609259e-24, 3.03717222972e-23, 1.79998195054e-23, 2.30247845856e-23, 4.04076012671e-23, 5.71765753015e-23, 4.42098098561e-23, 3.96512445866e-23, 6.18999336141e-23, 8.38122491962e-23, 2.23925362358e-23, 4.5815432099e-23, 1.32607922064e-22, 1.04366897295e-22, 1.83357982048e-22, 1.70259558873e-22, 2.62674348862e-22, 2.3995919376e-22, 3.18755089082e-22, 5.22746996594e-22, 7.04441883149e-22, 1.06147033241e-21, 1.41430123386e-21, 2.0451580203e-21],
        "stdev": [4.13256384491e-06, 7.22590557416e-05, 0.000604148372076, 0.00129399553407, 0.00187362334691, 0.00233284616843, 0.00380320101976, 0.00212657358497, 0.00332733965479, 0.00398366479203, 0.00113178801257, 0.00132387876511, 0.00120327109471, 0.000614636344835, 0.000325671891915, 7.95499290689e-05, 6.075946294e-05, 0.00037742650602, 0.00155366922263, 0.000257731677266, 2.86655231321e-05, 2.51043402386e-05, 4.90345300932e-05, 1.8977725631e-05, 3.7118468299e-06, 3.14164566362e-07, 1.89203475109e-09]
    },
    "erbbands": {
        "max": [0.00970176886767, 0.150347426534, 2.94379162788, 18.5453243256, 29.3588466644, 35.554271698, 151.178909302, 120.621147156, 322.508209229, 313.887695312, 446.270721436, 858.443237305, 898.445983887, 1182.97546387, 254.363418579, 596.520263672, 448.07800293, 227.467590332, 170.527053833, 31.974905014, 25.9822616577, 18.474281311, 56.641494751, 173.664459229, 584.405029297, 54.4083900452, 17.0393123627, 9.95990943909, 11.1902008057, 12.5138196945, 14.2341814041, 7.34417438507, 2.04163408279, 0.877298533916, 0.103387743235, 0.0202422272414, 0.000526711693965, 2.77016333712e-05, 3.21524603351e-05, 6.70465669828e-05],
        "mean": [0.00160204852, 0.0241213906556, 0.404404610395, 2.75823450089, 4.2179107666, 7.1114988327, 26.9695072174, 19.1061229706, 45.0883483887, 32.1722564697, 54.963924408, 65.6703186035, 50.2215843201, 74.4233093262, 34.0393409729, 36.1354904175, 44.4446678162, 25.7054004669, 16.6661529541, 5.03378629684, 4.69910144806, 3.73789906502, 8.97244644165, 29.5837783813, 59.7282600403, 9.44752407074, 1.8067843914, 0.588200211525, 0.635295569897, 0.770747840405, 1.23714327812, 0.599525272846, 0.245043411851, 0.109477892518, 0.0395805463195, 0.00391747942194, 0.000113665322715, 1.05330809674e-05, 1.29402133098e-05, 2.59905336861e-05],
        "min": [3.0515878739e-22, 2.75785651296e-21, 6.53860465219e-21, 1.23479437735e-20, 4.30217864435e-20, 9.52381829964e-20, 7.33403275755e-20, 1.69300723257e-19, 1.75817691563e-19, 5.66144124722e-19, 1.07028041258e-18, 1.25926460937e-18, 1.48385169371e-18, 1.15680329786e-18, 1.40035846082e-18, 2.58069204858e-18, 3.75310910428e-18, 1.6480126139e-18, 2.17712882569e-18, 4.70568574821e-18, 6.46937336692e-18, 5.55034303274e-18, 1.0357546176e-17, 9.07720624537e-18, 9.21528336912e-18, 9.95684417083e-18, 8.27714144048e-18, 1.30864356963e-17, 1.2516681135e-17, 1.25783193255e-17, 1.44396568563e-17, 1.29035642609e-17, 1.26126531112e-17, 1.05728373012e-17, 8.00249018015e-18, 4.95266864423e-18, 2.4101813798e-18, 1.0871454879e-18, 2.82650407044e-19, 3.12113468939e-20],
        "stdev": [0.0013080452336, 0.0231157317758, 0.42332521081, 3.50590109825, 4.9108953476, 5.38996648788, 26.6230373383, 18.4597091675, 48.1761894226, 39.6172828674, 56.1740570068, 95.4342956543, 102.9243927, 122.260452271, 38.5152549744, 67.9584350586, 58.0699005127, 35.7578048706, 21.0477809906, 4.17942667007, 4.39174556732, 2.9713549614, 9.08011817932, 33.8228569031, 98.4939498901, 11.1869602203, 1.81756138802, 0.863979697227, 0.912170290947, 0.877591490746, 1.64758527279, 0.700996041298, 0.187773302197, 0.074163466692, 0.0194729398936, 0.00271016242914, 6.65267289151e-05, 3.81561267204e-06, 6.35979267827e-06, 1.32881050376e-05]
    },
    "gfcc": {
        "mean": [-42.936050415, 124.179740906, -151.202041626, 16.692527771, -92.1625442505, 2.98294973373, -48.1286582947, 0.820315003395, -29.2113494873, -15.3702096939, 6.11939191818, -21.3265781403, -6.63851451874],
        "cov": [[15245.8964844, 1519.43029785, -2567.7043457, -11.0568799973, -1093.7722168, -273.910705566, -200.483718872, 93.5020675659, -455.23348999, -360.803588867, 317.916595459, -362.997772217, -193.59727478], [1519.43029785, 408.499816895, -105.584449768, -2.98929262161, -94.4596176147, -62.7756996155, 25.0025272369, -6.4015083313, -43.8775596619, -139.867370605, 8.27139854431, -85.1775970459, -20.8874702454], [-2567.7043457, -105.584449768, 1305.54980469, 170.760955811, 144.015823364, 307.214294434, -340.194610596, -104.533378601, 159.001937866, 58.9537887573, -338.603607178, 98.9940872192, 81.3705368042], [-11.0568799973, -2.98929262161, 170.760955811, 162.757019043, 52.1036338806, 80.6877746582, -71.5437698364, -43.526802063, -2.73607945442, 11.9430274963, -52.531375885, -0.0808831751347, -5.34541606903], [-1093.7722168, -94.4596176147, 144.015823364, 52.1036338806, 174.804946899, 13.3455753326, 57.8972015381, -0.638389050961, -17.6717586517, 31.8498516083, -6.16902303696, -4.68039035797, -4.03713035583], [-273.910705566, -62.7756996155, 307.214294434, 80.6877746582, 13.3455753326, 187.48765564, -138.32409668, -45.1990013123, 54.4815673828, 29.8637580872, -109.350402832, 43.299533844, 22.5879936218], [-200.483718872, 25.0025272369, -340.194610596, -71.5437698364, 57.8972015381, -138.32409668, 294.201049805, 75.0098266602, -49.7371940613, -49.7230110168, 132.084884644, -43.1266860962, -35.0422439575], [93.5020675659, -6.4015083313, -104.533378601, -43.526802063, -0.638389050961, -45.1990013123, 75.0098266602, 88.2754211426, -8.71002674103, 13.6217222214, 36.0836410522, -11.2512989044, -9.77569580078], [-455.23348999, -43.8775596619, 159.001937866, -2.73607945442, -17.6717586517, 54.4815673828, -49.7371940613, -8.71002674103, 106.840660095, 18.9747562408, -43.2537994385, 23.5781364441, 14.2656011581], [-360.803588867, -139.867370605, 58.9537887573, 11.9430274963, 31.8498516083, 29.8637580872, -49.7230110168, 13.6217222214, 18.9747562408, 140.890167236, -8.41283226013, 37.7149429321, 20.9351730347], [317.916595459, 8.27139854431, -338.603607178, -52.531375885, -6.16902303696, -109.350402832, 132.084884644, 36.0836410522, -43.2537994385, -8.41283226013, 154.801940918, -18.7556228638, -28.8699264526], [-362.997772217, -85.1775970459, 98.9940872192, -0.0808831751347, -4.68039035797, 43.299533844, -43.1266860962, -11.2512989044, 23.5781364441, 37.7149429321, -18.7556228638, 79.9156265259, 39.178188324], [-193.59727478, -20.8874702454, 81.3705368042, -5.34541606903, -4.03713035583, 22.5879936218, -35.0422439575, -9.77569580078, 14.2656011581, 20.9351730347, -28.8699264526, 39.178188324, 61.506942749]],
        "icov": [[0.00172742747236, -0.00495660444722, 0.00430219061673, -0.00291609182023, 0.00502520659938, -0.00324924616143, 0.00413718214259, -0.00355991255492, 0.00359671213664, -0.00136471528094, 0.00155067897867, 0.000346107350197, 0.0012610174017], [-0.00495660444722, 0.0201019216329, -0.0134667092934, 0.00688153412193, -0.0100986622274, 0.0101852379739, -0.012545584701, 0.0101073477417, -0.0082693528384, 0.00746091548353, -0.00541478488594, 0.00507614202797, -0.00670181820169], [0.00430219061673, -0.0134667092934, 0.0141648082063, -0.00712274992839, 0.00788479391485, -0.00830412004143, 0.0126689197496, -0.00951021444052, 0.00601953500882, -0.00254352809861, 0.00825946778059, -0.00237984512933, 0.00374565459788], [-0.00291609182023, 0.00688153412193, -0.00712274992839, 0.015672525391, -0.0123970555142, 0.00162706919946, -0.00542096514255, 0.00862168334424, -0.0044974964112, 0.0012353702914, -0.00251201307401, -0.000527970434632, 0.000593885371927], [0.00502520659938, -0.0100986622274, 0.00788479391485, -0.0123970555142, 0.0316577814519, -0.00971991568804, 0.00372204440646, -0.00748794479296, 0.0164025016129, -0.00707319146022, 0.0017243741313, 0.00856878980994, 0.00141158304177], [-0.00324924616143, 0.0101852379739, -0.00830412004143, 0.00162706919946, -0.00971991568804, 0.0198559015989, -0.0056516667828, 0.00703521165997, -0.0096003357321, 0.00326101738028, 0.00216032587923, -0.00503808446229, -0.000332901952788], [0.00413718214259, -0.012545584701, 0.0126689197496, -0.00542096514255, 0.00372204440646, -0.0056516667828, 0.0219782032073, -0.0144249079749, 0.00594472000375, 0.0018962995382, 0.00104703416582, -0.00119214074221, 0.00330556416884], [-0.00355991255492, 0.0101073477417, -0.00951021444052, 0.00862168334424, -0.00748794479296, 0.00703521165997, -0.0144249079749, 0.0252269506454, -0.00660751434043, -0.00253146141768, -0.00204180926085, 0.0010413659038, -0.00095330592012], [0.00359671213664, -0.0082693528384, 0.00601953500882, -0.0044974964112, 0.0164025016129, -0.0096003357321, 0.00594472000375, -0.00660751434043, 0.0225699450821, -0.00417577847838, 0.00190165312961, 0.00321763101965, 0.00212683458813], [-0.00136471528094, 0.00746091548353, -0.00254352809861, 0.0012353702914, -0.00707319146022, 0.00326101738028, 0.0018962995382, -0.00253146141768, -0.00417577847838, 0.0151041727513, -0.00300061842427, -0.00120617158245, -0.00408597150818], [0.00155067897867, -0.00541478488594, 0.00825946778059, -0.00251201307401, 0.0017243741313, 0.00216032587923, 0.00104703416582, -0.00204180926085, 0.00190165312961, -0.00300061842427, 0.0228260550648, -0.00713314954191, 0.00732658803463], [0.000346107350197, 0.00507614202797, -0.00237984512933, -0.000527970434632, 0.00856878980994, -0.00503808446229, -0.00119214074221, 0.0010413659038, 0.00321763101965, -0.00120617158245, -0.00713314954191, 0.0306787844747, -0.0154106859118], [0.0012610174017, -0.00670181820169, 0.00374565459788, 0.000593885371927, 0.00141158304177, -0.000332901952788, 0.00330556416884, -0.00095330592012, 0.00212683458813, -0.00408597150818, 0.00732658803463, -0.0154106859118, 0.0291470903903]]
    },
    "melbands": {
        "max": [0.00011999707931, 0.00126525119413, 0.00277255661786, 0.00206126482226, 0.00426370324567, 0.00307692517526, 0.00491707446054, 0.00288942526095, 0.00336418719962, 0.00469771353528, 0.0044438499026, 0.0052059837617, 0.000726010825019, 0.00131873111241, 0.000858505023643, 0.00075590191409, 0.000506027659867, 0.000251104182098, 0.000104362938146, 3.27356574417e-05, 2.83956505882e-05, 1.98776651814e-05, 2.48717951763e-05, 0.000102684032754, 0.00014200413716, 0.000679270830005, 0.000148504594108, 3.04644509015e-05, 1.29735863084e-05, 6.27860254099e-06, 6.78228207107e-06, 5.64241736356e-06, 7.13399003871e-06, 6.61074136588e-06, 9.91668457573e-06, 7.31787304176e-06, 3.50258119397e-06, 1.07567609575e-06, 2.19303319682e-06, 3.47976452986e-07],
        "mean": [1.63547956618e-05, 0.000186615652638, 0.000468054640805, 0.000409234606195, 0.000784061732702, 0.000447875238024, 0.000714748515747, 0.000342855986673, 0.000439820054453, 0.000383964303182, 0.000236527135712, 0.000307401176542, 0.000106000094092, 9.07073335839e-05, 7.70223341533e-05, 9.45577339735e-05, 4.2007141019e-05, 2.61826535279e-05, 1.01625992102e-05, 5.72600720261e-06, 5.35982235306e-06, 3.42371549777e-06, 5.18968454344e-06, 1.19682163131e-05, 2.1525500415e-05, 5.11245889356e-05, 1.87334044313e-05, 4.11188329963e-06, 1.04444063709e-06, 4.86359851948e-07, 2.85658472876e-07, 3.34209261155e-07, 3.6845645468e-07, 4.6287905775e-07, 7.69516361743e-07, 5.38435017461e-07, 3.16742898576e-07, 1.71303355501e-07, 1.32528853669e-07, 8.03979745001e-08],
        "min": [3.86123550063e-24, 4.44473816285e-24, 2.0461738428e-24, 6.82249351552e-24, 3.28235950762e-24, 3.70474679628e-24, 3.01518099649e-24, 6.28033623663e-24, 8.99895838644e-24, 7.52053917561e-24, 7.100020304e-24, 4.07232324039e-24, 5.38636671554e-24, 4.81398304777e-24, 6.30051845403e-24, 9.65082649572e-24, 2.15914621861e-24, 2.82524656191e-24, 3.50470587021e-24, 8.92629798618e-24, 6.22631030868e-24, 4.39283427073e-24, 9.62879755494e-24, 8.32950893416e-24, 6.67893660799e-24, 5.45424937972e-24, 6.34761699995e-24, 5.22707321624e-24, 4.16520766767e-24, 6.53153518683e-24, 7.45070210853e-24, 6.19468921372e-24, 7.11569575905e-24, 7.48495050473e-24, 7.27587159927e-24, 8.24132532901e-24, 7.22510524458e-24, 7.69841942113e-24, 5.54294692775e-24, 9.56109435661e-24],
        "stdev": [1.48628014358e-05, 0.000197186163859, 0.000494844338391, 0.000362004968338, 0.000730828614905, 0.000405819999287, 0.000776038388722, 0.000395795068471, 0.000447235099273, 0.000568985298742, 0.000506940763444, 0.000534314778633, 0.00012928682554, 0.000149988743942, 0.000111877467134, 0.00012424592569, 7.21756805433e-05, 3.38501995429e-05, 1.19002725114e-05, 5.3435164773e-06, 5.18141405337e-06, 2.85012470158e-06, 4.76153672935e-06, 1.49898023665e-05, 2.98612776533e-05, 9.76777955657e-05, 3.13979471684e-05, 4.85600503453e-06, 1.08146025468e-06, 6.41328597339e-07, 5.14256612405e-07, 4.62052014427e-07, 5.79088293762e-07, 5.16827867614e-07, 1.0271330666e-06, 7.83449991104e-07, 3.79952723506e-07, 1.24906947008e-07, 1.44668788948e-07, 4.84629758546e-08]
    },
    "melbands128": {
        "max": [4.45747537015e-05, 5.26357289345e-05, 0.000161091957125, 0.000270510092378, 0.000816709594801, 0.00254758796655, 0.00470228586346, 0.00345322862267, 0.00387491588481, 0.00321617326699, 0.00153635372408, 0.00293337763287, 0.0076491064392, 0.00368007598445, 0.00355277815834, 0.00616695918143, 0.00637699011713, 0.00941180251539, 0.0102591468021, 0.00235741911456, 0.00421962887049, 0.00415420206264, 0.00546925887465, 0.00683944113553, 0.0102264881134, 0.00544288242236, 0.00329010025598, 0.00872887205333, 0.0014507380547, 0.010380380787, 0.00434550317004, 0.00167176965624, 0.00141371740028, 0.00178089633118, 0.000312679971103, 0.00245959544554, 0.00270593119785, 0.00018193377764, 0.00253536738455, 0.0012823776342, 0.00113834347576, 0.000231013662415, 0.000891932926606, 0.000875091354828, 0.000362571096048, 0.000371446338249, 0.000518703716807, 5.39475586265e-05, 9.28602166823e-05, 5.98438637098e-05, 3.9230355469e-05, 4.00487224397e-05, 7.03049881849e-05, 5.33036909474e-05, 2.91881497105e-05, 1.65525780176e-05, 3.91958456021e-05, 3.61151287507e-05, 3.79659904866e-05, 6.93237889209e-05, 0.000144854682731, 0.000212568338611, 0.000372924056137, 0.000278000487015, 0.000310030882247, 0.00120524154045, 0.000986599130556, 0.000421585107688, 0.000144717851072, 6.64477847749e-05, 6.89011212671e-05, 2.39716810029e-05, 1.29337286126e-05, 2.73999030469e-05, 2.23407841986e-05, 8.62938395585e-06, 4.97935207022e-06, 7.16651629773e-06, 1.00760044006e-05, 5.8921582422e-06, 4.41588008471e-06, 5.8916607486e-06, 9.75996226771e-06, 7.0972987487e-06, 6.58809176457e-06, 1.14078329716e-05, 7.27548876966e-06, 6.23684763923e-06, 1.2697877537e-05, 1.18981806736e-05, 1.67566213349e-05, 4.98078679811e-06, 6.53018651064e-06, 4.24940390076e-06, 3.07785535369e-06, 1.29865100007e-06, 1.33524576995e-06, 2.72824559033e-06, 4.13021871282e-06, 5.60146133921e-07, 6.94712866789e-07, 4.03440509444e-07, 2.1144118989e-07, 3.2263304206e-07, 1.20695474948e-07, 1.02366584542e-07, 1.30053223302e-07, 7.414020331e-08, 3.6496398792e-08, 3.77688591513e-09, 2.86031670571e-10, 2.72099731635e-10, 2.53384063731e-10, 2.36629438266e-10, 2.25741841886e-10, 2.11298922803e-10, 1.9717531774e-10, 1.91401339222e-10, 1.85595414037e-10, 1.74183376056e-10, 1.67937330708e-10, 1.61946386856e-10, 1.63179081358e-10, 1.53034473982e-10, 1.50401899268e-10, 1.46463674522e-10, 1.45239514859e-10, 1.47749992796e-10],
        "mean": [1.97238455257e-06, 1.02738222267e-05, 1.87881523743e-05, 3.44756444974e-05, 8.81047017174e-05, 0.00033626134973, 0.000659688783344, 0.00035312602995, 0.000415232760133, 0.000498607114423, 0.000275885482552, 0.000572692079004, 0.00125262408983, 0.000592845026404, 0.000401019176934, 0.000361117796274, 0.000447703234386, 0.00103935832158, 0.000738981529139, 0.000196029184735, 0.000192868916201, 0.000508922908921, 0.0005187302595, 0.000265709182713, 0.000571282522287, 0.00035378037137, 0.000139471754665, 0.000321587576764, 0.000116478338896, 0.000496591208503, 0.000317525642458, 6.98403600836e-05, 0.000104923921754, 0.000140472853673, 2.6689558581e-05, 0.000119178701425, 0.000127386549138, 1.41795735544e-05, 0.000103760517959, 0.000124922007672, 0.000100865348941, 2.55563390965e-05, 5.67206152482e-05, 4.3041556637e-05, 1.04737127913e-05, 3.49697111233e-05, 3.11635485559e-05, 4.48400032838e-06, 4.75777278552e-06, 5.59240334042e-06, 6.09328981227e-06, 5.06458172822e-06, 6.25032953394e-06, 5.41045210412e-06, 4.408791483e-06, 2.10539724321e-06, 3.28986175191e-06, 5.26716530658e-06, 5.86701753491e-06, 5.45424791198e-06, 8.05422132544e-06, 1.53683122335e-05, 3.92730798922e-05, 1.74208726094e-05, 3.39431426255e-06, 6.33616509731e-05, 7.68650425016e-05, 2.86333633994e-05, 5.01646263729e-06, 3.79852644983e-06, 5.91828711549e-06, 3.07712616632e-06, 1.09572852125e-06, 7.41768019452e-07, 9.95227651401e-07, 5.10444351676e-07, 2.59027530092e-07, 2.87518957975e-07, 3.0515252547e-07, 2.67327891379e-07, 2.82486865899e-07, 3.55260795004e-07, 4.64793458832e-07, 3.63061133157e-07, 2.76792775367e-07, 4.01157393526e-07, 4.84879421947e-07, 6.90139756898e-07, 8.1549319475e-07, 7.96158019511e-07, 7.52919504521e-07, 3.88469146628e-07, 3.40554095146e-07, 3.26507034742e-07, 3.38906403385e-07, 1.5000655651e-07, 1.52269066689e-07, 1.48270515865e-07, 1.54969569621e-07, 1.14928489836e-07, 7.92855772147e-08, 7.63088721101e-08, 6.49567226674e-08, 8.95826417491e-08, 3.25772511189e-08, 2.56003183097e-08, 2.466390292e-08, 8.09966227422e-09, 1.18486132017e-09, 1.09880861354e-10, 4.92578720868e-12, 4.69865943029e-12, 4.53215243112e-12, 4.36777003454e-12, 4.2412596872e-12, 4.112218812e-12, 3.95696930083e-12, 3.83317336206e-12, 3.73995409295e-12, 3.6603324538e-12, 3.58280592694e-12, 3.51936470418e-12, 3.46570450289e-12, 3.37900540881e-12, 3.34206360503e-12, 3.32243282365e-12, 3.29975673521e-12, 3.27947868514e-12],
        "min": [1.0094584618e-24, 1.84241284592e-24, 2.45238711632e-24, 5.26008231196e-24, 3.84633667915e-24, 2.32210890719e-24, 2.97953197775e-24, 8.42489937533e-25, 1.36142581378e-24, 6.39764576969e-24, 4.98804599537e-24, 4.45460681278e-24, 8.4286020912e-25, 3.03798893741e-24, 3.23409029212e-24, 1.5714627908e-24, 1.67097621349e-24, 4.93908770987e-25, 6.10642632805e-24, 4.84746467117e-24, 1.68432965646e-24, 4.56860194675e-24, 4.21024531447e-24, 7.43204949243e-24, 5.23742188802e-24, 4.1087879413e-24, 3.1389167877e-24, 4.76593747434e-24, 3.93338432459e-24, 2.5362152232e-24, 3.39314989416e-24, 6.02703615541e-24, 4.30818357915e-24, 1.28902652648e-24, 4.82141056763e-24, 3.82207605087e-24, 5.26458710215e-24, 3.92831589328e-24, 6.13945475086e-24, 7.28021664514e-24, 4.16970811914e-24, 2.75744889749e-24, 1.37095702845e-24, 2.7813486219e-24, 1.88503539506e-24, 2.56788443867e-24, 3.49592979264e-24, 1.79373460604e-24, 3.79704312776e-24, 7.03887253979e-24, 9.09513157484e-24, 4.47311546177e-24, 6.40954494759e-24, 1.14059495159e-24, 5.36159096109e-24, 3.17107529415e-24, 3.97670501563e-24, 6.09891518894e-24, 8.08497467532e-24, 7.91739300892e-24, 7.19951301909e-24, 5.47513644434e-24, 8.35951325869e-24, 6.07834997957e-24, 3.91534228683e-24, 4.38020500207e-24, 3.40649623739e-24, 4.23182381567e-24, 6.74505971792e-24, 4.85051046313e-24, 6.78595032294e-24, 3.37416319547e-24, 4.43388304237e-24, 2.78660480212e-24, 5.9933588945e-24, 4.6239022795e-24, 5.63957765548e-24, 6.73302958912e-24, 2.55292152224e-24, 5.0609986686e-24, 4.6153344612e-24, 6.47363634626e-24, 8.04011767767e-24, 6.84992299805e-24, 6.76782229934e-24, 4.48769124471e-24, 1.08115974524e-23, 6.16526391309e-24, 6.49183300076e-24, 5.80493552299e-24, 8.79626215457e-24, 8.277145925e-24, 6.06566430735e-24, 5.47851829104e-24, 8.13281120061e-24, 7.42842862087e-24, 6.68098133545e-24, 5.05092609813e-24, 4.02416052111e-24, 4.89943877192e-24, 8.23936185422e-24, 9.08846096702e-24, 9.69744186433e-24, 9.33619563456e-24, 7.84214277831e-24, 6.90653638978e-24, 7.08945587876e-24, 8.95217025729e-24, 6.12101433834e-24, 6.32818262268e-24, 5.61739449239e-24, 3.09888268841e-24, 6.03682868025e-24, 8.92809027816e-24, 1.07608445084e-23, 7.35134665524e-24, 7.01386880454e-24, 8.7505074332e-24, 7.80683336419e-24, 6.88167701607e-24, 6.78690405578e-24, 9.5535197142e-24, 9.53615057479e-24, 7.6561325323e-24, 7.18912608755e-24, 7.84196055144e-24, 8.19449775682e-24, 6.86519376746e-24],
        "stdev": [2.57722535935e-06, 9.33231240197e-06, 2.13230123336e-05, 4.19926363975e-05, 0.000114363821922, 0.000393373338738, 0.000901717517991, 0.000438297720393, 0.00066637492273, 0.000540283508599, 0.000276175822364, 0.000533862854354, 0.00139257451519, 0.000501146249007, 0.000581080501433, 0.000637858523987, 0.000642657512799, 0.00129602779634, 0.00125154410489, 0.000328170630382, 0.000427661288995, 0.000604386383202, 0.000650133821182, 0.000647299224511, 0.00102769129444, 0.000669127155561, 0.000366723397747, 0.000986261875369, 0.000189097918337, 0.00107073667459, 0.000503090617713, 0.000178054207936, 0.000181334107765, 0.00022655853536, 3.84864833904e-05, 0.00025302846916, 0.000309243885567, 2.10182824958e-05, 0.000228151693591, 0.00017537381791, 0.000173850727151, 3.42716666637e-05, 0.000113826536108, 0.000106567145849, 2.65526541625e-05, 5.60762455279e-05, 5.28179371031e-05, 5.5805789998e-06, 6.39844574835e-06, 6.61737158225e-06, 6.82182189848e-06, 6.01491683483e-06, 9.20883485378e-06, 6.03883154326e-06, 4.88983687319e-06, 2.18650257011e-06, 5.11545067639e-06, 5.80206824452e-06, 7.37881282475e-06, 8.76567628438e-06, 1.41544460348e-05, 3.09807001031e-05, 6.68896609568e-05, 3.76230891561e-05, 1.40929323607e-05, 0.000160256910021, 0.000148162478581, 7.34033383196e-05, 1.39577659866e-05, 5.40197970622e-06, 1.00093466244e-05, 3.9597803152e-06, 1.33425987769e-06, 1.51400934101e-06, 1.77668448487e-06, 7.38486335194e-07, 3.6700279793e-07, 6.02773866376e-07, 6.64613878598e-07, 3.96527070734e-07, 3.81515377512e-07, 5.58068109058e-07, 8.2192195805e-07, 6.11419466168e-07, 4.43176901399e-07, 6.2859692207e-07, 6.44078568257e-07, 9.61888304118e-07, 1.21336267966e-06, 1.3956012026e-06, 1.54908570948e-06, 4.82583118355e-07, 4.94761479786e-07, 4.52881153024e-07, 4.23021845108e-07, 1.47244108462e-07, 1.13146668923e-07, 1.74762050165e-07, 2.76221953754e-07, 7.41423633599e-08, 7.23087580923e-08, 5.24408250158e-08, 3.97304162902e-08, 5.15537870172e-08, 2.51604479473e-08, 1.86047302009e-08, 1.87910611515e-08, 9.72978142499e-09, 4.41945724461e-09, 4.16260609315e-10, 1.32907062092e-11, 1.26579805665e-11, 1.18565981685e-11, 1.11390341395e-11, 1.06534303948e-11, 1.00382402043e-11, 9.44435588762e-12, 9.16819745123e-12, 8.89065644022e-12, 8.41423892367e-12, 8.13557207713e-12, 7.87076653852e-12, 7.88130151419e-12, 7.47653501609e-12, 7.3552761104e-12, 7.18721132956e-12, 7.12250007237e-12, 7.20661811476e-12]
    },
    "mfcc": {
        "mean": [-662.698364258, 140.830917358, -7.46214675903, 0.0665194690228, -14.6662063599, -18.6900520325, -4.3032579422, -3.63517856598, -28.064956665, 4.79959869385, -5.52537250519, -9.57351112366, -2.97057318687],
        "cov": [[5393.20263672, 833.593139648, -1031.04431152, -3.13307762146, -625.404541016, -460.006408691, 229.110427856, 168.550689697, -496.837158203, 214.73475647, 11.9318819046, -148.207809448, 25.3039093018], [833.593139648, 494.221496582, 12.5484371185, 9.35033893585, -40.5623168945, -127.833564758, 56.3116569519, 75.0914611816, -71.6413574219, 35.1649284363, -25.080034256, -54.3898086548, 1.83232700825], [-1031.04431152, 12.5484371185, 934.342956543, -19.8116493225, 411.154632568, 285.956756592, -284.362731934, -87.427230835, 267.733551025, -185.38053894, -112.568367004, 103.606971741, -64.2610931396], [-3.13307762146, 9.35033893585, -19.8116493225, 119.319732666, 16.6163749695, 12.801735878, 57.7399024963, -5.88414907455, -12.0285787582, 6.40224742889, 12.5746545792, -32.4513626099, -2.42936015129], [-625.404541016, -40.5623168945, 411.154632568, 16.6163749695, 289.821502686, 167.255142212, -112.880516052, -59.6707763672, 106.990325928, -66.8726882935, -53.9576225281, 35.7025337219, -23.1620292664], [-460.006408691, -127.833564758, 285.956756592, 12.801735878, 167.255142212, 221.988845825, -100.737808228, -55.6016921997, 105.452827454, -75.9658737183, -44.678817749, 45.9655418396, -31.3650131226], [229.110427856, 56.3116569519, -284.362731934, 57.7399024963, -112.880516052, -100.737808228, 203.594970703, 61.1037483215, -102.710670471, 73.8714981079, 49.0700912476, -67.7237014771, 16.8093128204], [168.550689697, 75.0914611816, -87.427230835, -5.88414907455, -59.6707763672, -55.6016921997, 61.1037483215, 125.633140564, -52.6261062622, 49.7216796875, -8.73787879944, -21.7133789062, 10.3246660233], [-496.837158203, -71.6413574219, 267.733551025, -12.0285787582, 106.990325928, 105.452827454, -102.710670471, -52.6261062622, 181.550842285, -73.1946029663, -21.3905258179, 41.2509613037, -23.777299881], [214.73475647, 35.1649284363, -185.38053894, 6.40224742889, -66.8726882935, -75.9658737183, 73.8714981079, 49.7216796875, -73.1946029663, 137.75050354, 32.1064758301, -38.3740577698, 28.820854187], [11.9318819046, -25.080034256, -112.568367004, 12.5746545792, -53.9576225281, -44.678817749, 49.0700912476, -8.73787879944, -21.3905258179, 32.1064758301, 75.2299118042, -6.64752960205, 12.6872901917], [-148.207809448, -54.3898086548, 103.606971741, -32.4513626099, 35.7025337219, 45.9655418396, -67.7237014771, -21.7133789062, 41.2509613037, -38.3740577698, -6.64752960205, 73.4356994629, 1.98708963394], [25.3039093018, 1.83232700825, -64.2610931396, -2.42936015129, -23.1620292664, -31.3650131226, 16.8093128204, 10.3246660233, -23.777299881, 28.820854187, 12.6872901917, 1.98708963394, 44.7331542969]],
        "icov": [[0.000479358510347, -0.000922307139263, 0.000567746697925, -0.000236675085034, 0.000588086841162, -0.000431326130638, 0.000764488824643, 0.000248445314355, 0.000624129723292, -0.000118597061373, 0.000312632910209, -0.000258061685599, 0.000557773804758], [-0.000922307139263, 0.00521891843528, -0.00300691975281, 0.000190677674254, -0.000274653051747, 0.00351799768396, -0.00223859376274, -0.000904531450942, 0.000102250982309, -5.71746568312e-05, 0.000980602228083, 0.0019559643697, -0.000900664774235], [0.000567746697925, -0.00300691975281, 0.00735728209838, -0.000731724838261, -0.00538181932643, -0.0015844226582, 0.00443138135597, -0.00187846936751, -0.00287997792475, 0.00205398723483, -0.000165515288245, -0.0020362676587, 0.00248540565372], [-0.000236675085034, 0.000190677674254, -0.000731724838261, 0.0123923001811, -0.00124193681404, -0.00217745592818, -0.00488857459277, 0.00148031092249, -8.4083621914e-06, 0.000929576985072, -0.00168458477128, 0.00443999143317, -0.00124939728994], [0.000588086841162, -0.000274653051747, -0.00538181932643, -0.00124193681404, 0.0135759767145, -0.00397088518366, -0.000840592721943, 0.00356751866639, 0.00283837830648, -0.00280336476862, 0.00276466319337, 0.00143521698192, -0.00191543274559], [-0.000431326130638, 0.00351799768396, -0.0015844226582, -0.00217745592818, -0.00397088518366, 0.0130505571142, -0.00076442718273, 0.000231626370805, -0.0017120342236, 0.000306403031573, 0.00329803558998, -0.00253002904356, 0.00310335028917], [0.000764488824643, -0.00223859376274, 0.00443138135597, -0.00488857459277, -0.000840592721943, -0.00076442718273, 0.0161815788597, -0.00468982104212, 0.0019917273894, 0.00109425885603, -0.00529092410579, 0.0048313587904, 0.00142998306546], [0.000248445314355, -0.000904531450942, -0.00187846936751, 0.00148031092249, 0.00356751866639, 0.000231626370805, -0.00468982104212, 0.0134993549436, 0.00156363088172, -0.00425863591954, 0.00606569042429, -0.00162798224483, -0.000138578252518], [0.000624129723292, 0.000102250982309, -0.00287997792475, -8.4083621914e-06, 0.00283837830648, -0.0017120342236, 0.0019917273894, 0.00156363088172, 0.0126097854227, 0.000876330188476, -0.00140496029053, 0.000601343752351, 0.00117474701256], [-0.000118597061373, -5.71746568312e-05, 0.00205398723483, 0.000929576985072, -0.00280336476862, 0.000306403031573, 0.00109425885603, -0.00425863591954, 0.000876330188476, 0.0137578165159, -0.00450820429251, 0.00457419408485, -0.00491711869836], [0.000312632910209, 0.000980602228083, -0.000165515288245, -0.00168458477128, 0.00276466319337, 0.00329803558998, -0.00529092410579, 0.00606569042429, -0.00140496029053, -0.00450820429251, 0.0228220932186, -0.00514053320512, -0.000300878833514], [-0.000258061685599, 0.0019559643697, -0.0020362676587, 0.00443999143317, 0.00143521698192, -0.00253002904356, 0.0048313587904, -0.00162798224483, 0.000601343752351, 0.00457419408485, -0.00514053320512, 0.0260279476643, -0.00741441175342], [0.000557773804758, -0.000900664774235, 0.00248540565372, -0.00124939728994, -0.00191543274559, 0.00310335028917, 0.00142998306546, -0.000138578252518, 0.00117474701256, -0.00491711869836, -0.000300878833514, -0.00741441175342, 0.0304646417499]]
    },
    "spectral_contrast_coeffs": {
        "max": [-0.485111862421, -0.523034989834, -0.520633518696, -0.543113827705, -0.469208270311, -0.572621762753],
        "mean": [-0.631677806377, -0.714094877243, -0.726008415222, -0.779383122921, -0.748371183872, -0.76658731699],
        "min": [-0.973960340023, -0.987809360027, -0.965392351151, -0.96619451046, -0.962538838387, -0.959708809853],
        "stdev": [0.0723020732403, 0.0628392249346, 0.08347427845, 0.0661042109132, 0.0956634879112, 0.0690224915743]
    },
    "spectral_contrast_valleys": {
        "max": [-5.87499809265, -5.09246969223, -6.1941113472, -6.70988368988, -7.08064126968, -9.91266155243],
        "mean": [-7.42937898636, -6.52830839157, -7.44611692429, -7.9801774025, -8.2889881134, -11.261472702],
        "min": [-27.0793113708, -27.3571128845, -27.3863964081, -27.4760837555, -27.2559719086, -27.3613071442],
        "stdev": [1.86288654804, 1.94845104218, 1.8540378809, 1.79932463169, 1.79273974895, 1.78307139874]
    }
},
"rhythm": {
    "beats_count": 21,
    "beats_loudness": {
        "max": 0.0438950620592,
        "mean": 0.0259025543928,
        "min": 0.00581475347281,
        "stdev": 0.0109458491206
    },
    "bpm": 102.564781189,
    "bpm_histogram_first_peak_bpm": 103,
    "bpm_histogram_first_peak_weight": 0.5,
    "bpm_histogram_second_peak_bpm": 0,
    "bpm_histogram_second_peak_spread": 0,
    "bpm_histogram_second_peak_weight": 0,
    "danceability": 0.922061264515,
    "onset_rate": 0.54861664772,
    "beats_loudness_band_ratio": {
        "max": [0.574523508549, 0.763527095318, 0.614144146442, 0.430568784475, 0.0817142874002, 0.144394636154],
        "mean": [0.138209730387, 0.276962548494, 0.380706936121, 0.189059600234, 0.0313561894, 0.036069303751],
        "min": [0.00629041250795, 0.0199660398066, 0.0428392328322, 0.00689404271543, 0.00339134316891, 0.00198587286286],
        "stdev": [0.144936263561, 0.180653080344, 0.181926652789, 0.127198934555, 0.0241030491889, 0.0403519719839]
    },
    "beats_position": [0.580498874187, 1.16099774837, 1.75310659409, 2.34521532059, 2.92571425438, 3.50621318817, 4.08671188354, 4.66721057892, 5.24770975113, 5.8282084465, 6.40870714188, 6.97759628296, 7.5464849472, 8.12698364258, 8.70748329163, 9.29959201813, 9.89170074463, 10.4954195023, 11.0991382599, 11.6912469864, 12.2833557129],
