{
"metadata": {
    "version": {
        "essentia": "2.1-beta5",
        "essentia_git_sha": "Undefined",
        "extractor": "music 2.0"
    },
    "audio_properties": {
        "analysis": {
            "equal_loudness": 0,
            "length": 29.0017242432,
            "sample_rate": 44100,
            "start_time": 0,
            "downmix": "mix"
        },
        "bit_rate": 192000,
        "length": 235.53163147,
        "lossless": 0,
        "number_channels": 1,
        "replay_gain": -3.87486076355,
        "sample_rate": 48000,
        "codec": "mp3",
        "md5_encoded": "9babadde9bcede2a2fb26686b90409b5"
    },
    "tags": {
        "file_name": "Portugal_Só Sei Ser Feliz Assim_MTM.mp3",
        "encoding": ["Lavf58.29.100"]
    }
},
"lowlevel": {
    "average_loudness": 0.748073279858,
    "barkbands_crest": {
        "max": 21.1903591156,
        "mean": 8.81761360168,
        "min": 2.45947480202,
        "stdev": 3.32560110092
    },
    "barkbands_flatness_db": {
        "max": 0.315335452557,
        "mean": 0.165502011776,
        "min": 0.0616915412247,
        "stdev": 0.0376307852566
    },
    "barkbands_kurtosis": {
        "max": 29.0155982971,
        "mean": 2.41441226006,
        "min": -1.91946446896,
        "stdev": 4.35710954666
    },
    "barkbands_skewness": {
        "max": 5.19380521774,
        "mean": 1.07575714588,
        "min": -4.37339258194,
        "stdev": 1.34170877934
    },
    "barkbands_spread": {
        "max": 79.0448379517,
        "mean": 26.017364502,
        "min": 2.14149355888,
        "stdev": 13.2781219482
    },
    "dissonance": {
        "max": 0.499999910593,
        "mean": 0.473665177822,
        "min": 0.274801194668,
        "stdev": 0.0270676519722
    },
    "dynamic_complexity": 5.5919880867,
    "erbbands_crest": {
        "max": 24.6198310852,
        "mean": 8.0009059906,
        "min": 2.24015498161,
        "stdev": 3.80379009247
    },
    "erbbands_flatness_db": {
        "max": 0.370535492897,
        "mean": 0.206956341863,
        "min": 0.0876201838255,
        "stdev": 0.0504064708948
    },
    "erbbands_kurtosis": {
        "max": 30.8223724365,
        "mean": 0.66745609045,
        "min": -1.75360453129,
        "stdev": 3.28364372253
    },
    "erbbands_skewness": {
        "max": 3.19709277153,
        "mean": -0.268143177032,
        "min": -4.07822370529,
        "stdev": 0.974092364311
    },
    "erbbands_spread": {
        "max": 113.610977173,
        "mean": 42.7537117004,
        "min": 3.96906542778,
        "stdev": 21.5800552368
    },
    "hfc": {
        "max": 200.200241089,
        "mean": 12.4293327332,
        "min": 1.1029415853e-16,
        "stdev": 19.0150146484
    },
    "loudness_ebu128": {
        "integrated": -26.2989139557,
        "loudness_range": 3.76564788818,
        "momentary": {
            "max": -20.9189567566,
            "mean": -28.1745967865,
            "min": -36.6283416748,
            "stdev": 4.26937055588
        },
        "short_term": {
            "max": -23.6350708008,
            "mean": -26.4038963318,
            "min": -29.4393787384,
            "stdev": 1.2822290659
        }
    },
    "melbands_crest": {
        "max": 28.8035640717,
        "mean": 11.8486309052,
        "min": 1.04806888103,
        "stdev": 4.7566576004
    },
    "melbands_flatness_db": {
        "max": 0.339266479015,
        "mean": 0.179467499256,
        "min": 5.35088111064e-05,
        "stdev": 0.0515603162348
    },
    "melbands_kurtosis": {
        "max": 118.394142151,
        "mean": 11.0118942261,
        "min": -1.77902817726,
        "stdev": 14.6516599655
    },
    "melbands_skewness": {
        "max": 9.84731197357,
        "mean": 2.42520594597,
        "min": -2.10689330101,
        "stdev": 1.7606960535
    },
    "melbands_spread": {
        "max": 174.444610596,
        "mean": 34.7004890442,
        "min": 3.28551721573,
        "stdev": 28.0855579376
    },
    "pitch_salience": {
        "max": 0.997645258904,
        "mean": 0.665874004364,
        "min": 0.239882513881,
        "stdev": 0.102055199444
    },
    "silence_rate_20dB": {
        "max": 1,
        "mean": 1,
        "min": 1,
        "stdev": 0
    },
    "silence_rate_30dB": {
        "max": 1,
        "mean": 1,
        "min": 1,
        "stdev": 0
    },
    "silence_rate_60dB": {
        "max": 1,
        "mean": 0.301600009203,
        "min": 0,
        "stdev": 0.458951562643
    },
    "spectral_centroid": {
        "max": 11232.5605469,
        "mean": 1781.93078613,
        "min": 501.790313721,
        "stdev": 1032.39916992
    },
    "spectral_complexity": {
        "max": 45,
        "mean": 12.2159996033,
        "min": 0,
        "stdev": 9.82166481018
    },
    "spectral_decrease": {
        "max": 1.20425137379e-28,
        "mean": -2.50509502031e-09,
        "min": -2.13457891363e-08,
        "stdev": 3.3577038927e-09
    },
    "spectral_energy": {
        "max": 0.0862597227097,
        "mean": 0.0105821918696,
        "min": 1.04079580522e-20,
        "stdev": 0.0140095409006
    },
    "spectral_energyband_high": {
        "max": 0.0197591092438,
        "mean": 0.000419710646383,
        "min": 7.37095473967e-21,
        "stdev": 0.001427952433
    },
    "spectral_energyband_low": {
        "max": 0.0106516890228,
        "mean": 0.00129049108364,
        "min": 2.92240590533e-23,
        "stdev": 0.00133981730323
    },
    "spectral_energyband_middle_high": {
        "max": 0.0439102165401,
        "mean": 0.00377000356093,
        "min": 1.33162275448e-21,
        "stdev": 0.00652064522728
    },
    "spectral_energyband_middle_low": {
        "max": 0.0821450650692,
        "mean": 0.00541305588558,
        "min": 1.9865975053e-22,
        "stdev": 0.00932940468192
    },
    "spectral_entropy": {
        "max": 9.81318569183,
        "mean": 7.66811704636,
        "min": 6.30755090714,
        "stdev": 0.328731268644
    },
    "spectral_flux": {
        "max": 0.236470937729,
        "mean": 0.0588295422494,
        "min": 6.51159473564e-11,
        "stdev": 0.045743778348
    },
    "spectral_kurtosis": {
        "max": 28.5240859985,
        "mean": 2.50858139992,
        "min": -1.23407185078,
        "stdev": 3.12056207657
    },
    "spectral_rms": {
        "max": 0.0091736484319,
        "mean": 0.00270736333914,
        "min": 3.18655063274e-12,
        "stdev": 0.00173039874062
    },
    "spectral_rolloff": {
        "max": 18949.21875,
        "mean": 2050.64990234,
        "min": 129.19921875,
        "stdev": 1939.12792969
    },
    "spectral_skewness": {
        "max": 3.31524586678,
        "mean": 0.838271856308,
        "min": -0.824098169804,
        "stdev": 0.465086132288
    },
    "spectral_spread": {
        "max": 41774436,
        "mean": 3679867,
        "min": 1293139.625,
        "stdev": 2954707
    },
    "spectral_strongpeak": {
        "max": 12.1091489792,
        "mean": 0.692897677422,
        "min": 0,
        "stdev": 1.13104081154
    },
    "zerocrossingrate": {
        "max": 0.51806640625,
        "mean": 0.0737429708242,
        "min": 0.01708984375,
        "stdev": 0.0478315539658
    },
    "barkbands": {
        "max": [0.000619847734924, 0.00546304415911, 0.00857863016427, 0.00976353511214, 0.0203288309276, 0.028853032738, 0.0328769013286, 0.0481428094208, 0.0439434982836, 0.016254670918, 0.0185140483081, 0.0158365014941, 0.0109944781289, 0.0208013001829, 0.0124271921813, 0.0286043323576, 0.0143289631233, 0.0214458946139, 0.0186635125428, 0.00737307453528, 0.0103268409148, 0.00595644162968, 0.0104772942141, 0.00012995954603, 1.80165966412e-06, 2.63852399485e-07, 8.66959197765e-08],
        "mean": [9.56117673923e-06, 0.000434689049143, 0.000587193993852, 0.000550092663616, 0.00102289614733, 0.00104054808617, 0.000985901453532, 0.000973971385974, 0.000729650375433, 0.000283590401523, 0.00019575895567, 0.000276483653579, 0.000329865171807, 0.000356155476766, 0.000338142504916, 0.000763929972891, 0.000487251760205, 0.000232313293964, 0.000442402844783, 0.000223679468036, 0.00012442242587, 0.000105760809674, 7.91718048276e-05, 8.61196167534e-06, 1.5355813332e-07, 7.35671246144e-10, 5.93312898811e-10],
        "min": [2.5658901983e-24, 3.40679639896e-24, 1.20578631819e-24, 5.2492729454e-24, 2.20842399278e-23, 1.42307257195e-23, 2.0205816962e-23, 2.5968341745e-23, 3.01682529816e-23, 5.81193019486e-23, 2.54198309804e-23, 4.2936004598e-23, 6.53058184843e-23, 9.14338130547e-23, 5.55374296256e-23, 8.03516110683e-23, 1.07459023784e-22, 1.49096616975e-22, 1.43053424948e-22, 2.44746960988e-22, 3.36197371676e-22, 2.92627334325e-22, 4.38896762168e-22, 6.84719956622e-22, 1.12517444771e-21, 1.47364548533e-21, 2.10199578931e-21],
        "stdev": [2.14079500438e-05, 0.000680815195665, 0.000798244494945, 0.000800628680736, 0.00136787234806, 0.00276981852949, 0.00300299888477, 0.00348559976555, 0.00277818040922, 0.00111513840966, 0.000813210033812, 0.00111518462654, 0.00104137160815, 0.00121585163288, 0.0011056693038, 0.00229982519522, 0.00127138849348, 0.000926084292587, 0.00126010680106, 0.000567089067772, 0.000538788328413, 0.000403996091336, 0.000374214025214, 1.02170297396e-05, 2.46378135671e-07, 7.4931296723e-09, 2.59361465638e-09]
    },
    "erbbands": {
        "max": [0.0880641937256, 1.43414723873, 8.08570575714, 24.1130084991, 39.7465438843, 78.8149108887, 292.343841553, 286.137145996, 438.584014893, 935.667114258, 1170.31286621, 1272.86022949, 348.898803711, 425.863494873, 888.480102539, 719.53125, 553.19354248, 736.872497559, 711.86328125, 873.570800781, 1422.28491211, 718.593505859, 1072.47460938, 1021.08728027, 633.171325684, 422.963439941, 458.158966064, 331.152496338, 200.942993164, 542.618041992, 189.320480347, 9.45133972168, 0.882202148438, 0.0712352767587, 0.00724487239495, 0.00160715705715, 0.000512338767294, 0.000191525366972, 0.000109551445348, 0.000109093802166],
        "mean": [0.00645618000999, 0.125960350037, 0.605635643005, 1.33370280266, 2.15518164635, 3.77373862267, 6.44244623184, 8.96176624298, 11.7594738007, 20.2918186188, 20.2492523193, 17.2604866028, 10.7055940628, 7.27757120132, 9.71703910828, 11.4325847626, 15.4782266617, 17.5984210968, 18.0550422668, 22.3668823242, 46.8423080444, 26.2177963257, 13.0751676559, 19.581785202, 20.1155586243, 10.3196058273, 6.51297903061, 4.16534519196, 3.71889185905, 3.64258480072, 1.87981522083, 0.406836807728, 0.0680726915598, 0.00588762247935, 0.000275256985333, 4.09952772316e-05, 1.38504565257e-05, 4.96416760143e-06, 7.23347238818e-06, 1.35232075991e-05],
        "min": [2.53638370023e-22, 6.13205537756e-22, 3.34382330213e-21, 1.62064650656e-20, 4.69814612617e-20, 6.10255921956e-20, 1.62194518012e-19, 1.14244292544e-19, 1.66017203966e-19, 4.15958291726e-19, 6.13137547791e-19, 8.13614643712e-19, 1.59525689559e-18, 1.61621599795e-18, 1.60016280041e-18, 1.65406809298e-18, 3.13208175271e-18, 4.66931957976e-18, 2.19876228704e-18, 4.1101483808e-18, 5.95016202259e-18, 6.05151480869e-18, 7.01989225667e-18, 9.07550969794e-18, 9.88685145612e-18, 1.2817935351e-17, 1.31524662159e-17, 1.32506550361e-17, 1.1684520068e-17, 1.6534177429e-17, 1.38096372243e-17, 7.86769613625e-18, 1.21253568765e-17, 1.03553152699e-17, 7.72532180922e-18, 5.02259104859e-18, 2.87545103562e-18, 1.05303111187e-18, 2.87052739812e-19, 2.79899113854e-20],
        "stdev": [0.0109623223543, 0.18144737184, 0.753411412239, 1.75794768333, 2.76148152351, 5.53929948807, 18.1955623627, 23.9226207733, 33.0091171265, 70.2477798462, 73.5819320679, 67.0822067261, 38.137462616, 26.6051959991, 42.3005142212, 41.8974189758, 47.4866218567, 54.8050003052, 58.793838501, 68.3873138428, 127.071182251, 65.7846221924, 47.4228439331, 65.6585464478, 51.6906585693, 26.4867305756, 25.7825183868, 18.2604427338, 13.5330648422, 19.1130161285, 7.54884719849, 0.591572761536, 0.0888064429164, 0.00792961940169, 0.000405711762141, 8.13300430309e-05, 2.68553649221e-05, 9.87061048363e-06, 9.45958345255e-06, 1.75250206667e-05]
    },
    "gfcc": {
        "mean": [-102.871109009, 130.406982422, -166.616195679, 74.3282012939, -72.6821975708, -0.345953136683, -28.3452568054, -22.2528209686, 2.76496219635, -27.5530376434, 4.89398908615, -18.9124984741, -4.13886213303],
        "cov": [[11345.6152344, 1307.50878906, -1855.64355469, 83.8418960571, -292.896514893, -595.110473633, -272.190826416, -170.234680176, 259.706390381, -196.220031738, 11.5501241684, -142.312042236, -177.53302002], [1307.50878906, 898.13861084, -103.261413574, -369.016448975, 39.0701217651, -114.652786255, -0.472352147102, 22.2799434662, 86.7154388428, -73.3194198608, 62.5492897034, -58.8713150024, 18.8641357422], [-1855.64355469, -103.261413574, 747.527404785, 219.211074829, -73.6258850098, 240.800872803, 62.9751663208, 10.3556051254, -91.5953445435, -6.30832529068, 3.78167366982, 26.1642723083, 103.240791321], [83.8418960571, -369.016448975, 219.211074829, 633.194335938, -2.46534371376, 169.201187134, -51.5968284607, -69.9035186768, -63.5265960693, 23.5943450928, -20.0952301025, 9.76253414154, 51.6454238892], [-292.896514893, 39.0701217651, -73.6258850098, -2.46534371376, 370.029388428, -79.9336929321, -35.7400245667, 9.28952598572, 87.2547225952, 52.0822067261, 3.90190672874, -15.2858753204, -12.3279132843], [-595.110473633, -114.652786255, 240.800872803, 169.201187134, -79.9336929321, 366.705780029, 103.462028503, 31.8975811005, -83.2313156128, -15.7896146774, 3.16707921028, -13.1474370956, 34.9904785156], [-272.190826416, -0.472352147102, 62.9751663208, -51.5968284607, -35.7400245667, 103.462028503, 215.546966553, 73.5779724121, -29.000005722, -15.5765018463, 4.41944599152, 14.6652698517, -24.9396629333], [-170.234680176, 22.2799434662, 10.3556051254, -69.9035186768, 9.28952598572, 31.8975811005, 73.5779724121, 114.164360046, 33.7705307007, 1.02921271324, 15.1285886765, -0.833966493607, -12.4859323502], [259.706390381, 86.7154388428, -91.5953445435, -63.5265960693, 87.2547225952, -83.2313156128, -29.000005722, 33.7705307007, 122.749313354, 48.5448684692, -2.63296914101, -14.286277771, -17.9726963043], [-196.220031738, -73.3194198608, -6.30832529068, 23.5943450928, 52.0822067261, -15.7896146774, -15.5765018463, 1.02921271324, 48.5448684692, 107.448883057, 29.9975204468, -21.5507793427, -19.2372951508], [11.5501241684, 62.5492897034, 3.78167366982, -20.0952301025, 3.90190672874, 3.16707921028, 4.41944599152, 15.1285886765, -2.63296914101, 29.9975204468, 75.2752227783, 7.30677509308, -12.6347160339], [-142.312042236, -58.8713150024, 26.1642723083, 9.76253414154, -15.2858753204, -13.1474370956, 14.6652698517, -0.833966493607, -14.286277771, -21.5507793427, 7.30677509308, 72.2286224365, 25.1637248993], [-177.53302002, 18.8641357422, 103.240791321, 51.6454238892, -12.3279132843, 34.9904785156, -24.9396629333, -12.4859323502, -17.9726963043, -19.2372951508, -12.6347160339, 25.1637248993, 93.2984313965]],
        "icov": [[0.000537658168469, -0.00112958822865, 0.00147549028043, -0.00140762864612, 0.00097293802537, 0.000241815781919, -0.000112782159704, 0.000179015696631, -0.0007019014447, 0.000477280904306, 0.000186057513929, -0.000101061283203, 0.000445274810772], [-0.00112958822865, 0.00714914919809, -0.00349481008016, 0.00476894201711, -0.00202103168704, 0.000269430747721, -0.00267119705677, 0.00467136781663, -0.0066810422577, 0.00884785223752, -0.0106717860326, 0.00898288376629, -0.0061551858671], [0.00147549028043, -0.00349481008016, 0.0061639402993, -0.00433969963342, 0.00272928015329, -0.000120374388644, -0.00039538013516, -0.000375996110961, -0.000354908086592, -0.000258957938058, 0.00132408400532, -0.00113619526383, -0.000290536496323], [-0.00140762864612, 0.00476894201711, -0.00433969963342, 0.00673851603642, -0.00283565279096, -0.00158096780069, 0.000209450430702, 0.00226850947365, -0.0004434477014, 0.00116362154949, -0.00319766672328, 0.00247769104317, -0.00293967779726], [0.00097293802537, -0.00202103168704, 0.00272928015329, -0.00283565279096, 0.00511588295922, 0.000839402666315, -0.000372847774997, 0.000519011693541, -0.00343662197702, 0.000457851187093, 9.46728596318e-06, 0.000261972541921, 0.000503520248458], [0.000241815781919, 0.000269430747721, -0.000120374388644, -0.00158096780069, 0.000839402666315, 0.00562169635668, -0.00269600492902, -0.000666493200697, 0.00054483814165, 0.0018228746485, -0.00220223003998, 0.00440404051915, -0.00239853141829], [-0.000112782159704, -0.00267119705677, -0.00039538013516, 0.000209450430702, -0.000372847774997, -0.00269600492902, 0.0105589348823, -0.00835730414838, 0.00828578602523, -0.00746284564957, 0.0088177351281, -0.00901133287698, 0.0069949333556], [0.000179015696631, 0.00467136781663, -0.000375996110961, 0.00226850947365, 0.000519011693541, -0.000666493200697, -0.00835730414838, 0.021489046514, -0.017109727487, 0.0143036125228, -0.0153718404472, 0.0103486776352, -0.00570270745084], [-0.0007019014447, -0.0066810422577, -0.000354908086592, -0.0004434477014, -0.00343662197702, 0.00054483814165, 0.00828578602523, -0.017109727487, 0.0334527343512, -0.0258025117218, 0.0230177752674, -0.0154609978199, 0.00833124760538], [0.000477280904306, 0.00884785223752, -0.000258957938058, 0.00116362154949, 0.000457851187093, 0.0018228746485, -0.00746284564957, 0.0143036125228, -0.0258025117218, 0.0374239720404, -0.0291733033955, 0.0224139466882, -0.00919222366065], [0.000186057513929, -0.0106717860326, 0.00132408400532, -0.00319766672328, 9.46728596318e-06, -0.00220223003998, 0.0088177351281, -0.0153718404472, 0.0230177752674, -0.0291733033955, 0.0410543270409, -0.0240725781769, 0.0144148794934], [-0.000101061283203, 0.00898288376629, -0.00113619526383, 0.00247769104317, 0.000261972541921, 0.00440404051915, -0.00901133287698, 0.0103486776352, -0.0154609978199, 0.0224139466882, -0.0240725781769, 0.0354711450636, -0.0159475430846], [0.000445274810772, -0.0061551858671, -0.000290536496323, -0.00293967779726, 0.000503520248458, -0.00239853141829, 0.0069949333556, -0.00570270745084, 0.00833124760538, -0.00919222366065, 0.0144148794934, -0.0159475430846, 0.0227944795042]]
    },
    "melbands": {
        "max": [0.00124255381525, 0.00284877582453, 0.00359720550478, 0.00442041922361, 0.00804854277521, 0.00594918383285, 0.00639335159212, 0.00948098767549, 0.00793837383389, 0.00703798420727, 0.00168369524181, 0.00208605430089, 0.00268913526088, 0.00211665546522, 0.00147141190246, 0.00114118843339, 0.00164117547683, 0.00146089994814, 0.00102907663677, 0.00177334703039, 0.00152689684182, 0.000880216539372, 0.000585379777476, 0.00128742307425, 0.000955391791649, 0.000551318866201, 0.000281643180642, 0.000320178776747, 0.000257374485955, 0.000302727217786, 0.000174524233444, 0.000121410586871, 0.00013097502233, 0.000365924235666, 0.000139722600579, 1.42829758261e-05, 3.01369755107e-06, 6.84361054937e-07, 1.40178784136e-07, 1.60060888987e-08],
        "mean": [9.32210241444e-05, 0.000268664851319, 0.000258716754615, 0.000197540633962, 0.000224621369853, 0.000201286718948, 0.000187101497431, 0.000224277900998, 0.000161769363331, 0.000101751174952, 5.13623235747e-05, 2.92400454782e-05, 2.98148952425e-05, 2.89325416816e-05, 3.45983025909e-05, 3.28797832481e-05, 3.26055123878e-05, 2.91599390039e-05, 2.565050454e-05, 3.86189931305e-05, 5.8529782109e-05, 3.03704619e-05, 1.24046619021e-05, 1.12895104394e-05, 1.62375363288e-05, 1.71361007233e-05, 1.04572409327e-05, 6.07163292443e-06, 4.38983806816e-06, 3.02055832435e-06, 2.1994517283e-06, 2.12141776501e-06, 1.95261509361e-06, 2.08162077797e-06, 1.26553743485e-06, 4.56984537323e-07, 1.57372383569e-07, 5.15200326845e-08, 1.1279551515e-08, 1.35252753442e-09],
        "min": [2.97321931558e-24, 3.53148927567e-24, 4.53691340419e-24, 3.94386000298e-24, 5.42351220341e-24, 2.81195228351e-24, 3.17967111701e-24, 3.74018203371e-24, 3.4235959808e-24, 5.26188209811e-24, 7.69624216503e-24, 6.99682862013e-24, 4.48023374815e-24, 5.44344277418e-24, 4.49997341458e-24, 6.48011881075e-24, 8.07286171612e-24, 3.01673229146e-24, 4.92345051458e-24, 5.17192000605e-24, 6.70075886721e-24, 6.69917246793e-24, 4.09702760293e-24, 7.18070341967e-24, 6.54859588163e-24, 6.64278626814e-24, 6.13635294978e-24, 7.85062697735e-24, 7.77249030468e-24, 6.09665865232e-24, 5.96643152193e-24, 6.05645987831e-24, 6.67107560907e-24, 8.32047805452e-24, 7.92985937781e-24, 3.98905423868e-24, 5.12893063659e-24, 7.36411594671e-24, 9.88329276044e-24, 7.43724256377e-24],
        "stdev": [0.000155418456416, 0.000293259887258, 0.000300707179122, 0.000252808473306, 0.000520823756233, 0.000522116140928, 0.000523893453646, 0.00075728748925, 0.000571967684664, 0.000395927578211, 0.000187923098565, 0.000118150601338, 0.000123085759697, 0.000117992392916, 0.000119864220324, 0.000105724604509, 0.000108812149847, 0.000103854210465, 8.707120287e-05, 0.000128452826175, 0.000156048627105, 8.06960160844e-05, 4.11786022596e-05, 5.04313211422e-05, 5.74439654883e-05, 4.68637845188e-05, 2.64676364168e-05, 1.82199000847e-05, 1.7490450773e-05, 1.40282973007e-05, 1.01665309558e-05, 8.04139472166e-06, 7.44307544664e-06, 1.23162581076e-05, 5.54444977752e-06, 8.38554967686e-07, 1.8695811832e-07, 7.30553111339e-08, 1.58996265043e-08, 2.31139996032e-09]
    },
    "melbands128": {
        "max": [0.000306277506752, 0.000305721972836, 0.00207149214111, 0.00259159482084, 0.00387480761856, 0.00397566659376, 0.0057471669279, 0.00391168799251, 0.00395172880962, 0.0049391053617, 0.00469720549881, 0.00517827598378, 0.0147566180676, 0.0134640932083, 0.0103674391285, 0.0117284897715, 0.00616531493142, 0.0116076851264, 0.01239106711, 0.0178951025009, 0.014180297032, 0.0198159702122, 0.0103525929153, 0.00894936732948, 0.0155939571559, 0.0107413586229, 0.00519844470546, 0.00328174210154, 0.00495541188866, 0.00486304564402, 0.00192754820455, 0.00120547076222, 0.00326565187424, 0.00510809291154, 0.00408845348284, 0.00449858652428, 0.0018548698863, 0.00329985632561, 0.0022084240336, 0.00244115875103, 0.00144153623842, 0.00272110197693, 0.00277035916224, 0.00332541274838, 0.0027008659672, 0.00219220970757, 0.00201738229953, 0.00146587425843, 0.00161646830384, 0.0015460945433, 0.00189743400551, 0.00345932273194, 0.00225540413521, 0.00322985951789, 0.00203244853765, 0.00127602310386, 0.00133955804631, 0.000881808111444, 0.000930560752749, 0.00116337079089, 0.00171777338255, 0.000999984215014, 0.000924986845348, 0.00131107238121, 0.00135094334837, 0.000762488460168, 0.000692801666446, 0.000604089931585, 0.000293289398542, 0.000278638326563, 0.000469448481454, 0.000285771791823, 0.000354750023689, 0.00025389608345, 0.000406974053476, 0.000439146562712, 0.00020786668756, 0.000148952443851, 0.00023358996259, 0.000182062940439, 0.000123361343867, 0.000110152570414, 9.69053653535e-05, 0.000105748018541, 0.000291928648949, 0.000468253390864, 0.00039950964856, 0.000195730448468, 0.000178810762009, 5.53799109184e-05, 2.20744841499e-05, 1.35282689371e-05, 3.7642685129e-06, 3.50046207132e-06, 2.59486569121e-06, 1.26592885863e-06, 8.15645307739e-07, 4.08750054248e-07, 1.77440455218e-07, 7.94752992306e-08, 3.90800458661e-08, 2.79004090942e-08, 5.61939605959e-09, 4.87039075736e-09, 4.12898160107e-09, 3.56862073225e-09, 3.10197934006e-09, 2.77849121488e-09, 2.36855401958e-09, 2.04924632818e-09, 1.73921166358e-09, 1.49109946612e-09, 1.31166144612e-09, 1.15013021329e-09, 9.56854595557e-10, 8.31919644284e-10, 7.10577652274e-10, 6.07064787328e-10, 4.97787144838e-10, 4.49060677532e-10, 3.79837966635e-10, 3.12271736247e-10, 2.58451982038e-10, 2.26750646037e-10, 1.94046390067e-10, 1.65995966972e-10, 1.4761201983e-10, 1.36255284833e-10],
        "mean": [6.19008096692e-06, 2.34894014284e-05, 0.000131125270855, 0.000223048351472, 0.0002985013125, 0.000282431632513, 0.000263487658231, 0.000282346474705, 0.000213524457649, 0.000148658218677, 0.000222334914724, 0.000241208908847, 0.000217951921513, 0.000218392757233, 0.00020548995235, 0.000195390093722, 0.000173994369106, 0.000179272305104, 0.000203196381335, 0.000253456557402, 0.000222836897592, 0.000176922432729, 0.000155337169417, 0.000145362922922, 0.000122479672427, 7.96150052338e-05, 6.18304475211e-05, 5.08153134433e-05, 3.9663296775e-05, 3.61828642781e-05, 2.1405687221e-05, 2.36044561461e-05, 2.96261732728e-05, 3.64984298358e-05, 3.02946355077e-05, 2.43119739025e-05, 2.94876426779e-05, 3.78382137569e-05, 3.53590694431e-05, 3.46785636793e-05, 3.06653964799e-05, 3.23288186337e-05, 3.42987150361e-05, 3.14837416227e-05, 3.15780671372e-05, 2.967317414e-05, 2.53250182141e-05, 2.45587580139e-05, 2.53680354945e-05, 2.87243092316e-05, 3.23321000906e-05, 5.89473966102e-05, 6.49366338621e-05, 5.85970992688e-05, 4.40848780272e-05, 2.7832298656e-05, 1.95832581085e-05, 1.26581098812e-05, 9.99045460048e-06, 1.10085329652e-05, 1.07134683276e-05, 1.17686622616e-05, 1.43572106026e-05, 1.82000912901e-05, 1.84950604307e-05, 1.80544375326e-05, 1.57214508363e-05, 1.34587871798e-05, 8.87858914211e-06, 6.93668107488e-06, 6.13146812611e-06, 5.56510303795e-06, 5.23704648003e-06, 4.22319544668e-06, 3.24548295794e-06, 3.57317435373e-06, 2.63305992121e-06, 2.1719988581e-06, 2.15131035475e-06, 2.23563733925e-06, 2.02965634344e-06, 2.22165431296e-06, 1.99066448658e-06, 1.74467550096e-06, 2.11370911529e-06, 2.17327146856e-06, 2.18732088797e-06, 1.70363171037e-06, 1.31560250338e-06, 8.7284536221e-07, 5.59220723062e-07, 3.56091476306e-07, 2.28260716995e-07, 1.68325627214e-07, 9.86795285485e-08, 7.57706288823e-08, 3.99521944416e-08, 2.03075618543e-08, 1.22266268221e-08, 5.85959769595e-09, 2.47658005215e-09, 4.99895735917e-10, 9.59941987011e-11, 1.12798954205e-11, 7.69397739964e-12, 6.98661180992e-12, 6.43353512825e-12, 5.81154829121e-12, 5.3327112691e-12, 5.04353113093e-12, 4.72048832315e-12, 4.40668595364e-12, 4.2155237634e-12, 3.96037673142e-12, 3.70528087379e-12, 3.55778189028e-12, 3.40756893188e-12, 3.02012212981e-12, 2.83308966564e-12, 2.73333504268e-12, 2.60611974709e-12, 2.51195505369e-12, 2.44648030133e-12, 2.34151999005e-12, 2.08547307028e-12, 1.68652223263e-12, 1.48197730129e-12, 1.44023248189e-12],
        "min": [5.19262366051e-25, 2.48877963646e-24, 4.76889984426e-25, 9.71092113062e-25, 1.98373747431e-24, 5.80158680844e-25, 2.24054246453e-24, 2.48908177019e-24, 5.02261033037e-24, 2.84552147047e-24, 1.97849983233e-24, 3.92309047864e-24, 3.15612342177e-24, 1.00728820684e-24, 1.58707651749e-24, 1.38328199402e-24, 2.52306353141e-24, 1.08878266594e-24, 3.90382649534e-24, 3.3964260335e-24, 1.86998807051e-24, 4.07267783336e-24, 1.3435208406e-24, 1.98612772285e-24, 3.79010194066e-24, 4.39538386918e-24, 2.35416131185e-24, 7.12518733346e-24, 8.44553854041e-24, 4.84333774535e-24, 2.16746574293e-24, 3.11895130984e-24, 1.82016696839e-24, 3.81517864554e-24, 5.43079496729e-24, 4.24355062746e-24, 3.81998714719e-24, 1.37727895974e-24, 4.04266246478e-24, 1.71808462017e-24, 1.56752341666e-24, 5.80560999906e-24, 3.90879355803e-24, 4.30177053442e-24, 2.92179603696e-24, 2.38072383625e-24, 2.20542651855e-24, 3.60980225874e-24, 3.11137015932e-24, 4.19218473848e-24, 6.21623497719e-24, 3.26599222156e-24, 4.4145003355e-24, 3.80811873487e-24, 1.59565833806e-24, 4.63353348229e-24, 3.43991593521e-24, 3.03000211518e-24, 4.48167302487e-24, 2.90427681676e-24, 3.81215139182e-24, 6.0729336606e-24, 5.55670781738e-24, 4.79842631629e-24, 5.19120883847e-24, 7.67883594915e-24, 3.7928897751e-24, 4.61859521776e-24, 5.87685557729e-24, 6.82890932126e-24, 7.04561651167e-24, 3.61603268217e-24, 2.7504004253e-24, 6.43611693832e-24, 7.63342517115e-24, 5.86826527646e-24, 4.04520535791e-24, 5.9048352903e-24, 6.00348431865e-24, 5.98723615059e-24, 4.36688548012e-24, 5.87841081656e-24, 6.73763890339e-24, 7.56952112694e-24, 3.64790424046e-24, 6.68632192378e-24, 6.80442544535e-24, 8.27150320294e-24, 5.71803736668e-24, 6.33751050846e-24, 2.51857688501e-24, 3.74269534456e-24, 3.03186915173e-24, 3.70618686186e-24, 6.97493536343e-24, 6.51714360291e-24, 7.37400905132e-24, 7.45728515278e-24, 8.82980136481e-24, 6.71524077571e-24, 5.52891033124e-24, 5.59693499039e-24, 5.99246590396e-24, 6.77647925892e-24, 6.64015305044e-24, 6.00073040523e-24, 7.57773947985e-24, 5.0658868452e-24, 7.94724271671e-24, 4.93212916783e-24, 7.19216083545e-24, 6.15275218471e-24, 6.36656938319e-24, 5.36579558971e-24, 6.52354954789e-24, 5.52866696765e-24, 6.89555071281e-24, 8.05768639889e-24, 7.75796895314e-24, 6.86902920918e-24, 9.35339832432e-24, 8.30697591127e-24, 6.67694236762e-24, 7.81530573031e-24, 8.18907039379e-24, 8.34555357612e-24, 8.37960791253e-24, 9.51794208738e-24],
        "stdev": [1.18228517749e-05, 3.79331431759e-05, 0.000266318034846, 0.00033103741589, 0.000385547580663, 0.000394145085011, 0.000403448706493, 0.000411535496823, 0.000316459743772, 0.000269387906883, 0.000368219916709, 0.000436777161667, 0.000791981758084, 0.00081155175576, 0.000658916891553, 0.000769137230236, 0.000550011347514, 0.000735967187211, 0.000805686286185, 0.00114799081348, 0.000943759572692, 0.000937483622693, 0.000717838935088, 0.000707299099304, 0.00065231602639, 0.000431348540587, 0.000312354561174, 0.000232221267652, 0.000226507341722, 0.00021226402896, 8.78468199517e-05, 7.82157876529e-05, 0.000132977613248, 0.000227520678891, 0.000167355799931, 0.000152037915541, 0.000138030009111, 0.000186615245184, 0.000140221382026, 0.000145428639371, 0.000118391508295, 0.00013626764121, 0.000134576417622, 0.000138462419272, 0.000142951263115, 0.000132513552671, 0.000112270026875, 0.000105564424302, 9.61479745456e-05, 0.000101898171124, 0.000121897632198, 0.000222162430873, 0.000194696156541, 0.000180535775144, 0.000134798377985, 8.88796130312e-05, 7.30947213015e-05, 4.79564805573e-05, 4.07196457672e-05, 5.11486068717e-05, 6.02222680754e-05, 5.32430094609e-05, 5.87849099247e-05, 7.14485649951e-05, 6.26266992185e-05, 5.56678969588e-05, 4.60044575448e-05, 4.31416301581e-05, 2.20997862925e-05, 1.67713878909e-05, 2.16289427044e-05, 2.0358906113e-05, 2.22347625822e-05, 1.77408146556e-05, 1.6723135559e-05, 1.86052911886e-05, 1.22114724945e-05, 9.00662325876e-06, 1.17665649668e-05, 1.1039385754e-05, 8.70199346537e-06, 7.4458303061e-06, 6.99795464243e-06, 6.4014320742e-06, 1.1288629139e-05, 1.47721693793e-05, 1.38405439429e-05, 8.08125969343e-06, 6.72821443004e-06, 2.85677833745e-06, 1.07442747321e-06, 5.8230864397e-07, 2.78512032992e-07, 2.11265685834e-07, 1.51675465077e-07, 1.15838837189e-07, 6.57270859961e-08, 3.18632409346e-08, 1.78613497326e-08, 9.51830436691e-09, 4.62598626072e-09, 1.50072942962e-09, 3.41096900724e-10, 1.38749692291e-10, 1.16887222124e-10, 1.01014016596e-10, 8.78341357979e-11, 7.86936210639e-11, 6.71242506023e-11, 5.8117566315e-11, 4.93755002162e-11, 4.23813206751e-11, 3.73288830402e-11, 3.2784736731e-11, 2.73611792945e-11, 2.38595809776e-11, 2.04700579404e-11, 1.75942836689e-11, 1.45824931991e-11, 1.32357519042e-11, 1.13482608727e-11, 9.53728589159e-12, 8.12727749683e-12, 7.31168597889e-12, 6.49943206893e-12, 5.83269717247e-12, 5.41075170779e-12, 5.15734763923e-12]
    },
    "mfcc": {
        "mean": [-707.687866211, 117.879821777, -20.8403759003, 51.0761680603, -11.8952684402, 17.531578064, -21.467168808, 11.9036026001, -19.3363208771, 11.8405036926, -14.6502027512, 2.58900737762, -5.50256586075],
        "cov": [[4582.69433594, 990.179931641, -1011.15722656, 245.127197266, -152.347137451, -224.464248657, -479.482940674, 2.99047279358, -160.245651245, 119.958854675, 10.1391305923, 54.8618850708, 81.6786804199], [990.179931641, 1254.89123535, -337.59777832, -234.878860474, -46.117980957, -243.281524658, -122.144844055, 12.8649625778, -26.0991249084, 61.540813446, -23.0698795319, 111.937385559, 29.8952732086], [-1011.15722656, -337.59777832, 949.46887207, -19.3617286682, 3.35904240608, 152.015792847, 243.906021118, 34.1921424866, 78.6589279175, -110.179603577, -43.1406288147, -39.8771781921, -56.342918396], [245.127197266, -234.878860474, -19.3617286682, 409.421173096, 103.552970886, 98.5133590698, -77.8003616333, -24.8287696838, -38.6710014343, 43.5230522156, -46.2294540405, -62.8310165405, 37.1111526489], [-152.347137451, -46.117980957, 3.35904240608, 103.552970886, 320.93850708, 54.2825431824, -21.9491195679, -68.2632675171, 18.188451767, 43.1148071289, -21.5051670074, -39.3632698059, 32.5834617615], [-224.464248657, -243.281524658, 152.015792847, 98.5133590698, 54.2825431824, 223.241622925, 87.667427063, 12.0818529129, 17.0047283173, 7.88912677765, -4.86415481567, -24.3376693726, -28.5024642944], [-479.482940674, -122.144844055, 243.906021118, -77.8003616333, -21.9491195679, 87.667427063, 252.18069458, 78.1152801514, 33.7667160034, -25.885187149, 34.9236183167, 17.1712036133, -39.3519668579], [2.99047279358, 12.8649625778, 34.1921424866, -24.8287696838, -68.2632675171, 12.0818529129, 78.1152801514, 152.085861206, 41.4495658875, -32.3562583923, 9.45344829559, 21.7936191559, -20.7397480011], [-160.245651245, -26.0991249084, 78.6589279175, -38.6710014343, 18.188451767, 17.0047283173, 33.7667160034, 41.4495658875, 113.025405884, 12.2765083313, -7.00133705139, -3.98929214478, -0.386718004942], [119.958854675, 61.540813446, -110.179603577, 43.5230522156, 43.1148071289, 7.88912677765, -25.885187149, -32.3562583923, 12.2765083313, 124.461021423, 40.9721946716, 3.64513611794, 18.1060409546], [10.1391305923, -23.0698795319, -43.1406288147, -46.2294540405, -21.5051670074, -4.86415481567, 34.9236183167, 9.45344829559, -7.00133705139, 40.9721946716, 126.443328857, 47.2358055115, -16.5537624359], [54.8618850708, 111.937385559, -39.8771781921, -62.8310165405, -39.3632698059, -24.3376693726, 17.1712036133, 21.7936191559, -3.98929214478, 3.64513611794, 47.2358055115, 98.4265136719, 17.6902732849], [81.6786804199, 29.8952732086, -56.342918396, 37.1111526489, 32.5834617615, -28.5024642944, -39.3519668579, -20.7397480011, -0.386718004942, 18.1060409546, -16.5537624359, 17.6902732849, 89.8579025269]],
        "icov": [[0.000410861655837, -0.000358089600923, 0.000228541757679, -0.000400807912229, 0.000277100567473, -0.000200479480554, 0.00044708038331, -0.000187252750038, 8.24943199405e-05, 0.000225937386858, -0.000419583928306, 0.000259483436821, -0.000130543790874], [-0.000358089600923, 0.00187019468285, -0.000153144195792, 0.00128149357624, -0.000655187643133, 0.00131725112442, 0.000101424600871, -0.000797428598162, 0.000952633272391, -0.00217335880734, 0.00244256574661, -0.00216581160203, 0.000912159739528], [0.000228541757679, -0.000153144195792, 0.00204218202271, -0.000665407802444, 0.000357391661964, -0.000438662333181, -0.00161452707835, 0.00127944606356, -0.00153026136104, 0.00188607396558, 3.73385992134e-05, 0.00028160380316, 0.000282843626337], [-0.000400807912229, 0.00128149357624, -0.000665407802444, 0.00549411168322, -0.00127463287208, -0.00152885797434, 0.00204461067915, -0.00265644141473, 0.00338693335652, -0.0033175710123, 0.00213786913082, 0.000865854031872, -0.00158233451657], [0.000277100567473, -0.000655187643133, 0.000357391661964, -0.00127463287208, 0.00454022316262, -0.00110163621139, -0.000400720862672, 0.0022918600589, -0.00178074999712, 0.000462170282844, -0.000870054762345, 0.00162670540158, -0.00150699005462], [-0.000200479480554, 0.00131725112442, -0.000438662333181, -0.00152885797434, -0.00110163621139, 0.00833113957196, -0.00269111827947, 0.000185356097063, -0.00022852649272, -0.00212005968206, 0.0023041984532, -0.00211712741293, 0.00327413901687], [0.00044708038331, 0.000101424600871, -0.00161452707835, 0.00204461067915, -0.000400720862672, -0.00269111827947, 0.00925991777331, -0.00471710925922, 0.00194439932238, -0.00127000454813, -0.00160347286146, -0.000209666410228, -2.85354308289e-05], [-0.000187252750038, -0.000797428598162, 0.00127944606356, -0.00265644141473, 0.0022918600589, 0.000185356097063, -0.00471710925922, 0.0126709686592, -0.00654701981694, 0.00502956937999, -0.00123587460257, -0.00129789044149, 0.00140756671317], [8.24943199405e-05, 0.000952633272391, -0.00153026136104, 0.00338693335652, -0.00178074999712, -0.00022852649272, 0.00194439932238, -0.00654701981694, 0.0143979266286, -0.00602490082383, 0.00302158901468, 0.000302187632769, -0.00106345571112], [0.000225937386858, -0.00217335880734, 0.00188607396558, -0.0033175710123, 0.000462170282844, -0.00212005968206, -0.00127000454813, 0.00502956937999, -0.00602490082383, 0.016332436353, -0.00823390390724, 0.0033405283466, -0.00265629589558], [-0.000419583928306, 0.00244256574661, 3.73385992134e-05, 0.00213786913082, -0.000870054762345, 0.0023041984532, -0.00160347286146, -0.00123587460257, 0.00302158901468, -0.00823390390724, 0.0164613723755, -0.00879695359617, 0.00520464126021], [0.000259483436821, -0.00216581160203, 0.00028160380316, 0.000865854031872, 0.00162670540158, -0.00211712741293, -0.000209666410228, -0.00129789044149, 0.000302187632769, 0.0033405283466, -0.00879695359617, 0.0190344452858, -0.00738881109282], [-0.000130543790874, 0.000912159739528, 0.000282843626337, -0.00158233451657, -0.00150699005462, 0.00327413901687, -2.85354308289e-05, 0.00140756671317, -0.00106345571112, -0.00265629589558, 0.00520464126021, -0.00738881109282, 0.0166161879897]]
    },
    "spectral_contrast_coeffs": {
        "max": [-0.432734787464, -0.454139769077, -0.50444060564, -0.451444745064, -0.549800992012, -0.307247161865],
        "mean": [-0.717565834522, -0.774108111858, -0.811472475529, -0.806823611259, -0.801022291183, -0.658099651337],
        "min": [-0.999555170536, -0.999504625797, -0.999550461769, -0.999245405197, -0.996330320835, -0.965499460697],
        "stdev": [0.067630417645, 0.0735518857837, 0.0544436983764, 0.0648481026292, 0.0544909983873, 0.0632062628865]
    },
    "spectral_contrast_valleys": {
        "max": [-5.17500734329, -4.99551486969, -5.13344287872, -5.52412652969, -5.74462223053, -10.011680603],
        "mean": [-7.42900466919, -7.41544866562, -8.12730121613, -8.01273441315, -7.77454280853, -12.0663337708],
        "min": [-27.8429946899, -27.4563426971, -27.4616565704, -27.5096588135, -27.3708114624, -27.3411998749],
        "stdev": [1.65944731236, 1.73049628735, 1.6480358839, 1.67697823048, 1.62179112434, 1.33556771278]
    }
},
"rhythm": {
    "beats_count": 53,
    "beats_loudness": {
        "max": 0.0635365694761,
        "mean": 0.01425901521,
        "min": 0.00016958542983,
        "stdev": 0.015676215291
    },
    "bpm": 123.359268188,
    "bpm_histogram_first_peak_bpm": 123,
    "bpm_histogram_first_peak_weight": 0.476190447807,
    "bpm_histogram_second_peak_bpm": 99,
    "bpm_histogram_second_peak_spread": 0.521739125252,
    "bpm_histogram_second_peak_weight": 0.211538463831,
    "danceability": 1.16734051704,
    "onset_rate": 4.82536745071,
    "beats_loudness_band_ratio": {
        "max": [0.822511613369, 0.776755511761, 0.693046927452, 0.42917573452, 0.724268198013, 0.6110419631],
        "mean": [0.296119749546, 0.197554171085, 0.157141506672, 0.092171266675, 0.20171110332, 0.104782953858],
        "min": [0.00245964433998, 0.00487891724333, 0.0158305112273, 0.00406490825117, 0.00735845975578, 0.00342116947286],
        "stdev": [0.251648306847, 0.162121996284, 0.173300161958, 0.093683809042, 0.195826888084, 0.119582094252]
    },
    "beats_position": [0.441179126501, 0.905578196049, 1.369977355, 1.83437633514, 2.31038546562, 2.7863945961, 3.27401351929, 3.76163268089, 4.22603178024, 4.71365070343, 5.20126962662, 5.6888885498, 6.18811798096, 6.68734693527, 7.18657588959, 7.67419481277, 8.17342376709, 8.66104316711, 9.14866161346, 9.63628101349, 10.1239004135, 10.5999088287, 11.0759181976, 11.5519275665, 12.0279359818, 12.5155553818, 12.9799547195, 13.5604534149, 14.1293420792, 14.6982307434, 15.301949501, 15.9056682587, 16.50938797, 17.1014957428, 17.7052154541, 18.2973232269, 18.9126529694, 19.5047607422, 20.0852603912, 20.6657600403, 21.246257782, 21.8151473999, 22.430475235, 23.0458049774, 23.6727428436, 24.2648525238, 24.8569602966, 25.4490699768, 26.076007843, 26.6797275543, 27.2834453583, 27.8871650696, 28.4908847809],
