{
"metadata": {
    "version": {
        "essentia": "2.1-beta5",
        "essentia_git_sha": "Undefined",
        "extractor": "music 2.0"
    },
    "audio_properties": {
        "analysis": {
            "equal_loudness": 0,
            "length": 41.0180511475,
            "sample_rate": 44100,
            "start_time": 142.744674683,
            "downmix": "mix"
        },
        "bit_rate": 192000,
        "length": 183.785964966,
        "lossless": 0,
        "number_channels": 2,
        "replay_gain": -6.71315002441,
        "sample_rate": 48000,
        "codec": "mp3",
        "md5_encoded": "400935a4bdf60e1e53203c025241bffc"
    },
    "tags": {
        "file_name": "Latvia_Too Much_Arnis Mednis.mp3",
        "encoding": ["Lavf58.29.100"]
    }
},
"lowlevel": {
    "average_loudness": 0.970286548138,
    "barkbands_crest": {
        "max": 22.5082645416,
        "mean": 9.2773809433,
        "min": 2.40573215485,
        "stdev": 3.86236763
    },
    "barkbands_flatness_db": {
        "max": 0.25235325098,
        "mean": 0.14961284399,
        "min": 0.0731686875224,
        "stdev": 0.0301777031273
    },
    "barkbands_kurtosis": {
        "max": 28.4656524658,
        "mean": 1.57226407528,
        "min": -1.81385171413,
        "stdev": 3.34448766708
    },
    "barkbands_skewness": {
        "max": 5.05244112015,
        "mean": 0.838269472122,
        "min": -3.32149577141,
        "stdev": 1.08617341518
    },
    "barkbands_spread": {
        "max": 97.0638504028,
        "mean": 25.9134044647,
        "min": 4.45137405396,
        "stdev": 13.7173442841
    },
    "dissonance": {
        "max": 0.499996513128,
        "mean": 0.474207282066,
        "min": 0.33529484272,
        "stdev": 0.0229477789253
    },
    "dynamic_complexity": 2.09387111664,
    "erbbands_crest": {
        "max": 25.8572177887,
        "mean": 8.8382101059,
        "min": 2.41054368019,
        "stdev": 3.98588442802
    },
    "erbbands_flatness_db": {
        "max": 0.317786544561,
        "mean": 0.184252694249,
        "min": 0.0842855200171,
        "stdev": 0.0495812557638
    },
    "erbbands_kurtosis": {
        "max": 14.5339393616,
        "mean": 0.683980941772,
        "min": -1.75930428505,
        "stdev": 2.19360756874
    },
    "erbbands_skewness": {
        "max": 3.17503523827,
        "mean": 0.239953532815,
        "min": -3.18340826035,
        "stdev": 0.892088592052
    },
    "erbbands_spread": {
        "max": 118.02091217,
        "mean": 36.8479881287,
        "min": 6.03470563889,
        "stdev": 20.543636322
    },
    "hfc": {
        "max": 184.75920105,
        "mean": 27.2823982239,
        "min": 1.56641419835e-06,
        "stdev": 17.9668960571
    },
    "loudness_ebu128": {
        "integrated": -16.6635856628,
        "loudness_range": 1.70569801331,
        "momentary": {
            "max": -13.6577615738,
            "mean": -16.8767166138,
            "min": -21.9884433746,
            "stdev": 1.39867687225
        },
        "short_term": {
            "max": -15.1782712936,
            "mean": -16.6433353424,
            "min": -18.9730243683,
            "stdev": 0.662857055664
        }
    },
    "melbands_crest": {
        "max": 29.3373088837,
        "mean": 12.1105546951,
        "min": 2.28743553162,
        "stdev": 5.00969743729
    },
    "melbands_flatness_db": {
        "max": 0.299480855465,
        "mean": 0.145178750157,
        "min": 0.0202609337866,
        "stdev": 0.0461318679154
    },
    "melbands_kurtosis": {
        "max": 115.430381775,
        "mean": 7.77195882797,
        "min": -1.74001264572,
        "stdev": 11.8688573837
    },
    "melbands_skewness": {
        "max": 9.00943946838,
        "mean": 1.86755466461,
        "min": -1.35982143879,
        "stdev": 1.59019100666
    },
    "melbands_spread": {
        "max": 178.873931885,
        "mean": 35.0525131226,
        "min": 3.46813297272,
        "stdev": 24.8344993591
    },
    "pitch_salience": {
        "max": 0.85909819603,
        "mean": 0.615711212158,
        "min": 0.261006951332,
        "stdev": 0.107365190983
    },
    "silence_rate_20dB": {
        "max": 1,
        "mean": 1,
        "min": 1,
        "stdev": 0
    },
    "silence_rate_30dB": {
        "max": 1,
        "mean": 1,
        "min": 1,
        "stdev": 0
    },
    "silence_rate_60dB": {
        "max": 1,
        "mean": 0.0147058824077,
        "min": 0,
        "stdev": 0.120372779667
    },
    "spectral_centroid": {
        "max": 4815.62792969,
        "mean": 1813.59228516,
        "min": 353.683776855,
        "stdev": 704.868896484
    },
    "spectral_complexity": {
        "max": 54,
        "mean": 22.9903850555,
        "min": 0,
        "stdev": 9.24107933044
    },
    "spectral_decrease": {
        "max": -8.37095027322e-16,
        "mean": -5.84314863161e-09,
        "min": -2.87138313126e-08,
        "stdev": 3.72959219064e-09
    },
    "spectral_energy": {
        "max": 0.113599069417,
        "mean": 0.024528035894,
        "min": 3.30147464922e-09,
        "stdev": 0.0149615081027
    },
    "spectral_energyband_high": {
        "max": 0.0181451980025,
        "mean": 0.00132616003975,
        "min": 1.09278558424e-10,
        "stdev": 0.00158779590856
    },
    "spectral_energyband_low": {
        "max": 0.0453154593706,
        "mean": 0.00459153670818,
        "min": 1.85895654425e-09,
        "stdev": 0.00604915432632
    },
    "spectral_energyband_middle_high": {
        "max": 0.0507422238588,
        "mean": 0.00866468064487,
        "min": 2.72790817712e-10,
        "stdev": 0.00753855099902
    },
    "spectral_energyband_middle_low": {
        "max": 0.105624765158,
        "mean": 0.0106333997101,
        "min": 3.13466641533e-10,
        "stdev": 0.0113643510267
    },
    "spectral_entropy": {
        "max": 8.62864017487,
        "mean": 7.85670375824,
        "min": 6.96948671341,
        "stdev": 0.249690949917
    },
    "spectral_flux": {
        "max": 0.274369746447,
        "mean": 0.100705847144,
        "min": 0.00952863506973,
        "stdev": 0.0399023890495
    },
    "spectral_kurtosis": {
        "max": 14.6007289886,
        "mean": 2.52968215942,
        "min": -0.982554197311,
        "stdev": 1.97995376587
    },
    "spectral_rms": {
        "max": 0.010527504608,
        "mean": 0.00465251272544,
        "min": 1.7947007791e-06,
        "stdev": 0.00151126249693
    },
    "spectral_rolloff": {
        "max": 8957.8125,
        "mean": 2157.36083984,
        "min": 150.732421875,
        "stdev": 1614.36230469
    },
    "spectral_skewness": {
        "max": 2.35748529434,
        "mean": 1.13790071011,
        "min": -0.305434376001,
        "stdev": 0.295200139284
    },
    "spectral_spread": {
        "max": 10158328,
        "mean": 4473602.5,
        "min": 2027871.875,
        "stdev": 1307846.375
    },
    "spectral_strongpeak": {
        "max": 13.7141046524,
        "mean": 1.49132668972,
        "min": 0,
        "stdev": 1.91555345058
    },
    "zerocrossingrate": {
        "max": 0.2783203125,
        "mean": 0.0846190303564,
        "min": 0.0166015625,
        "stdev": 0.0370502509177
    },
    "barkbands": {
        "max": [0.00217140489258, 0.0318207629025, 0.0245515555143, 0.0451557524502, 0.067149028182, 0.0383725203574, 0.0397793725133, 0.0304895713925, 0.0481525957584, 0.0220224205405, 0.0298424679786, 0.0242649447173, 0.0202707592398, 0.0101857557893, 0.00713187642395, 0.00767186935991, 0.0218760222197, 0.0415190979838, 0.0150527860969, 0.00488248607144, 0.00401059770957, 0.0103004584089, 0.00817904621363, 0.00550739094615, 0.00155302823987, 3.27464590555e-06, 5.70291760482e-08],
        "mean": [0.00011328169785, 0.00289272121154, 0.00106859218795, 0.00136523891706, 0.00326923746616, 0.00167016359046, 0.000621029816102, 0.000931351154577, 0.00241915602237, 0.00111063360237, 0.00183223560452, 0.00110462191515, 0.00127135054208, 0.000630261143669, 0.000419847376179, 0.000406236038543, 0.0008540644194, 0.000568629417103, 0.000446677906439, 0.000381789286621, 0.000235761384829, 0.00029824548983, 0.000348229310475, 0.000190960272448, 7.76419547037e-05, 3.90074568202e-08, 8.11143430202e-10],
        "min": [1.48854639725e-09, 9.37986577298e-10, 1.81081621919e-10, 6.83852419137e-11, 1.19407275734e-10, 5.02735769681e-11, 3.5222887107e-11, 1.72515318003e-11, 1.89408714407e-11, 1.08980584973e-11, 8.28077537096e-12, 7.42848837998e-12, 6.35615041503e-12, 2.08533450924e-11, 1.69675190564e-10, 3.37780810267e-11, 3.76802929136e-12, 7.00346291377e-12, 4.6923480726e-12, 5.07557060617e-12, 1.86184956341e-11, 2.94291084557e-11, 2.49596315838e-11, 5.06289454805e-12, 7.3730509545e-12, 1.6225036939e-11, 4.3656740549e-12],
        "stdev": [0.000165325312992, 0.00399209372699, 0.00245147198439, 0.00326419109479, 0.00606796192005, 0.00323985284194, 0.00180652574636, 0.00249087600969, 0.00426484365016, 0.00216471822932, 0.00333937001415, 0.00201342813671, 0.00234597828239, 0.00116974930279, 0.000676494208165, 0.000614798394963, 0.00199585803784, 0.00128272827715, 0.000716982525773, 0.000482396339066, 0.000284178357106, 0.000570014002733, 0.000589395058341, 0.000333784410032, 0.000113335539936, 1.68822140267e-07, 1.78437853382e-09]
    },
    "erbbands": {
        "max": [1.24912452698, 6.53049182892, 20.9297542572, 93.9608078003, 165.602478027, 316.271148682, 345.511901855, 349.747070312, 386.575714111, 454.385894775, 958.457824707, 1119.31445312, 714.770874023, 860.066040039, 709.744384766, 663.811218262, 953.421691895, 554.489257812, 654.592590332, 491.456848145, 456.341491699, 1519.36535645, 2626.41210938, 1255.68286133, 282.611877441, 199.718399048, 170.167129517, 143.379058838, 307.697509766, 363.999725342, 213.13482666, 111.996803284, 103.229888916, 29.0323390961, 5.14261245728, 0.287367045879, 0.00987737346441, 0.000987922772765, 0.000202070135856, 0.000132283792482],
        "mean": [0.0844650939107, 0.647671461105, 1.23286509514, 2.9590036869, 8.09040641785, 11.0642976761, 13.0313882828, 13.8133764267, 8.93048191071, 13.2671823502, 27.6662349701, 55.0743141174, 40.1946868896, 52.0301818848, 63.7909431458, 46.9598770142, 56.6537628174, 35.140914917, 26.3158874512, 21.0643196106, 25.6969013214, 49.5217247009, 36.3823471069, 25.0816802979, 21.929063797, 17.496055603, 11.3853034973, 9.10108757019, 9.97985744476, 10.7169809341, 9.53166866302, 5.73232841492, 2.54930758476, 1.12689054012, 0.418104290962, 0.0247041247785, 0.00072013103636, 6.39789723209e-05, 2.47535917879e-05, 3.3193238778e-05],
        "min": [4.95470260375e-08, 1.36873822498e-07, 2.19598462081e-07, 2.37922492374e-07, 3.11132566821e-07, 4.29977632166e-07, 3.02706524735e-07, 4.50461016044e-07, 6.39945994863e-07, 3.45484153286e-07, 4.06998424296e-07, 4.73151175129e-07, 3.53117798113e-07, 3.08627420509e-07, 3.13282015441e-07, 2.96763204233e-07, 3.43695035099e-07, 8.0257478885e-07, 5.26286703462e-06, 7.59334488976e-06, 9.70430960479e-07, 2.36580206092e-07, 2.70548724757e-07, 3.85104499401e-07, 2.00455190225e-07, 3.25970887616e-07, 9.50596074745e-07, 4.43876416512e-07, 1.06834363578e-06, 7.64976789469e-07, 7.21994638297e-07, 2.18535163299e-07, 6.427225685e-08, 6.58803571696e-08, 6.60755645754e-08, 8.12306097941e-08, 2.35781936198e-08, 7.3833890113e-09, 5.16250431293e-10, 4.53722372173e-11],
        "stdev": [0.127042517066, 0.89849615097, 2.4096827507, 6.79193973541, 16.4667072296, 23.576795578, 27.7738456726, 27.5888023376, 22.0699825287, 35.7403144836, 59.5728569031, 102.394218445, 71.7512054443, 84.3551940918, 99.7495346069, 75.9581222534, 100.700630188, 61.860824585, 43.6691627502, 33.4512290955, 37.733543396, 120.260597229, 79.0888290405, 48.704875946, 28.6249713898, 21.3996295929, 13.4476413727, 11.6451406479, 17.6410484314, 22.5419063568, 15.458738327, 8.97123527527, 4.94548606873, 1.85756027699, 0.558871984482, 0.0355504527688, 0.00096571596805, 7.70765473135e-05, 1.75060558831e-05, 1.89520269487e-05]
    },
    "gfcc": {
        "mean": [4.76215696335, 86.0947113037, -158.146957397, 50.2827796936, -80.928565979, 27.3200302124, -37.2400970459, 7.77368593216, -20.9979190826, -13.980846405, -2.76243329048, -8.47548866272, 3.00899934769],
        "cov": [[2214.37475586, 54.6849899292, 740.729187012, 148.175933838, -128.064590454, 379.418609619, -68.7802963257, 103.201187134, -200.628601074, 50.6860198975, -3.91270852089, -45.1918144226, -75.6191635132], [54.6849899292, 792.040344238, 203.116317749, -86.8058929443, 74.0009536743, -201.974075317, -48.6147384644, -86.8395462036, -42.6466369629, -41.2305755615, 31.8059024811, -67.1502685547, 37.1981544495], [740.729187012, 203.116317749, 1424.80725098, 560.476928711, -17.25664711, 335.937255859, -136.161422729, 120.672080994, -182.601196289, 160.663024902, 34.5917510986, 24.7239723206, 17.5865077972], [148.175933838, -86.8058929443, 560.476928711, 555.303100586, 130.639480591, 102.742935181, -77.9193191528, 70.6671142578, 1.11953568459, 85.3786239624, 13.7233934402, 5.9332242012, 21.4828090668], [-128.064590454, 74.0009536743, -17.25664711, 130.639480591, 204.495117188, 19.0649032593, 3.87903523445, 33.3094482422, 36.6748466492, 19.4705810547, 11.5793600082, -11.4115962982, 23.2911453247], [379.418609619, -201.974075317, 335.937255859, 102.742935181, 19.0649032593, 479.527557373, 156.561645508, 110.589538574, -76.5589981079, 74.2833251953, 39.5023651123, 61.0706481934, -9.07973670959], [-68.7802963257, -48.6147384644, -136.161422729, -77.9193191528, 3.87903523445, 156.561645508, 261.481445312, 70.0620346069, -2.83226180077, -18.3514442444, 37.0157661438, 36.9105949402, -1.14684259892], [103.201187134, -86.8395462036, 120.672080994, 70.6671142578, 33.3094482422, 110.589538574, 70.0620346069, 170.06338501, 30.6145324707, 41.9337120056, -1.517816782, 8.61309146881, 13.240401268], [-200.628601074, -42.6466369629, -182.601196289, 1.11953568459, 36.6748466492, -76.5589981079, -2.83226180077, 30.6145324707, 179.883666992, 21.6150932312, -15.4074115753, -6.1094865799, 13.1954183578], [50.6860198975, -41.2305755615, 160.663024902, 85.3786239624, 19.4705810547, 74.2833251953, -18.3514442444, 41.9337120056, 21.6150932312, 107.661491394, 34.85364151, 16.5991535187, 15.3818483353], [-3.91270852089, 31.8059024811, 34.5917510986, 13.7233934402, 11.5793600082, 39.5023651123, 37.0157661438, -1.517816782, -15.4074115753, 34.85364151, 88.7306365967, 47.6635017395, 18.940196991], [-45.1918144226, -67.1502685547, 24.7239723206, 5.9332242012, -11.4115962982, 61.0706481934, 36.9105949402, 8.61309146881, -6.1094865799, 16.5991535187, 47.6635017395, 93.1143798828, 35.3830947876], [-75.6191635132, 37.1981544495, 17.5865077972, 21.4828090668, 23.2911453247, -9.07973670959, -1.14684259892, 13.240401268, 13.1954183578, 15.3818483353, 18.940196991, 35.3830947876, 76.5413665771]],
        "icov": [[0.000806602009106, -0.000764503492974, 0.000566258560866, -0.000725166290067, 0.00140313687734, -0.00135283905547, 0.0012436574325, -0.00110026774928, 0.000566588947549, 0.000185268028872, -0.000161711359397, 0.000241332993028, 0.000656906981021], [-0.000764503492974, 0.00754677085206, -0.00689306017011, 0.00742718251422, -0.00859397929162, 0.00627896841615, -0.00524158077314, 0.00549724791199, -0.00303685199469, 0.00373188732192, -0.00496381614357, 0.00619567697868, -0.00445547746494], [0.000566258560866, -0.00689306017011, 0.0087985470891, -0.00892471615225, 0.0094989715144, -0.00676981033757, 0.00619950331748, -0.0061108507216, 0.00480332039297, -0.00456598866731, 0.00413603615016, -0.00495850015432, 0.00320731918328], [-0.000725166290067, 0.00742718251422, -0.00892471615225, 0.0118645671755, -0.0115238158032, 0.00665884651244, -0.00513006281108, 0.00556840002537, -0.0044011012651, 0.00357711059041, -0.00438575539738, 0.00502268457785, -0.00354567263275], [0.00140313687734, -0.00859397929162, 0.0094989715144, -0.0115238158032, 0.0181570034474, -0.0090282317251, 0.00734102213755, -0.00775455869734, 0.00348330591805, -0.0031722963322, 0.00249165762216, -0.00263290689327, 0.00210755947046], [-0.00135283905547, 0.00627896841615, -0.00676981033757, 0.00665884651244, -0.0090282317251, 0.011082504876, -0.0085468115285, 0.00461396714672, -0.00113692192826, -0.00083548692055, -0.000851861550473, 0.000870843185112, -0.0013936747564], [0.0012436574325, -0.00524158077314, 0.00619950331748, -0.00513006281108, 0.00734102213755, -0.0085468115285, 0.0129038700834, -0.00797003880143, 0.00211697374471, 0.00233460473828, -0.00209528207779, -0.00273801852018, 0.00306583708152], [-0.00110026774928, 0.00549724791199, -0.0061108507216, 0.00556840002537, -0.00775455869734, 0.00461396714672, -0.00797003880143, 0.014293837361, -0.00461963377893, -0.000496038526762, 0.0002837680222, 0.00394732737914, -0.0046013132669], [0.000566588947549, -0.00303685199469, 0.00480332039297, -0.0044011012651, 0.00348330591805, -0.00113692192826, 0.00211697374471, -0.00461963377893, 0.0109406439587, -0.00626078108326, 0.00486205285415, -0.0033889147453, 0.00153881788719], [0.000185268028872, 0.00373188732192, -0.00456598866731, 0.00357711059041, -0.0031722963322, -0.00083548692055, 0.00233460473828, -0.000496038526762, -0.00626078108326, 0.0211547780782, -0.0124824587256, 0.00668642856181, -0.00377263687551], [-0.000161711359397, -0.00496381614357, 0.00413603615016, -0.00438575539738, 0.00249165762216, -0.000851861550473, -0.00209528207779, 0.0002837680222, 0.00486205285415, -0.0124824587256, 0.0260614342988, -0.0150355249643, 0.00376540189609], [0.000241332993028, 0.00619567697868, -0.00495850015432, 0.00502268457785, -0.00263290689327, 0.000870843185112, -0.00273801852018, 0.00394732737914, -0.0033889147453, 0.00668642856181, -0.0150355249643, 0.0271638669074, -0.0124584687874], [0.000656906981021, -0.00445547746494, 0.00320731918328, -0.00354567263275, 0.00210755947046, -0.0013936747564, 0.00306583708152, -0.0046013132669, 0.00153881788719, -0.00377263687551, 0.00376540189609, -0.0124584687874, 0.0214929506183]]
    },
    "melbands": {
        "max": [0.0100359106436, 0.00867840088904, 0.0159876141697, 0.0179831087589, 0.0131238736212, 0.00691620120779, 0.00721147935838, 0.0051290798001, 0.00835418049246, 0.00735800154507, 0.00358758214861, 0.00317697133869, 0.00332132005133, 0.00305743701756, 0.00262785796076, 0.00228594755754, 0.000922510109376, 0.00126009283122, 0.000508251716383, 0.000517176056746, 0.000726086262148, 0.00166958849877, 0.00127207429614, 0.00235805194825, 0.00112223997712, 0.00030518771382, 0.000212216051295, 0.00015096559946, 0.000120207558211, 0.000102365716884, 8.74641773407e-05, 0.000129467414808, 0.000297814782243, 0.000203925577807, 0.000118555137306, 0.000134396905196, 8.03159055067e-05, 7.61801347835e-05, 4.69183833047e-05, 2.14419724216e-05],
        "mean": [0.00080506852828, 0.000713891698979, 0.000676416850183, 0.00069637602428, 0.000477238150779, 0.000304639979731, 0.000135423601023, 0.000158531707712, 0.000268029718427, 0.000340429163771, 0.000193127052626, 0.000199806599994, 0.000250276876613, 0.000128358937218, 0.000141721175169, 0.00010081014625, 6.11832292634e-05, 4.48464306828e-05, 3.03504439216e-05, 2.44669427047e-05, 3.09620918415e-05, 4.86273020215e-05, 4.36925547547e-05, 2.79083797068e-05, 1.92905863514e-05, 1.64726297953e-05, 1.50372798089e-05, 1.07062833195e-05, 7.66365883464e-06, 5.41766075912e-06, 5.22259415447e-06, 5.59232148589e-06, 5.85873385717e-06, 5.90128956901e-06, 5.29335829924e-06, 5.49012793272e-06, 2.74338867712e-06, 1.86825559467e-06, 1.31750448418e-06, 8.17363911665e-07],
        "min": [4.22822249435e-10, 1.31298416584e-10, 4.25276758254e-11, 2.79565433303e-11, 1.20009080798e-11, 1.04978829449e-11, 8.96206459738e-12, 3.55405028324e-12, 3.46776687227e-12, 2.77292490185e-12, 1.71541622053e-12, 1.25871990782e-12, 1.11565184174e-12, 8.1741639282e-13, 7.44351845786e-13, 7.57898843511e-13, 1.3519470916e-12, 6.57515665178e-12, 1.38132829827e-11, 5.24429111248e-12, 4.26934637816e-13, 2.20315275355e-13, 1.89604259485e-13, 3.38167753348e-13, 3.16417085675e-13, 1.44456874848e-13, 1.17142040968e-13, 2.21815878924e-13, 5.53442979379e-13, 3.91631632722e-13, 2.51654735462e-13, 4.59458643007e-13, 8.28926554133e-13, 3.30079035936e-13, 4.46021474962e-13, 3.09079882998e-13, 7.55862928671e-14, 3.54401024586e-14, 5.59438800352e-14, 5.28359569095e-14],
        "stdev": [0.0011332546128, 0.00110167847015, 0.00139667617623, 0.00136577279773, 0.000959722266998, 0.00059335748665, 0.000346569751855, 0.000426969258115, 0.000541729561519, 0.000621952116489, 0.0003648554557, 0.000335042044753, 0.000435599533375, 0.000235090366914, 0.000267147144768, 0.000186754055903, 0.000113448280899, 8.57605627971e-05, 4.87355646328e-05, 3.79179873562e-05, 5.14243147336e-05, 0.000120044642244, 8.89441362233e-05, 7.27940278011e-05, 4.13914131059e-05, 2.35088300542e-05, 2.13377734326e-05, 1.30306216306e-05, 9.78160551313e-06, 6.75046339893e-06, 7.16898011888e-06, 9.21716127777e-06, 1.37126644404e-05, 1.26682198243e-05, 8.98538291949e-06, 8.91327727004e-06, 4.85596046929e-06, 3.87475120078e-06, 2.32521415455e-06, 1.35680284075e-06]
    },
    "melbands128": {
        "max": [0.00187375803944, 0.00999885797501, 0.0155054936185, 0.0116975056008, 0.0111073600128, 0.0133562423289, 0.0215055085719, 0.0248574800789, 0.0209010858089, 0.0282735507935, 0.0205905176699, 0.0208087768406, 0.0159444920719, 0.0155137106776, 0.0115548605099, 0.00674132164568, 0.00778568536043, 0.0104939192533, 0.014007775113, 0.00739439716563, 0.00793711468577, 0.0119122099131, 0.015104833059, 0.0128542305902, 0.0108435666189, 0.00984198879451, 0.00794657226652, 0.00650774640962, 0.00611512223259, 0.00470372615382, 0.0055487328209, 0.0090653616935, 0.00589365651831, 0.00340684619732, 0.00786577258259, 0.00341573031619, 0.00342126213945, 0.00538530899212, 0.00494159059599, 0.0034884782508, 0.00467668147758, 0.00394382374361, 0.00150461273734, 0.00222683371976, 0.00241023651324, 0.00260647502728, 0.00100239319727, 0.000627099594567, 0.00135848578066, 0.00108412094414, 0.000837302475702, 0.000985514372587, 0.000726997852325, 0.00156810483895, 0.000616068718955, 0.00243498524651, 0.00292133074254, 0.00138603546657, 0.000836752180476, 0.00477622682229, 0.00280136102811, 0.00105999934021, 0.00237054657191, 0.000726559723262, 0.000637887453195, 0.000466624042019, 0.000195390806766, 0.000374482449843, 0.00045701363706, 0.000381181336707, 0.000201258982997, 0.000254591024714, 0.000212571641896, 0.000203885545488, 0.000146894089994, 0.000104816317616, 0.000110020504508, 0.000100356883195, 0.000105932333099, 0.000155957313837, 0.000143805489643, 0.000147832048242, 0.000216815955355, 0.000446896679932, 0.000373687013052, 0.000268277828582, 0.000209166260902, 0.000184376811376, 0.000121431839943, 0.000156846421305, 0.000193778221728, 0.000132204804686, 0.000107141131593, 6.75060291542e-05, 0.000134334273753, 8.01422138466e-05, 9.58990494837e-05, 0.000100037570519, 4.33244822489e-05, 2.80833719444e-05, 2.94355504593e-05, 3.00250139844e-05, 1.65579222084e-05, 6.01239025855e-06, 7.31281306798e-06, 5.83241353524e-06, 1.73677506154e-06, 1.42265363934e-07, 1.14393927664e-09, 1.05168584952e-09, 1.05764641489e-09, 1.32615174397e-09, 8.77889705375e-10, 4.45788350678e-10, 3.95775245909e-10, 6.01946714696e-10, 3.3043209835e-10, 2.99559599348e-10, 2.75688138984e-10, 2.60356680659e-10, 2.46034581597e-10, 2.31908631187e-10, 2.19274640112e-10, 2.13809553395e-10, 2.06772973743e-10, 1.99027169745e-10, 1.94919455576e-10, 1.92925023179e-10],
        "mean": [9.06509812921e-05, 0.000582832493819, 0.00124742323533, 0.000983137753792, 0.000652106304187, 0.000514518411364, 0.000525531067979, 0.00076531257946, 0.000864476431161, 0.000689330976456, 0.000610936025623, 0.000538162654266, 0.000432404602179, 0.000415722170146, 0.000347628607415, 0.000236855237745, 0.000131916676764, 0.000123549907585, 0.000125622289488, 0.000136839487823, 0.000182961783139, 0.00020344753284, 0.000203976029297, 0.000430629705079, 0.000431816210039, 0.000263132707914, 0.000258915155428, 0.000175540510099, 0.000151914369781, 0.000151486659888, 0.000183189855306, 0.000358667690307, 0.000300545274513, 0.000131270440761, 0.000155218353029, 0.000121091994515, 9.9375465652e-05, 0.000129666892462, 0.000204145617317, 0.000105414226709, 7.77971436037e-05, 8.64350877237e-05, 5.61583219678e-05, 5.16990512551e-05, 5.84445406275e-05, 4.22584089392e-05, 3.22248270095e-05, 2.90363459499e-05, 3.10939103656e-05, 2.83590761683e-05, 2.13923904084e-05, 2.23492443183e-05, 3.05682769977e-05, 3.67246248061e-05, 2.81221546174e-05, 4.06305771321e-05, 8.13588048914e-05, 5.16441177751e-05, 2.70066993835e-05, 3.23940585076e-05, 3.14798635372e-05, 2.14596202568e-05, 2.09822956094e-05, 1.79529324669e-05, 1.75971290446e-05, 1.73700573214e-05, 1.44724217535e-05, 1.63294680533e-05, 1.5427449398e-05, 1.32575014504e-05, 1.09228622023e-05, 8.97403242561e-06, 9.43497889239e-06, 7.28612894818e-06, 6.00329167355e-06, 5.35748586117e-06, 5.33789852852e-06, 4.87919487568e-06, 5.10288145961e-06, 5.59534919375e-06, 5.75815374759e-06, 5.69907979298e-06, 5.09822575623e-06, 5.82823759032e-06, 6.5614703999e-06, 6.08986101724e-06, 5.79862853556e-06, 5.32020339961e-06, 4.93337392982e-06, 5.46481805941e-06, 6.17581417828e-06, 6.07087213211e-06, 3.35057370648e-06, 2.6489622087e-06, 2.21096456698e-06, 2.2121848815e-06, 1.69707686837e-06, 1.62428716521e-06, 1.31990418595e-06, 1.25334088352e-06, 8.84189830686e-07, 7.76327965468e-07, 6.67734582294e-07, 5.89527132888e-07, 5.46666626633e-07, 4.27608853215e-07, 9.28060970296e-08, 2.57208010446e-09, 7.82131564375e-12, 6.29721535333e-12, 5.96732385727e-12, 5.89313407101e-12, 5.34906754307e-12, 4.56907341823e-12, 4.52082598787e-12, 4.55869023086e-12, 4.2064650374e-12, 3.82177406041e-12, 3.70081873133e-12, 3.59384462294e-12, 3.49329983343e-12, 3.41563973286e-12, 3.34572213684e-12, 3.27730290822e-12, 3.17818059196e-12, 3.04807828283e-12, 2.9721876002e-12, 2.94808426803e-12],
        "min": [6.98595736814e-10, 5.16579723442e-10, 3.31222105299e-10, 1.9811693952e-10, 1.25361859782e-10, 8.3092033254e-11, 4.9497128618e-11, 3.00882582738e-11, 3.02882788294e-11, 3.30194482867e-11, 2.40667381857e-11, 1.37903065703e-11, 9.74297552359e-12, 7.96684940241e-12, 8.39488374649e-12, 1.31856530902e-11, 1.42676400208e-11, 7.604426637e-12, 3.27810478415e-12, 3.83918938307e-12, 3.53948337653e-12, 3.04449759674e-12, 3.55014477017e-12, 3.72557670478e-12, 3.65103997382e-12, 2.18364952856e-12, 1.135734627e-12, 2.02636150047e-12, 1.89099799187e-12, 1.10066448143e-12, 1.01918647133e-12, 1.5308175734e-12, 1.07846500827e-12, 9.22476721746e-13, 8.59215801806e-13, 7.42199487633e-13, 8.25524544557e-13, 7.01850632733e-13, 6.69011178921e-13, 9.16615958482e-13, 3.37832274091e-13, 1.26093710126e-12, 9.98748067756e-13, 1.21302143677e-12, 3.27495929681e-12, 6.5355876093e-12, 1.16094816052e-11, 1.59487197754e-11, 1.37653829307e-11, 1.08883691993e-11, 3.41197274427e-12, 8.1138795769e-13, 4.16941817443e-13, 2.73595301145e-13, 2.78410242993e-13, 1.98364735011e-13, 2.2451863231e-13, 1.54589448881e-13, 2.05641073289e-13, 1.72721998379e-13, 2.59950616805e-13, 5.67124255543e-13, 4.26512422385e-13, 2.51987016323e-13, 1.38268045559e-13, 1.1115845115e-13, 1.90634414179e-13, 1.0671478756e-13, 9.47508469796e-14, 1.23197472731e-13, 3.00340291916e-13, 2.24526682511e-13, 1.14139221078e-13, 6.24159198718e-13, 1.16541346885e-12, 3.54588076566e-13, 1.15693817916e-13, 1.11834322456e-13, 2.84395391351e-13, 4.14855405887e-13, 1.8743210109e-13, 4.28302792538e-13, 1.17823773741e-12, 1.16672177562e-12, 2.19349712005e-13, 1.81120147092e-13, 3.52496135579e-13, 6.67336953926e-13, 3.15672564043e-13, 4.19123394844e-13, 5.34208744948e-13, 1.9789146721e-13, 9.87161741239e-14, 7.84438093366e-14, 5.99362952932e-14, 4.0578624445e-14, 2.27983830545e-14, 3.34511234088e-14, 7.40489890542e-14, 4.77532814994e-14, 6.06513740598e-14, 5.48731998967e-14, 4.96488192627e-14, 3.56161226813e-14, 1.24874340469e-13, 7.20626290303e-14, 4.55964679533e-14, 3.10147517206e-14, 9.83449026425e-14, 1.03571095927e-13, 1.08366325624e-13, 8.85779622394e-14, 5.9144922575e-14, 2.68441512237e-14, 3.22280620431e-14, 9.33622957048e-14, 6.91319221378e-14, 3.16862353955e-14, 2.38417972024e-14, 1.05092936306e-14, 5.70314991386e-15, 9.56100890598e-15, 1.11876416605e-14, 8.81744103323e-15, 1.68418627162e-14, 9.15824050439e-15, 3.9127416449e-15, 2.1751623444e-16],
        "stdev": [0.000144344594446, 0.00096194219077, 0.00183770712465, 0.00145928713027, 0.0012391989585, 0.00123558647465, 0.00137903611176, 0.00179965922143, 0.00187469995581, 0.00169721711427, 0.00151309359353, 0.00140680430923, 0.00113264843822, 0.00108728022315, 0.000827697105706, 0.000551612814888, 0.000413314002799, 0.000441496929852, 0.000510474841576, 0.00048287876416, 0.000626239343546, 0.000670335022733, 0.000659457407892, 0.00103751418646, 0.000994889065623, 0.000729642808437, 0.000619380618446, 0.000464758835733, 0.000428133644164, 0.000380142271752, 0.000430309271906, 0.000819313689135, 0.000662395614199, 0.00029544395511, 0.000412746623624, 0.000270667573204, 0.000259349937551, 0.000320772960549, 0.000502782000694, 0.000256277446169, 0.0002247869852, 0.000286092224997, 0.00013370544184, 0.000138401126605, 0.000158755778102, 0.000113923822937, 7.0112037065e-05, 5.55495498702e-05, 7.58887545089e-05, 6.36857366771e-05, 4.29293540947e-05, 4.20069191023e-05, 5.63972243981e-05, 8.59393039718e-05, 5.12917140441e-05, 0.000143758195918, 0.000284454057692, 0.000133322493639, 4.4111518946e-05, 0.000124191123177, 9.44071725826e-05, 5.12195510964e-05, 7.0219313784e-05, 3.91248868254e-05, 3.41127597494e-05, 3.16011064569e-05, 2.10805919778e-05, 2.53899452218e-05, 3.00791307382e-05, 2.34351919062e-05, 1.51691765495e-05, 1.26003642436e-05, 1.44298765008e-05, 1.17193285405e-05, 8.71629072208e-06, 7.46385239836e-06, 7.49339915274e-06, 7.34852301321e-06, 7.59791646487e-06, 9.61035129876e-06, 1.00164543255e-05, 1.0166406355e-05, 1.02332032839e-05, 1.78789796337e-05, 1.49452771439e-05, 1.48322242239e-05, 1.33208232e-05, 1.12012212412e-05, 8.46348484629e-06, 9.75380953605e-06, 1.09110405901e-05, 1.06739917101e-05, 6.20310220256e-06, 4.79977097712e-06, 5.24737060914e-06, 4.38709594164e-06, 4.3859786274e-06, 3.80237679565e-06, 2.30248087973e-06, 2.0749473606e-06, 1.8208338588e-06, 1.45075864566e-06, 9.64520495472e-07, 7.83044868058e-07, 7.89844875726e-07, 6.75284184126e-07, 1.77025412995e-07, 9.4401189088e-09, 3.68434970033e-11, 3.37069504253e-11, 3.19020712625e-11, 3.66320168643e-11, 2.63555826469e-11, 1.29426278722e-11, 1.39226139298e-11, 1.83518443497e-11, 1.26714255408e-11, 8.9209811413e-12, 8.38102070383e-12, 8.01163562575e-12, 7.67224651865e-12, 7.34805098712e-12, 7.06158265543e-12, 6.90921061683e-12, 6.74212812316e-12, 6.57320205211e-12, 6.47606360898e-12, 6.42517202637e-12]
    },
    "mfcc": {
        "mean": [-611.377868652, 90.1005401611, -11.8269968033, 14.5474557877, -7.18729066849, 5.19100952148, 0.761458396912, 12.5676469803, -5.71502256393, -0.595040798187, -5.15310287476, -0.236495524645, -4.06307458878],
        "cov": [[1699.74523926, -45.4506568909, 466.857269287, -129.481109619, 73.0652160645, 82.3675003052, 158.37953186, 31.8691043854, -56.1303939819, 60.012172699, 28.4765224457, -60.4261817932, -2.04215621948], [-45.4506568909, 837.189147949, -26.3286342621, -0.860854446888, -19.4952850342, -132.938766479, -27.0825405121, -113.911575317, -46.2659797668, -95.8552246094, -38.9684257507, -17.3754730225, -17.7494678497], [466.857269287, -26.3286342621, 1368.86462402, 249.276657104, 313.536010742, 168.6978302, 264.611450195, -36.486579895, -20.1688632965, 34.8261451721, -40.5721282959, 46.3755760193, 99.3984298706], [-129.481109619, -0.860854446888, 249.276657104, 444.667510986, 219.780593872, -27.3716125488, -55.7461357117, -78.2872390747, 12.2954511642, 27.8048038483, -47.2741088867, 17.5499343872, 34.1954612732], [73.0652160645, -19.4952850342, 313.536010742, 219.780593872, 337.098907471, 41.1543502808, 17.0975551605, -66.8360290527, 31.3672389984, 48.7481384277, -12.8615922928, 3.97494626045, 34.8165130615], [82.3675003052, -132.938766479, 168.6978302, -27.3716125488, 41.1543502808, 219.264389038, 120.994155884, 66.2610092163, -5.97031641006, 26.5891208649, 23.3889026642, 17.1126804352, 22.2412700653], [158.37953186, -27.0825405121, 264.611450195, -55.7461357117, 17.0975551605, 120.994155884, 331.844573975, 99.8783340454, 13.7759485245, -5.04230451584, 36.8174438477, 16.6077728271, 40.6356430054], [31.8691043854, -113.911575317, -36.486579895, -78.2872390747, -66.8360290527, 66.2610092163, 99.8783340454, 171.500137329, 51.2448272705, 17.9892711639, 32.9214477539, 18.9422035217, 9.54275131226], [-56.1303939819, -46.2659797668, -20.1688632965, 12.2954511642, 31.3672389984, -5.97031641006, 13.7759485245, 51.2448272705, 129.812011719, 51.8717575073, 19.3527755737, 15.6835298538, 11.8597650528], [60.012172699, -95.8552246094, 34.8261451721, 27.8048038483, 48.7481384277, 26.5891208649, -5.04230451584, 17.9892711639, 51.8717575073, 121.765480042, 37.7588233948, 5.77432441711, 5.54986715317], [28.4765224457, -38.9684257507, -40.5721282959, -47.2741088867, -12.8615922928, 23.3889026642, 36.8174438477, 32.9214477539, 19.3527755737, 37.7588233948, 82.5729064941, 23.223323822, 2.62210440636], [-60.4261817932, -17.3754730225, 46.3755760193, 17.5499343872, 3.97494626045, 17.1126804352, 16.6077728271, 18.9422035217, 15.6835298538, 5.77432441711, 23.223323822, 72.9796600342, 32.0691757202], [-2.04215621948, -17.7494678497, 99.3984298706, 34.1954612732, 34.8165130615, 22.2412700653, 40.6356430054, 9.54275131226, 11.8597650528, 5.54986715317, 2.62210440636, 32.0691757202, 76.3941802979]],
        "icov": [[0.000797881279141, -5.40090604773e-06, -0.000339469785104, 0.000445748766651, -0.000241548361373, 0.000235327956034, -4.69651604362e-05, -0.000343605934177, 0.000608333619311, -0.000520591740496, -0.000274143239949, 0.000834815960843, -2.59379321506e-05], [-5.40090604773e-06, 0.00153134251013, -1.65721485246e-05, 0.000103161430161, 1.8047832782e-05, 0.000761928851716, -0.000410038192058, 0.000961260811891, -0.000143600685988, 0.000912208750378, 7.0038040576e-06, -0.000124527199659, 0.00020707200747], [-0.000339469785104, -1.65721485246e-05, 0.00149369903374, -0.000441625714302, -0.000653743103612, -0.000476772576803, -0.0011491831392, 0.000618544057943, 0.00027135424898, -0.000409559899708, 0.00135700858664, -0.00118351937272, -0.000350102520315], [0.000445748766651, 0.000103161430161, -0.000441625714302, 0.00423508137465, -0.00240975129418, 0.00104235194158, 0.000490478705615, -0.000119132317195, 0.000666280451696, -0.000998103292659, 0.00185974186752, -0.00101625244133, -0.000404600577895], [-0.000241548361373, 1.8047832782e-05, -0.000653743103612, -0.00240975129418, 0.00628774706274, -0.00158851209562, -0.000125535691041, 0.00278427102603, -0.00242850626819, -0.000455853441963, -0.000803855073173, 0.00133564684074, -0.000880152103491], [0.000235327956034, 0.000761928851716, -0.000476772576803, 0.00104235194158, -0.00158851209562, 0.0076429923065, -0.00159313448239, -0.00241321814246, 0.00274735153653, -0.0015537396539, 0.000198910944164, -0.000823305046652, 9.89322143141e-06], [-4.69651604362e-05, -0.000410038192058, -0.0011491831392, 0.000490478705615, -0.000125535691041, -0.00159313448239, 0.00594157166779, -0.00283001107164, -0.000388626765925, 0.00202858145349, -0.00286261853762, 0.00190547783859, -0.00189541676082], [-0.000343605934177, 0.000961260811891, 0.000618544057943, -0.000119132317195, 0.00278427102603, -0.00241321814246, -0.00283001107164, 0.0118763726205, -0.00489403354004, 0.000533453887329, -0.000238295266172, -0.00147639180068, 0.000267103139777], [0.000608333619311, -0.000143600685988, 0.00027135424898, 0.000666280451696, -0.00242850626819, 0.00274735153653, -0.000388626765925, -0.00489403354004, 0.0127346189693, -0.00521037727594, 0.00101758213714, -0.00140708871186, -0.000586131180171], [-0.000520591740496, 0.000912208750378, -0.000409559899708, -0.000998103292659, -0.000455853441963, -0.0015537396539, 0.00202858145349, 0.000533453887329, -0.00521037727594, 0.0143191944808, -0.00690070679411, 0.00239304709248, -0.000306974950945], [-0.000274143239949, 7.0038040576e-06, 0.00135700858664, 0.00185974186752, -0.000803855073173, 0.000198910944164, -0.00286261853762, -0.000238295266172, 0.00101758213714, -0.00690070679411, 0.0201985277236, -0.00790205318481, 0.00222433614545], [0.000834815960843, -0.000124527199659, -0.00118351937272, -0.00101625244133, 0.00133564684074, -0.000823305046652, 0.00190547783859, -0.00147639180068, -0.00140708871186, 0.00239304709248, -0.00790205318481, 0.0215466320515, -0.00793912634254], [-2.59379321506e-05, 0.00020707200747, -0.000350102520315, -0.000404600577895, -0.000880152103491, 9.89322143141e-06, -0.00189541676082, 0.000267103139777, -0.000586131180171, -0.000306974950945, 0.00222433614545, -0.00793912634254, 0.0185168273747]]
    },
    "spectral_contrast_coeffs": {
        "max": [-0.39023411274, -0.505470454693, -0.535720646381, -0.629047632217, -0.672127485275, -0.354591071606],
        "mean": [-0.705105721951, -0.763596713543, -0.768201291561, -0.7966837883, -0.795771837234, -0.748720467091],
        "min": [-0.959459662437, -0.922014355659, -0.909597098827, -0.898148417473, -0.913815736771, -0.859709322453],
        "stdev": [0.0948386713862, 0.0759280472994, 0.06809258461, 0.0506458468735, 0.0359803140163, 0.0514436550438]
    },
    "spectral_contrast_valleys": {
        "max": [-4.96679353714, -4.75547170639, -5.12339162827, -5.79548788071, -5.25593185425, -7.7076215744],
        "mean": [-7.08925390244, -6.71601200104, -6.87707138062, -7.18767023087, -6.92236232758, -9.65487289429],
        "min": [-15.241484642, -15.9605045319, -17.2143287659, -15.5888843536, -15.7892875671, -17.7707004547],
        "stdev": [1.01235747337, 0.591081976891, 0.607897698879, 0.53000754118, 0.430942356586, 0.836297214031]
    }
},
"rhythm": {
    "beats_count": 79,
    "beats_loudness": {
        "max": 0.0531835854053,
        "mean": 0.0285980589688,
        "min": 0.00255697825924,
        "stdev": 0.012307212688
    },
    "bpm": 129.922409058,
    "bpm_histogram_first_peak_bpm": 129,
    "bpm_histogram_first_peak_weight": 0.283333361149,
    "bpm_histogram_second_peak_bpm": 92,
    "bpm_histogram_second_peak_spread": 0.300000011921,
    "bpm_histogram_second_peak_weight": 0.089743591845,
    "danceability": 1.3282725811,
    "onset_rate": 3.70463705063,
    "beats_loudness_band_ratio": {
        "max": [0.701653301716, 0.762388825417, 0.793182790279, 0.763951003551, 0.653268098831, 0.835065126419],
        "mean": [0.187014237046, 0.12672495842, 0.209530577064, 0.251452118158, 0.137359663844, 0.130217954516],
        "min": [0.00147011235822, 0.00102023151703, 0.00929011683911, 0.00711629912257, 0.00602342188358, 0.0117930844426],
        "stdev": [0.198875203729, 0.140775129199, 0.185184046626, 0.207857176661, 0.137397766113, 0.152325049043]
    },
