{
"metadata": {
    "version": {
        "essentia": "2.1-beta5",
        "essentia_git_sha": "Undefined",
        "extractor": "music 2.0"
    },
    "audio_properties": {
        "analysis": {
            "equal_loudness": 0,
            "length": 32.4963264465,
            "sample_rate": 44100,
            "start_time": 29.0017242432,
            "downmix": "mix"
        },
        "bit_rate": 192000,
        "length": 177.0521698,
        "lossless": 0,
        "number_channels": 2,
        "replay_gain": -17.4724311829,
        "sample_rate": 48000,
        "codec": "mp3",
        "md5_encoded": "a4f2cd132e85ffc7c259e4410a50de9a"
    },
    "tags": {
        "file_name": "Spain_Dile Que La Quiero_David Civera.mp3",
        "encoding": ["Lavf58.29.100"]
    }
},
"lowlevel": {
    "average_loudness": 0.971609175205,
    "barkbands_crest": {
        "max": 25.362154007,
        "mean": 11.0155229568,
        "min": 2.59280204773,
        "stdev": 5.20602703094
    },
    "barkbands_flatness_db": {
        "max": 0.29318806529,
        "mean": 0.12234506011,
        "min": 0.037854321301,
        "stdev": 0.0462211631238
    },
    "barkbands_kurtosis": {
        "max": 110.348365784,
        "mean": 4.63357925415,
        "min": -1.86241328716,
        "stdev": 9.60532855988
    },
    "barkbands_skewness": {
        "max": 9.87713336945,
        "mean": 1.56865775585,
        "min": -0.978027462959,
        "stdev": 1.34080004692
    },
    "barkbands_spread": {
        "max": 90.3053741455,
        "mean": 28.6536407471,
        "min": 1.69553244114,
        "stdev": 17.4415168762
    },
    "dissonance": {
        "max": 0.49997022748,
        "mean": 0.464030742645,
        "min": 0.325341880322,
        "stdev": 0.0264306571335
    },
    "dynamic_complexity": 2.69264602661,
    "erbbands_crest": {
        "max": 29.7702045441,
        "mean": 9.70954799652,
        "min": 2.3136484623,
        "stdev": 5.48440027237
    },
    "erbbands_flatness_db": {
        "max": 0.290136307478,
        "mean": 0.138676792383,
        "min": 0.0722974911332,
        "stdev": 0.0405085682869
    },
    "erbbands_kurtosis": {
        "max": 21.7577323914,
        "mean": 0.604854285717,
        "min": -1.79834449291,
        "stdev": 2.49024605751
    },
    "erbbands_skewness": {
        "max": 4.213804245,
        "mean": 0.438589006662,
        "min": -2.62228822708,
        "stdev": 0.906293511391
    },
    "erbbands_spread": {
        "max": 135.012374878,
        "mean": 47.4988136292,
        "min": 5.2808303833,
        "stdev": 22.5105838776
    },
    "hfc": {
        "max": 92.0353546143,
        "mean": 24.7856197357,
        "min": 0.904890656471,
        "stdev": 18.0339202881
    },
    "loudness_ebu128": {
        "integrated": -6.23710632324,
        "loudness_range": 2.61451005936,
        "momentary": {
            "max": -3.20942115784,
            "mean": -6.54988145828,
            "min": -11.8056821823,
            "stdev": 1.74298036098
        },
        "short_term": {
            "max": -4.9122300148,
            "mean": -6.22971439362,
            "min": -8.69487476349,
            "stdev": 0.857668995857
        }
    },
    "melbands_crest": {
        "max": 30.3805561066,
        "mean": 14.1449718475,
        "min": 3.31597661972,
        "stdev": 5.3898563385
    },
    "melbands_flatness_db": {
        "max": 0.379670649767,
        "mean": 0.164336726069,
        "min": 0.0314559154212,
        "stdev": 0.0592816881835
    },
    "melbands_kurtosis": {
        "max": 327.909759521,
        "mean": 16.8412418365,
        "min": -1.70341324806,
        "stdev": 23.4681072235
    },
    "melbands_skewness": {
        "max": 14.3579206467,
        "mean": 2.85807323456,
        "min": -0.815887928009,
        "stdev": 1.85241270065
    },
    "melbands_spread": {
        "max": 136.986480713,
        "mean": 27.9873752594,
        "min": 1.27233326435,
        "stdev": 19.4074687958
    },
    "pitch_salience": {
        "max": 0.837436079979,
        "mean": 0.548264563084,
        "min": 0.126396283507,
        "stdev": 0.121986791492
    },
    "silence_rate_20dB": {
        "max": 1,
        "mean": 1,
        "min": 1,
        "stdev": 0
    },
    "silence_rate_30dB": {
        "max": 1,
        "mean": 1,
        "min": 1,
        "stdev": 0
    },
    "silence_rate_60dB": {
        "max": 1,
        "mean": 0.0178443975747,
        "min": 0,
        "stdev": 0.132385760546
    },
    "spectral_centroid": {
        "max": 4013.84448242,
        "mean": 1488.17492676,
        "min": 277.413116455,
        "stdev": 656.034851074
    },
    "spectral_complexity": {
        "max": 50,
        "mean": 18.5339050293,
        "min": 1,
        "stdev": 9.06399726868
    },
    "spectral_decrease": {
        "max": -1.37491892871e-10,
        "mean": -6.07257355512e-09,
        "min": -2.19052243011e-08,
        "stdev": 3.82040177271e-09
    },
    "spectral_energy": {
        "max": 0.0880587920547,
        "mean": 0.0251674503088,
        "min": 0.000623920757789,
        "stdev": 0.0155015122145
    },
    "spectral_energyband_high": {
        "max": 0.0119368564337,
        "mean": 0.00124752882402,
        "min": 1.11656072477e-05,
        "stdev": 0.00129699602257
    },
    "spectral_energyband_low": {
        "max": 0.0378333479166,
        "mean": 0.0054718926549,
        "min": 4.95259337185e-06,
        "stdev": 0.00613118475303
    },
    "spectral_energyband_middle_high": {
        "max": 0.0648983344436,
        "mean": 0.00589299062267,
        "min": 0.000119532283861,
        "stdev": 0.00802742876112
    },
    "spectral_energyband_middle_low": {
        "max": 0.0790160819888,
        "mean": 0.0131499608979,
        "min": 0.000242939364398,
        "stdev": 0.0123238172382
    },
    "spectral_entropy": {
        "max": 8.58277988434,
        "mean": 7.83301877975,
        "min": 6.24274158478,
        "stdev": 0.364319801331
    },
    "spectral_flux": {
        "max": 0.262565165758,
        "mean": 0.0951732248068,
        "min": 0.0132758533582,
        "stdev": 0.0459507293999
    },
    "spectral_kurtosis": {
        "max": 12.7430677414,
        "mean": 2.55738067627,
        "min": -0.47673201561,
        "stdev": 1.59850490093
    },
    "spectral_rms": {
        "max": 0.00926881935447,
        "mean": 0.00469205854461,
        "min": 0.000780194357503,
        "stdev": 0.00159315532073
    },
    "spectral_rolloff": {
        "max": 9926.80664062,
        "mean": 1960.8269043,
        "min": 86.1328125,
        "stdev": 1865.79724121
    },
    "spectral_skewness": {
        "max": 2.99353885651,
        "mean": 1.32535529137,
        "min": 0.0978856012225,
        "stdev": 0.337459951639
    },
    "spectral_spread": {
        "max": 12277701,
        "mean": 5761729,
        "min": 2821773.5,
        "stdev": 1378985.25
    },
    "spectral_strongpeak": {
        "max": 10.8861312866,
        "mean": 1.22574567795,
        "min": 0.0241477135569,
        "stdev": 1.47049331665
    },
    "zerocrossingrate": {
        "max": 0.25048828125,
        "mean": 0.0786631181836,
        "min": 0.0087890625,
        "stdev": 0.0404812656343
    },
    "barkbands": {
        "max": [0.001571419416, 0.034062743187, 0.0200089570135, 0.0158941503614, 0.0621851012111, 0.0734613537788, 0.0661019906402, 0.0402963645756, 0.0679463148117, 0.0608697682619, 0.0411649607122, 0.0325968451798, 0.0197745151818, 0.0308406315744, 0.015013252385, 0.0199145879596, 0.0127308964729, 0.00486928177997, 0.0037754420191, 0.00208276486956, 0.00216183741577, 0.00226319930516, 0.00424102460966, 0.0052602966316, 0.00286810426041, 0.000291205535177, 3.06759502564e-05],
        "mean": [6.32845403743e-05, 0.00351041229442, 0.00155000679661, 0.00073144613998, 0.00408084131777, 0.00291990744881, 0.00106203346513, 0.000879853963852, 0.00293427961878, 0.00112314871512, 0.000688958796673, 0.000764128053561, 0.000537057116162, 0.000615442695562, 0.000581644591875, 0.000582949025556, 0.000466857105494, 0.000413857895182, 0.000270451593678, 0.000272545323242, 0.000206093885936, 0.000171501073055, 0.000269919604762, 0.000276390113868, 0.000160599694937, 3.35291078954e-05, 2.86644194603e-07],
        "min": [2.16197229008e-08, 1.54982103595e-06, 2.00357089852e-06, 4.74779653814e-07, 7.60110242481e-06, 5.65915252082e-06, 4.78475158161e-06, 4.69529823022e-06, 5.48909338249e-06, 3.67976531379e-06, 1.7874912146e-06, 3.5862135519e-06, 1.70984139913e-06, 2.42003648054e-06, 3.48940443473e-06, 3.91631101593e-06, 3.72508884539e-06, 3.86765168514e-06, 4.11561859437e-06, 2.70039186034e-06, 1.84815360171e-06, 1.0827729966e-06, 1.40063923482e-06, 1.95524398805e-06, 5.87902832194e-07, 1.44104933497e-06, 4.17793317303e-12],
        "stdev": [0.000100121986179, 0.00498766731471, 0.00241469498724, 0.00165687850676, 0.00752510502934, 0.00557379238307, 0.00379221141338, 0.00259955227375, 0.00727583095431, 0.00444543920457, 0.00225982395932, 0.00246291840449, 0.00154473062139, 0.00206537940539, 0.00129643944092, 0.00145186088048, 0.000922141887713, 0.000604973523878, 0.00033046407043, 0.000276571518043, 0.000255037739407, 0.000214785264689, 0.000327118643327, 0.0003520049504, 0.000227278957027, 4.2527091864e-05, 1.38869290822e-06]
    },
    "erbbands": {
        "max": [0.902971982956, 8.40182781219, 23.5813236237, 37.7962303162, 68.0913085938, 363.534637451, 241.953826904, 826.384216309, 1118.03991699, 572.726501465, 592.017028809, 2059.28271484, 1991.54174805, 804.373718262, 1246.3807373, 1258.56689453, 1083.67199707, 1287.7208252, 1138.1817627, 1168.57910156, 765.336364746, 333.604858398, 296.529846191, 159.649368286, 149.758895874, 111.78327179, 103.184738159, 89.892074585, 78.9687805176, 104.173858643, 113.141731262, 149.249053955, 50.479019165, 36.1893234253, 15.2396335602, 2.70112228394, 0.241237699986, 0.0413189008832, 0.00526360655203, 0.000160927636898],
        "mean": [0.0913478210568, 0.818103313446, 1.78631401062, 2.26849341393, 5.04065465927, 18.3472385406, 17.0575180054, 27.8770904541, 19.669380188, 18.5363140106, 20.2713394165, 61.4572029114, 61.6303367615, 21.6691055298, 35.6947059631, 26.4617385864, 23.7086448669, 31.5418834686, 26.453956604, 39.4302940369, 30.09674263, 24.8915424347, 23.0462112427, 16.8591823578, 13.4545345306, 13.1341400146, 9.27480888367, 7.63907814026, 6.29632568359, 6.1327495575, 7.87337303162, 6.52815103531, 4.17734909058, 2.20392775536, 0.937279641628, 0.282477200031, 0.0295016132295, 0.00252134934999, 0.000101853060187, 3.77165633836e-05],
        "min": [4.68141479359e-05, 0.000362833583495, 0.00189993868116, 0.0032170843333, 0.00626532034948, 0.0254427529871, 0.112024240196, 0.0546212755144, 0.110590815544, 0.0735725313425, 0.170679166913, 0.154088824987, 0.24855735898, 0.228110209107, 0.223719850183, 0.220767274499, 0.0976606234908, 0.219685062766, 0.212977021933, 0.213744089007, 0.229699030519, 0.259743243456, 0.272580564022, 0.187692299485, 0.187554463744, 0.134347900748, 0.0958059802651, 0.0725086927414, 0.0426596477628, 0.038792964071, 0.0367108471692, 0.0351598896086, 0.0275154355913, 0.0098608834669, 0.00245356583036, 0.00125776219647, 0.00237100478262, 0.000580825784709, 1.3827750081e-05, 1.75782645329e-06],
        "stdev": [0.14262495935, 1.18410861492, 2.59611344337, 4.01355314255, 8.04245090485, 40.3759689331, 30.8024921417, 57.0662384033, 67.0141220093, 48.4995307922, 52.2511177063, 156.093536377, 186.547180176, 57.5943832397, 105.057640076, 73.8368530273, 61.645401001, 94.2557525635, 68.2188720703, 93.3597259521, 63.5423660278, 41.9522399902, 34.1675720215, 20.898103714, 14.8778848648, 13.7067489624, 10.6259803772, 10.0067148209, 7.91589307785, 7.63369226456, 9.5893611908, 8.78286170959, 5.03776741028, 2.98624658585, 1.41886496544, 0.383142948151, 0.0339743681252, 0.00283482577652, 0.000233542450587, 2.19816502067e-05]
    },
    "gfcc": {
        "mean": [22.1122989655, 70.3405303955, -113.100196838, 40.4522476196, -70.7392730713, 22.2316150665, -47.7185287476, 16.5943756104, -25.4234333038, 2.77356290817, -12.8010520935, 1.8838135004, -6.27301645279],
        "cov": [[1868.4987793, -357.251800537, -405.811889648, -25.5723514557, -92.3718719482, 99.7064743042, -70.2464294434, 107.557128906, 2.80639982224, -5.33032941818, -77.9357376099, -32.6649246216, -1.53039252758], [-357.251800537, 525.238220215, 45.7252540588, -95.8302688599, 162.399627686, -49.2463378906, 91.0003585815, -48.4625663757, 34.2118263245, -32.0673446655, 74.4486465454, -2.90227675438, 9.91660118103], [-405.811889648, 45.7252540588, 617.127380371, 276.552185059, -11.7121191025, 41.562828064, -72.8221817017, -81.0510787964, -87.2862472534, -18.4856052399, 9.58580207825, 39.450668335, -9.23139381409], [-25.5723514557, -95.8302688599, 276.552185059, 367.816192627, 53.965587616, 44.5069923401, -43.34608078, -3.94373822212, -3.81958937645, -0.0153706138954, -4.53930997849, 22.3698234558, 6.21838569641], [-92.3718719482, 162.399627686, -11.7121191025, 53.965587616, 224.644622803, 48.5691871643, 62.0014572144, 28.3177490234, 45.7604408264, 3.36465930939, 12.1054925919, 3.06782436371, 2.77104377747], [99.7064743042, -49.2463378906, 41.562828064, 44.5069923401, 48.5691871643, 175.074493408, 83.0822982788, 4.62441825867, -33.275592804, 19.9222564697, 2.5083463192, -9.48210334778, -11.591668129], [-70.2464294434, 91.0003585815, -72.8221817017, -43.34608078, 62.0014572144, 83.0822982788, 191.10774231, 42.4569129944, 19.5761051178, 16.4339122772, 20.2798805237, -24.5844116211, -0.121277280152], [107.557128906, -48.4625663757, -81.0510787964, -3.94373822212, 28.3177490234, 4.62441825867, 42.4569129944, 149.30480957, 94.3701324463, 22.4135093689, -20.4029426575, -10.8036146164, 12.6303892136], [2.80639982224, 34.2118263245, -87.2862472534, -3.81958937645, 45.7604408264, -33.275592804, 19.5761051178, 94.3701324463, 164.878051758, 47.7504730225, 13.0983819962, 4.40277004242, 18.6620864868], [-5.33032941818, -32.0673446655, -18.4856052399, -0.0153706138954, 3.36465930939, 19.9222564697, 16.4339122772, 22.4135093689, 47.7504730225, 90.0180892944, 30.9310359955, 9.3421792984, -2.45382547379], [-77.9357376099, 74.4486465454, 9.58580207825, -4.53930997849, 12.1054925919, 2.5083463192, 20.2798805237, -20.4029426575, 13.0983819962, 30.9310359955, 100.548217773, 43.5739250183, 10.7451448441], [-32.6649246216, -2.90227675438, 39.450668335, 22.3698234558, 3.06782436371, -9.48210334778, -24.5844116211, -10.8036146164, 4.40277004242, 9.3421792984, 43.5739250183, 79.8911972046, 29.2656269073], [-1.53039252758, 9.91660118103, -9.23139381409, 6.21838569641, 2.77104377747, -11.591668129, -0.121277280152, 12.6303892136, 18.6620864868, -2.45382547379, 10.7451448441, 29.2656269073, 63.0241012573]],
        "icov": [[0.000953126349486, -0.000407303072279, 0.00121562730055, -0.000735458685085, 0.000911722367164, -0.00154521479271, 0.00130124634597, -0.000957242678851, 0.000445307639893, 0.000140693271533, 0.000357028096914, -0.000253240927123, 0.000138247778523], [-0.000407303072279, 0.00752820121124, -0.00366180902347, 0.0042958422564, -0.0064786830917, 0.00487355189398, -0.00399070419371, 0.00418767891824, -0.003110866528, 0.00378563720733, -0.0054326383397, 0.00422425381839, -0.001787116169], [0.00121562730055, -0.00366180902347, 0.00580704119056, -0.00476620020345, 0.00417308136821, -0.00404560472816, 0.00338167278096, -0.00212593795732, 0.00262054707855, -0.00130715896375, 0.00257476582192, -0.00302789011039, 0.00157170253806], [-0.000735458685085, 0.0042958422564, -0.00476620020345, 0.00751545326784, -0.00516926543787, 0.00227688997984, -0.00150987657253, 0.00217862683348, -0.00262018758804, 0.00197900272906, -0.00280281039886, 0.00248626992106, -0.00175063998904], [0.000911722367164, -0.0064786830917, 0.00417308136821, -0.00516926543787, 0.0118113839999, -0.00635921116918, 0.00252581317909, -0.00331981899217, 0.000315898912959, -0.00123900431208, 0.00447832979262, -0.00452874414623, 0.00234169862233], [-0.00154521479271, 0.00487355189398, -0.00404560472816, 0.00227688997984, -0.00635921116918, 0.0146394101903, -0.00832060258836, 0.00271015125327, 0.00175412045792, -0.00172545353416, -0.00229837861843, 0.002209082013, -0.000429118401371], [0.00130124634597, -0.00399070419371, 0.00338167278096, -0.00150987657253, 0.00252581317909, -0.00832060258836, 0.012797286734, -0.0054560569115, 0.00214634183794, -0.000895542441867, -0.00103294558357, 0.00204918766394, -0.000665408966597], [-0.000957242678851, 0.00418767891824, -0.00212593795732, 0.00217862683348, -0.00331981899217, 0.00271015125327, -0.0054560569115, 0.0157964453101, -0.00934889540076, 0.00189855718054, 0.00135353975929, 0.00129571894649, -0.00173050002195], [0.000445307639893, -0.003110866528, 0.00262054707855, -0.00262018758804, 0.000315898912959, 0.00175412045792, 0.00214634183794, -0.00934889540076, 0.0156926941127, -0.0074974601157, 0.00058058265131, -0.000696339004207, -0.00138521415647], [0.000140693271533, 0.00378563720733, -0.00130715896375, 0.00197900272906, -0.00123900431208, -0.00172545353416, -0.000895542441867, 0.00189855718054, -0.0074974601157, 0.0187216028571, -0.00745108583942, 0.0017442277167, 0.00178536074236], [0.000357028096914, -0.0054326383397, 0.00257476582192, -0.00280281039886, 0.00447832979262, -0.00229837861843, -0.00103294558357, 0.00135353975929, 0.00058058265131, -0.00745108583942, 0.0213974807411, -0.0128592709079, 0.00248542521149], [-0.000253240927123, 0.00422425381839, -0.00302789011039, 0.00248626992106, -0.00452874414623, 0.002209082013, 0.00204918766394, 0.00129571894649, -0.000696339004207, 0.0017442277167, -0.0128592709079, 0.0252107586712, -0.0102501958609], [0.000138247778523, -0.001787116169, 0.00157170253806, -0.00175063998904, 0.00234169862233, -0.000429118401371, -0.000665408966597, -0.00173050002195, -0.00138521415647, 0.00178536074236, 0.00248542521149, -0.0102501958609, 0.0215337611735]]
    },
    "melbands": {
        "max": [0.00868210196495, 0.00939142145216, 0.00601719971746, 0.0122048407793, 0.0106046758592, 0.0170518476516, 0.0155339585617, 0.00731444638222, 0.0056545897387, 0.0114092063159, 0.0102588683367, 0.00435499241576, 0.00513953948393, 0.00383020169102, 0.00183792295866, 0.00245021469891, 0.00263591762632, 0.00270395795815, 0.00137284514494, 0.00210087187588, 0.00124562182464, 0.000497105240356, 0.000292833778076, 0.000285238202196, 0.000150316569488, 0.000220199333853, 0.000141548298416, 8.71951560839e-05, 6.50389702059e-05, 6.13819283899e-05, 5.82594584557e-05, 5.44721406186e-05, 4.08468185924e-05, 7.27161532268e-05, 8.40320135467e-05, 0.000118605632451, 7.17073125998e-05, 3.64819716197e-05, 2.60790475295e-05, 3.34125070367e-05],
        "mean": [0.000912549265195, 0.000979805132374, 0.000457552989246, 0.000797320681158, 0.000709164422005, 0.000602106447332, 0.000281019689282, 0.000203771880479, 0.000192582287127, 0.000417757139076, 0.000303555338178, 8.47801202326e-05, 0.000112208348582, 9.59711396717e-05, 4.94891864946e-05, 5.34563951078e-05, 6.04533161095e-05, 4.27737541031e-05, 4.62361749669e-05, 4.73273103125e-05, 3.47358218278e-05, 2.64093941951e-05, 2.25342973863e-05, 1.94233834918e-05, 1.30251773953e-05, 9.66807056102e-06, 9.7398442449e-06, 8.38390315039e-06, 5.90219951846e-06, 4.70853638035e-06, 4.44118995802e-06, 3.75678905584e-06, 2.89416857413e-06, 3.69557642443e-06, 4.63903961645e-06, 4.46934336651e-06, 3.78840013582e-06, 3.12855627271e-06, 2.20220340452e-06, 1.75342825059e-06],
        "min": [4.6062717729e-07, 8.43545421958e-07, 7.03498869825e-07, 9.11414701932e-07, 3.90075001633e-06, 1.05666038053e-06, 1.5096198922e-06, 8.24475023364e-07, 1.13128783141e-06, 8.36471826915e-07, 7.81010101036e-07, 5.51210234789e-07, 4.79986852042e-07, 3.68718360733e-07, 4.19421127162e-07, 1.36852051469e-07, 4.73181273719e-07, 2.46400361448e-07, 3.55166974941e-07, 1.8693616255e-07, 2.42453609189e-07, 2.44788907366e-07, 1.8289028958e-07, 1.86486275311e-07, 1.27117417037e-07, 1.27398635641e-07, 1.04422916536e-07, 7.4666097305e-08, 3.57510110405e-08, 4.16462135888e-08, 3.06223242319e-08, 2.0650750443e-08, 2.18947828756e-08, 1.90462206007e-08, 1.88729547546e-08, 1.91932247873e-08, 2.05212575821e-08, 2.21558735802e-08, 1.09686792982e-08, 6.98105262487e-09],
        "stdev": [0.00133229908533, 0.00124448200222, 0.00073675281601, 0.00145708734635, 0.00126514432486, 0.0012035658583, 0.000921994680539, 0.000567091454286, 0.000541758781765, 0.00104603928048, 0.000950441113673, 0.000275169179076, 0.000332105613779, 0.000306009402266, 0.000129594132886, 0.000161566596944, 0.000198933470529, 0.000140144009492, 0.000105716208054, 0.000131853783387, 8.89541261131e-05, 5.02563489135e-05, 3.62044847861e-05, 2.92044624075e-05, 1.72922427737e-05, 1.30222078951e-05, 1.06444367702e-05, 9.31101658352e-06, 6.92506046107e-06, 6.37199127596e-06, 5.95674327997e-06, 4.84972315462e-06, 3.83102087653e-06, 4.81577353639e-06, 5.75993090024e-06, 6.40046164335e-06, 4.98404688187e-06, 3.75462013835e-06, 2.79795949609e-06, 2.57728265751e-06]
    },
    "melbands128": {
        "max": [0.000768957484979, 0.0066441167146, 0.0152214262635, 0.0160235315561, 0.0138328215107, 0.011537451297, 0.00861664209515, 0.00793683156371, 0.00849686563015, 0.0143582485616, 0.028194649145, 0.023735884577, 0.012160141021, 0.0183803550899, 0.0172817315906, 0.0320981927216, 0.0188256781548, 0.0244800653309, 0.00711525417864, 0.0104860439897, 0.016563564539, 0.00794864818454, 0.00867235846817, 0.0172646921128, 0.0264754258096, 0.0175593104213, 0.0284439455718, 0.0192109961063, 0.0191667284817, 0.00683533260599, 0.00392587156966, 0.0106649138033, 0.00680877361447, 0.00812001898885, 0.0093612940982, 0.00563825573772, 0.00485938880593, 0.00336230150424, 0.00340904784389, 0.00503248022869, 0.00552568258718, 0.00351473712362, 0.00585060846061, 0.00370370410383, 0.00860735960305, 0.00240586954169, 0.00195134757087, 0.00226834299974, 0.00261304317974, 0.00446204748005, 0.00456881150603, 0.00133741030004, 0.00173825828824, 0.00307442224585, 0.00132336805109, 0.000554699858185, 0.000735407928005, 0.000421375065343, 0.000530574354343, 0.000654878211208, 0.000529671728145, 0.000401118770242, 0.000316574645694, 0.000178793168743, 0.00031237010262, 0.000436509377323, 0.00014539831318, 0.000270200020168, 0.0001288633066, 0.000162069583894, 0.000151217027451, 0.000133890425786, 7.13354966138e-05, 9.96917151497e-05, 0.000104733822809, 0.000106604034954, 7.3791059549e-05, 7.3351257015e-05, 8.43042871566e-05, 7.30807805667e-05, 9.07591893338e-05, 5.26083676959e-05, 5.17331900483e-05, 6.44056635792e-05, 4.13279558416e-05, 5.5587355746e-05, 8.53016244946e-05, 0.00013603970001, 9.4497219834e-05, 6.69525907142e-05, 8.58701096149e-05, 0.000204629701329, 0.000145078724017, 5.96445497649e-05, 4.56584093627e-05, 3.83716396755e-05, 4.09604726883e-05, 4.31476619269e-05, 2.98336035485e-05, 4.07979241572e-05, 2.64213977061e-05, 3.36855082423e-05, 3.82057842216e-05, 2.809425132e-05, 2.80840959022e-05, 1.49362185766e-05, 1.00692741398e-05, 6.15806629867e-06, 9.2855971161e-06, 4.95020958624e-06, 3.18239790431e-06, 4.79482025639e-07, 3.62144646715e-07, 3.43569041661e-07, 2.89904960482e-07, 3.27186285176e-07, 3.77610177793e-07, 4.57348590999e-07, 3.13767344551e-07, 2.56970821511e-07, 1.06783168974e-07, 9.70073372741e-08, 2.16635527295e-08, 2.11899067182e-08, 2.08001775803e-08, 2.05138128706e-08, 2.03020764644e-08, 2.01697378799e-08],
        "mean": [5.44225185877e-05, 0.000611277122516, 0.00135890126694, 0.0013420098694, 0.000995258218609, 0.000731322681531, 0.000439170456957, 0.000370739115169, 0.000466778234113, 0.000651726149954, 0.00122526625637, 0.000971427885816, 0.000469249585876, 0.000522034766618, 0.000686319137458, 0.000650424452033, 0.000382446916774, 0.000215007545194, 0.00013760245929, 0.00021892823861, 0.000257655483438, 0.000108204912976, 0.000134753834573, 0.000318995618727, 0.000412769732065, 0.000444699107902, 0.00049611000577, 0.000271185388556, 0.000190507591469, 7.39553943276e-05, 4.42118289357e-05, 9.76608716883e-05, 0.000113850728667, 0.000123897450976, 0.000135049936944, 7.44516582927e-05, 6.19784404989e-05, 3.4245873394e-05, 5.98076767346e-05, 4.57683636341e-05, 5.42867601325e-05, 6.09227026871e-05, 6.09741109656e-05, 5.80686282774e-05, 5.82981811021e-05, 3.73959082935e-05, 2.9541863114e-05, 3.7409903598e-05, 5.34194223292e-05, 7.37147711334e-05, 4.34375033365e-05, 2.56866715063e-05, 3.28299283865e-05, 4.23109049734e-05, 3.32494055328e-05, 2.22571325139e-05, 2.2298152544e-05, 2.44485690928e-05, 2.19635912799e-05, 2.02317460207e-05, 2.11306141864e-05, 1.73226217157e-05, 1.42715034599e-05, 1.18693196782e-05, 1.06832912934e-05, 9.14915108297e-06, 9.31955037231e-06, 1.00360639408e-05, 9.26242773858e-06, 1.03931033664e-05, 9.28639383346e-06, 6.7555415626e-06, 6.12441135672e-06, 5.82044367547e-06, 5.68230598219e-06, 4.87365741719e-06, 4.2254332584e-06, 4.14166015617e-06, 4.68872258352e-06, 4.44624174634e-06, 4.25826146966e-06, 3.04832451548e-06, 3.36421339853e-06, 2.70066834673e-06, 2.77538174487e-06, 3.02939065477e-06, 4.20399965151e-06, 4.6590130296e-06, 4.99988800584e-06, 4.31185071648e-06, 4.28088651461e-06, 4.76767354485e-06, 4.27103577749e-06, 3.67722122974e-06, 3.55310703526e-06, 3.50775599145e-06, 3.02903185911e-06, 2.7104408673e-06, 2.1140976969e-06, 2.04835828299e-06, 1.901082328e-06, 1.77413755864e-06, 1.46497211517e-06, 1.21445793866e-06, 1.11536178338e-06, 8.56880944866e-07, 6.468671927e-07, 5.54952976017e-07, 5.06977698933e-07, 3.97667520247e-07, 2.60421245457e-07, 4.98502075175e-08, 2.39482353948e-08, 3.2368483005e-08, 6.51690328368e-08, 1.41045610746e-08, 8.01108690496e-09, 1.76115222406e-09, 1.25249854932e-09, 9.47609879454e-10, 2.94352209274e-10, 1.18460893872e-10, 3.2918941878e-11, 2.72203162788e-11, 2.67317053909e-11, 2.63358172076e-11, 2.60541622998e-11, 2.58913133988e-11],
        "min": [1.24075238972e-09, 2.90066111575e-07, 4.04022131306e-07, 6.15083706634e-07, 8.47151341077e-07, 1.03379636585e-06, 3.85924607826e-07, 1.20139830528e-07, 5.48187529148e-07, 3.85845822848e-07, 2.08880351238e-07, 2.61156031911e-07, 1.23732235124e-07, 2.26819452109e-07, 5.17937962741e-07, 8.29821487969e-07, 1.16790977245e-06, 4.16210838239e-07, 6.30056945283e-07, 2.43591557592e-07, 5.31529167347e-07, 3.26402499695e-07, 1.6334976749e-07, 3.226653007e-07, 1.87574897836e-07, 1.95527903202e-07, 4.4636021812e-07, 1.58402841066e-07, 1.15863926453e-07, 9.72259712739e-08, 9.50903853436e-08, 1.62031724926e-07, 1.24306396287e-07, 1.72150905087e-07, 1.38443610354e-07, 2.2121170673e-07, 1.05490528313e-07, 1.68577500403e-07, 1.51083028754e-07, 1.01780393891e-07, 6.15463591203e-08, 9.75966969463e-08, 9.62238289048e-08, 7.98723576168e-08, 9.75679483872e-08, 9.51363787749e-08, 1.18835316698e-07, 2.93547017804e-08, 1.47539850559e-07, 3.20171579915e-07, 3.50002231642e-08, 1.55363153453e-07, 6.63578703097e-08, 6.15806499127e-08, 9.3789623179e-08, 1.48797866473e-07, 3.75600279767e-08, 9.85764927464e-08, 1.01441258948e-07, 7.32312344098e-08, 1.66905934407e-07, 1.1484076623e-07, 7.15902217507e-08, 7.61710481356e-08, 7.73408572741e-08, 9.94241204921e-08, 7.3834293346e-08, 7.46887138803e-08, 7.76558337634e-08, 3.87984115946e-08, 8.44219556484e-08, 3.69675987599e-08, 2.90048358664e-08, 2.8130079599e-08, 3.74900963607e-08, 4.75961492441e-08, 1.93211064925e-08, 1.08226210216e-08, 2.43266295996e-08, 1.85476149994e-08, 1.36064377543e-08, 1.92529636678e-08, 1.86688922099e-08, 1.70577241221e-08, 1.2297543428e-08, 1.21734702319e-08, 1.51302614881e-08, 1.50604542171e-08, 1.83506170259e-08, 1.31060620134e-08, 1.6236015199e-08, 1.88315070204e-08, 1.4504855983e-08, 1.57437458626e-08, 1.42783553869e-08, 1.66218701025e-08, 1.77020229586e-08, 1.14550999797e-08, 1.05272910389e-08, 8.92165807898e-09, 1.00209724962e-08, 4.61149030073e-09, 2.50708920291e-09, 2.64680455331e-09, 1.62878410759e-09, 1.33997257734e-09, 1.17752008144e-09, 2.36032526857e-09, 1.83365322926e-09, 1.78880710244e-09, 1.21011992094e-10, 1.23452706391e-10, 2.29765824422e-11, 5.48562395508e-09, 7.52575601837e-09, 5.68876057372e-11, 5.02479290544e-14, 1.31759727301e-14, 1.44744395099e-14, 1.1233262008e-14, 1.23313538268e-14, 1.10711703951e-14, 1.01859921661e-14, 1.2049127531e-14, 8.11826107505e-15, 3.83585604076e-15, 5.40436137106e-16, 4.36250753721e-17],
        "stdev": [8.85393892531e-05, 0.00105723226443, 0.00220320257358, 0.00208196952008, 0.00155638810247, 0.00115933793131, 0.000871837546583, 0.000860706146341, 0.000895912235137, 0.00129035895225, 0.00302729033865, 0.00239632860757, 0.00117656972725, 0.00145317264833, 0.00158739602193, 0.00173109211028, 0.00152512930799, 0.00113342260011, 0.000432435859693, 0.000726282596588, 0.000915730488487, 0.000413084955653, 0.00060571054928, 0.00125635380391, 0.00147232785821, 0.00146731256973, 0.0019283159636, 0.00120356981643, 0.00111903320067, 0.000297383754514, 0.000177545531187, 0.000458266848, 0.000420900323661, 0.000543676782399, 0.000636901124381, 0.000297386926832, 0.000280860578641, 0.000135485403007, 0.000195540691493, 0.000196329914615, 0.000275749451248, 0.000224888353841, 0.0003203653323, 0.00025585203548, 0.000337414152455, 0.000143261277117, 9.56805670285e-05, 0.000127757652081, 0.000167393271113, 0.000241828340222, 0.000206041499041, 8.20279456093e-05, 0.000103052021586, 0.000182963893167, 9.85548613244e-05, 5.14492567163e-05, 5.84728659305e-05, 4.80128328491e-05, 4.84460142616e-05, 5.07627009938e-05, 4.05290666095e-05, 3.25166947732e-05, 2.50085231528e-05, 1.9610297386e-05, 1.9110928406e-05, 1.93232608581e-05, 1.29561667563e-05, 1.52179954966e-05, 1.19391888802e-05, 1.50367886818e-05, 1.23173722386e-05, 9.72812540567e-06, 8.30327826407e-06, 8.27940675663e-06, 8.35969058244e-06, 7.48025831854e-06, 6.99303791407e-06, 6.65737479721e-06, 6.93891661285e-06, 6.34049911241e-06, 5.92951528233e-06, 4.67576819574e-06, 4.53510665466e-06, 4.21949243901e-06, 3.98693964598e-06, 4.39502809968e-06, 6.04596243647e-06, 7.07257777322e-06, 6.67475433147e-06, 6.00995372224e-06, 5.88997181694e-06, 8.48373383633e-06, 7.2233501669e-06, 5.1712545428e-06, 4.64903132524e-06, 4.24686732003e-06, 4.02116393161e-06, 3.8304865484e-06, 2.80144854514e-06, 2.90251568913e-06, 2.67575410362e-06, 2.88835713036e-06, 2.50821926784e-06, 2.00368708647e-06, 1.98835846277e-06, 1.34839115162e-06, 9.62286321737e-07, 8.29958935356e-07, 7.35160597287e-07, 5.61471665605e-07, 3.92361158674e-07, 6.65711397119e-08, 3.8303657135e-08, 3.15453547728e-08, 3.05490175379e-08, 2.66790305403e-08, 2.44247164716e-08, 1.76327521473e-08, 1.28295338797e-08, 1.05980149101e-08, 3.6700458228e-09, 2.68904343237e-09, 6.50538067859e-10, 6.10880623864e-10, 5.99955252145e-10, 5.91895532587e-10, 5.85930581831e-10, 5.82200010424e-10]
    },
    "mfcc": {
        "mean": [-616.913146973, 93.6623840332, 13.7616100311, 16.8618869781, 6.83186101913, -0.661223292351, -1.53704333305, 4.12055444717, -3.24303936958, 3.81322669983, -5.77454280853, 0.600246608257, -2.0879805088],
        "cov": [[2191.36938477, -457.780670166, -386.597686768, -177.576538086, -65.7044448853, -67.6602859497, -72.3415603638, 35.6390113831, 65.786026001, 50.4996643066, 12.2257184982, -5.70179986954, -49.7447776794], [-457.780670166, 619.659423828, -122.298072815, -41.9367790222, 15.2634515762, -4.15146923065, 48.5856399536, 14.2796649933, -34.1200675964, 27.9708061218, 3.905346632, 2.73545217514, -7.63443088531], [-386.597686768, -122.298072815, 591.042114258, 163.745361328, 68.8927154541, 88.2631607056, 30.6096744537, -28.0883731842, -60.5262374878, -110.794921875, -38.5547866821, -7.99873304367, 32.0579338074], [-177.576538086, -41.9367790222, 163.745361328, 243.534851074, 117.501319885, 30.0879707336, -11.0480051041, 20.621673584, 12.4871721268, -17.5745697021, -15.0199632645, 15.9914045334, 34.2659912109], [-65.7044448853, 15.2634515762, 68.8927154541, 117.501319885, 185.697280884, 34.9165649414, -15.9472541809, 30.0540504456, 13.2714548111, -7.35183858871, -7.53141832352, 13.4820308685, 22.7142963409], [-67.6602859497, -4.15146923065, 88.2631607056, 30.0879707336, 34.9165649414, 167.186523438, 99.5492782593, 4.83109092712, -8.10882949829, -20.3576107025, 12.8778791428, 9.25900936127, -2.10186934471], [-72.3415603638, 48.5856399536, 30.6096744537, -11.0480051041, -15.9472541809, 99.5492782593, 170.896179199, 33.9308662415, -3.17699766159, 0.694369316101, 12.1711997986, -5.48546791077, -19.3772659302], [35.6390113831, 14.2796649933, -28.0883731842, 20.621673584, 30.0540504456, 4.83109092712, 33.9308662415, 94.6611633301, 45.7780456543, 32.1369628906, 7.62072563171, 2.87377285957, -0.806101322174], [65.786026001, -34.1200675964, -60.5262374878, 12.4871721268, 13.2714548111, -8.10882949829, -3.17699766159, 45.7780456543, 122.392913818, 71.3337860107, 24.2732486725, 3.15705418587, -5.72778320312], [50.4996643066, 27.9708061218, -110.794921875, -17.5745697021, -7.35183858871, -20.3576107025, 0.694369316101, 32.1369628906, 71.3337860107, 138.175354004, 44.484703064, 6.71444320679, -11.3180799484], [12.2257184982, 3.905346632, -38.5547866821, -15.0199632645, -7.53141832352, 12.8778791428, 12.1711997986, 7.62072563171, 24.2732486725, 44.484703064, 80.868522644, 33.9554214478, 4.99769926071], [-5.70179986954, 2.73545217514, -7.99873304367, 15.9914045334, 13.4820308685, 9.25900936127, -5.48546791077, 2.87377285957, 3.15705418587, 6.71444320679, 33.9554214478, 79.3356170654, 36.0194778442], [-49.7447776794, -7.63443088531, 32.0579338074, 34.2659912109, 22.7142963409, -2.10186934471, -19.3772659302, -0.806101322174, -5.72778320312, -11.3180799484, 4.99769926071, 36.0194778442, 73.5917205811]],
        "icov": [[0.00072851969162, 0.00067762483377, 0.000522996590007, 0.000408390798839, -0.000183335883776, -8.46683396958e-05, 0.000183503216249, -0.000404460792197, 0.000144714082126, 4.43542630819e-05, 0.000169957027538, -0.000164166442119, 0.000329711736413], [0.00067762483377, 0.00251936144195, 0.000886048248503, 0.000595684396103, -0.000849669682793, 0.000373608927475, -0.000747458718251, -0.000408632855397, 0.00126008724328, -0.000600397295784, 0.000373542570742, -0.000274194055237, 0.000242269801674], [0.000522996590007, 0.000886048248503, 0.00311465631239, -0.00137683516368, -6.36668992229e-05, -0.000859850901179, -0.000252072495641, 0.000239212298766, 0.000675591058098, 0.00133486057166, 3.86931606045e-05, 0.000726727535948, -0.000439381197793], [0.000408390798839, 0.000595684396103, -0.00137683516368, 0.00764791155234, -0.00379633414559, 3.85233724955e-05, 0.000240669513005, -0.000721171847545, -0.000842325156555, -0.000473195541417, 0.00133388116956, -0.00096192053752, -0.00115320493933], [-0.000183335883776, -0.000849669682793, -6.36668992229e-05, -0.00379633414559, 0.00923701934516, -0.0030494146049, 0.00306109851226, -0.00296755204909, -6.73492977512e-05, 0.000277697603451, 0.000434078247054, -8.49533244036e-05, -0.00053173158085], [-8.46683396958e-05, 0.000373608927475, -0.000859850901179, 3.85233724955e-05, -0.0030494146049, 0.01180525776, -0.0076179173775, 0.00295032397844, -0.00081495847553, 0.00125899678096, -0.00169041613117, -0.00116528756917, 0.000458346534288], [0.000183503216249, -0.000747458718251, -0.000252072495641, 0.000240669513005, 0.00306109851226, -0.0076179173775, 0.0123630603775, -0.00569560471922, 0.00148784357589, -0.000229096694966, -0.000671862042509, 0.000827361945994, 0.00179599400144], [-0.000404460792197, -0.000408632855397, 0.000239212298766, -0.000721171847545, -0.00296755204909, 0.00295032397844, -0.00569560471922, 0.0166004616767, -0.00525552080944, -0.000836070626974, 0.000866149901412, -0.000409138185205, -0.000798052060418], [0.000144714082126, 0.00126008724328, 0.000675591058098, -0.000842325156555, -6.73492977512e-05, -0.00081495847553, 0.00148784357589, -0.00525552080944, 0.0144790085033, -0.00594655424356, -0.000902684405446, 0.000636474927887, 0.000620307284407], [4.43542630819e-05, -0.000600397295784, 0.00133486057166, -0.000473195541417, 0.000277697603451, 0.00125899678096, -0.000229096694966, -0.000836070626974, -0.00594655424356, 0.0137076042593, -0.00581413693726, 0.00121579121333, 0.000932414492127], [0.000169957027538, 0.000373542570742, 3.86931606045e-05, 0.00133388116956, 0.000434078247054, -0.00169041613117, -0.000671862042509, 0.000866149901412, -0.000902684405446, -0.00581413693726, 0.0199968945235, -0.00876529421657, 0.00113373110071], [-0.000164166442119, -0.000274194055237, 0.000726727535948, -0.00096192053752, -8.49533244036e-05, -0.00116528756917, 0.000827361945994, -0.000409138185205, 0.000636474927887, 0.00121579121333, -0.00876529421657, 0.0208896640688, -0.00919445604086], [0.000329711736413, 0.000242269801674, -0.000439381197793, -0.00115320493933, -0.00053173158085, 0.000458346534288, 0.00179599400144, -0.000798052060418, 0.000620307284407, 0.000932414492127, 0.00113373110071, -0.00919445604086, 0.0198211353272]]
    },
    "spectral_contrast_coeffs": {
        "max": [-0.391136884689, -0.472078114748, -0.457224547863, -0.582535147667, -0.665385365486, -0.665194153786],
        "mean": [-0.715152919292, -0.741010963917, -0.762370049953, -0.790653884411, -0.798155009747, -0.796057641506],
        "min": [-0.903842806816, -0.915822684765, -0.903041303158, -0.902036726475, -0.874593496323, -0.867542684078],
        "stdev": [0.0773309916258, 0.0787268579006, 0.0766009539366, 0.0551638975739, 0.0355620272458, 0.0256124101579]
    },
    "spectral_contrast_valleys": {
        "max": [-5.45219326019, -4.861515522, -5.69062757492, -5.97543859482, -5.93346691132, -7.75072956085],
        "mean": [-6.6528673172, -6.69693183899, -7.29391622543, -7.50466442108, -7.23689889908, -9.3293466568],
        "min": [-8.93983650208, -8.27356719971, -8.78932189941, -9.01156234741, -8.91882705688, -11.5180339813],
        "stdev": [0.537571012974, 0.530153274536, 0.576110363007, 0.55752748251, 0.542966127396, 0.661782801151]
    }
},
"rhythm": {
    "beats_count": 56,
    "beats_loudness": {
        "max": 0.0639362707734,
        "mean": 0.0394462123513,
        "min": 0.0205640122294,
        "stdev": 0.010579392314
    },
    "bpm": 104.976547241,
    "bpm_histogram_first_peak_bpm": 105,
    "bpm_histogram_first_peak_weight": 0.381818175316,
    "bpm_histogram_second_peak_bpm": 0,
    "bpm_histogram_second_peak_spread": 0,
    "bpm_histogram_second_peak_weight": 0,
    "danceability": 1.29257333279,
    "onset_rate": 5.56787061691,
    "beats_loudness_band_ratio": {
        "max": [0.944875478745, 0.766802608967, 0.706561863422, 0.680612444878, 0.461566984653, 0.30418419838],
        "mean": [0.463934272528, 0.176731675863, 0.146140173078, 0.097892947495, 0.09788287431, 0.0607884414494],
        "min": [0.0706128105521, 0.010555204004, 0.00282406504266, 0.00297384499572, 0.00253454619087, 0.00842553097755],
        "stdev": [0.247212603688, 0.17898017168, 0.173356518149, 0.169358611107, 0.116281740367, 0.0558306798339]
    },
    "beats_position": [0.580498874187, 1.16099774837, 1.72988653183, 2.29877543449, 2.87927436829, 3.45977306366, 4.02866220474, 4.59755086899, 5.16644001007, 5.73532867432, 6.30421733856, 6.88471651077, 7.45360517502, 8.03410434723, 8.59138298035, 9.16027164459, 9.72916126251, 10.3096599579, 10.8785486221, 11.4474372864, 12.0279359818, 12.6084346771, 13.1657142639, 13.7346029282, 14.3034915924, 14.8839902878, 15.4528799057, 16.0217685699, 16.5906581879, 17.1711559296, 17.7400455475, 18.3089332581, 18.877822876, 19.458322525, 20.0272102356, 20.5960998535, 21.1765975952, 21.7454872131, 22.3143768311, 22.8948745728, 23.4637641907, 24.0326519012, 24.589931488, 25.1704311371, 25.7393188477, 26.3082084656, 26.8770961761, 27.4459857941, 28.0264854431, 28.6069831848, 29.1642627716, 29.7447605133, 30.3136501312, 30.8825397491, 31.4514274597, 32.0203170776],
