{
"metadata": {
    "version": {
        "essentia": "2.1-beta5",
        "essentia_git_sha": "Undefined",
        "extractor": "music 2.0"
    },
    "audio_properties": {
        "analysis": {
            "equal_loudness": 0,
            "length": 32.4963264465,
            "sample_rate": 44100,
            "start_time": 126.490699768,
            "downmix": "mix"
        },
        "bit_rate": 192000,
        "length": 188.290618896,
        "lossless": 0,
        "number_channels": 2,
        "replay_gain": -7.02004241943,
        "sample_rate": 48000,
        "codec": "mp3",
        "md5_encoded": "1ee7ad9c8a611b85810663df259fff31"
    },
    "tags": {
        "file_name": "United KingdomUK_No Dream Impossible_Lindsay D..mp3",
        "encoding": ["Lavf58.29.100"]
    }
},
"lowlevel": {
    "average_loudness": 0.984917163849,
    "barkbands_crest": {
        "max": 20.5173549652,
        "mean": 8.5485496521,
        "min": 3.20622444153,
        "stdev": 2.9670317173
    },
    "barkbands_flatness_db": {
        "max": 0.26502469182,
        "mean": 0.138065293431,
        "min": 0.0774417072535,
        "stdev": 0.023603759706
    },
    "barkbands_kurtosis": {
        "max": 40.7016296387,
        "mean": 0.704799771309,
        "min": -1.68507611752,
        "stdev": 2.87939167023
    },
    "barkbands_skewness": {
        "max": 5.60085248947,
        "mean": 0.77603495121,
        "min": -1.29827404022,
        "stdev": 0.806178510189
    },
    "barkbands_spread": {
        "max": 77.9955062866,
        "mean": 26.9366188049,
        "min": 3.83179163933,
        "stdev": 9.19605350494
    },
    "dissonance": {
        "max": 0.499804526567,
        "mean": 0.469433903694,
        "min": 0.274766415358,
        "stdev": 0.0208654161543
    },
    "dynamic_complexity": 1.39294505119,
    "erbbands_crest": {
        "max": 25.3002090454,
        "mean": 10.0958366394,
        "min": 3.03169679642,
        "stdev": 4.2090921402
    },
    "erbbands_flatness_db": {
        "max": 0.286321252584,
        "mean": 0.180598586798,
        "min": 0.0882772132754,
        "stdev": 0.0365449301898
    },
    "erbbands_kurtosis": {
        "max": 6.82870292664,
        "mean": 0.106387130916,
        "min": -1.54557871819,
        "stdev": 1.08725631237
    },
    "erbbands_skewness": {
        "max": 2.34434723854,
        "mean": 0.198376342654,
        "min": -2.26592850685,
        "stdev": 0.568847537041
    },
    "erbbands_spread": {
        "max": 102.090232849,
        "mean": 32.6871299744,
        "min": 10.6763324738,
        "stdev": 12.2313528061
    },
    "hfc": {
        "max": 115.932998657,
        "mean": 30.2568836212,
        "min": 0.0220962353051,
        "stdev": 15.9606275558
    },
    "loudness_ebu128": {
        "integrated": -15.6891689301,
        "loudness_range": 1.08032131195,
        "momentary": {
            "max": -13.714053154,
            "mean": -15.769908905,
            "min": -18.5813808441,
            "stdev": 0.860061109066
        },
        "short_term": {
            "max": -15.0565071106,
            "mean": -15.7099113464,
            "min": -16.5293064117,
            "stdev": 0.350164413452
        }
    },
    "melbands_crest": {
        "max": 27.6660251617,
        "mean": 12.0602607727,
        "min": 4.01979207993,
        "stdev": 4.06757354736
    },
    "melbands_flatness_db": {
        "max": 0.340081423521,
        "mean": 0.151448085904,
        "min": 0.0333269797266,
        "stdev": 0.036800891161
    },
    "melbands_kurtosis": {
        "max": 91.9239349365,
        "mean": 4.88162899017,
        "min": -1.54921174049,
        "stdev": 7.75063419342
    },
    "melbands_skewness": {
        "max": 7.58751678467,
        "mean": 1.65648651123,
        "min": -0.550129532814,
        "stdev": 1.11959719658
    },
    "melbands_spread": {
        "max": 102.192962646,
        "mean": 34.9552650452,
        "min": 2.5615632534,
        "stdev": 15.2069091797
    },
    "pitch_salience": {
        "max": 0.80809533596,
        "mean": 0.530980288982,
        "min": 0.197621181607,
        "stdev": 0.0860688984394
    },
    "silence_rate_20dB": {
        "max": 1,
        "mean": 1,
        "min": 1,
        "stdev": 0
    },
    "silence_rate_30dB": {
        "max": 1,
        "mean": 1,
        "min": 1,
        "stdev": 0
    },
    "silence_rate_60dB": {
        "max": 1,
        "mean": 0.000713775865734,
        "min": 0,
        "stdev": 0.0267070475966
    },
    "spectral_centroid": {
        "max": 3321.07641602,
        "mean": 1915.24060059,
        "min": 311.121643066,
        "stdev": 574.753295898
    },
    "spectral_complexity": {
        "max": 51,
        "mean": 23.3633117676,
        "min": 0,
        "stdev": 5.98895788193
    },
    "spectral_decrease": {
        "max": -8.76838879282e-12,
        "mean": -6.77104194935e-09,
        "min": -2.22950848894e-08,
        "stdev": 2.91451041079e-09
    },
    "spectral_energy": {
        "max": 0.0944023132324,
        "mean": 0.0282998960465,
        "min": 3.50981135853e-05,
        "stdev": 0.011752624996
    },
    "spectral_energyband_high": {
        "max": 0.0101090567186,
        "mean": 0.00138800637797,
        "min": 3.10947456228e-07,
        "stdev": 0.00124410213903
    },
    "spectral_energyband_low": {
        "max": 0.059899687767,
        "mean": 0.00770020112395,
        "min": 7.48922775529e-06,
        "stdev": 0.00745905190706
    },
    "spectral_energyband_middle_high": {
        "max": 0.0458371452987,
        "mean": 0.0113417385146,
        "min": 7.5654857028e-06,
        "stdev": 0.00717365462333
    },
    "spectral_energyband_middle_low": {
        "max": 0.0583993084729,
        "mean": 0.0087898094207,
        "min": 1.45439234984e-05,
        "stdev": 0.00764013361186
    },
    "spectral_entropy": {
        "max": 8.42073822021,
        "mean": 7.67750787735,
        "min": 6.89611053467,
        "stdev": 0.224736765027
    },
    "spectral_flux": {
        "max": 0.275162190199,
        "mean": 0.0990889072418,
        "min": 0.0326198861003,
        "stdev": 0.0391772948205
    },
    "spectral_kurtosis": {
        "max": 19.3120632172,
        "mean": 3.03546476364,
        "min": -0.220666408539,
        "stdev": 1.52173852921
    },
    "spectral_rms": {
        "max": 0.00959686562419,
        "mean": 0.00513400044292,
        "min": 0.000185046112165,
        "stdev": 0.00111879676115
    },
    "spectral_rolloff": {
        "max": 6847.55859375,
        "mean": 2014.64257812,
        "min": 129.19921875,
        "stdev": 1094.41833496
    },
    "spectral_skewness": {
        "max": 3.30971169472,
        "mean": 1.24474322796,
        "min": 0.245216578245,
        "stdev": 0.228478252888
    },
    "spectral_spread": {
        "max": 8654012,
        "mean": 4249115.5,
        "min": 2435244,
        "stdev": 839671.4375
    },
    "spectral_strongpeak": {
        "max": 17.1573829651,
        "mean": 1.85519433022,
        "min": 0,
        "stdev": 2.05711340904
    },
    "zerocrossingrate": {
        "max": 0.19140625,
        "mean": 0.0729483813047,
        "min": 0.01171875,
        "stdev": 0.024030180648
    },
    "barkbands": {
        "max": [0.00182024750393, 0.0162652693689, 0.0476161800325, 0.0314386747777, 0.0444920547307, 0.0185117740184, 0.0285237133503, 0.0360999256372, 0.0249347295612, 0.0374182648957, 0.0261193700135, 0.0243755765259, 0.0175822470337, 0.0212726555765, 0.0209768079221, 0.017910996452, 0.0151935713366, 0.0205569881946, 0.0103046409786, 0.0153336655349, 0.00187710719183, 0.00302626634948, 0.00311146373861, 0.00118422310334, 0.00143513805233, 3.01868590213e-06, 2.66024107987e-06],
        "mean": [0.00019018088642, 0.00377192837186, 0.00303509598598, 0.001276328112, 0.00230065523647, 0.00125687243417, 0.00150412786752, 0.00119370780885, 0.000854415586218, 0.00123968929984, 0.00257404847071, 0.00168451049831, 0.00111380626913, 0.0014763121726, 0.000542065943591, 0.000638841534965, 0.000380374171073, 0.000592934142333, 0.000955353549216, 0.00107315601781, 0.000169001868926, 0.000124564641737, 0.000142047021654, 0.000131188717205, 7.85802185419e-05, 9.71860103505e-08, 2.83190559891e-09],
        "min": [1.85046800993e-07, 1.05708909359e-06, 9.51510060077e-07, 1.48511537645e-06, 3.38580048265e-06, 4.42729060524e-06, 4.30694262832e-06, 5.70681720546e-07, 1.86437361549e-07, 1.73087912003e-07, 1.44613409248e-06, 2.5315239327e-07, 1.09823224648e-06, 6.94011419e-07, 8.54658537719e-07, 1.0590401871e-06, 4.00351012786e-07, 1.18735579235e-06, 3.9702047161e-07, 5.35624167242e-08, 1.16529605521e-07, 2.14460964543e-08, 7.56639622068e-08, 3.54343399067e-08, 1.05884563339e-08, 4.0633788001e-11, 3.19907017543e-11],
        "stdev": [0.000267482013442, 0.00348526914604, 0.00490601221099, 0.00312328734435, 0.00449093896896, 0.00151185959112, 0.00219888100401, 0.00177128985524, 0.0020106472075, 0.00236399658024, 0.00344499736093, 0.00301597127691, 0.00205908971839, 0.00239661661908, 0.00125392293558, 0.00164939276874, 0.000917474797461, 0.00102275540121, 0.000981939374469, 0.0012113210978, 0.000182343952474, 0.000157562215463, 0.000184743417776, 0.000131087304908, 9.62931517279e-05, 2.17293006699e-07, 7.10367800139e-08]
    },
    "erbbands": {
        "max": [0.508600354195, 4.01500988007, 40.7843170166, 101.129379272, 162.162704468, 155.02911377, 69.3321914673, 205.413131714, 345.941467285, 389.595611572, 631.699645996, 679.303222656, 1118.20458984, 1546.73291016, 1241.11694336, 954.146911621, 618.74029541, 1198.94702148, 597.748962402, 919.159851074, 1116.57739258, 503.796325684, 372.126617432, 1034.62072754, 658.496154785, 377.508575439, 222.713760376, 60.3907737732, 73.975227356, 125.889640808, 94.6457214355, 37.2960700989, 18.3787288666, 21.4043178558, 7.24094343185, 0.389450460672, 0.0108542498201, 0.00176195777021, 0.000390195113141, 0.000125892300275],
        "mean": [0.0969360694289, 0.899675428867, 3.21928191185, 4.2711930275, 6.2147769928, 7.57841968536, 7.20402288437, 11.484746933, 20.2793312073, 25.3073158264, 22.578004837, 20.7188014984, 31.4083461761, 54.7265167236, 114.957794189, 74.0948181152, 55.3381958008, 84.1463317871, 37.422908783, 27.7335109711, 34.1584129333, 19.710111618, 24.4149436951, 52.8451728821, 45.4069099426, 55.464099884, 17.2715187073, 4.90588569641, 4.35336780548, 4.44100856781, 4.04051351547, 2.99183273315, 2.05491518974, 1.21098077297, 0.375553101301, 0.0211920775473, 0.00063453707844, 5.72364733671e-05, 2.51394376392e-05, 3.7015943235e-05],
        "min": [4.29692518082e-05, 0.000329320289893, 0.00408083712682, 0.00537328980863, 0.0059400498867, 0.0127516472712, 0.021198939532, 0.0420806407928, 0.0716330260038, 0.0325298346579, 0.0100923273712, 0.00440603168681, 0.00291040656157, 0.0263644140214, 0.050065793097, 0.00887856632471, 0.0375600680709, 0.0419977419078, 0.042152389884, 0.0531311668456, 0.048699285835, 0.0227192472667, 0.0421522334218, 0.0647726655006, 0.00594170298427, 0.00259524723515, 0.00442831963301, 0.00357946939766, 0.000953759881668, 0.00159390910994, 0.00208415510133, 0.000955906463787, 0.000464813376311, 0.000164721597685, 5.80288615311e-05, 2.00051836146e-05, 4.74193439004e-06, 7.15813428087e-07, 5.00034218476e-07, 8.75146071166e-08],
        "stdev": [0.0971277281642, 0.812814414501, 4.33222389221, 9.11822223663, 14.5400047302, 13.7123918533, 8.10806846619, 14.8748617172, 27.711687088, 33.4679374695, 35.4667778015, 47.6929969788, 66.0932769775, 97.5314178467, 149.74156189, 127.175628662, 83.3943252563, 129.706314087, 54.1034431458, 62.3079528809, 92.1775436401, 38.6264266968, 35.5542831421, 70.641784668, 46.9122543335, 62.0262641907, 18.0479221344, 4.87913799286, 5.06106519699, 6.42370796204, 5.288646698, 3.14021873474, 2.17411661148, 1.39946424961, 0.532837450504, 0.0310453027487, 0.000847848248668, 7.63773932704e-05, 1.59921255545e-05, 1.48247409015e-05]
    },
    "gfcc": {
        "mean": [22.8867473602, 99.7563323975, -154.256774902, 49.398651123, -73.2985916138, 27.4072055817, -36.3373298645, 11.8826112747, -27.6780872345, -3.26714062691, 8.95792579651, -16.165851593, 1.35773789883],
        "cov": [[956.978027344, -216.40032959, 130.116928101, 135.293991089, 9.68938350677, 131.081756592, 0.390747249126, 93.1079101562, -68.9716796875, 43.6198120117, -31.9240436554, -8.88932418823, -43.3784103394], [-216.40032959, 482.81338501, 210.985046387, 108.516494751, 157.915161133, 30.7783908844, 91.1875457764, -5.92872571945, 108.400390625, -37.8015785217, 11.8108272552, 2.83391690254, 16.3208827972], [130.116928101, 210.985046387, 519.410949707, 228.669815063, 95.2309341431, 155.655059814, -7.14373683929, 27.8743247986, 76.5280456543, 2.05113863945, -101.699188232, 81.3401184082, -2.22921466827], [135.293991089, 108.516494751, 228.669815063, 244.981826782, 140.489379883, 74.0699310303, 12.9995174408, 20.0784759521, 67.4784927368, 10.3109865189, -37.1017074585, 34.9074745178, -5.59814071655], [9.68938350677, 157.915161133, 95.2309341431, 140.489379883, 198.33795166, 46.0086097717, 30.5378646851, 23.8240184784, 41.1290473938, 8.4113740921, 0.641160905361, -9.87734222412, -5.33257102966], [131.081756592, 30.7783908844, 155.655059814, 74.0699310303, 46.0086097717, 172.179046631, 87.071472168, 21.1001205444, 10.0180387497, 19.611782074, -7.81750917435, 26.3816413879, -19.2926712036], [0.390747249126, 91.1875457764, -7.14373683929, 12.9995174408, 30.5378646851, 87.071472168, 179.717559814, 24.5010128021, -17.6031837463, 11.5255117416, 64.6708908081, -11.9466304779, -11.0446720123], [93.1079101562, -5.92872571945, 27.8743247986, 20.0784759521, 23.8240184784, 21.1001205444, 24.5010128021, 100.645278931, 47.6059989929, 8.29895687103, 4.59674406052, 11.1791400909, 1.88270401955], [-68.9716796875, 108.400390625, 76.5280456543, 67.4784927368, 41.1290473938, 10.0180387497, -17.6031837463, 47.6059989929, 163.775238037, 4.35083436966, -25.297870636, 36.1350669861, 14.2753696442], [43.6198120117, -37.8015785217, 2.05113863945, 10.3109865189, 8.4113740921, 19.611782074, 11.5255117416, 8.29895687103, 4.35083436966, 80.0008621216, 39.5778579712, 9.69155311584, 1.58794379234], [-31.9240436554, 11.8108272552, -101.699188232, -37.1017074585, 0.641160905361, -7.81750917435, 64.6708908081, 4.59674406052, -25.297870636, 39.5778579712, 122.834159851, -1.60970115662, 7.20783042908], [-8.88932418823, 2.83391690254, 81.3401184082, 34.9074745178, -9.87734222412, 26.3816413879, -11.9466304779, 11.1791400909, 36.1350669861, 9.69155311584, -1.60970115662, 90.3184967041, 33.9102783203], [-43.3784103394, 16.3208827972, -2.22921466827, -5.59814071655, -5.33257102966, -19.2926712036, -11.0446720123, 1.88270401955, 14.2753696442, 1.58794379234, 7.20783042908, 33.9102783203, 57.3335380554]],
        "icov": [[0.00224057026207, -0.000930095033254, 0.00155918218661, -0.00358585175127, 0.00269804615527, -0.00325812399387, 0.00277337082662, -0.00400304794312, 0.00311447842978, -0.00122759456281, 0.000403427198762, 0.00124825281091, -3.97024959966e-05], [-0.000930095033254, 0.0154599584639, -0.0133023522794, 0.0115731852129, -0.0138679333031, 0.0128284245729, -0.0141490651295, 0.0128183579072, -0.0136114992201, 0.00954672973603, -0.00706414412707, 0.00350773450918, -0.00267339870334], [0.00155918218661, -0.0133023522794, 0.0169713273644, -0.0145395519212, 0.0131184188649, -0.0153513140976, 0.0138979330659, -0.0125222317874, 0.0126833813265, -0.00844977330416, 0.00860464014113, -0.00456980615854, 0.002046629088], [-0.00358585175127, 0.0115731852129, -0.0145395519212, 0.0245397314429, -0.0196968466043, 0.0144195435569, -0.0145095717162, 0.0151342637837, -0.0146767646074, 0.00668082339689, -0.00384578155354, -0.00256060389802, 0.00101859786082], [0.00269804615527, -0.0138679333031, 0.0131184188649, -0.0196968466043, 0.024452527985, -0.0154038695619, 0.0149610843509, -0.0153872994706, 0.0133253466338, -0.00829452369362, 0.00403097877279, 0.00339204608463, -0.000546937808394], [-0.00325812399387, 0.0128284245729, -0.0153513140976, 0.0144195435569, -0.0154038695619, 0.0283770747483, -0.0221822597086, 0.0144271207973, -0.0129524162039, 0.00477353530005, -0.00188448093832, -0.00392186967656, 0.00371270487085], [0.00277337082662, -0.0141490651295, 0.0138979330659, -0.0145095717162, 0.0149610843509, -0.0221822597086, 0.0271831769496, -0.0166188608855, 0.0148535333574, -0.00552013237029, -0.00112812058069, 0.00208499096334, 0.000322374195093], [-0.00400304794312, 0.0128183579072, -0.0125222317874, 0.0151342637837, -0.0153872994706, 0.0144271207973, -0.0166188608855, 0.027844781056, -0.0184260141104, 0.0080315861851, -0.00567024154589, -1.56151381816e-05, -0.00129155116156], [0.00311447842978, -0.0136114992201, 0.0126833813265, -0.0146767646074, 0.0133253466338, -0.0129524162039, 0.0148535333574, -0.0184260141104, 0.0232232566923, -0.00971743557602, 0.00792312808335, -0.00425600586459, 0.00164655665867], [-0.00122759456281, 0.00954672973603, -0.00844977330416, 0.00668082339689, -0.00829452369362, 0.00477353530005, -0.00552013237029, 0.0080315861851, -0.00971743557602, 0.0231958720833, -0.0125921918079, 0.0024767590221, -0.00191970239393], [0.000403427198762, -0.00706414412707, 0.00860464014113, -0.00384578155354, 0.00403097877279, -0.00188448093832, -0.00112812058069, -0.00567024154589, 0.00792312808335, -0.0125921918079, 0.0210662204772, -0.00648134108633, 0.00154590792954], [0.00124825281091, 0.00350773450918, -0.00456980615854, -0.00256060389802, 0.00339204608463, -0.00392186967656, 0.00208499096334, -1.56151381816e-05, -0.00425600586459, 0.0024767590221, -0.00648134108633, 0.0244679804891, -0.0137496814132], [-3.97024959966e-05, -0.00267339870334, 0.002046629088, 0.00101859786082, -0.000546937808394, 0.00371270487085, 0.000322374195093, -0.00129155116156, 0.00164655665867, -0.00191970239393, 0.00154590792954, -0.0137496814132, 0.0272359643131]]
    },
    "melbands": {
        "max": [0.00476318364963, 0.0144771942869, 0.0140667604282, 0.01088114921, 0.00296253361739, 0.00411782367155, 0.00587281631306, 0.00498159835115, 0.00417412212119, 0.00472720572725, 0.0054357079789, 0.00665976386517, 0.0037650805898, 0.00214180955663, 0.00350154261105, 0.0022788096685, 0.00269973580725, 0.00118720915634, 0.00234101549722, 0.00126544781961, 0.001608353341, 0.000739209470339, 0.000363310333341, 0.000897582445759, 0.000858458981384, 0.000258319778368, 0.000968492939137, 0.000349352572812, 0.000243197689997, 6.67668209644e-05, 3.16330515489e-05, 3.98434822273e-05, 6.0586091422e-05, 6.67425338179e-05, 6.15375829511e-05, 4.03467565775e-05, 1.76282428583e-05, 1.45194608194e-05, 1.28993351609e-05, 2.00434442377e-05],
        "mean": [0.000959317141678, 0.0015059907455, 0.00079211051343, 0.000512188998982, 0.000270115182502, 0.000260273052845, 0.000316914054565, 0.000279802916339, 0.000167319565662, 0.000131593973492, 0.000152845852426, 0.000199755217182, 0.000355119933374, 0.000248010561336, 0.000146557518747, 0.000105555722257, 0.000169313352671, 5.76071834075e-05, 3.8525355194e-05, 4.19744610554e-05, 3.9314822061e-05, 2.00396480068e-05, 1.91662602447e-05, 2.65439302893e-05, 4.53368193121e-05, 3.2366697269e-05, 2.8645272323e-05, 4.23155834142e-05, 1.35021455208e-05, 3.37555366059e-06, 2.50549237535e-06, 2.40834242504e-06, 2.49210961556e-06, 2.41087832364e-06, 2.31020089814e-06, 2.17143997361e-06, 1.70885505213e-06, 1.45302510646e-06, 1.29394663873e-06, 9.37889524266e-07],
        "min": [3.57108547178e-07, 1.56219869041e-06, 9.27985468024e-07, 6.39888241949e-07, 7.32969965611e-07, 9.64974788076e-07, 1.04072785234e-06, 2.87068701255e-07, 7.11634200457e-08, 2.21222986596e-08, 1.12256461904e-08, 9.17456119964e-08, 1.93975893126e-07, 4.69061909314e-08, 1.40635565415e-08, 1.34844640343e-07, 6.79277221138e-08, 6.6653925046e-08, 7.5807001565e-08, 7.85941836057e-08, 4.67897791623e-08, 1.96121714424e-08, 2.38616149062e-08, 6.53916814031e-08, 5.39015232448e-08, 4.66073402094e-09, 9.5063446004e-10, 1.9492836234e-09, 2.31820296293e-09, 3.64096131023e-09, 1.62645630297e-09, 3.80209447259e-10, 5.48266765321e-10, 1.15389842126e-09, 1.40711042818e-09, 7.79212638857e-10, 5.11055475716e-10, 2.72812938906e-10, 3.48713335985e-10, 6.84040740717e-11],
        "stdev": [0.0009100867901, 0.0016428908566, 0.00146255420987, 0.00109628692735, 0.000305336143356, 0.000332577881636, 0.000435667985585, 0.00036632429692, 0.000268338568276, 0.000325512868585, 0.000328843510943, 0.000402449921239, 0.000481648487039, 0.000347895227605, 0.000362312217476, 0.000197427216335, 0.000284285692032, 9.8382057331e-05, 0.000113737987704, 0.000106350955321, 0.000124152560602, 4.95186213811e-05, 2.69599095191e-05, 4.66726414743e-05, 6.38484343654e-05, 3.61803395208e-05, 4.38336464867e-05, 5.46507581021e-05, 1.69835948327e-05, 4.38678853243e-06, 2.69233714789e-06, 2.82556811726e-06, 3.36367588716e-06, 3.63725393981e-06, 3.18126990351e-06, 2.71031535704e-06, 1.76592129719e-06, 1.60956778927e-06, 1.44348541653e-06, 1.17658066756e-06]
    },
    "melbands128": {
        "max": [0.00152669509407, 0.00464359018952, 0.00756367482245, 0.00788901560009, 0.0177415274084, 0.0250161774457, 0.0251565240324, 0.0116923628375, 0.0202377531677, 0.0149337016046, 0.00915638264269, 0.00402007997036, 0.00267889956012, 0.0046825138852, 0.00762010272592, 0.00654659885913, 0.00798810552806, 0.0102100353688, 0.00818576477468, 0.00632452778518, 0.00998597219586, 0.0107656707987, 0.00385536579415, 0.00265856157057, 0.00558398570865, 0.0090026287362, 0.00956461578608, 0.00913606584072, 0.00373383867554, 0.011131153442, 0.00767289241776, 0.00477824267, 0.00673936121166, 0.00747782038525, 0.00397560931742, 0.00488129304722, 0.00603049155325, 0.00732403155416, 0.00316869048402, 0.00281647429802, 0.00511677283794, 0.00336897745728, 0.00431868387386, 0.00370933092199, 0.00332429422997, 0.00245839776471, 0.0023671281524, 0.00352308596484, 0.00292711821385, 0.00197073211893, 0.00181201391388, 0.00351305957884, 0.00261303270236, 0.0031349346973, 0.00159988377709, 0.00120443897322, 0.00105203129351, 0.000415169924963, 0.000839516113047, 0.000835654616822, 0.000751683255658, 0.00277897994965, 0.00194565125275, 0.000718805589713, 0.00085266464157, 0.000528221891727, 0.000674502225593, 0.0011416960042, 0.00169385527261, 0.000341465551173, 0.000618316000327, 0.000888991984539, 0.000738554052077, 0.00013619150559, 8.52008743095e-05, 0.000173552514752, 2.91662436211e-05, 3.34213327733e-05, 2.84534726234e-05, 3.64567495126e-05, 5.11860525876e-05, 3.58754623448e-05, 3.98975462303e-05, 2.98327540804e-05, 0.000131598950247, 6.83323378325e-05, 4.35397632828e-05, 9.03343534446e-05, 7.05235943315e-05, 3.30827169819e-05, 8.52154407767e-05, 3.85270905099e-05, 2.63269739662e-05, 1.9719809643e-05, 2.32015463553e-05, 1.51419781105e-05, 2.29984980251e-05, 1.70021794474e-05, 1.64375323948e-05, 1.51334106704e-05, 2.68601434072e-05, 2.25259991566e-05, 1.20714012155e-05, 9.00696704775e-06, 9.22475101106e-06, 7.00938880982e-06, 1.18324044251e-06, 9.86683801329e-08, 2.23249827513e-08, 2.03667944731e-08, 1.88625737252e-08, 1.76241563565e-08, 1.65142335362e-08, 1.55679895641e-08, 1.47835468312e-08, 1.40580027619e-08, 1.33891617793e-08, 1.28079147288e-08, 1.23333823154e-08, 1.18689333917e-08, 1.14608393886e-08, 1.11321902807e-08, 1.083635226e-08, 1.06047783888e-08, 1.03943653684e-08, 1.02284083425e-08, 1.01037924694e-08, 1.003329686e-08],
        "mean": [0.000171614228748, 0.000713149202056, 0.00122958084103, 0.001545391744, 0.00168400688563, 0.00143750559073, 0.000879986735526, 0.000589948205743, 0.000647248991299, 0.000562627625186, 0.000398944481276, 0.000318070728099, 0.000238716645981, 0.000196496694116, 0.000241412388277, 0.000309432361973, 0.000320976658259, 0.000317928876029, 0.000328401511069, 0.000269658863544, 0.000279810570646, 0.000216376836761, 0.000163437493029, 9.86832892522e-05, 0.000128964195028, 0.000141694050399, 0.000138953502756, 0.000183083771844, 0.000116206138046, 0.000191079539945, 0.000241979025304, 0.000199252157472, 0.000361825921573, 0.000548580137547, 0.000176315137651, 0.000259545340668, 0.000152677195729, 0.000159572300618, 0.000116348172014, 0.00011673654808, 0.000112867848657, 6.32101291558e-05, 0.00024531854433, 0.000178420887096, 4.61983436253e-05, 5.47914532945e-05, 4.51879568573e-05, 4.39639879914e-05, 3.11408512061e-05, 2.85914320557e-05, 5.1888757298e-05, 4.54223809356e-05, 3.96451505367e-05, 4.23198944191e-05, 2.51516266871e-05, 1.51630028995e-05, 1.62433298101e-05, 2.1102363462e-05, 1.78485006472e-05, 2.22691814997e-05, 1.43898068927e-05, 3.36190896633e-05, 7.1061833296e-05, 3.67333595932e-05, 3.05427565763e-05, 2.97481547022e-05, 3.59886398655e-05, 3.46944943885e-05, 2.49166168942e-05, 2.14384126593e-05, 4.78881520394e-05, 6.00957355346e-05, 1.37684019137e-05, 8.1815314843e-06, 4.97859809911e-06, 3.6835094761e-06, 2.41894554165e-06, 2.43987392423e-06, 2.7037297059e-06, 2.31035824072e-06, 2.50677521763e-06, 2.25711983148e-06, 2.50839889304e-06, 2.46610738941e-06, 2.53151665675e-06, 2.67904624707e-06, 2.24688255912e-06, 2.17224533117e-06, 2.30711907534e-06, 2.42088617597e-06, 2.37269705394e-06, 2.09955237551e-06, 1.84448515483e-06, 1.69563827512e-06, 1.66064933182e-06, 1.48071478634e-06, 1.41162126965e-06, 1.38431562391e-06, 1.37172287396e-06, 1.21507832773e-06, 1.07926052806e-06, 9.1040112693e-07, 7.76092576871e-07, 5.08944651756e-07, 4.47620237765e-07, 3.33117696982e-07, 8.17691443444e-08, 4.38871472497e-09, 2.36660378794e-11, 2.06060706692e-11, 1.9227735723e-11, 1.81336091976e-11, 1.72266523962e-11, 1.6288560778e-11, 1.55574858551e-11, 1.47367517495e-11, 1.40906583276e-11, 1.35401819965e-11, 1.30793015307e-11, 1.26257615474e-11, 1.22249103202e-11, 1.19056769651e-11, 1.1612497422e-11, 1.13732270129e-11, 1.11204795372e-11, 1.08725832157e-11, 1.07078304556e-11, 1.06312545572e-11],
        "min": [1.62379043545e-09, 4.1342775603e-07, 1.68861816974e-07, 8.07764024557e-08, 1.37727226956e-06, 4.8139224873e-07, 1.33277836767e-07, 5.70756412799e-07, 5.33796026048e-07, 5.87530735174e-07, 1.13043633121e-07, 4.33000195699e-07, 4.87130407123e-08, 6.47339163606e-07, 6.52870255635e-07, 8.82113738498e-07, 1.09004952265e-06, 8.50952062592e-07, 5.95405367676e-07, 3.13803184326e-07, 1.60989770848e-07, 7.4771293157e-08, 6.50947384884e-08, 6.13586124132e-08, 2.78522485075e-08, 7.20097093065e-09, 2.29593144496e-09, 1.42469298581e-08, 1.53298636008e-08, 2.51702587661e-08, 1.19970422929e-07, 1.4317809871e-07, 2.27459608482e-07, 1.6965117311e-07, 6.50896296861e-08, 1.16429870189e-08, 9.53678647164e-09, 4.01878441636e-09, 1.47020591257e-08, 7.73486306116e-08, 2.13246110548e-07, 1.4801588577e-07, 2.6083766258e-08, 4.22328483296e-08, 1.03998573309e-07, 4.63111327065e-08, 5.55047989792e-08, 1.03780841698e-07, 6.74793412259e-08, 5.36509610072e-08, 9.05716888155e-08, 9.14892055448e-08, 6.74266900091e-08, 2.07189003731e-08, 1.18932614868e-08, 2.14734168225e-08, 1.67811098351e-08, 4.44901502306e-08, 1.20465797337e-08, 1.37292701652e-08, 5.99106257937e-08, 1.19637007856e-07, 8.09426623505e-08, 3.35353362857e-08, 8.26318924396e-09, 4.08012645892e-09, 1.27063803923e-09, 1.6797397917e-09, 7.39917682679e-10, 2.0254414812e-10, 1.74695868882e-09, 3.13645553973e-09, 2.40744757463e-09, 1.86371185151e-09, 2.10681516677e-09, 5.64075097742e-09, 3.33799410335e-09, 1.05822106633e-09, 2.5938771131e-09, 5.5296806023e-10, 2.0050437699e-10, 3.73696407152e-10, 5.14746967273e-10, 6.50675846536e-10, 3.86969539745e-10, 7.6789097303e-10, 1.01735120328e-09, 2.84346279855e-09, 8.78849326647e-10, 1.15541698431e-09, 9.35407862279e-10, 6.5467431476e-10, 5.65165469979e-10, 5.67340840973e-10, 4.951217214e-10, 1.88242962884e-10, 1.96842583899e-10, 3.7316663648e-10, 5.3569843006e-10, 2.08127445833e-10, 8.81940145914e-11, 4.87816384509e-11, 3.29583582648e-11, 7.49386872001e-11, 9.28650767396e-11, 4.13266088017e-11, 5.94006926979e-11, 1.63594073184e-12, 1.59218382294e-13, 1.22800451448e-13, 1.03627189837e-13, 1.28397075957e-13, 8.90572744673e-14, 9.6445217806e-14, 1.27097090448e-13, 6.93996184305e-14, 9.03859506771e-14, 8.93659874834e-14, 1.01120690597e-13, 1.03009004863e-13, 1.11281487768e-13, 1.12186281586e-13, 1.0997480731e-13, 1.16962578403e-13, 8.31351995708e-14, 3.19390882828e-14, 4.69024208103e-15, 2.85625862561e-16],
        "stdev": [0.000247902411502, 0.000784963020124, 0.00131020706613, 0.0015187257668, 0.00206565763801, 0.00255079544149, 0.00216819276102, 0.00136486114934, 0.00171583378688, 0.00142444577068, 0.00072269391967, 0.000421233853558, 0.000324831547914, 0.000284386595013, 0.000397043157136, 0.000556780083571, 0.00057350017596, 0.000590351992287, 0.000697849493008, 0.000440307019744, 0.000508959812578, 0.000475965527585, 0.000358633376891, 0.000241752059083, 0.000415964081185, 0.000516475818586, 0.000501996197272, 0.00052562734345, 0.000254412327195, 0.000570138159674, 0.000606773828622, 0.000537667539902, 0.000687159714289, 0.000896154146176, 0.000377140910132, 0.0006515266723, 0.000393152877223, 0.000676280527841, 0.000279645959381, 0.000239282293478, 0.000370655470761, 0.000199331145268, 0.000491521379445, 0.000350362766767, 0.000164497454534, 0.000149096144014, 0.000126621423988, 0.000176141722477, 0.000150026549818, 0.000104690872831, 0.000154344263137, 0.000198400652152, 0.000178774862434, 0.00020164437592, 8.95772827789e-05, 5.75534795644e-05, 4.48415630672e-05, 3.4534776205e-05, 3.73090588255e-05, 5.31500809302e-05, 3.84387603845e-05, 0.000112242312753, 0.000134510555654, 7.38088783692e-05, 6.7092871177e-05, 5.46862029296e-05, 5.58723259019e-05, 5.84637746215e-05, 7.40922114346e-05, 3.05547073367e-05, 7.60806724429e-05, 0.000109700667963, 2.95077916235e-05, 1.30293892653e-05, 7.80693244451e-06, 7.55456449042e-06, 3.25000519297e-06, 3.14308158522e-06, 3.06960896523e-06, 2.94776464216e-06, 3.30359102918e-06, 2.8197885058e-06, 3.62959576705e-06, 3.33151206178e-06, 4.72624742542e-06, 4.64147933599e-06, 3.51607855009e-06, 3.65002983926e-06, 3.48977414433e-06, 3.38304857905e-06, 3.8060281895e-06, 2.72774309451e-06, 2.1232256131e-06, 1.92216270989e-06, 1.96452447199e-06, 1.72564921286e-06, 1.93383903024e-06, 1.75802904323e-06, 1.71266242432e-06, 1.47397850014e-06, 1.45496005644e-06, 1.2808984593e-06, 1.08491428819e-06, 8.11687868918e-07, 7.42972417811e-07, 5.35152707926e-07, 1.38331913035e-07, 9.06607855455e-09, 5.96118765461e-10, 5.43855516177e-10, 5.03688424303e-10, 4.70618433113e-10, 4.4098222296e-10, 4.15713991009e-10, 3.94775101498e-10, 3.75391995266e-10, 3.57531587669e-10, 3.42010253451e-10, 3.29338528671e-10, 3.16937254219e-10, 3.06040165432e-10, 2.97262769955e-10, 2.89364338046e-10, 2.83179396598e-10, 2.77562833828e-10, 2.73133932138e-10, 2.698069268e-10, 2.67924987751e-10]
    },
    "mfcc": {
        "mean": [-597.952209473, 104.064147949, -10.6346969604, 16.551235199, -0.744830846786, -0.218496739864, 15.1061954498, 1.68398702145, -11.2082700729, 6.69681835175, -2.64435315132, 1.00362563133, 6.33185005188],
        "cov": [[923.055297852, -285.1328125, 51.5264892578, 2.79902124405, 16.6551532745, -3.61711525917, 93.0640029907, 22.7611427307, 3.37793183327, 41.3719711304, 27.2805576324, -23.2488632202, 17.7411785126], [-285.1328125, 400.911865234, 68.1390533447, 77.8976364136, 63.1193008423, 64.2598724365, 12.7207794189, 57.0881347656, 42.879447937, 11.7595100403, 26.8352642059, 19.3529319763, -13.3774318695], [51.5264892578, 68.1390533447, 388.628204346, 83.3712615967, 90.4948883057, 151.53553772, -44.9909973145, 85.7912826538, 82.4546661377, -17.757396698, 20.208612442, -0.513419628143, -20.5732975006], [2.79902124405, 77.8976364136, 83.3712615967, 201.737854004, 130.72795105, 66.0610122681, -14.5506219864, 30.7328491211, 48.0041694641, -2.35493278503, 15.2694854736, 15.4534292221, 9.24715709686], [16.6551532745, 63.1193008423, 90.4948883057, 130.72795105, 206.455490112, 56.3991355896, -53.537651062, 29.2700977325, 64.7182922363, 0.355079323053, 21.4502449036, 2.92047786713, -5.43657588959], [-3.61711525917, 64.2598724365, 151.53553772, 66.0610122681, 56.3991355896, 200.459533691, 32.3648986816, 60.6552581787, 41.3869056702, -0.638988077641, 29.1785964966, 13.023150444, -2.86827492714], [93.0640029907, 12.7207794189, -44.9909973145, -14.5506219864, -53.537651062, 32.3648986816, 229.365844727, 9.18195724487, -48.3929367065, 33.0744476318, 13.7233552933, 17.0946655273, 30.1755695343], [22.7611427307, 57.0881347656, 85.7912826538, 30.7328491211, 29.2700977325, 60.6552581787, 9.18195724487, 119.729873657, 56.4626960754, 10.4824008942, 23.1294078827, 14.8051433563, 6.3843588829], [3.37793183327, 42.879447937, 82.4546661377, 48.0041694641, 64.7182922363, 41.3869056702, -48.3929367065, 56.4626960754, 102.311393738, 12.1368570328, 14.9646530151, 6.74304151535, -2.10141992569], [41.3719711304, 11.7595100403, -17.757396698, -2.35493278503, 0.355079323053, -0.638988077641, 33.0744476318, 10.4824008942, 12.1368570328, 71.2260131836, 30.7817554474, 11.008351326, 7.9678606987], [27.2805576324, 26.8352642059, 20.208612442, 15.2694854736, 21.4502449036, 29.1785964966, 13.7233552933, 23.1294078827, 14.9646530151, 30.7817554474, 70.6084289551, 26.9594535828, 6.09523630142], [-23.2488632202, 19.3529319763, -0.513419628143, 15.4534292221, 2.92047786713, 13.023150444, 17.0946655273, 14.8051433563, 6.74304151535, 11.008351326, 26.9594535828, 68.387840271, 25.5211486816], [17.7411785126, -13.3774318695, -20.5732975006, 9.24715709686, -5.43657588959, -2.86827492714, 30.1755695343, 6.3843588829, -2.10141992569, 7.9678606987, 6.09523630142, 25.5211486816, 67.7760314941]],
        "icov": [[0.00180944916792, 0.0015702531673, -0.000520449946634, -0.000288683047984, -0.000438296730863, 0.000586823152844, -0.00107979646418, -0.000565912749153, -0.000186972712982, -0.000601598119829, -0.000874536228366, 0.000986462109722, 1.35522923301e-05], [0.0015702531673, 0.00431531248614, -0.000391004636185, -0.00104429083876, -0.00055653747404, 0.000287601433229, -0.00124576070812, -0.00136463600211, -0.000425579230068, -0.000639581179712, -0.00098382437136, 0.000211661550566, 0.00118599180132], [-0.000520449946634, -0.000391004636185, 0.00462487200275, -0.000245514704147, -0.000115605442261, -0.00280665396713, 0.000965967541561, -0.00117474596482, -0.0012726689456, 0.00129582500085, 3.73225484509e-05, 0.000185863580555, 0.000783820752986], [-0.000288683047984, -0.00104429083876, -0.000245514704147, 0.00943154003471, -0.00532017601654, -0.00113993545529, -0.00035587255843, 0.00047106470447, -0.000556255632546, 0.000753886415623, 0.000994412228465, -0.00139459909406, -0.00152297946624], [-0.000438296730863, -0.00055653747404, -0.000115605442261, -0.00532017601654, 0.00997592508793, -0.000560550601222, 0.00152890663594, 0.00109797157347, -0.00296329776756, 0.000315237353789, -0.00185926235281, 0.00113326497376, 0.000299546605675], [0.000586823152844, 0.000287601433229, -0.00280665396713, -0.00113993545529, -0.000560550601222, 0.00894795451313, -0.00255906931125, -0.00148211990017, -0.000811706471723, 0.00143103848677, -0.00240321643651, 0.000137209455715, 0.000790475984104], [-0.00107979646418, -0.00124576070812, 0.000965967541561, -0.00035587255843, 0.00152890663594, -0.00255906931125, 0.00746829109266, -0.00130767794326, 0.00447719125077, -0.00314976787195, 0.00112429785077, -0.000663431943394, -0.00215119658969], [-0.000565912749153, -0.00136463600211, -0.00117474596482, 0.00047106470447, 0.00109797157347, -0.00148211990017, -0.00130767794326, 0.0141260335222, -0.00703606335446, 0.00094526365865, -0.00163812469691, -0.000802758091595, -0.00114484154619], [-0.000186972712982, -0.000425579230068, -0.0012726689456, -0.000556255632546, -0.00296329776756, -0.000811706471723, 0.00447719125077, -0.00703606335446, 0.0198381040245, -0.00515416683629, 0.0017652529059, -0.000737046182621, -0.000608300324529], [-0.000601598119829, -0.000639581179712, 0.00129582500085, 0.000753886415623, 0.000315237353789, 0.00143103848677, -0.00314976787195, 0.00094526365865, -0.00515416683629, 0.0207190737128, -0.00867616944015, 0.00086231820751, -0.000419131247327], [-0.000874536228366, -0.00098382437136, 3.73225484509e-05, 0.000994412228465, -0.00185926235281, -0.00240321643651, 0.00112429785077, -0.00163812469691, 0.0017652529059, -0.00867616944015, 0.0228368192911, -0.00790142454207, 0.00130953709595], [0.000986462109722, 0.000211661550566, 0.000185863580555, -0.00139459909406, 0.00113326497376, 0.000137209455715, -0.000663431943394, -0.000802758091595, -0.000737046182621, 0.00086231820751, -0.00790142454207, 0.0210868045688, -0.00685594184324], [1.35522923301e-05, 0.00118599180132, 0.000783820752986, -0.00152297946624, 0.000299546605675, 0.000790475984104, -0.00215119658969, -0.00114484154619, -0.000608300324529, -0.000419131247327, 0.00130953709595, -0.00685594184324, 0.0190480817109]]
    },
    "spectral_contrast_coeffs": {
        "max": [-0.496977984905, -0.52362382412, -0.510792672634, -0.570109128952, -0.625888168812, -0.678483605385],
        "mean": [-0.728685379028, -0.733469009399, -0.713733196259, -0.759899616241, -0.758105933666, -0.790979623795],
        "min": [-0.953893959522, -0.880386471748, -0.919517993927, -0.917125582695, -0.871533274651, -0.856788158417],
        "stdev": [0.0726174116135, 0.0572481267154, 0.0651386529207, 0.0494305752218, 0.0413859710097, 0.024715334177]
    },
    "spectral_contrast_valleys": {
        "max": [-5.06447601318, -5.10075187683, -5.75506639481, -6.08454990387, -5.28092384338, -8.16200351715],
        "mean": [-6.64948368073, -6.57839679718, -7.00566291809, -7.26032686234, -6.99742650986, -9.56577301025],
        "min": [-8.91962337494, -9.2375831604, -10.4969968796, -9.53446102142, -10.3706703186, -13.5385789871],
        "stdev": [0.724928736687, 0.390757441521, 0.403604418039, 0.316271007061, 0.355056524277, 0.536497235298]
    }
},
"rhythm": {
    "beats_count": 68,
    "beats_loudness": {
        "max": 0.0679057538509,
        "mean": 0.0391393080354,
        "min": 0.0164356399328,
        "stdev": 0.0116658229381
    },
    "bpm": 127.907752991,
    "bpm_histogram_first_peak_bpm": 129,
    "bpm_histogram_first_peak_weight": 0.409836053848,
    "bpm_histogram_second_peak_bpm": 120,
    "bpm_histogram_second_peak_spread": 0.5,
    "bpm_histogram_second_peak_weight": 0.0447761192918,
    "danceability": 1.70113706589,
    "onset_rate": 3.66064429283,
    "beats_loudness_band_ratio": {
        "max": [0.876965582371, 0.348590046167, 0.441007047892, 0.498178422451, 0.596270978451, 0.254823297262],
        "mean": [0.498112797737, 0.0725180134177, 0.0986537337303, 0.213083520532, 0.0766769573092, 0.0693833455443],
        "min": [0.0134985623881, 0.00767614180222, 0.0102260839194, 0.0160489808768, 0.00865290220827, 0.00385255226865],
        "stdev": [0.231752946973, 0.066075116396, 0.0808075740933, 0.146008118987, 0.0873972550035, 0.0576762072742]
    },
    "beats_position": [0.487619042397, 0.975238084793, 1.47446703911, 1.97369611263, 2.48453521729, 2.9837641716, 3.47138309479, 3.94739222527, 4.42340135574, 4.8994102478, 5.36380958557, 5.83981847763, 6.31582736969, 6.78022670746, 7.24462556839, 7.70902490616, 8.17342376709, 8.63782310486, 9.10222244263, 9.57823085785, 10.0542402267, 10.5186395645, 10.9946479797, 11.4706573486, 11.9350566864, 12.3994560242, 12.8638544083, 13.328253746, 13.7926530838, 14.268661499, 14.7446708679, 15.2090702057, 15.6850786209, 16.1610889435, 16.6254863739, 17.0898857117, 17.5542850494, 18.0186843872, 18.483083725, 18.9590930939, 19.4351024628, 19.8994998932, 20.3755092621, 20.8399085999, 21.3159179688, 21.7803173065, 22.2447166443, 22.7091159821, 23.1735134125, 23.6379127502, 24.1139221191, 24.589931488, 25.0543308258, 25.5187301636, 25.9831295013, 26.4591369629, 26.9351463318, 27.3995456696, 27.8639450073, 28.3399543762, 28.804353714, 29.2803630829, 29.7447605133, 30.2091598511, 30.68516922, 31.1611785889, 31.6255779266, 32.0899772644],
