{
"metadata": {
    "version": {
        "essentia": "2.1-beta5",
        "essentia_git_sha": "Undefined",
        "extractor": "music 2.0"
    },
    "audio_properties": {
        "analysis": {
            "equal_loudness": 0,
            "length": 29.0017242432,
            "sample_rate": 44100,
            "start_time": 0,
            "downmix": "mix"
        },
        "bit_rate": 192000,
        "length": 191.193130493,
        "lossless": 0,
        "number_channels": 2,
        "replay_gain": -5.55317497253,
        "sample_rate": 48000,
        "codec": "mp3",
        "md5_encoded": "215518fa25d3a63d7319199d04c08378"
    },
    "tags": {
        "file_name": "Ireland_Without Your Love_Gary O_Shaughnessy.mp3",
        "encoding": ["Lavf58.29.100"]
    }
},
"lowlevel": {
    "average_loudness": 0.94077694416,
    "barkbands_crest": {
        "max": 24.142747879,
        "mean": 9.39768123627,
        "min": 3.50469732285,
        "stdev": 3.48635959625
    },
    "barkbands_flatness_db": {
        "max": 0.338555634022,
        "mean": 0.19302533567,
        "min": 0.0732731670141,
        "stdev": 0.0470740608871
    },
    "barkbands_kurtosis": {
        "max": 64.4114761353,
        "mean": 5.03393888474,
        "min": -1.86315083504,
        "stdev": 6.76676273346
    },
    "barkbands_skewness": {
        "max": 6.72685098648,
        "mean": 1.47916936874,
        "min": -6.60547113419,
        "stdev": 1.03849494457
    },
    "barkbands_spread": {
        "max": 89.0124359131,
        "mean": 13.622879982,
        "min": 1.86613714695,
        "stdev": 10.6083955765
    },
    "dissonance": {
        "max": 0.499867677689,
        "mean": 0.437376648188,
        "min": 0.295398205519,
        "stdev": 0.0365316830575
    },
    "dynamic_complexity": 2.49512076378,
    "erbbands_crest": {
        "max": 27.0021572113,
        "mean": 10.1718130112,
        "min": 2.82528877258,
        "stdev": 4.36148262024
    },
    "erbbands_flatness_db": {
        "max": 0.32852807641,
        "mean": 0.202328011394,
        "min": 0.0945311635733,
        "stdev": 0.0424592345953
    },
    "erbbands_kurtosis": {
        "max": 36.7897605896,
        "mean": 1.90597164631,
        "min": -1.66987133026,
        "stdev": 3.03951144218
    },
    "erbbands_skewness": {
        "max": 4.21840190887,
        "mean": 0.893698513508,
        "min": -4.32582616806,
        "stdev": 0.764704287052
    },
    "erbbands_spread": {
        "max": 100.228538513,
        "mean": 26.940202713,
        "min": 3.31363844872,
        "stdev": 14.2709741592
    },
    "hfc": {
        "max": 402.849243164,
        "mean": 21.4750785828,
        "min": 1.22338794987e-16,
        "stdev": 29.6627254486
    },
    "loudness_ebu128": {
        "integrated": -17.6716690063,
        "loudness_range": 4.15135192871,
        "momentary": {
            "max": -14.4270915985,
            "mean": -18.3905181885,
            "min": -29.7339229584,
            "stdev": 2.73772215843
        },
        "short_term": {
            "max": -16.0777893066,
            "mean": -17.9505367279,
            "min": -22.0908126831,
            "stdev": 1.45400512218
        }
    },
    "melbands_crest": {
        "max": 28.4311332703,
        "mean": 11.4378814697,
        "min": 2.94470739365,
        "stdev": 3.99501514435
    },
    "melbands_flatness_db": {
        "max": 0.43134239316,
        "mean": 0.235353544354,
        "min": 0.00971109606326,
        "stdev": 0.0661215335131
    },
    "melbands_kurtosis": {
        "max": 106.803733826,
        "mean": 9.02217102051,
        "min": -1.80344426632,
        "stdev": 10.781165123
    },
    "melbands_skewness": {
        "max": 8.80312252045,
        "mean": 1.92679822445,
        "min": -2.74264240265,
        "stdev": 1.14388895035
    },
    "melbands_spread": {
        "max": 197.679641724,
        "mean": 16.0583496094,
        "min": 1.71046602726,
        "stdev": 14.4349851608
    },
    "pitch_salience": {
        "max": 0.867525458336,
        "mean": 0.602413892746,
        "min": 0.263864248991,
        "stdev": 0.092660933733
    },
    "silence_rate_20dB": {
        "max": 1,
        "mean": 1,
        "min": 1,
        "stdev": 0
    },
    "silence_rate_30dB": {
        "max": 1,
        "mean": 0.995199978352,
        "min": 0,
        "stdev": 0.0691155269742
    },
    "silence_rate_60dB": {
        "max": 1,
        "mean": 0.0392000004649,
        "min": 0,
        "stdev": 0.19407209754
    },
    "spectral_centroid": {
        "max": 11362.5917969,
        "mean": 838.780700684,
        "min": 221.864196777,
        "stdev": 618.796813965
    },
    "spectral_complexity": {
        "max": 54,
        "mean": 15.2807998657,
        "min": 0,
        "stdev": 6.51191568375
    },
    "spectral_decrease": {
        "max": 1.694826777e-29,
        "mean": -7.36782812538e-09,
        "min": -4.87850080333e-08,
        "stdev": 4.9168016325e-09
    },
    "spectral_energy": {
        "max": 0.195272684097,
        "mean": 0.0297557618469,
        "min": 1.10325375758e-20,
        "stdev": 0.0199823286384
    },
    "spectral_energyband_high": {
        "max": 0.0636736899614,
        "mean": 0.000831606972497,
        "min": 7.8587497708e-21,
        "stdev": 0.00325705413707
    },
    "spectral_energyband_low": {
        "max": 0.120947912335,
        "mean": 0.00540478900075,
        "min": 9.86685132145e-23,
        "stdev": 0.00763220014051
    },
    "spectral_energyband_middle_high": {
        "max": 0.0654560178518,
        "mean": 0.00505281565711,
        "min": 1.49488621522e-21,
        "stdev": 0.00634237518534
    },
    "spectral_energyband_middle_low": {
        "max": 0.172708705068,
        "mean": 0.0194045025855,
        "min": 4.58183590885e-22,
        "stdev": 0.0139886168763
    },
    "spectral_entropy": {
        "max": 9.80405235291,
        "mean": 7.12966012955,
        "min": 5.90959882736,
        "stdev": 0.466346144676
    },
    "spectral_flux": {
        "max": 0.416285872459,
        "mean": 0.0690098181367,
        "min": 1.05035889708e-10,
        "stdev": 0.0504839532077
    },
    "spectral_kurtosis": {
        "max": 48.9450073242,
        "mean": 7.91060304642,
        "min": -1.15423262119,
        "stdev": 7.12982130051
    },
    "spectral_rms": {
        "max": 0.0138025339693,
        "mean": 0.00508892023936,
        "min": 3.28076996993e-12,
        "stdev": 0.00176998367533
    },
    "spectral_rolloff": {
        "max": 18949.21875,
        "mean": 1060.36376953,
        "min": 193.798828125,
        "stdev": 1445.4708252
    },
    "spectral_skewness": {
        "max": 5.12159252167,
        "mean": 2.11276960373,
        "min": -0.676351964474,
        "stdev": 0.767834126949
    },
    "spectral_spread": {
        "max": 39891276,
        "mean": 4028140,
        "min": 1138489,
        "stdev": 1925325.25
    },
    "spectral_strongpeak": {
        "max": 15.728430748,
        "mean": 1.33158755302,
        "min": 0,
        "stdev": 1.39144313335
    },
    "zerocrossingrate": {
        "max": 0.66552734375,
        "mean": 0.0455238297582,
        "min": 0.009765625,
        "stdev": 0.0404674969614
    },
    "barkbands": {
        "max": [0.00322560803033, 0.0892120748758, 0.0336170382798, 0.0190190877765, 0.0429517887533, 0.0381932929158, 0.152569949627, 0.0841471403837, 0.0777598544955, 0.0336104929447, 0.0396321304142, 0.0228735618293, 0.0270933117718, 0.029911339283, 0.0152268074453, 0.00737174460664, 0.00922674126923, 0.00474805524573, 0.0049857115373, 0.00509862601757, 0.00976660568267, 0.0314486734569, 0.0221199709922, 0.00561649817973, 0.0192115493119, 0.000147301951074, 3.35147228725e-06],
        "mean": [0.000102961799712, 0.00287099159323, 0.00173938926309, 0.0014410323929, 0.00546716339886, 0.00444917660207, 0.00209157983772, 0.00256280764006, 0.00283419038169, 0.0012260582298, 0.000923902727664, 0.000709752726834, 0.000855316757225, 0.000419255404267, 0.000359968864359, 0.000218831919483, 0.000281156768324, 0.000151762942551, 0.000153463493916, 0.000110329259769, 0.000152557317051, 0.000170028710272, 0.000169570965227, 0.000102889585833, 0.000190839637071, 7.77529066909e-07, 3.73128772324e-09],
        "min": [8.50167956222e-23, 5.03574502221e-23, 1.03928479958e-24, 6.193788729e-24, 2.75388060351e-23, 4.49225740829e-23, 6.90749201588e-23, 9.3586172703e-23, 1.8931336439e-22, 1.10311582683e-22, 1.18240026055e-22, 3.79598416088e-23, 1.29571905674e-22, 5.58629136351e-23, 1.39470999318e-22, 9.55616255601e-23, 2.892126647e-22, 1.94506012899e-22, 2.61158120337e-22, 3.2737295902e-22, 4.67394356058e-22, 4.16006189643e-22, 6.27801963614e-22, 7.84730050868e-22, 1.19329608311e-21, 1.83614002122e-21, 2.54295454553e-21],
        "stdev": [0.000237712898524, 0.00570205738768, 0.00229062302969, 0.00233343942091, 0.00562644610181, 0.00494147371501, 0.00529074668884, 0.00592002319172, 0.00504579721019, 0.00258677219972, 0.00221517635509, 0.00136022013612, 0.00240038754418, 0.00161290355027, 0.000943334831391, 0.000574497797061, 0.000732796848752, 0.00037228493602, 0.000391771347495, 0.000355320662493, 0.000544682668988, 0.00108825112693, 0.00102999457158, 0.000363061466487, 0.00115447398275, 6.5380995693e-06, 9.47466460843e-08]
    },
    "erbbands": {
        "max": [1.8354537487, 23.298915863, 44.0649108887, 37.3104896545, 144.489547729, 247.164489746, 364.124694824, 329.170257568, 1982.11791992, 1794.41967773, 1634.40649414, 1640.18994141, 1462.20288086, 927.536437988, 1484.4395752, 968.608825684, 975.954528809, 1797.51501465, 939.995178223, 246.844085693, 423.617889404, 559.93951416, 385.191253662, 268.514434814, 223.238555908, 227.700195312, 366.744232178, 394.970550537, 866.941162109, 1295.8145752, 557.672546387, 272.63861084, 101.713500977, 65.3850250244, 245.571609497, 18.7134838104, 0.429664999247, 0.0231717023998, 0.00247659394518, 0.000531724479515],
        "mean": [0.067281357944, 0.6974375844, 1.97814631462, 3.6610956192, 8.6621055603, 23.3554859161, 27.8763065338, 39.7289047241, 25.0501976013, 39.5838470459, 67.086555481, 69.6878967285, 42.5296287537, 44.3311424255, 27.3805904388, 32.0478820801, 34.3854293823, 34.695514679, 21.0091018677, 10.9133415222, 13.5958395004, 16.9141559601, 9.45437431335, 8.87149238586, 6.72935724258, 4.15719985962, 5.19435977936, 6.59091329575, 5.7657699585, 6.07782125473, 4.66046047211, 2.46506643295, 1.63285136223, 1.18307447433, 2.01849913597, 0.145031571388, 0.00345054198988, 0.000204180760193, 3.90333188989e-05, 3.93488444388e-05],
        "min": [2.41500590103e-21, 8.00543619683e-21, 5.75289656526e-21, 1.08134284175e-20, 1.36454024136e-20, 6.86513508757e-20, 3.53116915301e-19, 3.38987222872e-19, 1.06011136433e-18, 8.32324021602e-19, 3.32451415529e-18, 3.71913514217e-18, 3.75690544971e-18, 2.8815618324e-18, 4.59912006989e-18, 2.80890270098e-18, 5.57265540259e-18, 2.60582758585e-18, 5.36702243821e-18, 6.1075600175e-18, 8.08571282158e-18, 1.60660875009e-17, 1.03664879984e-17, 1.39080510377e-17, 1.20005138153e-17, 1.34666467833e-17, 2.23564651871e-17, 1.6741278639e-17, 1.62225735292e-17, 1.98124414347e-17, 1.5676144634e-17, 1.3028925137e-17, 1.57463424895e-17, 1.61229296982e-17, 7.34688750616e-18, 6.43752691334e-18, 3.29370994927e-18, 1.2636540433e-18, 3.86555924208e-19, 3.80121286223e-20],
        "stdev": [0.145746201277, 1.37638866901, 2.78034639359, 4.86353683472, 10.4925041199, 26.706205368, 33.9486351013, 48.0567207336, 63.4230041504, 87.7432479858, 144.206787109, 120.061325073, 99.0978469849, 69.9901046753, 70.62940979, 59.6027412415, 80.5778884888, 107.19342041, 57.0266532898, 21.8217983246, 34.342666626, 46.092918396, 23.3940620422, 23.5650558472, 17.882982254, 12.5000076294, 19.6464691162, 23.8647918701, 31.8820323944, 45.3439865112, 26.3817272186, 11.3327560425, 6.25886631012, 4.31349945068, 14.2285280228, 1.05765295029, 0.024425925687, 0.00134010589682, 0.000147350467159, 4.00286808144e-05]
    },
    "gfcc": {
        "mean": [-25.7569847107, 143.228744507, -124.030464172, 28.2259559631, -75.7093658447, 17.4783306122, -42.9977264404, 5.47732782364, -16.3855133057, -11.4643259048, -1.97390270233, -11.3721952438, 3.70507192612],
        "cov": [[6535.43505859, -1639.78759766, -240.160079956, 97.664100647, -782.091186523, 616.888061523, -443.104125977, 240.354110718, -355.813964844, 400.811676025, -206.745773315, 105.647544861, -92.7681350708], [-1639.78759766, 1655.07897949, 1.58578836918, -292.552978516, 443.912567139, -386.235748291, 246.471572876, -129.213272095, 187.787704468, -268.736999512, 198.198013306, -136.654998779, 69.6689605713], [-240.160079956, 1.58578836918, 551.547363281, 1.32456493378, -28.7525520325, 84.7210083008, -60.9440345764, 45.0448493958, -96.4607620239, 28.2455806732, -45.4972190857, 29.8710098267, 16.4273719788], [97.664100647, -292.552978516, 1.32456493378, 328.646362305, -46.6722755432, 25.1873626709, -15.9118032455, -41.41664505, 17.8027877808, -14.2777347565, -49.0470581055, 10.9146032333, -10.2696886063], [-782.091186523, 443.912567139, -28.7525520325, -46.6722755432, 328.259887695, -119.798576355, 61.9107208252, -23.4266414642, 49.2116661072, -42.3354606628, 40.0693435669, -36.0388793945, 16.1637649536], [616.888061523, -386.235748291, 84.7210083008, 25.1873626709, -119.798576355, 254.441986084, -40.3759460449, 35.7041931152, -74.5497436523, 80.1327209473, -58.2113876343, 38.915512085, -7.05483627319], [-443.104125977, 246.471572876, -60.9440345764, -15.9118032455, 61.9107208252, -40.3759460449, 205.487121582, -44.0822181702, 57.5383300781, -53.645740509, 28.858417511, -30.5397129059, -1.16218721867], [240.354110718, -129.213272095, 45.0448493958, -41.41664505, -23.4266414642, 35.7041931152, -44.0822181702, 175.338729858, -31.7578277588, 29.8643379211, 2.67210102081, -7.51525735855, -13.7037563324], [-355.813964844, 187.787704468, -96.4607620239, 17.8027877808, 49.2116661072, -74.5497436523, 57.5383300781, -31.7578277588, 148.124191284, -59.396812439, 36.213848114, -20.1299972534, -15.1880645752], [400.811676025, -268.736999512, 28.2455806732, -14.2777347565, -42.3354606628, 80.1327209473, -53.645740509, 29.8643379211, -59.396812439, 163.125640869, -38.0092277527, 26.3199958801, 4.60806846619], [-206.745773315, 198.198013306, -45.4972190857, -49.0470581055, 40.0693435669, -58.2113876343, 28.858417511, 2.67210102081, 36.213848114, -38.0092277527, 105.474632263, -21.3957672119, -3.48873972893], [105.647544861, -136.654998779, 29.8710098267, 10.9146032333, -36.0388793945, 38.915512085, -30.5397129059, -7.51525735855, -20.1299972534, 26.3199958801, -21.3957672119, 94.3129043579, 5.78967761993], [-92.7681350708, 69.6689605713, 16.4273719788, -10.2696886063, 16.1637649536, -7.05483627319, -1.16218721867, -13.7037563324, -15.1880645752, 4.60806846619, -3.48873972893, 5.78967761993, 75.3671951294]],
        "icov": [[0.000404402671847, -0.000510405865498, 0.000632601382677, -0.000397338677431, 0.000926911714487, -0.000767794961575, 0.000665464031044, -0.000450946361525, 0.000697445648257, -0.000715624424629, 0.000397657859139, -9.7214251582e-05, 0.000645346415695], [-0.000510405865498, 0.00436082808301, -0.00216552079655, 0.0032347375527, -0.00361527176574, 0.00297068012878, -0.00222227699123, 0.00237741041929, -0.00237730471417, 0.00382494996302, -0.00254962220788, 0.00211313483305, -0.00328844669275], [0.000632601382677, -0.00216552079655, 0.00364603591152, -0.00163994997274, 0.00213431240991, -0.00235135434195, 0.00179874303285, -0.00173407921102, 0.00274913129397, -0.00170667644124, 0.00181282288395, -0.00120716844685, 0.00163188297302], [-0.000397338677431, 0.0032347375527, -0.00163994997274, 0.00598577689379, -0.00234470888972, 0.00197470095009, -0.00122582376935, 0.00258941203356, -0.00260209920816, 0.0034762211144, -0.000121508979646, 0.00162921007723, -0.00203423411585], [0.000926911714487, -0.00361527176574, 0.00213431240991, -0.00234470888972, 0.00768771581352, -0.00153695140034, 0.00172314047813, -0.00211881613359, 0.00213780463673, -0.00376830343157, 0.00205994793214, -0.000890726107173, 0.00237183249556], [-0.000767794961575, 0.00297068012878, -0.00235135434195, 0.00197470095009, -0.00153695140034, 0.00881907716393, -0.00273679452948, 0.00116187136155, -0.000712045002729, 0.00119248346891, -0.000357089011231, 0.000207606251934, -0.00183423259296], [0.000665464031044, -0.00222227699123, 0.00179874303285, -0.00122582376935, 0.00172314047813, -0.00273679452948, 0.00788881164044, -0.000147836792166, 0.000251145887887, -0.00109002704266, 0.00103438645601, 0.000411958259065, 0.0019167936407], [-0.000450946361525, 0.00237741041929, -0.00173407921102, 0.00258941203356, -0.00211881613359, 0.00116187136155, -0.000147836792166, 0.00821374729276, -0.000959803408477, 0.00164035963826, -0.00223096925765, 0.00238189194351, -0.000547509000171], [0.000697445648257, -0.00237730471417, 0.00274913129397, -0.00260209920816, 0.00213780463673, -0.000712045002729, 0.000251145887887, -0.000959803408477, 0.0121460659429, -0.00066574360244, 5.21375804965e-05, -0.00113444041926, 0.00398442475125], [-0.000715624424629, 0.00382494996302, -0.00170667644124, 0.0034762211144, -0.00376830343157, 0.00119248346891, -0.00109002704266, 0.00164035963826, -0.00066574360244, 0.0121175292879, -0.000706596591044, 0.000848962808959, -0.00334265618585], [0.000397657859139, -0.00254962220788, 0.00181282288395, -0.000121508979646, 0.00205994793214, -0.000357089011231, 0.00103438645601, -0.00223096925765, 5.21375804965e-05, -0.000706596591044, 0.0143149374053, -0.00029409484705, 0.002308659954], [-9.7214251582e-05, 0.00211313483305, -0.00120716844685, 0.00162921007723, -0.000890726107173, 0.000207606251934, 0.000411958259065, 0.00238189194351, -0.00113444041926, 0.000848962808959, -0.00029409484705, 0.0134580275044, -0.0022659744136], [0.000645346415695, -0.00328844669275, 0.00163188297302, -0.00203423411585, 0.00237183249556, -0.00183423259296, 0.0019167936407, -0.000547509000171, 0.00398442475125, -0.00334265618585, 0.002308659954, -0.0022659744136, 0.0170075446367]]
    },
    "melbands": {
        "max": [0.019864724949, 0.0257800593972, 0.00784268416464, 0.0105179753155, 0.0102555528283, 0.00741201639175, 0.031738486141, 0.0182362925261, 0.0123477494344, 0.00889118108898, 0.00738056842238, 0.00344758457504, 0.00497351121157, 0.00200176564977, 0.00409003021196, 0.00280394335277, 0.00367868831381, 0.00148310733493, 0.000502758193761, 0.000396777235437, 0.000597680569626, 0.000742719275877, 0.000584594439715, 0.000211638718611, 0.000249126373092, 0.000170938146766, 0.000275618192973, 0.000164072625921, 0.000209369405638, 0.00029684061883, 0.000242187001277, 0.000432626198744, 0.000751709798351, 0.000634508032817, 0.000304299755953, 0.000383966049412, 8.3584789536e-05, 8.3578088379e-05, 5.03701194248e-05, 5.38170825166e-05],
        "mean": [0.000710345862899, 0.00100799836218, 0.000744292396121, 0.00118309876416, 0.00100027385633, 0.00084049598081, 0.000418046605773, 0.000440374366008, 0.000560381216928, 0.000429672014434, 0.000197341229068, 0.000173016596818, 9.73270580289e-05, 7.9300312791e-05, 7.04846170265e-05, 9.21238170122e-05, 5.87536378589e-05, 3.03302585962e-05, 2.19313369598e-05, 1.43992510857e-05, 1.49051411427e-05, 2.0110161131e-05, 8.98502366908e-06, 6.74133843859e-06, 7.50402887206e-06, 5.03627416037e-06, 4.61981835542e-06, 2.3030054308e-06, 2.92540107694e-06, 4.01358101954e-06, 3.54417647941e-06, 3.04661216433e-06, 3.65739833796e-06, 3.17402191286e-06, 2.92007916869e-06, 2.03381796382e-06, 1.27409430206e-06, 1.17087006402e-06, 9.74206272986e-07, 8.81037180989e-07],
        "min": [2.2773562364e-23, 5.8701711644e-24, 2.0015947214e-24, 2.15011415567e-24, 1.08644598106e-23, 8.30785391346e-24, 1.62911010307e-23, 1.02229234125e-23, 3.31205081214e-23, 2.19141394285e-23, 1.87616808573e-23, 1.16924284951e-23, 1.60010289873e-23, 5.47190605893e-24, 1.34219855195e-23, 9.59860232607e-24, 4.40663657556e-24, 7.5953720988e-24, 1.14604970781e-23, 4.91391239737e-24, 1.04580079066e-23, 1.97166979572e-23, 8.7032018113e-24, 1.03591084149e-23, 1.13640280669e-23, 9.25955069787e-24, 6.49296304401e-24, 9.98401294309e-24, 1.561029987e-23, 8.68862050633e-24, 1.08195255045e-23, 8.32905455028e-24, 9.00754434853e-24, 1.29194685011e-23, 9.48754333239e-24, 7.19275563658e-24, 7.9062227385e-24, 1.05332928471e-23, 1.24072469158e-23, 1.38191312313e-23],
        "stdev": [0.00143694877625, 0.00149576645344, 0.000908883521333, 0.00127725244965, 0.00106550951023, 0.00097675609868, 0.00103661313187, 0.000996324582957, 0.00123132613953, 0.000751073355787, 0.000492463004775, 0.000281082815491, 0.000260101282038, 0.00014581742289, 0.000188422243809, 0.000259069172898, 0.000201811111765, 8.92172975e-05, 5.05489369971e-05, 3.30252514686e-05, 4.11351393268e-05, 5.72857716179e-05, 2.55901031778e-05, 1.55799607455e-05, 2.13969015022e-05, 1.29847203425e-05, 1.70319344761e-05, 8.30078170111e-06, 1.0798117728e-05, 1.57092927111e-05, 1.34615738716e-05, 1.63532986335e-05, 2.56462863035e-05, 2.32690417761e-05, 1.5722867829e-05, 1.57318445417e-05, 4.32947172158e-06, 4.80263861391e-06, 3.48645994563e-06, 3.19580431096e-06]
    },
    "melbands128": {
        "max": [0.00239614560269, 0.0163657907397, 0.0289839487523, 0.0432812646031, 0.0299609042704, 0.0146016962826, 0.00869222916663, 0.0104693779722, 0.0166158601642, 0.0156683251262, 0.0188393369317, 0.0158734600991, 0.0179890543222, 0.0155001012608, 0.0114216897637, 0.0155043806881, 0.0163691621274, 0.0521087497473, 0.0332642048597, 0.0329204685986, 0.0252854190767, 0.0305532924831, 0.0219993926585, 0.0270519685, 0.012685937807, 0.0102873761207, 0.00946168322116, 0.00999337155372, 0.00520441494882, 0.00535131897777, 0.00623799208552, 0.00979453697801, 0.00667036650702, 0.0114174941555, 0.00277708261274, 0.00210313219577, 0.00510789779946, 0.00563723687083, 0.00623086746782, 0.00359445554204, 0.00551995914429, 0.00602680072188, 0.00809977017343, 0.00480481563136, 0.00148408534005, 0.00271023157984, 0.00241743843071, 0.000780744070653, 0.000554732978344, 0.000486912147608, 0.000339567748597, 0.00153444381431, 0.000500305672176, 0.00117131182924, 0.00124637247063, 0.00164604536258, 0.00108565483242, 0.000741408031899, 0.000441857118858, 0.000510837126058, 0.000251324323472, 0.000331625778927, 0.000618832244072, 0.000235469109612, 0.000719976320397, 0.00012624989904, 0.00018117124273, 0.000509591249283, 0.000302241154714, 0.000138789837365, 0.000131712935399, 0.000291472359095, 0.000146675607539, 0.000205844538868, 0.000394259957829, 0.00052742526168, 0.000268267234787, 0.000339543476002, 0.000252290803473, 0.000331576680765, 0.000434275338193, 0.000378834287403, 0.000637920689769, 0.000632045150269, 0.000998137751594, 0.00107326265424, 0.000268442759989, 0.000355075520929, 0.000406985753216, 0.000386964034988, 0.000461469055153, 0.000519980094396, 0.000136092232424, 7.37184163881e-05, 8.57325867401e-05, 8.62633532961e-05, 0.000102377220173, 9.31272734306e-05, 6.6304433858e-05, 4.53556785942e-05, 6.28825218882e-05, 3.66595959349e-05, 9.06797140487e-05, 0.000233674596529, 0.000479352398543, 0.000414086593082, 6.46613189019e-05, 7.74125328462e-06, 3.54369191768e-08, 2.10653041677e-08, 2.01458316695e-08, 1.92994686898e-08, 1.85634352334e-08, 1.78413461782e-08, 1.72567844459e-08, 1.66631526355e-08, 1.61557540679e-08, 1.56735193713e-08, 1.5248847518e-08, 1.48728513949e-08, 1.45050673694e-08, 1.41473233128e-08, 1.38889291179e-08, 1.36078517343e-08, 1.34513884475e-08, 1.32705570977e-08, 1.31577149176e-08, 1.30897559458e-08],
        "mean": [8.85973713594e-05, 0.000449549668701, 0.000968133623246, 0.00121782941278, 0.00107341294643, 0.000819250184577, 0.000716699811164, 0.000729019171558, 0.000700518605299, 0.00136858306359, 0.00144215719774, 0.000923696788959, 0.000957409851253, 0.000912253453862, 0.00119232584257, 0.000590176321566, 0.00024780043168, 0.000393330614315, 0.00066756317392, 0.000361951912055, 0.000386390165659, 0.000443909841124, 0.000750117294956, 0.000459984730696, 0.00040245213313, 0.000528139062226, 0.000167224221514, 0.000237508866121, 9.68217791524e-05, 0.000168800965184, 0.000225656563998, 0.000147943312186, 5.60576008866e-05, 0.00010454729636, 5.09162309754e-05, 8.4462306404e-05, 0.000104280210508, 6.75196570228e-05, 5.373478416e-05, 5.75463236601e-05, 0.000132528410177, 9.23327679629e-05, 6.28376146778e-05, 4.11921864725e-05, 1.25349433802e-05, 3.33918360411e-05, 4.72841784358e-05, 2.33255632338e-05, 1.07748765004e-05, 8.24050675874e-06, 1.37895849548e-05, 2.43962495006e-05, 1.23685613289e-05, 1.27185749079e-05, 1.56749883899e-05, 3.00124138448e-05, 1.4265990103e-05, 5.67101324123e-06, 8.50888136483e-06, 1.19264686873e-05, 4.77736102766e-06, 4.29053307016e-06, 8.55975122249e-06, 7.12849214324e-06, 8.99148562894e-06, 3.45481680597e-06, 3.59579780707e-06, 6.56370002616e-06, 4.65625635115e-06, 2.36658320318e-06, 1.98616839953e-06, 2.21955042434e-06, 3.17795206684e-06, 2.55127019955e-06, 3.37309120368e-06, 3.78277081836e-06, 4.21557297159e-06, 5.22441268913e-06, 2.79329060504e-06, 2.83454528471e-06, 2.91861738333e-06, 3.23290032611e-06, 3.22111259266e-06, 3.87263389712e-06, 3.74604883291e-06, 3.55620909431e-06, 2.78332504422e-06, 2.85203122985e-06, 3.66009135178e-06, 2.08762185139e-06, 2.38563848143e-06, 2.06116715162e-06, 1.41093391903e-06, 1.26391421418e-06, 1.18082812151e-06, 1.09887525923e-06, 1.29648424263e-06, 1.04291484604e-06, 1.0184447774e-06, 8.78001458204e-07, 9.05149420305e-07, 7.60948694278e-07, 8.81903531535e-07, 2.1659527647e-06, 3.71045052816e-06, 3.02149669551e-06, 5.29735416421e-07, 4.14792182823e-08, 9.43423048017e-11, 3.42711865831e-11, 2.52544842677e-11, 2.51954984654e-11, 2.16374366341e-11, 2.03557639494e-11, 1.94932611719e-11, 1.87992659634e-11, 1.80561642027e-11, 1.74874593972e-11, 1.70140741773e-11, 1.65761848692e-11, 1.61576117069e-11, 1.57709158233e-11, 1.54803947439e-11, 1.51679242083e-11, 1.49193279259e-11, 1.46081965968e-11, 1.44204561486e-11, 1.43351884183e-11],
        "min": [4.45533777129e-23, 2.57187287997e-23, 1.50507213869e-23, 1.42237458782e-23, 5.0919105776e-24, 3.50477292339e-25, 2.03117168054e-24, 3.31568966973e-24, 9.50584194717e-25, 2.99504502606e-25, 2.48298367818e-24, 1.20291072297e-23, 1.57511762282e-23, 6.13257312275e-24, 3.12328886153e-24, 1.34308586269e-23, 1.50467076626e-23, 2.09001123774e-23, 1.31785714431e-23, 3.63307168329e-24, 1.22226495197e-23, 1.88518239929e-23, 3.68587306247e-23, 4.88136210316e-23, 2.33308452618e-23, 9.28566751586e-24, 2.19184213655e-23, 1.69975890802e-23, 2.30346343028e-23, 9.62336309217e-24, 7.85635568524e-24, 1.32824391808e-23, 1.88928605372e-23, 2.02086773717e-23, 1.49493499996e-24, 2.01053350154e-24, 8.37146923457e-24, 1.01095443789e-23, 2.52282955526e-23, 7.81498387506e-24, 9.80458100818e-24, 4.09897253949e-24, 2.64354961012e-24, 4.51259913337e-24, 8.75755117222e-24, 5.32323378286e-24, 1.05667863034e-23, 1.45741137161e-23, 9.25866954024e-24, 7.84350987426e-24, 3.07715075376e-24, 2.78394614365e-24, 1.27427494588e-23, 6.49871778431e-24, 2.07487173479e-23, 3.0988867116e-23, 6.68099869039e-24, 1.22718420969e-23, 6.52337678735e-24, 7.3312378019e-24, 1.19540857688e-23, 1.07319382782e-23, 1.2220027346e-23, 1.15802919175e-23, 1.1131942822e-23, 5.49362418852e-24, 1.4011569116e-23, 5.5109515183e-24, 5.97578189024e-24, 4.90152688673e-24, 6.92743410402e-24, 1.31329421506e-23, 1.83126643855e-23, 1.51875177565e-23, 1.58672097788e-23, 8.86432428461e-24, 4.88450011295e-24, 7.35206136322e-24, 1.63474651424e-23, 8.5191124416e-24, 6.14057966651e-24, 8.06815773854e-24, 1.27769323795e-23, 8.08920928066e-24, 7.18509421946e-24, 1.10572684598e-23, 1.66200860049e-23, 1.29149735716e-23, 8.28087250391e-24, 7.70712134577e-24, 7.86962511453e-24, 5.22721442234e-24, 9.37788220024e-24, 8.37667729427e-24, 5.8895412495e-24, 1.0358733706e-23, 1.01550048552e-23, 1.3462884802e-23, 9.31606469312e-24, 1.35568791565e-23, 1.94709709407e-23, 1.32343368094e-23, 7.91339269527e-24, 8.04328022104e-24, 8.7111700953e-24, 6.01492398507e-24, 7.81321051575e-24, 1.11831130735e-23, 9.98257721625e-24, 1.6869366051e-23, 8.69820832177e-24, 7.94638206946e-24, 1.34852521641e-23, 9.0673652487e-24, 1.0114795826e-23, 1.20850808553e-23, 7.81140639086e-24, 9.1841947599e-24, 1.17610909483e-23, 1.13691241083e-23, 1.3489426816e-23, 1.37002735587e-23, 1.05146370755e-23, 1.15138051427e-23, 9.26993526283e-24, 1.22945486692e-23, 1.00075020654e-23, 8.34441367211e-24],
        "stdev": [0.000210830417927, 0.00108915707096, 0.00213204370812, 0.00250582839362, 0.00175343814772, 0.00104239850771, 0.00107912335079, 0.00123379053548, 0.00109315826558, 0.00180163874757, 0.00188013596926, 0.00137585052289, 0.00148144399282, 0.00135449646041, 0.00167876505293, 0.000876263657119, 0.000750508042984, 0.00156047323253, 0.00144248548895, 0.00125761178788, 0.00134814251214, 0.00149763235822, 0.00198182091117, 0.00141088722739, 0.000954816641752, 0.00113437208347, 0.000619076483417, 0.000796477135736, 0.000358741584932, 0.000395830953494, 0.000400085264118, 0.000482323142933, 0.000294982659398, 0.000407237210311, 0.000180728180567, 0.000175582870725, 0.000264621310635, 0.000265050126472, 0.000258166430285, 0.000182912597666, 0.000468048208859, 0.000408265797887, 0.000327431422193, 0.000204432872124, 5.46363335161e-05, 0.000139369047247, 0.000177706519025, 6.55204785289e-05, 3.45278021996e-05, 2.85488640657e-05, 3.14557510137e-05, 9.27095752559e-05, 4.62238895125e-05, 5.12310471095e-05, 4.82730574731e-05, 0.000113835762022, 4.97535475006e-05, 2.6517207516e-05, 2.96924245049e-05, 3.47875356965e-05, 1.33342928166e-05, 1.48748686115e-05, 3.57584540325e-05, 1.90012997336e-05, 3.85094426747e-05, 1.05216340671e-05, 1.07247287815e-05, 3.10605209961e-05, 1.85387452802e-05, 7.46009800423e-06, 7.65896675148e-06, 1.18005618788e-05, 1.08761960291e-05, 1.03495030999e-05, 1.77193305717e-05, 2.08971887332e-05, 1.63546337717e-05, 2.03824583878e-05, 1.17515974125e-05, 1.37366560011e-05, 1.70300299942e-05, 1.57985941769e-05, 2.14681876969e-05, 2.36948035308e-05, 3.30248076352e-05, 3.6619236198e-05, 1.5190978047e-05, 1.58069451572e-05, 2.28255339607e-05, 1.42878961924e-05, 1.94638105313e-05, 1.97731642402e-05, 6.06406956649e-06, 3.98972997573e-06, 4.54481232737e-06, 4.46816284239e-06, 5.72388898945e-06, 4.84747260998e-06, 4.14849182562e-06, 2.85367332253e-06, 3.16839782499e-06, 2.56551516031e-06, 4.12869530919e-06, 1.40700594784e-05, 2.72511697403e-05, 2.34068211284e-05, 3.81342056244e-06, 3.48664883631e-07, 1.31233224288e-09, 6.30958896242e-10, 5.73344038912e-10, 5.54547185949e-10, 5.24993937212e-10, 5.04401631574e-10, 4.87857310105e-10, 4.71079786291e-10, 4.56726156894e-10, 4.43093228775e-10, 4.31086916164e-10, 4.20457252348e-10, 4.10059847189e-10, 3.99946298302e-10, 3.926410308e-10, 3.84695192368e-10, 3.8027336835e-10, 3.75164538324e-10, 3.71976061064e-10, 3.70055042165e-10]
    },
    "mfcc": {
        "mean": [-659.418029785, 158.469406128, 10.1386051178, 9.23095607758, -0.647251844406, -1.35665512085, -5.98799562454, 4.17345762253, -4.89192008972, -2.30069065094, -1.39899206161, -0.83385938406, -4.47438812256],
        "cov": [[5113.97558594, -1899.49060059, 251.377944946, -521.991821289, -182.690658569, 101.878295898, 5.28591060638, -193.512145996, 38.1498031616, -20.8069572449, 74.0569381714, 38.5911216736, -62.8385696411], [-1899.49060059, 1832.02844238, -282.504486084, 103.422134399, 124.094924927, -169.670928955, 89.2022705078, 64.9236831665, -45.3138694763, 36.2652359009, -15.1950025558, -12.4935941696, 31.7271728516], [251.377944946, -282.504486084, 574.210388184, -81.5295562744, 8.75016975403, 18.3476276398, 37.7336540222, -17.0506210327, 25.4891643524, -65.4964752197, -21.6993141174, -3.50016188622, -3.85570168495], [-521.991821289, 103.422134399, -81.5295562744, 310.557312012, 24.3138694763, 37.169090271, -46.2795410156, 33.2272148132, -0.935966670513, 8.64522457123, -19.8781375885, -17.183172226, 13.970246315], [-182.690658569, 124.094924927, 8.75016975403, 24.3138694763, 213.428894043, -52.1936950684, 17.072637558, -22.838716507, 7.15879869461, 2.76643443108, 0.701326191425, -19.8733634949, 4.42286491394], [101.878295898, -169.670928955, 18.3476276398, 37.169090271, -52.1936950684, 243.356140137, -25.7830448151, 0.16605655849, 18.9887008667, -13.8489227295, -13.7778053284, -9.66740989685, -20.2690315247], [5.28591060638, 89.2022705078, 37.7336540222, -46.2795410156, 17.072637558, -25.7830448151, 153.062728882, -9.67162895203, 15.6278839111, 9.01703357697, 3.59217882156, -11.6670894623, -8.7896490097], [-193.512145996, 64.9236831665, -17.0506210327, 33.2272148132, -22.838716507, 0.16605655849, -9.67162895203, 141.134017944, -14.0662298203, 14.5812129974, 3.50157976151, 9.46569347382, 7.04273891449], [38.1498031616, -45.3138694763, 25.4891643524, -0.935966670513, 7.15879869461, 18.9887008667, 15.6278839111, -14.0662298203, 96.0778045654, 2.6934709549, -4.04607009888, -14.6817378998, -4.31069898605], [-20.8069572449, 36.2652359009, -65.4964752197, 8.64522457123, 2.76643443108, -13.8489227295, 9.01703357697, 14.5812129974, 2.6934709549, 104.401725769, 19.3844051361, 1.40568375587, -1.49667918682], [74.0569381714, -15.1950025558, -21.6993141174, -19.8781375885, 0.701326191425, -13.7778053284, 3.59217882156, 3.50157976151, -4.04607009888, 19.3844051361, 67.070640564, 8.86890602112, -2.39848327637], [38.5911216736, -12.4935941696, -3.50016188622, -17.183172226, -19.8733634949, -9.66740989685, -11.6670894623, 9.46569347382, -14.6817378998, 1.40568375587, 8.86890602112, 78.1329879761, 14.4447040558], [-62.8385696411, 31.7271728516, -3.85570168495, 13.970246315, 4.42286491394, -20.2690315247, -8.7896490097, 7.04273891449, -4.31069898605, -1.49667918682, -2.39848327637, 14.4447040558, 64.6016616821]],
        "icov": [[0.000406954350183, 0.000396569201257, 8.87714777491e-05, 0.000506419222802, 9.60658726399e-05, 1.96757482627e-05, -0.000100405748526, 0.000288124138024, 4.68279831694e-05, -4.35739530076e-05, -0.000166470301338, -2.66407805611e-05, 5.3284689784e-05], [0.000396569201257, 0.00109898578376, 0.000437739654444, 0.00031608203426, -0.000218583634705, 0.000385634484701, -0.000618645339273, -3.4977318137e-05, 0.000289006304229, 2.05687410926e-05, 0.000165973120602, 3.05188550556e-05, -0.000121515513456], [8.87714777491e-05, 0.000437739654444, 0.00220910599455, 0.000531758007128, -0.000304221815895, -3.84626582672e-06, -0.000681986799464, -0.000195832224563, -0.000325696659274, 0.00120533211157, 0.000554747821297, -3.59592559107e-05, -0.000128770276206], [0.000506419222802, 0.00031608203426, 0.000531758007128, 0.00457634637132, -0.000502617855091, -0.000735239940695, 0.000978152034804, -0.000487631798023, -5.60844237043e-05, -0.000328091613483, 0.000815835723188, 0.000868740025908, -0.000805870338809], [9.60658726399e-05, -0.000218583634705, -0.000304221815895, -0.000502617855091, 0.00549354730174, 0.00109143636655, -0.000180127855856, 0.00110883172601, -0.000340815953678, -0.000123801699374, -0.000433305132901, 0.00118797807954, -0.00019505158707], [1.96757482627e-05, 0.000385634484701, -3.84626582672e-06, -0.000735239940695, 0.00109143636655, 0.00502634327859, 0.00043099920731, -2.01684779313e-05, -0.000846185372211, 0.000445051118731, 0.00067233730806, 0.000344362575561, 0.0014534763759], [-0.000100405748526, -0.000618645339273, -0.000681986799464, 0.000978152034804, -0.000180127855856, 0.00043099920731, 0.00776240602136, 0.000212527389522, -0.00116755906492, -0.000884585257154, -0.000206973476452, 0.000945070583839, 0.000817068677861], [0.000288124138024, -3.4977318137e-05, -0.000195832224563, -0.000487631798023, 0.00110883172601, -2.01684779313e-05, 0.000212527389522, 0.00805786810815, 0.000880345411133, -0.00110824778676, -0.000541711284313, -0.00060964631848, -0.00039130623918], [4.68279831694e-05, 0.000289006304229, -0.000325696659274, -5.60844237043e-05, -0.000340815953678, -0.000846185372211, -0.00116755906492, 0.000880345411133, 0.011410381645, -0.000816547893919, 0.000433411565609, 0.00167334603611, -0.000216284301132], [-4.35739530076e-05, 2.05687410926e-05, 0.00120533211157, -0.000328091613483, -0.000123801699374, 0.000445051118731, -0.000884585257154, -0.00110824778676, -0.000816547893919, 0.0111699793488, -0.0027104858309, -8.10174024082e-05, 0.000360758975148], [-0.000166470301338, 0.000165973120602, 0.000554747821297, 0.000815835723188, -0.000433305132901, 0.00067233730806, -0.000206973476452, -0.000541711284313, 0.000433411565609, -0.0027104858309, 0.0167863946408, -0.00160864111967, 0.000833797384985], [-2.66407805611e-05, 3.05188550556e-05, -3.59592559107e-05, 0.000868740025908, 0.00118797807954, 0.000344362575561, 0.000945070583839, -0.00060964631848, 0.00167334603611, -8.10174024082e-05, -0.00160864111967, 0.014662977308, -0.00323768914677], [5.3284689784e-05, -0.000121515513456, -0.000128770276206, -0.000805870338809, -0.00019505158707, 0.0014534763759, 0.000817068677861, -0.00039130623918, -0.000216284301132, 0.000360758975148, 0.000833797384985, -0.00323768914677, 0.0171296074986]]
    },
    "spectral_contrast_coeffs": {
        "max": [-0.446389257908, -0.485101312399, -0.517184555531, -0.562381565571, -0.645954430103, -0.380364358425],
        "mean": [-0.687602460384, -0.710199892521, -0.727071404457, -0.786326646805, -0.793865501881, -0.785268723965],
        "min": [-0.968201637268, -0.976291358471, -0.971233904362, -0.960515737534, -0.956893563271, -0.959858596325],
        "stdev": [0.0632097423077, 0.0693761482835, 0.0651199817657, 0.05889615044, 0.0422885715961, 0.0548849850893]
    },
    "spectral_contrast_valleys": {
        "max": [-4.85233592987, -4.95582389832, -5.05095434189, -5.68606948853, -5.7456536293, -7.76982021332],
        "mean": [-6.41802787781, -6.42145299911, -7.36259126663, -7.89198923111, -8.15804100037, -10.6232089996],
        "min": [-27.268529892, -26.7227973938, -26.898317337, -27.3913211823, -27.4708576202, -27.2137145996],
        "stdev": [0.859682679176, 0.87636834383, 0.821013629436, 0.806914806366, 0.916453838348, 1.31488871574]
    }
},
"rhythm": {
    "beats_count": 73,
    "beats_loudness": {
        "max": 0.17638759315,
        "mean": 0.0425727106631,
        "min": 0.00108677451499,
        "stdev": 0.0281568374485
    },
    "bpm": 153.72555542,
    "bpm_histogram_first_peak_bpm": 152,
    "bpm_histogram_first_peak_weight": 0.0500000119209,
    "bpm_histogram_second_peak_bpm": 157,
    "bpm_histogram_second_peak_spread": 0,
    "bpm_histogram_second_peak_weight": 0.375,
    "danceability": 1.0926721096,
    "onset_rate": 2.41268372536,
    "beats_loudness_band_ratio": {
        "max": [0.88059926033, 0.756678938866, 0.803949415684, 0.490750133991, 0.263757526875, 0.971009790897],
        "mean": [0.275325417519, 0.289754956961, 0.250907719135, 0.135609775782, 0.0415800511837, 0.0508610643446],
        "min": [0.00793374329805, 0.00293437158689, 0.0025009594392, 0.00268590520136, 0.00115290924441, 0.00056247995235],
        "stdev": [0.189338594675, 0.161754861474, 0.190088793635, 0.112140141428, 0.0500587671995, 0.122418865561]
    },
