{
"metadata": {
    "version": {
        "essentia": "2.1-beta5",
        "essentia_git_sha": "Undefined",
        "extractor": "music 2.0"
    },
    "audio_properties": {
        "analysis": {
            "equal_loudness": 0,
            "length": 29.0017242432,
            "sample_rate": 44100,
            "start_time": 113.742950439,
            "downmix": "mix"
        },
        "bit_rate": 192000,
        "length": 178.166732788,
        "lossless": 0,
        "number_channels": 2,
        "replay_gain": -14.2694282532,
        "sample_rate": 48000,
        "codec": "mp3",
        "md5_encoded": "03e9c9fcfec8c1531e32610a6d3a2a2e"
    },
    "tags": {
        "file_name": "Russia_Lady Alpine Blue_Mumiy troll.mp3",
        "encoding": ["Lavf58.29.100"]
    }
},
"lowlevel": {
    "average_loudness": 0.975091278553,
    "barkbands_crest": {
        "max": 24.1515254974,
        "mean": 7.65596246719,
        "min": 1.85273349285,
        "stdev": 4.31354904175
    },
    "barkbands_flatness_db": {
        "max": 0.323175907135,
        "mean": 0.103040382266,
        "min": 0.0305539034307,
        "stdev": 0.0453826971352
    },
    "barkbands_kurtosis": {
        "max": 28.4050521851,
        "mean": 0.556708395481,
        "min": -1.74045097828,
        "stdev": 2.7304649353
    },
    "barkbands_skewness": {
        "max": 4.16400671005,
        "mean": 0.391037374735,
        "min": -2.65540242195,
        "stdev": 0.801721930504
    },
    "barkbands_spread": {
        "max": 81.5958480835,
        "mean": 31.4350318909,
        "min": 1.68229186535,
        "stdev": 13.8504037857
    },
    "dissonance": {
        "max": 0.499982655048,
        "mean": 0.478175133467,
        "min": 0.328005045652,
        "stdev": 0.0212979298085
    },
    "dynamic_complexity": 1.7281922102,
    "erbbands_crest": {
        "max": 27.6399250031,
        "mean": 8.85978507996,
        "min": 2.74332094193,
        "stdev": 4.26724624634
    },
    "erbbands_flatness_db": {
        "max": 0.4263882339,
        "mean": 0.159265816212,
        "min": 0.0678421631455,
        "stdev": 0.0578716285527
    },
    "erbbands_kurtosis": {
        "max": 17.1492805481,
        "mean": 1.33219301701,
        "min": -1.49367523193,
        "stdev": 1.8658323288
    },
    "erbbands_skewness": {
        "max": 3.26382708549,
        "mean": 0.135876968503,
        "min": -1.95901250839,
        "stdev": 0.624324679375
    },
    "erbbands_spread": {
        "max": 85.0200271606,
        "mean": 26.8103466034,
        "min": 2.24795770645,
        "stdev": 12.9005699158
    },
    "hfc": {
        "max": 156.618972778,
        "mean": 39.1864738464,
        "min": 2.58313250542,
        "stdev": 24.076499939
    },
    "loudness_ebu128": {
        "integrated": -7.7511882782,
        "loudness_range": 1.92307519913,
        "momentary": {
            "max": -5.59654998779,
            "mean": -7.98758792877,
            "min": -14.47514534,
            "stdev": 1.56990027428
        },
        "short_term": {
            "max": -6.90384960175,
            "mean": -7.79595661163,
            "min": -9.47447013855,
            "stdev": 0.672892689705
        }
    },
    "melbands_crest": {
        "max": 32.5914573669,
        "mean": 11.3178253174,
        "min": 3.47289848328,
        "stdev": 5.34949350357
    },
    "melbands_flatness_db": {
        "max": 0.301270872355,
        "mean": 0.135486781597,
        "min": 0.0275855883956,
        "stdev": 0.0434712283313
    },
    "melbands_kurtosis": {
        "max": 52.7890777588,
        "mean": 2.76900672913,
        "min": -1.72892081738,
        "stdev": 5.02863550186
    },
    "melbands_skewness": {
        "max": 6.35148382187,
        "mean": 1.16798472404,
        "min": -2.98515582085,
        "stdev": 1.11496710777
    },
    "melbands_spread": {
        "max": 225.092636108,
        "mean": 42.6471061707,
        "min": 3.69993138313,
        "stdev": 22.9872245789
    },
    "pitch_salience": {
        "max": 0.838388562202,
        "mean": 0.605216741562,
        "min": 0.207215875387,
        "stdev": 0.0984212458134
    },
    "silence_rate_20dB": {
        "max": 1,
        "mean": 1,
        "min": 1,
        "stdev": 0
    },
    "silence_rate_30dB": {
        "max": 1,
        "mean": 1,
        "min": 1,
        "stdev": 0
    },
    "silence_rate_60dB": {
        "max": 1,
        "mean": 0.0120000001043,
        "min": 0,
        "stdev": 0.108885258436
    },
    "spectral_centroid": {
        "max": 5033.03076172,
        "mean": 1855.55395508,
        "min": 378.655273438,
        "stdev": 522.753417969
    },
    "spectral_complexity": {
        "max": 60,
        "mean": 29.4559993744,
        "min": 3,
        "stdev": 10.4835176468
    },
    "spectral_decrease": {
        "max": -3.65608487929e-10,
        "mean": -6.8950374299e-09,
        "min": -2.46472549037e-08,
        "stdev": 4.39184066892e-09
    },
    "spectral_energy": {
        "max": 0.0996199995279,
        "mean": 0.0295778084546,
        "min": 0.00161461601965,
        "stdev": 0.0178383272141
    },
    "spectral_energyband_high": {
        "max": 0.013629748486,
        "mean": 0.00178795389365,
        "min": 6.71568705002e-06,
        "stdev": 0.00206384295598
    },
    "spectral_energyband_low": {
        "max": 0.0706791728735,
        "mean": 0.00739511428401,
        "min": 1.9521366994e-06,
        "stdev": 0.0108105884865
    },
    "spectral_energyband_middle_high": {
        "max": 0.0507758036256,
        "mean": 0.0124579630792,
        "min": 0.000970409542788,
        "stdev": 0.00850973185152
    },
    "spectral_energyband_middle_low": {
        "max": 0.0664056837559,
        "mean": 0.00920148938894,
        "min": 8.88655995368e-06,
        "stdev": 0.00917427521199
    },
    "spectral_entropy": {
        "max": 8.83092021942,
        "mean": 7.87380170822,
        "min": 6.84214830399,
        "stdev": 0.295466452837
    },
    "spectral_flux": {
        "max": 0.264533221722,
        "mean": 0.098717994988,
        "min": 0.0228287316859,
        "stdev": 0.0413192436099
    },
    "spectral_kurtosis": {
        "max": 22.5431060791,
        "mean": 4.7999420166,
        "min": -0.924123048782,
        "stdev": 2.69273543358
    },
    "spectral_rms": {
        "max": 0.0098585113883,
        "mean": 0.00513218948618,
        "min": 0.00125508371275,
        "stdev": 0.00158651534002
    },
    "spectral_rolloff": {
        "max": 13522.8515625,
        "mean": 2532.61376953,
        "min": 193.798828125,
        "stdev": 1732.17468262
    },
    "spectral_skewness": {
        "max": 3.5382027626,
        "mean": 1.64339995384,
        "min": 0.141862586141,
        "stdev": 0.395432919264
    },
    "spectral_spread": {
        "max": 12799528,
        "mean": 4686940,
        "min": 1343852.625,
        "stdev": 1575828.75
    },
    "spectral_strongpeak": {
        "max": 9.47591590881,
        "mean": 1.26760745049,
        "min": 0,
        "stdev": 1.28692889214
    },
    "zerocrossingrate": {
        "max": 0.35205078125,
        "mean": 0.0976082012057,
        "min": 0.02783203125,
        "stdev": 0.0431396476924
    },
    "barkbands": {
        "max": [0.0056920289062, 0.0661353766918, 0.0206308495253, 0.0330645106733, 0.0397041067481, 0.0207536984235, 0.0283974520862, 0.0202139206231, 0.0255305524915, 0.0143250217661, 0.0180254559964, 0.0142044266686, 0.0226604379714, 0.0155937923118, 0.0130772981793, 0.00717547442764, 0.00529773719609, 0.00688390340656, 0.00261759222485, 0.00365601130761, 0.00257043587044, 0.00284371804446, 0.00429616495967, 0.00531150959432, 0.00519867567345, 0.00540482578799, 1.11308627311e-05],
        "mean": [0.000307680165861, 0.00434401910752, 0.00167691882234, 0.00239709066227, 0.00200758734718, 0.00129608740099, 0.00097156962147, 0.000947066873778, 0.00120019633323, 0.00103354314342, 0.00151726265904, 0.00103239167947, 0.00246119871736, 0.00170553498901, 0.001477842452, 0.00124046660494, 0.000928057008423, 0.000630598107819, 0.000426309066825, 0.00035621819552, 0.000291978911264, 0.000256349128904, 0.000275569880614, 0.000272673612926, 0.00018921548326, 0.000334282842232, 1.24747430164e-07],
        "min": [5.02059407381e-08, 3.28140714601e-07, 1.44198736507e-07, 5.04834538617e-08, 2.63202196038e-07, 4.5500877377e-07, 5.03813339492e-07, 5.21537799614e-07, 1.54397741881e-06, 1.61292564371e-06, 3.71519854525e-06, 1.43790693983e-05, 0.000125784848933, 1.82324401976e-05, 1.40193287734e-05, 9.44088333199e-06, 1.36100279633e-05, 2.46806994255e-05, 7.80582104198e-06, 2.44787793235e-06, 2.50884386332e-06, 1.52880147652e-06, 7.72549242356e-08, 4.05399802617e-08, 1.54779975503e-08, 7.92889625484e-12, 7.2236461604e-12],
        "stdev": [0.000749094295315, 0.00970725342631, 0.00213151890785, 0.00330086005852, 0.00373340793885, 0.00221591838636, 0.00167640054133, 0.00182839960326, 0.00242223590612, 0.00186678708997, 0.00230372068472, 0.00153816095553, 0.00234861625358, 0.00188887515105, 0.00153810274787, 0.00110179441981, 0.000734679750167, 0.00064523331821, 0.000364800769603, 0.000391096109524, 0.0003211289295, 0.00037056603469, 0.000430055282777, 0.000540793582331, 0.000398622592911, 0.000582059146836, 4.92682886488e-07]
    },
    "erbbands": {
        "max": [2.41402721405, 13.210943222, 13.7253646851, 56.2043190002, 162.820358276, 108.258491516, 150.858474731, 247.152130127, 252.894012451, 627.402160645, 448.760345459, 547.168640137, 483.78125, 463.932067871, 626.01184082, 732.902832031, 1004.97503662, 876.056213379, 680.807495117, 642.505065918, 355.189666748, 350.454498291, 394.573242188, 179.103973389, 100.860092163, 202.452209473, 153.073669434, 106.628982544, 115.23764801, 143.383331299, 138.547225952, 87.4589233398, 105.098197937, 66.8188552856, 29.8468837738, 21.1099758148, 10.8990497589, 0.356663793325, 0.00792439840734, 0.000513881328516],
        "mean": [0.14257659018, 0.899371862411, 1.76089859009, 5.43329906464, 9.08628082275, 5.02826690674, 6.56984758377, 11.7148008347, 12.8778266907, 20.0636940002, 19.8444862366, 29.2943534851, 29.7644004822, 36.5400924683, 61.7418136597, 52.7370071411, 114.883087158, 96.4053726196, 75.8663482666, 82.81590271, 56.8403358459, 48.9686584473, 39.1280784607, 27.6783809662, 18.9257888794, 17.097530365, 12.0852203369, 11.7568683624, 9.35655212402, 7.90560245514, 7.31170845032, 6.32545232773, 4.46301031113, 2.41164660454, 1.23587143421, 1.31882536411, 0.71117824316, 0.01766820997, 0.000508862489369, 7.26815487724e-05],
        "min": [1.12472525871e-05, 9.71972840489e-05, 0.000250527606113, 0.000266883522272, 0.000642528641038, 0.000809029268567, 0.00166660058312, 0.00292449211702, 0.00599759211764, 0.00986859202385, 0.0188292916864, 0.03362711519, 0.0485975183547, 0.0893990248442, 0.348999291658, 2.63479089737, 8.75641822815, 4.33886432648, 1.45926761627, 0.751535713673, 0.775943875313, 1.05695354939, 1.96271276474, 0.478394389153, 0.348787367344, 0.177957013249, 0.0781642198563, 0.126202628016, 0.0668419450521, 0.0102885197848, 0.00241691060364, 0.00106795690954, 0.000476375571452, 0.00027660781052, 5.00081659993e-05, 4.17244336859e-06, 1.22913854739e-06, 5.36334994194e-07, 1.07689845663e-06, 2.10388452615e-06],
        "stdev": [0.364752501249, 1.90117228031, 1.93714725971, 6.72554683685, 14.423910141, 10.4353084564, 12.4261856079, 21.5052433014, 23.295337677, 38.0966644287, 37.7247161865, 60.0197753906, 54.9608688354, 60.1098213196, 86.6825180054, 68.3192443848, 109.31917572, 94.8888092041, 79.0011138916, 77.7171478271, 47.349407196, 41.0541763306, 36.827129364, 23.7255306244, 17.4055290222, 18.6533813477, 13.7607660294, 13.6775112152, 13.4255533218, 13.7278575897, 11.3937730789, 9.61598968506, 10.2891073227, 5.84518718719, 2.16652393341, 2.2131690979, 1.25665187836, 0.0332142822444, 0.000865631038323, 6.63783575874e-05]
    },
    "gfcc": {
        "mean": [43.8483161926, 63.434261322, -137.755584717, 28.6063022614, -44.1804275513, 30.5736446381, -44.4028892517, 10.4523868561, -29.2790813446, 8.01243782043, -19.2223320007, 0.518824517727, -18.3382701874],
        "cov": [[3830.99682617, -588.595336914, 1380.02258301, -108.98034668, -314.044555664, -54.6604537964, -329.876861572, 378.079376221, -166.771072388, 220.469223022, -487.225128174, 236.315032959, -181.289611816], [-588.595336914, 939.730407715, -396.194976807, 52.0086364746, 2.66944313049, -108.792419434, 91.0211639404, -64.8848114014, 93.6751251221, -104.183319092, 125.442604065, -134.206161499, 142.209335327], [1380.02258301, -396.194976807, 941.648498535, -64.3810958862, -103.777084351, 2.26574993134, -190.881011963, 165.163970947, -72.1817398071, 106.793769836, -251.010437012, 118.532829285, -174.353225708], [-108.98034668, 52.0086364746, -64.3810958862, 338.697418213, 45.5490837097, 96.139251709, 54.4581031799, -45.753993988, 55.8701095581, 15.1123542786, 91.0927581787, -26.0354042053, 56.5147476196], [-314.044555664, 2.66944313049, -103.777084351, 45.5490837097, 327.850341797, 77.2838516235, 124.001373291, 17.5612678528, 12.5131616592, 33.4939689636, 68.5550918579, 48.095615387, 0.865199267864], [-54.6604537964, -108.792419434, 2.26574993134, 96.139251709, 77.2838516235, 200.571548462, 71.2293014526, 21.0279445648, 9.80664730072, 4.31274700165, 53.7519760132, 18.7413158417, 28.6249656677], [-329.876861572, 91.0211639404, -190.881011963, 54.4581031799, 124.001373291, 71.2293014526, 179.726364136, 7.63491725922, 31.8994235992, -8.35194301605, 68.8328399658, -1.31164360046, 42.5712127686], [378.079376221, -64.8848114014, 165.163970947, -45.753993988, 17.5612678528, 21.0279445648, 7.63491725922, 145.10319519, 15.5195703506, 47.5570335388, -56.5194358826, 29.3088378906, -23.7604084015], [-166.771072388, 93.6751251221, -72.1817398071, 55.8701095581, 12.5131616592, 9.80664730072, 31.8994235992, 15.5195703506, 99.3592224121, 16.172164917, 37.2807617188, -28.8361873627, 13.6220197678], [220.469223022, -104.183319092, 106.793769836, 15.1123542786, 33.4939689636, 4.31274700165, -8.35194301605, 47.5570335388, 16.172164917, 92.265411377, -5.15138196945, 29.2016716003, -29.2638931274], [-487.225128174, 125.442604065, -251.010437012, 91.0927581787, 68.5550918579, 53.7519760132, 68.8328399658, -56.5194358826, 37.2807617188, -5.15138196945, 160.595870972, -18.0338306427, 63.4924201965], [236.315032959, -134.206161499, 118.532829285, -26.0354042053, 48.095615387, 18.7413158417, -1.31164360046, 29.3088378906, -28.8361873627, 29.2016716003, -18.0338306427, 90.8236541748, -12.6765394211], [-181.289611816, 142.209335327, -174.353225708, 56.5147476196, 0.865199267864, 28.6249656677, 42.5712127686, -23.7604084015, 13.6220197678, -29.2638931274, 63.4924201965, -12.6765394211, 108.559959412]],
        "icov": [[0.00105132895987, -0.000455338973552, -0.000269286945695, -0.000749675848056, 0.000952847127337, -0.000398337579099, 0.000593903358094, -0.00141275429633, 0.00138175277971, -0.00173100840766, 0.00200417847373, -0.00185935629997, -0.000164022610988], [-0.000455338973552, 0.00290587730706, -0.00104314438067, 0.000663419952616, -0.00130959809758, 0.00306930928491, -0.00141554372385, 0.000196077220608, -0.0020748169627, 0.00338192493655, -0.00307383039035, 0.00418541301042, -0.00333007005975], [-0.000269286945695, -0.00104314438067, 0.00487620895728, -0.00151981087402, 0.0010240082629, -0.00266690435819, 0.00297534791753, -0.00180975568946, 0.00113151629921, -0.00192267738748, 0.00420939503238, -0.00449066096917, 0.00502506177872], [-0.000749675848056, 0.000663419952616, -0.00151981087402, 0.00578468851745, -0.00124103098642, -0.000965526385698, -0.001481759944, 0.00410540308803, -0.00335202226415, -0.000302806613036, -0.0030029239133, 0.00406475923955, -0.00325929396786], [0.000952847127337, -0.00130959809758, 0.0010240082629, -0.00124103098642, 0.00653950683773, -0.00195341720246, -0.00184095383156, -0.00171422748826, 0.00229985755868, -0.00361377629451, 0.00154706812464, -0.00594573793933, 0.00354525865987], [-0.000398337579099, 0.00306930928491, -0.00266690435819, -0.000965526385698, -0.00195341720246, 0.0113006457686, -0.0038463731762, -0.00189403723925, -0.000971826841123, 0.00562400044873, -0.00661292485893, 0.00399477314204, -0.00436473777518], [0.000593903358094, -0.00141554372385, 0.00297534791753, -0.001481759944, -0.00184095383156, -0.0038463731762, 0.0124121224508, -0.0036622188054, 0.000279352854704, -0.000578182225581, 0.00275750318542, -0.00378222670406, 0.00151072000153], [-0.00141275429633, 0.000196077220608, -0.00180975568946, 0.00410540308803, -0.00171422748826, -0.00189403723925, -0.0036622188054, 0.0161936413497, -0.00601443415508, -0.00365822389722, 0.00187919603195, 0.00272037950344, -0.00317922537215], [0.00138175277971, -0.0020748169627, 0.00113151629921, -0.00335202226415, 0.00229985755868, -0.000971826841123, 0.000279352854704, -0.00601443415508, 0.017980562523, -0.00632900837809, 0.00112647586502, 0.000187069963431, 0.00280043017119], [-0.00173100840766, 0.00338192493655, -0.00192267738748, -0.000302806613036, -0.00361377629451, 0.00562400044873, -0.000578182225581, -0.00365822389722, -0.00632900837809, 0.024166053161, -0.0100793223828, 0.0022337869741, 0.00118505675346], [0.00200417847373, -0.00307383039035, 0.00420939503238, -0.0030029239133, 0.00154706812464, -0.00661292485893, 0.00275750318542, 0.00187919603195, 0.00112647586502, -0.0100793223828, 0.0226447824389, -0.0080778663978, -0.000287076371023], [-0.00185935629997, 0.00418541301042, -0.00449066096917, 0.00406475923955, -0.00594573793933, 0.00399477314204, -0.00378222670406, 0.00272037950344, 0.000187069963431, 0.0022337869741, -0.0080778663978, 0.0270173549652, -0.00838551018387], [-0.000164022610988, -0.00333007005975, 0.00502506177872, -0.00325929396786, 0.00354525865987, -0.00436473777518, 0.00151072000153, -0.00317922537215, 0.00280043017119, 0.00118505675346, -0.000287076371023, -0.00838551018387, 0.0220582745969]]
    },
    "melbands": {
        "max": [0.0200606975704, 0.00891741830856, 0.0106501467526, 0.00957234576344, 0.00621285336092, 0.00484625855461, 0.00363961886615, 0.00565857300535, 0.00342346541584, 0.00298042502254, 0.00234765768982, 0.00202732067555, 0.00238220905885, 0.00160434888676, 0.00152170076035, 0.00199224171229, 0.00175978813786, 0.00119468302, 0.000907369656488, 0.000676812720485, 0.000386346539017, 0.000439258525148, 0.000404781632824, 0.00030239179614, 0.000164513898198, 8.32955920487e-05, 8.44483656692e-05, 0.000157375368872, 0.000109365588287, 8.49136631587e-05, 7.74498912506e-05, 7.5983334682e-05, 5.17455009685e-05, 0.000100168857898, 9.02121682884e-05, 6.15280732745e-05, 6.08600312262e-05, 7.48615420889e-05, 8.53230376379e-05, 4.89818012284e-05],
        "mean": [0.00125742855016, 0.0010445144726, 0.00107767013833, 0.000507187331095, 0.000221072914428, 0.000263012363575, 0.000191526574781, 0.000219864057726, 0.000173074178747, 0.000175993787707, 0.000145377125591, 0.000139490555739, 0.000215711421333, 0.000122126584756, 0.000196366279852, 0.000243293994572, 0.000173454856849, 0.000120164979307, 0.000104457285488, 0.000112035573693, 5.62454697501e-05, 4.81945062347e-05, 4.92885119456e-05, 2.85589994746e-05, 2.18534860323e-05, 1.38539971886e-05, 1.30610515043e-05, 1.0754941286e-05, 7.42608290238e-06, 7.05351885699e-06, 6.83121515976e-06, 5.44595059182e-06, 4.58711383544e-06, 4.25699636253e-06, 3.80664437216e-06, 5.10156041855e-06, 3.29726822201e-06, 2.99072939924e-06, 2.95038557852e-06, 1.73167711637e-06],
        "min": [1.41670497555e-07, 2.12867092841e-07, 6.84158365516e-08, 4.72417198694e-08, 6.36083612449e-08, 8.2474912233e-08, 9.70345723772e-08, 1.27137198547e-07, 1.71882234667e-07, 2.12077878814e-07, 2.22957766027e-07, 2.65928747467e-07, 4.57829798961e-07, 1.24788709854e-06, 9.13748499443e-06, 1.04101827674e-05, 4.00079215979e-06, 1.22230267152e-06, 1.08858421299e-06, 5.81972471991e-07, 7.44159478927e-07, 5.74467151182e-07, 1.73752368937e-06, 1.0120678553e-06, 1.91051952925e-07, 2.8239659855e-07, 1.80585260523e-07, 8.22230035169e-08, 4.35558966672e-08, 2.10076418483e-08, 8.55792947618e-08, 4.64199310102e-08, 5.50998713322e-09, 1.76609904479e-09, 1.09623188305e-09, 1.12940290453e-09, 3.92947785421e-10, 3.28883559275e-10, 2.18387072315e-10, 1.90786150767e-10],
        "stdev": [0.0029664367903, 0.00130691193044, 0.0012684421381, 0.000902189989574, 0.000413907138864, 0.000456790439785, 0.000330039125402, 0.000414694281062, 0.000333521136781, 0.000353321782313, 0.000278435327346, 0.000249386735959, 0.000327853631461, 0.000175842636963, 0.000201476097573, 0.000238212669501, 0.00019215059001, 0.00013432725973, 0.000113238544145, 0.000101903831819, 5.06952783326e-05, 4.28331477451e-05, 4.55208100902e-05, 2.94694746117e-05, 2.02022856683e-05, 1.28344117911e-05, 1.37928609547e-05, 1.25919714264e-05, 8.82097447175e-06, 8.6529789769e-06, 8.30513818073e-06, 8.0899853856e-06, 7.25565132598e-06, 8.21804587758e-06, 6.67867698212e-06, 7.06823902874e-06, 5.68830864722e-06, 6.86540033712e-06, 7.81133985583e-06, 4.13317138737e-06]
    },
    "melbands128": {
        "max": [0.00553046772256, 0.0205869041383, 0.0316394194961, 0.0204853024334, 0.00877077504992, 0.013596681878, 0.013903439045, 0.0187920294702, 0.0215209107846, 0.0121425101534, 0.00630906783044, 0.0126056671143, 0.00643764343113, 0.00850427057594, 0.0085243107751, 0.00846882257611, 0.00565224885941, 0.0064247790724, 0.00877293851227, 0.0106383468956, 0.00819580350071, 0.00645015854388, 0.00499749509618, 0.00978834275156, 0.00663456786424, 0.00411291187629, 0.005579684861, 0.0041501140222, 0.0047104456462, 0.0039447164163, 0.00315424171276, 0.0057022231631, 0.00481992401183, 0.00412469403818, 0.00385533203371, 0.00233200285584, 0.00360349868424, 0.00194885884412, 0.00362169044092, 0.00313727348112, 0.00365871284157, 0.00196232623421, 0.00353135797195, 0.00215305923484, 0.00263909786008, 0.00152361183427, 0.00201219459996, 0.00123965798412, 0.00137973215897, 0.00152417214122, 0.00131259672344, 0.000762514478993, 0.000573758152314, 0.000360858190106, 0.000389051914681, 0.000879077473655, 0.000606234651059, 0.00057469838066, 0.000697751762345, 0.000722604920156, 0.000403932353947, 0.000397669762606, 0.000426117680036, 0.000252930709394, 0.000199338319362, 0.000105819199234, 0.000111115252366, 0.000137965835165, 0.000114851209219, 0.000145039331983, 0.00027369093732, 0.000124702433823, 0.000213512743358, 8.05278104963e-05, 0.000105826809886, 0.000114030008262, 0.000125955455587, 0.000121833116282, 0.00010815202404, 9.43025734159e-05, 9.38659650274e-05, 8.7578628154e-05, 7.58913520258e-05, 7.32190674171e-05, 8.66635818966e-05, 0.000116747847642, 0.000163214019267, 9.10569142434e-05, 9.93917128653e-05, 0.000101640362118, 0.000103606435005, 7.50524341129e-05, 7.60138718761e-05, 7.82223723945e-05, 6.0132744693e-05, 9.35988136916e-05, 8.79392755451e-05, 0.000119876356621, 0.000113621230412, 9.69016036834e-05, 6.87303181621e-05, 4.2354404286e-05, 3.60405974789e-05, 3.20810031553e-05, 3.56540294888e-05, 4.07698862546e-05, 2.57546416833e-05, 1.78674017661e-05, 2.71556909865e-05, 8.40026332298e-05, 0.000165905526956, 8.63853274495e-05, 1.7714481146e-05, 9.14440624911e-06, 7.75468197389e-06, 1.68440396919e-06, 3.66153756204e-07, 2.62889194858e-08, 2.54968508528e-08, 2.47849989421e-08, 2.41662885259e-08, 2.36324098069e-08, 2.31531682715e-08, 2.27533050179e-08, 2.24062741694e-08, 2.21322213889e-08, 2.19311679928e-08, 2.18106777083e-08],
        "mean": [0.000281878688838, 0.00112464057747, 0.00174270139541, 0.00139361887705, 0.000842728244606, 0.000900531129446, 0.00106515083462, 0.00125997094437, 0.000957145297434, 0.000473818305181, 0.000201838440262, 0.000188109814189, 0.000190681224922, 0.000309692986775, 0.000297288526781, 0.000208110970561, 0.000228522490943, 0.000178174930625, 0.000147906990605, 0.000267966359388, 0.000237264088355, 0.000136103932164, 0.000148258375702, 0.000222670918447, 0.000236410240177, 0.000120857774164, 0.000126878774608, 0.000174266271642, 0.000128432511701, 0.000140402393299, 0.000113310859888, 0.000191520026419, 0.000269636104349, 0.000218583183596, 9.01366656763e-05, 0.000109616325062, 0.000135632843012, 0.000142151431646, 0.000296137848636, 0.000292478478514, 0.000232821505051, 0.000157601432875, 0.000189417798538, 0.000178880611202, 0.000117355084512, 0.000113693473395, 0.00012072478421, 9.18040896067e-05, 9.81415141723e-05, 0.000130470565637, 0.000128149345983, 8.2258535258e-05, 5.08295997861e-05, 5.32210760866e-05, 4.64914774057e-05, 4.00406497647e-05, 5.1198345318e-05, 7.33969645808e-05, 3.72552240151e-05, 2.94765595754e-05, 2.96714097203e-05, 2.4323557227e-05, 2.86394752038e-05, 1.93839186977e-05, 1.51853728312e-05, 1.27940429593e-05, 1.41263290061e-05, 1.27174780573e-05, 1.22901055875e-05, 1.44278046719e-05, 1.08472413558e-05, 9.3824146461e-06, 8.23671416583e-06, 6.22861034572e-06, 7.59907061365e-06, 7.1344807111e-06, 6.94126401868e-06, 6.69139762977e-06, 7.23812809156e-06, 6.42553050056e-06, 5.81475615036e-06, 4.97433302371e-06, 4.61337958768e-06, 4.67718973596e-06, 4.13855605075e-06, 4.94207233714e-06, 3.9293277041e-06, 3.88928401662e-06, 3.63700610251e-06, 3.32443050866e-06, 5.9430053625e-06, 5.58645297133e-06, 4.00341014029e-06, 3.52808615389e-06, 2.44627995016e-06, 2.74283115687e-06, 2.94939081869e-06, 3.66532208318e-06, 3.23231211041e-06, 2.57704118667e-06, 1.87311843547e-06, 1.60791114467e-06, 1.47323248711e-06, 1.45237629567e-06, 1.57053432304e-06, 1.36153619223e-06, 8.26073176086e-07, 6.37166806428e-07, 8.66362427132e-07, 3.21692255056e-06, 8.54184781929e-06, 4.34827597928e-06, 9.39646895404e-07, 2.90490532961e-07, 6.99107900459e-08, 2.44237270408e-08, 4.24236468177e-09, 1.94031388179e-10, 1.61904684104e-10, 1.47778303483e-10, 1.59276092315e-10, 1.30621582994e-10, 1.17351059425e-10, 9.16489939495e-11, 6.8508372586e-11, 4.05033680206e-11, 2.47639062034e-11, 2.23403483213e-11],
        "min": [4.98468266663e-10, 1.08354800687e-08, 1.20646546975e-07, 6.2786469357e-08, 1.28251187448e-07, 7.85452627383e-08, 4.84067612661e-08, 2.62382311433e-08, 3.73352548877e-08, 3.28183418219e-08, 5.03105512806e-09, 6.13595716459e-08, 1.36860389688e-08, 1.78253287686e-08, 2.84984942311e-08, 2.59084509402e-09, 7.52896767153e-08, 2.4879103222e-08, 3.0890028313e-08, 6.3952796836e-08, 5.66446765049e-08, 5.89771964599e-08, 4.09623908126e-08, 5.46693712522e-08, 9.112957855e-08, 3.28519398352e-08, 3.98626909259e-08, 6.4198800942e-08, 1.48795123778e-07, 2.48938704317e-07, 7.19656085835e-08, 1.67367801396e-07, 3.18732759297e-07, 4.76077303802e-07, 6.45633861041e-07, 4.98813278682e-07, 6.00037537879e-07, 2.31465151046e-06, 6.04243632552e-06, 4.145208095e-06, 1.69607312728e-06, 1.21201242109e-06, 1.01145724329e-06, 2.94221990771e-07, 4.19726205791e-07, 3.6443418594e-07, 3.90771162984e-07, 8.52175958244e-07, 7.98370024313e-07, 5.21633808148e-07, 3.7073843373e-07, 5.75139267767e-07, 2.39891591036e-07, 6.25230086371e-07, 4.40108721023e-07, 1.37084469998e-07, 4.53911326304e-07, 4.49107517397e-07, 7.63245225244e-07, 8.22870902084e-07, 2.88869870246e-07, 1.16535552763e-07, 1.24822378211e-07, 1.32385309826e-07, 1.58931271699e-07, 2.68574297024e-07, 2.14986968672e-07, 9.23114527041e-08, 4.74780392778e-08, 6.5144661221e-08, 6.75430342767e-08, 6.92705057759e-08, 5.21786489571e-08, 2.58689709653e-08, 1.52540451381e-08, 1.62247761892e-08, 1.33494184595e-08, 1.97751734987e-08, 5.64326860797e-08, 7.07750444917e-08, 1.12110631889e-08, 1.03635411364e-08, 6.04719385677e-09, 4.24942658839e-09, 3.89588139527e-09, 2.10771688991e-09, 3.32290112093e-10, 1.11269538028e-09, 9.74705649526e-10, 7.67168328863e-10, 1.38168432251e-09, 9.3668905965e-10, 3.78830550263e-10, 3.56675883273e-10, 3.06102060366e-10, 3.35142580354e-10, 3.24273441432e-10, 2.47945469711e-10, 1.38908246017e-10, 1.90469126582e-10, 1.68096189745e-10, 1.60229746138e-10, 1.12323414458e-10, 6.52350742869e-11, 7.65408222914e-12, 5.54783710562e-14, 3.54721304684e-14, 4.08497122576e-14, 4.65435727611e-14, 4.18122262887e-14, 3.54182795018e-14, 3.66268667685e-14, 3.33407380751e-14, 3.35599400375e-14, 3.79719991344e-14, 3.12838473117e-14, 2.9804599137e-14, 2.91098762662e-14, 3.45449275468e-14, 2.691542227e-14, 2.51008777972e-14, 1.93892329899e-14, 2.09642212986e-14, 2.34912509231e-14, 1.75101158074e-14, 6.45854914282e-15, 1.17128277106e-15, 3.3373822732e-17],
        "stdev": [0.000700637698174, 0.00305518857203, 0.00444577122107, 0.0027986348141, 0.00108969642315, 0.00122372363694, 0.00149347842671, 0.0018226770917, 0.00174319732469, 0.00121407723054, 0.000526210118551, 0.000598462007474, 0.000457349960925, 0.000689578533638, 0.000695387716405, 0.000538924476132, 0.000576669292059, 0.000403299491154, 0.000370563328033, 0.000632173556369, 0.000553918245714, 0.000446491671028, 0.000391694833525, 0.000682716781739, 0.000624312495347, 0.000354914722266, 0.000371309724869, 0.000440637406427, 0.000359847676009, 0.00038371986011, 0.000317330530379, 0.000437060458353, 0.000544201815501, 0.000389293796616, 0.000218624962145, 0.000242834619712, 0.000294900324661, 0.000207266188227, 0.000381053308956, 0.000347557652276, 0.000324375141645, 0.000229421493714, 0.000278849736787, 0.000266104878392, 0.000201412578463, 0.000171467036125, 0.000179034977918, 0.000147090220707, 0.000144033008837, 0.000177386944415, 0.000157176298671, 9.22831241041e-05, 6.94601767464e-05, 5.96235331614e-05, 5.13578597747e-05, 5.63969333598e-05, 6.13345036982e-05, 7.27129154257e-05, 5.35074796062e-05, 4.8079615226e-05, 3.87754989788e-05, 2.9978571547e-05, 3.67857719539e-05, 2.26539814321e-05, 1.71263236552e-05, 1.40559177453e-05, 1.62830365298e-05, 1.59077062563e-05, 1.59972423717e-05, 1.78986992978e-05, 1.67221769516e-05, 1.26753484437e-05, 1.278817399e-05, 8.44717123982e-06, 1.01286004792e-05, 9.74158501776e-06, 1.02985186459e-05, 9.25927361095e-06, 9.35543812375e-06, 9.78576827038e-06, 9.94053880277e-06, 8.62219621922e-06, 7.54693292038e-06, 8.14986833575e-06, 7.34164495952e-06, 1.06915376819e-05, 9.40171958064e-06, 7.72720977693e-06, 7.3388846431e-06, 6.2477361098e-06, 9.52741356741e-06, 7.84691837907e-06, 6.74297007208e-06, 6.34844172964e-06, 5.19390778209e-06, 6.80976654621e-06, 7.15915302862e-06, 9.23663174035e-06, 9.59189947025e-06, 7.19492163626e-06, 5.16955833518e-06, 3.98020438297e-06, 3.24562915921e-06, 2.90600860353e-06, 2.83651024802e-06, 2.28478347708e-06, 1.58678176376e-06, 1.33375090172e-06, 1.78701395726e-06, 6.42220857117e-06, 1.54487024702e-05, 8.4433986558e-06, 1.71638612301e-06, 6.55082089907e-07, 3.9643921923e-07, 9.46591995898e-08, 1.62097393286e-08, 1.1159222435e-09, 1.01155062104e-09, 8.90427009903e-10, 1.01318942125e-09, 8.88995155268e-10, 8.28769164407e-10, 6.95632440539e-10, 6.56106502461e-10, 6.3140964679e-10, 6.21424134373e-10, 6.17970619121e-10]
    },
    "mfcc": {
        "mean": [-593.919372559, 97.9294281006, -25.4581718445, 8.40218353271, 15.8265581131, 15.4146280289, 4.01914739609, 2.85505056381, -2.2698943615, 1.32305216789, 0.574243187904, 5.06971979141, -4.16104745865],
        "cov": [[2995.82910156, -209.379638672, 924.288635254, 34.7780647278, 30.9021053314, -221.441497803, -162.383041382, -22.9759616852, 116.947807312, 139.52973938, -172.634109497, -170.387878418, 24.3065986633], [-209.379638672, 703.050109863, -178.723052979, 18.8706550598, -52.8097038269, -113.736740112, -24.4726409912, -7.2586145401, 17.7381038666, 4.77698945999, -16.3415374756, -12.3078460693, -62.6701927185], [924.288635254, -178.723052979, 768.624694824, -12.8222112656, 38.8679695129, -94.2898788452, -144.057846069, -18.6706123352, 19.2387008667, 49.0802841187, -60.2561988831, -57.7385787964, -27.6112823486], [34.7780647278, 18.8706550598, -12.8222112656, 211.878555298, 30.8074741364, 56.9566078186, 6.53024530411, -8.78608894348, 4.31864261627, 26.2285022736, 11.2315301895, 20.7818965912, 37.1015090942], [30.9021053314, -52.8097038269, 38.8679695129, 30.8074741364, 154.353164673, 56.1887245178, 38.1062583923, 26.4253501892, 3.35879516602, 24.6237182617, 7.37294530869, 23.1138057709, 36.559463501], [-221.441497803, -113.736740112, -94.2898788452, 56.9566078186, 56.1887245178, 186.308166504, 95.7739181519, 44.8001251221, -9.16051864624, -8.82292461395, 36.5358581543, 29.3572826385, 39.5568161011], [-162.383041382, -24.4726409912, -144.057846069, 6.53024530411, 38.1062583923, 95.7739181519, 168.115203857, 59.6599960327, 12.9603996277, -2.95550465584, 23.7066726685, 22.0233840942, 29.2977905273], [-22.9759616852, -7.2586145401, -18.6706123352, -8.78608894348, 26.4253501892, 44.8001251221, 59.6599960327, 98.0791549683, 31.8588867188, 16.8585281372, 8.63186168671, 3.6740219593, 10.0458230972], [116.947807312, 17.7381038666, 19.2387008667, 4.31864261627, 3.35879516602, -9.16051864624, 12.9603996277, 31.8588867188, 81.3175582886, 45.013835907, 0.672619223595, -2.61987161636, 2.43580508232], [139.52973938, 4.77698945999, 49.0802841187, 26.2285022736, 24.6237182617, -8.82292461395, -2.95550465584, 16.8585281372, 45.013835907, 94.4930343628, 12.5951328278, 9.93963718414, 12.8883543015], [-172.634109497, -16.3415374756, -60.2561988831, 11.2315301895, 7.37294530869, 36.5358581543, 23.7066726685, 8.63186168671, 0.672619223595, 12.5951328278, 80.2763061523, 46.1869163513, 17.6554985046], [-170.387878418, -12.3078460693, -57.7385787964, 20.7818965912, 23.1138057709, 29.3572826385, 22.0233840942, 3.6740219593, -2.61987161636, 9.93963718414, 46.1869163513, 78.1460266113, 32.959487915], [24.3065986633, -62.6701927185, -27.6112823486, 37.1015090942, 36.559463501, 39.5568161011, 29.2977905273, 10.0458230972, 2.43580508232, 12.8883543015, 17.6554985046, 32.959487915, 76.9803848267]],
        "icov": [[0.000747985613998, 9.42190526985e-05, -0.000730768253561, -0.000223962662858, 7.05784914317e-05, 0.000649054476526, -0.00033598463051, 0.000189746453543, -0.000543897622265, -0.000453617947642, 0.000526831892785, 0.00118349771947, -0.00111196492799], [9.42190526985e-05, 0.00206226436421, 0.000629673071671, -0.00091075320961, -0.000170383966179, 0.00183851202019, -0.000110672626761, -0.000608748523518, -0.000192878374946, -0.000142216114909, 0.000265627779299, -0.000168391066836, 0.00161278876476], [-0.000730768253561, 0.000629673071671, 0.00278274947777, 2.55703980656e-05, -0.00103089690674, 0.000112859568617, 0.00191552378237, -0.00078583334107, 0.000432875211118, -0.000339393795002, 0.000119358155644, -0.000429478415754, 0.0017339104088], [-0.000223962662858, -0.00091075320961, 2.55703980656e-05, 0.00643856357783, -4.62615826109e-05, -0.00340286805294, 0.00105903379153, 0.00192444398999, -0.000165100107552, -0.00167043507099, 0.000600771629252, -0.000628764624707, -0.0022320181597], [7.05784914317e-05, -0.000170383966179, -0.00103089690674, -4.62615826109e-05, 0.00895656552166, -0.00201608310454, -0.00114075036254, -0.00089126493549, 0.00140409893356, -0.00232988712378, 0.00184137944598, -0.00185968878213, -0.00245610321872], [0.000649054476526, 0.00183851202019, 0.000112859568617, -0.00340286805294, -0.00201608310454, 0.012438015081, -0.0042059761472, -0.00304089905694, 0.00141130771954, 0.00155179947615, -0.00262710009702, 0.00173012702726, -0.000906659872271], [-0.00033598463051, -0.000110672626761, 0.00191552378237, 0.00105903379153, -0.00114075036254, -0.0042059761472, 0.0116889858618, -0.00417333934456, -0.00119129708037, 0.000983124016784, -7.6582415204e-05, -0.000543294067029, -0.000885131710675], [0.000189746453543, -0.000608748523518, -0.00078583334107, 0.00192444398999, -0.00089126493549, -0.00304089905694, -0.00417333934456, 0.0163535568863, -0.00556453270838, -0.000877420883626, -2.55499653576e-05, 0.00119252246805, -0.000506547105033], [-0.000543897622265, -0.000192878374946, 0.000432875211118, -0.000165100107552, 0.00140409893356, 0.00141130771954, -0.00119129708037, -0.00556453270838, 0.0201082434505, -0.00836322829127, 0.000255443126662, 8.92062162166e-05, 0.000704222708009], [-0.000453617947642, -0.000142216114909, -0.000339393795002, -0.00167043507099, -0.00232988712378, 0.00155179947615, 0.000983124016784, -0.000877420883626, -0.00836322829127, 0.0175045859069, -0.00366211705841, -0.0010257178219, -0.000626737251878], [0.000526831892785, 0.000265627779299, 0.000119358155644, 0.000600771629252, 0.00184137944598, -0.00262710009702, -7.6582415204e-05, -2.55499653576e-05, 0.000255443126662, -0.00366211705841, 0.0213722568005, -0.0108520081267, 0.000660727208015], [0.00118349771947, -0.000168391066836, -0.000429478415754, -0.000628764624707, -0.00185968878213, 0.00173012702726, -0.000543294067029, 0.00119252246805, 8.92062162166e-05, -0.0010257178219, -0.0108520081267, 0.0253318548203, -0.00850459095091], [-0.00111196492799, 0.00161278876476, 0.0017339104088, -0.0022320181597, -0.00245610321872, -0.000906659872271, -0.000885131710675, -0.000506547105033, 0.000704222708009, -0.000626737251878, 0.000660727208015, -0.00850459095091, 0.0219597741961]]
    },
    "spectral_contrast_coeffs": {
        "max": [-0.406827896833, -0.451054513454, -0.551902890205, -0.65756547451, -0.660662531853, -0.626113057137],
        "mean": [-0.707329392433, -0.755382120609, -0.755755782127, -0.773010373116, -0.778356134892, -0.767648041248],
        "min": [-0.914237976074, -0.938474297523, -0.918105244637, -0.880623817444, -0.862246513367, -0.848198413849],
        "stdev": [0.0789325162768, 0.0776493474841, 0.0609427690506, 0.0353708490729, 0.0273287501186, 0.0354255512357]
    },
    "spectral_contrast_valleys": {
        "max": [-5.51647520065, -4.58008956909, -5.53888177872, -4.96394634247, -5.72231864929, -7.51829957962],
        "mean": [-6.88061237335, -6.81225919724, -6.96156024933, -6.54825401306, -6.97073125839, -9.53073787689],
        "min": [-10.3463144302, -9.61227607727, -8.87750244141, -8.24415206909, -8.76247310638, -13.2936820984],
        "stdev": [0.7967030406, 0.690036773682, 0.537681162357, 0.476372420788, 0.545372366905, 0.90702098608]
    }
},
"rhythm": {
    "beats_count": 58,
    "beats_loudness": {
        "max": 0.0749735832214,
        "mean": 0.0387996137142,
        "min": 0.0068248542957,
        "stdev": 0.0177082233131
    },
    "bpm": 122.09563446,
    "bpm_histogram_first_peak_bpm": 123,
    "bpm_histogram_first_peak_weight": 0.370370388031,
    "bpm_histogram_second_peak_bpm": 117,
    "bpm_histogram_second_peak_spread": 0,
    "bpm_histogram_second_peak_weight": 0.0350877195597,
    "danceability": 1.31387925148,
    "onset_rate": 4.1015625,
    "beats_loudness_band_ratio": {
        "max": [0.810593307018, 0.352113008499, 0.333209186792, 0.716123759747, 0.409197330475, 0.342363327742],
        "mean": [0.339829623699, 0.0785759612918, 0.0916719287634, 0.242964968085, 0.162247166038, 0.125698983669],
        "min": [0.0016194107011, 0.00109902583063, 0.00276253884658, 0.0322747677565, 0.0302722603083, 0.00537644559518],
        "stdev": [0.216035246849, 0.0728486701846, 0.0806936696172, 0.177299484611, 0.0798071995378, 0.0889016017318]
    },
    "beats_position": [0.545668900013, 1.09133780003, 1.60217678547, 2.08979582787, 2.58902478218, 3.08825397491, 3.5758728981, 4.06349182129, 4.5627207756, 5.06195020676, 5.54956912994, 6.03718805313, 6.52480697632, 7.03564596176, 7.52326536179, 7.99927425385, 8.48689365387, 8.97451210022, 9.47374153137, 9.96135997772, 10.4489793777, 10.9482088089, 11.4474372864, 11.9350566864, 12.4226751328, 12.9219045639, 13.4211339951, 13.9087524414, 14.3963718414, 14.8839902878, 15.3832197189, 15.8824491501, 16.3700675964, 16.8576869965, 17.3453063965, 17.8329238892, 18.3205432892, 18.8081626892, 19.2957820892, 19.7834014893, 20.2826309204, 20.7818584442, 21.2810878754, 21.7687072754, 22.2679367065, 22.7555541992, 23.2431735992, 23.7307929993, 24.2184123993, 24.7060317993, 25.2052612305, 25.7044887543, 26.1921081543, 26.6797275543, 27.1789569855, 27.6781845093, 28.1658039093, 28.6534233093],
