{
"metadata": {
    "version": {
        "essentia": "2.1-beta5",
        "essentia_git_sha": "Undefined",
        "extractor": "music 2.0"
    },
    "audio_properties": {
        "analysis": {
            "equal_loudness": 0,
            "length": 34.4932441711,
            "sample_rate": 44100,
            "start_time": 162.481628418,
            "downmix": "mix"
        },
        "bit_rate": 192000,
        "length": 196.998092651,
        "lossless": 0,
        "number_channels": 2,
        "replay_gain": -5.31081390381,
        "sample_rate": 44100,
        "codec": "mp3",
        "md5_encoded": "a2e28ad9f6adb5be1ced387bcb667553"
    },
    "tags": {
        "file_name": "Sweden_Listen To Your Heartbeat_Friends.mp3",
        "encoding": ["Lavf58.29.100"]
    }
},
"lowlevel": {
    "average_loudness": 0.897456467152,
    "barkbands_crest": {
        "max": 22.4719848633,
        "mean": 7.06726837158,
        "min": 2.56930923462,
        "stdev": 3.16304802895
    },
    "barkbands_flatness_db": {
        "max": 0.289772987366,
        "mean": 0.150672629476,
        "min": 0.0450953505933,
        "stdev": 0.0464832559228
    },
    "barkbands_kurtosis": {
        "max": 14.1956558228,
        "mean": 0.05254271999,
        "min": -1.71958601475,
        "stdev": 1.8737963438
    },
    "barkbands_skewness": {
        "max": 3.70303106308,
        "mean": 0.673080205917,
        "min": -1.49614107609,
        "stdev": 0.700522601604
    },
    "barkbands_spread": {
        "max": 87.2004165649,
        "mean": 25.2133693695,
        "min": 5.2561416626,
        "stdev": 12.4299402237
    },
    "dissonance": {
        "max": 0.499999880791,
        "mean": 0.480597913265,
        "min": 0.323363900185,
        "stdev": 0.0167800970376
    },
    "dynamic_complexity": 2.15975570679,
    "erbbands_crest": {
        "max": 24.2846565247,
        "mean": 7.42202997208,
        "min": 2.43128490448,
        "stdev": 3.1522603035
    },
    "erbbands_flatness_db": {
        "max": 0.326167136431,
        "mean": 0.202263221145,
        "min": 0.0837401151657,
        "stdev": 0.0607575327158
    },
    "erbbands_kurtosis": {
        "max": 4.56568861008,
        "mean": -0.32132345438,
        "min": -1.62547016144,
        "stdev": 0.777688741684
    },
    "erbbands_skewness": {
        "max": 1.75063431263,
        "mean": -0.0163353569806,
        "min": -1.52459311485,
        "stdev": 0.499206870794
    },
    "erbbands_spread": {
        "max": 112.839454651,
        "mean": 33.0719985962,
        "min": 9.31861495972,
        "stdev": 15.2409639359
    },
    "hfc": {
        "max": 102.014602661,
        "mean": 27.5149765015,
        "min": 0.135143890977,
        "stdev": 17.9332809448
    },
    "loudness_ebu128": {
        "integrated": -17.826461792,
        "loudness_range": 5.23165130615,
        "momentary": {
            "max": -12.9039011002,
            "mean": -18.3246765137,
            "min": -24.3127288818,
            "stdev": 2.09403181076
        },
        "short_term": {
            "max": -14.5219631195,
            "mean": -18.0660266876,
            "min": -21.0506343842,
            "stdev": 1.54764926434
        }
    },
    "melbands_crest": {
        "max": 30.811832428,
        "mean": 10.5576257706,
        "min": 3.10858106613,
        "stdev": 4.54321718216
    },
    "melbands_flatness_db": {
        "max": 0.261675059795,
        "mean": 0.135101124644,
        "min": 0.0262988898903,
        "stdev": 0.0369557887316
    },
    "melbands_kurtosis": {
        "max": 58.689289093,
        "mean": 3.96854782104,
        "min": -1.31143033504,
        "stdev": 6.44464969635
    },
    "melbands_skewness": {
        "max": 7.12380027771,
        "mean": 1.60675084591,
        "min": -0.53587859869,
        "stdev": 1.05654799938
    },
    "melbands_spread": {
        "max": 100.044509888,
        "mean": 33.6870994568,
        "min": 6.51249170303,
        "stdev": 13.838060379
    },
    "pitch_salience": {
        "max": 0.863465607166,
        "mean": 0.647424697876,
        "min": 0.289873212576,
        "stdev": 0.110963664949
    },
    "silence_rate_20dB": {
        "max": 1,
        "mean": 1,
        "min": 1,
        "stdev": 0
    },
    "silence_rate_30dB": {
        "max": 1,
        "mean": 1,
        "min": 1,
        "stdev": 0
    },
    "silence_rate_60dB": {
        "max": 1,
        "mean": 0.0336247496307,
        "min": 0,
        "stdev": 0.180261105299
    },
    "spectral_centroid": {
        "max": 3802.70629883,
        "mean": 1988.45617676,
        "min": 655.678161621,
        "stdev": 481.375793457
    },
    "spectral_complexity": {
        "max": 53,
        "mean": 28.6341629028,
        "min": 0,
        "stdev": 9.60122680664
    },
    "spectral_decrease": {
        "max": -2.10408305362e-11,
        "mean": -4.98320407161e-09,
        "min": -1.82077304345e-08,
        "stdev": 2.95131874495e-09
    },
    "spectral_energy": {
        "max": 0.0750262364745,
        "mean": 0.0213034637272,
        "min": 9.16706194403e-05,
        "stdev": 0.0124815991148
    },
    "spectral_energyband_high": {
        "max": 0.00797128304839,
        "mean": 0.00101132027339,
        "min": 3.58660167876e-06,
        "stdev": 0.00103544443846
    },
    "spectral_energyband_low": {
        "max": 0.0531986765563,
        "mean": 0.00325251673348,
        "min": 1.28749126915e-08,
        "stdev": 0.00504448730499
    },
    "spectral_energyband_middle_high": {
        "max": 0.0623788610101,
        "mean": 0.010069324635,
        "min": 5.49912547285e-05,
        "stdev": 0.00894125271589
    },
    "spectral_energyband_middle_low": {
        "max": 0.0380785726011,
        "mean": 0.00779525749385,
        "min": 3.34648975695e-05,
        "stdev": 0.00599289545789
    },
    "spectral_entropy": {
        "max": 8.49534416199,
        "mean": 7.79244947433,
        "min": 7.20072412491,
        "stdev": 0.192581474781
    },
    "spectral_flux": {
        "max": 0.212809860706,
        "mean": 0.0894059464335,
        "min": 0.0278019104153,
        "stdev": 0.0336001478136
    },
    "spectral_kurtosis": {
        "max": 16.2974376678,
        "mean": 3.19914221764,
        "min": -0.6332218647,
        "stdev": 1.81887125969
    },
    "spectral_rms": {
        "max": 0.00855548493564,
        "mean": 0.00434221094474,
        "min": 0.000299056438962,
        "stdev": 0.0013888879912
    },
    "spectral_rolloff": {
        "max": 9065.47851562,
        "mean": 2452.80151367,
        "min": 150.732421875,
        "stdev": 1135.83581543
    },
    "spectral_skewness": {
        "max": 3.04509997368,
        "mean": 1.15749561787,
        "min": 0.169153571129,
        "stdev": 0.237628147006
    },
    "spectral_spread": {
        "max": 14452776,
        "mean": 3671249,
        "min": 2165858.75,
        "stdev": 1315409.625
    },
    "spectral_strongpeak": {
        "max": 7.32400083542,
        "mean": 1.02849638462,
        "min": 0.00939146615565,
        "stdev": 1.00254619122
    },
    "zerocrossingrate": {
        "max": 0.2197265625,
        "mean": 0.0842250660062,
        "min": 0.01904296875,
        "stdev": 0.024680769071
    },
    "barkbands": {
        "max": [0.00117380125448, 0.0358732789755, 0.0176731739193, 0.0161338336766, 0.0248901546001, 0.0249925348908, 0.0342004224658, 0.0306530464441, 0.0186671875417, 0.0270713269711, 0.0324339270592, 0.0175527688116, 0.0169945340604, 0.0112662212923, 0.0114067113027, 0.0107621960342, 0.00735827349126, 0.00795517582446, 0.00539671443403, 0.00408797012642, 0.00297005544417, 0.00190996250603, 0.00268213381059, 0.00383400404826, 0.00189267261885, 0.000398448377382, 7.910059594e-07],
        "mean": [1.79267535714e-05, 0.00162870320491, 0.000997556606308, 0.00117407622747, 0.00117956113536, 0.00122294586617, 0.00153602240607, 0.00100498844404, 0.0012691001175, 0.00136430538259, 0.00182433472946, 0.000973816262558, 0.000782390590757, 0.000827041512821, 0.000966164458077, 0.000829650496598, 0.000881860614754, 0.00087322719628, 0.000668290653266, 0.000466821162263, 0.000250425742706, 0.000172382642631, 0.00017992912035, 0.000147306011058, 5.90051859035e-05, 5.62947980143e-06, 1.317111753e-09],
        "min": [3.58805866962e-11, 2.18677007058e-10, 3.02668112795e-10, 2.20898037639e-08, 4.44515563913e-07, 1.631244686e-06, 2.3083052838e-06, 7.59838167141e-06, 1.84153100236e-06, 2.01904413188e-06, 6.55067560729e-06, 4.60361025034e-06, 5.29505132363e-06, 6.9821589932e-06, 1.1329678955e-06, 5.12360384164e-06, 9.36472770263e-06, 3.32967329086e-06, 3.54088820131e-06, 1.37382755838e-06, 1.71832152773e-06, 4.07985879747e-07, 1.84853320206e-07, 2.02708022812e-07, 1.1410121914e-07, 4.27594973318e-11, 5.92378576747e-11],
        "stdev": [5.29944336449e-05, 0.0034769854974, 0.00169923075009, 0.00200826697983, 0.00188803276978, 0.00213987147436, 0.00302810361609, 0.00217578955926, 0.00212109019049, 0.00244175712578, 0.0029451509472, 0.00170600076672, 0.00137134070974, 0.00119693030138, 0.00121896446217, 0.00105160998646, 0.000908741145395, 0.000901358027477, 0.000657882425003, 0.000451526255347, 0.000259066087892, 0.00019319949206, 0.000230627993005, 0.000323158543324, 0.000146522448631, 2.23320403165e-05, 2.05562553646e-08]
    },
    "erbbands": {
        "max": [0.612932741642, 9.18252182007, 21.4775619507, 34.8390960693, 59.1092834473, 104.606246948, 58.3268890381, 320.552185059, 607.285583496, 521.848022461, 516.020141602, 509.521759033, 831.446533203, 1000.72790527, 696.415405273, 522.222473145, 861.576049805, 821.427612305, 451.285705566, 767.195922852, 618.598266602, 410.650848389, 407.411651611, 318.845031738, 251.918304443, 228.34085083, 138.15637207, 106.153419495, 75.8758468628, 61.1977462769, 81.0451965332, 80.1817703247, 57.8127784729, 31.4805450439, 9.24620914459, 3.46802997589, 0.104987166822, 0.00324749224819, 0.000278497871477, 9.97473543976e-05],
        "mean": [0.0287726968527, 0.426128715277, 1.17462444305, 2.77291703224, 4.31986570358, 3.30561995506, 5.70619010925, 11.2298603058, 19.7800827026, 23.0056533813, 24.0102500916, 26.9360656738, 40.7297744751, 57.5611381531, 63.5473594666, 37.8240280151, 36.4303359985, 41.7347640991, 41.8297996521, 55.7587013245, 46.7332611084, 50.1069984436, 47.5407714844, 40.1049423218, 30.4405269623, 21.8880233765, 12.5445413589, 8.4646062851, 6.35391044617, 5.38025999069, 5.13721847534, 3.62498545647, 2.12331461906, 0.869269609451, 0.315380513668, 0.0682218894362, 0.00189190171659, 8.67490307428e-05, 2.30900932365e-05, 2.92477434414e-05],
        "min": [3.43701032079e-07, 2.19233129428e-06, 2.22026556003e-05, 0.000123594159959, 0.000621604442131, 0.00170163833536, 0.005944525823, 0.0125928092748, 0.0387815386057, 0.108493387699, 0.185646727681, 0.03897587955, 0.0744644626975, 0.163015261292, 0.307375520468, 0.214066207409, 0.219104498625, 0.467364102602, 0.077361561358, 0.0787942782044, 0.364903390408, 0.542511105537, 0.254431217909, 0.243433490396, 0.0915213599801, 0.0771320909262, 0.111888311803, 0.0200237073004, 0.0194456279278, 0.00605902960524, 0.00605010334402, 0.00366868008859, 0.00354372616857, 0.00184836378321, 0.000190817328985, 1.08860822365e-05, 2.99695602735e-06, 7.81107814873e-07, 1.60324941589e-06, 6.3830060526e-07],
        "stdev": [0.0669736638665, 0.889452457428, 1.91699802876, 4.53416204453, 6.59902954102, 6.29596090317, 8.56462955475, 21.4700126648, 44.142375946, 45.2608261108, 46.4487533569, 46.5021209717, 68.9636154175, 90.6402664185, 99.4300460815, 61.6482162476, 62.4419517517, 63.1508369446, 49.2427597046, 74.0839767456, 53.620891571, 48.075969696, 45.7410697937, 42.4147644043, 28.6289386749, 21.1305332184, 12.5071516037, 8.73236751556, 7.26067209244, 6.39786911011, 6.73324632645, 6.74297380447, 5.11291980743, 2.12847542763, 0.871010303497, 0.235829114914, 0.00698680477217, 0.00024272504379, 2.59621665464e-05, 1.7263184418e-05]
    },
    "gfcc": {
        "mean": [-5.34103727341, 74.4721221924, -188.109359741, 36.4326248169, -82.5440216064, 13.2765264511, -44.0344352722, 6.39061784744, -19.5494689941, -13.9050741196, -7.31378412247, -13.5841236115, -0.906125545502],
        "cov": [[2589.83203125, 477.584747314, 1631.13916016, 798.411254883, 372.602294922, 495.995910645, -108.585678101, 230.097579956, -88.3113861084, 329.080291748, 39.4646034241, 126.055541992, -20.8075828552], [477.584747314, 799.783325195, 873.233154297, 404.443084717, 204.072845459, 19.0084114075, -130.68132019, -65.8866729736, -53.8428459167, 66.0620193481, 15.7993106842, -0.893781602383, 7.05563783646], [1631.13916016, 873.233154297, 2614.04370117, 1193.93273926, 572.419067383, 528.783081055, -330.923065186, 221.109329224, -203.760116577, 431.283569336, -70.7931671143, 197.065628052, -56.4059410095], [798.411254883, 404.443084717, 1193.93273926, 741.286621094, 364.80581665, 326.741912842, -89.2450027466, 130.974700928, -51.825668335, 181.622817993, -8.49076271057, 97.2393417358, 16.4055156708], [372.602294922, 204.072845459, 572.419067383, 364.80581665, 285.432769775, 242.64781189, 15.9267568588, 113.61895752, -20.2312412262, 98.7232589722, -1.0554074049, 54.7832946777, 10.2039213181], [495.995910645, 19.0084114075, 528.783081055, 326.741912842, 242.64781189, 404.611419678, 122.182624817, 172.719848633, -20.7621021271, 115.293334961, 12.2298460007, 57.800617218, -5.41273546219], [-108.585678101, -130.68132019, -330.923065186, -89.2450027466, 15.9267568588, 122.182624817, 247.89201355, 71.7248153687, 54.4371910095, -44.7934150696, 33.342830658, -14.9805908203, 14.2949590683], [230.097579956, -65.8866729736, 221.109329224, 130.974700928, 113.61895752, 172.719848633, 71.7248153687, 163.105606079, 20.6846942902, 70.1090927124, 0.719588279724, 44.9018554688, 3.4980096817], [-88.3113861084, -53.8428459167, -203.760116577, -51.825668335, -20.2312412262, -20.7621021271, 54.4371910095, 20.6846942902, 96.3013458252, -12.8062543869, 24.5006465912, -14.1092281342, 23.6313991547], [329.080291748, 66.0620193481, 431.283569336, 181.622817993, 98.7232589722, 115.293334961, -44.7934150696, 70.1090927124, -12.8062543869, 150.054122925, 9.27540206909, 57.9378089905, -15.5083341599], [39.4646034241, 15.7993106842, -70.7931671143, -8.49076271057, -1.0554074049, 12.2298460007, 33.342830658, 0.719588279724, 24.5006465912, 9.27540206909, 73.8927688599, 12.0765190125, 18.4939289093], [126.055541992, -0.893781602383, 197.065628052, 97.2393417358, 54.7832946777, 57.800617218, -14.9805908203, 44.9018554688, -14.1092281342, 57.9378089905, 12.0765190125, 78.6504592896, 16.9509449005], [-20.8075828552, 7.05563783646, -56.4059410095, 16.4055156708, 10.2039213181, -5.41273546219, 14.2949590683, 3.4980096817, 23.6313991547, -15.5083341599, 18.4939289093, 16.9509449005, 55.6807250977]],
        "icov": [[0.000767493678723, -0.000367269152775, -5.77519722356e-06, -0.000399191223551, 0.000906050205231, -0.000802638009191, 0.00047029365669, -0.000769839214627, 0.000317041645758, -0.000591877149418, -0.000502626993693, 0.000355812138878, -0.000112111258204], [-0.000367269152775, 0.0105154747143, -0.00956412125379, 0.00478428322822, -0.00969348568469, 0.0102473208681, -0.00928711518645, 0.0098655577749, -0.00370514998212, 0.00558904092759, -0.00801917444915, 0.00803586747497, -0.0046846633777], [-5.77519722356e-06, -0.00956412125379, 0.0125189656392, -0.00842076353729, 0.00882466882467, -0.00986707489938, 0.0108874356374, -0.00983674265444, 0.006387389265, -0.00840479321778, 0.00869070366025, -0.00754734128714, 0.00597860943526], [-0.000399191223551, 0.00478428322822, -0.00842076353729, 0.0123175317422, -0.00964220706373, 0.00311381951906, -0.0039590136148, 0.00677621737123, -0.00575553672388, 0.00566300516948, -0.00425737723708, 0.00305876275524, -0.00575178861618], [0.000906050205231, -0.00969348568469, 0.00882466882467, -0.00964220706373, 0.022319091484, -0.0127839343622, 0.00819983147085, -0.0113866142929, 0.00436390936375, -0.00581424916163, 0.00746100209653, -0.00649204151705, 0.00265154405497], [-0.000802638009191, 0.0102473208681, -0.00986707489938, 0.00311381951906, -0.0127839343622, 0.0216197390109, -0.0161092821509, 0.00554734980687, 0.000439140567323, 0.00293796509504, -0.00850094668567, 0.00904778856784, -0.00357879628427], [0.00047029365669, -0.00928711518645, 0.0108874356374, -0.0039590136148, 0.00819983147085, -0.0161092821509, 0.0214233770967, -0.0118140950799, 0.00115218828432, -0.00154784275219, 0.00452101742849, -0.00679589249194, 0.00536891072989], [-0.000769839214627, 0.0098655577749, -0.00983674265444, 0.00677621737123, -0.0113866142929, 0.00554734980687, -0.0118140950799, 0.0259077250957, -0.0102143827826, 0.00343998731114, -0.00267908070236, 0.00126424385235, -0.00366963841952], [0.000317041645758, -0.00370514998212, 0.006387389265, -0.00575553672388, 0.00436390936375, 0.000439140567323, 0.00115218828432, -0.0102143827826, 0.0224523860961, -0.00917126331478, -0.000174752844032, 0.00519500859082, -0.00526366988197], [-0.000591877149418, 0.00558904092759, -0.00840479321778, 0.00566300516948, -0.00581424916163, 0.00293796509504, -0.00154784275219, 0.00343998731114, -0.00917126331478, 0.0245038401335, -0.00881548877805, -0.00483410758898, 0.00553707778454], [-0.000502626993693, -0.00801917444915, 0.00869070366025, -0.00425737723708, 0.00746100209653, -0.00850094668567, 0.00452101742849, -0.00267908070236, -0.000174752844032, -0.00881548877805, 0.0256738997996, -0.0097864465788, -0.00022868088854], [0.000355812138878, 0.00803586747497, -0.00754734128714, 0.00305876275524, -0.00649204151705, 0.00904778856784, -0.00679589249194, 0.00126424385235, 0.00519500859082, -0.00483410758898, -0.0097864465788, 0.0326516665518, -0.0159385278821], [-0.000112111258204, -0.0046846633777, 0.00597860943526, -0.00575178861618, 0.00265154405497, -0.00357879628427, 0.00536891072989, -0.00366963841952, -0.00526366988197, 0.00553707778454, -0.00022868088854, -0.0159385278821, 0.0329850688577]]
    },
    "melbands": {
        "max": [0.00820625107735, 0.011630945839, 0.00551175605506, 0.00624466082081, 0.0017476696521, 0.00614807382226, 0.00818192213774, 0.00592217734084, 0.00442024925724, 0.00287985871546, 0.00431517232209, 0.00372391659766, 0.00334601802751, 0.00239639473148, 0.00140529579949, 0.0016425291542, 0.00134224467911, 0.000757856294513, 0.00120689615142, 0.000808589509688, 0.000958725868259, 0.000511608028319, 0.000289524643449, 0.000486965291202, 0.000267206720309, 0.000280633044895, 0.000138151968713, 0.000132712550112, 0.000117058487376, 8.20156856207e-05, 4.82813629787e-05, 5.81647182116e-05, 3.72406830138e-05, 3.82364123652e-05, 3.65494706784e-05, 6.32433002465e-05, 4.81783572468e-05, 4.33142558904e-05, 3.20929793816e-05, 2.64579684881e-05],
        "mean": [0.000364748906577, 0.000620615202934, 0.000526948482729, 0.000273560581263, 0.000182102085091, 0.000256731844274, 0.000307239912217, 0.000241751171416, 0.000195582979359, 0.000174168744707, 0.000203241710551, 0.000224557647016, 0.000241266519879, 0.000121039098303, 8.10290439404e-05, 8.14789018477e-05, 7.58682072046e-05, 6.41817168798e-05, 7.7918797615e-05, 6.30962240393e-05, 5.37555497431e-05, 5.43558671779e-05, 4.11831933889e-05, 4.3395524699e-05, 3.10389477818e-05, 2.61161931121e-05, 1.830481051e-05, 1.32612631205e-05, 8.28463817015e-06, 5.90764284425e-06, 4.49555727755e-06, 3.73472198589e-06, 2.99485918731e-06, 2.99023304251e-06, 3.01493832922e-06, 2.6621703455e-06, 2.03705008062e-06, 1.58301668307e-06, 1.0940680113e-06, 6.07975607636e-07],
        "min": [7.57096607629e-11, 1.44495682086e-09, 3.43016210991e-08, 8.10153224506e-08, 1.73644934875e-07, 2.91917359618e-07, 5.53848167328e-07, 1.17486558793e-06, 1.26782288135e-06, 2.0581563831e-07, 2.26480466381e-07, 5.43608166481e-07, 8.63354614467e-07, 5.75170531647e-07, 2.2610967676e-07, 7.12543339887e-07, 8.63612456214e-07, 9.27933072603e-08, 1.07122851034e-07, 1.46461132999e-07, 4.89289561756e-07, 5.64719641716e-07, 3.36884596663e-07, 1.99683356072e-07, 2.06096586908e-07, 8.12938978356e-08, 3.65330699026e-08, 5.13593114704e-08, 7.73965282974e-08, 3.23131708058e-08, 5.95060400954e-09, 1.25727721567e-08, 5.3396314037e-09, 2.83912759969e-09, 3.87908327681e-09, 2.34080532735e-09, 2.1632378111e-09, 1.42885958621e-09, 1.57904955778e-09, 1.26779461929e-10],
        "stdev": [0.000810250639915, 0.00100344815291, 0.000762404932175, 0.000457052025013, 0.000262678862782, 0.000471348117571, 0.000641972874291, 0.000482072820887, 0.000382316939067, 0.00029999500839, 0.000352477713022, 0.000364285486285, 0.000388277840102, 0.000219426161493, 0.000145880549098, 0.000138213377795, 0.0001190573239, 8.58951098053e-05, 0.000104165133962, 8.92267271411e-05, 7.11822431185e-05, 5.76842940063e-05, 4.13254638261e-05, 4.76056411571e-05, 3.47423629137e-05, 2.75703241641e-05, 1.84595937753e-05, 1.36309681693e-05, 8.78898845258e-06, 6.42916938887e-06, 4.76148034068e-06, 4.51601044915e-06, 3.45272997038e-06, 3.86688725484e-06, 3.89633532905e-06, 4.16407783632e-06, 4.27676332038e-06, 3.93063419324e-06, 2.68686244453e-06, 1.55335249019e-06]
    },
    "melbands128": {
        "max": [0.000659606594127, 0.00284630409442, 0.012897040695, 0.0168716609478, 0.0128763504326, 0.00818543042988, 0.0082017974928, 0.00751638226211, 0.00828260183334, 0.00929092522711, 0.0062016043812, 0.00252718105912, 0.00252739712596, 0.00560985505581, 0.0105243856087, 0.00835802685469, 0.0119219888002, 0.0151564320549, 0.00709917815402, 0.00844805687666, 0.0122736431658, 0.00784659944475, 0.00822877883911, 0.00558406021446, 0.00622709281743, 0.00505648879334, 0.0061610173434, 0.00568127678707, 0.00605152407661, 0.00546205975115, 0.00610749982297, 0.0073075806722, 0.00579829327762, 0.00368157611229, 0.00522414548323, 0.00241117924452, 0.00243422575295, 0.00217454927042, 0.00315130199306, 0.00303333299235, 0.002095768461, 0.00533702643588, 0.00262050679885, 0.0021694060415, 0.00144606048707, 0.00116896547843, 0.0012371246703, 0.0018952669343, 0.00209165993147, 0.00212576123886, 0.00128144829068, 0.00151531992014, 0.0017453286564, 0.0014475050848, 0.00138666795101, 0.000874810037203, 0.000696437200531, 0.000593101605773, 0.000365323998267, 0.000396170245949, 0.00081747607328, 0.000471822248073, 0.000379924924346, 0.000347747904016, 0.00043782548164, 0.000536593201105, 0.000247115822276, 0.000202032606467, 0.000272787146969, 0.000484953721752, 0.000180417773663, 0.000158784619998, 0.000148622610141, 0.00016227659944, 9.68285748968e-05, 8.58859420987e-05, 0.000107782543637, 9.0060151706e-05, 5.29691242264e-05, 5.79191946599e-05, 8.43580346555e-05, 5.50976437808e-05, 4.46674857812e-05, 5.46742776351e-05, 3.01832515106e-05, 3.74114024453e-05, 9.51261536102e-05, 3.65986961697e-05, 3.21701190842e-05, 6.06259673077e-05, 9.28847366595e-05, 6.49474386591e-05, 7.52158957766e-05, 6.38958299533e-05, 5.59329346288e-05, 6.04630004091e-05, 5.13898739882e-05, 5.55483275093e-05, 4.06514445785e-05, 2.42449932557e-05, 2.70217933576e-05, 3.61589445674e-05, 1.51929789354e-05, 1.59951687237e-05, 1.17826139103e-05, 1.74543765752e-05, 1.11135168481e-05, 1.22858173199e-05, 1.04239215943e-05, 1.63345362125e-06, 1.31930866232e-08, 4.99419217093e-09, 4.74660222238e-09, 4.47461401265e-09, 4.27302060402e-09, 4.08928313433e-09, 3.92424448492e-09, 3.7839127387e-09, 3.62947605304e-09, 3.52445406193e-09, 3.4198570642e-09, 3.30958505046e-09, 3.24146176567e-09, 3.17800830096e-09, 3.11701042754e-09, 3.07031511326e-09, 3.03902947252e-09, 3.0145459462e-09],
        "mean": [1.53842156578e-05, 0.000145914658788, 0.000509555917233, 0.000784958945587, 0.000644301704597, 0.000475763983559, 0.000566626724321, 0.00057326402748, 0.000446475896752, 0.000270435441053, 0.000149144121679, 0.000145791651448, 0.000196203312953, 0.000219641529839, 0.000227465949138, 0.000292663229629, 0.000325874600094, 0.000304022600176, 0.000290685042273, 0.000275957252597, 0.000196466804482, 0.00020083905838, 0.000204992262297, 0.000183889569598, 0.000153597793542, 0.000171990701347, 0.00021060173458, 0.000206200784305, 0.000206151380553, 0.00017677876167, 0.000237276632106, 0.000305939087411, 0.000275735947071, 0.000166213794728, 0.000143127661431, 0.000108634907519, 8.30509088701e-05, 8.34683523863e-05, 7.36881193006e-05, 8.13771694084e-05, 7.93122308096e-05, 8.86131456355e-05, 7.98260225565e-05, 6.42875529593e-05, 7.34196510166e-05, 6.20478022029e-05, 5.4649397498e-05, 8.01386777312e-05, 8.63315872266e-05, 8.22758374852e-05, 5.61973793083e-05, 4.9063059123e-05, 5.31304576725e-05, 5.59752697882e-05, 5.50730983377e-05, 6.04746455792e-05, 4.71635939903e-05, 3.95519746235e-05, 3.85870152968e-05, 4.50677871413e-05, 4.65129014628e-05, 4.10061002185e-05, 3.21049628837e-05, 2.68836447503e-05, 3.08836351905e-05, 3.11996336677e-05, 1.8916611225e-05, 1.74963133759e-05, 1.91264589375e-05, 1.82491403393e-05, 1.34779929795e-05, 1.12828620331e-05, 8.70212261361e-06, 8.37982224766e-06, 6.7207192842e-06, 6.05425202593e-06, 5.515614248e-06, 5.10342078996e-06, 4.2244546421e-06, 4.08244477512e-06, 4.03322064813e-06, 3.47359855368e-06, 3.20138656207e-06, 2.89523131869e-06, 2.91925630336e-06, 2.87832267531e-06, 3.15609963764e-06, 2.93152152153e-06, 3.07057030113e-06, 3.00570764011e-06, 2.85321766569e-06, 2.53234338743e-06, 2.40333724832e-06, 2.02103296942e-06, 1.87000364349e-06, 1.69148881923e-06, 1.54911356276e-06, 1.37599272421e-06, 1.17187232718e-06, 9.431204262e-07, 6.95911467119e-07, 5.79872505568e-07, 4.42647888121e-07, 3.87595918028e-07, 3.17933682936e-07, 3.39650142678e-07, 3.01878401388e-07, 2.14430585288e-07, 7.72903874235e-08, 1.33790534207e-08, 2.17123367896e-11, 9.2859634912e-12, 7.6340140806e-12, 7.26188163422e-12, 6.94966697037e-12, 6.69345308346e-12, 6.44208948339e-12, 6.21342127055e-12, 6.00608408494e-12, 5.84426647701e-12, 5.6938715895e-12, 5.54764914562e-12, 5.42877505103e-12, 5.31956336619e-12, 5.24659829471e-12, 5.18481655179e-12, 5.13854063466e-12, 5.09807170437e-12],
        "min": [1.1849588422e-13, 1.61429689061e-11, 2.69889804949e-11, 9.10243477814e-11, 1.79785686338e-10, 1.0656035776e-10, 1.45174317012e-09, 1.63114304286e-08, 4.49198616082e-08, 2.54264396204e-08, 3.55906735194e-08, 9.72835678681e-09, 1.31996653607e-08, 5.15523339573e-08, 9.36690724984e-08, 7.60437046665e-08, 1.29045020003e-07, 3.17598988886e-07, 2.77984497643e-07, 3.77970849286e-07, 6.70560140748e-08, 1.95410621018e-07, 2.01297325475e-07, 7.02453419876e-08, 3.28639444547e-08, 4.5101220536e-09, 2.4683546318e-09, 2.1918710047e-07, 1.93503773005e-08, 1.1414154244e-07, 3.98531710744e-07, 1.2852589748e-07, 1.37205262263e-07, 8.68833183176e-08, 2.43982526626e-07, 1.38098485536e-07, 7.71237012032e-08, 5.82282311257e-09, 1.54250141549e-08, 1.47909755555e-08, 3.98256418066e-07, 2.47984019097e-07, 2.25653522534e-07, 1.26154759528e-07, 7.82660549703e-08, 1.10644853279e-08, 6.3258760008e-08, 1.73633424083e-07, 8.33070927797e-08, 2.47843789936e-08, 1.42661633618e-07, 2.50679676128e-07, 1.90055160942e-07, 4.02932549548e-08, 1.76980989863e-07, 2.07471941849e-07, 6.23766638341e-08, 7.13581016498e-09, 5.3096487207e-09, 1.82419739758e-07, 2.80586277768e-07, 2.09295887288e-08, 1.45672103713e-07, 2.79955315818e-07, 4.49423929183e-08, 1.05261847239e-07, 7.18770536423e-08, 2.40133992691e-08, 2.83088592568e-08, 5.26727887973e-08, 5.16490388236e-08, 2.61039687643e-08, 3.549454064e-08, 6.39719317519e-08, 1.02389641654e-07, 2.38025226196e-08, 9.89085879866e-09, 5.03823249787e-09, 6.63080124141e-09, 3.1440254844e-09, 1.53616639409e-08, 1.32468072067e-08, 9.77393455059e-09, 3.67201069551e-09, 2.40238207105e-09, 1.84749848753e-09, 3.26021387664e-09, 4.30160929099e-09, 3.44773476435e-09, 4.75404826616e-09, 1.93388483005e-09, 1.72669745169e-09, 2.69418798382e-09, 1.61103341778e-09, 1.93532190274e-09, 1.50600035914e-11, 4.07581607353e-12, 7.70688981383e-12, 1.34539532293e-10, 4.83285564346e-11, 6.93715050681e-12, 1.41918009462e-12, 3.28777608437e-12, 1.77797197538e-12, 6.46177989588e-13, 3.77158509502e-13, 2.22466955881e-13, 1.36953857001e-13, 1.88654349304e-13, 2.08516282582e-13, 1.57896509452e-13, 1.46975178339e-13, 1.39993905682e-13, 1.50133120454e-13, 1.70001789339e-13, 1.49764735661e-13, 1.74679986188e-13, 1.82279321845e-13, 1.59747432296e-13, 1.62894952518e-13, 1.53614344552e-13, 1.51980492536e-13, 1.61193527601e-13, 1.47541809499e-13, 1.68780381381e-13, 1.8929099282e-13, 1.82967464964e-13, 1.89171771238e-13],
        "stdev": [4.30464169767e-05, 0.000365811138181, 0.00127762579359, 0.00164361286443, 0.00116258696653, 0.000836557766888, 0.00105221976992, 0.000988068873994, 0.000758333539125, 0.000605205656029, 0.000358240999049, 0.000269148265943, 0.000320622581057, 0.000506695127115, 0.000550722586922, 0.000776913249865, 0.000877657905221, 0.000952600035816, 0.000702287012246, 0.000706263585016, 0.000613532844, 0.000559243839234, 0.000544956419617, 0.000471387640573, 0.000399319425924, 0.000369423330994, 0.000433128501754, 0.000446282560006, 0.000436213595094, 0.000384801998734, 0.000477007997688, 0.000580756866839, 0.000571049225982, 0.000358803576091, 0.000351609342033, 0.000242321591941, 0.000191276092664, 0.000181260198588, 0.000193285552086, 0.000212354396353, 0.000171144318301, 0.000215402455069, 0.000174722998054, 0.000122311757877, 0.000133183682919, 0.000112123350846, 9.12907416932e-05, 0.000144463934703, 0.000161827425472, 0.000170972431079, 0.000111172877951, 9.97678580461e-05, 9.23620682443e-05, 9.99568219413e-05, 0.000102065918327, 7.87958560977e-05, 6.21478320681e-05, 5.57757484785e-05, 4.64635595563e-05, 5.25225987076e-05, 6.49030334898e-05, 5.81137792324e-05, 4.94204650749e-05, 3.54193070962e-05, 3.78880795324e-05, 4.55572117062e-05, 2.53395282925e-05, 2.18408313231e-05, 2.6055271519e-05, 2.74083595286e-05, 1.76341036422e-05, 1.43550305438e-05, 1.0906863281e-05, 1.15706161523e-05, 9.06264358491e-06, 7.30378724256e-06, 7.18093997421e-06, 6.56964175505e-06, 4.75690694657e-06, 5.13091708854e-06, 5.51220864509e-06, 4.86547423861e-06, 4.00416774937e-06, 3.77043352273e-06, 3.64173138223e-06, 4.03053945774e-06, 5.2822847465e-06, 4.04533693654e-06, 4.25026064477e-06, 4.80868993691e-06, 4.84398151457e-06, 4.38928918811e-06, 4.6224486141e-06, 4.6200111683e-06, 4.52182257504e-06, 4.47422371508e-06, 4.09048061556e-06, 3.73576040147e-06, 3.26716076415e-06, 2.09352378988e-06, 1.8615891122e-06, 1.72450063474e-06, 1.1866462728e-06, 1.18029936402e-06, 1.02248930034e-06, 1.03381933059e-06, 8.47764454193e-07, 7.64438482292e-07, 4.87276622607e-07, 8.74254553196e-08, 3.76955938686e-10, 1.35034303184e-10, 1.23400845098e-10, 1.16325414579e-10, 1.11059009211e-10, 1.06292211144e-10, 1.01995294155e-10, 9.83384623732e-11, 9.43246800111e-11, 9.15905476462e-11, 8.88711049196e-11, 8.60072846276e-11, 8.4230157571e-11, 8.25825866024e-11, 8.1004467023e-11, 7.97866564484e-11, 7.89733764495e-11, 7.83349982103e-11]
    },
    "mfcc": {
        "mean": [-614.998718262, 83.0329971313, -42.4960136414, 7.08928012848, -13.1500835419, -6.7947640419, -9.68066120148, 4.27514362335, -6.76139211655, 0.132724389434, -8.12850093842, -4.19918870926, -4.14074516296],
        "cov": [[1876.85229492, 101.371025085, 780.468200684, 309.923919678, 388.737335205, 245.429336548, 251.908737183, 64.061340332, 71.2997207642, 185.155136108, -0.432511717081, 111.418319702, 189.743179321], [101.371025085, 584.137878418, 566.56854248, 316.866760254, 258.523651123, 89.4635238647, 28.6036682129, -92.9857711792, -43.3085823059, -13.0270996094, -53.9234085083, 25.881526947, 33.3425521851], [780.468200684, 566.56854248, 1933.76782227, 867.356811523, 944.72088623, 450.65447998, 305.065246582, -41.4185447693, 74.6614685059, 151.4296875, -66.9375228882, 159.909103394, 225.979263306], [309.923919678, 316.866760254, 867.356811523, 554.661560059, 493.407562256, 225.511779785, 120.985687256, -5.16618156433, 41.258556366, 74.3804244995, -56.0944633484, 62.3536911011, 114.878890991], [388.737335205, 258.523651123, 944.72088623, 493.407562256, 612.377563477, 271.196258545, 196.345535278, 21.8504753113, 72.4132080078, 114.508125305, -36.0979003906, 85.5890731812, 137.082229614], [245.429336548, 89.4635238647, 450.65447998, 225.511779785, 271.196258545, 261.887817383, 197.664428711, 86.3356170654, 70.5792770386, 103.144355774, 21.4974498749, 59.0592308044, 74.820930481], [251.908737183, 28.6036682129, 305.065246582, 120.985687256, 196.345535278, 197.664428711, 261.112030029, 133.532699585, 83.1462554932, 109.932380676, 39.3573074341, 65.1761474609, 71.2119827271], [64.061340332, -92.9857711792, -41.4185447693, -5.16618156433, 21.8504753113, 86.3356170654, 133.532699585, 175.167938232, 90.6314468384, 84.3914260864, 36.1053466797, 30.3475456238, 22.3716449738], [71.2997207642, -43.3085823059, 74.6614685059, 41.258556366, 72.4132080078, 70.5792770386, 83.1462554932, 90.6314468384, 108.241233826, 73.1356811523, 31.8013362885, 24.1741218567, 26.7870903015], [185.155136108, -13.0270996094, 151.4296875, 74.3804244995, 114.508125305, 103.144355774, 109.932380676, 84.3914260864, 73.1356811523, 134.362823486, 37.3190765381, 40.2166519165, 41.2383613586], [-0.432511717081, -53.9234085083, -66.9375228882, -56.0944633484, -36.0979003906, 21.4974498749, 39.3573074341, 36.1053466797, 31.8013362885, 37.3190765381, 84.6809997559, 28.619972229, 8.25465774536], [111.418319702, 25.881526947, 159.909103394, 62.3536911011, 85.5890731812, 59.0592308044, 65.1761474609, 30.3475456238, 24.1741218567, 40.2166519165, 28.619972229, 75.3627471924, 52.4425086975], [189.743179321, 33.3425521851, 225.979263306, 114.878890991, 137.082229614, 74.820930481, 71.2119827271, 22.3716449738, 26.7870903015, 41.2383613586, 8.25465774536, 52.4425086975, 100.109298706]],
        "icov": [[0.000785620475654, 0.000106929546746, -0.000332395167788, 0.000139364041388, 0.0003061464231, 8.95481134648e-05, -0.000382059050025, 0.000235347921262, 0.000250401033554, -0.000941421138123, 0.000452564883744, 0.000154803448822, -0.000998819712549], [0.000106929546746, 0.00311948289163, -0.000445087382104, -0.00184882199392, 0.000603635970037, 0.000420185475377, -0.00110436300747, 0.00142025586683, 0.000848643598147, 0.000158990340424, 0.000193495026906, -0.000702415767591, 0.00127165473532], [-0.000332395167788, -0.000445087382104, 0.00339089008048, -0.00191670132335, -0.00236989185214, -0.00088272098219, -0.00129986915272, 0.00276698544621, -0.000870182993822, 0.000441643642262, 0.000586203066632, -0.00224841479212, 0.000715005444363], [0.000139364041388, -0.00184882199392, -0.00191670132335, 0.0101304119453, -0.00405984325334, -0.00268249656074, 0.00431152060628, -0.00292753684334, 0.000134318383061, -0.000245659757638, 0.00204584980384, 0.00143139914144, -0.00264865392819], [0.0003061464231, 0.000603635970037, -0.00236989185214, -0.00405984325334, 0.0104491626844, -0.00106616027188, -0.00218633376062, 0.00226359535009, -0.00212060497142, -0.00207718880847, 0.00255239009857, -0.000154037596076, -0.00194163934793], [8.95481134648e-05, 0.000420185475377, -0.00088272098219, -0.00268249656074, -0.00106616027188, 0.014324599877, -0.00711307674646, -0.00106207909994, 0.000810906640254, -0.00154168333393, -0.00274458667263, 0.00152878963854, 0.000655712385196], [-0.000382059050025, -0.00110436300747, -0.00129986915272, 0.00431152060628, -0.00218633376062, -0.00711307674646, 0.0159886777401, -0.00917298998684, 0.00185985583812, -0.000310775008984, -0.00178727554157, -0.000302664178889, -0.00199859845452], [0.000235347921262, 0.00142025586683, 0.00276698544621, -0.00292753684334, 0.00226359535009, -0.00106207909994, -0.00917298998684, 0.0204547084868, -0.00983482040465, -0.00322807207704, 0.00432197097689, -0.00425891531631, 0.00167863594834], [0.000250401033554, 0.000848643598147, -0.000870182993822, 0.000134318383061, -0.00212060497142, 0.000810906640254, 0.00185985583812, -0.00983482040465, 0.0217892993242, -0.00467354338616, -0.00497319595888, 0.00327857164666, -0.000987125677057], [-0.000941421138123, 0.000158990340424, 0.000441643642262, -0.000245659757638, -0.00207718880847, -0.00154168333393, -0.000310775008984, -0.00322807207704, -0.00467354338616, 0.01740430668, -0.00433874176815, -0.00106367433909, 0.000951480760705], [0.000452564883744, 0.000193495026906, 0.000586203066632, 0.00204584980384, 0.00255239009857, -0.00274458667263, -0.00178727554157, 0.00432197097689, -0.00497319595888, -0.00433874176815, 0.0213338583708, -0.0090692229569, 0.000378414406441], [0.000154803448822, -0.000702415767591, -0.00224841479212, 0.00143139914144, -0.000154037596076, 0.00152878963854, -0.000302664178889, -0.00425891531631, 0.00327857164666, -0.00106367433909, -0.0090692229569, 0.0284133199602, -0.0109669538215], [-0.000998819712549, 0.00127165473532, 0.000715005444363, -0.00264865392819, -0.00194163934793, 0.000655712385196, -0.00199859845452, 0.00167863594834, -0.000987125677057, 0.000951480760705, 0.000378414406441, -0.0109669538215, 0.0216853599995]]
    },
    "spectral_contrast_coeffs": {
        "max": [-0.320670366287, -0.462207078934, -0.489040404558, -0.526134073734, -0.508271872997, -0.433996707201],
        "mean": [-0.683957278728, -0.743479549885, -0.767009794712, -0.783251881599, -0.768478095531, -0.705261588097],
        "min": [-0.899651408195, -0.92838871479, -0.895843446255, -0.894830107689, -0.879474937916, -0.876209974289],
        "stdev": [0.107806421816, 0.0772449821234, 0.0656951218843, 0.0589774549007, 0.0397704280913, 0.0553106591105]
    },
    "spectral_contrast_valleys": {
        "max": [-5.20433855057, -5.10152482986, -4.77376794815, -5.52672433853, -5.84301376343, -7.84289073944],
        "mean": [-8.00887107849, -6.74128770828, -6.80036401749, -6.96016645432, -6.88394546509, -10.3125457764],
        "min": [-11.9403944016, -8.37558078766, -8.95812988281, -9.19589138031, -8.83359241486, -13.3123617172],
        "stdev": [1.68344843388, 0.526182115078, 0.696663022041, 0.569744408131, 0.46052312851, 0.833997368813]
    }
},
"rhythm": {
    "beats_count": 80,
    "beats_loudness": {
        "max": 0.0539868660271,
        "mean": 0.0259446296841,
        "min": 0.000778309477028,
        "stdev": 0.0119594810531
    },
    "bpm": 139.452377319,
    "bpm_histogram_first_peak_bpm": 140,
    "bpm_histogram_first_peak_weight": 0.464285731316,
    "bpm_histogram_second_peak_bpm": 157,
    "bpm_histogram_second_peak_spread": 0.222222208977,
    "bpm_histogram_second_peak_weight": 0.0886075943708,
    "danceability": 1.06498575211,
    "onset_rate": 2.40545868874,
    "beats_loudness_band_ratio": {
        "max": [0.692562401295, 0.586252331734, 0.812997639179, 0.604408085346, 0.44711753726, 0.396589368582],
        "mean": [0.182940930128, 0.101794138551, 0.227497428656, 0.236172676086, 0.197955876589, 0.0903572887182],
        "min": [0.00010414802091, 0.000358575140126, 0.0239103101194, 0.0183074735105, 0.03381703794, 0.00933138467371],
        "stdev": [0.221034899354, 0.122354522347, 0.186531990767, 0.164027422667, 0.112682372332, 0.0634215995669]
    },
