{
"metadata": {
    "version": {
        "essentia": "2.1-beta5",
        "essentia_git_sha": "Undefined",
        "extractor": "music 2.0"
    },
    "audio_properties": {
        "analysis": {
            "equal_loudness": 0,
            "length": 48.7502937317,
            "sample_rate": 44100,
            "start_time": 77.7520217896,
            "downmix": "mix"
        },
        "bit_rate": 192000,
        "length": 189.289077759,
        "lossless": 0,
        "number_channels": 2,
        "replay_gain": -6.2395324707,
        "sample_rate": 48000,
        "codec": "mp3",
        "md5_encoded": "7dc9d3891eb8f2788ad7f7f9172c08ba"
    },
    "tags": {
        "file_name": "Netherlands_Out On My Own_Michelle.mp3",
        "encoding": ["Lavf58.29.100"]
    }
},
"lowlevel": {
    "average_loudness": 0.956957101822,
    "barkbands_crest": {
        "max": 24.1288833618,
        "mean": 9.99885749817,
        "min": 3.11960864067,
        "stdev": 3.78497076035
    },
    "barkbands_flatness_db": {
        "max": 0.301609963179,
        "mean": 0.175851717591,
        "min": 0.0795761421323,
        "stdev": 0.0366339869797
    },
    "barkbands_kurtosis": {
        "max": 61.2209625244,
        "mean": 3.57922291756,
        "min": -1.67121243477,
        "stdev": 5.0472817421
    },
    "barkbands_skewness": {
        "max": 6.49972820282,
        "mean": 1.25040149689,
        "min": -1.33792853355,
        "stdev": 1.04066503048
    },
    "barkbands_spread": {
        "max": 86.7951583862,
        "mean": 16.7321128845,
        "min": 2.13293528557,
        "stdev": 9.13894176483
    },
    "dissonance": {
        "max": 0.499528855085,
        "mean": 0.45268407464,
        "min": 0.254993081093,
        "stdev": 0.0288645941764
    },
    "dynamic_complexity": 2.50178861618,
    "erbbands_crest": {
        "max": 29.6680107117,
        "mean": 10.0389051437,
        "min": 2.70191454887,
        "stdev": 3.8788831234
    },
    "erbbands_flatness_db": {
        "max": 0.324289262295,
        "mean": 0.197823941708,
        "min": 0.0872988551855,
        "stdev": 0.036140050739
    },
    "erbbands_kurtosis": {
        "max": 13.0449352264,
        "mean": 1.20481038094,
        "min": -1.65982758999,
        "stdev": 2.26440882683
    },
    "erbbands_skewness": {
        "max": 2.89284753799,
        "mean": 0.652471601963,
        "min": -1.61688578129,
        "stdev": 0.646079421043
    },
    "erbbands_spread": {
        "max": 119.979888916,
        "mean": 31.0109844208,
        "min": 4.73765468597,
        "stdev": 16.51329422
    },
    "hfc": {
        "max": 117.075592041,
        "mean": 21.9556427002,
        "min": 0.424855679274,
        "stdev": 16.443775177
    },
    "loudness_ebu128": {
        "integrated": -16.8491230011,
        "loudness_range": 1.83861923218,
        "momentary": {
            "max": -13.874792099,
            "mean": -17.2076263428,
            "min": -24.8803272247,
            "stdev": 1.96451616287
        },
        "short_term": {
            "max": -15.8026361465,
            "mean": -16.9216842651,
            "min": -19.6406078339,
            "stdev": 0.741536974907
        }
    },
    "melbands_crest": {
        "max": 29.9935417175,
        "mean": 12.3209276199,
        "min": 4.22277212143,
        "stdev": 4.41000699997
    },
    "melbands_flatness_db": {
        "max": 0.389765769243,
        "mean": 0.198463663459,
        "min": 0.0767964497209,
        "stdev": 0.0522756613791
    },
    "melbands_kurtosis": {
        "max": 135.157226562,
        "mean": 8.6744222641,
        "min": -1.27003836632,
        "stdev": 10.8008708954
    },
    "melbands_skewness": {
        "max": 8.50674629211,
        "mean": 1.90526950359,
        "min": -1.00910305977,
        "stdev": 1.40246856213
    },
    "melbands_spread": {
        "max": 76.5138244629,
        "mean": 20.4877281189,
        "min": 1.85250353813,
        "stdev": 10.6797704697
    },
    "pitch_salience": {
        "max": 0.840353131294,
        "mean": 0.566947042942,
        "min": 0.211248651147,
        "stdev": 0.0909214615822
    },
    "silence_rate_20dB": {
        "max": 1,
        "mean": 1,
        "min": 1,
        "stdev": 0
    },
    "silence_rate_30dB": {
        "max": 1,
        "mean": 0.999524056911,
        "min": 0,
        "stdev": 0.0218115076423
    },
    "silence_rate_60dB": {
        "max": 1,
        "mean": 0.0209424085915,
        "min": 0,
        "stdev": 0.143191829324
    },
    "spectral_centroid": {
        "max": 3241.30737305,
        "mean": 1130.97753906,
        "min": 253.764663696,
        "stdev": 462.218139648
    },
    "spectral_complexity": {
        "max": 46,
        "mean": 17.2384586334,
        "min": 2,
        "stdev": 6.02561998367
    },
    "spectral_decrease": {
        "max": -2.69857775015e-10,
        "mean": -7.00352975613e-09,
        "min": -3.10257135538e-08,
        "stdev": 3.76705955318e-09
    },
    "spectral_energy": {
        "max": 0.12248134613,
        "mean": 0.0284243896604,
        "min": 0.00105704122689,
        "stdev": 0.015264374204
    },
    "spectral_energyband_high": {
        "max": 0.0069562215358,
        "mean": 0.000447304104455,
        "min": 1.5041593997e-06,
        "stdev": 0.000546882452909
    },
    "spectral_energyband_low": {
        "max": 0.0592742934823,
        "mean": 0.00442081829533,
        "min": 8.61745957081e-06,
        "stdev": 0.00476443162188
    },
    "spectral_energyband_middle_high": {
        "max": 0.068753413856,
        "mean": 0.00882300455123,
        "min": 0.000124103578855,
        "stdev": 0.0101079661399
    },
    "spectral_energyband_middle_low": {
        "max": 0.0997045338154,
        "mean": 0.015891071409,
        "min": 9.2407593911e-05,
        "stdev": 0.011941309087
    },
    "spectral_entropy": {
        "max": 8.49550914764,
        "mean": 7.34547138214,
        "min": 6.14230871201,
        "stdev": 0.337932288647
    },
    "spectral_flux": {
        "max": 0.285727798939,
        "mean": 0.0720170214772,
        "min": 0.0146999387071,
        "stdev": 0.0364777110517
    },
    "spectral_kurtosis": {
        "max": 33.9535217285,
        "mean": 4.5424079895,
        "min": -0.773619890213,
        "stdev": 2.65217733383
    },
    "spectral_rms": {
        "max": 0.010931330733,
        "mean": 0.00504085794091,
        "min": 0.00101550959516,
        "stdev": 0.00152344326489
    },
    "spectral_rolloff": {
        "max": 9237.74414062,
        "mean": 1212.37219238,
        "min": 86.1328125,
        "stdev": 834.31060791
    },
    "spectral_skewness": {
        "max": 4.35194253922,
        "mean": 1.64439415932,
        "min": 0.303474098444,
        "stdev": 0.394229352474
    },
    "spectral_spread": {
        "max": 11797185,
        "mean": 4073910.75,
        "min": 1789843.625,
        "stdev": 1062385.375
    },
    "spectral_strongpeak": {
        "max": 15.1551065445,
        "mean": 1.74913167953,
        "min": 0,
        "stdev": 1.68083429337
    },
    "zerocrossingrate": {
        "max": 0.1865234375,
        "mean": 0.0500766001642,
        "min": 0.01220703125,
        "stdev": 0.0215283818543
    },
    "barkbands": {
        "max": [0.00249594519846, 0.0537443608046, 0.0154640190303, 0.0277878977358, 0.0440974757075, 0.0804078355432, 0.024817224592, 0.0283828675747, 0.042954351753, 0.0269384384155, 0.0315912887454, 0.0483125112951, 0.0184435993433, 0.0275234524161, 0.0530893951654, 0.0103580765426, 0.0100476304069, 0.00384150422178, 0.00341224204749, 0.00340614723973, 0.00244897068478, 0.0018041630974, 0.00268660439178, 0.00169895228464, 0.00117711757775, 4.63823380414e-06, 4.47159209216e-06],
        "mean": [0.000380906829378, 0.00246398313902, 0.000655248120893, 0.00220358581282, 0.00314791244455, 0.00538167497143, 0.00122823589481, 0.000871195748914, 0.00255618453957, 0.00162312667817, 0.00201089051552, 0.00149908056483, 0.000736791058443, 0.00112955423538, 0.000516694795806, 0.000474333064631, 0.000343637220794, 0.000376464624424, 0.00027994523407, 0.000202554714633, 8.57541381265e-05, 4.29880710726e-05, 7.34014029149e-05, 0.000108685089799, 3.15724209941e-05, 1.84072312948e-08, 3.4306568697e-09],
        "min": [9.5368186237e-08, 1.82973678875e-06, 2.30355595932e-07, 5.65201901281e-07, 1.2485361367e-06, 1.09244738269e-05, 4.29871670349e-06, 4.07065044783e-06, 9.71496410784e-06, 3.28538635586e-06, 6.79416780258e-06, 2.11588599086e-06, 2.52805011769e-06, 3.03048182104e-06, 3.1475058222e-06, 1.27150860862e-06, 3.01369118461e-06, 1.83964016287e-06, 1.26718680349e-06, 8.50027788601e-07, 5.09504843649e-07, 1.94629578232e-07, 1.49196736743e-07, 1.92264039356e-07, 7.7882212679e-08, 3.17323355092e-11, 3.90434594377e-11],
        "stdev": [0.000365241867257, 0.00306022167206, 0.00123015150893, 0.0037500327453, 0.0043359962292, 0.00796650256962, 0.00185832020361, 0.00206679478288, 0.00414181314409, 0.00310760503635, 0.00384732754901, 0.003768049879, 0.00153783720452, 0.00258110580035, 0.00177013606299, 0.00106548622716, 0.00078691681847, 0.000531207653694, 0.000362192571629, 0.000276089529507, 0.000143588142237, 0.000106694809801, 0.000141746437293, 0.000164608369232, 7.39377501304e-05, 1.63773705708e-07, 9.83097407925e-08]
    },
    "erbbands": {
        "max": [1.92032504082, 10.5944805145, 17.1153125763, 44.1944656372, 67.7816314697, 245.59425354, 530.449890137, 859.981201172, 517.099914551, 454.901794434, 979.56829834, 850.64074707, 1080.11303711, 1125.52062988, 940.232543945, 2349.3449707, 791.119628906, 1355.76037598, 3468.68188477, 876.940795898, 656.293640137, 344.197662354, 253.68989563, 223.584594727, 130.493713379, 181.821136475, 119.617301941, 66.6426315308, 72.021446228, 80.8898391724, 77.4174423218, 46.73046875, 30.9613990784, 20.6769065857, 8.90024662018, 0.491015642881, 0.0126886954531, 0.00285118306056, 0.00065262085991, 0.000142286255141],
        "mean": [0.11060655117, 0.398183375597, 0.803322672844, 4.08611726761, 7.06547880173, 12.73645401, 31.2767696381, 41.4144363403, 17.7265796661, 20.4265842438, 29.3844623566, 52.6866874695, 55.4177093506, 59.9451141357, 72.4223251343, 61.0533943176, 41.5080451965, 44.8204612732, 41.4612693787, 28.2949867249, 27.9502696991, 18.3010234833, 18.4673748016, 18.8141021729, 12.0078020096, 9.89891719818, 6.09375810623, 1.78978025913, 1.47574651241, 1.7741086483, 2.24031448364, 2.38204073906, 1.62973403931, 0.54159450531, 0.1346372962, 0.00735191255808, 0.000249704404268, 2.71724093182e-05, 1.9394517949e-05, 3.45426415151e-05],
        "min": [6.44592728349e-05, 0.000306505855406, 0.000758507812861, 0.00241954880767, 0.00754059012979, 0.0166772622615, 0.072996750474, 0.14147041738, 0.116976313293, 0.110309064388, 0.0939448103309, 0.326460570097, 0.192280828953, 0.306046485901, 0.321130037308, 0.281768321991, 0.168753370643, 0.161524638534, 0.174020588398, 0.148965224624, 0.0792302116752, 0.193976253271, 0.15128916502, 0.073375582695, 0.0549907274544, 0.0477548725903, 0.0238280110061, 0.0105687137693, 0.00716022681445, 0.00532098393887, 0.00405054632574, 0.00386641314253, 0.00288647273555, 0.00106748181861, 0.00030957069248, 1.93420273717e-05, 1.80474887657e-06, 3.02100886529e-07, 5.6332908116e-07, 1.20192021313e-06],
        "stdev": [0.131670534611, 0.539370715618, 1.26988708973, 6.35612106323, 8.68747711182, 20.0759391785, 45.9698028564, 66.7235717773, 29.114490509, 36.8023719788, 67.3781967163, 81.4621887207, 87.1616668701, 114.566696167, 124.172477722, 148.952285767, 77.0089645386, 94.6879730225, 132.55569458, 64.6953201294, 61.3031044006, 32.1896133423, 27.5441970825, 24.6574668884, 14.4424333572, 13.7401266098, 9.28402423859, 3.4629547596, 3.68587660789, 4.2782292366, 4.12248897552, 3.77881169319, 2.53376793861, 1.10192859173, 0.431238621473, 0.0227416809648, 0.000651126145385, 7.76659944677e-05, 1.80454608198e-05, 1.84047548828e-05]
    },
    "gfcc": {
        "mean": [-10.5484304428, 123.456069946, -144.671890259, 38.3867950439, -77.2364807129, 18.9394817352, -44.0474090576, 9.04915237427, -20.0608825684, -15.4798498154, 8.42812156677, -15.9692163467, 10.5635786057],
        "cov": [[1802.78747559, -449.214813232, -320.306213379, -102.892326355, -47.3054618835, 183.244506836, -22.616186142, 184.540557861, -25.0609912872, 82.1109771729, 93.0587539673, -14.7556447983, -9.53081130981], [-449.214813232, 807.285949707, 332.057128906, 25.3058948517, 204.381210327, -89.6853408813, 173.621292114, -31.5040035248, 61.1847305298, -91.4793319702, 25.9819908142, -43.3046760559, 21.711648941], [-320.306213379, 332.057128906, 591.195495605, 222.619491577, 61.0940322876, -25.5002326965, 6.3200135231, 30.5192985535, 61.2850227356, -13.9469642639, -80.9707336426, 51.573513031, -16.0162010193], [-102.892326355, 25.3058948517, 222.619491577, 359.537841797, 73.9354629517, -128.085464478, -87.1662368774, 26.9960975647, 107.072738647, -17.9068470001, -85.7082824707, 45.1823692322, 21.8415260315], [-47.3054618835, 204.381210327, 61.0940322876, 73.9354629517, 214.694732666, 32.7248535156, 47.3075790405, 23.9570980072, 40.324432373, 4.96064138412, -0.0712346956134, -6.6768860817, 17.1337375641], [183.244506836, -89.6853408813, -25.5002326965, -128.085464478, 32.7248535156, 366.303619385, 177.120422363, 24.0301361084, -58.4602584839, 88.047958374, 30.6708583832, 13.4654684067, -66.184928894], [-22.616186142, 173.621292114, 6.3200135231, -87.1662368774, 47.3075790405, 177.120422363, 250.002410889, 16.4244804382, -40.0218048096, 16.8475875854, 51.4291610718, -6.12242507935, -27.9295310974], [184.540557861, -31.5040035248, 30.5192985535, 26.9960975647, 23.9570980072, 24.0301361084, 16.4244804382, 151.215911865, 57.0544013977, 15.8063173294, 18.1178264618, 22.4970016479, 6.67317152023], [-25.0609912872, 61.1847305298, 61.2850227356, 107.072738647, 40.324432373, -58.4602584839, -40.0218048096, 57.0544013977, 166.577438354, 38.9412536621, -14.8368062973, 25.929397583, 24.8196239471], [82.1109771729, -91.4793319702, -13.9469642639, -17.9068470001, 4.96064138412, 88.047958374, 16.8475875854, 15.8063173294, 38.9412536621, 141.001113892, 10.9378604889, 23.6435050964, -5.20278739929], [93.0587539673, 25.9819908142, -80.9707336426, -85.7082824707, -0.0712346956134, 30.6708583832, 51.4291610718, 18.1178264618, -14.8368062973, 10.9378604889, 124.752708435, 10.2758932114, 7.02899456024], [-14.7556447983, -43.3046760559, 51.573513031, 45.1823692322, -6.6768860817, 13.4654684067, -6.12242507935, 22.4970016479, 25.929397583, 23.6435050964, 10.2758932114, 85.2452697754, 4.76250839233], [-9.53081130981, 21.711648941, -16.0162010193, 21.8415260315, 17.1337375641, -66.184928894, -27.9295310974, 6.67317152023, 24.8196239471, -5.20278739929, 7.02899456024, 4.76250839233, 73.1083450317]],
        "icov": [[0.000869865296409, -0.000152634282131, 0.000553751830012, -0.000504984694999, 0.000384589686291, -0.00077234453056, 0.000759794726036, -0.00132695876528, 0.000543665897567, -0.00029778960743, -0.000481194292661, 0.000545726506971, -0.000142088087159], [-0.000152634282131, 0.0108725456521, -0.00747645739466, 0.00691833393648, -0.00899408943951, 0.0077012325637, -0.00994404684752, 0.00602423679084, -0.00727367540821, 0.00498956115916, -0.0025280690752, 0.00322604179382, 0.000634712574538], [0.000553751830012, -0.00747645739466, 0.00785224325955, -0.00618413835764, 0.00608440348879, -0.00546041689813, 0.00642842007801, -0.00499417167157, 0.00520334532484, -0.00330491620116, 0.00255285389721, -0.0030498476699, 0.000354309508111], [-0.000504984694999, 0.00691833393648, -0.00618413835764, 0.0107850739732, -0.00776221649721, 0.00675476156175, -0.00606785621494, 0.004257528577, -0.00668497523293, 0.00378649495542, 0.00145129393786, -0.00102969328873, 0.000996699556708], [0.000384589686291, -0.00899408943951, 0.00608440348879, -0.00776221649721, 0.0138235958293, -0.00804441329092, 0.00736139761284, -0.00534488121048, 0.00496372999623, -0.00370627059601, 0.00102557323407, -0.00022107939003, -0.00288213579915], [-0.00077234453056, 0.0077012325637, -0.00546041689813, 0.00675476156175, -0.00804441329092, 0.0131086008623, -0.0109837222844, 0.00390364369377, -0.0033196657896, -0.000144383739098, 0.000175574954483, -0.000252661644481, 0.00471432739869], [0.000759794726036, -0.00994404684752, 0.00642842007801, -0.00606785621494, 0.00736139761284, -0.0109837222844, 0.0168308038265, -0.00644288491458, 0.00702429376543, -0.00340740801767, -0.00048756468459, -0.00145695428364, -0.000862876651809], [-0.00132695876528, 0.00602423679084, -0.00499417167157, 0.004257528577, -0.00534488121048, 0.00390364369377, -0.00644288491458, 0.0134892584756, -0.00797314289957, 0.00408895034343, -0.00215928186662, 9.09038935788e-05, -3.46802626154e-05], [0.000543665897567, -0.00727367540821, 0.00520334532484, -0.00668497523293, 0.00496372999623, -0.0033196657896, 0.00702429376543, -0.00797314289957, 0.0156838651747, -0.00751100759953, 0.00177670572884, -0.00251531694084, -0.00125525798649], [-0.00029778960743, 0.00498956115916, -0.00330491620116, 0.00378649495542, -0.00370627059601, -0.000144383739098, -0.00340740801767, 0.00408895034343, -0.00751100759953, 0.0130293807015, -0.00149524223525, -0.000226713556913, -0.000677253585309], [-0.000481194292661, -0.0025280690752, 0.00255285389721, 0.00145129393786, 0.00102557323407, 0.000175574954483, -0.00048756468459, -0.00215928186662, 0.00177670572884, -0.00149524223525, 0.0128081962466, -0.00471373600885, -0.000890799681656], [0.000545726506971, 0.00322604179382, -0.0030498476699, -0.00102969328873, -0.00022107939003, -0.000252661644481, -0.00145695428364, 9.09038935788e-05, -0.00251531694084, -0.000226713556913, -0.00471373600885, 0.017247017473, -0.00182179023977], [-0.000142088087159, 0.000634712574538, 0.000354309508111, 0.000996699556708, -0.00288213579915, 0.00471432739869, -0.000862876651809, -3.46802626154e-05, -0.00125525798649, -0.000677253585309, -0.000890799681656, -0.00182179023977, 0.01845029369]]
    },
    "melbands": {
        "max": [0.0164416208863, 0.00757600134239, 0.00912777706981, 0.0111599359661, 0.0154302120209, 0.0175453033298, 0.00665747653693, 0.00434934441, 0.00984824635088, 0.00497046206146, 0.00536646228284, 0.0041559538804, 0.00460283691064, 0.00591156911105, 0.00354835554026, 0.00110757304356, 0.0031012785621, 0.0059666140005, 0.00121138431132, 0.00106097967364, 0.000866193440743, 0.000511869147886, 0.000222848684643, 0.000236645413679, 0.000217343345867, 0.000103263875644, 0.000114395668788, 0.000117153547762, 7.0706148108e-05, 7.28236118448e-05, 4.30279069406e-05, 4.25096623076e-05, 3.17891135637e-05, 5.15728461323e-05, 4.9903330364e-05, 2.67792202067e-05, 3.06384026771e-05, 2.10184789466e-05, 3.99093150918e-05, 1.1914084098e-05],
        "mean": [0.000821281981189, 0.000462738244096, 0.000813047925476, 0.000673894886859, 0.00101985083893, 0.000954708550125, 0.000253747915849, 0.000202321869438, 0.000288908544462, 0.000331916264258, 0.000273140060017, 0.00023390102433, 0.000290001538815, 0.000142727338243, 0.000161475210916, 5.98599945079e-05, 8.90413866728e-05, 7.80914051575e-05, 3.81968166039e-05, 2.8810081858e-05, 3.64616826118e-05, 2.05351188924e-05, 1.27774883367e-05, 2.06273180083e-05, 1.47170194396e-05, 9.70383734966e-06, 7.127202025e-06, 6.46120861347e-06, 4.33072455053e-06, 1.99766532205e-06, 7.15037288046e-07, 7.85353222454e-07, 9.09020229756e-07, 1.0145701026e-06, 1.26122506572e-06, 1.36591779665e-06, 1.51043752794e-06, 1.29096906676e-06, 7.29983696601e-07, 3.59451689746e-07],
        "min": [8.19539593522e-07, 8.40210304887e-07, 7.14963334758e-07, 4.97065457239e-07, 3.12157703775e-06, 3.15455577038e-06, 1.32007846787e-06, 1.030475687e-06, 7.52332425691e-07, 1.07056075649e-06, 6.00391331318e-07, 1.01409955278e-06, 1.15925456612e-06, 3.49473708638e-07, 2.93554876407e-07, 2.3352174594e-07, 2.40253314132e-07, 2.19593587758e-07, 2.33200637467e-07, 9.97488456278e-08, 6.90055870223e-08, 1.9948180352e-07, 1.30147085997e-07, 1.09257982217e-07, 4.12968184094e-08, 4.45968986185e-08, 3.0139894136e-08, 2.60160515353e-08, 1.7341909242e-08, 8.58455440067e-09, 4.45108216951e-09, 3.8608019004e-09, 2.51032861165e-09, 3.09277203847e-09, 2.4083848249e-09, 2.00217242785e-09, 2.28540453229e-09, 1.83880999316e-09, 1.33147814996e-09, 6.85146162027e-10],
        "stdev": [0.000990896369331, 0.000589075672906, 0.00119733659085, 0.000885209941771, 0.00135779287666, 0.00146642257459, 0.000410176784499, 0.000373217073502, 0.00067324336851, 0.000506946700625, 0.000442354474217, 0.000472124695079, 0.000534548598807, 0.000395735463826, 0.000386399071431, 0.000112904010166, 0.000201660732273, 0.000260692206211, 0.000103199505247, 7.25621939637e-05, 9.06733766897e-05, 4.20270844188e-05, 2.27206710406e-05, 2.9379982152e-05, 2.07991579373e-05, 1.18842508527e-05, 9.46416275838e-06, 9.54745974013e-06, 6.47725983072e-06, 4.02625892093e-06, 1.84400187209e-06, 2.22891389967e-06, 2.009840955e-06, 2.61652826339e-06, 2.62012099483e-06, 2.18772470362e-06, 2.44296620622e-06, 2.00308659259e-06, 1.48801962041e-06, 8.17180989543e-07]
    },
    "melbands128": {
        "max": [0.00247597694397, 0.0144386831671, 0.026222595945, 0.0140661168844, 0.0101668797433, 0.00688929203898, 0.00953410938382, 0.0160413365811, 0.00600980129093, 0.0175808239728, 0.0184937119484, 0.0167031027377, 0.0269326251, 0.0240308009088, 0.0319099314511, 0.0220382511616, 0.016122341156, 0.00568817835301, 0.00431235041469, 0.00907161831856, 0.00765648344532, 0.00850368756801, 0.0169430971146, 0.0176521763206, 0.0100359544158, 0.0100971227512, 0.00777775002643, 0.00947348214686, 0.00648502074182, 0.00799450930208, 0.00915694329888, 0.0074159023352, 0.00825823005289, 0.00385138182901, 0.00475562363863, 0.0122227538377, 0.00851069670171, 0.00703268125653, 0.0048821833916, 0.00205480563454, 0.00146178761497, 0.00239294115454, 0.00439727446064, 0.00608946057037, 0.00536978244781, 0.0135948956013, 0.00592331914231, 0.00243730936199, 0.00284334761091, 0.00191488023847, 0.00171722855885, 0.000970189052168, 0.00190500193276, 0.00233615981415, 0.00162997213192, 0.000462581840111, 0.00032172651845, 0.000492674764246, 0.000352600065526, 0.000606056244578, 0.000535117054824, 0.000396725430619, 0.000385085266316, 0.000457054033177, 0.000264013389824, 0.000154769673827, 0.000161112417118, 0.000136099508381, 0.000140616277349, 0.000409116328228, 0.000176257890416, 0.000179558162927, 0.000117357980344, 0.000109712658741, 9.81744597084e-05, 0.000131004082505, 5.75951162318e-05, 4.71789608127e-05, 4.36926566181e-05, 5.53344834771e-05, 6.8321620347e-05, 5.78948420298e-05, 3.61353086191e-05, 3.73056464014e-05, 4.55712906842e-05, 6.76607014611e-05, 6.26779001323e-05, 5.88165676163e-05, 6.64922481519e-05, 5.49091819266e-05, 2.61642235273e-05, 3.26806475641e-05, 5.23039016116e-05, 3.50820555468e-05, 2.96177477139e-05, 3.24979337165e-05, 2.82971395791e-05, 3.06209803966e-05, 5.58427454962e-05, 4.05247337767e-05, 1.72388408828e-05, 1.55125180754e-05, 1.50827345351e-05, 2.09357149288e-05, 1.11664530777e-05, 7.31985846869e-06, 2.05560832001e-06, 1.31757801114e-07, 3.40684280786e-08, 3.08481702405e-08, 2.87265446985e-08, 2.71434554833e-08, 2.57934456016e-08, 2.46051392594e-08, 2.35256774062e-08, 2.26789147462e-08, 2.18547953068e-08, 2.10737454154e-08, 2.04069507959e-08, 1.98730489842e-08, 1.92897360307e-08, 1.88367206277e-08, 1.84488495591e-08, 1.81034049973e-08, 1.77952230729e-08, 1.75832077787e-08, 1.74184506818e-08, 1.73171716966e-08],
        "mean": [0.000349563139025, 0.0010403720662, 0.000943852239288, 0.000557986029889, 0.000392899208236, 0.000307598413201, 0.000774779065978, 0.00118837330956, 0.000561350258067, 0.000624470005278, 0.000731584150344, 0.00068863958586, 0.000863824854605, 0.00181983993389, 0.00109633908141, 0.000436153321061, 0.000336571683874, 0.000175792141818, 0.000185279626749, 0.000304550485453, 0.000133737834403, 0.000138394359965, 0.000291037955321, 0.000470696686534, 0.000373942952137, 0.000223391980398, 0.000367597065633, 0.000258565181866, 0.000231822981732, 0.000221521739149, 0.000184401971637, 0.000339517544489, 0.000440660805907, 0.00010528749408, 0.000139290874358, 0.000140784250107, 0.000165945995832, 0.00021215727611, 0.000131756445626, 6.07042966294e-05, 2.48971646215e-05, 8.43738744152e-05, 8.13702499727e-05, 8.47244227771e-05, 0.000139666386531, 6.53844836052e-05, 2.90580373985e-05, 3.51327435055e-05, 4.09656640841e-05, 4.73151194456e-05, 2.20769070438e-05, 1.69100276253e-05, 3.23737840517e-05, 5.41639310541e-05, 2.77826202364e-05, 1.6677646272e-05, 1.24211364891e-05, 1.37261586133e-05, 1.14352178571e-05, 1.40174961416e-05, 2.44185648626e-05, 2.3367929316e-05, 1.48719273056e-05, 1.35542331918e-05, 1.20295017041e-05, 9.19463218452e-06, 8.60919863044e-06, 8.06051139079e-06, 5.72290764467e-06, 7.50387198423e-06, 6.94000482326e-06, 5.84441340834e-06, 5.05890420754e-06, 3.96414634452e-06, 3.83183896702e-06, 2.238170282e-06, 1.1697680975e-06, 8.00382792931e-07, 6.25510494956e-07, 6.57093096379e-07, 7.37227537684e-07, 8.35728940274e-07, 8.71332019869e-07, 9.25305016608e-07, 9.53968765316e-07, 9.0525890073e-07, 1.08915776309e-06, 1.11568385819e-06, 1.2851540987e-06, 1.35971765758e-06, 1.30943260501e-06, 1.31654348934e-06, 1.55046473083e-06, 1.45792500916e-06, 1.57188219418e-06, 1.48696346969e-06, 1.27342082124e-06, 9.57872657636e-07, 7.73012459376e-07, 6.04846945862e-07, 4.29891258591e-07, 3.31145002974e-07, 2.50731261531e-07, 1.98847956767e-07, 1.51919721247e-07, 1.12128283547e-07, 2.70547211301e-08, 8.34188274013e-10, 2.63294958752e-11, 2.3538893057e-11, 2.1978498882e-11, 2.08009911379e-11, 1.97713234673e-11, 1.88818891078e-11, 1.80496589897e-11, 1.73960672256e-11, 1.67622027369e-11, 1.61856795328e-11, 1.56885355401e-11, 1.52547158933e-11, 1.48224627017e-11, 1.44753887696e-11, 1.41778212434e-11, 1.39133019342e-11, 1.36277239493e-11, 1.33636270452e-11, 1.31866193312e-11, 1.31020428881e-11],
        "min": [5.14155402698e-08, 1.43217533832e-07, 9.0270475539e-08, 3.82701273338e-07, 4.09301890159e-07, 1.09885370136e-07, 8.7469089749e-08, 1.45070146118e-07, 1.6169909145e-07, 1.37809436751e-07, 1.09212088262e-07, 1.0420642127e-07, 7.40490690987e-07, 2.21321329263e-06, 7.57783482186e-07, 1.33550216219e-07, 1.68893549812e-07, 5.07099173319e-07, 2.69609273573e-07, 1.27246366333e-07, 2.46067628495e-07, 3.90522956195e-08, 2.73230000403e-07, 3.2829515817e-07, 3.94936932935e-07, 4.03002445637e-07, 1.42861637187e-07, 4.65874933298e-07, 1.05315990595e-07, 1.91090038015e-07, 1.70615308548e-07, 5.5539578625e-07, 2.25116849606e-07, 3.32605537778e-07, 8.5136868222e-08, 4.83802118367e-08, 4.27130899538e-08, 6.71990818546e-08, 9.04286991954e-08, 1.10077309046e-07, 6.71713493716e-08, 1.40062695664e-07, 3.74019251126e-08, 8.77974883906e-08, 7.5030598623e-08, 8.31076505392e-08, 5.59566899483e-08, 3.4173048391e-08, 1.18785720815e-07, 1.65833512256e-07, 7.41844843333e-08, 2.97087439094e-08, 2.4885450145e-08, 8.0566763927e-08, 7.80140751999e-08, 6.4473070438e-08, 1.00072540477e-07, 5.98831988441e-08, 5.23593897128e-08, 4.75616488416e-08, 7.67978747263e-08, 6.0241013955e-08, 2.07061336965e-08, 2.79498877376e-08, 3.76338924468e-08, 2.53170888698e-08, 4.46679315758e-08, 2.19013145397e-08, 1.7056583701e-08, 1.25897550163e-08, 1.86122637302e-08, 6.90532164782e-09, 1.74676486608e-08, 1.53991024376e-08, 6.24240170666e-09, 5.60809176875e-09, 5.00592989283e-09, 4.18123580204e-09, 3.70649289039e-09, 1.0888616675e-09, 1.86814252956e-09, 2.45293052537e-09, 2.44884756917e-09, 2.58450749691e-09, 1.15802778478e-09, 2.14742446047e-09, 2.09477812874e-09, 1.46528966738e-09, 1.77534120738e-09, 1.64864466523e-09, 1.09168440954e-09, 2.28812080394e-09, 1.67236735571e-09, 2.21792650912e-09, 9.47535827578e-10, 1.0783799409e-09, 1.58747692769e-09, 4.65656763149e-10, 8.266529683e-10, 4.71238048583e-10, 5.27069256295e-11, 1.38738506794e-10, 5.91117224613e-11, 2.02127516113e-11, 1.36319113549e-12, 4.35865362899e-12, 3.03378372771e-12, 2.18186688335e-13, 1.21530308603e-13, 9.65903653718e-14, 1.06130300945e-13, 1.11071972475e-13, 1.38793517694e-13, 1.14194054603e-13, 1.26406413006e-13, 1.40930466624e-13, 1.17055128611e-13, 9.45410674118e-14, 1.1648720996e-13, 1.2579062683e-13, 1.29462643405e-13, 1.00024657068e-13, 1.07043402462e-13, 1.16892078157e-13, 9.7941389699e-14, 3.06974057447e-14, 4.10222715036e-15, 1.53860001153e-16],
        "stdev": [0.000341153034242, 0.00117727241013, 0.00139889714774, 0.000718063791282, 0.000652167364024, 0.00056326680351, 0.00122938584536, 0.0020551790949, 0.000728385930415, 0.00113013235386, 0.0014564084122, 0.00143254129216, 0.0017554681981, 0.00309727247804, 0.00221966626123, 0.00103941129055, 0.000806552998256, 0.000368671637261, 0.000348188681528, 0.000671477988362, 0.000392118090531, 0.000532992591616, 0.000924090039916, 0.00131709326524, 0.000704465899616, 0.00060465617571, 0.000846355629619, 0.000604305241723, 0.000596359372139, 0.000744559743907, 0.000661297119223, 0.000763305521104, 0.000943216262385, 0.000304266228341, 0.000536874867976, 0.000611545518041, 0.000618757563643, 0.000698355142958, 0.000357722223271, 0.000165693752933, 8.5450905317e-05, 0.000220881905989, 0.000283683853922, 0.000291828764603, 0.000463652715553, 0.000419902353315, 0.000189472440979, 0.000147915503476, 0.000143531913636, 0.000146117075928, 8.76363410498e-05, 6.00523853791e-05, 0.00010679801926, 0.000180260569323, 0.000112037399958, 3.30829097948e-05, 2.67313498625e-05, 2.95006739179e-05, 2.80386066152e-05, 4.13902780565e-05, 4.41780903202e-05, 4.41447737103e-05, 3.42346938851e-05, 2.90899552056e-05, 2.0746843802e-05, 1.46846923599e-05, 1.72575546458e-05, 1.30057896968e-05, 1.05951494334e-05, 1.61209009093e-05, 1.3254055375e-05, 1.20334052554e-05, 9.15958753467e-06, 7.19610034139e-06, 8.38397590996e-06, 6.48100058243e-06, 3.17464332511e-06, 1.9996316496e-06, 1.77498270659e-06, 2.4469093205e-06, 2.5858284971e-06, 2.4983937692e-06, 1.98259522222e-06, 2.06831873584e-06, 2.49289018939e-06, 2.82302858068e-06, 3.0178423458e-06, 2.74606622952e-06, 3.14753788189e-06, 2.8512888548e-06, 2.02658225135e-06, 2.46805711868e-06, 3.14285557579e-06, 2.58413319898e-06, 2.63923402599e-06, 2.56606949733e-06, 2.11602105082e-06, 1.91099525182e-06, 1.83912925422e-06, 1.40797965287e-06, 9.47157673181e-07, 8.47841306495e-07, 7.31483396521e-07, 8.89069553978e-07, 5.62236436963e-07, 3.45429612025e-07, 1.00908820855e-07, 5.80974290898e-09, 7.52146400718e-10, 6.80354828031e-10, 6.33086527646e-10, 5.97847382711e-10, 5.67875579893e-10, 5.41544364907e-10, 5.17659415333e-10, 4.98921348679e-10, 4.80691209059e-10, 4.63464155942e-10, 4.48745235415e-10, 4.36914782131e-10, 4.24094481755e-10, 4.14096673618e-10, 4.05529887448e-10, 3.97937738317e-10, 3.91135818179e-10, 3.86469606317e-10, 3.82841675028e-10, 3.80606574035e-10]
    },
    "mfcc": {
        "mean": [-634.269775391, 129.985458374, -1.24762177467, 10.6384677887, 2.89427232742, -9.26383113861, 4.04316854477, 3.58600378036, -10.7350759506, 5.32919788361, -10.9968528748, -0.59266936779, -4.68836164474],
        "cov": [[2009.29663086, -548.426513672, -327.339111328, -304.313018799, -19.7230739594, -112.148765564, 103.66583252, 2.83078789711, -74.1022720337, 174.568405151, 31.0422649384, -16.2220306396, -2.09564876556], [-548.426513672, 817.960632324, 127.173988342, 97.8041152954, 29.9090232849, 50.4485206604, 106.393829346, 62.5849838257, 46.6956710815, -15.1324262619, 49.2307319641, 10.6184558868, -4.15685987473], [-327.339111328, 127.173988342, 439.303955078, 163.675170898, 38.0446434021, 44.5256500244, -63.7479171753, 59.8144989014, 52.0623855591, -47.9460983276, 32.3957824707, 5.87223386765, 33.5851097107], [-304.313018799, 97.8041152954, 163.675170898, 497.72253418, 165.91217041, -79.9343032837, -198.268997192, 14.889796257, 87.8467483521, -57.6636886597, -86.8126068115, 58.6995010376, -1.9725099802], [-19.7230739594, 29.9090232849, 38.0446434021, 165.91217041, 219.72694397, -40.2131195068, -88.0969467163, 6.18561172485, 53.2935256958, 11.7624149323, -32.3131866455, 27.7935314178, -0.848639249802], [-112.148765564, 50.4485206604, 44.5256500244, -79.9343032837, -40.2131195068, 264.515350342, 93.8075332642, 19.5710334778, 34.5145606995, -7.60742855072, 91.2011566162, -18.6289978027, 32.4396858215], [103.66583252, 106.393829346, -63.7479171753, -198.268997192, -88.0969467163, 93.8075332642, 295.48248291, 48.7283172607, -43.1699066162, 29.3932952881, 42.9538269043, -15.0599555969, -5.66484117508], [2.83078789711, 62.5849838257, 59.8144989014, 14.889796257, 6.18561172485, 19.5710334778, 48.7283172607, 151.166473389, 18.6182136536, 14.8505964279, 29.8268642426, -4.53547286987, 32.5108070374], [-74.1022720337, 46.6956710815, 52.0623855591, 87.8467483521, 53.2935256958, 34.5145606995, -43.1699066162, 18.6182136536, 132.932006836, 19.5369129181, 21.825012207, 4.59778881073, 14.1460981369], [174.568405151, -15.1324262619, -47.9460983276, -57.6636886597, 11.7624149323, -7.60742855072, 29.3932952881, 14.8505964279, 19.5369129181, 108.242698669, 31.630449295, -0.93371963501, 4.99793100357], [31.0422649384, 49.2307319641, 32.3957824707, -86.8126068115, -32.3131866455, 91.2011566162, 42.9538269043, 29.8268642426, 21.825012207, 31.630449295, 148.347488403, -4.8975148201, 45.2272987366], [-16.2220306396, 10.6184558868, 5.87223386765, 58.6995010376, 27.7935314178, -18.6289978027, -15.0599555969, -4.53547286987, 4.59778881073, -0.93371963501, -4.8975148201, 79.639175415, 15.437251091], [-2.09564876556, -4.15685987473, 33.5851097107, -1.9725099802, -0.848639249802, 32.4396858215, -5.66484117508, 32.5108070374, 14.1460981369, 4.99793100357, 45.2272987366, 15.437251091, 96.2225036621]],
        "icov": [[0.000834813399706, 0.000540781766176, 0.000281257729512, 0.000139266630867, -0.000269101175945, 0.000433715380495, -0.000365637330106, -0.00015932432143, 0.000148886872921, -0.000808834622148, -0.000375063566025, 4.69133447041e-05, 1.88294616237e-05], [0.000540781766176, 0.00190354778897, -9.16170538403e-05, -0.000496316992212, -0.000344611238688, 0.000503994233441, -0.00132119865157, -0.000182633317309, -0.000259697000729, -0.000119936135889, -0.00105389871169, 6.72725145705e-05, 0.000455766334198], [0.000281257729512, -9.16170538403e-05, 0.00326010305434, -0.000850920798257, 3.65081650671e-05, -0.000257827923633, 0.000391528068576, -0.00105845730286, -0.000141014505061, 0.000887251400854, -0.00103986565955, 0.000407278101193, -0.000287180853775], [0.000139266630867, -0.000496316992212, -0.000850920798257, 0.00514042563736, -0.00172069040127, 0.000232760794461, 0.00213473080657, -0.00111292477231, -0.00186590733938, 0.00150560005568, 0.00218185014091, -0.00244555296376, 0.000354952848284], [-0.000269101175945, -0.000344611238688, 3.65081650671e-05, -0.00172069040127, 0.00687483046204, -0.000183843701961, 0.00102693750523, -0.00023340494954, -0.00115224753972, -0.00160665239673, 0.000952508766204, -0.000926898210309, 0.000147015074617], [0.000433715380495, 0.000503994233441, -0.000257827923633, 0.000232760794461, -0.000183843701961, 0.00639600446448, -0.00242326804437, 0.000773399020545, -0.00214587780647, 0.00179094308987, -0.00325733982027, 0.00112657959107, -0.000863157911226], [-0.000365637330106, -0.00132119865157, 0.000391528068576, 0.00213473080657, 0.00102693750523, -0.00242326804437, 0.00702367257327, -0.00249692006037, 0.00135043682531, -0.000853376986925, 0.00137775705662, -0.00150777481031, 0.00136532285251], [-0.00015932432143, -0.000182633317309, -0.00105845730286, -0.00111292477231, -0.00023340494954, 0.000773399020545, -0.00249692006037, 0.00890336465091, -0.000550122873392, -0.00083562504733, -0.000720346812159, 0.00172668264713, -0.00289687374607], [0.000148886872921, -0.000259697000729, -0.000141014505061, -0.00186590733938, -0.00115224753972, -0.00214587780647, 0.00135043682531, -0.000550122873392, 0.0111714452505, -0.00333550851792, -0.00108875101432, 0.00084542715922, -0.000111355016998], [-0.000808834622148, -0.000119936135889, 0.000887251400854, 0.00150560005568, -0.00160665239673, 0.00179094308987, -0.000853376986925, -0.00083562504733, -0.00333550851792, 0.0137433568016, -0.00272974791005, -0.000453640823252, 0.000444879959105], [-0.000375063566025, -0.00105389871169, -0.00103986565955, 0.00218185014091, 0.000952508766204, -0.00325733982027, 0.00137775705662, -0.000720346812159, -0.00108875101432, -0.00272974791005, 0.0124500598758, -0.000842128414661, -0.0036298960913], [4.69133447041e-05, 6.72725145705e-05, 0.000407278101193, -0.00244555296376, -0.000926898210309, 0.00112657959107, -0.00150777481031, 0.00172668264713, 0.00084542715922, -0.000453640823252, -0.000842128414661, 0.0152841517702, -0.00340548576787], [1.88294616237e-05, 0.000455766334198, -0.000287180853775, 0.000354952848284, 0.000147015074617, -0.000863157911226, 0.00136532285251, -0.00289687374607, -0.000111355016998, 0.000444879959105, -0.0036298960913, -0.00340548576787, 0.0141174048185]]
    },
    "spectral_contrast_coeffs": {
        "max": [-0.347352206707, -0.489586532116, -0.465166389942, -0.550865411758, -0.651403129101, -0.600775778294],
        "mean": [-0.663294255733, -0.720076858997, -0.70457470417, -0.755715310574, -0.775534451008, -0.803149282932],
        "min": [-0.937363564968, -0.933471500874, -0.901014745235, -0.887880146503, -0.877559125423, -0.883422672749],
        "stdev": [0.0888854116201, 0.0664156973362, 0.0816996023059, 0.0579371079803, 0.039427164942, 0.0289661046118]
    },
    "spectral_contrast_valleys": {
        "max": [-5.2777132988, -5.11084938049, -5.19998550415, -5.78367185593, -6.21101570129, -8.15574169159],
        "mean": [-6.81583738327, -6.60181570053, -7.37828350067, -7.71460103989, -7.60684156418, -10.1574106216],
        "min": [-9.32863235474, -8.18210601807, -8.94978618622, -9.12246417999, -9.44838809967, -12.5624580383],
        "stdev": [0.696370363235, 0.473984658718, 0.525210678577, 0.479669004679, 0.500982880592, 0.654349684715]
    }
},
"rhythm": {
    "beats_count": 95,
    "beats_loudness": {
        "max": 0.0905468463898,
        "mean": 0.033775549382,
        "min": 0.00209138868377,
        "stdev": 0.0143726961687
    },
    "bpm": 119.460586548,
    "bpm_histogram_first_peak_bpm": 120,
    "bpm_histogram_first_peak_weight": 0.528571426868,
    "bpm_histogram_second_peak_bpm": 115,
    "bpm_histogram_second_peak_spread": 0.285714268684,
    "bpm_histogram_second_peak_weight": 0.106382980943,
    "danceability": 1.12027466297,
    "onset_rate": 2.3173828125,
    "beats_loudness_band_ratio": {
        "max": [0.859558343887, 0.865832090378, 0.67346060276, 0.788281202316, 0.418005615473, 0.204610794783],
        "mean": [0.234233349562, 0.279881983995, 0.178271487355, 0.223161622882, 0.0936161354184, 0.0310882888734],
        "min": [0.00364660355262, 0.00725463358685, 0.0220263507217, 0.0043875365518, 0.00390491704457, 0.00163729232736],
        "stdev": [0.206872999668, 0.221573576331, 0.125345781446, 0.220400750637, 0.0940942764282, 0.0319707244635]
    },
