{
"metadata": {
    "version": {
        "essentia": "2.1-beta5",
        "essentia_git_sha": "Undefined",
        "extractor": "music 2.0"
    },
    "audio_properties": {
        "analysis": {
            "equal_loudness": 0,
            "length": 32.4963264465,
            "sample_rate": 44100,
            "start_time": 12.7477550507,
            "downmix": "mix"
        },
        "bit_rate": 192000,
        "length": 205.450164795,
        "lossless": 0,
        "number_channels": 2,
        "replay_gain": -13.1533107758,
        "sample_rate": 44100,
        "codec": "mp3",
        "md5_encoded": "fb1a45f58a80a7750379c9d3334e0cfa"
    },
    "tags": {
        "file_name": "Luxembourg_L_amour Est Bleu_Vicky.mp3",
        "encoding": ["Lavf58.29.100"]
    }
},
"lowlevel": {
    "average_loudness": 0.796218454838,
    "barkbands_crest": {
        "max": 25.8279571533,
        "mean": 13.7979221344,
        "min": 4.39328861237,
        "stdev": 4.73551893234
    },
    "barkbands_flatness_db": {
        "max": 0.41617885232,
        "mean": 0.227422788739,
        "min": 0.0448408164084,
        "stdev": 0.0885508581996
    },
    "barkbands_kurtosis": {
        "max": 190.925094604,
        "mean": 17.1660175323,
        "min": -1.8633582592,
        "stdev": 23.5971298218
    },
    "barkbands_skewness": {
        "max": 10.4177150726,
        "mean": 2.87891316414,
        "min": -1.00922107697,
        "stdev": 1.82886993885
    },
    "barkbands_spread": {
        "max": 79.5081100464,
        "mean": 14.2258930206,
        "min": 0.348061054945,
        "stdev": 18.3020629883
    },
    "dissonance": {
        "max": 0.499683469534,
        "mean": 0.420147031546,
        "min": 0.202380180359,
        "stdev": 0.0518300160766
    },
    "dynamic_complexity": 7.21738243103,
    "erbbands_crest": {
        "max": 31.4852905273,
        "mean": 14.0668449402,
        "min": 2.17649745941,
        "stdev": 6.75910329819
    },
    "erbbands_flatness_db": {
        "max": 0.423192083836,
        "mean": 0.250639855862,
        "min": 0.0713402703404,
        "stdev": 0.0802641138434
    },
    "erbbands_kurtosis": {
        "max": 95.4758453369,
        "mean": 4.91568899155,
        "min": -1.85825169086,
        "stdev": 11.572022438
    },
    "erbbands_skewness": {
        "max": 8.60358905792,
        "mean": 1.42853832245,
        "min": -2.19989705086,
        "stdev": 1.58716535568
    },
    "erbbands_spread": {
        "max": 102.133865356,
        "mean": 29.4741611481,
        "min": 1.12593269348,
        "stdev": 20.331577301
    },
    "hfc": {
        "max": 58.9253044128,
        "mean": 7.54952096939,
        "min": 0.017209963873,
        "stdev": 7.82804536819
    },
    "loudness_ebu128": {
        "integrated": -12.4004850388,
        "loudness_range": 8.12094211578,
        "momentary": {
            "max": -8.45633602142,
            "mean": -17.0813484192,
            "min": -42.0440139771,
            "stdev": 9.40586280823
        },
        "short_term": {
            "max": -10.1747941971,
            "mean": -14.4460268021,
            "min": -41.754447937,
            "stdev": 5.3966422081
        }
    },
    "melbands_crest": {
        "max": 32.1342964172,
        "mean": 18.4734420776,
        "min": 4.1323928833,
        "stdev": 6.72116231918
    },
    "melbands_flatness_db": {
        "max": 0.500921189785,
        "mean": 0.285912573338,
        "min": 0.0413304977119,
        "stdev": 0.0983832255006
    },
    "melbands_kurtosis": {
        "max": 215.657608032,
        "mean": 28.7308540344,
        "min": -1.80496430397,
        "stdev": 31.1366004944
    },
    "melbands_skewness": {
        "max": 12.4433403015,
        "mean": 3.71388626099,
        "min": -0.731148004532,
        "stdev": 1.9794113636
    },
    "melbands_spread": {
        "max": 125.974258423,
        "mean": 13.7529392242,
        "min": 0.368506878614,
        "stdev": 15.6255712509
    },
    "pitch_salience": {
        "max": 0.819380283356,
        "mean": 0.471710890532,
        "min": 0.0939462706447,
        "stdev": 0.150141850114
    },
    "silence_rate_20dB": {
        "max": 1,
        "mean": 1,
        "min": 1,
        "stdev": 0
    },
    "silence_rate_30dB": {
        "max": 1,
        "mean": 0.996431112289,
        "min": 0,
        "stdev": 0.0596334673464
    },
    "silence_rate_60dB": {
        "max": 1,
        "mean": 0.281941473484,
        "min": 0,
        "stdev": 0.449950486422
    },
    "spectral_centroid": {
        "max": 3589.83056641,
        "mean": 885.57244873,
        "min": 204.251174927,
        "stdev": 607.903686523
    },
    "spectral_complexity": {
        "max": 23,
        "mean": 6.65881490707,
        "min": 0,
        "stdev": 4.18818950653
    },
    "spectral_decrease": {
        "max": -3.86345209297e-12,
        "mean": -4.42204184381e-09,
        "min": -3.65205501396e-08,
        "stdev": 5.1771356091e-09
    },
    "spectral_energy": {
        "max": 0.143181353807,
        "mean": 0.0173745509237,
        "min": 1.63104850799e-05,
        "stdev": 0.0202044248581
    },
    "spectral_energyband_high": {
        "max": 0.00224837125279,
        "mean": 3.22997839248e-05,
        "min": 9.16981207411e-07,
        "stdev": 0.000138841001899
    },
    "spectral_energyband_low": {
        "max": 0.034216042608,
        "mean": 0.000705956306774,
        "min": 1.61159755407e-06,
        "stdev": 0.00337358191609
    },
    "spectral_energyband_middle_high": {
        "max": 0.0339367613196,
        "mean": 0.0009737671935,
        "min": 1.16174601317e-06,
        "stdev": 0.00189918989781
    },
    "spectral_energyband_middle_low": {
        "max": 0.139342159033,
        "mean": 0.0161829758435,
        "min": 2.99411544802e-06,
        "stdev": 0.0196498613805
    },
    "spectral_entropy": {
        "max": 8.56813144684,
        "mean": 6.73394966125,
        "min": 4.66070604324,
        "stdev": 0.839749991894
    },
    "spectral_flux": {
        "max": 0.335574686527,
        "mean": 0.0429713241756,
        "min": 0.001833637245,
        "stdev": 0.0403763987124
    },
    "spectral_kurtosis": {
        "max": 46.4246406555,
        "mean": 11.0807943344,
        "min": -0.592798709869,
        "stdev": 8.23700523376
    },
    "spectral_rms": {
        "max": 0.0118190152571,
        "mean": 0.00338654778898,
        "min": 0.000126145430841,
        "stdev": 0.00234138290398
    },
    "spectral_rolloff": {
        "max": 6180.02929688,
        "mean": 1108.69482422,
        "min": 172.265625,
        "stdev": 1162.09594727
    },
    "spectral_skewness": {
        "max": 5.829433918,
        "mean": 2.30286812782,
        "min": 0.457372605801,
        "stdev": 0.922630250454
    },
    "spectral_spread": {
        "max": 8609116,
        "mean": 3564605.5,
        "min": 1623765.25,
        "stdev": 1727059.125
    },
    "spectral_strongpeak": {
        "max": 6.3305888176,
        "mean": 1.1638327837,
        "min": 0,
        "stdev": 1.01172804832
    },
    "zerocrossingrate": {
        "max": 0.16552734375,
        "mean": 0.0441666245461,
        "min": 0.0068359375,
        "stdev": 0.0363564901054
    },
    "barkbands": {
        "max": [0.00160512933508, 0.00309034227394, 0.00736489100382, 0.0435479283333, 0.123877122998, 0.0755121856928, 0.0767256319523, 0.0370487049222, 0.00642585102469, 0.0327052250504, 0.00377664691769, 0.00317001552321, 0.00243106437847, 0.00298469187692, 0.00347656733356, 0.00139306951314, 0.00590513972566, 0.00214802613482, 0.000939658842981, 0.000536355772056, 0.00043861073209, 0.00110316544306, 0.000904280226678, 0.000557336723432, 9.68643289525e-05, 1.97291751647e-06, 9.26007771795e-07],
        "mean": [1.34744150273e-05, 2.18493678403e-05, 0.000191542945686, 0.000764274096582, 0.00499922875315, 0.00572156812996, 0.00279537914321, 0.00167086569127, 0.000169348320924, 0.000260213389993, 6.29176356597e-05, 5.02617767779e-05, 5.33461134182e-05, 4.98703666381e-05, 9.76454975898e-05, 7.89323894423e-05, 0.000233987739193, 7.20481111784e-05, 2.91233445751e-05, 1.27743514895e-05, 4.72383908345e-06, 6.47285287414e-06, 8.45485010359e-06, 4.84858082928e-06, 1.25348333313e-06, 1.78988642574e-07, 5.03291852638e-09],
        "min": [5.22861398622e-08, 8.94355522973e-08, 4.65927350035e-08, 4.61896334514e-08, 6.28186171525e-07, 2.06509099598e-07, 4.72025192266e-08, 2.92503408161e-08, 6.69965487532e-08, 5.99138161306e-08, 2.9263228285e-08, 3.7330213587e-08, 4.62058125095e-08, 3.23730198204e-08, 7.72710677666e-08, 6.9307219519e-08, 7.97471244596e-08, 1.33978616645e-07, 9.32105450602e-08, 1.52994573455e-07, 1.2726761156e-07, 1.45225882875e-07, 1.09492169997e-07, 4.64767637709e-08, 7.36060172812e-08, 4.67770000512e-08, 6.23578189085e-10],
        "stdev": [6.67682907078e-05, 0.000139349300298, 0.000753636937588, 0.00401414791122, 0.0101237269118, 0.0100247003138, 0.00758024444804, 0.00379804917611, 0.000433327979408, 0.00149097107351, 0.000242162452196, 0.000169093473232, 0.000149192957906, 0.000147587968968, 0.000210893718759, 0.000132417088025, 0.000581576838158, 0.000146750084241, 6.84873739374e-05, 2.85784062726e-05, 1.60165654961e-05, 4.74019652756e-05, 5.52862402401e-05, 2.73743607977e-05, 4.88425348522e-06, 9.25847203348e-08, 2.48373570599e-08]
    },
    "erbbands": {
        "max": [0.0229347385466, 1.01948046684, 6.58120250702, 93.8555297852, 84.2455444336, 412.903747559, 1104.84301758, 723.758728027, 1527.10412598, 644.797058105, 491.321136475, 184.222976685, 765.528808594, 693.628845215, 149.599746704, 127.430290222, 84.2498245239, 64.6430664062, 149.482147217, 221.033996582, 116.21937561, 217.554489136, 114.37966156, 81.2204818726, 33.1086387634, 28.5461578369, 8.4228887558, 20.3857898712, 43.3024330139, 28.957950592, 23.9332122803, 15.9256000519, 5.95952796936, 1.63322508335, 0.466755360365, 0.0324801690876, 0.00203321105801, 0.00058927515056, 0.00013184256386, 0.000160027411766],
        "mean": [0.000260360975517, 0.00879102945328, 0.164754629135, 1.72377347946, 1.62432312965, 15.7164411545, 69.1231765747, 27.6155338287, 50.873626709, 27.5493087769, 27.7427845001, 6.52073764801, 6.10458278656, 6.1623916626, 2.56968092918, 1.92765474319, 2.28559970856, 2.1615126133, 4.71615076065, 5.20358991623, 6.79191541672, 9.55079746246, 5.18783998489, 2.40897893906, 0.896690785885, 0.627638220787, 0.273028701544, 0.188911542296, 0.234557762742, 0.224754005671, 0.254060447216, 0.124274022877, 0.0736498534679, 0.020219642669, 0.00619882158935, 0.00151411781553, 0.000197337722057, 2.05613596336e-05, 9.07221601665e-06, 1.95993670786e-05],
        "min": [1.19572023323e-05, 2.71480912488e-05, 0.00011547376198, 0.000350513961166, 0.000543714035302, 0.00259198877029, 0.00239083147608, 0.0014819529606, 0.000822056899779, 0.000873384182341, 0.0017604372697, 0.00191532296594, 0.00123666319996, 0.00178113766015, 0.00228278152645, 0.00135272217449, 0.00304904300719, 0.00303791230544, 0.00349065102637, 0.00359055749141, 0.00455490453169, 0.00449806312099, 0.00641303602606, 0.00545974215493, 0.00621571484953, 0.00724367890507, 0.00642921729013, 0.00532604707405, 0.00576354144141, 0.00496533280239, 0.00228681438603, 0.0012945671333, 0.000758071953896, 0.00095756968949, 0.000434571004007, 0.000195612170501, 7.34463465051e-05, 7.20329535397e-06, 2.46942306603e-07, 3.56107889843e-08],
        "stdev": [0.00107188103721, 0.0471315607429, 0.641837716103, 8.96533203125, 5.18211174011, 33.2482910156, 128.688278198, 53.7535095215, 135.63899231, 65.4873809814, 56.9233016968, 13.271780014, 28.1994438171, 29.1087207794, 8.80796718597, 5.57770252228, 5.58434247971, 4.61101579666, 10.1988306046, 11.377035141, 12.8540468216, 22.4338512421, 9.97178077698, 5.99097967148, 1.94768965244, 1.43800723553, 0.587184309959, 0.849509000778, 1.72081434727, 1.72905373573, 1.60039401054, 0.769877076149, 0.378118515015, 0.0901450365782, 0.0187248717993, 0.00143444596324, 0.000107607447717, 2.0519577447e-05, 1.01957821244e-05, 2.24901796173e-05]
    },
    "gfcc": {
        "mean": [-144.637680054, 108.832374573, -135.066955566, 5.10267591476, -76.0279388428, -25.8176612854, -71.403793335, 0.965002655983, -22.0831203461, -8.73005580902, -10.53561306, -2.9493970871, 0.797724962234],
        "cov": [[5964.70410156, 2210.47363281, -1011.02020264, -809.870178223, -16.4743614197, -1318.83398438, -312.542572021, -647.041137695, 155.301330566, -618.532714844, 295.767669678, -473.660125732, 257.920410156], [2210.47363281, 1156.16455078, -259.578460693, -487.051727295, 76.1081924438, -568.725830078, -135.282012939, -272.157653809, 46.1075019836, -228.057907104, 141.919006348, -186.461883545, 104.432754517], [-1011.02020264, -259.578460693, 643.221008301, 331.947357178, -16.7353858948, 350.636291504, 93.5166931152, -33.4156494141, -83.8403549194, 107.689750671, 6.47833013535, 18.5392017365, -115.869262695], [-809.870178223, -487.051727295, 331.947357178, 587.830200195, 45.2609710693, 423.143615723, 144.413314819, 25.7325553894, -125.575088501, 53.1028518677, -76.7583389282, -23.133638382, -145.938171387], [-16.4743614197, 76.1081924438, -16.7353858948, 45.2609710693, 215.774932861, 64.9196166992, -2.39875793457, -15.42669487, -71.0225753784, -49.6284561157, -14.5320119858, 21.9411468506, 33.6427841187], [-1318.83398438, -568.725830078, 350.636291504, 423.143615723, 64.9196166992, 724.47833252, 217.224685669, 57.6291313171, -136.505905151, 112.609397888, -109.00718689, 30.6479358673, -158.778381348], [-312.542572021, -135.282012939, 93.5166931152, 144.413314819, -2.39875793457, 217.224685669, 181.4165802, 45.9199638367, -65.4722976685, 42.6909790039, -36.2324714661, -42.9556007385, -79.5576095581], [-647.041137695, -272.157653809, -33.4156494141, 25.7325553894, -15.42669487, 57.6291313171, 45.9199638367, 234.392730713, 68.7798919678, 80.5517654419, -47.792388916, 64.1524734497, -30.4194927216], [155.301330566, 46.1075019836, -83.8403549194, -125.575088501, -71.0225753784, -136.505905151, -65.4722976685, 68.7798919678, 166.543411255, 32.5038604736, 10.0160598755, 21.4611778259, 8.46734142303], [-618.532714844, -228.057907104, 107.689750671, 53.1028518677, -49.6284561157, 112.609397888, 42.6909790039, 80.5517654419, 32.5038604736, 158.199111938, 3.23817372322, 26.4563541412, -55.3853912354], [295.767669678, 141.919006348, 6.47833013535, -76.7583389282, -14.5320119858, -109.00718689, -36.2324714661, -47.792388916, 10.0160598755, 3.23817372322, 109.840904236, 12.7102088928, 28.7396602631], [-473.660125732, -186.461883545, 18.5392017365, -23.133638382, 21.9411468506, 30.6479358673, -42.9556007385, 64.1524734497, 21.4611778259, 26.4563541412, 12.7102088928, 167.626571655, 76.9887619019], [257.920410156, 104.432754517, -115.869262695, -145.938171387, 33.6427841187, -158.778381348, -79.5576095581, -30.4194927216, 8.46734142303, -55.3853912354, 28.7396602631, 76.9887619019, 174.318786621]],
        "icov": [[0.00401651952416, -0.00463245995343, 0.00475745322183, -0.00391190126538, 0.00249955221079, 0.000119159434689, -0.00162570213433, 0.0043649203144, -0.00547831738368, 0.00574237387627, -0.0055376207456, 0.00401307595894, -0.00240322481841], [-0.00463245995343, 0.0140226492658, -0.00770045816898, 0.0101894335821, -0.0093987910077, 0.00312850438058, -0.00251399190165, 0.00016358490393, 0.00110379781108, 1.71593692357e-05, 0.00159826828167, 0.00264799478464, 0.00392887648195], [0.00475745322183, -0.00770045816898, 0.00919567979872, -0.00723577989265, 0.00506308814511, -0.00133899273351, -0.000662146951072, 0.00510104652494, -0.00492144888267, 0.00380487646908, -0.00639480771497, 0.00190063018817, -0.00231717713177], [-0.00391190126538, 0.0101894335821, -0.00723577989265, 0.0113590788096, -0.00685837492347, 0.000936270109378, -0.00106245675124, -0.00159430201165, 0.00339495856315, -0.000603426888119, 0.00313024944626, 0.00109692837577, 0.00443989085034], [0.00249955221079, -0.0093987910077, 0.00506308814511, -0.00685837492347, 0.012923062779, -0.00361705641262, 0.00409664073959, -0.0024967903737, 0.00331231369637, 0.000418527604779, -0.000359751022188, -0.00275553530082, -0.00355026847683], [0.000119159434689, 0.00312850438058, -0.00133899273351, 0.000936270109378, -0.00361705641262, 0.00637796754017, -0.00550818117335, 0.00408475799486, -0.00138741615228, 0.000812504906207, 0.00160112057347, -0.00105966010597, 0.00307919830084], [-0.00162570213433, -0.00251399190165, -0.000662146951072, -0.00106245675124, 0.00409664073959, -0.00550818117335, 0.0163472089916, -0.00940051861107, 0.00955277867615, -0.00580415735021, 0.0026389171835, 0.000445743819, -0.000345678330632], [0.0043649203144, 0.00016358490393, 0.00510104652494, -0.00159430201165, -0.0024967903737, 0.00408475799486, -0.00940051861107, 0.0181943010539, -0.0130765167996, 0.0066569368355, -0.00438390066847, 0.00244549568743, 0.000979725620709], [-0.00547831738368, 0.00110379781108, -0.00492144888267, 0.00339495856315, 0.00331231369637, -0.00138741615228, 0.00955277867615, -0.0130765167996, 0.0233139228076, -0.0134239178151, 0.0107779577374, -0.00960592739284, 0.00425824709237], [0.00574237387627, 1.71593692357e-05, 0.00380487646908, -0.000603426888119, 0.000418527604779, 0.000812504906207, -0.00580415735021, 0.0066569368355, -0.0134239178151, 0.0249937046319, -0.0147744286805, 0.0109002897516, -0.00109589681961], [-0.0055376207456, 0.00159826828167, -0.00639480771497, 0.00313024944626, -0.000359751022188, 0.00160112057347, 0.0026389171835, -0.00438390066847, 0.0107779577374, -0.0147744286805, 0.0249333158135, -0.0134911555797, 0.00420307833701], [0.00401307595894, 0.00264799478464, 0.00190063018817, 0.00109692837577, -0.00275553530082, -0.00105966010597, 0.000445743819, 0.00244549568743, -0.00960592739284, 0.0109002897516, -0.0134911555797, 0.0250817351043, -0.0100689334795], [-0.00240322481841, 0.00392887648195, -0.00231717713177, 0.00443989085034, -0.00355026847683, 0.00307919830084, -0.000345678330632, 0.000979725620709, 0.00425824709237, -0.00109589681961, 0.00420307833701, -0.0100689334795, 0.0158175546676]]
    },
    "melbands": {
        "max": [0.000438135495642, 0.0029672360979, 0.0141668822616, 0.0118070971221, 0.0332916080952, 0.0189557783306, 0.0202516578138, 0.00832107942551, 0.00369844469242, 0.000997653696686, 0.00425128825009, 0.00358762242831, 0.000626167515293, 0.000469443184556, 0.000324170978274, 0.000317651079968, 0.000149945743033, 0.000291880802251, 0.000285638263449, 0.000137116425321, 0.000216909698793, 0.000299002538668, 0.000230002857279, 0.000104271464807, 6.93708643666e-05, 3.17068515869e-05, 1.81377654371e-05, 1.88499416254e-05, 6.10973074799e-06, 1.39302874231e-05, 9.83304744295e-06, 2.98320846923e-05, 1.58805469255e-05, 1.95467418962e-05, 1.43601964737e-05, 1.42222334034e-05, 7.5307680163e-06, 5.58694591746e-06, 2.04060756914e-06, 1.19219396311e-06],
        "mean": [4.18660692958e-06, 8.14267405076e-05, 0.000270189571893, 0.000468271056889, 0.00212087179534, 0.000746673031244, 0.000728325045202, 0.000311897398205, 0.000195003696717, 3.01658292301e-05, 3.16956648021e-05, 2.76836290141e-05, 9.14064366953e-06, 5.70054226046e-06, 4.07466905017e-06, 5.98010592512e-06, 3.65906544175e-06, 7.4162353485e-06, 6.5664403337e-06, 7.789767551e-06, 9.42439146456e-06, 1.18474481496e-05, 7.55928294893e-06, 2.65853987003e-06, 1.91503113456e-06, 8.02728834515e-07, 4.42601674422e-07, 4.10547443153e-07, 1.9192941636e-07, 1.17328852411e-07, 1.03367760573e-07, 1.34159890308e-07, 1.24625728404e-07, 1.2249383019e-07, 1.50438594915e-07, 1.15562869496e-07, 6.29559551157e-08, 6.34469117244e-08, 2.52168099735e-08, 1.34030875287e-08],
        "min": [9.55301828753e-08, 6.41064943352e-08, 5.55875416808e-08, 1.37292389013e-07, 1.07615967693e-07, 3.08851788589e-08, 1.31646125112e-08, 1.10986002611e-08, 1.06534239208e-08, 8.45968894936e-09, 4.47753389921e-09, 5.87839865673e-09, 5.31535615522e-09, 4.96200369682e-09, 4.78754680344e-09, 4.17518464246e-09, 3.15494852465e-09, 4.7237223022e-09, 5.30533572629e-09, 4.78662531833e-09, 5.5623354811e-09, 3.03711367167e-09, 4.74836392428e-09, 6.60539489772e-09, 3.99346067326e-09, 4.07388744961e-09, 4.66259164611e-09, 4.63215510393e-09, 3.86704668287e-09, 3.52406703819e-09, 2.66706923213e-09, 2.86052115328e-09, 3.07125747057e-09, 2.66852873132e-09, 1.26383892241e-09, 9.74323177694e-10, 7.60143004097e-10, 4.73477645979e-10, 6.30703600457e-10, 8.54561310604e-10],
        "stdev": [2.1566364012e-05, 0.000333464704454, 0.00134154735133, 0.000992122222669, 0.00383239495568, 0.00147045974154, 0.0019492295105, 0.000788673642091, 0.000412324880017, 7.18970477465e-05, 0.000163830743986, 0.000150586565724, 3.6971148802e-05, 2.27556902246e-05, 1.24205034808e-05, 1.72000618477e-05, 8.76841204445e-06, 1.86494198715e-05, 1.54512708832e-05, 1.30438684209e-05, 2.13955318031e-05, 3.03039159917e-05, 1.72693180502e-05, 6.89358375894e-06, 5.05646130478e-06, 1.88589922345e-06, 1.0338701486e-06, 9.83656150311e-07, 4.22588527726e-07, 4.60834030491e-07, 4.95273923207e-07, 1.0571770872e-06, 9.15947566682e-07, 1.00002000636e-06, 9.6414237305e-07, 7.39450683795e-07, 3.90441954323e-07, 3.37058168043e-07, 1.20677540849e-07, 5.62550610539e-08]
    },
    "melbands128": {
        "max": [0.000622747233137, 0.000251039717114, 0.000124921003589, 0.002158296993, 0.00408478826284, 0.00513683957979, 0.0224521290511, 0.0186605341733, 0.0079740434885, 0.00671103131026, 0.0215304940939, 0.0584147274494, 0.0563871152699, 0.0251421760768, 0.00558722764254, 0.0386455543339, 0.0462763346732, 0.0299612656236, 0.0109212612733, 0.00704874563962, 0.0154510103166, 0.00587523449212, 0.00596556859091, 0.00143843272235, 0.00225843582302, 0.00120137876365, 0.000463766977191, 0.00372296432033, 0.0106827858835, 0.00693924445659, 0.000314087141305, 0.00067927071359, 0.00130957073998, 0.000242244801484, 0.000888105365448, 0.00100870465394, 0.000113772250188, 0.000434272922575, 0.000521476380527, 0.000252417958109, 0.000690091284923, 0.000213374529267, 0.000205745585845, 0.000132991772261, 0.000806053052656, 0.000638945784885, 0.000307055102894, 0.000150822801515, 0.000754065462388, 0.000262780988123, 0.000197956062038, 0.000180668474059, 6.41565566184e-05, 0.000160646377481, 0.00101886224002, 0.000192512117792, 0.000112659618026, 0.000581671833061, 0.000156530746608, 0.000172638887307, 0.000231252372032, 9.75408765953e-05, 0.00016911131388, 0.000130252927192, 4.0694114432e-05, 3.89056731365e-05, 2.94769506581e-05, 8.35146420286e-06, 2.73394743999e-05, 3.65479318134e-05, 1.44720588651e-05, 3.14235185215e-05, 9.2537557066e-06, 7.00762302586e-06, 4.48972969025e-06, 9.44380917645e-06, 2.51398942055e-05, 1.48634881043e-05, 7.64546075516e-06, 1.56824771693e-05, 3.99040582124e-05, 3.17696358252e-05, 3.02290318359e-05, 1.6971867808e-05, 1.70912971953e-05, 3.4760159906e-05, 1.68080823642e-05, 1.52181191879e-05, 2.20559759327e-05, 1.60250201588e-05, 2.13888761209e-05, 1.30448279378e-05, 1.41564405567e-05, 7.79653873906e-06, 6.44539522909e-06, 7.45563602322e-06, 6.21880963081e-06, 2.55393365478e-06, 2.721371402e-06, 1.70251655618e-06, 2.22628636948e-06, 8.50709000133e-07, 5.85463624247e-07, 8.59403712639e-07, 8.82197696228e-07, 2.3107516256e-07, 9.95682540861e-08, 5.57233974519e-08, 2.52414853463e-08, 1.20992398323e-08, 6.77026656959e-09, 5.06986230775e-09, 5.82158232731e-09, 6.00203797774e-09, 4.91194285246e-09, 4.67331195964e-09, 4.49963666327e-09, 4.35335678617e-09, 4.21916679372e-09, 4.10001455009e-09, 4.00172295301e-09, 3.90154042407e-09, 3.8291152471e-09, 3.75822750698e-09, 3.7043359491e-09, 3.6540031001e-09, 3.61999830112e-09, 3.60430774116e-09],
        "mean": [3.82131520382e-06, 1.18392733839e-06, 1.85159728971e-06, 1.42366434375e-05, 3.49629408447e-05, 0.000117966228572, 0.000399453390855, 0.000320510094753, 8.73060416779e-05, 0.000129124047817, 0.00072153180372, 0.00215662829578, 0.00316028064117, 0.0013071395224, 0.000295490579447, 0.000661804922856, 0.000897298450582, 0.000893527583685, 0.000344532018062, 0.000186968085472, 0.000420130556449, 0.000258106854744, 0.000227956523304, 2.28010394494e-05, 3.07574191538e-05, 3.66409185517e-05, 1.0957071936e-05, 3.17579069815e-05, 4.57282803836e-05, 4.24253303208e-05, 1.51708709382e-05, 1.06517345557e-05, 1.15425700642e-05, 4.95470976603e-06, 6.74608781992e-06, 6.03817261435e-06, 3.85838120565e-06, 5.28647933606e-06, 2.84209409074e-06, 4.08164760302e-06, 1.03828097053e-05, 2.23335268856e-06, 2.83991630567e-06, 3.34075321007e-06, 7.59142085371e-06, 6.34480602457e-06, 1.09529000838e-05, 5.12534097652e-06, 5.96563177169e-06, 6.78163223711e-06, 9.49401692196e-06, 7.96069252829e-06, 1.76063485924e-06, 6.07261154073e-06, 3.43035280821e-05, 4.53731536254e-06, 2.701588528e-06, 1.32338636831e-05, 6.18599324298e-06, 3.72318868358e-06, 2.46540480475e-06, 1.88647879895e-06, 2.14215970118e-06, 2.20594893108e-06, 1.13139208224e-06, 7.6784851899e-07, 5.88739965224e-07, 3.46354767089e-07, 4.42871566975e-07, 5.2057140465e-07, 3.7159750832e-07, 4.46502070872e-07, 2.49963562737e-07, 1.43285788567e-07, 1.08790260356e-07, 1.19172156587e-07, 1.25208444501e-07, 9.99723965833e-08, 9.1272333691e-08, 1.10979499368e-07, 1.44042402894e-07, 1.279077253e-07, 1.51105368218e-07, 1.13333484819e-07, 1.11641838885e-07, 1.42977029327e-07, 1.12501872707e-07, 1.11256611035e-07, 1.5670667608e-07, 1.8017371417e-07, 1.46300251913e-07, 9.51728793552e-08, 6.9338959463e-08, 5.255923341e-08, 6.30825596204e-08, 7.9853990087e-08, 6.860726387e-08, 3.27007541046e-08, 2.48333318353e-08, 2.12861976934e-08, 1.69907679037e-08, 1.17508180963e-08, 9.44258271574e-09, 8.65190497024e-09, 6.81849288142e-09, 5.2797193284e-09, 4.09583700289e-09, 3.2852431886e-09, 2.34584351944e-09, 1.68462666039e-09, 1.03835273713e-09, 6.62726484801e-10, 3.98035687743e-10, 2.62206367729e-10, 1.78933493022e-10, 1.92353660777e-10, 1.4561289674e-10, 6.10828011435e-12, 5.76827040993e-12, 5.61777924526e-12, 5.48830555655e-12, 5.3626183355e-12, 5.26057496175e-12, 5.16749793997e-12, 5.09311473204e-12, 5.03045652009e-12, 4.98857335648e-12, 4.96182218576e-12],
        "min": [1.05637516512e-08, 1.89402147299e-08, 4.4458969839e-09, 1.02121440193e-08, 9.1411180847e-09, 2.3500980717e-08, 1.21748371384e-08, 2.37922446189e-08, 2.47386093832e-08, 4.95994143535e-08, 1.00918924772e-07, 7.68873391621e-08, 3.09481649197e-08, 1.14591962586e-08, 1.13986535766e-08, 6.53083009894e-09, 1.6247708734e-09, 3.05736413964e-09, 3.34723138096e-09, 4.21451185062e-09, 4.17044532242e-09, 5.03898656135e-09, 1.29253585612e-09, 2.39276820579e-09, 4.03167632612e-09, 2.83404744117e-09, 1.02797281798e-09, 2.01468863814e-09, 4.35301839019e-09, 2.71220912396e-09, 1.82450954345e-09, 1.44165346327e-09, 1.89934512562e-09, 2.33009700423e-09, 2.07171790834e-09, 2.2280333134e-09, 7.02794600294e-10, 2.07968131605e-09, 1.73619296717e-09, 1.23789911655e-09, 2.06703054673e-09, 2.09881734214e-09, 1.44063183605e-09, 2.7233197919e-09, 1.19286736044e-09, 1.9149919428e-09, 3.18118531517e-09, 2.00798933037e-09, 1.8502283039e-09, 2.25840213197e-09, 1.79370263087e-09, 2.14594852999e-09, 1.93074400912e-09, 2.6319515456e-09, 2.77828648976e-09, 5.30283816857e-10, 1.13424147852e-09, 2.28266450186e-09, 2.62703814258e-09, 1.67035274501e-09, 2.80203105163e-09, 3.47394313316e-09, 2.14508166785e-09, 1.88774662568e-09, 2.30918728583e-09, 2.00589234112e-09, 3.74440123352e-09, 2.21214313534e-09, 2.4887540917e-09, 2.33565944363e-09, 2.09754769109e-09, 1.86078130682e-09, 2.76704104074e-09, 6.73840150345e-10, 1.66361624476e-09, 2.07781125638e-09, 2.48150966442e-09, 9.71080105217e-10, 2.32815233758e-09, 2.6759932048e-09, 1.4106200652e-09, 2.21071405626e-09, 1.79727288607e-09, 1.99422256486e-09, 1.30344690596e-09, 1.4107753854e-09, 1.43216505322e-09, 1.01230979155e-09, 1.41402733966e-09, 9.21115683727e-10, 1.63698798961e-09, 6.45743625238e-10, 6.28748331177e-10, 9.40258981785e-10, 6.8504457662e-10, 5.62664970172e-10, 4.07688938164e-10, 4.25522089786e-10, 5.28095844832e-10, 6.73926525696e-10, 1.12277120934e-09, 9.45736489122e-10, 3.92804955229e-10, 9.67195212809e-10, 3.8753247833e-10, 3.16659309885e-10, 2.17101892019e-10, 4.05555977689e-10, 3.91342125372e-10, 3.18029880209e-10, 2.24683410766e-10, 1.74171038703e-10, 1.02426157833e-10, 6.41623559838e-11, 2.05495273575e-11, 2.49690546017e-11, 2.77976027613e-11, 4.46298678352e-14, 2.16423694287e-14, 2.5610935627e-14, 2.44888050132e-14, 2.5984150202e-14, 2.43234557116e-14, 2.23329384499e-14, 2.59919530696e-14, 2.56173391961e-14, 2.6137861271e-14, 2.83538400685e-14],
        "stdev": [2.4793220291e-05, 9.67937921814e-06, 7.30540978111e-06, 9.67622545431e-05, 0.000209063786315, 0.000491035054438, 0.00215455819853, 0.00163993157912, 0.000348303321516, 0.000355396856321, 0.00190822768491, 0.00461506983265, 0.00628756824881, 0.00269882823341, 0.000617217214312, 0.00273770815693, 0.00317251030356, 0.00292321387678, 0.00114882842172, 0.000627339235507, 0.00142615882214, 0.000544860959053, 0.000633283576462, 8.24162634672e-05, 0.00012564084318, 9.92957866401e-05, 2.39115033764e-05, 0.000129059437313, 0.000434637797298, 0.000285851769149, 3.16616205964e-05, 3.87991713069e-05, 7.14553825674e-05, 1.55077050294e-05, 4.04445381719e-05, 3.59155601473e-05, 7.76031265559e-06, 2.00721897272e-05, 1.54758872668e-05, 1.21665598272e-05, 3.46392953361e-05, 8.24938979349e-06, 8.91272520676e-06, 8.37806237541e-06, 3.38684876624e-05, 2.58523268712e-05, 2.76656901406e-05, 1.17905065053e-05, 3.19247628795e-05, 1.87251935131e-05, 1.85143071576e-05, 1.69319628185e-05, 3.80247956855e-06, 1.45847870954e-05, 9.88661995507e-05, 1.19469714264e-05, 7.63769276091e-06, 4.06539984397e-05, 1.22977471619e-05, 1.03169541035e-05, 1.02165813587e-05, 6.07692072663e-06, 7.63952903071e-06, 7.21426704331e-06, 2.99311045637e-06, 2.2016370167e-06, 1.70693829205e-06, 7.28676468498e-07, 1.30305591028e-06, 1.5340920072e-06, 9.79867536444e-07, 1.41196085224e-06, 5.97692690008e-07, 3.87144183378e-07, 3.04084949221e-07, 3.56212012775e-07, 7.86665907526e-07, 5.03937599206e-07, 3.891074698e-07, 6.77089360579e-07, 1.32424281674e-06, 1.06427455648e-06, 1.1892063867e-06, 8.53249900956e-07, 9.09207869881e-07, 1.39092765039e-06, 9.56658936957e-07, 8.32897740111e-07, 1.0780285038e-06, 1.14237661819e-06, 1.0396295238e-06, 6.0982603145e-07, 5.67317613331e-07, 3.54564377858e-07, 3.73205182314e-07, 4.40876050334e-07, 3.89129496625e-07, 1.52371541162e-07, 1.29927940407e-07, 1.09122218817e-07, 9.41716606917e-08, 4.11917575605e-08, 2.78983804947e-08, 3.3827085133e-08, 2.67455924075e-08, 1.01956265652e-08, 4.67000083049e-09, 2.63079202867e-09, 1.31237321011e-09, 7.63898055922e-10, 4.48074355397e-10, 3.27835675273e-10, 2.80367867811e-10, 2.23903978691e-10, 1.95961191718e-10, 1.87026116816e-10, 1.51823886796e-10, 1.16557055674e-10, 1.12975351296e-10, 1.09791190028e-10, 1.07161737817e-10, 1.04481985563e-10, 1.02540941016e-10, 1.00646165013e-10, 9.92022644586e-11, 9.78565423138e-11, 9.69475263957e-11, 9.65245244844e-11]
    },
    "mfcc": {
        "mean": [-785.439697266, 143.732116699, -12.7659730911, 13.9212617874, 3.53443574905, -30.7947273254, -30.9014930725, -15.539721489, -13.5976657867, -11.599562645, -14.4071502686, -5.09968709946, -5.81489706039],
        "cov": [[6383.71582031, 2135.78979492, -1104.2454834, 51.7398605347, -230.963912964, -747.348510742, -588.589660645, -477.428649902, -460.369812012, -203.938705444, -367.205474854, -220.470977783, -319.72467041], [2135.78979492, 1406.88696289, -472.036376953, -105.371192932, -41.7431182861, -434.214019775, -287.572906494, -268.110900879, -184.548843384, -156.734649658, -126.941429138, -68.6998062134, -87.172164917], [-1104.2454834, -472.036376953, 693.52545166, 70.3714675903, 12.8723936081, 343.541320801, 197.277572632, 77.5192947388, -35.5184059143, 85.1961288452, 161.703155518, 20.3569164276, 7.90958356857], [51.7398605347, -105.371192932, 70.3714675903, 219.323776245, 27.4004993439, 4.55174541473, 59.6188354492, -3.1319565773, -30.2843589783, 11.0371255875, 12.7410411835, -15.430106163, -29.4653091431], [-230.963912964, -41.7431182861, 12.8723936081, 27.4004993439, 182.371688843, 71.9478530884, 27.3527679443, 41.6005897522, 11.8379268646, -44.0247459412, -40.2983856201, -5.36859464645, 3.22810959816], [-747.348510742, -434.214019775, 343.541320801, 4.55174541473, 71.9478530884, 476.056793213, 285.800201416, 120.285057068, 2.58273339272, 74.980758667, 59.0747375488, -46.1330528259, -44.2436294556], [-588.589660645, -287.572906494, 197.277572632, 59.6188354492, 27.3527679443, 285.800201416, 357.163757324, 98.9211349487, -10.2818574905, 82.0440368652, 53.3034934998, -54.316986084, -75.8633499146], [-477.428649902, -268.110900879, 77.5192947388, -3.1319565773, 41.6005897522, 120.285057068, 98.9211349487, 164.469268799, 80.4830932617, 22.2401657104, 13.3688669205, 22.6936016083, 12.9750938416], [-460.369812012, -184.548843384, -35.5184059143, -30.2843589783, 11.8379268646, 2.58273339272, -10.2818574905, 80.4830932617, 155.501724243, 31.0448932648, -0.571762502193, 40.6271476746, 51.8823814392], [-203.938705444, -156.734649658, 85.1961288452, 11.0371255875, -44.0247459412, 74.980758667, 82.0440368652, 22.2401657104, 31.0448932648, 159.968017578, 98.6434631348, -15.0948047638, -29.7064476013], [-367.205474854, -126.941429138, 161.703155518, 12.7410411835, -40.2983856201, 59.0747375488, 53.3034934998, 13.3688669205, -0.571762502193, 98.6434631348, 195.371948242, 50.201915741, 6.54028129578], [-220.470977783, -68.6998062134, 20.3569164276, -15.430106163, -5.36859464645, -46.1330528259, -54.316986084, 22.6936016083, 40.6271476746, -15.0948047638, 50.201915741, 143.439910889, 83.7614212036], [-319.72467041, -87.172164917, 7.90958356857, -29.4653091431, 3.22810959816, -44.2436294556, -75.8633499146, 12.9750938416, 51.8823814392, -29.7064476013, 6.54028129578, 83.7614212036, 129.781692505]],
        "icov": [[0.000806239200756, -0.000848533760291, 0.000900750048459, -0.00107738701627, 0.00110804010183, -0.000947812048253, 0.00148390990216, -0.000813413702417, 0.00181740103289, -0.000977316405624, 0.0010782739846, -0.000631341943517, 0.00111771631055], [-0.000848533760291, 0.00274259666912, -0.000496394291986, 0.00225567561574, -0.00163542036898, 0.00209883134812, -0.00152301765047, 0.0021706353873, -0.000733662396669, 0.00189783377573, -0.00142373202834, 0.000783702242188, 0.000236665378907], [0.000900750048459, -0.000496394291986, 0.00425713555887, -0.00199832767248, 0.001639746828, -0.00320357503369, 0.00214066379704, -0.00109723873902, 0.00351689592935, -0.000726378057152, -0.000688813219313, -0.000655865645967, 0.000286393216811], [-0.00107738701627, 0.00225567561574, -0.00199832767248, 0.0078030009754, -0.00323833548464, 0.00390421622433, -0.00361751089804, 0.00214406778105, -0.00114822771866, 0.00133497477509, -0.00131432712078, 0.000816182699054, 0.000140888238093], [0.00110804010183, -0.00163542036898, 0.001639746828, -0.00323833548464, 0.00899792276323, -0.00360684306361, 0.00275706243701, -0.00265898462385, 0.00165768375155, 0.000897275516763, 0.00195645377971, -0.000750270846765, 0.00114846008364], [-0.000947812048253, 0.00209883134812, -0.00320357503369, 0.00390421622433, -0.00360684306361, 0.00859453249723, -0.00540356896818, 0.000466535624582, -0.00123661477119, 0.000793082464952, -0.000820964400191, 0.00200839294121, -0.000608169531915], [0.00148390990216, -0.00152301765047, 0.00214066379704, -0.00361751089804, 0.00275706243701, -0.00540356896818, 0.0100024277344, -0.00417463807389, 0.0045544905588, -0.0029628733173, 0.00160929712001, -0.000819091917947, 0.00398310599849], [-0.000813413702417, 0.0021706353873, -0.00109723873902, 0.00214406778105, -0.00265898462385, 0.000466535624582, -0.00417463807389, 0.0142151303589, -0.00770232686773, 0.00297528062947, -0.00108833261766, -0.00134303187951, 0.00105328601785], [0.00181740103289, -0.000733662396669, 0.00351689592935, -0.00114822771866, 0.00165768375155, -0.00123661477119, 0.0045544905588, -0.00770232686773, 0.0180902015418, -0.00703240605071, 0.00434068916366, -0.00232494203374, -0.00108075817116], [-0.000977316405624, 0.00189783377573, -0.000726378057152, 0.00133497477509, 0.000897275516763, 0.000793082464952, -0.0029628733173, 0.00297528062947, -0.00703240605071, 0.0153427887708, -0.00837031379342, 0.00392470508814, 0.00164510286413], [0.0010782739846, -0.00142373202834, -0.000688813219313, -0.00131432712078, 0.00195645377971, -0.000820964400191, 0.00160929712001, -0.00108833261766, 0.00434068916366, -0.00837031379342, 0.012933508493, -0.00620357925072, 0.00186548812781], [-0.000631341943517, 0.000783702242188, -0.000655865645967, 0.000816182699054, -0.000750270846765, 0.00200839294121, -0.000819091917947, -0.00134303187951, -0.00232494203374, 0.00392470508814, -0.00620357925072, 0.0149732921273, -0.00796824973077], [0.00111771631055, 0.000236665378907, 0.000286393216811, 0.000140888238093, 0.00114846008364, -0.000608169531915, 0.00398310599849, 0.00105328601785, -0.00108075817116, 0.00164510286413, 0.00186548812781, -0.00796824973077, 0.0184767358005]]
    },
    "spectral_contrast_coeffs": {
        "max": [-0.233898535371, -0.357915699482, -0.470841169357, -0.632667660713, -0.580230236053, -0.639171600342],
        "mean": [-0.562314391136, -0.690996527672, -0.767819941044, -0.791177690029, -0.78327858448, -0.831850349903],
        "min": [-0.935197353363, -0.942850470543, -0.929746210575, -0.922525525093, -0.906953036785, -0.885369002819],
        "stdev": [0.147415593266, 0.109149008989, 0.0748342201114, 0.056803625077, 0.0635759308934, 0.033592056483]
    },
    "spectral_contrast_valleys": {
        "max": [-6.14485692978, -5.57895231247, -6.76537227631, -6.73686027527, -7.01721096039, -8.94776630402],
        "mean": [-8.69331359863, -7.71307373047, -8.84015274048, -8.91650772095, -8.98490142822, -11.5999422073],
        "min": [-10.685921669, -10.678601265, -11.2838830948, -10.993885994, -10.6056690216, -12.6581745148],
        "stdev": [0.934437394142, 1.09423398972, 0.893172264099, 0.858456254005, 0.723794043064, 0.366151213646]
    }
},
"rhythm": {
    "beats_count": 58,
    "beats_loudness": {
        "max": 0.112577587366,
        "mean": 0.0279725473374,
        "min": 2.18525474338e-05,
        "stdev": 0.0273321904242
    },
    "bpm": 109.059288025,
    "bpm_histogram_first_peak_bpm": 108,
    "bpm_histogram_first_peak_weight": 0.660377383232,
    "bpm_histogram_second_peak_bpm": 115,
    "bpm_histogram_second_peak_spread": 0.333333313465,
    "bpm_histogram_second_peak_weight": 0.0350877195597,
    "danceability": 1.0233259201,
    "onset_rate": 2.55322241783,
    "beats_loudness_band_ratio": {
        "max": [0.657747507095, 0.990211725235, 0.923157036304, 0.512862741947, 0.654334485531, 0.175126537681],
        "mean": [0.11973644793, 0.48646914959, 0.309100925922, 0.0460481122136, 0.0820916667581, 0.0266422163695],
        "min": [0.000753296946641, 0.0605506934226, 0.00929049029946, 0.00183241185732, 0.00164714944549, 0.000105879364128],
        "stdev": [0.176632359624, 0.28015100956, 0.271130800247, 0.0750947594643, 0.122084617615, 0.0495038069785]
    },
    "beats_position": [0.557278871536, 1.1261677742, 1.69505667686, 2.27555561066, 2.8444442749, 3.41333317757, 3.97061228752, 4.52789115906, 5.07355976105, 5.61922883987, 6.1648979187, 6.71056699753, 7.26784563065, 7.8251247406, 8.38240337372, 8.93968200684, 9.49696159363, 10.0542402267, 10.5999088287, 11.1455783844, 11.6912469864, 12.2485256195, 12.7941951752, 13.3630838394, 13.9319725037, 14.4892511368, 15.0465307236, 15.6038093567, 16.1610889435, 16.7067565918, 17.2524261475, 17.7980957031, 18.3437633514, 18.8894329071, 19.4351024628, 19.9923801422, 20.549659729, 21.0953292847, 21.640996933, 22.1750564575, 22.7091159821, 23.2663936615, 23.8236732483, 24.3577327728, 24.89179039, 25.4142398834, 25.948299408, 26.4823570251, 27.0280265808, 27.5853061676, 28.1309738159, 28.6650333405, 29.1874828339, 29.7215423584, 30.2555999756, 30.7896595001, 31.3237190247, 31.8345565796],
