{
"metadata": {
    "version": {
        "essentia": "2.1-beta5",
        "essentia_git_sha": "Undefined",
        "extractor": "music 2.0"
    },
    "audio_properties": {
        "analysis": {
            "equal_loudness": 0,
            "length": 31.1611785889,
            "sample_rate": 44100,
            "start_time": 158.987030029,
            "downmix": "mix"
        },
        "bit_rate": 192000,
        "length": 190.171432495,
        "lossless": 0,
        "number_channels": 1,
        "replay_gain": -17.2147579193,
        "sample_rate": 48000,
        "codec": "mp3",
        "md5_encoded": "24592dd431f5c67a5b315647c15ef828"
    },
    "tags": {
        "file_name": "Sweden_Som En Dröm_Östen Warnerbring.mp3",
        "encoding": ["Lavf58.29.100"]
    }
},
"lowlevel": {
    "average_loudness": 0.541367471218,
    "barkbands_crest": {
        "max": 20.9377288818,
        "mean": 8.87270259857,
        "min": 2.82450842857,
        "stdev": 4.03342866898
    },
    "barkbands_flatness_db": {
        "max": 0.347919017076,
        "mean": 0.175386175513,
        "min": 0.0565348491073,
        "stdev": 0.0567722320557
    },
    "barkbands_kurtosis": {
        "max": 133.365615845,
        "mean": 10.1488523483,
        "min": -1.87232935429,
        "stdev": 20.4525623322
    },
    "barkbands_skewness": {
        "max": 9.02895927429,
        "mean": 1.67225635052,
        "min": -4.92606687546,
        "stdev": 2.13897252083
    },
    "barkbands_spread": {
        "max": 94.3272171021,
        "mean": 16.1816978455,
        "min": 0.948387205601,
        "stdev": 12.1573991776
    },
    "dissonance": {
        "max": 0.5,
        "mean": 0.461962133646,
        "min": 0.33809530735,
        "stdev": 0.03510055691
    },
    "dynamic_complexity": 6.85125207901,
    "erbbands_crest": {
        "max": 24.6248855591,
        "mean": 8.91703605652,
        "min": 3.05431747437,
        "stdev": 3.97403788567
    },
    "erbbands_flatness_db": {
        "max": 0.33062300086,
        "mean": 0.207694336772,
        "min": 0.0667753070593,
        "stdev": 0.0499676428735
    },
    "erbbands_kurtosis": {
        "max": 25.7369861603,
        "mean": 1.10754096508,
        "min": -1.81326854229,
        "stdev": 3.16745662689
    },
    "erbbands_skewness": {
        "max": 4.46764755249,
        "mean": 0.463933169842,
        "min": -3.06139564514,
        "stdev": 1.08448195457
    },
    "erbbands_spread": {
        "max": 115.023948669,
        "mean": 33.2698822021,
        "min": 3.5137014389,
        "stdev": 20.1751308441
    },
    "hfc": {
        "max": 297.483306885,
        "mean": 14.2071256638,
        "min": 0.0135505506769,
        "stdev": 23.9418144226
    },
    "loudness_ebu128": {
        "integrated": -11.6048955917,
        "loudness_range": 12.8204183578,
        "momentary": {
            "max": -6.68496131897,
            "mean": -16.6829452515,
            "min": -42.0070800781,
            "stdev": 8.63342857361
        },
        "short_term": {
            "max": -8.88467597961,
            "mean": -14.9028549194,
            "min": -37.1698074341,
            "stdev": 6.33586931229
        }
    },
    "melbands_crest": {
        "max": 27.7019634247,
        "mean": 11.9086284637,
        "min": 2.76156044006,
        "stdev": 6.39538908005
    },
    "melbands_flatness_db": {
        "max": 0.434904009104,
        "mean": 0.193033710122,
        "min": 0.0436852239072,
        "stdev": 0.0906437039375
    },
    "melbands_kurtosis": {
        "max": 250.147598267,
        "mean": 20.6878032684,
        "min": -1.8403826952,
        "stdev": 35.3854026794
    },
    "melbands_skewness": {
        "max": 11.490193367,
        "mean": 2.5302760601,
        "min": -3.18433332443,
        "stdev": 2.3931760788
    },
    "melbands_spread": {
        "max": 215.132644653,
        "mean": 24.1828842163,
        "min": 0.832155108452,
        "stdev": 21.7976913452
    },
    "pitch_salience": {
        "max": 0.879024982452,
        "mean": 0.659826517105,
        "min": 0.238684102893,
        "stdev": 0.129905819893
    },
    "silence_rate_20dB": {
        "max": 1,
        "mean": 1,
        "min": 1,
        "stdev": 0
    },
    "silence_rate_30dB": {
        "max": 1,
        "mean": 1,
        "min": 1,
        "stdev": 0
    },
    "silence_rate_60dB": {
        "max": 1,
        "mean": 0.320178717375,
        "min": 0,
        "stdev": 0.466543674469
    },
    "spectral_centroid": {
        "max": 4748.50683594,
        "mean": 1476.17907715,
        "min": 210.040344238,
        "stdev": 913.718933105
    },
    "spectral_complexity": {
        "max": 59,
        "mean": 16.6068496704,
        "min": 0,
        "stdev": 13.9826164246
    },
    "spectral_decrease": {
        "max": -1.99799768744e-12,
        "mean": -2.73295364117e-09,
        "min": -1.79717662974e-08,
        "stdev": 3.08324943354e-09
    },
    "spectral_energy": {
        "max": 0.074425779283,
        "mean": 0.011603445746,
        "min": 9.02803276404e-06,
        "stdev": 0.0129814632237
    },
    "spectral_energyband_high": {
        "max": 0.0312931649387,
        "mean": 0.000558601517696,
        "min": 1.1298567415e-06,
        "stdev": 0.00256634457037
    },
    "spectral_energyband_low": {
        "max": 0.018417917192,
        "mean": 0.000451951229479,
        "min": 2.24349196287e-06,
        "stdev": 0.00111941830255
    },
    "spectral_energyband_middle_high": {
        "max": 0.0427496954799,
        "mean": 0.00431423122063,
        "min": 7.72819760186e-07,
        "stdev": 0.00559733621776
    },
    "spectral_energyband_middle_low": {
        "max": 0.0646351873875,
        "mean": 0.00650264369324,
        "min": 1.64413461334e-06,
        "stdev": 0.00971946772188
    },
    "spectral_entropy": {
        "max": 8.42221355438,
        "mean": 7.41903781891,
        "min": 5.61234998703,
        "stdev": 0.549909710884
    },
    "spectral_flux": {
        "max": 0.196464240551,
        "mean": 0.049881413579,
        "min": 0.00182476569898,
        "stdev": 0.0397872403264
    },
    "spectral_kurtosis": {
        "max": 16.635717392,
        "mean": 4.13178825378,
        "min": -0.281514167786,
        "stdev": 2.47137331963
    },
    "spectral_rms": {
        "max": 0.00852118059993,
        "mean": 0.00282635330223,
        "min": 9.38500743359e-05,
        "stdev": 0.00182541518006
    },
    "spectral_rolloff": {
        "max": 7945.75195312,
        "mean": 1671.25256348,
        "min": 129.19921875,
        "stdev": 1385.40161133
    },
    "spectral_skewness": {
        "max": 3.19977426529,
        "mean": 1.36227679253,
        "min": -0.167519181967,
        "stdev": 0.470021575689
    },
    "spectral_spread": {
        "max": 8370599,
        "mean": 3706510.5,
        "min": 1801225.125,
        "stdev": 1466722.375
    },
    "spectral_strongpeak": {
        "max": 9.99303245544,
        "mean": 0.799491465092,
        "min": 0,
        "stdev": 1.05970680714
    },
    "zerocrossingrate": {
        "max": 0.28271484375,
        "mean": 0.0639444813132,
        "min": 0.0078125,
        "stdev": 0.0385148487985
    },
    "barkbands": {
        "max": [0.000932864146307, 0.00723575800657, 0.00665960088372, 0.0372450649738, 0.0260734930634, 0.0355584360659, 0.0386212058365, 0.0395557098091, 0.0182787962258, 0.00524720177054, 0.00432634679601, 0.00627121748403, 0.00896766223013, 0.0143228536472, 0.00835131015629, 0.00510239694268, 0.00593395065516, 0.00898513104767, 0.0191461481154, 0.0453582927585, 0.014143647626, 0.0100219380111, 0.00767790852115, 0.00318008381873, 0.00043200730579, 0.000106724946818, 3.89450451621e-06],
        "mean": [1.90017944988e-05, 9.88808533293e-05, 0.000162017793627, 0.000846296723466, 0.00147025065962, 0.00156137649901, 0.00106953515206, 0.00108861154877, 0.000382046098821, 0.000239544082433, 0.000274688791251, 0.000335124408593, 0.000454418302979, 0.000589931150898, 0.000555853242986, 0.000466265919385, 0.000454607594293, 0.000298795552226, 0.000471699750051, 0.00037095262087, 0.000180640534381, 0.000107385720185, 7.36126385164e-05, 2.44441780524e-05, 6.68982056595e-06, 7.50126844196e-07, 1.7142385289e-08],
        "min": [2.06833448146e-08, 4.18608209429e-07, 1.18947880878e-07, 1.2497000057e-07, 3.12559393478e-07, 5.20208622845e-08, 4.10811651363e-08, 3.85545284587e-08, 5.27632124658e-08, 5.30391233156e-08, 2.2221552598e-08, 1.2094977464e-08, 1.5471648851e-08, 2.30755325958e-08, 1.71770331292e-08, 2.7644871281e-08, 2.0730075434e-08, 3.04443332766e-08, 1.01759539461e-07, 4.45199965782e-08, 1.26163754999e-07, 9.00418228866e-08, 1.00470657571e-07, 6.42020081543e-09, 7.40746873562e-12, 4.9515929551e-12, 6.03123237117e-12],
        "stdev": [4.53103129985e-05, 0.00031632379978, 0.000449236453278, 0.00247558928095, 0.00311912992038, 0.00315166078508, 0.0030879501719, 0.00349092017859, 0.00101763405837, 0.000420277152443, 0.000427670107456, 0.000598477432504, 0.000887682079338, 0.0013078689808, 0.000978905358352, 0.000701421231497, 0.000808376411442, 0.000511888763867, 0.00126469018869, 0.00229018321261, 0.000831598765217, 0.000552219280507, 0.000484299147502, 0.000140369375004, 2.58693544311e-05, 4.98405916005e-06, 1.82740151899e-07]
    },
    "erbbands": {
        "max": [0.0778027921915, 2.06994605064, 7.83191728592, 49.0831642151, 126.81288147, 113.248725891, 320.087097168, 350.094787598, 541.965026855, 667.448486328, 1056.85522461, 287.323822021, 148.752029419, 226.692245483, 181.271362305, 265.831970215, 501.469482422, 847.311950684, 442.960845947, 292.922821045, 275.154937744, 399.629211426, 321.030914307, 729.464599609, 1490.19628906, 2007.3626709, 551.235656738, 720.496887207, 475.275054932, 177.645507812, 262.493927002, 145.705871582, 20.7003173828, 7.74557065964, 2.03966879845, 0.789127647877, 0.107691049576, 0.0106161069125, 0.000664439692628, 0.000184679054655],
        "mean": [0.0018614793662, 0.027179453522, 0.165775597095, 1.31234097481, 6.0258846283, 3.24061584473, 5.03756141663, 14.7496232986, 17.3181400299, 16.1521930695, 24.2216320038, 9.80747509003, 7.57156610489, 8.35593032837, 12.0887336731, 14.8843383789, 21.2372074127, 28.597574234, 30.667098999, 28.2081356049, 24.361989975, 25.592376709, 17.9959926605, 20.9419708252, 23.3931274414, 17.6096935272, 8.76319599152, 6.37502622604, 4.24035692215, 2.43644499779, 2.20099711418, 0.873157024384, 0.281004756689, 0.10825881362, 0.0325130783021, 0.00640190485865, 0.000969433574937, 6.60049336147e-05, 1.19901460494e-05, 1.52980446728e-05],
        "min": [1.5844236259e-05, 9.39118108363e-05, 0.00047039295896, 0.000376982381567, 0.000468590995297, 0.00104279548395, 0.000694568443578, 0.000674184237141, 0.000707898696419, 0.00125085667241, 0.00104983290657, 0.00122061278671, 0.00246795662679, 0.0016946560936, 0.000865356938448, 0.000941601465456, 0.000964185339399, 0.00149262719788, 0.00119673006702, 0.00150322064292, 0.0013786747586, 0.00152664189227, 0.00236116349697, 0.00413454789668, 0.00458151288331, 0.00260355789214, 0.005003108643, 0.00338307395577, 0.00303676933981, 0.00329050794244, 0.00397013314068, 0.0062345773913, 0.000453259854112, 5.86993664911e-05, 1.3383404621e-05, 4.60704723082e-06, 1.56534997586e-06, 2.57491109323e-07, 7.57962936859e-08, 2.41909638987e-08],
        "stdev": [0.00418547401205, 0.0916978418827, 0.446689009666, 3.46802401543, 13.1988601685, 8.4232378006, 14.3865127563, 29.3801708221, 42.5902824402, 49.070022583, 80.0755691528, 21.0186080933, 12.4649372101, 14.0407886505, 19.1360759735, 25.3995361328, 42.5512542725, 62.5022583008, 55.2169303894, 44.7602653503, 34.2698974609, 47.0728721619, 27.6206092834, 47.4489135742, 89.8285217285, 107.919898987, 39.6121635437, 32.9701347351, 23.156545639, 11.5923500061, 15.7090139389, 6.03535413742, 1.22894918919, 0.42742267251, 0.134618848562, 0.0367037504911, 0.00675958907232, 0.00049905187916, 4.04626662203e-05, 1.87179775821e-05]
    },
    "gfcc": {
        "mean": [-108.676879883, 108.472053528, -159.421600342, 44.571395874, -74.3461608887, 0.927718579769, -44.5112342834, -6.83174610138, -14.9614562988, -13.1661682129, -3.50125217438, -12.6261167526, -3.64888906479],
        "cov": [[10648.4453125, 292.919708252, -4721.56835938, -770.701965332, -261.811553955, -771.62689209, 248.043334961, -832.421508789, 1111.18640137, -231.101150513, 790.968139648, -257.7059021, 392.661132812], [292.919708252, 1616.10693359, 71.9550704956, -69.2308731079, 91.2643203735, -620.839538574, -39.2316970825, -437.298492432, 247.409042358, -445.674377441, 125.422302246, -153.016876221, -99.5706634521], [-4721.56835938, 71.9550704956, 3141.77050781, 449.47354126, 92.7566070557, 212.974945068, -324.466247559, 422.930267334, -709.127075195, 76.2967224121, -498.11730957, 134.545715332, -338.453521729], [-770.701965332, -69.2308731079, 449.47354126, 290.922576904, 71.5695648193, 16.9658107758, 20.4147548676, 36.1388664246, -63.3349494934, -2.17328810692, -43.9977340698, 23.5438423157, -38.1104736328], [-261.811553955, 91.2643203735, 92.7566070557, 71.5695648193, 200.030395508, -12.8298187256, -9.51721096039, -3.41504478455, -26.9001731873, 1.03174984455, -27.213809967, 4.28434467316, -13.7387714386], [-771.62689209, -620.839538574, 212.974945068, 16.9658107758, -12.8298187256, 493.50378418, 37.0196456909, 270.566772461, -179.265655518, 195.1068573, -90.2631225586, 65.487663269, 92.6040420532], [248.043334961, -39.2316970825, -324.466247559, 20.4147548676, -9.51721096039, 37.0196456909, 220.363937378, -10.1080799103, 100.102409363, -15.5173149109, 59.1914596558, 4.46547412872, 29.4920940399], [-832.421508789, -437.298492432, 422.930267334, 36.1388664246, -3.41504478455, 270.566772461, -10.1080799103, 318.715148926, -165.432556152, 161.959136963, -120.905822754, 55.565952301, 3.61230516434], [1111.18640137, 247.409042358, -709.127075195, -63.3349494934, -26.9001731873, -179.265655518, 100.102409363, -165.432556152, 312.59487915, -86.6023178101, 145.866516113, -58.3375511169, 44.9559516907], [-231.101150513, -445.674377441, 76.2967224121, -2.17328810692, 1.03174984455, 195.1068573, -15.5173149109, 161.959136963, -86.6023178101, 214.598388672, -45.4160614014, 63.1352233887, 24.397819519], [790.968139648, 125.422302246, -498.11730957, -43.9977340698, -27.213809967, -90.2631225586, 59.1914596558, -120.905822754, 145.866516113, -45.4160614014, 158.071166992, -28.4683189392, 53.0246963501], [-257.7059021, -153.016876221, 134.545715332, 23.5438423157, 4.28434467316, 65.487663269, 4.46547412872, 55.565952301, -58.3375511169, 63.1352233887, -28.4683189392, 84.2010116577, 4.39940023422], [392.661132812, -99.5706634521, -338.453521729, -38.1104736328, -13.7387714386, 92.6040420532, 29.4920940399, 3.61230516434, 44.9559516907, 24.397819519, 53.0246963501, 4.39940023422, 141.630767822]],
        "icov": [[0.000356310018105, -1.88123049156e-05, 0.000604937784374, -5.28417767782e-05, 0.000278740655631, 0.000346102257026, 0.000355911499355, -6.55577605357e-05, 0.000154738954734, -6.47362321615e-05, -2.11461447179e-05, -1.26417271531e-05, 0.000128972329549], [-1.88123049156e-05, 0.00506960554048, -0.00347847421654, 0.00512326788157, -0.00371736311354, 0.00302537740208, -0.00188769213855, 0.00228427932598, -0.00358931720257, 0.00462174089625, -0.00352952792309, 0.0027598454617, -0.00374271301553], [0.000604937784374, -0.00347847421654, 0.00506945047528, -0.00529140466824, 0.00345685821958, -0.00164282380138, 0.00318910228088, -0.00264001637697, 0.00436233915389, -0.00182562309783, 0.00394564634189, -0.00294800405391, 0.00492488406599], [-5.28417767782e-05, 0.00512326788157, -0.00529140466824, 0.0111573850736, -0.00562596088275, 0.00325217749923, -0.00415405584499, 0.00295401643962, -0.00461524212733, 0.00391850853339, -0.00500246230513, 0.00295676686801, -0.00520577002317], [0.000278740655631, -0.00371736311354, 0.00345685821958, -0.00562596088275, 0.0087453443557, -0.00153006939217, 0.00187712640036, -0.00124166312162, 0.00347207672894, -0.00374860642478, 0.00428869808093, -0.00187051633839, 0.00284643075429], [0.000346102257026, 0.00302537740208, -0.00164282380138, 0.00325217749923, -0.00153006939217, 0.00889753736556, -0.00338057079352, -0.00118430738803, 0.000770235259552, -0.00018128209922, -0.00108414015267, 0.00306125427596, -0.00701765483245], [0.000355911499355, -0.00188769213855, 0.00318910228088, -0.00415405584499, 0.00187712640036, -0.00338057079352, 0.0091708721593, -0.00247624469921, -0.000625784625299, 0.00140480836853, 0.000318107864587, -0.00421916134655, 0.0047038635239], [-6.55577605357e-05, 0.00228427932598, -0.00264001637697, 0.00295401643962, -0.00124166312162, -0.00118430738803, -0.00247624469921, 0.0105162383988, -0.00188186625019, -0.00232153502293, 0.00145565962885, 0.00257598352619, -0.0024526969064], [0.000154738954734, -0.00358931720257, 0.00436233915389, -0.00461524212733, 0.00347207672894, 0.000770235259552, -0.000625784625299, -0.00188186625019, 0.0127919018269, -0.00321637699381, 0.000872619333677, 0.000213914303458, 0.00240221107379], [-6.47362321615e-05, 0.00462174089625, -0.00182562309783, 0.00391850853339, -0.00374860642478, -0.00018128209922, 0.00140480836853, -0.00232153502293, -0.00321637699381, 0.0158949960023, -0.00403145281598, -0.00367453321815, -0.000451718689874], [-2.11461447179e-05, -0.00352952792309, 0.00394564634189, -0.00500246230513, 0.00428869808093, -0.00108414015267, 0.000318107864587, 0.00145565962885, 0.000872619333677, -0.00403145281598, 0.0191327594221, -0.00164051994216, -1.30448297568e-05], [-1.26417271531e-05, 0.0027598454617, -0.00294800405391, 0.00295676686801, -0.00187051633839, 0.00306125427596, -0.00421916134655, 0.00257598352619, 0.000213914303458, -0.00367453321815, -0.00164051994216, 0.0195888858289, -0.00507325399667], [0.000128972329549, -0.00374271301553, 0.00492488406599, -0.00520577002317, 0.00284643075429, -0.00701765483245, 0.0047038635239, -0.0024526969064, 0.00240221107379, -0.000451718689874, -1.30448297568e-05, -0.00507325399667, 0.0178653579205]]
    },
    "melbands": {
        "max": [0.00135549472179, 0.00378158502281, 0.012917839922, 0.00713097769767, 0.00820599962026, 0.00731506384909, 0.00801793020219, 0.00756939081475, 0.00741660222411, 0.00155783642549, 0.000743520562537, 0.000959342054557, 0.00047958464711, 0.000595723919105, 0.00084273784887, 0.000818421365693, 0.00186620966997, 0.000770918151829, 0.000599842634983, 0.00035432074219, 0.000317052967148, 0.000463265721919, 0.000230420700973, 0.000490927021019, 0.000639124657027, 0.000813761085737, 0.00182989437599, 0.00128023279831, 0.000411149259889, 0.000412627239712, 0.000396791961975, 0.000318430742482, 0.000133966896101, 8.09458360891e-05, 0.000170582366991, 0.000147653190652, 6.50813235552e-05, 1.33024277602e-05, 1.24349389807e-05, 4.63831156594e-06],
        "mean": [2.28257013077e-05, 7.36748552299e-05, 0.000404266931582, 0.000346184766386, 0.000157822025358, 0.000332895346219, 0.000261799897999, 0.000185747223441, 0.000183280382771, 5.32962330908e-05, 3.66897475033e-05, 3.24591346725e-05, 3.8578575186e-05, 3.8487243728e-05, 4.16647853854e-05, 4.60962328361e-05, 5.48124517081e-05, 5.00225251017e-05, 4.0073908167e-05, 3.49095389538e-05, 2.68230323854e-05, 2.69377324003e-05, 2.08120545722e-05, 1.33589974212e-05, 1.73190674104e-05, 1.77134133992e-05, 1.57909798872e-05, 1.0803004443e-05, 5.59830868951e-06, 4.3598593038e-06, 3.40569749824e-06, 2.50992866313e-06, 1.77961737791e-06, 1.144684461e-06, 1.37322786031e-06, 9.39324877436e-07, 3.69877000139e-07, 1.99729726091e-07, 1.31162124717e-07, 7.84827207667e-08],
        "min": [1.34469402724e-07, 3.75649619855e-07, 7.98141002178e-08, 6.78665799114e-08, 3.04239762272e-08, 1.46364342868e-08, 1.05216582114e-08, 9.5849745918e-09, 8.84957440661e-09, 7.49216333418e-09, 1.14289431252e-08, 5.99117111477e-09, 2.74864930816e-09, 2.24533547311e-09, 1.37092470709e-09, 7.49582007575e-10, 2.16009854448e-09, 2.09758321823e-09, 1.87628734771e-09, 1.56059354328e-09, 1.41855760472e-09, 1.49062839849e-09, 1.77233683285e-09, 1.37469746697e-09, 3.01760216814e-09, 3.34826744108e-09, 2.2057839999e-09, 1.04572572823e-09, 3.07976177893e-09, 2.12222062146e-09, 1.30965205347e-09, 1.3859041692e-09, 1.63863034253e-09, 1.39812528221e-09, 1.61451585434e-09, 2.35874475507e-09, 5.54805368314e-11, 3.6635050462e-13, 1.81649535908e-13, 4.35237342857e-14],
        "stdev": [6.04145352554e-05, 0.00020172954828, 0.000953489507083, 0.000778255809564, 0.000398046948249, 0.000663943588734, 0.000648788933177, 0.000564400048461, 0.000608983449638, 0.00011145582539, 6.18771664449e-05, 5.751853314e-05, 6.03396838414e-05, 6.66337073199e-05, 7.95507803559e-05, 8.60577056301e-05, 0.00013378514268, 9.69472021097e-05, 6.76574127283e-05, 5.45375005458e-05, 3.87162290281e-05, 5.09383935423e-05, 3.65344894817e-05, 2.44255770667e-05, 4.15433569287e-05, 5.30402030563e-05, 9.02285319171e-05, 7.04582344042e-05, 2.66360420937e-05, 2.03096005862e-05, 1.86795150512e-05, 1.46527954712e-05, 8.47134651849e-06, 5.60474654776e-06, 1.03476058939e-05, 6.88515547154e-06, 2.45460205406e-06, 7.9482805404e-07, 6.28427528682e-07, 3.15698883924e-07]
    },
    "melbands128": {
        "max": [0.000561412773095, 0.000656063144561, 0.00148504634853, 0.00420753471553, 0.00418496131897, 0.0031440181192, 0.00659418199211, 0.0248471107334, 0.0131071452051, 0.0132361240685, 0.00671539222822, 0.00361478468403, 0.0143842846155, 0.0127669721842, 0.0072781490162, 0.013435440138, 0.014349588193, 0.0145686864853, 0.0155718829483, 0.011802399531, 0.0130329756066, 0.0136747844517, 0.0127008166164, 0.00750071695074, 0.00201969989575, 0.00151929119602, 0.00105069647543, 0.00147920567542, 0.00103035476059, 0.00138881406747, 0.0013027706882, 0.000893463613465, 0.000844399444759, 0.00137588882353, 0.000845672446303, 0.00104384566657, 0.000916643999517, 0.00139486207627, 0.0017493753694, 0.00242522801273, 0.00146844272967, 0.000802025198936, 0.00369248120114, 0.00268714758568, 0.00245807273313, 0.00184239528608, 0.00209709326737, 0.000726743543055, 0.000760792172514, 0.00105477054603, 0.000491830927785, 0.000512651575264, 0.000484415562823, 0.000570142583456, 0.0005490235053, 0.000866045360453, 0.000896774057765, 0.000580598483793, 0.000345327687683, 0.000246085779509, 0.000489235506393, 0.000866380694788, 0.000620630336925, 0.000721530581359, 0.00068984151585, 0.000804005016107, 0.00116616452578, 0.00173102214467, 0.00283049768768, 0.00147165427916, 0.00162883847952, 0.00123974797316, 0.000637605437078, 0.000414254143834, 0.000376106152544, 0.000304423301714, 0.00075279281009, 0.000488278106786, 0.000395731505705, 0.000331500603352, 0.000332561787218, 0.000426956743468, 0.000237589119934, 0.000107590349216, 0.000129517124151, 0.000102171434264, 8.04045121185e-05, 0.000211035061511, 0.000231848476687, 0.000275689177215, 0.000205857941182, 0.000134630405228, 0.000121421362564, 7.46459409129e-05, 2.86879003397e-05, 2.37534150074e-05, 1.4978640138e-05, 2.63322181127e-05, 1.57169470185e-05, 7.94285551819e-06, 7.58526766731e-06, 7.48008824303e-06, 5.03310366184e-06, 3.82681582778e-06, 2.07383413908e-06, 1.87284013009e-06, 2.1312255285e-06, 2.34850608649e-06, 1.37581059789e-06, 7.66468474467e-07, 7.15243459126e-07, 7.4541299e-07, 3.91858606008e-07, 3.35026186349e-07, 3.2799621863e-07, 5.95947753368e-08, 4.28080468851e-08, 3.10445713581e-08, 1.85103825601e-08, 1.79259593835e-08, 1.12344018532e-08, 1.00390833424e-08, 1.05533057848e-08, 1.49921230985e-08, 1.46471395013e-08, 6.78999700909e-09, 6.73382682947e-09, 6.69547528531e-09],
        "mean": [1.23776844703e-05, 1.29942282001e-05, 2.17864489969e-05, 5.11006146553e-05, 6.59126817482e-05, 8.64379835548e-05, 0.0001564284903, 0.000564473797567, 0.000726497091819, 0.000324364955304, 0.000117092473374, 0.000123474645079, 0.000164361787029, 0.000198768466362, 0.000303208857076, 0.00046225337428, 0.000350872956915, 0.00018592653214, 0.00021842829301, 0.000150684238179, 0.000185591125046, 0.000233617960475, 0.000226164949709, 7.63917851145e-05, 4.923798042e-05, 5.06812029926e-05, 3.28855821863e-05, 4.06235121773e-05, 3.28202368109e-05, 2.99029052258e-05, 3.25345099554e-05, 3.66861422663e-05, 3.85319981433e-05, 4.28670864494e-05, 3.39737234754e-05, 4.0277154767e-05, 4.00835597247e-05, 3.53636169166e-05, 4.77856774523e-05, 5.14873063366e-05, 4.30704967584e-05, 4.21280819864e-05, 5.74562363909e-05, 6.13093434367e-05, 5.00510141137e-05, 5.13461782248e-05, 4.63006508653e-05, 3.77795440727e-05, 3.76475181838e-05, 4.09542481066e-05, 3.37677774951e-05, 3.0836185033e-05, 2.77853669104e-05, 2.44069597102e-05, 2.58050804405e-05, 2.74737321888e-05, 2.7969617804e-05, 2.48409214691e-05, 1.71582087205e-05, 1.51743879542e-05, 1.22484843814e-05, 1.270843768e-05, 1.4954010112e-05, 1.96644050448e-05, 1.95072680071e-05, 1.72928193933e-05, 1.67236412381e-05, 1.75050081452e-05, 1.62218184414e-05, 1.26521608763e-05, 1.23262725538e-05, 8.82748099684e-06, 6.32537739875e-06, 5.27455495103e-06, 4.50132893093e-06, 4.21861477662e-06, 4.62515481559e-06, 3.68869996237e-06, 3.492597898e-06, 2.74670355793e-06, 2.59894727606e-06, 2.45048750003e-06, 2.15531258618e-06, 1.70267026078e-06, 1.52199447712e-06, 1.18431410101e-06, 9.18892681057e-07, 1.19310107038e-06, 1.67084431268e-06, 1.23941879338e-06, 1.15483533136e-06, 8.66197865435e-07, 5.52662925202e-07, 3.60447160119e-07, 2.54216161011e-07, 2.20257135197e-07, 1.85138063102e-07, 1.78138364504e-07, 1.44085177567e-07, 9.64464561548e-08, 8.92485942927e-08, 7.83509079838e-08, 6.49306386435e-08, 4.76250257009e-08, 3.176182517e-08, 2.49897453841e-08, 1.94761327066e-08, 1.28822561507e-08, 9.04264396695e-09, 6.01954042168e-09, 5.31806820803e-09, 4.10089562308e-09, 2.06325201368e-09, 1.41360967376e-09, 8.65628235758e-10, 2.47437931256e-10, 1.63610278103e-10, 1.13366961652e-10, 1.08673854637e-10, 8.94013682529e-11, 5.34682020881e-11, 4.99834791612e-11, 5.04976754856e-11, 5.16360704195e-11, 4.13981904313e-11, 2.07439690425e-11, 9.07264541272e-12, 7.15638095658e-12],
        "min": [1.59518331877e-09, 7.88046747857e-08, 5.00934014269e-08, 3.37169936415e-08, 4.62230786979e-08, 5.6687582628e-08, 2.78209562055e-08, 3.81939173622e-08, 2.09277768448e-08, 2.35697683593e-08, 4.17190442192e-08, 1.41722251712e-08, 3.27494786845e-09, 1.98581995292e-09, 2.07923833706e-09, 8.2345712471e-09, 1.78086001501e-09, 2.27950391896e-09, 2.03773309337e-09, 4.09951983471e-09, 4.13236556085e-09, 2.69667133068e-09, 1.73379000046e-09, 2.76656275666e-09, 2.94932855915e-09, 3.75920450324e-09, 1.06429283164e-08, 6.19652329448e-09, 4.53398696365e-09, 1.84870196929e-09, 1.00616226462e-09, 1.2798357929e-09, 5.91868942745e-10, 8.13760447915e-10, 8.59064486214e-10, 8.74635475157e-10, 6.13856909748e-10, 1.17509590947e-09, 1.30488442274e-09, 6.9738570474e-10, 1.18787452097e-10, 1.84767923184e-10, 4.46046782843e-10, 4.13272915889e-10, 1.81982900971e-10, 2.1158425012e-10, 2.35237329616e-10, 5.47462075673e-10, 8.93494278564e-10, 6.77542744132e-10, 5.31044264118e-10, 4.80726181085e-10, 7.05289826541e-10, 1.14426790265e-09, 6.87502166308e-10, 6.88471335497e-10, 8.34176949738e-10, 7.78637598842e-10, 8.74143646357e-10, 9.1651380929e-10, 6.66730004539e-10, 9.73630398526e-10, 1.60040214414e-09, 2.82194778656e-09, 7.58072882245e-10, 1.43844336442e-09, 2.56354160122e-09, 1.20857823749e-09, 9.92038562408e-10, 9.69154534403e-10, 8.50019998833e-10, 6.10718753347e-10, 1.19482090888e-09, 2.30930541356e-09, 1.75398762181e-09, 6.77504385926e-10, 1.10078390847e-09, 9.50730494331e-10, 8.35207181193e-10, 7.45391637302e-10, 9.02057484264e-10, 8.74094074899e-10, 1.41605049908e-09, 1.00800856551e-09, 5.97569549399e-10, 7.26629312275e-10, 7.15029813136e-10, 1.16604759182e-09, 1.08837672208e-09, 7.87028386906e-10, 8.37964586609e-10, 8.67814042849e-10, 1.07141115424e-10, 3.10944325843e-11, 1.1671013548e-12, 4.50406069863e-13, 2.20694366644e-13, 1.77352490333e-13, 1.7617862464e-13, 1.49206344437e-13, 3.13069814756e-14, 2.17821501938e-14, 2.88363659394e-14, 2.58752624226e-14, 3.899756291e-14, 3.51646032984e-14, 2.32497686061e-14, 2.20110879528e-14, 1.95512585342e-14, 2.09840486458e-14, 2.433390471e-14, 2.60647572454e-14, 1.60965262386e-14, 1.61670078502e-14, 1.36044655223e-14, 1.94320132359e-14, 2.01899332349e-14, 1.54595930377e-14, 1.87625878511e-14, 1.62439455468e-14, 1.6804915139e-14, 1.75198888735e-14, 1.9121248706e-14, 2.06582509752e-14, 1.32838381408e-14, 4.10453827976e-15, 6.68517947824e-16, 2.5132355937e-17],
        "stdev": [2.74062258541e-05, 2.93791836157e-05, 6.77450661897e-05, 0.000187884346815, 0.00021736502822, 0.000242575028096, 0.000463100906927, 0.00165140919853, 0.00164372776635, 0.00104661472142, 0.000431492051575, 0.000281799584627, 0.000630497059319, 0.000606849149335, 0.000640255573671, 0.00120559264906, 0.00103129632771, 0.000757980800699, 0.000941454840358, 0.000614086573478, 0.000879207334947, 0.000981788733043, 0.000901685270946, 0.000374436320271, 0.000117589384899, 0.000121236036648, 7.2699127486e-05, 8.8019274699e-05, 8.2764941908e-05, 7.03390469425e-05, 6.78475480527e-05, 7.2538445238e-05, 7.5738542364e-05, 9.54347269726e-05, 7.35573121347e-05, 8.70592630235e-05, 7.81245544204e-05, 8.09643315733e-05, 0.000130446365802, 0.000148026796523, 9.24258783925e-05, 8.67607232067e-05, 0.000197210509214, 0.000188640362467, 0.00015073447139, 0.000139559575473, 0.000116957256978, 7.5532370829e-05, 7.20355455996e-05, 8.4755847638e-05, 5.98836013523e-05, 5.27841802977e-05, 4.92802246299e-05, 4.40325384261e-05, 4.49577819381e-05, 7.11268367013e-05, 7.56426452426e-05, 5.75095691602e-05, 3.30829607265e-05, 2.6176285246e-05, 2.48438409471e-05, 3.50359005097e-05, 3.81494319299e-05, 5.34410246473e-05, 5.52548590349e-05, 5.20044341101e-05, 6.75296323607e-05, 0.000101769939647, 0.000115708986414, 7.77725945227e-05, 9.13042022148e-05, 6.00471212238e-05, 3.38514073519e-05, 2.59501211985e-05, 2.06040149351e-05, 1.87126315723e-05, 2.69855700026e-05, 2.07621160371e-05, 1.99039823201e-05, 1.56549413077e-05, 1.65733890753e-05, 1.53413548105e-05, 1.2364253962e-05, 7.76246997702e-06, 7.76906745159e-06, 6.14589680481e-06, 4.61177614852e-06, 8.60902036948e-06, 1.42002081702e-05, 1.07719952211e-05, 8.79180424818e-06, 6.71534462526e-06, 4.45774367108e-06, 2.51579922406e-06, 1.29751560962e-06, 9.48525382682e-07, 6.37000425741e-07, 1.074625402e-06, 7.52246478442e-07, 3.89360110375e-07, 3.59536500127e-07, 3.65274843261e-07, 3.0508385862e-07, 2.07121757967e-07, 1.45113432382e-07, 1.1243750464e-07, 1.02647575773e-07, 9.07463331146e-08, 7.14241323863e-08, 4.37225260441e-08, 4.09859310935e-08, 3.66151837738e-08, 1.93116012071e-08, 1.35265914025e-08, 1.04308393034e-08, 2.75545519735e-09, 1.84545445592e-09, 1.24583166006e-09, 1.10328257641e-09, 9.55406975756e-10, 5.91006465989e-10, 5.42837497175e-10, 5.76973246957e-10, 6.36535157916e-10, 5.39553013379e-10, 2.87233375973e-10, 1.88754886721e-10, 1.8530249557e-10]
    },
    "mfcc": {
        "mean": [-728.28112793, 118.082267761, -22.2807178497, 27.7500762939, -6.26840925217, 1.26542305946, -15.8515119553, -0.404579460621, -13.4037733078, -0.193031832576, -7.63203287125, -0.82454931736, -5.4792098999],
        "cov": [[14420.9326172, -405.868896484, -4788.67675781, -930.45501709, -1228.25671387, -103.707550049, -1082.22741699, -349.613769531, -273.640991211, -4.38321018219, 227.786697388, 316.053619385, 306.335357666], [-405.868896484, 1503.73999023, 219.616943359, 393.726745605, 55.694694519, -128.25239563, -340.405853271, 48.1024894714, -279.505645752, -128.856521606, -85.4684829712, -67.1337585449, -122.684669495], [-4788.67675781, 219.616943359, 2258.60205078, 393.312347412, 502.518341064, -78.1245346069, 364.55871582, 85.2739639282, 49.5203590393, -73.5389785767, -93.6634063721, -146.499511719, -119.194786072], [-930.45501709, 393.726745605, 393.312347412, 514.10925293, 96.0908889771, -5.2872300148, -96.0944213867, 64.5755157471, -130.267059326, -24.7563114166, -36.3273124695, -55.2860069275, -55.3504219055], [-1228.25671387, 55.694694519, 502.518341064, 96.0908889771, 330.742797852, -25.6447353363, 118.37978363, -32.7189865112, 46.3722953796, -57.1702461243, -6.0418844223, -62.7782974243, -42.9258384705], [-103.707550049, -128.25239563, -78.1245346069, -5.2872300148, -25.6447353363, 153.62512207, 52.4588470459, 25.5695152283, 25.1074428558, 22.4708499908, -23.7744541168, 31.6218624115, 10.3661727905], [-1082.22741699, -340.405853271, 364.55871582, -96.0944213867, 118.37978363, 52.4588470459, 341.745605469, 27.4447937012, 140.097702026, 16.0814380646, -1.41936171055, -22.5666675568, 24.4898471832], [-349.613769531, 48.1024894714, 85.2739639282, 64.5755157471, -32.7189865112, 25.5695152283, 27.4447937012, 126.947608948, 12.180475235, 35.8581314087, -10.9523105621, -0.90437656641, -17.1246585846], [-273.640991211, -279.505645752, 49.5203590393, -130.267059326, 46.3722953796, 25.1074428558, 140.097702026, 12.180475235, 177.920684814, 41.8364334106, 19.0606765747, 2.52687811852, 22.539264679], [-4.38321018219, -128.856521606, -73.5389785767, -24.7563114166, -57.1702461243, 22.4708499908, 16.0814380646, 35.8581314087, 41.8364334106, 114.086494446, 30.6151065826, 17.7788181305, 2.58494591713], [227.786697388, -85.4684829712, -93.6634063721, -36.3273124695, -6.0418844223, -23.7744541168, -1.41936171055, -10.9523105621, 19.0606765747, 30.6151065826, 85.7479248047, 4.72751522064, 10.128745079], [316.053619385, -67.1337585449, -146.499511719, -55.2860069275, -62.7782974243, 31.6218624115, -22.5666675568, -0.90437656641, 2.52687811852, 17.7788181305, 4.72751522064, 81.6049423218, 27.2507953644], [306.335357666, -122.684669495, -119.194786072, -55.3504219055, -42.9258384705, 10.3661727905, 24.4898471832, -17.1246585846, 22.539264679, 2.58494591713, 10.128745079, 27.2507953644, 85.0909805298]],
        "icov": [[0.000332617462846, 0.000128229759866, 0.000552883488126, 0.000102169564343, 0.000304316024994, 0.000404995429562, 0.000388318439946, 0.000171954772668, 9.83457503025e-05, 0.000498871435411, -0.000126607061247, 2.02976916626e-05, -0.000177246605745], [0.000128229759866, 0.00147392705549, 0.000182729316293, -0.000178533911821, -0.000317744561471, 0.000823143520392, 0.0011920692632, -0.000974826514721, 0.00105704634916, 0.00094221427571, 0.000706193444785, 0.000218987072003, 0.000540655280929], [0.000552883488126, 0.000182729316293, 0.00198850338347, -0.000503587361891, -0.00040055095451, 0.00166151823942, -0.000639808538835, -3.49263900716e-05, 0.000304304412566, 0.000688309897669, 0.000742943549994, -0.000222578819375, 0.000384896702599], [0.000102169564343, -0.000178533911821, -0.000503587361891, 0.00419792253524, -0.00136905768886, -0.00135714933276, 0.0018961034948, -0.00214885757305, 0.00265140924603, -0.00081719039008, -0.000178203219548, 0.00193780532572, -0.00138032424729], [0.000304316024994, -0.000317744561471, -0.00040055095451, -0.00136905768886, 0.00750047247857, 8.9842484158e-05, -0.00123527715914, 0.00363220553845, -0.00305954320356, 0.00331582920626, -0.00199789158069, 0.0010076360777, 0.00247880537063], [0.000404995429562, 0.000823143520392, 0.00166151823942, -0.00135714933276, 8.9842484158e-05, 0.0104407826439, -0.00199545733631, -0.000738990725949, 0.00014822652156, -0.000297270598821, 0.00391367776319, -0.00390785606578, 0.00112780858763], [0.000388318439946, 0.0011920692632, -0.000639808538835, 0.0018961034948, -0.00123527715914, -0.00199545733631, 0.00855090748519, -0.00220315414481, -0.00181177363265, 0.00101772614289, -0.000271727971267, 0.00262285186909, -0.00298521341756], [0.000171954772668, -0.000974826514721, -3.49263900716e-05, -0.00214885757305, 0.00363220553845, -0.000738990725949, -0.00220315414481, 0.012710519135, -0.00260060396977, -0.00242301332764, 0.000437438837253, -0.000646216212772, 0.00256051961333], [9.83457503025e-05, 0.00105704634916, 0.000304304412566, 0.00265140924603, -0.00305954320356, 0.00014822652156, -0.00181177363265, -0.00260060396977, 0.012633651495, -0.00330387777649, 0.000248221447691, 0.000796688371338, -0.00177324435208], [0.000498871435411, 0.00094221427571, 0.000688309897669, -0.00081719039008, 0.00331582920626, -0.000297270598821, 0.00101772614289, -0.00242301332764, -0.00330387777649, 0.0151478704065, -0.00500277429819, -0.00124091631733, 0.00233140820637], [-0.000126607061247, 0.000706193444785, 0.000742943549994, -0.000178203219548, -0.00199789158069, 0.00391367776319, -0.000271727971267, 0.000437438837253, 0.000248221447691, -0.00500277429819, 0.0162645019591, -0.000495517975651, -0.000610750343185], [2.02976916626e-05, 0.000218987072003, -0.000222578819375, 0.00193780532572, 0.0010076360777, -0.00390785606578, 0.00262285186909, -0.000646216212772, 0.000796688371338, -0.00124091631733, -0.000495517975651, 0.0180930234492, -0.0046178707853], [-0.000177246605745, 0.000540655280929, 0.000384896702599, -0.00138032424729, 0.00247880537063, 0.00112780858763, -0.00298521341756, 0.00256051961333, -0.00177324435208, 0.00233140820637, -0.000610750343185, -0.0046178707853, 0.0172490682453]]
    },
    "spectral_contrast_coeffs": {
        "max": [-0.393539577723, -0.482243478298, -0.541388213634, -0.610152363777, -0.557741224766, -0.424238592386],
        "mean": [-0.677194952965, -0.756441831589, -0.791648447514, -0.81467461586, -0.793667435646, -0.727756142616],
        "min": [-0.902702331543, -0.92733836174, -0.93529266119, -0.930717647076, -0.895211338997, -0.878751933575],
        "stdev": [0.094013735652, 0.104109793901, 0.063271060586, 0.0580199696124, 0.0604276023805, 0.0909289270639]
    },
    "spectral_contrast_valleys": {
        "max": [-5.56496810913, -5.38662147522, -5.65875244141, -5.46323013306, -5.20959329605, -8.20188999176],
        "mean": [-8.12883663177, -7.47505235672, -8.17960929871, -8.10565948486, -8.13627338409, -11.5846261978],
        "min": [-10.3409566879, -10.7469949722, -11.4503660202, -11.5795869827, -10.9261646271, -15.7796087265],
        "stdev": [0.798982620239, 1.28883349895, 1.46357822418, 1.64489328861, 1.36939406395, 1.13821220398]
    }
},
"rhythm": {
    "beats_count": 82,
    "beats_loudness": {
        "max": 0.0656637102365,
        "mean": 0.0140222255141,
        "min": 1.27137627715e-05,
        "stdev": 0.015901684761
    },
    "bpm": 178.205871582,
    "bpm_histogram_first_peak_bpm": 178,
    "bpm_histogram_first_peak_weight": 0,
    "bpm_histogram_second_peak_bpm": 185,
    "bpm_histogram_second_peak_spread": 0,
    "bpm_histogram_second_peak_weight": 0.172839507461,
    "danceability": 0.846590936184,
    "onset_rate": 2.59842014313,
    "beats_loudness_band_ratio": {
        "max": [0.947378754616, 0.6958938241, 0.735802650452, 0.489522963762, 0.468694478273, 0.919537067413],
        "mean": [0.31138792634, 0.240726709366, 0.166095599532, 0.118493743241, 0.137523680925, 0.103922061622],
        "min": [0.00455816509202, 0.00158597249538, 0.00217601470649, 0.000899526407011, 0.000745490659028, 0.000864136614837],
        "stdev": [0.313534617424, 0.203649803996, 0.164366826415, 0.142961651087, 0.155011922121, 0.186252132058]
    },
