{
"metadata": {
    "version": {
        "essentia": "2.1-beta5",
        "essentia_git_sha": "Undefined",
        "extractor": "music 2.0"
    },
    "audio_properties": {
        "analysis": {
            "equal_loudness": 0,
            "length": 32.4963264465,
            "sample_rate": 44100,
            "start_time": 61.4980506897,
            "downmix": "mix"
        },
        "bit_rate": 192000,
        "length": 177.284347534,
        "lossless": 0,
        "number_channels": 2,
        "replay_gain": -13.9713954926,
        "sample_rate": 48000,
        "codec": "mp3",
        "md5_encoded": "5e1909ec67607ec045e3b36f9470f970"
    },
    "tags": {
        "file_name": "Spain_Hablemos Del Amor_Raphael.mp3",
        "encoding": ["Lavf58.29.100"]
    }
},
"lowlevel": {
    "average_loudness": 0.974367976189,
    "barkbands_crest": {
        "max": 23.5034294128,
        "mean": 9.79603481293,
        "min": 2.69042348862,
        "stdev": 4.47265911102
    },
    "barkbands_flatness_db": {
        "max": 0.300793766975,
        "mean": 0.175360247493,
        "min": 0.0432297922671,
        "stdev": 0.0374664440751
    },
    "barkbands_kurtosis": {
        "max": 24.6455974579,
        "mean": 0.960111439228,
        "min": -1.7864729166,
        "stdev": 2.51454854012
    },
    "barkbands_skewness": {
        "max": 4.1529841423,
        "mean": 0.759545505047,
        "min": -2.83669281006,
        "stdev": 0.882765650749
    },
    "barkbands_spread": {
        "max": 78.352935791,
        "mean": 19.9502639771,
        "min": 2.75615906715,
        "stdev": 9.68842220306
    },
    "dissonance": {
        "max": 0.499999910593,
        "mean": 0.457445025444,
        "min": 0.339966893196,
        "stdev": 0.0276414789259
    },
    "dynamic_complexity": 2.53671073914,
    "erbbands_crest": {
        "max": 25.3622951508,
        "mean": 10.0693674088,
        "min": 3.0428481102,
        "stdev": 4.41861009598
    },
    "erbbands_flatness_db": {
        "max": 0.362790167332,
        "mean": 0.232679471374,
        "min": 0.120972268283,
        "stdev": 0.0457230098546
    },
    "erbbands_kurtosis": {
        "max": 18.078874588,
        "mean": 0.322854161263,
        "min": -1.71856880188,
        "stdev": 2.12524032593
    },
    "erbbands_skewness": {
        "max": 3.24502062798,
        "mean": 0.152916073799,
        "min": -2.42926669121,
        "stdev": 0.884502053261
    },
    "erbbands_spread": {
        "max": 94.1056213379,
        "mean": 29.8187980652,
        "min": 3.20844888687,
        "stdev": 13.4931182861
    },
    "hfc": {
        "max": 78.4388580322,
        "mean": 22.4858951569,
        "min": 0.763507723808,
        "stdev": 16.2859363556
    },
    "loudness_ebu128": {
        "integrated": -10.617609024,
        "loudness_range": 2.11863803864,
        "momentary": {
            "max": -6.71221590042,
            "mean": -11.0074672699,
            "min": -16.638338089,
            "stdev": 1.92301297188
        },
        "short_term": {
            "max": -9.41975688934,
            "mean": -10.6694459915,
            "min": -12.3251190186,
            "stdev": 0.73511838913
        }
    },
    "melbands_crest": {
        "max": 29.7999095917,
        "mean": 12.4148464203,
        "min": 3.59028792381,
        "stdev": 5.02555179596
    },
    "melbands_flatness_db": {
        "max": 0.300578266382,
        "mean": 0.168727040291,
        "min": 0.0383431576192,
        "stdev": 0.0424172692001
    },
    "melbands_kurtosis": {
        "max": 50.5556106567,
        "mean": 4.02131557465,
        "min": -1.71065676212,
        "stdev": 5.16536998749
    },
    "melbands_skewness": {
        "max": 6.0183763504,
        "mean": 1.4658138752,
        "min": -2.12549495697,
        "stdev": 0.977191329002
    },
    "melbands_spread": {
        "max": 183.28868103,
        "mean": 30.2207374573,
        "min": 3.44329118729,
        "stdev": 17.3708610535
    },
    "pitch_salience": {
        "max": 0.839864313602,
        "mean": 0.572185993195,
        "min": 0.18856985867,
        "stdev": 0.102897405624
    },
    "silence_rate_20dB": {
        "max": 1,
        "mean": 1,
        "min": 1,
        "stdev": 0
    },
    "silence_rate_30dB": {
        "max": 1,
        "mean": 1,
        "min": 1,
        "stdev": 0
    },
    "silence_rate_60dB": {
        "max": 1,
        "mean": 0.0792291238904,
        "min": 0,
        "stdev": 0.270097106695
    },
    "spectral_centroid": {
        "max": 4202.23681641,
        "mean": 1764.89794922,
        "min": 468.57711792,
        "stdev": 566.169372559
    },
    "spectral_complexity": {
        "max": 38,
        "mean": 16.7194862366,
        "min": 0,
        "stdev": 5.88631725311
    },
    "spectral_decrease": {
        "max": -7.65730534535e-11,
        "mean": -4.48462289526e-09,
        "min": -1.63865294667e-08,
        "stdev": 2.96752933338e-09
    },
    "spectral_energy": {
        "max": 0.0636386945844,
        "mean": 0.0189655590802,
        "min": 0.000358256802429,
        "stdev": 0.0123793082312
    },
    "spectral_energyband_high": {
        "max": 0.00659998087212,
        "mean": 0.00035891297739,
        "min": 6.30728663964e-06,
        "stdev": 0.000591545831412
    },
    "spectral_energyband_low": {
        "max": 0.0114360358566,
        "mean": 0.000906308297999,
        "min": 7.77513196226e-06,
        "stdev": 0.00150633929297
    },
    "spectral_energyband_middle_high": {
        "max": 0.0506296828389,
        "mean": 0.00731960404664,
        "min": 0.000164680284797,
        "stdev": 0.006616034545
    },
    "spectral_energyband_middle_low": {
        "max": 0.0594858899713,
        "mean": 0.0107079530135,
        "min": 0.000143285316881,
        "stdev": 0.00958831142634
    },
    "spectral_entropy": {
        "max": 8.44881248474,
        "mean": 7.36194849014,
        "min": 6.47704792023,
        "stdev": 0.335757225752
    },
    "spectral_flux": {
        "max": 0.210514485836,
        "mean": 0.0801450535655,
        "min": 0.01718425937,
        "stdev": 0.0389501675963
    },
    "spectral_kurtosis": {
        "max": 21.7554855347,
        "mean": 4.38572406769,
        "min": -0.702153921127,
        "stdev": 2.99639678001
    },
    "spectral_rms": {
        "max": 0.00787950120866,
        "mean": 0.00402300804853,
        "min": 0.000591201183852,
        "stdev": 0.00152261508629
    },
    "spectral_rolloff": {
        "max": 8634.81445312,
        "mean": 2102.05004883,
        "min": 279.931640625,
        "stdev": 1148.05944824
    },
    "spectral_skewness": {
        "max": 2.55516076088,
        "mean": 1.22661054134,
        "min": -0.0630305111408,
        "stdev": 0.358926236629
    },
    "spectral_spread": {
        "max": 8195837.5,
        "mean": 3213977.75,
        "min": 1638690.125,
        "stdev": 858001.6875
    },
    "spectral_strongpeak": {
        "max": 13.4612321854,
        "mean": 1.96839106083,
        "min": 0.0171304289252,
        "stdev": 1.95136857033
    },
    "zerocrossingrate": {
        "max": 0.255859375,
        "mean": 0.0683342814445,
        "min": 0.02294921875,
        "stdev": 0.0267833676189
    },
    "barkbands": {
        "max": [0.000378308090148, 0.00429572118446, 0.00845373701304, 0.030413556844, 0.0405922606587, 0.0447221323848, 0.0111897420138, 0.0493959486485, 0.0486535355449, 0.0115837147459, 0.0206731129438, 0.0476204492152, 0.0148305594921, 0.0149103449658, 0.0309266056865, 0.00902978144586, 0.00863090157509, 0.00700685288757, 0.0133129861206, 0.00456481194124, 0.00232235249132, 0.00241590267979, 0.00286426069215, 0.0010767900385, 0.000161050076713, 1.12779150641e-06, 1.12877933134e-06],
        "mean": [1.99759979296e-05, 0.000158560695127, 0.000431223306805, 0.000617804704234, 0.00152779696509, 0.00136978062801, 0.00082157808356, 0.00105663144495, 0.00511860009283, 0.000550062744878, 0.000553658523131, 0.000995912007056, 0.000813900027424, 0.000543104019016, 0.00100236234721, 0.000433488748968, 0.000738810165785, 0.000699395604897, 0.000897638790775, 0.000323350570397, 9.85881342785e-05, 7.70852493588e-05, 7.35978173907e-05, 3.61640377378e-05, 6.47852129987e-06, 2.24626095502e-09, 2.27304042255e-09],
        "min": [2.86672133143e-07, 9.00366842416e-07, 5.13423742632e-07, 1.2832581433e-06, 8.80343668541e-06, 3.76284833692e-06, 3.69945473722e-06, 1.0132287116e-06, 1.14045069495e-05, 2.43677982326e-06, 3.26730742017e-06, 3.72348108613e-06, 1.03201136881e-06, 3.64554807675e-06, 2.47230036621e-06, 1.43800048136e-06, 3.94338439946e-06, 3.4274612517e-06, 6.39657582724e-06, 3.61130878446e-06, 1.76986623046e-06, 1.18128900795e-06, 7.17227749192e-07, 3.73671099396e-07, 1.14255009009e-07, 5.27816592516e-12, 6.96001806536e-12],
        "stdev": [2.36468276853e-05, 0.000334413023666, 0.000908177462406, 0.00138714083005, 0.00311479019001, 0.00244951783679, 0.00134300545324, 0.00323153613135, 0.00806383416057, 0.00110097788274, 0.00139466801193, 0.00265584979206, 0.0019651427865, 0.00125806091819, 0.00311171985231, 0.00090882461518, 0.00108920526691, 0.000847619085107, 0.00110803567804, 0.000548572861589, 0.000188606587471, 0.000162791766343, 0.000186478428077, 7.36925867386e-05, 1.34032770802e-05, 4.26099440176e-08, 4.2665092792e-08]
    },
    "erbbands": {
        "max": [0.05428128317, 1.32643651962, 8.08873939514, 41.3545761108, 156.891448975, 166.878890991, 104.359161377, 459.236846924, 285.874664307, 346.367706299, 1025.67553711, 1011.07049561, 1091.72583008, 206.309677124, 945.022399902, 1622.3951416, 604.043395996, 878.647155762, 479.969726562, 1367.91723633, 504.012664795, 461.370178223, 398.095947266, 901.622375488, 328.236236572, 276.778686523, 55.3990974426, 140.205078125, 110.48323822, 76.2463912964, 88.0468597412, 54.2307167053, 11.23853302, 3.40891766548, 0.307491987944, 0.00832084286958, 0.00211639143527, 0.000726533064153, 0.000173065360286, 7.1379741712e-05],
        "mean": [0.00222650519572, 0.0490004383028, 0.401831328869, 1.46329665184, 4.00876951218, 4.76802921295, 7.23047018051, 12.4219799042, 11.4258489609, 13.6185398102, 37.6724433899, 97.3889770508, 68.1451950073, 18.9990139008, 29.7075252533, 34.0091171265, 33.7673034668, 35.1507987976, 32.1566047668, 40.8764190674, 29.4378318787, 45.4617004395, 43.0671234131, 43.3056297302, 39.9513206482, 12.9122190475, 4.21979856491, 3.93813991547, 3.00986838341, 2.48530602455, 1.92249882221, 1.11715376377, 0.420362532139, 0.130995243788, 0.0197662636638, 0.000568900664803, 4.83167605125e-05, 1.10809460239e-05, 1.30634389279e-05, 2.40982772084e-05],
        "min": [5.02030634379e-05, 0.000239115426666, 0.00153089361265, 0.00564979575574, 0.0150420730934, 0.0238009095192, 0.0693912804127, 0.0393511988223, 0.119352005422, 0.0943971574306, 0.148823127151, 0.209722727537, 0.419136077166, 0.258611679077, 0.308426678181, 0.160711586475, 0.0560439154506, 0.10054603219, 0.191240951419, 0.132498368621, 0.169280707836, 0.440130293369, 0.287743419409, 0.448841720819, 0.620958328247, 0.266411364079, 0.0991091430187, 0.0689058899879, 0.0533745400608, 0.021458607167, 0.0171743184328, 0.0125454105437, 0.00328432326205, 0.00169606506824, 0.000316020013997, 1.01583245851e-05, 1.20602328479e-06, 3.23317323137e-07, 4.25385792369e-07, 7.83576297181e-07],
        "stdev": [0.0035418830812, 0.102803617716, 0.84734326601, 2.72879552841, 9.18459415436, 11.8537025452, 11.9609909058, 25.1785392761, 18.5783100128, 26.3700504303, 84.5565261841, 149.677307129, 148.987228394, 25.9320144653, 76.4289703369, 86.5831832886, 76.7907409668, 71.7516021729, 66.2544250488, 129.964996338, 57.1020736694, 61.7671775818, 48.1447486877, 56.3155174255, 46.9028892517, 21.3598041534, 5.94160318375, 9.06010818481, 7.01176738739, 5.15491533279, 5.15843677521, 2.61407208443, 0.838131546974, 0.278408318758, 0.035859528929, 0.000998553819954, 9.88484243862e-05, 2.89800864266e-05, 9.92767854768e-06, 1.53128512466e-05]
    },
    "gfcc": {
        "mean": [-40.4463844299, 113.840316772, -184.118255615, 42.0900306702, -81.5499649048, -0.315843135118, -37.2948150635, 0.0798012539744, -13.2192277908, -28.4076004028, 3.20661759377, -20.7182235718, -1.06493759155],
        "cov": [[1803.75109863, -309.926086426, -78.2607803345, 52.4185600281, -16.7504024506, 78.5638046265, 11.4203910828, 104.626930237, -38.8453369141, -107.018981934, 20.2060070038, -85.5653991699, -166.029190063], [-309.926086426, 720.602050781, 216.810699463, -52.9410934448, 21.3889865875, -175.755523682, 78.0845565796, -54.1880149841, 45.6162872314, -39.6855812073, -14.0908575058, 4.6387887001, 20.7644367218], [-78.2607803345, 216.810699463, 531.154846191, 187.661697388, -160.845916748, 65.7261352539, -46.5090522766, -46.0178222656, -42.1010971069, 32.657875061, -107.41608429, 52.1171302795, 32.1565475464], [52.4185600281, -52.9410934448, 187.661697388, 254.270721436, 34.2797660828, 56.1316947937, -106.530929565, -58.4887542725, -25.6905136108, 48.4765777588, -68.2971115112, 9.39694595337, 29.8114700317], [-16.7504024506, 21.3889865875, -160.845916748, 34.2797660828, 272.770996094, -48.8456764221, -107.078201294, -11.2979431152, 49.7830429077, 18.7699813843, 21.4893665314, -29.3350887299, 23.6320590973], [78.5638046265, -175.755523682, 65.7261352539, 56.1316947937, -48.8456764221, 204.442993164, 47.2448425293, 5.89808797836, -58.7055244446, 25.0179347992, -26.9290142059, -7.48936748505, -23.5110721588], [11.4203910828, 78.0845565796, -46.5090522766, -106.530929565, -107.078201294, 47.2448425293, 294.570861816, 65.4788131714, -37.3613739014, -78.3264541626, 25.4309463501, -25.2657566071, -59.9404449463], [104.626930237, -54.1880149841, -46.0178222656, -58.4887542725, -11.2979431152, 5.89808797836, 65.4788131714, 114.095825195, 17.8145275116, -33.9055480957, 28.3877925873, -6.56547021866, -23.3973808289], [-38.8453369141, 45.6162872314, -42.1010971069, -25.6905136108, 49.7830429077, -58.7055244446, -37.3613739014, 17.8145275116, 122.768028259, 36.9655151367, 10.0379829407, -1.00769484043, 28.4965381622], [-107.018981934, -39.6855812073, 32.657875061, 48.4765777588, 18.7699813843, 25.0179347992, -78.3264541626, -33.9055480957, 36.9655151367, 127.226203918, -13.8847169876, 0.816919147968, 39.4953536987], [20.2060070038, -14.0908575058, -107.41608429, -68.2971115112, 21.4893665314, -26.9290142059, 25.4309463501, 28.3877925873, 10.0379829407, -13.8847169876, 98.0825576782, 28.0947399139, -21.2341995239], [-85.5653991699, 4.6387887001, 52.1171302795, 9.39694595337, -29.3350887299, -7.48936748505, -25.2657566071, -6.56547021866, -1.00769484043, 0.816919147968, 28.0947399139, 105.37159729, 39.6547279358], [-166.029190063, 20.7644367218, 32.1565475464, 29.8114700317, 23.6320590973, -23.5110721588, -59.9404449463, -23.3973808289, 28.4965381622, 39.4953536987, -21.2341995239, 39.6547279358, 100.172424316]],
        "icov": [[0.000791022146586, 0.000188540710951, 7.74353757151e-05, -0.00049889361253, 0.000225581141422, -0.000116256458568, 0.000380587211112, -0.000507440941874, -0.00028961445787, 0.000728794024326, -0.000199806396267, 0.000418693671236, 0.00101124797948], [0.000188540710951, 0.00666284654289, -0.00732535962015, 0.00463428907096, -0.00581774767488, 0.00595821533352, -0.00531229097396, 0.00526658864692, -0.0011598658748, 0.00029886487755, -0.00123957172036, 0.00116423377767, 0.000214517058339], [7.74353757151e-05, -0.00732535962015, 0.0126051716506, -0.00808602012694, 0.00912456773221, -0.00634331488982, 0.00627168407664, -0.0064127035439, 0.000987924518995, -0.000337150791893, 0.00461562629789, -0.00346205593087, 0.000821153400466], [-0.00049889361253, 0.00463428907096, -0.00808602012694, 0.0122384447604, -0.00729762064293, 0.0027713032905, -0.0028051645495, 0.0054193935357, 0.000835131737404, -0.00132937380113, 0.0017333793221, -0.000272159290034, -0.000112914276542], [0.000225581141422, -0.00581774767488, 0.00912456773221, -0.00729762064293, 0.0126151926816, -0.0052905343473, 0.00712440023199, -0.00485887797549, -0.000925062631723, 0.00176053191535, -0.00128293770831, 0.0021188755054, -0.00180886348244], [-0.000116256458568, 0.00595821533352, -0.00634331488982, 0.0027713032905, -0.0052905343473, 0.0132907377556, -0.00675115454942, 0.00283007090911, 0.00286370282993, -0.00424466421828, 0.00131746334955, -0.000525431183632, 0.00211880984716], [0.000380587211112, -0.00531229097396, 0.00627168407664, -0.0028051645495, 0.00712440023199, -0.00675115454942, 0.0109098954126, -0.00590570364147, 0.00073227804387, 0.00317115965299, -0.000419472809881, 0.00141259236261, 0.000330270151608], [-0.000507440941874, 0.00526658864692, -0.0064127035439, 0.0054193935357, -0.00485887797549, 0.00283007090911, -0.00590570364147, 0.0172049477696, -0.00462690880522, 0.0029896106571, -0.00367333600298, 0.00164275395218, -0.000483187875943], [-0.00028961445787, -0.0011598658748, 0.000987924518995, 0.000835131737404, -0.000925062631723, 0.00286370282993, 0.00073227804387, -0.00462690880522, 0.0136563470587, -0.00565994344652, 0.00121695769485, -0.000386617000913, -0.00179974362254], [0.000728794024326, 0.00029886487755, -0.000337150791893, -0.00132937380113, 0.00176053191535, -0.00424466421828, 0.00317115965299, 0.0029896106571, -0.00565994344652, 0.0149147938937, -0.00410817749798, 0.00445685442537, -0.00407147780061], [-0.000199806396267, -0.00123957172036, 0.00461562629789, 0.0017333793221, -0.00128293770831, 0.00131746334955, -0.000419472809881, -0.00367333600298, 0.00121695769485, -0.00410817749798, 0.0227858964354, -0.0123383300379, 0.00841908343136], [0.000418693671236, 0.00116423377767, -0.00346205593087, -0.000272159290034, 0.0021188755054, -0.000525431183632, 0.00141259236261, 0.00164275395218, -0.000386617000913, 0.00445685442537, -0.0123383300379, 0.0194093380123, -0.00969540048391], [0.00101124797948, 0.000214517058339, 0.000821153400466, -0.000112914276542, -0.00180886348244, 0.00211880984716, 0.000330270151608, -0.000483187875943, -0.00179974362254, -0.00407147780061, 0.00841908343136, -0.00969540048391, 0.0201331730932]]
    },
    "melbands": {
        "max": [0.000643689883873, 0.00287044653669, 0.0123451510444, 0.00961771328002, 0.0028797625564, 0.0099769057706, 0.00414946908131, 0.00567231001332, 0.00729744648561, 0.00674326531589, 0.00532551435754, 0.00102873239666, 0.00320261740126, 0.00727555574849, 0.00178460357711, 0.00185402214993, 0.00171959900763, 0.000828090589494, 0.00345773505978, 0.000674586452078, 0.000798028544523, 0.000567936280277, 0.000421022472437, 0.000522085872944, 0.000910223927349, 0.000408040097682, 0.000284969049972, 0.000155105284648, 3.75358467863e-05, 7.66418961575e-05, 0.000101066121715, 7.7906785009e-05, 4.72410829389e-05, 4.91803366458e-05, 5.48404459551e-05, 7.76566012064e-05, 1.74612650881e-05, 7.27683163859e-06, 8.38892083266e-06, 2.27515465667e-06],
        "mean": [3.20307408401e-05, 0.000169972743606, 0.000320655264659, 0.000337842240697, 0.000236101885093, 0.000272207340458, 0.000178381116712, 0.00016213125491, 0.000353218812961, 0.000694420130458, 0.000335331424139, 6.97675568517e-05, 8.35718456074e-05, 0.000119036645629, 7.0069108915e-05, 9.0119719971e-05, 5.75594167458e-05, 3.73195616703e-05, 9.69825632637e-05, 2.07697466976e-05, 3.58707766281e-05, 4.32504130004e-05, 4.33439963672e-05, 3.53184732376e-05, 3.50080117641e-05, 3.52956631104e-05, 2.08469100471e-05, 5.43380610907e-06, 2.54014730672e-06, 2.35503102886e-06, 2.1091339022e-06, 1.69388363247e-06, 1.43470163039e-06, 1.40289068895e-06, 1.11577480766e-06, 9.56679627961e-07, 5.90320098581e-07, 3.22923398244e-07, 1.71101490309e-07, 8.84385400468e-08],
        "min": [4.66267408683e-07, 7.41743178878e-07, 1.4817636611e-06, 1.76519108663e-06, 2.47383104579e-06, 6.70748647735e-07, 9.98649284156e-07, 7.52678886329e-07, 6.05654008723e-07, 1.53686482918e-06, 1.38657026127e-06, 9.10380435926e-07, 6.81051687934e-07, 4.50620547099e-07, 2.75197379551e-07, 6.25032825496e-08, 1.78172101073e-07, 1.79306013592e-07, 1.68835740055e-07, 1.57622082497e-07, 1.53813999759e-07, 2.50805499036e-07, 3.57123099093e-07, 2.00722496402e-07, 2.52594816175e-07, 2.98457337067e-07, 1.58000844408e-07, 7.47916857335e-08, 2.10405453061e-08, 4.23348112122e-08, 3.12211589915e-08, 2.91392723284e-08, 1.64777507194e-08, 7.9131030617e-09, 1.08491056139e-08, 6.92123247603e-09, 5.21630960648e-09, 1.96347849091e-09, 1.57627566555e-09, 1.38437672437e-09],
        "stdev": [5.73384131712e-05, 0.000325390341459, 0.000624143402092, 0.000762908952311, 0.000368093780708, 0.000523170572706, 0.000284969282802, 0.000394694070565, 0.000787873694208, 0.00111019529868, 0.000749412167352, 0.00011254081619, 0.000217407083255, 0.000362658785889, 0.000166806115885, 0.000240839639446, 0.000133945490234, 7.996927161e-05, 0.00033528151107, 4.71791281598e-05, 7.94451043475e-05, 6.51003647363e-05, 5.35281251359e-05, 4.34038593085e-05, 5.05981770402e-05, 4.35198417108e-05, 3.31802184519e-05, 1.12919433377e-05, 3.90571449316e-06, 4.92428353027e-06, 5.49238029635e-06, 4.36487789557e-06, 2.98362783724e-06, 3.17955073115e-06, 2.98469149129e-06, 3.0168378089e-06, 1.20048923691e-06, 6.31976206478e-07, 4.23233217361e-07, 1.81948450972e-07]
    },
    "melbands128": {
        "max": [0.000144489429658, 0.000297224905808, 0.00101890508085, 0.00291226664558, 0.00388952973299, 0.00385441863909, 0.00552711309865, 0.0205774642527, 0.0191757809371, 0.012512518093, 0.0126985413954, 0.00336900679395, 0.00453848252073, 0.00620703119785, 0.00930211413652, 0.0215921271592, 0.00755680445582, 0.00281334342435, 0.00495558790863, 0.00289650564082, 0.0116586862132, 0.0199109241366, 0.012740874663, 0.0194684863091, 0.00766693707556, 0.0153636746109, 0.0169791486114, 0.00466308090836, 0.00326146534644, 0.00173941848334, 0.00126586924307, 0.00276185385883, 0.00579642923549, 0.00499349180609, 0.0102473618463, 0.01264579501, 0.00383630604483, 0.00351951690391, 0.00273607810959, 0.00271312892437, 0.0037883236073, 0.00240257102996, 0.00383484642953, 0.00322968931869, 0.00245978147723, 0.00145060638897, 0.00143718195613, 0.00556144630536, 0.00529140327126, 0.0020062814001, 0.000760243623517, 0.00151013128925, 0.00125401909463, 0.00184480543248, 0.0018363695126, 0.00110612774733, 0.00127899297513, 0.00093695812393, 0.0010131803574, 0.000724153709598, 0.00109151809011, 0.000512682308909, 0.000671577698085, 0.00177892204374, 0.000715183210559, 0.000876619596966, 0.000532553531229, 0.000427940365626, 0.000460022391053, 0.000599340128247, 0.00025732893846, 0.000195066852029, 4.53225475212e-05, 7.2368507972e-05, 4.77480134577e-05, 0.000117850628158, 0.000211632679566, 0.000130629370688, 0.000161358926562, 3.91105859308e-05, 6.8019158789e-05, 0.000144259596709, 4.95068379678e-05, 5.79834413656e-05, 4.25763319072e-05, 3.96627656301e-05, 7.09748492227e-05, 4.53850298072e-05, 6.05229579378e-05, 5.40787623322e-05, 0.00010467976972, 9.60329125519e-05, 2.96249800158e-05, 1.5823810827e-05, 1.64343109645e-05, 8.76151352713e-06, 7.22081176718e-06, 7.49284117774e-06, 1.29626414491e-05, 5.85066936765e-06, 4.07474271924e-06, 2.00987619792e-06, 1.47637729242e-06, 1.03951049368e-06, 2.51836951293e-07, 9.80027614617e-09, 9.07574637665e-09, 8.47673398141e-09, 7.97949972764e-09, 7.54562634597e-09, 7.16430426095e-09, 6.81969369865e-09, 6.50970832794e-09, 6.22609253043e-09, 5.96804206054e-09, 5.73720271291e-09, 5.52888756999e-09, 5.33883737219e-09, 5.16771780923e-09, 5.01243047069e-09, 4.87583395881e-09, 4.7567589867e-09, 4.64647254006e-09, 4.55739757044e-09, 4.48290071731e-09, 4.42420589053e-09, 4.38044134299e-09, 4.35405755894e-09],
        "mean": [1.21144030345e-05, 1.27310559037e-05, 2.79109535768e-05, 9.07843495952e-05, 0.000167311402038, 0.000225964249694, 0.000287647621008, 0.000311498879455, 0.000429595005699, 0.000408002146287, 0.000228135482757, 0.000191230807104, 0.000250616925769, 0.000269074953394, 0.000302198546706, 0.000269486539764, 0.000181477196747, 0.00014973951329, 0.0002040778636, 0.000101331643236, 0.000170416024048, 0.000258354702964, 0.000324282358633, 0.000560972897802, 0.000441783020506, 0.000968983164057, 0.000812207174022, 0.000117278927064, 0.000106658320874, 5.5708198488e-05, 6.11128125456e-05, 9.05963461264e-05, 5.15405408805e-05, 9.84914659057e-05, 0.000171628940734, 0.000112236470159, 5.15175779583e-05, 9.89596010186e-05, 5.12077604071e-05, 5.43658752576e-05, 0.000121453493193, 0.000102822225017, 6.36154145468e-05, 2.92879431072e-05, 3.22081432387e-05, 3.42376770277e-05, 3.41377781297e-05, 0.000161026589922, 9.07411376829e-05, 1.38524028443e-05, 1.36557646329e-05, 2.1337884391e-05, 4.86471544718e-05, 3.67713473679e-05, 1.87583900697e-05, 4.02934820158e-05, 7.17713264748e-05, 4.6247656428e-05, 2.87202201434e-05, 4.63484575448e-05, 3.61754828191e-05, 2.7721571314e-05, 3.04571949528e-05, 3.55155389116e-05, 4.51739870186e-05, 3.88996159018e-05, 2.69724714599e-05, 2.63199181063e-05, 2.16351163544e-05, 9.40092650126e-06, 4.15841532231e-06, 4.96907432534e-06, 2.29466377277e-06, 2.3211593998e-06, 2.15145973925e-06, 2.263553597e-06, 2.18373315874e-06, 3.22547020914e-06, 1.8952227947e-06, 1.38818393225e-06, 1.55109728439e-06, 1.93657797354e-06, 1.72918748831e-06, 1.31361514377e-06, 1.27517216697e-06, 1.34978256483e-06, 1.59612829975e-06, 1.22395749713e-06, 1.02886610875e-06, 1.04279320112e-06, 1.16510341286e-06, 9.00058125808e-07, 6.76699073665e-07, 5.97757548348e-07, 5.62160721529e-07, 3.80511636422e-07, 2.67863214276e-07, 2.27012847631e-07, 1.92739420868e-07, 1.26265291556e-07, 1.14725843048e-07, 8.13848970438e-08, 5.75980685369e-08, 4.93823435477e-08, 7.95662824515e-09, 3.61974547558e-11, 1.90775676506e-11, 1.68230325504e-11, 1.579599819e-11, 1.50078283134e-11, 1.42848077117e-11, 1.3585920583e-11, 1.29858788653e-11, 1.24432894544e-11, 1.19464525078e-11, 1.1501569662e-11, 1.11000809239e-11, 1.07254066739e-11, 1.03939547941e-11, 1.00922456156e-11, 9.82306944119e-12, 9.58685995173e-12, 9.3760953862e-12, 9.19803122557e-12, 9.04065364238e-12, 8.9086221039e-12, 8.81299720701e-12, 8.75968915459e-12],
        "min": [2.61560604287e-08, 1.65783760053e-07, 1.53270093506e-07, 1.15424072078e-07, 2.50598759521e-07, 2.73867044598e-07, 3.68610216128e-07, 3.48703338204e-07, 4.85652890347e-07, 6.56243514641e-07, 3.30448386876e-07, 2.88473188448e-07, 3.4126759374e-07, 1.02190153939e-06, 2.79553887594e-07, 4.92178685363e-07, 5.36641209692e-07, 2.95891339874e-07, 4.36366995871e-08, 9.23100600403e-08, 9.0875261094e-08, 1.42244104495e-07, 1.0292460928e-07, 3.3084333495e-07, 4.38116444457e-07, 2.12002348121e-07, 2.35033553508e-07, 2.1493805491e-07, 4.24794137643e-08, 1.3936265475e-07, 1.45360445458e-07, 6.58991154978e-08, 9.34910673323e-08, 2.11894956692e-07, 3.30995703735e-07, 1.04940511392e-07, 8.46329442084e-08, 1.00151012816e-07, 3.77824846964e-08, 1.17973764091e-08, 3.50652236136e-08, 6.49598277391e-08, 2.40110917815e-08, 2.27437944034e-08, 4.96535079719e-08, 7.71260815213e-08, 5.81472363592e-08, 1.29151288775e-07, 9.4680800089e-08, 3.80712066317e-08, 2.88534938164e-08, 3.94624350974e-08, 1.31775706791e-07, 1.15197842376e-07, 9.3935071277e-08, 9.33384711743e-08, 1.61249218422e-07, 7.63834790973e-08, 1.01738685032e-07, 1.51890560574e-07, 1.66516713307e-07, 1.25236638837e-07, 1.00164875505e-07, 1.76433232468e-07, 1.40445905572e-07, 1.14355643177e-07, 8.38606624143e-08, 9.63960786748e-08, 7.64172796153e-08, 4.27909476741e-08, 1.89540099171e-08, 3.58110945342e-08, 1.8103756716e-08, 1.65917377615e-08, 1.86110984401e-08, 2.45841818014e-08, 2.1790375726e-08, 9.91595161537e-09, 1.30033512846e-08, 1.27889512314e-08, 1.05833031228e-08, 7.30379001723e-09, 1.27659465221e-08, 9.90836745984e-09, 8.90506068885e-09, 6.11537842587e-09, 5.13502262933e-09, 7.87341480901e-09, 6.89078261118e-09, 4.85064299838e-09, 3.46237349902e-09, 4.35380087538e-09, 5.65560487331e-09, 3.17684523132e-09, 1.65625968496e-09, 1.43554024223e-09, 1.37556466218e-09, 1.23993282308e-09, 1.1195069316e-09, 1.12284115339e-09, 1.05955744178e-09, 8.05453093111e-10, 8.55475690287e-10, 6.20993312328e-10, 1.91159726937e-11, 7.94416615824e-14, 2.90563844415e-14, 1.66627796223e-14, 2.48269083785e-14, 2.19286733411e-14, 1.8985454078e-14, 2.04735012309e-14, 2.6977125232e-14, 2.86133794338e-14, 2.69167097601e-14, 2.69675893351e-14, 2.22329767037e-14, 1.90661881763e-14, 2.47165975837e-14, 2.58389331795e-14, 2.7253030968e-14, 2.44002951524e-14, 2.25676140102e-14, 2.15139541517e-14, 1.63127754441e-14, 7.62090619831e-15, 1.12234120736e-15, 4.51258026877e-17],
        "stdev": [1.05136168713e-05, 1.94258063857e-05, 6.32737283013e-05, 0.000215367763303, 0.000405826431233, 0.000456906011095, 0.000553868710995, 0.000806243624538, 0.00108801422175, 0.00106171669904, 0.00075688236393, 0.000356369419023, 0.000510656856932, 0.000543936621398, 0.000673129979987, 0.00085532135563, 0.000400242308388, 0.000278641615296, 0.000472862797324, 0.000222013870371, 0.000682005484123, 0.00106778531335, 0.000915424025152, 0.00165779539384, 0.000931007904001, 0.00213767006062, 0.00231247348711, 0.000376734737074, 0.000255463120993, 0.000136412127176, 0.00012916814012, 0.000221317284741, 0.000295387319056, 0.000359574711183, 0.000609493174125, 0.000542135618161, 0.000201759685297, 0.000294665893307, 0.000173239270225, 0.000252504454693, 0.000426205340773, 0.000262298126472, 0.000224630857701, 0.000165956153069, 0.000111548892164, 0.000114682952699, 0.000118217540148, 0.000594091892708, 0.000405538710766, 8.2809572632e-05, 4.29837418778e-05, 6.22183724772e-05, 0.000122547702631, 0.000130953398184, 9.39150559134e-05, 8.60361105879e-05, 0.000135560956551, 0.00010539188952, 6.18652338744e-05, 7.86475866335e-05, 6.57225464238e-05, 4.76714849356e-05, 5.46955416212e-05, 8.15904713818e-05, 8.13304141047e-05, 6.89199659973e-05, 5.49700453121e-05, 5.30000688741e-05, 4.61344498035e-05, 3.41271479556e-05, 1.2729377886e-05, 1.53518340085e-05, 4.36193067799e-06, 4.22941729994e-06, 3.87052432416e-06, 6.29745545666e-06, 7.45404713598e-06, 8.83316624822e-06, 6.99141946825e-06, 3.16714385917e-06, 4.04281990996e-06, 6.93734455126e-06, 4.36944083049e-06, 3.14601197715e-06, 2.76300488622e-06, 2.86265139948e-06, 4.58356362287e-06, 2.90683328785e-06, 3.21288098348e-06, 3.07673963107e-06, 4.24978134106e-06, 3.17052104037e-06, 1.67983978372e-06, 1.2257931985e-06, 1.18602838484e-06, 7.79104823323e-07, 5.75878686959e-07, 5.30287081801e-07, 5.74993975988e-07, 3.44308091371e-07, 2.941779087e-07, 1.6841234185e-07, 1.05730045163e-07, 1.00056851693e-07, 2.08505852584e-08, 3.73141878507e-10, 3.42634587369e-10, 3.20106219309e-10, 3.01429520233e-10, 2.8509350436e-10, 2.70709843431e-10, 2.57724369623e-10, 2.46008130533e-10, 2.35323038833e-10, 2.25565427447e-10, 2.16848317081e-10, 2.08981026928e-10, 2.01794136956e-10, 1.9533277773e-10, 1.89450982679e-10, 1.84298562522e-10, 1.79788225974e-10, 1.7563593635e-10, 1.72262454301e-10, 1.69438005293e-10, 1.67232533377e-10, 1.65573277311e-10, 1.64576713368e-10]
    },
    "mfcc": {
        "mean": [-651.338867188, 113.922554016, -33.5255355835, 21.6196098328, -12.1835517883, -13.0633392334, -9.65320301056, 10.8488607407, -14.9646530151, 1.44016289711, -3.9681854248, -6.70624685287, -9.09489059448],
        "cov": [[1837.53820801, -400.666503906, -75.2059402466, -19.8664665222, 40.2982635498, -68.0254592896, 64.5671615601, 131.70161438, -112.463493347, 87.6646652222, 87.384765625, -7.88807916641, -98.0371551514], [-400.666503906, 762.491271973, 30.5292320251, 86.5167617798, -69.3882675171, -81.4551544189, -56.6829910278, -14.4385728836, 39.2194709778, -52.4799537659, -6.718354702, 4.14443063736, 59.3894767761], [-75.2059402466, 30.5292320251, 671.661437988, 51.6798210144, -133.797073364, 121.485176086, 11.5974092484, -33.6420097351, 112.723640442, -140.000518799, -39.112663269, 38.4990921021, 19.9932155609], [-19.8664665222, 86.5167617798, 51.6798210144, 168.594589233, 79.7066116333, 19.9657230377, -45.2439308167, -42.3000411987, 30.520778656, -32.3251686096, -32.6261405945, -27.4070053101, 17.2499046326], [40.2982635498, -69.3882675171, -133.797073364, 79.7066116333, 348.766357422, 13.7188186646, -117.371269226, -92.4250335693, 3.89730477333, 16.2745685577, -21.5823345184, -57.449420929, 31.5687637329], [-68.0254592896, -81.4551544189, 121.485176086, 19.9657230377, 13.7188186646, 176.956680298, 26.9842243195, -60.4196434021, 45.605091095, -22.6899776459, -14.2809400558, 0.605441570282, -7.86212396622], [64.5671615601, -56.6829910278, 11.5974092484, -45.2439308167, -117.371269226, 26.9842243195, 192.726898193, 89.6454238892, -27.6203174591, 12.6118555069, 21.1551628113, 26.0434741974, -50.9774398804], [131.70161438, -14.4385728836, -33.6420097351, -42.3000411987, -92.4250335693, -60.4196434021, 89.6454238892, 189.811355591, -48.634967804, 9.70097446442, 24.1710128784, 10.0939998627, -32.7885704041], [-112.463493347, 39.2194709778, 112.723640442, 30.520778656, 3.89730477333, 45.605091095, -27.6203174591, -48.634967804, 122.286842346, -0.786726593971, -23.608915329, -0.413481980562, 14.3879938126], [87.6646652222, -52.4799537659, -140.000518799, -32.3251686096, 16.2745685577, -22.6899776459, 12.6118555069, 9.70097446442, -0.786726593971, 143.209243774, 26.1527004242, -11.0900411606, -34.5980377197], [87.384765625, -6.718354702, -39.112663269, -32.6261405945, -21.5823345184, -14.2809400558, 21.1551628113, 24.1710128784, -23.608915329, 26.1527004242, 88.6522293091, 22.7038936615, -17.4937019348], [-7.88807916641, 4.14443063736, 38.4990921021, -27.4070053101, -57.449420929, 0.605441570282, 26.0434741974, 10.0939998627, -0.413481980562, -11.0900411606, 22.7038936615, 86.5274505615, 17.0445861816], [-98.0371551514, 59.3894767761, 19.9932155609, 17.2499046326, 31.5687637329, -7.86212396622, -50.9774398804, -32.7885704041, 14.3879938126, -34.5980377197, -17.4937019348, 17.0445861816, 105.740371704]],
        "icov": [[0.000738502596505, 0.000387838110328, -0.000193740226678, -0.000380605197279, -0.000135022492032, 0.000348902889527, 2.8362723242e-05, -0.000321026251186, 0.000438802002463, -0.00032244657632, -0.000550701050088, -5.8919363255e-07, 0.000289750343654], [0.000387838110328, 0.00195601815358, 0.000130421904032, -0.0013003811473, 0.000770126411226, 0.00114834145643, 0.000202593248105, 9.73535497906e-05, -0.000521233887412, 0.000416737108026, -0.000793313141912, 0.000267221039394, -0.000535264669452], [-0.000193740226678, 0.000130421904032, 0.00288543361239, -0.000528489123099, 0.00124679331202, -0.00119486160111, 0.00039697898319, -8.42143417685e-05, -0.00226642773487, 0.0024783811532, 0.000163494740264, -0.000528750650119, 0.000223553463002], [-0.000380605197279, -0.0013003811473, -0.000528489123099, 0.00874063931406, -0.0020664203912, -0.000577189144678, 3.78939039365e-05, 0.00028659941745, -0.000917267694604, 0.00118953827769, 0.00172755646054, 0.00124800042249, 0.000331329152687], [-0.000135022492032, 0.000770126411226, 0.00124679331202, -0.0020664203912, 0.00539905298501, -0.000801609829068, 0.00211048615165, 0.00105624855496, 9.72249617917e-05, 5.02105285705e-05, -0.000322453211993, 0.00188895140309, -0.00113749539014], [0.000348902889527, 0.00114834145643, -0.00119486160111, -0.000577189144678, -0.000801609829068, 0.00952806789428, -0.00336830294691, 0.00337239494547, -0.00192965834867, 0.000877623911947, -0.000505043019075, 0.000432264409028, 0.000764722120948], [2.8362723242e-05, 0.000202593248105, 0.00039697898319, 3.78939039365e-05, 0.00211048615165, -0.00336830294691, 0.00984647590667, -0.00377097865567, 0.00124745815992, -0.000512185972184, 0.000302117638057, -0.00191177881788, 0.00254921941087], [-0.000321026251186, 9.73535497906e-05, -8.42143417685e-05, 0.00028659941745, 0.00105624855496, 0.00337239494547, -0.00377097865567, 0.00924438051879, 0.0010782184545, 0.000603433407377, -0.000481023540488, 0.00095496623544, 0.000418031966547], [0.000438802002463, -0.000521233887412, -0.00226642773487, -0.000917267694604, 9.72249617917e-05, -0.00192965834867, 0.00124745815992, 0.0010782184545, 0.0128981331363, -0.0038294242695, 0.00187510834076, -0.000446325546363, -0.00058485858608], [-0.00032244657632, 0.000416737108026, 0.0024783811532, 0.00118953827769, 5.02105285705e-05, 0.000877623911947, -0.000512185972184, 0.000603433407377, -0.0038294242695, 0.0111795403063, -0.00203260174021, 0.000789068231825, 0.00251029687934], [-0.000550701050088, -0.000793313141912, 0.000163494740264, 0.00172755646054, -0.000322453211993, -0.000505043019075, 0.000302117638057, -0.000481023540488, 0.00187510834076, -0.00203260174021, 0.0149619169533, -0.00434117438272, 0.00193231692538], [-5.8919363255e-07, 0.000267221039394, -0.000528750650119, 0.00124800042249, 0.00188895140309, 0.000432264409028, -0.00191177881788, 0.00095496623544, -0.000446325546363, 0.000789068231825, -0.00434117438272, 0.0159924756736, -0.00438876543194], [0.000289750343654, -0.000535264669452, 0.000223553463002, 0.000331329152687, -0.00113749539014, 0.000764722120948, 0.00254921941087, 0.000418031966547, -0.00058485858608, 0.00251029687934, 0.00193231692538, -0.00438876543194, 0.0136132091284]]
    },
    "spectral_contrast_coeffs": {
        "max": [-0.422387123108, -0.455225974321, -0.456845641136, -0.527285814285, -0.564688742161, -0.588164448738],
        "mean": [-0.68540084362, -0.726554632187, -0.702866494656, -0.746425628662, -0.724093794823, -0.742930352688],
        "min": [-0.864034056664, -0.923285722733, -0.893623232841, -0.876768052578, -0.86624032259, -0.840775370598],
        "stdev": [0.066057510674, 0.0736839324236, 0.0832993611693, 0.0700925067067, 0.0616895407438, 0.0318580381572]
    },
    "spectral_contrast_valleys": {
        "max": [-5.49120378494, -5.00175666809, -5.42006921768, -6.30251646042, -6.39814710617, -8.63529396057],
        "mean": [-7.5431470871, -6.85326242447, -7.57078313828, -7.86467885971, -7.57954835892, -10.7112045288],
        "min": [-9.48070716858, -8.6594285965, -8.90458869934, -9.34837055206, -8.86735248566, -12.2966461182],
        "stdev": [0.697176992893, 0.608354389668, 0.486234337091, 0.434397578239, 0.440489351749, 0.653714716434]
    }
},
"rhythm": {
    "beats_count": 70,
    "beats_loudness": {
        "max": 0.0489177294075,
        "mean": 0.023868991062,
        "min": 0.00321105960757,
        "stdev": 0.0107579799369
    },
    "bpm": 149.082565308,
    "bpm_histogram_first_peak_bpm": 148,
    "bpm_histogram_first_peak_weight": 0.5,
    "bpm_histogram_second_peak_bpm": 157,
    "bpm_histogram_second_peak_spread": 0.5,
    "bpm_histogram_second_peak_weight": 0.0724637657404,
    "danceability": 1.24884355068,
    "onset_rate": 3.56835913658,
    "beats_loudness_band_ratio": {
        "max": [0.481059253216, 0.659918427467, 0.795899987221, 0.666011750698, 0.79819726944, 0.260178655386],
        "mean": [0.0870380401611, 0.152674823999, 0.312731206417, 0.166876748204, 0.230283811688, 0.0857284739614],
        "min": [0.00320960511453, 0.00434831995517, 0.00745361298323, 0.0073263803497, 0.0253703650087, 0.0124642020091],
        "stdev": [0.10756456852, 0.141477644444, 0.228297516704, 0.159243494272, 0.205650985241, 0.0570043511689]
    },
