{
"metadata": {
    "version": {
        "essentia": "2.1-beta5",
        "essentia_git_sha": "Undefined",
        "extractor": "music 2.0"
    },
    "audio_properties": {
        "analysis": {
            "equal_loudness": 0,
            "length": 32.4963264465,
            "sample_rate": 44100,
            "start_time": 126.490699768,
            "downmix": "mix"
        },
        "bit_rate": 192000,
        "length": 181.487167358,
        "lossless": 0,
        "number_channels": 2,
        "replay_gain": -13.6549453735,
        "sample_rate": 48000,
        "codec": "mp3",
        "md5_encoded": "8608760709528741923e2ff2549b2c99"
    },
    "tags": {
        "file_name": "Ireland_If I Could Choose_Sean Dunphy.mp3",
        "encoding": ["Lavf58.29.100"]
    }
},
"lowlevel": {
    "average_loudness": 0.941487252712,
    "barkbands_crest": {
        "max": 24.5145988464,
        "mean": 11.257183075,
        "min": 3.13523840904,
        "stdev": 4.59875297546
    },
    "barkbands_flatness_db": {
        "max": 0.395145595074,
        "mean": 0.198731988668,
        "min": 0.0742305219173,
        "stdev": 0.0504783056676
    },
    "barkbands_kurtosis": {
        "max": 115.458618164,
        "mean": 5.20075702667,
        "min": -1.78323864937,
        "stdev": 10.9798669815
    },
    "barkbands_skewness": {
        "max": 8.65884685516,
        "mean": 1.57695937157,
        "min": -2.48262643814,
        "stdev": 1.25034582615
    },
    "barkbands_spread": {
        "max": 71.7657623291,
        "mean": 14.5275602341,
        "min": 0.612732410431,
        "stdev": 9.86748886108
    },
    "dissonance": {
        "max": 0.499649226665,
        "mean": 0.440432697535,
        "min": 0.284662991762,
        "stdev": 0.0342774763703
    },
    "dynamic_complexity": 1.73187458515,
    "erbbands_crest": {
        "max": 28.2835292816,
        "mean": 11.2858600616,
        "min": 2.7418653965,
        "stdev": 5.28278112411
    },
    "erbbands_flatness_db": {
        "max": 0.351013481617,
        "mean": 0.230274036527,
        "min": 0.124271698296,
        "stdev": 0.0463396273553
    },
    "erbbands_kurtosis": {
        "max": 31.300453186,
        "mean": 0.879853367805,
        "min": -1.76471877098,
        "stdev": 2.97765445709
    },
    "erbbands_skewness": {
        "max": 5.02417707443,
        "mean": 0.619191229343,
        "min": -2.56119084358,
        "stdev": 0.90241765976
    },
    "erbbands_spread": {
        "max": 106.299781799,
        "mean": 28.7442150116,
        "min": 4.590924263,
        "stdev": 12.1215391159
    },
    "hfc": {
        "max": 127.144439697,
        "mean": 21.4197368622,
        "min": 0.45215639472,
        "stdev": 13.9811058044
    },
    "loudness_ebu128": {
        "integrated": -10.0281667709,
        "loudness_range": 2.85652256012,
        "momentary": {
            "max": -7.44704914093,
            "mean": -10.3389444351,
            "min": -21.5117473602,
            "stdev": 1.77280092239
        },
        "short_term": {
            "max": -8.15502548218,
            "mean": -10.2592716217,
            "min": -12.6050186157,
            "stdev": 0.880229830742
        }
    },
    "melbands_crest": {
        "max": 29.1881027222,
        "mean": 14.0413017273,
        "min": 3.75349712372,
        "stdev": 4.91432332993
    },
    "melbands_flatness_db": {
        "max": 0.455647438765,
        "mean": 0.211349308491,
        "min": 0.0456338562071,
        "stdev": 0.066676184535
    },
    "melbands_kurtosis": {
        "max": 208.395690918,
        "mean": 9.50684165955,
        "min": -1.73774218559,
        "stdev": 14.0898122787
    },
    "melbands_skewness": {
        "max": 8.70265579224,
        "mean": 2.10095787048,
        "min": -0.82279253006,
        "stdev": 1.22723948956
    },
    "melbands_spread": {
        "max": 172.266448975,
        "mean": 20.2312450409,
        "min": 0.682234168053,
        "stdev": 18.6471862793
    },
    "pitch_salience": {
        "max": 0.865230083466,
        "mean": 0.565326631069,
        "min": 0.119142405689,
        "stdev": 0.125627800822
    },
    "silence_rate_20dB": {
        "max": 1,
        "mean": 1,
        "min": 1,
        "stdev": 0
    },
    "silence_rate_30dB": {
        "max": 1,
        "mean": 1,
        "min": 1,
        "stdev": 0
    },
    "silence_rate_60dB": {
        "max": 1,
        "mean": 0.0128479655832,
        "min": 0,
        "stdev": 0.11261870712
    },
    "spectral_centroid": {
        "max": 4315.61865234,
        "mean": 1118.22888184,
        "min": 208.775268555,
        "stdev": 636.449157715
    },
    "spectral_complexity": {
        "max": 50,
        "mean": 18.0164165497,
        "min": 0,
        "stdev": 6.93246126175
    },
    "spectral_decrease": {
        "max": -1.08048868463e-10,
        "mean": -6.72327438167e-09,
        "min": -2.28875460806e-08,
        "stdev": 3.25107962773e-09
    },
    "spectral_energy": {
        "max": 0.0894003659487,
        "mean": 0.0273180324584,
        "min": 0.000448813196272,
        "stdev": 0.0128972567618
    },
    "spectral_energyband_high": {
        "max": 0.0167364738882,
        "mean": 0.000479731912492,
        "min": 1.84659359093e-06,
        "stdev": 0.0012575207511
    },
    "spectral_energyband_low": {
        "max": 0.0119382757694,
        "mean": 0.00140196306165,
        "min": 1.28226347442e-05,
        "stdev": 0.0017948547611
    },
    "spectral_energyband_middle_high": {
        "max": 0.0502510182559,
        "mean": 0.00668844254687,
        "min": 3.10614632326e-05,
        "stdev": 0.00598211074248
    },
    "spectral_energyband_middle_low": {
        "max": 0.0864293649793,
        "mean": 0.019507240504,
        "min": 0.000264138827333,
        "stdev": 0.0121285514906
    },
    "spectral_entropy": {
        "max": 8.39560985565,
        "mean": 7.20440769196,
        "min": 5.42931938171,
        "stdev": 0.446016490459
    },
    "spectral_flux": {
        "max": 0.246483176947,
        "mean": 0.0767450332642,
        "min": 0.0140155721456,
        "stdev": 0.0303816478699
    },
    "spectral_kurtosis": {
        "max": 25.4439811707,
        "mean": 5.60275840759,
        "min": -0.671224832535,
        "stdev": 3.90340900421
    },
    "spectral_rms": {
        "max": 0.00933915842324,
        "mean": 0.0049888798967,
        "min": 0.000661714817397,
        "stdev": 0.00132772326469
    },
    "spectral_rolloff": {
        "max": 7515.08789062,
        "mean": 1363.27856445,
        "min": 193.798828125,
        "stdev": 1111.49365234
    },
    "spectral_skewness": {
        "max": 3.89242291451,
        "mean": 1.62016201019,
        "min": -0.174156636,
        "stdev": 0.522390782833
    },
    "spectral_spread": {
        "max": 14977032,
        "mean": 3320476.5,
        "min": 1544209.5,
        "stdev": 837492.3125
    },
    "spectral_strongpeak": {
        "max": 9.24671459198,
        "mean": 1.75014984608,
        "min": 0.0337380990386,
        "stdev": 1.3535220623
    },
    "zerocrossingrate": {
        "max": 0.234375,
        "mean": 0.0492571555078,
        "min": 0.00830078125,
        "stdev": 0.0279904864728
    },
    "barkbands": {
        "max": [0.000400628545322, 0.00209568580613, 0.00701895635575, 0.023225877434, 0.038670938462, 0.0785043463111, 0.0434755459428, 0.0535646863282, 0.0312567353249, 0.0338982492685, 0.0278471652418, 0.0168995521963, 0.00970588158816, 0.00777800008655, 0.0162892006338, 0.00710027990863, 0.00755695393309, 0.00518735637888, 0.00725305546075, 0.00278818048537, 0.00688883848488, 0.011096320115, 0.00398428784683, 0.000837754050735, 0.000175980225322, 3.63030426342e-06, 3.79530979444e-06],
        "mean": [2.03292765946e-05, 0.000124983722344, 0.000598224636633, 0.00184776133392, 0.00492433644831, 0.0037361884024, 0.0034288179595, 0.00363073335029, 0.00168365158606, 0.00106239668094, 0.00115634477697, 0.000844525347929, 0.000669626169838, 0.000600116851274, 0.000536537787411, 0.000498938374221, 0.000666590582114, 0.000429053034168, 0.000321749073919, 0.00014794128947, 0.000139340816531, 0.000141898010042, 6.38787169009e-05, 3.38621503033e-05, 1.01984323919e-05, 4.65956384588e-09, 4.90254370433e-09],
        "min": [1.12961835441e-07, 1.87142029517e-06, 4.81266795305e-07, 1.08317215108e-06, 3.2930089219e-05, 1.89396450878e-05, 6.14249074715e-06, 4.54508290204e-06, 6.55679559713e-06, 5.63790763408e-07, 9.45008707731e-07, 2.22815378947e-06, 8.63493596626e-07, 1.34931462981e-06, 1.63262598107e-06, 1.39553276313e-06, 1.11192878194e-06, 8.34467527966e-07, 5.89988928823e-07, 6.09129756413e-07, 4.69558329996e-07, 3.72857783759e-07, 1.64248277201e-07, 3.86728146395e-07, 8.33365731978e-08, 5.69688350313e-12, 7.75681081866e-12],
        "stdev": [2.5897168598e-05, 0.000194512715098, 0.000907713314518, 0.00261921109632, 0.00548407947645, 0.00683352909982, 0.00580081017688, 0.00852343160659, 0.00279087712988, 0.00307350093499, 0.00286880019121, 0.00167171179783, 0.00124931987375, 0.00101942615584, 0.00109113077633, 0.000758882844821, 0.000923518440686, 0.000724505865946, 0.000767101533711, 0.000322686420986, 0.000357643584721, 0.000631610280834, 0.000182648000191, 6.98052463122e-05, 1.74501910806e-05, 1.02778450639e-07, 1.07691391804e-07]
    },
    "erbbands": {
        "max": [0.0213849078864, 0.688079118729, 6.03327178955, 40.0298156738, 125.31893158, 201.633331299, 161.458709717, 958.276489258, 738.421691895, 698.504943848, 1451.10302734, 730.228942871, 826.214782715, 981.379821777, 833.894775391, 660.779968262, 330.109558105, 254.547821045, 1023.81573486, 385.877471924, 487.47442627, 513.565429688, 360.933898926, 396.226013184, 348.235687256, 142.27381897, 180.600952148, 329.616546631, 453.03729248, 134.38041687, 121.740112305, 29.3954105377, 12.5634670258, 3.25215554237, 0.455294430256, 0.0159133262932, 0.00678083766252, 0.0023788055405, 0.000554781465326, 9.95837035589e-05],
        "mean": [0.00218203337863, 0.0407501757145, 0.494497478008, 3.65287876129, 15.1733665466, 14.3342056274, 11.9488983154, 39.4181861877, 50.1014785767, 52.7354888916, 85.4692840576, 37.696811676, 33.9958572388, 41.8437576294, 43.0956916809, 31.1115016937, 26.8963737488, 26.2114982605, 36.9207878113, 26.6005058289, 28.1041355133, 41.0643386841, 27.0148162842, 16.9276351929, 15.1318349838, 6.37867069244, 5.81928634644, 6.19726371765, 5.53763341904, 3.02282834053, 1.91076743603, 0.876211881638, 0.460039079189, 0.187754899263, 0.0367848724127, 0.000962821184658, 7.01239041518e-05, 1.36216194733e-05, 1.68597925949e-05, 3.27944107994e-05],
        "min": [6.90380111337e-05, 0.000524187227711, 0.00133293983527, 0.00594271766022, 0.0434722527862, 0.116324670613, 0.195086732507, 0.241312503815, 0.224792197347, 0.175438091159, 0.153489127755, 0.26809450984, 0.0746027901769, 0.0675053074956, 0.0382515862584, 0.0934005528688, 0.0515269376338, 0.0738981813192, 0.101391203701, 0.0992797613144, 0.0973862856627, 0.0677637755871, 0.0500876903534, 0.0368951298296, 0.0314271189272, 0.0292402356863, 0.0212723724544, 0.0163867548108, 0.0118812182918, 0.00655335793272, 0.00621521566063, 0.0107512241229, 0.00309212110005, 0.00131497671828, 0.000330984941684, 1.25906162793e-05, 1.34579477162e-06, 2.0120330646e-07, 6.02059742505e-07, 1.35453535677e-06],
        "stdev": [0.0022848288063, 0.0628137439489, 0.682086706161, 4.4452996254, 20.7746429443, 19.2302684784, 16.0049037933, 78.5875701904, 81.1172103882, 87.6865692139, 206.645584106, 61.0932121277, 65.9407653809, 104.522865295, 81.766708374, 57.1746406555, 44.2440109253, 37.5318222046, 79.612197876, 43.0901832581, 40.8139801025, 55.606048584, 42.3143806458, 34.1574172974, 39.8693695068, 13.8922042847, 12.5654315948, 19.5953807831, 26.07097435, 9.8660068512, 5.45907831192, 2.00095391273, 0.898463845253, 0.334656357765, 0.0593260340393, 0.00154504587408, 0.00020792336727, 6.85713384883e-05, 1.70396924659e-05, 1.49338720803e-05]
    },
    "gfcc": {
        "mean": [-28.730222702, 129.668823242, -165.210144043, 33.6654930115, -82.942024231, -1.50602209568, -50.1715354919, -9.78169822693, -11.591750145, -24.5449733734, -3.37264156342, -20.4738254547, 0.905783057213],
        "cov": [[1880.22387695, -639.120300293, -390.799163818, 196.637832642, -133.195755005, 256.09677124, 7.0533156395, 86.3689193726, -136.243896484, 119.952186584, 14.7345657349, 36.254234314, -70.8406295776], [-639.120300293, 676.713012695, 160.277587891, -240.556121826, 139.135574341, -200.244873047, -18.5941162109, -90.7477111816, 98.7372894287, -99.2235717773, 23.0001945496, -29.1340351105, 22.48371315], [-390.799163818, 160.277587891, 517.448913574, 186.598342896, -39.1411399841, 15.9602479935, -90.0498352051, -119.199478149, -73.2377548218, -6.6296339035, -41.7053642273, -15.6963825226, 48.1114959717], [196.637832642, -240.556121826, 186.598342896, 397.229919434, 4.73948955536, 89.016746521, -66.9655609131, -59.941318512, -90.2733383179, 64.1776199341, -37.8938674927, -9.20172119141, -2.90786314011], [-133.195755005, 139.135574341, -39.1411399841, 4.73948955536, 210.782119751, -58.865020752, -60.3685874939, -29.7895584106, 79.1953659058, -0.997922897339, -5.44731664658, -37.8522109985, -34.7880973816], [256.09677124, -200.244873047, 15.9602479935, 89.016746521, -58.865020752, 231.384887695, 39.5159873962, 35.5270423889, -92.6803436279, 24.782377243, -23.6581363678, -9.35432243347, 4.37020492554], [7.0533156395, -18.5941162109, -90.0498352051, -66.9655609131, -60.3685874939, 39.5159873962, 197.710754395, 87.0059509277, -53.5210647583, -54.057472229, -2.50389766693, 14.3351211548, 4.62775754929], [86.3689193726, -90.7477111816, -119.199478149, -59.941318512, -29.7895584106, 35.5270423889, 87.0059509277, 145.299789429, 25.3527565002, -10.8094053268, 8.2166633606, 9.78382778168, -25.0152339935], [-136.243896484, 98.7372894287, -73.2377548218, -90.2733383179, 79.1953659058, -92.6803436279, -53.5210647583, 25.3527565002, 224.635116577, 47.6839447021, -15.2297611237, -52.5469093323, -43.0779457092], [119.952186584, -99.2235717773, -6.6296339035, 64.1776199341, -0.997922897339, 24.782377243, -54.057472229, -10.8094053268, 47.6839447021, 110.693473816, 9.5999250412, -20.2433719635, -17.5438117981], [14.7345657349, 23.0001945496, -41.7053642273, -37.8938674927, -5.44731664658, -23.6581363678, -2.50389766693, 8.2166633606, -15.2297611237, 9.5999250412, 89.8700637817, 63.8920516968, 2.207000494], [36.254234314, -29.1340351105, -15.6963825226, -9.20172119141, -37.8522109985, -9.35432243347, 14.3351211548, 9.78382778168, -52.5469093323, -20.2433719635, 63.8920516968, 110.323860168, 37.4669570923], [-70.8406295776, 22.48371315, 48.1114959717, -2.90786314011, -34.7880973816, 4.37020492554, 4.62775754929, -25.0152339935, -43.0779457092, -17.5438117981, 2.207000494, 37.4669570923, 80.867225647]],
        "icov": [[0.0011971014319, -0.000397366791731, 0.00164919532835, -0.000865868409164, 0.00112092890777, -0.000830210687127, 0.00100971455686, -0.000131830980536, 0.000881683721673, -0.00081165303709, 0.00103991897777, -0.000899432343431, 0.00125728093553], [-0.000397366791731, 0.00780225591734, -0.00515226973221, 0.00500449677929, -0.00499364314601, 0.00239891512319, -0.00341790914536, 0.00377316144295, -0.00261988211423, 0.00447666691616, -0.00654403213412, 0.00472959689796, -0.00262429169379], [0.00164919532835, -0.00515226973221, 0.00828430335969, -0.00557000981644, 0.00562750501558, -0.00245595839806, 0.0042851571925, -0.000842378998641, 0.00225399481133, -0.00163451978005, 0.00469642132521, -0.00245503219776, 0.00165140733588], [-0.000865868409164, 0.00500449677929, -0.00557000981644, 0.00888667814434, -0.00539834843948, 0.00168444879819, -0.00208526221104, 0.00209930445999, 0.0013413844863, -0.0018866432365, 0.000323863729136, -1.24811031128e-05, 0.000141064359923], [0.00112092890777, -0.00499364314601, 0.00562750501558, -0.00539834843948, 0.0113476244733, -0.00195690360852, 0.0043394449167, -0.00046217199997, -0.000731991196517, 0.000998223316856, 0.00182053947356, -0.000521019799635, 0.00344257848337], [-0.000830210687127, 0.00239891512319, -0.00245595839806, 0.00168444879819, -0.00195690360852, 0.00863090436906, -0.00155140901916, -0.00214134738781, 0.00321945804171, -0.00218732957728, 0.000288338866085, 0.00271945283748, -0.00178176222835], [0.00100971455686, -0.00341790914536, 0.0042851571925, -0.00208526221104, 0.0043394449167, -0.00155140901916, 0.0118981217965, -0.00657256413251, 0.00419689062983, 0.000743394135498, 0.00383402081206, -0.000878849765286, 0.00114649441093], [-0.000131830980536, 0.00377316144295, -0.000842378998641, 0.00209930445999, -0.00046217199997, -0.00214134738781, -0.00657256413251, 0.0159687418491, -0.00605666264892, 0.00434045214206, -0.00378816062585, -0.000638956436887, 0.00275954487734], [0.000881683721673, -0.00261988211423, 0.00225399481133, 0.0013413844863, -0.000731991196517, 0.00321945804171, 0.00419689062983, -0.00605666264892, 0.0134925767779, -0.00948375277221, 0.00792221073061, -0.00153403251898, 0.00322996661998], [-0.00081165303709, 0.00447666691616, -0.00163451978005, -0.0018866432365, 0.000998223316856, -0.00218732957728, 0.000743394135498, 0.00434045214206, -0.00948375277221, 0.0228290036321, -0.0145593797788, 0.0100472532213, -0.00356033956632], [0.00103991897777, -0.00654403213412, 0.00469642132521, 0.000323863729136, 0.00182053947356, 0.000288338866085, 0.00383402081206, -0.00378816062585, 0.00792221073061, -0.0145593797788, 0.0349772423506, -0.0235556960106, 0.0103450054303], [-0.000899432343431, 0.00472959689796, -0.00245503219776, -1.24811031128e-05, -0.000521019799635, 0.00271945283748, -0.000878849765286, -0.000638956436887, -0.00153403251898, 0.0100472532213, -0.0235556960106, 0.0296078547835, -0.0128735378385], [0.00125728093553, -0.00262429169379, 0.00165140733588, 0.000141064359923, 0.00344257848337, -0.00178176222835, 0.00114649441093, 0.00275954487734, 0.00322996661998, -0.00356033956632, 0.0103450054303, -0.0128735378385, 0.0222151875496]]
    },
    "melbands": {
        "max": [0.000343919033185, 0.00222439179197, 0.00788267701864, 0.0102503048256, 0.00426536984742, 0.0186131969094, 0.0102781131864, 0.00727048469707, 0.0102990679443, 0.00390821741894, 0.00458932900801, 0.00410951813683, 0.00325391674414, 0.00251249200664, 0.00136168976314, 0.00120111007709, 0.000490396341775, 0.00171282549854, 0.000990419881418, 0.000435180380009, 0.000618318736088, 0.000526780728251, 0.000283497007331, 0.000275680213235, 0.000372612499632, 0.00039266658132, 0.00011287687812, 0.000100848366856, 9.63505735854e-05, 0.000124723723275, 0.000246384530328, 0.000330707494868, 0.000108997381176, 6.68396023684e-05, 8.86415000423e-05, 2.6508118026e-05, 1.78438822331e-05, 1.07028272396e-05, 4.71707062388e-06, 3.04020500153e-06],
        "mean": [2.74855301541e-05, 0.000214601968764, 0.000982939847745, 0.00114927836694, 0.000437892595073, 0.00085867481539, 0.000758545706049, 0.000634817348327, 0.000620829872787, 0.000222810180276, 0.000171101433807, 0.000169226070284, 0.000152522596181, 0.000108805361378, 6.50909278193e-05, 6.45291002002e-05, 4.35474357801e-05, 6.48462446406e-05, 3.75156159862e-05, 3.18384409184e-05, 3.24384272972e-05, 4.33370696555e-05, 2.80953063339e-05, 2.08805358852e-05, 1.26026288854e-05, 1.31608576339e-05, 6.03607031735e-06, 4.11564224123e-06, 4.0290024117e-06, 3.46258048012e-06, 3.40081783179e-06, 3.38972427016e-06, 2.26990368901e-06, 1.35067728024e-06, 1.17807644529e-06, 7.86227474237e-07, 4.29056342455e-07, 3.69484865814e-07, 1.92777392272e-07, 1.49572670693e-07],
        "min": [7.3726073424e-07, 7.40520363252e-07, 1.06916434106e-06, 7.29818384571e-06, 4.59672401121e-06, 3.69548388335e-06, 1.63535810316e-06, 1.6841543129e-06, 1.39724784276e-06, 8.87508804226e-07, 3.17518697557e-07, 2.4589994041e-07, 1.767775899e-07, 1.62183525276e-07, 1.53319930973e-07, 8.41302210119e-08, 1.40977462593e-07, 8.38877696197e-08, 1.34457010859e-07, 1.11734664188e-07, 1.11899815636e-07, 5.10465589798e-08, 6.79990108665e-08, 3.22898934257e-08, 2.5558126282e-08, 2.22000497985e-08, 2.40389148587e-08, 1.54895207771e-08, 1.35786946132e-08, 1.08200390869e-08, 8.84488393638e-09, 7.55230367133e-09, 4.75490535834e-09, 2.32627939134e-09, 2.07891215354e-09, 4.41384173655e-09, 5.84391157687e-09, 1.89819493457e-09, 1.03353980929e-09, 1.08286191125e-09],
        "stdev": [3.41254853993e-05, 0.000284949317575, 0.00118811731227, 0.00138595234603, 0.00053966086125, 0.00159226905089, 0.00117818941362, 0.00103527132887, 0.00143496110104, 0.0003706823627, 0.000351078808308, 0.000447361700935, 0.000340837606927, 0.000235000668908, 0.000135709196911, 0.000129206659039, 6.53120077914e-05, 0.000151721353177, 6.71586094541e-05, 5.4480318795e-05, 5.37612650078e-05, 6.28172638244e-05, 3.51932976628e-05, 3.69623448933e-05, 2.85878595605e-05, 3.69672270608e-05, 1.22190913316e-05, 1.03901465991e-05, 9.58455439104e-06, 8.27089024824e-06, 1.26430204546e-05, 1.76303910848e-05, 8.8592796601e-06, 4.1774633246e-06, 3.65988307749e-06, 1.85993019386e-06, 1.04631055819e-06, 7.13292877208e-07, 3.96238306166e-07, 2.56936942833e-07]
    },
    "melbands128": {
        "max": [0.000128510189825, 0.000130256215925, 0.000434716697782, 0.0013471073471, 0.00281770480797, 0.00423425901681, 0.00764250522479, 0.0125590264797, 0.0173973627388, 0.0186851229519, 0.0155695900321, 0.00530169717968, 0.00669774971902, 0.0117339715362, 0.0341420508921, 0.0200818441808, 0.0154101382941, 0.0190654955804, 0.0179201569408, 0.0137875629589, 0.0136318402365, 0.0197462998331, 0.0139856915921, 0.0123381102458, 0.00787820667028, 0.0052139069885, 0.00606217281893, 0.00519210891798, 0.0118142403662, 0.0089791752398, 0.00629816530272, 0.00918041169643, 0.00658914446831, 0.00402590446174, 0.00415517389774, 0.00523356394842, 0.00172868301161, 0.0024636501912, 0.00241070613265, 0.000737886526622, 0.00263557583094, 0.00123409961816, 0.00114833831321, 0.000860589498188, 0.00166899920441, 0.00367195601575, 0.00376640679315, 0.00219292449765, 0.0013424155768, 0.0010356589919, 0.000797241227701, 0.000706779945176, 0.00140223093331, 0.00118596921675, 0.00120864761993, 0.00114104605746, 0.00127566268202, 0.00041214725934, 0.000631403760053, 0.000886494293809, 0.000269556534477, 0.000405737548135, 0.00036336175981, 0.000642029161099, 0.000462253170554, 0.000857509265188, 0.000618335383479, 0.000121416713228, 0.000110117485747, 0.000152622815222, 0.000113212263386, 0.000280118867522, 0.000213209670619, 0.000112067566079, 0.000159248782438, 0.000147976898006, 0.000194582855329, 0.000217779743252, 0.000276906241197, 0.000438841700088, 0.00050263380399, 0.000459716888145, 0.000208927100175, 0.000141163909575, 0.000107128325908, 6.40613216092e-05, 6.30597933196e-05, 0.000107247753476, 0.000108235479274, 6.0912771005e-05, 4.21619151894e-05, 1.88820104086e-05, 2.20389883907e-05, 2.59155949607e-05, 1.9517599867e-05, 1.09137163236e-05, 1.02764915937e-05, 1.02579097074e-05, 6.63999435346e-06, 3.58101783604e-06, 4.37389098806e-06, 4.32461229138e-06, 2.05026594813e-06, 1.80862173238e-06, 2.3346869682e-07, 2.87840737911e-08, 2.72525095824e-08, 2.6396321573e-08, 2.5183723551e-08, 2.40601085721e-08, 2.3022268536e-08, 2.20562004216e-08, 2.11954258589e-08, 2.0397612488e-08, 1.96352232251e-08, 1.8963293158e-08, 1.83527273379e-08, 1.77892829356e-08, 1.72748109151e-08, 1.68151448321e-08, 1.6392903035e-08, 1.60356776746e-08, 1.57109649734e-08, 1.54196371227e-08, 1.51945247495e-08, 1.50191752368e-08, 1.48778420694e-08, 1.47975107723e-08],
        "mean": [1.24817070173e-05, 1.28068923004e-05, 2.72141278401e-05, 6.69591754558e-05, 0.000140737480251, 0.00035369899706, 0.000604500586633, 0.0010727980407, 0.00175250670873, 0.00132503919303, 0.000680659373756, 0.00045569811482, 0.000331489165546, 0.000422754732426, 0.00089215656044, 0.00112092436757, 0.000925416883547, 0.000637835822999, 0.000628988374956, 0.000531010096893, 0.000564166111872, 0.0011276549194, 0.000552536512259, 0.000305798574118, 0.000177468973561, 0.000231187339523, 0.000206072232686, 0.000125849313918, 0.00018428300973, 0.000177245208761, 0.000139131021569, 0.000214459112613, 0.000142608841998, 0.000120630102174, 0.000143137192936, 0.000109599102871, 3.97697294829e-05, 9.16130084079e-05, 5.59710788366e-05, 3.26356712321e-05, 9.78388634394e-05, 5.70221855014e-05, 4.01660945499e-05, 2.39116070588e-05, 7.41128169466e-05, 8.89976872713e-05, 3.19135579048e-05, 3.78691438527e-05, 3.70717752958e-05, 3.58586912625e-05, 3.11895200866e-05, 2.81099273707e-05, 3.58320794476e-05, 3.2815427403e-05, 2.61883178609e-05, 4.85166492581e-05, 6.0409620346e-05, 2.22498674702e-05, 1.77964375325e-05, 3.34226097038e-05, 1.79603084689e-05, 1.7265749193e-05, 1.41001537486e-05, 1.09206221168e-05, 1.05533872556e-05, 1.3109853171e-05, 1.80862225534e-05, 5.05748403157e-06, 5.27625570612e-06, 2.78054676528e-06, 2.39815972236e-06, 6.09125299889e-06, 6.31673174212e-06, 2.69447400569e-06, 2.88767068923e-06, 2.72243801192e-06, 4.0970489863e-06, 4.65263383376e-06, 2.81078109765e-06, 2.81531038127e-06, 3.48057619703e-06, 3.93788741349e-06, 2.50104471888e-06, 2.07616972148e-06, 2.07837456401e-06, 1.66466395513e-06, 9.86658733382e-07, 9.51790582349e-07, 1.46178354044e-06, 1.06979916836e-06, 8.18778516987e-07, 8.32504838399e-07, 5.45862576473e-07, 3.28937062477e-07, 4.0806125412e-07, 4.48112018603e-07, 3.58058002803e-07, 2.73961489938e-07, 1.8340006136e-07, 1.44419786352e-07, 1.84674277648e-07, 1.31233562684e-07, 1.44185065665e-07, 9.65579616263e-08, 9.45098577176e-09, 6.00452326749e-11, 3.71945425848e-11, 3.38709546521e-11, 3.22005165587e-11, 3.08053964282e-11, 2.95155670738e-11, 2.832312683e-11, 2.72390547618e-11, 2.62392954586e-11, 2.52924209354e-11, 2.44466252797e-11, 2.36687544564e-11, 2.29521228412e-11, 2.23051351694e-11, 2.17177369838e-11, 2.11839851216e-11, 2.07205589492e-11, 2.0311382784e-11, 1.99441383547e-11, 1.96440676226e-11, 1.93947843896e-11, 1.92085878453e-11, 1.91032554359e-11],
        "min": [1.86612396647e-08, 2.485676589e-07, 2.25978908475e-07, 2.11204636003e-07, 2.2805762967e-07, 1.645383918e-07, 6.84004817231e-08, 3.52615217025e-07, 6.85860072736e-07, 1.21323000712e-06, 8.06966369282e-08, 7.112031426e-07, 9.29263819671e-07, 8.32279113183e-07, 3.53498705863e-07, 4.34038980757e-07, 4.41722988853e-07, 1.82020343686e-07, 2.84832452735e-07, 2.18550354703e-07, 6.96755535046e-07, 5.0304350907e-07, 5.06328319716e-07, 1.51698742457e-07, 2.24035488827e-07, 1.72573862756e-07, 1.66074983099e-07, 9.80957182151e-08, 1.02679251768e-08, 2.32671091283e-08, 1.13240275823e-07, 7.79613174018e-08, 7.97798662688e-08, 2.57358490074e-08, 2.87191461723e-08, 9.83824932632e-08, 5.09431750118e-08, 1.05275312023e-07, 4.18243963907e-08, 2.74817804069e-08, 5.18878060518e-08, 9.1736211516e-08, 2.88219084155e-08, 5.13633438004e-08, 4.17577226131e-08, 4.40838228144e-08, 4.17904466588e-08, 1.02452446527e-07, 1.48621140283e-07, 2.18213873637e-08, 2.7812152581e-08, 1.55290198478e-08, 1.61628648243e-07, 1.24225067566e-07, 1.62352904454e-08, 1.94871638826e-08, 5.08847257663e-08, 6.60889440951e-08, 3.27761320307e-08, 1.48923415821e-08, 2.39678712433e-08, 1.99610923346e-08, 2.58399399655e-08, 1.26606884976e-08, 1.71944876115e-08, 1.18283525197e-08, 1.64640212574e-08, 1.87692332787e-08, 1.77433605586e-08, 1.02569108762e-08, 9.93255788728e-09, 1.21906467143e-08, 7.88226905968e-09, 6.5906040625e-09, 1.38020448404e-08, 3.49509154951e-09, 8.63312088484e-09, 3.91494037189e-09, 4.9609547581e-09, 8.67826521755e-09, 4.3232697422e-09, 3.62383234531e-09, 4.04583611058e-09, 2.70355537957e-09, 2.91159607535e-09, 2.33331953758e-09, 1.84729487263e-09, 1.09098796663e-09, 1.10075970561e-09, 2.03283700984e-09, 1.87304571853e-09, 2.1013111251e-09, 7.4907591241e-09, 6.44489350776e-09, 1.23371468597e-09, 1.50746526373e-09, 1.43062950375e-09, 1.37714228909e-09, 1.03984376665e-09, 5.28602162042e-10, 6.31579344379e-10, 7.85187914687e-10, 7.3062833561e-10, 5.26848786819e-10, 2.42686513247e-11, 2.03708631994e-13, 2.17539575492e-14, 2.65709627694e-14, 2.72914811816e-14, 2.32262481952e-14, 2.48541811454e-14, 2.59424406057e-14, 2.42852579138e-14, 2.0801109858e-14, 2.42831657424e-14, 2.61170395071e-14, 2.36965158054e-14, 3.01103475378e-14, 2.85122064305e-14, 2.95400267019e-14, 2.2621776685e-14, 2.62337115193e-14, 2.78472025577e-14, 2.26284682452e-14, 2.03294022919e-14, 5.73959689455e-15, 1.12128665134e-15, 3.56131727038e-17],
        "stdev": [1.1419090697e-05, 1.38460563903e-05, 3.95893439418e-05, 0.000124579673866, 0.000277652958175, 0.000562553352211, 0.00089860294247, 0.00171293714084, 0.00274110259488, 0.00214501121081, 0.00127357442398, 0.000750378996599, 0.000604102329817, 0.00102084397804, 0.0024284531828, 0.00239097001031, 0.001881557866, 0.00156513985712, 0.00169595307671, 0.00134123198222, 0.00126905716024, 0.00327917048708, 0.00158291053958, 0.000904241984244, 0.000502957729623, 0.000499152985867, 0.000489348021802, 0.000435471331002, 0.000682549492922, 0.000760215334594, 0.000480262970086, 0.000769317324739, 0.000497645232826, 0.000325579603668, 0.000361009588232, 0.000379905221052, 0.000114068287075, 0.000213914114283, 0.000179058784852, 7.27028091205e-05, 0.000259976717643, 0.0001152568002, 9.40142053878e-05, 6.44749597996e-05, 0.000182802410563, 0.000281201384496, 0.000138514922583, 9.83775753411e-05, 8.7187581812e-05, 9.60470570135e-05, 7.16941503924e-05, 5.92381802562e-05, 7.80975024099e-05, 7.30359897716e-05, 7.91584243416e-05, 8.89748698683e-05, 0.000109430853627, 3.82088946935e-05, 3.71313253709e-05, 8.18299740786e-05, 3.38459321938e-05, 4.01003162551e-05, 3.44227009919e-05, 3.36274461006e-05, 2.76025402854e-05, 4.76455570606e-05, 6.55360636301e-05, 1.09046413854e-05, 9.9441203929e-06, 7.22623826732e-06, 6.20246328253e-06, 2.17596643779e-05, 2.23539664148e-05, 6.08073742114e-06, 7.35555613574e-06, 7.4676913755e-06, 1.12450452434e-05, 1.28446072267e-05, 1.25271408251e-05, 1.66370991792e-05, 2.12121813092e-05, 2.03008330573e-05, 1.15618095151e-05, 8.83492521098e-06, 7.35825096854e-06, 5.22948630532e-06, 3.04304285237e-06, 4.1796770347e-06, 4.54098062619e-06, 3.04492709802e-06, 2.37731546804e-06, 1.7447407572e-06, 1.36557798669e-06, 1.09910695301e-06, 1.06052675619e-06, 9.04860712581e-07, 6.78652668284e-07, 6.12783026099e-07, 4.20668015977e-07, 3.15631382364e-07, 4.0513765498e-07, 2.36376976659e-07, 2.5910165391e-07, 1.65574604694e-07, 1.91121749538e-08, 8.15294110001e-10, 7.71418706691e-10, 7.46092188031e-10, 7.12165992844e-10, 6.80724476787e-10, 6.51648013328e-10, 6.24619078682e-10, 6.00396454775e-10, 5.77976888572e-10, 5.56594714762e-10, 5.3765952801e-10, 5.2044679677e-10, 5.04537800428e-10, 4.90045004575e-10, 4.7706855133e-10, 4.65175703512e-10, 4.55048582149e-10, 4.45895403933e-10, 4.37695713007e-10, 4.31309321591e-10, 4.2632750108e-10, 4.22357648855e-10, 4.20078888341e-10]
    },
    "mfcc": {
        "mean": [-645.352783203, 134.703353882, -18.4418487549, 14.9652757645, -6.80107975006, -7.99019050598, -20.4316635132, -1.66143894196, -9.74103069305, -9.06298160553, -7.2092499733, -2.08452105522, -8.2120256424],
        "cov": [[2302.30175781, -886.465026855, -275.46270752, -95.5562057495, -120.343635559, 99.2362594604, 164.515335083, 36.5735626221, -39.0438270569, 50.0452003479, 61.3122024536, 9.96137428284, 79.7275085449], [-886.465026855, 939.036315918, -68.0932388306, -73.5618286133, 57.4940223694, -139.987060547, -139.273132324, -3.0415802002, -3.5488524437, -71.006362915, -26.2902011871, 53.3947257996, -31.3137893677], [-275.46270752, -68.0932388306, 547.861633301, 112.859901428, -4.57843065262, 106.350288391, 49.2875823975, -74.3519897461, -14.8542814255, -40.1355247498, -124.890525818, -45.0691642761, 39.9160423279], [-95.5562057495, -73.5618286133, 112.859901428, 257.725952148, 90.4021606445, 54.865436554, -26.7482414246, -66.3310012817, -13.6102705002, -27.6231269836, -16.9025669098, -6.50813817978, -3.57141280174], [-120.343635559, 57.4940223694, -4.57843065262, 90.4021606445, 273.082977295, 65.3072128296, -126.743537903, -88.3551635742, -13.7768726349, 23.8232765198, 33.7563438416, 6.57189893723, -4.7906794548], [99.2362594604, -139.987060547, 106.350288391, 54.865436554, 65.3072128296, 156.613418579, 28.7092857361, -63.9893074036, 0.667549490929, 23.8566665649, -23.6752929688, -34.8672637939, 4.54193973541], [164.515335083, -139.273132324, 49.2875823975, -26.7482414246, -126.743537903, 28.7092857361, 237.804824829, 92.5991439819, -19.541425705, -21.56690979, -47.5113716125, -48.3001403809, -4.80045890808], [36.5735626221, -3.0415802002, -74.3519897461, -66.3310012817, -88.3551635742, -63.9893074036, 92.5991439819, 167.741088867, 18.506772995, -16.3078842163, 14.8464422226, -13.6468524933, -8.26554489136], [-39.0438270569, -3.5488524437, -14.8542814255, -13.6102705002, -13.7768726349, 0.667549490929, -19.541425705, 18.506772995, 99.1005706787, 55.1235771179, 14.3415489197, 1.89438819885, -31.316986084], [50.0452003479, -71.006362915, -40.1355247498, -27.6231269836, 23.8232765198, 23.8566665649, -21.56690979, -16.3078842163, 55.1235771179, 126.274284363, 66.4030990601, -5.7448592186, -40.9273452759], [61.3122024536, -26.2902011871, -124.890525818, -16.9025669098, 33.7563438416, -23.6752929688, -47.5113716125, 14.8464422226, 14.3415489197, 66.4030990601, 149.046386719, 43.2313537598, -37.2206764221], [9.96137428284, 53.3947257996, -45.0691642761, -6.50813817978, 6.57189893723, -34.8672637939, -48.3001403809, -13.6468524933, 1.89438819885, -5.7448592186, 43.2313537598, 104.68196106, 22.3071575165], [79.7275085449, -31.3137893677, 39.9160423279, -3.57141280174, -4.7906794548, 4.54193973541, -4.80045890808, -8.26554489136, -31.316986084, -40.9273452759, -37.2206764221, 22.3071575165, 107.119316101]],
        "icov": [[0.000910571310669, 0.000861667736899, 0.000653063878417, 0.00038088063593, 0.000182472678716, -0.000422347191488, -0.000179045746336, 0.000208813740755, 0.000299865350826, 0.000125559832668, 0.000123232603073, -0.000401487370254, -0.000360266392818], [0.000861667736899, 0.00245128828101, 0.000485349766677, 0.00112252263352, -0.000595516292378, 0.000913679483347, 0.000466870522359, 0.000261959357886, 0.000141696116771, 0.00115319050383, 0.00102583947591, -0.00102990015876, 0.000960526813287], [0.000653063878417, 0.000485349766677, 0.00324709666893, -0.000715674483217, 0.000751510262489, -0.00161338481121, -0.000304866640363, 0.000724788813386, 0.000177288544364, -0.000181900992175, 0.00177084549796, -0.000160417243023, -0.000802683294751], [0.00038088063593, 0.00112252263352, -0.000715674483217, 0.00601885421202, -0.00197739480063, 0.000154025314259, -0.000558096333407, 0.0019350600196, -0.00125894788653, 0.0034698350355, -0.000883976579644, -5.04823910887e-05, 0.00120237551164], [0.000182472678716, -0.000595516292378, 0.000751510262489, -0.00197739480063, 0.00759675726295, -0.00455660605803, 0.00419967062771, -0.000968635838944, 0.0029459844809, -0.00161429308355, -0.000445730896899, 0.000344186148141, 8.50022843224e-06], [-0.000422347191488, 0.000913679483347, -0.00161338481121, 0.000154025314259, -0.00455660605803, 0.0145166190341, -0.0052568721585, 0.00612770719454, -0.00358573207632, -0.000122867510072, -0.000787120952737, 0.00306550855748, -0.00140141707379], [-0.000179045746336, 0.000466870522359, -0.000304866640363, -0.000558096333407, 0.00419967062771, -0.0052568721585, 0.0113364802673, -0.00743949227035, 0.00571344140917, -0.00224684923887, 0.00374709302559, -0.000540658831596, 0.00293593038805], [0.000208813740755, 0.000261959357886, 0.000724788813386, 0.0019350600196, -0.000968635838944, 0.00612770719454, -0.00743949227035, 0.0150823518634, -0.00740409968421, 0.00606194138527, -0.00574913620949, 0.00428715348244, -0.00249611516483], [0.000299865350826, 0.000141696116771, 0.000177288544364, -0.00125894788653, 0.0029459844809, -0.00358573207632, 0.00571344140917, -0.00740409968421, 0.0196204558015, -0.01091104839, 0.00660791993141, -0.00444596447051, 0.00446796836331], [0.000125559832668, 0.00115319050383, -0.000181900992175, 0.0034698350355, -0.00161429308355, -0.000122867510072, -0.00224684923887, 0.00606194138527, -0.01091104839, 0.0202876459807, -0.00958538707346, 0.00439857318997, 0.00104202574585], [0.000123232603073, 0.00102583947591, 0.00177084549796, -0.000883976579644, -0.000445730896899, -0.000787120952737, 0.00374709302559, -0.00574913620949, 0.00660791993141, -0.00958538707346, 0.0171835720539, -0.00792101770639, 0.00514639820904], [-0.000401487370254, -0.00102990015876, -0.000160417243023, -5.04823910887e-05, 0.000344186148141, 0.00306550855748, -0.000540658831596, 0.00428715348244, -0.00444596447051, 0.00439857318997, -0.00792101770639, 0.0161136053503, -0.00547929573804], [-0.000360266392818, 0.000960526813287, -0.000802683294751, 0.00120237551164, 8.50022843224e-06, -0.00140141707379, 0.00293593038805, -0.00249611516483, 0.00446796836331, 0.00104202574585, 0.00514639820904, -0.00547929573804, 0.0148558970541]]
    },
    "spectral_contrast_coeffs": {
        "max": [-0.383971333504, -0.405840456486, -0.519741773605, -0.573312878609, -0.510655283928, -0.563925325871],
        "mean": [-0.608994603157, -0.676784813404, -0.728860974312, -0.762398898602, -0.759795427322, -0.749702990055],
        "min": [-0.950038075447, -0.909777104855, -0.897428810596, -0.896641850471, -0.883119106293, -0.906059443951],
        "stdev": [0.0752838328481, 0.0919532179832, 0.0671590045094, 0.0567477978766, 0.0549290850759, 0.0355181656778]
    },
    "spectral_contrast_valleys": {
        "max": [-5.7961473465, -5.21331644058, -5.135222435, -5.9699139595, -5.5950756073, -8.53863811493],
        "mean": [-7.34405136108, -6.61187267303, -7.40866374969, -7.60101318359, -7.72369194031, -10.63667202],
        "min": [-9.39149188995, -8.31322383881, -9.71283435822, -9.63601112366, -9.69320583344, -12.4098243713],
        "stdev": [0.571543574333, 0.52136951685, 0.627491831779, 0.545106947422, 0.592988073826, 0.715071022511]
    }
},
"rhythm": {
    "beats_count": 49,
    "beats_loudness": {
        "max": 0.0576012507081,
        "mean": 0.030490398407,
        "min": 0.00453350553289,
        "stdev": 0.0102316914126
    },
    "bpm": 90.9599380493,
    "bpm_histogram_first_peak_bpm": 92,
    "bpm_histogram_first_peak_weight": 0.424242436886,
    "bpm_histogram_second_peak_bpm": 83,
    "bpm_histogram_second_peak_spread": 0.375,
    "bpm_histogram_second_peak_weight": 0.104166664183,
    "danceability": 1.18754553795,
    "onset_rate": 2.76855444908,
    "beats_loudness_band_ratio": {
        "max": [0.878380179405, 0.787534058094, 0.764406383038, 0.758868515491, 0.660720825195, 0.677058756351],
        "mean": [0.181743502617, 0.285050153732, 0.331714242697, 0.142065227032, 0.105623275042, 0.0526028573513],
        "min": [0.00235478067771, 0.00552749074996, 0.00720497919247, 0.000966566905845, 0.00179651286453, 0.000459086528281],
        "stdev": [0.205216825008, 0.207722216845, 0.221570566297, 0.169810667634, 0.114862836897, 0.117471255362]
    },
    "beats_position": [0.719818592072, 1.43963718414, 2.15945577621, 2.87927436829, 3.59909296036, 4.31891155243, 5.01551008224, 5.71210861206, 6.38548755646, 7.05886602402, 7.72063493729, 8.38240337372, 9.03256225586, 9.67111110687, 10.321269989, 10.9714279175, 11.6099767685, 12.2601356506, 12.9219045639, 13.5604534149, 14.2222223282, 14.8839902878, 15.5341491699, 16.1959171295, 16.8576869965, 17.5078449249, 18.181224823, 18.8546028137, 19.5047607422, 20.154920578, 20.8166885376, 21.4784584045, 22.128616333, 22.7787742615, 23.4521541595, 24.1255321503, 24.8221302032, 25.4606800079, 26.0992279053, 26.7261676788, 27.353105545, 27.9800453186, 28.5141029358, 29.0365524292, 29.5590019226, 30.0930614471, 30.6387290955, 31.1843986511, 31.7184581757],
