{
"metadata": {
    "version": {
        "essentia": "2.1-beta5",
        "essentia_git_sha": "Undefined",
        "extractor": "music 2.0"
    },
    "audio_properties": {
        "analysis": {
            "equal_loudness": 0,
            "length": 12.7477550507,
            "sample_rate": 44100,
            "start_time": 0,
            "downmix": "mix"
        },
        "bit_rate": 192000,
        "length": 134.687347412,
        "lossless": 0,
        "number_channels": 2,
        "replay_gain": -13.5914344788,
        "sample_rate": 48000,
        "codec": "mp3",
        "md5_encoded": "309f8de080d89d4841a3bbb4611b4d01"
    },
    "tags": {
        "file_name": "Monaco_Boum-badaboum_Minouche Barelli.mp3",
        "encoding": ["Lavf58.29.100"]
    }
},
"lowlevel": {
    "average_loudness": 0.876372277737,
    "barkbands_crest": {
        "max": 24.069814682,
        "mean": 11.0289163589,
        "min": 2.67069602013,
        "stdev": 4.10345983505
    },
    "barkbands_flatness_db": {
        "max": 0.301519572735,
        "mean": 0.176754832268,
        "min": 0.0828816369176,
        "stdev": 0.041552003473
    },
    "barkbands_kurtosis": {
        "max": 49.5849838257,
        "mean": 5.43583679199,
        "min": -1.87433874607,
        "stdev": 7.64314508438
    },
    "barkbands_skewness": {
        "max": 5.82364463806,
        "mean": 1.56219923496,
        "min": -3.58614802361,
        "stdev": 1.45213246346
    },
    "barkbands_spread": {
        "max": 93.9307403564,
        "mean": 19.1646385193,
        "min": 1.8825044632,
        "stdev": 12.4254131317
    },
    "dissonance": {
        "max": 0.499990016222,
        "mean": 0.469847679138,
        "min": 0.366717755795,
        "stdev": 0.023277329281
    },
    "dynamic_complexity": 8.81644058228,
    "erbbands_crest": {
        "max": 29.4607009888,
        "mean": 9.53577136993,
        "min": 2.06850481033,
        "stdev": 5.63364267349
    },
    "erbbands_flatness_db": {
        "max": 0.340002328157,
        "mean": 0.193329229951,
        "min": 0.0907033532858,
        "stdev": 0.0538703277707
    },
    "erbbands_kurtosis": {
        "max": 31.9228363037,
        "mean": 0.994032084942,
        "min": -1.58537149429,
        "stdev": 3.97746181488
    },
    "erbbands_skewness": {
        "max": 3.12794208527,
        "mean": 0.348981171846,
        "min": -4.50145053864,
        "stdev": 0.945081591606
    },
    "erbbands_spread": {
        "max": 106.387420654,
        "mean": 39.1422538757,
        "min": 4.82776546478,
        "stdev": 22.7274990082
    },
    "hfc": {
        "max": 120.655715942,
        "mean": 18.9840297699,
        "min": 5.13695304107e-05,
        "stdev": 20.5210113525
    },
    "loudness_ebu128": {
        "integrated": -10.0274391174,
        "loudness_range": 7.31832313538,
        "momentary": {
            "max": -6.87800788879,
            "mean": -16.0208091736,
            "min": -42.4824371338,
            "stdev": 10.833524704
        },
        "short_term": {
            "max": -8.60417175293,
            "mean": -11.6411314011,
            "min": -18.9653816223,
            "stdev": 2.99649906158
        }
    },
    "melbands_crest": {
        "max": 29.1372337341,
        "mean": 15.5585794449,
        "min": 4.2276802063,
        "stdev": 5.79502344131
    },
    "melbands_flatness_db": {
        "max": 0.367221713066,
        "mean": 0.192304894328,
        "min": 0.063893020153,
        "stdev": 0.0616202056408
    },
    "melbands_kurtosis": {
        "max": 97.8883590698,
        "mean": 14.899939537,
        "min": -1.89923608303,
        "stdev": 17.0684108734
    },
    "melbands_skewness": {
        "max": 7.83667373657,
        "mean": 2.60997080803,
        "min": -1.18006765842,
        "stdev": 1.90922677517
    },
    "melbands_spread": {
        "max": 269.47756958,
        "mean": 26.0652656555,
        "min": 1.9310516119,
        "stdev": 33.7526016235
    },
    "pitch_salience": {
        "max": 0.819108247757,
        "mean": 0.554957568645,
        "min": 0.206734582782,
        "stdev": 0.11778613925
    },
    "silence_rate_20dB": {
        "max": 1,
        "mean": 1,
        "min": 1,
        "stdev": 0
    },
    "silence_rate_30dB": {
        "max": 1,
        "mean": 1,
        "min": 1,
        "stdev": 0
    },
    "silence_rate_60dB": {
        "max": 1,
        "mean": 0.29636362195,
        "min": 0,
        "stdev": 0.456651896238
    },
    "spectral_centroid": {
        "max": 5575.01904297,
        "mean": 1468.70617676,
        "min": 234.792160034,
        "stdev": 863.770812988
    },
    "spectral_complexity": {
        "max": 47,
        "mean": 14.7927274704,
        "min": 0,
        "stdev": 11.7991037369
    },
    "spectral_decrease": {
        "max": -2.58574171325e-14,
        "mean": -4.90015494847e-09,
        "min": -2.61458055206e-08,
        "stdev": 4.50559056731e-09
    },
    "spectral_energy": {
        "max": 0.100504778326,
        "mean": 0.020216230303,
        "min": 1.02251313194e-07,
        "stdev": 0.0184383932501
    },
    "spectral_energyband_high": {
        "max": 0.00489897048101,
        "mean": 0.000572878983803,
        "min": 3.99371291593e-09,
        "stdev": 0.000799258064944
    },
    "spectral_energyband_low": {
        "max": 0.0659239068627,
        "mean": 0.00296849803999,
        "min": 5.09227575662e-08,
        "stdev": 0.00590025633574
    },
    "spectral_energyband_middle_high": {
        "max": 0.0545771084726,
        "mean": 0.00686384178698,
        "min": 5.90969495562e-09,
        "stdev": 0.010957476683
    },
    "spectral_energyband_middle_low": {
        "max": 0.0739393383265,
        "mean": 0.0116602638736,
        "min": 3.59499701119e-08,
        "stdev": 0.0127636408433
    },
    "spectral_entropy": {
        "max": 8.52949523926,
        "mean": 7.54794216156,
        "min": 6.43249940872,
        "stdev": 0.419109851122
    },
    "spectral_flux": {
        "max": 0.231492131948,
        "mean": 0.0703536421061,
        "min": 0.00031976759783,
        "stdev": 0.0534693188965
    },
    "spectral_kurtosis": {
        "max": 14.6358680725,
        "mean": 3.20268559456,
        "min": -0.928294181824,
        "stdev": 2.411247015
    },
    "spectral_rms": {
        "max": 0.00990219321102,
        "mean": 0.00368811003864,
        "min": 9.98786163109e-06,
        "stdev": 0.00247406493872
    },
    "spectral_rolloff": {
        "max": 9797.60742188,
        "mean": 1468.95617676,
        "min": 172.265625,
        "stdev": 1431.01965332
    },
    "spectral_skewness": {
        "max": 2.84585142136,
        "mean": 1.24008131027,
        "min": -0.20483635366,
        "stdev": 0.463285118341
    },
    "spectral_spread": {
        "max": 13346721,
        "mean": 4018930,
        "min": 1877286.25,
        "stdev": 1270388.25
    },
    "spectral_strongpeak": {
        "max": 13.4193897247,
        "mean": 1.48356640339,
        "min": 0,
        "stdev": 2.20154857635
    },
    "zerocrossingrate": {
        "max": 0.3359375,
        "mean": 0.0612411238253,
        "min": 0.01025390625,
        "stdev": 0.040779106319
    },
    "barkbands": {
        "max": [0.000993796973489, 0.00485204160213, 0.0222130771726, 0.0555004552007, 0.0517186410725, 0.0179853104055, 0.0189052335918, 0.0175942908973, 0.0337719507515, 0.0530553907156, 0.0163569692522, 0.0177537817508, 0.0397276207805, 0.0207017883658, 0.0410231947899, 0.00722405081615, 0.00235262117349, 0.0102823711932, 0.00684592779726, 0.00218354561366, 0.00254284916446, 0.00149442953989, 0.00109254952986, 0.000595297839027, 0.000651692680549, 1.27875594558e-07, 1.51665020098e-07],
        "mean": [2.66290317086e-05, 0.000290926167509, 0.001462924527, 0.00216180062853, 0.00256913271733, 0.000968143751379, 0.000885639921762, 0.000989393913187, 0.00288689602166, 0.00230644131079, 0.000386535772122, 0.000343330582837, 0.00123533105943, 0.000674109731335, 0.000901989697013, 0.000260486500338, 0.000148912309669, 0.000759561662562, 0.000289861229248, 0.000261942477664, 0.000195146625629, 0.000102742276795, 6.11926152487e-05, 3.48269859387e-05, 1.23319086924e-05, 8.24602441885e-10, 8.95176377469e-10],
        "min": [1.35743754015e-08, 2.41400677226e-08, 1.12980380607e-08, 9.80042003107e-09, 1.55704800164e-08, 6.01705441028e-09, 1.89950366547e-09, 1.13387155221e-09, 7.36251504208e-10, 1.77315606642e-09, 1.04699515724e-09, 7.19436010765e-10, 1.71034450491e-10, 8.29381632816e-11, 1.33728264573e-10, 1.70357547513e-10, 1.59540561318e-10, 1.27849217324e-10, 4.73115380206e-10, 1.87619808578e-09, 7.870198937e-10, 8.04421973477e-10, 4.31774449527e-10, 9.50198808525e-10, 5.17849818582e-10, 5.31399316911e-12, 7.03345411426e-12],
        "stdev": [6.55478143017e-05, 0.000563219480682, 0.00301611376926, 0.00502911861986, 0.00509786652401, 0.00178890605457, 0.00168996176217, 0.00233064335771, 0.00531963538378, 0.00683331210166, 0.00156703125685, 0.000964594190009, 0.0036386125721, 0.00190980022307, 0.00425225682557, 0.000571353826672, 0.000289428164251, 0.00121112796478, 0.000652858056128, 0.000359050638508, 0.000325256754877, 0.000189100115676, 0.000120400109154, 6.38082492515e-05, 3.48067587765e-05, 5.537818204e-09, 6.54494147767e-09]
    },
    "erbbands": {
        "max": [0.0437503196299, 1.57950723171, 14.373046875, 146.045623779, 173.233169556, 121.128051758, 114.422302246, 134.182922363, 340.377380371, 339.567932129, 527.661437988, 1063.58093262, 1730.46655273, 1053.14147949, 281.082336426, 582.72668457, 1919.55969238, 678.79876709, 2691.02685547, 743.991699219, 299.780303955, 111.16632843, 721.674560547, 485.016998291, 91.687828064, 143.422515869, 166.691192627, 71.6352310181, 69.3317871094, 40.5096855164, 28.0767230988, 12.7347841263, 12.1461601257, 9.12597942352, 2.72438502312, 0.0670803785324, 0.00283911917359, 0.000282145745587, 6.52155285934e-05, 0.000110018852865],
        "mean": [0.00416717492044, 0.102398686111, 1.28822171688, 5.26117563248, 9.22788619995, 6.6830997467, 7.27058601379, 8.53476810455, 12.0234079361, 13.8840456009, 29.3244514465, 62.4462356567, 93.9469451904, 37.954536438, 11.5027427673, 18.4603652954, 51.649936676, 37.4962539673, 60.7193412781, 19.3535690308, 13.9105548859, 10.8485069275, 43.3597488403, 24.6730556488, 10.9147930145, 12.0243787766, 11.0295820236, 5.827501297, 3.95521569252, 2.48368763924, 1.59911930561, 0.964735865593, 0.445512235165, 0.217526122928, 0.0434767492115, 0.00112344289664, 6.79863005644e-05, 1.14558642963e-05, 1.31139195219e-05, 2.49061031354e-05],
        "min": [9.88848228189e-07, 4.49130493507e-06, 1.21538678286e-05, 2.52826557698e-05, 4.39938048657e-05, 5.29966673639e-05, 4.63091673737e-05, 5.06416690769e-05, 3.29791182594e-05, 2.83172194031e-05, 1.90841219592e-05, 1.39612684507e-05, 5.8861773141e-05, 3.70069246856e-05, 4.50924562756e-05, 2.53822381637e-05, 9.12383802643e-06, 5.46287810721e-06, 7.28439545128e-06, 8.94948971109e-06, 6.71610814607e-06, 8.50904780236e-06, 9.73022997641e-06, 6.01363763053e-06, 6.17730984231e-05, 7.79654583312e-05, 3.26894696627e-05, 3.40180340572e-05, 2.83873359876e-05, 1.34336087285e-05, 1.36340731842e-05, 2.72205343208e-05, 1.06229117591e-05, 7.912590263e-06, 1.85547651199e-06, 6.28505745226e-08, 1.25469963308e-08, 6.13137807193e-09, 1.24192300888e-09, 2.0079728158e-10],
        "stdev": [0.00602661119774, 0.194000601768, 2.58576083183, 11.9288377762, 18.3490657806, 12.8425445557, 13.0706291199, 15.9191808701, 23.8148822784, 29.6855392456, 64.7453079224, 122.266662598, 247.694564819, 96.4428863525, 25.8602218628, 41.3906364441, 156.018341064, 66.6259384155, 263.528289795, 59.0991897583, 26.6494541168, 16.1772174835, 77.2354431152, 49.3393821716, 15.3531799316, 17.5970287323, 16.4472236633, 10.3993444443, 7.30401706696, 4.9322104454, 2.93724012375, 1.72423279285, 0.905445277691, 0.540231347084, 0.137733027339, 0.00341389491223, 0.000156130467076, 1.92650259123e-05, 1.19569376693e-05, 2.24490522669e-05]
    },
    "gfcc": {
        "mean": [-99.5051803589, 116.48097229, -149.885314941, 55.0306816101, -80.7168807983, 13.7877416611, -35.481300354, -1.24856030941, -17.7554969788, -18.6687450409, -3.06745743752, -25.74477005, 0.420029103756],
        "cov": [[20413.8652344, 841.114807129, -3751.90405273, -1813.98010254, -364.70501709, -1292.37341309, 315.351257324, -786.678833008, -134.568466187, -583.938781738, -374.61630249, -744.602172852, -543.403320312], [841.114807129, 1356.5723877, 145.152557373, -396.075469971, 104.73348999, -263.054962158, 63.9901657104, -231.713577271, 6.93542051315, -220.405273438, -34.3350448608, -212.23487854, -130.545516968], [-3751.90405273, 145.152557373, 1201.27490234, 367.775115967, -19.5236549377, 254.589309692, -139.928939819, 71.3226852417, 9.64387798309, 62.1116867065, 11.6420383453, 105.12197876, 59.093120575], [-1813.98010254, -396.075469971, 367.775115967, 459.413482666, 45.2289733887, 124.580131531, -33.8308448792, 136.462738037, 9.56090927124, 96.0048294067, 24.2286434174, 131.674972534, 67.7967529297], [-364.70501709, 104.73348999, -19.5236549377, 45.2289733887, 176.380004883, 14.2634601593, 51.5807495117, 16.2263965607, 6.2535982132, -26.1926307678, 11.120724678, -20.4936676025, 5.48305177689], [-1292.37341309, -263.054962158, 254.589309692, 124.580131531, 14.2634601593, 250.407104492, -12.9207725525, 81.5721359253, -3.43891048431, 63.7983283997, 14.805891037, 65.3186264038, 56.6046524048], [315.351257324, 63.9901657104, -139.928939819, -33.8308448792, 51.5807495117, -12.9207725525, 165.559173584, 29.144744873, 1.20880150795, -34.7489891052, 5.30164813995, -30.4001312256, -13.2587423325], [-786.678833008, -231.713577271, 71.3226852417, 136.462738037, 16.2263965607, 81.5721359253, 29.144744873, 158.030166626, 21.3716011047, 66.5784454346, 23.5172977448, 60.227180481, 32.4750480652], [-134.568466187, 6.93542051315, 9.64387798309, 9.56090927124, 6.2535982132, -3.43891048431, 1.20880150795, 21.3716011047, 61.7499351501, 21.6430358887, -3.74312186241, -0.196384727955, -5.4457988739], [-583.938781738, -220.405273438, 62.1116867065, 96.0048294067, -26.1926307678, 63.7983283997, -34.7489891052, 66.5784454346, 21.6430358887, 100.315612793, 32.02784729, 61.2274665833, 31.2909545898], [-374.61630249, -34.3350448608, 11.6420383453, 24.2286434174, 11.120724678, 14.805891037, 5.30164813995, 23.5172977448, -3.74312186241, 32.02784729, 68.2315826416, 43.7481765747, 7.01398134232], [-744.602172852, -212.23487854, 105.12197876, 131.674972534, -20.4936676025, 65.3186264038, -30.4001312256, 60.227180481, -0.196384727955, 61.2274665833, 43.7481765747, 102.109237671, 48.5539932251], [-543.403320312, -130.545516968, 59.093120575, 67.7967529297, 5.48305177689, 56.6046524048, -13.2587423325, 32.4750480652, -5.4457988739, 31.2909545898, 7.01398134232, 48.5539932251, 74.1013259888]],
        "icov": [[0.000262206653133, -0.000126486949739, 0.000768046011217, -4.09223648603e-05, 0.000574375560973, 7.9429570178e-05, -1.38089762913e-05, 0.000342499872204, 0.000409355794545, 7.09778032615e-05, 0.000997977913357, -9.91129127215e-05, 0.00083978875773], [-0.000126486949739, 0.00449959887192, -0.00381490890868, 0.00441089132801, -0.00396713847294, 0.00471012666821, -0.00184304954018, 0.00143998349085, -0.00134820106905, 0.00180589931551, -0.00156817852985, 0.000813387800008, 0.000494623905979], [0.000768046011217, -0.00381490890868, 0.00659516826272, -0.00522646913305, 0.00558413518593, -0.00519823050126, 0.00280654686503, -0.000100099903648, 0.00088556058472, 0.00105078110937, 0.00194715789985, 0.000814231112599, 0.00144109677058], [-4.09223648603e-05, 0.00441089132801, -0.00522646913305, 0.01121580787, -0.0078014107421, 0.00653490424156, -0.00300178909674, -0.000140464369906, 0.00134621420875, -0.00277540017851, 0.00598081341013, -0.00919516663998, 0.00321664731018], [0.000574375560973, -0.00396713847294, 0.00558413518593, -0.0078014107421, 0.0144106093794, -0.0059328856878, 0.00161254510749, -0.00138842815068, -0.00187287805602, 0.00544556649402, -0.00596151221544, 0.00927610229701, -0.0036806082353], [7.9429570178e-05, 0.00471012666821, -0.00519823050126, 0.00653490424156, -0.0059328856878, 0.0128062702715, -0.00345929455943, 0.000236213047174, 0.00193913676776, -0.00295581575483, 0.00298124644905, -0.00268869148567, -0.000148873819853], [-1.38089762913e-05, -0.00184304954018, 0.00280654686503, -0.00300178909674, 0.00161254510749, -0.00345929455943, 0.0109155969694, -0.00509913638234, -0.00114275538363, 0.00599696114659, -0.00507013918832, 0.0052196951583, -0.00168550969101], [0.000342499872204, 0.00143998349085, -0.000100099903648, -0.000140464369906, -0.00138842815068, 0.000236213047174, -0.00509913638234, 0.0143034886569, -0.00181326537859, -0.00540714384988, 0.00288989930414, -0.00370342144743, 0.00230132043362], [0.000409355794545, -0.00134820106905, 0.00088556058472, 0.00134621420875, -0.00187287805602, 0.00193913676776, -0.00114275538363, -0.00181326537859, 0.0227153319865, -0.0108664669096, 0.0096063381061, -0.00358825619332, 0.00563625851646], [7.09778032615e-05, 0.00180589931551, 0.00105078110937, -0.00277540017851, 0.00544556649402, -0.00295581575483, 0.00599696114659, -0.00540714384988, -0.0108664669096, 0.0309472791851, -0.0142933083698, 0.00455400440842, -0.00479686120525], [0.000997977913357, -0.00156817852985, 0.00194715789985, 0.00598081341013, -0.00596151221544, 0.00298124644905, -0.00507013918832, 0.00288989930414, 0.0096063381061, -0.0142933083698, 0.0399349108338, -0.0274031404406, 0.0144383199513], [-9.91129127215e-05, 0.000813387800008, 0.000814231112599, -0.00919516663998, 0.00927610229701, -0.00268869148567, 0.0052196951583, -0.00370342144743, -0.00358825619332, 0.00455400440842, -0.0274031404406, 0.0465071573853, -0.0176720712334], [0.00083978875773, 0.000494623905979, 0.00144109677058, 0.00321664731018, -0.0036806082353, -0.000148873819853, -0.00168550969101, 0.00230132043362, 0.00563625851646, -0.00479686120525, 0.0144383199513, -0.0176720712334, 0.02816109173]]
    },
    "melbands": {
        "max": [0.000734585570171, 0.00763691402972, 0.0212316922843, 0.0128930481151, 0.00358498236164, 0.00312203378417, 0.00464558042586, 0.00355136860162, 0.00528368959203, 0.00663468940184, 0.00904959347099, 0.00405241455883, 0.00148265378084, 0.00229417835362, 0.00380446878262, 0.00303544593044, 0.000989589490928, 0.00516578927636, 0.00323402765207, 0.000558224041015, 0.000242650494329, 0.000152176289703, 0.000397221301682, 0.00050922826631, 0.000507145363372, 9.72149209701e-05, 5.87161193835e-05, 0.000122497527627, 0.000126034385175, 4.93360348628e-05, 3.8364512875e-05, 4.3943640776e-05, 2.28853077715e-05, 2.24744962907e-05, 1.96000437427e-05, 1.05790886664e-05, 7.68984682509e-06, 9.95066602627e-06, 7.96378481027e-06, 7.62062927606e-06],
        "mean": [5.66052476643e-05, 0.000527828466147, 0.00101155810989, 0.00058740581153, 0.000257810286712, 0.00019118443015, 0.000182671792572, 0.000156249967404, 0.000258975778706, 0.000423818622949, 0.000467039848445, 0.000158135531819, 4.20632095484e-05, 3.43556130247e-05, 8.115064702e-05, 0.000124411730212, 5.77577120566e-05, 0.000101471829112, 4.86129429191e-05, 1.68988444784e-05, 1.51643225763e-05, 8.93122432899e-06, 2.53539074038e-05, 3.82129510399e-05, 1.90455157281e-05, 8.49595744512e-06, 6.59591933072e-06, 8.53858728078e-06, 7.94916468294e-06, 4.48164064437e-06, 2.96789039567e-06, 2.41272846324e-06, 1.60071738264e-06, 1.27391035676e-06, 9.519041555e-07, 7.59550516705e-07, 5.16414786489e-07, 3.25743656049e-07, 2.37156029925e-07, 1.67004955642e-07],
        "min": [8.7942639837e-09, 6.2288099123e-09, 4.90393681218e-09, 3.57201934698e-09, 1.7759606008e-09, 1.12262898977e-09, 4.76302497443e-10, 3.02839142652e-10, 1.32952482357e-10, 9.8189290032e-11, 3.00974689615e-10, 1.50703879931e-10, 1.52329454606e-10, 9.88140402836e-11, 2.769673553e-11, 1.94590558944e-11, 8.12991861332e-12, 1.15676730347e-11, 9.24008092262e-12, 1.34685561315e-11, 6.48221884156e-12, 5.78600188594e-12, 1.67106831844e-11, 3.06034256096e-12, 2.28176115155e-12, 2.69478502013e-11, 7.95302018686e-11, 4.20578329108e-11, 1.9329947365e-11, 2.40524614115e-11, 1.86354716381e-11, 1.64251095364e-11, 1.49155549023e-11, 4.16823867089e-12, 5.46360135953e-12, 1.56723748562e-11, 1.64111137874e-11, 6.78544893884e-12, 7.64289673216e-12, 6.8117616582e-12],
        "stdev": [9.68497261056e-05, 0.001012112014, 0.00193739344832, 0.00119072839152, 0.000442919146735, 0.000348279165337, 0.000356041680789, 0.000351211114321, 0.000586507900152, 0.000838201318402, 0.00126316223759, 0.000417803617893, 0.00013078682241, 0.000113308902655, 0.000259106367594, 0.000370132533135, 0.000109110143967, 0.000457905232906, 0.000236857929849, 4.54277324025e-05, 2.91544820357e-05, 1.78614900506e-05, 4.50840052508e-05, 6.03650551056e-05, 4.6753029892e-05, 1.345248711e-05, 1.04761156763e-05, 1.33093208206e-05, 1.19259939311e-05, 7.33731849323e-06, 5.81549875278e-06, 4.51843743576e-06, 3.02891726278e-06, 2.66346319222e-06, 1.86133593161e-06, 1.34921867811e-06, 9.56959297582e-07, 6.96977679127e-07, 5.35766218945e-07, 4.36457867181e-07]
    },
    "melbands128": {
        "max": [0.000457928399555, 0.000265353824943, 0.000567073293496, 0.00334309833124, 0.00609586155042, 0.015544520691, 0.035928748548, 0.0201204232872, 0.0209505129606, 0.0193381011486, 0.00784398056567, 0.00491153635085, 0.00486616045237, 0.00782284326851, 0.00462752673775, 0.00301990052685, 0.00735464412719, 0.00539943110198, 0.00532042887062, 0.00590484635904, 0.00643941387534, 0.0067542232573, 0.00934341363609, 0.00694888317958, 0.0115170264617, 0.0125490212813, 0.0124883223325, 0.0151377394795, 0.0124988080934, 0.00542961200699, 0.00872135162354, 0.00528328306973, 0.000706226855982, 0.001214448479, 0.00327909574844, 0.0026263250038, 0.00133113807533, 0.00210524629802, 0.0115063609555, 0.00586888147518, 0.00682836677879, 0.00407353928313, 0.000894105178304, 0.00153134763241, 0.0046908496879, 0.0122573161498, 0.0083581507206, 0.00601427210495, 0.000328763650032, 0.000814514176454, 0.00116542330943, 0.00132706924342, 0.000396179500967, 0.000421157950768, 0.000341333594406, 0.000208325713174, 0.00015028101916, 0.000185215074453, 0.000536236504558, 0.00188603147399, 0.000308501621475, 0.000507027376443, 0.000834340520669, 0.0010487671243, 0.000176271321834, 0.000173026142875, 0.000124028229038, 7.10787207936e-05, 0.000131685141241, 0.000139806666994, 0.000237947315327, 0.000204934593057, 0.000136564820423, 0.000278340623481, 0.000106038096419, 0.000106517101813, 9.75558214122e-05, 4.997474025e-05, 4.52965941804e-05, 7.82246788731e-05, 3.56106029358e-05, 7.42694101064e-05, 3.67914981325e-05, 2.39464388869e-05, 2.31871108554e-05, 4.57729183836e-05, 1.80969636858e-05, 3.65698761016e-05, 2.99520088447e-05, 1.03005049823e-05, 1.96716391656e-05, 1.43138267958e-05, 1.16476467156e-05, 1.17889085232e-05, 9.16081626201e-06, 1.57631420734e-05, 9.49199784372e-06, 5.1232759688e-06, 7.27133283362e-06, 1.24622247313e-05, 5.49428841623e-06, 7.0456294452e-06, 9.03702584765e-06, 8.43719772092e-06, 1.22957862914e-06, 8.7046778674e-09, 1.69648062265e-09, 1.0710323739e-09, 8.94154084108e-10, 8.16970879836e-10, 7.65945085135e-10, 7.3578726445e-10, 7.16675552237e-10, 7.03350100384e-10, 6.8803507336e-10, 6.785904616e-10, 6.72223832154e-10, 6.68112565272e-10, 6.64487409541e-10, 6.6022676215e-10, 6.59574894701e-10, 6.51115994454e-10, 6.44981235087e-10, 6.429084487e-10, 6.4032246172e-10, 6.38433306221e-10, 6.37110919577e-10, 6.36149855016e-10],
        "mean": [1.41219743455e-05, 2.26834927162e-05, 4.79678819829e-05, 0.000168134938576, 0.000481879047584, 0.000786463089753, 0.00111218064558, 0.00101174856536, 0.0010204098653, 0.000604046566878, 0.000282917928416, 0.000293246295769, 0.000250860204687, 0.000211858801777, 0.000202899827855, 0.000161315634614, 0.000188852616702, 0.000196462700842, 0.000166857018485, 0.000141027325299, 0.000149444313138, 0.000196739943931, 0.000286626396701, 0.00030445487937, 0.000345636683051, 0.000517157837749, 0.000500660622492, 0.000581170897931, 0.000322289415635, 0.000153635322931, 0.000135969938128, 7.44538920117e-05, 2.76679456874e-05, 2.41524503508e-05, 3.18191996485e-05, 3.65241539839e-05, 3.87322288589e-05, 7.39163806429e-05, 0.00011933506903, 0.000110425891762, 0.000160131108714, 8.69927098393e-05, 4.85522250528e-05, 3.93682930735e-05, 6.98273433954e-05, 0.00014144431043, 0.000102134355984, 6.10849165241e-05, 1.66176869243e-05, 1.08334725155e-05, 2.01853636099e-05, 1.81707018783e-05, 2.01291677513e-05, 1.10710370791e-05, 9.10411290533e-06, 9.40039535635e-06, 8.19571323518e-06, 8.39581298351e-06, 2.11556725844e-05, 8.12590005808e-05, 2.54671285802e-05, 2.87475195364e-05, 2.34994950006e-05, 1.63071381394e-05, 9.98838368105e-06, 9.0355752036e-06, 7.19007039152e-06, 5.83802693654e-06, 7.0707778832e-06, 6.45593127047e-06, 7.31904401619e-06, 1.13801143016e-05, 8.74087345437e-06, 8.16743249743e-06, 5.82738675803e-06, 4.22251969212e-06, 4.4385997171e-06, 3.05491403196e-06, 2.74564195024e-06, 2.89426407107e-06, 2.31826720665e-06, 2.57903161582e-06, 1.67948780927e-06, 1.54683050368e-06, 1.37785514198e-06, 1.53302778472e-06, 1.06855566173e-06, 1.11929648483e-06, 1.00588636087e-06, 7.94122342995e-07, 7.60252305554e-07, 8.32708224152e-07, 6.05537991305e-07, 5.2235509429e-07, 4.68007328891e-07, 3.41832276263e-07, 3.20435532331e-07, 2.41804002599e-07, 2.65101391506e-07, 2.08805346347e-07, 1.93794349457e-07, 1.50609352545e-07, 1.51567462581e-07, 1.18667642823e-07, 1.51494230494e-08, 6.78663028553e-11, 1.81764638063e-11, 6.8694611631e-12, 5.74275479601e-12, 5.38912491022e-12, 5.11497615097e-12, 4.91299058727e-12, 4.73931961384e-12, 4.589922626e-12, 4.44790862128e-12, 4.32607031794e-12, 4.21687901611e-12, 4.11612367454e-12, 4.03087849557e-12, 3.94787414565e-12, 3.8778190728e-12, 3.80513372547e-12, 3.7431468515e-12, 3.69272277687e-12, 3.64119715282e-12, 3.58878985557e-12, 3.55517525141e-12, 3.53881941112e-12],
        "min": [4.04288691414e-09, 9.45456246626e-09, 8.29758484144e-09, 7.16243153676e-09, 6.20594686751e-09, 5.53116041857e-09, 5.1154045444e-09, 4.8269233055e-09, 4.45928804993e-09, 3.80287090707e-09, 2.90194113184e-09, 2.06521821866e-09, 1.52368695439e-09, 1.31160171613e-09, 1.23018883968e-09, 1.02273856051e-09, 6.41420638825e-10, 3.50239143243e-10, 2.91144303111e-10, 3.38314987136e-10, 3.0865884848e-10, 2.05190073266e-10, 1.04845611359e-10, 6.80792228147e-11, 4.89405078963e-11, 8.34892988077e-11, 2.67271760279e-10, 3.85661280689e-10, 2.90433760375e-10, 1.46522974309e-10, 1.02313865713e-10, 1.40447597996e-10, 1.7263478147e-10, 1.51661433412e-10, 1.16340832801e-10, 8.9363294542e-11, 6.00097055381e-11, 2.05771667067e-11, 8.4330060296e-12, 2.35631826551e-11, 2.1417688803e-11, 1.71179789094e-11, 5.20623344782e-12, 5.79667520581e-12, 7.56517765099e-12, 1.47528864125e-11, 1.42094834163e-11, 5.4812634466e-12, 5.1432118113e-12, 2.10627539715e-11, 1.22978623812e-11, 1.10341831158e-11, 6.38252471707e-12, 6.13294658114e-12, 3.13541857408e-12, 7.82140086204e-13, 1.05920463372e-11, 2.46032066248e-11, 1.69885095574e-11, 7.12971001682e-12, 1.40357712432e-12, 7.21971636121e-13, 3.40217545976e-13, 6.70052338267e-13, 7.22713035251e-12, 3.06183758902e-11, 3.18911945463e-11, 5.51736330234e-11, 1.06598535554e-10, 9.5049933202e-11, 2.36314336155e-11, 3.09558038925e-11, 3.10484277177e-11, 1.46414026736e-11, 6.800243528e-12, 3.32266471281e-11, 2.46692423433e-11, 1.39394138593e-11, 1.96794490426e-11, 2.22774073494e-11, 1.97475716335e-11, 8.65605503941e-12, 1.88712118848e-11, 1.9179375102e-11, 9.34516873607e-12, 3.60439824688e-12, 3.26694444067e-12, 2.94200406224e-12, 5.93401152868e-12, 4.98553975881e-12, 1.38656074469e-11, 1.41074547877e-11, 2.77170630197e-11, 1.32770522007e-11, 1.64225369415e-11, 6.98262411433e-12, 4.42391739561e-12, 5.63121337754e-12, 8.68360851974e-12, 8.96793403427e-12, 4.31470310869e-12, 5.95270967935e-12, 1.12718410994e-11, 3.62610549226e-12, 3.82644897755e-13, 3.71587492492e-14, 1.32870136673e-14, 1.85607111007e-14, 2.5688369685e-14, 2.51574985616e-14, 2.76741520325e-14, 2.32854456339e-14, 1.86570424637e-14, 1.92534773254e-14, 2.45265318607e-14, 2.47976450843e-14, 2.34567156958e-14, 2.43234557116e-14, 2.20629941319e-14, 2.30953629702e-14, 2.45010463334e-14, 2.00663172466e-14, 2.38471792497e-14, 1.56641057547e-14, 1.43024003421e-14, 5.90246650723e-15, 7.0476089945e-16, 3.05178956404e-17],
        "stdev": [2.92460335913e-05, 3.38339414157e-05, 8.23590453365e-05, 0.000359993166057, 0.00107826513704, 0.00163279846311, 0.00284576485865, 0.00216159573756, 0.00223593832925, 0.00152159330901, 0.0005934368819, 0.000584010558669, 0.000505119212903, 0.000563495152164, 0.000461445801193, 0.000327002868289, 0.000423667777795, 0.000497879402246, 0.000417135364842, 0.000404804595746, 0.000489295984153, 0.000600965984631, 0.000846047245432, 0.000880517589394, 0.00100789684802, 0.00141601089854, 0.00144587713294, 0.00213424256071, 0.00136446312536, 0.000507856544573, 0.000583314569667, 0.00040807959158, 6.70519293635e-05, 6.93118054187e-05, 0.000152554668603, 0.000135131936986, 0.000112377230835, 0.000213181381696, 0.0006458494463, 0.000496400578413, 0.000646025291644, 0.000266787305009, 0.00011352547881, 0.000137060662382, 0.000375061878003, 0.000922402425203, 0.000638466037344, 0.000419873744249, 4.34278990724e-05, 4.63439464511e-05, 7.11031825631e-05, 7.28815721232e-05, 4.74726766697e-05, 2.9682969398e-05, 2.95009831461e-05, 2.30912810366e-05, 1.7033318727e-05, 1.85738972505e-05, 4.82546820422e-05, 0.00018970106612, 4.38196329924e-05, 6.4354884671e-05, 7.57850793889e-05, 6.30676950095e-05, 2.00749491341e-05, 1.84371529031e-05, 1.36133576234e-05, 1.00901179394e-05, 1.46528382174e-05, 1.40913643918e-05, 1.92505794985e-05, 2.04023199331e-05, 1.42922908708e-05, 2.08063665923e-05, 1.14744216262e-05, 9.50521734921e-06, 9.62964713835e-06, 6.65472043693e-06, 5.94021594225e-06, 6.96026563674e-06, 4.2995648073e-06, 5.84113513469e-06, 3.56159762305e-06, 3.14019803227e-06, 2.81865209217e-06, 4.02383602705e-06, 2.09347217606e-06, 2.93721654998e-06, 2.14920078179e-06, 1.41827683819e-06, 1.50763321471e-06, 1.71118938397e-06, 1.26870031636e-06, 1.07663004201e-06, 9.57377324085e-07, 8.98374821645e-07, 7.12885878329e-07, 4.76520256143e-07, 5.92480034811e-07, 6.46074568067e-07, 4.62247726318e-07, 3.94375263113e-07, 4.82399229895e-07, 4.20535968715e-07, 5.9758932025e-08, 4.24501073182e-10, 1.12739713398e-10, 4.69048341833e-11, 3.8692039156e-11, 3.54176167561e-11, 3.32372289413e-11, 3.193169687e-11, 3.10897592393e-11, 3.04911998428e-11, 2.98134468502e-11, 2.93833811449e-11, 2.90851578932e-11, 2.88842994661e-11, 2.87068303156e-11, 2.85053734089e-11, 2.84579235177e-11, 2.80856605334e-11, 2.78132638448e-11, 2.77132240767e-11, 2.7594286231e-11, 2.75072117861e-11, 2.74459326793e-11, 2.74018759072e-11]
    },
    "mfcc": {
        "mean": [-717.518737793, 113.959373474, -2.36383533478, 26.6473445892, -7.66689920425, 1.76640701294, -0.620454370975, 1.81884551048, -5.31855010986, 2.5263671875, -1.1553311348, -3.27084112167, -14.206612587],
        "cov": [[21860.1816406, 1002.44329834, -3470.16894531, -800.687866211, -1570.96557617, -618.902709961, -518.927368164, -414.634063721, -377.134643555, -197.616607666, 186.169372559, -346.719573975, -779.41418457], [1002.44329834, 1557.57678223, -52.7944450378, -124.873748779, -86.7740936279, -61.2070388794, -63.3027610779, -53.5290107727, -94.9127883911, -75.0076522827, 19.0904026031, -44.4157981873, -139.920547485], [-3470.16894531, -52.7944450378, 1032.24682617, 103.727600098, 266.747558594, 138.490097046, 17.093542099, 37.5284042358, 56.4808273315, -40.7059364319, -49.3728294373, 61.1124839783, 166.748428345], [-800.687866211, -124.873748779, 103.727600098, 267.740722656, 81.4169464111, 4.90073633194, 33.9628448486, 40.0849952698, 27.853679657, -7.51866674423, 6.36571455002, 30.3372936249, 41.8317489624], [-1570.96557617, -86.7740936279, 266.747558594, 81.4169464111, 222.307342529, 68.4438705444, 25.4929065704, 26.7668514252, 26.4480190277, 21.0151405334, -22.7138462067, 5.35554456711, 51.3304977417], [-618.902709961, -61.2070388794, 138.490097046, 4.90073633194, 68.4438705444, 103.188613892, 28.8662586212, 21.0437469482, 23.2042770386, 9.14148902893, -26.3144779205, -5.71554946899, 20.521730423], [-518.927368164, -63.3027610779, 17.093542099, 33.9628448486, 25.4929065704, 28.8662586212, 132.412506104, 55.6909751892, 22.1033611298, 20.3932228088, 2.8034389019, 6.15811014175, -5.91798114777], [-414.634063721, -53.5290107727, 37.5284042358, 40.0849952698, 26.7668514252, 21.0437469482, 55.6909751892, 76.9281616211, 30.3137054443, 16.2863502502, 11.9352836609, 5.88595962524, 2.93874287605], [-377.134643555, -94.9127883911, 56.4808273315, 27.853679657, 26.4480190277, 23.2042770386, 22.1033611298, 30.3137054443, 78.007019043, 34.3557891846, 0.341730803251, -0.772170364857, 7.96315193176], [-197.616607666, -75.0076522827, -40.7059364319, -7.51866674423, 21.0151405334, 9.14148902893, 20.3932228088, 16.2863502502, 34.3557891846, 72.2319564819, 14.5508356094, -11.4650011063, -12.1510677338], [186.169372559, 19.0904026031, -49.3728294373, 6.36571455002, -22.7138462067, -26.3144779205, 2.8034389019, 11.9352836609, 0.341730803251, 14.5508356094, 72.2660293579, 26.131439209, -11.3944072723], [-346.719573975, -44.4157981873, 61.1124839783, 30.3372936249, 5.35554456711, -5.71554946899, 6.15811014175, 5.88595962524, -0.772170364857, -11.4650011063, 26.131439209, 74.0352020264, 40.4499816895], [-779.41418457, -139.920547485, 166.748428345, 41.8317489624, 51.3304977417, 20.521730423, -5.91798114777, 2.93874287605, 7.96315193176, -12.1510677338, -11.3944072723, 40.4499816895, 119.40536499]],
        "icov": [[0.000210908838199, 3.16986224789e-05, 0.000454159424407, 9.28361405386e-05, 0.000688266474754, -0.000170255312696, 0.000447722297395, 0.00025435446878, -9.21078462852e-05, 0.000800208887085, -0.000468096433906, 0.000572987133637, 0.000345207517967], [3.16986224789e-05, 0.000856932369061, -0.000161686955835, 0.000247070682235, 8.0363410234e-05, 0.000245193077717, 0.000214865794987, 7.08275256329e-05, 0.000538753403816, 0.000869923445862, -0.000464216805995, 0.000347654946381, 0.00117305619642], [0.000454159424407, -0.000161686955835, 0.00303222681396, 0.000441806419985, -0.000392781570554, -0.00157358741853, 0.00110915536061, 0.000450592458947, -0.00176789262332, 0.00369481113739, -0.000973543850705, 0.000516598811373, -0.000905042281374], [9.28361405386e-05, 0.000247070682235, 0.000441806419985, 0.00522165559232, -0.00199144217186, 0.00161293172278, -0.000388827291317, -0.0014730807161, -0.0018239148194, 0.00295928167179, -0.000667909393087, -0.000616968201939, -0.00038687948836], [0.000688266474754, 8.0363410234e-05, -0.000392781570554, -0.00199144217186, 0.0112153897062, -0.00339346122928, 0.00164981686976, 0.000315952580422, 0.00202545337379, -0.00226527103223, -0.000191312195966, 0.00271424790844, 0.000365544663509], [-0.000170255312696, 0.000245193077717, -0.00157358741853, 0.00161293172278, -0.00339346122928, 0.0157926380634, -0.00236217887141, -0.00210569635965, -0.00162669410929, -0.000901174091268, 0.00437677791342, 0.000193256040802, -0.000143283672514], [0.000447722297395, 0.000214865794987, 0.00110915536061, -0.000388827291317, 0.00164981686976, -0.00236217887141, 0.0127128688619, -0.00739055499434, 0.00112349377014, -0.000519019318745, 0.000873865385074, -0.00109875807539, 0.00259814900346], [0.00025435446878, 7.08275256329e-05, 0.000450592458947, -0.0014730807161, 0.000315952580422, -0.00210569635965, -0.00739055499434, 0.0233360845596, -0.00588367227465, 0.00218731514178, -0.00562251498923, 0.00215753703378, 0.000263099587755], [-9.21078462852e-05, 0.000538753403816, -0.00176789262332, -0.0018239148194, 0.00202545337379, -0.00162669410929, 0.00112349377014, -0.00588367227465, 0.0214535277337, -0.0108979539946, 0.00234800600447, -0.000402092642616, 0.000567789713386], [0.000800208887085, 0.000869923445862, 0.00369481113739, 0.00295928167179, -0.00226527103223, -0.000901174091268, -0.000519019318745, 0.00218731514178, -0.0108979539946, 0.0280862040818, -0.00913687329739, 0.00656560203061, 0.00158419797663], [-0.000468096433906, -0.000464216805995, -0.000973543850705, -0.000667909393087, -0.000191312195966, 0.00437677791342, 0.000873865385074, -0.00562251498923, 0.00234800600447, -0.00913687329739, 0.0235074106604, -0.0118101388216, 0.00266345334239], [0.000572987133637, 0.000347654946381, 0.000516598811373, -0.000616968201939, 0.00271424790844, 0.000193256040802, -0.00109875807539, 0.00215753703378, -0.000402092642616, 0.00656560203061, -0.0118101388216, 0.0246718265116, -0.00645524449646], [0.000345207517967, 0.00117305619642, -0.000905042281374, -0.00038687948836, 0.000365544663509, -0.000143283672514, 0.00259814900346, 0.000263099587755, 0.000567789713386, 0.00158419797663, 0.00266345334239, -0.00645524449646, 0.0159562621266]]
    },
    "spectral_contrast_coeffs": {
        "max": [-0.428963959217, -0.525526046753, -0.473145544529, -0.574981927872, -0.643169283867, -0.628553211689],
        "mean": [-0.710358083248, -0.800870120525, -0.776172637939, -0.807008504868, -0.804794311523, -0.76745724678],
        "min": [-0.933316707611, -0.942496418953, -0.949068546295, -0.94856595993, -0.906122684479, -0.891437470913],
        "stdev": [0.0959726497531, 0.0761110931635, 0.0962996929884, 0.0788914188743, 0.0633168071508, 0.0537267774343]
    },
    "spectral_contrast_valleys": {
        "max": [-5.36350631714, -4.75085878372, -5.52259492874, -6.34309101105, -6.17149543762, -8.4895772934],
        "mean": [-7.48112392426, -7.20744991302, -7.97716903687, -8.26702404022, -8.05576133728, -10.8692216873],
        "min": [-11.7461824417, -12.4752893448, -12.6592931747, -13.8748416901, -13.8945398331, -14.967464447],
        "stdev": [1.11172950268, 1.47087967396, 1.46397340298, 1.42991220951, 1.37858474255, 1.10238647461]
    }
},
"rhythm": {
    "beats_count": 27,
    "beats_loudness": {
        "max": 0.057886607945,
        "mean": 0.0275781322271,
        "min": 2.60168089881e-05,
        "stdev": 0.018813861534
    },
    "bpm": 129.830947876,
    "bpm_histogram_first_peak_bpm": 129,
    "bpm_histogram_first_peak_weight": 0.545454502106,
    "bpm_histogram_second_peak_bpm": 136,
    "bpm_histogram_second_peak_spread": 0.25,
    "bpm_histogram_second_peak_weight": 0.115384615958,
    "danceability": 0.880472838879,
    "onset_rate": 3.21332597733,
    "beats_loudness_band_ratio": {
        "max": [0.785937726498, 0.530724287033, 0.700907111168, 0.836523354053, 0.515630781651, 0.577152252197],
        "mean": [0.332166671753, 0.186560466886, 0.260605543852, 0.122457809746, 0.0922836437821, 0.0816178321838],
        "min": [0.00877175852656, 0.0161967556924, 0.0118345981464, 0.0124558331445, 0.00208944035694, 0.00141797750257],
        "stdev": [0.246667861938, 0.160875663161, 0.210805371404, 0.158713594079, 0.114066541195, 0.140695855021]
    },
    "beats_position": [0.441179126501, 0.905578196049, 1.369977355, 1.82276642323, 2.27555561066, 2.73995471001, 3.20435357094, 3.66875267029, 4.13315200806, 4.60916090012, 5.08516979218, 5.56117916107, 6.025578022, 6.5015873909, 6.96598625183, 7.4303855896, 7.85995435715, 8.3011341095, 8.75392246246, 9.2067117691, 9.65950107574, 10.1006803513, 10.5650787354, 11.017868042, 11.4590473175, 11.9118366241, 12.3646259308],
