{
"metadata": {
    "version": {
        "essentia": "2.1-beta5",
        "essentia_git_sha": "Undefined",
        "extractor": "music 2.0"
    },
    "audio_properties": {
        "analysis": {
            "equal_loudness": 0,
            "length": 48.7502937317,
            "sample_rate": 44100,
            "start_time": 77.7404098511,
            "downmix": "mix"
        },
        "bit_rate": 192000,
        "length": 181.487167358,
        "lossless": 0,
        "number_channels": 2,
        "replay_gain": -13.4434947968,
        "sample_rate": 48000,
        "codec": "mp3",
        "md5_encoded": "8608760709528741923e2ff2549b2c99"
    },
    "tags": {
        "file_name": "Ireland_If I Could Choose_Sean Dunphy.mp3",
        "encoding": ["Lavf58.29.100"]
    }
},
"lowlevel": {
    "average_loudness": 0.950978338718,
    "barkbands_crest": {
        "max": 24.5263500214,
        "mean": 10.9306564331,
        "min": 2.76489043236,
        "stdev": 4.19798946381
    },
    "barkbands_flatness_db": {
        "max": 0.332099109888,
        "mean": 0.19759337604,
        "min": 0.0578493289649,
        "stdev": 0.0401401296258
    },
    "barkbands_kurtosis": {
        "max": 41.1729125977,
        "mean": 5.48851728439,
        "min": -1.83410394192,
        "stdev": 6.33785057068
    },
    "barkbands_skewness": {
        "max": 5.75203704834,
        "mean": 1.8437974453,
        "min": -4.01134634018,
        "stdev": 1.13991498947
    },
    "barkbands_spread": {
        "max": 73.6957321167,
        "mean": 14.4684371948,
        "min": 1.64745390415,
        "stdev": 10.329741478
    },
    "dissonance": {
        "max": 0.500000119209,
        "mean": 0.444648057222,
        "min": 0.28246769309,
        "stdev": 0.0315664485097
    },
    "dynamic_complexity": 1.92786443233,
    "erbbands_crest": {
        "max": 29.0049362183,
        "mean": 10.5506134033,
        "min": 2.75700688362,
        "stdev": 4.58998918533
    },
    "erbbands_flatness_db": {
        "max": 0.344791889191,
        "mean": 0.221583679318,
        "min": 0.127483159304,
        "stdev": 0.040301464498
    },
    "erbbands_kurtosis": {
        "max": 17.566318512,
        "mean": 0.550480186939,
        "min": -1.7807956934,
        "stdev": 2.16399765015
    },
    "erbbands_skewness": {
        "max": 3.77923202515,
        "mean": 0.679517567158,
        "min": -3.16994762421,
        "stdev": 0.839298546314
    },
    "erbbands_spread": {
        "max": 94.6838912964,
        "mean": 33.2812728882,
        "min": 5.45842790604,
        "stdev": 13.8826141357
    },
    "hfc": {
        "max": 186.907943726,
        "mean": 19.5223674774,
        "min": 0.641090750694,
        "stdev": 16.4090023041
    },
    "loudness_ebu128": {
        "integrated": -10.4202051163,
        "loudness_range": 2.36098003387,
        "momentary": {
            "max": -7.44237041473,
            "mean": -10.7109937668,
            "min": -18.6763076782,
            "stdev": 1.69194483757
        },
        "short_term": {
            "max": -8.69700431824,
            "mean": -10.5528888702,
            "min": -12.8209629059,
            "stdev": 0.870783388615
        }
    },
    "melbands_crest": {
        "max": 28.5822715759,
        "mean": 13.6771020889,
        "min": 3.66681241989,
        "stdev": 4.7416100502
    },
    "melbands_flatness_db": {
        "max": 0.373724460602,
        "mean": 0.214795678854,
        "min": 0.0445876717567,
        "stdev": 0.0551659986377
    },
    "melbands_kurtosis": {
        "max": 76.1773834229,
        "mean": 11.8387203217,
        "min": -1.8132686615,
        "stdev": 10.6490135193
    },
    "melbands_skewness": {
        "max": 7.05939245224,
        "mean": 2.51340436935,
        "min": -2.11080908775,
        "stdev": 1.21531486511
    },
    "melbands_spread": {
        "max": 179.825012207,
        "mean": 18.5314598083,
        "min": 2.0323009491,
        "stdev": 19.7870559692
    },
    "pitch_salience": {
        "max": 0.846837997437,
        "mean": 0.597225308418,
        "min": 0.18102812767,
        "stdev": 0.112252168357
    },
    "silence_rate_20dB": {
        "max": 1,
        "mean": 1,
        "min": 1,
        "stdev": 0
    },
    "silence_rate_30dB": {
        "max": 1,
        "mean": 1,
        "min": 1,
        "stdev": 0
    },
    "silence_rate_60dB": {
        "max": 1,
        "mean": 0.011423131451,
        "min": 0,
        "stdev": 0.106266021729
    },
    "spectral_centroid": {
        "max": 4553.24609375,
        "mean": 1054.30395508,
        "min": 303.846618652,
        "stdev": 641.366760254
    },
    "spectral_complexity": {
        "max": 46,
        "mean": 17.2384586334,
        "min": 1,
        "stdev": 6.06059360504
    },
    "spectral_decrease": {
        "max": -1.55494769838e-10,
        "mean": -6.7239112056e-09,
        "min": -1.9920916472e-08,
        "stdev": 3.4423472961e-09
    },
    "spectral_energy": {
        "max": 0.0771016851068,
        "mean": 0.0271483678371,
        "min": 0.000670812500175,
        "stdev": 0.0135831506923
    },
    "spectral_energyband_high": {
        "max": 0.0301469210535,
        "mean": 0.000663669547066,
        "min": 3.33412754117e-06,
        "stdev": 0.00218341476284
    },
    "spectral_energyband_low": {
        "max": 0.0191478356719,
        "mean": 0.00182020408101,
        "min": 9.96592552838e-06,
        "stdev": 0.0019933655858
    },
    "spectral_energyband_middle_high": {
        "max": 0.0456744469702,
        "mean": 0.00453681731597,
        "min": 5.94983321207e-05,
        "stdev": 0.00481102801859
    },
    "spectral_energyband_middle_low": {
        "max": 0.0718935579062,
        "mean": 0.0210797842592,
        "min": 0.000220676927711,
        "stdev": 0.0129036800936
    },
    "spectral_entropy": {
        "max": 8.70654773712,
        "mean": 7.26331806183,
        "min": 6.17240667343,
        "stdev": 0.364902734756
    },
    "spectral_flux": {
        "max": 0.211094468832,
        "mean": 0.0767189413309,
        "min": 0.0187224503607,
        "stdev": 0.0292080324143
    },
    "spectral_kurtosis": {
        "max": 20.9808273315,
        "mean": 4.68287801743,
        "min": -0.871507644653,
        "stdev": 3.26904845238
    },
    "spectral_rms": {
        "max": 0.00867301318794,
        "mean": 0.00496389390901,
        "min": 0.000808981596492,
        "stdev": 0.00135866575874
    },
    "spectral_rolloff": {
        "max": 7945.75195312,
        "mean": 1216.34472656,
        "min": 215.33203125,
        "stdev": 1200.69726562
    },
    "spectral_skewness": {
        "max": 3.27405190468,
        "mean": 1.46887540817,
        "min": -0.363278508186,
        "stdev": 0.485469996929
    },
    "spectral_spread": {
        "max": 20061092,
        "mean": 3498636.5,
        "min": 1716638,
        "stdev": 959352.4375
    },
    "spectral_strongpeak": {
        "max": 8.82916259766,
        "mean": 1.46210873127,
        "min": 0,
        "stdev": 1.18086624146
    },
    "zerocrossingrate": {
        "max": 0.25830078125,
        "mean": 0.0480219163001,
        "min": 0.01220703125,
        "stdev": 0.0303311590105
    },
    "barkbands": {
        "max": [0.000345063162968, 0.00519007444382, 0.0127381673083, 0.0394450835884, 0.0421495698392, 0.0549566112459, 0.06661914289, 0.0579036660492, 0.0192231051624, 0.0327464193106, 0.0264056343585, 0.0113501707092, 0.0126808872446, 0.0103043364361, 0.0177335608751, 0.00563476188108, 0.00657368078828, 0.00649106828496, 0.0113087948412, 0.00351018691435, 0.0137805016711, 0.0148897571489, 0.00626803003252, 0.00280285486951, 0.000828583433758, 9.14798306439e-07, 9.6533665328e-07],
        "mean": [2.13270122913e-05, 0.000230285222642, 0.000733723980375, 0.00242954515852, 0.00579749280587, 0.00417253002524, 0.00371607718989, 0.00331691186875, 0.00143317319453, 0.000792104809079, 0.000582172244322, 0.000444802164566, 0.000411315384554, 0.000305324385408, 0.000528617179953, 0.000386056752177, 0.000536335923243, 0.000313638651278, 0.000269532814855, 0.000161699994351, 0.000219564841245, 0.000198459179956, 9.42194383242e-05, 4.22558259743e-05, 1.11876170195e-05, 1.9786325911e-09, 1.93842764062e-09],
        "min": [1.39366411744e-08, 1.15821012514e-06, 5.79433788062e-07, 1.2672169305e-06, 8.56778660818e-06, 5.09842266183e-06, 1.97334156837e-05, 1.60416846029e-06, 2.43172098635e-06, 7.28753832391e-07, 8.61345142766e-07, 1.65891378856e-06, 2.64813024842e-06, 1.51594019826e-06, 3.15960915032e-06, 3.6936730794e-06, 6.56810152577e-06, 1.04240507426e-06, 7.1826588055e-07, 7.26091400338e-07, 8.76649608017e-07, 4.78889148781e-07, 2.16209159021e-07, 2.80975456235e-07, 8.05262274639e-08, 5.00702387538e-12, 8.29344665859e-12],
        "stdev": [2.6759082175e-05, 0.000368733162759, 0.000996146933176, 0.00353942345828, 0.00599399767816, 0.00600189715624, 0.00724920677021, 0.00678263697773, 0.00236962665804, 0.00225295871496, 0.00173598516267, 0.000824247370474, 0.000874935882166, 0.000696430215612, 0.00131287623663, 0.000582830689382, 0.000728727958631, 0.000521275564097, 0.000711932545528, 0.000326367211528, 0.000818005646579, 0.000869650801178, 0.000412552326452, 0.000171766529093, 3.74300980184e-05, 2.71956146491e-08, 2.83054895078e-08]
    },
    "erbbands": {
        "max": [0.059443153441, 1.40184128284, 8.91205787659, 47.9058914185, 190.477203369, 196.369918823, 439.198303223, 626.851257324, 780.591003418, 1276.5723877, 932.302001953, 569.330993652, 636.272949219, 1272.69104004, 471.084869385, 371.340545654, 689.378295898, 522.20703125, 1087.72644043, 439.865234375, 250.594726562, 468.114776611, 317.651519775, 495.959991455, 427.737304688, 167.285232544, 410.447937012, 855.252563477, 628.524414062, 248.755630493, 166.986419678, 71.9914245605, 44.8989906311, 18.215965271, 1.86327981949, 0.0512445606291, 0.00318667571992, 0.000604279222898, 0.000145672922372, 9.31981630856e-05],
        "mean": [0.00369902839884, 0.0717940554023, 0.662551403046, 4.53386259079, 15.8970527649, 18.5170688629, 21.9796772003, 39.8211174011, 44.8684692383, 70.6194458008, 62.0367927551, 38.5764923096, 21.2571563721, 31.2004699707, 22.0711231232, 18.4202632904, 19.6208534241, 16.4025707245, 23.65599823, 23.1558055878, 23.2144985199, 28.700876236, 19.9746627808, 15.7409248352, 10.5137395859, 7.60504770279, 8.56685066223, 9.00650215149, 7.52611446381, 4.24927902222, 2.49485182762, 1.21569693089, 0.563450336456, 0.214620620012, 0.0336762182415, 0.000920481281355, 6.76196432323e-05, 1.26679333334e-05, 1.65467899933e-05, 3.24983921018e-05],
        "min": [6.136817683e-05, 0.000401555938879, 0.00117099867202, 0.0145198507234, 0.0295435693115, 0.0407917350531, 0.0861639082432, 0.073916092515, 0.4473272264, 0.0977624207735, 0.0920832902193, 0.0532043389976, 0.0274362973869, 0.0222062990069, 0.0533944554627, 0.0708258077502, 0.141755744815, 0.158890724182, 0.402920752764, 0.153340741992, 0.245270356536, 0.366253137589, 0.157259196043, 0.0471269674599, 0.0706250667572, 0.0492477267981, 0.0608182959259, 0.0177551582456, 0.0162490606308, 0.00781267601997, 0.00757407862693, 0.00766377244145, 0.00208945642225, 0.00146427168511, 0.000291256117634, 8.35145510791e-06, 8.69135703851e-07, 1.83562818279e-07, 5.76241916406e-07, 1.14831254905e-06],
        "stdev": [0.00510143255815, 0.108785443008, 0.829181015491, 5.35100793839, 20.2789516449, 23.501991272, 32.439907074, 62.9572715759, 69.5773162842, 144.466537476, 103.941246033, 61.9398727417, 49.9100723267, 98.7053070068, 40.8981742859, 32.0061569214, 41.0220909119, 34.5503921509, 53.0013046265, 42.0761795044, 30.9719715118, 39.1764221191, 28.6756496429, 40.8061103821, 23.9938793182, 14.6983995438, 24.5843791962, 39.9736251831, 34.8109207153, 17.0187835693, 11.1031064987, 5.15201663971, 2.24558734894, 0.784814715385, 0.0906266197562, 0.00247236015275, 0.000171019768459, 3.34100004693e-05, 1.16958217404e-05, 1.61250209203e-05]
    },
    "gfcc": {
        "mean": [-29.1861743927, 135.707626343, -158.717300415, 42.5832023621, -84.2567977905, -7.20390510559, -47.9892959595, -12.208899498, -10.7406129837, -22.0302352905, -3.42330861092, -21.6367454529, 2.03252291679],
        "cov": [[1256.7824707, -447.612121582, -81.67527771, 120.45400238, -166.313034058, 140.437805176, -2.2205722332, 95.3768463135, -51.3494033813, 32.6056938171, -50.3756713867, 6.29574584961, -32.8601112366], [-447.612121582, 818.263549805, -11.0745306015, -293.974700928, 233.394729614, -188.404098511, 55.9232368469, -94.532333374, 66.2698898315, -87.6200485229, 58.887298584, -30.4921646118, 35.3748016357], [-81.67527771, -11.0745306015, 393.582489014, 169.790390015, -59.5268745422, 84.0719604492, -67.3040313721, -46.9162445068, -56.3815040588, 12.4587440491, -21.6131973267, 3.34701728821, 22.3395729065], [120.45400238, -293.974700928, 169.790390015, 377.918548584, -9.68721389771, 79.9342575073, -43.4521484375, -24.9290065765, -48.6597595215, 39.6423873901, -43.8235549927, 0.908436715603, 0.461890220642], [-166.313034058, 233.394729614, -59.5268745422, -9.68721389771, 236.395294189, -68.1703186035, -54.4497756958, -67.9371109009, 53.5416107178, -10.0867595673, 21.3320064545, -3.74644494057, 9.82401847839], [140.437805176, -188.404098511, 84.0719604492, 79.9342575073, -68.1703186035, 208.099365234, 28.9054985046, 36.5264434814, -73.460067749, 24.1050491333, -19.7546100616, -2.89729475975, 0.195533633232], [-2.2205722332, 55.9232368469, -67.3040313721, -43.4521484375, -54.4497756958, 28.9054985046, 238.09274292, 86.5709838867, -62.3132553101, -64.7640533447, 1.33735287189, -1.10518872738, -12.2208099365], [95.3768463135, -94.532333374, -46.9162445068, -24.9290065765, -67.9371109009, 36.5264434814, 86.5709838867, 151.097930908, -6.97471666336, -21.1035804749, -10.8108577728, 3.32792139053, -19.9767894745], [-51.3494033813, 66.2698898315, -56.3815040588, -48.6597595215, 53.5416107178, -73.460067749, -62.3132553101, -6.97471666336, 169.21156311, 60.9291915894, -1.13207542896, -20.0738792419, -16.787355423], [32.6056938171, -87.6200485229, 12.4587440491, 39.6423873901, -10.0867595673, 24.1050491333, -64.7640533447, -21.1035804749, 60.9291915894, 114.657859802, 13.1698112488, -18.9778671265, -14.1496706009], [-50.3756713867, 58.887298584, -21.6131973267, -43.8235549927, 21.3320064545, -19.7546100616, 1.33735287189, -10.8108577728, -1.13207542896, 13.1698112488, 73.5449371338, 35.693813324, -4.47355031967], [6.29574584961, -30.4921646118, 3.34701728821, 0.908436715603, -3.74644494057, -2.89729475975, -1.10518872738, 3.32792139053, -20.0738792419, -18.9778671265, 35.693813324, 78.3481063843, 22.2885875702], [-32.8601112366, 35.3748016357, 22.3395729065, 0.461890220642, 9.82401847839, 0.195533633232, -12.2208099365, -19.9767894745, -16.787355423, -14.1496706009, -4.47355031967, 22.2885875702, 59.4863853455]],
        "icov": [[0.0011088977335, -0.000171872947249, 0.000842895591632, -0.000545273534954, 0.000870645453688, -0.000658577249851, 0.000652982736938, -0.000314548728056, 0.000199411631911, -2.46683284786e-05, 0.000652948219795, -0.000569514522795, 0.000602246436756], [-0.000171872947249, 0.00862183142453, -0.00578780425712, 0.00667190970853, -0.00783638469875, 0.00405081547797, -0.00557630928233, 0.002628745744, -0.00187835970428, 0.00291805923916, -0.00522156897932, 0.00714768702164, -0.00498907873407], [0.000842895591632, -0.00578780425712, 0.00839008949697, -0.00645108753815, 0.00733055872843, -0.00444799847901, 0.00539408484474, -0.0007265182212, 0.000953001552261, 4.7067169362e-05, 0.00227944017388, -0.00375791476108, 0.00233447831124], [-0.000545273534954, 0.00667190970853, -0.00645108753815, 0.0100081721321, -0.0080283228308, 0.00365845370106, -0.00494652613997, 0.00209062010981, 0.00115519308019, -0.00202508131042, 0.00131252210122, 0.00210364395753, -0.00176934967749], [0.000870645453688, -0.00783638469875, 0.00733055872843, -0.0080283228308, 0.0146729163826, -0.0046897358261, 0.00670986017212, 0.000100056095107, -0.00178251811303, 0.00258559873328, -9.94074143819e-05, -0.00330190244131, 0.00279638892971], [-0.000658577249851, 0.00405081547797, -0.00444799847901, 0.00365845370106, -0.0046897358261, 0.0106807649136, -0.00387353356928, -0.00101570528932, 0.00420690188184, -0.00485641276464, 0.00122162920889, 0.00188125506975, -0.00210914085619], [0.000652982736938, -0.00557630928233, 0.00539408484474, -0.00494652613997, 0.00670986017212, -0.00387353356928, 0.011186696589, -0.00455607054755, 0.00208937353455, 0.0025144200772, 0.000346020824509, -0.00180536787957, 0.00325243966654], [-0.000314548728056, 0.002628745744, -0.0007265182212, 0.00209062010981, 0.000100056095107, -0.00101570528932, -0.00455607054755, 0.0119287697598, -0.00350026623346, 0.00340408529155, -0.000443776720203, 0.000216069689486, 0.00128395145293], [0.000199411631911, -0.00187835970428, 0.000953001552261, 0.00115519308019, -0.00178251811303, 0.00420690188184, 0.00208937353455, -0.00350026623346, 0.0143817421049, -0.0113779613748, 0.00847525615245, -0.00466003036126, 0.00413021771237], [-2.46683284786e-05, 0.00291805923916, 4.7067169362e-05, -0.00202508131042, 0.00258559873328, -0.00485641276464, 0.0025144200772, 0.00340408529155, -0.0113779613748, 0.0243919454515, -0.0158693008125, 0.0122700650245, -0.00370194460265], [0.000652948219795, -0.00522156897932, 0.00227944017388, 0.00131252210122, -9.94074143819e-05, 0.00122162920889, 0.000346020824509, -0.000443776720203, 0.00847525615245, -0.0158693008125, 0.0350143201649, -0.0233195573092, 0.0125217083842], [-0.000569514522795, 0.00714768702164, -0.00375791476108, 0.00210364395753, -0.00330190244131, 0.00188125506975, -0.00180536787957, 0.000216069689486, -0.00466003036126, 0.0122700650245, -0.0233195573092, 0.0323283448815, -0.0151925003156], [0.000602246436756, -0.00498907873407, 0.00233447831124, -0.00176934967749, 0.00279638892971, -0.00210914085619, 0.00325243966654, 0.00128395145293, 0.00413021771237, -0.00370194460265, 0.0125217083842, -0.0151925003156, 0.0268106870353]]
    },
    "melbands": {
        "max": [0.00101934373379, 0.00341684930027, 0.0152690950781, 0.0113414945081, 0.0118102272972, 0.0124444281682, 0.00987209752202, 0.0114916050807, 0.00663181161508, 0.00376519560814, 0.00310616497882, 0.00557647645473, 0.00261058425531, 0.00151639932301, 0.00119404320139, 0.00103306933306, 0.00115970021579, 0.00166572723538, 0.00144439935684, 0.000398141361075, 0.000313551863655, 0.000531713361852, 0.000593377917539, 0.000251326215221, 0.000459254486486, 0.000479284994071, 0.000124151163618, 0.000158080292749, 0.000301055813907, 0.000301220250549, 0.000553878198843, 0.000401490280638, 0.000178235408384, 0.000140484451549, 0.000115672264656, 6.82868485455e-05, 4.36479822383e-05, 3.1963994843e-05, 2.80383501376e-05, 1.27362472995e-05],
        "mean": [4.90816346428e-05, 0.000288503506454, 0.00115428084973, 0.00127003400121, 0.000789421086665, 0.000859712308738, 0.00072716944851, 0.00078194757225, 0.000462261203211, 0.00022448458185, 9.79473770713e-05, 0.000124862170196, 7.44804565329e-05, 5.62110653846e-05, 4.07154657296e-05, 3.98927295464e-05, 2.96765829262e-05, 3.40067890647e-05, 4.19999778387e-05, 2.62959856627e-05, 2.70505897788e-05, 3.00921401504e-05, 2.70315522357e-05, 1.22205919979e-05, 1.3195685824e-05, 7.99198915047e-06, 5.62422155781e-06, 5.0196531447e-06, 5.15071451446e-06, 5.74258410779e-06, 5.09600840815e-06, 4.62023081127e-06, 3.07492314278e-06, 2.05621131499e-06, 1.47720652421e-06, 1.0795478147e-06, 6.13965994489e-07, 4.23218551759e-07, 2.72633144505e-07, 1.50170976099e-07],
        "min": [6.8333758918e-07, 8.54324639477e-07, 2.86391264126e-06, 3.06444803755e-06, 3.1727570331e-06, 1.67827101905e-06, 6.17330624664e-06, 9.31892259359e-07, 5.46818910152e-07, 3.13009564934e-07, 1.34336943347e-07, 7.47992885408e-08, 1.58647949888e-07, 2.21018055413e-07, 2.52771428677e-07, 2.83114275135e-07, 1.67453251265e-07, 3.66512210803e-07, 1.99620032504e-07, 2.30116128819e-07, 2.62379842297e-07, 2.77870611853e-07, 2.62615515112e-07, 3.2783312065e-08, 1.64456626095e-08, 2.8740814173e-08, 4.93343534913e-08, 1.61770898899e-08, 3.2084262358e-08, 1.85209501069e-08, 5.88044857253e-09, 7.71676589295e-09, 5.87442494648e-09, 3.09149861266e-09, 3.34003114055e-09, 2.87322321491e-09, 5.36485922353e-09, 9.871998774e-10, 1.26263133282e-09, 8.99955998612e-10],
        "stdev": [7.12729597581e-05, 0.000336982164299, 0.0013671425404, 0.00137097621337, 0.00106495979708, 0.00129959452897, 0.00114739092533, 0.00157479301561, 0.000749126134906, 0.000400902034016, 0.000248170777922, 0.000404528633226, 0.00017312480486, 0.000105919723865, 7.87929020589e-05, 8.43583839014e-05, 7.12177061359e-05, 7.54458305892e-05, 0.000115247945359, 3.87492582377e-05, 3.77670221496e-05, 4.42417767772e-05, 4.15937502112e-05, 2.25004168897e-05, 3.7875623093e-05, 2.05297656066e-05, 1.19736941997e-05, 1.0162633771e-05, 1.45004769365e-05, 2.04276366276e-05, 2.46169565798e-05, 2.21072423301e-05, 1.33443063532e-05, 8.5876954472e-06, 6.89781745677e-06, 4.85096416014e-06, 2.58010982179e-06, 1.6256839217e-06, 1.16561068353e-06, 5.19257014275e-07]
    },
    "melbands128": {
        "max": [0.000150758060045, 0.000383025850169, 0.0012685576221, 0.00291464757174, 0.00497319782153, 0.00800652522594, 0.00946305505931, 0.0281524471939, 0.022476837039, 0.0193088129163, 0.0142229665071, 0.0185519140214, 0.0220409426838, 0.0192872453481, 0.0240185130388, 0.0172855965793, 0.0237835682929, 0.01705365628, 0.0272476207465, 0.0246306322515, 0.0221693236381, 0.0173237286508, 0.0121572669595, 0.00546806259081, 0.00527835777029, 0.00659349421039, 0.00493044918403, 0.00624957308173, 0.00464275013655, 0.0106214443222, 0.00873471982777, 0.00872598588467, 0.00351124582812, 0.00215019076131, 0.00245026708581, 0.00277879554778, 0.00178607006092, 0.00130366242956, 0.0022291643545, 0.00265964865685, 0.0017125121085, 0.00116901309229, 0.00159261305816, 0.00258724251762, 0.000842014676891, 0.00280116521753, 0.00383983412758, 0.00362372817472, 0.000990499160253, 0.000970804074313, 0.000676521274727, 0.000950958929025, 0.000607176800258, 0.000546758645214, 0.000572941557039, 0.000893351738341, 0.000744110730011, 0.000847466231789, 0.00108385854401, 0.000653061433695, 0.000302905478748, 0.00042901179404, 0.000622076215222, 0.000733772059903, 0.000810253783129, 0.000641082064249, 0.000475698587252, 0.000310490373522, 0.000155821908265, 0.000111578818178, 0.000266176881269, 0.000486193603138, 0.000202402341529, 0.000514665327501, 0.000290408410365, 0.00039986873162, 0.000524681236129, 0.000685211445671, 0.000464156561065, 0.000550675555132, 0.000460884009954, 0.000350279966369, 0.000435751513578, 0.000213017658098, 0.000157712609507, 0.000220637826715, 0.000189652913832, 0.000158787661348, 0.00015017836995, 0.000110889777716, 9.86198865576e-05, 9.65011349763e-05, 5.06099531776e-05, 5.38857602805e-05, 5.0563019613e-05, 3.22567393596e-05, 2.37262611336e-05, 5.07241566083e-05, 3.06252622977e-05, 2.35506267927e-05, 1.43166935231e-05, 1.59783921845e-05, 6.08785421718e-06, 4.15035492551e-06, 5.23606047409e-07, 6.97090696278e-09, 6.81034428851e-09, 6.55839249575e-09, 6.29954532982e-09, 6.04378014302e-09, 5.79738967943e-09, 5.57292567649e-09, 5.36126743e-09, 5.169702888e-09, 4.98869967558e-09, 4.82531925527e-09, 4.67292293749e-09, 4.52695481101e-09, 4.38604796926e-09, 4.27192459185e-09, 4.16701473327e-09, 4.07686506776e-09, 3.99301658405e-09, 3.924389258e-09, 3.87091381171e-09, 3.82340914484e-09, 3.78910991472e-09, 3.76819864201e-09],
        "mean": [1.29080472107e-05, 1.89960483112e-05, 5.48449643247e-05, 0.000122909259517, 0.000226234595175, 0.000410444336012, 0.000745703582652, 0.00142952031456, 0.00176062167156, 0.00128351338208, 0.000977276125923, 0.000835696293507, 0.000703532248735, 0.000740503892303, 0.00101189315319, 0.000866588146891, 0.000623726809863, 0.000675146933645, 0.000909000227693, 0.000760569761042, 0.000834709615447, 0.000556837941986, 0.000496838300023, 0.000212111932342, 0.000254073558608, 0.000248547934461, 8.84020628291e-05, 9.96746966848e-05, 6.44858228043e-05, 0.000136545786518, 0.000154069683049, 8.86072521098e-05, 5.77715800318e-05, 8.08319018688e-05, 5.65181908314e-05, 5.11042417202e-05, 5.20718313055e-05, 2.83601784759e-05, 4.3692161853e-05, 5.11449179612e-05, 4.08273917856e-05, 2.18280438276e-05, 2.64390382654e-05, 3.93229311157e-05, 2.48453761742e-05, 2.78326751868e-05, 4.98625522596e-05, 5.50236545678e-05, 3.09911702061e-05, 2.32800284721e-05, 2.48535998253e-05, 3.23734348058e-05, 2.37270342041e-05, 2.38104876189e-05, 3.59245459549e-05, 2.91761843982e-05, 2.54126171058e-05, 3.70213747374e-05, 2.39763794525e-05, 1.52222064571e-05, 1.04414339148e-05, 9.94939455268e-06, 1.63889835676e-05, 1.42244916788e-05, 8.09567154647e-06, 6.26011751592e-06, 1.00961260614e-05, 6.78806009091e-06, 4.02734031013e-06, 4.39968152932e-06, 4.72493275083e-06, 5.74254909225e-06, 5.66763583265e-06, 4.70999066238e-06, 4.74789021609e-06, 6.41689075564e-06, 5.88363036513e-06, 4.97928840559e-06, 4.75014530821e-06, 5.5959758356e-06, 4.86436829306e-06, 4.28241082773e-06, 3.83257702197e-06, 2.88947398985e-06, 2.54872452388e-06, 2.34235767493e-06, 1.84952989457e-06, 1.51284837102e-06, 1.5154155335e-06, 1.42423186844e-06, 1.21113851037e-06, 1.03904403659e-06, 7.40391271847e-07, 5.63985963709e-07, 5.97429902882e-07, 4.62638951149e-07, 3.9516064021e-07, 3.40709533475e-07, 2.91437316946e-07, 2.28633595611e-07, 1.85335849778e-07, 1.3517878017e-07, 1.10167789558e-07, 8.41379588223e-08, 1.16471658984e-08, 4.89948706606e-11, 1.82451501823e-11, 1.43005130307e-11, 1.32604266109e-11, 1.26453066768e-11, 1.22182732681e-11, 1.19944453675e-11, 1.189363278e-11, 1.1446963169e-11, 1.09750290453e-11, 1.07153903806e-11, 9.58988704419e-12, 9.06193002581e-12, 8.79941779164e-12, 8.56709668484e-12, 8.35813623173e-12, 8.1694651044e-12, 8.00970661324e-12, 7.86733178604e-12, 7.74481260374e-12, 7.62906578189e-12, 7.55073000652e-12, 7.50765422053e-12],
        "min": [8.50267589669e-09, 2.10270059142e-07, 1.50327110759e-07, 2.93220026037e-08, 2.68305257123e-07, 2.59228102095e-07, 9.46073043906e-07, 5.26231815456e-07, 3.11275329068e-07, 6.97902976299e-07, 1.27072951273e-06, 1.5248742784e-06, 4.43600669087e-07, 3.94289031647e-07, 2.70173899253e-07, 4.3046435394e-07, 4.6693125455e-07, 1.99733608497e-06, 5.23816652276e-07, 2.30924655398e-07, 1.07555692352e-07, 1.29855095565e-07, 1.22452135543e-07, 2.02305869834e-07, 2.37915038781e-08, 1.0389143057e-07, 3.10171763829e-08, 3.57937324225e-08, 6.47045794722e-08, 1.33231479182e-08, 4.90116001117e-08, 4.31386411037e-08, 2.82891896575e-08, 1.2334277244e-07, 1.30250512598e-07, 9.76056639956e-08, 5.12818836285e-08, 8.52395913853e-08, 7.79649695914e-08, 1.56040044885e-07, 1.32185718371e-07, 9.94671935928e-08, 7.13215655423e-08, 5.67365461279e-08, 7.29764977336e-08, 5.66116256095e-08, 1.32060918645e-07, 1.29207606392e-07, 1.87929547479e-08, 3.55853480016e-08, 1.0077457091e-07, 1.62819574712e-07, 8.917065486e-08, 1.30467881831e-07, 2.03504541219e-07, 1.51954381522e-07, 2.0035268733e-07, 8.74854535482e-08, 8.19822503217e-08, 3.51429747525e-08, 2.27543566211e-08, 1.41988936164e-08, 9.57000700907e-09, 1.25973178555e-08, 1.99008027835e-08, 2.79994392116e-08, 2.77264149418e-08, 1.91344149414e-08, 2.68610129694e-08, 9.78255432216e-09, 1.26363488562e-08, 2.18900524374e-08, 2.02942551653e-08, 2.67177835411e-08, 2.40106921012e-08, 1.69404259509e-08, 8.33779889575e-09, 7.31267046916e-09, 6.30419050296e-09, 3.42038886103e-09, 4.3439101205e-09, 8.03483501954e-09, 8.58311643981e-09, 4.17025303179e-09, 4.29400870416e-09, 2.88757040501e-09, 1.98540472951e-09, 1.80757597779e-09, 2.14611373117e-09, 1.37766087427e-09, 1.57873025763e-09, 1.36194022726e-09, 5.31184829455e-09, 6.77236622337e-09, 1.27931942817e-09, 5.43202982595e-10, 9.44629041655e-10, 1.14971543397e-09, 1.03884156832e-09, 8.68974336932e-10, 6.36392938347e-10, 1.01931685315e-09, 5.4368060054e-10, 4.81566009292e-10, 2.96585950244e-11, 1.92214354242e-13, 2.22832565795e-14, 2.61838348312e-14, 3.14142734449e-14, 2.50255935088e-14, 2.01376984071e-14, 2.54281408348e-14, 2.81263778408e-14, 2.80840736273e-14, 2.11063093814e-14, 2.70819421711e-14, 2.24232270799e-14, 3.01240355902e-14, 2.77793670771e-14, 3.1441835897e-14, 2.58410660085e-14, 2.99554116592e-14, 2.94376983456e-14, 2.33659408689e-14, 1.81580536604e-14, 9.19255211502e-15, 1.4512450537e-15, 8.7589347735e-17],
        "stdev": [1.29479203679e-05, 2.81282918877e-05, 9.95187510853e-05, 0.000220470115892, 0.000384021434002, 0.000574913108721, 0.00100857159123, 0.00235234573483, 0.0025954216253, 0.00198539113626, 0.00158195197582, 0.00157454737928, 0.00139266718179, 0.00162258988712, 0.00201564352028, 0.00173577410169, 0.00154875777662, 0.00142997235525, 0.00248327362351, 0.00210905517451, 0.00254836911336, 0.00143832236063, 0.0010088608833, 0.000501826871186, 0.000510106619913, 0.000648873508908, 0.000310005125357, 0.000392148620449, 0.000274180201814, 0.000561751134228, 0.00061031250516, 0.000437921960838, 0.000169930630364, 0.000169402599568, 0.000149579005665, 0.000152682274347, 0.000113932299428, 8.81829473656e-05, 0.000146569422213, 0.000142257136758, 0.000114330810902, 6.91391833243e-05, 9.10790549824e-05, 0.000124406884424, 7.20001407899e-05, 0.000100388482679, 0.000161174422828, 0.00024198491883, 7.92348873802e-05, 5.18657434441e-05, 4.88785699417e-05, 6.49685607641e-05, 4.84295705974e-05, 4.70591694466e-05, 5.97534744884e-05, 6.24170061201e-05, 5.49870055693e-05, 7.40216928534e-05, 5.26181684108e-05, 3.63687468052e-05, 2.33393438975e-05, 2.59056469076e-05, 5.52736964892e-05, 4.93268489663e-05, 3.09373826894e-05, 2.17104516196e-05, 2.88287355943e-05, 2.18027853407e-05, 1.05264962258e-05, 9.65954404819e-06, 1.22932387967e-05, 1.71180345205e-05, 1.67642429005e-05, 1.77747660928e-05, 1.60059171321e-05, 2.11758724618e-05, 2.59683329205e-05, 2.72595116257e-05, 2.44036309596e-05, 2.5070290576e-05, 2.65162852884e-05, 2.03751587833e-05, 1.98892539629e-05, 1.38011828312e-05, 9.68411586655e-06, 1.04713417386e-05, 8.33053036331e-06, 7.25729705664e-06, 7.84108124208e-06, 7.08046763975e-06, 5.54528651264e-06, 5.05026628161e-06, 3.35292702403e-06, 2.61345235231e-06, 2.4501957796e-06, 1.79560106517e-06, 1.42249984947e-06, 1.79248252152e-06, 1.26889369767e-06, 9.25695530896e-07, 6.6219558903e-07, 5.2981005183e-07, 3.18438225122e-07, 1.9834089926e-07, 3.17026902508e-08, 2.44112396963e-10, 2.0724116867e-10, 1.96237401329e-10, 1.86880330655e-10, 1.78804845929e-10, 1.71759551026e-10, 1.65229344096e-10, 1.62600488629e-10, 1.55793725143e-10, 1.49856224652e-10, 1.45855091893e-10, 1.37153483015e-10, 1.32719363277e-10, 1.28672517086e-10, 1.25316104715e-10, 1.22237026057e-10, 1.19522405861e-10, 1.17147597178e-10, 1.15069336004e-10, 1.13438321236e-10, 1.12050917156e-10, 1.11046540019e-10, 1.10435896539e-10]
    },
    "mfcc": {
        "mean": [-645.772888184, 136.714767456, -12.2263050079, 26.4054412842, -8.68815898895, -6.76116323471, -21.5095424652, -6.11631393433, -8.35224819183, -8.5140838623, -9.13810062408, -0.0404787585139, -5.45208644867],
        "cov": [[1429.58605957, -604.758972168, 3.53819441795, -54.1060714722, -112.366912842, 1.61800777912, 49.5705795288, 55.9474143982, 40.3446998596, 44.769241333, 47.3576011658, -5.09471273422, -24.3662223816], [-604.758972168, 1081.07348633, -273.888702393, -90.6579666138, 47.1834564209, -98.7169494629, -46.3399391174, -15.7315826416, -25.0471439362, -54.3126373291, -47.3316307068, 57.7593574524, 0.414262801409], [3.53819441795, -273.888702393, 501.963439941, 56.517993927, -7.46821165085, 86.7181472778, 50.971786499, -15.7674474716, -0.814063549042, -3.01160550117, -44.4650993347, -39.2734527588, 29.8890800476], [-54.1060714722, -90.6579666138, 56.517993927, 247.84588623, 68.3871002197, 41.248249054, -15.3420066833, -20.1380977631, -0.451868385077, -14.466050148, -21.7428665161, -21.3248500824, 14.3035745621], [-112.366912842, 47.1834564209, -7.46821165085, 68.3871002197, 276.941802979, 77.2535934448, -121.720413208, -95.9250106812, -31.9161872864, -8.47131347656, -7.12402868271, -22.0231189728, 13.5188846588], [1.61800777912, -98.7169494629, 86.7181472778, 41.248249054, 77.2535934448, 162.060974121, 6.97225809097, -61.9375572205, -11.2885332108, 10.9569015503, -12.7804555893, -20.0124797821, 11.6006450653], [49.5705795288, -46.3399391174, 50.971786499, -15.3420066833, -121.720413208, 6.97225809097, 230.338470459, 109.751655579, -3.44858050346, -14.0647115707, -17.5119838715, -25.6153888702, -16.6997947693], [55.9474143982, -15.7315826416, -15.7674474716, -20.1380977631, -95.9250106812, -61.9375572205, 109.751655579, 166.175079346, 31.1360836029, -22.3272647858, 5.24865150452, -10.5845136642, -24.7201251984], [40.3446998596, -25.0471439362, -0.814063549042, -0.451868385077, -31.9161872864, -11.2885332108, -3.44858050346, 31.1360836029, 89.6060180664, 41.0140609741, 5.22910404205, -4.53541278839, -12.116648674], [44.769241333, -54.3126373291, -3.01160550117, -14.466050148, -8.47131347656, 10.9569015503, -14.0647115707, -22.3272647858, 41.0140609741, 112.315345764, 42.9112014771, -8.46737575531, -11.1388950348], [47.3576011658, -47.3316307068, -44.4650993347, -21.7428665161, -7.12402868271, -12.7804555893, -17.5119838715, 5.24865150452, 5.22910404205, 42.9112014771, 112.949386597, 37.7500648499, -17.3440113068], [-5.09471273422, 57.7593574524, -39.2734527588, -21.3248500824, -22.0231189728, -20.0124797821, -25.6153888702, -10.5845136642, -4.53541278839, -8.46737575531, 37.7500648499, 104.662994385, 19.8392028809], [-24.3662223816, 0.414262801409, 29.8890800476, 14.3035745621, 13.5188846588, 11.6006450653, -16.6997947693, -24.7201251984, -12.116648674, -11.1388950348, -17.3440113068, 19.8392028809, 76.8676147461]],
        "icov": [[0.0010178538505, 0.000686380488332, 0.000316468911478, 0.000336989352945, 0.000133104302222, 3.12205629598e-05, -3.18858656101e-05, -7.02623801772e-05, -0.000170393715962, -4.33135319327e-05, 0.000182355230208, -0.000226330681471, 0.000141967946547], [0.000686380488332, 0.00175578636117, 0.000797311542556, 0.000630486698356, -0.000497729692142, 0.000778116344009, -0.000357468350558, 0.00031334310188, -0.000148695413372, 0.000126847618958, 0.00121306034271, -0.00101089198142, 0.000303537788568], [0.000316468911478, 0.000797311542556, 0.00278533971868, -6.32580777165e-05, 0.000289486895781, -0.000864430097863, -0.000446731719421, 0.000294346013106, -0.000218506305828, 0.00011841023661, 0.000883805158082, 0.00025317404652, -0.000781315611675], [0.000336989352945, 0.000630486698356, -6.32580777165e-05, 0.00485487747937, -0.00119019160047, -0.000211334205233, -0.000229669603868, 0.000130499174702, -0.00093722215388, 0.000867266557179, 0.000430868094554, 0.000276200240478, -0.00053821655456], [0.000133104302222, -0.000497729692142, 0.000289486895781, -0.00119019160047, 0.0071039465256, -0.00338718155399, 0.00384493987076, 1.68801523159e-06, 0.00185523263644, 0.000756956753321, -0.000941574049648, 0.00245326478034, -0.000192047009477], [3.12205629598e-05, 0.000778116344009, -0.000864430097863, -0.000211334205233, -0.00338718155399, 0.0108185764402, -0.00426794309169, 0.00513528380543, -0.00164167932235, 3.43879728462e-05, 9.39418750932e-05, -3.76104908355e-05, -0.000154490786372], [-3.18858656101e-05, -0.000357468350558, -0.000446731719421, -0.000229669603868, 0.00384493987076, -0.00426794309169, 0.0101489815861, -0.0070976652205, 0.00440257461742, -0.00163997302298, 0.00141955108847, 0.00117822817992, 0.000571027747355], [-7.02623801772e-05, 0.00031334310188, 0.000294346013106, 0.000130499174702, 1.68801523159e-06, 0.00513528380543, -0.0070976652205, 0.0152129065245, -0.00710067013279, 0.00596071546897, -0.00338334473781, 0.00197150255553, 0.000884630659129], [-0.000170393715962, -0.000148695413372, -0.000218506305828, -0.00093722215388, 0.00185523263644, -0.00164167932235, 0.00440257461742, -0.00710067013279, 0.0182195901871, -0.00877568218857, 0.00389721780084, -0.00140059203841, 0.00164167722687], [-4.33135319327e-05, 0.000126847618958, 0.00011841023661, 0.000867266557179, 0.000756956753321, 3.43879728462e-05, -0.00163997302298, 0.00596071546897, -0.00877568218857, 0.0165040101856, -0.00760218966752, 0.00433158036321, -0.000624513078947], [0.000182355230208, 0.00121306034271, 0.000883805158082, 0.000430868094554, -0.000941574049648, 9.39418750932e-05, 0.00141955108847, -0.00338334473781, 0.00389721780084, -0.00760218966752, 0.015806529671, -0.00731515558437, 0.00396639294922], [-0.000226330681471, -0.00101089198142, 0.00025317404652, 0.000276200240478, 0.00245326478034, -3.76104908355e-05, 0.00117822817992, 0.00197150255553, -0.00140059203841, 0.00433158036321, -0.00731515558437, 0.0151052540168, -0.00489416485652], [0.000141967946547, 0.000303537788568, -0.000781315611675, -0.00053821655456, -0.000192047009477, -0.000154490786372, 0.000571027747355, 0.000884630659129, 0.00164167722687, -0.000624513078947, 0.00396639294922, -0.00489416485652, 0.0162487439811]]
    },
    "spectral_contrast_coeffs": {
        "max": [-0.36319309473, -0.447436988354, -0.544762909412, -0.604415416718, -0.569383203983, -0.486981242895],
        "mean": [-0.607895314693, -0.691255748272, -0.749679207802, -0.768418729305, -0.774961411953, -0.74397110939],
        "min": [-0.837546288967, -0.904227495193, -0.905635118484, -0.891481518745, -0.872454404831, -0.8571652174],
        "stdev": [0.0731785520911, 0.0804045721889, 0.0598732531071, 0.0529275722802, 0.046898894012, 0.039149209857]
    },
    "spectral_contrast_valleys": {
        "max": [-5.43075752258, -5.02609109879, -4.89878034592, -6.16128540039, -5.40414428711, -7.81841278076],
        "mean": [-7.10475683212, -6.42004156113, -7.50833368301, -7.70895814896, -7.59510660172, -10.6228723526],
        "min": [-9.25119686127, -8.97711372375, -9.69582843781, -9.16088485718, -9.21514034271, -12.4867353439],
        "stdev": [0.591228067875, 0.512904167175, 0.541633248329, 0.438829183578, 0.478595525026, 0.736100256443]
    }
},
"rhythm": {
    "beats_count": 76,
    "beats_loudness": {
        "max": 0.0629682540894,
        "mean": 0.0313055180013,
        "min": 0.00490246620029,
        "stdev": 0.0131580950692
    },
    "bpm": 93.8494338989,
    "bpm_histogram_first_peak_bpm": 94,
    "bpm_histogram_first_peak_weight": 0.452054738998,
    "bpm_histogram_second_peak_bpm": 89,
    "bpm_histogram_second_peak_spread": 0,
    "bpm_histogram_second_peak_weight": 0.0133333336562,
    "danceability": 1.13171970844,
    "onset_rate": 3.322265625,
    "beats_loudness_band_ratio": {
        "max": [0.781006455421, 0.716582298279, 0.880146980286, 0.647708117962, 0.412797123194, 0.803777933121],
        "mean": [0.252676308155, 0.327919721603, 0.269483238459, 0.0995797887444, 0.0802412852645, 0.0663605779409],
        "min": [0.00589921930805, 0.0149395987391, 0.0131934899837, 0.00134503678419, 0.00618760148063, 0.00130200490821],
        "stdev": [0.202479690313, 0.209003567696, 0.217403829098, 0.157000631094, 0.0776087269187, 0.154492452741]
    },
