{
"metadata": {
    "version": {
        "essentia": "2.1-beta5",
        "essentia_git_sha": "Undefined",
        "extractor": "music 2.0"
    },
    "audio_properties": {
        "analysis": {
            "equal_loudness": 0,
            "length": 12.7477550507,
            "sample_rate": 44100,
            "start_time": 0,
            "downmix": "mix"
        },
        "bit_rate": 192000,
        "length": 144.89251709,
        "lossless": 0,
        "number_channels": 2,
        "replay_gain": 0.386745452881,
        "sample_rate": 44100,
        "codec": "mp3",
        "md5_encoded": "84fa7d713607cc9722a6f2f98e378fbf"
    },
    "tags": {
        "file_name": "Portugal_O Vento Mudou_Eduardo Nascimento.mp3",
        "encoding": ["Lavf58.29.100"]
    }
},
"lowlevel": {
    "average_loudness": 0.882905423641,
    "barkbands_crest": {
        "max": 21.0589580536,
        "mean": 10.8913011551,
        "min": 2.49521565437,
        "stdev": 3.90689086914
    },
    "barkbands_flatness_db": {
        "max": 0.367694169283,
        "mean": 0.192098021507,
        "min": 0.0605806075037,
        "stdev": 0.055552996695
    },
    "barkbands_kurtosis": {
        "max": 75.8429412842,
        "mean": 10.4179849625,
        "min": -1.85644900799,
        "stdev": 13.1376657486
    },
    "barkbands_skewness": {
        "max": 6.99908351898,
        "mean": 1.79453015327,
        "min": -4.69925832748,
        "stdev": 1.88200211525
    },
    "barkbands_spread": {
        "max": 81.9576644897,
        "mean": 13.20561409,
        "min": 1.55520665646,
        "stdev": 11.0582227707
    },
    "dissonance": {
        "max": 0.500000059605,
        "mean": 0.453958839178,
        "min": 0.205568835139,
        "stdev": 0.0438831932843
    },
    "dynamic_complexity": 10.5982751846,
    "erbbands_crest": {
        "max": 27.4832782745,
        "mean": 9.63053321838,
        "min": 2.3827214241,
        "stdev": 4.32077789307
    },
    "erbbands_flatness_db": {
        "max": 0.361164003611,
        "mean": 0.202792003751,
        "min": 0.0911578983068,
        "stdev": 0.0697767734528
    },
    "erbbands_kurtosis": {
        "max": 34.0327186584,
        "mean": 1.81023693085,
        "min": -1.73951387405,
        "stdev": 4.52991437912
    },
    "erbbands_skewness": {
        "max": 3.49062776566,
        "mean": 0.491435050964,
        "min": -4.95011091232,
        "stdev": 1.17681360245
    },
    "erbbands_spread": {
        "max": 105.182884216,
        "mean": 32.7506408691,
        "min": 2.54357123375,
        "stdev": 18.0578384399
    },
    "hfc": {
        "max": 76.7372512817,
        "mean": 11.9702157974,
        "min": 1.22469701282e-16,
        "stdev": 17.3687858582
    },
    "loudness_ebu128": {
        "integrated": -25.7550315857,
        "loudness_range": 5.27390480042,
        "momentary": {
            "max": -22.1469078064,
            "mean": -32.1470985413,
            "min": -48.9571075439,
            "stdev": 9.47408485413
        },
        "short_term": {
            "max": -24.9339504242,
            "mean": -27.6018886566,
            "min": -40.0393295288,
            "stdev": 2.69684672356
        }
    },
    "melbands_crest": {
        "max": 28.905090332,
        "mean": 14.7468709946,
        "min": 2.33956933022,
        "stdev": 5.22628068924
    },
    "melbands_flatness_db": {
        "max": 0.476310521364,
        "mean": 0.249859839678,
        "min": 0.00614736694843,
        "stdev": 0.0892050564289
    },
    "melbands_kurtosis": {
        "max": 142.861999512,
        "mean": 19.217092514,
        "min": -1.8333312273,
        "stdev": 22.9236488342
    },
    "melbands_skewness": {
        "max": 8.75783061981,
        "mean": 2.65452504158,
        "min": -2.42653679848,
        "stdev": 1.99871051311
    },
    "melbands_spread": {
        "max": 192.39831543,
        "mean": 20.5552806854,
        "min": 1.15766704082,
        "stdev": 28.5261650085
    },
    "pitch_salience": {
        "max": 0.9049077034,
        "mean": 0.63896304369,
        "min": 0.350840181112,
        "stdev": 0.102690272033
    },
    "silence_rate_20dB": {
        "max": 1,
        "mean": 1,
        "min": 1,
        "stdev": 0
    },
    "silence_rate_30dB": {
        "max": 1,
        "mean": 1,
        "min": 1,
        "stdev": 0
    },
    "silence_rate_60dB": {
        "max": 1,
        "mean": 0.485454559326,
        "min": 0,
        "stdev": 0.49978724122
    },
    "spectral_centroid": {
        "max": 10917.6474609,
        "mean": 1210.21533203,
        "min": 193.729187012,
        "stdev": 1036.88757324
    },
    "spectral_complexity": {
        "max": 38,
        "mean": 9.38909053802,
        "min": 0,
        "stdev": 9.93640422821
    },
    "spectral_decrease": {
        "max": -9.85294023413e-30,
        "mean": -3.0181082078e-09,
        "min": -1.86603887897e-08,
        "stdev": 4.21096713055e-09
    },
    "spectral_energy": {
        "max": 0.0754945427179,
        "mean": 0.0124767720699,
        "min": 1.11455487036e-20,
        "stdev": 0.0172316152602
    },
    "spectral_energyband_high": {
        "max": 0.0143880685791,
        "mean": 0.000358233519364,
        "min": 8.21543263587e-21,
        "stdev": 0.00137096142862
    },
    "spectral_energyband_low": {
        "max": 0.00535740982741,
        "mean": 0.000533592130523,
        "min": 6.08599751273e-23,
        "stdev": 0.000699927681126
    },
    "spectral_energyband_middle_high": {
        "max": 0.058873321861,
        "mean": 0.00371645228006,
        "min": 1.58489643096e-21,
        "stdev": 0.00764047680423
    },
    "spectral_energyband_middle_low": {
        "max": 0.0608565732837,
        "mean": 0.00823823362589,
        "min": 3.6908110793e-22,
        "stdev": 0.0121526820585
    },
    "spectral_entropy": {
        "max": 9.80794334412,
        "mean": 7.25093460083,
        "min": 5.30552244186,
        "stdev": 0.53839379549
    },
    "spectral_flux": {
        "max": 0.29625660181,
        "mean": 0.0633377805352,
        "min": 1.05572481313e-10,
        "stdev": 0.060756765306
    },
    "spectral_kurtosis": {
        "max": 111.147918701,
        "mean": 7.9110956192,
        "min": -1.18272018433,
        "stdev": 12.0243654251
    },
    "spectral_rms": {
        "max": 0.00858214497566,
        "mean": 0.00257740356028,
        "min": 3.29753021763e-12,
        "stdev": 0.00235147750936
    },
    "spectral_rolloff": {
        "max": 18733.8867188,
        "mean": 1273.00415039,
        "min": 107.666015625,
        "stdev": 1838.24963379
    },
    "spectral_skewness": {
        "max": 8.82170581818,
        "mean": 1.69575369358,
        "min": -0.176692008972,
        "stdev": 1.08661091328
    },
    "spectral_spread": {
        "max": 40597036,
        "mean": 3265353,
        "min": 610710,
        "stdev": 1920648.375
    },
    "spectral_strongpeak": {
        "max": 9.17744636536,
        "mean": 0.856941699982,
        "min": 0,
        "stdev": 1.34951019287
    },
    "zerocrossingrate": {
        "max": 0.51318359375,
        "mean": 0.0497150197625,
        "min": 0.00341796875,
        "stdev": 0.0544760040939
    },
    "barkbands": {
        "max": [0.000269420590485, 0.000535255239811, 0.00241422979161, 0.00854331161827, 0.0204889383167, 0.0305428206921, 0.042101174593, 0.0317015945911, 0.027546081692, 0.0308852251619, 0.0112848095596, 0.0369460508227, 0.0236755125225, 0.021816663444, 0.011314580217, 0.0108453957364, 0.00695531256497, 0.00511438585818, 0.00546964816749, 0.0113555993885, 0.0107034379616, 0.00223778071813, 0.000742130097933, 0.000296079873806, 5.61241795367e-05, 3.29867862092e-06, 2.33752373902e-07],
        "mean": [2.08120964089e-05, 0.000102188016172, 0.00017109271721, 0.000526829215232, 0.000946371874306, 0.00183303374797, 0.00191295903642, 0.00177527137566, 0.00100574584212, 0.000496239226777, 0.000328170106513, 0.000551592675038, 0.000600809638854, 0.000367828266462, 0.000257901847363, 0.000234547522268, 0.000408020627219, 0.000228310818784, 0.000233519807807, 0.000223346913117, 0.000163961463841, 5.0904967793e-05, 2.77501676464e-05, 7.95139203547e-06, 1.5004341094e-06, 1.1881755313e-07, 2.35203589938e-09],
        "min": [1.09027124647e-24, 3.74034737896e-23, 1.45381621692e-23, 3.76047974035e-23, 8.65076796242e-23, 4.29571555365e-23, 1.03909238063e-22, 4.76266788255e-23, 4.15384270638e-23, 6.71320945887e-23, 8.46969283024e-23, 1.77347960045e-22, 1.8970222864e-22, 1.02495271155e-22, 1.50095945969e-22, 1.57049142693e-22, 7.87949486886e-23, 1.45685607664e-22, 2.10826156633e-22, 3.60989035873e-22, 5.87031360113e-22, 4.81136287783e-22, 7.65894778755e-22, 6.76541248705e-22, 1.36403203824e-21, 1.90373901418e-21, 2.53846422304e-21],
        "stdev": [2.77308863588e-05, 9.1224857897e-05, 0.000319975544699, 0.00102246901952, 0.00220860773697, 0.00412109540775, 0.00488900346681, 0.00481433188543, 0.0029461029917, 0.00246293586679, 0.00114439323079, 0.00240834034048, 0.00237197382376, 0.00141843035817, 0.000994679983705, 0.00074546149699, 0.000869172625244, 0.000599750084803, 0.000560342392419, 0.000745197699871, 0.00082614517305, 0.000188126738067, 9.34882118599e-05, 2.67534960585e-05, 5.05335356138e-06, 3.95611181148e-07, 1.50325600856e-08]
    },
    "erbbands": {
        "max": [0.0265343654901, 0.139964535832, 1.45868372917, 16.26994133, 50.3850898743, 92.6641845703, 140.221176147, 329.43927002, 641.77532959, 626.86340332, 715.751586914, 691.448791504, 1069.48010254, 512.999938965, 585.191467285, 1352.56591797, 928.850769043, 1143.85961914, 532.669677734, 655.994995117, 531.723388672, 298.393066406, 319.065368652, 278.482879639, 219.931915283, 509.477142334, 636.374633789, 157.592651367, 76.8762741089, 50.1525726318, 20.4092197418, 10.8771896362, 2.33027219772, 1.08918452263, 0.21324378252, 0.0259188693017, 0.00616389652714, 0.00145397183951, 5.60759217478e-05, 8.8986766059e-05],
        "mean": [0.00429471256211, 0.0198404565454, 0.147410571575, 1.08620178699, 2.62861227989, 3.21763062477, 5.67788982391, 17.8726902008, 24.8823013306, 33.908203125, 39.8207588196, 24.0270690918, 18.652305603, 11.936709404, 15.9409484863, 22.42603302, 27.6475067139, 21.0160179138, 14.4290313721, 13.0945005417, 14.2816410065, 22.8440933228, 15.0448541641, 10.6356477737, 12.9624042511, 9.71160030365, 10.3011980057, 3.32032895088, 1.90384745598, 1.28462862968, 0.724211096764, 0.283433288336, 0.0788524746895, 0.0247590690851, 0.00685675349087, 0.00112623721361, 0.000127600127598, 1.76611756615e-05, 7.9245210145e-06, 1.52854554472e-05],
        "min": [9.0842929731e-22, 8.81724207442e-21, 1.35962239413e-20, 7.16076168367e-20, 3.86365620968e-19, 1.5306051827e-19, 3.2620211253e-19, 2.3148791614e-19, 1.04909776466e-18, 1.37056899862e-18, 1.392611294e-18, 8.81969437413e-19, 1.46781090387e-18, 2.96418704263e-18, 4.20577170039e-18, 8.76405717216e-18, 9.64529072902e-18, 5.90595707707e-18, 4.531089014e-18, 8.40514681309e-18, 8.65422992069e-18, 4.69021043972e-18, 7.97432798902e-18, 1.06433015089e-17, 1.32690217545e-17, 1.62067330204e-17, 2.15533687653e-17, 2.30906558096e-17, 1.70704502006e-17, 1.84417270591e-17, 2.31831180584e-17, 1.15765159226e-17, 1.26896983678e-17, 1.32742569806e-17, 1.13900702397e-17, 6.11647330219e-18, 3.4984024093e-18, 1.52265049694e-18, 3.76897013743e-19, 3.50687712024e-20],
        "stdev": [0.00426515610889, 0.0186370071024, 0.233785957098, 1.87844324112, 5.69584989548, 9.19558334351, 14.2566041946, 41.6231765747, 66.6877746582, 84.6026077271, 108.714820862, 71.9739303589, 82.773399353, 40.807056427, 58.3698348999, 94.5061187744, 100.960235596, 79.7355957031, 48.7954559326, 50.1224136353, 39.3852996826, 46.9479179382, 36.086971283, 31.2498703003, 27.2604293823, 31.198474884, 55.2236328125, 12.3345975876, 6.85419893265, 4.61868953705, 2.49147033691, 0.980410575867, 0.261216729879, 0.0861383825541, 0.021540530026, 0.00336116156541, 0.000508085999172, 8.67820854182e-05, 1.03000629679e-05, 2.05633004953e-05]
    },
    "gfcc": {
        "mean": [-170.618484497, 127.028549194, -130.89755249, 41.2725296021, -59.4602165222, -1.96925473213, -31.9332065582, -0.508848369122, -14.2803354263, -5.42223644257, -6.30952119827, -8.83869361877, -9.8506269455],
        "cov": [[20319.3535156, 483.874603271, -6131.84619141, -419.652374268, -1666.23095703, -1861.74963379, -443.201416016, -674.63873291, 228.506011963, -695.68762207, 608.845458984, -992.926940918, 296.271972656], [483.874603271, 1821.59484863, 294.297363281, -840.892822266, 9.45737171173, -479.622894287, -21.5524311066, -181.80682373, -53.1145706177, -163.280517578, 40.8386001587, -21.8292007446, 29.6545295715], [-6131.84619141, 294.297363281, 2550.91699219, 117.207321167, 473.844238281, 625.007080078, 119.122413635, 178.869873047, -150.084762573, 236.363067627, -217.207672119, 366.911560059, -82.5774002075], [-419.652374268, -840.892822266, 117.207321167, 810.186035156, 108.866271973, 311.570831299, -50.4059066772, 105.856163025, 31.568277359, 118.209251404, -8.88064193726, 83.3157424927, 3.26426386833], [-1666.23095703, 9.45737171173, 473.844238281, 108.866271973, 344.138977051, 180.841430664, -21.4055233002, 80.6393051147, 1.58166062832, 49.6052017212, -60.6758155823, 97.4946670532, -30.9588565826], [-1861.74963379, -479.622894287, 625.007080078, 311.570831299, 180.841430664, 539.271179199, 114.321342468, 148.568695068, -28.9296855927, 141.863555908, -94.518737793, 119.333244324, -75.4005661011], [-443.201416016, -21.5524311066, 119.122413635, -50.4059066772, -21.4055233002, 114.321342468, 182.709350586, 41.4669952393, -37.094833374, 24.3217315674, -22.4408054352, 18.0144367218, -18.6071052551], [-674.63873291, -181.80682373, 178.869873047, 105.856163025, 80.6393051147, 148.568695068, 41.4669952393, 130.982681274, 21.1322498322, 43.5909118652, -42.8857650757, 36.5365791321, -30.3583889008], [228.506011963, -53.1145706177, -150.084762573, 31.568277359, 1.58166062832, -28.9296855927, -37.094833374, 21.1322498322, 106.329406738, 20.8097248077, 10.5132446289, -34.1153144836, -0.597624123096], [-695.68762207, -163.280517578, 236.363067627, 118.209251404, 49.6052017212, 141.863555908, 24.3217315674, 43.5909118652, 20.8097248077, 143.784881592, -14.7399539948, 23.3885498047, -29.6609592438], [608.845458984, 40.8386001587, -217.207672119, -8.88064193726, -60.6758155823, -94.518737793, -22.4408054352, -42.8857650757, 10.5132446289, -14.7399539948, 99.314704895, -17.490436554, 15.31919384], [-992.926940918, -21.8292007446, 366.911560059, 83.3157424927, 97.4946670532, 119.333244324, 18.0144367218, 36.5365791321, -34.1153144836, 23.3885498047, -17.490436554, 132.441833496, 8.64098262787], [296.271972656, 29.6545295715, -82.5774002075, 3.26426386833, -30.9588565826, -75.4005661011, -18.6071052551, -30.3583889008, -0.597624123096, -29.6609592438, 15.31919384, 8.64098262787, 84.0252456665]],
        "icov": [[0.00040064935456, -0.000614507414866, 0.000931428105105, -0.000524490664247, 0.00103409215808, -0.000453217042377, 0.000658449542243, -0.00021190319967, 0.000572521763388, -2.04181706067e-05, 0.00010427399684, 0.000451445521321, -0.000285066227661], [-0.000614507414866, 0.00267992028967, -0.00210710824467, 0.00200504879467, -0.00231437571347, 0.00201372453012, -0.00146717682946, 0.00135835399851, -0.00135978800245, 0.000871571421158, -0.00094076100504, -0.000550369150005, 0.000718528230209], [0.000931428105105, -0.00210710824467, 0.00357600394636, -0.00123713503126, 0.00223223236389, -0.00191068055574, 0.00201163394377, -0.000829028198496, 0.00244506564923, -0.00179935782216, 0.00185115612112, -0.00123132171575, -0.000552922487259], [-0.000524490664247, 0.00200504879467, -0.00123713503126, 0.00386250391603, -0.00174137076829, -0.000301029154798, 0.000642186612822, -8.40666907607e-05, -0.000769177393522, -0.000571398239117, -0.00131693750154, -0.00133061443921, -0.000854287180118], [0.00103409215808, -0.00231437571347, 0.00223223236389, -0.00174137076829, 0.00800825748593, -0.00237808842212, 0.00369823584333, -0.00227459520102, 0.000814410741441, -9.2180835054e-06, 0.00156044331379, -0.000931786955334, 5.96634563408e-05], [-0.000453217042377, 0.00201372453012, -0.00191068055574, -0.000301029154798, -0.00237808842212, 0.00774260843173, -0.00386354816146, -0.000402844889322, -0.000289927062113, -0.00129266199656, 0.00154225050937, -0.00204748706892, 0.00356285111047], [0.000658449542243, -0.00146717682946, 0.00201163394377, 0.000642186612822, 0.00369823584333, -0.00386354816146, 0.010293610394, -0.00379744451493, 0.00417973240837, -0.0013864999637, -1.92701209016e-05, 0.000544729758985, -0.00156098150183], [-0.00021190319967, 0.00135835399851, -0.000829028198496, -8.40666907607e-05, -0.00227459520102, -0.000402844889322, -0.00379744451493, 0.0155024845153, -0.00571671361104, 0.00120307807811, 0.002892782446, -0.00224345107563, 0.00310419779271], [0.000572521763388, -0.00135978800245, 0.00244506564923, -0.000769177393522, 0.000814410741441, -0.000289927062113, 0.00417973240837, -0.00571671361104, 0.0156245902181, -0.00436406442896, -0.000398602569476, 0.00331546436064, -0.0019036247395], [-2.04181706067e-05, 0.000871571421158, -0.00179935782216, -0.000571398239117, -9.2180835054e-06, -0.00129266199656, -0.0013864999637, 0.00120307807811, -0.00436406442896, 0.0127092096955, -0.0027140295133, 0.00252703600563, 0.0016727601178], [0.00010427399684, -0.00094076100504, 0.00185115612112, -0.00131693750154, 0.00156044331379, 0.00154225050937, -1.92701209016e-05, 0.002892782446, -0.000398602569476, -0.0027140295133, 0.0160212460905, -0.00460760807618, 0.00142656394746], [0.000451445521321, -0.000550369150005, -0.00123132171575, -0.00133061443921, -0.000931786955334, -0.00204748706892, 0.000544729758985, -0.00224345107563, 0.00331546436064, 0.00252703600563, -0.00460760807618, 0.0183298718184, -0.00555587327108], [-0.000285066227661, 0.000718528230209, -0.000552922487259, -0.000854287180118, 5.96634563408e-05, 0.00356285111047, -0.00156098150183, 0.00310419779271, -0.0019036247395, 0.0016727601178, 0.00142656394746, -0.00555587327108, 0.0170257501304]]
    },
    "melbands": {
        "max": [0.000189281228813, 0.000654932926409, 0.00274277408607, 0.00558191305026, 0.0041061504744, 0.00666354037821, 0.00973016489297, 0.00553533388302, 0.00545080890879, 0.0042227152735, 0.00534351775423, 0.00270823040046, 0.00154068612028, 0.00229399767704, 0.00483629200608, 0.00237001408823, 0.00246623158455, 0.00102585263085, 0.00104774406645, 0.000707683619112, 0.000517446256708, 0.000391016394133, 0.000510396086611, 0.000221117414185, 0.000245541828917, 0.000181095208973, 0.000224373419769, 0.000389578577597, 0.00051280122716, 0.000275763188256, 8.38615378598e-05, 5.82190987188e-05, 4.61881209048e-05, 1.84949094546e-05, 1.38697396324e-05, 1.18901534734e-05, 4.493677352e-06, 2.19507774091e-06, 1.47351045143e-06, 6.76967374602e-07],
        "mean": [3.30057810061e-05, 6.84287515469e-05, 0.000232125094044, 0.000216537722736, 0.000184955162695, 0.000401653553126, 0.000384950079024, 0.000376176001737, 0.000307540554786, 0.000136777554872, 9.04895714484e-05, 4.75683409604e-05, 4.84238080389e-05, 5.55593287572e-05, 7.37295486033e-05, 5.05915377289e-05, 3.74056326109e-05, 2.29853631026e-05, 1.99412970687e-05, 1.52412039824e-05, 1.68011829373e-05, 2.29761899391e-05, 2.13056846405e-05, 9.18829755392e-06, 8.37914922158e-06, 9.02465490071e-06, 9.15059536055e-06, 5.71587133891e-06, 7.42008978705e-06, 3.41590589414e-06, 1.44700379678e-06, 1.08511790131e-06, 9.08224308205e-07, 6.41046142391e-07, 4.6851590696e-07, 2.46962684969e-07, 1.4188705677e-07, 6.11734307654e-08, 2.53468019906e-08, 1.84771877798e-08],
        "min": [9.70360523459e-24, 9.34367876911e-24, 2.30183616801e-23, 2.15532339866e-23, 8.57162691206e-24, 5.99217363099e-24, 1.78978055908e-23, 1.33424257417e-23, 1.06301105349e-23, 5.4430025898e-24, 7.58489287053e-24, 1.18330184968e-23, 1.29101370654e-23, 1.79918898756e-23, 2.64718432618e-23, 1.58008176673e-23, 9.78319025587e-24, 4.99130556863e-24, 1.4076965685e-23, 8.86284438155e-24, 1.03720914877e-23, 4.37374304797e-24, 5.56881288797e-24, 8.08411797238e-24, 8.80333034828e-24, 6.41235171469e-24, 1.41010369867e-23, 9.15735928963e-24, 1.3637574894e-23, 1.20749313709e-23, 1.37040474693e-23, 1.01097676266e-23, 8.64532860871e-24, 1.07124194928e-23, 1.54410923613e-23, 8.76998440895e-24, 6.35039773464e-24, 8.340767557e-24, 1.08040661974e-23, 1.13273058029e-23],
        "stdev": [2.98657105304e-05, 9.63126876741e-05, 0.000375179515686, 0.000533531187102, 0.000435944646597, 0.000904695363715, 0.000981525285169, 0.000904845888726, 0.000822247005999, 0.00042813832988, 0.000417432049289, 0.000177935391548, 0.000168105048942, 0.000214040905121, 0.000340866536135, 0.000191293147509, 0.00015464835451, 8.42714071041e-05, 8.48335839692e-05, 5.58002757316e-05, 4.59818038507e-05, 4.66981764475e-05, 5.3710591601e-05, 2.61463519564e-05, 2.67894756689e-05, 2.03118142963e-05, 2.12422219192e-05, 2.36908872466e-05, 4.16613511334e-05, 1.70981147676e-05, 5.37574442205e-06, 4.1468292693e-06, 3.50078471456e-06, 2.25046915148e-06, 1.63121376318e-06, 9.40307756991e-07, 4.77691230572e-07, 2.04314574148e-07, 9.92614843653e-08, 6.27524130437e-08]
    },
    "melbands128": {
        "max": [0.000173454376636, 0.000251393095823, 0.000253970531048, 0.000282614608295, 0.000545082904864, 0.00160811503883, 0.00350255635567, 0.00461154617369, 0.00679513439536, 0.00965894199908, 0.0060958089307, 0.0049420944415, 0.00516214780509, 0.00903865601867, 0.00858747772872, 0.0151347331703, 0.0143240178004, 0.0172139983624, 0.012065728195, 0.011742932722, 0.0106904935092, 0.0126483868808, 0.00917452573776, 0.0114812301472, 0.0073991692625, 0.00521343620494, 0.00322231044993, 0.0106630604714, 0.0101376669481, 0.00388807500713, 0.00114681792911, 0.0037720198743, 0.00245855469257, 0.00387087813579, 0.00446644052863, 0.00306972162798, 0.0054492931813, 0.00997384265065, 0.00672654574737, 0.00319189066067, 0.00540793314576, 0.00383761851117, 0.00394086586311, 0.0025423055049, 0.00147573277354, 0.00109191425145, 0.000827074283734, 0.00207238434814, 0.00190102146007, 0.00110718305223, 0.000690328131896, 0.00152579927817, 0.000610357732512, 0.00054901430849, 0.000547874486074, 0.000815754698124, 0.00083977059694, 0.00130216230173, 0.000421410426497, 0.00044738111319, 0.000236171355937, 0.000522685411852, 0.000266325339908, 0.000343385647284, 0.000353330251528, 0.000141131386044, 0.000243702437729, 0.000287786562694, 0.000278111896478, 0.000205358490348, 0.000388283486245, 0.000492674007546, 0.000687830499373, 0.000882608350366, 0.000910926959477, 0.000298354338156, 0.000101245459518, 0.000204719603062, 5.45004804735e-05, 3.66517597286e-05, 0.000109322230855, 4.75551023555e-05, 5.63285320823e-05, 4.6357352403e-05, 4.8980487918e-05, 2.19775320147e-05, 1.96005203179e-05, 2.96498183161e-05, 1.55019897647e-05, 1.59736373462e-05, 1.65133315022e-05, 1.38553450597e-05, 1.03167667476e-05, 6.41743690721e-06, 4.29449528383e-06, 2.43814702117e-06, 2.83971985482e-06, 1.39742894589e-06, 1.60098420565e-06, 1.43717511492e-06, 1.24787766254e-06, 6.58818862576e-07, 4.56842627727e-07, 4.36766072198e-07, 2.25882317295e-07, 1.60273074812e-07, 9.85373347362e-08, 7.32127460878e-08, 6.40840482902e-08, 6.660535945e-08, 2.90989969898e-08, 2.26149516891e-08, 2.06480432752e-08, 2.77275926663e-08, 2.23941984956e-08, 2.32357137975e-08, 8.80611406018e-09, 4.40799008405e-10, 4.31485958075e-10, 4.08639871941e-10, 4.06144118337e-10, 3.95116661611e-10, 3.87043619376e-10, 3.8276651293e-10, 3.77515546601e-10, 3.69363206687e-10, 3.77400416474e-10, 3.70822345053e-10],
        "mean": [1.65272485901e-05, 3.97899348172e-05, 3.62526516255e-05, 2.72755351034e-05, 4.33578934462e-05, 9.95981608867e-05, 0.000211101505556, 0.000274762918707, 0.000268099334789, 0.000238595734118, 0.00016785680782, 0.000125638121972, 0.000147450817167, 0.000307898881147, 0.000392974267015, 0.000475644046674, 0.00044660421554, 0.000325799162965, 0.000353540817741, 0.000421369564719, 0.000332783441991, 0.000404739374062, 0.000311772688292, 0.000220256551984, 0.000154701207066, 9.97794559225e-05, 8.53019664646e-05, 0.000110530985694, 7.63414427638e-05, 4.20084870711e-05, 3.89588749385e-05, 5.37242776772e-05, 3.54753574356e-05, 5.77636201342e-05, 6.61638332531e-05, 4.42795426352e-05, 5.41741246707e-05, 8.38365958771e-05, 8.50005890243e-05, 5.2654882893e-05, 4.22311168222e-05, 4.78559813928e-05, 4.13413908973e-05, 2.99975181406e-05, 2.42126006924e-05, 2.34418566833e-05, 1.81283267011e-05, 2.27940872719e-05, 1.93698615476e-05, 1.61255538842e-05, 1.37522320074e-05, 1.54055687744e-05, 1.6442128981e-05, 1.72241507244e-05, 1.81153664016e-05, 2.22635044338e-05, 2.79666419374e-05, 2.89184463327e-05, 1.67098860402e-05, 1.12492080007e-05, 8.29810687719e-06, 8.20772766019e-06, 7.85000520409e-06, 8.64838602865e-06, 8.85983990884e-06, 8.00185262051e-06, 9.87781913864e-06, 1.10358796519e-05, 9.26342545426e-06, 6.20192440692e-06, 4.86210547024e-06, 5.77817399972e-06, 6.95806556905e-06, 8.78212267708e-06, 7.08905599822e-06, 3.14387352773e-06, 2.03942227017e-06, 1.85720114132e-06, 1.27789587623e-06, 1.15988473226e-06, 1.16948092455e-06, 1.01123907825e-06, 9.77503646027e-07, 9.84663756753e-07, 7.75299383804e-07, 6.27533381703e-07, 6.09946994246e-07, 6.22290826868e-07, 4.8245084372e-07, 3.49009866341e-07, 2.80675720887e-07, 2.24186251785e-07, 1.79153758495e-07, 1.51718140273e-07, 1.14838023535e-07, 7.44523589447e-08, 5.35907425103e-08, 3.27529754429e-08, 2.28116299184e-08, 2.28801759761e-08, 2.22667875249e-08, 1.75391186019e-08, 1.49820209572e-08, 1.06601856231e-08, 6.74148648017e-09, 4.25010338034e-09, 3.13317638501e-09, 2.34138375355e-09, 1.76168912791e-09, 8.4282369972e-10, 5.27137278272e-10, 3.01751595932e-10, 2.48667447744e-10, 2.25415935917e-10, 1.96319474566e-10, 1.73027148165e-10, 6.52492782027e-11, 3.68807285059e-12, 3.49185329089e-12, 3.41761970286e-12, 3.41958774665e-12, 3.35342257435e-12, 3.30734376518e-12, 3.22161438152e-12, 3.21343776241e-12, 3.21300147946e-12, 3.22664659748e-12, 3.17222138314e-12],
        "min": [6.39182042634e-25, 5.39131997316e-24, 1.54437839547e-23, 1.45220993834e-23, 5.50137238033e-24, 9.34370006835e-24, 9.34020304796e-24, 2.48856979946e-23, 4.92680270011e-23, 2.44407488897e-23, 2.63423592384e-24, 8.0575791138e-25, 1.24589165162e-23, 1.6968581087e-23, 2.6906593973e-24, 1.45566402498e-24, 7.54437539672e-24, 2.53951270123e-23, 2.37885328927e-23, 1.70572127652e-23, 3.762857446e-24, 1.36963844745e-23, 1.27725163362e-23, 7.69187108675e-24, 2.2345684209e-24, 8.36430322211e-24, 3.78185913306e-24, 6.10090745716e-24, 1.28839311061e-23, 8.95821450955e-24, 1.41069171559e-23, 1.14552606194e-23, 1.18338404899e-23, 1.54131524858e-23, 1.14260719771e-23, 1.73885311899e-23, 3.46210667136e-23, 1.3485831188e-23, 4.13244753646e-23, 1.79144836881e-23, 4.78350027911e-24, 1.85718809235e-23, 1.38046272347e-23, 2.88043369312e-24, 3.8573195951e-24, 4.78727379525e-24, 6.72430242092e-24, 1.71608517332e-23, 1.5830423617e-23, 8.66673119393e-24, 5.44664831047e-24, 1.33990880428e-23, 1.23765491825e-23, 7.95940852959e-24, 6.71359047869e-24, 3.24259283217e-24, 3.3500232629e-24, 5.60968061603e-24, 4.67826702321e-24, 8.64682665557e-24, 8.41819267713e-24, 5.9435107739e-24, 1.42852202308e-23, 6.37233832299e-24, 6.3197094677e-24, 4.33813150012e-24, 8.10512691601e-24, 1.27819945e-23, 1.64155627712e-23, 1.45035958621e-23, 7.2330932501e-24, 8.09326165913e-24, 8.74682266391e-24, 1.93387594307e-23, 1.29083692281e-23, 1.06460076598e-23, 1.03471445504e-23, 1.72717261334e-23, 1.34981973715e-23, 1.09218991396e-23, 1.35405592021e-23, 7.73463129212e-24, 6.84850857045e-24, 7.83996552221e-24, 1.19208960239e-23, 9.58032520776e-24, 6.26437560837e-24, 1.94120872073e-23, 1.81561796254e-23, 1.2175416473e-23, 9.82869411947e-24, 7.55115092304e-24, 7.12944166032e-24, 4.58915492877e-24, 6.40030304765e-24, 1.13516650388e-23, 6.02951317865e-24, 7.95722969577e-24, 1.38122555197e-23, 9.71236474608e-24, 1.01627727685e-23, 1.1112932063e-23, 1.31466288873e-23, 1.58918806147e-23, 1.37511124886e-23, 1.27836984395e-23, 8.32716443955e-24, 1.06944697518e-23, 1.07747899915e-23, 1.04776876196e-23, 9.20456788164e-24, 1.54621549475e-23, 8.41237403909e-24, 1.10979397615e-23, 1.18481709371e-23, 1.56447304931e-23, 7.31630782041e-24, 1.35923479206e-23, 1.47728277781e-23, 1.37425344151e-23, 9.71705057985e-24, 8.47198036909e-24, 1.43265518091e-23, 8.79774521307e-24, 8.93009004055e-24, 1.05858025844e-23, 7.82151327678e-24, 1.00713272235e-23],
        "stdev": [1.94974054466e-05, 4.2329858843e-05, 3.70987618226e-05, 3.14060343953e-05, 8.04038354545e-05, 0.000193878207938, 0.000404987717047, 0.000562487577554, 0.00067926972406, 0.000825255992822, 0.000602970714681, 0.000422788929427, 0.000485093856696, 0.000924942432903, 0.0010509028798, 0.00151969457511, 0.00141185277607, 0.00131907314062, 0.00117223872803, 0.00138218456414, 0.00105707987677, 0.00152885890566, 0.00103877857327, 0.000854171346873, 0.000656794232782, 0.000457200279925, 0.000325304135913, 0.000738211208954, 0.000494633393828, 0.000247356947511, 0.000137451061164, 0.000260649452684, 0.000145366051584, 0.000301164167468, 0.000336137192789, 0.00021393521456, 0.000351331254933, 0.000535752857104, 0.000478661240777, 0.000239128392423, 0.000286891998257, 0.000268961885013, 0.000221871508984, 0.000150061576278, 0.000108744694444, 0.000101556972368, 7.09647792974e-05, 0.000123705991427, 0.000108658765384, 8.12451398815e-05, 5.3106006817e-05, 7.56709487177e-05, 5.3762767493e-05, 5.07896947965e-05, 4.56691377622e-05, 5.61927190574e-05, 7.77667446528e-05, 9.92960485746e-05, 4.69515653094e-05, 3.44970612787e-05, 2.66130555246e-05, 3.36227094522e-05, 2.77374092548e-05, 2.95803984045e-05, 2.85818823613e-05, 1.90315167856e-05, 2.53826001426e-05, 2.90745756502e-05, 2.57723204413e-05, 1.51438098328e-05, 2.01490038307e-05, 3.46382548742e-05, 4.50518091384e-05, 6.00879211561e-05, 5.13222912559e-05, 1.82094445336e-05, 8.01380065241e-06, 1.00224551716e-05, 4.49422077509e-06, 3.72031104234e-06, 5.88670172874e-06, 3.91437060898e-06, 3.71279361389e-06, 3.99998953071e-06, 3.32361150868e-06, 2.35838251683e-06, 2.13049702324e-06, 2.42513533522e-06, 1.72210502569e-06, 1.31204944864e-06, 1.13168459848e-06, 9.76934302344e-07, 6.97731366017e-07, 5.34132652774e-07, 3.93970907453e-07, 2.5421780947e-07, 1.96365746774e-07, 1.24505774579e-07, 9.83863088777e-08, 9.37345632224e-08, 8.68521965458e-08, 5.93978590757e-08, 4.78493582534e-08, 3.91622840823e-08, 2.23665299615e-08, 1.44425555959e-08, 9.0724849855e-09, 7.59879359435e-09, 6.48561959693e-09, 4.0328296258e-09, 2.83055490158e-09, 1.73047487451e-09, 1.50316392666e-09, 1.46999223904e-09, 1.32555622034e-09, 1.23192100965e-09, 5.27872578981e-10, 1.90422365376e-11, 1.8616864994e-11, 1.76452984169e-11, 1.75240395112e-11, 1.70439079517e-11, 1.66962433462e-11, 1.65122446966e-11, 1.62839845774e-11, 1.59386236848e-11, 1.62677545046e-11, 1.59902160957e-11]
    },
    "mfcc": {
        "mean": [-801.135498047, 144.65234375, -9.3848733902, 36.5712394714, -3.84416508675, 2.27207064629, -6.84225320816, 2.13722658157, -7.45611524582, 2.41863918304, -0.269473224878, 2.70334887505, -0.730564832687],
        "cov": [[20855.2304688, -1216.94714355, -4826.86914062, -223.140228271, -1917.34423828, -1478.90539551, -1137.96508789, -817.99621582, -768.32611084, -234.25062561, -310.136505127, 97.3026428223, -6.86668872833], [-1216.94714355, 2587.86206055, 294.653381348, -347.7081604, -125.149559021, -330.006622314, -46.965763092, -132.588058472, -87.5735244751, -179.17276001, -96.0263442993, -106.159339905, -20.9010066986], [-4826.86914062, 294.653381348, 1532.78210449, 99.3264541626, 383.298522949, 401.909423828, 286.406982422, 165.905487061, 156.441177368, 51.3624687195, 40.7488174438, -21.185836792, 10.2620248795], [-223.140228271, -347.7081604, 99.3264541626, 310.222930908, 165.616867065, 69.4536972046, -9.27590179443, 12.3558912277, 2.04118967056, 17.0671482086, -20.3776073456, 4.77762508392, 42.6719779968], [-1917.34423828, -125.149559021, 383.298522949, 165.616867065, 475.412261963, 187.349563599, 50.4438934326, 98.6605682373, 71.1076431274, 43.0623474121, 36.3134765625, -9.9511680603, 17.1983757019], [-1478.90539551, -330.006622314, 401.909423828, 69.4536972046, 187.349563599, 317.359161377, 155.871612549, 98.2204208374, 89.0885009766, 58.9656181335, 63.9015312195, 26.9878730774, 1.19664657116], [-1137.96508789, -46.965763092, 286.406982422, -9.27590179443, 50.4438934326, 155.871612549, 208.251159668, 98.8561477661, 57.551612854, 14.7652044296, 24.2806224823, 19.4370765686, -0.913846373558], [-817.99621582, -132.588058472, 165.905487061, 12.3558912277, 98.6605682373, 98.2204208374, 98.8561477661, 171.688674927, 60.8819732666, 13.2157764435, 16.9896068573, 7.49015951157, -12.5089883804], [-768.32611084, -87.5735244751, 156.441177368, 2.04118967056, 71.1076431274, 89.0885009766, 57.551612854, 60.8819732666, 133.756454468, 51.8327140808, 20.1420097351, 2.98481202126, -12.7653255463], [-234.25062561, -179.17276001, 51.3624687195, 17.0671482086, 43.0623474121, 58.9656181335, 14.7652044296, 13.2157764435, 51.8327140808, 116.535354614, 61.3980026245, 12.2935237885, -1.85589623451], [-310.136505127, -96.0263442993, 40.7488174438, -20.3776073456, 36.3134765625, 63.9015312195, 24.2806224823, 16.9896068573, 20.1420097351, 61.3980026245, 113.292259216, 29.3547477722, -16.1184597015], [97.3026428223, -106.159339905, -21.185836792, 4.77762508392, -9.9511680603, 26.9878730774, 19.4370765686, 7.49015951157, 2.98481202126, 12.2935237885, 29.3547477722, 76.380607605, 16.6833152771], [-6.86668872833, -20.9010066986, 10.2620248795, 42.6719779968, 17.1983757019, 1.19664657116, -0.913846373558, -12.5089883804, -12.7653255463, -1.85589623451, -16.1184597015, 16.6833152771, 73.5941848755]],
        "icov": [[0.000353800191078, 9.48384986259e-05, 0.000761193747167, -0.00021088354697, 0.000750578939915, -0.000162417578395, 0.000577002356295, 0.000126923681819, 0.000672441499773, -0.000319623562973, 0.000633965129964, -0.00037492744741, 0.000264477421297], [9.48384986259e-05, 0.000817734049633, -0.000260124739725, 0.000795668980572, -0.000145794954733, 0.00125263759401, -0.000230806370382, 0.00066337082535, 0.000106284831418, 0.000766465731431, -6.08519330854e-05, 0.000346793938661, -0.000114578244393], [0.000761193747167, -0.000260124739725, 0.0031174661126, -0.000873382203281, 0.00123733934015, -0.00190008187201, 0.000417009752709, 0.000181361276191, 0.00110417243559, -0.000994855188765, 0.00162871542852, -0.000308249611408, 0.000439633266069], [-0.00021088354697, 0.000795668980572, -0.000873382203281, 0.00577051378787, -0.0023538232781, 0.00038477126509, 0.000142768301885, 0.000608852365986, 0.000545835413504, -0.000181913390406, 0.00157316867262, 6.15188109805e-05, -0.0019480533665], [0.000750578939915, -0.000145794954733, 0.00123733934015, -0.0023538232781, 0.00577728031203, -0.00234542577527, 0.00316497520544, -0.00167222938035, 0.000865526264533, -0.000575032259803, 0.00014451763127, 0.000327874935465, -0.000243042086367], [-0.000162417578395, 0.00125263759401, -0.00190008187201, 0.00038477126509, -0.00234542577527, 0.0104756560177, -0.00493414001539, 0.00111244770233, -0.00189535028767, 0.000870815594681, -0.00291853747331, -0.000415996910306, 3.63277977158e-05], [0.000577002356295, -0.000230806370382, 0.000417009752709, 0.000142768301885, 0.00316497520544, -0.00493414001539, 0.0120232598856, -0.00412144744769, 0.000765637436416, 1.49433853949e-05, 0.0013413822744, -0.00188553554472, -0.000508871104103], [0.000126923681819, 0.00066337082535, 0.000181361276191, 0.000608852365986, -0.00167222938035, 0.00111244770233, -0.00412144744769, 0.0102170268074, -0.00222944491543, 0.00152207491919, 0.000107747364382, -0.000347709632479, 0.00163415377028], [0.000672441499773, 0.000106284831418, 0.00110417243559, 0.000545835413504, 0.000865526264533, -0.00189535028767, 0.000765637436416, -0.00222944491543, 0.0137259252369, -0.00648977048695, 0.00439196871594, -0.00137204560451, 0.00257171923295], [-0.000319623562973, 0.000766465731431, -0.000994855188765, -0.000181913390406, -0.000575032259803, 0.000870815594681, 1.49433853949e-05, 0.00152207491919, -0.00648977048695, 0.016665386036, -0.00927328690886, 0.00234404532239, -0.00245664152317], [0.000633965129964, -6.08519330854e-05, 0.00162871542852, 0.00157316867262, 0.00014451763127, -0.00291853747331, 0.0013413822744, 0.000107747364382, 0.00439196871594, -0.00927328690886, 0.0181571636349, -0.00657859211788, 0.00494727585465], [-0.00037492744741, 0.000346793938661, -0.000308249611408, 6.15188109805e-05, 0.000327874935465, -0.000415996910306, -0.00188553554472, -0.000347709632479, -0.00137204560451, 0.00234404532239, -0.00657859211788, 0.0181407053024, -0.00581363774836], [0.000264477421297, -0.000114578244393, 0.000439633266069, -0.0019480533665, -0.000243042086367, 3.63277977158e-05, -0.000508871104103, 0.00163415377028, 0.00257171923295, -0.00245664152317, 0.00494727585465, -0.00581363774836, 0.0177616328001]]
    },
    "spectral_contrast_coeffs": {
        "max": [-0.402001589537, -0.431414723396, -0.508842527866, -0.601634085178, -0.616558074951, -0.583332538605],
        "mean": [-0.724941492081, -0.77688318491, -0.822429955006, -0.833354175091, -0.808103859425, -0.737776279449],
        "min": [-0.952975571156, -0.971980512142, -0.970752537251, -0.956051409245, -0.955119729042, -0.964915156364],
        "stdev": [0.118073798716, 0.11646605283, 0.0807645395398, 0.0698649287224, 0.0648203417659, 0.0597944781184]
    },
    "spectral_contrast_valleys": {
        "max": [-6.20869588852, -4.92341375351, -5.25768661499, -5.99947881699, -5.83374404907, -9.14110660553],
        "mean": [-8.09132957458, -7.73132991791, -8.62102031708, -8.8610124588, -8.90294075012, -12.6744441986],
        "min": [-27.6211681366, -27.2108802795, -26.7187290192, -27.2564620972, -27.4429225922, -27.0540866852],
        "stdev": [1.18552207947, 1.61687791348, 1.59625852108, 1.72243559361, 1.87686538696, 1.52568292618]
    }
},
"rhythm": {
    "beats_count": 28,
    "beats_loudness": {
        "max": 0.0524948984385,
        "mean": 0.0207945164293,
        "min": 0.000156596302986,
        "stdev": 0.017379520461
    },
    "bpm": 144.172302246,
    "bpm_histogram_first_peak_bpm": 144,
    "bpm_histogram_first_peak_weight": 0.428571462631,
    "bpm_histogram_second_peak_bpm": 129,
    "bpm_histogram_second_peak_spread": 0.555555582047,
    "bpm_histogram_second_peak_weight": 0.148148149252,
    "danceability": 1.25160050392,
    "onset_rate": 4.23218536377,
    "beats_loudness_band_ratio": {
        "max": [0.935231506824, 0.840625166893, 0.786791265011, 0.558842420578, 0.874494791031, 0.157065972686],
        "mean": [0.303429543972, 0.246455043554, 0.309422701597, 0.107380323112, 0.0951821655035, 0.0251451469958],
        "min": [0.0195437800139, 0.00651837373152, 0.0120572447777, 0.00354388006963, 0.00098162307404, 0.000849831500091],
        "stdev": [0.334959954023, 0.228036135435, 0.252922356129, 0.134579375386, 0.170781701803, 0.0330199040473]
    },
    "beats_position": [0.383129239082, 0.789478421211, 1.18421769142, 1.59056687355, 1.99691605568, 2.41487526894, 2.83283448219, 3.25079369545, 3.65714287758, 4.08671188354, 4.5046710968, 4.92263031006, 5.34058952332, 5.75854873657, 6.17650794983, 6.60607719421, 7.04725599289, 7.52326536179, 8.0224943161, 8.51011276245, 8.96290206909, 9.42730140686, 9.8800907135, 10.3444900513, 10.8088884354, 11.2732877731, 11.7260770798, 12.1788663864],
