{
"metadata": {
    "version": {
        "essentia": "2.1-beta5",
        "essentia_git_sha": "Undefined",
        "extractor": "music 2.0"
    },
    "audio_properties": {
        "analysis": {
            "equal_loudness": 0,
            "length": 48.7502937317,
            "sample_rate": 44100,
            "start_time": 29.0017242432,
            "downmix": "mix"
        },
        "bit_rate": 192000,
        "length": 164.49017334,
        "lossless": 0,
        "number_channels": 2,
        "replay_gain": -13.749540329,
        "sample_rate": 48000,
        "codec": "mp3",
        "md5_encoded": "dbf58199eef7f4f6f270d2b3292deaff"
    },
    "tags": {
        "file_name": "Finland_Varjoon-suojaan_Fredi.mp3",
        "encoding": ["Lavf58.29.100"]
    }
},
"lowlevel": {
    "average_loudness": 0.851481437683,
    "barkbands_crest": {
        "max": 23.2676963806,
        "mean": 9.39423656464,
        "min": 2.21017980576,
        "stdev": 4.08092594147
    },
    "barkbands_flatness_db": {
        "max": 0.375896990299,
        "mean": 0.178759530187,
        "min": 0.0697279721498,
        "stdev": 0.05134755373
    },
    "barkbands_kurtosis": {
        "max": 80.9989776611,
        "mean": 2.85844159126,
        "min": -1.85497105122,
        "stdev": 7.74495124817
    },
    "barkbands_skewness": {
        "max": 7.73186588287,
        "mean": 1.09382498264,
        "min": -1.38903331757,
        "stdev": 1.24438500404
    },
    "barkbands_spread": {
        "max": 80.8265304565,
        "mean": 22.4551734924,
        "min": 0.82381850481,
        "stdev": 12.4431352615
    },
    "dissonance": {
        "max": 0.49947014451,
        "mean": 0.464987277985,
        "min": 0.238700643182,
        "stdev": 0.0239410102367
    },
    "dynamic_complexity": 2.07375526428,
    "erbbands_crest": {
        "max": 27.7698669434,
        "mean": 10.1015281677,
        "min": 2.78195405006,
        "stdev": 4.76793193817
    },
    "erbbands_flatness_db": {
        "max": 0.37601184845,
        "mean": 0.219994664192,
        "min": 0.118749573827,
        "stdev": 0.0502323172987
    },
    "erbbands_kurtosis": {
        "max": 27.1984519958,
        "mean": 0.327271670103,
        "min": -1.77328109741,
        "stdev": 2.76938247681
    },
    "erbbands_skewness": {
        "max": 4.20343589783,
        "mean": 0.181091293693,
        "min": -2.24650883675,
        "stdev": 0.872114777565
    },
    "erbbands_spread": {
        "max": 119.886199951,
        "mean": 36.0322914124,
        "min": 2.88415265083,
        "stdev": 17.4360427856
    },
    "hfc": {
        "max": 72.9160232544,
        "mean": 25.3920955658,
        "min": 0.0761702433228,
        "stdev": 16.0400314331
    },
    "loudness_ebu128": {
        "integrated": -10.1404409409,
        "loudness_range": 3.76232051849,
        "momentary": {
            "max": -6.49326658249,
            "mean": -10.5933055878,
            "min": -26.3479003906,
            "stdev": 2.18387150764
        },
        "short_term": {
            "max": -7.10153913498,
            "mean": -10.2878856659,
            "min": -12.105884552,
            "stdev": 1.06488919258
        }
    },
    "melbands_crest": {
        "max": 30.1190433502,
        "mean": 12.6704301834,
        "min": 3.91453742981,
        "stdev": 5.19408750534
    },
    "melbands_flatness_db": {
        "max": 0.41442835331,
        "mean": 0.174877762794,
        "min": 0.036300547421,
        "stdev": 0.0689107179642
    },
    "melbands_kurtosis": {
        "max": 169.583068848,
        "mean": 7.86860704422,
        "min": -1.68283200264,
        "stdev": 13.4384679794
    },
    "melbands_skewness": {
        "max": 10.8638696671,
        "mean": 1.9452252388,
        "min": -0.660415291786,
        "stdev": 1.43054616451
    },
    "melbands_spread": {
        "max": 182.479049683,
        "mean": 31.6544685364,
        "min": 1.50428426266,
        "stdev": 21.4432754517
    },
    "pitch_salience": {
        "max": 0.848094165325,
        "mean": 0.586156785488,
        "min": 0.177397534251,
        "stdev": 0.100085780025
    },
    "silence_rate_20dB": {
        "max": 1,
        "mean": 1,
        "min": 1,
        "stdev": 0
    },
    "silence_rate_30dB": {
        "max": 1,
        "mean": 1,
        "min": 1,
        "stdev": 0
    },
    "silence_rate_60dB": {
        "max": 1,
        "mean": 0.027129938826,
        "min": 0,
        "stdev": 0.162462577224
    },
    "spectral_centroid": {
        "max": 4166.23242188,
        "mean": 1685.04333496,
        "min": 242.470108032,
        "stdev": 686.062438965
    },
    "spectral_complexity": {
        "max": 42,
        "mean": 19.5878162384,
        "min": 1,
        "stdev": 7.51755189896
    },
    "spectral_decrease": {
        "max": -3.27673929656e-11,
        "mean": -5.45868106272e-09,
        "min": -2.05752819227e-08,
        "stdev": 3.29325500203e-09
    },
    "spectral_energy": {
        "max": 0.0791378244758,
        "mean": 0.0229054763913,
        "min": 0.000130580578116,
        "stdev": 0.0132512459531
    },
    "spectral_energyband_high": {
        "max": 0.00950735621154,
        "mean": 0.000664874212816,
        "min": 1.49283960127e-06,
        "stdev": 0.000976931420155
    },
    "spectral_energyband_low": {
        "max": 0.0333031117916,
        "mean": 0.00108614051715,
        "min": 2.74688932222e-06,
        "stdev": 0.00213722046465
    },
    "spectral_energyband_middle_high": {
        "max": 0.0527250282466,
        "mean": 0.00870909448713,
        "min": 7.99034205556e-06,
        "stdev": 0.0090544456616
    },
    "spectral_energyband_middle_low": {
        "max": 0.0760405883193,
        "mean": 0.0139332804829,
        "min": 0.00010663732246,
        "stdev": 0.0114505318925
    },
    "spectral_entropy": {
        "max": 8.52867126465,
        "mean": 7.40603351593,
        "min": 5.46913385391,
        "stdev": 0.479740232229
    },
    "spectral_flux": {
        "max": 0.22743268311,
        "mean": 0.0775809213519,
        "min": 0.00454848399386,
        "stdev": 0.0343381650746
    },
    "spectral_kurtosis": {
        "max": 38.5117416382,
        "mean": 4.2529835701,
        "min": -0.607187986374,
        "stdev": 4.6087846756
    },
    "spectral_rms": {
        "max": 0.00878678727895,
        "mean": 0.00450584059581,
        "min": 0.000356925302185,
        "stdev": 0.00142977596261
    },
    "spectral_rolloff": {
        "max": 9431.54296875,
        "mean": 2152.85473633,
        "min": 172.265625,
        "stdev": 1425.63244629
    },
    "spectral_skewness": {
        "max": 4.70736789703,
        "mean": 1.26167953014,
        "min": 0.0984196811914,
        "stdev": 0.601342201233
    },
    "spectral_spread": {
        "max": 15416024,
        "mean": 3578273.5,
        "min": 1517382.625,
        "stdev": 1033607.0625
    },
    "spectral_strongpeak": {
        "max": 11.3115768433,
        "mean": 1.76683914661,
        "min": 0.0226167812943,
        "stdev": 1.79680883884
    },
    "zerocrossingrate": {
        "max": 0.2724609375,
        "mean": 0.0712091177702,
        "min": 0.01171875,
        "stdev": 0.0328818745911
    },
    "barkbands": {
        "max": [0.000367345230188, 0.00324226170778, 0.0065408796072, 0.0544169098139, 0.0557123459876, 0.0315560400486, 0.0468168966472, 0.0209630411118, 0.0187457669526, 0.0438382513821, 0.0109677789733, 0.0387396775186, 0.0347116999328, 0.0312815010548, 0.0104854553938, 0.00772954244167, 0.00861349701881, 0.0139439823106, 0.00909317936748, 0.00562863238156, 0.00282549741678, 0.00321407034062, 0.00537877483293, 0.00290409079753, 0.00191565463319, 4.70857685286e-06, 5.03560249854e-06],
        "mean": [2.49669956247e-05, 0.000169123712112, 0.000367076543625, 0.00185346382204, 0.00408697407693, 0.00169856415596, 0.00213309074752, 0.00150909053627, 0.00110249908175, 0.00204392336309, 0.00032980722608, 0.000748896156438, 0.00110405217856, 0.00160164537374, 0.00038077638601, 0.000264372327365, 0.000448867183877, 0.00128116155975, 0.000899219245184, 0.000253423786489, 0.000121303441119, 0.000161749660037, 0.000217542314203, 7.87867757026e-05, 2.50930934271e-05, 3.18241433206e-09, 3.29470251081e-09],
        "min": [2.28920299605e-07, 6.54687823953e-07, 2.19959389369e-07, 1.15521561384e-06, 5.66074004382e-06, 7.46846399124e-06, 3.78680942958e-06, 1.42361591315e-06, 3.87822456105e-06, 3.06403251216e-07, 1.30812111365e-07, 1.94188970681e-07, 5.43372323136e-07, 9.36666424423e-07, 3.52165898221e-07, 2.80275060049e-07, 6.28697591765e-07, 3.29501460783e-07, 6.36021809441e-07, 3.2455056953e-07, 3.35459105827e-07, 1.41308760249e-07, 1.23783564732e-07, 2.11464652011e-07, 7.94565764295e-08, 5.21789252431e-12, 7.34973280153e-12],
        "stdev": [2.72386314464e-05, 0.000296073238133, 0.000688463507686, 0.00443450221792, 0.00555760040879, 0.00271343602799, 0.00377012463287, 0.00250268075615, 0.00208051945083, 0.00622544810176, 0.000664336548652, 0.00187233369797, 0.00234429421835, 0.00403902353719, 0.000781312875915, 0.000599610153586, 0.00071624974953, 0.00144273240585, 0.00103126058821, 0.000438574847067, 0.000208762256079, 0.000245092029218, 0.000380507059162, 0.000213604085729, 0.000120564400277, 1.02898845e-07, 1.10004904741e-07]
    },
    "erbbands": {
        "max": [0.0359552949667, 1.02225625515, 6.17628717422, 89.3320999146, 216.841598511, 290.47769165, 357.369354248, 277.669311523, 920.270507812, 506.47366333, 579.546875, 569.657714844, 1630.07727051, 261.971221924, 700.632202148, 1897.79711914, 804.278320312, 1870.96484375, 629.925842285, 687.563842773, 483.219543457, 521.013366699, 620.372009277, 528.007995605, 403.912506104, 252.185287476, 107.670318604, 115.7420578, 122.56967926, 100.471946716, 217.729110718, 68.8387756348, 58.8378486633, 32.9451751709, 4.64762210846, 0.120911255479, 0.00872465968132, 0.00311551708728, 0.000717029033694, 8.75253317645e-05],
        "mean": [0.00243615475483, 0.0516208298504, 0.398181378841, 3.08491826057, 12.920214653, 11.8897256851, 12.3014278412, 13.2048463821, 26.4340953827, 31.2765159607, 35.2423744202, 29.585899353, 75.0515136719, 19.3095149994, 18.345085144, 34.8986473083, 52.0841026306, 85.2581939697, 33.5866317749, 19.0142803192, 14.6535615921, 28.0376682281, 72.3592987061, 47.0350418091, 40.8180580139, 11.6530752182, 5.16015577316, 4.69496011734, 5.39505910873, 7.09123086929, 5.8817358017, 2.12041497231, 1.26912546158, 0.485150247812, 0.0690589100122, 0.00189026549924, 0.000126466009533, 2.25239582505e-05, 1.76677913259e-05, 2.95361714961e-05],
        "min": [1.79927646968e-05, 0.000135450609378, 0.00026679187431, 0.00339880562387, 0.0101758856326, 0.0372073464096, 0.122340150177, 0.0966089889407, 0.0557418502867, 0.064044572413, 0.130163997412, 0.0606365054846, 0.0124001968652, 0.00955143943429, 0.00916538015008, 0.00845662783831, 0.0299717728049, 0.0481621474028, 0.0332656130195, 0.0250180065632, 0.0315740220249, 0.0358195006847, 0.0268707238138, 0.0324633307755, 0.0244713779539, 0.0189236104488, 0.0159388352185, 0.00981687381864, 0.00746253598481, 0.00301080709323, 0.00416544592008, 0.00687679927796, 0.00243927258998, 0.00131454237271, 0.00020285329083, 9.72701491264e-06, 8.73546980529e-07, 1.19502345797e-07, 9.10602153681e-08, 1.56687761432e-07],
        "stdev": [0.0025859142188, 0.0932042598724, 0.701607882977, 7.04128694534, 22.9767856598, 18.8554344177, 22.2966918945, 23.0776233673, 51.8571281433, 48.5568580627, 62.5226860046, 50.3233261108, 231.763839722, 33.1710014343, 42.0409355164, 79.4821624756, 99.5410919189, 206.767807007, 62.3830299377, 38.6814041138, 27.744468689, 38.0409736633, 79.4232788086, 55.3514442444, 48.6143379211, 17.4845027924, 8.01546764374, 8.33901977539, 8.83481025696, 9.82856273651, 12.590139389, 5.06403779984, 3.71163463593, 2.25590658188, 0.281743168831, 0.00739945285022, 0.000432560394984, 8.29690688988e-05, 1.95286920643e-05, 1.58602888405e-05]
    },
    "gfcc": {
        "mean": [-23.5779743195, 110.928016663, -170.015472412, 46.3225250244, -85.3201141357, -0.329786986113, -48.4463653564, -6.74243402481, -16.7225074768, -26.264169693, 5.69055509567, -21.6022262573, -9.54671764374],
        "cov": [[2294.58984375, -719.906188965, -329.080627441, 361.994110107, -59.1858291626, 396.723114014, 172.582611084, 141.380371094, -81.9763870239, -172.327270508, -101.36756134, 67.5860443115, -103.308631897], [-719.906188965, 799.662780762, 155.778610229, -311.469665527, 130.614715576, -292.284729004, -7.86219120026, -110.906234741, -9.68774700165, -23.2489109039, 140.532028198, -52.3831138611, -23.6520271301], [-329.080627441, 155.778610229, 650.069091797, 137.961196899, -120.556587219, -27.8976078033, -155.837921143, -22.1506195068, -54.1574058533, 81.3633422852, -42.3389968872, -21.6268081665, 63.4011764526], [361.994110107, -311.469665527, 137.961196899, 494.107940674, -26.9842338562, 100.667411804, -47.0393371582, 23.5659427643, 8.59084510803, 9.00951099396, -138.482574463, 20.3349933624, 50.7090606689], [-59.1858291626, 130.614715576, -120.556587219, -26.9842338562, 183.503967285, -24.5025444031, 24.4990749359, -45.4815940857, 28.3018836975, -31.6924991608, -13.3389234543, -30.6845417023, -14.8686571121], [396.723114014, -292.284729004, -27.8976078033, 100.667411804, -24.5025444031, 367.490478516, 125.367530823, 22.8023681641, -30.5802574158, -32.7717094421, -99.7861404419, 28.141084671, 11.9328012466], [172.582611084, -7.86219120026, -155.837921143, -47.0393371582, 24.4990749359, 125.367530823, 196.045181274, 18.480096817, -23.7896232605, -49.0957984924, -1.97353744507, 35.7628860474, -12.7763462067], [141.380371094, -110.906234741, -22.1506195068, 23.5659427643, -45.4815940857, 22.8023681641, 18.480096817, 116.569702148, 1.17806017399, 5.54122972488, 18.1333408356, 16.5689220428, -8.8264169693], [-81.9763870239, -9.68774700165, -54.1574058533, 8.59084510803, 28.3018836975, -30.5802574158, -23.7896232605, 1.17806017399, 115.833808899, 25.6262187958, -30.920841217, -14.9925088882, 10.4960603714], [-172.327270508, -23.2489109039, 81.3633422852, 9.00951099396, -31.6924991608, -32.7717094421, -49.0957984924, 5.54122972488, 25.6262187958, 115.521873474, -0.964439630508, -11.3521690369, 31.2665996552], [-101.36756134, 140.532028198, -42.3389968872, -138.482574463, -13.3389234543, -99.7861404419, -1.97353744507, 18.1333408356, -30.920841217, -0.964439630508, 172.517272949, 24.3863945007, -58.8662147522], [67.5860443115, -52.3831138611, -21.6268081665, 20.3349933624, -30.6845417023, 28.141084671, 35.7628860474, 16.5689220428, -14.9925088882, -11.3521690369, 24.3863945007, 80.5245895386, 20.4628772736], [-103.308631897, -23.6520271301, 63.4011764526, 50.7090606689, -14.8686571121, 11.9328012466, -12.7763462067, -8.8264169693, 10.4960603714, 31.2665996552, -58.8662147522, 20.4628772736, 98.3522949219]],
        "icov": [[0.000893693591934, 0.000387115374906, 0.000294463563478, -0.000466993195005, 0.000141774726217, -0.00028304438456, -9.88265528576e-05, -0.000429506442742, 0.000494792941026, 0.000802853319328, 0.000229790079175, -0.000119595402793, 0.000941553153098], [0.000387115374906, 0.00745401158929, -0.00471581332386, 0.00257774535567, -0.00466130208224, 0.00477931788191, -0.00599800609052, 0.00329499342479, -0.00178221613169, 0.00386022939347, -0.00447697425261, 0.00328815425746, -0.0022585876286], [0.000294463563478, -0.00471581332386, 0.00598235521466, -0.00245275930502, 0.0044697150588, -0.00349928671494, 0.00555060384795, -0.00178792164661, 0.00316897779703, -0.00292773568071, 0.00316212396137, -0.00129408005159, 0.000998682458885], [-0.000466993195005, 0.00257774535567, -0.00245275930502, 0.00458029331639, -0.00239352067001, 0.00172236713115, -0.000828775344416, 0.000400363642257, -0.000671299407259, 0.000776319066063, 0.00141451461241, -0.0013310702052, -0.000345170643413], [0.000141774726217, -0.00466130208224, 0.0044697150588, -0.00239352067001, 0.0113973831758, -0.00247103092261, 0.00249230326153, 0.000760295370128, -8.78398277564e-05, -0.000391638488509, 0.00265842396766, 0.00140830688179, 0.00122751737945], [-0.00028304438456, 0.00477931788191, -0.00349928671494, 0.00172236713115, -0.00247103092261, 0.00840958580375, -0.00694786245003, 0.0020631167572, -0.00028360018041, 0.00173204275779, 0.000611566880252, 0.00081335066352, -0.000215059204493], [-9.88265528576e-05, -0.00599800609052, 0.00555060384795, -0.000828775344416, 0.00249230326153, -0.00694786245003, 0.014926513657, -0.00399629632011, 0.00337527622469, -0.00190829474013, 0.00456317421049, -0.00617144582793, 0.00236472440884], [-0.000429506442742, 0.00329499342479, -0.00178792164661, 0.000400363642257, 0.000760295370128, 0.0020631167572, -0.00399629632011, 0.0126346927136, -0.00243870983832, 0.000749160302803, -0.00427722511813, 0.00191036541946, -0.00116865441669], [0.000494792941026, -0.00178221613169, 0.00316897779703, -0.000671299407259, -8.78398277564e-05, -0.00028360018041, 0.00337527622469, -0.00243870983832, 0.0129061490297, -0.00390978436917, 0.00535878678784, -0.00178522826172, 0.00207954947837], [0.000802853319328, 0.00386022939347, -0.00292773568071, 0.000776319066063, -0.000391638488509, 0.00173204275779, -0.00190829474013, 0.000749160302803, -0.00390978436917, 0.0150752095506, -0.00523038674146, 0.00524608837441, -0.00578854652122], [0.000229790079175, -0.00447697425261, 0.00316212396137, 0.00141451461241, 0.00265842396766, 0.000611566880252, 0.00456317421049, -0.00427722511813, 0.00535878678784, -0.00523038674146, 0.0191719904542, -0.0115297678858, 0.0118982614949], [-0.000119595402793, 0.00328815425746, -0.00129408005159, -0.0013310702052, 0.00140830688179, 0.00081335066352, -0.00617144582793, 0.00191036541946, -0.00178522826172, 0.00524608837441, -0.0115297678858, 0.0241260118783, -0.0117280827835], [0.000941553153098, -0.0022585876286, 0.000998682458885, -0.000345170643413, 0.00122751737945, -0.000215059204493, 0.00236472440884, -0.00116865441669, 0.00207954947837, -0.00578854652122, 0.0118982614949, -0.0117280827835, 0.0217413157225]]
    },
    "melbands": {
        "max": [0.000533162616193, 0.00314408168197, 0.0180565584451, 0.0143751325086, 0.0102663012221, 0.00708098569885, 0.0116977244616, 0.0044148620218, 0.00546088255942, 0.00328533514403, 0.00822404678911, 0.0014498202363, 0.00170487049036, 0.00292767607607, 0.00348104070872, 0.00377189996652, 0.00378002785146, 0.0015369025059, 0.00079019239638, 0.000805897347163, 0.000782602932304, 0.000475868902868, 0.000700861099176, 0.000987597857602, 0.000495546322782, 0.000450521940365, 0.000295412552077, 0.000121016753837, 5.46503943042e-05, 7.41277035559e-05, 7.01343960827e-05, 6.75189439789e-05, 6.71053057886e-05, 5.27714000782e-05, 0.000149609200889, 7.74642758188e-05, 4.14918395109e-05, 4.30538493674e-05, 3.90498316847e-05, 2.51497858699e-05],
        "mean": [3.4638283978e-05, 0.000172227359144, 0.000869419309311, 0.000937636301387, 0.000433385226643, 0.000319958722685, 0.000427503458923, 0.000334518001182, 0.000288998155156, 0.00016965114628, 0.000373092683731, 7.33292326913e-05, 4.90370730404e-05, 8.63704335643e-05, 9.94324072963e-05, 0.000106354920717, 0.000174904591404, 6.09367416473e-05, 2.86536469503e-05, 2.07328703254e-05, 1.65086439665e-05, 2.23029128392e-05, 5.85835659876e-05, 6.06860521657e-05, 3.49860529241e-05, 3.54933981725e-05, 1.83843148989e-05, 5.07206232214e-06, 3.01310615214e-06, 2.94305982607e-06, 2.63769311459e-06, 2.87025591206e-06, 3.47050718119e-06, 4.16354623667e-06, 3.57519820682e-06, 2.25748317462e-06, 9.49705679432e-07, 9.96442395262e-07, 6.18620504156e-07, 3.30613772803e-07],
        "min": [2.51269739238e-07, 1.68740115214e-07, 1.33056335017e-06, 1.17509569009e-06, 5.15406463819e-06, 1.48479580275e-06, 8.40619918563e-07, 9.67427808973e-07, 1.19608910154e-06, 3.19947673688e-07, 4.08802094398e-08, 3.51606921356e-08, 2.3610004618e-08, 2.56888750272e-08, 2.64226773794e-08, 5.66807969449e-08, 8.31047728411e-08, 5.67113289662e-08, 2.2980049863e-08, 3.24210276403e-08, 3.85330629626e-08, 3.80445577264e-08, 1.82242096969e-08, 1.77431420667e-08, 2.69524793595e-08, 2.27678356168e-08, 1.25097949777e-08, 9.32566468492e-09, 6.51258424966e-09, 8.39500824412e-09, 4.14489376155e-09, 3.325397957e-09, 2.05014538679e-09, 1.36989952715e-09, 1.91714333297e-09, 3.16801385125e-09, 3.54760065768e-09, 1.30960209344e-09, 1.21069243519e-09, 9.5569507863e-10],
        "stdev": [4.82269169879e-05, 0.000296219892334, 0.00172245863359, 0.00136995885987, 0.000690615386702, 0.000580963504035, 0.000767611141782, 0.000484341755509, 0.000529079639819, 0.000302313244902, 0.00117189181037, 0.000137337730848, 0.000104918362922, 0.000224426446948, 0.000191890503629, 0.000235798812355, 0.000457110960269, 0.000134285553941, 5.43894275324e-05, 4.91654172947e-05, 3.68095825252e-05, 3.511309842e-05, 6.91608875059e-05, 7.92270875536e-05, 4.43480348622e-05, 4.64520162495e-05, 2.76603714155e-05, 8.34156617202e-06, 4.812879979e-06, 5.53570816919e-06, 4.93033121529e-06, 5.13380018674e-06, 5.32289595867e-06, 6.16221359451e-06, 7.54951952331e-06, 5.49501737623e-06, 2.6383236218e-06, 2.81851407635e-06, 2.82031805909e-06, 1.60450747444e-06]
    },
    "melbands128": {
        "max": [0.00019871557015, 0.000129695312353, 0.000809173623566, 0.00222778483294, 0.0036809577141, 0.00443012872711, 0.0210331343114, 0.0323008298874, 0.0267474520952, 0.0238043926656, 0.022166788578, 0.0116937346756, 0.0165643319488, 0.00876174867153, 0.00826135929674, 0.0163956414908, 0.0288715418428, 0.00664332648739, 0.0145908817649, 0.00518705975264, 0.00564792379737, 0.00814383104444, 0.0105704665184, 0.00676934141666, 0.00733208376914, 0.00648937141523, 0.00751576386392, 0.0168621819466, 0.00909720454365, 0.00207328936085, 0.00189012894407, 0.000779678463005, 0.00129900523461, 0.00541786290705, 0.00534681323916, 0.00566319329664, 0.0120203336701, 0.00258970190771, 0.0037998596672, 0.00339725753292, 0.00753257703036, 0.00719738053158, 0.00899997539818, 0.0064310869202, 0.00454560806975, 0.00252115959302, 0.0017949618632, 0.000691678724252, 0.00209706183523, 0.00127281493042, 0.00176409224514, 0.000638721568976, 0.00102628592867, 0.00183673668653, 0.000380667916033, 0.000719173403922, 0.00121409469284, 0.000990960747004, 0.000938215991482, 0.00115114520304, 0.00189083477017, 0.00138411053922, 0.000818296102807, 0.00113695499022, 0.000532341946382, 0.000934301235247, 0.000712178647518, 0.000606712535955, 0.000387581647374, 0.000563940964639, 0.00015926353808, 7.27235383238e-05, 7.86978343967e-05, 8.02694339654e-05, 0.000105154256744, 0.000128773084725, 7.91937418398e-05, 7.14537382009e-05, 8.39330095914e-05, 6.51239461149e-05, 8.69165087352e-05, 8.96411147551e-05, 9.46732616285e-05, 8.72290038387e-05, 0.000114828741062, 8.41803121148e-05, 6.10724746366e-05, 8.13185833977e-05, 0.000165658770129, 0.000278699008049, 0.000141660813824, 8.46225157147e-05, 8.77568963915e-05, 5.0969683798e-05, 3.8886013499e-05, 6.69873479637e-05, 5.39908251085e-05, 7.04432313796e-05, 6.00135936111e-05, 6.43940802547e-05, 4.21128170274e-05, 2.43061840592e-05, 1.41486507346e-05, 1.22409801406e-05, 2.46017293648e-06, 3.64626231431e-08, 3.49707249825e-08, 3.35922507588e-08, 3.22553361798e-08, 3.09913836816e-08, 2.98302431645e-08, 2.86868182542e-08, 2.76579878999e-08, 2.67114526054e-08, 2.58208761039e-08, 2.49773481897e-08, 2.42196449562e-08, 2.35148878147e-08, 2.28702408123e-08, 2.22906599845e-08, 2.1751482393e-08, 2.12733937133e-08, 2.08781951727e-08, 2.05235988204e-08, 2.02458316778e-08, 2.00109155912e-08, 1.98299279219e-08, 1.97224903076e-08],
        "mean": [1.53594428411e-05, 1.43035031215e-05, 2.94438195851e-05, 9.67476080405e-05, 0.0001647395693, 0.000183554220712, 0.000442146527348, 0.00115342717618, 0.00146001507528, 0.000991744804196, 0.000579716521315, 0.000447680416983, 0.000453058484709, 0.00033289779094, 0.00022825418273, 0.000358158838935, 0.000448321050499, 0.00036183121847, 0.000568988092709, 0.000276869599475, 0.000297227117699, 0.000263906433247, 0.000344374187989, 0.000224677889491, 0.000191257422557, 0.000107579959149, 0.000191062616068, 0.000685598934069, 0.00021066989575, 5.25554969499e-05, 5.17707267136e-05, 3.82343132515e-05, 3.69453628082e-05, 6.88939035172e-05, 7.12648106855e-05, 9.85856968327e-05, 0.000104109414679, 6.07069632679e-05, 0.000139688840136, 0.000122137542348, 9.50352186919e-05, 8.62747765495e-05, 0.000173429070855, 0.000277658022242, 5.75877893425e-05, 3.17984813591e-05, 3.20022118103e-05, 2.98400536849e-05, 2.54090591625e-05, 2.62471148744e-05, 2.09071167774e-05, 1.5321696992e-05, 1.28236169985e-05, 1.95288321265e-05, 1.97901445063e-05, 1.73519019881e-05, 2.70697964879e-05, 4.56842171843e-05, 7.22175318515e-05, 8.24826784083e-05, 6.64197432343e-05, 3.98859010602e-05, 3.35249678756e-05, 3.55198644684e-05, 3.31587325491e-05, 3.85053681384e-05, 3.66809581465e-05, 2.38539214479e-05, 1.45776821228e-05, 9.53302605922e-06, 4.51337518825e-06, 3.34595210916e-06, 2.68338862952e-06, 3.19564719575e-06, 2.91802507491e-06, 3.23020390169e-06, 2.7924781989e-06, 2.5530248422e-06, 2.59998091678e-06, 2.76209220829e-06, 2.67615700977e-06, 2.99847647511e-06, 3.13561145049e-06, 3.45434568771e-06, 3.72771137336e-06, 4.3475770326e-06, 4.51410915048e-06, 3.44156728715e-06, 3.3008061564e-06, 4.09866197515e-06, 2.90176262752e-06, 1.71713315922e-06, 1.12081011139e-06, 8.63348532221e-07, 8.2876573515e-07, 1.11252813895e-06, 1.11946621928e-06, 6.80455627844e-07, 6.64815104301e-07, 5.68132520584e-07, 4.26397576803e-07, 2.8468323876e-07, 2.20784883709e-07, 1.63544868315e-07, 2.54415226664e-08, 2.37932812341e-10, 1.21191875979e-10, 2.83335351708e-11, 2.1527434349e-11, 2.06015846743e-11, 1.97743835195e-11, 1.89826904196e-11, 1.82651324621e-11, 1.76075785896e-11, 1.69946001716e-11, 1.64236246131e-11, 1.59029022589e-11, 1.54251542095e-11, 1.49912842556e-11, 1.4596639869e-11, 1.42355476365e-11, 1.3915536258e-11, 1.36480453675e-11, 1.3407783564e-11, 1.32117580764e-11, 1.30333209503e-11, 1.29042349722e-11, 1.28313757189e-11],
        "min": [1.04569423343e-07, 1.12184423529e-07, 3.82396834198e-08, 7.68686518882e-08, 4.01646502723e-08, 1.48225197449e-07, 1.58719672072e-07, 4.90096056183e-07, 4.15487221517e-07, 1.4991195485e-06, 3.71661286636e-07, 6.79446372942e-07, 3.21418355043e-07, 5.84863244057e-07, 3.50385221282e-07, 3.20313745306e-07, 2.19928352863e-07, 3.69491516494e-07, 2.43916304044e-07, 1.59576188707e-07, 1.13225951281e-07, 1.64942548508e-07, 3.80359324481e-07, 6.50069750918e-07, 1.36659764394e-07, 1.63103877071e-08, 1.37118227883e-08, 3.71158286327e-08, 4.33193427796e-08, 4.52184512056e-09, 2.01274108491e-08, 1.04692485792e-08, 9.61092538887e-09, 1.1372162767e-08, 1.00014521109e-08, 6.59473409215e-09, 1.41897196215e-08, 1.96229432703e-08, 2.59751153919e-08, 3.65480623543e-08, 6.22778557613e-08, 2.29001777541e-08, 4.88803451049e-08, 4.60183926521e-08, 2.35956623129e-08, 8.82159056914e-09, 7.7120514419e-09, 1.44534055835e-08, 1.42781395596e-08, 1.48323282545e-08, 1.23587406975e-08, 1.51476271526e-08, 1.75244121436e-08, 1.83662010045e-08, 5.42236158196e-08, 2.25413891997e-08, 1.38319613541e-08, 8.41676150998e-09, 1.16598704025e-08, 1.5980846868e-08, 6.59996768348e-09, 1.27255948001e-08, 4.57854998359e-09, 2.46022882067e-08, 2.20568363574e-08, 1.57766830711e-08, 6.6106018437e-09, 4.411419674e-09, 9.17221765206e-09, 7.5136545874e-09, 5.48452927518e-09, 4.48847226053e-09, 4.33560165547e-09, 3.70102903879e-09, 3.19952708772e-09, 6.76363454133e-09, 3.53785800655e-09, 3.53742790615e-09, 2.6145459131e-09, 1.78591286204e-09, 2.66673017002e-09, 1.8275324587e-09, 1.48316048332e-09, 1.70810454669e-09, 1.2515466441e-09, 1.29533916926e-09, 1.00525854307e-09, 1.2710734687e-09, 1.08670117349e-09, 9.96849158774e-10, 7.96332666475e-10, 1.26469124062e-09, 3.12992654017e-09, 2.31039143372e-09, 9.01435703859e-10, 9.01685837107e-10, 5.13797004942e-10, 6.06124761493e-10, 4.95824881153e-10, 7.69815322599e-10, 2.04521982683e-10, 6.82900069826e-10, 5.9424443144e-10, 3.79001746653e-10, 1.60043159281e-11, 4.64032803881e-14, 2.62672692706e-14, 2.7718075773e-14, 1.61675499513e-14, 2.52299944175e-14, 3.05527663987e-14, 3.0590130716e-14, 2.29050719364e-14, 2.29635409266e-14, 2.3064224345e-14, 2.61776193035e-14, 2.50879571566e-14, 2.83336061454e-14, 2.26463965446e-14, 2.48525057142e-14, 2.53503069773e-14, 2.57946164157e-14, 2.49389115451e-14, 2.20852422992e-14, 1.7182164979e-14, 4.88869554782e-15, 9.27993521023e-16, 2.67553653625e-17],
        "stdev": [1.31613469421e-05, 1.44895657286e-05, 4.5023210987e-05, 0.000195396714844, 0.000353001436451, 0.000361955084372, 0.00127478095237, 0.00276648928411, 0.00284901214764, 0.00170683104079, 0.00125805824064, 0.000838604348246, 0.00106184231117, 0.000593570468482, 0.000460846262285, 0.00104214739986, 0.00146815762855, 0.000660278543364, 0.00130748795345, 0.000508122902829, 0.000592324649915, 0.000602699699812, 0.000887809961569, 0.000592445780057, 0.000516330357641, 0.000352059461875, 0.000581998378038, 0.00235144700855, 0.000723975186702, 0.000143508135807, 0.000126371538499, 7.33923225198e-05, 9.67935557128e-05, 0.000260906555923, 0.000280149135506, 0.000369483372197, 0.000374237686628, 0.000168982689502, 0.000397572584916, 0.000333471485646, 0.000369374203729, 0.000373896560632, 0.000641939579509, 0.000848154886626, 0.000219895431655, 0.000128665575176, 0.000106867977593, 6.77077478031e-05, 8.43102534418e-05, 8.29989367048e-05, 7.3407900345e-05, 3.75102790713e-05, 4.45431141998e-05, 6.99615920894e-05, 3.45389271388e-05, 3.78326294594e-05, 6.74186085234e-05, 9.4464427093e-05, 0.000113714711915, 0.000122689263662, 0.000128435232909, 7.78828762122e-05, 4.95768181281e-05, 6.46118860459e-05, 4.93311526952e-05, 7.19224699424e-05, 5.74017249164e-05, 4.87687248096e-05, 2.84350335278e-05, 2.64000245807e-05, 8.35104765429e-06, 6.19129104962e-06, 4.77380581287e-06, 6.08074606134e-06, 6.050378488e-06, 7.38591006666e-06, 5.76439333599e-06, 4.90473667014e-06, 5.4596875998e-06, 5.4649399317e-06, 5.41085228178e-06, 6.10097913523e-06, 5.68239875065e-06, 6.09600692769e-06, 6.54673613099e-06, 7.10236963641e-06, 7.56977487981e-06, 5.69364738112e-06, 7.33734395908e-06, 1.36450089485e-05, 7.76322849561e-06, 4.37429571321e-06, 3.55057227353e-06, 2.85282590085e-06, 2.31850799537e-06, 3.17463150168e-06, 3.5207469864e-06, 2.76125228993e-06, 3.20693607136e-06, 3.10969380735e-06, 2.34606136473e-06, 1.36764754188e-06, 8.63821639996e-07, 6.47146180199e-07, 1.24573205085e-07, 1.39344968897e-09, 9.09252673154e-10, 7.35525251816e-10, 7.05008496027e-10, 6.77323808151e-10, 6.5189786902e-10, 6.26874052667e-10, 6.04355399059e-10, 5.83647963293e-10, 5.64155611116e-10, 5.45712919298e-10, 5.29143173722e-10, 5.13722564488e-10, 4.99630059547e-10, 4.86959139678e-10, 4.75174455339e-10, 4.64721316984e-10, 4.56079007893e-10, 4.48326570313e-10, 4.4225351159e-10, 4.37115843521e-10, 4.3316109033e-10, 4.30813468233e-10]
    },
    "mfcc": {
        "mean": [-636.774047852, 111.051513672, -19.3439350128, 22.4604587555, -6.51157617569, -10.4486351013, -13.8203821182, 4.32870340347, -25.8219470978, -2.48584961891, 2.25008940697, -7.00337123871, -9.40254402161],
        "cov": [[2714.49487305, -1080.15734863, -225.555084229, 15.5265283585, -66.1333770752, 236.75730896, 172.572463989, 453.838623047, 36.377948761, 86.2067184448, 57.9703521729, -162.754501343, -93.334815979], [-1080.15734863, 1153.26147461, -86.5241851807, -89.304725647, -2.11064505577, -237.76222229, -7.13301134109, -170.953186035, -187.138442993, -99.3944549561, 36.3279075623, 95.3706130981, 47.2693061829], [-225.555084229, -86.5241851807, 660.112121582, 86.1772384644, 40.7164001465, 18.911403656, 4.46957302094, -133.558685303, 96.8070678711, -69.0368270874, -147.25340271, 120.587860107, 82.9286422729], [15.5265283585, -89.304725647, 86.1772384644, 304.743988037, 81.9549713135, 0.283038049936, -78.6656799316, -57.7287788391, 56.332447052, -14.8268976212, -60.9311904907, -4.24019575119, 49.7512435913], [-66.1333770752, -2.11064505577, 40.7164001465, 81.9549713135, 163.076583862, 2.35953354836, -67.8464431763, -49.2671508789, 5.54220342636, 28.1150989532, -29.016828537, -10.8927555084, -2.68149733543], [236.75730896, -237.76222229, 18.911403656, 0.283038049936, 2.35953354836, 287.413391113, 38.5349845886, 68.0671386719, 131.474227905, 12.0878925323, -15.9904947281, -68.6765213013, -93.8583068848], [172.572463989, -7.13301134109, 4.46957302094, -78.6656799316, -67.8464431763, 38.5349845886, 187.097335815, 87.182800293, -19.8741798401, -32.5205497742, 20.4026184082, 10.2965164185, -14.9357767105], [453.838623047, -170.953186035, -133.558685303, -57.7287788391, -49.2671508789, 68.0671386719, 87.182800293, 236.652328491, -11.8681812286, 16.609621048, 33.9204483032, -54.7108345032, -33.4813232422], [36.377948761, -187.138442993, 96.8070678711, 56.332447052, 5.54220342636, 131.474227905, -19.8741798401, -11.8681812286, 230.084884644, 9.47351551056, -49.1531639099, -31.3004455566, -35.3714599609], [86.2067184448, -99.3944549561, -69.0368270874, -14.8268976212, 28.1150989532, 12.0878925323, -32.5205497742, 16.609621048, 9.47351551056, 106.113624573, 27.3236808777, -36.8123931885, -24.2077598572], [57.9703521729, 36.3279075623, -147.25340271, -60.9311904907, -29.016828537, -15.9904947281, 20.4026184082, 33.9204483032, -49.1531639099, 27.3236808777, 122.350509644, -7.19602060318, -30.8245563507], [-162.754501343, 95.3706130981, 120.587860107, -4.24019575119, -10.8927555084, -68.6765213013, 10.2965164185, -54.7108345032, -31.3004455566, -36.8123931885, -7.19602060318, 122.721542358, 72.7082443237], [-93.334815979, 47.2693061829, 82.9286422729, 49.7512435913, -2.68149733543, -93.8583068848, -14.9357767105, -33.4813232422, -35.3714599609, -24.2077598572, -30.8245563507, 72.7082443237, 129.443527222]],
        "icov": [[0.000832316349261, 0.000704997917637, 0.000132391884108, -0.000224722651183, -4.06142753491e-05, 5.49529395357e-05, -0.000378995027859, -0.000880953331944, 0.000343143416103, 0.000135511174449, -0.000102098441857, 0.000126147104311, 0.000135596841574], [0.000704997917637, 0.00205935561098, 0.000582900363952, 0.000286868831608, -0.000404841615818, 0.000741402269341, -0.000535066006705, 0.000378067314159, 0.000771556282416, 0.00153509574011, -4.52204731118e-05, -0.000260501721641, 0.00047134142369], [0.000132391884108, 0.000582900363952, 0.00319719454274, 3.52101233148e-05, -0.000577098922804, -0.000257991952822, -0.000969119661022, 0.0011726700468, -0.000577665457968, 0.000586156151257, 0.00276931421831, -0.00282514700666, 1.13528803922e-05], [-0.000224722651183, 0.000286868831608, 3.52101233148e-05, 0.00523538794369, -0.00220278510824, -1.83471802302e-05, 0.00111621222459, 0.000839806743897, -0.00105609849561, 0.00198284164071, 0.00024540850427, 0.00172398728319, -0.00284216646105], [-4.06142753491e-05, -0.000404841615818, -0.000577098922804, -0.00220278510824, 0.00913637597114, -0.00069068436278, 0.00187658867799, 0.000587372807786, 0.00156176765449, -0.00313670095056, 0.00170570844784, -0.000198682799237, 0.00174976140261], [5.49529395357e-05, 0.000741402269341, -0.000257991952822, -1.83471802302e-05, -0.00069068436278, 0.00713920826092, -0.00115576316603, -0.00106346840039, -0.00279366713949, 0.000903327716514, 0.000372210051864, 0.000606432906352, 0.00384860136546], [-0.000378995027859, -0.000535066006705, -0.000969119661022, 0.00111621222459, 0.00187658867799, -0.00115576316603, 0.00897500663996, -0.00269046751782, 0.000704980804585, 0.0020205762703, -0.000786769902334, -0.00121577014215, 0.000720549607649], [-0.000880953331944, 0.000378067314159, 0.0011726700468, 0.000839806743897, 0.000587372807786, -0.00106346840039, -0.00269046751782, 0.00875048153102, 0.000621252518613, 2.93521975436e-06, 0.000113976377179, 0.00215002964251, -0.00166355748661], [0.000343143416103, 0.000771556282416, -0.000577665457968, -0.00105609849561, 0.00156176765449, -0.00279366713949, 0.000704980804585, 0.000621252518613, 0.00768670532852, -0.000803107745014, 0.00168278801721, 0.000304613669869, 0.00117027200758], [0.000135511174449, 0.00153509574011, 0.000586156151257, 0.00198284164071, -0.00313670095056, 0.000903327716514, 0.0020205762703, 2.93521975436e-06, -0.000803107745014, 0.0145477931947, -0.00337210460566, 0.00292775873095, -0.000722905970179], [-0.000102098441857, -4.52204731118e-05, 0.00276931421831, 0.00024540850427, 0.00170570844784, 0.000372210051864, -0.000786769902334, 0.000113976377179, 0.00168278801721, -0.00337210460566, 0.0144453924149, -0.00451461737975, 0.00412327749655], [0.000126147104311, -0.000260501721641, -0.00282514700666, 0.00172398728319, -0.000198682799237, 0.000606432906352, -0.00121577014215, 0.00215002964251, 0.000304613669869, 0.00292775873095, -0.00451461737975, 0.0185789074749, -0.0086951861158], [0.000135596841574, 0.00047134142369, 1.13528803922e-05, -0.00284216646105, 0.00174976140261, 0.00384860136546, 0.000720549607649, -0.00166355748661, 0.00117027200758, -0.000722905970179, 0.00412327749655, -0.0086951861158, 0.0172663629055]]
    },
    "spectral_contrast_coeffs": {
        "max": [-0.295847773552, -0.47891497612, -0.464280813932, -0.581619858742, -0.557499408722, -0.588168382645],
        "mean": [-0.620086967945, -0.734314024448, -0.74669033289, -0.757896661758, -0.730722725391, -0.744325697422],
        "min": [-0.825491905212, -0.909930586815, -0.916564524174, -0.903370857239, -0.887178778648, -0.871799945831],
        "stdev": [0.0845556110144, 0.0706891268492, 0.0806049779058, 0.0640278756618, 0.0665212720633, 0.0448546856642]
    },
    "spectral_contrast_valleys": {
        "max": [-5.56766891479, -4.90009450912, -5.66146850586, -6.36062335968, -6.13795661926, -7.80505180359],
        "mean": [-7.42368221283, -6.60657787323, -7.56752300262, -7.69082164764, -7.44402599335, -10.3521232605],
        "min": [-9.95324420929, -8.83693504333, -10.1714267731, -9.88863658905, -9.9076423645, -12.5210790634],
        "stdev": [0.694347143173, 0.536814987659, 0.58559012413, 0.518395125866, 0.628548622131, 0.79264241457]
    }
},
"rhythm": {
    "beats_count": 82,
    "beats_loudness": {
        "max": 0.0601973049343,
        "mean": 0.0294063519686,
        "min": 0.000991336302832,
        "stdev": 0.0116667710245
    },
    "bpm": 100.550941467,
    "bpm_histogram_first_peak_bpm": 99,
    "bpm_histogram_first_peak_weight": 0.532258033752,
    "bpm_histogram_second_peak_bpm": 105,
    "bpm_histogram_second_peak_spread": 0.470588207245,
    "bpm_histogram_second_peak_weight": 0.111111111939,
    "danceability": 1.02676868439,
    "onset_rate": 2.953125,
    "beats_loudness_band_ratio": {
        "max": [0.814873099327, 0.773907244205, 0.793035149574, 0.730626046658, 0.617459237576, 0.410378932953],
        "mean": [0.198774889112, 0.242045328021, 0.252829492092, 0.186122730374, 0.15786986053, 0.0865298956633],
        "min": [0.00244943588041, 0.00559339765459, 0.0202034395188, 0.00466811005026, 0.00242246384732, 0.000456144596683],
        "stdev": [0.210478320718, 0.18620377779, 0.185039579868, 0.191689893603, 0.145244032145, 0.0695430785418]
    },
