{
"metadata": {
    "version": {
        "essentia": "2.1-beta5",
        "essentia_git_sha": "Undefined",
        "extractor": "music 2.0"
    },
    "audio_properties": {
        "analysis": {
            "equal_loudness": 0,
            "length": 32.4963264465,
            "sample_rate": 44100,
            "start_time": 61.4980506897,
            "downmix": "mix"
        },
        "bit_rate": 192000,
        "length": 171.049819946,
        "lossless": 0,
        "number_channels": 2,
        "replay_gain": -13.6440372467,
        "sample_rate": 48000,
        "codec": "mp3",
        "md5_encoded": "6927dfdde94f3d446c898d79777c31d6"
    },
    "tags": {
        "file_name": "Switzerland_Quel Cœur Vas-tu Briser_Géraldine.mp3",
        "encoding": ["Lavf58.29.100"]
    }
},
"lowlevel": {
    "average_loudness": 0.971902906895,
    "barkbands_crest": {
        "max": 25.165348053,
        "mean": 11.0896711349,
        "min": 3.12724280357,
        "stdev": 4.48947238922
    },
    "barkbands_flatness_db": {
        "max": 0.383347541094,
        "mean": 0.190701276064,
        "min": 0.0846658423543,
        "stdev": 0.0460273362696
    },
    "barkbands_kurtosis": {
        "max": 205.693252563,
        "mean": 5.33287763596,
        "min": -1.74300813675,
        "stdev": 12.1818695068
    },
    "barkbands_skewness": {
        "max": 11.6381912231,
        "mean": 1.82549464703,
        "min": -0.876949906349,
        "stdev": 1.23686528206
    },
    "barkbands_spread": {
        "max": 74.6798553467,
        "mean": 17.8681430817,
        "min": 0.821852564812,
        "stdev": 10.5537347794
    },
    "dissonance": {
        "max": 0.497846573591,
        "mean": 0.4514541924,
        "min": 0.327915847301,
        "stdev": 0.0260508209467
    },
    "dynamic_complexity": 1.70935380459,
    "erbbands_crest": {
        "max": 26.589881897,
        "mean": 10.282579422,
        "min": 3.05091404915,
        "stdev": 4.38682413101
    },
    "erbbands_flatness_db": {
        "max": 0.383237838745,
        "mean": 0.210090637207,
        "min": 0.103752277792,
        "stdev": 0.0425830557942
    },
    "erbbands_kurtosis": {
        "max": 27.2112083435,
        "mean": 0.219670668244,
        "min": -1.80147314072,
        "stdev": 2.39145946503
    },
    "erbbands_skewness": {
        "max": 5.00871515274,
        "mean": 0.599971950054,
        "min": -1.86514949799,
        "stdev": 0.81509321928
    },
    "erbbands_spread": {
        "max": 127.900650024,
        "mean": 39.6633911133,
        "min": 8.56889724731,
        "stdev": 17.7091331482
    },
    "hfc": {
        "max": 92.5844650269,
        "mean": 21.2900390625,
        "min": 0.309366822243,
        "stdev": 12.3054847717
    },
    "loudness_ebu128": {
        "integrated": -10.007144928,
        "loudness_range": 2.00302124023,
        "momentary": {
            "max": -7.23648118973,
            "mean": -10.2074661255,
            "min": -15.5005025864,
            "stdev": 1.37281084061
        },
        "short_term": {
            "max": -8.92660331726,
            "mean": -10.0911197662,
            "min": -11.4497642517,
            "stdev": 0.68998593092
        }
    },
    "melbands_crest": {
        "max": 31.5543212891,
        "mean": 13.8872709274,
        "min": 4.00945043564,
        "stdev": 5.04967784882
    },
    "melbands_flatness_db": {
        "max": 0.449443221092,
        "mean": 0.20069129765,
        "min": 0.0580755732954,
        "stdev": 0.0591737218201
    },
    "melbands_kurtosis": {
        "max": 357.627410889,
        "mean": 15.2726221085,
        "min": -1.60051131248,
        "stdev": 22.3302745819
    },
    "melbands_skewness": {
        "max": 11.6405944824,
        "mean": 2.86057090759,
        "min": 0.0912321135402,
        "stdev": 1.57669353485
    },
    "melbands_spread": {
        "max": 121.981552124,
        "mean": 20.1173248291,
        "min": 0.685406982899,
        "stdev": 14.1955137253
    },
    "pitch_salience": {
        "max": 0.830580592155,
        "mean": 0.52201294899,
        "min": 0.145289868116,
        "stdev": 0.115025624633
    },
    "silence_rate_20dB": {
        "max": 1,
        "mean": 1,
        "min": 1,
        "stdev": 0
    },
    "silence_rate_30dB": {
        "max": 1,
        "mean": 1,
        "min": 1,
        "stdev": 0
    },
    "silence_rate_60dB": {
        "max": 1,
        "mean": 0.0171306207776,
        "min": 0,
        "stdev": 0.129758194089
    },
    "spectral_centroid": {
        "max": 3818.15795898,
        "mean": 1199.96630859,
        "min": 208.892608643,
        "stdev": 544.263427734
    },
    "spectral_complexity": {
        "max": 38,
        "mean": 16.5974311829,
        "min": 0,
        "stdev": 6.17742013931
    },
    "spectral_decrease": {
        "max": -8.02283101065e-11,
        "mean": -6.83685064118e-09,
        "min": -2.16073896553e-08,
        "stdev": 3.43942296865e-09
    },
    "spectral_energy": {
        "max": 0.0837610587478,
        "mean": 0.0277349203825,
        "min": 0.000330860144459,
        "stdev": 0.0135582275689
    },
    "spectral_energyband_high": {
        "max": 0.0128319244832,
        "mean": 0.00061975850258,
        "min": 5.54307871425e-06,
        "stdev": 0.00105046248063
    },
    "spectral_energyband_low": {
        "max": 0.0193117614836,
        "mean": 0.00195180624723,
        "min": 1.3629136447e-05,
        "stdev": 0.0025391203817
    },
    "spectral_energyband_middle_high": {
        "max": 0.0448079109192,
        "mean": 0.00643171044067,
        "min": 5.60612061236e-05,
        "stdev": 0.00673103472218
    },
    "spectral_energyband_middle_low": {
        "max": 0.0757576525211,
        "mean": 0.0198525190353,
        "min": 0.000165610792465,
        "stdev": 0.01341685839
    },
    "spectral_entropy": {
        "max": 8.27352619171,
        "mean": 7.30880403519,
        "min": 5.65944242477,
        "stdev": 0.407017439604
    },
    "spectral_flux": {
        "max": 0.223035797477,
        "mean": 0.0739515125751,
        "min": 0.0136026758701,
        "stdev": 0.0292632449418
    },
    "spectral_kurtosis": {
        "max": 17.8666362762,
        "mean": 3.46599817276,
        "min": -0.988211393356,
        "stdev": 2.41153383255
    },
    "spectral_rms": {
        "max": 0.00903980713338,
        "mean": 0.00501971086487,
        "min": 0.00056814646814,
        "stdev": 0.00136417848989
    },
    "spectral_rolloff": {
        "max": 9108.54492188,
        "mean": 1402.25561523,
        "min": 193.798828125,
        "stdev": 1213.52563477
    },
    "spectral_skewness": {
        "max": 2.74824929237,
        "mean": 1.3171402216,
        "min": -0.0965629890561,
        "stdev": 0.385884940624
    },
    "spectral_spread": {
        "max": 12171786,
        "mean": 4126277.75,
        "min": 2180145.5,
        "stdev": 1338671.625
    },
    "spectral_strongpeak": {
        "max": 10.0175161362,
        "mean": 1.60801494122,
        "min": 0.0114204743877,
        "stdev": 1.35399901867
    },
    "zerocrossingrate": {
        "max": 0.2275390625,
        "mean": 0.0559324249625,
        "min": 0.00927734375,
        "stdev": 0.0272620338947
    },
    "barkbands": {
        "max": [0.000740257441066, 0.00479017477483, 0.0126280914992, 0.0492136031389, 0.0306437630206, 0.0663390085101, 0.0462538897991, 0.0147132845595, 0.0193401798606, 0.0180322751403, 0.037483163178, 0.00827433913946, 0.00613400200382, 0.00935899186879, 0.011928204447, 0.0133660836145, 0.00730405421928, 0.00417033489794, 0.00401689764112, 0.00403136992827, 0.00741176726297, 0.00393257196993, 0.00730698090047, 0.00274021108635, 0.000723201141227, 2.59492594523e-07, 2.63396799483e-07],
        "mean": [2.2082884243e-05, 0.000227130047278, 0.000939410703722, 0.00241664191708, 0.0042809965089, 0.00712694041431, 0.00375296408311, 0.000919547863305, 0.000786291726399, 0.00130296999123, 0.00144592986908, 0.000407927553169, 0.000436805596109, 0.000364015228115, 0.000816672400106, 0.000439647265011, 0.000434321817011, 0.000390506902477, 0.000435008318163, 0.00030705993413, 0.000136223112349, 9.76388328127e-05, 0.000147527840454, 7.92165956227e-05, 2.14639148908e-05, 1.18888399125e-09, 1.2373483349e-09],
        "min": [3.82425866974e-07, 1.44163186633e-06, 4.9373170441e-07, 9.19680587685e-07, 1.83629708772e-06, 1.45839931065e-05, 7.31369254936e-06, 3.15821637287e-07, 3.40799806509e-06, 2.25579742619e-06, 1.56854568445e-07, 4.35030671042e-07, 3.0440799037e-07, 8.75015814472e-07, 1.22750293485e-06, 1.05249819171e-06, 1.39333508287e-06, 3.71702890334e-06, 3.21050060847e-06, 1.99396936296e-06, 1.49460345256e-06, 3.58308000159e-07, 1.9302110843e-07, 2.01938846089e-07, 8.49477146403e-08, 6.02701655944e-12, 7.36249602951e-12],
        "stdev": [2.93642169709e-05, 0.000462440366391, 0.00144833337981, 0.0046938569285, 0.00492272898555, 0.0100100245327, 0.0057375729084, 0.0015403094003, 0.00124301295727, 0.00262877950445, 0.0045730615966, 0.000794061110355, 0.000722843513358, 0.000884539389517, 0.00133592251223, 0.00104822486173, 0.000797491054982, 0.000487868353957, 0.000570957839955, 0.0003806015593, 0.000336920726113, 0.000220528905629, 0.000507234188262, 0.000191163650015, 5.05587049702e-05, 7.90020404651e-09, 8.04708566449e-09]
    },
    "erbbands": {
        "max": [0.0476367473602, 1.65669178963, 13.8412151337, 67.7124252319, 199.215835571, 167.914855957, 363.113983154, 652.430847168, 948.945495605, 529.016418457, 235.365097046, 429.004486084, 579.484741211, 1184.09521484, 826.081359863, 405.387939453, 340.066101074, 221.460906982, 357.287353516, 483.581848145, 527.174072266, 502.635681152, 215.617614746, 286.652069092, 135.74168396, 131.858001709, 317.867858887, 197.223556519, 132.744018555, 103.745552063, 282.124206543, 72.8349533081, 59.0339393616, 12.1553182602, 2.23707389832, 0.0575168840587, 0.00249881087802, 0.000344028609106, 0.0001170043397, 9.78593743639e-05],
        "mean": [0.00329692079686, 0.0790445953608, 0.910126686096, 4.34288024902, 12.9153795242, 12.911400795, 33.6690063477, 58.9737281799, 65.686164856, 33.4522094727, 18.8732852936, 18.6256122589, 41.8979110718, 48.7649688721, 33.2115516663, 16.9181232452, 17.8844928741, 16.594587326, 30.7592506409, 40.0336074829, 23.4120292664, 23.6160640717, 24.668844223, 23.9294319153, 16.9736938477, 12.2073278427, 7.99257135391, 4.75121974945, 3.66176819801, 2.94902467728, 4.89780902863, 1.88029527664, 1.43706977367, 0.404678165913, 0.0743122547865, 0.00197984441184, 0.000120408527437, 1.89777474588e-05, 1.82168951142e-05, 3.37304445566e-05],
        "min": [5.56818631594e-05, 0.000290630938252, 0.00163625204004, 0.00450770929456, 0.00698409508914, 0.0265439469367, 0.0698688179255, 0.180497735739, 0.166539281607, 0.0839891061187, 0.0452135577798, 0.0802722424269, 0.0806825757027, 0.0351433567703, 0.022628897801, 0.018388196826, 0.0265109743923, 0.0466324910522, 0.0464457012713, 0.0841715931892, 0.121525973082, 0.0843561887741, 0.182768747211, 0.172711744905, 0.146066531539, 0.104555398226, 0.068807721138, 0.0468869879842, 0.0163370948285, 0.00514943199232, 0.00626768171787, 0.00558210676536, 0.0025827952195, 0.00174540199805, 0.000272383680567, 1.1488355085e-05, 2.18083778236e-06, 3.81652398573e-07, 9.07978744635e-07, 1.59456180882e-06],
        "stdev": [0.00408917153254, 0.155261993408, 1.43012785912, 6.98964309692, 19.8653926849, 17.1410427094, 49.2838935852, 97.5609207153, 113.076438904, 52.8178901672, 24.7907409668, 27.6964702606, 78.7927932739, 126.535209656, 78.5349273682, 31.0503406525, 28.6861743927, 23.7034797668, 46.5119094849, 60.0718345642, 44.3629226685, 42.0893745422, 29.1113872528, 33.5646018982, 19.7910766602, 13.1612462997, 15.3077125549, 11.6128749847, 7.99079608917, 6.86307191849, 18.6291904449, 4.60064172745, 4.15065765381, 0.902306258678, 0.173753395677, 0.00443502049893, 0.000223993803957, 3.08440939989e-05, 1.01998602986e-05, 1.57508693519e-05]
    },
    "gfcc": {
        "mean": [-17.2868919373, 118.476905823, -157.108230591, 46.3460884094, -86.4199295044, -2.24249482155, -53.4376106262, -7.26360702515, -16.6898841858, -21.1832237244, 2.25153183937, -23.3143959045, 5.7308678627],
        "cov": [[1409.02490234, -202.583953857, -264.299591064, 60.3152732849, -84.0619049072, 196.970550537, 40.6831359863, -53.9607086182, -65.6424789429, 9.42290782928, -96.7750778198, -15.0841798782, -67.8600311279], [-202.583953857, 517.434631348, -30.8924655914, -31.9562244415, 154.429168701, -141.524002075, 107.182540894, -81.724899292, 38.7934532166, -52.5208091736, 35.1863899231, -81.0257720947, 29.6930084229], [-264.299591064, -30.8924655914, 729.84564209, 145.130706787, -65.2705764771, 147.650741577, -237.92250061, 18.4819889069, -36.3392333984, 1.82219254971, -65.3070373535, -52.3772201538, -56.8822555542], [60.3152732849, -31.9562244415, 145.130706787, 257.150085449, 77.3670425415, 18.0554790497, -38.8451576233, -32.1039199829, 12.7740859985, -16.5115032196, -80.2334899902, -20.5766868591, -31.708574295], [-84.0619049072, 154.429168701, -65.2705764771, 77.3670425415, 240.278686523, -51.2666854858, 20.9361343384, 0.520114302635, 26.3273277283, -28.7805099487, -22.2272033691, -38.3177604675, 14.1658687592], [196.970550537, -141.524002075, 147.650741577, 18.0554790497, -51.2666854858, 327.704315186, 19.0859088898, 3.52436494827, -103.115890503, -0.991814672947, -63.4175453186, -26.0960826874, -105.938896179], [40.6831359863, 107.182540894, -237.92250061, -38.8451576233, 20.9361343384, 19.0859088898, 251.71333313, -28.3783512115, -47.6884536743, -21.8054237366, 18.8301010132, 12.6396274567, -19.8034038544], [-53.9607086182, -81.724899292, 18.4819889069, -32.1039199829, 0.520114302635, 3.52436494827, -28.3783512115, 113.628036499, 18.6647281647, 12.0536842346, 12.1514186859, 21.508272171, 14.9696111679], [-65.6424789429, 38.7934532166, -36.3392333984, 12.7740859985, 26.3273277283, -103.115890503, -47.6884536743, 18.6647281647, 127.501609802, 24.8376121521, 21.3162269592, 8.94632911682, 33.379699707], [9.42290782928, -52.5208091736, 1.82219254971, -16.5115032196, -28.7805099487, -0.991814672947, -21.8054237366, 12.0536842346, 24.8376121521, 88.158706665, 15.8965950012, 7.82108402252, 7.36331129074], [-96.7750778198, 35.1863899231, -65.3070373535, -80.2334899902, -22.2272033691, -63.4175453186, 18.8301010132, 12.1514186859, 21.3162269592, 15.8965950012, 108.008590698, 30.8734493256, 17.4287757874], [-15.0841798782, -81.0257720947, -52.3772201538, -20.5766868591, -38.3177604675, -26.0960826874, 12.6396274567, 21.508272171, 8.94632911682, 7.82108402252, 30.8734493256, 84.3418731689, 30.5828227997], [-67.8600311279, 29.6930084229, -56.8822555542, -31.708574295, 14.1658687592, -105.938896179, -19.8034038544, 14.9696111679, 33.379699707, 7.36331129074, 17.4287757874, 30.5828227997, 99.1704559326]],
        "icov": [[0.00123089784756, -0.000640334852505, 0.00156549643725, -0.00121592916548, 0.00122901750728, -0.00117508508265, 0.00138779752888, -0.000259135267697, 0.000681852339767, -0.000317012396408, 0.000589483126532, 3.55231131834e-05, 0.000108042782813], [-0.000640334852505, 0.00876468326896, -0.00476222578436, 0.00492496835068, -0.00546693848446, 0.00335661205463, -0.00748259760439, 0.00596673088148, -0.00473882444203, 0.00325357774273, -0.00219947774895, 0.00663651805371, -0.00255410769023], [0.00156549643725, -0.00476222578436, 0.00684774620458, -0.00545701012015, 0.00491017708555, -0.00379101396538, 0.00761950202286, -0.0037980673369, 0.00407642219216, -0.00141922209878, 0.000549241201952, -0.00138562603388, 0.00108782178722], [-0.00121592916548, 0.00492496835068, -0.00545701012015, 0.0113400742412, -0.00657755509019, 0.00400195131078, -0.00527156423777, 0.00558024737984, -0.00458640325814, 0.00152122683357, 0.0041684769094, -0.00053163029952, 0.00237096054479], [0.00122901750728, -0.00546693848446, 0.00491017708555, -0.00657755509019, 0.0104490080848, -0.00273611559533, 0.00483448570594, -0.0052758581005, 0.00262971501797, -0.00029553254717, 0.000699921278283, 0.000662932172418, -0.000653133552987], [-0.00117508508265, 0.00335661205463, -0.00379101396538, 0.00400195131078, -0.00273611559533, 0.00933510158211, -0.00413350947201, 0.000974081107415, 0.00143159972504, -0.000409012689488, 0.00279950490221, 0.000486094970256, 0.00559323234484], [0.00138779752888, -0.00748259760439, 0.00761950202286, -0.00527156423777, 0.00483448570594, -0.00413350947201, 0.0144527135417, -0.00414468860254, 0.00704474188387, -0.00200776406564, 0.000883082509972, -0.00592271611094, 0.00372959277593], [-0.000259135267697, 0.00596673088148, -0.0037980673369, 0.00558024737984, -0.0052758581005, 0.000974081107415, -0.00414468860254, 0.0150039130822, -0.00511466991156, 0.00163021020126, -0.000947739230469, 0.000913484604098, -0.00217105145566], [0.000681852339767, -0.00473882444203, 0.00407642219216, -0.00458640325814, 0.00262971501797, 0.00143159972504, 0.00704474188387, -0.00511466991156, 0.0158758722246, -0.00490648159757, 9.62562553468e-05, -0.00314403721131, 0.00206296006218], [-0.000317012396408, 0.00325357774273, -0.00141922209878, 0.00152122683357, -0.00029553254717, -0.000409012689488, -0.00200776406564, 0.00163021020126, -0.00490648159757, 0.0146353086457, -0.002939902246, 0.0033313378226, -0.00250631012022], [0.000589483126532, -0.00219947774895, 0.000549241201952, 0.0041684769094, 0.000699921278283, 0.00279950490221, 0.000883082509972, -0.000947739230469, 9.62562553468e-05, -0.002939902246, 0.0173326693475, -0.00737198442221, 0.00533293979242], [3.55231131834e-05, 0.00663651805371, -0.00138562603388, -0.00053163029952, 0.000662932172418, 0.000486094970256, -0.00592271611094, 0.000913484604098, -0.00314403721131, 0.0033313378226, -0.00737198442221, 0.0244322679937, -0.00925161782652], [0.000108042782813, -0.00255410769023, 0.00108782178722, 0.00237096054479, -0.000653133552987, 0.00559323234484, 0.00372959277593, -0.00217105145566, 0.00206296006218, -0.00250631012022, 0.00533293979242, -0.00925161782652, 0.0208526588976]]
    },
    "melbands": {
        "max": [0.000779194582719, 0.00507517857477, 0.0181562621146, 0.0078409453854, 0.0100480010733, 0.0145185962319, 0.012355659157, 0.00466563086957, 0.00174230255652, 0.00324077135883, 0.002969478257, 0.00436504138634, 0.00458357855678, 0.000898912199773, 0.00100876006763, 0.000669483561069, 0.000476687127957, 0.000790581572801, 0.00132900825702, 0.00116896128748, 0.000473848835099, 0.000526015064679, 0.000331989664119, 0.000200493683224, 0.000296834448818, 0.000141867742059, 0.000250578916166, 8.47694682307e-05, 0.000164073964697, 0.000229765544645, 8.36242979858e-05, 8.15183666418e-05, 6.47445776849e-05, 5.60027474421e-05, 0.00017551635392, 0.000111170789751, 2.46677664109e-05, 6.17530822637e-05, 9.32216062211e-06, 1.10636592581e-05],
        "mean": [4.4849319238e-05, 0.000360148318578, 0.0010695902165, 0.00092339492403, 0.0010260149138, 0.0014022316318, 0.000939372286666, 0.000315155892167, 0.000145178099046, 0.000117842348118, 0.000213877967326, 0.00019536302716, 0.000151981046656, 4.57840687886e-05, 4.15708964283e-05, 4.26838014391e-05, 2.97735805361e-05, 4.30589279858e-05, 7.38351955079e-05, 4.0750750486e-05, 2.34720464505e-05, 2.62080266111e-05, 2.14345363929e-05, 1.80629722308e-05, 2.04108109756e-05, 1.38712184707e-05, 1.16590817925e-05, 7.30441297492e-06, 5.88858711126e-06, 3.54885651177e-06, 2.3980539936e-06, 2.14739952753e-06, 1.66959807757e-06, 1.5060026044e-06, 2.85034161607e-06, 2.14131227949e-06, 8.52565733567e-07, 1.28399722144e-06, 4.80909363887e-07, 2.82450770328e-07],
        "min": [8.0908188238e-07, 1.2655413002e-06, 6.33358865798e-07, 6.84987810473e-07, 1.12248585538e-06, 4.41134488938e-06, 2.40979284172e-06, 2.38210759562e-07, 1.51355834532e-07, 4.69001321335e-07, 2.89370774453e-07, 9.13585935791e-08, 3.05165208658e-08, 6.37819113081e-08, 3.76044617667e-08, 3.92492509604e-08, 9.04642263322e-08, 5.76724872303e-08, 1.07048244047e-07, 7.01043276763e-08, 1.10279131604e-07, 9.48824094849e-08, 5.77581147354e-08, 1.97944331148e-07, 1.23438766764e-07, 8.76811725448e-08, 5.01696639787e-08, 5.68078952767e-08, 4.91819491799e-08, 2.64236899028e-08, 7.86621612292e-09, 6.02184302423e-09, 2.9277584801e-09, 2.15916795554e-09, 3.45690587267e-09, 2.46085196665e-09, 3.62769858597e-09, 1.56702983922e-09, 1.78544867779e-09, 1.2520136039e-09],
        "stdev": [7.20023308531e-05, 0.000533497950528, 0.0017355318414, 0.00113659235649, 0.00137833913323, 0.00213796179742, 0.00151245354209, 0.000512784346938, 0.00019828339282, 0.000202491457458, 0.000411830784287, 0.000483047741, 0.000445039273473, 9.21947139432e-05, 8.76145495567e-05, 7.94847583165e-05, 5.42918714928e-05, 8.68774222909e-05, 0.00013583569671, 8.64112953423e-05, 4.41949632659e-05, 5.1115595852e-05, 3.18378079101e-05, 2.23490005737e-05, 3.22165833495e-05, 1.95368593268e-05, 1.89689799299e-05, 7.90004833107e-06, 1.05362432805e-05, 9.62883586908e-06, 6.15248563918e-06, 4.76708009955e-06, 3.86193460145e-06, 3.61953129868e-06, 1.12689276648e-05, 7.40656150811e-06, 1.54724955337e-06, 4.26588258051e-06, 8.89425052719e-07, 7.32660453195e-07]
    },
    "melbands128": {
        "max": [0.000381057732739, 0.000382818310754, 0.000466918078018, 0.00334028620273, 0.00798689667135, 0.00797035545111, 0.00975236482918, 0.034328546375, 0.0212878677994, 0.0103551549837, 0.0126243801787, 0.0106341438368, 0.014341278933, 0.0262319911271, 0.020116167143, 0.0329005941749, 0.0298815015703, 0.00991722103208, 0.016172343865, 0.00540486909449, 0.00609434489161, 0.0035287886858, 0.00299375061877, 0.00202670134604, 0.00137636705767, 0.00758458673954, 0.00485647004098, 0.00569489784539, 0.00595812452957, 0.00427263509482, 0.00824957620353, 0.0123926615342, 0.00494040502235, 0.00273581035435, 0.00193114788271, 0.00135780882556, 0.00201700627804, 0.00205848785117, 0.00179149839096, 0.0015480912989, 0.00124591367785, 0.000796330336016, 0.00101175741293, 0.00116323516704, 0.00259700929746, 0.0010224521393, 0.00124752230477, 0.00224716565572, 0.00155115395319, 0.00120744085871, 0.00198615877889, 0.00247737998143, 0.000258565065451, 0.00104868074413, 0.000891810806934, 0.00107807596214, 0.00115479866508, 0.000777364242822, 0.000463710806798, 0.00056392152328, 0.000282017543213, 0.000481827009935, 0.000578832172323, 0.000622112653218, 0.000413236237364, 0.000305062509142, 0.000258136598859, 0.000132473476697, 0.000522822374478, 0.0001352771651, 0.000102240897832, 0.000124419806525, 0.000207535544178, 0.000221595080802, 0.00022527721012, 0.000311633164529, 0.000205237491173, 0.000165534729604, 0.000103303987999, 0.000117911651614, 9.47379448917e-05, 8.11200152384e-05, 8.58258499647e-05, 8.08711265563e-05, 9.32183684199e-05, 8.08581680758e-05, 5.37578089279e-05, 0.000109426378913, 0.000162309079315, 0.000370746885892, 0.000228692544624, 7.56679000915e-05, 1.86909983313e-05, 1.24328025777e-05, 2.8634805858e-05, 8.8609456725e-05, 0.000100029697933, 1.30805410663e-05, 9.3181624834e-06, 1.02431595224e-05, 1.17839717859e-05, 1.32640061565e-05, 8.33488411445e-06, 5.59102682018e-06, 1.7278176756e-06, 2.09708250765e-09, 1.9131829454e-09, 1.86475124231e-09, 1.80429737817e-09, 1.72996672543e-09, 1.65368629901e-09, 1.59104129871e-09, 1.52220502869e-09, 1.45670076002e-09, 1.3941009458e-09, 1.34327693413e-09, 1.29242649916e-09, 1.2484856482e-09, 1.20705712092e-09, 1.170762709e-09, 1.13873244167e-09, 1.1066277894e-09, 1.0829144248e-09, 1.0608592893e-09, 1.04737540862e-09, 1.03133446228e-09, 1.02119623868e-09, 1.01455943646e-09],
        "mean": [1.40804113471e-05, 1.84000946319e-05, 3.75344861823e-05, 0.000131025604787, 0.000377720891265, 0.000469968334073, 0.000691958179232, 0.00146102276631, 0.0013859081082, 0.000884417793714, 0.000599874008913, 0.000699011899997, 0.00119343912229, 0.00140993681271, 0.00115677516442, 0.00157183571719, 0.00159967399668, 0.000547823030502, 0.000584003515542, 0.000322798092384, 0.000240224777372, 0.000123589037685, 0.000166166151757, 0.000118542884593, 7.40480027162e-05, 0.000165754943737, 9.93013309198e-05, 0.000280221924186, 0.000256252824329, 9.14862612262e-05, 0.000187689991435, 0.000376219832106, 8.04482770036e-05, 9.06043496798e-05, 4.66479141323e-05, 2.73184250545e-05, 5.08906014147e-05, 4.8959725973e-05, 3.27279085468e-05, 2.58340878645e-05, 7.3569273809e-05, 1.87206878763e-05, 1.47218543134e-05, 4.24682912126e-05, 5.0603030104e-05, 3.39309553965e-05, 4.44039287686e-05, 9.5632931334e-05, 8.34519523778e-05, 2.25988023885e-05, 4.38201386714e-05, 5.43517562619e-05, 9.43940631259e-06, 1.59132578119e-05, 3.71508285752e-05, 2.51065666816e-05, 2.24955329031e-05, 1.55408470164e-05, 1.94856220332e-05, 3.58980396413e-05, 1.40002675835e-05, 9.47313401412e-06, 1.8162847482e-05, 2.45294413617e-05, 2.37745607592e-05, 1.11955805551e-05, 1.14350241347e-05, 7.94244624558e-06, 1.70989551407e-05, 7.89074510976e-06, 4.36600703324e-06, 8.77746515471e-06, 9.3440130513e-06, 4.29224519394e-06, 3.31053638547e-06, 4.21961203756e-06, 3.14681369673e-06, 2.87050443148e-06, 2.10196071748e-06, 2.30631212617e-06, 2.03523040909e-06, 2.29656552619e-06, 1.92738571059e-06, 1.39413816669e-06, 1.67794883055e-06, 1.69337079114e-06, 1.27346481804e-06, 1.4327149529e-06, 2.7022483664e-06, 4.44669149147e-06, 2.95073436973e-06, 1.42713531659e-06, 7.63819457461e-07, 6.15797148384e-07, 9.72261091192e-07, 1.58403827299e-06, 1.52309394252e-06, 5.67912763927e-07, 5.06125388711e-07, 3.94856414232e-07, 3.30121935121e-07, 2.54226080187e-07, 2.3869770871e-07, 1.99710385118e-07, 3.02497298321e-08, 4.52931026018e-11, 9.38837809578e-12, 8.62698888021e-12, 8.24281962131e-12, 7.90360051711e-12, 7.54018462251e-12, 7.23033698885e-12, 6.93871522739e-12, 6.67468857962e-12, 6.42890558497e-12, 6.20871756785e-12, 5.99749373428e-12, 5.81318803858e-12, 5.64706354594e-12, 5.49099654634e-12, 5.3518665194e-12, 5.22501876835e-12, 5.1201122335e-12, 5.02549781303e-12, 4.94248825894e-12, 4.85963352892e-12, 4.80571875697e-12, 4.77677402841e-12],
        "min": [7.92558907392e-08, 1.46391457179e-07, 3.25604418094e-07, 2.56382435282e-07, 2.9217460451e-07, 3.15218642299e-07, 6.66046787501e-07, 3.45182797901e-07, 2.38941510133e-07, 2.4222134698e-07, 2.54660847077e-07, 2.52412888813e-07, 2.85031262592e-07, 1.56619626068e-06, 9.36933815865e-07, 7.59580473186e-07, 9.77933837021e-07, 9.41140456234e-07, 2.64914859827e-07, 1.0103975967e-07, 4.99060099912e-08, 5.68026301551e-08, 5.10924351715e-08, 1.64873398489e-07, 1.88393045164e-07, 2.2696578128e-07, 6.07630141758e-08, 1.65061891266e-07, 1.7006982489e-07, 4.31275246626e-08, 2.44295925711e-08, 1.85849717838e-08, 1.48230760999e-08, 1.81967827473e-08, 2.90481789733e-08, 2.16301021538e-08, 2.47089708694e-08, 1.27889716595e-08, 2.2637417274e-08, 6.74546019042e-09, 5.07432451613e-09, 2.13099795587e-08, 3.60052823112e-08, 6.92939110536e-08, 1.89618685198e-08, 1.13733014118e-08, 9.92361481877e-09, 4.21617301072e-08, 5.65682185538e-08, 4.70979912848e-08, 8.04167186175e-08, 2.9443587124e-08, 4.85630167191e-08, 6.72379343314e-08, 1.14472797463e-07, 1.10259037456e-07, 7.0334465363e-08, 2.81219829645e-08, 4.29908588728e-08, 1.18520681269e-07, 1.21640567841e-07, 7.37618819358e-08, 9.54428998057e-08, 1.14044020449e-07, 7.42967145584e-08, 4.57315572078e-08, 2.66815014527e-08, 2.85641252873e-08, 3.59188554455e-08, 1.54719081991e-08, 3.86142318121e-08, 3.95198540559e-08, 3.82701088597e-08, 2.26611405196e-08, 1.05709450082e-08, 1.38289912854e-08, 2.690813794e-08, 6.24104679048e-09, 5.96358917804e-09, 5.62748070365e-09, 3.14165760074e-09, 2.49859377632e-09, 2.28198770991e-09, 1.06088948737e-09, 2.1420278884e-09, 1.15827247793e-09, 1.80652359738e-09, 2.87199664051e-09, 3.05062930472e-09, 3.06310665721e-09, 1.53247159407e-09, 1.65869462609e-09, 3.11234993333e-09, 5.57583224037e-09, 1.56689039521e-09, 1.12073084146e-09, 1.35076527741e-09, 1.76795622586e-09, 1.89211868395e-09, 1.2241689884e-09, 1.30204558246e-09, 9.52213197181e-10, 7.36388339195e-10, 6.95079049873e-10, 5.80136078066e-11, 1.16381215646e-13, 4.03553228432e-14, 2.69212295279e-14, 2.6005693638e-14, 2.79417890328e-14, 2.97930252788e-14, 2.26336944385e-14, 2.78289744086e-14, 2.73125502792e-14, 2.56099767857e-14, 2.81808573059e-14, 2.83597438881e-14, 2.45611839786e-14, 2.59840045124e-14, 2.39108507164e-14, 2.45595119355e-14, 2.4789848993e-14, 2.61675142004e-14, 2.12117311021e-14, 2.06809785632e-14, 6.39502590694e-15, 1.04946895121e-15, 4.27905659393e-17],
        "stdev": [1.53974706336e-05, 2.6508805604e-05, 5.43606256542e-05, 0.000313652853947, 0.000740148010664, 0.000717549759429, 0.00113258848432, 0.00307518406771, 0.00229389755987, 0.00132968171965, 0.00114435248543, 0.00122018018737, 0.0020787473768, 0.00263638375327, 0.00262140110135, 0.003677531844, 0.00355080724694, 0.000978327123448, 0.00136440817732, 0.000620466424152, 0.000579966872465, 0.000253962178249, 0.000291936099529, 0.000220542642637, 0.00012514682021, 0.000447307276772, 0.000273225625278, 0.000697317707818, 0.000667748798151, 0.00030930840876, 0.00070886494359, 0.00142644310836, 0.000300184998196, 0.000235354760662, 0.000150495659909, 9.19692247408e-05, 0.000144609206473, 0.00014667576761, 9.97647439362e-05, 7.98834371381e-05, 0.000159613264259, 4.14056557929e-05, 4.35182191723e-05, 0.000112495436042, 0.000201061164262, 9.72201887635e-05, 0.000123849546071, 0.000216320113395, 0.000191178769455, 6.53167371638e-05, 0.000124428974232, 0.00018270626606, 2.39052587858e-05, 5.27201264049e-05, 0.000100806741102, 6.60437217448e-05, 7.12173787178e-05, 5.25108880538e-05, 4.11004766647e-05, 5.98670849286e-05, 2.32911534113e-05, 2.90267762466e-05, 4.21625081799e-05, 5.18914675922e-05, 5.31040568603e-05, 2.21168556891e-05, 2.31972371694e-05, 1.2991064068e-05, 3.87442560168e-05, 1.25120650409e-05, 7.17329476174e-06, 1.43976922118e-05, 1.9508499463e-05, 1.0896565982e-05, 9.96924882202e-06, 1.25957258206e-05, 9.6328149084e-06, 9.2557293101e-06, 6.23813366474e-06, 6.13791280557e-06, 5.1046254157e-06, 5.01411977893e-06, 4.79194204672e-06, 3.49208994521e-06, 4.53372422271e-06, 4.1938128561e-06, 3.20285630551e-06, 5.1318752412e-06, 1.14454369395e-05, 2.00170088647e-05, 1.22132778415e-05, 4.08060668633e-06, 1.13483497444e-06, 8.72348380199e-07, 1.87505281701e-06, 5.6406429394e-06, 6.01152487434e-06, 1.11376084533e-06, 8.95779635357e-07, 8.44435419367e-07, 9.08031836389e-07, 7.83900929946e-07, 5.87251292927e-07, 4.69089258104e-07, 9.09397925852e-08, 1.10816661403e-10, 5.85316517476e-11, 5.68871755258e-11, 5.49285582296e-11, 5.26404093926e-11, 5.03485898806e-11, 4.83627617121e-11, 4.62820372304e-11, 4.43437682407e-11, 4.24914582686e-11, 4.09283440472e-11, 3.93996085757e-11, 3.80930391397e-11, 3.68517300009e-11, 3.57671565976e-11, 3.47773164433e-11, 3.38510851294e-11, 3.31291903632e-11, 3.2449709586e-11, 3.20036774859e-11, 3.15365650261e-11, 3.12319475837e-11, 3.10344146215e-11]
    },
    "mfcc": {
        "mean": [-635.25189209, 118.029975891, -7.14279699326, 24.338394165, -3.15065908432, -11.8675765991, -13.7347621918, -7.39248752594, -14.6281585693, -1.11712086201, -14.3314237595, -5.93644762039, -7.6193318367],
        "cov": [[1756.71801758, -298.57321167, -261.447357178, -117.48147583, -229.503311157, 193.439529419, 20.3776664734, 41.5830497742, 2.83840703964, -5.15071964264, 37.3975448608, -82.5889205933, 55.962852478], [-298.57321167, 535.694580078, -120.104858398, 69.026550293, 4.6047410965, -37.4322052002, 35.0339546204, -40.8148345947, -8.58272075653, 28.2193393707, -18.1452083588, -4.01606607437, -41.0641059875], [-261.447357178, -120.104858398, 734.077758789, -81.0231552124, 163.85874939, 70.7967987061, -41.4528999329, -32.0815811157, -34.313835144, 3.1373064518, 33.0989379883, -2.72580075264, -87.7311859131], [-117.48147583, 69.026550293, -81.0231552124, 301.55380249, 82.4116897583, -13.2401161194, -48.6000900269, -12.5378780365, 60.1726264954, -30.1144275665, -42.5145606995, 52.6496315002, -17.8358688354], [-229.503311157, 4.6047410965, 163.85874939, 82.4116897583, 309.225616455, -40.5420227051, -65.0990371704, -18.2447929382, 34.313079834, 23.5126819611, -25.9828796387, 31.5212535858, -82.9376373291], [193.439529419, -37.4322052002, 70.7967987061, -13.2401161194, -40.5420227051, 216.270248413, 69.4025192261, 24.7284202576, 5.74473714828, -16.2249908447, 58.5359535217, -35.4362220764, -18.3950443268], [20.3776664734, 35.0339546204, -41.4528999329, -48.6000900269, -65.0990371704, 69.4025192261, 176.230514526, 48.6690292358, -14.7188405991, -8.98912239075, 37.2077331543, -45.9693107605, 10.2927846909], [41.5830497742, -40.8148345947, -32.0815811157, -12.5378780365, -18.2447929382, 24.7284202576, 48.6690292358, 108.713317871, 4.44945526123, -12.0693778992, 10.362364769, -12.7165374756, 16.1467990875], [2.83840703964, -8.58272075653, -34.313835144, 60.1726264954, 34.313079834, 5.74473714828, -14.7188405991, 4.44945526123, 97.9485168457, -4.16596889496, -9.18476390839, 1.46311581135, -4.10139703751], [-5.15071964264, 28.2193393707, 3.1373064518, -30.1144275665, 23.5126819611, -16.2249908447, -8.98912239075, -12.0693778992, -4.16596889496, 82.9618225098, 15.3029975891, -13.8519058228, -22.5896263123], [37.3975448608, -18.1452083588, 33.0989379883, -42.5145606995, -25.9828796387, 58.5359535217, 37.2077331543, 10.362364769, -9.18476390839, 15.3029975891, 96.4754333496, -7.35893678665, -2.68992328644], [-82.5889205933, -4.01606607437, -2.72580075264, 52.6496315002, 31.5212535858, -35.4362220764, -45.9693107605, -12.7165374756, 1.46311581135, -13.8519058228, -7.35893678665, 91.821647644, 18.3952140808], [55.962852478, -41.0641059875, -87.7311859131, -17.8358688354, -82.9376373291, -18.3950443268, 10.2927846909, 16.1467990875, -4.10139703751, -22.5896263123, -2.68992328644, 18.3952140808, 122.635650635]],
        "icov": [[0.000900734274182, 0.000506682437845, 0.00048847461585, 0.000243376271101, 0.000319973449223, -0.000977914081886, 0.000529994664248, 5.42646121175e-05, 7.08374427631e-05, -0.000207962788409, 0.000232122009038, 0.000466828700155, 6.06800895184e-05], [0.000506682437845, 0.00262444443069, 0.00062212854391, -0.000513264269102, 0.00031046490767, -0.00012666117982, -0.000817271647975, 0.001075974782, 0.000518387241755, -0.000878469436429, 0.000446327205282, 0.000167124046129, 0.000976114941295], [0.00048847461585, 0.00062212854391, 0.00232602236792, 0.000915650802199, -0.00107405474409, -0.00134368333966, 0.000760971393902, 0.00058746652212, 0.000867367140017, 0.000626267923508, -0.000274751277175, 0.000217607215745, 0.000819129985757], [0.000243376271101, -0.000513264269102, 0.000915650802199, 0.00540718855336, -0.00103552022483, -0.00123989582062, 0.000809135090094, 0.000112122805149, -0.00222834991291, 0.0017380095087, 0.00138399621937, -0.00233398820274, 0.000815625302494], [0.000319973449223, 0.00031046490767, -0.00107405474409, -0.00103552022483, 0.00579060520977, 0.000762613315601, 0.000415272108512, -0.000656353018712, -0.00153705466073, -0.00163934123702, 0.00093962054234, -0.00146336504258, 0.00300782173872], [-0.000977914081886, -0.00012666117982, -0.00134368333966, -0.00123989582062, 0.000762613315601, 0.00831701420248, -0.00232948502526, -0.000355136318831, -0.00102863670327, 0.00192484958097, -0.00390583765693, 0.00124876224436, 0.00131499778945], [0.000529994664248, -0.000817271647975, 0.000760971393902, 0.000809135090094, 0.000415272108512, -0.00232948502526, 0.00964073650539, -0.00310150184669, 0.00105985696428, 0.00144352251664, -0.00199996773154, 0.00351429707371, -0.000592474185396], [5.42646121175e-05, 0.001075974782, 0.00058746652212, 0.000112122805149, -0.000656353018712, -0.000355136318831, -0.00310150184669, 0.0114579759538, -0.00052519980818, 0.00094355060719, -0.000153934393893, 0.000488827994559, -0.000893829448614], [7.08374427631e-05, 0.000518387241755, 0.000867367140017, -0.00222834991291, -0.00153705466073, -0.00102863670327, 0.00105985696428, -0.00052519980818, 0.0126520767808, 4.62671960122e-05, -2.65814651357e-05, 0.00190806644969, -0.000631065224297], [-0.000207962788409, -0.000878469436429, 0.000626267923508, 0.0017380095087, -0.00163934123702, 0.00192484958097, 0.00144352251664, 0.00094355060719, 4.62671960122e-05, 0.0157770160586, -0.00404612487182, 0.00263807247393, 0.00185943604447], [0.000232122009038, 0.000446327205282, -0.000274751277175, 0.00138399621937, 0.00093962054234, -0.00390583765693, -0.00199996773154, -0.000153934393893, -2.65814651357e-05, -0.00404612487182, 0.014900540933, -0.00290218321607, 0.000301943975501], [0.000466828700155, 0.000167124046129, 0.000217607215745, -0.00233398820274, -0.00146336504258, 0.00124876224436, 0.00351429707371, 0.000488827994559, 0.00190806644969, 0.00263807247393, -0.00290218321607, 0.0163024868816, -0.0034617788624], [6.06800895184e-05, 0.000976114941295, 0.000819129985757, 0.000815625302494, 0.00300782173872, 0.00131499778945, -0.000592474185396, -0.000893829448614, -0.000631065224297, 0.00185943604447, 0.000301943975501, -0.0034617788624, 0.0124041251838]]
    },
    "spectral_contrast_coeffs": {
        "max": [-0.360147356987, -0.340238332748, -0.513466179371, -0.5860850811, -0.629261851311, -0.574404120445],
        "mean": [-0.626791298389, -0.683140993118, -0.716979026794, -0.747739315033, -0.76898086071, -0.768759727478],
        "min": [-0.843453288078, -0.903042852879, -0.899047017097, -0.886040151119, -0.869454443455, -0.883358299732],
        "stdev": [0.0770728215575, 0.092801168561, 0.0710382834077, 0.0551061034203, 0.0448810905218, 0.0447339378297]
    },
    "spectral_contrast_valleys": {
        "max": [-5.32806110382, -5.41934108734, -6.21293115616, -6.74612665176, -6.20951843262, -8.36524200439],
        "mean": [-7.04412984848, -6.67352342606, -7.65527677536, -7.82375955582, -7.4523859024, -10.1999063492],
        "min": [-9.39166736603, -9.23365592957, -9.8135175705, -9.79002380371, -9.09248256683, -12.4164552689],
        "stdev": [0.632070243359, 0.531560838223, 0.571661889553, 0.493850022554, 0.464227795601, 0.671268165112]
    }
},
"rhythm": {
    "beats_count": 50,
    "beats_loudness": {
        "max": 0.0745608285069,
        "mean": 0.0347587130964,
        "min": 0.016010735184,
        "stdev": 0.0106425592676
    },
    "bpm": 93.1374435425,
    "bpm_histogram_first_peak_bpm": 94,
    "bpm_histogram_first_peak_weight": 0.533333301544,
    "bpm_histogram_second_peak_bpm": 89,
    "bpm_histogram_second_peak_spread": 0,
    "bpm_histogram_second_peak_weight": 0.0816326513886,
    "danceability": 1.18797123432,
    "onset_rate": 3.07617163658,
    "beats_loudness_band_ratio": {
        "max": [0.89980661869, 0.776039302349, 0.772847175598, 0.651728093624, 0.344807416201, 0.348331689835],
        "mean": [0.279098629951, 0.364255666733, 0.226076990366, 0.113279350102, 0.0858615115285, 0.0637695491314],
        "min": [0.00121640576981, 0.021482784301, 0.0143214138225, 0.000204396405024, 0.00251240492798, 0.00258929422125],
        "stdev": [0.213192850351, 0.201081857085, 0.182220593095, 0.142798513174, 0.0772488713264, 0.0577066764235]
    },
    "beats_position": [0.66176867485, 1.3235373497, 1.98530614376, 2.6470746994, 3.29723358154, 3.94739222527, 4.58594083786, 5.22448968887, 5.87464857101, 6.51319694519, 7.1517457962, 7.77868461609, 8.4172334671, 9.05578231812, 9.70594120026, 10.3560991287, 10.9946479797, 11.6331968307, 12.2833557129, 12.933514595, 13.572063446, 14.2106122971, 14.8491611481, 15.5109291077, 16.1843090057, 16.8344669342, 17.5078449249, 18.181224823, 18.8546028137, 19.5047607422, 20.154920578, 20.8050785065, 21.4552383423, 22.1053962708, 22.7439460754, 23.3708839417, 24.009431839, 24.6479816437, 25.286529541, 25.9250793457, 26.5520172119, 27.1905670166, 27.8175048828, 28.4444446564, 29.0829925537, 29.7215423584, 30.3368701935, 30.9754180908, 31.6023578644, 32.2409057617],
