{
"metadata": {
    "version": {
        "essentia": "2.1-beta5",
        "essentia_git_sha": "Undefined",
        "extractor": "music 2.0"
    },
    "audio_properties": {
        "analysis": {
            "equal_loudness": 0,
            "length": 12.7477550507,
            "sample_rate": 44100,
            "start_time": 0,
            "downmix": "mix"
        },
        "bit_rate": 192000,
        "length": 141.165725708,
        "lossless": 0,
        "number_channels": 2,
        "replay_gain": -12.4875736237,
        "sample_rate": 48000,
        "codec": "mp3",
        "md5_encoded": "7eabdb86c130817c5339be52177a501f"
    },
    "tags": {
        "file_name": "Norway_Dukkemann_Kirsti Sparboe.mp3",
        "encoding": ["Lavf58.29.100"]
    }
},
"lowlevel": {
    "average_loudness": 0.92273491621,
    "barkbands_crest": {
        "max": 24.7333946228,
        "mean": 11.0636205673,
        "min": 3.68590927124,
        "stdev": 4.19181108475
    },
    "barkbands_flatness_db": {
        "max": 0.292606472969,
        "mean": 0.164801299572,
        "min": 0.0816063135862,
        "stdev": 0.0389536097646
    },
    "barkbands_kurtosis": {
        "max": 48.2354354858,
        "mean": 5.64011049271,
        "min": -1.82332420349,
        "stdev": 6.19881725311
    },
    "barkbands_skewness": {
        "max": 6.12268400192,
        "mean": 1.9764020443,
        "min": -2.95243167877,
        "stdev": 1.20675992966
    },
    "barkbands_spread": {
        "max": 89.5256958008,
        "mean": 21.8678264618,
        "min": 2.77162194252,
        "stdev": 12.3345050812
    },
    "dissonance": {
        "max": 0.499357491732,
        "mean": 0.462901651859,
        "min": 0.330524235964,
        "stdev": 0.0277433134615
    },
    "dynamic_complexity": 10.0438489914,
    "erbbands_crest": {
        "max": 27.1499347687,
        "mean": 8.88384246826,
        "min": 2.271900177,
        "stdev": 4.94370508194
    },
    "erbbands_flatness_db": {
        "max": 0.349555015564,
        "mean": 0.159943804145,
        "min": 0.087424300611,
        "stdev": 0.0507886968553
    },
    "erbbands_kurtosis": {
        "max": 15.8968524933,
        "mean": 0.408506691456,
        "min": -1.58919620514,
        "stdev": 2.13838791847
    },
    "erbbands_skewness": {
        "max": 3.33397316933,
        "mean": 0.480256944895,
        "min": -2.76222777367,
        "stdev": 0.862783968449
    },
    "erbbands_spread": {
        "max": 118.469512939,
        "mean": 50.1381263733,
        "min": 5.22556257248,
        "stdev": 22.151096344
    },
    "hfc": {
        "max": 215.557571411,
        "mean": 16.1321048737,
        "min": 0.000190753169591,
        "stdev": 18.8265266418
    },
    "loudness_ebu128": {
        "integrated": -11.0539245605,
        "loudness_range": 8.82701683044,
        "momentary": {
            "max": -8.96878814697,
            "mean": -18.939956665,
            "min": -43.6342697144,
            "stdev": 13.2851486206
        },
        "short_term": {
            "max": -10.2518224716,
            "mean": -14.3611459732,
            "min": -41.5307998657,
            "stdev": 7.13718080521
        }
    },
    "melbands_crest": {
        "max": 32.6589164734,
        "mean": 15.9843912125,
        "min": 4.04745197296,
        "stdev": 6.4445848465
    },
    "melbands_flatness_db": {
        "max": 0.311696261168,
        "mean": 0.184421107173,
        "min": 0.0608142055571,
        "stdev": 0.0464883632958
    },
    "melbands_kurtosis": {
        "max": 112.300193787,
        "mean": 21.8988018036,
        "min": -1.70992898941,
        "stdev": 19.8185939789
    },
    "melbands_skewness": {
        "max": 8.82496929169,
        "mean": 3.47879123688,
        "min": -1.20967149734,
        "stdev": 1.94729578495
    },
    "melbands_spread": {
        "max": 233.12828064,
        "mean": 20.8986682892,
        "min": 2.25433683395,
        "stdev": 24.1452865601
    },
    "pitch_salience": {
        "max": 0.878326117992,
        "mean": 0.540516257286,
        "min": 0.194201052189,
        "stdev": 0.112946584821
    },
    "silence_rate_20dB": {
        "max": 1,
        "mean": 1,
        "min": 1,
        "stdev": 0
    },
    "silence_rate_30dB": {
        "max": 1,
        "mean": 1,
        "min": 1,
        "stdev": 0
    },
    "silence_rate_60dB": {
        "max": 1,
        "mean": 0.278181821108,
        "min": 0,
        "stdev": 0.448103278875
    },
    "spectral_centroid": {
        "max": 4727.94677734,
        "mean": 1341.20153809,
        "min": 376.539031982,
        "stdev": 679.760131836
    },
    "spectral_complexity": {
        "max": 39,
        "mean": 11.9672727585,
        "min": 0,
        "stdev": 8.72858047485
    },
    "spectral_decrease": {
        "max": -1.65079758809e-14,
        "mean": -5.54675017028e-09,
        "min": -2.40820003938e-08,
        "stdev": 5.33407851222e-09
    },
    "spectral_energy": {
        "max": 0.0934273824096,
        "mean": 0.0223979577422,
        "min": 7.96067851638e-08,
        "stdev": 0.0211692713201
    },
    "spectral_energyband_high": {
        "max": 0.0226610526443,
        "mean": 0.000658333068714,
        "min": 1.70269149891e-08,
        "stdev": 0.00160929257981
    },
    "spectral_energyband_low": {
        "max": 0.0539056584239,
        "mean": 0.00401143915951,
        "min": 1.12133760055e-08,
        "stdev": 0.00630833627656
    },
    "spectral_energyband_middle_high": {
        "max": 0.0360545031726,
        "mean": 0.0037861217279,
        "min": 3.18366986107e-08,
        "stdev": 0.00594786927104
    },
    "spectral_energyband_middle_low": {
        "max": 0.0849250406027,
        "mean": 0.0156472381204,
        "min": 2.25488339112e-08,
        "stdev": 0.0169628243893
    },
    "spectral_entropy": {
        "max": 8.67967319489,
        "mean": 7.7020277977,
        "min": 6.26576042175,
        "stdev": 0.453636348248
    },
    "spectral_flux": {
        "max": 0.251981675625,
        "mean": 0.058825802058,
        "min": 0.000282146735117,
        "stdev": 0.0452764555812
    },
    "spectral_kurtosis": {
        "max": 19.5502490997,
        "mean": 2.19036316872,
        "min": -1.2194031477,
        "stdev": 2.10791182518
    },
    "spectral_rms": {
        "max": 0.00954718049616,
        "mean": 0.00385206262581,
        "min": 8.81278356246e-06,
        "stdev": 0.0026482574176
    },
    "spectral_rolloff": {
        "max": 10702.0019531,
        "mean": 1146.27172852,
        "min": 107.666015625,
        "stdev": 1428.39501953
    },
    "spectral_skewness": {
        "max": 3.15362405777,
        "mean": 1.21853554249,
        "min": -0.0126509666443,
        "stdev": 0.382990837097
    },
    "spectral_spread": {
        "max": 17386814,
        "mean": 5247293.5,
        "min": 1869900.875,
        "stdev": 1306623.75
    },
    "spectral_strongpeak": {
        "max": 17.1177501678,
        "mean": 1.11077034473,
        "min": 0,
        "stdev": 1.49380278587
    },
    "zerocrossingrate": {
        "max": 0.37353515625,
        "mean": 0.0661132782698,
        "min": 0.01708984375,
        "stdev": 0.0383742712438
    },
    "barkbands": {
        "max": [0.000524309522007, 0.0134887555614, 0.0185269080102, 0.0407685413957, 0.0585735142231, 0.0631324276328, 0.0495077632368, 0.0307721421123, 0.0172286536545, 0.0307646542788, 0.0048614135012, 0.0297947712243, 0.00496494490653, 0.0120245842263, 0.0065608411096, 0.00489166611806, 0.0019169326406, 0.00635185977444, 0.00256218179129, 0.00095649989089, 0.00111469312105, 0.00289893406443, 0.00192917056847, 0.00808770302683, 0.0116121219471, 6.36965467038e-07, 7.04928936557e-07],
        "mean": [2.95203444693e-05, 0.00118068209849, 0.00149933819193, 0.0020449552685, 0.00429324992001, 0.00355221889913, 0.00266875489615, 0.00148093875032, 0.000898196361959, 0.00135894899722, 0.000153784450958, 0.000776924483944, 0.000275872676866, 0.000468970800284, 0.000293767894618, 0.000138567236718, 0.00014393706806, 0.000262332789134, 0.000184752861969, 6.43830353511e-05, 0.000100987475889, 0.000176248169737, 9.77774179773e-05, 0.000164718367159, 8.81301311892e-05, 1.9041737076e-09, 2.03354333372e-09],
        "min": [2.92316704176e-09, 4.41968550646e-09, 3.20421644773e-09, 4.32772662151e-09, 6.15466033693e-09, 1.77119863221e-09, 5.66520830247e-10, 3.46486195291e-09, 5.26902876885e-09, 2.03593675252e-09, 1.30243382745e-09, 4.71262806556e-10, 2.36523550745e-10, 1.32693481203e-10, 4.90136986553e-10, 7.19901305235e-10, 2.69982564083e-10, 3.26232374448e-09, 7.60271223754e-09, 2.51770249093e-08, 2.62036237153e-09, 2.88137264048e-10, 5.12066222758e-10, 1.87731541423e-09, 4.98719621156e-10, 4.19197359117e-12, 4.02020387466e-12],
        "stdev": [5.02451475768e-05, 0.00198773876764, 0.00273061078042, 0.00445635523647, 0.00825453456491, 0.00735988374799, 0.00564585672691, 0.00335529772565, 0.00189459102694, 0.00304646929726, 0.000377736549126, 0.00321166124195, 0.000541463727131, 0.00132391357329, 0.000676576397382, 0.000350967457052, 0.000207236575079, 0.000474310247228, 0.000256371276919, 0.000100976176327, 0.000119079741125, 0.000314322533086, 0.000180521761649, 0.000650563160889, 0.000628534064163, 2.71396167761e-08, 3.00334619396e-08]
    },
    "erbbands": {
        "max": [0.263578891754, 4.20501470566, 24.5951251984, 102.507720947, 270.258453369, 257.388549805, 523.711120605, 775.461914062, 689.616882324, 385.040710449, 790.532165527, 489.724578857, 1162.4387207, 549.278259277, 297.750091553, 1201.72143555, 198.575057983, 619.592285156, 379.983581543, 227.187957764, 238.003601074, 87.4818344116, 317.030487061, 134.167068481, 160.309127808, 38.8817749023, 49.4520683289, 32.8760757446, 67.4511947632, 76.0899658203, 60.2642288208, 127.785102844, 163.389251709, 135.582244873, 74.0553665161, 1.69611752033, 0.067768856883, 0.00610476965085, 0.000951152178459, 0.000267020368483],
        "mean": [0.0156253390014, 0.339979350567, 1.57169163227, 5.26478004456, 9.83248996735, 12.5822372437, 27.3821964264, 28.3687477112, 42.5548286438, 25.9065818787, 33.410282135, 24.0737037659, 41.6170310974, 24.5509090424, 12.0999307632, 35.5273513794, 14.5012025833, 26.4121246338, 19.3320884705, 9.07406234741, 7.52718639374, 7.664935112, 12.973772049, 12.6883306503, 6.78780126572, 3.26799988747, 3.35216760635, 4.14099502563, 4.71323442459, 5.8935008049, 2.86152601242, 3.21483254433, 2.62845087051, 1.32435059547, 0.45677036047, 0.0109099028632, 0.000488219957333, 5.2830317145e-05, 2.06134336622e-05, 2.85145197267e-05],
        "min": [1.68544175949e-07, 8.75328169059e-07, 3.17547119266e-06, 1.00564357126e-05, 2.01462225959e-05, 2.00423164642e-05, 1.09799502752e-05, 1.67971702467e-05, 1.23442932818e-05, 2.20272886509e-05, 0.000100471668702, 0.000122011799249, 8.72245436767e-05, 5.25918658241e-05, 3.39285543305e-05, 2.32873589994e-05, 1.29939808176e-05, 6.16567149336e-06, 2.15152322198e-05, 3.48350695276e-05, 3.04343739117e-05, 2.06968725251e-05, 0.000142187345773, 0.000266442104476, 0.000653302879073, 0.00142861658242, 0.000229767058045, 6.80661396473e-05, 1.42896424222e-05, 1.14210915854e-05, 2.01041439141e-05, 6.6694279667e-05, 9.40173231356e-06, 6.30095519227e-06, 3.00010015053e-06, 9.60472945621e-08, 9.59407309153e-09, 2.90827806282e-09, 6.93176405164e-10, 1.95759769506e-10],
        "stdev": [0.0265989135951, 0.581243395805, 2.96047210693, 11.0695295334, 24.557346344, 27.2042694092, 66.281791687, 68.1431503296, 79.4545059204, 51.9131622314, 81.5668945312, 47.3151741028, 110.708427429, 56.1209526062, 28.0216159821, 147.884658813, 25.0872344971, 67.5165710449, 40.4747695923, 18.1507873535, 14.7513656616, 11.3367853165, 22.8726215363, 17.0963058472, 11.6432027817, 4.87262535095, 4.59671115875, 4.883934021, 7.90278625488, 9.26759624481, 5.43572378159, 9.59091377258, 12.8801984787, 8.29069423676, 3.69884872437, 0.0861003026366, 0.00350670190528, 0.000326862646034, 5.41272274859e-05, 2.87109578494e-05]
    },
    "gfcc": {
        "mean": [-89.4814071655, 102.762184143, -130.073287964, 57.1844215393, -86.9374771118, 23.7147789001, -47.9499969482, 5.65028476715, -13.8791160583, -11.4668254852, 1.65360212326, -14.4104623795, 1.30237698555],
        "cov": [[25315.8769531, 1882.48754883, -1699.82226562, -2156.06591797, -1263.5802002, -1535.71740723, -703.864440918, -1177.04907227, -218.284790039, -786.990966797, -276.729858398, -300.550018311, -657.598693848], [1882.48754883, 574.590820312, -192.336242676, -238.64213562, -6.48065948486, -161.202148438, 19.7069644928, -141.598342896, 37.3010177612, -93.664390564, 37.0084724426, -64.5807495117, -50.7149238586], [-1699.82226562, -192.336242676, 531.760864258, 365.907684326, 91.0988922119, 138.817001343, -50.3289108276, 132.137405396, 15.0243339539, 23.7913913727, -42.5063171387, 48.8678436279, 49.7228469849], [-2156.06591797, -238.64213562, 365.907684326, 493.454986572, 143.780303955, 113.795135498, 7.06904792786, 137.829391479, 18.9961853027, 33.8686943054, -27.4893054962, 48.2417831421, 60.6967010498], [-1263.5802002, -6.48065948486, 91.0988922119, 143.780303955, 184.571502686, 117.642051697, 62.6301460266, 46.104850769, 12.1286334991, 27.1490077972, 39.8416862488, 19.7694721222, 49.5817375183], [-1535.71740723, -161.202148438, 138.817001343, 113.795135498, 117.642051697, 244.88092041, 85.9962921143, 80.4804763794, -8.80089855194, 59.9894142151, 15.7474012375, 33.1675682068, 39.3814048767], [-703.864440918, 19.7069644928, -50.3289108276, 7.06904792786, 62.6301460266, 85.9962921143, 153.408187866, 41.6641960144, 6.41288089752, 30.0823764801, 45.6328277588, -2.1853454113, 3.57708668709], [-1177.04907227, -141.598342896, 132.137405396, 137.829391479, 46.104850769, 80.4804763794, 41.6641960144, 141.723846436, 44.8922309875, 56.3383102417, 0.735678553581, 18.9228382111, 20.1464099884], [-218.284790039, 37.3010177612, 15.0243339539, 18.9961853027, 12.1286334991, -8.80089855194, 6.41288089752, 44.8922309875, 83.8582000732, 42.3967895508, 14.0556192398, -1.97791326046, 5.03751516342], [-786.990966797, -93.664390564, 23.7913913727, 33.8686943054, 27.1490077972, 59.9894142151, 30.0823764801, 56.3383102417, 42.3967895508, 95.5229949951, 32.2057189941, 10.7046785355, 15.8202362061], [-276.729858398, 37.0084724426, -42.5063171387, -27.4893054962, 39.8416862488, 15.7474012375, 45.6328277588, 0.735678553581, 14.0556192398, 32.2057189941, 74.0950698853, 18.9504547119, 10.8787593842], [-300.550018311, -64.5807495117, 48.8678436279, 48.2417831421, 19.7694721222, 33.1675682068, -2.1853454113, 18.9228382111, -1.97791326046, 10.7046785355, 18.9504547119, 54.9774513245, 31.1786060333], [-657.598693848, -50.7149238586, 49.7228469849, 60.6967010498, 49.5817375183, 39.3814048767, 3.57708668709, 20.1464099884, 5.03751516342, 15.8202362061, 10.8787593842, 31.1786060333, 71.6750488281]],
        "icov": [[0.000163149175933, -0.000199926420464, 7.89488840383e-05, 0.000309189927066, 0.000206158234505, 0.000251834455412, 0.000205084375921, 0.000402389559895, -0.00012600068294, 0.000326513574691, 0.00052958849119, -0.000756506458856, 0.00081995385699], [-0.000199926420464, 0.00767786707729, -0.00260403379798, 0.00296095502563, -0.00445441855118, 0.00313286785968, -0.00452070962638, 0.00595537899062, -0.00906575936824, 0.00719769624993, -0.00307185063139, 0.00416578212753, 0.000511721824296], [7.89488840383e-05, -0.00260403379798, 0.00656229071319, -0.00445380667225, 0.00289238803089, -0.00465392600745, 0.00572560029104, -0.00440200883895, 0.00216016056947, 0.000319451297401, -0.000687265128363, -0.000664615596179, -0.000220106318011], [0.000309189927066, 0.00296095502563, -0.00445380667225, 0.00871889665723, -0.00664378050715, 0.00563626224175, -0.0036235821899, 0.00166316644754, -0.00256838765927, 0.0012667037081, 0.0055142226629, -0.00399511819705, 0.00265238061547], [0.000206158234505, -0.00445441855118, 0.00289238803089, -0.00664378050715, 0.0184844471514, -0.00938670430332, 0.00364340213127, -0.00210608704947, 0.0014428019058, 0.00288012414239, -0.00999737996608, 0.00569480611011, -0.00655681127682], [0.000251834455412, 0.00313286785968, -0.00465392600745, 0.00563626224175, -0.00938670430332, 0.0155572080985, -0.00858299899846, 0.00280160387047, 0.00179706607014, -0.00536788906902, 0.00908422470093, -0.00694329151884, 0.00326924002729], [0.000205084375921, -0.00452070962638, 0.00572560029104, -0.0036235821899, 0.00364340213127, -0.00858299899846, 0.0181265491992, -0.00902887154371, 0.00534846773371, 0.00117005384527, -0.00895773433149, 0.00441532675177, 0.000412938359659], [0.000402389559895, 0.00595537899062, -0.00440200883895, 0.00166316644754, -0.00210608704947, 0.00280160387047, -0.00902887154371, 0.0244435593486, -0.0149000724778, 0.0015554591082, 0.00475422199816, -0.00299050332978, 0.00433177081868], [-0.00012600068294, -0.00906575936824, 0.00216016056947, -0.00256838765927, 0.0014428019058, 0.00179706607014, 0.00534846773371, -0.0149000724778, 0.0324639678001, -0.0187132228166, 0.0029042775277, -0.00191468000412, -0.00271766027436], [0.000326513574691, 0.00719769624993, 0.000319451297401, 0.0012667037081, 0.00288012414239, -0.00536788906902, 0.00117005384527, 0.0015554591082, -0.0187132228166, 0.0337907895446, -0.016284070909, 0.0091412672773, -0.000392377696699], [0.00052958849119, -0.00307185063139, -0.000687265128363, 0.0055142226629, -0.00999737996608, 0.00908422470093, -0.00895773433149, 0.00475422199816, 0.0029042775277, -0.016284070909, 0.038939870894, -0.0229244455695, 0.00697966758162], [-0.000756506458856, 0.00416578212753, -0.000664615596179, -0.00399511819705, 0.00569480611011, -0.00694329151884, 0.00441532675177, -0.00299050332978, -0.00191468000412, 0.0091412672773, -0.0229244455695, 0.0416039898992, -0.0161545462906], [0.00081995385699, 0.000511721824296, -0.000220106318011, 0.00265238061547, -0.00655681127682, 0.00326924002729, 0.000412938359659, 0.00433177081868, -0.00271766027436, -0.000392377696699, 0.00697966758162, -0.0161545462906, 0.0274900961667]]
    },
    "melbands": {
        "max": [0.00302066095173, 0.00972522702068, 0.0153849618509, 0.0146789466962, 0.0139253344387, 0.014946100302, 0.0111146839336, 0.00419742288068, 0.00541671086103, 0.00333190173842, 0.00582839595154, 0.0023437528871, 0.000670412438922, 0.00454393355176, 0.00135394057725, 0.000667914981022, 0.00141226046253, 0.000531716330443, 0.000329398695612, 0.000491964572575, 0.000295549863949, 0.000109664048068, 0.000230303892749, 0.000502986542415, 0.000104512888356, 0.000114521950309, 5.43757050764e-05, 3.08810886054e-05, 3.00901301671e-05, 2.93034645438e-05, 1.74485412572e-05, 3.07325681206e-05, 0.000112618530693, 2.00249651243e-05, 2.9155627999e-05, 5.89087831031e-05, 8.36229519336e-05, 0.000117483199574, 0.000112729307148, 0.000140962132718],
        "mean": [0.000239717017394, 0.000741592957638, 0.00098317663651, 0.000834171718452, 0.000854824786074, 0.000627424742561, 0.000640155281872, 0.000274639838608, 0.000249490549322, 0.000148699080455, 0.000205673452001, 0.000101709083538, 2.52440840995e-05, 9.56626536208e-05, 4.38915922132e-05, 3.42014864145e-05, 5.20129688084e-05, 3.05437715724e-05, 1.63786680787e-05, 1.09944639917e-05, 8.73591943673e-06, 8.58143812366e-06, 7.26266671336e-06, 1.57253416546e-05, 9.72612633632e-06, 5.44964723304e-06, 3.03474075736e-06, 1.91518415704e-06, 1.80838799224e-06, 2.76005857813e-06, 2.16952639676e-06, 1.72385739461e-06, 5.23372955286e-06, 2.26101883527e-06, 1.30117143726e-06, 2.28707085626e-06, 1.75149716597e-06, 1.84853092833e-06, 1.48653271026e-06, 1.12895429538e-06],
        "min": [1.5023422506e-09, 1.53714019291e-09, 2.04080152777e-09, 1.5104051343e-09, 4.67760163936e-10, 3.67840535809e-10, 1.64182445417e-10, 3.3029778912e-10, 8.98563223828e-10, 7.3677769441e-10, 4.16381429336e-10, 2.07206016234e-10, 1.51745574439e-10, 4.27187625551e-11, 5.94305021862e-11, 1.77356861836e-11, 9.75098560924e-12, 3.17889499446e-11, 3.526395842e-11, 5.75171854589e-11, 2.80715589662e-11, 1.55897829368e-11, 4.23368527736e-11, 1.93409857574e-10, 2.05241310058e-10, 3.08198744303e-10, 7.90088994229e-10, 9.54048173796e-10, 1.23418317233e-10, 5.38992912802e-11, 2.93847932098e-11, 6.54241157777e-12, 5.67115278349e-12, 6.20134065626e-12, 9.41291575934e-12, 2.07616736303e-11, 4.675191137e-11, 5.09372405366e-12, 2.55251700852e-12, 5.95817666038e-12],
        "stdev": [0.000384790095268, 0.00124982697889, 0.00190943351481, 0.00184584071394, 0.00190970348194, 0.00137828639708, 0.00124184356537, 0.000543085450772, 0.000596460420638, 0.000322041043546, 0.00055285129929, 0.000239399829297, 5.6749831856e-05, 0.0004169549793, 0.000144033285324, 7.11293032509e-05, 0.000146854057675, 6.41878068564e-05, 3.4635533666e-05, 2.87526290776e-05, 1.83536594704e-05, 1.32507266244e-05, 1.8504111722e-05, 3.25386135955e-05, 1.32946370286e-05, 9.14102474781e-06, 4.86330191052e-06, 3.07937034449e-06, 3.01552631754e-06, 3.37728170052e-06, 2.67014456767e-06, 2.78761922345e-06, 1.12564857773e-05, 2.97087740364e-06, 2.5184651804e-06, 4.7527132665e-06, 6.40843063593e-06, 9.07141475182e-06, 8.31407305668e-06, 7.7343738667e-06]
    },
    "melbands128": {
        "max": [0.00031864392804, 0.00128057145048, 0.0052047916688, 0.00920885801315, 0.0156056927517, 0.0099801775068, 0.0250623188913, 0.0176354069263, 0.036321811378, 0.0245128404349, 0.0157330296934, 0.0163229294121, 0.0265444628894, 0.0173570662737, 0.0235638022423, 0.0188185125589, 0.00613765884191, 0.021129053086, 0.0106627419591, 0.00671270769089, 0.00823671743274, 0.0115072149783, 0.00821137335151, 0.00294018839486, 0.0033477016259, 0.00594817800447, 0.00687026511878, 0.0115385744721, 0.00369361508638, 0.00368597055785, 0.00291940802708, 0.000568538031075, 0.000767486169934, 0.00153045076877, 0.003190794494, 0.00929094478488, 0.00529927620664, 0.00104371644557, 0.000447396625532, 0.000551227596588, 0.00128972227685, 0.00107277359348, 0.00175282219425, 0.00274201016873, 0.000635614618659, 0.000526784919202, 0.00168350851163, 0.000218993067392, 0.000268838688498, 0.000500713591464, 0.00090566923609, 0.000192513907677, 0.000745662837289, 0.000358408549801, 0.000265597220277, 0.000228317891015, 9.38851298997e-05, 0.000404035061365, 0.000418581505073, 9.86264421954e-05, 0.00111366284546, 0.000174743385287, 0.00019670961774, 0.000151975269546, 9.89463223959e-05, 0.000108837957669, 0.000355484167812, 4.7878951591e-05, 4.60011287942e-05, 6.58350982121e-05, 2.35189090745e-05, 6.12038493273e-05, 4.3048250518e-05, 3.51144481101e-05, 4.04097518185e-05, 2.63272813754e-05, 3.43938008882e-05, 2.71242133749e-05, 2.27014788834e-05, 3.6992089008e-05, 4.16621114709e-05, 3.66695931007e-05, 4.90652819281e-05, 0.000247957621468, 5.51417324459e-05, 3.03889464703e-05, 2.29386623687e-05, 3.08841299557e-05, 3.25620785588e-05, 2.66013848886e-05, 5.7298286265e-05, 8.9729874162e-05, 7.24844721844e-05, 0.000113501817395, 0.000105194230855, 0.000133275389089, 0.00012608297402, 0.000133075242047, 0.000157744900207, 8.08324621175e-05, 3.00339179375e-05, 0.00010911848949, 0.000339410733432, 0.000240663735894, 1.95398915821e-05, 3.93924999287e-08, 4.47867254394e-09, 4.39578062839e-09, 4.28532187513e-09, 4.15310008606e-09, 4.0245531352e-09, 3.90174204057e-09, 3.77279496533e-09, 3.66286023734e-09, 3.55753138059e-09, 3.45946382652e-09, 3.36279804003e-09, 3.27025340141e-09, 3.1887117391e-09, 3.11696646271e-09, 3.04641245563e-09, 2.98189095638e-09, 2.93408985996e-09, 2.88341417409e-09, 2.85063750383e-09, 2.81721823647e-09, 2.79432121886e-09, 2.78134826281e-09],
        "mean": [1.7736623704e-05, 5.70792653889e-05, 0.000301729218336, 0.000641566759441, 0.000746123085264, 0.00075115065556, 0.00116610131226, 0.000854137644637, 0.00103268551175, 0.000973717309535, 0.000539768137969, 0.00079089513747, 0.00118584150914, 0.000583865505178, 0.000670585606713, 0.000614180869889, 0.000517008185852, 0.000908128451556, 0.000440769828856, 0.000203174029593, 0.00022650124447, 0.000298110157019, 0.000328038440784, 9.13254916668e-05, 0.000118270545499, 0.000197784946067, 0.000147578510223, 0.000314716628054, 0.000106806597614, 0.000150571155245, 9.09853188205e-05, 1.43241322803e-05, 1.83748343261e-05, 3.82050238841e-05, 4.03715057473e-05, 0.000159518531291, 0.000116084680485, 1.53297078214e-05, 1.93431642401e-05, 2.78845727735e-05, 4.32711167377e-05, 3.0833780329e-05, 5.00768510392e-05, 8.40334250825e-05, 1.10991450128e-05, 2.09880163311e-05, 5.35770268471e-05, 6.55026224194e-06, 7.11708480594e-06, 1.36686358019e-05, 1.2370859622e-05, 7.7081613199e-06, 6.86245039105e-06, 8.54093286762e-06, 1.43830939123e-05, 8.75869045558e-06, 3.07336381411e-06, 7.89025943959e-06, 8.17262935016e-06, 6.29774740446e-06, 2.58593354374e-05, 1.16196533781e-05, 1.12918578452e-05, 1.0623190974e-05, 4.06615345128e-06, 5.04916670252e-06, 7.71585837356e-06, 2.52052814176e-06, 2.24984410124e-06, 2.78115408037e-06, 1.73029025063e-06, 1.59070270911e-06, 1.86442798622e-06, 1.80758706847e-06, 1.73936984993e-06, 2.82003406937e-06, 3.29278736899e-06, 2.60435331256e-06, 2.16193348024e-06, 1.51385791014e-06, 1.38872610478e-06, 1.89125262295e-06, 2.3728675842e-06, 8.13596307125e-06, 4.71592738904e-06, 2.73121918326e-06, 1.41008433729e-06, 1.12308725875e-06, 1.09789027647e-06, 1.47666742123e-06, 2.10821986002e-06, 2.85339660877e-06, 2.16518697016e-06, 1.86121519619e-06, 1.13913995392e-06, 1.71978990693e-06, 1.96428004529e-06, 2.16262787944e-06, 1.89514389604e-06, 9.20163017781e-07, 4.808051699e-07, 1.113430244e-06, 2.01455191018e-06, 1.34606727897e-06, 1.38025995966e-07, 3.23914756128e-10, 3.46815319519e-11, 1.45834629095e-11, 1.29280067554e-11, 1.24177161609e-11, 1.19519923472e-11, 1.15204980972e-11, 1.1098263801e-11, 1.07296324603e-11, 1.0388619652e-11, 1.00753381332e-11, 9.77207290781e-12, 9.47930102468e-12, 9.22806709519e-12, 9.00182185737e-12, 8.7898750778e-12, 8.59952820759e-12, 8.44792031468e-12, 8.29909578559e-12, 8.18225522059e-12, 8.05876719523e-12, 7.97784147771e-12, 7.93608928573e-12],
        "min": [1.19596055281e-09, 1.56305857146e-09, 1.49357304302e-09, 1.40301747997e-09, 1.4376940749e-09, 1.65902847016e-09, 1.99429051051e-09, 2.20941553941e-09, 2.08700656756e-09, 1.66031022264e-09, 1.07009956452e-09, 5.73742331422e-10, 3.12299575089e-10, 2.92700197413e-10, 3.96115251711e-10, 4.19750456615e-10, 2.87718848746e-10, 9.66462743168e-11, 2.68079690391e-11, 1.64512264922e-10, 4.97309082803e-10, 7.94407872817e-10, 9.61831170265e-10, 1.00833896788e-09, 8.74094407965e-10, 5.88030846238e-10, 4.91889085019e-10, 4.7443676765e-10, 2.9286062464e-10, 1.48269715949e-10, 2.04066777365e-10, 2.55439697172e-10, 1.77140885294e-10, 6.31587351863e-11, 1.02403814595e-11, 3.96133681413e-11, 8.83185885536e-11, 7.79906972337e-11, 2.84498050118e-11, 2.10887002305e-11, 2.04135996301e-11, 3.5328500108e-12, 8.01112908649e-12, 1.23833790444e-11, 1.69283927154e-11, 3.63233020051e-11, 5.28254488763e-11, 1.91859861332e-11, 3.06954114904e-11, 6.61412452585e-11, 5.93307833419e-11, 5.38356859092e-11, 3.99597646639e-11, 1.23007984007e-11, 1.14220317232e-11, 1.71379143515e-11, 1.83725274577e-11, 1.78783047394e-11, 2.95829992447e-11, 1.23378404715e-10, 2.50960002779e-10, 2.11235168246e-10, 1.53858342733e-10, 2.77099676538e-10, 1.65557623166e-10, 1.88402904389e-10, 4.70173622258e-10, 5.73553593508e-10, 5.57954127345e-10, 8.88145001987e-10, 1.06947561918e-09, 3.57090718106e-10, 1.16696541319e-10, 1.16342602219e-10, 9.67078431224e-11, 3.38941687217e-11, 4.65880042877e-11, 5.90721291327e-11, 2.480718235e-11, 3.1917211929e-12, 6.7300809023e-12, 7.73810182597e-12, 5.96988604384e-12, 4.20057998801e-12, 6.50870937008e-12, 7.69812338874e-12, 2.15861985405e-12, 1.14694425832e-11, 6.2399473609e-12, 1.27391881766e-11, 1.16919755128e-11, 7.62256924247e-12, 5.88160076198e-11, 7.78488801201e-11, 1.62750906502e-11, 7.93046444486e-12, 2.8549549877e-12, 7.84991646338e-13, 8.74896184146e-13, 4.38519142873e-12, 5.88931984777e-12, 5.14645704525e-12, 8.07634861766e-12, 8.60611061582e-12, 2.92672006422e-12, 4.02872180061e-14, 1.93614028754e-14, 2.47673094463e-14, 2.90607991772e-14, 2.43044889498e-14, 3.01555960378e-14, 1.5565804193e-14, 1.34781923917e-14, 1.84017501215e-14, 2.63557333916e-14, 2.24806017036e-14, 1.81028525232e-14, 1.65725452025e-14, 2.37834315501e-14, 1.29711508461e-14, 1.10438857698e-14, 2.23961355781e-14, 3.19121085893e-14, 1.95430270681e-14, 1.38921001235e-14, 2.19851996614e-15, 6.13172020957e-16, 4.44635288021e-17],
        "stdev": [2.55715585809e-05, 0.000116898307169, 0.000557255116291, 0.0011902411934, 0.00174080347642, 0.00139347906224, 0.00269721099176, 0.00192243175115, 0.00309191434644, 0.00264843087643, 0.00150431552902, 0.00207132101059, 0.00323905679397, 0.00155590602662, 0.00212551024742, 0.00152685958892, 0.00091660534963, 0.00225542066619, 0.00108223012649, 0.000659140059724, 0.000678972457536, 0.000955946394242, 0.000864776025992, 0.000299893814372, 0.000312953867251, 0.000581631320529, 0.000515300256666, 0.00104725954589, 0.000297470396617, 0.000386865314795, 0.000289379473543, 5.16100735695e-05, 6.57341443002e-05, 0.000100621487945, 0.000227026248467, 0.000833048019558, 0.000533193873707, 6.22401930741e-05, 4.77600151498e-05, 6.35821052128e-05, 0.00012351955229, 0.000102959202195, 0.000190865088371, 0.000284660694888, 4.40930707555e-05, 5.13921913807e-05, 0.000156586189405, 1.91796480067e-05, 1.8208855181e-05, 4.1908268031e-05, 4.57314054074e-05, 1.67451562447e-05, 3.29895410687e-05, 2.76813734672e-05, 2.50118209806e-05, 1.98903599085e-05, 5.96869585934e-06, 2.68088169832e-05, 2.61943514488e-05, 1.04620985439e-05, 6.70943773002e-05, 1.94434996956e-05, 1.81158557098e-05, 1.74418601091e-05, 7.21131846149e-06, 9.51270703808e-06, 2.19346111408e-05, 4.9988398132e-06, 3.53514201379e-06, 5.24883807884e-06, 2.70224518317e-06, 4.06563685829e-06, 3.92709262087e-06, 3.36072957907e-06, 2.9650700526e-06, 3.80351116291e-06, 4.25251528213e-06, 3.53397945219e-06, 2.77641606772e-06, 2.87931243292e-06, 2.85315945803e-06, 3.14549561153e-06, 4.04625734518e-06, 2.28329317906e-05, 7.37040636523e-06, 3.56144732905e-06, 2.40889244196e-06, 2.22000085159e-06, 2.35049424191e-06, 3.08269113702e-06, 5.42164661965e-06, 6.08597292739e-06, 5.0721550906e-06, 8.82782660483e-06, 6.20708806309e-06, 9.16205681278e-06, 9.91534307104e-06, 1.03294760265e-05, 1.10893943202e-05, 6.02408454142e-06, 2.54025235336e-06, 7.16405202184e-06, 1.62758751685e-05, 1.19154337881e-05, 1.19143487609e-06, 1.92194593573e-09, 2.33429747754e-10, 1.87525925344e-10, 1.8259449508e-10, 1.76956463371e-10, 1.71476347011e-10, 1.66241465038e-10, 1.60746360667e-10, 1.56060872558e-10, 1.51571810658e-10, 1.47392320571e-10, 1.43272893549e-10, 1.39330352811e-10, 1.35855660055e-10, 1.32798355645e-10, 1.29792260273e-10, 1.27043014997e-10, 1.2500579738e-10, 1.22846829931e-10, 1.21450433044e-10, 1.20027598971e-10, 1.19052517844e-10, 1.18499751678e-10]
    },
    "mfcc": {
        "mean": [-712.941894531, 101.607452393, 19.1150074005, 19.8360671997, 2.91048645973, 1.41422390938, -7.39901399612, 3.63410544395, -7.45650577545, 0.996661365032, 1.89588272572, -1.01270639896, -6.28852319717],
        "cov": [[25629.5917969, 2314.52294922, -1230.17822266, -1027.22167969, -1249.30712891, -847.975830078, -1335.47070312, -502.445404053, -967.379882812, -770.859558105, 169.719314575, -823.271240234, -513.247924805], [2314.52294922, 644.954956055, -236.680847168, -149.284713745, -130.61958313, -57.2625694275, -111.395347595, -40.7887306213, -127.816871643, -33.956817627, 33.4925727844, -78.2904891968, -41.7535247803], [-1230.17822266, -236.680847168, 423.293334961, 165.871368408, 170.971282959, 28.8817749023, 22.4959220886, 56.6333236694, 97.8303222656, -8.75746250153, -33.4947433472, 77.5029067993, 16.7152843475], [-1027.22167969, -149.284713745, 165.871368408, 283.082244873, 124.733604431, 12.8347196579, 26.7882232666, 44.4788322449, 60.6534767151, 6.23082685471, -29.4364814758, 48.3110313416, 24.1524200439], [-1249.30712891, -130.61958313, 170.971282959, 124.733604431, 206.446884155, 64.6850357056, 53.1436882019, 40.6098251343, 61.4208068848, 20.1516132355, -36.2166748047, 36.1240081787, 22.9933128357], [-847.975830078, -57.2625694275, 28.8817749023, 12.8347196579, 64.6850357056, 125.683601379, 101.313407898, 30.9797782898, 24.8938674927, 26.3332118988, -8.32543754578, 13.3201217651, 14.4472637177], [-1335.47070312, -111.395347595, 22.4959220886, 26.7882232666, 53.1436882019, 101.313407898, 183.514266968, 62.716884613, 35.3682746887, 46.9583930969, -0.255989313126, 28.7586727142, 24.4572067261], [-502.445404053, -40.7887306213, 56.6333236694, 44.4788322449, 40.6098251343, 30.9797782898, 62.716884613, 78.1149291992, 38.8584365845, 10.848367691, 5.61123752594, 18.4306678772, 12.8612527847], [-967.379882812, -127.816871643, 97.8303222656, 60.6534767151, 61.4208068848, 24.8938674927, 35.3682746887, 38.8584365845, 103.592720032, 50.1200637817, -7.77412509918, 43.9947090149, 29.5802307129], [-770.859558105, -33.956817627, -8.75746250153, 6.23082685471, 20.1516132355, 26.3332118988, 46.9583930969, 10.848367691, 50.1200637817, 91.5124206543, 24.0270366669, 25.4436569214, 27.6297149658], [169.719314575, 33.4925727844, -33.4947433472, -29.4364814758, -36.2166748047, -8.32543754578, -0.255989313126, 5.61123752594, -7.77412509918, 24.0270366669, 72.0953216553, 16.8574104309, 12.841003418], [-823.271240234, -78.2904891968, 77.5029067993, 48.3110313416, 36.1240081787, 13.3201217651, 28.7586727142, 18.4306678772, 43.9947090149, 25.4436569214, 16.8574104309, 89.6877670288, 41.4590415955], [-513.247924805, -41.7535247803, 16.7152843475, 24.1524200439, 22.9933128357, 14.4472637177, 24.4572067261, 12.8612527847, 29.5802307129, 27.6297149658, 12.841003418, 41.4590415955, 58.8090438843]],
        "icov": [[0.000168408994796, -0.00023350243282, -4.32209817518e-05, 6.97078648955e-05, 0.000354423682438, 6.58572753309e-05, 0.000617552606855, -7.54201755626e-05, 0.000115175360406, 0.000759256538004, -0.000521743088029, 0.000829803640954, 6.84070482748e-06], [-0.00023350243282, 0.00310992705636, 0.000851306016557, 0.000420708151069, -0.000379165343475, -0.000863086315803, 0.00183800328523, -0.00281546334736, 0.00350370956585, -0.00299636623822, 0.00124934338965, -0.00136330421083, 0.000300752610201], [-4.32209817518e-05, 0.000851306016557, 0.00553432805464, -0.00058430217905, -0.00313309719786, 8.94361000974e-05, 0.000948850822169, -0.00123170018196, -0.00285571673885, 0.00263734674081, -0.000279977743048, -0.00344902742654, 0.00266186497174], [6.97078648955e-05, 0.000420708151069, -0.00058430217905, 0.00578152621165, -0.0022304863669, 0.00148087600246, 0.00068673241185, -0.00223689945415, 0.000538129883353, 4.98624467582e-05, 0.0013138637878, -0.000991441309452, -0.000471440813271], [0.000354423682438, -0.000379165343475, -0.00313309719786, -0.0022304863669, 0.0118075488135, -0.00446431105956, 0.00275258696638, -0.00191938818898, 0.00147346861195, -0.00144712696783, 0.00300569040701, 0.00226447032765, -0.00192819209769], [6.58572753309e-05, -0.000863086315803, 8.94361000974e-05, 0.00148087600246, -0.00446431105956, 0.0170644111931, -0.00969096086919, 0.0029987138696, -0.0022574509494, 0.00198773946613, -0.000850827840623, 0.00168666208629, -0.000545532791875], [0.000617552606855, 0.00183800328523, 0.000948850822169, 0.00068673241185, 0.00275258696638, -0.00969096086919, 0.0198795348406, -0.013459039852, 0.00904264580458, -0.00611901422963, 0.00289930123836, -0.000526323448867, 0.000187847937923], [-7.54201755626e-05, -0.00281546334736, -0.00123170018196, -0.00223689945415, -0.00191938818898, 0.0029987138696, -0.013459039852, 0.0295712631196, -0.0155087225139, 0.0112819522619, -0.00925127509981, 0.00412336271256, -0.000631087517831], [0.000115175360406, 0.00350370956585, -0.00285571673885, 0.000538129883353, 0.00147346861195, -0.0022574509494, 0.00904264580458, -0.0155087225139, 0.0325798131526, -0.0188662223518, 0.0101389279589, -0.00507038831711, -0.00246986071579], [0.000759256538004, -0.00299636623822, 0.00263734674081, 4.98624467582e-05, -0.00144712696783, 0.00198773946613, -0.00611901422963, 0.0112819522619, -0.0188662223518, 0.0310397464782, -0.0139263300225, 0.00622919667512, -0.00256049353629], [-0.000521743088029, 0.00124934338965, -0.000279977743048, 0.0013138637878, 0.00300569040701, -0.000850827840623, 0.00289930123836, -0.00925127509981, 0.0101389279589, -0.0139263300225, 0.0252831000835, -0.00918384548277, -0.00187819555867], [0.000829803640954, -0.00136330421083, -0.00344902742654, -0.000991441309452, 0.00226447032765, 0.00168666208629, -0.000526323448867, 0.00412336271256, -0.00507038831711, 0.00622919667512, -0.00918384548277, 0.0271734353155, -0.0118486471474], [6.84070482748e-06, 0.000300752610201, 0.00266186497174, -0.000471440813271, -0.00192819209769, -0.000545532791875, 0.000187847937923, -0.000631087517831, -0.00246986071579, -0.00256049353629, -0.00187819555867, -0.0118486471474, 0.0288706719875]]
    },
    "spectral_contrast_coeffs": {
        "max": [-0.373471051455, -0.49790251255, -0.471783071756, -0.600308418274, -0.684182882309, -0.671996891499],
        "mean": [-0.722698092461, -0.749700784683, -0.763592839241, -0.805588960648, -0.812864601612, -0.784343481064],
        "min": [-0.935342311859, -0.939776659012, -0.929798007011, -0.934397280216, -0.912747561932, -0.878891408443],
        "stdev": [0.118413761258, 0.103391058743, 0.100188203156, 0.0684302970767, 0.0516271516681, 0.0478552691638]
    },
    "spectral_contrast_valleys": {
        "max": [-5.26845741272, -5.2182135582, -6.14472436905, -6.61617565155, -6.34959363937, -7.37959289551],
        "mean": [-7.38534927368, -7.3806385994, -8.31298065186, -8.524518013, -8.22243118286, -10.3945102692],
        "min": [-12.4845762253, -12.3436536789, -12.925658226, -13.3953075409, -12.2844181061, -15.0956487656],
        "stdev": [1.29520702362, 1.59829843044, 1.41344809532, 1.35276019573, 1.27366566658, 1.21437835693]
    }
},
"rhythm": {
    "beats_count": 19,
    "beats_loudness": {
        "max": 0.0715876221657,
        "mean": 0.0388346277177,
        "min": 2.43019185291e-05,
        "stdev": 0.0246504284441
    },
    "bpm": 96.7066192627,
    "bpm_histogram_first_peak_bpm": 98,
    "bpm_histogram_first_peak_weight": 0.461538493633,
    "bpm_histogram_second_peak_bpm": 91,
    "bpm_histogram_second_peak_spread": 0.200000047684,
    "bpm_histogram_second_peak_weight": 0.222222223878,
    "danceability": 0.865190565586,
    "onset_rate": 3.21332597733,
    "beats_loudness_band_ratio": {
        "max": [0.796201050282, 0.789186656475, 0.598267197609, 0.526827931404, 0.183958441019, 0.168492153287],
        "mean": [0.415652185678, 0.30411273241, 0.145973280072, 0.102103359997, 0.0512403585017, 0.0502622760832],
        "min": [0.0581680163741, 0.0796876847744, 0.0252233427018, 0.00419520400465, 0.00671039801091, 0.00461658509448],
        "stdev": [0.248466581106, 0.235911950469, 0.1319860816, 0.139812022448, 0.0467454083264, 0.0354602746665]
    },
    "beats_position": [0.66176867485, 1.3235373497, 1.98530614376, 2.65868473053, 3.29723358154, 3.94739222527, 4.58594083786, 5.22448968887, 5.87464857101, 6.47836732864, 7.0936961174, 7.70902490616, 8.31274318695, 8.92807197571, 9.54340076447, 10.1471195221, 10.774058342, 11.4009971619, 12.0279359818],
