{
"metadata": {
    "version": {
        "essentia": "2.1-beta5",
        "essentia_git_sha": "Undefined",
        "extractor": "music 2.0"
    },
    "audio_properties": {
        "analysis": {
            "equal_loudness": 0,
            "length": 28.8391838074,
            "sample_rate": 44100,
            "start_time": 158.987030029,
            "downmix": "mix"
        },
        "bit_rate": 192000,
        "length": 187.849441528,
        "lossless": 0,
        "number_channels": 2,
        "replay_gain": -14.4942703247,
        "sample_rate": 48000,
        "codec": "mp3",
        "md5_encoded": "c21854e1e2e797465cc5cd8ad918d46a"
    },
    "tags": {
        "file_name": "Italy_Non Andare Più Lontano_Claudio Villa.mp3",
        "encoding": ["Lavf58.29.100"]
    }
},
"lowlevel": {
    "average_loudness": 0.962282776833,
    "barkbands_crest": {
        "max": 26.905210495,
        "mean": 7.05118894577,
        "min": 2.48469424248,
        "stdev": 2.90921831131
    },
    "barkbands_flatness_db": {
        "max": 0.611359000206,
        "mean": 0.15332531929,
        "min": 0.0762672349811,
        "stdev": 0.0334527231753
    },
    "barkbands_kurtosis": {
        "max": 6247.55810547,
        "mean": 7.04336023331,
        "min": -1.73763167858,
        "stdev": 195.13885498
    },
    "barkbands_skewness": {
        "max": 76.9910125732,
        "mean": 0.12623269856,
        "min": -3.01137471199,
        "stdev": 2.77864408493
    },
    "barkbands_spread": {
        "max": 79.3575668335,
        "mean": 26.7107009888,
        "min": 0.0873764678836,
        "stdev": 9.63010025024
    },
    "dissonance": {
        "max": 0.5,
        "mean": 0.480317473412,
        "min": 0.41967266798,
        "stdev": 0.0140458103269
    },
    "dynamic_complexity": 1.8768569231,
    "erbbands_crest": {
        "max": 19.0636081696,
        "mean": 8.16500377655,
        "min": 2.06096768379,
        "stdev": 3.07199978828
    },
    "erbbands_flatness_db": {
        "max": 0.340658396482,
        "mean": 0.221295848489,
        "min": 0.0474691055715,
        "stdev": 0.0413590371609
    },
    "erbbands_kurtosis": {
        "max": 23.8945922852,
        "mean": 0.592815756798,
        "min": -1.85038113594,
        "stdev": 2.76861953735
    },
    "erbbands_skewness": {
        "max": 1.70683717728,
        "mean": -0.612971305847,
        "min": -3.93655014038,
        "stdev": 0.644526600838
    },
    "erbbands_spread": {
        "max": 176.714584351,
        "mean": 28.7015571594,
        "min": 4.26819705963,
        "stdev": 14.3024015427
    },
    "hfc": {
        "max": 81.8955688477,
        "mean": 29.5315322876,
        "min": 6.55816393191e-07,
        "stdev": 14.3255319595
    },
    "loudness_ebu128": {
        "integrated": -9.46799468994,
        "loudness_range": 2.2406244278,
        "momentary": {
            "max": -7.20000314713,
            "mean": -9.86925029755,
            "min": -21.479309082,
            "stdev": 2.08115816116
        },
        "short_term": {
            "max": -8.45265007019,
            "mean": -9.4385509491,
            "min": -13.1489896774,
            "stdev": 1.06809854507
        }
    },
    "melbands_crest": {
        "max": 39.9885902405,
        "mean": 10.1170425415,
        "min": 2.88199257851,
        "stdev": 4.64344120026
    },
    "melbands_flatness_db": {
        "max": 0.595542550087,
        "mean": 0.12739855051,
        "min": 0.0292461384088,
        "stdev": 0.0391955859959
    },
    "melbands_kurtosis": {
        "max": 11399.0136719,
        "mean": 15.4937744141,
        "min": -1.80167543888,
        "stdev": 366.125610352
    },
    "melbands_skewness": {
        "max": 102.953964233,
        "mean": 1.09023213387,
        "min": -1.56560671329,
        "stdev": 3.7384083271
    },
    "melbands_spread": {
        "max": 113.508865356,
        "mean": 47.7567253113,
        "min": 0.0833245441318,
        "stdev": 15.9985208511
    },
    "pitch_salience": {
        "max": 0.907582581043,
        "mean": 0.602467536926,
        "min": 0.00235825497657,
        "stdev": 0.10986674577
    },
    "silence_rate_20dB": {
        "max": 1,
        "mean": 1,
        "min": 1,
        "stdev": 0
    },
    "silence_rate_30dB": {
        "max": 1,
        "mean": 1,
        "min": 1,
        "stdev": 0
    },
    "silence_rate_60dB": {
        "max": 1,
        "mean": 0.0386162512004,
        "min": 0,
        "stdev": 0.192679390311
    },
    "spectral_centroid": {
        "max": 4111.29589844,
        "mean": 2317.47705078,
        "min": 322.643280029,
        "stdev": 389.028778076
    },
    "spectral_complexity": {
        "max": 46,
        "mean": 24.5591316223,
        "min": 0,
        "stdev": 7.83921051025
    },
    "spectral_decrease": {
        "max": -3.65422888346e-15,
        "mean": -4.2165542169e-09,
        "min": -1.37177167403e-08,
        "stdev": 2.09029038523e-09
    },
    "spectral_energy": {
        "max": 0.0547954775393,
        "mean": 0.0185928344727,
        "min": 1.38514071324e-08,
        "stdev": 0.00890106335282
    },
    "spectral_energyband_high": {
        "max": 0.0053985863924,
        "mean": 0.000761720526498,
        "min": 2.50251746409e-11,
        "stdev": 0.000582311942708
    },
    "spectral_energyband_low": {
        "max": 0.00774813070893,
        "mean": 0.000990105676465,
        "min": 6.50923936973e-09,
        "stdev": 0.00120056956075
    },
    "spectral_energyband_middle_high": {
        "max": 0.034624569118,
        "mean": 0.00997167360038,
        "min": 3.64448445381e-12,
        "stdev": 0.00568770291284
    },
    "spectral_energyband_middle_low": {
        "max": 0.0464546717703,
        "mean": 0.00735549209639,
        "min": 5.75928681915e-13,
        "stdev": 0.00622052419931
    },
    "spectral_entropy": {
        "max": 8.7934551239,
        "mean": 7.58255529404,
        "min": 6.75570821762,
        "stdev": 0.295432895422
    },
    "spectral_flux": {
        "max": 0.195344716311,
        "mean": 0.0899101793766,
        "min": 0.000178899848834,
        "stdev": 0.0351969189942
    },
    "spectral_kurtosis": {
        "max": 26.178735733,
        "mean": 4.15390920639,
        "min": -0.615447759628,
        "stdev": 3.23609948158
    },
    "spectral_rms": {
        "max": 0.00731156626716,
        "mean": 0.00409488705918,
        "min": 3.67608049601e-06,
        "stdev": 0.00117100204807
    },
    "spectral_rolloff": {
        "max": 8010.3515625,
        "mean": 2933.47216797,
        "min": 21.533203125,
        "stdev": 753.390930176
    },
    "spectral_skewness": {
        "max": 2.9374423027,
        "mean": 1.08607852459,
        "min": 0.292186766863,
        "stdev": 0.328151732683
    },
    "spectral_spread": {
        "max": 10333586,
        "mean": 3081963.5,
        "min": 1409826.5,
        "stdev": 866484.1875
    },
    "spectral_strongpeak": {
        "max": 9.25384426117,
        "mean": 1.49982714653,
        "min": 0,
        "stdev": 1.46017301083
    },
    "zerocrossingrate": {
        "max": 0.1845703125,
        "mean": 0.0920109674335,
        "min": 0,
        "stdev": 0.0199803262949
    },
    "barkbands": {
        "max": [0.000175309396582, 0.00214492552914, 0.0051104859449, 0.0245744865388, 0.0171538088471, 0.0052653150633, 0.00697057321668, 0.0144572388381, 0.0295439641923, 0.0110880443826, 0.00516951968893, 0.00506329024211, 0.0108606563881, 0.00745289260522, 0.0122908381745, 0.015979481861, 0.0146702593192, 0.0164584424347, 0.00668071070686, 0.00324978446588, 0.00182868551929, 0.000860895903315, 0.000668241700623, 0.000397872092435, 0.000194038526388, 1.01857403934e-06, 5.8068025055e-07],
        "mean": [2.11418864637e-05, 0.000156882175361, 0.000416184659116, 0.00146436493378, 0.00189254328143, 0.00050466688117, 0.000343611551216, 0.000652797811199, 0.00221374933608, 0.00053885235684, 0.000476465706015, 0.000612429750618, 0.00100632000249, 0.000757129746489, 0.000695864786394, 0.000929019646719, 0.00193132669665, 0.00184047804214, 0.00126730906777, 0.000326045119436, 0.000211168182432, 0.000170935585629, 0.000103545280581, 4.67729842057e-05, 1.32376781039e-05, 1.63052993329e-09, 1.13804476953e-09],
        "min": [1.15267928535e-08, 2.87832174761e-10, 1.46312974757e-13, 3.7102645175e-14, 8.00624689701e-14, 7.22247985702e-14, 8.02421822564e-14, 8.29447052491e-14, 1.82331607495e-13, 1.62317533546e-13, 1.74947323338e-13, 6.9580544668e-14, 1.43095726783e-13, 2.49045901089e-13, 2.07971077968e-13, 4.39436356227e-13, 5.55257662765e-13, 5.74916253927e-13, 6.85006901462e-13, 1.07456903618e-12, 1.38046290978e-12, 1.42782107752e-12, 1.8864102988e-12, 2.11644677478e-12, 4.07682134579e-12, 3.47481808952e-12, 4.76898945681e-12],
        "stdev": [1.74182441697e-05, 0.000222160160774, 0.000627449422609, 0.00271006254479, 0.00261515472084, 0.000532796606421, 0.000538461492397, 0.00135219318327, 0.00279870419763, 0.000954871065915, 0.000673683534842, 0.000668196415063, 0.00135433790274, 0.00112775003072, 0.00113706756383, 0.00126694142818, 0.00199174298905, 0.00194593309425, 0.00103368225973, 0.000337316771038, 0.000186645207577, 0.000133598834509, 9.11984025151e-05, 5.14223211212e-05, 2.22444705287e-05, 2.96066229311e-08, 1.67199338819e-08]
    },
    "erbbands": {
        "max": [0.0321247726679, 0.711283326149, 5.6757144928, 34.8866004944, 115.589431763, 50.2462539673, 37.9477729797, 51.2661056519, 38.2750892639, 135.986694336, 445.666320801, 723.809997559, 338.58013916, 199.08026123, 217.918014526, 212.438659668, 532.708496094, 364.281005859, 743.866699219, 744.450134277, 910.397705078, 696.819519043, 844.877868652, 487.026306152, 294.410247803, 135.447509766, 119.557518005, 55.6550712585, 31.1295547485, 25.5391311646, 19.9489517212, 10.132815361, 5.31732273102, 3.86805009842, 0.634314060211, 0.0147462738678, 0.00198800931685, 0.000601608946454, 0.000121807461255, 6.54782634228e-05],
        "mean": [0.00271314592101, 0.0462899580598, 0.371034443378, 2.50868678093, 8.25810432434, 4.25072431564, 3.83367133141, 4.56387138367, 4.54211139679, 7.90793609619, 17.7013378143, 47.5526809692, 37.625213623, 13.9507226944, 25.2771511078, 24.4029655457, 40.6631622314, 40.3016281128, 46.1414337158, 37.310256958, 59.3837547302, 107.851821899, 105.293327332, 81.9755325317, 46.456829071, 15.4606142044, 11.1341400146, 8.20849132538, 6.36402511597, 4.28348112106, 2.90122509003, 1.44051074982, 0.532732069492, 0.251346170902, 0.0410185754299, 0.00108319788706, 7.75658409111e-05, 1.62500182341e-05, 1.50438900164e-05, 2.5292412829e-05],
        "min": [1.40904717227e-07, 1.8087060738e-08, 2.48888709642e-09, 9.71862146315e-10, 5.91791449178e-10, 5.45602951707e-10, 5.28318666593e-10, 7.75494057859e-10, 1.57404489443e-09, 7.45244199685e-10, 2.71143241193e-09, 4.3405599115e-09, 4.23054569154e-09, 5.5816054001e-09, 5.03821295794e-09, 3.19248050218e-09, 6.74205846707e-09, 1.02619521769e-08, 1.44331169238e-08, 1.96631262384e-08, 1.91493807478e-08, 3.57793226158e-08, 3.45405553048e-08, 3.58745424478e-08, 3.22265698571e-08, 4.37426486144e-08, 5.56505028726e-08, 5.54929755481e-08, 4.78572665941e-08, 5.36263158324e-08, 5.86112953727e-08, 4.01634068226e-08, 4.06963458488e-08, 4.18797583279e-08, 2.88346875266e-08, 1.62257585146e-08, 6.66815314077e-09, 2.30984364968e-09, 5.96849292211e-10, 9.14211345515e-11],
        "stdev": [0.00341431214474, 0.066349260509, 0.510982275009, 3.77065587044, 13.9418334961, 5.75323486328, 4.67590904236, 5.2645816803, 5.34886217117, 13.3991861343, 36.1496009827, 65.2476577759, 53.0555229187, 18.5672283173, 30.332365036, 25.9594631195, 55.2772254944, 40.3419189453, 71.879486084, 60.4092826843, 73.351890564, 109.679115295, 104.259231567, 72.0157394409, 43.3839530945, 14.2442302704, 10.8870620728, 6.71546840668, 5.04609394073, 3.63753151894, 2.60682606697, 1.35035979748, 0.68860065937, 0.436529487371, 0.0616633817554, 0.00150626327377, 9.86552404356e-05, 2.01257025765e-05, 7.36200809115e-06, 1.16096271086e-05]
    },
    "gfcc": {
        "mean": [-16.9283313751, 94.2563476562, -191.768035889, 55.843170166, -73.1607284546, 6.2638335228, -40.3852424622, -1.60236644745, -13.8590135574, -26.6716213226, -4.33212518692, -20.5490093231, -4.40948677063],
        "cov": [[3757.84008789, 232.48727417, -372.780426025, 17.0658397675, -238.256164551, 33.782989502, -52.6171760559, -17.2459907532, -183.38961792, -252.586685181, -25.0651454926, -101.615203857, -109.509788513], [232.48727417, 389.396392822, 111.368209839, 100.261413574, 77.9240951538, -91.9888153076, 18.9341201782, -29.9635105133, 4.09922599792, -121.527603149, -25.8918190002, -63.0504226685, -65.953414917], [-372.780426025, 111.368209839, 553.091064453, 246.188552856, -38.2725410461, 56.8587341309, -36.5864753723, -26.7632694244, -113.717658997, -9.08892917633, -65.3233566284, -64.0644607544, -38.9798774719], [17.0658397675, 100.261413574, 246.188552856, 262.911468506, 54.6130180359, -19.8786582947, -20.2009773254, -46.2374916077, -22.0819454193, -34.8946647644, -23.4564857483, -42.0166969299, -51.8236732483], [-238.256164551, 77.9240951538, -38.2725410461, 54.6130180359, 245.769393921, -73.1572113037, -35.1959838867, 18.4531211853, 117.829872131, -24.7470397949, -13.8528547287, -7.87719535828, -33.5787391663], [33.782989502, -91.9888153076, 56.8587341309, -19.8786582947, -73.1572113037, 175.073196411, 48.9716567993, -13.6097259521, -76.310295105, 36.4096565247, -5.93242406845, -1.90648329258, 16.2842311859], [-52.6171760559, 18.9341201782, -36.5864753723, -20.2009773254, -35.1959838867, 48.9716567993, 158.067962646, 17.240234375, -43.3845596313, -28.1062526703, 33.8591537476, 21.9350719452, -19.1983108521], [-17.2459907532, -29.9635105133, -26.7632694244, -46.2374916077, 18.4531211853, -13.6097259521, 17.240234375, 97.0415115356, 42.1806526184, 0.910642266273, -0.693791389465, 7.80629444122, -1.58213150501], [-183.38961792, 4.09922599792, -113.717658997, -22.0819454193, 117.829872131, -76.310295105, -43.3845596313, 42.1806526184, 177.692657471, 35.6483917236, 0.0901421159506, 6.15120363235, 0.172191888094], [-252.586685181, -121.527603149, -9.08892917633, -34.8946647644, -24.7470397949, 36.4096565247, -28.1062526703, 0.910642266273, 35.6483917236, 152.013290405, 34.231464386, 26.634677887, 45.7428855896], [-25.0651454926, -25.8918190002, -65.3233566284, -23.4564857483, -13.8528547287, -5.93242406845, 33.8591537476, -0.693791389465, 0.0901421159506, 34.231464386, 87.7798843384, 56.9213104248, 3.00360059738], [-101.615203857, -63.0504226685, -64.0644607544, -42.0166969299, -7.87719535828, -1.90648329258, 21.9350719452, 7.80629444122, 6.15120363235, 26.634677887, 56.9213104248, 84.3414306641, 37.0868911743], [-109.509788513, -65.953414917, -38.9798774719, -51.8236732483, -33.5787391663, 16.2842311859, -19.1983108521, -1.58213150501, 0.172191888094, 45.7428855896, 3.00360059738, 37.0868911743, 85.4034347534]],
        "icov": [[0.00111725414172, -0.00211786385626, 0.00363047001883, -0.00309069477953, 0.00230287993327, -0.00231304648332, 0.00346386129968, -0.00311607448384, 0.00224921037443, 3.05725734506e-05, 0.00129853188992, -0.00149986147881, 0.00223079347052], [-0.00211786385626, 0.010195132345, -0.00968931987882, 0.0076670339331, -0.00577124441043, 0.00731485290453, -0.00921571440995, 0.0093499571085, -0.00646834028885, 0.00487511744723, -0.00740046706051, 0.00954057462513, -0.0066555775702], [0.00363047001883, -0.00968931987882, 0.0181961413473, -0.0157826635987, 0.00872999150306, -0.00947811827064, 0.0137837417424, -0.01436958462, 0.0117472168058, -0.00433312775567, 0.0101708332077, -0.00929030124098, 0.0099464179948], [-0.00309069477953, 0.0076670339331, -0.0157826635987, 0.0191213395447, -0.00886272732168, 0.00856253504753, -0.0113633405417, 0.0143898027018, -0.00855386257172, 0.00280465674587, -0.00759504083544, 0.00790419057012, -0.00569808389992], [0.00230287993327, -0.00577124441043, 0.00872999150306, -0.00886272732168, 0.0126305967569, -0.00557986320928, 0.00850090943277, -0.00724093802273, 0.000168368002051, 0.000395467999624, 0.00544256204739, -0.00692496262491, 0.00751303508878], [-0.00231304648332, 0.00731485290453, -0.00947811827064, 0.00856253504753, -0.00557986320928, 0.016080506146, -0.0121339345351, 0.00900528859347, -0.00177281606011, -0.00238244095817, -0.00102489488199, 0.00591296702623, -0.00552006810904], [0.00346386129968, -0.00921571440995, 0.0137837417424, -0.0113633405417, 0.00850090943277, -0.0121339345351, 0.0222075171769, -0.0142276138067, 0.00930836983025, 0.000730073195882, 0.00264314911328, -0.0091991731897, 0.0105970818549], [-0.00311607448384, 0.0093499571085, -0.01436958462, 0.0143898027018, -0.00724093802273, 0.00900528859347, -0.0142276138067, 0.0254919733852, -0.012617492117, 0.00352835352533, -0.00514229899272, 0.00643454445526, -0.00636962475255], [0.00224921037443, -0.00646834028885, 0.0117472168058, -0.00855386257172, 0.000168368002051, -0.00177281606011, 0.00930836983025, -0.012617492117, 0.0208496730775, -0.00835689716041, 0.00882777478546, -0.00684243254364, 0.00741781340912], [3.05725734506e-05, 0.00487511744723, -0.00433312775567, 0.00280465674587, 0.000395467999624, -0.00238244095817, 0.000730073195882, 0.00352835352533, -0.00835689716041, 0.0178378559649, -0.0144689390436, 0.0099433073774, -0.00897888932377], [0.00129853188992, -0.00740046706051, 0.0101708332077, -0.00759504083544, 0.00544256204739, -0.00102489488199, 0.00264314911328, -0.00514229899272, 0.00882777478546, -0.0144689390436, 0.0398970395327, -0.0309202224016, 0.0185736566782], [-0.00149986147881, 0.00954057462513, -0.00929030124098, 0.00790419057012, -0.00692496262491, 0.00591296702623, -0.0091991731897, 0.00643454445526, -0.00684243254364, 0.0099433073774, -0.0309202224016, 0.0436835438013, -0.0229925960302], [0.00223079347052, -0.0066555775702, 0.0099464179948, -0.00569808389992, 0.00751303508878, -0.00552006810904, 0.0105970818549, -0.00636962475255, 0.00741781340912, -0.00897888932377, 0.0185736566782, -0.0229925960302, 0.0309081953019]]
    },
    "melbands": {
        "max": [0.000346537941368, 0.00208610482514, 0.0095482300967, 0.0046444744803, 0.00144391367212, 0.00107816897798, 0.000808117561974, 0.00175558310002, 0.00402732100338, 0.00519102904946, 0.00175407540519, 0.000917094410397, 0.000750496110413, 0.00076662999345, 0.0010747538181, 0.0013224730501, 0.000810137891676, 0.00108866742812, 0.000848424737342, 0.00076039833948, 0.00101310794707, 0.00104162993375, 0.0011336968746, 0.000708115228917, 0.000401397002861, 0.00036309697316, 0.000123599835206, 0.000128374638734, 7.57468806114e-05, 4.77454268548e-05, 3.31040828314e-05, 2.20756992348e-05, 3.15981924359e-05, 1.39292906169e-05, 1.23218715089e-05, 8.54474001244e-06, 4.82183850181e-06, 3.74951582671e-06, 3.65403320757e-06, 3.14983731187e-06],
        "mean": [3.4939199395e-05, 0.000162544631166, 0.000660723017063, 0.000454379769508, 0.000139593641507, 9.87427338259e-05, 7.09697997081e-05, 9.65254876064e-05, 0.000152954104124, 0.000332241674187, 0.00018069538055, 5.05126699863e-05, 7.03701080056e-05, 8.08926270111e-05, 5.13671693625e-05, 0.00011440061644, 6.86274433974e-05, 7.85809606896e-05, 4.77166395285e-05, 5.97397556703e-05, 7.05392012605e-05, 0.000111809385999, 0.000104745791759, 8.83679822437e-05, 6.48234781693e-05, 4.3915653805e-05, 1.45309622894e-05, 1.01034647741e-05, 7.9518331404e-06, 5.73557417738e-06, 4.30529507867e-06, 3.70789075532e-06, 3.01666864289e-06, 2.05498190553e-06, 1.7298198145e-06, 1.3275399624e-06, 6.91156458288e-07, 3.88721474565e-07, 2.73966861641e-07, 1.87910700333e-07],
        "min": [1.44420420067e-09, 1.13638414542e-13, 2.71200349368e-14, 1.95119477352e-14, 1.13041053026e-14, 1.55103828273e-14, 2.01053705477e-14, 8.53971502345e-15, 2.26664712255e-14, 2.55183684784e-14, 2.01577324304e-14, 2.24408233424e-14, 1.93459258894e-14, 9.09855432776e-15, 1.1348333128e-14, 1.50953180484e-14, 1.94635482725e-14, 2.57060930024e-14, 1.77581338306e-14, 3.24140399851e-14, 1.75372361083e-14, 3.24961310302e-14, 3.91270742477e-14, 2.43795953613e-14, 2.90256066523e-14, 2.78955003763e-14, 2.06629181267e-14, 2.35353305177e-14, 3.51857486289e-14, 3.50776875537e-14, 3.02805232332e-14, 2.90515834588e-14, 2.32935873145e-14, 2.90857188865e-14, 3.42820932232e-14, 2.84962110603e-14, 2.2600182427e-14, 2.50017020975e-14, 3.62694019241e-14, 3.42563671386e-14],
        "stdev": [4.36126501882e-05, 0.000208216501051, 0.0010563848773, 0.000648953253403, 0.000165478995768, 0.000108056949102, 9.07163193915e-05, 0.000177559690201, 0.000332185532898, 0.00044116663048, 0.000265996961389, 7.62985509937e-05, 9.21659884625e-05, 8.53031888255e-05, 9.97259339783e-05, 0.000146204853081, 8.42098161229e-05, 0.000135561975185, 7.61253177188e-05, 9.02744650375e-05, 9.85694568953e-05, 0.000134752743179, 0.000108837572043, 9.26411885303e-05, 6.092082549e-05, 4.12114022765e-05, 1.65131241374e-05, 1.16357196021e-05, 9.35118623602e-06, 5.82249685976e-06, 3.97988787881e-06, 3.15364422931e-06, 2.88841624752e-06, 1.94103449758e-06, 1.63614845405e-06, 1.23037784761e-06, 6.97713232967e-07, 5.12323595103e-07, 4.35868628301e-07, 3.43382623669e-07]
    },
    "melbands128": {
        "max": [7.97614411567e-05, 0.000188982041436, 0.000545267423149, 0.00148308114149, 0.00313936499879, 0.00215207715519, 0.00449936045334, 0.0159304141998, 0.014224964194, 0.00594321545213, 0.0036166748032, 0.00270072603598, 0.00182724685874, 0.00186230277177, 0.00149830174632, 0.00160214910284, 0.0010966839036, 0.000911232025828, 0.00236043101177, 0.00208288896829, 0.00380715006031, 0.00586035754532, 0.00732110440731, 0.00589072005823, 0.00540828006342, 0.0100857829675, 0.00412200251594, 0.0032772985287, 0.0039746472612, 0.00104733987246, 0.00153797725216, 0.00158957368694, 0.00134031055495, 0.00152860325761, 0.00158773059957, 0.00109185627662, 0.000945784908254, 0.00188535219058, 0.00285850395449, 0.00186662457418, 0.00246220012195, 0.00253437273204, 0.000939200283028, 0.00170247175265, 0.00162617873866, 0.00233740592375, 0.00242188596167, 0.00132793048397, 0.00206590630114, 0.00193979637697, 0.00147802149877, 0.00171571574174, 0.00185961346142, 0.00148490280844, 0.00234829867259, 0.00171513692476, 0.00131400825921, 0.00131011835765, 0.00180652586278, 0.00165954057593, 0.00120764458552, 0.0010558788199, 0.00108221813571, 0.000569042400457, 0.000640076585114, 0.00087040028302, 0.000555756909307, 0.000235830753809, 0.000213879800867, 8.45280883368e-05, 0.000102609526948, 0.000359457713785, 0.000180363844265, 0.000140672898851, 0.000182373390999, 8.91188246896e-05, 8.39773201733e-05, 6.39451609459e-05, 4.94995656481e-05, 6.72188180033e-05, 2.76858809229e-05, 3.02503685816e-05, 4.93970546813e-05, 6.72222740832e-05, 2.24302475544e-05, 2.88153805741e-05, 1.52116508616e-05, 2.21432164835e-05, 1.77790443558e-05, 1.37061042551e-05, 1.1981546777e-05, 1.38797004183e-05, 1.05203780549e-05, 6.0336160459e-06, 6.15858471065e-06, 7.18588216841e-06, 3.86414467357e-06, 8.2644264694e-06, 5.42725592823e-06, 3.78825734515e-06, 8.54478457768e-06, 1.15277441637e-06, 4.56843054053e-06, 1.89245633919e-06, 1.64222825561e-07, 1.03895150261e-08, 8.38889135935e-09, 7.33268601394e-09, 7.38575822723e-09, 6.98279567501e-09, 6.9025403171e-09, 6.56422516343e-09, 5.54813306408e-09, 6.37061425834e-09, 5.03788477602e-09, 4.84114393018e-09, 5.05154362784e-09, 3.75707864819e-09, 2.97054914e-09, 2.74618860985e-09, 3.79720388466e-09, 4.55823645495e-09, 2.35901898016e-09, 2.16095488725e-10, 1.49927820159e-10, 1.35897446074e-10, 1.26558860614e-10, 1.20823906435e-10],
        "mean": [1.39596322697e-05, 1.60521067301e-05, 3.73633338313e-05, 8.20793065941e-05, 0.000127811086713, 0.000235697458265, 0.000369388319086, 0.000922432634979, 0.000967571744695, 0.000381139718229, 0.000172145941178, 0.000171020190464, 0.000135131092975, 8.99143269635e-05, 0.0001158788873, 9.49628374656e-05, 6.76084964653e-05, 6.49942085147e-05, 7.94051084085e-05, 7.53997810534e-05, 0.000115398965136, 0.000129580454086, 0.000158440059749, 0.00016312430671, 0.000277726416243, 0.000451297179097, 0.000356275413651, 0.000131386434077, 5.43284186278e-05, 4.79124792037e-05, 5.29983371962e-05, 4.65865559818e-05, 4.79542904941e-05, 0.000119677810289, 9.02068204596e-05, 6.84898914187e-05, 6.39892241452e-05, 3.49875008396e-05, 5.55403494218e-05, 8.38519699755e-05, 0.000178465532372, 7.96186141088e-05, 4.90101156174e-05, 6.81307792547e-05, 8.63302266225e-05, 8.46049078973e-05, 6.75240662531e-05, 4.48804348707e-05, 3.91147259506e-05, 4.44426004833e-05, 6.73479953548e-05, 7.17581642675e-05, 5.78223553021e-05, 6.56562187942e-05, 0.000106818115455, 0.000114154274343, 0.00011994450324, 0.000119048076158, 8.63772365847e-05, 0.000103644866613, 8.80462539499e-05, 8.15103776404e-05, 7.27297301637e-05, 6.07803085586e-05, 5.06588548888e-05, 4.19772877649e-05, 5.03769551869e-05, 1.42818471431e-05, 8.97580412129e-06, 6.37039693174e-06, 7.78937555879e-06, 1.39638959809e-05, 1.31977458295e-05, 5.10133304488e-06, 4.32430852015e-06, 6.33155877949e-06, 6.35329297438e-06, 4.380725386e-06, 4.12060717281e-06, 4.10759093938e-06, 3.5542839214e-06, 3.91212188333e-06, 3.16155387736e-06, 3.06857350552e-06, 2.66625852419e-06, 2.4600233246e-06, 1.64570860761e-06, 1.65430981269e-06, 1.87540285879e-06, 1.71789361048e-06, 1.34378069561e-06, 1.35662742196e-06, 1.03917602701e-06, 5.71790167214e-07, 5.83814028232e-07, 4.92982678679e-07, 2.76257395626e-07, 3.56432025228e-07, 2.58398074493e-07, 2.29553521081e-07, 2.99230947576e-07, 1.17048990944e-07, 1.71517740455e-07, 9.77681011705e-08, 1.03204476076e-08, 4.11742480388e-11, 1.84700206518e-11, 1.28050417492e-11, 1.19972755688e-11, 1.11870989902e-11, 1.0771853895e-11, 1.02145358144e-11, 8.8880023133e-12, 9.41582142117e-12, 7.99575423233e-12, 7.6291629264e-12, 7.68417881408e-12, 6.59870682401e-12, 5.5484792108e-12, 5.20116979e-12, 6.0778005892e-12, 6.67002130611e-12, 4.57772535156e-12, 2.5891370211e-12, 2.33419316861e-12, 2.27887565589e-12, 2.24289206999e-12, 2.22471520372e-12],
        "min": [4.52769111092e-09, 1.69924563309e-09, 6.48901002376e-11, 1.85792150436e-13, 1.37488124726e-13, 6.75018851579e-14, 3.72165778826e-14, 1.23500554672e-14, 1.08210017552e-14, 3.48652516905e-14, 9.4612030138e-15, 1.1583055275e-14, 1.13708260879e-14, 1.29372500465e-14, 1.05076995146e-14, 1.78969506722e-14, 2.96455602308e-14, 1.5597733947e-14, 3.39732315529e-15, 4.93568046541e-15, 7.98688880603e-15, 1.86026578663e-14, 8.98523741305e-15, 2.7773837646e-14, 3.51386535971e-14, 1.38125662709e-14, 2.12544486677e-14, 1.41221483428e-14, 2.84968175359e-14, 1.87660386633e-14, 6.94312779809e-15, 3.24663629043e-14, 1.05150958063e-14, 1.89281268881e-14, 1.00652891241e-14, 6.44549721213e-15, 5.49243733922e-15, 1.08433930712e-14, 1.07818569746e-14, 2.1264125172e-14, 1.07490437653e-14, 1.46210456665e-14, 2.21160929332e-14, 1.3625153455e-14, 3.61075745854e-14, 1.53110166825e-14, 7.50701499526e-15, 1.09950407679e-14, 1.25915479486e-14, 1.3515504193e-14, 3.46260428099e-14, 2.39122974487e-14, 2.30009001618e-14, 1.30210012762e-14, 1.10979078371e-14, 2.03295767807e-14, 2.79687060458e-14, 2.05328850168e-14, 4.51706780433e-14, 2.65134695611e-14, 2.46834887599e-14, 1.20017072384e-14, 3.94183417732e-14, 2.35123488198e-14, 2.38522123195e-14, 2.5856685296e-14, 1.23098205552e-14, 2.00925566332e-14, 2.53263003695e-14, 1.47458271722e-14, 1.76078278341e-14, 2.00263406796e-14, 4.17525341829e-14, 3.06287317015e-14, 2.09582564926e-14, 4.36519581332e-14, 2.28219525932e-14, 2.58965941004e-14, 3.32252231099e-14, 2.90561100028e-14, 3.03913456358e-14, 3.25571140143e-14, 1.64834915465e-14, 1.47477753479e-14, 3.32969396955e-14, 4.39808169809e-14, 1.74757059409e-14, 2.18334668379e-14, 3.26451037968e-14, 4.26414817085e-14, 2.48374641031e-14, 2.6616174e-14, 1.80149830193e-14, 2.30907601931e-14, 1.97159183511e-14, 2.47321558849e-14, 2.5138999362e-14, 2.41430952921e-14, 3.05429611453e-14, 4.33907568892e-14, 3.89105692382e-14, 2.62953619653e-14, 1.7910596373e-14, 2.73664419034e-14, 2.47936962167e-14, 2.92553965265e-14, 2.85723423816e-14, 2.21103551321e-14, 2.345224675e-14, 1.18354693992e-14, 1.85606382558e-14, 1.86567358378e-14, 2.22693211934e-14, 2.0638706537e-14, 9.75312275468e-15, 1.02176178353e-14, 2.04128248728e-14, 1.79098492899e-14, 1.48746303903e-14, 1.9156879994e-14, 1.25851587791e-14, 1.62730750099e-14, 1.42691017829e-14, 1.79549402418e-14, 1.46916746618e-14, 5.62650147895e-15, 7.11416937289e-16, 2.55587443817e-17],
        "stdev": [9.06396962819e-06, 2.07708035305e-05, 6.14135788055e-05, 0.000133472974994, 0.000240235647652, 0.000377000367735, 0.000576359860133, 0.00186219066381, 0.0017147352919, 0.000597857928369, 0.000312903284794, 0.000260537286522, 0.00020273134578, 0.00011755606829, 0.000162003692822, 0.000134165515192, 0.000100305347587, 0.000103495287476, 0.000179452385055, 0.000169465274666, 0.000305393507006, 0.000376150826924, 0.000491482031066, 0.000544647802599, 0.000557925261091, 0.00075404701056, 0.000646206201054, 0.000290143419988, 0.000183011201443, 8.46331022331e-05, 0.000106423685793, 0.00011842695676, 0.000110604400106, 0.000190700171515, 0.000135688227601, 0.00010163733532, 0.000110930282972, 0.000116396258818, 0.000203952527954, 0.00016917620087, 0.00027772114845, 0.00013827845396, 8.97952413652e-05, 0.000161150688655, 0.000204175536055, 0.000226519739954, 0.000152549415361, 9.64072532952e-05, 0.000115515300422, 0.000148649996845, 0.000125770748127, 0.000117111281725, 0.000128375962959, 0.000147241502418, 0.000227602606174, 0.000216123851715, 0.000191645449377, 0.000193712767214, 0.00016341097944, 0.000162077471032, 0.000135712092742, 0.000113372618216, 0.000104109902168, 8.30681674415e-05, 6.76102354191e-05, 5.86096539337e-05, 7.6821888797e-05, 2.35953084484e-05, 1.73787193489e-05, 8.7138150775e-06, 1.08007279778e-05, 2.32928014157e-05, 2.05685464607e-05, 8.51487675391e-06, 9.52435402723e-06, 8.49716798257e-06, 8.29355849419e-06, 5.31062505615e-06, 4.9377376854e-06, 4.29761394116e-06, 3.37948836204e-06, 4.57711621493e-06, 3.70144789485e-06, 4.58570093542e-06, 3.00055603475e-06, 3.00129295283e-06, 1.76496087079e-06, 1.8940040718e-06, 2.12842905967e-06, 1.82697283435e-06, 1.4077314745e-06, 1.48003380218e-06, 1.08729682324e-06, 6.04365993695e-07, 7.70151132201e-07, 7.13541055575e-07, 3.80004223643e-07, 7.20251819075e-07, 3.86291247878e-07, 3.7090185856e-07, 8.05336298981e-07, 1.41203628345e-07, 3.56587264605e-07, 1.44608449659e-07, 1.45346286118e-08, 3.1161440095e-10, 2.50265530521e-10, 2.1777520065e-10, 2.16676052101e-10, 2.03862093873e-10, 2.00657379601e-10, 1.90564466984e-10, 1.60483834555e-10, 1.83351916982e-10, 1.45122872053e-10, 1.39189604287e-10, 1.45062684087e-10, 1.0945894191e-10, 8.56357970647e-11, 7.89576043436e-11, 1.08852017677e-10, 1.30436175749e-10, 6.75887470991e-11, 8.46290745815e-12, 5.43110435097e-12, 5.10256160241e-12, 4.88787395975e-12, 4.75853384474e-12]
    },
    "mfcc": {
        "mean": [-622.166259766, 91.6421051025, -43.537902832, 27.5764942169, -3.7085313797, -2.70371294022, -11.3425321579, 11.0130586624, -9.54761219025, -2.1705622673, -0.32915854454, -4.25751256943, -13.956454277],
        "cov": [[2686.14282227, 48.3771629333, -96.8237838745, -113.646789551, -132.453430176, -55.1603279114, 97.5958786011, 132.120880127, -104.75012207, -63.155620575, -40.1027412415, -74.9936828613, -84.2888870239], [48.3771629333, 336.080200195, -32.2597961426, 115.829795837, 63.8810386658, -42.5078353882, -40.7404823303, 69.0690917969, -16.5951862335, -1.22895121574, 27.1849899292, -20.1065921783, -67.1006469727], [-96.8237838745, -32.2597961426, 610.676208496, 113.254768372, -27.0902805328, 76.0101318359, 137.254776001, -69.5540618896, -17.1919937134, -29.9769115448, -73.6159362793, -34.9075546265, 3.46907782555], [-113.646789551, 115.829795837, 113.254768372, 306.44241333, 140.821212769, -11.1101636887, -45.6009979248, 45.078956604, -33.2690696716, 1.21808731556, 24.1131896973, -11.2052059174, -40.4025306702], [-132.453430176, 63.8810386658, -27.0902805328, 140.821212769, 260.112304688, -6.36604499817, -129.117782593, -3.48342514038, 32.2585220337, 29.7663707733, 30.7105541229, -2.8572435379, -38.7525138855], [-55.1603279114, -42.5078353882, 76.0101318359, -11.1101636887, -6.36604499817, 132.33215332, 55.2848587036, -28.6538162231, -1.51280415058, -0.990212380886, -9.27088928223, -0.315456360579, -6.07534408569], [97.5958786011, -40.7404823303, 137.254776001, -45.6009979248, -129.117782593, 55.2848587036, 190.402755737, 20.178943634, -33.1478385925, -31.6118068695, -29.6613292694, -15.5935049057, 17.6970710754], [132.120880127, 69.0690917969, -69.5540618896, 45.078956604, -3.48342514038, -28.6538162231, 20.178943634, 158.914459229, -25.0378856659, 4.06821393967, 23.6010742188, -15.026966095, -58.3529510498], [-104.75012207, -16.5951862335, -17.1919937134, -33.2690696716, 32.2585220337, -1.51280415058, -33.1478385925, -25.0378856659, 85.7405014038, 31.4594497681, -4.52055120468, -0.830466151237, 10.3756656647], [-63.155620575, -1.22895121574, -29.9769115448, 1.21808731556, 29.7663707733, -0.990212380886, -31.6118068695, 4.06821393967, 31.4594497681, 70.7508468628, 19.5890007019, -3.53505754471, -9.32573032379], [-40.1027412415, 27.1849899292, -73.6159362793, 24.1131896973, 30.7105541229, -9.27088928223, -29.6613292694, 23.6010742188, -4.52055120468, 19.5890007019, 98.4192657471, 34.7253189087, -21.6831493378], [-74.9936828613, -20.1065921783, -34.9075546265, -11.2052059174, -2.8572435379, -0.315456360579, -15.5935049057, -15.026966095, -0.830466151237, -3.53505754471, 34.7253189087, 76.6362991333, 32.7926750183], [-84.2888870239, -67.1006469727, 3.46907782555, -40.4025306702, -38.7525138855, -6.07534408569, 17.6970710754, -58.3529510498, 10.3756656647, -9.32573032379, -21.6831493378, 32.7926750183, 124.248123169]],
        "icov": [[0.00044241026626, -1.72239651874e-05, 5.31207151653e-05, 0.000259941502009, -2.45534465648e-05, 0.000205872696824, -0.000126976607135, -0.000199388872716, 0.000471906532766, 0.000177387642907, 0.000133389141411, 0.000282946974039, 0.000223227543756], [-1.72239651874e-05, 0.00401098001748, 0.000251007673796, -0.00128356739879, -4.49305480288e-06, 0.000910301459953, 9.58552773227e-05, -0.000548572803382, -0.000231725527556, 0.000686645624228, -0.000382467987947, 0.000491164857522, 0.00137639569584], [5.31207151653e-05, 0.000251007673796, 0.00312457792461, -0.00206329114735, 6.35365140624e-05, 3.5510995076e-05, -0.00292868423276, 0.00230303779244, -0.000575156998821, -0.000116903313028, 0.00173571554478, -0.000277869607089, 0.00134923635051], [0.000259941502009, -0.00128356739879, -0.00206329114735, 0.00712349358946, -0.00353862135671, 0.000180922303116, 0.0012182709761, -0.00243166997097, 0.00363086094148, -4.49622275482e-05, -0.00111598323565, 0.000736615096685, -0.00124899193179], [-2.45534465648e-05, -4.49305480288e-06, 6.35365140624e-05, -0.00353862135671, 0.00876475963742, -0.00202818214893, 0.0050256177783, 0.000269147858489, -0.00293819699436, 0.000294534751447, -0.000955997151323, 0.000989996711724, 0.000712924345862], [0.000205872696824, 0.000910301459953, 3.5510995076e-05, 0.000180922303116, -0.00202818214893, 0.0108379982412, -0.00519406190142, 0.00295107788406, 0.000459339178633, -0.00138214579783, 0.000846269656904, -0.00183920492418, 0.00320326047949], [-0.000126976607135, 9.58552773227e-05, -0.00292868423276, 0.0012182709761, 0.0050256177783, -0.00519406190142, 0.0141701921821, -0.00482751661912, 0.0012521923054, 0.00262135779485, -0.00158370262943, 0.00322472373955, -0.00356378871948], [-0.000199388872716, -0.000548572803382, 0.00230303779244, -0.00243166997097, 0.000269147858489, 0.00295107788406, -0.00482751661912, 0.0114570893347, 0.000624020642135, -0.00172421056777, 6.51954469504e-05, -0.000600244326051, 0.00499837798998], [0.000471906532766, -0.000231725527556, -0.000575156998821, 0.00363086094148, -0.00293819699436, 0.000459339178633, 0.0012521923054, 0.000624020642135, 0.0180036369711, -0.00677727768198, 0.00185991276521, 0.000495021638926, -0.00120570731815], [0.000177387642907, 0.000686645624228, -0.000116903313028, -4.49622275482e-05, 0.000294534751447, -0.00138214579783, 0.00262135779485, -0.00172421056777, -0.00677727768198, 0.0198828820139, -0.0049145007506, 0.00376732903533, -0.000472703657579], [0.000133389141411, -0.000382467987947, 0.00173571554478, -0.00111598323565, -0.000955997151323, 0.000846269656904, -0.00158370262943, 6.51954469504e-05, 0.00185991276521, -0.0049145007506, 0.0172237791121, -0.00961698777974, 0.00449180416763], [0.000282946974039, 0.000491164857522, -0.000277869607089, 0.000736615096685, 0.000989996711724, -0.00183920492418, 0.00322472373955, -0.000600244326051, 0.000495021638926, 0.00376732903533, -0.00961698777974, 0.0215057618916, -0.00693074800074], [0.000223227543756, 0.00137639569584, 0.00134923635051, -0.00124899193179, 0.000712924345862, 0.00320326047949, -0.00356378871948, 0.00499837798998, -0.00120570731815, -0.000472703657579, 0.00449180416763, -0.00693074800074, 0.0144117493182]]
    },
    "spectral_contrast_coeffs": {
        "max": [-0.459742456675, -0.512858271599, -0.540182828903, -0.569811582565, -0.533216238022, -0.606612205505],
        "mean": [-0.673082649708, -0.769595623016, -0.739770710468, -0.7477825284, -0.708524644375, -0.712339818478],
        "min": [-0.957526028156, -0.952548861504, -0.942792832851, -0.940505027771, -0.93798494339, -0.917985737324],
        "stdev": [0.0706120654941, 0.0699702203274, 0.0706565529108, 0.0623429752886, 0.0689807981253, 0.0371923930943]
    },
    "spectral_contrast_valleys": {
        "max": [-5.99190044403, -5.5071644783, -5.92173910141, -5.77696657181, -6.15870714188, -9.03746891022],
        "mean": [-7.5621714592, -6.87168931961, -7.39677524567, -7.32553482056, -7.11753320694, -10.3232355118],
        "min": [-18.1260051727, -18.3390712738, -18.0869235992, -17.9590969086, -16.8716125488, -18.3277759552],
        "stdev": [0.829892754555, 0.740955412388, 0.83366394043, 0.71759647131, 0.638016223907, 0.703490495682]
    }
},
"rhythm": {
    "beats_count": 44,
    "beats_loudness": {
        "max": 0.0359436273575,
        "mean": 0.0207035709172,
        "min": 0.003132868791,
        "stdev": 0.00868318416178
    },
    "bpm": 94.2740859985,
    "bpm_histogram_first_peak_bpm": 94,
    "bpm_histogram_first_peak_weight": 0.615384578705,
    "bpm_histogram_second_peak_bpm": 99,
    "bpm_histogram_second_peak_spread": 0.300000011921,
    "bpm_histogram_second_peak_weight": 0.162790700793,
    "danceability": 1.04617416859,
    "onset_rate": 1.87169897556,
    "beats_loudness_band_ratio": {
        "max": [0.624055027962, 0.78911459446, 0.664313554764, 0.459894090891, 0.853541731834, 0.395427197218],
        "mean": [0.163940891623, 0.142252460122, 0.183530434966, 0.148133262992, 0.313121289015, 0.107017211616],
        "min": [0.00719362171367, 0.0127066653222, 0.0139494510368, 0.0145811075345, 0.038379792124, 0.0196335222572],
        "stdev": [0.155915528536, 0.149388596416, 0.142570957541, 0.113233208656, 0.20034353435, 0.0659058913589]
    },
    "beats_position": [0.603718817234, 1.23065757751, 1.86920630932, 2.50775504112, 3.14630389214, 3.78485250473, 4.40018129349, 5.0387301445, 5.6888885498, 6.33904743195, 6.98920631409, 7.6277551651, 8.25469398499, 8.87002277374, 9.49696159363, 10.1122903824, 10.7276191711, 11.3313379288, 11.9350566864, 12.538775444, 13.1424942017, 13.7462129593, 14.3499317169, 14.9536504745, 15.5341491699, 16.1262588501, 16.7183666229, 17.3336963654, 17.9722442627, 18.5991840363, 19.2377319336, 19.8762817383, 20.5148296356, 21.1765975952, 21.826757431, 22.4885253906, 23.1502952576, 23.8468933105, 24.5551013947, 25.2516994476, 25.9599094391, 26.6565074921, 27.353105545, 28.0497055054],
