{
"metadata": {
    "version": {
        "essentia": "2.1-beta5",
        "essentia_git_sha": "Undefined",
        "extractor": "music 2.0"
    },
    "audio_properties": {
        "analysis": {
            "equal_loudness": 0,
            "length": 12.7477550507,
            "sample_rate": 44100,
            "start_time": 0,
            "downmix": "mix"
        },
        "bit_rate": 192000,
        "length": 179.629562378,
        "lossless": 0,
        "number_channels": 2,
        "replay_gain": -13.1730003357,
        "sample_rate": 44100,
        "codec": "mp3",
        "md5_encoded": "a0184f81a8dbee1629b120f6303c19d6"
    },
    "tags": {
        "file_name": "Netherlands_Ring-dinge_Thérèse Steinmetz.mp3",
        "encoding": ["Lavf58.29.100"]
    }
},
"lowlevel": {
    "average_loudness": 0.913833379745,
    "barkbands_crest": {
        "max": 20.3851661682,
        "mean": 8.84646511078,
        "min": 2.64224362373,
        "stdev": 4.53192281723
    },
    "barkbands_flatness_db": {
        "max": 0.287301838398,
        "mean": 0.156051471829,
        "min": 0.0676272735,
        "stdev": 0.0428696013987
    },
    "barkbands_kurtosis": {
        "max": 39.8263931274,
        "mean": 2.80556178093,
        "min": -1.80563735962,
        "stdev": 5.60412931442
    },
    "barkbands_skewness": {
        "max": 5.53688097,
        "mean": 1.22515034676,
        "min": -5.49725198746,
        "stdev": 1.33077049255
    },
    "barkbands_spread": {
        "max": 62.0576133728,
        "mean": 24.017457962,
        "min": 4.02590465546,
        "stdev": 10.9434232712
    },
    "dissonance": {
        "max": 0.499986082315,
        "mean": 0.477025419474,
        "min": 0.386996924877,
        "stdev": 0.0191682819277
    },
    "dynamic_complexity": 8.9603433609,
    "erbbands_crest": {
        "max": 23.1123027802,
        "mean": 6.81970596313,
        "min": 2.43892240524,
        "stdev": 3.44236469269
    },
    "erbbands_flatness_db": {
        "max": 0.32493647933,
        "mean": 0.185606688261,
        "min": 0.0869996845722,
        "stdev": 0.0523295141757
    },
    "erbbands_kurtosis": {
        "max": 27.0866241455,
        "mean": -0.0450838133693,
        "min": -1.85428321362,
        "stdev": 2.34457564354
    },
    "erbbands_skewness": {
        "max": 2.14532089233,
        "mean": -0.0718653947115,
        "min": -4.18204927444,
        "stdev": 0.721995592117
    },
    "erbbands_spread": {
        "max": 114.709114075,
        "mean": 41.3959655762,
        "min": 3.91975665092,
        "stdev": 21.4877624512
    },
    "hfc": {
        "max": 87.4994354248,
        "mean": 18.4940624237,
        "min": 1.19644078779e-16,
        "stdev": 20.10338974
    },
    "loudness_ebu128": {
        "integrated": -11.3490562439,
        "loudness_range": 10.579208374,
        "momentary": {
            "max": -8.59011745453,
            "mean": -17.2334651947,
            "min": -42.9772796631,
            "stdev": 10.8749036789
        },
        "short_term": {
            "max": -10.2627878189,
            "mean": -13.7906694412,
            "min": -27.8443183899,
            "stdev": 4.87264680862
        }
    },
    "melbands_crest": {
        "max": 30.6273574829,
        "mean": 12.5759754181,
        "min": 3.14466309547,
        "stdev": 6.60340118408
    },
    "melbands_flatness_db": {
        "max": 0.363190591335,
        "mean": 0.1680136621,
        "min": 0.00761858560145,
        "stdev": 0.0720824673772
    },
    "melbands_kurtosis": {
        "max": 133.692962646,
        "mean": 13.6471214294,
        "min": -1.73025560379,
        "stdev": 22.0118598938
    },
    "melbands_skewness": {
        "max": 10.012635231,
        "mean": 2.5373609066,
        "min": -2.23087048531,
        "stdev": 2.09894657135
    },
    "melbands_spread": {
        "max": 155.278900146,
        "mean": 31.814535141,
        "min": 2.92283511162,
        "stdev": 23.7696743011
    },
    "pitch_salience": {
        "max": 0.911677539349,
        "mean": 0.601925909519,
        "min": 0.266326457262,
        "stdev": 0.118133418262
    },
    "silence_rate_20dB": {
        "max": 1,
        "mean": 1,
        "min": 1,
        "stdev": 0
    },
    "silence_rate_30dB": {
        "max": 1,
        "mean": 1,
        "min": 1,
        "stdev": 0
    },
    "silence_rate_60dB": {
        "max": 1,
        "mean": 0.29636362195,
        "min": 0,
        "stdev": 0.45665204525
    },
    "spectral_centroid": {
        "max": 11083.0664062,
        "mean": 1787.98632812,
        "min": 329.579498291,
        "stdev": 842.711914062
    },
    "spectral_complexity": {
        "max": 47,
        "mean": 18.0618190765,
        "min": 0,
        "stdev": 14.5262079239
    },
    "spectral_decrease": {
        "max": -3.95632684286e-29,
        "mean": -3.65129793067e-09,
        "min": -1.53533399327e-08,
        "stdev": 3.45390738232e-09
    },
    "spectral_energy": {
        "max": 0.0611556395888,
        "mean": 0.0154583202675,
        "min": 1.10014044039e-20,
        "stdev": 0.0145550882444
    },
    "spectral_energyband_high": {
        "max": 0.0052929148078,
        "mean": 0.000724757963326,
        "min": 7.99917660448e-21,
        "stdev": 0.00105376529973
    },
    "spectral_energyband_low": {
        "max": 0.0203063394874,
        "mean": 0.00140143814497,
        "min": 1.03706519743e-22,
        "stdev": 0.0024704830721
    },
    "spectral_energyband_middle_high": {
        "max": 0.0344473831356,
        "mean": 0.00606611324474,
        "min": 1.43650939752e-21,
        "stdev": 0.00711509771645
    },
    "spectral_energyband_middle_low": {
        "max": 0.0531059131026,
        "mean": 0.0076906811446,
        "min": 5.37803107479e-22,
        "stdev": 0.00897511374205
    },
    "spectral_entropy": {
        "max": 9.80127334595,
        "mean": 7.68144464493,
        "min": 6.31322669983,
        "stdev": 0.418242752552
    },
    "spectral_flux": {
        "max": 0.216145932674,
        "mean": 0.0624903105199,
        "min": 1.0488757779e-10,
        "stdev": 0.043915450573
    },
    "spectral_kurtosis": {
        "max": 27.4499015808,
        "mean": 3.6991481781,
        "min": -1.17704594135,
        "stdev": 4.04465532303
    },
    "spectral_rms": {
        "max": 0.00772425020114,
        "mean": 0.00319335283712,
        "min": 3.27613760773e-12,
        "stdev": 0.0022099299822
    },
    "spectral_rolloff": {
        "max": 18733.8867188,
        "mean": 1919.7434082,
        "min": 86.1328125,
        "stdev": 1639.8626709
    },
    "spectral_skewness": {
        "max": 3.65529870987,
        "mean": 1.17132890224,
        "min": -0.280213147402,
        "stdev": 0.521575987339
    },
    "spectral_spread": {
        "max": 39756520,
        "mean": 3914354,
        "min": 1633873.125,
        "stdev": 2107650.5
    },
    "spectral_strongpeak": {
        "max": 6.95288133621,
        "mean": 0.867612242699,
        "min": 0,
        "stdev": 1.17170631886
    },
    "zerocrossingrate": {
        "max": 0.49951171875,
        "mean": 0.0705770626664,
        "min": 0.01611328125,
        "stdev": 0.0386382192373
    },
    "barkbands": {
        "max": [0.000843404908665, 0.00374106946401, 0.0109978746623, 0.0228287167847, 0.0276936236769, 0.0183465313166, 0.01398431696, 0.0309211164713, 0.020994618535, 0.0124192992225, 0.0102995224297, 0.00668132351711, 0.00677069090307, 0.00935896858573, 0.00580764468759, 0.00758826266974, 0.00775087624788, 0.00662784930319, 0.00566047336906, 0.00358614092693, 0.00278614857234, 0.00377993448637, 0.000675131333992, 0.000349144102074, 0.00011780384375, 1.43048509926e-06, 1.61029856827e-06],
        "mean": [2.91703199764e-05, 0.000223845010623, 0.000807614298537, 0.000784718838986, 0.00222961092368, 0.00129454047419, 0.00107415858656, 0.00105075829197, 0.00106950919144, 0.000870922522154, 0.000692121160682, 0.000508170749526, 0.00051254365826, 0.000815857900307, 0.00040241680108, 0.000515728432219, 0.000550380384084, 0.000544255657587, 0.000484232354211, 0.000416498456616, 0.000271994736977, 0.000175711131305, 7.89550686022e-05, 4.14062415075e-05, 1.31896395033e-05, 3.12089465382e-09, 3.45558248682e-09],
        "min": [4.65482089382e-24, 8.74903668093e-23, 9.55649056437e-24, 4.40645632085e-24, 4.41764915269e-23, 4.96898435489e-23, 1.03163890725e-22, 1.18164939119e-22, 1.98213848481e-22, 4.90873431439e-23, 9.40969759163e-23, 5.59912960142e-23, 7.85089392788e-23, 3.56651083444e-23, 1.67500590432e-22, 1.22477547024e-22, 2.7984109812e-22, 2.30714223578e-22, 1.75568756848e-22, 3.20787699644e-22, 5.79833263099e-22, 4.53562708759e-22, 7.4136950973e-22, 7.68036088039e-22, 1.33611681302e-21, 1.55853277523e-21, 2.5230565705e-21],
        "stdev": [5.61077722523e-05, 0.000477518595289, 0.00154914380983, 0.00192930724006, 0.00372001691721, 0.00214101746678, 0.00182684697211, 0.00233538704924, 0.00228955852799, 0.00177551154047, 0.00139066029806, 0.000888220441993, 0.000916369841434, 0.00134257413447, 0.000681766192429, 0.000847878749482, 0.000877676298842, 0.000860324886162, 0.000788125733379, 0.000618647609372, 0.00043883069884, 0.000312461983413, 0.000123934602016, 6.56382908346e-05, 2.14002211578e-05, 6.09268511198e-08, 6.85861181182e-08]
    },
    "erbbands": {
        "max": [0.0726655125618, 1.21728050709, 10.0148849487, 48.4202346802, 89.537979126, 127.551399231, 180.181549072, 153.664077759, 127.839385986, 486.223114014, 822.330810547, 330.086486816, 314.638824463, 251.647415161, 398.507385254, 259.617370605, 315.431488037, 358.918487549, 495.463745117, 519.363464355, 501.885742188, 327.999298096, 350.174743652, 351.853179932, 156.846405029, 96.7388534546, 106.576576233, 171.956542969, 165.465332031, 30.7611312866, 15.2509222031, 10.6153278351, 5.08952474594, 1.85001027584, 0.431501120329, 0.0116947395727, 0.00269029010087, 0.000982670695521, 0.000235455285292, 7.16907743481e-05],
        "mean": [0.00294557074085, 0.072287350893, 0.711588919163, 2.00878858566, 5.33479690552, 6.94097614288, 9.99757003784, 10.5177688599, 11.5956687927, 24.0336532593, 25.1674022675, 21.2641391754, 24.7318439484, 23.9894924164, 28.5173091888, 23.9431533813, 24.1630573273, 31.6789493561, 30.623664856, 24.7432365417, 31.0055465698, 33.5139389038, 27.5140457153, 31.5737037659, 22.7732124329, 16.3953208923, 11.3726530075, 10.7512722015, 6.51735067368, 3.69607853889, 1.95539975166, 1.12638413906, 0.620402336121, 0.257075697184, 0.0421526171267, 0.00113315926865, 7.69070611568e-05, 1.47062373799e-05, 1.2051669728e-05, 2.01286620722e-05],
        "min": [3.1129304552e-21, 1.67576856242e-20, 1.69517677222e-20, 1.28383180894e-20, 7.94237110682e-20, 1.66576714102e-19, 1.86803076612e-19, 5.42428908259e-19, 1.53642863761e-18, 1.27664884392e-18, 3.76257287767e-18, 3.70302000947e-18, 2.21190598018e-18, 2.82921887721e-18, 2.56303670558e-18, 2.60336114006e-18, 3.44915372999e-18, 2.61241028917e-18, 5.3130377363e-18, 9.266513146e-18, 8.58056038815e-18, 1.44964494228e-17, 1.02126067619e-17, 1.22827891994e-17, 1.04011361127e-17, 1.48307180714e-17, 1.75605001197e-17, 2.57083565391e-17, 1.80512994643e-17, 1.9243326284e-17, 2.16201718715e-17, 1.42144139212e-17, 1.43076851527e-17, 1.44381580051e-17, 9.98120712141e-18, 6.26045360038e-18, 3.00171602022e-18, 1.11400135405e-18, 3.73653431766e-19, 3.80056501179e-20],
        "stdev": [0.00458323722705, 0.155848130584, 1.38132441044, 4.30655002594, 10.4251203537, 13.6115045547, 20.0813274384, 15.3424224854, 17.3326053619, 46.274559021, 65.191986084, 42.3084602356, 39.6313705444, 40.1792907715, 57.496547699, 39.2406845093, 42.3646278381, 53.0242118835, 56.9101028442, 44.7025108337, 52.8675270081, 50.2710571289, 41.6051063538, 46.4371414185, 32.0283088684, 22.2274417877, 16.9384708405, 20.3847961426, 12.5090179443, 5.71032238007, 3.00512742996, 1.82203686237, 0.977072000504, 0.40624782443, 0.0744325518608, 0.00194900366478, 0.000155469533638, 4.49396356998e-05, 1.50617343024e-05, 1.90391419892e-05]
    },
    "gfcc": {
        "mean": [-110.200973511, 112.63293457, -159.40675354, 56.6492729187, -75.0226211548, 9.92062091827, -41.19165802, 0.893495380878, -13.1454648972, -15.2962694168, 0.692123830318, -19.2224998474, 3.95670628548],
        "cov": [[28279.828125, 1287.33728027, -5083.28955078, -1793.67407227, -1469.07385254, -2013.34521484, -197.998504639, -1481.52880859, -594.753234863, -975.1015625, -504.085723877, -634.856567383, -326.451873779], [1287.33728027, 1330.80322266, 36.7892379761, -339.0184021, 185.565338135, -498.482696533, -78.178817749, -253.951934814, 31.8281612396, -236.081008911, 5.95866060257, -141.23223877, -21.3968925476], [-5083.28955078, 36.7892379761, 1315.26660156, 339.240783691, 249.968948364, 368.621826172, -34.9617424011, 267.696472168, 89.7035522461, 122.710968018, 84.9744567871, 99.1101379395, 50.0871772766], [-1793.67407227, -339.0184021, 339.240783691, 472.254547119, 129.1300354, 190.314285278, 2.91537833214, 167.758712769, 41.4518318176, 101.763565063, 39.5387077332, 78.534614563, 37.0820579529], [-1469.07385254, 185.565338135, 249.968948364, 129.1300354, 310.192169189, -79.6617507935, -36.4441261292, 66.9399108887, 64.3438644409, 6.55252695084, 40.7043266296, 21.695646286, 27.5234546661], [-2013.34521484, -498.482696533, 368.621826172, 190.314285278, -79.6617507935, 572.036254883, 102.188713074, 180.909164429, 6.76262331009, 163.162338257, 9.94947433472, 61.666973114, -5.44955635071], [-197.998504639, -78.178817749, -34.9617424011, 2.91537833214, -36.4441261292, 102.188713074, 154.389648438, 7.23427248001, -2.82916736603, 18.7694816589, -3.96822667122, -7.5522236824, -20.9603214264], [-1481.52880859, -253.951934814, 267.696472168, 167.758712769, 66.9399108887, 180.909164429, 7.23427248001, 218.710205078, 37.9534492493, 89.4595031738, 47.6646194458, 53.599609375, 21.9992141724], [-594.753234863, 31.8281612396, 89.7035522461, 41.4518318176, 64.3438644409, 6.76262331009, -2.82916736603, 37.9534492493, 74.6595687866, 38.2245025635, 10.6529884338, 10.4016342163, 10.3440999985], [-975.1015625, -236.081008911, 122.710968018, 101.763565063, 6.55252695084, 163.162338257, 18.7694816589, 89.4595031738, 38.2245025635, 120.608451843, 33.7604179382, 42.8082084656, 12.8797864914], [-504.085723877, 5.95866060257, 84.9744567871, 39.5387077332, 40.7043266296, 9.94947433472, -3.96822667122, 47.6646194458, 10.6529884338, 33.7604179382, 85.1123123169, 36.9219970703, 5.18064212799], [-634.856567383, -141.23223877, 99.1101379395, 78.534614563, 21.695646286, 61.666973114, -7.5522236824, 53.599609375, 10.4016342163, 42.8082084656, 36.9219970703, 69.3380737305, 27.8128166199], [-326.451873779, -21.3968925476, 50.0871772766, 37.0820579529, 27.5234546661, -5.44955635071, -20.9603214264, 21.9992141724, 10.3440999985, 12.8797864914, 5.18064212799, 27.8128166199, 49.7391242981]],
        "icov": [[0.0003033366811, -0.000503963325173, 0.000998298521154, -0.000322789273923, 0.000978723517619, 0.00020164930902, 0.000578196253628, -0.000317978323437, 0.000679037417285, 0.000194036547327, 0.000656249874737, -0.000393036636524, 0.000834218342789], [-0.000503963325173, 0.004740384873, -0.00294722174294, 0.00201037432998, -0.00296529685147, -0.000104624974483, -0.000864811358042, 0.00392486480996, -0.00535358162597, 0.00533942505717, -0.0065705543384, 0.00749892694876, -0.00404844153672], [0.000998298521154, -0.00294722174294, 0.00524478312582, -0.00176294066478, 0.00267809303477, -0.000907355279196, 0.0026918577496, -0.00253751431592, 0.00255513726734, 0.0002709889377, 0.00297574046999, -0.00349065870978, 0.00303283450194], [-0.000322789273923, 0.00201037432998, -0.00176294066478, 0.00455701444298, -0.00285542360507, -0.000396550167352, -0.000674171897117, 0.000370100839064, -0.00150031899102, 0.000615402241237, -0.00153056101408, 0.000820241926704, -0.00193360028788], [0.000978723517619, -0.00296529685147, 0.00267809303477, -0.00285542360507, 0.00973187759519, 0.00243237288669, 0.00155691453256, -0.00310716684908, 0.000110155480797, -2.3200740543e-05, 0.00256784330122, -0.00278882612474, 0.00276674283668], [0.00020164930902, -0.000104624974483, -0.000907355279196, -0.000396550167352, 0.00243237288669, 0.00637245411053, -0.00226867641322, -0.00218594330363, 0.00364627502859, -0.0060697211884, 0.00407733675092, -0.0019024022622, 0.00330334971659], [0.000578196253628, -0.000864811358042, 0.0026918577496, -0.000674171897117, 0.00155691453256, -0.00226867641322, 0.00953206419945, 5.54901780561e-05, -0.000123974576127, 0.00176438223571, -0.000116141760373, 0.000631738395896, 0.00332473381422], [-0.000317978323437, 0.00392486480996, -0.00253751431592, 0.000370100839064, -0.00310716684908, -0.00218594330363, 5.54901780561e-05, 0.0129364933819, -0.00580981513485, 0.00332789146341, -0.00836421828717, 0.00635964702815, -0.00467613432556], [0.000679037417285, -0.00535358162597, 0.00255513726734, -0.00150031899102, 0.000110155480797, 0.00364627502859, -0.000123974576127, -0.00580981513485, 0.0289218276739, -0.0172718260437, 0.0113126151264, -0.00705670937896, 0.00478048995137], [0.000194036547327, 0.00533942505717, 0.0002709889377, 0.000615402241237, -2.3200740543e-05, -0.0060697211884, 0.00176438223571, 0.00332789146341, -0.0172718260437, 0.0325962938368, -0.0142943039536, 0.00700526172295, -0.00581885362044], [0.000656249874737, -0.0065705543384, 0.00297574046999, -0.00153056101408, 0.00256784330122, 0.00407733675092, -0.000116141760373, -0.00836421828717, 0.0113126151264, -0.0142943039536, 0.0296712554991, -0.0216158423573, 0.0126467877999], [-0.000393036636524, 0.00749892694876, -0.00349065870978, 0.000820241926704, -0.00278882612474, -0.0019024022622, 0.000631738395896, 0.00635964702815, -0.00705670937896, 0.00700526172295, -0.0216158423573, 0.044369187206, -0.0205670446157], [0.000834218342789, -0.00404844153672, 0.00303283450194, -0.00193360028788, 0.00276674283668, 0.00330334971659, 0.00332473381422, -0.00467613432556, 0.00478048995137, -0.00581885362044, 0.0126467877999, -0.0205670446157, 0.0352221466601]]
    },
    "melbands": {
        "max": [0.000571288401261, 0.00369416503236, 0.00863331742585, 0.00584655441344, 0.00586340110749, 0.00310091418214, 0.00170995062217, 0.00482184812427, 0.00705145439133, 0.00179674569517, 0.00170818879269, 0.00132653350011, 0.00129469577223, 0.00080137263285, 0.00135515874717, 0.000422651442932, 0.000700669712387, 0.00105924764648, 0.000464437936898, 0.000522018352058, 0.000630459806416, 0.00038107598084, 0.000418787822127, 0.000260469620116, 0.000298806931823, 0.000241082860157, 0.000230343895964, 8.34546226542e-05, 8.19851993583e-05, 8.02867143648e-05, 0.000102718790004, 0.000132616463816, 4.37242051703e-05, 1.5668449123e-05, 1.23101444842e-05, 1.08827898657e-05, 5.96958352617e-06, 5.39100255992e-06, 2.79233040601e-06, 1.83737881798e-06],
        "mean": [4.28256353189e-05, 0.000288837123662, 0.000446087331511, 0.000446839665528, 0.000349834474036, 0.000240578927333, 0.000185594850336, 0.000255704595475, 0.000216600034037, 0.000126085651573, 0.000129357300466, 0.000102774210973, 9.28385343286e-05, 6.26082255621e-05, 8.00927737146e-05, 3.64461702702e-05, 6.16372417426e-05, 5.52918754693e-05, 3.11302574119e-05, 2.9865439501e-05, 3.77693177143e-05, 3.39148718922e-05, 2.60084998445e-05, 2.72578890872e-05, 2.58647123701e-05, 1.77862730197e-05, 1.83963984455e-05, 8.8206897999e-06, 7.27813949197e-06, 6.19714137429e-06, 6.02467480348e-06, 3.55864108315e-06, 3.30336683874e-06, 1.66648987943e-06, 1.16616092782e-06, 9.80922891358e-07, 5.88520208566e-07, 4.47540287496e-07, 3.26467642253e-07, 1.8548286107e-07],
        "min": [2.5801778498e-23, 1.30510473446e-23, 3.75083402252e-24, 9.75534425478e-24, 7.20591068103e-24, 1.10184722805e-23, 2.34480447488e-23, 1.45023857494e-23, 3.71980386327e-23, 2.23282914037e-23, 1.05787367573e-23, 1.08571660026e-23, 1.18227846043e-23, 6.20245278832e-24, 6.06616681175e-24, 7.85207769255e-24, 4.2493045789e-24, 6.02712332454e-24, 1.51637304448e-23, 1.06120511422e-23, 1.02268274852e-23, 1.67955917791e-23, 8.0782780351e-24, 1.19932085365e-23, 9.88376844356e-24, 6.02259447408e-24, 1.01863218443e-23, 9.53330830895e-24, 1.00442629836e-23, 1.37096688921e-23, 1.49865065315e-23, 1.03113555089e-23, 8.01798618497e-24, 1.17359807169e-23, 1.25664130141e-23, 1.01394043419e-23, 8.21960877715e-24, 1.03945211698e-23, 1.00136701688e-23, 1.28066992569e-23],
        "stdev": [7.76648230385e-05, 0.000533335434739, 0.000844236055855, 0.000793196086306, 0.000657924450934, 0.000348440546077, 0.0002696911979, 0.000478611211292, 0.000605139415711, 0.000236450941884, 0.000219369801925, 0.000191313301912, 0.000181241251994, 0.000110637643957, 0.000160220180987, 5.66800154047e-05, 0.000107923959149, 0.000117096504255, 5.5782362324e-05, 5.14373641636e-05, 6.98583535268e-05, 5.33195925527e-05, 4.42885466327e-05, 4.07300758525e-05, 3.95735296479e-05, 3.29273098032e-05, 3.31910996465e-05, 1.34183883347e-05, 1.11989002107e-05, 1.12632014861e-05, 1.1809274838e-05, 7.88877696323e-06, 5.83061546422e-06, 2.64249638349e-06, 1.83940710485e-06, 1.6759402115e-06, 9.97091774479e-07, 7.3272536838e-07, 5.14369787652e-07, 3.12450083584e-07]
    },
    "melbands128": {
        "max": [0.000337819365086, 0.000675413117278, 0.000623678322881, 0.00251892814413, 0.00568445352837, 0.00621790997684, 0.0115775205195, 0.0139223691076, 0.00986877921969, 0.00781635381281, 0.00892378482968, 0.0107180252671, 0.0090746069327, 0.00771106733009, 0.00593109382316, 0.00274296058342, 0.00347995245829, 0.00163573434111, 0.00576713588089, 0.00940824765712, 0.00491852592677, 0.00776600651443, 0.0130113512278, 0.00870656874031, 0.00255241151899, 0.00140214571729, 0.00200326391496, 0.00152081274427, 0.00375314755365, 0.00244862935506, 0.00152764469385, 0.00269837421365, 0.00177009403706, 0.0024533031974, 0.00208732788451, 0.000995052745566, 0.000541325076483, 0.00269480259158, 0.00156006077304, 0.000634381140117, 0.000240452107391, 0.00101480132435, 0.00141470704693, 0.000608213944361, 0.00149680126924, 0.00157496496104, 0.000255861785263, 0.000800420471933, 0.000476192624774, 0.0017395602772, 0.000399088079575, 0.00082424125867, 0.00130570912734, 0.000862354238052, 0.000730925821699, 0.000667724641971, 0.000491753104143, 0.000626593711786, 0.000684892002027, 0.000520371249877, 0.000314608681947, 0.000736662361305, 0.00066093087662, 0.000411794113461, 0.000607521855272, 0.000351332128048, 0.000112622568849, 0.000207954450161, 0.000400052231271, 0.000146097401739, 0.000132771907374, 0.000195700689801, 0.000250357756158, 9.88696629065e-05, 0.000125231774291, 0.000180563278263, 6.98899821145e-05, 0.000267077150056, 8.12162470538e-05, 9.27535147639e-05, 0.000261200097157, 7.18813171261e-05, 0.00014609140635, 5.77735263505e-05, 3.02124408336e-05, 1.53985838551e-05, 2.68242511083e-05, 3.09030692733e-05, 2.85949445242e-05, 7.99084409664e-06, 1.53858218255e-05, 2.19396242755e-05, 6.43360772301e-06, 7.6221153904e-06, 1.14972208394e-05, 1.19461656141e-05, 5.12034694111e-06, 5.34444552613e-06, 4.57966461909e-06, 3.01091245092e-06, 2.62081653091e-06, 3.24777352034e-06, 3.04660602524e-06, 1.3235046481e-06, 5.29714327513e-07, 1.01233323946e-08, 9.99214133657e-09, 9.78262715279e-09, 9.54029655276e-09, 9.28859034133e-09, 9.03169361521e-09, 8.76593020394e-09, 8.52655990258e-09, 8.2815150293e-09, 8.06576938572e-09, 7.83101850033e-09, 7.62807328414e-09, 7.45386952161e-09, 7.27249815924e-09, 7.10492153999e-09, 6.95979585075e-09, 6.82321621426e-09, 6.71669120322e-09, 6.60965104871e-09, 6.52809983848e-09, 6.455308732e-09, 6.40015374032e-09, 6.37754471455e-09],
        "mean": [1.75391687662e-05, 1.86303786904e-05, 2.77439103229e-05, 0.000134404399432, 0.000289841118501, 0.000430356041761, 0.000382948899642, 0.000415436312323, 0.000606391287874, 0.000439667957835, 0.000355505442712, 0.000397613097448, 0.000359629921149, 0.000284073350485, 0.000222728354856, 0.000235567058553, 0.000204368931009, 0.00012987361697, 0.00020316390146, 0.000346858898411, 0.000223376700887, 0.00017373393348, 0.000226052521612, 0.000264723028522, 0.000125387683511, 6.34576354059e-05, 0.000127314051497, 9.57167212619e-05, 0.000194496213226, 0.000129780761199, 5.60112821404e-05, 8.02054346423e-05, 9.81861085165e-05, 0.000113493108074, 5.56435334147e-05, 6.14321470493e-05, 3.76212010451e-05, 0.000106254810817, 9.22643230297e-05, 3.1103285437e-05, 1.74605575012e-05, 4.61898416688e-05, 8.25615861686e-05, 4.26324331784e-05, 7.87650205893e-05, 6.62797683617e-05, 1.57314279932e-05, 3.07383888867e-05, 3.49044312316e-05, 3.80436213163e-05, 2.50268331001e-05, 2.65524340648e-05, 4.44343277195e-05, 4.32569177065e-05, 2.14695119212e-05, 3.44591753674e-05, 4.46263547929e-05, 2.75904403679e-05, 1.82901858352e-05, 2.32526981563e-05, 2.42595742748e-05, 3.63494036719e-05, 2.65825055976e-05, 1.73094813363e-05, 3.43604879163e-05, 1.83106021723e-05, 7.08774132363e-06, 1.6529671484e-05, 2.82861201413e-05, 9.08701167646e-06, 6.97078303347e-06, 1.02169469756e-05, 7.16510567145e-06, 6.58417229715e-06, 7.44333920011e-06, 5.76703905608e-06, 4.45910382041e-06, 9.72753150563e-06, 5.06695687363e-06, 4.72557076137e-06, 3.28973783326e-06, 2.8466238291e-06, 4.35389074482e-06, 3.83345332011e-06, 2.14424881051e-06, 1.24734890505e-06, 1.76020444087e-06, 1.96337668967e-06, 9.48159538439e-07, 6.98656208442e-07, 1.19245237329e-06, 1.1145185681e-06, 5.28457860582e-07, 5.43292003385e-07, 7.26157679765e-07, 3.73232040829e-07, 4.16666296132e-07, 4.70494853744e-07, 3.5071423099e-07, 2.3240826863e-07, 2.34550995515e-07, 1.72090068418e-07, 1.41657224617e-07, 1.0189909716e-07, 1.6637299538e-08, 2.76893664247e-11, 2.29995553852e-11, 2.17161705285e-11, 2.0985645513e-11, 2.03467954291e-11, 1.97194743173e-11, 1.90846262405e-11, 1.84955731286e-11, 1.7937540342e-11, 1.74323958047e-11, 1.68917033139e-11, 1.64244833012e-11, 1.6025627006e-11, 1.56232787124e-11, 1.52555607036e-11, 1.49336029653e-11, 1.46362800352e-11, 1.43955004167e-11, 1.41614185656e-11, 1.39822745396e-11, 1.38276525646e-11, 1.37093184027e-11, 1.36545982854e-11],
        "min": [4.58679268479e-24, 2.58776416736e-23, 3.48599180185e-23, 2.5895107054e-23, 1.18308128417e-23, 3.63568833492e-24, 2.05447265953e-24, 2.27858449282e-24, 7.94155424072e-24, 1.28508936114e-23, 9.19933300067e-24, 6.0749555111e-24, 3.27905181384e-24, 1.14461129884e-23, 1.79671085991e-23, 4.8485891924e-24, 1.17707844711e-23, 4.20263785545e-23, 1.69974644402e-23, 7.00826552553e-24, 2.14322590114e-23, 1.2994705321e-23, 4.74354684084e-23, 5.21289856906e-23, 1.85420493595e-23, 1.33005782484e-23, 2.13152598951e-23, 8.69717885829e-24, 2.56554526887e-24, 8.41911879983e-24, 8.08185473044e-24, 2.70176655885e-23, 1.30612149728e-23, 1.18272663203e-24, 4.54618843628e-24, 9.07151860136e-24, 7.52212084172e-24, 3.5477370493e-24, 6.18052679389e-24, 1.05261773217e-23, 6.76899060234e-24, 7.64147470782e-24, 3.77617302365e-24, 2.78793955477e-24, 2.93666113465e-24, 5.34596599314e-24, 1.17060852551e-23, 1.76611978064e-23, 1.72669125042e-23, 7.07047509652e-24, 1.4408776359e-23, 7.22290668923e-24, 5.88678970266e-24, 1.22163086557e-23, 1.93611551918e-23, 1.63262195405e-23, 1.87225991103e-23, 5.78550232902e-24, 6.5193401861e-24, 6.6924576839e-24, 9.48619990227e-24, 2.20160145035e-23, 9.27459111989e-24, 6.31013151302e-24, 9.39466206055e-24, 3.4973461924e-24, 7.22257378993e-24, 6.9787274178e-24, 1.36661853013e-23, 9.66482798793e-24, 9.3952079523e-24, 9.28018256599e-24, 9.7916381673e-24, 9.43356789154e-24, 9.348777966e-24, 1.36051905761e-23, 1.58246523107e-23, 1.87506478486e-23, 1.46218745107e-23, 1.12164534908e-23, 1.0006466291e-23, 1.09642720143e-23, 9.4070242998e-24, 5.32147186203e-24, 7.43005209661e-24, 1.58215962635e-23, 9.53956555365e-24, 1.23956317278e-23, 1.00366078774e-23, 1.93955085065e-23, 6.87228247155e-24, 1.12543622016e-23, 6.90997582332e-24, 7.01777839919e-24, 9.61845322189e-24, 1.10410636791e-23, 1.06060834094e-23, 8.74030903942e-24, 9.88589521256e-24, 8.66592892239e-24, 1.55218732957e-23, 1.27250576753e-23, 1.29937886647e-23, 7.84427664706e-24, 1.21403516057e-23, 1.22818385423e-23, 1.03216335776e-23, 1.30320941725e-23, 9.67487413156e-24, 1.11425916553e-23, 1.04209850866e-23, 6.69216896081e-24, 1.13702285136e-23, 1.07311257515e-23, 7.6363699889e-24, 6.66670216421e-24, 8.40104678535e-24, 1.0079865854e-23, 1.09995364634e-23, 1.12232369057e-23, 1.34021062246e-23, 1.04725758009e-23, 1.53626559215e-23, 1.128704392e-23, 9.20670253925e-24, 6.75087046735e-24, 1.43236929772e-23, 1.03712418845e-23],
        "stdev": [2.61504737864e-05, 3.45092121279e-05, 5.16669097124e-05, 0.000317987200106, 0.000680496683344, 0.000844010384753, 0.000942189595662, 0.00104048033245, 0.00127316312864, 0.000950673071202, 0.000878502381966, 0.000947489403188, 0.000852893223055, 0.000762765586842, 0.000425370963058, 0.000399376469431, 0.000396920833737, 0.00023511541076, 0.000448251725174, 0.000811332487501, 0.000504692841787, 0.000423491641413, 0.000985375838354, 0.000851513934322, 0.000282041408354, 0.000131343229441, 0.000243118687649, 0.000191472368897, 0.000497374043334, 0.000329392089043, 0.000119924377941, 0.000229440498515, 0.000199833652005, 0.000345231004758, 0.000151396801812, 0.000124269005028, 7.36849106033e-05, 0.000268230884103, 0.000199213871383, 7.328207721e-05, 3.15217221214e-05, 8.90739174793e-05, 0.000186260338523, 9.59127792157e-05, 0.00018102946342, 0.000169526712853, 3.14658427669e-05, 7.06920400262e-05, 6.95423950674e-05, 0.000123578880448, 4.5617842261e-05, 7.20394236851e-05, 0.000106659477751, 9.74087088252e-05, 6.1016267864e-05, 6.94811387802e-05, 7.65565418988e-05, 6.14648888586e-05, 5.01600734424e-05, 5.21219262737e-05, 4.10841748817e-05, 7.23071352695e-05, 5.7759367337e-05, 3.57639983122e-05, 7.88158140494e-05, 4.16908915213e-05, 1.23070221889e-05, 3.01030650007e-05, 6.15517055849e-05, 1.68446313182e-05, 1.52725515363e-05, 2.15929776459e-05, 1.78245645657e-05, 1.26850436573e-05, 1.49491170305e-05, 1.8961578462e-05, 9.16109911486e-06, 2.70757609542e-05, 1.00861288956e-05, 1.01364739749e-05, 1.23678282762e-05, 6.61697504256e-06, 1.14630593089e-05, 7.13666213414e-06, 4.25672169513e-06, 2.22092057811e-06, 3.34096171173e-06, 3.55605902769e-06, 1.97116946765e-06, 1.21679022413e-06, 2.32069942285e-06, 2.27917030315e-06, 9.81952439361e-07, 1.09770633117e-06, 1.46627189679e-06, 8.21657408778e-07, 7.64163928579e-07, 8.51031018101e-07, 6.78203491589e-07, 4.31258030176e-07, 4.29304463978e-07, 3.43073537579e-07, 3.25237920151e-07, 2.01878123107e-07, 4.98766539181e-08, 4.32104796388e-10, 4.25669000048e-10, 4.16658318958e-10, 4.06336658765e-10, 3.95617510973e-10, 3.84676401843e-10, 3.73357178507e-10, 3.63162583339e-10, 3.5272590404e-10, 3.43537420733e-10, 3.33539057484e-10, 3.24895527148e-10, 3.17476184231e-10, 3.09751391203e-10, 3.02613989422e-10, 2.96432906e-10, 2.90615642662e-10, 2.86078716272e-10, 2.81519724199e-10, 2.78046335955e-10, 2.7494584387e-10, 2.72596667461e-10, 2.71633854299e-10]
    },
    "mfcc": {
        "mean": [-722.459716797, 110.693138123, -14.7045736313, 28.3425369263, -1.19669675827, -1.89984750748, -5.71368598938, 1.38775885105, -5.01141691208, -0.0591031387448, -4.04462432861, -0.054720453918, -3.74905991554],
        "cov": [[27699.0566406, 938.618286133, -3973.8737793, -864.962463379, -2373.94677734, -866.750427246, -955.928039551, -691.198913574, -794.141967773, -821.153381348, -346.104095459, -881.605773926, -489.818206787], [938.618286133, 1589.49755859, -184.576263428, 80.2889709473, 62.2588386536, -228.385787964, -192.481140137, -125.411499023, -131.709823608, -116.568740845, -151.242721558, -30.7958717346, -27.455739975], [-3973.8737793, -184.576263428, 975.001281738, 31.8459835052, 314.200073242, 187.061416626, 165.805297852, 129.324874878, 104.839096069, 124.794883728, 42.6839370728, 120.533622742, 52.3392066956], [-864.962463379, 80.2889709473, 31.8459835052, 404.813751221, 221.892105103, -76.8270111084, -20.3005599976, 12.7766590118, 10.5356025696, -11.4046583176, -31.2918205261, 26.6701622009, 55.149810791], [-2373.94677734, 62.2588386536, 314.200073242, 221.892105103, 417.115570068, -18.4958591461, 34.0831489563, 45.7117919922, 61.1864624023, 35.0099945068, 5.08347463608, 94.3357315063, 79.3988952637], [-866.750427246, -228.385787964, 187.061416626, -76.8270111084, -18.4958591461, 224.687088013, 80.3197250366, 41.9543190002, 57.6933097839, 55.2268028259, 51.8707847595, 21.5017280579, -29.3452110291], [-955.928039551, -192.481140137, 165.805297852, -20.3005599976, 34.0831489563, 80.3197250366, 148.13899231, 74.935585022, 25.7380771637, 60.5741271973, 40.0886688232, 31.9074802399, 10.1048412323], [-691.198913574, -125.411499023, 129.324874878, 12.7766590118, 45.7117919922, 41.9543190002, 74.935585022, 89.5860748291, 32.866569519, 39.1602554321, 26.1773719788, 20.7578086853, 7.17601013184], [-794.141967773, -131.709823608, 104.839096069, 10.5356025696, 61.1864624023, 57.6933097839, 25.7380771637, 32.866569519, 111.969543457, 45.2491073608, 23.7435150146, 17.4461479187, 2.45301055908], [-821.153381348, -116.568740845, 124.794883728, -11.4046583176, 35.0099945068, 55.2268028259, 60.5741271973, 39.1602554321, 45.2491073608, 95.1495513916, 45.0959358215, 25.0100326538, 1.07868683338], [-346.104095459, -151.242721558, 42.6839370728, -31.2918205261, 5.08347463608, 51.8707847595, 40.0886688232, 26.1773719788, 23.7435150146, 45.0959358215, 76.2652282715, 33.098274231, -2.31276726723], [-881.605773926, -30.7958717346, 120.533622742, 26.6701622009, 94.3357315063, 21.5017280579, 31.9074802399, 20.7578086853, 17.4461479187, 25.0100326538, 33.098274231, 86.1097412109, 42.1883468628], [-489.818206787, -27.455739975, 52.3392066956, 55.149810791, 79.3988952637, -29.3452110291, 10.1048412323, 7.17601013184, 2.45301055908, 1.07868683338, -2.31276726723, 42.1883468628, 80.4198150635]],
        "icov": [[0.000197313958779, 3.182099681e-05, 0.00036653058487, 9.03544278117e-05, 0.000555875070859, 0.000250778364716, 0.000371908157831, -0.000112801419164, 0.000348467641743, 0.000532615347765, -0.000209612058825, 0.000498418346979, 0.000132900153403], [3.182099681e-05, 0.00103949138429, 9.17893121368e-05, 0.000165657358593, -0.000354447955033, 0.000516684842296, 0.000770928803831, 0.000258643965935, 0.000910564616788, -0.000359484489309, 0.00180842063855, -0.00100856716745, 0.001352049876], [0.00036653058487, 9.17893121368e-05, 0.00293953809887, 0.000803260656539, -0.000581745698582, -0.00102206936572, 0.000384774670238, -0.00154376460705, 0.000959941884503, -0.000478492031107, 0.0017176856054, -0.000308322312776, 0.000278904481092], [9.03544278117e-05, 0.000165657358593, 0.000803260656539, 0.00416138581932, -0.00239851837978, 0.000384514598409, 0.00086919561727, -0.00121301459149, 0.000604434637353, -9.88581596175e-05, 0.00137254537549, 0.00076616340084, -0.000641833234113], [0.000555875070859, -0.000354447955033, -0.000581745698582, -0.00239851837978, 0.00806784350425, 0.00205750996247, 0.000820860266685, -0.000281736400211, -0.00155743630603, 0.0019963493105, -0.00105706800241, -0.00180109078065, -0.00106930627953], [0.000250778364716, 0.000516684842296, -0.00102206936572, 0.000384514598409, 0.00205750996247, 0.00903966277838, -0.00228081434034, 0.0015344688436, -0.0024394178763, 0.00145046587568, -0.00225658039562, -0.00101298419759, 0.00404364708811], [0.000371908157831, 0.000770928803831, 0.000384774670238, 0.00086919561727, 0.000820860266685, -0.00228081434034, 0.0168655067682, -0.0100448690355, 0.00453063938767, -0.00417210813612, 0.000574959034566, -0.000265458133072, -0.00111008505337], [-0.000112801419164, 0.000258643965935, -0.00154376460705, -0.00121301459149, -0.000281736400211, 0.0015344688436, -0.0100448690355, 0.0225694123656, -0.00359373027459, 0.000179212671355, -0.00245383358561, 0.000852906377986, 0.000913364987355], [0.000348467641743, 0.000910564616788, 0.000959941884503, 0.000604434637353, -0.00155743630603, -0.0024394178763, 0.00453063938767, -0.00359373027459, 0.0149960899726, -0.00452057132497, 0.00115840497892, 0.00133833929431, 0.00072739814641], [0.000532615347765, -0.000359484489309, -0.000478492031107, -9.88581596175e-05, 0.0019963493105, 0.00145046587568, -0.00417210813612, 0.000179212671355, -0.00452057132497, 0.0224902629852, -0.0102602150291, 0.00305924308486, 0.00050329149235], [-0.000209612058825, 0.00180842063855, 0.0017176856054, 0.00137254537549, -0.00105706800241, -0.00225658039562, 0.000574959034566, -0.00245383358561, 0.00115840497892, -0.0102602150291, 0.0292305555195, -0.0134980436414, 0.0056724883616], [0.000498418346979, -0.00100856716745, -0.000308322312776, 0.00076616340084, -0.00180109078065, -0.00101298419759, -0.000265458133072, 0.000852906377986, 0.00133833929431, 0.00305924308486, -0.0134980436414, 0.0283973347396, -0.0116348192096], [0.000132900153403, 0.001352049876, 0.000278904481092, -0.000641833234113, -0.00106930627953, 0.00404364708811, -0.00111008505337, 0.000913364987355, 0.00072739814641, 0.00050329149235, 0.0056724883616, -0.0116348192096, 0.0227915197611]]
    },
    "spectral_contrast_coeffs": {
        "max": [-0.476871818304, -0.462119698524, -0.564041674137, -0.584279477596, -0.605252563953, -0.517214179039],
        "mean": [-0.722022771835, -0.793618440628, -0.800022542477, -0.80035752058, -0.791433930397, -0.758734166622],
        "min": [-0.976517438889, -0.966902971268, -0.955688118935, -0.95672506094, -0.962236106396, -0.959519028664],
        "stdev": [0.109052486718, 0.0838327854872, 0.0762298256159, 0.0738373547792, 0.0666031166911, 0.0692989379168]
    },
    "spectral_contrast_valleys": {
        "max": [-5.59358358383, -4.84496164322, -5.84818029404, -6.00214338303, -6.00431919098, -8.94610309601],
        "mean": [-7.72328138351, -7.3504486084, -8.06844425201, -8.21735858917, -8.07872009277, -11.1107807159],
        "min": [-26.9892139435, -27.1391887665, -27.6864185333, -27.2383422852, -27.2310962677, -27.2485656738],
        "stdev": [1.47044050694, 1.88458240032, 1.88295686245, 1.8002525568, 1.74640250206, 1.39106988907]
    }
},
"rhythm": {
    "beats_count": 22,
    "beats_loudness": {
        "max": 0.055565148592,
        "mean": 0.0250360257924,
        "min": 1.68689402926e-05,
        "stdev": 0.0171403214335
    },
    "bpm": 107.753379822,
    "bpm_histogram_first_peak_bpm": 108,
    "bpm_histogram_first_peak_weight": 0.58333337307,
    "bpm_histogram_second_peak_bpm": 101,
    "bpm_histogram_second_peak_spread": 0.555555582047,
    "bpm_histogram_second_peak_weight": 0.190476194024,
    "danceability": 0.83923637867,
    "onset_rate": 3.52682137489,
    "beats_loudness_band_ratio": {
        "max": [0.874798178673, 0.567161679268, 0.441755741835, 0.273243039846, 0.361380070448, 0.227266311646],
        "mean": [0.346198678017, 0.184606611729, 0.141078099608, 0.123545072973, 0.146948009729, 0.089567065239],
        "min": [0.00925840251148, 0.0151983285323, 0.0215203929693, 0.00159042479936, 0.0138705568388, 0.00231167208403],
        "stdev": [0.271371513605, 0.148085817695, 0.105516411364, 0.0923235192895, 0.104582875967, 0.0648696497083]
    },
    "beats_position": [0.568888902664, 1.16099774837, 1.764716506, 2.36843538284, 2.96054410934, 3.55265307426, 4.13315200806, 4.72526073456, 5.2941493988, 5.85142850876, 6.38548755646, 6.91954612732, 7.47682523727, 8.03410434723, 8.59138298035, 9.13705158234, 9.682721138, 10.2399997711, 10.774058342, 11.354557991, 11.9350566864, 12.5039453506],
