{
"metadata": {
    "version": {
        "essentia": "2.1-beta5",
        "essentia_git_sha": "Undefined",
        "extractor": "music 2.0"
    },
    "audio_properties": {
        "analysis": {
            "equal_loudness": 0,
            "length": 12.7477550507,
            "sample_rate": 44100,
            "start_time": 0,
            "downmix": "mix"
        },
        "bit_rate": 192000,
        "length": 175.171340942,
        "lossless": 0,
        "number_channels": 2,
        "replay_gain": -18.8252830505,
        "sample_rate": 44100,
        "codec": "mp3",
        "md5_encoded": "57a9ca19c2b537c7f618e3515cff924d"
    },
    "tags": {
        "file_name": "Belgium_Laissez Briller Le Soleil_Reynaert.mp3",
        "encoding": ["Lavf58.29.100"]
    }
},
"lowlevel": {
    "average_loudness": 0.815603077412,
    "barkbands_crest": {
        "max": 20.3374729156,
        "mean": 9.55109596252,
        "min": 3.09615778923,
        "stdev": 3.49534344673
    },
    "barkbands_flatness_db": {
        "max": 0.265169262886,
        "mean": 0.16397126019,
        "min": 0.0719405114651,
        "stdev": 0.0311683099717
    },
    "barkbands_kurtosis": {
        "max": 45.5945968628,
        "mean": 2.07416391373,
        "min": -1.79667437077,
        "stdev": 4.26246452332
    },
    "barkbands_skewness": {
        "max": 6.22975540161,
        "mean": 0.92790466547,
        "min": -2.19629836082,
        "stdev": 1.01707947254
    },
    "barkbands_spread": {
        "max": 65.5682983398,
        "mean": 15.0466957092,
        "min": 2.50131630898,
        "stdev": 7.62714576721
    },
    "dissonance": {
        "max": 0.499998956919,
        "mean": 0.471443474293,
        "min": 0.365406662226,
        "stdev": 0.0211239997298
    },
    "dynamic_complexity": 4.4991517067,
    "erbbands_crest": {
        "max": 23.8255615234,
        "mean": 10.4396114349,
        "min": 3.31279778481,
        "stdev": 4.52247858047
    },
    "erbbands_flatness_db": {
        "max": 0.318039357662,
        "mean": 0.223260894418,
        "min": 0.0978369638324,
        "stdev": 0.0398032218218
    },
    "erbbands_kurtosis": {
        "max": 13.8886318207,
        "mean": 0.421594977379,
        "min": -1.69228196144,
        "stdev": 1.47075223923
    },
    "erbbands_skewness": {
        "max": 3.28079819679,
        "mean": 0.366889417171,
        "min": -2.43646216393,
        "stdev": 0.699877619743
    },
    "erbbands_spread": {
        "max": 76.0607757568,
        "mean": 24.8237361908,
        "min": 6.18156671524,
        "stdev": 11.422244072
    },
    "hfc": {
        "max": 81.4283370972,
        "mean": 13.2829523087,
        "min": 1.23043023473e-16,
        "stdev": 15.3356752396
    },
    "loudness_ebu128": {
        "integrated": -7.45254230499,
        "loudness_range": 8.0869512558,
        "momentary": {
            "max": -2.44733548164,
            "mean": -9.49691772461,
            "min": -21.3736095428,
            "stdev": 4.48830699921
        },
        "short_term": {
            "max": -4.48745679855,
            "mean": -8.38220977783,
            "min": -14.365524292,
            "stdev": 2.90208315849
        }
    },
    "melbands_crest": {
        "max": 25.4735145569,
        "mean": 11.7856521606,
        "min": 2.13387846947,
        "stdev": 4.46241855621
    },
    "melbands_flatness_db": {
        "max": 0.334862023592,
        "mean": 0.189996317029,
        "min": 0.00504122022539,
        "stdev": 0.0437538400292
    },
    "melbands_kurtosis": {
        "max": 131.356140137,
        "mean": 5.28724908829,
        "min": -1.65230500698,
        "stdev": 10.3542060852
    },
    "melbands_skewness": {
        "max": 9.55648803711,
        "mean": 1.42451190948,
        "min": -0.41233932972,
        "stdev": 1.25763607025
    },
    "melbands_spread": {
        "max": 140.761428833,
        "mean": 24.2257537842,
        "min": 2.56486105919,
        "stdev": 18.4094905853
    },
    "pitch_salience": {
        "max": 0.96311545372,
        "mean": 0.628590047359,
        "min": 0.229582607746,
        "stdev": 0.122044533491
    },
    "silence_rate_20dB": {
        "max": 1,
        "mean": 1,
        "min": 1,
        "stdev": 0
    },
    "silence_rate_30dB": {
        "max": 1,
        "mean": 1,
        "min": 1,
        "stdev": 0
    },
    "silence_rate_60dB": {
        "max": 1,
        "mean": 0.245454549789,
        "min": 0,
        "stdev": 0.430357247591
    },
    "spectral_centroid": {
        "max": 11299.4697266,
        "mean": 1413.48840332,
        "min": 378.911804199,
        "stdev": 824.194458008
    },
    "spectral_complexity": {
        "max": 42,
        "mean": 14.4545450211,
        "min": 0,
        "stdev": 6.8869304657
    },
    "spectral_decrease": {
        "max": -3.94130308466e-29,
        "mean": -3.19483728362e-09,
        "min": -2.25326797221e-08,
        "stdev": 3.45462169982e-09
    },
    "spectral_energy": {
        "max": 0.0870716944337,
        "mean": 0.0132628595456,
        "min": 1.13091163996e-20,
        "stdev": 0.0140991443768
    },
    "spectral_energyband_high": {
        "max": 0.00998428091407,
        "mean": 0.000282747787423,
        "min": 8.20588370812e-21,
        "stdev": 0.00095823634183
    },
    "spectral_energyband_low": {
        "max": 0.016797080636,
        "mean": 0.000670589390211,
        "min": 4.47277633046e-23,
        "stdev": 0.00187314627692
    },
    "spectral_energyband_middle_high": {
        "max": 0.0553849600255,
        "mean": 0.00633092597127,
        "min": 1.5870159803e-21,
        "stdev": 0.00888970587403
    },
    "spectral_energyband_middle_low": {
        "max": 0.0850373879075,
        "mean": 0.0062292390503,
        "min": 4.41762258385e-22,
        "stdev": 0.0103285610676
    },
    "spectral_entropy": {
        "max": 9.77995967865,
        "mean": 7.37152194977,
        "min": 6.46332931519,
        "stdev": 0.334778100252
    },
    "spectral_flux": {
        "max": 0.235171079636,
        "mean": 0.055099863559,
        "min": 1.06344329176e-10,
        "stdev": 0.0357755385339
    },
    "spectral_kurtosis": {
        "max": 21.4154129028,
        "mean": 5.78935813904,
        "min": -1.13136553764,
        "stdev": 3.26489949226
    },
    "spectral_rms": {
        "max": 0.0092167230323,
        "mean": 0.00314178247936,
        "min": 3.32163875398e-12,
        "stdev": 0.00175173499156
    },
    "spectral_rolloff": {
        "max": 18475.4882812,
        "mean": 1628.41918945,
        "min": 215.33203125,
        "stdev": 1259.37805176
    },
    "spectral_skewness": {
        "max": 3.41400170326,
        "mean": 1.52928888798,
        "min": -0.235313519835,
        "stdev": 0.539642393589
    },
    "spectral_spread": {
        "max": 38659220,
        "mean": 3158864,
        "min": 1962865.625,
        "stdev": 1689407.875
    },
    "spectral_strongpeak": {
        "max": 11.1595983505,
        "mean": 1.43254470825,
        "min": 8.79056938352e-10,
        "stdev": 1.61923718452
    },
    "zerocrossingrate": {
        "max": 0.505859375,
        "mean": 0.0581374280155,
        "min": 0.02294921875,
        "stdev": 0.0337438173592
    },
    "barkbands": {
        "max": [0.000466706464067, 0.0125684533268, 0.00683388393372, 0.0347558893263, 0.046363286674, 0.0352116785944, 0.0387754403055, 0.0214062985033, 0.0169446729124, 0.0132451569661, 0.0382274538279, 0.00227985018864, 0.00334532302804, 0.0102965375409, 0.00693088769913, 0.00163263792638, 0.00227538309991, 0.0112019404769, 0.00235750130378, 0.00283570028841, 0.0046988776885, 0.0068700267002, 0.00114641617984, 0.000116773451737, 1.56321311806e-05, 4.93656170875e-06, 4.07679792147e-08],
        "mean": [6.18824333287e-06, 0.00029091842589, 0.000179960436071, 0.00101235066541, 0.00153329665773, 0.00106045370921, 0.00139019754715, 0.000902768399101, 0.000231032783631, 0.000771548191551, 0.00279295188375, 0.000115312868729, 0.000292138953228, 0.000563792767935, 0.000571949989535, 0.000173725027707, 0.000172456973814, 0.000559898442589, 0.000228526099818, 0.000187074329006, 0.000126412938698, 7.29614839656e-05, 2.0290230168e-05, 4.94059850098e-06, 1.44614432429e-06, 2.69986230705e-07, 1.40790101799e-09],
        "min": [9.13489884193e-24, 9.22641932871e-24, 2.14071905895e-23, 2.17001088431e-23, 8.78805815892e-23, 9.27020615766e-23, 4.14258818562e-23, 4.52245121721e-23, 1.39515061933e-22, 3.12687139444e-23, 4.56291031532e-23, 1.39846938871e-22, 1.26277723508e-22, 8.48615036199e-23, 1.56744894819e-22, 1.79983247717e-22, 1.99248291252e-22, 1.8015795832e-22, 2.74947913831e-22, 5.80344091556e-22, 5.51605926644e-22, 4.48143676103e-22, 7.65649613407e-22, 8.24707603035e-22, 1.16020471866e-21, 1.6732795485e-21, 2.70010755281e-21],
        "stdev": [2.68317962764e-05, 0.00118200783618, 0.000683981925249, 0.00366930244491, 0.00403715996072, 0.00267383735627, 0.00344319269061, 0.00201882235706, 0.000979816308245, 0.00179456407204, 0.00567203387618, 0.000162697120686, 0.00046529318206, 0.00115799822379, 0.000900222221389, 0.000249777542194, 0.00028462606133, 0.00138249702286, 0.000393500173232, 0.000386845436879, 0.000408233667258, 0.000453656044556, 8.48958734423e-05, 1.04299651866e-05, 1.44368732435e-06, 4.75067821526e-07, 4.46287584666e-09]
    },
    "erbbands": {
        "max": [0.11053134501, 3.52740812302, 8.29511356354, 41.8997344971, 261.781646729, 74.8749313354, 102.692634583, 373.449768066, 678.398254395, 425.876739502, 413.14239502, 352.573608398, 105.620491028, 517.579589844, 1095.60742188, 84.1901702881, 155.82749939, 596.855712891, 453.516967773, 339.563262939, 84.2665023804, 131.930038452, 486.743804932, 247.183868408, 152.852096558, 184.266372681, 272.572601318, 169.877532959, 263.467010498, 103.828483582, 30.7139377594, 5.73246622086, 1.06671190262, 0.227009281516, 0.0675354748964, 0.028411321342, 0.00881956797093, 0.000635951873846, 5.0642152928e-05, 9.65725776041e-05],
        "mean": [0.00409890851006, 0.0790471732616, 0.255128920078, 1.45349514484, 6.32440376282, 3.72816085815, 4.10322809219, 10.6654348373, 18.8827571869, 23.3414344788, 15.1580133438, 6.32610464096, 10.0187950134, 59.0430908203, 86.6411819458, 8.28835964203, 13.4410257339, 33.4210548401, 23.4754943848, 25.0055522919, 8.8464717865, 10.7084112167, 23.2679405212, 17.9008903503, 12.7505283356, 10.7913675308, 6.72325658798, 3.24101424217, 2.79546713829, 1.25964081287, 0.508387386799, 0.169017359614, 0.0581859089434, 0.0204602517188, 0.00845238380134, 0.00237965746783, 0.000244288123213, 1.69272589119e-05, 8.379850442e-06, 1.62908545462e-05],
        "min": [2.13526320227e-22, 2.70567102905e-21, 1.75600411249e-20, 6.05560638004e-20, 1.73622483464e-19, 2.77195047507e-19, 8.28870801038e-19, 4.71948467179e-19, 7.03179000901e-19, 4.84312439192e-19, 1.16331631121e-18, 2.46643110902e-18, 2.79238783326e-18, 1.62431967962e-18, 2.50461707482e-18, 5.76927209829e-18, 5.80977623775e-18, 3.43221720694e-18, 8.30378492801e-18, 8.67990808844e-18, 9.21010935439e-18, 1.15130438726e-17, 1.06922044267e-17, 1.54396768579e-17, 1.24407707702e-17, 2.51567445302e-17, 2.41611532536e-17, 2.16146711205e-17, 1.82317422975e-17, 1.43799989362e-17, 2.33169062507e-17, 2.02425306855e-17, 1.30504946987e-17, 1.1130045187e-17, 8.79556779041e-18, 4.89810491589e-18, 3.13412385485e-18, 1.83361664052e-18, 3.64428222437e-19, 3.53289970532e-20],
        "stdev": [0.0133869498968, 0.330986917019, 0.917554855347, 4.61829805374, 22.6737194061, 7.57907915115, 8.75715637207, 28.1998329163, 54.7930755615, 45.6812782288, 37.1411247253, 21.8236351013, 13.6184339523, 95.0042953491, 173.05708313, 8.67737674713, 20.4428043365, 69.2668228149, 49.8465576172, 40.5014915466, 12.0096588135, 18.2390079498, 56.9322242737, 34.4163322449, 23.0583744049, 22.650762558, 19.608039856, 14.7450790405, 17.917427063, 6.66743469238, 2.10437107086, 0.45404958725, 0.10514537245, 0.0231238212436, 0.00791297201067, 0.0032669256907, 0.000689205306116, 4.95167150802e-05, 9.03515774553e-06, 1.69996128534e-05]
    },
    "gfcc": {
        "mean": [-78.2822265625, 121.870811462, -168.965652466, 23.4429359436, -70.2529907227, -0.52660292387, -41.455783844, -1.60678946972, -25.7827644348, -4.22464561462, -7.23042345047, -12.6963062286, -0.0166273955256],
        "cov": [[6813.08349609, 392.553527832, -965.514099121, 355.38369751, 27.7693939209, -396.006561279, 241.964019775, -166.467300415, -216.753585815, -263.684326172, 159.346954346, -81.4088287354, -74.619934082], [392.553527832, 641.480102539, 261.111450195, -95.900138855, 44.8575973511, -88.8256225586, -80.5260543823, 58.884437561, 1.08770382404, -0.740584015846, -2.62590885162, -98.3671569824, 20.658531189], [-965.514099121, 261.111450195, 752.691711426, 176.733612061, -128.514831543, 49.9983901978, -154.624969482, -4.88396692276, 119.671646118, 45.7910957336, -91.1205749512, -38.6809082031, -17.0931835175], [355.38369751, -95.900138855, 176.733612061, 421.043548584, -55.8976325989, 8.93113803864, 15.591460228, -80.6602783203, 76.4477310181, -37.487411499, -20.3902511597, 5.52694225311, -26.0722885132], [27.7693939209, 44.8575973511, -128.514831543, -55.8976325989, 197.915359497, -45.7368469238, 44.574432373, 51.141834259, -48.3314857483, -8.38530349731, 47.3695373535, -4.11651802063, 4.24472665787], [-396.006561279, -88.8256225586, 49.9983901978, 8.93113803864, -45.7368469238, 266.870513916, 56.5231819153, 9.84725666046, 62.2332725525, 18.8349437714, -49.651927948, 19.9263801575, 18.150970459], [241.964019775, -80.5260543823, -154.624969482, 15.591460228, 44.574432373, 56.5231819153, 178.60345459, 12.1905241013, -20.4091587067, -29.2335968018, 39.942855835, 1.09548223019, 8.31062507629], [-166.467300415, 58.884437561, -4.88396692276, -80.6602783203, 51.141834259, 9.84725666046, 12.1905241013, 117.106399536, 15.342707634, 30.5041370392, 26.5334072113, 6.93052864075, 8.41884040833], [-216.753585815, 1.08770382404, 119.671646118, 76.4477310181, -48.3314857483, 62.2332725525, -20.4091587067, 15.342707634, 158.578048706, 45.8799209595, -25.2257156372, -8.62099456787, 1.06331515312], [-263.684326172, -0.740584015846, 45.7910957336, -37.487411499, -8.38530349731, 18.8349437714, -29.2335968018, 30.5041370392, 45.8799209595, 86.1224899292, 16.5947952271, 8.49165344238, 12.060754776], [159.346954346, -2.62590885162, -91.1205749512, -20.3902511597, 47.3695373535, -49.651927948, 39.942855835, 26.5334072113, -25.2257156372, 16.5947952271, 90.6808776855, 22.7802562714, 8.11877918243], [-81.4088287354, -98.3671569824, -38.6809082031, 5.52694225311, -4.11651802063, 19.9263801575, 1.09548223019, 6.93052864075, -8.62099456787, 8.49165344238, 22.7802562714, 64.8432006836, 18.7528533936], [-74.619934082, 20.658531189, -17.0931835175, -26.0722885132, 4.24472665787, 18.150970459, 8.31062507629, 8.41884040833, 1.06331515312, 12.060754776, 8.11877918243, 18.7528533936, 57.8132629395]],
        "icov": [[0.000514030456543, -0.00130610575434, 0.00140554516111, -0.00113345612772, 0.000891876872629, 0.000294842408039, -0.000391685927752, 0.000201290240511, 0.000315777084325, -0.000157361806487, 0.000241237095906, -0.000807016796898, 0.00115843862295], [-0.00130610575434, 0.00727339787409, -0.00519023369998, 0.00379499141127, -0.00283521600068, -0.000643177714664, 0.00284155458212, -0.00203180196695, -0.0008269083919, 0.00328216305934, -0.00385185470805, 0.00895374268293, -0.00684333220124], [0.00140554516111, -0.00519023369998, 0.00695263920352, -0.0048493295908, 0.00354087911546, 0.000102767495264, 0.000273656798527, -0.000245282164542, 0.00105172977783, -0.00240662414581, 0.00253780628555, -0.00302801956423, 0.00435015652329], [-0.00113345612772, 0.00379499141127, -0.0048493295908, 0.00718289706856, -0.00259092217311, 0.000202695955522, -0.000536871899385, 0.00250536296517, -0.00382563332096, 0.00349062378518, -0.00187058665324, 0.00053948542336, -0.00174470164347], [0.000891876872629, -0.00283521600068, 0.00354087911546, -0.00259092217311, 0.00914953835309, 0.000904343265574, -0.00118708657101, -0.00303213996813, 0.00226980424486, -0.000206006268854, -0.00103369157296, -4.744447142e-05, 0.00186099950224], [0.000294842408039, -0.000643177714664, 0.000102767495264, 0.000202695955522, 0.000904343265574, 0.00732285156846, -0.0051976563409, -2.58398677033e-06, -0.00157138390932, -0.00234365533106, 0.00665875524282, -0.00499982247129, 0.000318762089591], [-0.000391685927752, 0.00284155458212, 0.000273656798527, -0.000536871899385, -0.00118708657101, -0.0051976563409, 0.013075562194, -0.00251429947093, 0.000411593908211, 0.00606735050678, -0.00928438734263, 0.00942152924836, -0.00450215255842], [0.000201290240511, -0.00203180196695, -0.000245282164542, 0.00250536296517, -0.00303213996813, -2.58398677033e-06, -0.00251429947093, 0.0145376203582, -0.00313602178358, -0.00250038760714, -0.000958140066359, -0.00551710044965, 0.00301447534002], [0.000315777084325, -0.0008269083919, 0.00105172977783, -0.00382563332096, 0.00226980424486, -0.00157138390932, 0.000411593908211, -0.00313602178358, 0.0117869693786, -0.00639135111123, 0.0020723908674, 0.00274141668342, -5.07588556502e-05], [-0.000157361806487, 0.00328216305934, -0.00240662414581, 0.00349062378518, -0.000206006268854, -0.00234365533106, 0.00606735050678, -0.00250038760714, -0.00639135111123, 0.0231621339917, -0.0113155720755, 0.00551164895296, -0.00518361479044], [0.000241237095906, -0.00385185470805, 0.00253780628555, -0.00187058665324, -0.00103369157296, 0.00665875524282, -0.00928438734263, -0.000958140066359, 0.0020723908674, -0.0113155720755, 0.0271422304213, -0.0147561309859, 0.00435129133984], [-0.000807016796898, 0.00895374268293, -0.00302801956423, 0.00053948542336, -4.744447142e-05, -0.00499982247129, 0.00942152924836, -0.00551710044965, 0.00274141668342, 0.00551164895296, -0.0147561309859, 0.0372957438231, -0.0150963850319], [0.00115843862295, -0.00684333220124, 0.00435015652329, -0.00174470164347, 0.00186099950224, 0.000318762089591, -0.00450215255842, 0.00301447534002, -5.07588556502e-05, -0.00518361479044, 0.00435129133984, -0.0150963850319, 0.0270765367895]]
    },
    "melbands": {
        "max": [0.002262044698, 0.00430319178849, 0.0162026807666, 0.0121683385223, 0.00280305859633, 0.00795129965991, 0.00899057649076, 0.00425761239603, 0.00395141588524, 0.00195708801039, 0.000677203061059, 0.00218743900768, 0.00536199426278, 0.0003814365773, 0.000333905249136, 0.000769183447119, 0.00101037579589, 0.000784650037531, 0.000313427648507, 0.00030239627813, 0.000114192880574, 0.000167679172591, 4.63983451482e-05, 0.000873721030075, 0.000120514545415, 0.000161957650562, 0.000135964248329, 0.000115971160994, 0.000231625919696, 0.000113670073915, 0.000100957477116, 0.000177231151611, 9.99415424303e-05, 4.02828518418e-05, 2.16415937757e-05, 6.09219978287e-06, 2.20494325731e-06, 8.85322037902e-07, 2.40264284912e-07, 1.71537905658e-07],
        "mean": [5.8472447563e-05, 0.000127083432744, 0.000445673213108, 0.000368547916878, 0.000139421157655, 0.000240140769165, 0.000284293870209, 0.000245622446528, 0.000105697879917, 3.42627427017e-05, 4.81413007947e-05, 0.000219051085878, 0.000403362588258, 1.8906997866e-05, 1.62647011166e-05, 4.7849243856e-05, 5.73517572775e-05, 3.35689474014e-05, 3.39036960213e-05, 2.33149439737e-05, 8.1892048911e-06, 1.3031758499e-05, 3.66583981304e-06, 3.98674237658e-05, 1.00298821053e-05, 1.19627493405e-05, 6.67912945573e-06, 6.38747269477e-06, 4.89869444209e-06, 2.19288699554e-06, 1.77329366124e-06, 1.7889154833e-06, 1.06193988358e-06, 5.43301098332e-07, 3.19997639053e-07, 1.57054117267e-07, 8.07942086567e-08, 4.33984546078e-08, 2.33568844266e-08, 1.503498126e-08],
        "min": [2.80214023435e-24, 7.65371467363e-24, 1.3201008225e-23, 1.64455457965e-23, 2.45790172737e-23, 1.33908775785e-23, 9.64262076459e-24, 5.96377700499e-24, 9.53547925416e-24, 1.87743704738e-23, 1.35792338969e-23, 6.02408778777e-24, 6.68632981239e-24, 1.68232224212e-23, 1.44018564711e-23, 9.18993608957e-24, 6.32353662638e-24, 1.29739858894e-23, 1.13947092341e-23, 1.28900108571e-23, 1.04860132576e-23, 1.26811559882e-23, 8.63409917372e-24, 9.67948817899e-24, 1.35586714485e-23, 7.5784810091e-24, 1.16708010846e-23, 1.92344846408e-23, 1.61858149212e-23, 1.3752925291e-23, 1.1698089361e-23, 1.0067434195e-23, 9.40694383599e-24, 7.22412863478e-24, 1.26052801909e-23, 1.51213843914e-23, 1.12950682131e-23, 8.57165609991e-24, 9.18826685989e-24, 9.82320601415e-24],
        "stdev": [0.000219887879211, 0.000457772024674, 0.00155779893976, 0.00105710723437, 0.000263016321696, 0.000620199367404, 0.000767664401792, 0.000488343357574, 0.000291666481644, 0.000122051584185, 7.81182898208e-05, 0.00036840242683, 0.000834001693875, 2.60802262346e-05, 3.35485565301e-05, 9.04404223547e-05, 0.000119313539471, 8.11524223536e-05, 4.57545102108e-05, 3.89197193726e-05, 1.41940763569e-05, 2.38849315792e-05, 4.60771525468e-06, 0.00010508550622, 1.70461316884e-05, 2.43486138061e-05, 1.30319303935e-05, 1.41397395055e-05, 1.51268750415e-05, 9.19708509173e-06, 9.06341483642e-06, 1.17115896501e-05, 6.59737588649e-06, 2.56421230915e-06, 1.37142205858e-06, 5.13472173225e-07, 1.8498539589e-07, 8.21030070597e-08, 3.10734726838e-08, 1.55796744394e-08]
    },
    "melbands128": {
        "max": [0.00020597477851, 0.000653486931697, 0.00247743190266, 0.00753257237375, 0.00580065138638, 0.00330913485959, 0.00316747045144, 0.0257227290422, 0.0330797992647, 0.00929748639464, 0.00428889133036, 0.00332007766701, 0.00491893803701, 0.00388788827695, 0.00821122154593, 0.0160769708455, 0.0154459653422, 0.0134095046669, 0.00556575553492, 0.00758628547192, 0.00588124804199, 0.00668107438833, 0.00543645117432, 0.00497245090082, 0.00296524516307, 0.00096116156783, 0.000260935747065, 0.000346140994225, 0.00138316315133, 0.00438156351447, 0.00330964103341, 0.00923252291977, 0.00975738279521, 0.0012289439328, 0.000383898383006, 0.00042041845154, 0.000189933649381, 0.000169879655004, 0.000955340103246, 0.0005080064293, 0.000273082550848, 0.00331886787899, 0.001093027764, 0.000364541512681, 0.00030219645123, 0.00179352762643, 0.00136510527227, 0.000381581310648, 0.000591103394981, 0.00101465010084, 0.000213352395804, 0.000128467698232, 0.000120996905025, 0.000226493968512, 0.000180952207302, 0.000334853451932, 9.14042248041e-05, 5.69756193727e-05, 3.56230702891e-05, 3.38841236953e-05, 0.00170339841861, 0.000921754864976, 0.000146114791278, 0.000140606323839, 9.05500492081e-05, 0.000359729165211, 0.00022307834297, 0.000235764717218, 0.000147444210597, 0.000344869331457, 0.000142149438034, 0.000230866484344, 0.000279398169369, 0.00030006817542, 0.00012109693489, 0.000191459446796, 8.69007271831e-05, 0.000145056736073, 0.000117947376566, 0.000152071312186, 0.000216045358684, 0.000260150671238, 8.5063300503e-05, 0.000127680410515, 7.18036681064e-05, 3.20548278978e-05, 4.21070799348e-05, 2.45622213697e-05, 3.09651986754e-05, 1.33314342747e-05, 7.69129110267e-06, 5.49555352336e-06, 3.03352203446e-06, 2.88702926809e-06, 1.56736257395e-06, 1.25773112813e-06, 1.05953097318e-06, 5.37890173291e-07, 3.02169468114e-07, 2.49074474823e-07, 1.99558343184e-07, 1.99583354288e-07, 1.00170829853e-07, 1.15794748012e-07, 8.69348681931e-08, 8.1942516772e-08, 9.30946626454e-08, 4.89587037578e-08, 5.29745740607e-08, 5.60785302639e-08, 5.45212763825e-08, 3.72416977257e-08, 2.89346306914e-08, 1.84529227454e-08, 6.49888010074e-09, 6.35096109036e-09, 1.65292846077e-09, 5.17253601062e-11, 6.33225694102e-11, 4.27717306017e-11, 5.49534029393e-11, 3.72538146165e-11, 3.30478283628e-11, 4.00346075735e-11, 2.79495541294e-11, 2.65354734713e-11, 2.63054907718e-11, 2.61811284458e-11],
        "mean": [3.50575032826e-06, 2.0261048121e-05, 6.62604797981e-05, 0.000158372582518, 0.000144758203533, 7.52806299715e-05, 0.000158828755957, 0.000685363949742, 0.000735307810828, 0.000324930355418, 0.000162561264005, 0.000138514689752, 0.000142473494634, 0.000115153343359, 0.00022208088194, 0.000313328084303, 0.000345407315763, 0.000268888572464, 0.000205148578971, 0.000318928330671, 0.0002288690157, 0.000142595134093, 0.000105775063275, 4.42282034783e-05, 3.82641956094e-05, 2.91567121167e-05, 2.23447059398e-05, 4.27544364356e-05, 5.09766032337e-05, 0.000188098696526, 0.000160680268891, 0.000490884645842, 0.000707408587914, 7.21753967809e-05, 1.38718132803e-05, 1.42180670082e-05, 1.37637580337e-05, 1.00255310826e-05, 2.42086534854e-05, 2.23965580517e-05, 2.08609926631e-05, 0.000142534117913, 6.64836770738e-05, 1.7028516595e-05, 1.04728514998e-05, 4.69915212307e-05, 5.09290912305e-05, 1.54122972162e-05, 3.38643440045e-05, 5.57782586839e-05, 1.08108379209e-05, 7.94497009338e-06, 8.47955834615e-06, 7.5896805356e-06, 9.31229806156e-06, 2.21619338845e-05, 6.01955798629e-06, 3.22710229739e-06, 2.96556004287e-06, 3.30133525495e-06, 6.69963046676e-05, 4.39556133642e-05, 6.52035487292e-06, 4.23528263127e-06, 5.50989489057e-06, 2.0475630663e-05, 8.3723143689e-06, 4.68339067083e-06, 3.62363175554e-06, 1.4613780877e-05, 6.49647881801e-06, 2.86065528599e-06, 3.39745110978e-06, 7.95565756562e-06, 2.58380509877e-06, 2.24549580707e-06, 1.84059058483e-06, 1.61535422194e-06, 1.6417925508e-06, 2.10486973629e-06, 2.06387289836e-06, 1.68638553077e-06, 1.08185292902e-06, 1.19753610761e-06, 8.13361339169e-07, 5.70710426473e-07, 4.63183397414e-07, 4.26580072599e-07, 3.19670277804e-07, 2.45151227318e-07, 1.96050322643e-07, 1.23876787939e-07, 1.06318964299e-07, 8.16084551047e-08, 6.92097259503e-08, 4.42879155571e-08, 4.34454889842e-08, 3.19430739637e-08, 2.32291235136e-08, 1.93296525453e-08, 1.54834260968e-08, 1.55206087982e-08, 1.18787841785e-08, 1.20365761802e-08, 8.80207817744e-09, 8.240987448e-09, 6.77039802e-09, 4.98930674553e-09, 3.95111765528e-09, 2.82809975438e-09, 1.43877576519e-09, 8.64738891604e-10, 2.70408778702e-10, 2.04911906887e-10, 1.48152698443e-10, 1.14670745122e-10, 4.21890439251e-11, 2.22361929217e-12, 2.03643395549e-12, 1.94228248936e-12, 1.91494151265e-12, 1.8361451682e-12, 1.78876748483e-12, 1.76804751395e-12, 1.71757237339e-12, 1.68083201437e-12, 1.65971500866e-12, 1.65018758207e-12],
        "min": [2.32913548849e-24, 9.76278084653e-25, 4.43339158202e-24, 3.66871518001e-24, 6.1162227972e-24, 1.20336187253e-23, 1.23362549564e-23, 1.03211310732e-23, 1.92931474932e-23, 1.82584806853e-23, 1.28623660156e-23, 1.70657561288e-23, 3.47178315476e-23, 2.74914396709e-23, 3.74638484701e-24, 1.07830667201e-23, 1.754460732e-23, 7.33290703158e-24, 3.11859770294e-24, 3.87631260468e-24, 9.15375577301e-24, 9.19888966084e-24, 1.15204299965e-23, 6.00052648469e-24, 1.2409826491e-23, 2.23927697387e-23, 3.59568511953e-23, 6.5678645981e-24, 3.15336655012e-24, 5.01590737925e-24, 5.84659842283e-24, 1.13210911567e-23, 3.55098873395e-24, 4.06182547389e-24, 1.84723203663e-23, 2.22978981708e-23, 1.25744333629e-23, 7.80256247125e-24, 2.54717948259e-23, 1.01379441604e-23, 6.53873709247e-24, 5.15907340621e-24, 2.83524340173e-24, 8.96720200184e-24, 1.198434174e-23, 1.03231631789e-23, 2.01502495999e-23, 9.78458890625e-24, 1.00928552376e-23, 9.37783329086e-24, 1.99647442248e-23, 5.79724965119e-24, 1.06706161758e-23, 1.05226558466e-23, 1.3655019764e-23, 1.41549887617e-23, 1.09319894595e-23, 9.45986614753e-24, 4.9514392995e-24, 1.23736382858e-23, 1.00319685864e-23, 8.41800335051e-24, 9.64152819223e-24, 1.92584486574e-23, 1.29769220296e-23, 4.62139685726e-24, 4.54487301072e-24, 1.2029230292e-23, 1.46344505313e-23, 1.03013574858e-23, 1.70502076803e-23, 2.34566196668e-23, 2.51226875878e-23, 1.16510835062e-23, 1.1267534601e-23, 1.42572282905e-23, 1.52126571758e-23, 1.36937717671e-23, 1.20855620604e-23, 7.05187533409e-24, 1.23003349639e-23, 7.52402515195e-24, 1.36239149785e-23, 9.93205383071e-24, 5.27815787631e-24, 8.05219434926e-24, 8.40377072206e-24, 5.13209317996e-24, 1.55264613108e-23, 1.48321753617e-23, 1.47501070063e-23, 1.7640005847e-23, 1.06241712011e-23, 1.38738529346e-23, 8.84951342111e-24, 8.0925579952e-24, 8.60898026478e-24, 8.66312925504e-24, 1.10312463052e-23, 7.82048696874e-24, 7.68723495121e-24, 1.1328371554e-23, 1.1632193443e-23, 6.50127487694e-24, 1.12520137627e-23, 1.00778889685e-23, 1.11296046383e-23, 1.01517610591e-23, 6.17312412315e-24, 8.78881215218e-24, 6.8151571091e-24, 9.11492015065e-24, 7.93598803818e-24, 1.17037084172e-23, 1.63682563604e-23, 1.62848974286e-23, 1.66773825502e-23, 1.15044105981e-23, 1.33469332929e-23, 9.12394708599e-24, 1.32643474448e-23, 9.15524040923e-24, 9.89708914881e-24, 9.5324437174e-24, 9.40246547263e-24, 1.39956309702e-23, 9.08046980606e-24, 1.09796595351e-23],
        "stdev": [1.16245228128e-05, 6.62488091621e-05, 0.000253637233982, 0.000699102180079, 0.000608676054981, 0.000284978043055, 0.000428296043538, 0.00262635224499, 0.00279829930514, 0.000814218830783, 0.000341951817973, 0.000282008462818, 0.000371775502572, 0.00028476404259, 0.000623610685579, 0.00102201732807, 0.00115674070548, 0.00104726769496, 0.000486939650727, 0.000710822059773, 0.000577319879085, 0.00046783714788, 0.000309873110382, 0.000273151730653, 0.000167493897607, 8.12602156657e-05, 3.1093160942e-05, 5.49490796402e-05, 0.000144338337122, 0.000533112499397, 0.000439031951828, 0.00110081036109, 0.00154924718663, 0.000138880903251, 2.59659082076e-05, 2.43778340518e-05, 1.91859071492e-05, 2.25050498557e-05, 8.11594873085e-05, 4.80641392642e-05, 3.26381850755e-05, 0.00038153710193, 0.000145097466884, 3.01348809444e-05, 2.69820884569e-05, 0.000150714651681, 0.000137109236675, 3.44552718161e-05, 6.20267164777e-05, 0.00012444681488, 1.90195114556e-05, 1.29235095301e-05, 1.516145403e-05, 1.87875593838e-05, 1.71103911271e-05, 4.97996261402e-05, 1.04592218122e-05, 5.52579012947e-06, 3.96611312681e-06, 4.84695738123e-06, 0.000191848768736, 0.000113113055704, 1.5229001292e-05, 1.01008090496e-05, 1.01054265542e-05, 5.25897885382e-05, 1.76106550498e-05, 1.56395235535e-05, 9.1935371529e-06, 3.84628074244e-05, 1.46833108374e-05, 1.30418247863e-05, 1.6837639123e-05, 2.22435355681e-05, 9.28440567805e-06, 1.20589329526e-05, 7.95751657279e-06, 8.86487032403e-06, 9.0475732577e-06, 1.28953533931e-05, 1.30523712869e-05, 1.42970875459e-05, 6.36041613689e-06, 7.98445853434e-06, 4.57914256913e-06, 2.60839215116e-06, 2.31352646551e-06, 1.84254497526e-06, 1.56435316967e-06, 1.00219051546e-06, 6.53622407754e-07, 4.24709838853e-07, 2.62876881152e-07, 2.02826669238e-07, 1.4926851577e-07, 1.02883397801e-07, 8.38755198629e-08, 4.94668839224e-08, 3.41038699503e-08, 2.53954635099e-08, 1.94142284471e-08, 1.65080180636e-08, 1.16237268699e-08, 1.10574092105e-08, 8.51518944245e-09, 8.55462456428e-09, 8.16433320949e-09, 5.62855584363e-09, 5.76157699328e-09, 5.60780000214e-09, 4.92623675186e-09, 3.34540639635e-09, 1.565216734e-09, 1.09996922681e-09, 5.99417737668e-10, 5.29505161939e-10, 1.76778675032e-10, 4.98267703139e-12, 4.67435899015e-12, 4.12723371104e-12, 4.27109476259e-12, 3.82995284792e-12, 3.69070008929e-12, 3.7470460762e-12, 3.49950212038e-12, 3.37500101651e-12, 3.32055281708e-12, 3.29923870342e-12]
    },
    "mfcc": {
        "mean": [-700.605529785, 140.480422974, -36.5628852844, 17.3530006409, -12.4650297165, -5.12921380997, -6.55797529221, -8.84541416168, -9.42100811005, 1.39779794216, -9.18947982788, -8.44643497467, -0.0290591362864],
        "cov": [[4142.52197266, -88.98487854, -692.412597656, 540.360229492, -234.428527832, 16.9007663727, 183.638748169, 93.7408752441, -240.330886841, 73.190536499, -150.328811646, -80.666015625, -33.3959197998], [-88.98487854, 832.83392334, 44.1606559753, -74.3904418945, 126.860084534, -204.81803894, 43.7231559753, -97.2385406494, 13.5325870514, 37.5242042542, 4.00391292572, -54.4410972595, 43.7608451843], [-692.412597656, 44.1606559753, 756.726257324, 97.3153533936, 74.3048858643, 130.929138184, -185.342895508, -8.38176727295, 67.1298065186, 4.02276039124, 18.4350795746, 41.8577423096, 5.18686294556], [540.360229492, -74.3904418945, 97.3153533936, 350.679321289, 35.5795783997, -16.1059398651, -15.1500759125, -6.93627882004, -63.1180343628, 8.25676345825, -50.2819519043, 11.7370538712, 32.6286468506], [-234.428527832, 126.860084534, 74.3048858643, 35.5795783997, 142.173019409, -28.515171051, -33.6159439087, -14.5521602631, 14.7106513977, 9.24582386017, 5.6522860527, 9.82133769989, 32.4404182434], [16.9007663727, -204.81803894, 130.929138184, -16.1059398651, -28.515171051, 217.396347046, -32.4641304016, 57.0128974915, 52.8726501465, 3.24656605721, 17.8187618256, 9.71757316589, -47.2609710693], [183.638748169, 43.7231559753, -185.342895508, -15.1500759125, -33.6159439087, -32.4641304016, 187.935501099, 33.3105049133, -29.1282234192, 11.0845079422, -12.8493537903, -32.2481460571, -17.0409107208], [93.7408752441, -97.2385406494, -8.38176727295, -6.93627882004, -14.5521602631, 57.0128974915, 33.3105049133, 105.082420349, 28.4241847992, 13.6713962555, 11.7585582733, 3.33147859573, -17.5985469818], [-240.330886841, 13.5325870514, 67.1298065186, -63.1180343628, 14.7106513977, 52.8726501465, -29.1282234192, 28.4241847992, 97.3451690674, 24.5224761963, 22.577665329, 13.526640892, -2.40561103821], [73.190536499, 37.5242042542, 4.02276039124, 8.25676345825, 9.24582386017, 3.24656605721, 11.0845079422, 13.6713962555, 24.5224761963, 80.5176010132, 26.4643745422, 3.83122062683, 12.9508285522], [-150.328811646, 4.00391292572, 18.4350795746, -50.2819519043, 5.6522860527, 17.8187618256, -12.8493537903, 11.7585582733, 22.577665329, 26.4643745422, 61.6882553101, 22.9485015869, 1.62587344646], [-80.666015625, -54.4410972595, 41.8577423096, 11.7370538712, 9.82133769989, 9.71757316589, -32.2481460571, 3.33147859573, 13.526640892, 3.83122062683, 22.9485015869, 69.0682449341, 32.0278434753], [-33.3959197998, 43.7608451843, 5.18686294556, 32.6286468506, 32.4404182434, -47.2609710693, -17.0409107208, -17.5985469818, -2.40561103821, 12.9508285522, 1.62587344646, 32.0278434753, 70.4470291138]],
        "icov": [[0.000980833545327, -0.00117024697829, 0.00145245436579, -0.00176848750561, 0.0019153523026, -0.0018275808543, 0.00135847856291, -0.00161309749819, 0.0021193921566, -0.0015112538822, 0.00165977585129, -0.000707061262801, 0.000354982417775], [-0.00117024697829, 0.00402092887089, -0.00251918658614, 0.00279358332045, -0.00392888719216, 0.00447966670617, -0.00300394487567, 0.00366733688861, -0.00385006400757, 0.0010881673079, -0.00254499120638, 0.00314045115374, -0.000857457926031], [0.00145245436579, -0.00251918658614, 0.00450302055106, -0.00355484802276, 0.00264046993107, -0.00438246922567, 0.00392798474059, -0.00251308665611, 0.00263538165018, -0.00185981299728, 0.0022668116726, -0.00182092864998, 0.000942181271967], [-0.00176848750561, 0.00279358332045, -0.00355484802276, 0.00824378058314, -0.00500558130443, 0.0034037141595, -0.00241067097522, 0.00217511085793, 0.000212385319173, -0.000456173234852, 0.00205006450415, -0.000116571529361, -0.00148467393592], [0.0019153523026, -0.00392888719216, 0.00264046993107, -0.00500558130443, 0.013834470883, -0.0036402810365, 0.00402089953423, -0.00391556648538, 0.0025335510727, -0.00166945520323, 0.00152800057549, -0.000664160586894, -0.00268569006585], [-0.0018275808543, 0.00447966670617, -0.00438246922567, 0.0034037141595, -0.0036402810365, 0.0136112803593, -0.00288873794489, 0.00162986526266, -0.00784381479025, 0.00233373511583, -0.00390373193659, 0.00130699574947, 0.004412248265], [0.00135847856291, -0.00300394487567, 0.00392798474059, -0.00241067097522, 0.00402089953423, -0.00288873794489, 0.0112513387576, -0.00652226200327, 0.0058794375509, -0.00394434621558, 0.00406485935673, -0.000399634416681, 0.00165385240689], [-0.00161309749819, 0.00366733688861, -0.00251308665611, 0.00217511085793, -0.00391556648538, 0.00162986526266, -0.00652226200327, 0.0175278242677, -0.00825054198503, 0.0018680706853, -0.00476676644757, 0.00137116503902, 0.000693742476869], [0.0021193921566, -0.00385006400757, 0.00263538165018, 0.000212385319173, 0.0025335510727, -0.00784381479025, 0.0058794375509, -0.00825054198503, 0.023837402463, -0.0089453086257, 0.00656287930906, -0.00493013160303, 0.00058459979482], [-0.0015112538822, 0.0010881673079, -0.00185981299728, -0.000456173234852, -0.00166945520323, 0.00233373511583, -0.00394434621558, 0.0018680706853, -0.0089453086257, 0.0214976668358, -0.0132810678333, 0.00596402026713, -0.00585969816893], [0.00165977585129, -0.00254499120638, 0.0022668116726, 0.00205006450415, 0.00152800057549, -0.00390373193659, 0.00406485935673, -0.00476676644757, 0.00656287930906, -0.0132810678333, 0.0322139821947, -0.0131992101669, 0.0056443088688], [-0.000707061262801, 0.00314045115374, -0.00182092864998, -0.000116571529361, -0.000664160586894, 0.00130699574947, -0.000399634416681, 0.00137116503902, -0.00493013160303, 0.00596402026713, -0.0131992101669, 0.0287451948971, -0.0146981738508], [0.000354982417775, -0.000857457926031, 0.000942181271967, -0.00148467393592, -0.00268569006585, 0.004412248265, 0.00165385240689, 0.000693742476869, 0.00058459979482, -0.00585969816893, 0.0056443088688, -0.0146981738508, 0.0279337000102]]
    },
    "spectral_contrast_coeffs": {
        "max": [-0.324823975563, -0.569582998753, -0.4960899055, -0.597399950027, -0.611527085304, -0.535419285297],
        "mean": [-0.675645112991, -0.763642013073, -0.743296205997, -0.778265297413, -0.790081501007, -0.765212357044],
        "min": [-0.981164932251, -0.985060095787, -0.948562681675, -0.957217633724, -0.964270532131, -0.959056138992],
        "stdev": [0.0819173529744, 0.0676756352186, 0.0953754708171, 0.0588321462274, 0.0580313056707, 0.0511721931398]
    },
    "spectral_contrast_valleys": {
        "max": [-6.20152330399, -4.96459579468, -6.05142498016, -6.39105176926, -6.22681188583, -9.83851528168],
        "mean": [-7.87995100021, -6.84466648102, -7.62832403183, -7.85789871216, -7.97116231918, -11.3514118195],
        "min": [-27.1785583496, -27.5954017639, -27.7061214447, -27.4264450073, -27.3800811768, -27.281961441],
        "stdev": [1.11248874664, 1.09485220909, 1.05993807316, 1.07639718056, 1.10231804848, 0.837142109871]
    }
},
"rhythm": {
    "beats_count": 28,
    "beats_loudness": {
        "max": 0.0576379522681,
        "mean": 0.0176510699093,
        "min": 0.000531589146703,
        "stdev": 0.0158241931349
    },
    "bpm": 143.976974487,
    "bpm_histogram_first_peak_bpm": 144,
    "bpm_histogram_first_peak_weight": 0.380952358246,
    "bpm_histogram_second_peak_bpm": 123,
    "bpm_histogram_second_peak_spread": 0.25,
    "bpm_histogram_second_peak_weight": 0.111111111939,
    "danceability": 0.858261346817,
    "onset_rate": 2.89983081818,
    "beats_loudness_band_ratio": {
        "max": [0.847558379173, 0.784860551357, 0.536814212799, 0.834845840931, 0.186715006828, 0.624012589455],
        "mean": [0.24189440906, 0.212891533971, 0.177219837904, 0.289654940367, 0.0800876170397, 0.0670424625278],
        "min": [0.0114260558039, 0.0201186202466, 0.0342562012374, 0.00491919089109, 0.0132090374827, 0.00920192431659],
        "stdev": [0.220167905092, 0.171350881457, 0.141145765781, 0.248475059867, 0.0494835563004, 0.129540324211]
    },
    "beats_position": [0.510838985443, 1.02167797089, 1.50929701328, 1.99691605568, 2.48453521729, 2.96054410934, 3.3785033226, 3.78485250473, 4.20281171799, 4.62077093124, 5.0387301445, 5.45668935776, 5.87464857101, 6.29260778427, 6.71056699753, 7.12852573395, 7.53487491608, 7.94122457504, 8.35918331146, 8.77714252472, 9.19510173798, 9.61306095123, 10.0426301956, 10.47219944, 10.8785486221, 11.2848978043, 11.7144670486, 12.1556463242],
