{
"metadata": {
    "version": {
        "essentia": "2.1-beta5",
        "essentia_git_sha": "Undefined",
        "extractor": "music 2.0"
    },
    "audio_properties": {
        "analysis": {
            "equal_loudness": 0,
            "length": 32.4963264465,
            "sample_rate": 44100,
            "start_time": 12.7477550507,
            "downmix": "mix"
        },
        "bit_rate": 192000,
        "length": 182.369537354,
        "lossless": 0,
        "number_channels": 2,
        "replay_gain": -1.89817810059,
        "sample_rate": 48000,
        "codec": "mp3",
        "md5_encoded": "2a0f7997b4b62db30e697c35c20d670d"
    },
    "tags": {
        "file_name": "Sweden_Stad I Ljus_Tommy Körberg.mp3",
        "encoding": ["Lavf58.29.100"]
    }
},
"lowlevel": {
    "average_loudness": 0.922217667103,
    "barkbands_crest": {
        "max": 24.6791591644,
        "mean": 11.0134382248,
        "min": 3.76339244843,
        "stdev": 4.06772994995
    },
    "barkbands_flatness_db": {
        "max": 0.372020155191,
        "mean": 0.255576431751,
        "min": 0.1038537696,
        "stdev": 0.0402262993157
    },
    "barkbands_kurtosis": {
        "max": 121.861228943,
        "mean": 8.67813587189,
        "min": -1.66994464397,
        "stdev": 9.8199005127
    },
    "barkbands_skewness": {
        "max": 9.13434123993,
        "mean": 2.08454561234,
        "min": -0.616841733456,
        "stdev": 1.10689425468
    },
    "barkbands_spread": {
        "max": 48.6738128662,
        "mean": 9.0339422226,
        "min": 1.14897835255,
        "stdev": 6.59462690353
    },
    "dissonance": {
        "max": 0.499152690172,
        "mean": 0.435604780912,
        "min": 0.25964564085,
        "stdev": 0.0407686121762
    },
    "dynamic_complexity": 3.38374996185,
    "erbbands_crest": {
        "max": 30.8111515045,
        "mean": 10.5413017273,
        "min": 3.57316803932,
        "stdev": 4.43486833572
    },
    "erbbands_flatness_db": {
        "max": 0.396244138479,
        "mean": 0.255101621151,
        "min": 0.11482796073,
        "stdev": 0.0384228490293
    },
    "erbbands_kurtosis": {
        "max": 25.2587718964,
        "mean": 1.32480752468,
        "min": -1.85895824432,
        "stdev": 2.84738588333
    },
    "erbbands_skewness": {
        "max": 3.90564918518,
        "mean": 0.928116202354,
        "min": -1.52690041065,
        "stdev": 0.786684334278
    },
    "erbbands_spread": {
        "max": 95.6043243408,
        "mean": 27.6367416382,
        "min": 3.58344888687,
        "stdev": 15.1896591187
    },
    "hfc": {
        "max": 70.8309936523,
        "mean": 10.0878038406,
        "min": 0.33997502923,
        "stdev": 10.8146266937
    },
    "loudness_ebu128": {
        "integrated": -23.1977710724,
        "loudness_range": 4.25289154053,
        "momentary": {
            "max": -18.355764389,
            "mean": -24.1899242401,
            "min": -33.0527648926,
            "stdev": 3.17210149765
        },
        "short_term": {
            "max": -20.8511371613,
            "mean": -23.3826084137,
            "min": -26.774274826,
            "stdev": 1.41826295853
        }
    },
    "melbands_crest": {
        "max": 31.4870414734,
        "mean": 13.2645235062,
        "min": 4.92636346817,
        "stdev": 4.57356214523
    },
    "melbands_flatness_db": {
        "max": 0.445243537426,
        "mean": 0.313702851534,
        "min": 0.118762679398,
        "stdev": 0.0500526092947
    },
    "melbands_kurtosis": {
        "max": 240.642044067,
        "mean": 15.0547971725,
        "min": -1.33583140373,
        "stdev": 16.9800434113
    },
    "melbands_skewness": {
        "max": 10.9712896347,
        "mean": 2.62807297707,
        "min": -0.201856434345,
        "stdev": 1.35502636433
    },
    "melbands_spread": {
        "max": 66.4011611938,
        "mean": 10.1177692413,
        "min": 0.937052071095,
        "stdev": 7.88432741165
    },
    "pitch_salience": {
        "max": 0.853990375996,
        "mean": 0.582416415215,
        "min": 0.118557214737,
        "stdev": 0.100934885442
    },
    "silence_rate_20dB": {
        "max": 1,
        "mean": 1,
        "min": 1,
        "stdev": 0
    },
    "silence_rate_30dB": {
        "max": 1,
        "mean": 0.996431112289,
        "min": 0,
        "stdev": 0.0596333742142
    },
    "silence_rate_60dB": {
        "max": 1,
        "mean": 0.046395432204,
        "min": 0,
        "stdev": 0.210338592529
    },
    "spectral_centroid": {
        "max": 2910.08837891,
        "mean": 659.449890137,
        "min": 203.08972168,
        "stdev": 381.311431885
    },
    "spectral_complexity": {
        "max": 26,
        "mean": 11.3126335144,
        "min": 3,
        "stdev": 4.92506790161
    },
    "spectral_decrease": {
        "max": -3.13970044408e-10,
        "mean": -5.75173597639e-09,
        "min": -3.4712368091e-08,
        "stdev": 4.83199968926e-09
    },
    "spectral_energy": {
        "max": 0.133537590504,
        "mean": 0.022623360157,
        "min": 0.00128032092471,
        "stdev": 0.0190276820213
    },
    "spectral_energyband_high": {
        "max": 0.00148828222882,
        "mean": 4.12272602262e-05,
        "min": 1.58670741257e-06,
        "stdev": 0.000118489646411
    },
    "spectral_energyband_low": {
        "max": 0.0472810044885,
        "mean": 0.00483467662707,
        "min": 3.99777200073e-05,
        "stdev": 0.00567026343197
    },
    "spectral_energyband_middle_high": {
        "max": 0.0428555831313,
        "mean": 0.0026799433399,
        "min": 2.17884644371e-05,
        "stdev": 0.0050006932579
    },
    "spectral_energyband_middle_low": {
        "max": 0.131183058023,
        "mean": 0.0164125617594,
        "min": 0.000562831351999,
        "stdev": 0.0156406555325
    },
    "spectral_entropy": {
        "max": 7.95412302017,
        "mean": 6.679895401,
        "min": 5.60922288895,
        "stdev": 0.412454307079
    },
    "spectral_flux": {
        "max": 0.250702083111,
        "mean": 0.0637990608811,
        "min": 0.010375241749,
        "stdev": 0.0371525771916
    },
    "spectral_kurtosis": {
        "max": 50.607383728,
        "mean": 11.8658628464,
        "min": -1.09025239944,
        "stdev": 8.99191856384
    },
    "spectral_rms": {
        "max": 0.0114140519872,
        "mean": 0.00431894371286,
        "min": 0.00111762853339,
        "stdev": 0.00184887484647
    },
    "spectral_rolloff": {
        "max": 4220.5078125,
        "mean": 606.51171875,
        "min": 107.666015625,
        "stdev": 451.580352783
    },
    "spectral_skewness": {
        "max": 5.45962810516,
        "mean": 2.23104667664,
        "min": -0.118817828596,
        "stdev": 0.962678790092
    },
    "spectral_spread": {
        "max": 10097913,
        "mean": 2407285.75,
        "min": 1207781.375,
        "stdev": 711514.875
    },
    "spectral_strongpeak": {
        "max": 9.88716316223,
        "mean": 0.956560730934,
        "min": 0.0182308591902,
        "stdev": 1.15603065491
    },
    "zerocrossingrate": {
        "max": 0.09521484375,
        "mean": 0.0271872635931,
        "min": 0.00634765625,
        "stdev": 0.0127825401723
    },
    "barkbands": {
        "max": [9.06022978597e-05, 0.0269380100071, 0.0332432873547, 0.0614293254912, 0.0759017392993, 0.0524227321148, 0.0593316182494, 0.0676448792219, 0.0246701091528, 0.0131418239325, 0.0172813292593, 0.0235707461834, 0.0314776115119, 0.0161282680929, 0.00324232294224, 0.00542621733621, 0.00502576492727, 0.0048732412979, 0.00180573144462, 0.000718085269909, 0.000935793039389, 0.000341845996445, 8.08257973404e-05, 1.70483217516e-05, 1.95740108211e-06, 1.92173843061e-06, 2.05506194106e-06],
        "mean": [6.33227273283e-06, 0.00198278552853, 0.001605467638, 0.00265217688866, 0.00645689852536, 0.00278751924634, 0.0016560544027, 0.00167915783823, 0.000924683932681, 0.000430733722169, 0.000480548042106, 0.000555320293643, 0.000464045646368, 0.000149261424667, 9.41083635553e-05, 0.000146486490848, 0.000181335708476, 0.000231317608268, 9.13392068469e-05, 1.56646910909e-05, 1.89037964446e-05, 9.31464091991e-06, 2.92959452963e-06, 9.43894349348e-07, 3.32232481526e-08, 3.55613694047e-09, 3.81486442436e-09],
        "min": [1.34780187011e-08, 3.83570704798e-06, 8.35870253013e-07, 5.41839381185e-06, 6.62377424305e-05, 3.47465465893e-05, 6.37331595499e-06, 7.13360122973e-06, 4.49657181889e-06, 1.01864281987e-06, 1.08213862404e-06, 1.3397722114e-06, 1.30407170218e-06, 5.67198810586e-07, 8.32304579035e-07, 3.73612579097e-07, 2.38787123408e-07, 1.72497166773e-07, 1.96953607201e-07, 1.98108992322e-07, 2.30342948271e-07, 2.09703188148e-07, 2.2475711603e-07, 5.5418269973e-10, 1.34995417622e-10, 6.88705065199e-11, 9.25173895827e-11],
        "stdev": [9.08974743652e-06, 0.00300885434262, 0.00283420761116, 0.00456703128293, 0.00824973639101, 0.00461299577728, 0.0042592077516, 0.00524255959317, 0.00231937947683, 0.00109958322719, 0.00128879270051, 0.00213888497092, 0.00200359127484, 0.000709082756657, 0.000218465618673, 0.000450215680758, 0.000389158958569, 0.000501364585944, 0.000220240617637, 5.06377255078e-05, 6.31624425296e-05, 2.56344319496e-05, 7.03136720404e-06, 1.44293937865e-06, 7.58195497497e-08, 7.25488575881e-08, 7.75639534822e-08]
    },
    "erbbands": {
        "max": [0.347675770521, 7.169921875, 21.673160553, 78.4219284058, 410.256072998, 257.151855469, 305.070892334, 422.746856689, 1025.17907715, 942.104614258, 1866.03955078, 388.38067627, 478.888183594, 410.69744873, 691.606384277, 1004.99462891, 1763.85424805, 906.868041992, 190.635681152, 282.058288574, 194.892059326, 282.538574219, 206.764434814, 128.039199829, 39.7986030579, 38.5272369385, 27.8045196533, 40.3638687134, 16.005607605, 7.30273628235, 2.25116896629, 0.525632143021, 0.346806943417, 0.0225487183779, 0.0138140162453, 0.0076552266255, 0.00356330419891, 0.00127177778631, 0.000308989459882, 0.000146241596667],
        "mean": [0.0260036867112, 0.549339294434, 1.70726966858, 5.95956277847, 14.5434522629, 25.0708847046, 16.6374835968, 24.5674190521, 29.0670204163, 22.5023136139, 39.3963088989, 19.2057666779, 24.2272090912, 12.5349788666, 18.9058055878, 25.1734313965, 24.5374546051, 10.0022830963, 4.20216035843, 7.45280981064, 7.64230298996, 10.319029808, 12.2231245041, 8.9653711319, 1.9749288559, 0.783669948578, 0.757332861423, 0.705307126045, 0.356912136078, 0.18775087595, 0.0680892989039, 0.0276761725545, 0.0122778182849, 0.00124755350407, 7.4683004641e-05, 2.87397033389e-05, 1.4360584828e-05, 4.04876755056e-06, 1.14883714559e-05, 2.55540453509e-05],
        "min": [0.000147873201058, 0.00169610918965, 0.0101374173537, 0.0390146374702, 0.0697991922498, 0.166344642639, 0.194418549538, 0.226865947247, 0.0978272110224, 0.100131906569, 0.159657791257, 0.244145810604, 0.0674932301044, 0.0455304868519, 0.0387326329947, 0.0723460167646, 0.0751306638122, 0.0749008506536, 0.060882050544, 0.053519397974, 0.0264818686992, 0.0207210835069, 0.0103487623855, 0.0112873595208, 0.0117463255301, 0.00894082617015, 0.00809260085225, 0.00815510097891, 0.00840396340936, 0.00741522014141, 0.00622151372954, 0.00451653171331, 0.00109097664244, 0.000154623558046, 1.25430015032e-05, 2.41438442572e-06, 8.34111176573e-07, 1.49988352405e-07, 6.61229876187e-07, 1.54280814968e-06],
        "stdev": [0.0334000587463, 0.837109267712, 2.54296851158, 8.21666240692, 27.7708587646, 33.4293479919, 23.6520462036, 42.9006118774, 61.3911857605, 61.8573379517, 138.347747803, 43.0753822327, 57.9035301208, 32.8437652588, 48.7059631348, 91.6710510254, 102.810630798, 41.0935287476, 9.1644487381, 20.0985889435, 19.5308055878, 21.909986496, 24.7793254852, 18.1515388489, 4.17356014252, 2.44285726547, 2.37457346916, 2.35330629349, 1.01328885555, 0.511509299278, 0.157307833433, 0.0523867979646, 0.0186820365489, 0.00116664229427, 0.000520939414855, 0.000288854469545, 0.000134433954372, 4.80214075651e-05, 1.43253218994e-05, 2.1497522539e-05]
    },
    "gfcc": {
        "mean": [-103.406906128, 193.936386108, -139.227935791, 37.492401123, -56.3342857361, -13.9434976578, -28.9269599915, -20.6844902039, 1.29994666576, -31.1830158234, 6.29236078262, -16.3148441315, -2.81692862511],
        "cov": [[2142.65869141, 95.1377258301, -695.52947998, -130.337692261, 255.769882202, -271.373046875, 304.300964355, 88.0527420044, -51.9815635681, -105.45765686, 0.081616461277, 265.3074646, -188.339126587], [95.1377258301, 320.433166504, 84.1741409302, -254.163589478, 169.567550659, 1.23137223721, -40.570274353, 26.7791576385, -8.16365909576, -59.4096031189, 19.5765380859, 28.9216499329, -17.3684825897], [-695.52947998, 84.1741409302, 545.289489746, 92.5532608032, -53.1129188538, 118.942710876, -122.542152405, -88.4050445557, 22.5940876007, 35.38073349, -32.7285461426, -100.141654968, 78.6030883789], [-130.337692261, -254.163589478, 92.5532608032, 575.780761719, -33.9385986328, 35.3078727722, 52.6025848389, -42.1607589722, 79.9949569702, 118.958694458, -29.6765480042, -32.5359230042, 93.8569717407], [255.769882202, 169.567550659, -53.1129188538, -33.9385986328, 334.143035889, -10.8503980637, -35.8329772949, 62.9969711304, 31.9941768646, -22.5031280518, 0.969781041145, 57.8355140686, 1.09036564827], [-271.373046875, 1.23137223721, 118.942710876, 35.3078727722, -10.8503980637, 179.996505737, 40.7292518616, -8.70728969574, -16.8452205658, 23.0274715424, 31.5658950806, -44.0814933777, 14.077627182], [304.300964355, -40.570274353, -122.542152405, 52.6025848389, -35.8329772949, 40.7292518616, 235.542816162, 71.8037414551, -59.2344436646, -16.5306510925, 40.1003723145, 37.5069656372, -45.6433944702], [88.0527420044, 26.7791576385, -88.4050445557, -42.1607589722, 62.9969711304, -8.70728969574, 71.8037414551, 141.995574951, 23.0709381104, -27.6989936829, 18.4342327118, 32.0936851501, -10.6291818619], [-51.9815635681, -8.16365909576, 22.5940876007, 79.9949569702, 31.9941768646, -16.8452205658, -59.2344436646, 23.0709381104, 128.164718628, 56.8284988403, -31.4538860321, 5.604616642, 40.146774292], [-105.45765686, -59.4096031189, 35.38073349, 118.958694458, -22.5031280518, 23.0274715424, -16.5306510925, -27.6989936829, 56.8284988403, 115.468002319, 21.8973140717, -26.9655723572, 23.3517017365], [0.081616461277, 19.5765380859, -32.7285461426, -29.6765480042, 0.969781041145, 31.5658950806, 40.1003723145, 18.4342327118, -31.4538860321, 21.8973140717, 77.6900634766, 7.08275651932, -23.545085907], [265.3074646, 28.9216499329, -100.141654968, -32.5359230042, 57.8355140686, -44.0814933777, 37.5069656372, 32.0936851501, 5.604616642, -26.9655723572, 7.08275651932, 91.9263534546, -1.95556783676], [-188.339126587, -17.3684825897, 78.6030883789, 93.8569717407, 1.09036564827, 14.077627182, -45.6433944702, -10.6291818619, 40.146774292, 23.3517017365, -23.545085907, -1.95556783676, 95.1885375977]],
        "icov": [[0.00225862441584, -0.000862419314217, 0.00147743953858, -7.86510718171e-05, -0.0013926026877, 0.00213464535773, -0.00338480947539, 0.00274035381153, -0.000923295272514, -0.000175965498784, 0.00166122126393, -0.00241492409259, 0.0023461622186], [-0.000862419314217, 0.0190950538963, -0.00752164656296, 0.0108313430101, -0.0112999947742, 0.00624166987836, -0.0110477712005, 0.0105336783454, -0.0145576437935, 0.0112373698503, -0.0152157032862, 0.00824360921979, -0.00781702529639], [0.00147743953858, -0.00752164656296, 0.00678400089964, -0.00428539747372, 0.00366704980843, -0.00318515463732, 0.00365356751718, -0.00182642182335, 0.00484302034602, -0.00356791261584, 0.00690794875845, -0.00252955337055, 0.00264072441496], [-7.86510718171e-05, 0.0108313430101, -0.00428539747372, 0.00976512115449, -0.00752832461149, 0.00507263978943, -0.0106442319229, 0.0088510941714, -0.0104912454262, 0.00453743385151, -0.00777212809771, 0.00643821433187, -0.00752718327567], [-0.0013926026877, -0.0112999947742, 0.00366704980843, -0.00752832461149, 0.0127640590072, -0.00763327907771, 0.0133633036166, -0.0124163515866, 0.0115828476846, -0.00773826334625, 0.00951702427119, -0.00751124834642, 0.00479457806796], [0.00213464535773, 0.00624166987836, -0.00318515463732, 0.00507263978943, -0.00763327907771, 0.015267515555, -0.0138993700966, 0.0106446836144, -0.0102192368358, 0.00660925265402, -0.0104608330876, 0.00755377113819, -0.00439936062321], [-0.00338480947539, -0.0110477712005, 0.00365356751718, -0.0106442319229, 0.0133633036166, -0.0138993700966, 0.0282152947038, -0.0223292000592, 0.0223832074553, -0.0125445434824, 0.0125846760347, -0.0111709423363, 0.00822434294969], [0.00274035381153, 0.0105336783454, -0.00182642182335, 0.0088510941714, -0.0124163515866, 0.0106446836144, -0.0223292000592, 0.0296825338155, -0.0255302712321, 0.0184144340456, -0.0181987583637, 0.00980077683926, -0.00674948049709], [-0.000923295272514, -0.0145576437935, 0.00484302034602, -0.0104912454262, 0.0115828476846, -0.0102192368358, 0.0223832074553, -0.0255302712321, 0.0409888066351, -0.0286590307951, 0.0287072826177, -0.0165551733226, 0.00762681663036], [-0.000175965498784, 0.0112373698503, -0.00356791261584, 0.00453743385151, -0.00773826334625, 0.00660925265402, -0.0125445434824, 0.0184144340456, -0.0286590307951, 0.0352238379419, -0.028437435627, 0.0155207403004, -0.00794229097664], [0.00166122126393, -0.0152157032862, 0.00690794875845, -0.00777212809771, 0.00951702427119, -0.0104608330876, 0.0125846760347, -0.0181987583637, 0.0287072826177, -0.028437435627, 0.0439183078706, -0.0182114448398, 0.0132677955553], [-0.00241492409259, 0.00824360921979, -0.00252955337055, 0.00643821433187, -0.00751124834642, 0.00755377113819, -0.0111709423363, 0.00980077683926, -0.0165551733226, 0.0155207403004, -0.0182114448398, 0.030939321965, -0.0135208079591], [0.0023461622186, -0.00781702529639, 0.00264072441496, -0.00752718327567, 0.00479457806796, -0.00439936062321, 0.00822434294969, -0.00674948049709, 0.00762681663036, -0.00794229097664, 0.0132677955553, -0.0135208079591, 0.0244839191437]]
    },
    "melbands": {
        "max": [0.00567060709, 0.0103420717642, 0.0268135610968, 0.0196896269917, 0.00839820411056, 0.00929780304432, 0.0143056809902, 0.01077133324, 0.0158180147409, 0.00303445220925, 0.0024371733889, 0.00172239996027, 0.00271916761994, 0.00163714645896, 0.00303585198708, 0.00317277829163, 0.00185126147699, 0.000386414234526, 0.000211862279684, 0.000431371299783, 0.000243248025072, 0.000302944710711, 0.000282821012661, 0.000182302523172, 0.00011915799405, 3.92030051444e-05, 3.30868606397e-05, 2.78820662061e-05, 1.79344842763e-05, 3.04395398416e-05, 2.14396859519e-05, 9.38251105254e-06, 7.24330675439e-06, 2.86495060209e-06, 1.29959187234e-06, 7.12889686838e-07, 3.01063067809e-07, 3.82184367709e-07, 2.47608156201e-08, 1.78434262921e-08],
        "mean": [0.000406335457228, 0.000904597109184, 0.00126075011212, 0.00146351428702, 0.00071251828922, 0.00056396034779, 0.000426516751759, 0.000248280819505, 0.00029871208244, 0.00012356309162, 0.00011894293857, 4.47041420557e-05, 6.80217926856e-05, 4.87413271912e-05, 8.13848891994e-05, 3.66303429473e-05, 1.60329655046e-05, 6.05055129199e-06, 7.45276838643e-06, 1.15153789011e-05, 8.43919951876e-06, 9.63672755461e-06, 1.37686720336e-05, 9.70076871454e-06, 7.30223428036e-06, 1.96403129848e-06, 5.65696382182e-07, 4.96751454193e-07, 4.6074205784e-07, 4.93598122375e-07, 3.72527296122e-07, 2.17900961275e-07, 1.35237030463e-07, 8.84341631036e-08, 4.04813782495e-08, 2.38730173407e-08, 1.40890508149e-08, 1.02220329978e-08, 3.5480423044e-09, 1.15813414414e-10],
        "min": [7.51761376705e-07, 6.47093611406e-06, 6.08824984738e-06, 9.2947811936e-06, 5.24467395735e-06, 6.67930726195e-06, 1.36112839755e-06, 1.16331625577e-06, 5.69560313579e-07, 9.76481487669e-07, 1.9370196469e-07, 1.44174251204e-07, 1.38204640621e-07, 8.48282368793e-08, 9.11812634286e-08, 1.62262324466e-07, 9.44517282164e-08, 2.62376644855e-08, 7.46153645537e-08, 3.77813513808e-08, 2.09296686648e-08, 1.53225876431e-08, 1.14488942771e-08, 8.5818490092e-09, 7.13576175926e-09, 7.34460936513e-09, 5.95867843955e-09, 5.04267916313e-09, 4.75326622507e-09, 4.37159597411e-09, 3.92333143751e-09, 3.4800697879e-09, 3.01001312764e-09, 3.20550030963e-09, 2.98916758013e-09, 2.72298716908e-09, 9.41861432596e-12, 2.79645382371e-12, 3.24912644532e-12, 1.01132036773e-12],
        "stdev": [0.000576464692131, 0.00121258385479, 0.0019283137517, 0.00207899441011, 0.000906642002519, 0.000936070573516, 0.000907581299543, 0.000645879714284, 0.00110343564302, 0.000297687831335, 0.000288708572043, 0.000129519568873, 0.000185381941264, 0.000151340354932, 0.000306640809868, 0.000186301302165, 7.69934413256e-05, 1.52192960741e-05, 1.81221130333e-05, 3.56501805072e-05, 2.11360202229e-05, 2.23240858759e-05, 3.16037767334e-05, 1.98773650482e-05, 1.55815559992e-05, 5.09545407112e-06, 1.75660022705e-06, 1.73442185769e-06, 1.44212845044e-06, 1.83159829703e-06, 1.16830642582e-06, 6.1421474129e-07, 4.07349261877e-07, 2.33553308249e-07, 9.58457064826e-08, 5.37497477637e-08, 2.46781333146e-08, 1.88450766103e-08, 2.12983186643e-09, 6.73592848166e-10]
    },
    "melbands128": {
        "max": [9.06008208403e-05, 0.00147707003634, 0.0085759498179, 0.014768620953, 0.014936581254, 0.0214570835233, 0.0177841130644, 0.0461221896112, 0.0522472858429, 0.0266226064414, 0.0182006955147, 0.0119924992323, 0.00813937839121, 0.0238111633807, 0.0133185349405, 0.0152866290882, 0.0142889171839, 0.0246254019439, 0.013714229688, 0.014985486865, 0.0143532715738, 0.0158327911049, 0.0312406998128, 0.00585590722039, 0.00403821235523, 0.00541119463742, 0.00768974516541, 0.00474897446111, 0.00229343934916, 0.00300778681412, 0.00245461799204, 0.00263032922521, 0.00504414970055, 0.00218878616579, 0.00306027708575, 0.00246429466642, 0.00619915919378, 0.00611859885976, 0.00394414318725, 0.00952105782926, 0.00228866608813, 0.00396571541205, 0.00234504416585, 0.00371551094577, 0.000178417016286, 0.00028544763336, 0.000337937613949, 0.000335440185154, 0.000466922618216, 0.00094385095872, 0.000623956962954, 0.000714966095984, 0.00056897039758, 0.000539994041901, 0.000313328346238, 0.000480432005133, 0.000652441871352, 0.000547503645066, 0.000658826145809, 0.000228234988754, 0.000348276633304, 0.000311605312163, 0.000218073371798, 0.0002867426374, 0.000144667515997, 6.92394678481e-05, 3.50236150553e-05, 3.95917340938e-05, 3.98968695663e-05, 3.03796732624e-05, 3.81994577765e-05, 3.94811177102e-05, 2.19919802475e-05, 2.3778198738e-05, 2.02317332878e-05, 3.4162956581e-05, 5.04158742842e-05, 4.21201402787e-05, 1.51707481564e-05, 1.17798635983e-05, 1.29845348056e-05, 1.64030207088e-05, 5.39021084478e-06, 1.06024381239e-05, 7.53003996579e-06, 4.34761386714e-06, 3.07890718432e-06, 2.45287719736e-06, 1.14948181817e-06, 1.64916855283e-06, 9.34842546485e-07, 1.03022773601e-06, 3.27361902919e-07, 4.40610847363e-07, 2.30007358937e-07, 5.58383021598e-07, 4.90776074002e-07, 8.07959068538e-08, 3.4314886932e-08, 1.9686352104e-08, 1.84826607352e-08, 1.78035204357e-08, 1.70563563273e-08, 1.63349209714e-08, 1.56142068164e-08, 1.49512420222e-08, 1.4327100395e-08, 1.37280578016e-08, 1.31887691879e-08, 1.2662253468e-08, 1.21751915216e-08, 1.1710285186e-08, 1.12713509637e-08, 1.09013154059e-08, 1.05424406982e-08, 1.02081720854e-08, 9.88420900683e-09, 9.6070884581e-09, 9.31709553953e-09, 9.09285002848e-09, 8.87520634762e-09, 8.69633254297e-09, 8.52088977155e-09, 8.37519831265e-09, 8.26437407397e-09, 8.15631651108e-09, 8.08818256814e-09, 8.04493538453e-09],
        "mean": [5.74869272896e-06, 8.09868361102e-05, 0.000555206846911, 0.00105771387462, 0.000833102152683, 0.000855159363709, 0.00115887762513, 0.00137546635233, 0.00142568780575, 0.0015669366112, 0.0015046147164, 0.00097038061358, 0.00048131053336, 0.000415403948864, 0.000440101750428, 0.000804080802482, 0.00061565352371, 0.000319007347571, 0.00023015482293, 0.000260868459009, 0.000204977870453, 0.000348540052073, 0.000426749174949, 9.02091705939e-05, 6.73721224302e-05, 0.000140360818477, 0.00022681466362, 0.000115127018944, 3.41675659001e-05, 3.6564993934e-05, 4.22373595939e-05, 7.04051126377e-05, 8.79073922988e-05, 5.2034327382e-05, 3.65672021871e-05, 3.67030370398e-05, 8.4061648522e-05, 9.86166269286e-05, 6.8357840064e-05, 5.84250228712e-05, 1.68294118339e-05, 2.86298618448e-05, 1.78927293746e-05, 1.03593665699e-05, 6.08794789514e-06, 4.57468922832e-06, 7.15464466339e-06, 5.17077842233e-06, 7.51693505663e-06, 1.38562263601e-05, 1.23554609672e-05, 9.61465502769e-06, 7.79422407504e-06, 7.55020437282e-06, 1.04184391603e-05, 8.47050978336e-06, 9.74332851911e-06, 1.58978218678e-05, 1.65421679412e-05, 7.27085671315e-06, 1.04051705421e-05, 9.34985655476e-06, 9.87249859463e-06, 6.53085180602e-06, 3.6541684949e-06, 1.76496814674e-06, 1.01424859622e-06, 6.24070821686e-07, 4.71008490877e-07, 4.49387101753e-07, 4.75195179206e-07, 5.56949487418e-07, 4.83607209389e-07, 4.43360761437e-07, 4.19015805164e-07, 5.04782747157e-07, 5.40316875686e-07, 4.45018599748e-07, 3.5131677123e-07, 3.03015411873e-07, 2.40389653072e-07, 1.89301488263e-07, 1.40433101592e-07, 1.29723233044e-07, 1.35536552648e-07, 9.77024754434e-08, 7.88437972687e-08, 5.27149346397e-08, 3.71838240198e-08, 3.18263602139e-08, 2.89289499023e-08, 2.15860893604e-08, 1.57814401547e-08, 1.40624525358e-08, 1.24217569564e-08, 1.28415909018e-08, 1.00434585093e-08, 6.09111250327e-09, 4.79022865818e-09, 1.31113930824e-09, 3.95003543763e-11, 3.29957380862e-11, 3.15457972244e-11, 3.01406295755e-11, 2.87261568699e-11, 2.74821849305e-11, 2.63643360615e-11, 2.52931148248e-11, 2.43356324675e-11, 2.33638976221e-11, 2.2516899803e-11, 2.17036198041e-11, 2.08941024205e-11, 2.01876952655e-11, 1.95447009271e-11, 1.89594364514e-11, 1.8358510892e-11, 1.78593390077e-11, 1.7348280798e-11, 1.69374011344e-11, 1.65224708915e-11, 1.62031325857e-11, 1.59029005242e-11, 1.56106898241e-11, 1.52610424298e-11, 1.48102016762e-11, 1.4545826349e-11, 1.44480052922e-11],
        "min": [1.78907499926e-09, 1.39435281099e-08, 4.66189703729e-07, 2.02778642233e-06, 3.22617506754e-06, 2.94551455227e-07, 3.2155903682e-06, 2.11320298149e-06, 5.56321481326e-07, 2.95402514894e-06, 1.78305231202e-06, 2.63799643108e-06, 1.97952203962e-06, 5.82877135002e-07, 1.05789865756e-06, 9.87227053884e-07, 5.4716122122e-07, 7.15267219675e-07, 2.15706961626e-07, 2.77505364465e-07, 3.85812086279e-07, 1.48906451614e-07, 2.6850256063e-07, 1.67794325989e-07, 6.6400389187e-08, 7.42203738469e-08, 1.33068084551e-07, 9.65758317761e-08, 7.76795090474e-08, 1.37676750001e-08, 4.63298661657e-08, 6.74718236837e-08, 4.77928310261e-08, 1.34817650377e-08, 1.72767311568e-08, 5.6060525111e-08, 4.56023343531e-08, 3.46648221239e-08, 2.48621887522e-08, 3.24334692436e-08, 5.33413455628e-08, 5.06722486193e-08, 5.08733783988e-08, 7.77457387358e-09, 8.80786910074e-09, 4.74207384471e-09, 3.56581395522e-08, 2.22967493357e-08, 5.36242588112e-08, 1.2049712339e-08, 5.91729154564e-09, 1.94999323355e-08, 2.19580247318e-08, 8.61189697332e-09, 7.99800758955e-09, 7.20386506003e-09, 9.7155901102e-09, 3.28507887559e-09, 2.97661606474e-09, 4.69663596903e-09, 5.99167693238e-09, 7.28797422411e-09, 4.38149383442e-09, 2.10257988797e-09, 2.60513921546e-09, 3.45402684232e-09, 3.25285176572e-09, 1.21228371786e-09, 2.61277555147e-09, 3.55063711766e-09, 2.9251037148e-09, 2.008097022e-09, 2.72537414858e-09, 3.43643402623e-09, 1.22776455669e-09, 3.752353539e-09, 3.14094461551e-09, 1.72587777403e-09, 1.88546600555e-09, 1.62836932827e-09, 2.01531191735e-09, 2.39423836312e-09, 2.26047891516e-09, 2.53381626791e-09, 2.09914463589e-09, 1.65023839038e-09, 1.81359927076e-09, 2.08480455122e-09, 1.64917146606e-09, 1.39755385042e-09, 8.30105983951e-10, 5.46065914708e-10, 8.81107166395e-12, 3.73876971049e-12, 6.25991402811e-12, 2.33497184261e-12, 2.36808489484e-12, 2.485881943e-12, 4.02348293571e-12, 1.73283544631e-12, 8.28599396128e-13, 2.74196301515e-13, 2.45713687027e-13, 2.60093243601e-13, 2.57404178267e-13, 2.86214655492e-13, 1.82978035935e-13, 3.23345625448e-13, 1.98404633651e-13, 2.83509706597e-13, 3.00543932189e-13, 3.00534851996e-13, 2.81288989497e-13, 3.17481690893e-13, 2.56232887555e-13, 2.39944864108e-13, 3.04505579822e-13, 2.8427493649e-13, 3.16562558502e-13, 2.93650764512e-13, 3.21362267309e-13, 2.61337202963e-13, 3.14994124534e-13, 3.02508858891e-13, 2.02709200879e-13, 7.92537828984e-14, 1.08601694057e-14, 4.02939105193e-16],
        "stdev": [8.87476562639e-06, 0.000111234054202, 0.000794709834736, 0.00175293942448, 0.00140406377614, 0.00163834227715, 0.00168814870995, 0.00298151909374, 0.00331636541523, 0.00297971931286, 0.00219010631554, 0.00152839871589, 0.000824715825729, 0.00135702942498, 0.00103583850432, 0.00141892489046, 0.00103336072061, 0.00145938585047, 0.000874840246979, 0.00101585849188, 0.000732580956537, 0.00117952039, 0.00197646743618, 0.000389397988329, 0.000275575759588, 0.000479832757264, 0.000727880571503, 0.000339273450663, 0.000120925513329, 0.000183408788871, 0.000172102227225, 0.000243307018536, 0.000308706366923, 0.000181109906407, 0.000202500625164, 0.000139534473419, 0.0004428208631, 0.000526427174918, 0.000284166104393, 0.000486384669784, 0.000102743339085, 0.000155375426402, 0.000100586607005, 0.000102809783129, 1.37011857078e-05, 1.23810841615e-05, 1.94203530555e-05, 1.5445635654e-05, 2.86920258077e-05, 5.54360085516e-05, 5.0271199143e-05, 4.36808659288e-05, 2.96824346151e-05, 2.64723876171e-05, 2.71292465186e-05, 2.9908527722e-05, 3.62477039744e-05, 4.45986515842e-05, 5.17364205734e-05, 1.93641462829e-05, 2.78307070403e-05, 2.29417091759e-05, 2.32187794609e-05, 2.14303436223e-05, 1.35919317472e-05, 5.59159616387e-06, 2.78330867332e-06, 2.19928165279e-06, 1.72818067767e-06, 1.68825692981e-06, 1.99256055566e-06, 2.23056258619e-06, 1.67192865774e-06, 1.55811255809e-06, 1.40774216106e-06, 1.94906101569e-06, 2.36610276261e-06, 1.74310696366e-06, 1.0626583844e-06, 8.62016179326e-07, 6.82556901666e-07, 7.1138686053e-07, 4.22085577156e-07, 4.43699377684e-07, 4.24534192689e-07, 2.97269821203e-07, 2.25449980462e-07, 1.45895000969e-07, 8.69976659601e-08, 8.31030604331e-08, 6.91576076406e-08, 5.7446762014e-08, 3.11345473847e-08, 2.80783307716e-08, 2.10973869486e-08, 2.77538259041e-08, 2.3262099802e-08, 4.8533994601e-09, 2.70809863423e-09, 1.1102816444e-09, 6.9731193042e-10, 6.72228328558e-10, 6.43526287814e-10, 6.16827033895e-10, 5.89132631568e-10, 5.64264357461e-10, 5.4081544798e-10, 5.18109721792e-10, 4.97845764613e-10, 4.77801853638e-10, 4.59664306618e-10, 4.41941955254e-10, 4.254031849e-10, 4.11459394334e-10, 3.97939070584e-10, 3.85341258902e-10, 3.73044067858e-10, 3.62700397494e-10, 3.51621343153e-10, 3.43205824871e-10, 3.34982458439e-10, 3.28285343354e-10, 3.21635135192e-10, 3.16114023846e-10, 3.11947440101e-10, 3.07890990481e-10, 3.05305253301e-10, 3.03679359437e-10]
    },
    "mfcc": {
        "mean": [-732.391784668, 201.029708862, -11.9372005463, 38.970703125, -2.15621471405, 4.690513134, -19.5619678497, 9.5924243927, -14.9483823776, -5.04150247574, -5.16314125061, 6.06685304642, -13.9773511887],
        "cov": [[2335.44458008, 97.11378479, -916.012512207, 224.104110718, -308.30871582, -63.636680603, 7.32441139221, 355.780944824, -55.5768737793, -218.44203186, 205.923171997, 50.0691452026, -94.0573120117], [97.11378479, 703.274108887, -155.258865356, -318.852416992, 187.619995117, -146.478042603, 23.153470993, 93.6464614868, -31.2618331909, -145.805282593, 76.7613143921, -7.86277770996, -60.3878135681], [-916.012512207, -155.258865356, 642.1953125, 15.0314826965, 20.4393215179, 135.882522583, -1.58214008808, -177.608551025, 22.6493034363, 125.139762878, -146.859222412, -7.30711221695, 69.9978713989], [224.104110718, -318.852416992, 15.0314826965, 406.217102051, -1.43906641006, 100.322433472, -39.4377632141, -21.7386493683, 77.0234451294, 53.8081626892, -36.5167045593, 6.97426843643, 54.6083869934], [-308.30871582, 187.619995117, 20.4393215179, -1.43906641006, 360.047515869, 13.6590719223, -74.452041626, -49.5729026794, 68.7199478149, 5.33806848526, -24.3903541565, -6.76683950424, 16.8289070129], [-63.636680603, -146.478042603, 135.882522583, 100.322433472, 13.6590719223, 187.725875854, 23.8114452362, -63.9862670898, 10.7913942337, 58.1070976257, -40.6999855042, 15.0450553894, 43.381023407], [7.32441139221, 23.153470993, -1.58214008808, -39.4377632141, -74.452041626, 23.8114452362, 222.138076782, 82.8531723022, -59.3322105408, 28.3190402985, 31.7876625061, -11.4956979752, -6.79769039154], [355.780944824, 93.6464614868, -177.608551025, -21.7386493683, -49.5729026794, -63.9862670898, 82.8531723022, 218.984375, 13.323223114, -62.2280693054, 74.3799819946, -17.3931121826, -35.5909538269], [-55.5768737793, -31.2618331909, 22.6493034363, 77.0234451294, 68.7199478149, 10.7913942337, -59.3322105408, 13.323223114, 125.623985291, 22.2856788635, -25.2479324341, 4.06231117249, 20.3602867126], [-218.44203186, -145.805282593, 125.139762878, 53.8081626892, 5.33806848526, 58.1070976257, 28.3190402985, -62.2280693054, 22.2856788635, 141.183395386, -17.0158443451, -4.26282978058, 35.0638847351], [205.923171997, 76.7613143921, -146.859222412, -36.5167045593, -24.3903541565, -40.6999855042, 31.7876625061, 74.3799819946, -25.2479324341, -17.0158443451, 129.328262329, 25.5421981812, -33.7199058533], [50.0691452026, -7.86277770996, -7.30711221695, 6.97426843643, -6.76683950424, 15.0450553894, -11.4956979752, -17.3931121826, 4.06231117249, -4.26282978058, 25.5421981812, 88.7049484253, 20.025560379], [-94.0573120117, -60.3878135681, 69.9978713989, 54.6083869934, 16.8289070129, 43.381023407, -6.79769039154, -35.5909538269, 20.3602867126, 35.0638847351, -33.7199058533, 20.025560379, 88.7789764404]],
        "icov": [[0.00386895472184, -0.0035036066547, 0.00510529754683, -0.00410078000277, 0.00460753822699, -0.00433068955317, 0.00412537297234, -0.00482137175277, 0.00364747294225, -0.00268048327416, 0.00321621424519, -0.00272645032965, 0.00189746217802], [-0.0035036066547, 0.00765129784122, -0.00478798290715, 0.00634973915294, -0.0067765484564, 0.00517772138119, -0.00536264618859, 0.00477156415582, -0.00427546724677, 0.00640411302447, -0.0049387854524, 0.0030988289509, -0.00250500370748], [0.00510529754683, -0.00478798290715, 0.0096672354266, -0.00479916948825, 0.00641534943134, -0.00678642792627, 0.00512347044423, -0.0052757197991, 0.00432761153206, -0.0051455446519, 0.0066889366135, -0.00374991283752, 0.00228543160483], [-0.00410078000277, 0.00634973915294, -0.00479916948825, 0.0095012197271, -0.00581758981571, 0.0033795805648, -0.00464199762791, 0.00515170348808, -0.00617990642786, 0.0043618218042, -0.00415903329849, 0.00363639974967, -0.00362995662726], [0.00460753822699, -0.0067765484564, 0.00641534943134, -0.00581758981571, 0.0104970857501, -0.00633502705023, 0.00600419286638, -0.00452999677509, 0.00233544176444, -0.00477353250608, 0.00431111874059, -0.00250060344115, 0.00209293025546], [-0.00433068955317, 0.00517772138119, -0.00678642792627, 0.0033795805648, -0.00633502705023, 0.0137158306316, -0.00715342862532, 0.00710617937148, -0.00424145581201, 0.00363510427997, -0.00372920767404, 0.00192493305076, -0.0033080575522], [0.00412537297234, -0.00536264618859, 0.00512347044423, -0.00464199762791, 0.00600419286638, -0.00715342862532, 0.0142141534016, -0.0117128435522, 0.0100971283391, -0.00887274928391, 0.00542114535347, -0.00378976901993, 0.00239132693969], [-0.00482137175277, 0.00477156415582, -0.0052757197991, 0.00515170348808, -0.00452999677509, 0.00710617937148, -0.0117128435522, 0.0190742537379, -0.0123016824946, 0.00999211147428, -0.00985548645258, 0.0076068402268, -0.00331970117986], [0.00364747294225, -0.00427546724677, 0.00432761153206, -0.00617990642786, 0.00233544176444, -0.00424145581201, 0.0100971283391, -0.0123016824946, 0.0197071935982, -0.00891322363168, 0.00802011787891, -0.00593900308013, 0.00220320699736], [-0.00268048327416, 0.00640411302447, -0.0051455446519, 0.0043618218042, -0.00477353250608, 0.00363510427997, -0.00887274928391, 0.00999211147428, -0.00891322363168, 0.019055692479, -0.00926153641194, 0.0062779779546, -0.00507056014612], [0.00321621424519, -0.0049387854524, 0.0066889366135, -0.00415903329849, 0.00431111874059, -0.00372920767404, 0.00542114535347, -0.00985548645258, 0.00802011787891, -0.00926153641194, 0.0198265202343, -0.00959037337452, 0.00631385762244], [-0.00272645032965, 0.0030988289509, -0.00374991283752, 0.00363639974967, -0.00250060344115, 0.00192493305076, -0.00378976901993, 0.0076068402268, -0.00593900308013, 0.0062779779546, -0.00959037337452, 0.0177869908512, -0.00654033944011], [0.00189746217802, -0.00250500370748, 0.00228543160483, -0.00362995662726, 0.00209293025546, -0.0033080575522, 0.00239132693969, -0.00331970117986, 0.00220320699736, -0.00507056014612, 0.00631385762244, -0.00654033944011, 0.0174438916147]]
    },
    "spectral_contrast_coeffs": {
        "max": [-0.39970934391, -0.469278544188, -0.46136111021, -0.57780957222, -0.510508775711, -0.425380170345],
        "mean": [-0.662795722485, -0.721910536289, -0.761205792427, -0.789719998837, -0.761938393116, -0.721798121929],
        "min": [-0.866192221642, -0.893672704697, -0.904660105705, -0.901644349098, -0.901982367039, -0.918529927731],
        "stdev": [0.0732374116778, 0.0702487006783, 0.0757129713893, 0.0544753856957, 0.0780346244574, 0.0571468509734]
    },
    "spectral_contrast_valleys": {
        "max": [-5.12826728821, -5.20373439789, -5.60239744186, -6.57316827774, -6.7188577652, -11.5237636566],
        "mean": [-6.61596679688, -6.74466180801, -7.89586734772, -8.36718082428, -8.80795001984, -12.6169404984],
        "min": [-8.41354179382, -8.4558506012, -9.64639186859, -9.9495677948, -10.2752532959, -14.1465244293],
        "stdev": [0.533979594707, 0.545802533627, 0.629664599895, 0.525749385357, 0.628759145737, 0.264924049377]
    }
},
"rhythm": {
    "beats_count": 77,
    "beats_loudness": {
        "max": 0.124033279717,
        "mean": 0.0342903472483,
        "min": 0.00271532032639,
        "stdev": 0.0259700864553
    },
    "bpm": 143.871887207,
    "bpm_histogram_first_peak_bpm": 144,
    "bpm_histogram_first_peak_weight": 0.646153867245,
    "bpm_histogram_second_peak_bpm": 136,
    "bpm_histogram_second_peak_spread": 0,
    "bpm_histogram_second_peak_weight": 0.0921052619815,
    "danceability": 0.991503119469,
    "onset_rate": 2.49169898033,
    "beats_loudness_band_ratio": {
        "max": [0.928314626217, 0.817687571049, 0.798724293709, 0.590002536774, 0.230867579579, 0.0783848315477],
        "mean": [0.404849797487, 0.399219870567, 0.2115816921, 0.0702580139041, 0.0269652288407, 0.0052608884871],
        "min": [0.0292152427137, 0.02639731206, 0.011460329406, 0.00373334996402, 0.000669413420837, 0.000143042430864],
        "stdev": [0.23850029707, 0.207461923361, 0.172411724925, 0.11054110527, 0.037265047431, 0.0123405894265]
    },
    "beats_position": [0.441179126501, 0.882358253002, 1.3235373497, 1.764716506, 2.19428563118, 2.62385487556, 3.05342388153, 3.47138309479, 3.88934230804, 4.29569149017, 4.73687076569, 5.16644001007, 5.58439922333, 6.01396799088, 6.45514726639, 6.88471651077, 7.31428575516, 7.74385452271, 8.17342376709, 8.60299301147, 9.0093421936, 9.42730140686, 9.84526062012, 10.2632198334, 10.6811790466, 11.110748291, 11.5403175354, 11.9466667175, 12.3530158997, 12.7709751129, 13.1889343262, 13.6185035706, 14.0480718613, 14.4660310745, 14.8839902878, 15.2903394699, 15.7082986832, 16.1262588501, 16.5442180634, 16.9737873077, 17.4033565521, 17.8329238892, 18.2508831024, 18.6688423157, 19.0984115601, 19.5395908356, 19.9807701111, 20.4103393555, 20.8282985687, 21.246257782, 21.6526069641, 22.0705661774, 22.4769153595, 22.8832645416, 23.2896137238, 23.6959629059, 24.102312088, 24.5202713013, 24.9382305145, 25.3561897278, 25.7625389099, 26.168888092, 26.5752372742, 26.9815864563, 27.3879356384, 27.7942848206, 28.1890239716, 28.5837631226, 28.9785022736, 29.3848514557, 29.7795906067, 30.1975498199, 30.6038990021, 31.0102481842, 31.4165973663, 31.8229465485, 32.2292976379],
