{
"metadata": {
    "version": {
        "essentia": "2.1-beta5",
        "essentia_git_sha": "Undefined",
        "extractor": "music 2.0"
    },
    "audio_properties": {
        "analysis": {
            "equal_loudness": 0,
            "length": 48.7502937317,
            "sample_rate": 44100,
            "start_time": 94.0059890747,
            "downmix": "mix"
        },
        "bit_rate": 192000,
        "length": 183.646621704,
        "lossless": 0,
        "number_channels": 2,
        "replay_gain": -1.93074417114,
        "sample_rate": 44100,
        "codec": "mp3",
        "md5_encoded": "dc17d2c9274377afbe90228677cb6938"
    },
    "tags": {
        "file_name": "Iceland_Sókrates_Beathoven.mp3",
        "encoding": ["Lavf58.29.100"]
    }
},
"lowlevel": {
    "average_loudness": 0.962831318378,
    "barkbands_crest": {
        "max": 24.5597133636,
        "mean": 10.5171775818,
        "min": 3.28077054024,
        "stdev": 4.4973692894
    },
    "barkbands_flatness_db": {
        "max": 0.362658888102,
        "mean": 0.216574341059,
        "min": 0.0867339670658,
        "stdev": 0.0379188321531
    },
    "barkbands_kurtosis": {
        "max": 63.7052307129,
        "mean": 4.41345214844,
        "min": -1.90722692013,
        "stdev": 7.69956111908
    },
    "barkbands_skewness": {
        "max": 7.21507930756,
        "mean": 1.36796307564,
        "min": -2.19641447067,
        "stdev": 1.23078763485
    },
    "barkbands_spread": {
        "max": 72.8469161987,
        "mean": 13.5115394592,
        "min": 1.35375285149,
        "stdev": 8.2589969635
    },
    "dissonance": {
        "max": 0.500000119209,
        "mean": 0.447879016399,
        "min": 0.26552644372,
        "stdev": 0.033521939069
    },
    "dynamic_complexity": 2.70795345306,
    "erbbands_crest": {
        "max": 29.6495132446,
        "mean": 10.8057899475,
        "min": 2.89473390579,
        "stdev": 4.91509246826
    },
    "erbbands_flatness_db": {
        "max": 0.370311588049,
        "mean": 0.255590945482,
        "min": 0.155411034822,
        "stdev": 0.0380574725568
    },
    "erbbands_kurtosis": {
        "max": 33.3563842773,
        "mean": 1.25223493576,
        "min": -1.84238564968,
        "stdev": 2.97811126709
    },
    "erbbands_skewness": {
        "max": 4.33150053024,
        "mean": 0.557276129723,
        "min": -4.93904209137,
        "stdev": 0.878185093403
    },
    "erbbands_spread": {
        "max": 95.5256195068,
        "mean": 27.3927688599,
        "min": 3.69678616524,
        "stdev": 14.5262737274
    },
    "hfc": {
        "max": 70.2312011719,
        "mean": 16.2994422913,
        "min": 0.0955929383636,
        "stdev": 12.5194759369
    },
    "loudness_ebu128": {
        "integrated": -22.3992214203,
        "loudness_range": 2.47249031067,
        "momentary": {
            "max": -18.8484573364,
            "mean": -22.9971046448,
            "min": -33.4287643433,
            "stdev": 2.45635199547
        },
        "short_term": {
            "max": -20.7733612061,
            "mean": -22.5906505585,
            "min": -27.5345401764,
            "stdev": 1.11544001102
        }
    },
    "melbands_crest": {
        "max": 29.0457000732,
        "mean": 12.8119077682,
        "min": 3.94195175171,
        "stdev": 4.70909309387
    },
    "melbands_flatness_db": {
        "max": 0.426377743483,
        "mean": 0.244520112872,
        "min": 0.0994313135743,
        "stdev": 0.0479367375374
    },
    "melbands_kurtosis": {
        "max": 115.636016846,
        "mean": 9.20630264282,
        "min": -1.77235496044,
        "stdev": 13.4444589615
    },
    "melbands_skewness": {
        "max": 8.39382648468,
        "mean": 1.94061481953,
        "min": -1.14651989937,
        "stdev": 1.48718297482
    },
    "melbands_spread": {
        "max": 173.87171936,
        "mean": 17.7803287506,
        "min": 1.10439956188,
        "stdev": 12.3581504822
    },
    "pitch_salience": {
        "max": 0.847510516644,
        "mean": 0.572302818298,
        "min": 0.201639890671,
        "stdev": 0.103698931634
    },
    "silence_rate_20dB": {
        "max": 1,
        "mean": 1,
        "min": 1,
        "stdev": 0
    },
    "silence_rate_30dB": {
        "max": 1,
        "mean": 0.998096168041,
        "min": 0,
        "stdev": 0.0435914471745
    },
    "silence_rate_60dB": {
        "max": 1,
        "mean": 0.0233222283423,
        "min": 0,
        "stdev": 0.150929346681
    },
    "spectral_centroid": {
        "max": 4279.74853516,
        "mean": 1038.74169922,
        "min": 200.899398804,
        "stdev": 466.349609375
    },
    "spectral_complexity": {
        "max": 39,
        "mean": 16.2693958282,
        "min": 0,
        "stdev": 5.11894273758
    },
    "spectral_decrease": {
        "max": -2.79921173046e-11,
        "mean": -5.93278270955e-09,
        "min": -3.8107931033e-08,
        "stdev": 4.34641611591e-09
    },
    "spectral_energy": {
        "max": 0.148981779814,
        "mean": 0.0238700993359,
        "min": 0.000114319402201,
        "stdev": 0.0172792300582
    },
    "spectral_energyband_high": {
        "max": 0.00234032562003,
        "mean": 0.000185540877283,
        "min": 1.12343582259e-06,
        "stdev": 0.000237320127781
    },
    "spectral_energyband_low": {
        "max": 0.0479216724634,
        "mean": 0.00252117612399,
        "min": 1.47869386637e-05,
        "stdev": 0.00349441473372
    },
    "spectral_energyband_middle_high": {
        "max": 0.0662541911006,
        "mean": 0.00676970975474,
        "min": 5.06254627908e-06,
        "stdev": 0.00907884724438
    },
    "spectral_energyband_middle_low": {
        "max": 0.142294824123,
        "mean": 0.0154103059322,
        "min": 5.62510103919e-05,
        "stdev": 0.0149989891797
    },
    "spectral_entropy": {
        "max": 7.98302078247,
        "mean": 7.1543211937,
        "min": 5.91963100433,
        "stdev": 0.347509145737
    },
    "spectral_flux": {
        "max": 0.259997785091,
        "mean": 0.0754748508334,
        "min": 0.00510464282706,
        "stdev": 0.0371392667294
    },
    "spectral_kurtosis": {
        "max": 31.0077972412,
        "mean": 5.37636566162,
        "min": -1.1566747427,
        "stdev": 4.68231296539
    },
    "spectral_rms": {
        "max": 0.0120560387149,
        "mean": 0.00453866226599,
        "min": 0.000333962758305,
        "stdev": 0.00163965905085
    },
    "spectral_rolloff": {
        "max": 5857.03125,
        "mean": 1107.36779785,
        "min": 172.265625,
        "stdev": 726.15246582
    },
    "spectral_skewness": {
        "max": 4.00204849243,
        "mean": 1.37740588188,
        "min": -0.541402876377,
        "stdev": 0.599742174149
    },
    "spectral_spread": {
        "max": 4758333,
        "mean": 2704538.5,
        "min": 1573486.625,
        "stdev": 528670.5625
    },
    "spectral_strongpeak": {
        "max": 10.3522872925,
        "mean": 1.60054659843,
        "min": 0.0073252255097,
        "stdev": 1.65294861794
    },
    "zerocrossingrate": {
        "max": 0.20263671875,
        "mean": 0.0430628731847,
        "min": 0.005859375,
        "stdev": 0.0175865553319
    },
    "barkbands": {
        "max": [2.68786079687e-05, 0.0162499304861, 0.0351970717311, 0.0298530086875, 0.117396004498, 0.0777756422758, 0.0681013762951, 0.0791720673442, 0.0358298271894, 0.0533607564867, 0.0416810922325, 0.0349714010954, 0.0183965079486, 0.0280026681721, 0.00895972270519, 0.00809538923204, 0.00691627245396, 0.00469769490883, 0.00277587398887, 0.00118102447595, 0.00141280295793, 0.000980486976914, 0.000273783400189, 1.83851097972e-05, 1.03925265194e-06, 1.01310638456e-06, 1.07868436316e-06],
        "mean": [2.30509613175e-06, 0.000338841084158, 0.0013384942431, 0.00151922088116, 0.00544123817235, 0.00227470346726, 0.00174146157224, 0.0024740959052, 0.00159850774799, 0.00138961488847, 0.00148817838635, 0.00133374449797, 0.000583414104767, 0.000756009947509, 0.000394069298636, 0.000314967852319, 0.000266326998826, 0.000208565819776, 0.000166182493558, 0.000122229932458, 7.06116843503e-05, 3.55643278453e-05, 9.95302707452e-06, 1.78645711912e-06, 3.32762084554e-08, 1.32033806111e-09, 1.44094314258e-09],
        "min": [3.3286924328e-09, 1.83228485184e-06, 2.4540108825e-06, 3.50897789758e-06, 1.96767850866e-05, 5.7187389757e-06, 3.22194046021e-06, 9.36875608204e-07, 4.37107928519e-07, 3.74739954623e-07, 3.74748282184e-07, 9.71807239125e-08, 1.19582551861e-07, 2.196885589e-07, 1.12167839461e-07, 2.08746030239e-07, 2.46790989422e-07, 2.57140555959e-07, 2.4600984716e-07, 1.81256979204e-07, 2.41408628199e-07, 2.09540729657e-07, 7.03506657374e-08, 3.34550485093e-08, 6.21954571178e-11, 7.84491568928e-11, 1.13352327524e-10],
        "stdev": [2.9144164273e-06, 0.000906195607968, 0.00222303671762, 0.00246155052446, 0.0100139845163, 0.00442269816995, 0.00492992578074, 0.00590569945052, 0.00286080408841, 0.00346707971767, 0.00421692663804, 0.00348294898868, 0.00132238003425, 0.00247293501161, 0.000793260231148, 0.000664901803248, 0.000635389995296, 0.000368726323359, 0.000170070212334, 0.000137110677315, 0.000100524273876, 6.57413256704e-05, 1.87851583178e-05, 2.32738079831e-06, 3.58534322231e-08, 2.21180886939e-08, 2.3548944128e-08]
    },
    "erbbands": {
        "max": [0.135568782687, 4.8794798851, 22.9957427979, 76.1529388428, 130.892379761, 466.542388916, 1055.38891602, 922.012512207, 742.114135742, 1333.98291016, 1510.03027344, 968.590820312, 1109.78796387, 2389.79418945, 1860.92004395, 1270.04150391, 998.911132812, 1678.66064453, 816.08404541, 300.253265381, 421.611633301, 383.455810547, 212.887969971, 123.279205322, 157.079544067, 63.3681297302, 74.1653747559, 43.1582641602, 38.3185386658, 18.5613765717, 4.85101556778, 0.729094147682, 0.112947128713, 0.0119565520436, 0.00734590599313, 0.0040382463485, 0.00187938136514, 0.000668074004352, 0.000156580645125, 0.000166908197571],
        "mean": [0.00525049632415, 0.107410505414, 1.04616260529, 4.11244535446, 7.81074476242, 19.7782096863, 24.0251750946, 20.9452037811, 23.7915554047, 43.4862327576, 41.9944877625, 35.8717308044, 38.1038970947, 64.8503417969, 58.7869529724, 44.7446212769, 27.9093284607, 41.9876708984, 25.1302757263, 16.9814472198, 18.1474304199, 14.4825706482, 12.5371236801, 9.87793827057, 6.88491630554, 5.80510187149, 3.60540008545, 2.34960579872, 1.40164351463, 0.648354411125, 0.239802137017, 0.0687500908971, 0.0164960790426, 0.00154957175255, 8.04208393674e-05, 2.59257103608e-05, 1.28373330881e-05, 3.94716062146e-06, 1.2626890566e-05, 2.77723629551e-05],
        "min": [0.000110352775664, 0.000613584998064, 0.00586589612067, 0.0319915935397, 0.0832996368408, 0.0492212958634, 0.0433083362877, 0.0424595214427, 0.0511557646096, 0.030858842656, 0.021687220782, 0.0105132423341, 0.0138271804899, 0.00900329835713, 0.0162265207618, 0.00579191790894, 0.00758243817836, 0.0124666169286, 0.00874191801995, 0.00908107869327, 0.011672237888, 0.0147504173219, 0.0160227306187, 0.0106006879359, 0.0130018871278, 0.00890209525824, 0.0108775310218, 0.00832352973521, 0.0064825960435, 0.00596824102104, 0.00160920550115, 0.000689871201757, 0.000551675679162, 0.000132429981022, 1.42903127198e-05, 2.26757288146e-06, 8.2150580738e-07, 1.60257854986e-07, 6.96931465427e-07, 4.16311394247e-07],
        "stdev": [0.0120019474998, 0.256996154785, 1.73858487606, 5.79717302322, 11.138092041, 37.6895065308, 58.9620018005, 46.1155662537, 57.5824813843, 97.3696136475, 87.1541748047, 68.6278839111, 72.6281204224, 179.036315918, 151.507003784, 110.262390137, 58.9816436768, 120.572982788, 60.4728355408, 27.4059486389, 37.562953949, 33.3312339783, 21.1807594299, 11.0466041565, 7.45589637756, 6.73641347885, 4.73223018646, 3.54279994965, 2.53018975258, 1.30361497402, 0.427893966436, 0.103021077812, 0.015503430739, 0.00114379508886, 0.000166695332155, 8.88574722921e-05, 4.1435174353e-05, 1.47008022395e-05, 9.20458205655e-06, 1.97299541469e-05]
    },
    "gfcc": {
        "mean": [-64.9694671631, 172.593063354, -177.680679321, 38.8483276367, -67.8136138916, -20.3635673523, -17.5793075562, -27.548122406, -5.07714176178, -30.0267429352, -1.43384838104, -22.4276103973, -2.28300404549],
        "cov": [[1611.81958008, -136.277603149, -572.326965332, -147.422546387, -25.3525009155, -22.0051002502, 177.472854614, -135.710327148, -29.6795463562, 18.9775714874, -52.7614479065, 48.4524726868, -55.1072998047], [-136.277603149, 318.631317139, 110.997520447, -204.119247437, 120.437667847, -24.140914917, -4.26951646805, 71.0819168091, -6.29723405838, 5.46143388748, 31.5841140747, -42.840385437, 17.1564311981], [-572.326965332, 110.997520447, 512.225769043, 205.306106567, -29.3863811493, -34.1598625183, -109.805374146, 54.3456306458, 35.1372718811, -40.048992157, 2.87820577621, -33.9161643982, 12.9849205017], [-147.422546387, -204.119247437, 205.306106567, 504.633575439, -66.7556304932, -20.4544944763, -75.5461273193, 4.89698839188, 77.4367752075, -38.9816513062, -48.0820198059, 15.5681781769, -11.7267532349], [-25.3525009155, 120.437667847, -29.3863811493, -66.7556304932, 235.62437439, 30.9833869934, -20.6194801331, 33.5644226074, -6.72785997391, 16.5058231354, 9.55539798737, -4.16920852661, 18.0889606476], [-22.0051002502, -24.140914917, -34.1598625183, -20.4544944763, 30.9833869934, 222.622711182, 119.98651123, -52.2116012573, -71.9540100098, 9.8034029007, 22.0944805145, -19.554359436, -7.82131052017], [177.472854614, -4.26951646805, -109.805374146, -75.5461273193, -20.6194801331, 119.98651123, 210.454315186, 3.2126057148, -57.2297210693, 35.8409004211, 21.1730556488, 1.67023897171, -17.9161262512], [-135.710327148, 71.0819168091, 54.3456306458, 4.89698839188, 33.5644226074, -52.2116012573, 3.2126057148, 143.174255371, 73.1644744873, 4.43798875809, 1.53212022781, 1.9138045311, 10.8820753098], [-29.6795463562, -6.29723405838, 35.1372718811, 77.4367752075, -6.72785997391, -71.9540100098, -57.2297210693, 73.1644744873, 117.371047974, 16.6773204803, -22.5189685822, 5.30144023895, -0.172493383288], [18.9775714874, 5.46143388748, -40.048992157, -38.9816513062, 16.5058231354, 9.8034029007, 35.8409004211, 4.43798875809, 16.6773204803, 78.5559921265, 35.8675270081, 0.627795636654, -8.86669445038], [-52.7614479065, 31.5841140747, 2.87820577621, -48.0820198059, 9.55539798737, 22.0944805145, 21.1730556488, 1.53212022781, -22.5189685822, 35.8675270081, 70.0927810669, 20.5365028381, 2.38822674751], [48.4524726868, -42.840385437, -33.9161643982, 15.5681781769, -4.16920852661, -19.554359436, 1.67023897171, 1.9138045311, 5.30144023895, 0.627795636654, 20.5365028381, 70.5380783081, 26.3968601227], [-55.1072998047, 17.1564311981, 12.9849205017, -11.7267532349, 18.0889606476, -7.82131052017, -17.9161262512, 10.8820753098, -0.172493383288, -8.86669445038, 2.38822674751, 26.3968601227, 60.2068023682]],
        "icov": [[0.00163495820016, -0.000326617766405, 0.00138610810973, -0.000155086629093, -0.000813697930425, 0.00193658482749, -0.00302371941507, 0.00351743237115, -0.00287812505849, 0.00230356748216, -0.000568306713831, -1.13627647806e-05, 0.000579429499339], [-0.000326617766405, 0.0158400982618, -0.00644573383033, 0.00727983377874, -0.00913222972304, 0.00702041666955, -0.00916058197618, 0.00421641068533, -0.0103309433907, 0.0119605949149, -0.0135661335662, 0.0132848890498, -0.00539154885337], [0.00138610810973, -0.00644573383033, 0.00706846173853, -0.00450382847339, 0.00376291200519, -0.00168646068778, 0.00323662348092, -0.00125549221411, 0.00324686197564, -0.00212392653339, 0.00233415188268, -0.00205994118005, 0.0010512721492], [-0.000155086629093, 0.00727983377874, -0.00450382847339, 0.00677819689736, -0.00377237703651, 0.0020469839219, -0.00384751195088, 0.00293266144581, -0.00712545588613, 0.0058654868044, -0.00374438636936, 0.00299026467837, -0.000519617518876], [-0.000813697930425, -0.00913222972304, 0.00376291200519, -0.00377237703651, 0.0125954914838, -0.0090426215902, 0.012944416143, -0.0109984446317, 0.0139654781669, -0.0143429376185, 0.0128439925611, -0.00987796019763, 0.00294118584134], [0.00193658482749, 0.00702041666955, -0.00168646068778, 0.0020469839219, -0.0090426215902, 0.0170449614525, -0.0177213717252, 0.0143799344078, -0.0133172115311, 0.0152510832995, -0.0150886373594, 0.0131585653871, -0.00536980479956], [-0.00302371941507, -0.00916058197618, 0.00323662348092, -0.00384751195088, 0.012944416143, -0.0177213717252, 0.0300969835371, -0.0239599142224, 0.0285303089768, -0.0267262365669, 0.021745480597, -0.0165305864066, 0.00802164617926], [0.00351743237115, 0.00421641068533, -0.00125549221411, 0.00293266144581, -0.0109984446317, 0.0143799344078, -0.0239599142224, 0.0334575213492, -0.0327477827668, 0.0246251132339, -0.0202462375164, 0.0123561769724, -0.00622624205425], [-0.00287812505849, -0.0103309433907, 0.00324686197564, -0.00712545588613, 0.0139654781669, -0.0133172115311, 0.0285303089768, -0.0327477827668, 0.0504767969251, -0.037458371371, 0.0328482985497, -0.0201594326645, 0.00886821188033], [0.00230356748216, 0.0119605949149, -0.00212392653339, 0.0058654868044, -0.0143429376185, 0.0152510832995, -0.0267262365669, 0.0246251132339, -0.037458371371, 0.0498040132225, -0.038902901113, 0.0230907630175, -0.0071660564281], [-0.000568306713831, -0.0135661335662, 0.00233415188268, -0.00374438636936, 0.0128439925611, -0.0150886373594, 0.021745480597, -0.0202462375164, 0.0328482985497, -0.038902901113, 0.053481861949, -0.0316822305322, 0.0125582050532], [-1.13627647806e-05, 0.0132848890498, -0.00205994118005, 0.00299026467837, -0.00987796019763, 0.0131585653871, -0.0165305864066, 0.0123561769724, -0.0201594326645, 0.0230907630175, -0.0316822305322, 0.0412686467171, -0.0187386777252], [0.000579429499339, -0.00539154885337, 0.0010512721492, -0.000519617518876, 0.00294118584134, -0.00536980479956, 0.00802164617926, -0.00622624205425, 0.00886821188033, -0.0071660564281, 0.0125582050532, -0.0187386777252, 0.026966996491]]
    },
    "melbands": {
        "max": [0.00271717552096, 0.00913793593645, 0.0148412566632, 0.0140177030116, 0.0325884148479, 0.0184007827193, 0.0104362377897, 0.0174255669117, 0.0101014319807, 0.00575688201934, 0.00571181159467, 0.00907499343157, 0.00565471220762, 0.00450533023104, 0.00306766852736, 0.00216125673614, 0.00341017660685, 0.00192382419482, 0.00093536300119, 0.000817515712697, 0.000470801227493, 0.000507534889039, 0.000407775165513, 0.000270288641332, 8.31501820358e-05, 0.000131047374452, 5.89628434682e-05, 4.63133110316e-05, 5.11012258357e-05, 3.16767291224e-05, 3.30717775796e-05, 2.51088076766e-05, 1.27058719954e-05, 1.08471022031e-05, 3.94520702685e-06, 1.01134389752e-06, 2.9090600151e-07, 9.462328876e-08, 2.58931063257e-08, 9.6249710424e-09],
        "mean": [7.11120010237e-05, 0.000451867934316, 0.000789617246483, 0.000937713542953, 0.000956275558565, 0.000446229358204, 0.000370472145732, 0.000525631359778, 0.000315200421028, 0.000228840057389, 0.000184726639418, 0.000254528917139, 0.000181492141564, 0.000174259883352, 6.5470005211e-05, 7.30987740098e-05, 7.69225662225e-05, 4.08316191169e-05, 2.94607416436e-05, 2.05767009902e-05, 2.07726116059e-05, 1.48967819769e-05, 1.32535169541e-05, 9.82727942755e-06, 7.90236481407e-06, 5.7698589444e-06, 4.04865158998e-06, 3.90344484913e-06, 2.36731693803e-06, 1.78656000571e-06, 1.2097459603e-06, 8.5601311639e-07, 5.2748350754e-07, 2.90080350851e-07, 1.5176547663e-07, 6.84627252667e-08, 2.98528632925e-08, 1.24083099351e-08, 4.42395986511e-09, 9.64232721445e-11],
        "min": [5.15973852089e-07, 3.12728661811e-06, 8.71451084095e-06, 5.01316799273e-06, 1.45695355513e-06, 1.00523391211e-06, 7.47106355448e-07, 2.32413682966e-07, 1.51816436755e-07, 6.60765451244e-08, 6.16933348851e-08, 3.49375817166e-08, 5.33168034167e-08, 1.40027269779e-08, 1.72618417338e-08, 1.55782977629e-08, 1.98912157856e-08, 1.13397291557e-08, 9.58697032871e-09, 1.4893814182e-08, 9.83662484799e-09, 1.2554180806e-08, 1.54269841346e-08, 1.15488152375e-08, 7.63853869046e-09, 1.14098126502e-08, 6.47999920389e-09, 5.43750422466e-09, 6.51630083226e-09, 3.92969967677e-09, 4.21321777466e-09, 3.28797433724e-09, 3.96907129385e-09, 2.83680123836e-09, 1.14850751132e-09, 2.2318487336e-10, 5.32943855713e-10, 1.39419183663e-12, 5.69987525061e-13, 5.39966183745e-13],
        "stdev": [0.000185503769899, 0.000699895259459, 0.00106585246976, 0.00134222547058, 0.00229211081751, 0.000945790146943, 0.000943957886193, 0.00120698963292, 0.000635731383227, 0.000440858973889, 0.000382403464755, 0.000714951485861, 0.000451653264463, 0.000456244248198, 0.000204457697691, 0.000170776300365, 0.000242370704655, 0.000128650513943, 6.41982114757e-05, 4.51523192169e-05, 4.52173953818e-05, 3.41020640917e-05, 2.97822571156e-05, 2.00031736313e-05, 8.69470386533e-06, 6.80870562064e-06, 4.61540048491e-06, 5.23623702975e-06, 3.14709495797e-06, 2.76768287222e-06, 2.02336991606e-06, 1.59135504418e-06, 1.03592208234e-06, 6.20750029157e-07, 2.83001782009e-07, 1.11010187709e-07, 4.20810692958e-08, 1.17366605323e-08, 3.31821659039e-09, 2.21484233731e-10]
    },
    "melbands128": {
        "max": [2.39102500927e-05, 0.000497737375554, 0.00306235160679, 0.0102834450081, 0.0124749112874, 0.0219359640032, 0.0176032930613, 0.0165921282023, 0.0166849251837, 0.0104574682191, 0.0277281794697, 0.0535362511873, 0.0495655164123, 0.0153731200844, 0.0211557038128, 0.0328149646521, 0.0202786177397, 0.0179210342467, 0.0292330216616, 0.0151190813631, 0.0333434157073, 0.0255594104528, 0.00990101043135, 0.0097738429904, 0.0112608298659, 0.0101964324713, 0.00735201919451, 0.0100947078317, 0.0167612172663, 0.0146732470021, 0.0205842144787, 0.00881344079971, 0.00958035420626, 0.0129136322066, 0.0120135080069, 0.00908109825104, 0.00551508134231, 0.00692402245477, 0.00211648829281, 0.00542678404599, 0.00320542533882, 0.00595127837732, 0.00798948667943, 0.00559030706063, 0.00588857242838, 0.00148811039981, 0.00152240751777, 0.00206745811738, 0.000846045382787, 0.000623582687695, 0.00175678287633, 0.000676481518894, 0.00118703732733, 0.00083567481488, 0.00106863782275, 0.00100124254823, 0.000974791648332, 0.000963459373452, 0.000405683764257, 0.000367202184862, 0.000511759310029, 0.000539321103133, 0.000189139056602, 0.000105239407276, 0.000107750165625, 0.000180952265509, 0.000169365550391, 0.000105517836346, 8.64622488734e-05, 6.88970685587e-05, 9.62139019975e-05, 0.000130502230604, 4.01728284487e-05, 7.79461988714e-05, 6.26163673587e-05, 6.6438682552e-05, 5.03113842569e-05, 2.25932017202e-05, 4.62577336293e-05, 4.29338069807e-05, 2.62765661319e-05, 3.22629457514e-05, 2.25289313676e-05, 1.70905259438e-05, 1.32723998831e-05, 1.06109764602e-05, 1.21167595353e-05, 9.81709399639e-06, 3.38353424922e-06, 2.70176587946e-06, 1.15308262139e-06, 1.18675256999e-06, 7.73051738179e-07, 3.60968130053e-07, 2.65599368277e-07, 1.61475185223e-07, 9.37154709391e-08, 6.2313098681e-08, 4.45392096537e-08, 1.10723465951e-08, 1.00317780749e-08, 9.52071310678e-09, 9.05865871204e-09, 8.73960015468e-09, 8.30950597219e-09, 7.90909471249e-09, 7.54017648319e-09, 7.23729920438e-09, 6.94547575009e-09, 6.67681199218e-09, 6.39697317339e-09, 6.19636963961e-09, 5.95117333191e-09, 5.74047609447e-09, 5.54520251939e-09, 5.35447064465e-09, 5.18248866044e-09, 5.01630381677e-09, 4.91177987172e-09, 4.76968109453e-09, 4.66900074159e-09, 4.57278170884e-09, 4.47887726907e-09, 4.39766756344e-09, 4.32374003267e-09, 4.28642543682e-09, 4.23110524395e-09, 4.24366453089e-09],
        "mean": [1.84009547866e-06, 2.08386773011e-05, 9.49221430346e-05, 0.000176019297214, 0.000330222537741, 0.000785676122177, 0.000870986958034, 0.000711979984771, 0.000789612066001, 0.000752463645767, 0.00113351515029, 0.00152366969269, 0.000839013198856, 0.00036386155989, 0.000486895616632, 0.000496211345308, 0.000323092681356, 0.000382979371352, 0.000381651596399, 0.000440661766334, 0.0007298119599, 0.000419250543928, 0.000245998584433, 0.000211756603676, 0.000219059147639, 0.00024729463621, 0.00021882733563, 0.000172350730281, 0.000149092462379, 0.000228512464673, 0.000364878564142, 0.000182698131539, 0.000101013727544, 0.000234090126469, 0.000247723190114, 0.000131112712552, 9.55600189627e-05, 7.68206737121e-05, 3.00905503536e-05, 5.48404168512e-05, 7.83591385698e-05, 0.000107646985271, 8.13754741102e-05, 6.14744130871e-05, 5.43620262761e-05, 3.15537909046e-05, 3.22374035022e-05, 4.20654905611e-05, 1.91485814867e-05, 1.64639095601e-05, 2.2942725991e-05, 2.07522498386e-05, 2.50935536315e-05, 1.94081585505e-05, 1.60593099281e-05, 1.32056511575e-05, 1.45908998093e-05, 1.52929933392e-05, 1.20618024084e-05, 1.1349149645e-05, 9.89926775219e-06, 8.4808207248e-06, 8.26203176985e-06, 7.30926012693e-06, 7.99973440735e-06, 5.86939677305e-06, 4.60503133581e-06, 4.10775646742e-06, 4.08691448683e-06, 3.43652277479e-06, 3.9633846427e-06, 4.87026090923e-06, 2.26776251111e-06, 2.00839008357e-06, 2.05584910873e-06, 1.91591357179e-06, 1.67910627624e-06, 1.34378274197e-06, 1.15079023999e-06, 1.07126368221e-06, 9.18674743389e-07, 7.74551097038e-07, 6.65667641897e-07, 4.99830264289e-07, 4.3745177436e-07, 3.08714760422e-07, 2.57420651906e-07, 2.05987419122e-07, 1.47374421999e-07, 1.16180309817e-07, 7.56690212711e-08, 6.01395058197e-08, 4.45676313632e-08, 2.97327797938e-08, 2.10804955714e-08, 1.45814622599e-08, 1.09262021653e-08, 8.29450552686e-09, 5.85744519555e-09, 1.38772204838e-09, 1.73831643524e-11, 1.21277857548e-11, 1.15454035221e-11, 1.1087972554e-11, 1.06045953269e-11, 1.01470247135e-11, 9.71397094707e-12, 9.36072747093e-12, 9.01626863448e-12, 8.65701607622e-12, 8.30884059472e-12, 8.03162224228e-12, 7.76622082616e-12, 7.51972182439e-12, 7.29197865285e-12, 7.08351302961e-12, 6.86771256184e-12, 6.64806707948e-12, 6.50186675333e-12, 6.36170673432e-12, 6.23444134859e-12, 6.13006303704e-12, 6.00383414859e-12, 5.89131998394e-12, 5.82434881574e-12, 5.78393236084e-12, 5.74075639456e-12, 5.72190992504e-12],
        "min": [1.28980781611e-09, 1.46822864977e-08, 1.01457288793e-07, 5.38830136065e-07, 1.28340229821e-06, 7.88248826211e-07, 3.47843922555e-07, 1.92203447114e-06, 2.13217276723e-06, 1.77830770554e-06, 9.86229565569e-07, 1.18510183711e-06, 1.44977684613e-06, 1.34467882162e-06, 7.11470136139e-07, 8.36357912704e-07, 6.95094342973e-07, 2.25404122034e-07, 1.73747139343e-07, 3.10851362428e-07, 8.21606604973e-08, 7.36879925967e-08, 7.74552155747e-09, 4.02376549857e-08, 5.43197451464e-08, 3.76288511461e-08, 2.3828599538e-08, 3.77739191038e-08, 3.90239875969e-08, 1.39663143273e-08, 8.5371567593e-09, 2.38271233854e-08, 7.45856354456e-09, 4.83089017678e-08, 6.21809492785e-09, 7.49130801836e-09, 8.57893223127e-09, 5.10550268729e-09, 5.66659918988e-09, 1.74556831212e-08, 1.41255114272e-08, 5.63761215489e-09, 4.95497287645e-09, 1.99378842325e-08, 4.82993334217e-09, 3.24305760024e-09, 6.33324370725e-09, 5.15369302789e-09, 5.80167025532e-09, 2.69749023118e-09, 9.78929204365e-09, 1.590271137e-09, 5.30016475153e-09, 9.81138992273e-09, 2.77666156734e-09, 1.98871452639e-09, 1.52897214889e-08, 1.31093012001e-08, 8.44181613502e-09, 5.7225966188e-09, 7.64641505668e-09, 8.21772427884e-09, 6.21958351488e-09, 5.13445330697e-09, 4.20745616125e-09, 6.97494195734e-09, 1.07863193932e-08, 6.74766642561e-09, 5.29734167642e-09, 2.86301959918e-09, 2.41748088214e-09, 2.92784485545e-09, 3.37496675051e-09, 3.15895798408e-09, 2.72545519486e-09, 4.31017666003e-09, 1.65505176231e-09, 1.51103018986e-09, 2.77037415231e-09, 1.99777416832e-09, 1.83813175791e-09, 2.82626699821e-09, 1.76996128864e-09, 2.67435829038e-09, 3.32795080382e-09, 2.06944905656e-09, 2.14544715327e-09, 1.83396964282e-09, 5.33243227352e-10, 3.8454317508e-10, 3.50093815049e-10, 1.05978135989e-10, 1.22571633399e-10, 2.25442567392e-10, 5.93045708028e-12, 9.07161173437e-13, 5.84793660979e-13, 3.72656847871e-13, 4.82109632164e-13, 6.34244935217e-13, 5.2619947245e-13, 1.97458897649e-13, 2.39075984487e-13, 2.44679168419e-13, 2.71208945059e-13, 2.84055629496e-13, 2.29732926476e-13, 3.40043694157e-13, 2.74253140814e-13, 2.02305078072e-13, 2.59832926659e-13, 2.49427323414e-13, 3.12357859846e-13, 2.78561462091e-13, 3.16586275424e-13, 3.08026417957e-13, 3.26323901711e-13, 2.17266986737e-13, 3.27019010829e-13, 2.49322101593e-13, 2.48195127645e-13, 3.2525027051e-13, 2.85276522457e-13, 3.21098860391e-13, 3.56244900116e-13, 2.53599848369e-13, 2.60455583967e-13, 2.47605430083e-13],
        "stdev": [2.46713307206e-06, 4.12960289395e-05, 0.000276973500149, 0.000497344648466, 0.00070796610089, 0.00129330554046, 0.00129202532116, 0.00132419867441, 0.00131143780891, 0.00104346300941, 0.00228041200899, 0.00433547561988, 0.00242366734892, 0.000755099463277, 0.00123579637147, 0.00147519807797, 0.000998433097266, 0.00132211472373, 0.00168720690999, 0.00111017259769, 0.00219137966633, 0.00126836483832, 0.00070511654485, 0.000621637387667, 0.000618743826635, 0.000621518585831, 0.000501785660163, 0.000497629400343, 0.000674510549288, 0.000812626851257, 0.00132858066354, 0.000673562579323, 0.000415331480326, 0.000949946173932, 0.000921008118894, 0.000497172295582, 0.000371926580556, 0.000378199125407, 0.000106327075628, 0.000218513479922, 0.000227689612075, 0.000394627364585, 0.000375915027689, 0.000347817636793, 0.000344712170772, 0.000100976169051, 9.30948081077e-05, 0.000135895155836, 4.66616038466e-05, 4.33801396866e-05, 7.98343244242e-05, 5.61614579055e-05, 8.75959449331e-05, 6.0512629716e-05, 5.46656410734e-05, 3.78389850084e-05, 6.13105512457e-05, 5.32264384674e-05, 2.67575924227e-05, 2.3231626983e-05, 2.86011945718e-05, 2.75408328889e-05, 1.16408718895e-05, 9.75323109742e-06, 1.04968194137e-05, 9.89609725366e-06, 7.51983179725e-06, 5.84567533224e-06, 6.11480345469e-06, 5.54694406674e-06, 6.35854212305e-06, 9.6095718618e-06, 3.46017691299e-06, 3.18097636409e-06, 3.70612656297e-06, 3.70617499357e-06, 2.83681765723e-06, 2.26362567446e-06, 2.24076256927e-06, 2.17405840885e-06, 1.78677817075e-06, 1.62004369031e-06, 1.33256742174e-06, 1.05519268345e-06, 1.02449155293e-06, 6.71531779517e-07, 6.2074775542e-07, 4.57142192545e-07, 2.82420955955e-07, 2.16004053755e-07, 1.12602414504e-07, 1.15747937457e-07, 7.88328833323e-08, 4.25204582655e-08, 2.78365295259e-08, 1.64590900908e-08, 1.04563708803e-08, 7.77817366071e-09, 4.69102534595e-09, 1.13385545397e-09, 2.19082391117e-10, 2.07873385172e-10, 1.97784413847e-10, 1.90809382183e-10, 1.8142000402e-10, 1.72680786337e-10, 1.64626839938e-10, 1.58008675588e-10, 1.51636231349e-10, 1.45769160631e-10, 1.39661227028e-10, 1.35278468982e-10, 1.29926069903e-10, 1.25324611799e-10, 1.21059759439e-10, 1.16894743885e-10, 1.13142287206e-10, 1.09514099178e-10, 1.07230765933e-10, 1.04128657086e-10, 1.01929201191e-10, 9.98281873832e-11, 9.77788405798e-11, 9.60049609255e-11, 9.43913142093e-11, 9.35763203036e-11, 9.23683282639e-11, 9.26405063773e-11]
    },
    "mfcc": {
        "mean": [-680.12322998, 175.451889038, -43.0661849976, 43.1630592346, -28.3244018555, 6.67305231094, -17.517747879, 4.37908744812, -14.7321014404, 2.74882555008, -14.437130928, -1.82982671261, -14.1729001999],
        "cov": [[1900.70593262, -195.444625854, -610.187072754, -56.4921646118, -368.339447021, 178.979507446, -48.3356781006, 47.8107452393, -72.7089767456, 11.3773517609, -24.8147735596, -2.49862313271, -60.3928146362], [-195.444625854, 570.033630371, -88.0782012939, -237.217681885, 109.247550964, -149.785232544, 125.47164917, -64.9665222168, 40.2671699524, -1.7138351202, 51.4833030701, -5.88240480423, 3.87456917763], [-610.187072754, -88.0782012939, 538.864074707, 180.39831543, 77.1542510986, -22.9150505066, -60.7202148438, 21.4678783417, -2.05375432968, 8.13076114655, -23.9090003967, -2.39726185799, 5.92922067642], [-56.4921646118, -237.217681885, 180.39831543, 348.996673584, 80.8619613647, -24.2503871918, -149.391998291, 41.6521034241, 31.98579216, -1.25657343864, -17.971244812, 25.0037250519, 13.4365177155], [-368.339447021, 109.247550964, 77.1542510986, 80.8619613647, 310.816101074, -78.030166626, -52.5315704346, -17.9563865662, 45.7008552551, -12.221865654, -8.76112365723, 9.18550491333, 4.23571014404], [178.979507446, -149.785232544, -22.9150505066, -24.2503871918, -78.030166626, 240.39932251, 94.1349105835, 12.3286266327, -50.3818702698, 15.1167469025, -14.910695076, -16.1392459869, -18.5798797607], [-48.3356781006, 125.47164917, -60.7202148438, -149.391998291, -52.5315704346, 94.1349105835, 246.105667114, 9.26852226257, -16.5981044769, 9.51556396484, 28.0035533905, -4.28313016891, -1.65930044651], [47.8107452393, -64.9665222168, 21.4678783417, 41.6521034241, -17.9563865662, 12.3286266327, 9.26852226257, 93.1572036743, 30.5208454132, 3.73902392387, -8.21270370483, 3.28103160858, 10.0006132126], [-72.7089767456, 40.2671699524, -2.05375432968, 31.98579216, 45.7008552551, -50.3818702698, -16.5981044769, 30.5208454132, 98.1932296753, 29.4973163605, 10.6250362396, 10.1647291183, 11.8465251923], [11.3773517609, -1.7138351202, 8.13076114655, -1.25657343864, -12.221865654, 15.1167469025, 9.51556396484, 3.73902392387, 29.4973163605, 71.5082397461, 30.7569084167, -2.97032117844, -0.793757796288], [-24.8147735596, 51.4833030701, -23.9090003967, -17.971244812, -8.76112365723, -14.910695076, 28.0035533905, -8.21270370483, 10.6250362396, 30.7569084167, 80.7575836182, 32.9931182861, 8.19240188599], [-2.49862313271, -5.88240480423, -2.39726185799, 25.0037250519, 9.18550491333, -16.1392459869, -4.28313016891, 3.28103160858, 10.1647291183, -2.97032117844, 32.9931182861, 69.8274993896, 29.595708847], [-60.3928146362, 3.87456917763, 5.92922067642, 13.4365177155, 4.23571014404, -18.5798797607, -1.65930044651, 10.0006132126, 11.8465251923, -0.793757796288, 8.19240188599, 29.595708847, 60.2733306885]],
        "icov": [[0.00203121639788, -0.00138888368383, 0.00261296029203, -0.00154299626593, 0.00217545824125, -0.00144142110366, 0.00185774196871, -0.00210446515121, 0.00217650760897, -0.00207352405414, 0.00224588252604, -0.00228111655451, 0.00237429211847], [-0.00138888368383, 0.00646350113675, -0.00200048508123, 0.00410015787929, -0.00336287869141, 0.00451602507383, -0.00405229255557, 0.0038455738686, -0.00353405391797, 0.00259066745639, -0.00357815320604, 0.00317295733839, -0.0019884868525], [0.00261296029203, -0.00200048508123, 0.00579563667998, -0.00347036099993, 0.00244267773814, -0.00140829640441, 0.00200449861586, -0.00314920325764, 0.00420986395329, -0.00406222417951, 0.0038791927509, -0.00286594266072, 0.002921218751], [-0.00154299626593, 0.00410015787929, -0.00347036099993, 0.00842938106507, -0.00351524562575, 0.00163823028561, 0.0004750029766, 0.000727575214114, -0.00364653416909, 0.00272065866739, -0.00316186225973, 0.0009770616889, -0.00200043455698], [0.00217545824125, -0.00336287869141, 0.00244267773814, -0.00351524562575, 0.00717599224299, -0.0020531185437, 0.00261815427803, -0.00108291523065, 0.000519668625202, -0.0012130207615, 0.00349868717603, -0.00311805866659, 0.00299125048332], [-0.00144142110366, 0.00451602507383, -0.00140829640441, 0.00163823028561, -0.0020531185437, 0.0103844525293, -0.00630652997643, 0.00195628404617, 0.00161252077669, -0.00228097243235, 0.000886538415216, 0.00120897952002, -0.000175170440343], [0.00185774196871, -0.00405229255557, 0.00200449861586, 0.0004750029766, 0.00261815427803, -0.00630652997643, 0.0106473686174, -0.00497571658343, 0.00211168755777, -0.00066763930954, -0.000597114732955, -0.00194830365945, 0.00142347975634], [-0.00210446515121, 0.0038455738686, -0.00314920325764, 0.000727575214114, -0.00108291523065, 0.00195628404617, -0.00497571658343, 0.0180262923241, -0.00942112877965, 0.00455145025626, -0.00151696521789, 0.00338485231623, -0.00420124689117], [0.00217650760897, -0.00353405391797, 0.00420986395329, -0.00364653416909, 0.000519668625202, 0.00161252077669, 0.00211168755777, -0.00942112877965, 0.021882597357, -0.0128276590258, 0.00601371703669, -0.0054257879965, 0.00226555578411], [-0.00207352405414, 0.00259066745639, -0.00406222417951, 0.00272065866739, -0.0012130207615, -0.00228097243235, -0.00066763930954, 0.00455145025626, -0.0128276590258, 0.0272451210767, -0.0152454776689, 0.0103137157857, -0.00395459774882], [0.00224588252604, -0.00357815320604, 0.0038791927509, -0.00316186225973, 0.00349868717603, 0.000886538415216, -0.000597114732955, -0.00151696521789, 0.00601371703669, -0.0152454776689, 0.0274090413004, -0.0161456391215, 0.00588598335162], [-0.00228111655451, 0.00317295733839, -0.00286594266072, 0.0009770616889, -0.00311805866659, 0.00120897952002, -0.00194830365945, 0.00338485231623, -0.0054257879965, 0.0103137157857, -0.0161456391215, 0.0289499741048, -0.0132673280314], [0.00237429211847, -0.0019884868525, 0.002921218751, -0.00200043455698, 0.00299125048332, -0.000175170440343, 0.00142347975634, -0.00420124689117, 0.00226555578411, -0.00395459774882, 0.00588598335162, -0.0132673280314, 0.024945743382]]
    },
    "spectral_contrast_coeffs": {
        "max": [-0.360062539577, -0.445546448231, -0.472505033016, -0.597831487656, -0.600639879704, -0.300207495689],
        "mean": [-0.649748086929, -0.731001019478, -0.712859511375, -0.765555620193, -0.784892082214, -0.653393864632],
        "min": [-0.886886835098, -0.922152161598, -0.929257214069, -0.904184758663, -0.898433566093, -0.806602418423],
        "stdev": [0.0752299427986, 0.0670475289226, 0.0715358033776, 0.0527852475643, 0.0360040850937, 0.0599825978279]
    },
    "spectral_contrast_valleys": {
        "max": [-5.34975242615, -4.80304145813, -5.6304063797, -6.47688627243, -6.22631025314, -11.1578731537],
        "mean": [-6.91379594803, -6.50623512268, -7.45949077606, -7.78417253494, -7.73065567017, -12.4756069183],
        "min": [-8.70339012146, -9.40112304688, -10.3733377457, -10.6856632233, -10.3105792999, -15.8253765106],
        "stdev": [0.47300952673, 0.499934852123, 0.609196782112, 0.582976162434, 0.566282391548, 0.406184017658]
    }
},
"rhythm": {
    "beats_count": 135,
    "beats_loudness": {
        "max": 0.127256497741,
        "mean": 0.0322845540941,
        "min": 0.00220722635277,
        "stdev": 0.0205324199051
    },
    "bpm": 172.265594482,
    "bpm_histogram_first_peak_bpm": 172,
    "bpm_histogram_first_peak_weight": 0,
    "bpm_histogram_second_peak_bpm": 178,
    "bpm_histogram_second_peak_spread": 0,
    "bpm_histogram_second_peak_weight": 0.171641796827,
    "danceability": 1.16261768341,
    "onset_rate": 2.4814453125,
    "beats_loudness_band_ratio": {
        "max": [0.842072427273, 0.931936144829, 0.826204180717, 0.805769920349, 0.477967232466, 0.0970107913017],
        "mean": [0.209930047393, 0.265576243401, 0.293608903885, 0.19634334743, 0.0721038356423, 0.0183730404824],
        "min": [0.00415909104049, 0.0167670287192, 0.0105754351243, 0.000704498030245, 0.00144714745693, 0.000717816059478],
        "stdev": [0.185183599591, 0.200588777661, 0.205944597721, 0.215162962675, 0.077888250351, 0.0158931091428]
    },
