{
"metadata": {
    "version": {
        "essentia": "2.1-beta5",
        "essentia_git_sha": "Undefined",
        "extractor": "music 2.0"
    },
    "audio_properties": {
        "analysis": {
            "equal_loudness": 0,
            "length": 12.7477550507,
            "sample_rate": 44100,
            "start_time": 0,
            "downmix": "mix"
        },
        "bit_rate": 192000,
        "length": 189.69543457,
        "lossless": 0,
        "number_channels": 2,
        "replay_gain": -9.94853210449,
        "sample_rate": 48000,
        "codec": "mp3",
        "md5_encoded": "6a6073eebc558e48a4cd1a098c1786a8"
    },
    "tags": {
        "file_name": "Switzerland_Ne Partez Pas Sans Moi_Céline Dion.mp3",
        "encoding": ["Lavf58.29.100"]
    }
},
"lowlevel": {
    "average_loudness": 0.972962021828,
    "barkbands_crest": {
        "max": 19.8950519562,
        "mean": 6.92480945587,
        "min": 2.97996473312,
        "stdev": 3.10343790054
    },
    "barkbands_flatness_db": {
        "max": 0.222422122955,
        "mean": 0.127643659711,
        "min": 0.0680376365781,
        "stdev": 0.0213512610644
    },
    "barkbands_kurtosis": {
        "max": 11.1472873688,
        "mean": 0.876196324825,
        "min": -1.32580065727,
        "stdev": 1.77549493313
    },
    "barkbands_skewness": {
        "max": 3.25392866135,
        "mean": 0.80432343483,
        "min": -1.96080064774,
        "stdev": 0.737822592258
    },
    "barkbands_spread": {
        "max": 40.6928977966,
        "mean": 19.2924556732,
        "min": 6.0608496666,
        "stdev": 5.99070549011
    },
    "dissonance": {
        "max": 0.500000119209,
        "mean": 0.474998325109,
        "min": 0.385710150003,
        "stdev": 0.0191356036812
    },
    "dynamic_complexity": 0.99396699667,
    "erbbands_crest": {
        "max": 21.2212505341,
        "mean": 6.99610567093,
        "min": 2.79204964638,
        "stdev": 2.50992393494
    },
    "erbbands_flatness_db": {
        "max": 0.27831992507,
        "mean": 0.181395247579,
        "min": 0.100199744105,
        "stdev": 0.0326568298042
    },
    "erbbands_kurtosis": {
        "max": 2.79732131958,
        "mean": -0.00949285179377,
        "min": -1.41158819199,
        "stdev": 0.692197144032
    },
    "erbbands_skewness": {
        "max": 1.22181475163,
        "mean": 0.206167697906,
        "min": -0.787355661392,
        "stdev": 0.312249660492
    },
    "erbbands_spread": {
        "max": 73.4234085083,
        "mean": 29.5604496002,
        "min": 9.37550354004,
        "stdev": 10.7619829178
    },
    "hfc": {
        "max": 90.0873947144,
        "mean": 32.8729171753,
        "min": 1.17551589762e-16,
        "stdev": 12.5981254578
    },
    "loudness_ebu128": {
        "integrated": -11.289855957,
        "loudness_range": 0.722309112549,
        "momentary": {
            "max": -9.76661968231,
            "mean": -11.3835401535,
            "min": -14.9710950851,
            "stdev": 0.929988324642
        },
        "short_term": {
            "max": -10.6308326721,
            "mean": -11.4022045135,
            "min": -11.9215841293,
            "stdev": 0.267945230007
        }
    },
    "melbands_crest": {
        "max": 29.1042842865,
        "mean": 9.03669548035,
        "min": 1.94873273373,
        "stdev": 4.47625732422
    },
    "melbands_flatness_db": {
        "max": 0.273809999228,
        "mean": 0.142563998699,
        "min": 0.00395683106035,
        "stdev": 0.0446693114936
    },
    "melbands_kurtosis": {
        "max": 32.2737579346,
        "mean": 3.99515581131,
        "min": -1.17209219933,
        "stdev": 4.76588249207
    },
    "melbands_skewness": {
        "max": 4.96949625015,
        "mean": 1.47316014767,
        "min": -0.457385182381,
        "stdev": 0.997790575027
    },
    "melbands_spread": {
        "max": 134.33442688,
        "mean": 27.2485942841,
        "min": 6.09186077118,
        "stdev": 11.5791530609
    },
    "pitch_salience": {
        "max": 0.914005219936,
        "mean": 0.642476975918,
        "min": 0.213595271111,
        "stdev": 0.122000671923
    },
    "silence_rate_20dB": {
        "max": 1,
        "mean": 1,
        "min": 1,
        "stdev": 0
    },
    "silence_rate_30dB": {
        "max": 1,
        "mean": 1,
        "min": 1,
        "stdev": 0
    },
    "silence_rate_60dB": {
        "max": 1,
        "mean": 0.00727272732183,
        "min": 0,
        "stdev": 0.0849698185921
    },
    "spectral_centroid": {
        "max": 11233.2021484,
        "mean": 1607.38842773,
        "min": 476.955932617,
        "stdev": 661.875061035
    },
    "spectral_complexity": {
        "max": 52,
        "mean": 29.1854553223,
        "min": 0,
        "stdev": 7.9001865387
    },
    "spectral_decrease": {
        "max": -9.05133569121e-29,
        "mean": -8.60047411066e-09,
        "min": -2.55009950934e-08,
        "stdev": 4.06760136684e-09
    },
    "spectral_energy": {
        "max": 0.0991357937455,
        "mean": 0.0354418978095,
        "min": 1.10038932159e-20,
        "stdev": 0.0155890574679
    },
    "spectral_energyband_high": {
        "max": 0.004307216499,
        "mean": 0.000962732243352,
        "min": 7.9452046851e-21,
        "stdev": 0.00062338222051
    },
    "spectral_energyband_low": {
        "max": 0.0680904984474,
        "mean": 0.00670655397698,
        "min": 4.91806054356e-23,
        "stdev": 0.0110129266977
    },
    "spectral_energyband_middle_high": {
        "max": 0.0416420176625,
        "mean": 0.0128651065752,
        "min": 1.96271400302e-21,
        "stdev": 0.00653885630891
    },
    "spectral_energyband_middle_low": {
        "max": 0.0736046805978,
        "mean": 0.0166763346642,
        "min": 3.21839648817e-22,
        "stdev": 0.0114463595673
    },
    "spectral_entropy": {
        "max": 9.80673122406,
        "mean": 7.61069059372,
        "min": 6.80471563339,
        "stdev": 0.326493501663
    },
    "spectral_flux": {
        "max": 0.205311119556,
        "mean": 0.0921886563301,
        "min": 1.04899443298e-10,
        "stdev": 0.0278060715646
    },
    "spectral_kurtosis": {
        "max": 9.63377380371,
        "mean": 3.89468073845,
        "min": -1.18778705597,
        "stdev": 1.46940004826
    },
    "spectral_rms": {
        "max": 0.00983452331275,
        "mean": 0.0057154702954,
        "min": 3.27650818803e-12,
        "stdev": 0.00138231064193
    },
    "spectral_rolloff": {
        "max": 18497.0214844,
        "mean": 1843.55688477,
        "min": 279.931640625,
        "stdev": 1366.95410156
    },
    "spectral_skewness": {
        "max": 2.20784473419,
        "mean": 1.43560874462,
        "min": -0.0350689478219,
        "stdev": 0.226410865784
    },
    "spectral_spread": {
        "max": 40843560,
        "mean": 3713557.75,
        "min": 2088212.375,
        "stdev": 1920921.5
    },
    "spectral_strongpeak": {
        "max": 7.42387771606,
        "mean": 1.23865795135,
        "min": 0,
        "stdev": 1.11611366272
    },
    "zerocrossingrate": {
        "max": 0.73388671875,
        "mean": 0.0714160129428,
        "min": 0.02099609375,
        "stdev": 0.0517884939909
    },
    "barkbands": {
        "max": [0.00532658444718, 0.0571068078279, 0.0336810126901, 0.0230186022818, 0.0477130040526, 0.022319111973, 0.0147330844775, 0.00939643383026, 0.010211866349, 0.0111925844103, 0.0257533602417, 0.00868537183851, 0.00773496832699, 0.00967667065561, 0.00893958471715, 0.0144286369905, 0.00676015019417, 0.00474243424833, 0.0044555645436, 0.0034825114999, 0.00129789637867, 0.00100771896541, 0.000728894316126, 0.000531788857188, 0.000180930059287, 5.5692060414e-05, 1.03026777651e-05],
        "mean": [0.000134677509777, 0.0039306874387, 0.00135451578535, 0.00270994775929, 0.00522588193417, 0.00332278688438, 0.00133939040825, 0.00142389035318, 0.00184567563701, 0.00188575848006, 0.0021963014733, 0.00137870910112, 0.00127564929426, 0.00146086933091, 0.0011833421886, 0.00149851606693, 0.000975224771537, 0.000540201086551, 0.000638996716589, 0.000415263755713, 0.000263185444055, 0.000212520142668, 0.00012587326637, 7.05257189111e-05, 2.77757808362e-05, 5.69592884858e-06, 1.99444816218e-08],
        "min": [5.38826313715e-24, 2.49840878822e-23, 4.48039980337e-24, 4.24419851892e-23, 5.36671350826e-23, 3.41657677535e-23, 3.69414442683e-23, 2.49760935658e-23, 1.07074854834e-22, 7.68759908941e-23, 7.91170058863e-23, 6.10812663884e-23, 2.09154326872e-22, 1.49611875674e-22, 1.26705323984e-22, 2.45646590586e-22, 2.1568383587e-22, 2.24435774297e-22, 3.10514307278e-22, 5.47791172011e-22, 4.13359075368e-22, 6.11954366495e-22, 6.53732742958e-22, 8.17430796635e-22, 1.09936362571e-21, 1.61670067732e-21, 2.5737421837e-21],
        "stdev": [0.000426652026363, 0.00847753323615, 0.00363028561696, 0.00376360677183, 0.00596575625241, 0.00388326565735, 0.00156076054554, 0.00160349020734, 0.00164855527692, 0.00188243819866, 0.0024072281085, 0.00128964986652, 0.00113520701416, 0.00134851795156, 0.00130290724337, 0.00182831555139, 0.000958337739576, 0.000539951084647, 0.000573983241338, 0.000370623107301, 0.000188407240785, 0.000145428071846, 8.90901501407e-05, 5.51272387384e-05, 2.33328064496e-05, 7.94535026216e-06, 4.38859842689e-07]
    },
    "erbbands": {
        "max": [2.78375005722, 12.9662475586, 38.917175293, 64.1392211914, 124.816764832, 213.954238892, 275.5909729, 284.522125244, 129.546813965, 170.42300415, 151.051895142, 263.052093506, 396.529510498, 453.303649902, 1342.20898438, 291.616668701, 328.068481445, 445.466552734, 315.588562012, 722.548950195, 779.731628418, 368.364440918, 340.857543945, 371.157867432, 96.6135101318, 163.15737915, 74.3342437744, 45.5780181885, 37.7302398682, 32.5440063477, 19.6508407593, 14.6168384552, 6.23342466354, 2.21117377281, 1.12577331066, 0.438819795847, 0.0405863821507, 0.00670823454857, 0.0014876765199, 0.000179277194547],
        "mean": [0.109424822032, 0.881011247635, 1.62760019302, 5.72485208511, 9.47542476654, 18.7077159882, 27.5409679413, 31.7004871368, 22.7845363617, 26.9244995117, 25.2935009003, 43.7491760254, 54.2813796997, 57.8909797668, 102.996330261, 54.8475151062, 57.3467979431, 77.9281234741, 65.5466156006, 67.9360275269, 74.017616272, 49.1385955811, 37.7942123413, 39.8634872437, 19.8117237091, 19.377325058, 13.6654825211, 9.22688579559, 6.8504319191, 6.72342443466, 3.60674071312, 2.0003092289, 0.878965973854, 0.354990631342, 0.178660303354, 0.054008923471, 0.00363722140901, 0.00011170648213, 2.99618295685e-05, 4.44606412202e-05],
        "min": [3.99578319064e-22, 6.61226653976e-21, 8.20048199254e-21, 7.2809180687e-20, 1.21774815594e-19, 2.84813820388e-19, 2.37120499123e-19, 2.48068984163e-19, 5.90788316712e-19, 4.36771267461e-19, 8.40489535019e-19, 1.64367601615e-18, 3.01288730119e-18, 3.40914010862e-18, 2.33167035914e-18, 3.69142541883e-18, 9.31827480001e-18, 6.94205621539e-18, 6.61964561444e-18, 7.99567421191e-18, 1.67117598716e-17, 1.28426738416e-17, 1.23764682309e-17, 1.23033644899e-17, 2.06239502834e-17, 2.56872286919e-17, 1.59110738541e-17, 1.99716290349e-17, 1.99552789829e-17, 1.80441592413e-17, 1.93796257966e-17, 1.47650118067e-17, 1.71759190375e-17, 1.06343241177e-17, 8.05782690877e-18, 6.35710841419e-18, 2.46846431897e-18, 1.45833958246e-18, 3.64509880673e-19, 3.86915411732e-20],
        "stdev": [0.320953726768, 1.7182148695, 3.71361088753, 8.04422950745, 11.94257164, 22.5618476868, 33.1923103333, 40.1667785645, 22.2392730713, 28.6959075928, 21.9479084015, 42.1164512634, 46.6984863281, 69.0791168213, 129.612625122, 49.1996536255, 45.4619560242, 61.417011261, 60.3606338501, 73.663734436, 80.8195266724, 48.3024520874, 35.6015052795, 41.1651039124, 12.7336683273, 16.3894519806, 9.88978385925, 6.62615823746, 4.67342090607, 5.56338644028, 2.51312160492, 1.53801429272, 0.693108439445, 0.288327902555, 0.172030568123, 0.0653627216816, 0.00517274718732, 0.000304169981973, 6.31264047115e-05, 1.82441999641e-05]
    },
    "gfcc": {
        "mean": [29.3918762207, 94.9335708618, -166.852081299, 32.0661277771, -75.0785522461, 15.9177770615, -44.8998947144, 1.43833768368, -24.4113349915, -5.53802490234, -12.2533340454, -4.51366615295, -2.34354686737],
        "cov": [[10218.1835938, 1381.44445801, -439.310241699, 503.982299805, -418.262512207, 78.3403091431, -258.540374756, 1.93319439888, -205.456176758, -46.4216499329, -67.1599960327, 4.69290494919, -28.1977977753], [1381.44445801, 1307.65979004, 830.156005859, 427.182250977, 157.232666016, -56.629360199, 135.252502441, -33.8123168945, -14.6718473434, -42.5198745728, 101.687278748, -2.57826590538, 56.9807395935], [-439.310241699, 830.156005859, 1154.50756836, 406.973175049, 253.60710144, 1.71364355087, 138.968811035, 26.1734542847, -27.5528240204, 21.6826686859, 60.0209846497, 38.9037971497, 10.1476135254], [503.982299805, 427.182250977, 406.973175049, 283.3956604, 98.5322723389, 18.2395477295, 60.4235115051, 11.471198082, 1.57757782936, -3.33473491669, 33.8262405396, 1.37364649773, 7.13523626328], [-418.262512207, 157.232666016, 253.60710144, 98.5322723389, 164.336883545, 44.5794258118, 71.6092987061, 29.7987422943, 23.3425216675, 18.6373023987, 18.9464302063, 16.7978477478, 2.80404615402], [78.3403091431, -56.629360199, 1.71364355087, 18.2395477295, 44.5794258118, 95.6044998169, 29.0456924438, 33.9851417542, 18.0715446472, 21.615240097, -3.91497468948, 5.56773471832, -6.15260887146], [-258.540374756, 135.252502441, 138.968811035, 60.4235115051, 71.6092987061, 29.0456924438, 100.444908142, 34.1099128723, 32.2220001221, 9.74956607819, 24.8892288208, 4.16655302048, 9.29762744904], [1.93319439888, -33.8123168945, 26.1734542847, 11.471198082, 29.7987422943, 33.9851417542, 34.1099128723, 73.9625167847, 34.272277832, 35.8255996704, 1.42961275578, 14.7697696686, -6.44658088684], [-205.456176758, -14.6718473434, -27.5528240204, 1.57757782936, 23.3425216675, 18.0715446472, 32.2220001221, 34.272277832, 79.5380783081, 28.8085269928, 26.0237388611, 1.95146298409, 18.6162719727], [-46.4216499329, -42.5198745728, 21.6826686859, -3.33473491669, 18.6373023987, 21.615240097, 9.74956607819, 35.8255996704, 28.8085269928, 63.6014137268, 17.842874527, 19.4204444885, -2.97161960602], [-67.1599960327, 101.687278748, 60.0209846497, 33.8262405396, 18.9464302063, -3.91497468948, 24.8892288208, 1.42961275578, 26.0237388611, 17.842874527, 64.8553314209, 15.5221767426, 20.6075172424], [4.69290494919, -2.57826590538, 38.9037971497, 1.37364649773, 16.7978477478, 5.56773471832, 4.16655302048, 14.7697696686, 1.95146298409, 19.4204444885, 15.5221767426, 51.0769615173, 13.5437784195], [-28.1977977753, 56.9807395935, 10.1476135254, 7.13523626328, 2.80404615402, -6.15260887146, 9.29762744904, -6.44658088684, 18.6162719727, -2.97161960602, 20.6075172424, 13.5437784195, 52.0565071106]],
        "icov": [[0.00127432274166, -0.00374626391567, 0.00325654167682, -0.00343267084099, 0.00353023246862, -0.00402333727106, 0.00423341523856, -0.00353058148175, 0.0032364083454, -0.00247519509867, 0.00291866040789, -0.00310818525031, 0.00112216419075], [-0.00374626391567, 0.0134033365175, -0.0104051697999, 0.00800458993763, -0.0100754145533, 0.0131899220869, -0.0138538796455, 0.0109394341707, -0.00884134415537, 0.00816318113357, -0.0102338083088, 0.0101932231337, -0.00481153186411], [0.00325654167682, -0.0104051697999, 0.0113374711946, -0.0109595358372, 0.00643339660019, -0.00869558844715, 0.00982976984233, -0.00920112896711, 0.0106410151348, -0.00853690691292, 0.00821055471897, -0.0089127952233, 0.00295202317648], [-0.00343267084099, 0.00800458993763, -0.0109595358372, 0.0192344971001, -0.00986924767494, 0.00751925352961, -0.00937446951866, 0.00776175875217, -0.00992934033275, 0.00909292697906, -0.00952768139541, 0.00978259835392, -0.00176885118708], [0.00353023246862, -0.0100754145533, 0.00643339660019, -0.00986924767494, 0.0233547706157, -0.0154995312914, 0.0067406934686, -0.00760795734823, 0.00530880736187, -0.00642037019134, 0.00935668684542, -0.0117080360651, 0.0048804813996], [-0.00402333727106, 0.0131899220869, -0.00869558844715, 0.00751925352961, -0.0154995312914, 0.0291622541845, -0.0167377777398, 0.00809459853917, -0.00837066955864, 0.00428932672366, -0.00712377484888, 0.0104006743059, -0.00432659965008], [0.00423341523856, -0.0138538796455, 0.00982976984233, -0.00937446951866, 0.0067406934686, -0.0167377777398, 0.0353693813086, -0.0203169304878, 0.00709370244294, -0.00234153098427, 0.00432404503226, -0.00725788157433, 0.00315780402161], [-0.00353058148175, 0.0109394341707, -0.00920112896711, 0.00776175875217, -0.00760795734823, 0.00809459853917, -0.0203169304878, 0.0397573411465, -0.0186732113361, -0.0032480112277, 0.000656318385154, 0.00044200339471, 0.00287941424176], [0.0032364083454, -0.00884134415537, 0.0106410151348, -0.00992934033275, 0.00530880736187, -0.00837066955864, 0.00709370244294, -0.0186732113361, 0.0356087386608, -0.013908595778, -9.29156740312e-05, 0.00148755672853, -0.00801576580852], [-0.00247519509867, 0.00816318113357, -0.00853690691292, 0.00909292697906, -0.00642037019134, 0.00428932672366, -0.00234153098427, -0.0032480112277, -0.013908595778, 0.0359689965844, -0.0146227022633, -4.73841901112e-05, 0.00383866112679], [0.00291866040789, -0.0102338083088, 0.00821055471897, -0.00952768139541, 0.00935668684542, -0.00712377484888, 0.00432404503226, 0.000656318385154, -9.29156740312e-05, -0.0146227022633, 0.0346464328468, -0.0145142301917, -0.000289436487947], [-0.00310818525031, 0.0101932231337, -0.0089127952233, 0.00978259835392, -0.0117080360651, 0.0104006743059, -0.00725788157433, 0.00044200339471, 0.00148755672853, -4.73841901112e-05, -0.0145142301917, 0.0381558761001, -0.0139497136697], [0.00112216419075, -0.00481153186411, 0.00295202317648, -0.00176885118708, 0.0048804813996, -0.00432659965008, 0.00315780402161, 0.00287941424176, -0.00801576580852, 0.00383866112679, -0.000289436487947, -0.0139497136697, 0.030599379912]]
    },
    "melbands": {
        "max": [0.0196796096861, 0.0171617381275, 0.00899419188499, 0.0069998758845, 0.010718870908, 0.00544734112918, 0.00253129075281, 0.00210177758709, 0.00130897120107, 0.00187695305794, 0.00195958162658, 0.00195886264555, 0.00349419633858, 0.00178403453901, 0.000631537404843, 0.000918363977689, 0.00101374508813, 0.000564016459975, 0.000817596213892, 0.000991793465801, 0.00102049554698, 0.000429827981861, 0.000469788210467, 0.000229389304877, 0.000352747883881, 7.87829194451e-05, 6.7438602855e-05, 0.00015833688667, 7.08620573278e-05, 3.06556321448e-05, 4.03780468332e-05, 2.20803322009e-05, 2.01470520551e-05, 1.785299537e-05, 1.0627991287e-05, 1.15982320494e-05, 7.60368175179e-06, 4.61088029624e-06, 3.17995068144e-06, 1.61538321208e-06],
        "mean": [0.00105590338353, 0.00100057944655, 0.00110900041182, 0.000921896367799, 0.00106271391269, 0.000668312772177, 0.000324878346873, 0.000313731958158, 0.000211038975976, 0.000284585839836, 0.000268310308456, 0.000223760682275, 0.000295353442198, 0.000211272912566, 0.000115210983495, 0.000133127177833, 0.000151143744006, 0.000106324056105, 8.42886001919e-05, 0.000117726762255, 7.7069249528e-05, 5.33045677003e-05, 4.25688449468e-05, 2.59916105279e-05, 3.50335467374e-05, 1.36037333505e-05, 1.15419852591e-05, 1.38280529427e-05, 1.03263491837e-05, 5.7950678638e-06, 5.35315848538e-06, 3.95321285396e-06, 3.75182526113e-06, 3.31636624651e-06, 1.99668443202e-06, 1.72745933469e-06, 1.05420269847e-06, 6.41318706585e-07, 4.6753595484e-07, 2.51432027198e-07],
        "min": [6.08939560997e-24, 6.7275556833e-24, 1.43683188386e-23, 1.41407261565e-23, 8.62505961661e-24, 6.65687611277e-24, 8.13133760844e-24, 4.7127406392e-24, 8.64424392496e-24, 1.21751245944e-23, 1.47580902787e-23, 1.33459140846e-23, 9.11241551727e-24, 6.83667881232e-24, 1.73964813301e-23, 1.82873908598e-23, 1.27735978645e-23, 1.12710016446e-23, 9.87534025365e-24, 9.72322183872e-24, 2.21232822317e-23, 1.16354183064e-23, 1.50876432327e-23, 8.4781263844e-24, 9.82044973414e-24, 1.26447145587e-23, 1.70221605197e-23, 1.71912654765e-23, 9.39511171127e-24, 1.134298678e-23, 1.14559942601e-23, 1.12122614839e-23, 1.17040326391e-23, 8.95692472197e-24, 8.96431240434e-24, 1.44404380803e-23, 7.09061944859e-24, 1.22629547899e-23, 1.24497617854e-23, 7.17608937223e-24],
        "stdev": [0.00256671966054, 0.00179276766721, 0.00137746904511, 0.000981978373602, 0.00124820461497, 0.000795918575022, 0.000335645949235, 0.000350399554009, 0.000203748015338, 0.000292152282782, 0.000235660671024, 0.000293824501568, 0.000331294373609, 0.000212450089748, 0.000116200288176, 0.000132220229716, 0.000133443361847, 9.59479802987e-05, 9.90445987554e-05, 0.000141209631693, 8.88006252353e-05, 5.57283856324e-05, 5.21090769325e-05, 2.41417110374e-05, 4.04839884141e-05, 1.10635683086e-05, 8.22048605187e-06, 1.551619971e-05, 9.66081461229e-06, 4.17877254222e-06, 5.08024413648e-06, 2.88168553197e-06, 2.96233656627e-06, 2.72430202131e-06, 1.42226053867e-06, 1.38453242471e-06, 8.64012861257e-07, 5.14279406616e-07, 4.27958639193e-07, 2.20575159915e-07]
    },
    "melbands128": {
        "max": [0.00482275988907, 0.0257602501661, 0.0262289270759, 0.0203343741596, 0.0242691189051, 0.0176109559834, 0.0157027970999, 0.0128266615793, 0.0165248401463, 0.00831143558025, 0.0143761271611, 0.0171282812953, 0.0128802973777, 0.00706004863605, 0.0103688305244, 0.00489771459252, 0.00345694110729, 0.00330321677029, 0.00571983819827, 0.00224688230082, 0.00381975411437, 0.00156774220522, 0.00153874512762, 0.00244381278753, 0.00149451533798, 0.00411450210959, 0.00114982854575, 0.00380408228375, 0.00188429746777, 0.00351817067713, 0.00273779290728, 0.00230908417143, 0.00165460538119, 0.0103795584291, 0.00233780802228, 0.00135747529566, 0.00134878559038, 0.0010132099269, 0.0010302424198, 0.00087965966668, 0.00194644764997, 0.000854266108945, 0.000718119437806, 0.0027078660205, 0.000866928428877, 0.000794668158051, 0.00120136176702, 0.000779891561251, 0.00108417263255, 0.00138877390418, 0.00156360527035, 0.00187640695367, 0.00130351015832, 0.0011372291483, 0.000818980566692, 0.000507824297529, 0.000502315699123, 0.00127367617097, 0.000434961926658, 0.000882871914655, 0.000239425062318, 0.000154922687216, 0.000865612411872, 0.000349704787368, 8.65056645125e-05, 8.89479488251e-05, 0.000183857919183, 0.00010798463336, 0.000125545615447, 9.071383829e-05, 6.37306293356e-05, 0.000507307529915, 0.000100614015537, 0.000137283146614, 3.42216844729e-05, 7.8315337305e-05, 3.57432872988e-05, 2.61794284597e-05, 9.00376398931e-05, 3.7817091652e-05, 2.30944242503e-05, 4.32124797953e-05, 2.6750845791e-05, 3.05107005261e-05, 5.72930803173e-05, 3.09238348564e-05, 3.31131232088e-05, 1.24071602841e-05, 1.40747870319e-05, 1.53962846525e-05, 1.78434311238e-05, 1.37817205541e-05, 1.15636767077e-05, 8.68335064297e-06, 8.84145083546e-06, 4.72893952974e-06, 4.53331540484e-06, 5.17698254043e-06, 5.34362561666e-06, 2.56668272414e-06, 1.1346936617e-06, 2.63333686235e-06, 2.37272138293e-06, 2.07634957405e-06, 1.76127650775e-06, 1.78223683633e-06, 1.26501970499e-06, 1.61978255164e-06, 7.95406094767e-07, 8.00661950962e-07, 6.9653248147e-07, 1.89639507653e-07, 5.96165321554e-08, 5.62603510446e-08, 5.38278897011e-08, 5.17477580786e-08, 4.99731100945e-08, 4.84124775824e-08, 4.69201886233e-08, 4.56420927719e-08, 4.44538805766e-08, 4.34557705375e-08, 4.26132942266e-08, 4.18692138737e-08, 4.11911642573e-08, 4.06913507334e-08, 4.03440978403e-08, 4.01171007525e-08],
        "mean": [0.00012340961257, 0.000772341096308, 0.00154383899644, 0.00143560406286, 0.000855152902659, 0.000685911916662, 0.0011400206713, 0.00138794688974, 0.000895253790077, 0.000623467494734, 0.00103141495492, 0.00159711984452, 0.000883622793481, 0.000679333985317, 0.00090168393217, 0.000507097865921, 0.000346883927705, 0.000356726435712, 0.000216222048039, 0.00026697080466, 0.00046527836821, 0.000145149242599, 0.00018542080943, 0.000261209759628, 0.000228715944104, 0.000403560581617, 0.000155543413712, 0.00036281964276, 0.00019637173682, 0.000246430863626, 0.000233432700043, 0.000183354524779, 0.000162007534527, 0.000624405685812, 0.00020286453946, 0.000111895846203, 0.00013395876158, 0.000116675168101, 0.000107375948573, 0.000109924068965, 0.000190149628907, 7.47711819713e-05, 0.000122101089801, 0.00025907548843, 7.72378334659e-05, 8.66716509336e-05, 0.000114725655294, 8.07119358797e-05, 7.54997963668e-05, 7.09837622708e-05, 0.000146222664625, 0.000150933847181, 5.99949053139e-05, 5.22802183696e-05, 8.48813506309e-05, 4.48434002465e-05, 3.29585418513e-05, 5.9578796936e-05, 3.3350650483e-05, 4.08511405112e-05, 1.80779734364e-05, 1.48369799717e-05, 5.90223608015e-05, 3.3625492506e-05, 9.18733621802e-06, 1.27739249365e-05, 1.83550382644e-05, 1.15658885989e-05, 9.07922185434e-06, 1.24366079035e-05, 8.08140885056e-06, 2.35656716541e-05, 1.24599046103e-05, 8.08209733805e-06, 4.96794154969e-06, 7.93766230345e-06, 4.68778716822e-06, 4.01343822887e-06, 6.82804056851e-06, 5.23365133631e-06, 3.46042543242e-06, 4.21001095674e-06, 2.84026918962e-06, 2.67364362116e-06, 5.80544110562e-06, 4.5573897296e-06, 2.13400198845e-06, 1.60463355314e-06, 1.91571984942e-06, 2.2625965812e-06, 2.22990706789e-06, 1.34685785724e-06, 1.39196959026e-06, 8.82437007022e-07, 1.1451543287e-06, 7.0935311669e-07, 5.15274962254e-07, 4.85828138608e-07, 6.34646653452e-07, 3.65207256436e-07, 1.47592615463e-07, 2.69562406174e-07, 3.32430460048e-07, 1.84078558618e-07, 1.99263851641e-07, 2.17539522396e-07, 1.20103322843e-07, 1.24380164834e-07, 9.48994127725e-08, 6.41170032623e-08, 3.44918120732e-08, 5.65107072248e-09, 1.54738208358e-10, 1.319670484e-10, 1.27514540593e-10, 1.42102246636e-10, 1.0059279798e-10, 9.3317367722e-11, 9.04611455188e-11, 8.79989900393e-11, 8.57146853495e-11, 8.37929656217e-11, 8.21676129914e-11, 8.07303252026e-11, 7.94091598033e-11, 7.84005360632e-11, 7.77073891345e-11, 7.72671718274e-11],
        "min": [2.54563639178e-24, 1.34159128682e-24, 9.25499975931e-24, 1.20474048584e-23, 4.60986568298e-24, 2.60998555075e-24, 1.34752273197e-23, 2.35625226656e-23, 7.44876545501e-24, 1.38731366489e-23, 2.09590434424e-23, 4.87334798634e-24, 8.95354760843e-24, 7.74264138575e-24, 3.05594498934e-24, 6.43379137637e-24, 1.44001115108e-23, 6.66950262042e-24, 3.30827713823e-24, 4.37422188654e-24, 6.74390324784e-24, 3.06573159773e-24, 8.10149736698e-24, 1.64909447416e-23, 6.10081949916e-24, 9.19211965655e-24, 2.83435703762e-23, 1.12635271876e-23, 1.05278142081e-23, 8.42375335765e-24, 1.74339601117e-23, 1.67423010695e-23, 7.07267365186e-24, 5.13539298512e-24, 5.73025169451e-24, 7.42513749317e-24, 9.2748088455e-24, 9.66662264649e-24, 3.35930389591e-23, 2.03869457367e-23, 1.49543872709e-23, 1.40430604433e-23, 1.13655900115e-23, 1.01367466695e-23, 2.01408905541e-23, 6.07140682031e-24, 1.09773189848e-23, 6.34347153589e-24, 1.12195016493e-23, 1.5172882809e-23, 3.03865848311e-24, 8.19594847202e-24, 3.66961432366e-23, 1.69128023101e-23, 1.48508003677e-23, 8.8055273259e-24, 1.19535091115e-23, 1.58290084006e-23, 2.08886675833e-23, 6.27111405822e-24, 7.64472560361e-24, 1.00949520299e-23, 5.38341913676e-24, 1.48098758417e-23, 7.39258909223e-24, 9.63973116709e-24, 1.93957956519e-23, 1.60138700651e-23, 1.37983210806e-23, 2.07109640427e-23, 1.92426020195e-23, 1.57401432196e-23, 1.09373552914e-23, 8.71607681013e-24, 6.59527199253e-24, 9.11988681891e-24, 1.66853768666e-23, 1.06864391478e-23, 8.5226938701e-24, 1.53755569528e-23, 1.04131422315e-23, 9.65836011737e-24, 1.24900773109e-23, 1.06441356929e-23, 1.43100835488e-23, 8.92770373632e-24, 8.37898786786e-24, 4.29004569478e-24, 7.30780863302e-24, 1.15579064116e-23, 2.0591102939e-23, 1.54962574044e-23, 6.39091954719e-24, 3.56670599863e-24, 9.00537892535e-24, 1.32882751737e-23, 1.35470247061e-23, 1.04646264496e-23, 1.21137709375e-23, 1.45331339698e-23, 9.44553096716e-24, 5.96616883125e-24, 4.12657754357e-24, 6.39337684891e-24, 9.73599980766e-24, 9.67960650813e-24, 1.36143460958e-23, 1.29100029591e-23, 1.12339851355e-23, 1.10471363304e-23, 7.26980210347e-24, 6.62175523641e-24, 8.71529741556e-24, 4.96273302665e-24, 9.50158900081e-24, 1.61781535041e-23, 1.34192355503e-23, 9.59098192973e-24, 6.73528415359e-24, 8.20756681544e-24, 1.59078897579e-23, 1.27587325696e-23, 1.17466918702e-23, 8.80529066763e-24, 1.52072881885e-23, 8.44294082145e-24, 6.30117951947e-24, 7.8089680218e-24],
        "stdev": [0.00040558091132, 0.0027175003197, 0.00387112237513, 0.00263924431056, 0.00202522287145, 0.00178143719677, 0.00183432758786, 0.00194379035383, 0.00138037151191, 0.000906691828277, 0.00137508974876, 0.00224753189832, 0.00127958355006, 0.00104264821857, 0.00142521364614, 0.000664856110234, 0.000458599010017, 0.000487572920974, 0.00046073019621, 0.000329922360834, 0.000627206638455, 0.000163583579706, 0.000245804112637, 0.000378181808628, 0.000252477941103, 0.000610236660577, 0.000147871527588, 0.000463675707579, 0.000225895491894, 0.000490391568746, 0.000355855503585, 0.000252691068454, 0.000180847549927, 0.00102749769576, 0.000258661893895, 0.000159411574714, 0.000196203414816, 0.00016252543719, 0.000123484569485, 0.000115550268674, 0.000251551915426, 0.000113342211989, 0.000124034355395, 0.000311359763145, 0.000116288851132, 0.000118234565889, 0.00016995772603, 0.000110847046017, 0.000123322795844, 0.000128534898977, 0.000216042753891, 0.000209728663322, 0.000115293303679, 9.73630012595e-05, 0.000121717013826, 6.59053184791e-05, 5.25854229636e-05, 0.000121765537187, 4.26086553489e-05, 6.5145737608e-05, 2.53153193626e-05, 1.99427413463e-05, 8.87569913175e-05, 3.8623198634e-05, 1.16233413792e-05, 1.34547653943e-05, 2.15888703679e-05, 1.25981168821e-05, 1.24082744151e-05, 1.25364495034e-05, 7.81197832112e-06, 4.93208390253e-05, 1.24637635963e-05, 1.42697890624e-05, 5.05065236212e-06, 7.83423274697e-06, 4.98965437146e-06, 4.51354844699e-06, 9.56745316216e-06, 5.67414917896e-06, 3.32837021233e-06, 4.97691098644e-06, 2.90040384243e-06, 3.14610088026e-06, 7.54009124648e-06, 5.14342536917e-06, 2.64690174845e-06, 1.76632727289e-06, 1.87809439467e-06, 2.05231185646e-06, 2.67796144726e-06, 1.52966265432e-06, 1.45165233789e-06, 1.06773313746e-06, 1.31120896185e-06, 6.41070300844e-07, 6.0597335505e-07, 5.75412173021e-07, 7.25088568743e-07, 3.5352326222e-07, 1.64083502341e-07, 3.14534958079e-07, 3.36621468477e-07, 2.47234112294e-07, 2.59466020225e-07, 2.60507448502e-07, 1.70665174437e-07, 2.06571726835e-07, 1.21888490412e-07, 1.11964276073e-07, 6.41978914473e-08, 1.43813867481e-08, 2.54479393114e-09, 2.40225661585e-09, 2.30109131749e-09, 2.2533879207e-09, 2.12873163541e-09, 2.06222594556e-09, 1.99865790584e-09, 1.94421501121e-09, 1.89360060965e-09, 1.85108395279e-09, 1.81519721476e-09, 1.78350167968e-09, 1.75461944973e-09, 1.73333081221e-09, 1.71853997699e-09, 1.7088707116e-09]
    },
    "mfcc": {
        "mean": [-587.241394043, 110.888008118, -29.7549381256, 9.38387012482, -8.79042339325, 4.83239793777, -9.46614456177, 1.65560090542, -6.41367101669, -2.30459594727, -8.62845516205, -3.42158126831, -3.41347122192],
        "cov": [[3804.26220703, 590.32019043, 53.2991218567, 178.189453125, -3.20982837677, 38.1828536987, -18.1504993439, 45.1637191772, -38.9280509949, -15.9980039597, -38.0172653198, -20.0546798706, -5.09373569489], [590.32019043, 997.742248535, 621.647033691, 456.477966309, 151.71975708, 103.296058655, 135.978118896, 57.317363739, -3.74315166473, 8.6432056427, 12.9745416641, -17.3516044617, 20.9472198486], [53.2991218567, 621.647033691, 775.749206543, 448.783172607, 188.244750977, 105.235153198, 138.760681152, 55.0875358582, -6.44173955917, 20.4626731873, 18.5959796906, -18.4103794098, 16.2963562012], [178.189453125, 456.477966309, 448.783172607, 363.648010254, 126.779800415, 72.174987793, 91.1952590942, 48.7804794312, -3.95401787758, 18.0422973633, 18.0556373596, -7.78515291214, 11.2049341202], [-3.20982837677, 151.71975708, 188.244750977, 126.779800415, 122.190719604, 59.4206962585, 52.4153823853, 29.8752307892, 14.6977586746, 15.6828212738, 17.6885223389, 6.59087705612, 11.6912488937], [38.1828536987, 103.296058655, 105.235153198, 72.174987793, 59.4206962585, 80.3274841309, 48.0825958252, 28.2010536194, 14.4687042236, 12.464091301, 8.19390392303, 7.51413059235, 12.3830785751], [-18.1504993439, 135.978118896, 138.760681152, 91.1952590942, 52.4153823853, 48.0825958252, 83.3854446411, 34.6489181519, 13.3729887009, 13.6493711472, 17.9786624908, 4.77323627472, 11.3393726349], [45.1637191772, 57.317363739, 55.0875358582, 48.7804794312, 29.8752307892, 28.2010536194, 34.6489181519, 60.6603050232, 28.0752868652, 11.8823375702, 8.72352027893, 10.0498933792, 16.4222373962], [-38.9280509949, -3.74315166473, -6.44173955917, -3.95401787758, 14.6977586746, 14.4687042236, 13.3729887009, 28.0752868652, 59.4450492859, 27.0012645721, 12.0132331848, 14.188205719, 17.9954967499], [-15.9980039597, 8.6432056427, 20.4626731873, 18.0422973633, 15.6828212738, 12.464091301, 13.6493711472, 11.8823375702, 27.0012645721, 55.1679801941, 25.4570884705, 9.21922302246, 6.63268613815], [-38.0172653198, 12.9745416641, 18.5959796906, 18.0556373596, 17.6885223389, 8.19390392303, 17.9786624908, 8.72352027893, 12.0132331848, 25.4570884705, 59.2950439453, 25.6908321381, 8.80582618713], [-20.0546798706, -17.3516044617, -18.4103794098, -7.78515291214, 6.59087705612, 7.51413059235, 4.77323627472, 10.0498933792, 14.188205719, 9.21922302246, 25.6908321381, 53.7884292603, 25.7254924774], [-5.09373569489, 20.9472198486, 16.2963562012, 11.2049341202, 11.6912488937, 12.3830785751, 11.3393726349, 16.4222373962, 17.9954967499, 6.63268613815, 8.80582618713, 25.7254924774, 51.9097061157]],
        "icov": [[0.00033490054193, -0.000354014802724, 0.00027844629949, -0.000106843712274, 9.88466345007e-05, -0.000248013675446, 0.000516674073879, -0.000501299742609, 0.000417677714722, -0.00018707178242, 0.000154317123815, -1.75712266355e-05, 5.56327977392e-05], [-0.000354014802724, 0.00294427224435, -0.000907596258912, -0.00245454581454, 0.000771411694586, -0.000276674079942, -0.00145681528375, 0.0012506187195, -0.00110719003715, 0.00110277289059, -0.000119368371088, 0.00040571205318, -0.00053113832837], [0.00027844629949, -0.000907596258912, 0.00556648802012, -0.00479759508744, -0.00220295786858, 0.000279270723695, -0.00192170380615, 0.00113414949737, 0.00070902594598, -0.000261522363871, 0.000746463774703, 0.00103874236811, -0.000681647332385], [-0.000106843712274, -0.00245454581454, -0.00479759508744, 0.0133367553353, -0.00295967701823, 0.000567474169657, 0.000602838292252, -0.00443619955331, 0.00370630761608, -0.00228121224791, -0.00065916631138, -1.22821393234e-05, 0.000534841732588], [9.88466345007e-05, 0.000771411694586, -0.00220295786858, -0.00295967701823, 0.0184602178633, -0.00837895460427, -0.000285386806354, -7.31339023332e-05, -0.00267972191796, 0.00090896897018, -0.00250178272836, -0.000387108593713, 0.000384551647585], [-0.000248013675446, -0.000276674079942, 0.000279270723695, 0.000567474169657, -0.00837895460427, 0.0246195085347, -0.00905537512153, -0.00190327025484, -0.000166778700077, -0.00204143440351, 0.0037929143291, -0.00234443205409, -0.000691404740792], [0.000516674073879, -0.00145681528375, -0.00192170380615, 0.000602838292252, -0.000285386806354, -0.00905537512153, 0.0270536709577, -0.00885789562017, 0.00119110720698, -8.90500014066e-05, -0.00562398228794, 0.00225434964523, -0.000335959892254], [-0.000501299742609, 0.0012506187195, 0.00113414949737, -0.00443619955331, -7.31339023332e-05, -0.00190327025484, -0.00885789562017, 0.0302732028067, -0.0127872573212, 0.00310240569524, 0.000993230263703, -0.000928700319491, -0.00279585830867], [0.000417677714722, -0.00110719003715, 0.00070902594598, 0.00370630761608, -0.00267972191796, -0.000166778700077, 0.00119110720698, -0.0127872573212, 0.0313180200756, -0.0134829562157, 0.00232558138669, -0.00151107064448, -0.00488618900999], [-0.00018707178242, 0.00110277289059, -0.000261522363871, -0.00228121224791, 0.00090896897018, -0.00204143440351, -8.90500014066e-05, 0.00310240569524, -0.0134829562157, 0.0295548867434, -0.0113883046433, 0.00303703173995, 0.000755964021664], [0.000154317123815, -0.000119368371088, 0.000746463774703, -0.00065916631138, -0.00250178272836, 0.0037929143291, -0.00562398228794, 0.000993230263703, 0.00232558138669, -0.0113883046433, 0.0285441204906, -0.0134740984067, 0.0030284980312], [-1.75712266355e-05, 0.00040571205318, 0.00103874236811, -1.22821393234e-05, -0.000387108593713, -0.00234443205409, 0.00225434964523, -0.000928700319491, -0.00151107064448, 0.00303703173995, -0.0134740984067, 0.0322329588234, -0.0135936429724], [5.56327977392e-05, -0.00053113832837, -0.000681647332385, 0.000534841732588, 0.000384551647585, -0.000691404740792, -0.000335959892254, -0.00279585830867, -0.00488618900999, 0.000755964021664, 0.0030284980312, -0.0135936429724, 0.0284390840679]]
    },
    "spectral_contrast_coeffs": {
        "max": [-0.425007939339, -0.590451836586, -0.565361499786, -0.618440151215, -0.635384559631, -0.576322972775],
        "mean": [-0.66770285368, -0.758534312248, -0.733081758022, -0.761494934559, -0.755901277065, -0.699958741665],
        "min": [-0.960395634174, -0.982025206089, -0.966045320034, -0.966643571854, -0.963042199612, -0.961333751678],
        "stdev": [0.0759626179934, 0.0707565099001, 0.0729228630662, 0.0542220063508, 0.0521574094892, 0.0443508885801]
    },
    "spectral_contrast_valleys": {
        "max": [-4.90004825592, -5.31124067307, -5.37561893463, -5.3819694519, -5.98402118683, -8.90730857849],
        "mean": [-6.99953079224, -6.26852846146, -6.69614076614, -6.88196229935, -7.17816781998, -10.4399471283],
        "min": [-27.3431739807, -26.6176357269, -27.0338478088, -27.2083072662, -27.203994751, -27.2714920044],
        "stdev": [1.62054395676, 1.27820372581, 1.28707015514, 1.30754160881, 1.23154234886, 1.15663087368]
    }
},
"rhythm": {
    "beats_count": 30,
    "beats_loudness": {
        "max": 0.0897119566798,
        "mean": 0.0401405766606,
        "min": 0.00635295547545,
        "stdev": 0.0226668119431
    },
    "bpm": 145.312515259,
    "bpm_histogram_first_peak_bpm": 144,
    "bpm_histogram_first_peak_weight": 0.428571462631,
    "bpm_histogram_second_peak_bpm": 152,
    "bpm_histogram_second_peak_spread": 0,
    "bpm_histogram_second_peak_weight": 0.0344827584922,
    "danceability": 0.917697310448,
    "onset_rate": 1.56747615337,
    "beats_loudness_band_ratio": {
        "max": [0.859280467033, 0.64963978529, 0.406044751406, 0.518380343914, 0.503862500191, 0.121831618249],
        "mean": [0.301794052124, 0.179888740182, 0.14745464921, 0.198428615928, 0.16502507031, 0.0450521446764],
        "min": [0.00284744799137, 0.0146214971319, 0.0345941632986, 0.0285105146468, 0.00807735789567, 0.00576649419963],
        "stdev": [0.271359175444, 0.151905670762, 0.0932666063309, 0.135616332293, 0.151682585478, 0.0308318417519]
    },
    "beats_position": [0.371519267559, 0.766258478165, 1.17260766029, 1.57895684242, 1.99691605568, 2.40326523781, 2.82122445107, 3.22757363319, 3.64553284645, 4.05188179016, 4.45823097229, 4.87619018555, 5.2941493988, 5.71210861206, 6.11845779419, 6.53641700745, 6.94276618958, 7.36072540283, 7.77868461609, 8.18503379822, 8.59138298035, 9.0093421936, 9.42730140686, 9.84526062012, 10.2516098022, 10.6579589844, 11.0759181976, 11.4938774109, 11.9118366241, 12.3297958374],
