{
"metadata": {
    "version": {
        "essentia": "2.1-beta5",
        "essentia_git_sha": "Undefined",
        "extractor": "music 2.0"
    },
    "audio_properties": {
        "analysis": {
            "equal_loudness": 0,
            "length": 48.7502937317,
            "sample_rate": 44100,
            "start_time": 77.7404098511,
            "downmix": "mix"
        },
        "bit_rate": 192000,
        "length": 189.69543457,
        "lossless": 0,
        "number_channels": 2,
        "replay_gain": -10.8369731903,
        "sample_rate": 48000,
        "codec": "mp3",
        "md5_encoded": "6a6073eebc558e48a4cd1a098c1786a8"
    },
    "tags": {
        "file_name": "Switzerland_Ne Partez Pas Sans Moi_Céline Dion.mp3",
        "encoding": ["Lavf58.29.100"]
    }
},
"lowlevel": {
    "average_loudness": 0.960972011089,
    "barkbands_crest": {
        "max": 24.2111549377,
        "mean": 10.5824356079,
        "min": 2.96600723267,
        "stdev": 3.95782995224
    },
    "barkbands_flatness_db": {
        "max": 0.33280095458,
        "mean": 0.181834295392,
        "min": 0.067299246788,
        "stdev": 0.0403186380863
    },
    "barkbands_kurtosis": {
        "max": 68.3117599487,
        "mean": 5.76178312302,
        "min": -1.80339550972,
        "stdev": 6.03154468536
    },
    "barkbands_skewness": {
        "max": 6.58980989456,
        "mean": 1.67514884472,
        "min": -1.94468414783,
        "stdev": 0.983687460423
    },
    "barkbands_spread": {
        "max": 79.013633728,
        "mean": 13.0211372375,
        "min": 1.48865950108,
        "stdev": 9.7439365387
    },
    "dissonance": {
        "max": 0.500000059605,
        "mean": 0.447951495647,
        "min": 0.286126285791,
        "stdev": 0.0309677068144
    },
    "dynamic_complexity": 2.37397813797,
    "erbbands_crest": {
        "max": 28.5306720734,
        "mean": 10.5006732941,
        "min": 3.07579112053,
        "stdev": 5.0177936554
    },
    "erbbands_flatness_db": {
        "max": 0.356136858463,
        "mean": 0.191840112209,
        "min": 0.08866237849,
        "stdev": 0.042380657047
    },
    "erbbands_kurtosis": {
        "max": 51.7034873962,
        "mean": 1.5265185833,
        "min": -1.76229465008,
        "stdev": 3.3697977066
    },
    "erbbands_skewness": {
        "max": 5.73495912552,
        "mean": 0.89535266161,
        "min": -3.18785715103,
        "stdev": 0.851614296436
    },
    "erbbands_spread": {
        "max": 100.010848999,
        "mean": 28.5599746704,
        "min": 2.38437581062,
        "stdev": 13.3746852875
    },
    "hfc": {
        "max": 124.533424377,
        "mean": 15.3024091721,
        "min": 0.29888138175,
        "stdev": 14.441652298
    },
    "loudness_ebu128": {
        "integrated": -12.7291584015,
        "loudness_range": 2.34075546265,
        "momentary": {
            "max": -8.91395282745,
            "mean": -13.0994415283,
            "min": -21.8990287781,
            "stdev": 1.87928676605
        },
        "short_term": {
            "max": -11.243396759,
            "mean": -12.9279336929,
            "min": -15.0084791183,
            "stdev": 0.783324480057
        }
    },
    "melbands_crest": {
        "max": 32.958820343,
        "mean": 13.2308359146,
        "min": 3.67301940918,
        "stdev": 4.55340051651
    },
    "melbands_flatness_db": {
        "max": 0.438023746014,
        "mean": 0.241947099566,
        "min": 0.0430729351938,
        "stdev": 0.0552776493132
    },
    "melbands_kurtosis": {
        "max": 125.75668335,
        "mean": 10.2528133392,
        "min": -1.81410980225,
        "stdev": 9.9140625
    },
    "melbands_skewness": {
        "max": 8.953166008,
        "mean": 2.14512205124,
        "min": -1.19462561607,
        "stdev": 1.11404943466
    },
    "melbands_spread": {
        "max": 143.876220703,
        "mean": 15.3374319077,
        "min": 1.68985390663,
        "stdev": 14.7504301071
    },
    "pitch_salience": {
        "max": 0.854273915291,
        "mean": 0.569116175175,
        "min": 0.181342333555,
        "stdev": 0.105920784175
    },
    "silence_rate_20dB": {
        "max": 1,
        "mean": 1,
        "min": 1,
        "stdev": 0
    },
    "silence_rate_30dB": {
        "max": 1,
        "mean": 1,
        "min": 1,
        "stdev": 0
    },
    "silence_rate_60dB": {
        "max": 1,
        "mean": 0.00856734905392,
        "min": 0,
        "stdev": 0.0921608284116
    },
    "spectral_centroid": {
        "max": 3900.37939453,
        "mean": 867.195556641,
        "min": 258.237731934,
        "stdev": 543.116271973
    },
    "spectral_complexity": {
        "max": 43,
        "mean": 15.3655405045,
        "min": 1,
        "stdev": 5.56999492645
    },
    "spectral_decrease": {
        "max": -7.65599042496e-11,
        "mean": -7.03814073688e-09,
        "min": -2.39218476139e-08,
        "stdev": 4.08592004675e-09
    },
    "spectral_energy": {
        "max": 0.0948980376124,
        "mean": 0.027951579541,
        "min": 0.000325204717228,
        "stdev": 0.0161073785275
    },
    "spectral_energyband_high": {
        "max": 0.018162380904,
        "mean": 0.000308195099933,
        "min": 6.32398041489e-06,
        "stdev": 0.00103839987423
    },
    "spectral_energyband_low": {
        "max": 0.0684398114681,
        "mean": 0.00759967789054,
        "min": 1.32935010697e-05,
        "stdev": 0.00807803310454
    },
    "spectral_energyband_middle_high": {
        "max": 0.0605041794479,
        "mean": 0.00437685567886,
        "min": 6.42587910988e-05,
        "stdev": 0.00734289735556
    },
    "spectral_energyband_middle_low": {
        "max": 0.0885079577565,
        "mean": 0.0167961195111,
        "min": 0.000149358631461,
        "stdev": 0.0125930514187
    },
    "spectral_entropy": {
        "max": 8.45071315765,
        "mean": 7.15018081665,
        "min": 5.62053871155,
        "stdev": 0.419147282839
    },
    "spectral_flux": {
        "max": 0.222363248467,
        "mean": 0.0761198028922,
        "min": 0.00900985300541,
        "stdev": 0.0345985144377
    },
    "spectral_kurtosis": {
        "max": 34.5590744019,
        "mean": 6.99556684494,
        "min": -0.649461984634,
        "stdev": 4.6010594368
    },
    "spectral_rms": {
        "max": 0.00962202996016,
        "mean": 0.00499033182859,
        "min": 0.000563269830309,
        "stdev": 0.00153829774354
    },
    "spectral_rolloff": {
        "max": 8376.41601562,
        "mean": 871.526306152,
        "min": 64.599609375,
        "stdev": 941.826965332
    },
    "spectral_skewness": {
        "max": 4.5217795372,
        "mean": 1.89916300774,
        "min": -0.0449467897415,
        "stdev": 0.646253466606
    },
    "spectral_spread": {
        "max": 14583508,
        "mean": 3477521.25,
        "min": 1649072.375,
        "stdev": 1030179.75
    },
    "spectral_strongpeak": {
        "max": 13.0856781006,
        "mean": 1.17271518707,
        "min": 0.0396652817726,
        "stdev": 1.46948778629
    },
    "zerocrossingrate": {
        "max": 0.236328125,
        "mean": 0.0380631610751,
        "min": 0.00341796875,
        "stdev": 0.0241995546967
    },
    "barkbands": {
        "max": [0.00514732208103, 0.0645563155413, 0.0451878532767, 0.0224742516875, 0.063850954175, 0.0448928140104, 0.0586630292237, 0.0312607809901, 0.0544084757566, 0.0535445585847, 0.0435366071761, 0.0191105119884, 0.014429917559, 0.0142266275361, 0.0112893665209, 0.00896712578833, 0.033315975219, 0.0110435849056, 0.00636551296338, 0.00393016543239, 0.00375660788268, 0.00714167486876, 0.00604017870501, 0.00534285418689, 0.00068458460737, 0.000145648111356, 8.78895036749e-07],
        "mean": [0.000232978229178, 0.00448940647766, 0.00216194242239, 0.00151383585762, 0.00521591724828, 0.00349717470817, 0.00298285693862, 0.00156929227524, 0.00135256105568, 0.00161938276142, 0.000597297563218, 0.000359499157639, 0.000276772800134, 0.000219011082663, 0.000300704501569, 0.000295698642731, 0.000389933818951, 0.000280727341305, 0.00019681667618, 0.000151797969011, 6.93487527315e-05, 7.34200802981e-05, 5.53488025616e-05, 3.61250895367e-05, 1.06774014057e-05, 3.05949333779e-06, 1.89893767377e-09],
        "min": [1.62057727238e-08, 3.32051354235e-06, 6.12672238276e-07, 1.44616751641e-06, 2.75387583315e-06, 1.72520303749e-05, 1.02846643131e-05, 1.44870818986e-05, 4.81931056129e-06, 1.45779279137e-06, 2.10361235986e-06, 4.08599908042e-06, 5.27789495663e-07, 7.18694423085e-07, 3.91881940232e-06, 1.7045254026e-06, 4.47755974164e-06, 1.52383449858e-06, 1.18111029224e-06, 1.18224636481e-06, 3.56312284566e-07, 6.87385977471e-07, 7.39141682971e-07, 3.02315442013e-07, 1.19531719633e-07, 5.95204330267e-09, 1.38029214794e-11],
        "stdev": [0.000443637371063, 0.0062315245159, 0.00342225539498, 0.00230111251585, 0.00648894533515, 0.00492408173159, 0.00643643923104, 0.0028641433455, 0.00354058062658, 0.00490631815046, 0.00218230066821, 0.00110784382559, 0.000831325596664, 0.000673240458127, 0.000791392871179, 0.000865730340593, 0.00194318697322, 0.000803634990007, 0.000487929530209, 0.000368984532543, 0.000247198535362, 0.000351785798557, 0.000246475741733, 0.000210849408177, 3.31004157488e-05, 8.14935992821e-06, 2.50277043534e-08]
    },
    "erbbands": {
        "max": [2.46030497551, 12.3416500092, 42.2915115356, 42.1589736938, 112.841629028, 316.04196167, 505.786590576, 367.822692871, 778.766540527, 1088.81945801, 976.818969727, 1166.26647949, 1705.52209473, 2166.42626953, 938.264831543, 936.458435059, 782.028747559, 825.928649902, 951.963195801, 557.653686523, 1207.20947266, 1528.98840332, 515.476867676, 577.746459961, 212.368164062, 225.132720947, 238.553955078, 164.143341064, 282.464782715, 225.077880859, 190.884048462, 112.98878479, 88.8528213501, 11.6410703659, 3.74728751183, 1.1285148859, 0.087311334908, 0.00210689171217, 0.000223679337068, 0.000108232168714],
        "mean": [0.156777262688, 0.903662025928, 2.26087808609, 4.12772607803, 8.36292648315, 20.4804401398, 21.7065658569, 33.2876205444, 44.5520362854, 40.2231864929, 28.0178604126, 36.5471839905, 47.6336631775, 38.8625030518, 24.7344245911, 13.4456939697, 12.3693351746, 12.2156448364, 16.6264629364, 14.3537359238, 19.8127555847, 20.0322799683, 16.2460174561, 12.0538883209, 8.61951732635, 7.14515447617, 3.36588072777, 2.73849821091, 2.63816928864, 2.09741306305, 1.53827381134, 0.91860127449, 0.513562262058, 0.143154978752, 0.075165823102, 0.0256390124559, 0.00168897630647, 4.74715634482e-05, 1.75153036253e-05, 3.26541121467e-05],
        "min": [7.28985469323e-05, 0.000524867326021, 0.00399567279965, 0.00401352997869, 0.00945385731757, 0.00934833474457, 0.0532104447484, 0.22342865169, 0.256357759237, 0.404884517193, 0.319335252047, 0.180083379149, 0.0739807412028, 0.0342280976474, 0.116189092398, 0.163176983595, 0.0356448441744, 0.0416003987193, 0.111112006009, 0.205329447985, 0.232863247395, 0.257182061672, 0.119903355837, 0.0619196332991, 0.0506643354893, 0.0495360419154, 0.0271686073393, 0.0133893489838, 0.0194191467017, 0.0238554179668, 0.0202599205077, 0.00783554185182, 0.00574423000216, 0.00199134089053, 0.000792435137555, 0.000227414988331, 1.7655251213e-05, 1.56318810696e-06, 8.85092617864e-07, 5.32160242983e-07],
        "stdev": [0.264165610075, 1.17354238033, 3.12080478668, 5.14973974228, 10.3427915573, 29.9471302032, 37.372718811, 47.121131897, 79.8920593262, 80.7552032471, 62.7250556946, 91.0758209229, 120.218162537, 153.865936279, 65.5748214722, 32.2942886353, 35.6666145325, 33.9188652039, 49.2550773621, 37.9300460815, 68.6376876831, 92.8990097046, 45.7983283997, 32.5776481628, 18.4422531128, 18.3670597076, 10.4984788895, 10.7932367325, 12.2485103607, 9.81959533691, 7.11787939072, 4.56059122086, 3.50769853592, 0.575847387314, 0.196021869779, 0.0669624730945, 0.00509942788631, 0.000127018123749, 1.3708784536e-05, 1.86315101018e-05]
    },
    "gfcc": {
        "mean": [-24.3239059448, 138.921463013, -123.125, 33.8466644287, -67.722038269, 8.12307357788, -39.8615875244, 7.85896062851, -18.8067092896, -3.706335783, -7.59465122223, -5.32376718521, -1.07169926167],
        "cov": [[1487.55847168, -365.56552124, -276.994506836, 258.96081543, -80.2595291138, 62.4544029236, 77.876663208, 81.1696853638, 44.8216896057, -15.025097847, 42.3152770996, -40.5405235291, -1.3221886158], [-365.56552124, 670.407104492, 107.777694702, -164.662948608, 189.0078125, -86.229637146, 93.3472900391, -56.4344940186, 71.2780838013, 0.978068709373, 86.4780273438, -34.6313438416, 71.3133926392], [-276.994506836, 107.777694702, 604.974487305, -26.8323574066, -36.4148635864, 145.312332153, -84.4897384644, -33.9790687561, -35.6534461975, 95.3584899902, -43.1958007812, 74.332862854, -45.6015892029], [258.96081543, -164.662948608, -26.8323574066, 277.468811035, -15.540438652, 36.2957801819, 41.4816093445, 12.701010704, 40.6557579041, -0.120524354279, 19.7394046783, -3.65167856216, 0.722900867462], [-80.2595291138, 189.0078125, -36.4148635864, -15.540438652, 221.626052856, -3.30157995224, 57.2599220276, 55.2011604309, 42.1250152588, -13.5398225784, 14.4609956741, 21.8640422821, 54.9630317688], [62.4544029236, -86.229637146, 145.312332153, 36.2957801819, -3.30157995224, 229.35836792, 39.2764587402, 8.92121315002, -17.1180229187, 41.8932037354, -12.4734678268, 22.2206077576, -3.77551269531], [77.876663208, 93.3472900391, -84.4897384644, 41.4816093445, 57.2599220276, 39.2764587402, 169.439865112, 33.3824539185, 38.3339653015, -8.33862781525, 52.0935134888, -18.4111385345, 34.7038459778], [81.1696853638, -56.4344940186, -33.9790687561, 12.701010704, 55.2011604309, 8.92121315002, 33.3824539185, 124.944984436, 44.3868713379, 1.7603302002, -7.39604282379, 35.5257606506, 17.6656227112], [44.8216896057, 71.2780838013, -35.6534461975, 40.6557579041, 42.1250152588, -17.1180229187, 38.3339653015, 44.3868713379, 118.700302124, 28.4176921844, 43.6701965332, 8.51647186279, 29.9149665833], [-15.025097847, 0.978068709373, 95.3584899902, -0.120524354279, -13.5398225784, 41.8932037354, -8.33862781525, 1.7603302002, 28.4176921844, 96.885597229, 39.2335968018, 15.8314561844, -17.4678249359], [42.3152770996, 86.4780273438, -43.1958007812, 19.7394046783, 14.4609956741, -12.4734678268, 52.0935134888, -7.39604282379, 43.6701965332, 39.2335968018, 129.77835083, 14.9390659332, 20.0825939178], [-40.5405235291, -34.6313438416, 74.332862854, -3.65167856216, 21.8640422821, 22.2206077576, -18.4111385345, 35.5257606506, 8.51647186279, 15.8314561844, 14.9390659332, 121.407287598, 36.742816925], [-1.3221886158, 71.3133926392, -45.6015892029, 0.722900867462, 54.9630317688, -3.77551269531, 34.7038459778, 17.6656227112, 29.9149665833, -17.4678249359, 20.0825939178, 36.742816925, 93.0869140625]],
        "icov": [[0.000999784329906, 0.000150048130308, 0.000396727089537, -0.000683168473188, 0.000412687542848, -0.000431757507613, 0.000140587231726, -0.000747825892176, 6.06504981988e-05, 9.92519417196e-05, -0.000454638851807, 0.000442224845756, -0.000150106614456], [0.000150048130308, 0.0100202849135, -0.00575862219557, 0.00603426201269, -0.00719286873937, 0.00494021410123, -0.00563488015905, 0.00736218178645, -0.00615495210513, 0.00395013159141, -0.00477860635146, 0.00567757338285, -0.0038821385242], [0.000396727089537, -0.00575862219557, 0.00647721206769, -0.00367921427824, 0.00404438422993, -0.00437811668962, 0.00384958600625, -0.00316901877522, 0.00350871053524, -0.00466283550486, 0.00412905402482, -0.00516733946279, 0.00336584658362], [-0.000683168473188, 0.00603426201269, -0.00367921427824, 0.00842046830803, -0.00402193842456, 0.00234296568669, -0.00413312809542, 0.00528301578015, -0.00587491178885, 0.00360828288831, -0.0028911314439, 0.00285167712718, -0.00142900028732], [0.000412687542848, -0.00719286873937, 0.00404438422993, -0.00402193842456, 0.0116072688252, -0.00360676134005, 0.00288300146349, -0.00768313463777, 0.00359203480184, -0.0019881457556, 0.00317380693741, -0.00368612399325, 0.000155075962539], [-0.000431757507613, 0.00494021410123, -0.00437811668962, 0.00234296568669, -0.00360676134005, 0.00961166154593, -0.00617758277804, 0.00374420988373, -0.000722646014765, -0.00165189953987, -1.24023526951e-05, 0.00195528403856, -0.0026886514388], [0.000140587231726, -0.00563488015905, 0.00384958600625, -0.00413312809542, 0.00288300146349, -0.00617758277804, 0.0140624558553, -0.00718130730093, 0.00290136621334, 0.000736618763767, -0.00262376014143, 0.000878658203874, -0.000170779327163], [-0.000747825892176, 0.00736218178645, -0.00316901877522, 0.00528301578015, -0.00768313463777, 0.00374420988373, -0.00718130730093, 0.0194184742868, -0.0094960462302, 0.00181432662066, 0.00151510292199, -0.00196397700347, 0.000276763108559], [6.06504981988e-05, -0.00615495210513, 0.00350871053524, -0.00587491178885, 0.00359203480184, -0.000722646014765, 0.00290136621334, -0.0094960462302, 0.0187690425664, -0.00812562089413, 0.000569469062611, -0.00100839766674, -0.00223048822954], [9.92519417196e-05, 0.00395013159141, -0.00466283550486, 0.00360828288831, -0.0019881457556, -0.00165189953987, 0.000736618763767, 0.00181432662066, -0.00812562089413, 0.0217093490064, -0.00945175997913, 0.00237792124972, 0.00293653504923], [-0.000454638851807, -0.00477860635146, 0.00412905402482, -0.0028911314439, 0.00317380693741, -1.24023526951e-05, -0.00262376014143, 0.00151510292199, 0.000569469062611, -0.00945175997913, 0.0168427210301, -0.00692207133397, 0.00165772938635], [0.000442224845756, 0.00567757338285, -0.00516733946279, 0.00285167712718, -0.00368612399325, 0.00195528403856, 0.000878658203874, -0.00196397700347, -0.00100839766674, 0.00237792124972, -0.00692207133397, 0.0176999922842, -0.00931870006025], [-0.000150106614456, -0.0038821385242, 0.00336584658362, -0.00142900028732, 0.000155075962539, -0.0026886514388, -0.000170779327163, 0.000276763108559, -0.00223048822954, 0.00293653504923, 0.00165772938635, -0.00931870006025, 0.0197735372931]]
    },
    "melbands": {
        "max": [0.0197266712785, 0.0161076877266, 0.00798038486391, 0.0123564247042, 0.0135645447299, 0.00857772305608, 0.0116202551872, 0.00954005215317, 0.00871745496988, 0.00707479380071, 0.00838176161051, 0.00935693271458, 0.00303695816547, 0.00229098740965, 0.0017049331218, 0.0017037166981, 0.00144378538243, 0.00192465435248, 0.000603158259764, 0.000914950331207, 0.00214788177982, 0.00222579482943, 0.000926675333176, 0.000618440390099, 0.000520018918905, 0.000199834947125, 0.000150320483954, 0.000142355362186, 0.000178347807378, 8.07686446933e-05, 0.00011602063023, 0.000196296343347, 0.000156525944476, 0.000101367470052, 0.000124626836623, 6.8338602432e-05, 7.31693216949e-05, 7.80683403718e-05, 2.52319732681e-05, 4.67519021186e-06],
        "mean": [0.00130778201856, 0.00117487390526, 0.000823326176032, 0.00103103974834, 0.000851044082083, 0.00074003264308, 0.00067823252175, 0.00042259861948, 0.000206745113246, 0.00023206876358, 0.000235557599808, 0.000160549781867, 7.67280362197e-05, 5.08746525156e-05, 2.18927289097e-05, 3.24646243826e-05, 2.06446238735e-05, 2.60636006715e-05, 1.95928478206e-05, 1.9708131731e-05, 2.5262375857e-05, 2.41079742409e-05, 1.53099845193e-05, 1.16699593491e-05, 9.84584130492e-06, 5.87589693168e-06, 6.38528308627e-06, 4.27103759648e-06, 2.20435572373e-06, 1.61640946317e-06, 1.57003910317e-06, 1.52687982791e-06, 1.34573053856e-06, 1.0829975281e-06, 9.21992580061e-07, 6.8283048904e-07, 5.22265054315e-07, 3.95448211066e-07, 2.15743881427e-07, 8.9500140632e-08],
        "min": [8.52209609548e-07, 2.23889333029e-06, 8.68745416938e-07, 7.09063044724e-07, 1.42029739436e-06, 6.18602643954e-06, 2.98103941532e-06, 3.31327601089e-06, 2.31620219893e-06, 9.49629452407e-07, 3.35283289132e-07, 1.17860977866e-07, 3.35439125365e-07, 4.65910773073e-07, 2.35662241721e-07, 5.81983350401e-08, 7.12659513624e-08, 7.7549252353e-08, 3.42122916663e-07, 1.42367824196e-07, 2.50955991987e-07, 2.63857913296e-07, 7.97107020389e-08, 7.78427562409e-08, 4.45722356801e-08, 4.12084304457e-08, 2.75605103184e-08, 3.09458449976e-08, 1.7866170765e-08, 6.4140119882e-09, 2.93220958625e-09, 8.5714528808e-09, 1.13596101414e-08, 9.69700231224e-09, 1.03752055836e-08, 4.47433778916e-09, 2.10637929321e-09, 3.33389826856e-09, 9.32312782531e-10, 1.78756884295e-10],
        "stdev": [0.0019716725219, 0.00134121009614, 0.000927806599066, 0.00133223237935, 0.00128293328453, 0.0010326752672, 0.00125952577218, 0.000775799679104, 0.000529509969056, 0.000578940205742, 0.000623421510682, 0.000654143746942, 0.000215718187974, 0.000142357894219, 5.74668847548e-05, 0.000103746111563, 5.85668167332e-05, 8.35239552543e-05, 4.50151965197e-05, 5.63065877941e-05, 0.000106711449916, 0.000132202141685, 5.1574446843e-05, 3.09159113385e-05, 2.97988553939e-05, 1.35347863761e-05, 1.46191232488e-05, 1.2137487829e-05, 7.41125495551e-06, 5.69652229387e-06, 6.72163560012e-06, 7.4794320426e-06, 6.48895775157e-06, 5.11470898346e-06, 4.44934812549e-06, 3.18147954204e-06, 2.80295921584e-06, 2.93889911518e-06, 1.22921937873e-06, 2.58470862491e-07]
    },
    "melbands128": {
        "max": [0.00497146556154, 0.0216386280954, 0.0298715382814, 0.0171624198556, 0.0200633537024, 0.0218715332448, 0.00957736093551, 0.0132713764906, 0.0136198783293, 0.02096879296, 0.0243063308299, 0.0249110627919, 0.0254769474268, 0.0175517033786, 0.0125060081482, 0.0198457464576, 0.0243561714888, 0.0191455334425, 0.0247921645641, 0.0166217908263, 0.0109773064032, 0.00834155455232, 0.016535166651, 0.0213301032782, 0.0132604213431, 0.0123560251668, 0.00737898051739, 0.0159742739052, 0.0182062461972, 0.0158312097192, 0.0125864781439, 0.0100826332346, 0.00317149865441, 0.00682511739433, 0.00617452291772, 0.00291065475903, 0.00585010182112, 0.00151375634596, 0.00145007390529, 0.0039259493351, 0.00264691957273, 0.00421412289143, 0.00220571435057, 0.000917109951843, 0.00209426810034, 0.00417466554791, 0.00280191819184, 0.000601967680268, 0.00100954459049, 0.00185877759941, 0.00182612217031, 0.000886170717422, 0.00199142540805, 0.00454704742879, 0.00552547490224, 0.00432036165148, 0.00138559297193, 0.000843727379106, 0.00163348065689, 0.00108891213313, 0.00142009963747, 0.000364028848708, 0.00123336235993, 0.000694035785273, 0.000245497241849, 0.000278835650533, 0.000325487257214, 0.000272521312581, 0.000257400999544, 0.000460270734038, 0.000255940452917, 0.000223230163101, 0.00030269153649, 0.000195750646526, 0.000175599736394, 0.000101613404695, 0.000108358588477, 8.52698794915e-05, 0.000153132379637, 0.000156057794811, 0.000330675131408, 0.000168176571606, 0.000106492669147, 0.000184867138159, 0.000236752675846, 0.000136136950459, 0.000104290025774, 0.000107793639472, 0.000123049714603, 0.000143872923218, 0.000101916419226, 7.63594798627e-05, 5.32521407877e-05, 0.000115757182357, 8.7375381554e-05, 7.67524470575e-05, 0.000113504793262, 5.35194121767e-05, 3.19962055073e-05, 2.15180298255e-05, 3.92827678297e-06, 2.80423159893e-06, 5.39765596841e-06, 8.5314431999e-06, 5.26678559254e-06, 2.69502447736e-06, 2.22803419092e-06, 3.09500501317e-06, 1.63119489116e-06, 3.48777507497e-06, 1.07921232484e-06, 1.90108337961e-07, 2.49120155615e-08, 4.7031679884e-08, 9.71090585722e-09, 1.15359632957e-08, 4.26083213156e-09, 4.1328616085e-09, 4.00537070178e-09, 3.89749388319e-09, 3.80432041425e-09, 3.71589603532e-09, 3.63374064172e-09, 3.56055718242e-09, 3.50425133355e-09, 3.46981154919e-09, 3.43733108643e-09, 3.41748340738e-09],
        "mean": [0.000221944355872, 0.00129213940818, 0.00176077801734, 0.00136794045102, 0.00113238207996, 0.00106854247861, 0.000811810081359, 0.000774571206421, 0.000756667344831, 0.00103475770447, 0.00121072330512, 0.00117163942195, 0.000716280308552, 0.000478675909108, 0.000754911336116, 0.000882735708728, 0.000813030987047, 0.000595403660554, 0.000626400928013, 0.000395017617848, 0.000406876846682, 0.000224340008572, 0.000213533756323, 0.000113813061034, 0.000228444070672, 0.000329076574417, 0.000135354770464, 0.000319493701681, 0.000193424173631, 0.000179246329935, 0.000169652179466, 7.08674269845e-05, 4.34829271398e-05, 0.000123990263091, 5.33858765266e-05, 3.09615679726e-05, 3.85352504964e-05, 1.56603528012e-05, 1.61529733305e-05, 2.78453244391e-05, 4.34313915321e-05, 2.75183720078e-05, 1.52999400598e-05, 2.10284124478e-05, 2.12208869925e-05, 2.47210464295e-05, 3.88913613278e-05, 1.33080247906e-05, 1.39108606163e-05, 2.32576967392e-05, 2.06136919587e-05, 1.50412579387e-05, 2.31025278481e-05, 2.66249971901e-05, 3.85543098673e-05, 2.72741508525e-05, 7.8110706454e-06, 1.32092100102e-05, 1.88799549505e-05, 1.77246893145e-05, 1.06059051177e-05, 6.83117195877e-06, 1.26137256302e-05, 1.09238690129e-05, 5.54204643777e-06, 4.94959249409e-06, 6.88250020175e-06, 5.77494756726e-06, 6.71094039717e-06, 6.65554307488e-06, 4.22141147283e-06, 3.14961698678e-06, 2.76718515124e-06, 1.97571421268e-06, 1.6618976133e-06, 1.62597814324e-06, 1.61986463354e-06, 1.49098809743e-06, 1.62483979693e-06, 1.56603823598e-06, 1.54389238105e-06, 1.58279419793e-06, 1.30563444145e-06, 1.41664042985e-06, 1.26873828776e-06, 1.11706958705e-06, 1.04574689885e-06, 9.63214802141e-07, 8.93659034773e-07, 9.58115151661e-07, 7.33384979412e-07, 6.21139633949e-07, 5.38795177363e-07, 5.5518944464e-07, 4.94029507081e-07, 4.14278929384e-07, 3.96349747689e-07, 3.33924305096e-07, 2.42883402279e-07, 1.53306260131e-07, 6.10754042896e-08, 8.99296637158e-08, 9.94331017523e-08, 9.93108670855e-08, 8.99079140027e-08, 7.47439656834e-08, 6.36149550814e-08, 7.06069585021e-08, 3.57732190537e-08, 3.62537591059e-08, 1.42379521506e-08, 2.51879739288e-09, 5.67242502969e-11, 5.34742354563e-11, 3.2784372439e-11, 3.94261324976e-11, 1.25263072484e-11, 8.59501012029e-12, 8.3469385917e-12, 8.11788396921e-12, 7.91746009032e-12, 7.73787978137e-12, 7.57737449175e-12, 7.43415398685e-12, 7.30565954954e-12, 7.18318547005e-12, 7.09938227997e-12, 7.05651249239e-12],
        "min": [3.80092757268e-09, 4.24913970676e-08, 1.718447038e-07, 8.76170417996e-07, 1.01561465726e-06, 1.88638736631e-07, 6.03443822911e-07, 7.78308844929e-07, 5.1474950169e-07, 8.95163736914e-07, 4.12648375914e-07, 9.79943592938e-08, 3.2877301237e-07, 9.29715270104e-07, 2.18379818762e-06, 1.0981162859e-06, 6.6900395268e-07, 5.1034101034e-07, 6.32772525933e-07, 8.18784997136e-07, 1.86479155673e-06, 8.00772113507e-07, 1.4162917239e-07, 5.02515831613e-07, 6.48991544949e-07, 6.71845796774e-08, 3.52783757762e-07, 3.88306034438e-07, 2.57776406443e-07, 5.32682449261e-08, 7.53171462975e-08, 9.17605547102e-08, 2.80733729596e-07, 1.75547043568e-07, 2.08307255889e-07, 1.97195134888e-07, 8.23388717208e-08, 1.03911915517e-07, 2.79654930324e-08, 2.75945026829e-08, 6.22870075517e-08, 6.95475250723e-08, 5.05479960111e-08, 3.80370401842e-08, 2.68941917625e-08, 1.80576442688e-08, 3.24026032672e-08, 8.5179316045e-08, 5.64243514134e-08, 7.61647740433e-08, 4.61541844743e-08, 1.59226711816e-08, 1.02042960748e-08, 4.53826913827e-08, 1.96414191578e-07, 6.64393340344e-08, 4.01051103438e-08, 3.93506134344e-08, 2.30628618425e-08, 6.17783442181e-08, 6.45564099955e-08, 1.39652733822e-08, 2.24461906839e-08, 2.41431621362e-08, 4.36711857787e-08, 3.84475846715e-08, 1.23519106054e-08, 1.38507196823e-08, 1.39106290931e-08, 1.28802044586e-08, 1.21337091485e-08, 9.2086276382e-09, 2.13728998943e-08, 7.62772600638e-09, 2.88138446436e-09, 1.91363502822e-09, 1.24409885172e-10, 9.15774747701e-11, 1.95354968313e-10, 1.13346387831e-10, 1.85066378888e-10, 3.13507486638e-09, 1.86761694998e-09, 9.82973369368e-10, 5.30554755684e-09, 2.09584993804e-09, 1.11804654424e-09, 6.30568319782e-10, 2.43289566271e-09, 1.58003787831e-09, 4.23872825728e-10, 1.33633160093e-09, 6.70864697128e-10, 8.7935098092e-10, 1.86085635789e-09, 9.42957933958e-10, 3.46168788079e-11, 1.12805259925e-11, 1.68558552532e-11, 3.27518220877e-12, 6.22142354995e-12, 2.28645141015e-11, 1.9829140066e-11, 1.49295506513e-10, 1.18117460257e-10, 6.88108181546e-11, 3.96906986444e-11, 4.68598909675e-11, 2.44303639818e-11, 1.02320268144e-12, 5.37840713806e-13, 6.16809392191e-14, 5.22689632191e-14, 3.52502993158e-14, 3.71702993905e-14, 5.00599182333e-14, 4.04356961055e-14, 4.78600279796e-14, 3.33508008265e-14, 5.10818126622e-14, 4.45580157244e-14, 4.30809156252e-14, 4.26520560678e-14, 4.44784014036e-14, 3.26525678512e-14, 1.14293780874e-14, 2.0466986277e-15, 7.31746336828e-17],
        "stdev": [0.000431717635365, 0.00239629391581, 0.00280997459777, 0.00177158450242, 0.00153565045912, 0.00174351606984, 0.00112998846453, 0.00127531704493, 0.00107754848432, 0.00173778273165, 0.00206728815101, 0.00204204092734, 0.00166773423553, 0.00111092510633, 0.00138388888445, 0.00162084819749, 0.00176807399839, 0.00160998746287, 0.00209936429746, 0.000942013924941, 0.000826746341772, 0.000557711347938, 0.00078389205737, 0.000794023391791, 0.000797109561972, 0.000916171586141, 0.000339164980687, 0.00101028801873, 0.000914017029572, 0.000975553004537, 0.000855712627526, 0.000485962431412, 0.000153158820467, 0.000416313589085, 0.000279901229078, 8.36581530166e-05, 0.000156020381837, 5.53917780053e-05, 4.86338649353e-05, 0.000135944967042, 0.000155442176037, 0.000171090767253, 6.39258214505e-05, 4.95910608151e-05, 9.92297718767e-05, 0.000124594735098, 0.000159633898875, 3.3427735616e-05, 5.08644916408e-05, 0.000107404674054, 8.20989298518e-05, 4.85971941089e-05, 0.000138020055601, 0.000180889750482, 0.000267576862825, 0.000212209211895, 3.72724971385e-05, 4.50374318461e-05, 0.000100091790955, 6.12721996731e-05, 4.49309736723e-05, 2.3591081117e-05, 5.13257000421e-05, 4.11492437706e-05, 1.73768348759e-05, 1.54189056047e-05, 2.02568844543e-05, 1.71759293153e-05, 1.93162504729e-05, 2.56523981079e-05, 1.64552220667e-05, 1.0009676771e-05, 1.1060070392e-05, 7.67632172938e-06, 6.985969776e-06, 5.67164443055e-06, 6.46650687486e-06, 6.40450616629e-06, 7.52410051064e-06, 8.02474278316e-06, 9.40054633247e-06, 7.60725515647e-06, 5.95029359829e-06, 7.44640828998e-06, 7.21838750906e-06, 5.89117325944e-06, 5.20170078744e-06, 4.89309149998e-06, 4.57840269519e-06, 4.77503408547e-06, 3.91651747123e-06, 2.8951396871e-06, 2.29034503718e-06, 3.33017101184e-06, 3.26645999849e-06, 3.04903869619e-06, 3.66039012079e-06, 2.16674197873e-06, 1.41305747547e-06, 8.00838108717e-07, 1.83105925089e-07, 2.42061133804e-07, 2.76925760545e-07, 3.4897644241e-07, 2.54055152027e-07, 1.76579106892e-07, 1.30409148369e-07, 1.98694223741e-07, 9.93837190322e-08, 1.26300662373e-07, 5.29904831126e-08, 1.01459507462e-08, 6.26728224873e-10, 1.05987540966e-09, 3.17698950481e-10, 3.81688236573e-10, 1.31595609409e-10, 1.17658202625e-10, 1.14062405354e-10, 1.10923790986e-10, 1.08176509417e-10, 1.05607834977e-10, 1.03331496137e-10, 1.01256961149e-10, 9.96999358072e-11, 9.85864168079e-11, 9.76584368928e-11, 9.70903843434e-11]
    },
    "mfcc": {
        "mean": [-661.340270996, 157.904571533, 1.7408272028, 25.3922328949, -1.74857437611, -0.333980619907, -7.1272110939, 3.91911816597, -5.79383945465, 3.5310177803, -5.22857236862, -1.39729249477, -1.15610706806],
        "cov": [[1877.36706543, -698.68145752, -221.154907227, 123.618507385, -94.7234039307, -27.9928760529, 44.9168968201, 60.0616645813, 20.3297977448, 80.7874450684, 49.0790786743, 1.82123482227, -28.9718322754], [-698.68145752, 904.265563965, -35.145565033, -46.8427047729, 72.3552703857, -11.8241558075, 16.3694877625, -33.4212532043, 0.876978874207, 14.3075914383, -0.655328571796, -2.50393915176, 25.8544254303], [-221.154907227, -35.145565033, 538.878967285, -70.1998138428, 18.597158432, 138.737625122, -14.1499023438, -46.2740402222, -17.7491035461, -46.617893219, 25.7506904602, 36.7123908997, 23.7545700073], [123.618507385, -46.8427047729, -70.1998138428, 200.235397339, 10.6922979355, -30.3446502686, -14.7213697433, 29.496137619, 10.9903383255, 9.00826454163, 12.3299360275, 11.84416008, 10.5180664062], [-94.7234039307, 72.3552703857, 18.597158432, 10.6922979355, 143.513427734, 14.8575000763, -8.25293254852, 20.186460495, 43.9185142517, -15.6267967224, -2.78388977051, 14.3960523605, 16.4333057404], [-27.9928760529, -11.8241558075, 138.737625122, -30.3446502686, 14.8575000763, 163.915084839, 53.2566871643, -5.32051229477, 8.69369888306, 6.8454375267, 22.8686523438, 0.6893902421, 2.79079699516], [44.9168968201, 16.3694877625, -14.1499023438, -14.7213697433, -8.25293254852, 53.2566871643, 128.367553711, 30.6612243652, 7.13531064987, 23.342250824, 9.55131149292, -3.13060045242, 4.2047624588], [60.0616645813, -33.4212532043, -46.2740402222, 29.496137619, 20.186460495, -5.32051229477, 30.6612243652, 115.487464905, 56.0812034607, -2.82266640663, -1.84641897678, -5.48454809189, 7.80391550064], [20.3297977448, 0.876978874207, -17.7491035461, 10.9903383255, 43.9185142517, 8.69369888306, 7.13531064987, 56.0812034607, 115.333084106, 12.2004823685, 1.66613292694, -10.5912656784, 2.1288895607], [80.7874450684, 14.3075914383, -46.617893219, 9.00826454163, -15.6267967224, 6.8454375267, 23.342250824, -2.82266640663, 12.2004823685, 108.541763306, 29.7788276672, -6.0109744072, -11.5679721832], [49.0790786743, -0.655328571796, 25.7506904602, 12.3299360275, -2.78388977051, 22.8686523438, 9.55131149292, -1.84641897678, 1.66613292694, 29.7788276672, 86.6101379395, 33.173286438, 11.1347846985], [1.82123482227, -2.50393915176, 36.7123908997, 11.84416008, 14.3960523605, 0.6893902421, -3.13060045242, -5.48454809189, -10.5912656784, -6.0109744072, 33.173286438, 87.0933074951, 43.4730110168], [-28.9718322754, 25.8544254303, 23.7545700073, 10.5180664062, 16.4333057404, 2.79079699516, 4.2047624588, 7.80391550064, 2.1288895607, -11.5679721832, 11.1347846985, 43.4730110168, 83.4177780151]],
        "icov": [[0.00088716018945, 0.000681519741192, 0.000344381609466, -0.000250207871431, 0.00018171290867, 1.29968802867e-05, -0.000284784910036, 1.1520973203e-05, -0.000104195562017, -0.000378104799893, -0.000378662516596, -6.53777970001e-05, 4.22566990892e-05], [0.000681519741192, 0.00176956725772, 0.000365917221643, 0.000130612083012, -0.000688503496349, 0.000318480888382, -0.000577965867706, 0.000597364676651, -8.07310300388e-07, -0.000487561104819, -0.000446360645583, 0.000405245868023, -0.000553404446691], [0.000344381609466, 0.000365917221643, 0.00304199475795, 0.000579761806875, 7.68063400756e-05, -0.00267092045397, 0.0010619671084, 0.000571440090425, 1.04738328446e-05, 0.000991256907582, -0.000557189341635, -0.000833600643091, -0.000319926912198], [-0.000250207871431, 0.000130612083012, 0.000579761806875, 0.00585638917983, -0.000593749457039, 0.000319687766023, 0.0011037584627, -0.00149169377983, 0.000462877069367, -0.000370882829884, -0.000787509139627, -0.000352882489096, -0.000614938966464], [0.00018171290867, -0.000688503496349, 7.68063400756e-05, -0.000593749457039, 0.00920461583883, -0.00137321162038, 0.0010810267413, -0.000371965084923, -0.00357185979374, 0.00120385922492, 0.000961779383942, -0.00206146901473, -0.000253509759204], [1.29968802867e-05, 0.000318480888382, -0.00267092045397, 0.000319687766023, -0.00137321162038, 0.0105200856924, -0.00479520112276, 0.00140852329787, -0.000877176644281, -0.000237751068198, -0.00212755263783, 0.00185899098869, -4.08167034038e-05], [-0.000284784910036, -0.000577965867706, 0.0010619671084, 0.0011037584627, 0.0010810267413, -0.00479520112276, 0.0114752249792, -0.00406051054597, 0.00150373205543, -0.00186381407548, 0.000468716694741, -0.000312984106131, -0.000808741198853], [1.1520973203e-05, 0.000597364676651, 0.000571440090425, -0.00149169377983, -0.000371965084923, 0.00140852329787, -0.00406051054597, 0.0139009356499, -0.00636741705239, 0.00211877608672, -0.00038432891597, 0.000858618121129, -0.00116526323836], [-0.000104195562017, -8.07310300388e-07, 1.04738328446e-05, 0.000462877069367, -0.00357185979374, -0.000877176644281, 0.00150373205543, -0.00636741705239, 0.0135232321918, -0.0022510883864, -0.000417054601712, 0.00210405793041, -0.000542542838957], [-0.000378104799893, -0.000487561104819, 0.000991256907582, -0.000370882829884, 0.00120385922492, -0.000237751068198, -0.00186381407548, 0.00211877608672, -0.0022510883864, 0.0123364003375, -0.00448457943276, 0.00118177663535, 0.0012017400004], [-0.000378662516596, -0.000446360645583, -0.000557189341635, -0.000787509139627, 0.000961779383942, -0.00212755263783, 0.000468716694741, -0.00038432891597, -0.000417054601712, -0.00448457943276, 0.0166780948639, -0.00701232952997, 0.000975810631644], [-6.53777970001e-05, 0.000405245868023, -0.000833600643091, -0.000352882489096, -0.00206146901473, 0.00185899098869, -0.000312984106131, 0.000858618121129, 0.00210405793041, 0.00118177663535, -0.00701232952997, 0.0196565650403, -0.00878483895212], [4.22566990892e-05, -0.000553404446691, -0.000319926912198, -0.000614938966464, -0.000253509759204, -4.08167034038e-05, -0.000808741198853, -0.00116526323836, -0.000542542838957, 0.0012017400004, 0.000975810631644, -0.00878483895212, 0.017172222957]]
    },
    "spectral_contrast_coeffs": {
        "max": [-0.385803997517, -0.40105894208, -0.456044584513, -0.561888873577, -0.561280369759, -0.487743675709],
        "mean": [-0.69792509079, -0.712471306324, -0.737877428532, -0.788001716137, -0.788669228554, -0.745184659958],
        "min": [-0.902730762959, -0.888338625431, -0.893137335777, -0.896667420864, -0.875993728638, -0.940571427345],
        "stdev": [0.0755075067282, 0.0781165063381, 0.0661572888494, 0.0472540520132, 0.0510963611305, 0.0392145849764]
    },
    "spectral_contrast_valleys": {
        "max": [-5.15519762039, -5.19595050812, -6.13838148117, -6.34737014771, -5.8961853981, -7.87611436844],
        "mean": [-6.43342828751, -6.47347259521, -7.38284492493, -7.86272716522, -7.96185207367, -11.198551178],
        "min": [-9.63964271545, -8.12328052521, -9.22502994537, -9.64292621613, -9.75936508179, -12.6545372009],
        "stdev": [0.564158201218, 0.464919656515, 0.42538356781, 0.455416202545, 0.607583284378, 0.859280407429]
    }
},
"rhythm": {
    "beats_count": 117,
    "beats_loudness": {
        "max": 0.074760697782,
        "mean": 0.0369191467762,
        "min": 0.00627398397774,
        "stdev": 0.0170536208898
    },
    "bpm": 145.066055298,
    "bpm_histogram_first_peak_bpm": 144,
    "bpm_histogram_first_peak_weight": 0.455357134342,
    "bpm_histogram_second_peak_bpm": 136,
    "bpm_histogram_second_peak_spread": 0.25,
    "bpm_histogram_second_peak_weight": 0.0258620698005,
    "danceability": 1.11394512653,
    "onset_rate": 2.296875,
    "beats_loudness_band_ratio": {
        "max": [0.906228244305, 0.842633962631, 0.762688219547, 0.814193069935, 0.707693636417, 0.132046177983],
        "mean": [0.364684790373, 0.312362313271, 0.24174502492, 0.0860205814242, 0.0481363125145, 0.0152455940843],
        "min": [0.00629243673757, 0.0107851838693, 0.0145645299926, 0.00678851827979, 0.00276745855808, 0.000736103917006],
        "stdev": [0.231005579233, 0.210451811552, 0.185981199145, 0.132194459438, 0.0924498215318, 0.0201187971979]
    },
