{
"metadata": {
    "version": {
        "essentia": "2.1-beta5",
        "essentia_git_sha": "Undefined",
        "extractor": "music 2.0"
    },
    "audio_properties": {
        "analysis": {
            "equal_loudness": 0,
            "length": 27.22539711,
            "sample_rate": 44100,
            "start_time": 191.4949646,
            "downmix": "mix"
        },
        "bit_rate": 192000,
        "length": 218.74357605,
        "lossless": 0,
        "number_channels": 2,
        "replay_gain": -2.4540309906,
        "sample_rate": 48000,
        "codec": "mp3",
        "md5_encoded": "fd704e7705f9ef9369193d55846c5c8a"
    },
    "tags": {
        "file_name": "Israel_Ben Adam_Yardena Arazi.mp3",
        "encoding": ["Lavf58.29.100"]
    }
},
"lowlevel": {
    "average_loudness": 0.0505204759538,
    "barkbands_crest": {
        "max": 20.1385002136,
        "mean": 6.4334602356,
        "min": 2.90734267235,
        "stdev": 2.31761312485
    },
    "barkbands_flatness_db": {
        "max": 0.303328633308,
        "mean": 0.13126295805,
        "min": 0.0541058406234,
        "stdev": 0.0516883768141
    },
    "barkbands_kurtosis": {
        "max": 26.4743785858,
        "mean": 1.98507499695,
        "min": -1.20287752151,
        "stdev": 2.53283715248
    },
    "barkbands_skewness": {
        "max": 3.94900584221,
        "mean": -0.331083476543,
        "min": -2.2510137558,
        "stdev": 1.29383468628
    },
    "barkbands_spread": {
        "max": 41.2633361816,
        "mean": 16.1958618164,
        "min": 1.9166880846,
        "stdev": 8.76766300201
    },
    "dissonance": {
        "max": 0.500000059605,
        "mean": 0.486518442631,
        "min": 0.284456759691,
        "stdev": 0.024146899581
    },
    "dynamic_complexity": 6.60469055176,
    "erbbands_crest": {
        "max": 22.2683696747,
        "mean": 5.90890407562,
        "min": 2.5741019249,
        "stdev": 2.80206561089
    },
    "erbbands_flatness_db": {
        "max": 0.360294759274,
        "mean": 0.197930455208,
        "min": 0.0781905725598,
        "stdev": 0.0809658765793
    },
    "erbbands_kurtosis": {
        "max": 15.1469173431,
        "mean": 0.631790220737,
        "min": -1.10086882114,
        "stdev": 1.20755159855
    },
    "erbbands_skewness": {
        "max": 3.28331136703,
        "mean": 0.0538940802217,
        "min": -1.29992353916,
        "stdev": 0.661831021309
    },
    "erbbands_spread": {
        "max": 47.3115768433,
        "mean": 22.6188373566,
        "min": 5.18374490738,
        "stdev": 11.5454092026
    },
    "hfc": {
        "max": 110.17742157,
        "mean": 12.8315486908,
        "min": 1.05257462398e-16,
        "stdev": 21.0144290924
    },
    "loudness_ebu128": {
        "integrated": -22.1136360168,
        "loudness_range": 13.8808002472,
        "momentary": {
            "max": -16.7784633636,
            "mean": -127.730758667,
            "min": -300.691009521,
            "stdev": 132.128662109
        },
        "short_term": {
            "max": -19.1776828766,
            "mean": -110.635917664,
            "min": -300.691009521,
            "stdev": 124.943824768
        }
    },
    "melbands_crest": {
        "max": 27.1251220703,
        "mean": 5.72971057892,
        "min": 1.01524090767,
        "stdev": 4.08705806732
    },
    "melbands_flatness_db": {
        "max": 0.351341366768,
        "mean": 0.0936400815845,
        "min": 1.96736027647e-06,
        "stdev": 0.0777439624071
    },
    "melbands_kurtosis": {
        "max": 30.9922409058,
        "mean": 1.0012806654,
        "min": -1.44628882408,
        "stdev": 3.5144162178
    },
    "melbands_skewness": {
        "max": 4.25857067108,
        "mean": 0.518846750259,
        "min": -0.483814328909,
        "stdev": 0.715923070908
    },
    "melbands_spread": {
        "max": 170.527587891,
        "mean": 61.7154808044,
        "min": 2.8323431015,
        "stdev": 55.4452819824
    },
    "pitch_salience": {
        "max": 0.997741162777,
        "mean": 0.78064841032,
        "min": 0.427155673504,
        "stdev": 0.0492536686361
    },
    "silence_rate_20dB": {
        "max": 1,
        "mean": 1,
        "min": 1,
        "stdev": 0
    },
    "silence_rate_30dB": {
        "max": 1,
        "mean": 0.987223148346,
        "min": 0,
        "stdev": 0.112309657037
    },
    "silence_rate_60dB": {
        "max": 1,
        "mean": 0.511073231697,
        "min": 0,
        "stdev": 0.499874383211
    },
    "spectral_centroid": {
        "max": 11888.0791016,
        "mean": 5278.58642578,
        "min": 514.079162598,
        "stdev": 4486.74755859
    },
    "spectral_complexity": {
        "max": 55,
        "mean": 14.4250421524,
        "min": 0,
        "stdev": 15.2740030289
    },
    "spectral_decrease": {
        "max": 2.67253450218e-28,
        "mean": -2.41018738301e-09,
        "min": -4.46109353902e-08,
        "stdev": 5.16201925649e-09
    },
    "spectral_energy": {
        "max": 0.176997184753,
        "mean": 0.0102604646236,
        "min": 9.71057774893e-21,
        "stdev": 0.021064851433
    },
    "spectral_energyband_high": {
        "max": 0.00579671468586,
        "mean": 0.000326687586494,
        "min": 6.93222105083e-21,
        "stdev": 0.000734358793125
    },
    "spectral_energyband_low": {
        "max": 0.000223893846851,
        "mean": 5.36364768777e-06,
        "min": 3.93688095056e-24,
        "stdev": 1.74580618477e-05
    },
    "spectral_energyband_middle_high": {
        "max": 0.0404176078737,
        "mean": 0.00509854592383,
        "min": 1.07720524232e-21,
        "stdev": 0.00802114792168
    },
    "spectral_energyband_middle_low": {
        "max": 0.172403365374,
        "mean": 0.00493924599141,
        "min": 1.03491570924e-22,
        "stdev": 0.0175872407854
    },
    "spectral_entropy": {
        "max": 9.83034229279,
        "mean": 8.51027965546,
        "min": 6.31221437454,
        "stdev": 1.0287142992
    },
    "spectral_flux": {
        "max": 0.296429872513,
        "mean": 0.0432115569711,
        "min": 6.24457013876e-11,
        "stdev": 0.0522517859936
    },
    "spectral_kurtosis": {
        "max": 26.7572479248,
        "mean": 3.99739432335,
        "min": -1.27216887474,
        "stdev": 4.7492184639
    },
    "spectral_rms": {
        "max": 0.0131407836452,
        "mean": 0.00202184682712,
        "min": 3.07794328219e-12,
        "stdev": 0.00243359757587
    },
    "spectral_rolloff": {
        "max": 19832.0800781,
        "mean": 8402.04394531,
        "min": 538.330078125,
        "stdev": 8046.70361328
    },
    "spectral_skewness": {
        "max": 3.86726665497,
        "mean": 1.21321237087,
        "min": -0.106625385582,
        "stdev": 0.985931813717
    },
    "spectral_spread": {
        "max": 42900712,
        "mean": 17118422,
        "min": 1514561.625,
        "stdev": 18189716
    },
    "spectral_strongpeak": {
        "max": 7.22074890137,
        "mean": 0.676720440388,
        "min": 0,
        "stdev": 1.08523702621
    },
    "zerocrossingrate": {
        "max": 0.80419921875,
        "mean": 0.239101424813,
        "min": 0.0234375,
        "stdev": 0.205268830061
    },
    "barkbands": {
        "max": [2.97619772027e-05, 5.50278091396e-05, 0.000186155986739, 0.000260521337623, 0.00481002824381, 0.0468527190387, 0.0591560937464, 0.120295755565, 0.0529425255954, 0.0377938859165, 0.0146080162376, 0.0167523082346, 0.00672958604991, 0.00929578673095, 0.0134321255609, 0.00860702805221, 0.00434525171295, 0.0041883373633, 0.00272258394398, 0.00461045233533, 0.00144465954509, 0.00119397661183, 0.000578740844503, 0.000466172379674, 0.000241738714976, 8.85859990376e-05, 6.24613949185e-06],
        "mean": [5.2027462516e-07, 1.40016823025e-06, 2.37617496168e-06, 3.32533431902e-06, 0.00011335927411, 0.000611822702922, 0.00136224157177, 0.00162182771601, 0.000969924032688, 0.000757404719479, 0.000557257793844, 0.000666824227665, 0.000562607252505, 0.000642052618787, 0.000744674995076, 0.000548246083781, 0.000339268677635, 0.000211246631807, 0.000155817222549, 0.000141554424772, 9.21065657167e-05, 6.22182269581e-05, 4.22479060944e-05, 2.82489399979e-05, 1.69379218278e-05, 4.94196365253e-06, 6.83150913616e-09],
        "min": [6.1525868937e-26, 1.35145697852e-24, 8.33282895389e-26, 1.01733770312e-24, 3.79040249666e-24, 3.84635324523e-24, 7.33539904318e-24, 5.68278198953e-24, 1.36652292019e-23, 8.40902216911e-24, 6.60693490658e-24, 1.88060006406e-23, 2.13531315294e-23, 3.15233235347e-23, 3.59729218696e-23, 5.32015304437e-23, 5.23196691486e-23, 8.91859759934e-23, 1.09986597233e-22, 1.29927019299e-22, 1.88034879609e-22, 2.81689102609e-22, 3.71662992875e-22, 5.2999098638e-22, 8.70501571806e-22, 1.05935997171e-21, 1.80884528244e-21],
        "stdev": [2.09344170798e-06, 4.48654009233e-06, 1.15495849968e-05, 1.16709461508e-05, 0.000418434327003, 0.00338648166507, 0.0056230481714, 0.0081938598305, 0.00383440824226, 0.00215892959386, 0.00111962493975, 0.00135793944355, 0.000915693293791, 0.00114503828809, 0.00148655776866, 0.00101748784073, 0.000632415642031, 0.000423010991653, 0.000324631400872, 0.000380304292776, 0.000199560075998, 0.000139463940286, 9.46236759773e-05, 6.45605541649e-05, 3.7710651668e-05, 1.18611533253e-05, 1.8229174259e-07]
    },
    "erbbands": {
        "max": [0.0022121896036, 0.0138440914452, 0.173503994942, 0.434955835342, 4.78557634354, 29.6292705536, 202.105880737, 566.41015625, 1030.56945801, 1517.64733887, 2508.30004883, 1456.7208252, 1820.83129883, 459.968658447, 511.472930908, 500.482666016, 299.074401855, 525.096130371, 856.889587402, 580.979614258, 417.993896484, 272.843811035, 267.0859375, 170.651382446, 103.551559448, 232.594284058, 92.2566146851, 70.1419448853, 45.4257965088, 25.9830951691, 16.5301933289, 10.4439992905, 8.65963745117, 3.64433884621, 1.59477090836, 0.664886415005, 0.174823060632, 0.00467498041689, 0.000926241453271, 0.000201077171369],
        "mean": [4.26699880336e-05, 0.000344821222825, 0.00230450183153, 0.00829230062664, 0.0769218429923, 0.48187059164, 1.74461042881, 6.56859588623, 17.5241222382, 28.9168701172, 28.2633495331, 21.558298111, 25.2843227386, 23.1238327026, 25.1949729919, 26.0741844177, 25.8290634155, 32.3968200684, 38.265007019, 34.6179389954, 28.3759880066, 19.1418781281, 12.6091794968, 9.31425952911, 6.80756807327, 6.85837364197, 4.44625091553, 3.37182068825, 2.35413575172, 1.63179337978, 1.12684094906, 0.721335113049, 0.40040692687, 0.220341697335, 0.103231802583, 0.0400775037706, 0.00471639074385, 0.000129440173623, 1.27127905216e-05, 1.37089509735e-05],
        "min": [4.58220679969e-23, 2.20738402167e-22, 3.92933308208e-22, 2.70129319182e-21, 7.91110933422e-21, 1.69676279411e-20, 3.23771610321e-20, 4.38356255375e-20, 5.8988046014e-20, 1.32528900265e-19, 1.88833456049e-19, 2.97750046289e-19, 4.11728762157e-19, 3.72528311037e-19, 6.70254834377e-19, 9.84238843025e-19, 1.2922272398e-18, 1.86423679885e-18, 1.84930370725e-18, 2.48151784942e-18, 3.16162719663e-18, 3.70247655181e-18, 4.84430012577e-18, 4.53450526993e-18, 5.32965289967e-18, 5.77526667618e-18, 7.4829851867e-18, 9.10010922217e-18, 9.43452097304e-18, 9.41109025501e-18, 1.01296240028e-17, 9.09301780278e-18, 9.40335280756e-18, 7.53058446787e-18, 5.69487299245e-18, 3.55226965156e-18, 1.95737175235e-18, 9.33243571851e-19, 2.16751603054e-19, 2.70563120483e-20],
        "stdev": [0.00014475856733, 0.00115330447443, 0.0106341317296, 0.0262423269451, 0.281500577927, 1.88843739033, 10.3881950378, 35.7598800659, 78.1395874023, 134.878707886, 145.009796143, 93.929359436, 96.044380188, 45.2813911438, 49.4586791992, 47.2448768616, 40.9126052856, 57.5296936035, 75.2044448853, 66.2774353027, 52.4242591858, 35.4878082275, 25.0754470825, 18.7626361847, 14.5769882202, 19.2087154388, 10.2103834152, 7.5059170723, 5.24855566025, 3.64729690552, 2.54190206528, 1.64051914215, 0.922641336918, 0.498341172934, 0.229699015617, 0.0920235365629, 0.0130564356223, 0.000368039269233, 3.46281158272e-05, 2.59967600869e-05]
    },
    "gfcc": {
        "mean": [-531.320922852, 24.2338352203, -138.680908203, -11.082690239, -52.0917854309, 8.95859050751, -30.819234848, 4.9933218956, -12.8308010101, 0.924128711224, -8.69898796082, -1.43269360065, -1.27849245071],
        "cov": [[333800.46875, 10749.1533203, -61209.625, -4530.33789062, -23681.4707031, 3639.55493164, -14056.2089844, 2121.82763672, -5959.28613281, 512.080444336, -4014.33886719, -649.408447266, -648.032165527], [10749.1533203, 901.686889648, -1933.95056152, -281.373748779, -852.285644531, -50.0750083923, -496.472869873, 39.7392997742, -75.2296676636, 6.79715204239, -31.3988761902, -51.6680603027, 25.5543136597], [-61209.625, -1933.95056152, 11834.4990234, 949.605163574, 4302.24072266, -869.296508789, 2534.85400391, -445.960662842, 1078.09802246, -55.2990570068, 734.272399902, 122.413665771, 101.668762207], [-4530.33789062, -281.373748779, 949.605163574, 171.250854492, 363.46484375, -23.9910030365, 193.657104492, -36.6886901855, 39.3597755432, 0.325116962194, 26.0451564789, 16.4331226349, -4.69142055511], [-23681.4707031, -852.285644531, 4302.24072266, 363.46484375, 1750.12536621, -179.321762085, 1026.05578613, -131.279098511, 405.637054443, -42.777130127, 262.523406982, 47.3595123291, 36.6210098267], [3639.55493164, -50.0750083923, -869.296508789, -23.9910030365, -179.321762085, 213.545288086, -98.9001083374, 63.9437522888, -89.4663619995, -6.44780683517, -76.3743438721, -4.31758642197, -13.8901948929], [-14056.2089844, -496.472869873, 2534.85400391, 193.657104492, 1026.05578613, -98.9001083374, 643.661254883, -58.3062477112, 256.15322876, -28.6285705566, 158.211578369, 21.2383232117, 25.0965118408], [2121.82763672, 39.7392997742, -445.960662842, -36.6886901855, -131.279098511, 63.9437522888, -58.3062477112, 51.7860984802, -26.8113517761, 1.39068055153, -30.0353088379, -6.71948671341, -5.71970844269], [-5959.28613281, -75.2296676636, 1078.09802246, 39.3597755432, 405.637054443, -89.4663619995, 256.15322876, -26.8113517761, 157.855316162, -2.00424647331, 97.1417236328, 2.19107842445, 21.7616519928], [512.080444336, 6.79715204239, -55.2990570068, 0.325116962194, -42.777130127, -6.44780683517, -28.6285705566, 1.39068055153, -2.00424647331, 26.6231174469, 2.56315469742, 5.58632564545, -3.17899489403], [-4014.33886719, -31.3988761902, 734.272399902, 26.0451564789, 262.523406982, -76.3743438721, 158.211578369, -30.0353088379, 97.1417236328, 2.56315469742, 89.1069335938, 12.7404651642, 22.7624340057], [-649.408447266, -51.6680603027, 122.413665771, 16.4331226349, 47.3595123291, -4.31758642197, 21.2383232117, -6.71948671341, 2.19107842445, 5.58632564545, 12.7404651642, 23.6494312286, 7.19965839386], [-648.032165527, 25.5543136597, 101.668762207, -4.69142055511, 36.6210098267, -13.8901948929, 25.0965118408, -5.71970844269, 21.7616519928, -3.17899489403, 22.7624340057, 7.19965839386, 25.7310714722]],
        "icov": [[0.000488749064971, -0.00110262155067, 0.000820415618364, -0.00205926620401, 0.00313173886389, -0.000490917766001, 0.000758132373448, -0.00218513328582, 0.00163831061218, -0.00140093942173, 0.00187464838382, -0.000532216916326, 0.000771574326791], [-0.00110262155067, 0.0100766895339, -0.00121224077884, 0.00460084667429, -0.00465828878805, 0.00325974402949, 0.00445258943364, 0.00553686590865, -0.0140923904255, 0.0113823739812, -0.0118187433109, 0.00900527276099, -0.00561050791293], [0.000820415618364, -0.00121224077884, 0.00787865463644, -0.00947428960353, -0.00164036708884, 0.012703942135, -0.00838277302682, 0.00260141352192, 0.00146625237539, -0.00751397572458, 0.00435253977776, -0.00157109450083, 0.00137594295666], [-0.00205926620401, 0.00460084667429, -0.00947428960353, 0.0343736819923, -0.0161387138069, -0.00729665020481, 0.00744135119021, 0.00337697984651, 0.00910806935281, -0.00316561595537, -0.00281739560887, 0.00777608994395, -0.00798406545073], [0.00313173886389, -0.00465828878805, -0.00164036708884, -0.0161387138069, 0.0474246405065, -0.0218082033098, -0.00262565142475, -0.00596166634932, -0.00357982795686, 0.00925065856427, 0.00380538054742, -0.0105520505458, 0.0127615006641], [-0.000490917766001, 0.00325974402949, 0.012703942135, -0.00729665020481, -0.0218082033098, 0.0407541282475, -0.0185197684914, 0.000771156337578, 0.00514192739502, -0.0114442724735, 0.00485584419221, 0.00254482962191, -0.0066252197139], [0.000758132373448, 0.00445258943364, -0.00838277302682, 0.00744135119021, -0.00262565142475, -0.0185197684914, 0.0578693859279, -0.0291253421456, -0.0121806440875, 0.0182070434093, -0.00551956798881, 0.0120119061321, -0.00595394102857], [-0.00218513328582, 0.00553686590865, 0.00260141352192, 0.00337697984651, -0.00596166634932, 0.000771156337578, -0.0291253421456, 0.0676676258445, -0.0247742943466, 0.00162175635342, 0.000486872828333, -0.00599363772199, 0.00455500511453], [0.00163831061218, -0.0140923904255, 0.00146625237539, 0.00910806935281, -0.00357982795686, 0.00514192739502, -0.0121806440875, -0.0247742943466, 0.0796665549278, -0.0400041304529, -0.00383016443811, 0.0191350020468, -0.00891778524965], [-0.00140093942173, 0.0113823739812, -0.00751397572458, -0.00316561595537, 0.00925065856427, -0.0114442724735, 0.0182070434093, 0.00162175635342, -0.0400041304529, 0.0825477093458, -0.0259879250079, -0.0160727519542, 0.0173026341945], [0.00187464838382, -0.0118187433109, 0.00435253977776, -0.00281739560887, 0.00380538054742, 0.00485584419221, -0.00551956798881, 0.000486872828333, -0.00383016443811, -0.0259879250079, 0.0708478912711, -0.0246301200241, -0.0118180429563], [-0.000532216916326, 0.00900527276099, -0.00157109450083, 0.00777608994395, -0.0105520505458, 0.00254482962191, 0.0120119061321, -0.00599363772199, 0.0191350020468, -0.0160727519542, -0.0246301200241, 0.0839871019125, -0.0312583334744], [0.000771574326791, -0.00561050791293, 0.00137594295666, -0.00798406545073, 0.0127615006641, -0.0066252197139, -0.00595394102857, 0.00455500511453, -0.00891778524965, 0.0173026341945, -0.0118180429563, -0.0312583334744, 0.0709364116192]]
    },
    "melbands": {
        "max": [1.71878455149e-05, 6.00463463343e-05, 0.000185574303032, 0.00114868173841, 0.00593529641628, 0.0109313474968, 0.0142201958224, 0.0223261527717, 0.0185723975301, 0.00845956709236, 0.0088336803019, 0.00225634244271, 0.00189510593191, 0.00251559354365, 0.000849488773383, 0.000817654537968, 0.00104217219632, 0.00142932496965, 0.000901838997379, 0.000604613334872, 0.000542695284821, 0.00027510811924, 0.000267084746156, 0.000186922043213, 0.00015978574811, 7.38607050152e-05, 0.000113563364721, 0.000206597687793, 9.12540563149e-05, 3.33667558152e-05, 3.82268081012e-05, 2.77855560853e-05, 2.49752229138e-05, 1.20908161989e-05, 1.09183947643e-05, 8.10804067441e-06, 6.33510808257e-06, 6.20382843408e-06, 5.30408487975e-06, 3.09367578666e-06],
        "mean": [4.03260656867e-07, 9.5175136039e-07, 2.65055564341e-06, 1.84125383385e-05, 5.37620180694e-05, 0.000149176776176, 0.000266884599114, 0.000344757048879, 0.000210658530705, 0.000135509020765, 0.000125119069708, 9.30409951252e-05, 8.02648137324e-05, 7.8620192653e-05, 5.95724231971e-05, 5.78533326916e-05, 5.91647185502e-05, 6.00552339165e-05, 5.40349428775e-05, 4.03964259021e-05, 3.1509425753e-05, 2.07606844924e-05, 1.36132057378e-05, 9.50652156462e-06, 7.3957571658e-06, 5.3957783166e-06, 4.36029904449e-06, 4.6985019253e-06, 2.96047187476e-06, 2.226625611e-06, 1.83426220701e-06, 1.37157860536e-06, 1.06670256628e-06, 8.54131883443e-07, 6.76437991842e-07, 5.19815557709e-07, 4.11310082882e-07, 2.95186453059e-07, 2.18527304696e-07, 1.74321669988e-07],
        "min": [6.90658174928e-25, 2.34351099938e-25, 6.88456119015e-25, 8.76143828434e-25, 1.05421182285e-24, 9.34696141655e-25, 1.05026219351e-24, 1.23136552747e-24, 1.66818699855e-24, 1.42809728065e-24, 1.45274681736e-24, 1.0574738613e-24, 1.58554593012e-24, 2.32950329489e-24, 1.55987896006e-24, 2.08782214872e-24, 2.89003748299e-24, 2.3072747723e-24, 2.64888862073e-24, 3.02285385209e-24, 2.71884559466e-24, 3.01583693433e-24, 3.87590634132e-24, 3.03948639263e-24, 3.02020249058e-24, 3.44619329586e-24, 2.77232503922e-24, 2.85398555355e-24, 3.43049969701e-24, 4.57208279549e-24, 4.3027869817e-24, 4.73884404655e-24, 4.91005368426e-24, 4.62386362531e-24, 5.2100133103e-24, 4.85869568388e-24, 4.89876902901e-24, 5.77817657222e-24, 5.2577488614e-24, 5.70320047078e-24],
        "stdev": [1.28780618525e-06, 3.9188912524e-06, 9.25949461816e-06, 6.94338814355e-05, 0.000297769991448, 0.000775757536758, 0.0011316727614, 0.00162342155818, 0.00105758802965, 0.000560375279747, 0.000472314393846, 0.000187338126125, 0.000161082018167, 0.000181043695193, 9.51698093559e-05, 9.84584039543e-05, 0.00010814104462, 0.000120087221148, 0.000106399980723, 7.60252441978e-05, 6.03019689152e-05, 3.90198692912e-05, 2.74223039014e-05, 1.9425242499e-05, 1.54410827236e-05, 1.14607000796e-05, 1.032363798e-05, 1.49175393744e-05, 7.50281333239e-06, 4.89955800731e-06, 4.19701291321e-06, 3.09024608214e-06, 2.49632853411e-06, 1.9422832338e-06, 1.56377484473e-06, 1.18307661978e-06, 9.53885887611e-07, 6.93715435318e-07, 5.05591572164e-07, 4.02064131322e-07]
    },
    "melbands128": {
        "max": [1.75412187673e-05, 2.03143281396e-05, 2.28190965572e-05, 2.67578379862e-05, 8.21625071694e-05, 9.27178043639e-05, 6.91284658387e-05, 0.000153646265971, 0.000581638771109, 0.00111205235589, 0.00234170560725, 0.00190730579197, 0.00667865294963, 0.0203247889876, 0.0181853696704, 0.0224088393152, 0.0197887793183, 0.0240019690245, 0.0167336724699, 0.0288007520139, 0.0512399375439, 0.0262925010175, 0.0287120044231, 0.0133643597364, 0.0157924555242, 0.010125271976, 0.0230658426881, 0.0137051772326, 0.00648234039545, 0.0033500471618, 0.00200636312366, 0.00470985518768, 0.00220025563613, 0.00250580324791, 0.00367979193106, 0.00322598800994, 0.00100953062065, 0.00120622769464, 0.00117619521916, 0.0010569508886, 0.00125034875236, 0.00127404241357, 0.00149180565495, 0.00142480537761, 0.00155817344785, 0.00230741593987, 0.00165780831594, 0.000885319022927, 0.00206637661904, 0.000627116125543, 0.000923000159673, 0.00075418286724, 0.00109751557466, 0.000607191119343, 0.000448995851912, 0.000391935900552, 0.000527954020072, 0.000501129834447, 0.00033105397597, 0.000343647436239, 0.00020684680203, 0.000225805022637, 0.000133420020575, 0.000348889501765, 0.000165705190739, 0.000109852313471, 0.000110696550109, 0.000146857506479, 9.97059614747e-05, 0.000292021373753, 0.000373702321667, 0.000459997128928, 0.00025105586974, 4.97368564538e-05, 5.2310180763e-05, 4.62939315184e-05, 4.03664562327e-05, 8.5048879555e-05, 5.26589828951e-05, 5.15860447194e-05, 3.08440103254e-05, 2.7641746783e-05, 4.14816240664e-05, 2.9366763556e-05, 2.34172512137e-05, 1.85105764103e-05, 1.97083845705e-05, 1.78229529411e-05, 1.34298079502e-05, 1.03102966023e-05, 1.33409093905e-05, 9.13813619263e-06, 1.15496986837e-05, 9.16257522476e-06, 9.69277061813e-06, 8.64024605107e-06, 8.26892846817e-06, 6.2103476921e-06, 5.77377204536e-06, 4.52156155006e-06, 3.58020724889e-06, 5.56240547667e-06, 3.51424068867e-06, 2.61682362179e-06, 2.28264752877e-06, 1.98662087314e-06, 2.19758294406e-06, 1.82573592156e-06, 1.58828720487e-06, 1.11447911877e-06, 1.21888433569e-06, 1.31305466766e-06, 3.74565416905e-07, 5.42666960257e-08, 3.33056640045e-08, 3.20858042357e-08, 3.08483905087e-08, 2.96444433445e-08, 2.86515593473e-08, 2.77414056171e-08, 2.69644928608e-08, 2.62552877217e-08, 2.56943462063e-08, 2.51761562708e-08, 2.47269831277e-08, 2.43959785706e-08, 2.41586057825e-08, 2.40087434378e-08],
        "mean": [2.92857407658e-07, 3.5816884747e-07, 4.12757685808e-07, 5.55764074761e-07, 9.95151367533e-07, 1.19869434911e-06, 1.27322414301e-06, 1.87553132491e-06, 5.46895944353e-06, 1.67326397786e-05, 2.79564465018e-05, 3.31690243911e-05, 4.54049986729e-05, 9.77170784608e-05, 0.000135698632221, 0.000162970667589, 0.000266316812485, 0.00030848744791, 0.000235718296608, 0.000311973271891, 0.000452891370514, 0.000305678142468, 0.000155031273607, 0.000139329582453, 0.000140409872984, 0.000117430441605, 0.000162838783581, 0.000121918950754, 0.000101612982689, 0.00010353239486, 8.56660117279e-05, 8.10468918644e-05, 7.73871724959e-05, 8.1139136455e-05, 8.95893317647e-05, 7.59434260544e-05, 6.26096734777e-05, 6.20896898909e-05, 5.53819991183e-05, 5.3553521866e-05, 5.64455986023e-05, 6.64834369672e-05, 6.21176295681e-05, 5.36626430403e-05, 5.44770009583e-05, 6.35672840872e-05, 6.5204432758e-05, 5.37648556929e-05, 5.29052522324e-05, 4.12710251112e-05, 4.03468984587e-05, 3.6792440369e-05, 3.40215810866e-05, 2.95464105875e-05, 2.42095702561e-05, 2.08201199712e-05, 1.71909814526e-05, 1.43267925523e-05, 1.27523508127e-05, 1.11059780465e-05, 9.63628644968e-06, 8.20328477857e-06, 7.16616614227e-06, 7.88112720329e-06, 6.52172775517e-06, 5.31194427822e-06, 4.69663655167e-06, 4.38397228208e-06, 4.05894070354e-06, 4.64812865175e-06, 4.84086376673e-06, 5.06942160428e-06, 3.43534361491e-06, 2.57095393863e-06, 2.30342243412e-06, 2.30017803915e-06, 2.12846794057e-06, 2.1145788196e-06, 1.80465985977e-06, 1.59677176725e-06, 1.3825078895e-06, 1.30602677473e-06, 1.22972505778e-06, 1.06958941615e-06, 9.09317293463e-07, 8.56353779e-07, 8.6901081886e-07, 7.79945537488e-07, 6.64522644911e-07, 6.11610403212e-07, 5.47094487047e-07, 5.02022658111e-07, 4.53212180673e-07, 4.18925139911e-07, 3.84109853258e-07, 3.38129638067e-07, 2.69617174808e-07, 2.44876645183e-07, 2.18412850472e-07, 2.09551345165e-07, 1.90511912024e-07, 1.69177667431e-07, 1.53897318e-07, 1.33622705789e-07, 1.11875856135e-07, 9.94008715338e-08, 9.46642586541e-08, 8.35473272787e-08, 6.97249760151e-08, 5.86590367391e-08, 4.38146834369e-08, 1.75081602549e-08, 5.46479661523e-09, 6.89774182216e-10, 2.97418478734e-10, 2.71335842683e-10, 8.05754837852e-11, 2.72314202437e-11, 2.64427698488e-11, 2.54838580793e-11, 2.47232772449e-11, 2.40846162458e-11, 2.35827711526e-11, 2.30874243334e-11, 2.26048728347e-11, 2.21655610533e-11, 2.18747225195e-11, 2.17286657417e-11],
        "min": [5.07165676722e-28, 1.02971542377e-25, 3.63963584419e-25, 2.23164263441e-25, 1.57983004121e-25, 3.80479077723e-26, 1.99887024236e-25, 3.214980186e-25, 9.82143536654e-26, 1.45134703298e-25, 2.00770326582e-25, 1.4534332003e-25, 1.49791102703e-25, 2.57268643222e-25, 5.25004312016e-26, 1.52160594343e-25, 3.25188088047e-25, 5.50001761033e-25, 5.12994077298e-25, 5.49341237936e-25, 2.62444655444e-25, 4.26197141707e-25, 2.63818506014e-25, 3.63948768625e-25, 3.55740547647e-25, 2.73244604971e-25, 6.35171572399e-25, 4.76753758008e-25, 5.79763658746e-25, 7.89144204894e-25, 4.60521712288e-25, 6.28444265207e-25, 6.52607617076e-25, 5.87835382136e-25, 1.6263162585e-25, 2.59544260414e-25, 7.51482111734e-25, 6.01942088666e-25, 7.27620893592e-25, 4.30117928317e-25, 9.87518366476e-25, 4.83534264007e-25, 6.54691491765e-25, 3.57570236561e-25, 8.55150267593e-25, 1.21080840393e-24, 1.27565060097e-24, 9.37363773414e-25, 1.14469052019e-24, 7.44145656011e-25, 1.24546266906e-24, 1.08707517651e-24, 1.07207853627e-24, 1.07965643274e-24, 1.63578345218e-24, 1.40238702185e-24, 2.05043822764e-24, 1.06717014511e-24, 1.87143030546e-24, 1.20189900886e-24, 1.61291200796e-24, 1.46622933769e-24, 1.05145475398e-24, 1.52496654019e-24, 1.35601403075e-24, 1.58911838533e-24, 2.17464930755e-24, 1.7646496989e-24, 2.35283405338e-24, 2.59608010236e-24, 1.53748862238e-24, 1.50916496601e-24, 2.20653723471e-24, 1.81076394362e-24, 1.92483894976e-24, 2.56925962045e-24, 2.50695794995e-24, 2.67702788086e-24, 2.65831965006e-24, 2.35820580171e-24, 2.59874684665e-24, 1.48760056569e-24, 2.00291271076e-24, 3.60010518606e-24, 1.95662333892e-24, 2.94066854804e-24, 3.19028307112e-24, 2.93618012671e-24, 3.09754517475e-24, 2.86838404001e-24, 2.43638408679e-24, 3.09376712266e-24, 2.72381660166e-24, 4.04681345086e-24, 3.03656741006e-24, 2.96887703072e-24, 3.58622557287e-24, 3.39544153509e-24, 3.3952810019e-24, 3.14799874609e-24, 4.23516898034e-24, 3.22502805526e-24, 3.17540811267e-24, 3.91690423142e-24, 3.37842225549e-24, 4.41314743904e-24, 3.55679317249e-24, 3.85273749653e-24, 4.03175330732e-24, 3.8396838207e-24, 4.70718626956e-24, 3.94558958052e-24, 3.18389980589e-24, 3.88393970635e-24, 4.49380728331e-24, 4.15767641261e-24, 4.35904854146e-24, 4.62105488606e-24, 5.27081792001e-24, 4.74934141862e-24, 4.33732410099e-24, 4.6618744936e-24, 4.80494349066e-24, 4.34637746317e-24, 4.71652164952e-24, 4.60449156806e-24, 4.74985181162e-24, 5.20063178199e-24],
        "stdev": [1.1552651813e-06, 1.29201134769e-06, 1.4794990193e-06, 1.98085240299e-06, 4.86729004479e-06, 5.70495058128e-06, 4.27282520832e-06, 6.98757139617e-06, 2.47962343565e-05, 6.95379276294e-05, 0.000130638785777, 0.000156562513439, 0.000298276048852, 0.000836644379888, 0.000971273111645, 0.00109815737233, 0.00155706366058, 0.00156982429326, 0.00119943008758, 0.00188878632616, 0.00262369238771, 0.00188462226652, 0.00117620872334, 0.000669825996738, 0.000872132543009, 0.000532768201083, 0.000899925362319, 0.00058962329058, 0.000305305438815, 0.000252528552664, 0.000184592499863, 0.000211659469642, 0.000183768133866, 0.000187218072824, 0.00027698156191, 0.000208304045373, 0.000115829687275, 0.000114135298645, 0.000103651327663, 0.000101018114947, 0.000111692068458, 0.000137945899041, 0.000130133295897, 0.000114958063932, 0.000117016927106, 0.000155557718244, 0.000155149144121, 0.000110379005491, 0.000147056372953, 8.45914182719e-05, 8.85969930096e-05, 7.74163054302e-05, 7.71340928623e-05, 6.42334707663e-05, 5.12119440828e-05, 4.30148029409e-05, 3.90930727008e-05, 3.23867061525e-05, 2.91107025987e-05, 2.59087082668e-05, 2.19593275688e-05, 1.89539168787e-05, 1.53403398144e-05, 2.05446522159e-05, 1.48467397594e-05, 1.24311545733e-05, 1.1571093637e-05, 1.11396329885e-05, 9.99613075692e-06, 1.49119914568e-05, 1.83554748219e-05, 2.24536379392e-05, 1.16348537631e-05, 6.20299942966e-06, 5.32808644493e-06, 5.45426155441e-06, 5.06648757437e-06, 5.45138436792e-06, 4.40503845311e-06, 4.15338035964e-06, 3.24956272379e-06, 3.09329334414e-06, 3.08293692797e-06, 2.73263844974e-06, 2.24098153012e-06, 2.06862068808e-06, 2.10634129871e-06, 2.01417287826e-06, 1.61204695814e-06, 1.47204491441e-06, 1.32691172894e-06, 1.22204414765e-06, 1.13748967578e-06, 1.01493503735e-06, 9.47111630012e-07, 8.49746356835e-07, 6.78143521782e-07, 6.06813614468e-07, 5.32318551905e-07, 5.18997751442e-07, 4.55684840972e-07, 4.2855364768e-07, 3.73891481331e-07, 3.19365057067e-07, 2.66982794983e-07, 2.33651462622e-07, 2.39168997496e-07, 2.06613307796e-07, 1.70950727352e-07, 1.48249029053e-07, 1.17198027283e-07, 6.66818706918e-08, 2.67955329036e-08, 3.20910875651e-09, 1.47974532627e-09, 1.4122488734e-09, 9.34163968402e-10, 8.64772642384e-10, 8.35805202826e-10, 8.09257272305e-10, 7.86603115976e-10, 7.65907670619e-10, 7.49551420931e-10, 7.3442846249e-10, 7.21329718179e-10, 7.11670666842e-10, 7.04752867176e-10, 7.00383917529e-10]
    },
    "mfcc": {
        "mean": [-909.847229004, 48.4886817932, -52.5964889526, -23.5051231384, -15.2538700104, -6.84715557098, -11.2351913452, -3.08246922493, -2.33377027512, -1.76842975616, -2.70864701271, -0.923209965229, -1.58873188496],
        "cov": [[83306.0546875, 10130.2041016, -10835.9960938, -4658.48046875, -3473.47143555, -1642.74230957, -2604.46728516, -936.375, -677.279418945, -432.548034668, -732.408569336, -318.922149658, -378.048736572], [10130.2041016, 1960.25378418, -1436.62280273, -688.029663086, -499.336578369, -335.151489258, -462.829559326, -153.370864868, -109.477989197, -54.5516586304, -36.343547821, 2.76616072655, -33.714756012], [-10835.9960938, -1436.62280273, 1885.37719727, 844.657348633, 453.274139404, 144.726486206, 280.943817139, 18.3193283081, 25.5858592987, 44.1202049255, 76.2011489868, 16.9797973633, 47.5744094849], [-4658.48046875, -688.029663086, 844.657348633, 418.205627441, 214.928009033, 72.7560348511, 131.66217041, 5.16345453262, 6.25460386276, 15.5631008148, 25.7501220703, -1.56213450432, 14.4564037323], [-3473.47143555, -499.336578369, 453.274139404, 214.928009033, 189.202392578, 103.685081482, 134.04107666, 50.252281189, 33.5948638916, 17.3007507324, 26.1934700012, 8.3697271347, 12.6055555344], [-1642.74230957, -335.151489258, 144.726486206, 72.7560348511, 103.685081482, 112.943840027, 109.395294189, 55.1952705383, 39.4133872986, 13.2253417969, 7.19067287445, 2.60085844994, 5.08808469772], [-2604.46728516, -462.829559326, 280.943817139, 131.66217041, 134.04107666, 109.395294189, 156.315155029, 76.8521270752, 50.5000648499, 23.1918506622, 15.3959302902, 3.63477063179, 9.05184555054], [-936.375, -153.370864868, 18.3193283081, 5.16345453262, 50.252281189, 55.1952705383, 76.8521270752, 72.0982055664, 44.4177207947, 17.6204833984, 12.5690345764, 4.84604120255, 2.12268042564], [-677.279418945, -109.477989197, 25.5858592987, 6.25460386276, 33.5948638916, 39.4133872986, 50.5000648499, 44.4177207947, 46.7635154724, 21.5421581268, 10.6079978943, 5.19083976746, 2.77240943909], [-432.548034668, -54.5516586304, 44.1202049255, 15.5631008148, 17.3007507324, 13.2253417969, 23.1918506622, 17.6204833984, 21.5421581268, 28.5263671875, 14.7222700119, 4.27496623993, 2.57706069946], [-732.408569336, -36.343547821, 76.2011489868, 25.7501220703, 26.1934700012, 7.19067287445, 15.3959302902, 12.5690345764, 10.6079978943, 14.7222700119, 31.9073829651, 15.2241678238, 5.89038085938], [-318.922149658, 2.76616072655, 16.9797973633, -1.56213450432, 8.3697271347, 2.60085844994, 3.63477063179, 4.84604120255, 5.19083976746, 4.27496623993, 15.2241678238, 25.2038173676, 10.5977258682], [-378.048736572, -33.714756012, 47.5744094849, 14.4564037323, 12.6055555344, 5.08808469772, 9.05184555054, 2.12268042564, 2.77240943909, 2.57706069946, 5.89038085938, 10.5977258682, 20.3209056854]],
        "icov": [[0.000154327557539, -6.84008991811e-05, 0.000892446725629, -0.000929363595787, 0.00121035182383, -0.000345137610566, 0.000423602381488, 0.00049891602248, 0.000220206798986, -0.000501314061694, 0.000752186344471, 0.000336458499078, 6.42399099888e-05], [-6.84008991811e-05, 0.00406768359244, 0.000624228152446, 0.00262495805509, -0.00123794889078, 0.00398365408182, 0.00691491598263, -0.00178519356996, 0.000267272582278, 0.000129865002236, -0.00296419742517, -0.000562384084333, 0.000123736914247], [0.000892446725629, 0.000624228152446, 0.0126795172691, -0.0173870231956, 0.00436550471932, 0.00292370910756, 0.000614100368693, 0.00657162023708, -0.00135735888034, -0.0025659527164, -0.000331752555212, 0.00112104380969, -0.00405479548499], [-0.000929363595787, 0.00262495805509, -0.0173870231956, 0.0393116027117, -0.0169085040689, 0.00599286798388, -0.00161758146714, 0.00134667649399, 0.00343813258223, 0.000650250294711, -0.000109793516458, 0.00332841440104, 0.00711710005999], [0.00121035182383, -0.00123794889078, 0.00436550471932, -0.0169085040689, 0.0462383329868, -0.0222034323961, -0.000623591593467, -0.00367686222307, 0.00380830746144, 0.00284080230631, -0.00450057489797, 0.000703217985574, -0.000131605062052], [-0.000345137610566, 0.00398365408182, 0.00292370910756, 0.00599286798388, -0.0222034323961, 0.0451486669481, -0.0184418763965, 0.00899732299149, -0.0109713766724, 0.00489248428494, 0.000331165414536, -0.00174542923924, 0.000514582497999], [0.000423602381488, 0.00691491598263, 0.000614100368693, -0.00161758146714, -0.000623591593467, -0.0184418763965, 0.0646145492792, -0.0371340587735, 0.00660413410515, -0.0101781897247, 0.00830778107047, 0.000724525307305, -0.00322872051038], [0.00049891602248, -0.00178519356996, 0.00657162023708, 0.00134667649399, -0.00367686222307, 0.00899732299149, -0.0371340587735, 0.0715810209513, -0.0361140631139, 0.00992846768349, -0.0127568533644, 0.00615313788876, 0.00322555471212], [0.000220206798986, 0.000267272582278, -0.00135735888034, 0.00343813258223, 0.00380830746144, -0.0109713766724, 0.00660413410515, -0.0361140631139, 0.0745313987136, -0.0377174280584, 0.0119120851159, -0.00693730125204, 0.00126718520187], [-0.000501314061694, 0.000129865002236, -0.0025659527164, 0.000650250294711, 0.00284080230631, 0.00489248428494, -0.0101781897247, 0.00992846768349, -0.0377174280584, 0.0744662806392, -0.0346262082458, 0.0108196781948, -0.00296023208648], [0.000752186344471, -0.00296419742517, -0.000331752555212, -0.000109793516458, -0.00450057489797, 0.000331165414536, 0.00830778107047, -0.0127568533644, 0.0119120851159, -0.0346262082458, 0.0775104537606, -0.0341475233436, 0.0083780689165], [0.000336458499078, -0.000562384084333, 0.00112104380969, 0.00332841440104, 0.000703217985574, -0.00174542923924, 0.000724525307305, 0.00615313788876, -0.00693730125204, 0.0108196781948, -0.0341475233436, 0.0750700235367, -0.0303084608167], [6.42399099888e-05, 0.000123736914247, -0.00405479548499, 0.00711710005999, -0.000131605062052, 0.000514582497999, -0.00322872051038, 0.00322555471212, 0.00126718520187, -0.00296023208648, 0.0083780689165, -0.0303084608167, 0.069675065577]]
    },
    "spectral_contrast_coeffs": {
        "max": [-0.386508643627, -0.450041174889, -0.565898776054, -0.729945540428, -0.620688021183, -0.698386788368],
        "mean": [-0.802766919136, -0.864080548286, -0.871686279774, -0.880580186844, -0.861268460751, -0.840246677399],
        "min": [-0.986472010612, -0.983373641968, -0.982015311718, -0.980068087578, -0.987390100956, -0.966637015343],
        "stdev": [0.145332708955, 0.0997581332922, 0.0789058059454, 0.0672576874495, 0.0797363519669, 0.0961780548096]
    },
    "spectral_contrast_valleys": {
        "max": [-7.59507226944, -4.03644752502, -5.18471002579, -5.28921461105, -5.85915470123, -8.61616706848],
        "mean": [-16.406496048, -14.6769971848, -14.4104709625, -14.4313325882, -14.9995794296, -16.9053897858],
        "min": [-27.9397411346, -28.221162796, -27.975484848, -28.1581287384, -27.587179184, -27.4227466583],
        "stdev": [8.43137073517, 9.77970600128, 10.0064077377, 9.96518039703, 9.54634189606, 8.08401298523]
    }
},
"rhythm": {
    "beats_count": 59,
    "beats_loudness": {
        "max": 0.15062597394,
        "mean": 0.0197735261172,
        "min": 0,
        "stdev": 0.0335066951811
    },
    "bpm": 178.205871582,
    "bpm_histogram_first_peak_bpm": 178,
    "bpm_histogram_first_peak_weight": 0,
    "bpm_histogram_second_peak_bpm": 110,
    "bpm_histogram_second_peak_spread": 0,
    "bpm_histogram_second_peak_weight": 0.103448279202,
    "danceability": 1.00035607815,
    "onset_rate": 0.403862297535,
    "beats_loudness_band_ratio": {
        "max": [0.0119080450386, 0.740181207657, 0.898838996887, 0.737471699715, 0.537931501865, 0.144226744771],
        "mean": [0.00087404367514, 0.0440559573472, 0.201733902097, 0.255792468786, 0.182311266661, 0.0292153377086],
        "min": [0, 0, 0, 0, 0, 0],
        "stdev": [0.00164004263934, 0.127657130361, 0.264300704002, 0.235084086657, 0.175844311714, 0.0399335063994]
    },
    "beats_position": [0.406349211931, 0.812698423862, 1.20743763447, 1.6137868166, 2.00852608681, 2.39165520668, 2.77478456497, 3.11147379875, 3.45977306366, 3.79646253586, 4.13315200806, 4.48145103455, 4.841360569, 5.20126962662, 5.54956912994, 5.88625860214, 6.2229475975, 6.54802703857, 6.91954612732, 7.26784563065, 7.60453510284, 7.92961454391, 8.26630401611, 8.60299301147, 8.92807197571, 9.25315189362, 9.57823085785, 9.90331077576, 10.2399997711, 10.7043991089, 11.1687984467, 11.6448068619, 12.2369155884, 12.8174142838, 13.3979139328, 13.9784126282, 14.5705213547, 15.15102005, 15.7431287766, 16.3352375031, 16.8344669342, 17.3453063965, 17.8561439514, 18.3669834137, 18.877822876, 19.4002723694, 19.9227199554, 20.4335594177, 20.9792289734, 21.5248966217, 22.0705661774, 22.616235733, 23.1619052887, 23.707572937, 24.2764625549, 24.8453502655, 25.4142398834, 25.9831295013, 26.5520172119],
